Date,Open,High,Low,Close,Volume,Dividends,Stock Splits
2003-10-15 00:00:00-04:00,12.602839469909668,12.602839469909668,12.602839469909668,12.602839469909668,1300,0.0,0.0
2003-10-16 00:00:00-04:00,12.602839469909668,12.602839469909668,12.602839469909668,12.602839469909668,0,0.0,0.0
2003-10-17 00:00:00-04:00,12.602839469909668,12.602839469909668,12.602839469909668,12.602839469909668,0,0.0,0.0
2003-10-20 00:00:00-04:00,12.602839469909668,12.602839469909668,12.602839469909668,12.602839469909668,0,0.0,0.0
2003-10-21 00:00:00-04:00,12.602839469909668,12.602839469909668,12.602839469909668,12.602839469909668,0,0.0,0.0
2003-10-22 00:00:00-04:00,12.602839469909668,12.602839469909668,12.602839469909668,12.602839469909668,0,0.0,0.0
2003-10-23 00:00:00-04:00,12.602839469909668,12.602839469909668,12.602839469909668,12.602839469909668,1500,0.0,0.0
2003-10-24 00:00:00-04:00,12.602839469909668,12.602839469909668,12.602839469909668,12.602839469909668,0,0.0,0.0
2003-10-27 00:00:00-05:00,13.009378401959529,13.009378401959529,12.196292251837058,12.399563789367676,3400,0.0,0.0
2003-10-28 00:00:00-05:00,12.399563789367676,12.399563789367676,12.399563789367676,12.399563789367676,0,0.0,0.0
2003-10-29 00:00:00-05:00,12.602839469909668,12.602839469909668,12.602839469909668,12.602839469909668,200,0.0,0.0
2003-10-30 00:00:00-05:00,12.602839469909668,12.602839469909668,12.602839469909668,12.602839469909668,0,0.0,0.0
2003-10-31 00:00:00-05:00,12.602839469909668,12.602839469909668,12.602839469909668,12.602839469909668,0,0.0,0.0
2003-11-03 00:00:00-05:00,12.602839469909668,12.602839469909668,12.602839469909668,12.602839469909668,0,0.0,0.0
2003-11-04 00:00:00-05:00,12.602839469909668,12.602839469909668,12.602839469909668,12.602839469909668,0,0.0,0.0
2003-11-05 00:00:00-05:00,12.602839469909668,12.602839469909668,12.602839469909668,12.602839469909668,0,0.0,0.0
2003-11-06 00:00:00-05:00,12.602839469909668,12.602839469909668,12.602839469909668,12.602839469909668,0,0.0,0.0
2003-11-07 00:00:00-05:00,12.602839469909668,12.602839469909668,12.602839469909668,12.602839469909668,0,0.0,0.0
2003-11-10 00:00:00-05:00,12.602839469909668,12.602839469909668,12.602839469909668,12.602839469909668,0,0.0,0.0
2003-11-11 00:00:00-05:00,12.602839469909668,12.602839469909668,12.602839469909668,12.602839469909668,0,0.0,0.0
2003-11-12 00:00:00-05:00,12.602839469909668,12.602839469909668,12.602839469909668,12.602839469909668,0,0.0,0.0
2003-11-13 00:00:00-05:00,12.602839469909668,12.602839469909668,12.602839469909668,12.602839469909668,0,0.0,0.0
2003-11-14 00:00:00-05:00,12.602839469909668,12.602839469909668,12.602839469909668,12.602839469909668,0,0.0,0.0
2003-11-17 00:00:00-05:00,12.602839469909668,12.602839469909668,12.602839469909668,12.602839469909668,0,0.0,0.0
2003-11-18 00:00:00-05:00,12.602839469909668,12.602839469909668,12.602839469909668,12.602839469909668,0,0.0,0.0
2003-11-19 00:00:00-05:00,12.602839469909668,12.602839469909668,12.602839469909668,12.602839469909668,0,0.0,0.0
2003-11-20 00:00:00-05:00,12.602839469909668,12.602839469909668,12.602839469909668,12.602839469909668,0,0.0,0.0
2003-11-21 00:00:00-05:00,12.602839469909668,12.602839469909668,12.602839469909668,12.602839469909668,0,0.0,0.0
2003-11-24 00:00:00-05:00,12.602839469909668,12.602839469909668,12.602839469909668,12.602839469909668,0,0.0,0.0
2003-11-25 00:00:00-05:00,11.789753913879395,11.789753913879395,11.789753913879395,11.789753913879395,100,0.0,0.0
2003-11-26 00:00:00-05:00,12.196294580187116,12.196294580187116,11.383208274841309,11.383208274841309,2000,0.0,0.0
2003-11-28 00:00:00-05:00,11.383208274841309,11.383208274841309,11.383208274841309,11.383208274841309,0,0.0,0.0
2003-12-01 00:00:00-05:00,11.383208274841309,11.383208274841309,11.383208274841309,11.383208274841309,0,0.0,0.0
2003-12-02 00:00:00-05:00,11.383208274841309,11.383208274841309,11.383208274841309,11.383208274841309,0,0.0,0.0
2003-12-03 00:00:00-05:00,11.383208274841309,11.383208274841309,11.383208274841309,11.383208274841309,0,0.0,0.0
2003-12-04 00:00:00-05:00,12.399563789367676,12.399563789367676,12.399563789367676,12.399563789367676,100,0.0,0.0
2003-12-05 00:00:00-05:00,12.399563789367676,12.399563789367676,12.399563789367676,12.399563789367676,0,0.0,0.0
2003-12-08 00:00:00-05:00,12.399563789367676,12.399563789367676,12.399563789367676,12.399563789367676,0,0.0,0.0
2003-12-09 00:00:00-05:00,12.399563789367676,12.399563789367676,12.399563789367676,12.399563789367676,0,0.0,0.0
2003-12-10 00:00:00-05:00,12.399563789367676,12.399563789367676,12.399563789367676,12.399563789367676,0,0.0,0.0
2003-12-11 00:00:00-05:00,12.399563789367676,12.399563789367676,12.399563789367676,12.399563789367676,2200,0.0,0.0
2003-12-12 00:00:00-05:00,12.399563789367676,12.399563789367676,12.399563789367676,12.399563789367676,0,0.0,0.0
2003-12-15 00:00:00-05:00,12.399563789367676,12.399563789367676,12.399563789367676,12.399563789367676,0,0.0,0.0
2003-12-16 00:00:00-05:00,12.399563789367676,12.399563789367676,12.399563789367676,12.399563789367676,0,0.0,0.0
2003-12-17 00:00:00-05:00,12.399563789367676,12.399563789367676,12.399563789367676,12.399563789367676,0,0.0,0.0
2003-12-18 00:00:00-05:00,12.399563789367676,12.399563789367676,12.399563789367676,12.399563789367676,0,0.0,0.0
2003-12-19 00:00:00-05:00,12.399563789367676,12.399563789367676,12.399563789367676,12.399563789367676,1100,0.0,0.0
2003-12-22 00:00:00-05:00,12.399563789367676,12.399563789367676,12.399563789367676,12.399563789367676,0,0.0,0.0
2003-12-23 00:00:00-05:00,12.196294580187116,12.196294580187116,11.383208274841309,11.383208274841309,700,0.0,0.0
2003-12-24 00:00:00-05:00,11.383208274841309,11.383208274841309,11.383208274841309,11.383208274841309,0,0.0,0.0
2003-12-26 00:00:00-05:00,11.383208274841309,11.383208274841309,11.383208274841309,11.383208274841309,0,0.0,0.0
2003-12-29 00:00:00-05:00,12.399563789367676,12.399563789367676,12.399563789367676,12.399563789367676,400,0.0,0.0
2003-12-30 00:00:00-05:00,11.789753913879395,11.789753913879395,11.789753913879395,11.789753913879395,500,0.0,0.0
2003-12-31 00:00:00-05:00,12.399563789367676,12.399563789367676,12.399563789367676,12.399563789367676,300,0.0,0.0
2004-01-02 00:00:00-05:00,12.399563789367676,12.399563789367676,12.399563789367676,12.399563789367676,0,0.0,0.0
2004-01-05 00:00:00-05:00,12.399563789367676,12.399563789367676,12.399563789367676,12.399563789367676,0,0.0,0.0
2004-01-06 00:00:00-05:00,12.399563789367676,12.399563789367676,12.399563789367676,12.399563789367676,0,0.0,0.0
2004-01-07 00:00:00-05:00,12.399563789367676,12.399563789367676,12.399563789367676,12.399563789367676,0,0.0,0.0
2004-01-08 00:00:00-05:00,12.399563789367676,12.399563789367676,12.399563789367676,12.399563789367676,1800,0.0,0.0
2004-01-09 00:00:00-05:00,12.399563789367676,12.399563789367676,12.399563789367676,12.399563789367676,0,0.0,0.0
2004-01-12 00:00:00-05:00,11.78975305249614,12.602839469909668,11.383209843789377,12.602839469909668,2500,0.0,0.0
2004-01-13 00:00:00-05:00,12.19629556325898,12.399567155979963,11.789752377817013,11.871061325073242,13400,0.0,0.0
2004-01-14 00:00:00-05:00,11.952366155071331,11.952366155071331,11.871058005968157,11.911711692810059,6000,0.0,0.0
2004-01-15 00:00:00-05:00,11.708443430560784,11.871061325073242,11.708443430560784,11.871061325073242,1200,0.0,0.0
2004-01-16 00:00:00-05:00,11.830403327941895,11.993020398601777,11.749094404902275,11.830403327941895,3500,0.0,0.0
2004-01-20 00:00:00-05:00,11.830403327941895,11.830403327941895,11.830403327941895,11.830403327941895,0,0.0,0.0
2004-01-21 00:00:00-05:00,11.586481196857177,11.586481196857177,11.464518547058105,11.464518547058105,1200,0.0,0.0
2004-01-22 00:00:00-05:00,11.464518547058105,11.464518547058105,11.464518547058105,11.464518547058105,0,0.0,0.0
2004-01-23 00:00:00-05:00,11.464518547058105,11.464518547058105,11.464518547058105,11.464518547058105,0,0.0,0.0
2004-01-26 00:00:00-05:00,11.423865154394662,11.789753913879395,11.423865154394662,11.789753913879395,2300,0.0,0.0
2004-01-27 00:00:00-05:00,11.464518547058105,11.464518547058105,11.464518547058105,11.464518547058105,300,0.0,0.0
2004-01-28 00:00:00-05:00,11.464518547058105,11.464518547058105,11.464518547058105,11.464518547058105,0,0.0,0.0
2004-01-29 00:00:00-05:00,11.464518547058105,11.464518547058105,11.464518547058105,11.464518547058105,0,0.0,0.0
2004-01-30 00:00:00-05:00,11.464518547058105,11.464518547058105,11.464518547058105,11.464518547058105,0,0.0,0.0
2004-02-02 00:00:00-05:00,11.464518547058105,11.464518547058105,11.464518547058105,11.464518547058105,0,0.0,0.0
2004-02-03 00:00:00-05:00,11.464518547058105,11.464518547058105,11.464518547058105,11.464518547058105,0,0.0,0.0
2004-02-04 00:00:00-05:00,11.586482048034668,11.586482048034668,11.586482048034668,11.586482048034668,2000,0.0,0.0
2004-02-05 00:00:00-05:00,11.586482048034668,11.586482048034668,11.586482048034668,11.586482048034668,0,0.0,0.0
2004-02-06 00:00:00-05:00,11.586482048034668,11.586482048034668,11.586482048034668,11.586482048034668,0,0.0,0.0
2004-02-09 00:00:00-05:00,11.586482048034668,11.586482048034668,11.586482048034668,11.586482048034668,0,0.0,0.0
2004-02-10 00:00:00-05:00,11.789753913879395,11.789753913879395,11.789753913879395,11.789753913879395,2000,0.0,0.0
2004-02-11 00:00:00-05:00,11.789753913879395,11.789753913879395,11.789753913879395,11.789753913879395,0,0.0,0.0
2004-02-12 00:00:00-05:00,11.789753913879395,11.789753913879395,11.789753913879395,11.789753913879395,100,0.0,0.0
2004-02-13 00:00:00-05:00,12.196296691894531,12.196296691894531,12.196296691894531,12.196296691894531,3500,0.0,0.0
2004-02-17 00:00:00-05:00,12.196296691894531,12.196296691894531,12.196296691894531,12.196296691894531,0,0.0,0.0
2004-02-18 00:00:00-05:00,12.196296691894531,12.196296691894531,12.196296691894531,12.196296691894531,0,0.0,0.0
2004-02-19 00:00:00-05:00,12.399563789367676,12.399563789367676,12.399563789367676,12.399563789367676,700,0.0,0.0
2004-02-20 00:00:00-05:00,12.399563789367676,12.399563789367676,12.399563789367676,12.399563789367676,0,0.0,0.0
2004-02-23 00:00:00-05:00,12.602839469909668,12.602839469909668,12.602839469909668,12.602839469909668,200,0.0,0.0
2004-02-24 00:00:00-05:00,12.602839469909668,12.602839469909668,12.602839469909668,12.602839469909668,0,0.0,0.0
2004-02-25 00:00:00-05:00,12.562180864308294,12.562180864308294,12.196292251837058,12.399563789367676,12200,0.0,0.0
2004-02-26 00:00:00-05:00,12.399563789367676,12.399563789367676,12.399563789367676,12.399563789367676,0,0.0,0.0
2004-02-27 00:00:00-05:00,12.399563789367676,12.399563789367676,12.399563789367676,12.399563789367676,0,0.0,0.0
2004-03-01 00:00:00-05:00,11.627137184143066,11.627137184143066,11.627137184143066,11.627137184143066,1000,0.0,0.0
2004-03-02 00:00:00-05:00,11.627137184143066,11.627137184143066,11.627137184143066,11.627137184143066,0,0.0,0.0
2004-03-03 00:00:00-05:00,11.627137184143066,11.627137184143066,11.627137184143066,11.627137184143066,0,0.0,0.0
2004-03-04 00:00:00-05:00,12.196296691894531,12.196296691894531,12.196296691894531,12.196296691894531,200,0.0,0.0
2004-03-05 00:00:00-05:00,12.196296691894531,12.196296691894531,12.196296691894531,12.196296691894531,0,0.0,0.0
2004-03-08 00:00:00-05:00,12.196296691894531,12.196296691894531,12.196296691894531,12.196296691894531,0,0.0,0.0
2004-03-09 00:00:00-05:00,12.196296691894531,12.196296691894531,12.196296691894531,12.196296691894531,0,0.0,0.0
2004-03-10 00:00:00-05:00,12.196296691894531,12.196296691894531,12.196296691894531,12.196296691894531,0,0.0,0.0
2004-03-11 00:00:00-05:00,12.196296691894531,12.196296691894531,12.196296691894531,12.196296691894531,0,0.0,0.0
2004-03-12 00:00:00-05:00,12.196296691894531,12.196296691894531,12.196296691894531,12.196296691894531,0,0.0,0.0
2004-03-15 00:00:00-05:00,12.39956988327154,12.39956988327154,12.114989280700684,12.114989280700684,40800,0.0,0.0
2004-03-16 00:00:00-05:00,12.114989280700684,12.114989280700684,12.114989280700684,12.114989280700684,0,0.0,0.0
2004-03-17 00:00:00-05:00,12.114989280700684,12.114989280700684,12.114989280700684,12.114989280700684,0,0.0,0.0
2004-03-18 00:00:00-05:00,12.114989280700684,12.114989280700684,12.114989280700684,12.114989280700684,200,0.0,0.0
2004-03-19 00:00:00-05:00,12.114989280700684,12.114989280700684,12.114989280700684,12.114989280700684,0,0.0,0.0
2004-03-22 00:00:00-05:00,12.114989280700684,12.114989280700684,12.114989280700684,12.114989280700684,0,0.0,0.0
2004-03-23 00:00:00-05:00,12.114989280700684,12.114989280700684,12.114989280700684,12.114989280700684,0,0.0,0.0
2004-03-24 00:00:00-05:00,12.196296261202905,12.602839469909668,12.196296261202905,12.602839469909668,1400,0.0,0.0
2004-03-25 00:00:00-05:00,12.602839469909668,12.602839469909668,12.602839469909668,12.602839469909668,0,0.0,0.0
2004-03-26 00:00:00-05:00,12.602839469909668,12.602839469909668,12.602839469909668,12.602839469909668,0,0.0,0.0
2004-03-29 00:00:00-05:00,12.399563789367676,12.399563789367676,12.399563789367676,12.399563789367676,200,0.0,0.0
2004-03-30 00:00:00-05:00,12.399563789367676,12.399563789367676,12.399563789367676,12.399563789367676,0,0.0,0.0
2004-03-31 00:00:00-05:00,12.399563789367676,12.399563789367676,12.399563789367676,12.399563789367676,0,0.0,0.0
2004-04-01 00:00:00-05:00,12.602835326898294,12.602835326898294,12.399563789367676,12.399563789367676,1400,0.0,0.0
2004-04-02 00:00:00-05:00,12.399563789367676,12.399563789367676,12.399563789367676,12.399563789367676,0,0.0,0.0
2004-04-05 00:00:00-04:00,12.602839469909668,12.602839469909668,12.602839469909668,12.602839469909668,1100,0.0,0.0
2004-04-06 00:00:00-04:00,12.602839469909668,12.602839469909668,12.602839469909668,12.602839469909668,0,0.0,0.0
2004-04-07 00:00:00-04:00,12.399563789367676,12.399563789367676,12.399563789367676,12.399563789367676,100,0.0,0.0
2004-04-08 00:00:00-04:00,12.114986397236699,12.123117446899414,12.114986397236699,12.123117446899414,900,0.0,0.0
2004-04-12 00:00:00-04:00,12.123117446899414,12.123117446899414,12.123117446899414,12.123117446899414,0,0.0,0.0
2004-04-13 00:00:00-04:00,12.123117446899414,12.123117446899414,12.123117446899414,12.123117446899414,0,0.0,0.0
2004-04-14 00:00:00-04:00,12.114989280700684,12.114989280700684,12.114989280700684,12.114989280700684,300,0.0,0.0
2004-04-15 00:00:00-04:00,12.114989280700684,12.114989280700684,12.114989280700684,12.114989280700684,0,0.0,0.0
2004-04-16 00:00:00-04:00,12.114989280700684,12.114989280700684,12.114989280700684,12.114989280700684,0,0.0,0.0
2004-04-19 00:00:00-04:00,12.602839469909668,12.602839469909668,12.602839469909668,12.602839469909668,200,0.0,0.0
2004-04-20 00:00:00-04:00,12.602835326898294,12.684144252078292,12.399563789367676,12.399563789367676,900,0.0,0.0
2004-04-21 00:00:00-04:00,12.399563789367676,12.399563789367676,12.399563789367676,12.399563789367676,0,0.0,0.0
2004-04-22 00:00:00-04:00,12.602839469909668,13.212654282969813,12.602839469909668,12.602839469909668,7000,0.0,0.0
2004-04-23 00:00:00-04:00,13.009382247924805,13.009382247924805,13.009382247924805,13.009382247924805,500,0.0,0.0
2004-04-26 00:00:00-04:00,13.009382247924805,13.009382247924805,13.009382247924805,13.009382247924805,400,0.0,0.0
2004-04-27 00:00:00-04:00,13.009382247924805,13.009382247924805,13.009382247924805,13.009382247924805,0,0.0,0.0
2004-04-28 00:00:00-04:00,13.009382247924805,13.009382247924805,13.009382247924805,13.009382247924805,800,0.0,0.0
2004-04-29 00:00:00-04:00,13.009382247924805,13.009382247924805,13.009382247924805,13.009382247924805,0,0.0,0.0
2004-04-30 00:00:00-04:00,13.009382247924805,13.009382247924805,13.009382247924805,13.009382247924805,0,0.0,0.0
2004-05-03 00:00:00-04:00,13.009382247924805,13.009382247924805,13.009382247924805,13.009382247924805,1000,0.0,0.0
2004-05-04 00:00:00-04:00,13.009382247924805,13.009382247924805,13.009382247924805,13.009382247924805,0,0.0,0.0
2004-05-05 00:00:00-04:00,13.009382247924805,13.009382247924805,13.009382247924805,13.009382247924805,100,0.0,0.0
2004-05-06 00:00:00-04:00,13.009382247924805,13.009382247924805,13.009382247924805,13.009382247924805,0,0.0,0.0
2004-05-07 00:00:00-04:00,13.009382247924805,13.009382247924805,13.009382247924805,13.009382247924805,200,0.0,0.0
2004-05-10 00:00:00-04:00,12.480876817465491,12.602839469909668,12.480876817465491,12.602839469909668,1100,0.0,0.0
2004-05-11 00:00:00-04:00,12.602839469909668,12.602839469909668,12.602839469909668,12.602839469909668,0,0.0,0.0
2004-05-12 00:00:00-04:00,12.602839469909668,12.602839469909668,12.602839469909668,12.602839469909668,0,0.0,0.0
2004-05-13 00:00:00-04:00,12.602839469909668,12.602839469909668,12.602839469909668,12.602839469909668,0,0.0,0.0
2004-05-14 00:00:00-04:00,12.602839469909668,12.602839469909668,12.602839469909668,12.602839469909668,0,0.0,0.0
2004-05-17 00:00:00-04:00,12.399563789367676,12.399563789367676,12.399563789367676,12.399563789367676,400,0.0,0.0
2004-05-18 00:00:00-04:00,12.399563789367676,12.399563789367676,12.399563789367676,12.399563789367676,0,0.0,0.0
2004-05-19 00:00:00-04:00,12.399563789367676,12.399563789367676,12.399563789367676,12.399563789367676,0,0.0,0.0
2004-05-20 00:00:00-04:00,12.399563789367676,12.399563789367676,12.399563789367676,12.399563789367676,0,0.0,0.0
2004-05-21 00:00:00-04:00,12.399563789367676,12.399563789367676,12.399563789367676,12.399563789367676,0,0.0,0.0
2004-05-24 00:00:00-04:00,12.399563789367676,12.399563789367676,12.399563789367676,12.399563789367676,0,0.0,0.0
2004-05-25 00:00:00-04:00,12.399563789367676,12.399563789367676,12.399563789367676,12.399563789367676,0,0.0,0.0
2004-05-26 00:00:00-04:00,12.399563789367676,12.399563789367676,12.399563789367676,12.399563789367676,0,0.0,0.0
2004-05-27 00:00:00-04:00,12.399563789367676,12.399563789367676,12.399563789367676,12.399563789367676,0,0.0,0.0
2004-05-28 00:00:00-04:00,12.399563789367676,12.399563789367676,12.399563789367676,12.399563789367676,0,0.0,0.0
2004-06-01 00:00:00-04:00,12.399563789367676,12.399563789367676,12.399563789367676,12.399563789367676,0,0.0,0.0
2004-06-02 00:00:00-04:00,12.399563789367676,12.399563789367676,12.399563789367676,12.399563789367676,500,0.0,0.0
2004-06-03 00:00:00-04:00,12.399563789367676,12.399563789367676,12.399563789367676,12.399563789367676,0,0.0,0.0
2004-06-04 00:00:00-04:00,12.399563789367676,12.399563789367676,12.399563789367676,12.399563789367676,0,0.0,0.0
2004-06-07 00:00:00-04:00,12.39956745505333,13.009382247924805,12.39956745505333,13.009382247924805,1300,0.0,0.0
2004-06-08 00:00:00-04:00,13.009382247924805,13.009382247924805,13.009382247924805,13.009382247924805,0,0.0,0.0
2004-06-09 00:00:00-04:00,13.009382247924805,13.009382247924805,13.009382247924805,13.009382247924805,1000,0.0,0.0
2004-06-10 00:00:00-04:00,13.009382247924805,13.009382247924805,13.009382247924805,13.009382247924805,0,0.0,0.0
2004-06-14 00:00:00-04:00,13.009380719454256,13.090689659118652,12.196294424488364,13.090689659118652,33500,0.0,0.0
2004-06-15 00:00:00-04:00,13.009382247924805,13.009382247924805,13.009382247924805,13.009382247924805,300,0.0,0.0
2004-06-16 00:00:00-04:00,13.009382247924805,13.009382247924805,13.009382247924805,13.009382247924805,0,0.0,0.0
2004-06-17 00:00:00-04:00,13.009382247924805,13.009382247924805,13.009382247924805,13.009382247924805,0,0.0,0.0
2004-06-18 00:00:00-04:00,12.31825891364708,12.602839469909668,12.31825891364708,12.602839469909668,600,0.0,0.0
2004-06-21 00:00:00-04:00,13.009382247924805,13.009382247924805,13.009382247924805,13.009382247924805,800,0.0,0.0
2004-06-22 00:00:00-04:00,13.009382247924805,13.009382247924805,13.009382247924805,13.009382247924805,3300,0.0,0.0
2004-06-23 00:00:00-04:00,13.009382247924805,13.009382247924805,13.009382247924805,13.009382247924805,0,0.0,0.0
2004-06-24 00:00:00-04:00,13.009382247924805,13.009382247924805,13.009382247924805,13.009382247924805,0,0.0,0.0
2004-06-25 00:00:00-04:00,13.009382247924805,13.009382247924805,13.009382247924805,13.009382247924805,0,0.0,0.0
2004-06-28 00:00:00-04:00,13.009382247924805,13.009382247924805,13.009382247924805,13.009382247924805,0,0.0,0.0
2004-06-29 00:00:00-04:00,12.602839469909668,12.602839469909668,12.602839469909668,12.602839469909668,500,0.0,0.0
2004-06-30 00:00:00-04:00,12.602839469909668,12.602839469909668,12.602839469909668,12.602839469909668,0,0.0,0.0
2004-07-01 00:00:00-04:00,12.399563789367676,12.399563789367676,12.399563789367676,12.399563789367676,1700,0.0,0.0
2004-07-02 00:00:00-04:00,12.399563789367676,12.399563789367676,12.399563789367676,12.399563789367676,0,0.0,0.0
2004-07-06 00:00:00-04:00,12.399563789367676,12.399563789367676,12.399563789367676,12.399563789367676,0,0.0,0.0
2004-07-07 00:00:00-04:00,12.399563789367676,12.399563789367676,12.399563789367676,12.399563789367676,0,0.0,0.0
2004-07-08 00:00:00-04:00,13.009382678616431,13.009382678616431,12.602839469909668,12.602839469909668,13600,0.0,0.0
2004-07-09 00:00:00-04:00,12.602839469909668,12.602839469909668,12.602839469909668,12.602839469909668,4900,0.0,0.0
2004-07-12 00:00:00-04:00,12.196296691894531,12.196296691894531,12.196296691894531,12.196296691894531,2000,0.0,0.0
2004-07-13 00:00:00-04:00,12.196296691894531,12.196296691894531,12.196296691894531,12.196296691894531,0,0.0,0.0
2004-07-14 00:00:00-04:00,12.196296691894531,12.196296691894531,12.196296691894531,12.196296691894531,0,0.0,0.0
2004-07-15 00:00:00-04:00,12.196296691894531,12.196296691894531,12.196296691894531,12.196296691894531,0,0.0,0.0
2004-07-16 00:00:00-04:00,12.196296691894531,12.196296691894531,12.196296691894531,12.196296691894531,0,0.0,0.0
2004-07-19 00:00:00-04:00,12.196296691894531,12.196296691894531,12.196296691894531,12.196296691894531,0,0.0,0.0
2004-07-20 00:00:00-04:00,12.602839469909668,12.602839469909668,12.602839469909668,12.602839469909668,100,0.0,0.0
2004-07-21 00:00:00-04:00,12.602839469909668,12.602839469909668,12.602839469909668,12.602839469909668,1100,0.0,0.0
2004-07-22 00:00:00-04:00,12.602839469909668,12.602839469909668,12.602839469909668,12.602839469909668,400,0.0,0.0
2004-07-23 00:00:00-04:00,12.602839469909668,12.602839469909668,12.602839469909668,12.602839469909668,0,0.0,0.0
2004-07-26 00:00:00-04:00,12.602839469909668,12.602839469909668,12.602839469909668,12.602839469909668,0,0.0,0.0
2004-07-27 00:00:00-04:00,12.602839469909668,12.602839469909668,12.602839469909668,12.602839469909668,0,0.0,0.0
2004-07-28 00:00:00-04:00,12.602839469909668,12.602839469909668,12.602839469909668,12.602839469909668,0,0.0,0.0
2004-07-29 00:00:00-04:00,12.602839469909668,12.602839469909668,12.602839469909668,12.602839469909668,0,0.0,0.0
2004-07-30 00:00:00-04:00,12.602839469909668,12.602839469909668,12.602839469909668,12.602839469909668,0,0.0,0.0
2004-08-02 00:00:00-04:00,12.602839469909668,12.602839469909668,12.602839469909668,12.602839469909668,1100,0.0,0.0
2004-08-03 00:00:00-04:00,12.602839469909668,12.602839469909668,12.602839469909668,12.602839469909668,0,0.0,0.0
2004-08-04 00:00:00-04:00,12.602839469909668,12.602839469909668,12.602839469909668,12.602839469909668,2600,0.0,0.0
2004-08-05 00:00:00-04:00,12.602839469909668,12.602839469909668,12.602839469909668,12.602839469909668,0,0.0,0.0
2004-08-06 00:00:00-04:00,12.602839469909668,12.602839469909668,12.602839469909668,12.602839469909668,0,0.0,0.0
2004-08-09 00:00:00-04:00,12.602839469909668,12.602839469909668,12.602839469909668,12.602839469909668,0,0.0,0.0
2004-08-10 00:00:00-04:00,12.602839469909668,12.602839469909668,12.602839469909668,12.602839469909668,0,0.0,0.0
2004-08-11 00:00:00-04:00,12.602839469909668,12.602839469909668,12.602839469909668,12.602839469909668,200,0.0,0.0
2004-08-12 00:00:00-04:00,12.602839469909668,12.602839469909668,12.602839469909668,12.602839469909668,0,0.0,0.0
2004-08-13 00:00:00-04:00,12.602839469909668,12.602839469909668,12.602839469909668,12.602839469909668,0,0.0,0.0
2004-08-16 00:00:00-04:00,12.602839469909668,12.602839469909668,12.602839469909668,12.602839469909668,1700,0.0,0.0
2004-08-17 00:00:00-04:00,12.602839469909668,12.602839469909668,12.602839469909668,12.602839469909668,0,0.0,0.0
2004-08-18 00:00:00-04:00,12.602839469909668,12.602839469909668,12.602839469909668,12.602839469909668,0,0.0,0.0
2004-08-19 00:00:00-04:00,12.602839469909668,12.602839469909668,12.602839469909668,12.602839469909668,0,0.0,0.0
2004-08-20 00:00:00-04:00,12.602839469909668,12.602839469909668,12.602839469909668,12.602839469909668,4500,0.0,0.0
2004-08-23 00:00:00-04:00,12.602839469909668,12.602839469909668,12.602839469909668,12.602839469909668,300,0.0,0.0
2004-08-24 00:00:00-04:00,12.602839469909668,12.602839469909668,12.602839469909668,12.602839469909668,0,0.0,0.0
2004-08-25 00:00:00-04:00,12.602839469909668,12.602839469909668,12.602839469909668,12.602839469909668,0,0.0,0.0
2004-08-26 00:00:00-04:00,12.602839469909668,12.602839469909668,12.602839469909668,12.602839469909668,0,0.0,0.0
2004-08-27 00:00:00-04:00,12.602839469909668,12.602839469909668,12.602839469909668,12.602839469909668,0,0.0,0.0
2004-08-30 00:00:00-04:00,12.602839052677155,13.009382247924805,12.602839052677155,13.009382247924805,5500,0.0,0.0
2004-08-31 00:00:00-04:00,13.009382247924805,13.009382247924805,13.009382247924805,13.009382247924805,0,0.0,0.0
2004-09-01 00:00:00-04:00,13.009382247924805,13.009382247924805,13.009382247924805,13.009382247924805,0,0.0,0.0
2004-09-02 00:00:00-04:00,12.602839469909668,12.602839469909668,12.602839469909668,12.602839469909668,400,0.0,0.0
2004-09-03 00:00:00-04:00,12.602839469909668,12.602839469909668,12.602839469909668,12.602839469909668,0,0.0,0.0
2004-09-07 00:00:00-04:00,13.009382247924805,13.009382247924805,13.009382247924805,13.009382247924805,300,0.0,0.0
2004-09-08 00:00:00-04:00,13.009382247924805,13.009382247924805,13.009382247924805,13.009382247924805,0,0.0,0.0
2004-09-09 00:00:00-04:00,12.602839469909668,12.602839469909668,12.602839469909668,12.602839469909668,300,0.0,0.0
2004-09-10 00:00:00-04:00,12.602839469909668,12.602839469909668,12.602839469909668,12.602839469909668,0,0.0,0.0
2004-09-13 00:00:00-04:00,12.602839469909668,12.602839469909668,12.602839469909668,12.602839469909668,0,0.0,0.0
2004-09-14 00:00:00-04:00,12.602839469909668,12.602839469909668,12.602839469909668,12.602839469909668,0,0.0,0.0
2004-09-15 00:00:00-04:00,12.602839469909668,12.602839469909668,12.602839469909668,12.602839469909668,0,0.0,0.0
2004-09-16 00:00:00-04:00,12.602839469909668,12.602839469909668,12.602839469909668,12.602839469909668,0,0.0,0.0
2004-09-17 00:00:00-04:00,12.602839469909668,12.602839469909668,12.602839469909668,12.602839469909668,0,0.0,0.0
2004-09-20 00:00:00-04:00,13.009382247924805,13.009382247924805,13.009382247924805,13.009382247924805,300,0.0,0.0
2004-09-21 00:00:00-04:00,13.009382247924805,13.009382247924805,13.009382247924805,13.009382247924805,0,0.0,0.0
2004-09-22 00:00:00-04:00,13.009382247924805,13.009382247924805,13.009382247924805,13.009382247924805,0,0.0,0.0
2004-09-23 00:00:00-04:00,13.009382247924805,13.009382247924805,13.009382247924805,13.009382247924805,0,0.0,0.0
2004-09-24 00:00:00-04:00,13.009382247924805,13.009382247924805,13.009382247924805,13.009382247924805,0,0.0,0.0
2004-09-27 00:00:00-04:00,13.009382247924805,13.009382247924805,13.009382247924805,13.009382247924805,0,0.0,0.0
2004-09-28 00:00:00-04:00,13.009382247924805,13.009382247924805,13.009382247924805,13.009382247924805,0,0.0,0.0
2004-09-29 00:00:00-04:00,13.009382247924805,13.009382247924805,13.009382247924805,13.009382247924805,0,0.0,0.0
2004-09-30 00:00:00-04:00,13.009382247924805,13.009382247924805,13.009382247924805,13.009382247924805,0,0.0,0.0
2004-10-01 00:00:00-04:00,12.724801063537598,12.724801063537598,12.724801063537598,12.724801063537598,200,0.0,0.0
2004-10-04 00:00:00-04:00,13.009382247924805,13.009382247924805,13.009382247924805,13.009382247924805,1300,0.0,0.0
2004-10-05 00:00:00-04:00,13.009382247924805,13.009382247924805,13.009382247924805,13.009382247924805,0,0.0,0.0
2004-10-06 00:00:00-04:00,12.846765518188477,12.846765518188477,12.846765518188477,12.846765518188477,100,0.0,0.0
2004-10-07 00:00:00-04:00,12.846765518188477,12.846765518188477,12.846765518188477,12.846765518188477,0,0.0,0.0
2004-10-08 00:00:00-04:00,12.846765518188477,12.846765518188477,12.846765518188477,12.846765518188477,0,0.0,0.0
2004-10-11 00:00:00-04:00,12.602839469909668,12.602839469909668,12.602839469909668,12.602839469909668,300,0.0,0.0
2004-10-12 00:00:00-04:00,12.602838421241795,12.724801063537598,12.602838421241795,12.724801063537598,1100,0.0,0.0
2004-10-13 00:00:00-04:00,12.724801063537598,12.724801063537598,12.724801063537598,12.724801063537598,0,0.0,0.0
2004-10-14 00:00:00-04:00,12.724801063537598,12.724801063537598,12.724801063537598,12.724801063537598,0,0.0,0.0
2004-10-15 00:00:00-04:00,12.724801063537598,12.724801063537598,12.724801063537598,12.724801063537598,0,0.0,0.0
2004-10-18 00:00:00-04:00,12.724801063537598,12.724801063537598,12.724801063537598,12.724801063537598,0,0.0,0.0
2004-10-19 00:00:00-04:00,12.765455536109387,12.765455536109387,12.724801063537598,12.724801063537598,700,0.0,0.0
2004-10-20 00:00:00-04:00,12.724801063537598,12.724801063537598,12.724801063537598,12.724801063537598,0,0.0,0.0
2004-10-21 00:00:00-04:00,13.009380328541413,13.009380328541413,12.765454292297363,12.765454292297363,5500,0.0,0.0
2004-10-22 00:00:00-04:00,12.765454292297363,12.765454292297363,12.765454292297363,12.765454292297363,0,0.0,0.0
2004-10-25 00:00:00-04:00,12.765454292297363,12.765454292297363,12.765454292297363,12.765454292297363,0,0.0,0.0
2004-10-26 00:00:00-04:00,12.765454292297363,12.765454292297363,12.765454292297363,12.765454292297363,0,0.0,0.0
2004-10-27 00:00:00-04:00,12.765454292297363,12.765454292297363,12.765454292297363,12.765454292297363,0,0.0,0.0
2004-10-28 00:00:00-04:00,12.765454292297363,12.765454292297363,12.765454292297363,12.765454292297363,0,0.0,0.0
2004-10-29 00:00:00-04:00,12.765454292297363,12.765454292297363,12.765454292297363,12.765454292297363,0,0.0,0.0
2004-11-01 00:00:00-05:00,12.765454292297363,12.765454292297363,12.765454292297363,12.765454292297363,0,0.0,0.0
2004-11-02 00:00:00-05:00,12.765454292297363,12.765454292297363,12.765454292297363,12.765454292297363,0,0.0,0.0
2004-11-03 00:00:00-05:00,12.765454292297363,12.765454292297363,12.765454292297363,12.765454292297363,0,0.0,0.0
2004-11-04 00:00:00-05:00,12.765454292297363,12.765454292297363,12.765454292297363,12.765454292297363,0,0.0,0.0
2004-11-05 00:00:00-05:00,12.765454292297363,12.765454292297363,12.765454292297363,12.765454292297363,0,0.0,0.0
2004-11-08 00:00:00-05:00,12.765454292297363,12.765454292297363,12.765454292297363,12.765454292297363,0,0.0,0.0
2004-11-09 00:00:00-05:00,12.765454292297363,12.765454292297363,12.765454292297363,12.765454292297363,0,0.0,0.0
2004-11-10 00:00:00-05:00,12.277603149414062,12.277603149414062,12.277603149414062,12.277603149414062,1000,0.0,0.0
2004-11-11 00:00:00-05:00,12.277603149414062,12.277603149414062,12.277603149414062,12.277603149414062,0,0.0,0.0
2004-11-12 00:00:00-05:00,12.277603149414062,12.277603149414062,12.277603149414062,12.277603149414062,0,0.0,0.0
2004-11-15 00:00:00-05:00,12.277603149414062,12.277603149414062,12.277603149414062,12.277603149414062,0,0.0,0.0
2004-11-16 00:00:00-05:00,12.277603149414062,12.277603149414062,12.277603149414062,12.277603149414062,0,0.0,0.0
2004-11-17 00:00:00-05:00,12.277603149414062,12.277603149414062,12.277603149414062,12.277603149414062,0,0.0,0.0
2004-11-18 00:00:00-05:00,12.277603149414062,12.277603149414062,12.277603149414062,12.277603149414062,0,0.0,0.0
2004-11-19 00:00:00-05:00,12.277603149414062,12.277603149414062,12.277603149414062,12.277603149414062,0,0.0,0.0
2004-11-22 00:00:00-05:00,12.277603149414062,12.277603149414062,12.277603149414062,12.277603149414062,0,0.0,0.0
2004-11-23 00:00:00-05:00,12.277603149414062,12.277603149414062,12.277603149414062,12.277603149414062,0,0.0,0.0
2004-11-24 00:00:00-05:00,13.009382247924805,13.009382247924805,13.009382247924805,13.009382247924805,3000,0.0,0.0
2004-11-26 00:00:00-05:00,13.009382247924805,13.009382247924805,13.009382247924805,13.009382247924805,0,0.0,0.0
2004-11-29 00:00:00-05:00,13.009382247924805,13.009382247924805,13.009382247924805,13.009382247924805,0,0.0,0.0
2004-11-30 00:00:00-05:00,13.009382247924805,13.009382247924805,13.009382247924805,13.009382247924805,0,0.0,0.0
2004-12-01 00:00:00-05:00,13.009382247924805,13.009382247924805,13.009382247924805,13.009382247924805,0,0.0,0.0
2004-12-02 00:00:00-05:00,12.684148788452148,12.684148788452148,12.684148788452148,12.684148788452148,700,0.0,0.0
2004-12-03 00:00:00-05:00,12.684148788452148,12.684148788452148,12.684148788452148,12.684148788452148,0,0.0,0.0
2004-12-06 00:00:00-05:00,12.684148788452148,12.684148788452148,12.684148788452148,12.684148788452148,0,0.0,0.0
2004-12-07 00:00:00-05:00,12.602839469909668,12.602839469909668,12.602839469909668,12.602839469909668,1500,0.0,0.0
2004-12-08 00:00:00-05:00,12.602839469909668,12.602839469909668,12.602839469909668,12.602839469909668,0,0.0,0.0
2004-12-09 00:00:00-05:00,12.602839469909668,12.602839469909668,12.602839469909668,12.602839469909668,0,0.0,0.0
2004-12-10 00:00:00-05:00,12.602839469909668,12.602839469909668,12.602839469909668,12.602839469909668,1100,0.0,0.0
2004-12-13 00:00:00-05:00,12.602839469909668,12.602839469909668,12.602839469909668,12.602839469909668,300,0.0,0.0
2004-12-14 00:00:00-05:00,12.602839469909668,12.602839469909668,12.602839469909668,12.602839469909668,0,0.0,0.0
2004-12-15 00:00:00-05:00,12.602839469909668,12.602839469909668,12.602839469909668,12.602839469909668,0,0.0,0.0
2004-12-16 00:00:00-05:00,12.602839469909668,12.602839469909668,12.602839469909668,12.602839469909668,0,0.0,0.0
2004-12-17 00:00:00-05:00,12.602839469909668,12.602839469909668,12.602839469909668,12.602839469909668,0,0.0,0.0
2004-12-20 00:00:00-05:00,12.602839469909668,12.602839469909668,12.602839469909668,12.602839469909668,0,0.0,0.0
2004-12-21 00:00:00-05:00,12.602839469909668,12.602839469909668,12.602839469909668,12.602839469909668,0,0.0,0.0
2004-12-22 00:00:00-05:00,12.602839469909668,12.602839469909668,12.602839469909668,12.602839469909668,0,0.0,0.0
2004-12-23 00:00:00-05:00,12.602839469909668,12.602839469909668,12.602839469909668,12.602839469909668,0,0.0,0.0
2004-12-27 00:00:00-05:00,12.602839469909668,12.602839469909668,12.602839469909668,12.602839469909668,0,0.0,0.0
2004-12-28 00:00:00-05:00,12.602839469909668,12.602839469909668,12.602839469909668,12.602839469909668,200,0.0,0.0
2004-12-29 00:00:00-05:00,12.602839469909668,12.602839469909668,12.602839469909668,12.602839469909668,0,0.0,0.0
2004-12-30 00:00:00-05:00,12.602839469909668,12.602839469909668,12.602839469909668,12.602839469909668,0,0.0,0.0
2004-12-31 00:00:00-05:00,12.602839469909668,12.602839469909668,12.602839469909668,12.602839469909668,0,0.0,0.0
2005-01-03 00:00:00-05:00,12.602839469909668,12.602839469909668,12.602839469909668,12.602839469909668,0,0.0,0.0
2005-01-04 00:00:00-05:00,12.602839469909668,12.602839469909668,12.602839469909668,12.602839469909668,0,0.0,0.0
2005-01-05 00:00:00-05:00,12.602839469909668,12.602839469909668,12.602839469909668,12.602839469909668,0,0.0,0.0
2005-01-06 00:00:00-05:00,12.602839469909668,12.602839469909668,12.602839469909668,12.602839469909668,0,0.0,0.0
2005-01-07 00:00:00-05:00,12.277603149414062,12.399565781357978,12.277603149414062,12.277603149414062,3700,0.0,0.0
2005-01-10 00:00:00-05:00,12.277603149414062,12.277603149414062,12.277603149414062,12.277603149414062,800,0.0,0.0
2005-01-11 00:00:00-05:00,12.399563789367676,12.399563789367676,12.399563789367676,12.399563789367676,500,0.0,0.0
2005-01-12 00:00:00-05:00,12.318258899634666,12.39956785145138,12.318258899634666,12.375175476074219,5400,0.0,0.0
2005-01-13 00:00:00-05:00,12.375175476074219,12.375175476074219,12.375175476074219,12.375175476074219,0,0.0,0.0
2005-01-14 00:00:00-05:00,12.31826114654541,12.31826114654541,12.31826114654541,12.31826114654541,2500,0.0,0.0
2005-01-18 00:00:00-05:00,12.358913389601684,12.806111074263049,12.358913389601684,12.602839469909668,3500,0.0,0.0
2005-01-19 00:00:00-05:00,12.602839469909668,12.602839469909668,12.602839469909668,12.602839469909668,400,0.0,0.0
2005-01-20 00:00:00-05:00,12.602839469909668,12.602839469909668,12.602839469909668,12.602839469909668,0,0.0,0.0
2005-01-21 00:00:00-05:00,12.602839469909668,12.602839469909668,12.602839469909668,12.602839469909668,0,0.0,0.0
2005-01-24 00:00:00-05:00,12.602839469909668,12.602839469909668,12.602839469909668,12.602839469909668,0,0.0,0.0
2005-01-25 00:00:00-05:00,12.602839469909668,12.602839469909668,12.602839469909668,12.602839469909668,0,0.0,0.0
2005-01-26 00:00:00-05:00,12.602839469909668,12.602839469909668,12.602839469909668,12.602839469909668,0,0.0,0.0
2005-01-27 00:00:00-05:00,12.602839469909668,12.602839469909668,12.602839469909668,12.602839469909668,0,0.0,0.0
2005-01-28 00:00:00-05:00,12.602839469909668,12.602839469909668,12.602839469909668,12.602839469909668,0,0.0,0.0
2005-01-31 00:00:00-05:00,12.602839469909668,12.602839469909668,12.602839469909668,12.602839469909668,0,0.0,0.0
2005-02-01 00:00:00-05:00,12.806111335754395,12.806111335754395,12.806111335754395,12.806111335754395,1000,0.0,0.0
2005-02-02 00:00:00-05:00,12.806111335754395,12.806111335754395,12.806111335754395,12.806111335754395,0,0.0,0.0
2005-02-03 00:00:00-05:00,12.806111335754395,12.806111335754395,12.806111335754395,12.806111335754395,0,0.0,0.0
2005-02-04 00:00:00-05:00,12.806111335754395,12.806111335754395,12.806111335754395,12.806111335754395,0,0.0,0.0
2005-02-07 00:00:00-05:00,12.806111335754395,12.806111335754395,12.806111335754395,12.806111335754395,0,0.0,0.0
2005-02-08 00:00:00-05:00,12.806111335754395,12.806111335754395,12.806111335754395,12.806111335754395,1100,0.0,0.0
2005-02-09 00:00:00-05:00,12.806111335754395,12.806111335754395,12.806111335754395,12.806111335754395,0,0.0,0.0
2005-02-10 00:00:00-05:00,12.806111335754395,12.806111335754395,12.806111335754395,12.806111335754395,1000,0.0,0.0
2005-02-11 00:00:00-05:00,12.806111335754395,12.806111335754395,12.806111335754395,12.806111335754395,0,0.0,0.0
2005-02-14 00:00:00-05:00,12.806111335754395,12.806111335754395,12.806111335754395,12.806111335754395,0,0.0,0.0
2005-02-15 00:00:00-05:00,12.806111335754395,12.806111335754395,12.806111335754395,12.806111335754395,0,0.0,0.0
2005-02-16 00:00:00-05:00,12.806111335754395,12.806111335754395,12.806111335754395,12.806111335754395,0,0.0,0.0
2005-02-17 00:00:00-05:00,12.399563789367676,12.399563789367676,12.399563789367676,12.399563789367676,200,0.0,0.0
2005-02-18 00:00:00-05:00,12.399563789367676,12.399563789367676,12.399563789367676,12.399563789367676,0,0.0,0.0
2005-02-22 00:00:00-05:00,12.399563789367676,12.399563789367676,12.399563789367676,12.399563789367676,0,0.0,0.0
2005-02-23 00:00:00-05:00,12.399563789367676,12.399563789367676,12.399563789367676,12.399563789367676,0,0.0,0.0
2005-02-24 00:00:00-05:00,12.399563789367676,12.399563789367676,12.399563789367676,12.399563789367676,0,0.0,0.0
2005-02-25 00:00:00-05:00,12.399563789367676,12.399563789367676,12.399563789367676,12.399563789367676,0,0.0,0.0
2005-02-28 00:00:00-05:00,12.806112316292777,14.63555693290603,12.806112316292777,14.43228530883789,4000,0.0,0.0
2005-03-01 00:00:00-05:00,14.229011284677606,15.448640823364258,14.229011284677606,15.448640823364258,3600,0.0,0.0
2005-03-02 00:00:00-05:00,15.042094230651855,15.042094230651855,15.042094230651855,15.042094230651855,800,0.0,0.0
2005-03-03 00:00:00-05:00,15.042094230651855,15.042094230651855,15.042094230651855,15.042094230651855,0,0.0,0.0
2005-03-04 00:00:00-05:00,15.042102117157071,15.042102117157071,14.879484176635742,14.879484176635742,2600,0.0,0.0
2005-03-07 00:00:00-05:00,14.879484176635742,14.879484176635742,14.879484176635742,14.879484176635742,0,0.0,0.0
2005-03-08 00:00:00-05:00,14.879484176635742,14.879484176635742,14.879484176635742,14.879484176635742,0,0.0,0.0
2005-03-09 00:00:00-05:00,15.16405684667857,15.16405684667857,15.042094230651855,15.042094230651855,8000,0.0,0.0
2005-03-10 00:00:00-05:00,15.042094230651855,15.042094230651855,15.042094230651855,15.042094230651855,3500,0.0,0.0
2005-03-11 00:00:00-05:00,15.042094230651855,15.042094230651855,15.042094230651855,15.042094230651855,0,0.0,0.0
2005-03-14 00:00:00-05:00,15.042094230651855,15.042094230651855,15.042094230651855,15.042094230651855,1900,0.0,0.0
2005-03-15 00:00:00-05:00,15.001445770263672,15.001445770263672,15.001445770263672,15.001445770263672,200,0.0,0.0
2005-03-16 00:00:00-05:00,15.001443019079511,15.042096714187638,14.960787773132324,14.960787773132324,3900,0.0,0.0
2005-03-17 00:00:00-05:00,14.960788543795388,14.960788543795388,14.066393247792803,14.635554313659668,3900,0.0,0.0
2005-03-18 00:00:00-05:00,14.635554313659668,14.716863258903384,14.635554313659668,14.635554313659668,1900,0.0,0.0
2005-03-21 00:00:00-05:00,14.798172950744629,14.798172950744629,14.798172950744629,14.798172950744629,200,0.0,0.0
2005-03-22 00:00:00-05:00,14.798172950744629,14.798172950744629,14.798172950744629,14.798172950744629,0,0.0,0.0
2005-03-23 00:00:00-05:00,14.63555693290603,14.63555693290603,14.43228530883789,14.43228530883789,1800,0.0,0.0
2005-03-24 00:00:00-05:00,13.415928134610608,13.415928134610608,13.253310203552246,13.253310203552246,4000,0.0,0.0
2005-03-28 00:00:00-05:00,13.619199269059775,14.025742530822754,13.619199269059775,14.025742530822754,2100,0.0,0.0
2005-03-29 00:00:00-05:00,13.822470292899915,13.822470292899915,13.293964385986328,13.293964385986328,800,0.0,0.0
2005-03-30 00:00:00-05:00,13.619196891784668,13.619196891784668,13.619196891784668,13.619196891784668,1000,0.0,0.0
2005-03-31 00:00:00-05:00,13.627331733703613,13.627331733703613,13.627331733703613,13.627331733703613,300,0.0,0.0
2005-04-01 00:00:00-05:00,13.619196891784668,13.619196891784668,13.619196891784668,13.619196891784668,300,0.0,0.0
2005-04-04 00:00:00-04:00,13.619196891784668,13.619196891784668,13.619196891784668,13.619196891784668,500,0.0,0.0
2005-04-05 00:00:00-04:00,13.619196891784668,13.619196891784668,13.619196891784668,13.619196891784668,2000,0.0,0.0
2005-04-06 00:00:00-04:00,13.619196891784668,13.619196891784668,13.619196891784668,13.619196891784668,200,0.0,0.0
2005-04-07 00:00:00-04:00,13.619196891784668,13.619196891784668,13.619196891784668,13.619196891784668,0,0.0,0.0
2005-04-08 00:00:00-04:00,13.619196891784668,13.619196891784668,13.619196891784668,13.619196891784668,0,0.0,0.0
2005-04-11 00:00:00-04:00,13.619196891784668,13.619196891784668,13.619196891784668,13.619196891784668,1200,0.0,0.0
2005-04-12 00:00:00-04:00,13.822470292899915,13.822470292899915,13.293964385986328,13.293964385986328,1100,0.0,0.0
2005-04-13 00:00:00-04:00,13.293962692409728,13.293962692409728,13.13134479522705,13.13134479522705,600,0.0,0.0
2005-04-14 00:00:00-04:00,12.968729858003163,12.968729858003163,12.643495559692383,12.643495559692383,1000,0.0,0.0
2005-04-15 00:00:00-04:00,12.887419700622559,12.887419700622559,12.887419700622559,12.887419700622559,2000,0.0,0.0
2005-04-18 00:00:00-04:00,12.887419700622559,12.887419700622559,12.887419700622559,12.887419700622559,0,0.0,0.0
2005-04-19 00:00:00-04:00,13.822467803955078,13.822467803955078,13.822467803955078,13.822467803955078,500,0.0,0.0
2005-04-20 00:00:00-04:00,13.822467803955078,13.822467803955078,13.822467803955078,13.822467803955078,900,0.0,0.0
2005-04-21 00:00:00-04:00,13.822467803955078,13.822467803955078,13.822467803955078,13.822467803955078,0,0.0,0.0
2005-04-22 00:00:00-04:00,13.822467803955078,13.822467803955078,13.822467803955078,13.822467803955078,0,0.0,0.0
2005-04-25 00:00:00-04:00,13.822467803955078,13.822467803955078,13.822467803955078,13.822467803955078,0,0.0,0.0
2005-04-26 00:00:00-04:00,13.293964385986328,13.293964385986328,13.293964385986328,13.293964385986328,400,0.0,0.0
2005-04-27 00:00:00-04:00,13.293964385986328,13.293964385986328,13.293964385986328,13.293964385986328,0,0.0,0.0
2005-04-28 00:00:00-04:00,13.293964385986328,13.293964385986328,13.293964385986328,13.293964385986328,0,0.0,0.0
2005-04-29 00:00:00-04:00,13.293964385986328,13.293964385986328,13.293964385986328,13.293964385986328,0,0.0,0.0
2005-05-02 00:00:00-04:00,13.293964385986328,13.293964385986328,13.293964385986328,13.293964385986328,0,0.0,0.0
2005-05-03 00:00:00-04:00,13.293964385986328,13.293964385986328,13.293964385986328,13.293964385986328,0,0.0,0.0
2005-05-04 00:00:00-04:00,13.293964385986328,13.293964385986328,13.293964385986328,13.293964385986328,0,0.0,0.0
2005-05-05 00:00:00-04:00,13.293964385986328,13.293964385986328,13.293964385986328,13.293964385986328,0,0.0,0.0
2005-05-06 00:00:00-04:00,13.050035947113884,13.050035947113884,13.009382247924805,13.009382247924805,200,0.0,0.0
2005-05-09 00:00:00-04:00,12.60283878493503,12.60283878493503,12.56218431119003,12.57031536102295,4000,0.0,0.0
2005-05-10 00:00:00-04:00,13.822469916710485,13.822469916710485,13.212655067443848,13.212655067443848,600,0.0,0.0
2005-05-11 00:00:00-04:00,12.968726358085359,13.050034523010254,12.968726358085359,13.050034523010254,800,0.0,0.0
2005-05-12 00:00:00-04:00,13.050035947113884,13.050035947113884,13.009382247924805,13.009382247924805,2400,0.0,0.0
2005-05-13 00:00:00-04:00,13.009382247924805,13.009382247924805,13.009382247924805,13.009382247924805,0,0.0,0.0
2005-05-16 00:00:00-04:00,13.009382247924805,13.009382247924805,13.009382247924805,13.009382247924805,0,0.0,0.0
2005-05-17 00:00:00-04:00,13.009382247924805,13.009382247924805,13.009382247924805,13.009382247924805,0,0.0,0.0
2005-05-18 00:00:00-04:00,13.050034523010254,13.050034523010254,13.009380828257568,13.050034523010254,14200,0.0,0.0
2005-05-19 00:00:00-04:00,13.78181428914166,14.147702217102053,13.78181428914166,14.14770221710205,1500,0.0,0.0
2005-05-20 00:00:00-04:00,14.147702217102053,14.147702217102053,14.147702217102053,14.14770221710205,0,0.0,0.0
2005-05-23 00:00:00-04:00,14.025744167588462,14.310324794200216,14.025744167588462,14.269669532775879,800,0.0,0.0
2005-05-24 00:00:00-04:00,14.269669532775879,14.269669532775879,14.269669532775879,14.269669532775879,0,0.0,0.0
2005-05-25 00:00:00-04:00,14.269669532775879,14.269669532775879,14.269669532775879,14.269669532775879,0,0.0,0.0
2005-05-26 00:00:00-04:00,14.269669532775879,14.269669532775879,14.269669532775879,14.269669532775879,0,0.0,0.0
2005-05-27 00:00:00-04:00,14.269669532775879,14.269669532775879,14.269669532775879,14.269669532775879,0,0.0,0.0
2005-05-31 00:00:00-04:00,14.59490061645738,14.635554313659668,14.59490061645738,14.635554313659668,1700,0.0,0.0
2005-06-01 00:00:00-04:00,14.635554313659668,14.635554313659668,14.635554313659668,14.635554313659668,300,0.0,0.0
2005-06-02 00:00:00-04:00,14.635554313659668,14.635554313659668,14.635554313659668,14.635554313659668,100,0.0,0.0
2005-06-03 00:00:00-04:00,14.310321807861328,14.310321807861328,14.310321807861328,14.310321807861328,1200,0.0,0.0
2005-06-06 00:00:00-04:00,14.635554313659668,14.635554313659668,14.635554313659668,14.635554313659668,1400,0.0,0.0
2005-06-07 00:00:00-04:00,14.6355550520528,14.798172950744629,14.6355550520528,14.798172950744629,600,0.0,0.0
2005-06-08 00:00:00-04:00,14.757517107940657,15.448640823364258,14.757517107940657,15.448640823364258,4100,0.0,0.0
2005-06-09 00:00:00-04:00,15.448640823364258,15.448640823364258,15.448640823364258,15.448640823364258,0,0.0,0.0
2005-06-10 00:00:00-04:00,15.448640823364258,15.448640823364258,15.448640823364258,15.448640823364258,0,0.0,0.0
2005-06-13 00:00:00-04:00,14.798172950744629,14.798172950744629,14.798172950744629,14.798172950744629,500,0.0,0.0
2005-06-14 00:00:00-04:00,14.798176757214694,15.042102117157071,14.798176757214694,14.879484176635742,4600,0.0,0.0
2005-06-15 00:00:00-04:00,15.123407197289069,15.123407197289069,14.798172950744629,14.798172950744629,2500,0.0,0.0
2005-06-16 00:00:00-04:00,15.12340565524295,15.12340565524295,14.960787773132324,14.960787773132324,11000,0.0,0.0
2005-06-17 00:00:00-04:00,14.960787773132324,14.960787773132324,14.960787773132324,14.960787773132324,8000,0.0,0.0
2005-06-20 00:00:00-04:00,14.960787773132324,14.960787773132324,14.960787773132324,14.960787773132324,8000,0.0,0.0
2005-06-21 00:00:00-04:00,14.96078983541358,15.28602409362793,14.96078983541358,15.28602409362793,6300,0.0,0.0
2005-06-22 00:00:00-04:00,15.28602409362793,15.28602409362793,15.28602409362793,15.28602409362793,0,0.0,0.0
2005-06-23 00:00:00-04:00,15.28602409362793,15.28602409362793,15.28602409362793,15.28602409362793,0,0.0,0.0
2005-06-24 00:00:00-04:00,15.28602409362793,15.28602409362793,15.28602409362793,15.28602409362793,0,0.0,0.0
2005-06-27 00:00:00-04:00,14.879484176635742,14.879484176635742,14.879484176635742,14.879484176635742,2300,0.0,0.0
2005-06-28 00:00:00-04:00,14.879484176635742,14.879484176635742,14.879484176635742,14.879484176635742,0,0.0,0.0
2005-06-29 00:00:00-04:00,14.879484176635742,14.879484176635742,14.879484176635742,14.879484176635742,0,0.0,0.0
2005-06-30 00:00:00-04:00,15.042094230651855,15.042094230651855,15.042094230651855,15.042094230651855,200,0.0,0.0
2005-07-01 00:00:00-04:00,15.042094230651855,15.042094230651855,15.042094230651855,15.042094230651855,0,0.0,0.0
2005-07-05 00:00:00-04:00,15.042094230651855,15.042094230651855,15.042094230651855,15.042094230651855,0,0.0,0.0
2005-07-06 00:00:00-04:00,15.042094230651855,15.042094230651855,15.042094230651855,15.042094230651855,0,0.0,0.0
2005-07-07 00:00:00-04:00,15.042094230651855,15.042094230651855,15.042094230651855,15.042094230651855,0,0.0,0.0
2005-07-08 00:00:00-04:00,15.042094230651855,15.042094230651855,15.042094230651855,15.042094230651855,0,0.0,0.0
2005-07-11 00:00:00-04:00,15.042094230651855,15.042094230651855,15.042094230651855,15.042094230651855,0,0.0,0.0
2005-07-12 00:00:00-04:00,15.042094230651855,15.042094230651855,15.042094230651855,15.042094230651855,0,0.0,0.0
2005-07-13 00:00:00-04:00,15.042094230651855,15.042094230651855,15.042094230651855,15.042094230651855,0,0.0,0.0
2005-07-14 00:00:00-04:00,15.042094230651855,15.042094230651855,15.042094230651855,15.042094230651855,0,0.0,0.0
2005-07-15 00:00:00-04:00,15.042094230651855,15.042094230651855,15.042094230651855,15.042094230651855,0,0.0,0.0
2005-07-18 00:00:00-04:00,15.042094230651855,15.042094230651855,15.042094230651855,15.042094230651855,0,0.0,0.0
2005-07-19 00:00:00-04:00,15.042094230651855,15.042094230651855,15.042094230651855,15.042094230651855,0,0.0,0.0
2005-07-20 00:00:00-04:00,15.042094230651855,15.042094230651855,15.042094230651855,15.042094230651855,0,0.0,0.0
2005-07-21 00:00:00-04:00,15.042094230651855,15.042094230651855,15.042094230651855,15.042094230651855,0,0.0,0.0
2005-07-22 00:00:00-04:00,15.042094230651855,15.042094230651855,15.042094230651855,15.042094230651855,0,0.0,0.0
2005-07-25 00:00:00-04:00,15.042094230651855,15.042094230651855,15.042094230651855,15.042094230651855,0,0.0,0.0
2005-07-26 00:00:00-04:00,15.042094230651855,15.042094230651855,15.042094230651855,15.042094230651855,0,0.0,0.0
2005-07-27 00:00:00-04:00,15.042094230651855,15.042094230651855,15.042094230651855,15.042094230651855,0,0.0,0.0
2005-07-28 00:00:00-04:00,15.042094230651855,15.042094230651855,15.042094230651855,15.042094230651855,0,0.0,0.0
2005-07-29 00:00:00-04:00,15.042094230651855,15.042094230651855,15.042094230651855,15.042094230651855,0,0.0,0.0
2005-08-01 00:00:00-04:00,15.042094230651855,15.042094230651855,15.042094230651855,15.042094230651855,0,0.0,0.0
2005-08-02 00:00:00-04:00,15.042094230651855,15.042094230651855,15.042094230651855,15.042094230651855,0,0.0,0.0
2005-08-03 00:00:00-04:00,15.042094230651855,15.042094230651855,15.042094230651855,15.042094230651855,0,0.0,0.0
2005-08-04 00:00:00-04:00,15.042094230651855,15.042094230651855,15.042094230651855,15.042094230651855,0,0.0,0.0
2005-08-05 00:00:00-04:00,15.042094230651855,15.042094230651855,15.042094230651855,15.042094230651855,0,0.0,0.0
2005-08-08 00:00:00-04:00,15.042094230651855,15.042094230651855,15.042094230651855,15.042094230651855,0,0.0,0.0
2005-08-09 00:00:00-04:00,14.635554973895733,15.855184555053711,14.635554973895733,15.855184555053711,4200,0.0,0.0
2005-08-10 00:00:00-04:00,15.855184555053711,15.855184555053711,15.855184555053711,15.855184555053711,0,0.0,0.0
2005-08-11 00:00:00-04:00,15.855184555053711,15.855184555053711,15.855184555053711,15.855184555053711,0,0.0,0.0
2005-08-12 00:00:00-04:00,15.855184555053711,15.855184555053711,15.855184555053711,15.855184555053711,0,0.0,0.0
2005-08-15 00:00:00-04:00,15.855184555053711,15.855184555053711,15.855184555053711,15.855184555053711,0,0.0,0.0
2005-08-16 00:00:00-04:00,15.855184555053711,15.855184555053711,15.855184555053711,15.855184555053711,0,0.0,0.0
2005-08-17 00:00:00-04:00,15.855184555053711,15.855184555053711,15.855184555053711,15.855184555053711,400,0.0,0.0
2005-08-18 00:00:00-04:00,15.855184555053711,15.855184555053711,15.855184555053711,15.855184555053711,200,0.0,0.0
2005-08-19 00:00:00-04:00,15.855184555053711,15.855184555053711,15.855184555053711,15.855184555053711,0,0.0,0.0
2005-08-22 00:00:00-04:00,15.855184555053711,15.855184555053711,15.855184555053711,15.855184555053711,0,0.0,0.0
2005-08-23 00:00:00-04:00,15.855184555053711,15.855184555053711,15.855184555053711,15.855184555053711,0,0.0,0.0
2005-08-24 00:00:00-04:00,15.855184555053711,15.855184555053711,15.855184555053711,15.855184555053711,0,0.0,0.0
2005-08-25 00:00:00-04:00,15.855184555053711,15.855184555053711,15.855184555053711,15.855184555053711,0,0.0,0.0
2005-08-26 00:00:00-04:00,15.855184555053711,15.855184555053711,15.855184555053711,15.855184555053711,0,0.0,0.0
2005-08-29 00:00:00-04:00,15.855184555053711,15.855184555053711,15.855184555053711,15.855184555053711,0,0.0,0.0
2005-08-30 00:00:00-04:00,15.855184555053711,15.855184555053711,15.855184555053711,15.855184555053711,0,0.0,0.0
2005-08-31 00:00:00-04:00,15.855184555053711,15.855184555053711,15.855184555053711,15.855184555053711,0,0.0,0.0
2005-09-01 00:00:00-04:00,15.855184555053711,15.855184555053711,15.855184555053711,15.855184555053711,0,0.0,0.0
2005-09-02 00:00:00-04:00,15.855184555053711,15.855184555053711,15.855184555053711,15.855184555053711,0,0.0,0.0
2005-09-06 00:00:00-04:00,15.855184555053711,15.855184555053711,15.855184555053711,15.855184555053711,0,0.0,0.0
2005-09-07 00:00:00-04:00,15.855184555053711,15.855184555053711,15.855184555053711,15.855184555053711,0,0.0,0.0
2005-09-08 00:00:00-04:00,15.855184555053711,15.855184555053711,15.855184555053711,15.855184555053711,0,0.0,0.0
2005-09-09 00:00:00-04:00,15.855184555053711,15.855184555053711,15.855184555053711,15.855184555053711,0,0.0,0.0
2005-09-12 00:00:00-04:00,15.855184555053711,15.855184555053711,15.855184555053711,15.855184555053711,0,0.0,0.0
2005-09-13 00:00:00-04:00,15.855184555053711,15.855184555053711,15.855184555053711,15.855184555053711,0,0.0,0.0
2005-09-14 00:00:00-04:00,15.855184555053711,15.855184555053711,15.855184555053711,15.855184555053711,0,0.0,0.0
2005-09-15 00:00:00-04:00,16.26172437383216,16.26172437383216,14.635551936448943,15.188450813293457,17000,0.0,0.0
2005-09-16 00:00:00-04:00,15.188450813293457,15.188450813293457,15.188450813293457,15.188450813293457,0,0.0,0.0
2005-09-19 00:00:00-04:00,14.716863258903384,14.716863258903384,14.635554313659668,14.635554313659668,800,0.0,0.0
2005-09-20 00:00:00-04:00,14.310320483158907,14.310320483158907,14.229011535644531,14.229011535644531,800,0.0,0.0
2005-09-21 00:00:00-04:00,14.229011535644531,14.229011535644531,14.229011535644531,14.229011535644531,0,0.0,0.0
2005-09-22 00:00:00-04:00,14.229011535644531,14.229011535644531,14.229011535644531,14.229011535644531,200,0.0,0.0
2005-09-23 00:00:00-04:00,14.229011535644531,14.229011535644531,14.229011535644531,14.229011535644531,0,0.0,0.0
2005-09-26 00:00:00-04:00,14.229011535644531,14.229011535644531,14.229011535644531,14.229011535644531,0,0.0,0.0
2005-09-27 00:00:00-04:00,14.635554313659668,14.635554313659668,14.635554313659668,14.635554313659668,600,0.0,0.0
2005-09-28 00:00:00-04:00,14.391627311706543,14.635552567495893,14.229009440621008,14.391627311706543,5200,0.0,0.0
2005-09-29 00:00:00-04:00,14.391627311706543,14.391627311706543,14.391627311706543,14.391627311706543,0,0.0,0.0
2005-09-30 00:00:00-04:00,14.391627311706543,14.391627311706543,14.391627311706543,14.391627311706543,0,0.0,0.0
2005-10-03 00:00:00-04:00,14.43228530883789,14.43228530883789,14.43228530883789,14.43228530883789,400,0.0,0.0
2005-10-04 00:00:00-04:00,14.43228530883789,14.43228530883789,14.43228530883789,14.43228530883789,0,0.0,0.0
2005-10-05 00:00:00-04:00,14.43228530883789,14.43228530883789,14.43228530883789,14.43228530883789,0,0.0,0.0
2005-10-06 00:00:00-04:00,14.43228530883789,14.43228530883789,14.43228530883789,14.43228530883789,0,0.0,0.0
2005-10-07 00:00:00-04:00,14.43228530883789,14.43228530883789,14.43228530883789,14.43228530883789,0,0.0,0.0
2005-10-10 00:00:00-04:00,14.43228530883789,14.43228530883789,14.43228530883789,14.43228530883789,0,0.0,0.0
2005-10-11 00:00:00-04:00,15.042094230651855,15.042094230651855,15.042094230651855,15.042094230651855,1000,0.0,0.0
2005-10-12 00:00:00-04:00,15.042094230651855,15.042094230651855,15.042094230651855,15.042094230651855,0,0.0,0.0
2005-10-13 00:00:00-04:00,15.042094230651855,15.042094230651855,15.042094230651855,15.042094230651855,0,0.0,0.0
2005-10-14 00:00:00-04:00,15.042094230651855,15.042094230651855,15.042094230651855,15.042094230651855,0,0.0,0.0
2005-10-17 00:00:00-04:00,15.042094230651855,15.042094230651855,15.042094230651855,15.042094230651855,0,0.0,0.0
2005-10-18 00:00:00-04:00,15.042094230651855,15.042094230651855,15.042094230651855,15.042094230651855,0,0.0,0.0
2005-10-19 00:00:00-04:00,15.042094230651855,15.042094230651855,15.042094230651855,15.042094230651855,0,0.0,0.0
2005-10-20 00:00:00-04:00,15.042094230651855,15.042094230651855,15.042094230651855,15.042094230651855,0,0.0,0.0
2005-10-21 00:00:00-04:00,15.042094230651855,15.042094230651855,15.042094230651855,15.042094230651855,0,0.0,0.0
2005-10-24 00:00:00-04:00,15.042094230651855,15.042094230651855,15.042094230651855,15.042094230651855,0,0.0,0.0
2005-10-25 00:00:00-04:00,15.042094230651855,15.042094230651855,15.042094230651855,15.042094230651855,0,0.0,0.0
2005-10-26 00:00:00-04:00,15.042094230651855,15.042094230651855,15.042094230651855,15.042094230651855,0,0.0,0.0
2005-10-27 00:00:00-04:00,15.042094230651855,15.042094230651855,15.042094230651855,15.042094230651855,0,0.0,0.0
2005-10-28 00:00:00-04:00,14.229011535644531,14.229011535644531,14.229011535644531,14.229011535644531,200,0.0,0.0
2005-10-31 00:00:00-05:00,14.229011535644531,14.229011535644531,14.229011535644531,14.229011535644531,0,0.0,0.0
2005-11-01 00:00:00-05:00,13.903777538287079,13.903777538287079,13.497234344482422,13.497234344482422,1700,0.0,0.0
2005-11-02 00:00:00-05:00,13.619198703109458,14.554247856140137,13.619198703109458,14.554247856140137,4800,0.0,0.0
2005-11-03 00:00:00-05:00,13.619197585365988,13.619197585365988,12.806111162359064,13.415925979614258,2000,0.0,0.0
2005-11-04 00:00:00-05:00,13.822467803955078,13.822467803955078,13.822467803955078,13.822467803955078,100,0.0,0.0
2005-11-07 00:00:00-05:00,13.90378189086914,13.985090865251708,13.90378189086914,13.90378189086914,5000,0.0,0.0
2005-11-08 00:00:00-05:00,14.025742530822754,14.025742530822754,14.025742530822754,14.025742530822754,800,0.0,0.0
2005-11-09 00:00:00-05:00,14.025742530822754,14.025742530822754,14.025742530822754,14.025742530822754,0,0.0,0.0
2005-11-10 00:00:00-05:00,14.025742530822754,14.025742530822754,14.025742530822754,14.025742530822754,5000,0.0,0.0
2005-11-11 00:00:00-05:00,14.635554313659668,14.635554313659668,14.635554313659668,14.635554313659668,1000,0.0,0.0
2005-11-14 00:00:00-05:00,14.635554313659668,14.635554313659668,14.635554313659668,14.635554313659668,0,0.0,0.0
2005-11-15 00:00:00-05:00,14.635554313659668,14.635554313659668,14.635554313659668,14.635554313659668,0,0.0,0.0
2005-11-16 00:00:00-05:00,13.578546524047852,13.578546524047852,13.578546524047852,13.578546524047852,100,0.0,0.0
2005-11-17 00:00:00-05:00,13.578546524047852,13.578546524047852,13.578546524047852,13.578546524047852,0,0.0,0.0
2005-11-18 00:00:00-05:00,13.578546524047852,13.578546524047852,13.578546524047852,13.578546524047852,0,0.0,0.0
2005-11-21 00:00:00-05:00,13.578546524047852,13.578546524047852,13.578546524047852,13.578546524047852,0,0.0,0.0
2005-11-22 00:00:00-05:00,13.578546524047852,13.578546524047852,13.578546524047852,13.578546524047852,0,0.0,0.0
2005-11-23 00:00:00-05:00,13.578546524047852,13.578546524047852,13.578546524047852,13.578546524047852,0,0.0,0.0
2005-11-25 00:00:00-05:00,13.578546524047852,13.578546524047852,13.578546524047852,13.578546524047852,0,0.0,0.0
2005-11-28 00:00:00-05:00,13.578546524047852,13.578546524047852,13.578546524047852,13.578546524047852,0,0.0,0.0
2005-11-29 00:00:00-05:00,13.578546524047852,13.578546524047852,13.578546524047852,13.578546524047852,0,0.0,0.0
2005-11-30 00:00:00-05:00,13.578546524047852,13.578546524047852,13.578546524047852,13.578546524047852,0,0.0,0.0
2005-12-01 00:00:00-05:00,13.578546524047852,13.578546524047852,13.578546524047852,13.578546524047852,0,0.0,0.0
2005-12-02 00:00:00-05:00,13.578546524047852,13.578546524047852,13.578546524047852,13.578546524047852,0,0.0,0.0
2005-12-05 00:00:00-05:00,13.578546524047852,13.578546524047852,13.578546524047852,13.578546524047852,0,0.0,0.0
2005-12-06 00:00:00-05:00,13.578546524047852,13.578546524047852,13.578546524047852,13.578546524047852,0,0.0,0.0
2005-12-07 00:00:00-05:00,14.147702217102053,14.147702217102053,14.147702217102053,14.14770221710205,2600,0.0,0.0
2005-12-08 00:00:00-05:00,14.147702217102053,14.147702217102053,14.147702217102053,14.14770221710205,0,0.0,0.0
2005-12-09 00:00:00-05:00,14.147702217102053,14.147702217102053,14.147702217102053,14.14770221710205,700,0.0,0.0
2005-12-12 00:00:00-05:00,14.147702217102053,14.147702217102053,14.147702217102053,14.14770221710205,0,0.0,0.0
2005-12-13 00:00:00-05:00,14.147702217102053,14.147702217102053,14.147702217102053,14.14770221710205,0,0.0,0.0
2005-12-14 00:00:00-05:00,14.147702217102053,14.147702217102053,14.147702217102053,14.14770221710205,0,0.0,0.0
2005-12-15 00:00:00-05:00,14.229013570412867,14.635556815281806,14.229013570412867,14.554247856140137,7400,0.0,0.0
2005-12-16 00:00:00-05:00,14.554247856140137,14.554247856140137,14.554247856140137,14.554247856140137,0,0.0,0.0
2005-12-19 00:00:00-05:00,14.554247856140137,14.554247856140137,14.554247856140137,14.554247856140137,0,0.0,0.0
2005-12-20 00:00:00-05:00,14.554247856140137,14.554247856140137,14.554247856140137,14.554247856140137,0,0.0,0.0
2005-12-21 00:00:00-05:00,14.554247856140137,14.554247856140137,14.554247856140137,14.554247856140137,0,0.0,0.0
2005-12-22 00:00:00-05:00,14.554247856140137,14.554247856140137,14.554247856140137,14.554247856140137,0,0.0,0.0
2005-12-23 00:00:00-05:00,14.554247856140137,14.554247856140137,14.554247856140137,14.554247856140137,0,0.0,0.0
2005-12-27 00:00:00-05:00,14.554247856140137,14.554247856140137,14.554247856140137,14.554247856140137,0,0.0,0.0
2005-12-28 00:00:00-05:00,14.554247856140137,14.554247856140137,14.554247856140137,14.554247856140137,0,0.0,0.0
2005-12-29 00:00:00-05:00,14.554247856140137,14.554247856140137,14.554247856140137,14.554247856140137,0,0.0,0.0
2005-12-30 00:00:00-05:00,14.554247856140137,14.554247856140137,14.554247856140137,14.554247856140137,0,0.0,0.0
2006-01-03 00:00:00-05:00,14.554247856140137,14.554247856140137,14.554247856140137,14.554247856140137,0,0.0,0.0
2006-01-04 00:00:00-05:00,14.554247856140137,14.554247856140137,14.554247856140137,14.554247856140137,0,0.0,0.0
2006-01-05 00:00:00-05:00,14.554247856140137,14.554247856140137,14.554247856140137,14.554247856140137,0,0.0,0.0
2006-01-06 00:00:00-05:00,14.635554313659668,14.635554313659668,14.635554313659668,14.635554313659668,3900,0.0,0.0
2006-01-09 00:00:00-05:00,14.635554313659668,14.635554313659668,14.635554313659668,14.635554313659668,0,0.0,0.0
2006-01-10 00:00:00-05:00,14.554247856140137,14.554247856140137,14.554247856140137,14.554247856140137,4000,0.0,0.0
2006-01-11 00:00:00-05:00,14.635554313659668,14.635554313659668,14.635554313659668,14.635554313659668,200,0.0,0.0
2006-01-12 00:00:00-05:00,14.635554313659668,14.635554313659668,14.635554313659668,14.635554313659668,0,0.0,0.0
2006-01-13 00:00:00-05:00,14.635554313659668,14.635554313659668,14.635554313659668,14.635554313659668,0,0.0,0.0
2006-01-17 00:00:00-05:00,14.635554313659668,14.635554313659668,14.635554313659668,14.635554313659668,0,0.0,0.0
2006-01-18 00:00:00-05:00,14.635554313659668,14.635554313659668,14.635554313659668,14.635554313659668,7800,0.0,0.0
2006-01-19 00:00:00-05:00,14.635554313659668,14.635554313659668,14.635554313659668,14.635554313659668,0,0.0,0.0
2006-01-20 00:00:00-05:00,14.635554313659668,14.635554313659668,14.635554313659668,14.635554313659668,0,0.0,0.0
2006-01-23 00:00:00-05:00,14.635554313659668,14.635554313659668,14.635554313659668,14.635554313659668,0,0.0,0.0
2006-01-24 00:00:00-05:00,14.635554313659668,14.635554313659668,14.635554313659668,14.635554313659668,600,0.0,0.0
2006-01-25 00:00:00-05:00,14.635554313659668,14.635554313659668,14.635554313659668,14.635554313659668,2500,0.0,0.0
2006-01-26 00:00:00-05:00,14.635554313659668,14.635554313659668,14.635554313659668,14.635554313659668,0,0.0,0.0
2006-01-27 00:00:00-05:00,14.635554313659668,14.635554313659668,14.635554313659668,14.635554313659668,0,0.0,0.0
2006-01-30 00:00:00-05:00,14.635554313659668,14.635554313659668,14.635554313659668,14.635554313659668,800,0.0,0.0
2006-01-31 00:00:00-05:00,14.635554313659668,14.635554313659668,14.635554313659668,14.635554313659668,0,0.0,0.0
2006-02-01 00:00:00-05:00,14.635554313659668,14.635554313659668,14.635554313659668,14.635554313659668,0,0.0,0.0
2006-02-02 00:00:00-05:00,14.635554313659668,14.635554313659668,14.635554313659668,14.635554313659668,0,0.0,0.0
2006-02-03 00:00:00-05:00,14.635554313659668,14.635554313659668,14.635554313659668,14.635554313659668,0,0.0,0.0
2006-02-06 00:00:00-05:00,14.635554313659668,14.635554313659668,14.635554313659668,14.635554313659668,0,0.0,0.0
2006-02-07 00:00:00-05:00,14.513590812683105,14.513590812683105,14.513590812683105,14.513590812683105,200,0.0,0.0
2006-02-08 00:00:00-05:00,14.635554313659668,14.635554313659668,14.635554313659668,14.635554313659668,6200,0.0,0.0
2006-02-09 00:00:00-05:00,14.635554313659668,14.635554313659668,14.635554313659668,14.635554313659668,0,0.0,0.0
2006-02-10 00:00:00-05:00,14.635554313659668,14.635554313659668,14.635554313659668,14.635554313659668,300,0.0,0.0
2006-02-13 00:00:00-05:00,14.635554313659668,14.635554313659668,14.635554313659668,14.635554313659668,1200,0.0,0.0
2006-02-14 00:00:00-05:00,14.838826054020931,15.448640823364258,14.838826054020931,15.448640823364258,400,0.0,0.0
2006-02-15 00:00:00-05:00,16.261728286743164,16.261728286743164,16.261728286743164,16.261728286743164,600,0.0,0.0
2006-02-16 00:00:00-05:00,14.635554313659668,14.635554313659668,14.635554313659668,14.635554313659668,24900,0.0,0.0
2006-02-17 00:00:00-05:00,14.635554313659668,14.635554313659668,14.635554313659668,14.635554313659668,0,0.0,0.0
2006-02-21 00:00:00-05:00,14.635554313659668,14.635554313659668,14.635554313659668,14.635554313659668,300,0.0,0.0
2006-02-22 00:00:00-05:00,14.635554313659668,14.635554313659668,14.635554313659668,14.635554313659668,0,0.0,0.0
2006-02-23 00:00:00-05:00,14.635554313659668,14.635554313659668,14.635554313659668,14.635554313659668,0,0.0,0.0
2006-02-24 00:00:00-05:00,15.042094230651855,15.042094230651855,15.042094230651855,15.042094230651855,2100,0.0,0.0
2006-02-27 00:00:00-05:00,15.042094230651855,15.042094230651855,15.042094230651855,15.042094230651855,0,0.0,0.0
2006-02-28 00:00:00-05:00,15.042094230651855,15.042094230651855,15.042094230651855,15.042094230651855,0,0.0,0.0
2006-03-01 00:00:00-05:00,15.042094230651855,15.042094230651855,15.042094230651855,15.042094230651855,0,0.0,0.0
2006-03-02 00:00:00-05:00,14.635554313659668,14.635554313659668,14.635554313659668,14.635554313659668,2000,0.0,0.0
2006-03-03 00:00:00-05:00,14.635554313659668,14.635554313659668,14.635554313659668,14.635554313659668,0,0.0,0.0
2006-03-06 00:00:00-05:00,14.635554313659668,14.635554313659668,14.635554313659668,14.635554313659668,0,0.0,0.0
2006-03-07 00:00:00-05:00,14.635554313659668,14.635554313659668,14.635554313659668,14.635554313659668,0,0.0,0.0
2006-03-08 00:00:00-05:00,14.635554313659668,14.635554313659668,14.635554313659668,14.635554313659668,200,0.0,0.0
2006-03-09 00:00:00-05:00,14.635554313659668,14.635554313659668,14.635554313659668,14.635554313659668,0,0.0,0.0
2006-03-10 00:00:00-05:00,14.635554313659668,14.635554313659668,14.635554313659668,14.635554313659668,0,0.0,0.0
2006-03-13 00:00:00-05:00,14.635554313659668,14.635554313659668,14.635554313659668,14.635554313659668,0,0.0,0.0
2006-03-14 00:00:00-05:00,14.635554313659668,14.635554313659668,14.635554313659668,14.635554313659668,0,0.0,0.0
2006-03-15 00:00:00-05:00,14.635554313659668,14.635554313659668,14.635554313659668,14.635554313659668,0,0.0,0.0
2006-03-16 00:00:00-05:00,14.635554313659668,14.635554313659668,14.635554313659668,14.635554313659668,0,0.0,0.0
2006-03-17 00:00:00-05:00,14.635554313659668,14.635554313659668,14.635554313659668,14.635554313659668,0,0.0,0.0
2006-03-20 00:00:00-05:00,14.635554313659668,14.635554313659668,14.635554313659668,14.635554313659668,0,0.0,0.0
2006-03-21 00:00:00-05:00,14.635554313659668,14.635554313659668,14.635554313659668,14.635554313659668,0,0.0,0.0
2006-03-22 00:00:00-05:00,14.635554313659668,14.635554313659668,14.635554313659668,14.635554313659668,0,0.0,0.0
2006-03-23 00:00:00-05:00,14.416014671325684,14.416014671325684,14.416014671325684,14.416014671325684,1500,0.0,0.0
2006-03-24 00:00:00-05:00,14.416014671325684,14.416014671325684,14.416014671325684,14.416014671325684,0,0.0,0.0
2006-03-27 00:00:00-05:00,14.416014671325684,14.416014671325684,14.416014671325684,14.416014671325684,0,0.0,0.0
2006-03-28 00:00:00-05:00,14.635548267540024,14.635548267540024,14.416014671325684,14.416014671325684,600,0.0,0.0
2006-03-29 00:00:00-05:00,14.416014671325684,14.416014671325684,14.416014671325684,14.416014671325684,0,0.0,0.0
2006-03-30 00:00:00-05:00,14.416014671325684,14.416014671325684,14.416014671325684,14.416014671325684,0,0.0,0.0
2006-03-31 00:00:00-05:00,14.416014671325684,14.416014671325684,14.416014671325684,14.416014671325684,0,0.0,0.0
2006-04-03 00:00:00-04:00,14.416014671325684,14.416014671325684,14.416014671325684,14.416014671325684,0,0.0,0.0
2006-04-04 00:00:00-04:00,14.416014671325684,14.416014671325684,14.416014671325684,14.416014671325684,0,0.0,0.0
2006-04-05 00:00:00-04:00,14.416020862478858,14.416020862478858,14.375367164611815,14.375367164611816,1400,0.0,0.0
2006-04-06 00:00:00-04:00,14.375367164611815,14.375367164611815,14.375367164611815,14.375367164611816,0,0.0,0.0
2006-04-07 00:00:00-04:00,14.375367164611815,14.375367164611815,14.375367164611815,14.375367164611816,0,0.0,0.0
2006-04-10 00:00:00-04:00,14.432285192847337,14.554247856140137,14.432285192847337,14.554247856140137,2200,0.0,0.0
2006-04-11 00:00:00-04:00,14.554247856140137,14.554247856140137,14.554247856140137,14.554247856140137,0,0.0,0.0
2006-04-12 00:00:00-04:00,14.554247856140137,14.554247856140137,14.554247856140137,14.554247856140137,200,0.0,0.0
2006-04-13 00:00:00-04:00,14.554247856140137,14.554247856140137,14.554247856140137,14.554247856140137,0,0.0,0.0
2006-04-17 00:00:00-04:00,14.554247856140137,14.554247856140137,14.554247856140137,14.554247856140137,0,0.0,0.0
2006-04-18 00:00:00-04:00,14.440417289733887,14.440417289733887,14.440417289733887,14.440417289733887,200,0.0,0.0
2006-04-19 00:00:00-04:00,14.554247856140137,14.554247856140137,14.554247856140137,14.554247856140137,800,0.0,0.0
2006-04-20 00:00:00-04:00,14.554247856140137,14.554247856140137,14.554247856140137,14.554247856140137,100,0.0,0.0
2006-04-21 00:00:00-04:00,14.635554313659668,14.635554313659668,14.635554313659668,14.635554313659668,4500,0.0,0.0
2006-04-24 00:00:00-04:00,14.635554313659668,14.635554313659668,14.635554313659668,14.635554313659668,0,0.0,0.0
2006-04-25 00:00:00-04:00,14.635554313659668,14.635554313659668,14.635554313659668,14.635554313659668,0,0.0,0.0
2006-04-26 00:00:00-04:00,14.635554313659668,14.635554313659668,14.635554313659668,14.635554313659668,0,0.0,0.0
2006-04-27 00:00:00-04:00,14.635554313659668,14.635554313659668,14.635554313659668,14.635554313659668,2200,0.0,0.0
2006-04-28 00:00:00-04:00,16.261729925451146,16.261729925451146,14.43228530883789,14.43228530883789,1200,0.0,0.0
2006-05-01 00:00:00-04:00,14.43228530883789,14.43228530883789,14.43228530883789,14.43228530883789,0,0.0,0.0
2006-05-02 00:00:00-04:00,14.43228530883789,14.43228530883789,14.43228530883789,14.43228530883789,0,0.0,0.0
2006-05-03 00:00:00-04:00,14.43228530883789,14.43228530883789,14.43228530883789,14.43228530883789,0,0.0,0.0
2006-05-04 00:00:00-04:00,14.43228530883789,14.43228530883789,14.43228530883789,14.43228530883789,0,0.0,0.0
2006-05-05 00:00:00-04:00,14.43228530883789,14.43228530883789,14.43228530883789,14.43228530883789,0,0.0,0.0
2006-05-08 00:00:00-04:00,14.43228530883789,14.43228530883789,14.43228530883789,14.43228530883789,0,0.0,0.0
2006-05-09 00:00:00-04:00,14.43228530883789,14.43228530883789,14.43228530883789,14.43228530883789,0,0.0,0.0
2006-05-10 00:00:00-04:00,14.635554722377233,14.635554722377233,14.229011535644531,14.229011535644531,1300,0.0,0.0
2006-05-11 00:00:00-04:00,14.229011535644531,14.229011535644531,14.229011535644531,14.229011535644531,200,0.0,0.0
2006-05-12 00:00:00-04:00,14.229009137347239,14.229009137347239,14.188355445861816,14.188355445861816,8200,0.0,0.0
2006-05-15 00:00:00-04:00,14.635554313659668,14.635554313659668,14.635554313659668,14.635554313659668,3000,0.0,0.0
2006-05-16 00:00:00-04:00,14.635554313659668,14.635554313659668,14.635554313659668,14.635554313659668,0,0.0,0.0
2006-05-17 00:00:00-04:00,14.635554313659668,14.635554313659668,14.635554313659668,14.635554313659668,0,0.0,0.0
2006-05-18 00:00:00-04:00,14.635554313659668,14.635554313659668,14.635554313659668,14.635554313659668,0,0.0,0.0
2006-05-19 00:00:00-04:00,14.635554313659668,14.635554313659668,14.635554313659668,14.635554313659668,300,0.0,0.0
2006-05-22 00:00:00-04:00,14.635554313659668,14.635554313659668,14.635554313659668,14.635554313659668,0,0.0,0.0
2006-05-23 00:00:00-04:00,14.635554313659668,14.635554313659668,14.635554313659668,14.635554313659668,0,0.0,0.0
2006-05-24 00:00:00-04:00,14.635554313659668,14.635554313659668,14.635554313659668,14.635554313659668,0,0.0,0.0
2006-05-25 00:00:00-04:00,14.635554313659668,14.635554313659668,14.635554313659668,14.635554313659668,100,0.0,0.0
2006-05-26 00:00:00-04:00,14.635554313659668,14.635554313659668,14.635554313659668,14.635554313659668,0,0.0,0.0
2006-05-30 00:00:00-04:00,14.635554313659668,14.635554313659668,14.635554313659668,14.635554313659668,0,0.0,0.0
2006-05-31 00:00:00-04:00,14.635554313659668,14.635554313659668,14.635554313659668,14.635554313659668,0,0.0,0.0
2006-06-01 00:00:00-04:00,14.635554313659668,14.635554313659668,14.635554313659668,14.635554313659668,0,0.0,0.0
2006-06-02 00:00:00-04:00,14.635554313659668,14.635554313659668,14.635554313659668,14.635554313659668,0,0.0,0.0
2006-06-05 00:00:00-04:00,14.635554313659668,14.635554313659668,14.635554313659668,14.635554313659668,0,0.0,0.0
2006-06-06 00:00:00-04:00,14.635554313659668,14.635554313659668,14.635554313659668,14.635554313659668,0,0.0,0.0
2006-06-07 00:00:00-04:00,14.635554313659668,14.635554313659668,14.635554313659668,14.635554313659668,0,0.0,0.0
2006-06-08 00:00:00-04:00,14.635554313659668,14.635554313659668,14.635554313659668,14.635554313659668,1600,0.0,0.0
2006-06-09 00:00:00-04:00,14.635554313659668,14.635554313659668,14.635554313659668,14.635554313659668,0,0.0,0.0
2006-06-12 00:00:00-04:00,14.635554313659668,14.635554313659668,14.635554313659668,14.635554313659668,800,0.0,0.0
2006-06-13 00:00:00-04:00,14.635554313659668,14.635554313659668,14.635554313659668,14.635554313659668,0,0.0,0.0
2006-06-14 00:00:00-04:00,14.635554313659668,14.635554313659668,14.635554313659668,14.635554313659668,0,0.0,0.0
2006-06-15 00:00:00-04:00,14.635554313659668,14.635554313659668,14.635554313659668,14.635554313659668,0,0.0,0.0
2006-06-16 00:00:00-04:00,14.635554313659668,14.635554313659668,14.635554313659668,14.635554313659668,0,0.0,0.0
2006-06-19 00:00:00-04:00,14.635554313659668,14.635554313659668,14.635554313659668,14.635554313659668,0,0.0,0.0
2006-06-20 00:00:00-04:00,14.635554313659668,14.635554313659668,14.635554313659668,14.635554313659668,0,0.0,0.0
2006-06-21 00:00:00-04:00,14.635554313659668,14.635554313659668,14.635554313659668,14.635554313659668,0,0.0,0.0
2006-06-22 00:00:00-04:00,14.635554313659668,14.635554313659668,14.635554313659668,14.635554313659668,0,0.0,0.0
2006-06-23 00:00:00-04:00,14.635554313659668,14.635554313659668,14.635554313659668,14.635554313659668,0,0.0,0.0
2006-06-26 00:00:00-04:00,14.635554313659668,14.635554313659668,14.635554313659668,14.635554313659668,0,0.0,0.0
2006-06-27 00:00:00-04:00,14.635554313659668,14.635554313659668,14.635554313659668,14.635554313659668,0,0.0,0.0
2006-06-28 00:00:00-04:00,14.635554313659668,14.635554313659668,14.635554313659668,14.635554313659668,0,0.0,0.0
2006-06-29 00:00:00-04:00,14.635554313659668,14.635554313659668,14.635554313659668,14.635554313659668,0,0.0,0.0
2006-06-30 00:00:00-04:00,13.822467803955078,13.822467803955078,13.822467803955078,13.822467803955078,800,0.0,0.0
2006-07-03 00:00:00-04:00,13.822467803955078,13.822467803955078,13.822467803955078,13.822467803955078,0,0.0,0.0
2006-07-05 00:00:00-04:00,13.822467803955078,13.822467803955078,13.822467803955078,13.822467803955078,0,0.0,0.0
2006-07-06 00:00:00-04:00,13.822467803955078,13.822467803955078,13.822467803955078,13.822467803955078,0,0.0,0.0
2006-07-07 00:00:00-04:00,13.863118171691895,13.863118171691895,13.822464484719395,13.863118171691895,1600,0.0,0.0
2006-07-10 00:00:00-04:00,13.863118171691895,13.863118171691895,13.863118171691895,13.863118171691895,0,0.0,0.0
2006-07-11 00:00:00-04:00,13.863118171691895,13.863118171691895,13.863118171691895,13.863118171691895,1500,0.0,0.0
2006-07-12 00:00:00-04:00,14.147702217102053,14.147702217102053,14.147702217102053,14.14770221710205,1700,0.0,0.0
2006-07-13 00:00:00-04:00,13.822464484719395,13.863118171691895,13.822464484719395,13.863118171691895,2000,0.0,0.0
2006-07-14 00:00:00-04:00,13.863118171691895,13.863118171691895,13.863118171691895,13.863118171691895,0,0.0,0.0
2006-07-17 00:00:00-04:00,13.863118171691895,13.863118171691895,13.822464484719395,13.863118171691895,1000,0.0,0.0
2006-07-18 00:00:00-04:00,13.863121683684541,14.147702217102053,13.863121683684541,14.14770221710205,3800,0.0,0.0
2006-07-19 00:00:00-04:00,14.147702217102053,14.147702217102053,14.147702217102053,14.14770221710205,0,0.0,0.0
2006-07-20 00:00:00-04:00,13.863118171691895,13.863118171691895,13.863118171691895,13.863118171691895,300,0.0,0.0
2006-07-21 00:00:00-04:00,13.863118171691895,13.863118171691895,13.863118171691895,13.863118171691895,0,0.0,0.0
2006-07-24 00:00:00-04:00,13.863118171691895,13.863118171691895,13.863118171691895,13.863118171691895,0,0.0,0.0
2006-07-25 00:00:00-04:00,13.863118171691895,13.863118171691895,13.863118171691895,13.863118171691895,0,0.0,0.0
2006-07-26 00:00:00-04:00,13.903776931795125,14.147702217102053,13.903776931795125,14.14770221710205,2600,0.0,0.0
2006-07-27 00:00:00-04:00,13.903776931795125,14.147702217102053,13.871252733306658,14.14770221710205,2700,0.0,0.0
2006-07-28 00:00:00-04:00,14.147702217102053,14.147702217102053,14.147702217102053,14.14770221710205,0,0.0,0.0
2006-07-31 00:00:00-04:00,14.635554313659668,14.635554313659668,14.635554313659668,14.635554313659668,3000,0.0,0.0
2006-08-01 00:00:00-04:00,14.635554313659668,14.635554313659668,14.635554313659668,14.635554313659668,0,0.0,0.0
2006-08-02 00:00:00-04:00,14.635554313659668,14.635554313659668,14.635554313659668,14.635554313659668,0,0.0,0.0
2006-08-03 00:00:00-04:00,14.635554313659668,14.635554313659668,14.635554313659668,14.635554313659668,0,0.0,0.0
2006-08-04 00:00:00-04:00,14.188355445861816,14.188355445861816,14.188355445861816,14.188355445861816,300,0.0,0.0
2006-08-07 00:00:00-04:00,14.025742530822754,14.025742530822754,14.025742530822754,14.025742530822754,300,0.0,0.0
2006-08-08 00:00:00-04:00,14.025742530822754,14.025742530822754,14.025742530822754,14.025742530822754,300,0.0,0.0
2006-08-09 00:00:00-04:00,12.602839469909668,12.602839469909668,12.602839469909668,12.602839469909668,500,0.0,0.0
2006-08-10 00:00:00-04:00,12.602839469909668,12.602839469909668,12.602839469909668,12.602839469909668,0,0.0,0.0
2006-08-11 00:00:00-04:00,12.602839469909668,12.602839469909668,12.602839469909668,12.602839469909668,0,0.0,0.0
2006-08-14 00:00:00-04:00,13.212653700985125,13.619196891784668,13.212653700985125,13.619196891784668,3300,0.0,0.0
2006-08-15 00:00:00-04:00,13.619196891784668,13.619196891784668,13.619196891784668,13.619196891784668,0,0.0,0.0
2006-08-16 00:00:00-04:00,13.619196891784668,13.619196891784668,13.619196891784668,13.619196891784668,0,0.0,0.0
2006-08-17 00:00:00-04:00,14.229011535644531,14.229011535644531,14.229011535644531,14.229011535644531,2300,0.0,0.0
2006-08-18 00:00:00-04:00,13.822467803955078,13.822467803955078,13.814336754440292,13.822467803955078,1400,0.0,0.0
2006-08-21 00:00:00-04:00,13.822467803955078,13.822467803955078,13.822467803955078,13.822467803955078,1000,0.0,0.0
2006-08-22 00:00:00-04:00,14.229009137347239,14.229009137347239,13.822466019137318,14.188355445861816,2300,0.0,0.0
2006-08-23 00:00:00-04:00,13.619196891784668,13.619196891784668,13.619196891784668,13.619196891784668,7000,0.0,0.0
2006-08-24 00:00:00-04:00,13.619196891784668,13.619196891784668,13.619196891784668,13.619196891784668,0,0.0,0.0
2006-08-25 00:00:00-04:00,13.619196891784668,13.619196891784668,13.619196891784668,13.619196891784668,0,0.0,0.0
2006-08-28 00:00:00-04:00,13.619196891784668,13.619196891784668,13.619196891784668,13.619196891784668,0,0.0,0.0
2006-08-29 00:00:00-04:00,12.602839469909668,12.602839469909668,12.602839469909668,12.602839469909668,800,0.0,0.0
2006-08-30 00:00:00-04:00,12.602839469909668,12.602839469909668,12.602839469909668,12.602839469909668,0,0.0,0.0
2006-08-31 00:00:00-04:00,12.602839469909668,12.602839469909668,12.602839469909668,12.602839469909668,0,0.0,0.0
2006-09-01 00:00:00-04:00,12.602839469909668,12.602839469909668,12.602839469909668,12.602839469909668,0,0.0,0.0
2006-09-05 00:00:00-04:00,12.602839469909668,12.602839469909668,12.602839469909668,12.602839469909668,0,0.0,0.0
2006-09-06 00:00:00-04:00,13.293964385986328,13.293964385986328,13.293964385986328,13.293964385986328,300,0.0,0.0
2006-09-07 00:00:00-04:00,13.009382678616431,13.009382678616431,12.602839469909668,12.602839469909668,1900,0.0,0.0
2006-09-08 00:00:00-04:00,12.602839469909668,12.602839469909668,12.602839469909668,12.602839469909668,0,0.0,0.0
2006-09-11 00:00:00-04:00,13.415925979614258,13.415925979614258,13.415925979614258,13.415925979614258,200,0.0,0.0
2006-09-12 00:00:00-04:00,14.22901097465964,14.22901097465964,13.415924633250517,13.822467803955078,6500,0.0,0.0
2006-09-13 00:00:00-04:00,13.415925979614258,13.415925979614258,13.415925979614258,13.415925979614258,500,0.0,0.0
2006-09-14 00:00:00-04:00,13.415925979614258,13.415925979614258,13.415925979614258,13.415925979614258,900,0.0,0.0
2006-09-15 00:00:00-04:00,13.619197585365988,13.619197585365988,13.415925979614258,13.415925979614258,1200,0.0,0.0
2006-09-18 00:00:00-04:00,13.415925979614258,13.415925979614258,13.415925979614258,13.415925979614258,0,0.0,0.0
2006-09-19 00:00:00-04:00,13.415925979614258,13.415925979614258,13.415925979614258,13.415925979614258,0,0.0,0.0
2006-09-20 00:00:00-04:00,13.415925979614258,13.415925979614258,13.415925979614258,13.415925979614258,5500,0.0,0.0
2006-09-21 00:00:00-04:00,13.2939654617366,13.2939654617366,13.253310203552246,13.253310203552246,1400,0.0,0.0
2006-09-22 00:00:00-04:00,13.253310203552246,13.253310203552246,13.253310203552246,13.253310203552246,300,0.0,0.0
2006-09-25 00:00:00-04:00,13.253310203552246,13.253310203552246,13.253310203552246,13.253310203552246,400,0.0,0.0
2006-09-26 00:00:00-04:00,13.212654522047202,13.74116039276123,13.212654522047202,13.74116039276123,2200,0.0,0.0
2006-09-27 00:00:00-04:00,13.74116039276123,13.74116039276123,13.74116039276123,13.74116039276123,0,0.0,0.0
2006-09-28 00:00:00-04:00,13.781815490303085,13.781815490303085,13.415925979614258,13.415925979614258,4900,0.0,0.0
2006-09-29 00:00:00-04:00,13.822470785022798,13.822470785022798,13.700508117675781,13.700508117675781,7800,0.0,0.0
2006-10-02 00:00:00-04:00,13.49723648848427,13.741161823178302,13.49723648848427,13.700508117675781,4800,0.0,0.0
2006-10-03 00:00:00-04:00,13.700508117675781,13.700508117675781,13.700508117675781,13.700508117675781,0,0.0,0.0
2006-10-04 00:00:00-04:00,13.700508117675781,13.700508117675781,13.700508117675781,13.700508117675781,0,0.0,0.0
2006-10-05 00:00:00-04:00,13.497234344482422,13.497234344482422,13.497234344482422,13.497234344482422,300,0.0,0.0
2006-10-06 00:00:00-04:00,13.497234344482422,13.497234344482422,13.497234344482422,13.497234344482422,0,0.0,0.0
2006-10-09 00:00:00-04:00,13.456579831349279,13.814338295719713,13.456579831349279,13.74116039276123,4700,0.0,0.0
2006-10-10 00:00:00-04:00,13.74116039276123,13.74116039276123,13.74116039276123,13.74116039276123,0,0.0,0.0
2006-10-11 00:00:00-04:00,13.456579831349279,13.814338295719713,13.456579831349279,13.74116039276123,4200,0.0,0.0
2006-10-12 00:00:00-04:00,13.74116039276123,13.74116039276123,13.74116039276123,13.74116039276123,0,0.0,0.0
2006-10-13 00:00:00-04:00,13.74116039276123,13.74116039276123,13.74116039276123,13.74116039276123,0,0.0,0.0
2006-10-16 00:00:00-04:00,13.74116039276123,13.74116039276123,13.74116039276123,13.74116039276123,0,0.0,0.0
2006-10-17 00:00:00-04:00,13.78181410722027,13.822467803955078,13.78181410722027,13.822467803955078,2800,0.0,0.0
2006-10-18 00:00:00-04:00,13.822467803955078,13.822467803955078,13.822467803955078,13.822467803955078,0,0.0,0.0
2006-10-19 00:00:00-04:00,13.822467803955078,13.822467803955078,13.822467803955078,13.822467803955078,1000,0.0,0.0
2006-10-20 00:00:00-04:00,13.822467803955078,13.822467803955078,13.822467803955078,13.822467803955078,500,0.0,0.0
2006-10-23 00:00:00-04:00,13.822467803955078,13.822467803955078,13.822467803955078,13.822467803955078,0,0.0,0.0
2006-10-24 00:00:00-04:00,13.537888043527204,13.537888043527204,13.497234344482422,13.497234344482422,500,0.0,0.0
2006-10-25 00:00:00-04:00,13.497233577559253,13.822467803955078,13.415924633250517,13.822467803955078,3400,0.0,0.0
2006-10-26 00:00:00-04:00,13.415925979614258,13.415925979614258,13.415925979614258,13.415925979614258,200,0.0,0.0
2006-10-27 00:00:00-04:00,13.415925979614258,13.415925979614258,13.415925979614258,13.415925979614258,0,0.0,0.0
2006-10-30 00:00:00-05:00,13.619196218602799,13.822467803955078,13.619196218602799,13.822467803955078,1600,0.0,0.0
2006-10-31 00:00:00-05:00,13.822467803955078,13.822467803955078,13.822467803955078,13.822467803955078,0,0.0,0.0
2006-11-01 00:00:00-05:00,13.822467803955078,13.822467803955078,13.822467803955078,13.822467803955078,0,0.0,0.0
2006-11-02 00:00:00-05:00,13.619196891784668,13.619196891784668,13.619196891784668,13.619196891784668,400,0.0,0.0
2006-11-03 00:00:00-05:00,13.619196891784668,13.619196891784668,13.619196891784668,13.619196891784668,0,0.0,0.0
2006-11-06 00:00:00-05:00,13.619196891784668,13.619196891784668,13.619196891784668,13.619196891784668,0,0.0,0.0
2006-11-07 00:00:00-05:00,13.619196891784668,13.619196891784668,13.619196891784668,13.619196891784668,0,0.0,0.0
2006-11-08 00:00:00-05:00,13.619196891784668,13.619196891784668,13.619196891784668,13.619196891784668,0,0.0,0.0
2006-11-09 00:00:00-05:00,13.619196891784668,13.619196891784668,13.619196891784668,13.619196891784668,0,0.0,0.0
2006-11-10 00:00:00-05:00,13.415925979614258,13.415925979614258,13.415925979614258,13.415925979614258,200,0.0,0.0
2006-11-13 00:00:00-05:00,13.415925979614258,13.415925979614258,13.415925979614258,13.415925979614258,0,0.0,0.0
2006-11-14 00:00:00-05:00,13.415925979614258,13.415925979614258,13.415925979614258,13.415925979614258,0,0.0,0.0
2006-11-15 00:00:00-05:00,13.415925979614258,13.415925979614258,13.415925979614258,13.415925979614258,0,0.0,0.0
2006-11-16 00:00:00-05:00,13.415925979614258,13.415925979614258,13.415925979614258,13.415925979614258,0,0.0,0.0
2006-11-17 00:00:00-05:00,13.415925979614258,13.415925979614258,13.415925979614258,13.415925979614258,1000,0.0,0.0
2006-11-20 00:00:00-05:00,13.415925979614258,13.415925979614258,13.415925979614258,13.415925979614258,2000,0.0,0.0
2006-11-21 00:00:00-05:00,13.415925979614258,13.415925979614258,13.415925979614258,13.415925979614258,0,0.0,0.0
2006-11-22 00:00:00-05:00,13.415925979614258,13.415925979614258,13.415925979614258,13.415925979614258,0,0.0,0.0
2006-11-24 00:00:00-05:00,13.415925979614258,13.415925979614258,13.415925979614258,13.415925979614258,0,0.0,0.0
2006-11-27 00:00:00-05:00,13.619196218602799,13.822467803955078,13.619196218602799,13.822467803955078,8900,0.0,0.0
2006-11-28 00:00:00-05:00,13.822467803955078,13.863121500689886,13.822467803955078,13.822467803955078,4000,0.0,0.0
2006-11-29 00:00:00-05:00,13.45658016204834,13.45658016204834,13.45658016204834,13.45658016204834,8500,0.0,0.0
2006-11-30 00:00:00-05:00,13.619196218602799,14.635554145364202,13.619196218602799,13.822467803955078,5600,0.0,0.0
2006-12-01 00:00:00-05:00,13.822467803955078,13.822467803955078,13.822467803955078,13.822467803955078,0,0.0,0.0
2006-12-04 00:00:00-05:00,13.619196891784668,13.619196891784668,13.619196891784668,13.619196891784668,1500,0.0,0.0
2006-12-05 00:00:00-05:00,13.619196891784668,13.619196891784668,13.619196891784668,13.619196891784668,0,0.0,0.0
2006-12-06 00:00:00-05:00,13.619196891784668,13.619196891784668,13.619196891784668,13.619196891784668,0,0.0,0.0
2006-12-07 00:00:00-05:00,13.619198072805633,13.619198072805633,13.45658016204834,13.45658016204834,600,0.0,0.0
2006-12-08 00:00:00-05:00,13.45658016204834,13.45658016204834,13.45658016204834,13.45658016204834,0,0.0,0.0
2006-12-11 00:00:00-05:00,13.45658016204834,13.45658016204834,13.45658016204834,13.45658016204834,0,0.0,0.0
2006-12-12 00:00:00-05:00,13.45658016204834,13.45658016204834,13.45658016204834,13.45658016204834,0,0.0,0.0
2006-12-13 00:00:00-05:00,13.45658016204834,13.45658016204834,13.45658016204834,13.45658016204834,0,0.0,0.0
2006-12-14 00:00:00-05:00,13.45658016204834,13.45658016204834,13.45658016204834,13.45658016204834,0,0.0,0.0
2006-12-15 00:00:00-05:00,13.45658016204834,13.45658016204834,13.45658016204834,13.45658016204834,0,0.0,0.0
2006-12-18 00:00:00-05:00,13.497234344482422,13.497234344482422,13.497234344482422,13.497234344482422,900,0.0,0.0
2006-12-19 00:00:00-05:00,13.497234344482422,13.497234344482422,13.497234344482422,13.497234344482422,0,0.0,0.0
2006-12-20 00:00:00-05:00,13.497234344482422,13.497234344482422,13.497234344482422,13.497234344482422,0,0.0,0.0
2006-12-21 00:00:00-05:00,13.497234344482422,13.497234344482422,13.497234344482422,13.497234344482422,0,0.0,0.0
2006-12-22 00:00:00-05:00,13.45658016204834,13.45658016204834,13.45658016204834,13.45658016204834,200,0.0,0.0
2006-12-26 00:00:00-05:00,13.45658016204834,13.45658016204834,13.45658016204834,13.45658016204834,0,0.0,0.0
2006-12-27 00:00:00-05:00,13.45658016204834,13.45658016204834,13.45658016204834,13.45658016204834,0,0.0,0.0
2006-12-28 00:00:00-05:00,13.45658016204834,13.45658016204834,13.45658016204834,13.45658016204834,0,0.0,0.0
2006-12-29 00:00:00-05:00,13.45658016204834,13.45658016204834,13.45658016204834,13.45658016204834,0,0.0,0.0
2007-01-03 00:00:00-05:00,13.45658016204834,13.45658016204834,13.45658016204834,13.45658016204834,300,0.0,0.0
2007-01-04 00:00:00-05:00,13.45658016204834,13.45658016204834,13.45658016204834,13.45658016204834,0,0.0,0.0
2007-01-05 00:00:00-05:00,13.45658016204834,13.45658016204834,13.45658016204834,13.45658016204834,3000,0.0,0.0
2007-01-08 00:00:00-05:00,13.45658016204834,13.45658016204834,13.45658016204834,13.45658016204834,0,0.0,0.0
2007-01-09 00:00:00-05:00,13.45658016204834,13.45658016204834,13.45658016204834,13.45658016204834,0,0.0,0.0
2007-01-10 00:00:00-05:00,13.45658016204834,13.45658016204834,13.45658016204834,13.45658016204834,0,0.0,0.0
2007-01-11 00:00:00-05:00,13.45658016204834,13.45658016204834,13.45658016204834,13.45658016204834,1000,0.0,0.0
2007-01-12 00:00:00-05:00,13.45658016204834,13.45658016204834,13.45658016204834,13.45658016204834,0,0.0,0.0
2007-01-16 00:00:00-05:00,13.415925979614258,13.415925979614258,13.415925979614258,13.415925979614258,900,0.0,0.0
2007-01-17 00:00:00-05:00,13.415925979614258,13.415925979614258,13.415925979614258,13.415925979614258,500,0.0,0.0
2007-01-18 00:00:00-05:00,13.415925979614258,13.415925979614258,13.415925979614258,13.415925979614258,0,0.0,0.0
2007-01-19 00:00:00-05:00,13.415925979614258,13.415925979614258,13.415925979614258,13.415925979614258,500,0.0,0.0
2007-01-22 00:00:00-05:00,13.415925979614258,13.415925979614258,13.415925979614258,13.415925979614258,0,0.0,0.0
2007-01-23 00:00:00-05:00,13.415925979614258,13.415925979614258,13.415925979614258,13.415925979614258,0,0.0,0.0
2007-01-24 00:00:00-05:00,13.415925979614258,13.415925979614258,13.415925979614258,13.415925979614258,0,0.0,0.0
2007-01-25 00:00:00-05:00,13.415925979614258,13.415925979614258,13.415925979614258,13.415925979614258,0,0.0,0.0
2007-01-26 00:00:00-05:00,13.415925979614258,13.415925979614258,13.415925979614258,13.415925979614258,0,0.0,0.0
2007-01-29 00:00:00-05:00,13.415925979614258,13.415925979614258,13.415925979614258,13.415925979614258,0,0.0,0.0
2007-01-30 00:00:00-05:00,13.415925979614258,13.415925979614258,13.415925979614258,13.415925979614258,0,0.0,0.0
2007-01-31 00:00:00-05:00,13.415925979614258,13.415925979614258,13.415925979614258,13.415925979614258,0,0.0,0.0
2007-02-01 00:00:00-05:00,13.415925979614258,13.415925979614258,13.415925979614258,13.415925979614258,0,0.0,0.0
2007-02-02 00:00:00-05:00,13.415925979614258,13.415925979614258,13.415925979614258,13.415925979614258,0,0.0,0.0
2007-02-05 00:00:00-05:00,13.415925979614258,13.415925979614258,13.415925979614258,13.415925979614258,0,0.0,0.0
2007-02-06 00:00:00-05:00,13.822467803955078,13.822467803955078,13.822467803955078,13.822467803955078,900,0.0,0.0
2007-02-07 00:00:00-05:00,13.415925979614258,13.415925979614258,13.415925979614258,13.415925979614258,700,0.0,0.0
2007-02-08 00:00:00-05:00,13.415925979614258,13.415925979614258,13.415925979614258,13.415925979614258,5400,0.0,0.0
2007-02-09 00:00:00-05:00,13.415925979614258,13.415925979614258,13.415925979614258,13.415925979614258,0,0.0,0.0
2007-02-12 00:00:00-05:00,13.415925979614258,13.415925979614258,13.415925979614258,13.415925979614258,1700,0.0,0.0
2007-02-13 00:00:00-05:00,13.415925979614258,13.415925979614258,13.415925979614258,13.415925979614258,0,0.0,0.0
2007-02-14 00:00:00-05:00,13.415925979614258,13.415925979614258,13.415925979614258,13.415925979614258,600,0.0,0.0
2007-02-15 00:00:00-05:00,13.050034523010254,13.050034523010254,13.050034523010254,13.050034523010254,200,0.0,0.0
2007-02-16 00:00:00-05:00,13.619196891784668,13.619196891784668,13.619196891784668,13.619196891784668,2900,0.0,0.0
2007-02-20 00:00:00-05:00,13.619196891784668,13.619196891784668,13.619196891784668,13.619196891784668,0,0.0,0.0
2007-02-21 00:00:00-05:00,13.619196891784668,13.619196891784668,13.619196891784668,13.619196891784668,0,0.0,0.0
2007-02-22 00:00:00-05:00,13.619196891784668,13.619196891784668,13.619196891784668,13.619196891784668,0,0.0,0.0
2007-02-23 00:00:00-05:00,13.212655067443848,13.212655067443848,13.212655067443848,13.212655067443848,2900,0.0,0.0
2007-02-26 00:00:00-05:00,13.212655067443848,13.212655067443848,13.212655067443848,13.212655067443848,0,0.0,0.0
2007-02-27 00:00:00-05:00,13.212655067443848,13.212655067443848,13.212655067443848,13.212655067443848,0,0.0,0.0
2007-02-28 00:00:00-05:00,13.253306098451779,13.253306098451779,13.050034523010254,13.050034523010254,1000,0.0,0.0
2007-03-01 00:00:00-05:00,13.050034523010254,13.050034523010254,13.050034523010254,13.050034523010254,0,0.0,0.0
2007-03-02 00:00:00-05:00,13.090689659118652,13.090689659118652,13.090689659118652,13.090689659118652,200,0.0,0.0
2007-03-05 00:00:00-05:00,13.090689659118652,13.090689659118652,13.090689659118652,13.090689659118652,0,0.0,0.0
2007-03-06 00:00:00-05:00,13.212652403699092,13.212652403699092,13.050034523010254,13.050034523010254,3400,0.0,0.0
2007-03-07 00:00:00-05:00,13.009382247924805,13.009382247924805,13.009382247924805,13.009382247924805,400,0.0,0.0
2007-03-08 00:00:00-05:00,13.131344896331257,13.131344896331257,13.009382247924805,13.009382247924805,5400,0.0,0.0
2007-03-09 00:00:00-05:00,13.009382247924805,13.009382247924805,13.009382247924805,13.009382247924805,0,0.0,0.0
2007-03-12 00:00:00-04:00,13.050034523010254,13.050034523010254,13.050034523010254,13.050034523010254,2500,0.0,0.0
2007-03-13 00:00:00-04:00,13.050034523010254,13.050034523010254,13.050034523010254,13.050034523010254,0,0.0,0.0
2007-03-14 00:00:00-04:00,12.928073298707432,13.009382247924805,12.928073298707432,13.009382247924805,1900,0.0,0.0
2007-03-15 00:00:00-04:00,13.009382247924805,13.009382247924805,13.009382247924805,13.009382247924805,0,0.0,0.0
2007-03-16 00:00:00-04:00,13.009382247924805,13.009382247924805,13.009382247924805,13.009382247924805,0,0.0,0.0
2007-03-19 00:00:00-04:00,13.009382247924805,13.009382247924805,13.009382247924805,13.009382247924805,0,0.0,0.0
2007-03-20 00:00:00-04:00,13.009382247924805,13.009382247924805,13.009382247924805,13.009382247924805,0,0.0,0.0
2007-03-21 00:00:00-04:00,13.212655067443848,13.212655067443848,13.212655067443848,13.212655067443848,600,0.0,0.0
2007-03-22 00:00:00-04:00,13.212655067443848,13.212655067443848,13.212655067443848,13.212655067443848,0,0.0,0.0
2007-03-23 00:00:00-04:00,13.253310203552246,13.253310203552246,13.253310203552246,13.253310203552246,700,0.0,0.0
2007-03-26 00:00:00-04:00,13.228915945559947,13.415925443172455,13.009382247924805,13.009382247924805,9100,0.0,0.0
2007-03-27 00:00:00-04:00,13.009382944258432,13.009382944258432,12.806111335754395,12.806111335754395,4000,0.0,0.0
2007-03-28 00:00:00-04:00,12.806111335754395,12.806111335754395,12.806111335754395,12.806111335754395,0,0.0,0.0
2007-03-29 00:00:00-04:00,13.009379671023613,13.009379671023613,12.968725204467773,12.968725204467773,2700,0.0,0.0
2007-03-30 00:00:00-04:00,12.846765518188477,12.846765518188477,12.846765518188477,12.846765518188477,300,0.0,0.0
2007-04-02 00:00:00-04:00,12.846765518188477,12.846765518188477,12.846765518188477,12.846765518188477,0,0.0,0.0
2007-04-03 00:00:00-04:00,12.846765518188477,12.846765518188477,12.846765518188477,12.846765518188477,0,0.0,0.0
2007-04-04 00:00:00-04:00,13.009382247924805,13.009382247924805,13.009382247924805,13.009382247924805,3000,0.0,0.0
2007-04-05 00:00:00-04:00,13.009382247924805,13.009382247924805,13.009382247924805,13.009382247924805,0,0.0,0.0
2007-04-09 00:00:00-04:00,13.009382247924805,13.009382247924805,12.928073298707432,13.009382247924805,3400,0.0,0.0
2007-04-10 00:00:00-04:00,12.92807388305664,12.92807388305664,12.92807388305664,12.92807388305664,200,0.0,0.0
2007-04-11 00:00:00-04:00,12.92807388305664,12.92807388305664,12.92807388305664,12.92807388305664,0,0.0,0.0
2007-04-12 00:00:00-04:00,13.009382247924805,13.009382247924805,13.009382247924805,13.009382247924805,600,0.0,0.0
2007-04-13 00:00:00-04:00,13.009382247924805,13.009382247924805,13.009382247924805,13.009382247924805,0,0.0,0.0
2007-04-16 00:00:00-04:00,13.009382247924805,13.009382247924805,13.009382247924805,13.009382247924805,0,0.0,0.0
2007-04-17 00:00:00-04:00,13.009382247924805,13.009382247924805,13.009382247924805,13.009382247924805,47400,0.0,0.0
2007-04-18 00:00:00-04:00,13.009382247924805,13.009382247924805,13.009382247924805,13.009382247924805,7500,0.0,0.0
2007-04-19 00:00:00-04:00,13.537888091578907,13.537888091578907,13.009382247924805,13.009382247924805,12700,0.0,0.0
2007-04-20 00:00:00-04:00,12.968725204467773,12.968725204467773,12.968725204467773,12.968725204467773,300,0.0,0.0
2007-04-23 00:00:00-04:00,12.968725204467773,12.968725204467773,12.968725204467773,12.968725204467773,4000,0.0,0.0
2007-04-24 00:00:00-04:00,12.968725204467773,12.968725204467773,12.968725204467773,12.968725204467773,0,0.0,0.0
2007-04-25 00:00:00-04:00,12.968725204467773,12.968725204467773,12.968725204467773,12.968725204467773,0,0.0,0.0
2007-04-26 00:00:00-04:00,12.968725204467773,12.968725204467773,12.968725204467773,12.968725204467773,0,0.0,0.0
2007-04-27 00:00:00-04:00,13.009382247924805,13.009382247924805,13.009382247924805,13.009382247924805,500,0.0,0.0
2007-04-30 00:00:00-04:00,13.212655067443848,13.212655067443848,13.212655067443848,13.212655067443848,200,0.0,0.0
2007-05-01 00:00:00-04:00,13.009382247924805,13.009382247924805,13.009382247924805,13.009382247924805,500,0.0,0.0
2007-05-02 00:00:00-04:00,13.00938283594918,13.00938283594918,12.92807388305664,12.92807388305664,3100,0.0,0.0
2007-05-03 00:00:00-04:00,12.92807388305664,12.92807388305664,12.92807388305664,12.92807388305664,0,0.0,0.0
2007-05-04 00:00:00-04:00,12.92807388305664,12.92807388305664,12.92807388305664,12.92807388305664,0,0.0,0.0
2007-05-07 00:00:00-04:00,12.92807388305664,12.92807388305664,12.92807388305664,12.92807388305664,0,0.0,0.0
2007-05-08 00:00:00-04:00,12.968725204467773,12.968725204467773,12.968725204467773,12.968725204467773,300,0.0,0.0
2007-05-09 00:00:00-04:00,12.968725204467773,12.968725204467773,12.968725204467773,12.968725204467773,0,0.0,0.0
2007-05-10 00:00:00-04:00,12.968725204467773,12.968725204467773,12.968725204467773,12.968725204467773,0,0.0,0.0
2007-05-11 00:00:00-04:00,12.968725204467773,12.968725204467773,12.968725204467773,12.968725204467773,0,0.0,0.0
2007-05-14 00:00:00-04:00,12.968725204467773,12.968725204467773,12.968725204467773,12.968725204467773,700,0.0,0.0
2007-05-15 00:00:00-04:00,12.968725204467773,12.968725204467773,12.968725204467773,12.968725204467773,0,0.0,0.0
2007-05-16 00:00:00-04:00,12.968725204467773,12.968725204467773,12.968725204467773,12.968725204467773,0,0.0,0.0
2007-05-17 00:00:00-04:00,13.009382247924805,13.009382247924805,13.009382247924805,13.009382247924805,1000,0.0,0.0
2007-05-18 00:00:00-04:00,12.928073298707432,13.009382247924805,12.928073298707432,13.009382247924805,14900,0.0,0.0
2007-05-21 00:00:00-04:00,13.009382247924805,13.009382247924805,13.009382247924805,13.009382247924805,20800,0.0,0.0
2007-05-22 00:00:00-04:00,13.009382247924805,13.009382247924805,13.009382247924805,13.009382247924805,0,0.0,0.0
2007-05-23 00:00:00-04:00,13.009382247924805,13.009382247924805,13.009382247924805,13.009382247924805,0,0.0,0.0
2007-05-24 00:00:00-04:00,13.009382247924805,13.009382247924805,13.009382247924805,13.009382247924805,0,0.0,0.0
2007-05-25 00:00:00-04:00,13.009382247924805,13.009382247924805,13.009382247924805,13.009382247924805,0,0.0,0.0
2007-05-29 00:00:00-04:00,13.212655067443848,13.212655067443848,13.172001364495149,13.212655067443848,4200,0.0,0.0
2007-05-30 00:00:00-04:00,13.009382247924805,13.009382247924805,13.009382247924805,13.009382247924805,5500,0.0,0.0
2007-05-31 00:00:00-04:00,13.009382247924805,13.009382247924805,13.009382247924805,13.009382247924805,0,0.0,0.0
2007-06-01 00:00:00-04:00,13.009382247924805,13.009382247924805,13.009382247924805,13.009382247924805,0,0.0,0.0
2007-06-04 00:00:00-04:00,13.009382247924805,13.009382247924805,13.009382247924805,13.009382247924805,0,0.0,0.0
2007-06-05 00:00:00-04:00,12.92807388305664,12.92807388305664,12.92807388305664,12.92807388305664,200,0.0,0.0
2007-06-06 00:00:00-04:00,12.92807388305664,12.92807388305664,12.92807388305664,12.92807388305664,0,0.0,0.0
2007-06-07 00:00:00-04:00,12.92807388305664,12.92807388305664,12.92807388305664,12.92807388305664,700,0.0,0.0
2007-06-08 00:00:00-04:00,12.92807388305664,12.92807388305664,12.92807388305664,12.92807388305664,0,0.0,0.0
2007-06-11 00:00:00-04:00,12.928074494284877,13.212655067443848,12.928074494284877,13.212655067443848,1700,0.0,0.0
2007-06-12 00:00:00-04:00,13.212655067443848,13.212655067443848,13.212655067443848,13.212655067443848,0,0.0,0.0
2007-06-13 00:00:00-04:00,13.009382678616431,13.009382678616431,12.602839469909668,12.602839469909668,6700,0.0,0.0
2007-06-14 00:00:00-04:00,12.602839469909668,12.602839469909668,12.602839469909668,12.602839469909668,0,0.0,0.0
2007-06-15 00:00:00-04:00,13.009382247924805,13.009382247924805,13.009382247924805,13.009382247924805,2100,0.0,0.0
2007-06-18 00:00:00-04:00,13.009382247924805,13.009382247924805,13.009382247924805,13.009382247924805,10000,0.0,0.0
2007-06-19 00:00:00-04:00,12.92807388305664,12.92807388305664,12.92807388305664,12.92807388305664,4000,0.0,0.0
2007-06-20 00:00:00-04:00,13.009382247924805,13.009382247924805,13.009382247924805,13.009382247924805,200,0.0,0.0
2007-06-21 00:00:00-04:00,13.009382247924805,13.009382247924805,13.009382247924805,13.009382247924805,8000,0.0,0.0
2007-06-22 00:00:00-04:00,13.009382247924805,13.009382247924805,13.009382247924805,13.009382247924805,0,0.0,0.0
2007-06-25 00:00:00-04:00,13.009382247924805,13.009382247924805,13.009382247924805,13.009382247924805,0,0.0,0.0
2007-06-26 00:00:00-04:00,12.968725204467773,12.968725204467773,12.968725204467773,12.968725204467773,1000,0.0,0.0
2007-06-27 00:00:00-04:00,12.968725204467773,12.968725204467773,12.968725204467773,12.968725204467773,0,0.0,0.0
2007-06-28 00:00:00-04:00,12.928073990688958,12.928073990688958,12.806111335754395,12.806111335754395,400,0.0,0.0
2007-06-29 00:00:00-04:00,12.684148575218309,12.92807388305664,12.684148575218309,12.92807388305664,10000,0.0,0.0
2007-07-02 00:00:00-04:00,12.92807388305664,12.92807388305664,12.92807388305664,12.92807388305664,0,0.0,0.0
2007-07-03 00:00:00-04:00,12.602838421241795,12.724801063537598,12.602838421241795,12.724801063537598,8500,0.0,0.0
2007-07-05 00:00:00-04:00,12.765454292297363,12.765454292297363,12.765454292297363,12.765454292297363,500,0.0,0.0
2007-07-06 00:00:00-04:00,12.765454292297363,12.765454292297363,12.765454292297363,12.765454292297363,0,0.0,0.0
2007-07-09 00:00:00-04:00,12.684148788452148,12.684148788452148,12.684148788452148,12.684148788452148,2700,0.0,0.0
2007-07-10 00:00:00-04:00,12.684148788452148,12.684148788452148,12.684148788452148,12.684148788452148,0,0.0,0.0
2007-07-11 00:00:00-04:00,12.684148788452148,12.684148788452148,12.684148788452148,12.684148788452148,0,0.0,0.0
2007-07-12 00:00:00-04:00,12.684148788452148,12.684148788452148,12.684148788452148,12.684148788452148,400,0.0,0.0
2007-07-13 00:00:00-04:00,12.684148788452148,12.684148788452148,12.684148788452148,12.684148788452148,0,0.0,0.0
2007-07-16 00:00:00-04:00,12.684148788452148,12.684148788452148,12.684148788452148,12.684148788452148,0,0.0,0.0
2007-07-17 00:00:00-04:00,12.684148788452148,12.684148788452148,12.684148788452148,12.684148788452148,0,0.0,0.0
2007-07-18 00:00:00-04:00,12.684148788452148,12.684148788452148,12.684148788452148,12.684148788452148,800,0.0,0.0
2007-07-19 00:00:00-04:00,12.806111335754395,12.806111335754395,12.806111335754395,12.806111335754395,300,0.0,0.0
2007-07-20 00:00:00-04:00,12.806111335754395,12.806111335754395,12.806111335754395,12.806111335754395,0,0.0,0.0
2007-07-23 00:00:00-04:00,12.521530151367188,12.521530151367188,12.521530151367188,12.521530151367188,1000,0.0,0.0
2007-07-24 00:00:00-04:00,12.521530151367188,12.521530151367188,12.521530151367188,12.521530151367188,0,0.0,0.0
2007-07-25 00:00:00-04:00,12.521530151367188,12.521530151367188,12.521530151367188,12.521530151367188,0,0.0,0.0
2007-07-26 00:00:00-04:00,12.440222780816354,12.440222780816354,12.196296691894531,12.196296691894531,800,0.0,0.0
2007-07-27 00:00:00-04:00,12.196294778829827,12.196294778829827,10.6514310836792,10.6514310836792,1400,0.0,0.0
2007-07-30 00:00:00-04:00,10.6514310836792,10.6514310836792,10.6514310836792,10.6514310836792,0,0.0,0.0
2007-07-31 00:00:00-04:00,12.196296691894531,12.196296691894531,12.196296691894531,12.196296691894531,100,0.0,0.0
2007-08-01 00:00:00-04:00,12.196296691894531,12.196296691894531,12.196296691894531,12.196296691894531,0,0.0,0.0
2007-08-02 00:00:00-04:00,12.196296691894531,12.196296691894531,12.196296691894531,12.196296691894531,0,0.0,0.0
2007-08-03 00:00:00-04:00,12.196296691894531,12.196296691894531,12.196296691894531,12.196296691894531,0,0.0,0.0
2007-08-06 00:00:00-04:00,10.854703903198242,10.854703903198242,10.854703903198242,10.854703903198242,200,0.0,0.0
2007-08-07 00:00:00-04:00,10.570122718811035,10.732739836324212,10.163579537318302,10.570122718811035,2600,0.0,0.0
2007-08-08 00:00:00-04:00,10.773392977537933,10.976664543151855,10.773392977537933,10.976664543151855,1200,0.0,0.0
2007-08-09 00:00:00-04:00,10.570122718811035,10.570122718811035,10.570122718811035,10.570122718811035,2700,0.0,0.0
2007-08-10 00:00:00-04:00,10.570122718811035,10.570122718811035,10.570122718811035,10.570122718811035,0,0.0,0.0
2007-08-13 00:00:00-04:00,10.570122718811035,10.570122718811035,10.570122718811035,10.570122718811035,0,0.0,0.0
2007-08-14 00:00:00-04:00,11.041715621948242,11.041715621948242,10.976668758008442,11.041715621948242,5300,0.0,0.0
2007-08-15 00:00:00-04:00,11.041715621948242,11.041715621948242,11.041715621948242,11.041715621948242,0,0.0,0.0
2007-08-16 00:00:00-04:00,11.041715621948242,11.041715621948242,11.041715621948242,11.041715621948242,0,0.0,0.0
2007-08-17 00:00:00-04:00,11.041715621948242,11.041715621948242,11.041715621948242,11.041715621948242,0,0.0,0.0
2007-08-20 00:00:00-04:00,11.041715621948242,11.041715621948242,11.041715621948242,11.041715621948242,0,0.0,0.0
2007-08-21 00:00:00-04:00,11.041715621948242,11.041715621948242,11.041715621948242,11.041715621948242,0,0.0,0.0
2007-08-22 00:00:00-04:00,11.041715621948242,11.041715621948242,11.041715621948242,11.041715621948242,0,0.0,0.0
2007-08-23 00:00:00-04:00,11.041715621948242,11.041715621948242,11.041715621948242,11.041715621948242,0,0.0,0.0
2007-08-24 00:00:00-04:00,11.01732063293457,11.01732063293457,11.01732063293457,11.01732063293457,400,0.0,0.0
2007-08-27 00:00:00-04:00,11.01732063293457,11.01732063293457,11.01732063293457,11.01732063293457,0,0.0,0.0
2007-08-28 00:00:00-04:00,11.01732063293457,11.01732063293457,11.01732063293457,11.01732063293457,0,0.0,0.0
2007-08-29 00:00:00-04:00,11.01732063293457,11.01732063293457,11.01732063293457,11.01732063293457,0,0.0,0.0
2007-08-30 00:00:00-04:00,11.179937754276489,11.179937754276489,11.01732063293457,11.01732063293457,800,0.0,0.0
2007-08-31 00:00:00-04:00,11.01732063293457,11.01732063293457,11.01732063293457,11.01732063293457,0,0.0,0.0
2007-09-04 00:00:00-04:00,11.22059440612793,11.22059440612793,11.22059440612793,11.22059440612793,1000,0.0,0.0
2007-09-05 00:00:00-04:00,11.22059440612793,11.22059440612793,11.22059440612793,11.22059440612793,0,0.0,0.0
2007-09-06 00:00:00-04:00,11.22059440612793,11.22059440612793,11.22059440612793,11.22059440612793,0,0.0,0.0
2007-09-07 00:00:00-04:00,11.383208274841309,11.383208274841309,11.383208274841309,11.383208274841309,200,0.0,0.0
2007-09-10 00:00:00-04:00,11.383208274841309,11.383208274841309,11.383208274841309,11.383208274841309,0,0.0,0.0
2007-09-11 00:00:00-04:00,11.383208274841309,11.383208274841309,11.383208274841309,11.383208274841309,0,0.0,0.0
2007-09-12 00:00:00-04:00,11.383208274841309,11.383208274841309,11.383208274841309,11.383208274841309,0,0.0,0.0
2007-09-13 00:00:00-04:00,11.383208274841309,11.383208274841309,11.383208274841309,11.383208274841309,0,0.0,0.0
2007-09-14 00:00:00-04:00,11.993025080362957,12.196296691894531,11.993025080362957,12.196296691894531,300,0.0,0.0
2007-09-17 00:00:00-04:00,12.196296691894531,12.196296691894531,12.196296691894531,12.196296691894531,0,0.0,0.0
2007-09-18 00:00:00-04:00,12.196295351684663,12.358912467956543,12.196295351684663,12.358912467956543,400,0.0,0.0
2007-09-19 00:00:00-04:00,12.358913389601684,12.602839469909668,12.358913389601684,12.602839469909668,700,0.0,0.0
2007-09-20 00:00:00-04:00,12.602839469909668,12.602839469909668,12.602839469909668,12.602839469909668,0,0.0,0.0
2007-09-21 00:00:00-04:00,12.602839469909668,12.602839469909668,12.602839469909668,12.602839469909668,0,0.0,0.0
2007-09-24 00:00:00-04:00,12.602839469909668,12.602839469909668,12.602839469909668,12.602839469909668,0,0.0,0.0
2007-09-25 00:00:00-04:00,12.602839469909668,12.602839469909668,12.602839469909668,12.602839469909668,600,0.0,0.0
2007-09-26 00:00:00-04:00,12.602839469909668,12.602839469909668,12.602839469909668,12.602839469909668,0,0.0,0.0
2007-09-27 00:00:00-04:00,12.602839469909668,12.602839469909668,12.602839469909668,12.602839469909668,0,0.0,0.0
2007-09-28 00:00:00-04:00,12.602839469909668,12.602839469909668,12.602839469909668,12.602839469909668,0,0.0,0.0
2007-10-01 00:00:00-04:00,12.602839469909668,12.602839469909668,12.602839469909668,12.602839469909668,0,0.0,0.0
2007-10-02 00:00:00-04:00,12.602839469909668,12.602839469909668,12.602839469909668,12.602839469909668,0,0.0,0.0
2007-10-03 00:00:00-04:00,12.602839469909668,12.602839469909668,12.602839469909668,12.602839469909668,0,0.0,0.0
2007-10-04 00:00:00-04:00,12.602839469909668,12.602839469909668,12.602839469909668,12.602839469909668,0,0.0,0.0
2007-10-05 00:00:00-04:00,12.602839469909668,12.602839469909668,12.602839469909668,12.602839469909668,0,0.0,0.0
2007-10-08 00:00:00-04:00,12.602839469909668,12.602839469909668,12.602839469909668,12.602839469909668,0,0.0,0.0
2007-10-09 00:00:00-04:00,12.602839469909668,12.602839469909668,12.602839469909668,12.602839469909668,0,0.0,0.0
2007-10-10 00:00:00-04:00,12.196296691894531,12.196296691894531,12.196296691894531,12.196296691894531,5400,0.0,0.0
2007-10-11 00:00:00-04:00,12.196296691894531,12.196296691894531,12.196296691894531,12.196296691894531,2000,0.0,0.0
2007-10-12 00:00:00-04:00,11.871058005968157,11.911711692810059,11.871058005968157,11.911711692810059,900,0.0,0.0
2007-10-15 00:00:00-04:00,11.911711692810059,11.911711692810059,11.911711692810059,11.911711692810059,0,0.0,0.0
2007-10-16 00:00:00-04:00,11.911711692810059,11.911711692810059,11.911711692810059,11.911711692810059,0,0.0,0.0
2007-10-17 00:00:00-04:00,11.871061325073242,11.871061325073242,11.871061325073242,11.871061325073242,200,0.0,0.0
2007-10-18 00:00:00-04:00,11.871061325073242,11.871061325073242,11.871061325073242,11.871061325073242,0,0.0,0.0
2007-10-19 00:00:00-04:00,11.871062871729197,11.871062871729197,11.789753913879395,11.789753913879395,1100,0.0,0.0
2007-10-22 00:00:00-04:00,11.789753913879395,11.789753913879395,11.789753913879395,11.789753913879395,0,0.0,0.0
2007-10-23 00:00:00-04:00,12.114987737114037,12.196296691894531,12.114987737114037,12.196296691894531,500,0.0,0.0
2007-10-24 00:00:00-04:00,12.196296691894531,12.196296691894531,12.196296691894531,12.196296691894531,0,0.0,0.0
2007-10-25 00:00:00-04:00,12.196296691894531,12.196296691894531,12.196296691894531,12.196296691894531,0,0.0,0.0
2007-10-26 00:00:00-04:00,12.196296691894531,12.196296691894531,12.196296691894531,12.196296691894531,0,0.0,0.0
2007-10-29 00:00:00-04:00,12.196296691894531,12.196296691894531,12.196296691894531,12.196296691894531,0,0.0,0.0
2007-10-30 00:00:00-04:00,12.196296691894531,12.196296691894531,12.196296691894531,12.196296691894531,0,0.0,0.0
2007-10-31 00:00:00-04:00,12.23695116928478,12.23695116928478,12.196296691894531,12.196296691894531,2700,0.0,0.0
2007-11-01 00:00:00-04:00,12.196296691894531,12.196296691894531,12.196296691894531,12.196296691894531,0,0.0,0.0
2007-11-02 00:00:00-04:00,12.196296691894531,12.196296691894531,12.196296691894531,12.196296691894531,0,0.0,0.0
2007-11-05 00:00:00-05:00,12.196296691894531,12.196296691894531,12.196296691894531,12.196296691894531,0,0.0,0.0
2007-11-06 00:00:00-05:00,12.196296691894531,12.196296691894531,12.196296691894531,12.196296691894531,0,0.0,0.0
2007-11-07 00:00:00-05:00,12.196296691894531,12.196296691894531,12.196296691894531,12.196296691894531,0,0.0,0.0
2007-11-08 00:00:00-05:00,11.830406203070007,11.830406203070007,10.610776713586905,11.098628044128418,2000,0.0,0.0
2007-11-09 00:00:00-05:00,11.098628044128418,11.098628044128418,11.098628044128418,11.098628044128418,0,0.0,0.0
2007-11-12 00:00:00-05:00,11.545826216965706,11.993023872375488,11.545826216965706,11.993023872375488,1000,0.0,0.0
2007-11-13 00:00:00-05:00,11.993023872375488,11.993023872375488,11.993023872375488,11.993023872375488,0,0.0,0.0
2007-11-14 00:00:00-05:00,11.993023872375488,11.993023872375488,11.993023872375488,11.993023872375488,0,0.0,0.0
2007-11-15 00:00:00-05:00,11.993023872375488,11.993023872375488,11.993023872375488,11.993023872375488,0,0.0,0.0
2007-11-16 00:00:00-05:00,12.196296691894531,12.196296691894531,12.196296691894531,12.196296691894531,900,0.0,0.0
2007-11-19 00:00:00-05:00,12.196296691894531,12.196296691894531,12.196296691894531,12.196296691894531,0,0.0,0.0
2007-11-20 00:00:00-05:00,12.196296691894531,12.196296691894531,12.196296691894531,12.196296691894531,0,0.0,0.0
2007-11-21 00:00:00-05:00,12.196296691894531,12.196296691894531,12.196296691894531,12.196296691894531,0,0.0,0.0
2007-11-23 00:00:00-05:00,12.196296691894531,12.196296691894531,12.196296691894531,12.196296691894531,0,0.0,0.0
2007-11-26 00:00:00-05:00,12.236950874328613,12.236950874328613,12.236950874328613,12.236950874328613,3300,0.0,0.0
2007-11-27 00:00:00-05:00,12.236950874328613,12.236950874328613,12.236950874328613,12.236950874328613,0,0.0,0.0
2007-11-28 00:00:00-05:00,12.236950874328613,12.236950874328613,12.236950874328613,12.236950874328613,0,0.0,0.0
2007-11-29 00:00:00-05:00,12.236950874328613,12.236950874328613,12.236950874328613,12.236950874328613,0,0.0,0.0
2007-11-30 00:00:00-05:00,12.236950874328613,12.236950874328613,12.236950874328613,12.236950874328613,0,0.0,0.0
2007-12-03 00:00:00-05:00,12.236950874328613,12.236950874328613,12.236950874328613,12.236950874328613,0,0.0,0.0
2007-12-04 00:00:00-05:00,12.236950874328613,12.236950874328613,12.236950874328613,12.236950874328613,0,0.0,0.0
2007-12-05 00:00:00-05:00,12.236950874328613,12.236950874328613,12.236950874328613,12.236950874328613,0,0.0,0.0
2007-12-06 00:00:00-05:00,11.667789459228516,11.667789459228516,11.667789459228516,11.667789459228516,700,0.0,0.0
2007-12-07 00:00:00-05:00,11.667789459228516,11.667789459228516,11.667789459228516,11.667789459228516,0,0.0,0.0
2007-12-10 00:00:00-05:00,11.667789459228516,11.667789459228516,11.667789459228516,11.667789459228516,0,0.0,0.0
2007-12-11 00:00:00-05:00,11.667789459228516,11.667789459228516,11.667789459228516,11.667789459228516,200,0.0,0.0
2007-12-12 00:00:00-05:00,11.667789459228516,11.667789459228516,11.667789459228516,11.667789459228516,0,0.0,0.0
2007-12-13 00:00:00-05:00,11.66779166450344,11.66779166450344,11.627137184143066,11.627137184143066,1000,0.0,0.0
2007-12-14 00:00:00-05:00,11.627137184143066,11.627137184143066,11.627137184143066,11.627137184143066,0,0.0,0.0
2007-12-17 00:00:00-05:00,11.627137184143066,11.627137184143066,11.627137184143066,11.627137184143066,0,0.0,0.0
2007-12-18 00:00:00-05:00,12.196296691894531,12.196296691894531,12.196296691894531,12.196296691894531,5500,0.0,0.0
2007-12-19 00:00:00-05:00,12.196296691894531,12.196296691894531,12.196296691894531,12.196296691894531,0,0.0,0.0
2007-12-20 00:00:00-05:00,12.196296691894531,12.196296691894531,12.196296691894531,12.196296691894531,5000,0.0,0.0
2007-12-21 00:00:00-05:00,12.196296691894531,12.196296691894531,12.196296691894531,12.196296691894531,0,0.0,0.0
2007-12-24 00:00:00-05:00,12.196296691894531,12.196296691894531,12.196296691894531,12.196296691894531,0,0.0,0.0
2007-12-26 00:00:00-05:00,11.667789459228516,11.667789459228516,11.667789459228516,11.667789459228516,200,0.0,0.0
2007-12-27 00:00:00-05:00,11.66779166450344,11.66779166450344,11.627137184143066,11.627137184143066,1400,0.0,0.0
2007-12-28 00:00:00-05:00,11.627137184143066,11.627137184143066,11.627137184143066,11.627137184143066,0,0.0,0.0
2007-12-31 00:00:00-05:00,11.342550553976443,11.350681600800415,11.301896095275879,11.301896095275879,2400,0.0,0.0
2008-01-02 00:00:00-05:00,10.773392977537933,10.976664543151855,10.773392977537933,10.976664543151855,600,0.0,0.0
2008-01-03 00:00:00-05:00,10.81404751447668,10.81404751447668,10.6107759475708,10.6107759475708,600,0.0,0.0
2008-01-04 00:00:00-05:00,10.6107759475708,10.6107759475708,10.6107759475708,10.6107759475708,0,0.0,0.0
2008-01-07 00:00:00-05:00,10.6107759475708,10.6107759475708,10.6107759475708,10.6107759475708,0,0.0,0.0
2008-01-08 00:00:00-05:00,10.976665300946845,10.976665300946845,10.6514310836792,10.6514310836792,1500,0.0,0.0
2008-01-09 00:00:00-05:00,10.6514310836792,10.6514310836792,10.6514310836792,10.6514310836792,0,0.0,0.0
2008-01-10 00:00:00-05:00,10.6514310836792,10.6514310836792,10.6514310836792,10.6514310836792,0,0.0,0.0
2008-01-11 00:00:00-05:00,10.6514310836792,10.6514310836792,10.6514310836792,10.6514310836792,0,0.0,0.0
2008-01-14 00:00:00-05:00,10.6514310836792,10.6514310836792,10.6514310836792,10.6514310836792,0,0.0,0.0
2008-01-15 00:00:00-05:00,10.69208812713623,10.69208812713623,10.69208812713623,10.69208812713623,500,0.0,0.0
2008-01-16 00:00:00-05:00,10.69208812713623,10.69208812713623,10.69208812713623,10.69208812713623,0,0.0,0.0
2008-01-17 00:00:00-05:00,10.81404942754117,10.854703903198242,10.81404942754117,10.854703903198242,6700,0.0,0.0
2008-01-18 00:00:00-05:00,10.81404942754117,10.854703903198242,10.81404942754117,10.854703903198242,2000,0.0,0.0
2008-01-22 00:00:00-05:00,10.854703903198242,10.854703903198242,10.854703903198242,10.854703903198242,0,0.0,0.0
2008-01-23 00:00:00-05:00,10.854703903198242,10.854703903198242,10.854703903198242,10.854703903198242,0,0.0,0.0
2008-01-24 00:00:00-05:00,10.854703903198242,10.854703903198242,10.854703903198242,10.854703903198242,0,0.0,0.0
2008-01-25 00:00:00-05:00,10.854703903198242,10.854703903198242,10.854703903198242,10.854703903198242,0,0.0,0.0
2008-01-28 00:00:00-05:00,10.854703903198242,10.854703903198242,10.854703903198242,10.854703903198242,0,0.0,0.0
2008-01-29 00:00:00-05:00,10.854703903198242,10.854703903198242,10.854703903198242,10.854703903198242,0,0.0,0.0
2008-01-30 00:00:00-05:00,10.570122718811035,10.570122718811035,10.570122718811035,10.570122718811035,500,0.0,0.0
2008-01-31 00:00:00-05:00,10.976664180848395,11.139281272888184,10.976664180848395,11.139281272888184,4900,0.0,0.0
2008-02-01 00:00:00-05:00,10.895356178283691,10.895356178283691,10.895356178283691,10.895356178283691,300,0.0,0.0
2008-02-04 00:00:00-05:00,10.895356178283691,10.895356178283691,10.895356178283691,10.895356178283691,0,0.0,0.0
2008-02-05 00:00:00-05:00,10.895356178283691,10.895356178283691,10.895356178283691,10.895356178283691,0,0.0,0.0
2008-02-06 00:00:00-05:00,10.895353059108842,11.301896095275879,10.895353059108842,11.301896095275879,1500,0.0,0.0
2008-02-07 00:00:00-05:00,11.301896095275879,11.301896095275879,11.301896095275879,11.301896095275879,0,0.0,0.0
2008-02-08 00:00:00-05:00,11.301896095275879,11.301896095275879,11.301896095275879,11.301896095275879,0,0.0,0.0
2008-02-11 00:00:00-05:00,11.301896095275879,11.301896095275879,11.301896095275879,11.301896095275879,0,0.0,0.0
2008-02-12 00:00:00-05:00,11.301896095275879,11.301896095275879,11.301896095275879,11.301896095275879,0,0.0,0.0
2008-02-13 00:00:00-05:00,11.301896095275879,11.301896095275879,11.301896095275879,11.301896095275879,1700,0.0,0.0
2008-02-14 00:00:00-05:00,11.301896095275879,11.301896095275879,11.301896095275879,11.301896095275879,1800,0.0,0.0
2008-02-15 00:00:00-05:00,11.301896095275879,11.301896095275879,11.301896095275879,11.301896095275879,10000,0.0,0.0
2008-02-19 00:00:00-05:00,11.301896095275879,11.301896095275879,11.301896095275879,11.301896095275879,5500,0.0,0.0
2008-02-20 00:00:00-05:00,11.22059440612793,11.22059440612793,11.22059440612793,11.22059440612793,2100,0.0,0.0
2008-02-21 00:00:00-05:00,11.220587953294054,11.301896095275879,11.220587953294054,11.301896095275879,3500,0.0,0.0
2008-02-22 00:00:00-05:00,11.301896095275879,11.301896095275879,11.301896095275879,11.301896095275879,0,0.0,0.0
2008-02-25 00:00:00-05:00,11.301896095275879,11.301896095275879,11.301896095275879,11.301896095275879,0,0.0,0.0
2008-02-26 00:00:00-05:00,10.976664543151855,10.976664543151855,10.976664543151855,10.976664543151855,800,0.0,0.0
2008-02-27 00:00:00-05:00,11.301896095275879,11.301896095275879,11.301896095275879,11.301896095275879,500,0.0,0.0
2008-02-28 00:00:00-05:00,11.301896095275879,11.301896095275879,11.301896095275879,11.301896095275879,0,0.0,0.0
2008-02-29 00:00:00-05:00,11.301896095275879,11.301896095275879,11.301896095275879,11.301896095275879,20200,0.0,0.0
2008-03-03 00:00:00-05:00,11.220587953294054,11.301896095275879,11.220587953294054,11.301896095275879,400,0.0,0.0
2008-03-04 00:00:00-05:00,11.301896095275879,11.301896095275879,11.301896095275879,11.301896095275879,0,0.0,0.0
2008-03-05 00:00:00-05:00,11.301896095275879,11.301896095275879,11.301896095275879,11.301896095275879,0,0.0,0.0
2008-03-06 00:00:00-05:00,11.301896095275879,11.301896095275879,11.301896095275879,11.301896095275879,0,0.0,0.0
2008-03-07 00:00:00-05:00,11.139286821150616,11.30190399418686,10.366854667663574,10.366854667663574,2000,0.0,0.0
2008-03-10 00:00:00-04:00,10.366854667663574,10.366854667663574,10.366854667663574,10.366854667663574,0,0.0,0.0
2008-03-11 00:00:00-04:00,10.976664543151855,10.976664543151855,10.976664543151855,10.976664543151855,500,0.0,0.0
2008-03-12 00:00:00-04:00,10.976664543151855,10.976664543151855,10.976664543151855,10.976664543151855,0,0.0,0.0
2008-03-13 00:00:00-04:00,10.976664543151855,10.976664543151855,10.976664543151855,10.976664543151855,0,0.0,0.0
2008-03-14 00:00:00-04:00,11.139281272888184,11.139281272888184,11.139281272888184,11.139281272888184,6600,0.0,0.0
2008-03-17 00:00:00-04:00,11.139281272888184,11.139281272888184,11.139281272888184,11.139281272888184,0,0.0,0.0
2008-03-18 00:00:00-04:00,11.139281272888184,11.139281272888184,11.139281272888184,11.139281272888184,8800,0.0,0.0
2008-03-19 00:00:00-04:00,11.139281272888184,11.139281272888184,11.139281272888184,11.139281272888184,0,0.0,0.0
2008-03-20 00:00:00-04:00,11.139281272888184,11.139281272888184,11.139281272888184,11.139281272888184,0,0.0,0.0
2008-03-24 00:00:00-04:00,11.139281272888184,11.139281272888184,11.139281272888184,11.139281272888184,0,0.0,0.0
2008-03-25 00:00:00-04:00,10.976666710593483,11.179938316345215,10.976666710593483,11.179938316345215,900,0.0,0.0
2008-03-26 00:00:00-04:00,11.179938316345215,11.179938316345215,11.179938316345215,11.179938316345215,0,0.0,0.0
2008-03-27 00:00:00-04:00,11.383208274841309,11.383208274841309,11.383208274841309,11.383208274841309,1000,0.0,0.0
2008-03-28 00:00:00-04:00,11.383208274841309,11.383208274841309,11.383208274841309,11.383208274841309,0,0.0,0.0
2008-03-31 00:00:00-04:00,11.383208274841309,11.383208274841309,11.383208274841309,11.383208274841309,0,0.0,0.0
2008-04-01 00:00:00-04:00,11.383208274841309,11.383208274841309,11.383208274841309,11.383208274841309,0,0.0,0.0
2008-04-02 00:00:00-04:00,11.383208274841309,11.383208274841309,11.383208274841309,11.383208274841309,0,0.0,0.0
2008-04-03 00:00:00-04:00,11.179939056264944,11.789753913879395,11.179939056264944,11.789753913879395,1200,0.0,0.0
2008-04-04 00:00:00-04:00,11.789753913879395,11.789753913879395,11.789753913879395,11.789753913879395,0,0.0,0.0
2008-04-07 00:00:00-04:00,11.789753913879395,11.789753913879395,11.789753913879395,11.789753913879395,0,0.0,0.0
2008-04-08 00:00:00-04:00,11.789753913879395,11.789753913879395,11.789753913879395,11.789753913879395,0,0.0,0.0
2008-04-09 00:00:00-04:00,11.789753913879395,11.789753913879395,11.789753913879395,11.789753913879395,0,0.0,0.0
2008-04-10 00:00:00-04:00,10.976664543151855,10.976664543151855,10.976664543151855,10.976664543151855,5600,0.0,0.0
2008-04-11 00:00:00-04:00,11.383208274841309,11.383208274841309,11.383208274841309,11.383208274841309,1000,0.0,0.0
2008-04-14 00:00:00-04:00,11.383208274841309,11.383208274841309,11.383208274841309,11.383208274841309,11900,0.0,0.0
2008-04-15 00:00:00-04:00,11.383208274841309,11.383208274841309,11.383208274841309,11.383208274841309,0,0.0,0.0
2008-04-16 00:00:00-04:00,11.383208274841309,11.383208274841309,11.383208274841309,11.383208274841309,0,0.0,0.0
2008-04-17 00:00:00-04:00,11.383208274841309,11.383208274841309,11.383208274841309,11.383208274841309,0,0.0,0.0
2008-04-18 00:00:00-04:00,11.383208274841309,11.383208274841309,11.383208274841309,11.383208274841309,0,0.0,0.0
2008-04-21 00:00:00-04:00,11.383208274841309,11.383208274841309,11.383208274841309,11.383208274841309,0,0.0,0.0
2008-04-22 00:00:00-04:00,11.383208274841309,11.383208274841309,11.383208274841309,11.383208274841309,0,0.0,0.0
2008-04-23 00:00:00-04:00,11.383208274841309,11.383208274841309,11.383208274841309,11.383208274841309,0,0.0,0.0
2008-04-24 00:00:00-04:00,11.179938316345215,11.179938316345215,11.179938316345215,11.179938316345215,400,0.0,0.0
2008-04-25 00:00:00-04:00,11.179938316345215,11.179938316345215,11.179938316345215,11.179938316345215,0,0.0,0.0
2008-04-28 00:00:00-04:00,11.179938316345215,11.179938316345215,11.179938316345215,11.179938316345215,300,0.0,0.0
2008-04-29 00:00:00-04:00,11.179938316345215,11.179938316345215,11.179938316345215,11.179938316345215,0,0.0,0.0
2008-04-30 00:00:00-04:00,11.179938316345215,11.179938316345215,11.179938316345215,11.179938316345215,0,0.0,0.0
2008-05-01 00:00:00-04:00,11.179938316345215,11.179938316345215,11.179938316345215,11.179938316345215,0,0.0,0.0
2008-05-02 00:00:00-04:00,11.179938316345215,11.179938316345215,11.179938316345215,11.179938316345215,0,0.0,0.0
2008-05-05 00:00:00-04:00,11.342557907104492,11.342557907104492,11.342557907104492,11.342557907104492,600,0.0,0.0
2008-05-06 00:00:00-04:00,11.342557907104492,11.342557907104492,11.342557907104492,11.342557907104492,0,0.0,0.0
2008-05-07 00:00:00-04:00,11.179938316345215,11.179938316345215,11.179938316345215,11.179938316345215,300,0.0,0.0
2008-05-08 00:00:00-04:00,10.570122718811035,10.570122718811035,10.570122718811035,10.570122718811035,200,0.0,0.0
2008-05-09 00:00:00-04:00,10.570122718811035,10.570122718811035,10.570122718811035,10.570122718811035,0,0.0,0.0
2008-05-12 00:00:00-04:00,10.570122718811035,10.570122718811035,10.570122718811035,10.570122718811035,0,0.0,0.0
2008-05-13 00:00:00-04:00,10.570122718811035,10.570122718811035,10.570122718811035,10.570122718811035,0,0.0,0.0
2008-05-14 00:00:00-04:00,10.570122718811035,10.570122718811035,10.570122718811035,10.570122718811035,0,0.0,0.0
2008-05-15 00:00:00-04:00,10.570122718811035,10.570122718811035,10.570122718811035,10.570122718811035,0,0.0,0.0
2008-05-16 00:00:00-04:00,10.570122718811035,10.570122718811035,10.570122718811035,10.570122718811035,0,0.0,0.0
2008-05-19 00:00:00-04:00,10.570122718811035,10.570122718811035,10.570122718811035,10.570122718811035,0,0.0,0.0
2008-05-20 00:00:00-04:00,10.570122718811035,10.570122718811035,10.570122718811035,10.570122718811035,0,0.0,0.0
2008-05-21 00:00:00-04:00,10.570122718811035,10.570122718811035,10.570122718811035,10.570122718811035,0,0.0,0.0
2008-05-22 00:00:00-04:00,10.570122718811035,10.570122718811035,10.570122718811035,10.570122718811035,0,0.0,0.0
2008-05-23 00:00:00-04:00,10.773396654082083,11.22059440612793,10.773396654082083,11.22059440612793,3400,0.0,0.0
2008-05-27 00:00:00-04:00,11.22059440612793,11.22059440612793,11.22059440612793,11.22059440612793,0,0.0,0.0
2008-05-28 00:00:00-04:00,11.22059440612793,11.22059440612793,11.22059440612793,11.22059440612793,200,0.0,0.0
2008-05-29 00:00:00-04:00,11.220591168856052,11.383208274841309,11.220591168856052,11.383208274841309,11900,0.0,0.0
2008-05-30 00:00:00-04:00,11.22059440612793,11.22059440612793,11.22059440612793,11.22059440612793,200,0.0,0.0
2008-06-02 00:00:00-04:00,10.976664543151855,10.976664543151855,10.976664543151855,10.976664543151855,400,0.0,0.0
2008-06-03 00:00:00-04:00,11.139281272888184,11.139281272888184,11.139281272888184,11.139281272888184,2000,0.0,0.0
2008-06-04 00:00:00-04:00,11.01732063293457,11.01732063293457,11.01732063293457,11.01732063293457,200,0.0,0.0
2008-06-05 00:00:00-04:00,11.179935739752995,11.179935739752995,11.139281272888184,11.139281272888184,2000,0.0,0.0
2008-06-06 00:00:00-04:00,11.139281272888184,11.139281272888184,11.139281272888184,11.139281272888184,0,0.0,0.0
2008-06-09 00:00:00-04:00,10.976664180848395,11.179935739752995,10.976664180848395,11.139281272888184,4100,0.0,0.0
2008-06-10 00:00:00-04:00,11.139281272888184,11.139281272888184,11.139281272888184,11.139281272888184,0,0.0,0.0
2008-06-11 00:00:00-04:00,10.976664543151855,11.383207674379703,10.976664543151855,10.976664543151855,5300,0.0,0.0
2008-06-12 00:00:00-04:00,10.976664543151855,10.976664543151855,10.976664543151855,10.976664543151855,900,0.0,0.0
2008-06-13 00:00:00-04:00,11.383208274841309,11.383208274841309,11.383208274841309,11.383208274841309,100,0.0,0.0
2008-06-16 00:00:00-04:00,11.383208274841309,11.383208274841309,11.383208274841309,11.383208274841309,0,0.0,0.0
2008-06-17 00:00:00-04:00,11.383208274841309,11.383208274841309,11.383208274841309,11.383208274841309,0,0.0,0.0
2008-06-18 00:00:00-04:00,10.976666710593483,11.179938316345215,10.976666710593483,11.179938316345215,13100,0.0,0.0
2008-06-19 00:00:00-04:00,10.976664543151855,10.976664543151855,10.976664543151855,10.976664543151855,1100,0.0,0.0
2008-06-20 00:00:00-04:00,10.976664543151855,10.976664543151855,10.976664543151855,10.976664543151855,0,0.0,0.0
2008-06-23 00:00:00-04:00,10.976664543151855,10.976664543151855,10.976664543151855,10.976664543151855,2000,0.0,0.0
2008-06-24 00:00:00-04:00,10.976666710593483,11.179938316345215,10.976666710593483,11.179938316345215,1600,0.0,0.0
2008-06-25 00:00:00-04:00,10.976664543151855,10.976664543151855,10.976664543151855,10.976664543151855,1000,0.0,0.0
2008-06-26 00:00:00-04:00,10.976664543151855,10.976664543151855,10.976664543151855,10.976664543151855,0,0.0,0.0
2008-06-27 00:00:00-04:00,11.179938316345215,11.179938316345215,11.179938316345215,11.179938316345215,7600,0.0,0.0
2008-06-30 00:00:00-04:00,11.179938316345215,11.179938316345215,11.179938316345215,11.179938316345215,0,0.0,0.0
2008-07-01 00:00:00-04:00,11.179938316345215,11.179938316345215,11.179938316345215,11.179938316345215,0,0.0,0.0
2008-07-02 00:00:00-04:00,11.179938316345215,11.179938316345215,11.179938316345215,11.179938316345215,0,0.0,0.0
2008-07-03 00:00:00-04:00,11.179938316345215,11.179938316345215,11.179938316345215,11.179938316345215,0,0.0,0.0
2008-07-07 00:00:00-04:00,11.179938316345215,11.179938316345215,11.179938316345215,11.179938316345215,0,0.0,0.0
2008-07-08 00:00:00-04:00,11.179938316345215,11.179938316345215,11.179938316345215,11.179938316345215,0,0.0,0.0
2008-07-09 00:00:00-04:00,10.366854667663574,10.366854667663574,10.366854667663574,10.366854667663574,1000,0.0,0.0
2008-07-10 00:00:00-04:00,10.366854667663574,10.366854667663574,10.366854667663574,10.366854667663574,34000,0.0,0.0
2008-07-11 00:00:00-04:00,10.976669095597178,10.976669095597178,10.773397445678711,10.773397445678711,800,0.0,0.0
2008-07-14 00:00:00-04:00,10.773397445678711,10.773397445678711,10.773397445678711,10.773397445678711,0,0.0,0.0
2008-07-15 00:00:00-04:00,10.773397445678711,10.773397445678711,10.773397445678711,10.773397445678711,0,0.0,0.0
2008-07-16 00:00:00-04:00,10.773397445678711,10.773397445678711,10.773397445678711,10.773397445678711,0,0.0,0.0
2008-07-17 00:00:00-04:00,10.773397445678711,10.773397445678711,10.773397445678711,10.773397445678711,0,0.0,0.0
2008-07-18 00:00:00-04:00,10.773397445678711,10.773397445678711,10.773397445678711,10.773397445678711,0,0.0,0.0
2008-07-21 00:00:00-04:00,10.570125795760244,10.773397445678711,10.570125795760244,10.773397445678711,1400,0.0,0.0
2008-07-22 00:00:00-04:00,10.773397445678711,10.773397445678711,10.773397445678711,10.773397445678711,2000,0.0,0.0
2008-07-23 00:00:00-04:00,10.773397445678711,10.773397445678711,10.773397445678711,10.773397445678711,0,0.0,0.0
2008-07-24 00:00:00-04:00,10.773397445678711,10.773397445678711,10.773397445678711,10.773397445678711,0,0.0,0.0
2008-07-25 00:00:00-04:00,10.773392977537933,10.976664543151855,10.773392977537933,10.976664543151855,11200,0.0,0.0
2008-07-28 00:00:00-04:00,10.976664543151855,10.976664543151855,10.976664543151855,10.976664543151855,0,0.0,0.0
2008-07-29 00:00:00-04:00,10.773397445678711,10.773397445678711,10.773397445678711,10.773397445678711,1000,0.0,0.0
2008-07-30 00:00:00-04:00,10.976664543151855,10.976664543151855,10.57012141192401,10.976664543151855,13400,0.0,0.0
2008-07-31 00:00:00-04:00,10.976664543151855,10.976664543151855,10.976664543151855,10.976664543151855,0,0.0,0.0
2008-08-01 00:00:00-04:00,10.976664543151855,10.976664543151855,10.976664543151855,10.976664543151855,0,0.0,0.0
2008-08-04 00:00:00-04:00,10.976664543151855,10.976664543151855,10.976664543151855,10.976664543151855,0,0.0,0.0
2008-08-05 00:00:00-04:00,10.976664543151855,10.976664543151855,10.976664543151855,10.976664543151855,0,0.0,0.0
2008-08-06 00:00:00-04:00,10.976664543151855,10.976664543151855,10.976664543151855,10.976664543151855,0,0.0,0.0
2008-08-07 00:00:00-04:00,10.976664543151855,10.976664543151855,10.976664543151855,10.976664543151855,0,0.0,0.0
2008-08-08 00:00:00-04:00,10.976664543151855,10.976664543151855,10.976664543151855,10.976664543151855,0,0.0,0.0
2008-08-11 00:00:00-04:00,10.976664543151855,10.976664543151855,10.976664543151855,10.976664543151855,0,0.0,0.0
2008-08-12 00:00:00-04:00,10.976664543151855,10.976664543151855,10.976664543151855,10.976664543151855,0,0.0,0.0
2008-08-13 00:00:00-04:00,10.976664543151855,10.976664543151855,10.976664543151855,10.976664543151855,0,0.0,0.0
2008-08-14 00:00:00-04:00,10.976664543151855,10.976664543151855,10.976664543151855,10.976664543151855,0,0.0,0.0
2008-08-15 00:00:00-04:00,10.976664543151855,10.976664543151855,10.976664543151855,10.976664543151855,0,0.0,0.0
2008-08-18 00:00:00-04:00,10.976664543151855,10.976664543151855,10.976664543151855,10.976664543151855,0,0.0,0.0
2008-08-19 00:00:00-04:00,10.976664543151855,10.976664543151855,10.976664543151855,10.976664543151855,0,0.0,0.0
2008-08-20 00:00:00-04:00,10.976664543151855,10.976664543151855,10.976664543151855,10.976664543151855,0,0.0,0.0
2008-08-21 00:00:00-04:00,10.976664543151855,10.976664543151855,10.976664543151855,10.976664543151855,0,0.0,0.0
2008-08-22 00:00:00-04:00,10.976664543151855,10.976664543151855,10.976664543151855,10.976664543151855,0,0.0,0.0
2008-08-25 00:00:00-04:00,10.976664543151855,10.976664543151855,10.976664543151855,10.976664543151855,0,0.0,0.0
2008-08-26 00:00:00-04:00,10.570122718811035,10.570122718811035,10.570122718811035,10.570122718811035,5100,0.0,0.0
2008-08-27 00:00:00-04:00,10.570122718811035,10.570122718811035,10.570122718811035,10.570122718811035,0,0.0,0.0
2008-08-28 00:00:00-04:00,10.570122718811035,10.570122718811035,10.570122718811035,10.570122718811035,0,0.0,0.0
2008-08-29 00:00:00-04:00,10.570122718811035,10.570122718811035,10.570122718811035,10.570122718811035,0,0.0,0.0
2008-09-02 00:00:00-04:00,10.570122718811035,10.570122718811035,10.570122718811035,10.570122718811035,0,0.0,0.0
2008-09-03 00:00:00-04:00,10.570122718811035,10.570122718811035,10.570122718811035,10.570122718811035,0,0.0,0.0
2008-09-04 00:00:00-04:00,9.83834530229195,10.570122718811035,9.757036355825571,10.570122718811035,13600,0.0,0.0
2008-09-05 00:00:00-04:00,10.570122718811035,10.570122718811035,10.570122718811035,10.570122718811035,0,0.0,0.0
2008-09-08 00:00:00-04:00,10.570125795760244,10.773397445678711,10.570125795760244,10.773397445678711,5500,0.0,0.0
2008-09-09 00:00:00-04:00,10.773397445678711,10.773397445678711,10.773397445678711,10.773397445678711,0,0.0,0.0
2008-09-10 00:00:00-04:00,10.773397445678711,10.773397445678711,10.773397445678711,10.773397445678711,0,0.0,0.0
2008-09-11 00:00:00-04:00,10.773397445678711,10.773397445678711,10.773397445678711,10.773397445678711,0,0.0,0.0
2008-09-12 00:00:00-04:00,10.570122718811035,10.570122718811035,10.570122718811035,10.570122718811035,600,0.0,0.0
2008-09-15 00:00:00-04:00,10.570122718811035,10.570122718811035,10.570122718811035,10.570122718811035,2800,0.0,0.0
2008-09-16 00:00:00-04:00,10.570122718811035,10.570122718811035,10.570122718811035,10.570122718811035,0,0.0,0.0
2008-09-17 00:00:00-04:00,10.570122718811035,10.570122718811035,10.570122718811035,10.570122718811035,0,0.0,0.0
2008-09-18 00:00:00-04:00,10.570122718811035,10.570122718811035,10.570122718811035,10.570122718811035,0,0.0,0.0
2008-09-19 00:00:00-04:00,10.570122718811035,10.570122718811035,10.570122718811035,10.570122718811035,0,0.0,0.0
2008-09-22 00:00:00-04:00,10.570122718811035,10.570122718811035,10.570122718811035,10.570122718811035,0,0.0,0.0
2008-09-23 00:00:00-04:00,10.570122718811035,10.570122718811035,10.570122718811035,10.570122718811035,0,0.0,0.0
2008-09-24 00:00:00-04:00,10.570122718811035,10.570122718811035,10.570122718811035,10.570122718811035,0,0.0,0.0
2008-09-25 00:00:00-04:00,10.570122718811035,10.570122718811035,10.570122718811035,10.570122718811035,0,0.0,0.0
2008-09-26 00:00:00-04:00,10.570122718811035,10.570122718811035,10.570122718811035,10.570122718811035,0,0.0,0.0
2008-09-29 00:00:00-04:00,10.570122718811035,10.570122718811035,10.570122718811035,10.570122718811035,5000,0.0,0.0
2008-09-30 00:00:00-04:00,10.570122718811035,10.570122718811035,10.570122718811035,10.570122718811035,0,0.0,0.0
2008-10-01 00:00:00-04:00,10.570122718811035,10.570122718811035,10.570122718811035,10.570122718811035,5000,0.0,0.0
2008-10-02 00:00:00-04:00,10.570122718811035,10.570122718811035,10.570122718811035,10.570122718811035,0,0.0,0.0
2008-10-03 00:00:00-04:00,10.570122718811035,10.570122718811035,10.570122718811035,10.570122718811035,0,0.0,0.0
2008-10-06 00:00:00-04:00,10.570122718811035,10.570122718811035,10.570122718811035,10.570122718811035,0,0.0,0.0
2008-10-07 00:00:00-04:00,10.570122718811035,10.570122718811035,10.570122718811035,10.570122718811035,0,0.0,0.0
2008-10-08 00:00:00-04:00,10.204231262207031,10.204231262207031,10.204231262207031,10.204231262207031,500,0.0,0.0
2008-10-09 00:00:00-04:00,10.204231262207031,10.204231262207031,10.204231262207031,10.204231262207031,0,0.0,0.0
2008-10-10 00:00:00-04:00,10.204231262207031,10.204231262207031,10.204231262207031,10.204231262207031,0,0.0,0.0
2008-10-13 00:00:00-04:00,10.204231262207031,10.204231262207031,10.204231262207031,10.204231262207031,0,0.0,0.0
2008-10-14 00:00:00-04:00,10.52946662902832,10.52946662902832,10.52946662902832,10.52946662902832,1000,0.0,0.0
2008-10-15 00:00:00-04:00,10.204231262207031,10.204231262207031,10.204231262207031,10.204231262207031,1300,0.0,0.0
2008-10-16 00:00:00-04:00,10.204231262207031,10.204231262207031,10.204231262207031,10.204231262207031,0,0.0,0.0
2008-10-17 00:00:00-04:00,10.204231262207031,10.204231262207031,10.204231262207031,10.204231262207031,0,0.0,0.0
2008-10-20 00:00:00-04:00,9.960309028625488,9.960309028625488,9.960309028625488,9.960309028625488,200,0.0,0.0
2008-10-21 00:00:00-04:00,9.960309028625488,9.960309028625488,9.960309028625488,9.960309028625488,0,0.0,0.0
2008-10-22 00:00:00-04:00,9.960309028625488,9.960309028625488,9.960309028625488,9.960309028625488,0,0.0,0.0
2008-10-23 00:00:00-04:00,10.041617983924992,10.041617983924992,9.960309028625488,9.960309028625488,4000,0.0,0.0
2008-10-24 00:00:00-04:00,9.960309028625488,9.960309028625488,9.960309028625488,9.960309028625488,0,0.0,0.0
2008-10-27 00:00:00-04:00,9.757039070129395,9.757039070129395,9.757039070129395,9.757039070129395,200,0.0,0.0
2008-10-28 00:00:00-04:00,9.025261530232951,9.025261530232951,8.943952560424805,8.943952560424805,400,0.0,0.0
2008-10-29 00:00:00-04:00,8.943952560424805,8.943952560424805,8.943952560424805,8.943952560424805,0,0.0,0.0
2008-10-30 00:00:00-04:00,8.943952560424805,8.943952560424805,8.943952560424805,8.943952560424805,0,0.0,0.0
2008-10-31 00:00:00-04:00,8.943952560424805,8.943952560424805,8.943952560424805,8.943952560424805,0,0.0,0.0
2008-11-03 00:00:00-05:00,8.943952560424805,8.943952560424805,8.943952560424805,8.943952560424805,0,0.0,0.0
2008-11-04 00:00:00-05:00,8.943952560424805,8.943952560424805,8.943952560424805,8.943952560424805,0,0.0,0.0
2008-11-05 00:00:00-05:00,8.943952560424805,8.943952560424805,8.943952560424805,8.943952560424805,0,0.0,0.0
2008-11-06 00:00:00-05:00,8.943952560424805,8.943952560424805,8.943952560424805,8.943952560424805,0,0.0,0.0
2008-11-07 00:00:00-05:00,8.943952560424805,8.943952560424805,8.943952560424805,8.943952560424805,0,0.0,0.0
2008-11-10 00:00:00-05:00,8.943952560424805,8.943952560424805,8.943952560424805,8.943952560424805,0,0.0,0.0
2008-11-11 00:00:00-05:00,8.943952560424805,8.943952560424805,8.943952560424805,8.943952560424805,0,0.0,0.0
2008-11-12 00:00:00-05:00,8.943952560424805,8.943952560424805,8.943952560424805,8.943952560424805,0,0.0,0.0
2008-11-13 00:00:00-05:00,8.943952560424805,8.943952560424805,8.943952560424805,8.943952560424805,0,0.0,0.0
2008-11-14 00:00:00-05:00,8.943952560424805,8.943952560424805,8.943952560424805,8.943952560424805,0,0.0,0.0
2008-11-17 00:00:00-05:00,8.943952560424805,8.943952560424805,8.943952560424805,8.943952560424805,100,0.0,0.0
2008-11-18 00:00:00-05:00,8.943952560424805,8.943952560424805,8.943952560424805,8.943952560424805,0,0.0,0.0
2008-11-19 00:00:00-05:00,8.943952560424805,8.943952560424805,8.943952560424805,8.943952560424805,0,0.0,0.0
2008-11-20 00:00:00-05:00,8.943952560424805,8.943952560424805,8.943952560424805,8.943952560424805,0,0.0,0.0
2008-11-21 00:00:00-05:00,8.334137613123113,8.943952560424805,8.334137613123113,8.943952560424805,700,0.0,0.0
2008-11-24 00:00:00-05:00,9.350495858625932,9.350495858625932,8.943952560424805,8.943952560424805,2100,0.0,0.0
2008-11-25 00:00:00-05:00,8.943952560424805,8.943952560424805,8.943952560424805,8.943952560424805,0,0.0,0.0
2008-11-26 00:00:00-05:00,8.943952560424805,8.943952560424805,8.943952560424805,8.943952560424805,0,0.0,0.0
2008-11-28 00:00:00-05:00,8.943952560424805,8.943952560424805,8.943952560424805,8.943952560424805,0,0.0,0.0
2008-12-01 00:00:00-05:00,8.943952560424805,8.943952560424805,8.943952560424805,8.943952560424805,0,0.0,0.0
2008-12-02 00:00:00-05:00,8.943952560424805,8.943952560424805,8.943952560424805,8.943952560424805,0,0.0,0.0
2008-12-03 00:00:00-05:00,8.943952560424805,8.943952560424805,8.943952560424805,8.943952560424805,0,0.0,0.0
2008-12-04 00:00:00-05:00,8.943952560424805,8.943952560424805,8.943952560424805,8.943952560424805,0,0.0,0.0
2008-12-05 00:00:00-05:00,8.943952560424805,8.943952560424805,8.943952560424805,8.943952560424805,0,0.0,0.0
2008-12-08 00:00:00-05:00,8.943952560424805,8.943952560424805,8.943952560424805,8.943952560424805,0,0.0,0.0
2008-12-09 00:00:00-05:00,8.943952560424805,8.943952560424805,8.943952560424805,8.943952560424805,0,0.0,0.0
2008-12-10 00:00:00-05:00,8.334137659505945,8.927690505981445,8.130866009274092,8.927690505981445,1200,0.0,0.0
2008-12-11 00:00:00-05:00,8.927690505981445,8.927690505981445,8.927690505981445,8.927690505981445,0,0.0,0.0
2008-12-12 00:00:00-05:00,8.927690505981445,8.927690505981445,8.927690505981445,8.927690505981445,0,0.0,0.0
2008-12-15 00:00:00-05:00,8.927690505981445,8.927690505981445,8.927690505981445,8.927690505981445,0,0.0,0.0
2008-12-16 00:00:00-05:00,8.927690505981445,8.927690505981445,8.927690505981445,8.927690505981445,0,0.0,0.0
2008-12-17 00:00:00-05:00,8.927690505981445,8.927690505981445,8.927690505981445,8.927690505981445,0,0.0,0.0
2008-12-18 00:00:00-05:00,8.130864143371582,8.130864143371582,8.130864143371582,8.130864143371582,1000,0.0,0.0
2008-12-19 00:00:00-05:00,8.130864143371582,8.130864143371582,8.130864143371582,8.130864143371582,0,0.0,0.0
2008-12-22 00:00:00-05:00,8.94395186261433,8.94395186261433,8.334136962890625,8.334136962890625,1500,0.0,0.0
2008-12-23 00:00:00-05:00,8.659370422363281,8.659370422363281,8.659370422363281,8.659370422363281,1000,0.0,0.0
2008-12-24 00:00:00-05:00,8.659370422363281,8.659370422363281,8.659370422363281,8.659370422363281,0,0.0,0.0
2008-12-26 00:00:00-05:00,8.659370422363281,8.659370422363281,8.659370422363281,8.659370422363281,0,0.0,0.0
2008-12-29 00:00:00-05:00,8.659370422363281,8.659370422363281,8.659370422363281,8.659370422363281,0,0.0,0.0
2008-12-30 00:00:00-05:00,8.862638473510742,8.862638473510742,8.862638473510742,8.862638473510742,200,0.0,0.0
2008-12-31 00:00:00-05:00,6.585997938405883,8.862638473510742,6.585997938405883,8.862638473510742,3200,0.0,0.0
2009-01-02 00:00:00-05:00,8.862638473510742,8.862638473510742,8.862638473510742,8.862638473510742,0,0.0,0.0
2009-01-05 00:00:00-05:00,8.862638473510742,8.862638473510742,8.862638473510742,8.862638473510742,0,0.0,0.0
2009-01-06 00:00:00-05:00,8.862638473510742,8.862638473510742,8.862638473510742,8.862638473510742,0,0.0,0.0
2009-01-07 00:00:00-05:00,8.862638473510742,8.862638473510742,8.862638473510742,8.862638473510742,0,0.0,0.0
2009-01-08 00:00:00-05:00,8.862638473510742,8.862638473510742,8.862638473510742,8.862638473510742,0,0.0,0.0
2009-01-09 00:00:00-05:00,8.862638473510742,8.862638473510742,8.862638473510742,8.862638473510742,0,0.0,0.0
2009-01-12 00:00:00-05:00,6.586000083591603,7.3990864753723145,6.586000083591603,7.3990864753723145,2000,0.0,0.0
2009-01-13 00:00:00-05:00,7.602358341217041,7.602358341217041,7.602358341217041,7.602358341217041,2000,0.0,0.0
2009-01-14 00:00:00-05:00,7.602358341217041,7.602358341217041,7.602358341217041,7.602358341217041,0,0.0,0.0
2009-01-15 00:00:00-05:00,7.3990864753723145,7.3990864753723145,7.3990864753723145,7.3990864753723145,400,0.0,0.0
2009-01-16 00:00:00-05:00,7.399086993634371,7.561704128296955,7.155160903930664,7.155160903930664,8400,0.0,0.0
2009-01-20 00:00:00-05:00,7.236467838287354,7.236467838287354,7.236467838287354,7.2364678382873535,2000,0.0,0.0
2009-01-21 00:00:00-05:00,7.236467838287354,7.236467838287354,7.236467838287354,7.2364678382873535,0,0.0,0.0
2009-01-22 00:00:00-05:00,7.236467838287354,7.236467838287354,7.236467838287354,7.2364678382873535,0,0.0,0.0
2009-01-23 00:00:00-05:00,7.2364685652403296,7.2364685652403296,6.504691123962402,6.504691123962402,2000,0.0,0.0
2009-01-26 00:00:00-05:00,6.504691123962402,6.504691123962402,6.504691123962402,6.504691123962402,0,0.0,0.0
2009-01-27 00:00:00-05:00,6.707962989807129,6.707962989807129,6.707962989807129,6.707962989807129,3000,0.0,0.0
2009-01-28 00:00:00-05:00,6.911233901977539,6.911233901977539,6.911233901977539,6.911233901977539,1500,0.0,0.0
2009-01-29 00:00:00-05:00,6.585997350863251,6.748614406660765,5.854219436645508,5.854219436645508,6200,0.0,0.0
2009-01-30 00:00:00-05:00,6.382728376345603,6.46403694152832,4.959827128663661,6.46403694152832,3400,0.0,0.0
2009-02-02 00:00:00-05:00,4.878519535064697,4.878519535064697,4.878519535064697,4.878519535064697,500,0.0,0.0
2009-02-03 00:00:00-05:00,4.878519535064697,4.878519535064697,4.878519535064697,4.878519535064697,2500,0.0,0.0
2009-02-04 00:00:00-05:00,4.878519535064697,4.878519535064697,4.878519535064697,4.878519535064697,500,0.0,0.0
2009-02-05 00:00:00-05:00,4.959826469421387,4.959826469421387,4.959826469421387,4.959826469421387,500,0.0,0.0
2009-02-06 00:00:00-05:00,5.528987014082768,5.691604119557653,4.919172286987305,4.919172286987305,2000,0.0,0.0
2009-02-09 00:00:00-05:00,5.6916049218946885,6.301419734954834,5.6916049218946885,6.301419734954834,6000,0.0,0.0
2009-02-10 00:00:00-05:00,4.959826557469467,5.366369724273682,4.959826557469467,5.366369724273682,2000,0.0,0.0
2009-02-11 00:00:00-05:00,4.471976280212402,4.471976280212402,4.471976280212402,4.471976280212402,800,0.0,0.0
2009-02-12 00:00:00-05:00,4.878519535064697,4.878519535064697,4.553284821851738,4.878519535064697,3900,0.0,0.0
2009-02-13 00:00:00-05:00,4.390666110416018,4.675246238708496,4.390666110416018,4.675246238708496,2600,0.0,0.0
2009-02-17 00:00:00-05:00,4.675248397521457,4.756556987762451,4.675248397521457,4.756556987762451,4500,0.0,0.0
2009-02-18 00:00:00-05:00,4.4719755536034,4.5532841224905845,4.268703937530518,4.268703937530518,5100,0.0,0.0
2009-02-19 00:00:00-05:00,4.837863345351755,4.837863345351755,4.7159007101304296,4.7972092628479,50700,0.0,0.0
2009-02-20 00:00:00-05:00,4.7972092628479,4.7972092628479,4.7972092628479,4.7972092628479,1000,0.0,0.0
2009-02-23 00:00:00-05:00,4.732162420673924,4.7972092628479,4.732162420673924,4.7972092628479,1500,0.0,0.0
2009-02-24 00:00:00-05:00,4.756554792634284,4.87851781556537,4.756554792634284,4.7972092628479,2000,0.0,0.0
2009-02-25 00:00:00-05:00,4.878517915045909,4.959826469421387,4.878517915045909,4.959826469421387,2500,0.0,0.0
2009-02-26 00:00:00-05:00,5.203752800648929,5.285061359405518,5.203752800648929,5.285061359405518,3000,0.0,0.0
2009-02-27 00:00:00-05:00,5.285061359405518,5.285061359405518,5.203752800648929,5.285061359405518,3000,0.0,0.0
2009-03-02 00:00:00-05:00,5.285061359405518,5.285061359405518,5.285061359405518,5.285061359405518,0,0.0,0.0
2009-03-03 00:00:00-05:00,5.285061359405518,5.285061359405518,5.285061359405518,5.285061359405518,0,0.0,0.0
2009-03-04 00:00:00-05:00,5.2850603847218744,5.293191432952881,5.2850603847218744,5.293191432952881,3600,0.0,0.0
2009-03-05 00:00:00-05:00,5.285061168454794,5.366369724273682,5.285061168454794,5.366369724273682,4800,0.0,0.0
2009-03-06 00:00:00-05:00,5.366369724273682,5.366369724273682,5.366369724273682,5.366369724273682,0,0.0,0.0
2009-03-09 00:00:00-04:00,5.366369724273682,5.366369724273682,5.366369724273682,5.366369724273682,0,0.0,0.0
2009-03-10 00:00:00-04:00,5.285061359405518,5.285061359405518,5.285061359405518,5.285061359405518,2500,0.0,0.0
2009-03-11 00:00:00-04:00,5.285061168454794,5.366369724273682,5.285061168454794,5.366369724273682,12900,0.0,0.0
2009-03-12 00:00:00-04:00,5.285061168454794,5.366369724273682,5.285061168454794,5.366369724273682,4000,0.0,0.0
2009-03-13 00:00:00-04:00,5.366369724273682,5.366369724273682,5.366369724273682,5.366369724273682,0,0.0,0.0
2009-03-16 00:00:00-04:00,5.366369724273682,5.366369724273682,5.366369724273682,5.366369724273682,0,0.0,0.0
2009-03-17 00:00:00-04:00,5.366369724273682,5.366369724273682,5.366369724273682,5.366369724273682,0,0.0,0.0
2009-03-18 00:00:00-04:00,5.366369724273682,5.366369724273682,5.366369724273682,5.366369724273682,0,0.0,0.0
2009-03-19 00:00:00-04:00,5.285061359405518,5.285061359405518,5.285061359405518,5.285061359405518,600,0.0,0.0
2009-03-20 00:00:00-04:00,5.285061359405518,5.285061359405518,5.285061359405518,5.285061359405518,0,0.0,0.0
2009-03-23 00:00:00-04:00,5.285061359405518,5.285061359405518,5.285061359405518,5.285061359405518,0,0.0,0.0
2009-03-24 00:00:00-04:00,6.098147290093558,6.098147290093558,5.691604137420654,5.691604137420654,1700,0.0,0.0
2009-03-25 00:00:00-04:00,5.691604137420654,5.691604137420654,5.691604137420654,5.691604137420654,1100,0.0,0.0
2009-03-26 00:00:00-04:00,5.691604137420654,5.691604137420654,5.691604137420654,5.691604137420654,0,0.0,0.0
2009-03-27 00:00:00-04:00,5.691604137420654,5.691604137420654,5.691604137420654,5.691604137420654,0,0.0,0.0
2009-03-30 00:00:00-04:00,5.691604137420654,5.691604137420654,5.691604137420654,5.691604137420654,0,0.0,0.0
2009-03-31 00:00:00-04:00,6.504690806070964,7.317777156829834,6.504690806070964,7.317777156829834,1000,0.0,0.0
2009-04-01 00:00:00-04:00,7.317777156829834,7.317777156829834,7.317777156829834,7.317777156829834,0,0.0,0.0
2009-04-02 00:00:00-04:00,7.317777156829834,7.317777156829834,7.317777156829834,7.317777156829834,0,0.0,0.0
2009-04-03 00:00:00-04:00,7.317777156829834,7.317777156829834,7.317777156829834,7.317777156829834,0,0.0,0.0
2009-04-06 00:00:00-04:00,6.504692975946135,6.561608791351318,6.504692975946135,6.561608791351318,17000,0.0,0.0
2009-04-07 00:00:00-04:00,6.561608791351318,6.561608791351318,6.561608791351318,6.561608791351318,0,0.0,0.0
2009-04-08 00:00:00-04:00,6.561608791351318,6.561608791351318,6.561608791351318,6.561608791351318,0,0.0,0.0
2009-04-09 00:00:00-04:00,6.504691123962402,6.504691123962402,6.504691123962402,6.504691123962402,1000,0.0,0.0
2009-04-13 00:00:00-04:00,8.862638473510742,8.862638473510742,8.862638473510742,8.862638473510742,200,0.0,0.0
2009-04-14 00:00:00-04:00,8.862638473510742,8.862638473510742,8.862638473510742,8.862638473510742,0,0.0,0.0
2009-04-15 00:00:00-04:00,8.862638473510742,8.862638473510742,8.862638473510742,8.862638473510742,0,0.0,0.0
2009-04-16 00:00:00-04:00,7.325909591348611,7.374694347381592,7.317778540203209,7.374694347381592,1800,0.0,0.0
2009-04-17 00:00:00-04:00,7.374694347381592,7.374694347381592,7.374694347381592,7.374694347381592,0,0.0,0.0
2009-04-20 00:00:00-04:00,8.130860729751559,8.537403766239137,7.399083574241641,8.212169647216797,14000,0.0,0.0
2009-04-21 00:00:00-04:00,8.212169647216797,8.212169647216797,8.212169647216797,8.212169647216797,0,0.0,0.0
2009-04-22 00:00:00-04:00,8.212169647216797,8.212169647216797,8.212169647216797,8.212169647216797,0,0.0,0.0
2009-04-23 00:00:00-04:00,8.212169647216797,8.212169647216797,8.212169647216797,8.212169647216797,0,0.0,0.0
2009-04-24 00:00:00-04:00,8.212169647216797,8.212169647216797,8.212169647216797,8.212169647216797,0,0.0,0.0
2009-04-27 00:00:00-04:00,8.212169647216797,8.212169647216797,8.212169647216797,8.212169647216797,0,0.0,0.0
2009-04-28 00:00:00-04:00,8.212169647216797,8.212169647216797,8.212169647216797,8.212169647216797,0,0.0,0.0
2009-04-29 00:00:00-04:00,8.212169647216797,8.212169647216797,8.212169647216797,8.212169647216797,0,0.0,0.0
2009-04-30 00:00:00-04:00,8.212169647216797,8.212169647216797,8.212169647216797,8.212169647216797,0,0.0,0.0
2009-05-01 00:00:00-04:00,8.212169647216797,8.212169647216797,8.212169647216797,8.212169647216797,0,0.0,0.0
2009-05-04 00:00:00-04:00,8.212169647216797,8.212169647216797,8.212169647216797,8.212169647216797,0,0.0,0.0
2009-05-05 00:00:00-04:00,8.212169647216797,8.212169647216797,8.212169647216797,8.212169647216797,0,0.0,0.0
2009-05-06 00:00:00-04:00,8.212169647216797,8.212169647216797,8.212169647216797,8.212169647216797,0,0.0,0.0
2009-05-07 00:00:00-04:00,8.212169647216797,8.212169647216797,8.212169647216797,8.212169647216797,0,0.0,0.0
2009-05-08 00:00:00-04:00,8.212169647216797,8.212169647216797,8.212169647216797,8.212169647216797,0,0.0,0.0
2009-05-11 00:00:00-04:00,8.212169647216797,8.212169647216797,8.212169647216797,8.212169647216797,0,0.0,0.0
2009-05-12 00:00:00-04:00,7.5210488219010205,7.724320411682129,7.5210488219010205,7.724320411682129,3700,0.0,0.0
2009-05-13 00:00:00-04:00,7.724320411682129,7.724320411682129,7.724320411682129,7.724320411682129,0,0.0,0.0
2009-05-14 00:00:00-04:00,7.724320411682129,7.724320411682129,7.724320411682129,7.724320411682129,0,0.0,0.0
2009-05-15 00:00:00-04:00,7.724320411682129,7.724320411682129,7.724320411682129,7.724320411682129,0,0.0,0.0
2009-05-18 00:00:00-04:00,7.521047115325928,7.521047115325928,7.521047115325928,7.521047115325928,400,0.0,0.0
2009-05-19 00:00:00-04:00,7.521047115325928,7.521047115325928,7.521047115325928,7.521047115325928,1600,0.0,0.0
2009-05-20 00:00:00-04:00,7.521047115325928,7.521047115325928,7.521047115325928,7.521047115325928,0,0.0,0.0
2009-05-21 00:00:00-04:00,7.724318481590996,7.781234264373778,7.724318481590996,7.781234264373779,3500,0.0,0.0
2009-05-22 00:00:00-04:00,7.781234264373778,7.781234264373778,7.781234264373778,7.781234264373779,0,0.0,0.0
2009-05-26 00:00:00-04:00,7.521049930991634,7.57796573638916,7.521049930991634,7.57796573638916,5000,0.0,0.0
2009-05-27 00:00:00-04:00,7.317777232119911,7.724320411682129,7.317777232119911,7.724320411682129,2500,0.0,0.0
2009-05-28 00:00:00-04:00,8.130863507588705,8.130863507588705,7.317777156829834,7.317777156829834,600,0.0,0.0
2009-05-29 00:00:00-04:00,7.317777156829834,7.317777156829834,7.317777156829834,7.317777156829834,0,0.0,0.0
2009-06-01 00:00:00-04:00,8.130862889584797,8.130862889584797,7.6836652755737305,7.6836652755737305,1900,0.0,0.0
2009-06-02 00:00:00-04:00,7.6836652755737305,7.6836652755737305,7.6836652755737305,7.6836652755737305,0,0.0,0.0
2009-06-03 00:00:00-04:00,8.537407875061035,8.537407875061035,8.537407875061035,8.537407875061035,12400,0.0,0.0
2009-06-04 00:00:00-04:00,8.130864143371582,8.130864143371582,8.130864143371582,8.130864143371582,700,0.0,0.0
2009-06-05 00:00:00-04:00,8.130864143371582,8.130864143371582,8.130864143371582,8.130864143371582,1500,0.0,0.0
2009-06-08 00:00:00-04:00,8.130864143371582,8.130864143371582,8.130864143371582,8.130864143371582,0,0.0,0.0
2009-06-09 00:00:00-04:00,8.130864143371582,8.130864143371582,8.130864143371582,8.130864143371582,800,0.0,0.0
2009-06-10 00:00:00-04:00,8.130864143371582,8.130864143371582,8.130864143371582,8.130864143371582,0,0.0,0.0
2009-06-11 00:00:00-04:00,8.130864143371582,8.130864143371582,8.130864143371582,8.130864143371582,200,0.0,0.0
2009-06-12 00:00:00-04:00,8.130864143371582,8.130864143371582,8.130864143371582,8.130864143371582,0,0.0,0.0
2009-06-15 00:00:00-04:00,8.130864143371582,8.130864143371582,8.130864143371582,8.130864143371582,0,0.0,0.0
2009-06-16 00:00:00-04:00,8.130864143371582,8.130864143371582,8.130864143371582,8.130864143371582,700,0.0,0.0
2009-06-17 00:00:00-04:00,8.334136147172272,8.943950987209268,8.130864533826607,8.431706428527832,1800,0.0,0.0
2009-06-18 00:00:00-04:00,8.431706428527832,8.431706428527832,8.431706428527832,8.431706428527832,0,0.0,0.0
2009-06-19 00:00:00-04:00,8.431706428527832,8.431706428527832,8.431706428527832,8.431706428527832,0,0.0,0.0
2009-06-22 00:00:00-04:00,7.724320936203003,8.130864143371582,7.724320936203003,8.130864143371582,5100,0.0,0.0
2009-06-23 00:00:00-04:00,7.521047115325928,7.521047115325928,7.521047115325928,7.521047115325928,500,0.0,0.0
2009-06-24 00:00:00-04:00,8.130864143371582,8.130864143371582,8.130864143371582,8.130864143371582,6300,0.0,0.0
2009-06-25 00:00:00-04:00,8.130864143371582,8.130864143371582,8.130864143371582,8.130864143371582,0,0.0,0.0
2009-06-26 00:00:00-04:00,8.130864143371582,8.130864143371582,8.130864143371582,8.130864143371582,200,0.0,0.0
2009-06-29 00:00:00-04:00,8.130864143371582,8.130864143371582,8.130864143371582,8.130864143371582,0,0.0,0.0
2009-06-30 00:00:00-04:00,8.130864143371582,8.130864143371582,8.130864143371582,8.130864143371582,0,0.0,0.0
2009-07-01 00:00:00-04:00,8.130864143371582,8.130864143371582,8.130864143371582,8.130864143371582,0,0.0,0.0
2009-07-02 00:00:00-04:00,7.521047115325928,7.521047115325928,7.521047115325928,7.521047115325928,400,0.0,0.0
2009-07-06 00:00:00-04:00,7.724320411682129,7.724320411682129,7.724320411682129,7.724320411682129,500,0.0,0.0
2009-07-07 00:00:00-04:00,7.724320122597577,7.764974594116211,7.724320122597577,7.764974594116211,2000,0.0,0.0
2009-07-08 00:00:00-04:00,7.724320411682129,7.724320411682129,7.724320411682129,7.724320411682129,700,0.0,0.0
2009-07-09 00:00:00-04:00,7.724320411682129,7.724320411682129,7.724320411682129,7.724320411682129,500,0.0,0.0
2009-07-10 00:00:00-04:00,7.724320411682129,7.724320411682129,7.724320411682129,7.724320411682129,0,0.0,0.0
2009-07-13 00:00:00-04:00,7.724320411682129,7.724320411682129,7.724320411682129,7.724320411682129,0,0.0,0.0
2009-07-14 00:00:00-04:00,7.724320411682129,7.724320411682129,7.724320411682129,7.724320411682129,200,0.0,0.0
2009-07-15 00:00:00-04:00,7.781235917471935,8.130863286944818,7.764974594116211,7.764974594116211,3300,0.0,0.0
2009-07-16 00:00:00-04:00,7.764974594116211,7.764974594116211,7.764974594116211,7.764974594116211,0,0.0,0.0
2009-07-17 00:00:00-04:00,7.764974594116211,7.764974594116211,7.764974594116211,7.764974594116211,0,0.0,0.0
2009-07-20 00:00:00-04:00,7.764974594116211,7.764974594116211,7.764974594116211,7.764974594116211,0,0.0,0.0
2009-07-21 00:00:00-04:00,7.9275922775268555,7.9275922775268555,7.9275922775268555,7.9275922775268555,1000,0.0,0.0
2009-07-22 00:00:00-04:00,7.9275922775268555,7.9275922775268555,7.9275922775268555,7.9275922775268555,0,0.0,0.0
2009-07-23 00:00:00-04:00,7.9275922775268555,7.9275922775268555,7.9275922775268555,7.9275922775268555,0,0.0,0.0
2009-07-24 00:00:00-04:00,7.764975155123046,7.9275922775268555,7.764975155123046,7.9275922775268555,1500,0.0,0.0
2009-07-27 00:00:00-04:00,8.130863629303846,8.187779426574707,8.130863629303846,8.187779426574707,2000,0.0,0.0
2009-07-28 00:00:00-04:00,8.187779426574707,8.187779426574707,8.187779426574707,8.187779426574707,0,0.0,0.0
2009-07-29 00:00:00-04:00,7.9275922775268555,7.9275922775268555,7.9275922775268555,7.9275922775268555,400,0.0,0.0
2009-07-30 00:00:00-04:00,7.9275922775268555,7.9275922775268555,7.9275922775268555,7.9275922775268555,0,0.0,0.0
2009-07-31 00:00:00-04:00,8.008901596069336,8.008901596069336,8.008901596069336,8.008901596069336,600,0.0,0.0
2009-08-03 00:00:00-04:00,8.008901596069336,8.008901596069336,8.008901596069336,8.008901596069336,0,0.0,0.0
2009-08-04 00:00:00-04:00,8.008901596069336,8.008901596069336,8.008901596069336,8.008901596069336,0,0.0,0.0
2009-08-05 00:00:00-04:00,8.008901596069336,8.008901596069336,8.008901596069336,8.008901596069336,0,0.0,0.0
2009-08-06 00:00:00-04:00,8.008901596069336,8.008901596069336,8.008901596069336,8.008901596069336,0,0.0,0.0
2009-08-07 00:00:00-04:00,7.724320411682129,7.724320411682129,7.724320411682129,7.724320411682129,500,0.0,0.0
2009-08-10 00:00:00-04:00,7.724320411682129,7.724320411682129,7.724320411682129,7.724320411682129,0,0.0,0.0
2009-08-11 00:00:00-04:00,7.724320411682129,7.724320411682129,7.724320411682129,7.724320411682129,0,0.0,0.0
2009-08-12 00:00:00-04:00,7.724320411682129,7.724320411682129,7.724320411682129,7.724320411682129,0,0.0,0.0
2009-08-13 00:00:00-04:00,7.724320411682129,7.724320411682129,7.724320411682129,7.724320411682129,0,0.0,0.0
2009-08-14 00:00:00-04:00,7.724320411682129,7.724320411682129,7.724320411682129,7.724320411682129,0,0.0,0.0
2009-08-17 00:00:00-04:00,7.724320411682129,7.724320411682129,7.724320411682129,7.724320411682129,0,0.0,0.0
2009-08-18 00:00:00-04:00,7.724320411682129,7.724320411682129,7.724320411682129,7.724320411682129,1700,0.0,0.0
2009-08-19 00:00:00-04:00,7.724320411682129,7.724320411682129,7.724320411682129,7.724320411682129,5900,0.0,0.0
2009-08-20 00:00:00-04:00,7.886938571929931,7.886938571929931,7.886938571929931,7.886938571929932,1500,0.0,0.0
2009-08-21 00:00:00-04:00,7.886937803071001,8.122732824411427,7.886937803071001,7.9275922775268555,1100,0.0,0.0
2009-08-24 00:00:00-04:00,8.049555191770015,8.130864143371582,7.724320936203003,8.130864143371582,1000,0.0,0.0
2009-08-25 00:00:00-04:00,7.9275922775268555,7.9275922775268555,7.9275922775268555,7.9275922775268555,2600,0.0,0.0
2009-08-26 00:00:00-04:00,7.9275922775268555,7.9275922775268555,7.9275922775268555,7.9275922775268555,0,0.0,0.0
2009-08-27 00:00:00-04:00,7.9275922775268555,7.9275922775268555,7.9275922775268555,7.9275922775268555,0,0.0,0.0
2009-08-28 00:00:00-04:00,7.9275922775268555,7.9275922775268555,7.9275922775268555,7.9275922775268555,0,0.0,0.0
2009-08-31 00:00:00-04:00,7.9275922775268555,7.9275922775268555,7.9275922775268555,7.9275922775268555,0,0.0,0.0
2009-09-01 00:00:00-04:00,7.9275922775268555,7.9275922775268555,7.9275922775268555,7.9275922775268555,0,0.0,0.0
2009-09-02 00:00:00-04:00,7.805629730224609,7.805629730224609,7.805629730224609,7.805629730224609,200,0.0,0.0
2009-09-03 00:00:00-04:00,7.805629730224609,7.805629730224609,7.805629730224609,7.805629730224609,0,0.0,0.0
2009-09-04 00:00:00-04:00,7.805629730224609,7.805629730224609,7.805629730224609,7.805629730224609,0,0.0,0.0
2009-09-08 00:00:00-04:00,7.805629730224609,7.805629730224609,7.805629730224609,7.805629730224609,0,0.0,0.0
2009-09-09 00:00:00-04:00,7.805629730224609,7.805629730224609,7.805629730224609,7.805629730224609,0,0.0,0.0
2009-09-10 00:00:00-04:00,7.805629730224609,7.805629730224609,7.805629730224609,7.805629730224609,0,0.0,0.0
2009-09-11 00:00:00-04:00,7.805629730224609,7.805629730224609,7.805629730224609,7.805629730224609,0,0.0,0.0
2009-09-14 00:00:00-04:00,7.805629265032064,7.805629265032064,7.561703205108642,7.561703205108643,1000,0.0,0.0
2009-09-15 00:00:00-04:00,7.561703205108642,7.561703205108642,7.561703205108642,7.561703205108643,0,0.0,0.0
2009-09-16 00:00:00-04:00,7.561703205108642,7.561703205108642,7.561703205108642,7.561703205108643,0,0.0,0.0
2009-09-17 00:00:00-04:00,7.561703205108642,7.561703205108642,7.561703205108642,7.561703205108643,0,0.0,0.0
2009-09-18 00:00:00-04:00,7.561703205108642,7.561703205108642,7.561703205108642,7.561703205108643,400,0.0,0.0
2009-09-21 00:00:00-04:00,7.561703205108642,7.561703205108642,7.561703205108642,7.561703205108643,0,0.0,0.0
2009-09-22 00:00:00-04:00,7.561703205108642,7.561703205108642,7.561703205108642,7.561703205108643,0,0.0,0.0
2009-09-23 00:00:00-04:00,7.561703205108642,7.561703205108642,7.561703205108642,7.561703205108643,0,0.0,0.0
2009-09-24 00:00:00-04:00,7.561703205108642,7.561703205108642,7.561703205108642,7.561703205108643,0,0.0,0.0
2009-09-25 00:00:00-04:00,7.561703205108642,7.561703205108642,7.561703205108642,7.561703205108643,0,0.0,0.0
2009-09-28 00:00:00-04:00,7.561703205108642,7.561703205108642,7.561703205108642,7.561703205108643,1000,0.0,0.0
2009-09-29 00:00:00-04:00,7.561703205108642,7.561703205108642,7.561703205108642,7.561703205108643,0,0.0,0.0
2009-09-30 00:00:00-04:00,7.358434745080103,7.846286296844482,7.358434745080103,7.846286296844482,1100,0.0,0.0
2009-10-01 00:00:00-04:00,7.846286296844482,7.846286296844482,7.846286296844482,7.846286296844482,0,0.0,0.0
2009-10-02 00:00:00-04:00,7.846286296844482,7.846286296844482,7.846286296844482,7.846286296844482,100,0.0,0.0
2009-10-05 00:00:00-04:00,7.3990864364218405,7.456002235412598,7.3990864364218405,7.456002235412598,2000,0.0,0.0
2009-10-06 00:00:00-04:00,7.456002235412598,7.456002235412598,7.456002235412598,7.456002235412598,0,0.0,0.0
2009-10-07 00:00:00-04:00,7.456002235412598,7.456002235412598,7.456002235412598,7.456002235412598,0,0.0,0.0
2009-10-08 00:00:00-04:00,7.456002235412598,7.456002235412598,7.456002235412598,7.456002235412598,0,0.0,0.0
2009-10-09 00:00:00-04:00,7.456002235412598,7.456002235412598,7.456002235412598,7.456002235412598,0,0.0,0.0
2009-10-12 00:00:00-04:00,7.456002235412598,7.456002235412598,7.456002235412598,7.456002235412598,0,0.0,0.0
2009-10-13 00:00:00-04:00,7.456002235412598,7.456002235412598,7.456002235412598,7.456002235412598,0,0.0,0.0
2009-10-14 00:00:00-04:00,7.399087500817798,7.399087500817798,6.992544248584286,7.374694347381592,7200,0.0,0.0
2009-10-15 00:00:00-04:00,7.155160041761974,7.317777156829834,7.155160041761974,7.317777156829834,1800,0.0,0.0
2009-10-16 00:00:00-04:00,7.317777156829834,7.317777156829834,7.317777156829834,7.317777156829834,0,0.0,0.0
2009-10-19 00:00:00-04:00,7.317777156829834,7.317777156829834,7.317777156829834,7.317777156829834,0,0.0,0.0
2009-10-20 00:00:00-04:00,7.724323602758362,7.846286296844482,7.724323602758362,7.846286296844482,2600,0.0,0.0
2009-10-21 00:00:00-04:00,7.846286296844482,7.846286296844482,7.846286296844482,7.846286296844482,0,0.0,0.0
2009-10-22 00:00:00-04:00,7.6836652755737305,7.6836652755737305,7.6836652755737305,7.6836652755737305,1000,0.0,0.0
2009-10-23 00:00:00-04:00,7.6836652755737305,7.6836652755737305,7.6836652755737305,7.6836652755737305,0,0.0,0.0
2009-10-26 00:00:00-04:00,7.317777156829834,7.317777156829834,7.317777156829834,7.317777156829834,800,0.0,0.0
2009-10-27 00:00:00-04:00,7.317777156829834,7.317777156829834,7.317777156829834,7.317777156829834,0,0.0,0.0
2009-10-28 00:00:00-04:00,7.317777156829834,7.317777156829834,7.317777156829834,7.317777156829834,0,0.0,0.0
2009-10-29 00:00:00-04:00,7.317777156829834,7.317777156829834,7.317777156829834,7.317777156829834,0,0.0,0.0
2009-10-30 00:00:00-04:00,7.374694347381592,7.374694347381592,7.374694347381592,7.374694347381592,600,0.0,0.0
2009-11-02 00:00:00-05:00,7.374694347381592,7.374694347381592,7.374694347381592,7.374694347381592,0,0.0,0.0
2009-11-03 00:00:00-05:00,7.374694347381592,7.374694347381592,7.374694347381592,7.374694347381592,0,0.0,0.0
2009-11-04 00:00:00-05:00,7.317777156829834,7.317777156829834,7.317777156829834,7.317777156829834,800,0.0,0.0
2009-11-05 00:00:00-05:00,7.317777156829834,7.317777156829834,7.317777156829834,7.317777156829834,0,0.0,0.0
2009-11-06 00:00:00-05:00,7.317777156829834,7.317777156829834,7.317777156829834,7.317777156829834,0,0.0,0.0
2009-11-09 00:00:00-05:00,7.317777156829834,7.317777156829834,7.317777156829834,7.317777156829834,0,0.0,0.0
2009-11-10 00:00:00-05:00,7.9275922775268555,7.9275922775268555,7.9275922775268555,7.9275922775268555,500,0.0,0.0
2009-11-11 00:00:00-05:00,7.9275922775268555,7.9275922775268555,7.9275922775268555,7.9275922775268555,0,0.0,0.0
2009-11-12 00:00:00-05:00,7.9275922775268555,7.9275922775268555,7.9275922775268555,7.9275922775268555,0,0.0,0.0
2009-11-13 00:00:00-05:00,7.9275922775268555,7.9275922775268555,7.9275922775268555,7.9275922775268555,0,0.0,0.0
2009-11-16 00:00:00-05:00,7.9275922775268555,7.9275922775268555,7.9275922775268555,7.9275922775268555,0,0.0,0.0
2009-11-17 00:00:00-05:00,7.317778540203209,7.374694347381592,7.317778540203209,7.374694347381592,5300,0.0,0.0
2009-11-18 00:00:00-05:00,7.317777156829834,7.317777156829834,7.317777156829834,7.317777156829834,800,0.0,0.0
2009-11-19 00:00:00-05:00,7.317777232119911,7.724320411682129,7.317777232119911,7.724320411682129,1800,0.0,0.0
2009-11-20 00:00:00-05:00,7.724320411682129,7.724320411682129,7.724320411682129,7.724320411682129,0,0.0,0.0
2009-11-23 00:00:00-05:00,7.317777156829834,7.317777156829834,7.317777156829834,7.317777156829834,1000,0.0,0.0
2009-11-24 00:00:00-05:00,7.317777156829834,7.317777156829834,7.317777156829834,7.317777156829834,0,0.0,0.0
2009-11-25 00:00:00-05:00,7.358433020510503,7.374694347381592,7.358433020510503,7.374694347381592,2100,0.0,0.0
2009-11-27 00:00:00-05:00,7.374694347381592,7.374694347381592,7.374694347381592,7.374694347381592,0,0.0,0.0
2009-11-30 00:00:00-05:00,7.374694347381592,7.374694347381592,7.374694347381592,7.374694347381592,0,0.0,0.0
2009-12-01 00:00:00-05:00,7.521047115325928,7.521047115325928,7.521047115325928,7.521047115325928,1300,0.0,0.0
2009-12-02 00:00:00-05:00,7.521047115325928,7.521047115325928,7.521047115325928,7.521047115325928,0,0.0,0.0
2009-12-03 00:00:00-05:00,7.521047115325928,7.521047115325928,7.521047115325928,7.521047115325928,0,0.0,0.0
2009-12-04 00:00:00-05:00,7.521047115325928,7.521047115325928,7.521047115325928,7.521047115325928,200,0.0,0.0
2009-12-07 00:00:00-05:00,7.521047115325928,7.521047115325928,7.521047115325928,7.521047115325928,5900,0.0,0.0
2009-12-08 00:00:00-05:00,7.521048744519552,7.521048744519552,7.317777156829834,7.317777156829834,2700,0.0,0.0
2009-12-09 00:00:00-05:00,7.521047115325928,7.521047115325928,7.521047115325928,7.521047115325928,200,0.0,0.0
2009-12-10 00:00:00-05:00,7.521047115325928,7.521047115325928,7.521047115325928,7.521047115325928,0,0.0,0.0
2009-12-11 00:00:00-05:00,7.439739799275837,7.439739799275837,7.317777156829834,7.317777156829834,500,0.0,0.0
2009-12-14 00:00:00-05:00,7.317777156829834,7.317777156829834,7.317777156829834,7.317777156829834,0,0.0,0.0
2009-12-15 00:00:00-05:00,7.57796573638916,7.57796573638916,7.57796573638916,7.57796573638916,500,0.0,0.0
2009-12-16 00:00:00-05:00,7.57796573638916,7.57796573638916,7.57796573638916,7.57796573638916,0,0.0,0.0
2009-12-17 00:00:00-05:00,7.57796573638916,7.57796573638916,7.57796573638916,7.57796573638916,0,0.0,0.0
2009-12-18 00:00:00-05:00,7.57796573638916,7.57796573638916,7.57796573638916,7.57796573638916,0,0.0,0.0
2009-12-21 00:00:00-05:00,7.57796573638916,7.57796573638916,7.57796573638916,7.57796573638916,0,0.0,0.0
2009-12-22 00:00:00-05:00,7.57796573638916,7.57796573638916,7.57796573638916,7.57796573638916,0,0.0,0.0
2009-12-23 00:00:00-05:00,7.480393886566162,7.480393886566162,7.480393886566162,7.480393886566162,700,0.0,0.0
2009-12-24 00:00:00-05:00,7.480393886566162,7.480393886566162,7.480393886566162,7.480393886566162,500,0.0,0.0
2009-12-28 00:00:00-05:00,7.480393886566162,7.480393886566162,7.480393886566162,7.480393886566162,500,0.0,0.0
2009-12-29 00:00:00-05:00,7.317777156829834,7.317777156829834,7.317777156829834,7.317777156829834,400,0.0,0.0
2009-12-30 00:00:00-05:00,7.480393886566162,7.480393886566162,7.480393886566162,7.480393886566162,200,0.0,0.0
2009-12-31 00:00:00-05:00,7.480393886566162,7.480393886566162,7.480393886566162,7.480393886566162,0,0.0,0.0
2010-01-04 00:00:00-05:00,7.480393886566162,7.480393886566162,7.480393886566162,7.480393886566162,0,0.0,0.0
2010-01-05 00:00:00-05:00,7.480393886566162,7.480393886566162,7.480393886566162,7.480393886566162,0,0.0,0.0
2010-01-06 00:00:00-05:00,7.317777156829834,7.317777156829834,7.114505569140117,7.317777156829834,5200,0.0,0.0
2010-01-07 00:00:00-05:00,7.155160041761974,7.317777156829834,7.155160041761974,7.317777156829834,1200,0.0,0.0
2010-01-08 00:00:00-05:00,7.358432292938232,7.358432292938232,7.358432292938232,7.358432292938232,500,0.0,0.0
2010-01-11 00:00:00-05:00,7.358432292938232,7.358432292938232,7.358432292938232,7.358432292938232,0,0.0,0.0
2010-01-12 00:00:00-05:00,7.358432292938232,7.358432292938232,7.358432292938232,7.358432292938232,0,0.0,0.0
2010-01-13 00:00:00-05:00,7.3990864753723145,7.3990864753723145,7.3990864753723145,7.3990864753723145,500,0.0,0.0
2010-01-14 00:00:00-05:00,7.3990864753723145,7.3990864753723145,7.3990864753723145,7.3990864753723145,0,0.0,0.0
2010-01-15 00:00:00-05:00,7.480393886566162,7.480393886566162,7.480393886566162,7.480393886566162,1000,0.0,0.0
2010-01-19 00:00:00-05:00,7.480393886566162,7.480393886566162,7.480393886566162,7.480393886566162,0,0.0,0.0
2010-01-20 00:00:00-05:00,7.480393886566162,7.480393886566162,7.480393886566162,7.480393886566162,0,0.0,0.0
2010-01-21 00:00:00-05:00,7.480393886566162,7.480393886566162,7.480393886566162,7.480393886566162,0,0.0,0.0
2010-01-22 00:00:00-05:00,7.480393886566162,7.480393886566162,7.480393886566162,7.480393886566162,1100,0.0,0.0
2010-01-25 00:00:00-05:00,7.480393886566162,7.480393886566162,7.39908572093038,7.480393886566162,1500,0.0,0.0
2010-01-26 00:00:00-05:00,7.561703205108642,7.561703205108642,7.561703205108642,7.561703205108643,300,0.0,0.0
2010-01-27 00:00:00-05:00,7.561702827621475,7.561702827621475,7.480393886566162,7.480393886566162,600,0.0,0.0
2010-01-28 00:00:00-05:00,7.561702827621475,7.561702827621475,7.480393886566162,7.480393886566162,5200,0.0,0.0
2010-01-29 00:00:00-05:00,7.480393886566162,7.480393886566162,7.480393886566162,7.480393886566162,3400,0.0,0.0
2010-02-01 00:00:00-05:00,7.480393886566162,7.480393886566162,7.480393886566162,7.480393886566162,0,0.0,0.0
2010-02-02 00:00:00-05:00,7.602358341217041,7.602358341217041,7.602358341217041,7.602358341217041,500,0.0,0.0
2010-02-03 00:00:00-05:00,7.602358341217041,7.602358341217041,7.602358341217041,7.602358341217041,0,0.0,0.0
2010-02-04 00:00:00-05:00,7.643012046813965,7.643012046813965,7.643012046813965,7.643012046813965,400,0.0,0.0
2010-02-05 00:00:00-05:00,7.643010993257258,7.643010993257258,7.480393886566162,7.480393886566162,1300,0.0,0.0
2010-02-08 00:00:00-05:00,7.724317864244928,7.724317864244928,7.569831848144531,7.569831848144531,1400,0.0,0.0
2010-02-09 00:00:00-05:00,7.602358341217041,7.602358341217041,7.602358341217041,7.602358341217041,200,0.0,0.0
2010-02-10 00:00:00-05:00,7.602358341217041,7.602358341217041,7.602358341217041,7.602358341217041,500,0.0,0.0
2010-02-11 00:00:00-05:00,7.602358341217041,7.602358341217041,7.602358341217041,7.602358341217041,500,0.0,0.0
2010-02-12 00:00:00-05:00,7.610488414764404,7.610488414764404,7.610488414764404,7.610488414764404,1000,0.0,0.0
2010-02-16 00:00:00-05:00,7.610488414764404,7.610488414764404,7.610488414764404,7.610488414764404,0,0.0,0.0
2010-02-17 00:00:00-05:00,7.6267523765563965,7.6267523765563965,7.6267523765563965,7.6267523765563965,1000,0.0,0.0
2010-02-18 00:00:00-05:00,7.6267523765563965,7.6267523765563965,7.6267523765563965,7.6267523765563965,1400,0.0,0.0
2010-02-19 00:00:00-05:00,7.6267523765563965,7.6267523765563965,7.6267523765563965,7.6267523765563965,700,0.0,0.0
2010-02-22 00:00:00-05:00,7.643011465601854,7.805629357762403,7.61048804225366,7.724320411682129,9100,0.0,0.0
2010-02-23 00:00:00-05:00,7.724320411682129,7.724320411682129,7.724320411682129,7.724320411682129,1000,0.0,0.0
2010-02-24 00:00:00-05:00,7.724320411682129,7.724320411682129,7.724320411682129,7.724320411682129,1600,0.0,0.0
2010-02-25 00:00:00-05:00,7.724320411682129,7.724320411682129,7.724320411682129,7.724320411682129,0,0.0,0.0
2010-02-26 00:00:00-05:00,7.724320411682129,7.724320411682129,7.724320411682129,7.724320411682129,1000,0.0,0.0
2010-03-01 00:00:00-05:00,7.724320411682129,7.724320411682129,7.724320411682129,7.724320411682129,0,0.0,0.0
2010-03-02 00:00:00-05:00,7.724320411682129,7.724320411682129,7.724320411682129,7.724320411682129,400,0.0,0.0
2010-03-03 00:00:00-05:00,7.724320411682129,7.724320411682129,7.724320411682129,7.724320411682129,500,0.0,0.0
2010-03-04 00:00:00-05:00,7.724320411682129,7.724320411682129,7.724320411682129,7.724320411682129,1000,0.0,0.0
2010-03-05 00:00:00-05:00,7.724320411682129,7.724320411682129,7.724320411682129,7.724320411682129,0,0.0,0.0
2010-03-08 00:00:00-05:00,7.724320411682129,7.724320411682129,7.724320411682129,7.724320411682129,0,0.0,0.0
2010-03-09 00:00:00-05:00,7.9275922775268555,7.9275922775268555,7.9275922775268555,7.9275922775268555,500,0.0,0.0
2010-03-10 00:00:00-05:00,7.9275922775268555,7.9275922775268555,7.9275922775268555,7.9275922775268555,3000,0.0,0.0
2010-03-11 00:00:00-05:00,8.130865073093752,8.138996124267578,8.130865073093752,8.138996124267578,1900,0.0,0.0
2010-03-12 00:00:00-05:00,8.138996124267578,8.138996124267578,8.138996124267578,8.138996124267578,0,0.0,0.0
2010-03-15 00:00:00-04:00,8.138996124267578,8.138996124267578,8.138996124267578,8.138996124267578,0,0.0,0.0
2010-03-16 00:00:00-04:00,8.212169647216797,8.212169647216797,8.212169647216797,8.212169647216797,1700,0.0,0.0
2010-03-17 00:00:00-04:00,8.212169647216797,8.212169647216797,8.212169647216797,8.212169647216797,0,0.0,0.0
2010-03-18 00:00:00-04:00,8.93582150836003,8.943952560424805,8.93582150836003,8.943952560424805,1300,0.0,0.0
2010-03-19 00:00:00-04:00,8.943952560424805,9.065915239717222,8.943952560424805,8.943952560424805,5400,0.0,0.0
2010-03-22 00:00:00-04:00,8.943952560424805,8.943952560424805,8.943952560424805,8.943952560424805,200,0.0,0.0
2010-03-23 00:00:00-04:00,8.943952560424805,8.943952560424805,8.943952560424805,8.943952560424805,1600,0.0,0.0
2010-03-24 00:00:00-04:00,8.537409262223678,8.943952560424805,8.537409262223678,8.943952560424805,400,0.0,0.0
2010-03-25 00:00:00-04:00,8.943952560424805,8.943952560424805,8.943952560424805,8.943952560424805,0,0.0,0.0
2010-03-26 00:00:00-04:00,8.943952560424805,8.943952560424805,8.943952560424805,8.943952560424805,300,0.0,0.0
2010-03-29 00:00:00-04:00,8.943952560424805,8.943952560424805,8.943952560424805,8.943952560424805,0,0.0,0.0
2010-03-30 00:00:00-04:00,8.943952560424805,8.943952560424805,8.943952560424805,8.943952560424805,0,0.0,0.0
2010-03-31 00:00:00-04:00,8.943952560424805,8.943952560424805,8.943952560424805,8.943952560424805,0,0.0,0.0
2010-04-01 00:00:00-04:00,9.350492477416992,9.350492477416992,9.350492477416992,9.350492477416992,1000,0.0,0.0
2010-04-05 00:00:00-04:00,9.350492477416992,9.350492477416992,9.350492477416992,9.350492477416992,1600,0.0,0.0
2010-04-06 00:00:00-04:00,9.350492477416992,9.350492477416992,9.350492477416992,9.350492477416992,0,0.0,0.0
2010-04-07 00:00:00-04:00,9.350492477416992,9.350492477416992,9.350492477416992,9.350492477416992,0,0.0,0.0
2010-04-08 00:00:00-04:00,9.342364806561157,9.342364806561157,8.943952560424805,8.943952560424805,1900,0.0,0.0
2010-04-09 00:00:00-04:00,8.94395108572421,9.000866889953613,8.94395108572421,9.000866889953613,1500,0.0,0.0
2010-04-12 00:00:00-04:00,9.03338833779273,9.03338833779273,8.943949125686883,9.02525806427002,1200,0.0,0.0
2010-04-13 00:00:00-04:00,9.065916061401367,9.147225038578908,9.065916061401367,9.065916061401367,3200,0.0,0.0
2010-04-14 00:00:00-04:00,9.065916061401367,9.065916061401367,9.065916061401367,9.065916061401367,0,0.0,0.0
2010-04-15 00:00:00-04:00,9.065916061401367,9.065916061401367,9.065916061401367,9.065916061401367,500,0.0,0.0
2010-04-16 00:00:00-04:00,9.065913564140404,9.147222518920898,9.065913564140404,9.147222518920898,2000,0.0,0.0
2010-04-19 00:00:00-04:00,9.147222518920898,9.147222518920898,9.065913564140404,9.147222518920898,3600,0.0,0.0
2010-04-20 00:00:00-04:00,9.147222518920898,9.147222518920898,9.147222518920898,9.147222518920898,600,0.0,0.0
2010-04-21 00:00:00-04:00,9.147222518920898,9.147222518920898,9.147222518920898,9.147222518920898,0,0.0,0.0
2010-04-22 00:00:00-04:00,9.106570549990137,9.106570549990137,9.065916061401367,9.065916061401367,900,0.0,0.0
2010-04-23 00:00:00-04:00,9.065916061401367,9.065916061401367,9.065916061401367,9.065916061401367,0,0.0,0.0
2010-04-26 00:00:00-04:00,9.065916061401367,9.065916061401367,9.065916061401367,9.065916061401367,0,0.0,0.0
2010-04-27 00:00:00-04:00,9.716384585586564,9.757039070129395,9.716384585586564,9.757039070129395,1300,0.0,0.0
2010-04-28 00:00:00-04:00,9.757039070129395,9.757039070129395,9.757039070129395,9.757039070129395,0,0.0,0.0
2010-04-29 00:00:00-04:00,9.757039070129395,9.757039070129395,9.757039070129395,9.757039070129395,0,0.0,0.0
2010-04-30 00:00:00-04:00,9.757039070129395,9.757039070129395,9.757039070129395,9.757039070129395,100,0.0,0.0
2010-05-03 00:00:00-04:00,9.757039070129395,9.757039070129395,9.757039070129395,9.757039070129395,0,0.0,0.0
2010-05-04 00:00:00-04:00,9.757039070129395,9.757039070129395,9.757039070129395,9.757039070129395,0,0.0,0.0
2010-05-05 00:00:00-04:00,9.757037353515624,9.757037353515624,9.147222518920898,9.147222518920898,700,0.0,0.0
2010-05-06 00:00:00-04:00,9.147222518920898,9.147222518920898,9.147222518920898,9.147222518920898,0,0.0,0.0
2010-05-07 00:00:00-04:00,9.14722090182097,9.350492477416992,9.14722090182097,9.350492477416992,5000,0.0,0.0
2010-05-10 00:00:00-04:00,9.20413669485361,9.350492477416992,9.20413669485361,9.350492477416992,1700,0.0,0.0
2010-05-11 00:00:00-04:00,9.350492477416992,9.350492477416992,9.350492477416992,9.350492477416992,0,0.0,0.0
2010-05-12 00:00:00-04:00,9.350492477416992,9.350492477416992,9.350492477416992,9.350492477416992,0,0.0,0.0
2010-05-13 00:00:00-04:00,9.350492477416992,9.350492477416992,9.350492477416992,9.350492477416992,0,0.0,0.0
2010-05-14 00:00:00-04:00,9.350492477416992,9.350492477416992,9.350492477416992,9.350492477416992,0,0.0,0.0
2010-05-17 00:00:00-04:00,9.350492477416992,9.350492477416992,9.350492477416992,9.350492477416992,0,0.0,0.0
2010-05-18 00:00:00-04:00,9.350492477416992,9.350492477416992,9.350492477416992,9.350492477416992,0,0.0,0.0
2010-05-19 00:00:00-04:00,9.350492477416992,9.350492477416992,9.350492477416992,9.350492477416992,0,0.0,0.0
2010-05-20 00:00:00-04:00,9.350492477416992,9.350492477416992,9.350492477416992,9.350492477416992,0,0.0,0.0
2010-05-21 00:00:00-04:00,9.228531473701393,9.228531473701393,9.147222518920898,9.147222518920898,700,0.0,0.0
2010-05-24 00:00:00-04:00,9.147222518920898,9.147222518920898,9.147222518920898,9.147222518920898,0,0.0,0.0
2010-05-25 00:00:00-04:00,9.147222518920898,9.147222518920898,9.147222518920898,9.147222518920898,0,0.0,0.0
2010-05-26 00:00:00-04:00,9.147222518920898,9.147222518920898,9.147222518920898,9.147222518920898,0,0.0,0.0
2010-05-27 00:00:00-04:00,9.147222518920898,9.147222518920898,9.147222518920898,9.147222518920898,0,0.0,0.0
2010-05-28 00:00:00-04:00,9.147222518920898,9.147222518920898,9.147222518920898,9.147222518920898,0,0.0,0.0
2010-06-01 00:00:00-04:00,9.147222518920898,9.147222518920898,9.147222518920898,9.147222518920898,0,0.0,0.0
2010-06-02 00:00:00-04:00,9.147222518920898,9.147222518920898,9.147222518920898,9.147222518920898,0,0.0,0.0
2010-06-03 00:00:00-04:00,9.553766678812163,9.610682487487793,9.553766678812163,9.610682487487793,2000,0.0,0.0
2010-06-04 00:00:00-04:00,9.610682487487793,9.610682487487793,9.610682487487793,9.610682487487793,0,0.0,0.0
2010-06-07 00:00:00-04:00,9.553763389587402,9.553763389587402,9.553763389587402,9.553763389587402,300,0.0,0.0
2010-06-08 00:00:00-04:00,9.147222518920898,9.147222518920898,9.147222518920898,9.147222518920898,100,0.0,0.0
2010-06-09 00:00:00-04:00,9.147222518920898,9.147222518920898,9.147222518920898,9.147222518920898,0,0.0,0.0
2010-06-10 00:00:00-04:00,9.147222518920898,9.147222518920898,9.147222518920898,9.147222518920898,0,0.0,0.0
2010-06-11 00:00:00-04:00,9.553763389587402,9.553763389587402,9.553763389587402,9.553763389587402,200,0.0,0.0
2010-06-14 00:00:00-04:00,9.553763389587402,9.553763389587402,9.553763389587402,9.553763389587402,0,0.0,0.0
2010-06-15 00:00:00-04:00,9.350492477416992,9.350492477416992,9.350492477416992,9.350492477416992,200,0.0,0.0
2010-06-16 00:00:00-04:00,9.106567047389174,9.163483619689941,9.106567047389174,9.163483619689941,1800,0.0,0.0
2010-06-17 00:00:00-04:00,9.163483619689941,9.163483619689941,9.163483619689941,9.163483619689941,0,0.0,0.0
2010-06-18 00:00:00-04:00,9.163483619689941,9.163483619689941,9.163483619689941,9.163483619689941,0,0.0,0.0
2010-06-21 00:00:00-04:00,9.350492477416992,9.350492477416992,9.350492477416992,9.350492477416992,200,0.0,0.0
2010-06-22 00:00:00-04:00,9.757039070129395,9.757039070129395,9.757039070129395,9.757039070129395,1600,0.0,0.0
2010-06-23 00:00:00-04:00,9.757039070129395,9.757039070129395,9.757039070129395,9.757039070129395,0,0.0,0.0
2010-06-24 00:00:00-04:00,9.757039070129395,9.757039070129395,9.757039070129395,9.757039070129395,0,0.0,0.0
2010-06-25 00:00:00-04:00,9.757039070129395,9.757039070129395,9.757039070129395,9.757039070129395,200,0.0,0.0
2010-06-28 00:00:00-04:00,9.757039070129395,9.757039070129395,9.757039070129395,9.757039070129395,0,0.0,0.0
2010-06-29 00:00:00-04:00,9.757039070129395,9.757039070129395,9.757039070129395,9.757039070129395,0,0.0,0.0
2010-06-30 00:00:00-04:00,9.757039070129395,9.757039070129395,9.757039070129395,9.757039070129395,900,0.0,0.0
2010-07-01 00:00:00-04:00,9.757039070129395,9.757039070129395,9.757039070129395,9.757039070129395,1900,0.0,0.0
2010-07-02 00:00:00-04:00,9.757039070129395,9.757039070129395,9.757039070129395,9.757039070129395,0,0.0,0.0
2010-07-06 00:00:00-04:00,9.757039070129395,9.757039070129395,9.757039070129395,9.757039070129395,200,0.0,0.0
2010-07-07 00:00:00-04:00,9.757039070129395,9.757039070129395,9.757039070129395,9.757039070129395,0,0.0,0.0
2010-07-08 00:00:00-04:00,9.757039070129395,9.757039070129395,9.757039070129395,9.757039070129395,0,0.0,0.0
2010-07-09 00:00:00-04:00,9.757039070129395,9.757039070129395,9.757039070129395,9.757039070129395,1200,0.0,0.0
2010-07-12 00:00:00-04:00,9.757039070129395,9.757039070129395,9.757039070129395,9.757039070129395,1200,0.0,0.0
2010-07-13 00:00:00-04:00,9.757039070129395,9.757039070129395,9.757039070129395,9.757039070129395,300,0.0,0.0
2010-07-14 00:00:00-04:00,9.757039070129395,9.757039070129395,9.757039070129395,9.757039070129395,0,0.0,0.0
2010-07-15 00:00:00-04:00,9.75703563113074,9.75703563113074,9.5944185256958,9.5944185256958,2100,0.0,0.0
2010-07-16 00:00:00-04:00,9.5944185256958,9.5944185256958,9.5944185256958,9.5944185256958,0,0.0,0.0
2010-07-19 00:00:00-04:00,9.757039070129395,9.757039070129395,9.757039070129395,9.757039070129395,2000,0.0,0.0
2010-07-20 00:00:00-04:00,9.757039070129395,9.757039070129395,9.757039070129395,9.757039070129395,1000,0.0,0.0
2010-07-21 00:00:00-04:00,9.757039070129395,9.757039070129395,9.757039070129395,9.757039070129395,0,0.0,0.0
2010-07-22 00:00:00-04:00,9.757039070129395,9.757039070129395,9.757039070129395,9.757039070129395,0,0.0,0.0
2010-07-23 00:00:00-04:00,9.757039070129395,9.757039070129395,9.757039070129395,9.757039070129395,0,0.0,0.0
2010-07-26 00:00:00-04:00,9.675727844238281,9.675727844238281,9.675727844238281,9.675727844238281,1000,0.0,0.0
2010-07-27 00:00:00-04:00,9.675727844238281,9.675727844238281,9.675727844238281,9.675727844238281,300,0.0,0.0
2010-07-28 00:00:00-04:00,9.675727844238281,9.675727844238281,9.675727844238281,9.675727844238281,0,0.0,0.0
2010-07-29 00:00:00-04:00,9.675730101043731,9.757039070129395,9.675730101043731,9.757039070129395,800,0.0,0.0
2010-07-30 00:00:00-04:00,9.757039070129395,9.757039070129395,9.757039070129395,9.757039070129395,500,0.0,0.0
2010-08-02 00:00:00-04:00,9.757039070129395,9.757039070129395,9.757039070129395,9.757039070129395,0,0.0,0.0
2010-08-03 00:00:00-04:00,9.757039070129395,9.757039070129395,9.757039070129395,9.757039070129395,0,0.0,0.0
2010-08-04 00:00:00-04:00,9.757039070129395,9.757039070129395,9.757039070129395,9.757039070129395,0,0.0,0.0
2010-08-05 00:00:00-04:00,9.757039070129395,9.757039070129395,9.757039070129395,9.757039070129395,0,0.0,0.0
2010-08-06 00:00:00-04:00,9.757039070129395,9.757039070129395,9.757039070129395,9.757039070129395,0,0.0,0.0
2010-08-09 00:00:00-04:00,9.757039070129395,9.757039070129395,9.757039070129395,9.757039070129395,0,0.0,0.0
2010-08-10 00:00:00-04:00,9.594421907377864,9.757039070129395,9.594421907377864,9.757039070129395,1200,0.0,0.0
2010-08-11 00:00:00-04:00,9.59442084810589,9.716383512849303,9.431803703308105,9.431803703308105,6000,0.0,0.0
2010-08-12 00:00:00-04:00,9.431803703308105,9.431803703308105,9.431803703308105,9.431803703308105,0,0.0,0.0
2010-08-13 00:00:00-04:00,9.431803703308105,9.431803703308105,9.431803703308105,9.431803703308105,0,0.0,0.0
2010-08-16 00:00:00-04:00,9.431803703308105,9.431803703308105,9.431803703308105,9.431803703308105,400,0.0,0.0
2010-08-17 00:00:00-04:00,9.431803703308105,9.431803703308105,9.431803703308105,9.431803703308105,500,0.0,0.0
2010-08-18 00:00:00-04:00,9.740772247314453,9.740772247314453,9.740772247314453,9.740772247314453,100,0.0,0.0
2010-08-19 00:00:00-04:00,9.740772247314453,9.740772247314453,9.740772247314453,9.740772247314453,0,0.0,0.0
2010-08-20 00:00:00-04:00,9.431803703308105,9.431803703308105,9.431803703308105,9.431803703308105,600,0.0,0.0
2010-08-23 00:00:00-04:00,9.431803703308105,9.431803703308105,9.431803703308105,9.431803703308105,0,0.0,0.0
2010-08-24 00:00:00-04:00,9.716384585586564,9.757039070129395,9.716384585586564,9.757039070129395,1300,0.0,0.0
2010-08-25 00:00:00-04:00,9.757039070129395,9.757039070129395,9.757039070129395,9.757039070129395,0,0.0,0.0
2010-08-26 00:00:00-04:00,9.5944185256958,9.5944185256958,9.5944185256958,9.5944185256958,400,0.0,0.0
2010-08-27 00:00:00-04:00,9.5944185256958,9.5944185256958,9.5944185256958,9.5944185256958,0,0.0,0.0
2010-08-30 00:00:00-04:00,9.5944185256958,9.5944185256958,9.5944185256958,9.5944185256958,0,0.0,0.0
2010-08-31 00:00:00-04:00,9.553763389587402,9.553763389587402,9.553763389587402,9.553763389587402,500,0.0,0.0
2010-09-01 00:00:00-04:00,9.675730125628641,9.757039094920902,9.675730125628641,9.748908042907715,1900,0.0,0.0
2010-09-02 00:00:00-04:00,9.594421907377864,9.757039070129395,9.594421907377864,9.757039070129395,3700,0.0,0.0
2010-09-03 00:00:00-04:00,9.757039070129395,9.757039070129395,9.757039070129395,9.757039070129395,0,0.0,0.0
2010-09-07 00:00:00-04:00,9.757039070129395,9.757039070129395,9.757039070129395,9.757039070129395,0,0.0,0.0
2010-09-08 00:00:00-04:00,9.757039070129395,9.757039070129395,9.757039070129395,9.757039070129395,0,0.0,0.0
2010-09-09 00:00:00-04:00,9.757039070129395,9.757039070129395,9.757039070129395,9.757039070129395,0,0.0,0.0
2010-09-10 00:00:00-04:00,9.757039070129395,9.757039070129395,9.757039070129395,9.757039070129395,0,0.0,0.0
2010-09-13 00:00:00-04:00,9.757039070129395,9.757039070129395,9.757039070129395,9.757039070129395,0,0.0,0.0
2010-09-14 00:00:00-04:00,9.757039070129395,9.757039070129395,9.757039070129395,9.757039070129395,0,0.0,0.0
2010-09-15 00:00:00-04:00,9.757039070129395,9.757039070129395,9.757039070129395,9.757039070129395,0,0.0,0.0
2010-09-16 00:00:00-04:00,9.757039070129395,9.757039070129395,9.757039070129395,9.757039070129395,0,0.0,0.0
2010-09-17 00:00:00-04:00,9.757039070129395,9.757039070129395,9.757039070129395,9.757039070129395,0,0.0,0.0
2010-09-20 00:00:00-04:00,9.675726016307964,9.675726016307964,9.553763389587402,9.553763389587402,1700,0.0,0.0
2010-09-21 00:00:00-04:00,9.553763389587402,9.553763389587402,9.553763389587402,9.553763389587402,0,0.0,0.0
2010-09-22 00:00:00-04:00,9.553763389587402,9.553763389587402,9.553763389587402,9.553763389587402,1000,0.0,0.0
2010-09-23 00:00:00-04:00,9.228529930114746,9.228529930114746,9.228529930114746,9.228529930114746,1200,0.0,0.0
2010-09-24 00:00:00-04:00,9.553764053013014,9.716381158405927,9.350492477416992,9.350492477416992,900,0.0,0.0
2010-09-27 00:00:00-04:00,9.22852984222719,9.350492477416992,9.22852984222719,9.350492477416992,1300,0.0,0.0
2010-09-28 00:00:00-04:00,9.350492477416992,9.350492477416992,9.350492477416992,9.350492477416992,0,0.0,0.0
2010-09-29 00:00:00-04:00,9.350492477416992,9.350492477416992,9.350492477416992,9.350492477416992,0,0.0,0.0
2010-09-30 00:00:00-04:00,9.635076391920697,9.757039070129395,9.635076391920697,9.757039070129395,4600,0.0,0.0
2010-10-01 00:00:00-04:00,9.757039070129395,9.757039070129395,9.757039070129395,9.757039070129395,0,0.0,0.0
2010-10-04 00:00:00-04:00,9.757039070129395,9.757039070129395,9.757039070129395,9.757039070129395,0,0.0,0.0
2010-10-05 00:00:00-04:00,9.228529930114746,9.228529930114746,9.228529930114746,9.228529930114746,100,0.0,0.0
2010-10-06 00:00:00-04:00,9.228529930114746,9.228529930114746,9.228529930114746,9.228529930114746,0,0.0,0.0
2010-10-07 00:00:00-04:00,9.228531395845154,9.635074615478516,9.228531395845154,9.635074615478516,5700,0.0,0.0
2010-10-08 00:00:00-04:00,9.635074615478516,9.635074615478516,9.635074615478516,9.635074615478516,0,0.0,0.0
2010-10-11 00:00:00-04:00,9.553765661383983,9.635074615478516,9.553765661383983,9.635074615478516,700,0.0,0.0
2010-10-12 00:00:00-04:00,9.635074615478516,9.635074615478516,9.635074615478516,9.635074615478516,0,0.0,0.0
2010-10-13 00:00:00-04:00,9.635074615478516,9.635074615478516,9.635074615478516,9.635074615478516,0,0.0,0.0
2010-10-14 00:00:00-04:00,9.635074615478516,9.635074615478516,9.635074615478516,9.635074615478516,0,0.0,0.0
2010-10-15 00:00:00-04:00,9.635074615478516,9.635074615478516,9.635074615478516,9.635074615478516,0,0.0,0.0
2010-10-18 00:00:00-04:00,9.635074615478516,9.635074615478516,9.635074615478516,9.635074615478516,0,0.0,0.0
2010-10-19 00:00:00-04:00,9.67572831710613,9.67572831710613,9.594420138431248,9.635074615478516,2300,0.0,0.0
2010-10-20 00:00:00-04:00,9.635074615478516,9.635074615478516,9.635074615478516,9.635074615478516,1800,0.0,0.0
2010-10-21 00:00:00-04:00,9.635074615478516,9.635074615478516,9.635074615478516,9.635074615478516,1000,0.0,0.0
2010-10-22 00:00:00-04:00,9.635074615478516,9.635074615478516,9.635074615478516,9.635074615478516,0,0.0,0.0
2010-10-25 00:00:00-04:00,9.635074615478516,9.635074615478516,9.635074615478516,9.635074615478516,0,0.0,0.0
2010-10-26 00:00:00-04:00,9.635074615478516,9.635074615478516,9.635074615478516,9.635074615478516,0,0.0,0.0
2010-10-27 00:00:00-04:00,9.635074615478516,9.635074615478516,9.635074615478516,9.635074615478516,0,0.0,0.0
2010-10-28 00:00:00-04:00,9.635074615478516,9.635074615478516,9.635074615478516,9.635074615478516,0,0.0,0.0
2010-10-29 00:00:00-04:00,9.635074615478516,9.635074615478516,9.635074615478516,9.635074615478516,0,0.0,0.0
2010-11-01 00:00:00-04:00,9.635074615478516,9.635074615478516,9.635074615478516,9.635074615478516,0,0.0,0.0
2010-11-02 00:00:00-04:00,9.635074615478516,9.635074615478516,9.635074615478516,9.635074615478516,0,0.0,0.0
2010-11-03 00:00:00-04:00,9.635074615478516,9.635074615478516,9.635074615478516,9.635074615478516,0,0.0,0.0
2010-11-04 00:00:00-04:00,9.5944185256958,9.5944185256958,9.5944185256958,9.5944185256958,600,0.0,0.0
2010-11-05 00:00:00-04:00,9.5944185256958,9.5944185256958,9.5944185256958,9.5944185256958,0,0.0,0.0
2010-11-08 00:00:00-05:00,9.5944185256958,9.5944185256958,9.5944185256958,9.5944185256958,0,0.0,0.0
2010-11-09 00:00:00-05:00,9.5944185256958,9.5944185256958,9.5944185256958,9.5944185256958,0,0.0,0.0
2010-11-10 00:00:00-05:00,9.5944185256958,9.5944185256958,9.5944185256958,9.5944185256958,1200,0.0,0.0
2010-11-11 00:00:00-05:00,9.594419669537057,9.675727844238281,9.594419669537057,9.675727844238281,7400,0.0,0.0
2010-11-12 00:00:00-05:00,9.675727844238281,9.675727844238281,9.675727844238281,9.675727844238281,0,0.0,0.0
2010-11-15 00:00:00-05:00,9.594421907377864,9.757039070129395,9.594421907377864,9.757039070129395,7900,0.0,0.0
2010-11-16 00:00:00-05:00,9.757039070129395,9.757039070129395,9.757039070129395,9.757039070129395,1300,0.0,0.0
2010-11-17 00:00:00-05:00,9.757039070129395,9.757039070129395,9.757039070129395,9.757039070129395,0,0.0,0.0
2010-11-18 00:00:00-05:00,9.635076391920697,9.757039070129395,9.635076391920697,9.757039070129395,4500,0.0,0.0
2010-11-19 00:00:00-05:00,9.757039070129395,9.757039070129395,9.757039070129395,9.757039070129395,6100,0.0,0.0
2010-11-22 00:00:00-05:00,9.773301174114447,9.773301174114447,9.757039070129395,9.757039070129395,1200,0.0,0.0
2010-11-23 00:00:00-05:00,9.675730101043731,9.757039070129395,9.675730101043731,9.757039070129395,1600,0.0,0.0
2010-11-24 00:00:00-05:00,9.84316635131836,9.84316635131836,9.84316635131836,9.84316635131836,0,0.105,0.0
2010-11-26 00:00:00-05:00,9.84316635131836,9.84316635131836,9.84316635131836,9.84316635131836,0,0.0,0.0
2010-11-29 00:00:00-05:00,9.84316635131836,9.84316635131836,9.84316635131836,9.84316635131836,0,0.0,0.0
2010-11-30 00:00:00-05:00,9.84316635131836,9.84316635131836,9.84316635131836,9.84316635131836,200,0.0,0.0
2010-12-01 00:00:00-05:00,9.84316635131836,9.84316635131836,9.84316635131836,9.84316635131836,0,0.0,0.0
2010-12-02 00:00:00-05:00,9.84316635131836,9.84316635131836,9.84316635131836,9.84316635131836,0,0.0,0.0
2010-12-03 00:00:00-05:00,9.802151099347023,9.802151099347023,9.720125198364258,9.720125198364258,1900,0.0,0.0
2010-12-06 00:00:00-05:00,9.843162151051958,9.843162151051958,9.802148818969727,9.802148818969727,1200,0.0,0.0
2010-12-07 00:00:00-05:00,9.802148818969727,9.802148818969727,9.802148818969727,9.802148818969727,0,0.0,0.0
2010-12-08 00:00:00-05:00,9.802148818969727,9.802148818969727,9.802148818969727,9.802148818969727,0,0.0,0.0
2010-12-09 00:00:00-05:00,9.802148818969727,9.802148818969727,9.802148818969727,9.802148818969727,0,0.0,0.0
2010-12-10 00:00:00-05:00,9.761139652151542,9.84316635131836,9.761139652151542,9.84316635131836,2300,0.0,0.0
2010-12-13 00:00:00-05:00,9.84316635131836,9.84316635131836,9.84316635131836,9.84316635131836,0,0.0,0.0
2010-12-14 00:00:00-05:00,9.84316635131836,9.84316635131836,9.84316635131836,9.84316635131836,0,0.0,0.0
2010-12-15 00:00:00-05:00,9.84316635131836,9.84316635131836,9.84316635131836,9.84316635131836,0,0.0,0.0
2010-12-16 00:00:00-05:00,9.84316635131836,9.84316635131836,9.84316635131836,9.84316635131836,0,0.0,0.0
2010-12-17 00:00:00-05:00,9.84316635131836,9.84316635131836,9.84316635131836,9.84316635131836,0,0.0,0.0
2010-12-20 00:00:00-05:00,9.761135454996488,9.761135454996488,9.679109573364258,9.679109573364258,1000,0.0,0.0
2010-12-21 00:00:00-05:00,9.84316635131836,9.84316635131836,9.84316635131836,9.84316635131836,400,0.0,0.0
2010-12-22 00:00:00-05:00,9.761137757723427,9.761137757723427,9.720125198364258,9.720125198364258,1000,0.0,0.0
2010-12-23 00:00:00-05:00,9.84316635131836,9.84316635131836,9.84316635131836,9.84316635131836,1000,0.0,0.0
2010-12-27 00:00:00-05:00,9.84316635131836,9.84316635131836,9.84316635131836,9.84316635131836,0,0.0,0.0
2010-12-28 00:00:00-05:00,9.84316635131836,9.84316635131836,9.84316635131836,9.84316635131836,0,0.0,0.0
2010-12-29 00:00:00-05:00,9.761139652151542,9.84316635131836,9.761139652151542,9.84316635131836,6300,0.0,0.0
2010-12-30 00:00:00-05:00,9.84316635131836,9.84316635131836,9.84316635131836,9.84316635131836,0,0.0,0.0
2010-12-31 00:00:00-05:00,9.84316635131836,9.84316635131836,9.84316635131836,9.84316635131836,200,0.0,0.0
2011-01-03 00:00:00-05:00,9.84316635131836,9.84316635131836,9.84316635131836,9.84316635131836,0,0.0,0.0
2011-01-04 00:00:00-05:00,9.84316635131836,9.84316635131836,9.84316635131836,9.84316635131836,0,0.0,0.0
2011-01-05 00:00:00-05:00,9.761135454996488,9.761135454996488,9.679109573364258,9.679109573364258,600,0.0,0.0
2011-01-06 00:00:00-05:00,9.679109573364258,9.679109573364258,9.679109573364258,9.679109573364258,0,0.0,0.0
2011-01-07 00:00:00-05:00,9.802148818969727,9.802148818969727,9.802148818969727,9.802148818969727,400,0.0,0.0
2011-01-10 00:00:00-05:00,9.802148818969727,9.802148818969727,9.802148818969727,9.802148818969727,0,0.0,0.0
2011-01-11 00:00:00-05:00,9.802148818969727,9.802148818969727,9.802148818969727,9.802148818969727,0,0.0,0.0
2011-01-12 00:00:00-05:00,9.802148818969727,9.802148818969727,9.802148818969727,9.802148818969727,200,0.0,0.0
2011-01-13 00:00:00-05:00,9.84316635131836,9.84316635131836,9.84316635131836,9.84316635131836,800,0.0,0.0
2011-01-14 00:00:00-05:00,9.84316635131836,9.84316635131836,9.84316635131836,9.84316635131836,0,0.0,0.0
2011-01-18 00:00:00-05:00,9.84316635131836,9.84316635131836,9.84316635131836,9.84316635131836,0,0.0,0.0
2011-01-19 00:00:00-05:00,9.84316635131836,9.84316635131836,9.84316635131836,9.84316635131836,0,0.0,0.0
2011-01-20 00:00:00-05:00,9.679109573364258,9.679109573364258,9.679109573364258,9.679109573364258,400,0.0,0.0
2011-01-21 00:00:00-05:00,10.253296060077215,12.098889350891113,10.253296060077215,12.098889350891113,1000,0.0,0.0
2011-01-24 00:00:00-05:00,11.483693616143588,11.89382553100586,11.483693616143588,11.89382553100586,700,0.0,0.0
2011-01-25 00:00:00-05:00,11.89382553100586,11.89382553100586,11.89382553100586,11.89382553100586,0,0.0,0.0
2011-01-26 00:00:00-05:00,11.89382553100586,11.89382553100586,11.89382553100586,11.89382553100586,200,0.0,0.0
2011-01-27 00:00:00-05:00,11.89382553100586,11.89382553100586,11.89382553100586,11.89382553100586,0,0.0,0.0
2011-01-28 00:00:00-05:00,11.89382553100586,11.89382553100586,11.89382553100586,11.89382553100586,0,0.0,0.0
2011-01-31 00:00:00-05:00,11.89382553100586,11.89382553100586,11.89382553100586,11.89382553100586,0,0.0,0.0
2011-02-01 00:00:00-05:00,11.89382553100586,11.89382553100586,11.89382553100586,11.89382553100586,0,0.0,0.0
2011-02-02 00:00:00-05:00,11.89382553100586,11.89382553100586,11.89382553100586,11.89382553100586,0,0.0,0.0
2011-02-03 00:00:00-05:00,11.89382553100586,11.89382553100586,11.89382553100586,11.89382553100586,0,0.0,0.0
2011-02-04 00:00:00-05:00,11.483690995436449,11.483690995436449,10.663427352905273,10.663427352905273,1500,0.0,0.0
2011-02-07 00:00:00-05:00,11.483692169189453,11.483692169189453,11.483692169189453,11.483692169189453,300,0.0,0.0
2011-02-08 00:00:00-05:00,11.483692169189453,11.483692169189453,11.483692169189453,11.483692169189453,0,0.0,0.0
2011-02-09 00:00:00-05:00,11.483692169189453,11.483692169189453,11.483692169189453,11.483692169189453,0,0.0,0.0
2011-02-10 00:00:00-05:00,11.401660919189453,11.401660919189453,11.401660919189453,11.401660919189453,500,0.0,0.0
2011-02-11 00:00:00-05:00,11.401665483646607,11.483692169189453,11.401665483646607,11.483692169189453,1000,0.0,0.0
2011-02-14 00:00:00-05:00,11.89382553100586,11.89382553100586,11.89382553100586,11.89382553100586,400,0.0,0.0
2011-02-15 00:00:00-05:00,11.89382553100586,11.89382553100586,11.89382553100586,11.89382553100586,0,0.0,0.0
2011-02-16 00:00:00-05:00,11.89382553100586,11.89382553100586,11.89382553100586,11.89382553100586,0,0.0,0.0
2011-02-17 00:00:00-05:00,11.483690379004784,11.483690379004784,10.704440116882324,10.704440116882324,2700,0.0,0.0
2011-02-18 00:00:00-05:00,11.483692169189453,11.483692169189453,11.483692169189453,11.483692169189453,400,0.0,0.0
2011-02-22 00:00:00-05:00,11.483692169189453,11.483692169189453,11.483692169189453,11.483692169189453,0,0.0,0.0
2011-02-23 00:00:00-05:00,11.57046890258789,11.57046890258789,11.57046890258789,11.57046890258789,0,0.105,0.0
2011-02-24 00:00:00-05:00,11.57046890258789,11.57046890258789,11.57046890258789,11.57046890258789,0,0.0,0.0
2011-02-25 00:00:00-05:00,10.818392753601074,10.818392753601074,10.818392753601074,10.818392753601074,300,0.0,0.0
2011-02-28 00:00:00-05:00,10.818392753601074,10.818392753601074,10.818392753601074,10.818392753601074,0,0.0,0.0
2011-03-01 00:00:00-05:00,11.57046890258789,11.57046890258789,11.57046890258789,11.57046890258789,1000,0.0,0.0
2011-03-02 00:00:00-05:00,11.57046890258789,11.57046890258789,11.57046890258789,11.57046890258789,0,0.0,0.0
2011-03-03 00:00:00-05:00,11.57046890258789,11.57046890258789,11.57046890258789,11.57046890258789,0,0.0,0.0
2011-03-04 00:00:00-05:00,11.15723705291748,11.15723705291748,11.15723705291748,11.15723705291748,500,0.0,0.0
2011-03-07 00:00:00-05:00,11.15723705291748,11.16550186211882,11.15723705291748,11.15723705291748,1600,0.0,0.0
2011-03-08 00:00:00-05:00,11.15723705291748,11.15723705291748,11.15723705291748,11.15723705291748,600,0.0,0.0
2011-03-09 00:00:00-05:00,11.15723705291748,11.15723705291748,11.15723705291748,11.15723705291748,0,0.0,0.0
2011-03-10 00:00:00-05:00,11.36385726928711,11.57047285600142,11.157241682572797,11.36385726928711,10000,0.0,0.0
2011-03-11 00:00:00-05:00,11.36385726928711,11.36385726928711,11.36385726928711,11.36385726928711,0,0.0,0.0
2011-03-14 00:00:00-04:00,11.57046890258789,11.57046890258789,11.57046890258789,11.57046890258789,300,0.0,0.0
2011-03-15 00:00:00-04:00,11.57046890258789,11.57046890258789,11.57046890258789,11.57046890258789,0,0.0,0.0
2011-03-16 00:00:00-04:00,11.57046890258789,11.57046890258789,11.57046890258789,11.57046890258789,0,0.0,0.0
2011-03-17 00:00:00-04:00,11.57046890258789,11.57046890258789,11.57046890258789,11.57046890258789,0,0.0,0.0
2011-03-18 00:00:00-04:00,11.157238561881801,11.157238561881801,10.8266540308741,11.115915298461914,3500,0.0,0.0
2011-03-21 00:00:00-04:00,11.115913795086373,11.15723705291748,11.115913795086373,11.15723705291748,400,0.0,0.0
2011-03-22 00:00:00-04:00,11.15723705291748,11.15723705291748,11.15723705291748,11.15723705291748,0,0.0,0.0
2011-03-23 00:00:00-04:00,11.157239960321325,11.157239960321325,10.826655387878418,10.826655387878418,1700,0.0,0.0
2011-03-24 00:00:00-04:00,10.826655387878418,10.826655387878418,10.826655387878418,10.826655387878418,0,0.0,0.0
2011-03-25 00:00:00-04:00,10.826655387878418,10.826655387878418,10.826655387878418,10.826655387878418,0,0.0,0.0
2011-03-28 00:00:00-04:00,10.826655387878418,10.826655387878418,10.826655387878418,10.826655387878418,0,0.0,0.0
2011-03-29 00:00:00-04:00,10.826655387878418,10.826655387878418,10.826655387878418,10.826655387878418,0,0.0,0.0
2011-03-30 00:00:00-04:00,11.15723705291748,11.15723705291748,11.15723705291748,11.15723705291748,1000,0.0,0.0
2011-03-31 00:00:00-04:00,11.15723705291748,11.15723705291748,11.15723705291748,11.15723705291748,0,0.0,0.0
2011-04-01 00:00:00-04:00,11.15723705291748,11.15723705291748,11.15723705291748,11.15723705291748,0,0.0,0.0
2011-04-04 00:00:00-04:00,11.15723705291748,11.15723705291748,11.15723705291748,11.15723705291748,0,0.0,0.0
2011-04-05 00:00:00-04:00,11.15723705291748,11.15723705291748,11.15723705291748,11.15723705291748,0,0.0,0.0
2011-04-06 00:00:00-04:00,11.322529792785645,11.322529792785645,11.322529792785645,11.322529792785645,200,0.0,0.0
2011-04-07 00:00:00-04:00,11.322529792785645,11.322529792785645,11.322529792785645,11.322529792785645,0,0.0,0.0
2011-04-08 00:00:00-04:00,11.57046890258789,11.57046890258789,11.57046890258789,11.57046890258789,800,0.0,0.0
2011-04-11 00:00:00-04:00,11.57046890258789,11.57046890258789,11.57046890258789,11.57046890258789,400,0.0,0.0
2011-04-12 00:00:00-04:00,11.57046890258789,11.57046890258789,11.57046890258789,11.57046890258789,0,0.0,0.0
2011-04-13 00:00:00-04:00,11.15723705291748,11.15723705291748,11.15723705291748,11.15723705291748,2000,0.0,0.0
2011-04-14 00:00:00-04:00,11.157238087838925,11.281207084655762,11.157238087838925,11.281207084655762,2500,0.0,0.0
2011-04-15 00:00:00-04:00,11.281207084655762,11.281207084655762,11.281207084655762,11.281207084655762,0,0.0,0.0
2011-04-18 00:00:00-04:00,11.281207084655762,11.281207084655762,11.281207084655762,11.281207084655762,0,0.0,0.0
2011-04-19 00:00:00-04:00,11.562206268310547,11.562206268310547,11.562206268310547,11.562206268310547,400,0.0,0.0
2011-04-20 00:00:00-04:00,11.322529106548354,11.322529106548354,11.314264297485352,11.314264297485352,400,0.0,0.0
2011-04-21 00:00:00-04:00,11.15723705291748,11.15723705291748,11.15723705291748,11.15723705291748,3500,0.0,0.0
2011-04-25 00:00:00-04:00,11.15723705291748,11.15723705291748,11.15723705291748,11.15723705291748,900,0.0,0.0
2011-04-26 00:00:00-04:00,11.281207084655762,11.281207084655762,11.281207084655762,11.281207084655762,3000,0.0,0.0
2011-04-27 00:00:00-04:00,11.281207084655762,11.281207084655762,11.281207084655762,11.281207084655762,2000,0.0,0.0
2011-04-28 00:00:00-04:00,11.074595132616707,11.36385726928711,11.074595132616707,11.36385726928711,2000,0.0,0.0
2011-04-29 00:00:00-04:00,11.57047153341359,11.983702659606934,11.57047153341359,11.983702659606934,900,0.0,0.0
2011-05-02 00:00:00-04:00,11.983702659606934,11.983702659606934,11.983702659606934,11.983702659606934,0,0.0,0.0
2011-05-03 00:00:00-04:00,11.983702659606934,11.983702659606934,11.983702659606934,11.983702659606934,0,0.0,0.0
2011-05-04 00:00:00-04:00,11.983702659606934,11.983702659606934,11.983702659606934,11.983702659606934,0,0.0,0.0
2011-05-05 00:00:00-04:00,11.983702659606934,11.983702659606934,11.983702659606934,11.983702659606934,0,0.0,0.0
2011-05-06 00:00:00-04:00,11.983702659606934,11.983702659606934,11.983702659606934,11.983702659606934,0,0.0,0.0
2011-05-09 00:00:00-04:00,11.983702659606934,11.983702659606934,11.983702659606934,11.983702659606934,0,0.0,0.0
2011-05-10 00:00:00-04:00,11.983702659606934,11.983702659606934,11.983702659606934,11.983702659606934,0,0.0,0.0
2011-05-11 00:00:00-04:00,11.983702659606934,11.983702659606934,11.983702659606934,11.983702659606934,0,0.0,0.0
2011-05-12 00:00:00-04:00,11.983702659606934,11.983702659606934,11.983702659606934,11.983702659606934,0,0.0,0.0
2011-05-13 00:00:00-04:00,11.983702659606934,11.983702659606934,11.983702659606934,11.983702659606934,0,0.0,0.0
2011-05-16 00:00:00-04:00,11.777087502940237,12.686196327209473,11.777087502940237,12.686196327209473,2000,0.0,0.0
2011-05-17 00:00:00-04:00,12.686196327209473,12.686196327209473,12.686196327209473,12.686196327209473,0,0.0,0.0
2011-05-18 00:00:00-04:00,12.686196327209473,12.686196327209473,12.686196327209473,12.686196327209473,0,0.0,0.0
2011-05-19 00:00:00-04:00,12.355609893798828,12.355609893798828,12.355609893798828,12.355609893798828,600,0.0,0.0
2011-05-20 00:00:00-04:00,12.355609893798828,12.355609893798828,12.355609893798828,12.355609893798828,0,0.0,0.0
2011-05-23 00:00:00-04:00,12.355609893798828,12.355609893798828,12.355609893798828,12.355609893798828,0,0.0,0.0
2011-05-24 00:00:00-04:00,12.355609893798828,12.355609893798828,12.355609893798828,12.355609893798828,0,0.0,0.0
2011-05-25 00:00:00-04:00,12.44300365447998,12.44300365447998,12.44300365447998,12.44300365447998,0,0.105,0.0
2011-05-26 00:00:00-04:00,12.443001683748662,12.484617233276367,12.443001683748662,12.484617233276367,2000,0.0,0.0
2011-05-27 00:00:00-04:00,12.484617233276367,12.484617233276367,12.484617233276367,12.484617233276367,0,0.0,0.0
2011-05-31 00:00:00-04:00,12.476293964620709,12.484617233276367,12.476293964620709,12.484617233276367,2400,0.0,0.0
2011-06-01 00:00:00-04:00,12.484617233276367,12.484617233276367,12.484617233276367,12.484617233276367,0,0.0,0.0
2011-06-02 00:00:00-04:00,12.484617233276367,12.484617233276367,12.484617233276367,12.484617233276367,0,0.0,0.0
2011-06-03 00:00:00-04:00,12.484617233276367,12.484617233276367,12.484617233276367,12.484617233276367,0,0.0,0.0
2011-06-06 00:00:00-04:00,12.276538848876953,12.276538848876953,12.276538848876953,12.276538848876953,200,0.0,0.0
2011-06-07 00:00:00-04:00,12.276538848876953,12.276538848876953,12.276538848876953,12.276538848876953,0,0.0,0.0
2011-06-08 00:00:00-04:00,12.276538848876953,12.276538848876953,12.276538848876953,12.276538848876953,0,0.0,0.0
2011-06-09 00:00:00-04:00,12.276540279388428,12.484617233276367,12.276540279388428,12.484617233276367,1100,0.0,0.0
2011-06-10 00:00:00-04:00,12.484617233276367,12.484617233276367,12.484617233276367,12.484617233276367,0,0.0,0.0
2011-06-13 00:00:00-04:00,12.484617233276367,12.484617233276367,12.484617233276367,12.484617233276367,0,0.0,0.0
2011-06-14 00:00:00-04:00,12.484617233276367,12.484617233276367,12.484617233276367,12.484617233276367,0,0.0,0.0
2011-06-15 00:00:00-04:00,11.7355375289917,11.7355375289917,11.7355375289917,11.7355375289917,300,0.0,0.0
2011-06-16 00:00:00-04:00,11.7355375289917,11.7355375289917,11.7355375289917,11.7355375289917,2200,0.0,0.0
2011-06-17 00:00:00-04:00,11.643982337096531,11.652305603027344,11.643982337096531,11.652305603027344,500,0.0,0.0
2011-06-20 00:00:00-04:00,11.652305603027344,11.652305603027344,11.652305603027344,11.652305603027344,500,0.0,0.0
2011-06-21 00:00:00-04:00,11.652305603027344,11.652305603027344,11.652305603027344,11.652305603027344,0,0.0,0.0
2011-06-22 00:00:00-04:00,11.652305603027344,11.652305603027344,11.652305603027344,11.652305603027344,2600,0.0,0.0
2011-06-23 00:00:00-04:00,12.068463325500488,12.068463325500488,12.068463325500488,12.068463325500488,300,0.0,0.0
2011-06-24 00:00:00-04:00,12.068463325500488,12.068463325500488,12.068463325500488,12.068463325500488,200,0.0,0.0
2011-06-27 00:00:00-04:00,12.31815632415754,12.484617735210218,11.860386848449707,11.860386848449707,3100,0.0,0.0
2011-06-28 00:00:00-04:00,11.860386848449707,11.860386848449707,11.860386848449707,11.860386848449707,0,0.0,0.0
2011-06-29 00:00:00-04:00,11.73554051678002,12.068463325500488,11.73554051678002,12.068463325500488,1400,0.0,0.0
2011-06-30 00:00:00-04:00,12.068463325500488,12.068463325500488,12.068463325500488,12.068463325500488,200,0.0,0.0
2011-07-01 00:00:00-04:00,11.735540988597853,12.06846381070321,11.4442329239427,11.860386848449707,11500,0.0,0.0
2011-07-05 00:00:00-04:00,11.860386848449707,11.860386848449707,11.860386848449707,11.860386848449707,0,0.0,0.0
2011-07-06 00:00:00-04:00,12.068463325500488,12.068463325500488,12.068463325500488,12.068463325500488,300,0.0,0.0
2011-07-07 00:00:00-04:00,12.068463325500488,12.068463325500488,12.068463325500488,12.068463325500488,0,0.0,0.0
2011-07-08 00:00:00-04:00,11.652305603027344,11.652305603027344,11.652305603027344,11.652305603027344,1000,0.0,0.0
2011-07-11 00:00:00-04:00,11.652305603027344,11.652305603027344,11.652305603027344,11.652305603027344,1500,0.0,0.0
2011-07-12 00:00:00-04:00,12.068463325500488,12.068463325500488,12.068463325500488,12.068463325500488,200,0.0,0.0
2011-07-13 00:00:00-04:00,12.068463325500488,12.068463325500488,12.068463325500488,12.068463325500488,0,0.0,0.0
2011-07-14 00:00:00-04:00,12.068463325500488,12.068463325500488,12.068463325500488,12.068463325500488,0,0.0,0.0
2011-07-15 00:00:00-04:00,12.068463325500488,12.068463325500488,12.068463325500488,12.068463325500488,0,0.0,0.0
2011-07-18 00:00:00-04:00,12.068463325500488,12.068463325500488,12.068463325500488,12.068463325500488,0,0.0,0.0
2011-07-19 00:00:00-04:00,12.068463325500488,12.068463325500488,12.068463325500488,12.068463325500488,0,0.0,0.0
2011-07-20 00:00:00-04:00,11.860386848449707,11.860386848449707,11.860386848449707,11.860386848449707,400,0.0,0.0
2011-07-21 00:00:00-04:00,11.860386848449707,11.860386848449707,11.860386848449707,11.860386848449707,0,0.0,0.0
2011-07-22 00:00:00-04:00,11.860386848449707,11.860386848449707,11.860386848449707,11.860386848449707,0,0.0,0.0
2011-07-25 00:00:00-04:00,11.860386848449707,11.860386848449707,11.860386848449707,11.860386848449707,0,0.0,0.0
2011-07-26 00:00:00-04:00,11.652305603027344,11.652305603027344,11.652305603027344,11.652305603027344,700,0.0,0.0
2011-07-27 00:00:00-04:00,11.652305603027344,11.652305603027344,11.652305603027344,11.652305603027344,0,0.0,0.0
2011-07-28 00:00:00-04:00,11.652305603027344,11.652305603027344,11.652305603027344,11.652305603027344,0,0.0,0.0
2011-07-29 00:00:00-04:00,11.652305603027344,11.652305603027344,11.652305603027344,11.652305603027344,0,0.0,0.0
2011-08-01 00:00:00-04:00,11.652305603027344,11.652305603027344,11.652305603027344,11.652305603027344,300,0.0,0.0
2011-08-02 00:00:00-04:00,11.652305603027344,11.652305603027344,11.652305603027344,11.652305603027344,0,0.0,0.0
2011-08-03 00:00:00-04:00,11.652305603027344,11.652305603027344,11.652305603027344,11.652305603027344,0,0.0,0.0
2011-08-04 00:00:00-04:00,11.735539159278844,11.818769454956055,11.735539159278844,11.818769454956055,13000,0.0,0.0
2011-08-05 00:00:00-04:00,11.818769454956055,11.818769454956055,11.818769454956055,11.818769454956055,0,0.0,0.0
2011-08-08 00:00:00-04:00,11.527461216678624,11.527461216678624,11.40261459350586,11.40261459350586,1000,0.0,0.0
2011-08-09 00:00:00-04:00,11.40261459350586,11.40261459350586,11.40261459350586,11.40261459350586,0,0.0,0.0
2011-08-10 00:00:00-04:00,11.40261459350586,11.40261459350586,11.40261459350586,11.40261459350586,0,0.0,0.0
2011-08-11 00:00:00-04:00,11.40261459350586,11.40261459350586,11.40261459350586,11.40261459350586,0,0.0,0.0
2011-08-12 00:00:00-04:00,11.40261459350586,11.40261459350586,11.40261459350586,11.40261459350586,0,0.0,0.0
2011-08-15 00:00:00-04:00,11.40261459350586,11.40261459350586,11.40261459350586,11.40261459350586,0,0.0,0.0
2011-08-16 00:00:00-04:00,11.40261459350586,11.40261459350586,11.40261459350586,11.40261459350586,0,0.0,0.0
2011-08-17 00:00:00-04:00,11.40261459350586,11.40261459350586,11.40261459350586,11.40261459350586,0,0.0,0.0
2011-08-18 00:00:00-04:00,11.402617389412162,11.444232940673828,11.402617389412162,11.444232940673828,1100,0.0,0.0
2011-08-19 00:00:00-04:00,11.444232940673828,11.444232940673828,11.444232940673828,11.444232940673828,0,0.0,0.0
2011-08-22 00:00:00-04:00,11.444232940673828,11.444232940673828,11.444232940673828,11.444232940673828,1000,0.0,0.0
2011-08-23 00:00:00-04:00,11.444232940673828,11.444232940673828,11.444232940673828,11.444232940673828,0,0.0,0.0
2011-08-24 00:00:00-04:00,11.444232940673828,11.444232940673828,11.444232940673828,11.444232940673828,0,0.0,0.0
2011-08-25 00:00:00-04:00,11.444232940673828,11.444232940673828,11.444232940673828,11.444232940673828,1000,0.0,0.0
2011-08-26 00:00:00-04:00,11.444232940673828,11.444232940673828,11.444232940673828,11.444232940673828,0,0.0,0.0
2011-08-29 00:00:00-04:00,11.361001014709473,11.361001014709473,11.361001014709473,11.361001014709473,100,0.0,0.0
2011-08-30 00:00:00-04:00,11.361001014709473,11.361001014709473,11.361001014709473,11.361001014709473,0,0.0,0.0
2011-08-31 00:00:00-04:00,11.361001014709473,11.361001014709473,11.361001014709473,11.361001014709473,0,0.0,0.0
2011-09-01 00:00:00-04:00,11.361001014709473,11.361001014709473,11.361001014709473,11.361001014709473,0,0.0,0.0
2011-09-02 00:00:00-04:00,11.361001014709473,11.361001014709473,11.361001014709473,11.361001014709473,0,0.0,0.0
2011-09-06 00:00:00-04:00,11.319384687526945,11.319384687526945,11.236153602600098,11.236153602600098,500,0.0,0.0
2011-09-07 00:00:00-04:00,11.236153602600098,11.236153602600098,11.236153602600098,11.236153602600098,0,0.0,0.0
2011-09-08 00:00:00-04:00,11.236153602600098,11.236153602600098,11.236153602600098,11.236153602600098,300,0.0,0.0
2011-09-09 00:00:00-04:00,11.324231147766113,11.324231147766113,11.324231147766113,11.324231147766113,0,0.105,0.0
2011-09-12 00:00:00-04:00,11.324231147766113,11.324231147766113,11.324231147766113,11.324231147766113,0,0.0,0.0
2011-09-13 00:00:00-04:00,11.324231147766113,11.324231147766113,11.324231147766113,11.324231147766113,0,0.0,0.0
2011-09-14 00:00:00-04:00,11.114524841308594,11.114524841308594,11.114524841308594,11.114524841308594,200,0.0,0.0
2011-09-15 00:00:00-04:00,11.114524841308594,11.114524841308594,11.114524841308594,11.114524841308594,0,0.0,0.0
2011-09-16 00:00:00-04:00,11.198406219482422,11.198406219482422,11.198406219482422,11.198406219482422,900,0.0,0.0
2011-09-19 00:00:00-04:00,11.198406219482422,11.198406219482422,11.198406219482422,11.198406219482422,0,0.0,0.0
2011-09-20 00:00:00-04:00,11.491996765136719,11.491996765136719,11.491996765136719,11.491996765136719,500,0.0,0.0
2011-09-21 00:00:00-04:00,11.491996765136719,11.491996765136719,11.491996765136719,11.491996765136719,0,0.0,0.0
2011-09-22 00:00:00-04:00,11.491996765136719,11.491996765136719,11.491996765136719,11.491996765136719,0,0.0,0.0
2011-09-23 00:00:00-04:00,11.491996765136719,11.491996765136719,11.491996765136719,11.491996765136719,0,0.0,0.0
2011-09-26 00:00:00-04:00,11.491996765136719,11.491996765136719,11.491996765136719,11.491996765136719,0,0.0,0.0
2011-09-27 00:00:00-04:00,11.491996765136719,11.491996765136719,11.491996765136719,11.491996765136719,0,0.0,0.0
2011-09-28 00:00:00-04:00,11.114523163548222,11.324231147766113,11.114523163548222,11.324231147766113,10200,0.0,0.0
2011-09-29 00:00:00-04:00,11.324231147766113,11.324231147766113,11.324231147766113,11.324231147766113,0,0.0,0.0
2011-09-30 00:00:00-04:00,11.324231147766113,11.324231147766113,11.324231147766113,11.324231147766113,0,0.0,0.0
2011-10-03 00:00:00-04:00,11.324231147766113,11.324231147766113,11.324231147766113,11.324231147766113,0,0.0,0.0
2011-10-04 00:00:00-04:00,11.072582877161809,11.072582877161809,10.904816627502441,10.904816627502441,600,0.0,0.0
2011-10-05 00:00:00-04:00,10.904816627502441,10.904816627502441,10.904816627502441,10.904816627502441,0,0.0,0.0
2011-10-06 00:00:00-04:00,11.953357696533203,11.953357696533203,11.953357696533203,11.953357696533203,200,0.0,0.0
2011-10-07 00:00:00-04:00,11.953357696533203,11.953357696533203,11.953357696533203,11.953357696533203,0,0.0,0.0
2011-10-10 00:00:00-04:00,11.953357696533203,11.953357696533203,11.953357696533203,11.953357696533203,0,0.0,0.0
2011-10-11 00:00:00-04:00,11.953357696533203,11.953357696533203,11.953357696533203,11.953357696533203,0,0.0,0.0
2011-10-12 00:00:00-04:00,11.953357696533203,11.953357696533203,11.953357696533203,11.953357696533203,0,0.0,0.0
2011-10-13 00:00:00-04:00,11.953357696533203,11.953357696533203,11.953357696533203,11.953357696533203,0,0.0,0.0
2011-10-14 00:00:00-04:00,11.953357696533203,11.953357696533203,11.953357696533203,11.953357696533203,0,0.0,0.0
2011-10-17 00:00:00-04:00,11.953357696533203,11.953357696533203,11.953357696533203,11.953357696533203,0,0.0,0.0
2011-10-18 00:00:00-04:00,11.114525577478242,11.953357696533203,11.114525577478242,11.953357696533203,1200,0.0,0.0
2011-10-19 00:00:00-04:00,11.743650593612927,11.743650593612927,10.946760177612305,10.946760177612305,2500,0.0,0.0
2011-10-20 00:00:00-04:00,10.946760955587814,11.11452724456787,10.107928710714768,10.485403060913086,3300,0.0,0.0
2011-10-21 00:00:00-04:00,10.527343788617806,11.533942222595215,10.527343788617806,11.533942222595215,1700,0.0,0.0
2011-10-24 00:00:00-04:00,11.743648529052734,11.743648529052734,11.743648529052734,11.743648529052734,2600,0.0,0.0
2011-10-25 00:00:00-04:00,11.953357696533203,11.953357696533203,11.953357696533203,11.953357696533203,1300,0.0,0.0
2011-10-26 00:00:00-04:00,11.953357696533203,11.953357696533203,11.953357696533203,11.953357696533203,0,0.0,0.0
2011-10-27 00:00:00-04:00,11.743648529052734,11.743648529052734,11.743648529052734,11.743648529052734,1900,0.0,0.0
2011-10-28 00:00:00-04:00,11.743648529052734,11.743648529052734,11.743648529052734,11.743648529052734,0,0.0,0.0
2011-10-31 00:00:00-04:00,10.904816627502441,10.904816627502441,10.904816627502441,10.904816627502441,200,0.0,0.0
2011-11-01 00:00:00-04:00,10.904816627502441,10.904816627502441,10.904816627502441,10.904816627502441,0,0.0,0.0
2011-11-02 00:00:00-04:00,10.904816627502441,10.904816627502441,10.904816627502441,10.904816627502441,0,0.0,0.0
2011-11-03 00:00:00-04:00,10.904816627502441,10.904816627502441,10.904816627502441,10.904816627502441,0,0.0,0.0
2011-11-04 00:00:00-04:00,10.904816627502441,10.904816627502441,10.904816627502441,10.904816627502441,0,0.0,0.0
2011-11-07 00:00:00-05:00,10.904816627502441,10.904816627502441,10.904816627502441,10.904816627502441,0,0.0,0.0
2011-11-08 00:00:00-05:00,11.156466604477862,11.156466604477862,11.114524841308594,11.114524841308594,400,0.0,0.0
2011-11-09 00:00:00-05:00,10.946760177612305,10.946760177612305,10.946760177612305,10.946760177612305,1000,0.0,0.0
2011-11-10 00:00:00-05:00,10.946760177612305,10.946760177612305,10.946760177612305,10.946760177612305,0,0.0,0.0
2011-11-11 00:00:00-05:00,11.743648529052734,11.743648529052734,11.743648529052734,11.743648529052734,600,0.0,0.0
2011-11-14 00:00:00-05:00,11.743648529052734,11.743648529052734,11.743648529052734,11.743648529052734,0,0.0,0.0
2011-11-15 00:00:00-05:00,11.743648529052734,11.743648529052734,11.743648529052734,11.743648529052734,0,0.0,0.0
2011-11-16 00:00:00-05:00,11.743648529052734,11.743648529052734,11.743648529052734,11.743648529052734,0,0.0,0.0
2011-11-17 00:00:00-05:00,11.743648529052734,11.743648529052734,11.743648529052734,11.743648529052734,0,0.0,0.0
2011-11-18 00:00:00-05:00,11.743648529052734,11.743648529052734,11.743648529052734,11.743648529052734,0,0.0,0.0
2011-11-21 00:00:00-05:00,11.743648529052734,11.743648529052734,11.743648529052734,11.743648529052734,0,0.0,0.0
2011-11-22 00:00:00-05:00,11.790136337280273,11.790136337280273,11.790136337280273,11.790136337280273,200,0.105,0.0
2011-11-23 00:00:00-05:00,11.790136337280273,11.790136337280273,11.790136337280273,11.790136337280273,0,0.0,0.0
2011-11-25 00:00:00-05:00,11.790136337280273,11.790136337280273,11.790136337280273,11.790136337280273,0,0.0,0.0
2011-11-28 00:00:00-05:00,11.240771293640137,11.240771293640137,11.240771293640137,11.240771293640137,1200,0.0,0.0
2011-11-29 00:00:00-05:00,11.19851303100586,11.19851303100586,11.19851303100586,11.19851303100586,5500,0.0,0.0
2011-11-30 00:00:00-05:00,11.367546598507841,11.494322696539005,11.367546598507841,11.409805297851562,2900,0.0,0.0
2011-12-01 00:00:00-05:00,11.409805297851562,11.409805297851562,11.409805297851562,11.409805297851562,900,0.0,0.0
2011-12-02 00:00:00-05:00,11.409805297851562,11.409805297851562,11.409805297851562,11.409805297851562,0,0.0,0.0
2011-12-05 00:00:00-05:00,11.409805812908807,11.452064514160156,11.409805812908807,11.452064514160156,10000,0.0,0.0
2011-12-06 00:00:00-05:00,11.409805297851562,11.409805297851562,11.409805297851562,11.409805297851562,500,0.0,0.0
2011-12-07 00:00:00-05:00,11.409805297851562,11.409805297851562,11.409805297851562,11.409805297851562,0,0.0,0.0
2011-12-08 00:00:00-05:00,11.578841209411621,11.578841209411621,11.578841209411621,11.578841209411621,500,0.0,0.0
2011-12-09 00:00:00-05:00,11.578841209411621,11.578841209411621,11.578841209411621,11.578841209411621,0,0.0,0.0
2011-12-12 00:00:00-05:00,11.832392692565918,11.832392692565918,11.832392692565918,11.832392692565918,600,0.0,0.0
2011-12-13 00:00:00-05:00,11.832392692565918,11.832392692565918,11.832392692565918,11.832392692565918,5000,0.0,0.0
2011-12-14 00:00:00-05:00,11.832392692565918,11.832392692565918,11.832392692565918,11.832392692565918,1800,0.0,0.0
2011-12-15 00:00:00-05:00,11.832392692565918,11.832392692565918,11.832392692565918,11.832392692565918,0,0.0,0.0
2011-12-16 00:00:00-05:00,11.832392692565918,11.832392692565918,11.832392692565918,11.832392692565918,400,0.0,0.0
2011-12-19 00:00:00-05:00,11.832392692565918,11.832392692565918,11.832392692565918,11.832392692565918,800,0.0,0.0
2011-12-20 00:00:00-05:00,11.832392692565918,11.832392692565918,11.832392692565918,11.832392692565918,0,0.0,0.0
2011-12-21 00:00:00-05:00,11.832392692565918,11.832392692565918,11.832392692565918,11.832392692565918,0,0.0,0.0
2011-12-22 00:00:00-05:00,11.832392692565918,11.832392692565918,11.832392692565918,11.832392692565918,700,0.0,0.0
2011-12-23 00:00:00-05:00,11.832392692565918,11.832392692565918,11.832392692565918,11.832392692565918,0,0.0,0.0
2011-12-27 00:00:00-05:00,11.832392692565918,11.832392692565918,11.832392692565918,11.832392692565918,0,0.0,0.0
2011-12-28 00:00:00-05:00,11.832392692565918,11.832392692565918,11.832392692565918,11.832392692565918,0,0.0,0.0
2011-12-29 00:00:00-05:00,11.832392692565918,11.832392692565918,11.832392692565918,11.832392692565918,700,0.0,0.0
2011-12-30 00:00:00-05:00,11.832392692565918,11.832392692565918,11.832392692565918,11.832392692565918,0,0.0,0.0
2012-01-03 00:00:00-05:00,11.832392692565918,11.832392692565918,11.832392692565918,11.832392692565918,0,0.0,0.0
2012-01-04 00:00:00-05:00,12.043685913085938,12.043685913085938,11.83239317776864,12.043685913085938,700,0.0,0.0
2012-01-05 00:00:00-05:00,12.043685913085938,12.043685913085938,12.043685913085938,12.043685913085938,0,0.0,0.0
2012-01-06 00:00:00-05:00,12.043685913085938,12.043685913085938,12.043685913085938,12.043685913085938,0,0.0,0.0
2012-01-09 00:00:00-05:00,12.043684445772564,12.043684445772564,12.035232543945312,12.035232543945312,300,0.0,0.0
2012-01-10 00:00:00-05:00,12.035232543945312,12.035232543945312,12.035232543945312,12.035232543945312,0,0.0,0.0
2012-01-11 00:00:00-05:00,12.035232543945312,12.035232543945312,12.035232543945312,12.035232543945312,0,0.0,0.0
2012-01-12 00:00:00-05:00,11.83239272531642,11.83239272531642,11.494324684143066,11.494324684143066,700,0.0,0.0
2012-01-13 00:00:00-05:00,11.832392692565918,11.832392692565918,11.832392692565918,11.832392692565918,100,0.0,0.0
2012-01-17 00:00:00-05:00,11.832392692565918,11.832392692565918,11.832392692565918,11.832392692565918,0,0.0,0.0
2012-01-18 00:00:00-05:00,11.832392692565918,11.832392692565918,11.832392692565918,11.832392692565918,0,0.0,0.0
2012-01-19 00:00:00-05:00,11.832392692565918,11.832392692565918,11.832392692565918,11.832392692565918,0,0.0,0.0
2012-01-20 00:00:00-05:00,11.832392692565918,11.832392692565918,11.832392692565918,11.832392692565918,0,0.0,0.0
2012-01-23 00:00:00-05:00,11.832392692565918,11.832392692565918,11.832392692565918,11.832392692565918,0,0.0,0.0
2012-01-24 00:00:00-05:00,11.832392692565918,11.832392692565918,11.832392692565918,11.832392692565918,0,0.0,0.0
2012-01-25 00:00:00-05:00,11.832392692565918,11.832392692565918,11.832392692565918,11.832392692565918,0,0.0,0.0
2012-01-26 00:00:00-05:00,11.832392692565918,11.832392692565918,11.832392692565918,11.832392692565918,4900,0.0,0.0
2012-01-27 00:00:00-05:00,11.832392692565918,11.832392692565918,11.832392692565918,11.832392692565918,0,0.0,0.0
2012-01-30 00:00:00-05:00,11.629552328565016,11.629552328565016,11.621100425720215,11.621100425720215,2200,0.0,0.0
2012-01-31 00:00:00-05:00,11.621100425720215,11.621100425720215,11.621100425720215,11.621100425720215,0,0.0,0.0
2012-02-01 00:00:00-05:00,11.621100425720215,11.621100425720215,11.621100425720215,11.621100425720215,0,0.0,0.0
2012-02-02 00:00:00-05:00,11.621100425720215,11.621100425720215,11.621100425720215,11.621100425720215,0,0.0,0.0
2012-02-03 00:00:00-05:00,11.621100425720215,11.621100425720215,11.621100425720215,11.621100425720215,1000,0.0,0.0
2012-02-06 00:00:00-05:00,11.621100425720215,11.621100425720215,11.621100425720215,11.621100425720215,800,0.0,0.0
2012-02-07 00:00:00-05:00,11.621100425720215,11.621100425720215,11.621100425720215,11.621100425720215,0,0.0,0.0
2012-02-08 00:00:00-05:00,11.621100425720215,11.621100425720215,11.621100425720215,11.621100425720215,300,0.0,0.0
2012-02-09 00:00:00-05:00,11.621100425720215,11.621100425720215,11.621100425720215,11.621100425720215,0,0.0,0.0
2012-02-10 00:00:00-05:00,11.621100425720215,11.621100425720215,11.621100425720215,11.621100425720215,0,0.0,0.0
2012-02-13 00:00:00-05:00,11.621100425720215,11.621100425720215,11.621100425720215,11.621100425720215,0,0.0,0.0
2012-02-14 00:00:00-05:00,11.621100425720215,11.621100425720215,11.621100425720215,11.621100425720215,0,0.0,0.0
2012-02-15 00:00:00-05:00,11.621100425720215,11.621100425720215,11.621100425720215,11.621100425720215,2600,0.0,0.0
2012-02-16 00:00:00-05:00,11.621100425720215,11.621100425720215,11.621100425720215,11.621100425720215,0,0.0,0.0
2012-02-17 00:00:00-05:00,11.621100425720215,11.621100425720215,11.621100425720215,11.621100425720215,8500,0.0,0.0
2012-02-21 00:00:00-05:00,11.790133986031767,11.832392692565918,11.790133986031767,11.832392692565918,400,0.0,0.0
2012-02-22 00:00:00-05:00,11.747872352600098,11.747872352600098,11.747872352600098,11.747872352600098,800,0.0,0.0
2012-02-23 00:00:00-05:00,11.832392692565918,11.832392692565918,11.832392692565918,11.832392692565918,600,0.0,0.0
2012-02-24 00:00:00-05:00,11.832392692565918,11.832392692565918,11.832392692565918,11.832392692565918,0,0.0,0.0
2012-02-27 00:00:00-05:00,11.832392692565918,11.832392692565918,11.832392692565918,11.832392692565918,0,0.0,0.0
2012-02-28 00:00:00-05:00,11.832392692565918,11.832392692565918,11.832392692565918,11.832392692565918,0,0.0,0.0
2012-02-29 00:00:00-05:00,11.92609691619873,11.92609691619873,11.92609691619873,11.92609691619873,400,0.11,0.0
2012-03-01 00:00:00-05:00,11.92609691619873,11.92609691619873,11.92609691619873,11.92609691619873,0,0.0,0.0
2012-03-02 00:00:00-05:00,11.92609691619873,11.92609691619873,11.92609691619873,11.92609691619873,0,0.0,0.0
2012-03-05 00:00:00-05:00,11.92609691619873,11.92609691619873,11.92609691619873,11.92609691619873,0,0.0,0.0
2012-03-06 00:00:00-05:00,11.755722999572754,11.755722999572754,11.755722999572754,11.755722999572754,1000,0.0,0.0
2012-03-07 00:00:00-05:00,11.755722999572754,11.755722999572754,11.755722999572754,11.755722999572754,0,0.0,0.0
2012-03-08 00:00:00-05:00,12.01128235416362,12.01128235416362,11.755722999572754,11.755722999572754,800,0.0,0.0
2012-03-09 00:00:00-05:00,11.926095631833068,11.926095631833068,11.755722999572754,11.755722999572754,1200,0.0,0.0
2012-03-12 00:00:00-04:00,11.755722999572754,11.755722999572754,11.755722999572754,11.755722999572754,0,0.0,0.0
2012-03-13 00:00:00-04:00,12.011282920837402,12.011282920837402,12.011282920837402,12.011282920837402,100,0.0,0.0
2012-03-14 00:00:00-04:00,12.011283027105593,12.011283027105593,11.926096300002383,11.934615135192871,1200,0.0,0.0
2012-03-15 00:00:00-04:00,11.934615135192871,11.934615135192871,11.934615135192871,11.934615135192871,0,0.0,0.0
2012-03-16 00:00:00-04:00,11.934615135192871,11.934615135192871,11.934615135192871,11.934615135192871,0,0.0,0.0
2012-03-19 00:00:00-04:00,11.934615135192871,11.934615135192871,11.934615135192871,11.934615135192871,0,0.0,0.0
2012-03-20 00:00:00-04:00,11.926098454620002,11.977210662596235,11.926098454620002,11.9686918258667,2900,0.0,0.0
2012-03-21 00:00:00-04:00,11.968690088849357,12.0283203125,11.926096723784239,12.0283203125,3000,0.0,0.0
2012-03-22 00:00:00-04:00,12.0283203125,12.0283203125,12.0283203125,12.0283203125,0,0.0,0.0
2012-03-23 00:00:00-04:00,12.0283203125,12.0283203125,12.0283203125,12.0283203125,0,0.0,0.0
2012-03-26 00:00:00-04:00,12.011285484422778,12.13906478881836,11.968692112157251,12.13906478881836,900,0.0,0.0
2012-03-27 00:00:00-04:00,12.13906478881836,12.13906478881836,12.13906478881836,12.13906478881836,0,0.0,0.0
2012-03-28 00:00:00-04:00,12.13906478881836,12.13906478881836,12.13906478881836,12.13906478881836,0,0.0,0.0
2012-03-29 00:00:00-04:00,12.13906478881836,12.13906478881836,12.13906478881836,12.13906478881836,0,0.0,0.0
2012-03-30 00:00:00-04:00,12.13906478881836,12.13906478881836,12.13906478881836,12.13906478881836,0,0.0,0.0
2012-04-02 00:00:00-04:00,12.011282920837402,12.011282920837402,12.011282920837402,12.011282920837402,200,0.0,0.0
2012-04-03 00:00:00-04:00,11.9686918258667,11.9686918258667,11.9686918258667,11.9686918258667,700,0.0,0.0
2012-04-04 00:00:00-04:00,11.9686918258667,11.9686918258667,11.9686918258667,11.9686918258667,400,0.0,0.0
2012-04-05 00:00:00-04:00,11.9686918258667,11.9686918258667,11.9686918258667,11.9686918258667,0,0.0,0.0
2012-04-09 00:00:00-04:00,11.977209117581685,11.977209117581685,11.92609691619873,11.92609691619873,600,0.0,0.0
2012-04-10 00:00:00-04:00,11.92609691619873,11.92609691619873,11.92609691619873,11.92609691619873,0,0.0,0.0
2012-04-11 00:00:00-04:00,11.92609691619873,11.92609691619873,11.92609691619873,11.92609691619873,0,0.0,0.0
2012-04-12 00:00:00-04:00,11.92609691619873,11.92609691619873,11.92609691619873,11.92609691619873,0,0.0,0.0
2012-04-13 00:00:00-04:00,11.92609691619873,11.92609691619873,11.92609691619873,11.92609691619873,0,0.0,0.0
2012-04-16 00:00:00-04:00,11.92609691619873,11.92609691619873,11.92609691619873,11.92609691619873,0,0.0,0.0
2012-04-17 00:00:00-04:00,12.011285484422778,12.13906478881836,12.011285484422778,12.13906478881836,800,0.0,0.0
2012-04-18 00:00:00-04:00,12.13906478881836,12.13906478881836,12.13906478881836,12.13906478881836,0,0.0,0.0
2012-04-19 00:00:00-04:00,12.13906026596813,12.224246978759766,12.13906026596813,12.224246978759766,800,0.0,0.0
2012-04-20 00:00:00-04:00,12.224246978759766,12.224246978759766,12.224246978759766,12.224246978759766,200,0.0,0.0
2012-04-23 00:00:00-04:00,11.926095975751496,12.326472282409668,11.755723338578067,12.326472282409668,2900,0.0,0.0
2012-04-24 00:00:00-04:00,12.479805946350098,12.479805946350098,12.479805946350098,12.479805946350098,200,0.0,0.0
2012-04-25 00:00:00-04:00,12.352029800415039,12.352029800415039,12.352029800415039,12.352029800415039,500,0.0,0.0
2012-04-26 00:00:00-04:00,12.352029800415039,12.352029800415039,12.352029800415039,12.352029800415039,0,0.0,0.0
2012-04-27 00:00:00-04:00,12.13906478881836,12.13906478881836,12.13906478881836,12.13906478881836,200,0.0,0.0
2012-04-30 00:00:00-04:00,12.352026684914721,12.479805946350098,12.352026684914721,12.479805946350098,4000,0.0,0.0
2012-05-01 00:00:00-04:00,12.39462197749543,12.39462197749543,12.156100273132324,12.156100273132324,300,0.0,0.0
2012-05-02 00:00:00-04:00,12.394622438874585,12.437215805053711,12.394622438874585,12.437215805053711,2400,0.0,0.0
2012-05-03 00:00:00-04:00,12.437215805053711,12.437215805053711,12.437215805053711,12.437215805053711,0,0.0,0.0
2012-05-04 00:00:00-04:00,12.437215805053711,12.437215805053711,12.437215805053711,12.437215805053711,0,0.0,0.0
2012-05-07 00:00:00-04:00,12.479805946350098,12.479805946350098,12.479805946350098,12.479805946350098,200,0.0,0.0
2012-05-08 00:00:00-04:00,12.479805946350098,12.479805946350098,12.479805946350098,12.479805946350098,0,0.0,0.0
2012-05-09 00:00:00-04:00,12.352029800415039,12.352029800415039,12.14758260559129,12.352029800415039,1100,0.0,0.0
2012-05-10 00:00:00-04:00,12.479805946350098,12.479805946350098,12.479805946350098,12.479805946350098,700,0.0,0.0
2012-05-11 00:00:00-04:00,12.479805946350098,12.479805946350098,12.479805946350098,12.479805946350098,700,0.0,0.0
2012-05-14 00:00:00-04:00,12.352029800415039,12.352029800415039,12.352029800415039,12.352029800415039,200,0.0,0.0
2012-05-15 00:00:00-04:00,12.352029800415039,12.352029800415039,12.352029800415039,12.352029800415039,0,0.0,0.0
2012-05-16 00:00:00-04:00,12.352029800415039,12.352029800415039,12.352029800415039,12.352029800415039,0,0.0,0.0
2012-05-17 00:00:00-04:00,12.14758182774748,12.14758182774748,12.062395095825195,12.062395095825195,1400,0.0,0.0
2012-05-18 00:00:00-04:00,12.062394306726455,12.062394306726455,12.011282920837402,12.011282920837402,1300,0.0,0.0
2012-05-21 00:00:00-04:00,12.309433937072754,12.309433937072754,12.309433937072754,12.309433937072754,400,0.0,0.0
2012-05-22 00:00:00-04:00,12.479805946350098,12.479805946350098,12.479805946350098,12.479805946350098,500,0.0,0.0
2012-05-23 00:00:00-04:00,12.352029800415039,12.352029800415039,12.352029800415039,12.352029800415039,400,0.0,0.0
2012-05-24 00:00:00-04:00,12.352029800415039,12.352029800415039,12.352029800415039,12.352029800415039,0,0.0,0.0
2012-05-25 00:00:00-04:00,12.352029800415039,12.352029800415039,12.352029800415039,12.352029800415039,1900,0.0,0.0
2012-05-29 00:00:00-04:00,12.352029800415039,12.352029800415039,12.352029800415039,12.352029800415039,0,0.0,0.0
2012-05-30 00:00:00-04:00,12.446449279785156,12.446449279785156,12.446449279785156,12.446449279785156,0,0.11,0.0
2012-05-31 00:00:00-04:00,12.575202941894531,12.575202941894531,12.575202941894531,12.575202941894531,400,0.0,0.0
2012-06-01 00:00:00-04:00,12.575202941894531,12.575202941894531,12.575202941894531,12.575202941894531,0,0.0,0.0
2012-06-04 00:00:00-04:00,12.44644921512927,12.661043167114258,12.44644921512927,12.661043167114258,1500,0.0,0.0
2012-06-05 00:00:00-04:00,12.446449279785156,12.446449279785156,12.446449279785156,12.446449279785156,800,0.0,0.0
2012-06-06 00:00:00-04:00,12.446449279785156,12.446449279785156,12.446449279785156,12.446449279785156,0,0.0,0.0
2012-06-07 00:00:00-04:00,12.661043646275672,12.661043646275672,12.446449686169306,12.53228759765625,1700,0.0,0.0
2012-06-08 00:00:00-04:00,12.53228759765625,12.53228759765625,12.53228759765625,12.53228759765625,0,0.0,0.0
2012-06-11 00:00:00-04:00,12.53228759765625,12.53228759765625,12.53228759765625,12.53228759765625,0,0.0,0.0
2012-06-12 00:00:00-04:00,13.519418691162041,13.519418691162041,12.832717895507812,12.832717895507812,600,0.0,0.0
2012-06-13 00:00:00-04:00,12.832717895507812,12.832717895507812,12.832717895507812,12.832717895507812,0,0.0,0.0
2012-06-14 00:00:00-04:00,12.575204779396833,12.83271767568232,12.549453735351562,12.549453735351562,1400,0.0,0.0
2012-06-15 00:00:00-04:00,12.70395978052865,12.70395978052865,12.575202941894531,12.575202941894531,300,0.0,0.0
2012-06-18 00:00:00-04:00,12.661042901246992,12.832717895507812,12.661042901246992,12.832717895507812,1200,0.0,0.0
2012-06-19 00:00:00-04:00,12.832717895507812,12.832717895507812,12.832717895507812,12.832717895507812,0,0.0,0.0
2012-06-20 00:00:00-04:00,13.090229034423828,13.090229034423828,12.8842190690372,13.090229034423828,1000,0.0,0.0
2012-06-21 00:00:00-04:00,13.090229034423828,13.090229034423828,13.090229034423828,13.090229034423828,0,0.0,0.0
2012-06-22 00:00:00-04:00,13.218987464904785,13.218987464904785,13.218987464904785,13.218987464904785,100,0.0,0.0
2012-06-25 00:00:00-04:00,13.218986922114592,13.304824829101562,13.218986922114592,13.304824829101562,700,0.0,0.0
2012-06-26 00:00:00-04:00,13.090229034423828,13.090229034423828,13.090229034423828,13.090229034423828,400,0.0,0.0
2012-06-27 00:00:00-04:00,13.2619047164917,13.2619047164917,13.2619047164917,13.2619047164917,100,0.0,0.0
2012-06-28 00:00:00-04:00,13.2619047164917,13.2619047164917,13.2619047164917,13.2619047164917,0,0.0,0.0
2012-06-29 00:00:00-04:00,13.2619047164917,13.2619047164917,13.2619047164917,13.2619047164917,0,0.0,0.0
2012-07-02 00:00:00-04:00,13.2619047164917,13.2619047164917,13.2619047164917,13.2619047164917,0,0.0,0.0
2012-07-03 00:00:00-04:00,13.2619047164917,13.2619047164917,13.2619047164917,13.2619047164917,0,0.0,0.0
2012-07-05 00:00:00-04:00,13.304824829101562,13.304824829101562,13.304824829101562,13.304824829101562,300,0.0,0.0
2012-07-06 00:00:00-04:00,13.296240874680676,13.304824829101562,13.296240874680676,13.304824829101562,600,0.0,0.0
2012-07-09 00:00:00-04:00,13.304824829101562,13.304824829101562,12.618124029038647,13.304824829101562,1500,0.0,0.0
2012-07-10 00:00:00-04:00,13.304824829101562,13.304824829101562,13.304824829101562,13.304824829101562,0,0.0,0.0
2012-07-11 00:00:00-04:00,12.455033302307129,12.455033302307129,12.455033302307129,12.455033302307129,400,0.0,0.0
2012-07-12 00:00:00-04:00,12.455033234375778,12.532287188469441,12.446449279785156,12.446449279785156,1700,0.0,0.0
2012-07-13 00:00:00-04:00,12.446449279785156,12.446449279785156,12.446449279785156,12.446449279785156,0,0.0,0.0
2012-07-16 00:00:00-04:00,12.446449279785156,12.446449279785156,12.446449279785156,12.446449279785156,0,0.0,0.0
2012-07-17 00:00:00-04:00,13.519420623779297,13.519420623779297,13.519420623779297,13.519420623779297,200,0.0,0.0
2012-07-18 00:00:00-04:00,12.446449279785156,12.446449279785156,12.446449279785156,12.446449279785156,600,0.0,0.0
2012-07-19 00:00:00-04:00,12.446449279785156,12.446449279785156,12.446449279785156,12.446449279785156,0,0.0,0.0
2012-07-20 00:00:00-04:00,12.446449279785156,12.446449279785156,12.446449279785156,12.446449279785156,0,0.0,0.0
2012-07-23 00:00:00-04:00,13.519420623779297,13.519420623779297,13.519420623779297,13.519420623779297,200,0.0,0.0
2012-07-24 00:00:00-04:00,13.519420623779297,13.519420623779297,13.519420623779297,13.519420623779297,0,0.0,0.0
2012-07-25 00:00:00-04:00,13.304824829101562,13.304824829101562,13.304824829101562,13.304824829101562,100,0.0,0.0
2012-07-26 00:00:00-04:00,13.304824829101562,13.304824829101562,13.304824829101562,13.304824829101562,0,0.0,0.0
2012-07-27 00:00:00-04:00,13.304824829101562,13.304824829101562,13.304824829101562,13.304824829101562,0,0.0,0.0
2012-07-30 00:00:00-04:00,13.304824829101562,13.304824829101562,13.304824829101562,13.304824829101562,0,0.0,0.0
2012-07-31 00:00:00-04:00,13.304824829101562,13.304824829101562,13.304824829101562,13.304824829101562,0,0.0,0.0
2012-08-01 00:00:00-04:00,13.304824829101562,13.304824829101562,13.304824829101562,13.304824829101562,0,0.0,0.0
2012-08-02 00:00:00-04:00,13.090229034423828,13.090229034423828,13.090229034423828,13.090229034423828,8200,0.0,0.0
2012-08-03 00:00:00-04:00,13.090229034423828,13.30482295302094,13.090229034423828,13.090229034423828,3500,0.0,0.0
2012-08-06 00:00:00-04:00,12.961475922282869,13.64817596116033,12.875638008117676,12.875638008117676,6200,0.0,0.0
2012-08-07 00:00:00-04:00,12.875638008117676,12.875638008117676,12.875638008117676,12.875638008117676,2000,0.0,0.0
2012-08-08 00:00:00-04:00,12.875638008117676,12.875638008117676,12.875638008117676,12.875638008117676,3000,0.0,0.0
2012-08-09 00:00:00-04:00,12.875638008117676,12.875638008117676,12.875638008117676,12.875638008117676,3600,0.0,0.0
2012-08-10 00:00:00-04:00,12.875638008117676,12.875638008117676,12.875638008117676,12.875638008117676,7800,0.0,0.0
2012-08-13 00:00:00-04:00,12.875638008117676,12.875638008117676,12.875638008117676,12.875638008117676,0,0.0,0.0
2012-08-14 00:00:00-04:00,12.875638008117676,12.875638008117676,12.875638008117676,12.875638008117676,0,0.0,0.0
2012-08-15 00:00:00-04:00,12.875638008117676,12.875638008117676,12.875638008117676,12.875638008117676,0,0.0,0.0
2012-08-16 00:00:00-04:00,12.875638008117676,12.875638008117676,12.875638008117676,12.875638008117676,0,0.0,0.0
2012-08-17 00:00:00-04:00,12.875638008117676,12.875638008117676,12.875638008117676,12.875638008117676,0,0.0,0.0
2012-08-20 00:00:00-04:00,12.875638008117676,12.875638008117676,12.875638008117676,12.875638008117676,0,0.0,0.0
2012-08-21 00:00:00-04:00,12.875638008117676,12.875638008117676,12.875638008117676,12.875638008117676,0,0.0,0.0
2012-08-22 00:00:00-04:00,12.798383712768555,12.798383712768555,12.798383712768555,12.798383712768555,3500,0.0,0.0
2012-08-23 00:00:00-04:00,12.703963279724121,12.703963279724121,12.703963279724121,12.703963279724121,1500,0.0,0.0
2012-08-24 00:00:00-04:00,12.875638008117676,12.875638008117676,12.875638008117676,12.875638008117676,600,0.0,0.0
2012-08-27 00:00:00-04:00,12.875638008117676,12.875638008117676,12.875638008117676,12.875638008117676,700,0.0,0.0
2012-08-28 00:00:00-04:00,12.875638008117676,12.875638008117676,12.875638008117676,12.875638008117676,0,0.0,0.0
2012-08-29 00:00:00-04:00,12.918556965200272,12.918556965200272,12.875638008117676,12.875638008117676,700,0.0,0.0
2012-08-30 00:00:00-04:00,12.875638008117676,12.875638008117676,12.832719051035081,12.875638008117676,10300,0.0,0.0
2012-08-31 00:00:00-04:00,12.875638008117676,12.875638008117676,12.875638008117676,12.875638008117676,0,0.0,0.0
2012-09-04 00:00:00-04:00,12.703962121233449,12.789799210860867,12.661043167114258,12.661043167114258,4700,0.0,0.0
2012-09-05 00:00:00-04:00,12.756174087524414,12.885897561899629,12.756174087524414,12.756174087524414,4200,0.11,0.0
2012-09-06 00:00:00-04:00,12.756174087524414,12.756174087524414,12.756174087524414,12.756174087524414,2300,0.0,0.0
2012-09-07 00:00:00-04:00,12.756174087524414,12.756174087524414,12.756174087524414,12.756174087524414,0,0.0,0.0
2012-09-10 00:00:00-04:00,12.790765230711758,12.972378563592518,12.790765230711758,12.799413681030273,5700,0.0,0.0
2012-09-11 00:00:00-04:00,12.799413681030273,12.799413681030273,12.799413681030273,12.799413681030273,0,0.0,0.0
2012-09-12 00:00:00-04:00,12.799413681030273,12.799413681030273,12.799413681030273,12.799413681030273,0,0.0,0.0
2012-09-13 00:00:00-04:00,12.972380638122559,12.972380638122559,12.972380638122559,12.972380638122559,200,0.0,0.0
2012-09-14 00:00:00-04:00,12.972380638122559,12.972380638122559,12.972380638122559,12.972380638122559,0,0.0,0.0
2012-09-17 00:00:00-04:00,12.756174087524414,12.756174087524414,12.756174087524414,12.756174087524414,4500,0.0,0.0
2012-09-18 00:00:00-04:00,12.756174087524414,12.756174087524414,12.756174087524414,12.756174087524414,0,0.0,0.0
2012-09-19 00:00:00-04:00,12.756174087524414,12.756174087524414,12.756174087524414,12.756174087524414,0,0.0,0.0
2012-09-20 00:00:00-04:00,12.756174087524414,12.756174087524414,12.756174087524414,12.756174087524414,200,0.0,0.0
2012-09-21 00:00:00-04:00,12.756174087524414,12.756174087524414,12.756174087524414,12.756174087524414,0,0.0,0.0
2012-09-24 00:00:00-04:00,12.756174087524414,12.756174087524414,12.756174087524414,12.756174087524414,0,0.0,0.0
2012-09-25 00:00:00-04:00,12.756174087524414,12.756174087524414,12.756174087524414,12.756174087524414,0,0.0,0.0
2012-09-26 00:00:00-04:00,12.756174087524414,12.756174087524414,12.756174087524414,12.756174087524414,0,0.0,0.0
2012-09-27 00:00:00-04:00,12.756174087524414,12.756174087524414,12.756174087524414,12.756174087524414,0,0.0,0.0
2012-09-28 00:00:00-04:00,12.756174087524414,12.756174087524414,12.756174087524414,12.756174087524414,0,0.0,0.0
2012-10-01 00:00:00-04:00,12.756174087524414,12.756174087524414,12.756174087524414,12.756174087524414,0,0.0,0.0
2012-10-02 00:00:00-04:00,12.756174087524414,12.756174087524414,12.756174087524414,12.756174087524414,0,0.0,0.0
2012-10-03 00:00:00-04:00,12.756174087524414,12.756174087524414,12.756174087524414,12.756174087524414,0,0.0,0.0
2012-10-04 00:00:00-04:00,12.756174087524414,12.756174087524414,12.756174087524414,12.756174087524414,0,0.0,0.0
2012-10-05 00:00:00-04:00,13.404792785644531,13.404792785644531,13.404792785644531,13.404792785644531,300,0.0,0.0
2012-10-08 00:00:00-04:00,13.404792785644531,13.404792785644531,13.404792785644531,13.404792785644531,0,0.0,0.0
2012-10-09 00:00:00-04:00,13.404792785644531,13.404792785644531,13.404792785644531,13.404792785644531,300,0.0,0.0
2012-10-10 00:00:00-04:00,13.404792785644531,13.404792785644531,13.404792785644531,13.404792785644531,0,0.0,0.0
2012-10-11 00:00:00-04:00,13.404792785644531,13.404792785644531,13.404792785644531,13.404792785644531,0,0.0,0.0
2012-10-12 00:00:00-04:00,13.404792785644531,13.404792785644531,13.404792785644531,13.404792785644531,0,0.0,0.0
2012-10-15 00:00:00-04:00,13.404792785644531,13.404792785644531,13.404792785644531,13.404792785644531,400,0.0,0.0
2012-10-16 00:00:00-04:00,13.404792785644531,13.404792785644531,13.404792785644531,13.404792785644531,0,0.0,0.0
2012-10-17 00:00:00-04:00,13.837202072143555,13.837202072143555,13.837202072143555,13.837202072143555,200,0.0,0.0
2012-10-18 00:00:00-04:00,13.837207099214888,13.837207099214888,13.015623092651367,13.015623092651367,5400,0.0,0.0
2012-10-19 00:00:00-04:00,13.01562207186865,13.01562207186865,12.972380638122559,12.972380638122559,43700,0.0,0.0
2012-10-22 00:00:00-04:00,12.972380638122559,12.972380638122559,12.972380638122559,12.972380638122559,0,0.0,0.0
2012-10-23 00:00:00-04:00,12.972380638122559,12.972380638122559,12.972380638122559,12.972380638122559,0,0.0,0.0
2012-10-24 00:00:00-04:00,12.972380638122559,12.972380638122559,12.972380638122559,12.972380638122559,0,0.0,0.0
2012-10-25 00:00:00-04:00,12.972380638122559,12.972380638122559,12.972380638122559,12.972380638122559,0,0.0,0.0
2012-10-26 00:00:00-04:00,12.972380638122559,12.972380638122559,12.972380638122559,12.972380638122559,0,0.0,0.0
2012-10-31 00:00:00-04:00,13.231829643249512,13.231829643249512,13.231829643249512,13.231829643249512,3000,0.0,0.0
2012-11-01 00:00:00-04:00,13.231829643249512,13.231829643249512,13.231829643249512,13.231829643249512,0,0.0,0.0
2012-11-02 00:00:00-04:00,13.231829643249512,13.231829643249512,13.231829643249512,13.231829643249512,0,0.0,0.0
2012-11-05 00:00:00-05:00,13.231829643249512,13.231829643249512,13.231829643249512,13.231829643249512,0,0.0,0.0
2012-11-06 00:00:00-05:00,13.837202072143555,13.837202072143555,13.837202072143555,13.837202072143555,200,0.0,0.0
2012-11-07 00:00:00-05:00,13.491277987213111,13.690187454223633,13.491277987213111,13.690187454223633,400,0.0,0.0
2012-11-08 00:00:00-05:00,13.681534767150879,13.681534767150879,13.681534767150879,13.681534767150879,1700,0.0,0.0
2012-11-09 00:00:00-05:00,13.491275429361968,13.491275429361968,13.188586235046387,13.188586235046387,1000,0.0,0.0
2012-11-12 00:00:00-05:00,13.188586235046387,13.188586235046387,13.188586235046387,13.188586235046387,1700,0.0,0.0
2012-11-13 00:00:00-05:00,13.145346641540527,13.145346641540527,13.145346641540527,13.145346641540527,2000,0.0,0.0
2012-11-14 00:00:00-05:00,13.10210253454985,13.188585391612625,13.10210253454985,13.17128849029541,10200,0.0,0.0
2012-11-15 00:00:00-05:00,13.17128849029541,13.17128849029541,13.17128849029541,13.17128849029541,0,0.0,0.0
2012-11-16 00:00:00-05:00,13.17128849029541,13.17128849029541,13.17128849029541,13.17128849029541,0,0.0,0.0
2012-11-19 00:00:00-05:00,13.17128849029541,13.17128849029541,13.17128849029541,13.17128849029541,0,0.0,0.0
2012-11-20 00:00:00-05:00,13.17128849029541,13.17128849029541,13.17128849029541,13.17128849029541,0,0.0,0.0
2012-11-21 00:00:00-05:00,13.17128849029541,13.17128849029541,13.17128849029541,13.17128849029541,0,0.0,0.0
2012-11-23 00:00:00-05:00,13.17128849029541,13.17128849029541,13.17128849029541,13.17128849029541,0,0.0,0.0
2012-11-26 00:00:00-05:00,13.62099838256836,13.62099838256836,13.62099838256836,13.62099838256836,1000,0.0,0.0
2012-11-27 00:00:00-05:00,13.62099838256836,13.62099838256836,13.62099838256836,13.62099838256836,0,0.0,0.0
2012-11-28 00:00:00-05:00,13.404792785644531,13.404792785644531,13.404792785644531,13.404792785644531,300,0.0,0.0
2012-11-29 00:00:00-05:00,13.404792785644531,13.404792785644531,13.404792785644531,13.404792785644531,1900,0.0,0.0
2012-11-30 00:00:00-05:00,13.404792785644531,13.404792785644531,13.404792785644531,13.404792785644531,0,0.0,0.0
2012-12-03 00:00:00-05:00,13.62099838256836,13.62099838256836,13.62099838256836,13.62099838256836,500,0.0,0.0
2012-12-04 00:00:00-05:00,13.404792785644531,13.404792785644531,13.404792785644531,13.404792785644531,2300,0.0,0.0
2012-12-05 00:00:00-05:00,13.631253242492676,13.631253242492676,13.631253242492676,13.631253242492676,2500,0.11,0.0
2012-12-06 00:00:00-05:00,13.631253242492676,13.631253242492676,13.631253242492676,13.631253242492676,0,0.0,0.0
2012-12-07 00:00:00-05:00,13.631253242492676,13.631253242492676,13.631253242492676,13.631253242492676,0,0.0,0.0
2012-12-10 00:00:00-05:00,13.631253242492676,13.631253242492676,13.631253242492676,13.631253242492676,0,0.0,0.0
2012-12-11 00:00:00-05:00,13.5877046585083,13.5877046585083,13.5877046585083,13.5877046585083,500,0.0,0.0
2012-12-12 00:00:00-05:00,13.413501055743973,13.500602046370297,12.725405887897171,13.152199745178223,6200,0.0,0.0
2012-12-13 00:00:00-05:00,13.93610619716957,13.93610619716957,13.065099559846471,13.282851219177246,2100,0.0,0.0
2012-12-14 00:00:00-05:00,13.282851219177246,13.282851219177246,13.282851219177246,13.282851219177246,200,0.0,0.0
2012-12-17 00:00:00-05:00,13.282848045229912,13.936102867126465,13.282848045229912,13.936102867126465,2700,0.0,0.0
2012-12-18 00:00:00-05:00,13.282851219177246,13.282851219177246,13.282851219177246,13.282851219177246,800,0.0,0.0
2012-12-19 00:00:00-05:00,13.282851219177246,13.282851219177246,13.282851219177246,13.282851219177246,500,0.0,0.0
2012-12-20 00:00:00-05:00,13.413501882513048,13.413501882513048,13.282851219177246,13.282851219177246,400,0.0,0.0
2012-12-21 00:00:00-05:00,13.718354537838795,13.718354537838795,13.282851219177246,13.282851219177246,5400,0.0,0.0
2012-12-24 00:00:00-05:00,13.282851219177246,13.282851219177246,13.282851219177246,13.282851219177246,0,0.0,0.0
2012-12-26 00:00:00-05:00,13.718354225158691,13.718354225158691,13.718354225158691,13.718354225158691,800,0.0,0.0
2012-12-27 00:00:00-05:00,13.28285061394493,13.361241340637207,13.065098964535999,13.361241340637207,700,0.0,0.0
2012-12-28 00:00:00-05:00,13.361241340637207,13.361241340637207,13.361241340637207,13.361241340637207,0,0.0,0.0
2012-12-31 00:00:00-05:00,13.718354378977129,13.718354378977129,13.500602722167969,13.500602722167969,500,0.0,0.0
2013-01-02 00:00:00-05:00,13.282851219177246,13.282851219177246,13.282851219177246,13.282851219177246,800,0.0,0.0
2013-01-03 00:00:00-05:00,13.282851219177246,13.282851219177246,13.282851219177246,13.282851219177246,1200,0.0,0.0
2013-01-04 00:00:00-05:00,13.282851219177246,13.282851219177246,13.282851219177246,13.282851219177246,600,0.0,0.0
2013-01-07 00:00:00-05:00,13.282851219177246,13.282851219177246,13.282851219177246,13.282851219177246,300,0.0,0.0
2013-01-08 00:00:00-05:00,13.282851219177246,13.282851219177246,13.282851219177246,13.282851219177246,200,0.0,0.0
2013-01-09 00:00:00-05:00,13.282851219177246,13.282851219177246,13.282851219177246,13.282851219177246,600,0.0,0.0
2013-01-10 00:00:00-05:00,13.282851219177246,13.282851219177246,13.282851219177246,13.282851219177246,200,0.0,0.0
2013-01-11 00:00:00-05:00,13.326403617858887,13.326403617858887,13.28285311364999,13.326403617858887,1200,0.0,0.0
2013-01-14 00:00:00-05:00,13.378663618033222,13.518025398254395,13.378663618033222,13.518025398254395,1100,0.0,0.0
2013-01-15 00:00:00-05:00,13.51802517560638,13.51802517560638,13.457054138183594,13.457054138183594,700,0.0,0.0
2013-01-16 00:00:00-05:00,13.413501739501953,13.413501739501953,13.413501739501953,13.413501739501953,400,0.0,0.0
2013-01-17 00:00:00-05:00,13.500603179162907,13.596413612365723,13.500603179162907,13.596413612365723,500,0.0,0.0
2013-01-18 00:00:00-05:00,13.5877046585083,13.5877046585083,13.422212922700375,13.5877046585083,1200,0.0,0.0
2013-01-22 00:00:00-05:00,13.544154157997967,13.5877046585083,13.544154157997967,13.5877046585083,1300,0.0,0.0
2013-01-23 00:00:00-05:00,13.718354225158691,13.718354225158691,13.718354225158691,13.718354225158691,700,0.0,0.0
2013-01-24 00:00:00-05:00,13.718354225158691,13.718354225158691,13.718354225158691,13.718354225158691,0,0.0,0.0
2013-01-25 00:00:00-05:00,13.718354225158691,13.718354225158691,13.718354225158691,13.718354225158691,400,0.0,0.0
2013-01-28 00:00:00-05:00,13.718354225158691,13.718354225158691,13.718354225158691,13.718354225158691,0,0.0,0.0
2013-01-29 00:00:00-05:00,13.718354225158691,13.718354225158691,13.718354225158691,13.718354225158691,0,0.0,0.0
2013-01-30 00:00:00-05:00,13.84029656468019,13.936107001277557,13.5877046585083,13.5877046585083,1000,0.0,0.0
2013-01-31 00:00:00-05:00,13.936102867126465,13.936102867126465,13.936102867126465,13.936102867126465,200,0.0,0.0
2013-02-01 00:00:00-05:00,13.936102867126465,13.936102867126465,13.936102867126465,13.936102867126465,0,0.0,0.0
2013-02-04 00:00:00-05:00,13.50931231156425,13.50931231156425,13.152199745178223,13.152199745178223,3200,0.0,0.0
2013-02-05 00:00:00-05:00,13.152199745178223,13.152199745178223,13.152199745178223,13.152199745178223,0,0.0,0.0
2013-02-06 00:00:00-05:00,13.500604639673131,13.500604639673131,13.073811531066895,13.073811531066895,1100,0.0,0.0
2013-02-07 00:00:00-05:00,13.42221390136633,13.500604641869366,13.42221390136633,13.457054138183594,1900,0.0,0.0
2013-02-08 00:00:00-05:00,13.674803728153844,13.718354225158691,13.674803728153844,13.718354225158691,2900,0.0,0.0
2013-02-11 00:00:00-05:00,13.718354225158691,13.718354225158691,13.718354225158691,13.718354225158691,0,0.0,0.0
2013-02-12 00:00:00-05:00,13.500602722167969,13.500602722167969,13.491892456538006,13.500602722167969,4000,0.0,0.0
2013-02-13 00:00:00-05:00,13.369953155517578,13.369953155517578,13.369953155517578,13.369953155517578,300,0.0,0.0
2013-02-14 00:00:00-05:00,13.369953155517578,13.369953155517578,13.369953155517578,13.369953155517578,0,0.0,0.0
2013-02-15 00:00:00-05:00,13.369954234060652,13.369954234060652,13.073811799747665,13.343823432922363,1600,0.0,0.0
2013-02-19 00:00:00-05:00,13.19575309753418,13.19575309753418,13.19575309753418,13.19575309753418,200,0.0,0.0
2013-02-20 00:00:00-05:00,13.19575309753418,13.19575309753418,13.19575309753418,13.19575309753418,0,0.0,0.0
2013-02-21 00:00:00-05:00,13.282851219177246,13.282851219177246,13.282851219177246,13.282851219177246,300,0.0,0.0
2013-02-22 00:00:00-05:00,13.160910492790078,13.282851725701782,13.1434907913208,13.1434907913208,3600,0.0,0.0
2013-02-25 00:00:00-05:00,13.239300567865646,13.500602722167969,13.239300567865646,13.500602722167969,1100,0.0,0.0
2013-02-26 00:00:00-05:00,13.500602722167969,13.500602722167969,13.500602722167969,13.500602722167969,0,0.0,0.0
2013-02-27 00:00:00-05:00,13.500602722167969,13.500602722167969,13.500602722167969,13.500602722167969,0,0.0,0.0
2013-02-28 00:00:00-05:00,13.282853139486477,13.282853139486477,13.239302635192871,13.239302635192871,600,0.0,0.0
2013-03-01 00:00:00-05:00,13.369953155517578,13.369953155517578,13.369953155517578,13.369953155517578,200,0.0,0.0
2013-03-04 00:00:00-05:00,13.239302448257781,13.239302448257781,13.073811531066895,13.073811531066895,8800,0.0,0.0
2013-03-05 00:00:00-05:00,13.065100478750708,13.369953155517578,13.065100478750708,13.369953155517578,3600,0.0,0.0
2013-03-06 00:00:00-05:00,13.369953155517578,13.369953155517578,13.369953155517578,13.369953155517578,0,0.0,0.0
2013-03-07 00:00:00-05:00,13.369953155517578,13.369953155517578,13.369953155517578,13.369953155517578,0,0.0,0.0
2013-03-08 00:00:00-05:00,13.369953155517578,13.369953155517578,13.369953155517578,13.369953155517578,0,0.0,0.0
2013-03-11 00:00:00-04:00,13.369953155517578,13.369953155517578,13.369953155517578,13.369953155517578,0,0.0,0.0
2013-03-12 00:00:00-04:00,13.06510066986084,13.282852347691852,13.06510066986084,13.06510066986084,1400,0.0,0.0
2013-03-13 00:00:00-04:00,13.06510066986084,13.06510066986084,13.06510066986084,13.06510066986084,2300,0.0,0.0
2013-03-14 00:00:00-04:00,13.06510066986084,13.06510066986084,13.06510066986084,13.06510066986084,0,0.0,0.0
2013-03-15 00:00:00-04:00,13.06510066986084,13.06510066986084,13.06510066986084,13.06510066986084,0,0.0,0.0
2013-03-18 00:00:00-04:00,13.152199745178223,13.152199745178223,13.152199745178223,13.152199745178223,200,0.0,0.0
2013-03-19 00:00:00-04:00,13.195751344296756,13.195751344296756,13.06510066986084,13.06510066986084,500,0.0,0.0
2013-03-20 00:00:00-04:00,13.06510066986084,13.06510066986084,13.06510066986084,13.06510066986084,2300,0.0,0.0
2013-03-21 00:00:00-04:00,13.282854112501845,13.282854112501845,13.19575309753418,13.19575309753418,1000,0.0,0.0
2013-03-22 00:00:00-04:00,13.19575309753418,13.19575309753418,13.19575309753418,13.19575309753418,0,0.0,0.0
2013-03-25 00:00:00-04:00,13.457052224674806,13.500602722167969,13.457052224674806,13.500602722167969,1100,0.0,0.0
2013-03-26 00:00:00-04:00,13.457052224674806,13.500602722167969,13.457052224674806,13.500602722167969,500,0.0,0.0
2013-03-27 00:00:00-04:00,13.500602722167969,13.500602722167969,13.413501727181645,13.500602722167969,8100,0.0,0.0
2013-03-28 00:00:00-04:00,13.500602722167969,13.500602722167969,13.500602722167969,13.500602722167969,300,0.0,0.0
2013-04-01 00:00:00-04:00,13.500602722167969,13.500602722167969,13.500602722167969,13.500602722167969,2000,0.0,0.0
2013-04-02 00:00:00-04:00,13.500602722167969,13.500602722167969,13.500602722167969,13.500602722167969,0,0.0,0.0
2013-04-03 00:00:00-04:00,13.500602722167969,13.500602722167969,13.500602722167969,13.500602722167969,0,0.0,0.0
2013-04-04 00:00:00-04:00,13.343823321148378,13.343823321148378,13.326403617858887,13.326403617858887,200,0.0,0.0
2013-04-05 00:00:00-04:00,13.326403617858887,13.326403617858887,13.326403617858887,13.326403617858887,300,0.0,0.0
2013-04-08 00:00:00-04:00,13.239302635192871,13.239302635192871,13.239302635192871,13.239302635192871,500,0.0,0.0
2013-04-09 00:00:00-04:00,13.239302635192871,13.239302635192871,13.239302635192871,13.239302635192871,0,0.0,0.0
2013-04-10 00:00:00-04:00,13.152199745178223,13.152199745178223,13.152199745178223,13.152199745178223,200,0.0,0.0
2013-04-11 00:00:00-04:00,13.16091285767848,13.19575309753418,13.152203420707187,13.19575309753418,4900,0.0,0.0
2013-04-12 00:00:00-04:00,13.282851065358807,13.500602722167969,13.282851065358807,13.500602722167969,200,0.0,0.0
2013-04-15 00:00:00-04:00,13.500602722167969,13.500602722167969,13.500602722167969,13.500602722167969,0,0.0,0.0
2013-04-16 00:00:00-04:00,13.282851831595709,13.282851831595709,13.204461097717285,13.204461097717285,1000,0.0,0.0
2013-04-17 00:00:00-04:00,13.369953155517578,13.369953155517578,13.369953155517578,13.369953155517578,200,0.0,0.0
2013-04-18 00:00:00-04:00,13.369953155517578,13.369953155517578,13.369953155517578,13.369953155517578,0,0.0,0.0
2013-04-19 00:00:00-04:00,13.369953155517578,13.369953155517578,13.369953155517578,13.369953155517578,1800,0.0,0.0
2013-04-22 00:00:00-04:00,13.23930072117976,13.50060287850802,13.152200555841446,13.282851219177246,4400,0.0,0.0
2013-04-23 00:00:00-04:00,13.282851219177246,13.282851219177246,13.282851219177246,13.282851219177246,4500,0.0,0.0
2013-04-24 00:00:00-04:00,13.326403617858887,13.326403617858887,13.326403617858887,13.326403617858887,200,0.0,0.0
2013-04-25 00:00:00-04:00,13.326403617858887,13.326403617858887,13.326403617858887,13.326403617858887,0,0.0,0.0
2013-04-26 00:00:00-04:00,13.326403617858887,13.326403617858887,13.326403617858887,13.326403617858887,0,0.0,0.0
2013-04-29 00:00:00-04:00,13.413502825921373,13.500603828042399,13.369953155517578,13.369953155517578,16000,0.0,0.0
2013-04-30 00:00:00-04:00,13.369954122067783,13.369954122067783,13.326403617858887,13.326403617858887,500,0.0,0.0
2013-05-01 00:00:00-04:00,13.326403617858887,13.326403617858887,13.326403617858887,13.326403617858887,0,0.0,0.0
2013-05-02 00:00:00-04:00,13.326403617858887,13.326403617858887,13.326403617858887,13.326403617858887,0,0.0,0.0
2013-05-03 00:00:00-04:00,13.326403617858887,13.326403617858887,13.326403617858887,13.326403617858887,0,0.0,0.0
2013-05-06 00:00:00-04:00,13.326403617858887,13.326403617858887,13.326403617858887,13.326403617858887,0,0.0,0.0
2013-05-07 00:00:00-04:00,13.457054138183594,13.457054138183594,13.457054138183594,13.457054138183594,300,0.0,0.0
2013-05-08 00:00:00-04:00,13.500602722167969,13.500602722167969,13.500602722167969,13.500602722167969,2100,0.0,0.0
2013-05-09 00:00:00-04:00,13.500602722167969,13.500602722167969,13.500602722167969,13.500602722167969,0,0.0,0.0
2013-05-10 00:00:00-04:00,13.45705437288055,13.474474906921387,13.45705437288055,13.474474906921387,12500,0.0,0.0
2013-05-13 00:00:00-04:00,13.413501739501953,13.413501739501953,13.413501739501953,13.413501739501953,1600,0.0,0.0
2013-05-14 00:00:00-04:00,13.413501739501953,13.413501739501953,13.413501739501953,13.413501739501953,0,0.0,0.0
2013-05-15 00:00:00-04:00,13.413501739501953,13.413501739501953,13.413501739501953,13.413501739501953,1000,0.0,0.0
2013-05-16 00:00:00-04:00,13.718354225158691,13.718354225158691,13.718354225158691,13.718354225158691,200,0.0,0.0
2013-05-17 00:00:00-04:00,13.500602722167969,13.500602722167969,13.500602722167969,13.500602722167969,6500,0.0,0.0
2013-05-20 00:00:00-04:00,13.500602722167969,13.500602722167969,13.500602722167969,13.500602722167969,0,0.0,0.0
2013-05-21 00:00:00-04:00,13.500604617243278,13.58770562445594,13.500604617243278,13.54415512084961,1300,0.0,0.0
2013-05-22 00:00:00-04:00,13.54415512084961,13.54415512084961,13.54415512084961,13.54415512084961,0,0.0,0.0
2013-05-23 00:00:00-04:00,13.54415512084961,13.54415512084961,13.54415512084961,13.54415512084961,0,0.0,0.0
2013-05-24 00:00:00-04:00,13.54415321966113,13.54415321966113,13.500602722167969,13.500602722167969,11000,0.0,0.0
2013-05-28 00:00:00-04:00,13.631253242492676,13.631253242492676,13.631253242492676,13.631253242492676,1400,0.0,0.0
2013-05-29 00:00:00-04:00,13.631253242492676,13.631253242492676,13.631253242492676,13.631253242492676,0,0.0,0.0
2013-05-30 00:00:00-04:00,13.631253242492676,13.631253242492676,13.631253242492676,13.631253242492676,0,0.0,0.0
2013-05-31 00:00:00-04:00,13.622544892785227,13.718355329382595,13.5877046585083,13.5877046585083,7200,0.0,0.0
2013-06-03 00:00:00-04:00,13.5877046585083,13.5877046585083,13.5877046585083,13.5877046585083,0,0.0,0.0
2013-06-04 00:00:00-04:00,13.5877046585083,13.5877046585083,13.5877046585083,13.5877046585083,0,0.0,0.0
2013-06-05 00:00:00-04:00,13.500602722167969,13.500602722167969,13.500602722167969,13.500602722167969,2300,0.0,0.0
2013-06-06 00:00:00-04:00,13.500602722167969,13.500602722167969,13.500602722167969,13.500602722167969,0,0.0,0.0
2013-06-07 00:00:00-04:00,13.500602722167969,13.500602722167969,13.500602722167969,13.500602722167969,2300,0.0,0.0
2013-06-10 00:00:00-04:00,13.500602722167969,13.500602722167969,13.500602722167969,13.500602722167969,0,0.0,0.0
2013-06-11 00:00:00-04:00,13.500602722167969,13.500602722167969,13.500602722167969,13.500602722167969,0,0.0,0.0
2013-06-12 00:00:00-04:00,13.936107991993062,13.936107991993062,13.500604617243278,13.54415512084961,26000,0.0,0.0
2013-06-13 00:00:00-04:00,13.54415512084961,13.54415512084961,13.54415512084961,13.54415512084961,8000,0.0,0.0
2013-06-14 00:00:00-04:00,13.54415512084961,13.54415512084961,13.54415512084961,13.54415512084961,0,0.0,0.0
2013-06-17 00:00:00-04:00,13.54415512084961,13.54415512084961,13.54415512084961,13.54415512084961,0,0.0,0.0
2013-06-18 00:00:00-04:00,13.500602722167969,13.500602722167969,13.500602722167969,13.500602722167969,1000,0.0,0.0
2013-06-19 00:00:00-04:00,13.500602722167969,13.500602722167969,13.500602722167969,13.500602722167969,0,0.0,0.0
2013-06-20 00:00:00-04:00,13.500602722167969,13.500602722167969,13.500602722167969,13.500602722167969,0,0.0,0.0
2013-06-21 00:00:00-04:00,13.5877046585083,13.5877046585083,13.5877046585083,13.5877046585083,1200,0.0,0.0
2013-06-24 00:00:00-04:00,13.500602722167969,13.500602722167969,13.500602722167969,13.500602722167969,800,0.0,0.0
2013-06-25 00:00:00-04:00,13.509309916178267,13.936102867126465,13.509309916178267,13.936102867126465,200,0.0,0.0
2013-06-26 00:00:00-04:00,13.936102867126465,13.936102867126465,13.936102867126465,13.936102867126465,0,0.0,0.0
2013-06-27 00:00:00-04:00,13.936102867126465,13.936102867126465,13.936102867126465,13.936102867126465,300,0.0,0.0
2013-06-28 00:00:00-04:00,13.936102867126465,13.936102867126465,13.936102867126465,13.936102867126465,0,0.0,0.0
2013-07-01 00:00:00-04:00,13.936102867126465,13.936102867126465,13.936102867126465,13.936102867126465,0,0.0,0.0
2013-07-02 00:00:00-04:00,13.936102867126465,13.936102867126465,13.936102867126465,13.936102867126465,0,0.0,0.0
2013-07-03 00:00:00-04:00,13.936102867126465,13.936102867126465,13.936102867126465,13.936102867126465,0,0.0,0.0
2013-07-05 00:00:00-04:00,13.936102867126465,13.936102867126465,13.936102867126465,13.936102867126465,600,0.0,0.0
2013-07-08 00:00:00-04:00,13.500602722167969,13.500602722167969,13.500602722167969,13.500602722167969,1000,0.0,0.0
2013-07-09 00:00:00-04:00,13.500602722167969,13.500602722167969,13.500602722167969,13.500602722167969,0,0.0,0.0
2013-07-10 00:00:00-04:00,13.500602722167969,13.500602722167969,13.500602722167969,13.500602722167969,0,0.0,0.0
2013-07-11 00:00:00-04:00,13.500603657487634,13.5877046585083,13.500603657487634,13.5877046585083,1400,0.0,0.0
2013-07-12 00:00:00-04:00,13.5877046585083,13.5877046585083,13.5877046585083,13.5877046585083,600,0.0,0.0
2013-07-15 00:00:00-04:00,13.587703564800789,13.718354225158691,13.552863333328238,13.718354225158691,6000,0.0,0.0
2013-07-16 00:00:00-04:00,13.84900189194434,13.936102867126465,13.84900189194434,13.936102867126465,1500,0.0,0.0
2013-07-17 00:00:00-04:00,13.953526496887207,13.953526496887207,13.953526496887207,13.953526496887207,500,0.0,0.0
2013-07-18 00:00:00-04:00,13.953526496887207,13.953526496887207,13.953526496887207,13.953526496887207,0,0.0,0.0
2013-07-19 00:00:00-04:00,13.892555382521442,13.892555382521442,13.692224259218438,13.718354225158691,11600,0.0,0.0
2013-07-22 00:00:00-04:00,13.692225456237793,13.692225456237793,13.692225456237793,13.692225456237793,700,0.0,0.0
2013-07-23 00:00:00-04:00,13.692225456237793,13.692225456237793,13.692225456237793,13.692225456237793,0,0.0,0.0
2013-07-24 00:00:00-04:00,13.692225456237793,13.692225456237793,13.692225456237793,13.692225456237793,0,0.0,0.0
2013-07-25 00:00:00-04:00,13.692225456237793,13.692225456237793,13.692225456237793,13.692225456237793,0,0.0,0.0
2013-07-26 00:00:00-04:00,13.761905319349157,13.761905319349157,13.727065086364746,13.727065086364746,400,0.0,0.0
2013-07-29 00:00:00-04:00,13.718354225158691,13.718354225158691,13.718354225158691,13.718354225158691,3200,0.0,0.0
2013-07-30 00:00:00-04:00,13.936106839528787,14.458711178273795,13.761905670166016,13.761905670166016,4800,0.0,0.0
2013-07-31 00:00:00-04:00,13.71835517016115,13.761905670166016,13.71835517016115,13.761905670166016,3200,0.0,0.0
2013-08-01 00:00:00-04:00,13.761905670166016,13.761905670166016,13.761905670166016,13.761905670166016,0,0.0,0.0
2013-08-02 00:00:00-04:00,13.761905670166016,13.761905670166016,13.761905670166016,13.761905670166016,0,0.0,0.0
2013-08-05 00:00:00-04:00,13.761905670166016,13.761905670166016,13.761905670166016,13.761905670166016,0,0.0,0.0
2013-08-06 00:00:00-04:00,14.110304817490714,14.110304817490714,13.936102867126465,13.936102867126465,1100,0.0,0.0
2013-08-07 00:00:00-04:00,13.744484682672281,14.28450870513916,13.718354715797487,14.28450870513916,2100,0.0,0.0
2013-08-08 00:00:00-04:00,14.023206873535985,14.023206873535985,13.718354225158691,13.718354225158691,3000,0.0,0.0
2013-08-09 00:00:00-04:00,13.718354225158691,13.718354225158691,13.718354225158691,13.718354225158691,0,0.0,0.0
2013-08-12 00:00:00-04:00,13.718354225158691,13.718354225158691,13.718354225158691,13.718354225158691,0,0.0,0.0
2013-08-13 00:00:00-04:00,14.284510017926058,14.284510017926058,14.275799751281738,14.275799751281738,1000,0.0,0.0
2013-08-14 00:00:00-04:00,14.275799751281738,14.275799751281738,14.275799751281738,14.275799751281738,0,0.0,0.0
2013-08-15 00:00:00-04:00,14.28450819425179,14.28450819425179,13.718354225158691,13.718354225158691,2800,0.0,0.0
2013-08-16 00:00:00-04:00,13.718354225158691,13.718354225158691,13.718354225158691,13.718354225158691,0,0.0,0.0
2013-08-19 00:00:00-04:00,13.718352197091736,13.849002838134766,13.718352197091736,13.849002838134766,3000,0.0,0.0
2013-08-20 00:00:00-04:00,13.936106377953003,14.28450870513916,13.936106377953003,14.28450870513916,300,0.0,0.0
2013-08-21 00:00:00-04:00,14.28450870513916,14.28450870513916,14.28450870513916,14.28450870513916,0,0.0,0.0
2013-08-22 00:00:00-04:00,14.28450870513916,14.28450870513916,14.28450870513916,14.28450870513916,1300,0.0,0.0
2013-08-23 00:00:00-04:00,13.936106377953003,14.28450870513916,13.936106377953003,14.28450870513916,2000,0.0,0.0
2013-08-26 00:00:00-04:00,14.127727508544922,14.127727508544922,14.127727508544922,14.127727508544922,100,0.0,0.0
2013-08-27 00:00:00-04:00,14.127727508544922,14.127727508544922,14.127727508544922,14.127727508544922,0,0.0,0.0
2013-08-28 00:00:00-04:00,13.936102867126465,13.936102867126465,13.936102867126465,13.936102867126465,100,0.0,0.0
2013-08-29 00:00:00-04:00,13.936106520432693,14.153858184814453,13.936106520432693,14.153858184814453,3700,0.0,0.0
2013-08-30 00:00:00-04:00,14.153858184814453,14.153858184814453,14.153858184814453,14.153858184814453,0,0.0,0.0
2013-09-03 00:00:00-04:00,13.936102867126465,13.936102867126465,13.936102867126465,13.936102867126465,1000,0.0,0.0
2013-09-04 00:00:00-04:00,13.936102867126465,13.936102867126465,13.936102867126465,13.936102867126465,3600,0.0,0.0
2013-09-05 00:00:00-04:00,14.023207664489746,14.023207664489746,14.023207664489746,14.023207664489746,200,0.0,0.0
2013-09-06 00:00:00-04:00,14.023207664489746,14.023207664489746,14.023207664489746,14.023207664489746,300,0.0,0.0
2013-09-09 00:00:00-04:00,14.162566184997559,14.162566184997559,14.162566184997559,14.162566184997559,300,0.0,0.0
2013-09-10 00:00:00-04:00,14.162566184997559,14.162566184997559,14.162566184997559,14.162566184997559,0,0.0,0.0
2013-09-11 00:00:00-04:00,14.09288716263175,14.110307693481445,14.00578616969653,14.110307693481445,7700,0.0,0.0
2013-09-12 00:00:00-04:00,14.110307693481445,14.110307693481445,14.110307693481445,14.110307693481445,0,0.0,0.0
2013-09-13 00:00:00-04:00,14.110307693481445,14.110307693481445,14.110307693481445,14.110307693481445,0,0.0,0.0
2013-09-16 00:00:00-04:00,14.110305666479803,14.24095630645752,14.110305666479803,14.24095630645752,3700,0.0,0.0
2013-09-17 00:00:00-04:00,14.110305666479803,14.24095630645752,14.084174873959052,14.24095630645752,13000,0.0,0.0
2013-09-18 00:00:00-04:00,14.425110816955566,14.425110816955566,14.425110816955566,14.425110816955566,400,0.11,0.0
2013-09-19 00:00:00-04:00,14.425110816955566,14.425110816955566,14.425110816955566,14.425110816955566,0,0.0,0.0
2013-09-20 00:00:00-04:00,14.425110816955566,14.425110816955566,14.425110816955566,14.425110816955566,0,0.0,0.0
2013-09-23 00:00:00-04:00,14.214651671210147,14.468955325212319,14.214651671210147,14.293573379516602,3000,0.0,0.0
2013-09-24 00:00:00-04:00,14.293573379516602,14.293573379516602,14.293573379516602,14.293573379516602,0,0.0,0.0
2013-09-25 00:00:00-04:00,14.293573379516602,14.293573379516602,14.293573379516602,14.293573379516602,0,0.0,0.0
2013-09-26 00:00:00-04:00,14.223421362081382,14.24972915649414,14.223421362081382,14.24972915649414,4800,0.0,0.0
2013-09-27 00:00:00-04:00,14.24972915649414,14.24972915649414,14.24972915649414,14.24972915649414,0,0.0,0.0
2013-09-30 00:00:00-04:00,14.425110390701528,14.468955039978027,14.425110390701528,14.468955039978027,900,0.0,0.0
2013-10-01 00:00:00-04:00,14.468955039978027,14.468955039978027,14.468955039978027,14.468955039978027,0,0.0,0.0
2013-10-02 00:00:00-04:00,14.258496284484863,14.258496284484863,14.258496284484863,14.258496284484863,600,0.0,0.0
2013-10-03 00:00:00-04:00,14.468955039978027,14.468955039978027,14.468955039978027,14.468955039978027,300,0.0,0.0
2013-10-04 00:00:00-04:00,14.311111450195312,14.311111450195312,14.311111450195312,14.311111450195312,300,0.0,0.0
2013-10-07 00:00:00-04:00,14.311111450195312,14.311111450195312,14.311111450195312,14.311111450195312,0,0.0,0.0
2013-10-08 00:00:00-04:00,14.328649520874023,14.328649520874023,14.328649520874023,14.328649520874023,2000,0.0,0.0
2013-10-09 00:00:00-04:00,14.328649520874023,14.328649520874023,14.328649520874023,14.328649520874023,500,0.0,0.0
2013-10-10 00:00:00-04:00,14.328649520874023,14.328649520874023,14.328649520874023,14.328649520874023,0,0.0,0.0
2013-10-11 00:00:00-04:00,14.3461886839509,14.468955039978027,14.3461886839509,14.468955039978027,8000,0.0,0.0
2013-10-14 00:00:00-04:00,14.346190452575684,14.346190452575684,14.346190452575684,14.346190452575684,600,0.0,0.0
2013-10-15 00:00:00-04:00,14.346190452575684,14.346190452575684,14.346190452575684,14.346190452575684,0,0.0,0.0
2013-10-16 00:00:00-04:00,14.346190452575684,14.346190452575684,14.346190452575684,14.346190452575684,0,0.0,0.0
2013-10-17 00:00:00-04:00,14.381264068858869,14.468955039978027,14.381264068858869,14.468955039978027,1800,0.0,0.0
2013-10-18 00:00:00-04:00,14.468952609308982,14.618026733398438,14.468952609308982,14.618026733398438,3600,0.0,0.0
2013-10-21 00:00:00-04:00,14.618026733398438,14.618026733398438,14.618026733398438,14.618026733398438,0,0.0,0.0
2013-10-22 00:00:00-04:00,14.644335325471335,14.688179969787598,14.644335325471335,14.688179969787598,600,0.0,0.0
2013-10-23 00:00:00-04:00,14.688179969787598,14.688179969787598,14.688179969787598,14.688179969787598,0,0.0,0.0
2013-10-24 00:00:00-04:00,14.468955039978027,14.644336982216346,14.468955039978027,14.468955039978027,3300,0.0,0.0
2013-10-25 00:00:00-04:00,14.810947951514375,14.863563537597656,14.810947951514375,14.863563537597656,500,0.0,0.0
2013-10-28 00:00:00-04:00,14.60049057006836,14.60049057006836,14.60049057006836,14.60049057006836,3200,0.0,0.0
2013-10-29 00:00:00-04:00,14.60049057006836,14.60049057006836,14.60049057006836,14.60049057006836,0,0.0,0.0
2013-10-30 00:00:00-04:00,14.60049057006836,14.60049057006836,14.60049057006836,14.60049057006836,0,0.0,0.0
2013-10-31 00:00:00-04:00,14.688179969787598,14.688179969787598,14.688179969787598,14.688179969787598,300,0.0,0.0
2013-11-01 00:00:00-04:00,14.670641443034706,14.819715575302352,14.670641443034706,14.688179969787598,3300,0.0,0.0
2013-11-04 00:00:00-05:00,14.898638496523585,14.907407760620117,14.898638496523585,14.907407760620117,1000,0.0,0.0
2013-11-05 00:00:00-05:00,14.907407760620117,14.907407760620117,14.907407760620117,14.907407760620117,200,0.0,0.0
2013-11-06 00:00:00-05:00,15.056483268737793,15.056483268737793,15.056483268737793,15.056483268737793,600,0.0,0.0
2013-11-07 00:00:00-05:00,15.3020155727722,15.3020155727722,15.126633644104004,15.126633644104004,1800,0.0,0.0
2013-11-08 00:00:00-05:00,15.302019119262695,15.302019119262695,15.302019119262695,15.302019119262695,100,0.0,0.0
2013-11-11 00:00:00-05:00,15.302019119262695,15.302019119262695,15.302019119262695,15.302019119262695,0,0.0,0.0
2013-11-12 00:00:00-05:00,15.302019119262695,15.302019119262695,15.302019119262695,15.302019119262695,500,0.0,0.0
2013-11-13 00:00:00-05:00,15.302019119262695,15.302019119262695,15.302019119262695,15.302019119262695,0,0.0,0.0
2013-11-14 00:00:00-05:00,15.302019119262695,15.302019119262695,15.302019119262695,15.302019119262695,0,0.0,0.0
2013-11-15 00:00:00-05:00,15.34586637792453,15.565093040466309,15.34586637792453,15.565093040466309,300,0.0,0.0
2013-11-18 00:00:00-05:00,15.74047140955675,15.784316062927246,15.74047140955675,15.784316062927246,1100,0.0,0.0
2013-11-19 00:00:00-05:00,15.959695816040037,15.959695816040037,15.959695816040037,15.959695816040039,1000,0.0,0.0
2013-11-20 00:00:00-05:00,16.222766693317908,17.275054931640625,16.222766693317908,17.275054931640625,1000,0.0,0.0
2013-11-21 00:00:00-05:00,17.275054931640625,17.275054931640625,17.275054931640625,17.275054931640625,0,0.0,0.0
2013-11-22 00:00:00-05:00,16.573527739119594,16.573527739119594,15.34585932743776,16.135074615478516,1800,0.0,0.0
2013-11-25 00:00:00-05:00,16.135074615478516,16.135074615478516,16.135074615478516,16.135074615478516,0,0.0,0.0
2013-11-26 00:00:00-05:00,16.135074615478516,16.135074615478516,16.135074615478516,16.135074615478516,0,0.0,0.0
2013-11-27 00:00:00-05:00,16.135074615478516,16.135074615478516,16.135074615478516,16.135074615478516,0,0.0,0.0
2013-11-29 00:00:00-05:00,16.135074615478516,16.135074615478516,16.135074615478516,16.135074615478516,0,0.0,0.0
2013-12-02 00:00:00-05:00,17.187368392944336,17.187368392944336,17.187368392944336,17.187368392944336,100,0.0,0.0
2013-12-03 00:00:00-05:00,16.485837936401367,16.485837936401367,16.485837936401367,16.485837936401367,3800,0.0,0.0
2013-12-04 00:00:00-05:00,16.485837936401367,16.485837936401367,16.485837936401367,16.485837936401367,0,0.0,0.0
2013-12-05 00:00:00-05:00,17.099674224853516,17.099674224853516,17.099674224853516,17.099674224853516,200,0.0,0.0
2013-12-06 00:00:00-05:00,17.09967573483785,17.09967573483785,15.775546797739883,15.784316062927246,47200,0.0,0.0
2013-12-09 00:00:00-05:00,16.108774185180664,16.108774185180664,16.108774185180664,16.108774185180664,100,0.0,0.0
2013-12-10 00:00:00-05:00,16.108774185180664,16.108774185180664,16.108774185180664,16.108774185180664,0,0.0,0.0
2013-12-11 00:00:00-05:00,16.336763381958008,16.336763381958008,16.336763381958008,16.336763381958008,1500,0.0,0.0
2013-12-12 00:00:00-05:00,16.485834225927277,16.485834225927277,16.222763061523438,16.222763061523438,3600,0.0,0.0
2013-12-13 00:00:00-05:00,16.45076255378374,16.485837936401367,16.45076255378374,16.485837936401367,4100,0.0,0.0
2013-12-16 00:00:00-05:00,16.336761389422843,16.336761389422843,15.915846824645996,15.915846824645996,1800,0.0,0.0
2013-12-17 00:00:00-05:00,16.301684745357726,16.301684745357726,15.915845588008509,16.222763061523438,3400,0.0,0.0
2013-12-18 00:00:00-05:00,16.31980323791504,16.31980323791504,16.31980323791504,16.31980323791504,0,0.11,0.0
2013-12-19 00:00:00-05:00,16.31980323791504,16.31980323791504,16.31980323791504,16.31980323791504,0,0.0,0.0
2013-12-20 00:00:00-05:00,15.975769996643066,15.975769996643066,15.975769996643066,15.975769996643066,400,0.0,0.0
2013-12-23 00:00:00-05:00,16.319799767600166,16.319799767600166,15.878724098205566,15.878724098205566,700,0.0,0.0
2013-12-24 00:00:00-05:00,16.31980323791504,16.31980323791504,16.31980323791504,16.31980323791504,200,0.0,0.0
2013-12-26 00:00:00-05:00,16.099265851472552,16.760879516601562,16.099265851472552,16.760879516601562,1800,0.0,0.0
2013-12-27 00:00:00-05:00,16.760879516601562,16.760879516601562,16.760879516601562,16.760879516601562,0,0.0,0.0
2013-12-30 00:00:00-05:00,16.760879516601562,16.760879516601562,16.760879516601562,16.760879516601562,0,0.0,0.0
2013-12-31 00:00:00-05:00,16.143372756119597,16.760879516601562,16.143372756119597,16.760879516601562,400,0.0,0.0
2014-01-02 00:00:00-05:00,16.760879516601562,16.760879516601562,16.760879516601562,16.760879516601562,300,0.0,0.0
2014-01-03 00:00:00-05:00,16.408021926879883,16.408021926879883,16.408021926879883,16.408021926879883,200,0.0,0.0
2014-01-06 00:00:00-05:00,16.408021926879883,16.408021926879883,16.408021926879883,16.408021926879883,0,0.0,0.0
2014-01-07 00:00:00-05:00,16.143370895031996,16.169836044311523,16.143370895031996,16.169836044311523,10400,0.0,0.0
2014-01-08 00:00:00-05:00,16.169836044311523,16.169836044311523,16.169836044311523,16.169836044311523,0,0.0,0.0
2014-01-09 00:00:00-05:00,16.31980323791504,16.31980323791504,16.31980323791504,16.31980323791504,200,0.0,0.0
2014-01-10 00:00:00-05:00,16.31980323791504,16.31980323791504,16.31980323791504,16.31980323791504,0,0.0,0.0
2014-01-13 00:00:00-05:00,16.187477403295816,16.187477403295816,15.878724098205566,15.878724098205566,5900,0.0,0.0
2014-01-14 00:00:00-05:00,15.966943740844727,15.966943740844727,15.966943740844727,15.966943740844727,100,0.0,0.0
2014-01-15 00:00:00-05:00,15.966939568598516,16.055155038991465,15.878724098205566,15.878724098205566,6700,0.0,0.0
2014-01-16 00:00:00-05:00,15.922835910929143,16.002229690551758,15.922835910929143,16.002229690551758,3900,0.0,0.0
2014-01-17 00:00:00-05:00,16.143372871154206,16.23158836364746,16.143372871154206,16.23158836364746,2000,0.0,0.0
2014-01-21 00:00:00-05:00,16.23158836364746,16.23158836364746,16.23158836364746,16.23158836364746,2000,0.0,0.0
2014-01-22 00:00:00-05:00,16.23158836364746,16.23158836364746,16.23158836364746,16.23158836364746,0,0.0,0.0
2014-01-23 00:00:00-05:00,16.23158836364746,16.23158836364746,16.23158836364746,16.23158836364746,0,0.0,0.0
2014-01-24 00:00:00-05:00,16.275699615478516,16.275699615478516,16.275699615478516,16.275699615478516,1900,0.0,0.0
2014-01-27 00:00:00-05:00,16.275699615478516,16.275699615478516,16.275699615478516,16.275699615478516,0,0.0,0.0
2014-01-28 00:00:00-05:00,16.275699615478516,16.275699615478516,16.275699615478516,16.275699615478516,100,0.0,0.0
2014-01-29 00:00:00-05:00,16.275699615478516,16.275699615478516,16.275699615478516,16.275699615478516,0,0.0,0.0
2014-01-30 00:00:00-05:00,15.966942963879626,16.31980323791504,15.966942963879626,16.31980323791504,13000,0.0,0.0
2014-01-31 00:00:00-05:00,16.31980883355044,16.584453709174173,16.31980883355044,16.452131271362305,13200,0.0,0.0
2014-02-03 00:00:00-05:00,16.408021926879883,16.408021926879883,16.408021926879883,16.408021926879883,400,0.0,0.0
2014-02-04 00:00:00-05:00,16.31980323791504,16.31980323791504,16.31980323791504,16.31980323791504,400,0.0,0.0
2014-02-05 00:00:00-05:00,16.363908767700195,16.363908767700195,16.363908767700195,16.363908767700195,500,0.0,0.0
2014-02-06 00:00:00-05:00,16.363915751964033,16.452131271362305,16.363915751964033,16.452131271362305,2300,0.0,0.0
2014-02-07 00:00:00-05:00,16.40802435294871,16.452131271362305,16.40802435294871,16.452131271362305,7600,0.0,0.0
2014-02-10 00:00:00-05:00,16.452131164198182,16.452131164198182,16.319808727248223,16.328630447387695,3500,0.0,0.0
2014-02-11 00:00:00-05:00,16.36391333241704,16.42566536466502,16.36391333241704,16.408021926879883,5600,0.0,0.0
2014-02-12 00:00:00-05:00,16.408021926879883,16.434485400986752,16.408021926879883,16.408021926879883,17000,0.0,0.0
2014-02-13 00:00:00-05:00,16.408021758448673,16.540344175337207,16.408021758448673,16.478593826293945,38000,0.0,0.0
2014-02-14 00:00:00-05:00,16.478591988775104,16.540342330932617,16.478591988775104,16.540342330932617,2200,0.0,0.0
2014-02-18 00:00:00-05:00,16.540339055582372,16.58444595336914,16.540339055582372,16.58444595336914,400,0.0,0.0
2014-02-19 00:00:00-05:00,16.58444595336914,16.58444595336914,16.58444595336914,16.58444595336914,200,0.0,0.0
2014-02-20 00:00:00-05:00,16.58444595336914,16.58444595336914,16.58444595336914,16.58444595336914,200,0.0,0.0
2014-02-21 00:00:00-05:00,16.58444595336914,16.58444595336914,16.58444595336914,16.58444595336914,0,0.0,0.0
2014-02-24 00:00:00-05:00,16.58444595336914,16.58444595336914,16.58444595336914,16.58444595336914,0,0.0,0.0
2014-02-25 00:00:00-05:00,16.672664553030863,16.80498695373535,16.672664553030863,16.80498695373535,1600,0.0,0.0
2014-02-26 00:00:00-05:00,16.760879516601562,16.760879516601562,16.760879516601562,16.760879516601562,1100,0.0,0.0
2014-02-27 00:00:00-05:00,16.760879516601562,16.760879516601562,16.760879516601562,16.760879516601562,0,0.0,0.0
2014-02-28 00:00:00-05:00,16.628559112548828,16.628559112548828,16.58445052004607,16.628559112548828,5100,0.0,0.0
2014-03-03 00:00:00-05:00,16.628554533726206,16.628554533726206,16.58444595336914,16.58444595336914,4400,0.0,0.0
2014-03-04 00:00:00-05:00,16.58444595336914,16.58444595336914,16.58444595336914,16.58444595336914,3700,0.0,0.0
2014-03-05 00:00:00-05:00,16.58444595336914,16.58444595336914,16.58444595336914,16.58444595336914,400,0.0,0.0
2014-03-06 00:00:00-05:00,16.71677017211914,16.71677017211914,16.71677017211914,16.71677017211914,200,0.0,0.0
2014-03-07 00:00:00-05:00,16.62855947125719,16.760881886478387,16.62855947125719,16.74323844909668,17300,0.0,0.0
2014-03-10 00:00:00-04:00,16.74323844909668,16.74323844909668,16.74323844909668,16.74323844909668,0,0.0,0.0
2014-03-11 00:00:00-04:00,16.7608813245665,16.893203735351562,16.7608813245665,16.893203735351562,1700,0.0,0.0
2014-03-12 00:00:00-04:00,16.937306551457944,18.084102630615234,16.937306551457944,18.084102630615234,300,0.0,0.0
2014-03-13 00:00:00-04:00,18.084102630615234,18.084102630615234,18.084102630615234,18.084102630615234,0,0.0,0.0
2014-03-14 00:00:00-04:00,17.466598510742188,17.466598510742188,17.466598510742188,17.466598510742188,300,0.0,0.0
2014-03-17 00:00:00-04:00,17.466598510742188,17.466598510742188,17.466598510742188,17.466598510742188,0,0.0,0.0
2014-03-18 00:00:00-04:00,17.47542358685253,17.47542358685253,16.849096727592972,17.02552604675293,22300,0.0,0.0
2014-03-19 00:00:00-04:00,17.078752517700195,17.078752517700195,17.078752517700195,17.078752517700195,900,0.11,0.0
2014-03-20 00:00:00-04:00,17.078752517700195,17.078752517700195,17.078752517700195,17.078752517700195,0,0.0,0.0
2014-03-21 00:00:00-04:00,17.167479105251214,17.300559997558594,17.167479105251214,17.300559997558594,9100,0.0,0.0
2014-03-24 00:00:00-04:00,17.25619594549043,17.34491539001465,17.25619594549043,17.34491539001465,2400,0.0,0.0
2014-03-25 00:00:00-04:00,17.167478871875726,17.167478871875726,17.123117446899414,17.123117446899414,1600,0.0,0.0
2014-03-26 00:00:00-04:00,17.34491539001465,17.34491539001465,17.34491539001465,17.34491539001465,1400,0.0,0.0
2014-03-27 00:00:00-04:00,17.34491539001465,17.42476424385839,17.34491539001465,17.34491539001465,1600,0.0,0.0
2014-03-28 00:00:00-04:00,17.42476424385839,17.4336365267538,17.300555667752537,17.34491539001465,3200,0.0,0.0
2014-03-31 00:00:00-04:00,17.522360959443574,17.522360959443574,17.211837768554688,17.211837768554688,1500,0.0,0.0
2014-04-01 00:00:00-04:00,17.211837768554688,17.211837768554688,17.211837768554688,17.211837768554688,0,0.0,0.0
2014-04-02 00:00:00-04:00,17.211837768554688,17.211837768554688,17.211837768554688,17.211837768554688,700,0.0,0.0
2014-04-03 00:00:00-04:00,17.47800064086914,17.47800064086914,17.47800064086914,17.47800064086914,600,0.0,0.0
2014-04-04 00:00:00-04:00,17.300559997558594,17.300559997558594,17.300559997558594,17.300559997558594,300,0.0,0.0
2014-04-07 00:00:00-04:00,17.300559997558594,17.300559997558594,17.300559997558594,17.300559997558594,0,0.0,0.0
2014-04-08 00:00:00-04:00,17.300554498449547,17.300554498449547,17.078752517700195,17.078752517700195,4200,0.0,0.0
2014-04-09 00:00:00-04:00,17.078752517700195,17.078752517700195,17.078752517700195,17.078752517700195,0,0.0,0.0
2014-04-10 00:00:00-04:00,17.078752517700195,17.078752517700195,17.078752517700195,17.078752517700195,0,0.0,0.0
2014-04-11 00:00:00-04:00,17.300559997558594,17.300559997558594,17.256200264194586,17.300559997558594,3900,0.0,0.0
2014-04-14 00:00:00-04:00,17.300559997558594,17.300559997558594,17.300559997558594,17.300559997558594,0,0.0,0.0
2014-04-15 00:00:00-04:00,17.167478561401367,17.167478561401367,17.167478561401367,17.167478561401367,700,0.0,0.0
2014-04-16 00:00:00-04:00,17.167478561401367,17.167478561401367,17.167478561401367,17.167478561401367,0,0.0,0.0
2014-04-17 00:00:00-04:00,17.300555667752537,17.34491539001465,17.300555667752537,17.34491539001465,300,0.0,0.0
2014-04-21 00:00:00-04:00,17.433642495604627,17.522363662719727,17.433642495604627,17.522363662719727,1300,0.0,0.0
2014-04-22 00:00:00-04:00,17.522363662719727,17.522363662719727,17.522363662719727,17.522363662719727,0,0.0,0.0
2014-04-23 00:00:00-04:00,17.522363662719727,17.522363662719727,17.522363662719727,17.522363662719727,0,0.0,0.0
2014-04-24 00:00:00-04:00,17.522363662719727,17.522363662719727,17.522363662719727,17.522363662719727,0,0.0,0.0
2014-04-25 00:00:00-04:00,17.522363662719727,17.522363662719727,17.522363662719727,17.522363662719727,100,0.0,0.0
2014-04-28 00:00:00-04:00,17.522363662719727,17.522363662719727,17.522363662719727,17.522363662719727,0,0.0,0.0
2014-04-29 00:00:00-04:00,17.522363662719727,17.522363662719727,17.522363662719727,17.522363662719727,500,0.0,0.0
2014-04-30 00:00:00-04:00,17.566722869873047,17.566722869873047,17.566722869873047,17.566722869873047,1600,0.0,0.0
2014-05-01 00:00:00-04:00,17.566722869873047,17.566722869873047,17.566722869873047,17.566722869873047,0,0.0,0.0
2014-05-02 00:00:00-04:00,17.566722869873047,17.566722869873047,17.566722869873047,17.566722869873047,0,0.0,0.0
2014-05-05 00:00:00-04:00,17.655444567284622,17.69980599694993,17.522363662719727,17.522363662719727,2500,0.0,0.0
2014-05-06 00:00:00-04:00,17.522363662719727,17.522363662719727,17.522363662719727,17.522363662719727,0,0.0,0.0
2014-05-07 00:00:00-04:00,17.522363662719727,17.522363662719727,17.522363662719727,17.522363662719727,0,0.0,0.0
2014-05-08 00:00:00-04:00,17.566722869873047,17.566722869873047,17.566722869873047,17.566722869873047,200,0.0,0.0
2014-05-09 00:00:00-04:00,17.566722869873047,17.566722869873047,17.566722869873047,17.566722869873047,0,0.0,0.0
2014-05-12 00:00:00-04:00,17.65544288060296,17.699804306030273,17.65544288060296,17.699804306030273,800,0.0,0.0
2014-05-13 00:00:00-04:00,17.699799976126087,18.143403968588245,17.699799976126087,17.744159698486328,6200,0.0,0.0
2014-05-14 00:00:00-04:00,17.8328857421875,17.8328857421875,17.8328857421875,17.8328857421875,1000,0.0,0.0
2014-05-15 00:00:00-04:00,17.744159698486328,17.744159698486328,17.744159698486328,17.744159698486328,1200,0.0,0.0
2014-05-16 00:00:00-04:00,17.74416458084022,17.8328857421875,17.74416458084022,17.8328857421875,3000,0.0,0.0
2014-05-19 00:00:00-04:00,18.099046309745123,18.187767465091063,17.84175682067871,17.84175682067871,2600,0.0,0.0
2014-05-20 00:00:00-04:00,17.841753694053242,17.96596227444182,17.841753694053242,17.877241134643555,2300,0.0,0.0
2014-05-21 00:00:00-04:00,17.877241134643555,17.877241134643555,17.877241134643555,17.877241134643555,0,0.0,0.0
2014-05-22 00:00:00-04:00,17.921602249145508,17.921602249145508,17.921602249145508,17.921602249145508,1200,0.0,0.0
2014-05-23 00:00:00-04:00,18.01032283363286,18.18776512145996,18.01032283363286,18.18776512145996,700,0.0,0.0
2014-05-27 00:00:00-04:00,18.099042892456055,18.099042892456055,18.099042892456055,18.099042892456055,900,0.0,0.0
2014-05-28 00:00:00-04:00,18.072432831448165,18.365211486816406,18.06356054586544,18.365211486816406,2000,0.0,0.0
2014-05-29 00:00:00-04:00,18.365211486816406,18.365211486816406,18.365211486816406,18.365211486816406,0,0.0,0.0
2014-05-30 00:00:00-04:00,18.365211486816406,18.365211486816406,18.365211486816406,18.365211486816406,0,0.0,0.0
2014-06-02 00:00:00-04:00,18.365208499644865,18.631370254972694,18.276487350463867,18.276487350463867,6800,0.0,0.0
2014-06-03 00:00:00-04:00,18.276487350463867,18.276487350463867,18.276487350463867,18.276487350463867,0,0.0,0.0
2014-06-04 00:00:00-04:00,18.276487350463867,18.276487350463867,18.276487350463867,18.276487350463867,0,0.0,0.0
2014-06-05 00:00:00-04:00,18.143404006958008,18.143404006958008,18.143404006958008,18.143404006958008,400,0.0,0.0
2014-06-06 00:00:00-04:00,18.143404006958008,18.143404006958008,18.143404006958008,18.143404006958008,0,0.0,0.0
2014-06-09 00:00:00-04:00,18.143404006958008,18.143404006958008,18.143404006958008,18.143404006958008,0,0.0,0.0
2014-06-10 00:00:00-04:00,18.143404006958008,18.143404006958008,18.143404006958008,18.143404006958008,0,0.0,0.0
2014-06-11 00:00:00-04:00,18.18776372941206,18.18776372941206,18.143404006958008,18.143404006958008,6200,0.0,0.0
2014-06-12 00:00:00-04:00,18.143404006958008,18.143404006958008,18.143404006958008,18.143404006958008,0,0.0,0.0
2014-06-13 00:00:00-04:00,18.18776512145996,18.18776512145996,18.18776512145996,18.18776512145996,6000,0.0,0.0
2014-06-16 00:00:00-04:00,18.18776462191627,18.63136863708496,18.18776462191627,18.63136863708496,700,0.0,0.0
2014-06-17 00:00:00-04:00,18.187768861037046,18.587013244628906,18.099047698881588,18.587013244628906,3700,0.0,0.0
2014-06-18 00:00:00-04:00,18.68511962890625,18.68511962890625,18.68511962890625,18.68511962890625,0,0.11,0.0
2014-06-19 00:00:00-04:00,18.40863201714098,18.7207942467371,18.40863201714098,18.64052391052246,5300,0.0,0.0
2014-06-20 00:00:00-04:00,18.64052391052246,18.64052391052246,18.64052391052246,18.64052391052246,200,0.0,0.0
2014-06-23 00:00:00-04:00,18.64052391052246,18.64052391052246,18.64052391052246,18.64052391052246,0,0.0,0.0
2014-06-24 00:00:00-04:00,18.64052391052246,18.64052391052246,18.64052391052246,18.64052391052246,0,0.0,0.0
2014-06-25 00:00:00-04:00,18.729715208996815,18.729715208996815,18.50674240888971,18.55133628845215,3900,0.0,0.0
2014-06-26 00:00:00-04:00,18.64052391052246,18.64052391052246,18.64052391052246,18.64052391052246,100,0.0,0.0
2014-06-27 00:00:00-04:00,18.64052391052246,18.64052391052246,18.551334459045385,18.64052391052246,1300,0.0,0.0
2014-06-30 00:00:00-04:00,18.64052391052246,18.64052391052246,18.64052391052246,18.64052391052246,0,0.0,0.0
2014-07-01 00:00:00-04:00,18.64052391052246,18.64052391052246,18.64052391052246,18.64052391052246,200,0.0,0.0
2014-07-02 00:00:00-04:00,18.55133628845215,18.55133628845215,18.55133628845215,18.55133628845215,200,0.0,0.0
2014-07-03 00:00:00-04:00,18.283767868814667,18.729713426590635,18.283767868814667,18.595930099487305,19700,0.0,0.0
2014-07-07 00:00:00-04:00,18.595930099487305,18.595930099487305,18.595930099487305,18.595930099487305,0,0.0,0.0
2014-07-08 00:00:00-04:00,18.595930099487305,18.595930099487305,18.595930099487305,18.595930099487305,0,0.0,0.0
2014-07-09 00:00:00-04:00,18.595930099487305,18.595930099487305,18.595930099487305,18.595930099487305,0,0.0,0.0
2014-07-10 00:00:00-04:00,18.595930099487305,18.595930099487305,18.595930099487305,18.595930099487305,0,0.0,0.0
2014-07-11 00:00:00-04:00,18.595930099487305,18.595930099487305,18.595930099487305,18.595930099487305,0,0.0,0.0
2014-07-14 00:00:00-04:00,18.32836151123047,18.32836151123047,18.32836151123047,18.32836151123047,300,0.0,0.0
2014-07-15 00:00:00-04:00,18.283761978149414,18.283761978149414,18.283761978149414,18.283761978149414,2700,0.0,0.0
2014-07-16 00:00:00-04:00,18.283761978149414,18.283761978149414,18.283761978149414,18.283761978149414,0,0.0,0.0
2014-07-17 00:00:00-04:00,18.506738662719727,18.506738662719727,18.506738662719727,18.506738662719727,100,0.0,0.0
2014-07-18 00:00:00-04:00,18.283761978149414,18.283761978149414,18.283761978149414,18.283761978149414,3000,0.0,0.0
2014-07-21 00:00:00-04:00,18.283761978149414,18.283761978149414,18.283761978149414,18.283761978149414,0,0.0,0.0
2014-07-22 00:00:00-04:00,18.283761978149414,18.283761978149414,18.283761978149414,18.283761978149414,0,0.0,0.0
2014-07-23 00:00:00-04:00,18.462148666381836,18.462148666381836,18.462148666381836,18.462148666381836,100,0.0,0.0
2014-07-24 00:00:00-04:00,18.462148666381836,18.462148666381836,18.462148666381836,18.462148666381836,0,0.0,0.0
2014-07-25 00:00:00-04:00,18.462148666381836,18.462148666381836,18.462148666381836,18.462148666381836,0,0.0,0.0
2014-07-28 00:00:00-04:00,18.462148666381836,18.462148666381836,18.462148666381836,18.462148666381836,0,0.0,0.0
2014-07-29 00:00:00-04:00,18.462148666381836,18.462148666381836,18.462148666381836,18.462148666381836,0,0.0,0.0
2014-07-30 00:00:00-04:00,18.506740660894486,18.729713439941406,18.506740660894486,18.729713439941406,5100,0.0,0.0
2014-07-31 00:00:00-04:00,18.729713593619238,18.908092498779297,18.729713593619238,18.908092498779297,400,0.0,0.0
2014-08-01 00:00:00-04:00,18.774303436279297,18.774303436279297,18.774303436279297,18.774303436279297,4000,0.0,0.0
2014-08-04 00:00:00-04:00,18.908092498779297,18.908092498779297,18.908092498779297,18.908092498779297,3900,0.0,0.0
2014-08-05 00:00:00-04:00,18.95268448818154,19.041873931884766,18.95268448818154,19.041873931884766,1200,0.0,0.0
2014-08-06 00:00:00-04:00,19.041873931884766,19.041873931884766,19.041873931884766,19.041873931884766,0,0.0,0.0
2014-08-07 00:00:00-04:00,19.041873931884766,19.041873931884766,19.041873931884766,19.041873931884766,0,0.0,0.0
2014-08-08 00:00:00-04:00,19.041873931884766,19.041873931884766,19.041873931884766,19.041873931884766,0,0.0,0.0
2014-08-11 00:00:00-04:00,18.95268253438152,19.08646583557129,18.95268253438152,19.08646583557129,300,0.0,0.0
2014-08-12 00:00:00-04:00,19.175661154576385,19.264850616455078,19.175661154576385,19.264850616455078,200,0.0,0.0
2014-08-13 00:00:00-04:00,19.264850616455078,19.264850616455078,19.264850616455078,19.264850616455078,0,0.0,0.0
2014-08-14 00:00:00-04:00,19.264850616455078,19.264850616455078,19.264850616455078,19.264850616455078,0,0.0,0.0
2014-08-15 00:00:00-04:00,18.818899154663086,18.818899154663086,18.818899154663086,18.818899154663086,100,0.0,0.0
2014-08-18 00:00:00-04:00,18.818899154663086,18.818899154663086,18.818899154663086,18.818899154663086,0,0.0,0.0
2014-08-19 00:00:00-04:00,18.818899154663086,18.818899154663086,18.818899154663086,18.818899154663086,0,0.0,0.0
2014-08-20 00:00:00-04:00,18.818899154663086,18.818899154663086,18.818899154663086,18.818899154663086,1700,0.0,0.0
2014-08-21 00:00:00-04:00,18.818899154663086,18.818899154663086,18.818899154663086,18.818899154663086,300,0.0,0.0
2014-08-22 00:00:00-04:00,18.818899154663086,18.818899154663086,18.818899154663086,18.818899154663086,0,0.0,0.0
2014-08-25 00:00:00-04:00,18.818899154663086,18.818899154663086,18.818899154663086,18.818899154663086,0,0.0,0.0
2014-08-26 00:00:00-04:00,18.81889951004934,19.354034423828125,18.81889951004934,19.354034423828125,2000,0.0,0.0
2014-08-27 00:00:00-04:00,18.818902891789634,18.818902891789634,18.729713439941406,18.729713439941406,1600,0.0,0.0
2014-08-28 00:00:00-04:00,18.729713439941406,18.729713439941406,18.729713439941406,18.729713439941406,700,0.0,0.0
2014-08-29 00:00:00-04:00,18.640523974805983,18.640523974805983,18.595930099487305,18.595930099487305,1600,0.0,0.0
2014-09-02 00:00:00-04:00,18.55133628845215,18.55133628845215,18.55133628845215,18.55133628845215,2300,0.0,0.0
2014-09-03 00:00:00-04:00,18.595930099487305,18.595930099487305,18.595930099487305,18.595930099487305,100,0.0,0.0
2014-09-04 00:00:00-04:00,18.55133628845215,18.818904669269152,18.55133628845215,18.55133628845215,11800,0.0,0.0
2014-09-05 00:00:00-04:00,18.55133628845215,18.55133628845215,18.55133628845215,18.55133628845215,0,0.0,0.0
2014-09-08 00:00:00-04:00,18.818899154663086,18.818899154663086,18.818899154663086,18.818899154663086,600,0.0,0.0
2014-09-09 00:00:00-04:00,18.818899154663086,18.818899154663086,18.818899154663086,18.818899154663086,0,0.0,0.0
2014-09-10 00:00:00-04:00,18.818899154663086,18.818899154663086,18.818899154663086,18.818899154663086,0,0.0,0.0
2014-09-11 00:00:00-04:00,18.818899154663086,18.818899154663086,18.818899154663086,18.818899154663086,0,0.0,0.0
2014-09-12 00:00:00-04:00,18.64052391052246,18.64052391052246,18.64052391052246,18.64052391052246,100,0.0,0.0
2014-09-15 00:00:00-04:00,18.55133628845215,18.55133628845215,18.55133628845215,18.55133628845215,100,0.0,0.0
2014-09-16 00:00:00-04:00,18.55133628845215,18.55133628845215,18.55133628845215,18.55133628845215,0,0.0,0.0
2014-09-17 00:00:00-04:00,18.658985137939453,18.658985137939453,18.658985137939453,18.658985137939453,0,0.12,0.0
2014-09-18 00:00:00-04:00,18.658985137939453,18.658985137939453,18.658985137939453,18.658985137939453,600,0.0,0.0
2014-09-19 00:00:00-04:00,18.614122928575473,18.614122928575473,18.524415969848633,18.524415969848633,2200,0.0,0.0
2014-09-22 00:00:00-04:00,18.569278717041016,18.569278717041016,18.569278717041016,18.569278717041016,100,0.0,0.0
2014-09-23 00:00:00-04:00,18.569278717041016,18.569278717041016,18.569278717041016,18.569278717041016,2200,0.0,0.0
2014-09-24 00:00:00-04:00,18.61412811279297,18.61412811279297,18.61412811279297,18.61412811279297,5000,0.0,0.0
2014-09-25 00:00:00-04:00,18.61412811279297,18.61412811279297,18.61412811279297,18.61412811279297,0,0.0,0.0
2014-09-26 00:00:00-04:00,18.61412811279297,18.61412811279297,18.61412811279297,18.61412811279297,100,0.0,0.0
2014-09-29 00:00:00-04:00,18.569278717041016,18.569278717041016,18.569278717041016,18.569278717041016,1100,0.0,0.0
2014-09-30 00:00:00-04:00,18.524427432507977,18.614134446744277,18.524427432507977,18.60516357421875,7700,0.0,0.0
2014-10-01 00:00:00-04:00,18.524415969848633,18.524415969848633,18.524415969848633,18.524415969848633,1300,0.0,0.0
2014-10-02 00:00:00-04:00,18.524415969848633,18.524415969848633,18.524415969848633,18.524415969848633,800,0.0,0.0
2014-10-03 00:00:00-04:00,18.479572296142578,18.479572296142578,18.479572296142578,18.479572296142578,300,0.0,0.0
2014-10-06 00:00:00-04:00,18.389864534618983,18.479571533089153,18.389864534618983,18.434717178344727,7100,0.0,0.0
2014-10-07 00:00:00-04:00,18.434717178344727,18.434717178344727,18.434717178344727,18.434717178344727,300,0.0,0.0
2014-10-08 00:00:00-04:00,18.434714784927653,18.614128758574306,18.434714784927653,18.551334381103516,10800,0.0,0.0
2014-10-09 00:00:00-04:00,18.551334381103516,18.551334381103516,18.551334381103516,18.551334381103516,0,0.0,0.0
2014-10-10 00:00:00-04:00,18.434717178344727,18.434717178344727,18.300157536148813,18.434717178344727,1800,0.0,0.0
2014-10-13 00:00:00-04:00,18.434717178344727,18.434717178344727,18.434717178344727,18.434717178344727,600,0.0,0.0
2014-10-14 00:00:00-04:00,18.434717178344727,18.838397815951154,18.434717178344727,18.434717178344727,3900,0.0,0.0
2014-10-15 00:00:00-04:00,18.434717178344727,18.434717178344727,18.434717178344727,18.434717178344727,0,0.0,0.0
2014-10-16 00:00:00-04:00,18.479572296142578,18.479572296142578,18.479572296142578,18.479572296142578,700,0.0,0.0
2014-10-17 00:00:00-04:00,18.524424361848556,18.614131361214778,18.524424361848556,18.569278717041016,6100,0.0,0.0
2014-10-20 00:00:00-04:00,18.569278717041016,18.569278717041016,18.569278717041016,18.569278717041016,0,0.0,0.0
2014-10-21 00:00:00-04:00,18.569278717041016,18.569278717041016,18.569278717041016,18.569278717041016,300,0.0,0.0
2014-10-22 00:00:00-04:00,18.569279298316903,18.569279298316903,18.479572296142578,18.479572296142578,1300,0.0,0.0
2014-10-23 00:00:00-04:00,18.70383894606902,18.77560420560473,18.479572296142578,18.479572296142578,3200,0.0,0.0
2014-10-24 00:00:00-04:00,18.658984005388536,18.658984005388536,18.569278717041016,18.569278717041016,4300,0.0,0.0
2014-10-27 00:00:00-04:00,18.569278717041016,18.569278717041016,18.569278717041016,18.569278717041016,0,0.0,0.0
2014-10-28 00:00:00-04:00,18.658982090450902,18.70383644104004,18.658982090450902,18.70383644104004,1400,0.0,0.0
2014-10-29 00:00:00-04:00,18.74869214275065,18.74869214275065,18.658985137939453,18.658985137939453,1000,0.0,0.0
2014-10-30 00:00:00-04:00,18.74869155883789,18.74869155883789,18.74869155883789,18.74869155883789,300,0.0,0.0
2014-10-31 00:00:00-04:00,18.838397979736328,18.838397979736328,18.838397979736328,18.838397979736328,300,0.0,0.0
2014-11-03 00:00:00-05:00,18.838397979736328,18.838397979736328,18.838397979736328,18.838397979736328,500,0.0,0.0
2014-11-04 00:00:00-05:00,18.838397979736328,18.838397979736328,18.838397979736328,18.838397979736328,0,0.0,0.0
2014-11-05 00:00:00-05:00,18.667956009522452,18.667956009522452,18.658985137939453,18.658985137939453,3800,0.0,0.0
2014-11-06 00:00:00-05:00,18.838393607507612,18.9281005859375,18.838393607507612,18.9281005859375,3700,0.0,0.0
2014-11-07 00:00:00-05:00,18.92809928685775,19.107511520385742,18.92809928685775,19.107511520385742,500,0.0,0.0
2014-11-10 00:00:00-05:00,19.107511520385742,19.107511520385742,19.107511520385742,19.107511520385742,0,0.0,0.0
2014-11-11 00:00:00-05:00,19.107511520385742,19.107511520385742,19.107511520385742,19.107511520385742,0,0.0,0.0
2014-11-12 00:00:00-05:00,19.107511520385742,19.107511520385742,19.107511520385742,19.107511520385742,0,0.0,0.0
2014-11-13 00:00:00-05:00,19.107511520385742,19.107511520385742,19.107511520385742,19.107511520385742,0,0.0,0.0
2014-11-14 00:00:00-05:00,19.107511520385742,19.107511520385742,19.107511520385742,19.107511520385742,0,0.0,0.0
2014-11-17 00:00:00-05:00,18.70383644104004,18.748689080610657,18.70383644104004,18.70383644104004,500,0.0,0.0
2014-11-18 00:00:00-05:00,18.70383644104004,18.70383644104004,18.70383644104004,18.70383644104004,0,0.0,0.0
2014-11-19 00:00:00-05:00,18.70383644104004,18.70383644104004,18.70383644104004,18.70383644104004,0,0.0,0.0
2014-11-20 00:00:00-05:00,18.70383644104004,18.70383644104004,18.70383644104004,18.70383644104004,0,0.0,0.0
2014-11-21 00:00:00-05:00,19.107512049523816,19.107512049523816,18.88324546813965,18.88324546813965,5700,0.0,0.0
2014-11-24 00:00:00-05:00,19.06266212463379,19.06266212463379,19.06266212463379,19.06266212463379,400,0.0,0.0
2014-11-25 00:00:00-05:00,19.06266212463379,19.06266212463379,19.06266212463379,19.06266212463379,600,0.0,0.0
2014-11-26 00:00:00-05:00,19.286924362182617,19.286924362182617,19.286924362182617,19.286924362182617,300,0.0,0.0
2014-11-28 00:00:00-05:00,19.286924362182617,19.286924362182617,19.286924362182617,19.286924362182617,400,0.0,0.0
2014-12-01 00:00:00-05:00,19.28692678863875,19.28692678863875,18.9281005859375,18.9281005859375,2400,0.0,0.0
2014-12-02 00:00:00-05:00,18.9281005859375,18.9281005859375,18.9281005859375,18.9281005859375,0,0.0,0.0
2014-12-03 00:00:00-05:00,19.28692586371239,21.081058502197266,19.28692586371239,21.081058502197266,1200,0.0,0.0
2014-12-04 00:00:00-05:00,21.081058502197266,21.081058502197266,21.081058502197266,21.081058502197266,0,0.0,0.0
2014-12-05 00:00:00-05:00,21.081058502197266,21.081058502197266,21.081058502197266,21.081058502197266,400,0.0,0.0
2014-12-08 00:00:00-05:00,21.081058502197266,21.081058502197266,21.081058502197266,21.081058502197266,500,0.0,0.0
2014-12-09 00:00:00-05:00,21.081058502197266,21.081058502197266,21.081058502197266,21.081058502197266,0,0.0,0.0
2014-12-10 00:00:00-05:00,20.632530212402344,20.632530212402344,20.632530212402344,20.632530212402344,100,0.0,0.0
2014-12-11 00:00:00-05:00,20.183996200561523,20.183996200561523,20.183996200561523,20.183996200561523,2200,0.0,0.0
2014-12-12 00:00:00-05:00,20.6325290735005,20.81194305419922,20.6325290735005,20.81194305419922,500,0.0,0.0
2014-12-15 00:00:00-05:00,20.81194305419922,20.81194305419922,20.81194305419922,20.81194305419922,0,0.0,0.0
2014-12-16 00:00:00-05:00,20.183996003650346,20.183996003650346,19.780315399169922,19.780315399169922,1400,0.0,0.0
2014-12-17 00:00:00-05:00,19.780315399169922,19.780315399169922,19.780315399169922,19.780315399169922,1100,0.0,0.0
2014-12-18 00:00:00-05:00,19.780315399169922,20.183996003650346,19.780315399169922,19.780315399169922,600,0.0,0.0
2014-12-19 00:00:00-05:00,19.780315399169922,19.780315399169922,19.780315399169922,19.780315399169922,0,0.0,0.0
2014-12-22 00:00:00-05:00,19.780315399169922,19.780315399169922,19.780315399169922,19.780315399169922,0,0.0,0.0
2014-12-23 00:00:00-05:00,20.31855583190918,20.31855583190918,20.31855583190918,20.31855583190918,200,0.0,0.0
2014-12-24 00:00:00-05:00,20.31855583190918,20.31855583190918,20.31855583190918,20.31855583190918,0,0.0,0.0
2014-12-26 00:00:00-05:00,20.31855583190918,20.31855583190918,20.31855583190918,20.31855583190918,0,0.0,0.0
2014-12-29 00:00:00-05:00,20.31855583190918,20.31855583190918,20.31855583190918,20.31855583190918,0,0.0,0.0
2014-12-30 00:00:00-05:00,20.31855583190918,20.31855583190918,20.31855583190918,20.31855583190918,0,0.0,0.0
2014-12-31 00:00:00-05:00,20.31855583190918,20.31855583190918,20.31855583190918,20.31855583190918,0,0.0,0.0
2015-01-02 00:00:00-05:00,20.31855583190918,20.31855583190918,20.31855583190918,20.31855583190918,0,0.0,0.0
2015-01-05 00:00:00-05:00,20.31855583190918,20.31855583190918,20.31855583190918,20.31855583190918,0,0.0,0.0
2015-01-06 00:00:00-05:00,19.78031559214287,20.183996200561523,19.60090331919346,20.183996200561523,800,0.0,0.0
2015-01-07 00:00:00-05:00,20.292221069335938,20.292221069335938,20.292221069335938,20.292221069335938,0,0.12,0.0
2015-01-08 00:00:00-05:00,20.292221069335938,20.292221069335938,20.292221069335938,20.292221069335938,0,0.0,0.0
2015-01-09 00:00:00-05:00,19.841276175724932,19.841276175724932,19.742069244384766,19.742069244384766,4900,0.0,0.0
2015-01-12 00:00:00-05:00,19.742069244384766,19.742069244384766,19.742069244384766,19.742069244384766,0,0.0,0.0
2015-01-13 00:00:00-05:00,20.156937143029896,20.38240623474121,20.156937143029896,20.38240623474121,5900,0.0,0.0
2015-01-14 00:00:00-05:00,20.202028274536133,20.202028274536133,20.202028274536133,20.202028274536133,1400,0.0,0.0
2015-01-15 00:00:00-05:00,20.292221069335938,20.292221069335938,20.292221069335938,20.292221069335938,600,0.0,0.0
2015-01-16 00:00:00-05:00,20.247125448577222,20.247125448577222,19.88637351989746,19.88637351989746,800,0.0,0.0
2015-01-20 00:00:00-05:00,20.24712607019613,21.194095611572266,20.24712607019613,21.194095611572266,1900,0.0,0.0
2015-01-21 00:00:00-05:00,21.194095611572266,21.194095611572266,21.194095611572266,21.194095611572266,0,0.0,0.0
2015-01-22 00:00:00-05:00,21.194095611572266,21.194095611572266,21.194095611572266,21.194095611572266,0,0.0,0.0
2015-01-23 00:00:00-05:00,21.194095611572266,21.194095611572266,21.194095611572266,21.194095611572266,0,0.0,0.0
2015-01-26 00:00:00-05:00,21.194095611572266,21.194095611572266,21.194095611572266,21.194095611572266,0,0.0,0.0
2015-01-27 00:00:00-05:00,21.194095611572266,21.194095611572266,21.194095611572266,21.194095611572266,0,0.0,0.0
2015-01-28 00:00:00-05:00,20.427499771118164,20.427499771118164,20.427499771118164,20.427499771118164,700,0.0,0.0
2015-01-29 00:00:00-05:00,20.427499771118164,20.427499771118164,20.427499771118164,20.427499771118164,0,0.0,0.0
2015-01-30 00:00:00-05:00,20.427499771118164,20.427499771118164,20.427499771118164,20.427499771118164,0,0.0,0.0
2015-02-02 00:00:00-05:00,20.427499771118164,20.427499771118164,20.427499771118164,20.427499771118164,0,0.0,0.0
2015-02-03 00:00:00-05:00,20.7431583404541,20.7431583404541,20.7431583404541,20.7431583404541,500,0.0,0.0
2015-02-04 00:00:00-05:00,20.57180404663086,20.57180404663086,20.57180404663086,20.57180404663086,300,0.0,0.0
2015-02-05 00:00:00-05:00,20.57180404663086,20.57180404663086,20.57180404663086,20.57180404663086,0,0.0,0.0
2015-02-06 00:00:00-05:00,20.57180404663086,20.57180404663086,20.57180404663086,20.57180404663086,0,0.0,0.0
2015-02-09 00:00:00-05:00,20.96862752501416,21.185077667236328,20.454558222212405,21.185077667236328,1500,0.0,0.0
2015-02-10 00:00:00-05:00,20.968627452850342,20.968627452850342,20.7431583404541,20.7431583404541,3600,0.0,0.0
2015-02-11 00:00:00-05:00,20.770215253211063,20.770215253211063,20.7431583404541,20.7431583404541,2800,0.0,0.0
2015-02-12 00:00:00-05:00,20.698063806875012,20.698063806875012,20.60787582397461,20.60787582397461,600,0.0,0.0
2015-02-13 00:00:00-05:00,20.60787582397461,20.60787582397461,20.60787582397461,20.60787582397461,100,0.0,0.0
2015-02-17 00:00:00-05:00,20.65297508239746,20.65297508239746,20.65297508239746,20.65297508239746,200,0.0,0.0
2015-02-18 00:00:00-05:00,20.65297508239746,20.65297508239746,20.65297508239746,20.65297508239746,0,0.0,0.0
2015-02-19 00:00:00-05:00,20.743159849107535,20.743159849107535,20.69806671142578,20.69806671142578,200,0.0,0.0
2015-02-20 00:00:00-05:00,20.7431583404541,20.7431583404541,20.7431583404541,20.7431583404541,500,0.0,0.0
2015-02-23 00:00:00-05:00,20.7431583404541,20.7431583404541,20.7431583404541,20.7431583404541,0,0.0,0.0
2015-02-24 00:00:00-05:00,20.878442764282227,20.878442764282227,20.878442764282227,20.878442764282227,1400,0.0,0.0
2015-02-25 00:00:00-05:00,20.878442764282227,20.878442764282227,20.878442764282227,20.878442764282227,500,0.0,0.0
2015-02-26 00:00:00-05:00,20.878442764282227,20.878442764282227,20.878442764282227,20.878442764282227,0,0.0,0.0
2015-02-27 00:00:00-05:00,20.9686279296875,20.9686279296875,20.9686279296875,20.9686279296875,1200,0.0,0.0
2015-03-02 00:00:00-05:00,20.87843993863952,20.9686279296875,20.87843993863952,20.9686279296875,2500,0.0,0.0
2015-03-03 00:00:00-05:00,21.10390905616304,21.10390905616304,20.9686279296875,20.9686279296875,1300,0.0,0.0
2015-03-04 00:00:00-05:00,20.9686279296875,20.9686279296875,20.9686279296875,20.9686279296875,0,0.0,0.0
2015-03-05 00:00:00-05:00,20.9686279296875,20.9686279296875,20.9686279296875,20.9686279296875,800,0.0,0.0
2015-03-06 00:00:00-05:00,20.9686279296875,20.9686279296875,20.9686279296875,20.9686279296875,4200,0.0,0.0
2015-03-09 00:00:00-04:00,20.96863076753605,20.96863076753605,20.878442764282227,20.878442764282227,800,0.0,0.0
2015-03-10 00:00:00-04:00,20.878442764282227,20.878442764282227,20.878442764282227,20.878442764282227,0,0.0,0.0
2015-03-11 00:00:00-04:00,20.878442764282227,20.878442764282227,20.878442764282227,20.878442764282227,0,0.0,0.0
2015-03-12 00:00:00-04:00,20.878442764282227,20.878442764282227,20.878442764282227,20.878442764282227,0,0.0,0.0
2015-03-13 00:00:00-04:00,20.878442764282227,20.878442764282227,20.878442764282227,20.878442764282227,0,0.0,0.0
2015-03-16 00:00:00-04:00,20.9686279296875,20.9686279296875,20.9686279296875,20.9686279296875,4500,0.0,0.0
2015-03-17 00:00:00-04:00,20.9686279296875,20.9686279296875,20.9686279296875,20.9686279296875,0,0.0,0.0
2015-03-18 00:00:00-04:00,21.077411651611328,21.077411651611328,21.077411651611328,21.077411651611328,0,0.12,0.0
2015-03-19 00:00:00-04:00,21.077411651611328,21.077411651611328,21.077411651611328,21.077411651611328,0,0.0,0.0
2015-03-20 00:00:00-04:00,21.077411651611328,21.077411651611328,21.077411651611328,21.077411651611328,0,0.0,0.0
2015-03-23 00:00:00-04:00,21.258724212646484,21.258724212646484,21.258724212646484,21.258724212646484,200,0.0,0.0
2015-03-24 00:00:00-04:00,21.095543173396514,21.095543173396514,21.077411651611328,21.077411651611328,3600,0.0,0.0
2015-03-25 00:00:00-04:00,21.077411651611328,21.077411651611328,21.077411651611328,21.077411651611328,0,0.0,0.0
2015-03-26 00:00:00-04:00,21.077411651611328,21.077411651611328,21.077411651611328,21.077411651611328,0,0.0,0.0
2015-03-27 00:00:00-04:00,21.077411651611328,21.077411651611328,21.077411651611328,21.077411651611328,0,0.0,0.0
2015-03-30 00:00:00-04:00,21.077411651611328,21.077411651611328,21.077411651611328,21.077411651611328,0,0.0,0.0
2015-03-31 00:00:00-04:00,21.258724212646484,21.258724212646484,21.258724212646484,21.258724212646484,400,0.0,0.0
2015-04-01 00:00:00-04:00,21.122739791870117,21.122739791870117,21.122739791870117,21.122739791870117,200,0.0,0.0
2015-04-02 00:00:00-04:00,21.122739791870117,21.122739791870117,21.122739791870117,21.122739791870117,0,0.0,0.0
2015-04-06 00:00:00-04:00,21.122739791870117,21.122739791870117,21.122739791870117,21.122739791870117,0,0.0,0.0
2015-04-07 00:00:00-04:00,21.122739791870117,21.122739791870117,21.122739791870117,21.122739791870117,0,0.0,0.0
2015-04-08 00:00:00-04:00,21.122739791870117,21.122739791870117,21.122739791870117,21.122739791870117,0,0.0,0.0
2015-04-09 00:00:00-04:00,21.077412446193655,21.258724212646484,21.077412446193655,21.258724212646484,1300,0.0,0.0
2015-04-10 00:00:00-04:00,21.077411651611328,21.077411651611328,21.077411651611328,21.077411651611328,2000,0.0,0.0
2015-04-13 00:00:00-04:00,21.077411651611328,21.077411651611328,21.077411651611328,21.077411651611328,0,0.0,0.0
2015-04-14 00:00:00-04:00,21.077411651611328,21.077411651611328,21.077411651611328,21.077411651611328,0,0.0,0.0
2015-04-15 00:00:00-04:00,21.258724212646484,21.258724212646484,21.258724212646484,21.258724212646484,300,0.0,0.0
2015-04-16 00:00:00-04:00,21.258724212646484,21.258724212646484,21.258724212646484,21.258724212646484,0,0.0,0.0
2015-04-17 00:00:00-04:00,21.258724212646484,21.258724212646484,21.258724212646484,21.258724212646484,0,0.0,0.0
2015-04-20 00:00:00-04:00,21.25872554051714,21.285921096801758,21.25872554051714,21.285921096801758,400,0.0,0.0
2015-04-21 00:00:00-04:00,21.285921096801758,21.285921096801758,21.285921096801758,21.285921096801758,0,0.0,0.0
2015-04-22 00:00:00-04:00,21.285921096801758,21.285921096801758,21.285921096801758,21.285921096801758,0,0.0,0.0
2015-04-23 00:00:00-04:00,21.285921096801758,21.285921096801758,21.285921096801758,21.285921096801758,0,0.0,0.0
2015-04-24 00:00:00-04:00,21.285921096801758,21.285921096801758,21.285921096801758,21.285921096801758,0,0.0,0.0
2015-04-27 00:00:00-04:00,21.285921096801758,21.285921096801758,21.285921096801758,21.285921096801758,0,0.0,0.0
2015-04-28 00:00:00-04:00,21.285921096801758,21.285921096801758,21.285921096801758,21.285921096801758,0,0.0,0.0
2015-04-29 00:00:00-04:00,21.122739791870117,21.122739791870117,21.122739791870117,21.122739791870117,2000,0.0,0.0
2015-04-30 00:00:00-04:00,21.122739791870117,21.122739791870117,21.122739791870117,21.122739791870117,0,0.0,0.0
2015-05-01 00:00:00-04:00,21.122739791870117,21.122739791870117,21.122739791870117,21.122739791870117,0,0.0,0.0
2015-05-04 00:00:00-04:00,21.122739791870117,21.122739791870117,21.122739791870117,21.122739791870117,0,0.0,0.0
2015-05-05 00:00:00-04:00,21.122739791870117,21.122739791870117,21.122739791870117,21.122739791870117,0,0.0,0.0
2015-05-06 00:00:00-04:00,21.16806559548964,21.304048538208008,21.16806559548964,21.304048538208008,1000,0.0,0.0
2015-05-07 00:00:00-04:00,21.304048538208008,21.304048538208008,21.304048538208008,21.304048538208008,0,0.0,0.0
2015-05-08 00:00:00-04:00,21.304054143902686,21.304054143902686,21.186202690301258,21.195266723632812,3800,0.0,0.0
2015-05-11 00:00:00-04:00,21.195266723632812,21.195266723632812,21.195266723632812,21.195266723632812,0,0.0,0.0
2015-05-12 00:00:00-04:00,21.195266723632812,21.195266723632812,21.195266723632812,21.195266723632812,0,0.0,0.0
2015-05-13 00:00:00-04:00,21.213398745777496,21.394710540771484,21.213398745777496,21.394710540771484,2600,0.0,0.0
2015-05-14 00:00:00-04:00,21.394710540771484,21.394710540771484,21.394710540771484,21.394710540771484,0,0.0,0.0
2015-05-15 00:00:00-04:00,21.440036103849174,21.48536491394043,21.440036103849174,21.48536491394043,5300,0.0,0.0
2015-05-18 00:00:00-04:00,21.503496170043945,21.503496170043945,21.503496170043945,21.503496170043945,500,0.0,0.0
2015-05-19 00:00:00-04:00,21.53069305419922,21.53069305419922,21.53069305419922,21.53069305419922,400,0.0,0.0
2015-05-20 00:00:00-04:00,21.53069305419922,21.53069305419922,21.53069305419922,21.53069305419922,0,0.0,0.0
2015-05-21 00:00:00-04:00,21.53069305419922,21.53069305419922,21.53069305419922,21.53069305419922,0,0.0,0.0
2015-05-22 00:00:00-04:00,21.53069305419922,21.53069305419922,21.53069305419922,21.53069305419922,0,0.0,0.0
2015-05-26 00:00:00-04:00,21.66667366027832,21.66667366027832,21.66667366027832,21.66667366027832,400,0.0,0.0
2015-05-27 00:00:00-04:00,21.66667366027832,21.66667366027832,21.66667366027832,21.66667366027832,0,0.0,0.0
2015-05-28 00:00:00-04:00,21.712004686618155,21.983970642089844,21.576019979764936,21.983970642089844,1100,0.0,0.0
2015-05-29 00:00:00-04:00,21.983970642089844,21.983970642089844,21.983970642089844,21.983970642089844,0,0.0,0.0
2015-06-01 00:00:00-04:00,21.983970413208006,22.66388702392578,21.983970413208006,22.66388702392578,500,0.0,0.0
2015-06-02 00:00:00-04:00,21.757333755493164,22.437250435352325,21.757333755493164,21.757333755493164,2700,0.0,0.0
2015-06-03 00:00:00-04:00,21.757333755493164,21.757333755493164,21.757333755493164,21.757333755493164,0,0.0,0.0
2015-06-04 00:00:00-04:00,21.757333755493164,21.757333755493164,21.757333755493164,21.757333755493164,0,0.0,0.0
2015-06-05 00:00:00-04:00,21.757333755493164,21.757333755493164,21.757333755493164,21.757333755493164,3500,0.0,0.0
2015-06-08 00:00:00-04:00,22.437240600585938,22.437240600585938,22.437240600585938,22.437240600585938,200,0.0,0.0
2015-06-09 00:00:00-04:00,22.437240600585938,22.437240600585938,22.437240600585938,22.437240600585938,0,0.0,0.0
2015-06-10 00:00:00-04:00,22.437240600585938,22.437240600585938,22.437240600585938,22.437240600585938,0,0.0,0.0
2015-06-11 00:00:00-04:00,21.666677658538642,22.21061134338379,21.666677658538642,22.21061134338379,500,0.0,0.0
2015-06-12 00:00:00-04:00,22.21061134338379,22.21061134338379,22.21061134338379,22.21061134338379,0,0.0,0.0
2015-06-15 00:00:00-04:00,22.21061134338379,22.21061134338379,22.21061134338379,22.21061134338379,0,0.0,0.0
2015-06-16 00:00:00-04:00,22.21061134338379,22.21061134338379,22.21061134338379,22.21061134338379,0,0.0,0.0
2015-06-17 00:00:00-04:00,22.329092025756836,22.329092025756836,22.329092025756836,22.329092025756836,0,0.13,0.0
2015-06-18 00:00:00-04:00,22.329092025756836,22.329092025756836,22.329092025756836,22.329092025756836,0,0.0,0.0
2015-06-19 00:00:00-04:00,22.329092025756836,22.329092025756836,22.329092025756836,22.329092025756836,0,0.0,0.0
2015-06-22 00:00:00-04:00,22.192378997802734,22.192378997802734,22.192378997802734,22.192378997802734,2200,0.0,0.0
2015-06-23 00:00:00-04:00,22.192378997802734,22.192378997802734,22.192378997802734,22.192378997802734,0,0.0,0.0
2015-06-24 00:00:00-04:00,22.101243000404505,23.240482330322266,22.101243000404505,23.240482330322266,1400,0.0,0.0
2015-06-25 00:00:00-04:00,23.240482330322266,23.240482330322266,23.240482330322266,23.240482330322266,0,0.0,0.0
2015-06-26 00:00:00-04:00,23.240482330322266,23.240482330322266,23.240482330322266,23.240482330322266,0,0.0,0.0
2015-06-29 00:00:00-04:00,21.964529037475586,21.964529037475586,21.964529037475586,21.964529037475586,100,0.0,0.0
2015-06-30 00:00:00-04:00,21.964529037475586,21.964529037475586,21.964529037475586,21.964529037475586,300,0.0,0.0
2015-07-01 00:00:00-04:00,21.964529037475586,21.964529037475586,21.964529037475586,21.964529037475586,0,0.0,0.0
2015-07-02 00:00:00-04:00,21.964529037475586,21.964529037475586,21.964529037475586,21.964529037475586,0,0.0,0.0
2015-07-06 00:00:00-04:00,21.918960571289062,21.918960571289062,21.918960571289062,21.918960571289062,400,0.0,0.0
2015-07-07 00:00:00-04:00,21.918960571289062,21.918960571289062,21.918960571289062,21.918960571289062,0,0.0,0.0
2015-07-08 00:00:00-04:00,21.918960571289062,21.918960571289062,21.918960571289062,21.918960571289062,4200,0.0,0.0
2015-07-09 00:00:00-04:00,21.918960571289062,21.918960571289062,21.918960571289062,21.918960571289062,0,0.0,0.0
2015-07-10 00:00:00-04:00,21.918960571289062,21.918960571289062,21.918960571289062,21.918960571289062,0,0.0,0.0
2015-07-13 00:00:00-04:00,21.918960571289062,21.918960571289062,21.918960571289062,21.918960571289062,0,0.0,0.0
2015-07-14 00:00:00-04:00,21.918960571289062,21.918960571289062,21.918960571289062,21.918960571289062,0,0.0,0.0
2015-07-15 00:00:00-04:00,21.964529037475586,21.964529037475586,21.964529037475586,21.964529037475586,2400,0.0,0.0
2015-07-16 00:00:00-04:00,21.964529037475586,21.964529037475586,21.964529037475586,21.964529037475586,0,0.0,0.0
2015-07-17 00:00:00-04:00,21.964529037475586,21.964529037475586,21.964529037475586,21.964529037475586,0,0.0,0.0
2015-07-20 00:00:00-04:00,21.964529037475586,21.964529037475586,21.964529037475586,21.964529037475586,700,0.0,0.0
2015-07-21 00:00:00-04:00,21.964529037475586,21.964529037475586,21.964529037475586,21.964529037475586,0,0.0,0.0
2015-07-22 00:00:00-04:00,21.964529037475586,21.964529037475586,21.964529037475586,21.964529037475586,0,0.0,0.0
2015-07-23 00:00:00-04:00,22.10123951810113,22.192378997802734,22.10123951810113,22.192378997802734,400,0.0,0.0
2015-07-24 00:00:00-04:00,22.192378997802734,22.192378997802734,22.192378997802734,22.192378997802734,0,0.0,0.0
2015-07-27 00:00:00-04:00,22.283523559570312,22.283523559570312,22.283523559570312,22.283523559570312,600,0.0,0.0
2015-07-28 00:00:00-04:00,22.010100051043022,22.010100051043022,21.918960571289062,21.918960571289062,400,0.0,0.0
2015-07-29 00:00:00-04:00,22.101238250732422,22.101238250732422,22.101238250732422,22.101238250732422,500,0.0,0.0
2015-07-30 00:00:00-04:00,22.101238250732422,22.101238250732422,22.101238250732422,22.101238250732422,0,0.0,0.0
2015-07-31 00:00:00-04:00,21.964529908189885,22.101238250732422,21.964529908189885,22.101238250732422,1500,0.0,0.0
2015-08-03 00:00:00-04:00,22.101238250732422,22.101238250732422,22.101238250732422,22.101238250732422,0,0.0,0.0
2015-08-04 00:00:00-04:00,22.101238250732422,22.101238250732422,22.101238250732422,22.101238250732422,0,0.0,0.0
2015-08-05 00:00:00-04:00,22.101238250732422,22.101238250732422,22.101238250732422,22.101238250732422,0,0.0,0.0
2015-08-06 00:00:00-04:00,21.964536080249374,21.964536080249374,21.782257080078125,21.782257080078125,4600,0.0,0.0
2015-08-07 00:00:00-04:00,21.964529037475586,21.964529037475586,21.964529037475586,21.964529037475586,3200,0.0,0.0
2015-08-10 00:00:00-04:00,21.964529037475586,21.964529037475586,21.964529037475586,21.964529037475586,0,0.0,0.0
2015-08-11 00:00:00-04:00,21.964529037475586,21.964529037475586,21.964529037475586,21.964529037475586,0,0.0,0.0
2015-08-12 00:00:00-04:00,22.05567399924599,22.09212875366211,22.05567399924599,22.09212875366211,1000,0.0,0.0
2015-08-13 00:00:00-04:00,22.010099411010742,22.010099411010742,22.010099411010742,22.010099411010742,200,0.0,0.0
2015-08-14 00:00:00-04:00,22.05567169189453,22.05567169189453,22.05567169189453,22.05567169189453,1000,0.0,0.0
2015-08-17 00:00:00-04:00,22.05567169189453,22.05567169189453,22.05567169189453,22.05567169189453,1400,0.0,0.0
2015-08-18 00:00:00-04:00,22.010099411010742,22.010099411010742,22.010099411010742,22.010099411010742,300,0.0,0.0
2015-08-19 00:00:00-04:00,22.09212875366211,22.09212875366211,22.09212875366211,22.09212875366211,200,0.0,0.0
2015-08-20 00:00:00-04:00,22.092124766569988,22.092124766569988,22.010099411010742,22.010099411010742,26300,0.0,0.0
2015-08-21 00:00:00-04:00,22.101244147942992,22.329092025756836,22.101244147942992,22.329092025756836,3900,0.0,0.0
2015-08-24 00:00:00-04:00,22.192378997802734,22.192378997802734,22.192378997802734,22.192378997802734,800,0.0,0.0
2015-08-25 00:00:00-04:00,22.192378365218165,22.192378365218165,22.010099411010742,22.010099411010742,1000,0.0,0.0
2015-08-26 00:00:00-04:00,21.918962887973976,21.918962887973976,21.873394012451172,21.873394012451172,500,0.0,0.0
2015-08-27 00:00:00-04:00,21.873394012451172,21.873394012451172,21.873394012451172,21.873394012451172,0,0.0,0.0
2015-08-28 00:00:00-04:00,21.873394012451172,21.873394012451172,21.873394012451172,21.873394012451172,900,0.0,0.0
2015-08-31 00:00:00-04:00,21.873394012451172,21.873394012451172,21.873394012451172,21.873394012451172,0,0.0,0.0
2015-09-01 00:00:00-04:00,21.964529037475586,21.964529037475586,21.964529037475586,21.964529037475586,1000,0.0,0.0
2015-09-02 00:00:00-04:00,21.873394012451172,21.873394012451172,21.873394012451172,21.873394012451172,300,0.0,0.0
2015-09-03 00:00:00-04:00,21.873394012451172,21.873394012451172,21.873394012451172,21.873394012451172,0,0.0,0.0
2015-09-04 00:00:00-04:00,21.873394012451172,21.873394012451172,21.873394012451172,21.873394012451172,0,0.0,0.0
2015-09-08 00:00:00-04:00,21.873394012451172,21.873394012451172,21.873394012451172,21.873394012451172,0,0.0,0.0
2015-09-09 00:00:00-04:00,21.873394012451172,21.873394012451172,21.873394012451172,21.873394012451172,2200,0.0,0.0
2015-09-10 00:00:00-04:00,21.873394012451172,21.873394012451172,21.873394012451172,21.873394012451172,2300,0.0,0.0
2015-09-11 00:00:00-04:00,21.88250368753352,21.964529037475586,21.88250368753352,21.964529037475586,5200,0.0,0.0
2015-09-14 00:00:00-04:00,21.964529037475586,21.964529037475586,21.964529037475586,21.964529037475586,0,0.0,0.0
2015-09-15 00:00:00-04:00,21.964529037475586,21.964529037475586,21.964529037475586,21.964529037475586,0,0.0,0.0
2015-09-16 00:00:00-04:00,22.08365249633789,22.08365249633789,22.08365249633789,22.08365249633789,0,0.13,0.0
2015-09-17 00:00:00-04:00,22.08365249633789,22.08365249633789,22.08365249633789,22.08365249633789,0,0.0,0.0
2015-09-18 00:00:00-04:00,22.037837982177734,22.037837982177734,22.037837982177734,22.037837982177734,200,0.0,0.0
2015-09-21 00:00:00-04:00,22.450191497802734,22.450191497802734,22.450191497802734,22.450191497802734,900,0.0,0.0
2015-09-22 00:00:00-04:00,22.67927508451501,22.67927508451501,22.450191497802734,22.450191497802734,300,0.0,0.0
2015-09-23 00:00:00-04:00,22.450191497802734,22.450191497802734,22.450191497802734,22.450191497802734,0,0.0,0.0
2015-09-24 00:00:00-04:00,22.450191497802734,22.450191497802734,22.450191497802734,22.450191497802734,0,0.0,0.0
2015-09-25 00:00:00-04:00,22.450191497802734,22.450191497802734,22.450191497802734,22.450191497802734,0,0.0,0.0
2015-09-28 00:00:00-04:00,22.450191497802734,22.450191497802734,22.450191497802734,22.450191497802734,0,0.0,0.0
2015-09-29 00:00:00-04:00,22.450191497802734,22.450191497802734,22.450191497802734,22.450191497802734,0,0.0,0.0
2015-09-30 00:00:00-04:00,22.725088668704302,22.725088668704302,22.037837982177734,22.037837982177734,600,0.0,0.0
2015-10-01 00:00:00-04:00,22.908355712890625,22.908355712890625,22.908355712890625,22.908355712890625,500,0.0,0.0
2015-10-02 00:00:00-04:00,22.08365249633789,22.08365249633789,22.08365249633789,22.08365249633789,100,0.0,0.0
2015-10-05 00:00:00-04:00,22.08365249633789,22.08365249633789,22.08365249633789,22.08365249633789,1700,0.0,0.0
2015-10-06 00:00:00-04:00,22.083661079023376,22.083661079023376,21.717127640536248,21.808759689331055,1800,0.0,0.0
2015-10-07 00:00:00-04:00,21.900392532348633,21.900392532348633,21.900392532348633,21.900392532348633,500,0.0,0.0
2015-10-08 00:00:00-04:00,21.900392532348633,21.900392532348633,21.900392532348633,21.900392532348633,0,0.0,0.0
2015-10-09 00:00:00-04:00,21.900392532348633,21.900392532348633,21.900392532348633,21.900392532348633,0,0.0,0.0
2015-10-12 00:00:00-04:00,21.90039176151617,21.90039176151617,21.488042331098942,21.59800148010254,7000,0.0,0.0
2015-10-13 00:00:00-04:00,21.625490188598633,21.625490188598633,21.625490188598633,21.625490188598633,100,0.0,0.0
2015-10-14 00:00:00-04:00,21.625490188598633,21.625490188598633,21.625490188598633,21.625490188598633,0,0.0,0.0
2015-10-15 00:00:00-04:00,21.625490188598633,21.625490188598633,21.625490188598633,21.625490188598633,0,0.0,0.0
2015-10-16 00:00:00-04:00,21.625490188598633,21.625490188598633,21.625490188598633,21.625490188598633,0,0.0,0.0
2015-10-19 00:00:00-04:00,21.80875164592749,21.80875164592749,21.762935638427734,21.762935638427734,700,0.0,0.0
2015-10-20 00:00:00-04:00,21.762935638427734,21.762935638427734,21.762935638427734,21.762935638427734,0,0.0,0.0
2015-10-21 00:00:00-04:00,21.762935638427734,21.762935638427734,21.762935638427734,21.762935638427734,100,0.0,0.0
2015-10-22 00:00:00-04:00,21.762935638427734,21.762935638427734,21.762935638427734,21.762935638427734,0,0.0,0.0
2015-10-23 00:00:00-04:00,21.762935638427734,21.762935638427734,21.762935638427734,21.762935638427734,0,0.0,0.0
2015-10-26 00:00:00-04:00,21.762935638427734,21.762935638427734,21.762935638427734,21.762935638427734,0,0.0,0.0
2015-10-27 00:00:00-04:00,21.992018735386722,22.221102263880333,21.992018735386722,22.08365249633789,1100,0.0,0.0
2015-10-28 00:00:00-04:00,22.08365249633789,22.08365249633789,22.08365249633789,22.08365249633789,0,0.0,0.0
2015-10-29 00:00:00-04:00,22.083653891983875,22.22110366821289,21.992020125241623,22.22110366821289,1400,0.0,0.0
2015-10-30 00:00:00-04:00,22.450187211184158,22.450187211184158,22.22110366821289,22.22110366821289,2500,0.0,0.0
2015-11-02 00:00:00-05:00,22.450191497802734,22.450191497802734,22.450191497802734,22.450191497802734,200,0.0,0.0
2015-11-03 00:00:00-05:00,22.67927360534668,22.67927360534668,22.67927360534668,22.67927360534668,800,0.0,0.0
2015-11-04 00:00:00-05:00,22.67927360534668,22.67927360534668,22.67927360534668,22.67927360534668,0,0.0,0.0
2015-11-05 00:00:00-05:00,22.908355712890625,22.908355712890625,22.908355712890625,22.908355712890625,100,0.0,0.0
2015-11-06 00:00:00-05:00,23.137442065220252,23.366525650024414,23.137442065220252,23.366525650024414,200,0.0,0.0
2015-11-09 00:00:00-05:00,23.595606384277342,23.595606384277342,22.908355712890625,22.908355712890625,2300,0.0,0.0
2015-11-10 00:00:00-05:00,23.595610741341467,23.595610741341467,22.45019274418897,23.13744354248047,8900,0.0,0.0
2015-11-11 00:00:00-05:00,23.586448669433594,23.586448669433594,23.586448669433594,23.586448669433594,200,0.0,0.0
2015-11-12 00:00:00-05:00,22.908355712890625,22.908355712890625,22.908355712890625,22.908355712890625,4400,0.0,0.0
2015-11-13 00:00:00-05:00,23.366525650024414,23.366525650024414,23.366525650024414,23.366525650024414,800,0.0,0.0
2015-11-16 00:00:00-05:00,23.366525650024414,23.366525650024414,23.366525650024414,23.366525650024414,0,0.0,0.0
2015-11-17 00:00:00-05:00,23.366525650024414,23.366525650024414,23.366525650024414,23.366525650024414,0,0.0,0.0
2015-11-18 00:00:00-05:00,23.82469323222225,24.053776820993615,22.917522430419922,22.917522430419922,700,0.0,0.0
2015-11-19 00:00:00-05:00,22.999990463256836,22.999990463256836,22.999990463256836,22.999990463256836,800,0.0,0.0
2015-11-20 00:00:00-05:00,22.999990463256836,22.999990463256836,22.999990463256836,22.999990463256836,0,0.0,0.0
2015-11-23 00:00:00-05:00,23.366525650024414,23.366525650024414,23.366525650024414,23.366525650024414,400,0.0,0.0
2015-11-24 00:00:00-05:00,24.053775787353516,24.053775787353516,24.053775787353516,24.053775787353516,700,0.0,0.0
2015-11-25 00:00:00-05:00,24.282862666383,24.374496459960938,24.282862666383,24.374496459960938,400,0.0,0.0
2015-11-27 00:00:00-05:00,24.374496459960938,24.374496459960938,24.374496459960938,24.374496459960938,0,0.0,0.0
2015-11-30 00:00:00-05:00,24.374496459960938,24.374496459960938,24.374496459960938,24.374496459960938,0,0.0,0.0
2015-12-01 00:00:00-05:00,24.374496459960938,24.374496459960938,24.374496459960938,24.374496459960938,0,0.0,0.0
2015-12-02 00:00:00-05:00,24.374495328959,24.374495328959,23.13744354248047,23.13744354248047,1000,0.0,0.0
2015-12-03 00:00:00-05:00,23.366524233604174,23.366524233604174,23.045806884765625,23.045806884765625,2400,0.0,0.0
2015-12-04 00:00:00-05:00,23.13744354248047,23.13744354248047,23.13744354248047,23.13744354248047,300,0.0,0.0
2015-12-07 00:00:00-05:00,23.13744354248047,23.13744354248047,23.13744354248047,23.13744354248047,0,0.0,0.0
2015-12-08 00:00:00-05:00,23.183255282337775,23.183255282337775,22.908355712890625,22.908355712890625,2500,0.0,0.0
2015-12-09 00:00:00-05:00,22.908355712890625,22.908355712890625,22.908355712890625,22.908355712890625,0,0.0,0.0
2015-12-10 00:00:00-05:00,22.908355712890625,22.908355712890625,22.908355712890625,22.908355712890625,0,0.0,0.0
2015-12-11 00:00:00-05:00,23.0458054976142,23.0458054976142,22.908355712890625,22.908355712890625,1700,0.0,0.0
2015-12-14 00:00:00-05:00,23.13743927001953,23.13743927001953,22.908355712890625,22.908355712890625,700,0.0,0.0
2015-12-15 00:00:00-05:00,22.908355712890625,22.908355712890625,22.908355712890625,22.908355712890625,0,0.0,0.0
2015-12-16 00:00:00-05:00,22.908355712890625,22.908355712890625,22.908355712890625,22.908355712890625,0,0.0,0.0
2015-12-17 00:00:00-05:00,22.908355712890625,22.908355712890625,22.908355712890625,22.908355712890625,200,0.0,0.0
2015-12-18 00:00:00-05:00,22.908355712890625,22.908355712890625,22.908355712890625,22.908355712890625,0,0.0,0.0
2015-12-21 00:00:00-05:00,23.028100967407227,23.221536172219203,22.982045468234283,23.028100967407227,27600,0.13,0.0
2015-12-22 00:00:00-05:00,23.221542424044593,23.258388238826512,22.843881607055664,22.843881607055664,2200,0.0,0.0
2015-12-23 00:00:00-05:00,23.028100967407227,23.028100967407227,23.028100967407227,23.028100967407227,1000,0.0,0.0
2015-12-24 00:00:00-05:00,23.028100967407227,23.028100967407227,22.797819957733157,23.028100967407227,1600,0.0,0.0
2015-12-28 00:00:00-05:00,22.843876987629162,22.843876987629162,22.613595962524414,22.613595962524414,1100,0.0,0.0
2015-12-29 00:00:00-05:00,23.018889516191702,23.028100967407227,23.018889516191702,23.028100967407227,2700,0.0,0.0
2015-12-30 00:00:00-05:00,23.48866882324219,27.17316589355469,23.48866882324219,26.482322692871094,12500,0.0,0.0
2015-12-31 00:00:00-05:00,26.021757125854492,26.021757125854492,26.021757125854492,26.021757125854492,300,0.0,0.0
2016-01-04 00:00:00-05:00,25.791479092892086,25.791479092892086,24.640073776245117,24.640073776245117,1400,0.0,0.0
2016-01-05 00:00:00-05:00,24.133456170855514,24.133456170855514,23.6268367767334,23.6268367767334,1100,0.0,0.0
2016-01-06 00:00:00-05:00,23.6268367767334,23.6268367767334,23.6268367767334,23.6268367767334,0,0.0,0.0
2016-01-07 00:00:00-05:00,23.6268367767334,23.6268367767334,23.6268367767334,23.6268367767334,0,0.0,0.0
2016-01-08 00:00:00-05:00,23.958438873291016,23.958438873291016,23.958438873291016,23.958438873291016,1000,0.0,0.0
2016-01-11 00:00:00-05:00,23.995284047874776,23.995284047874776,23.497877907133525,23.728158950805664,5100,0.0,0.0
2016-01-12 00:00:00-05:00,23.672893524169922,23.672893524169922,23.672893524169922,23.672893524169922,100,0.0,0.0
2016-01-13 00:00:00-05:00,23.672893524169922,23.672893524169922,23.672893524169922,23.672893524169922,0,0.0,0.0
2016-01-14 00:00:00-05:00,23.94923013183282,24.824298858642578,23.94923013183282,24.824298858642578,2100,0.0,0.0
2016-01-15 00:00:00-05:00,24.824301998572384,24.870357513427734,24.824301998572384,24.870357513427734,300,0.0,0.0
2016-01-19 00:00:00-05:00,23.68209917894683,23.94922600462034,23.534719467163086,23.534719467163086,2600,0.0,0.0
2016-01-20 00:00:00-05:00,23.534722819831675,23.718948364257812,23.028105208017294,23.718948364257812,17400,0.0,0.0
2016-01-21 00:00:00-05:00,23.718948364257812,23.718948364257812,23.718948364257812,23.718948364257812,500,0.0,0.0
2016-01-22 00:00:00-05:00,23.718948364257812,23.718948364257812,23.718948364257812,23.718948364257812,100,0.0,0.0
2016-01-25 00:00:00-05:00,23.488670349121094,23.488670349121094,23.488670349121094,23.488670349121094,200,0.0,0.0
2016-01-26 00:00:00-05:00,23.488670349121094,23.488670349121094,23.488670349121094,23.488670349121094,100,0.0,0.0
2016-01-27 00:00:00-05:00,23.488670349121094,23.488670349121094,23.488670349121094,23.488670349121094,1100,0.0,0.0
2016-01-28 00:00:00-05:00,23.488670349121094,23.488670349121094,23.488670349121094,23.488670349121094,0,0.0,0.0
2016-01-29 00:00:00-05:00,23.488670349121094,23.488670349121094,23.488670349121094,23.488670349121094,0,0.0,0.0
2016-02-01 00:00:00-05:00,23.488670349121094,23.488670349121094,23.488670349121094,23.488670349121094,500,0.0,0.0
2016-02-02 00:00:00-05:00,23.488670349121094,23.488670349121094,23.488670349121094,23.488670349121094,0,0.0,0.0
2016-02-03 00:00:00-05:00,23.497878105026928,23.765003204345703,23.497878105026928,23.765003204345703,400,0.0,0.0
2016-02-04 00:00:00-05:00,23.765003204345703,23.765003204345703,23.765003204345703,23.765003204345703,0,0.0,0.0
2016-02-05 00:00:00-05:00,23.765003204345703,23.765003204345703,23.765003204345703,23.765003204345703,0,0.0,0.0
2016-02-08 00:00:00-05:00,23.765003204345703,23.765003204345703,23.765003204345703,23.765003204345703,0,0.0,0.0
2016-02-09 00:00:00-05:00,23.534719467163086,23.534719467163086,23.534719467163086,23.534719467163086,200,0.0,0.0
2016-02-10 00:00:00-05:00,23.534719467163086,23.534719467163086,23.534719467163086,23.534719467163086,500,0.0,0.0
2016-02-11 00:00:00-05:00,23.534719467163086,23.534719467163086,23.534719467163086,23.534719467163086,100,0.0,0.0
2016-02-12 00:00:00-05:00,23.672893524169922,23.672893524169922,23.672893524169922,23.672893524169922,2000,0.0,0.0
2016-02-16 00:00:00-05:00,23.672893524169922,23.672893524169922,23.672893524169922,23.672893524169922,0,0.0,0.0
2016-02-17 00:00:00-05:00,23.672893524169922,23.672893524169922,23.672893524169922,23.672893524169922,0,0.0,0.0
2016-02-18 00:00:00-05:00,24.870353806893313,25.146690368652344,24.870353806893313,25.146690368652344,500,0.0,0.0
2016-02-19 00:00:00-05:00,25.146690368652344,25.146690368652344,25.146690368652344,25.146690368652344,0,0.0,0.0
2016-02-22 00:00:00-05:00,25.146690368652344,25.146690368652344,25.146690368652344,25.146690368652344,0,0.0,0.0
2016-02-23 00:00:00-05:00,24.86113739013672,24.86113739013672,24.86113739013672,24.86113739013672,200,0.0,0.0
2016-02-24 00:00:00-05:00,24.870357513427734,24.870357513427734,24.870357513427734,24.870357513427734,100,0.0,0.0
2016-02-25 00:00:00-05:00,24.870357513427734,24.870357513427734,24.870357513427734,24.870357513427734,0,0.0,0.0
2016-02-26 00:00:00-05:00,24.870357513427734,24.870357513427734,24.870357513427734,24.870357513427734,0,0.0,0.0
2016-02-29 00:00:00-05:00,23.949228286743164,23.949228286743164,23.949228286743164,23.949228286743164,100,0.0,0.0
2016-03-01 00:00:00-05:00,24.8703524516179,24.8703524516179,23.949228286743164,23.949228286743164,3600,0.0,0.0
2016-03-02 00:00:00-05:00,23.949228286743164,23.949228286743164,23.949228286743164,23.949228286743164,0,0.0,0.0
2016-03-03 00:00:00-05:00,24.317676544189453,24.317676544189453,24.308465092112552,24.317676544189453,2900,0.0,0.0
2016-03-04 00:00:00-05:00,24.317676544189453,24.317676544189453,24.317676544189453,24.317676544189453,0,0.0,0.0
2016-03-07 00:00:00-05:00,24.363737106323242,24.363737106323242,24.363737106323242,24.363737106323242,2300,0.0,0.0
2016-03-08 00:00:00-05:00,24.363737106323242,24.363737106323242,24.363737106323242,24.363737106323242,2200,0.0,0.0
2016-03-09 00:00:00-05:00,24.363737106323242,24.363737106323242,24.363737106323242,24.363737106323242,0,0.0,0.0
2016-03-10 00:00:00-05:00,24.363737106323242,24.363737106323242,24.363737106323242,24.363737106323242,0,0.0,0.0
2016-03-11 00:00:00-05:00,24.48348045349121,24.48348045349121,24.48348045349121,24.48348045349121,5000,0.0,0.0
2016-03-14 00:00:00-04:00,24.48348045349121,24.48348045349121,24.48348045349121,24.48348045349121,0,0.0,0.0
2016-03-15 00:00:00-04:00,24.48348045349121,24.48348045349121,24.48348045349121,24.48348045349121,0,0.0,0.0
2016-03-16 00:00:00-04:00,24.48348045349121,24.48348045349121,24.48348045349121,24.48348045349121,0,0.0,0.0
2016-03-17 00:00:00-04:00,24.48348045349121,24.48348045349121,24.48348045349121,24.48348045349121,0,0.0,0.0
2016-03-18 00:00:00-04:00,24.501902869045423,24.547958374023438,24.501902869045423,24.547958374023438,24800,0.0,0.0
2016-03-21 00:00:00-04:00,24.631298065185547,24.631298065185547,24.631298065185547,24.631298065185547,200,0.14,0.0
2016-03-22 00:00:00-04:00,24.631298065185547,24.631298065185547,24.631298065185547,24.631298065185547,200,0.0,0.0
2016-03-23 00:00:00-04:00,24.668338854135662,24.67759895324707,24.668338854135662,24.67759895324707,3700,0.0,0.0
2016-03-24 00:00:00-04:00,24.72389783510826,25.001693725585938,24.72389783510826,25.001693725585938,2600,0.0,0.0
2016-03-28 00:00:00-04:00,25.233192443847656,25.233192443847656,25.233192443847656,25.233192443847656,200,0.0,0.0
2016-03-29 00:00:00-04:00,25.26097297668457,25.26097297668457,25.26097297668457,25.26097297668457,600,0.0,0.0
2016-03-30 00:00:00-04:00,25.26097297668457,25.26097297668457,25.26097297668457,25.26097297668457,0,0.0,0.0
2016-03-31 00:00:00-04:00,25.001693725585938,25.001693725585938,25.001693725585938,25.001693725585938,600,0.0,0.0
2016-04-01 00:00:00-04:00,25.001693725585938,25.001693725585938,24.35350095956043,25.001693725585938,10200,0.0,0.0
2016-04-04 00:00:00-04:00,25.001693725585938,25.001693725585938,25.001693725585938,25.001693725585938,0,0.0,0.0
2016-04-05 00:00:00-04:00,25.001693725585938,25.001693725585938,25.001693725585938,25.001693725585938,0,0.0,0.0
2016-04-06 00:00:00-04:00,25.001693725585938,25.001693725585938,25.001693725585938,25.001693725585938,0,0.0,0.0
2016-04-07 00:00:00-04:00,25.001693725585938,25.001693725585938,25.001693725585938,25.001693725585938,0,0.0,0.0
2016-04-08 00:00:00-04:00,25.001693725585938,25.001693725585938,25.001693725585938,25.001693725585938,0,0.0,0.0
2016-04-11 00:00:00-04:00,25.09429359436035,25.09429359436035,25.09429359436035,25.09429359436035,100,0.0,0.0
2016-04-12 00:00:00-04:00,25.09429359436035,25.09429359436035,25.09429359436035,25.09429359436035,0,0.0,0.0
2016-04-13 00:00:00-04:00,25.001693725585938,25.001693725585938,25.001693725585938,25.001693725585938,400,0.0,0.0
2016-04-14 00:00:00-04:00,25.001693725585938,25.001693725585938,25.001693725585938,25.001693725585938,0,0.0,0.0
2016-04-15 00:00:00-04:00,25.464691162109375,25.464691162109375,25.464691162109375,25.464691162109375,200,0.0,0.0
2016-04-18 00:00:00-04:00,25.464691162109375,25.464691162109375,25.464691162109375,25.464691162109375,500,0.0,0.0
2016-04-19 00:00:00-04:00,25.464691162109375,25.464691162109375,25.464691162109375,25.464691162109375,0,0.0,0.0
2016-04-20 00:00:00-04:00,25.464691162109375,25.464691162109375,25.464691162109375,25.464691162109375,0,0.0,0.0
2016-04-21 00:00:00-04:00,25.464691162109375,25.464691162109375,25.464691162109375,25.464691162109375,0,0.0,0.0
2016-04-22 00:00:00-04:00,26.020278930664062,26.020278930664062,26.020278930664062,26.020278930664062,300,0.0,0.0
2016-04-25 00:00:00-04:00,26.390676498413086,26.390676498413086,26.390676498413086,26.390676498413086,200,0.0,0.0
2016-04-26 00:00:00-04:00,26.390676498413086,26.390676498413086,26.390676498413086,26.390676498413086,0,0.0,0.0
2016-04-27 00:00:00-04:00,26.390676498413086,26.390676498413086,26.390676498413086,26.390676498413086,0,0.0,0.0
2016-04-28 00:00:00-04:00,26.390676498413086,26.390676498413086,26.390676498413086,26.390676498413086,0,0.0,0.0
2016-04-29 00:00:00-04:00,26.390676498413086,26.390676498413086,26.390676498413086,26.390676498413086,0,0.0,0.0
2016-05-02 00:00:00-04:00,25.473952004701193,26.159183502197266,25.473952004701193,26.159183502197266,1600,0.0,0.0
2016-05-03 00:00:00-04:00,26.85367202758789,26.85367202758789,26.85367202758789,26.85367202758789,600,0.0,0.0
2016-05-04 00:00:00-04:00,26.85367202758789,26.85367202758789,26.85367202758789,26.85367202758789,0,0.0,0.0
2016-05-05 00:00:00-04:00,26.85367202758789,26.85367202758789,26.85367202758789,26.85367202758789,200,0.0,0.0
2016-05-06 00:00:00-04:00,26.85367202758789,26.85367202758789,26.85367202758789,26.85367202758789,200,0.0,0.0
2016-05-09 00:00:00-04:00,26.853672279808904,27.779660979112663,25.92768358050515,26.89997100830078,3400,0.0,0.0
2016-05-10 00:00:00-04:00,26.85367202758789,27.77966071819437,26.85367202758789,26.85367202758789,1200,0.0,0.0
2016-05-11 00:00:00-04:00,27.779662535959133,27.779662535959133,25.927685033561858,25.973983764648438,1700,0.0,0.0
2016-05-12 00:00:00-04:00,26.112882614135742,26.112882614135742,26.112882614135742,26.112882614135742,100,0.0,0.0
2016-05-13 00:00:00-04:00,26.112882614135742,26.112882614135742,26.112882614135742,26.112882614135742,100,0.0,0.0
2016-05-16 00:00:00-04:00,26.020278930664062,26.020278930664062,26.020278930664062,26.020278930664062,300,0.0,0.0
2016-05-17 00:00:00-04:00,26.159174229225567,26.205472946166992,26.159174229225567,26.205472946166992,1000,0.0,0.0
2016-05-18 00:00:00-04:00,26.298081468441264,26.298081468441264,26.159183502197266,26.159183502197266,800,0.0,0.0
2016-05-19 00:00:00-04:00,26.38141632080078,26.38141632080078,26.38141632080078,26.38141632080078,500,0.0,0.0
2016-05-20 00:00:00-04:00,26.298077280269737,26.390676498413086,26.298077280269737,26.390676498413086,1600,0.0,0.0
2016-05-23 00:00:00-04:00,26.390676498413086,26.390676498413086,26.390676498413086,26.390676498413086,0,0.0,0.0
2016-05-24 00:00:00-04:00,26.298077280269737,26.390676498413086,26.298077280269737,26.390676498413086,1300,0.0,0.0
2016-05-25 00:00:00-04:00,25.927686303062778,26.159183502197266,25.927686303062778,26.159183502197266,8200,0.0,0.0
2016-05-26 00:00:00-04:00,26.159183502197266,26.159183502197266,26.159183502197266,26.159183502197266,0,0.0,0.0
2016-05-27 00:00:00-04:00,26.159183502197266,26.159183502197266,26.159183502197266,26.159183502197266,0,0.0,0.0
2016-05-31 00:00:00-04:00,25.93694297527054,25.93694297527054,25.927682876586914,25.927682876586914,4700,0.0,0.0
2016-06-01 00:00:00-04:00,25.93694496154785,25.93694496154785,25.93694496154785,25.93694496154785,1600,0.0,0.0
2016-06-02 00:00:00-04:00,25.93694496154785,25.93694496154785,25.93694496154785,25.93694496154785,0,0.0,0.0
2016-06-03 00:00:00-04:00,25.844343754617512,25.927682876586914,25.844343754617512,25.927682876586914,300,0.0,0.0
2016-06-06 00:00:00-04:00,25.92768414032754,25.92768414032754,25.835084915161133,25.835084915161133,900,0.0,0.0
2016-06-07 00:00:00-04:00,25.927682876586914,25.927682876586914,25.927682876586914,25.927682876586914,600,0.0,0.0
2016-06-08 00:00:00-04:00,25.927682876586914,25.927682876586914,25.927682876586914,25.927682876586914,0,0.0,0.0
2016-06-09 00:00:00-04:00,25.788785934448242,25.788785934448242,25.788785934448242,25.788785934448242,2000,0.0,0.0
2016-06-10 00:00:00-04:00,25.788785934448242,25.788785934448242,25.788785934448242,25.788785934448242,0,0.0,0.0
2016-06-13 00:00:00-04:00,25.788785934448242,25.788785934448242,25.788785934448242,25.788785934448242,0,0.0,0.0
2016-06-14 00:00:00-04:00,25.927682876586914,26.11288131789297,25.927682876586914,25.927682876586914,4900,0.0,0.0
2016-06-15 00:00:00-04:00,26.11288131789297,26.11288131789297,25.927682876586914,25.927682876586914,900,0.0,0.0
2016-06-16 00:00:00-04:00,25.927686303062778,26.159183502197266,25.927686303062778,26.159183502197266,700,0.0,0.0
2016-06-17 00:00:00-04:00,26.159183502197266,26.159183502197266,26.159183502197266,26.159183502197266,0,0.0,0.0
2016-06-20 00:00:00-04:00,26.15918134366891,26.15918134366891,26.112882614135742,26.112882614135742,4000,0.0,0.0
2016-06-21 00:00:00-04:00,26.112882614135742,26.112882614135742,26.112882614135742,26.112882614135742,0,0.0,0.0
2016-06-22 00:00:00-04:00,26.112882614135742,26.112882614135742,26.112882614135742,26.112882614135742,0,0.0,0.0
2016-06-23 00:00:00-04:00,26.39067852370138,26.39067852370138,26.112882614135742,26.112882614135742,3200,0.0,0.0
2016-06-24 00:00:00-04:00,26.159184047381324,26.159184047381324,25.372093200683594,25.372093200683594,2200,0.0,0.0
2016-06-27 00:00:00-04:00,25.688545118888346,26.060842514038086,25.688545118888346,26.060842514038086,1800,0.14,0.0
2016-06-28 00:00:00-04:00,26.060842514038086,26.060842514038086,26.060842514038086,26.060842514038086,0,0.0,0.0
2016-06-29 00:00:00-04:00,26.060842514038086,26.060842514038086,26.060842514038086,26.060842514038086,0,0.0,0.0
2016-06-30 00:00:00-04:00,26.060842514038086,26.060842514038086,26.060842514038086,26.060842514038086,0,0.0,0.0
2016-07-01 00:00:00-04:00,26.24698829650879,26.24698829650879,26.24698829650879,26.24698829650879,200,0.0,0.0
2016-07-05 00:00:00-04:00,26.060842514038086,26.060842514038086,26.060842514038086,26.060842514038086,200,0.0,0.0
2016-07-06 00:00:00-04:00,26.060842514038086,26.060842514038086,26.060842514038086,26.060842514038086,0,0.0,0.0
2016-07-07 00:00:00-04:00,26.060842514038086,26.060842514038086,26.060842514038086,26.060842514038086,0,0.0,0.0
2016-07-08 00:00:00-04:00,26.10737902271155,26.10737902271155,26.060842514038086,26.060842514038086,1300,0.0,0.0
2016-07-11 00:00:00-04:00,26.153915405273438,26.153915405273438,26.153915405273438,26.153915405273438,500,0.0,0.0
2016-07-12 00:00:00-04:00,26.060842514038086,26.060842514038086,26.060842514038086,26.060842514038086,1500,0.0,0.0
2016-07-13 00:00:00-04:00,26.293525490154494,26.293525490154494,26.284217834472656,26.284217834472656,700,0.0,0.0
2016-07-14 00:00:00-04:00,26.284217834472656,26.284217834472656,26.284217834472656,26.284217834472656,0,0.0,0.0
2016-07-15 00:00:00-04:00,26.284217834472656,26.284217834472656,26.284217834472656,26.284217834472656,0,0.0,0.0
2016-07-18 00:00:00-04:00,26.293527603149414,26.293527603149414,26.293527603149414,26.293527603149414,1500,0.0,0.0
2016-07-19 00:00:00-04:00,26.293527603149414,26.293527603149414,26.293527603149414,26.293527603149414,0,0.0,0.0
2016-07-20 00:00:00-04:00,26.340063095092773,26.340063095092773,26.340063095092773,26.340063095092773,200,0.0,0.0
2016-07-21 00:00:00-04:00,26.340063095092773,26.340063095092773,26.340063095092773,26.340063095092773,0,0.0,0.0
2016-07-22 00:00:00-04:00,26.805436911968716,27.922330856323242,26.805436911968716,27.922330856323242,700,0.0,0.0
2016-07-25 00:00:00-04:00,27.922330856323242,27.922330856323242,27.922330856323242,27.922330856323242,0,0.0,0.0
2016-07-26 00:00:00-04:00,27.22426986694336,27.22426986694336,27.22426986694336,27.22426986694336,600,0.0,0.0
2016-07-27 00:00:00-04:00,27.22426986694336,27.22426986694336,27.22426986694336,27.22426986694336,0,0.0,0.0
2016-07-28 00:00:00-04:00,26.991588592529297,26.991588592529297,26.991588592529297,26.991588592529297,2000,0.0,0.0
2016-07-29 00:00:00-04:00,27.224270788289733,27.45695686340332,27.224270788289733,27.45695686340332,700,0.0,0.0
2016-08-01 00:00:00-04:00,27.22426986694336,27.22426986694336,27.22426986694336,27.22426986694336,800,0.0,0.0
2016-08-02 00:00:00-04:00,27.22426986694336,27.22426986694336,27.22426986694336,27.22426986694336,0,0.0,0.0
2016-08-03 00:00:00-04:00,27.22426986694336,27.22426986694336,27.22426986694336,27.22426986694336,0,0.0,0.0
2016-08-04 00:00:00-04:00,27.22426986694336,27.22426986694336,27.22426986694336,27.22426986694336,0,0.0,0.0
2016-08-05 00:00:00-04:00,27.22426986694336,27.22426986694336,27.22426986694336,27.22426986694336,0,0.0,0.0
2016-08-08 00:00:00-04:00,27.59656524658203,27.59656524658203,27.59656524658203,27.59656524658203,700,0.0,0.0
2016-08-09 00:00:00-04:00,27.59656524658203,27.59656524658203,27.59656524658203,27.59656524658203,0,0.0,0.0
2016-08-10 00:00:00-04:00,27.59656524658203,27.59656524658203,27.59656524658203,27.59656524658203,0,0.0,0.0
2016-08-11 00:00:00-04:00,27.689647674560547,27.689647674560547,27.689647674560547,27.689647674560547,600,0.0,0.0
2016-08-12 00:00:00-04:00,27.689647674560547,27.689647674560547,27.689647674560547,27.689647674560547,0,0.0,0.0
2016-08-15 00:00:00-04:00,27.689647674560547,27.689647674560547,27.689647674560547,27.689647674560547,0,0.0,0.0
2016-08-16 00:00:00-04:00,27.689647674560547,27.689647674560547,27.689647674560547,27.689647674560547,0,0.0,0.0
2016-08-17 00:00:00-04:00,27.922330856323242,27.922330856323242,27.922330856323242,27.922330856323242,1000,0.0,0.0
2016-08-18 00:00:00-04:00,27.922330856323242,27.922330856323242,27.922330856323242,27.922330856323242,0,0.0,0.0
2016-08-19 00:00:00-04:00,27.922330856323242,27.922330856323242,27.922330856323242,27.922330856323242,1200,0.0,0.0
2016-08-22 00:00:00-04:00,27.922330856323242,27.922330856323242,27.922330856323242,27.922330856323242,0,0.0,0.0
2016-08-23 00:00:00-04:00,27.922330856323242,27.922330856323242,27.922330856323242,27.922330856323242,0,0.0,0.0
2016-08-24 00:00:00-04:00,28.853074821669523,30.714563519841747,28.182939529418945,28.182939529418945,600,0.0,0.0
2016-08-25 00:00:00-04:00,28.182939529418945,28.182939529418945,28.182939529418945,28.182939529418945,0,0.0,0.0
2016-08-26 00:00:00-04:00,28.182939529418945,28.182939529418945,28.182939529418945,28.182939529418945,0,0.0,0.0
2016-08-29 00:00:00-04:00,28.182939529418945,28.182939529418945,28.182939529418945,28.182939529418945,0,0.0,0.0
2016-08-30 00:00:00-04:00,28.182939529418945,28.182939529418945,28.182939529418945,28.182939529418945,0,0.0,0.0
2016-08-31 00:00:00-04:00,28.182939529418945,28.182939529418945,28.182939529418945,28.182939529418945,0,0.0,0.0
2016-09-01 00:00:00-04:00,28.182939529418945,28.182939529418945,28.182939529418945,28.182939529418945,0,0.0,0.0
2016-09-02 00:00:00-04:00,28.294626235961914,28.294626235961914,28.294626235961914,28.294626235961914,100,0.0,0.0
2016-09-06 00:00:00-04:00,27.92233014935578,27.92233014935578,27.698951721191406,27.698951721191406,4500,0.0,0.0
2016-09-07 00:00:00-04:00,27.922330856323242,27.922330856323242,27.922330856323242,27.922330856323242,200,0.0,0.0
2016-09-08 00:00:00-04:00,27.922330856323242,27.922330856323242,27.922330856323242,27.922330856323242,0,0.0,0.0
2016-09-09 00:00:00-04:00,27.922330856323242,27.922330856323242,27.922330856323242,27.922330856323242,0,0.0,0.0
2016-09-12 00:00:00-04:00,27.922330856323242,27.922330856323242,27.922330856323242,27.922330856323242,0,0.0,0.0
2016-09-13 00:00:00-04:00,27.922330856323242,27.922330856323242,27.922330856323242,27.922330856323242,0,0.0,0.0
2016-09-14 00:00:00-04:00,27.922330856323242,27.922330856323242,27.922330856323242,27.922330856323242,0,0.0,0.0
2016-09-15 00:00:00-04:00,27.922330856323242,27.922330856323242,27.922330856323242,27.922330856323242,0,0.0,0.0
2016-09-16 00:00:00-04:00,28.061939239501953,28.061939239501953,28.061939239501953,28.061939239501953,100,0.0,0.0
2016-09-19 00:00:00-04:00,28.061939239501953,28.061939239501953,28.061939239501953,28.061939239501953,0,0.0,0.0
2016-09-20 00:00:00-04:00,28.061939239501953,28.061939239501953,28.061939239501953,28.061939239501953,600,0.0,0.0
2016-09-21 00:00:00-04:00,28.061939239501953,28.061939239501953,28.061939239501953,28.061939239501953,0,0.0,0.0
2016-09-22 00:00:00-04:00,27.922330856323242,27.922330856323242,27.922330856323242,27.922330856323242,100,0.0,0.0
2016-09-23 00:00:00-04:00,27.922330856323242,27.922330856323242,27.922330856323242,27.922330856323242,0,0.0,0.0
2016-09-26 00:00:00-04:00,28.06264305114746,28.06264305114746,28.06264305114746,28.06264305114746,0,0.15,0.0
2016-09-27 00:00:00-04:00,28.137475967407227,28.137475967407227,28.137475967407227,28.137475967407227,100,0.0,0.0
2016-09-28 00:00:00-04:00,28.34326639543511,28.57712173461914,28.34326639543511,28.57712173461914,200,0.0,0.0
2016-09-29 00:00:00-04:00,28.3432674407959,28.3432674407959,28.3432674407959,28.3432674407959,200,0.0,0.0
2016-09-30 00:00:00-04:00,28.3432674407959,28.3432674407959,28.3432674407959,28.3432674407959,0,0.0,0.0
2016-10-03 00:00:00-04:00,28.3432674407959,28.3432674407959,28.3432674407959,28.3432674407959,0,0.0,0.0
2016-10-04 00:00:00-04:00,28.3432674407959,28.3432674407959,28.3432674407959,28.3432674407959,0,0.0,0.0
2016-10-05 00:00:00-04:00,28.05328941345215,28.05328941345215,28.05328941345215,28.05328941345215,300,0.0,0.0
2016-10-06 00:00:00-04:00,28.05328941345215,28.05328941345215,28.05328941345215,28.05328941345215,0,0.0,0.0
2016-10-07 00:00:00-04:00,28.06264305114746,28.06264305114746,28.06264305114746,28.06264305114746,1400,0.0,0.0
2016-10-10 00:00:00-04:00,28.06264305114746,28.06264305114746,28.06264305114746,28.06264305114746,0,0.0,0.0
2016-10-11 00:00:00-04:00,27.52009869019227,28.06264305114746,27.52009869019227,28.06264305114746,2000,0.0,0.0
2016-10-12 00:00:00-04:00,28.06264305114746,28.06264305114746,28.06264305114746,28.06264305114746,0,0.0,0.0
2016-10-13 00:00:00-04:00,28.06264305114746,28.06264305114746,28.06264305114746,28.06264305114746,0,0.0,0.0
2016-10-14 00:00:00-04:00,27.82879066467285,27.82879066467285,27.82879066467285,27.82879066467285,300,0.0,0.0
2016-10-17 00:00:00-04:00,27.82879066467285,27.82879066467285,27.82879066467285,27.82879066467285,0,0.0,0.0
2016-10-18 00:00:00-04:00,27.82879066467285,27.82879066467285,27.82879066467285,27.82879066467285,0,0.0,0.0
2016-10-19 00:00:00-04:00,27.82879066467285,27.82879066467285,27.82879066467285,27.82879066467285,0,0.0,0.0
2016-10-20 00:00:00-04:00,27.82879066467285,27.82879066467285,27.82879066467285,27.82879066467285,0,0.0,0.0
2016-10-21 00:00:00-04:00,27.82879066467285,27.82879066467285,27.82879066467285,27.82879066467285,0,0.0,0.0
2016-10-24 00:00:00-04:00,27.875557468361023,27.875557468361023,27.78201675415039,27.78201675415039,700,0.0,0.0
2016-10-25 00:00:00-04:00,27.78201675415039,27.78201675415039,27.78201675415039,27.78201675415039,1900,0.0,0.0
2016-10-26 00:00:00-04:00,27.78201675415039,27.78201675415039,27.78201675415039,27.78201675415039,0,0.0,0.0
2016-10-27 00:00:00-04:00,27.78201675415039,27.78201675415039,27.78201675415039,27.78201675415039,0,0.0,0.0
2016-10-28 00:00:00-04:00,27.78201675415039,27.78201675415039,27.78201675415039,27.78201675415039,0,0.0,0.0
2016-10-31 00:00:00-04:00,27.78201675415039,27.78201675415039,27.78201675415039,27.78201675415039,0,0.0,0.0
2016-11-01 00:00:00-04:00,27.78201675415039,27.78201675415039,27.78201675415039,27.78201675415039,0,0.0,0.0
2016-11-02 00:00:00-04:00,27.78201675415039,27.78201675415039,27.78201675415039,27.78201675415039,0,0.0,0.0
2016-11-03 00:00:00-04:00,27.82879066467285,27.82879066467285,27.82879066467285,27.82879066467285,1700,0.0,0.0
2016-11-04 00:00:00-04:00,27.763306454136835,27.763306454136835,27.753952026367188,27.753952026367188,300,0.0,0.0
2016-11-07 00:00:00-05:00,27.828784296154215,27.969097137451172,27.828784296154215,27.969097137451172,700,0.0,0.0
2016-11-08 00:00:00-05:00,27.969097137451172,27.969097137451172,27.969097137451172,27.969097137451172,0,0.0,0.0
2016-11-09 00:00:00-05:00,27.969097137451172,27.969097137451172,27.969097137451172,27.969097137451172,0,0.0,0.0
2016-11-10 00:00:00-05:00,27.969097137451172,27.969097137451172,27.969097137451172,27.969097137451172,0,0.0,0.0
2016-11-11 00:00:00-05:00,27.969102046810807,28.156187057495117,27.969102046810807,28.156187057495117,600,0.0,0.0
2016-11-14 00:00:00-05:00,28.156187057495117,28.156187057495117,28.156187057495117,28.156187057495117,0,0.0,0.0
2016-11-15 00:00:00-05:00,28.99806022644043,28.99806022644043,28.99806022644043,28.99806022644043,200,0.0,0.0
2016-11-16 00:00:00-05:00,28.99806022644043,28.99806022644043,28.99806022644043,28.99806022644043,0,0.0,0.0
2016-11-17 00:00:00-05:00,28.99806022644043,28.99806022644043,28.99806022644043,28.99806022644043,500,0.0,0.0
2016-11-18 00:00:00-05:00,28.99806022644043,28.99806022644043,28.99806022644043,28.99806022644043,500,0.0,0.0
2016-11-21 00:00:00-05:00,28.99806022644043,28.99806022644043,28.99806022644043,28.99806022644043,0,0.0,0.0
2016-11-22 00:00:00-05:00,28.99806022644043,28.99806022644043,28.99806022644043,28.99806022644043,0,0.0,0.0
2016-11-23 00:00:00-05:00,28.99806022644043,28.99806022644043,28.99806022644043,28.99806022644043,0,0.0,0.0
2016-11-25 00:00:00-05:00,28.99806022644043,28.99806022644043,28.99806022644043,28.99806022644043,0,0.0,0.0
2016-11-28 00:00:00-05:00,28.99806022644043,28.99806022644043,28.99806022644043,28.99806022644043,0,0.0,0.0
2016-11-29 00:00:00-05:00,30.40119171142578,30.868902353140026,30.40119171142578,30.40119171142578,2100,0.0,0.0
2016-11-30 00:00:00-05:00,30.401202529223998,31.336624145507812,30.401202529223998,31.336624145507812,2800,0.0,0.0
2016-12-01 00:00:00-05:00,29.46577262878418,29.46577262878418,29.46577262878418,29.46577262878418,400,0.0,0.0
2016-12-02 00:00:00-05:00,29.699628435316,30.401194461347085,29.699628435316,29.793170928955078,1600,0.0,0.0
2016-12-05 00:00:00-05:00,29.980253219604492,29.980253219604492,29.980253219604492,29.980253219604492,500,0.0,0.0
2016-12-06 00:00:00-05:00,29.98025127771777,30.8689022064209,29.699625607692834,30.8689022064209,2600,0.0,0.0
2016-12-07 00:00:00-05:00,31.33661284591212,31.33661284591212,30.8689022064209,30.8689022064209,1000,0.0,0.0
2016-12-08 00:00:00-05:00,30.8689022064209,30.8689022064209,30.8689022064209,30.8689022064209,0,0.0,0.0
2016-12-09 00:00:00-05:00,29.980253219604492,29.980253219604492,29.980253219604492,29.980253219604492,3200,0.0,0.0
2016-12-12 00:00:00-05:00,29.98025255318513,30.02702290545423,29.94283484403019,29.989608764648438,49200,0.0,0.0
2016-12-13 00:00:00-05:00,30.86890786281635,30.86890786281635,30.027027130126953,30.027027130126953,1200,0.0,0.0
2016-12-14 00:00:00-05:00,30.027027130126953,30.027027130126953,30.027027130126953,30.027027130126953,0,0.0,0.0
2016-12-15 00:00:00-05:00,30.027027130126953,30.027027130126953,30.027027130126953,30.027027130126953,0,0.0,0.0
2016-12-16 00:00:00-05:00,30.214109420776367,30.214109420776367,30.214109420776367,30.214109420776367,800,0.0,0.0
2016-12-19 00:00:00-05:00,30.214109420776367,30.214109420776367,30.214109420776367,30.214109420776367,200,0.0,0.0
2016-12-20 00:00:00-05:00,30.8689022064209,30.8689022064209,30.8689022064209,30.8689022064209,400,0.0,0.0
2016-12-21 00:00:00-05:00,31.055987323495525,31.055987323495525,30.40119171142578,30.40119171142578,500,0.0,0.0
2016-12-22 00:00:00-05:00,30.494735717773438,30.494735717773438,30.494735717773438,30.494735717773438,500,0.0,0.0
2016-12-23 00:00:00-05:00,30.6451416015625,30.6451416015625,30.6451416015625,30.6451416015625,0,0.16,0.0
2016-12-27 00:00:00-05:00,31.25617027282715,31.303171315445972,31.25617027282715,31.25617027282715,600,0.0,0.0
2016-12-28 00:00:00-05:00,31.021156311035156,31.021156311035156,31.021156311035156,31.021156311035156,500,0.0,0.0
2016-12-29 00:00:00-05:00,31.021156311035156,31.021156311035156,31.021156311035156,31.021156311035156,0,0.0,0.0
2016-12-30 00:00:00-05:00,31.115160080786364,31.331371307373047,31.115160080786364,31.331371307373047,1500,0.0,0.0
2017-01-03 00:00:00-05:00,31.11515998840332,31.491175458103672,31.11515998840332,31.11515998840332,7800,0.0,0.0
2017-01-04 00:00:00-05:00,31.17156410217285,31.17156410217285,31.17156410217285,31.17156410217285,3800,0.0,0.0
2017-01-05 00:00:00-05:00,31.491184234619137,31.491184234619137,31.303176447371655,31.49118423461914,1600,0.0,0.0
2017-01-06 00:00:00-05:00,31.397174374110612,31.538177490234375,31.397174374110612,31.538177490234375,700,0.0,0.0
2017-01-09 00:00:00-05:00,31.726181911804883,32.1961994216094,31.303165435791016,31.303165435791016,1200,0.0,0.0
2017-01-10 00:00:00-05:00,31.848384857177734,31.848384857177734,31.848384857177734,31.848384857177734,300,0.0,0.0
2017-01-11 00:00:00-05:00,31.848384857177734,31.848384857177734,31.848384857177734,31.848384857177734,0,0.0,0.0
2017-01-12 00:00:00-05:00,31.491173156902626,31.491173156902626,31.303165435791016,31.303165435791016,19600,0.0,0.0
2017-01-13 00:00:00-05:00,31.538176426600035,32.00819396972656,31.538176426600035,32.00819396972656,500,0.0,0.0
2017-01-17 00:00:00-05:00,32.00819396972656,32.00819396972656,32.00819396972656,32.00819396972656,0,0.0,0.0
2017-01-18 00:00:00-05:00,32.00819396972656,32.00819396972656,32.00819396972656,32.00819396972656,0,0.0,0.0
2017-01-19 00:00:00-05:00,32.00819396972656,32.00819396972656,32.00819396972656,32.00819396972656,300,0.0,0.0
2017-01-20 00:00:00-05:00,31.491184234619137,31.491184234619137,31.491184234619137,31.49118423461914,300,0.0,0.0
2017-01-23 00:00:00-05:00,31.491184234619137,31.491184234619137,31.491184234619137,31.49118423461914,0,0.0,0.0
2017-01-24 00:00:00-05:00,31.303165435791016,31.303165435791016,31.303165435791016,31.303165435791016,19900,0.0,0.0
2017-01-25 00:00:00-05:00,31.303165435791016,31.303165435791016,31.303165435791016,31.303165435791016,0,0.0,0.0
2017-01-26 00:00:00-05:00,31.867190858358168,32.00819396972656,31.538176426600035,32.00819396972656,2100,0.0,0.0
2017-01-27 00:00:00-05:00,32.00819396972656,32.00819396972656,32.00819396972656,32.00819396972656,0,0.0,0.0
2017-01-30 00:00:00-05:00,31.726188098683078,31.961196899414062,31.585181383864597,31.961196899414062,6000,0.0,0.0
2017-01-31 00:00:00-05:00,31.63218116760254,31.63218116760254,31.63218116760254,31.63218116760254,300,0.0,0.0
2017-02-01 00:00:00-05:00,31.961196899414062,31.961196899414062,31.961196899414062,31.961196899414062,400,0.0,0.0
2017-02-02 00:00:00-05:00,32.00819396972656,32.00819396972656,32.00819396972656,32.00819396972656,400,0.0,0.0
2017-02-03 00:00:00-05:00,32.00819381783656,32.19620155138487,32.00819381783656,32.05519485473633,1300,0.0,0.0
2017-02-06 00:00:00-05:00,32.196197509765625,32.196197509765625,32.196197509765625,32.196197509765625,300,0.0,0.0
2017-02-07 00:00:00-05:00,32.149200063279785,32.33720779418945,32.149200063279785,32.33720779418945,1400,0.0,0.0
2017-02-08 00:00:00-05:00,32.33720779418945,32.33720779418945,32.33720779418945,32.33720779418945,0,0.0,0.0
2017-02-09 00:00:00-05:00,32.337207492605444,32.48761295874062,32.149199763449175,32.431209564208984,3100,0.0,0.0
2017-02-10 00:00:00-05:00,32.431209564208984,32.431209564208984,32.431209564208984,32.431209564208984,1500,0.0,0.0
2017-02-13 00:00:00-05:00,32.243202209472656,32.243202209472656,32.243202209472656,32.243202209472656,100,0.0,0.0
2017-02-14 00:00:00-05:00,32.431209564208984,32.431209564208984,32.431209564208984,32.431209564208984,1000,0.0,0.0
2017-02-15 00:00:00-05:00,32.431209564208984,32.431209564208984,32.431209564208984,32.431209564208984,0,0.0,0.0
2017-02-16 00:00:00-05:00,32.19619765596897,32.19619765596897,32.14919662475586,32.14919662475586,10000,0.0,0.0
2017-02-17 00:00:00-05:00,32.24321202084705,32.90123748779297,32.196210970197406,32.90123748779297,8400,0.0,0.0
2017-02-21 00:00:00-05:00,32.90123748779297,32.90123748779297,32.90123748779297,32.90123748779297,200,0.0,0.0
2017-02-22 00:00:00-05:00,32.90123748779297,32.90123748779297,32.90123748779297,32.90123748779297,2200,0.0,0.0
2017-02-23 00:00:00-05:00,32.90123748779297,32.90123748779297,32.90123748779297,32.90123748779297,0,0.0,0.0
2017-02-24 00:00:00-05:00,32.90123748779297,32.90123748779297,32.90123748779297,32.90123748779297,100,0.0,0.0
2017-02-27 00:00:00-05:00,32.431209564208984,32.431209564208984,32.431209564208984,32.431209564208984,6100,0.0,0.0
2017-02-28 00:00:00-05:00,32.431209263496584,32.525211334228516,32.33720719276466,32.525211334228516,8000,0.0,0.0
2017-03-01 00:00:00-05:00,32.90123748779297,32.90123748779297,32.90123748779297,32.90123748779297,300,0.0,0.0
2017-03-02 00:00:00-05:00,32.80722427368164,32.80722427368164,32.80722427368164,32.80722427368164,400,0.0,0.0
2017-03-03 00:00:00-05:00,32.8072142536878,32.901216294435564,32.77901077270508,32.77901077270508,8000,0.0,0.0
2017-03-06 00:00:00-05:00,32.431209564208984,32.431209564208984,32.431209564208984,32.431209564208984,600,0.0,0.0
2017-03-07 00:00:00-05:00,33.13623377303003,33.37124252319336,33.13623377303003,33.37124252319336,200,0.0,0.0
2017-03-08 00:00:00-05:00,32.9012250228667,33.37124252319336,32.9012250228667,33.37124252319336,900,0.0,0.0
2017-03-09 00:00:00-05:00,33.37124252319336,33.37124252319336,33.37124252319336,33.37124252319336,200,0.0,0.0
2017-03-10 00:00:00-05:00,32.57221610633501,32.57221610633501,32.47821044921875,32.47821044921875,700,0.0,0.0
2017-03-13 00:00:00-04:00,32.66621780395508,32.66621780395508,32.66621780395508,32.66621780395508,500,0.0,0.0
2017-03-14 00:00:00-04:00,32.666218026275544,32.901226789054505,32.525211334228516,32.525211334228516,5600,0.0,0.0
2017-03-15 00:00:00-04:00,32.47820971067514,32.854225158691406,32.47820971067514,32.854225158691406,1300,0.0,0.0
2017-03-16 00:00:00-04:00,33.126839324728756,33.13623809814453,33.126839324728756,33.13623809814453,200,0.0,0.0
2017-03-17 00:00:00-04:00,32.90123748779297,32.90123748779297,32.90123748779297,32.90123748779297,3500,0.0,0.0
2017-03-20 00:00:00-04:00,33.13623809814453,33.13623809814453,33.13623809814453,33.13623809814453,300,0.0,0.0
2017-03-21 00:00:00-04:00,33.1362339200291,33.324241638183594,33.1362339200291,33.324241638183594,1000,0.0,0.0
2017-03-22 00:00:00-04:00,33.324241638183594,33.324241638183594,33.324241638183594,33.324241638183594,0,0.0,0.0
2017-03-23 00:00:00-04:00,33.324241638183594,33.324241638183594,33.324241638183594,33.324241638183594,0,0.0,0.0
2017-03-24 00:00:00-04:00,33.475330729364636,33.522544860839844,33.475330729364636,33.522544860839844,500,0.16,0.0
2017-03-27 00:00:00-04:00,33.286468505859375,33.286468505859375,33.286468505859375,33.286468505859375,300,0.0,0.0
2017-03-28 00:00:00-04:00,33.05039596557617,33.05039596557617,33.05039596557617,33.05039596557617,900,0.0,0.0
2017-03-29 00:00:00-04:00,33.05039596557617,33.05039596557617,33.05039596557617,33.05039596557617,0,0.0,0.0
2017-03-30 00:00:00-04:00,33.05039596557617,33.05039596557617,33.05039596557617,33.05039596557617,0,0.0,0.0
2017-03-31 00:00:00-04:00,33.28647269416945,33.33368682861328,33.28647269416945,33.33368682861328,8900,0.0,0.0
2017-04-03 00:00:00-04:00,33.29591160777782,33.29591160777782,33.05039596557617,33.05039596557617,14300,0.0,0.0
2017-04-04 00:00:00-04:00,33.05039596557617,33.05039596557617,33.05039596557617,33.05039596557617,0,0.0,0.0
2017-04-05 00:00:00-04:00,33.05039596557617,33.05039596557617,33.05039596557617,33.05039596557617,300,0.0,0.0
2017-04-06 00:00:00-04:00,33.522544860839844,33.522544860839844,33.522544860839844,33.522544860839844,100,0.0,0.0
2017-04-07 00:00:00-04:00,33.09761009651411,33.1259414568427,33.05039596557617,33.05039596557617,42800,0.0,0.0
2017-04-10 00:00:00-04:00,33.05039596557617,33.05039596557617,32.6726757136581,33.05039596557617,2000,0.0,0.0
2017-04-11 00:00:00-04:00,33.05039596557617,33.05039596557617,32.6726757136581,33.05039596557617,2600,0.0,0.0
2017-04-12 00:00:00-04:00,33.05039596557617,33.05039596557617,33.05039596557617,33.05039596557617,0,0.0,0.0
2017-04-13 00:00:00-04:00,32.86153128377427,33.0503913835502,32.67267118399833,32.955963134765625,26700,0.0,0.0
2017-04-17 00:00:00-04:00,33.05039596557617,33.05039596557617,33.05039596557617,33.05039596557617,200,0.0,0.0
2017-04-18 00:00:00-04:00,33.05039596557617,33.05039596557617,33.05039596557617,33.05039596557617,0,0.0,0.0
2017-04-19 00:00:00-04:00,32.861534118652344,32.861534118652344,32.861534118652344,32.861534118652344,600,0.0,0.0
2017-04-20 00:00:00-04:00,32.67267952951851,32.67267952951851,32.625465393066406,32.625465393066406,1000,0.0,0.0
2017-04-21 00:00:00-04:00,32.861534118652344,32.861534118652344,32.861534118652344,32.861534118652344,1500,0.0,0.0
2017-04-24 00:00:00-04:00,32.861534118652344,32.861534118652344,32.861534118652344,32.861534118652344,300,0.0,0.0
2017-04-25 00:00:00-04:00,32.86153583961713,33.05039596557617,32.86153583961713,33.05039596557617,9300,0.0,0.0
2017-04-26 00:00:00-04:00,33.05039596557617,33.05039596557617,33.05039596557617,33.05039596557617,0,0.0,0.0
2017-04-27 00:00:00-04:00,33.05039596557617,33.05039596557617,33.05039596557617,33.05039596557617,0,0.0,0.0
2017-04-28 00:00:00-04:00,33.239255720873565,33.42811584472656,33.239255720873565,33.42811584472656,5300,0.0,0.0
2017-05-01 00:00:00-04:00,33.19204022232381,33.19204022232381,32.814319990187016,32.861534118652344,11500,0.0,0.0
2017-05-02 00:00:00-04:00,32.81432305010434,32.81432305010434,32.76710891723633,32.76710891723633,700,0.0,0.0
2017-05-03 00:00:00-04:00,32.76710891723633,32.76710891723633,32.76710891723633,32.76710891723633,0,0.0,0.0
2017-05-04 00:00:00-04:00,32.76710891723633,32.76710891723633,32.76710891723633,32.76710891723633,0,0.0,0.0
2017-05-05 00:00:00-04:00,32.76710891723633,32.76710891723633,32.76710891723633,32.76710891723633,300,0.0,0.0
2017-05-08 00:00:00-04:00,32.76710891723633,32.76710891723633,32.76710891723633,32.76710891723633,0,0.0,0.0
2017-05-09 00:00:00-04:00,32.76710891723633,32.76710891723633,32.76710891723633,32.76710891723633,0,0.0,0.0
2017-05-10 00:00:00-04:00,32.908748626708984,32.908748626708984,32.908748626708984,32.908748626708984,500,0.0,0.0
2017-05-11 00:00:00-04:00,33.05039423472074,33.05039423472074,32.861534118652344,32.861534118652344,1200,0.0,0.0
2017-05-12 00:00:00-04:00,33.05039596557617,33.05039596557617,33.040954580271496,33.05039596557617,1800,0.0,0.0
2017-05-15 00:00:00-04:00,32.86153757683998,32.86153757683998,32.38938903808594,32.38938903808594,4800,0.0,0.0
2017-05-16 00:00:00-04:00,32.814319619566874,32.814319619566874,32.80487823486328,32.80487823486328,900,0.0,0.0
2017-05-17 00:00:00-04:00,32.814324374011036,33.00318451531017,32.814324374011036,32.91819763183594,13600,0.0,0.0
2017-05-18 00:00:00-04:00,32.91819763183594,32.91819763183594,32.91819763183594,32.91819763183594,0,0.0,0.0
2017-05-19 00:00:00-04:00,32.98429716958579,33.2392578125,32.98429716958579,33.2392578125,400,0.0,0.0
2017-05-22 00:00:00-04:00,33.239251869734865,33.239251869734865,33.003177642822266,33.003177642822266,3900,0.0,0.0
2017-05-23 00:00:00-04:00,33.05039596557617,33.28647022247314,32.90874997055507,33.05039596557617,9800,0.0,0.0
2017-05-24 00:00:00-04:00,33.0503913835502,33.0503913835502,32.955963134765625,32.955963134765625,14500,0.0,0.0
2017-05-25 00:00:00-04:00,33.003177642822266,33.003177642822266,33.003177642822266,33.003177642822266,3400,0.0,0.0
2017-05-26 00:00:00-04:00,33.09761428833008,33.09761428833008,33.09761428833008,33.09761428833008,11500,0.0,0.0
2017-05-30 00:00:00-04:00,33.09761428833008,33.09761428833008,33.09761428833008,33.09761428833008,0,0.0,0.0
2017-05-31 00:00:00-04:00,33.09761428833008,33.09761428833008,33.09761428833008,33.09761428833008,0,0.0,0.0
2017-06-01 00:00:00-04:00,33.09761428833008,33.09761428833008,33.09761428833008,33.09761428833008,0,0.0,0.0
2017-06-02 00:00:00-04:00,33.20147705078125,33.20147705078125,33.20147705078125,33.20147705078125,300,0.0,0.0
2017-06-05 00:00:00-04:00,33.522542750581785,33.522542750581785,33.286468505859375,33.286468505859375,3400,0.0,0.0
2017-06-06 00:00:00-04:00,33.286468505859375,33.286468505859375,33.286468505859375,33.286468505859375,400,0.0,0.0
2017-06-07 00:00:00-04:00,33.286468505859375,33.286468505859375,33.286468505859375,33.286468505859375,100,0.0,0.0
2017-06-08 00:00:00-04:00,33.305355072021484,33.305355072021484,33.305355072021484,33.305355072021484,300,0.0,0.0
2017-06-09 00:00:00-04:00,33.85304260253906,33.85304260253906,33.85304260253906,33.85304260253906,3100,0.0,0.0
2017-06-12 00:00:00-04:00,33.99469757080078,33.99469757080078,33.99469757080078,33.99469757080078,100,0.0,0.0
2017-06-13 00:00:00-04:00,33.99469757080078,33.99469757080078,33.99469757080078,33.99469757080078,0,0.0,0.0
2017-06-14 00:00:00-04:00,33.99469757080078,33.99469757080078,33.99469757080078,33.99469757080078,0,0.0,0.0
2017-06-15 00:00:00-04:00,33.99469757080078,33.99469757080078,33.99469757080078,33.99469757080078,0,0.0,0.0
2017-06-16 00:00:00-04:00,33.99469757080078,33.99469757080078,33.99469757080078,33.99469757080078,0,0.0,0.0
2017-06-19 00:00:00-04:00,33.99469757080078,33.99469757080078,33.99469757080078,33.99469757080078,100,0.0,0.0
2017-06-20 00:00:00-04:00,33.99469757080078,33.99469757080078,33.99469757080078,33.99469757080078,0,0.0,0.0
2017-06-21 00:00:00-04:00,34.08911895751953,34.08911895751953,34.08911895751953,34.08911895751953,1800,0.0,0.0
2017-06-22 00:00:00-04:00,34.08911895751953,34.08911895751953,34.08911895751953,34.08911895751953,0,0.0,0.0
2017-06-23 00:00:00-04:00,34.136341649972245,34.211883544921875,34.136341649972245,34.211883544921875,1000,0.0,0.0
2017-06-26 00:00:00-04:00,34.230770111083984,34.230770111083984,34.230770111083984,34.230770111083984,1000,0.0,0.0
2017-06-27 00:00:00-04:00,34.38252639770508,34.38252639770508,34.38252639770508,34.38252639770508,100,0.16,0.0
2017-06-28 00:00:00-04:00,34.38252639770508,34.38252639770508,34.38252639770508,34.38252639770508,0,0.0,0.0
2017-06-29 00:00:00-04:00,34.38252639770508,34.38252639770508,34.38252639770508,34.38252639770508,0,0.0,0.0
2017-06-30 00:00:00-04:00,34.38252639770508,34.38252639770508,34.38252639770508,34.38252639770508,0,0.0,0.0
2017-07-03 00:00:00-04:00,34.38252639770508,34.38252639770508,34.38252639770508,34.38252639770508,0,0.0,0.0
2017-07-05 00:00:00-04:00,34.429953846017376,34.429953846017376,34.192832946777344,34.192832946777344,4500,0.0,0.0
2017-07-06 00:00:00-04:00,34.192828976702955,34.38252639770508,34.192828976702955,34.38252639770508,600,0.0,0.0
2017-07-07 00:00:00-04:00,34.38253051104291,34.85677231119522,34.38253051104291,34.60068130493164,9100,0.0,0.0
2017-07-10 00:00:00-04:00,35.09389877319336,35.09389877319336,35.09389877319336,35.09389877319336,500,0.0,0.0
2017-07-11 00:00:00-04:00,35.09389877319336,35.09389877319336,35.09389877319336,35.09389877319336,200,0.0,0.0
2017-07-12 00:00:00-04:00,35.1887392055115,35.1887392055115,35.15080261230469,35.15080261230469,2500,0.0,0.0
2017-07-13 00:00:00-04:00,35.15080261230469,35.15080261230469,35.15080261230469,35.15080261230469,0,0.0,0.0
2017-07-14 00:00:00-04:00,35.15080261230469,35.15080261230469,35.15080261230469,35.15080261230469,0,0.0,0.0
2017-07-17 00:00:00-04:00,35.15080261230469,35.15080261230469,35.15080261230469,35.15080261230469,0,0.0,0.0
2017-07-18 00:00:00-04:00,35.23616027832031,35.23616027832031,35.23616027832031,35.23616027832031,300,0.0,0.0
2017-07-19 00:00:00-04:00,35.23616027832031,35.23616027832031,35.23616027832031,35.23616027832031,0,0.0,0.0
2017-07-20 00:00:00-04:00,35.23616027832031,35.23616027832031,35.23616027832031,35.23616027832031,0,0.0,0.0
2017-07-21 00:00:00-04:00,35.19822311401367,35.19822311401367,35.19822311401367,35.19822311401367,300,0.0,0.0
2017-07-24 00:00:00-04:00,35.236172783058734,35.236172783058734,35.09389877319336,35.09389877319336,600,0.0,0.0
2017-07-25 00:00:00-04:00,34.99905184540202,35.09389877319336,34.99905184540202,35.09389877319336,1400,0.0,0.0
2017-07-26 00:00:00-04:00,35.09389877319336,35.09389877319336,35.09389877319336,35.09389877319336,200,0.0,0.0
2017-07-27 00:00:00-04:00,35.23616027832031,35.23616027832031,35.23616027832031,35.23616027832031,400,0.0,0.0
2017-07-28 00:00:00-04:00,35.23616027832031,35.23616027832031,35.23616027832031,35.23616027832031,100,0.0,0.0
2017-07-31 00:00:00-04:00,35.23616027832031,35.23616027832031,35.23616027832031,35.23616027832031,0,0.0,0.0
2017-08-01 00:00:00-04:00,35.23616027832031,35.23616027832031,35.23616027832031,35.23616027832031,500,0.0,0.0
2017-08-02 00:00:00-04:00,35.09388699179949,35.09388699179949,34.875736236572266,34.875736236572266,1100,0.0,0.0
2017-08-03 00:00:00-04:00,35.188725299671965,35.425846099853516,35.188725299671965,35.425846099853516,300,0.0,0.0
2017-08-04 00:00:00-04:00,34.90419006347656,34.90419006347656,34.90419006347656,34.90419006347656,300,0.0,0.0
2017-08-07 00:00:00-04:00,34.90419006347656,34.90419006347656,34.90419006347656,34.90419006347656,300,0.0,0.0
2017-08-08 00:00:00-04:00,34.90419006347656,34.90419006347656,34.90419006347656,34.90419006347656,300,0.0,0.0
2017-08-09 00:00:00-04:00,34.90419006347656,34.90419006347656,34.90419006347656,34.90419006347656,100,0.0,0.0
2017-08-10 00:00:00-04:00,34.90419006347656,34.90419006347656,34.90419006347656,34.90419006347656,0,0.0,0.0
2017-08-11 00:00:00-04:00,34.90419006347656,34.90419006347656,34.90419006347656,34.90419006347656,0,0.0,0.0
2017-08-14 00:00:00-04:00,34.90419006347656,34.90419006347656,34.90419006347656,34.90419006347656,0,0.0,0.0
2017-08-15 00:00:00-04:00,34.90419006347656,34.90419006347656,34.90419006347656,34.90419006347656,0,0.0,0.0
2017-08-16 00:00:00-04:00,34.90418759016669,35.5681266784668,34.90418759016669,35.5681266784668,500,0.0,0.0
2017-08-17 00:00:00-04:00,35.18872723791788,35.52069854736328,35.18872723791788,35.52069854736328,300,0.0,0.0
2017-08-18 00:00:00-04:00,35.52069854736328,35.52069854736328,35.52069854736328,35.52069854736328,0,0.0,0.0
2017-08-21 00:00:00-04:00,35.09389877319336,35.09389877319336,35.09389877319336,35.09389877319336,200,0.0,0.0
2017-08-22 00:00:00-04:00,35.09389877319336,35.09389877319336,35.09389877319336,35.09389877319336,0,0.0,0.0
2017-08-23 00:00:00-04:00,35.09389877319336,35.09389877319336,35.09389877319336,35.09389877319336,0,0.0,0.0
2017-08-24 00:00:00-04:00,35.09389877319336,35.09389877319336,35.09389877319336,35.09389877319336,0,0.0,0.0
2017-08-25 00:00:00-04:00,35.09389877319336,35.09389877319336,35.09389877319336,35.09389877319336,0,0.0,0.0
2017-08-28 00:00:00-04:00,35.09389877319336,35.09389877319336,35.09389877319336,35.09389877319336,0,0.0,0.0
2017-08-29 00:00:00-04:00,35.09389877319336,35.09389877319336,35.09389877319336,35.09389877319336,0,0.0,0.0
2017-08-30 00:00:00-04:00,35.47328567504883,35.47328567504883,35.47328567504883,35.47328567504883,500,0.0,0.0
2017-08-31 00:00:00-04:00,35.5681266784668,35.5681266784668,35.520703233197565,35.5681266784668,3100,0.0,0.0
2017-09-01 00:00:00-04:00,35.47327510835007,35.52069854736328,35.47327510835007,35.52069854736328,3300,0.0,0.0
2017-09-05 00:00:00-04:00,35.37842854071485,35.37842854071485,35.33100509643555,35.33100509643555,300,0.0,0.0
2017-09-06 00:00:00-04:00,35.33100509643555,35.33100509643555,35.33100509643555,35.33100509643555,0,0.0,0.0
2017-09-07 00:00:00-04:00,35.331006716375484,35.331006716375484,34.61964416503906,34.61964416503906,10200,0.0,0.0
2017-09-08 00:00:00-04:00,34.61964527569409,34.875736236572266,34.61964527569409,34.875736236572266,12700,0.0,0.0
2017-09-11 00:00:00-04:00,35.09389877319336,35.09389877319336,35.09389877319336,35.09389877319336,5300,0.0,0.0
2017-09-12 00:00:00-04:00,34.999046325683594,34.999046325683594,34.999046325683594,34.999046325683594,500,0.0,0.0
2017-09-13 00:00:00-04:00,34.999046325683594,34.999046325683594,34.999046325683594,34.999046325683594,0,0.0,0.0
2017-09-14 00:00:00-04:00,35.33100509643555,35.33100509643555,35.33100509643555,35.33100509643555,200,0.0,0.0
2017-09-15 00:00:00-04:00,35.8052527779027,36.04237365722656,35.8052527779027,36.04237365722656,400,0.0,0.0
2017-09-18 00:00:00-04:00,36.27948835298613,36.753730030802934,36.27948835298613,36.51660919189453,600,0.0,0.0
2017-09-19 00:00:00-04:00,36.51660919189453,36.51660919189453,36.51660919189453,36.51660919189453,100,0.0,0.0
2017-09-20 00:00:00-04:00,36.51660919189453,36.51660919189453,36.51660919189453,36.51660919189453,0,0.0,0.0
2017-09-21 00:00:00-04:00,36.51660919189453,36.51660919189453,36.51660919189453,36.51660919189453,0,0.0,0.0
2017-09-22 00:00:00-04:00,36.51660919189453,36.51660919189453,36.51660919189453,36.51660919189453,0,0.0,0.0
2017-09-25 00:00:00-04:00,36.669002532958984,36.669002532958984,36.669002532958984,36.669002532958984,0,0.16,0.0
2017-09-26 00:00:00-04:00,36.669002532958984,36.669002532958984,36.669002532958984,36.669002532958984,0,0.0,0.0
2017-09-27 00:00:00-04:00,36.669002532958984,36.669002532958984,36.669002532958984,36.669002532958984,0,0.0,0.0
2017-09-28 00:00:00-04:00,36.669002532958984,36.669002532958984,36.669002532958984,36.669002532958984,0,0.0,0.0
2017-09-29 00:00:00-04:00,36.669002532958984,36.669002532958984,36.669002532958984,36.669002532958984,0,0.0,0.0
2017-10-02 00:00:00-04:00,36.669002532958984,36.669002532958984,36.669002532958984,36.669002532958984,200,0.0,0.0
2017-10-03 00:00:00-04:00,36.669002532958984,36.669002532958984,36.669002532958984,36.669002532958984,200,0.0,0.0
2017-10-04 00:00:00-04:00,36.66900172079763,36.90711212158203,36.66900172079763,36.90711212158203,22700,0.0,0.0
2017-10-05 00:00:00-04:00,36.90711212158203,36.90711212158203,36.90711212158203,36.90711212158203,0,0.0,0.0
2017-10-06 00:00:00-04:00,36.96426010131836,36.96426010131836,36.96426010131836,36.96426010131836,500,0.0,0.0
2017-10-09 00:00:00-04:00,36.964259925749786,36.964259925749786,36.90711212158203,36.90711212158203,500,0.0,0.0
2017-10-10 00:00:00-04:00,36.95473861694336,36.95473861694336,36.95473861694336,36.95473861694336,800,0.0,0.0
2017-10-11 00:00:00-04:00,36.95473861694336,36.95473861694336,36.95473861694336,36.95473861694336,300,0.0,0.0
2017-10-12 00:00:00-04:00,36.95473861694336,36.95473861694336,36.95473861694336,36.95473861694336,2000,0.0,0.0
2017-10-13 00:00:00-04:00,36.95473861694336,36.95473861694336,36.95473861694336,36.95473861694336,200,0.0,0.0
2017-10-16 00:00:00-04:00,36.95473151768442,37.24046325683594,36.95473151768442,37.24046325683594,400,0.0,0.0
2017-10-17 00:00:00-04:00,37.24046325683594,37.24046325683594,37.24046325683594,37.24046325683594,0,0.0,0.0
2017-10-18 00:00:00-04:00,37.24046325683594,37.24046325683594,37.24046325683594,37.24046325683594,0,0.0,0.0
2017-10-19 00:00:00-04:00,37.62144730730755,39.05010986328125,37.62144730730755,39.05010986328125,1200,0.0,0.0
2017-10-20 00:00:00-04:00,39.05010986328125,39.05010986328125,39.05010986328125,39.05010986328125,100,0.0,0.0
2017-10-23 00:00:00-04:00,39.05010986328125,39.05010986328125,39.05010986328125,39.05010986328125,0,0.0,0.0
2017-10-24 00:00:00-04:00,38.097660064697266,38.097660064697266,38.097660064697266,38.097660064697266,100,0.0,0.0
2017-10-25 00:00:00-04:00,38.097660064697266,38.097660064697266,38.097660064697266,38.097660064697266,0,0.0,0.0
2017-10-26 00:00:00-04:00,38.097660064697266,38.097660064697266,38.097660064697266,38.097660064697266,0,0.0,0.0
2017-10-27 00:00:00-04:00,39.28821780724439,39.76443862915039,39.28821780724439,39.76443862915039,500,0.0,0.0
2017-10-30 00:00:00-04:00,39.76443862915039,39.76443862915039,39.76443862915039,39.76443862915039,0,0.0,0.0
2017-10-31 00:00:00-04:00,39.76443862915039,39.76443862915039,39.76443862915039,39.76443862915039,0,0.0,0.0
2017-11-01 00:00:00-04:00,39.76443961707506,39.76443961707506,38.250057220458984,38.250057220458984,300,0.0,0.0
2017-11-02 00:00:00-04:00,38.573883056640625,38.573883056640625,38.573883056640625,38.573883056640625,100,0.0,0.0
2017-11-03 00:00:00-04:00,38.573883056640625,38.573883056640625,38.573883056640625,38.573883056640625,0,0.0,0.0
2017-11-06 00:00:00-05:00,40.24066374037,40.71688461303711,40.24066374037,40.71688461303711,400,0.0,0.0
2017-11-07 00:00:00-05:00,40.71688461303711,40.71688461303711,40.71688461303711,40.71688461303711,0,0.0,0.0
2017-11-08 00:00:00-05:00,40.71688461303711,40.71688461303711,40.71688461303711,40.71688461303711,0,0.0,0.0
2017-11-09 00:00:00-05:00,40.71688461303711,40.71688461303711,40.71688461303711,40.71688461303711,0,0.0,0.0
2017-11-10 00:00:00-05:00,40.71688461303711,40.71688461303711,40.71688461303711,40.71688461303711,0,0.0,0.0
2017-11-13 00:00:00-05:00,40.00254272460938,41.669315338134766,40.00254272460938,41.669315338134766,1000,0.0,0.0
2017-11-14 00:00:00-05:00,40.95499801635742,40.95499801635742,40.95499801635742,40.95499801635742,300,0.0,0.0
2017-11-15 00:00:00-05:00,40.00255291998122,40.00255291998122,39.05011118379119,39.09773254394531,1800,0.0,0.0
2017-11-16 00:00:00-05:00,39.09773254394531,39.09773254394531,39.09773254394531,39.09773254394531,0,0.0,0.0
2017-11-17 00:00:00-05:00,39.288220289276865,39.288220289276865,39.05010986328125,39.05010986328125,200,0.0,0.0
2017-11-20 00:00:00-05:00,39.10725021362305,39.10725021362305,39.10725021362305,39.10725021362305,1600,0.0,0.0
2017-11-21 00:00:00-05:00,39.09772579190679,39.52632522583008,39.09772579190679,39.52632522583008,300,0.0,0.0
2017-11-22 00:00:00-05:00,39.76443862915039,39.76443862915039,39.76443862915039,39.76443862915039,200,0.0,0.0
2017-11-24 00:00:00-05:00,39.76443862915039,39.76443862915039,39.76443862915039,39.76443862915039,0,0.0,0.0
2017-11-27 00:00:00-05:00,39.09773254394531,39.09773254394531,39.09773254394531,39.09773254394531,100,0.0,0.0
2017-11-28 00:00:00-05:00,39.28822326660156,39.28822326660156,39.28822326660156,39.28822326660156,200,0.0,0.0
2017-11-29 00:00:00-05:00,39.28822326660156,39.28822326660156,39.28822326660156,39.28822326660156,0,0.0,0.0
2017-11-30 00:00:00-05:00,39.52632568160104,39.52632568160104,39.05010489025645,39.145347595214844,10800,0.0,0.0
2017-12-01 00:00:00-05:00,39.145347595214844,39.145347595214844,39.145347595214844,39.145347595214844,1300,0.0,0.0
2017-12-04 00:00:00-05:00,39.145347595214844,39.145347595214844,39.145347595214844,39.145347595214844,700,0.0,0.0
2017-12-05 00:00:00-05:00,39.145346620679454,39.24059295654297,39.145346620679454,39.24059295654297,2800,0.0,0.0
2017-12-06 00:00:00-05:00,39.192970274616165,39.52632335563032,39.192970274616165,39.25011444091797,2200,0.0,0.0
2017-12-07 00:00:00-05:00,39.526324071382525,39.62156677246094,39.526324071382525,39.62156677246094,400,0.0,0.0
2017-12-08 00:00:00-05:00,39.764442867702904,40.71688461303711,39.764442867702904,40.71688461303711,1300,0.0,0.0
2017-12-11 00:00:00-05:00,40.95498922591381,41.05023193359375,40.95498922591381,41.05023193359375,600,0.0,0.0
2017-12-12 00:00:00-05:00,41.19309916441468,41.431209564208984,41.19309916441468,41.431209564208984,200,0.0,0.0
2017-12-13 00:00:00-05:00,41.431209564208984,41.431209564208984,41.431209564208984,41.431209564208984,0,0.0,0.0
2017-12-14 00:00:00-05:00,41.50740335526779,41.66931667035723,41.24071725794977,41.659793853759766,900,0.0,0.0
2017-12-15 00:00:00-05:00,41.8979013349488,42.14553451538086,41.859802804643614,42.14553451538086,800,0.0,0.0
2017-12-18 00:00:00-05:00,41.240718921185774,41.90742874145508,41.240718921185774,41.90742874145508,1600,0.0,0.0
2017-12-19 00:00:00-05:00,41.907434699240696,42.3836555480957,41.907434699240696,42.3836555480957,1000,0.0,0.0
2017-12-20 00:00:00-05:00,40.57401261766167,41.09785842895508,40.57401261766167,41.09785842895508,800,0.0,0.0
2017-12-21 00:00:00-05:00,42.326507568359375,42.326507568359375,42.326507568359375,42.326507568359375,400,0.0,0.0
2017-12-22 00:00:00-05:00,42.326507568359375,42.326507568359375,42.326507568359375,42.326507568359375,0,0.0,0.0
2017-12-26 00:00:00-05:00,42.47889611114603,42.57414245605469,42.46937329329344,42.57414245605469,700,0.0,0.0
2017-12-27 00:00:00-05:00,42.72707748413086,42.72707748413086,42.72707748413086,42.72707748413086,0,0.16,0.0
2017-12-28 00:00:00-05:00,42.61237335205078,42.61237335205078,42.61237335205078,42.61237335205078,700,0.0,0.0
2017-12-29 00:00:00-05:00,42.77486990559777,42.77486990559777,42.72707748413086,42.72707748413086,1600,0.0,0.0
2018-01-02 00:00:00-05:00,42.72707748413086,42.72707748413086,42.72707748413086,42.72707748413086,0,0.0,0.0
2018-01-03 00:00:00-05:00,42.96604424733203,42.96604424733203,41.819007873535156,41.819007873535156,2400,0.0,0.0
2018-01-04 00:00:00-05:00,41.819007873535156,42.77487091064453,41.819007873535156,41.819007873535156,1200,0.0,0.0
2018-01-05 00:00:00-05:00,42.72707679973193,42.76531219482422,42.72707679973193,42.76531219482422,200,0.0,0.0
2018-01-08 00:00:00-05:00,42.870452880859375,42.870452880859375,42.870452880859375,42.870452880859375,200,0.0,0.0
2018-01-09 00:00:00-05:00,42.870452880859375,42.870452880859375,42.870452880859375,42.870452880859375,100,0.0,0.0
2018-01-10 00:00:00-05:00,42.870452880859375,42.870452880859375,42.870452880859375,42.870452880859375,0,0.0,0.0
2018-01-11 00:00:00-05:00,41.96239471435547,41.96239471435547,41.96239471435547,41.96239471435547,300,0.0,0.0
2018-01-12 00:00:00-05:00,41.962386859396936,41.962386859396936,41.77121353149414,41.77121353149414,700,0.0,0.0
2018-01-16 00:00:00-05:00,42.66973144144783,42.66973144144783,42.153564453125,42.153564453125,1900,0.0,0.0
2018-01-17 00:00:00-05:00,42.15355726826172,42.53590393066406,42.15355726826172,42.53590393066406,2200,0.0,0.0
2018-01-18 00:00:00-05:00,42.153561451601696,42.91825485229492,42.153561451601696,42.91825485229492,1300,0.0,0.0
2018-01-19 00:00:00-05:00,42.966041564941406,42.966041564941406,42.91824914533527,42.966041564941406,1500,0.0,0.0
2018-01-22 00:00:00-05:00,42.29693323697034,43.15721130371094,42.29693323697034,43.15721130371094,200,0.0,0.0
2018-01-23 00:00:00-05:00,43.25280591943762,43.49177169799805,42.53590858375633,43.49177169799805,2300,0.0,0.0
2018-01-24 00:00:00-05:00,43.49177169799805,43.49177169799805,43.49177169799805,43.49177169799805,600,0.0,0.0
2018-01-25 00:00:00-05:00,43.25280426018083,43.82632064819336,43.25280426018083,43.82632064819336,900,0.0,0.0
2018-01-26 00:00:00-05:00,43.77853012084961,43.77853012084961,43.77853012084961,43.77853012084961,200,0.0,0.0
2018-01-29 00:00:00-05:00,43.82632064819336,43.82632064819336,43.82632064819336,43.82632064819336,900,0.0,0.0
2018-01-30 00:00:00-05:00,43.96969985961914,43.96969985961914,43.96969985961914,43.96969985961914,200,0.0,0.0
2018-01-31 00:00:00-05:00,43.96969985961914,43.96969985961914,43.96969985961914,43.96969985961914,300,0.0,0.0
2018-02-01 00:00:00-05:00,44.16086959838867,44.16086959838867,44.16086959838867,44.16086959838867,500,0.0,0.0
2018-02-02 00:00:00-05:00,43.874114990234375,43.874114990234375,43.874114990234375,43.874114990234375,300,0.0,0.0
2018-02-05 00:00:00-05:00,43.874114990234375,43.874114990234375,43.874114990234375,43.874114990234375,200,0.0,0.0
2018-02-06 00:00:00-05:00,43.874114990234375,43.874114990234375,43.874114990234375,43.874114990234375,0,0.0,0.0
2018-02-07 00:00:00-05:00,43.874113278577845,43.874113278577845,43.31015396118164,43.31015396118164,300,0.0,0.0
2018-02-08 00:00:00-05:00,43.31015396118164,43.31015396118164,43.31015396118164,43.31015396118164,0,0.0,0.0
2018-02-09 00:00:00-05:00,43.49177171445384,43.58735656738281,43.49177171445384,43.58735656738281,400,0.0,0.0
2018-02-12 00:00:00-05:00,43.58735634820462,43.58735634820462,43.30059814453125,43.30059814453125,1700,0.0,0.0
2018-02-13 00:00:00-05:00,43.30059814453125,43.30059814453125,43.30059814453125,43.30059814453125,0,0.0,0.0
2018-02-14 00:00:00-05:00,43.49177169799805,43.49177169799805,43.49177169799805,43.49177169799805,500,0.0,0.0
2018-02-15 00:00:00-05:00,43.49177169799805,43.49177169799805,43.49177169799805,43.49177169799805,0,0.0,0.0
2018-02-16 00:00:00-05:00,43.49177169799805,43.49177169799805,43.49177169799805,43.49177169799805,0,0.0,0.0
2018-02-20 00:00:00-05:00,43.53956414091832,43.730737493104684,43.53956414091832,43.58735656738281,2600,0.0,0.0
2018-02-21 00:00:00-05:00,43.58735656738281,43.58735656738281,43.58735656738281,43.58735656738281,100,0.0,0.0
2018-02-22 00:00:00-05:00,43.5395622253418,43.5395622253418,43.5395622253418,43.5395622253418,500,0.0,0.0
2018-02-23 00:00:00-05:00,43.01384182924724,43.300600045509846,43.01384182924724,43.2528076171875,1800,0.0,0.0
2018-02-26 00:00:00-05:00,43.348392486572266,43.348392486572266,43.348392486572266,43.348392486572266,100,0.0,0.0
2018-02-27 00:00:00-05:00,43.348392486572266,43.348392486572266,43.348392486572266,43.348392486572266,0,0.0,0.0
2018-02-28 00:00:00-05:00,43.348392486572266,43.348392486572266,43.348392486572266,43.348392486572266,100,0.0,0.0
2018-03-01 00:00:00-05:00,43.39618682861328,43.39618682861328,43.39618682861328,43.39618682861328,200,0.0,0.0
2018-03-02 00:00:00-05:00,43.39618682861328,43.39618682861328,43.39618682861328,43.39618682861328,0,0.0,0.0
2018-03-05 00:00:00-05:00,43.49177169799805,43.730737476558474,43.49177169799805,43.49177169799805,1100,0.0,0.0
2018-03-06 00:00:00-05:00,43.49177169799805,43.49177169799805,43.49177169799805,43.49177169799805,0,0.0,0.0
2018-03-07 00:00:00-05:00,43.682945251464844,43.682945251464844,43.682945251464844,43.682945251464844,700,0.0,0.0
2018-03-08 00:00:00-05:00,43.73073769416539,43.77853012084961,43.73073769416539,43.77853012084961,400,0.0,0.0
2018-03-09 00:00:00-05:00,43.77853012084961,43.77853012084961,43.77853012084961,43.77853012084961,0,0.0,0.0
2018-03-12 00:00:00-04:00,43.77853012084961,43.77853012084961,43.77853012084961,43.77853012084961,0,0.0,0.0
2018-03-13 00:00:00-04:00,43.73073196411133,43.73073196411133,43.73073196411133,43.73073196411133,200,0.0,0.0
2018-03-14 00:00:00-04:00,43.73073196411133,43.73073196411133,43.73073196411133,43.73073196411133,1700,0.0,0.0
2018-03-15 00:00:00-04:00,43.73073196411133,43.73073196411133,43.73073196411133,43.73073196411133,400,0.0,0.0
2018-03-16 00:00:00-04:00,43.73073196411133,43.73073196411133,43.73073196411133,43.73073196411133,0,0.0,0.0
2018-03-19 00:00:00-04:00,43.01383446732097,43.443973541259766,43.01383446732097,43.443973541259766,1300,0.0,0.0
2018-03-20 00:00:00-04:00,43.013832092285156,43.013832092285156,43.013832092285156,43.013832092285156,1400,0.0,0.0
2018-03-21 00:00:00-04:00,43.109425208285224,43.77853012084961,43.109425208285224,43.77853012084961,800,0.0,0.0
2018-03-22 00:00:00-04:00,43.77853012084961,43.77853012084961,43.77853012084961,43.77853012084961,0,0.0,0.0
2018-03-23 00:00:00-04:00,43.109426685891926,43.2528076171875,43.109426685891926,43.2528076171875,2400,0.0,0.0
2018-03-26 00:00:00-04:00,43.348392473832185,43.348392473832185,43.2528076171875,43.2528076171875,2300,0.0,0.0
2018-03-27 00:00:00-04:00,43.40628433227539,43.40628433227539,43.40628433227539,43.40628433227539,0,0.16,0.0
2018-03-28 00:00:00-04:00,43.646097349083945,44.12572479248047,43.646097349083945,44.12572479248047,1000,0.0,0.0
2018-03-29 00:00:00-04:00,43.646098368876686,44.36553955078125,43.646098368876686,44.36553955078125,1800,0.0,0.0
2018-04-02 00:00:00-04:00,43.88591311054845,44.60535430908203,43.88591311054845,44.60535430908203,2600,0.0,0.0
2018-04-03 00:00:00-04:00,44.60535153475675,44.84516525268555,44.60535153475675,44.84516525268555,600,0.0,0.0
2018-04-04 00:00:00-04:00,45.08498032887776,47.003490130106606,45.08498032887776,46.04423522949219,2100,0.0,0.0
2018-04-05 00:00:00-04:00,47.48312198638916,48.92200447082519,47.48312198638916,47.96274948120117,1700,0.0,0.0
2018-04-06 00:00:00-04:00,47.96274948120117,47.96274948120117,47.96274948120117,47.96274948120117,2600,0.0,0.0
2018-04-09 00:00:00-04:00,47.962745965695845,48.922000885009766,47.962745965695845,48.922000885009766,600,0.0,0.0
2018-04-10 00:00:00-04:00,48.020301818847656,48.020301818847656,48.020301818847656,48.020301818847656,200,0.0,0.0
2018-04-11 00:00:00-04:00,48.22174835205078,48.22174835205078,48.22174835205078,48.22174835205078,400,0.0,0.0
2018-04-12 00:00:00-04:00,48.34645282856662,48.922004357298476,48.34645282856662,48.826080322265625,1300,0.0,0.0
2018-04-13 00:00:00-04:00,48.53829574584961,48.53829574584961,48.53829574584961,48.53829574584961,1500,0.0,0.0
2018-04-16 00:00:00-04:00,48.922000885009766,48.922000885009766,48.922000885009766,48.922000885009766,700,0.0,0.0
2018-04-17 00:00:00-04:00,48.922000885009766,48.922000885009766,48.922000885009766,48.922000885009766,4500,0.0,0.0
2018-04-18 00:00:00-04:00,49.63185119628906,49.63185119628906,49.63185119628906,49.63185119628906,200,0.0,0.0
2018-04-19 00:00:00-04:00,49.5455169995594,49.881254750519545,48.682186126708984,48.682186126708984,1000,0.0,0.0
2018-04-20 00:00:00-04:00,48.922000885009766,48.922000885009766,48.922000885009766,48.922000885009766,1000,0.0,0.0
2018-04-23 00:00:00-04:00,49.64143753051758,49.64143753051758,49.64143753051758,49.64143753051758,300,0.0,0.0
2018-04-24 00:00:00-04:00,49.622260629525464,49.88125991821289,49.622260629525464,49.88125991821289,2100,0.0,0.0
2018-04-25 00:00:00-04:00,50.840513354149934,51.32014083862305,50.840513354149934,51.32014083862305,1700,0.0,0.0
2018-04-26 00:00:00-04:00,51.32013934742321,52.7590217590332,51.32013934742321,52.7590217590332,1200,0.0,0.0
2018-04-27 00:00:00-04:00,52.75901760823926,54.67752733944796,52.75901760823926,54.437713623046875,1200,0.0,0.0
2018-04-30 00:00:00-04:00,54.67752871020087,56.116411044679836,54.67752871020087,55.636783599853516,1500,0.0,0.0
2018-05-01 00:00:00-04:00,54.67753219604492,54.67753219604492,54.67753219604492,54.67753219604492,200,0.0,0.0
2018-05-02 00:00:00-04:00,54.67753219604492,54.67753219604492,54.67753219604492,54.67753219604492,900,0.0,0.0
2018-05-03 00:00:00-04:00,54.67753219604492,54.67753219604492,54.67753219604492,54.67753219604492,1100,0.0,0.0
2018-05-04 00:00:00-04:00,54.67753219604492,54.67753219604492,54.67753219604492,54.67753219604492,0,0.0,0.0
2018-05-07 00:00:00-04:00,53.91012974679879,54.66794204711914,53.72786896157876,54.66794204711914,11400,0.0,0.0
2018-05-08 00:00:00-04:00,54.66794204711914,54.66794204711914,54.66794204711914,54.66794204711914,0,0.0,0.0
2018-05-09 00:00:00-04:00,53.81420482994404,53.81420482994404,53.71828079223633,53.71828079223633,800,0.0,0.0
2018-05-10 00:00:00-04:00,53.00842952583876,53.00842952583876,50.9460334777832,50.9460334777832,33900,0.0,0.0
2018-05-11 00:00:00-04:00,52.27938461303711,52.27938461303711,52.26979367547896,52.27938461303711,400,0.0,0.0
2018-05-14 00:00:00-04:00,52.27938461303711,52.27938461303711,52.27938461303711,52.27938461303711,300,0.0,0.0
2018-05-15 00:00:00-04:00,52.27938461303711,52.27938461303711,52.27938461303711,52.27938461303711,0,0.0,0.0
2018-05-16 00:00:00-04:00,51.32013598518192,52.039577143852696,51.080322265625,51.080322265625,700,0.0,0.0
2018-05-17 00:00:00-04:00,51.080322265625,51.080322265625,51.080322265625,51.080322265625,400,0.0,0.0
2018-05-18 00:00:00-04:00,50.93643367648998,52.0395782741182,50.84050965029059,52.02998733520508,1500,0.0,0.0
2018-05-21 00:00:00-04:00,52.02998733520508,52.02998733520508,52.02998733520508,52.02998733520508,0,0.0,0.0
2018-05-22 00:00:00-04:00,50.84050786053693,51.79976272583008,50.84050786053693,51.79976272583008,1300,0.0,0.0
2018-05-23 00:00:00-04:00,51.79976272583008,51.79976272583008,51.79976272583008,51.79976272583008,400,0.0,0.0
2018-05-24 00:00:00-04:00,51.79976272583008,51.79976272583008,51.79976272583008,51.79976272583008,100,0.0,0.0
2018-05-25 00:00:00-04:00,50.69662094116211,50.69662094116211,50.69662094116211,50.69662094116211,700,0.0,0.0
2018-05-29 00:00:00-04:00,50.69662094116211,50.69662094116211,50.69662094116211,50.69662094116211,700,0.0,0.0
2018-05-30 00:00:00-04:00,50.69661963462074,51.07073211669922,50.69661963462074,51.07073211669922,400,0.0,0.0
2018-05-31 00:00:00-04:00,51.07073211669922,51.07073211669922,51.07073211669922,51.07073211669922,0,0.0,0.0
2018-06-01 00:00:00-04:00,50.706220021840394,50.84051513671875,50.706220021840394,50.84051513671875,500,0.0,0.0
2018-06-04 00:00:00-04:00,50.552730560302734,50.552730560302734,50.552730560302734,50.552730560302734,2600,0.0,0.0
2018-06-05 00:00:00-04:00,50.792539008345315,50.792539008345315,50.5719108581543,50.5719108581543,6100,0.0,0.0
2018-06-06 00:00:00-04:00,50.552739198157894,50.79255294799805,50.552739198157894,50.79255294799805,500,0.0,0.0
2018-06-07 00:00:00-04:00,50.79255294799805,50.79255294799805,50.79255294799805,50.79255294799805,0,0.0,0.0
2018-06-08 00:00:00-04:00,50.79254426916635,50.79254426916635,50.552730560302734,50.552730560302734,1300,0.0,0.0
2018-06-11 00:00:00-04:00,50.79255294799805,50.79255294799805,50.79255294799805,50.79255294799805,700,0.0,0.0
2018-06-12 00:00:00-04:00,50.648658752441406,50.648658752441406,50.648658752441406,50.648658752441406,1000,0.0,0.0
2018-06-13 00:00:00-04:00,50.648658752441406,50.648658752441406,50.648658752441406,50.648658752441406,0,0.0,0.0
2018-06-14 00:00:00-04:00,50.79255294799805,50.79255294799805,50.64866323438699,50.79255294799805,4400,0.0,0.0
2018-06-15 00:00:00-04:00,50.79255294799805,50.79255294799805,50.79255294799805,50.79255294799805,0,0.0,0.0
2018-06-18 00:00:00-04:00,50.74458643944919,50.74458643944919,50.648658752441406,50.648658752441406,1400,0.0,0.0
2018-06-19 00:00:00-04:00,50.648658752441406,50.648658752441406,50.648658752441406,50.648658752441406,1800,0.0,0.0
2018-06-20 00:00:00-04:00,50.648658752441406,50.648658752441406,50.648658752441406,50.648658752441406,0,0.0,0.0
2018-06-21 00:00:00-04:00,50.45680618286133,50.45680618286133,50.45680618286133,50.45680618286133,400,0.0,0.0
2018-06-22 00:00:00-04:00,50.36088763542895,50.84051513671875,50.36088763542895,50.84051513671875,1400,0.0,0.0
2018-06-25 00:00:00-04:00,50.936431884765625,50.936431884765625,50.936431884765625,50.936431884765625,100,0.0,0.0
2018-06-26 00:00:00-04:00,50.936431884765625,50.936431884765625,50.936431884765625,50.936431884765625,0,0.0,0.0
2018-06-27 00:00:00-04:00,50.93643462254861,51.55995178222656,50.93643462254861,51.55995178222656,800,0.0,0.0
2018-06-28 00:00:00-04:00,51.713890075683594,51.713890075683594,51.713890075683594,51.713890075683594,0,0.16,0.0
2018-06-29 00:00:00-04:00,51.713890075683594,51.713890075683594,51.713890075683594,51.713890075683594,0,0.0,0.0
2018-07-02 00:00:00-04:00,51.713890075683594,51.713890075683594,51.713890075683594,51.713890075683594,0,0.0,0.0
2018-07-03 00:00:00-04:00,51.95441436767578,51.95441436767578,51.95441436767578,51.95441436767578,100,0.0,0.0
2018-07-05 00:00:00-04:00,51.2039680480957,51.2039680480957,51.2039680480957,51.2039680480957,500,0.0,0.0
2018-07-06 00:00:00-04:00,51.95441436767578,51.95441436767578,51.95441436767578,51.95441436767578,200,0.0,0.0
2018-07-09 00:00:00-04:00,51.2039680480957,51.2039680480957,51.2039680480957,51.2039680480957,300,0.0,0.0
2018-07-10 00:00:00-04:00,51.944801330566406,51.944801330566406,51.944801330566406,51.944801330566406,500,0.0,0.0
2018-07-11 00:00:00-04:00,51.761993408203125,51.761993408203125,51.761993408203125,51.761993408203125,300,0.0,0.0
2018-07-12 00:00:00-04:00,51.761993408203125,51.761993408203125,51.761993408203125,51.761993408203125,0,0.0,0.0
2018-07-13 00:00:00-04:00,51.761993408203125,51.761993408203125,51.761993408203125,51.761993408203125,200,0.0,0.0
2018-07-16 00:00:00-04:00,51.94479226564893,52.19494152257784,51.52145767211914,51.52145767211914,300,0.0,0.0
2018-07-17 00:00:00-04:00,51.52146666316025,51.944801330566406,51.28093693674942,51.944801330566406,1600,0.0,0.0
2018-07-18 00:00:00-04:00,51.944801330566406,51.944801330566406,51.944801330566406,51.944801330566406,0,0.0,0.0
2018-07-19 00:00:00-04:00,51.944801330566406,51.944801330566406,51.944801330566406,51.944801330566406,0,0.0,0.0
2018-07-20 00:00:00-04:00,51.944801330566406,51.944801330566406,51.944801330566406,51.944801330566406,0,0.0,0.0
2018-07-23 00:00:00-04:00,51.944801330566406,51.944801330566406,51.944801330566406,51.944801330566406,0,0.0,0.0
2018-07-24 00:00:00-04:00,51.944801330566406,51.944801330566406,51.944801330566406,51.944801330566406,500,0.0,0.0
2018-07-25 00:00:00-04:00,51.944801330566406,51.944801330566406,51.944801330566406,51.944801330566406,0,0.0,0.0
2018-07-26 00:00:00-04:00,51.723506927490234,51.723506927490234,51.723506927490234,51.723506927490234,300,0.0,0.0
2018-07-27 00:00:00-04:00,51.723506927490234,51.723506927490234,51.723506927490234,51.723506927490234,0,0.0,0.0
2018-07-30 00:00:00-04:00,51.723506927490234,51.723506927490234,51.723506927490234,51.723506927490234,200,0.0,0.0
2018-07-31 00:00:00-04:00,51.723506927490234,51.723506927490234,51.723506927490234,51.723506927490234,200,0.0,0.0
2018-08-01 00:00:00-04:00,51.95441706265321,52.194946771276605,51.723506927490234,51.723506927490234,1100,0.0,0.0
2018-08-02 00:00:00-04:00,51.723506927490234,51.723506927490234,51.723506927490234,51.723506927490234,0,0.0,0.0
2018-08-03 00:00:00-04:00,51.7716178894043,51.7716178894043,51.7716178894043,51.7716178894043,200,0.0,0.0
2018-08-06 00:00:00-04:00,51.781227111816406,51.781227111816406,51.781227111816406,51.781227111816406,300,0.0,0.0
2018-08-07 00:00:00-04:00,51.781227111816406,51.781227111816406,51.781227111816406,51.781227111816406,0,0.0,0.0
2018-08-08 00:00:00-04:00,51.95442037977931,52.194950103759766,51.95442037977931,52.194950103759766,1200,0.0,0.0
2018-08-09 00:00:00-04:00,52.194950103759766,52.194950103759766,52.194950103759766,52.194950103759766,0,0.0,0.0
2018-08-10 00:00:00-04:00,51.877445220947266,51.877445220947266,51.877445220947266,51.877445220947266,500,0.0,0.0
2018-08-13 00:00:00-04:00,51.858211517333984,51.858211517333984,51.858211517333984,51.858211517333984,500,0.0,0.0
2018-08-14 00:00:00-04:00,51.858211517333984,51.858211517333984,51.858211517333984,51.858211517333984,0,0.0,0.0
2018-08-15 00:00:00-04:00,51.95441436767578,51.95441436767578,51.95441436767578,51.95441436767578,500,0.0,0.0
2018-08-16 00:00:00-04:00,51.95441436767578,51.95441436767578,51.95441436767578,51.95441436767578,300,0.0,0.0
2018-08-17 00:00:00-04:00,51.95441436767578,51.95441436767578,51.95441436767578,51.95441436767578,0,0.0,0.0
2018-08-20 00:00:00-04:00,51.95441436767578,51.95441436767578,51.95441436767578,51.95441436767578,0,0.0,0.0
2018-08-21 00:00:00-04:00,51.95441436767578,51.95441436767578,51.95441436767578,51.95441436767578,0,0.0,0.0
2018-08-22 00:00:00-04:00,51.95441436767578,51.95441436767578,51.95441436767578,51.95441436767578,0,0.0,0.0
2018-08-23 00:00:00-04:00,51.95441436767578,51.95441436767578,51.95441436767578,51.95441436767578,2000,0.0,0.0
2018-08-24 00:00:00-04:00,51.95442037977931,52.194950103759766,51.95442037977931,52.194950103759766,500,0.0,0.0
2018-08-27 00:00:00-04:00,51.95441436767578,51.95441436767578,51.95441436767578,51.95441436767578,200,0.0,0.0
2018-08-28 00:00:00-04:00,51.95441436767578,51.95441436767578,51.95441436767578,51.95441436767578,0,0.0,0.0
2018-08-29 00:00:00-04:00,51.95441436767578,51.95441436767578,51.95441436767578,51.95441436767578,0,0.0,0.0
2018-08-30 00:00:00-04:00,52.194950103759766,52.194950103759766,52.194950103759766,52.194950103759766,200,0.0,0.0
2018-08-31 00:00:00-04:00,51.95441436767578,51.95441436767578,51.95441436767578,51.95441436767578,100,0.0,0.0
2018-09-04 00:00:00-04:00,51.95441436767578,51.95441436767578,51.95441436767578,51.95441436767578,0,0.0,0.0
2018-09-05 00:00:00-04:00,51.858211517333984,51.95442194174172,51.858211517333984,51.858211517333984,2300,0.0,0.0
2018-09-06 00:00:00-04:00,51.95441436767578,51.95441436767578,51.95441436767578,51.95441436767578,200,0.0,0.0
2018-09-07 00:00:00-04:00,51.95442148335077,51.95442148335077,50.838363687182785,51.56957244873047,2100,0.0,0.0
2018-09-10 00:00:00-04:00,51.473358154296875,51.473358154296875,51.473358154296875,51.473358154296875,4000,0.0,0.0
2018-09-11 00:00:00-04:00,51.329036712646484,51.329036712646484,51.329036712646484,51.329036712646484,500,0.0,0.0
2018-09-12 00:00:00-04:00,51.95442037977931,52.194950103759766,51.32904162935318,52.194950103759766,1600,0.0,0.0
2018-09-13 00:00:00-04:00,52.194950103759766,52.194950103759766,52.194950103759766,52.194950103759766,0,0.0,0.0
2018-09-14 00:00:00-04:00,51.3098030090332,51.3098030090332,51.3098030090332,51.3098030090332,200,0.0,0.0
2018-09-17 00:00:00-04:00,51.3098030090332,51.3098030090332,51.3098030090332,51.3098030090332,0,0.0,0.0
2018-09-18 00:00:00-04:00,51.3098030090332,51.3098030090332,51.3098030090332,51.3098030090332,0,0.0,0.0
2018-09-19 00:00:00-04:00,51.3098030090332,51.3098030090332,51.3098030090332,51.3098030090332,0,0.0,0.0
2018-09-20 00:00:00-04:00,51.46420669555664,51.46420669555664,51.46420669555664,51.46420669555664,0,0.16,0.0
2018-09-21 00:00:00-04:00,51.43525100654995,51.43525100654995,50.70184190725982,51.387001037597656,1300,0.0,0.0
2018-09-24 00:00:00-04:00,51.43524765382172,51.483497619628906,50.701838602337745,51.483497619628906,2600,0.0,0.0
2018-09-25 00:00:00-04:00,51.86950621781526,52.11075973510742,51.86950621781526,52.11075973510742,1800,0.0,0.0
2018-09-26 00:00:00-04:00,52.11075973510742,52.11075973510742,52.11075973510742,52.11075973510742,0,0.0,0.0
2018-09-27 00:00:00-04:00,52.35201644897461,52.35201644897461,52.35201644897461,52.35201644897461,200,0.0,0.0
2018-09-28 00:00:00-04:00,52.593272518349565,52.83452606201172,52.593272518349565,52.83452606201172,900,0.0,0.0
2018-10-01 00:00:00-04:00,52.88276946007528,53.027523040771484,52.88276946007528,53.027523040771484,500,0.0,0.0
2018-10-02 00:00:00-04:00,53.02752632902207,53.07577629850064,53.02752632902207,53.06612777709961,6000,0.0,0.0
2018-10-03 00:00:00-04:00,53.06612777709961,53.07577629850064,52.88277273934966,53.06612777709961,6600,0.0,0.0
2018-10-04 00:00:00-04:00,52.83452606201172,52.83452606201172,52.83452606201172,52.83452606201172,100,0.0,0.0
2018-10-05 00:00:00-04:00,52.83452606201172,52.83452606201172,52.83452606201172,52.83452606201172,0,0.0,0.0
2018-10-08 00:00:00-04:00,52.83452606201172,52.83452606201172,52.83452606201172,52.83452606201172,0,0.0,0.0
2018-10-09 00:00:00-04:00,52.83452606201172,52.83452606201172,52.83452606201172,52.83452606201172,100,0.0,0.0
2018-10-10 00:00:00-04:00,52.83452606201172,52.83452606201172,52.83452606201172,52.83452606201172,0,0.0,0.0
2018-10-11 00:00:00-04:00,52.35201325239959,52.35201325239959,52.11075973510742,52.11075973510742,200,0.0,0.0
2018-10-12 00:00:00-04:00,52.593267235416185,53.075774274273215,51.628253157702126,52.20726013183594,4400,0.0,0.0
2018-10-15 00:00:00-04:00,52.20726013183594,52.20726013183594,52.20726013183594,52.20726013183594,0,0.0,0.0
2018-10-16 00:00:00-04:00,52.11075973510742,52.11075973510742,52.11075973510742,52.11075973510742,2200,0.0,0.0
2018-10-17 00:00:00-04:00,51.62824980600421,51.62824980600421,48.26034927368164,48.26034927368164,1900,0.0,0.0
2018-10-18 00:00:00-04:00,49.881577033625106,50.421986249776985,49.881577033625106,50.18073272705078,1300,0.0,0.0
2018-10-19 00:00:00-04:00,49.698228845455375,50.23863809601045,48.97446823120117,48.97446823120117,1300,0.0,0.0
2018-10-22 00:00:00-04:00,49.36047536463149,49.36047536463149,48.97446823120117,48.97446823120117,7800,0.0,0.0
2018-10-23 00:00:00-04:00,49.215719093341065,49.215719093341065,48.73321204340635,48.96481704711914,2000,0.0,0.0
2018-10-24 00:00:00-04:00,48.96481704711914,48.96481704711914,48.96481704711914,48.96481704711914,0,0.0,0.0
2018-10-25 00:00:00-04:00,48.250709533691406,48.250709533691406,48.250709533691406,48.250709533691406,300,0.0,0.0
2018-10-26 00:00:00-04:00,48.38580322265625,48.38580322265625,48.38580322265625,48.38580322265625,200,0.0,0.0
2018-10-29 00:00:00-04:00,48.38580322265625,48.38580322265625,48.38580322265625,48.38580322265625,0,0.0,0.0
2018-10-30 00:00:00-04:00,48.38580322265625,48.38580322265625,48.38580322265625,48.38580322265625,100,0.0,0.0
2018-10-31 00:00:00-04:00,48.733207301089635,50.42198181152344,48.733207301089635,50.42198181152344,1500,0.0,0.0
2018-11-01 00:00:00-04:00,48.250709533691406,48.250709533691406,48.250709533691406,48.250709533691406,300,0.0,0.0
2018-11-02 00:00:00-04:00,48.733211517333984,48.733211517333984,48.733211517333984,48.733211517333984,1100,0.0,0.0
2018-11-05 00:00:00-05:00,47.26638623308616,47.71994400024414,47.26638623308616,47.71994400024414,600,0.0,0.0
2018-11-06 00:00:00-05:00,47.14093522072847,47.14093522072847,46.65842819213867,46.65842819213867,22800,0.0,0.0
2018-11-07 00:00:00-05:00,46.32068023891094,49.61137841696743,46.32068023891094,46.542633056640625,14400,0.0,0.0
2018-11-08 00:00:00-05:00,46.79352951049805,46.79352951049805,46.320671040548525,46.79352951049805,10200,0.0,0.0
2018-11-09 00:00:00-05:00,47.28569534301758,48.250709533691406,47.28569534301758,48.250709533691406,3000,0.0,0.0
2018-11-12 00:00:00-05:00,48.250709533691406,48.73321662902832,47.28569534301758,48.250709533691406,12800,0.0,0.0
2018-11-13 00:00:00-05:00,47.28569534301758,48.44371310807357,47.28569534301758,48.250709533691406,1500,0.0,0.0
2018-11-14 00:00:00-05:00,48.20245361328125,48.20245361328125,48.20245361328125,48.20245361328125,200,0.0,0.0
2018-11-15 00:00:00-05:00,48.63671112060547,48.63671112060547,48.63671112060547,48.63671112060547,200,0.0,0.0
2018-11-16 00:00:00-05:00,48.63671112060547,48.63671112060547,48.63671112060547,48.63671112060547,0,0.0,0.0
2018-11-19 00:00:00-05:00,48.250709533691406,48.250709533691406,48.250709533691406,48.250709533691406,1600,0.0,0.0
2018-11-20 00:00:00-05:00,47.81645070928469,48.36650848388672,47.768200737716185,48.36650848388672,1400,0.0,0.0
2018-11-21 00:00:00-05:00,48.36650848388672,48.36650848388672,48.36650848388672,48.36650848388672,0,0.0,0.0
2018-11-23 00:00:00-05:00,48.36650848388672,48.36650848388672,48.36650848388672,48.36650848388672,0,0.0,0.0
2018-11-26 00:00:00-05:00,46.610176029893424,47.09268303575409,46.610176029893424,47.08303451538086,800,0.0,0.0
2018-11-27 00:00:00-05:00,47.08303451538086,47.08303451538086,47.08303451538086,47.08303451538086,0,0.0,0.0
2018-11-28 00:00:00-05:00,46.01187155712935,47.18918991088867,46.01187155712935,47.18918991088867,1300,0.0,0.0
2018-11-29 00:00:00-05:00,47.1891963462831,47.91295700385654,47.1891963462831,47.266395568847656,2500,0.0,0.0
2018-11-30 00:00:00-05:00,47.33393947633557,48.20245361328125,47.04443599109919,48.20245361328125,4300,0.0,0.0
2018-12-03 00:00:00-05:00,48.73320750800931,48.73320750800931,47.14093291891646,47.28568649291992,2300,0.0,0.0
2018-12-04 00:00:00-05:00,47.86470031738281,47.86470031738281,47.86470031738281,47.86470031738281,600,0.0,0.0
2018-12-06 00:00:00-05:00,47.86470031738281,47.86470031738281,47.86470031738281,47.86470031738281,100,0.0,0.0
2018-12-07 00:00:00-05:00,46.7356294288181,46.97688293457031,46.59087585287223,46.97688293457031,1500,0.0,0.0
2018-12-10 00:00:00-05:00,46.61017594963094,47.28568649291992,46.61017594963094,47.28568649291992,1300,0.0,0.0
2018-12-11 00:00:00-05:00,47.758551399000375,47.7681999206543,47.758551399000375,47.7681999206543,1800,0.0,0.0
2018-12-12 00:00:00-05:00,47.5269481741166,47.5269481741166,47.51729965209961,47.51729965209961,1500,0.0,0.0
2018-12-13 00:00:00-05:00,46.57158076754422,47.7681999206543,46.5619322458903,47.7681999206543,1300,0.0,0.0
2018-12-14 00:00:00-05:00,47.285692850748696,47.7681999206543,46.5619322458903,47.7681999206543,1100,0.0,0.0
2018-12-17 00:00:00-05:00,45.60656662773302,47.7681999206543,45.60656662773302,47.7681999206543,1500,0.0,0.0
2018-12-18 00:00:00-05:00,47.7681999206543,47.7681999206543,47.7681999206543,47.7681999206543,100,0.0,0.0
2018-12-19 00:00:00-05:00,46.320674216842875,47.2856882630271,44.64154815673828,44.64154815673828,16100,0.0,0.0
2018-12-20 00:00:00-05:00,44.496177673339844,44.496177673339844,44.496177673339844,44.496177673339844,100,0.2,0.0
2018-12-21 00:00:00-05:00,47.44256018943662,47.558863692192055,44.496177673339844,44.496177673339844,9800,0.0,0.0
2018-12-24 00:00:00-05:00,44.58339731569008,46.70595337863317,44.58339731569008,46.512115478515625,900,0.0,0.0
2018-12-26 00:00:00-05:00,46.61872375736857,46.61872375736857,46.49272986467501,46.52180480957031,900,0.0,0.0
2018-12-27 00:00:00-05:00,46.52181084784336,46.72534288296956,46.23105026948861,46.71565246582031,19600,0.0,0.0
2018-12-28 00:00:00-05:00,47.97561240491149,47.97561240491149,46.521805968399015,46.725337982177734,4200,0.0,0.0
2018-12-31 00:00:00-05:00,45.174614920737575,45.38784105884555,45.164920806884766,45.164920806884766,500,0.0,0.0
2019-01-02 00:00:00-05:00,46.696261873383875,46.725336818279175,46.52180480957031,46.52180480957031,800,0.0,0.0
2019-01-03 00:00:00-05:00,46.52180480957031,46.52180480957031,46.52180480957031,46.52180480957031,200,0.0,0.0
2019-01-04 00:00:00-05:00,45.55260467529297,45.7367521717041,45.55260467529297,45.55260467529297,35400,0.0,0.0
2019-01-07 00:00:00-05:00,45.6010641535884,45.6010641535884,45.55260467529297,45.55260467529297,1700,0.0,0.0
2019-01-08 00:00:00-05:00,45.55260151113954,47.20993995538202,45.164918317262746,46.40550231933594,28900,0.0,0.0
2019-01-09 00:00:00-05:00,45.310295349212815,46.037198483157404,45.310295349212815,45.988739013671875,1600,0.0,0.0
2019-01-10 00:00:00-05:00,45.98874320223816,46.52180480957031,45.98874320223816,46.52180480957031,400,0.0,0.0
2019-01-11 00:00:00-05:00,46.52180480957031,46.52180480957031,46.424885861772054,46.52180480957031,12200,0.0,0.0
2019-01-14 00:00:00-05:00,45.2036874693965,46.52180589463312,45.2036874693965,46.512115478515625,2000,0.0,0.0
2019-01-15 00:00:00-05:00,46.51211429520455,46.51211429520455,45.261839906261386,46.415191650390625,8000,0.0,0.0
2019-01-16 00:00:00-05:00,46.512115478515625,46.512115478515625,46.512115478515625,46.512115478515625,4200,0.0,0.0
2019-01-17 00:00:00-05:00,46.134124755859375,46.134124755859375,46.03720580148155,46.134124755859375,4300,0.0,0.0
2019-01-18 00:00:00-05:00,46.134117422128476,46.51211015744491,45.552596393861016,45.988739013671875,6000,0.0,0.0
2019-01-22 00:00:00-05:00,44.796625619106756,46.12443452497775,44.58339948195187,45.310302734375,8500,0.0,0.0
2019-01-23 00:00:00-05:00,44.97107727860007,46.657490550645676,44.58339411178324,46.32796096801758,7600,0.0,0.0
2019-01-24 00:00:00-05:00,37.22714111492853,48.46022033691406,33.94153876764118,48.46022033691406,3600,0.0,0.0
2019-01-25 00:00:00-05:00,46.52180587298437,48.460214451025394,46.49273092742446,46.61872482299805,5900,0.0,0.0
2019-01-28 00:00:00-05:00,46.531500312784274,46.7641109890408,45.68829354364425,45.79490661621094,4500,0.0,0.0
2019-01-29 00:00:00-05:00,46.12443120804407,48.440828814298584,45.99843361812964,46.52180480957031,2600,0.0,0.0
2019-01-30 00:00:00-05:00,46.3279674895772,49.67172325810353,45.940287965407656,48.305145263671875,8500,0.0,0.0
2019-01-31 00:00:00-05:00,46.53149974457576,49.914024591224425,46.53149974457576,47.12271499633789,11700,0.0,0.0
2019-02-01 00:00:00-05:00,47.646084562248916,49.28403854370117,47.646084562248916,49.28403854370117,2500,0.0,0.0
2019-02-04 00:00:00-05:00,47.49100428361159,50.398616790771484,47.49100428361159,50.398616790771484,5600,0.0,0.0
2019-02-05 00:00:00-05:00,50.098163936944914,56.107230736773154,49.41972395241998,50.88322067260742,27600,0.0,0.0
2019-02-06 00:00:00-05:00,49.52633330911631,50.88322067260742,49.468183423140246,50.88322067260742,2100,0.0,0.0
2019-02-07 00:00:00-05:00,50.83476120188716,50.88322067260742,50.83476120188716,50.88322067260742,1400,0.0,0.0
2019-02-08 00:00:00-05:00,50.87353478644192,54.27544021606445,50.87353478644192,54.27544021606445,2000,0.0,0.0
2019-02-11 00:00:00-05:00,50.55370364114719,54.27544885325956,50.55370364114719,54.15914535522461,4000,0.0,0.0
2019-02-12 00:00:00-05:00,54.13005565907152,54.22697830200195,52.38548875575243,54.22697830200195,1600,0.0,0.0
2019-02-13 00:00:00-05:00,54.2269772069235,54.2269772069235,51.619815471667046,53.30623245239258,11000,0.0,0.0
2019-02-14 00:00:00-05:00,53.306235712989,54.905424263267044,53.306235712989,54.88603973388672,12500,0.0,0.0
2019-02-15 00:00:00-05:00,52.724716953815445,54.63404696701404,52.724716953815445,52.86040496826172,4300,0.0,0.0
2019-02-19 00:00:00-05:00,52.337032981843585,52.72471618652344,51.755511872044856,52.72471618652344,3800,0.0,0.0
2019-02-20 00:00:00-05:00,52.55994084462994,52.77316694168895,52.55025042986382,52.734397888183594,1300,0.0,0.0
2019-02-21 00:00:00-05:00,51.46474740327478,54.275441382318995,51.36782845112334,52.976707458496094,5400,0.0,0.0
2019-02-22 00:00:00-05:00,52.96701431274414,52.96701431274414,51.39690074880833,52.96701431274414,2900,0.0,0.0
2019-02-25 00:00:00-05:00,52.60840606689453,52.60840606689453,52.60840606689453,52.60840606689453,100,0.0,0.0
2019-02-26 00:00:00-05:00,52.60840606689453,52.60840606689453,51.7555089798146,52.60840606689453,2200,0.0,0.0
2019-02-27 00:00:00-05:00,52.43394637455546,52.43394637455546,52.240108489990234,52.240108489990234,1200,0.0,0.0
2019-02-28 00:00:00-05:00,51.949352507959894,57.66765974286342,51.79427995738054,55.4869499206543,5000,0.0,0.0
2019-03-01 00:00:00-05:00,55.48694397818482,55.48694397818482,54.27543865115022,54.46928024291992,4100,0.0,0.0
2019-03-04 00:00:00-05:00,53.306235069651244,54.033138275146484,52.33703079565758,54.033138275146484,3900,0.0,0.0
2019-03-05 00:00:00-05:00,52.55994817985447,54.27544021606445,52.55994817985447,54.27544021606445,4000,0.0,0.0
2019-03-06 00:00:00-05:00,53.548539402344055,55.3609504699707,53.548539402344055,55.3609504699707,4700,0.0,0.0
2019-03-07 00:00:00-05:00,53.99437109025297,57.15397920354238,53.99437109025297,56.69845199584961,9700,0.0,0.0
2019-03-08 00:00:00-05:00,55.48695378768675,56.73722839355469,55.244652679443575,56.73722839355469,6800,0.0,0.0
2019-03-11 00:00:00-04:00,55.40940328239964,56.21384455675708,53.98467559826085,54.779422760009766,2500,0.0,0.0
2019-03-12 00:00:00-04:00,56.09754431328561,58.15225633524232,56.09754431328561,57.18305206298828,5500,0.0,0.0
2019-03-13 00:00:00-04:00,57.39627730615754,57.39627730615754,56.679064528906636,56.94075012207031,6400,0.0,0.0
2019-03-14 00:00:00-04:00,57.909955267178816,57.909955267178816,57.18305206298828,57.18305206298828,1100,0.0,0.0
2019-03-15 00:00:00-04:00,55.24464383618585,57.43504387729953,55.24464383618585,56.21384811401367,5200,0.0,0.0
2019-03-18 00:00:00-04:00,57.43504964092329,57.43504964092329,55.748636098714506,55.76802062988281,2400,0.0,0.0
2019-03-19 00:00:00-04:00,56.213848546567625,56.213848546567625,55.35125732421875,55.35125732421875,3900,0.0,0.0
2019-03-20 00:00:00-04:00,56.194467744857285,56.20416185879692,55.341566882006845,55.70986557006836,5200,0.0,0.0
2019-03-21 00:00:00-04:00,56.204158979345685,56.204158979345685,55.72924724560589,56.05877685546875,2900,0.0,0.0
2019-03-22 00:00:00-04:00,57.38147373647712,57.38147373647712,56.11713692158169,57.264766693115234,1600,0.2,0.0
2019-03-25 00:00:00-04:00,54.33733309039025,57.3814697265625,54.33733309039025,57.3814697265625,3600,0.0,0.0
2019-03-26 00:00:00-04:00,56.89518775529823,56.89518775529823,56.16576227125595,56.88546371459961,1500,0.0,0.0
2019-03-27 00:00:00-04:00,56.89519119262695,56.89519119262695,55.15429470845763,56.89519119262695,1200,0.0,0.0
2019-03-28 00:00:00-04:00,56.010150005228,57.3814697265625,56.010150005228,57.3814697265625,1400,0.0,0.0
2019-03-29 00:00:00-04:00,57.381472054963744,57.420375638294345,56.80765718601211,57.313392639160156,2700,0.0,0.0
2019-04-01 00:00:00-04:00,56.438080746975075,57.42037582397461,56.438080746975075,57.42037582397461,5900,0.0,0.0
2019-04-02 00:00:00-04:00,57.63433433270181,57.63433433270181,56.36999763369486,56.40890121459961,2500,0.0,0.0
2019-04-03 00:00:00-04:00,56.40889947946367,56.79792785644531,55.88371228355332,56.79792785644531,2700,0.0,0.0
2019-04-04 00:00:00-04:00,56.40890436512872,57.381471681768865,56.40890436512872,57.09942626953125,1500,0.0,0.0
2019-04-05 00:00:00-04:00,57.09942196394722,57.527353925432585,56.05877531041625,56.554786682128906,1500,0.0,0.0
2019-04-08 00:00:00-04:00,57.38147690566791,57.38147690566791,56.895193203077504,57.28422164916992,3500,0.0,0.0
2019-04-09 00:00:00-04:00,57.36202600724606,57.36202600724606,56.02960968017578,56.02960968017578,3400,0.0,0.0
2019-04-10 00:00:00-04:00,57.381468904264025,58.15952197790512,57.323113532472306,57.96500778198242,3400,0.0,0.0
2019-04-11 00:00:00-04:00,58.35403060913086,63.1001557607713,58.35403060913086,58.35403060913086,6900,0.0,0.0
2019-04-12 00:00:00-04:00,58.56800209829772,60.007401210521195,57.624610660604404,58.75278854370117,6300,0.0,0.0
2019-04-15 00:00:00-04:00,58.40266096011708,60.201912547494594,58.40266096011708,58.723609924316406,2200,0.0,0.0
2019-04-16 00:00:00-04:00,58.888948860980456,60.20191693282432,58.888948860980456,59.26824951171875,3100,0.0,0.0
2019-04-17 00:00:00-04:00,60.25054512722219,60.7757323609435,59.24879828289083,59.812889099121094,4400,0.0,0.0
2019-04-18 00:00:00-04:00,60.2019157409668,60.2019157409668,60.2019157409668,60.2019157409668,1200,0.0,0.0
2019-04-22 00:00:00-04:00,59.81288446767284,60.20191284253931,58.93757247924805,58.93757247924805,2400,0.0,0.0
2019-04-23 00:00:00-04:00,57.955285519490644,60.78545621233497,57.955285519490644,59.03483581542969,8800,0.0,0.0
2019-04-24 00:00:00-04:00,57.83857910705405,60.78545686883943,57.614889070982706,59.9101448059082,3200,0.0,0.0
2019-04-25 00:00:00-04:00,60.78545630924285,61.2717399597168,60.78545630924285,61.2717399597168,1400,0.0,0.0
2019-04-26 00:00:00-04:00,60.785454827201214,60.9799690246582,60.785454827201214,60.9799690246582,1800,0.0,0.0
2019-04-29 00:00:00-04:00,59.423857523310204,61.028594970703125,58.40266265226454,61.028594970703125,12400,0.0,0.0
2019-04-30 00:00:00-04:00,60.97997399481431,62.23458677511655,59.96850305363808,61.95254135131836,24800,0.0,0.0
2019-05-01 00:00:00-04:00,62.24430820982299,70.02484673605086,61.8747315910132,66.95153045654297,26200,0.0,0.0
2019-05-02 00:00:00-04:00,68.206135235878,70.00539049647102,64.92858851251866,65.16200256347656,11000,0.0,0.0
2019-05-03 00:00:00-04:00,66.1345778514668,66.7181167602539,62.75976805918334,66.7181167602539,5300,0.0,0.0
2019-05-06 00:00:00-04:00,66.97097219695831,67.087682922106,64.18942965177361,66.9126205444336,12100,0.0,0.0
2019-05-07 00:00:00-04:00,65.43432019294393,66.61112561748439,63.12934067202454,65.16200256347656,18100,0.0,0.0
2019-05-08 00:00:00-04:00,64.87023144647263,65.74554343983371,63.2265978690437,64.6562728881836,11700,0.0,0.0
2019-05-09 00:00:00-04:00,64.56873949023212,64.67572248193048,61.563506522744945,63.2655029296875,10000,0.0,0.0
2019-05-10 00:00:00-04:00,64.17971346868133,64.17971346868133,62.779221615020575,64.0921859741211,8500,0.0,0.0
2019-05-13 00:00:00-04:00,64.87996675865197,65.11338084405463,63.21687748747051,64.43258666992188,9900,0.0,0.0
2019-05-14 00:00:00-04:00,63.84904781543705,65.25926750056621,63.800416480046394,65.1036605834961,6600,0.0,0.0
2019-05-15 00:00:00-04:00,64.29641741550837,65.59965388625162,64.18943443118184,64.96749114990234,20100,0.0,0.0
2019-05-16 00:00:00-04:00,65.59967096021948,65.59967096021948,64.58820735076223,65.14257049560547,3200,0.0,0.0
2019-05-17 00:00:00-04:00,64.32561012319093,66.40690385879287,63.74207114107743,66.02760314941406,4900,0.0,0.0
2019-05-20 00:00:00-04:00,66.40688550180491,66.40688550180491,64.87022758494355,65.89142608642578,4100,0.0,0.0
2019-05-21 00:00:00-04:00,65.84281133038175,66.52361297607422,65.8330909986594,66.52361297607422,5900,0.0,0.0
2019-05-22 00:00:00-04:00,66.62085226072487,68.56598663330078,64.43257609157698,68.56598663330078,7500,0.0,0.0
2019-05-23 00:00:00-04:00,67.17522536560203,67.59342961542231,66.1345786165283,66.25128936767578,8200,0.0,0.0
2019-05-24 00:00:00-04:00,66.13456482818161,67.5934155229209,66.11511675042836,67.10713195800781,4400,0.0,0.0
2019-05-28 00:00:00-04:00,67.22386023065512,69.05228424072266,64.94804869441015,69.05228424072266,7600,0.0,0.0
2019-05-29 00:00:00-04:00,69.05227022644476,69.05227022644476,67.17521526010506,68.56598663330078,19900,0.0,0.0
2019-05-30 00:00:00-04:00,67.40865262068898,71.96999667636683,66.95154469782558,69.43159484863281,18800,0.0,0.0
2019-05-31 00:00:00-04:00,69.15925705824823,69.15925705824823,62.594428185567565,64.18943786621094,14700,0.0,0.0
2019-06-03 00:00:00-04:00,64.6854518375835,66.80564880371094,63.284952580662775,66.80564880371094,8100,0.0,0.0
2019-06-04 00:00:00-04:00,66.97099138290265,67.88520710821972,64.1408167030894,66.79592895507812,7300,0.0,0.0
2019-06-05 00:00:00-04:00,65.74554637702923,66.71811365308025,64.72435518923534,65.4635009765625,6100,0.0,0.0
2019-06-06 00:00:00-04:00,65.64830433238636,66.864013671875,64.10192561420527,66.864013671875,8500,0.0,0.0
2019-06-07 00:00:00-04:00,67.42809192638144,67.42809192638144,64.0824580778299,67.0098876953125,9600,0.0,0.0
2019-06-10 00:00:00-04:00,66.92235903108264,71.9408102726095,65.65802588937488,69.06201171875,44100,0.0,0.0
2019-06-11 00:00:00-04:00,69.05227406819661,72.66049763965808,69.05227406819661,70.02484130859375,38400,0.0,0.0
2019-06-12 00:00:00-04:00,70.5111225027787,74.79041969731196,62.24430124383224,73.91510772705078,41700,0.0,0.0
2019-06-13 00:00:00-04:00,73.91511863034951,74.01237388136944,70.60838815497176,71.5809555053711,23300,0.0,0.0
2019-06-14 00:00:00-04:00,72.69941144594463,72.69941144594463,69.11063544963248,71.29891204833984,31400,0.0,0.0
2019-06-17 00:00:00-04:00,71.27945866093509,71.96998055694789,69.51911421363623,71.67820739746094,34200,0.0,0.0
2019-06-18 00:00:00-04:00,71.5906849550869,71.96998563713404,70.16100972886294,71.30863952636719,27200,0.0,0.0
2019-06-19 00:00:00-04:00,71.33782602028838,71.33782602028838,68.08945406913003,69.44132232666016,41000,0.0,0.0
2019-06-20 00:00:00-04:00,69.44130488544303,70.66674172897835,67.68095307287659,68.3812026977539,45300,0.0,0.0
2019-06-21 00:00:00-04:00,68.5665291352463,69.95151265724274,67.00597635642913,68.47874450683594,34900,0.2,0.0
2019-06-24 00:00:00-04:00,69.53211569934284,70.19534840081378,66.6158458896292,66.9864730834961,36500,0.0,0.0
2019-06-25 00:00:00-04:00,66.97671145356941,70.10755735687066,65.0065245319536,67.08399963378906,42500,0.0,0.0
2019-06-26 00:00:00-04:00,68.19588635433844,68.19588635433844,65.34789052340156,67.04498291015625,19100,0.0,0.0
2019-06-27 00:00:00-04:00,66.95720652240375,67.52290647174259,65.34789129334425,65.49419403076172,40400,0.0,0.0
2019-06-28 00:00:00-04:00,66.4890539149827,68.7616022724444,65.3479057057273,67.25957489013672,803400,0.0,0.0
2019-07-01 00:00:00-04:00,67.71797268100283,71.13166853786201,67.53265538185379,69.36630249023438,74800,0.0,0.0
2019-07-02 00:00:00-04:00,68.30318484455347,69.7857085429132,67.80575844459236,69.249267578125,36300,0.0,0.0
2019-07-03 00:00:00-04:00,68.488493848263,69.73693000601989,67.54241122960667,68.33243560791016,48500,0.0,0.0
2019-07-05 00:00:00-04:00,68.26416229108648,68.66405595281586,66.84016432724498,68.05934143066406,13100,0.0,0.0
2019-07-08 00:00:00-04:00,67.7667451236977,68.2056459156466,66.56707154909513,67.15227508544922,25600,0.0,0.0
2019-07-09 00:00:00-04:00,66.42078099313999,66.99623657572745,64.91875359473487,66.71338653564453,10700,0.0,0.0
2019-07-10 00:00:00-04:00,66.5475648106479,66.83040734405098,64.46032680994024,65.49419403076172,10900,0.0,0.0
2019-07-11 00:00:00-04:00,65.68926261293366,65.68926261293366,63.60203195097382,64.44082641601562,13100,0.0,0.0
2019-07-12 00:00:00-04:00,64.44083188640131,64.58713464342439,63.494749157755095,64.40181732177734,6100,0.0,0.0
2019-07-15 00:00:00-04:00,65.32838700179428,65.32838700179428,62.84126281738281,62.84126281738281,7400,0.0,0.0
2019-07-16 00:00:00-04:00,62.519401925474675,62.519401925474675,60.490693109805356,61.13441848754883,12800,0.0,0.0
2019-07-17 00:00:00-04:00,61.553810563614306,63.299672965729286,60.480932543480655,63.12411117553711,15800,0.0,0.0
2019-07-18 00:00:00-04:00,64.86022914800931,64.86022914800931,63.153381012535384,63.182640075683594,5700,0.0,0.0
2019-07-19 00:00:00-04:00,61.49529801125347,62.20729705869381,56.42352005018817,56.57957458496094,39100,0.0,0.0
2019-07-22 00:00:00-04:00,56.891688288953134,57.15502729759722,55.604233705606305,56.24795913696289,11700,0.0,0.0
2019-07-23 00:00:00-04:00,55.62373776633778,57.89628578702477,55.594478704990486,57.057491302490234,12700,0.0,0.0
2019-07-24 00:00:00-04:00,56.71611831688038,57.535405449988545,56.091896536856886,57.03797912597656,10200,0.0,0.0
2019-07-25 00:00:00-04:00,56.71612584518507,57.46713573964035,53.90714048444011,54.111961364746094,14000,0.0,0.0
2019-07-26 00:00:00-04:00,54.033936872595234,56.35524766331902,54.033936872595234,55.73102951049805,11300,0.0,0.0
2019-07-29 00:00:00-04:00,54.53135595622289,56.24795576333815,54.43382327151069,55.350643157958984,9100,0.0,0.0
2019-07-30 00:00:00-04:00,54.77518988328982,56.579570545310936,54.73617532222378,55.009273529052734,15600,0.0,0.0
2019-07-31 00:00:00-04:00,54.98001459913982,57.40861724643474,54.98001459913982,56.4722900390625,10400,0.0,0.0
2019-08-01 00:00:00-04:00,56.23819823915974,56.23819823915974,53.05858616231474,53.30242156982422,42300,0.0,0.0
2019-08-02 00:00:00-04:00,53.273161017054555,54.91173532164108,53.273161017054555,54.560611724853516,15500,0.0,0.0
2019-08-05 00:00:00-04:00,53.74132462803768,54.8824763187753,53.273161072048694,53.69255828857422,22400,0.0,0.0
2019-08-06 00:00:00-04:00,53.86812879918566,54.833718847512145,53.79985516876836,54.443580627441406,14100,0.0,0.0
2019-08-07 00:00:00-04:00,53.76083624637105,54.453331716915095,53.76083624637105,54.014427185058594,2900,0.0,0.0
2019-08-08 00:00:00-04:00,54.229002417996526,54.88248335663229,54.00467425119132,54.1314697265625,16400,0.0,0.0
2019-08-09 00:00:00-04:00,54.014423814595965,54.58012005986368,54.014423814595965,54.33628463745117,9300,0.0,0.0
2019-08-12 00:00:00-04:00,54.268009967741605,54.91173532164108,53.780339132344025,54.560611724853516,8300,0.0,0.0
2019-08-13 00:00:00-04:00,54.68741243317143,55.12631697128548,54.68741243317143,54.794700622558594,5000,0.0,0.0
2019-08-14 00:00:00-04:00,54.141217100388275,54.37530074966283,53.69256080329823,53.94615173339844,14100,0.0,0.0
2019-08-15 00:00:00-04:00,54.07293871373023,54.453325075366685,53.79009246826172,53.79009246826172,5100,0.0,0.0
2019-08-16 00:00:00-04:00,54.004672770425984,54.47283637361326,53.838866455407675,54.27777099609375,10200,0.0,0.0
2019-08-19 00:00:00-04:00,54.277772484347224,54.277772484347224,53.93640062306076,54.1314697265625,9200,0.0,0.0
2019-08-20 00:00:00-04:00,53.97541351537395,54.61913893253925,52.60018177321929,53.4389762878418,19000,0.0,0.0
2019-08-21 00:00:00-04:00,53.62428633003666,55.594477014572966,53.62428633003666,54.521602630615234,15300,0.0,0.0
2019-08-22 00:00:00-04:00,54.862971291641124,55.58472579548984,53.99491776339472,54.21924591064453,7600,0.0,0.0
2019-08-23 00:00:00-04:00,54.15097264419458,54.74593168763368,53.16587542519868,53.565765380859375,14000,0.0,0.0
2019-08-26 00:00:00-04:00,54.18998919221687,55.69201266571061,53.45848287670946,54.6093864440918,4700,0.0,0.0
2019-08-27 00:00:00-04:00,54.27776788835883,54.86297142867805,53.65354606588273,53.838863372802734,9200,0.0,0.0
2019-08-28 00:00:00-04:00,53.81935180323666,54.51184347224496,53.67304906949887,54.00466537475586,7300,0.0,0.0
2019-08-29 00:00:00-04:00,54.53135476009886,55.233601980650114,53.63404217440189,53.86812210083008,10300,0.0,0.0
2019-08-30 00:00:00-04:00,54.043683076276565,54.1217121976436,53.029326822304796,53.08784866333008,9500,0.0,0.0
2019-09-03 00:00:00-04:00,53.08785125171831,54.72642567398471,53.08785125171831,53.448726654052734,15600,0.0,0.0
2019-09-04 00:00:00-04:00,53.916887121431856,54.16072254252463,53.62428536024717,53.87787628173828,16800,0.0,0.0
2019-09-05 00:00:00-04:00,53.809600632244184,54.346041552016814,53.65354610666488,54.326534271240234,22300,0.0,0.0
2019-09-06 00:00:00-04:00,54.17047815687539,54.66790077987239,53.94615001547413,54.22899627685547,9700,0.0,0.0
2019-09-09 00:00:00-04:00,54.31677973061312,60.19809290622382,54.22899882588361,60.12006378173828,39600,0.0,0.0
2019-09-10 00:00:00-04:00,58.930141613809795,60.75403320622849,56.56981657039715,60.14931869506836,33300,0.0,0.0
2019-09-11 00:00:00-04:00,59.88597820492402,62.29506952652507,58.6180310959799,62.0317268371582,26100,0.0,0.0
2019-09-12 00:00:00-04:00,61.95371138397604,64.85047399066389,61.70012043323368,64.37255859375,36500,0.0,0.0
2019-09-13 00:00:00-04:00,64.5286107524889,65.43567139421198,64.431070629009,64.95775604248047,31500,0.0,0.0
2019-09-16 00:00:00-04:00,64.72367764119966,65.83556661540288,63.075347740290105,65.54296112060547,37200,0.0,0.0
2019-09-17 00:00:00-04:00,65.45519185587018,66.65485815889137,64.74318903439878,66.2452163696289,28400,0.0,0.0
2019-09-18 00:00:00-04:00,66.32323705294256,67.75699057395445,65.17233352407906,66.33299255371094,47300,0.0,0.0
2019-09-19 00:00:00-04:00,66.46953378509983,67.6496962682181,66.46953378509983,67.16202545166016,33500,0.0,0.0
2019-09-20 00:00:00-04:00,67.06450287712565,67.7472391466266,59.75919130776289,66.68412017822266,216400,0.0,0.0
2019-09-23 00:00:00-04:00,65.17767810578724,66.68411196579629,61.587674066096604,65.68634796142578,24300,0.2,0.0
2019-09-24 00:00:00-04:00,65.7450329592238,66.06784179057085,64.12121960749545,65.17767333984375,35000,0.0,0.0
2019-09-25 00:00:00-04:00,64.8939953396959,65.6570000886371,64.25816924355854,65.42222595214844,24100,0.0,0.0
2019-09-26 00:00:00-04:00,65.16790129898713,65.16790129898713,62.88868600189048,63.22127151489258,25100,0.0,0.0
2019-09-27 00:00:00-04:00,63.2212746797536,63.896237324526695,61.77353801888501,62.29198455810547,14400,0.0,0.0
2019-09-30 00:00:00-04:00,62.02786449296751,65.44179528800129,61.5974564301971,64.73748779296875,23400,0.0,0.0
2019-10-01 00:00:00-04:00,64.96247506670359,65.41244762216078,62.93758737249949,63.279964447021484,18200,0.0,0.0
2019-10-02 00:00:00-04:00,63.084325161421674,63.54408188052925,62.448495291292325,63.3875732421875,14900,0.0,0.0
2019-10-03 00:00:00-04:00,63.16258372347545,63.651685349787975,62.18438047085041,62.976722717285156,9400,0.0,0.0
2019-10-04 00:00:00-04:00,62.634356001239574,63.36800847502533,61.98874197357009,62.88869094848633,11000,0.0,0.0
2019-10-07 00:00:00-04:00,62.702827511334284,67.39820614741583,62.702827511334284,65.52005767822266,42400,0.0,0.0
2019-10-08 00:00:00-04:00,65.28527746751725,65.51026748035063,63.67124074461066,64.4244613647461,7800,0.0,0.0
2019-10-09 00:00:00-04:00,65.4417996875898,65.4417996875898,64.63967331167615,65.38310241699219,22500,0.0,0.0
2019-10-10 00:00:00-04:00,65.38309895853251,66.45912845975468,64.80596264705719,65.52983093261719,49800,0.0,0.0
2019-10-11 00:00:00-04:00,65.93090170678161,65.93090170678161,64.14078793652938,64.54185485839844,16500,0.0,0.0
2019-10-14 00:00:00-04:00,64.56142335030557,65.03096425843523,63.827770812233915,64.4049072265625,6700,0.0,0.0
2019-10-15 00:00:00-04:00,62.60502036561686,65.44181184355388,62.50720151391558,65.32442474365234,15800,0.0,0.0
2019-10-16 00:00:00-04:00,64.4538166316432,65.39289093017578,62.02787282799261,65.39289093017578,8500,0.0,0.0
2019-10-17 00:00:00-04:00,65.39287930475183,66.6547622680664,64.90377772810731,66.6547622680664,22600,0.0,0.0
2019-10-18 00:00:00-04:00,66.37109619207087,66.90911102294922,66.19501928951972,66.90911102294922,17900,0.0,0.0
2019-10-21 00:00:00-04:00,66.96778474239663,68.22966766357422,65.58852222312649,68.22966766357422,11100,0.0,0.0
2019-10-22 00:00:00-04:00,68.26881016663647,68.26881016663647,67.83839832036672,67.9851303100586,13200,0.0,0.0
2019-10-23 00:00:00-04:00,68.18076619213878,68.18076619213878,67.00692523171325,67.7405776977539,5500,0.0,0.0
2019-10-24 00:00:00-04:00,65.68634372214699,67.85795593261719,65.53961175544805,67.85795593261719,7900,0.0,0.0
2019-10-25 00:00:00-04:00,67.7405604882194,67.98511124810467,65.69611971786507,67.56448364257812,7500,0.0,0.0
2019-10-28 00:00:00-04:00,67.6525381557264,68.46444115491045,67.49602205852092,68.00468444824219,5300,0.0,0.0
2019-10-29 00:00:00-04:00,67.74057437630111,69.83392871304795,67.33950746557655,68.52313995361328,36500,0.0,0.0
2019-10-30 00:00:00-04:00,68.55247557387597,69.69697141866006,68.219882636471,69.61871337890625,12900,0.0,0.0
2019-10-31 00:00:00-04:00,69.49156018686647,69.49156018686647,68.22967709132604,68.47422790527344,10300,0.0,0.0
2019-11-01 00:00:00-04:00,68.76769186724975,68.79703677082767,67.31016364269225,68.47422790527344,14300,0.0,0.0
2019-11-04 00:00:00-05:00,68.66009262977896,68.66009262977896,68.1905517578125,68.1905517578125,5300,0.0,0.0
2019-11-05 00:00:00-05:00,67.39820495641625,69.72632598876953,67.39820495641625,69.72632598876953,16900,0.0,0.0
2019-11-06 00:00:00-05:00,68.47423486583102,69.57960197052081,66.51782815537871,68.18077087402344,13100,0.0,0.0
2019-11-07 00:00:00-05:00,68.56226656451773,68.56226656451773,67.76992426988858,68.05360412597656,20100,0.0,0.0
2019-11-08 00:00:00-05:00,67.11452198118378,67.95577732812752,66.12653466198742,66.14610290527344,10300,0.0,0.0
2019-11-11 00:00:00-05:00,66.09719003642367,67.4862367916117,66.09719003642367,67.34928894042969,4300,0.0,0.0
2019-11-12 00:00:00-05:00,67.30038297984157,68.08294106005947,65.8624230852798,66.78192901611328,5900,0.0,0.0
2019-11-13 00:00:00-05:00,66.57649657996102,67.9851113471432,66.02870526521102,67.49600982666016,12200,0.0,0.0
2019-11-14 00:00:00-05:00,67.64275266630673,68.21988897111255,66.02871589622386,67.48623657226562,14300,0.0,0.0
2019-11-15 00:00:00-05:00,67.68188168981702,67.88730346592239,67.28081479616026,67.48623657226562,8400,0.0,0.0
2019-11-18 00:00:00-05:00,67.21234523044323,67.21234523044323,65.68635053005113,66.79171752929688,7400,0.0,0.0
2019-11-19 00:00:00-05:00,66.98735650864744,67.44710573052858,66.71345335145932,67.24168395996094,10700,0.0,0.0
2019-11-20 00:00:00-05:00,67.30038066477962,67.44710516889334,66.94822692871094,66.94822692871094,14200,0.0,0.0
2019-11-21 00:00:00-05:00,67.10473643605931,67.47645841962712,66.62541896909333,67.03626251220703,4100,0.0,0.0
2019-11-22 00:00:00-05:00,66.95800316046454,67.76012945126827,66.64497844851913,67.22212219238281,10000,0.0,0.0
2019-11-25 00:00:00-05:00,67.40799979225794,68.47423791464094,67.32974172921158,68.37641906738281,31800,0.0,0.0
2019-11-26 00:00:00-05:00,68.29814652482983,68.47422339780525,67.00691861070942,67.89708709716797,43200,0.0,0.0
2019-11-27 00:00:00-05:00,67.90686457753523,67.90686457753523,66.73302371889068,67.28081512451172,11200,0.0,0.0
2019-11-29 00:00:00-05:00,67.16343912396194,67.98512627652762,66.4297866821289,66.4297866821289,6400,0.0,0.0
2019-12-02 00:00:00-05:00,66.9286580024557,67.41775957943318,64.32664149374632,64.33641815185547,14100,0.0,0.0
2019-12-03 00:00:00-05:00,64.10165780865184,66.39065729554318,64.10165780865184,65.93090057373047,8900,0.0,0.0
2019-12-04 00:00:00-05:00,66.19501443205081,66.23414345897966,64.85488070945699,65.19725036621094,7400,0.0,0.0
2019-12-05 00:00:00-05:00,65.19724181159097,65.72547241117239,63.65167903464143,64.2679443359375,25800,0.0,0.0
2019-12-06 00:00:00-05:00,63.60277698643694,67.09496256248413,63.60277698643694,66.80150604248047,19600,0.0,0.0
2019-12-09 00:00:00-05:00,66.61563847316104,66.90910242741265,65.20703089680914,66.04827880859375,11500,0.0,0.0
2019-12-10 00:00:00-05:00,66.13632092312497,67.00692120006332,65.11898866918725,66.18523406982422,11400,0.0,0.0
2019-12-11 00:00:00-05:00,65.99938129819908,66.41022491455078,65.07986775989826,66.41022491455078,7100,0.0,0.0
2019-12-12 00:00:00-05:00,66.1460996075836,66.51781411740686,64.62988174172713,66.08740234375,9800,0.0,0.0
2019-12-13 00:00:00-05:00,66.10698340250337,67.49603035193563,65.39289168168301,66.32218933105469,18800,0.0,0.0
2019-12-16 00:00:00-05:00,66.73302502841895,67.49602234782033,66.71345678463526,67.09495544433594,13500,0.0,0.0
2019-12-17 00:00:00-05:00,66.92867120690305,67.87752964753658,66.71346527647904,67.25148010253906,16700,0.0,0.0
2019-12-18 00:00:00-05:00,66.7819351916973,67.98512851976746,66.71346126005747,67.7405776977539,15400,0.0,0.0
2019-12-19 00:00:00-05:00,67.55471110142716,68.2198895808509,67.55471110142716,67.84817504882812,10000,0.0,0.0
2019-12-20 00:00:00-05:00,68.20135123191277,68.37793731689453,67.37728782511867,68.37793731689453,54500,0.2,0.0
2019-12-23 00:00:00-05:00,68.132663127013,68.67223367115818,67.68138934676408,67.81873321533203,17800,0.0,0.0
2019-12-24 00:00:00-05:00,67.75988806775108,68.18173217773438,67.75988806775108,68.18173217773438,3700,0.0,0.0
2019-12-26 00:00:00-05:00,68.00514895166437,68.67225111906541,67.94628941723178,68.36813354492188,8100,0.0,0.0
2019-12-27 00:00:00-05:00,67.38709686307149,68.5643323807957,67.38709686307149,67.98552703857422,8300,0.0,0.0
2019-12-30 00:00:00-05:00,68.18172107546134,68.47603365670936,68.18172107546134,68.4269790649414,6400,0.0,0.0
2019-12-31 00:00:00-05:00,68.43680221375325,68.68206024169922,68.16211442000274,68.68206024169922,12300,0.0,0.0
2020-01-02 00:00:00-05:00,68.66242386595061,68.66242386595061,67.27917271289277,68.50546264648438,7900,0.0,0.0
2020-01-03 00:00:00-05:00,67.76969761334894,67.94628368643427,66.7199935913086,66.7199935913086,11500,0.0,0.0
2020-01-06 00:00:00-05:00,66.57283790157923,67.6912138799518,65.13071953876177,67.21051025390625,11000,0.0,0.0
2020-01-07 00:00:00-05:00,67.22031637298805,67.81874655431378,66.27852645270848,66.63169860839844,3400,0.0,0.0
2020-01-08 00:00:00-05:00,67.06334540876497,67.06334540876497,66.39624337633515,66.65131378173828,3100,0.0,0.0
2020-01-09 00:00:00-05:00,66.14117931985129,67.02410966586123,65.5721789319026,66.94562530517578,13700,0.0,0.0
2020-01-10 00:00:00-05:00,66.96525013768743,67.1025940265467,66.47473411042421,66.94562530517578,5600,0.0,0.0
2020-01-13 00:00:00-05:00,66.97505057249371,67.20069122314453,65.87629953539084,67.20069122314453,5500,0.0,0.0
2020-01-14 00:00:00-05:00,67.26936019723634,67.64214964200664,64.88545227050781,64.88545227050781,19500,0.0,0.0
2020-01-15 00:00:00-05:00,65.02280395069769,67.07316485479916,64.64020204482796,65.23863220214844,6900,0.0,0.0
2020-01-16 00:00:00-05:00,65.58198320201708,66.27851497605083,64.63038102977896,65.5329360961914,9200,0.0,0.0
2020-01-17 00:00:00-05:00,65.79782958043432,65.8370717667308,64.55192197541825,65.43484497070312,4700,0.0,0.0
2020-01-21 00:00:00-05:00,65.41521473968989,65.60161321672605,63.924049377441406,63.924049377441406,9200,0.0,0.0
2020-01-22 00:00:00-05:00,64.30664888119088,65.7291422494335,64.30664888119088,65.71932983398438,4300,0.0,0.0
2020-01-23 00:00:00-05:00,65.53294536336796,65.7291487837756,64.53228845911913,65.09147644042969,8000,0.0,0.0
2020-01-24 00:00:00-05:00,64.98356137312699,65.2386318037092,64.58134212170947,64.81678771972656,5600,0.0,0.0
2020-01-27 00:00:00-05:00,63.86518545540513,64.74811580421694,62.67813756382283,62.79586410522461,9600,0.0,0.0
2020-01-28 00:00:00-05:00,63.32562286425142,63.32562286425142,62.64870834350586,62.64870834350586,3200,0.0,0.0
2020-01-29 00:00:00-05:00,62.76642691309335,63.81613459608259,62.09932485368303,63.43353271484375,11100,0.0,0.0
2020-01-30 00:00:00-05:00,63.27656677603406,63.7670827975537,62.3642066766203,62.697757720947266,8500,0.0,0.0
2020-01-31 00:00:00-05:00,62.599657471810566,62.599657471810566,61.11829695660307,61.54995346069336,17800,0.0,0.0
2020-02-03 00:00:00-05:00,61.55975996035048,61.84426014757192,61.55975996035048,61.5695686340332,8500,0.0,0.0
2020-02-04 00:00:00-05:00,62.295534413261386,62.58984327619457,62.295534413261386,62.45249938964844,8300,0.0,0.0
2020-02-05 00:00:00-05:00,62.8056670365594,63.27656570248845,62.78604968929086,63.16865158081055,7900,0.0,0.0
2020-02-06 00:00:00-05:00,63.24713742812878,63.76708321680926,60.95152228263004,63.29618453979492,9400,0.0,0.0
2020-02-07 00:00:00-05:00,63.39428897284098,63.39428897284098,61.814823150634766,61.814823150634766,9100,0.0,0.0
2020-02-10 00:00:00-05:00,62.14837625742497,63.021494146438734,62.14837625742497,62.54079055786133,7000,0.0,0.0
2020-02-11 00:00:00-05:00,62.36420449689898,62.923392442499704,61.97179019646262,62.54079055786133,4800,0.0,0.0
2020-02-12 00:00:00-05:00,62.85472300508342,62.85472300508342,62.001226171326564,62.481929779052734,3800,0.0,0.0
2020-02-13 00:00:00-05:00,62.1679973466808,62.77623988659116,61.80501655129825,62.54079055786133,7900,0.0,0.0
2020-02-14 00:00:00-05:00,62.49174210079717,62.59965622466982,61.079053558959146,62.128761291503906,2600,0.0,0.0
2020-02-18 00:00:00-05:00,62.540790616758294,62.540790616758294,62.09932546393668,62.256290435791016,2600,0.0,0.0
2020-02-19 00:00:00-05:00,62.28572673157032,62.28572673157032,60.83379599893912,61.80501937866211,4000,0.0,0.0
2020-02-20 00:00:00-05:00,61.80501757828314,62.2955335908092,60.83379422685187,61.60881042480469,3700,0.0,0.0
2020-02-21 00:00:00-05:00,61.785400466482734,63.04112408418501,61.412607225107024,61.96198654174805,5300,0.0,0.0
2020-02-24 00:00:00-05:00,61.069248106189,62.48193298019804,61.069248106189,61.991416931152344,22000,0.0,0.0
2020-02-25 00:00:00-05:00,61.51070340314446,62.10913348548108,61.226203242305765,61.94235610961914,10900,0.0,0.0
2020-02-26 00:00:00-05:00,61.4224195662877,62.07970926825904,61.4224195662877,61.785400390625,1900,0.0,0.0
2020-02-27 00:00:00-05:00,61.03000634901718,61.805022610067034,60.176509465590634,60.21575164794922,15300,0.0,0.0
2020-02-28 00:00:00-05:00,59.107181763556426,59.538834523798805,57.78278997616391,58.07709884643555,25100,0.0,0.0
2020-03-02 00:00:00-05:00,58.36159553888481,62.2955322265625,58.36159553888481,62.2955322265625,23200,0.0,0.0
2020-03-03 00:00:00-05:00,62.4426897103401,62.4426897103401,59.05812848526179,59.87238311767578,11800,0.0,0.0
2020-03-04 00:00:00-05:00,60.8239846404389,61.79520797729492,60.56891796438285,61.79520797729492,8000,0.0,0.0
2020-03-05 00:00:00-05:00,61.500896481141496,61.79520908338046,58.940406031916034,60.57872772216797,19300,0.0,0.0
2020-03-06 00:00:00-05:00,59.10717726471223,59.54864240768846,57.792594251371916,58.224246978759766,24600,0.0,0.0
2020-03-09 00:00:00-04:00,55.997309984450034,58.76382000549935,53.986191332104504,56.89004898071289,6300,0.0,0.0
2020-03-10 00:00:00-04:00,57.8612640576892,58.41064329784088,55.820719544328504,56.115028381347656,14100,0.0,0.0
2020-03-11 00:00:00-04:00,55.546032241449524,55.555844657415996,50.67030561902352,52.38711166381836,8100,0.0,0.0
2020-03-12 00:00:00-04:00,50.9548005019899,52.916864493103965,48.512032928763325,51.79848861694336,14500,0.0,0.0
2020-03-13 00:00:00-04:00,51.43550968068146,56.115032917265125,51.43550968068146,54.93779373168945,13600,0.0,0.0
2020-03-16 00:00:00-04:00,53.74093819164374,53.74093819164374,43.06731144921004,44.50942611694336,21600,0.0,0.0
2020-03-17 00:00:00-04:00,43.85213688917928,50.03263854980469,42.80243281114905,50.03263854980469,23100,0.0,0.0
2020-03-18 00:00:00-04:00,48.325635494343665,48.84558500796801,43.96004601405153,47.35441589355469,28600,0.0,0.0
2020-03-19 00:00:00-04:00,47.99208638995941,52.99535212166862,47.99208638995941,52.23014831542969,29000,0.0,0.0
2020-03-20 00:00:00-04:00,51.39312549789056,53.61862035263371,47.03076551263702,49.67969512939453,31000,0.2,0.0
2020-03-23 00:00:00-04:00,50.03419596229547,51.826406529524874,46.932291034770635,48.2518310546875,17500,0.0,0.0
2020-03-24 00:00:00-04:00,50.66442416997452,54.11098358621153,50.556103130146234,53.23457336425781,17900,0.0,0.0
2020-03-25 00:00:00-04:00,53.41182598508175,54.888922896924754,51.21587193713099,53.303504943847656,15100,0.0,0.0
2020-03-26 00:00:00-04:00,53.667854500410726,57.843116760253906,52.200603247469004,57.843116760253906,15600,0.0,0.0
2020-03-27 00:00:00-04:00,56.080447450118,57.36059736974031,50.240990627669504,50.713661193847656,5300,0.0,0.0
2020-03-30 00:00:00-04:00,51.62945834162052,54.16021728515625,51.30449523481286,54.16021728515625,6300,0.0,0.0
2020-03-31 00:00:00-04:00,53.90419112503722,55.14495086669922,49.856945022895424,55.14495086669922,9900,0.0,0.0
2020-04-01 00:00:00-04:00,52.33847023264683,52.33847023264683,50.044044494628906,50.044044494628906,10700,0.0,0.0
2020-04-02 00:00:00-04:00,51.90518181092955,56.06074876990271,51.90518181092955,54.15037155151367,23500,0.0,0.0
2020-04-03 00:00:00-04:00,53.22472379925452,54.455637873041404,51.52113917190767,53.59892272949219,16600,0.0,0.0
2020-04-06 00:00:00-04:00,56.14937830133772,59.03464126586914,56.129683224870575,59.03464126586914,16200,0.0,0.0
2020-04-07 00:00:00-04:00,59.03463808335349,59.03463808335349,55.22372926902006,58.3453254699707,9300,0.0,0.0
2020-04-08 00:00:00-04:00,58.53242194074059,58.98540115356445,57.40982895909968,58.98540115356445,13900,0.0,0.0
2020-04-09 00:00:00-04:00,59.034639956302826,59.88150944334527,56.68113283923701,58.90662384033203,15100,0.0,0.0
2020-04-13 00:00:00-04:00,58.197619152368986,58.197619152368986,55.73579086747264,55.79487609863281,5800,0.0,0.0
2020-04-14 00:00:00-04:00,57.26212185580671,57.94158504421893,52.80128688181326,55.63731384277344,5300,0.0,0.0
2020-04-15 00:00:00-04:00,53.9238830967544,58.00067374054702,51.80671310424805,51.80671310424805,8400,0.0,0.0
2020-04-16 00:00:00-04:00,53.342889221905324,53.342889221905324,46.774733684467385,51.21586990356445,15300,0.0,0.0
2020-04-17 00:00:00-04:00,52.28923123601724,55.903197109346856,52.28923123601724,54.652587890625,13100,0.0,0.0
2020-04-20 00:00:00-04:00,52.72251109553588,56.32662725663371,50.73335355488768,51.1961784362793,6700,0.0,0.0
2020-04-21 00:00:00-04:00,48.93129734320838,50.56595116426408,48.93129734320838,50.073585510253906,3500,0.0,0.0
2020-04-22 00:00:00-04:00,49.03961735669725,53.3724365234375,49.03961735669725,53.3724365234375,5500,0.0,0.0
2020-04-23 00:00:00-04:00,52.47632808086332,53.05731965607532,49.984955517775454,50.802284240722656,7600,0.0,0.0
2020-04-24 00:00:00-04:00,50.762899702164916,53.66785789938534,50.22129821777344,50.22129821777344,3900,0.0,0.0
2020-04-27 00:00:00-04:00,53.175490159914965,53.175490159914965,51.41282023269528,53.05732345581055,8000,0.0,0.0
2020-04-28 00:00:00-04:00,53.658004673777704,54.219301156560086,52.89976119995117,52.89976119995117,6800,0.0,0.0
2020-04-29 00:00:00-04:00,54.78060170723519,56.37586531589599,54.78060170723519,54.800296783447266,13600,0.0,0.0
2020-04-30 00:00:00-04:00,53.52999034112044,53.52999034112044,50.073581615217115,50.43793487548828,6900,0.0,0.0
2020-05-01 00:00:00-04:00,49.28580326254272,53.38228552382402,49.28580326254272,52.18091583251953,8500,0.0,0.0
2020-05-04 00:00:00-04:00,51.964267036147504,54.061745590831414,51.40297054011894,51.89533615112305,7300,0.0,0.0
2020-05-05 00:00:00-04:00,50.97954179850229,51.097708507208154,49.65015223886653,50.22129821777344,7000,0.0,0.0
2020-05-06 00:00:00-04:00,50.625035593789846,54.33747301704141,49.74862534455559,50.3690071105957,3300,0.0,0.0
2020-05-07 00:00:00-04:00,50.85152335526654,50.86137277180678,49.23656463623047,49.23656463623047,13500,0.0,0.0
2020-05-08 00:00:00-04:00,50.56594990335182,50.94014884287505,49.94557189941406,49.94557189941406,5400,0.0,0.0
2020-05-11 00:00:00-04:00,49.266104453290424,49.72892935429594,49.236563717124696,49.52213668823242,13700,0.0,0.0
2020-05-12 00:00:00-04:00,49.23655974559295,50.27052674896012,48.005645751953125,48.005645751953125,17600,0.0,0.0
2020-05-13 00:00:00-04:00,47.35572820362696,49.59106869767727,47.35572820362696,48.498016357421875,15300,0.0,0.0
2020-05-14 00:00:00-04:00,47.6806822176755,49.08884811401367,47.552669868154844,49.08884811401367,8700,0.0,0.0
2020-05-15 00:00:00-04:00,49.28579935603539,50.319766439164475,49.28579935603539,50.260684967041016,7400,0.0,0.0
2020-05-18 00:00:00-04:00,55.144950807445376,56.651588439941406,54.36701220700623,56.651588439941406,23100,0.0,0.0
2020-05-19 00:00:00-04:00,55.25327639281836,56.56296712887833,52.771752951573596,54.82984161376953,9600,0.0,0.0
2020-05-20 00:00:00-04:00,55.14495494431766,57.07502746582031,51.68854959975375,57.07502746582031,11300,0.0,0.0
2020-05-21 00:00:00-04:00,56.159219152161825,57.60677521869608,56.159219152161825,56.287235260009766,8500,0.0,0.0
2020-05-22 00:00:00-04:00,57.54769462577629,57.803726862077575,56.42510156809821,57.11441421508789,7300,0.0,0.0
2020-05-26 00:00:00-04:00,58.94601635399844,60.994255509333264,58.87708546335675,60.659446716308594,18300,0.0,0.0
2020-05-27 00:00:00-04:00,61.44723059952024,62.52058779650369,60.70868217287433,62.136539459228516,14700,0.0,0.0
2020-05-28 00:00:00-04:00,62.500893890397464,62.500893890397464,60.3640251159668,60.3640251159668,11700,0.0,0.0
2020-05-29 00:00:00-04:00,60.029215360772604,62.75692134052693,55.94258297736283,61.39799118041992,62400,0.0,0.0
2020-06-01 00:00:00-04:00,61.29952261474562,61.40784365734612,57.70525191467381,57.91204833984375,16700,0.0,0.0
2020-06-02 00:00:00-04:00,58.97555736632962,58.97555736632962,57.27197265625,57.27197265625,7000,0.0,0.0
2020-06-03 00:00:00-04:00,58.62105092512057,62.806158795783034,55.34189777040343,62.687992095947266,11000,0.0,0.0
2020-06-04 00:00:00-04:00,62.904632376902356,62.904632376902356,59.81257689839796,61.378299713134766,14400,0.0,0.0
2020-06-05 00:00:00-04:00,62.97356316795385,64.00753021240234,58.621049160155685,64.00753021240234,25000,0.0,0.0
2020-06-08 00:00:00-04:00,64.00753311135458,64.00753311135458,60.51173782348633,60.51173782348633,17000,0.0,0.0
2020-06-09 00:00:00-04:00,61.59494049333792,63.51516723067183,61.14196500843503,62.38272476196289,8100,0.0,0.0
2020-06-10 00:00:00-04:00,63.66287659765768,63.66287659765768,61.44723129272461,61.44723129272461,5200,0.0,0.0
2020-06-11 00:00:00-04:00,59.14295683439253,61.250280987466695,54.75105285644531,54.75105285644531,9200,0.0,0.0
2020-06-12 00:00:00-04:00,56.87807574475279,59.75349296820749,56.87807574475279,59.251277923583984,15300,0.0,0.0
2020-06-15 00:00:00-04:00,57.990820879073894,62.038066789721285,57.990820879073894,62.028221130371094,24200,0.0,0.0
2020-06-16 00:00:00-04:00,62.97356316795385,64.9922614464393,62.05776281978335,64.00753021240234,22300,0.0,0.0
2020-06-17 00:00:00-04:00,63.51516211078894,64.76576742341717,62.13653693448583,63.76134490966797,30800,0.0,0.0
2020-06-18 00:00:00-04:00,62.53044664458976,64.79533196916198,62.08731674384944,64.60823059082031,28600,0.0,0.0
2020-06-19 00:00:00-04:00,64.56882666122709,65.3861553878902,60.07845088545557,62.87508773803711,59100,0.0,0.0
2020-06-22 00:00:00-04:00,62.33177847829202,64.13950068917212,61.650180338983205,63.99132537841797,25600,0.2,0.0
2020-06-23 00:00:00-04:00,63.596199525660836,63.596199525660836,60.47467503404305,63.3492431640625,38000,0.0,0.0
2020-06-24 00:00:00-04:00,61.739091106711804,63.21095269672804,58.775614733589634,61.9366569519043,42200,0.0,0.0
2020-06-25 00:00:00-04:00,61.44274588973037,63.57644878552639,60.81053818256935,62.23300552368164,25600,0.0,0.0
2020-06-26 00:00:00-04:00,62.23300380706787,63.171438745111175,58.864519148558365,59.269527435302734,93400,0.0,0.0
2020-06-29 00:00:00-04:00,60.41540689975766,63.02326559398019,59.39794784951688,62.91460418701172,17400,0.0,0.0
2020-06-30 00:00:00-04:00,62.707159864482826,63.586327690841664,62.193490172143036,63.319610595703125,22300,0.0,0.0
2020-07-01 00:00:00-04:00,61.245177980461605,63.21095228657638,61.245177980461605,61.60079574584961,11000,0.0,0.0
2020-07-02 00:00:00-04:00,62.72691872848807,62.72691872848807,61.24518049080726,61.64031219482422,3900,0.0,0.0
2020-07-06 00:00:00-04:00,62.72691342507167,63.122045095681166,61.739088016802825,62.26263427734375,18900,0.0,0.0
2020-07-07 00:00:00-04:00,61.73909293474406,62.65777093907346,61.73909293474406,61.99592590332031,11800,0.0,0.0
2020-07-08 00:00:00-04:00,61.99592476192423,62.7269172668457,60.7808998875287,62.7269172668457,31300,0.0,0.0
2020-07-09 00:00:00-04:00,62.292273075952366,62.726914909303304,59.269525898554306,60.59321212768555,16000,0.0,0.0
2020-07-10 00:00:00-04:00,59.87209850187551,61.45261764526367,59.39794275885907,61.45261764526367,11700,0.0,0.0
2020-07-13 00:00:00-04:00,61.42298925977144,62.23300585998061,60.484554290771484,60.484554290771484,12100,0.0,0.0
2020-07-14 00:00:00-04:00,60.46479536188805,62.2330038355655,60.46479536188805,61.9366569519043,7900,0.0,0.0
2020-07-15 00:00:00-04:00,62.22312839106908,63.23071082877641,60.356135076100855,61.205665588378906,25400,0.0,0.0
2020-07-16 00:00:00-04:00,61.03773238225573,62.183609695748466,59.89185506876301,60.65248107910156,4400,0.0,0.0
2020-07-17 00:00:00-04:00,59.7140478899402,63.16155652422775,59.7140478899402,62.80594253540039,6700,0.0,0.0
2020-07-20 00:00:00-04:00,62.2428802743802,62.2428802743802,61.24517822265625,61.24517822265625,3800,0.0,0.0
2020-07-21 00:00:00-04:00,61.98604816526879,62.83557867133114,60.0005206310749,62.7269172668457,4700,0.0,0.0
2020-07-22 00:00:00-04:00,61.640306884216244,62.93435575528565,60.75126251090111,61.45261764526367,6000,0.0,0.0
2020-07-23 00:00:00-04:00,61.561283785985,62.81582260131836,61.561283785985,62.81582260131836,9500,0.0,0.0
2020-07-24 00:00:00-04:00,61.225418985015324,62.82569510783672,61.225418985015324,62.24287796020508,3500,0.0,0.0
2020-07-27 00:00:00-04:00,62.08482492517478,62.726912942916016,61.05748937234559,62.50959014892578,3000,0.0,0.0
2020-07-28 00:00:00-04:00,61.80824343825525,62.60838347836833,61.80824343825525,62.59850311279297,4800,0.0,0.0
2020-07-29 00:00:00-04:00,62.53923074184042,63.01338650675499,62.23300349505484,62.41081237792969,6200,0.0,0.0
2020-07-30 00:00:00-04:00,61.99592266674396,63.02326202392578,61.99592266674396,63.02326202392578,4900,0.0,0.0
2020-07-31 00:00:00-04:00,62.48983356862808,62.51947089324184,61.45261764526367,61.45261764526367,5300,0.0,0.0
2020-08-03 00:00:00-04:00,61.66006249801533,63.00350570678711,60.10917685007424,63.00350570678711,7400,0.0,0.0
2020-08-04 00:00:00-04:00,62.58862175836491,62.667645835684695,62.06507547032419,62.628135681152344,2100,0.0,0.0
2020-08-05 00:00:00-04:00,62.80594565905647,62.82569885253906,61.422988483456024,62.82569885253906,5200,0.0,0.0
2020-08-06 00:00:00-04:00,62.07495614480579,62.87509617666735,61.9070238460547,62.61825942993164,9200,0.0,0.0
2020-08-07 00:00:00-04:00,62.87509323451524,63.17144012451172,62.13422412539647,63.17144012451172,7000,0.0,0.0
2020-08-10 00:00:00-04:00,61.74896593557339,63.60607879801126,61.28469054615515,62.22312545776367,18400,0.0,0.0
2020-08-11 00:00:00-04:00,62.479959298319926,62.92448150152419,61.55140473804713,61.84775161743164,5100,0.0,0.0
2020-08-12 00:00:00-04:00,62.54910992370587,63.12205051848537,61.83787436280862,62.331787109375,6200,0.0,0.0
2020-08-13 00:00:00-04:00,62.32190852693915,62.32190852693915,61.98604771924412,62.045318603515625,2000,0.0,0.0
2020-08-14 00:00:00-04:00,61.46250438167123,63.1121711730957,61.46250438167123,63.1121711730957,3500,0.0,0.0
2020-08-17 00:00:00-04:00,62.479959761873694,64.20865430073977,62.23300339917854,62.52935028076172,13400,0.0,0.0
2020-08-18 00:00:00-04:00,62.410815522925596,64.139510151567,62.410815522925596,63.24058532714844,5600,0.0,0.0
2020-08-19 00:00:00-04:00,63.23070865975011,63.38875681150266,62.233002852995156,62.43056869506836,11200,0.0,0.0
2020-08-20 00:00:00-04:00,61.64030932285659,62.94423860980215,61.492133998690264,61.61067199707031,16600,0.0,0.0
2020-08-21 00:00:00-04:00,61.778606598040355,63.20107393668546,60.76114378835359,62.81582260131836,34900,0.0,0.0
2020-08-24 00:00:00-04:00,63.408516395099724,64.30743361219355,62.69728088378906,62.69728088378906,12400,0.0,0.0
2020-08-25 00:00:00-04:00,63.18131384989304,63.93206328990395,61.748966217041016,61.748966217041016,3700,0.0,0.0
2020-08-26 00:00:00-04:00,62.312033830699946,62.36142435163826,61.5316507878068,61.64031219482422,3800,0.0,0.0
2020-08-27 00:00:00-04:00,62.213248850001094,63.813525087197526,62.213248850001094,62.68740463256836,12300,0.0,0.0
2020-08-28 00:00:00-04:00,61.83787572345506,63.39864184570956,61.75885164175835,62.63801574707031,5400,0.0,0.0
2020-08-31 00:00:00-04:00,62.81582317347913,62.81582317347913,61.403232418763004,61.64031219482422,11600,0.0,0.0
2020-09-01 00:00:00-04:00,61.12664037804464,62.736793160964034,61.12664037804464,61.9366569519043,5500,0.0,0.0
2020-09-02 00:00:00-04:00,61.956415328882535,64.15926192945687,61.956415328882535,63.517181396484375,9200,0.0,0.0
2020-09-03 00:00:00-04:00,63.56656899214304,63.96170069679987,62.03544023104443,63.606082916259766,18100,0.0,0.0
2020-09-04 00:00:00-04:00,64.29755494110861,64.29755494110861,62.489836326591416,63.45790481567383,3800,0.0,0.0
2020-09-08 00:00:00-04:00,62.95412203777794,63.95182418823242,62.54911371179567,63.95182418823242,6000,0.0,0.0
2020-09-09 00:00:00-04:00,64.14938718537616,64.14938718537616,62.52935028076172,62.52935028076172,4700,0.0,0.0
2020-09-10 00:00:00-04:00,62.460204665792084,64.13950873591585,62.24288185428926,63.517181396484375,4700,0.0,0.0
2020-09-11 00:00:00-04:00,62.47996417955696,62.68740663450701,61.2451822787752,61.353843688964844,8700,0.0,0.0
2020-09-14 00:00:00-04:00,61.99592525873466,62.746674731238336,61.14639851411966,62.015682220458984,4800,0.0,0.0
2020-09-15 00:00:00-04:00,62.12434111334362,62.12434111334362,60.89943968201501,61.047611236572266,6100,0.0,0.0
2020-09-16 00:00:00-04:00,61.35383644845816,61.5909124352074,60.99821870007943,61.22541809082031,13500,0.0,0.0
2020-09-17 00:00:00-04:00,60.43516053436583,61.51189041137695,60.43516053436583,61.51189041137695,2900,0.0,0.0
2020-09-18 00:00:00-04:00,62.18361495789059,62.22312888162322,59.78319873083364,61.88726806640625,40700,0.0,0.0
2020-09-21 00:00:00-04:00,60.67224080978856,60.67224080978856,57.84706302609895,59.526363372802734,13200,0.0,0.0
2020-09-22 00:00:00-04:00,58.60463102503318,58.60463102503318,56.95938027580469,57.08822250366211,3200,0.2,0.0
2020-09-23 00:00:00-04:00,57.127863114537725,58.26764677948548,55.99799271599313,57.31617736816406,10500,0.0,0.0
2020-09-24 00:00:00-04:00,58.178449708339166,58.178449708339166,56.216042514244904,56.39444351196289,3700,0.0,0.0
2020-09-25 00:00:00-04:00,56.731425146679385,56.731425146679385,55.40333087477308,56.483646392822266,7000,0.0,0.0
2020-09-28 00:00:00-04:00,56.93955342258201,57.970313856051035,55.829505760817206,56.71159744262695,7700,0.0,0.0
2020-09-29 00:00:00-04:00,56.7314203611002,57.970314025878906,56.364705114147235,57.970314025878906,2900,0.0,0.0
2020-09-30 00:00:00-04:00,57.474753254954756,58.6541785949135,57.474753254954756,58.178443908691406,3400,0.0,0.0
2020-10-01 00:00:00-04:00,58.87222923959891,59.46689669421971,58.0793342590332,58.0793342590332,4500,0.0,0.0
2020-10-02 00:00:00-04:00,57.494577536219786,59.07045048399803,57.494577536219786,58.39649200439453,3300,0.0,0.0
2020-10-05 00:00:00-04:00,57.950492032543785,59.93272192215168,57.950492032543785,59.268672943115234,9900,0.0,0.0
2020-10-06 00:00:00-04:00,59.66512014006416,60.86436830998899,57.70271301269531,57.70271301269531,8000,0.0,0.0
2020-10-07 00:00:00-04:00,59.03080793660791,60.89410132527517,57.861291990102124,59.476806640625,11200,0.0,0.0
2020-10-08 00:00:00-04:00,60.21023453660527,60.69588253633887,56.73142264915498,59.010986328125,13900,0.0,0.0
2020-10-09 00:00:00-04:00,59.34796269891459,60.35890037494058,59.34796269891459,60.14085388183594,3800,0.0,0.0
2020-10-12 00:00:00-04:00,61.29054958924637,61.330195095240775,59.21911916108263,61.25090408325195,13400,0.0,0.0
2020-10-13 00:00:00-04:00,62.39068490007749,62.39068490007749,60.45801005208778,61.90503692626953,7100,0.0,0.0
2020-10-14 00:00:00-04:00,61.389659909254355,61.875307908333724,59.48672098075528,61.15179443359375,2100,0.0,0.0
2020-10-15 00:00:00-04:00,60.12103068416792,62.78712844848633,60.12103068416792,62.78712844848633,6800,0.0,0.0
2020-10-16 00:00:00-04:00,61.84557556476191,63.66922347776245,61.84557556476191,63.53046798706055,4700,0.0,0.0
2020-10-19 00:00:00-04:00,60.0615605324435,61.944680326696364,60.0615605324435,60.765254974365234,3900,0.0,0.0
2020-10-20 00:00:00-04:00,61.45903509448924,62.598818775360016,61.38965735191137,62.42041778564453,11200,0.0,0.0
2020-10-21 00:00:00-04:00,63.28269101036452,64.1350505122314,63.28269101036452,63.342159271240234,7600,0.0,0.0
2020-10-22 00:00:00-04:00,63.82779774564044,64.42246514232528,63.33224032146871,63.93682098388672,12500,0.0,0.0
2020-10-23 00:00:00-04:00,63.708858416837,64.42246228586039,62.965522313538614,64.11521911621094,9600,0.0,0.0
2020-10-26 00:00:00-04:00,63.01508355754394,64.27379608154297,62.9060603198425,64.27379608154297,7200,0.0,0.0
2020-10-27 00:00:00-04:00,63.85753789598888,63.85753789598888,63.32233490415549,63.59984588623047,4700,0.0,0.0
2020-10-28 00:00:00-04:00,63.421447585423095,63.82780456542969,63.21331057162186,63.82780456542969,8800,0.0,0.0
2020-10-29 00:00:00-04:00,63.45117086529182,64.15486907958984,63.361974156260644,64.15486907958984,8100,0.0,0.0
2020-10-30 00:00:00-04:00,63.6097566445696,63.85753537759432,63.22322242597959,63.44126892089844,6200,0.0,0.0
2020-11-02 00:00:00-05:00,63.361977095377945,63.57011032104492,62.34112993832276,63.57011032104492,5500,0.0,0.0
2020-11-03 00:00:00-05:00,63.827800423719076,64.29362563184253,63.56019516893872,63.926910400390625,12700,0.0,0.0
2020-11-04 00:00:00-05:00,63.550296783447266,63.57011575642151,62.14291151164329,63.550296783447266,7200,0.0,0.0
2020-11-05 00:00:00-05:00,63.29260016876224,63.44126892089844,61.94468325617923,63.44126892089844,4300,0.0,0.0
2020-11-06 00:00:00-05:00,63.01508964116736,63.16375461354652,62.69792938232422,62.69792938232422,2800,0.0,0.0
2020-11-09 00:00:00-05:00,62.915972767200934,66.34523316021294,62.915972767200934,63.68904495239258,26400,0.0,0.0
2020-11-10 00:00:00-05:00,64.42247120356652,64.90811540769731,64.16477920150231,64.67024993896484,26400,0.0,0.0
2020-11-11 00:00:00-05:00,64.42246544680943,66.14700317382812,64.42246544680943,66.14700317382812,10000,0.0,0.0
2020-11-12 00:00:00-05:00,64.74954272504604,64.78918823119001,63.82780550161831,64.71981048583984,5000,0.0,0.0
2020-11-13 00:00:00-05:00,64.76935709105933,65.81003075890854,64.42246838897846,65.80011749267578,8000,0.0,0.0
2020-11-16 00:00:00-05:00,66.02807996643116,66.40470092111872,64.68016304429781,66.26594543457031,19100,0.0,0.0
2020-11-17 00:00:00-05:00,64.72971669742971,66.90026091574369,64.72971669742971,66.42452239990234,13000,0.0,0.0
2020-11-18 00:00:00-05:00,60.11112877565143,66.65248653683324,60.11112877565143,66.15692901611328,7000,0.0,0.0
2020-11-19 00:00:00-05:00,65.7307446369871,66.2857666015625,65.41358814842869,66.2857666015625,9100,0.0,0.0
2020-11-20 00:00:00-05:00,65.44332580490166,65.51270355621644,64.01611770744596,64.53150177001953,18500,0.0,0.0
2020-11-23 00:00:00-05:00,64.91803403684978,66.0677310936389,63.272783249132765,65.6019058227539,10100,0.0,0.0
2020-11-24 00:00:00-05:00,66.0776345854563,67.89137683240708,66.0082568386028,67.79226684570312,35300,0.0,0.0
2020-11-25 00:00:00-05:00,67.39581410614124,67.64359283447266,66.60291915083809,67.64359283447266,18800,0.0,0.0
2020-11-27 00:00:00-05:00,67.2669756559287,67.89137536410615,66.79123714378842,67.88146209716797,9000,0.0,0.0
2020-11-30 00:00:00-05:00,67.73278787042777,68.5455093383789,66.90025499341418,68.5455093383789,26300,0.0,0.0
2020-12-01 00:00:00-05:00,68.88248509075456,69.02124057090094,67.52465496462895,68.68426513671875,11400,0.0,0.0
2020-12-02 00:00:00-05:00,68.68427006741068,69.22937876094458,68.11933484008595,68.21844482421875,14900,0.0,0.0
2020-12-03 00:00:00-05:00,68.20852360764191,69.02123748138061,67.60394294480635,68.55541229248047,8800,0.0,0.0
2020-12-04 00:00:00-05:00,68.39683646609147,68.88248061504859,67.66340604827991,68.64461517333984,9500,0.0,0.0
2020-12-07 00:00:00-05:00,67.9409283209046,69.26901863585562,67.39581211007756,68.88248443603516,10600,0.0,0.0
2020-12-08 00:00:00-05:00,68.98160120983094,70.20067596435547,68.98160120983094,70.20067596435547,17100,0.0,0.0
2020-12-09 00:00:00-05:00,70.76559997968981,70.97373318543642,68.95185803611888,68.9815902709961,13600,0.0,0.0
2020-12-10 00:00:00-05:00,68.45630979692187,69.67538452148438,68.16888555191758,69.67538452148438,6600,0.0,0.0
2020-12-11 00:00:00-05:00,68.89239781588905,69.10053103447405,67.9904796404143,68.2382583618164,10500,0.0,0.0
2020-12-14 00:00:00-05:00,68.58514711255005,69.42760081525451,67.63367772902222,68.71399688720703,9300,0.0,0.0
2020-12-15 00:00:00-05:00,67.90128861665728,69.7943142746649,66.41461616374367,69.78440856933594,10300,0.0,0.0
2020-12-16 00:00:00-05:00,69.47715392394477,70.00244361824207,68.08959153272511,68.59506225585938,17800,0.0,0.0
2020-12-17 00:00:00-05:00,68.78337226606871,69.15999318778707,67.48500666758557,68.86266326904297,15000,0.0,0.0
2020-12-18 00:00:00-05:00,69.28884705927999,69.28884705927999,67.46519169095981,68.7635498046875,43200,0.0,0.0
2020-12-21 00:00:00-05:00,67.89137031591028,68.1688812766876,65.8001172822727,68.0400390625,14100,0.0,0.0
2020-12-22 00:00:00-05:00,67.48331020705186,67.97045213451688,66.7973476875425,67.82132720947266,12300,0.21,0.0
2020-12-23 00:00:00-05:00,67.70202550496653,68.71606892371297,67.53302079677836,68.34822845458984,7300,0.0,0.0
2020-12-24 00:00:00-05:00,68.54705750369897,68.54705750369897,67.55290144078928,67.7020263671875,2400,0.0,0.0
2020-12-28 00:00:00-05:00,67.6622562951434,68.65641231515929,65.84295654296875,65.84295654296875,10800,0.0,0.0
2020-12-29 00:00:00-05:00,66.27044976118012,66.34004038530699,65.13710482069936,65.70377349853516,17300,0.0,0.0
2020-12-30 00:00:00-05:00,65.61429650669572,67.46342728776,64.67978743234046,65.99207305908203,13300,0.0,0.0
2020-12-31 00:00:00-05:00,65.36575802484131,65.7236547972373,64.41136916005487,64.44119262695312,7700,0.0,0.0
2021-01-04 00:00:00-05:00,65.13709631051718,65.60435083352607,64.12306055075113,64.91838836669922,10500,0.0,0.0
2021-01-05 00:00:00-05:00,64.75932586884394,65.26634758888412,63.635932238959725,64.71955871582031,26800,0.0,0.0
2021-01-06 00:00:00-05:00,65.31604457701339,68.34822333716735,64.71955250848703,67.37394714355469,49400,0.0,0.0
2021-01-07 00:00:00-05:00,68.04997884915964,69.49150967806492,67.1154773162511,68.78565979003906,28000,0.0,0.0
2021-01-08 00:00:00-05:00,68.08974072991151,68.34822340763577,67.6523172577722,68.3382797241211,23000,0.0,0.0
2021-01-11 00:00:00-05:00,67.57279040305643,68.86518876443134,67.57279040305643,68.83536529541016,18800,0.0,0.0
2021-01-12 00:00:00-05:00,68.25875788691744,69.52133273038642,68.09968927855132,69.3423843383789,18100,0.0,0.0
2021-01-13 00:00:00-05:00,69.7798131784555,69.7798131784555,68.11956686755998,68.79559326171875,11200,0.0,0.0
2021-01-14 00:00:00-05:00,68.21898916474858,68.5967657237104,67.68214400108165,67.71196746826172,8700,0.0,0.0
2021-01-15 00:00:00-05:00,67.0955942351843,68.34823306677283,67.0955942351843,67.48331451416016,8000,0.0,0.0
2021-01-19 00:00:00-05:00,68.099691263377,69.25291595321693,67.28448358376251,67.52307891845703,8000,0.0,0.0
2021-01-20 00:00:00-05:00,67.60261048592922,68.596766522487,67.60261048592922,68.52717590332031,10900,0.0,0.0
2021-01-21 00:00:00-05:00,68.69618572900022,69.55116059094453,68.11957336446862,69.47162628173828,8200,0.0,0.0
2021-01-22 00:00:00-05:00,68.71606495151313,69.5909194946289,68.69617758416489,69.5909194946289,26000,0.0,0.0
2021-01-25 00:00:00-05:00,69.5909234332694,69.5909234332694,67.71196910735583,68.84530639648438,7800,0.0,0.0
2021-01-26 00:00:00-05:00,69.59092568728285,69.59092568728285,67.62249330909805,68.42776489257812,12500,0.0,0.0
2021-01-27 00:00:00-05:00,67.88097320286282,68.98448701413257,67.40378255111888,68.00027465820312,25400,0.0,0.0
2021-01-28 00:00:00-05:00,68.78565422761979,68.84530115888599,67.40377803135965,67.9008560180664,13400,0.0,0.0
2021-01-29 00:00:00-05:00,67.87102924269665,68.12951193581179,65.6341781616211,65.6341781616211,10700,0.0,0.0
2021-02-01 00:00:00-05:00,65.91254132208422,67.2944174607075,65.88271027288721,66.47920989990234,6200,0.0,0.0
2021-02-02 00:00:00-05:00,66.90670768179747,68.09969195214502,66.81722968987644,67.87103271484375,5500,0.0,0.0
2021-02-03 00:00:00-05:00,67.37395415519008,68.07981164610763,67.37395415519008,67.49325561523438,8500,0.0,0.0
2021-02-04 00:00:00-05:00,67.59266640556561,69.08390045166016,67.59266640556561,69.08390045166016,6700,0.0,0.0
2021-02-05 00:00:00-05:00,69.09384532583661,69.09384532583661,67.6224910376972,68.3780517578125,11000,0.0,0.0
2021-02-08 00:00:00-05:00,68.85525178692438,69.4815673828125,68.30846291247602,69.4815673828125,10700,0.0,0.0
2021-02-09 00:00:00-05:00,67.61255434120086,69.46168518066406,67.61255434120086,69.46168518066406,3400,0.0,0.0
2021-02-10 00:00:00-05:00,68.89501653263638,69.59092272597265,67.68214495155718,68.49735260009766,14800,0.0,0.0
2021-02-11 00:00:00-05:00,68.87512460802314,69.39208996156692,68.10962784599366,69.36225891113281,5100,0.0,0.0
2021-02-12 00:00:00-05:00,69.18331707763224,69.59092470590365,68.43770002721185,69.571044921875,14300,0.0,0.0
2021-02-16 00:00:00-05:00,69.59092075830667,69.59092075830667,68.656411680985,69.35232543945312,23100,0.0,0.0
2021-02-17 00:00:00-05:00,69.09384601704784,70.5850801037467,68.71606944561529,69.69033813476562,10700,0.0,0.0
2021-02-18 00:00:00-05:00,69.67045434312128,69.6903341258178,68.80553589205934,69.0043716430664,11800,0.0,0.0
2021-02-19 00:00:00-05:00,69.08390250771568,69.10378987641496,67.72191355935836,68.69618225097656,10600,0.0,0.0
2021-02-22 00:00:00-05:00,68.4476423783413,69.62074681821089,68.25875788691744,69.3423843383789,10700,0.0,0.0
2021-02-23 00:00:00-05:00,69.12366675178322,72.27513951003077,69.12366675178322,72.15584564208984,12400,0.0,0.0
2021-02-24 00:00:00-05:00,71.82777389161824,74.1242719169312,69.49150871452733,72.82192993164062,77600,0.0,0.0
2021-02-25 00:00:00-05:00,72.42426111224437,72.82192501838489,70.15758670749398,71.32074737548828,9900,0.0,0.0
2021-02-26 00:00:00-05:00,71.09210030979514,71.67864873075347,68.68623693647136,69.49150848388672,11000,0.0,0.0
2021-03-01 00:00:00-05:00,70.3464871716779,71.34064326336714,69.90905606419572,70.67455291748047,10700,0.0,0.0
2021-03-02 00:00:00-05:00,70.87338627068554,70.87338627068554,69.52133342529386,69.69033813476562,4200,0.0,0.0
2021-03-03 00:00:00-05:00,70.27689372938714,73.31900882077827,70.27689372938714,72.17572784423828,17500,0.0,0.0
2021-03-04 00:00:00-05:00,70.59502642091002,73.56755102084351,70.47572495899361,71.11198425292969,10700,0.0,0.0
2021-03-05 00:00:00-05:00,71.82777257453766,73.55760192871094,71.82777257453766,73.55760192871094,11700,0.0,0.0
2021-03-08 00:00:00-05:00,73.5675454764933,76.5003027014301,70.59502110058136,74.5517578125,22900,0.0,0.0
2021-03-09 00:00:00-05:00,74.56170439044553,76.48042588681868,74.56170439044553,76.41083526611328,17800,0.0,0.0
2021-03-10 00:00:00-05:00,75.90380738499508,76.27164782729713,74.34298280330461,75.64532470703125,22000,0.0,0.0
2021-03-11 00:00:00-05:00,75.913754860717,75.913754860717,75.51609093278655,75.89386749267578,10100,0.0,0.0
2021-03-12 00:00:00-05:00,75.79445001042325,76.55001068115234,75.56579838185526,76.55001068115234,12000,0.0,0.0
2021-03-15 00:00:00-04:00,76.11258730650849,76.55001841027752,75.2774998372865,76.05294036865234,10100,0.0,0.0
2021-03-16 00:00:00-04:00,75.34708973293523,75.45644750782265,73.78626500068,74.27339935302734,6100,0.0,0.0
2021-03-17 00:00:00-04:00,72.4441495980479,73.53771966821769,69.59091918109215,72.5733871459961,13400,0.0,0.0
2021-03-18 00:00:00-04:00,72.56345141078654,72.57339509550508,70.01841422909678,71.08216094970703,5900,0.0,0.0
2021-03-19 00:00:00-04:00,71.14179970718945,76.55001068115234,71.14179970718945,76.55001068115234,60500,0.0,0.0
2021-03-22 00:00:00-04:00,75.62545098505153,75.62545098505153,71.87748598586899,72.58333587646484,16700,0.0,0.0
2021-03-23 00:00:00-04:00,72.59330534525283,73.53051021467165,70.38988351128359,70.50952911376953,7300,0.21,0.0
2021-03-24 00:00:00-04:00,71.54642762559355,72.69300647859328,69.09375007240563,69.19345092773438,9200,0.0,0.0
2021-03-25 00:00:00-04:00,71.21740980422693,71.21740980422693,69.43273630280719,70.57931518554688,7100,0.0,0.0
2021-03-26 00:00:00-04:00,70.50952335763823,70.98809051513672,69.8813935042257,70.98809051513672,5700,0.0,0.0
2021-03-29 00:00:00-04:00,69.86145954434836,71.05788509905199,69.78169581225127,70.140625,6500,0.0,0.0
2021-03-30 00:00:00-04:00,69.79166695863988,71.32708454453253,69.56234813454734,70.55937194824219,7900,0.0,0.0
2021-03-31 00:00:00-04:00,72.78273988565981,75.0858625081754,72.78273988565981,74.76681518554688,22300,0.0,0.0
2021-04-01 00:00:00-04:00,72.95223002178444,73.30118683236685,72.03496994634271,72.88243865966797,9000,0.0,0.0
2021-04-05 00:00:00-04:00,73.11175914130759,74.31815706052465,71.63616052875402,73.06190490722656,7400,0.0,0.0
2021-04-06 00:00:00-04:00,72.05490587187144,73.34106747226593,72.05490587187144,73.30118560791016,7100,0.0,0.0
2021-04-07 00:00:00-04:00,73.25133886495243,74.05892569846966,70.8285707577129,71.08779907226562,8700,0.0,0.0
2021-04-08 00:00:00-04:00,71.73586119425205,73.73988121316188,71.22738452011777,72.76280212402344,5200,0.0,0.0
2021-04-09 00:00:00-04:00,72.3839276886886,72.3839276886886,71.2572935123948,72.06488037109375,9000,0.0,0.0
2021-04-12 00:00:00-04:00,71.347021146785,72.91234821845448,70.86845397949219,70.86845397949219,5200,0.0,0.0
2021-04-13 00:00:00-04:00,71.38690342754677,71.88541533361439,69.19345408352441,69.35297393798828,6200,0.0,0.0
2021-04-14 00:00:00-04:00,69.49255763668056,70.54940806489732,69.13362845074856,69.6421127319336,3500,0.0,0.0
2021-04-15 00:00:00-04:00,69.36294323084974,71.30713653564453,69.36294323084974,71.30713653564453,3100,0.0,0.0
2021-04-16 00:00:00-04:00,72.10476366666529,72.10476366666529,69.29315674750872,69.73184967041016,6000,0.0,0.0
2021-04-19 00:00:00-04:00,69.90134105659295,70.03095141557858,68.94419909633697,69.6421127319336,10600,0.0,0.0
2021-04-20 00:00:00-04:00,69.13362809578469,70.54940770266418,69.05387197118895,69.14360046386719,19000,0.0,0.0
2021-04-21 00:00:00-04:00,69.9811021290605,71.1875,69.82157467173569,71.1875,5800,0.0,0.0
2021-04-22 00:00:00-04:00,70.78869422803643,71.32708802651706,70.43973739754576,71.11771392822266,12900,0.0,0.0
2021-04-23 00:00:00-04:00,70.78869491292292,73.38095545881903,70.51950181442234,71.00804138183594,15100,0.0,0.0
2021-04-26 00:00:00-04:00,71.95520623494745,72.90238341441714,71.78571401357607,71.87544250488281,6500,0.0,0.0
2021-04-27 00:00:00-04:00,71.2373457216419,73.45073972047238,71.2373457216419,72.00505828857422,7800,0.0,0.0
2021-04-28 00:00:00-04:00,72.18452783178064,72.36399242798021,71.43675994873047,71.43675994873047,5200,0.0,0.0
2021-04-29 00:00:00-04:00,71.13764953613281,71.18750377085959,71.13764953613281,71.13764953613281,5400,0.0,0.0
2021-04-30 00:00:00-04:00,71.13764493597861,73.35103893700439,71.13764493597861,72.1047592163086,13900,0.0,0.0
2021-05-03 00:00:00-04:00,72.94226587504114,73.61027000473901,72.18452564661585,72.67306518554688,8700,0.0,0.0
2021-05-04 00:00:00-04:00,72.7029782823214,73.09181698045242,71.21741485595703,71.21741485595703,6700,0.0,0.0
2021-05-05 00:00:00-04:00,71.09776608186169,72.29419922839034,71.0578842163086,71.0578842163086,5000,0.0,0.0
2021-05-06 00:00:00-04:00,71.03794827470152,72.21443670478165,71.03794827470152,71.64613342285156,5100,0.0,0.0
2021-05-07 00:00:00-04:00,71.48660849546562,72.0150375366211,71.03795079626983,72.0150375366211,8700,0.0,0.0
2021-05-10 00:00:00-04:00,71.70595414194983,71.94524534501981,70.818603515625,70.818603515625,12100,0.0,0.0
2021-05-11 00:00:00-04:00,70.57931616285414,71.75580455859024,70.38987920551142,70.86845397949219,13700,0.0,0.0
2021-05-12 00:00:00-04:00,71.65610341356584,71.65610341356584,69.2732171344756,69.462646484375,11000,0.0,0.0
2021-05-13 00:00:00-04:00,69.8415221533107,71.38690452179583,69.8415221533107,70.8485107421875,14300,0.0,0.0
2021-05-14 00:00:00-04:00,71.63615810530528,71.9651777830578,71.28720129860773,71.78571319580078,13300,0.0,0.0
2021-05-17 00:00:00-04:00,71.64613283184256,73.1715780704037,71.33705787954769,72.96220397949219,8300,0.0,0.0
2021-05-18 00:00:00-04:00,73.13169933956357,73.17158120716422,70.80863189697266,70.80863189697266,10200,0.0,0.0
2021-05-19 00:00:00-04:00,70.29018264588952,71.38690737860117,69.59226898144259,70.50952911376953,11600,0.0,0.0
2021-05-20 00:00:00-04:00,70.13065366706748,71.75580740411102,70.13065366706748,71.63616180419922,12600,0.0,0.0
2021-05-21 00:00:00-04:00,72.17455237504109,72.48362731933594,70.56934344624695,72.48362731933594,8900,0.0,0.0
2021-05-24 00:00:00-04:00,72.3340794653301,72.61324491122825,70.31011476919278,71.98511505126953,20300,0.0,0.0
2021-05-25 00:00:00-04:00,71.77573937600452,71.97514869486055,69.85148318749833,69.89136505126953,15600,0.0,0.0
2021-05-26 00:00:00-04:00,70.92827584610106,71.58631523613712,69.9113148694042,70.62916564941406,8100,0.0,0.0
2021-05-27 00:00:00-04:00,70.90833319005345,71.6361562816821,69.99106554148608,70.39984893798828,11700,0.0,0.0
2021-05-28 00:00:00-04:00,70.89836814737943,71.28720684892943,70.88839577878653,71.00804138183594,3300,0.0,0.0
2021-06-01 00:00:00-04:00,70.96815459338681,71.66606821272882,70.45967032404452,71.57633972167969,10300,0.0,0.0
2021-06-02 00:00:00-04:00,71.2572939012596,71.78571531078276,70.5693450287244,71.556396484375,6500,0.0,0.0
2021-06-03 00:00:00-04:00,71.53645582583908,71.90535736083984,71.00803444238376,71.90535736083984,5000,0.0,0.0
2021-06-04 00:00:00-04:00,71.99509002263201,72.58333803920813,71.15759365465156,71.3470230102539,5100,0.0,0.0
2021-06-07 00:00:00-04:00,71.13764960101093,71.82559848608909,70.75878327948188,71.23735046386719,9100,0.0,0.0
2021-06-08 00:00:00-04:00,71.82559538390868,72.03496946887033,69.65208319808909,70.1705322265625,13600,0.0,0.0
2021-06-09 00:00:00-04:00,70.82857541217166,71.22738647460938,70.58929181738436,71.22738647460938,6400,0.0,0.0
2021-06-10 00:00:00-04:00,71.23734768937159,71.67604059687913,70.02098503919805,70.56934356689453,6000,0.0,0.0
2021-06-11 00:00:00-04:00,72.06487819522295,72.06487819522295,71.0080354138535,71.1875,5800,0.0,0.0
2021-06-14 00:00:00-04:00,71.23734587587617,72.2244048926405,71.19747161865234,71.19747161865234,6500,0.0,0.0
2021-06-15 00:00:00-04:00,71.49657538262626,72.28422509299385,69.841519839423,71.78571319580078,7500,0.0,0.0
2021-06-16 00:00:00-04:00,71.99509134171147,72.50357563540919,71.60625264849803,72.13467407226562,10700,0.0,0.0
2021-06-17 00:00:00-04:00,69.85148908387728,72.49360382991874,69.85148908387728,71.82559967041016,10100,0.0,0.0
2021-06-18 00:00:00-04:00,70.87841858068269,71.13764689961556,69.8514852795526,70.6690444946289,22600,0.0,0.0
2021-06-21 00:00:00-04:00,70.74880952441711,70.9581836143177,69.90134079671815,70.3499984741211,10400,0.0,0.0
2021-06-22 00:00:00-04:00,70.55999755859375,70.91000366210938,70.55999755859375,70.58000183105469,7300,0.21,0.0
2021-06-23 00:00:00-04:00,70.88999938964844,71.30000305175781,70.05999755859375,71.30000305175781,10100,0.0,0.0
2021-06-24 00:00:00-04:00,71.3499984741211,72.69999694824219,71.23999786376953,72.69999694824219,8700,0.0,0.0
2021-06-25 00:00:00-04:00,71.86000061035156,72.62000274658203,70.51000213623047,70.51000213623047,231600,0.0,0.0
2021-06-28 00:00:00-04:00,70.94000244140625,71.72000122070312,70.19000244140625,70.47000122070312,7800,0.0,0.0
2021-06-29 00:00:00-04:00,70.05999755859375,70.81999969482422,69.88999938964844,70.19999694824219,6900,0.0,0.0
2021-06-30 00:00:00-04:00,70.19999694824219,70.37999725341797,69.7699966430664,69.7699966430664,7700,0.0,0.0
2021-07-01 00:00:00-04:00,70.25,70.25,70.01000213623047,70.16999816894531,2900,0.0,0.0
2021-07-02 00:00:00-04:00,70.48999786376953,70.95999908447266,69.20999908447266,69.20999908447266,6700,0.0,0.0
2021-07-06 00:00:00-04:00,68.9800033569336,69.58000183105469,68.9800033569336,69.58000183105469,7800,0.0,0.0
2021-07-07 00:00:00-04:00,69.87000274658203,71.2699966430664,68.94000244140625,68.94000244140625,12300,0.0,0.0
2021-07-08 00:00:00-04:00,68.79000091552734,69.44999694824219,68.11000061035156,69.44999694824219,7400,0.0,0.0
2021-07-09 00:00:00-04:00,69.54000091552734,70.31999969482422,69.43000030517578,69.43000030517578,4700,0.0,0.0
2021-07-12 00:00:00-04:00,69.87000274658203,70.55999755859375,69.22000122070312,69.69000244140625,4300,0.0,0.0
2021-07-13 00:00:00-04:00,69.04000091552734,70.29000091552734,69.0,69.33999633789062,7500,0.0,0.0
2021-07-14 00:00:00-04:00,70.47000122070312,70.47000122070312,69.4000015258789,69.4000015258789,3700,0.0,0.0
2021-07-15 00:00:00-04:00,69.25,69.33000183105469,68.80999755859375,69.33000183105469,4400,0.0,0.0
2021-07-16 00:00:00-04:00,70.08000183105469,70.4000015258789,69.80000305175781,70.0,9500,0.0,0.0
2021-07-19 00:00:00-04:00,69.55999755859375,69.8499984741211,69.25,69.25,9100,0.0,0.0
2021-07-20 00:00:00-04:00,69.72000122070312,71.19000244140625,68.22000122070312,69.04000091552734,24200,0.0,0.0
2021-07-21 00:00:00-04:00,68.43000030517578,70.87000274658203,68.43000030517578,70.20999908447266,5900,0.0,0.0
2021-07-22 00:00:00-04:00,70.30000305175781,70.41999816894531,68.7699966430664,69.9000015258789,15400,0.0,0.0
2021-07-23 00:00:00-04:00,69.66999816894531,69.66999816894531,68.68000030517578,69.11000061035156,4600,0.0,0.0
2021-07-26 00:00:00-04:00,69.2699966430664,70.41999816894531,68.61000061035156,68.80000305175781,8100,0.0,0.0
2021-07-27 00:00:00-04:00,68.22000122070312,68.4000015258789,68.08999633789062,68.4000015258789,7200,0.0,0.0
2021-07-28 00:00:00-04:00,69.13999938964844,69.83000183105469,68.51000213623047,68.62999725341797,7300,0.0,0.0
2021-07-29 00:00:00-04:00,68.55000305175781,70.27999877929688,68.4800033569336,69.79000091552734,5800,0.0,0.0
2021-07-30 00:00:00-04:00,69.94999694824219,69.98999786376953,69.94999694824219,69.98999786376953,4900,0.0,0.0
2021-08-02 00:00:00-04:00,69.95999908447266,69.97000122070312,69.61000061035156,69.61000061035156,2400,0.0,0.0
2021-08-03 00:00:00-04:00,69.20999908447266,69.20999908447266,69.20999908447266,69.20999908447266,1300,0.0,0.0
2021-08-04 00:00:00-04:00,68.62000274658203,70.0,68.62000274658203,69.94999694824219,6200,0.0,0.0
2021-08-05 00:00:00-04:00,69.94999694824219,71.16000366210938,69.94999694824219,71.16000366210938,4900,0.0,0.0
2021-08-06 00:00:00-04:00,71.69000244140625,72.0,71.0,71.5,3200,0.0,0.0
2021-08-09 00:00:00-04:00,70.26000213623047,71.37000274658203,70.25,70.25,6200,0.0,0.0
2021-08-10 00:00:00-04:00,70.25,71.87000274658203,70.25,71.87000274658203,4700,0.0,0.0
2021-08-11 00:00:00-04:00,70.37999725341797,71.87000274658203,70.37999725341797,71.69999694824219,3400,0.0,0.0
2021-08-12 00:00:00-04:00,71.5999984741211,71.5999984741211,71.5999984741211,71.5999984741211,4000,0.0,0.0
2021-08-13 00:00:00-04:00,70.91999816894531,70.91999816894531,70.30000305175781,70.37999725341797,11700,0.0,0.0
2021-08-16 00:00:00-04:00,70.5,70.75,70.27999877929688,70.27999877929688,2800,0.0,0.0
2021-08-17 00:00:00-04:00,70.37000274658203,70.5199966430664,70.25,70.25,7000,0.0,0.0
2021-08-18 00:00:00-04:00,70.19999694824219,70.5,69.80000305175781,69.80000305175781,10800,0.0,0.0
2021-08-19 00:00:00-04:00,69.80000305175781,71.0,68.05999755859375,69.20999908447266,9400,0.0,0.0
2021-08-20 00:00:00-04:00,69.01000213623047,70.0,68.33999633789062,68.98999786376953,40400,0.0,0.0
2021-08-23 00:00:00-04:00,68.8499984741211,70.37000274658203,68.8499984741211,69.4000015258789,5500,0.0,0.0
2021-08-24 00:00:00-04:00,69.27999877929688,70.19000244140625,68.91999816894531,69.30000305175781,10900,0.0,0.0
2021-08-25 00:00:00-04:00,69.0,71.19000244140625,69.0,70.11000061035156,15700,0.0,0.0
2021-08-26 00:00:00-04:00,69.62999725341797,71.51000213623047,69.27999877929688,70.05000305175781,7100,0.0,0.0
2021-08-27 00:00:00-04:00,70.62999725341797,72.0,70.62999725341797,70.98999786376953,11500,0.0,0.0
2021-08-30 00:00:00-04:00,70.91999816894531,71.87999725341797,69.72000122070312,70.6500015258789,8000,0.0,0.0
2021-08-31 00:00:00-04:00,71.0,71.30000305175781,70.4000015258789,71.0,5100,0.0,0.0
2021-09-01 00:00:00-04:00,69.9000015258789,71.3499984741211,69.9000015258789,70.44999694824219,3800,0.0,0.0
2021-09-02 00:00:00-04:00,70.36000061035156,70.37000274658203,70.30000305175781,70.37000274658203,1900,0.0,0.0
2021-09-03 00:00:00-04:00,70.91999816894531,70.91999816894531,69.72000122070312,69.72000122070312,3000,0.0,0.0
2021-09-07 00:00:00-04:00,69.05999755859375,70.0199966430664,69.05999755859375,69.16000366210938,7500,0.0,0.0
2021-09-08 00:00:00-04:00,69.5999984741211,70.05000305175781,69.0199966430664,69.29000091552734,9400,0.0,0.0
2021-09-09 00:00:00-04:00,69.5,69.80000305175781,68.87999725341797,69.0,12000,0.0,0.0
2021-09-10 00:00:00-04:00,68.83000183105469,69.94000244140625,68.11000061035156,68.19999694824219,10600,0.0,0.0
2021-09-13 00:00:00-04:00,68.5199966430664,68.5199966430664,68.05999755859375,68.2300033569336,8300,0.0,0.0
2021-09-14 00:00:00-04:00,68.05999755859375,68.36000061035156,67.5,67.5,10000,0.0,0.0
2021-09-15 00:00:00-04:00,67.06999969482422,68.58000183105469,67.06999969482422,67.44000244140625,11700,0.0,0.0
2021-09-16 00:00:00-04:00,67.5,67.83000183105469,66.63999938964844,67.29000091552734,8700,0.0,0.0
2021-09-17 00:00:00-04:00,67.36000061035156,69.91000366210938,66.80000305175781,69.80999755859375,59400,0.0,0.0
2021-09-20 00:00:00-04:00,68.83000183105469,68.83000183105469,67.91000366210938,67.95999908447266,9700,0.0,0.0
2021-09-21 00:00:00-04:00,68.80000305175781,68.80000305175781,67.23999786376953,68.19999694824219,3200,0.0,0.0
2021-09-22 00:00:00-04:00,67.5,67.69999694824219,67.5,67.56999969482422,4500,0.0,0.0
2021-09-23 00:00:00-04:00,67.7699966430664,69.8499984741211,67.7699966430664,69.8499984741211,5800,0.0,0.0
2021-09-24 00:00:00-04:00,68.9800033569336,68.9800033569336,68.9800033569336,68.9800033569336,1900,0.0,0.0
2021-09-27 00:00:00-04:00,70.51000213623047,71.87999725341797,70.3499984741211,70.3499984741211,6800,0.0,0.0
2021-09-28 00:00:00-04:00,70.33999633789062,70.5999984741211,70.33999633789062,70.5999984741211,3700,0.0,0.0
2021-09-29 00:00:00-04:00,72.0,72.0,71.69999694824219,71.9000015258789,4400,0.0,0.0
2021-09-30 00:00:00-04:00,72.5999984741211,72.5999984741211,70.75,70.87000274658203,5300,0.0,0.0
2021-10-01 00:00:00-04:00,70.66000366210938,72.91000366210938,70.66000366210938,72.0199966430664,3700,0.0,0.0
2021-10-04 00:00:00-04:00,72.05000305175781,72.70999908447266,69.58999633789062,69.66000366210938,11100,0.0,0.0
2021-10-05 00:00:00-04:00,70.16000366210938,70.16000366210938,69.30000305175781,70.0,12900,0.0,0.0
2021-10-06 00:00:00-04:00,69.86000061035156,71.62000274658203,69.5,71.0999984741211,10100,0.0,0.0
2021-10-07 00:00:00-04:00,71.0999984741211,72.05000305175781,71.0999984741211,72.05000305175781,6900,0.0,0.0
2021-10-08 00:00:00-04:00,68.5999984741211,70.05999755859375,68.5999984741211,69.9000015258789,2200,0.0,0.0
2021-10-11 00:00:00-04:00,70.94999694824219,71.0,69.33999633789062,69.3499984741211,8100,0.0,0.0
2021-10-12 00:00:00-04:00,69.9000015258789,69.9000015258789,68.72000122070312,69.26000213623047,4800,0.0,0.0
2021-10-13 00:00:00-04:00,68.83000183105469,69.25,68.51000213623047,69.25,7700,0.0,0.0
2021-10-14 00:00:00-04:00,69.88999938964844,70.0,68.87000274658203,69.83999633789062,27200,0.0,0.0
2021-10-15 00:00:00-04:00,70.0,71.91000366210938,69.61000061035156,70.2699966430664,17900,0.0,0.0
2021-10-18 00:00:00-04:00,71.0,71.30000305175781,70.38999938964844,70.38999938964844,4300,0.0,0.0
2021-10-19 00:00:00-04:00,69.6500015258789,69.7699966430664,69.5,69.69000244140625,3200,0.0,0.0
2021-10-20 00:00:00-04:00,69.13999938964844,69.61000061035156,69.04000091552734,69.05000305175781,4000,0.0,0.0
2021-10-21 00:00:00-04:00,69.37999725341797,70.38999938964844,68.33000183105469,68.33000183105469,2700,0.0,0.0
2021-10-22 00:00:00-04:00,69.01000213623047,69.01000213623047,67.5999984741211,68.5,2700,0.0,0.0
2021-10-25 00:00:00-04:00,67.76000213623047,69.26000213623047,67.76000213623047,68.98999786376953,11300,0.0,0.0
2021-10-26 00:00:00-04:00,68.51000213623047,71.37999725341797,68.51000213623047,69.9800033569336,6500,0.0,0.0
2021-10-27 00:00:00-04:00,69.0199966430664,71.7699966430664,69.0199966430664,70.0199966430664,3900,0.0,0.0
2021-10-28 00:00:00-04:00,70.0,72.0,69.73999786376953,70.69000244140625,2900,0.0,0.0
2021-10-29 00:00:00-04:00,71.0,72.38999938964844,69.5199966430664,70.98999786376953,6000,0.0,0.0
2021-11-01 00:00:00-04:00,70.31999969482422,73.0,70.31999969482422,72.48999786376953,6900,0.0,0.0
2021-11-02 00:00:00-04:00,71.02999877929688,72.43000030517578,70.80000305175781,71.66999816894531,4900,0.0,0.0
2021-11-03 00:00:00-04:00,70.97000122070312,73.87000274658203,70.97000122070312,72.0999984741211,10100,0.0,0.0
2021-11-04 00:00:00-04:00,72.5,72.80000305175781,71.16999816894531,72.80000305175781,3900,0.0,0.0
2021-11-05 00:00:00-04:00,73.0,73.94999694824219,72.33000183105469,73.48999786376953,10600,0.0,0.0
2021-11-08 00:00:00-05:00,72.19000244140625,73.94999694824219,72.19000244140625,73.94999694824219,3600,0.0,0.0
2021-11-09 00:00:00-05:00,73.91000366210938,73.91000366210938,73.5999984741211,73.5999984741211,3800,0.0,0.0
2021-11-10 00:00:00-05:00,73.83999633789062,73.83999633789062,69.05999755859375,72.05000305175781,16100,0.0,0.0
2021-11-11 00:00:00-05:00,71.56999969482422,73.0199966430664,71.56999969482422,73.0199966430664,6000,0.0,0.0
2021-11-12 00:00:00-05:00,71.0199966430664,73.9800033569336,71.0199966430664,73.66999816894531,2700,0.0,0.0
2021-11-15 00:00:00-05:00,73.2300033569336,73.2300033569336,72.12000274658203,72.68000030517578,3800,0.0,0.0
2021-11-16 00:00:00-05:00,73.0,73.0,71.37000274658203,72.0,5900,0.0,0.0
2021-11-17 00:00:00-05:00,71.12000274658203,71.56999969482422,71.12000274658203,71.30000305175781,4900,0.0,0.0
2021-11-18 00:00:00-05:00,71.66999816894531,72.94999694824219,71.0999984741211,72.08000183105469,8900,0.0,0.0
2021-11-19 00:00:00-05:00,71.5999984741211,72.94999694824219,71.02999877929688,71.4000015258789,5500,0.0,0.0
2021-11-22 00:00:00-05:00,72.3499984741211,73.26000213623047,71.73999786376953,71.94000244140625,7600,0.0,0.0
2021-11-23 00:00:00-05:00,71.5,73.75,71.23999786376953,72.91000366210938,12800,0.0,0.0
2021-11-24 00:00:00-05:00,71.12000274658203,72.69000244140625,71.01000213623047,72.55000305175781,7400,0.0,0.0
2021-11-26 00:00:00-05:00,71.48999786376953,72.25,70.05000305175781,70.33000183105469,7600,0.0,0.0
2021-11-29 00:00:00-05:00,71.19999694824219,71.19999694824219,69.5199966430664,69.55999755859375,9000,0.0,0.0
2021-11-30 00:00:00-05:00,68.77999877929688,70.2699966430664,68.51000213623047,70.2300033569336,40300,0.0,0.0
2021-12-01 00:00:00-05:00,71.08999633789062,73.48999786376953,70.80000305175781,70.80000305175781,5600,0.0,0.0
2021-12-02 00:00:00-05:00,69.51000213623047,72.0,69.51000213623047,72.0,3400,0.0,0.0
2021-12-03 00:00:00-05:00,71.94000244140625,71.94000244140625,70.11000061035156,70.11000061035156,7200,0.0,0.0
2021-12-06 00:00:00-05:00,70.87999725341797,71.80999755859375,70.37999725341797,71.80999755859375,7400,0.0,0.0
2021-12-07 00:00:00-05:00,72.0,72.7300033569336,71.06999969482422,72.04000091552734,6800,0.0,0.0
2021-12-08 00:00:00-05:00,71.6500015258789,72.80000305175781,71.52999877929688,71.70999908447266,4700,0.0,0.0
2021-12-09 00:00:00-05:00,71.29000091552734,71.29000091552734,70.5199966430664,70.5199966430664,5100,0.0,0.0
2021-12-10 00:00:00-05:00,71.37000274658203,71.37000274658203,70.41999816894531,70.68000030517578,8800,0.0,0.0
2021-12-13 00:00:00-05:00,70.68000030517578,70.75,69.43000030517578,69.44999694824219,6300,0.0,0.0
2021-12-14 00:00:00-05:00,68.79000091552734,69.55000305175781,68.79000091552734,68.81999969482422,9400,0.0,0.0
2021-12-15 00:00:00-05:00,69.30999755859375,70.66999816894531,69.05000305175781,69.51000213623047,24600,0.0,0.0
2021-12-16 00:00:00-05:00,70.0,71.18000030517578,70.0,70.48999786376953,14000,0.0,0.0
2021-12-17 00:00:00-05:00,71.2300033569336,72.2699966430664,69.81999969482422,71.37000274658203,27600,0.0,0.0
2021-12-20 00:00:00-05:00,70.80000305175781,70.80000305175781,69.02999877929688,69.02999877929688,10100,0.0,0.0
2021-12-21 00:00:00-05:00,70.55999755859375,72.20999908447266,69.91000366210938,69.91000366210938,8300,0.0,0.0
2021-12-22 00:00:00-05:00,71.1500015258789,72.27999877929688,70.30000305175781,72.2699966430664,4200,0.0,0.0
2021-12-23 00:00:00-05:00,71.44000244140625,72.16999816894531,70.27999877929688,70.51000213623047,11700,0.0,0.0
2021-12-27 00:00:00-05:00,71.80000305175781,71.93000030517578,70.94000244140625,71.69999694824219,4600,0.0,0.0
2021-12-28 00:00:00-05:00,71.91000366210938,71.91999816894531,71.5999984741211,71.5999984741211,4700,0.0,0.0
2021-12-29 00:00:00-05:00,71.77999877929688,73.08000183105469,71.08000183105469,72.9800033569336,3300,0.0,0.0
2021-12-30 00:00:00-05:00,72.66999816894531,72.80999755859375,71.91999816894531,72.80999755859375,3400,0.0,0.0
2021-12-31 00:00:00-05:00,72.23999786376953,72.23999786376953,72.23999786376953,72.23999786376953,1900,0.0,0.0
2022-01-03 00:00:00-05:00,72.0,72.66000366210938,71.47000122070312,71.7300033569336,8000,0.0,0.0
2022-01-04 00:00:00-05:00,72.69999694824219,72.69999694824219,71.51000213623047,71.69999694824219,12500,0.0,0.0
2022-01-05 00:00:00-05:00,72.26000213623047,72.97000122070312,71.33999633789062,72.2699966430664,13200,0.0,0.0
2022-01-06 00:00:00-05:00,72.47000122070312,73.68000030517578,72.25,73.68000030517578,7500,0.0,0.0
2022-01-07 00:00:00-05:00,73.27999877929688,73.7300033569336,72.79000091552734,73.05999755859375,9100,0.0,0.0
2022-01-10 00:00:00-05:00,72.76000213623047,73.43000030517578,72.08999633789062,73.43000030517578,8200,0.0,0.0
2022-01-11 00:00:00-05:00,73.62999725341797,73.79000091552734,71.33000183105469,72.48999786376953,5400,0.0,0.0
2022-01-12 00:00:00-05:00,72.8499984741211,73.91999816894531,71.2699966430664,72.19999694824219,9500,0.0,0.0
2022-01-13 00:00:00-05:00,72.83999633789062,73.22000122070312,72.02999877929688,72.12000274658203,6100,0.0,0.0
2022-01-14 00:00:00-05:00,71.44999694824219,72.58000183105469,70.61000061035156,71.63999938964844,10300,0.0,0.0
2022-01-18 00:00:00-05:00,72.04000091552734,72.04000091552734,70.55000305175781,70.77999877929688,17300,0.0,0.0
2022-01-19 00:00:00-05:00,70.55000305175781,72.08000183105469,70.55000305175781,71.80000305175781,14400,0.0,0.0
2022-01-20 00:00:00-05:00,72.0,72.54000091552734,71.23999786376953,71.23999786376953,5200,0.0,0.0
2022-01-21 00:00:00-05:00,70.69999694824219,72.16000366210938,70.55999755859375,70.55999755859375,12400,0.0,0.0
2022-01-24 00:00:00-05:00,70.69999694824219,72.0,70.69999694824219,71.62000274658203,13900,0.0,0.0
2022-01-25 00:00:00-05:00,71.16000366210938,71.77999877929688,71.16000366210938,71.72000122070312,2900,0.0,0.0
2022-01-26 00:00:00-05:00,72.0,73.05999755859375,71.05000305175781,71.58999633789062,11600,0.0,0.0
2022-01-27 00:00:00-05:00,70.66999816894531,70.69999694824219,70.66999816894531,70.69999694824219,2800,0.0,0.0
2022-01-28 00:00:00-05:00,71.0,71.0,69.70999908447266,70.0,6700,0.0,0.0
2022-01-31 00:00:00-05:00,69.75,70.5,69.75,69.98999786376953,8200,0.0,0.0
2022-02-01 00:00:00-05:00,69.5,71.66000366210938,69.5,70.77999877929688,16200,0.0,0.0
2022-02-02 00:00:00-05:00,71.12000274658203,72.4000015258789,70.22000122070312,70.22000122070312,8000,0.0,0.0
2022-02-03 00:00:00-05:00,70.5,71.05000305175781,70.4000015258789,70.61000061035156,7100,0.0,0.0
2022-02-04 00:00:00-05:00,70.37999725341797,71.4800033569336,70.37999725341797,70.70999908447266,5500,0.0,0.0
2022-02-07 00:00:00-05:00,71.9800033569336,71.9800033569336,70.66999816894531,70.9800033569336,5700,0.0,0.0
2022-02-08 00:00:00-05:00,70.6500015258789,71.5999984741211,70.6500015258789,71.5999984741211,12900,0.0,0.0
2022-02-09 00:00:00-05:00,70.80000305175781,71.08000183105469,70.70999908447266,70.70999908447266,7800,0.0,0.0
2022-02-10 00:00:00-05:00,70.22000122070312,70.33000183105469,70.0,70.0,9800,0.0,0.0
2022-02-11 00:00:00-05:00,70.5999984741211,71.37999725341797,70.5999984741211,71.37000274658203,13900,0.0,0.0
2022-02-14 00:00:00-05:00,70.3499984741211,70.3499984741211,70.3499984741211,70.3499984741211,2400,0.0,0.0
2022-02-15 00:00:00-05:00,71.06999969482422,71.5999984741211,70.86000061035156,70.86000061035156,7500,0.0,0.0
2022-02-16 00:00:00-05:00,70.7699966430664,70.83000183105469,70.19000244140625,70.80000305175781,3300,0.0,0.0
2022-02-17 00:00:00-05:00,70.55000305175781,70.91999816894531,70.05999755859375,70.08000183105469,9400,0.0,0.0
2022-02-18 00:00:00-05:00,69.98999786376953,71.01000213623047,69.98999786376953,70.30000305175781,9900,0.0,0.0
2022-02-22 00:00:00-05:00,70.36000061035156,71.33999633789062,70.36000061035156,70.70999908447266,8000,0.0,0.0
2022-02-23 00:00:00-05:00,71.93000030517578,71.93000030517578,70.33999633789062,70.33999633789062,7800,0.0,0.0
2022-02-24 00:00:00-05:00,70.0,70.5,69.75,70.5,8500,0.0,0.0
2022-02-25 00:00:00-05:00,71.44000244140625,71.44000244140625,70.52999877929688,70.9000015258789,7500,0.0,0.0
2022-02-28 00:00:00-05:00,70.54000091552734,71.19999694824219,70.43000030517578,70.43000030517578,11600,0.0,0.0
2022-03-01 00:00:00-05:00,71.19000244140625,71.19000244140625,68.27999877929688,68.54000091552734,13200,0.0,0.0
2022-03-02 00:00:00-05:00,68.9800033569336,71.19000244140625,68.9800033569336,70.9000015258789,8900,0.0,0.0
2022-03-03 00:00:00-05:00,70.30000305175781,71.36000061035156,70.0199966430664,71.19999694824219,8400,0.0,0.0
2022-03-04 00:00:00-05:00,70.06999969482422,70.26000213623047,70.06999969482422,70.26000213623047,4100,0.0,0.0
2022-03-07 00:00:00-05:00,70.13999938964844,71.12999725341797,70.13999938964844,70.30999755859375,9000,0.0,0.0
2022-03-08 00:00:00-05:00,70.05999755859375,70.25,70.05999755859375,70.25,5500,0.0,0.0
2022-03-09 00:00:00-05:00,71.13999938964844,71.13999938964844,70.1500015258789,70.73999786376953,4300,0.0,0.0
2022-03-10 00:00:00-05:00,70.0199966430664,71.11000061035156,69.76000213623047,70.66999816894531,7100,0.0,0.0
2022-03-11 00:00:00-05:00,71.31999969482422,71.3499984741211,70.54000091552734,70.5999984741211,6500,0.0,0.0
2022-03-14 00:00:00-04:00,70.66999816894531,71.68000030517578,70.62999725341797,71.3499984741211,6900,0.0,0.0
2022-03-15 00:00:00-04:00,70.73999786376953,71.52999877929688,70.73999786376953,70.93000030517578,6000,0.0,0.0
2022-03-16 00:00:00-04:00,70.62000274658203,71.97000122070312,70.62000274658203,71.4000015258789,9400,0.0,0.0
2022-03-17 00:00:00-04:00,71.5,72.02999877929688,71.41999816894531,71.80000305175781,9300,0.0,0.0
2022-03-18 00:00:00-04:00,71.88999938964844,72.04000091552734,70.70999908447266,70.70999908447266,24900,0.0,0.0
2022-03-21 00:00:00-04:00,71.31999969482422,71.9800033569336,71.31999969482422,71.9800033569336,14500,0.0,0.0
2022-03-22 00:00:00-04:00,72.20999908447266,72.8499984741211,71.48999786376953,72.27999877929688,15800,0.0,0.0
2022-03-23 00:00:00-04:00,71.26000213623047,71.80000305175781,71.20999908447266,71.36000061035156,6800,0.0,0.0
2022-03-24 00:00:00-04:00,71.93000030517578,72.41000366210938,71.27999877929688,71.5999984741211,11100,0.0,0.0
2022-03-25 00:00:00-04:00,71.58999633789062,72.4800033569336,71.30000305175781,72.2300033569336,16800,0.0,0.0
2022-03-28 00:00:00-04:00,72.33000183105469,73.41000366210938,72.33000183105469,72.61000061035156,7500,0.0,0.0
2022-03-29 00:00:00-04:00,73.06999969482422,73.5,72.62999725341797,73.47000122070312,7200,0.0,0.0
2022-03-30 00:00:00-04:00,73.33000183105469,73.86000061035156,72.33999633789062,72.33999633789062,11600,0.0,0.0
2022-03-31 00:00:00-04:00,72.75,72.94999694824219,71.51000213623047,71.98999786376953,27400,0.0,0.0
2022-04-01 00:00:00-04:00,72.69000244140625,72.69000244140625,71.72000122070312,72.37000274658203,14500,0.0,0.0
2022-04-04 00:00:00-04:00,71.97000122070312,72.18000030517578,71.62000274658203,71.98999786376953,7400,0.0,0.0
2022-04-05 00:00:00-04:00,72.47000122070312,72.75,71.37999725341797,71.55000305175781,8800,0.0,0.0
2022-04-06 00:00:00-04:00,71.87999725341797,73.47000122070312,71.25,71.25,10100,0.0,0.0
2022-04-07 00:00:00-04:00,71.2699966430664,71.2699966430664,70.5999984741211,70.5999984741211,5900,0.0,0.0
2022-04-08 00:00:00-04:00,70.72000122070312,71.16000366210938,70.5199966430664,70.62999725341797,9000,0.0,0.0
2022-04-11 00:00:00-04:00,71.0,71.16000366210938,70.58000183105469,70.97000122070312,8000,0.0,0.0
2022-04-12 00:00:00-04:00,71.68000030517578,71.9000015258789,71.0999984741211,71.44999694824219,10500,0.0,0.0
2022-04-13 00:00:00-04:00,71.86000061035156,72.66999816894531,71.5999984741211,72.02999877929688,9500,0.0,0.0
2022-04-14 00:00:00-04:00,72.16999816894531,72.48999786376953,71.52999877929688,71.5999984741211,11500,0.0,0.0
2022-04-18 00:00:00-04:00,71.19000244140625,72.02999877929688,71.19000244140625,71.80000305175781,9600,0.0,0.0
2022-04-19 00:00:00-04:00,71.7699966430664,72.27999877929688,71.7699966430664,72.04000091552734,3800,0.0,0.0
2022-04-20 00:00:00-04:00,72.2300033569336,73.91999816894531,72.2300033569336,73.5999984741211,8100,0.0,0.0
2022-04-21 00:00:00-04:00,73.95999908447266,74.7699966430664,72.56999969482422,72.58999633789062,19700,0.0,0.0
2022-04-22 00:00:00-04:00,72.87999725341797,73.5,71.68000030517578,71.68000030517578,6500,0.0,0.0
2022-04-25 00:00:00-04:00,71.91000366210938,74.25,70.94999694824219,72.18000030517578,8700,0.0,0.0
2022-04-26 00:00:00-04:00,71.58000183105469,71.94999694824219,70.73999786376953,70.91000366210938,10400,0.0,0.0
2022-04-27 00:00:00-04:00,71.16000366210938,71.88999938964844,70.66999816894531,71.16999816894531,11200,0.0,0.0
2022-04-28 00:00:00-04:00,71.01000213623047,71.7699966430664,70.87000274658203,71.7699966430664,5800,0.0,0.0
2022-04-29 00:00:00-04:00,71.44000244140625,71.76000213623047,70.54000091552734,70.69999694824219,11500,0.0,0.0
2022-05-02 00:00:00-04:00,70.91999816894531,71.41999816894531,70.55999755859375,70.80000305175781,13500,0.0,0.0
2022-05-03 00:00:00-04:00,70.70999908447266,71.02999877929688,70.6500015258789,70.88999938964844,6500,0.0,0.0
2022-05-04 00:00:00-04:00,71.44000244140625,72.16000366210938,71.0199966430664,71.97000122070312,7700,0.0,0.0
2022-05-05 00:00:00-04:00,71.5,71.5,70.51000213623047,71.0999984741211,10200,0.0,0.0
2022-05-06 00:00:00-04:00,71.4800033569336,71.4800033569336,70.69999694824219,71.19999694824219,12800,0.0,0.0
2022-05-09 00:00:00-04:00,70.9000015258789,71.54000091552734,70.36000061035156,71.54000091552734,13700,0.0,0.0
2022-05-10 00:00:00-04:00,71.56999969482422,71.95999908447266,70.91000366210938,71.69999694824219,9800,0.0,0.0
2022-05-11 00:00:00-04:00,71.88999938964844,72.62000274658203,71.06999969482422,71.30999755859375,10300,0.0,0.0
2022-05-12 00:00:00-04:00,70.62000274658203,71.0999984741211,70.26000213623047,70.30000305175781,10600,0.0,0.0
2022-05-13 00:00:00-04:00,70.8499984741211,71.01000213623047,70.25,70.25,12400,0.0,0.0
2022-05-16 00:00:00-04:00,70.18000030517578,70.3499984741211,70.12000274658203,70.12000274658203,4000,0.0,0.0
2022-05-17 00:00:00-04:00,71.2300033569336,71.55999755859375,71.2300033569336,71.54000091552734,5000,0.0,0.0
2022-05-18 00:00:00-04:00,71.22000122070312,71.2300033569336,70.51000213623047,70.55000305175781,10200,0.0,0.0
2022-05-19 00:00:00-04:00,70.0999984741211,70.43000030517578,69.66000366210938,69.75,17200,0.0,0.0
2022-05-20 00:00:00-04:00,70.23999786376953,70.23999786376953,69.66999816894531,69.91999816894531,5600,0.0,0.0
2022-05-23 00:00:00-04:00,70.70999908447266,70.70999908447266,69.47000122070312,69.69999694824219,11300,0.0,0.0
2022-05-24 00:00:00-04:00,69.43000030517578,70.72000122070312,69.13999938964844,70.47000122070312,15500,0.0,0.0
2022-05-25 00:00:00-04:00,70.5,71.4000015258789,70.4000015258789,70.4000015258789,15000,0.0,0.0
2022-05-26 00:00:00-04:00,70.95999908447266,71.29000091552734,70.95999908447266,71.05999755859375,7200,0.0,0.0
2022-05-27 00:00:00-04:00,71.5,71.80000305175781,71.27999877929688,71.66000366210938,5000,0.0,0.0
2022-05-31 00:00:00-04:00,71.4800033569336,72.66999816894531,71.4800033569336,72.66999816894531,19100,0.0,0.0
2022-06-01 00:00:00-04:00,72.69999694824219,74.13999938964844,72.08999633789062,74.13999938964844,11400,0.0,0.0
2022-06-02 00:00:00-04:00,73.72000122070312,74.2300033569336,73.11000061035156,74.19000244140625,5800,0.0,0.0
2022-06-03 00:00:00-04:00,73.4800033569336,73.48999786376953,72.88999938964844,72.94999694824219,8000,0.0,0.0
2022-06-06 00:00:00-04:00,73.5999984741211,73.94000244140625,73.33000183105469,73.76000213623047,8800,0.0,0.0
2022-06-07 00:00:00-04:00,73.36000061035156,73.36000061035156,72.9800033569336,72.9800033569336,5200,0.0,0.0
2022-06-08 00:00:00-04:00,72.86000061035156,72.93000030517578,72.66999816894531,72.70999908447266,5600,0.0,0.0
2022-06-09 00:00:00-04:00,71.72000122070312,72.44999694824219,71.44000244140625,71.9000015258789,7500,0.0,0.0
2022-06-10 00:00:00-04:00,71.0,71.19999694824219,70.9000015258789,71.19999694824219,6900,0.0,0.0
2022-06-13 00:00:00-04:00,71.88999938964844,71.9800033569336,70.9000015258789,70.9000015258789,10900,0.0,0.0
2022-06-14 00:00:00-04:00,71.44000244140625,71.44000244140625,70.68000030517578,71.0999984741211,5800,0.0,0.0
2022-06-15 00:00:00-04:00,71.5999984741211,73.69000244140625,70.6500015258789,73.05000305175781,12200,0.0,0.0
2022-06-16 00:00:00-04:00,71.47000122070312,71.94999694824219,71.16000366210938,71.55000305175781,10200,0.0,0.0
2022-06-17 00:00:00-04:00,71.93000030517578,73.66000366210938,71.93000030517578,73.66000366210938,19600,0.0,0.0
2022-06-21 00:00:00-04:00,73.54000091552734,74.56999969482422,73.54000091552734,74.4800033569336,9500,0.0,0.0
2022-06-22 00:00:00-04:00,72.58000183105469,74.55000305175781,72.58000183105469,73.58999633789062,13900,0.0,0.0
2022-06-23 00:00:00-04:00,72.5999984741211,74.4800033569336,72.5999984741211,74.37999725341797,11300,0.0,0.0
2022-06-24 00:00:00-04:00,73.20999908447266,77.55999755859375,73.20999908447266,77.55999755859375,61800,0.0,0.0
2022-06-27 00:00:00-04:00,77.5,79.25,76.12000274658203,76.3499984741211,17200,0.0,0.0
2022-06-28 00:00:00-04:00,76.79000091552734,76.91999816894531,73.9000015258789,74.44999694824219,18700,0.0,0.0
2022-06-29 00:00:00-04:00,74.38999938964844,75.62000274658203,74.08000183105469,75.45999908447266,12900,0.0,0.0
2022-06-30 00:00:00-04:00,74.5999984741211,75.98999786376953,74.48999786376953,75.80999755859375,8800,0.0,0.0
2022-07-01 00:00:00-04:00,76.5,76.72000122070312,76.5,76.72000122070312,5000,0.0,0.0
2022-07-05 00:00:00-04:00,75.87000274658203,76.95999908447266,75.31999969482422,76.95999908447266,8700,0.0,0.0
2022-07-06 00:00:00-04:00,77.0,78.16000366210938,76.58000183105469,77.4000015258789,10700,0.0,0.0
2022-07-07 00:00:00-04:00,77.41999816894531,77.91000366210938,76.38999938964844,77.05000305175781,10300,0.0,0.0
2022-07-08 00:00:00-04:00,77.08999633789062,78.0199966430664,76.05000305175781,76.93000030517578,6500,0.0,0.0
2022-07-11 00:00:00-04:00,76.13999938964844,76.58000183105469,75.9000015258789,76.0,8800,0.0,0.0
2022-07-12 00:00:00-04:00,76.66999816894531,77.33000183105469,76.43000030517578,76.43000030517578,5500,0.0,0.0
2022-07-13 00:00:00-04:00,76.1500015258789,76.44000244140625,75.5999984741211,75.5999984741211,3300,0.0,0.0
2022-07-14 00:00:00-04:00,75.19000244140625,76.0199966430664,74.58000183105469,75.93000030517578,10600,0.0,0.0
2022-07-15 00:00:00-04:00,76.0199966430664,77.30000305175781,76.0199966430664,77.08000183105469,10700,0.0,0.0
2022-07-18 00:00:00-04:00,77.1500015258789,77.69999694824219,75.0999984741211,75.0999984741211,5400,0.0,0.0
2022-07-19 00:00:00-04:00,75.41000366210938,77.91000366210938,75.41000366210938,77.12999725341797,5600,0.0,0.0
2022-07-20 00:00:00-04:00,77.87999725341797,78.16000366210938,76.30000305175781,76.94000244140625,8600,0.0,0.0
2022-07-21 00:00:00-04:00,76.77999877929688,77.70999908447266,75.79000091552734,76.20999908447266,10900,0.0,0.0
2022-07-22 00:00:00-04:00,77.5,77.5,75.18000030517578,75.2300033569336,7400,0.0,0.0
2022-07-25 00:00:00-04:00,75.13999938964844,75.5999984741211,74.76000213623047,75.1500015258789,6000,0.0,0.0
2022-07-26 00:00:00-04:00,75.04000091552734,77.0,75.04000091552734,75.83999633789062,10900,0.0,0.0
2022-07-27 00:00:00-04:00,75.8499984741211,78.44000244140625,75.8499984741211,77.94000244140625,24700,0.0,0.0
2022-07-28 00:00:00-04:00,78.73999786376953,78.73999786376953,77.29000091552734,77.29000091552734,9100,0.0,0.0
2022-07-29 00:00:00-04:00,77.0,77.4000015258789,76.69000244140625,76.91999816894531,10200,0.0,0.0
2022-08-01 00:00:00-04:00,77.0,77.48999786376953,76.20999908447266,77.2300033569336,6700,0.0,0.0
2022-08-02 00:00:00-04:00,78.69999694824219,78.69999694824219,76.62999725341797,77.4000015258789,6700,0.0,0.0
2022-08-03 00:00:00-04:00,77.31999969482422,77.83999633789062,77.25,77.83999633789062,6200,0.0,0.0
2022-08-04 00:00:00-04:00,78.19999694824219,78.19999694824219,77.80000305175781,77.80000305175781,5300,0.0,0.0
2022-08-05 00:00:00-04:00,77.0199966430664,77.0199966430664,75.52999877929688,75.9000015258789,17000,0.0,0.0
2022-08-08 00:00:00-04:00,75.61000061035156,76.73999786376953,74.91999816894531,76.61000061035156,21000,0.0,0.0
2022-08-09 00:00:00-04:00,75.83999633789062,76.19999694824219,75.44999694824219,76.19999694824219,7600,0.0,0.0
2022-08-10 00:00:00-04:00,76.5,76.5,75.79000091552734,75.91999816894531,7700,0.0,0.0
2022-08-11 00:00:00-04:00,75.29000091552734,76.9800033569336,75.29000091552734,76.77999877929688,6500,0.0,0.0
2022-08-12 00:00:00-04:00,76.44000244140625,79.0,76.44000244140625,78.98999786376953,8300,0.0,0.0
2022-08-15 00:00:00-04:00,78.73999786376953,81.66999816894531,78.55999755859375,81.0,11700,0.0,0.0
2022-08-16 00:00:00-04:00,80.04000091552734,81.83999633789062,79.77999877929688,80.63999938964844,10300,0.0,0.0
2022-08-17 00:00:00-04:00,81.5,81.5,80.23999786376953,80.47000122070312,5200,0.0,0.0
2022-08-18 00:00:00-04:00,80.55000305175781,81.88999938964844,79.61000061035156,81.81999969482422,9900,0.0,0.0
2022-08-19 00:00:00-04:00,81.16999816894531,82.66000366210938,81.16999816894531,81.75,13600,0.0,0.0
2022-08-22 00:00:00-04:00,81.0999984741211,81.48999786376953,80.94000244140625,81.08000183105469,8000,0.0,0.0
2022-08-23 00:00:00-04:00,80.18000030517578,80.61000061035156,79.51000213623047,79.51000213623047,11100,0.0,0.0
2022-08-24 00:00:00-04:00,79.7300033569336,80.19999694824219,78.19000244140625,78.52999877929688,12100,0.0,0.0
2022-08-25 00:00:00-04:00,78.37999725341797,80.48999786376953,78.37999725341797,80.48999786376953,8600,0.0,0.0
2022-08-26 00:00:00-04:00,80.02999877929688,81.29000091552734,78.68000030517578,80.16999816894531,28700,0.0,0.0
2022-08-29 00:00:00-04:00,79.61000061035156,81.66000366210938,79.08999633789062,79.08999633789062,3900,0.0,0.0
2022-08-30 00:00:00-04:00,79.91000366210938,80.12000274658203,78.26000213623047,78.69999694824219,10000,0.0,0.0
2022-08-31 00:00:00-04:00,79.19999694824219,81.98999786376953,79.19999694824219,81.2699966430664,30300,0.0,0.0
2022-09-01 00:00:00-04:00,81.4000015258789,82.0,79.62999725341797,80.61000061035156,16200,0.0,0.0
2022-09-02 00:00:00-04:00,80.0999984741211,81.29000091552734,78.9000015258789,78.9000015258789,16900,0.0,0.0
2022-09-06 00:00:00-04:00,79.55000305175781,79.55000305175781,77.13999938964844,77.45999908447266,10400,0.0,0.0
2022-09-07 00:00:00-04:00,79.72000122070312,79.72000122070312,77.58000183105469,78.58000183105469,11200,0.0,0.0
2022-09-08 00:00:00-04:00,77.83000183105469,79.22000122070312,77.43000030517578,77.83000183105469,10100,0.0,0.0
2022-09-09 00:00:00-04:00,77.83999633789062,78.86000061035156,77.37999725341797,78.86000061035156,11900,0.0,0.0
2022-09-12 00:00:00-04:00,79.4800033569336,80.5199966430664,77.9000015258789,78.30000305175781,17500,0.0,0.0
2022-09-13 00:00:00-04:00,75.97000122070312,77.63999938964844,75.97000122070312,76.02999877929688,14100,0.0,0.0
2022-09-14 00:00:00-04:00,76.2699966430664,78.38999938964844,76.2699966430664,78.38999938964844,29400,0.0,0.0
2022-09-15 00:00:00-04:00,78.04000091552734,79.66000366210938,77.93000030517578,79.5999984741211,33100,0.0,0.0
2022-09-16 00:00:00-04:00,78.75,80.16000366210938,77.05999755859375,80.0999984741211,44300,0.0,0.0
2022-09-19 00:00:00-04:00,79.13999938964844,80.9800033569336,79.13999938964844,80.91000366210938,36400,0.0,0.0
2022-09-20 00:00:00-04:00,80.48999786376953,80.75,78.45999908447266,80.73999786376953,40000,0.0,0.0
2022-09-21 00:00:00-04:00,80.2699966430664,80.81999969482422,79.44999694824219,79.63999938964844,12200,0.0,0.0
2022-09-22 00:00:00-04:00,78.19000244140625,78.80000305175781,78.0199966430664,78.5999984741211,9600,0.0,0.0
2022-09-23 00:00:00-04:00,78.05000305175781,78.5,77.48999786376953,77.86000061035156,10100,0.0,0.0
2022-09-26 00:00:00-04:00,78.2699966430664,78.2699966430664,77.2699966430664,77.56999969482422,15900,0.0,0.0
2022-09-27 00:00:00-04:00,77.91999816894531,77.91999816894531,76.30000305175781,76.72000122070312,10100,0.0,0.0
2022-09-28 00:00:00-04:00,76.43000030517578,77.7699966430664,76.23999786376953,77.02999877929688,15500,0.0,0.0
2022-09-29 00:00:00-04:00,77.93000030517578,77.93000030517578,76.0,76.08999633789062,9400,0.0,0.0
2022-09-30 00:00:00-04:00,76.31999969482422,78.12000274658203,76.31999969482422,76.4800033569336,14500,0.0,0.0
2022-10-03 00:00:00-04:00,76.37000274658203,76.98999786376953,76.37000274658203,76.5199966430664,11700,0.0,0.0
2022-10-04 00:00:00-04:00,77.30999755859375,77.30999755859375,76.56999969482422,76.75,10200,0.0,0.0
2022-10-05 00:00:00-04:00,76.77999877929688,78.91999816894531,76.62999725341797,78.5199966430664,17600,0.0,0.0
2022-10-06 00:00:00-04:00,78.5999984741211,78.83999633789062,77.19999694824219,77.19999694824219,9800,0.0,0.0
2022-10-07 00:00:00-04:00,77.80999755859375,77.80999755859375,76.01000213623047,76.12999725341797,8200,0.0,0.0
2022-10-10 00:00:00-04:00,75.87000274658203,77.47000122070312,75.87000274658203,76.8499984741211,9600,0.0,0.0
2022-10-11 00:00:00-04:00,77.86000061035156,78.38999938964844,76.94999694824219,78.01000213623047,10800,0.0,0.0
2022-10-12 00:00:00-04:00,77.93000030517578,78.0,77.05000305175781,77.05000305175781,6000,0.0,0.0
2022-10-13 00:00:00-04:00,76.7699966430664,80.23999786376953,76.7699966430664,80.01000213623047,14200,0.0,0.0
2022-10-14 00:00:00-04:00,80.0,80.5,77.80999755859375,78.12000274658203,8700,0.0,0.0
2022-10-17 00:00:00-04:00,78.3499984741211,80.41999816894531,78.05000305175781,80.41999816894531,22600,0.0,0.0
2022-10-18 00:00:00-04:00,81.0,82.5,79.91000366210938,80.87000274658203,19000,0.0,0.0
2022-10-19 00:00:00-04:00,80.0,81.0,78.4000015258789,80.04000091552734,13900,0.0,0.0
2022-10-20 00:00:00-04:00,79.9000015258789,80.2699966430664,79.51000213623047,80.2699966430664,6700,0.0,0.0
2022-10-21 00:00:00-04:00,80.47000122070312,82.44000244140625,80.47000122070312,82.23999786376953,10300,0.0,0.0
2022-10-24 00:00:00-04:00,81.81999969482422,82.38999938964844,80.87000274658203,81.4000015258789,7600,0.0,0.0
2022-10-25 00:00:00-04:00,81.43000030517578,81.5199966430664,80.02999877929688,80.69000244140625,14100,0.0,0.0
2022-10-26 00:00:00-04:00,80.69000244140625,81.52999877929688,80.69000244140625,81.12000274658203,7700,0.0,0.0
2022-10-27 00:00:00-04:00,82.83000183105469,82.83000183105469,81.83999633789062,81.83999633789062,5100,0.0,0.0
2022-10-28 00:00:00-04:00,80.52999877929688,86.0,80.52999877929688,85.80000305175781,12100,0.0,0.0
2022-10-31 00:00:00-04:00,86.0,86.5,85.30000305175781,86.1500015258789,15700,0.0,0.0
2022-11-01 00:00:00-04:00,85.91999816894531,88.33000183105469,85.80999755859375,87.55999755859375,11200,0.0,0.0
2022-11-02 00:00:00-04:00,86.55000305175781,88.47000122070312,85.76000213623047,87.0999984741211,19500,0.0,0.0
2022-11-03 00:00:00-04:00,86.30000305175781,88.0,86.30000305175781,87.20999908447266,8600,0.0,0.0
2022-11-04 00:00:00-04:00,87.16000366210938,89.25,87.0999984741211,88.44000244140625,16700,0.0,0.0
2022-11-07 00:00:00-05:00,88.30000305175781,91.26000213623047,88.30000305175781,90.80000305175781,11700,0.0,0.0
2022-11-08 00:00:00-05:00,90.4000015258789,90.5199966430664,88.55999755859375,88.55999755859375,18400,0.0,0.0
2022-11-09 00:00:00-05:00,88.3499984741211,89.5,88.3499984741211,89.23999786376953,10400,0.0,0.0
2022-11-10 00:00:00-05:00,90.30000305175781,93.7699966430664,90.25,93.7699966430664,19400,0.0,0.0
2022-11-11 00:00:00-05:00,92.87000274658203,93.16000366210938,90.80000305175781,90.98999786376953,14900,0.0,0.0
2022-11-14 00:00:00-05:00,91.43000030517578,92.04000091552734,88.11000061035156,89.41000366210938,23400,0.0,0.0
2022-11-15 00:00:00-05:00,90.4000015258789,91.58999633789062,90.4000015258789,91.58999633789062,12500,0.0,0.0
2022-11-16 00:00:00-05:00,92.79000091552734,92.79000091552734,91.4800033569336,92.55000305175781,11600,0.0,0.0
2022-11-17 00:00:00-05:00,92.44999694824219,93.47000122070312,91.0199966430664,93.47000122070312,14100,0.0,0.0
2022-11-18 00:00:00-05:00,94.44999694824219,94.5999984741211,92.58000183105469,93.69000244140625,12600,0.0,0.0
2022-11-21 00:00:00-05:00,93.55000305175781,97.4800033569336,93.55000305175781,97.4800033569336,34600,0.0,0.0
2022-11-22 00:00:00-05:00,97.08999633789062,99.23999786376953,97.08999633789062,98.70999908447266,19100,0.0,0.0
2022-11-23 00:00:00-05:00,98.55000305175781,99.08999633789062,97.7300033569336,98.48999786376953,13100,0.0,0.0
2022-11-25 00:00:00-05:00,98.80999755859375,99.83999633789062,98.80999755859375,99.12999725341797,7300,0.0,0.0
2022-11-28 00:00:00-05:00,98.4800033569336,98.4800033569336,96.80999755859375,97.9800033569336,17100,0.0,0.0
2022-11-29 00:00:00-05:00,97.62000274658203,97.62000274658203,93.3499984741211,93.69999694824219,17800,0.0,0.0
2022-11-30 00:00:00-05:00,93.11000061035156,95.48999786376953,89.6500015258789,95.02999877929688,39900,0.0,0.0
2022-12-01 00:00:00-05:00,95.33999633789062,96.86000061035156,94.77999877929688,95.94999694824219,7800,0.0,0.0
2022-12-02 00:00:00-05:00,95.91000366210938,97.81999969482422,95.25,97.31999969482422,15900,0.0,0.0
2022-12-05 00:00:00-05:00,97.69000244140625,98.0,95.4000015258789,97.38999938964844,46400,0.0,0.0
2022-12-06 00:00:00-05:00,97.02999877929688,97.80999755859375,95.45999908447266,95.9000015258789,14700,0.0,0.0
2022-12-07 00:00:00-05:00,95.8499984741211,96.20999908447266,94.81999969482422,95.97000122070312,13500,0.0,0.0
2022-12-08 00:00:00-05:00,96.22000122070312,97.36000061035156,96.22000122070312,96.29000091552734,16200,0.0,0.0
2022-12-09 00:00:00-05:00,96.41999816894531,97.19000244140625,95.18000030517578,96.19000244140625,15700,0.0,0.0
2022-12-12 00:00:00-05:00,96.81999969482422,96.81999969482422,95.44000244140625,95.69000244140625,18800,0.0,0.0
2022-12-13 00:00:00-05:00,96.83999633789062,98.4800033569336,96.1500015258789,96.37000274658203,22300,0.0,0.0
2022-12-14 00:00:00-05:00,95.69000244140625,97.63999938964844,94.25,94.25,25700,0.0,0.0
2022-12-15 00:00:00-05:00,94.81999969482422,94.81999969482422,91.23999786376953,91.36000061035156,26200,0.0,0.0
2022-12-16 00:00:00-05:00,91.3499984741211,92.04000091552734,89.93000030517578,90.36000061035156,189200,0.0,0.0
2022-12-19 00:00:00-05:00,90.95999908447266,92.58000183105469,90.55000305175781,91.4800033569336,21900,0.0,0.0
2022-12-20 00:00:00-05:00,91.68000030517578,93.56999969482422,91.68000030517578,91.7699966430664,18400,0.0,0.0
2022-12-21 00:00:00-05:00,91.8499984741211,93.81999969482422,91.8499984741211,93.1500015258789,12900,0.0,0.0
2022-12-22 00:00:00-05:00,92.58999633789062,92.58999633789062,90.75,92.29000091552734,41800,0.0,0.0
2022-12-23 00:00:00-05:00,90.75,93.88999938964844,90.75,93.0,15200,0.0,0.0
2022-12-27 00:00:00-05:00,91.87000274658203,92.75,91.72000122070312,92.08999633789062,9700,0.0,0.0
2022-12-28 00:00:00-05:00,92.5199966430664,92.5199966430664,91.20999908447266,91.5199966430664,10400,0.0,0.0
2022-12-29 00:00:00-05:00,91.83000183105469,93.66999816894531,91.80999755859375,93.66999816894531,12800,0.0,0.0
2022-12-30 00:00:00-05:00,93.58000183105469,93.58000183105469,91.94000244140625,92.81999969482422,10300,0.0,0.0
2023-01-03 00:00:00-05:00,92.87000274658203,92.87000274658203,90.76000213623047,91.55000305175781,15400,0.0,0.0
2023-01-04 00:00:00-05:00,91.9000015258789,93.1500015258789,90.81999969482422,91.0,13300,0.0,0.0
2023-01-05 00:00:00-05:00,89.88999938964844,89.88999938964844,88.58000183105469,88.81999969482422,14600,0.0,0.0
2023-01-06 00:00:00-05:00,88.8499984741211,90.4800033569336,88.8499984741211,90.4800033569336,12200,0.0,0.0
2023-01-09 00:00:00-05:00,88.68000030517578,88.68000030517578,86.80999755859375,86.80999755859375,18800,0.0,0.0
2023-01-10 00:00:00-05:00,87.56999969482422,87.56999969482422,86.58000183105469,86.95999908447266,10900,0.0,0.0
2023-01-11 00:00:00-05:00,87.0,87.43000030517578,85.95999908447266,86.62999725341797,17400,0.0,0.0
2023-01-12 00:00:00-05:00,86.04000091552734,88.7699966430664,86.0,88.01000213623047,21900,0.0,0.0
2023-01-13 00:00:00-05:00,88.33999633789062,88.97000122070312,86.81999969482422,87.08000183105469,12200,0.0,0.0
2023-01-17 00:00:00-05:00,87.87999725341797,88.2699966430664,84.41999816894531,85.33000183105469,22100,0.0,0.0
2023-01-18 00:00:00-05:00,86.1500015258789,86.1500015258789,79.29000091552734,79.76000213623047,30500,0.0,0.0
2023-01-19 00:00:00-05:00,79.12999725341797,79.80999755859375,77.73999786376953,78.33000183105469,19800,0.0,0.0
2023-01-20 00:00:00-05:00,79.05999755859375,79.05999755859375,77.01000213623047,78.58000183105469,18300,0.0,0.0
2023-01-23 00:00:00-05:00,78.0,78.3499984741211,78.0,78.16000366210938,14500,0.0,0.0
2023-01-24 00:00:00-05:00,78.30999755859375,78.6500015258789,77.3499984741211,78.16000366210938,8000,0.0,0.0
2023-01-25 00:00:00-05:00,77.18000030517578,78.98999786376953,76.97000122070312,78.52999877929688,15700,0.0,0.0
2023-01-26 00:00:00-05:00,79.37000274658203,79.37000274658203,77.69000244140625,77.91999816894531,10600,0.0,0.0
2023-01-27 00:00:00-05:00,77.05000305175781,77.62999725341797,76.7699966430664,77.04000091552734,12100,0.0,0.0
2023-01-30 00:00:00-05:00,77.25,79.0,77.23999786376953,78.16999816894531,12800,0.0,0.0
2023-01-31 00:00:00-05:00,78.04000091552734,80.41999816894531,78.04000091552734,79.86000061035156,23200,0.0,0.0
2023-02-01 00:00:00-05:00,80.13999938964844,81.12999725341797,79.31999969482422,80.0999984741211,20100,0.0,0.0
2023-02-02 00:00:00-05:00,80.51000213623047,81.48999786376953,80.01000213623047,81.48999786376953,14600,0.0,0.0
2023-02-03 00:00:00-05:00,81.44000244140625,82.19000244140625,80.33000183105469,81.87000274658203,17600,0.0,0.0
2023-02-06 00:00:00-05:00,81.19999694824219,81.19999694824219,79.69000244140625,80.12000274658203,11700,0.0,0.0
2023-02-07 00:00:00-05:00,79.5199966430664,80.93000030517578,78.5199966430664,80.79000091552734,19400,0.0,0.0
2023-02-08 00:00:00-05:00,80.05000305175781,80.05000305175781,78.51000213623047,78.51000213623047,8000,0.0,0.0
2023-02-09 00:00:00-05:00,78.08999633789062,78.41999816894531,77.55999755859375,78.41999816894531,14800,0.0,0.0
2023-02-10 00:00:00-05:00,78.51000213623047,79.6500015258789,78.19000244140625,79.3499984741211,12400,0.0,0.0
2023-02-13 00:00:00-05:00,78.72000122070312,79.77999877929688,78.72000122070312,79.77999877929688,13100,0.0,0.0
2023-02-14 00:00:00-05:00,79.80000305175781,79.80000305175781,78.30999755859375,78.30999755859375,8400,0.0,0.0
2023-02-15 00:00:00-05:00,78.38999938964844,80.11000061035156,78.38999938964844,80.11000061035156,10500,0.0,0.0
2023-02-16 00:00:00-05:00,80.25,81.36000061035156,80.25,80.77999877929688,23600,0.0,0.0
2023-02-17 00:00:00-05:00,81.44999694824219,84.11000061035156,81.44999694824219,84.05000305175781,22500,0.0,0.0
2023-02-21 00:00:00-05:00,83.31999969482422,84.91000366210938,82.73999786376953,82.87999725341797,17300,0.0,0.0
2023-02-22 00:00:00-05:00,82.55000305175781,83.58000183105469,82.01000213623047,82.79000091552734,18000,0.0,0.0
2023-02-23 00:00:00-05:00,82.4000015258789,83.13999938964844,82.1500015258789,82.5,10600,0.0,0.0
2023-02-24 00:00:00-05:00,81.5999984741211,82.86000061035156,80.91999816894531,82.41000366210938,17200,0.0,0.0
2023-02-27 00:00:00-05:00,82.79000091552734,83.05999755859375,81.30999755859375,81.62000274658203,8700,0.0,0.0
2023-02-28 00:00:00-05:00,81.56999969482422,82.48999786376953,79.87999725341797,81.52999877929688,42600,0.0,0.0
2023-03-01 00:00:00-05:00,80.80000305175781,80.80000305175781,79.54000091552734,79.54000091552734,13400,0.0,0.0
2023-03-02 00:00:00-05:00,79.86000061035156,80.30000305175781,78.22000122070312,79.62999725341797,21500,0.0,0.0
2023-03-03 00:00:00-05:00,78.91000366210938,79.22000122070312,78.55000305175781,78.80000305175781,7900,0.0,0.0
2023-03-06 00:00:00-05:00,78.37000274658203,78.6500015258789,78.05999755859375,78.3499984741211,10000,0.0,0.0
2023-03-07 00:00:00-05:00,78.70999908447266,79.41000366210938,77.93000030517578,79.41000366210938,15800,0.0,0.0
2023-03-08 00:00:00-05:00,79.0,79.0,77.8499984741211,77.8499984741211,9700,0.0,0.0
2023-03-09 00:00:00-05:00,77.61000061035156,79.61000061035156,75.62999725341797,76.9000015258789,23400,0.0,0.0
2023-03-10 00:00:00-05:00,76.0,78.72000122070312,73.05000305175781,74.4000015258789,24200,0.0,0.0
2023-03-13 00:00:00-04:00,72.70999908447266,72.70999908447266,70.94999694824219,71.56999969482422,31000,0.0,0.0
2023-03-14 00:00:00-04:00,73.5,75.4800033569336,72.58999633789062,72.58999633789062,25500,0.0,0.0
2023-03-15 00:00:00-04:00,71.13999938964844,72.5199966430664,68.2300033569336,72.4000015258789,37900,0.0,0.0
2023-03-16 00:00:00-04:00,71.36000061035156,74.45999908447266,67.7300033569336,73.62999725341797,46700,0.0,0.0
2023-03-17 00:00:00-04:00,73.0999984741211,77.63999938964844,72.4800033569336,73.54000091552734,84500,0.0,0.0
2023-03-20 00:00:00-04:00,74.05999755859375,75.80999755859375,73.95999908447266,75.47000122070312,50000,0.0,0.0
2023-03-21 00:00:00-04:00,76.2300033569336,78.08999633789062,74.33000183105469,74.9800033569336,51300,0.0,0.0
2023-03-22 00:00:00-04:00,74.97000122070312,75.2699966430664,73.70999908447266,74.56999969482422,38300,0.0,0.0
2023-03-23 00:00:00-04:00,73.38999938964844,74.33999633789062,72.77999877929688,73.26000213623047,23900,0.0,0.0
2023-03-24 00:00:00-04:00,73.19000244140625,74.47000122070312,72.91999816894531,73.98999786376953,43500,0.0,0.0
2023-03-27 00:00:00-04:00,74.73999786376953,74.73999786376953,73.45999908447266,73.87000274658203,25700,0.0,0.0
2023-03-28 00:00:00-04:00,73.30000305175781,74.02999877929688,73.19999694824219,73.83999633789062,35600,0.0,0.0
2023-03-29 00:00:00-04:00,73.81999969482422,74.0999984741211,68.05999755859375,72.44999694824219,31500,0.0,0.0
2023-03-30 00:00:00-04:00,72.0,72.0,70.19999694824219,71.54000091552734,25900,0.0,0.0
2023-03-31 00:00:00-04:00,72.04000091552734,73.73999786376953,71.7699966430664,73.58000183105469,56500,0.0,0.0
2023-04-03 00:00:00-04:00,73.16000366210938,74.48999786376953,72.45999908447266,74.0,37800,0.0,0.0
2023-04-04 00:00:00-04:00,73.41000366210938,74.0,68.0999984741211,68.44000244140625,32800,0.0,0.0
2023-04-05 00:00:00-04:00,68.66000366210938,74.94000244140625,67.06999969482422,68.11000061035156,17300,0.0,0.0
2023-04-06 00:00:00-04:00,68.69999694824219,69.01000213623047,67.61000061035156,67.91999816894531,17400,0.0,0.0
2023-04-10 00:00:00-04:00,67.72000122070312,70.83000183105469,67.66000366210938,70.23999786376953,46000,0.0,0.0
2023-04-11 00:00:00-04:00,70.5,70.73999786376953,69.83999633789062,70.44000244140625,22100,0.0,0.0
2023-04-12 00:00:00-04:00,68.95999908447266,69.62000274658203,68.95999908447266,69.30000305175781,10700,0.0,0.0
2023-04-13 00:00:00-04:00,69.56999969482422,70.12000274658203,69.1500015258789,69.87000274658203,17300,0.0,0.0
2023-04-14 00:00:00-04:00,68.30000305175781,68.75,67.58999633789062,68.5,18100,0.0,0.0
2023-04-17 00:00:00-04:00,69.63999938964844,70.1500015258789,67.81999969482422,69.51000213623047,23000,0.0,0.0
2023-04-18 00:00:00-04:00,69.33000183105469,69.33000183105469,67.26000213623047,67.26000213623047,12500,0.0,0.0
2023-04-19 00:00:00-04:00,66.93000030517578,68.4000015258789,66.93000030517578,67.83999633789062,14000,0.0,0.0
2023-04-20 00:00:00-04:00,68.25,68.25,66.47000122070312,67.44000244140625,13200,0.0,0.0
2023-04-21 00:00:00-04:00,67.27999877929688,68.0,66.80999755859375,67.98999786376953,22300,0.0,0.0
2023-04-24 00:00:00-04:00,68.20999908447266,68.20999908447266,67.1500015258789,67.37999725341797,10300,0.0,0.0
2023-04-25 00:00:00-04:00,66.88999938964844,68.8499984741211,65.22000122070312,66.26000213623047,13700,0.0,0.0
2023-04-26 00:00:00-04:00,65.52999877929688,67.08000183105469,65.52999877929688,67.08000183105469,15600,0.0,0.0
2023-04-27 00:00:00-04:00,67.98999786376953,68.13999938964844,67.0999984741211,67.83999633789062,14800,0.0,0.0
2023-04-28 00:00:00-04:00,69.9800033569336,69.9800033569336,68.0199966430664,68.38999938964844,20300,0.0,0.0
2023-05-01 00:00:00-04:00,68.55000305175781,68.55000305175781,67.55000305175781,68.5,15400,0.0,0.0
2023-05-02 00:00:00-04:00,68.4000015258789,68.4000015258789,65.05000305175781,66.37999725341797,18800,0.0,0.0
2023-05-03 00:00:00-04:00,66.69000244140625,68.97000122070312,66.6500015258789,66.83999633789062,21300,0.0,0.0
2023-05-04 00:00:00-04:00,66.20999908447266,67.51000213623047,65.0,67.44000244140625,20000,0.0,0.0
2023-05-05 00:00:00-04:00,68.12000274658203,69.44999694824219,68.02999877929688,68.97000122070312,15500,0.0,0.0
2023-05-08 00:00:00-04:00,69.0,69.0,67.6500015258789,68.0999984741211,10900,0.0,0.0
2023-05-09 00:00:00-04:00,68.08000183105469,69.11000061035156,67.76000213623047,68.4800033569336,9100,0.0,0.0
2023-05-10 00:00:00-04:00,69.56999969482422,69.56999969482422,67.9800033569336,69.11000061035156,16700,0.0,0.0
2023-05-11 00:00:00-04:00,68.33000183105469,68.5999984741211,68.19999694824219,68.27999877929688,9500,0.0,0.0
2023-05-12 00:00:00-04:00,67.72000122070312,68.27999877929688,67.0199966430664,68.04000091552734,12100,0.0,0.0
2023-05-15 00:00:00-04:00,67.80000305175781,68.98999786376953,67.80000305175781,67.8499984741211,9900,0.0,0.0
2023-05-16 00:00:00-04:00,68.55000305175781,68.55000305175781,67.66000366210938,67.66000366210938,8400,0.0,0.0
2023-05-17 00:00:00-04:00,67.91000366210938,71.04000091552734,67.80000305175781,70.81999969482422,18000,0.0,0.0
2023-05-18 00:00:00-04:00,70.5999984741211,70.87999725341797,68.62999725341797,70.4000015258789,19500,0.0,0.0
2023-05-19 00:00:00-04:00,71.4000015258789,71.4000015258789,68.5999984741211,69.22000122070312,14200,0.0,0.0
2023-05-22 00:00:00-04:00,69.73999786376953,72.38999938964844,69.73999786376953,71.69999694824219,13900,0.0,0.0
2023-05-23 00:00:00-04:00,72.25,77.51000213623047,69.70999908447266,76.1500015258789,19300,0.0,0.0
2023-05-24 00:00:00-04:00,76.30000305175781,76.30000305175781,74.01000213623047,75.83000183105469,13500,0.0,0.0
2023-05-25 00:00:00-04:00,74.9000015258789,74.9000015258789,73.52999877929688,74.16000366210938,9600,0.0,0.0
2023-05-26 00:00:00-04:00,75.30000305175781,75.94000244140625,75.19000244140625,75.81999969482422,8700,0.0,0.0
2023-05-30 00:00:00-04:00,75.26000213623047,77.01000213623047,73.51000213623047,76.79000091552734,7800,0.0,0.0
2023-05-31 00:00:00-04:00,76.05999755859375,77.04000091552734,74.31999969482422,76.12000274658203,19300,0.0,0.0
2023-06-01 00:00:00-04:00,76.97000122070312,80.0,76.97000122070312,78.80999755859375,14800,0.0,0.0
2023-06-02 00:00:00-04:00,79.31999969482422,81.98999786376953,75.38999938964844,81.98999786376953,23200,0.0,0.0
2023-06-05 00:00:00-04:00,81.97000122070312,82.77999877929688,80.69000244140625,81.4000015258789,16200,0.0,0.0
2023-06-06 00:00:00-04:00,80.97000122070312,85.80999755859375,80.97000122070312,84.7699966430664,33400,0.0,0.0
2023-06-07 00:00:00-04:00,85.76000213623047,88.98999786376953,84.0,87.80999755859375,28400,0.0,0.0
2023-06-08 00:00:00-04:00,87.62000274658203,88.36000061035156,85.56999969482422,87.81999969482422,18200,0.0,0.0
2023-06-09 00:00:00-04:00,87.33999633789062,88.94999694824219,86.6500015258789,86.6500015258789,13900,0.0,0.0
2023-06-12 00:00:00-04:00,87.22000122070312,87.9800033569336,86.98999786376953,87.19000244140625,17200,0.0,0.0
2023-06-13 00:00:00-04:00,88.88999938964844,90.0,88.80000305175781,89.41999816894531,27200,0.0,0.0
2023-06-14 00:00:00-04:00,90.48999786376953,90.80999755859375,86.44999694824219,86.70999908447266,21200,0.0,0.0
2023-06-15 00:00:00-04:00,88.97000122070312,89.62999725341797,88.04000091552734,88.47000122070312,19200,0.0,0.0
2023-06-16 00:00:00-04:00,89.22000122070312,89.98999786376953,85.68000030517578,85.68000030517578,71000,0.0,0.0
2023-06-20 00:00:00-04:00,86.08000183105469,86.69999694824219,85.31999969482422,86.69999694824219,22200,0.0,0.0
2023-06-21 00:00:00-04:00,86.87000274658203,88.41000366210938,86.75,86.75,25500,0.0,0.0
2023-06-22 00:00:00-04:00,86.08000183105469,86.08000183105469,83.20999908447266,84.30000305175781,24200,0.0,0.0
2023-06-23 00:00:00-04:00,83.27999877929688,85.56999969482422,82.6500015258789,83.37000274658203,227800,0.0,0.0
2023-06-26 00:00:00-04:00,82.9800033569336,84.52999877929688,81.97000122070312,83.16999816894531,41300,0.0,0.0
2023-06-27 00:00:00-04:00,84.0,84.23999786376953,82.73999786376953,82.93000030517578,24900,0.0,0.0
2023-06-28 00:00:00-04:00,82.54000091552734,83.62000274658203,81.33999633789062,83.16000366210938,15700,0.0,0.0
2023-06-29 00:00:00-04:00,83.33000183105469,85.69999694824219,83.33000183105469,84.08999633789062,16900,0.0,0.0
2023-06-30 00:00:00-04:00,83.2300033569336,83.72000122070312,82.72000122070312,83.19999694824219,21200,0.0,0.0
2023-07-03 00:00:00-04:00,83.19000244140625,84.44000244140625,83.19000244140625,84.08000183105469,6100,0.0,0.0
2023-07-05 00:00:00-04:00,84.05000305175781,85.94999694824219,83.2699966430664,85.0199966430664,20700,0.0,0.0
2023-07-06 00:00:00-04:00,84.77999877929688,84.77999877929688,82.52999877929688,82.52999877929688,17100,0.0,0.0
2023-07-07 00:00:00-04:00,82.97000122070312,84.62999725341797,82.97000122070312,83.43000030517578,14700,0.0,0.0
2023-07-10 00:00:00-04:00,82.83000183105469,84.97000122070312,82.83000183105469,83.7699966430664,23100,0.0,0.0
2023-07-11 00:00:00-04:00,84.1500015258789,84.1500015258789,80.83000183105469,81.41999816894531,36700,0.0,0.0
2023-07-12 00:00:00-04:00,82.12999725341797,83.4000015258789,81.05999755859375,81.13999938964844,24200,0.0,0.0
2023-07-13 00:00:00-04:00,81.4000015258789,82.68000030517578,81.0,82.58000183105469,17900,0.0,0.0
2023-07-14 00:00:00-04:00,82.5999984741211,83.45999908447266,82.0999984741211,83.05000305175781,17900,0.0,0.0
2023-07-17 00:00:00-04:00,84.5,86.5,84.5,86.12999725341797,18200,0.0,0.0
2023-07-18 00:00:00-04:00,85.36000061035156,86.4000015258789,85.36000061035156,86.0,81400,0.0,0.0
2023-07-19 00:00:00-04:00,87.0999984741211,89.75,85.62999725341797,85.98999786376953,31600,0.0,0.0
2023-07-20 00:00:00-04:00,86.08999633789062,87.91999816894531,85.81999969482422,87.91999816894531,52900,0.0,0.0
2023-07-21 00:00:00-04:00,88.33000183105469,88.83000183105469,87.33999633789062,87.68000030517578,26200,0.0,0.0
2023-07-24 00:00:00-04:00,87.69999694824219,88.33000183105469,86.41000366210938,86.94999694824219,16400,0.0,0.0
2023-07-25 00:00:00-04:00,86.5,87.36000061035156,86.43000030517578,86.7699966430664,16000,0.0,0.0
2023-07-26 00:00:00-04:00,86.7699966430664,88.62999725341797,86.7699966430664,88.2699966430664,18500,0.0,0.0
2023-07-27 00:00:00-04:00,88.18000030517578,88.23999786376953,87.16000366210938,87.3499984741211,16900,0.0,0.0
2023-07-28 00:00:00-04:00,87.62000274658203,88.29000091552734,87.04000091552734,87.69000244140625,20000,0.0,0.0
2023-07-31 00:00:00-04:00,88.75,88.75,87.7300033569336,88.36000061035156,19900,0.0,0.0
2023-08-01 00:00:00-04:00,88.01000213623047,89.0,87.73999786376953,88.6500015258789,27100,0.0,0.0
2023-08-02 00:00:00-04:00,88.47000122070312,88.6500015258789,87.18000030517578,88.0999984741211,21100,0.0,0.0
2023-08-03 00:00:00-04:00,88.22000122070312,88.75,87.66999816894531,87.66999816894531,14800,0.0,0.0
2023-08-04 00:00:00-04:00,87.5,88.0,87.05000305175781,87.45999908447266,12400,0.0,0.0
2023-08-07 00:00:00-04:00,87.1500015258789,88.0,86.91999816894531,87.5199966430664,14800,0.0,0.0
2023-08-08 00:00:00-04:00,87.01000213623047,87.01000213623047,84.87999725341797,85.12000274658203,30800,0.0,0.0
2023-08-09 00:00:00-04:00,85.30999755859375,85.97000122070312,84.4000015258789,84.72000122070312,15400,0.0,0.0
2023-08-10 00:00:00-04:00,84.55999755859375,84.55999755859375,82.38999938964844,82.97000122070312,13000,0.0,0.0
2023-08-11 00:00:00-04:00,83.4800033569336,83.79000091552734,83.26000213623047,83.5199966430664,13700,0.0,0.0
2023-08-14 00:00:00-04:00,83.0,83.87999725341797,82.5199966430664,83.06999969482422,10500,0.0,0.0
2023-08-15 00:00:00-04:00,82.06999969482422,82.25,80.63999938964844,80.76000213623047,9500,0.0,0.0
2023-08-16 00:00:00-04:00,80.18000030517578,80.43000030517578,79.5,79.5,14100,0.0,0.0
2023-08-17 00:00:00-04:00,80.0,80.37999725341797,79.75,80.08999633789062,10700,0.0,0.0
2023-08-18 00:00:00-04:00,79.75,82.02999877929688,79.75,80.08000183105469,20200,0.0,0.0
2023-08-21 00:00:00-04:00,80.0,80.44999694824219,79.16999816894531,79.18000030517578,10300,0.0,0.0
2023-08-22 00:00:00-04:00,78.77999877929688,78.9000015258789,77.05000305175781,78.02999877929688,15000,0.0,0.0
2023-08-23 00:00:00-04:00,78.31999969482422,78.44000244140625,77.58999633789062,78.27999877929688,12100,0.0,0.0
2023-08-24 00:00:00-04:00,77.79000091552734,78.63999938964844,77.79000091552734,78.02999877929688,6600,0.0,0.0
2023-08-25 00:00:00-04:00,78.79000091552734,78.79000091552734,77.9000015258789,78.0,6700,0.0,0.0
2023-08-28 00:00:00-04:00,78.58999633789062,79.16000366210938,78.19000244140625,79.0199966430664,9800,0.0,0.0
2023-08-29 00:00:00-04:00,79.0199966430664,79.0199966430664,77.41000366210938,77.97000122070312,11500,0.0,0.0
2023-08-30 00:00:00-04:00,78.23999786376953,78.33000183105469,76.33999633789062,76.33999633789062,15500,0.0,0.0
2023-08-31 00:00:00-04:00,77.72000122070312,77.97000122070312,76.66999816894531,77.62999725341797,22400,0.0,0.0
2023-09-01 00:00:00-04:00,78.27999877929688,79.97000122070312,78.27999877929688,79.6500015258789,20100,0.0,0.0
2023-09-05 00:00:00-04:00,79.12000274658203,81.20999908447266,79.12000274658203,80.56999969482422,24900,0.0,0.0
2023-09-06 00:00:00-04:00,79.63999938964844,79.72000122070312,79.05000305175781,79.05999755859375,18200,0.0,0.0
2023-09-07 00:00:00-04:00,79.16000366210938,80.58999633789062,78.04000091552734,78.94000244140625,20800,0.0,0.0
2023-09-08 00:00:00-04:00,79.63999938964844,79.73999786376953,78.73999786376953,78.86000061035156,17000,0.0,0.0
2023-09-11 00:00:00-04:00,79.31999969482422,79.88999938964844,77.5999984741211,78.25,18000,0.0,0.0
2023-09-12 00:00:00-04:00,78.58000183105469,79.91000366210938,78.58000183105469,79.19000244140625,12800,0.0,0.0
2023-09-13 00:00:00-04:00,78.9800033569336,78.9800033569336,78.02999877929688,78.02999877929688,15300,0.0,0.0
2023-09-14 00:00:00-04:00,80.30999755859375,80.30999755859375,77.73999786376953,78.62000274658203,19600,0.0,0.0
2023-09-15 00:00:00-04:00,78.69000244140625,79.5199966430664,78.08999633789062,78.87000274658203,122400,0.0,0.0
2023-09-18 00:00:00-04:00,79.62999725341797,79.62999725341797,77.72000122070312,77.91000366210938,22700,0.0,0.0
2023-09-19 00:00:00-04:00,78.43000030517578,78.9800033569336,77.12000274658203,77.61000061035156,17400,0.0,0.0
2023-09-20 00:00:00-04:00,78.5999984741211,79.22000122070312,77.91000366210938,78.06999969482422,12700,0.0,0.0
2023-09-21 00:00:00-04:00,77.62999725341797,78.86000061035156,77.26000213623047,78.37999725341797,9900,0.0,0.0
2023-09-22 00:00:00-04:00,77.5,77.94999694824219,77.5,77.54000091552734,8900,0.0,0.0
2023-09-25 00:00:00-04:00,77.36000061035156,78.4000015258789,77.30000305175781,78.12999725341797,12800,0.0,0.0
2023-09-26 00:00:00-04:00,77.55000305175781,78.0999984741211,77.26000213623047,77.38999938964844,16700,0.0,0.0
2023-09-27 00:00:00-04:00,77.37999725341797,77.41000366210938,76.19000244140625,76.83999633789062,19400,0.0,0.0
2023-09-28 00:00:00-04:00,76.91999816894531,77.56999969482422,76.91999816894531,77.05000305175781,25300,0.0,0.0
2023-09-29 00:00:00-04:00,77.51000213623047,77.94000244140625,76.93000030517578,77.1500015258789,15300,0.0,0.0
2023-10-02 00:00:00-04:00,76.7699966430664,76.91999816894531,76.2699966430664,76.5199966430664,19900,0.0,0.0
2023-10-03 00:00:00-04:00,76.54000091552734,77.33000183105469,76.0,76.97000122070312,15000,0.0,0.0
2023-10-04 00:00:00-04:00,76.87999725341797,77.69000244140625,76.5,77.37999725341797,17700,0.0,0.0
2023-10-05 00:00:00-04:00,77.68000030517578,79.94000244140625,77.68000030517578,79.54000091552734,20900,0.0,0.0
2023-10-06 00:00:00-04:00,79.0199966430664,80.0,78.72000122070312,79.33000183105469,14200,0.0,0.0
2023-10-09 00:00:00-04:00,78.5199966430664,80.19000244140625,78.5199966430664,79.12000274658203,8800,0.0,0.0
2023-10-10 00:00:00-04:00,79.66000366210938,79.95999908447266,78.69999694824219,78.80999755859375,11800,0.0,0.0
2023-10-11 00:00:00-04:00,79.5,79.5,78.73999786376953,79.11000061035156,6300,0.0,0.0
2023-10-12 00:00:00-04:00,78.77999877929688,79.12000274658203,78.4000015258789,78.87000274658203,11900,0.0,0.0
2023-10-13 00:00:00-04:00,78.83000183105469,80.58999633789062,77.80999755859375,78.0999984741211,9100,0.0,0.0
2023-10-16 00:00:00-04:00,78.05000305175781,79.06999969482422,78.0,79.06999969482422,12100,0.0,0.0
2023-10-17 00:00:00-04:00,81.0,81.0,80.02999877929688,80.08999633789062,22900,0.0,0.0
2023-10-18 00:00:00-04:00,79.80000305175781,79.80000305175781,78.2300033569336,78.7699966430664,12200,0.0,0.0
2023-10-19 00:00:00-04:00,78.12999725341797,79.25,77.72000122070312,77.75,12700,0.0,0.0
2023-10-20 00:00:00-04:00,78.19000244140625,78.19000244140625,72.11000061035156,75.5999984741211,23000,0.0,0.0
2023-10-23 00:00:00-04:00,75.55000305175781,76.66000366210938,74.30000305175781,74.98999786376953,9300,0.0,0.0
2023-10-24 00:00:00-04:00,74.0,75.93000030517578,74.0,75.93000030517578,9100,0.0,0.0
2023-10-25 00:00:00-04:00,75.2699966430664,77.5199966430664,75.2699966430664,76.70999908447266,10400,0.0,0.0
2023-10-26 00:00:00-04:00,77.19999694824219,79.8499984741211,70.0,79.55000305175781,14700,0.0,0.0
2023-10-27 00:00:00-04:00,77.76000213623047,77.76000213623047,76.95999908447266,77.13999938964844,7600,0.0,0.0
2023-10-30 00:00:00-04:00,77.93000030517578,79.77999877929688,77.70999908447266,79.77999877929688,10100,0.0,0.0
2023-10-31 00:00:00-04:00,79.9000015258789,79.97000122070312,78.29000091552734,78.97000122070312,11400,0.0,0.0
2023-11-01 00:00:00-04:00,79.0,80.36000061035156,78.9800033569336,79.62000274658203,15700,0.0,0.0
2023-11-02 00:00:00-04:00,80.0,80.93000030517578,80.0,80.80000305175781,21300,0.0,0.0
2023-11-03 00:00:00-04:00,81.0,82.62000274658203,80.98999786376953,81.80000305175781,29100,0.0,0.0
2023-11-06 00:00:00-05:00,81.31999969482422,82.18000030517578,80.77999877929688,82.05000305175781,9600,0.0,0.0
2023-11-07 00:00:00-05:00,81.2300033569336,81.98999786376953,80.75,81.86000061035156,24900,0.0,0.0
2023-11-08 00:00:00-05:00,81.91000366210938,82.58000183105469,81.44000244140625,82.3499984741211,20800,0.0,0.0
2023-11-09 00:00:00-05:00,82.3499984741211,82.3499984741211,77.88999938964844,79.4000015258789,15400,0.0,0.0
2023-11-10 00:00:00-05:00,78.5,81.94999694824219,78.5,81.83999633789062,13800,0.0,0.0
2023-11-13 00:00:00-05:00,81.29000091552734,81.83999633789062,81.29000091552734,81.66000366210938,7500,0.0,0.0
2023-11-14 00:00:00-05:00,82.25,85.0,82.25,84.69999694824219,41700,0.0,0.0
2023-11-15 00:00:00-05:00,84.12000274658203,85.51000213623047,83.0,83.6500015258789,33200,0.0,0.0
2023-11-16 00:00:00-05:00,82.72000122070312,82.73999786376953,82.5,82.73999786376953,12300,0.0,0.0
2023-11-17 00:00:00-05:00,83.81999969482422,83.81999969482422,83.04000091552734,83.5999984741211,21800,0.0,0.0
2023-11-20 00:00:00-05:00,83.5999984741211,84.55000305175781,83.56999969482422,84.5,12300,0.0,0.0
2023-11-21 00:00:00-05:00,81.0,83.9000015258789,81.0,83.19999694824219,17400,0.0,0.0
2023-11-22 00:00:00-05:00,83.5,83.75,83.08999633789062,83.29000091552734,10100,0.0,0.0
2023-11-24 00:00:00-05:00,83.3499984741211,84.0,83.2300033569336,83.95999908447266,5900,0.0,0.0
2023-11-27 00:00:00-05:00,83.27999877929688,84.1500015258789,83.27999877929688,83.91000366210938,17900,0.0,0.0
2023-11-28 00:00:00-05:00,83.29000091552734,83.3499984741211,82.38999938964844,82.55000305175781,10500,0.0,0.0
2023-11-29 00:00:00-05:00,82.43000030517578,83.9000015258789,82.43000030517578,82.88999938964844,15100,0.0,0.0
2023-11-30 00:00:00-05:00,83.0,83.16000366210938,80.41000366210938,80.76000213623047,45400,0.0,0.0
2023-12-01 00:00:00-05:00,82.75,84.88999938964844,82.75,84.88999938964844,41800,0.0,0.0
2023-12-04 00:00:00-05:00,84.80000305175781,86.4000015258789,84.63999938964844,86.4000015258789,42200,0.0,0.0
2023-12-05 00:00:00-05:00,85.83999633789062,86.5,85.55999755859375,86.1500015258789,23700,0.0,0.0
2023-12-06 00:00:00-05:00,86.1500015258789,87.69999694824219,83.5999984741211,86.05999755859375,22000,0.0,0.0
2023-12-07 00:00:00-05:00,86.01000213623047,87.76000213623047,85.5,87.76000213623047,18500,0.0,0.0
2023-12-08 00:00:00-05:00,88.0,89.4000015258789,84.8499984741211,88.16000366210938,21300,0.0,0.0
2023-12-11 00:00:00-05:00,87.79000091552734,88.29000091552734,86.52999877929688,87.91000366210938,22600,0.0,0.0
2023-12-12 00:00:00-05:00,87.23999786376953,88.4800033569336,87.19999694824219,87.91000366210938,17100,0.0,0.0
2023-12-13 00:00:00-05:00,88.55000305175781,91.30000305175781,86.77999877929688,90.62000274658203,52400,0.0,0.0
2023-12-14 00:00:00-05:00,90.44000244140625,92.5,86.7300033569336,87.8499984741211,72100,0.0,0.0
2023-12-15 00:00:00-05:00,88.0,88.91999816894531,87.01000213623047,87.0999984741211,91300,0.0,0.0
2023-12-18 00:00:00-05:00,87.0999984741211,87.16000366210938,82.06999969482422,86.7699966430664,57900,0.0,0.0
2023-12-19 00:00:00-05:00,87.48999786376953,88.29000091552734,86.62999725341797,87.3499984741211,43000,0.0,0.0
2023-12-20 00:00:00-05:00,88.30000305175781,89.94999694824219,87.36000061035156,87.95999908447266,36900,0.0,0.0
2023-12-21 00:00:00-05:00,88.81999969482422,88.81999969482422,87.88999938964844,88.44000244140625,25800,0.0,0.0
2023-12-22 00:00:00-05:00,89.0,89.61000061035156,88.55000305175781,89.2699966430664,21200,0.0,0.0
2023-12-26 00:00:00-05:00,88.38999938964844,90.01000213623047,88.38999938964844,89.5999984741211,21000,0.0,0.0
2023-12-27 00:00:00-05:00,89.5999984741211,90.01000213623047,89.08999633789062,89.8499984741211,23100,0.0,0.0
2023-12-28 00:00:00-05:00,89.81999969482422,89.8499984741211,88.37999725341797,88.37999725341797,22600,0.0,0.0
2023-12-29 00:00:00-05:00,88.9800033569336,89.0,86.66000366210938,86.66000366210938,16700,0.0,0.0
2024-01-02 00:00:00-05:00,86.94999694824219,87.87000274658203,86.19999694824219,86.8499984741211,21300,0.0,0.0
2024-01-03 00:00:00-05:00,86.9800033569336,87.27999877929688,84.41999816894531,84.41999816894531,19500,0.0,0.0
2024-01-04 00:00:00-05:00,85.12999725341797,85.12999725341797,83.91999816894531,84.44999694824219,18400,0.0,0.0
2024-01-05 00:00:00-05:00,84.08999633789062,84.45999908447266,82.5999984741211,82.93000030517578,21000,0.0,0.0
2024-01-08 00:00:00-05:00,83.16000366210938,83.69000244140625,82.5,83.5,15200,0.0,0.0
2024-01-09 00:00:00-05:00,82.5199966430664,82.80000305175781,82.11000061035156,82.23999786376953,12300,0.0,0.0
2024-01-10 00:00:00-05:00,82.23999786376953,83.94999694824219,81.73999786376953,82.30999755859375,17400,0.0,0.0
2024-01-11 00:00:00-05:00,81.16000366210938,82.20999908447266,80.08999633789062,82.06999969482422,30400,0.0,0.0
2024-01-12 00:00:00-05:00,83.0,83.0,80.88999938964844,81.26000213623047,15100,0.0,0.0
2024-01-16 00:00:00-05:00,80.36000061035156,82.72000122070312,78.95999908447266,78.95999908447266,19900,0.0,0.0
2024-01-17 00:00:00-05:00,79.0,84.20999908447266,79.0,82.5,42400,0.0,0.0
2024-01-18 00:00:00-05:00,83.0,88.62999725341797,83.0,88.62999725341797,43100,0.0,0.0
2024-01-19 00:00:00-05:00,88.41999816894531,89.9800033569336,87.72000122070312,89.80000305175781,18200,0.0,0.0
2024-01-22 00:00:00-05:00,90.12999725341797,90.25,88.0,89.94000244140625,17300,0.0,0.0
2024-01-23 00:00:00-05:00,90.25,90.25,88.41999816894531,88.81999969482422,15400,0.0,0.0
2024-01-24 00:00:00-05:00,88.7300033569336,89.7300033569336,87.9000015258789,88.93000030517578,24300,0.0,0.0
2024-01-25 00:00:00-05:00,89.81999969482422,89.81999969482422,87.70999908447266,88.9800033569336,17000,0.0,0.0
2024-01-26 00:00:00-05:00,89.1500015258789,89.19999694824219,88.37999725341797,89.12999725341797,12400,0.0,0.0
2024-01-29 00:00:00-05:00,88.23999786376953,89.95999908447266,87.25,89.95999908447266,19600,0.0,0.0
2024-01-30 00:00:00-05:00,87.30000305175781,90.0,87.30000305175781,89.58000183105469,11100,0.0,0.0
2024-01-31 00:00:00-05:00,88.45999908447266,89.97000122070312,84.44000244140625,84.44000244140625,19700,0.0,0.0
2024-02-01 00:00:00-05:00,84.5,85.73999786376953,82.18000030517578,85.69000244140625,26200,0.0,0.0
2024-02-02 00:00:00-05:00,84.58999633789062,85.87999725341797,83.48999786376953,84.0,16700,0.0,0.0
2024-02-05 00:00:00-05:00,83.19000244140625,83.55000305175781,82.06999969482422,82.5999984741211,15700,0.0,0.0
2024-02-06 00:00:00-05:00,82.19000244140625,82.3499984741211,81.12000274658203,82.3499984741211,15400,0.0,0.0
2024-02-07 00:00:00-05:00,82.0999984741211,83.37999725341797,80.37000274658203,81.95999908447266,18900,0.0,0.0
2024-02-08 00:00:00-05:00,81.44000244140625,83.69999694824219,81.44000244140625,83.16000366210938,17300,0.0,0.0
2024-02-09 00:00:00-05:00,84.0,89.30999755859375,82.31999969482422,85.01000213623047,18200,0.0,0.0
2024-02-12 00:00:00-05:00,84.69999694824219,87.52999877929688,84.69999694824219,85.94999694824219,20000,0.0,0.0
2024-02-13 00:00:00-05:00,84.27999877929688,84.27999877929688,80.26000213623047,80.76000213623047,28100,0.0,0.0
2024-02-14 00:00:00-05:00,81.94999694824219,84.29000091552734,81.87999725341797,83.98999786376953,18400,0.0,0.0
2024-02-15 00:00:00-05:00,84.80000305175781,88.30999755859375,84.80000305175781,87.87000274658203,18700,0.0,0.0
2024-02-16 00:00:00-05:00,87.63999938964844,88.1500015258789,86.52999877929688,86.52999877929688,18200,0.0,0.0
2024-02-20 00:00:00-05:00,85.55999755859375,86.55999755859375,83.66000366210938,85.69999694824219,18700,0.0,0.0
2024-02-21 00:00:00-05:00,84.76000213623047,86.0,84.19999694824219,85.22000122070312,20000,0.0,0.0
2024-02-22 00:00:00-05:00,84.55000305175781,85.69000244140625,83.86000061035156,85.66999816894531,20100,0.0,0.0
2024-02-23 00:00:00-05:00,85.29000091552734,85.9800033569336,85.19999694824219,85.83999633789062,11300,0.0,0.0
2024-02-26 00:00:00-05:00,85.2300033569336,87.0,85.2300033569336,85.97000122070312,16500,0.0,0.0
2024-02-27 00:00:00-05:00,85.97000122070312,86.5,84.5999984741211,84.5999984741211,14400,0.0,0.0
2024-02-28 00:00:00-05:00,83.91000366210938,85.94000244140625,83.91000366210938,85.08999633789062,13700,0.0,0.0
2024-02-29 00:00:00-05:00,86.0,87.0,85.94999694824219,86.5,16500,0.0,0.0
2024-03-01 00:00:00-05:00,85.87999725341797,86.75,84.94000244140625,85.02999877929688,16000,0.0,0.0
2024-03-04 00:00:00-05:00,84.30000305175781,84.61000061035156,83.04000091552734,83.20999908447266,24600,0.0,0.0
2024-03-05 00:00:00-05:00,83.06999969482422,84.52999877929688,83.06999969482422,83.73999786376953,9900,0.0,0.0
2024-03-06 00:00:00-05:00,83.5,84.30999755859375,82.69999694824219,83.44999694824219,14300,0.0,0.0
2024-03-07 00:00:00-05:00,84.41000366210938,84.41000366210938,82.98999786376953,83.91999816894531,12700,0.0,0.0
2024-03-08 00:00:00-05:00,84.69000244140625,84.69000244140625,83.06999969482422,83.4000015258789,10200,0.0,0.0
2024-03-11 00:00:00-04:00,82.62000274658203,85.0,82.0,85.0,21700,0.0,0.0
2024-03-12 00:00:00-04:00,82.62999725341797,83.44999694824219,82.62999725341797,83.4000015258789,10100,0.0,0.0
2024-03-13 00:00:00-04:00,82.86000061035156,83.80999755859375,82.86000061035156,83.06999969482422,14800,0.0,0.0
2024-03-14 00:00:00-04:00,82.58999633789062,82.86000061035156,81.66999816894531,82.12999725341797,24000,0.0,0.0
2024-03-15 00:00:00-04:00,81.11000061035156,83.55999755859375,81.11000061035156,82.06999969482422,46500,0.0,0.0
2024-03-18 00:00:00-04:00,81.68000030517578,82.5,80.05999755859375,80.16000366210938,27200,0.0,0.0
2024-03-19 00:00:00-04:00,80.41000366210938,81.73999786376953,80.05999755859375,81.31999969482422,11800,0.0,0.0
2024-03-20 00:00:00-04:00,80.70999908447266,84.08999633789062,80.26000213623047,83.18000030517578,22600,0.0,0.0
2024-03-21 00:00:00-04:00,83.81999969482422,84.94999694824219,82.79000091552734,84.55000305175781,21100,0.0,0.0
2024-03-22 00:00:00-04:00,84.36000061035156,84.36000061035156,81.12999725341797,82.08000183105469,11500,0.0,0.0
2024-03-25 00:00:00-04:00,82.19999694824219,82.77999877929688,82.19999694824219,82.58999633789062,9000,0.0,0.0
2024-03-26 00:00:00-04:00,82.48999786376953,83.08000183105469,80.9800033569336,81.30000305175781,18000,0.0,0.0
2024-03-27 00:00:00-04:00,81.9800033569336,85.94000244140625,81.9800033569336,85.51000213623047,32300,0.0,0.0
2024-03-28 00:00:00-04:00,85.83999633789062,86.91999816894531,84.9000015258789,86.66999816894531,31500,0.0,0.0
2024-04-01 00:00:00-04:00,86.22000122070312,86.22000122070312,81.86000061035156,82.75,33800,0.0,0.0
2024-04-02 00:00:00-04:00,81.9000015258789,81.94000244140625,81.08000183105469,81.87999725341797,26600,0.0,0.0
2024-04-03 00:00:00-04:00,81.80999755859375,82.76000213623047,81.54000091552734,82.7300033569336,21600,0.0,0.0
2024-04-04 00:00:00-04:00,83.7300033569336,83.83000183105469,82.47000122070312,82.58000183105469,12600,0.0,0.0
2024-04-05 00:00:00-04:00,81.93000030517578,82.58999633789062,80.69000244140625,82.36000061035156,18300,0.0,0.0
2024-04-08 00:00:00-04:00,81.9800033569336,83.0,81.9800033569336,82.62000274658203,11600,0.0,0.0
2024-04-09 00:00:00-04:00,82.66999816894531,83.66000366210938,82.0999984741211,83.48999786376953,14200,0.0,0.0
2024-04-10 00:00:00-04:00,82.22000122070312,83.55000305175781,78.51000213623047,79.7300033569336,28400,0.0,0.0
2024-04-11 00:00:00-04:00,79.76000213623047,80.48999786376953,79.5,80.48999786376953,11700,0.0,0.0
2024-04-12 00:00:00-04:00,79.4000015258789,79.66999816894531,79.05000305175781,79.43000030517578,10700,0.0,0.0
2024-04-15 00:00:00-04:00,79.5,79.5,78.44999694824219,78.83000183105469,14900,0.0,0.0
2024-04-16 00:00:00-04:00,79.1500015258789,79.4000015258789,78.13999938964844,78.3499984741211,7100,0.0,0.0
2024-04-17 00:00:00-04:00,75.69999694824219,78.18000030517578,74.9000015258789,76.27999877929688,20700,0.0,0.0
2024-04-18 00:00:00-04:00,76.26000213623047,76.94000244140625,74.94999694824219,75.80999755859375,23200,0.0,0.0
2024-04-19 00:00:00-04:00,75.11000061035156,78.5,75.11000061035156,78.5,19200,0.0,0.0
2024-04-22 00:00:00-04:00,78.36000061035156,80.27999877929688,78.36000061035156,79.69000244140625,11400,0.0,0.0
2024-04-23 00:00:00-04:00,80.19999694824219,80.66000366210938,78.5999984741211,79.27999877929688,28100,0.0,0.0
2024-04-24 00:00:00-04:00,77.12000274658203,78.91000366210938,76.79000091552734,78.54000091552734,15600,0.0,0.0
2024-04-25 00:00:00-04:00,78.25,78.52999877929688,77.81999969482422,78.52999877929688,15300,0.0,0.0
2024-04-26 00:00:00-04:00,78.87000274658203,79.22000122070312,78.55000305175781,78.86000061035156,13400,0.0,0.0
2024-04-29 00:00:00-04:00,76.9800033569336,77.69000244140625,76.9800033569336,77.69000244140625,8600,0.0,0.0
2024-04-30 00:00:00-04:00,77.83000183105469,79.2699966430664,76.75,77.19000244140625,18500,0.0,0.0
2024-05-01 00:00:00-04:00,77.4000015258789,79.8499984741211,77.4000015258789,79.01000213623047,19500,0.0,0.0
2024-05-02 00:00:00-04:00,79.58000183105469,80.70999908447266,79.58000183105469,79.8499984741211,15400,0.0,0.0
2024-05-03 00:00:00-04:00,79.55999755859375,80.9000015258789,79.12000274658203,80.0,28400,0.0,0.0
2024-05-06 00:00:00-04:00,81.08000183105469,81.13999938964844,80.79000091552734,81.13999938964844,9900,0.0,0.0
2024-05-07 00:00:00-04:00,81.80000305175781,83.08000183105469,81.80000305175781,82.04000091552734,15700,0.0,0.0
2024-05-08 00:00:00-04:00,82.16000366210938,82.88999938964844,81.91999816894531,82.30999755859375,11200,0.0,0.0
2024-05-09 00:00:00-04:00,81.98999786376953,83.4000015258789,81.98999786376953,83.13999938964844,10100,0.0,0.0
2024-05-10 00:00:00-04:00,82.56999969482422,83.9800033569336,82.56999969482422,83.38999938964844,11300,0.0,0.0
2024-05-13 00:00:00-04:00,83.9800033569336,84.52999877929688,81.16000366210938,82.47000122070312,21100,0.0,0.0
2024-05-14 00:00:00-04:00,83.0,84.22000122070312,82.80000305175781,83.86000061035156,10000,0.0,0.0
2024-05-15 00:00:00-04:00,84.30000305175781,85.0,83.5,83.87999725341797,11900,0.0,0.0
2024-05-16 00:00:00-04:00,83.5,84.9800033569336,83.5,84.87999725341797,11600,0.0,0.0
2024-05-17 00:00:00-04:00,85.0,85.25,84.66999816894531,84.73999786376953,12700,0.0,0.0
2024-05-20 00:00:00-04:00,84.83999633789062,84.83999633789062,83.70999908447266,83.70999908447266,7900,0.0,0.0
2024-05-21 00:00:00-04:00,83.08000183105469,83.76000213623047,82.88999938964844,83.76000213623047,9100,0.0,0.0
2024-05-22 00:00:00-04:00,81.37000274658203,83.44000244140625,81.37000274658203,81.58999633789062,17500,0.0,0.0
2024-05-23 00:00:00-04:00,81.5999984741211,81.68000030517578,79.54000091552734,79.54000091552734,18400,0.0,0.0
2024-05-24 00:00:00-04:00,80.37999725341797,81.37000274658203,79.80000305175781,81.37000274658203,13400,0.0,0.0
2024-05-28 00:00:00-04:00,81.38999938964844,81.44999694824219,80.5,81.27999877929688,17400,0.0,0.0
2024-05-29 00:00:00-04:00,79.97000122070312,80.0,78.98999786376953,79.41999816894531,17000,0.0,0.0
2024-05-30 00:00:00-04:00,80.41999816894531,81.87999725341797,80.0,80.86000061035156,16100,0.0,0.0
2024-05-31 00:00:00-04:00,81.41999816894531,82.0,81.41999816894531,81.63999938964844,13000,0.0,0.0
2024-06-03 00:00:00-04:00,82.12000274658203,82.12000274658203,80.0,80.73999786376953,7400,0.0,0.0
2024-06-04 00:00:00-04:00,81.0,81.0,80.1500015258789,80.55000305175781,8800,0.0,0.0
2024-06-05 00:00:00-04:00,80.55000305175781,82.06999969482422,79.77999877929688,81.72000122070312,12200,0.0,0.0
2024-06-06 00:00:00-04:00,78.12000274658203,81.66000366210938,78.12000274658203,81.37000274658203,8100,0.0,0.0
2024-06-07 00:00:00-04:00,80.88999938964844,80.88999938964844,80.01000213623047,80.19999694824219,6900,0.0,0.0
2024-06-10 00:00:00-04:00,78.2699966430664,79.16999816894531,78.2699966430664,79.05999755859375,9000,0.0,0.0
2024-06-11 00:00:00-04:00,77.69000244140625,79.52999877929688,77.69000244140625,79.52999877929688,15300,0.0,0.0
2024-06-12 00:00:00-04:00,80.88999938964844,82.54000091552734,80.72000122070312,81.56999969482422,16400,0.0,0.0
2024-06-13 00:00:00-04:00,79.95999908447266,80.26000213623047,78.7300033569336,79.19000244140625,11400,0.0,0.0
2024-06-14 00:00:00-04:00,78.76000213623047,78.81999969482422,78.0,78.81999969482422,17800,0.0,0.0
2024-06-17 00:00:00-04:00,78.23999786376953,80.91000366210938,78.23999786376953,80.91000366210938,7700,0.0,0.0
2024-06-18 00:00:00-04:00,80.16000366210938,81.87999725341797,80.16000366210938,81.51000213623047,16000,0.0,0.0
2024-06-20 00:00:00-04:00,80.77999877929688,81.33999633789062,79.68000030517578,80.23999786376953,16600,0.0,0.0
2024-06-21 00:00:00-04:00,80.16999816894531,80.43000030517578,78.16999816894531,78.18000030517578,57900,0.0,0.0
2024-06-24 00:00:00-04:00,78.29000091552734,80.33999633789062,78.29000091552734,79.83000183105469,17100,0.0,0.0
2024-06-25 00:00:00-04:00,79.26000213623047,79.58000183105469,78.80999755859375,78.80999755859375,11400,0.0,0.0
2024-06-26 00:00:00-04:00,77.81999969482422,80.0999984741211,77.0,79.5,19800,0.0,0.0
2024-06-27 00:00:00-04:00,79.52999877929688,81.2300033569336,79.52999877929688,81.2300033569336,14900,0.0,0.0
2024-06-28 00:00:00-04:00,81.66999816894531,83.25,81.66999816894531,82.58999633789062,135100,0.0,0.0
2024-07-01 00:00:00-04:00,82.0,82.55000305175781,81.80000305175781,82.41999816894531,21300,0.0,0.0
2024-07-02 00:00:00-04:00,82.31999969482422,83.80000305175781,82.22000122070312,83.5999984741211,16600,0.0,0.0
2024-07-03 00:00:00-04:00,82.75,82.75,80.91000366210938,80.91000366210938,16200,0.0,0.0
2024-07-05 00:00:00-04:00,80.5,80.5,79.5,80.13999938964844,13500,0.0,0.0
2024-07-08 00:00:00-04:00,79.80000305175781,80.29000091552734,79.80000305175781,79.9800033569336,10300,0.0,0.0
2024-07-09 00:00:00-04:00,81.31999969482422,81.41000366210938,79.52999877929688,80.08999633789062,12500,0.0,0.0
2024-07-10 00:00:00-04:00,80.06999969482422,82.75,80.0,82.48999786376953,20000,0.0,0.0
2024-07-11 00:00:00-04:00,83.16000366210938,86.18000030517578,82.69999694824219,84.06999969482422,50400,0.0,0.0
2024-07-12 00:00:00-04:00,84.30000305175781,85.66000366210938,84.30000305175781,85.0,31500,0.0,0.0
2024-07-15 00:00:00-04:00,85.25,89.75,85.25,87.98999786376953,43100,0.0,0.0
2024-07-16 00:00:00-04:00,88.5,90.91000366210938,88.5,90.16999816894531,57300,0.0,0.0
2024-07-17 00:00:00-04:00,88.31999969482422,93.0,88.30000305175781,90.62000274658203,67900,0.0,0.0
2024-07-18 00:00:00-04:00,90.4000015258789,93.5,89.68000030517578,89.94999694824219,63400,0.0,0.0
2024-07-19 00:00:00-04:00,89.95999908447266,91.5,89.23999786376953,90.54000091552734,44300,0.0,0.0
2024-07-22 00:00:00-04:00,91.12999725341797,92.94999694824219,89.52999877929688,92.75,43700,0.0,0.0
2024-07-23 00:00:00-04:00,91.95999908447266,93.9800033569336,91.95999908447266,93.58000183105469,76000,0.0,0.0
2024-07-24 00:00:00-04:00,93.4800033569336,95.08000183105469,93.2300033569336,93.69000244140625,52000,0.0,0.0
2024-07-25 00:00:00-04:00,94.1500015258789,96.0,92.91999816894531,94.04000091552734,67000,0.0,0.0
2024-07-26 00:00:00-04:00,94.3499984741211,95.7300033569336,93.44999694824219,95.62000274658203,37900,0.0,0.0
2024-07-29 00:00:00-04:00,95.86000061035156,95.86000061035156,93.38999938964844,93.7699966430664,22800,0.0,0.0
2024-07-30 00:00:00-04:00,94.0,94.0999984741211,92.87999725341797,94.0999984741211,19900,0.0,0.0
2024-07-31 00:00:00-04:00,93.62999725341797,94.5999984741211,92.69999694824219,92.69999694824219,38500,0.0,0.0
2024-08-01 00:00:00-04:00,89.08000183105469,89.61000061035156,88.4800033569336,89.61000061035156,25000,0.0,0.0
2024-08-02 00:00:00-04:00,86.55999755859375,87.5999984741211,86.30999755859375,86.91999816894531,18400,0.0,0.0
2024-08-05 00:00:00-04:00,83.93000030517578,85.37999725341797,82.61000061035156,83.68000030517578,25900,0.0,0.0
2024-08-06 00:00:00-04:00,83.76000213623047,84.55999755859375,83.01000213623047,83.98999786376953,21200,0.0,0.0
2024-08-07 00:00:00-04:00,85.79000091552734,86.47000122070312,83.19000244140625,83.4000015258789,20400,0.0,0.0
2024-08-08 00:00:00-04:00,84.08000183105469,85.5,84.01000213623047,85.48999786376953,18300,0.0,0.0
2024-08-09 00:00:00-04:00,84.18000030517578,84.61000061035156,83.58000183105469,83.98999786376953,16900,0.0,0.0
2024-08-12 00:00:00-04:00,84.05000305175781,84.05000305175781,82.5,82.75,12000,0.0,0.0
2024-08-13 00:00:00-04:00,83.12000274658203,84.12999725341797,83.12000274658203,83.69999694824219,11800,0.0,0.0
2024-08-14 00:00:00-04:00,82.76000213623047,83.02999877929688,82.51000213623047,83.02999877929688,14400,0.0,0.0
2024-08-15 00:00:00-04:00,84.80999755859375,85.81999969482422,84.44000244140625,85.08000183105469,17500,0.0,0.0
2024-08-16 00:00:00-04:00,84.97000122070312,87.5,84.97000122070312,86.37999725341797,32500,0.0,0.0
2024-08-19 00:00:00-04:00,87.11000061035156,87.62000274658203,86.80999755859375,87.4000015258789,13300,0.0,0.0
2024-08-20 00:00:00-04:00,87.12999725341797,87.80999755859375,86.12000274658203,87.43000030517578,38000,0.0,0.0
2024-08-21 00:00:00-04:00,87.19999694824219,88.75,87.19999694824219,88.06999969482422,12100,0.0,0.0
2024-08-22 00:00:00-04:00,88.75,88.86000061035156,88.08999633789062,88.44999694824219,14300,0.0,0.0
2024-08-23 00:00:00-04:00,88.66999816894531,95.0,88.66999816894531,94.05000305175781,26600,0.0,0.0
2024-08-26 00:00:00-04:00,94.41999816894531,94.41999816894531,92.77999877929688,92.91999816894531,17300,0.0,0.0
2024-08-27 00:00:00-04:00,92.62000274658203,93.47000122070312,92.55000305175781,93.33999633789062,16600,0.0,0.0
2024-08-28 00:00:00-04:00,93.95999908447266,94.4000015258789,92.43000030517578,92.73999786376953,21100,0.0,0.0
2024-08-29 00:00:00-04:00,93.94000244140625,94.38999938964844,92.66999816894531,93.2699966430664,17100,0.0,0.0
2024-08-30 00:00:00-04:00,93.98999786376953,94.33000183105469,92.23999786376953,94.04000091552734,29500,0.0,0.0
2024-09-03 00:00:00-04:00,92.0199966430664,92.0199966430664,90.83999633789062,91.29000091552734,14800,0.0,0.0
2024-09-04 00:00:00-04:00,90.9800033569336,90.9800033569336,89.30000305175781,89.61000061035156,15200,0.0,0.0
2024-09-05 00:00:00-04:00,90.37999725341797,90.37999725341797,88.11000061035156,88.80000305175781,14700,0.0,0.0
2024-09-06 00:00:00-04:00,88.95999908447266,88.95999908447266,86.94000244140625,87.2699966430664,18200,0.0,0.0
2024-09-09 00:00:00-04:00,88.4800033569336,89.58000183105469,88.47000122070312,88.47000122070312,23900,0.0,0.0
2024-09-10 00:00:00-04:00,87.68000030517578,88.91999816894531,86.91000366210938,88.1500015258789,14200,0.0,0.0
2024-09-11 00:00:00-04:00,87.33999633789062,87.7699966430664,85.80999755859375,87.44000244140625,20700,0.0,0.0
2024-09-12 00:00:00-04:00,88.08000183105469,88.44999694824219,87.45999908447266,88.41999816894531,21500,0.0,0.0
2024-09-13 00:00:00-04:00,89.69000244140625,90.80000305175781,89.51000213623047,90.80000305175781,16700,0.0,0.0
2024-09-16 00:00:00-04:00,91.23999786376953,92.2699966430664,91.22000122070312,91.83000183105469,25700,0.0,0.0
2024-09-17 00:00:00-04:00,92.87999725341797,94.5,92.04000091552734,92.41999816894531,18400,0.0,0.0
2024-09-18 00:00:00-04:00,91.44999694824219,96.0,91.44999694824219,93.33999633789062,27700,0.0,0.0
2024-09-19 00:00:00-04:00,95.47000122070312,95.66000366210938,93.0,94.95999908447266,30700,0.0,0.0
2024-09-20 00:00:00-04:00,94.48999786376953,94.48999786376953,91.23999786376953,91.27999877929688,92200,0.0,0.0
2024-09-23 00:00:00-04:00,91.66000366210938,93.0,90.3499984741211,91.22000122070312,11200,0.0,0.0
2024-09-24 00:00:00-04:00,91.20999908447266,91.20999908447266,89.72000122070312,90.2699966430664,15400,0.0,0.0
2024-09-25 00:00:00-04:00,88.9800033569336,88.9800033569336,87.87000274658203,87.9800033569336,19600,0.0,0.0
2024-09-26 00:00:00-04:00,88.97000122070312,89.51000213623047,88.19999694824219,88.70999908447266,16800,0.0,0.0
2024-09-27 00:00:00-04:00,89.79000091552734,90.06999969482422,87.98999786376953,88.19999694824219,11800,0.0,0.0
2024-09-30 00:00:00-04:00,87.58999633789062,90.7300033569336,87.58999633789062,90.69999694824219,18900,0.0,0.0
2024-10-01 00:00:00-04:00,90.04000091552734,90.4800033569336,87.29000091552734,87.80000305175781,16900,0.0,0.0
2024-10-02 00:00:00-04:00,87.05000305175781,87.58000183105469,86.56999969482422,86.87000274658203,13400,0.0,0.0
2024-10-03 00:00:00-04:00,87.18000030517578,87.27999877929688,85.93000030517578,86.5,11700,0.0,0.0
2024-10-04 00:00:00-04:00,87.76000213623047,87.91999816894531,86.55000305175781,87.23999786376953,11700,0.0,0.0
2024-10-07 00:00:00-04:00,87.0,87.23999786376953,86.38999938964844,86.52999877929688,9500,0.0,0.0
2024-10-08 00:00:00-04:00,87.06999969482422,87.52999877929688,86.41000366210938,86.72000122070312,10600,0.0,0.0
2024-10-09 00:00:00-04:00,86.73999786376953,88.7699966430664,86.73999786376953,87.8499984741211,18300,0.0,0.0
2024-10-10 00:00:00-04:00,87.01000213623047,87.55999755859375,86.11000061035156,86.62999725341797,12400,0.0,0.0
2024-10-11 00:00:00-04:00,89.51000213623047,89.94999694824219,88.98999786376953,89.5999984741211,13100,0.0,0.0
2024-10-14 00:00:00-04:00,89.43000030517578,89.9000015258789,87.55000305175781,89.5,10400,0.0,0.0
2024-10-15 00:00:00-04:00,90.69999694824219,93.4000015258789,88.62999725341797,91.19999694824219,23400,0.0,0.0
2024-10-16 00:00:00-04:00,92.94999694824219,94.58999633789062,92.83000183105469,94.06999969482422,27500,0.0,0.0
2024-10-17 00:00:00-04:00,95.0,96.27999877929688,93.81999969482422,96.27999877929688,16700,0.0,0.0
2024-10-18 00:00:00-04:00,96.2699966430664,96.2699966430664,94.30999755859375,94.80999755859375,15300,0.0,0.0
2024-10-21 00:00:00-04:00,94.8499984741211,94.8499984741211,91.81999969482422,91.81999969482422,13400,0.0,0.0
2024-10-22 00:00:00-04:00,92.55000305175781,94.06999969482422,92.47000122070312,93.45999908447266,11200,0.0,0.0
2024-10-23 00:00:00-04:00,92.47000122070312,93.13999938964844,92.26000213623047,93.06999969482422,10300,0.0,0.0
2024-10-24 00:00:00-04:00,92.97000122070312,92.97000122070312,91.38999938964844,91.7300033569336,10000,0.0,0.0
2024-10-25 00:00:00-04:00,92.13999938964844,92.13999938964844,90.01000213623047,90.2699966430664,12100,0.0,0.0
2024-10-28 00:00:00-04:00,91.44000244140625,93.58999633789062,90.30000305175781,93.0,10900,0.0,0.0
2024-10-29 00:00:00-04:00,92.06999969482422,94.25,92.06999969482422,93.75,13300,0.0,0.0
2024-10-30 00:00:00-04:00,94.25,95.75,93.55000305175781,93.55000305175781,11500,0.0,0.0
2024-10-31 00:00:00-04:00,92.83999633789062,92.95999908447266,91.69000244140625,92.01000213623047,12200,0.0,0.0
2024-11-01 00:00:00-04:00,92.75,92.83999633789062,91.87999725341797,92.37999725341797,9100,0.0,0.0
2024-11-04 00:00:00-05:00,91.25,92.36000061035156,91.19999694824219,92.02999877929688,16300,0.0,0.0
2024-11-05 00:00:00-05:00,92.1500015258789,95.0,92.1500015258789,94.9800033569336,13500,0.0,0.0
2024-11-06 00:00:00-05:00,97.9000015258789,108.9800033569336,97.9000015258789,108.30999755859375,70200,0.0,0.0
2024-11-07 00:00:00-05:00,107.83000183105469,107.83000183105469,101.83999633789062,102.4000015258789,23800,0.0,0.0
2024-11-08 00:00:00-05:00,102.04000091552734,105.29000091552734,102.04000091552734,105.01000213623047,13000,0.0,0.0
