Date,Open,High,Low,Close,Volume,Dividends,Stock Splits
1994-10-25 00:00:00-04:00,96.20892483458226,96.20892483458226,86.00494795818717,89.28479766845703,33993,0.0,0.0
1994-10-26 00:00:00-04:00,91.83579046075995,93.29350142045455,87.8270853215998,88.19151306152344,4007,0.0,0.0
1994-10-27 00:00:00-04:00,87.462646484375,92.92906188964844,87.462646484375,87.462646484375,9813,0.0,0.0
1994-10-28 00:00:00-04:00,87.462645031157,92.9290603456043,87.462645031157,91.83577728271484,6153,0.0,0.0
1994-10-31 00:00:00-05:00,96.20892910694512,96.20892910694512,90.37808491864541,92.56465148925781,5213,0.0,0.0
1994-11-01 00:00:00-05:00,94.75119878375341,94.75119878375341,90.37806653219556,91.83577728271484,740,0.0,0.0
1994-11-02 00:00:00-05:00,91.83579182624817,93.29350280761719,90.37808084487915,93.29350280761719,3747,0.0,0.0
1994-11-03 00:00:00-05:00,93.2934806577621,93.2934806577621,88.92034875192951,90.37805938720703,2880,0.0,0.0
1994-11-04 00:00:00-05:00,91.83579046075995,91.83579046075995,88.19151306152344,88.19151306152344,3933,0.0,0.0
1994-11-07 00:00:00-05:00,90.37807028634207,90.37807028634207,81.63180541992188,81.63180541992188,2480,0.0,0.0
1994-11-08 00:00:00-05:00,83.0895162309919,86.00493785313198,81.63180541992188,81.63180541992188,1720,0.0,0.0
1994-11-09 00:00:00-05:00,81.63180776742789,83.08951862041766,74.34325350247896,75.80096435546875,9947,0.0,0.0
1994-11-10 00:00:00-05:00,75.80096377966538,78.71638546349867,75.80096377966538,77.25867462158203,940,0.0,0.0
1994-11-11 00:00:00-05:00,78.7163732686174,81.63179450078842,78.7163732686174,79.44522857666016,940,0.0,0.0
1994-11-14 00:00:00-05:00,81.63180655020255,81.63180655020255,78.71638488769531,78.71638488769531,2120,0.0,0.0
1994-11-15 00:00:00-05:00,81.63180541992188,83.0895162309919,80.17409460885183,81.63180541992188,3407,0.0,0.0
1994-11-16 00:00:00-05:00,81.63181238007127,83.08952331542969,80.17410144471285,83.08952331542969,1440,0.0,0.0
1994-11-17 00:00:00-05:00,80.17409571894893,81.63180655020255,78.71638488769531,78.71638488769531,267,0.0,0.0
1994-11-18 00:00:00-05:00,83.08950888893821,83.08950888893821,78.71637684215199,80.17408752441406,3680,0.0,0.0
1994-11-21 00:00:00-05:00,80.17408424448745,81.6317948671145,77.25866299923335,77.98751831054688,2807,0.0,0.0
1994-11-22 00:00:00-05:00,80.17409754734413,80.17409754734413,74.34325408935547,74.34325408935547,4887,0.0,0.0
1994-11-23 00:00:00-05:00,75.80096495385264,75.80096495385264,71.42783236036114,74.34325408935547,1460,0.0,0.0
1994-11-25 00:00:00-05:00,74.34325408935547,74.34325408935547,74.34325408935547,74.34325408935547,2000,0.0,0.0
1994-11-28 00:00:00-05:00,74.34325408935547,75.80096495385264,74.34325408935547,74.34325408935547,100,0.0,0.0
1994-11-29 00:00:00-05:00,74.34325350247896,75.80096435546875,74.34325350247896,75.80096435546875,393,0.0,0.0
1994-11-30 00:00:00-05:00,80.17408752441406,80.17408752441406,80.17408752441406,80.17408752441406,13,0.0,0.0
1994-12-01 00:00:00-05:00,80.17409571894893,80.17409571894893,77.2586740564417,78.71638488769531,2873,0.0,0.0
1994-12-02 00:00:00-05:00,78.71638488769531,78.71638488769531,77.2586740564417,78.71638488769531,533,0.0,0.0
1994-12-05 00:00:00-05:00,77.25867462158203,80.1740963054153,77.25867462158203,77.25867462158203,3713,0.0,0.0
1994-12-06 00:00:00-05:00,78.71637684215199,80.17408752441406,78.71637684215199,80.17408752441406,2873,0.0,0.0
1994-12-07 00:00:00-05:00,80.17408424448745,80.17408424448745,77.25866299923335,77.98751831054688,5787,0.0,0.0
1994-12-08 00:00:00-05:00,80.17410859607516,80.17410859607516,75.80097539992559,76.52983093261719,3153,0.0,0.0
1994-12-09 00:00:00-05:00,78.71638488769531,78.71638488769531,75.80096322518808,78.71638488769531,1520,0.0,0.0
1994-12-12 00:00:00-05:00,78.71638606144832,78.71638606144832,75.80096435546875,75.80096435546875,1367,0.0,0.0
1994-12-13 00:00:00-05:00,78.71638606144832,78.71638606144832,74.34325350247896,75.80096435546875,1640,0.0,0.0
1994-12-14 00:00:00-05:00,74.34323913574218,74.34323913574218,71.42781799316406,72.88552856445312,3400,0.0,0.0
1994-12-15 00:00:00-05:00,75.80097539992559,77.25868646530878,72.88555326915923,76.52983093261719,4633,0.0,0.0
1994-12-16 00:00:00-05:00,75.80096495385264,77.2586758183498,74.34325408935547,74.34325408935547,1227,0.0,0.0
1994-12-19 00:00:00-05:00,77.2586758183498,77.2586758183498,74.34325408935547,74.34325408935547,1107,0.0,0.0
1994-12-20 00:00:00-05:00,77.2586758183498,77.2586758183498,74.34325408935547,74.34325408935547,1707,0.0,0.0
1994-12-21 00:00:00-05:00,72.88555404514943,75.0721206665039,72.88555404514943,75.0721206665039,273,0.0,0.0
1994-12-22 00:00:00-05:00,72.8855548518719,74.34326594890935,72.8855548518719,73.61441040039062,267,0.0,0.0
1994-12-23 00:00:00-05:00,75.80096495385264,75.80096495385264,72.88554322485831,74.34325408935547,5180,0.0,0.0
1994-12-27 00:00:00-05:00,72.8855548518719,75.07212149742807,72.8855548518719,73.61441040039062,2920,0.0,0.0
1994-12-28 00:00:00-05:00,75.07210952160406,75.07210952160406,72.88554322485831,74.34325408935547,4913,0.0,0.0
1994-12-29 00:00:00-05:00,73.06775708292045,75.80096495385264,72.88554322485831,74.34325408935547,2507,0.0,0.0
1994-12-30 00:00:00-05:00,73.06774238586426,75.07209442138672,72.88552856445312,72.88552856445312,8327,0.0,0.0
1995-01-03 00:00:00-05:00,75.80096495385264,75.80096495385264,72.88554322485831,74.34325408935547,2400,0.0,0.0
1995-01-04 00:00:00-05:00,75.80096435546875,75.80096435546875,72.88554264948918,75.80096435546875,640,0.0,0.0
1995-01-05 00:00:00-05:00,75.80095547762784,83.08950888893821,74.34324479536576,80.17408752441406,4700,0.0,0.0
1995-01-06 00:00:00-05:00,81.63180655020255,81.63180655020255,75.80096322518808,78.71638488769531,980,0.0,0.0
1995-01-09 00:00:00-05:00,77.25867462158203,77.25867462158203,75.80096377966538,77.25867462158203,333,0.0,0.0
1995-01-10 00:00:00-05:00,77.25867462158203,77.25867462158203,77.25867462158203,77.25867462158203,267,0.0,0.0
1995-01-11 00:00:00-05:00,80.1740963054153,80.1740963054153,77.25867462158203,77.25867462158203,473,0.0,0.0
1995-01-12 00:00:00-05:00,77.25867462158203,77.25867462158203,77.25867462158203,77.25867462158203,200,0.0,0.0
1995-01-13 00:00:00-05:00,77.2586740564417,78.71638488769531,77.2586740564417,78.71638488769531,1207,0.0,0.0
1995-01-16 00:00:00-05:00,78.71638606144832,78.71638606144832,75.80096435546875,75.80096435546875,113,0.0,0.0
1995-01-17 00:00:00-05:00,78.71638488769531,78.71638488769531,78.71638488769531,78.71638488769531,187,0.0,0.0
1995-01-18 00:00:00-05:00,80.1740963054153,80.1740963054153,75.80096377966538,77.25867462158203,380,0.0,0.0
1995-01-19 00:00:00-05:00,78.71638488769531,78.71638488769531,75.80096322518808,78.71638488769531,2587,0.0,0.0
1995-01-20 00:00:00-05:00,78.7163736218604,78.7163736218604,75.80095237660632,77.98751831054688,1973,0.0,0.0
1995-01-23 00:00:00-05:00,78.71638488769531,78.71638488769531,77.9875294720685,78.71638488769531,400,0.0,0.0
1995-01-24 00:00:00-05:00,77.2586872878584,77.2586872878584,74.34326512605242,75.0721206665039,3607,0.0,0.0
1995-01-25 00:00:00-05:00,77.25867462158203,77.25867462158203,77.25867462158203,77.25867462158203,267,0.0,0.0
1995-01-26 00:00:00-05:00,75.80096377966538,77.25867462158203,75.80096377966538,77.25867462158203,967,0.0,0.0
1995-01-27 00:00:00-05:00,78.71638488769531,78.71638488769531,78.71638488769531,78.71638488769531,573,0.0,0.0
1995-01-30 00:00:00-05:00,79.80966801113553,79.80966801113553,75.80096322518808,78.71638488769531,407,0.0,0.0
1995-01-31 00:00:00-05:00,76.52982737920055,79.80967712402344,76.52982737920055,79.80967712402344,140,0.0,0.0
1995-02-01 00:00:00-05:00,78.71638488769531,78.71638488769531,78.71638488769531,78.71638488769531,33,0.0,0.0
1995-02-02 00:00:00-05:00,78.71640521110372,85.64053344726562,78.71640521110372,85.64053344726562,2513,0.0,0.0
1995-02-03 00:00:00-05:00,87.46264700162209,88.92035778498246,84.91165313074144,86.00493621826172,1720,0.0,0.0
1995-02-06 00:00:00-05:00,84.54722543490135,87.46264700162209,84.54722543490135,86.00493621826172,607,0.0,0.0
1995-02-07 00:00:00-05:00,84.5472342507881,86.00494518614651,83.08952331542969,83.08952331542969,1253,0.0,0.0
1995-02-08 00:00:00-05:00,86.0049600272343,86.0049600272343,84.54724884033203,84.54724884033203,220,0.0,0.0
1995-02-09 00:00:00-05:00,86.0049600272343,86.0049600272343,84.54724884033203,84.54724884033203,293,0.0,0.0
1995-02-10 00:00:00-05:00,86.00493621826172,87.46264700162209,83.45394234738109,86.00493621826172,300,0.0,0.0
1995-02-13 00:00:00-05:00,83.45397186279297,83.45397186279297,83.45397186279297,83.45397186279297,340,0.0,0.0
1995-02-14 00:00:00-05:00,86.0049600272343,86.0049600272343,84.54724884033203,84.54724884033203,287,0.0,0.0
1995-02-15 00:00:00-05:00,83.81837463378906,86.00494092858355,83.45394691798998,83.81837463378906,987,0.0,0.0
1995-02-16 00:00:00-05:00,86.00494518614651,86.00494518614651,83.08952331542969,83.08952331542969,1000,0.0,0.0
1995-02-17 00:00:00-05:00,83.0895162309919,83.0895162309919,80.17409460885183,81.63180541992188,1893,0.0,0.0
1995-02-21 00:00:00-05:00,80.17408752441406,80.17408752441406,80.17408752441406,80.17408752441406,340,0.0,0.0
1995-02-22 00:00:00-05:00,80.17408752441406,80.17408752441406,80.17408752441406,80.17408752441406,533,0.0,0.0
1995-02-23 00:00:00-05:00,83.08952331542969,83.08952331542969,83.08952331542969,83.08952331542969,7,0.0,0.0
1995-02-24 00:00:00-05:00,81.99625426325305,84.54724884033203,81.99625426325305,84.54724884033203,1153,0.0,0.0
1995-02-27 00:00:00-05:00,81.63179820667614,83.08950888893821,80.17408752441406,80.17408752441406,347,0.0,0.0
1995-02-28 00:00:00-05:00,79.0808045127175,81.63179820667614,79.0808045127175,80.17408752441406,233,0.0,0.0
1995-03-01 00:00:00-05:00,80.17408752441406,80.17408752441406,80.17408752441406,80.17408752441406,33,0.0,0.0
1995-03-02 00:00:00-05:00,80.17408752441406,80.17408752441406,80.17408752441406,80.17408752441406,0,0.0,0.0
1995-03-03 00:00:00-05:00,80.17408752441406,80.17408752441406,80.17408752441406,80.17408752441406,0,0.0,0.0
1995-03-06 00:00:00-05:00,78.71638488769531,78.71638488769531,78.71638488769531,78.71638488769531,267,0.0,0.0
1995-03-07 00:00:00-05:00,78.71638546349867,80.1740963054153,76.16539149014454,77.25867462158203,1193,0.0,0.0
1995-03-08 00:00:00-05:00,77.25867462158203,77.25867462158203,77.25867462158203,77.25867462158203,0,0.0,0.0
1995-03-09 00:00:00-05:00,75.80096322518808,78.71638488769531,75.80096322518808,78.71638488769531,13,0.0,0.0
1995-03-10 00:00:00-05:00,76.16539001464844,76.16539001464844,76.16539001464844,76.16539001464844,33,0.0,0.0
1995-03-13 00:00:00-05:00,77.98753004254034,77.98753004254034,77.25867462158203,77.25867462158203,1367,0.0,0.0
1995-03-14 00:00:00-05:00,77.25867462158203,78.71638546349867,77.25867462158203,77.25867462158203,347,0.0,0.0
1995-03-15 00:00:00-05:00,78.71638488769531,78.71638488769531,78.71638488769531,78.71638488769531,400,0.0,0.0
1995-03-16 00:00:00-05:00,78.7163837977818,81.63180541992188,78.7163837977818,81.63180541992188,767,0.0,0.0
1995-03-17 00:00:00-05:00,82.7250812183727,82.7250812183727,78.71637684215199,80.17408752441406,1267,0.0,0.0
1995-03-20 00:00:00-05:00,77.25867462158203,77.25867462158203,77.25867462158203,77.25867462158203,667,0.0,0.0
1995-03-21 00:00:00-05:00,78.71638488769531,81.63180655020255,75.80096322518808,78.71638488769531,1847,0.0,0.0
1995-03-22 00:00:00-05:00,78.71638488769531,78.71638488769531,78.71638488769531,78.71638488769531,20,0.0,0.0
1995-03-23 00:00:00-05:00,76.16539149014454,78.71638546349867,76.16539149014454,77.25867462158203,760,0.0,0.0
1995-03-24 00:00:00-05:00,77.2586740564417,78.71638488769531,77.2586740564417,78.71638488769531,2533,0.0,0.0
1995-03-27 00:00:00-05:00,77.98752150102095,80.17408752441406,77.25866615988991,80.17408752441406,3473,0.0,0.0
1995-03-28 00:00:00-05:00,79.44523218328303,80.17408752441406,78.71637684215199,80.17408752441406,840,0.0,0.0
1995-03-29 00:00:00-05:00,81.26737053611062,81.26737053611062,78.71637684215199,80.17408752441406,2533,0.0,0.0
1995-03-30 00:00:00-05:00,80.17408752441406,80.17408752441406,80.17408752441406,80.17408752441406,33,0.0,0.0
1995-03-31 00:00:00-05:00,80.17408752441406,81.63179820667614,78.71637684215199,80.17408752441406,2187,0.0,0.0
1995-04-03 00:00:00-04:00,78.71637684215199,81.26737053611062,78.71637684215199,80.17408752441406,633,0.0,0.0
1995-04-04 00:00:00-04:00,77.25867462158203,78.71638546349867,77.25867462158203,77.25867462158203,760,0.0,0.0
1995-04-05 00:00:00-04:00,80.17408752441406,81.63179820667614,77.25866615988991,80.17408752441406,1060,0.0,0.0
1995-04-06 00:00:00-04:00,80.17408752441406,81.63179820667614,80.17408752441406,80.17408752441406,2100,0.0,0.0
1995-04-07 00:00:00-04:00,80.17409460885183,81.63180541992188,80.17409460885183,81.63180541992188,1267,0.0,0.0
1995-04-10 00:00:00-04:00,81.63180541992188,81.63180541992188,78.7163837977818,81.63180541992188,1880,0.0,0.0
1995-04-11 00:00:00-04:00,80.90294847650044,86.00493621826172,80.17409308482026,86.00493621826172,6253,0.0,0.0
1995-04-12 00:00:00-04:00,86.00494997618628,88.92037200927734,84.54723895964075,88.92037200927734,6833,0.0,0.0
1995-04-13 00:00:00-04:00,88.92037200927734,90.37808302582287,87.46266099273181,88.92037200927734,3180,0.0,0.0
1995-04-17 00:00:00-04:00,88.92035725911458,90.37806803385416,87.462646484375,87.462646484375,3453,0.0,0.0
1995-04-18 00:00:00-04:00,88.92035725911458,88.92035725911458,87.462646484375,87.462646484375,907,0.0,0.0
1995-04-19 00:00:00-04:00,88.92035778498246,88.92035778498246,86.00493621826172,86.00493621826172,887,0.0,0.0
1995-04-20 00:00:00-04:00,84.54723895964075,88.92037200927734,84.54723895964075,88.92037200927734,2080,0.0,0.0
1995-04-21 00:00:00-04:00,88.92035725911458,88.92035725911458,86.73379109700521,87.462646484375,1720,0.0,0.0
1995-04-24 00:00:00-04:00,86.00494865955653,90.37808164224586,86.00494865955653,87.82708740234375,1760,0.0,0.0
1995-04-25 00:00:00-04:00,88.92035578167628,91.83577728271484,88.92035578167628,91.83577728271484,4853,0.0,0.0
1995-04-26 00:00:00-04:00,93.29350280761719,94.7512137889862,91.83579182624817,93.29350280761719,1493,0.0,0.0
1995-04-27 00:00:00-04:00,90.37806653219556,91.83577728271484,90.37806653219556,91.83577728271484,380,0.0,0.0
1995-04-28 00:00:00-04:00,91.83577002248457,91.83577002248457,88.92034875192951,90.37805938720703,2107,0.0,0.0
1995-05-01 00:00:00-04:00,90.37807671550796,90.37807671550796,87.82708261466702,90.0136489868164,1073,0.0,0.0
1995-05-02 00:00:00-04:00,90.37806853640127,91.47135162353516,88.92035775355609,91.47135162353516,453,0.0,0.0
1995-05-03 00:00:00-04:00,91.47135162353516,91.47135162353516,88.92035775355609,91.47135162353516,1860,0.0,0.0
1995-05-04 00:00:00-04:00,91.47134236366519,91.47134236366519,89.64920406956827,90.37805938720703,2267,0.0,0.0
1995-05-05 00:00:00-04:00,91.47135162353516,91.47135162353516,90.74249623211257,91.47135162353516,600,0.0,0.0
1995-05-08 00:00:00-04:00,91.47134236366519,91.47134236366519,90.37805938720703,90.37805938720703,467,0.0,0.0
1995-05-09 00:00:00-04:00,90.37805938720703,91.47134236366519,90.37805938720703,90.37805938720703,1413,0.0,0.0
1995-05-10 00:00:00-04:00,90.37808491864541,92.92907925102654,90.37808491864541,92.56465148925781,1027,0.0,0.0
1995-05-11 00:00:00-04:00,92.56465228271485,92.56465228271485,91.10694122314453,91.10694122314453,1327,0.0,0.0
1995-05-12 00:00:00-04:00,91.83577728271484,91.83577728271484,90.37806653219556,91.83577728271484,727,0.0,0.0
1995-05-15 00:00:00-04:00,91.83577002248457,91.83577002248457,90.37805938720703,90.37805938720703,453,0.0,0.0
1995-05-16 00:00:00-04:00,90.37805938720703,91.1069147048458,90.37805938720703,90.37805938720703,1153,0.0,0.0
1995-05-17 00:00:00-04:00,90.37805938720703,91.1069147048458,90.37805938720703,90.37805938720703,1047,0.0,0.0
1995-05-18 00:00:00-04:00,90.37806803385416,90.37806803385416,87.462646484375,87.462646484375,633,0.0,0.0
1995-05-19 00:00:00-04:00,88.92037200927734,88.92037200927734,86.00494997618628,88.92037200927734,153,0.0,0.0
1995-05-22 00:00:00-04:00,88.92037200927734,88.92037200927734,88.92037200927734,88.92037200927734,20,0.0,0.0
1995-05-23 00:00:00-04:00,88.9203658007417,90.0136489868164,88.19151034335857,90.0136489868164,833,0.0,0.0
1995-05-24 00:00:00-04:00,87.46264700162209,87.46264700162209,86.00493621826172,86.00493621826172,2600,0.0,0.0
1995-05-25 00:00:00-04:00,86.0049600272343,86.0049600272343,83.08953765342976,84.54724884033203,1253,0.0,0.0
1995-05-26 00:00:00-04:00,84.5472342507881,84.5472342507881,83.08952331542969,83.08952331542969,200,0.0,0.0
1995-05-30 00:00:00-04:00,83.45394691798998,86.00494092858355,83.45394691798998,83.81837463378906,613,0.0,0.0
1995-05-31 00:00:00-04:00,86.00493621826172,86.00493621826172,83.45394234738109,86.00493621826172,1567,0.0,0.0
1995-06-01 00:00:00-04:00,84.54723895964075,88.92037200927734,84.54723895964075,88.92037200927734,2233,0.0,0.0
1995-06-02 00:00:00-04:00,86.00493621826172,86.00493621826172,86.00493621826172,86.00493621826172,113,0.0,0.0
1995-06-05 00:00:00-04:00,90.37806856834283,90.37806856834283,86.00493621826172,86.00493621826172,1280,0.0,0.0
1995-06-06 00:00:00-04:00,88.92037707416951,88.92037707416951,86.00495487501641,86.73381042480469,1867,0.0,0.0
1995-06-07 00:00:00-04:00,86.73381042480469,86.73381042480469,86.73381042480469,86.73381042480469,0,0.0,0.0
1995-06-08 00:00:00-04:00,86.73381042480469,86.73381042480469,86.73381042480469,86.73381042480469,0,0.0,0.0
1995-06-09 00:00:00-04:00,88.92037707416951,88.92037707416951,86.73381042480469,86.73381042480469,1587,0.0,0.0
1995-06-12 00:00:00-04:00,87.462646484375,88.92035725911458,86.73379109700521,87.462646484375,2333,0.0,0.0
1995-06-13 00:00:00-04:00,88.92035578167628,91.83577728271484,87.462645031157,91.83577728271484,2733,0.0,0.0
1995-06-14 00:00:00-04:00,91.83577931924646,91.83577931924646,88.92035775355609,91.47135162353516,40,0.0,0.0
1995-06-15 00:00:00-04:00,91.8357940423684,91.8357940423684,88.92037200927734,88.92037200927734,193,0.0,0.0
1995-06-16 00:00:00-04:00,88.92037200927734,88.92037200927734,88.92037200927734,88.92037200927734,0,0.0,0.0
1995-06-19 00:00:00-04:00,89.28478544926739,91.47135162353516,89.28478544926739,91.47135162353516,1080,0.0,0.0
1995-06-20 00:00:00-04:00,91.47135162353516,91.47135162353516,90.37806853640127,91.47135162353516,3593,0.0,0.0
1995-06-21 00:00:00-04:00,90.37805938720703,90.37805938720703,90.37805938720703,90.37805938720703,833,0.0,0.0
1995-06-22 00:00:00-04:00,90.37805938720703,90.37805938720703,88.92034875192951,90.37805938720703,1993,0.0,0.0
1995-06-23 00:00:00-04:00,88.92034875192951,91.47134236366519,88.92034875192951,90.37805938720703,3207,0.0,0.0
1995-06-26 00:00:00-04:00,88.92034875192951,90.37805938720703,88.92034875192951,90.37805938720703,1560,0.0,0.0
1995-06-27 00:00:00-04:00,90.37805938720703,90.37805938720703,90.37805938720703,90.37805938720703,7,0.0,0.0
1995-06-28 00:00:00-04:00,88.92034875192951,90.37805938720703,88.92034875192951,90.37805938720703,1747,0.0,0.0
1995-06-29 00:00:00-04:00,89.6492275175501,89.6492275175501,88.92037200927734,88.92037200927734,1333,0.0,0.0
1995-06-30 00:00:00-04:00,91.10694122314453,91.10694122314453,88.92037463378907,91.10694122314453,207,0.0,0.0
1995-07-03 00:00:00-04:00,88.92037542079522,89.64923095703125,88.92037542079522,89.64923095703125,447,0.0,0.0
1995-07-05 00:00:00-04:00,88.92035725911458,88.92035725911458,87.462646484375,87.462646484375,527,0.0,0.0
1995-07-06 00:00:00-04:00,88.92037200927734,88.92037200927734,87.46266099273181,88.92037200927734,293,0.0,0.0
1995-07-07 00:00:00-04:00,87.46266099273181,88.92037200927734,86.00494997618628,88.92037200927734,447,0.0,0.0
1995-07-10 00:00:00-04:00,86.00494997618628,88.92037200927734,86.00494997618628,88.92037200927734,173,0.0,0.0
1995-07-11 00:00:00-04:00,86.0049446011767,88.55593872070312,85.64051686981578,88.55593872070312,1040,0.0,0.0
1995-07-12 00:00:00-04:00,85.27608082658153,88.55593008914236,85.27608082658153,86.00493621826172,1540,0.0,0.0
1995-07-13 00:00:00-04:00,85.27608489990234,87.46265117938701,85.27608489990234,85.27608489990234,860,0.0,0.0
1995-07-14 00:00:00-04:00,85.27608489990234,85.27608489990234,85.27608489990234,85.27608489990234,313,0.0,0.0
1995-07-17 00:00:00-04:00,84.54724884033203,87.46267121413659,84.54724884033203,84.54724884033203,1027,0.0,0.0
1995-07-18 00:00:00-04:00,83.0895162309919,83.0895162309919,80.17409460885183,81.63180541992188,1013,0.0,0.0
1995-07-19 00:00:00-04:00,82.72507746285254,82.72507746285254,79.44522857666016,79.44522857666016,467,0.0,0.0
1995-07-20 00:00:00-04:00,82.7251098567042,84.54724884033203,80.1741152796252,84.54724884033203,1820,0.0,0.0
1995-07-21 00:00:00-04:00,84.54722704206193,84.54722704206193,81.63180541992188,81.63180541992188,227,0.0,0.0
1995-07-24 00:00:00-04:00,84.5472342507881,84.5472342507881,83.08952331542969,83.08952331542969,480,0.0,0.0
1995-07-25 00:00:00-04:00,85.64053344726562,85.64053344726562,85.64053344726562,85.64053344726562,20,0.0,0.0
1995-07-26 00:00:00-04:00,86.00493621826172,86.00493621826172,83.089514651541,86.00493621826172,47,0.0,0.0
1995-07-27 00:00:00-04:00,85.27608082658153,86.00493621826172,84.54722543490135,86.00493621826172,280,0.0,0.0
1995-07-28 00:00:00-04:00,86.00494032639723,86.00494032639723,84.54722947340744,85.27608489990234,973,0.0,0.0
1995-07-31 00:00:00-04:00,83.81837463378906,83.81837463378906,83.81837463378906,83.81837463378906,200,0.0,0.0
1995-08-01 00:00:00-04:00,83.08952331542969,83.08952331542969,83.08952331542969,83.08952331542969,13,0.0,0.0
1995-08-02 00:00:00-04:00,83.08952331542969,83.08952331542969,83.08952331542969,83.08952331542969,13,0.0,0.0
1995-08-03 00:00:00-04:00,83.08952331542969,83.08952331542969,83.08952331542969,83.08952331542969,67,0.0,0.0
1995-08-04 00:00:00-04:00,83.08950888893821,84.54721957120029,80.17408752441406,80.17408752441406,907,0.0,0.0
1995-08-07 00:00:00-04:00,84.18280792236328,84.18280792236328,81.63181374289773,84.18280792236328,313,0.0,0.0
1995-08-08 00:00:00-04:00,84.18280792236328,84.18280792236328,84.18280792236328,84.18280792236328,0,0.0,0.0
1995-08-09 00:00:00-04:00,84.18280651694849,84.5472342507881,81.99624011391087,83.08952331542969,960,0.0,0.0
1995-08-10 00:00:00-04:00,84.18281855625389,84.18281855625389,82.36067962646484,82.36067962646484,1680,0.0,0.0
1995-08-11 00:00:00-04:00,81.63181238007127,84.18280651694849,81.63181238007127,83.08952331542969,333,0.0,0.0
1995-08-14 00:00:00-04:00,80.17408752441406,83.08950888893821,80.17408752441406,80.17408752441406,547,0.0,0.0
1995-08-15 00:00:00-04:00,81.63180541992188,81.63180541992188,80.90295001438686,81.63180541992188,413,0.0,0.0
1995-08-16 00:00:00-04:00,81.63181238007127,83.08952331542969,81.63181238007127,83.08952331542969,1113,0.0,0.0
1995-08-17 00:00:00-04:00,83.81837463378906,83.81837463378906,83.81837463378906,83.81837463378906,20,0.0,0.0
1995-08-18 00:00:00-04:00,81.63181374289773,84.18280792236328,81.63181374289773,84.18280792236328,33,0.0,0.0
1995-08-21 00:00:00-04:00,81.63180541992188,84.54722704206193,81.63180541992188,81.63180541992188,253,0.0,0.0
1995-08-22 00:00:00-04:00,84.54724884033203,84.54724884033203,82.36068205997861,84.54724884033203,653,0.0,0.0
1995-08-23 00:00:00-04:00,87.098219305782,88.92035778498246,86.00493621826172,86.00493621826172,1860,0.0,0.0
1995-08-24 00:00:00-04:00,87.46264700162209,87.46264700162209,86.00493621826172,86.00493621826172,800,0.0,0.0
1995-08-25 00:00:00-04:00,87.462646484375,87.462646484375,87.462646484375,87.462646484375,73,0.0,0.0
1995-08-28 00:00:00-04:00,87.46266099273181,88.92037200927734,86.00494997618628,88.92037200927734,2180,0.0,0.0
1995-08-29 00:00:00-04:00,88.92034875192951,90.37805938720703,87.46263811665197,90.37805938720703,1647,0.0,0.0
1995-08-30 00:00:00-04:00,90.37805938720703,90.37805938720703,87.82706577547135,90.37805938720703,2367,0.0,0.0
1995-08-31 00:00:00-04:00,89.64922467745266,94.75121307373047,89.64922467745266,94.75121307373047,3440,0.0,0.0
1995-09-01 00:00:00-04:00,94.75122843703178,106.41291809082031,92.92908942862732,106.41291809082031,7073,0.0,0.0
1995-09-05 00:00:00-04:00,103.49748155805798,110.42160884539285,103.49748155805798,104.95519256591797,6173,0.0,0.0
1995-09-06 00:00:00-04:00,108.96391175244305,108.96391175244305,104.95520596890836,107.8706283569336,2460,0.0,0.0
1995-09-07 00:00:00-04:00,106.41289054307363,108.59945678710939,106.41289054307363,108.59945678710938,1233,0.0,0.0
1995-09-08 00:00:00-04:00,111.15048334196017,112.24376678466797,109.32834427078049,112.24376678466797,1400,0.0,0.0
1995-09-11 00:00:00-04:00,112.24374923706056,118.0745933532715,110.78603820800782,116.61688232421875,7480,0.0,0.0
1995-09-12 00:00:00-04:00,118.07453155517578,125.36308288574219,116.6168212890625,125.36308288574219,4773,0.0,0.0
1995-09-13 00:00:00-04:00,128.27852798089748,128.27852798089748,119.53226470947266,119.53226470947266,7267,0.0,0.0
1995-09-14 00:00:00-04:00,123.90540350051153,123.90540350051153,118.0745609828404,122.44769287109375,3553,0.0,0.0
1995-09-15 00:00:00-04:00,118.0746078491211,122.44774147316261,118.0746078491211,118.0746078491211,993,0.0,0.0
1995-09-18 00:00:00-04:00,120.98999216586729,120.98999216586729,109.32830617397647,115.15914916992188,3093,0.0,0.0
1995-09-19 00:00:00-04:00,113.70147563605909,113.70147563605909,106.41291950554248,110.05719757080078,2133,0.0,0.0
1995-09-20 00:00:00-04:00,110.78604712853064,113.70146942138672,109.3283359821026,113.70146942138672,2273,0.0,0.0
1995-09-21 00:00:00-04:00,115.15917129516602,118.0745933532715,113.70146026611329,116.61688232421875,1853,0.0,0.0
1995-09-22 00:00:00-04:00,116.61690055549919,116.61690055549919,112.24376678466797,112.24376678466797,1000,0.0,0.0
1995-09-25 00:00:00-04:00,115.15914916992188,116.61685991890823,113.70143842093553,115.15914916992188,700,0.0,0.0
1995-09-26 00:00:00-04:00,115.15917129516602,118.0745933532715,113.70146026611329,116.61688232421875,807,0.0,0.0
1995-09-27 00:00:00-04:00,118.0745933532715,118.0745933532715,113.88367414474487,116.61688232421875,253,0.0,0.0
1995-09-28 00:00:00-04:00,118.07457066789459,118.07457066789459,115.15914916992188,115.15914916992188,173,0.0,0.0
1995-09-29 00:00:00-04:00,115.15914916992188,116.61685991890823,113.70143842093553,115.15914916992188,4333,0.0,0.0
1995-10-02 00:00:00-04:00,115.15917129516602,116.61688232421875,113.70146026611329,116.61688232421875,513,0.0,0.0
1995-10-03 00:00:00-04:00,116.61688232421875,116.61688232421875,113.70146026611329,116.61688232421875,180,0.0,0.0
1995-10-04 00:00:00-04:00,113.70146026611329,116.61688232421875,113.70146026611329,116.61688232421875,20,0.0,0.0
1995-10-05 00:00:00-04:00,116.61689171424278,116.61689171424278,113.70146942138672,113.70146942138672,493,0.0,0.0
1995-10-06 00:00:00-04:00,116.61685991890823,116.61685991890823,113.70143842093553,115.15914916992188,873,0.0,0.0
1995-10-09 00:00:00-04:00,113.70146942138672,116.61689171424278,113.70146942138672,113.70146942138672,773,0.0,0.0
1995-10-10 00:00:00-04:00,113.70144773784436,115.15915860627827,110.78602600097656,110.78602600097656,1307,0.0,0.0
1995-10-11 00:00:00-04:00,113.70146942138672,113.70146942138672,112.9726138481727,113.70146942138672,520,0.0,0.0
1995-10-12 00:00:00-04:00,113.70146942138672,113.70146942138672,113.70146942138672,113.70146942138672,60,0.0,0.0
1995-10-13 00:00:00-04:00,113.70144773784436,113.70144773784436,110.78602600097656,110.78602600097656,193,0.0,0.0
1995-10-16 00:00:00-04:00,110.78604712853064,113.70146942138672,110.78604712853064,113.70146942138672,113,0.0,0.0
1995-10-17 00:00:00-04:00,113.7014660250756,113.7014660250756,110.78604381930444,112.97261047363281,5460,0.0,0.0
1995-10-18 00:00:00-04:00,113.70147804161171,115.15918929855545,112.24376678466797,112.24376678466797,2420,0.0,0.0
1995-10-19 00:00:00-04:00,113.70146942138672,113.70146942138672,112.24375827495868,113.70146942138672,1273,0.0,0.0
1995-10-20 00:00:00-04:00,112.24375827495868,113.70146942138672,112.24375827495868,113.70146942138672,387,0.0,0.0
1995-10-23 00:00:00-04:00,113.70146942138672,113.70146942138672,112.24375827495868,113.70146942138672,313,0.0,0.0
1995-10-24 00:00:00-04:00,110.78602600097656,113.70144773784436,110.78602600097656,110.78602600097656,200,0.0,0.0
1995-10-25 00:00:00-04:00,110.786051710991,112.24376291771458,102.76864007401139,106.41291809082031,2140,0.0,0.0
1995-10-26 00:00:00-04:00,103.49748992919922,106.41291218072597,102.03977880343585,103.49748992919922,867,0.0,0.0
1995-10-27 00:00:00-04:00,103.49750188732823,103.49750188732823,99.12436800476506,102.76864624023438,1213,0.0,0.0
1995-10-30 00:00:00-05:00,102.03977880343585,104.9552010549626,102.03977880343585,103.49748992919922,887,0.0,0.0
1995-10-31 00:00:00-05:00,102.03975677490234,102.03975677490234,102.03975677490234,102.03975677490234,233,0.0,0.0
1995-11-01 00:00:00-05:00,104.95518692680028,104.95518692680028,99.1243432086447,100.5820541381836,3260,0.0,0.0
1995-11-02 00:00:00-05:00,99.12433515276227,102.03975677490234,99.12433515276227,102.03975677490234,1520,0.0,0.0
1995-11-03 00:00:00-05:00,100.5820541381836,103.49747599726138,100.5820541381836,100.5820541381836,1427,0.0,0.0
1995-11-06 00:00:00-05:00,100.58206767767248,104.9552010549626,100.58206767767248,103.49748992919922,387,0.0,0.0
1995-11-07 00:00:00-05:00,103.49747599726138,103.49747599726138,100.5820541381836,100.5820541381836,53,0.0,0.0
1995-11-08 00:00:00-05:00,104.95518692680028,104.95518692680028,100.5820541381836,100.5820541381836,1133,0.0,0.0
1995-11-09 00:00:00-05:00,100.58206767767248,103.49748992919922,100.58206767767248,103.49748992919922,300,0.0,0.0
1995-11-10 00:00:00-05:00,103.49747599726138,103.49747599726138,100.5820541381836,100.5820541381836,1660,0.0,0.0
1995-11-13 00:00:00-05:00,102.03977055019801,104.95519256591797,102.03977055019801,104.95519256591797,1587,0.0,0.0
1995-11-14 00:00:00-05:00,102.03977055019801,104.95519256591797,102.03977055019801,104.95519256591797,33,0.0,0.0
1995-11-15 00:00:00-05:00,102.03977055019801,104.95519256591797,102.03977055019801,104.95519256591797,100,0.0,0.0
1995-11-16 00:00:00-05:00,103.49748992919922,104.9552010549626,103.49748992919922,103.49748992919922,413,0.0,0.0
1995-11-17 00:00:00-05:00,103.49749389648437,109.32833862304688,103.49749389648437,109.32833862304688,853,0.0,0.0
1995-11-20 00:00:00-05:00,109.32833862304688,109.32833862304688,104.95520507812499,109.32833862304688,1487,0.0,0.0
1995-11-21 00:00:00-05:00,104.95519256591797,109.32832558949788,104.95519256591797,104.95519256591797,207,0.0,0.0
1995-11-22 00:00:00-05:00,109.32834427078049,112.24376678466797,108.41727473519066,112.24376678466797,947,0.0,0.0
1995-11-24 00:00:00-05:00,110.7860498046875,110.7860498046875,109.32833862304688,109.32833862304688,273,0.0,0.0
1995-11-27 00:00:00-05:00,112.24372606542809,113.70143679355053,110.78601533730564,111.33265686035156,1747,0.0,0.0
1995-11-28 00:00:00-05:00,110.78605552772423,113.70147804161171,110.78605552772423,112.24376678466797,1147,0.0,0.0
1995-11-29 00:00:00-05:00,112.24376678466797,112.24376678466797,112.24376678466797,112.24376678466797,540,0.0,0.0
1995-11-30 00:00:00-05:00,113.70144773784436,113.70144773784436,110.78602600097656,110.78602600097656,347,0.0,0.0
1995-12-01 00:00:00-05:00,110.78605552772423,112.24376678466797,109.32834427078049,112.24376678466797,940,0.0,0.0
1995-12-04 00:00:00-05:00,107.87062744140624,112.24376098632811,107.87062744140624,109.32833862304688,240,0.0,0.0
1995-12-05 00:00:00-05:00,106.41291809082031,106.41291809082031,106.41291809082031,106.41291809082031,247,0.0,0.0
1995-12-06 00:00:00-05:00,106.41290357377794,106.41290357377794,104.95519256591797,104.95519256591797,367,0.0,0.0
1995-12-07 00:00:00-05:00,103.49748155805798,106.41290357377794,103.49748155805798,104.95519256591797,233,0.0,0.0
1995-12-08 00:00:00-05:00,103.49749329040101,106.41291563660948,103.49749329040101,104.22634887695312,333,0.0,0.0
1995-12-11 00:00:00-05:00,106.41290357377794,106.41290357377794,103.49748155805798,104.95519256591797,560,0.0,0.0
1995-12-12 00:00:00-05:00,104.95519256591797,106.41290357377794,103.49748155805798,104.95519256591797,1340,0.0,0.0
1995-12-13 00:00:00-05:00,106.41291218072597,106.41291218072597,103.49748992919922,103.49748992919922,780,0.0,0.0
1995-12-14 00:00:00-05:00,106.41291809082031,106.41291809082031,103.49749567737318,106.41291809082031,347,0.0,0.0
1995-12-15 00:00:00-05:00,104.95518252724095,110.78602600097656,104.95518252724095,110.78602600097656,3067,0.0,0.0
1995-12-18 00:00:00-05:00,110.78605074495881,110.78605074495881,104.95520596890836,107.8706283569336,1187,0.0,0.0
1995-12-19 00:00:00-05:00,107.8706283569336,109.3283395509462,104.95520596890836,107.8706283569336,4160,0.0,0.0
1995-12-20 00:00:00-05:00,106.41291716292098,109.3283395509462,106.41291716292098,107.8706283569336,380,0.0,0.0
1995-12-21 00:00:00-05:00,104.95519256591797,104.95519256591797,104.95519256591797,104.95519256591797,100,0.0,0.0
1995-12-22 00:00:00-05:00,107.87062929754387,107.87062929754387,104.95520688409674,106.41291809082031,207,0.0,0.0
1995-12-26 00:00:00-05:00,104.95519256591797,104.95519256591797,104.95519256591797,104.95519256591797,160,0.0,0.0
1995-12-27 00:00:00-05:00,109.32832558949788,109.32832558949788,104.95519256591797,104.95519256591797,193,0.0,0.0
1995-12-28 00:00:00-05:00,104.95519256591797,104.95519256591797,104.95519256591797,104.95519256591797,127,0.0,0.0
1995-12-29 00:00:00-05:00,104.95519256591797,105.68404806984795,104.95519256591797,104.95519256591797,287,0.0,0.0
1996-01-02 00:00:00-05:00,106.41290357377794,107.87061458163791,104.95519256591797,104.95519256591797,1300,0.0,0.0
1996-01-03 00:00:00-05:00,104.95520596890836,107.8706283569336,104.95520596890836,107.8706283569336,1620,0.0,0.0
1996-01-04 00:00:00-05:00,107.87061458163791,107.87061458163791,104.95519256591797,104.95519256591797,773,0.0,0.0
1996-01-05 00:00:00-05:00,107.87062330648934,107.87062330648934,100.58206767767248,103.49748992919922,1547,0.0,0.0
1996-01-08 00:00:00-05:00,103.49748992919922,103.49748992919922,103.49748992919922,103.49748992919922,67,0.0,0.0
1996-01-09 00:00:00-05:00,103.49748992919922,103.49748992919922,102.03977880343585,103.49748992919922,727,0.0,0.0
1996-01-10 00:00:00-05:00,104.9551783970424,104.9551783970424,102.03975677490234,102.03975677490234,780,0.0,0.0
1996-01-11 00:00:00-05:00,100.58206767767248,106.41291218072597,100.58206767767248,103.49748992919922,693,0.0,0.0
1996-01-12 00:00:00-05:00,103.49749567737318,106.41291809082031,103.49749567737318,106.41291809082031,387,0.0,0.0
1996-01-15 00:00:00-05:00,106.41291218072597,106.41291218072597,103.49748992919922,103.49748992919922,160,0.0,0.0
1996-01-16 00:00:00-05:00,103.49747599726138,104.95518692680028,97.66663227910581,100.5820541381836,3160,0.0,0.0
1996-01-17 00:00:00-05:00,99.12433515276227,102.03975677490234,99.12433515276227,102.03975677490234,40,0.0,0.0
1996-01-18 00:00:00-05:00,102.03975789687213,102.03975789687213,99.12433624267578,99.12433624267578,160,0.0,0.0
1996-01-19 00:00:00-05:00,102.03975789687213,102.03975789687213,99.12433624267578,99.12433624267578,240,0.0,0.0
1996-01-22 00:00:00-05:00,99.1243432086447,100.5820541381836,99.1243432086447,100.5820541381836,493,0.0,0.0
1996-01-23 00:00:00-05:00,99.12433624267578,99.12433624267578,99.12433624267578,99.12433624267578,373,0.0,0.0
1996-01-24 00:00:00-05:00,99.1243432086447,100.5820541381836,99.1243432086447,100.5820541381836,340,0.0,0.0
1996-01-25 00:00:00-05:00,99.12433624267578,99.12433624267578,99.12433624267578,99.12433624267578,1233,0.0,0.0
1996-01-26 00:00:00-05:00,97.66661834716797,100.58203979036702,97.66661834716797,97.66661834716797,167,0.0,0.0
1996-01-29 00:00:00-05:00,97.66662190755208,99.12433268229167,97.66662190755208,98.39547729492188,3287,0.0,0.0
1996-01-30 00:00:00-05:00,99.12433739864466,99.12433739864466,96.20891571044922,96.20891571044922,20,0.0,0.0
1996-01-31 00:00:00-05:00,96.20891571044922,96.20891571044922,96.20891571044922,96.20891571044922,273,0.0,0.0
1996-02-01 00:00:00-05:00,98.39547370796774,99.1243290687675,97.66661834716797,97.66661834716797,1133,0.0,0.0
1996-02-02 00:00:00-05:00,97.66662541557761,100.58204706977395,97.66662541557761,99.12433624267578,760,0.0,0.0
1996-02-05 00:00:00-05:00,99.1243432086447,100.5820541381836,97.66663227910581,100.5820541381836,1547,0.0,0.0
1996-02-06 00:00:00-05:00,100.58204706977395,100.58204706977395,99.12433624267578,99.12433624267578,620,0.0,0.0
1996-02-07 00:00:00-05:00,99.85319867341416,103.49747599726138,99.85319867341416,100.5820541381836,727,0.0,0.0
1996-02-08 00:00:00-05:00,100.5820459638323,102.03975677490234,100.5820459638323,102.03975677490234,227,0.0,0.0
1996-02-09 00:00:00-05:00,100.5820541381836,100.5820541381836,100.5820541381836,100.5820541381836,87,0.0,0.0
1996-02-12 00:00:00-05:00,100.58206767767248,103.49748992919922,100.58206767767248,103.49748992919922,773,0.0,0.0
1996-02-13 00:00:00-05:00,103.4974687239703,103.4974687239703,99.12433624267578,99.12433624267578,327,0.0,0.0
1996-02-14 00:00:00-05:00,99.1243290687675,102.03975051196655,97.66661834716797,97.66661834716797,773,0.0,0.0
1996-02-15 00:00:00-05:00,101.31090248332305,101.31090248332305,99.12433624267578,99.12433624267578,1773,0.0,0.0
1996-02-16 00:00:00-05:00,101.31090960295305,101.31090960295305,99.1243432086447,100.5820541381836,933,0.0,0.0
1996-02-20 00:00:00-05:00,99.1243290687675,102.03975051196655,97.66661834716797,97.66661834716797,800,0.0,0.0
1996-02-21 00:00:00-05:00,97.66661834716797,99.1243290687675,97.66661834716797,97.66661834716797,267,0.0,0.0
1996-02-22 00:00:00-05:00,97.66661834716797,97.66661834716797,97.66661834716797,97.66661834716797,200,0.0,0.0
1996-02-23 00:00:00-05:00,102.03975371200673,102.03975371200673,99.12433217737797,99.85318756103516,460,0.0,0.0
1996-02-26 00:00:00-05:00,99.85319055829729,102.03975677490234,99.12433515276227,102.03975677490234,1200,0.0,0.0
1996-02-27 00:00:00-05:00,99.12433624267578,99.12433624267578,99.12433624267578,99.12433624267578,33,0.0,0.0
1996-02-28 00:00:00-05:00,99.1243432086447,100.5820541381836,99.1243432086447,100.5820541381836,600,0.0,0.0
1996-02-29 00:00:00-05:00,100.58204706977395,100.58204706977395,99.12433624267578,99.12433624267578,27,0.0,0.0
1996-03-01 00:00:00-05:00,99.12433624267578,100.58204706977395,99.12433624267578,99.12433624267578,227,0.0,0.0
1996-03-04 00:00:00-05:00,102.03975789687213,102.03975789687213,99.12433624267578,99.12433624267578,73,0.0,0.0
1996-03-05 00:00:00-05:00,100.58204706977395,100.58204706977395,99.12433624267578,99.12433624267578,260,0.0,0.0
1996-03-06 00:00:00-05:00,99.1243432086447,102.03976506772248,97.66663227910581,100.5820541381836,2087,0.0,0.0
1996-03-07 00:00:00-05:00,100.58204294469235,102.03975371200673,99.12433217737797,99.85318756103516,253,0.0,0.0
1996-03-08 00:00:00-05:00,99.1243290687675,100.58203979036702,97.66661834716797,97.66661834716797,493,0.0,0.0
1996-03-11 00:00:00-05:00,97.66661834716797,97.66661834716797,97.66661834716797,97.66661834716797,73,0.0,0.0
1996-03-12 00:00:00-05:00,100.58204706977395,100.58204706977395,97.66662541557761,99.12433624267578,167,0.0,0.0
1996-03-13 00:00:00-05:00,102.03975677490234,102.03975677490234,100.5820459638323,102.03975677490234,860,0.0,0.0
1996-03-14 00:00:00-05:00,101.31090960295305,102.03976506772248,100.5820541381836,100.5820541381836,607,0.0,0.0
1996-03-15 00:00:00-05:00,103.49748992919922,103.49748992919922,103.49748992919922,103.49748992919922,7,0.0,0.0
1996-03-18 00:00:00-05:00,103.49746758597237,103.49746758597237,100.5820459638323,102.03975677490234,700,0.0,0.0
1996-03-19 00:00:00-05:00,104.95520507812499,109.32833862304688,102.03978271484374,109.32833862304688,2220,0.0,0.0
1996-03-20 00:00:00-05:00,109.32834050426744,110.786051710991,104.95520688409674,106.41291809082031,2433,0.0,0.0
1996-03-21 00:00:00-05:00,107.87060001918248,107.87060001918248,102.03975677490234,102.03975677490234,1073,0.0,0.0
1996-03-22 00:00:00-05:00,104.9552010549626,104.9552010549626,102.03977880343585,103.49748992919922,827,0.0,0.0
1996-03-25 00:00:00-05:00,104.95519256591797,107.87061458163791,104.95519256591797,104.95519256591797,613,0.0,0.0
1996-03-26 00:00:00-05:00,109.32834050426744,109.32834050426744,105.68406248745852,106.41291809082031,787,0.0,0.0
1996-03-27 00:00:00-05:00,103.49748155805798,104.95519256591797,103.49748155805798,104.95519256591797,400,0.0,0.0
1996-03-28 00:00:00-05:00,103.49746123356606,103.49746123356606,97.66661834716797,97.66661834716797,1947,0.0,0.0
1996-03-29 00:00:00-05:00,102.03975677490234,102.03975677490234,102.03975677490234,102.03975677490234,40,0.0,0.0
1996-04-01 00:00:00-05:00,102.03975789687213,102.03975789687213,97.66662541557761,99.12433624267578,207,0.0,0.0
1996-04-02 00:00:00-05:00,99.12433624267578,102.03975789687213,99.12433624267578,99.12433624267578,87,0.0,0.0
1996-04-03 00:00:00-05:00,100.5820541381836,100.5820541381836,100.5820541381836,100.5820541381836,213,0.0,0.0
1996-04-04 00:00:00-05:00,103.49748992919922,104.9552010549626,100.58206767767248,103.49748992919922,493,0.0,0.0
1996-04-08 00:00:00-04:00,100.58206767767248,103.49748992919922,97.66664542614575,103.49748992919922,487,0.0,0.0
1996-04-09 00:00:00-04:00,103.4974687239703,103.4974687239703,99.12433624267578,99.12433624267578,333,0.0,0.0
1996-04-10 00:00:00-04:00,99.12433624267578,102.03975789687213,97.66662541557761,99.12433624267578,480,0.0,0.0
1996-04-11 00:00:00-04:00,97.66661834716797,97.66661834716797,97.66661834716797,97.66661834716797,173,0.0,0.0
1996-04-12 00:00:00-04:00,102.03975677490234,102.03975677490234,102.03975677490234,102.03975677490234,13,0.0,0.0
1996-04-15 00:00:00-04:00,102.03975677490234,102.03975677490234,102.03975677490234,102.03975677490234,13,0.0,0.0
1996-04-16 00:00:00-04:00,99.1243290687675,102.03975051196655,97.66661834716797,97.66661834716797,200,0.0,0.0
1996-04-17 00:00:00-04:00,99.12433624267578,99.12433624267578,99.12433624267578,99.12433624267578,800,0.0,0.0
1996-04-18 00:00:00-04:00,102.03975677490234,102.03975677490234,102.03975677490234,102.03975677490234,47,0.0,0.0
1996-04-19 00:00:00-04:00,102.03975789687213,102.03975789687213,99.12433624267578,99.12433624267578,180,0.0,0.0
1996-04-22 00:00:00-04:00,99.12434283615252,102.03976468427466,99.12434283615252,99.30655670166016,160,0.0,0.0
1996-04-23 00:00:00-04:00,100.5820541381836,100.5820541381836,99.30655707483706,100.5820541381836,340,0.0,0.0
1996-04-24 00:00:00-04:00,99.12433624267578,100.58204706977395,99.12433624267578,99.12433624267578,140,0.0,0.0
1996-04-25 00:00:00-04:00,99.12433624267578,99.12433624267578,99.12433624267578,99.12433624267578,0,0.0,0.0
1996-04-26 00:00:00-04:00,99.12433624267578,102.03975789687213,99.12433624267578,99.12433624267578,220,0.0,0.0
1996-04-29 00:00:00-04:00,99.12433515276227,102.03975677490234,99.12433515276227,102.03975677490234,113,0.0,0.0
1996-04-30 00:00:00-04:00,102.03975677490234,102.03975677490234,102.03975677490234,102.03975677490234,0,0.0,0.0
1996-05-01 00:00:00-04:00,100.5820541381836,102.03976506772248,100.5820541381836,100.5820541381836,473,0.0,0.0
1996-05-02 00:00:00-04:00,100.58204345703125,100.58204345703125,98.39547729492188,98.39547729492188,1133,0.0,0.0
1996-05-03 00:00:00-04:00,100.5820541381836,100.5820541381836,97.66663227910581,100.5820541381836,47,0.0,0.0
1996-05-06 00:00:00-04:00,99.1243290687675,99.1243290687675,97.66661834716797,97.66661834716797,2000,0.0,0.0
1996-05-07 00:00:00-04:00,100.5820541381836,100.5820541381836,99.1243432086447,100.5820541381836,87,0.0,0.0
1996-05-08 00:00:00-04:00,100.58204345703125,100.58204345703125,96.2089111328125,98.39547729492188,573,0.0,0.0
1996-05-09 00:00:00-04:00,96.20890650255927,97.6666172071435,94.75119579797504,95.1156234741211,1327,0.0,0.0
1996-05-10 00:00:00-04:00,93.29350210336538,94.75121307373047,93.29350210336538,94.75121307373047,120,0.0,0.0
1996-05-13 00:00:00-04:00,94.75121607545947,94.75121607545947,88.92037200927734,88.92037200927734,473,0.0,0.0
1996-05-14 00:00:00-04:00,94.7512137889862,94.7512137889862,90.37808084487915,93.29350280761719,413,0.0,0.0
1996-05-15 00:00:00-04:00,94.7512137889862,94.7512137889862,90.37808084487915,93.29350280761719,560,0.0,0.0
1996-05-16 00:00:00-04:00,97.66661834716797,97.66661834716797,97.66661834716797,97.66661834716797,13,0.0,0.0
1996-05-17 00:00:00-04:00,97.66663075221403,97.66663075221403,93.29349803196564,95.48006439208984,307,0.0,0.0
1996-05-20 00:00:00-04:00,93.29350280761719,97.66663575172424,93.29350280761719,93.29350280761719,47,0.0,0.0
1996-05-21 00:00:00-04:00,93.29350280761719,96.20892477035522,91.83579182624817,93.29350280761719,1947,0.0,0.0
1996-05-22 00:00:00-04:00,91.8357940423684,94.75121607545947,88.92037200927734,88.92037200927734,4260,0.0,0.0
1996-05-23 00:00:00-04:00,91.8357940423684,91.8357940423684,88.92037200927734,88.92037200927734,1740,0.0,0.0
1996-05-24 00:00:00-04:00,91.83579182624817,93.29350280761719,88.92036986351013,93.29350280761719,660,0.0,0.0
1996-05-28 00:00:00-04:00,93.29348803323413,93.29348803323413,91.83577728271484,91.83577728271484,540,0.0,0.0
1996-05-29 00:00:00-04:00,94.7512137889862,94.7512137889862,91.83579182624817,93.29350280761719,520,0.0,0.0
1996-05-30 00:00:00-04:00,94.7512137889862,94.7512137889862,91.83579182624817,93.29350280761719,1020,0.0,0.0
1996-05-31 00:00:00-04:00,93.29350280761719,93.29350280761719,93.29350280761719,93.29350280761719,0,0.0,0.0
1996-06-03 00:00:00-04:00,91.83577728271484,94.75119878375341,91.83577728271484,91.83577728271484,2533,0.0,0.0
1996-06-04 00:00:00-04:00,91.8357911330003,94.75121307373047,91.8357911330003,94.75121307373047,367,0.0,0.0
1996-06-05 00:00:00-04:00,94.75119878375341,94.75119878375341,91.83577728271484,91.83577728271484,440,0.0,0.0
1996-06-06 00:00:00-04:00,94.75119129303964,94.75119129303964,90.37805938720703,90.37805938720703,53,0.0,0.0
1996-06-07 00:00:00-04:00,88.92037200927734,88.92037200927734,88.92037200927734,88.92037200927734,133,0.0,0.0
1996-06-10 00:00:00-04:00,91.83577880859374,91.83577880859374,87.462646484375,87.462646484375,127,0.0,0.0
1996-06-11 00:00:00-04:00,87.462645031157,91.83577728271484,87.462645031157,91.83577728271484,93,0.0,0.0
1996-06-12 00:00:00-04:00,90.37805938720703,90.37805938720703,90.37805938720703,90.37805938720703,333,0.0,0.0
1996-06-13 00:00:00-04:00,87.462645031157,91.83577728271484,87.462645031157,91.83577728271484,573,0.0,0.0
1996-06-14 00:00:00-04:00,91.83577728271484,91.83577728271484,87.462645031157,91.83577728271484,333,0.0,0.0
1996-06-17 00:00:00-04:00,90.19587707519531,90.19587707519531,90.19587707519531,90.19587707519531,7,0.0,0.0
1996-06-18 00:00:00-04:00,87.46265888214111,93.29350280761719,87.46265888214111,93.29350280761719,93,0.0,0.0
1996-06-19 00:00:00-04:00,90.37808649326728,90.37808649326728,88.92037542079522,89.64923095703125,2133,0.0,0.0
1996-06-20 00:00:00-04:00,93.29348958333333,93.29348958333333,87.462646484375,87.462646484375,160,0.0,0.0
1996-06-21 00:00:00-04:00,93.29348958333333,93.29348958333333,87.462646484375,87.462646484375,133,0.0,0.0
1996-06-24 00:00:00-04:00,87.46266099273181,88.92037200927734,87.46266099273181,88.92037200927734,133,0.0,0.0
1996-06-25 00:00:00-04:00,93.29348803323413,93.29348803323413,87.462645031157,91.83577728271484,227,0.0,0.0
1996-06-26 00:00:00-04:00,91.83577728271484,91.83577728271484,91.83577728271484,91.83577728271484,20,0.0,0.0
1996-06-27 00:00:00-04:00,90.37808084487915,93.29350280761719,90.37808084487915,93.29350280761719,1233,0.0,0.0
1996-06-28 00:00:00-04:00,93.29350280761719,93.29350280761719,90.37808084487915,93.29350280761719,413,0.0,0.0
1996-07-01 00:00:00-04:00,93.29350280761719,93.29350280761719,93.29350280761719,93.29350280761719,67,0.0,0.0
1996-07-02 00:00:00-04:00,93.29350280761719,93.29350280761719,93.29350280761719,93.29350280761719,7,0.0,0.0
1996-07-03 00:00:00-04:00,93.29350280761719,93.29350280761719,93.29350280761719,93.29350280761719,133,0.0,0.0
1996-07-05 00:00:00-04:00,93.2934806577621,93.2934806577621,90.37805938720703,90.37805938720703,40,0.0,0.0
1996-07-08 00:00:00-04:00,90.37808084487915,93.29350280761719,90.37808084487915,93.29350280761719,147,0.0,0.0
1996-07-09 00:00:00-04:00,93.29350280761719,93.29350280761719,93.29350280761719,93.29350280761719,20,0.0,0.0
1996-07-10 00:00:00-04:00,93.29350280761719,93.29350280761719,90.37808084487915,93.29350280761719,773,0.0,0.0
1996-07-11 00:00:00-04:00,91.83579182624817,93.29350280761719,91.83579182624817,93.29350280761719,80,0.0,0.0
1996-07-12 00:00:00-04:00,94.7512137889862,94.7512137889862,91.83579182624817,93.29350280761719,307,0.0,0.0
1996-07-15 00:00:00-04:00,91.83577002248457,91.83577002248457,90.37805938720703,90.37805938720703,533,0.0,0.0
1996-07-16 00:00:00-04:00,90.37805938720703,93.2934806577621,90.37805938720703,90.37805938720703,887,0.0,0.0
1996-07-17 00:00:00-04:00,90.37805938720703,90.37805938720703,90.37805938720703,90.37805938720703,7,0.0,0.0
1996-07-18 00:00:00-04:00,90.37808016263521,94.75121307373047,90.37808016263521,94.75121307373047,520,0.0,0.0
1996-07-19 00:00:00-04:00,91.83577002248457,91.83577002248457,90.37805938720703,90.37805938720703,667,0.0,0.0
1996-07-22 00:00:00-04:00,90.37805938720703,90.37805938720703,90.37805938720703,90.37805938720703,0,0.0,0.0
1996-07-23 00:00:00-04:00,90.37805938720703,90.37805938720703,90.37805938720703,90.37805938720703,187,0.0,0.0
1996-07-24 00:00:00-04:00,90.37805938720703,93.2934806577621,90.37805938720703,90.37805938720703,933,0.0,0.0
1996-07-25 00:00:00-04:00,90.37807233405836,96.20891571044922,90.37807233405836,96.20891571044922,647,0.0,0.0
1996-07-26 00:00:00-04:00,93.29350280761719,93.29350280761719,93.29350280761719,93.29350280761719,40,0.0,0.0
1996-07-29 00:00:00-04:00,99.12433515276227,103.49746758597237,97.66662434169224,102.03975677490234,4620,0.0,0.0
1996-07-30 00:00:00-04:00,103.4974699309378,104.95518077503552,96.20891571044922,96.20891571044922,1720,0.0,0.0
1996-07-31 00:00:00-04:00,100.58204824274236,100.58204824274236,93.29349402225378,96.20891571044922,1073,0.0,0.0
1996-08-01 00:00:00-04:00,96.20891571044922,96.20891571044922,96.20891571044922,96.20891571044922,7,0.0,0.0
1996-08-02 00:00:00-04:00,96.20891571044922,96.20891571044922,96.20891571044922,96.20891571044922,0,0.0,0.0
1996-08-05 00:00:00-04:00,99.12433624267578,99.12433624267578,93.2934929342831,99.12433624267578,40,0.0,0.0
1996-08-06 00:00:00-04:00,99.12433624267578,99.12433624267578,99.12433624267578,99.12433624267578,7,0.0,0.0
1996-08-07 00:00:00-04:00,93.29350280761719,93.29350280761719,93.29350280761719,93.29350280761719,20,0.0,0.0
1996-08-08 00:00:00-04:00,93.29350280761719,93.29350280761719,93.29350280761719,93.29350280761719,67,0.0,0.0
1996-08-09 00:00:00-04:00,93.29350280761719,96.20892477035522,93.29350280761719,93.29350280761719,240,0.0,0.0
1996-08-12 00:00:00-04:00,93.29350280761719,93.29350280761719,93.29350280761719,93.29350280761719,273,0.0,0.0
1996-08-13 00:00:00-04:00,90.37808016263521,94.75121307373047,90.37808016263521,94.75121307373047,73,0.0,0.0
1996-08-14 00:00:00-04:00,94.75121307373047,94.75121307373047,94.75121307373047,94.75121307373047,20,0.0,0.0
1996-08-15 00:00:00-04:00,90.37808016263521,94.75121307373047,90.37808016263521,94.75121307373047,727,0.0,0.0
1996-08-16 00:00:00-04:00,96.20891571044922,96.20891571044922,96.20891571044922,96.20891571044922,167,0.0,0.0
1996-08-19 00:00:00-04:00,97.66663501446064,97.66663501446064,94.75121307373047,94.75121307373047,87,0.0,0.0
1996-08-20 00:00:00-04:00,91.83578317815608,96.20891571044922,91.83578317815608,96.20891571044922,333,0.0,0.0
1996-08-21 00:00:00-04:00,94.7512048663515,97.66662655454694,94.7512048663515,96.20891571044922,87,0.0,0.0
1996-08-22 00:00:00-04:00,96.20891571044922,96.20891571044922,96.20891571044922,96.20891571044922,0,0.0,0.0
1996-08-23 00:00:00-04:00,91.83577728271484,91.83577728271484,91.83577728271484,91.83577728271484,67,0.0,0.0
1996-08-26 00:00:00-04:00,91.83577728271484,91.83577728271484,91.83577728271484,91.83577728271484,33,0.0,0.0
1996-08-27 00:00:00-04:00,91.83577728271484,93.29348803323413,91.83577728271484,91.83577728271484,833,0.0,0.0
1996-08-28 00:00:00-04:00,96.20892477035522,96.20892477035522,91.83579182624817,93.29350280761719,2000,0.0,0.0
1996-08-29 00:00:00-04:00,91.83577728271484,91.83577728271484,91.83577728271484,91.83577728271484,7,0.0,0.0
1996-08-30 00:00:00-04:00,91.83577728271484,91.83577728271484,91.83577728271484,91.83577728271484,0,0.0,0.0
1996-09-03 00:00:00-04:00,96.20891571044922,96.20891571044922,96.20891571044922,96.20891571044922,20,0.0,0.0
1996-09-04 00:00:00-04:00,91.83577728271484,91.83577728271484,91.83577728271484,91.83577728271484,73,0.0,0.0
1996-09-05 00:00:00-04:00,93.29350701279527,93.29350701279527,91.83579596572035,92.56465148925781,607,0.0,0.0
1996-09-06 00:00:00-04:00,92.56465148925781,92.56465148925781,92.56465148925781,92.56465148925781,0,0.0,0.0
1996-09-09 00:00:00-04:00,91.83577728271484,91.83577728271484,91.83577728271484,91.83577728271484,140,0.0,0.0
1996-09-10 00:00:00-04:00,91.83577728271484,93.29348803323413,91.83577728271484,91.83577728271484,1933,0.0,0.0
1996-09-11 00:00:00-04:00,91.83577728271484,91.83577728271484,91.83577728271484,91.83577728271484,40,0.0,0.0
1996-09-12 00:00:00-04:00,91.83577728271484,91.83577728271484,91.83577728271484,91.83577728271484,80,0.0,0.0
1996-09-13 00:00:00-04:00,91.83577728271484,91.83577728271484,91.83577728271484,91.83577728271484,27,0.0,0.0
1996-09-16 00:00:00-04:00,91.83577002248457,93.2934806577621,90.37805938720703,90.37805938720703,1827,0.0,0.0
1996-09-17 00:00:00-04:00,90.37805938720703,90.37805938720703,90.37805938720703,90.37805938720703,100,0.0,0.0
1996-09-18 00:00:00-04:00,90.37805938720703,90.37805938720703,90.37805938720703,90.37805938720703,67,0.0,0.0
1996-09-19 00:00:00-04:00,90.37805938720703,90.37805938720703,90.37805938720703,90.37805938720703,0,0.0,0.0
1996-09-20 00:00:00-04:00,90.37805938720703,90.37805938720703,90.37805938720703,90.37805938720703,27,0.0,0.0
1996-09-23 00:00:00-04:00,90.37805938720703,90.37805938720703,90.37805938720703,90.37805938720703,73,0.0,0.0
1996-09-24 00:00:00-04:00,90.37806653219556,94.75119878375341,90.37806653219556,91.83577728271484,233,0.0,0.0
1996-09-25 00:00:00-04:00,90.37805938720703,90.37805938720703,90.37805938720703,90.37805938720703,200,0.0,0.0
1996-09-26 00:00:00-04:00,91.8357911330003,94.75121307373047,91.8357911330003,94.75121307373047,200,0.0,0.0
1996-09-27 00:00:00-04:00,93.29348803323413,93.29348803323413,91.83577728271484,91.83577728271484,187,0.0,0.0
1996-09-30 00:00:00-04:00,90.37806653219556,91.83577728271484,90.37806653219556,91.83577728271484,127,0.0,0.0
1996-10-01 00:00:00-04:00,90.37808084487915,96.20892477035522,90.37808084487915,93.29350280761719,40,0.0,0.0
1996-10-02 00:00:00-04:00,90.37805938720703,90.37805938720703,90.37805938720703,90.37805938720703,173,0.0,0.0
1996-10-03 00:00:00-04:00,96.20890192831716,96.20890192831716,90.37805938720703,90.37805938720703,133,0.0,0.0
1996-10-04 00:00:00-04:00,90.37806653219556,91.83577728271484,90.37806653219556,91.83577728271484,153,0.0,0.0
1996-10-07 00:00:00-04:00,90.37805938720703,90.37805938720703,90.37805938720703,90.37805938720703,40,0.0,0.0
1996-10-08 00:00:00-04:00,99.12433217737797,99.85318756103516,96.9377660264064,99.85318756103516,433,0.0,0.0
1996-10-09 00:00:00-04:00,100.58203815964032,100.58203815964032,94.75119536777711,96.57333374023438,727,0.0,0.0
1996-10-10 00:00:00-04:00,94.7512048663515,97.66662655454694,94.7512048663515,96.20891571044922,340,0.0,0.0
1996-10-11 00:00:00-04:00,99.1243290687675,99.1243290687675,96.93776298636821,97.66661834716797,707,0.0,0.0
1996-10-14 00:00:00-04:00,94.75121307373047,94.75121307373047,94.75121307373047,94.75121307373047,40,0.0,0.0
1996-10-15 00:00:00-04:00,97.66662655454694,97.66662655454694,96.20891571044922,96.20891571044922,1253,0.0,0.0
1996-10-16 00:00:00-04:00,94.75121307373047,94.75121307373047,94.75121307373047,94.75121307373047,67,0.0,0.0
1996-10-17 00:00:00-04:00,97.66662655454694,97.66662655454694,96.20891571044922,96.20891571044922,133,0.0,0.0
1996-10-18 00:00:00-04:00,94.7512048663515,96.20891571044922,94.7512048663515,96.20891571044922,213,0.0,0.0
1996-10-21 00:00:00-04:00,96.20891571044922,96.20891571044922,96.20891571044922,96.20891571044922,33,0.0,0.0
1996-10-22 00:00:00-04:00,96.20892477035522,96.20892477035522,93.29350280761719,93.29350280761719,140,0.0,0.0
1996-10-23 00:00:00-04:00,93.2935062378876,97.66663934278859,93.2935062378876,94.0223617553711,1227,0.0,0.0
1996-10-24 00:00:00-04:00,93.29349803196564,95.48006439208984,93.29349803196564,95.48006439208984,153,0.0,0.0
1996-10-25 00:00:00-04:00,97.66662655454694,97.66662655454694,96.20891571044922,96.20891571044922,453,0.0,0.0
1996-10-28 00:00:00-05:00,97.66663501446064,97.66663501446064,93.29350210336538,94.75121307373047,867,0.0,0.0
1996-10-29 00:00:00-05:00,96.02669569045777,96.20890953427269,91.83577728271484,91.83577728271484,393,0.0,0.0
1996-10-30 00:00:00-05:00,91.83577728271484,91.83577728271484,91.83577728271484,91.83577728271484,0,0.0,0.0
1996-10-31 00:00:00-05:00,91.83577728271484,91.83577728271484,91.83577728271484,91.83577728271484,0,0.0,0.0
1996-11-01 00:00:00-05:00,91.83579388786765,93.29350490196079,90.37808287377452,92.9290771484375,333,0.0,0.0
1996-11-04 00:00:00-05:00,90.37806653219556,91.83577728271484,90.37806653219556,91.83577728271484,300,0.0,0.0
1996-11-05 00:00:00-05:00,91.83577728271484,91.83577728271484,91.83577728271484,91.83577728271484,0,0.0,0.0
1996-11-06 00:00:00-05:00,91.1069219074552,91.83577728271484,90.37806653219556,91.83577728271484,853,0.0,0.0
1996-11-07 00:00:00-05:00,91.83577728271484,91.83577728271484,90.37806653219556,91.83577728271484,1273,0.0,0.0
1996-11-08 00:00:00-05:00,91.8357940423684,91.8357940423684,88.92037200927734,88.92037200927734,987,0.0,0.0
1996-11-11 00:00:00-05:00,88.92034875192951,90.37805938720703,88.92034875192951,90.37805938720703,547,0.0,0.0
1996-11-12 00:00:00-05:00,90.37806803385416,90.37806803385416,87.462646484375,87.462646484375,507,0.0,0.0
1996-11-13 00:00:00-05:00,86.00494997618628,88.92037200927734,86.00494997618628,88.92037200927734,120,0.0,0.0
1996-11-14 00:00:00-05:00,86.00494997618628,88.92037200927734,86.00494997618628,88.92037200927734,413,0.0,0.0
1996-11-15 00:00:00-05:00,86.00494997618628,88.92037200927734,86.00494997618628,88.92037200927734,147,0.0,0.0
1996-11-18 00:00:00-05:00,88.92035778498246,91.8357793517032,86.00493621826172,86.00493621826172,380,0.0,0.0
1996-11-19 00:00:00-05:00,86.7337916099419,86.7337916099419,86.00493621826172,86.00493621826172,87,0.0,0.0
1996-11-20 00:00:00-05:00,86.00493621826172,86.7337916099419,86.00493621826172,86.00493621826172,360,0.0,0.0
1996-11-21 00:00:00-05:00,88.92034875192951,90.37805938720703,86.00492748137444,90.37805938720703,1060,0.0,0.0
1996-11-22 00:00:00-05:00,91.8357911330003,94.75121307373047,91.8357911330003,94.75121307373047,800,0.0,0.0
1996-11-25 00:00:00-05:00,94.7512137889862,94.7512137889862,91.83579182624817,93.29350280761719,507,0.0,0.0
1996-11-26 00:00:00-05:00,94.7512137889862,94.7512137889862,91.83579182624817,93.29350280761719,467,0.0,0.0
1996-11-27 00:00:00-05:00,94.75121307373047,94.75121307373047,94.56899920243482,94.75121307373047,147,0.0,0.0
1996-11-29 00:00:00-05:00,96.20891571044922,96.20891571044922,96.20891571044922,96.20891571044922,47,0.0,0.0
1996-12-02 00:00:00-05:00,91.83577728271484,96.20890953427269,91.83577728271484,91.83577728271484,173,0.0,0.0
1996-12-03 00:00:00-05:00,91.83578317815608,97.66662655454694,91.83578317815608,96.20891571044922,720,0.0,0.0
1996-12-04 00:00:00-05:00,91.83577728271484,96.20890953427269,91.83577728271484,91.83577728271484,800,0.0,0.0
1996-12-05 00:00:00-05:00,91.83577002248457,93.2934806577621,90.37805938720703,90.37805938720703,467,0.0,0.0
1996-12-06 00:00:00-05:00,93.29350280761719,93.29350280761719,93.29350280761719,93.29350280761719,60,0.0,0.0
1996-12-09 00:00:00-05:00,93.29350280761719,93.29350280761719,93.29350280761719,93.29350280761719,33,0.0,0.0
1996-12-10 00:00:00-05:00,93.2934806577621,94.75119129303964,88.92034875192951,90.37805938720703,853,0.0,0.0
1996-12-11 00:00:00-05:00,90.37805938720703,90.37805938720703,90.37805938720703,90.37805938720703,13,0.0,0.0
1996-12-12 00:00:00-05:00,90.37805938720703,90.37805938720703,90.37805938720703,90.37805938720703,133,0.0,0.0
1996-12-13 00:00:00-05:00,90.37808084487915,93.29350280761719,88.92036986351013,93.29350280761719,900,0.0,0.0
1996-12-16 00:00:00-05:00,93.29350280761719,93.29350280761719,93.29350280761719,93.29350280761719,27,0.0,0.0
1996-12-17 00:00:00-05:00,91.83577002248457,93.2934806577621,90.37805938720703,90.37805938720703,347,0.0,0.0
1996-12-18 00:00:00-05:00,91.83579182624817,94.7512137889862,91.83579182624817,93.29350280761719,580,0.0,0.0
1996-12-19 00:00:00-05:00,94.7512137889862,94.7512137889862,93.29350280761719,93.29350280761719,60,0.0,0.0
1996-12-20 00:00:00-05:00,94.75119690396893,97.66661834716797,93.2934861823694,97.66661834716797,520,0.0,0.0
1996-12-23 00:00:00-05:00,96.20892477035522,99.12434673309326,92.56464731693268,93.29350280761719,2060,0.0,0.0
1996-12-24 00:00:00-05:00,96.20892404409555,96.20892404409555,94.75121307373047,94.75121307373047,107,0.0,0.0
1996-12-26 00:00:00-05:00,96.20890192831716,96.20890192831716,90.37805938720703,90.37805938720703,1807,0.0,0.0
1996-12-27 00:00:00-05:00,90.37806473917037,97.66661834716797,90.37806473917037,97.66661834716797,2707,0.0,0.0
1996-12-30 00:00:00-05:00,93.29349402225378,99.12433739864466,93.29349402225378,96.20891571044922,640,0.0,0.0
1996-12-31 00:00:00-05:00,96.20891571044922,96.20891571044922,96.20891571044922,96.20891571044922,0,0.0,0.0
1997-01-02 00:00:00-05:00,100.5820541381836,100.5820541381836,100.5820541381836,100.5820541381836,293,0.0,0.0
1997-01-03 00:00:00-05:00,96.20892134956692,100.5820541381836,96.20892134956692,100.5820541381836,267,0.0,0.0
1997-01-06 00:00:00-05:00,98.94211522856756,98.94211522856756,96.20890762556846,97.66661834716797,133,0.0,0.0
1997-01-07 00:00:00-05:00,96.20893430038238,106.41291218072597,96.20893430038238,103.49748992919922,1987,0.0,0.0
1997-01-08 00:00:00-05:00,103.49748155805798,104.95519256591797,99.12434853447807,104.95519256591797,880,0.0,0.0
1997-01-09 00:00:00-05:00,104.95519256591797,106.41290357377794,100.58205954233804,104.95519256591797,1920,0.0,0.0
1997-01-10 00:00:00-05:00,103.49748992919922,107.87062330648934,102.76863436631754,103.49748992919922,1887,0.0,0.0
1997-01-13 00:00:00-05:00,106.41291809082031,107.87062929754387,106.41291809082031,106.41291809082031,760,0.0,0.0
1997-01-14 00:00:00-05:00,106.41291625976562,113.70147216796875,106.41291625976562,109.32833862304688,2413,0.0,0.0
1997-01-15 00:00:00-05:00,115.15915860627827,115.15915860627827,110.78602600097656,110.78602600097656,987,0.0,0.0
1997-01-16 00:00:00-05:00,110.78604712853064,116.61689171424278,110.78604712853064,113.70146942138672,2700,0.0,0.0
1997-01-17 00:00:00-05:00,115.15914916992188,118.07457066789459,112.24372767194917,115.15914916992188,1607,0.0,0.0
1997-01-20 00:00:00-05:00,116.61687276449548,123.90542731227644,116.61687276449548,120.99000549316406,2247,0.0,0.0
1997-01-21 00:00:00-05:00,122.44768579994759,122.44768579994759,118.07455416423518,119.53226470947266,1727,0.0,0.0
1997-01-22 00:00:00-05:00,119.53230438232423,119.53230438232423,112.24374923706056,116.61688232421875,2173,0.0,0.0
1997-01-23 00:00:00-05:00,116.61688232421875,116.61688232421875,116.61688232421875,116.61688232421875,0,0.0,0.0
1997-01-24 00:00:00-05:00,113.70147422507956,118.0746078491211,113.70147422507956,118.0746078491211,567,0.0,0.0
1997-01-27 00:00:00-05:00,118.0746078491211,118.0746078491211,118.0746078491211,118.0746078491211,147,0.0,0.0
1997-01-28 00:00:00-05:00,115.15914916992188,118.07457066789459,115.15914916992188,115.15914916992188,447,0.0,0.0
1997-01-29 00:00:00-05:00,115.15914916992188,115.15914916992188,115.15914916992188,115.15914916992188,7,0.0,0.0
1997-01-30 00:00:00-05:00,115.15918543309341,119.53231905713493,115.15918543309341,118.0746078491211,633,0.0,0.0
1997-01-31 00:00:00-05:00,116.6168436189977,120.98997525471013,116.6168436189977,119.53226470947266,1107,0.0,0.0
1997-02-03 00:00:00-05:00,118.07457275390625,122.447705078125,116.61686197916666,120.26113891601562,1300,0.0,0.0
1997-02-04 00:00:00-05:00,118.07455416423518,122.26547198179291,118.07455416423518,119.53226470947266,1007,0.0,0.0
1997-02-05 00:00:00-05:00,118.0745933532715,118.0745933532715,113.70146026611329,116.61688232421875,2080,0.0,0.0
1997-02-06 00:00:00-05:00,118.0746078491211,118.0746078491211,118.0746078491211,118.0746078491211,147,0.0,0.0
1997-02-07 00:00:00-05:00,116.61689664110725,118.0746078491211,116.61689664110725,118.0746078491211,667,0.0,0.0
1997-02-10 00:00:00-05:00,118.07457066789459,118.07457066789459,115.15914916992188,115.15914916992188,480,0.0,0.0
1997-02-11 00:00:00-05:00,116.61688232421875,116.61688232421875,112.97260475158691,116.61688232421875,1380,0.0,0.0
1997-02-12 00:00:00-05:00,116.61690055549919,116.61690055549919,112.24376678466797,112.24376678466797,133,0.0,0.0
1997-02-13 00:00:00-05:00,118.0745933532715,118.0745933532715,116.61688232421875,116.61688232421875,133,0.0,0.0
1997-02-14 00:00:00-05:00,116.61689664110725,118.0746078491211,116.61689664110725,118.0746078491211,200,0.0,0.0
1997-02-18 00:00:00-05:00,116.61688232421875,116.61688232421875,116.61688232421875,116.61688232421875,33,0.0,0.0
1997-02-19 00:00:00-05:00,115.15917129516602,118.0745933532715,115.15917129516602,116.61688232421875,293,0.0,0.0
1997-02-20 00:00:00-05:00,118.0746078491211,118.0746078491211,115.15918543309341,118.0746078491211,173,0.0,0.0
1997-02-21 00:00:00-05:00,115.15914916992188,115.15914916992188,115.15914916992188,115.15914916992188,667,0.0,0.0
1997-02-24 00:00:00-05:00,116.61685991890823,118.07457066789459,115.15914916992188,115.15914916992188,807,0.0,0.0
1997-02-25 00:00:00-05:00,118.07455842391305,118.07455842391305,115.15913722826087,117.345703125,2553,0.0,0.0
1997-02-26 00:00:00-05:00,118.0745933532715,118.0745933532715,116.61688232421875,116.61688232421875,520,0.0,0.0
1997-02-27 00:00:00-05:00,116.43464607528495,116.61685991890823,115.15914916992188,115.15914916992188,567,0.0,0.0
1997-02-28 00:00:00-05:00,115.15914916992188,115.15914916992188,115.15914916992188,115.15914916992188,0,0.0,0.0
1997-03-03 00:00:00-05:00,116.43468418500281,116.43468418500281,110.05719757080078,110.05719757080078,727,0.0,0.0
1997-03-04 00:00:00-05:00,115.15914916992188,115.15914916992188,110.78601692296282,115.15914916992188,140,0.0,0.0
1997-03-05 00:00:00-05:00,115.88804626464845,115.88804626464845,115.88804626464845,115.88804626464844,7,0.0,0.0
1997-03-06 00:00:00-05:00,113.70148793603205,115.88805501172497,112.24377655223677,114.43034362792969,360,0.0,0.0
1997-03-07 00:00:00-05:00,116.61688232421875,116.61688232421875,112.24374923706056,116.61688232421875,193,0.0,0.0
1997-03-10 00:00:00-05:00,109.32833862304688,110.7860498046875,109.32833862304688,109.32833862304688,267,0.0,0.0
1997-03-11 00:00:00-05:00,109.32833862304688,109.32833862304688,109.32833862304688,109.32833862304688,67,0.0,0.0
1997-03-12 00:00:00-05:00,113.70148793603205,115.15919931982734,110.78606516844148,114.43034362792969,767,0.0,0.0
1997-03-13 00:00:00-05:00,116.61689664110725,119.53231905713493,112.24376301706573,118.0746078491211,2153,0.0,0.0
1997-03-14 00:00:00-05:00,118.0746078491211,118.0746078491211,118.0746078491211,118.0746078491211,0,0.0,0.0
1997-03-17 00:00:00-05:00,112.24376291771458,113.70147412443814,106.41291809082031,106.41291809082031,1007,0.0,0.0
1997-03-18 00:00:00-05:00,113.70143842093553,116.61685991890823,112.24372767194917,115.15914916992188,1553,0.0,0.0
1997-03-19 00:00:00-05:00,116.61688232421875,118.0745933532715,115.15917129516602,116.61688232421875,620,0.0,0.0
1997-03-20 00:00:00-05:00,118.0745933532715,119.53230438232423,116.61688232421875,116.61688232421875,1153,0.0,0.0
1997-03-21 00:00:00-05:00,116.61688232421875,118.0745933532715,116.61688232421875,116.61688232421875,87,0.0,0.0
1997-03-24 00:00:00-05:00,116.61689171424278,116.61689171424278,113.70146942138672,113.70146942138672,260,0.0,0.0
1997-03-25 00:00:00-05:00,113.70146942138672,113.70146942138672,113.70146942138672,113.70146942138672,0,0.0,0.0
1997-03-26 00:00:00-05:00,116.61689171424278,116.61689171424278,113.70146942138672,113.70146942138672,467,0.0,0.0
1997-03-27 00:00:00-05:00,113.70143842093553,115.15914916992188,113.70143842093553,115.15914916992188,633,0.0,0.0
1997-03-31 00:00:00-05:00,110.78605552772423,112.24376678466797,110.78605552772423,112.24376678466797,253,0.0,0.0
1997-04-01 00:00:00-05:00,110.78601692296282,115.15914916992188,110.78601692296282,115.15914916992188,427,0.0,0.0
1997-04-02 00:00:00-05:00,116.61688232421875,116.61688232421875,116.61688232421875,116.61688232421875,13,0.0,0.0
1997-04-03 00:00:00-05:00,116.61688232421875,116.61688232421875,116.43466844558716,116.61688232421875,513,0.0,0.0
1997-04-04 00:00:00-05:00,118.0745933532715,118.0745933532715,112.24374923706056,116.61688232421875,413,0.0,0.0
1997-04-07 00:00:00-04:00,116.61688232421875,116.61688232421875,116.61688232421875,116.61688232421875,0,0.0,0.0
1997-04-08 00:00:00-04:00,115.15918543309341,118.0746078491211,115.15918543309341,118.0746078491211,220,0.0,0.0
1997-04-09 00:00:00-04:00,118.07457066789459,118.07457066789459,115.15914916992188,115.15914916992188,893,0.0,0.0
1997-04-10 00:00:00-04:00,118.0745933532715,118.0745933532715,115.15917129516602,116.61688232421875,1493,0.0,0.0
1997-04-11 00:00:00-04:00,118.0745933532715,118.0745933532715,115.15917129516602,116.61688232421875,227,0.0,0.0
1997-04-14 00:00:00-04:00,118.0745933532715,118.0745933532715,115.15917129516602,116.61688232421875,880,0.0,0.0
1997-04-15 00:00:00-04:00,115.15917129516602,118.0745933532715,115.15917129516602,116.61688232421875,47,0.0,0.0
1997-04-16 00:00:00-04:00,118.0745933532715,118.0745933532715,115.15917129516602,116.61688232421875,233,0.0,0.0
1997-04-17 00:00:00-04:00,116.61688232421875,116.61688232421875,116.61688232421875,116.61688232421875,0,0.0,0.0
1997-04-18 00:00:00-04:00,116.61688232421875,116.61688232421875,116.61688232421875,116.61688232421875,0,0.0,0.0
1997-04-21 00:00:00-04:00,116.61688232421875,116.61688232421875,116.61688232421875,116.61688232421875,0,0.0,0.0
1997-04-22 00:00:00-04:00,116.61688232421875,116.61688232421875,116.61688232421875,116.61688232421875,0,0.0,0.0
1997-04-23 00:00:00-04:00,118.0745933532715,118.0745933532715,115.15917129516602,116.61688232421875,527,0.0,0.0
1997-04-24 00:00:00-04:00,118.0746078491211,118.0746078491211,118.0746078491211,118.0746078491211,93,0.0,0.0
1997-04-25 00:00:00-04:00,115.15914916992188,117.89235682427129,115.15914916992188,115.15914916992188,1187,0.0,0.0
1997-04-28 00:00:00-04:00,116.61688232421875,116.61688232421875,115.15917129516602,116.61688232421875,907,0.0,0.0
1997-04-29 00:00:00-04:00,116.61688232421875,116.61688232421875,116.61688232421875,116.61688232421875,47,0.0,0.0
1997-04-30 00:00:00-04:00,115.15914916992188,115.15914916992188,115.15914916992188,115.15914916992188,67,0.0,0.0
1997-05-01 00:00:00-04:00,116.61685991890823,116.61685991890823,115.15914916992188,115.15914916992188,180,0.0,0.0
1997-05-02 00:00:00-04:00,116.61688232421875,116.61688232421875,115.15917129516602,116.61688232421875,547,0.0,0.0
1997-05-05 00:00:00-04:00,116.61688232421875,116.61688232421875,116.61688232421875,116.61688232421875,0,0.0,0.0
1997-05-06 00:00:00-04:00,112.24374923706056,116.61688232421875,112.24374923706056,116.61688232421875,20,0.0,0.0
1997-05-07 00:00:00-04:00,116.61688232421875,116.61688232421875,116.61688232421875,116.61688232421875,27,0.0,0.0
1997-05-08 00:00:00-04:00,110.78602600097656,110.78602600097656,110.78602600097656,110.78602600097656,100,0.0,0.0
1997-05-09 00:00:00-04:00,110.78602600097656,110.78602600097656,110.78602600097656,110.78602600097656,0,0.0,0.0
1997-05-12 00:00:00-04:00,116.61688232421875,116.61688232421875,116.61688232421875,116.61688232421875,73,0.0,0.0
1997-05-13 00:00:00-04:00,106.41291809082031,106.41291809082031,106.41291809082031,106.41291809082031,13,0.0,0.0
1997-05-14 00:00:00-04:00,112.24376678466797,115.15918929855545,107.87063301383675,112.24376678466797,1953,0.0,0.0
1997-05-15 00:00:00-04:00,110.78602600097656,110.78602600097656,110.78602600097656,110.78602600097656,20,0.0,0.0
1997-05-16 00:00:00-04:00,110.78605552772423,115.15918929855545,110.78605552772423,112.24376678466797,513,0.0,0.0
1997-05-19 00:00:00-04:00,110.78605552772423,112.24376678466797,110.78605552772423,112.24376678466797,120,0.0,0.0
1997-05-20 00:00:00-04:00,115.15918929855545,115.15918929855545,110.78605552772423,112.24376678466797,147,0.0,0.0
1997-05-21 00:00:00-04:00,113.70146942138672,113.70146942138672,112.24375827495868,113.70146942138672,93,0.0,0.0
1997-05-22 00:00:00-04:00,112.24375492219002,112.97261047363281,112.24375492219002,112.97261047363281,293,0.0,0.0
1997-05-23 00:00:00-04:00,113.70146942138672,113.70146942138672,113.70146942138672,113.70146942138672,567,0.0,0.0
1997-05-27 00:00:00-04:00,115.15914916992188,115.15914916992188,115.15914916992188,115.15914916992188,200,0.0,0.0
1997-05-28 00:00:00-04:00,113.70148793603205,115.15919931982734,113.70148793603205,114.43034362792969,313,0.0,0.0
1997-05-29 00:00:00-04:00,114.43033367008358,114.43033367008358,112.24376678466797,112.24376678466797,1000,0.0,0.0
1997-05-30 00:00:00-04:00,112.24376678466797,112.24376678466797,112.24376678466797,112.24376678466797,60,0.0,0.0
1997-06-02 00:00:00-04:00,115.15918543309341,118.0746078491211,115.15918543309341,118.0746078491211,3100,0.0,0.0
1997-06-03 00:00:00-04:00,116.61689664110725,118.0746078491211,116.61689664110725,118.0746078491211,1013,0.0,0.0
1997-06-04 00:00:00-04:00,118.0746078491211,118.0746078491211,116.61689664110725,118.0746078491211,780,0.0,0.0
1997-06-05 00:00:00-04:00,118.07455416423518,119.53226470947266,118.07455416423518,119.53226470947266,960,0.0,0.0
1997-06-06 00:00:00-04:00,119.53231905713493,119.53231905713493,117.34575224511417,118.0746078491211,1140,0.0,0.0
1997-06-09 00:00:00-04:00,116.61688232421875,118.0745933532715,116.61688232421875,116.61688232421875,587,0.0,0.0
1997-06-10 00:00:00-04:00,116.6168503534226,122.44769287109375,116.6168503534226,122.44769287109375,2287,0.0,0.0
1997-06-11 00:00:00-04:00,120.98998224167596,123.90540350051153,120.98998224167596,122.44769287109375,1107,0.0,0.0
1997-06-12 00:00:00-04:00,122.44773021024817,123.90544128417969,122.44773021024817,123.90544128417969,680,0.0,0.0
1997-06-13 00:00:00-04:00,125.36315235811122,125.36315235811122,123.90544128417969,123.90544128417969,693,0.0,0.0
1997-06-16 00:00:00-04:00,123.90544128417969,123.90544128417969,123.90544128417969,123.90544128417969,153,0.0,0.0
1997-06-17 00:00:00-04:00,125.36312813594424,126.82083892822266,125.36312813594424,126.82083892822266,633,0.0,0.0
1997-06-18 00:00:00-04:00,126.82083044159278,129.7362518310547,125.36311974686183,129.7362518310547,1367,0.0,0.0
1997-06-19 00:00:00-04:00,129.0074035644531,131.1939697265625,128.27854817708334,131.1939697265625,893,0.0,0.0
1997-06-20 00:00:00-04:00,131.19398000288982,154.51735422562578,131.19398000288982,142.8556671142578,1973,0.0,0.0
1997-06-23 00:00:00-04:00,144.31337199964022,144.31337199964022,138.48252868652344,138.48252868652344,673,0.0,0.0
1997-06-24 00:00:00-04:00,137.02481899466568,139.94024067540323,135.56710815429688,135.56710815429688,633,0.0,0.0
1997-06-25 00:00:00-04:00,137.02477995554605,141.39791123072305,137.02477995554605,139.94020080566406,1327,0.0,0.0
1997-06-26 00:00:00-04:00,141.39791123072305,141.39791123072305,139.94020080566406,139.94020080566406,1073,0.0,0.0
1997-06-27 00:00:00-04:00,141.39796447753906,141.39796447753906,141.39796447753906,141.39796447753906,33,0.0,0.0
1997-06-30 00:00:00-04:00,141.39794305030335,141.39794305030335,137.02481079101562,137.02481079101562,353,0.0,0.0
1997-07-01 00:00:00-04:00,137.02481899466568,137.02481899466568,134.1093973139281,135.56710815429688,427,0.0,0.0
1997-07-02 00:00:00-04:00,135.56710815429688,137.02481899466568,134.1093973139281,135.56710815429688,300,0.0,0.0
1997-07-03 00:00:00-04:00,137.02481785824426,138.48252868652344,137.02481785824426,138.48252868652344,313,0.0,0.0
1997-07-07 00:00:00-04:00,135.56710815429688,137.02481899466568,135.56710815429688,135.56710815429688,313,0.0,0.0
1997-07-08 00:00:00-04:00,135.56710702996506,138.48252868652344,135.56710702996506,138.48252868652344,1273,0.0,0.0
1997-07-09 00:00:00-04:00,137.02477995554605,141.39791123072305,137.02477995554605,139.94020080566406,780,0.0,0.0
1997-07-10 00:00:00-04:00,138.33007192611694,140.52578735351562,138.33007192611694,140.52578735351562,147,0.75,0.0
1997-07-11 00:00:00-04:00,139.0619770685832,140.52578735351562,139.0619770685832,140.52578735351562,173,0.0,0.0
1997-07-14 00:00:00-04:00,139.0619770685832,140.52578735351562,136.13435649871826,140.52578735351562,1033,0.0,0.0
1997-07-15 00:00:00-04:00,140.52574527138157,140.52574527138157,139.0619354248047,139.0619354248047,387,0.0,0.0
1997-07-16 00:00:00-04:00,140.52578735351562,140.52578735351562,140.52578735351562,140.52578735351562,760,0.0,0.0
1997-07-17 00:00:00-04:00,141.9895743545221,146.38100448919803,141.9895743545221,143.45338439941406,207,0.0,0.0
1997-07-18 00:00:00-04:00,144.91720581054688,144.91720581054688,141.9895854911419,144.91720581054688,313,0.0,0.0
1997-07-21 00:00:00-04:00,146.38096618652344,147.84477584838868,143.45334686279296,146.38096618652344,333,0.0,0.0
1997-07-22 00:00:00-04:00,146.38096618652344,146.38096618652344,146.38096618652344,146.38096618652344,33,0.0,0.0
1997-07-23 00:00:00-04:00,144.9171565246582,146.38096618652344,143.45334686279296,146.38096618652344,107,0.0,0.0
1997-07-24 00:00:00-04:00,143.45338439941406,143.45338439941406,140.52576430963012,143.45338439941406,1627,0.0,0.0
1997-07-25 00:00:00-04:00,143.45338439941406,143.45338439941406,143.45338439941406,143.45338439941406,0,0.0,0.0
1997-07-28 00:00:00-04:00,143.45341916428399,143.45341916428399,141.98960876464844,141.98960876464844,627,0.0,0.0
1997-07-29 00:00:00-04:00,140.52578735351562,140.52578735351562,140.52578735351562,140.52578735351562,140,0.0,0.0
1997-07-30 00:00:00-04:00,140.52578735351562,143.45340792338055,140.52578735351562,140.52578735351562,787,0.0,0.0
1997-07-31 00:00:00-04:00,140.52578735351562,141.9895976384481,140.52578735351562,140.52578735351562,147,0.0,0.0
1997-08-01 00:00:00-04:00,140.52576430963012,143.45338439941406,140.52576430963012,143.45338439941406,233,0.0,0.0
1997-08-04 00:00:00-04:00,141.9895762908153,142.7214813232422,141.9895762908153,142.7214813232422,100,0.0,0.0
1997-08-05 00:00:00-04:00,141.9895854911419,144.91720581054688,141.9895854911419,144.91720581054688,273,0.0,0.0
1997-08-06 00:00:00-04:00,143.45338246301952,144.91719248815238,143.45338246301952,144.18528747558594,200,0.0,0.0
1997-08-07 00:00:00-04:00,145.64906135559082,146.38096618652344,144.9171565246582,146.38096618652344,280,0.0,0.0
1997-08-08 00:00:00-04:00,146.38101597024936,146.38101597024936,143.45339565084439,144.91720581054688,340,0.0,0.0
1997-08-11 00:00:00-04:00,144.9171565246582,146.38096618652344,144.9171565246582,146.38096618652344,540,0.0,0.0
1997-08-12 00:00:00-04:00,144.91721291117148,149.30864360544942,144.91721291117148,147.84483337402344,407,0.0,0.0
1997-08-13 00:00:00-04:00,146.38102213541666,155.16388346354165,146.38102213541666,153.7000732421875,1387,0.0,0.0
1997-08-14 00:00:00-04:00,152.23625511098132,158.0914956921729,152.23625511098132,156.627685546875,300,0.0,0.0
1997-08-15 00:00:00-04:00,155.16388453115331,155.16388453115331,147.84483337402344,147.84483337402344,1287,0.0,0.0
1997-08-18 00:00:00-04:00,146.38102314259746,147.84483337402344,143.45340267974552,147.84483337402344,687,0.0,0.0
1997-08-19 00:00:00-04:00,146.38101522204946,150.77244567871094,146.38101522204946,150.77244567871094,93,0.0,0.0
1997-08-20 00:00:00-04:00,149.30867866847825,151.50439453125,149.30867866847825,151.50439453125,133,0.0,0.0
1997-08-21 00:00:00-04:00,150.7724114931547,152.23622131347656,150.7724114931547,152.23622131347656,73,0.0,0.0
1997-08-22 00:00:00-04:00,152.23624435125612,152.23624435125612,146.38100418390013,149.30862426757812,993,0.0,0.0
1997-08-25 00:00:00-04:00,150.77243430941712,150.77243430941712,147.84481422573913,149.30862426757812,333,0.0,0.0
1997-08-26 00:00:00-04:00,147.8448161609067,150.77243628290486,147.8448161609067,148.57672119140625,160,0.0,0.0
1997-08-27 00:00:00-04:00,150.77244644935686,150.77244644935686,144.91720581054688,144.91720581054688,433,0.0,0.0
1997-08-28 00:00:00-04:00,145.64906135559082,146.38096618652344,144.9171565246582,146.38096618652344,673,0.0,0.0
1997-08-29 00:00:00-04:00,146.38101597024936,146.38101597024936,140.5257753314394,144.91720581054688,373,0.0,0.0
1997-09-02 00:00:00-04:00,143.45334686279296,146.38096618652344,143.45334686279296,146.38096618652344,220,0.0,0.0
1997-09-03 00:00:00-04:00,146.38099862103488,147.11290361414004,145.6490936279297,145.6490936279297,53,0.0,0.0
1997-09-04 00:00:00-04:00,145.6490936279297,145.6490936279297,145.6490936279297,145.6490936279297,0,0.0,0.0
1997-09-05 00:00:00-04:00,144.917218208313,144.917218208313,140.52578735351562,140.52578735351562,600,0.0,0.0
1997-09-08 00:00:00-04:00,139.7938995361328,139.7938995361328,139.7938995361328,139.7938995361328,200,0.0,0.0
1997-09-09 00:00:00-04:00,141.98960876464844,141.98960876464844,141.98960876464844,141.98960876464844,20,0.0,0.0
1997-09-10 00:00:00-04:00,143.45340792338055,143.45340792338055,140.52578735351562,140.52578735351562,827,0.0,0.0
1997-09-11 00:00:00-04:00,139.0619354248047,139.0619354248047,137.59812557822778,139.0619354248047,267,0.0,0.0
1997-09-12 00:00:00-04:00,140.52578735351562,140.52578735351562,139.0619770685832,140.52578735351562,533,0.0,0.0
1997-09-15 00:00:00-04:00,140.5257983650129,141.98960876464844,139.06198796537734,141.98960876464844,507,0.0,0.0
1997-09-16 00:00:00-04:00,143.45339565084439,144.91720581054688,143.45339565084439,144.91720581054688,400,0.0,0.0
1997-09-17 00:00:00-04:00,144.91719444430606,144.91719444430606,143.45338439941406,143.45338439941406,353,0.0,0.0
1997-09-18 00:00:00-04:00,144.91719444430606,144.91719444430606,143.45338439941406,143.45338439941406,147,0.0,0.0
1997-09-19 00:00:00-04:00,141.98960876464844,141.98960876464844,141.98960876464844,141.98960876464844,53,0.0,0.0
1997-09-22 00:00:00-04:00,140.5257624127538,144.18528747558594,140.5257624127538,144.18528747558594,93,0.0,0.0
1997-09-23 00:00:00-04:00,143.45339565084439,146.38101597024936,143.45339565084439,144.91720581054688,127,0.0,0.0
1997-09-24 00:00:00-04:00,144.91720581054688,144.91720581054688,144.91720581054688,144.91720581054688,93,0.0,0.0
1997-09-25 00:00:00-04:00,144.9171565246582,146.38096618652344,144.9171565246582,146.38096618652344,353,0.0,0.0
1997-09-26 00:00:00-04:00,146.38096618652344,146.38096618652344,146.38096618652344,146.38096618652344,67,0.0,0.0
1997-09-29 00:00:00-04:00,146.38096618652344,146.38096618652344,143.45334686279296,146.38096618652344,347,0.0,0.0
1997-09-30 00:00:00-04:00,147.84483337402344,147.84483337402344,147.84483337402344,147.84483337402344,180,0.0,0.0
1997-10-01 00:00:00-04:00,149.30864360544942,149.30864360544942,144.91721291117148,147.84483337402344,233,0.0,0.0
1997-10-02 00:00:00-04:00,147.84483337402344,147.84483337402344,147.84483337402344,147.84483337402344,67,0.0,0.0
1997-10-03 00:00:00-04:00,146.38101522204946,150.77244567871094,146.38101522204946,150.77244567871094,207,0.0,0.0
1997-10-06 00:00:00-04:00,150.77243628290486,151.5043413134044,148.57672119140625,148.57672119140625,260,0.0,0.0
1997-10-07 00:00:00-04:00,150.0405406026007,150.77244567871094,150.0405406026007,150.77244567871094,267,0.0,0.0
1997-10-08 00:00:00-04:00,149.30863552649043,152.23625583093144,149.30863552649043,150.77244567871094,340,0.0,0.0
1997-10-09 00:00:00-04:00,150.04058395606884,151.50439453125,150.04058395606884,151.50439453125,113,0.0,0.0
1997-10-10 00:00:00-04:00,152.23624435125612,152.23624435125612,149.30862426757812,149.30862426757812,413,0.0,0.0
1997-10-13 00:00:00-04:00,152.23622131347656,152.23622131347656,152.23622131347656,152.23622131347656,33,0.0,0.0
1997-10-14 00:00:00-04:00,150.7724114931547,152.23622131347656,150.7724114931547,152.23622131347656,100,0.0,0.0
1997-10-15 00:00:00-04:00,152.23625583093144,152.23625583093144,150.77244567871094,150.77244567871094,140,0.0,0.0
1997-10-16 00:00:00-04:00,150.77243430941712,150.77243430941712,149.30862426757812,149.30862426757812,113,0.0,0.0
1997-10-17 00:00:00-04:00,152.23625583093144,152.23625583093144,150.77244567871094,150.77244567871094,27,0.0,0.0
1997-10-20 00:00:00-04:00,150.77244567871094,150.77244567871094,150.77244567871094,150.77244567871094,33,0.0,0.0
1997-10-21 00:00:00-04:00,150.7724114931547,152.23622131347656,149.3086016728328,152.23622131347656,173,0.0,0.0
1997-10-22 00:00:00-04:00,152.23622131347656,153.70003113379846,152.23622131347656,152.23622131347656,240,0.0,0.0
1997-10-23 00:00:00-04:00,150.77244567871094,150.77244567871094,150.77244567871094,150.77244567871094,80,0.0,0.0
1997-10-24 00:00:00-04:00,150.77244567871094,150.77244567871094,150.77244567871094,150.77244567871094,353,0.0,0.0
1997-10-27 00:00:00-05:00,152.23624435125612,152.23624435125612,149.30862426757812,149.30862426757812,767,0.0,0.0
1997-10-28 00:00:00-05:00,143.45334686279296,147.84477584838868,140.5257275390625,146.38096618652344,560,0.0,0.0
1997-10-29 00:00:00-05:00,147.84483337402344,147.84483337402344,147.84483337402344,147.84483337402344,73,0.0,0.0
1997-10-30 00:00:00-05:00,146.38096618652344,146.38096618652344,144.9171565246582,146.38096618652344,167,0.0,0.0
1997-10-31 00:00:00-05:00,147.84481422573913,149.30862426757812,147.84481422573913,149.30862426757812,80,0.0,0.0
1997-11-03 00:00:00-05:00,152.23625583093144,152.23625583093144,150.77244567871094,150.77244567871094,160,0.0,0.0
1997-11-04 00:00:00-05:00,152.23622131347656,152.23622131347656,152.23622131347656,152.23622131347656,67,0.0,0.0
1997-11-05 00:00:00-05:00,153.70006598315192,153.70006598315192,150.77244567871094,150.77244567871094,613,0.0,0.0
1997-11-06 00:00:00-05:00,152.23622131347656,152.23622131347656,152.23622131347656,152.23622131347656,40,0.0,0.0
1997-11-07 00:00:00-05:00,152.23622131347656,152.23622131347656,152.23622131347656,152.23622131347656,7,0.0,0.0
1997-11-10 00:00:00-05:00,152.23626302083332,153.7000732421875,152.23626302083332,153.7000732421875,253,0.0,0.0
1997-11-11 00:00:00-05:00,153.7000732421875,153.7000732421875,153.7000732421875,153.7000732421875,0,0.0,0.0
1997-11-12 00:00:00-05:00,153.70003113379846,153.70003113379846,152.23622131347656,152.23622131347656,167,0.0,0.0
1997-11-13 00:00:00-05:00,152.23621411593456,155.16383361816406,152.23621411593456,155.16383361816406,387,0.0,0.0
1997-11-14 00:00:00-05:00,153.7000238670493,155.16383361816406,152.23621411593456,155.16383361816406,147,0.0,0.0
1997-11-17 00:00:00-05:00,155.16386385830964,162.4829140403054,155.16386385830964,161.01910400390625,393,0.0,0.0
1997-11-18 00:00:00-05:00,162.48297119140625,162.48297119140625,161.01916064013233,162.48297119140625,193,0.0,0.0
1997-11-19 00:00:00-05:00,163.94669921875,164.67860412597656,163.94669921875,164.67860412597656,140,0.0,0.0
1997-11-20 00:00:00-05:00,163.94670906713455,172.7295684814453,163.94670906713455,172.7295684814453,373,0.0,0.0
1997-11-21 00:00:00-05:00,174.19341358993995,193.2229461669922,174.19341358993995,193.2229461669922,713,0.0,0.0
1997-11-24 00:00:00-05:00,194.68675636522698,194.68675636522698,188.83151557228783,193.2229461669922,480,0.0,0.0
1997-11-25 00:00:00-05:00,187.36772836538464,190.29534912109375,187.36772836538464,190.29534912109375,760,0.0,0.0
1997-11-26 00:00:00-05:00,190.29533947215361,200.54201159757727,188.83152916852166,199.0782012939453,1093,0.0,0.0
1997-11-28 00:00:00-05:00,199.81004333496094,199.81004333496094,199.81004333496094,199.81004333496094,67,0.0,0.0
1997-12-01 00:00:00-05:00,197.61436860952804,197.61436860952804,193.22293819598298,196.1505584716797,460,0.0,0.0
1997-12-02 00:00:00-05:00,196.15056656346178,196.15056656346178,193.2229461669922,193.2229461669922,87,0.0,0.0
1997-12-03 00:00:00-05:00,191.75915949894832,193.2229698768029,190.29534912109375,190.29534912109375,127,0.0,0.0
1997-12-04 00:00:00-05:00,190.29532262521198,191.02722771223202,188.83151245117188,188.83151245117188,80,0.0,0.0
1997-12-05 00:00:00-05:00,187.36772836538464,191.75915949894832,187.36772836538464,190.29534912109375,460,0.0,0.0
1997-12-08 00:00:00-05:00,188.83148021912308,197.61433976419858,188.83148021912308,195.4186248779297,280,0.0,0.0
1997-12-09 00:00:00-05:00,194.68674833383133,199.0781787473764,194.68674833383133,196.1505584716797,340,0.0,0.0
1997-12-10 00:00:00-05:00,197.61441911969868,197.61441911969868,193.22298758370536,194.68679809570312,587,0.0,0.0
1997-12-11 00:00:00-05:00,194.68679809570312,194.68679809570312,194.68679809570312,194.68679809570312,13,0.0,0.0
1997-12-12 00:00:00-05:00,196.15055451569734,197.61436462402344,191.75912419071904,197.61436462402344,520,0.0,0.0
1997-12-15 00:00:00-05:00,199.07817473234954,202.00579494900174,197.61436462402344,197.61436462402344,340,0.0,0.0
1997-12-16 00:00:00-05:00,197.6143868996279,200.54200744628906,197.6143868996279,200.54200744628906,80,0.0,0.0
1997-12-17 00:00:00-05:00,202.0058219012092,204.93344250847312,199.0782012939453,199.0782012939453,687,0.0,0.0
1997-12-18 00:00:00-05:00,197.61437349541242,197.61437349541242,188.83151245117188,188.83151245117188,3067,0.0,0.0
1997-12-19 00:00:00-05:00,189.56342067140523,193.2229461669922,188.83151557228783,193.2229461669922,380,0.0,0.0
1997-12-22 00:00:00-05:00,191.7591094970703,191.7591094970703,190.29529950090946,191.7591094970703,167,0.0,0.0
1997-12-23 00:00:00-05:00,190.29534912109375,190.29534912109375,188.8315387432392,190.29534912109375,120,0.0,0.0
1997-12-24 00:00:00-05:00,190.29532262521198,190.29532262521198,188.83151245117188,188.83151245117188,53,0.0,0.0
1997-12-26 00:00:00-05:00,187.36769500492125,187.36769500492125,185.9038848876953,185.9038848876953,133,0.0,0.0
1997-12-29 00:00:00-05:00,188.8315387432392,190.29534912109375,188.8315387432392,190.29534912109375,73,0.0,0.0
1997-12-30 00:00:00-05:00,188.83151557228783,193.2229461669922,188.83151557228783,193.2229461669922,113,0.0,0.0
1997-12-31 00:00:00-05:00,190.29534912109375,190.29534912109375,190.29534912109375,190.29534912109375,100,0.0,0.0
1998-01-02 00:00:00-05:00,193.22298758370536,194.68679809570312,193.22298758370536,194.68679809570312,213,0.0,0.0
1998-01-05 00:00:00-05:00,193.2229698768029,193.2229698768029,190.29534912109375,190.29534912109375,187,0.0,0.0
1998-01-06 00:00:00-05:00,187.36769104003906,187.36769104003906,185.90388095378876,187.36769104003906,307,0.0,0.0
1998-01-07 00:00:00-05:00,188.83154479980467,188.83154479980467,182.97630310058594,182.97630310058594,387,0.0,0.0
1998-01-08 00:00:00-05:00,181.51250129017404,181.51250129017404,178.58488030162283,180.04869079589844,200,0.0,0.0
1998-01-09 00:00:00-05:00,181.51250129017404,187.36774326727644,180.04869079589844,180.04869079589844,793,0.0,0.0
1998-01-12 00:00:00-05:00,181.51245917648566,181.51245917648566,172.7295982485912,178.5848388671875,1173,0.0,0.0
1998-01-13 00:00:00-05:00,178.58488030162283,181.51250129017404,178.58488030162283,180.04869079589844,180,0.0,0.0
1998-01-14 00:00:00-05:00,180.04869079589844,180.04869079589844,180.04869079589844,180.04869079589844,93,0.0,0.0
1998-01-15 00:00:00-05:00,178.58484290256973,178.58484290256973,177.12103271484375,177.12103271484375,100,0.0,0.0
1998-01-16 00:00:00-05:00,175.65721130371094,175.65721130371094,175.65721130371094,175.65721130371094,67,0.0,0.0
1998-01-20 00:00:00-05:00,175.65721130371094,175.65721130371094,175.65721130371094,175.65721130371094,40,0.0,0.0
1998-01-21 00:00:00-05:00,175.6571882862156,175.6571882862156,172.7295684814453,172.7295684814453,227,0.0,0.0
1998-01-22 00:00:00-05:00,174.19341323722122,174.19341323722122,171.2657928466797,171.2657928466797,40,0.0,0.0
1998-01-23 00:00:00-05:00,169.80203247070312,169.80203247070312,168.3382218459557,169.80203247070312,360,0.0,0.0
1998-01-26 00:00:00-05:00,168.338134765625,168.338134765625,168.338134765625,168.338134765625,80,0.0,0.0
1998-01-27 00:00:00-05:00,166.87439396951052,166.87439396951052,165.41058349609375,165.41058349609375,167,0.0,0.0
1998-01-28 00:00:00-05:00,165.41056408798485,168.33818469131202,165.41056408798485,166.87437438964844,60,0.0,0.0
1998-01-29 00:00:00-05:00,165.41058349609375,165.41058349609375,165.41058349609375,165.41058349609375,667,0.0,0.0
1998-01-30 00:00:00-05:00,163.94675378632127,166.87437438964844,163.94675378632127,166.87437438964844,540,0.0,0.0
1998-02-02 00:00:00-05:00,168.33817245613815,171.2657928466797,168.33817245613815,171.2657928466797,1027,0.0,0.0
1998-02-03 00:00:00-05:00,172.7295684814453,172.7295684814453,172.7295684814453,172.7295684814453,73,0.0,0.0
1998-02-04 00:00:00-05:00,172.72962528517266,174.1934356689453,172.72962528517266,174.1934356689453,100,0.0,0.0
1998-02-05 00:00:00-05:00,174.1934356689453,174.1934356689453,174.1934356689453,174.1934356689453,0,0.0,0.0
1998-02-06 00:00:00-05:00,172.72960304195047,172.72960304195047,171.2657928466797,171.2657928466797,113,0.0,0.0
1998-02-09 00:00:00-05:00,172.72962528517266,174.1934356689453,172.72962528517266,174.1934356689453,133,0.0,0.0
1998-02-10 00:00:00-05:00,175.65721130371094,175.65721130371094,174.19340120951335,175.65721130371094,287,0.0,0.0
1998-02-11 00:00:00-05:00,177.12106980734725,180.04869079589844,177.12106980734725,180.04869079589844,180,0.0,0.0
1998-02-12 00:00:00-05:00,180.04865309029572,180.04865309029572,177.12103271484375,177.12103271484375,253,0.0,0.0
1998-02-13 00:00:00-05:00,177.12103271484375,177.12103271484375,177.12103271484375,177.12103271484375,0,0.0,0.0
1998-02-17 00:00:00-05:00,177.12103271484375,177.12103271484375,174.19341233939178,177.12103271484375,213,0.0,0.0
1998-02-18 00:00:00-05:00,175.65722252711777,177.12103271484375,175.65722252711777,177.12103271484375,40,0.0,0.0
1998-02-19 00:00:00-05:00,177.12103271484375,177.12103271484375,177.12103271484375,177.12103271484375,127,0.0,0.0
1998-02-20 00:00:00-05:00,178.5848388671875,178.5848388671875,178.5848388671875,178.5848388671875,67,0.0,0.0
1998-02-23 00:00:00-05:00,177.12106980734725,180.04869079589844,177.12106980734725,180.04869079589844,73,0.0,0.0
1998-02-24 00:00:00-05:00,178.5848388671875,178.5848388671875,178.5848388671875,178.5848388671875,33,0.0,0.0
1998-02-25 00:00:00-05:00,177.12103271484375,177.12103271484375,177.12103271484375,177.12103271484375,207,0.0,0.0
1998-02-26 00:00:00-05:00,177.12103271484375,177.12103271484375,177.12103271484375,177.12103271484375,47,0.0,0.0
1998-02-27 00:00:00-05:00,177.12102871253842,178.5848388671875,177.12102871253842,178.5848388671875,67,0.0,0.0
1998-03-02 00:00:00-05:00,177.12105643649062,177.12105643649062,174.1934356689453,174.1934356689453,287,0.0,0.0
1998-03-03 00:00:00-05:00,172.7295684814453,172.7295684814453,172.7295684814453,172.7295684814453,67,0.0,0.0
1998-03-04 00:00:00-05:00,171.99769794431506,171.99769794431506,170.5338877490443,171.2657928466797,153,0.0,0.0
1998-03-05 00:00:00-05:00,172.72963165932515,172.72963165932515,171.26582122153425,171.9977264404297,167,0.0,0.0
1998-03-06 00:00:00-05:00,171.9976970578028,177.12103271484375,171.9976970578028,177.12103271484375,253,0.0,0.0
1998-03-09 00:00:00-05:00,175.65721855788934,178.5848388671875,175.65721855788934,178.5848388671875,153,0.0,0.0
1998-03-10 00:00:00-05:00,178.58480096632434,181.51242065429688,177.12099112233807,181.51242065429688,240,0.0,0.0
1998-03-11 00:00:00-05:00,178.5848388671875,178.5848388671875,178.5848388671875,178.5848388671875,47,0.0,0.0
1998-03-12 00:00:00-05:00,178.5848388671875,178.5848388671875,178.5848388671875,178.5848388671875,0,0.0,0.0
1998-03-13 00:00:00-05:00,177.12102139790852,177.12102139790852,175.65721130371094,175.65721130371094,207,0.0,0.0
1998-03-16 00:00:00-05:00,175.65722252711777,178.58484290256973,175.65722252711777,177.12103271484375,93,0.0,0.0
1998-03-17 00:00:00-05:00,177.12102139790852,178.58483149210613,175.65721130371094,175.65721130371094,113,0.0,0.0
1998-03-18 00:00:00-05:00,174.19341233939178,177.12103271484375,174.19341233939178,177.12103271484375,87,0.0,0.0
1998-03-19 00:00:00-05:00,178.5848388671875,180.04864902183658,178.5848388671875,178.5848388671875,133,0.0,0.0
1998-03-20 00:00:00-05:00,177.12103271484375,178.58484290256973,177.12103271484375,177.12103271484375,167,0.0,0.0
1998-03-23 00:00:00-05:00,175.65725931307165,180.04869079589844,175.65725931307165,180.04869079589844,213,0.0,0.0
1998-03-24 00:00:00-05:00,177.12103271484375,177.12103271484375,177.12103271484375,177.12103271484375,187,0.0,0.0
1998-03-25 00:00:00-05:00,177.12103271484375,180.04865309029572,177.12103271484375,177.12103271484375,427,0.0,0.0
1998-03-26 00:00:00-05:00,177.12103271484375,177.12103271484375,177.12103271484375,177.12103271484375,0,0.0,0.0
1998-03-27 00:00:00-05:00,177.12102139790852,177.12102139790852,175.65721130371094,175.65721130371094,240,0.0,0.0
1998-03-30 00:00:00-05:00,175.65724605271797,175.65724605271797,174.1934356689453,174.1934356689453,120,0.0,0.0
1998-03-31 00:00:00-05:00,174.1934356689453,174.1934356689453,174.1934356689453,174.1934356689453,53,0.0,0.0
1998-04-01 00:00:00-05:00,174.1934356689453,174.1934356689453,174.1934356689453,174.1934356689453,0,0.0,0.0
1998-04-02 00:00:00-05:00,174.1934356689453,174.1934356689453,174.1934356689453,174.1934356689453,40,0.0,0.0
1998-04-03 00:00:00-05:00,175.65725931307165,180.04869079589844,175.65725931307165,180.04869079589844,380,0.0,0.0
1998-04-06 00:00:00-04:00,180.0486108103106,181.51242065429688,180.0486108103106,181.51242065429688,133,0.0,0.0
1998-04-07 00:00:00-04:00,180.0486108103106,181.51242065429688,180.0486108103106,181.51242065429688,213,0.0,0.0
1998-04-08 00:00:00-04:00,180.04869079589844,180.04869079589844,180.04869079589844,180.04869079589844,53,0.0,0.0
1998-04-09 00:00:00-04:00,180.04869079589844,181.51250129017404,180.04869079589844,180.04869079589844,80,0.0,0.0
1998-04-13 00:00:00-04:00,181.51250129017404,181.51250129017404,180.04869079589844,180.04869079589844,87,0.0,0.0
1998-04-14 00:00:00-04:00,181.51250129017404,181.51250129017404,180.04869079589844,180.04869079589844,40,0.0,0.0
1998-04-15 00:00:00-04:00,181.51250129017404,181.51250129017404,180.04869079589844,180.04869079589844,120,0.0,0.0
1998-04-16 00:00:00-04:00,178.58488030162283,180.04869079589844,178.58488030162283,180.04869079589844,113,0.0,0.0
1998-04-17 00:00:00-04:00,178.58480096632434,181.51242065429688,178.58480096632434,181.51242065429688,100,0.0,0.0
1998-04-20 00:00:00-04:00,182.97627869887873,182.97627869887873,180.7805633544922,180.7805633544922,33,0.0,0.0
1998-04-21 00:00:00-04:00,180.04869079589844,180.04869079589844,180.04869079589844,180.04869079589844,7,0.0,0.0
1998-04-22 00:00:00-04:00,178.58484290256973,178.58484290256973,177.12103271484375,177.12103271484375,87,0.0,0.0
1998-04-23 00:00:00-04:00,177.12103271484375,177.12103271484375,177.12103271484375,177.12103271484375,0,0.0,0.0
1998-04-24 00:00:00-04:00,178.5848388671875,178.5848388671875,178.5848388671875,178.5848388671875,133,0.0,0.0
1998-04-27 00:00:00-04:00,175.65721130371094,175.65721130371094,175.65721130371094,175.65721130371094,193,0.0,0.0
1998-04-28 00:00:00-04:00,175.65724605271797,175.65724605271797,174.1934356689453,174.1934356689453,200,0.0,0.0
1998-04-29 00:00:00-04:00,174.1934356689453,174.1934356689453,174.1934356689453,174.1934356689453,7,0.0,0.0
1998-04-30 00:00:00-04:00,174.1934356689453,174.1934356689453,174.1934356689453,174.1934356689453,0,0.0,0.0
1998-05-01 00:00:00-04:00,175.65721130371094,175.65721130371094,174.19340120951335,175.65721130371094,147,0.0,0.0
1998-05-04 00:00:00-04:00,175.65722252711777,177.12103271484375,174.92531743325478,177.12103271484375,293,0.0,0.0
1998-05-05 00:00:00-04:00,177.12103778051463,181.5124684692877,177.12103778051463,180.7805633544922,247,0.0,0.0
1998-05-06 00:00:00-04:00,180.04866318475632,184.44009399414062,180.04866318475632,184.44009399414062,100,0.0,0.0
1998-05-07 00:00:00-04:00,182.97630310058594,183.70820831298826,181.51249267578123,182.97630310058594,140,0.0,0.0
1998-05-08 00:00:00-04:00,182.97631178444965,182.97631178444965,180.04869079589844,180.04869079589844,200,0.0,0.0
1998-05-11 00:00:00-04:00,178.58483149210613,178.58483149210613,175.65721130371094,175.65721130371094,233,0.0,0.0
1998-05-12 00:00:00-04:00,174.19337838383046,174.19337838383046,172.7295684814453,172.7295684814453,133,0.0,0.0
1998-05-13 00:00:00-04:00,172.7295684814453,172.7295684814453,172.7295684814453,172.7295684814453,0,0.0,0.0
1998-05-14 00:00:00-04:00,171.26584309545058,171.26584309545058,169.80203247070312,169.80203247070312,180,0.0,0.0
1998-05-15 00:00:00-04:00,170.53384956691576,170.53384956691576,168.338134765625,168.338134765625,407,0.0,0.0
1998-05-18 00:00:00-04:00,169.80201491634404,169.80201491634404,163.946773022677,165.41058349609375,653,0.0,0.0
1998-05-19 00:00:00-04:00,163.9467315673828,163.9467315673828,163.9467315673828,163.9467315673828,133,0.0,0.0
1998-05-20 00:00:00-04:00,165.41058349609375,165.41058349609375,163.946773022677,165.41058349609375,147,0.0,0.0
1998-05-21 00:00:00-04:00,166.87439396951052,166.87439396951052,165.41058349609375,165.41058349609375,180,0.0,0.0
1998-05-22 00:00:00-04:00,165.410541670663,166.87435177394323,163.9467315673828,163.9467315673828,160,0.0,0.0
1998-05-26 00:00:00-04:00,162.4829140403054,162.4829140403054,161.01910400390625,161.01910400390625,340,0.0,0.0
1998-05-27 00:00:00-04:00,162.48292146410262,165.410541670663,162.48292146410262,163.9467315673828,240,0.0,0.0
1998-05-28 00:00:00-04:00,164.67868701831716,164.67868701831716,162.48297119140625,162.48297119140625,253,0.0,0.0
1998-05-29 00:00:00-04:00,161.01912332237313,162.4829335343947,159.55531311035156,159.55531311035156,293,0.0,0.0
1998-06-01 00:00:00-04:00,159.55529396750708,161.01910400390625,159.55529396750708,161.01910400390625,340,0.0,0.0
1998-06-02 00:00:00-04:00,161.0190808331525,161.0190808331525,158.09146118164062,158.09146118164062,93,0.0,0.0
1998-06-03 00:00:00-04:00,158.82340076482186,158.82340076482186,156.627685546875,156.627685546875,133,0.0,0.0
1998-06-04 00:00:00-04:00,155.16383361816406,155.16383361816406,155.16383361816406,155.16383361816406,67,0.0,0.0
1998-06-05 00:00:00-04:00,155.16390776298414,155.89581298828125,155.16390776298414,155.89581298828125,147,0.0,0.0
1998-06-08 00:00:00-04:00,153.7000238670493,155.16383361816406,152.96811899149193,155.16383361816406,687,0.0,0.0
1998-06-09 00:00:00-04:00,156.62771821357833,156.62771821357833,155.16390776298414,155.89581298828125,167,0.0,0.0
1998-06-10 00:00:00-04:00,155.89581298828125,155.89581298828125,155.89581298828125,155.89581298828125,7,0.0,0.0
1998-06-11 00:00:00-04:00,155.16388141939424,155.16388141939424,154.43197631835938,154.43197631835938,93,0.0,0.0
1998-06-12 00:00:00-04:00,154.4319287426067,155.16383361816406,154.4319287426067,155.16383361816406,267,0.0,0.0
1998-06-15 00:00:00-04:00,155.16388346354165,155.16388346354165,152.96816813151042,153.7000732421875,173,0.0,0.0
1998-06-16 00:00:00-04:00,153.7000712173245,155.16388141939424,153.7000712173245,154.43197631835938,167,0.0,0.0
1998-06-17 00:00:00-04:00,155.16383361816406,155.16383361816406,155.16383361816406,155.16383361816406,7,0.0,0.0
1998-06-18 00:00:00-04:00,156.627685546875,156.627685546875,156.627685546875,156.627685546875,120,0.0,0.0
1998-06-19 00:00:00-04:00,155.16383361816406,155.16383361816406,155.16383361816406,155.16383361816406,67,0.0,0.0
1998-06-22 00:00:00-04:00,153.7000732421875,153.7000732421875,152.23626302083332,153.7000732421875,80,0.0,0.0
1998-06-23 00:00:00-04:00,152.23621411593456,155.16383361816406,152.23621411593456,155.16383361816406,113,0.0,0.0
1998-06-24 00:00:00-04:00,153.70003113379846,153.70003113379846,152.23622131347656,152.23622131347656,133,0.0,0.0
1998-06-25 00:00:00-04:00,152.96816813151042,153.7000732421875,152.23626302083332,153.7000732421875,153,0.0,0.0
1998-06-26 00:00:00-04:00,152.23626302083332,153.7000732421875,152.23626302083332,153.7000732421875,427,0.0,0.0
1998-06-29 00:00:00-04:00,155.16383361816406,155.16383361816406,155.16383361816406,155.16383361816406,67,0.0,0.0
1998-06-30 00:00:00-04:00,153.7000238670493,155.16383361816406,153.7000238670493,155.16383361816406,200,0.0,0.0
1998-07-01 00:00:00-04:00,155.16387540157712,156.627685546875,153.7000652562792,156.627685546875,307,0.0,0.0
1998-07-02 00:00:00-04:00,156.6276513558847,161.0190808331525,156.6276513558847,158.09146118164062,667,0.0,0.0
1998-07-06 00:00:00-04:00,158.09150289833,159.55531311035156,158.09150289833,159.55531311035156,113,0.0,0.0
1998-07-07 00:00:00-04:00,158.09153112900995,165.41058349609375,158.09153112900995,165.41058349609375,507,0.0,0.0
1998-07-08 00:00:00-04:00,163.94675378632127,166.87437438964844,163.94675378632127,166.87437438964844,360,0.0,0.0
1998-07-09 00:00:00-04:00,166.87437438964844,166.87437438964844,163.94675378632127,166.87437438964844,253,0.0,0.0
1998-07-10 00:00:00-04:00,165.41058349609375,165.41058349609375,165.41058349609375,165.41058349609375,133,0.0,0.0
1998-07-13 00:00:00-04:00,163.94669921875,166.87431884765624,163.94669921875,164.67860412597656,187,0.0,0.0
1998-07-14 00:00:00-04:00,163.94678174268017,163.94678174268017,162.48297119140625,162.48297119140625,187,0.0,0.0
1998-07-15 00:00:00-04:00,162.4829140403054,163.94672407670453,161.01910400390625,161.01910400390625,273,0.0,0.0
1998-07-16 00:00:00-04:00,160.28717041015625,160.28717041015625,160.28717041015625,160.28717041015625,7,0.0,0.0
1998-07-17 00:00:00-04:00,159.55526287150832,160.2871677470657,155.16383361816406,155.16383361816406,460,0.0,0.0
1998-07-20 00:00:00-04:00,156.627685546875,156.627685546875,156.627685546875,156.627685546875,80,0.0,0.0
1998-07-21 00:00:00-04:00,156.62768355968385,157.35958862304688,156.62768355968385,157.35958862304688,120,0.0,0.0
1998-07-22 00:00:00-04:00,157.35958862304688,157.35958862304688,157.35958862304688,157.35958862304688,0,0.0,0.0
1998-07-23 00:00:00-04:00,155.16387613537242,155.16387613537242,150.77244567871094,150.77244567871094,487,0.0,0.0
1998-07-24 00:00:00-04:00,150.77243430941712,150.77243430941712,147.84481422573913,149.30862426757812,600,0.0,0.0
1998-07-27 00:00:00-04:00,149.30862426757812,149.30862426757812,147.84481422573913,149.30862426757812,127,0.0,0.0
1998-07-28 00:00:00-04:00,147.84481453409,147.84481453409,143.45338439941406,143.45338439941406,580,0.0,0.0
1998-07-29 00:00:00-04:00,143.45338439941406,143.45338439941406,143.45338439941406,143.45338439941406,0,0.0,0.0
1998-07-30 00:00:00-04:00,143.45341916428399,143.45341916428399,141.98960876464844,141.98960876464844,133,0.0,0.0
1998-07-31 00:00:00-04:00,141.98960876464844,141.98960876464844,141.98960876464844,141.98960876464844,0,0.0,0.0
1998-08-03 00:00:00-04:00,143.45341916428399,144.91722956391953,141.98960876464844,141.98960876464844,380,0.0,0.0
1998-08-04 00:00:00-04:00,141.9895495478971,141.9895495478971,140.52573975874353,141.2576446533203,80,0.0,0.0
1998-08-05 00:00:00-04:00,143.45341916428399,143.45341916428399,140.5257983650129,141.98960876464844,227,0.0,0.0
1998-08-06 00:00:00-04:00,140.5257983650129,141.98960876464844,140.5257983650129,141.98960876464844,87,0.0,0.0
1998-08-07 00:00:00-04:00,143.45341916428399,143.45341916428399,141.98960876464844,141.98960876464844,167,0.0,0.0
1998-08-10 00:00:00-04:00,140.5257983650129,141.98960876464844,140.5257983650129,141.98960876464844,153,0.0,0.0
1998-08-11 00:00:00-04:00,140.52573975874353,141.9895495478971,139.06192996958995,141.2576446533203,613,0.0,0.0
1998-08-12 00:00:00-04:00,140.52573975874353,141.2576446533203,140.52573975874353,141.2576446533203,47,0.0,0.0
1998-08-13 00:00:00-04:00,140.52573975874353,141.2576446533203,140.52573975874353,141.2576446533203,93,0.0,0.0
1998-08-14 00:00:00-04:00,141.98960876464844,143.45341916428399,141.98960876464844,141.98960876464844,240,0.0,0.0
1998-08-17 00:00:00-04:00,141.9895976384481,143.45340792338055,140.52578735351562,140.52578735351562,293,0.0,0.0
1998-08-18 00:00:00-04:00,140.56483347039475,140.56483347039475,139.10061645507812,139.10061645507812,960,0.05,0.0
1998-08-19 00:00:00-04:00,138.95354726690994,139.68875122070312,138.21834331311678,139.68875122070312,613,0.75,0.0
1998-08-20 00:00:00-04:00,138.2183837890625,138.2183837890625,138.2183837890625,138.2183837890625,67,0.0,0.0
1998-08-21 00:00:00-04:00,138.21834802114836,138.21834802114836,136.74794006347656,136.74794006347656,140,0.0,0.0
1998-08-24 00:00:00-04:00,135.27753210580477,136.74794006347656,135.27753210580477,136.74794006347656,127,0.0,0.0
1998-08-25 00:00:00-04:00,135.27755737304688,135.27755737304688,133.80714914073116,135.27755737304688,240,0.0,0.0
1998-08-26 00:00:00-04:00,133.8071746826172,133.8071746826172,133.8071746826172,133.8071746826172,227,0.0,0.0
1998-08-27 00:00:00-04:00,132.3367258136192,132.3367258136192,130.86631774902344,130.86631774902344,100,0.0,0.0
1998-08-28 00:00:00-04:00,130.86631774902344,130.86631774902344,130.86631774902344,130.86631774902344,0,0.0,0.0
1998-08-31 00:00:00-04:00,130.86630101950772,130.86630101950772,122.04385375976562,122.04385375976562,453,0.0,0.0
1998-09-01 00:00:00-04:00,122.04386642918443,122.04386642918443,119.10305037064987,121.30866241455078,353,0.0,0.0
1998-09-02 00:00:00-04:00,117.63263438482706,119.10304231463739,116.89743041992188,116.89743041992188,1600,0.0,0.0
1998-09-03 00:00:00-04:00,118.36784343478045,118.36784343478045,116.16223144531249,116.1622314453125,213,0.0,0.0
1998-09-04 00:00:00-04:00,117.63263100071957,117.63263100071957,111.7509994506836,111.7509994506836,293,0.0,0.0
1998-09-08 00:00:00-04:00,114.69184380073051,114.69184380073051,113.221435546875,113.221435546875,107,0.0,0.0
1998-09-09 00:00:00-04:00,111.7509994506836,111.7509994506836,111.7509994506836,111.7509994506836,67,0.0,0.0
1998-09-10 00:00:00-04:00,113.22142008188608,113.22142008188608,107.33978786984005,108.81019592285156,593,0.0,0.0
1998-09-11 00:00:00-04:00,105.86938978221319,108.81020616505243,105.86938978221319,107.33979797363281,267,0.0,0.0
1998-09-14 00:00:00-04:00,108.81019592285156,108.81019592285156,108.81019592285156,108.81019592285156,67,0.0,0.0
1998-09-15 00:00:00-04:00,108.81020616505243,108.81020616505243,107.33979797363281,107.33979797363281,93,0.0,0.0
1998-09-16 00:00:00-04:00,107.33979797363281,107.33979797363281,107.33979797363281,107.33979797363281,53,0.0,0.0
1998-09-17 00:00:00-04:00,105.869384765625,105.869384765625,105.869384765625,105.869384765625,140,0.0,0.0
1998-09-18 00:00:00-04:00,105.869384765625,105.869384765625,105.869384765625,105.869384765625,333,0.0,0.0
1998-09-21 00:00:00-04:00,104.3989766438802,105.869384765625,104.3989766438802,105.869384765625,60,0.0,0.0
1998-09-22 00:00:00-04:00,104.3989486694336,104.3989486694336,104.3989486694336,104.3989486694336,93,0.0,0.0
1998-09-23 00:00:00-04:00,104.3989486694336,104.3989486694336,104.3989486694336,104.3989486694336,67,0.0,0.0
1998-09-24 00:00:00-04:00,107.33979797363281,107.33979797363281,107.33979797363281,107.33979797363281,200,0.0,0.0
1998-09-25 00:00:00-04:00,108.81019592285156,108.81019592285156,108.81019592285156,108.81019592285156,27,0.0,0.0
1998-09-28 00:00:00-04:00,110.28060397586307,110.28060397586307,108.81019592285156,108.81019592285156,147,0.0,0.0
1998-09-29 00:00:00-04:00,108.81019592285156,108.81019592285156,108.81019592285156,108.81019592285156,67,0.0,0.0
1998-09-30 00:00:00-04:00,107.33979797363281,107.33979797363281,107.33979797363281,107.33979797363281,100,0.0,0.0
1998-10-01 00:00:00-04:00,108.07499189634581,108.81019592285156,108.07499189634581,108.81019592285156,1100,0.0,0.0
1998-10-02 00:00:00-04:00,111.7509994506836,111.7509994506836,111.7509994506836,111.7509994506836,67,0.0,0.0
1998-10-05 00:00:00-04:00,108.81019592285156,108.81019592285156,108.81019592285156,108.81019592285156,67,0.0,0.0
1998-10-06 00:00:00-04:00,111.7509994506836,111.7509994506836,111.7509994506836,111.7509994506836,67,0.0,0.0
1998-10-07 00:00:00-04:00,113.22143073931132,113.22143073931132,107.33979797363281,107.33979797363281,1567,0.0,0.0
1998-10-08 00:00:00-04:00,104.39895858764649,104.39895858764649,102.92855072021484,102.92855072021484,140,0.0,0.0
1998-10-09 00:00:00-04:00,101.45816298092113,101.45816298092113,99.98775482177734,99.98775482177734,67,0.0,0.0
1998-10-12 00:00:00-04:00,99.98775482177734,99.98775482177734,99.98775482177734,99.98775482177734,53,0.0,0.0
1998-10-13 00:00:00-04:00,99.98775482177734,99.98775482177734,99.98775482177734,99.98775482177734,0,0.0,0.0
1998-10-14 00:00:00-04:00,99.98775482177734,99.98775482177734,99.98775482177734,99.98775482177734,13,0.0,0.0
1998-10-15 00:00:00-04:00,99.98776223162096,102.9285787678451,99.98776223162096,102.19337463378906,107,0.0,0.0
1998-10-16 00:00:00-04:00,104.39895858764649,104.39895858764649,102.92855072021484,102.92855072021484,27,0.0,0.0
1998-10-19 00:00:00-04:00,102.92855072021484,102.92855072021484,102.92855072021484,102.92855072021484,0,0.0,0.0
1998-10-20 00:00:00-04:00,105.86938978221319,107.33979797363281,105.86938978221319,107.33979797363281,620,0.0,0.0
1998-10-21 00:00:00-04:00,106.60457611083984,106.60457611083984,106.60457611083984,106.60457611083984,20,0.0,0.0
1998-10-22 00:00:00-04:00,108.81019592285156,108.81019592285156,108.81019592285156,108.81019592285156,133,0.0,0.0
1998-10-23 00:00:00-04:00,108.81020616505243,108.81020616505243,107.33979797363281,107.33979797363281,280,0.0,0.0
1998-10-26 00:00:00-05:00,108.81019592285156,108.81019592285156,108.81019592285156,108.81019592285156,133,0.0,0.0
1998-10-27 00:00:00-05:00,107.33979797363281,107.33979797363281,107.33979797363281,107.33979797363281,140,0.0,0.0
1998-10-28 00:00:00-05:00,107.33979797363281,107.33979797363281,107.33979797363281,107.33979797363281,0,0.0,0.0
1998-10-29 00:00:00-05:00,105.869384765625,105.869384765625,105.869384765625,105.869384765625,67,0.0,0.0
1998-10-30 00:00:00-05:00,107.3397928873698,107.3397928873698,104.3989766438802,105.869384765625,147,0.0,0.0
1998-11-02 00:00:00-05:00,107.33978786984005,108.81019592285156,107.33978786984005,108.81019592285156,67,0.0,0.0
1998-11-03 00:00:00-05:00,107.33979797363281,108.81020616505243,107.33979797363281,107.33979797363281,353,0.0,0.0
1998-11-04 00:00:00-05:00,107.33978546142578,110.28060150146484,107.33978546142578,110.28060150146484,253,0.0,0.0
1998-11-05 00:00:00-05:00,110.28060150146484,110.28060150146484,110.28060150146484,110.28060150146484,53,0.0,0.0
1998-11-06 00:00:00-05:00,108.81019592285156,111.75101202887458,107.33978786984005,108.81019592285156,1427,0.0,0.0
1998-11-09 00:00:00-05:00,108.81019592285156,108.81019592285156,108.81019592285156,108.81019592285156,133,0.0,0.0
1998-11-10 00:00:00-05:00,108.81019348144531,110.28060150146484,108.81019348144531,110.28060150146484,107,0.0,0.0
1998-11-11 00:00:00-05:00,108.81019592285156,108.81019592285156,107.33978786984005,108.81019592285156,833,0.0,0.0
1998-11-12 00:00:00-05:00,108.81020616505243,108.81020616505243,107.33979797363281,107.33979797363281,353,0.0,0.0
1998-11-13 00:00:00-05:00,105.869384765625,105.869384765625,104.3989766438802,105.869384765625,320,0.0,0.0
1998-11-16 00:00:00-05:00,104.3989486694336,104.3989486694336,104.3989486694336,104.3989486694336,33,0.0,0.0
1998-11-17 00:00:00-05:00,103.66376495361328,103.66376495361328,103.66376495361328,103.66376495361328,133,0.0,0.0
1998-11-18 00:00:00-05:00,104.39896654249071,105.13417053222656,104.39896654249071,105.13417053222656,220,0.0,0.0
1998-11-19 00:00:00-05:00,103.66376495361328,103.66376495361328,103.66376495361328,103.66376495361328,60,0.0,0.0
1998-11-20 00:00:00-05:00,102.92857339937393,107.33979797363281,101.45816520795431,107.33979797363281,673,0.0,0.0
1998-11-23 00:00:00-05:00,110.28060913085938,110.28060913085938,105.869384765625,105.869384765625,607,0.0,0.0
1998-11-24 00:00:00-05:00,105.869384765625,105.869384765625,105.869384765625,105.869384765625,33,0.0,0.0
1998-11-25 00:00:00-05:00,105.86938978221319,108.81020616505243,105.86938978221319,107.33979797363281,100,0.0,0.0
1998-11-27 00:00:00-05:00,107.33979797363281,107.33979797363281,107.33979797363281,107.33979797363281,67,0.0,0.0
1998-11-30 00:00:00-05:00,107.33979797363281,107.33979797363281,107.33979797363281,107.33979797363281,73,0.0,0.0
1998-12-01 00:00:00-05:00,105.869384765625,105.869384765625,105.869384765625,105.869384765625,13,0.0,0.0
1998-12-02 00:00:00-05:00,104.3989766438802,108.81020100911458,104.3989766438802,105.869384765625,420,0.0,0.0
1998-12-03 00:00:00-05:00,104.3989792992087,104.3989792992087,99.98775482177734,99.98775482177734,407,0.0,0.0
1998-12-04 00:00:00-05:00,99.98775482177734,102.92857114006492,99.98775482177734,99.98775482177734,393,0.0,0.0
1998-12-07 00:00:00-05:00,99.98776518408933,99.98776518408933,98.5173568725586,98.5173568725586,273,0.0,0.0
1998-12-08 00:00:00-05:00,97.78213500976562,97.78213500976562,97.78213500976562,97.78213500976562,100,0.0,0.0
1998-12-09 00:00:00-05:00,97.78215271679323,99.98776518408933,97.04694856102788,98.5173568725586,120,0.0,0.0
1998-12-10 00:00:00-05:00,97.04692840576172,97.04692840576172,97.04692840576172,97.04692840576172,100,0.0,0.0
1998-12-11 00:00:00-05:00,95.576530344346,99.98775482177734,95.576530344346,99.98775482177734,420,0.0,0.0
1998-12-14 00:00:00-05:00,98.51733903239544,99.98774707765507,97.04693098713581,97.78213500976562,327,0.0,0.0
1998-12-15 00:00:00-05:00,97.04693850348978,99.98775482177734,97.04693850348978,99.98775482177734,287,0.0,0.0
1998-12-16 00:00:00-05:00,98.51733641190962,98.51733641190962,97.04692840576172,97.04692840576172,173,0.0,0.0
1998-12-17 00:00:00-05:00,99.98776032203851,99.98776032203851,94.8413314819336,94.8413314819336,420,0.0,0.0
1998-12-18 00:00:00-05:00,95.57653560194858,95.57653560194858,94.8413314819336,94.8413314819336,1267,0.0,0.0
1998-12-21 00:00:00-05:00,92.63569414615631,95.57650983333588,92.63569414615631,94.1061019897461,993,0.0,0.0
1998-12-22 00:00:00-05:00,94.1061019897461,95.57650983333588,94.1061019897461,94.1061019897461,673,0.0,0.0
1998-12-23 00:00:00-05:00,94.1061273619186,95.57653560194858,94.1061273619186,94.8413314819336,1300,0.0,0.0
1998-12-24 00:00:00-05:00,94.84130591154099,94.84130591154099,94.1061019897461,94.1061019897461,800,0.0,0.0
1998-12-28 00:00:00-05:00,98.51734666263356,99.98775482177734,97.04693850348978,99.98775482177734,1287,0.0,0.0
1998-12-29 00:00:00-05:00,98.5173568725586,98.5173568725586,95.57654024949714,98.5173568725586,1387,0.0,0.0
1998-12-30 00:00:00-05:00,97.78213500976562,97.78213500976562,97.78213500976562,97.78213500976562,200,0.0,0.0
1998-12-31 00:00:00-05:00,96.31171531677246,102.92855072021484,95.57651138305664,102.92855072021484,453,0.0,0.0
1999-01-04 00:00:00-05:00,104.39895858764649,104.39895858764649,102.92855072021484,102.92855072021484,87,0.0,0.0
1999-01-05 00:00:00-05:00,104.39898159079355,111.7510225478917,104.39898159079355,107.33979797363281,727,0.0,0.0
1999-01-06 00:00:00-05:00,107.33979797363281,107.33979797363281,107.33979797363281,107.33979797363281,0,0.0,0.0
1999-01-07 00:00:00-05:00,107.33978546142578,110.28060150146484,107.33978546142578,110.28060150146484,33,0.0,0.0
1999-01-08 00:00:00-05:00,108.81019592285156,109.54539994935732,108.81019592285156,108.81019592285156,167,0.0,0.0
1999-01-11 00:00:00-05:00,108.81019592285156,108.81019592285156,107.33978786984005,108.81019592285156,240,0.0,0.0
1999-01-12 00:00:00-05:00,107.3397928873698,107.3397928873698,105.869384765625,105.869384765625,200,0.0,0.0
1999-01-13 00:00:00-05:00,102.92854530223902,102.92854530223902,101.45813751220703,101.45813751220703,187,0.0,0.0
1999-01-14 00:00:00-05:00,101.45813751220703,101.45813751220703,101.45813751220703,101.45813751220703,0,0.0,0.0
1999-01-15 00:00:00-05:00,104.39895858764649,104.39895858764649,102.92855072021484,102.92855072021484,133,0.0,0.0
1999-01-19 00:00:00-05:00,105.86936645507814,105.86936645507814,102.92855072021484,102.92855072021484,560,0.0,0.0
1999-01-20 00:00:00-05:00,102.92854530223902,102.92854530223902,99.98772972217505,101.45813751220703,467,0.0,0.0
1999-01-21 00:00:00-05:00,102.92854530223902,102.92854530223902,101.45813751220703,101.45813751220703,287,0.0,0.0
1999-01-22 00:00:00-05:00,99.98775227864583,99.98775227864583,89.6948954264323,90.43009948730469,2907,0.0,0.0
1999-01-25 00:00:00-05:00,91.16529846191406,91.16529846191406,88.95968640235162,91.16529846191406,967,0.0,0.0
1999-01-26 00:00:00-05:00,91.1653009633549,91.1653009633549,85.28366864313845,89.69489288330078,1047,0.0,0.0
1999-01-27 00:00:00-05:00,88.95970675150554,88.95970675150554,88.22450256347656,88.22450256347656,360,0.0,0.0
1999-01-28 00:00:00-05:00,84.54845691549367,88.2244767813847,84.54845691549367,85.28366088867188,680,0.0,0.0
1999-01-29 00:00:00-05:00,88.2244873046875,91.16530354817708,88.2244873046875,90.43009948730469,540,0.0,0.0
1999-02-01 00:00:00-05:00,90.43011512756347,90.43011512756347,88.22450256347656,88.22450256347656,320,0.0,0.0
1999-02-02 00:00:00-05:00,88.22448474018513,88.22448474018513,87.4892807006836,87.4892807006836,347,0.0,0.0
1999-02-03 00:00:00-05:00,86.75408179241678,86.75408179241678,84.54846954345703,84.54846954345703,100,0.0,0.0
1999-02-04 00:00:00-05:00,82.34286029522235,82.34286029522235,76.46122741699219,76.46122741699219,2860,0.0,0.0
1999-02-05 00:00:00-05:00,77.19643592834473,82.34286499023438,77.19643592834473,82.34286499023438,353,0.0,0.0
1999-02-08 00:00:00-05:00,80.87243892528393,80.87243892528393,79.40203094482422,79.40203094482422,327,0.0,0.0
1999-02-09 00:00:00-05:00,80.87245668683734,82.34286499023438,80.87245668683734,82.34286499023438,293,0.0,0.0
1999-02-10 00:00:00-05:00,83.81327329363141,83.81327329363141,82.34286499023438,82.34286499023438,147,0.0,0.0
1999-02-11 00:00:00-05:00,83.81327743530272,88.22450256347656,82.34286905924479,88.22450256347656,527,0.0,0.0
1999-02-12 00:00:00-05:00,86.75407666118205,87.4892807006836,86.01887262168052,87.4892807006836,173,0.0,0.0
1999-02-16 00:00:00-05:00,86.75409418741862,88.22450256347656,86.75409418741862,88.22450256347656,373,0.0,0.0
1999-02-17 00:00:00-05:00,86.75408935546875,87.489293502549,86.75408935546875,86.75408935546875,260,0.0,0.0
1999-02-18 00:00:00-05:00,87.489293502549,87.489293502549,85.28368106130827,86.75408935546875,213,0.0,0.0
1999-02-19 00:00:00-05:00,85.28366088867188,85.28366088867188,85.28366088867188,85.28366088867188,47,0.0,0.0
1999-02-22 00:00:00-05:00,85.28366088867188,85.28366088867188,85.28366088867188,85.28366088867188,0,0.0,0.0
1999-02-23 00:00:00-05:00,85.28366286666305,85.28366286666305,79.40203094482422,79.40203094482422,787,0.0,0.0
1999-02-24 00:00:00-05:00,79.40203094482422,80.87243892528393,79.40203094482422,79.40203094482422,927,0.0,0.0
1999-02-25 00:00:00-05:00,82.34286499023438,82.34286499023438,82.34286499023438,82.34286499023438,333,0.0,0.0
1999-02-26 00:00:00-05:00,82.34286499023438,82.34286499023438,82.34286499023438,82.34286499023438,367,0.0,0.0
1999-03-01 00:00:00-05:00,82.34286499023438,82.34286499023438,82.34286499023438,82.34286499023438,0,0.0,0.0
1999-03-02 00:00:00-05:00,84.54847744532994,84.54847744532994,82.34286499023438,82.34286499023438,647,0.0,0.0
1999-03-03 00:00:00-05:00,83.0780691419329,83.0780691419329,82.34286499023438,82.34286499023438,487,0.0,0.0
1999-03-04 00:00:00-05:00,82.34286499023438,82.34286499023438,82.34286499023438,82.34286499023438,0,0.0,0.0
1999-03-05 00:00:00-05:00,82.34286499023438,83.81327329363141,82.34286499023438,82.34286499023438,113,0.0,0.0
1999-03-08 00:00:00-05:00,85.28365631103516,105.86936645507814,83.0780445098877,102.92855072021484,9287,0.0,0.0
1999-03-09 00:00:00-05:00,101.45817349562004,101.45817349562004,98.5173568725586,98.5173568725586,200,0.0,0.0
1999-03-10 00:00:00-05:00,99.98775227864583,105.869384765625,99.98775227864583,105.869384765625,400,0.0,0.0
1999-03-11 00:00:00-05:00,105.869384765625,107.3397928873698,105.869384765625,105.869384765625,473,0.0,0.0
1999-03-12 00:00:00-05:00,105.8693563971721,105.8693563971721,104.3989486694336,104.3989486694336,127,0.0,0.0
1999-03-15 00:00:00-05:00,104.39898159079355,108.81020616505243,104.39898159079355,107.33979797363281,340,0.0,0.0
1999-03-16 00:00:00-05:00,106.60457184440212,111.7509994506836,105.86936790064762,111.7509994506836,933,0.0,0.0
1999-03-17 00:00:00-05:00,111.75100445273696,111.75100445273696,111.01580047607422,111.01580047607422,253,0.0,0.0
1999-03-18 00:00:00-05:00,110.28060913085938,110.28060913085938,105.869384765625,105.869384765625,500,0.0,0.0
1999-03-19 00:00:00-05:00,107.33977913562163,119.10304260253906,107.33977913562163,119.10304260253906,927,0.0,0.0
1999-03-22 00:00:00-05:00,120.57345542424841,120.57345542424841,116.16223144531249,116.1622314453125,260,0.0,0.0
1999-03-23 00:00:00-05:00,114.69184380073051,114.69184380073051,113.221435546875,113.221435546875,227,0.0,0.0
1999-03-24 00:00:00-05:00,113.22140733819259,114.69181522570159,111.7509994506836,111.7509994506836,133,0.0,0.0
1999-03-25 00:00:00-05:00,110.28060913085938,110.28060913085938,102.92856852213542,105.869384765625,687,0.0,0.0
1999-03-26 00:00:00-05:00,104.398953092271,104.398953092271,94.1060985620471,101.45813751220703,1020,0.0,0.0
1999-03-29 00:00:00-05:00,99.98773498535157,104.39895858764649,99.98773498535157,102.92855072021484,193,0.0,0.0
1999-03-30 00:00:00-05:00,101.45813751220703,101.45813751220703,101.45813751220703,101.45813751220703,33,0.0,0.0
1999-03-31 00:00:00-05:00,99.98773498535157,102.92855072021484,95.57651138305664,102.92855072021484,853,0.0,0.0
1999-04-01 00:00:00-05:00,102.92855136365776,122.04385375976562,102.92855136365776,122.04385375976562,713,0.0,0.0
1999-04-05 00:00:00-04:00,129.3959197998047,130.86632797934791,123.51428708163174,129.3959197998047,1493,0.0,0.0
1999-04-06 00:00:00-04:00,127.92551162026145,129.3959197998047,126.4551034407182,129.3959197998047,647,0.0,0.0
1999-04-07 00:00:00-04:00,129.3959197998047,129.3959197998047,127.19030753048983,129.3959197998047,620,0.0,0.0
1999-04-08 00:00:00-04:00,127.92551162026145,129.3959197998047,127.92551162026145,129.3959197998047,180,0.0,0.0
1999-04-09 00:00:00-04:00,127.92551162026145,129.3959197998047,127.92551162026145,129.3959197998047,260,0.0,0.0
1999-04-12 00:00:00-04:00,126.45509355523612,130.86631774902344,124.98468549064036,130.86631774902344,340,0.0,0.0
1999-04-13 00:00:00-04:00,132.3367655554483,133.80717406161995,124.98472302459007,126.45513153076172,487,0.0,0.0
1999-04-14 00:00:00-04:00,124.98467189509694,124.98467189509694,120.57344818115234,120.57344818115234,487,0.0,0.0
1999-04-15 00:00:00-04:00,123.5142664026331,123.5142664026331,119.10304260253906,119.10304260253906,607,0.0,0.0
1999-04-16 00:00:00-04:00,119.83826446533203,119.83826446533203,119.83826446533203,119.83826446533203,533,0.0,0.0
1999-04-19 00:00:00-04:00,119.83826446533203,119.83826446533203,117.63265223590875,119.83826446533203,1387,0.0,0.0
1999-04-20 00:00:00-04:00,117.63267517089844,117.63267517089844,116.89747095108032,117.63267517089844,827,0.0,0.0
1999-04-21 00:00:00-04:00,114.69184112548828,114.69184112548828,113.9566370157095,114.69184112548828,73,0.0,0.0
1999-04-22 00:00:00-04:00,116.16223144531249,117.63263943829114,113.95661945584453,116.1622314453125,280,0.0,0.0
1999-04-23 00:00:00-04:00,116.16225205458603,117.63266030844156,111.75102729301948,113.221435546875,647,0.0,0.0
1999-04-26 00:00:00-04:00,111.75100643984922,113.22141441932092,104.39896654249071,105.13417053222656,687,0.0,0.0
1999-04-27 00:00:00-04:00,103.66376495361328,103.66376495361328,103.66376495361328,103.66376495361328,33,0.0,0.0
1999-04-28 00:00:00-04:00,101.45816298092113,101.45816298092113,99.98775482177734,99.98775482177734,187,0.0,0.0
1999-04-29 00:00:00-04:00,99.98775482177734,99.98775482177734,99.98775482177734,99.98775482177734,67,0.0,0.0
1999-04-30 00:00:00-04:00,102.92856371080553,108.81019592285156,102.92856371080553,108.81019592285156,347,0.0,0.0
1999-05-03 00:00:00-04:00,108.81018803037446,108.81018803037446,106.60457611083984,106.60457611083984,400,0.0,0.0
1999-05-04 00:00:00-04:00,106.60457611083984,106.60457611083984,106.60457611083984,106.60457611083984,0,0.0,0.0
1999-05-05 00:00:00-04:00,102.92855072021484,102.92855072021484,102.92855072021484,102.92855072021484,140,0.0,0.0
1999-05-06 00:00:00-04:00,102.92856852213542,105.869384765625,102.92856852213542,105.869384765625,307,0.0,0.0
1999-05-07 00:00:00-04:00,105.869384765625,105.869384765625,105.869384765625,105.869384765625,67,0.0,0.0
1999-05-10 00:00:00-04:00,104.3989486694336,104.3989486694336,104.3989486694336,104.3989486694336,13,0.0,0.0
1999-05-11 00:00:00-04:00,103.66375465393067,103.66375465393067,102.92855072021484,102.92855072021484,60,0.0,0.0
1999-05-12 00:00:00-04:00,105.13417053222656,105.13417053222656,105.13417053222656,105.13417053222656,67,0.0,0.0
1999-05-13 00:00:00-04:00,105.1341729671397,105.1341729671397,103.66376495361328,103.66376495361328,87,0.0,0.0
1999-05-14 00:00:00-04:00,102.92855072021484,102.92855072021484,101.45814285278321,102.92855072021484,107,0.0,0.0
1999-05-17 00:00:00-04:00,101.45813751220703,101.45813751220703,99.98772972217505,101.45813751220703,780,0.0,0.0
1999-05-18 00:00:00-04:00,101.45813751220703,101.45813751220703,101.45813751220703,101.45813751220703,67,0.0,0.0
1999-05-19 00:00:00-04:00,99.25254305502526,99.25254305502526,97.78213500976562,97.78213500976562,273,0.0,0.0
1999-05-20 00:00:00-04:00,97.04693850348978,99.98775482177734,97.04693850348978,99.98775482177734,47,0.0,0.0
1999-05-21 00:00:00-04:00,99.98775482177734,99.98775482177734,99.98775482177734,99.98775482177734,0,0.0,0.0
1999-05-24 00:00:00-04:00,99.98775482177734,99.98775482177734,99.98775482177734,99.98775482177734,7,0.0,0.0
1999-05-25 00:00:00-04:00,99.98775482177734,99.98775482177734,99.98775482177734,99.98775482177734,267,0.0,0.0
1999-05-26 00:00:00-04:00,98.5173568725586,98.5173568725586,98.5173568725586,98.5173568725586,73,0.0,0.0
1999-05-27 00:00:00-04:00,97.0469231238732,97.0469231238732,95.5765151977539,95.5765151977539,87,0.0,0.0
1999-05-28 00:00:00-04:00,95.5765151977539,95.5765151977539,95.5765151977539,95.5765151977539,0,0.0,0.0
1999-06-01 00:00:00-04:00,97.0469231238732,97.0469231238732,95.5765151977539,95.5765151977539,47,0.0,0.0
1999-06-02 00:00:00-04:00,94.10612248192149,94.10612248192149,88.22448982680139,88.9596939086914,1167,0.0,0.0
1999-06-03 00:00:00-04:00,88.9596939086914,88.9596939086914,88.22448982680139,88.9596939086914,1560,0.0,0.0
1999-06-04 00:00:00-04:00,91.16528630256653,94.1061019897461,91.16528630256653,94.1061019897461,247,0.0,0.0
1999-06-07 00:00:00-04:00,94.1061019897461,95.57650983333588,92.63569414615631,94.1061019897461,87,0.0,0.0
1999-06-08 00:00:00-04:00,95.57652791341145,95.57652791341145,92.63571166992188,92.63571166992188,100,0.0,0.0
1999-06-09 00:00:00-04:00,89.69487845897675,94.1061019897461,89.69487845897675,94.1061019897461,333,0.0,0.0
1999-06-10 00:00:00-04:00,94.1061019897461,95.57650983333588,94.1061019897461,94.1061019897461,267,0.0,0.0
1999-06-11 00:00:00-04:00,92.63571166992188,92.63571166992188,92.63571166992188,92.63571166992188,40,0.0,0.0
1999-06-14 00:00:00-04:00,94.10611979166667,94.10611979166667,92.63571166992188,92.63571166992188,53,0.0,0.0
1999-06-15 00:00:00-04:00,94.1061019897461,94.1061019897461,94.1061019897461,94.1061019897461,27,0.0,0.0
1999-06-16 00:00:00-04:00,92.63571166992188,92.63571166992188,92.63571166992188,92.63571166992188,27,0.0,0.0
1999-06-17 00:00:00-04:00,92.63571166992188,94.10611979166667,92.63571166992188,92.63571166992188,193,0.0,0.0
1999-06-18 00:00:00-04:00,94.1061019897461,94.1061019897461,94.1061019897461,94.1061019897461,13,0.0,0.0
1999-06-21 00:00:00-04:00,94.1061019897461,94.1061019897461,94.1061019897461,94.1061019897461,13,0.0,0.0
1999-06-22 00:00:00-04:00,94.1061019897461,94.1061019897461,94.1061019897461,94.1061019897461,0,0.0,0.0
1999-06-23 00:00:00-04:00,92.63571166992188,92.63571166992188,92.63571166992188,92.63571166992188,20,0.0,0.0
1999-06-24 00:00:00-04:00,91.16530354817708,94.10611979166667,91.16530354817708,92.63571166992188,553,0.0,0.0
1999-06-25 00:00:00-04:00,92.63571166992188,92.63571166992188,92.63571166992188,92.63571166992188,0,0.0,0.0
1999-06-28 00:00:00-04:00,92.63571166992188,92.63571166992188,92.63571166992188,92.63571166992188,7,0.0,0.0
1999-06-29 00:00:00-04:00,94.1061019897461,94.1061019897461,94.1061019897461,94.1061019897461,133,0.0,0.0
1999-06-30 00:00:00-04:00,95.576530344346,99.98775482177734,94.10612218520221,99.98775482177734,707,0.0,0.0
1999-07-01 00:00:00-04:00,99.98775482177734,99.98775482177734,99.98775482177734,99.98775482177734,47,0.0,0.0
1999-07-02 00:00:00-04:00,99.98775482177734,99.98775482177734,99.98775482177734,99.98775482177734,0,0.0,0.0
1999-07-06 00:00:00-04:00,97.0469231238732,97.0469231238732,95.5765151977539,95.5765151977539,260,0.0,0.0
1999-07-07 00:00:00-04:00,97.0469231238732,97.0469231238732,95.5765151977539,95.5765151977539,67,0.0,0.0
1999-07-08 00:00:00-04:00,95.5765151977539,95.5765151977539,95.5765151977539,95.5765151977539,0,0.0,0.0
1999-07-09 00:00:00-04:00,97.04692840576172,97.04692840576172,97.04692840576172,97.04692840576172,33,0.0,0.0
1999-07-12 00:00:00-04:00,97.04694856102788,98.5173568725586,97.04694856102788,98.5173568725586,133,0.0,0.0
1999-07-13 00:00:00-04:00,99.98775482177734,103.6637752196368,99.98775482177734,99.98775482177734,687,0.0,0.0
1999-07-14 00:00:00-04:00,99.98772972217505,101.45813751220703,99.98772972217505,101.45813751220703,60,0.0,0.0
1999-07-15 00:00:00-04:00,102.92855212562962,111.7509994506836,102.92855212562962,111.7509994506836,713,0.0,0.0
1999-07-16 00:00:00-04:00,113.22143290593074,114.69184112548828,111.7510246863732,114.69184112548828,120,0.0,0.0
1999-07-19 00:00:00-04:00,117.63267517089844,117.63267517089844,117.63267517089844,117.63267517089844,27,0.0,0.0
1999-07-20 00:00:00-04:00,117.63267517089844,117.63267517089844,117.63267517089844,117.63267517089844,13,0.0,0.0
1999-07-21 00:00:00-04:00,114.69184112548828,114.69184112548828,114.69184112548828,114.69184112548828,73,0.0,0.0
1999-07-22 00:00:00-04:00,114.69184112548828,114.69184112548828,114.69184112548828,114.69184112548828,0,0.0,0.0
1999-07-23 00:00:00-04:00,114.69184112548828,114.69184112548828,114.69184112548828,114.69184112548828,0,0.0,0.0
1999-07-26 00:00:00-04:00,113.221435546875,113.221435546875,113.221435546875,113.221435546875,33,0.0,0.0
1999-07-27 00:00:00-04:00,111.75100952148436,111.75100952148436,110.28060150146484,110.28060150146484,127,0.0,0.0
1999-07-28 00:00:00-04:00,108.81019592285156,108.81019592285156,108.81019592285156,108.81019592285156,87,0.0,0.0
1999-07-29 00:00:00-04:00,108.81019592285156,108.81019592285156,108.81019592285156,108.81019592285156,20,0.0,0.0
1999-07-30 00:00:00-04:00,105.86937981682854,108.81019592285156,105.86937981682854,108.81019592285156,287,0.0,0.0
1999-08-02 00:00:00-04:00,107.33978546142578,110.28060150146484,107.33978546142578,110.28060150146484,67,0.0,0.0
1999-08-03 00:00:00-04:00,107.33979797363281,107.33979797363281,107.33979797363281,107.33979797363281,13,0.0,0.0
1999-08-04 00:00:00-04:00,105.869384765625,105.869384765625,105.869384765625,105.869384765625,7,0.0,0.0
1999-08-05 00:00:00-04:00,104.3989766438802,105.869384765625,104.3989766438802,105.869384765625,27,0.0,0.0
1999-08-06 00:00:00-04:00,105.86937981682854,108.81019592285156,105.86937981682854,108.81019592285156,67,0.0,0.0
1999-08-09 00:00:00-04:00,110.28060150146484,110.28060150146484,110.28060150146484,110.28060150146484,67,0.0,0.0
1999-08-10 00:00:00-04:00,108.81019592285156,108.81019592285156,108.81019592285156,108.81019592285156,200,0.0,0.0
1999-08-11 00:00:00-04:00,105.8693563971721,105.8693563971721,104.3989486694336,104.3989486694336,200,0.0,0.0
1999-08-12 00:00:00-04:00,102.92855072021484,102.92855072021484,102.92855072021484,102.92855072021484,133,0.0,0.0
1999-08-13 00:00:00-04:00,101.45813751220703,101.45813751220703,101.45813751220703,101.45813751220703,13,0.0,0.0
1999-08-16 00:00:00-04:00,101.45813751220703,101.45813751220703,101.45813751220703,101.45813751220703,87,0.0,0.0
1999-08-17 00:00:00-04:00,101.45816298092113,101.45816298092113,99.98775482177734,99.98775482177734,27,0.0,0.0
1999-08-18 00:00:00-04:00,99.98775482177734,99.98775482177734,99.98775482177734,99.98775482177734,100,0.0,0.0
1999-08-19 00:00:00-04:00,100.87724517373478,101.61357543047737,100.14091491699219,100.14091491699219,327,0.195,0.0
1999-08-20 00:00:00-04:00,101.61354446411133,103.0862045288086,101.61354446411133,103.0862045288086,47,0.0,0.0
1999-08-23 00:00:00-04:00,106.03154754638672,106.03154754638672,106.03154754638672,106.03154754638672,67,0.0,0.0
1999-08-24 00:00:00-04:00,104.55888514025457,107.50420584843077,104.55888514025457,106.76787567138672,247,0.0,0.0
1999-08-25 00:00:00-04:00,106.76787567138672,106.76787567138672,106.76787567138672,106.76787567138672,0,0.0,0.0
1999-08-26 00:00:00-04:00,107.50419224919499,111.92217275258656,107.50419224919499,108.97685241699219,520,0.0,0.0
1999-08-27 00:00:00-04:00,108.97684478759766,111.92216491699219,108.97684478759766,111.92216491699219,420,0.0,0.0
1999-08-30 00:00:00-04:00,108.97685241699219,108.97685241699219,108.97685241699219,108.97685241699219,33,0.0,0.0
1999-08-31 00:00:00-04:00,106.03154962713067,113.39485168457031,106.03154962713067,113.39485168457031,527,0.0,0.0
1999-09-01 00:00:00-04:00,110.44953228676155,110.44953228676155,107.50421142578125,107.50421142578125,433,0.0,0.0
1999-09-02 00:00:00-04:00,107.50421142578125,107.50421142578125,107.50421142578125,107.50421142578125,0,0.0,0.0
1999-09-03 00:00:00-04:00,107.50421142578125,107.50421142578125,107.50421142578125,107.50421142578125,0,0.0,0.0
1999-09-07 00:00:00-04:00,108.97685241699219,108.97685241699219,108.97685241699219,108.97685241699219,40,0.0,0.0
1999-09-08 00:00:00-04:00,107.50420177226164,108.24053192138672,107.50420177226164,108.24053192138672,40,0.0,0.0
1999-09-09 00:00:00-04:00,106.03154194438375,106.03154194438375,105.29521179199219,105.29521179199219,53,0.0,0.0
1999-09-10 00:00:00-04:00,104.5588607788086,104.5588607788086,104.5588607788086,104.5588607788086,33,0.0,0.0
1999-09-13 00:00:00-04:00,104.5588607788086,104.5588607788086,104.5588607788086,104.5588607788086,7,0.0,0.0
1999-09-14 00:00:00-04:00,106.03154754638672,106.03154754638672,106.03154754638672,106.03154754638672,13,0.0,0.0
1999-09-15 00:00:00-04:00,106.03154754638672,106.03154754638672,106.03154754638672,106.03154754638672,0,0.0,0.0
1999-09-16 00:00:00-04:00,104.5588607788086,104.5588607788086,103.08620076783946,104.5588607788086,107,0.0,0.0
1999-09-17 00:00:00-04:00,103.08620839879133,103.08620839879133,101.6135482788086,101.6135482788086,167,0.0,0.0
1999-09-20 00:00:00-04:00,101.6135482788086,101.6135482788086,101.6135482788086,101.6135482788086,0,0.0,0.0
1999-09-21 00:00:00-04:00,100.14091924411147,100.14091924411147,98.66825866699219,98.66825866699219,67,0.0,0.0
1999-09-22 00:00:00-04:00,97.19558715820312,97.19558715820312,97.19558715820312,97.19558715820312,33,0.0,0.0
1999-09-23 00:00:00-04:00,97.19557589017428,97.19557589017428,95.72291564941406,95.72291564941406,60,0.0,0.0
1999-09-24 00:00:00-04:00,94.250244140625,94.250244140625,94.250244140625,94.250244140625,27,0.0,0.0
1999-09-27 00:00:00-04:00,94.250244140625,94.250244140625,94.250244140625,94.250244140625,40,0.0,0.0
1999-09-28 00:00:00-04:00,94.250244140625,94.250244140625,94.250244140625,94.250244140625,0,0.0,0.0
1999-09-29 00:00:00-04:00,92.77761165431289,92.77761165431289,89.83229064941406,89.83229064941406,320,0.0,0.0
1999-09-30 00:00:00-04:00,89.83228333791097,106.03154754638672,89.83228333791097,106.03154754638672,740,0.0,0.0
1999-10-01 00:00:00-04:00,103.08620839879133,104.55886851877406,101.6135482788086,101.6135482788086,140,0.0,0.0
1999-10-04 00:00:00-04:00,103.0862045288086,103.0862045288086,103.0862045288086,103.0862045288086,67,0.0,0.0
1999-10-05 00:00:00-04:00,103.08620839879133,103.08620839879133,100.14088815882586,101.6135482788086,247,0.0,0.0
1999-10-06 00:00:00-04:00,100.14091491699219,100.14091491699219,100.14091491699219,100.14091491699219,13,0.0,0.0
1999-10-07 00:00:00-04:00,98.66825866699219,98.66825866699219,98.66825866699219,98.66825866699219,13,0.0,0.0
1999-10-08 00:00:00-04:00,98.66825866699219,98.66825866699219,98.66825866699219,98.66825866699219,0,0.0,0.0
1999-10-11 00:00:00-04:00,98.66825866699219,98.66825866699219,98.66825866699219,98.66825866699219,33,0.0,0.0
1999-10-12 00:00:00-04:00,98.66825866699219,98.66825866699219,98.66825866699219,98.66825866699219,0,0.0,0.0
1999-10-13 00:00:00-04:00,97.19558715820312,97.19558715820312,97.19558715820312,97.19558715820312,13,0.0,0.0
1999-10-14 00:00:00-04:00,95.72291564941406,95.72291564941406,95.72291564941406,95.72291564941406,40,0.0,0.0
1999-10-15 00:00:00-04:00,95.72291601271856,95.72291601271856,92.77759552001953,92.77759552001953,120,0.0,0.0
1999-10-18 00:00:00-04:00,91.30494689941406,91.30494689941406,88.35962603169104,91.30494689941406,187,0.0,0.0
1999-10-19 00:00:00-04:00,91.30494689941406,91.30494689941406,91.30494689941406,91.30494689941406,133,0.0,0.0
1999-10-20 00:00:00-04:00,89.83229497273763,89.83229497273763,88.35963439941406,88.35963439941406,127,0.0,0.0
1999-10-21 00:00:00-04:00,88.35960789730674,88.35960789730674,83.9416275024414,83.9416275024414,367,0.0,0.0
1999-10-22 00:00:00-04:00,82.468994140625,82.468994140625,82.468994140625,82.468994140625,27,0.0,0.0
1999-10-25 00:00:00-04:00,85.41429138183594,86.88695157807449,85.41429138183594,85.41429138183594,367,0.0,0.0
1999-10-26 00:00:00-04:00,86.8869738260905,89.83229497273763,86.8869738260905,88.35963439941406,247,0.0,0.0
1999-10-27 00:00:00-04:00,88.35963439941406,88.35963439941406,88.35963439941406,88.35963439941406,0,0.0,0.0
1999-10-28 00:00:00-04:00,85.41429138183594,85.41429138183594,85.41429138183594,85.41429138183594,293,0.0,0.0
1999-10-29 00:00:00-04:00,83.9416275024414,85.41428763406319,83.9416275024414,83.9416275024414,120,0.0,0.0
1999-11-01 00:00:00-05:00,83.9416275024414,83.9416275024414,83.9416275024414,83.9416275024414,67,0.0,0.0
1999-11-02 00:00:00-05:00,86.88695157807449,86.88695157807449,82.46897098935884,85.41429138183594,247,0.0,0.0
1999-11-03 00:00:00-05:00,85.41431325276693,88.35963439941406,85.41431325276693,88.35963439941406,533,0.0,0.0
1999-11-04 00:00:00-05:00,89.83229497273763,89.83229497273763,88.35963439941406,88.35963439941406,107,0.0,0.0
1999-11-05 00:00:00-05:00,88.35962603169104,91.30494689941406,88.35962603169104,91.30494689941406,107,0.0,0.0
1999-11-08 00:00:00-05:00,88.35963439941406,88.35963439941406,88.35963439941406,88.35963439941406,60,0.0,0.0
1999-11-09 00:00:00-05:00,88.35963439941406,88.35963439941406,88.35963439941406,88.35963439941406,0,0.0,0.0
1999-11-10 00:00:00-05:00,90.56861668248331,91.30494689941406,90.56861668248331,91.30494689941406,180,0.0,0.0
1999-11-11 00:00:00-05:00,89.83229064941406,89.83229064941406,89.83229064941406,89.83229064941406,87,0.0,0.0
1999-11-12 00:00:00-05:00,91.30492401123047,94.250244140625,91.30492401123047,94.250244140625,173,0.0,0.0
1999-11-15 00:00:00-05:00,94.25025950611888,105.29521179199219,94.25025950611888,105.29521179199219,480,0.0,0.0
1999-11-16 00:00:00-05:00,106.03152465820312,113.39482498168945,106.03152465820312,111.92216491699219,1293,0.0,0.0
1999-11-17 00:00:00-05:00,113.39487638473511,117.81285858154297,111.92221565246582,117.81285858154297,587,0.0,0.0
1999-11-18 00:00:00-05:00,117.81281620623118,122.23079681396484,117.81281620623118,122.23079681396484,547,0.0,0.0
1999-11-19 00:00:00-05:00,122.23085163914881,126.64883422851562,120.75819077602654,126.64883422851562,887,0.0,0.0
1999-11-22 00:00:00-05:00,125.1761363801502,126.64879680815197,123.70347595214842,123.70347595214844,1800,0.0,0.0
1999-11-23 00:00:00-05:00,123.70351250227108,128.1214950916379,123.70351250227108,126.64883422851562,1113,0.0,0.0
1999-11-24 00:00:00-05:00,125.17617336539335,128.1214950916379,125.17617336539335,126.64883422851562,233,0.0,0.0
1999-11-26 00:00:00-05:00,126.64883422851562,126.64883422851562,126.64883422851562,126.64883422851562,0,0.0,0.0
1999-11-29 00:00:00-05:00,129.59410095214844,129.59410095214844,129.59410095214844,129.59410095214844,193,0.0,0.0
1999-11-30 00:00:00-05:00,128.1214950916379,128.1214950916379,126.64883422851562,126.64883422851562,40,0.0,0.0
1999-12-01 00:00:00-05:00,125.1761363801502,125.1761363801502,122.96714573814755,123.70347595214844,747,0.0,0.0
1999-12-02 00:00:00-05:00,122.23079681396484,122.23079681396484,122.23079681396484,122.23079681396484,73,0.0,0.0
1999-12-03 00:00:00-05:00,125.1761363801502,125.1761363801502,123.70347595214842,123.70347595214844,153,0.0,0.0
1999-12-06 00:00:00-05:00,123.70345701654274,123.70345701654274,122.23079681396484,122.23079681396484,213,0.0,0.0
1999-12-07 00:00:00-05:00,122.23080491430966,122.23080491430966,119.28548431396484,119.28548431396484,267,0.0,0.0
1999-12-08 00:00:00-05:00,119.28548431396484,119.28548431396484,119.28548431396484,119.28548431396484,7,0.0,0.0
1999-12-09 00:00:00-05:00,119.28548431396484,119.28548431396484,119.28548431396484,119.28548431396484,0,0.0,0.0
1999-12-10 00:00:00-05:00,120.75813661138696,122.23079681396484,120.75813661138696,122.23079681396484,67,0.0,0.0
1999-12-13 00:00:00-05:00,119.28551931381226,119.28551931381226,117.81285858154297,117.81285858154297,120,0.0,0.0
1999-12-14 00:00:00-05:00,116.34014511108398,116.34014511108398,111.92216491699219,111.92216491699219,307,0.0,0.0
1999-12-15 00:00:00-05:00,111.18585205078125,111.18585205078125,111.18585205078125,111.18585205078125,27,0.0,0.0
1999-12-16 00:00:00-05:00,108.9768718562714,108.9768718562714,107.50421142578125,107.50421142578125,160,0.0,0.0
1999-12-17 00:00:00-05:00,107.50421142578125,107.50421142578125,107.50421142578125,107.50421142578125,0,0.0,0.0
1999-12-20 00:00:00-05:00,108.97685241699219,110.44951258478937,108.97685241699219,108.97685241699219,147,0.0,0.0
1999-12-21 00:00:00-05:00,108.97685241699219,108.97685241699219,108.97685241699219,108.97685241699219,33,0.0,0.0
1999-12-22 00:00:00-05:00,108.97685241699219,110.44951258478937,108.97685241699219,108.97685241699219,307,0.0,0.0
1999-12-23 00:00:00-05:00,108.97686360677083,110.44952392578125,108.97686360677083,110.44952392578125,87,0.0,0.0
1999-12-27 00:00:00-05:00,109.71319376627605,110.44952392578125,108.97686360677083,110.44952392578125,280,0.0,0.0
1999-12-28 00:00:00-05:00,110.44950485229492,111.92216491699219,110.44950485229492,111.92216491699219,267,0.0,0.0
1999-12-29 00:00:00-05:00,114.86751209605823,116.34017250754616,113.39485168457031,113.39485168457031,460,0.0,0.0
1999-12-30 00:00:00-05:00,114.8675371170044,117.81285858154297,113.39487638473511,117.81285858154297,327,0.0,0.0
1999-12-31 00:00:00-05:00,119.28548954310043,131.0667724609375,119.28548954310043,131.0667724609375,1133,0.0,0.0
2000-01-03 00:00:00-05:00,128.85782088356456,129.59415128861352,126.64882966841775,128.12149047851562,173,0.0,0.0
2000-01-04 00:00:00-05:00,126.64883350620609,126.64883350620609,124.4398422241211,124.4398422241211,233,0.0,0.0
2000-01-05 00:00:00-05:00,124.43980616614931,124.43980616614931,122.23081552414666,123.70347595214844,267,0.0,0.0
2000-01-06 00:00:00-05:00,125.17610168457031,125.17610168457031,122.23078164493336,125.17610168457031,87,0.0,0.0
2000-01-07 00:00:00-05:00,122.23079309230899,125.1761134077863,120.75813293457031,120.75813293457031,267,0.0,0.0
2000-01-10 00:00:00-05:00,120.75813293457031,120.75813293457031,119.28547277683165,120.75813293457031,393,0.0,0.0
2000-01-11 00:00:00-05:00,120.75813661138696,123.70345701654274,120.75813661138696,122.23079681396484,367,0.0,0.0
2000-01-12 00:00:00-05:00,125.17610168457031,125.17610168457031,125.17610168457031,125.17610168457031,13,0.0,0.0
2000-01-13 00:00:00-05:00,128.1214394569397,141.37538146972656,128.1214394569397,141.37538146972656,1320,0.0,0.0
2000-01-14 00:00:00-05:00,142.84804893026546,144.32070922851562,141.3753886320153,144.32070922851562,340,0.0,0.0
2000-01-18 00:00:00-05:00,144.32070922851562,144.32070922851562,144.32070922851562,144.32070922851562,73,0.0,0.0
2000-01-19 00:00:00-05:00,144.32070522115689,147.26602573587436,144.32070522115689,145.79336547851562,1020,0.0,0.0
2000-01-20 00:00:00-05:00,145.7933695267658,147.26602982501595,144.32070922851562,144.32070922851562,120,0.0,0.0
2000-01-21 00:00:00-05:00,145.79336547851562,145.79336547851562,145.79336547851562,145.79336547851562,7,0.0,0.0
2000-01-24 00:00:00-05:00,142.11172900774093,142.84805920985357,138.43007799717768,140.63906860351562,500,0.0,0.0
2000-01-25 00:00:00-05:00,141.37540516954786,141.37540516954786,138.43008422851562,138.43008422851562,467,0.0,0.0
2000-01-26 00:00:00-05:00,140.63905535246195,140.63905535246195,138.43006495425576,139.90272521972656,100,0.0,0.0
2000-01-27 00:00:00-05:00,141.3754077400129,142.8480682373047,141.3754077400129,142.8480682373047,107,0.0,0.0
2000-01-28 00:00:00-05:00,143.58437907939054,144.32070922851562,143.58437907939054,144.32070922851562,93,0.0,0.0
2000-01-31 00:00:00-05:00,146.529695607195,146.529695607195,145.79336547851562,145.79336547851562,147,0.0,0.0
2000-02-01 00:00:00-05:00,145.79338923188828,145.79338923188828,142.8480682373047,142.8480682373047,627,0.0,0.0
2000-02-02 00:00:00-05:00,144.32070922851562,144.32070922851562,144.32070922851562,144.32070922851562,140,0.0,0.0
2000-02-03 00:00:00-05:00,147.26602573587436,147.26602573587436,145.79336547851562,145.79336547851562,413,0.0,0.0
2000-02-04 00:00:00-05:00,145.79336547851562,147.26602573587436,145.79336547851562,145.79336547851562,387,0.0,0.0
2000-02-07 00:00:00-05:00,147.26604386871935,150.21136474609375,147.26604386871935,150.21136474609375,607,0.0,0.0
2000-02-08 00:00:00-05:00,150.2113515167988,151.68401182578702,149.4750213623047,149.4750213623047,380,0.0,0.0
2000-02-09 00:00:00-05:00,148.73870430740655,153.15668562346812,148.73870430740655,150.21136474609375,187,0.0,0.0
2000-02-10 00:00:00-05:00,150.21136897625308,150.21136897625308,148.73870849609375,148.73870849609375,107,0.0,0.0
2000-02-11 00:00:00-05:00,150.2113707237637,150.2113707237637,142.8480682373047,142.8480682373047,93,0.0,0.0
2000-02-14 00:00:00-05:00,145.7933695267658,145.7933695267658,142.11171878114038,144.32070922851562,160,0.0,0.0
2000-02-15 00:00:00-05:00,142.84803969625364,142.84803969625364,142.11170959472656,142.11170959472656,53,0.0,0.0
2000-02-16 00:00:00-05:00,139.9027212460836,141.37538146972656,135.48474057515463,141.37538146972656,407,0.0,0.0
2000-02-17 00:00:00-05:00,139.90273840140298,141.37539880562827,139.90273840140298,140.63906860351562,220,0.0,0.0
2000-02-18 00:00:00-05:00,140.63906860351562,140.63906860351562,140.63906860351562,140.63906860351562,33,0.0,0.0
2000-02-22 00:00:00-05:00,139.9027212460836,141.37538146972656,139.9027212460836,141.37538146972656,2407,0.0,0.0
2000-02-23 00:00:00-05:00,141.9669189453125,143.44574101765951,141.9669189453125,141.9669189453125,547,0.75,0.0
2000-02-24 00:00:00-05:00,141.96690955528845,159.71277324969952,140.4880875807542,153.7974853515625,1887,0.0,0.0
2000-02-25 00:00:00-05:00,158.23396834586433,159.7127904799378,152.3186798095703,152.3186798095703,333,0.0,0.0
2000-02-28 00:00:00-05:00,150.8398617553711,150.8398617553711,147.88221740722656,147.88221740722656,280,0.0,0.0
2000-02-29 00:00:00-05:00,143.445683094678,143.445683094678,130.1362898178522,133.83334350585938,1247,0.0,0.0
2000-03-01 00:00:00-05:00,133.0939976283482,133.0939976283482,129.39694213867188,129.39694213867188,180,0.0,0.0
2000-03-02 00:00:00-05:00,127.17868853218947,127.17868853218947,116.82693481445311,116.82693481445312,720,0.0,0.0
2000-03-03 00:00:00-05:00,115.3481128547765,116.82693481445311,113.86929089509988,116.82693481445312,187,0.0,0.0
2000-03-06 00:00:00-05:00,115.34813690185547,115.34813690185547,115.34813690185547,115.34813690185547,7,0.0,0.0
2000-03-07 00:00:00-05:00,112.39044189453125,112.39044189453125,112.39044189453125,112.39044189453125,187,0.0,0.0
2000-03-08 00:00:00-05:00,110.91162029065583,112.39044189453125,110.91162029065583,112.39044189453125,27,0.0,0.0
2000-03-09 00:00:00-05:00,109.43283081054688,112.3904748865076,109.43283081054688,109.43283081054688,53,0.0,0.0
2000-03-10 00:00:00-05:00,108.69343010584512,108.69343010584512,106.4751968383789,106.4751968383789,113,0.0,0.0
2000-03-13 00:00:00-05:00,103.51754119430763,103.51754119430763,100.55989716018455,102.0387191772461,300,0.0,0.0
2000-03-14 00:00:00-05:00,100.55987639925374,102.03869811100746,99.0810546875,99.0810546875,87,0.0,0.0
2000-03-15 00:00:00-05:00,97.60223297574628,100.55987639925374,97.60223297574628,99.0810546875,340,0.0,0.0
2000-03-16 00:00:00-05:00,102.03872900139795,107.95401763916016,102.03872900139795,107.95401763916016,573,0.0,0.0
2000-03-17 00:00:00-05:00,107.95401763916016,107.95401763916016,106.4751954797196,107.95401763916016,147,0.0,0.0
2000-03-20 00:00:00-05:00,107.95401901668973,107.95401901668973,106.4751968383789,106.4751968383789,360,0.0,0.0
2000-03-21 00:00:00-05:00,106.475185546875,110.91165161132812,106.475185546875,110.91165161132812,33,0.0,0.0
2000-03-22 00:00:00-05:00,109.43283081054688,109.43283081054688,107.95400877256651,109.43283081054688,60,0.0,0.0
2000-03-23 00:00:00-05:00,107.95401763916016,107.95401763916016,107.95401763916016,107.95401763916016,40,0.0,0.0
2000-03-24 00:00:00-05:00,107.95401763916016,107.95401763916016,107.95401763916016,107.95401763916016,0,0.0,0.0
2000-03-27 00:00:00-05:00,107.9540093869579,109.4328314333546,107.9540093869579,108.69342041015625,100,0.0,0.0
2000-03-28 00:00:00-05:00,106.4751968383789,106.4751968383789,106.4751968383789,106.4751968383789,120,0.0,0.0
2000-03-29 00:00:00-05:00,106.47516043526785,106.47516043526785,103.51751708984375,103.51751708984375,227,0.0,0.0
2000-03-30 00:00:00-05:00,103.51751708984375,103.51751708984375,103.51751708984375,103.51751708984375,27,0.0,0.0
2000-03-31 00:00:00-05:00,103.51751708984375,103.51751708984375,103.51751708984375,103.51751708984375,27,0.0,0.0
2000-04-03 00:00:00-04:00,103.51751708984375,103.51751708984375,103.51751708984375,103.51751708984375,47,0.0,0.0
2000-04-04 00:00:00-04:00,102.0387191772461,102.0387191772461,102.0387191772461,102.0387191772461,273,0.0,0.0
2000-04-05 00:00:00-04:00,100.55989837646484,100.55989837646484,100.55989837646484,100.55989837646484,87,0.0,0.0
2000-04-06 00:00:00-04:00,100.55989837646484,100.55989837646484,100.55989837646484,100.55989837646484,7,0.0,0.0
2000-04-07 00:00:00-04:00,102.03872041141285,102.03872041141285,100.55989837646484,100.55989837646484,133,0.0,0.0
2000-04-10 00:00:00-04:00,100.55989837646484,100.55989837646484,100.55989837646484,100.55989837646484,0,0.0,0.0
2000-04-11 00:00:00-04:00,100.55989837646484,100.55989837646484,100.55989837646484,100.55989837646484,0,0.0,0.0
2000-04-12 00:00:00-04:00,100.55989837646484,100.55989837646484,100.55989837646484,100.55989837646484,0,0.0,0.0
2000-04-13 00:00:00-04:00,100.55989837646484,100.55989837646484,97.60225430656881,100.55989837646484,200,0.0,0.0
2000-04-14 00:00:00-04:00,100.55991664077297,100.55991664077297,97.6022720336914,97.6022720336914,33,0.0,0.0
2000-04-17 00:00:00-04:00,99.0810546875,100.55987639925374,99.0810546875,99.0810546875,167,0.0,0.0
2000-04-18 00:00:00-04:00,99.08107634151682,100.55989837646484,99.08107634151682,100.55989837646484,60,0.0,0.0
2000-04-19 00:00:00-04:00,99.82046554337687,99.82046554337687,99.0810546875,99.0810546875,47,0.0,0.0
2000-04-20 00:00:00-04:00,97.6022720336914,97.6022720336914,97.6022720336914,97.6022720336914,260,0.0,0.0
2000-04-24 00:00:00-04:00,97.6022515296936,97.6022515296936,91.68696355819702,94.64460754394531,547,0.0,0.0
2000-04-25 00:00:00-04:00,97.60226376851399,111.65107446246677,97.60226376851399,106.4751968383789,3067,0.0,0.0
2000-04-26 00:00:00-04:00,109.43282611553485,110.91164809006911,105.73577117919922,105.73577117919922,167,0.0,0.0
2000-04-27 00:00:00-04:00,105.73577117919922,105.73577117919922,105.73577117919922,105.73577117919922,0,0.0,0.0
2000-04-28 00:00:00-04:00,107.95397708290501,112.39044189453125,106.47515547902961,112.39044189453125,467,0.0,0.0
2000-05-01 00:00:00-04:00,110.17220948871812,113.12985269646896,110.17220948871812,112.39044189453125,20,0.0,0.0
2000-05-02 00:00:00-04:00,111.65106201171875,111.65106201171875,111.65106201171875,111.65106201171875,73,0.0,0.0
2000-05-03 00:00:00-04:00,111.65106201171875,111.65106201171875,111.65106201171875,111.65106201171875,0,0.0,0.0
2000-05-04 00:00:00-04:00,111.65104777700948,112.39045868944001,110.17222595214844,110.17222595214844,87,0.0,0.0
2000-05-05 00:00:00-04:00,110.91165161132812,110.91165161132812,110.91165161132812,110.91165161132812,33,0.0,0.0
2000-05-08 00:00:00-04:00,110.91165161132812,110.91165161132812,110.91165161132812,110.91165161132812,0,0.0,0.0
2000-05-09 00:00:00-04:00,110.91166195804125,110.91166195804125,107.95401763916016,107.95401763916016,87,0.0,0.0
2000-05-10 00:00:00-04:00,107.95401763916016,107.95401763916016,107.95401763916016,107.95401763916016,0,0.0,0.0
2000-05-11 00:00:00-04:00,107.95398210797991,107.95398210797991,103.51751708984375,103.51751708984375,253,0.0,0.0
2000-05-12 00:00:00-04:00,103.51751708984375,103.51751708984375,103.51751708984375,103.51751708984375,0,0.0,0.0
2000-05-15 00:00:00-04:00,102.03874284507584,102.03874284507584,101.29933166503906,101.29933166503906,113,0.0,0.0
2000-05-16 00:00:00-04:00,100.55989837646484,100.55989837646484,100.55989837646484,100.55989837646484,7,0.0,0.0
2000-05-17 00:00:00-04:00,100.55987639925374,100.55987639925374,99.0810546875,99.0810546875,40,0.0,0.0
2000-05-18 00:00:00-04:00,99.08109433723219,99.08109433723219,97.6022720336914,97.6022720336914,100,0.0,0.0
2000-05-19 00:00:00-04:00,97.6022515296936,97.6022515296936,94.64460754394531,94.64460754394531,173,0.0,0.0
2000-05-22 00:00:00-04:00,94.64460875496032,97.60225277855282,93.16578674316406,93.16578674316406,180,0.0,0.0
2000-05-23 00:00:00-04:00,91.68696594238281,91.68696594238281,91.68696594238281,91.68696594238281,60,0.0,0.0
2000-05-24 00:00:00-04:00,90.2081527709961,90.2081527709961,90.2081527709961,90.2081527709961,27,0.0,0.0
2000-05-25 00:00:00-04:00,90.2081527709961,90.2081527709961,90.2081527709961,90.2081527709961,7,0.0,0.0
2000-05-26 00:00:00-04:00,93.16579712414351,93.16579712414351,90.2081527709961,90.2081527709961,47,0.0,0.0
2000-05-30 00:00:00-04:00,90.20815965605945,90.94757080078125,88.72933736661585,90.94757080078125,213,0.0,0.0
2000-05-31 00:00:00-04:00,90.9475328717913,103.51751708984375,90.9475328717913,103.51751708984375,1053,0.0,0.0
2000-06-01 00:00:00-04:00,102.03873894431375,102.03873894431375,97.6022720336914,97.6022720336914,200,0.0,0.0
2000-06-02 00:00:00-04:00,99.08107634151682,100.55989837646484,97.60225430656881,100.55989837646484,320,0.0,0.0
2000-06-05 00:00:00-04:00,103.51751708984375,103.51751708984375,103.51751708984375,103.51751708984375,33,0.0,0.0
2000-06-06 00:00:00-04:00,103.51751708984375,103.51751708984375,103.51751708984375,103.51751708984375,0,0.0,0.0
2000-06-07 00:00:00-04:00,104.99637466006808,106.4751968383789,104.99637466006808,106.4751968383789,160,0.0,0.0
2000-06-08 00:00:00-04:00,106.47516728790713,106.47516728790713,104.99634552001953,104.99634552001953,120,0.0,0.0
2000-06-09 00:00:00-04:00,107.95401763916016,107.95401763916016,107.95401763916016,107.95401763916016,193,0.0,0.0
2000-06-12 00:00:00-04:00,106.4751954797196,107.95401763916016,106.4751954797196,107.95401763916016,47,0.0,0.0
2000-06-13 00:00:00-04:00,107.95401763916016,107.95401763916016,107.95401763916016,107.95401763916016,0,0.0,0.0
2000-06-14 00:00:00-04:00,109.4328314333546,109.4328314333546,108.69342041015625,108.69342041015625,60,0.0,0.0
2000-06-15 00:00:00-04:00,108.69342041015625,108.69342041015625,108.69342041015625,108.69342041015625,0,0.0,0.0
2000-06-16 00:00:00-04:00,110.91167225557214,113.1299057006836,110.91167225557214,113.1299057006836,133,0.0,0.0
2000-06-19 00:00:00-04:00,112.39044189453125,112.39044189453125,112.39044189453125,112.39044189453125,100,0.0,0.0
2000-06-20 00:00:00-04:00,109.43283979860071,109.43283979860071,107.95401763916016,107.95401763916016,220,0.0,0.0
2000-06-21 00:00:00-04:00,107.95401763916016,107.95401763916016,107.95401763916016,107.95401763916016,0,0.0,0.0
2000-06-22 00:00:00-04:00,107.95401763916016,107.95401763916016,107.95401763916016,107.95401763916016,0,0.0,0.0
2000-06-23 00:00:00-04:00,106.475185546875,110.91165161132812,106.475185546875,110.91165161132812,160,0.0,0.0
2000-06-26 00:00:00-04:00,110.91165161132812,110.91165161132812,110.91165161132812,110.91165161132812,0,0.0,0.0
2000-06-27 00:00:00-04:00,112.39044189453125,112.39044189453125,112.39044189453125,112.39044189453125,13,0.0,0.0
2000-06-28 00:00:00-04:00,113.86930847167969,113.86930847167969,113.86930847167969,113.86930847167969,27,0.0,0.0
2000-06-29 00:00:00-04:00,113.86930847167969,113.86930847167969,113.86930847167969,113.86930847167969,0,0.0,0.0
2000-06-30 00:00:00-04:00,112.39048688616072,129.39694213867188,112.39048688616072,129.39694213867188,1053,0.0,0.0
2000-07-03 00:00:00-04:00,127.17871856689453,127.17871856689453,127.17871856689453,127.17871856689453,13,0.0,0.0
2000-07-05 00:00:00-04:00,128.6575502283433,128.6575502283433,125.69990539550781,125.69990539550781,160,0.0,0.0
2000-07-06 00:00:00-04:00,122.74224853515625,122.74224853515625,122.74224853515625,122.74224853515625,67,0.0,0.0
2000-07-07 00:00:00-04:00,122.74224853515625,122.74224853515625,122.74224853515625,122.74224853515625,160,0.0,0.0
2000-07-10 00:00:00-04:00,121.26336669921875,121.26336669921875,121.26336669921875,121.26336669921875,453,0.0,0.0
2000-07-11 00:00:00-04:00,121.26339834707755,121.26339834707755,119.78457641601562,119.78457641601562,233,0.0,0.0
2000-07-12 00:00:00-04:00,119.78461618423461,119.78461618423461,118.30579376220702,118.30579376220703,33,0.0,0.0
2000-07-13 00:00:00-04:00,118.30579376220702,118.30579376220702,118.30579376220702,118.30579376220703,40,0.0,0.0
2000-07-14 00:00:00-04:00,118.30579376220702,118.30579376220702,118.30579376220702,118.30579376220703,0,0.0,0.0
2000-07-17 00:00:00-04:00,118.30579376220702,118.30579376220702,118.30579376220702,118.30579376220703,0,0.0,0.0
2000-07-18 00:00:00-04:00,118.30578172063254,122.74224853515625,118.30578172063254,122.74224853515625,353,0.0,0.0
2000-07-19 00:00:00-04:00,124.22108297909007,125.69990539550781,124.22108297909007,125.69990539550781,173,0.0,0.0
2000-07-20 00:00:00-04:00,124.2210464477539,124.2210464477539,124.2210464477539,124.2210464477539,240,0.0,0.0
2000-07-21 00:00:00-04:00,124.2210464477539,124.2210464477539,124.2210464477539,124.2210464477539,40,0.0,0.0
2000-07-24 00:00:00-04:00,124.2210464477539,124.2210464477539,124.2210464477539,124.2210464477539,0,0.0,0.0
2000-07-25 00:00:00-04:00,124.22108297909007,125.69990539550781,124.22108297909007,125.69990539550781,347,0.0,0.0
2000-07-26 00:00:00-04:00,125.69990539550781,125.69990539550781,125.69990539550781,125.69990539550781,0,0.0,0.0
2000-07-27 00:00:00-04:00,124.96047973632812,124.96047973632812,124.96047973632812,124.96047973632812,7,0.0,0.0
2000-07-28 00:00:00-04:00,124.96047973632812,124.96047973632812,124.96047973632812,124.96047973632812,13,0.0,0.0
2000-07-31 00:00:00-04:00,127.17871534967998,127.17871534967998,122.74224853515625,122.74224853515625,287,0.0,0.0
2000-08-01 00:00:00-04:00,124.22107080666416,124.22107080666416,121.26342626364836,122.74224853515625,40,0.0,0.0
2000-08-02 00:00:00-04:00,122.74224853515625,122.74224853515625,121.26342626364836,122.74224853515625,307,0.0,0.0
2000-08-03 00:00:00-04:00,122.74224853515625,122.74224853515625,122.74224853515625,122.74224853515625,0,0.0,0.0
2000-08-04 00:00:00-04:00,122.00277747177496,122.00277747177496,121.26336669921875,121.26336669921875,33,0.0,0.0
2000-08-07 00:00:00-04:00,122.00282287597656,122.00282287597656,122.00282287597656,122.00282287597656,33,0.0,0.0
2000-08-08 00:00:00-04:00,121.26339834707755,121.26339834707755,119.78457641601562,119.78457641601562,73,0.0,0.0
2000-08-09 00:00:00-04:00,118.30579376220702,118.30579376220702,118.30579376220702,118.30579376220703,173,0.0,0.0
2000-08-10 00:00:00-04:00,118.30579376220702,118.30579376220702,118.30579376220702,118.30579376220703,33,0.0,0.0
2000-08-11 00:00:00-04:00,118.30579376220702,118.30579376220702,118.30579376220702,118.30579376220703,0,0.0,0.0
2000-08-14 00:00:00-04:00,118.30575677412973,118.30575677412973,116.82693481445311,116.82693481445312,80,0.0,0.0
2000-08-15 00:00:00-04:00,118.30579376220702,118.30579376220702,118.30579376220702,118.30579376220703,7,0.0,0.0
2000-08-16 00:00:00-04:00,118.30579376220702,118.30579376220702,118.30579376220702,118.30579376220703,0,0.0,0.0
2000-08-17 00:00:00-04:00,121.26336669921875,121.26336669921875,121.26336669921875,121.26336669921875,227,0.0,0.0
2000-08-18 00:00:00-04:00,122.74226102828979,122.74226102828979,118.30579376220702,118.30579376220703,140,0.0,0.0
2000-08-21 00:00:00-04:00,118.30579376220702,121.2634386062622,118.30579376220702,118.30579376220703,360,0.0,0.0
2000-08-22 00:00:00-04:00,119.78461618423461,119.78461618423461,118.30579376220702,118.30579376220703,340,0.0,0.0
2000-08-23 00:00:00-04:00,118.30575677412973,118.30575677412973,116.82693481445311,116.82693481445312,120,0.0,0.0
2000-08-24 00:00:00-04:00,118.30575677412973,118.30575677412973,116.82693481445311,116.82693481445312,247,0.0,0.0
2000-08-25 00:00:00-04:00,116.82695284756747,116.82695284756747,113.86930847167969,113.86930847167969,93,0.0,0.0
2000-08-28 00:00:00-04:00,113.86930847167969,113.86930847167969,113.86930847167969,113.86930847167969,80,0.0,0.0
2000-08-29 00:00:00-04:00,113.86930847167969,113.86930847167969,113.86930847167969,113.86930847167969,33,0.0,0.0
2000-08-30 00:00:00-04:00,113.86929692448797,113.86929692448797,109.43283081054688,109.43283081054688,173,0.0,0.0
2000-08-31 00:00:00-04:00,110.17220948871812,113.86926349840665,110.17220948871812,112.39044189453125,213,0.0,0.0
2000-09-01 00:00:00-04:00,110.91165161132812,110.91165161132812,110.91165161132812,110.91165161132812,33,0.0,0.0
2000-09-05 00:00:00-04:00,109.43283081054688,109.43283081054688,109.43283081054688,109.43283081054688,73,0.0,0.0
2000-09-06 00:00:00-04:00,107.95401901668973,107.95401901668973,106.4751968383789,106.4751968383789,93,0.0,0.0
2000-09-07 00:00:00-04:00,104.99636321136916,104.99636321136916,102.0387191772461,102.0387191772461,253,0.0,0.0
2000-09-08 00:00:00-04:00,102.03872614798786,103.51754826607463,102.03872614798786,102.77813720703125,153,0.0,0.0
2000-09-11 00:00:00-04:00,102.0387191772461,102.0387191772461,102.0387191772461,102.0387191772461,107,0.0,0.0
2000-09-12 00:00:00-04:00,102.03871739164312,104.9963613740096,100.5598954004599,104.25695037841797,220,0.0,0.0
2000-09-13 00:00:00-04:00,103.51754244636086,103.51754244636086,100.55989837646484,100.55989837646484,267,0.0,0.0
2000-09-14 00:00:00-04:00,100.55989837646484,100.55989837646484,100.55989837646484,100.55989837646484,33,0.0,0.0
2000-09-15 00:00:00-04:00,103.51756520514941,103.51756520514941,100.55992048500228,101.29933166503906,400,0.0,0.0
2000-09-18 00:00:00-04:00,100.55989837646484,100.55989837646484,100.55989837646484,100.55989837646484,80,0.0,0.0
2000-09-19 00:00:00-04:00,101.29933166503906,101.29933166503906,100.55992048500228,101.29933166503906,53,0.0,0.0
2000-09-20 00:00:00-04:00,100.55987639925374,100.55987639925374,99.0810546875,99.0810546875,200,0.0,0.0
2000-09-21 00:00:00-04:00,99.0810801579402,99.0810801579402,96.1234359741211,96.1234359741211,113,0.0,0.0
2000-09-22 00:00:00-04:00,96.1234359741211,96.1234359741211,96.1234359741211,96.1234359741211,0,0.0,0.0
2000-09-25 00:00:00-04:00,96.1234359741211,96.1234359741211,96.1234359741211,96.1234359741211,167,0.0,0.0
2000-09-26 00:00:00-04:00,99.0810801579402,99.0810801579402,96.1234359741211,96.1234359741211,347,0.0,0.0
2000-09-27 00:00:00-04:00,96.1234359741211,96.1234359741211,96.1234359741211,96.1234359741211,0,0.0,0.0
2000-09-28 00:00:00-04:00,96.1234359741211,96.1234359741211,96.1234359741211,96.1234359741211,27,0.0,0.0
2000-09-29 00:00:00-04:00,96.1234359741211,96.1234359741211,96.1234359741211,96.1234359741211,40,0.0,0.0
2000-10-02 00:00:00-04:00,96.1234359741211,96.1234359741211,96.1234359741211,96.1234359741211,67,0.0,0.0
2000-10-03 00:00:00-04:00,96.1234359741211,96.1234359741211,96.1234359741211,96.1234359741211,80,0.0,0.0
2000-10-04 00:00:00-04:00,96.1234359741211,96.1234359741211,96.1234359741211,96.1234359741211,33,0.0,0.0
2000-10-05 00:00:00-04:00,96.12342953681946,96.12342953681946,94.64460754394531,94.64460754394531,107,0.0,0.0
2000-10-06 00:00:00-04:00,94.64461388221154,96.1234359741211,94.64461388221154,96.1234359741211,53,0.0,0.0
2000-10-09 00:00:00-04:00,94.64460754394531,94.64460754394531,94.64460754394531,94.64460754394531,47,0.0,0.0
2000-10-10 00:00:00-04:00,94.64460754394531,94.64460754394531,94.64460754394531,94.64460754394531,87,0.0,0.0
2000-10-11 00:00:00-04:00,94.64461000504033,94.64461000504033,91.68696594238281,91.68696594238281,200,0.0,0.0
2000-10-12 00:00:00-04:00,93.16579712414351,93.16579712414351,88.72933059442238,90.2081527709961,313,0.0,0.0
2000-10-13 00:00:00-04:00,90.2081527709961,90.2081527709961,90.2081527709961,90.2081527709961,47,0.0,0.0
2000-10-16 00:00:00-04:00,90.2081527709961,90.2081527709961,90.2081527709961,90.2081527709961,40,0.0,0.0
2000-10-17 00:00:00-04:00,90.20813865661621,90.20813865661621,87.25049476623535,88.72931671142578,727,0.0,0.0
2000-10-18 00:00:00-04:00,87.25049476623535,88.72931671142578,87.25049476623535,88.72931671142578,60,0.0,0.0
2000-10-19 00:00:00-04:00,88.72931671142578,88.72931671142578,88.72931671142578,88.72931671142578,447,0.0,0.0
2000-10-20 00:00:00-04:00,87.25051879882812,87.25051879882812,87.25051879882812,87.25051879882812,100,0.0,0.0
2000-10-23 00:00:00-04:00,87.25051879882812,87.25051879882812,87.25051879882812,87.25051879882812,200,0.0,0.0
2000-10-24 00:00:00-04:00,87.25051879882812,87.25051879882812,87.25051879882812,87.25051879882812,67,0.0,0.0
2000-10-25 00:00:00-04:00,87.25051879882812,87.25051879882812,87.25051879882812,87.25051879882812,0,0.0,0.0
2000-10-26 00:00:00-04:00,87.25051879882812,87.25051879882812,87.25051879882812,87.25051879882812,0,0.0,0.0
2000-10-27 00:00:00-04:00,85.77166748046875,85.77166748046875,85.77166748046875,85.77166748046875,53,0.0,0.0
2000-10-30 00:00:00-05:00,87.25048933358028,87.25048933358028,85.77166748046875,85.77166748046875,47,0.0,0.0
2000-10-31 00:00:00-05:00,85.77166748046875,87.25048933358028,85.77166748046875,85.77166748046875,100,0.0,0.0
2000-11-01 00:00:00-05:00,85.77166748046875,85.77166748046875,85.77166748046875,85.77166748046875,80,0.0,0.0
2000-11-02 00:00:00-05:00,85.77166748046875,85.77166748046875,85.77166748046875,85.77166748046875,0,0.0,0.0
2000-11-03 00:00:00-05:00,85.77166748046875,85.77166748046875,85.77166748046875,85.77166748046875,0,0.0,0.0
2000-11-06 00:00:00-05:00,87.25051879882812,87.25051879882812,87.25051879882812,87.25051879882812,13,0.0,0.0
2000-11-07 00:00:00-05:00,88.72933412209535,88.72933412209535,86.51110076904297,86.51110076904297,20,0.0,0.0
2000-11-08 00:00:00-05:00,86.51110076904297,86.51110076904297,86.51110076904297,86.51110076904297,0,0.0,0.0
2000-11-09 00:00:00-05:00,87.25048933358028,87.25048933358028,85.77166748046875,85.77166748046875,767,0.0,0.0
2000-11-10 00:00:00-05:00,85.77166748046875,85.77166748046875,85.77166748046875,85.77166748046875,0,0.0,0.0
2000-11-13 00:00:00-05:00,87.25051879882812,87.25051879882812,87.25051879882812,87.25051879882812,33,0.0,0.0
2000-11-14 00:00:00-05:00,88.729332675453,88.729332675453,87.98992156982422,87.98992156982422,20,0.0,0.0
2000-11-15 00:00:00-05:00,87.98992156982422,87.98992156982422,87.98992156982422,87.98992156982422,0,0.0,0.0
2000-11-16 00:00:00-05:00,87.25049476623535,88.72931671142578,87.25049476623535,88.72931671142578,1333,0.0,0.0
2000-11-17 00:00:00-05:00,90.20813865661621,90.20813865661621,88.72931671142578,88.72931671142578,333,0.0,0.0
2000-11-20 00:00:00-05:00,88.72933059442238,90.94756385928294,88.72933059442238,90.2081527709961,1087,0.0,0.0
2000-11-21 00:00:00-05:00,90.94756385928294,90.94756385928294,90.2081527709961,90.2081527709961,320,0.0,0.0
2000-11-22 00:00:00-05:00,91.68696594238281,91.68696594238281,90.20814391105407,91.68696594238281,460,0.0,0.0
2000-11-24 00:00:00-05:00,91.68696594238281,91.68696594238281,91.68696594238281,91.68696594238281,133,0.0,0.0
2000-11-27 00:00:00-05:00,93.16578555107117,94.64460754394531,93.16578555107117,94.64460754394531,273,0.0,0.0
2000-11-28 00:00:00-05:00,96.1234322716208,100.55989837646484,96.1234322716208,100.55989837646484,453,0.0,0.0
2000-11-29 00:00:00-05:00,99.08106938114872,100.55989131221065,99.08106938114872,99.82048034667969,100,0.0,0.0
2000-11-30 00:00:00-05:00,102.03869541713169,103.51751708984375,102.03869541713169,103.51751708984375,200,0.0,0.0
2000-12-01 00:00:00-05:00,102.03872041141285,102.03872041141285,99.08107634151682,100.55989837646484,400,0.0,0.0
2000-12-04 00:00:00-05:00,99.0810546875,99.0810546875,99.0810546875,99.0810546875,67,0.0,0.0
2000-12-05 00:00:00-05:00,99.08107634151682,100.55989837646484,99.08107634151682,100.55989837646484,53,0.0,0.0
2000-12-06 00:00:00-05:00,100.55989716018455,102.0387191772461,100.55989716018455,102.0387191772461,73,0.0,0.0
2000-12-07 00:00:00-05:00,102.0387191772461,102.0387191772461,102.0387191772461,102.0387191772461,0,0.0,0.0
2000-12-08 00:00:00-05:00,103.51752375213192,104.99634552001953,103.51752375213192,104.99634552001953,133,0.0,0.0
2000-12-11 00:00:00-05:00,105.73577421989994,105.73577421989994,102.0387191772461,102.0387191772461,207,0.0,0.0
2000-12-12 00:00:00-05:00,102.0387191772461,102.0387191772461,102.0387191772461,102.0387191772461,40,0.0,0.0
2000-12-13 00:00:00-05:00,102.0387191772461,102.0387191772461,102.0387191772461,102.0387191772461,0,0.0,0.0
2000-12-14 00:00:00-05:00,102.0387191772461,102.0387191772461,102.0387191772461,102.0387191772461,13,0.0,0.0
2000-12-15 00:00:00-05:00,104.99637332027905,107.95401763916016,103.51755116083851,107.95401763916016,347,0.0,0.0
2000-12-18 00:00:00-05:00,107.9539952771417,109.43281713025324,107.21458435058594,107.21458435058594,60,0.0,0.0
2000-12-19 00:00:00-05:00,106.4751968383789,106.4751968383789,106.4751968383789,106.4751968383789,7,0.0,0.0
2000-12-20 00:00:00-05:00,104.99634552001953,104.99634552001953,104.99634552001953,104.99634552001953,7,0.0,0.0
2000-12-21 00:00:00-05:00,104.25692792619978,104.25692792619978,103.51751708984375,103.51751708984375,133,0.0,0.0
2000-12-22 00:00:00-05:00,103.51751708984375,104.99633876255581,103.51751708984375,103.51751708984375,120,0.0,0.0
2000-12-26 00:00:00-05:00,102.03869541713169,103.51751708984375,102.03869541713169,103.51751708984375,107,0.0,0.0
2000-12-27 00:00:00-05:00,102.03871624286359,105.73577117919922,102.03871624286359,105.73577117919922,373,0.0,0.0
2000-12-28 00:00:00-05:00,103.51755248175726,106.4751968383789,100.55990812513564,106.4751968383789,1667,0.0,0.0
2000-12-29 00:00:00-05:00,106.47520329402043,115.34813690185547,106.47520329402043,115.34813690185547,1613,0.0,0.0
2001-01-02 00:00:00-05:00,112.39044189453125,112.39044189453125,112.39044189453125,112.39044189453125,187,0.0,0.0
2001-01-03 00:00:00-05:00,109.43279868678043,112.39044189453125,109.43279868678043,112.39044189453125,280,0.0,0.0
2001-01-04 00:00:00-05:00,113.86930847167969,113.86930847167969,113.86930847167969,113.86930847167969,73,0.0,0.0
2001-01-05 00:00:00-05:00,116.82693481445311,116.82693481445311,116.82693481445311,116.82693481445312,33,0.0,0.0
2001-01-08 00:00:00-05:00,115.3481128547765,118.30575677412973,115.3481128547765,116.82693481445312,4187,0.0,0.0
2001-01-09 00:00:00-05:00,116.82695916982797,116.82695916982797,115.34813690185547,115.34813690185547,167,0.0,0.0
2001-01-10 00:00:00-05:00,116.82695075357036,116.82695075357036,116.08753967285156,116.08753967285156,33,0.0,0.0
2001-01-11 00:00:00-05:00,115.3481128547765,116.82693481445311,115.3481128547765,116.82693481445312,73,0.0,0.0
2001-01-12 00:00:00-05:00,115.34814891815185,118.30579376220702,115.34814891815185,118.30579376220703,93,0.0,0.0
2001-01-16 00:00:00-05:00,117.56638255119323,118.30579376220702,117.56638255119323,118.30579376220703,87,0.0,0.0
2001-01-17 00:00:00-05:00,117.56634521484375,117.56634521484375,117.56634521484375,117.56634521484375,7,0.0,0.0
2001-01-18 00:00:00-05:00,117.56634521484375,117.56634521484375,117.56634521484375,117.56634521484375,27,0.0,0.0
2001-01-19 00:00:00-05:00,117.56634521484375,117.56634521484375,117.56634521484375,117.56634521484375,7,0.0,0.0
2001-01-22 00:00:00-05:00,116.82697134017944,118.30579376220702,115.34814891815185,118.30579376220703,80,0.0,0.0
2001-01-23 00:00:00-05:00,121.26343615947326,121.26343615947326,120.5240249633789,120.5240249633789,27,0.0,0.0
2001-01-24 00:00:00-05:00,120.5240249633789,120.5240249633789,120.5240249633789,120.5240249633789,0,0.0,0.0
2001-01-25 00:00:00-05:00,119.78457641601562,119.78457641601562,119.78457641601562,119.78457641601562,13,0.0,0.0
2001-01-26 00:00:00-05:00,118.30579376220702,118.30579376220702,118.30579376220702,118.30579376220703,60,0.0,0.0
2001-01-29 00:00:00-05:00,120.67188262939455,120.67188262939455,120.67188262939455,120.67188262939453,27,0.0,0.0
2001-01-30 00:00:00-05:00,120.55357360839844,120.67187455389133,120.55357360839844,120.55357360839844,87,0.0,0.0
2001-01-31 00:00:00-05:00,120.55357360839844,120.55357360839844,120.55357360839844,120.55357360839844,0,0.0,0.0
2001-02-01 00:00:00-05:00,121.26341146581314,121.26341146581314,119.8437398514715,120.67188262939453,100,0.0,0.0
2001-02-02 00:00:00-05:00,120.67188262939455,120.67188262939455,120.67188262939455,120.67188262939453,87,0.0,0.0
2001-02-05 00:00:00-05:00,120.67188262939455,120.67188262939455,120.67188262939455,120.67188262939453,0,0.0,0.0
2001-02-06 00:00:00-05:00,120.67188262939455,120.67188262939455,120.67188262939455,120.67188262939453,0,0.0,0.0
2001-02-07 00:00:00-05:00,120.67188262939455,120.67188262939455,120.67188262939455,120.67188262939453,0,0.0,0.0
2001-02-08 00:00:00-05:00,120.67188262939455,120.67188262939455,120.67188262939455,120.67188262939453,0,0.0,0.0
2001-02-09 00:00:00-05:00,120.67188262939455,120.67188262939455,120.67188262939455,120.67188262939453,0,0.0,0.0
2001-02-12 00:00:00-05:00,120.67188262939455,120.67188262939455,120.67188262939455,120.67188262939453,0,0.0,0.0
2001-02-13 00:00:00-05:00,121.26634216308594,121.26634216308594,121.26634216308594,121.26634216308594,133,0.75,0.0
2001-02-14 00:00:00-05:00,121.26634216308594,121.26634216308594,121.26634216308594,121.26634216308594,53,0.0,0.0
2001-02-15 00:00:00-05:00,119.48301696777344,119.48301696777344,119.48301696777344,119.48301696777344,7,0.0,0.0
2001-02-16 00:00:00-05:00,121.26634216308594,121.26634216308594,121.26634216308594,121.26634216308594,7,0.0,0.0
2001-02-20 00:00:00-05:00,121.26632878230167,121.26632878230167,115.91634368896484,115.91634368896484,1893,0.0,0.0
2001-02-21 00:00:00-05:00,115.9163125690661,115.9163125690661,112.94409942626953,112.94409942626953,1387,0.0,0.0
2001-02-22 00:00:00-05:00,112.94411447885874,112.94411447885874,109.9719009399414,109.9719009399414,967,0.0,0.0
2001-02-23 00:00:00-05:00,109.97192425198024,109.97192425198024,106.99971008300781,106.99971008300781,813,0.0,0.0
2001-02-26 00:00:00-05:00,106.99971008300781,106.99971008300781,106.99971008300781,106.99971008300781,100,0.0,0.0
2001-02-27 00:00:00-05:00,106.99969029688573,108.1885757446289,106.99969029688573,108.1885757446289,147,0.0,0.0
2001-02-28 00:00:00-05:00,106.99971008300781,107.5941529168023,106.99971008300781,106.99971008300781,240,0.0,0.0
2001-03-01 00:00:00-05:00,106.99971008300781,106.99971008300781,106.99971008300781,106.99971008300781,167,0.0,0.0
2001-03-02 00:00:00-05:00,106.99971008300781,106.99971008300781,106.99971008300781,106.99971008300781,0,0.0,0.0
2001-03-05 00:00:00-05:00,106.99971008300781,106.99971008300781,106.99971008300781,106.99971008300781,7,0.0,0.0
2001-03-06 00:00:00-05:00,108.54525903207939,108.54525903207939,106.99971008300781,106.99971008300781,133,0.0,0.0
2001-03-07 00:00:00-05:00,106.99971008300781,106.99971008300781,106.99971008300781,106.99971008300781,33,0.0,0.0
2001-03-08 00:00:00-05:00,106.99968238380588,109.97189578335603,106.99968238380588,109.85301208496094,133,0.0,0.0
2001-03-09 00:00:00-05:00,118.88855743408203,118.88855743408203,118.88855743408203,118.88855743408203,9333,0.0,0.0
2001-03-12 00:00:00-05:00,118.88855743408203,118.88855743408203,118.88855743408203,118.88855743408203,0,0.0,0.0
2001-03-13 00:00:00-05:00,118.88855743408203,118.88855743408203,118.88855743408203,118.88855743408203,7,0.0,0.0
2001-03-14 00:00:00-05:00,115.9163236618042,115.9163236618042,112.94411023457845,114.13299560546875,247,0.0,0.0
2001-03-15 00:00:00-05:00,114.13299560546875,114.13299560546875,114.13299560546875,114.13299560546875,27,0.0,0.0
2001-03-16 00:00:00-05:00,112.94410380911319,112.94410380911319,111.75521850585938,111.75521850585938,100,0.0,0.0
2001-03-19 00:00:00-05:00,111.75521850585938,111.75521850585938,111.75521850585938,111.75521850585938,0,0.0,0.0
2001-03-20 00:00:00-05:00,112.82523369356085,112.82523369356085,105.21636199951172,105.21636199951172,1687,0.0,0.0
2001-03-21 00:00:00-05:00,105.21636199951172,105.21636199951172,105.21636199951172,105.21636199951172,0,0.0,0.0
2001-03-22 00:00:00-05:00,105.21636199951172,105.21636199951172,105.21636199951172,105.21636199951172,0,0.0,0.0
2001-03-23 00:00:00-05:00,106.99971008300781,106.99971008300781,106.99971008300781,106.99971008300781,1400,0.0,0.0
2001-03-26 00:00:00-05:00,106.99971008300781,106.99971008300781,106.99971008300781,106.99971008300781,7,0.0,0.0
2001-03-27 00:00:00-05:00,106.99971008300781,106.99971008300781,106.99971008300781,106.99971008300781,0,0.0,0.0
2001-03-28 00:00:00-05:00,106.88079690691599,106.88079690691599,105.2163525932773,105.45413208007812,5287,0.0,0.0
2001-03-29 00:00:00-05:00,105.45413208007812,105.45413208007812,105.45413208007812,105.45413208007812,0,0.0,0.0
2001-03-30 00:00:00-05:00,105.45413208007812,105.45413208007812,105.45413208007812,105.45413208007812,0,0.0,0.0
2001-04-02 00:00:00-04:00,105.21636199951172,105.21636199951172,105.21636199951172,105.21636199951172,13,0.0,0.0
2001-04-03 00:00:00-04:00,105.21636199951172,105.21636199951172,105.21636199951172,105.21636199951172,0,0.0,0.0
2001-04-04 00:00:00-04:00,106.9997197931463,106.9997197931463,103.4330624667081,104.6219482421875,73,0.0,0.0
2001-04-05 00:00:00-04:00,104.62192382812499,104.62192382812499,104.02748107910156,104.02748107910156,100,0.0,0.0
2001-04-06 00:00:00-04:00,104.02748107910156,104.02748107910156,104.02748107910156,104.02748107910156,113,0.0,0.0
2001-04-09 00:00:00-04:00,104.02748107910156,104.02748107910156,104.02748107910156,104.02748107910156,0,0.0,0.0
2001-04-10 00:00:00-04:00,104.02748107910156,104.02748107910156,104.02748107910156,104.02748107910156,160,0.0,0.0
2001-04-11 00:00:00-04:00,104.02748107910156,104.02748107910156,104.02748107910156,104.02748107910156,0,0.0,0.0
2001-04-12 00:00:00-04:00,106.99971008300781,106.99971008300781,106.99971008300781,106.99971008300781,133,0.0,0.0
2001-04-16 00:00:00-04:00,106.88080191581025,106.88080191581025,106.40524291992188,106.40524291992188,87,0.0,0.0
2001-04-17 00:00:00-04:00,105.81083617099496,105.81083617099496,102.24417877197266,102.24417877197266,307,0.0,0.0
2001-04-18 00:00:00-04:00,102.24417877197266,102.24417877197266,102.24417877197266,102.24417877197266,0,0.0,0.0
2001-04-19 00:00:00-04:00,105.2163644837777,105.2163644837777,105.09748077392578,105.09748077392578,53,0.0,0.0
2001-04-20 00:00:00-04:00,105.09748077392578,105.09748077392578,105.09748077392578,105.09748077392578,0,0.0,0.0
2001-04-23 00:00:00-04:00,105.09748077392578,105.09748077392578,105.09748077392578,105.09748077392578,0,0.0,0.0
2001-04-24 00:00:00-04:00,106.99971008300781,106.99971008300781,106.99971008300781,106.99971008300781,7,0.0,0.0
2001-04-25 00:00:00-04:00,106.99971008300781,106.99971008300781,106.99971008300781,106.99971008300781,0,0.0,0.0
2001-04-26 00:00:00-04:00,106.99971008300781,106.99971008300781,106.99971008300781,106.99971008300781,0,0.0,0.0
2001-04-27 00:00:00-04:00,106.99971008300781,106.99971008300781,106.99971008300781,106.99971008300781,0,0.0,0.0
2001-04-30 00:00:00-04:00,105.45417070381738,105.45417070381738,104.6219482421875,104.6219482421875,47,0.0,0.0
2001-05-01 00:00:00-04:00,104.6219482421875,104.6219482421875,104.6219482421875,104.6219482421875,47,0.0,0.0
2001-05-02 00:00:00-04:00,104.6219482421875,104.6219482421875,104.6219482421875,104.6219482421875,0,0.0,0.0
2001-05-03 00:00:00-04:00,105.81083679199219,105.81083679199219,105.81083679199219,105.81083679199219,33,0.0,0.0
2001-05-04 00:00:00-04:00,104.26526059750466,104.26526059750466,104.02748107910156,104.02748107910156,140,0.0,0.0
2001-05-07 00:00:00-04:00,104.02748107910156,104.02748107910156,104.02748107910156,104.02748107910156,0,0.0,0.0
2001-05-08 00:00:00-04:00,104.02748107910156,104.02748107910156,104.02748107910156,104.02748107910156,33,0.0,0.0
2001-05-09 00:00:00-04:00,104.02748107910156,104.02748107910156,104.02748107910156,104.02748107910156,7,0.0,0.0
2001-05-10 00:00:00-04:00,104.02748107910156,104.02748107910156,104.02748107910156,104.02748107910156,0,0.0,0.0
2001-05-11 00:00:00-04:00,104.02748107910156,104.02748107910156,104.02748107910156,104.02748107910156,7,0.0,0.0
2001-05-14 00:00:00-04:00,104.6219482421875,104.6219482421875,104.6219482421875,104.6219482421875,7,0.0,0.0
2001-05-15 00:00:00-04:00,104.6219482421875,104.6219482421875,104.6219482421875,104.6219482421875,33,0.0,0.0
2001-05-16 00:00:00-04:00,104.6219482421875,104.6219482421875,104.6219482421875,104.6219482421875,0,0.0,0.0
2001-05-17 00:00:00-04:00,105.69194793701172,105.69194793701172,105.69194793701172,105.69194793701172,7,0.0,0.0
2001-05-18 00:00:00-04:00,105.69194793701172,105.69194793701172,105.69194793701172,105.69194793701172,0,0.0,0.0
2001-05-21 00:00:00-04:00,104.62194592518834,105.69194793701172,104.62194592518834,105.69194793701172,53,0.0,0.0
2001-05-22 00:00:00-04:00,105.69194793701172,105.69194793701172,105.69194793701172,105.69194793701172,0,0.0,0.0
2001-05-23 00:00:00-04:00,105.69194793701172,105.69194793701172,105.69194793701172,105.69194793701172,0,0.0,0.0
2001-05-24 00:00:00-04:00,105.8108047226728,105.8108047226728,105.21636199951172,105.21636199951172,40,0.0,0.0
2001-05-25 00:00:00-04:00,105.21636199951172,105.21636199951172,105.21636199951172,105.21636199951172,0,0.0,0.0
2001-05-29 00:00:00-04:00,105.21636199951172,105.21636199951172,105.21636199951172,105.21636199951172,0,0.0,0.0
2001-05-30 00:00:00-04:00,104.02748107910156,104.02748107910156,104.02748107910156,104.02748107910156,47,0.0,0.0
2001-05-31 00:00:00-04:00,104.02750808201479,105.81083679199219,104.02750808201479,105.81083679199219,880,0.0,0.0
2001-06-01 00:00:00-04:00,105.81083679199219,105.81083679199219,105.81083679199219,105.81083679199219,0,0.0,0.0
2001-06-04 00:00:00-04:00,105.81084199997058,106.88084411621094,105.81084199997058,106.88084411621094,300,0.0,0.0
2001-06-05 00:00:00-04:00,106.88084411621094,106.88084411621094,106.88084411621094,106.88084411621094,0,0.0,0.0
2001-06-06 00:00:00-04:00,105.92970275878906,105.92970275878906,105.92970275878906,105.92970275878906,7,0.0,0.0
2001-06-07 00:00:00-04:00,106.99971008300781,106.99971008300781,106.99971008300781,106.99971008300781,133,0.0,0.0
2001-06-08 00:00:00-04:00,106.99971008300781,106.99971008300781,106.99971008300781,106.99971008300781,0,0.0,0.0
2001-06-11 00:00:00-04:00,106.99971008300781,106.99971008300781,106.99971008300781,106.99971008300781,0,0.0,0.0
2001-06-12 00:00:00-04:00,106.99971008300781,106.99971008300781,106.99971008300781,106.99971008300781,0,0.0,0.0
2001-06-13 00:00:00-04:00,108.42637528044429,109.13970184326172,108.42637528044429,109.13970184326172,293,0.0,0.0
2001-06-14 00:00:00-04:00,109.13970184326172,109.13970184326172,109.13970184326172,109.13970184326172,0,0.0,0.0
2001-06-15 00:00:00-04:00,108.54524230957033,108.54524230957033,108.54524230957033,108.54524230957031,113,0.0,0.0
2001-06-18 00:00:00-04:00,108.54525903207939,108.54525903207939,106.99971008300781,106.99971008300781,167,0.0,0.0
2001-06-19 00:00:00-04:00,106.99971008300781,106.99971008300781,106.99971008300781,106.99971008300781,133,0.0,0.0
2001-06-20 00:00:00-04:00,106.99971008300781,106.99971008300781,106.99971008300781,106.99971008300781,0,0.0,0.0
2001-06-21 00:00:00-04:00,105.81083679199219,105.81083679199219,105.81083679199219,105.81083679199219,160,0.0,0.0
2001-06-22 00:00:00-04:00,106.99971008300781,106.99971008300781,106.99971008300781,106.99971008300781,7,0.0,0.0
2001-06-25 00:00:00-04:00,106.99971008300781,106.99971008300781,106.99971008300781,106.99971008300781,133,0.0,0.0
2001-06-26 00:00:00-04:00,102.24415283203125,104.02748107910156,102.24415283203125,104.02748107910156,467,0.0,0.0
2001-06-27 00:00:00-04:00,104.02748107910156,104.02748107910156,104.02748107910156,104.02748107910156,0,0.0,0.0
2001-06-28 00:00:00-04:00,104.02748107910156,104.02748107910156,104.02748107910156,104.02748107910156,0,0.0,0.0
2001-06-29 00:00:00-04:00,103.90857696533203,103.90857696533203,103.90857696533203,103.90857696533203,7,0.0,0.0
2001-07-02 00:00:00-04:00,103.43302154541016,103.43302154541016,103.43302154541016,103.43302154541016,20,0.0,0.0
2001-07-03 00:00:00-04:00,103.43302154541016,103.43302154541016,103.43302154541016,103.43302154541016,0,0.0,0.0
2001-07-05 00:00:00-04:00,103.43302154541016,103.43302154541016,103.43302154541016,103.43302154541016,73,0.0,0.0
2001-07-06 00:00:00-04:00,103.90859736688435,104.02748107910156,103.90859736688435,104.02748107910156,93,0.0,0.0
2001-07-09 00:00:00-04:00,104.02748107910156,104.02748107910156,104.02748107910156,104.02748107910156,0,0.0,0.0
2001-07-10 00:00:00-04:00,102.36306251435136,103.43306457164675,102.24417877197266,102.24417877197266,200,0.0,0.0
2001-07-11 00:00:00-04:00,102.24414811733953,102.24414811733953,99.27193450927734,99.27193450927734,213,0.0,0.0
2001-07-12 00:00:00-04:00,99.27193450927734,99.27193450927734,99.27193450927734,99.27193450927734,0,0.0,0.0
2001-07-13 00:00:00-04:00,96.8941879272461,96.8941879272461,96.8941879272461,96.8941879272461,100,0.0,0.0
2001-07-16 00:00:00-04:00,96.8941879272461,96.8941879272461,96.8941879272461,96.8941879272461,7,0.0,0.0
2001-07-17 00:00:00-04:00,97.48859494000662,97.48859494000662,97.36970520019531,97.36970520019531,133,0.0,0.0
2001-07-18 00:00:00-04:00,97.48859727239034,99.74747819491488,97.48859727239034,98.67748260498047,73,0.0,0.0
2001-07-19 00:00:00-04:00,98.0830399386854,98.67748260498047,98.0830399386854,98.67748260498047,60,0.0,0.0
2001-07-20 00:00:00-04:00,98.67748260498047,98.67748260498047,98.67748260498047,98.67748260498047,33,0.0,0.0
2001-07-23 00:00:00-04:00,98.55859286232476,98.67748260498047,98.55859286232476,98.67748260498047,20,0.0,0.0
2001-07-24 00:00:00-04:00,98.67748260498047,98.67748260498047,98.67748260498047,98.67748260498047,53,0.0,0.0
2001-07-25 00:00:00-04:00,98.67748260498047,98.67748260498047,98.67748260498047,98.67748260498047,167,0.0,0.0
2001-07-26 00:00:00-04:00,98.67748260498047,98.67748260498047,98.67748260498047,98.67748260498047,0,0.0,0.0
2001-07-27 00:00:00-04:00,101.64972686767578,101.64972686767578,101.64972686767578,101.64972686767578,333,0.0,0.0
2001-07-30 00:00:00-04:00,101.64972686767578,101.64972686767578,101.64972686767578,101.64972686767578,0,0.0,0.0
2001-07-31 00:00:00-04:00,104.6219482421875,104.6219482421875,104.6219482421875,104.6219482421875,167,0.0,0.0
2001-08-01 00:00:00-04:00,106.88082635383708,106.99971008300781,106.88082635383708,106.99971008300781,80,0.0,0.0
2001-08-02 00:00:00-04:00,106.99971008300781,106.99971008300781,106.99971008300781,106.99971008300781,0,0.0,0.0
2001-08-03 00:00:00-04:00,108.18858329242563,111.16079711914062,108.18858329242563,111.16079711914062,640,0.0,0.0
2001-08-06 00:00:00-04:00,111.16076644996008,112.82521057128906,111.16076644996008,112.82521057128906,87,0.0,0.0
2001-08-07 00:00:00-04:00,112.34966115748628,112.34966115748628,111.16077585423245,111.75521850585938,233,0.0,0.0
2001-08-08 00:00:00-04:00,111.75521850585938,111.75521850585938,111.75521850585938,111.75521850585938,67,0.0,0.0
2001-08-09 00:00:00-04:00,111.75524972330518,114.01413726806642,111.75524972330518,114.0141372680664,153,0.0,0.0
2001-08-10 00:00:00-04:00,114.01413726806642,114.01413726806642,114.01413726806642,114.0141372680664,0,0.0,0.0
2001-08-13 00:00:00-04:00,114.01413726806642,114.01413726806642,114.01413726806642,114.0141372680664,0,0.0,0.0
2001-08-14 00:00:00-04:00,114.01413726806642,114.01413726806642,114.01413726806642,114.0141372680664,0,0.0,0.0
2001-08-15 00:00:00-04:00,114.01413726806642,114.01413726806642,114.01413726806642,114.0141372680664,0,0.0,0.0
2001-08-16 00:00:00-04:00,111.75521850585938,111.75521850585938,111.75521850585938,111.75521850585938,13,0.0,0.0
2001-08-17 00:00:00-04:00,111.75521850585938,111.75521850585938,111.75521850585938,111.75521850585938,247,0.0,0.0
2001-08-20 00:00:00-04:00,111.75521850585938,111.75521850585938,111.75521850585938,111.75521850585938,13,0.0,0.0
2001-08-21 00:00:00-04:00,113.5385529200236,114.13299560546875,113.5385529200236,114.13299560546875,333,0.0,0.0
2001-08-22 00:00:00-04:00,115.91635373559328,120.07745361328124,115.91635373559328,120.07745361328125,433,0.0,0.0
2001-08-23 00:00:00-04:00,120.43411254882812,120.67189209490274,118.29412082209677,120.43411254882812,240,0.0,0.0
2001-08-24 00:00:00-04:00,118.41299354824176,118.41299354824176,117.22410802227961,117.93744659423828,353,0.0,0.0
2001-08-27 00:00:00-04:00,116.74856298527598,116.74856298527598,114.72745513916016,114.72745513916016,220,0.0,0.0
2001-08-28 00:00:00-04:00,113.77635955810547,113.77635955810547,113.77635955810547,113.77635955810547,100,0.0,0.0
2001-08-29 00:00:00-04:00,113.77635955810547,113.77635955810547,113.77635955810547,113.77635955810547,0,0.0,0.0
2001-08-30 00:00:00-04:00,112.58746217475763,112.58746217475763,111.16079711914062,111.16079711914062,200,0.0,0.0
2001-08-31 00:00:00-04:00,110.56635284423828,110.56635284423828,110.56635284423828,110.56635284423828,33,0.0,0.0
2001-09-04 00:00:00-04:00,110.56635284423828,110.56635284423828,110.56635284423828,110.56635284423828,0,0.0,0.0
2001-09-05 00:00:00-04:00,110.56635284423828,110.56635284423828,110.56635284423828,110.56635284423828,33,0.0,0.0
2001-09-06 00:00:00-04:00,109.9719009399414,109.9719009399414,109.9719009399414,109.9719009399414,67,0.0,0.0
2001-09-07 00:00:00-04:00,108.78304290771484,108.78304290771484,108.78304290771484,108.78304290771484,53,0.0,0.0
2001-09-10 00:00:00-04:00,109.97189936430557,109.97189936430557,109.37745666503906,109.37745666503906,60,0.0,0.0
2001-09-17 00:00:00-04:00,108.1885858667473,108.1885858667473,107.59414308725968,108.0697021484375,120,0.0,0.0
2001-09-18 00:00:00-04:00,107.59415435791016,107.59415435791016,107.59415435791016,107.59415435791016,53,0.0,0.0
2001-09-19 00:00:00-04:00,107.59415435791016,107.59415435791016,107.59415435791016,107.59415435791016,0,0.0,0.0
2001-09-20 00:00:00-04:00,106.99971008300781,106.99971008300781,106.99971008300781,106.99971008300781,133,0.0,0.0
2001-09-21 00:00:00-04:00,106.99971008300781,106.99971008300781,106.99971008300781,106.99971008300781,67,0.0,0.0
2001-09-24 00:00:00-04:00,106.99971008300781,106.99971008300781,106.99971008300781,106.99971008300781,133,0.0,0.0
2001-09-25 00:00:00-04:00,107.5941707977229,107.5941707977229,106.88084411621094,106.88084411621094,167,0.0,0.0
2001-09-26 00:00:00-04:00,104.02750808201479,105.81083679199219,104.02750808201479,105.81083679199219,67,0.0,0.0
2001-09-27 00:00:00-04:00,105.81083679199219,105.81083679199219,105.81083679199219,105.81083679199219,7,0.0,0.0
2001-09-28 00:00:00-04:00,105.21639388866639,105.81083679199219,105.21639388866639,105.81083679199219,67,0.0,0.0
2001-10-01 00:00:00-04:00,105.81083679199219,105.81083679199219,105.81083679199219,105.81083679199219,33,0.0,0.0
2001-10-02 00:00:00-04:00,105.81083679199219,105.81083679199219,105.81083679199219,105.81083679199219,0,0.0,0.0
2001-10-03 00:00:00-04:00,105.81083679199219,105.81083679199219,105.81083679199219,105.81083679199219,0,0.0,0.0
2001-10-04 00:00:00-04:00,105.81083679199219,105.81083679199219,105.81083679199219,105.81083679199219,47,0.0,0.0
2001-10-05 00:00:00-04:00,105.81083679199219,105.81083679199219,105.81083679199219,105.81083679199219,13,0.0,0.0
2001-10-08 00:00:00-04:00,105.81083679199219,105.81083679199219,105.81083679199219,105.81083679199219,0,0.0,0.0
2001-10-09 00:00:00-04:00,105.81083679199219,105.81083679199219,105.81083679199219,105.81083679199219,0,0.0,0.0
2001-10-10 00:00:00-04:00,105.81083679199219,105.81083679199219,105.81083679199219,105.81083679199219,0,0.0,0.0
2001-10-11 00:00:00-04:00,105.81083679199219,105.81083679199219,105.81083679199219,105.81083679199219,0,0.0,0.0
2001-10-12 00:00:00-04:00,104.02748107910156,104.02748107910156,104.02748107910156,104.02748107910156,100,0.0,0.0
2001-10-15 00:00:00-04:00,104.02748107910156,104.02748107910156,104.02748107910156,104.02748107910156,0,0.0,0.0
2001-10-16 00:00:00-04:00,103.43302154541016,103.43302154541016,103.43302154541016,103.43302154541016,33,0.0,0.0
2001-10-17 00:00:00-04:00,103.43302154541016,103.43302154541016,103.43302154541016,103.43302154541016,0,0.0,0.0
2001-10-18 00:00:00-04:00,103.43302154541016,103.43302154541016,103.43302154541016,103.43302154541016,0,0.0,0.0
2001-10-19 00:00:00-04:00,103.43302154541016,103.43302154541016,103.43302154541016,103.43302154541016,0,0.0,0.0
2001-10-22 00:00:00-04:00,103.43302154541016,103.43302154541016,103.43302154541016,103.43302154541016,47,0.0,0.0
2001-10-23 00:00:00-04:00,103.43302154541016,103.43302154541016,103.43302154541016,103.43302154541016,0,0.0,0.0
2001-10-24 00:00:00-04:00,103.67079761346572,103.67079761346572,103.07635498046875,103.07635498046875,533,0.0,0.0
2001-10-25 00:00:00-04:00,103.07635498046875,103.07635498046875,103.07635498046875,103.07635498046875,0,0.0,0.0
2001-10-26 00:00:00-04:00,102.83857727050781,102.83857727050781,102.83857727050781,102.83857727050781,7,0.0,0.0
2001-10-29 00:00:00-05:00,102.83857727050781,102.83857727050781,102.83857727050781,102.83857727050781,33,0.0,0.0
2001-10-30 00:00:00-05:00,102.83857727050781,102.83857727050781,102.83857727050781,102.83857727050781,47,0.0,0.0
2001-10-31 00:00:00-05:00,102.83857727050781,102.83857727050781,102.83857727050781,102.83857727050781,0,0.0,0.0
2001-11-01 00:00:00-05:00,102.83857727050781,102.83857727050781,102.83857727050781,102.83857727050781,0,0.0,0.0
2001-11-02 00:00:00-05:00,103.43302154541016,103.43302154541016,103.43302154541016,103.43302154541016,67,0.0,0.0
2001-11-05 00:00:00-05:00,102.83857727050781,102.83857727050781,102.83857727050781,102.83857727050781,13,0.0,0.0
2001-11-06 00:00:00-05:00,102.83857727050781,102.83857727050781,102.83857727050781,102.83857727050781,73,0.0,0.0
2001-11-07 00:00:00-05:00,102.8385950152741,102.8385950152741,102.71971130371094,102.71971130371094,67,0.0,0.0
2001-11-08 00:00:00-05:00,102.71971130371094,102.71971130371094,102.71971130371094,102.71971130371094,0,0.0,0.0
2001-11-09 00:00:00-05:00,102.71971130371094,102.71971130371094,102.71971130371094,102.71971130371094,0,0.0,0.0
2001-11-12 00:00:00-05:00,102.71971130371094,102.71971130371094,102.71971130371094,102.71971130371094,0,0.0,0.0
2001-11-13 00:00:00-05:00,102.71971130371094,102.71971130371094,102.71971130371094,102.71971130371094,67,0.0,0.0
2001-11-14 00:00:00-05:00,102.71971130371094,102.71971130371094,102.71971130371094,102.71971130371094,40,0.0,0.0
2001-11-15 00:00:00-05:00,103.43303833007812,104.02748107910156,102.83859558105468,104.02748107910156,367,0.0,0.0
2001-11-16 00:00:00-05:00,104.02748107910156,104.02748107910156,104.02748107910156,104.02748107910156,0,0.0,0.0
2001-11-19 00:00:00-05:00,106.40526724921332,106.99971008300781,106.40526724921332,106.99971008300781,133,0.0,0.0
2001-11-20 00:00:00-05:00,106.99971008300781,106.99971008300781,106.99971008300781,106.99971008300781,7,0.0,0.0
2001-11-21 00:00:00-05:00,106.99971008300781,106.99971008300781,106.99971008300781,106.99971008300781,0,0.0,0.0
2001-11-23 00:00:00-05:00,106.99971008300781,106.99971008300781,106.99971008300781,106.99971008300781,0,0.0,0.0
2001-11-26 00:00:00-05:00,106.99971008300781,106.99971008300781,106.99971008300781,106.99971008300781,0,0.0,0.0
2001-11-27 00:00:00-05:00,106.88080658969868,108.1885757446289,106.88080658969868,108.1885757446289,27,0.0,0.0
2001-11-28 00:00:00-05:00,107.59415435791016,107.59415435791016,107.59415435791016,107.59415435791016,47,0.0,0.0
2001-11-29 00:00:00-05:00,108.78302128625718,110.20968627929688,108.78302128625718,110.20968627929688,153,0.0,0.0
2001-11-30 00:00:00-05:00,112.9441357642105,115.32190704345703,112.9441357642105,115.32190704345703,760,0.0,0.0
2001-12-03 00:00:00-05:00,114.96523764672108,115.91634368896484,114.96523764672108,115.91634368896484,1000,0.0,0.0
2001-12-04 00:00:00-05:00,114.84635925292969,114.84635925292969,114.84635925292969,114.84635925292969,7,0.0,0.0
2001-12-05 00:00:00-05:00,115.79745996892292,115.91634368896484,115.79745996892292,115.91634368896484,80,0.0,0.0
2001-12-06 00:00:00-05:00,116.51078796386719,116.51078796386719,116.51078796386719,116.51078796386719,27,0.0,0.0
2001-12-07 00:00:00-05:00,116.39189910888672,116.39189910888672,116.39189910888672,116.39189910888672,27,0.0,0.0
2001-12-10 00:00:00-05:00,116.39189910888672,116.39189910888672,116.39189910888672,116.39189910888672,0,0.0,0.0
2001-12-11 00:00:00-05:00,116.39189910888672,116.39189910888672,116.39189910888672,116.39189910888672,67,0.0,0.0
2001-12-12 00:00:00-05:00,115.91634368896484,115.91634368896484,115.91634368896484,115.91634368896484,213,0.0,0.0
2001-12-13 00:00:00-05:00,115.91634368896484,115.91634368896484,115.91634368896484,115.91634368896484,0,0.0,0.0
2001-12-14 00:00:00-05:00,115.9163125690661,115.9163125690661,112.94409942626953,112.94409942626953,193,0.0,0.0
2001-12-17 00:00:00-05:00,112.94411447885874,112.94411447885874,109.9719009399414,109.9719009399414,213,0.0,0.0
2001-12-18 00:00:00-05:00,109.9719009399414,109.9719009399414,109.9719009399414,109.9719009399414,67,0.0,0.0
2001-12-19 00:00:00-05:00,109.9719009399414,109.9719009399414,109.9719009399414,109.9719009399414,0,0.0,0.0
2001-12-20 00:00:00-05:00,112.94409942626953,112.94409942626953,112.94409942626953,112.94409942626953,20,0.0,0.0
2001-12-21 00:00:00-05:00,111.75524551036806,113.53857389617181,105.33525848388672,105.33525848388672,733,0.0,0.0
2001-12-24 00:00:00-05:00,106.99971008300781,106.99971008300781,106.99971008300781,106.99971008300781,40,0.0,0.0
2001-12-26 00:00:00-05:00,106.40527690540661,106.40527690540661,104.0275053544478,104.6219482421875,440,0.0,0.0
2001-12-27 00:00:00-05:00,104.6219482421875,104.6219482421875,104.6219482421875,104.6219482421875,0,0.0,0.0
2001-12-28 00:00:00-05:00,104.02746938373176,104.02746938373176,103.433026701539,103.55191040039062,200,0.0,0.0
2001-12-31 00:00:00-05:00,101.05528174506293,106.99971008300781,101.05528174506293,106.99971008300781,1500,0.0,0.0
2002-01-02 00:00:00-05:00,109.9718968073527,114.13299560546875,109.9718968073527,114.13299560546875,200,0.0,0.0
2002-01-03 00:00:00-05:00,114.13299560546875,114.13299560546875,114.13299560546875,114.13299560546875,0,0.0,0.0
2002-01-04 00:00:00-05:00,117.105224609375,117.105224609375,117.105224609375,117.105224609375,20,0.0,0.0
2002-01-07 00:00:00-05:00,117.105224609375,117.105224609375,117.105224609375,117.105224609375,0,0.0,0.0
2002-01-08 00:00:00-05:00,117.4619140625,117.4619140625,117.4619140625,117.4619140625,7,0.0,0.0
2002-01-09 00:00:00-05:00,117.34299468994139,117.34299468994139,117.34299468994139,117.3429946899414,13,0.0,0.0
2002-01-10 00:00:00-05:00,117.46187839568869,117.46187839568869,117.34299468994139,117.3429946899414,27,0.0,0.0
2002-01-11 00:00:00-05:00,117.34299468994139,117.34299468994139,117.34299468994139,117.3429946899414,0,0.0,0.0
2002-01-14 00:00:00-05:00,117.6996718597412,118.88855743408203,117.6996718597412,118.88855743408203,473,0.0,0.0
2002-01-15 00:00:00-05:00,118.88855743408203,118.88855743408203,118.88855743408203,118.88855743408203,0,0.0,0.0
2002-01-16 00:00:00-05:00,119.95855928857655,119.95855928857655,118.88855743408203,118.88855743408203,127,0.0,0.0
2002-01-17 00:00:00-05:00,118.88855743408203,118.88855743408203,118.88855743408203,118.88855743408203,7,0.0,0.0
2002-01-18 00:00:00-05:00,119.48300022125244,119.48300022125244,118.88855743408203,118.88855743408203,380,0.0,0.0
2002-01-22 00:00:00-05:00,118.88855743408203,118.88855743408203,118.88855743408203,118.88855743408203,0,0.0,0.0
2002-01-23 00:00:00-05:00,118.88855743408203,119.48300022125244,118.88855743408203,118.88855743408203,780,0.0,0.0
2002-01-24 00:00:00-05:00,118.88855743408203,118.88855743408203,118.88855743408203,118.88855743408203,0,0.0,0.0
2002-01-25 00:00:00-05:00,118.88855743408203,118.88855743408203,118.88855743408203,118.88855743408203,53,0.0,0.0
2002-01-28 00:00:00-05:00,120.07745361328124,120.07745361328124,120.07745361328124,120.07745361328125,7,0.0,0.0
2002-01-29 00:00:00-05:00,123.0496716090611,124.83300018310545,123.0496716090611,124.83300018310547,540,0.0,0.0
2002-01-30 00:00:00-05:00,127.80520015292697,128.39964294433594,126.49743084941507,128.39964294433594,200,0.0,0.0
2002-01-31 00:00:00-05:00,127.92404306751583,135.5329132080078,127.92404306751583,135.5329132080078,387,0.0,0.0
2002-02-01 00:00:00-05:00,134.34410095214844,134.34410095214844,134.34410095214844,134.34410095214844,7,0.0,0.0
2002-02-04 00:00:00-05:00,133.74960327148438,133.74960327148438,133.74960327148438,133.74960327148438,33,0.0,0.0
2002-02-05 00:00:00-05:00,136.72187265041654,136.72187265041654,134.34410095214844,134.34410095214844,100,0.0,0.0
2002-02-06 00:00:00-05:00,133.15520965301238,133.15520965301238,131.96632385253906,131.96632385253906,53,0.0,0.0
2002-02-07 00:00:00-05:00,130.77740478515625,130.77740478515625,130.77740478515625,130.77740478515625,33,0.0,0.0
2002-02-08 00:00:00-05:00,130.77740478515625,130.77740478515625,130.77740478515625,130.77740478515625,33,0.0,0.0
2002-02-11 00:00:00-05:00,130.7774369258945,130.7774369258945,129.2318878173828,129.2318878173828,67,0.0,0.0
2002-02-12 00:00:00-05:00,129.58852852715387,129.58852852715387,128.39964294433594,128.39964294433594,120,0.0,0.0
2002-02-13 00:00:00-05:00,127.2051967075893,127.2051967075893,125.41357421875001,125.41357421875,207,0.75,0.0
2002-02-14 00:00:00-05:00,127.80241394042969,127.80241394042969,127.80241394042969,127.80241394042969,13,0.0,0.0
2002-02-15 00:00:00-05:00,127.20526123046875,127.20526123046875,127.20526123046875,127.20526123046875,33,0.0,0.0
2002-02-19 00:00:00-05:00,127.20526123046875,127.20526123046875,127.20526123046875,127.20526123046875,0,0.0,0.0
2002-02-20 00:00:00-05:00,127.20526123046875,127.20526123046875,127.20526123046875,127.20526123046875,0,0.0,0.0
2002-02-21 00:00:00-05:00,127.20526123046875,127.20526123046875,127.20526123046875,127.20526123046875,0,0.0,0.0
2002-02-22 00:00:00-05:00,127.20526123046875,127.20526123046875,127.20526123046875,127.20526123046875,0,0.0,0.0
2002-02-25 00:00:00-05:00,127.20526123046875,127.20526123046875,127.20526123046875,127.20526123046875,0,0.0,0.0
2002-02-26 00:00:00-05:00,127.20526123046875,127.20526123046875,127.20526123046875,127.20526123046875,0,0.0,0.0
2002-02-27 00:00:00-05:00,127.20526123046875,127.20526123046875,127.20526123046875,127.20526123046875,0,0.0,0.0
2002-02-28 00:00:00-05:00,127.20526123046875,127.20526123046875,127.20526123046875,127.20526123046875,0,0.0,0.0
2002-03-01 00:00:00-05:00,127.20526123046875,127.20526123046875,127.20526123046875,127.20526123046875,0,0.0,0.0
2002-03-04 00:00:00-05:00,127.20526123046875,127.20526123046875,127.20526123046875,127.20526123046875,0,0.0,0.0
2002-03-05 00:00:00-05:00,128.99683235977102,129.5940399169922,128.99683235977102,129.5940399169922,107,0.0,0.0
2002-03-06 00:00:00-05:00,131.2662353515625,131.2662353515625,131.2662353515625,131.2662353515625,133,0.0,0.0
2002-03-07 00:00:00-05:00,131.26622264196612,131.26622264196612,128.51905822753906,128.51905822753906,73,0.0,0.0
2002-03-08 00:00:00-05:00,131.2662353515625,131.2662353515625,131.2662353515625,131.2662353515625,27,0.0,0.0
2002-03-11 00:00:00-05:00,131.2662353515625,131.2662353515625,131.2662353515625,131.2662353515625,0,0.0,0.0
2002-03-12 00:00:00-05:00,128.51912439017642,131.38572692871094,128.51912439017642,131.38572692871094,667,0.0,0.0
2002-03-13 00:00:00-05:00,131.38572692871094,131.38572692871094,131.38572692871094,131.38572692871094,93,0.0,0.0
2002-03-14 00:00:00-05:00,131.38570234912828,132.3412322998047,131.38570234912828,132.3412322998047,40,0.0,0.0
2002-03-15 00:00:00-05:00,132.3412322998047,132.3412322998047,132.3412322998047,132.3412322998047,0,0.0,0.0
2002-03-18 00:00:00-05:00,134.37172243947938,134.37172243947938,133.17730712890625,133.17730712890625,20,0.0,0.0
2002-03-19 00:00:00-05:00,134.37171936035156,134.37171936035156,134.37171936035156,134.37171936035156,7,0.0,0.0
2002-03-20 00:00:00-05:00,132.81898192223161,134.37171936035156,132.81898192223161,134.37171936035156,47,0.0,0.0
2002-03-21 00:00:00-05:00,137.35776369993087,137.35776369993087,137.2383270263672,137.2383270263672,160,0.0,0.0
2002-03-22 00:00:00-05:00,135.68557739257812,135.68557739257812,135.68557739257812,135.68557739257812,133,0.0,0.0
2002-03-25 00:00:00-05:00,135.68557739257812,135.68557739257812,135.68557739257812,135.68557739257812,0,0.0,0.0
2002-03-26 00:00:00-05:00,135.68557739257812,135.68557739257812,135.68557739257812,135.68557739257812,0,0.0,0.0
2002-03-27 00:00:00-05:00,137.35775142884242,137.35775142884242,135.8050140601256,136.0438995361328,127,0.0,0.0
2002-03-28 00:00:00-05:00,135.56610729819852,138.43270825974545,135.56610729819852,136.16331481933594,107,0.0,0.0
2002-04-01 00:00:00-05:00,136.16331481933594,136.16331481933594,136.16331481933594,136.16331481933594,0,0.0,0.0
2002-04-02 00:00:00-05:00,137.95497131347656,137.95497131347656,137.95497131347656,137.95497131347656,180,0.0,0.0
2002-04-03 00:00:00-05:00,139.14933411971384,139.14933411971384,137.3577117919922,137.3577117919922,113,0.0,0.0
2002-04-04 00:00:00-05:00,137.3577117919922,137.3577117919922,137.3577117919922,137.3577117919922,13,0.0,0.0
2002-04-05 00:00:00-05:00,137.47720031896915,137.95497131347656,137.47720031896915,137.95497131347656,340,0.0,0.0
2002-04-08 00:00:00-04:00,138.5521488512977,140.94097900390625,138.5521488512977,140.94097900390625,53,0.0,0.0
2002-04-09 00:00:00-04:00,142.9715118408203,142.9715118408203,142.9715118408203,142.9715118408203,7,0.0,0.0
2002-04-10 00:00:00-04:00,142.73260498046875,142.73260498046875,142.73260498046875,142.73260498046875,253,0.0,0.0
2002-04-11 00:00:00-04:00,142.73260498046875,142.73260498046875,142.73260498046875,142.73260498046875,267,0.0,0.0
2002-04-12 00:00:00-04:00,142.85203552246094,142.85203552246094,142.85203552246094,142.85203552246094,200,0.0,0.0
2002-04-15 00:00:00-04:00,143.32983089398735,143.32983089398735,141.5382080078125,141.5382080078125,440,0.0,0.0
2002-04-16 00:00:00-04:00,143.32985218116957,144.4048309326172,143.32985218116957,144.4048309326172,40,0.0,0.0
2002-04-17 00:00:00-04:00,143.9270200849078,143.9270200849078,142.1353974282492,142.73260498046875,447,0.0,0.0
2002-04-18 00:00:00-04:00,142.73260498046875,142.73260498046875,142.73260498046875,142.73260498046875,0,0.0,0.0
2002-04-19 00:00:00-04:00,143.3298125326883,143.3298125326883,142.73260498046875,142.73260498046875,400,0.0,0.0
2002-04-22 00:00:00-04:00,142.73261109394863,142.73261109394863,142.61317443847656,142.61317443847656,273,0.0,0.0
2002-04-23 00:00:00-04:00,142.61317443847656,142.61317443847656,142.61317443847656,142.61317443847656,0,0.0,0.0
2002-04-24 00:00:00-04:00,142.37430111079294,142.4937377764437,142.25485229492188,142.25485229492188,480,0.0,0.0
2002-04-25 00:00:00-04:00,142.25485229492188,142.25485229492188,142.25485229492188,142.25485229492188,0,0.0,0.0
2002-04-26 00:00:00-04:00,142.25485229492188,142.25485229492188,142.25485229492188,142.25485229492188,0,0.0,0.0
2002-04-29 00:00:00-04:00,142.25483990283618,142.25483990283618,140.34378051757812,140.34378051757812,227,0.0,0.0
2002-04-30 00:00:00-04:00,140.34378051757812,140.34378051757812,140.34378051757812,140.34378051757812,0,0.0,0.0
2002-05-01 00:00:00-04:00,142.37429809570312,142.37429809570312,142.37429809570312,142.37429809570312,67,0.0,0.0
2002-05-02 00:00:00-04:00,142.7326016183627,143.32980915651484,140.94097900390625,140.94097900390625,2073,0.0,0.0
2002-05-03 00:00:00-04:00,142.01596656434685,142.01596656434685,136.1633274540416,139.98545837402344,1833,0.0,0.0
2002-05-06 00:00:00-04:00,141.5382080078125,141.5382080078125,141.5382080078125,141.5382080078125,33,0.0,0.0
2002-05-07 00:00:00-04:00,140.3437686567547,142.13539123535156,140.3437686567547,142.13539123535156,147,0.0,0.0
2002-05-08 00:00:00-04:00,142.13539123535156,142.13539123535156,142.13539123535156,142.13539123535156,33,0.0,0.0
2002-05-09 00:00:00-04:00,142.13539123535156,142.13539123535156,142.13539123535156,142.13539123535156,0,0.0,0.0
2002-05-10 00:00:00-04:00,146.31585396408178,157.66279774088815,146.31585396408178,146.7936248779297,1980,0.0,0.0
2002-05-13 00:00:00-04:00,149.3019163608551,152.88516235351562,149.3019163608551,152.88516235351562,773,0.0,0.0
2002-05-14 00:00:00-04:00,153.48237586567421,157.18505867238397,153.00460485503098,156.46841430664062,480,0.0,0.0
2002-05-15 00:00:00-04:00,156.46841430664062,156.46841430664062,156.46841430664062,156.46841430664062,0,0.0,0.0
2002-05-16 00:00:00-04:00,152.28794235781015,152.28794235781015,148.70469665527344,148.70469665527344,1327,0.0,0.0
2002-05-17 00:00:00-04:00,149.89910272216798,151.0935178833008,149.30189514160156,149.30189514160156,420,0.0,0.0
2002-05-20 00:00:00-04:00,149.30191673183836,149.30191673183836,143.9270477294922,143.9270477294922,153,0.0,0.0
2002-05-21 00:00:00-04:00,146.31588745117188,146.31588745117188,146.31588745117188,146.31588745117188,33,0.0,0.0
2002-05-22 00:00:00-04:00,143.3298489317602,146.31588745117188,143.3298489317602,146.31588745117188,280,0.0,0.0
2002-05-23 00:00:00-04:00,143.3298460905217,144.52426147460938,143.3298460905217,144.52426147460938,780,0.0,0.0
2002-05-24 00:00:00-04:00,145.7186024983724,146.31580988566083,143.32977294921875,143.32977294921875,180,0.0,0.0
2002-05-28 00:00:00-04:00,144.52426147460938,144.52426147460938,144.52426147460938,144.52426147460938,53,0.0,0.0
2002-05-29 00:00:00-04:00,143.32982785133467,143.32982785133467,142.1354126192402,142.37429809570312,147,0.0,0.0
2002-05-30 00:00:00-04:00,140.34378346455455,140.34378346455455,137.59663098422845,139.1493682861328,573,0.0,0.0
2002-05-31 00:00:00-04:00,140.82158143554312,146.31588745117188,139.74660270846618,146.31588745117188,287,0.0,0.0
2002-06-03 00:00:00-04:00,144.5241877237956,144.5241877237956,143.32977294921875,143.32977294921875,87,0.0,0.0
2002-06-04 00:00:00-04:00,143.32977294921875,143.32977294921875,142.3742435596004,143.32977294921875,753,0.0,0.0
2002-06-05 00:00:00-04:00,144.76312255859375,144.76312255859375,144.76312255859375,144.76312255859375,67,0.0,0.0
2002-06-06 00:00:00-04:00,144.76312255859375,144.76312255859375,144.76312255859375,144.76312255859375,133,0.0,0.0
2002-06-07 00:00:00-04:00,143.32977294921875,143.32977294921875,143.32977294921875,143.32977294921875,27,0.0,0.0
2002-06-10 00:00:00-04:00,143.3298489317602,146.31588745117188,143.3298489317602,146.31588745117188,353,0.0,0.0
2002-06-11 00:00:00-04:00,146.31588745117188,146.31588745117188,146.31588745117188,146.31588745117188,240,0.0,0.0
2002-06-12 00:00:00-04:00,144.6436243411671,144.6436243411671,143.32977294921875,143.32977294921875,160,0.0,0.0
2002-06-13 00:00:00-04:00,140.34378051757812,140.34378051757812,140.34378051757812,140.34378051757812,27,0.0,0.0
2002-06-14 00:00:00-04:00,140.3437927503626,141.5382080078125,140.3437927503626,141.5382080078125,87,0.0,0.0
2002-06-17 00:00:00-04:00,140.46321142194702,142.73260498046875,140.46321142194702,142.73260498046875,107,0.0,0.0
2002-06-18 00:00:00-04:00,143.32977294921875,143.32977294921875,143.32977294921875,143.32977294921875,360,0.0,0.0
2002-06-19 00:00:00-04:00,143.32977294921875,143.32977294921875,143.32977294921875,143.32977294921875,0,0.0,0.0
2002-06-20 00:00:00-04:00,142.13535817464194,143.32977294921875,142.13535817464194,143.32977294921875,153,0.0,0.0
2002-06-21 00:00:00-04:00,140.3437360127767,143.32977294921875,140.3437360127767,143.32977294921875,340,0.0,0.0
2002-06-24 00:00:00-04:00,143.32981261715133,143.44924926757812,143.32981261715133,143.44924926757812,100,0.0,0.0
2002-06-25 00:00:00-04:00,143.44924926757812,143.44924926757812,143.44924926757812,143.44924926757812,0,0.0,0.0
2002-06-26 00:00:00-04:00,143.44924926757812,143.44924926757812,143.32981261715133,143.44924926757812,167,0.0,0.0
2002-06-27 00:00:00-04:00,143.44924926757812,143.44924926757812,143.44924926757812,143.44924926757812,0,0.0,0.0
2002-06-28 00:00:00-04:00,143.44924671960445,146.1964111328125,143.44924671960445,146.1964111328125,120,0.0,0.0
2002-07-01 00:00:00-04:00,146.19641019973253,146.19641019973253,140.94097900390625,140.94097900390625,227,0.0,0.0
2002-07-02 00:00:00-04:00,140.94097900390625,140.94097900390625,140.94097900390625,140.94097900390625,0,0.0,0.0
2002-07-03 00:00:00-04:00,140.94098809424867,140.94098809424867,140.34378051757812,140.34378051757812,140,0.0,0.0
2002-07-05 00:00:00-04:00,140.34378051757812,140.34378051757812,140.34378051757812,140.34378051757812,0,0.0,0.0
2002-07-08 00:00:00-04:00,143.32977294921875,143.32977294921875,143.32977294921875,143.32977294921875,7,0.0,0.0
2002-07-09 00:00:00-04:00,142.13540647467988,142.13540647467988,141.77708435058594,141.77708435058594,20,0.0,0.0
2002-07-10 00:00:00-04:00,141.77708435058594,141.77708435058594,141.77708435058594,141.77708435058594,0,0.0,0.0
2002-07-11 00:00:00-04:00,140.34377104490684,140.34377104490684,138.6715850830078,138.6715850830078,173,0.0,0.0
2002-07-12 00:00:00-04:00,137.59659719906506,138.55212667713997,137.3577117919922,137.3577117919922,360,0.0,0.0
2002-07-15 00:00:00-04:00,137.2383023637228,137.2383023637228,135.5661163330078,135.5661163330078,47,0.0,0.0
2002-07-16 00:00:00-04:00,134.9689740267667,134.9689740267667,131.38572692871094,131.38572692871094,193,0.0,0.0
2002-07-17 00:00:00-04:00,133.7745086394989,133.7745086394989,131.98288575593418,132.58009338378906,253,0.0,0.0
2002-07-18 00:00:00-04:00,131.3856750209582,131.3856750209582,130.78846740722656,130.78846740722656,133,0.0,0.0
2002-07-19 00:00:00-04:00,132.46065816333396,132.46065816333396,125.53303988446669,126.01081085205078,307,0.0,0.0
2002-07-22 00:00:00-04:00,125.41359241192158,125.41359241192158,124.21917724609375,124.21917724609375,27,0.0,0.0
2002-07-23 00:00:00-04:00,123.02480150305706,123.62200927734375,123.02480150305706,123.62200927734375,673,0.0,0.0
2002-07-24 00:00:00-04:00,122.78590393066406,122.78590393066406,122.78590393066406,122.78590393066406,60,0.0,0.0
2002-07-25 00:00:00-04:00,122.78590393066406,122.78590393066406,122.78590393066406,122.78590393066406,0,0.0,0.0
2002-07-26 00:00:00-04:00,125.41357421875001,125.41357421875001,125.41357421875001,125.41357421875,27,0.0,0.0
2002-07-29 00:00:00-04:00,125.77192536825874,126.01081085205078,125.41360321768087,126.01081085205078,73,0.0,0.0
2002-07-30 00:00:00-04:00,127.80245919576505,127.80245919576505,122.4275894165039,122.4275894165039,500,0.0,0.0
2002-07-31 00:00:00-04:00,122.4275367373512,125.41357421875001,122.4275367373512,125.41357421875,1260,0.0,0.0
2002-08-01 00:00:00-04:00,123.62195172991072,125.41357421875001,123.62195172991072,125.41357421875,2040,0.0,0.0
2002-08-02 00:00:00-04:00,125.41357421875001,125.41357421875001,125.41357421875001,125.41357421875,0,0.0,0.0
2002-08-05 00:00:00-04:00,124.21917724609375,124.21917724609375,124.21917724609375,124.21917724609375,240,0.0,0.0
2002-08-06 00:00:00-04:00,124.21915922619048,125.41357421875001,124.21915922619048,125.41357421875,573,0.0,0.0
2002-08-07 00:00:00-04:00,127.20521383082612,140.34378051757812,127.20521383082612,140.34378051757812,573,0.0,0.0
2002-08-08 00:00:00-04:00,140.3437360127767,143.32977294921875,140.3437360127767,143.32977294921875,487,0.0,0.0
2002-08-09 00:00:00-04:00,140.46320769209171,141.53818611762944,138.6715850830078,138.6715850830078,433,0.0,0.0
2002-08-12 00:00:00-04:00,137.35773272218958,137.35773272218958,134.96890258789062,134.96890258789062,173,0.0,0.0
2002-08-13 00:00:00-04:00,134.3717008792308,134.3717008792308,133.29672241210938,133.29672241210938,40,0.0,0.0
2002-08-14 00:00:00-04:00,131.9828798157723,134.2522735595703,131.9828798157723,134.2522735595703,53,0.0,0.0
2002-08-15 00:00:00-04:00,133.77449365019274,135.5661163330078,133.77449365019274,135.5661163330078,160,0.0,0.0
2002-08-16 00:00:00-04:00,133.8939208984375,133.8939208984375,133.8939208984375,133.8939208984375,20,0.0,0.0
2002-08-19 00:00:00-04:00,131.38572692871094,132.58014262806287,131.38572692871094,131.38572692871094,1787,0.0,0.0
2002-08-20 00:00:00-04:00,131.38572692871094,131.5051636385562,131.38572692871094,131.38572692871094,253,0.0,0.0
2002-08-21 00:00:00-04:00,131.38572692871094,131.38572692871094,131.38572692871094,131.38572692871094,0,0.0,0.0
2002-08-22 00:00:00-04:00,131.38572692871094,131.38572692871094,131.38572692871094,131.38572692871094,0,0.0,0.0
2002-08-23 00:00:00-04:00,131.38568114101253,131.98288878256258,131.38568114101253,131.74400329589844,107,0.0,0.0
2002-08-26 00:00:00-04:00,131.38572692871094,131.38572692871094,131.38572692871094,131.38572692871094,7,0.0,0.0
2002-08-27 00:00:00-04:00,131.50510549035482,131.50510549035482,130.19125366210938,130.19125366210938,680,0.0,0.0
2002-08-28 00:00:00-04:00,131.38568736888743,131.38568736888743,128.99685668945312,128.99685668945312,6580,0.0,0.0
2002-08-29 00:00:00-04:00,129.5940399169922,129.5940399169922,129.5940399169922,129.5940399169922,120,0.0,0.0
2002-08-30 00:00:00-04:00,131.14678955078125,131.14678955078125,131.14678955078125,131.14678955078125,33,0.0,0.0
2002-09-03 00:00:00-04:00,130.1912503974382,130.1912503974382,128.39962768554688,128.39962768554688,167,0.0,0.0
2002-09-04 00:00:00-04:00,131.02735900878906,131.02735900878906,131.02735900878906,131.02735900878906,133,0.0,0.0
2002-09-05 00:00:00-04:00,131.02735900878906,131.02735900878906,131.02735900878906,131.02735900878906,0,0.0,0.0
2002-09-06 00:00:00-04:00,130.90789792704481,130.90789792704481,130.54957580566406,130.54957580566406,60,0.0,0.0
2002-09-09 00:00:00-04:00,130.5495757834291,130.5495757834291,130.19125366210938,130.19125366210938,87,0.0,0.0
2002-09-10 00:00:00-04:00,128.39962768554688,128.39962768554688,128.39962768554688,128.39962768554688,200,0.0,0.0
2002-09-11 00:00:00-04:00,128.39962768554688,128.39962768554688,128.39962768554688,128.39962768554688,0,0.0,0.0
2002-09-12 00:00:00-04:00,128.39962768554688,128.39962768554688,128.39962768554688,128.39962768554688,0,0.0,0.0
2002-09-13 00:00:00-04:00,127.80241394042969,127.80241394042969,127.80241394042969,127.80241394042969,33,0.0,0.0
2002-09-16 00:00:00-04:00,127.20523226036217,127.20523226036217,126.60802459716797,126.60802459716797,200,0.0,0.0
2002-09-17 00:00:00-04:00,126.60802459716797,126.60802459716797,126.60802459716797,126.60802459716797,0,0.0,0.0
2002-09-18 00:00:00-04:00,126.60802459716797,126.60802459716797,126.60802459716797,126.60802459716797,0,0.0,0.0
2002-09-19 00:00:00-04:00,127.20526123046875,127.20526123046875,127.20526123046875,127.20526123046875,13,0.0,0.0
2002-09-20 00:00:00-04:00,127.20526123046875,127.20526123046875,127.20526123046875,127.20526123046875,0,0.0,0.0
2002-09-23 00:00:00-04:00,126.60802459716797,126.60802459716797,126.60802459716797,126.60802459716797,7,0.0,0.0
2002-09-24 00:00:00-04:00,125.41357421875001,125.41357421875001,125.41357421875001,125.41357421875,67,0.0,0.0
2002-09-25 00:00:00-04:00,125.41362818276009,125.41362818276009,122.4275894165039,122.4275894165039,300,0.0,0.0
2002-09-26 00:00:00-04:00,122.42754794583463,122.42754794583463,120.63592529296876,120.63592529296875,67,0.0,0.0
2002-09-27 00:00:00-04:00,119.56092834472656,119.56092834472656,119.56092834472656,119.56092834472656,167,0.0,0.0
2002-09-30 00:00:00-04:00,119.56094493171489,119.56094493171489,118.2470932006836,118.2470932006836,87,0.0,0.0
2002-10-01 00:00:00-04:00,118.2470932006836,118.2470932006836,118.2470932006836,118.2470932006836,0,0.0,0.0
2002-10-02 00:00:00-04:00,118.12767014580801,118.12767014580801,115.8582763671875,115.8582763671875,47,0.0,0.0
2002-10-03 00:00:00-04:00,115.8582763671875,115.8582763671875,115.8582763671875,115.8582763671875,0,0.0,0.0
2002-10-04 00:00:00-04:00,114.66385650634766,114.66385650634766,114.66385650634766,114.66385650634766,100,0.0,0.0
2002-10-07 00:00:00-04:00,114.66385650634766,114.66385650634766,114.66385650634766,114.66385650634766,0,0.0,0.0
2002-10-08 00:00:00-04:00,114.66385650634766,114.66385650634766,114.66385650634766,114.66385650634766,0,0.0,0.0
2002-10-09 00:00:00-04:00,114.66385650634766,114.66385650634766,114.66385650634766,114.66385650634766,0,0.0,0.0
2002-10-10 00:00:00-04:00,115.26109196900059,115.26109196900059,112.87226104736328,112.87226104736328,200,0.0,0.0
2002-10-11 00:00:00-04:00,111.6778171776347,115.619384765625,111.31949506058454,115.619384765625,360,0.0,0.0
2002-10-14 00:00:00-04:00,111.9167022705078,111.9167022705078,111.9167022705078,111.91670227050781,7,0.0,0.0
2002-10-15 00:00:00-04:00,111.9167022705078,111.9167022705078,111.9167022705078,111.91670227050781,0,0.0,0.0
2002-10-16 00:00:00-04:00,113.46943991310478,115.85827022706488,113.46943991310478,115.619384765625,433,0.0,0.0
2002-10-17 00:00:00-04:00,115.73884582519531,115.73884582519531,115.73884582519531,115.73884582519531,87,0.0,0.0
2002-10-18 00:00:00-04:00,115.73884582519531,115.73884582519531,115.73884582519531,115.73884582519531,0,0.0,0.0
2002-10-21 00:00:00-04:00,115.26109313964842,115.26109313964842,115.26109313964842,115.26109313964844,7,0.0,0.0
2002-10-22 00:00:00-04:00,113.46944255213585,113.46944255213585,111.08061218261719,111.08061218261719,107,0.0,0.0
2002-10-23 00:00:00-04:00,109.28900909423828,109.28900909423828,109.28900909423828,109.28900909423828,7,0.0,0.0
2002-10-24 00:00:00-04:00,110.8417267156214,111.08061218261719,110.12508246485365,111.08061218261719,320,0.0,0.0
2002-10-25 00:00:00-04:00,111.43893599993909,113.46944427490234,111.43893599993909,113.46944427490234,633,0.0,0.0
2002-10-28 00:00:00-05:00,114.66385650634766,114.66385650634766,114.66385650634766,114.66385650634766,100,0.0,0.0
2002-10-29 00:00:00-05:00,114.66385650634766,114.66385650634766,114.66385650634766,114.66385650634766,267,0.0,0.0
2002-10-30 00:00:00-05:00,114.66386274368315,117.53046417236328,114.66386274368315,117.53046417236328,100,0.0,0.0
2002-10-31 00:00:00-05:00,117.53045770734983,134.37170676135142,117.53045770734983,130.19125366210938,1187,0.0,0.0
2002-11-01 00:00:00-05:00,128.39964294433594,134.37171936035156,128.39964294433594,134.37171936035156,653,0.0,0.0
2002-11-04 00:00:00-05:00,133.17730712890625,133.17730712890625,131.9828918183331,133.17730712890625,333,0.0,0.0
2002-11-05 00:00:00-05:00,131.9828887939453,134.37171936035156,131.9828887939453,134.37171936035156,100,0.0,0.0
2002-11-06 00:00:00-05:00,132.69951797664154,133.65505981445312,129.59404345441152,133.65505981445312,613,0.0,0.0
2002-11-07 00:00:00-05:00,131.9829347783869,131.9829347783869,131.38572692871094,131.38572692871094,200,0.0,0.0
2002-11-08 00:00:00-05:00,134.3717012111311,135.5661163330078,133.17728608925438,135.5661163330078,413,0.0,0.0
2002-11-11 00:00:00-05:00,134.96890554095526,134.96890554095526,134.4911346435547,134.4911346435547,87,0.0,0.0
2002-11-12 00:00:00-05:00,134.37171936035156,134.37171936035156,134.37171936035156,134.37171936035156,13,0.0,0.0
2002-11-13 00:00:00-05:00,134.9689238952087,134.9689238952087,132.58009338378906,132.58009338378906,100,0.0,0.0
2002-11-14 00:00:00-05:00,131.38567812807926,134.0133941206849,131.38567812807926,132.58009338378906,73,0.0,0.0
2002-11-15 00:00:00-05:00,131.38564527015123,134.13279724121094,131.38564527015123,134.13279724121094,53,0.0,0.0
2002-11-18 00:00:00-05:00,133.17731909767264,135.08837890625,133.17731909767264,135.08837890625,273,0.0,0.0
2002-11-19 00:00:00-05:00,134.25230435138008,134.25230435138008,131.624587874353,132.3412322998047,120,0.0,0.0
2002-11-20 00:00:00-05:00,132.2217773104919,133.17730712890625,132.2217773104919,133.17730712890625,187,0.0,0.0
2002-11-21 00:00:00-05:00,131.505126953125,131.505126953125,131.505126953125,131.505126953125,7,0.0,0.0
2002-11-22 00:00:00-05:00,131.38568115234375,134.37171936035156,131.38568115234375,134.37171936035156,213,0.0,0.0
2002-11-25 00:00:00-05:00,133.177295017725,134.2522735595703,133.177295017725,134.2522735595703,187,0.0,0.0
2002-11-26 00:00:00-05:00,134.2522735595703,134.2522735595703,134.2522735595703,134.2522735595703,0,0.0,0.0
2002-11-27 00:00:00-05:00,132.6995120036305,134.61058344301415,132.6995120036305,134.4911346435547,547,0.0,0.0
2002-11-29 00:00:00-05:00,134.37171936035156,134.37171936035156,134.37171936035156,134.37171936035156,20,0.0,0.0
2002-12-02 00:00:00-05:00,133.17730407714845,134.6106048470363,132.69953310377898,134.37171936035156,233,0.0,0.0
2002-12-03 00:00:00-05:00,132.58009338378906,132.58009338378906,132.58009338378906,132.58009338378906,67,0.0,0.0
2002-12-04 00:00:00-05:00,132.10232242141703,132.58009338378906,132.10232242141703,132.58009338378906,13,0.0,0.0
2002-12-05 00:00:00-05:00,131.9828643798828,131.9828643798828,131.9828643798828,131.9828643798828,33,0.0,0.0
2002-12-06 00:00:00-05:00,132.10232543945312,132.10232543945312,132.10232543945312,132.10232543945312,20,0.0,0.0
2002-12-09 00:00:00-05:00,132.4606352648747,132.4606352648747,131.9828643798828,131.9828643798828,140,0.0,0.0
2002-12-10 00:00:00-05:00,132.46063762638323,132.46063762638323,127.80241394042969,127.80241394042969,760,0.0,0.0
2002-12-11 00:00:00-05:00,127.92185058869782,127.92185058869782,127.80241394042969,127.80241394042969,27,0.0,0.0
2002-12-12 00:00:00-05:00,127.80241394042969,127.80241394042969,127.80241394042969,127.80241394042969,0,0.0,0.0
2002-12-13 00:00:00-05:00,127.80245357348221,127.92189025878906,127.80245357348221,127.92189025878906,200,0.0,0.0
2002-12-16 00:00:00-05:00,128.39961579296337,129.83291625976562,128.39961579296337,129.83291625976562,80,0.0,0.0
2002-12-17 00:00:00-05:00,131.3856601715088,133.7744903564453,131.3856601715088,133.7744903564453,247,0.0,0.0
2002-12-18 00:00:00-05:00,132.69952691107977,132.69952691107977,130.78846740722656,130.78846740722656,200,0.0,0.0
2002-12-19 00:00:00-05:00,130.78846740722656,130.78846740722656,130.78846740722656,130.78846740722656,0,0.0,0.0
2002-12-20 00:00:00-05:00,131.38572692871094,131.38572692871094,131.38572692871094,131.38572692871094,193,0.0,0.0
2002-12-23 00:00:00-05:00,131.62454552931828,133.65505361515844,131.62454552931828,133.05784606933594,213,0.0,0.0
2002-12-24 00:00:00-05:00,133.05784606933594,133.05784606933594,133.05784606933594,133.05784606933594,0,0.0,0.0
2002-12-26 00:00:00-05:00,133.17730712890625,133.17730712890625,133.17730712890625,133.17730712890625,127,0.0,0.0
2002-12-27 00:00:00-05:00,134.0133819580078,134.0133819580078,134.0133819580078,134.0133819580078,40,0.0,0.0
2002-12-30 00:00:00-05:00,134.0133819580078,134.0133819580078,134.0133819580078,134.0133819580078,0,0.0,0.0
2002-12-31 00:00:00-05:00,134.0133819580078,134.0133819580078,134.0133819580078,134.0133819580078,0,0.0,0.0
2003-01-02 00:00:00-05:00,134.01337910461186,135.5661163330078,133.89393030229283,135.5661163330078,127,0.0,0.0
2003-01-03 00:00:00-05:00,135.5661163330078,136.64109480278444,135.5661163330078,135.5661163330078,280,0.0,0.0
2003-01-06 00:00:00-05:00,137.3577881771481,137.3577881771481,136.9994659423828,136.9994659423828,80,0.0,0.0
2003-01-07 00:00:00-05:00,137.11891174316406,137.11891174316406,136.99947504038505,137.11891174316406,113,0.0,0.0
2003-01-08 00:00:00-05:00,136.1633242548449,138.19383239746094,135.56611669232365,138.19383239746094,220,0.0,0.0
2003-01-09 00:00:00-05:00,139.3882835128121,147.3908693469229,139.3882835128121,145.47979736328125,1167,0.0,0.0
2003-01-10 00:00:00-05:00,145.59923691239518,148.1075043025925,145.47978808653448,147.98806762695312,300,0.0,0.0
2003-01-13 00:00:00-05:00,147.5102753177766,148.10748291015625,146.91306772539693,148.10748291015625,100,0.0,0.0
2003-01-14 00:00:00-05:00,148.2269166364943,149.30189514160156,148.2269166364943,149.30189514160156,33,0.0,0.0
2003-01-15 00:00:00-05:00,149.30190372853144,149.30190372853144,148.10269165039062,148.10269165039062,60,0.75,0.0
2003-01-16 00:00:00-05:00,148.10269165039062,148.10269165039062,148.10269165039062,148.10269165039062,0,0.0,0.0
2003-01-17 00:00:00-05:00,146.90348401499577,147.9827797975697,145.82418823242188,145.82418823242188,160,0.0,0.0
2003-01-21 00:00:00-05:00,146.30393981933594,146.78362974753256,145.8242498911393,146.30393981933594,353,0.0,0.0
2003-01-22 00:00:00-05:00,146.90347624988092,147.50308227539062,146.90347624988092,147.50308227539062,87,0.0,0.0
2003-01-23 00:00:00-05:00,148.7023004614768,150.141357421875,148.10269441122892,150.141357421875,460,0.0,0.0
2003-01-24 00:00:00-05:00,150.98078666815132,152.89952087402344,150.98078666815132,152.89952087402344,333,0.0,0.0
2003-01-27 00:00:00-05:00,152.89952087402344,152.89952087402344,152.89952087402344,152.89952087402344,27,0.0,0.0
2003-01-28 00:00:00-05:00,150.02142889241563,150.141357421875,150.02142889241563,150.141357421875,40,0.0,0.0
2003-01-29 00:00:00-05:00,150.02142333984375,150.02142333984375,150.02142333984375,150.02142333984375,7,0.0,0.0
2003-01-30 00:00:00-05:00,149.90151061596245,149.90151061596245,146.9034804036432,148.58238220214844,387,0.0,0.0
2003-01-31 00:00:00-05:00,148.4624400496216,148.4624400496216,147.143311756866,148.22259521484375,93,0.0,0.0
2003-02-03 00:00:00-05:00,146.3038735331794,148.10269165039062,146.3038735331794,148.10269165039062,413,0.0,0.0
2003-02-04 00:00:00-05:00,148.22259609420001,149.3018917575959,148.22259609420001,148.70228576660156,73,0.0,0.0
2003-02-05 00:00:00-05:00,148.70228576660156,148.70228576660156,148.70228576660156,148.70228576660156,0,0.0,0.0
2003-02-06 00:00:00-05:00,147.14331262981923,149.54173659379668,147.14331262981923,148.70228576660156,433,0.0,0.0
2003-02-07 00:00:00-05:00,149.30190372853144,149.42182005673908,148.10269165039062,148.10269165039062,133,0.0,0.0
2003-02-10 00:00:00-05:00,147.02339257537653,147.50308227539062,147.02339257537653,147.50308227539062,113,0.0,0.0
2003-02-11 00:00:00-05:00,146.3038841659103,146.3038841659103,144.50506591796875,144.50506591796875,207,0.0,0.0
2003-02-12 00:00:00-05:00,144.7449188232422,144.7449188232422,144.7449188232422,144.7449188232422,20,0.0,0.0
2003-02-13 00:00:00-05:00,144.74486958382207,144.74486958382207,144.145263671875,144.145263671875,93,0.0,0.0
2003-02-14 00:00:00-05:00,143.90542602539062,143.90542602539062,143.90542602539062,143.90542602539062,727,0.0,0.0
2003-02-18 00:00:00-05:00,145.70428466796875,146.18397443537154,144.7449173321807,145.70428466796875,360,0.0,0.0
2003-02-19 00:00:00-05:00,146.18396782898765,146.18396782898765,144.50506591796875,144.50506591796875,240,0.0,0.0
2003-02-20 00:00:00-05:00,144.5050319671631,144.5050319671631,143.90542602539062,143.90542602539062,140,0.0,0.0
2003-02-21 00:00:00-05:00,144.7449188232422,144.7449188232422,144.7449188232422,144.7449188232422,27,0.0,0.0
2003-02-24 00:00:00-05:00,145.94408866721983,145.94408866721983,143.90542602539062,143.90542602539062,507,0.0,0.0
2003-02-25 00:00:00-05:00,144.86479744078562,144.98472595214844,144.86479744078562,144.98472595214844,40,0.0,0.0
2003-02-26 00:00:00-05:00,144.50506118968198,144.8648223876953,144.50506118968198,144.8648223876953,27,0.0,0.0
2003-02-27 00:00:00-05:00,144.02537864825564,144.98475815619787,144.02537864825564,144.62498474121094,153,0.0,0.0
2003-02-28 00:00:00-05:00,145.10467529296875,145.10467529296875,145.10467529296875,145.10467529296875,13,0.0,0.0
2003-03-03 00:00:00-05:00,146.3038820850606,146.9034881591797,146.3038820850606,146.9034881591797,67,0.0,0.0
2003-03-04 00:00:00-05:00,147.50309608805563,148.46246337890625,147.50309608805563,148.46246337890625,280,0.0,0.0
2003-03-05 00:00:00-05:00,147.14339109416923,147.14339109416923,146.30393981933594,146.30393981933594,107,0.0,0.0
2003-03-06 00:00:00-05:00,145.22459163261223,145.22459163261223,145.10467529296875,145.10467529296875,100,0.0,0.0
2003-03-07 00:00:00-05:00,144.50512088713097,146.30393981933594,144.50512088713097,146.30393981933594,60,0.0,0.0
2003-03-10 00:00:00-05:00,145.10467200061592,145.10467200061592,144.02537617224422,144.50506591796875,147,0.0,0.0
2003-03-11 00:00:00-05:00,145.10467529296875,145.10467529296875,144.98475895332527,145.10467529296875,80,0.0,0.0
2003-03-12 00:00:00-05:00,144.50506919671682,145.10467529296875,144.50506919671682,145.10467529296875,253,0.0,0.0
2003-03-13 00:00:00-05:00,146.90348094798657,147.50308699267222,146.90348094798657,147.14332580566406,193,0.0,0.0
2003-03-14 00:00:00-05:00,147.50309423329878,147.50309423329878,146.9034881591797,146.9034881591797,73,0.0,0.0
2003-03-17 00:00:00-05:00,147.0234044943968,147.0234044943968,145.7042760109415,146.9034881591797,433,0.0,0.0
2003-03-18 00:00:00-05:00,147.02339257537653,149.9015063774295,145.70426419886147,147.50308227539062,700,0.0,0.0
2003-03-19 00:00:00-05:00,148.34251798581624,152.89952087402344,148.34251798581624,152.89952087402344,300,0.0,0.0
2003-03-20 00:00:00-05:00,152.89951250246992,154.09872436523438,152.89951250246992,154.09872436523438,227,0.0,0.0
2003-03-21 00:00:00-05:00,155.89759275487165,158.29601725879277,155.77767640928275,157.6964111328125,300,0.0,0.0
2003-03-24 00:00:00-05:00,158.2960205078125,158.2960205078125,158.2960205078125,158.2960205078125,7,0.0,0.0
2003-03-25 00:00:00-05:00,160.21471568253634,174.96503279889177,160.21471568253634,170.28810119628906,1540,0.0,0.0
2003-03-26 00:00:00-05:00,167.88972150467632,170.88775224583125,164.89169076352138,167.2901153564453,533,0.0,0.0
2003-03-27 00:00:00-05:00,167.88969752627335,169.08890965146102,167.88969752627335,168.4893035888672,113,0.0,0.0
2003-03-28 00:00:00-05:00,167.88972150467632,167.88972150467632,166.8104255582532,167.2901153564453,340,0.0,0.0
2003-03-31 00:00:00-05:00,167.8896942138672,168.60921659517723,167.6498493537584,167.8896942138672,380,0.0,0.0
2003-04-01 00:00:00-05:00,167.88973183524308,170.64791784701825,167.88973183524308,169.56863403320312,1487,0.0,0.0
2003-04-02 00:00:00-05:00,168.60919954432524,176.64392225184048,168.48928322590572,170.28810119628906,693,0.0,0.0
2003-04-03 00:00:00-05:00,169.6885028638628,169.6885028638628,168.6092071533203,168.6092071533203,340,0.0,0.0
2003-04-04 00:00:00-05:00,168.48930688952723,169.0889129638672,168.48930688952723,169.0889129638672,53,0.0,0.0
2003-04-07 00:00:00-04:00,171.48734059687638,173.76584860329484,169.6885223388672,169.6885223388672,213,0.0,0.0
2003-04-08 00:00:00-04:00,169.44866750604984,169.44866750604984,167.8896942138672,167.8896942138672,167,0.0,0.0
2003-04-09 00:00:00-04:00,168.12951950587964,168.12951950587964,166.8103790283203,166.8103790283203,173,0.0,0.0
2003-04-10 00:00:00-04:00,169.0889329005332,169.0889329005332,163.81239394459718,164.29208374023438,573,0.0,0.0
2003-04-11 00:00:00-04:00,164.29208374023438,164.29208374023438,164.29208374023438,164.29208374023438,13,0.0,0.0
2003-04-14 00:00:00-04:00,164.29207175514915,165.0115941970976,164.29207175514915,164.8916778564453,93,0.0,0.0
2003-04-15 00:00:00-04:00,165.970969485255,169.6885223388672,165.970969485255,169.6885223388672,140,0.0,0.0
2003-04-16 00:00:00-04:00,169.6885223388672,169.6885223388672,169.6885223388672,169.6885223388672,0,0.0,0.0
2003-04-17 00:00:00-04:00,167.8896942138672,168.96898998484858,167.8896942138672,167.8896942138672,213,0.0,0.0
2003-04-21 00:00:00-04:00,167.8896942138672,167.8896942138672,167.8896942138672,167.8896942138672,120,0.0,0.0
2003-04-22 00:00:00-04:00,168.489300264631,168.489300264631,167.8896942138672,167.8896942138672,273,0.0,0.0
2003-04-23 00:00:00-04:00,169.92836632346203,176.76387810791508,169.08891536764904,175.08497619628906,500,0.0,0.0
2003-04-24 00:00:00-04:00,176.28418836201706,179.8818248592011,175.08497619628906,175.08497619628906,1300,0.0,0.0
2003-04-25 00:00:00-04:00,175.08497619628906,175.08497619628906,175.08497619628906,175.08497619628906,7,0.0,0.0
2003-04-28 00:00:00-04:00,173.8857737395723,179.4021451303241,172.6865615068856,176.88380432128906,800,0.0,0.0
2003-04-29 00:00:00-04:00,176.88380432128906,179.16231244300087,176.88380432128906,176.88380432128906,507,0.0,0.0
2003-04-30 00:00:00-04:00,175.68454039311837,175.68454039311837,172.6865106935771,172.80642700195312,113,0.0,0.0
2003-05-01 00:00:00-04:00,171.48268461227417,173.2877655029297,170.88099098205566,173.2877655029297,160,0.75,0.0
2003-05-02 00:00:00-04:00,171.48268461227417,173.2877655029297,170.76065715260725,173.2877655029297,133,0.0,0.0
2003-05-05 00:00:00-04:00,173.28783842941812,174.49122619628906,172.80647842607237,174.49122619628906,813,0.0,0.0
2003-05-06 00:00:00-04:00,172.68611460903236,172.68611460903236,171.48272705078125,171.48272705078125,587,0.0,0.0
2003-05-07 00:00:00-04:00,171.96412351266167,173.40817909622848,171.36242960567753,172.08445739746094,5373,0.0,0.0
2003-05-08 00:00:00-04:00,173.76920523361406,173.76920523361406,172.08445739746094,172.08445739746094,1160,0.0,0.0
2003-05-09 00:00:00-04:00,172.08442382910386,174.370865126227,172.08442382910386,172.2047576904297,127,0.0,0.0
2003-05-12 00:00:00-04:00,172.68617738399638,175.33363342285156,172.68617738399638,175.33363342285156,233,0.0,0.0
2003-05-13 00:00:00-04:00,177.49967313530453,180.50814217149613,174.49120409911293,179.9064483642578,5007,0.0,0.0
2003-05-14 00:00:00-04:00,180.50816503064388,180.6284989107336,174.49122619628906,174.49122619628906,1293,0.0,0.0
2003-05-15 00:00:00-04:00,174.4911926323147,175.09288640001233,174.4911926323147,174.6115264892578,73,0.0,0.0
2003-05-16 00:00:00-04:00,174.6115112588377,176.89795227325124,174.6115112588377,176.6572723388672,347,0.0,0.0
2003-05-19 00:00:00-04:00,176.2963104248047,176.2963104248047,176.2963104248047,176.2963104248047,193,0.0,0.0
2003-05-20 00:00:00-04:00,178.70301828508101,180.50809927785963,178.70301828508101,179.78607177734375,1387,0.0,0.0
2003-05-21 00:00:00-04:00,179.3047545570195,180.50814217149613,179.3047545570195,179.9064483642578,207,0.0,0.0
2003-05-22 00:00:00-04:00,181.59118637712928,183.5166015625,181.59118637712928,183.5166015625,1720,0.0,0.0
2003-05-23 00:00:00-04:00,182.79458312760516,182.9149169921875,182.79458312760516,182.9149169921875,467,0.0,0.0
2003-05-27 00:00:00-04:00,181.35048829420484,181.7115020751953,181.35048829420484,181.7115020751953,167,0.0,0.0
2003-05-28 00:00:00-04:00,182.9149169921875,182.9149169921875,182.9149169921875,182.9149169921875,253,0.0,0.0
2003-05-29 00:00:00-04:00,182.43355102369273,182.43355102369273,182.31321716308594,182.31321716308594,880,0.0,0.0
2003-05-30 00:00:00-04:00,183.5166228051279,186.5250920314415,183.5166228051279,184.11831665039062,127,0.0,0.0
2003-06-02 00:00:00-04:00,186.52508467621124,192.54202289157288,183.51661556853043,191.45896911621094,620,0.0,0.0
2003-06-03 00:00:00-04:00,191.45899927668117,192.54205322265625,191.45899927668117,192.54205322265625,107,0.0,0.0
2003-06-04 00:00:00-04:00,192.542019065367,197.47590340732026,192.542019065367,196.75387573242188,313,0.0,0.0
2003-06-05 00:00:00-04:00,197.23522353391616,197.23522353391616,195.55047607421875,195.55047607421875,60,0.0,0.0
2003-06-06 00:00:00-04:00,195.55048530484422,195.55048530484422,194.94879150390625,194.94879150390625,413,0.0,0.0
2003-06-09 00:00:00-04:00,194.22674253500418,195.4301300048828,194.22674253500418,195.4301300048828,80,0.0,0.0
2003-06-10 00:00:00-04:00,195.55048853714274,195.55048853714274,193.7454071044922,193.7454071044922,153,0.0,0.0
2003-06-11 00:00:00-04:00,193.98609618248278,194.3471100376598,193.98609618248278,194.10643005371094,107,0.0,0.0
2003-06-12 00:00:00-04:00,194.70813607013812,194.70813607013812,193.74542831562619,194.3471221923828,67,0.0,0.0
2003-06-13 00:00:00-04:00,195.55048530484422,195.55048530484422,194.94879150390625,194.94879150390625,1693,0.0,0.0
2003-06-16 00:00:00-04:00,195.55047607421875,195.6708099321295,195.55047607421875,195.55047607421875,293,0.0,0.0
2003-06-17 00:00:00-04:00,196.27252177464987,197.95726938945492,195.79117405720007,197.35557556152344,753,0.0,0.0
2003-06-18 00:00:00-04:00,195.550494077729,197.35557556152344,195.550494077729,197.35557556152344,613,0.0,0.0
2003-06-19 00:00:00-04:00,196.75386361929085,196.75386361929085,194.34708852914662,195.55047607421875,473,0.0,0.0
2003-06-20 00:00:00-04:00,195.55047607421875,195.55047607421875,195.55047607421875,195.55047607421875,0,0.0,0.0
2003-06-23 00:00:00-04:00,196.1521759033203,196.1521759033203,196.1521759033203,196.1521759033203,33,0.0,0.0
2003-06-24 00:00:00-04:00,198.55893559853175,198.55893559853175,196.39284056757316,197.1148681640625,153,0.0,0.0
2003-06-25 00:00:00-04:00,197.11488956987108,198.4386232958406,196.75387573242188,196.75387573242188,207,0.0,0.0
2003-06-26 00:00:00-04:00,196.99458841730146,199.6420440673828,196.99458841730146,199.6420440673828,400,0.0,0.0
2003-06-27 00:00:00-04:00,198.31825256347656,198.31825256347656,198.31825256347656,198.31825256347656,53,0.0,0.0
2003-06-30 00:00:00-04:00,198.31828925002975,198.31828925002975,197.957275390625,197.957275390625,53,0.0,0.0
2003-07-01 00:00:00-04:00,198.55894470214844,198.55894470214844,198.55894470214844,198.55894470214844,47,0.0,0.0
2003-07-02 00:00:00-04:00,195.55047607421875,195.55047607421875,195.55047607421875,195.55047607421875,413,0.0,0.0
2003-07-03 00:00:00-04:00,197.35555739182692,197.35555739182692,195.55047607421875,195.55047607421875,73,0.0,0.0
2003-07-07 00:00:00-04:00,195.06912218271762,196.75386969443477,195.06912218271762,196.1521759033203,93,0.0,0.0
2003-07-08 00:00:00-04:00,196.1521759033203,196.1521759033203,196.1521759033203,196.1521759033203,0,0.0,0.0
2003-07-09 00:00:00-04:00,198.07762766247015,200.00305549396734,197.71661376953125,197.71661376953125,107,0.0,0.0
2003-07-10 00:00:00-04:00,198.3182677406343,199.28097534179688,196.99454631922217,199.28097534179688,93,0.0,0.0
2003-07-11 00:00:00-04:00,198.55893250572097,198.55893250572097,197.11486509374492,198.31825256347656,207,0.0,0.0
2003-07-14 00:00:00-04:00,198.55894470214844,198.55894470214844,198.55894470214844,198.55894470214844,13,0.0,0.0
2003-07-15 00:00:00-04:00,198.5589876807179,199.76237548484346,197.71661376953125,197.71661376953125,127,0.0,0.0
2003-07-16 00:00:00-04:00,198.55894770129777,199.76233526312382,198.55894770129777,199.28097534179688,553,0.0,0.0
2003-07-17 00:00:00-04:00,200.9656982421875,200.9656982421875,200.9656982421875,200.9656982421875,200,0.0,0.0
2003-07-18 00:00:00-04:00,200.96575953483034,200.96575953483034,200.0030517578125,200.0030517578125,67,0.0,0.0
2003-07-21 00:00:00-04:00,201.08607934282398,208.7877655029297,201.08607934282398,208.7877655029297,607,0.0,0.0
2003-07-22 00:00:00-04:00,209.9911320929653,209.9911320929653,204.5758879988774,205.17758178710938,680,0.0,0.0
2003-07-23 00:00:00-04:00,203.61321168006063,203.61321168006063,201.20643615722656,201.20643615722656,293,0.0,0.0
2003-07-24 00:00:00-04:00,201.08608927245928,204.21490478515625,201.08608927245928,204.21490478515625,793,0.0,0.0
2003-07-25 00:00:00-04:00,202.7707916441418,204.09451298379813,202.16909790039062,202.16909790039062,347,0.0,0.0
2003-07-28 00:00:00-04:00,202.77079778080008,202.77079778080008,201.80809020996094,201.80809020996094,333,0.0,0.0
2003-07-29 00:00:00-04:00,202.16910973373723,206.38096618652344,202.16910973373723,206.38096618652344,340,0.0,0.0
2003-07-30 00:00:00-04:00,206.98269244680378,213.60132505411437,206.98269244680378,211.19454956054688,827,0.0,0.0
2003-07-31 00:00:00-04:00,210.71314084643114,213.24024963378906,210.71314084643114,213.24024963378906,680,0.0,0.0
2003-08-01 00:00:00-04:00,212.3978729248047,214.0826201562148,211.19448554279447,212.3978729248047,507,0.0,0.0
2003-08-04 00:00:00-04:00,212.63858032226562,212.63858032226562,212.63858032226562,212.63858032226562,800,0.0,0.0
2003-08-05 00:00:00-04:00,212.6385497649828,212.99957578832453,211.7961883544922,211.7961883544922,1173,0.0,0.0
2003-08-06 00:00:00-04:00,212.63854367527034,213.36059570127506,212.03684997558594,212.03684997558594,93,0.0,0.0
2003-08-07 00:00:00-04:00,212.6402383299541,213.60569763183594,212.6402383299541,213.60569763183594,20,0.75,0.0
2003-08-08 00:00:00-04:00,213.60569763183594,213.60569763183594,213.60569763183594,213.60569763183594,0,0.0,0.0
2003-08-11 00:00:00-04:00,214.20912170410156,214.20912170410156,214.20912170410156,214.20912170410156,67,0.0,0.0
2003-08-12 00:00:00-04:00,213.96777725804606,213.96777725804606,213.84707641601562,213.84707641601562,220,0.0,0.0
2003-08-13 00:00:00-04:00,212.39892578125,212.39892578125,212.39892578125,212.39892578125,33,0.0,0.0
2003-08-14 00:00:00-04:00,212.39892578125,212.39892578125,212.39892578125,212.39892578125,53,0.0,0.0
2003-08-15 00:00:00-04:00,212.39892578125,212.39892578125,212.39892578125,212.39892578125,0,0.0,0.0
2003-08-18 00:00:00-04:00,213.24366232043073,214.20912170410156,213.00230975083903,214.20912170410156,467,0.0,0.0
2003-08-19 00:00:00-04:00,214.20912170410156,214.20912170410156,214.20912170410156,214.20912170410156,0,0.0,0.0
2003-08-20 00:00:00-04:00,213.60569473569186,213.60569473569186,213.00228881835938,213.00228881835938,207,0.0,0.0
2003-08-21 00:00:00-04:00,213.6057157274703,214.81252768073284,213.6057157274703,214.20912170410156,1220,0.0,0.0
2003-08-22 00:00:00-04:00,215.4159393310547,215.4159393310547,215.4159393310547,215.4159393310547,13,0.0,0.0
2003-08-25 00:00:00-04:00,214.81250948286325,214.81250948286325,213.60569763183594,213.60569763183594,1347,0.0,0.0
2003-08-26 00:00:00-04:00,213.36434218981873,213.60569473569186,213.00228881835938,213.00228881835938,113,0.0,0.0
2003-08-27 00:00:00-04:00,213.00228881835938,213.00228881835938,213.00228881835938,213.00228881835938,0,0.0,0.0
2003-08-28 00:00:00-04:00,213.36438526495388,213.36438526495388,209.98530162464488,212.39892578125,553,0.0,0.0
2003-08-29 00:00:00-04:00,210.58867548242472,212.39889332324785,208.77845764160156,208.77845764160156,67,0.0,0.0
2003-09-02 00:00:00-04:00,208.77845764160156,208.77845764160156,208.77845764160156,208.77845764160156,0,0.0,0.0
2003-09-03 00:00:00-04:00,210.22668633571382,210.22668633571382,208.29579162597656,208.29579162597656,100,0.0,0.0
2003-09-04 00:00:00-04:00,208.29577090822448,208.29577090822448,208.1750946044922,208.1750946044922,173,0.0,0.0
2003-09-05 00:00:00-04:00,208.899169921875,208.899169921875,208.899169921875,208.899169921875,33,0.0,0.0
2003-09-08 00:00:00-04:00,208.899169921875,208.899169921875,208.899169921875,208.899169921875,0,0.0,0.0
2003-09-09 00:00:00-04:00,209.38189817539694,210.83006286621094,209.38189817539694,210.83006286621094,67,0.0,0.0
2003-09-10 00:00:00-04:00,209.98531831856764,209.98531831856764,209.3819122314453,209.3819122314453,293,0.0,0.0
2003-09-11 00:00:00-04:00,207.5716815203572,208.899169921875,206.96827546942595,208.899169921875,87,0.0,0.0
2003-09-12 00:00:00-04:00,209.50257721578248,211.4334716796875,209.50257721578248,211.4334716796875,320,0.0,0.0
2003-09-15 00:00:00-04:00,209.62326756688512,211.7955393297919,209.62326756688512,209.98532104492188,73,0.0,0.0
2003-09-16 00:00:00-04:00,209.98532104492188,209.98532104492188,209.98532104492188,209.98532104492188,0,0.0,0.0
2003-09-17 00:00:00-04:00,209.98532104492188,209.98532104492188,209.98532104492188,209.98532104492188,0,0.0,0.0
2003-09-18 00:00:00-04:00,210.5886993408203,210.5886993408203,210.5886993408203,210.5886993408203,7,0.0,0.0
2003-09-19 00:00:00-04:00,209.98532104492188,209.98532104492188,209.98532104492188,209.98532104492188,7,0.0,0.0
2003-09-22 00:00:00-04:00,209.98532104492188,209.98532104492188,209.98532104492188,209.98532104492188,73,0.0,0.0
2003-09-23 00:00:00-04:00,211.19214136715968,211.79554748535156,211.19214136715968,211.79554748535156,47,0.0,0.0
2003-09-24 00:00:00-04:00,211.79554748535156,211.79554748535156,211.79554748535156,211.79554748535156,20,0.0,0.0
2003-09-25 00:00:00-04:00,211.79554748535156,211.79554748535156,211.79554748535156,211.79554748535156,0,0.0,0.0
2003-09-26 00:00:00-04:00,214.20912170410156,214.20912170410156,214.20912170410156,214.20912170410156,40,0.0,0.0
2003-09-29 00:00:00-04:00,215.4159393310547,215.4159393310547,215.4159393310547,215.4159393310547,13,0.0,0.0
2003-09-30 00:00:00-04:00,216.6227831459571,219.03640747070312,214.20915882121105,219.03640747070312,147,0.0,0.0
2003-10-01 00:00:00-04:00,219.03640747070312,219.03640747070312,219.03640747070312,219.03640747070312,13,0.0,0.0
2003-10-02 00:00:00-04:00,216.62274561062665,216.62274561062665,214.20912170410156,214.20912170410156,207,0.0,0.0
2003-10-03 00:00:00-04:00,213.4850615622532,214.20914389870381,212.39892578125,212.39892578125,573,0.0,0.0
2003-10-06 00:00:00-04:00,216.01934532357865,216.01934532357865,215.4159393310547,215.4159393310547,60,0.0,0.0
2003-10-07 00:00:00-04:00,215.4159393310547,215.4159393310547,215.4159393310547,215.4159393310547,0,0.0,0.0
2003-10-08 00:00:00-04:00,217.2261505126953,217.2261505126953,217.2261505126953,217.2261505126953,13,0.0,0.0
2003-10-09 00:00:00-04:00,217.8295564863417,219.03636843363444,217.2261505126953,217.2261505126953,53,0.0,0.0
2003-10-10 00:00:00-04:00,217.2261505126953,217.2261505126953,217.2261505126953,217.2261505126953,0,0.0,0.0
2003-10-13 00:00:00-04:00,217.22612291161704,217.82952880859375,217.22612291161704,217.82952880859375,73,0.0,0.0
2003-10-14 00:00:00-04:00,217.8296159935986,220.24324054754427,217.8296159935986,218.0709686279297,153,0.0,0.0
2003-10-15 00:00:00-04:00,217.82959104948537,223.26024567398778,217.82959104948537,221.4500274658203,233,0.0,0.0
2003-10-16 00:00:00-04:00,221.5706816524972,223.26022338867188,221.45000536119616,223.26022338867188,40,0.0,0.0
2003-10-17 00:00:00-04:00,223.26022338867188,223.26022338867188,223.26022338867188,223.26022338867188,0,0.0,0.0
2003-10-20 00:00:00-04:00,222.65685765639594,222.65685765639594,222.05345153808594,222.05345153808594,140,0.0,0.0
2003-10-21 00:00:00-04:00,224.58773648431696,228.69090270996094,224.58773648431696,228.69090270996094,153,0.0,0.0
2003-10-22 00:00:00-04:00,228.69090270996094,228.69090270996094,228.69090270996094,228.69090270996094,7,0.0,0.0
2003-10-23 00:00:00-04:00,228.69090270996094,228.69090270996094,228.69090270996094,228.69090270996094,7,0.0,0.0
2003-10-24 00:00:00-04:00,228.6909004925507,247.39648865948755,226.51862881984408,244.9828643798828,1253,0.0,0.0
2003-10-27 00:00:00-05:00,249.81012952487706,252.8271600746944,247.51718139648438,247.51718139648438,473,0.0,0.0
2003-10-28 00:00:00-05:00,247.9999472481864,253.43060302734375,247.9999472481864,253.43060302734375,560,0.0,0.0
2003-10-29 00:00:00-05:00,252.22373412205621,253.43054624704214,251.0169219970703,251.0169219970703,220,0.0,0.0
2003-10-30 00:00:00-05:00,249.20236268235107,249.20236268235107,241.8230743408203,241.8230743408203,473,0.75,0.0
2003-10-31 00:00:00-05:00,241.94396047881153,241.94396047881153,239.5245208740234,239.52452087402344,153,0.0,0.0
2003-11-03 00:00:00-05:00,238.07293013215985,242.18595886230466,237.83097134038616,242.1859588623047,380,0.0,0.0
2003-11-04 00:00:00-05:00,242.18595886230466,242.18595886230466,242.18595886230466,242.1859588623047,0,0.0,0.0
2003-11-05 00:00:00-05:00,241.09721374511722,241.09721374511722,241.09721374511722,241.0972137451172,13,0.0,0.0
2003-11-06 00:00:00-05:00,241.09721374511722,241.09721374511722,241.09721374511722,241.0972137451172,0,0.0,0.0
2003-11-07 00:00:00-05:00,241.09721374511722,241.09721374511722,241.09721374511722,241.0972137451172,0,0.0,0.0
2003-11-10 00:00:00-05:00,242.54887226920815,243.1537322998047,242.54887226920815,243.1537322998047,33,0.0,0.0
2003-11-11 00:00:00-05:00,243.15373606786753,247.38775634765625,241.94401598792788,247.38775634765625,433,0.0,0.0
2003-11-12 00:00:00-05:00,248.59751718021136,249.20237731933594,248.59751718021136,249.20237731933594,27,0.0,0.0
2003-11-13 00:00:00-05:00,249.80722376505534,254.04124450683594,249.32333075791627,254.04124450683594,60,0.0,0.0
2003-11-14 00:00:00-05:00,252.22659301757815,252.22659301757815,252.22659301757815,252.22659301757812,20,0.0,0.0
2003-11-17 00:00:00-05:00,255.85580114028033,257.0655212402344,255.85580114028033,257.0655212402344,47,0.0,0.0
2003-11-18 00:00:00-05:00,257.0655212402344,257.0655212402344,257.0655212402344,257.0655212402344,0,0.0,0.0
2003-11-19 00:00:00-05:00,258.8800964355469,258.8800964355469,258.8800964355469,258.8800964355469,33,0.0,0.0
2003-11-20 00:00:00-05:00,257.0655449287041,259.4849853515625,257.0655449287041,259.4849853515625,20,0.0,0.0
2003-11-21 00:00:00-05:00,262.14635772274085,262.14635772274085,262.025390625,262.025390625,13,0.0,0.0
2003-11-24 00:00:00-05:00,265.04966167309544,272.79187502179826,265.04966167309544,270.977294921875,553,0.0,0.0
2003-11-25 00:00:00-05:00,270.977294921875,270.977294921875,270.977294921875,270.977294921875,0,0.0,0.0
2003-11-26 00:00:00-05:00,272.1870588943948,277.02593994140625,272.1870588943948,277.02593994140625,87,0.0,0.0
2003-11-28 00:00:00-05:00,277.1468811035156,277.1468811035156,277.1468811035156,277.1468811035156,13,0.0,0.0
2003-12-01 00:00:00-05:00,278.235595703125,279.9292085993333,277.2678098733442,278.235595703125,180,0.0,0.0
2003-12-02 00:00:00-05:00,280.0502168041165,285.49395751953125,280.0502168041165,285.49395751953125,40,0.0,0.0
2003-12-03 00:00:00-05:00,285.61489570307197,285.61489570307197,284.8890686035156,284.8890686035156,133,0.0,0.0
2003-12-04 00:00:00-05:00,285.49398456042326,287.9134251075455,285.49398456042326,286.7037048339844,87,0.0,0.0
2003-12-05 00:00:00-05:00,288.5182130126953,309.08345251464846,288.5182130126953,302.42999267578125,1140,0.0,0.0
2003-12-08 00:00:00-05:00,305.4543071073644,314.52720731847427,303.1558341315199,308.4786071777344,1253,0.0,0.0
2003-12-09 00:00:00-05:00,311.50301394894404,313.9224548339844,311.50301394894404,313.9224548339844,27,0.0,0.0
2003-12-10 00:00:00-05:00,313.92233755422194,315.13205754479696,310.89803757778435,312.1077575683594,353,0.0,0.0
2003-12-11 00:00:00-05:00,309.0834575919218,312.1077575683594,309.0834575919218,312.1077575683594,47,0.0,0.0
2003-12-12 00:00:00-05:00,300.0105239776428,301.8251037597656,292.1473449217771,301.8251037597656,507,0.0,0.0
2003-12-15 00:00:00-05:00,304.84947068032585,310.8980712890625,304.84947068032585,310.8980712890625,307,0.0,0.0
2003-12-16 00:00:00-05:00,308.4785913320688,318.7612110431378,308.4785913320688,314.5271911621094,1107,0.0,0.0
2003-12-17 00:00:00-05:00,314.5272564529079,320.33392333984375,314.5272564529079,320.33392333984375,4773,0.0,0.0
2003-12-18 00:00:00-05:00,320.5758361816406,320.5758361816406,320.5758361816406,320.5758361816406,67,0.0,0.0
2003-12-19 00:00:00-05:00,313.92238368443077,317.5515441894531,306.6640626743862,317.5515441894531,380,0.0,0.0
2003-12-22 00:00:00-05:00,317.5515660398742,317.5515660398742,311.6239318847656,311.6239318847656,160,0.0,0.0
2003-12-23 00:00:00-05:00,313.68039703063,314.5271911621094,313.68039703063,314.5271911621094,53,0.0,0.0
2003-12-24 00:00:00-05:00,314.5271911621094,314.5271911621094,314.5271911621094,314.5271911621094,0,0.0,0.0
2003-12-26 00:00:00-05:00,314.52729160345876,314.52729160345876,311.50299072265625,311.50299072265625,20,0.0,0.0
2003-12-29 00:00:00-05:00,311.62398107083095,314.52731505524446,311.62398107083095,313.9224548339844,93,0.0,0.0
2003-12-30 00:00:00-05:00,312.1078072472691,314.4062805175781,312.1078072472691,314.4062805175781,27,0.0,0.0
2003-12-31 00:00:00-05:00,313.9223817840336,313.9223817840336,300.2525341198083,307.2689208984375,600,0.0,0.0
2004-01-02 00:00:00-05:00,304.36554273665274,305.57526271939923,300.61541571250183,303.15582275390625,73,0.0,0.0
2004-01-05 00:00:00-05:00,306.6640156262343,306.6640156262343,303.15582275390625,303.15582275390625,80,0.0,0.0
2004-01-06 00:00:00-05:00,300.6154513272372,304.1236446151905,299.4057312011719,299.4057312011719,40,0.0,0.0
2004-01-07 00:00:00-05:00,296.38141522191677,296.74434108528294,293.96197509765625,293.96197509765625,253,0.0,0.0
2004-01-08 00:00:00-05:00,293.96197509765625,293.96197509765625,293.96197509765625,293.96197509765625,0,0.0,0.0
2004-01-09 00:00:00-05:00,294.0829577241206,302.43003151633525,294.0829577241206,299.4057312011719,147,0.0,0.0
2004-01-12 00:00:00-05:00,302.42998481977105,305.45428466796875,297.5911050626547,305.45428466796875,300,0.0,0.0
2004-01-13 00:00:00-05:00,303.88168841368315,307.7528076171875,303.88168841368315,307.7528076171875,27,0.0,0.0
2004-01-14 00:00:00-05:00,303.7607421875,303.7607421875,303.7607421875,303.7607421875,67,0.0,0.0
2004-01-15 00:00:00-05:00,314.5271975495094,314.5271975495094,312.1077575683594,312.1077575683594,180,0.0,0.0
2004-01-16 00:00:00-05:00,313.31752743039806,314.4062805175781,312.34974143916685,314.4062805175781,53,0.0,0.0
2004-01-20 00:00:00-05:00,312.34973688365784,314.40627593207523,312.34973688365784,314.2853088378906,167,0.0,0.0
2004-01-21 00:00:00-05:00,314.5272358678168,314.5272358678168,312.2287626833419,312.95458984375,200,0.0,0.0
2004-01-22 00:00:00-05:00,312.8336135722567,312.8336135722567,312.712646484375,312.712646484375,93,0.0,0.0
2004-01-23 00:00:00-05:00,314.04333367471077,314.04333367471077,312.712646484375,312.712646484375,187,0.0,0.0
2004-01-26 00:00:00-05:00,310.41426062682376,311.01912084808095,310.41426062682376,310.6562194824219,53,0.0,0.0
2004-01-27 00:00:00-05:00,310.2932213009812,310.2932213009812,307.2689208984375,307.2689208984375,193,0.0,0.0
2004-01-28 00:00:00-05:00,307.2689208984375,307.2689208984375,307.2689208984375,307.2689208984375,0,0.0,0.0
2004-01-29 00:00:00-05:00,307.2688677505281,310.2931676299624,304.24456787109375,304.24456787109375,267,0.0,0.0
2004-01-30 00:00:00-05:00,304.24458707921644,308.4786071777344,304.24458707921644,308.4786071777344,173,0.0,0.0
2004-02-02 00:00:00-05:00,308.47868799256287,308.47868799256287,304.2446667848218,305.0914611816406,47,0.0,0.0
2004-02-03 00:00:00-05:00,304.8494003697296,308.47855989794067,304.8494003697296,304.9703674316406,320,0.0,0.0
2004-02-04 00:00:00-05:00,305.5765075683594,305.5765075683594,305.5765075683594,305.5765075683594,67,0.75,0.0
2004-02-05 00:00:00-05:00,305.4552917480469,305.4552917480469,305.4552917480469,305.4552917480469,13,0.0,0.0
2004-02-06 00:00:00-05:00,305.4552917480469,307.8795400952536,305.4552917480469,305.4552917480469,20,0.0,0.0
2004-02-09 00:00:00-05:00,305.57648894272387,306.9098205566406,305.4552814615912,306.9098205566406,120,0.0,0.0
2004-02-10 00:00:00-05:00,303.87950263531343,303.87950263531343,299.3946533203125,299.3946533203125,93,0.0,0.0
2004-02-11 00:00:00-05:00,301.455322265625,301.455322265625,301.455322265625,301.455322265625,13,0.0,0.0
2004-02-12 00:00:00-05:00,301.3340878641639,301.3340878641639,297.5765075683594,297.5765075683594,140,0.0,0.0
2004-02-13 00:00:00-05:00,297.5765075683594,297.5765075683594,297.5765075683594,297.5765075683594,7,0.0,0.0
2004-02-17 00:00:00-05:00,300.0007663166499,301.212890625,300.0007663166499,301.212890625,20,0.0,0.0
2004-02-18 00:00:00-05:00,298.18253979492187,304.2431605224609,298.18253979492187,303.0310363769531,213,0.0,0.0
2004-02-19 00:00:00-05:00,301.21289732546626,303.63714599609375,301.21289732546626,303.63714599609375,20,0.0,0.0
2004-02-20 00:00:00-05:00,301.8189425031425,301.8189425031425,297.5765075683594,297.5765075683594,500,0.0,0.0
2004-02-23 00:00:00-05:00,297.5765517254265,297.5765517254265,295.152302831533,296.9704895019531,807,0.0,0.0
2004-02-24 00:00:00-05:00,293.94010713602097,294.54616921259003,292.97039794921875,292.97039794921875,400,0.0,0.0
2004-02-25 00:00:00-05:00,290.0613434443095,293.94013118743896,284.84919929504395,290.9098205566406,1160,0.0,0.0
2004-02-26 00:00:00-05:00,293.94013118743896,293.94013118743896,290.9098205566406,290.9098205566406,273,0.0,0.0
2004-02-27 00:00:00-05:00,290.9098205566406,290.9098205566406,290.9098205566406,290.9098205566406,0,0.0,0.0
2004-03-01 00:00:00-05:00,292.1218217539116,292.1218217539116,290.5460510253906,290.5460510253906,40,0.0,0.0
2004-03-02 00:00:00-05:00,290.5460510253906,290.5460510253906,290.5460510253906,290.5460510253906,0,0.0,0.0
2004-03-03 00:00:00-05:00,290.9097233408505,293.9400329589844,290.9097233408505,293.9400329589844,180,0.0,0.0
2004-03-04 00:00:00-05:00,293.9400329589844,293.9400329589844,293.9400329589844,293.9400329589844,313,0.0,0.0
2004-03-05 00:00:00-05:00,293.9400329589844,293.9400329589844,293.9400329589844,293.9400329589844,0,0.0,0.0
2004-03-08 00:00:00-05:00,293.9400329589844,294.06124041156517,293.9400329589844,293.9400329589844,433,0.0,0.0
2004-03-09 00:00:00-05:00,293.9400329589844,293.9400329589844,293.9400329589844,293.9400329589844,0,0.0,0.0
2004-03-10 00:00:00-05:00,294.06124041156517,294.78850978777274,293.9400329589844,293.9400329589844,113,0.0,0.0
2004-03-11 00:00:00-05:00,294.06134033203125,294.06134033203125,294.06134033203125,294.06134033203125,20,0.0,0.0
2004-03-12 00:00:00-05:00,291.03099476104927,296.3643457933618,289.6976631681532,295.1522216796875,193,0.0,0.0
2004-03-15 00:00:00-05:00,295.1522216796875,295.1522216796875,295.1522216796875,295.1522216796875,0,0.0,0.0
2004-03-16 00:00:00-05:00,295.15225543975833,296.8492343251516,290.9098205566406,290.9098205566406,380,0.0,0.0
2004-03-17 00:00:00-05:00,291.0309880275243,293.09161376953125,290.9097805511069,293.09161376953125,420,0.0,0.0
2004-03-18 00:00:00-05:00,291.8794769611889,291.8794769611889,291.0309753417969,291.0309753417969,13,0.0,0.0
2004-03-19 00:00:00-05:00,290.7885437011719,290.7885437011719,290.06127425540353,290.7885437011719,53,0.0,0.0
2004-03-22 00:00:00-05:00,290.9097511653457,292.7279371101291,289.0915652205623,290.7885437011719,347,0.0,0.0
2004-03-23 00:00:00-05:00,290.78865392856005,290.78865392856005,289.0916748046875,289.0916748046875,33,0.0,0.0
2004-03-24 00:00:00-05:00,287.27337646484375,287.27337646484375,287.27337646484375,287.27337646484375,27,0.0,0.0
2004-03-25 00:00:00-05:00,287.27337646484375,287.27337646484375,287.27337646484375,287.27337646484375,0,0.0,0.0
2004-03-26 00:00:00-05:00,285.45526123046875,285.45526123046875,285.45526123046875,285.45526123046875,13,0.0,0.0
2004-03-29 00:00:00-05:00,284.7279737632069,284.7279737632069,279.0309753417969,279.0309753417969,180,0.0,0.0
2004-03-30 00:00:00-05:00,279.39465325538146,284.8492126464844,279.39465325538146,284.8492126464844,300,0.0,0.0
2004-03-31 00:00:00-05:00,284.8492126464844,284.8492126464844,284.8492126464844,284.8492126464844,0,0.0,0.0
2004-04-01 00:00:00-05:00,283.0309753417969,283.0309753417969,283.0309753417969,283.0309753417969,33,0.0,0.0
2004-04-02 00:00:00-05:00,283.03102611947907,290.30377197265625,283.03102611947907,290.30377197265625,107,0.0,0.0
2004-04-05 00:00:00-04:00,290.9098474658008,290.9098474658008,289.3340759277344,289.3340759277344,487,0.0,0.0
2004-04-06 00:00:00-04:00,287.8795438286618,287.8795438286618,285.21288002380567,286.66741943359375,80,0.0,0.0
2004-04-07 00:00:00-04:00,289.3340759277344,289.3340759277344,289.3340759277344,289.3340759277344,800,0.0,0.0
2004-04-08 00:00:00-04:00,289.3340759277344,289.3340759277344,289.3340759277344,289.3340759277344,0,0.0,0.0
2004-04-12 00:00:00-04:00,286.66738548197816,289.3340489710065,285.45526123046875,285.45526123046875,100,0.0,0.0
2004-04-13 00:00:00-04:00,285.45526123046875,285.45526123046875,285.45526123046875,285.45526123046875,0,0.0,0.0
2004-04-14 00:00:00-04:00,283.6370544433594,283.6370544433594,283.6370544433594,283.6370544433594,40,0.0,0.0
2004-04-15 00:00:00-04:00,281.8188171386719,281.8188171386719,281.8188171386719,281.8188171386719,13,0.0,0.0
2004-04-16 00:00:00-04:00,281.8188171386719,281.8188171386719,281.8188171386719,281.8188171386719,0,0.0,0.0
2004-04-19 00:00:00-04:00,283.6370030556956,284.849127000378,281.8188171386719,281.8188171386719,100,0.0,0.0
2004-04-20 00:00:00-04:00,280.00059703719796,280.6066589355469,278.78847324050014,280.6066589355469,107,0.0,0.0
2004-04-21 00:00:00-04:00,281.69769287109375,281.69769287109375,281.69769287109375,281.69769287109375,33,0.0,0.0
2004-04-22 00:00:00-04:00,281.8188659556844,281.8188659556844,280.12188720703125,280.12188720703125,60,0.0,0.0
2004-04-23 00:00:00-04:00,280.12188720703125,280.12188720703125,280.12188720703125,280.12188720703125,0,0.0,0.0
2004-04-26 00:00:00-04:00,280.12188720703125,280.12188720703125,280.12188720703125,280.12188720703125,0,0.0,0.0
2004-04-27 00:00:00-04:00,280.9704557417854,280.9704557417854,279.7583312988281,279.7583312988281,47,0.0,0.0
2004-04-28 00:00:00-04:00,277.5764878619412,277.5764878619412,269.09161705393427,270.3037414550781,253,0.0,0.0
2004-04-29 00:00:00-04:00,267.87944859892264,267.87944859892264,265.4552001953125,265.4552001953125,120,0.0,0.0
2004-04-30 00:00:00-04:00,265.4552001953125,266.66732439711757,264.24307599350743,265.4552001953125,200,0.0,0.0
2004-05-03 00:00:00-04:00,264.243030920694,264.243030920694,260.6066589355469,260.6066589355469,47,0.0,0.0
2004-05-04 00:00:00-04:00,260.6066589355469,260.6066589355469,260.6066589355469,260.6066589355469,0,0.0,0.0
2004-05-05 00:00:00-04:00,257.5764465332031,257.5764465332031,257.5764465332031,257.5764465332031,13,0.0,0.0
2004-05-06 00:00:00-04:00,257.5764465332031,257.5764465332031,257.5764465332031,257.5764465332031,7,0.75,0.0
2004-05-07 00:00:00-04:00,259.39892578125,259.39892578125,259.39892578125,259.39892578125,13,0.0,0.0
2004-05-10 00:00:00-04:00,258.1838589179807,258.1838589179807,249.0714874267578,249.0714874267578,173,0.0,0.0
2004-05-11 00:00:00-04:00,246.64151706408018,246.64151706408018,241.78158569335938,241.78158569335938,100,0.0,0.0
2004-05-12 00:00:00-04:00,241.1741485595703,241.1741485595703,241.1741485595703,241.1741485595703,7,0.0,0.0
2004-05-13 00:00:00-04:00,241.1741485595703,241.1741485595703,241.1741485595703,241.1741485595703,0,0.0,0.0
2004-05-14 00:00:00-04:00,241.1741485595703,241.1741485595703,241.1741485595703,241.1741485595703,0,0.0,0.0
2004-05-17 00:00:00-04:00,242.87508744218778,242.87508744218778,238.744140625,238.744140625,87,0.0,0.0
2004-05-18 00:00:00-04:00,237.52916703585234,237.52916703585234,232.6692352294922,232.6692352294922,133,0.0,0.0
2004-05-19 00:00:00-04:00,231.45428479649883,239.1086883544922,231.45428479649883,239.1086883544922,107,0.0,0.0
2004-05-20 00:00:00-04:00,239.35163626965183,246.03404235839844,239.35163626965183,246.03404235839844,173,0.0,0.0
2004-05-21 00:00:00-04:00,249.07153109846442,264.2588195800781,249.07153109846442,264.2588195800781,167,0.0,0.0
2004-05-24 00:00:00-04:00,262.436366076718,262.436366076718,256.3614501953125,256.3614501953125,107,0.0,0.0
2004-05-25 00:00:00-04:00,256.3614501953125,256.3614501953125,256.3614501953125,256.3614501953125,0,0.0,0.0
2004-05-26 00:00:00-04:00,255.1464670190314,256.3614501953125,255.1464670190314,256.3614501953125,53,0.0,0.0
2004-05-27 00:00:00-04:00,255.1464080810547,255.1464080810547,255.1464080810547,255.1464080810547,40,0.0,0.0
2004-05-28 00:00:00-04:00,253.9314251854306,255.1464080810547,253.9314251854306,255.1464080810547,20,0.0,0.0
2004-06-01 00:00:00-04:00,253.9314288359422,253.9314288359422,252.71644592285156,252.71644592285156,27,0.0,0.0
2004-06-02 00:00:00-04:00,252.71644592285156,252.71644592285156,252.71644592285156,252.71644592285156,0,0.0,0.0
2004-06-03 00:00:00-04:00,252.71644592285156,252.71644592285156,252.71644592285156,252.71644592285156,0,0.0,0.0
2004-06-04 00:00:00-04:00,252.71644592285156,252.71644592285156,252.71644592285156,252.71644592285156,0,0.0,0.0
2004-06-07 00:00:00-04:00,251.50144109151452,252.1089324951172,251.50144109151452,252.1089324951172,53,0.0,0.0
2004-06-08 00:00:00-04:00,250.28659057617188,250.28659057617188,250.28659057617188,250.28659057617188,40,0.0,0.0
2004-06-09 00:00:00-04:00,252.71645261915467,253.32394409179688,252.71645261915467,253.32394409179688,33,0.0,0.0
2004-06-10 00:00:00-04:00,253.32394409179688,253.32394409179688,253.32394409179688,253.32394409179688,0,0.0,0.0
2004-06-14 00:00:00-04:00,253.32394409179688,253.32394409179688,253.32394409179688,253.32394409179688,0,0.0,0.0
2004-06-15 00:00:00-04:00,253.32394409179688,253.32394409179688,253.32394409179688,253.32394409179688,0,0.0,0.0
2004-06-16 00:00:00-04:00,252.10894459049877,252.10894459049877,249.0714874267578,249.0714874267578,67,0.0,0.0
2004-06-17 00:00:00-04:00,249.0714874267578,249.0714874267578,249.0714874267578,249.0714874267578,0,0.0,0.0
2004-06-18 00:00:00-04:00,249.0714874267578,249.0714874267578,249.0714874267578,249.0714874267578,0,0.0,0.0
2004-06-21 00:00:00-04:00,246.6415338210118,246.6415338210118,245.4265508957851,246.03404235839844,93,0.0,0.0
2004-06-22 00:00:00-04:00,244.21155497749444,244.21155497749444,239.35162353515625,239.35162353515625,160,0.0,0.0
2004-06-23 00:00:00-04:00,238.136649173028,238.744140625,238.136649173028,238.744140625,93,0.0,0.0
2004-06-24 00:00:00-04:00,238.744140625,238.744140625,238.744140625,238.744140625,0,0.0,0.0
2004-06-25 00:00:00-04:00,239.95909796820746,240.56658935546875,239.95909796820746,240.56658935546875,33,0.0,0.0
2004-06-28 00:00:00-04:00,239.47315979003906,239.47315979003906,239.47315979003906,239.47315979003906,20,0.0,0.0
2004-06-29 00:00:00-04:00,238.13658290765224,238.13658290765224,236.92160034179688,236.92160034179688,40,0.0,0.0
2004-06-30 00:00:00-04:00,242.99658203125,242.99658203125,242.99658203125,242.99658203125,167,0.0,0.0
2004-07-01 00:00:00-04:00,242.99658203125,242.99658203125,242.99658203125,242.99658203125,0,0.0,0.0
2004-07-02 00:00:00-04:00,242.99658203125,242.99658203125,242.99658203125,242.99658203125,33,0.0,0.0
2004-07-06 00:00:00-04:00,242.99658203125,242.99658203125,242.99658203125,242.99658203125,0,0.0,0.0
2004-07-07 00:00:00-04:00,242.9965141124295,242.9965141124295,242.38902282714844,242.38902282714844,13,0.0,0.0
2004-07-08 00:00:00-04:00,242.38902282714844,242.38902282714844,242.38902282714844,242.38902282714844,0,0.0,0.0
2004-07-09 00:00:00-04:00,241.1741485595703,241.1741485595703,241.1741485595703,241.1741485595703,27,0.0,0.0
2004-07-12 00:00:00-04:00,239.9591408042728,240.93113708496094,239.9591408042728,240.93113708496094,87,0.0,0.0
2004-07-13 00:00:00-04:00,240.93113708496094,240.93113708496094,240.93113708496094,240.93113708496094,0,0.0,0.0
2004-07-14 00:00:00-04:00,240.93113708496094,240.93113708496094,240.93113708496094,240.93113708496094,0,0.0,0.0
2004-07-15 00:00:00-04:00,240.93113708496094,240.93113708496094,240.93113708496094,240.93113708496094,0,0.0,0.0
2004-07-16 00:00:00-04:00,240.93113708496094,240.93113708496094,240.93113708496094,240.93113708496094,0,0.0,0.0
2004-07-19 00:00:00-04:00,240.93113708496094,240.93113708496094,240.93113708496094,240.93113708496094,0,0.0,0.0
2004-07-20 00:00:00-04:00,240.93113708496094,240.93113708496094,240.93113708496094,240.93113708496094,0,0.0,0.0
2004-07-21 00:00:00-04:00,237.28622243124664,237.28622243124664,230.8468017578125,230.8468017578125,733,0.0,0.0
2004-07-22 00:00:00-04:00,227.80933077373203,229.6318054199219,227.80933077373203,229.63180541992188,73,0.0,0.0
2004-07-23 00:00:00-04:00,227.80930802628802,227.80930802628802,224.7718505859375,224.7718505859375,87,0.0,0.0
2004-07-26 00:00:00-04:00,227.80934722311233,227.9308405978521,225.014876009617,227.5663604736328,560,0.0,0.0
2004-07-27 00:00:00-04:00,227.5663570940756,230.8468017578125,227.5663570940756,230.8468017578125,140,0.0,0.0
2004-07-28 00:00:00-04:00,230.8468017578125,230.96829513074798,230.72530838487702,230.8468017578125,440,0.0,0.0
2004-07-29 00:00:00-04:00,231.9402782488746,231.9402782488746,229.6318054199219,229.63180541992188,73,0.0,0.0
2004-07-30 00:00:00-04:00,229.6318054199219,229.6318054199219,229.6318054199219,229.63180541992188,0,0.0,0.0
2004-08-02 00:00:00-04:00,231.9402915520234,231.9402915520234,230.8468017578125,230.8468017578125,40,0.0,0.0
2004-08-03 00:00:00-04:00,230.8468017578125,230.8468017578125,230.8468017578125,230.8468017578125,0,0.0,0.0
2004-08-04 00:00:00-04:00,228.4168504812123,228.4168504812123,226.59437561035156,226.59437561035156,133,0.0,0.0
2004-08-05 00:00:00-04:00,226.59437561035156,226.59437561035156,226.59437561035156,226.59437561035156,0,0.0,0.0
2004-08-06 00:00:00-04:00,225.6186981201172,225.6186981201172,225.6186981201172,225.6186981201172,13,1.05,0.0
2004-08-09 00:00:00-04:00,225.61867106119792,228.66757202148438,225.61867106119792,228.66757202148438,207,0.0,0.0
2004-08-10 00:00:00-04:00,228.66757202148438,228.66757202148438,228.66757202148438,228.66757202148438,0,0.0,0.0
2004-08-11 00:00:00-04:00,234.15563484251967,234.15563484251967,232.3262939453125,232.3262939453125,113,0.0,0.0
2004-08-12 00:00:00-04:00,229.88713926060646,231.10669968108715,221.35021631724177,223.78933715820312,820,0.0,0.0
2004-08-13 00:00:00-04:00,223.17955017089844,223.17955017089844,223.17955017089844,223.17955017089844,13,0.0,0.0
2004-08-16 00:00:00-04:00,221.95999145507812,221.95999145507812,221.95999145507812,221.95999145507812,47,0.0,0.0
2004-08-17 00:00:00-04:00,221.95999145507812,221.95999145507812,221.95999145507812,221.95999145507812,40,0.0,0.0
2004-08-18 00:00:00-04:00,220.13063892788358,220.13063892788358,219.52085876464844,219.52085876464844,393,0.0,0.0
2004-08-19 00:00:00-04:00,219.52091312674096,219.52091312674096,217.6915721840181,218.9111328125,107,0.0,0.0
2004-08-20 00:00:00-04:00,218.9111328125,218.9111328125,218.9111328125,218.9111328125,33,0.0,0.0
2004-08-23 00:00:00-04:00,219.5208998512261,220.86241149902344,219.5208998512261,220.86241149902344,187,0.0,0.0
2004-08-24 00:00:00-04:00,220.6185302734375,220.6185302734375,220.6185302734375,220.6185302734375,93,0.0,0.0
2004-08-25 00:00:00-04:00,221.10629949529047,221.47215270996094,221.10629949529047,221.47215270996094,33,0.0,0.0
2004-08-26 00:00:00-04:00,221.35020163840412,221.47215270996094,221.35020163840412,221.47215270996094,147,0.0,0.0
2004-08-27 00:00:00-04:00,223.78933715820312,223.78933715820312,223.78933715820312,223.78933715820312,33,0.0,0.0
2004-08-30 00:00:00-04:00,223.78933715820312,223.78933715820312,223.78933715820312,223.78933715820312,0,0.0,0.0
2004-08-31 00:00:00-04:00,223.78933715820312,223.78933715820312,223.78933715820312,223.78933715820312,0,0.0,0.0
2004-09-01 00:00:00-04:00,223.78933715820312,223.78933715820312,223.78933715820312,223.78933715820312,0,0.0,0.0
2004-09-02 00:00:00-04:00,223.78933715820312,223.78933715820312,223.78933715820312,223.78933715820312,0,0.0,0.0
2004-09-03 00:00:00-04:00,223.17955017089844,223.17955017089844,223.17955017089844,223.17955017089844,7,0.0,0.0
2004-09-07 00:00:00-04:00,224.39911846939813,224.6430206298828,224.39911846939813,224.6430206298828,87,0.0,0.0
2004-09-08 00:00:00-04:00,224.3991375897382,225.7406492107506,224.3991375897382,225.6186981201172,87,0.0,0.0
2004-09-09 00:00:00-04:00,225.00891427432788,228.0578155517578,225.00891427432788,228.0578155517578,167,0.0,0.0
2004-09-10 00:00:00-04:00,226.22845458984375,226.22845458984375,226.22845458984375,226.22845458984375,33,0.0,0.0
2004-09-13 00:00:00-04:00,226.22845458984375,226.22845458984375,226.22845458984375,226.22845458984375,0,0.0,0.0
2004-09-14 00:00:00-04:00,226.22845458984375,226.22845458984375,226.22845458984375,226.22845458984375,0,0.0,0.0
2004-09-15 00:00:00-04:00,227.20413491693344,227.69193927556492,226.8382568359375,226.8382568359375,60,0.0,0.0
2004-09-16 00:00:00-04:00,226.8382568359375,226.8382568359375,226.8382568359375,226.8382568359375,0,0.0,0.0
2004-09-17 00:00:00-04:00,228.42361044748233,234.15553283691406,228.42361044748233,234.15553283691406,207,0.0,0.0
2004-09-20 00:00:00-04:00,234.15553283691406,234.15553283691406,234.15553283691406,234.15553283691406,0,0.0,0.0
2004-09-21 00:00:00-04:00,235.37511083110215,238.42401123046875,235.37511083110215,238.42401123046875,60,0.0,0.0
2004-09-22 00:00:00-04:00,239.0338433832269,241.1070861816406,239.0338433832269,241.10708618164062,27,0.0,0.0
2004-09-23 00:00:00-04:00,242.082716885735,248.79029846191406,240.7412055329027,248.79029846191406,220,0.0,0.0
2004-09-24 00:00:00-04:00,250.00984492560326,252.44896536390183,247.5707244873047,247.5707244873047,260,0.0,0.0
2004-09-27 00:00:00-04:00,248.79038139660378,249.40016174316406,248.79038139660378,249.40016174316406,13,0.0,0.0
2004-09-28 00:00:00-04:00,249.40016174316406,249.40016174316406,249.40016174316406,249.40016174316406,0,0.0,0.0
2004-09-29 00:00:00-04:00,247.57062739557492,247.8145294189453,243.91194817298023,247.8145294189453,300,0.0,0.0
2004-09-30 00:00:00-04:00,248.79029846191406,248.79029846191406,248.79029846191406,248.79029846191406,47,0.0,0.0
2004-10-01 00:00:00-04:00,245.7414093017578,245.7414093017578,244.5218489578285,245.7414093017578,200,0.0,0.0
2004-10-04 00:00:00-04:00,246.9609379647347,246.9609379647347,240.25335693359375,240.25335693359375,133,0.0,0.0
2004-10-05 00:00:00-04:00,240.25335693359375,240.25335693359375,237.8142365586334,240.25335693359375,5187,0.0,0.0
2004-10-06 00:00:00-04:00,241.4729541016832,242.93641662597656,241.4729541016832,242.93641662597656,47,0.0,0.0
2004-10-07 00:00:00-04:00,243.30221557617188,243.30221557617188,243.30221557617188,243.30221557617188,13,0.0,0.0
2004-10-08 00:00:00-04:00,242.08273428880867,242.93641662597656,242.08273428880867,242.93641662597656,40,0.0,0.0
2004-10-11 00:00:00-04:00,243.91209803072468,244.88775634765625,243.91209803072468,244.88775634765625,33,0.0,0.0
2004-10-12 00:00:00-04:00,243.66819194690325,243.91209411621097,243.66819194690325,243.91209411621094,20,0.0,0.0
2004-10-13 00:00:00-04:00,243.91209411621097,243.91209411621097,243.91209411621097,243.91209411621094,33,0.0,0.0
2004-10-14 00:00:00-04:00,242.5704983002174,242.5704983002174,242.20462036132815,242.20462036132812,13,0.0,0.0
2004-10-15 00:00:00-04:00,241.59490966796875,241.59490966796875,241.59490966796875,241.59490966796875,13,0.0,0.0
2004-10-18 00:00:00-04:00,240.25335693359375,240.37530798993868,240.25335693359375,240.25335693359375,160,0.0,0.0
2004-10-19 00:00:00-04:00,240.25335693359375,240.37530798993868,240.25335693359375,240.25335693359375,2393,0.0,0.0
2004-10-20 00:00:00-04:00,239.03389070021115,240.25345136704897,239.03389070021115,239.8875732421875,133,0.0,0.0
2004-10-21 00:00:00-04:00,241.4729352949862,243.9120558535214,240.1314239501953,240.1314239501953,687,0.0,0.0
2004-10-22 00:00:00-04:00,240.1314239501953,240.1314239501953,240.1314239501953,240.1314239501953,0,0.0,0.0
2004-10-25 00:00:00-04:00,240.1314239501953,240.1314239501953,240.1314239501953,240.1314239501953,0,0.0,0.0
2004-10-26 00:00:00-04:00,239.03378295898438,239.03378295898438,237.81422284184669,239.03378295898438,60,0.0,0.0
2004-10-27 00:00:00-04:00,237.8142478962484,237.8142478962484,237.20446777343747,237.2044677734375,33,0.0,0.0
2004-10-28 00:00:00-04:00,238.0581512451172,238.0581512451172,238.0581512451172,238.0581512451172,93,0.0,0.0
2004-10-29 00:00:00-04:00,238.0581512451172,238.0581512451172,238.0581512451172,238.0581512451172,0,0.0,0.0
2004-11-01 00:00:00-05:00,236.59472321592486,236.71667429641556,233.5458221435547,233.5458221435547,213,0.0,0.0
2004-11-02 00:00:00-05:00,232.32628539719508,233.05801676675014,232.32628539719508,232.93606567382812,920,0.0,0.0
2004-11-03 00:00:00-05:00,231.71648604200163,232.20431518554688,231.71648604200163,232.20431518554688,47,0.0,0.0
2004-11-04 00:00:00-05:00,231.71649169921875,232.32627194053248,231.71649169921875,231.71649169921875,227,0.0,0.0
2004-11-05 00:00:00-05:00,232.3285369873047,232.3285369873047,232.3285369873047,232.3285369873047,27,1.05,0.0
2004-11-08 00:00:00-05:00,231.1044921875,231.1044921875,231.1044921875,231.1044921875,7,0.0,0.0
2004-11-09 00:00:00-05:00,229.51318359374997,229.51318359374997,229.51318359374997,229.51318359375,27,0.0,0.0
2004-11-10 00:00:00-05:00,228.90110758244188,228.90110758244188,227.06500244140625,227.06500244140625,127,0.0,0.0
2004-11-11 00:00:00-05:00,228.04430524811258,229.39077758789062,228.04430524811258,229.39077758789062,127,0.0,0.0
2004-11-12 00:00:00-05:00,229.39077758789062,229.39077758789062,229.39077758789062,229.39077758789062,0,0.0,0.0
2004-11-15 00:00:00-05:00,228.16672421272068,229.14596557617188,228.16672421272068,229.14596557617188,67,0.0,0.0
2004-11-16 00:00:00-05:00,227.67708835141588,228.28912353515625,227.67708835141588,228.28912353515625,33,0.0,0.0
2004-11-17 00:00:00-05:00,229.5131457684566,229.7579498291016,229.5131457684566,229.75794982910156,20,0.0,0.0
2004-11-18 00:00:00-05:00,228.6563262939453,228.6563262939453,228.6563262939453,228.6563262939453,67,0.0,0.0
2004-11-19 00:00:00-05:00,228.2890476470298,230.12515258789062,228.2890476470298,230.12515258789062,40,0.0,0.0
2004-11-22 00:00:00-05:00,230.12515258789062,230.12515258789062,230.12515258789062,230.12515258789062,0,0.0,0.0
2004-11-23 00:00:00-05:00,231.96128845214844,231.96128845214844,231.96128845214844,231.96128845214844,47,0.0,0.0
2004-11-24 00:00:00-05:00,232.57333374023438,232.57333374023438,232.57333374023438,232.57333374023438,207,0.0,0.0
2004-11-26 00:00:00-05:00,233.4302520751953,233.4302520751953,233.4302520751953,233.4302520751953,7,0.0,0.0
2004-11-29 00:00:00-05:00,234.28709017515226,234.28709017515226,234.16468811035156,234.16468811035156,67,0.0,0.0
2004-11-30 00:00:00-05:00,234.16468811035156,234.16468811035156,234.16468811035156,234.16468811035156,0,0.0,0.0
2004-12-01 00:00:00-05:00,234.16468811035156,234.16468811035156,234.16468811035156,234.16468811035156,0,0.0,0.0
2004-12-02 00:00:00-05:00,232.57338655661127,234.16468811035156,232.57338655661127,234.16468811035156,207,0.0,0.0
2004-12-03 00:00:00-05:00,235.0214385986328,235.0214385986328,235.0214385986328,235.0214385986328,67,0.0,0.0
2004-12-06 00:00:00-05:00,236.85755943885218,238.69366455078125,236.85755943885218,238.69366455078125,407,0.0,0.0
2004-12-07 00:00:00-05:00,238.81610107421875,238.81610107421875,238.81610107421875,238.81610107421875,13,0.0,0.0
2004-12-08 00:00:00-05:00,238.81610107421875,238.81610107421875,238.81610107421875,238.81610107421875,0,0.0,0.0
2004-12-09 00:00:00-05:00,237.59205847110724,238.69372680635328,237.46965641247456,237.95928955078125,527,0.0,0.0
2004-12-10 00:00:00-05:00,237.95928955078125,237.95928955078125,237.95928955078125,237.95928955078125,0,0.0,0.0
2004-12-13 00:00:00-05:00,238.44890004271085,238.69370413672627,237.46963385910203,238.20407104492188,280,0.0,0.0
2004-12-14 00:00:00-05:00,238.44890111974755,239.3057403564453,238.44890111974755,239.3057403564453,33,0.0,0.0
2004-12-15 00:00:00-05:00,239.91771072395008,241.01937866210938,239.91771072395008,241.01937866210938,47,0.0,0.0
2004-12-16 00:00:00-05:00,241.6314697265625,241.6314697265625,241.6314697265625,241.6314697265625,40,0.0,0.0
2004-12-17 00:00:00-05:00,242.36594634932896,242.9779815673828,242.36594634932896,242.9779815673828,33,0.0,0.0
2004-12-20 00:00:00-05:00,241.14183553059897,251.5464324951172,241.14183553059897,251.5464324951172,513,0.0,0.0
2004-12-21 00:00:00-05:00,251.17923238875017,251.17923238875017,247.87425231933594,247.87425231933594,547,0.0,0.0
2004-12-22 00:00:00-05:00,249.0983130970044,253.8721923828125,249.0983130970044,253.8721923828125,147,0.0,0.0
2004-12-23 00:00:00-05:00,254.23931391336413,254.97377579268405,254.23931391336413,254.85134887695312,80,0.0,0.0
2004-12-27 00:00:00-05:00,254.60660807291666,254.60660807291666,250.93439737955728,251.5464324951172,160,0.0,0.0
2004-12-28 00:00:00-05:00,249.95513645232262,249.95513645232262,243.58998107910156,243.58998107910156,173,0.0,0.0
2004-12-29 00:00:00-05:00,241.7538627311781,242.12109375,240.28498846343408,242.12109375,667,0.0,0.0
2004-12-30 00:00:00-05:00,241.14184555053708,245.05886049137138,241.14184555053708,244.81405639648438,2047,0.0,0.0
2004-12-31 00:00:00-05:00,244.81405639648435,244.81405639648435,244.81405639648435,244.81405639648438,0,0.0,0.0
2005-01-03 00:00:00-05:00,246.65015782935905,246.65015782935905,244.69165039062497,244.691650390625,100,0.0,0.0
2005-01-04 00:00:00-05:00,244.81405639648435,244.81405639648435,244.81405639648435,244.81405639648438,7,0.0,0.0
2005-01-05 00:00:00-05:00,244.81405639648435,244.81405639648435,244.81405639648435,244.81405639648438,7,0.0,0.0
2005-01-06 00:00:00-05:00,245.30368949003204,245.30368949003204,244.81405639648435,244.81405639648438,40,0.0,0.0
2005-01-07 00:00:00-05:00,244.81403081104008,244.81403081104008,242.3658905029297,242.3658905029297,67,0.0,0.0
2005-01-10 00:00:00-05:00,242.3658905029297,242.3658905029297,242.3658905029297,242.3658905029297,0,0.0,0.0
2005-01-11 00:00:00-05:00,241.75384521484375,241.75384521484375,241.75384521484375,241.75384521484375,2140,0.0,0.0
2005-01-12 00:00:00-05:00,241.75384521484375,241.75384521484375,241.75384521484375,241.75384521484375,0,0.0,0.0
2005-01-13 00:00:00-05:00,241.75384521484375,241.75384521484375,241.75384521484375,241.75384521484375,0,0.0,0.0
2005-01-14 00:00:00-05:00,241.75385342093904,245.67086791992188,241.75385342093904,245.67086791992188,2053,0.0,0.0
2005-01-18 00:00:00-05:00,245.67086791992188,245.67086791992188,245.67086791992188,245.67086791992188,0,0.0,0.0
2005-01-19 00:00:00-05:00,245.67086791992188,245.67086791992188,245.67086791992188,245.67086791992188,0,0.0,0.0
2005-01-20 00:00:00-05:00,245.67086791992188,245.67086791992188,245.67086791992188,245.67086791992188,0,0.0,0.0
2005-01-21 00:00:00-05:00,244.44682535038018,244.93645844392788,244.44682535038018,244.81405639648438,67,0.0,0.0
2005-01-24 00:00:00-05:00,244.0796499406351,244.0796499406351,242.9779815673828,242.9779815673828,67,0.0,0.0
2005-01-25 00:00:00-05:00,241.75384521484375,241.75384521484375,241.75384521484375,241.75384521484375,13,0.0,0.0
2005-01-26 00:00:00-05:00,239.91770935058594,239.91770935058594,239.91770935058594,239.91770935058594,20,0.0,0.0
2005-01-27 00:00:00-05:00,239.91770935058594,239.91770935058594,239.91770935058594,239.91770935058594,0,0.0,0.0
2005-01-28 00:00:00-05:00,239.91770935058594,239.91770935058594,239.91770935058594,239.91770935058594,0,0.0,0.0
2005-01-31 00:00:00-05:00,239.91770935058594,239.91770935058594,239.91770935058594,239.91770935058594,13,0.0,0.0
2005-02-01 00:00:00-05:00,238.5712602292446,238.5712602292446,238.32643127441406,238.32643127441406,27,0.0,0.0
2005-02-02 00:00:00-05:00,238.32643127441406,238.32643127441406,238.32643127441406,238.32643127441406,13,0.0,0.0
2005-02-03 00:00:00-05:00,238.32643127441406,238.32643127441406,238.32643127441406,238.32643127441406,0,0.0,0.0
2005-02-04 00:00:00-05:00,238.32643127441406,238.32643127441406,238.32643127441406,238.32643127441406,0,0.0,0.0
2005-02-07 00:00:00-05:00,238.32643127441406,238.32643127441406,238.32643127441406,238.32643127441406,0,0.0,0.0
2005-02-08 00:00:00-05:00,238.3264617919922,238.3264617919922,238.3264617919922,238.3264617919922,27,1.05,0.0
2005-02-09 00:00:00-05:00,238.32646452668425,238.32646452668425,236.48373413085935,236.48373413085938,60,0.0,0.0
2005-02-10 00:00:00-05:00,236.48373413085935,236.48373413085935,236.48373413085935,236.48373413085938,0,0.0,0.0
2005-02-11 00:00:00-05:00,234.64102640730218,235.00958251953125,234.64102640730218,235.00958251953125,60,0.0,0.0
2005-02-14 00:00:00-05:00,233.90390943065748,233.90390943065748,228.86711816798154,230.95553588867188,480,0.0,0.0
2005-02-15 00:00:00-05:00,230.95556924563968,232.6754561430041,230.95556924563968,232.30690002441406,1620,0.0,0.0
2005-02-16 00:00:00-05:00,232.30690002441406,232.30690002441406,232.30690002441406,232.30690002441406,0,0.0,0.0
2005-02-17 00:00:00-05:00,232.9211377726496,232.9211377726496,232.7982940673828,232.7982940673828,27,0.0,0.0
2005-02-18 00:00:00-05:00,232.7982940673828,232.7982940673828,232.7982940673828,232.7982940673828,0,0.0,0.0
2005-02-22 00:00:00-05:00,230.3413124570669,231.0783996582031,230.3413124570669,231.07839965820312,20,0.0,0.0
2005-02-23 00:00:00-05:00,229.97275532827808,229.97275532827808,228.4985809326172,228.4985809326172,67,0.0,0.0
2005-02-24 00:00:00-05:00,227.27004609004973,227.27004609004973,226.04155935442782,226.28724670410156,100,0.0,0.0
2005-02-25 00:00:00-05:00,226.04160109132712,226.04160109132712,224.69027043135523,225.79591369628906,153,0.0,0.0
2005-02-28 00:00:00-05:00,226.28729434549393,229.11282442974786,226.28729434549393,228.4985809326172,167,0.0,0.0
2005-03-01 00:00:00-05:00,228.49855263821433,231.44692605807833,228.49855263821433,230.46412658691406,113,0.0,0.0
2005-03-02 00:00:00-05:00,230.4641265869141,230.4641265869141,230.4641265869141,230.46412658691406,0,0.0,0.0
2005-03-03 00:00:00-05:00,230.4641265869141,230.4641265869141,230.4641265869141,230.46412658691406,0,0.0,0.0
2005-03-04 00:00:00-05:00,230.4641265869141,230.4641265869141,230.4641265869141,230.46412658691406,0,0.0,0.0
2005-03-07 00:00:00-05:00,230.95553588867188,230.95553588867188,230.95553588867188,230.95553588867188,0,0.0,0.0
2005-03-08 00:00:00-05:00,230.95553588867188,230.95553588867188,230.95553588867188,230.95553588867188,0,0.0,0.0
2005-03-09 00:00:00-05:00,232.92109112843318,233.41249084472656,232.92109112843318,233.41249084472656,27,0.0,0.0
2005-03-10 00:00:00-05:00,234.0267791748047,235.00957879608893,234.0267791748047,234.0267791748047,100,0.0,0.0
2005-03-11 00:00:00-05:00,232.67544567558443,232.67544567558443,232.4297332763672,232.4297332763672,13,0.0,0.0
2005-03-14 00:00:00-05:00,232.4297332763672,232.4297332763672,232.4297332763672,232.4297332763672,0,0.0,0.0
2005-03-15 00:00:00-05:00,232.79829503619482,232.79829503619482,232.18405151367188,232.18405151367188,53,0.0,0.0
2005-03-16 00:00:00-05:00,232.42972929494033,232.42972929494033,230.95555489941808,231.9383544921875,60,0.0,0.0
2005-03-17 00:00:00-05:00,231.0783996582031,231.0783996582031,231.0783996582031,231.07839965820312,7,0.0,0.0
2005-03-18 00:00:00-05:00,231.0783996582031,231.0783996582031,231.0783996582031,231.07839965820312,0,0.0,0.0
2005-03-21 00:00:00-05:00,232.18404189356391,232.18404189356391,231.9383544921875,231.9383544921875,13,0.0,0.0
2005-03-22 00:00:00-05:00,230.95553588867188,231.07837957924838,230.34129244215944,230.95553588867188,333,0.0,0.0
2005-03-23 00:00:00-05:00,230.95553588867188,230.95553588867188,230.95553588867188,230.95553588867188,0,0.0,0.0
2005-03-24 00:00:00-05:00,230.95553588867188,230.95553588867188,230.95553588867188,230.95553588867188,0,0.0,0.0
2005-03-28 00:00:00-05:00,229.727048995647,230.95553588867188,229.727048995647,230.95553588867188,27,0.0,0.0
2005-03-29 00:00:00-05:00,230.95553588867188,230.95553588867188,230.95553588867188,230.95553588867188,0,0.0,0.0
2005-03-30 00:00:00-05:00,230.95553588867188,230.95553588867188,230.95553588867188,230.95553588867188,0,0.0,0.0
2005-03-31 00:00:00-05:00,230.95553768382354,230.95553768382354,229.72705078125,229.72705078125,47,0.0,0.0
2005-04-01 00:00:00-05:00,229.72705078125,229.72705078125,229.72705078125,229.72705078125,0,0.0,0.0
2005-04-04 00:00:00-04:00,229.72705078125,229.72705078125,229.72705078125,229.72705078125,0,0.0,0.0
2005-04-05 00:00:00-04:00,229.72705078125,229.72705078125,229.72705078125,229.72705078125,0,0.0,0.0
2005-04-06 00:00:00-04:00,229.72708809276557,230.34133164381575,228.25291356769878,228.62144470214844,373,0.0,0.0
2005-04-07 00:00:00-04:00,228.62143040227875,228.62143040227875,228.00718688964844,228.00718688964844,607,0.0,0.0
2005-04-08 00:00:00-04:00,227.88437410781944,227.88437410781944,224.69031240746128,224.8131561279297,1687,0.0,0.0
2005-04-11 00:00:00-04:00,225.18171228297084,226.0416433198856,224.8131561279297,224.8131561279297,680,0.0,0.0
2005-04-12 00:00:00-04:00,223.58459556726712,224.1988389616827,222.97035217285156,222.97035217285156,620,0.0,0.0
2005-04-13 00:00:00-04:00,223.5845947265625,223.5845947265625,223.5845947265625,223.5845947265625,7,0.0,0.0
2005-04-14 00:00:00-04:00,223.58459726264934,223.58459726264934,221.7418670654297,221.7418670654297,487,0.0,0.0
2005-04-15 00:00:00-04:00,221.7419270889535,222.35617065429688,221.12768352361016,222.35617065429688,80,0.0,0.0
2005-04-18 00:00:00-04:00,221.1276397705078,221.1276397705078,221.1276397705078,221.1276397705078,67,0.0,0.0
2005-04-19 00:00:00-04:00,219.89918518066406,219.89918518066406,219.89918518066406,219.89918518066406,13,0.0,0.0
2005-04-20 00:00:00-04:00,219.89918518066406,219.89918518066406,219.89918518066406,219.89918518066406,0,0.0,0.0
2005-04-21 00:00:00-04:00,219.28492736816406,219.28492736816406,219.28492736816406,219.28492736816406,7,0.0,0.0
2005-04-22 00:00:00-04:00,219.28492736816406,219.28492736816406,219.28492736816406,219.28492736816406,0,0.0,0.0
2005-04-25 00:00:00-04:00,218.67069811261564,219.89918518066406,218.67069811261564,219.89918518066406,13,0.0,0.0
2005-04-26 00:00:00-04:00,219.89918518066406,219.89918518066406,219.89918518066406,219.89918518066406,0,0.0,0.0
2005-04-27 00:00:00-04:00,219.89918518066406,219.89918518066406,219.89918518066406,219.89918518066406,0,0.0,0.0
2005-04-28 00:00:00-04:00,219.89918518066406,219.89918518066406,219.89918518066406,219.89918518066406,0,0.0,0.0
2005-04-29 00:00:00-04:00,218.6706857600682,219.28492925939426,218.0564422607422,218.0564422607422,33,0.0,0.0
2005-05-02 00:00:00-04:00,218.0564422607422,218.0564422607422,218.0564422607422,218.0564422607422,0,0.0,0.0
2005-05-03 00:00:00-04:00,218.0564422607422,218.0564422607422,218.0564422607422,218.0564422607422,47,0.0,0.0
2005-05-04 00:00:00-04:00,218.9197998046875,218.9197998046875,218.9197998046875,218.9197998046875,0,1.05,0.0
2005-05-05 00:00:00-04:00,218.9197998046875,218.9197998046875,218.9197998046875,218.9197998046875,120,0.0,0.0
2005-05-06 00:00:00-04:00,218.9197998046875,218.9197998046875,218.9197998046875,218.9197998046875,0,0.0,0.0
2005-05-09 00:00:00-04:00,217.68641662597656,217.68641662597656,217.68641662597656,217.68641662597656,7,0.0,0.0
2005-05-10 00:00:00-04:00,217.06973456258828,218.30308532714844,217.06973456258828,218.30308532714844,100,0.0,0.0
2005-05-11 00:00:00-04:00,217.0697784423828,217.0697784423828,217.0697784423828,217.0697784423828,33,0.0,0.0
2005-05-12 00:00:00-04:00,217.0697784423828,217.0697784423828,217.0697784423828,217.0697784423828,0,0.0,0.0
2005-05-13 00:00:00-04:00,217.0697784423828,217.0697784423828,217.0697784423828,217.0697784423828,0,0.0,0.0
2005-05-16 00:00:00-04:00,217.0697784423828,217.0697784423828,217.0697784423828,217.0697784423828,0,0.0,0.0
2005-05-17 00:00:00-04:00,217.0697784423828,217.0697784423828,217.0697784423828,217.0697784423828,0,0.0,0.0
2005-05-18 00:00:00-04:00,217.0697784423828,217.0697784423828,217.0697784423828,217.0697784423828,0,0.0,0.0
2005-05-19 00:00:00-04:00,217.68641662597656,217.68641662597656,217.68641662597656,217.68641662597656,67,0.0,0.0
2005-05-20 00:00:00-04:00,217.4397735595703,217.4397735595703,217.4397735595703,217.4397735595703,7,0.0,0.0
2005-05-23 00:00:00-04:00,217.4397735595703,217.4397735595703,217.4397735595703,217.4397735595703,0,0.0,0.0
2005-05-24 00:00:00-04:00,215.58974364553097,216.45307922363284,215.58974364553097,216.4530792236328,40,0.0,0.0
2005-05-25 00:00:00-04:00,216.45307922363284,216.45307922363284,216.45307922363284,216.4530792236328,0,0.0,0.0
2005-05-26 00:00:00-04:00,216.45307922363284,216.45307922363284,216.45307922363284,216.4530792236328,0,0.0,0.0
2005-05-27 00:00:00-04:00,216.45307922363284,216.45307922363284,216.45307922363284,216.4530792236328,0,0.0,0.0
2005-05-31 00:00:00-04:00,215.2197046334403,215.8363800048828,215.2197046334403,215.8363800048828,127,0.0,0.0
2005-06-01 00:00:00-04:00,215.8363800048828,215.8363800048828,215.8363800048828,215.8363800048828,67,0.0,0.0
2005-06-02 00:00:00-04:00,215.5897979736328,216.45313376929317,215.5897979736328,215.5897979736328,467,0.0,0.0
2005-06-03 00:00:00-04:00,215.5897979736328,215.5897979736328,215.5897979736328,215.5897979736328,0,0.0,0.0
2005-06-06 00:00:00-04:00,212.50635255675024,212.75301267934398,210.28631108306175,212.13633728027344,140,0.0,0.0
2005-06-07 00:00:00-04:00,212.13633728027344,212.13633728027344,212.13633728027344,212.13633728027344,0,0.0,0.0
2005-06-08 00:00:00-04:00,210.9029864821323,212.87634274064087,210.9029864821323,212.13633728027344,273,0.0,0.0
2005-06-09 00:00:00-04:00,212.13634215771629,212.13634215771629,210.28631591796875,210.28631591796875,27,0.0,0.0
2005-06-10 00:00:00-04:00,209.66966247558594,209.66966247558594,209.66966247558594,209.66966247558594,7,0.0,0.0
2005-06-13 00:00:00-04:00,209.66966247558594,209.66966247558594,209.66966247558594,209.66966247558594,0,0.0,0.0
2005-06-14 00:00:00-04:00,209.66966247558594,209.66966247558594,209.66966247558594,209.66966247558594,0,0.0,0.0
2005-06-15 00:00:00-04:00,209.66966247558594,209.66966247558594,209.66966247558594,209.66966247558594,0,0.0,0.0
2005-06-16 00:00:00-04:00,209.66966247558594,209.66966247558594,209.66966247558594,209.66966247558594,213,0.0,0.0
2005-06-17 00:00:00-04:00,209.66966247558594,209.66966247558594,209.66966247558594,209.66966247558594,7,0.0,0.0
2005-06-20 00:00:00-04:00,209.66966247558594,209.66966247558594,209.66966247558594,209.66966247558594,100,0.0,0.0
2005-06-21 00:00:00-04:00,210.28631591796875,210.28631591796875,210.28631591796875,210.28631591796875,100,0.0,0.0
2005-06-22 00:00:00-04:00,210.28631591796875,210.28631591796875,210.28631591796875,210.28631591796875,0,0.0,0.0
2005-06-23 00:00:00-04:00,209.66966247558594,209.66966247558594,209.66966247558594,209.66966247558594,820,0.0,0.0
2005-06-24 00:00:00-04:00,209.66966076010075,209.66966076010075,208.43630981445312,208.43630981445312,1347,0.0,0.0
2005-06-27 00:00:00-04:00,209.66966247558594,209.66966247558594,209.66966247558594,209.66966247558594,400,0.0,0.0
2005-06-28 00:00:00-04:00,209.66966247558594,209.66966247558594,209.66966247558594,209.66966247558594,0,0.0,0.0
2005-06-29 00:00:00-04:00,209.66966247558594,209.66966247558594,209.66966247558594,209.66966247558594,1067,0.0,0.0
2005-06-30 00:00:00-04:00,209.66964050471958,210.28631591796875,209.66964050471958,210.28631591796875,307,0.0,0.0
2005-07-01 00:00:00-04:00,210.28631591796875,210.28631591796875,210.28631591796875,210.28631591796875,0,0.0,0.0
2005-07-05 00:00:00-04:00,209.66966247558594,209.66966247558594,209.66966247558594,209.66966247558594,100,0.0,0.0
2005-07-06 00:00:00-04:00,208.5596432833484,210.90301513671875,207.81963772243924,210.90301513671875,307,0.0,0.0
2005-07-07 00:00:00-04:00,210.90301513671875,210.90301513671875,210.90301513671875,210.90301513671875,0,0.0,0.0
2005-07-08 00:00:00-04:00,210.90301513671875,210.90301513671875,210.90301513671875,210.90301513671875,0,0.0,0.0
2005-07-11 00:00:00-04:00,212.75301267934398,212.75301267934398,212.13633728027344,212.13633728027344,20,0.0,0.0
2005-07-12 00:00:00-04:00,210.90297408652515,210.90297408652515,209.05294799804688,209.05294799804688,73,0.0,0.0
2005-07-13 00:00:00-04:00,209.66966247558594,209.66966247558594,209.66966247558594,209.66966247558594,67,0.0,0.0
2005-07-14 00:00:00-04:00,210.90301513671875,210.90301513671875,210.90301513671875,210.90301513671875,133,0.0,0.0
2005-07-15 00:00:00-04:00,209.66966076010075,209.66966076010075,208.43630981445312,208.43630981445312,33,0.0,0.0
2005-07-18 00:00:00-04:00,208.4363115198472,209.66966247558594,208.4363115198472,209.66966247558594,100,0.0,0.0
2005-07-19 00:00:00-04:00,209.66966247558594,209.66966247558594,209.66966247558594,209.66966247558594,0,0.0,0.0
2005-07-20 00:00:00-04:00,209.66966247558594,209.66966247558594,209.66966247558594,209.66966247558594,0,0.0,0.0
2005-07-21 00:00:00-04:00,209.66966247558594,209.66966247558594,209.66966247558594,209.66966247558594,27,0.0,0.0
2005-07-22 00:00:00-04:00,209.0529650914704,210.28631591796875,209.0529650914704,210.28631591796875,13,0.0,0.0
2005-07-25 00:00:00-04:00,211.51966674446712,211.51966674446712,210.28631591796875,210.28631591796875,27,0.0,0.0
2005-07-26 00:00:00-04:00,209.05294799804688,209.05294799804688,209.05294799804688,209.05294799804688,40,0.0,0.0
2005-07-27 00:00:00-04:00,209.66962336087298,209.66962336087298,209.05294799804688,209.05294799804688,20,0.0,0.0
2005-07-28 00:00:00-04:00,210.28631591796875,210.28631591796875,210.28631591796875,210.28631591796875,7,0.0,0.0
2005-07-29 00:00:00-04:00,209.6696700607144,210.28634556089298,209.6696700607144,210.0396728515625,40,0.0,0.0
2005-08-01 00:00:00-04:00,210.03966695146153,210.90301513671875,210.03966695146153,210.90301513671875,2600,0.0,0.0
2005-08-02 00:00:00-04:00,210.28632263403787,211.149658203125,210.28632263403787,211.149658203125,1673,0.0,0.0
2005-08-03 00:00:00-04:00,210.65402221679688,210.65402221679688,210.65402221679688,210.65402221679688,20,1.2,0.0
2005-08-04 00:00:00-04:00,210.65402221679688,210.65402221679688,210.65402221679688,210.65402221679688,0,0.0,0.0
2005-08-05 00:00:00-04:00,210.65402221679688,210.65402221679688,210.65402221679688,210.65402221679688,0,0.0,0.0
2005-08-08 00:00:00-04:00,210.65403185392682,211.89317321777344,210.65403185392682,211.89317321777344,13,0.0,0.0
2005-08-09 00:00:00-04:00,211.27359008789062,211.27359008789062,211.27359008789062,211.27359008789062,13,0.0,0.0
2005-08-10 00:00:00-04:00,212.5127078655154,213.1322784423828,212.5127078655154,213.1322784423828,13,0.0,0.0
2005-08-11 00:00:00-04:00,213.1322784423828,213.1322784423828,213.1322784423828,213.1322784423828,0,0.0,0.0
2005-08-12 00:00:00-04:00,210.65403185392682,211.89317321777344,210.65403185392682,211.89317321777344,20,0.0,0.0
2005-08-15 00:00:00-04:00,211.2735928703757,211.2735928703757,210.65402221679688,210.65402221679688,27,0.0,0.0
2005-08-16 00:00:00-04:00,210.65402221679688,210.65402221679688,210.65402221679688,210.65402221679688,0,0.0,0.0
2005-08-17 00:00:00-04:00,210.65402221679688,210.65402221679688,210.65402221679688,210.65402221679688,0,0.0,0.0
2005-08-18 00:00:00-04:00,210.65404419301203,212.51275634765625,210.65404419301203,212.51275634765625,180,0.0,0.0
2005-08-19 00:00:00-04:00,213.13231458162008,213.99970345215448,211.89317321777344,211.89317321777344,27,0.0,0.0
2005-08-22 00:00:00-04:00,211.89317321777344,211.89317321777344,211.89317321777344,211.89317321777344,0,0.0,0.0
2005-08-23 00:00:00-04:00,211.89317321777344,211.89317321777344,211.89317321777344,211.89317321777344,0,0.0,0.0
2005-08-24 00:00:00-04:00,213.13230617357337,213.99969500988936,213.13230617357337,213.7518768310547,80,0.0,0.0
2005-08-25 00:00:00-04:00,214.99101814601732,214.99101814601732,213.7518768310547,213.7518768310547,27,0.0,0.0
2005-08-26 00:00:00-04:00,212.51270250088908,214.3714141845703,212.51270250088908,214.3714141845703,167,0.0,0.0
2005-08-29 00:00:00-04:00,214.3714195961176,214.3714195961176,212.14095543523845,213.1322784423828,60,0.0,0.0
2005-08-30 00:00:00-04:00,212.26492571108565,212.26492571108565,211.89317321777344,211.89317321777344,13,0.0,0.0
2005-08-31 00:00:00-04:00,212.51275634765625,212.51275634765625,211.89318562944152,212.51275634765625,3373,0.0,0.0
2005-09-01 00:00:00-04:00,212.51275634765625,212.51275634765625,212.51275634765625,212.51275634765625,0,0.0,0.0
2005-09-02 00:00:00-04:00,212.51273848296026,212.88449096679688,212.51273848296026,212.88449096679688,60,0.0,0.0
2005-09-06 00:00:00-04:00,211.8931635239545,211.8931635239545,210.65402221679688,210.65402221679688,60,0.0,0.0
2005-09-07 00:00:00-04:00,209.4148712158203,209.4148712158203,209.4148712158203,209.4148712158203,27,0.0,0.0
2005-09-08 00:00:00-04:00,210.65402221679688,210.65402221679688,210.15836065185493,210.65402221679688,40,0.0,0.0
2005-09-09 00:00:00-04:00,210.65402221679688,210.65402221679688,210.65402221679688,210.65402221679688,60,0.0,0.0
2005-09-12 00:00:00-04:00,210.65401246561805,210.65401246561805,209.4148712158203,209.4148712158203,80,0.0,0.0
2005-09-13 00:00:00-04:00,209.4148712158203,209.4148712158203,209.4148712158203,209.4148712158203,33,0.0,0.0
2005-09-14 00:00:00-04:00,210.65402221679688,210.65402221679688,210.65402221679688,210.65402221679688,20,0.0,0.0
2005-09-15 00:00:00-04:00,210.65400470883895,210.65400470883895,209.5387725830078,209.5387725830078,13,0.0,0.0
2005-09-16 00:00:00-04:00,209.41488965742428,209.41488965742428,201.98004150390625,201.98004150390625,533,0.0,0.0
2005-09-19 00:00:00-04:00,201.98003592142246,203.21917724609375,201.98003592142246,203.21917724609375,20,0.0,0.0
2005-09-20 00:00:00-04:00,203.21917724609375,203.21917724609375,203.21917724609375,203.21917724609375,0,0.0,0.0
2005-09-21 00:00:00-04:00,203.21917724609375,203.21917724609375,203.21917724609375,203.21917724609375,0,0.0,0.0
2005-09-22 00:00:00-04:00,203.21917724609375,203.21917724609375,203.21917724609375,203.21917724609375,0,0.0,0.0
2005-09-23 00:00:00-04:00,202.2278594970703,202.2278594970703,202.2278594970703,202.2278594970703,7,0.0,0.0
2005-09-26 00:00:00-04:00,202.2278594970703,202.2278594970703,202.2278594970703,202.2278594970703,0,0.0,0.0
2005-09-27 00:00:00-04:00,202.2278594970703,202.2278594970703,202.2278594970703,202.2278594970703,0,0.0,0.0
2005-09-28 00:00:00-04:00,202.97134399414062,202.97134399414062,202.97134399414062,202.97134399414062,20,0.0,0.0
2005-09-29 00:00:00-04:00,202.22786863802418,204.5822296142578,202.22786863802418,204.5822296142578,300,0.0,0.0
2005-09-30 00:00:00-04:00,204.58220905077565,206.5648425530125,204.58220905077565,205.5735321044922,80,0.0,0.0
2005-10-03 00:00:00-04:00,206.31701386046268,206.93658447265625,206.31701386046268,206.93658447265625,47,0.0,0.0
2005-10-04 00:00:00-04:00,206.9365801262133,206.9365801262133,204.4582977294922,204.4582977294922,73,0.0,0.0
2005-10-05 00:00:00-04:00,204.4583004658708,204.4583004658708,203.83872985839844,203.83872985839844,13,0.0,0.0
2005-10-06 00:00:00-04:00,203.83872985839844,203.83872985839844,203.83872985839844,203.83872985839844,7,0.0,0.0
2005-10-07 00:00:00-04:00,203.83872985839844,203.83872985839844,203.83872985839844,203.83872985839844,13,0.0,0.0
2005-10-10 00:00:00-04:00,203.83872985839844,203.83872985839844,203.83872985839844,203.83872985839844,0,0.0,0.0
2005-10-11 00:00:00-04:00,202.59957885742188,202.59957885742188,202.59957885742188,202.59957885742188,7,0.0,0.0
2005-10-12 00:00:00-04:00,201.98004432091346,201.98004432091346,201.3604736328125,201.3604736328125,20,0.0,0.0
2005-10-13 00:00:00-04:00,200.12130026817323,200.12130026817323,198.26258850097656,198.26258850097656,80,0.0,0.0
2005-10-14 00:00:00-04:00,196.52778914588535,196.6517108289198,195.660400390625,195.660400390625,100,0.0,0.0
2005-10-17 00:00:00-04:00,194.54518684974084,194.54518684974084,193.30604553222656,193.30604553222656,27,0.0,0.0
2005-10-18 00:00:00-04:00,193.30604553222656,193.30604553222656,193.30604553222656,193.30604553222656,0,0.0,0.0
2005-10-19 00:00:00-04:00,192.06691212220647,192.06691212220647,185.87120527955466,186.61468505859375,300,0.0,0.0
2005-10-20 00:00:00-04:00,186.49077841613902,186.86251831054688,186.49077841613902,186.86251831054688,73,0.0,0.0
2005-10-21 00:00:00-04:00,186.86251831054688,186.86251831054688,186.86251831054688,186.86251831054688,33,0.0,0.0
2005-10-24 00:00:00-04:00,185.87118530273438,185.87118530273438,185.87118530273438,185.87118530273438,7,0.0,0.0
2005-10-25 00:00:00-04:00,185.87118530273438,185.87118530273438,185.87118530273438,185.87118530273438,7,0.0,0.0
2005-10-26 00:00:00-04:00,185.87118530273438,185.87118530273438,185.87118530273438,185.87118530273438,7,0.0,0.0
2005-10-27 00:00:00-04:00,187.11032104492188,187.11032104492188,187.11032104492188,187.11032104492188,13,0.0,0.0
2005-10-28 00:00:00-04:00,187.11031294025358,188.96902465820312,187.11031294025358,188.96902465820312,87,0.0,0.0
2005-10-31 00:00:00-05:00,188.7212371826172,188.7212371826172,188.7212371826172,188.7212371826172,7,0.0,0.0
2005-11-01 00:00:00-05:00,187.48206088357455,188.96903284338137,187.11032104492188,187.11032104492188,640,0.0,0.0
2005-11-02 00:00:00-05:00,187.11033353396374,187.7299041748047,187.11033353396374,187.7299041748047,20,0.0,0.0
2005-11-03 00:00:00-05:00,187.11032104492188,187.11032104492188,187.11032104492188,187.11032104492188,40,0.0,0.0
2005-11-04 00:00:00-05:00,188.10693359375,188.10693359375,187.4840629527111,188.10693359375,140,1.2,0.0
2005-11-07 00:00:00-05:00,188.1069419533506,188.7298126220703,188.1069419533506,188.7298126220703,20,0.0,0.0
2005-11-08 00:00:00-05:00,188.7298126220703,188.7298126220703,188.7298126220703,188.7298126220703,13,0.0,0.0
2005-11-09 00:00:00-05:00,188.2314910888672,188.2314910888672,188.2314910888672,188.2314910888672,360,0.0,0.0
2005-11-10 00:00:00-05:00,188.10692203724665,188.2314910888672,188.10692203724665,188.2314910888672,13,0.0,0.0
2005-11-11 00:00:00-05:00,189.85093688964844,189.85093688964844,189.85093688964844,189.85093688964844,67,0.0,0.0
2005-11-14 00:00:00-05:00,188.10690986912115,188.10690986912115,187.48403930664062,187.48403930664062,60,0.0,0.0
2005-11-15 00:00:00-05:00,187.48405766721632,189.9755401611328,187.48405766721632,189.9755401611328,80,0.0,0.0
2005-11-16 00:00:00-05:00,189.9755401611328,189.9755401611328,189.9755401611328,189.9755401611328,0,0.0,0.0
2005-11-17 00:00:00-05:00,189.9755401611328,189.9755401611328,189.9755401611328,189.9755401611328,0,0.0,0.0
2005-11-18 00:00:00-05:00,189.85093688964844,190.59837643418263,189.85093688964844,189.85093688964844,67,0.0,0.0
2005-11-21 00:00:00-05:00,191.7195776761973,191.84414672851562,191.2212761222542,191.84414672851562,93,0.0,0.0
2005-11-22 00:00:00-05:00,190.59840022561852,190.59840022561852,190.4738311767578,190.4738311767578,40,0.0,0.0
2005-11-23 00:00:00-05:00,191.22130514905345,192.21789573588407,190.5984344482422,190.5984344482422,67,0.0,0.0
2005-11-25 00:00:00-05:00,190.5984344482422,190.5984344482422,190.5984344482422,190.5984344482422,0,0.0,0.0
2005-11-28 00:00:00-05:00,189.9755401611328,189.9755401611328,189.9755401611328,189.9755401611328,7,0.0,0.0
2005-11-29 00:00:00-05:00,190.59843494483803,194.21109008789062,190.59843494483803,194.21109008789062,27,0.0,0.0
2005-11-30 00:00:00-05:00,191.84414672851562,191.84414672851562,191.84414672851562,191.84414672851562,40,0.0,0.0
2005-12-01 00:00:00-05:00,192.0932975054872,192.46701733477704,191.84414672851562,191.84414672851562,3413,0.0,0.0
2005-12-02 00:00:00-05:00,192.4670226550493,192.4670226550493,189.8509711053711,189.9755401611328,180,0.0,0.0
2005-12-05 00:00:00-05:00,191.22127081459112,192.96531353264825,190.4738311767578,190.4738311767578,73,0.0,0.0
2005-12-06 00:00:00-05:00,190.59839867045352,192.46701042212462,190.59839867045352,190.84754943847656,113,0.0,0.0
2005-12-07 00:00:00-05:00,190.59838191228116,191.22125244140625,189.97551138315606,191.22125244140625,120,0.0,0.0
2005-12-08 00:00:00-05:00,189.97554551686673,189.97554551686673,186.86119231167217,188.10693359375,167,0.0,0.0
2005-12-09 00:00:00-05:00,189.3526930466197,190.5984344482422,189.3526930466197,190.5984344482422,33,0.0,0.0
2005-12-12 00:00:00-05:00,189.35264587402344,189.35264587402344,189.35264587402344,189.35264587402344,40,0.0,0.0
2005-12-13 00:00:00-05:00,188.97892608110723,189.35264587402344,188.72977532838522,189.35264587402344,227,0.0,0.0
2005-12-14 00:00:00-05:00,188.2314910888672,188.2314910888672,188.2314910888672,188.2314910888672,13,0.0,0.0
2005-12-15 00:00:00-05:00,188.2314910888672,188.2314910888672,188.2314910888672,188.2314910888672,0,0.0,0.0
2005-12-16 00:00:00-05:00,188.2314910888672,188.2314910888672,188.2314910888672,188.2314910888672,0,0.0,0.0
2005-12-19 00:00:00-05:00,188.3560791015625,188.3560791015625,188.3560791015625,188.3560791015625,13,0.0,0.0
2005-12-20 00:00:00-05:00,188.3560791015625,188.3560791015625,188.3560791015625,188.3560791015625,0,0.0,0.0
2005-12-21 00:00:00-05:00,188.23147891268366,188.23147891268366,187.48403930664062,187.48403930664062,33,0.0,0.0
2005-12-22 00:00:00-05:00,187.2348885471816,187.60860835020313,187.2348885471816,187.48403930664062,73,0.0,0.0
2005-12-23 00:00:00-05:00,187.2349305852339,187.35951232910156,187.1103615137031,187.35951232910156,147,0.0,0.0
2005-12-27 00:00:00-05:00,188.60521294165596,188.60521294165596,187.11032104492188,187.11032104492188,113,0.0,0.0
2005-12-28 00:00:00-05:00,187.48404582495826,192.46701049804688,187.48404582495826,192.46701049804688,207,0.0,0.0
2005-12-29 00:00:00-05:00,191.84414672851562,191.84414672851562,191.2212761222542,191.84414672851562,113,0.0,0.0
2005-12-30 00:00:00-05:00,191.84414672851562,191.84414672851562,191.84414672851562,191.84414672851562,0,0.0,0.0
2006-01-03 00:00:00-05:00,190.5984344482422,190.5984344482422,190.5984344482422,190.5984344482422,33,0.0,0.0
2006-01-04 00:00:00-05:00,190.5984344482422,190.5984344482422,190.5984344482422,190.5984344482422,0,0.0,0.0
2006-01-05 00:00:00-05:00,190.5984344482422,190.5984344482422,190.5984344482422,190.5984344482422,0,0.0,0.0
2006-01-06 00:00:00-05:00,189.9755401611328,189.9755401611328,189.9755401611328,189.9755401611328,7,0.0,0.0
2006-01-09 00:00:00-05:00,188.72979103286045,188.72979103286045,186.98574829101562,186.98574829101562,473,0.0,0.0
2006-01-10 00:00:00-05:00,187.73321374359378,188.10693359375,186.86119231167217,188.10693359375,93,0.0,0.0
2006-01-11 00:00:00-05:00,188.10693359375,188.10693359375,188.10693359375,188.10693359375,0,0.0,0.0
2006-01-12 00:00:00-05:00,187.73319481529273,187.9823455810547,187.73319481529273,187.9823455810547,33,0.0,0.0
2006-01-13 00:00:00-05:00,188.7297989412365,188.7297989412365,188.10692831766806,188.3560791015625,53,0.0,0.0
2006-01-17 00:00:00-05:00,188.48065185546875,188.48065185546875,188.48065185546875,188.48065185546875,7,0.0,0.0
2006-01-18 00:00:00-05:00,188.60520935058594,188.60520935058594,188.60520935058594,188.60520935058594,7,0.0,0.0
2006-01-19 00:00:00-05:00,188.85438168687978,188.85438168687978,188.7298126220703,188.7298126220703,13,0.0,0.0
2006-01-20 00:00:00-05:00,188.8543701171875,188.8543701171875,188.8543701171875,188.8543701171875,7,0.0,0.0
2006-01-23 00:00:00-05:00,189.103518753795,189.9755401611328,189.103518753795,189.9755401611328,47,0.0,0.0
2006-01-24 00:00:00-05:00,190.22468040670185,191.84414140356373,190.22468040670185,190.4738311767578,233,0.0,0.0
2006-01-25 00:00:00-05:00,190.4738311767578,190.4738311767578,190.4738311767578,190.4738311767578,0,0.0,0.0
2006-01-26 00:00:00-05:00,190.7229766845703,190.7229766845703,190.7229766845703,190.7229766845703,27,0.0,0.0
2006-01-27 00:00:00-05:00,190.7229766845703,190.7229766845703,190.7229766845703,190.7229766845703,0,0.0,0.0
2006-01-30 00:00:00-05:00,190.59839867045352,191.2212692543439,190.59839867045352,190.84754943847656,27,0.0,0.0
2006-01-31 00:00:00-05:00,190.7230018972882,190.97215270996094,190.5984328271202,190.97215270996094,47,0.0,0.0
2006-02-01 00:00:00-05:00,191.59497547684668,192.09327697753906,191.59497547684668,192.09327697753906,333,0.0,0.0
2006-02-02 00:00:00-05:00,192.71617126464844,192.71617126464844,192.71617126464844,192.71617126464844,7,0.0,0.0
2006-02-03 00:00:00-05:00,193.71278662303138,196.2042694091797,193.71278662303138,196.2042694091797,53,0.0,0.0
2006-02-06 00:00:00-05:00,195.0830535888672,195.0830535888672,195.0830535888672,195.0830535888672,7,0.0,0.0
2006-02-07 00:00:00-05:00,195.0830535888672,195.0830535888672,195.0830535888672,195.0830535888672,0,0.0,0.0
2006-02-08 00:00:00-05:00,194.3356475830078,194.3356475830078,194.3356475830078,194.3356475830078,7,0.0,0.0
2006-02-09 00:00:00-05:00,194.58480673056607,194.95852661132812,194.58480673056607,194.95852661132812,67,0.0,0.0
2006-02-10 00:00:00-05:00,195.20765371304762,195.95509338378906,195.20765371304762,195.95509338378906,93,0.0,0.0
2006-02-13 00:00:00-05:00,195.95509338378906,195.95509338378906,195.95509338378906,195.95509338378906,0,0.0,0.0
2006-02-14 00:00:00-05:00,195.95509338378906,195.95509338378906,195.95509338378906,195.95509338378906,0,0.0,0.0
2006-02-15 00:00:00-05:00,196.20424512739152,201.1872100830078,196.20424512739152,201.1872100830078,187,0.0,0.0
2006-02-16 00:00:00-05:00,202.1887664794922,202.1887664794922,202.1887664794922,202.1887664794922,0,1.2,0.0
2006-02-17 00:00:00-05:00,201.31240844726562,201.31240844726562,201.31240844726562,201.31240844726562,7,0.0,0.0
2006-02-21 00:00:00-05:00,201.18721958771602,201.18721958771602,199.0589141845703,199.0589141845703,107,0.0,0.0
2006-02-22 00:00:00-05:00,199.55970764160156,199.55970764160156,199.55970764160156,199.55970764160156,7,0.0,0.0
2006-02-23 00:00:00-05:00,199.55970764160156,199.55970764160156,199.55970764160156,199.55970764160156,0,0.0,0.0
2006-02-24 00:00:00-05:00,199.55970764160156,199.55970764160156,199.55970764160156,199.55970764160156,0,0.0,0.0
2006-02-27 00:00:00-05:00,199.30931957412156,199.81008911132812,199.30931957412156,199.81008911132812,33,0.0,0.0
2006-02-28 00:00:00-05:00,199.81008911132812,199.81008911132812,199.81008911132812,199.81008911132812,0,0.0,0.0
2006-03-01 00:00:00-05:00,200.43602113426888,202.1887460080733,200.43602113426888,201.56277465820312,113,0.0,0.0
2006-03-02 00:00:00-05:00,201.56277465820312,201.56277465820312,201.56277465820312,201.56277465820312,0,0.0,0.0
2006-03-03 00:00:00-05:00,200.31083318075594,202.81471859551536,200.31083318075594,202.6895294189453,120,0.0,0.0
2006-03-06 00:00:00-05:00,202.6895294189453,202.6895294189453,202.31393641839557,202.6895294189453,220,0.0,0.0
2006-03-07 00:00:00-05:00,203.69107150952263,209.7003936767578,203.69107150952263,209.7003936767578,307,0.0,0.0
2006-03-08 00:00:00-05:00,210.70196631856146,214.08221435546875,210.57677713532877,214.08221435546875,260,0.0,0.0
2006-03-09 00:00:00-05:00,214.20740174569218,215.58453369140625,214.20740174569218,215.58453369140625,60,0.0,0.0
2006-03-10 00:00:00-05:00,215.58453369140625,215.58453369140625,215.58453369140625,215.58453369140625,0,0.0,0.0
2006-03-13 00:00:00-05:00,215.9601227097818,216.08531188964844,215.9601227097818,216.08531188964844,20,0.0,0.0
2006-03-14 00:00:00-05:00,216.08531188964844,216.08531188964844,216.08531188964844,216.08531188964844,0,0.0,0.0
2006-03-15 00:00:00-05:00,215.96015013326362,215.96015013326362,215.334178683602,215.8349609375,87,0.0,0.0
2006-03-16 00:00:00-05:00,215.33416748046875,215.33416748046875,215.33416748046875,215.33416748046875,7,0.0,0.0
2006-03-17 00:00:00-05:00,215.70980834960938,215.70980834960938,215.70980834960938,215.70980834960938,13,0.0,0.0
2006-03-20 00:00:00-05:00,215.70980834960938,215.70980834960938,215.70980834960938,215.70980834960938,0,0.0,0.0
2006-03-21 00:00:00-05:00,216.8364886931584,216.8364886931584,215.33416748046875,215.33416748046875,13,0.0,0.0
2006-03-22 00:00:00-05:00,215.33416748046875,215.33416748046875,215.33416748046875,215.33416748046875,47,0.0,0.0
2006-03-23 00:00:00-05:00,215.33416748046875,215.33416748046875,215.33416748046875,215.33416748046875,0,0.0,0.0
2006-03-24 00:00:00-05:00,215.33416748046875,215.33416748046875,215.33416748046875,215.33416748046875,0,0.0,0.0
2006-03-27 00:00:00-05:00,215.33416748046875,215.33416748046875,215.33416748046875,215.33416748046875,0,0.0,0.0
2006-03-28 00:00:00-05:00,214.70818976913375,214.70818976913375,213.08066667948393,213.58143615722656,120,0.0,0.0
2006-03-29 00:00:00-05:00,213.58143615722656,213.58143615722656,213.58143615722656,213.58143615722656,0,0.0,0.0
2006-03-30 00:00:00-05:00,213.58143615722656,213.58143615722656,213.58143615722656,213.58143615722656,0,0.0,0.0
2006-03-31 00:00:00-05:00,213.58143615722656,213.58143615722656,213.58143615722656,213.58143615722656,0,0.0,0.0
2006-04-03 00:00:00-04:00,211.82871490248206,212.2042951787232,211.20274353027344,211.20274353027344,153,0.0,0.0
2006-04-04 00:00:00-04:00,210.45154414521824,210.45154414521824,210.32635498046875,210.32635498046875,87,0.0,0.0
2006-04-05 00:00:00-04:00,210.32638522311373,210.32638522311373,206.57055691555811,208.44847106933594,367,0.0,0.0
2006-04-06 00:00:00-04:00,208.57363026146407,211.4531084048887,208.57363026146407,210.32635498046875,593,0.0,0.0
2006-04-07 00:00:00-04:00,212.20432246929516,218.83963005637753,212.20432246929516,216.9617156982422,447,0.0,0.0
2006-04-10 00:00:00-04:00,216.9617156982422,216.9617156982422,216.9617156982422,216.9617156982422,0,0.0,0.0
2006-04-11 00:00:00-04:00,217.8380584716797,217.8380584716797,217.8380584716797,217.8380584716797,67,0.0,0.0
2006-04-12 00:00:00-04:00,217.8380584716797,217.8380584716797,217.8380584716797,217.8380584716797,0,0.0,0.0
2006-04-13 00:00:00-04:00,219.4655648876181,219.4655648876181,218.7143788930369,218.96478271484375,187,0.0,0.0
2006-04-17 00:00:00-04:00,219.08996792259737,219.46556091308594,219.08996792259737,219.46556091308594,673,0.0,0.0
2006-04-18 00:00:00-04:00,220.21676943465297,222.34506225585938,220.21676943465297,222.34506225585938,73,0.0,0.0
2006-04-19 00:00:00-04:00,222.34506225585938,222.34506225585938,222.34506225585938,222.34506225585938,0,0.0,0.0
2006-04-20 00:00:00-04:00,222.34506225585938,222.34506225585938,222.34506225585938,222.34506225585938,0,0.0,0.0
2006-04-21 00:00:00-04:00,222.34506225585938,222.34506225585938,222.34506225585938,222.34506225585938,7,0.0,0.0
2006-04-24 00:00:00-04:00,223.221417295914,223.59698486328122,223.221417295914,223.59698486328125,53,0.0,0.0
2006-04-25 00:00:00-04:00,222.59539794921875,222.59539794921875,222.59539794921875,222.59539794921875,33,0.0,0.0
2006-04-26 00:00:00-04:00,223.5969607973523,225.3496856689453,222.21982892354328,225.3496856689453,787,0.0,0.0
2006-04-27 00:00:00-04:00,226.10087052909813,226.10087052909813,223.59698486328122,223.59698486328125,153,0.0,0.0
2006-04-28 00:00:00-04:00,222.84580993652344,222.84580993652344,222.84580993652344,222.84580993652344,7,0.0,0.0
2006-05-01 00:00:00-04:00,222.97099881484837,222.97099881484837,220.9678955078125,220.9678955078125,73,0.0,0.0
2006-05-02 00:00:00-04:00,219.71594284999912,219.71594284999912,217.0868682861328,217.0868682861328,127,0.0,0.0
2006-05-03 00:00:00-04:00,217.0868613254097,217.0868613254097,213.4562225341797,213.4562225341797,187,0.0,0.0
2006-05-04 00:00:00-04:00,211.70352287249932,212.8302764892578,211.70352287249932,212.8302764892578,93,0.0,0.0
2006-05-05 00:00:00-04:00,211.5783527284983,211.5783527284983,206.5705810662853,206.69577026367188,420,0.0,0.0
2006-05-08 00:00:00-04:00,206.5705570906304,206.69574627348686,204.69264293526103,206.19497680664062,260,0.0,0.0
2006-05-09 00:00:00-04:00,206.82099251080632,207.32176208496094,206.82099251080632,207.32176208496094,13,0.0,0.0
2006-05-10 00:00:00-04:00,207.69730488793428,208.44846543497334,207.69730488793428,208.1980743408203,40,0.0,0.0
2006-05-11 00:00:00-04:00,210.9523363255743,213.58141079392118,209.7003936767578,209.7003936767578,393,0.0,0.0
2006-05-12 00:00:00-04:00,209.07446182068992,209.07446182068992,207.9477081298828,207.9477081298828,87,0.0,0.0
2006-05-15 00:00:00-04:00,207.9477081298828,207.9477081298828,207.9477081298828,207.9477081298828,20,0.0,0.0
2006-05-16 00:00:00-04:00,208.44844109671456,210.32635498046875,208.44844109671456,210.32635498046875,127,0.0,0.0
2006-05-17 00:00:00-04:00,209.0744123912993,210.32635498046875,209.0744123912993,210.32635498046875,187,0.0,0.0
2006-05-18 00:00:00-04:00,210.32638522311373,210.32638522311373,208.44847106933594,208.44847106933594,140,0.0,0.0
2006-05-19 00:00:00-04:00,208.95167556331572,208.95167556331572,208.07109473234445,208.8258819580078,60,1.2,0.0
2006-05-22 00:00:00-04:00,210.08387891780697,212.599853515625,210.08387891780697,212.599853515625,153,0.0,0.0
2006-05-23 00:00:00-04:00,213.2288077421974,213.8578012753602,213.2288077421974,213.48040771484375,233,0.0,0.0
2006-05-24 00:00:00-04:00,212.97718828388798,212.97718828388798,210.7128143310547,210.7128143310547,93,0.0,0.0
2006-05-25 00:00:00-04:00,211.59344426003634,213.85781860351562,211.59344426003634,213.85781860351562,87,0.0,0.0
2006-05-26 00:00:00-04:00,213.85781860351562,213.85781860351562,213.85781860351562,213.85781860351562,0,0.0,0.0
2006-05-30 00:00:00-04:00,212.59979475789993,212.59979475789993,210.7128143310547,210.7128143310547,127,0.0,0.0
2006-05-31 00:00:00-04:00,210.08387756347656,210.08387756347656,210.08387756347656,210.08387756347656,13,0.0,0.0
2006-06-01 00:00:00-04:00,210.08387756347656,210.08387756347656,210.08387756347656,210.08387756347656,0,0.0,0.0
2006-06-02 00:00:00-04:00,208.9516901354104,210.9644775390625,208.9516901354104,210.9644775390625,153,0.0,0.0
2006-06-05 00:00:00-04:00,210.33544921875,210.33544921875,210.33544921875,210.33544921875,40,0.0,0.0
2006-06-06 00:00:00-04:00,209.70647558588703,209.70647558588703,208.8258819580078,208.8258819580078,113,0.0,0.0
2006-06-07 00:00:00-04:00,209.3290624261645,209.3290624261645,208.19686889648438,208.19686889648438,147,0.0,0.0
2006-06-08 00:00:00-04:00,208.70006460029668,209.580645331048,207.56787109375,207.56787109375,167,0.0,0.0
2006-06-09 00:00:00-04:00,208.19688316881226,212.4740447998047,208.19688316881226,212.4740447998047,540,0.0,0.0
2006-06-12 00:00:00-04:00,212.4740447998047,212.4740447998047,212.4740447998047,212.4740447998047,0,0.0,0.0
2006-06-13 00:00:00-04:00,214.48683848439435,214.48683848439435,213.35464477539062,213.35464477539062,20,0.0,0.0
2006-06-14 00:00:00-04:00,212.59983129514023,213.98361206054688,212.59983129514023,213.98361206054688,33,0.0,0.0
2006-06-15 00:00:00-04:00,215.11580908783856,218.76397705078125,215.11580908783856,218.76397705078125,127,0.0,0.0
2006-06-16 00:00:00-04:00,217.63180541992188,217.63180541992188,217.63180541992188,217.63180541992188,827,0.0,0.0
2006-06-19 00:00:00-04:00,218.76397705078125,218.76397705078125,218.76397705078125,218.76397705078125,40,0.0,0.0
2006-06-20 00:00:00-04:00,217.75755310058594,217.75755310058594,217.75755310058594,217.75755310058594,1000,0.0,0.0
2006-06-21 00:00:00-04:00,217.75756822151203,218.00918100511433,217.75756822151203,217.88336181640625,40,0.0,0.0
2006-06-22 00:00:00-04:00,217.88336181640625,217.88336181640625,217.88336181640625,217.88336181640625,0,0.0,0.0
2006-06-23 00:00:00-04:00,217.88336181640625,217.88336181640625,217.88336181640625,217.88336181640625,0,0.0,0.0
2006-06-26 00:00:00-04:00,217.0027618408203,217.0027618408203,217.0027618408203,217.0027618408203,13,0.0,0.0
2006-06-27 00:00:00-04:00,217.0027618408203,217.0027618408203,217.0027618408203,217.0027618408203,0,0.0,0.0
2006-06-28 00:00:00-04:00,216.37376832823824,217.0027618408203,216.37376832823824,217.0027618408203,13,0.0,0.0
2006-06-29 00:00:00-04:00,217.0027618408203,217.0027618408203,217.0027618408203,217.0027618408203,0,0.0,0.0
2006-06-30 00:00:00-04:00,217.63180541992188,217.63180541992188,217.63180541992188,217.63180541992188,33,0.0,0.0
2006-07-03 00:00:00-04:00,215.74482444807285,217.63180541992188,214.4868371335068,217.63180541992188,173,0.0,0.0
2006-07-05 00:00:00-04:00,217.63180541992188,217.63180541992188,217.63180541992188,217.63180541992188,40,0.0,0.0
2006-07-06 00:00:00-04:00,216.3738041430448,216.3738041430448,213.2288360595703,213.2288360595703,73,0.0,0.0
2006-07-07 00:00:00-04:00,213.2288360595703,213.2288360595703,213.2288360595703,213.2288360595703,0,0.0,0.0
2006-07-10 00:00:00-04:00,213.2288360595703,213.2288360595703,213.2288360595703,213.2288360595703,0,0.0,0.0
2006-07-11 00:00:00-04:00,215.11583079078983,217.63180541992188,215.11583079078983,217.63180541992188,120,0.0,0.0
2006-07-12 00:00:00-04:00,217.63180541992188,217.63180541992188,217.63180541992188,217.63180541992188,0,0.0,0.0
2006-07-13 00:00:00-04:00,217.63180541992188,217.63180541992188,217.63180541992188,217.63180541992188,0,0.0,0.0
2006-07-14 00:00:00-04:00,217.63180541992188,217.63180541992188,217.63180541992188,217.63180541992188,0,0.0,0.0
2006-07-17 00:00:00-04:00,217.63180541992188,217.63180541992188,217.63180541992188,217.63180541992188,0,0.0,0.0
2006-07-18 00:00:00-04:00,216.12220649744648,220.6509552001953,216.12220649744648,220.6509552001953,780,0.0,0.0
2006-07-19 00:00:00-04:00,221.40574238501767,221.40574238501767,220.6509552001953,220.6509552001953,13,0.0,0.0
2006-07-20 00:00:00-04:00,221.657307393578,222.0347137451172,221.657307393578,222.0347137451172,27,0.0,0.0
2006-07-21 00:00:00-04:00,220.77679443359375,220.77679443359375,220.77679443359375,220.77679443359375,13,0.0,0.0
2006-07-24 00:00:00-04:00,219.64455898212537,221.65733337402344,219.64455898212537,221.65733337402344,67,0.0,0.0
2006-07-25 00:00:00-04:00,221.4057399281065,222.41213989257812,221.4057399281065,222.41213989257812,53,0.0,0.0
2006-07-26 00:00:00-04:00,222.41213989257812,222.41213989257812,222.41213989257812,222.41213989257812,0,0.0,0.0
2006-07-27 00:00:00-04:00,222.91529846191406,222.91529846191406,222.91529846191406,222.91529846191406,7,0.0,0.0
2006-07-28 00:00:00-04:00,223.2927329867494,224.80230742293637,223.2927329867494,224.55072021484375,127,0.0,0.0
2006-07-31 00:00:00-04:00,225.17970275878906,225.17970275878906,225.17970275878906,225.17970275878906,7,0.0,0.0
2006-08-01 00:00:00-04:00,224.55073252356033,226.56350708007812,224.55073252356033,226.56350708007812,47,0.0,0.0
2006-08-02 00:00:00-04:00,225.80869808876852,227.94726605041208,225.80869808876852,227.56988525390625,220,0.0,0.0
2006-08-03 00:00:00-04:00,226.43772045443419,226.5635140692564,225.30552673339844,225.30552673339844,33,0.0,0.0
2006-08-04 00:00:00-04:00,225.17970275878906,225.17970275878906,225.17970275878906,225.17970275878906,13,0.0,0.0
2006-08-07 00:00:00-04:00,224.29910926405745,224.29910926405745,223.29270935058594,223.29270935058594,20,0.0,0.0
2006-08-08 00:00:00-04:00,223.29272066613012,223.67012705126055,222.41213989257812,222.41213989257812,240,0.0,0.0
2006-08-09 00:00:00-04:00,221.40570068359375,221.40570068359375,221.40570068359375,221.40570068359375,33,0.0,0.0
2006-08-10 00:00:00-04:00,220.14775113277008,220.14775113277008,219.8961639404297,219.8961639404297,27,0.0,0.0
2006-08-11 00:00:00-04:00,218.88976628636075,218.88976628636075,218.26077270507812,218.26077270507812,53,0.0,0.0
2006-08-14 00:00:00-04:00,217.00279126765764,217.00279126765764,212.34823608398438,212.34823608398438,100,0.0,0.0
2006-08-15 00:00:00-04:00,211.59347120328337,211.59347120328337,210.9644775390625,210.9644775390625,87,0.0,0.0
2006-08-16 00:00:00-04:00,207.5678885253723,208.19688212696434,207.5678885253723,207.81948852539062,813,0.0,0.0
2006-08-17 00:00:00-04:00,208.4484951154461,208.4484951154461,207.69369506835938,207.69369506835938,53,0.0,0.0
2006-08-18 00:00:00-04:00,208.83207495888158,209.97047424316406,208.83207495888158,209.97047424316406,340,1.35,0.0
2006-08-21 00:00:00-04:00,209.33802651463134,210.3499298095703,209.33802651463134,210.3499298095703,20,0.0,0.0
2006-08-22 00:00:00-04:00,210.0969573338404,210.34993638224194,209.97047424316406,209.97047424316406,133,0.0,0.0
2006-08-23 00:00:00-04:00,208.83209228515625,208.83209228515625,208.83209228515625,208.83209228515625,67,0.0,0.0
2006-08-24 00:00:00-04:00,209.5910186767578,209.5910186767578,209.5910186767578,209.5910186767578,7,0.0,0.0
2006-08-25 00:00:00-04:00,210.85591197323095,210.85591197323095,208.70560918398596,208.83209228515625,293,0.0,0.0
2006-08-28 00:00:00-04:00,208.83209228515625,208.83209228515625,208.83209228515625,208.83209228515625,0,0.0,0.0
2006-08-29 00:00:00-04:00,209.3380411016503,210.4764404296875,209.3380411016503,210.4764404296875,53,0.0,0.0
2006-08-30 00:00:00-04:00,210.47645052357717,211.7413330078125,210.47645052357717,211.7413330078125,27,0.0,0.0
2006-08-31 00:00:00-04:00,211.7413330078125,211.7413330078125,211.7413330078125,211.7413330078125,20,0.0,0.0
2006-09-01 00:00:00-04:00,211.74132282637876,212.37376403808594,211.74132282637876,212.37376403808594,40,0.0,0.0
2006-09-05 00:00:00-04:00,211.23534145070545,211.86778259277344,211.23534145070545,211.86778259277344,100,0.0,0.0
2006-09-06 00:00:00-04:00,212.2472381591797,212.2472381591797,212.2472381591797,212.2472381591797,7,0.0,0.0
2006-09-07 00:00:00-04:00,211.6147918701172,211.6147918701172,211.6147918701172,211.6147918701172,7,0.0,0.0
2006-09-08 00:00:00-04:00,210.34994147769692,210.47643743848636,208.70559692382812,208.70559692382812,227,0.0,0.0
2006-09-11 00:00:00-04:00,208.70559692382812,208.70559692382812,208.70559692382812,208.70559692382812,0,0.0,0.0
2006-09-12 00:00:00-04:00,208.70559692382812,208.70559692382812,208.70559692382812,208.70559692382812,0,0.0,0.0
2006-09-13 00:00:00-04:00,210.3499298095703,210.3499298095703,210.3499298095703,210.3499298095703,7,0.0,0.0
2006-09-14 00:00:00-04:00,209.97047424316406,209.97047424316406,209.97047424316406,209.97047424316406,7,0.0,0.0
2006-09-15 00:00:00-04:00,209.33803100554167,211.10887145996094,209.33803100554167,211.10887145996094,53,0.0,0.0
2006-09-18 00:00:00-04:00,211.10887145996094,211.10887145996094,211.10887145996094,211.10887145996094,0,0.0,0.0
2006-09-19 00:00:00-04:00,211.10887145996094,211.10887145996094,211.10887145996094,211.10887145996094,0,0.0,0.0
2006-09-20 00:00:00-04:00,210.4764404296875,210.4764404296875,210.4764404296875,210.4764404296875,7,0.0,0.0
2006-09-21 00:00:00-04:00,209.21154272810242,209.21154272810242,207.44070231759625,208.5791015625,73,0.0,0.0
2006-09-22 00:00:00-04:00,208.5791015625,208.5791015625,208.5791015625,208.5791015625,0,0.0,0.0
2006-09-25 00:00:00-04:00,208.32613626213288,209.5910186767578,208.32613626213288,209.5910186767578,27,0.0,0.0
2006-09-26 00:00:00-04:00,209.59101718115724,210.60292053222656,209.59101718115724,210.60292053222656,33,0.0,0.0
2006-09-27 00:00:00-04:00,209.9704995526525,211.23538208007812,209.9704995526525,211.23538208007812,53,0.0,0.0
2006-09-28 00:00:00-04:00,211.23538208007812,211.23538208007812,211.23538208007812,211.23538208007812,0,0.0,0.0
2006-09-29 00:00:00-04:00,211.23538208007812,211.23538208007812,211.23538208007812,211.23538208007812,0,0.0,0.0
2006-10-02 00:00:00-04:00,211.23538208007812,211.23538208007812,211.23538208007812,211.23538208007812,0,0.0,0.0
2006-10-03 00:00:00-04:00,211.23538208007812,211.23538208007812,211.23538208007812,211.23538208007812,0,0.0,0.0
2006-10-04 00:00:00-04:00,211.23538208007812,211.23538208007812,211.23538208007812,211.23538208007812,13,0.0,0.0
2006-10-05 00:00:00-04:00,211.48832048094224,211.86778259277344,211.48832048094224,211.86778259277344,53,0.0,0.0
2006-10-06 00:00:00-04:00,212.24726807551485,212.37376403808594,212.24726807551485,212.37376403808594,67,0.0,0.0
2006-10-09 00:00:00-04:00,212.37376403808594,212.37376403808594,212.37376403808594,212.37376403808594,0,0.0,0.0
2006-10-10 00:00:00-04:00,212.37376403808594,212.37376403808594,212.37376403808594,212.37376403808594,0,0.0,0.0
2006-10-11 00:00:00-04:00,211.7413330078125,211.7413330078125,211.7413330078125,211.7413330078125,53,0.0,0.0
2006-10-12 00:00:00-04:00,211.23535368647862,211.99427795410156,210.98237464158805,211.99427795410156,113,0.0,0.0
2006-10-13 00:00:00-04:00,211.99427795410156,211.99427795410156,211.99427795410156,211.99427795410156,0,0.0,0.0
2006-10-16 00:00:00-04:00,212.5001983642578,212.5001983642578,212.5001983642578,212.5001983642578,40,0.0,0.0
2006-10-17 00:00:00-04:00,212.50026143271887,213.25918579101562,212.50026143271887,213.25918579101562,40,0.0,0.0
2006-10-18 00:00:00-04:00,213.25918579101562,213.25918579101562,213.25918579101562,213.25918579101562,0,0.0,0.0
2006-10-19 00:00:00-04:00,211.86778259277344,211.86778259277344,211.86778259277344,211.86778259277344,40,0.0,0.0
2006-10-20 00:00:00-04:00,210.60292053222656,210.60292053222656,210.60292053222656,210.60292053222656,13,0.0,0.0
2006-10-23 00:00:00-04:00,208.70559903038034,209.59101929664638,207.56719970703125,207.56719970703125,153,0.0,0.0
2006-10-24 00:00:00-04:00,206.1758199863914,208.70558464880108,206.1758199863914,208.5791015625,180,0.0,0.0
2006-10-25 00:00:00-04:00,209.9704859033702,210.2234649658203,209.9704859033702,210.2234649658203,193,0.0,0.0
2006-10-26 00:00:00-04:00,211.74129951117902,211.86778259277344,211.74129951117902,211.86778259277344,180,0.0,0.0
2006-10-27 00:00:00-04:00,211.99427795410156,211.99427795410156,211.86779486518066,211.99427795410156,87,0.0,0.0
2006-10-30 00:00:00-05:00,211.99427795410156,211.99427795410156,211.99427795410156,211.99427795410156,0,0.0,0.0
2006-10-31 00:00:00-05:00,211.86778259277344,211.86778259277344,211.86778259277344,211.86778259277344,27,0.0,0.0
2006-11-01 00:00:00-05:00,211.2353566181229,211.2353566181229,209.97047424316406,209.97047424316406,20,0.0,0.0
2006-11-02 00:00:00-05:00,209.97047424316406,209.97047424316406,209.97047424316406,209.97047424316406,7,0.0,0.0
2006-11-03 00:00:00-05:00,208.8320697768122,208.8320697768122,207.44070434570312,207.44070434570312,127,0.0,0.0
2006-11-06 00:00:00-05:00,207.44070434570312,207.44070434570312,207.44070434570312,207.44070434570312,0,0.0,0.0
2006-11-07 00:00:00-05:00,208.0731201171875,208.0731201171875,208.0731201171875,208.0731201171875,13,0.0,0.0
2006-11-08 00:00:00-05:00,208.0731201171875,208.0731201171875,208.0731201171875,208.0731201171875,0,0.0,0.0
2006-11-09 00:00:00-05:00,208.0731201171875,208.0731201171875,208.0731201171875,208.0731201171875,0,0.0,0.0
2006-11-10 00:00:00-05:00,208.0731201171875,208.0731201171875,208.0731201171875,208.0731201171875,0,0.0,0.0
2006-11-13 00:00:00-05:00,209.33804321289062,209.33804321289062,209.33804321289062,209.33804321289062,13,0.0,0.0
2006-11-14 00:00:00-05:00,210.4764404296875,210.4764404296875,210.4764404296875,210.4764404296875,7,0.0,0.0
2006-11-15 00:00:00-05:00,209.21156803934187,211.7413330078125,209.21156803934187,211.7413330078125,127,0.0,0.0
2006-11-16 00:00:00-05:00,211.23533332951837,211.86777444727142,211.23533332951837,211.36181640625,33,0.0,0.0
2006-11-17 00:00:00-05:00,212.50636291503906,212.50636291503906,212.50636291503906,212.50636291503906,0,1.35,0.0
2006-11-20 00:00:00-05:00,211.10747416426497,211.10747416426497,208.5640106201172,208.5640106201172,53,0.0,0.0
2006-11-21 00:00:00-05:00,208.5640168197452,208.5640168197452,206.5292510986328,206.5292510986328,93,0.0,0.0
2006-11-22 00:00:00-05:00,205.89341782790225,205.89341782790225,205.00320283254422,205.3847198486328,133,0.0,0.0
2006-11-24 00:00:00-05:00,204.7488267369731,204.7488267369731,203.73144384984872,204.1129608154297,67,0.0,0.0
2006-11-27 00:00:00-05:00,203.47711181640625,203.47711181640625,203.47711181640625,203.47711181640625,47,0.0,0.0
2006-11-28 00:00:00-05:00,203.47711181640625,203.47711181640625,203.47711181640625,203.47711181640625,0,0.0,0.0
2006-11-29 00:00:00-05:00,204.49449157714844,204.49449157714844,204.49449157714844,204.49449157714844,13,0.0,0.0
2006-11-30 00:00:00-05:00,205.00318886948622,205.25753784179688,203.8586249624513,205.25753784179688,127,0.0,0.0
2006-12-01 00:00:00-05:00,203.73146079352202,203.73146079352202,202.45972884466948,203.47711181640625,60,0.0,0.0
2006-12-04 00:00:00-05:00,203.60429747477096,208.4368896484375,203.60429747477096,208.4368896484375,93,0.0,0.0
2006-12-05 00:00:00-05:00,208.4368896484375,208.4368896484375,208.4368896484375,208.4368896484375,7,0.0,0.0
2006-12-06 00:00:00-05:00,209.1998748779297,209.1998748779297,209.1998748779297,209.1998748779297,7,0.0,0.0
2006-12-07 00:00:00-05:00,208.5640106201172,208.5640106201172,208.5640106201172,208.5640106201172,7,0.0,0.0
2006-12-08 00:00:00-05:00,208.5640106201172,208.5640106201172,208.5640106201172,208.5640106201172,0,0.0,0.0
2006-12-11 00:00:00-05:00,208.4368896484375,208.4368896484375,208.4368896484375,208.4368896484375,13,0.0,0.0
2006-12-12 00:00:00-05:00,207.2922788480433,208.5640106201172,203.3499155293041,208.5640106201172,293,0.0,0.0
2006-12-13 00:00:00-05:00,208.05532836914062,208.05532836914062,208.05532836914062,208.05532836914062,7,0.0,0.0
2006-12-14 00:00:00-05:00,207.54663415482526,207.54663415482526,206.27490234375,206.27490234375,13,0.0,0.0
2006-12-15 00:00:00-05:00,205.00317539821745,205.00317539821745,198.39016723632812,198.39016723632812,160,0.0,0.0
2006-12-18 00:00:00-05:00,199.53470371075906,201.31512028238015,196.8640594482422,196.8640594482422,73,0.0,0.0
2006-12-19 00:00:00-05:00,198.00865047188074,199.28038231442756,198.00865047188074,198.1358184814453,80,0.0,0.0
2006-12-20 00:00:00-05:00,199.66190889024637,200.8064727783203,199.66190889024637,200.8064727783203,93,0.0,0.0
2006-12-21 00:00:00-05:00,199.15321328478558,199.5347432097593,198.39017930829027,199.40756225585938,420,0.0,0.0
2006-12-22 00:00:00-05:00,200.80646982782577,201.5695037841797,200.80646982782577,201.5695037841797,33,0.0,0.0
2006-12-26 00:00:00-05:00,202.7140606712972,202.7140606712972,198.39016723632812,198.39016723632812,40,0.0,0.0
2006-12-27 00:00:00-05:00,198.39015036878493,199.53471410329453,193.93908930281862,199.02601623535156,120,0.0,0.0
2006-12-28 00:00:00-05:00,199.0260331569574,199.0260331569574,198.39016723632812,198.39016723632812,193,0.0,0.0
2006-12-29 00:00:00-05:00,197.2456036043175,198.1358184814453,197.2456036043175,198.1358184814453,33,0.0,0.0
2007-01-03 00:00:00-05:00,198.1358062859855,198.1358062859855,197.11842346191406,197.11842346191406,147,0.0,0.0
2007-01-04 00:00:00-05:00,197.24560340450537,198.39016723632812,197.24560340450537,198.39016723632812,113,0.0,0.0
2007-01-05 00:00:00-05:00,198.39015036878493,199.02601623535156,197.1184186356517,199.02601623535156,400,0.0,0.0
2007-01-08 00:00:00-05:00,199.15318423397522,199.15318423397522,199.02601623535156,199.02601623535156,27,0.0,0.0
2007-01-09 00:00:00-05:00,199.02601623535156,199.02601623535156,199.02601623535156,199.02601623535156,13,0.0,0.0
2007-01-10 00:00:00-05:00,199.02603232832507,210.21726989746094,199.02603232832507,210.21726989746094,213,0.0,0.0
2007-01-11 00:00:00-05:00,209.0727520384229,214.92271423339844,208.94557107269813,214.92271423339844,67,0.0,0.0
2007-01-12 00:00:00-05:00,215.81290689719484,215.81290689719484,211.99771118164062,211.99771118164062,113,0.0,0.0
2007-01-16 00:00:00-05:00,213.14224659709095,213.14224659709095,209.7085810527728,212.25204467773438,153,0.0,0.0
2007-01-17 00:00:00-05:00,213.6509246826172,213.6509246826172,213.6509246826172,213.6509246826172,33,0.0,0.0
2007-01-18 00:00:00-05:00,213.65098219651443,214.92271423339844,213.65098219651443,214.92271423339844,67,0.0,0.0
2007-01-19 00:00:00-05:00,213.77814847942454,215.55857849121094,213.6509804514657,215.55857849121094,87,0.0,0.0
2007-01-22 00:00:00-05:00,214.41401624395394,214.92271423339844,212.37925015963043,214.92271423339844,133,0.0,0.0
2007-01-23 00:00:00-05:00,214.92271423339844,214.92271423339844,214.92271423339844,214.92271423339844,27,0.0,0.0
2007-01-24 00:00:00-05:00,213.65098219651443,214.92271423339844,213.65098219651443,214.92271423339844,93,0.0,0.0
2007-01-25 00:00:00-05:00,215.94003914544334,215.94003914544334,213.6509246826172,213.6509246826172,47,0.0,0.0
2007-01-26 00:00:00-05:00,213.6509246826172,213.6509246826172,213.6509246826172,213.6509246826172,0,0.0,0.0
2007-01-29 00:00:00-05:00,212.37925385671548,212.37925385671548,208.4368896484375,208.4368896484375,47,0.0,0.0
2007-01-30 00:00:00-05:00,209.83574403535337,209.83574403535337,206.65641458027224,207.9281463623047,173,0.0,0.0
2007-01-31 00:00:00-05:00,207.9281463623047,207.9281463623047,207.9281463623047,207.9281463623047,0,0.0,0.0
2007-02-01 00:00:00-05:00,207.9281463623047,207.9281463623047,207.9281463623047,207.9281463623047,0,0.0,0.0
2007-02-02 00:00:00-05:00,207.9281463623047,207.9281463623047,207.9281463623047,207.9281463623047,0,0.0,0.0
2007-02-05 00:00:00-05:00,207.9281463623047,207.9281463623047,207.9281463623047,207.9281463623047,0,0.0,0.0
2007-02-06 00:00:00-05:00,207.9281463623047,207.9281463623047,207.9281463623047,207.9281463623047,0,0.0,0.0
2007-02-07 00:00:00-05:00,207.4194959134572,207.4194959134572,207.29232788085938,207.29232788085938,20,0.0,0.0
2007-02-08 00:00:00-05:00,208.56405767964873,208.56405767964873,208.4368896484375,208.4368896484375,20,0.0,0.0
2007-02-09 00:00:00-05:00,209.70858764648438,209.70858764648438,209.70858764648438,209.70858764648438,20,0.0,0.0
2007-02-12 00:00:00-05:00,209.7086037954423,209.7086037954423,208.6912078857422,208.6912078857422,47,0.0,0.0
2007-02-13 00:00:00-05:00,209.19988973080746,209.70858764648438,206.78359403643015,209.70858764648438,107,0.0,0.0
2007-02-14 00:00:00-05:00,207.546630859375,207.546630859375,207.4194499182519,207.546630859375,47,0.0,0.0
2007-02-15 00:00:00-05:00,207.0351205273038,207.1629937151009,203.96603393554688,203.96603393554688,180,1.35,0.0
2007-02-16 00:00:00-05:00,203.96604329997507,205.2448272705078,203.32665131470867,205.2448272705078,173,0.0,0.0
2007-02-20 00:00:00-05:00,205.2448272705078,205.2448272705078,205.2448272705078,205.2448272705078,0,0.0,0.0
2007-02-21 00:00:00-05:00,205.2448272705078,205.2448272705078,205.2448272705078,205.2448272705078,0,0.0,0.0
2007-02-22 00:00:00-05:00,205.75633888164893,209.08117188561923,205.75633888164893,207.6745147705078,247,0.0,0.0
2007-02-23 00:00:00-05:00,208.31393883984163,208.31393883984163,206.5236358642578,206.5236358642578,80,0.0,0.0
2007-02-26 00:00:00-05:00,207.67455895233363,216.1145294554933,207.67455895233363,213.5569610595703,427,0.0,0.0
2007-02-27 00:00:00-05:00,212.40601632167972,212.40601632167972,210.99935913085938,210.99935913085938,120,0.0,0.0
2007-02-28 00:00:00-05:00,210.99935913085938,210.99935913085938,210.99935913085938,210.99935913085938,0,0.0,0.0
2007-03-01 00:00:00-05:00,208.56966342503412,212.66177479196864,208.4417902295057,209.97633361816406,540,0.0,0.0
2007-03-02 00:00:00-05:00,210.10419544829912,210.35995483398438,209.72056287400264,210.35995483398438,73,0.0,0.0
2007-03-05 00:00:00-05:00,210.2320721785497,213.4290318344981,209.08116149902344,209.08116149902344,253,0.0,0.0
2007-03-06 00:00:00-05:00,209.20903959392402,210.8714690608193,209.20903959392402,210.48782348632812,40,0.0,0.0
2007-03-07 00:00:00-05:00,210.74357791842417,210.99933729259246,209.08116149902344,209.08116149902344,707,0.0,0.0
2007-03-08 00:00:00-05:00,210.48781854425587,212.2781211549718,209.08116149902344,209.08116149902344,187,0.0,0.0
2007-03-09 00:00:00-05:00,208.9532970704882,209.2090434469091,207.16299438476562,207.16299438476562,240,0.0,0.0
2007-03-12 00:00:00-04:00,207.03511172489652,207.16298490725688,205.8842010498047,205.8842010498047,360,0.0,0.0
2007-03-13 00:00:00-04:00,207.16298490725688,207.16298490725688,205.8842010498047,205.8842010498047,73,0.0,0.0
2007-03-14 00:00:00-04:00,205.8842010498047,207.03511172489652,205.8842010498047,205.8842010498047,167,0.0,0.0
2007-03-15 00:00:00-04:00,205.8842010498047,205.8842010498047,205.8842010498047,205.8842010498047,47,0.0,0.0
2007-03-16 00:00:00-04:00,205.88423243983388,207.0351432903987,205.5005998258003,206.90725708007812,47,0.0,0.0
2007-03-19 00:00:00-04:00,205.88420948840462,207.03512021066894,205.88420948840462,206.1399688720703,687,0.0,0.0
2007-03-20 00:00:00-04:00,204.73329037471288,206.26783360534793,204.6054171923525,205.8842010498047,127,0.0,0.0
2007-03-21 00:00:00-04:00,207.16299438476562,209.46480283179272,205.8842104688103,207.16299438476562,2667,0.0,0.0
2007-03-22 00:00:00-04:00,207.29085808961727,211.38296903515675,205.62844167662183,205.8842010498047,3913,0.0,0.0
2007-03-23 00:00:00-04:00,207.16298490725688,207.41874428043977,202.6872414061742,205.8842010498047,400,0.0,0.0
2007-03-26 00:00:00-04:00,206.65148402116907,209.33693815899184,206.65148402116907,207.41876220703125,253,0.0,0.0
2007-03-27 00:00:00-04:00,206.52360242678796,208.44177830072098,206.3957292385775,207.16299438476562,813,0.0,0.0
2007-03-28 00:00:00-04:00,208.44179911530912,210.9993672026135,208.05816650390625,208.05816650390625,87,0.0,0.0
2007-03-29 00:00:00-04:00,209.20904701740133,210.61571715403693,209.20904701740133,209.72056579589844,40,0.0,0.0
2007-03-30 00:00:00-04:00,211.5108881048633,215.3472402735721,209.20906639686675,213.30117797851562,1220,0.0,0.0
2007-04-02 00:00:00-04:00,213.68476747880533,215.34719682325763,212.91750240325928,214.83567810058594,520,0.0,0.0
2007-04-03 00:00:00-04:00,213.68481683754695,217.2654227064048,211.12724865034247,215.2193603515625,507,0.0,0.0
2007-04-04 00:00:00-04:00,215.34725193999142,216.11451721191406,215.21936572236112,216.11451721191406,360,0.0,0.0
2007-04-05 00:00:00-04:00,217.3932840136269,217.3932840136269,211.63875590738382,212.40602111816406,427,0.0,0.0
2007-04-09 00:00:00-04:00,212.1502708486601,212.91753604543842,211.38299264341825,212.0223846435547,207,0.0,0.0
2007-04-10 00:00:00-04:00,212.27814404530199,212.91753604543842,210.6157274466399,212.0223846435547,140,0.0,0.0
2007-04-11 00:00:00-04:00,212.15027472021316,214.7078427674323,211.5108827084084,212.40602111816406,427,0.0,0.0
2007-04-12 00:00:00-04:00,212.15028013298144,213.30117797851562,211.5108881048633,213.30117797851562,133,0.0,0.0
2007-04-13 00:00:00-04:00,213.4290223224497,213.6847686767578,209.72054408344323,213.6847686767578,293,0.0,0.0
2007-04-16 00:00:00-04:00,213.68484131746416,213.68484131746416,207.41880634604965,210.104248046875,1093,0.0,0.0
2007-04-17 00:00:00-04:00,210.7435701595017,218.6720324160448,204.60541044776122,214.1962890625,9140,0.0,0.0
2007-04-18 00:00:00-04:00,214.19634102364265,216.11451721191406,213.17331632492417,216.11451721191406,1233,0.0,0.0
2007-04-19 00:00:00-04:00,215.986631739588,215.986631739588,214.19632886213083,215.47511291503906,87,0.0,0.0
2007-04-20 00:00:00-04:00,216.1145141961652,216.75390625,215.73088156555724,216.75390625,1213,0.0,0.0
2007-04-23 00:00:00-04:00,217.26539611816406,217.26539611816406,216.11448537138102,217.26539611816406,107,0.0,0.0
2007-04-24 00:00:00-04:00,214.83571111505682,214.83571111505682,209.72057513612688,210.99935913085938,300,0.0,0.0
2007-04-25 00:00:00-04:00,210.9993687298602,215.47511291503906,209.72058467695197,215.47511291503906,707,0.0,0.0
2007-04-26 00:00:00-04:00,216.75390625,216.75390625,216.75390625,216.75390625,60,0.0,0.0
2007-04-27 00:00:00-04:00,218.03268102085556,218.03268102085556,210.9993687298602,215.47511291503906,133,0.0,0.0
2007-04-30 00:00:00-04:00,216.7538728153004,217.3932647705078,216.7538728153004,217.3932647705078,20,0.0,0.0
2007-05-01 00:00:00-04:00,217.3932647705078,217.3932647705078,217.3932647705078,217.3932647705078,0,0.0,0.0
2007-05-02 00:00:00-04:00,216.1145037089174,218.16055297851562,216.1145037089174,218.16055297851562,53,0.0,0.0
2007-05-03 00:00:00-04:00,217.90476989746094,217.90476989746094,217.90476989746094,217.90476989746094,7,0.0,0.0
2007-05-04 00:00:00-04:00,217.90476989746094,217.90476989746094,217.90476989746094,217.90476989746094,0,0.0,0.0
2007-05-07 00:00:00-04:00,217.90476989746094,217.90476989746094,217.90476989746094,217.90476989746094,0,0.0,0.0
2007-05-08 00:00:00-04:00,217.3932647705078,218.03265672571519,217.3932647705078,217.3932647705078,100,0.0,0.0
2007-05-09 00:00:00-04:00,216.75389696794733,216.75389696794733,215.47511291503906,215.47511291503906,20,0.0,0.0
2007-05-10 00:00:00-04:00,216.11451721191406,216.11451721191406,216.11451721191406,216.11451721191406,7,0.0,0.0
2007-05-11 00:00:00-04:00,216.11451721191406,216.11451721191406,216.11451721191406,216.11451721191406,0,0.0,0.0
2007-05-14 00:00:00-04:00,216.11451721191406,216.11451721191406,216.11451721191406,216.11451721191406,0,0.0,0.0
2007-05-15 00:00:00-04:00,216.11451721191406,216.11451721191406,216.11451721191406,216.11451721191406,0,0.0,0.0
2007-05-16 00:00:00-04:00,214.8357095442461,215.85873413085938,210.99935758809886,215.85873413085938,73,0.0,0.0
2007-05-17 00:00:00-04:00,215.85873413085938,215.85873413085938,215.85873413085938,215.85873413085938,0,0.0,0.0
2007-05-18 00:00:00-04:00,210.99935913085938,210.99935913085938,210.99935913085938,210.99935913085938,40,0.0,0.0
2007-05-21 00:00:00-04:00,210.99935913085938,210.99935913085938,210.99935913085938,210.99935913085938,0,0.0,0.0
2007-05-22 00:00:00-04:00,210.87147360535482,210.87147360535482,210.35995483398438,210.35995483398438,33,0.0,0.0
2007-05-23 00:00:00-04:00,210.35995483398438,210.35995483398438,210.35995483398438,210.35995483398438,0,0.0,0.0
2007-05-24 00:00:00-04:00,209.08116149902344,209.08116149902344,209.08116149902344,209.08116149902344,7,0.0,0.0
2007-05-25 00:00:00-04:00,210.99935913085938,210.99935913085938,210.99935913085938,210.99935913085938,7,0.0,0.0
2007-05-29 00:00:00-04:00,210.9993865592348,210.9993865592348,207.80242615682215,208.4418182373047,93,0.0,0.0
2007-05-30 00:00:00-04:00,207.80238342285156,207.80238342285156,207.80238342285156,207.80238342285156,7,0.0,0.0
2007-05-31 00:00:00-04:00,208.05816650390625,208.05816650390625,208.05816650390625,208.05816650390625,27,0.0,0.0
2007-06-01 00:00:00-04:00,209.72058315896132,210.9993672026135,208.05816650390625,208.05816650390625,33,0.0,0.0
2007-06-04 00:00:00-04:00,208.05817941354897,209.59272296284013,206.5236358642578,206.5236358642578,120,0.0,0.0
2007-06-05 00:00:00-04:00,206.5236358642578,206.5236358642578,206.5236358642578,206.5236358642578,0,0.0,0.0
2007-06-06 00:00:00-04:00,206.5236358642578,206.5236358642578,206.5236358642578,206.5236358642578,0,0.0,0.0
2007-06-07 00:00:00-04:00,207.16300621032715,207.16300621032715,204.60543823242188,204.60543823242188,173,0.0,0.0
2007-06-08 00:00:00-04:00,203.32667220777765,203.32667220777765,200.76910400390625,200.76910400390625,60,0.0,0.0
2007-06-11 00:00:00-04:00,200.6405002255983,203.2128143310547,200.6405002255983,203.2128143310547,27,1.35,0.0
2007-06-12 00:00:00-04:00,205.14201679229737,207.71433048248292,205.14201679229737,205.78509521484375,267,0.0,0.0
2007-06-13 00:00:00-04:00,207.07127366787455,209.25774314938369,205.013427734375,205.013427734375,120,0.0,0.0
2007-06-14 00:00:00-04:00,205.78509521484375,205.78509521484375,205.78509521484375,205.78509521484375,27,0.0,0.0
2007-06-15 00:00:00-04:00,205.78512843651106,206.8140514620004,203.2128143310547,203.2128143310547,380,0.0,0.0
2007-06-18 00:00:00-04:00,202.56973266601562,202.56973266601562,202.56973266601562,202.56973266601562,173,0.0,0.0
2007-06-19 00:00:00-04:00,205.14202559369164,207.07126094410253,204.4989471435547,204.4989471435547,273,0.0,0.0
2007-06-20 00:00:00-04:00,203.212786587411,207.3284912109375,203.212786587411,207.3284912109375,447,0.0,0.0
2007-06-21 00:00:00-04:00,207.71433048248292,208.48601935615298,205.78509521484375,205.78509521484375,833,0.0,0.0
2007-06-22 00:00:00-04:00,205.78509521484375,209.00048732757568,205.78509521484375,205.78509521484375,220,0.0,0.0
2007-06-25 00:00:00-04:00,207.07125205993654,209.6435657501221,205.78509521484375,205.78509521484375,127,0.0,0.0
2007-06-26 00:00:00-04:00,205.78509521484375,205.78509521484375,205.78509521484375,205.78509521484375,60,0.0,0.0
2007-06-27 00:00:00-04:00,207.07126094410253,207.07126094410253,204.4989471435547,204.4989471435547,47,0.0,0.0
2007-06-28 00:00:00-04:00,208.3574089050293,209.6435657501221,205.78509521484375,205.78509521484375,67,0.0,0.0
2007-06-29 00:00:00-04:00,205.78512845491434,205.78512845491434,205.27066040039062,205.27066040039062,87,0.0,0.0
2007-07-02 00:00:00-04:00,205.78509521484375,205.78509521484375,204.498938369751,205.78509521484375,33,0.0,0.0
2007-07-03 00:00:00-04:00,207.71433939423952,209.00049629451343,204.4989471435547,204.4989471435547,67,0.0,0.0
2007-07-05 00:00:00-04:00,199.3543211310427,202.56971340734984,198.71124267578125,198.71124267578125,160,0.0,0.0
2007-07-06 00:00:00-04:00,199.3542938232422,201.92660729192917,199.3542938232422,199.3542938232422,120,0.0,0.0
2007-07-09 00:00:00-04:00,202.1838689508859,202.56971340734984,186.74998602461162,198.71124267578125,140,0.0,0.0
2007-07-10 00:00:00-04:00,194.7241533305684,212.21588134765625,194.7241533305684,212.21588134765625,60,0.0,0.0
2007-07-11 00:00:00-04:00,212.21588134765625,212.21588134765625,212.21588134765625,212.21588134765625,0,0.0,0.0
2007-07-12 00:00:00-04:00,205.91370880097833,212.08727221818657,205.91370880097833,211.95864868164062,20,0.0,0.0
2007-07-13 00:00:00-04:00,207.71433048248292,212.21587944030762,205.78509521484375,205.78509521484375,40,0.0,0.0
2007-07-16 00:00:00-04:00,205.78509521484375,205.78509521484375,205.78509521484375,205.78509521484375,0,0.0,0.0
2007-07-17 00:00:00-04:00,205.78509521484375,205.78509521484375,205.78509521484375,205.78509521484375,0,0.0,0.0
2007-07-18 00:00:00-04:00,205.78509521484375,205.78509521484375,205.78509521484375,205.78509521484375,0,0.0,0.0
2007-07-19 00:00:00-04:00,207.07126627894965,208.10018920898438,207.07126627894965,208.10018920898438,93,0.0,0.0
2007-07-20 00:00:00-04:00,202.69830322265625,202.69830322265625,202.69830322265625,202.69830322265625,7,0.0,0.0
2007-07-23 00:00:00-04:00,207.07123751735583,207.07123751735583,203.47000122070312,203.47000122070312,293,0.0,0.0
2007-07-24 00:00:00-04:00,204.4989471435547,204.4989471435547,204.4989471435547,204.4989471435547,20,0.0,0.0
2007-07-25 00:00:00-04:00,203.3413923436648,204.37032828837175,202.31246948242188,202.31246948242188,73,0.0,0.0
2007-07-26 00:00:00-04:00,202.0552177319784,204.37031032056697,193.0521205915739,199.3542938232422,80,0.0,0.0
2007-07-27 00:00:00-04:00,196.781982421875,196.781982421875,196.781982421875,196.781982421875,27,0.0,0.0
2007-07-30 00:00:00-04:00,194.20965576171875,194.20965576171875,194.20965576171875,194.20965576171875,7,0.0,0.0
2007-07-31 00:00:00-04:00,194.9813658990028,202.4410858154297,194.85275545222177,202.4410858154297,8053,0.0,0.0
2007-08-01 00:00:00-04:00,196.13893127441406,196.2675417336671,196.13893127441406,196.13893127441406,173,0.0,0.0
2007-08-02 00:00:00-04:00,196.78200973760886,196.78200973760886,196.13893127441406,196.13893127441406,267,0.0,0.0
2007-08-03 00:00:00-04:00,196.13890198738343,199.3542938232422,192.92351015152468,199.3542938232422,53,0.0,0.0
2007-08-06 00:00:00-04:00,201.28353881835938,201.28353881835938,201.28353881835938,201.28353881835938,113,0.0,0.0
2007-08-07 00:00:00-04:00,199.3542938232422,199.3542938232422,199.3542938232422,199.3542938232422,167,0.0,0.0
2007-08-08 00:00:00-04:00,201.28353881835938,201.28353881835938,201.28353881835938,201.28353881835938,13,0.0,0.0
2007-08-09 00:00:00-04:00,189.70811831566596,199.3542938232422,189.70811831566596,199.3542938232422,40,0.0,0.0
2007-08-10 00:00:00-04:00,192.28043370502144,200.25460815429688,192.28043370502144,200.25460815429688,73,0.0,0.0
2007-08-13 00:00:00-04:00,200.64047241210938,204.6275534894771,200.38323842052918,200.64047241210938,167,0.0,0.0
2007-08-14 00:00:00-04:00,204.6275594772873,205.78510593153806,204.6275594772873,205.39926147460938,60,0.0,0.0
2007-08-15 00:00:00-04:00,205.14201679229737,206.94264160881286,205.14201679229737,205.78509521484375,433,0.0,0.0
2007-08-16 00:00:00-04:00,210.54390012868726,210.54390012868726,205.013427734375,205.013427734375,267,0.0,0.0
2007-08-17 00:00:00-04:00,205.78510049794156,205.78510049794156,201.7980194091797,201.7980194091797,60,0.0,0.0
2007-08-20 00:00:00-04:00,215.43124389648438,215.43124389648438,215.43124389648438,215.43124389648438,13,0.0,0.0
2007-08-21 00:00:00-04:00,207.02102661132812,211.80839048412355,207.02102661132812,207.02102661132812,87,1.5,0.0
2007-08-22 00:00:00-04:00,207.02103021793636,207.02103021793636,206.8916473388672,206.8916473388672,133,0.0,0.0
2007-08-23 00:00:00-04:00,212.32593515342643,212.32593515342643,207.02102661132812,207.02102661132812,60,0.0,0.0
2007-08-24 00:00:00-04:00,207.02102661132812,207.02102661132812,206.891643734513,207.02102661132812,67,0.0,0.0
2007-08-27 00:00:00-04:00,207.02102661132812,207.02102661132812,207.02102661132812,207.02102661132812,253,0.0,0.0
2007-08-28 00:00:00-04:00,208.8324658589942,210.25573015213013,206.76224769565547,207.02102661132812,267,0.0,0.0
2007-08-29 00:00:00-04:00,207.02104646418329,211.03207397460938,189.0360877877899,211.03207397460938,373,0.0,0.0
2007-08-30 00:00:00-04:00,211.03207397460938,211.03207397460938,211.03207397460938,211.03207397460938,0,0.0,0.0
2007-08-31 00:00:00-04:00,201.0691847563266,210.51451681045612,187.61281226685244,201.71612548828125,473,0.0,0.0
2007-09-04 00:00:00-04:00,203.65696716308594,203.65696716308594,203.65696716308594,203.65696716308594,13,0.0,0.0
2007-09-05 00:00:00-04:00,208.70308669155804,208.70308669155804,200.5516357421875,200.5516357421875,20,0.0,0.0
2007-09-06 00:00:00-04:00,200.5516357421875,200.5516357421875,200.5516357421875,200.5516357421875,0,0.0,0.0
2007-09-07 00:00:00-04:00,206.891635741941,211.16144161844136,195.76424809422636,200.9397735595703,373,0.0,0.0
2007-09-10 00:00:00-04:00,200.9397735595703,200.9397735595703,200.9397735595703,200.9397735595703,0,0.0,0.0
2007-09-11 00:00:00-04:00,213.49043952094183,213.49043952094183,209.60879516601562,209.60879516601562,27,0.0,0.0
2007-09-12 00:00:00-04:00,200.6810302734375,200.6810302734375,200.6810302734375,200.6810302734375,13,0.0,0.0
2007-09-13 00:00:00-04:00,201.84552001953125,201.84552001953125,200.68102136998573,201.84552001953125,47,0.0,0.0
2007-09-14 00:00:00-04:00,210.25574714906753,210.25574714906753,200.5516357421875,200.5516357421875,247,0.0,0.0
2007-09-17 00:00:00-04:00,200.5516357421875,200.5516357421875,200.5516357421875,200.5516357421875,0,0.0,0.0
2007-09-18 00:00:00-04:00,210.25575618384963,210.25575618384963,210.12637329101562,210.12637329101562,160,0.0,0.0
2007-09-19 00:00:00-04:00,200.03406995923072,200.03406995923072,199.5165252685547,199.5165252685547,67,0.0,0.0
2007-09-20 00:00:00-04:00,199.5165252685547,199.5165252685547,199.5165252685547,199.5165252685547,0,0.0,0.0
2007-09-21 00:00:00-04:00,198.22265625,198.22265625,198.22265625,198.22265625,67,0.0,0.0
2007-09-24 00:00:00-04:00,198.22264349767397,205.20959552650848,198.22264349767397,203.7863311767578,33,0.0,0.0
2007-09-25 00:00:00-04:00,204.43325805664062,204.43325805664062,204.43325805664062,204.43325805664062,33,0.0,0.0
2007-09-26 00:00:00-04:00,204.43325805664062,204.43325805664062,204.43325805664062,204.43325805664062,0,0.0,0.0
2007-09-27 00:00:00-04:00,204.43325805664062,204.43325805664062,204.43325805664062,204.43325805664062,0,0.0,0.0
2007-09-28 00:00:00-04:00,204.95084781952977,205.08023071289062,204.95084781952977,205.08023071289062,53,0.0,0.0
2007-10-01 00:00:00-04:00,205.9859276992552,206.8916473388672,205.9859276992552,206.8916473388672,80,0.0,0.0
2007-10-02 00:00:00-04:00,210.25572204589844,210.25572204589844,210.25572204589844,210.25572204589844,120,0.0,0.0
2007-10-03 00:00:00-04:00,210.25572204589844,210.25572204589844,210.25572204589844,210.25572204589844,13,0.0,0.0
2007-10-04 00:00:00-04:00,210.25572204589844,210.25572204589844,210.25572204589844,210.25572204589844,0,0.0,0.0
2007-10-05 00:00:00-04:00,201.32797017985607,205.7271728515625,201.32797017985607,205.7271728515625,260,0.0,0.0
2007-10-08 00:00:00-04:00,205.7271728515625,205.7271728515625,205.7271728515625,205.7271728515625,40,0.0,0.0
2007-10-09 00:00:00-04:00,203.7863504661704,205.7271728515625,198.8696030555859,205.7271728515625,140,0.0,0.0
2007-10-10 00:00:00-04:00,205.7271728515625,205.7271728515625,205.7271728515625,205.7271728515625,0,0.0,0.0
2007-10-11 00:00:00-04:00,203.78632548537666,203.78632548537666,200.55162190624372,201.1985626220703,33,0.0,0.0
2007-10-12 00:00:00-04:00,200.5516357421875,200.5516357421875,200.5516357421875,200.5516357421875,13,0.0,0.0
2007-10-15 00:00:00-04:00,200.5516357421875,200.5516357421875,200.5516357421875,200.5516357421875,0,0.0,0.0
2007-10-16 00:00:00-04:00,200.5516357421875,200.5516357421875,200.5516357421875,200.5516357421875,13,0.0,0.0
2007-10-17 00:00:00-04:00,200.5516357421875,200.5516357421875,200.5516357421875,200.5516357421875,0,0.0,0.0
2007-10-18 00:00:00-04:00,200.5516357421875,200.5516357421875,200.5516357421875,200.5516357421875,0,0.0,0.0
2007-10-19 00:00:00-04:00,200.5516357421875,200.5516357421875,200.5516357421875,200.5516357421875,0,0.0,0.0
2007-10-22 00:00:00-04:00,200.5516357421875,200.5516357421875,200.5516357421875,200.5516357421875,47,0.0,0.0
2007-10-23 00:00:00-04:00,200.5516357421875,200.5516357421875,199.5165331578623,200.5516357421875,47,0.0,0.0
2007-10-24 00:00:00-04:00,200.42225285491315,200.5516357421875,200.42225285491315,200.5516357421875,60,0.0,0.0
2007-10-25 00:00:00-04:00,200.5516357421875,200.5516357421875,200.5516357421875,200.5516357421875,0,0.0,0.0
2007-10-26 00:00:00-04:00,200.5516357421875,200.5516357421875,200.5516357421875,200.5516357421875,0,0.0,0.0
2007-10-29 00:00:00-04:00,200.5516357421875,200.5516357421875,200.5516357421875,200.5516357421875,27,0.0,0.0
2007-10-30 00:00:00-04:00,200.5516168909317,200.5516168909317,197.18753051757812,197.18753051757812,247,0.0,0.0
2007-10-31 00:00:00-04:00,196.41120061086536,204.69204711914062,196.41120061086536,204.69204711914062,13,0.0,0.0
2007-11-01 00:00:00-04:00,209.60880638860885,209.60880638860885,195.6348885951103,200.5516357421875,113,0.0,0.0
2007-11-02 00:00:00-04:00,195.50547790527344,195.50547790527344,195.50547790527344,195.50547790527344,20,0.0,0.0
2007-11-05 00:00:00-05:00,196.0230504189768,200.5516357421875,196.0230504189768,200.5516357421875,120,0.0,0.0
2007-11-06 00:00:00-05:00,200.55163747027018,204.0451202392578,200.55163747027018,204.0451202392578,40,0.0,0.0
2007-11-07 00:00:00-05:00,205.85651632107016,213.4904215064194,195.50546558136497,196.79934692382812,160,0.0,0.0
2007-11-08 00:00:00-05:00,196.79934692382812,196.79934692382812,196.79934692382812,196.79934692382812,0,0.0,0.0
2007-11-09 00:00:00-05:00,217.63088113296516,218.01904296875,217.63088113296516,218.01904296875,100,0.0,0.0
2007-11-12 00:00:00-05:00,190.9769182303883,213.49046325683594,190.9769182303883,213.49046325683594,113,0.0,0.0
2007-11-13 00:00:00-05:00,210.9026839417197,210.9026839417197,194.34100341796875,194.34100341796875,27,0.0,0.0
2007-11-14 00:00:00-05:00,200.6809976371324,203.78631822731788,188.90668229325976,189.4242401123047,100,0.0,0.0
2007-11-15 00:00:00-05:00,187.61282348632812,187.61282348632812,187.61282348632812,187.61282348632812,40,0.0,0.0
2007-11-16 00:00:00-05:00,188.25976425697064,188.25976425697064,187.61282348632812,187.61282348632812,113,0.0,0.0
2007-11-19 00:00:00-05:00,187.6128269307648,193.82345581054688,186.31894536572506,193.82345581054688,53,0.0,0.0
2007-11-20 00:00:00-05:00,194.7291684692694,194.7291684692694,182.43729404762118,191.36508178710938,393,0.0,0.0
2007-11-21 00:00:00-05:00,187.61282348632812,187.61282348632812,184.37811963311557,187.61282348632812,680,0.0,0.0
2007-11-23 00:00:00-05:00,187.61282348632812,187.61282348632812,186.9658827156856,187.61282348632812,20,0.0,0.0
2007-11-26 00:00:00-05:00,191.7532507500703,192.6589704788513,182.30791794888307,187.4834442138672,67,0.0,0.0
2007-11-27 00:00:00-05:00,187.4834442138672,187.4834442138672,187.4834442138672,187.4834442138672,0,0.0,0.0
2007-11-28 00:00:00-05:00,187.4834442138672,187.4834442138672,187.4834442138672,187.4834442138672,0,0.0,0.0
2007-11-29 00:00:00-05:00,188.91659545898438,188.91659545898438,188.91659545898438,188.91659545898438,120,1.5,0.0
2007-11-30 00:00:00-05:00,188.91659545898438,188.91659545898438,188.78631345317538,188.91659545898438,987,0.0,0.0
2007-12-03 00:00:00-05:00,195.30070412101122,195.30070412101122,181.09938049316406,181.09938049316406,60,0.0,0.0
2007-12-04 00:00:00-05:00,195.30066435393465,195.30066435393465,187.61370849609375,187.61370849609375,120,0.0,0.0
2007-12-05 00:00:00-05:00,186.31085633704726,195.30068617499438,183.70511009457107,194.2583770751953,120,0.0,0.0
2007-12-06 00:00:00-05:00,187.61371947849443,195.43095779009835,187.61371947849443,193.997802734375,127,0.0,0.0
2007-12-07 00:00:00-05:00,188.91661119523843,188.91661119523843,186.44114685058594,186.44114685058594,100,0.0,0.0
2007-12-10 00:00:00-05:00,192.17377794540977,192.17377794540977,186.44113113241377,186.57142639160156,233,0.0,0.0
2007-12-11 00:00:00-05:00,195.4309575638262,195.4309575638262,186.83200073242188,186.83200073242188,80,0.0,0.0
2007-12-12 00:00:00-05:00,183.0536775287829,188.91660670230263,182.40224095394737,185.659423828125,380,0.0,0.0
2007-12-13 00:00:00-05:00,185.659423828125,185.659423828125,185.659423828125,185.659423828125,0,0.0,0.0
2007-12-14 00:00:00-05:00,185.659423828125,185.659423828125,185.659423828125,185.659423828125,0,0.0,0.0
2007-12-17 00:00:00-05:00,189.04685974121094,189.04685974121094,189.04685974121094,189.04685974121094,7,0.0,0.0
2007-12-18 00:00:00-05:00,192.30405881224686,195.4309594650924,185.39883422851562,185.39883422851562,120,0.0,0.0
2007-12-19 00:00:00-05:00,193.3463473337465,193.3463473337465,192.95547485351562,192.95547485351562,73,0.0,0.0
2007-12-20 00:00:00-05:00,193.4766443207508,193.4766443207508,164.68315575354467,165.46487426757812,593,0.0,0.0
2007-12-21 00:00:00-05:00,169.37349793799063,193.73722683054208,166.11631528533698,166.24659729003906,1133,0.0,0.0
2007-12-24 00:00:00-05:00,166.7677459716797,179.66619412558066,166.7677459716797,166.7677459716797,607,0.0,0.0
2007-12-26 00:00:00-05:00,176.40902866371616,179.79649353027344,176.40902866371616,179.79649353027344,120,0.0,0.0
2007-12-27 00:00:00-05:00,167.54948096683708,172.6306915283203,167.54948096683708,172.6306915283203,160,0.0,0.0
2007-12-28 00:00:00-05:00,183.05365492822858,183.05365492822858,180.317626953125,180.317626953125,20,0.0,0.0
2007-12-31 00:00:00-05:00,176.66958618164062,176.66958618164062,176.66958618164062,176.66958618164062,73,0.0,0.0
2008-01-02 00:00:00-05:00,174.71528303768622,192.17378844157992,174.71528303768622,182.14166259765625,67,0.0,0.0
2008-01-03 00:00:00-05:00,191.5223330710333,191.5223330710333,177.58158916958268,184.7473907470703,93,0.0,0.0
2008-01-04 00:00:00-05:00,195.30066050393924,195.30066050393924,188.78629575402144,189.04685974121094,280,0.0,0.0
2008-01-07 00:00:00-05:00,188.91659545898438,194.64924227776456,188.91659545898438,188.91659545898438,100,0.0,0.0
2008-01-08 00:00:00-05:00,188.91659545898438,188.91659545898438,188.91659545898438,188.91659545898438,0,0.0,0.0
2008-01-09 00:00:00-05:00,182.40223553163787,183.70510864257812,182.40223553163787,183.70510864257812,33,0.0,0.0
2008-01-10 00:00:00-05:00,183.70510864257812,183.70510864257812,183.70510864257812,183.70510864257812,0,0.0,0.0
2008-01-11 00:00:00-05:00,192.04349911031906,192.04349911031906,188.65602111816406,188.65602111816406,27,0.0,0.0
2008-01-14 00:00:00-05:00,192.5646346593001,192.69492991675799,191.5223388671875,191.5223388671875,227,0.0,0.0
2008-01-15 00:00:00-05:00,191.5223388671875,191.5223388671875,191.5223388671875,191.5223388671875,0,0.0,0.0
2008-01-16 00:00:00-05:00,191.5223388671875,191.5223388671875,191.5223388671875,191.5223388671875,0,0.0,0.0
2008-01-17 00:00:00-05:00,188.91659545898438,189.43774998924084,188.91659545898438,188.91659545898438,327,0.0,0.0
2008-01-18 00:00:00-05:00,182.40223993857404,184.48683166503906,182.40223993857404,184.48683166503906,67,0.0,0.0
2008-01-22 00:00:00-05:00,172.76096406315676,188.91659545898438,172.76096406315676,188.91659545898438,313,0.0,0.0
2008-01-23 00:00:00-05:00,179.53590234919108,179.53590234919108,178.4936065673828,178.4936065673828,27,0.0,0.0
2008-01-24 00:00:00-05:00,182.40222197241266,188.26515053581164,182.40222197241266,184.7473907470703,47,0.0,0.0
2008-01-25 00:00:00-05:00,194.77950472445102,194.77950472445102,192.8251953125,192.8251953125,100,0.0,0.0
2008-01-28 00:00:00-05:00,194.7795174662272,195.4309539794922,194.7795174662272,195.4309539794922,20,0.0,0.0
2008-01-29 00:00:00-05:00,195.4309539794922,195.4309539794922,195.4309539794922,195.4309539794922,33,0.0,0.0
2008-01-30 00:00:00-05:00,208.45966282322183,208.45966282322183,198.16696166992188,198.16696166992188,60,0.0,0.0
2008-01-31 00:00:00-05:00,208.06883239746094,208.06883239746094,208.06883239746094,208.06883239746094,13,0.0,0.0
2008-02-01 00:00:00-05:00,208.4596710205078,208.4596710205078,208.4596710205078,208.4596710205078,33,0.0,0.0
2008-02-04 00:00:00-05:00,208.4596710205078,208.4596710205078,208.4596710205078,208.4596710205078,20,0.0,0.0
2008-02-05 00:00:00-05:00,208.4596915640008,208.4596915640008,198.68814352193826,200.9030303955078,133,0.0,0.0
2008-02-06 00:00:00-05:00,200.9030303955078,200.9030303955078,200.9030303955078,200.9030303955078,0,0.0,0.0
2008-02-07 00:00:00-05:00,214.1923065185547,214.1923065185547,214.1923065185547,214.1923065185547,7,0.0,0.0
2008-02-08 00:00:00-05:00,202.59674072265625,202.59674072265625,202.59674072265625,202.59674072265625,7,0.0,0.0
2008-02-11 00:00:00-05:00,192.1737795928649,195.4309622978287,191.52234305187213,194.77952575683594,107,0.0,0.0
2008-02-12 00:00:00-05:00,190.8708767046352,190.8708767046352,188.78628540039062,188.78628540039062,80,0.0,0.0
2008-02-13 00:00:00-05:00,188.91660484326965,195.43097052752032,188.91660484326965,189.43775939941406,87,0.0,0.0
2008-02-14 00:00:00-05:00,189.43775939941406,189.43775939941406,189.43775939941406,189.43775939941406,0,0.0,0.0
2008-02-15 00:00:00-05:00,191.0011691661863,195.17036525683548,188.9165777476162,189.04685974121094,233,0.0,0.0
2008-02-19 00:00:00-05:00,189.04685974121094,189.04685974121094,189.04685974121094,189.04685974121094,0,0.0,0.0
2008-02-20 00:00:00-05:00,187.74399746650874,188.26515197753906,187.74399746650874,188.26515197753906,27,0.0,0.0
2008-02-21 00:00:00-05:00,188.26515197753906,188.26515197753906,188.26515197753906,188.26515197753906,0,0.0,0.0
2008-02-22 00:00:00-05:00,188.26515514562433,195.30067489537691,188.26515514562433,195.17037963867188,67,0.0,0.0
2008-02-25 00:00:00-05:00,189.17716610285038,195.69153123550012,189.17716610285038,195.4309539794922,40,0.0,0.0
2008-02-26 00:00:00-05:00,199.6281385365021,200.02162102412314,189.266357421875,189.266357421875,33,1.5,0.0
2008-02-27 00:00:00-05:00,189.5286821489041,192.15191650390625,189.5286821489041,192.15191650390625,53,0.0,0.0
2008-02-28 00:00:00-05:00,192.15191650390625,192.15191650390625,192.15191650390625,192.15191650390625,0,0.0,0.0
2008-02-29 00:00:00-05:00,188.87287085642768,188.87287085642768,188.74171447753906,188.74171447753906,680,0.0,0.0
2008-03-03 00:00:00-05:00,176.01902770996094,176.01902770996094,176.01902770996094,176.01902770996094,7,0.0,0.0
2008-03-04 00:00:00-05:00,188.61052546419793,188.61052546419793,179.2980499267578,179.2980499267578,60,0.0,0.0
2008-03-05 00:00:00-05:00,179.0357208251953,179.0357208251953,179.0357208251953,179.0357208251953,40,0.0,0.0
2008-03-06 00:00:00-05:00,179.0357208251953,179.0357208251953,179.0357208251953,179.0357208251953,0,0.0,0.0
2008-03-07 00:00:00-05:00,173.26462947324347,173.26462947324347,157.3940664438101,170.51023864746094,73,0.0,0.0
2008-03-10 00:00:00-04:00,170.51023864746094,170.51023864746094,170.51023864746094,170.51023864746094,0,0.0,0.0
2008-03-11 00:00:00-04:00,170.51023864746094,170.51023864746094,170.51023864746094,170.51023864746094,20,0.0,0.0
2008-03-12 00:00:00-04:00,167.23118377566803,168.67395727910178,167.23118377566803,168.5428009033203,107,0.0,0.0
2008-03-13 00:00:00-04:00,172.87114811049562,172.87114811049562,166.57538807990468,169.85443115234375,100,0.0,0.0
2008-03-14 00:00:00-04:00,173.13348388671875,173.13348388671875,173.13348388671875,173.13348388671875,13,0.0,0.0
2008-03-17 00:00:00-04:00,173.13348388671875,173.13348388671875,173.13348388671875,173.13348388671875,0,0.0,0.0
2008-03-18 00:00:00-04:00,173.1334764563519,173.1334764563519,113.45489176874575,150.8359832763672,320,0.0,0.0
2008-03-19 00:00:00-04:00,150.8359832763672,150.8359832763672,150.8359832763672,150.8359832763672,27,0.0,0.0
2008-03-20 00:00:00-04:00,166.57537379030322,166.57537379030322,160.0172882080078,160.0172882080078,27,0.0,0.0
2008-03-24 00:00:00-04:00,160.0172882080078,160.0172882080078,160.0172882080078,160.0172882080078,0,0.0,0.0
2008-03-25 00:00:00-04:00,160.0172882080078,160.0172882080078,160.0172882080078,160.0172882080078,0,0.0,0.0
2008-03-26 00:00:00-04:00,160.0172882080078,160.0172882080078,160.0172882080078,160.0172882080078,0,0.0,0.0
2008-03-27 00:00:00-04:00,152.14761352539062,152.14761352539062,152.14761352539062,152.14761352539062,67,0.0,0.0
2008-03-28 00:00:00-04:00,152.14761352539062,152.14761352539062,152.14761352539062,152.14761352539062,0,0.0,0.0
2008-03-31 00:00:00-04:00,152.14761352539062,152.14761352539062,152.14761352539062,152.14761352539062,0,0.0,0.0
2008-04-01 00:00:00-04:00,152.14761352539062,152.14761352539062,152.14761352539062,152.14761352539062,0,0.0,0.0
2008-04-02 00:00:00-04:00,153.1968994140625,153.1968994140625,153.1968994140625,153.1968994140625,13,0.0,0.0
2008-04-03 00:00:00-04:00,153.1968994140625,153.1968994140625,153.1968994140625,153.1968994140625,0,0.0,0.0
2008-04-04 00:00:00-04:00,156.08245849609375,156.08245849609375,156.08245849609375,156.08245849609375,107,0.0,0.0
2008-04-07 00:00:00-04:00,155.6889475982289,156.08243004750398,154.77081298828125,154.77081298828125,1360,0.0,0.0
2008-04-08 00:00:00-04:00,154.77081298828125,154.77081298828125,154.77081298828125,154.77081298828125,67,0.0,0.0
2008-04-09 00:00:00-04:00,154.77081298828125,154.77081298828125,154.77081298828125,154.77081298828125,0,0.0,0.0
2008-04-10 00:00:00-04:00,154.77081298828125,154.77081298828125,154.77081298828125,154.77081298828125,0,0.0,0.0
2008-04-11 00:00:00-04:00,151.0982913083469,167.36233520507812,151.0982913083469,167.36233520507812,20,0.0,0.0
2008-04-14 00:00:00-04:00,167.36233520507812,167.36233520507812,167.36233520507812,167.36233520507812,0,0.0,0.0
2008-04-15 00:00:00-04:00,167.36233520507812,167.36233520507812,167.36233520507812,167.36233520507812,0,0.0,0.0
2008-04-16 00:00:00-04:00,150.8359578450521,150.8359578450521,147.55691528320312,147.55691528320312,180,0.0,0.0
2008-04-17 00:00:00-04:00,147.55691528320312,147.55691528320312,147.55691528320312,147.55691528320312,0,0.0,0.0
2008-04-18 00:00:00-04:00,150.8359832763672,150.8359832763672,150.8359832763672,150.8359832763672,33,0.0,0.0
2008-04-21 00:00:00-04:00,150.8359578450521,150.8359578450521,147.55691528320312,147.55691528320312,200,0.0,0.0
2008-04-22 00:00:00-04:00,147.55690637332148,151.22943115234375,147.55690637332148,151.22943115234375,347,0.0,0.0
2008-04-23 00:00:00-04:00,144.27787272135416,147.55691528320312,144.27787272135416,147.55691528320312,227,0.0,0.0
2008-04-24 00:00:00-04:00,144.2778707359236,144.40902709960938,144.2778707359236,144.40902709960938,20,0.0,0.0
2008-04-25 00:00:00-04:00,146.24531888094816,146.24531888094816,144.27789306640625,144.27789306640625,93,0.0,0.0
2008-04-28 00:00:00-04:00,144.27789306640625,144.27789306640625,144.27789306640625,144.27789306640625,0,0.0,0.0
2008-04-29 00:00:00-04:00,141.12998962402344,141.12998962402344,141.12998962402344,141.12998962402344,20,0.0,0.0
2008-04-30 00:00:00-04:00,147.55691528320312,147.55691528320312,147.4257589177125,147.55691528320312,153,0.0,0.0
2008-05-01 00:00:00-04:00,147.55691528320312,158.57450362799895,147.55691528320312,147.55691528320312,1267,0.0,0.0
2008-05-02 00:00:00-04:00,147.55691528320312,147.55691528320312,147.55691528320312,147.55691528320312,0,0.0,0.0
2008-05-05 00:00:00-04:00,133.78492125202976,151.4917490647984,127.88264531444021,133.26026916503906,333,0.0,0.0
2008-05-06 00:00:00-04:00,134.44077469916323,137.71981798450867,131.1617314138178,133.91612243652344,227,0.0,0.0
2008-05-07 00:00:00-04:00,132.47335458150724,137.45749792697256,131.1617372094131,134.44078063964844,313,0.0,0.0
2008-05-08 00:00:00-04:00,130.1124414795912,133.12915866256594,130.1124414795912,132.34219360351562,67,0.0,0.0
2008-05-09 00:00:00-04:00,132.60448614861195,132.60448614861195,131.16171264648438,131.16171264648438,207,0.0,0.0
2008-05-12 00:00:00-04:00,124.60363194037751,130.1124267578125,122.63620617289787,130.1124267578125,87,0.0,0.0
2008-05-13 00:00:00-04:00,125.2594118413237,127.22683715820312,123.42314287525349,127.22683715820312,40,0.0,0.0
2008-05-14 00:00:00-04:00,130.7682417419631,130.7682417419631,127.09571613156135,128.40733337402344,153,0.0,0.0
2008-05-15 00:00:00-04:00,128.40733337402344,128.40733337402344,128.40733337402344,128.40733337402344,0,0.0,0.0
2008-05-16 00:00:00-04:00,128.40733337402344,128.40733337402344,128.40733337402344,128.40733337402344,0,0.0,0.0
2008-05-19 00:00:00-04:00,128.40733337402344,128.40733337402344,128.40733337402344,128.40733337402344,0,0.0,0.0
2008-05-20 00:00:00-04:00,128.40733337402344,128.40733337402344,128.40733337402344,128.40733337402344,0,0.0,0.0
2008-05-21 00:00:00-04:00,128.40733337402344,128.40733337402344,128.40733337402344,128.40733337402344,0,0.0,0.0
2008-05-22 00:00:00-04:00,122.11156463623047,122.11156463623047,122.11156463623047,122.11156463623047,13,0.0,0.0
2008-05-23 00:00:00-04:00,123.94783418333843,123.94783418333843,122.11156463623047,122.11156463623047,33,0.0,0.0
2008-05-27 00:00:00-04:00,122.11156463623047,122.11156463623047,122.11156463623047,122.11156463623047,0,0.0,0.0
2008-05-28 00:00:00-04:00,122.11156526254574,122.11156526254574,121.32460021972656,121.32460021972656,73,0.0,0.0
2008-05-29 00:00:00-04:00,121.7180767496703,121.7180767496703,120.79994201660156,120.79994201660156,200,0.0,0.0
2008-05-30 00:00:00-04:00,118.04553775996952,119.3571548461914,114.24184287294247,119.3571548461914,93,0.0,0.0
2008-06-02 00:00:00-04:00,117.9143975870032,118.70136260986328,117.9143975870032,118.70136260986328,167,0.0,0.0
2008-06-03 00:00:00-04:00,118.70136260986328,118.70136260986328,118.70136260986328,118.70136260986328,0,0.0,0.0
2008-06-04 00:00:00-04:00,118.0455322265625,118.0455322265625,118.0455322265625,118.0455322265625,7,0.0,0.0
2008-06-05 00:00:00-04:00,123.42315669101146,123.42315669101146,114.37300722578334,118.0455322265625,260,0.0,0.0
2008-06-06 00:00:00-04:00,113.4548794459538,118.04553930792879,113.4548794459538,117.91438293457031,207,0.0,0.0
2008-06-09 00:00:00-04:00,117.91438293457031,117.91438293457031,117.91438293457031,117.91438293457031,0,0.0,0.0
2008-06-10 00:00:00-04:00,112.79906941508199,127.48918344925887,112.79906941508199,119.3571548461914,260,0.0,0.0
2008-06-11 00:00:00-04:00,112.72621154785156,112.72621154785156,112.72621154785156,112.72621154785156,13,1.5,0.0
2008-06-12 00:00:00-04:00,112.72621154785156,112.72621154785156,112.72621154785156,112.72621154785156,0,0.0,0.0
2008-06-13 00:00:00-04:00,119.22453545401254,119.35714911229861,106.75833892822266,106.75833892822266,73,0.0,0.0
2008-06-16 00:00:00-04:00,119.22455149218806,119.22455149218806,106.09525792738971,112.72621154785156,80,0.0,0.0
2008-06-17 00:00:00-04:00,118.56143782140634,119.35714673670131,116.0416704384596,119.22453308105469,180,0.0,0.0
2008-06-18 00:00:00-04:00,119.22453308105469,119.22453308105469,119.22453308105469,119.22453308105469,0,0.0,0.0
2008-06-19 00:00:00-04:00,116.1742919873429,119.88763648623565,116.1742919873429,119.3571548461914,207,0.0,0.0
2008-06-20 00:00:00-04:00,119.3571548461914,120.02025015089247,119.3571548461914,119.3571548461914,180,0.0,0.0
2008-06-23 00:00:00-04:00,119.35716033375195,125.98811368562706,116.57216532224805,121.74430084228516,667,0.0,0.0
2008-06-24 00:00:00-04:00,119.35716378348215,119.35716378348215,116.04168701171875,116.04168701171875,3487,0.0,0.0
2008-06-25 00:00:00-04:00,116.04168701171875,116.04168701171875,116.04168701171875,116.04168701171875,0,0.0,0.0
2008-06-26 00:00:00-04:00,111.4000173169513,119.35716141101925,111.4000173169513,114.05239868164062,247,0.0,0.0
2008-06-27 00:00:00-04:00,117.63310538286616,119.7550048828125,117.63310538286616,119.7550048828125,27,0.0,0.0
2008-06-30 00:00:00-04:00,121.74430436100988,121.74430436100988,116.04168701171875,116.04168701171875,820,0.0,0.0
2008-07-01 00:00:00-04:00,109.41072136549448,113.78714752197266,109.41072136549448,113.78714752197266,33,0.0,0.0
2008-07-02 00:00:00-04:00,113.78714752197266,113.78714752197266,113.78714752197266,113.78714752197266,0,0.0,0.0
2008-07-03 00:00:00-04:00,109.54335001645823,117.63311440270907,109.54335001645823,114.71549224853516,140,0.0,0.0
2008-07-07 00:00:00-04:00,109.41072743030392,113.78715382937433,107.55406188964844,107.55406188964844,447,0.0,0.0
2008-07-08 00:00:00-04:00,107.55406188964844,107.55406188964844,107.55406188964844,107.55406188964844,0,0.0,0.0
2008-07-09 00:00:00-04:00,107.42144012451172,107.42144012451172,107.42144012451172,107.42144012451172,33,0.0,0.0
2008-07-10 00:00:00-04:00,113.65455294393026,115.37859826585266,108.08454895019531,108.08454895019531,87,0.0,0.0
2008-07-11 00:00:00-04:00,110.07382202148438,110.07382202148438,110.07382202148438,110.07382202148438,7,0.0,0.0
2008-07-14 00:00:00-04:00,110.07382202148438,110.07382202148438,110.07382202148438,110.07382202148438,0,0.0,0.0
2008-07-15 00:00:00-04:00,107.02359868801713,107.28883279691279,105.29954662609727,105.43216705322266,467,0.0,0.0
2008-07-16 00:00:00-04:00,105.8300045497832,106.09524536132812,101.98405325450585,106.09524536132812,267,0.0,0.0
2008-07-17 00:00:00-04:00,106.75835205078126,116.04168701171875,106.75835205078126,116.04168701171875,1447,0.0,0.0
2008-07-18 00:00:00-04:00,116.04168701171875,116.04168701171875,116.04168701171875,116.04168701171875,0,0.0,0.0
2008-07-21 00:00:00-04:00,118.4288187214682,121.21382709563778,117.63310975211034,119.3571548461914,180,0.0,0.0
2008-07-22 00:00:00-04:00,119.3571548461914,119.3571548461914,114.71548771328396,119.3571548461914,127,0.0,0.0
2008-07-23 00:00:00-04:00,119.3571548461914,119.3571548461914,119.3571548461914,119.3571548461914,0,0.0,0.0
2008-07-24 00:00:00-04:00,119.3571548461914,119.3571548461914,119.3571548461914,119.3571548461914,0,0.0,0.0
2008-07-25 00:00:00-04:00,115.11334674894317,115.11334674894317,114.71549224853516,114.71549224853516,27,0.0,0.0
2008-07-28 00:00:00-04:00,114.71549224853516,114.71549224853516,114.71549224853516,114.71549224853516,0,0.0,0.0
2008-07-29 00:00:00-04:00,113.12406921386719,113.12406921386719,112.72621468371374,113.12406921386719,53,0.0,0.0
2008-07-30 00:00:00-04:00,119.35716033375195,121.74430084228516,119.35716033375195,121.74430084228516,20,0.0,0.0
2008-07-31 00:00:00-04:00,112.8588284829115,116.5721664428711,112.7262080655282,116.5721664428711,40,0.0,0.0
2008-08-01 00:00:00-04:00,116.5721664428711,116.5721664428711,116.5721664428711,116.5721664428711,0,0.0,0.0
2008-08-04 00:00:00-04:00,112.72619836510894,112.85881877107988,109.94119682113543,111.26738739013672,193,0.0,0.0
2008-08-05 00:00:00-04:00,111.0021672065862,111.13478088378906,111.0021672065862,111.13478088378906,133,0.0,0.0
2008-08-06 00:00:00-04:00,109.41071846242153,111.66524505615234,109.41071846242153,111.66524505615234,80,0.0,0.0
2008-08-07 00:00:00-04:00,118.16358619384711,118.16358619384711,109.94120788574219,109.94120788574219,27,0.0,0.0
2008-08-08 00:00:00-04:00,107.55406487590909,107.55406487590909,103.57549285888672,103.57549285888672,107,0.0,0.0
2008-08-11 00:00:00-04:00,103.57549285888672,103.57549285888672,103.57549285888672,103.57549285888672,0,0.0,0.0
2008-08-12 00:00:00-04:00,103.57549285888672,103.57549285888672,103.57549285888672,103.57549285888672,0,0.0,0.0
2008-08-13 00:00:00-04:00,103.57549285888672,103.57549285888672,103.57549285888672,103.57549285888672,0,0.0,0.0
2008-08-14 00:00:00-04:00,103.57549285888672,103.57549285888672,103.57549285888672,103.57549285888672,0,0.0,0.0
2008-08-15 00:00:00-04:00,103.57549285888672,103.57549285888672,103.57549285888672,103.57549285888672,0,0.0,0.0
2008-08-18 00:00:00-04:00,103.57549285888672,103.57549285888672,103.57549285888672,103.57549285888672,0,0.0,0.0
2008-08-19 00:00:00-04:00,112.06310587594159,112.06310587594159,107.288818359375,107.288818359375,27,0.0,0.0
2008-08-20 00:00:00-04:00,106.09523705633116,106.09523705633116,102.51452010753857,102.64714050292969,113,0.0,0.0
2008-08-21 00:00:00-04:00,102.64714050292969,102.64714050292969,102.64714050292969,102.64714050292969,13,0.0,0.0
2008-08-22 00:00:00-04:00,102.64715345897356,103.04501469536466,92.96596455377262,95.48572540283203,700,0.0,0.0
2008-08-25 00:00:00-04:00,96.28144608238873,108.61501688314293,94.29216003417969,94.29216003417969,107,0.0,0.0
2008-08-26 00:00:00-04:00,99.26904878984499,104.24595519379302,96.17530059814453,96.17530059814453,47,1.5,0.0
2008-08-27 00:00:00-04:00,103.16987844397114,103.43889617919922,103.16987844397114,103.43889617919922,27,0.0,0.0
2008-08-28 00:00:00-04:00,103.43890147703372,103.43890147703372,99.53808596301525,103.16988372802734,113,0.0,0.0
2008-08-29 00:00:00-04:00,103.97694215849107,104.2459667447868,99.40357208251953,99.40357208251953,240,0.0,0.0
2008-09-02 00:00:00-04:00,94.15764160045481,104.64949035644531,94.15764160045481,104.64949035644531,13,0.0,0.0
2008-09-03 00:00:00-04:00,86.22149892979634,104.6494904035117,86.22149892979634,99.53807830810547,460,0.0,0.0
2008-09-04 00:00:00-04:00,99.53808471679687,103.57341247558594,94.29215999868698,100.88319396972656,680,0.0,0.0
2008-09-05 00:00:00-04:00,100.88319396972656,104.64949714129791,97.52042083740234,100.88319396972656,253,0.0,0.0
2008-09-08 00:00:00-04:00,101.01769905891682,107.60873255989456,98.19296846090378,107.4742202758789,300,0.0,0.0
2008-09-09 00:00:00-04:00,102.22830526483882,106.93618774414062,102.22830526483882,106.93618774414062,280,0.0,0.0
2008-09-10 00:00:00-04:00,106.93618069419378,106.93618069419378,106.26362609863281,106.26362609863281,180,0.0,0.0
2008-09-11 00:00:00-04:00,107.47422694678922,107.47422694678922,106.1291177062998,106.66716003417969,60,0.0,0.0
2008-09-12 00:00:00-04:00,107.87775986461078,107.87775986461078,100.88318933414507,106.26362609863281,193,0.0,0.0
2008-09-15 00:00:00-04:00,106.26362609863281,106.26362609863281,106.26362609863281,106.26362609863281,0,0.0,0.0
2008-09-16 00:00:00-04:00,106.26362609863281,106.26362609863281,106.26362609863281,106.26362609863281,0,0.0,0.0
2008-09-17 00:00:00-04:00,98.05846405029297,98.05846405029297,98.05846405029297,98.05846405029297,13,0.0,0.0
2008-09-18 00:00:00-04:00,97.9239501953125,97.9239501953125,97.9239501953125,97.9239501953125,27,0.0,0.0
2008-09-19 00:00:00-04:00,98.73100519677828,108.01225648921391,98.73100519677828,107.60872650146484,300,0.0,0.0
2008-09-22 00:00:00-04:00,104.91850676148206,105.32203674316406,104.91850676148206,105.32203674316406,47,0.0,0.0
2008-09-23 00:00:00-04:00,105.32205418603012,105.32205418603012,104.2459694956105,104.78401184082031,113,0.0,0.0
2008-09-24 00:00:00-04:00,104.2459487915039,104.2459487915039,104.2459487915039,104.2459487915039,147,0.0,0.0
2008-09-25 00:00:00-04:00,104.2459487915039,104.2459487915039,104.2459487915039,104.2459487915039,0,0.0,0.0
2008-09-26 00:00:00-04:00,100.88319396972656,100.88319396972656,100.88319396972656,100.88319396972656,80,0.0,0.0
2008-09-29 00:00:00-04:00,97.52042393347692,97.52042393347692,90.7948774553061,93.88862609863281,413,0.0,0.0
2008-09-30 00:00:00-04:00,90.92937311310735,90.92937311310735,78.01632486979166,90.79486083984375,2293,0.0,0.0
2008-10-01 00:00:00-04:00,90.79487020319159,90.79487020319159,88.77720642089844,88.77720642089844,800,0.0,0.0
2008-10-02 00:00:00-04:00,88.77720642089844,88.77720642089844,88.77720642089844,88.77720642089844,60,0.0,0.0
2008-10-03 00:00:00-04:00,90.79486083984375,90.79486083984375,90.79486083984375,90.79486083984375,327,0.0,0.0
2008-10-06 00:00:00-04:00,87.43209682019213,87.43209682019213,84.06932386556936,87.2975845336914,280,0.0,0.0
2008-10-07 00:00:00-04:00,87.43209075927734,87.43209075927734,87.43209075927734,87.43209075927734,7,0.0,0.0
2008-10-08 00:00:00-04:00,87.02855935346304,87.43208933684785,79.36143493652344,79.36143493652344,80,0.0,0.0
2008-10-09 00:00:00-04:00,77.34377446273919,79.36143814437587,77.34377446273919,77.47828674316406,280,0.0,0.0
2008-10-10 00:00:00-04:00,74.25002226788136,74.25002226788136,70.61822509765625,70.61822509765625,160,0.0,0.0
2008-10-13 00:00:00-04:00,86.35601187664628,87.43209648132324,80.70655059814453,80.70655059814453,420,0.0,0.0
2008-10-14 00:00:00-04:00,80.70655091094659,87.43209682019213,80.70655091094659,87.2975845336914,167,0.0,0.0
2008-10-15 00:00:00-04:00,81.11007785418877,87.43209350585937,81.11007785418877,84.06932067871094,167,0.0,0.0
2008-10-16 00:00:00-04:00,84.06932067871094,84.06932067871094,84.06932067871094,84.06932067871094,0,0.0,0.0
2008-10-17 00:00:00-04:00,80.7065478515625,84.06932067871094,80.7065478515625,84.06932067871094,307,0.0,0.0
2008-10-20 00:00:00-04:00,84.06932067871094,84.06932067871094,84.06932067871094,84.06932067871094,0,0.0,0.0
2008-10-21 00:00:00-04:00,80.84105810456987,90.39133406235987,80.84105810456987,84.60736083984375,40,0.0,0.0
2008-10-22 00:00:00-04:00,90.39134216308594,90.39134216308594,90.39134216308594,90.39134216308594,13,0.0,0.0
2008-10-23 00:00:00-04:00,87.43209075927734,87.43209075927734,87.43209075927734,87.43209075927734,113,0.0,0.0
2008-10-24 00:00:00-04:00,90.52584177020441,90.52584177020441,84.06932067871094,84.06932067871094,180,0.0,0.0
2008-10-27 00:00:00-04:00,87.43209075927734,90.79486348078801,87.43209075927734,87.43209075927734,100,0.0,0.0
2008-10-28 00:00:00-04:00,90.66035461425781,90.66035461425781,90.66035461425781,90.66035461425781,27,0.0,0.0
2008-10-29 00:00:00-04:00,90.66035461425781,90.66035461425781,90.66035461425781,90.66035461425781,13,0.0,0.0
2008-10-30 00:00:00-04:00,89.31524931378699,89.31524931378699,87.43209780627535,88.10465240478516,67,0.0,0.0
2008-10-31 00:00:00-04:00,90.66035461425781,90.66035461425781,90.66035461425781,90.66035461425781,13,0.0,0.0
2008-11-03 00:00:00-05:00,90.66035461425781,90.66035461425781,90.66035461425781,90.66035461425781,0,0.0,0.0
2008-11-04 00:00:00-05:00,94.02313995361328,94.02313995361328,94.02313995361328,94.02313995361328,13,0.0,0.0
2008-11-05 00:00:00-05:00,94.02313995361328,94.02313995361328,94.02313995361328,94.02313995361328,0,0.0,0.0
2008-11-06 00:00:00-05:00,87.43209075927734,87.43209075927734,87.43209075927734,87.43209075927734,33,0.0,0.0
2008-11-07 00:00:00-05:00,87.43209075927734,87.43209075927734,87.43209075927734,87.43209075927734,0,0.0,0.0
2008-11-10 00:00:00-05:00,87.70111531362964,87.70111531362964,87.43209075927734,87.43209075927734,33,0.0,0.0
2008-11-11 00:00:00-05:00,87.43209075927734,87.43209075927734,87.43209075927734,87.43209075927734,0,0.0,0.0
2008-11-12 00:00:00-05:00,87.43209075927734,87.43209075927734,87.43209075927734,87.43209075927734,0,0.0,0.0
2008-11-13 00:00:00-05:00,87.70111531362964,87.70111531362964,87.43209075927734,87.43209075927734,67,0.0,0.0
2008-11-14 00:00:00-05:00,87.43209644233936,97.52041526260928,87.43209644233936,96.71334838867188,140,0.0,0.0
2008-11-17 00:00:00-05:00,96.84786224365234,96.84786224365234,96.84786224365234,96.84786224365234,7,0.0,0.0
2008-11-18 00:00:00-05:00,87.43209075927734,87.83562074922717,87.43209075927734,87.43209075927734,53,0.0,0.0
2008-11-19 00:00:00-05:00,95.2337250144721,95.2337250144721,87.56660696996619,87.83562469482422,180,0.0,0.0
2008-11-20 00:00:00-05:00,87.56661380491508,87.70112609863281,87.56661380491508,87.70112609863281,13,0.0,0.0
2008-11-21 00:00:00-05:00,87.43209075927734,87.43209075927734,87.43209075927734,87.43209075927734,173,0.0,0.0
2008-11-24 00:00:00-05:00,87.43209682019213,87.56660910669287,77.3437779563238,87.2975845336914,833,0.0,0.0
2008-11-25 00:00:00-05:00,79.10062734931525,81.28648376464844,78.55416498264344,81.28648376464844,113,1.5,0.0
2008-11-26 00:00:00-05:00,75.2753864834182,76.64154592250512,75.2753864834182,76.50492858886719,100,0.0,0.0
2008-11-28 00:00:00-05:00,76.50492858886719,76.50492858886719,76.50492858886719,76.50492858886719,0,0.0,0.0
2008-12-01 00:00:00-05:00,76.50492858886719,76.50492858886719,76.50492858886719,76.50492858886719,0,0.0,0.0
2008-12-02 00:00:00-05:00,75.13876914978027,76.50492858886719,75.13876914978027,76.50492858886719,167,0.0,0.0
2008-12-03 00:00:00-05:00,76.64154592250512,76.64154592250512,76.50492858886719,76.50492858886719,233,0.0,0.0
2008-12-04 00:00:00-05:00,76.50492858886719,81.55972129294726,76.50492858886719,76.50492858886719,80,0.0,0.0
2008-12-05 00:00:00-05:00,76.50492858886719,76.50492858886719,76.50492858886719,76.50492858886719,67,0.0,0.0
2008-12-08 00:00:00-05:00,71.85998788570092,76.50492858886719,71.85998788570092,76.50492858886719,60,0.0,0.0
2008-12-09 00:00:00-05:00,68.85443434025122,85.658199610208,66.94181251525879,76.50492858886719,713,0.0,0.0
2008-12-10 00:00:00-05:00,77.87108381404433,88.11727905273438,77.87108381404433,88.11727905273438,93,0.0,0.0
2008-12-11 00:00:00-05:00,76.64154592250512,76.64154592250512,76.50492858886719,76.50492858886719,473,0.0,0.0
2008-12-12 00:00:00-05:00,78.55416774749756,78.55416774749756,71.72337055206299,76.50492858886719,200,0.0,0.0
2008-12-15 00:00:00-05:00,81.0132606222173,83.0625,76.50493677055415,83.0625,267,0.0,0.0
2008-12-16 00:00:00-05:00,82.78926885660644,83.33573127853965,76.50493363275771,81.83295440673828,227,0.0,0.0
2008-12-17 00:00:00-05:00,81.83295440673828,81.83295440673828,81.83295440673828,81.83295440673828,0,0.0,0.0
2008-12-18 00:00:00-05:00,81.83295440673828,81.83295440673828,81.83295440673828,81.83295440673828,0,0.0,0.0
2008-12-19 00:00:00-05:00,88.80036926269531,88.80036926269531,88.80036926269531,88.80036926269531,13,0.0,0.0
2008-12-22 00:00:00-05:00,76.64154377645761,86.75112195289222,76.64154377645761,78.82740020751953,33,0.0,0.0
2008-12-23 00:00:00-05:00,76.64154592250512,76.64154592250512,76.50492858886719,76.50492858886719,147,0.0,0.0
2008-12-24 00:00:00-05:00,75.13876342773438,75.13876342773438,75.13876342773438,75.13876342773438,7,0.0,0.0
2008-12-26 00:00:00-05:00,85.2483390399584,85.38495635986328,85.2483390399584,85.38495635986328,67,0.0,0.0
2008-12-29 00:00:00-05:00,77.32462071599441,85.11172485351562,77.32462071599441,85.11172485351562,80,0.0,0.0
2008-12-30 00:00:00-05:00,77.05139308407587,77.18801042145374,66.94181434780944,69.67413330078125,4713,0.0,0.0
2008-12-31 00:00:00-05:00,68.30797576904297,72.26983697391813,68.30797576904297,68.30797576904297,887,0.0,0.0
2009-01-02 00:00:00-05:00,68.30797929030199,71.04029846191406,68.30797929030199,71.04029846191406,147,0.0,0.0
2009-01-05 00:00:00-05:00,69.12767150222378,70.63044832918122,69.12767150222378,70.22059631347656,47,0.0,0.0
2009-01-06 00:00:00-05:00,69.81074615082801,70.22059118797098,68.58120409075312,69.40089416503906,307,0.0,0.0
2009-01-07 00:00:00-05:00,68.4445896215257,68.4445896215257,67.07843017578125,67.07843017578125,107,0.0,0.0
2009-01-08 00:00:00-05:00,67.07842648955534,67.07842648955534,61.88701671182729,63.1165657043457,280,0.0,0.0
2009-01-09 00:00:00-05:00,65.7122756690763,65.84889301364838,63.66303634643555,63.66303634643555,133,0.0,0.0
2009-01-12 00:00:00-05:00,65.43903083059858,65.43903083059858,63.52640914916992,63.52640914916992,207,0.0,0.0
2009-01-13 00:00:00-05:00,64.89256994614175,64.89256994614175,60.65747451782227,60.657474517822266,413,0.0,0.0
2009-01-14 00:00:00-05:00,63.52640914916992,63.52640914916992,63.52640914916992,63.52640914916992,173,0.0,0.0
2009-01-15 00:00:00-05:00,60.384256719036216,62.570106506347656,60.2476393701675,62.570106506347656,247,0.0,0.0
2009-01-16 00:00:00-05:00,60.38424457970467,60.38424457970467,60.24762725830078,60.24762725830078,387,0.0,0.0
2009-01-20 00:00:00-05:00,65.02918780788742,71.8599847005511,65.02918780788742,71.31352233886719,93,0.0,0.0
2009-01-21 00:00:00-05:00,52.187281441751445,65.02918017776356,52.187281441751445,64.89256286621094,120,0.0,0.0
2009-01-22 00:00:00-05:00,69.81074549488646,69.81074549488646,63.38979364900463,68.85443115234375,107,0.0,0.0
2009-01-23 00:00:00-05:00,68.30797576904297,68.30797576904297,68.30797576904297,68.30797576904297,100,0.0,0.0
2009-01-26 00:00:00-05:00,68.30797576904297,68.30797576904297,68.30797576904297,68.30797576904297,0,0.0,0.0
2009-01-27 00:00:00-05:00,62.16025748728807,68.58120994125777,62.16025748728807,65.30242156982422,207,0.0,0.0
2009-01-28 00:00:00-05:00,68.30797291765309,68.30797291765309,65.57565400094697,67.62489318847656,60,0.0,0.0
2009-01-29 00:00:00-05:00,62.16024915351235,69.67412542481604,61.88701450964305,62.97994613647461,207,0.0,0.0
2009-01-30 00:00:00-05:00,69.67413330078125,69.67413330078125,69.67413330078125,69.67413330078125,67,0.0,0.0
2009-02-02 00:00:00-05:00,69.67413633369985,78.5541733174067,69.67413633369985,71.85999298095703,367,0.0,0.0
2009-02-03 00:00:00-05:00,70.22059631347656,70.22059631347656,70.22059631347656,70.22059631347656,13,0.0,0.0
2009-02-04 00:00:00-05:00,69.67413505564443,81.28649089825184,69.67413505564443,78.28093719482422,67,0.0,0.0
2009-02-05 00:00:00-05:00,75.13876342773438,75.13876342773438,75.13876342773438,75.13876342773438,47,0.0,0.0
2009-02-06 00:00:00-05:00,71.7233657836914,71.7233657836914,70.63044108454109,71.7233657836914,153,0.0,0.0
2009-02-09 00:00:00-05:00,71.7233657836914,71.7233657836914,71.7233657836914,71.7233657836914,0,0.0,0.0
2009-02-10 00:00:00-05:00,74.4556877109695,74.59230504145279,68.44458770751953,68.44458770751953,107,0.0,0.0
2009-02-11 00:00:00-05:00,69.67413631567295,76.50493399368011,68.30797678007153,76.36831665039062,73,0.0,0.0
2009-02-12 00:00:00-05:00,68.30797459726237,81.83295217779101,68.30797459726237,81.69633483886719,47,0.0,0.0
2009-02-13 00:00:00-05:00,68.85443326013471,68.85443326013471,59.42793466803733,60.79409408569336,447,0.0,0.0
2009-02-17 00:00:00-05:00,81.8329443219597,81.8329443219597,58.06177283383601,72.26982879638672,1193,0.0,0.0
2009-02-18 00:00:00-05:00,72.40645171831801,81.28648824980984,72.40645171831801,79.10063171386719,47,0.0,0.0
2009-02-19 00:00:00-05:00,79.10063171386719,79.10063171386719,79.10063171386719,79.10063171386719,0,0.0,0.0
2009-02-20 00:00:00-05:00,77.46125030517578,77.46125030517578,77.46125030517578,77.46125030517578,7,0.0,0.0
2009-02-23 00:00:00-05:00,58.471620253055335,68.71781587791172,58.06177520751953,58.06177520751953,240,0.0,0.0
2009-02-24 00:00:00-05:00,67.62489433288575,67.62489433288575,55.19284166175726,61.477176666259766,27,0.0,0.0
2009-02-25 00:00:00-05:00,59.38136529922485,59.38136529922485,55.888343811035156,55.888343811035156,133,1.5,0.0
2009-02-26 00:00:00-05:00,55.888343811035156,55.888343811035156,55.888343811035156,55.888343811035156,133,0.0,0.0
2009-02-27 00:00:00-05:00,55.888343811035156,55.888343811035156,55.888343811035156,55.888343811035156,47,0.0,0.0
2009-03-02 00:00:00-05:00,55.88834126790364,55.88834126790364,41.916255950927734,41.916255950927734,433,0.0,0.0
2009-03-03 00:00:00-05:00,52.674760934342174,52.674760934342174,41.916255950927734,41.916255950927734,413,0.0,0.0
2009-03-04 00:00:00-05:00,37.02602738600511,45.409278869628906,35.62881880540114,45.409278869628906,653,0.0,0.0
2009-03-05 00:00:00-05:00,48.90229567041937,60.499122943919524,34.23160696929356,37.026023864746094,640,0.0,0.0
2009-03-06 00:00:00-05:00,37.02602368309385,37.02602368309385,29.34137725830078,29.34137725830078,347,0.0,0.0
2009-03-09 00:00:00-04:00,30.73858642578125,30.73858642578125,21.65673134543679,23.053939819335938,1373,0.0,0.0
2009-03-10 00:00:00-04:00,20.958129458334543,26.96612728038084,20.958129458334543,23.89226722717285,100,0.0,0.0
2009-03-11 00:00:00-04:00,30.179707003844765,30.179707003844765,24.87031364440918,24.87031364440918,40,0.0,0.0
2009-03-12 00:00:00-04:00,24.870313706567686,28.642776203155517,24.870313706567686,27.944171905517578,53,0.0,0.0
2009-03-13 00:00:00-04:00,32.834399834201484,43.3134636110743,32.834399834201484,41.63681411743164,227,0.0,0.0
2009-03-16 00:00:00-04:00,48.90229658647017,48.90229658647017,40.65876801177916,46.107879638671875,240,0.0,0.0
2009-03-17 00:00:00-04:00,34.511051662972854,46.806488037109375,34.511051662972854,46.806488037109375,233,0.0,0.0
2009-03-18 00:00:00-04:00,60.219688354558976,60.91829261132516,41.91625540597098,48.90229797363281,80,0.0,0.0
2009-03-19 00:00:00-04:00,60.49912596809776,61.337452499952995,54.351409912109375,54.351409912109375,140,0.0,0.0
2009-03-20 00:00:00-04:00,44.431230836960545,45.54899834324781,44.431230836960545,44.57094955444336,313,0.0,0.0
2009-03-23 00:00:00-04:00,35.62881987435477,39.12184143066406,35.48909759078829,39.12184143066406,747,0.0,0.0
2009-03-24 00:00:00-04:00,41.916259958898834,44.431236267089844,41.916259958898834,44.431236267089844,507,0.0,0.0
2009-03-25 00:00:00-04:00,41.91625436212219,44.9901123046875,41.91625436212219,44.9901123046875,120,0.0,0.0
2009-03-26 00:00:00-04:00,41.9162567831929,42.19569778442383,41.9162567831929,42.19569778442383,27,0.0,0.0
2009-03-27 00:00:00-04:00,48.06397247314453,48.06397247314453,48.06397247314453,48.06397247314453,13,0.0,0.0
2009-03-30 00:00:00-04:00,41.49709268076145,41.916255950927734,41.217651685078934,41.916255950927734,80,0.0,0.0
2009-03-31 00:00:00-04:00,47.64480972290039,47.64480972290039,47.64480972290039,47.64480972290039,13,0.0,0.0
2009-04-01 00:00:00-04:00,40.798491527478255,48.48313903808594,40.798491527478255,48.48313903808594,93,0.0,0.0
2009-04-02 00:00:00-04:00,41.497089877593595,41.497089877593595,41.07792663574219,41.07792663574219,47,0.0,0.0
2009-04-03 00:00:00-04:00,46.666765418980866,55.88834352131131,46.666765418980866,55.18973922729492,120,0.0,0.0
2009-04-06 00:00:00-04:00,47.92425537109375,47.92425537109375,47.92425537109375,47.92425537109375,13,0.0,0.0
2009-04-07 00:00:00-04:00,62.03605446584257,64.27158943263964,41.217649744844984,60.778568267822266,153,0.0,0.0
2009-04-08 00:00:00-04:00,64.13186977258523,64.13186977258523,47.78453076715027,49.60090255737305,113,0.0,0.0
2009-04-09 00:00:00-04:00,56.586942878223574,56.586942878223574,54.91029342952578,56.02806091308594,127,0.0,0.0
2009-04-13 00:00:00-04:00,63.712711264988506,87.32553432521172,63.15382926662119,82.99418640136719,447,0.0,0.0
2009-04-14 00:00:00-04:00,87.32552785211348,87.32552785211348,83.97222900390625,83.97222900390625,327,0.0,0.0
2009-04-15 00:00:00-04:00,73.07400034229751,77.68479257010657,73.07400034229751,76.84646606445312,620,0.0,0.0
2009-04-16 00:00:00-04:00,72.65484064275569,76.84646606445312,72.65484064275569,76.84646606445312,27,0.0,0.0
2009-04-17 00:00:00-04:00,76.84646606445312,76.84646606445312,76.84646606445312,76.84646606445312,0,0.0,0.0
2009-04-20 00:00:00-04:00,66.36739961393587,66.36739961393587,63.43326052547955,63.57298278808594,27,0.0,0.0
2009-04-21 00:00:00-04:00,72.65484265246566,87.04608748907606,63.29354277576998,86.4872055053711,707,0.0,0.0
2009-04-22 00:00:00-04:00,73.6328970198743,87.3255386352539,73.6328970198743,87.3255386352539,207,0.0,0.0
2009-04-23 00:00:00-04:00,82.15586169688508,82.15586169688508,81.73670196533203,81.73670196533203,33,0.0,0.0
2009-04-24 00:00:00-04:00,83.83251190185547,83.83251190185547,83.83251190185547,83.83251190185547,7,0.0,0.0
2009-04-27 00:00:00-04:00,83.83251190185547,83.83251190185547,83.83251190185547,83.83251190185547,0,0.0,0.0
2009-04-28 00:00:00-04:00,83.83251190185547,83.83251190185547,83.83251190185547,83.83251190185547,0,0.0,0.0
2009-04-29 00:00:00-04:00,78.103954898204,82.57502500778116,78.103954898204,82.435302734375,333,0.0,0.0
2009-04-30 00:00:00-04:00,83.83251190185547,83.83251190185547,83.83251190185547,83.83251190185547,20,0.0,0.0
2009-05-01 00:00:00-04:00,87.18580558623617,87.18580558623617,83.97222900390625,83.97222900390625,20,0.0,0.0
2009-05-04 00:00:00-04:00,75.16981269819867,80.89836883544922,75.16981269819867,80.89836883544922,100,0.0,0.0
2009-05-05 00:00:00-04:00,75.58898076709487,83.69278717041016,75.58898076709487,83.69278717041016,160,0.0,0.0
2009-05-06 00:00:00-04:00,84.81056134932791,85.22972106933594,84.81056134932791,85.22972106933594,127,0.0,0.0
2009-05-07 00:00:00-04:00,83.83250954258693,83.83250954258693,76.00814056396484,76.00814056396484,120,0.0,0.0
2009-05-08 00:00:00-04:00,83.83251190185547,83.83251190185547,83.83251190185547,83.83251190185547,33,0.0,0.0
2009-05-11 00:00:00-04:00,83.83251190185547,83.83251190185547,83.83251190185547,83.83251190185547,67,0.0,0.0
2009-05-12 00:00:00-04:00,83.83251190185547,83.83251190185547,83.83251190185547,83.83251190185547,0,0.0,0.0
2009-05-13 00:00:00-04:00,83.83251190185547,87.32553323109944,82.57502564464166,83.83251190185547,140,0.0,0.0
2009-05-14 00:00:00-04:00,83.83251190185547,83.83251190185547,83.83251190185547,83.83251190185547,0,0.0,0.0
2009-05-15 00:00:00-04:00,83.83251190185547,83.83251190185547,83.83251190185547,83.83251190185547,0,0.0,0.0
2009-05-18 00:00:00-04:00,83.83251190185547,83.83251190185547,83.83251190185547,83.83251190185547,7,0.0,0.0
2009-05-19 00:00:00-04:00,83.83251190185547,83.83251190185547,83.83251190185547,83.83251190185547,53,0.0,0.0
2009-05-20 00:00:00-04:00,83.83251190185547,83.83251190185547,83.83251190185547,83.83251190185547,0,0.0,0.0
2009-05-21 00:00:00-04:00,83.83251190185547,83.83251190185547,83.83251190185547,83.83251190185547,0,0.0,0.0
2009-05-22 00:00:00-04:00,78.3833999633789,78.3833999633789,78.3833999633789,78.3833999633789,7,0.0,0.0
2009-05-26 00:00:00-04:00,78.3833999633789,78.3833999633789,78.3833999633789,78.3833999633789,0,0.0,0.0
2009-05-27 00:00:00-04:00,74.75066187700395,77.82452371270524,69.86043166075135,72.37540435791016,113,0.0,0.0
2009-05-28 00:00:00-04:00,66.9262850186592,85.9283218383789,66.9262850186592,85.9283218383789,180,0.0,0.0
2009-05-29 00:00:00-04:00,83.83251272070561,86.62692981139578,73.9123306274414,73.9123306274414,47,0.0,0.0
2009-06-01 00:00:00-04:00,75.33646392822266,75.33646392822266,75.33646392822266,75.33646392822266,0,1.5,0.0
2009-06-02 00:00:00-04:00,75.33646392822266,75.33646392822266,75.33646392822266,75.33646392822266,0,0.0,0.0
2009-06-03 00:00:00-04:00,74.3395715532307,74.76680755615234,74.3395715532307,74.76680755615234,47,0.0,0.0
2009-06-04 00:00:00-04:00,74.76680755615234,74.76680755615234,74.76680755615234,74.76680755615234,0,0.0,0.0
2009-06-05 00:00:00-04:00,74.76680755615234,74.76680755615234,74.76680755615234,74.76680755615234,0,0.0,0.0
2009-06-08 00:00:00-04:00,74.76680755615234,74.76680755615234,74.76680755615234,74.76680755615234,0,0.0,0.0
2009-06-09 00:00:00-04:00,69.07028407849806,75.47886713732778,56.68035755577703,71.0640640258789,827,0.0,0.0
2009-06-10 00:00:00-04:00,71.06406413696672,71.20647854275174,58.104487215235174,64.08583068847656,333,0.0,0.0
2009-06-11 00:00:00-04:00,64.37066253724332,67.5037433948538,61.37998884863947,65.79479217529297,153,0.0,0.0
2009-06-12 00:00:00-04:00,67.64615921747117,74.76680755615234,67.64615921747117,74.76680755615234,13,0.0,0.0
2009-06-15 00:00:00-04:00,80.74815341009447,80.74815341009447,71.20648193359375,71.20648193359375,93,0.0,0.0
2009-06-16 00:00:00-04:00,84.87812805175781,84.87812805175781,84.87812805175781,84.87812805175781,53,0.0,0.0
2009-06-17 00:00:00-04:00,84.87812805175781,84.87812805175781,84.87812805175781,84.87812805175781,0,0.0,0.0
2009-06-18 00:00:00-04:00,88.2960433959961,88.2960433959961,88.2960433959961,88.2960433959961,13,0.0,0.0
2009-06-19 00:00:00-04:00,72.48819863907475,85.16295123322763,72.48819863907475,74.76680755615234,480,0.0,0.0
2009-06-22 00:00:00-04:00,74.76680755615234,74.76680755615234,74.76680755615234,74.76680755615234,0,0.0,0.0
2009-06-23 00:00:00-04:00,74.76680755615234,74.76680755615234,74.76680755615234,74.76680755615234,0,0.0,0.0
2009-06-24 00:00:00-04:00,74.76680755615234,74.76680755615234,74.76680755615234,74.76680755615234,0,0.0,0.0
2009-06-25 00:00:00-04:00,74.76680755615234,74.76680755615234,74.76680755615234,74.76680755615234,0,0.0,0.0
2009-06-26 00:00:00-04:00,74.76680755615234,74.76680755615234,65.50996471586681,74.76680755615234,53,0.0,0.0
2009-06-29 00:00:00-04:00,74.76680755615234,74.76680755615234,74.76680755615234,74.76680755615234,0,0.0,0.0
2009-06-30 00:00:00-04:00,74.76680755615234,74.76680755615234,74.76680755615234,74.76680755615234,0,0.0,0.0
2009-07-01 00:00:00-04:00,88.58086673654077,88.58086673654077,86.15984344482422,86.15984344482422,1347,0.0,0.0
2009-07-02 00:00:00-04:00,86.15984344482422,86.15984344482422,86.15984344482422,86.15984344482422,0,0.0,0.0
2009-07-06 00:00:00-04:00,86.15984344482422,86.15984344482422,86.15984344482422,86.15984344482422,0,0.0,0.0
2009-07-07 00:00:00-04:00,72.06095886230469,72.06095886230469,72.06095886230469,72.06095886230469,20,0.0,0.0
2009-07-08 00:00:00-04:00,72.06096300017704,72.20337741636969,71.91854858398438,71.91854858398438,47,0.0,0.0
2009-07-09 00:00:00-04:00,71.91854858398438,71.91854858398438,71.91854858398438,71.91854858398438,0,0.0,0.0
2009-07-10 00:00:00-04:00,71.91854858398438,71.91854858398438,71.91854858398438,71.91854858398438,0,0.0,0.0
2009-07-13 00:00:00-04:00,75.05163638709881,75.47887239002046,74.76680755615234,74.76680755615234,180,0.0,0.0
2009-07-14 00:00:00-04:00,68.3582261742347,98.1225357055664,68.3582261742347,98.1225357055664,220,0.0,0.0
2009-07-15 00:00:00-04:00,92.56842633749518,92.56842633749518,79.181609208157,87.72638702392578,333,0.0,0.0
2009-07-16 00:00:00-04:00,85.44778250611849,85.44778250611849,71.20648542176541,71.3488998413086,87,0.0,0.0
2009-07-17 00:00:00-04:00,83.88124026069158,85.44778442382812,73.76991765517224,85.44778442382812,627,0.0,0.0
2009-07-20 00:00:00-04:00,73.20026720771307,85.44778442382812,73.20026720771307,85.44778442382812,93,0.0,0.0
2009-07-21 00:00:00-04:00,80.46332550048828,80.46332550048828,80.46332550048828,80.46332550048828,13,0.0,0.0
2009-07-22 00:00:00-04:00,98.83460658552796,107.80662866384097,86.87191772460938,86.87191772460938,33,0.0,0.0
2009-07-23 00:00:00-04:00,85.44778393160912,88.2960433959961,85.44778393160912,88.2960433959961,887,0.0,0.0
2009-07-24 00:00:00-04:00,88.2960433959961,88.2960433959961,88.2960433959961,88.2960433959961,0,0.0,0.0
2009-07-27 00:00:00-04:00,85.44778442382812,85.44778442382812,85.44778442382812,85.44778442382812,113,0.0,0.0
2009-07-28 00:00:00-04:00,85.44777743056613,85.44777743056613,85.16294860839844,85.16294860839844,373,0.0,0.0
2009-07-29 00:00:00-04:00,85.16294860839844,85.16294860839844,85.16294860839844,85.16294860839844,0,0.0,0.0
2009-07-30 00:00:00-04:00,85.16294860839844,85.16294860839844,85.16294860839844,85.16294860839844,0,0.0,0.0
2009-07-31 00:00:00-04:00,85.44778442382812,85.44778442382812,85.44778442382812,85.44778442382812,467,0.0,0.0
2009-08-03 00:00:00-04:00,85.44778442382812,85.44778442382812,85.44778442382812,85.44778442382812,67,0.0,0.0
2009-08-04 00:00:00-04:00,80.6057357788086,80.6057357788086,80.46332137192867,80.6057357788086,40,0.0,0.0
2009-08-05 00:00:00-04:00,76.33335642556276,76.33335642556276,67.9309923077794,71.77613830566406,27,0.0,0.0
2009-08-06 00:00:00-04:00,71.77613830566406,71.77613830566406,71.77613830566406,71.77613830566406,0,0.0,0.0
2009-08-07 00:00:00-04:00,85.16295484937166,85.44778369241239,74.76681073086084,80.32091522216797,67,0.0,0.0
2009-08-10 00:00:00-04:00,78.32713361056346,78.32713361056346,75.47887420654297,75.47887420654297,240,0.0,0.0
2009-08-11 00:00:00-04:00,75.47887420654297,75.47887420654297,75.47887420654297,75.47887420654297,0,0.0,0.0
2009-08-12 00:00:00-04:00,75.47887420654297,75.47887420654297,75.47887420654297,75.47887420654297,0,0.0,0.0
2009-08-13 00:00:00-04:00,75.47887420654297,75.47887420654297,75.47887420654297,75.47887420654297,0,0.0,0.0
2009-08-14 00:00:00-04:00,75.47887420654297,75.47887420654297,75.47887420654297,75.47887420654297,0,0.0,0.0
2009-08-17 00:00:00-04:00,75.47887763718343,75.47887763718343,74.3395767211914,74.3395767211914,100,0.0,0.0
2009-08-18 00:00:00-04:00,76.76058948965255,76.90300390855322,75.47887420654297,75.47887420654297,107,0.0,0.0
2009-08-19 00:00:00-04:00,74.33957953828153,81.17539978027344,74.33957953828153,81.17539978027344,93,0.0,0.0
2009-08-20 00:00:00-04:00,81.88746007283528,85.44778442382812,81.88746007283528,85.44778442382812,87,0.0,0.0
2009-08-21 00:00:00-04:00,85.44778442382812,85.44778442382812,85.44778442382812,85.44778442382812,0,0.0,0.0
2009-08-24 00:00:00-04:00,85.44778442382812,85.44778442382812,85.44778442382812,85.44778442382812,0,0.0,0.0
2009-08-25 00:00:00-04:00,85.44778442382812,85.44778442382812,85.44778442382812,85.44778442382812,193,0.0,0.0
2009-08-26 00:00:00-04:00,88.29605056067989,98.83460998535156,85.44779086517408,98.83460998535156,40,0.0,0.0
2009-08-27 00:00:00-04:00,89.00810486368421,89.00810486368421,82.029870891071,82.74193572998047,27,0.0,0.0
2009-08-28 00:00:00-04:00,84.19100952148438,84.19100952148438,84.19100952148438,84.19100952148438,0,1.5,0.0
2009-08-31 00:00:00-04:00,86.94422912597656,86.94422912597656,86.94422912597656,86.94422912597656,13,0.0,0.0
2009-09-01 00:00:00-04:00,94.1895974186267,101.43495106621337,94.1895974186267,101.14513397216797,33,0.0,0.0
2009-09-02 00:00:00-04:00,101.43494352575892,101.43494352575892,83.75627899169922,83.75627899169922,27,0.0,0.0
2009-09-03 00:00:00-04:00,88.97292549713188,94.91411590576172,87.0891368318765,94.91411590576172,27,0.0,0.0
2009-09-04 00:00:00-04:00,94.91411590576172,94.91411590576172,94.91411590576172,94.91411590576172,0,0.0,0.0
2009-09-08 00:00:00-04:00,100.71040467880903,101.29003143310547,100.71040467880903,101.29003143310547,20,0.0,0.0
2009-09-09 00:00:00-04:00,89.55256479574938,94.6243121598856,89.55256479574938,94.04468536376953,87,0.0,0.0
2009-09-10 00:00:00-04:00,94.04468536376953,94.04468536376953,94.04468536376953,94.04468536376953,0,0.0,0.0
2009-09-11 00:00:00-04:00,87.23406515517334,90.56692504882812,86.50952975478272,90.56692504882812,93,0.0,0.0
2009-09-14 00:00:00-04:00,101.14512649333965,101.14512649333965,94.18959045410156,94.18959045410156,427,0.0,0.0
2009-09-15 00:00:00-04:00,109.98445892333984,109.98445892333984,109.98445892333984,109.98445892333984,53,0.0,0.0
2009-09-16 00:00:00-04:00,108.68030149741612,108.68030149741612,91.00163617236124,94.33450317382812,320,0.0,0.0
2009-09-17 00:00:00-04:00,94.33450317382812,94.33450317382812,94.33450317382812,94.33450317382812,0,0.0,0.0
2009-09-18 00:00:00-04:00,93.75486755371094,94.18958577066473,93.75486755371094,93.75486755371094,107,0.0,0.0
2009-09-21 00:00:00-04:00,93.75486755371094,93.75486755371094,93.75486755371094,93.75486755371094,0,0.0,0.0
2009-09-22 00:00:00-04:00,92.88542300225862,93.46504974365234,90.5669086663298,93.46504974365234,113,0.0,0.0
2009-09-23 00:00:00-04:00,89.40767135634522,91.00164334092041,89.26276280219605,90.56692504882812,133,0.0,0.0
2009-09-24 00:00:00-04:00,90.56692504882812,90.56692504882812,90.56692504882812,90.56692504882812,0,0.0,0.0
2009-09-25 00:00:00-04:00,94.18959045410156,94.18959045410156,94.18959045410156,94.18959045410156,107,0.0,0.0
2009-09-28 00:00:00-04:00,94.18959045410156,94.18959045410156,94.18959045410156,94.18959045410156,0,0.0,0.0
2009-09-29 00:00:00-04:00,89.11784362792969,89.11784362792969,89.11784362792969,89.11784362792969,7,0.0,0.0
2009-09-30 00:00:00-04:00,89.11784362792969,89.11784362792969,89.11784362792969,89.11784362792969,0,0.0,0.0
2009-10-01 00:00:00-04:00,89.11784362792969,89.11784362792969,89.11784362792969,89.11784362792969,0,0.0,0.0
2009-10-02 00:00:00-04:00,90.42200909604668,90.42200909604668,87.08914947509766,87.08914947509766,107,0.0,0.0
2009-10-05 00:00:00-04:00,87.08914947509766,87.08914947509766,87.08914947509766,87.08914947509766,0,0.0,0.0
2009-10-06 00:00:00-04:00,87.378947323465,87.378947323465,86.94422912597656,86.94422912597656,80,0.0,0.0
2009-10-07 00:00:00-04:00,97.37755279288389,97.81227104940606,87.08914947509766,87.08914947509766,107,0.0,0.0
2009-10-08 00:00:00-04:00,87.08914947509766,87.08914947509766,87.08914947509766,87.08914947509766,0,0.0,0.0
2009-10-09 00:00:00-04:00,87.23405801738993,87.23405801738993,87.08914947509766,87.08914947509766,33,0.0,0.0
2009-10-12 00:00:00-04:00,87.08914947509766,87.08914947509766,87.08914947509766,87.08914947509766,0,0.0,0.0
2009-10-13 00:00:00-04:00,88.3932996114095,88.68311665663755,86.94422912597656,86.94422912597656,93,0.0,0.0
2009-10-14 00:00:00-04:00,86.94422912597656,86.94422912597656,86.94422912597656,86.94422912597656,0,0.0,0.0
2009-10-15 00:00:00-04:00,86.94422912597656,86.94422912597656,86.94422912597656,86.94422912597656,0,0.0,0.0
2009-10-16 00:00:00-04:00,89.26275441976763,89.26275441976763,88.393310546875,88.393310546875,87,0.0,0.0
2009-10-19 00:00:00-04:00,101.2900376246302,101.2900376246302,89.84238088869054,89.98728942871094,200,0.0,0.0
2009-10-20 00:00:00-04:00,91.29145050048828,91.29145050048828,91.29145050048828,91.29145050048828,27,0.0,0.0
2009-10-21 00:00:00-04:00,109.54974645303412,109.54974645303412,88.10349565927822,98.39189910888672,253,0.0,0.0
2009-10-22 00:00:00-04:00,98.39189910888672,98.39189910888672,98.39189910888672,98.39189910888672,0,0.0,0.0
2009-10-23 00:00:00-04:00,90.27709197998047,90.27709197998047,90.27709197998047,90.27709197998047,13,0.0,0.0
2009-10-26 00:00:00-04:00,90.27709197998047,90.27709197998047,90.27709197998047,90.27709197998047,0,0.0,0.0
2009-10-27 00:00:00-04:00,96.65301833917378,99.98587799072266,96.65301833917378,99.98587799072266,147,0.0,0.0
2009-10-28 00:00:00-04:00,99.98587799072266,99.98587799072266,99.98587799072266,99.98587799072266,0,0.0,0.0
2009-10-29 00:00:00-04:00,96.36320495605469,96.36320495605469,96.36320495605469,96.36320495605469,13,0.0,0.0
2009-10-30 00:00:00-04:00,89.11784535238188,105.78215789794922,89.11784535238188,105.78215789794922,53,0.0,0.0
2009-11-02 00:00:00-05:00,94.47940867809302,94.47940867809302,89.40766143798828,89.40766143798828,40,0.0,0.0
2009-11-03 00:00:00-05:00,89.40766143798828,89.40766143798828,89.40766143798828,89.40766143798828,0,0.0,0.0
2009-11-04 00:00:00-05:00,89.40766143798828,89.40766143798828,89.40766143798828,89.40766143798828,0,0.0,0.0
2009-11-05 00:00:00-05:00,89.40766143798828,89.40766143798828,89.40766143798828,89.40766143798828,0,0.0,0.0
2009-11-06 00:00:00-05:00,103.17383482696512,107.95576509792606,90.56691702846146,97.52245330810547,67,0.0,0.0
2009-11-09 00:00:00-05:00,104.91270430159888,104.91270430159888,101.4349365234375,101.4349365234375,107,0.0,0.0
2009-11-10 00:00:00-05:00,91.0016299921415,91.72616528625204,91.0016299921415,91.43635559082031,173,0.0,0.0
2009-11-11 00:00:00-05:00,91.00163269042969,91.00163269042969,91.00163269042969,91.00163269042969,7,0.0,0.0
2009-11-12 00:00:00-05:00,91.00163269042969,91.00163269042969,91.00163269042969,91.00163269042969,0,0.0,0.0
2009-11-13 00:00:00-05:00,101.29003467032496,109.98445837370657,95.63866073719777,99.26133728027344,47,0.0,0.0
2009-11-16 00:00:00-05:00,91.72617583448121,107.9557712370526,91.72617583448121,107.37614440917969,160,0.0,0.0
2009-11-17 00:00:00-05:00,109.98445892333984,109.98445892333984,109.98445892333984,109.98445892333984,7,0.0,0.0
2009-11-18 00:00:00-05:00,105.05762134483474,120.99739837646484,105.05762134483474,120.99739837646484,160,0.0,0.0
2009-11-19 00:00:00-05:00,116.07056473242612,119.11361468143522,116.07056473242612,116.3603744506836,27,0.0,0.0
2009-11-20 00:00:00-05:00,116.070556640625,116.070556640625,116.070556640625,116.070556640625,200,0.0,0.0
2009-11-23 00:00:00-05:00,116.070556640625,116.070556640625,116.070556640625,116.070556640625,0,0.0,0.0
2009-11-24 00:00:00-05:00,117.53794860839844,117.53794860839844,117.53794860839844,117.53794860839844,0,1.5,0.0
2009-11-25 00:00:00-05:00,117.53794860839844,117.53794860839844,117.53794860839844,117.53794860839844,0,0.0,0.0
2009-11-27 00:00:00-05:00,117.53794860839844,117.53794860839844,117.53794860839844,117.53794860839844,0,0.0,0.0
2009-11-30 00:00:00-05:00,117.53794860839844,117.53794860839844,117.53794860839844,117.53794860839844,0,0.0,0.0
2009-12-01 00:00:00-05:00,116.95099324918867,117.39120729111758,110.9346923828125,110.9346923828125,53,0.0,0.0
2009-12-02 00:00:00-05:00,110.9346923828125,110.9346923828125,110.9346923828125,110.9346923828125,0,0.0,0.0
2009-12-03 00:00:00-05:00,110.9346923828125,110.9346923828125,110.9346923828125,110.9346923828125,0,0.0,0.0
2009-12-04 00:00:00-05:00,110.05426025390625,110.05426025390625,110.05426025390625,110.05426025390625,100,0.0,0.0
2009-12-07 00:00:00-05:00,106.38577938079834,117.39120483398438,106.38577938079834,117.39120483398438,27,0.0,0.0
2009-12-08 00:00:00-05:00,117.39120483398438,117.39120483398438,117.39120483398438,117.39120483398438,0,0.0,0.0
2009-12-09 00:00:00-05:00,117.24447329977399,128.98360214428064,117.24447329977399,124.72816467285156,287,0.0,0.0
2009-12-10 00:00:00-05:00,132.06509908040366,132.06509908040366,111.52163922345197,118.85858917236328,20,0.0,0.0
2009-12-11 00:00:00-05:00,106.38577708037555,132.06510258253516,106.38577708037555,113.13577270507812,113,0.0,0.0
2009-12-14 00:00:00-05:00,122.52706434911919,125.75532531738281,117.83141338865055,125.75532531738281,193,0.0,0.0
2009-12-15 00:00:00-05:00,131.03793787868386,141.74988302661816,130.89120483398438,130.89120483398438,293,0.0,0.0
2009-12-16 00:00:00-05:00,129.13033067702105,129.13033067702105,124.8749008178711,124.8749008178711,93,0.0,0.0
2009-12-17 00:00:00-05:00,128.396631274703,130.1575023461688,115.19012062930496,123.99446105957031,167,0.0,0.0
2009-12-18 00:00:00-05:00,115.9238093841966,129.86401431014428,115.9238093841966,125.75532531738281,53,0.0,0.0
2009-12-21 00:00:00-05:00,125.75532531738281,125.75532531738281,125.75532531738281,125.75532531738281,0,0.0,0.0
2009-12-22 00:00:00-05:00,125.75532531738281,125.75532531738281,125.75532531738281,125.75532531738281,0,0.0,0.0
2009-12-23 00:00:00-05:00,126.19554626863767,126.19554626863767,110.34773646682615,112.25534057617188,113,0.0,0.0
2009-12-24 00:00:00-05:00,104.62491297337985,104.62491297337985,104.47817993164062,104.47817993164062,20,0.0,0.0
2009-12-28 00:00:00-05:00,103.01078522723401,117.39120483398438,103.01078522723401,117.39120483398438,53,0.0,0.0
2009-12-29 00:00:00-05:00,118.12490184557036,128.54336547851562,118.12490184557036,128.54336547851562,20,0.0,0.0
2009-12-30 00:00:00-05:00,127.51619750798297,136.173789588215,127.51619750798297,132.35858154296875,307,0.0,0.0
2009-12-31 00:00:00-05:00,132.79879760742188,132.79879760742188,132.79879760742188,132.79879760742188,13,0.0,0.0
2010-01-04 00:00:00-05:00,132.06510517605258,132.06510517605258,108.73360475432298,125.31511688232422,107,0.0,0.0
2010-01-05 00:00:00-05:00,115.04337675696875,125.16836646225678,110.78794716646006,113.13577270507812,413,0.0,0.0
2010-01-06 00:00:00-05:00,111.37490009117094,125.46184565772734,109.6140365600586,109.6140365600586,573,0.0,0.0
2010-01-07 00:00:00-05:00,112.9890420205629,126.19555342556377,108.73361206054688,108.73361206054688,160,0.0,0.0
2010-01-08 00:00:00-05:00,108.58686735192124,108.58686735192124,105.65208715322066,107.8531723022461,80,0.0,0.0
2010-01-11 00:00:00-05:00,107.11947866365236,111.52164901969287,106.0923025951634,106.53252410888672,153,0.0,0.0
2010-01-12 00:00:00-05:00,111.96186144172303,113.72273254394531,108.586867203251,113.72273254394531,113,0.0,0.0
2010-01-13 00:00:00-05:00,110.05425546683517,113.57599014906752,108.73360589393953,112.25534057617188,87,0.0,0.0
2010-01-14 00:00:00-05:00,115.92382049560547,123.11403065389229,114.4564303627497,115.92382049560547,293,0.0,0.0
2010-01-15 00:00:00-05:00,111.521650390625,115.19012573242188,104.18469970703126,110.05426025390625,473,0.0,0.0
2010-01-19 00:00:00-05:00,110.05426025390625,110.05426025390625,110.05426025390625,110.05426025390625,0,0.0,0.0
2010-01-20 00:00:00-05:00,110.05426025390625,110.05426025390625,110.05426025390625,110.05426025390625,0,0.0,0.0
2010-01-21 00:00:00-05:00,112.98903184635624,117.09772092808382,112.98903184635624,115.19011688232422,73,0.0,0.0
2010-01-22 00:00:00-05:00,114.45641891677658,114.45641891677658,112.98902893066406,112.98902893066406,20,0.0,0.0
2010-01-25 00:00:00-05:00,105.65208895894504,109.32056427001953,104.91839389673015,109.32056427001953,27,0.0,0.0
2010-01-26 00:00:00-05:00,103.89121417527966,112.25534057617188,103.89121417527966,112.25534057617188,40,0.0,0.0
2010-01-27 00:00:00-05:00,104.1846983628197,115.77707880062421,104.1846983628197,111.37490844726562,207,0.0,0.0
2010-01-28 00:00:00-05:00,105.6520864508792,117.53794766930949,105.6520864508792,116.80425262451172,40,0.0,0.0
2010-01-29 00:00:00-05:00,110.78794500303589,117.24445951050652,105.79882049560547,105.79882049560547,267,0.0,0.0
2010-02-01 00:00:00-05:00,108.58686920780464,110.78795439444932,105.65208895894504,109.32056427001953,40,0.0,0.0
2010-02-02 00:00:00-05:00,104.18470001220703,104.18470001220703,104.18470001220703,104.18470001220703,13,0.0,0.0
2010-02-03 00:00:00-05:00,104.18470001220703,104.18470001220703,104.18470001220703,104.18470001220703,0,0.0,0.0
2010-02-04 00:00:00-05:00,107.85317365728518,112.69555806056678,107.85317365728518,111.37490844726562,73,0.0,0.0
2010-02-05 00:00:00-05:00,104.91838705168071,113.13577270507812,104.1846920373333,113.13577270507812,140,0.0,0.0
2010-02-08 00:00:00-05:00,112.54882474179595,113.13577929475517,104.33143860977083,107.5596923828125,120,0.0,0.0
2010-02-09 00:00:00-05:00,98.60861425884201,103.8912124633789,96.99448371255275,103.8912124633789,153,0.0,0.0
2010-02-10 00:00:00-05:00,106.53251907465332,113.13577429667484,106.53251907465332,109.76077270507812,167,0.0,0.0
2010-02-11 00:00:00-05:00,113.77641599666998,126.71569770450972,113.47895828846025,119.72550964355469,160,1.5,0.0
2010-02-12 00:00:00-05:00,121.21278024648691,121.21278024648691,114.52005004882812,114.52005004882812,40,0.0,0.0
2010-02-16 00:00:00-05:00,114.52005004882812,114.52005004882812,114.52005004882812,114.52005004882812,0,0.0,0.0
2010-02-17 00:00:00-05:00,112.14041137695312,112.14041137695312,112.14041137695312,112.14041137695312,20,0.0,0.0
2010-02-18 00:00:00-05:00,116.15605163574219,116.15605163574219,116.15605163574219,116.15605163574219,20,0.0,0.0
2010-02-19 00:00:00-05:00,121.0640520929164,121.51023864746094,121.0640520929164,121.51023864746094,13,0.0,0.0
2010-02-22 00:00:00-05:00,118.3869632810625,119.13059997558594,118.3869632810625,119.13059997558594,13,0.0,0.0
2010-02-23 00:00:00-05:00,119.13059997558594,119.13059997558594,119.13059997558594,119.13059997558594,0,0.0,0.0
2010-02-24 00:00:00-05:00,119.13059997558594,119.13059997558594,119.13059997558594,119.13059997558594,0,0.0,0.0
2010-02-25 00:00:00-05:00,126.26950354281279,126.26950354281279,119.13059462206353,120.4691390991211,40,0.0,0.0
2010-02-26 00:00:00-05:00,120.4691390991211,120.4691390991211,120.4691390991211,120.4691390991211,0,0.0,0.0
2010-03-01 00:00:00-05:00,129.83895874023438,129.83895874023438,122.40259208696405,129.83895874023438,107,0.0,0.0
2010-03-02 00:00:00-05:00,130.13642192716142,130.13642192716142,126.41823844352824,128.50042724609375,127,0.0,0.0
2010-03-03 00:00:00-05:00,126.41824560882033,127.75679779052734,126.41824560882033,127.75679779052734,73,0.0,0.0
2010-03-04 00:00:00-05:00,118.98187255859375,118.98187255859375,118.98187255859375,118.98187255859375,20,0.0,0.0
2010-03-05 00:00:00-05:00,113.03277731341707,113.03277731341707,112.88404846191406,112.88404846191406,20,0.0,0.0
2010-03-08 00:00:00-05:00,112.88404846191406,112.88404846191406,112.88404846191406,112.88404846191406,0,0.0,0.0
2010-03-09 00:00:00-05:00,112.28913879394531,112.28913879394531,112.28913879394531,112.28913879394531,7,0.0,0.0
2010-03-10 00:00:00-05:00,118.98187255859375,118.98187255859375,118.98187255859375,118.98187255859375,7,0.0,0.0
2010-03-11 00:00:00-05:00,118.98187255859375,118.98187255859375,118.98187255859375,118.98187255859375,0,0.0,0.0
2010-03-12 00:00:00-05:00,118.98187255859375,118.98187255859375,118.98187255859375,118.98187255859375,0,0.0,0.0
2010-03-15 00:00:00-04:00,118.98187255859375,118.98187255859375,118.98187255859375,118.98187255859375,0,0.0,0.0
2010-03-16 00:00:00-04:00,113.03277587890625,113.03277587890625,113.03277587890625,113.03277587890625,7,0.0,0.0
2010-03-17 00:00:00-04:00,113.03277587890625,113.03277587890625,113.03277587890625,113.03277587890625,13,0.0,0.0
2010-03-18 00:00:00-04:00,113.03277587890625,113.03277587890625,113.03277587890625,113.03277587890625,0,0.0,0.0
2010-03-19 00:00:00-04:00,113.03277587890625,113.03277587890625,113.03277587890625,113.03277587890625,0,0.0,0.0
2010-03-22 00:00:00-04:00,113.03277587890625,113.03277587890625,113.03277587890625,113.03277587890625,0,0.0,0.0
2010-03-23 00:00:00-04:00,113.03277587890625,113.03277587890625,113.03277587890625,113.03277587890625,0,0.0,0.0
2010-03-24 00:00:00-04:00,113.03277587890625,113.03277587890625,113.03277587890625,113.03277587890625,0,0.0,0.0
2010-03-25 00:00:00-04:00,113.03277587890625,113.03277587890625,113.03277587890625,113.03277587890625,0,0.0,0.0
2010-03-26 00:00:00-04:00,113.03277587890625,113.03277587890625,113.03277587890625,113.03277587890625,0,0.0,0.0
2010-03-29 00:00:00-04:00,113.03277587890625,113.03277587890625,113.03277587890625,113.03277587890625,0,0.0,0.0
2010-03-30 00:00:00-04:00,122.7000503540039,122.7000503540039,122.7000503540039,122.7000503540039,27,0.0,0.0
2010-03-31 00:00:00-04:00,126.41823032924107,130.13641357421875,123.88986269679098,130.13641357421875,100,0.0,0.0
2010-04-01 00:00:00-04:00,129.24405521169035,129.3927764892578,129.24405521169035,129.3927764892578,20,0.0,0.0
2010-04-05 00:00:00-04:00,129.3927764892578,129.3927764892578,129.3927764892578,129.3927764892578,0,0.0,0.0
2010-04-06 00:00:00-04:00,129.3927764892578,129.3927764892578,129.3927764892578,129.3927764892578,0,0.0,0.0
2010-04-07 00:00:00-04:00,129.3927864074707,129.3927864074707,112.43787108080384,118.98187255859375,60,0.0,0.0
2010-04-08 00:00:00-04:00,129.39278681974233,129.39278681974233,119.72550964355469,119.72550964355469,20,0.0,0.0
2010-04-09 00:00:00-04:00,119.72550964355469,119.72550964355469,119.72550964355469,119.72550964355469,0,0.0,0.0
2010-04-12 00:00:00-04:00,119.72550964355469,119.72550964355469,119.72550964355469,119.72550964355469,0,0.0,0.0
2010-04-13 00:00:00-04:00,119.72550964355469,119.72550964355469,119.72550964355469,119.72550964355469,0,0.0,0.0
2010-04-14 00:00:00-04:00,113.1815056527255,126.2695083618164,113.1815056527255,126.2695083618164,53,0.0,0.0
2010-04-15 00:00:00-04:00,126.2695083618164,126.2695083618164,126.2695083618164,126.2695083618164,0,0.0,0.0
2010-04-16 00:00:00-04:00,129.39278000530112,129.39278000530112,127.4593276977539,127.4593276977539,113,0.0,0.0
2010-04-19 00:00:00-04:00,127.4593276977539,127.4593276977539,127.4593276977539,127.4593276977539,0,0.0,0.0
2010-04-20 00:00:00-04:00,127.4593276977539,127.4593276977539,127.4593276977539,127.4593276977539,7,0.0,0.0
2010-04-21 00:00:00-04:00,127.6080551147461,127.6080551147461,127.6080551147461,127.6080551147461,7,0.0,0.0
2010-04-22 00:00:00-04:00,127.60804551181658,129.3927764892578,126.1207722188366,129.3927764892578,47,0.0,0.0
2010-04-23 00:00:00-04:00,129.3927764892578,129.3927764892578,129.3927764892578,129.3927764892578,0,0.0,0.0
2010-04-26 00:00:00-04:00,129.39277943985238,134.59823608398438,129.39277943985238,134.59823608398438,167,0.0,0.0
2010-04-27 00:00:00-04:00,134.59823608398438,134.59823608398438,134.59823608398438,134.59823608398438,0,0.0,0.0
2010-04-28 00:00:00-04:00,134.59823608398438,134.59823608398438,134.59823608398438,134.59823608398438,0,0.0,0.0
2010-04-29 00:00:00-04:00,131.62368774414062,131.62368774414062,131.62368774414062,131.62368774414062,7,0.0,0.0
2010-04-30 00:00:00-04:00,122.8487777709961,122.8487777709961,122.8487777709961,122.8487777709961,7,0.0,0.0
2010-05-03 00:00:00-04:00,122.8487777709961,122.8487777709961,122.8487777709961,122.8487777709961,0,0.0,0.0
2010-05-04 00:00:00-04:00,122.8487777709961,122.8487777709961,122.8487777709961,122.8487777709961,0,0.0,0.0
2010-05-05 00:00:00-04:00,129.3927764892578,129.3927764892578,129.3927764892578,129.3927764892578,153,0.0,0.0
2010-05-06 00:00:00-04:00,123.44368743896484,123.44368743896484,123.44368743896484,123.44368743896484,33,0.0,0.0
2010-05-07 00:00:00-04:00,132.66477966308594,132.66477966308594,132.66477966308594,132.66477966308594,7,0.0,0.0
2010-05-10 00:00:00-04:00,132.66477966308594,132.66477966308594,132.66477966308594,132.66477966308594,0,0.0,0.0
2010-05-11 00:00:00-04:00,132.66477966308594,132.66477966308594,132.66477966308594,132.66477966308594,0,0.0,0.0
2010-05-12 00:00:00-04:00,132.66477966308594,132.66477966308594,132.66477966308594,132.66477966308594,0,0.0,0.0
2010-05-13 00:00:00-04:00,132.66477966308594,132.66477966308594,132.66477966308594,132.66477966308594,0,0.0,0.0
2010-05-14 00:00:00-04:00,132.66477966308594,132.66477966308594,132.66477966308594,132.66477966308594,0,0.0,0.0
2010-05-17 00:00:00-04:00,127.16188049316406,127.16188049316406,127.16188049316406,127.16188049316406,33,0.0,0.0
2010-05-18 00:00:00-04:00,125.52586566905005,131.62368774414062,125.52586566905005,131.62368774414062,27,0.0,0.0
2010-05-19 00:00:00-04:00,131.62368774414062,131.62368774414062,131.62368774414062,131.62368774414062,0,0.0,0.0
2010-05-20 00:00:00-04:00,131.62368774414062,131.62368774414062,131.62368774414062,131.62368774414062,0,0.0,0.0
2010-05-21 00:00:00-04:00,123.44369581147419,123.44369581147419,96.82150268554688,96.82150268554688,333,0.0,0.0
2010-05-24 00:00:00-04:00,120.4691390991211,120.4691390991211,120.4691390991211,120.4691390991211,13,0.0,0.0
2010-05-25 00:00:00-04:00,120.3204116821289,120.3204116821289,120.3204116821289,120.3204116821289,27,0.0,0.0
2010-05-26 00:00:00-04:00,120.3204116821289,120.3204116821289,120.3204116821289,120.3204116821289,0,0.0,0.0
2010-05-27 00:00:00-04:00,118.98187255859375,118.98187255859375,118.83314370496277,118.98187255859375,113,0.0,0.0
2010-05-28 00:00:00-04:00,118.98187255859375,118.98187255859375,118.98187255859375,118.98187255859375,0,0.0,0.0
2010-06-01 00:00:00-04:00,115.11495788679842,115.11495788679842,110.05822991705561,114.52005004882812,80,0.0,0.0
2010-06-02 00:00:00-04:00,113.03277587890625,113.03277587890625,113.03277587890625,113.03277587890625,93,0.0,0.0
2010-06-03 00:00:00-04:00,113.03277587890625,113.03277587890625,113.03277587890625,113.03277587890625,0,0.0,0.0
2010-06-04 00:00:00-04:00,113.03277587890625,113.03277587890625,113.03277587890625,113.03277587890625,0,0.0,0.0
2010-06-07 00:00:00-04:00,111.5455093383789,111.5455093383789,111.5455093383789,111.5455093383789,13,0.0,0.0
2010-06-08 00:00:00-04:00,111.5455093383789,111.5455093383789,111.5455093383789,111.5455093383789,0,0.0,0.0
2010-06-09 00:00:00-04:00,107.0836779005984,107.0836779005984,104.85276794433594,104.85276794433594,93,0.0,0.0
2010-06-10 00:00:00-04:00,106.48877095881879,106.48877095881879,106.34004211425781,106.34004211425781,27,0.0,0.0
2010-06-11 00:00:00-04:00,106.34004211425781,106.34004211425781,106.34004211425781,106.34004211425781,0,0.0,0.0
2010-06-14 00:00:00-04:00,106.34004211425781,106.34004211425781,106.34004211425781,106.34004211425781,100,0.0,0.0
2010-06-15 00:00:00-04:00,120.17168680912054,120.32041566095796,115.85859549381739,119.13059997558594,167,0.0,0.0
2010-06-16 00:00:00-04:00,119.13059997558594,119.13059997558594,119.13059997558594,119.13059997558594,0,0.0,0.0
2010-06-17 00:00:00-04:00,119.13059997558594,119.13059997558594,119.13059997558594,119.13059997558594,0,0.0,0.0
2010-06-18 00:00:00-04:00,119.13059997558594,119.13059997558594,119.13059997558594,119.13059997558594,0,0.0,0.0
2010-06-21 00:00:00-04:00,119.13059997558594,119.13059997558594,119.13059997558594,119.13059997558594,0,0.0,0.0
2010-06-22 00:00:00-04:00,119.13059997558594,119.13059997558594,119.13059997558594,119.13059997558594,0,0.0,0.0
2010-06-23 00:00:00-04:00,119.13059997558594,119.13059997558594,119.13059997558594,119.13059997558594,0,0.0,0.0
2010-06-24 00:00:00-04:00,119.13059997558594,119.13059997558594,119.13059997558594,119.13059997558594,0,0.0,0.0
2010-06-25 00:00:00-04:00,119.13059997558594,119.13059997558594,119.13059997558594,119.13059997558594,0,0.0,0.0
2010-06-28 00:00:00-04:00,119.13059997558594,119.13059997558594,119.13059997558594,119.13059997558594,0,0.0,0.0
2010-06-29 00:00:00-04:00,119.13059997558594,119.13059997558594,119.13059997558594,119.13059997558594,0,0.0,0.0
2010-06-30 00:00:00-04:00,119.13059997558594,119.13059997558594,119.13059997558594,119.13059997558594,0,0.0,0.0
2010-07-01 00:00:00-04:00,100.98585695520403,104.10913244137802,100.98585695520403,101.58076477050781,60,0.0,0.0
2010-07-02 00:00:00-04:00,101.58076477050781,101.58076477050781,101.58076477050781,101.58076477050781,0,0.0,0.0
2010-07-06 00:00:00-04:00,101.58076477050781,101.58076477050781,101.58076477050781,101.58076477050781,0,0.0,0.0
2010-07-07 00:00:00-04:00,101.58076477050781,101.58076477050781,101.58076477050781,101.58076477050781,0,0.0,0.0
2010-07-08 00:00:00-04:00,101.58076477050781,101.58076477050781,101.58076477050781,101.58076477050781,0,0.0,0.0
2010-07-09 00:00:00-04:00,101.58076477050781,101.58076477050781,101.58076477050781,101.58076477050781,0,0.0,0.0
2010-07-12 00:00:00-04:00,101.58076477050781,101.58076477050781,101.58076477050781,101.58076477050781,0,0.0,0.0
2010-07-13 00:00:00-04:00,103.96040201664326,104.109130859375,103.96040201664326,104.109130859375,120,0.0,0.0
2010-07-14 00:00:00-04:00,104.109130859375,104.109130859375,104.109130859375,104.109130859375,0,0.0,0.0
2010-07-15 00:00:00-04:00,104.109130859375,104.109130859375,104.109130859375,104.109130859375,40,0.0,0.0
2010-07-16 00:00:00-04:00,100.39095306396484,100.83713205171703,100.39095306396484,100.39095306396484,53,0.0,0.0
2010-07-19 00:00:00-04:00,100.39095306396484,100.39095306396484,100.39095306396484,100.39095306396484,0,0.0,0.0
2010-07-20 00:00:00-04:00,100.39095306396484,100.39095306396484,100.39095306396484,100.39095306396484,0,0.0,0.0
2010-07-21 00:00:00-04:00,100.39095306396484,100.39095306396484,100.39095306396484,100.39095306396484,0,0.0,0.0
2010-07-22 00:00:00-04:00,90.61310577392578,91.95662637173,90.61310577392578,90.61310577392578,20,0.375,0.0
2010-07-23 00:00:00-04:00,100.46559143066406,100.46559143066406,100.46559143066406,100.46559143066406,13,0.0,0.0
2010-07-26 00:00:00-04:00,90.76237887045941,100.61487579345703,90.76237887045941,100.61487579345703,67,0.0,0.0
2010-07-27 00:00:00-04:00,100.61487579345703,100.61487579345703,97.47998937348707,100.61487579345703,93,0.0,0.0
2010-07-28 00:00:00-04:00,100.61487579345703,100.61487579345703,100.61487579345703,100.61487579345703,0,0.0,0.0
2010-07-29 00:00:00-04:00,97.03215026855469,97.03215026855469,97.03215026855469,97.03215026855469,13,0.0,0.0
2010-07-30 00:00:00-04:00,97.03215026855469,97.03215026855469,97.03215026855469,97.03215026855469,13,0.0,0.0
2010-08-02 00:00:00-04:00,91.2102253574883,91.2102253574883,86.134698871915,91.06094360351562,467,0.0,0.0
2010-08-03 00:00:00-04:00,89.56813905297257,91.80734252929688,89.56813905297257,91.80734252929688,413,0.0,0.0
2010-08-04 00:00:00-04:00,91.80734252929688,91.80734252929688,91.80734252929688,91.80734252929688,0,0.0,0.0
2010-08-05 00:00:00-04:00,91.0609411996433,91.35950469970703,91.0609411996433,91.35950469970703,273,0.0,0.0
2010-08-06 00:00:00-04:00,91.35950469970703,91.35950469970703,91.35950469970703,91.35950469970703,0,0.0,0.0
2010-08-09 00:00:00-04:00,99.71918749437772,99.86846923828125,97.03214647525388,99.86846923828125,67,0.0,0.0
2010-08-10 00:00:00-04:00,100.61487579345703,100.61487579345703,100.61487579345703,100.61487579345703,13,0.0,0.0
2010-08-11 00:00:00-04:00,97.03215026855469,97.03215026855469,97.03215026855469,97.03215026855469,47,0.0,0.0
2010-08-12 00:00:00-04:00,97.03215026855469,97.03215026855469,97.03215026855469,97.03215026855469,0,0.0,0.0
2010-08-13 00:00:00-04:00,97.03215026855469,97.03215026855469,97.03215026855469,97.03215026855469,13,0.0,0.0
2010-08-16 00:00:00-04:00,97.03215026855469,97.03215026855469,97.03215026855469,97.03215026855469,0,0.0,0.0
2010-08-17 00:00:00-04:00,97.03215026855469,97.03215026855469,97.03215026855469,97.03215026855469,0,0.0,0.0
2010-08-18 00:00:00-04:00,78.07355988574358,84.04476928710938,78.07355988574358,84.04476928710938,20,0.0,0.0
2010-08-19 00:00:00-04:00,84.04476928710938,84.04476928710938,84.04476928710938,84.04476928710938,0,0.0,0.0
2010-08-20 00:00:00-04:00,79.71563720703125,79.71563720703125,79.71563720703125,79.71563720703125,7,0.0,0.0
2010-08-23 00:00:00-04:00,78.2228391797859,78.2228391797859,77.62571977698153,77.7750015258789,113,0.0,0.0
2010-08-24 00:00:00-04:00,77.7750015258789,77.7750015258789,77.7750015258789,77.7750015258789,0,0.0,0.0
2010-08-25 00:00:00-04:00,74.8499984741211,75.44999694824219,63.75,63.75,80,0.375,0.0
2010-08-26 00:00:00-04:00,71.0999984741211,72.44999694824219,71.0999984741211,72.44999694824219,27,0.0,0.0
2010-08-27 00:00:00-04:00,72.44999694824219,72.44999694824219,72.44999694824219,72.44999694824219,0,0.0,0.0
2010-08-30 00:00:00-04:00,72.30000305175781,72.30000305175781,72.30000305175781,72.30000305175781,33,0.0,0.0
2010-08-31 00:00:00-04:00,70.94999694824219,70.94999694824219,70.94999694824219,70.94999694824219,133,0.0,0.0
2010-09-01 00:00:00-04:00,66.75,66.75,63.45000076293945,63.45000076293945,27,0.0,0.0
2010-09-02 00:00:00-04:00,56.25,56.25,55.650001525878906,55.650001525878906,320,0.0,0.0
2010-09-03 00:00:00-04:00,56.25,56.25,56.25,56.25,13,0.0,0.0
2010-09-07 00:00:00-04:00,55.650001525878906,55.650001525878906,52.20000076293945,52.20000076293945,20,0.0,0.0
2010-09-08 00:00:00-04:00,52.349998474121094,52.349998474121094,48.45000076293945,51.45000076293945,47,0.0,0.0
2010-09-09 00:00:00-04:00,51.45000076293945,51.45000076293945,51.45000076293945,51.45000076293945,0,0.0,0.0
2010-09-10 00:00:00-04:00,52.650001525878906,52.650001525878906,45.75,46.650001525878906,93,0.0,0.0
2010-09-13 00:00:00-04:00,52.20000076293945,56.25,52.20000076293945,55.95000076293945,233,0.0,0.0
2010-09-14 00:00:00-04:00,54.75,54.75,51.599998474121094,51.599998474121094,47,0.0,0.0
2010-09-15 00:00:00-04:00,54.45000076293945,54.45000076293945,46.04999923706055,46.04999923706055,113,0.0,0.0
2010-09-16 00:00:00-04:00,54.45000076293945,56.25,46.5,56.25,147,0.0,0.0
2010-09-17 00:00:00-04:00,52.95000076293945,56.25,45.29999923706055,50.70000076293945,373,0.0,0.0
2010-09-20 00:00:00-04:00,50.70000076293945,50.70000076293945,50.70000076293945,50.70000076293945,0,0.0,0.0
2010-09-21 00:00:00-04:00,53.25,53.400001525878906,53.25,53.400001525878906,53,0.0,0.0
2010-09-22 00:00:00-04:00,46.349998474121094,52.04999923706055,45.900001525878906,51.75,87,0.0,0.0
2010-09-23 00:00:00-04:00,52.650001525878906,52.650001525878906,49.20000076293945,51.75,53,0.0,0.0
2010-09-24 00:00:00-04:00,51.75,51.75,51.75,51.75,0,0.0,0.0
2010-09-27 00:00:00-04:00,51.75,51.75,51.75,51.75,0,0.0,0.0
2010-09-28 00:00:00-04:00,51.29999923706055,51.29999923706055,51.29999923706055,51.29999923706055,7,0.0,0.0
2010-09-29 00:00:00-04:00,46.20000076293945,46.20000076293945,46.20000076293945,46.20000076293945,20,0.0,0.0
2010-09-30 00:00:00-04:00,46.20000076293945,46.20000076293945,45.29999923706055,45.29999923706055,73,0.0,0.0
2010-10-01 00:00:00-04:00,50.70000076293945,54.0,50.099998474121094,50.099998474121094,120,0.0,0.0
2010-10-04 00:00:00-04:00,53.54999923706055,53.54999923706055,48.0,48.0,53,0.0,0.0
2010-10-05 00:00:00-04:00,48.0,48.0,48.0,48.0,0,0.0,0.0
2010-10-06 00:00:00-04:00,48.0,48.0,48.0,48.0,0,0.0,0.0
2010-10-07 00:00:00-04:00,49.5,51.900001525878906,48.0,48.0,133,0.0,0.0
2010-10-08 00:00:00-04:00,48.0,48.0,48.0,48.0,0,0.0,0.0
2010-10-11 00:00:00-04:00,48.0,48.0,48.0,48.0,0,0.0,0.0
2010-10-12 00:00:00-04:00,51.75,51.75,48.29999923706055,48.75,113,0.0,0.0
2010-10-13 00:00:00-04:00,51.75,51.75,48.599998474121094,51.0,80,0.0,0.0
2010-10-14 00:00:00-04:00,51.0,51.0,51.0,51.0,0,0.0,0.0
2010-10-15 00:00:00-04:00,49.650001525878906,49.650001525878906,46.650001525878906,46.650001525878906,427,0.0,0.0
2010-10-18 00:00:00-04:00,46.650001525878906,46.650001525878906,46.650001525878906,46.650001525878906,0,0.0,0.0
2010-10-19 00:00:00-04:00,46.5,46.5,46.20000076293945,46.20000076293945,80,0.0,0.0
2010-10-20 00:00:00-04:00,44.400001525878906,45.75,44.25,44.25,180,0.0,0.0
2010-10-21 00:00:00-04:00,47.25,48.0,47.25,48.0,67,0.0,0.0
2010-10-22 00:00:00-04:00,44.849998474121094,44.849998474121094,44.849998474121094,44.849998474121094,20,0.0,0.0
2010-10-25 00:00:00-04:00,44.849998474121094,45.0,42.599998474121094,42.599998474121094,140,0.0,0.0
2010-10-26 00:00:00-04:00,41.849998474121094,41.849998474121094,39.599998474121094,39.599998474121094,147,0.0,0.0
2010-10-27 00:00:00-04:00,39.150001525878906,39.599998474121094,36.29999923706055,39.599998474121094,167,0.0,0.0
2010-10-28 00:00:00-04:00,37.04999923706055,37.5,35.849998474121094,37.5,207,0.0,0.0
2010-10-29 00:00:00-04:00,35.70000076293945,35.70000076293945,30.149999618530273,34.5,360,0.0,0.0
2010-11-01 00:00:00-04:00,33.0,34.5,30.299999237060547,33.0,93,0.0,0.0
2010-11-02 00:00:00-04:00,31.350000381469727,31.350000381469727,30.299999237060547,30.299999237060547,80,0.0,0.0
2010-11-03 00:00:00-04:00,30.149999618530273,30.149999618530273,22.799999237060547,23.850000381469727,327,0.0,0.0
2010-11-04 00:00:00-04:00,24.0,30.0,23.850000381469727,29.850000381469727,940,0.0,0.0
2010-11-05 00:00:00-04:00,37.04999923706055,50.25,31.649999618530273,49.04999923706055,1533,0.0,0.0
2010-11-08 00:00:00-05:00,49.95000076293945,87.0,49.95000076293945,82.3499984741211,7267,0.0,0.0
2010-11-09 00:00:00-05:00,83.0999984741211,83.0999984741211,61.5,71.8499984741211,2320,0.0,0.0
2010-11-10 00:00:00-05:00,70.80000305175781,70.80000305175781,57.45000076293945,59.54999923706055,1727,0.0,0.0
2010-11-11 00:00:00-05:00,58.5,58.5,52.5,52.5,207,0.0,0.0
2010-11-12 00:00:00-05:00,56.54999923706055,63.0,50.849998474121094,51.0,2573,0.0,0.0
2010-11-15 00:00:00-05:00,50.54999923706055,51.0,49.5,49.95000076293945,213,0.0,0.0
2010-11-16 00:00:00-05:00,49.5,49.5,41.70000076293945,42.45000076293945,800,0.0,0.0
2010-11-17 00:00:00-05:00,43.5,43.5,32.25,37.04999923706055,1400,0.0,0.0
2010-11-18 00:00:00-05:00,37.04999923706055,37.79999923706055,33.150001525878906,33.599998474121094,473,0.0,0.0
2010-11-19 00:00:00-05:00,33.45000076293945,34.5,33.0,33.599998474121094,140,0.0,0.0
2010-11-22 00:00:00-05:00,32.849998474121094,33.0,32.25,32.25,73,0.0,0.0
2010-11-23 00:00:00-05:00,33.0,33.75,32.400001525878906,33.75,267,0.0,0.0
2010-11-24 00:00:00-05:00,34.79999923706055,34.79999923706055,33.75,33.75,233,0.0,0.0
2010-11-26 00:00:00-05:00,35.25,35.849998474121094,32.70000076293945,33.75,347,0.0,0.0
2010-11-29 00:00:00-05:00,33.29999923706055,36.0,30.450000762939453,33.0,327,0.0,0.0
2010-11-30 00:00:00-05:00,31.950000762939453,39.599998474121094,30.0,30.0,460,0.0,0.0
2010-12-01 00:00:00-05:00,30.149999618530273,31.5,30.0,31.5,120,0.0,0.0
2010-12-02 00:00:00-05:00,30.75,30.75,30.75,30.75,20,0.0,0.0
2010-12-03 00:00:00-05:00,30.149999618530273,31.5,29.25,31.200000762939453,580,0.0,0.0
2010-12-06 00:00:00-05:00,32.849998474121094,33.0,28.799999237060547,31.5,340,0.0,0.0
2010-12-07 00:00:00-05:00,30.0,30.0,29.399999618530273,30.0,187,0.0,0.0
2010-12-08 00:00:00-05:00,29.25,30.0,28.5,28.950000762939453,160,0.0,0.0
2010-12-09 00:00:00-05:00,30.75,30.75,29.25,29.25,193,0.0,0.0
2010-12-10 00:00:00-05:00,28.649999618530273,29.25,28.5,28.5,140,0.0,0.0
2010-12-13 00:00:00-05:00,29.850000381469727,29.850000381469727,29.25,29.549999237060547,107,0.0,0.0
2010-12-14 00:00:00-05:00,29.25,29.25,28.950000762939453,29.25,120,0.0,0.0
2010-12-15 00:00:00-05:00,29.25,29.25,29.25,29.25,0,0.0,0.0
2010-12-16 00:00:00-05:00,28.799999237060547,29.25,27.0,27.0,140,0.0,0.0
2010-12-17 00:00:00-05:00,26.850000381469727,27.0,23.100000381469727,26.700000762939453,647,0.0,0.0
2010-12-20 00:00:00-05:00,30.0,30.0,24.149999618530273,27.75,587,0.0,0.0
2010-12-21 00:00:00-05:00,28.5,28.5,27.450000762939453,28.5,393,0.0,0.0
2010-12-22 00:00:00-05:00,28.649999618530273,30.0,21.899999618530273,25.5,4287,0.0,0.0
2010-12-23 00:00:00-05:00,26.25,28.5,26.25,27.149999618530273,673,0.0,0.0
2010-12-27 00:00:00-05:00,27.149999618530273,27.149999618530273,24.149999618530273,27.0,533,0.0,0.0
2010-12-28 00:00:00-05:00,26.25,26.25,24.899999618530273,24.899999618530273,227,0.0,0.0
2010-12-29 00:00:00-05:00,24.0,25.5,24.0,25.5,320,0.0,0.0
2010-12-30 00:00:00-05:00,24.149999618530273,24.899999618530273,24.149999618530273,24.600000381469727,227,0.0,0.0
2010-12-31 00:00:00-05:00,26.700000762939453,30.0,24.75,28.649999618530273,1140,0.0,0.0
2011-01-03 00:00:00-05:00,32.400001525878906,32.400001525878906,27.899999618530273,27.899999618530273,320,0.0,0.0
2011-01-04 00:00:00-05:00,28.5,28.5,27.450000762939453,28.350000381469727,227,0.0,0.0
2011-01-05 00:00:00-05:00,27.75,33.150001525878906,27.75,30.75,767,0.0,0.0
2011-01-06 00:00:00-05:00,32.25,37.79999923706055,32.25,36.45000076293945,600,0.0,0.0
2011-01-07 00:00:00-05:00,37.349998474121094,45.900001525878906,34.650001525878906,41.70000076293945,2753,0.0,0.0
2011-01-10 00:00:00-05:00,42.150001525878906,42.150001525878906,39.75,39.75,207,0.0,0.0
2011-01-11 00:00:00-05:00,39.29999923706055,42.75,38.25,38.400001525878906,360,0.0,0.0
2011-01-12 00:00:00-05:00,38.400001525878906,38.400001525878906,32.400001525878906,33.29999923706055,780,0.0,0.0
2011-01-13 00:00:00-05:00,34.5,41.54999923706055,34.5,37.20000076293945,2740,0.0,0.0
2011-01-14 00:00:00-05:00,39.150001525878906,40.5,39.0,39.0,1007,0.0,0.0
2011-01-18 00:00:00-05:00,39.599998474121094,40.95000076293945,39.29999923706055,40.95000076293945,47,0.0,0.0
2011-01-19 00:00:00-05:00,42.0,42.0,39.0,39.0,413,0.0,0.0
2011-01-20 00:00:00-05:00,39.0,39.0,34.04999923706055,35.54999923706055,780,0.0,0.0
2011-01-21 00:00:00-05:00,37.349998474121094,40.5,36.0,40.5,207,0.0,0.0
2011-01-24 00:00:00-05:00,42.150001525878906,43.95000076293945,35.849998474121094,37.650001525878906,1667,0.0,0.0
2011-01-25 00:00:00-05:00,37.650001525878906,37.650001525878906,34.5,34.5,1213,0.0,0.0
2011-01-26 00:00:00-05:00,34.349998474121094,37.349998474121094,34.349998474121094,37.20000076293945,640,0.0,0.0
2011-01-27 00:00:00-05:00,37.349998474121094,37.650001525878906,35.25,35.25,313,0.0,0.0
2011-01-28 00:00:00-05:00,35.849998474121094,35.849998474121094,31.350000381469727,32.54999923706055,327,0.0,0.0
2011-01-31 00:00:00-05:00,32.25,33.75,32.25,32.25,347,0.0,0.0
2011-02-01 00:00:00-05:00,32.25,34.349998474121094,26.399999618530273,32.54999923706055,1773,0.0,0.0
2011-02-02 00:00:00-05:00,33.599998474121094,35.70000076293945,27.899999618530273,32.54999923706055,680,0.0,0.0
2011-02-03 00:00:00-05:00,34.5,37.5,33.0,33.0,307,0.0,0.0
2011-02-04 00:00:00-05:00,31.950000762939453,31.950000762939453,28.649999618530273,30.600000381469727,1633,0.0,0.0
2011-02-07 00:00:00-05:00,30.0,30.0,29.850000381469727,29.850000381469727,140,0.0,0.0
2011-02-08 00:00:00-05:00,29.549999237060547,31.950000762939453,29.549999237060547,31.5,267,0.0,0.0
2011-02-09 00:00:00-05:00,30.0,31.950000762939453,30.0,31.950000762939453,167,0.0,0.0
2011-02-10 00:00:00-05:00,30.299999237060547,32.849998474121094,24.450000762939453,26.25,10893,0.0,0.0
2011-02-11 00:00:00-05:00,27.0,32.25,25.350000381469727,25.350000381469727,2687,0.0,0.0
2011-02-14 00:00:00-05:00,25.799999237060547,27.600000381469727,25.350000381469727,25.350000381469727,1133,0.0,0.0
2011-02-15 00:00:00-05:00,25.350000381469727,27.0,23.25,25.649999618530273,733,0.0,0.0
2011-02-16 00:00:00-05:00,26.100000381469727,26.100000381469727,22.950000762939453,23.399999618530273,2113,0.0,0.0
2011-02-17 00:00:00-05:00,23.399999618530273,24.0,19.200000762939453,20.25,2827,0.0,0.0
2011-02-18 00:00:00-05:00,20.25,21.600000381469727,19.5,19.5,1520,0.0,0.0
2011-02-22 00:00:00-05:00,19.649999618530273,21.75,19.350000381469727,19.350000381469727,1027,0.0,0.0
2011-02-23 00:00:00-05:00,21.75,21.75,18.75,19.350000381469727,2160,0.0,0.0
2011-02-24 00:00:00-05:00,19.049999237060547,21.0,16.049999237060547,18.149999618530273,5200,0.0,0.0
2011-02-25 00:00:00-05:00,18.149999618530273,21.0,16.5,17.549999237060547,973,0.0,0.0
2011-02-28 00:00:00-05:00,17.549999237060547,18.75,16.799999237060547,17.25,1920,0.0,0.0
2011-03-01 00:00:00-05:00,19.5,20.25,16.049999237060547,16.200000762939453,1180,0.0,0.0
2011-03-02 00:00:00-05:00,16.350000381469727,17.399999618530273,15.300000190734863,15.600000381469727,733,0.0,0.0
2011-03-03 00:00:00-05:00,18.299999237060547,18.299999237060547,14.850000381469727,15.0,2747,0.0,0.0
2011-03-04 00:00:00-05:00,15.300000190734863,17.25,14.850000381469727,15.0,2260,0.0,0.0
2011-03-07 00:00:00-05:00,15.600000381469727,16.350000381469727,13.199999809265137,13.649999618530273,3247,0.0,0.0
2011-03-08 00:00:00-05:00,13.800000190734863,15.0,13.800000190734863,13.800000190734863,1020,0.0,0.0
2011-03-09 00:00:00-05:00,13.800000190734863,13.800000190734863,12.449999809265137,12.449999809265137,2667,0.0,0.0
2011-03-10 00:00:00-05:00,12.449999809265137,14.100000381469727,11.699999809265137,12.0,1153,0.0,0.0
2011-03-11 00:00:00-05:00,12.0,12.0,10.350000381469727,10.350000381469727,1727,0.0,0.0
2011-03-14 00:00:00-04:00,10.350000381469727,11.25,10.199999809265137,10.649999618530273,453,0.0,0.0
2011-03-15 00:00:00-04:00,11.100000381469727,11.100000381469727,9.149999618530273,9.899999618530273,967,0.0,0.0
2011-03-16 00:00:00-04:00,11.699999809265137,11.699999809265137,10.350000381469727,10.5,427,0.0,0.0
2011-03-17 00:00:00-04:00,11.25,11.850000381469727,10.649999618530273,11.25,213,0.0,0.0
2011-03-18 00:00:00-04:00,12.899999618530273,13.199999809265137,12.0,13.199999809265137,560,0.0,0.0
2011-03-21 00:00:00-04:00,13.199999809265137,13.199999809265137,12.300000190734863,12.300000190734863,200,0.0,0.0
2011-03-22 00:00:00-04:00,13.350000381469727,13.350000381469727,12.75,13.350000381469727,47,0.0,0.0
2011-03-23 00:00:00-04:00,12.600000381469727,12.600000381469727,12.600000381469727,12.600000381469727,47,0.0,0.0
2011-03-24 00:00:00-04:00,13.350000381469727,13.350000381469727,13.350000381469727,13.350000381469727,33,0.0,0.0
2011-03-25 00:00:00-04:00,14.100000381469727,14.100000381469727,12.75,12.899999618530273,67,0.0,0.0
2011-03-28 00:00:00-04:00,12.75,12.75,12.300000190734863,12.75,273,0.0,0.0
2011-03-29 00:00:00-04:00,12.300000190734863,12.300000190734863,12.300000190734863,12.300000190734863,13,0.0,0.0
2011-03-30 00:00:00-04:00,13.5,13.5,13.5,13.5,13,0.0,0.0
2011-03-31 00:00:00-04:00,13.5,13.5,13.5,13.5,0,0.0,0.0
2011-04-01 00:00:00-04:00,14.25,14.25,12.300000190734863,12.300000190734863,560,0.0,0.0
2011-04-04 00:00:00-04:00,12.300000190734863,12.600000381469727,10.5,10.5,973,0.0,0.0
2011-04-05 00:00:00-04:00,10.5,10.5,10.5,10.5,0,0.0,0.0
2011-04-06 00:00:00-04:00,10.350000381469727,10.649999618530273,10.199999809265137,10.350000381469727,1700,0.0,0.0
2011-04-07 00:00:00-04:00,10.949999809265137,13.350000381469727,10.350000381469727,12.149999618530273,627,0.0,0.0
2011-04-08 00:00:00-04:00,12.899999618530273,12.899999618530273,11.25,11.550000190734863,127,0.0,0.0
2011-04-11 00:00:00-04:00,11.550000190734863,12.0,9.75,10.199999809265137,1740,0.0,0.0
2011-04-12 00:00:00-04:00,10.649999618530273,10.649999618530273,9.600000381469727,9.600000381469727,773,0.0,0.0
2011-04-13 00:00:00-04:00,10.050000190734863,10.050000190734863,9.149999618530273,9.149999618530273,1827,0.0,0.0
2011-04-14 00:00:00-04:00,9.0,9.149999618530273,7.800000190734863,7.800000190734863,1640,0.0,0.0
2011-04-15 00:00:00-04:00,8.850000381469727,8.850000381469727,7.800000190734863,7.800000190734863,73,0.0,0.0
2011-04-18 00:00:00-04:00,7.949999809265137,9.449999809265137,7.949999809265137,9.300000190734863,1120,0.0,0.0
2011-04-19 00:00:00-04:00,10.800000190734863,10.800000190734863,8.699999809265137,9.600000381469727,487,0.0,0.0
2011-04-20 00:00:00-04:00,9.75,9.75,8.699999809265137,9.0,1933,0.0,0.0
2011-04-21 00:00:00-04:00,9.0,9.149999618530273,8.699999809265137,8.850000381469727,513,0.0,0.0
2011-04-25 00:00:00-04:00,9.0,9.0,7.800000190734863,8.550000190734863,1893,0.0,0.0
2011-04-26 00:00:00-04:00,8.100000381469727,8.399999618530273,7.800000190734863,8.100000381469727,100,0.0,0.0
2011-04-27 00:00:00-04:00,8.25,8.25,7.5,7.5,3067,0.0,0.0
2011-04-28 00:00:00-04:00,7.5,7.5,5.849999904632568,5.849999904632568,1533,0.0,0.0
2011-04-29 00:00:00-04:00,4.949999809265137,13.5,4.650000095367432,8.25,4133,0.0,0.0
2011-05-02 00:00:00-04:00,9.300000190734863,10.5,6.900000095367432,8.399999618530273,3067,0.0,0.0
2011-05-03 00:00:00-04:00,9.300000190734863,9.300000190734863,7.050000190734863,7.800000190734863,520,0.0,0.0
2011-05-04 00:00:00-04:00,6.900000095367432,9.300000190734863,6.900000095367432,7.5,247,0.0,0.0
2011-05-05 00:00:00-04:00,7.199999809265137,8.850000381469727,7.199999809265137,8.100000381469727,67,0.0,0.0
2011-05-06 00:00:00-04:00,8.550000190734863,9.0,8.550000190734863,8.550000190734863,660,0.0,0.0
2011-05-09 00:00:00-04:00,8.100000381469727,9.0,7.800000190734863,8.699999809265137,667,0.0,0.0
2011-05-10 00:00:00-04:00,8.100000381469727,8.399999618530273,7.5,8.399999618530273,833,0.0,0.0
2011-05-11 00:00:00-04:00,9.0,9.0,7.949999809265137,8.550000190734863,127,0.0,0.0
2011-05-12 00:00:00-04:00,8.550000190734863,8.550000190734863,6.900000095367432,6.900000095367432,967,0.0,0.0
2011-05-13 00:00:00-04:00,7.5,8.699999809265137,7.349999904632568,7.5,387,0.0,0.0
2011-05-16 00:00:00-04:00,9.0,9.0,7.349999904632568,7.349999904632568,133,0.0,0.0
2011-05-17 00:00:00-04:00,8.850000381469727,8.850000381469727,7.199999809265137,7.199999809265137,953,0.0,0.0
2011-05-18 00:00:00-04:00,7.800000190734863,7.800000190734863,7.199999809265137,7.199999809265137,147,0.0,0.0
2011-05-19 00:00:00-04:00,7.800000190734863,7.800000190734863,7.800000190734863,7.800000190734863,7,0.0,0.0
2011-05-20 00:00:00-04:00,7.349999904632568,7.800000190734863,7.199999809265137,7.800000190734863,73,0.0,0.0
2011-05-23 00:00:00-04:00,7.949999809265137,9.0,7.949999809265137,8.399999618530273,667,0.0,0.0
2011-05-24 00:00:00-04:00,8.850000381469727,8.850000381469727,8.25,8.550000190734863,120,0.0,0.0
2011-05-25 00:00:00-04:00,8.850000381469727,8.850000381469727,8.550000190734863,8.550000190734863,467,0.0,0.0
2011-05-26 00:00:00-04:00,8.850000381469727,8.850000381469727,8.550000190734863,8.550000190734863,100,0.0,0.0
2011-05-27 00:00:00-04:00,8.850000381469727,8.850000381469727,8.399999618530273,8.850000381469727,433,0.0,0.0
2011-05-31 00:00:00-04:00,9.0,9.75,8.850000381469727,8.850000381469727,613,0.0,0.0
2011-06-01 00:00:00-04:00,8.550000190734863,9.600000381469727,8.550000190734863,9.300000190734863,440,0.0,0.0
2011-06-02 00:00:00-04:00,9.300000190734863,9.300000190734863,8.699999809265137,8.699999809265137,113,0.0,0.0
2011-06-03 00:00:00-04:00,9.0,9.0,8.550000190734863,8.550000190734863,213,0.0,0.0
2011-06-06 00:00:00-04:00,8.550000190734863,8.550000190734863,8.25,8.25,200,0.0,0.0
2011-06-07 00:00:00-04:00,7.5,8.25,7.5,8.25,80,0.0,0.0
2011-06-08 00:00:00-04:00,7.5,7.949999809265137,7.5,7.800000190734863,67,0.0,0.0
2011-06-09 00:00:00-04:00,8.25,8.25,8.25,8.25,80,0.0,0.0
2011-06-10 00:00:00-04:00,8.25,8.25,8.25,8.25,0,0.0,0.0
2011-06-13 00:00:00-04:00,8.100000381469727,8.25,7.949999809265137,7.949999809265137,727,0.0,0.0
2011-06-14 00:00:00-04:00,8.100000381469727,8.25,7.949999809265137,8.25,407,0.0,0.0
2011-06-15 00:00:00-04:00,7.949999809265137,8.399999618530273,7.949999809265137,8.25,120,0.0,0.0
2011-06-16 00:00:00-04:00,8.25,8.25,7.949999809265137,7.949999809265137,367,0.0,0.0
2011-06-17 00:00:00-04:00,8.100000381469727,8.399999618530273,7.650000095367432,8.399999618530273,40,0.0,0.0
2011-06-20 00:00:00-04:00,7.5,8.25,7.5,8.100000381469727,73,0.0,0.0
2011-06-21 00:00:00-04:00,7.650000095367432,7.650000095367432,7.5,7.5,13,0.0,0.0
2011-06-22 00:00:00-04:00,7.5,7.5,7.5,7.5,0,0.0,0.0
2011-06-23 00:00:00-04:00,8.25,8.25,7.650000095367432,7.650000095367432,220,0.0,0.0
2011-06-24 00:00:00-04:00,8.699999809265137,8.699999809265137,8.25,8.25,73,0.0,0.0
2011-06-27 00:00:00-04:00,8.100000381469727,8.100000381469727,8.100000381469727,8.100000381469727,40,0.0,0.0
2011-06-28 00:00:00-04:00,8.25,8.699999809265137,8.25,8.399999618530273,227,0.0,0.0
2011-06-29 00:00:00-04:00,7.800000190734863,8.399999618530273,7.800000190734863,8.25,567,0.0,0.0
2011-06-30 00:00:00-04:00,8.25,13.5,8.25,12.0,5867,0.0,0.0
2011-07-01 00:00:00-04:00,12.75,13.199999809265137,12.0,13.050000190734863,1673,0.0,0.0
2011-07-05 00:00:00-04:00,13.050000190734863,13.050000190734863,12.300000190734863,12.75,680,0.0,0.0
2011-07-06 00:00:00-04:00,12.899999618530273,13.199999809265137,12.0,12.600000381469727,487,0.0,0.0
2011-07-07 00:00:00-04:00,12.0,12.600000381469727,12.0,12.449999809265137,587,0.0,0.0
2011-07-08 00:00:00-04:00,13.199999809265137,13.199999809265137,12.0,13.199999809265137,800,0.0,0.0
2011-07-11 00:00:00-04:00,13.199999809265137,15.0,13.050000190734863,14.699999809265137,1740,0.0,0.0
2011-07-12 00:00:00-04:00,14.699999809265137,18.299999237060547,14.699999809265137,16.799999237060547,2793,0.0,0.0
2011-07-13 00:00:00-04:00,16.799999237060547,16.799999237060547,15.75,16.649999618530273,2520,0.0,0.0
2011-07-14 00:00:00-04:00,16.799999237060547,16.799999237060547,16.799999237060547,16.799999237060547,113,0.0,0.0
2011-07-15 00:00:00-04:00,16.799999237060547,16.799999237060547,15.300000190734863,15.600000381469727,527,0.0,0.0
2011-07-18 00:00:00-04:00,16.200000762939453,16.5,13.649999618530273,14.100000381469727,2007,0.0,0.0
2011-07-19 00:00:00-04:00,14.399999618530273,14.399999618530273,11.399999618530273,11.550000190734863,1033,0.0,0.0
2011-07-20 00:00:00-04:00,11.550000190734863,13.949999809265137,11.550000190734863,13.5,560,0.0,0.0
2011-07-21 00:00:00-04:00,13.050000190734863,13.5,11.699999809265137,12.449999809265137,440,0.0,0.0
2011-07-22 00:00:00-04:00,13.5,13.5,12.600000381469727,12.600000381469727,160,0.0,0.0
2011-07-25 00:00:00-04:00,12.600000381469727,12.600000381469727,11.550000190734863,12.149999618530273,300,0.0,0.0
2011-07-26 00:00:00-04:00,11.100000381469727,11.550000190734863,8.850000381469727,10.5,753,0.0,0.0
2011-07-27 00:00:00-04:00,10.5,10.5,8.100000381469727,10.050000190734863,740,0.0,0.0
2011-07-28 00:00:00-04:00,9.149999618530273,9.75,9.0,9.0,480,0.0,0.0
2011-07-29 00:00:00-04:00,9.0,9.0,8.399999618530273,8.399999618530273,233,0.0,0.0
2011-08-01 00:00:00-04:00,9.0,12.149999618530273,8.699999809265137,10.800000190734863,2947,0.0,0.0
2011-08-02 00:00:00-04:00,11.550000190734863,11.550000190734863,8.699999809265137,10.050000190734863,407,0.0,0.0
2011-08-03 00:00:00-04:00,11.100000381469727,11.100000381469727,9.0,9.300000190734863,367,0.0,0.0
2011-08-04 00:00:00-04:00,10.199999809265137,10.199999809265137,9.449999809265137,9.449999809265137,273,0.0,0.0
2011-08-05 00:00:00-04:00,10.199999809265137,11.100000381469727,9.75,11.100000381469727,613,0.0,0.0
2011-08-08 00:00:00-04:00,11.100000381469727,11.100000381469727,10.5,10.5,367,0.0,0.0
2011-08-09 00:00:00-04:00,8.550000190734863,9.149999618530273,8.25,8.25,67,0.0,0.0
2011-08-10 00:00:00-04:00,11.100000381469727,11.100000381469727,9.149999618530273,11.100000381469727,133,0.0,0.0
2011-08-11 00:00:00-04:00,10.050000190734863,10.050000190734863,9.75,10.050000190734863,187,0.0,0.0
2011-08-12 00:00:00-04:00,10.350000381469727,10.350000381469727,10.350000381469727,10.350000381469727,7,0.0,0.0
2011-08-15 00:00:00-04:00,10.350000381469727,11.100000381469727,10.350000381469727,11.100000381469727,127,0.0,0.0
2011-08-16 00:00:00-04:00,10.800000190734863,10.800000190734863,10.800000190734863,10.800000190734863,47,0.0,0.0
2011-08-17 00:00:00-04:00,11.100000381469727,11.100000381469727,9.899999618530273,9.899999618530273,53,0.0,0.0
2011-08-18 00:00:00-04:00,10.350000381469727,10.350000381469727,10.350000381469727,10.350000381469727,40,0.0,0.0
2011-08-19 00:00:00-04:00,9.75,9.75,9.75,9.75,67,0.0,0.0
2011-08-22 00:00:00-04:00,9.75,9.75,9.149999618530273,9.149999618530273,1160,0.0,0.0
2011-08-23 00:00:00-04:00,9.0,10.649999618530273,9.0,9.449999809265137,180,0.0,0.0
2011-08-24 00:00:00-04:00,10.649999618530273,10.649999618530273,9.75,9.75,33,0.0,0.0
2011-08-25 00:00:00-04:00,9.75,9.75,9.600000381469727,9.75,67,0.0,0.0
2011-08-26 00:00:00-04:00,9.75,9.75,9.75,9.75,0,0.0,0.0
2011-08-29 00:00:00-04:00,9.75,9.75,9.75,9.75,0,0.0,0.0
2011-08-30 00:00:00-04:00,9.899999618530273,10.5,9.75,9.75,167,0.0,0.0
2011-08-31 00:00:00-04:00,9.899999618530273,9.899999618530273,9.899999618530273,9.899999618530273,27,0.0,0.0
2011-09-01 00:00:00-04:00,9.899999618530273,9.899999618530273,9.899999618530273,9.899999618530273,833,0.0,0.0
2011-09-02 00:00:00-04:00,10.350000381469727,10.350000381469727,10.350000381469727,10.350000381469727,7,0.0,0.0
2011-09-06 00:00:00-04:00,10.350000381469727,10.350000381469727,9.899999618530273,9.899999618530273,27,0.0,0.0
2011-09-07 00:00:00-04:00,10.5,10.5,10.5,10.5,20,0.0,0.0
2011-09-08 00:00:00-04:00,10.5,10.5,10.5,10.5,0,0.0,0.0
2011-09-09 00:00:00-04:00,10.5,10.5,10.5,10.5,47,0.0,0.0
2011-09-12 00:00:00-04:00,10.5,10.5,10.5,10.5,0,0.0,0.0
2011-09-13 00:00:00-04:00,9.899999618530273,9.899999618530273,9.899999618530273,9.899999618530273,13,0.0,0.0
2011-09-14 00:00:00-04:00,9.449999809265137,9.899999618530273,9.449999809265137,9.75,487,0.0,0.0
2011-09-15 00:00:00-04:00,9.75,9.75,9.75,9.75,0,0.0,0.0
2011-09-16 00:00:00-04:00,9.449999809265137,9.449999809265137,9.449999809265137,9.449999809265137,347,0.0,0.0
2011-09-19 00:00:00-04:00,9.449999809265137,9.449999809265137,9.449999809265137,9.449999809265137,293,0.0,0.0
2011-09-20 00:00:00-04:00,9.449999809265137,9.449999809265137,9.449999809265137,9.449999809265137,100,0.0,0.0
2011-09-21 00:00:00-04:00,9.449999809265137,9.449999809265137,9.449999809265137,9.449999809265137,0,0.0,0.0
2011-09-22 00:00:00-04:00,10.5,10.5,10.199999809265137,10.199999809265137,113,0.0,0.0
2011-09-23 00:00:00-04:00,10.199999809265137,10.199999809265137,9.300000190734863,9.300000190734863,73,0.0,0.0
2011-09-26 00:00:00-04:00,9.0,9.0,9.0,9.0,107,0.0,0.0
2011-09-27 00:00:00-04:00,8.850000381469727,8.850000381469727,6.0,6.449999809265137,847,0.0,0.0
2011-09-28 00:00:00-04:00,7.800000190734863,7.800000190734863,6.75,7.050000190734863,167,0.0,0.0
2011-09-29 00:00:00-04:00,7.800000190734863,7.949999809265137,7.800000190734863,7.949999809265137,40,0.0,0.0
2011-09-30 00:00:00-04:00,7.5,7.5,6.0,6.150000095367432,213,0.0,0.0
2011-10-03 00:00:00-04:00,6.449999809265137,6.449999809265137,5.699999809265137,5.699999809265137,913,0.0,0.0
2011-10-04 00:00:00-04:00,5.699999809265137,6.300000190734863,5.25,5.25,667,0.0,0.0
2011-10-05 00:00:00-04:00,5.550000190734863,6.0,5.400000095367432,5.550000190734863,93,0.0,0.0
2011-10-06 00:00:00-04:00,6.449999809265137,6.75,6.449999809265137,6.75,773,0.0,0.0
2011-10-07 00:00:00-04:00,5.699999809265137,5.699999809265137,4.800000190734863,5.550000190734863,207,0.0,0.0
2011-10-10 00:00:00-04:00,5.550000190734863,5.550000190734863,5.550000190734863,5.550000190734863,0,0.0,0.0
2011-10-11 00:00:00-04:00,6.0,6.599999904632568,6.0,6.599999904632568,40,0.0,0.0
2011-10-12 00:00:00-04:00,6.75,8.25,6.75,8.25,647,0.0,0.0
2011-10-13 00:00:00-04:00,8.100000381469727,9.0,7.5,7.5,293,0.0,0.0
2011-10-14 00:00:00-04:00,7.5,7.5,7.5,7.5,33,0.0,0.0
2011-10-17 00:00:00-04:00,8.25,8.25,8.100000381469727,8.25,133,0.0,0.0
2011-10-18 00:00:00-04:00,8.699999809265137,8.699999809265137,8.699999809265137,8.699999809265137,27,0.0,0.0
2011-10-19 00:00:00-04:00,7.650000095367432,7.949999809265137,7.650000095367432,7.949999809265137,93,0.0,0.0
2011-10-20 00:00:00-04:00,6.599999904632568,7.800000190734863,6.0,6.0,540,0.0,0.0
2011-10-21 00:00:00-04:00,7.650000095367432,7.650000095367432,7.349999904632568,7.349999904632568,33,0.0,0.0
2011-10-24 00:00:00-04:00,6.0,6.0,6.0,6.0,13,0.0,0.0
2011-10-25 00:00:00-04:00,8.850000381469727,8.850000381469727,6.0,6.0,213,0.0,0.0
2011-10-26 00:00:00-04:00,6.900000095367432,7.5,6.900000095367432,7.5,87,0.0,0.0
2011-10-27 00:00:00-04:00,9.0,9.0,8.699999809265137,8.699999809265137,520,0.0,0.0
2011-10-28 00:00:00-04:00,8.699999809265137,8.699999809265137,6.150000095367432,7.949999809265137,100,0.0,0.0
2011-10-31 00:00:00-04:00,6.599999904632568,6.599999904632568,6.0,6.0,473,0.0,0.0
2011-11-01 00:00:00-04:00,5.949999809265137,5.949999809265137,5.949999809265137,5.949999809265137,600,0.0,0.06666666666666667
2011-11-02 00:00:00-04:00,5.949999809265137,5.949999809265137,5.949999809265137,5.949999809265137,0,0.0,0.0
2011-11-03 00:00:00-04:00,5.949999809265137,5.949999809265137,5.949999809265137,5.949999809265137,0,0.0,0.0
2011-11-04 00:00:00-04:00,4.300000190734863,4.300000190734863,4.300000190734863,4.300000190734863,100,0.0,0.0
2011-11-07 00:00:00-05:00,4.300000190734863,4.300000190734863,4.300000190734863,4.300000190734863,0,0.0,0.0
2011-11-08 00:00:00-05:00,4.300000190734863,4.300000190734863,4.300000190734863,4.300000190734863,200,0.0,0.0
2011-11-09 00:00:00-05:00,4.300000190734863,4.300000190734863,4.300000190734863,4.300000190734863,0,0.0,0.0
2011-11-10 00:00:00-05:00,4.300000190734863,4.300000190734863,4.300000190734863,4.300000190734863,200,0.0,0.0
2011-11-11 00:00:00-05:00,4.300000190734863,4.300000190734863,4.300000190734863,4.300000190734863,200,0.0,0.0
2011-11-14 00:00:00-05:00,4.300000190734863,4.300000190734863,4.300000190734863,4.300000190734863,0,0.0,0.0
2011-11-15 00:00:00-05:00,4.300000190734863,4.300000190734863,4.300000190734863,4.300000190734863,100,0.0,0.0
2011-11-16 00:00:00-05:00,3.369999885559082,3.9600000381469727,3.3299999237060547,3.9600000381469727,600,0.0,0.0
2011-11-17 00:00:00-05:00,3.1700000762939453,4.289999961853027,3.1600000858306885,3.619999885559082,3100,0.0,0.0
2011-11-18 00:00:00-05:00,2.990000009536743,2.990000009536743,2.990000009536743,2.990000009536743,200,0.0,0.0
2011-11-21 00:00:00-05:00,2.990000009536743,2.990000009536743,2.990000009536743,2.990000009536743,0,0.0,0.0
2011-11-22 00:00:00-05:00,2.990000009536743,2.990000009536743,2.990000009536743,2.990000009536743,0,0.0,0.0
2011-11-23 00:00:00-05:00,2.9000000953674316,2.9000000953674316,2.799999952316284,2.799999952316284,400,0.0,0.0
2011-11-25 00:00:00-05:00,2.799999952316284,2.799999952316284,2.799999952316284,2.799999952316284,0,0.0,0.0
2011-11-28 00:00:00-05:00,2.799999952316284,2.799999952316284,2.799999952316284,2.799999952316284,0,0.0,0.0
2011-11-29 00:00:00-05:00,1.3600000143051147,1.5299999713897705,1.100000023841858,1.5,3200,0.0,0.0
2011-11-30 00:00:00-05:00,2.490000009536743,7.900000095367432,2.450000047683716,6.099999904632568,47600,0.0,0.0
2011-12-01 00:00:00-05:00,7.900000095367432,18.0,7.5,12.550000190734863,236800,0.0,0.0
2011-12-02 00:00:00-05:00,14.489999771118164,17.40999984741211,13.0,13.8100004196167,150000,0.0,0.0
2011-12-05 00:00:00-05:00,13.539999961853027,13.539999961853027,9.779999732971191,10.800000190734863,62600,0.0,0.0
2011-12-06 00:00:00-05:00,10.630000114440918,12.0,9.75,10.010000228881836,25500,0.0,0.0
2011-12-07 00:00:00-05:00,10.800000190734863,11.90999984741211,10.0,11.5,20800,0.0,0.0
2011-12-08 00:00:00-05:00,11.069999694824219,13.5,10.760000228881836,11.710000038146973,26600,0.0,0.0
2011-12-09 00:00:00-05:00,13.430000305175781,13.430000305175781,11.369999885559082,12.539999961853027,10700,0.0,0.0
2011-12-12 00:00:00-05:00,13.800000190734863,13.800000190734863,12.260000228881836,12.470000267028809,4900,0.0,0.0
2011-12-13 00:00:00-05:00,12.470000267028809,12.470000267028809,11.0,11.5,4500,0.0,0.0
2011-12-14 00:00:00-05:00,11.119999885559082,11.699999809265137,11.0,11.050000190734863,5400,0.0,0.0
2011-12-15 00:00:00-05:00,11.800000190734863,11.800000190734863,10.359999656677246,11.0,4300,0.0,0.0
2011-12-16 00:00:00-05:00,11.0,11.949999809265137,10.020000457763672,11.050000190734863,1000,0.0,0.0
2011-12-19 00:00:00-05:00,10.430000305175781,11.010000228881836,10.390000343322754,10.819999694824219,3500,0.0,0.0
2011-12-20 00:00:00-05:00,10.4399995803833,10.600000381469727,10.300000190734863,10.300000190734863,1500,0.0,0.0
2011-12-21 00:00:00-05:00,10.15999984741211,10.15999984741211,10.09000015258789,10.09000015258789,1300,0.0,0.0
2011-12-22 00:00:00-05:00,9.930000305175781,10.449999809265137,8.609999656677246,9.0,21900,0.0,0.0
2011-12-23 00:00:00-05:00,8.829999923706055,10.09000015258789,8.829999923706055,9.15999984741211,8200,0.0,0.0
2011-12-27 00:00:00-05:00,7.849999904632568,8.829999923706055,7.849999904632568,8.449999809265137,900,0.0,0.0
2011-12-28 00:00:00-05:00,9.539999961853027,10.149999618530273,8.0,8.149999618530273,13700,0.0,0.0
2011-12-29 00:00:00-05:00,8.210000038146973,10.199999809265137,8.149999618530273,8.649999618530273,3100,0.0,0.0
2011-12-30 00:00:00-05:00,8.229999542236328,9.989999771118164,7.849999904632568,8.289999961853027,6400,0.0,0.0
2012-01-03 00:00:00-05:00,9.729999542236328,9.949999809265137,9.15999984741211,9.319999694824219,2200,0.0,0.0
2012-01-04 00:00:00-05:00,8.0,8.520000457763672,8.0,8.520000457763672,900,0.0,0.0
2012-01-05 00:00:00-05:00,8.520000457763672,8.520000457763672,8.520000457763672,8.520000457763672,0,0.0,0.0
2012-01-06 00:00:00-05:00,9.5,10.710000038146973,8.569999694824219,9.510000228881836,9600,0.0,0.0
2012-01-09 00:00:00-05:00,9.520000457763672,9.520000457763672,9.520000457763672,9.520000457763672,300,0.0,0.0
2012-01-10 00:00:00-05:00,8.319999694824219,8.319999694824219,8.170000076293945,8.170000076293945,1100,0.0,0.0
2012-01-11 00:00:00-05:00,8.329999923706055,10.5,8.329999923706055,9.0,8000,0.0,0.0
2012-01-12 00:00:00-05:00,9.649999618530273,10.0,9.350000381469727,9.640000343322754,2000,0.0,0.0
2012-01-13 00:00:00-05:00,9.600000381469727,9.640000343322754,9.550000190734863,9.550000190734863,500,0.0,0.0
2012-01-17 00:00:00-05:00,9.680000305175781,10.0,8.75,10.0,3600,0.0,0.0
2012-01-18 00:00:00-05:00,9.5,9.5,9.350000381469727,9.350000381469727,1200,0.0,0.0
2012-01-19 00:00:00-05:00,9.40999984741211,9.40999984741211,8.850000381469727,8.850000381469727,2000,0.0,0.0
2012-01-20 00:00:00-05:00,9.899999618530273,10.0,8.260000228881836,9.850000381469727,2600,0.0,0.0
2012-01-23 00:00:00-05:00,10.989999771118164,10.989999771118164,8.869999885559082,9.970000267028809,4200,0.0,0.0
2012-01-24 00:00:00-05:00,9.890000343322754,9.890000343322754,9.15999984741211,9.289999961853027,400,0.0,0.0
2012-01-25 00:00:00-05:00,9.289999961853027,9.289999961853027,9.289999961853027,9.289999961853027,0,0.0,0.0
2012-01-26 00:00:00-05:00,9.75,9.75,9.050000190734863,9.75,700,0.0,0.0
2012-01-27 00:00:00-05:00,10.0,10.6899995803833,9.199999809265137,9.199999809265137,1000,0.0,0.0
2012-01-30 00:00:00-05:00,9.210000038146973,9.210000038146973,9.210000038146973,9.210000038146973,100,0.0,0.0
2012-01-31 00:00:00-05:00,9.260000228881836,9.420000076293945,9.199999809265137,9.420000076293945,600,0.0,0.0
2012-02-01 00:00:00-05:00,9.199999809265137,9.199999809265137,9.199999809265137,9.199999809265137,200,0.0,0.0
2012-02-02 00:00:00-05:00,9.25,9.260000228881836,9.199999809265137,9.210000038146973,1700,0.0,0.0
2012-02-03 00:00:00-05:00,9.199999809265137,9.199999809265137,9.199999809265137,9.199999809265137,400,0.0,0.0
2012-02-06 00:00:00-05:00,9.100000381469727,9.100000381469727,8.630000114440918,8.630000114440918,2100,0.0,0.0
2012-02-07 00:00:00-05:00,8.520000457763672,8.520000457763672,8.520000457763672,8.520000457763672,100,0.0,0.0
2012-02-08 00:00:00-05:00,8.829999923706055,8.829999923706055,8.829999923706055,8.829999923706055,1500,0.0,0.0
2012-02-09 00:00:00-05:00,8.300000190734863,9.0,8.300000190734863,9.0,2900,0.0,0.0
2012-02-10 00:00:00-05:00,8.600000381469727,8.609999656677246,8.300000190734863,8.609999656677246,1700,0.0,0.0
2012-02-13 00:00:00-05:00,8.449999809265137,8.5,8.449999809265137,8.449999809265137,1500,0.0,0.0
2012-02-14 00:00:00-05:00,8.34000015258789,8.34000015258789,8.039999961853027,8.039999961853027,1600,0.0,0.0
2012-02-15 00:00:00-05:00,8.050000190734863,8.050000190734863,8.050000190734863,8.050000190734863,200,0.0,0.0
2012-02-16 00:00:00-05:00,8.079999923706055,8.079999923706055,8.0600004196167,8.0600004196167,200,0.0,0.0
2012-02-17 00:00:00-05:00,8.229999542236328,8.369999885559082,8.229999542236328,8.229999542236328,600,0.0,0.0
2012-02-21 00:00:00-05:00,8.239999771118164,8.239999771118164,7.110000133514404,7.159999847412109,2300,0.0,0.0
2012-02-22 00:00:00-05:00,7.099999904632568,7.25,6.849999904632568,7.0,1300,0.0,0.0
2012-02-23 00:00:00-05:00,7.0,7.0,7.0,7.0,0,0.0,0.0
2012-02-24 00:00:00-05:00,6.860000133514404,6.860000133514404,5.849999904632568,6.099999904632568,6500,0.0,0.0
2012-02-27 00:00:00-05:00,6.349999904632568,6.349999904632568,6.099999904632568,6.099999904632568,2100,0.0,0.0
2012-02-28 00:00:00-05:00,6.28000020980835,6.75,6.119999885559082,6.650000095367432,4100,0.0,0.0
2012-02-29 00:00:00-05:00,6.179999828338623,6.650000095367432,6.130000114440918,6.130000114440918,1200,0.0,0.0
2012-03-01 00:00:00-05:00,5.960000038146973,6.46999979019165,5.349999904632568,6.239999771118164,6800,0.0,0.0
2012-03-02 00:00:00-05:00,6.269999980926514,6.269999980926514,6.269999980926514,6.269999980926514,300,0.0,0.0
2012-03-05 00:00:00-05:00,6.269999980926514,6.269999980926514,6.269999980926514,6.269999980926514,0,0.0,0.0
2012-03-06 00:00:00-05:00,6.179999828338623,6.179999828338623,6.179999828338623,6.179999828338623,1000,0.0,0.0
2012-03-07 00:00:00-05:00,6.079999923706055,6.079999923706055,6.079999923706055,6.079999923706055,100,0.0,0.0
2012-03-08 00:00:00-05:00,6.010000228881836,6.010000228881836,5.400000095367432,5.489999771118164,900,0.0,0.0
2012-03-09 00:00:00-05:00,5.429999828338623,6.03000020980835,5.400000095367432,5.400000095367432,5800,0.0,0.0
2012-03-12 00:00:00-04:00,5.0,5.53000020980835,5.0,5.400000095367432,1900,0.0,0.0
2012-03-13 00:00:00-04:00,5.300000190734863,5.300000190734863,5.300000190734863,5.300000190734863,100,0.0,0.0
2012-03-14 00:00:00-04:00,6.0,6.0,6.0,6.0,1200,0.0,0.0
2012-03-15 00:00:00-04:00,5.5,6.769999980926514,5.5,6.769999980926514,5200,0.0,0.0
2012-03-16 00:00:00-04:00,6.789999961853027,8.5,6.789999961853027,8.0600004196167,4800,0.0,0.0
2012-03-19 00:00:00-04:00,8.5,9.0,6.800000190734863,6.800000190734863,11200,0.0,0.0
2012-03-20 00:00:00-04:00,7.099999904632568,7.25,6.820000171661377,7.25,2800,0.0,0.0
2012-03-21 00:00:00-04:00,7.71999979019165,8.0,7.71999979019165,7.71999979019165,4000,0.0,0.0
2012-03-22 00:00:00-04:00,7.71999979019165,7.71999979019165,7.71999979019165,7.71999979019165,0,0.0,0.0
2012-03-23 00:00:00-04:00,7.25,8.449999809265137,7.25,7.789999961853027,2100,0.0,0.0
2012-03-26 00:00:00-04:00,8.0,8.199999809265137,7.21999979019165,8.199999809265137,900,0.0,0.0
2012-03-27 00:00:00-04:00,7.349999904632568,7.349999904632568,7.199999809265137,7.230000019073486,5700,0.0,0.0
2012-03-28 00:00:00-04:00,7.349999904632568,7.349999904632568,6.800000190734863,6.800000190734863,700,0.0,0.0
2012-03-29 00:00:00-04:00,6.800000190734863,7.5,6.039999961853027,6.559999942779541,3100,0.0,0.0
2012-03-30 00:00:00-04:00,7.099999904632568,7.5,7.099999904632568,7.5,400,0.0,0.0
2012-04-02 00:00:00-04:00,6.929999828338623,6.929999828338623,6.53000020980835,6.53000020980835,1200,0.0,0.0
2012-04-03 00:00:00-04:00,6.53000020980835,6.53000020980835,6.53000020980835,6.53000020980835,0,0.0,0.0
2012-04-04 00:00:00-04:00,6.699999809265137,6.699999809265137,6.590000152587891,6.590000152587891,1900,0.0,0.0
2012-04-05 00:00:00-04:00,6.369999885559082,6.369999885559082,5.0,6.090000152587891,12000,0.0,0.0
2012-04-09 00:00:00-04:00,6.099999904632568,6.099999904632568,6.099999904632568,6.099999904632568,200,0.0,0.0
2012-04-10 00:00:00-04:00,5.400000095367432,5.400000095367432,5.010000228881836,5.010000228881836,1600,0.0,0.0
2012-04-11 00:00:00-04:00,5.989999771118164,6.0,5.989999771118164,6.0,500,0.0,0.0
2012-04-12 00:00:00-04:00,5.510000228881836,5.769999980926514,5.510000228881836,5.670000076293945,1700,0.0,0.0
2012-04-13 00:00:00-04:00,5.670000076293945,5.670000076293945,5.46999979019165,5.480000019073486,1400,0.0,0.0
2012-04-16 00:00:00-04:00,5.079999923706055,5.079999923706055,5.079999923706055,5.079999923706055,200,0.0,0.0
2012-04-17 00:00:00-04:00,5.099999904632568,5.75,5.099999904632568,5.489999771118164,1400,0.0,0.0
2012-04-18 00:00:00-04:00,5.0,5.0,5.0,5.0,300,0.0,0.0
2012-04-19 00:00:00-04:00,5.0,5.0,5.0,5.0,0,0.0,0.0
2012-04-20 00:00:00-04:00,6.0,6.070000171661377,4.5,5.0,8100,0.0,0.0
2012-04-23 00:00:00-04:00,4.690000057220459,4.690000057220459,4.690000057220459,4.690000057220459,400,0.0,0.0
2012-04-24 00:00:00-04:00,5.25,5.25,5.0,5.059999942779541,900,0.0,0.0
2012-04-25 00:00:00-04:00,5.059999942779541,5.059999942779541,5.059999942779541,5.059999942779541,0,0.0,0.0
2012-04-26 00:00:00-04:00,5.650000095367432,6.03000020980835,4.5,4.849999904632568,2500,0.0,0.0
2012-04-27 00:00:00-04:00,4.849999904632568,4.849999904632568,4.849999904632568,4.849999904632568,200,0.0,0.0
2012-04-30 00:00:00-04:00,4.849999904632568,4.849999904632568,4.849999904632568,4.849999904632568,0,0.0,0.0
2012-05-01 00:00:00-04:00,6.0,6.0,5.880000114440918,5.889999866485596,4300,0.0,0.0
2012-05-02 00:00:00-04:00,5.889999866485596,5.889999866485596,5.889999866485596,5.889999866485596,0,0.0,0.0
2012-05-03 00:00:00-04:00,5.380000114440918,5.400000095367432,5.0,5.0,500,0.0,0.0
2012-05-04 00:00:00-04:00,4.989999771118164,4.989999771118164,4.989999771118164,4.989999771118164,300,0.0,0.0
2012-05-07 00:00:00-04:00,4.809999942779541,4.849999904632568,4.809999942779541,4.849999904632568,400,0.0,0.0
2012-05-08 00:00:00-04:00,5.010000228881836,5.010000228881836,4.860000133514404,4.880000114440918,3400,0.0,0.0
2012-05-09 00:00:00-04:00,4.880000114440918,4.880000114440918,4.880000114440918,4.880000114440918,0,0.0,0.0
2012-05-10 00:00:00-04:00,4.949999809265137,4.949999809265137,4.75,4.75,600,0.0,0.0
2012-05-11 00:00:00-04:00,4.699999809265137,4.699999809265137,4.699999809265137,4.699999809265137,200,0.0,0.0
2012-05-14 00:00:00-04:00,4.5,4.5,4.5,4.5,200,0.0,0.0
2012-05-15 00:00:00-04:00,4.5,4.5,4.5,4.5,0,0.0,0.0
2012-05-16 00:00:00-04:00,3.819999933242798,3.819999933242798,3.819999933242798,3.819999933242798,100,0.0,0.0
2012-05-17 00:00:00-04:00,5.090000152587891,5.090000152587891,5.090000152587891,5.090000152587891,200,0.0,0.0
2012-05-18 00:00:00-04:00,4.949999809265137,4.949999809265137,4.949999809265137,4.949999809265137,500,0.0,0.0
2012-05-21 00:00:00-04:00,4.659999847412109,4.659999847412109,3.859999895095825,4.059999942779541,600,0.0,0.0
2012-05-22 00:00:00-04:00,4.699999809265137,5.099999904632568,3.6500000953674316,3.6500000953674316,4600,0.0,0.0
2012-05-23 00:00:00-04:00,4.380000114440918,4.380000114440918,3.5999999046325684,3.5999999046325684,500,0.0,0.0
2012-05-24 00:00:00-04:00,5.0,5.0,4.010000228881836,4.010000228881836,800,0.0,0.0
2012-05-25 00:00:00-04:00,4.28000020980835,4.28000020980835,4.28000020980835,4.28000020980835,200,0.0,0.0
2012-05-29 00:00:00-04:00,4.28000020980835,4.28000020980835,4.28000020980835,4.28000020980835,0,0.0,0.0
2012-05-30 00:00:00-04:00,4.28000020980835,4.28000020980835,4.28000020980835,4.28000020980835,0,0.0,0.0
2012-05-31 00:00:00-04:00,4.460000038146973,4.460000038146973,4.460000038146973,4.460000038146973,5100,0.0,0.0
2012-06-01 00:00:00-04:00,4.440000057220459,4.510000228881836,4.440000057220459,4.510000228881836,5200,0.0,0.0
2012-06-04 00:00:00-04:00,4.510000228881836,4.510000228881836,4.510000228881836,4.510000228881836,0,0.0,0.0
2012-06-05 00:00:00-04:00,4.360000133514404,4.360000133514404,3.990000009536743,3.990000009536743,1900,0.0,0.0
2012-06-06 00:00:00-04:00,4.090000152587891,4.090000152587891,4.090000152587891,4.090000152587891,200,0.0,0.0
2012-06-07 00:00:00-04:00,3.869999885559082,3.930000066757202,3.609999895095825,3.609999895095825,2700,0.0,0.0
2012-06-08 00:00:00-04:00,3.609999895095825,3.609999895095825,3.609999895095825,3.609999895095825,0,0.0,0.0
2012-06-11 00:00:00-04:00,4.150000095367432,4.150000095367432,3.450000047683716,3.450000047683716,2400,0.0,0.0
2012-06-12 00:00:00-04:00,3.450000047683716,3.450000047683716,3.450000047683716,3.450000047683716,0,0.0,0.0
2012-06-13 00:00:00-04:00,3.450000047683716,3.450000047683716,3.450000047683716,3.450000047683716,0,0.0,0.0
2012-06-14 00:00:00-04:00,3.380000114440918,3.380000114440918,3.380000114440918,3.380000114440918,200,0.0,0.0
2012-06-15 00:00:00-04:00,3.890000104904175,3.890000104904175,3.4100000858306885,3.4100000858306885,400,0.0,0.0
2012-06-18 00:00:00-04:00,3.309999942779541,3.309999942779541,3.309999942779541,3.309999942779541,400,0.0,0.0
2012-06-19 00:00:00-04:00,3.309999942779541,3.309999942779541,3.309999942779541,3.309999942779541,0,0.0,0.0
2012-06-20 00:00:00-04:00,3.4700000286102295,3.75,3.069999933242798,3.069999933242798,800,0.0,0.0
2012-06-21 00:00:00-04:00,3.0999999046325684,3.0999999046325684,3.0999999046325684,3.0999999046325684,800,0.0,0.0
2012-06-22 00:00:00-04:00,3.130000114440918,3.130000114440918,3.109999895095825,3.109999895095825,800,0.0,0.0
2012-06-25 00:00:00-04:00,3.0199999809265137,3.0199999809265137,2.6500000953674316,2.6500000953674316,1900,0.0,0.0
2012-06-26 00:00:00-04:00,2.6500000953674316,2.6500000953674316,2.6500000953674316,2.6500000953674316,0,0.0,0.0
2012-06-27 00:00:00-04:00,2.6700000762939453,2.690000057220459,2.6600000858306885,2.690000057220459,700,0.0,0.0
2012-06-28 00:00:00-04:00,2.9100000858306885,2.9100000858306885,2.6500000953674316,2.6500000953674316,300,0.0,0.0
2012-06-29 00:00:00-04:00,2.9800000190734863,3.0,2.6500000953674316,2.6500000953674316,6100,0.0,0.0
2012-07-02 00:00:00-04:00,3.0,3.0,3.0,3.0,900,0.0,0.0
2012-07-03 00:00:00-04:00,3.259999990463257,3.259999990463257,3.259999990463257,3.259999990463257,200,0.0,0.0
2012-07-05 00:00:00-04:00,3.0799999237060547,3.140000104904175,2.690000057220459,2.690000057220459,2800,0.0,0.0
2012-07-06 00:00:00-04:00,2.7300000190734863,3.1500000953674316,2.7300000190734863,3.049999952316284,3300,0.0,0.0
2012-07-09 00:00:00-04:00,3.0299999713897705,3.0299999713897705,2.75,2.759999990463257,500,0.0,0.0
2012-07-10 00:00:00-04:00,3.509999990463257,5.699999809265137,3.4600000381469727,5.449999809265137,37800,0.0,0.0
2012-07-11 00:00:00-04:00,5.980000019073486,8.25,5.769999980926514,8.0,125900,0.0,0.0
2012-07-12 00:00:00-04:00,7.989999771118164,7.989999771118164,6.5,6.599999904632568,21300,0.0,0.0
2012-07-13 00:00:00-04:00,6.260000228881836,7.710000038146973,5.5,7.25,39600,0.0,0.0
2012-07-16 00:00:00-04:00,7.170000076293945,7.5,6.320000171661377,7.46999979019165,8600,0.0,0.0
2012-07-17 00:00:00-04:00,7.75,7.75,6.71999979019165,7.190000057220459,6100,0.0,0.0
2012-07-18 00:00:00-04:00,7.190000057220459,7.199999809265137,6.659999847412109,7.159999847412109,4600,0.0,0.0
2012-07-19 00:00:00-04:00,7.110000133514404,7.5,7.110000133514404,7.5,5100,0.0,0.0
2012-07-20 00:00:00-04:00,7.400000095367432,7.400000095367432,6.699999809265137,6.789999961853027,2800,0.0,0.0
2012-07-23 00:00:00-04:00,7.019999980926514,7.019999980926514,7.019999980926514,7.019999980926514,100,0.0,0.0
2012-07-24 00:00:00-04:00,7.010000228881836,7.010000228881836,7.010000228881836,7.010000228881836,100,0.0,0.0
2012-07-25 00:00:00-04:00,5.789999961853027,6.159999847412109,5.789999961853027,6.159999847412109,500,0.0,0.0
2012-07-26 00:00:00-04:00,6.5,6.800000190734863,5.730000019073486,5.730000019073486,9100,0.0,0.0
2012-07-27 00:00:00-04:00,5.730000019073486,5.730000019073486,5.0,5.139999866485596,2600,0.0,0.0
2012-07-30 00:00:00-04:00,5.139999866485596,5.710000038146973,5.139999866485596,5.699999809265137,1100,0.0,0.0
2012-07-31 00:00:00-04:00,5.699999809265137,5.699999809265137,5.699999809265137,5.699999809265137,0,0.0,0.0
2012-08-01 00:00:00-04:00,5.699999809265137,5.699999809265137,5.699999809265137,5.699999809265137,0,0.0,0.0
2012-08-02 00:00:00-04:00,5.010000228881836,5.010000228881836,5.010000228881836,5.010000228881836,200,0.0,0.0
2012-08-03 00:00:00-04:00,5.610000133514404,5.610000133514404,5.159999847412109,5.159999847412109,300,0.0,0.0
2012-08-06 00:00:00-04:00,5.159999847412109,5.159999847412109,5.159999847412109,5.159999847412109,0,0.0,0.0
2012-08-07 00:00:00-04:00,5.699999809265137,5.699999809265137,5.699999809265137,5.699999809265137,1000,0.0,0.0
2012-08-08 00:00:00-04:00,5.019999980926514,5.920000076293945,5.019999980926514,5.869999885559082,1400,0.0,0.0
2012-08-09 00:00:00-04:00,5.869999885559082,5.869999885559082,5.869999885559082,5.869999885559082,0,0.0,0.0
2012-08-10 00:00:00-04:00,5.869999885559082,5.869999885559082,5.869999885559082,5.869999885559082,0,0.0,0.0
2012-08-13 00:00:00-04:00,5.869999885559082,5.869999885559082,5.869999885559082,5.869999885559082,0,0.0,0.0
2012-08-14 00:00:00-04:00,5.070000171661377,5.070000171661377,3.75,4.400000095367432,12100,0.0,0.0
2012-08-15 00:00:00-04:00,4.449999809265137,4.699999809265137,4.199999809265137,4.400000095367432,5000,0.0,0.0
2012-08-16 00:00:00-04:00,4.349999904632568,4.349999904632568,4.349999904632568,4.349999904632568,800,0.0,0.0
2012-08-17 00:00:00-04:00,4.269999980926514,4.28000020980835,4.269999980926514,4.28000020980835,600,0.0,0.0
2012-08-20 00:00:00-04:00,3.5999999046325684,4.25,3.5999999046325684,4.25,200,0.0,0.0
2012-08-21 00:00:00-04:00,4.25,4.25,4.25,4.25,0,0.0,0.0
2012-08-22 00:00:00-04:00,4.03000020980835,4.070000171661377,3.799999952316284,4.070000171661377,600,0.0,0.0
2012-08-23 00:00:00-04:00,3.880000114440918,3.880000114440918,3.7699999809265137,3.859999895095825,3200,0.0,0.0
2012-08-24 00:00:00-04:00,3.799999952316284,3.799999952316284,3.799999952316284,3.799999952316284,100,0.0,0.0
2012-08-27 00:00:00-04:00,3.6600000858306885,3.7200000286102295,3.6500000953674316,3.7200000286102295,2300,0.0,0.0
2012-08-28 00:00:00-04:00,3.6500000953674316,3.6500000953674316,3.619999885559082,3.619999885559082,300,0.0,0.0
2012-08-29 00:00:00-04:00,3.6600000858306885,4.269999980926514,3.630000114440918,4.269999980926514,1500,0.0,0.0
2012-08-30 00:00:00-04:00,4.019999980926514,4.019999980926514,4.019999980926514,4.019999980926514,200,0.0,0.0
2012-08-31 00:00:00-04:00,4.019999980926514,4.019999980926514,4.019999980926514,4.019999980926514,0,0.0,0.0
2012-09-04 00:00:00-04:00,3.609999895095825,3.609999895095825,3.609999895095825,3.609999895095825,200,0.0,0.0
2012-09-05 00:00:00-04:00,3.930000066757202,3.930000066757202,3.930000066757202,3.930000066757202,400,0.0,0.0
2012-09-06 00:00:00-04:00,3.930000066757202,3.930000066757202,3.930000066757202,3.930000066757202,0,0.0,0.0
2012-09-07 00:00:00-04:00,3.6500000953674316,3.6500000953674316,3.6500000953674316,3.6500000953674316,400,0.0,0.0
2012-09-10 00:00:00-04:00,3.9000000953674316,3.9000000953674316,3.9000000953674316,3.9000000953674316,1600,0.0,0.0
2012-09-11 00:00:00-04:00,3.640000104904175,3.9800000190734863,3.640000104904175,3.700000047683716,3700,0.0,0.0
2012-09-12 00:00:00-04:00,3.740000009536743,4.0,3.740000009536743,4.0,600,0.0,0.0
2012-09-13 00:00:00-04:00,4.0,4.0,4.0,4.0,0,0.0,0.0
2012-09-14 00:00:00-04:00,4.0,4.0,4.0,4.0,300,0.0,0.0
2012-09-17 00:00:00-04:00,4.0,4.0,4.0,4.0,0,0.0,0.0
2012-09-18 00:00:00-04:00,3.9200000762939453,3.9200000762939453,3.9200000762939453,3.9200000762939453,100,0.0,0.0
2012-09-19 00:00:00-04:00,3.9200000762939453,3.9200000762939453,3.9200000762939453,3.9200000762939453,0,0.0,0.0
2012-09-20 00:00:00-04:00,3.9200000762939453,3.9200000762939453,3.9200000762939453,3.9200000762939453,0,0.0,0.0
2012-09-21 00:00:00-04:00,3.869999885559082,3.869999885559082,3.869999885559082,3.869999885559082,200,0.0,0.0
2012-09-24 00:00:00-04:00,3.7200000286102295,3.759999990463257,3.7200000286102295,3.759999990463257,500,0.0,0.0
2012-09-25 00:00:00-04:00,3.700000047683716,3.9000000953674316,3.700000047683716,3.9000000953674316,600,0.0,0.0
2012-09-26 00:00:00-04:00,3.9000000953674316,3.9000000953674316,3.9000000953674316,3.9000000953674316,0,0.0,0.0
2012-09-27 00:00:00-04:00,3.7899999618530273,3.7899999618530273,3.7899999618530273,3.7899999618530273,600,0.0,0.0
2012-09-28 00:00:00-04:00,3.7699999809265137,3.7899999618530273,3.7100000381469727,3.740000009536743,1400,0.0,0.0
2012-10-01 00:00:00-04:00,3.9700000286102295,3.9700000286102295,3.9700000286102295,3.9700000286102295,100,0.0,0.0
2012-10-02 00:00:00-04:00,3.9700000286102295,3.9700000286102295,3.9700000286102295,3.9700000286102295,0,0.0,0.0
2012-10-03 00:00:00-04:00,3.9700000286102295,3.9700000286102295,3.9700000286102295,3.9700000286102295,0,0.0,0.0
2012-10-04 00:00:00-04:00,3.9700000286102295,3.9700000286102295,3.9700000286102295,3.9700000286102295,0,0.0,0.0
2012-10-05 00:00:00-04:00,3.9700000286102295,3.9700000286102295,3.9700000286102295,3.9700000286102295,0,0.0,0.0
2012-10-08 00:00:00-04:00,3.619999885559082,3.630000114440918,3.619999885559082,3.619999885559082,1200,0.0,0.0
2012-10-09 00:00:00-04:00,3.690000057220459,3.690000057220459,3.690000057220459,3.690000057220459,200,0.0,0.0
2012-10-10 00:00:00-04:00,3.690000057220459,3.690000057220459,3.690000057220459,3.690000057220459,0,0.0,0.0
2012-10-11 00:00:00-04:00,3.690000057220459,3.690000057220459,3.690000057220459,3.690000057220459,0,0.0,0.0
2012-10-12 00:00:00-04:00,3.690000057220459,3.690000057220459,3.690000057220459,3.690000057220459,0,0.0,0.0
2012-10-15 00:00:00-04:00,3.609999895095825,3.609999895095825,3.609999895095825,3.609999895095825,100,0.0,0.0
2012-10-16 00:00:00-04:00,3.609999895095825,3.609999895095825,3.609999895095825,3.609999895095825,0,0.0,0.0
2012-10-17 00:00:00-04:00,3.609999895095825,3.609999895095825,3.609999895095825,3.609999895095825,0,0.0,0.0
2012-10-18 00:00:00-04:00,3.7300000190734863,3.7300000190734863,3.7300000190734863,3.7300000190734863,200,0.0,0.0
2012-10-19 00:00:00-04:00,3.7300000190734863,3.7300000190734863,3.7300000190734863,3.7300000190734863,0,0.0,0.0
2012-10-22 00:00:00-04:00,3.7300000190734863,3.75,3.7300000190734863,3.75,400,0.0,0.0
2012-10-23 00:00:00-04:00,3.75,3.75,3.75,3.75,0,0.0,0.0
2012-10-24 00:00:00-04:00,3.5899999141693115,3.5899999141693115,3.2100000381469727,3.4000000953674316,1100,0.0,0.0
2012-10-25 00:00:00-04:00,3.4000000953674316,3.4000000953674316,3.4000000953674316,3.4000000953674316,300,0.0,0.0
2012-10-26 00:00:00-04:00,3.200000047683716,3.440000057220459,3.200000047683716,3.440000057220459,700,0.0,0.0
2012-10-31 00:00:00-04:00,3.4000000953674316,3.4000000953674316,3.4000000953674316,3.4000000953674316,200,0.0,0.0
2012-11-01 00:00:00-04:00,3.7100000381469727,3.7100000381469727,3.7100000381469727,3.7100000381469727,100,0.0,0.0
2012-11-02 00:00:00-04:00,3.75,3.75,3.75,3.75,100,0.0,0.0
2012-11-05 00:00:00-05:00,3.75,3.75,3.75,3.75,0,0.0,0.0
2012-11-06 00:00:00-05:00,3.75,3.75,3.75,3.75,0,0.0,0.0
2012-11-07 00:00:00-05:00,3.75,3.75,3.75,3.75,0,0.0,0.0
2012-11-08 00:00:00-05:00,3.75,3.75,3.75,3.75,0,0.0,0.0
2012-11-09 00:00:00-05:00,3.119999885559082,3.299999952316284,2.9000000953674316,3.0999999046325684,6500,0.0,0.0
2012-11-12 00:00:00-05:00,2.990000009536743,3.0999999046325684,2.990000009536743,3.0,700,0.0,0.0
2012-11-13 00:00:00-05:00,3.0999999046325684,3.0999999046325684,3.0999999046325684,3.0999999046325684,100,0.0,0.0
2012-11-14 00:00:00-05:00,3.0999999046325684,3.0999999046325684,3.0999999046325684,3.0999999046325684,3100,0.0,0.0
2012-11-15 00:00:00-05:00,3.0999999046325684,3.0999999046325684,2.7699999809265137,2.799999952316284,3900,0.0,0.0
2012-11-16 00:00:00-05:00,2.799999952316284,2.799999952316284,2.799999952316284,2.799999952316284,0,0.0,0.0
2012-11-19 00:00:00-05:00,2.799999952316284,2.799999952316284,2.799999952316284,2.799999952316284,0,0.0,0.0
2012-11-20 00:00:00-05:00,2.809999942779541,2.869999885559082,2.759999990463257,2.869999885559082,1200,0.0,0.0
2012-11-21 00:00:00-05:00,2.869999885559082,2.869999885559082,2.869999885559082,2.869999885559082,0,0.0,0.0
2012-11-23 00:00:00-05:00,2.869999885559082,2.869999885559082,2.869999885559082,2.869999885559082,0,0.0,0.0
2012-11-26 00:00:00-05:00,2.940000057220459,3.299999952316284,2.940000057220459,3.009999990463257,4300,0.0,0.0
2012-11-27 00:00:00-05:00,2.890000104904175,3.2200000286102295,2.890000104904175,3.0199999809265137,8500,0.0,0.0
2012-11-28 00:00:00-05:00,3.1500000953674316,5.980000019073486,3.1500000953674316,4.75,21100,0.0,0.0
2012-11-29 00:00:00-05:00,5.610000133514404,6.980000019073486,5.210000038146973,6.0,26200,0.0,0.0
2012-11-30 00:00:00-05:00,6.090000152587891,6.489999771118164,5.5,5.820000171661377,22900,0.0,0.0
2012-12-03 00:00:00-05:00,5.650000095367432,5.75,5.199999809265137,5.630000114440918,11900,0.0,0.0
2012-12-04 00:00:00-05:00,5.449999809265137,5.880000114440918,5.010000228881836,5.050000190734863,9600,0.0,0.0
2012-12-05 00:00:00-05:00,4.75,5.150000095367432,4.75,5.130000114440918,6200,0.0,0.0
2012-12-06 00:00:00-05:00,5.150000095367432,5.150000095367432,4.809999942779541,4.809999942779541,6200,0.0,0.0
2012-12-07 00:00:00-05:00,5.0,5.0,4.989999771118164,4.989999771118164,3500,0.0,0.0
2012-12-10 00:00:00-05:00,5.880000114440918,6.210000038146973,5.0,5.260000228881836,9000,0.0,0.0
2012-12-11 00:00:00-05:00,5.96999979019165,5.96999979019165,5.400000095367432,5.400000095367432,8400,0.0,0.0
2012-12-12 00:00:00-05:00,5.650000095367432,5.670000076293945,4.929999828338623,5.199999809265137,10700,0.0,0.0
2012-12-13 00:00:00-05:00,5.300000190734863,5.510000228881836,5.28000020980835,5.46999979019165,1100,0.0,0.0
2012-12-14 00:00:00-05:00,5.190000057220459,5.309999942779541,5.159999847412109,5.190000057220459,3300,0.0,0.0
2012-12-17 00:00:00-05:00,4.949999809265137,5.199999809265137,4.949999809265137,5.0,3700,0.0,0.0
2012-12-18 00:00:00-05:00,5.0,5.0,5.0,5.0,300,0.0,0.0
2012-12-19 00:00:00-05:00,4.949999809265137,5.0,4.849999904632568,5.0,2300,0.0,0.0
2012-12-20 00:00:00-05:00,4.800000190734863,4.809999942779541,4.489999771118164,4.489999771118164,1400,0.0,0.0
2012-12-21 00:00:00-05:00,4.5,4.5,3.9200000762939453,4.400000095367432,4300,0.0,0.0
2012-12-24 00:00:00-05:00,4.400000095367432,4.400000095367432,4.400000095367432,4.400000095367432,0,0.0,0.0
2012-12-26 00:00:00-05:00,4.019999980926514,4.400000095367432,4.019999980926514,4.150000095367432,500,0.0,0.0
2012-12-27 00:00:00-05:00,4.150000095367432,4.150000095367432,4.150000095367432,4.150000095367432,0,0.0,0.0
2012-12-28 00:00:00-05:00,4.059999942779541,4.059999942779541,4.059999942779541,4.059999942779541,200,0.0,0.0
2012-12-31 00:00:00-05:00,4.230000019073486,4.230000019073486,4.230000019073486,4.230000019073486,200,0.0,0.0
2013-01-02 00:00:00-05:00,4.159999847412109,4.389999866485596,3.8499999046325684,4.0,2500,0.0,0.0
2013-01-03 00:00:00-05:00,4.0,4.03000020980835,4.0,4.0,900,0.0,0.0
2013-01-04 00:00:00-05:00,4.079999923706055,4.150000095367432,4.03000020980835,4.090000152587891,900,0.0,0.0
2013-01-07 00:00:00-05:00,4.21999979019165,4.21999979019165,4.059999942779541,4.059999942779541,1900,0.0,0.0
2013-01-08 00:00:00-05:00,4.050000190734863,4.050000190734863,3.6600000858306885,4.03000020980835,800,0.0,0.0
2013-01-09 00:00:00-05:00,4.03000020980835,4.03000020980835,4.03000020980835,4.03000020980835,0,0.0,0.0
2013-01-10 00:00:00-05:00,4.21999979019165,4.25,4.21999979019165,4.25,200,0.0,0.0
2013-01-11 00:00:00-05:00,4.25,4.25,4.25,4.25,0,0.0,0.0
2013-01-14 00:00:00-05:00,4.059999942779541,4.059999942779541,3.9100000858306885,3.9100000858306885,200,0.0,0.0
2013-01-15 00:00:00-05:00,3.9100000858306885,3.9100000858306885,3.9100000858306885,3.9100000858306885,0,0.0,0.0
2013-01-16 00:00:00-05:00,3.9100000858306885,3.9100000858306885,3.9100000858306885,3.9100000858306885,0,0.0,0.0
2013-01-17 00:00:00-05:00,4.25,4.400000095367432,4.25,4.400000095367432,200,0.0,0.0
2013-01-18 00:00:00-05:00,4.199999809265137,4.5,4.199999809265137,4.260000228881836,2200,0.0,0.0
2013-01-22 00:00:00-05:00,4.349999904632568,4.349999904632568,4.349999904632568,4.349999904632568,100,0.0,0.0
2013-01-23 00:00:00-05:00,4.300000190734863,4.300000190734863,4.130000114440918,4.130000114440918,200,0.0,0.0
2013-01-24 00:00:00-05:00,4.300000190734863,4.599999904632568,4.079999923706055,4.210000038146973,12400,0.0,0.0
2013-01-25 00:00:00-05:00,4.28000020980835,4.28000020980835,4.28000020980835,4.28000020980835,1500,0.0,0.0
2013-01-28 00:00:00-05:00,4.28000020980835,4.28000020980835,4.28000020980835,4.28000020980835,0,0.0,0.0
2013-01-29 00:00:00-05:00,4.409999847412109,4.409999847412109,4.400000095367432,4.400000095367432,400,0.0,0.0
2013-01-30 00:00:00-05:00,4.239999771118164,4.289999961853027,4.239999771118164,4.289999961853027,700,0.0,0.0
2013-01-31 00:00:00-05:00,4.289999961853027,4.289999961853027,4.289999961853027,4.289999961853027,0,0.0,0.0
2013-02-01 00:00:00-05:00,4.929999828338623,5.0,4.5,4.800000190734863,7200,0.0,0.0
2013-02-04 00:00:00-05:00,4.800000190734863,4.800000190734863,4.5,4.800000190734863,3200,0.0,0.0
2013-02-05 00:00:00-05:00,4.619999885559082,4.800000190734863,4.199999809265137,4.75,3500,0.0,0.0
2013-02-06 00:00:00-05:00,4.619999885559082,4.619999885559082,4.619999885559082,4.619999885559082,600,0.0,0.0
2013-02-07 00:00:00-05:00,4.5,4.5,4.5,4.5,100,0.0,0.0
2013-02-08 00:00:00-05:00,4.980000019073486,5.260000228881836,4.980000019073486,5.260000228881836,5500,0.0,0.0
2013-02-11 00:00:00-05:00,5.21999979019165,6.0,5.21999979019165,5.829999923706055,5800,0.0,0.0
2013-02-12 00:00:00-05:00,5.800000190734863,6.0,4.610000133514404,4.619999885559082,9700,0.0,0.0
2013-02-13 00:00:00-05:00,4.800000190734863,5.690000057220459,4.699999809265137,4.820000171661377,6900,0.0,0.0
2013-02-14 00:00:00-05:00,5.0,5.28000020980835,3.9700000286102295,3.9700000286102295,2500,0.0,0.0
2013-02-15 00:00:00-05:00,4.940000057220459,4.940000057220459,4.510000228881836,4.510000228881836,3000,0.0,0.0
2013-02-19 00:00:00-05:00,4.679999828338623,4.699999809265137,4.420000076293945,4.599999904632568,2300,0.0,0.0
2013-02-20 00:00:00-05:00,4.880000114440918,4.900000095367432,4.75,4.849999904632568,7200,0.0,0.0
2013-02-21 00:00:00-05:00,4.929999828338623,4.929999828338623,4.5,4.539999961853027,1700,0.0,0.0
2013-02-22 00:00:00-05:00,4.860000133514404,4.900000095367432,4.860000133514404,4.869999885559082,2700,0.0,0.0
2013-02-25 00:00:00-05:00,4.710000038146973,4.869999885559082,4.699999809265137,4.869999885559082,1500,0.0,0.0
2013-02-26 00:00:00-05:00,4.869999885559082,4.869999885559082,4.869999885559082,4.869999885559082,0,0.0,0.0
2013-02-27 00:00:00-05:00,4.550000190734863,4.989999771118164,4.5,4.789999961853027,1500,0.0,0.0
2013-02-28 00:00:00-05:00,4.860000133514404,4.860000133514404,4.860000133514404,4.860000133514404,300,0.0,0.0
2013-03-01 00:00:00-05:00,4.679999828338623,5.199999809265137,4.5,5.0,2000,0.0,0.0
2013-03-04 00:00:00-05:00,4.900000095367432,4.900000095367432,4.900000095367432,4.900000095367432,200,0.0,0.0
2013-03-05 00:00:00-05:00,4.800000190734863,4.900000095367432,4.800000190734863,4.900000095367432,400,0.0,0.0
2013-03-06 00:00:00-05:00,4.949999809265137,5.949999809265137,4.510000228881836,5.03000020980835,13200,0.0,0.0
2013-03-07 00:00:00-05:00,4.980000019073486,4.980000019073486,4.610000133514404,4.670000076293945,1400,0.0,0.0
2013-03-08 00:00:00-05:00,4.599999904632568,4.599999904632568,4.599999904632568,4.599999904632568,900,0.0,0.0
2013-03-11 00:00:00-04:00,4.820000171661377,4.820000171661377,4.820000171661377,4.820000171661377,400,0.0,0.0
2013-03-12 00:00:00-04:00,4.630000114440918,4.670000076293945,4.630000114440918,4.670000076293945,700,0.0,0.0
2013-03-13 00:00:00-04:00,4.610000133514404,4.630000114440918,4.550000190734863,4.630000114440918,500,0.0,0.0
2013-03-14 00:00:00-04:00,5.300000190734863,5.300000190734863,4.599999904632568,4.610000133514404,3900,0.0,0.0
2013-03-15 00:00:00-04:00,4.960000038146973,5.28000020980835,4.650000095367432,4.650000095367432,900,0.0,0.0
2013-03-18 00:00:00-04:00,4.650000095367432,4.650000095367432,4.510000228881836,4.510000228881836,1200,0.0,0.0
2013-03-19 00:00:00-04:00,4.510000228881836,4.889999866485596,4.400000095367432,4.5,2600,0.0,0.0
2013-03-20 00:00:00-04:00,4.289999961853027,5.150000095367432,4.289999961853027,4.440000057220459,2100,0.0,0.0
2013-03-21 00:00:00-04:00,4.829999923706055,4.829999923706055,4.429999828338623,4.429999828338623,700,0.0,0.0
2013-03-22 00:00:00-04:00,4.489999771118164,4.489999771118164,4.489999771118164,4.489999771118164,400,0.0,0.0
2013-03-25 00:00:00-04:00,4.519999980926514,4.519999980926514,4.510000228881836,4.510000228881836,300,0.0,0.0
2013-03-26 00:00:00-04:00,4.730000019073486,5.0,4.360000133514404,4.809999942779541,1900,0.0,0.0
2013-03-27 00:00:00-04:00,4.760000228881836,4.960000038146973,4.760000228881836,4.960000038146973,500,0.0,0.0
2013-03-28 00:00:00-04:00,4.949999809265137,4.949999809265137,4.5,4.599999904632568,1100,0.0,0.0
2013-04-01 00:00:00-04:00,4.690000057220459,4.690000057220459,4.690000057220459,4.690000057220459,100,0.0,0.0
2013-04-02 00:00:00-04:00,4.659999847412109,4.659999847412109,4.599999904632568,4.619999885559082,1400,0.0,0.0
2013-04-03 00:00:00-04:00,4.599999904632568,4.599999904632568,4.599999904632568,4.599999904632568,100,0.0,0.0
2013-04-04 00:00:00-04:00,4.5,4.550000190734863,4.5,4.5,500,0.0,0.0
2013-04-05 00:00:00-04:00,4.5,4.5,4.5,4.5,0,0.0,0.0
2013-04-08 00:00:00-04:00,4.5,4.5,4.5,4.5,0,0.0,0.0
2013-04-09 00:00:00-04:00,4.429999828338623,4.449999809265137,4.420000076293945,4.449999809265137,400,0.0,0.0
2013-04-10 00:00:00-04:00,4.449999809265137,4.449999809265137,4.449999809265137,4.449999809265137,0,0.0,0.0
2013-04-11 00:00:00-04:00,4.449999809265137,4.449999809265137,4.449999809265137,4.449999809265137,300,0.0,0.0
2013-04-12 00:00:00-04:00,4.449999809265137,4.5,4.170000076293945,4.460000038146973,2000,0.0,0.0
2013-04-15 00:00:00-04:00,4.199999809265137,4.309999942779541,4.199999809265137,4.260000228881836,1500,0.0,0.0
2013-04-16 00:00:00-04:00,4.260000228881836,4.260000228881836,4.260000228881836,4.260000228881836,0,0.0,0.0
2013-04-17 00:00:00-04:00,4.260000228881836,4.260000228881836,4.260000228881836,4.260000228881836,0,0.0,0.0
2013-04-18 00:00:00-04:00,4.260000228881836,4.409999847412109,4.260000228881836,4.409999847412109,500,0.0,0.0
2013-04-19 00:00:00-04:00,4.349999904632568,4.349999904632568,4.349999904632568,4.349999904632568,100,0.0,0.0
2013-04-22 00:00:00-04:00,4.320000171661377,4.320000171661377,4.320000171661377,4.320000171661377,800,0.0,0.0
2013-04-23 00:00:00-04:00,4.739999771118164,4.739999771118164,4.739999771118164,4.739999771118164,5400,0.0,0.0
2013-04-24 00:00:00-04:00,4.449999809265137,4.449999809265137,4.449999809265137,4.449999809265137,300,0.0,0.0
2013-04-25 00:00:00-04:00,4.449999809265137,4.449999809265137,4.449999809265137,4.449999809265137,0,0.0,0.0
2013-04-26 00:00:00-04:00,4.769999980926514,5.25,4.400000095367432,4.510000228881836,4100,0.0,0.0
2013-04-29 00:00:00-04:00,4.960000038146973,5.25,4.940000057220459,5.199999809265137,5900,0.0,0.0
2013-04-30 00:00:00-04:00,5.21999979019165,5.230000019073486,4.840000152587891,5.230000019073486,700,0.0,0.0
2013-05-01 00:00:00-04:00,5.369999885559082,5.369999885559082,5.369999885559082,5.369999885559082,500,0.0,0.0
2013-05-02 00:00:00-04:00,5.260000228881836,5.260000228881836,5.260000228881836,5.260000228881836,200,0.0,0.0
2013-05-03 00:00:00-04:00,5.46999979019165,5.46999979019165,4.75,5.460000038146973,1000,0.0,0.0
2013-05-06 00:00:00-04:00,5.420000076293945,5.420000076293945,5.420000076293945,5.420000076293945,300,0.0,0.0
2013-05-07 00:00:00-04:00,5.420000076293945,5.420000076293945,5.420000076293945,5.420000076293945,100,0.0,0.0
2013-05-08 00:00:00-04:00,5.420000076293945,5.420000076293945,5.420000076293945,5.420000076293945,300,0.0,0.0
2013-05-09 00:00:00-04:00,5.420000076293945,5.420000076293945,5.420000076293945,5.420000076293945,0,0.0,0.0
2013-05-10 00:00:00-04:00,5.349999904632568,5.349999904632568,4.829999923706055,4.829999923706055,600,0.0,0.0
2013-05-13 00:00:00-04:00,5.0,5.0,5.0,5.0,600,0.0,0.0
2013-05-14 00:00:00-04:00,5.0,5.0,5.0,5.0,0,0.0,0.0
2013-05-15 00:00:00-04:00,4.96999979019165,4.96999979019165,4.699999809265137,4.75,1300,0.0,0.0
2013-05-16 00:00:00-04:00,4.75,4.75,4.75,4.75,0,0.0,0.0
2013-05-17 00:00:00-04:00,4.699999809265137,4.869999885559082,4.699999809265137,4.849999904632568,3300,0.0,0.0
2013-05-20 00:00:00-04:00,4.849999904632568,4.849999904632568,4.849999904632568,4.849999904632568,0,0.0,0.0
2013-05-21 00:00:00-04:00,5.199999809265137,5.199999809265137,5.050000190734863,5.050000190734863,2300,0.0,0.0
2013-05-22 00:00:00-04:00,5.059999942779541,5.059999942779541,5.059999942779541,5.059999942779541,600,0.0,0.0
2013-05-23 00:00:00-04:00,4.75,4.949999809265137,4.75,4.949999809265137,2100,0.0,0.0
2013-05-24 00:00:00-04:00,4.699999809265137,4.730000019073486,4.699999809265137,4.699999809265137,1000,0.0,0.0
2013-05-28 00:00:00-04:00,4.829999923706055,5.230000019073486,4.699999809265137,5.230000019073486,1500,0.0,0.0
2013-05-29 00:00:00-04:00,5.139999866485596,5.230000019073486,4.699999809265137,4.920000076293945,1600,0.0,0.0
2013-05-30 00:00:00-04:00,4.920000076293945,4.920000076293945,4.920000076293945,4.920000076293945,0,0.0,0.0
2013-05-31 00:00:00-04:00,4.829999923706055,5.0,4.829999923706055,5.0,400,0.0,0.0
2013-06-03 00:00:00-04:00,5.099999904632568,5.099999904632568,4.949999809265137,4.949999809265137,2100,0.0,0.0
2013-06-04 00:00:00-04:00,5.070000171661377,5.179999828338623,4.900000095367432,4.920000076293945,1300,0.0,0.0
2013-06-05 00:00:00-04:00,5.019999980926514,5.019999980926514,5.019999980926514,5.019999980926514,300,0.0,0.0
2013-06-06 00:00:00-04:00,4.989999771118164,4.989999771118164,4.949999809265137,4.949999809265137,2000,0.0,0.0
2013-06-07 00:00:00-04:00,4.960000038146973,4.960000038146973,4.960000038146973,4.960000038146973,300,0.0,0.0
2013-06-10 00:00:00-04:00,4.960000038146973,4.960000038146973,4.960000038146973,4.960000038146973,0,0.0,0.0
2013-06-11 00:00:00-04:00,5.170000076293945,5.170000076293945,5.170000076293945,5.170000076293945,300,0.0,0.0
2013-06-12 00:00:00-04:00,4.760000228881836,5.0,4.760000228881836,5.0,300,0.0,0.0
2013-06-13 00:00:00-04:00,5.0,5.0,5.0,5.0,0,0.0,0.0
2013-06-14 00:00:00-04:00,5.170000076293945,5.840000152587891,5.170000076293945,5.800000190734863,8400,0.0,0.0
2013-06-17 00:00:00-04:00,5.75,6.320000171661377,5.300000190734863,5.989999771118164,6300,0.0,0.0
2013-06-18 00:00:00-04:00,5.989999771118164,5.989999771118164,5.989999771118164,5.989999771118164,0,0.0,0.0
2013-06-19 00:00:00-04:00,4.920000076293945,5.5,4.920000076293945,5.5,200,0.0,0.0
2013-06-20 00:00:00-04:00,5.5,5.5,5.5,5.5,0,0.0,0.0
2013-06-21 00:00:00-04:00,5.5,5.5,5.5,5.5,0,0.0,0.0
2013-06-24 00:00:00-04:00,5.539999961853027,5.539999961853027,5.380000114440918,5.380000114440918,600,0.0,0.0
2013-06-25 00:00:00-04:00,5.239999771118164,5.239999771118164,5.0,5.0,900,0.0,0.0
2013-06-26 00:00:00-04:00,4.909999847412109,5.130000114440918,4.800000190734863,5.099999904632568,900,0.0,0.0
2013-06-27 00:00:00-04:00,5.28000020980835,5.28000020980835,5.210000038146973,5.210000038146973,200,0.0,0.0
2013-06-28 00:00:00-04:00,5.440000057220459,5.440000057220459,5.440000057220459,5.440000057220459,300,0.0,0.0
2013-07-01 00:00:00-04:00,5.230000019073486,5.309999942779541,5.199999809265137,5.309999942779541,3000,0.0,0.0
2013-07-02 00:00:00-04:00,5.449999809265137,5.449999809265137,5.449999809265137,5.449999809265137,200,0.0,0.0
2013-07-03 00:00:00-04:00,5.480000019073486,5.480000019073486,5.480000019073486,5.480000019073486,300,0.0,0.0
2013-07-05 00:00:00-04:00,5.400000095367432,5.400000095367432,5.349999904632568,5.389999866485596,900,0.0,0.0
2013-07-08 00:00:00-04:00,5.389999866485596,5.389999866485596,5.389999866485596,5.389999866485596,0,0.0,0.0
2013-07-09 00:00:00-04:00,5.199999809265137,5.199999809265137,4.800000190734863,4.800000190734863,2700,0.0,0.0
2013-07-10 00:00:00-04:00,4.949999809265137,4.949999809265137,4.599999904632568,4.599999904632568,400,0.0,0.0
2013-07-11 00:00:00-04:00,4.840000152587891,4.929999828338623,4.840000152587891,4.929999828338623,500,0.0,0.0
2013-07-12 00:00:00-04:00,4.929999828338623,4.929999828338623,4.929999828338623,4.929999828338623,0,0.0,0.0
2013-07-15 00:00:00-04:00,4.909999847412109,5.269999980926514,4.769999980926514,4.940000057220459,1500,0.0,0.0
2013-07-16 00:00:00-04:00,5.070000171661377,5.070000171661377,5.070000171661377,5.070000171661377,200,0.0,0.0
2013-07-17 00:00:00-04:00,5.070000171661377,5.070000171661377,5.070000171661377,5.070000171661377,0,0.0,0.0
2013-07-18 00:00:00-04:00,5.099999904632568,5.099999904632568,5.039999961853027,5.039999961853027,400,0.0,0.0
2013-07-19 00:00:00-04:00,5.039999961853027,5.039999961853027,5.039999961853027,5.039999961853027,0,0.0,0.0
2013-07-22 00:00:00-04:00,5.039999961853027,5.039999961853027,5.039999961853027,5.039999961853027,0,0.0,0.0
2013-07-23 00:00:00-04:00,5.039999961853027,5.039999961853027,5.039999961853027,5.039999961853027,0,0.0,0.0
2013-07-24 00:00:00-04:00,5.039999961853027,5.039999961853027,5.039999961853027,5.039999961853027,0,0.0,0.0
2013-07-25 00:00:00-04:00,5.039999961853027,5.039999961853027,5.039999961853027,5.039999961853027,0,0.0,0.0
2013-07-26 00:00:00-04:00,5.039999961853027,5.039999961853027,5.039999961853027,5.039999961853027,0,0.0,0.0
2013-07-29 00:00:00-04:00,5.099999904632568,5.099999904632568,5.099999904632568,5.099999904632568,100,0.0,0.0
2013-07-30 00:00:00-04:00,4.880000114440918,5.260000228881836,4.880000114440918,5.260000228881836,200,0.0,0.0
2013-07-31 00:00:00-04:00,5.28000020980835,5.659999847412109,5.25,5.349999904632568,1800,0.0,0.0
2013-08-01 00:00:00-04:00,5.0,5.599999904632568,5.0,5.380000114440918,300,0.0,0.0
2013-08-02 00:00:00-04:00,5.159999847412109,5.590000152587891,5.159999847412109,5.300000190734863,700,0.0,0.0
2013-08-05 00:00:00-04:00,5.199999809265137,5.449999809265137,5.199999809265137,5.449999809265137,300,0.0,0.0
2013-08-06 00:00:00-04:00,5.150000095367432,5.5,5.150000095367432,5.5,600,0.0,0.0
2013-08-07 00:00:00-04:00,5.760000228881836,5.760000228881836,5.0,5.440000057220459,400,0.0,0.0
2013-08-08 00:00:00-04:00,5.130000114440918,5.550000190734863,5.130000114440918,5.440000057220459,400,0.0,0.0
2013-08-09 00:00:00-04:00,5.210000038146973,5.210000038146973,5.210000038146973,5.210000038146973,300,0.0,0.0
2013-08-12 00:00:00-04:00,5.320000171661377,6.300000190734863,5.320000171661377,5.949999809265137,13300,0.0,0.0
2013-08-13 00:00:00-04:00,6.190000057220459,6.75,6.019999980926514,6.449999809265137,6200,0.0,0.0
2013-08-14 00:00:00-04:00,6.559999942779541,6.559999942779541,5.550000190734863,6.099999904632568,5000,0.0,0.0
2013-08-15 00:00:00-04:00,5.800000190734863,6.130000114440918,5.800000190734863,6.130000114440918,400,0.0,0.0
2013-08-16 00:00:00-04:00,5.78000020980835,6.21999979019165,5.300000190734863,5.989999771118164,1400,0.0,0.0
2013-08-19 00:00:00-04:00,5.539999961853027,6.21999979019165,5.539999961853027,6.199999809265137,800,0.0,0.0
2013-08-20 00:00:00-04:00,5.699999809265137,6.349999904632568,5.699999809265137,6.349999904632568,1800,0.0,0.0
2013-08-21 00:00:00-04:00,6.349999904632568,6.349999904632568,5.800000190734863,6.25,1300,0.0,0.0
2013-08-22 00:00:00-04:00,6.25,6.25,6.25,6.25,0,0.0,0.0
2013-08-23 00:00:00-04:00,6.25,6.25,6.25,6.25,0,0.0,0.0
2013-08-26 00:00:00-04:00,6.25,6.25,6.25,6.25,0,0.0,0.0
2013-08-27 00:00:00-04:00,6.199999809265137,6.400000095367432,5.800000190734863,6.199999809265137,1500,0.0,0.0
2013-08-28 00:00:00-04:00,6.199999809265137,6.199999809265137,6.199999809265137,6.199999809265137,0,0.0,0.0
2013-08-29 00:00:00-04:00,6.079999923706055,6.099999904632568,5.849999904632568,6.039999961853027,900,0.0,0.0
2013-08-30 00:00:00-04:00,6.039999961853027,6.039999961853027,6.039999961853027,6.039999961853027,0,0.0,0.0
2013-09-03 00:00:00-04:00,5.829999923706055,6.159999847412109,5.570000171661377,5.75,3100,0.0,0.0
2013-09-04 00:00:00-04:00,5.789999961853027,5.960000038146973,5.760000228881836,5.900000095367432,2000,0.0,0.0
2013-09-05 00:00:00-04:00,5.599999904632568,6.070000171661377,5.599999904632568,6.070000171661377,1100,0.0,0.0
2013-09-06 00:00:00-04:00,6.079999923706055,6.079999923706055,5.650000095367432,6.079999923706055,600,0.0,0.0
2013-09-09 00:00:00-04:00,5.679999828338623,6.050000190734863,5.679999828338623,6.050000190734863,700,0.0,0.0
2013-09-10 00:00:00-04:00,6.050000190734863,6.239999771118164,5.670000076293945,6.239999771118164,2000,0.0,0.0
2013-09-11 00:00:00-04:00,6.25,6.860000133514404,6.25,6.5,17600,0.0,0.0
2013-09-12 00:00:00-04:00,6.5,6.5,6.5,6.5,0,0.0,0.0
2013-09-13 00:00:00-04:00,6.550000190734863,6.550000190734863,6.5,6.5,1600,0.0,0.0
2013-09-16 00:00:00-04:00,6.75,6.980000019073486,6.400000095367432,6.909999847412109,2400,0.0,0.0
2013-09-17 00:00:00-04:00,6.630000114440918,7.050000190734863,6.599999904632568,7.0,1100,0.0,0.0
2013-09-18 00:00:00-04:00,7.099999904632568,8.0,7.099999904632568,8.0,4800,0.0,0.0
2013-09-19 00:00:00-04:00,8.25,9.0,8.25,8.649999618530273,2000,0.0,0.0
2013-09-20 00:00:00-04:00,8.720000267028809,8.8100004196167,8.449999809265137,8.8100004196167,500,0.0,0.0
2013-09-23 00:00:00-04:00,9.0,9.0,7.75,7.909999847412109,2400,0.0,0.0
2013-09-24 00:00:00-04:00,8.199999809265137,8.199999809265137,7.909999847412109,7.909999847412109,400,0.0,0.0
2013-09-25 00:00:00-04:00,7.909999847412109,7.909999847412109,7.909999847412109,7.909999847412109,0,0.0,0.0
2013-09-26 00:00:00-04:00,7.900000095367432,8.050000190734863,7.570000171661377,8.050000190734863,1300,0.0,0.0
2013-09-27 00:00:00-04:00,7.849999904632568,7.949999809265137,7.849999904632568,7.949999809265137,600,0.0,0.0
2013-09-30 00:00:00-04:00,7.900000095367432,7.900000095367432,7.25,7.800000190734863,3100,0.0,0.0
2013-10-01 00:00:00-04:00,7.900000095367432,7.900000095367432,7.690000057220459,7.889999866485596,1500,0.0,0.0
2013-10-02 00:00:00-04:00,7.820000171661377,7.820000171661377,7.679999828338623,7.710000038146973,1400,0.0,0.0
2013-10-03 00:00:00-04:00,7.75,7.869999885559082,7.610000133514404,7.670000076293945,1300,0.0,0.0
2013-10-04 00:00:00-04:00,7.820000171661377,8.5,7.820000171661377,8.5,1500,0.0,0.0
2013-10-07 00:00:00-04:00,8.770000457763672,8.989999771118164,8.75,8.989999771118164,800,0.0,0.0
2013-10-08 00:00:00-04:00,9.0,9.0,8.600000381469727,8.75,1100,0.0,0.0
2013-10-09 00:00:00-04:00,8.960000038146973,8.960000038146973,8.960000038146973,8.960000038146973,300,0.0,0.0
2013-10-10 00:00:00-04:00,9.09000015258789,9.5,9.09000015258789,9.5,800,0.0,0.0
2013-10-11 00:00:00-04:00,9.430000305175781,9.430000305175781,9.399999618530273,9.399999618530273,500,0.0,0.0
2013-10-14 00:00:00-04:00,9.420000076293945,9.420000076293945,8.850000381469727,9.0600004196167,2800,0.0,0.0
2013-10-15 00:00:00-04:00,8.949999809265137,8.949999809265137,8.949999809265137,8.949999809265137,100,0.0,0.0
2013-10-16 00:00:00-04:00,8.949999809265137,8.949999809265137,8.949999809265137,8.949999809265137,0,0.0,0.0
2013-10-17 00:00:00-04:00,8.699999809265137,9.0,7.800000190734863,9.0,1300,0.0,0.0
2013-10-18 00:00:00-04:00,8.760000228881836,9.0,8.600000381469727,8.600000381469727,2200,0.0,0.0
2013-10-21 00:00:00-04:00,8.609999656677246,9.539999961853027,8.609999656677246,9.539999961853027,3400,0.0,0.0
2013-10-22 00:00:00-04:00,9.100000381469727,9.25,9.100000381469727,9.25,300,0.0,0.0
2013-10-23 00:00:00-04:00,8.170000076293945,8.989999771118164,8.170000076293945,8.800000190734863,300,0.0,0.0
2013-10-24 00:00:00-04:00,8.800000190734863,9.0,8.699999809265137,8.899999618530273,1100,0.0,0.0
2013-10-25 00:00:00-04:00,8.420000076293945,8.699999809265137,8.0,8.0,10000,0.0,0.0
2013-10-28 00:00:00-04:00,7.900000095367432,8.25,7.829999923706055,8.0,2000,0.0,0.0
2013-10-29 00:00:00-04:00,8.0,8.0,7.050000190734863,7.5,4500,0.0,0.0
2013-10-30 00:00:00-04:00,6.920000076293945,7.199999809265137,6.920000076293945,7.199999809265137,2500,0.0,0.0
2013-10-31 00:00:00-04:00,6.300000190734863,6.650000095367432,5.800000190734863,6.300000190734863,2100,0.0,0.0
2013-11-01 00:00:00-04:00,5.900000095367432,5.900000095367432,5.389999866485596,5.699999809265137,800,0.0,0.0
2013-11-04 00:00:00-05:00,5.809999942779541,5.960000038146973,5.699999809265137,5.920000076293945,1800,0.0,0.0
2013-11-05 00:00:00-05:00,6.099999904632568,6.5,6.099999904632568,6.5,1000,0.0,0.0
2013-11-06 00:00:00-05:00,7.0,7.0,6.840000152587891,6.989999771118164,3100,0.0,0.0
2013-11-07 00:00:00-05:00,7.449999809265137,7.449999809265137,7.449999809265137,7.449999809265137,100,0.0,0.0
2013-11-08 00:00:00-05:00,7.449999809265137,7.449999809265137,7.449999809265137,7.449999809265137,0,0.0,0.0
2013-11-11 00:00:00-05:00,7.300000190734863,8.0,7.300000190734863,7.590000152587891,500,0.0,0.0
2013-11-12 00:00:00-05:00,7.480000019073486,7.480000019073486,7.480000019073486,7.480000019073486,200,0.0,0.0
2013-11-13 00:00:00-05:00,6.710000038146973,6.900000095367432,6.659999847412109,6.71999979019165,1300,0.0,0.0
2013-11-14 00:00:00-05:00,7.0,7.0,7.0,7.0,500,0.0,0.0
2013-11-15 00:00:00-05:00,7.0,7.0,7.0,7.0,0,0.0,0.0
2013-11-18 00:00:00-05:00,7.0,7.0,7.0,7.0,0,0.0,0.0
2013-11-19 00:00:00-05:00,6.769999980926514,6.800000190734863,6.769999980926514,6.800000190734863,600,0.0,0.0
2013-11-20 00:00:00-05:00,6.800000190734863,6.800000190734863,6.800000190734863,6.800000190734863,0,0.0,0.0
2013-11-21 00:00:00-05:00,6.800000190734863,6.800000190734863,6.800000190734863,6.800000190734863,0,0.0,0.0
2013-11-22 00:00:00-05:00,6.849999904632568,6.849999904632568,6.849999904632568,6.849999904632568,100,0.0,0.0
2013-11-25 00:00:00-05:00,6.809999942779541,6.809999942779541,6.809999942779541,6.809999942779541,100,0.0,0.0
2013-11-26 00:00:00-05:00,6.820000171661377,6.820000171661377,6.599999904632568,6.820000171661377,500,0.0,0.0
2013-11-27 00:00:00-05:00,6.820000171661377,6.820000171661377,6.820000171661377,6.820000171661377,0,0.0,0.0
2013-11-29 00:00:00-05:00,6.820000171661377,6.820000171661377,6.820000171661377,6.820000171661377,0,0.0,0.0
2013-12-02 00:00:00-05:00,6.78000020980835,7.989999771118164,6.78000020980835,6.78000020980835,3100,0.0,0.0
2013-12-03 00:00:00-05:00,6.5,6.510000228881836,5.909999847412109,6.25,3100,0.0,0.0
2013-12-04 00:00:00-05:00,6.460000038146973,6.539999961853027,6.349999904632568,6.489999771118164,800,0.0,0.0
2013-12-05 00:00:00-05:00,6.489999771118164,6.489999771118164,6.489999771118164,6.489999771118164,0,0.0,0.0
2013-12-06 00:00:00-05:00,6.329999923706055,6.329999923706055,6.289999961853027,6.289999961853027,1000,0.0,0.0
2013-12-09 00:00:00-05:00,6.289999961853027,6.289999961853027,6.289999961853027,6.289999961853027,0,0.0,0.0
2013-12-10 00:00:00-05:00,6.360000133514404,6.360000133514404,6.360000133514404,6.360000133514404,300,0.0,0.0
2013-12-11 00:00:00-05:00,6.360000133514404,6.360000133514404,6.360000133514404,6.360000133514404,0,0.0,0.0
2013-12-12 00:00:00-05:00,6.360000133514404,6.360000133514404,6.360000133514404,6.360000133514404,0,0.0,0.0
2013-12-13 00:00:00-05:00,5.78000020980835,6.179999828338623,5.78000020980835,6.0,3200,0.0,0.0
2013-12-16 00:00:00-05:00,6.0,6.0,6.0,6.0,0,0.0,0.0
2013-12-17 00:00:00-05:00,6.139999866485596,6.239999771118164,6.0,6.239999771118164,400,0.0,0.0
2013-12-18 00:00:00-05:00,6.28000020980835,6.389999866485596,6.25,6.389999866485596,500,0.0,0.0
2013-12-19 00:00:00-05:00,6.389999866485596,6.389999866485596,6.389999866485596,6.389999866485596,0,0.0,0.0
2013-12-20 00:00:00-05:00,6.0,6.429999828338623,5.800000190734863,6.429999828338623,1200,0.0,0.0
2013-12-23 00:00:00-05:00,6.429999828338623,6.429999828338623,6.429999828338623,6.429999828338623,500,0.0,0.0
2013-12-24 00:00:00-05:00,7.0,7.0,6.46999979019165,6.989999771118164,2800,0.0,0.0
2013-12-26 00:00:00-05:00,6.5,6.989999771118164,6.199999809265137,6.989999771118164,1100,0.0,0.0
2013-12-27 00:00:00-05:00,6.940000057220459,6.980000019073486,5.909999847412109,6.949999809265137,3800,0.0,0.0
2013-12-30 00:00:00-05:00,7.0,7.0,6.380000114440918,7.0,1500,0.0,0.0
2013-12-31 00:00:00-05:00,6.599999904632568,6.989999771118164,6.599999904632568,6.989999771118164,400,0.0,0.0
2014-01-02 00:00:00-05:00,6.400000095367432,7.039999961853027,6.400000095367432,7.039999961853027,300,0.0,0.0
2014-01-03 00:00:00-05:00,7.0,7.0,6.949999809265137,6.949999809265137,700,0.0,0.0
2014-01-06 00:00:00-05:00,6.849999904632568,6.849999904632568,6.849999904632568,6.849999904632568,200,0.0,0.0
2014-01-07 00:00:00-05:00,6.860000133514404,6.860000133514404,6.619999885559082,6.619999885559082,300,0.0,0.0
2014-01-08 00:00:00-05:00,6.619999885559082,6.619999885559082,6.619999885559082,6.619999885559082,0,0.0,0.0
2014-01-09 00:00:00-05:00,6.619999885559082,6.619999885559082,6.619999885559082,6.619999885559082,0,0.0,0.0
2014-01-10 00:00:00-05:00,7.199999809265137,7.199999809265137,7.199999809265137,7.199999809265137,300,0.0,0.0
2014-01-13 00:00:00-05:00,7.199999809265137,7.199999809265137,7.199999809265137,7.199999809265137,0,0.0,0.0
2014-01-14 00:00:00-05:00,7.199999809265137,7.199999809265137,7.199999809265137,7.199999809265137,0,0.0,0.0
2014-01-15 00:00:00-05:00,7.050000190734863,7.050000190734863,7.050000190734863,7.050000190734863,200,0.0,0.0
2014-01-16 00:00:00-05:00,7.179999828338623,7.199999809265137,7.179999828338623,7.199999809265137,600,0.0,0.0
2014-01-17 00:00:00-05:00,7.199999809265137,7.429999828338623,7.199999809265137,7.400000095367432,600,0.0,0.0
2014-01-21 00:00:00-05:00,7.989999771118164,7.989999771118164,7.989999771118164,7.989999771118164,400,0.0,0.0
2014-01-22 00:00:00-05:00,7.989999771118164,7.989999771118164,7.989999771118164,7.989999771118164,0,0.0,0.0
2014-01-23 00:00:00-05:00,7.989999771118164,7.989999771118164,7.989999771118164,7.989999771118164,300,0.0,0.0
2014-01-24 00:00:00-05:00,8.0,8.0,8.0,8.0,200,0.0,0.0
2014-01-27 00:00:00-05:00,7.230000019073486,8.100000381469727,7.230000019073486,7.949999809265137,400,0.0,0.0
2014-01-28 00:00:00-05:00,8.800000190734863,9.0,8.800000190734863,9.0,2200,0.0,0.0
2014-01-29 00:00:00-05:00,9.0,10.539999961853027,9.0,10.0,24600,0.0,0.0
2014-01-30 00:00:00-05:00,17.8700008392334,17.8700008392334,10.800000190734863,11.399999618530273,6400,0.0,0.0
2014-01-31 00:00:00-05:00,11.399999618530273,11.399999618530273,9.989999771118164,10.9399995803833,800,0.0,0.0
2014-02-03 00:00:00-05:00,11.0,12.130000114440918,10.899999618530273,11.5,20400,0.0,0.0
2014-02-04 00:00:00-05:00,11.520000457763672,12.0,11.520000457763672,11.600000381469727,2100,0.0,0.0
2014-02-05 00:00:00-05:00,11.5,13.5,9.859999656677246,12.489999771118164,2200,0.0,0.0
2014-02-06 00:00:00-05:00,13.84000015258789,13.84000015258789,12.0,12.550000190734863,7200,0.0,0.0
2014-02-07 00:00:00-05:00,12.670000076293945,15.5,12.670000076293945,14.0600004196167,3300,0.0,0.0
2014-02-10 00:00:00-05:00,15.5,15.5,13.800000190734863,15.15999984741211,8200,0.0,0.0
2014-02-11 00:00:00-05:00,15.0,16.68000030517578,14.100000381469727,16.459999084472656,8500,0.0,0.0
2014-02-12 00:00:00-05:00,16.459999084472656,16.459999084472656,15.0,15.529999732971191,1600,0.0,0.0
2014-02-13 00:00:00-05:00,14.779999732971191,16.299999237060547,14.739999771118164,15.75,4400,0.0,0.0
2014-02-14 00:00:00-05:00,15.739999771118164,15.739999771118164,14.359999656677246,15.0,2100,0.0,0.0
2014-02-18 00:00:00-05:00,14.449999809265137,15.699999809265137,14.300000190734863,14.5,1800,0.0,0.0
2014-02-19 00:00:00-05:00,14.300000190734863,15.100000381469727,14.300000190734863,15.069999694824219,800,0.0,0.0
2014-02-20 00:00:00-05:00,14.40999984741211,14.40999984741211,14.300000190734863,14.399999618530273,600,0.0,0.0
2014-02-21 00:00:00-05:00,14.399999618530273,14.979999542236328,14.399999618530273,14.979999542236328,1000,0.0,0.0
2014-02-24 00:00:00-05:00,14.270000457763672,14.710000038146973,14.270000457763672,14.699999809265137,800,0.0,0.0
2014-02-25 00:00:00-05:00,15.050000190734863,15.050000190734863,15.050000190734863,15.050000190734863,200,0.0,0.0
2014-02-26 00:00:00-05:00,15.050000190734863,15.050000190734863,15.050000190734863,15.050000190734863,0,0.0,0.0
2014-02-27 00:00:00-05:00,15.050000190734863,15.050000190734863,15.050000190734863,15.050000190734863,0,0.0,0.0
2014-02-28 00:00:00-05:00,15.0,15.0,14.449999809265137,14.449999809265137,1500,0.0,0.0
2014-03-03 00:00:00-05:00,14.300000190734863,14.350000381469727,14.300000190734863,14.350000381469727,700,0.0,0.0
2014-03-04 00:00:00-05:00,14.350000381469727,14.350000381469727,14.350000381469727,14.350000381469727,0,0.0,0.0
2014-03-05 00:00:00-05:00,14.75,14.75,14.75,14.75,300,0.0,0.0
2014-03-06 00:00:00-05:00,14.300000190734863,14.399999618530273,14.300000190734863,14.399999618530273,1200,0.0,0.0
2014-03-07 00:00:00-05:00,14.300000190734863,14.300000190734863,12.880000114440918,13.970000267028809,1100,0.0,0.0
2014-03-10 00:00:00-04:00,12.229999542236328,13.90999984741211,12.229999542236328,13.90999984741211,1600,0.0,0.0
2014-03-11 00:00:00-04:00,12.75,12.75,12.5,12.5,200,0.0,0.0
2014-03-12 00:00:00-04:00,12.880000114440918,13.0,12.5,13.0,2300,0.0,0.0
2014-03-13 00:00:00-04:00,12.949999809265137,12.949999809265137,12.90999984741211,12.90999984741211,400,0.0,0.0
2014-03-14 00:00:00-04:00,13.0,13.0,13.0,13.0,200,0.0,0.0
2014-03-17 00:00:00-04:00,13.0,13.0,12.869999885559082,12.970000267028809,4500,0.0,0.0
2014-03-18 00:00:00-04:00,12.899999618530273,12.899999618530273,11.699999809265137,11.699999809265137,700,0.0,0.0
2014-03-19 00:00:00-04:00,11.699999809265137,11.699999809265137,11.699999809265137,11.699999809265137,0,0.0,0.0
2014-03-20 00:00:00-04:00,11.699999809265137,11.699999809265137,11.699999809265137,11.699999809265137,0,0.0,0.0
2014-03-21 00:00:00-04:00,11.699999809265137,11.699999809265137,11.699999809265137,11.699999809265137,0,0.0,0.0
2014-03-24 00:00:00-04:00,11.699999809265137,11.699999809265137,11.699999809265137,11.699999809265137,0,0.0,0.0
2014-03-25 00:00:00-04:00,11.699999809265137,11.699999809265137,11.699999809265137,11.699999809265137,0,0.0,0.0
2014-03-26 00:00:00-04:00,11.899999618530273,11.899999618530273,11.899999618530273,11.899999618530273,100,0.0,0.0
2014-03-27 00:00:00-04:00,11.899999618530273,11.899999618530273,11.899999618530273,11.899999618530273,0,0.0,0.0
2014-03-28 00:00:00-04:00,11.899999618530273,11.899999618530273,11.899999618530273,11.899999618530273,0,0.0,0.0
2014-03-31 00:00:00-04:00,12.720000267028809,12.720000267028809,12.720000267028809,12.720000267028809,200,0.0,0.0
2014-04-01 00:00:00-04:00,12.970000267028809,12.970000267028809,12.970000267028809,12.970000267028809,400,0.0,0.0
2014-04-02 00:00:00-04:00,12.960000038146973,12.970000267028809,12.84000015258789,12.970000267028809,2400,0.0,0.0
2014-04-03 00:00:00-04:00,12.970000267028809,12.970000267028809,12.970000267028809,12.970000267028809,0,0.0,0.0
2014-04-04 00:00:00-04:00,12.970000267028809,12.970000267028809,12.970000267028809,12.970000267028809,0,0.0,0.0
2014-04-07 00:00:00-04:00,13.0,13.0,12.960000038146973,12.960000038146973,1900,0.0,0.0
2014-04-08 00:00:00-04:00,12.729999542236328,12.729999542236328,12.729999542236328,12.729999542236328,300,0.0,0.0
2014-04-09 00:00:00-04:00,12.350000381469727,12.350000381469727,12.350000381469727,12.350000381469727,100,0.0,0.0
2014-04-10 00:00:00-04:00,12.770000457763672,12.770000457763672,12.770000457763672,12.770000457763672,300,0.0,0.0
2014-04-11 00:00:00-04:00,12.710000038146973,12.710000038146973,12.710000038146973,12.710000038146973,100,0.0,0.0
2014-04-14 00:00:00-04:00,13.0,13.0,12.949999809265137,12.979999542236328,1000,0.0,0.0
2014-04-15 00:00:00-04:00,12.390000343322754,12.449999809265137,12.390000343322754,12.449999809265137,500,0.0,0.0
2014-04-16 00:00:00-04:00,11.0,12.949999809265137,11.0,12.949999809265137,500,0.0,0.0
2014-04-17 00:00:00-04:00,12.949999809265137,12.949999809265137,12.949999809265137,12.949999809265137,0,0.0,0.0
2014-04-21 00:00:00-04:00,10.319999694824219,11.300000190734863,10.319999694824219,11.300000190734863,600,0.0,0.0
2014-04-22 00:00:00-04:00,12.199999809265137,12.199999809265137,11.989999771118164,11.989999771118164,2900,0.0,0.0
2014-04-23 00:00:00-04:00,11.0,11.010000228881836,11.0,11.010000228881836,600,0.0,0.0
2014-04-24 00:00:00-04:00,11.010000228881836,11.010000228881836,11.010000228881836,11.010000228881836,0,0.0,0.0
2014-04-25 00:00:00-04:00,11.010000228881836,11.010000228881836,11.010000228881836,11.010000228881836,0,0.0,0.0
2014-04-28 00:00:00-04:00,11.010000228881836,11.010000228881836,11.010000228881836,11.010000228881836,0,0.0,0.0
2014-04-29 00:00:00-04:00,11.010000228881836,11.010000228881836,11.010000228881836,11.010000228881836,0,0.0,0.0
2014-04-30 00:00:00-04:00,11.880000114440918,11.880000114440918,10.979999542236328,10.979999542236328,400,0.0,0.0
2014-05-01 00:00:00-04:00,10.979999542236328,10.979999542236328,10.979999542236328,10.979999542236328,0,0.0,0.0
2014-05-02 00:00:00-04:00,10.979999542236328,10.979999542236328,10.979999542236328,10.979999542236328,0,0.0,0.0
2014-05-05 00:00:00-04:00,10.979999542236328,10.979999542236328,10.979999542236328,10.979999542236328,0,0.0,0.0
2014-05-06 00:00:00-04:00,10.979999542236328,10.979999542236328,10.979999542236328,10.979999542236328,0,0.0,0.0
2014-05-07 00:00:00-04:00,11.800000190734863,11.800000190734863,11.800000190734863,11.800000190734863,300,0.0,0.0
2014-05-08 00:00:00-04:00,11.800000190734863,11.800000190734863,11.800000190734863,11.800000190734863,0,0.0,0.0
2014-05-09 00:00:00-04:00,11.800000190734863,11.800000190734863,11.800000190734863,11.800000190734863,0,0.0,0.0
2014-05-12 00:00:00-04:00,11.800000190734863,11.800000190734863,11.800000190734863,11.800000190734863,700,0.0,0.0
2014-05-13 00:00:00-04:00,11.65999984741211,11.65999984741211,11.65999984741211,11.65999984741211,200,0.0,0.0
2014-05-14 00:00:00-04:00,11.65999984741211,11.65999984741211,11.65999984741211,11.65999984741211,0,0.0,0.0
2014-05-15 00:00:00-04:00,11.65999984741211,11.65999984741211,11.65999984741211,11.65999984741211,0,0.0,0.0
2014-05-16 00:00:00-04:00,11.65999984741211,11.65999984741211,11.65999984741211,11.65999984741211,0,0.0,0.0
2014-05-19 00:00:00-04:00,11.65999984741211,11.65999984741211,11.65999984741211,11.65999984741211,0,0.0,0.0
2014-05-20 00:00:00-04:00,11.65999984741211,11.65999984741211,11.65999984741211,11.65999984741211,0,0.0,0.0
2014-05-21 00:00:00-04:00,11.65999984741211,11.65999984741211,11.65999984741211,11.65999984741211,0,0.0,0.0
2014-05-22 00:00:00-04:00,11.65999984741211,11.65999984741211,11.65999984741211,11.65999984741211,0,0.0,0.0
2014-05-23 00:00:00-04:00,11.65999984741211,11.65999984741211,11.65999984741211,11.65999984741211,0,0.0,0.0
2014-05-27 00:00:00-04:00,11.65999984741211,11.65999984741211,11.65999984741211,11.65999984741211,0,0.0,0.0
2014-05-28 00:00:00-04:00,11.569999694824219,11.569999694824219,11.569999694824219,11.569999694824219,500,0.0,0.0
2014-05-29 00:00:00-04:00,11.229999542236328,11.229999542236328,10.180000305175781,10.800000190734863,500,0.0,0.0
2014-05-30 00:00:00-04:00,10.800000190734863,10.800000190734863,10.800000190734863,10.800000190734863,0,0.0,0.0
2014-06-02 00:00:00-04:00,10.800000190734863,10.800000190734863,10.800000190734863,10.800000190734863,0,0.0,0.0
2014-06-03 00:00:00-04:00,10.800000190734863,10.800000190734863,10.800000190734863,10.800000190734863,0,0.0,0.0
2014-06-04 00:00:00-04:00,10.800000190734863,10.800000190734863,10.800000190734863,10.800000190734863,0,0.0,0.0
2014-06-05 00:00:00-04:00,10.119999885559082,11.130000114440918,10.100000381469727,11.130000114440918,1800,0.0,0.0
2014-06-06 00:00:00-04:00,11.130000114440918,11.130000114440918,11.130000114440918,11.130000114440918,0,0.0,0.0
2014-06-09 00:00:00-04:00,11.130000114440918,11.130000114440918,11.130000114440918,11.130000114440918,0,0.0,0.0
2014-06-10 00:00:00-04:00,11.130000114440918,11.130000114440918,11.130000114440918,11.130000114440918,0,0.0,0.0
2014-06-11 00:00:00-04:00,11.130000114440918,11.130000114440918,11.130000114440918,11.130000114440918,0,0.0,0.0
2014-06-12 00:00:00-04:00,10.25,11.5,10.100000381469727,11.5,1200,0.0,0.0
2014-06-13 00:00:00-04:00,10.220000267028809,10.220000267028809,10.220000267028809,10.220000267028809,100,0.0,0.0
2014-06-16 00:00:00-04:00,10.0600004196167,10.0600004196167,10.0600004196167,10.0600004196167,200,0.0,0.0
2014-06-17 00:00:00-04:00,10.0600004196167,10.0600004196167,10.0600004196167,10.0600004196167,0,0.0,0.0
2014-06-18 00:00:00-04:00,10.0600004196167,10.0600004196167,10.0600004196167,10.0600004196167,0,0.0,0.0
2014-06-19 00:00:00-04:00,10.0600004196167,10.0600004196167,10.0600004196167,10.0600004196167,0,0.0,0.0
2014-06-20 00:00:00-04:00,10.0600004196167,10.0600004196167,10.0600004196167,10.0600004196167,0,0.0,0.0
2014-06-23 00:00:00-04:00,10.25,10.25,10.25,10.25,100,0.0,0.0
2014-06-24 00:00:00-04:00,10.25,10.25,10.25,10.25,0,0.0,0.0
2014-06-25 00:00:00-04:00,10.25,10.25,10.25,10.25,0,0.0,0.0
2014-06-26 00:00:00-04:00,10.25,10.25,10.25,10.25,0,0.0,0.0
2014-06-27 00:00:00-04:00,10.25,10.25,10.25,10.25,0,0.0,0.0
2014-06-30 00:00:00-04:00,10.25,10.25,10.25,10.25,0,0.0,0.0
2014-07-01 00:00:00-04:00,9.180000305175781,9.489999771118164,9.079999923706055,9.489999771118164,1000,0.0,0.0
2014-07-02 00:00:00-04:00,9.489999771118164,9.489999771118164,9.489999771118164,9.489999771118164,0,0.0,0.0
2014-07-03 00:00:00-04:00,9.489999771118164,9.489999771118164,9.489999771118164,9.489999771118164,0,0.0,0.0
2014-07-07 00:00:00-04:00,9.25,9.359999656677246,9.199999809265137,9.199999809265137,2000,0.0,0.0
2014-07-08 00:00:00-04:00,9.289999961853027,9.350000381469727,9.289999961853027,9.350000381469727,800,0.0,0.0
2014-07-09 00:00:00-04:00,9.350000381469727,9.350000381469727,9.350000381469727,9.350000381469727,0,0.0,0.0
2014-07-10 00:00:00-04:00,9.350000381469727,9.350000381469727,9.350000381469727,9.350000381469727,0,0.0,0.0
2014-07-11 00:00:00-04:00,9.350000381469727,9.350000381469727,9.350000381469727,9.350000381469727,0,0.0,0.0
2014-07-14 00:00:00-04:00,9.350000381469727,9.350000381469727,9.350000381469727,9.350000381469727,0,0.0,0.0
2014-07-15 00:00:00-04:00,9.350000381469727,9.350000381469727,9.350000381469727,9.350000381469727,0,0.0,0.0
2014-07-16 00:00:00-04:00,9.350000381469727,9.350000381469727,9.350000381469727,9.350000381469727,0,0.0,0.0
2014-07-17 00:00:00-04:00,9.5,9.5,9.199999809265137,9.199999809265137,4200,0.0,0.0
2014-07-18 00:00:00-04:00,9.199999809265137,9.199999809265137,9.199999809265137,9.199999809265137,0,0.0,0.0
2014-07-21 00:00:00-04:00,9.079999923706055,9.90999984741211,9.079999923706055,9.350000381469727,15800,0.0,0.0
2014-07-22 00:00:00-04:00,9.050000190734863,9.050000190734863,9.050000190734863,9.050000190734863,100,0.0,0.0
2014-07-23 00:00:00-04:00,9.300000190734863,9.5,9.289999961853027,9.5,5100,0.0,0.0
2014-07-24 00:00:00-04:00,9.600000381469727,10.229999542236328,9.300000190734863,9.300000190734863,11000,0.0,0.0
2014-07-25 00:00:00-04:00,9.050000190734863,9.880000114440918,9.050000190734863,9.5,14100,0.0,0.0
2014-07-28 00:00:00-04:00,9.130000114440918,9.130000114440918,9.130000114440918,9.130000114440918,100,0.0,0.0
2014-07-29 00:00:00-04:00,9.130000114440918,9.130000114440918,9.130000114440918,9.130000114440918,0,0.0,0.0
2014-07-30 00:00:00-04:00,9.329999923706055,9.899999618530273,9.010000228881836,9.010000228881836,9200,0.0,0.0
2014-07-31 00:00:00-04:00,9.449999809265137,9.670000076293945,9.069999694824219,9.069999694824219,4800,0.0,0.0
2014-08-01 00:00:00-04:00,9.300000190734863,9.350000381469727,9.220000267028809,9.220000267028809,1300,0.0,0.0
2014-08-04 00:00:00-04:00,9.220000267028809,9.220000267028809,9.220000267028809,9.220000267028809,0,0.0,0.0
2014-08-05 00:00:00-04:00,9.279999732971191,9.800000190734863,9.199999809265137,9.199999809265137,8200,0.0,0.0
2014-08-06 00:00:00-04:00,9.380000114440918,9.5,9.300000190734863,9.300000190734863,4400,0.0,0.0
2014-08-07 00:00:00-04:00,9.100000381469727,9.100000381469727,9.020000457763672,9.069999694824219,700,0.0,0.0
2014-08-08 00:00:00-04:00,9.069999694824219,9.069999694824219,9.069999694824219,9.069999694824219,0,0.0,0.0
2014-08-11 00:00:00-04:00,9.300000190734863,9.300000190734863,9.300000190734863,9.300000190734863,200,0.0,0.0
2014-08-12 00:00:00-04:00,9.300000190734863,9.300000190734863,9.300000190734863,9.300000190734863,0,0.0,0.0
2014-08-13 00:00:00-04:00,9.039999961853027,9.039999961853027,9.039999961853027,9.039999961853027,600,0.0,0.0
2014-08-14 00:00:00-04:00,9.039999961853027,9.039999961853027,9.039999961853027,9.039999961853027,0,0.0,0.0
2014-08-15 00:00:00-04:00,9.039999961853027,9.039999961853027,9.039999961853027,9.039999961853027,0,0.0,0.0
2014-08-18 00:00:00-04:00,9.039999961853027,9.039999961853027,9.039999961853027,9.039999961853027,0,0.0,0.0
2014-08-19 00:00:00-04:00,9.039999961853027,9.039999961853027,9.039999961853027,9.039999961853027,0,0.0,0.0
2014-08-20 00:00:00-04:00,9.59000015258789,9.59000015258789,9.050000190734863,9.050000190734863,3600,0.0,0.0
2014-08-21 00:00:00-04:00,9.050000190734863,9.050000190734863,9.050000190734863,9.050000190734863,0,0.0,0.0
2014-08-22 00:00:00-04:00,9.199999809265137,9.199999809265137,9.010000228881836,9.010000228881836,400,0.0,0.0
2014-08-25 00:00:00-04:00,9.010000228881836,9.010000228881836,9.010000228881836,9.010000228881836,0,0.0,0.0
2014-08-26 00:00:00-04:00,9.170000076293945,9.25,9.170000076293945,9.25,800,0.0,0.0
2014-08-27 00:00:00-04:00,9.25,9.25,9.25,9.25,0,0.0,0.0
2014-08-28 00:00:00-04:00,9.25,9.25,9.25,9.25,0,0.0,0.0
2014-08-29 00:00:00-04:00,9.25,9.25,9.25,9.25,0,0.0,0.0
2014-09-02 00:00:00-04:00,9.25,9.25,9.25,9.25,0,0.0,0.0
2014-09-03 00:00:00-04:00,9.25,9.25,9.25,9.25,0,0.0,0.0
2014-09-04 00:00:00-04:00,9.25,9.25,9.25,9.25,0,0.0,0.0
2014-09-05 00:00:00-04:00,9.25,9.25,9.25,9.25,0,0.0,0.0
2014-09-08 00:00:00-04:00,9.25,9.25,9.25,9.25,0,0.0,0.0
2014-09-09 00:00:00-04:00,9.25,9.25,9.25,9.25,0,0.0,0.0
2014-09-10 00:00:00-04:00,9.25,9.25,9.25,9.25,0,0.0,0.0
2014-09-11 00:00:00-04:00,9.25,9.25,9.25,9.25,0,0.0,0.0
2014-09-12 00:00:00-04:00,9.25,9.25,9.25,9.25,0,0.0,0.0
2014-09-15 00:00:00-04:00,9.050000190734863,9.050000190734863,9.050000190734863,9.050000190734863,200,0.0,0.0
2014-09-16 00:00:00-04:00,9.050000190734863,9.050000190734863,9.050000190734863,9.050000190734863,0,0.0,0.0
2014-09-17 00:00:00-04:00,9.050000190734863,9.050000190734863,9.050000190734863,9.050000190734863,0,0.0,0.0
2014-09-18 00:00:00-04:00,9.050000190734863,9.050000190734863,9.050000190734863,9.050000190734863,0,0.0,0.0
2014-09-19 00:00:00-04:00,9.050000190734863,9.050000190734863,9.050000190734863,9.050000190734863,0,0.0,0.0
2014-09-22 00:00:00-04:00,9.050000190734863,9.050000190734863,9.050000190734863,9.050000190734863,0,0.0,0.0
2014-09-23 00:00:00-04:00,9.420000076293945,9.420000076293945,8.649999618530273,8.649999618530273,1900,0.0,0.0
2014-09-24 00:00:00-04:00,8.649999618530273,8.649999618530273,8.649999618530273,8.649999618530273,0,0.0,0.0
2014-09-25 00:00:00-04:00,9.300000190734863,9.300000190734863,8.949999809265137,8.949999809265137,1500,0.0,0.0
2014-09-26 00:00:00-04:00,9.289999961853027,9.289999961853027,9.289999961853027,9.289999961853027,100,0.0,0.0
2014-09-29 00:00:00-04:00,9.289999961853027,9.289999961853027,9.289999961853027,9.289999961853027,0,0.0,0.0
2014-09-30 00:00:00-04:00,9.109999656677246,9.109999656677246,9.109999656677246,9.109999656677246,100,0.0,0.0
2014-10-01 00:00:00-04:00,9.109999656677246,9.109999656677246,9.109999656677246,9.109999656677246,100,0.0,0.0
2014-10-02 00:00:00-04:00,9.109999656677246,9.109999656677246,9.109999656677246,9.109999656677246,0,0.0,0.0
2014-10-03 00:00:00-04:00,9.0,9.0,8.970000267028809,8.970000267028809,200,0.0,0.0
2014-10-06 00:00:00-04:00,8.970000267028809,8.970000267028809,8.970000267028809,8.970000267028809,0,0.0,0.0
2014-10-07 00:00:00-04:00,8.970000267028809,8.970000267028809,8.970000267028809,8.970000267028809,0,0.0,0.0
2014-10-08 00:00:00-04:00,8.970000267028809,8.970000267028809,8.970000267028809,8.970000267028809,0,0.0,0.0
2014-10-09 00:00:00-04:00,8.970000267028809,8.970000267028809,8.970000267028809,8.970000267028809,0,0.0,0.0
2014-10-10 00:00:00-04:00,8.970000267028809,8.970000267028809,8.970000267028809,8.970000267028809,0,0.0,0.0
2014-10-13 00:00:00-04:00,8.970000267028809,8.970000267028809,8.970000267028809,8.970000267028809,0,0.0,0.0
2014-10-14 00:00:00-04:00,8.970000267028809,8.970000267028809,8.970000267028809,8.970000267028809,0,0.0,0.0
2014-10-15 00:00:00-04:00,7.849999904632568,7.849999904632568,7.849999904632568,7.849999904632568,100,0.0,0.0
2014-10-16 00:00:00-04:00,9.0,9.0,9.0,9.0,100,0.0,0.0
2014-10-17 00:00:00-04:00,8.300000190734863,8.449999809265137,8.010000228881836,8.3100004196167,8500,0.0,0.0
2014-10-20 00:00:00-04:00,8.050000190734863,8.5,7.599999904632568,7.599999904632568,8100,0.0,0.0
2014-10-21 00:00:00-04:00,7.599999904632568,7.599999904632568,7.599999904632568,7.599999904632568,0,0.0,0.0
2014-10-22 00:00:00-04:00,7.909999847412109,8.180000305175781,7.829999923706055,7.849999904632568,3000,0.0,0.0
2014-10-23 00:00:00-04:00,7.849999904632568,8.100000381469727,7.769999980926514,8.100000381469727,2600,0.0,0.0
2014-10-24 00:00:00-04:00,7.800000190734863,7.800000190734863,7.800000190734863,7.800000190734863,1400,0.0,0.0
2014-10-27 00:00:00-04:00,8.0,8.0,8.0,8.0,400,0.0,0.0
2014-10-28 00:00:00-04:00,8.0,8.0,8.0,8.0,0,0.0,0.0
2014-10-29 00:00:00-04:00,7.849999904632568,8.050000190734863,7.25,7.400000095367432,4100,0.0,0.0
2014-10-30 00:00:00-04:00,7.309999942779541,7.309999942779541,7.28000020980835,7.28000020980835,200,0.0,0.0
2014-10-31 00:00:00-04:00,7.25,7.25,7.25,7.25,400,0.0,0.0
2014-11-03 00:00:00-05:00,7.25,7.25,7.25,7.25,0,0.0,0.0
2014-11-04 00:00:00-05:00,7.25,7.25,7.25,7.25,0,0.0,0.0
2014-11-05 00:00:00-05:00,7.25,7.25,7.25,7.25,0,0.0,0.0
2014-11-06 00:00:00-05:00,7.25,7.25,7.25,7.25,0,0.0,0.0
2014-11-07 00:00:00-05:00,7.25,7.25,7.25,7.25,0,0.0,0.0
2014-11-10 00:00:00-05:00,7.25,7.25,7.25,7.25,0,0.0,0.0
2014-11-11 00:00:00-05:00,8.819999694824219,8.819999694824219,8.819999694824219,8.819999694824219,100,0.0,0.0
2014-11-12 00:00:00-05:00,7.21999979019165,7.21999979019165,7.21999979019165,7.21999979019165,300,0.0,0.0
2014-11-13 00:00:00-05:00,7.21999979019165,7.21999979019165,7.21999979019165,7.21999979019165,0,0.0,0.0
2014-11-14 00:00:00-05:00,7.21999979019165,7.21999979019165,7.21999979019165,7.21999979019165,0,0.0,0.0
2014-11-17 00:00:00-05:00,7.21999979019165,7.21999979019165,7.21999979019165,7.21999979019165,0,0.0,0.0
2014-11-18 00:00:00-05:00,7.21999979019165,7.21999979019165,7.21999979019165,7.21999979019165,0,0.0,0.0
2014-11-19 00:00:00-05:00,7.21999979019165,7.21999979019165,7.21999979019165,7.21999979019165,0,0.0,0.0
2014-11-20 00:00:00-05:00,7.21999979019165,7.21999979019165,7.21999979019165,7.21999979019165,0,0.0,0.0
2014-11-21 00:00:00-05:00,7.21999979019165,7.21999979019165,7.21999979019165,7.21999979019165,0,0.0,0.0
2014-11-24 00:00:00-05:00,7.21999979019165,7.21999979019165,7.21999979019165,7.21999979019165,0,0.0,0.0
2014-11-25 00:00:00-05:00,7.300000190734863,7.5,7.300000190734863,7.5,700,0.0,0.0
2014-11-26 00:00:00-05:00,7.5,7.5,7.5,7.5,0,0.0,0.0
2014-11-28 00:00:00-05:00,7.5,7.5,7.5,7.5,0,0.0,0.0
2014-12-01 00:00:00-05:00,7.5,7.5,7.5,7.5,100,0.0,0.0
2014-12-02 00:00:00-05:00,7.599999904632568,7.599999904632568,7.599999904632568,7.599999904632568,100,0.0,0.0
2014-12-03 00:00:00-05:00,7.599999904632568,7.599999904632568,7.599999904632568,7.599999904632568,0,0.0,0.0
2014-12-04 00:00:00-05:00,7.599999904632568,7.599999904632568,7.599999904632568,7.599999904632568,0,0.0,0.0
2014-12-05 00:00:00-05:00,7.599999904632568,7.599999904632568,7.599999904632568,7.599999904632568,0,0.0,0.0
2014-12-08 00:00:00-05:00,7.550000190734863,7.650000095367432,7.5,7.599999904632568,1100,0.0,0.0
2014-12-09 00:00:00-05:00,7.650000095367432,7.650000095367432,7.650000095367432,7.650000095367432,1000,0.0,0.0
2014-12-10 00:00:00-05:00,7.650000095367432,7.650000095367432,7.650000095367432,7.650000095367432,0,0.0,0.0
2014-12-11 00:00:00-05:00,7.010000228881836,7.650000095367432,7.0,7.650000095367432,1000,0.0,0.0
2014-12-12 00:00:00-05:00,7.0,7.0,7.0,7.0,400,0.0,0.0
2014-12-15 00:00:00-05:00,7.25,7.25,7.25,7.25,300,0.0,0.0
2014-12-16 00:00:00-05:00,6.559999942779541,6.559999942779541,5.829999923706055,5.829999923706055,1000,0.0,0.0
2014-12-17 00:00:00-05:00,7.460000038146973,7.460000038146973,5.400000095367432,6.210000038146973,2200,0.0,0.0
2014-12-18 00:00:00-05:00,6.210000038146973,6.210000038146973,6.210000038146973,6.210000038146973,0,0.0,0.0
2014-12-19 00:00:00-05:00,7.090000152587891,9.0,7.090000152587891,9.0,5100,0.0,0.0
2014-12-22 00:00:00-05:00,8.800000190734863,8.800000190734863,8.800000190734863,8.800000190734863,300,0.0,0.0
2014-12-23 00:00:00-05:00,7.800000190734863,7.800000190734863,7.019999980926514,7.650000095367432,2600,0.0,0.0
2014-12-24 00:00:00-05:00,7.650000095367432,7.650000095367432,7.650000095367432,7.650000095367432,0,0.0,0.0
2014-12-26 00:00:00-05:00,7.650000095367432,7.650000095367432,7.650000095367432,7.650000095367432,0,0.0,0.0
2014-12-29 00:00:00-05:00,7.099999904632568,7.099999904632568,7.0,7.099999904632568,900,0.0,0.0
2014-12-30 00:00:00-05:00,7.099999904632568,7.099999904632568,7.099999904632568,7.099999904632568,100,0.0,0.0
2014-12-31 00:00:00-05:00,6.550000190734863,6.550000190734863,6.25,6.25,600,0.0,0.0
2015-01-02 00:00:00-05:00,6.25,6.25,6.25,6.25,0,0.0,0.0
2015-01-05 00:00:00-05:00,6.25,6.25,6.25,6.25,0,0.0,0.0
2015-01-06 00:00:00-05:00,6.25,6.25,6.25,6.25,0,0.0,0.0
2015-01-07 00:00:00-05:00,5.400000095367432,5.400000095367432,5.400000095367432,5.400000095367432,500,0.0,0.0
2015-01-08 00:00:00-05:00,5.730000019073486,5.730000019073486,5.730000019073486,5.730000019073486,300,0.0,0.0
2015-01-09 00:00:00-05:00,5.730000019073486,5.730000019073486,5.730000019073486,5.730000019073486,0,0.0,0.0
2015-01-12 00:00:00-05:00,5.730000019073486,5.730000019073486,5.730000019073486,5.730000019073486,0,0.0,0.0
2015-01-13 00:00:00-05:00,5.739999771118164,5.739999771118164,5.739999771118164,5.739999771118164,100,0.0,0.0
2015-01-14 00:00:00-05:00,5.760000228881836,5.78000020980835,5.760000228881836,5.78000020980835,200,0.0,0.0
2015-01-15 00:00:00-05:00,5.809999942779541,5.809999942779541,5.809999942779541,5.809999942779541,100,0.0,0.0
2015-01-16 00:00:00-05:00,5.860000133514404,5.860000133514404,5.860000133514404,5.860000133514404,100,0.0,0.0
2015-01-20 00:00:00-05:00,5.119999885559082,5.119999885559082,5.119999885559082,5.119999885559082,100,0.0,0.0
2015-01-21 00:00:00-05:00,7.0,7.0,5.5,5.5,7500,0.0,0.0
2015-01-22 00:00:00-05:00,6.139999866485596,6.210000038146973,6.139999866485596,6.210000038146973,700,0.0,0.0
2015-01-23 00:00:00-05:00,7.0,7.0,5.989999771118164,5.989999771118164,3300,0.0,0.0
2015-01-26 00:00:00-05:00,6.300000190734863,6.300000190734863,6.300000190734863,6.300000190734863,100,0.0,0.0
2015-01-27 00:00:00-05:00,6.300000190734863,6.300000190734863,6.300000190734863,6.300000190734863,0,0.0,0.0
2015-01-28 00:00:00-05:00,6.489999771118164,6.489999771118164,6.0,6.0,500,0.0,0.0
2015-01-29 00:00:00-05:00,6.0,6.0,6.0,6.0,0,0.0,0.0
2015-01-30 00:00:00-05:00,6.099999904632568,6.179999828338623,6.099999904632568,6.179999828338623,200,0.0,0.0
2015-02-02 00:00:00-05:00,6.579999923706055,6.579999923706055,6.579999923706055,6.579999923706055,200,0.0,0.0
2015-02-03 00:00:00-05:00,6.050000190734863,6.150000095367432,6.0,6.0,1400,0.0,0.0
2015-02-04 00:00:00-05:00,6.400000095367432,6.400000095367432,6.25,6.25,500,0.0,0.0
2015-02-05 00:00:00-05:00,6.079999923706055,6.119999885559082,6.079999923706055,6.099999904632568,800,0.0,0.0
2015-02-06 00:00:00-05:00,6.090000152587891,6.090000152587891,5.900000095367432,5.900000095367432,1100,0.0,0.0
2015-02-09 00:00:00-05:00,5.849999904632568,5.849999904632568,5.510000228881836,5.510000228881836,1100,0.0,0.0
2015-02-10 00:00:00-05:00,5.989999771118164,5.989999771118164,5.989999771118164,5.989999771118164,100,0.0,0.0
2015-02-11 00:00:00-05:00,5.800000190734863,5.800000190734863,5.800000190734863,5.800000190734863,100,0.0,0.0
2015-02-12 00:00:00-05:00,6.199999809265137,6.199999809265137,5.809999942779541,5.809999942779541,500,0.0,0.0
2015-02-13 00:00:00-05:00,5.679999828338623,5.679999828338623,5.679999828338623,5.679999828338623,300,0.0,0.0
2015-02-17 00:00:00-05:00,5.679999828338623,5.679999828338623,5.679999828338623,5.679999828338623,0,0.0,0.0
2015-02-18 00:00:00-05:00,5.679999828338623,5.679999828338623,5.679999828338623,5.679999828338623,0,0.0,0.0
2015-02-19 00:00:00-05:00,5.679999828338623,5.679999828338623,5.679999828338623,5.679999828338623,0,0.0,0.0
2015-02-20 00:00:00-05:00,5.989999771118164,5.989999771118164,5.989999771118164,5.989999771118164,100,0.0,0.0
2015-02-23 00:00:00-05:00,5.75,5.75,5.75,5.75,100,0.0,0.0
2015-02-24 00:00:00-05:00,5.75,5.75,5.75,5.75,0,0.0,0.0
2015-02-25 00:00:00-05:00,6.0,6.0,6.0,6.0,200,0.0,0.0
2015-02-26 00:00:00-05:00,6.0,6.0,5.849999904632568,5.849999904632568,600,0.0,0.0
2015-02-27 00:00:00-05:00,5.5,5.710000038146973,5.5,5.710000038146973,300,0.0,0.0
2015-03-02 00:00:00-05:00,5.860000133514404,5.860000133514404,5.550000190734863,5.550000190734863,500,0.0,0.0
2015-03-03 00:00:00-05:00,5.800000190734863,5.849999904632568,5.489999771118164,5.599999904632568,9600,0.0,0.0
2015-03-04 00:00:00-05:00,5.71999979019165,5.71999979019165,5.71999979019165,5.71999979019165,1500,0.0,0.0
2015-03-05 00:00:00-05:00,5.449999809265137,5.639999866485596,5.199999809265137,5.400000095367432,28800,0.0,0.0
2015-03-06 00:00:00-05:00,5.449999809265137,5.829999923706055,5.420000076293945,5.650000095367432,65100,0.0,0.0
2015-03-09 00:00:00-04:00,5.389999866485596,5.690000057220459,4.760000228881836,5.0,49500,0.0,0.0
2015-03-10 00:00:00-04:00,5.050000190734863,5.050000190734863,4.880000114440918,4.929999828338623,800,0.0,0.0
2015-03-11 00:00:00-04:00,4.760000228881836,5.050000190734863,4.760000228881836,4.909999847412109,2200,0.0,0.0
2015-03-12 00:00:00-04:00,4.960000038146973,5.079999923706055,4.960000038146973,5.019999980926514,800,0.0,0.0
2015-03-13 00:00:00-04:00,5.059999942779541,5.199999809265137,4.800000190734863,5.199999809265137,10500,0.0,0.0
2015-03-16 00:00:00-04:00,5.010000228881836,5.949999809265137,5.010000228881836,5.949999809265137,22800,0.0,0.0
2015-03-17 00:00:00-04:00,5.679999828338623,5.96999979019165,5.679999828338623,5.920000076293945,17800,0.0,0.0
2015-03-18 00:00:00-04:00,5.699999809265137,5.940000057220459,5.650000095367432,5.650000095367432,13900,0.0,0.0
2015-03-19 00:00:00-04:00,5.699999809265137,5.809999942779541,5.260000228881836,5.260000228881836,19400,0.0,0.0
2015-03-20 00:00:00-04:00,5.599999904632568,5.599999904632568,5.090000152587891,5.090000152587891,8300,0.0,0.0
2015-03-23 00:00:00-04:00,5.119999885559082,5.400000095367432,4.679999828338623,4.75,3000,0.0,0.0
2015-03-24 00:00:00-04:00,4.440000057220459,4.78000020980835,4.349999904632568,4.650000095367432,9100,0.0,0.0
2015-03-25 00:00:00-04:00,4.260000228881836,4.480000019073486,3.950000047683716,4.389999866485596,22100,0.0,0.0
2015-03-26 00:00:00-04:00,4.059999942779541,5.079999923706055,4.059999942779541,5.079999923706055,43500,0.0,0.0
2015-03-27 00:00:00-04:00,5.050000190734863,6.0,5.050000190734863,5.550000190734863,70300,0.0,0.0
2015-03-30 00:00:00-04:00,5.519999980926514,5.900000095367432,5.010000228881836,5.010000228881836,44200,0.0,0.0
2015-03-31 00:00:00-04:00,5.119999885559082,5.190000057220459,4.550000190734863,4.639999866485596,11800,0.0,0.0
2015-04-01 00:00:00-04:00,4.639999866485596,4.639999866485596,4.400000095367432,4.610000133514404,4200,0.0,0.0
2015-04-02 00:00:00-04:00,4.590000152587891,4.639999866485596,4.190000057220459,4.639999866485596,22000,0.0,0.0
2015-04-06 00:00:00-04:00,4.670000076293945,4.909999847412109,4.5,4.909999847412109,18700,0.0,0.0
2015-04-07 00:00:00-04:00,4.949999809265137,5.190000057220459,4.920000076293945,5.0,26700,0.0,0.0
2015-04-08 00:00:00-04:00,5.179999828338623,5.369999885559082,5.059999942779541,5.239999771118164,9300,0.0,0.0
2015-04-09 00:00:00-04:00,5.010000228881836,5.289999961853027,5.010000228881836,5.159999847412109,2000,0.0,0.0
2015-04-10 00:00:00-04:00,5.199999809265137,5.690000057220459,5.179999828338623,5.210000038146973,14900,0.0,0.0
2015-04-13 00:00:00-04:00,5.21999979019165,5.409999847412109,5.150000095367432,5.199999809265137,21900,0.0,0.0
2015-04-14 00:00:00-04:00,5.489999771118164,5.489999771118164,5.050000190734863,5.150000095367432,11200,0.0,0.0
2015-04-15 00:00:00-04:00,5.300000190734863,5.300000190734863,5.199999809265137,5.199999809265137,1000,0.0,0.0
2015-04-16 00:00:00-04:00,5.199999809265137,5.199999809265137,5.070000171661377,5.170000076293945,5000,0.0,0.0
2015-04-17 00:00:00-04:00,5.119999885559082,5.119999885559082,5.079999923706055,5.099999904632568,4800,0.0,0.0
2015-04-20 00:00:00-04:00,5.010000228881836,5.050000190734863,5.010000228881836,5.010000228881836,4800,0.0,0.0
2015-04-21 00:00:00-04:00,4.989999771118164,5.03000020980835,4.900000095367432,4.900000095367432,5200,0.0,0.0
2015-04-22 00:00:00-04:00,4.980000019073486,4.980000019073486,4.860000133514404,4.860000133514404,2400,0.0,0.0
2015-04-23 00:00:00-04:00,5.079999923706055,5.139999866485596,4.5,4.820000171661377,22800,0.0,0.0
2015-04-24 00:00:00-04:00,4.699999809265137,4.699999809265137,4.699999809265137,4.699999809265137,200,0.0,0.0
2015-04-27 00:00:00-04:00,4.599999904632568,4.599999904632568,4.519999980926514,4.519999980926514,1000,0.0,0.0
2015-04-28 00:00:00-04:00,4.519999980926514,4.519999980926514,4.519999980926514,4.519999980926514,0,0.0,0.0
2015-04-29 00:00:00-04:00,4.75,4.849999904632568,4.75,4.760000228881836,500,0.0,0.0
2015-04-30 00:00:00-04:00,4.039999961853027,4.75,4.039999961853027,4.75,900,0.0,0.0
2015-05-01 00:00:00-04:00,4.650000095367432,4.650000095367432,4.650000095367432,4.650000095367432,100,0.0,0.0
2015-05-04 00:00:00-04:00,4.619999885559082,4.739999771118164,4.619999885559082,4.739999771118164,600,0.0,0.0
2015-05-05 00:00:00-04:00,4.269999980926514,4.269999980926514,4.269999980926514,4.269999980926514,200,0.0,0.0
2015-05-06 00:00:00-04:00,4.300000190734863,4.849999904632568,4.300000190734863,4.710000038146973,26000,0.0,0.0
2015-05-07 00:00:00-04:00,4.820000171661377,4.829999923706055,4.349999904632568,4.679999828338623,23300,0.0,0.0
2015-05-08 00:00:00-04:00,4.449999809265137,4.679999828338623,4.449999809265137,4.559999942779541,8000,0.0,0.0
2015-05-11 00:00:00-04:00,4.800000190734863,4.800000190734863,4.400000095367432,4.400000095367432,21400,0.0,0.0
2015-05-12 00:00:00-04:00,4.559999942779541,4.599999904632568,4.360000133514404,4.5,23000,0.0,0.0
2015-05-13 00:00:00-04:00,4.619999885559082,4.619999885559082,4.590000152587891,4.590000152587891,1200,0.0,0.0
2015-05-14 00:00:00-04:00,4.650000095367432,4.650000095367432,4.449999809265137,4.550000190734863,16800,0.0,0.0
2015-05-15 00:00:00-04:00,4.550000190734863,4.550000190734863,4.550000190734863,4.550000190734863,0,0.0,0.0
2015-05-18 00:00:00-04:00,4.400000095367432,4.400000095367432,4.400000095367432,4.400000095367432,100,0.0,0.0
2015-05-19 00:00:00-04:00,4.400000095367432,4.400000095367432,4.360000133514404,4.360000133514404,1000,0.0,0.0
2015-05-20 00:00:00-04:00,4.380000114440918,4.489999771118164,4.369999885559082,4.449999809265137,12200,0.0,0.0
2015-05-21 00:00:00-04:00,4.599999904632568,4.599999904632568,4.28000020980835,4.289999961853027,12000,0.0,0.0
2015-05-22 00:00:00-04:00,4.300000190734863,4.300000190734863,4.110000133514404,4.110000133514404,11300,0.0,0.0
2015-05-26 00:00:00-04:00,4.099999904632568,4.119999885559082,4.039999961853027,4.099999904632568,3400,0.0,0.0
2015-05-27 00:00:00-04:00,4.050000190734863,4.139999866485596,4.039999961853027,4.050000190734863,3600,0.0,0.0
2015-05-28 00:00:00-04:00,4.110000133514404,4.25,4.070000171661377,4.25,3300,0.0,0.0
2015-05-29 00:00:00-04:00,4.170000076293945,4.199999809265137,4.110000133514404,4.199999809265137,8400,0.0,0.0
2015-06-01 00:00:00-04:00,4.230000019073486,4.5,4.210000038146973,4.5,8800,0.0,0.0
2015-06-02 00:00:00-04:00,4.5,5.010000228881836,4.170000076293945,4.78000020980835,38100,0.0,0.0
2015-06-03 00:00:00-04:00,4.860000133514404,4.860000133514404,4.440000057220459,4.53000020980835,25500,0.0,0.0
2015-06-04 00:00:00-04:00,4.619999885559082,4.710000038146973,4.320000171661377,4.320000171661377,45000,0.0,0.0
2015-06-05 00:00:00-04:00,4.380000114440918,4.519999980926514,4.369999885559082,4.409999847412109,12800,0.0,0.0
2015-06-08 00:00:00-04:00,4.599999904632568,4.610000133514404,4.449999809265137,4.5,11500,0.0,0.0
2015-06-09 00:00:00-04:00,4.690000057220459,4.690000057220459,4.300000190734863,4.349999904632568,1800,0.0,0.0
2015-06-10 00:00:00-04:00,4.300000190734863,4.440000057220459,4.300000190734863,4.440000057220459,6800,0.0,0.0
2015-06-11 00:00:00-04:00,4.559999942779541,4.559999942779541,4.449999809265137,4.449999809265137,3700,0.0,0.0
2015-06-12 00:00:00-04:00,4.449999809265137,4.550000190734863,4.269999980926514,4.550000190734863,12600,0.0,0.0
2015-06-15 00:00:00-04:00,4.559999942779541,5.28000020980835,4.550000190734863,4.78000020980835,18000,0.0,0.0
2015-06-16 00:00:00-04:00,4.690000057220459,4.980000019073486,4.420000076293945,4.829999923706055,19600,0.0,0.0
2015-06-17 00:00:00-04:00,4.869999885559082,5.269999980926514,4.630000114440918,4.630000114440918,16700,0.0,0.0
2015-06-18 00:00:00-04:00,4.579999923706055,4.909999847412109,4.539999961853027,4.710000038146973,23800,0.0,0.0
2015-06-19 00:00:00-04:00,4.690000057220459,6.25,4.579999923706055,4.829999923706055,67000,0.0,0.0
2015-06-22 00:00:00-04:00,4.849999904632568,5.039999961853027,4.849999904632568,4.96999979019165,9700,0.0,0.0
2015-06-23 00:00:00-04:00,5.03000020980835,5.28000020980835,4.78000020980835,5.0,19700,0.0,0.0
2015-06-24 00:00:00-04:00,5.099999904632568,5.150000095367432,4.909999847412109,4.909999847412109,8000,0.0,0.0
2015-06-25 00:00:00-04:00,5.03000020980835,6.289999961853027,4.820000171661377,5.409999847412109,46400,0.0,0.0
2015-06-26 00:00:00-04:00,5.099999904632568,6.920000076293945,5.099999904632568,6.409999847412109,47000,0.0,0.0
2015-06-29 00:00:00-04:00,6.409999847412109,6.550000190734863,5.699999809265137,5.699999809265137,10000,0.0,0.0
2015-06-30 00:00:00-04:00,6.050000190734863,6.25,5.510000228881836,5.519999980926514,19800,0.0,0.0
2015-07-01 00:00:00-04:00,5.769999980926514,6.050000190734863,5.550000190734863,5.550000190734863,2700,0.0,0.0
2015-07-02 00:00:00-04:00,5.800000190734863,5.960000038146973,5.800000190734863,5.960000038146973,700,0.0,0.0
2015-07-06 00:00:00-04:00,5.539999961853027,6.210000038146973,5.539999961853027,5.820000171661377,16400,0.0,0.0
2015-07-07 00:00:00-04:00,6.0,6.099999904632568,6.0,6.099999904632568,2400,0.0,0.0
2015-07-08 00:00:00-04:00,6.050000190734863,6.050000190734863,6.050000190734863,6.050000190734863,1000,0.0,0.0
2015-07-09 00:00:00-04:00,6.050000190734863,6.050000190734863,6.03000020980835,6.050000190734863,1800,0.0,0.0
2015-07-10 00:00:00-04:00,6.210000038146973,6.210000038146973,6.210000038146973,6.210000038146973,900,0.0,0.0
2015-07-13 00:00:00-04:00,6.300000190734863,6.300000190734863,6.210000038146973,6.210000038146973,200,0.0,0.0
2015-07-14 00:00:00-04:00,6.210000038146973,6.210000038146973,6.210000038146973,6.210000038146973,0,0.0,0.0
2015-07-15 00:00:00-04:00,5.769999980926514,5.769999980926514,5.769999980926514,5.769999980926514,500,0.0,0.0
2015-07-16 00:00:00-04:00,5.769999980926514,5.769999980926514,5.510000228881836,5.53000020980835,6000,0.0,0.0
2015-07-17 00:00:00-04:00,5.5,5.78000020980835,5.5,5.699999809265137,1300,0.0,0.0
2015-07-20 00:00:00-04:00,5.510000228881836,5.510000228881836,5.510000228881836,5.510000228881836,500,0.0,0.0
2015-07-21 00:00:00-04:00,5.539999961853027,6.099999904632568,5.539999961853027,6.099999904632568,8800,0.0,0.0
2015-07-22 00:00:00-04:00,5.800000190734863,6.230000019073486,5.690000057220459,5.849999904632568,8700,0.0,0.0
2015-07-23 00:00:00-04:00,6.119999885559082,6.119999885559082,5.769999980926514,5.849999904632568,14900,0.0,0.0
2015-07-24 00:00:00-04:00,6.139999866485596,6.139999866485596,5.75,5.849999904632568,6800,0.0,0.0
2015-07-27 00:00:00-04:00,5.75,6.0,5.639999866485596,5.71999979019165,6000,0.0,0.0
2015-07-28 00:00:00-04:00,5.550000190734863,5.820000171661377,5.550000190734863,5.739999771118164,2200,0.0,0.0
2015-07-29 00:00:00-04:00,5.699999809265137,6.349999904632568,5.699999809265137,6.300000190734863,12600,0.0,0.0
2015-07-30 00:00:00-04:00,6.0,6.0,5.829999923706055,5.880000114440918,4200,0.0,0.0
2015-07-31 00:00:00-04:00,5.699999809265137,6.119999885559082,5.699999809265137,6.050000190734863,7700,0.0,0.0
2015-08-03 00:00:00-04:00,5.710000038146973,6.150000095367432,5.710000038146973,6.150000095367432,1400,0.0,0.0
2015-08-04 00:00:00-04:00,6.150000095367432,6.150000095367432,6.150000095367432,6.150000095367432,0,0.0,0.0
2015-08-05 00:00:00-04:00,5.829999923706055,5.929999828338623,5.829999923706055,5.929999828338623,1700,0.0,0.0
2015-08-06 00:00:00-04:00,5.849999904632568,5.949999809265137,5.849999904632568,5.949999809265137,1800,0.0,0.0
2015-08-07 00:00:00-04:00,5.789999961853027,5.869999885559082,5.5,5.789999961853027,3500,0.0,0.0
2015-08-10 00:00:00-04:00,6.0,6.0,6.0,6.0,100,0.0,0.0
2015-08-11 00:00:00-04:00,5.800000190734863,6.150000095367432,5.78000020980835,6.099999904632568,9500,0.0,0.0
2015-08-12 00:00:00-04:00,6.050000190734863,6.050000190734863,5.769999980926514,5.769999980926514,1700,0.0,0.0
2015-08-13 00:00:00-04:00,6.110000133514404,6.110000133514404,6.110000133514404,6.110000133514404,300,0.0,0.0
2015-08-14 00:00:00-04:00,6.079999923706055,6.079999923706055,5.800000190734863,5.860000133514404,900,0.0,0.0
2015-08-17 00:00:00-04:00,5.849999904632568,5.849999904632568,5.849999904632568,5.849999904632568,100,0.0,0.0
2015-08-18 00:00:00-04:00,5.989999771118164,5.989999771118164,5.989999771118164,5.989999771118164,100,0.0,0.0
2015-08-19 00:00:00-04:00,6.03000020980835,6.150000095367432,6.03000020980835,6.150000095367432,1700,0.0,0.0
2015-08-20 00:00:00-04:00,6.039999961853027,6.039999961853027,5.739999771118164,5.739999771118164,700,0.0,0.0
2015-08-21 00:00:00-04:00,5.610000133514404,5.849999904632568,5.5,5.510000228881836,1600,0.0,0.0
2015-08-24 00:00:00-04:00,5.800000190734863,5.800000190734863,5.800000190734863,5.800000190734863,1300,0.0,0.0
2015-08-25 00:00:00-04:00,5.829999923706055,7.599999904632568,5.809999942779541,7.199999809265137,66500,0.0,0.0
2015-08-26 00:00:00-04:00,7.199999809265137,7.309999942779541,7.0,7.230000019073486,24900,0.0,0.0
2015-08-27 00:00:00-04:00,7.349999904632568,7.400000095367432,7.0,7.159999847412109,4200,0.0,0.0
2015-08-28 00:00:00-04:00,7.099999904632568,7.199999809265137,6.429999828338623,7.010000228881836,9500,0.0,0.0
2015-08-31 00:00:00-04:00,7.5,7.539999961853027,6.260000228881836,6.260000228881836,63600,0.0,0.0
2015-09-01 00:00:00-04:00,5.900000095367432,6.21999979019165,5.809999942779541,6.21999979019165,1400,0.0,0.0
2015-09-02 00:00:00-04:00,6.21999979019165,6.21999979019165,6.21999979019165,6.21999979019165,0,0.0,0.0
2015-09-03 00:00:00-04:00,6.090000152587891,7.260000228881836,6.079999923706055,6.190000057220459,53100,0.0,0.0
2015-09-04 00:00:00-04:00,6.150000095367432,6.820000171661377,6.150000095367432,6.630000114440918,8000,0.0,0.0
2015-09-08 00:00:00-04:00,7.230000019073486,7.230000019073486,6.659999847412109,6.789999961853027,19500,0.0,0.0
2015-09-09 00:00:00-04:00,6.900000095367432,6.900000095367432,6.480000019073486,6.510000228881836,28300,0.0,0.0
2015-09-10 00:00:00-04:00,6.610000133514404,6.610000133514404,6.059999942779541,6.110000133514404,12700,0.0,0.0
2015-09-11 00:00:00-04:00,6.480000019073486,6.480000019073486,5.800000190734863,6.199999809265137,16700,0.0,0.0
2015-09-14 00:00:00-04:00,6.480000019073486,6.480000019073486,6.199999809265137,6.199999809265137,1500,0.0,0.0
2015-09-15 00:00:00-04:00,6.199999809265137,6.199999809265137,6.199999809265137,6.199999809265137,200,0.0,0.0
2015-09-16 00:00:00-04:00,6.0,6.099999904632568,6.0,6.059999942779541,500,0.0,0.0
2015-09-17 00:00:00-04:00,5.900000095367432,6.25,5.900000095367432,6.25,400,0.0,0.0
2015-09-18 00:00:00-04:00,6.449999809265137,6.809999942779541,6.099999904632568,6.349999904632568,5500,0.0,0.0
2015-09-21 00:00:00-04:00,6.349999904632568,6.349999904632568,6.349999904632568,6.349999904632568,0,0.0,0.0
2015-09-22 00:00:00-04:00,6.349999904632568,6.349999904632568,6.349999904632568,6.349999904632568,0,0.0,0.0
2015-09-23 00:00:00-04:00,6.059999942779541,6.059999942779541,6.059999942779541,6.059999942779541,200,0.0,0.0
2015-09-24 00:00:00-04:00,5.949999809265137,6.199999809265137,5.949999809265137,6.050000190734863,1200,0.0,0.0
2015-09-25 00:00:00-04:00,6.050000190734863,6.880000114440918,5.889999866485596,6.610000133514404,35800,0.0,0.0
2015-09-28 00:00:00-04:00,6.510000228881836,6.679999828338623,6.199999809265137,6.25,25800,0.0,0.0
2015-09-29 00:00:00-04:00,6.099999904632568,6.800000190734863,6.090000152587891,6.800000190734863,56900,0.0,0.0
2015-09-30 00:00:00-04:00,6.880000114440918,6.889999866485596,6.579999923706055,6.650000095367432,9200,0.0,0.0
2015-10-01 00:00:00-04:00,6.5,6.5,6.5,6.5,100,0.0,0.0
2015-10-02 00:00:00-04:00,6.300000190734863,7.480000019073486,6.099999904632568,6.929999828338623,27200,0.0,0.0
2015-10-05 00:00:00-04:00,7.5,7.5,6.21999979019165,6.639999866485596,7100,0.0,0.0
2015-10-06 00:00:00-04:00,6.5,6.75,6.5,6.650000095367432,2300,0.0,0.0
2015-10-07 00:00:00-04:00,6.349999904632568,6.579999923706055,6.349999904632568,6.449999809265137,5100,0.0,0.0
2015-10-08 00:00:00-04:00,6.46999979019165,6.730000019073486,6.380000114440918,6.380000114440918,6200,0.0,0.0
2015-10-09 00:00:00-04:00,6.380000114440918,6.800000190734863,6.380000114440918,6.550000190734863,7800,0.0,0.0
2015-10-12 00:00:00-04:00,6.289999961853027,6.800000190734863,6.179999828338623,6.599999904632568,24000,0.0,0.0
2015-10-13 00:00:00-04:00,6.650000095367432,6.800000190734863,6.650000095367432,6.690000057220459,2600,0.0,0.0
2015-10-14 00:00:00-04:00,6.599999904632568,7.050000190734863,6.449999809265137,6.559999942779541,16900,0.0,0.0
2015-10-15 00:00:00-04:00,6.349999904632568,6.869999885559082,6.329999923706055,6.610000133514404,15400,0.0,0.0
2015-10-16 00:00:00-04:00,6.460000038146973,6.699999809265137,6.460000038146973,6.579999923706055,12500,0.0,0.0
2015-10-19 00:00:00-04:00,6.53000020980835,6.53000020980835,6.53000020980835,6.53000020980835,100,0.0,0.0
2015-10-20 00:00:00-04:00,6.300000190734863,6.5,6.300000190734863,6.5,3200,0.0,0.0
2015-10-21 00:00:00-04:00,6.300000190734863,6.400000095367432,6.300000190734863,6.400000095367432,300,0.0,0.0
2015-10-22 00:00:00-04:00,6.489999771118164,6.489999771118164,6.46999979019165,6.489999771118164,5700,0.0,0.0
2015-10-23 00:00:00-04:00,6.619999885559082,6.75,6.400000095367432,6.420000076293945,6600,0.0,0.0
2015-10-26 00:00:00-04:00,6.590000152587891,6.809999942779541,6.420000076293945,6.789999961853027,9100,0.0,0.0
2015-10-27 00:00:00-04:00,6.880000114440918,7.300000190734863,6.829999923706055,6.889999866485596,17000,0.0,0.0
2015-10-28 00:00:00-04:00,6.920000076293945,6.949999809265137,6.809999942779541,6.809999942779541,500,0.0,0.0
2015-10-29 00:00:00-04:00,7.050000190734863,7.050000190734863,7.050000190734863,7.050000190734863,100,0.0,0.0
2015-10-30 00:00:00-04:00,7.0,7.0,6.519999980926514,6.579999923706055,600,0.0,0.0
2015-11-02 00:00:00-05:00,6.480000019073486,6.760000228881836,6.389999866485596,6.75,9400,0.0,0.0
2015-11-03 00:00:00-05:00,7.480000019073486,7.480000019073486,6.840000152587891,6.849999904632568,7900,0.0,0.0
2015-11-04 00:00:00-05:00,6.829999923706055,6.829999923706055,6.599999904632568,6.800000190734863,8100,0.0,0.0
2015-11-05 00:00:00-05:00,7.099999904632568,7.099999904632568,6.820000171661377,6.820000171661377,8400,0.0,0.0
2015-11-06 00:00:00-05:00,6.989999771118164,7.0,6.929999828338623,6.929999828338623,1100,0.0,0.0
2015-11-09 00:00:00-05:00,6.510000228881836,6.510000228881836,6.510000228881836,6.510000228881836,400,0.0,0.0
2015-11-10 00:00:00-05:00,6.900000095367432,6.900000095367432,6.449999809265137,6.739999771118164,10000,0.0,0.0
2015-11-11 00:00:00-05:00,6.699999809265137,6.809999942779541,6.599999904632568,6.699999809265137,2600,0.0,0.0
2015-11-12 00:00:00-05:00,6.489999771118164,6.699999809265137,6.489999771118164,6.650000095367432,9300,0.0,0.0
2015-11-13 00:00:00-05:00,6.650000095367432,6.650000095367432,6.340000152587891,6.400000095367432,2500,0.0,0.0
2015-11-16 00:00:00-05:00,6.409999847412109,6.539999961853027,6.309999942779541,6.329999923706055,6000,0.0,0.0
2015-11-17 00:00:00-05:00,6.309999942779541,6.309999942779541,6.309999942779541,6.309999942779541,200,0.0,0.0
2015-11-18 00:00:00-05:00,6.309999942779541,6.309999942779541,6.309999942779541,6.309999942779541,0,0.0,0.0
2015-11-19 00:00:00-05:00,6.010000228881836,6.010000228881836,6.010000228881836,6.010000228881836,200,0.0,0.0
2015-11-20 00:00:00-05:00,6.010000228881836,6.010000228881836,6.010000228881836,6.010000228881836,0,0.0,0.0
2015-11-23 00:00:00-05:00,6.010000228881836,6.010000228881836,6.010000228881836,6.010000228881836,0,0.0,0.0
2015-11-24 00:00:00-05:00,6.010000228881836,6.010000228881836,6.010000228881836,6.010000228881836,0,0.0,0.0
2015-11-25 00:00:00-05:00,6.010000228881836,6.010000228881836,6.010000228881836,6.010000228881836,0,0.0,0.0
2015-11-27 00:00:00-05:00,5.53000020980835,5.989999771118164,5.53000020980835,5.989999771118164,400,0.0,0.0
2015-11-30 00:00:00-05:00,5.630000114440918,5.630000114440918,5.610000133514404,5.610000133514404,500,0.0,0.0
2015-12-01 00:00:00-05:00,5.269999980926514,5.699999809265137,5.269999980926514,5.619999885559082,2100,0.0,0.0
2015-12-02 00:00:00-05:00,5.389999866485596,5.590000152587891,5.389999866485596,5.460000038146973,1400,0.0,0.0
2015-12-03 00:00:00-05:00,5.389999866485596,5.389999866485596,4.820000171661377,4.820000171661377,3700,0.0,0.0
2015-12-04 00:00:00-05:00,4.829999923706055,4.829999923706055,4.449999809265137,4.449999809265137,1200,0.0,0.0
2015-12-07 00:00:00-05:00,4.75,4.75,4.139999866485596,4.5,3900,0.0,0.0
2015-12-08 00:00:00-05:00,4.230000019073486,4.340000152587891,4.150000095367432,4.320000171661377,2600,0.0,0.0
2015-12-09 00:00:00-05:00,4.329999923706055,4.329999923706055,4.090000152587891,4.119999885559082,800,0.0,0.0
2015-12-10 00:00:00-05:00,4.610000133514404,4.610000133514404,4.28000020980835,4.559999942779541,600,0.0,0.0
2015-12-11 00:00:00-05:00,4.449999809265137,4.480000019073486,4.0,4.400000095367432,5200,0.0,0.0
2015-12-14 00:00:00-05:00,4.159999847412109,4.199999809265137,4.159999847412109,4.199999809265137,400,0.0,0.0
2015-12-15 00:00:00-05:00,4.400000095367432,4.460000038146973,4.099999904632568,4.150000095367432,1500,0.0,0.0
2015-12-16 00:00:00-05:00,4.46999979019165,4.46999979019165,4.039999961853027,4.190000057220459,1200,0.0,0.0
2015-12-17 00:00:00-05:00,4.190000057220459,4.190000057220459,4.190000057220459,4.190000057220459,0,0.0,0.0
2015-12-18 00:00:00-05:00,4.150000095367432,4.150000095367432,3.950000047683716,3.950000047683716,2700,0.0,0.0
2015-12-21 00:00:00-05:00,3.950000047683716,3.950000047683716,3.950000047683716,3.950000047683716,0,0.0,0.0
2015-12-22 00:00:00-05:00,3.950000047683716,3.950000047683716,3.950000047683716,3.950000047683716,0,0.0,0.0
2015-12-23 00:00:00-05:00,3.5999999046325684,4.059999942779541,3.3499999046325684,3.8499999046325684,31600,0.0,0.0
2015-12-24 00:00:00-05:00,3.8499999046325684,4.059999942779541,3.809999942779541,3.9000000953674316,22400,0.0,0.0
2015-12-28 00:00:00-05:00,3.9000000953674316,3.9600000381469727,3.700000047683716,3.8299999237060547,12800,0.0,0.0
2015-12-29 00:00:00-05:00,3.799999952316284,3.8399999141693115,3.4100000858306885,3.4100000858306885,15200,0.0,0.0
2015-12-30 00:00:00-05:00,3.5999999046325684,3.740000009536743,3.390000104904175,3.740000009536743,17700,0.0,0.0
2015-12-31 00:00:00-05:00,3.7699999809265137,3.890000104904175,3.700000047683716,3.75,28800,0.0,0.0
2016-01-04 00:00:00-05:00,3.390000104904175,3.619999885559082,3.359999895095825,3.619999885559082,14100,0.0,0.0
2016-01-05 00:00:00-05:00,3.7899999618530273,3.7899999618530273,3.569999933242798,3.690000057220459,31800,0.0,0.0
2016-01-06 00:00:00-05:00,3.3399999141693115,4.150000095367432,3.2899999618530273,3.7799999713897705,39700,0.0,0.0
2016-01-07 00:00:00-05:00,3.609999895095825,3.809999942779541,3.2899999618530273,3.809999942779541,22500,0.0,0.0
2016-01-08 00:00:00-05:00,3.8299999237060547,3.8299999237060547,3.7899999618530273,3.7899999618530273,5100,0.0,0.0
2016-01-11 00:00:00-05:00,3.8299999237060547,4.199999809265137,3.6600000858306885,3.7100000381469727,54500,0.0,0.0
2016-01-12 00:00:00-05:00,3.7799999713897705,3.799999952316284,3.5999999046325684,3.7200000286102295,16400,0.0,0.0
2016-01-13 00:00:00-05:00,3.4200000762939453,3.5199999809265137,3.2699999809265137,3.5199999809265137,14100,0.0,0.0
2016-01-14 00:00:00-05:00,3.4000000953674316,3.6500000953674316,3.25,3.299999952316284,49000,0.0,0.0
2016-01-15 00:00:00-05:00,2.9800000190734863,3.559999942779541,2.9800000190734863,3.2100000381469727,28000,0.0,0.0
2016-01-19 00:00:00-05:00,3.380000114440918,3.4100000858306885,2.819999933242798,2.950000047683716,8900,0.0,0.0
2016-01-20 00:00:00-05:00,2.9100000858306885,3.0,2.009999990463257,2.3299999237060547,31800,0.0,0.0
2016-01-21 00:00:00-05:00,2.5,2.5,2.049999952316284,2.1700000762939453,3800,0.0,0.0
2016-01-22 00:00:00-05:00,2.390000104904175,2.630000114440918,2.25,2.25,3800,0.0,0.0
2016-01-25 00:00:00-05:00,2.190000057220459,2.7799999713897705,2.190000057220459,2.4000000953674316,15400,0.0,0.0
2016-01-26 00:00:00-05:00,2.3399999141693115,2.3399999141693115,2.3399999141693115,2.3399999141693115,200,0.0,0.0
2016-01-27 00:00:00-05:00,2.3399999141693115,2.3399999141693115,2.3399999141693115,2.3399999141693115,0,0.0,0.0
2016-01-28 00:00:00-05:00,2.359999895095825,2.359999895095825,2.359999895095825,2.359999895095825,300,0.0,0.0
2016-01-29 00:00:00-05:00,1.9199999570846558,2.180000066757202,1.9199999570846558,1.9199999570846558,2300,0.0,0.0
2016-02-01 00:00:00-05:00,2.200000047683716,3.0,2.200000047683716,2.5999999046325684,10400,0.0,0.0
2016-02-02 00:00:00-05:00,2.6700000762939453,3.869999885559082,2.5,3.5799999237060547,9200,0.0,0.0
2016-02-03 00:00:00-05:00,3.5799999237060547,4.239999771118164,3.259999990463257,3.700000047683716,9700,0.0,0.0
2016-02-04 00:00:00-05:00,3.7699999809265137,4.050000190734863,3.049999952316284,3.1600000858306885,12300,0.0,0.0
2016-02-05 00:00:00-05:00,3.2899999618530273,3.380000114440918,3.1500000953674316,3.190000057220459,6300,0.0,0.0
2016-02-08 00:00:00-05:00,3.0799999237060547,3.0799999237060547,3.0799999237060547,3.0799999237060547,100,0.0,0.0
2016-02-09 00:00:00-05:00,3.0999999046325684,3.0999999046325684,3.049999952316284,3.049999952316284,3000,0.0,0.0
2016-02-10 00:00:00-05:00,3.049999952316284,3.0999999046325684,3.049999952316284,3.059999942779541,3200,0.0,0.0
2016-02-11 00:00:00-05:00,3.049999952316284,3.140000104904175,3.049999952316284,3.049999952316284,1600,0.0,0.0
2016-02-12 00:00:00-05:00,4.349999904632568,4.349999904632568,3.0999999046325684,3.0999999046325684,4400,0.0,0.0
2016-02-16 00:00:00-05:00,3.119999885559082,3.3499999046325684,3.069999933242798,3.069999933242798,2600,0.0,0.0
2016-02-17 00:00:00-05:00,3.2799999713897705,3.380000114440918,3.1500000953674316,3.1600000858306885,4600,0.0,0.0
2016-02-18 00:00:00-05:00,3.049999952316284,3.0899999141693115,3.049999952316284,3.0899999141693115,1200,0.0,0.0
2016-02-19 00:00:00-05:00,3.0899999141693115,3.0899999141693115,3.0899999141693115,3.0899999141693115,0,0.0,0.0
2016-02-22 00:00:00-05:00,3.109999895095825,3.740000009536743,3.109999895095825,3.700000047683716,3300,0.0,0.0
2016-02-23 00:00:00-05:00,3.700000047683716,3.700000047683716,3.700000047683716,3.700000047683716,0,0.0,0.0
2016-02-24 00:00:00-05:00,3.700000047683716,3.700000047683716,3.700000047683716,3.700000047683716,0,0.0,0.0
2016-02-25 00:00:00-05:00,3.700000047683716,3.700000047683716,3.700000047683716,3.700000047683716,0,0.0,0.0
2016-02-26 00:00:00-05:00,3.180000066757202,3.309999942779541,3.180000066757202,3.309999942779541,400,0.0,0.0
2016-02-29 00:00:00-05:00,3.369999885559082,3.369999885559082,3.2899999618530273,3.299999952316284,3300,0.0,0.0
2016-03-01 00:00:00-05:00,3.299999952316284,3.299999952316284,3.299999952316284,3.299999952316284,0,0.0,0.0
2016-03-02 00:00:00-05:00,3.190000057220459,3.2100000381469727,3.190000057220459,3.2100000381469727,2800,0.0,0.0
2016-03-03 00:00:00-05:00,3.5399999618530273,3.5399999618530273,3.309999942779541,3.309999942779541,700,0.0,0.0
2016-03-04 00:00:00-05:00,3.309999942779541,3.309999942779541,3.309999942779541,3.309999942779541,0,0.0,0.0
2016-03-07 00:00:00-05:00,3.309999942779541,3.309999942779541,3.309999942779541,3.309999942779541,0,0.0,0.0
2016-03-08 00:00:00-05:00,3.259999990463257,3.259999990463257,3.259999990463257,3.259999990463257,300,0.0,0.0
2016-03-09 00:00:00-05:00,3.4800000190734863,3.4800000190734863,3.4800000190734863,3.4800000190734863,100,0.0,0.0
2016-03-10 00:00:00-05:00,3.4800000190734863,3.4800000190734863,3.4800000190734863,3.4800000190734863,0,0.0,0.0
2016-03-11 00:00:00-05:00,3.4800000190734863,3.4800000190734863,3.4800000190734863,3.4800000190734863,0,0.0,0.0
2016-03-14 00:00:00-04:00,3.4800000190734863,3.4800000190734863,3.4800000190734863,3.4800000190734863,0,0.0,0.0
2016-03-15 00:00:00-04:00,3.4800000190734863,3.4800000190734863,3.4800000190734863,3.4800000190734863,0,0.0,0.0
2016-03-16 00:00:00-04:00,3.4800000190734863,3.4800000190734863,3.4800000190734863,3.4800000190734863,0,0.0,0.0
2016-03-17 00:00:00-04:00,3.75,3.75,3.5199999809265137,3.5199999809265137,500,0.0,0.0
2016-03-18 00:00:00-04:00,3.5199999809265137,3.5199999809265137,3.5199999809265137,3.5199999809265137,0,0.0,0.0
2016-03-21 00:00:00-04:00,5.440000057220459,5.440000057220459,5.440000057220459,5.440000057220459,300,0.0,0.0
2016-03-22 00:00:00-04:00,5.400000095367432,5.400000095367432,4.199999809265137,4.900000095367432,7300,0.0,0.0
2016-03-23 00:00:00-04:00,4.75,4.75,4.28000020980835,4.28000020980835,500,0.0,0.0
2016-03-24 00:00:00-04:00,4.389999866485596,4.739999771118164,4.389999866485596,4.400000095367432,800,0.0,0.0
2016-03-28 00:00:00-04:00,4.400000095367432,4.400000095367432,4.400000095367432,4.400000095367432,0,0.0,0.0
2016-03-29 00:00:00-04:00,4.400000095367432,4.400000095367432,4.400000095367432,4.400000095367432,0,0.0,0.0
2016-03-30 00:00:00-04:00,4.889999866485596,5.150000095367432,4.889999866485596,5.150000095367432,3800,0.0,0.0
2016-03-31 00:00:00-04:00,5.21999979019165,5.21999979019165,5.21999979019165,5.21999979019165,200,0.0,0.0
2016-04-01 00:00:00-04:00,5.21999979019165,5.21999979019165,5.21999979019165,5.21999979019165,0,0.0,0.0
2016-04-04 00:00:00-04:00,5.599999904632568,5.900000095367432,5.199999809265137,5.199999809265137,1100,0.0,0.0
2016-04-05 00:00:00-04:00,5.960000038146973,5.960000038146973,5.059999942779541,5.059999942779541,300,0.0,0.0
2016-04-06 00:00:00-04:00,5.25,5.25,5.25,5.25,200,0.0,0.0
2016-04-07 00:00:00-04:00,5.0,5.0,5.0,5.0,100,0.0,0.0
2016-04-08 00:00:00-04:00,5.010000228881836,5.5,5.010000228881836,5.5,500,0.0,0.0
2016-04-11 00:00:00-04:00,5.5,5.5,5.5,5.5,0,0.0,0.0
2016-04-12 00:00:00-04:00,5.5,5.5,5.5,5.5,100,0.0,0.0
2016-04-13 00:00:00-04:00,5.5,5.5,5.5,5.5,0,0.0,0.0
2016-04-14 00:00:00-04:00,5.539999961853027,5.539999961853027,5.539999961853027,5.539999961853027,200,0.0,0.0
2016-04-15 00:00:00-04:00,5.599999904632568,5.989999771118164,5.599999904632568,5.599999904632568,6700,0.0,0.0
2016-04-18 00:00:00-04:00,5.599999904632568,5.599999904632568,5.599999904632568,5.599999904632568,0,0.0,0.0
2016-04-19 00:00:00-04:00,5.769999980926514,5.769999980926514,5.599999904632568,5.599999904632568,6300,0.0,0.0
2016-04-20 00:00:00-04:00,5.610000133514404,5.630000114440918,5.599999904632568,5.630000114440918,1100,0.0,0.0
2016-04-21 00:00:00-04:00,5.679999828338623,5.679999828338623,5.679999828338623,5.679999828338623,200,0.0,0.0
2016-04-22 00:00:00-04:00,5.650000095367432,5.650000095367432,5.650000095367432,5.650000095367432,300,0.0,0.0
2016-04-25 00:00:00-04:00,5.650000095367432,5.650000095367432,5.650000095367432,5.650000095367432,0,0.0,0.0
2016-04-26 00:00:00-04:00,5.650000095367432,5.650000095367432,5.650000095367432,5.650000095367432,0,0.0,0.0
2016-04-27 00:00:00-04:00,5.650000095367432,5.650000095367432,5.650000095367432,5.650000095367432,0,0.0,0.0
2016-04-28 00:00:00-04:00,5.460000038146973,5.550000190734863,5.150000095367432,5.28000020980835,4100,0.0,0.0
2016-04-29 00:00:00-04:00,5.150000095367432,5.150000095367432,5.150000095367432,5.150000095367432,300,0.0,0.0
2016-05-02 00:00:00-04:00,4.210000038146973,4.5,4.210000038146973,4.489999771118164,1000,0.0,0.0
2016-05-03 00:00:00-04:00,4.150000095367432,4.159999847412109,4.099999904632568,4.099999904632568,1300,0.0,0.0
2016-05-04 00:00:00-04:00,4.099999904632568,4.099999904632568,4.099999904632568,4.099999904632568,0,0.0,0.0
2016-05-05 00:00:00-04:00,4.320000171661377,4.320000171661377,3.4700000286102295,3.4700000286102295,2000,0.0,0.0
2016-05-06 00:00:00-04:00,3.680000066757202,3.680000066757202,3.640000104904175,3.640000104904175,300,0.0,0.0
2016-05-09 00:00:00-04:00,4.019999980926514,4.019999980926514,3.180000066757202,3.5999999046325684,5400,0.0,0.0
2016-05-10 00:00:00-04:00,3.700000047683716,3.799999952316284,3.0999999046325684,3.450000047683716,3100,0.0,0.0
2016-05-11 00:00:00-04:00,3.450000047683716,3.450000047683716,3.450000047683716,3.450000047683716,0,0.0,0.0
2016-05-12 00:00:00-04:00,3.5299999713897705,3.5299999713897705,3.3499999046325684,3.3499999046325684,500,0.0,0.0
2016-05-13 00:00:00-04:00,3.3299999237060547,3.3299999237060547,3.3299999237060547,3.3299999237060547,200,0.0,0.0
2016-05-16 00:00:00-04:00,3.4600000381469727,3.4600000381469727,3.369999885559082,3.369999885559082,600,0.0,0.0
2016-05-17 00:00:00-04:00,3.390000104904175,3.890000104904175,3.390000104904175,3.6600000858306885,31200,0.0,0.0
2016-05-18 00:00:00-04:00,3.569999933242798,3.7100000381469727,3.549999952316284,3.559999942779541,4800,0.0,0.0
2016-05-19 00:00:00-04:00,3.6500000953674316,3.75,3.5,3.630000114440918,1000,0.0,0.0
2016-05-20 00:00:00-04:00,3.930000066757202,3.930000066757202,3.930000066757202,3.930000066757202,300,0.0,0.0
2016-05-23 00:00:00-04:00,3.619999885559082,3.619999885559082,3.5299999713897705,3.5299999713897705,400,0.0,0.0
2016-05-24 00:00:00-04:00,3.5299999713897705,3.5299999713897705,3.5299999713897705,3.5299999713897705,0,0.0,0.0
2016-05-25 00:00:00-04:00,3.5299999713897705,3.5299999713897705,3.5299999713897705,3.5299999713897705,0,0.0,0.0
2016-05-26 00:00:00-04:00,3.5299999713897705,3.5299999713897705,3.5299999713897705,3.5299999713897705,0,0.0,0.0
2016-05-27 00:00:00-04:00,3.450000047683716,3.5,3.4000000953674316,3.4000000953674316,800,0.0,0.0
2016-05-31 00:00:00-04:00,3.9000000953674316,3.9700000286102295,3.5,3.5199999809265137,15000,0.0,0.0
2016-06-01 00:00:00-04:00,3.430000066757202,3.450000047683716,3.430000066757202,3.450000047683716,700,0.0,0.0
2016-06-02 00:00:00-04:00,3.4600000381469727,3.630000114440918,3.390000104904175,3.609999895095825,1200,0.0,0.0
2016-06-03 00:00:00-04:00,3.380000114440918,3.5399999618530273,3.380000114440918,3.390000104904175,1200,0.0,0.0
2016-06-06 00:00:00-04:00,3.569999933242798,3.630000114440918,3.4200000762939453,3.440000057220459,1000,0.0,0.0
2016-06-07 00:00:00-04:00,3.609999895095825,3.6600000858306885,3.5999999046325684,3.619999885559082,1100,0.0,0.0
2016-06-08 00:00:00-04:00,3.5899999141693115,3.700000047683716,3.549999952316284,3.700000047683716,1200,0.0,0.0
2016-06-09 00:00:00-04:00,3.700000047683716,3.700000047683716,3.700000047683716,3.700000047683716,0,0.0,0.0
2016-06-10 00:00:00-04:00,3.700000047683716,3.700000047683716,3.700000047683716,3.700000047683716,0,0.0,0.0
2016-06-13 00:00:00-04:00,3.369999885559082,3.4800000190734863,3.369999885559082,3.450000047683716,1000,0.0,0.0
2016-06-14 00:00:00-04:00,3.690000057220459,3.869999885559082,3.490000009536743,3.869999885559082,11600,0.0,0.0
2016-06-15 00:00:00-04:00,4.0,4.0,4.0,4.0,100,0.0,0.0
2016-06-16 00:00:00-04:00,3.740000009536743,3.9200000762939453,3.700000047683716,3.9000000953674316,2300,0.0,0.0
2016-06-17 00:00:00-04:00,3.9000000953674316,3.9000000953674316,3.9000000953674316,3.9000000953674316,0,0.0,0.0
2016-06-20 00:00:00-04:00,3.9000000953674316,4.190000057220459,3.9000000953674316,4.0,900,0.0,0.0
2016-06-21 00:00:00-04:00,4.150000095367432,4.769999980926514,4.150000095367432,4.400000095367432,4400,0.0,0.0
2016-06-22 00:00:00-04:00,4.199999809265137,4.199999809265137,3.75,3.8299999237060547,2100,0.0,0.0
2016-06-23 00:00:00-04:00,4.289999961853027,4.679999828338623,4.050000190734863,4.21999979019165,3000,0.0,0.0
2016-06-24 00:00:00-04:00,3.7100000381469727,3.799999952316284,3.700000047683716,3.799999952316284,1300,0.0,0.0
2016-06-27 00:00:00-04:00,4.0,4.150000095367432,3.7100000381469727,3.990000009536743,9600,0.0,0.0
2016-06-28 00:00:00-04:00,3.799999952316284,3.799999952316284,3.75,3.75,300,0.0,0.0
2016-06-29 00:00:00-04:00,3.799999952316284,3.799999952316284,3.799999952316284,3.799999952316284,200,0.0,0.0
2016-06-30 00:00:00-04:00,3.7200000286102295,3.7200000286102295,3.7200000286102295,3.7200000286102295,100,0.0,0.0
2016-07-01 00:00:00-04:00,3.6500000953674316,3.75,3.6500000953674316,3.700000047683716,3400,0.0,0.0
2016-07-05 00:00:00-04:00,3.380000114440918,3.940000057220459,3.3299999237060547,3.3299999237060547,300,0.0,0.0
2016-07-06 00:00:00-04:00,3.549999952316284,3.6500000953674316,3.4800000190734863,3.4800000190734863,2100,0.0,0.0
2016-07-07 00:00:00-04:00,3.5999999046325684,4.139999866485596,3.5999999046325684,4.090000152587891,6600,0.0,0.0
2016-07-08 00:00:00-04:00,4.079999923706055,4.199999809265137,3.7899999618530273,3.950000047683716,7400,0.0,0.0
2016-07-11 00:00:00-04:00,4.440000057220459,4.440000057220459,3.990000009536743,4.050000190734863,1700,0.0,0.0
2016-07-12 00:00:00-04:00,4.050000190734863,4.050000190734863,4.050000190734863,4.050000190734863,0,0.0,0.0
2016-07-13 00:00:00-04:00,4.050000190734863,4.050000190734863,4.050000190734863,4.050000190734863,0,0.0,0.0
2016-07-14 00:00:00-04:00,4.050000190734863,4.050000190734863,4.050000190734863,4.050000190734863,0,0.0,0.0
2016-07-15 00:00:00-04:00,4.5,4.5,4.230000019073486,4.230000019073486,700,0.0,0.0
2016-07-18 00:00:00-04:00,4.840000152587891,5.010000228881836,4.570000171661377,5.010000228881836,8900,0.0,0.0
2016-07-19 00:00:00-04:00,5.079999923706055,5.079999923706055,4.75,4.829999923706055,5600,0.0,0.0
2016-07-20 00:00:00-04:00,4.5,5.0,4.46999979019165,4.989999771118164,1600,0.0,0.0
2016-07-21 00:00:00-04:00,4.920000076293945,4.920000076293945,4.920000076293945,4.920000076293945,400,0.0,0.0
2016-07-22 00:00:00-04:00,4.789999961853027,4.789999961853027,4.590000152587891,4.590000152587891,300,0.0,0.0
2016-07-25 00:00:00-04:00,4.400000095367432,4.449999809265137,4.260000228881836,4.260000228881836,1000,0.0,0.0
2016-07-26 00:00:00-04:00,4.260000228881836,4.260000228881836,4.260000228881836,4.260000228881836,200,0.0,0.0
2016-07-27 00:00:00-04:00,4.25,4.380000114440918,4.25,4.380000114440918,400,0.0,0.0
2016-07-28 00:00:00-04:00,4.380000114440918,4.380000114440918,4.380000114440918,4.380000114440918,0,0.0,0.0
2016-07-29 00:00:00-04:00,4.320000171661377,4.320000171661377,4.320000171661377,4.320000171661377,200,0.0,0.0
2016-08-01 00:00:00-04:00,4.460000038146973,4.46999979019165,4.460000038146973,4.46999979019165,600,0.0,0.0
2016-08-02 00:00:00-04:00,4.46999979019165,4.46999979019165,4.46999979019165,4.46999979019165,0,0.0,0.0
2016-08-03 00:00:00-04:00,4.46999979019165,4.46999979019165,4.46999979019165,4.46999979019165,0,0.0,0.0
2016-08-04 00:00:00-04:00,4.460000038146973,4.460000038146973,4.460000038146973,4.460000038146973,200,0.0,0.0
2016-08-05 00:00:00-04:00,4.460000038146973,4.460000038146973,4.460000038146973,4.460000038146973,0,0.0,0.0
2016-08-08 00:00:00-04:00,4.460000038146973,4.460000038146973,4.460000038146973,4.460000038146973,0,0.0,0.0
2016-08-09 00:00:00-04:00,4.349999904632568,4.349999904632568,4.199999809265137,4.300000190734863,700,0.0,0.0
2016-08-10 00:00:00-04:00,4.300000190734863,4.300000190734863,4.300000190734863,4.300000190734863,0,0.0,0.0
2016-08-11 00:00:00-04:00,4.300000190734863,4.300000190734863,4.300000190734863,4.300000190734863,0,0.0,0.0
2016-08-12 00:00:00-04:00,4.360000133514404,4.360000133514404,4.349999904632568,4.349999904632568,1900,0.0,0.0
2016-08-15 00:00:00-04:00,4.349999904632568,4.349999904632568,4.349999904632568,4.349999904632568,0,0.0,0.0
2016-08-16 00:00:00-04:00,4.349999904632568,4.349999904632568,4.349999904632568,4.349999904632568,0,0.0,0.0
2016-08-17 00:00:00-04:00,4.349999904632568,4.349999904632568,4.349999904632568,4.349999904632568,0,0.0,0.0
2016-08-18 00:00:00-04:00,4.449999809265137,4.449999809265137,4.260000228881836,4.260000228881836,400,0.0,0.0
2016-08-19 00:00:00-04:00,4.710000038146973,4.710000038146973,4.710000038146973,4.710000038146973,200,0.0,0.0
2016-08-22 00:00:00-04:00,4.710000038146973,4.710000038146973,4.710000038146973,4.710000038146973,0,0.0,0.0
2016-08-23 00:00:00-04:00,4.75,4.75,4.75,4.75,100,0.0,0.0
2016-08-24 00:00:00-04:00,4.75,4.75,4.75,4.75,0,0.0,0.0
2016-08-25 00:00:00-04:00,4.75,4.75,4.75,4.75,0,0.0,0.0
2016-08-26 00:00:00-04:00,4.510000228881836,4.800000190734863,4.300000190734863,4.429999828338623,2500,0.0,0.0
2016-08-29 00:00:00-04:00,4.429999828338623,4.429999828338623,4.429999828338623,4.429999828338623,0,0.0,0.0
2016-08-30 00:00:00-04:00,4.429999828338623,4.429999828338623,4.429999828338623,4.429999828338623,0,0.0,0.0
2016-08-31 00:00:00-04:00,4.429999828338623,4.429999828338623,4.429999828338623,4.429999828338623,0,0.0,0.0
2016-09-01 00:00:00-04:00,4.429999828338623,4.429999828338623,4.429999828338623,4.429999828338623,0,0.0,0.0
2016-09-02 00:00:00-04:00,4.429999828338623,4.429999828338623,4.429999828338623,4.429999828338623,0,0.0,0.0
2016-09-06 00:00:00-04:00,4.489999771118164,4.489999771118164,4.489999771118164,4.489999771118164,400,0.0,0.0
2016-09-07 00:00:00-04:00,4.599999904632568,4.599999904632568,4.599999904632568,4.599999904632568,200,0.0,0.0
2016-09-08 00:00:00-04:00,4.590000152587891,4.590000152587891,4.590000152587891,4.590000152587891,300,0.0,0.0
2016-09-09 00:00:00-04:00,4.139999866485596,4.139999866485596,4.139999866485596,4.139999866485596,300,0.0,0.0
2016-09-12 00:00:00-04:00,4.139999866485596,4.139999866485596,4.139999866485596,4.139999866485596,0,0.0,0.0
2016-09-13 00:00:00-04:00,4.400000095367432,4.610000133514404,4.400000095367432,4.610000133514404,300,0.0,0.0
2016-09-14 00:00:00-04:00,4.610000133514404,4.610000133514404,4.610000133514404,4.610000133514404,0,0.0,0.0
2016-09-15 00:00:00-04:00,4.610000133514404,4.610000133514404,4.610000133514404,4.610000133514404,0,0.0,0.0
2016-09-16 00:00:00-04:00,3.990000009536743,3.990000009536743,3.990000009536743,3.990000009536743,100,0.0,0.0
2016-09-19 00:00:00-04:00,3.990000009536743,3.990000009536743,3.990000009536743,3.990000009536743,0,0.0,0.0
2016-09-20 00:00:00-04:00,4.5,4.949999809265137,4.5,4.929999828338623,1200,0.0,0.0
2016-09-21 00:00:00-04:00,4.920000076293945,4.920000076293945,4.5,4.5,2500,0.0,0.0
2016-09-22 00:00:00-04:00,4.5,4.5,4.5,4.5,0,0.0,0.0
2016-09-23 00:00:00-04:00,4.5,4.5,4.5,4.5,0,0.0,0.0
2016-09-26 00:00:00-04:00,4.5,4.5,4.5,4.5,0,0.0,0.0
2016-09-27 00:00:00-04:00,4.5,4.5,4.5,4.5,0,0.0,0.0
2016-09-28 00:00:00-04:00,4.5,4.5,4.5,4.5,0,0.0,0.0
2016-09-29 00:00:00-04:00,4.75,4.889999866485596,4.75,4.889999866485596,500,0.0,0.0
2016-09-30 00:00:00-04:00,5.0,5.119999885559082,5.0,5.119999885559082,1300,0.0,0.0
2016-10-03 00:00:00-04:00,5.119999885559082,5.119999885559082,5.119999885559082,5.119999885559082,0,0.0,0.0
2016-10-04 00:00:00-04:00,5.119999885559082,5.119999885559082,5.119999885559082,5.119999885559082,0,0.0,0.0
2016-10-05 00:00:00-04:00,5.119999885559082,5.119999885559082,5.119999885559082,5.119999885559082,0,0.0,0.0
2016-10-06 00:00:00-04:00,5.119999885559082,5.119999885559082,5.119999885559082,5.119999885559082,0,0.0,0.0
2016-10-07 00:00:00-04:00,5.119999885559082,5.119999885559082,5.119999885559082,5.119999885559082,0,0.0,0.0
2016-10-10 00:00:00-04:00,5.119999885559082,5.119999885559082,5.119999885559082,5.119999885559082,0,0.0,0.0
2016-10-11 00:00:00-04:00,5.119999885559082,5.119999885559082,5.119999885559082,5.119999885559082,0,0.0,0.0
2016-10-12 00:00:00-04:00,4.769999980926514,4.769999980926514,4.769999980926514,4.769999980926514,200,0.0,0.0
2016-10-13 00:00:00-04:00,4.769999980926514,4.769999980926514,4.769999980926514,4.769999980926514,0,0.0,0.0
2016-10-14 00:00:00-04:00,4.760000228881836,4.769999980926514,4.760000228881836,4.769999980926514,500,0.0,0.0
2016-10-17 00:00:00-04:00,4.769999980926514,4.880000114440918,4.75,4.880000114440918,1300,0.0,0.0
2016-10-18 00:00:00-04:00,4.880000114440918,4.880000114440918,4.880000114440918,4.880000114440918,0,0.0,0.0
2016-10-19 00:00:00-04:00,4.880000114440918,4.880000114440918,4.880000114440918,4.880000114440918,0,0.0,0.0
2016-10-20 00:00:00-04:00,4.880000114440918,4.880000114440918,4.880000114440918,4.880000114440918,0,0.0,0.0
2016-10-21 00:00:00-04:00,4.880000114440918,4.880000114440918,4.880000114440918,4.880000114440918,0,0.0,0.0
2016-10-24 00:00:00-04:00,4.760000228881836,4.760000228881836,4.75,4.75,1400,0.0,0.0
2016-10-25 00:00:00-04:00,4.75,4.75,4.75,4.75,0,0.0,0.0
2016-10-26 00:00:00-04:00,3.7200000286102295,4.489999771118164,3.7200000286102295,4.489999771118164,200,0.0,0.0
2016-10-27 00:00:00-04:00,4.5,4.5,4.5,4.5,800,0.0,0.0
2016-10-28 00:00:00-04:00,4.5,4.5,4.5,4.5,0,0.0,0.0
2016-10-31 00:00:00-04:00,4.5,4.5,4.5,4.5,0,0.0,0.0
2016-11-01 00:00:00-04:00,3.6500000953674316,4.110000133514404,3.5299999713897705,4.110000133514404,3500,0.0,0.0
2016-11-02 00:00:00-04:00,4.110000133514404,4.110000133514404,4.110000133514404,4.110000133514404,0,0.0,0.0
2016-11-03 00:00:00-04:00,4.039999961853027,4.039999961853027,4.039999961853027,4.039999961853027,100,0.0,0.0
2016-11-04 00:00:00-04:00,4.039999961853027,4.039999961853027,4.039999961853027,4.039999961853027,0,0.0,0.0
2016-11-07 00:00:00-05:00,4.400000095367432,4.400000095367432,4.010000228881836,4.010000228881836,600,0.0,0.0
2016-11-08 00:00:00-05:00,4.010000228881836,4.010000228881836,4.010000228881836,4.010000228881836,0,0.0,0.0
2016-11-09 00:00:00-05:00,4.010000228881836,4.010000228881836,4.010000228881836,4.010000228881836,0,0.0,0.0
2016-11-10 00:00:00-05:00,4.0,4.0,4.0,4.0,300,0.0,0.0
2016-11-11 00:00:00-05:00,4.0,4.0,4.0,4.0,0,0.0,0.0
2016-11-14 00:00:00-05:00,4.0,4.0,4.0,4.0,0,0.0,0.0
2016-11-15 00:00:00-05:00,3.5,4.050000190734863,3.5,4.050000190734863,400,0.0,0.0
2016-11-16 00:00:00-05:00,4.039999961853027,4.039999961853027,4.0,4.0,300,0.0,0.0
2016-11-17 00:00:00-05:00,4.0,4.0,4.0,4.0,0,0.0,0.0
2016-11-18 00:00:00-05:00,4.0,4.0,4.0,4.0,0,0.0,0.0
2016-11-21 00:00:00-05:00,4.0,4.0,4.0,4.0,0,0.0,0.0
2016-11-22 00:00:00-05:00,4.0,4.0,4.0,4.0,0,0.0,0.0
2016-11-23 00:00:00-05:00,4.0,4.0,4.0,4.0,0,0.0,0.0
2016-11-25 00:00:00-05:00,4.0,4.0,4.0,4.0,0,0.0,0.0
2016-11-28 00:00:00-05:00,4.0,4.0,4.0,4.0,200,0.0,0.0
2016-11-29 00:00:00-05:00,4.619999885559082,4.619999885559082,4.440000057220459,4.440000057220459,300,0.0,0.0
2016-11-30 00:00:00-05:00,4.699999809265137,4.699999809265137,4.699999809265137,4.699999809265137,300,0.0,0.0
2016-12-01 00:00:00-05:00,5.760000228881836,5.760000228881836,5.760000228881836,5.760000228881836,700,0.0,0.0
2016-12-02 00:00:00-05:00,5.650000095367432,5.650000095367432,5.099999904632568,5.099999904632568,500,0.0,0.0
2016-12-05 00:00:00-05:00,4.489999771118164,4.489999771118164,4.489999771118164,4.489999771118164,300,0.0,0.0
2016-12-06 00:00:00-05:00,4.489999771118164,4.489999771118164,4.489999771118164,4.489999771118164,0,0.0,0.0
2016-12-07 00:00:00-05:00,5.0,5.820000171661377,4.989999771118164,5.380000114440918,4300,0.0,0.0
2016-12-08 00:00:00-05:00,5.059999942779541,5.059999942779541,5.0,5.0,1900,0.0,0.0
2016-12-09 00:00:00-05:00,5.0,5.0,5.0,5.0,0,0.0,0.0
2016-12-12 00:00:00-05:00,5.0,5.0,5.0,5.0,0,0.0,0.0
2016-12-13 00:00:00-05:00,3.990000009536743,4.389999866485596,3.990000009536743,4.010000228881836,800,0.0,0.0
2016-12-14 00:00:00-05:00,4.050000190734863,4.050000190734863,4.0,4.0,400,0.0,0.0
2016-12-15 00:00:00-05:00,3.700000047683716,3.880000114440918,3.700000047683716,3.880000114440918,500,0.0,0.0
2016-12-16 00:00:00-05:00,4.0,4.0,4.0,4.0,500,0.0,0.0
2016-12-19 00:00:00-05:00,4.0,4.0,4.0,4.0,0,0.0,0.0
2016-12-20 00:00:00-05:00,3.5999999046325684,3.799999952316284,3.5999999046325684,3.799999952316284,1100,0.0,0.0
2016-12-21 00:00:00-05:00,3.799999952316284,3.799999952316284,3.799999952316284,3.799999952316284,0,0.0,0.0
2016-12-22 00:00:00-05:00,3.799999952316284,3.799999952316284,3.799999952316284,3.799999952316284,0,0.0,0.0
2016-12-23 00:00:00-05:00,3.799999952316284,3.799999952316284,3.799999952316284,3.799999952316284,0,0.0,0.0
2016-12-27 00:00:00-05:00,3.8299999237060547,3.8299999237060547,3.8299999237060547,3.8299999237060547,500,0.0,0.0
2016-12-28 00:00:00-05:00,3.8399999141693115,3.8399999141693115,3.8399999141693115,3.8399999141693115,400,0.0,0.0
2016-12-29 00:00:00-05:00,3.740000009536743,3.740000009536743,3.740000009536743,3.740000009536743,100,0.0,0.0
2016-12-30 00:00:00-05:00,3.740000009536743,3.740000009536743,3.049999952316284,3.2200000286102295,6100,0.0,0.0
2017-01-03 00:00:00-05:00,3.2200000286102295,3.2200000286102295,3.2200000286102295,3.2200000286102295,0,0.0,0.0
2017-01-04 00:00:00-05:00,3.1500000953674316,3.5,3.1500000953674316,3.5,2500,0.0,0.0
2017-01-05 00:00:00-05:00,3.5,3.5,3.5,3.5,0,0.0,0.0
2017-01-06 00:00:00-05:00,3.6500000953674316,3.700000047683716,3.4000000953674316,3.5999999046325684,8900,0.0,0.0
2017-01-09 00:00:00-05:00,3.9800000190734863,3.9800000190734863,3.4200000762939453,3.549999952316284,1700,0.0,0.0
2017-01-10 00:00:00-05:00,3.549999952316284,3.549999952316284,3.549999952316284,3.549999952316284,0,0.0,0.0
2017-01-11 00:00:00-05:00,3.450000047683716,3.450000047683716,3.450000047683716,3.450000047683716,200,0.0,0.0
2017-01-12 00:00:00-05:00,3.450000047683716,3.450000047683716,3.450000047683716,3.450000047683716,0,0.0,0.0
2017-01-13 00:00:00-05:00,3.450000047683716,3.450000047683716,3.450000047683716,3.450000047683716,0,0.0,0.0
2017-01-17 00:00:00-05:00,3.450000047683716,3.450000047683716,3.450000047683716,3.450000047683716,0,0.0,0.0
2017-01-18 00:00:00-05:00,3.450000047683716,3.880000114440918,2.990000009536743,3.009999990463257,4400,0.0,0.0
2017-01-19 00:00:00-05:00,3.0199999809265137,3.0199999809265137,3.0199999809265137,3.0199999809265137,500,0.0,0.0
2017-01-20 00:00:00-05:00,3.0199999809265137,3.0199999809265137,3.0199999809265137,3.0199999809265137,0,0.0,0.0
2017-01-23 00:00:00-05:00,3.2100000381469727,3.2799999713897705,3.2100000381469727,3.2300000190734863,1500,0.0,0.0
2017-01-24 00:00:00-05:00,3.069999933242798,3.0999999046325684,3.069999933242798,3.0999999046325684,300,0.0,0.0
2017-01-25 00:00:00-05:00,3.0999999046325684,3.0999999046325684,3.0999999046325684,3.0999999046325684,0,0.0,0.0
2017-01-26 00:00:00-05:00,3.200000047683716,3.25,3.200000047683716,3.25,13700,0.0,0.0
2017-01-27 00:00:00-05:00,3.4000000953674316,3.4000000953674316,3.4000000953674316,3.4000000953674316,200,0.0,0.0
2017-01-30 00:00:00-05:00,3.4000000953674316,3.950000047683716,3.4000000953674316,3.7300000190734863,4600,0.0,0.0
2017-01-31 00:00:00-05:00,3.5799999237060547,3.5799999237060547,3.4800000190734863,3.4800000190734863,1400,0.0,0.0
2017-02-01 00:00:00-05:00,3.4700000286102295,3.4700000286102295,3.1600000858306885,3.1600000858306885,1200,0.0,0.0
2017-02-02 00:00:00-05:00,3.4000000953674316,3.5,3.4000000953674316,3.4100000858306885,800,0.0,0.0
2017-02-03 00:00:00-05:00,3.4100000858306885,3.4100000858306885,3.4100000858306885,3.4100000858306885,0,0.0,0.0
2017-02-06 00:00:00-05:00,3.4100000858306885,3.6700000762939453,3.359999895095825,3.359999895095825,500,0.0,0.0
2017-02-07 00:00:00-05:00,3.359999895095825,3.359999895095825,3.359999895095825,3.359999895095825,0,0.0,0.0
2017-02-08 00:00:00-05:00,3.299999952316284,3.309999942779541,3.259999990463257,3.259999990463257,800,0.0,0.0
2017-02-09 00:00:00-05:00,3.25,3.259999990463257,3.0799999237060547,3.259999990463257,3300,0.0,0.0
2017-02-10 00:00:00-05:00,3.25,3.25,3.25,3.25,400,0.0,0.0
2017-02-13 00:00:00-05:00,3.119999885559082,3.119999885559082,3.119999885559082,3.119999885559082,400,0.0,0.0
2017-02-14 00:00:00-05:00,3.190000057220459,3.190000057220459,3.190000057220459,3.190000057220459,200,0.0,0.0
2017-02-15 00:00:00-05:00,3.200000047683716,3.200000047683716,3.200000047683716,3.200000047683716,200,0.0,0.0
2017-02-16 00:00:00-05:00,3.130000114440918,3.2799999713897705,3.130000114440918,3.130000114440918,600,0.0,0.0
2017-02-17 00:00:00-05:00,3.130000114440918,3.130000114440918,3.130000114440918,3.130000114440918,0,0.0,0.0
2017-02-21 00:00:00-05:00,3.2300000190734863,3.2300000190734863,3.2300000190734863,3.2300000190734863,400,0.0,0.0
2017-02-22 00:00:00-05:00,3.2300000190734863,3.2300000190734863,3.2300000190734863,3.2300000190734863,0,0.0,0.0
2017-02-23 00:00:00-05:00,3.25,3.25,3.25,3.25,800,0.0,0.0
2017-02-24 00:00:00-05:00,3.25,3.25,3.25,3.25,400,0.0,0.0
2017-02-27 00:00:00-05:00,3.1500000953674316,3.180000066757202,2.869999885559082,3.0999999046325684,12500,0.0,0.0
2017-02-28 00:00:00-05:00,3.180000066757202,3.5799999237060547,3.180000066757202,3.559999942779541,12000,0.0,0.0
2017-03-01 00:00:00-05:00,3.5799999237060547,3.5799999237060547,3.2699999809265137,3.2699999809265137,500,0.0,0.0
2017-03-02 00:00:00-05:00,3.109999895095825,3.200000047683716,2.890000104904175,3.200000047683716,4000,0.0,0.0
2017-03-03 00:00:00-05:00,3.200000047683716,3.380000114440918,3.0,3.319999933242798,15400,0.0,0.0
2017-03-06 00:00:00-05:00,3.4000000953674316,3.5999999046325684,3.2200000286102295,3.2200000286102295,18200,0.0,0.0
2017-03-07 00:00:00-05:00,3.2200000286102295,3.2200000286102295,3.2200000286102295,3.2200000286102295,0,0.0,0.0
2017-03-08 00:00:00-05:00,3.2300000190734863,3.2300000190734863,3.2100000381469727,3.2100000381469727,300,0.0,0.0
2017-03-09 00:00:00-05:00,3.2200000286102295,3.450000047683716,3.0299999713897705,3.390000104904175,20900,0.0,0.0
2017-03-10 00:00:00-05:00,3.200000047683716,3.440000057220459,3.0999999046325684,3.0999999046325684,16900,0.0,0.0
2017-03-13 00:00:00-04:00,3.130000114440918,3.3499999046325684,3.109999895095825,3.1500000953674316,9200,0.0,0.0
2017-03-14 00:00:00-04:00,3.25,3.5999999046325684,3.25,3.369999885559082,28300,0.0,0.0
2017-03-15 00:00:00-04:00,3.369999885559082,3.369999885559082,3.369999885559082,3.369999885559082,500,0.0,0.0
2017-03-16 00:00:00-04:00,3.5,3.5,3.5,3.5,200,0.0,0.0
2017-03-17 00:00:00-04:00,3.369999885559082,3.630000114440918,3.369999885559082,3.630000114440918,2400,0.0,0.0
2017-03-20 00:00:00-04:00,3.630000114440918,3.630000114440918,3.630000114440918,3.630000114440918,0,0.0,0.0
2017-03-21 00:00:00-04:00,3.369999885559082,3.380000114440918,3.2100000381469727,3.2699999809265137,8100,0.0,0.0
2017-03-22 00:00:00-04:00,3.5999999046325684,3.809999942779541,3.4000000953674316,3.5799999237060547,13900,0.0,0.0
2017-03-23 00:00:00-04:00,3.4800000190734863,3.4800000190734863,3.369999885559082,3.430000066757202,1000,0.0,0.0
2017-03-24 00:00:00-04:00,3.3299999237060547,3.3299999237060547,3.2300000190734863,3.2899999618530273,4700,0.0,0.0
2017-03-27 00:00:00-04:00,3.5399999618530273,3.740000009536743,3.4100000858306885,3.4100000858306885,6800,0.0,0.0
2017-03-28 00:00:00-04:00,3.309999942779541,3.5,3.309999942779541,3.4600000381469727,3300,0.0,0.0
2017-03-29 00:00:00-04:00,3.369999885559082,3.7300000190734863,3.2899999618530273,3.559999942779541,7000,0.0,0.0
2017-03-30 00:00:00-04:00,3.5299999713897705,3.8299999237060547,3.5299999713897705,3.7200000286102295,10400,0.0,0.0
2017-03-31 00:00:00-04:00,3.700000047683716,3.7300000190734863,3.5799999237060547,3.6600000858306885,1300,0.0,0.0
2017-04-03 00:00:00-04:00,3.440000057220459,3.549999952316284,3.369999885559082,3.549999952316284,5600,0.0,0.0
2017-04-04 00:00:00-04:00,3.490000009536743,3.940000057220459,3.490000009536743,3.799999952316284,17300,0.0,0.0
2017-04-05 00:00:00-04:00,3.609999895095825,3.630000114440918,3.4700000286102295,3.630000114440918,1900,0.0,0.0
2017-04-06 00:00:00-04:00,3.609999895095825,3.609999895095825,3.440000057220459,3.450000047683716,1300,0.0,0.0
2017-04-07 00:00:00-04:00,3.559999942779541,3.559999942779541,3.4000000953674316,3.4000000953674316,400,0.0,0.0
2017-04-10 00:00:00-04:00,3.2699999809265137,3.4000000953674316,3.2699999809265137,3.4000000953674316,2400,0.0,0.0
2017-04-11 00:00:00-04:00,3.450000047683716,3.509999990463257,3.390000104904175,3.509999990463257,2700,0.0,0.0
2017-04-12 00:00:00-04:00,3.390000104904175,3.390000104904175,3.390000104904175,3.390000104904175,400,0.0,0.0
2017-04-13 00:00:00-04:00,3.109999895095825,3.3299999237060547,3.109999895095825,3.319999933242798,2400,0.0,0.0
2017-04-17 00:00:00-04:00,3.3499999046325684,3.5199999809265137,3.319999933242798,3.430000066757202,9200,0.0,0.0
2017-04-18 00:00:00-04:00,3.4000000953674316,3.6600000858306885,3.4000000953674316,3.5,5300,0.0,0.0
2017-04-19 00:00:00-04:00,3.4800000190734863,3.5899999141693115,3.4800000190734863,3.5299999713897705,3300,0.0,0.0
2017-04-20 00:00:00-04:00,3.799999952316284,4.0,3.799999952316284,3.990000009536743,13300,0.0,0.0
2017-04-21 00:00:00-04:00,4.449999809265137,6.610000133514404,4.449999809265137,4.900000095367432,1222900,0.0,0.0
2017-04-24 00:00:00-04:00,4.840000152587891,4.840000152587891,4.389999866485596,4.710000038146973,31400,0.0,0.0
2017-04-25 00:00:00-04:00,4.440000057220459,4.650000095367432,4.360000133514404,4.480000019073486,15900,0.0,0.0
2017-04-26 00:00:00-04:00,4.269999980926514,4.400000095367432,4.269999980926514,4.329999923706055,14000,0.0,0.0
2017-04-27 00:00:00-04:00,4.25,4.320000171661377,4.150000095367432,4.269999980926514,10400,0.0,0.0
2017-04-28 00:00:00-04:00,4.070000171661377,4.389999866485596,4.070000171661377,4.369999885559082,1900,0.0,0.0
2017-05-01 00:00:00-04:00,4.150000095367432,4.349999904632568,4.150000095367432,4.349999904632568,600,0.0,0.0
2017-05-02 00:00:00-04:00,4.119999885559082,4.179999828338623,4.119999885559082,4.179999828338623,600,0.0,0.0
2017-05-03 00:00:00-04:00,4.119999885559082,4.119999885559082,4.119999885559082,4.119999885559082,300,0.0,0.0
2017-05-04 00:00:00-04:00,4.150000095367432,4.150000095367432,4.150000095367432,4.150000095367432,400,0.0,0.0
2017-05-05 00:00:00-04:00,3.9100000858306885,4.28000020980835,3.9100000858306885,4.0,3600,0.0,0.0
2017-05-08 00:00:00-04:00,4.389999866485596,4.389999866485596,3.7899999618530273,4.0,12300,0.0,0.0
2017-05-09 00:00:00-04:00,4.380000114440918,4.380000114440918,3.9000000953674316,3.9000000953674316,7600,0.0,0.0
2017-05-10 00:00:00-04:00,3.950000047683716,4.230000019073486,3.700000047683716,3.700000047683716,5800,0.0,0.0
2017-05-11 00:00:00-04:00,3.9200000762939453,3.9200000762939453,3.5,3.5999999046325684,3400,0.0,0.0
2017-05-12 00:00:00-04:00,3.619999885559082,3.7300000190734863,3.5,3.5,4600,0.0,0.0
2017-05-15 00:00:00-04:00,3.5999999046325684,3.5999999046325684,3.5999999046325684,3.5999999046325684,500,0.0,0.0
2017-05-16 00:00:00-04:00,3.569999933242798,3.569999933242798,3.559999942779541,3.559999942779541,1300,0.0,0.0
2017-05-17 00:00:00-04:00,3.559999942779541,3.559999942779541,3.559999942779541,3.559999942779541,0,0.0,0.0
2017-05-18 00:00:00-04:00,3.700000047683716,3.700000047683716,3.700000047683716,3.700000047683716,400,0.0,0.0
2017-05-19 00:00:00-04:00,3.690000057220459,3.690000057220459,3.509999990463257,3.509999990463257,1500,0.0,0.0
2017-05-22 00:00:00-04:00,3.509999990463257,3.5199999809265137,3.2300000190734863,3.2300000190734863,2800,0.0,0.0
2017-05-23 00:00:00-04:00,3.309999942779541,3.390000104904175,3.309999942779541,3.390000104904175,2400,0.0,0.0
2017-05-24 00:00:00-04:00,3.359999895095825,3.359999895095825,3.359999895095825,3.359999895095825,100,0.0,0.0
2017-05-25 00:00:00-04:00,3.359999895095825,3.359999895095825,3.359999895095825,3.359999895095825,0,0.0,0.0
2017-05-26 00:00:00-04:00,3.359999895095825,3.359999895095825,3.359999895095825,3.359999895095825,0,0.0,0.0
2017-05-30 00:00:00-04:00,3.569999933242798,3.5799999237060547,3.5299999713897705,3.5799999237060547,900,0.0,0.0
2017-05-31 00:00:00-04:00,3.640000104904175,3.640000104904175,3.369999885559082,3.640000104904175,1200,0.0,0.0
2017-06-01 00:00:00-04:00,3.700000047683716,3.700000047683716,3.700000047683716,3.700000047683716,200,0.0,0.0
2017-06-02 00:00:00-04:00,3.4600000381469727,3.509999990463257,3.450000047683716,3.450000047683716,300,0.0,0.0
2017-06-05 00:00:00-04:00,3.4600000381469727,3.4600000381469727,3.4600000381469727,3.4600000381469727,200,0.0,0.0
2017-06-06 00:00:00-04:00,3.4600000381469727,3.4600000381469727,3.4600000381469727,3.4600000381469727,400,0.0,0.0
2017-06-07 00:00:00-04:00,3.509999990463257,3.569999933242798,3.4000000953674316,3.569999933242798,500,0.0,0.0
2017-06-08 00:00:00-04:00,3.569999933242798,3.569999933242798,3.569999933242798,3.569999933242798,0,0.0,0.0
2017-06-09 00:00:00-04:00,3.559999942779541,3.559999942779541,3.559999942779541,3.559999942779541,200,0.0,0.0
2017-06-12 00:00:00-04:00,3.430000066757202,3.430000066757202,3.4000000953674316,3.4000000953674316,800,0.0,0.0
2017-06-13 00:00:00-04:00,3.4000000953674316,3.4000000953674316,3.4000000953674316,3.4000000953674316,0,0.0,0.0
2017-06-14 00:00:00-04:00,3.4000000953674316,3.4000000953674316,3.4000000953674316,3.4000000953674316,0,0.0,0.0
2017-06-15 00:00:00-04:00,3.440000057220459,3.5,3.4100000858306885,3.5,400,0.0,0.0
2017-06-16 00:00:00-04:00,3.490000009536743,3.5,3.490000009536743,3.5,2200,0.0,0.0
2017-06-19 00:00:00-04:00,3.4800000190734863,3.4800000190734863,3.4800000190734863,3.4800000190734863,1200,0.0,0.0
2017-06-20 00:00:00-04:00,3.700000047683716,3.7100000381469727,3.4000000953674316,3.450000047683716,6900,0.0,0.0
2017-06-21 00:00:00-04:00,3.690000057220459,3.700000047683716,3.4800000190734863,3.490000009536743,3600,0.0,0.0
2017-06-22 00:00:00-04:00,3.609999895095825,3.609999895095825,3.450000047683716,3.450000047683716,1400,0.0,0.0
2017-06-23 00:00:00-04:00,3.4100000858306885,3.5999999046325684,3.1600000858306885,3.180000066757202,6900,0.0,0.0
2017-06-26 00:00:00-04:00,3.240000009536743,3.3299999237060547,3.180000066757202,3.2799999713897705,6600,0.0,0.0
2017-06-27 00:00:00-04:00,3.299999952316284,3.5299999713897705,3.1600000858306885,3.259999990463257,15800,0.0,0.0
2017-06-28 00:00:00-04:00,3.450000047683716,3.4800000190734863,3.200000047683716,3.200000047683716,6700,0.0,0.0
2017-06-29 00:00:00-04:00,3.509999990463257,3.509999990463257,3.1500000953674316,3.259999990463257,12600,0.0,0.0
2017-06-30 00:00:00-04:00,3.4600000381469727,3.4600000381469727,3.2899999618530273,3.4000000953674316,11900,0.0,0.0
2017-07-03 00:00:00-04:00,3.1500000953674316,3.390000104904175,3.1500000953674316,3.390000104904175,6400,0.0,0.0
2017-07-05 00:00:00-04:00,3.3399999141693115,3.3399999141693115,3.2200000286102295,3.2200000286102295,5900,0.0,0.0
2017-07-06 00:00:00-04:00,3.25,3.25,3.109999895095825,3.25,2600,0.0,0.0
2017-07-07 00:00:00-04:00,3.2799999713897705,3.450000047683716,3.200000047683716,3.200000047683716,5300,0.0,0.0
2017-07-10 00:00:00-04:00,3.130000114440918,3.3499999046325684,3.130000114440918,3.1700000762939453,5100,0.0,0.0
2017-07-11 00:00:00-04:00,3.2899999618530273,3.2899999618530273,3.009999990463257,3.009999990463257,4500,0.0,0.0
2017-07-12 00:00:00-04:00,2.819999933242798,3.0299999713897705,2.819999933242798,3.0299999713897705,1600,0.0,0.0
2017-07-13 00:00:00-04:00,3.319999933242798,3.319999933242798,3.1500000953674316,3.1500000953674316,900,0.0,0.0
2017-07-14 00:00:00-04:00,3.259999990463257,3.259999990463257,2.9000000953674316,2.9000000953674316,2500,0.0,0.0
2017-07-17 00:00:00-04:00,3.059999942779541,3.299999952316284,3.049999952316284,3.299999952316284,12200,0.0,0.0
2017-07-18 00:00:00-04:00,3.299999952316284,3.430000066757202,3.0899999141693115,3.190000057220459,18400,0.0,0.0
2017-07-19 00:00:00-04:00,3.2699999809265137,3.2699999809265137,3.2699999809265137,3.2699999809265137,600,0.0,0.0
2017-07-20 00:00:00-04:00,3.049999952316284,3.140000104904175,3.049999952316284,3.069999933242798,1300,0.0,0.0
2017-07-21 00:00:00-04:00,3.069999933242798,3.299999952316284,3.069999933242798,3.299999952316284,4400,0.0,0.0
2017-07-24 00:00:00-04:00,3.2899999618530273,3.2899999618530273,3.2899999618530273,3.2899999618530273,300,0.0,0.0
2017-07-25 00:00:00-04:00,3.309999942779541,3.309999942779541,3.309999942779541,3.309999942779541,400,0.0,0.0
2017-07-26 00:00:00-04:00,3.25,3.4000000953674316,3.1600000858306885,3.190000057220459,3300,0.0,0.0
2017-07-27 00:00:00-04:00,3.1500000953674316,3.1500000953674316,3.119999885559082,3.119999885559082,2000,0.0,0.0
2017-07-28 00:00:00-04:00,3.119999885559082,3.119999885559082,3.119999885559082,3.119999885559082,0,0.0,0.0
2017-07-31 00:00:00-04:00,3.119999885559082,3.119999885559082,3.119999885559082,3.119999885559082,0,0.0,0.0
2017-08-01 00:00:00-04:00,3.200000047683716,3.200000047683716,3.200000047683716,3.200000047683716,600,0.0,0.0
2017-08-02 00:00:00-04:00,3.130000114440918,3.130000114440918,3.049999952316284,3.049999952316284,800,0.0,0.0
2017-08-03 00:00:00-04:00,3.049999952316284,3.049999952316284,3.049999952316284,3.049999952316284,0,0.0,0.0
2017-08-04 00:00:00-04:00,3.049999952316284,3.049999952316284,3.049999952316284,3.049999952316284,0,0.0,0.0
2017-08-07 00:00:00-04:00,3.049999952316284,3.049999952316284,3.049999952316284,3.049999952316284,0,0.0,0.0
2017-08-08 00:00:00-04:00,3.049999952316284,3.049999952316284,3.049999952316284,3.049999952316284,0,0.0,0.0
2017-08-09 00:00:00-04:00,3.049999952316284,3.059999942779541,2.8499999046325684,2.880000114440918,6100,0.0,0.0
2017-08-10 00:00:00-04:00,2.880000114440918,2.880000114440918,2.880000114440918,2.880000114440918,0,0.0,0.0
2017-08-11 00:00:00-04:00,3.130000114440918,3.130000114440918,2.930000066757202,3.0299999713897705,2600,0.0,0.0
2017-08-14 00:00:00-04:00,2.990000009536743,2.990000009536743,2.8499999046325684,2.8499999046325684,2700,0.0,0.0
2017-08-15 00:00:00-04:00,3.0299999713897705,3.140000104904175,2.890000104904175,2.890000104904175,1700,0.0,0.0
2017-08-16 00:00:00-04:00,2.880000114440918,3.009999990463257,2.880000114440918,2.9100000858306885,1900,0.0,0.0
2017-08-17 00:00:00-04:00,2.759999990463257,3.0,2.759999990463257,3.0,5400,0.0,0.0
2017-08-18 00:00:00-04:00,2.819999933242798,2.869999885559082,2.799999952316284,2.809999942779541,1000,0.0,0.0
2017-08-21 00:00:00-04:00,2.7899999618530273,2.7899999618530273,2.7899999618530273,2.7899999618530273,200,0.0,0.0
2017-08-22 00:00:00-04:00,2.9100000858306885,2.9100000858306885,2.9100000858306885,2.9100000858306885,200,0.0,0.0
2017-08-23 00:00:00-04:00,2.75,2.759999990463257,2.5899999141693115,2.5999999046325684,1500,0.0,0.0
2017-08-24 00:00:00-04:00,2.549999952316284,2.549999952316284,2.5,2.5,400,0.0,0.0
2017-08-25 00:00:00-04:00,2.6500000953674316,2.6500000953674316,2.5899999141693115,2.6500000953674316,600,0.0,0.0
2017-08-28 00:00:00-04:00,2.700000047683716,2.700000047683716,2.390000104904175,2.390000104904175,4800,0.0,0.0
2017-08-29 00:00:00-04:00,2.549999952316284,2.6500000953674316,2.549999952316284,2.640000104904175,1600,0.0,0.0
2017-08-30 00:00:00-04:00,2.640000104904175,2.640000104904175,2.640000104904175,2.640000104904175,0,0.0,0.0
2017-08-31 00:00:00-04:00,2.6600000858306885,2.6600000858306885,2.569999933242798,2.569999933242798,200,0.0,0.0
2017-09-01 00:00:00-04:00,2.569999933242798,2.569999933242798,2.569999933242798,2.569999933242798,0,0.0,0.0
2017-09-05 00:00:00-04:00,2.390000104904175,2.390000104904175,2.390000104904175,2.390000104904175,200,0.0,0.0
2017-09-06 00:00:00-04:00,2.390000104904175,2.390000104904175,2.390000104904175,2.390000104904175,100,0.0,0.0
2017-09-07 00:00:00-04:00,2.390000104904175,2.390000104904175,2.390000104904175,2.390000104904175,0,0.0,0.0
2017-09-08 00:00:00-04:00,2.4100000858306885,2.5999999046325684,2.380000114440918,2.5999999046325684,3300,0.0,0.0
2017-09-11 00:00:00-04:00,2.5399999618530273,2.5399999618530273,2.5399999618530273,2.5399999618530273,200,0.0,0.0
2017-09-12 00:00:00-04:00,2.5999999046325684,2.7799999713897705,2.549999952316284,2.549999952316284,800,0.0,0.0
2017-09-13 00:00:00-04:00,2.700000047683716,2.799999952316284,2.4600000381469727,2.4600000381469727,2600,0.0,0.0
2017-09-14 00:00:00-04:00,2.430000066757202,2.430000066757202,2.430000066757202,2.430000066757202,100,0.0,0.0
2017-09-15 00:00:00-04:00,2.7200000286102295,2.7200000286102295,2.7200000286102295,2.7200000286102295,300,0.0,0.0
2017-09-18 00:00:00-04:00,2.700000047683716,2.700000047683716,2.700000047683716,2.700000047683716,600,0.0,0.0
2017-09-19 00:00:00-04:00,2.319999933242798,2.319999933242798,2.319999933242798,2.319999933242798,600,0.0,0.0
2017-09-20 00:00:00-04:00,2.299999952316284,2.299999952316284,2.299999952316284,2.299999952316284,200,0.0,0.0
2017-09-21 00:00:00-04:00,2.200000047683716,2.390000104904175,2.119999885559082,2.380000114440918,7200,0.0,0.0
2017-09-22 00:00:00-04:00,2.380000114440918,2.380000114440918,2.380000114440918,2.380000114440918,0,0.0,0.0
2017-09-25 00:00:00-04:00,2.549999952316284,2.700000047683716,2.369999885559082,2.5,3500,0.0,0.0
2017-09-26 00:00:00-04:00,2.509999990463257,2.549999952316284,2.4000000953674316,2.549999952316284,700,0.0,0.0
2017-09-27 00:00:00-04:00,2.4000000953674316,2.4000000953674316,2.4000000953674316,2.4000000953674316,100,0.0,0.0
2017-09-28 00:00:00-04:00,2.7300000190734863,2.7300000190734863,2.450000047683716,2.450000047683716,1400,0.0,0.0
2017-09-29 00:00:00-04:00,2.240000009536743,2.490000009536743,2.2300000190734863,2.2899999618530273,1600,0.0,0.0
2017-10-02 00:00:00-04:00,2.25,2.6500000953674316,2.0199999809265137,2.299999952316284,2900,0.0,0.0
2017-10-03 00:00:00-04:00,2.200000047683716,2.25,2.1700000762939453,2.240000009536743,900,0.0,0.0
2017-10-04 00:00:00-04:00,2.25,2.4200000762939453,2.1700000762939453,2.2200000286102295,3500,0.0,0.0
2017-10-05 00:00:00-04:00,2.4200000762939453,2.4200000762939453,2.259999990463257,2.259999990463257,400,0.0,0.0
2017-10-06 00:00:00-04:00,2.380000114440918,2.5,2.380000114440918,2.490000009536743,2700,0.0,0.0
2017-10-09 00:00:00-04:00,2.430000066757202,2.5999999046325684,2.3499999046325684,2.3499999046325684,700,0.0,0.0
2017-10-10 00:00:00-04:00,2.700000047683716,2.700000047683716,2.299999952316284,2.299999952316284,1000,0.0,0.0
2017-10-11 00:00:00-04:00,2.700000047683716,2.700000047683716,2.390000104904175,2.390000104904175,700,0.0,0.0
2017-10-12 00:00:00-04:00,2.380000114440918,2.380000114440918,2.380000114440918,2.380000114440918,200,0.0,0.0
2017-10-13 00:00:00-04:00,2.299999952316284,2.299999952316284,2.299999952316284,2.299999952316284,300,0.0,0.0
2017-10-16 00:00:00-04:00,2.200000047683716,2.299999952316284,2.200000047683716,2.299999952316284,1000,0.0,0.0
2017-10-17 00:00:00-04:00,2.359999895095825,2.4100000858306885,2.259999990463257,2.259999990463257,1600,0.0,0.0
2017-10-18 00:00:00-04:00,2.319999933242798,2.319999933242798,2.319999933242798,2.319999933242798,100,0.0,0.0
2017-10-19 00:00:00-04:00,2.069999933242798,2.319999933242798,2.049999952316284,2.049999952316284,600,0.0,0.0
2017-10-20 00:00:00-04:00,2.25,2.25,2.1500000953674316,2.1500000953674316,600,0.0,0.0
2017-10-23 00:00:00-04:00,2.119999885559082,2.119999885559082,2.119999885559082,2.119999885559082,100,0.0,0.0
2017-10-24 00:00:00-04:00,2.1700000762939453,2.25,2.0799999237060547,2.1500000953674316,1100,0.0,0.0
2017-10-25 00:00:00-04:00,2.059999942779541,2.059999942779541,2.059999942779541,2.059999942779541,200,0.0,0.0
2017-10-26 00:00:00-04:00,2.25,2.25,2.25,2.25,300,0.0,0.0
2017-10-27 00:00:00-04:00,2.0399999618530273,2.200000047683716,2.0299999713897705,2.200000047683716,600,0.0,0.0
2017-10-30 00:00:00-04:00,2.200000047683716,2.200000047683716,2.200000047683716,2.200000047683716,0,0.0,0.0
2017-10-31 00:00:00-04:00,2.4000000953674316,2.4000000953674316,2.299999952316284,2.309999942779541,1100,0.0,0.0
2017-11-01 00:00:00-04:00,2.309999942779541,2.309999942779541,2.309999942779541,2.309999942779541,0,0.0,0.0
2017-11-02 00:00:00-04:00,2.309999942779541,2.309999942779541,2.309999942779541,2.309999942779541,0,0.0,0.0
2017-11-03 00:00:00-04:00,2.319999933242798,2.319999933242798,2.2200000286102295,2.2200000286102295,900,0.0,0.0
2017-11-06 00:00:00-05:00,2.0199999809265137,2.2100000381469727,2.0199999809265137,2.2100000381469727,600,0.0,0.0
2017-11-07 00:00:00-05:00,2.2100000381469727,2.2100000381469727,2.2100000381469727,2.2100000381469727,0,0.0,0.0
2017-11-08 00:00:00-05:00,2.2100000381469727,2.2100000381469727,2.2100000381469727,2.2100000381469727,0,0.0,0.0
2017-11-09 00:00:00-05:00,2.2100000381469727,2.2100000381469727,2.2100000381469727,2.2100000381469727,0,0.0,0.0
2017-11-10 00:00:00-05:00,2.190000057220459,2.190000057220459,2.190000057220459,2.190000057220459,200,0.0,0.0
2017-11-13 00:00:00-05:00,2.2899999618530273,2.2899999618530273,2.059999942779541,2.059999942779541,500,0.0,0.0
2017-11-14 00:00:00-05:00,2.059999942779541,2.059999942779541,2.059999942779541,2.059999942779541,0,0.0,0.0
2017-11-15 00:00:00-05:00,2.009999990463257,2.009999990463257,2.009999990463257,2.009999990463257,200,0.0,0.0
2017-11-16 00:00:00-05:00,2.2799999713897705,7.949999809265137,2.2799999713897705,5.03000020980835,504400,0.0,0.0
2017-11-17 00:00:00-05:00,4.349999904632568,4.480000019073486,3.200000047683716,3.309999942779541,101400,0.0,0.0
2017-11-20 00:00:00-05:00,3.309999942779541,5.260000228881836,3.309999942779541,4.239999771118164,345800,0.0,0.0
2017-11-21 00:00:00-05:00,3.890000104904175,4.440000057220459,3.640000104904175,4.0,45300,0.0,0.0
2017-11-22 00:00:00-05:00,3.9100000858306885,4.5,3.700000047683716,3.859999895095825,71400,0.0,0.0
2017-11-24 00:00:00-05:00,4.489999771118164,4.559999942779541,3.7899999618530273,4.050000190734863,15900,0.0,0.0
2017-11-27 00:00:00-05:00,4.429999828338623,5.349999904632568,4.0,4.480000019073486,131600,0.0,0.0
2017-11-28 00:00:00-05:00,4.5,4.739999771118164,3.859999895095825,4.300000190734863,18400,0.0,0.0
2017-11-29 00:00:00-05:00,4.190000057220459,4.239999771118164,3.9800000190734863,3.9800000190734863,5200,0.0,0.0
2017-11-30 00:00:00-05:00,4.0,4.03000020980835,3.9000000953674316,3.9000000953674316,3300,0.0,0.0
2017-12-01 00:00:00-05:00,3.9800000190734863,3.9800000190734863,3.490000009536743,3.490000009536743,2600,0.0,0.0
2017-12-04 00:00:00-05:00,3.7100000381469727,3.7100000381469727,3.2799999713897705,3.3399999141693115,2300,0.0,0.0
2017-12-05 00:00:00-05:00,3.3399999141693115,3.9000000953674316,3.25,3.4100000858306885,2400,0.0,0.0
2017-12-06 00:00:00-05:00,3.369999885559082,3.700000047683716,3.369999885559082,3.5299999713897705,1400,0.0,0.0
2017-12-07 00:00:00-05:00,3.5,3.5,3.369999885559082,3.390000104904175,1300,0.0,0.0
2017-12-08 00:00:00-05:00,3.430000066757202,3.430000066757202,3.25,3.390000104904175,1500,0.0,0.0
2017-12-11 00:00:00-05:00,3.390000104904175,3.390000104904175,3.359999895095825,3.359999895095825,2100,0.0,0.0
2017-12-12 00:00:00-05:00,3.4700000286102295,3.549999952316284,3.2899999618530273,3.4600000381469727,9000,0.0,0.0
2017-12-13 00:00:00-05:00,3.4600000381469727,3.619999885559082,3.2899999618530273,3.450000047683716,7000,0.0,0.0
2017-12-14 00:00:00-05:00,3.509999990463257,3.509999990463257,3.4800000190734863,3.4800000190734863,800,0.0,0.0
2017-12-15 00:00:00-05:00,3.5,3.8299999237060547,3.4600000381469727,3.8299999237060547,4700,0.0,0.0
2017-12-18 00:00:00-05:00,3.700000047683716,3.700000047683716,3.4100000858306885,3.4100000858306885,5900,0.0,0.0
2017-12-19 00:00:00-05:00,3.5,4.050000190734863,3.2899999618530273,3.319999933242798,42800,0.0,0.0
2017-12-20 00:00:00-05:00,3.3399999141693115,3.6700000762939453,3.3299999237060547,3.509999990463257,3500,0.0,0.0
2017-12-21 00:00:00-05:00,3.509999990463257,3.509999990463257,3.25,3.299999952316284,13800,0.0,0.0
2017-12-22 00:00:00-05:00,3.299999952316284,3.299999952316284,3.049999952316284,3.049999952316284,9600,0.0,0.0
2017-12-26 00:00:00-05:00,3.0299999713897705,3.190000057220459,2.7899999618530273,3.109999895095825,21300,0.0,0.0
2017-12-27 00:00:00-05:00,3.190000057220459,3.2699999809265137,2.859999895095825,3.190000057220459,16400,0.0,0.0
2017-12-28 00:00:00-05:00,2.869999885559082,3.009999990463257,2.869999885559082,2.990000009536743,5900,0.0,0.0
2017-12-29 00:00:00-05:00,2.990000009536743,3.0399999618530273,2.809999942779541,2.9100000858306885,15700,0.0,0.0
2018-01-02 00:00:00-05:00,2.880000114440918,2.880000114440918,2.7200000286102295,2.75,7700,0.0,0.0
2018-01-03 00:00:00-05:00,2.7300000190734863,2.880000114440918,2.609999895095825,2.869999885559082,13200,0.0,0.0
2018-01-04 00:00:00-05:00,2.890000104904175,3.440000057220459,2.8399999141693115,3.0999999046325684,21300,0.0,0.0
2018-01-05 00:00:00-05:00,2.869999885559082,2.990000009536743,2.869999885559082,2.930000066757202,3900,0.0,0.0
2018-01-08 00:00:00-05:00,2.880000114440918,3.0999999046325684,2.8399999141693115,2.940000057220459,24300,0.0,0.0
2018-01-09 00:00:00-05:00,2.809999942779541,3.2699999809265137,2.809999942779541,2.9600000381469727,22000,0.0,0.0
2018-01-10 00:00:00-05:00,2.9800000190734863,3.180000066757202,2.9800000190734863,3.059999942779541,9700,0.0,0.0
2018-01-11 00:00:00-05:00,3.069999933242798,3.240000009536743,3.069999933242798,3.240000009536743,3600,0.0,0.0
2018-01-12 00:00:00-05:00,3.119999885559082,3.119999885559082,3.069999933242798,3.0999999046325684,8500,0.0,0.0
2018-01-16 00:00:00-05:00,2.990000009536743,3.0299999713897705,2.8299999237060547,2.8299999237060547,11200,0.0,0.0
2018-01-17 00:00:00-05:00,2.9000000953674316,2.9000000953674316,2.7300000190734863,2.9000000953674316,7700,0.0,0.0
2018-01-18 00:00:00-05:00,2.809999942779541,2.809999942779541,2.75,2.7699999809265137,6700,0.0,0.0
2018-01-19 00:00:00-05:00,2.7799999713897705,3.1500000953674316,2.7799999713897705,2.930000066757202,18100,0.0,0.0
2018-01-22 00:00:00-05:00,3.0,3.0999999046325684,2.990000009536743,3.049999952316284,19700,0.0,0.0
2018-01-23 00:00:00-05:00,3.049999952316284,3.299999952316284,3.0,3.009999990463257,42100,0.0,0.0
2018-01-24 00:00:00-05:00,3.0199999809265137,3.0299999713897705,2.890000104904175,2.9000000953674316,6200,0.0,0.0
2018-01-25 00:00:00-05:00,2.9200000762939453,2.9200000762939453,2.7300000190734863,2.799999952316284,1200,0.0,0.0
2018-01-26 00:00:00-05:00,2.8299999237060547,2.9700000286102295,2.809999942779541,2.880000114440918,1700,0.0,0.0
2018-01-29 00:00:00-05:00,2.799999952316284,2.869999885559082,2.799999952316284,2.799999952316284,4600,0.0,0.0
2018-01-30 00:00:00-05:00,2.869999885559082,2.869999885559082,2.5999999046325684,2.7100000381469727,11500,0.0,0.0
2018-01-31 00:00:00-05:00,2.690000057220459,2.7200000286102295,2.630000114440918,2.7200000286102295,4200,0.0,0.0
2018-02-01 00:00:00-05:00,2.630000114440918,2.630000114440918,2.619999885559082,2.619999885559082,1500,0.0,0.0
2018-02-02 00:00:00-05:00,2.640000104904175,2.680000066757202,2.440000057220459,2.509999990463257,20000,0.0,0.0
2018-02-05 00:00:00-05:00,2.5899999141693115,2.6700000762939453,2.5,2.5,6100,0.0,0.0
2018-02-06 00:00:00-05:00,2.5299999713897705,2.5299999713897705,2.5,2.5199999809265137,1400,0.0,0.0
2018-02-07 00:00:00-05:00,2.869999885559082,3.0899999141693115,2.6600000858306885,2.869999885559082,15500,0.0,0.0
2018-02-08 00:00:00-05:00,2.6600000858306885,3.0,2.490000009536743,2.7699999809265137,9000,0.0,0.0
2018-02-09 00:00:00-05:00,2.6700000762939453,2.680000066757202,2.6700000762939453,2.680000066757202,1400,0.0,0.0
2018-02-12 00:00:00-05:00,2.6500000953674316,2.6500000953674316,2.640000104904175,2.6500000953674316,800,0.0,0.0
2018-02-13 00:00:00-05:00,2.509999990463257,2.509999990463257,2.509999990463257,2.509999990463257,300,0.0,0.0
2018-02-14 00:00:00-05:00,2.4100000858306885,2.9000000953674316,2.4100000858306885,2.7300000190734863,11600,0.0,0.0
2018-02-15 00:00:00-05:00,2.5999999046325684,2.75,2.5199999809265137,2.6600000858306885,4200,0.0,0.0
2018-02-16 00:00:00-05:00,2.9000000953674316,3.0299999713897705,2.740000009536743,2.75,4300,0.0,0.0
2018-02-20 00:00:00-05:00,2.569999933242798,2.809999942779541,2.549999952316284,2.809999942779541,1700,0.0,0.0
2018-02-21 00:00:00-05:00,2.809999942779541,2.809999942779541,2.809999942779541,2.809999942779541,0,0.0,0.0
2018-02-22 00:00:00-05:00,2.809999942779541,2.809999942779541,2.809999942779541,2.809999942779541,100,0.0,0.0
2018-02-23 00:00:00-05:00,2.680000066757202,2.690000057220459,2.680000066757202,2.690000057220459,700,0.0,0.0
2018-02-26 00:00:00-05:00,2.809999942779541,2.950000047683716,2.6600000858306885,2.8499999046325684,11300,0.0,0.0
2018-02-27 00:00:00-05:00,2.9200000762939453,2.9200000762939453,2.619999885559082,2.799999952316284,22200,0.0,0.0
2018-02-28 00:00:00-05:00,2.4000000953674316,2.609999895095825,2.4000000953674316,2.5999999046325684,10000,0.0,0.0
2018-03-01 00:00:00-05:00,2.740000009536743,2.8299999237060547,2.5,2.5,11600,0.0,0.0
2018-03-02 00:00:00-05:00,2.9000000953674316,3.0899999141693115,2.799999952316284,2.799999952316284,3000,0.0,0.0
2018-03-05 00:00:00-05:00,2.799999952316284,4.010000228881836,2.799999952316284,3.0999999046325684,56300,0.0,0.0
2018-03-06 00:00:00-05:00,2.9600000381469727,3.109999895095825,2.5999999046325684,2.9000000953674316,4700,0.0,0.0
2018-03-07 00:00:00-05:00,2.9000000953674316,2.9000000953674316,2.9000000953674316,2.9000000953674316,1300,0.0,0.0
2018-03-08 00:00:00-05:00,3.2100000381469727,3.2799999713897705,2.799999952316284,3.009999990463257,5700,0.0,0.0
2018-03-09 00:00:00-05:00,2.680000066757202,2.7200000286102295,2.680000066757202,2.7200000286102295,300,0.0,0.0
2018-03-12 00:00:00-04:00,2.930000066757202,3.430000066757202,2.930000066757202,3.319999933242798,25600,0.0,0.0
2018-03-13 00:00:00-04:00,3.109999895095825,3.3299999237060547,2.9600000381469727,3.0399999618530273,6100,0.0,0.0
2018-03-14 00:00:00-04:00,3.0,3.2200000286102295,3.0,3.1600000858306885,8300,0.0,0.0
2018-03-15 00:00:00-04:00,3.25,3.630000114440918,3.1600000858306885,3.3499999046325684,33600,0.0,0.0
2018-03-16 00:00:00-04:00,3.180000066757202,3.5799999237060547,3.180000066757202,3.2799999713897705,11200,0.0,0.0
2018-03-19 00:00:00-04:00,3.2899999618530273,3.390000104904175,3.180000066757202,3.180000066757202,4200,0.0,0.0
2018-03-20 00:00:00-04:00,3.0299999713897705,3.3299999237060547,3.0199999809265137,3.0799999237060547,7500,0.0,0.0
2018-03-21 00:00:00-04:00,3.2200000286102295,3.2200000286102295,3.009999990463257,3.119999885559082,1400,0.0,0.0
2018-03-22 00:00:00-04:00,3.119999885559082,3.309999942779541,2.990000009536743,3.0199999809265137,5300,0.0,0.0
2018-03-23 00:00:00-04:00,3.0,3.1500000953674316,2.9600000381469727,2.9600000381469727,6000,0.0,0.0
2018-03-26 00:00:00-04:00,3.0999999046325684,3.2699999809265137,2.9000000953674316,2.9000000953674316,3600,0.0,0.0
2018-03-27 00:00:00-04:00,3.200000047683716,3.200000047683716,2.9600000381469727,2.9800000190734863,4800,0.0,0.0
2018-03-28 00:00:00-04:00,3.0299999713897705,3.1500000953674316,2.880000114440918,2.9200000762939453,13300,0.0,0.0
2018-03-29 00:00:00-04:00,2.8299999237060547,2.9100000858306885,2.7699999809265137,2.819999933242798,4400,0.0,0.0
2018-04-02 00:00:00-04:00,2.7300000190734863,2.8499999046325684,2.7200000286102295,2.7200000286102295,4500,0.0,0.0
2018-04-03 00:00:00-04:00,2.990000009536743,3.0999999046325684,2.869999885559082,2.890000104904175,2600,0.0,0.0
2018-04-04 00:00:00-04:00,3.0,3.069999933242798,2.6700000762939453,2.6700000762939453,4400,0.0,0.0
2018-04-05 00:00:00-04:00,2.6500000953674316,2.7799999713897705,2.619999885559082,2.619999885559082,7500,0.0,0.0
2018-04-06 00:00:00-04:00,2.7899999618530273,2.7899999618530273,2.680000066757202,2.680000066757202,1100,0.0,0.0
2018-04-09 00:00:00-04:00,2.759999990463257,2.759999990463257,2.549999952316284,2.5899999141693115,6900,0.0,0.0
2018-04-10 00:00:00-04:00,2.5999999046325684,2.759999990463257,2.509999990463257,2.6500000953674316,6200,0.0,0.0
2018-04-11 00:00:00-04:00,2.700000047683716,2.7200000286102295,2.5999999046325684,2.619999885559082,5900,0.0,0.0
2018-04-12 00:00:00-04:00,2.690000057220459,2.7699999809265137,2.690000057220459,2.7699999809265137,1800,0.0,0.0
2018-04-13 00:00:00-04:00,2.880000114440918,2.880000114440918,2.609999895095825,2.819999933242798,10100,0.0,0.0
2018-04-16 00:00:00-04:00,2.950000047683716,3.180000066757202,2.759999990463257,2.9600000381469727,7000,0.0,0.0
2018-04-17 00:00:00-04:00,2.7200000286102295,2.740000009536743,2.700000047683716,2.7300000190734863,4100,0.0,0.0
2018-04-18 00:00:00-04:00,2.619999885559082,2.8499999046325684,2.5899999141693115,2.8499999046325684,10300,0.0,0.0
2018-04-19 00:00:00-04:00,2.869999885559082,3.0,2.819999933242798,2.940000057220459,12100,0.0,0.0
2018-04-20 00:00:00-04:00,2.940000057220459,2.940000057220459,2.940000057220459,2.940000057220459,0,0.0,0.0
2018-04-23 00:00:00-04:00,2.869999885559082,2.869999885559082,2.75,2.869999885559082,4000,0.0,0.0
2018-04-24 00:00:00-04:00,2.9000000953674316,2.930000066757202,2.8499999046325684,2.9200000762939453,6900,0.0,0.0
2018-04-25 00:00:00-04:00,2.9200000762939453,2.9200000762939453,2.9200000762939453,2.9200000762939453,0,0.0,0.0
2018-04-26 00:00:00-04:00,2.9200000762939453,2.9200000762939453,2.9200000762939453,2.9200000762939453,0,0.0,0.0
2018-04-27 00:00:00-04:00,2.9200000762939453,2.9200000762939453,2.9200000762939453,2.9200000762939453,0,0.0,0.0
2018-04-30 00:00:00-04:00,2.9800000190734863,3.0199999809265137,2.799999952316284,2.940000057220459,6500,0.0,0.0
2018-05-01 00:00:00-04:00,3.0,3.450000047683716,2.940000057220459,3.0899999141693115,53100,0.0,0.0
2018-05-02 00:00:00-04:00,3.359999895095825,3.4000000953674316,3.0399999618530273,3.190000057220459,2700,0.0,0.0
2018-05-03 00:00:00-04:00,3.0399999618530273,3.0399999618530273,2.9800000190734863,2.9800000190734863,1400,0.0,0.0
2018-05-04 00:00:00-04:00,3.0,3.0,3.0,3.0,300,0.0,0.0
2018-05-07 00:00:00-04:00,3.1500000953674316,3.1500000953674316,2.8299999237060547,3.0399999618530273,5200,0.0,0.0
2018-05-08 00:00:00-04:00,3.0999999046325684,3.0999999046325684,3.0999999046325684,3.0999999046325684,100,0.0,0.0
2018-05-09 00:00:00-04:00,3.0799999237060547,3.0799999237060547,3.0799999237060547,3.0799999237060547,400,0.0,0.0
2018-05-10 00:00:00-04:00,3.0799999237060547,3.0799999237060547,3.0799999237060547,3.0799999237060547,0,0.0,0.0
2018-05-11 00:00:00-04:00,2.950000047683716,2.950000047683716,2.950000047683716,2.950000047683716,700,0.0,0.0
2018-05-14 00:00:00-04:00,2.950000047683716,2.950000047683716,2.950000047683716,2.950000047683716,0,0.0,0.0
2018-05-15 00:00:00-04:00,3.059999942779541,3.059999942779541,3.059999942779541,3.059999942779541,100,0.0,0.0
2018-05-16 00:00:00-04:00,3.0199999809265137,3.8499999046325684,2.9000000953674316,3.700000047683716,18500,0.0,0.0
2018-05-17 00:00:00-04:00,4.050000190734863,11.9399995803833,4.050000190734863,11.0,6446400,0.0,0.0
2018-05-18 00:00:00-04:00,11.09000015258789,11.699999809265137,8.029999732971191,8.319999694824219,1471700,0.0,0.0
2018-05-21 00:00:00-04:00,7.150000095367432,7.840000152587891,6.309999942779541,6.78000020980835,265700,0.0,0.0
2018-05-22 00:00:00-04:00,6.5,7.630000114440918,5.559999942779541,5.900000095367432,544900,0.0,0.0
2018-05-23 00:00:00-04:00,6.489999771118164,7.199999809265137,5.710000038146973,6.849999904632568,395200,0.0,0.0
2018-05-24 00:00:00-04:00,7.340000152587891,7.340000152587891,6.21999979019165,6.449999809265137,130500,0.0,0.0
2018-05-25 00:00:00-04:00,6.5,6.96999979019165,6.110000133514404,6.659999847412109,178700,0.0,0.0
2018-05-29 00:00:00-04:00,6.610000133514404,6.889999866485596,6.289999961853027,6.289999961853027,31200,0.0,0.0
2018-05-30 00:00:00-04:00,6.199999809265137,6.320000171661377,5.699999809265137,6.039999961853027,58100,0.0,0.0
2018-05-31 00:00:00-04:00,6.210000038146973,6.210000038146973,5.820000171661377,5.820000171661377,23100,0.0,0.0
2018-06-01 00:00:00-04:00,5.78000020980835,5.800000190734863,5.0,5.400000095367432,62000,0.0,0.0
2018-06-04 00:00:00-04:00,5.420000076293945,5.420000076293945,5.150000095367432,5.210000038146973,16700,0.0,0.0
2018-06-05 00:00:00-04:00,5.369999885559082,5.880000114440918,5.210000038146973,5.210000038146973,48600,0.0,0.0
2018-06-06 00:00:00-04:00,5.460000038146973,5.730000019073486,5.28000020980835,5.519999980926514,17300,0.0,0.0
2018-06-07 00:00:00-04:00,5.480000019073486,5.5,5.179999828338623,5.25,12000,0.0,0.0
2018-06-08 00:00:00-04:00,5.210000038146973,5.489999771118164,5.150000095367432,5.150000095367432,9900,0.0,0.0
2018-06-11 00:00:00-04:00,5.150000095367432,5.579999923706055,4.829999923706055,5.0,10300,0.0,0.0
2018-06-12 00:00:00-04:00,4.960000038146973,5.239999771118164,4.960000038146973,5.099999904632568,8300,0.0,0.0
2018-06-13 00:00:00-04:00,5.139999866485596,5.78000020980835,5.090000152587891,5.699999809265137,91200,0.0,0.0
2018-06-14 00:00:00-04:00,6.119999885559082,6.119999885559082,5.269999980926514,5.5,54400,0.0,0.0
2018-06-15 00:00:00-04:00,5.21999979019165,5.550000190734863,5.079999923706055,5.550000190734863,13000,0.0,0.0
2018-06-18 00:00:00-04:00,5.650000095367432,5.650000095367432,5.190000057220459,5.46999979019165,17500,0.0,0.0
2018-06-19 00:00:00-04:00,5.559999942779541,5.849999904632568,5.360000133514404,5.599999904632568,19200,0.0,0.0
2018-06-20 00:00:00-04:00,5.380000114440918,5.619999885559082,5.309999942779541,5.619999885559082,11000,0.0,0.0
2018-06-21 00:00:00-04:00,5.769999980926514,5.769999980926514,5.440000057220459,5.480000019073486,4700,0.0,0.0
2018-06-22 00:00:00-04:00,5.590000152587891,5.590000152587891,5.300000190734863,5.320000171661377,9800,0.0,0.0
2018-06-25 00:00:00-04:00,5.269999980926514,5.349999904632568,4.889999866485596,4.980000019073486,15300,0.0,0.0
2018-06-26 00:00:00-04:00,4.840000152587891,5.329999923706055,4.630000114440918,4.75,33800,0.0,0.0
2018-06-27 00:00:00-04:00,4.510000228881836,4.710000038146973,4.510000228881836,4.559999942779541,15600,0.0,0.0
2018-06-28 00:00:00-04:00,4.559999942779541,4.78000020980835,4.5,4.590000152587891,3800,0.0,0.0
2018-06-29 00:00:00-04:00,4.510000228881836,4.730000019073486,4.510000228881836,4.630000114440918,3200,0.0,0.0
2018-07-02 00:00:00-04:00,4.920000076293945,4.920000076293945,4.519999980926514,4.739999771118164,2700,0.0,0.0
2018-07-03 00:00:00-04:00,4.599999904632568,4.739999771118164,4.599999904632568,4.739999771118164,2800,0.0,0.0
2018-07-05 00:00:00-04:00,4.559999942779541,4.880000114440918,4.559999942779541,4.800000190734863,6500,0.0,0.0
2018-07-06 00:00:00-04:00,4.869999885559082,4.869999885559082,4.510000228881836,4.510000228881836,14100,0.0,0.0
2018-07-09 00:00:00-04:00,4.650000095367432,4.920000076293945,4.550000190734863,4.550000190734863,8700,0.0,0.0
2018-07-10 00:00:00-04:00,4.650000095367432,4.690000057220459,4.619999885559082,4.619999885559082,1000,0.0,0.0
2018-07-11 00:00:00-04:00,4.739999771118164,4.739999771118164,4.409999847412109,4.409999847412109,3800,0.0,0.0
2018-07-12 00:00:00-04:00,4.460000038146973,4.460000038146973,4.119999885559082,4.260000228881836,11500,0.0,0.0
2018-07-13 00:00:00-04:00,4.260000228881836,4.260000228881836,3.8499999046325684,3.930000066757202,17200,0.0,0.0
2018-07-16 00:00:00-04:00,3.7699999809265137,3.990000009536743,3.740000009536743,3.9200000762939453,13300,0.0,0.0
2018-07-17 00:00:00-04:00,4.010000228881836,4.139999866485596,3.9000000953674316,4.0,6600,0.0,0.0
2018-07-18 00:00:00-04:00,4.369999885559082,4.429999828338623,4.050000190734863,4.110000133514404,6800,0.0,0.0
2018-07-19 00:00:00-04:00,4.130000114440918,4.309999942779541,4.079999923706055,4.21999979019165,13600,0.0,0.0
2018-07-20 00:00:00-04:00,4.239999771118164,4.239999771118164,4.239999771118164,4.239999771118164,700,0.0,0.0
2018-07-23 00:00:00-04:00,4.119999885559082,4.159999847412109,4.110000133514404,4.110000133514404,3000,0.0,0.0
2018-07-24 00:00:00-04:00,4.119999885559082,4.119999885559082,4.0,4.0,1600,0.0,0.0
2018-07-25 00:00:00-04:00,3.950000047683716,4.050000190734863,3.8399999141693115,3.8399999141693115,7400,0.0,0.0
2018-07-26 00:00:00-04:00,3.940000057220459,4.050000190734863,3.6500000953674316,3.8299999237060547,10500,0.0,0.0
2018-07-27 00:00:00-04:00,3.4000000953674316,3.7200000286102295,3.4000000953674316,3.7200000286102295,2000,0.0,0.0
2018-07-30 00:00:00-04:00,3.5199999809265137,3.8299999237060547,3.5199999809265137,3.5999999046325684,7600,0.0,0.0
2018-07-31 00:00:00-04:00,3.9000000953674316,4.190000057220459,3.799999952316284,3.799999952316284,27200,0.0,0.0
2018-08-01 00:00:00-04:00,3.859999895095825,3.940000057220459,3.859999895095825,3.869999885559082,2100,0.0,0.0
2018-08-02 00:00:00-04:00,3.869999885559082,4.0,3.869999885559082,3.9000000953674316,1700,0.0,0.0
2018-08-03 00:00:00-04:00,3.9800000190734863,4.239999771118164,3.740000009536743,3.740000009536743,21000,0.0,0.0
2018-08-06 00:00:00-04:00,4.079999923706055,4.079999923706055,3.859999895095825,3.859999895095825,1000,0.0,0.0
2018-08-07 00:00:00-04:00,3.690000057220459,4.170000076293945,3.690000057220459,4.079999923706055,1900,0.0,0.0
2018-08-08 00:00:00-04:00,4.0,4.0,3.930000066757202,3.930000066757202,1400,0.0,0.0
2018-08-09 00:00:00-04:00,4.050000190734863,7.5,4.050000190734863,7.239999771118164,2678300,0.0,0.0
2018-08-10 00:00:00-04:00,5.760000228881836,6.400000095367432,5.110000133514404,5.550000190734863,335000,0.0,0.0
2018-08-13 00:00:00-04:00,5.75,5.849999904632568,4.559999942779541,5.849999904632568,90400,0.0,0.0
2018-08-14 00:00:00-04:00,5.789999961853027,6.099999904632568,5.360000133514404,5.590000152587891,49100,0.0,0.0
2018-08-15 00:00:00-04:00,5.46999979019165,5.570000171661377,4.710000038146973,5.239999771118164,49700,0.0,0.0
2018-08-16 00:00:00-04:00,5.28000020980835,5.440000057220459,5.039999961853027,5.21999979019165,14100,0.0,0.0
2018-08-17 00:00:00-04:00,5.190000057220459,5.849999904632568,5.0,5.579999923706055,24600,0.0,0.0
2018-08-20 00:00:00-04:00,6.0,6.0,5.139999866485596,5.630000114440918,23600,0.0,0.0
2018-08-21 00:00:00-04:00,5.699999809265137,5.949999809265137,5.599999904632568,5.829999923706055,7800,0.0,0.0
2018-08-22 00:00:00-04:00,5.690000057220459,5.989999771118164,5.690000057220459,5.989999771118164,14100,0.0,0.0
2018-08-23 00:00:00-04:00,5.849999904632568,6.599999904632568,5.849999904632568,6.190000057220459,64400,0.0,0.0
2018-08-24 00:00:00-04:00,6.03000020980835,6.409999847412109,5.610000133514404,5.610000133514404,26500,0.0,0.0
2018-08-27 00:00:00-04:00,5.710000038146973,6.170000076293945,5.639999866485596,5.650000095367432,16900,0.0,0.0
2018-08-28 00:00:00-04:00,5.71999979019165,6.230000019073486,5.5,5.670000076293945,22500,0.0,0.0
2018-08-29 00:00:00-04:00,5.670000076293945,5.670000076293945,4.610000133514404,4.849999904632568,50100,0.0,0.0
2018-08-30 00:00:00-04:00,4.900000095367432,5.050000190734863,4.800000190734863,4.809999942779541,15600,0.0,0.0
2018-08-31 00:00:00-04:00,4.829999923706055,4.829999923706055,4.639999866485596,4.75,13800,0.0,0.0
2018-09-04 00:00:00-04:00,4.519999980926514,4.789999961853027,4.519999980926514,4.690000057220459,9800,0.0,0.0
2018-09-05 00:00:00-04:00,4.699999809265137,4.699999809265137,4.320000171661377,4.369999885559082,36000,0.0,0.0
2018-09-06 00:00:00-04:00,4.539999961853027,4.539999961853027,4.28000020980835,4.28000020980835,7400,0.0,0.0
2018-09-07 00:00:00-04:00,4.170000076293945,4.170000076293945,3.7899999618530273,4.010000228881836,31800,0.0,0.0
2018-09-10 00:00:00-04:00,4.070000171661377,4.489999771118164,3.8299999237060547,4.239999771118164,45500,0.0,0.0
2018-09-11 00:00:00-04:00,4.190000057220459,4.329999923706055,4.190000057220459,4.329999923706055,600,0.0,0.0
2018-09-12 00:00:00-04:00,4.25,4.25,4.25,4.25,500,0.0,0.0
2018-09-13 00:00:00-04:00,3.9100000858306885,4.389999866485596,3.9100000858306885,4.21999979019165,23300,0.0,0.0
2018-09-14 00:00:00-04:00,4.050000190734863,4.309999942779541,4.050000190734863,4.309999942779541,4300,0.0,0.0
2018-09-17 00:00:00-04:00,4.320000171661377,4.400000095367432,4.019999980926514,4.110000133514404,61000,0.0,0.0
2018-09-18 00:00:00-04:00,4.25,4.289999961853027,4.0,4.019999980926514,17400,0.0,0.0
2018-09-19 00:00:00-04:00,3.990000009536743,4.190000057220459,3.950000047683716,4.099999904632568,21300,0.0,0.0
2018-09-20 00:00:00-04:00,4.099999904632568,4.769999980926514,4.039999961853027,4.460000038146973,37200,0.0,0.0
2018-09-21 00:00:00-04:00,4.460000038146973,4.860000133514404,4.300000190734863,4.840000152587891,12800,0.0,0.0
2018-09-24 00:00:00-04:00,4.789999961853027,4.789999961853027,4.380000114440918,4.429999828338623,12000,0.0,0.0
2018-09-25 00:00:00-04:00,4.400000095367432,4.670000076293945,4.400000095367432,4.550000190734863,8400,0.0,0.0
2018-09-26 00:00:00-04:00,4.53000020980835,4.53000020980835,4.300000190734863,4.300000190734863,4700,0.0,0.0
2018-09-27 00:00:00-04:00,4.300000190734863,4.5,4.300000190734863,4.429999828338623,1400,0.0,0.0
2018-09-28 00:00:00-04:00,4.309999942779541,4.420000076293945,4.309999942779541,4.309999942779541,5800,0.0,0.0
2018-10-01 00:00:00-04:00,4.25,4.300000190734863,4.25,4.300000190734863,9100,0.0,0.0
2018-10-02 00:00:00-04:00,4.28000020980835,4.400000095367432,4.28000020980835,4.400000095367432,2900,0.0,0.0
2018-10-03 00:00:00-04:00,4.400000095367432,4.400000095367432,4.400000095367432,4.400000095367432,0,0.0,0.0
2018-10-04 00:00:00-04:00,4.840000152587891,4.840000152587891,4.269999980926514,4.369999885559082,13200,0.0,0.0
2018-10-05 00:00:00-04:00,4.400000095367432,4.659999847412109,4.400000095367432,4.559999942779541,8600,0.0,0.0
2018-10-08 00:00:00-04:00,4.480000019073486,4.519999980926514,4.199999809265137,4.380000114440918,11700,0.0,0.0
2018-10-09 00:00:00-04:00,4.360000133514404,4.400000095367432,4.170000076293945,4.289999961853027,4700,0.0,0.0
2018-10-10 00:00:00-04:00,4.099999904632568,4.329999923706055,4.050000190734863,4.070000171661377,11500,0.0,0.0
2018-10-11 00:00:00-04:00,4.099999904632568,4.25,4.059999942779541,4.179999828338623,9600,0.0,0.0
2018-10-12 00:00:00-04:00,4.070000171661377,4.329999923706055,4.070000171661377,4.329999923706055,3600,0.0,0.0
2018-10-15 00:00:00-04:00,4.329999923706055,4.329999923706055,4.329999923706055,4.329999923706055,0,0.0,0.0
2018-10-16 00:00:00-04:00,4.329999923706055,4.329999923706055,4.329999923706055,4.329999923706055,0,0.0,0.0
2018-10-17 00:00:00-04:00,4.400000095367432,4.400000095367432,4.170000076293945,4.400000095367432,3200,0.0,0.0
2018-10-18 00:00:00-04:00,4.400000095367432,4.400000095367432,4.400000095367432,4.400000095367432,0,0.0,0.0
2018-10-19 00:00:00-04:00,4.110000133514404,4.550000190734863,4.110000133514404,4.349999904632568,14200,0.0,0.0
2018-10-22 00:00:00-04:00,4.46999979019165,4.46999979019165,4.050000190734863,4.199999809265137,3800,0.0,0.0
2018-10-23 00:00:00-04:00,4.440000057220459,4.619999885559082,4.050000190734863,4.059999942779541,2300,0.0,0.0
2018-10-24 00:00:00-04:00,4.110000133514404,4.400000095367432,4.099999904632568,4.150000095367432,5700,0.0,0.0
2018-10-25 00:00:00-04:00,4.159999847412109,4.199999809265137,4.110000133514404,4.150000095367432,5000,0.0,0.0
2018-10-26 00:00:00-04:00,4.199999809265137,4.199999809265137,4.070000171661377,4.070000171661377,300,0.0,0.0
2018-10-29 00:00:00-04:00,4.119999885559082,4.25,4.110000133514404,4.150000095367432,8100,0.0,0.0
2018-10-30 00:00:00-04:00,4.289999961853027,4.289999961853027,4.050000190734863,4.079999923706055,3800,0.0,0.0
2018-10-31 00:00:00-04:00,4.269999980926514,6.670000076293945,4.150000095367432,4.449999809265137,522100,0.0,0.0
2018-11-01 00:00:00-04:00,4.190000057220459,4.650000095367432,4.110000133514404,4.360000133514404,33900,0.0,0.0
2018-11-02 00:00:00-04:00,4.260000228881836,5.090000152587891,4.159999847412109,5.090000152587891,19600,0.0,0.0
2018-11-05 00:00:00-05:00,4.989999771118164,4.989999771118164,4.420000076293945,4.420000076293945,10400,0.0,0.0
2018-11-06 00:00:00-05:00,4.389999866485596,4.590000152587891,4.25,4.46999979019165,16600,0.0,0.0
2018-11-07 00:00:00-05:00,4.71999979019165,4.71999979019165,4.289999961853027,4.369999885559082,18800,0.0,0.0
2018-11-08 00:00:00-05:00,4.539999961853027,4.539999961853027,4.309999942779541,4.309999942779541,2500,0.0,0.0
2018-11-09 00:00:00-05:00,4.300000190734863,4.309999942779541,4.110000133514404,4.239999771118164,4700,0.0,0.0
2018-11-12 00:00:00-05:00,4.130000114440918,4.130000114440918,4.130000114440918,4.130000114440918,500,0.0,0.0
2018-11-13 00:00:00-05:00,4.25,4.309999942779541,4.130000114440918,4.139999866485596,4200,0.0,0.0
2018-11-14 00:00:00-05:00,4.269999980926514,4.269999980926514,4.090000152587891,4.110000133514404,2800,0.0,0.0
2018-11-15 00:00:00-05:00,4.110000133514404,4.309999942779541,4.110000133514404,4.309999942779541,500,0.0,0.0
2018-11-16 00:00:00-05:00,4.309999942779541,4.309999942779541,4.309999942779541,4.309999942779541,100,0.0,0.0
2018-11-19 00:00:00-05:00,4.349999904632568,4.429999828338623,4.159999847412109,4.25,3700,0.0,0.0
2018-11-20 00:00:00-05:00,4.199999809265137,4.550000190734863,4.199999809265137,4.550000190734863,3200,0.0,0.0
2018-11-21 00:00:00-05:00,4.550000190734863,4.550000190734863,4.550000190734863,4.550000190734863,200,0.0,0.0
2018-11-23 00:00:00-05:00,4.550000190734863,4.550000190734863,4.550000190734863,4.550000190734863,200,0.0,0.0
2018-11-26 00:00:00-05:00,4.550000190734863,4.550000190734863,4.309999942779541,4.309999942779541,2400,0.0,0.0
2018-11-27 00:00:00-05:00,4.150000095367432,4.420000076293945,4.150000095367432,4.420000076293945,4800,0.0,0.0
2018-11-28 00:00:00-05:00,4.420000076293945,4.420000076293945,4.420000076293945,4.420000076293945,300,0.0,0.0
2018-11-29 00:00:00-05:00,4.420000076293945,4.420000076293945,4.420000076293945,4.420000076293945,100,0.0,0.0
2018-11-30 00:00:00-05:00,4.679999828338623,4.679999828338623,4.159999847412109,4.179999828338623,11000,0.0,0.0
2018-12-03 00:00:00-05:00,4.159999847412109,4.329999923706055,4.159999847412109,4.28000020980835,1500,0.0,0.0
2018-12-04 00:00:00-05:00,4.21999979019165,4.289999961853027,4.139999866485596,4.21999979019165,2500,0.0,0.0
2018-12-06 00:00:00-05:00,4.139999866485596,4.510000228881836,4.050000190734863,4.25,17800,0.0,0.0
2018-12-07 00:00:00-05:00,4.070000171661377,4.369999885559082,3.930000066757202,3.930000066757202,4900,0.0,0.0
2018-12-10 00:00:00-05:00,4.170000076293945,4.170000076293945,3.5199999809265137,3.5199999809265137,1400,0.0,0.0
2018-12-11 00:00:00-05:00,3.5999999046325684,3.5999999046325684,3.5999999046325684,3.5999999046325684,100,0.0,0.0
2018-12-12 00:00:00-05:00,3.4100000858306885,3.609999895095825,3.390000104904175,3.5,10100,0.0,0.0
2018-12-13 00:00:00-05:00,3.5,3.5,3.5,3.5,100,0.0,0.0
2018-12-14 00:00:00-05:00,3.549999952316284,3.549999952316284,3.5,3.5199999809265137,2500,0.0,0.0
2018-12-17 00:00:00-05:00,3.5199999809265137,3.559999942779541,3.5199999809265137,3.5199999809265137,2600,0.0,0.0
2018-12-18 00:00:00-05:00,3.559999942779541,4.050000190734863,3.559999942779541,3.75,8400,0.0,0.0
2018-12-19 00:00:00-05:00,3.819999933242798,4.090000152587891,3.5999999046325684,3.740000009536743,4000,0.0,0.0
2018-12-20 00:00:00-05:00,3.5999999046325684,3.809999942779541,3.3399999141693115,3.5199999809265137,1300,0.0,0.0
2018-12-21 00:00:00-05:00,3.1600000858306885,3.1600000858306885,2.890000104904175,2.950000047683716,3500,0.0,0.0
2018-12-24 00:00:00-05:00,3.200000047683716,3.200000047683716,2.740000009536743,2.7799999713897705,3800,0.0,0.0
2018-12-26 00:00:00-05:00,2.7899999618530273,3.0199999809265137,2.619999885559082,3.0199999809265137,3400,0.0,0.0
2018-12-27 00:00:00-05:00,2.990000009536743,3.1500000953674316,2.7100000381469727,2.7100000381469727,12900,0.0,0.0
2018-12-28 00:00:00-05:00,2.890000104904175,3.440000057220459,2.819999933242798,3.440000057220459,6000,0.0,0.0
2018-12-31 00:00:00-05:00,2.8499999046325684,3.630000114440918,2.8499999046325684,2.9800000190734863,12400,0.0,0.0
2019-01-02 00:00:00-05:00,3.319999933242798,3.319999933242798,2.930000066757202,2.930000066757202,600,0.0,0.0
2019-01-03 00:00:00-05:00,3.119999885559082,3.119999885559082,3.119999885559082,3.119999885559082,500,0.0,0.0
2019-01-04 00:00:00-05:00,3.740000009536743,3.740000009536743,3.740000009536743,3.740000009536743,2900,0.0,0.0
2019-01-07 00:00:00-05:00,3.25,3.299999952316284,3.25,3.299999952316284,1500,0.0,0.0
2019-01-08 00:00:00-05:00,3.3299999237060547,3.3499999046325684,3.299999952316284,3.309999942779541,1400,0.0,0.0
2019-01-09 00:00:00-05:00,3.3499999046325684,3.3499999046325684,3.3499999046325684,3.3499999046325684,300,0.0,0.0
2019-01-10 00:00:00-05:00,3.380000114440918,3.380000114440918,3.200000047683716,3.200000047683716,5700,0.0,0.0
2019-01-11 00:00:00-05:00,3.450000047683716,3.630000114440918,3.450000047683716,3.4600000381469727,4900,0.0,0.0
2019-01-14 00:00:00-05:00,3.4600000381469727,3.4600000381469727,3.4600000381469727,3.4600000381469727,300,0.0,0.0
2019-01-15 00:00:00-05:00,3.4600000381469727,3.4600000381469727,3.4600000381469727,3.4600000381469727,100,0.0,0.0
2019-01-16 00:00:00-05:00,3.5,3.5,3.5,3.5,400,0.0,0.0
2019-01-17 00:00:00-05:00,3.4000000953674316,3.4000000953674316,3.4000000953674316,3.4000000953674316,400,0.0,0.0
2019-01-18 00:00:00-05:00,3.5,3.509999990463257,3.5,3.5,700,0.0,0.0
2019-01-22 00:00:00-05:00,3.5199999809265137,4.0,3.5199999809265137,3.9100000858306885,1700,0.0,0.0
2019-01-23 00:00:00-05:00,3.9100000858306885,3.9100000858306885,3.9100000858306885,3.9100000858306885,100,0.0,0.0
2019-01-24 00:00:00-05:00,3.4100000858306885,3.740000009536743,3.4100000858306885,3.740000009536743,400,0.0,0.0
2019-01-25 00:00:00-05:00,3.740000009536743,3.740000009536743,3.740000009536743,3.740000009536743,200,0.0,0.0
2019-01-28 00:00:00-05:00,3.4000000953674316,3.700000047683716,3.4000000953674316,3.700000047683716,2400,0.0,0.0
2019-01-29 00:00:00-05:00,3.799999952316284,3.859999895095825,3.799999952316284,3.859999895095825,4100,0.0,0.0
2019-01-30 00:00:00-05:00,3.8499999046325684,4.230000019073486,3.8499999046325684,3.9000000953674316,6100,0.0,0.0
2019-01-31 00:00:00-05:00,3.9000000953674316,3.9000000953674316,3.9000000953674316,3.9000000953674316,100,0.0,0.0
2019-02-01 00:00:00-05:00,3.7699999809265137,3.880000114440918,3.7699999809265137,3.880000114440918,1000,0.0,0.0
2019-02-04 00:00:00-05:00,3.940000057220459,3.940000057220459,3.940000057220459,3.940000057220459,200,0.0,0.0
2019-02-05 00:00:00-05:00,3.9000000953674316,3.9800000190734863,3.799999952316284,3.799999952316284,1900,0.0,0.0
2019-02-06 00:00:00-05:00,3.799999952316284,3.799999952316284,3.799999952316284,3.799999952316284,100,0.0,0.0
2019-02-07 00:00:00-05:00,3.549999952316284,3.7799999713897705,3.359999895095825,3.4000000953674316,5400,0.0,0.0
2019-02-08 00:00:00-05:00,3.4000000953674316,3.4000000953674316,3.4000000953674316,3.4000000953674316,300,0.0,0.0
2019-02-11 00:00:00-05:00,3.549999952316284,3.549999952316284,3.4200000762939453,3.4200000762939453,400,0.0,0.0
2019-02-12 00:00:00-05:00,3.4100000858306885,4.03000020980835,3.319999933242798,3.819999933242798,23700,0.0,0.0
2019-02-13 00:00:00-05:00,3.9200000762939453,4.050000190734863,3.7899999618530273,4.0,7500,0.0,0.0
2019-02-14 00:00:00-05:00,4.050000190734863,4.519999980926514,4.050000190734863,4.25,50300,0.0,0.0
2019-02-15 00:00:00-05:00,4.570000171661377,4.570000171661377,3.6500000953674316,3.7100000381469727,59100,0.0,0.0
2019-02-19 00:00:00-05:00,3.740000009536743,3.950000047683716,3.740000009536743,3.950000047683716,1200,0.0,0.0
2019-02-20 00:00:00-05:00,3.7200000286102295,3.7699999809265137,3.440000057220459,3.4600000381469727,2500,0.0,0.0
2019-02-21 00:00:00-05:00,4.059999942779541,4.059999942779541,3.490000009536743,3.559999942779541,10000,0.0,0.0
2019-02-22 00:00:00-05:00,3.7200000286102295,3.7200000286102295,3.4700000286102295,3.5,2000,0.0,0.0
2019-02-25 00:00:00-05:00,3.4600000381469727,3.4800000190734863,3.430000066757202,3.450000047683716,4400,0.0,0.0
2019-02-26 00:00:00-05:00,3.549999952316284,3.549999952316284,3.299999952316284,3.299999952316284,3600,0.0,0.0
2019-02-27 00:00:00-05:00,3.690000057220459,3.690000057220459,3.3399999141693115,3.490000009536743,6100,0.0,0.0
2019-02-28 00:00:00-05:00,3.5299999713897705,3.5299999713897705,3.4200000762939453,3.5299999713897705,1500,0.0,0.0
2019-03-01 00:00:00-05:00,3.430000066757202,3.5199999809265137,3.430000066757202,3.440000057220459,3300,0.0,0.0
2019-03-04 00:00:00-05:00,3.5399999618530273,3.5399999618530273,3.4600000381469727,3.4600000381469727,1600,0.0,0.0
2019-03-05 00:00:00-05:00,3.4200000762939453,3.4200000762939453,3.4000000953674316,3.4000000953674316,1000,0.0,0.0
2019-03-06 00:00:00-05:00,3.390000104904175,3.4000000953674316,3.359999895095825,3.359999895095825,1800,0.0,0.0
2019-03-07 00:00:00-05:00,3.380000114440918,3.380000114440918,3.380000114440918,3.380000114440918,200,0.0,0.0
2019-03-08 00:00:00-05:00,3.299999952316284,3.4100000858306885,3.25,3.2799999713897705,4100,0.0,0.0
2019-03-11 00:00:00-04:00,3.3499999046325684,3.440000057220459,3.25,3.3399999141693115,4300,0.0,0.0
2019-03-12 00:00:00-04:00,3.3399999141693115,3.3399999141693115,3.3399999141693115,3.3399999141693115,200,0.0,0.0
2019-03-13 00:00:00-04:00,3.3399999141693115,3.3399999141693115,3.3399999141693115,3.3399999141693115,100,0.0,0.0
2019-03-14 00:00:00-04:00,3.2699999809265137,3.2699999809265137,3.2699999809265137,3.2699999809265137,900,0.0,0.0
2019-03-15 00:00:00-04:00,3.2699999809265137,3.2699999809265137,3.2699999809265137,3.2699999809265137,100,0.0,0.0
2019-03-18 00:00:00-04:00,3.4000000953674316,3.4000000953674316,3.4000000953674316,3.4000000953674316,600,0.0,0.0
2019-03-19 00:00:00-04:00,3.369999885559082,3.369999885559082,3.369999885559082,3.369999885559082,400,0.0,0.0
2019-03-20 00:00:00-04:00,3.2699999809265137,3.7100000381469727,3.2699999809265137,3.4100000858306885,2300,0.0,0.0
2019-03-21 00:00:00-04:00,3.2899999618530273,3.619999885559082,3.2899999618530273,3.619999885559082,400,0.0,0.0
2019-03-22 00:00:00-04:00,3.4000000953674316,3.4000000953674316,3.4000000953674316,3.4000000953674316,200,0.0,0.0
2019-03-25 00:00:00-04:00,3.4100000858306885,3.4100000858306885,3.299999952316284,3.299999952316284,4600,0.0,0.0
2019-03-26 00:00:00-04:00,3.299999952316284,3.299999952316284,3.299999952316284,3.299999952316284,200,0.0,0.0
2019-03-27 00:00:00-04:00,3.5799999237060547,6.050000190734863,3.4800000190734863,4.579999923706055,408200,0.0,0.0
2019-03-28 00:00:00-04:00,4.599999904632568,5.179999828338623,3.4800000190734863,4.170000076293945,121900,0.0,0.0
2019-03-29 00:00:00-04:00,3.930000066757202,4.050000190734863,3.549999952316284,3.7300000190734863,29000,0.0,0.0
2019-04-01 00:00:00-04:00,3.809999942779541,3.9000000953674316,3.5799999237060547,3.619999885559082,9500,0.0,0.0
2019-04-02 00:00:00-04:00,3.809999942779541,3.809999942779541,3.549999952316284,3.680000066757202,11300,0.0,0.0
2019-04-03 00:00:00-04:00,3.6600000858306885,3.740000009536743,3.549999952316284,3.569999933242798,8200,0.0,0.0
2019-04-04 00:00:00-04:00,3.619999885559082,3.990000009536743,3.549999952316284,3.700000047683716,31900,0.0,0.0
2019-04-05 00:00:00-04:00,3.7100000381469727,3.8299999237060547,3.490000009536743,3.549999952316284,10800,0.0,0.0
2019-04-08 00:00:00-04:00,3.569999933242798,3.7200000286102295,3.430000066757202,3.5199999809265137,3500,0.0,0.0
2019-04-09 00:00:00-04:00,3.619999885559082,3.619999885559082,3.4000000953674316,3.4200000762939453,6500,0.0,0.0
2019-04-10 00:00:00-04:00,3.5199999809265137,3.630000114440918,3.4200000762939453,3.4600000381469727,3700,0.0,0.0
2019-04-11 00:00:00-04:00,3.450000047683716,3.450000047683716,3.4200000762939453,3.440000057220459,1700,0.0,0.0
2019-04-12 00:00:00-04:00,3.430000066757202,3.700000047683716,3.430000066757202,3.630000114440918,6000,0.0,0.0
2019-04-15 00:00:00-04:00,3.640000104904175,3.640000104904175,3.450000047683716,3.450000047683716,2000,0.0,0.0
2019-04-16 00:00:00-04:00,3.4100000858306885,3.799999952316284,3.309999942779541,3.309999942779541,24100,0.0,0.0
2019-04-17 00:00:00-04:00,3.440000057220459,3.609999895095825,3.2699999809265137,3.319999933242798,4900,0.0,0.0
2019-04-18 00:00:00-04:00,3.390000104904175,3.4000000953674316,3.390000104904175,3.390000104904175,1100,0.0,0.0
2019-04-22 00:00:00-04:00,3.450000047683716,3.569999933242798,3.4000000953674316,3.4000000953674316,3700,0.0,0.0
2019-04-23 00:00:00-04:00,3.450000047683716,3.450000047683716,3.369999885559082,3.369999885559082,1000,0.0,0.0
2019-04-24 00:00:00-04:00,3.4000000953674316,3.569999933242798,3.380000114440918,3.380000114440918,1700,0.0,0.0
2019-04-25 00:00:00-04:00,3.380000114440918,3.380000114440918,3.380000114440918,3.380000114440918,100,0.0,0.0
2019-04-26 00:00:00-04:00,3.3499999046325684,3.4200000762939453,3.3499999046325684,3.4200000762939453,900,0.0,0.0
2019-04-29 00:00:00-04:00,3.3499999046325684,3.440000057220459,3.3499999046325684,3.4200000762939453,2500,0.0,0.0
2019-04-30 00:00:00-04:00,3.4200000762939453,3.4200000762939453,3.4200000762939453,3.4200000762939453,100,0.0,0.0
2019-05-01 00:00:00-04:00,3.4200000762939453,3.440000057220459,3.4200000762939453,3.4200000762939453,900,0.0,0.0
2019-05-02 00:00:00-04:00,3.3499999046325684,3.3499999046325684,3.3499999046325684,3.3499999046325684,400,0.0,0.0
2019-05-03 00:00:00-04:00,3.509999990463257,3.619999885559082,3.359999895095825,3.359999895095825,1000,0.0,0.0
2019-05-06 00:00:00-04:00,3.5999999046325684,3.5999999046325684,3.5999999046325684,3.5999999046325684,700,0.0,0.0
2019-05-07 00:00:00-04:00,3.5999999046325684,3.5999999046325684,3.5999999046325684,3.5999999046325684,100,0.0,0.0
2019-05-08 00:00:00-04:00,3.5299999713897705,3.5299999713897705,3.440000057220459,3.440000057220459,300,0.0,0.0
2019-05-09 00:00:00-04:00,3.3499999046325684,3.4000000953674316,3.3499999046325684,3.4000000953674316,700,0.0,0.0
2019-05-10 00:00:00-04:00,3.4000000953674316,3.5,3.4000000953674316,3.5,1000,0.0,0.0
2019-05-13 00:00:00-04:00,3.25,3.25,2.9000000953674316,3.1700000762939453,10000,0.0,0.0
2019-05-14 00:00:00-04:00,3.180000066757202,3.180000066757202,3.180000066757202,3.180000066757202,2100,0.0,0.0
2019-05-15 00:00:00-04:00,3.180000066757202,3.180000066757202,3.180000066757202,3.180000066757202,100,0.0,0.0
2019-05-16 00:00:00-04:00,3.1500000953674316,3.1700000762939453,3.0999999046325684,3.1700000762939453,700,0.0,0.0
2019-05-17 00:00:00-04:00,3.180000066757202,3.2799999713897705,3.0999999046325684,3.0999999046325684,1200,0.0,0.0
2019-05-20 00:00:00-04:00,3.0399999618530273,3.180000066757202,3.0399999618530273,3.0999999046325684,900,0.0,0.0
2019-05-21 00:00:00-04:00,2.9100000858306885,3.190000057220459,2.9100000858306885,3.140000104904175,17600,0.0,0.0
2019-05-22 00:00:00-04:00,3.009999990463257,3.180000066757202,3.009999990463257,3.0899999141693115,1300,0.0,0.0
2019-05-23 00:00:00-04:00,3.0899999141693115,3.0899999141693115,3.0899999141693115,3.0899999141693115,100,0.0,0.0
2019-05-24 00:00:00-04:00,2.9000000953674316,3.190000057220459,2.9000000953674316,3.119999885559082,700,0.0,0.0
2019-05-28 00:00:00-04:00,2.9000000953674316,3.069999933242798,2.9000000953674316,3.009999990463257,2000,0.0,0.0
2019-05-29 00:00:00-04:00,3.0799999237060547,3.109999895095825,2.9700000286102295,2.9700000286102295,1600,0.0,0.0
2019-05-30 00:00:00-04:00,3.140000104904175,3.369999885559082,2.9100000858306885,2.9100000858306885,54200,0.0,0.0
2019-05-31 00:00:00-04:00,2.9200000762939453,3.0,2.9200000762939453,2.9800000190734863,5900,0.0,0.0
2019-06-03 00:00:00-04:00,2.9200000762939453,2.9200000762939453,2.9000000953674316,2.9200000762939453,1500,0.0,0.0
2019-06-04 00:00:00-04:00,2.990000009536743,3.0,2.940000057220459,2.940000057220459,4000,0.0,0.0
2019-06-05 00:00:00-04:00,2.950000047683716,3.0,2.950000047683716,2.9600000381469727,7800,0.0,0.0
2019-06-06 00:00:00-04:00,3.0,3.4200000762939453,2.9700000286102295,3.200000047683716,82100,0.0,0.0
2019-06-07 00:00:00-04:00,2.9800000190734863,3.0799999237060547,2.75,2.9100000858306885,18300,0.0,0.0
2019-06-10 00:00:00-04:00,2.799999952316284,3.130000114440918,2.7699999809265137,2.9600000381469727,9400,0.0,0.0
2019-06-11 00:00:00-04:00,2.8499999046325684,3.009999990463257,2.8499999046325684,3.009999990463257,1900,0.0,0.0
2019-06-12 00:00:00-04:00,3.009999990463257,3.009999990463257,3.009999990463257,3.009999990463257,100,0.0,0.0
2019-06-13 00:00:00-04:00,3.109999895095825,3.109999895095825,3.109999895095825,3.109999895095825,200,0.0,0.0
2019-06-14 00:00:00-04:00,2.8499999046325684,3.049999952316284,2.8499999046325684,3.0299999713897705,3600,0.0,0.0
2019-06-17 00:00:00-04:00,2.880000114440918,3.049999952316284,2.880000114440918,2.950000047683716,4200,0.0,0.0
2019-06-18 00:00:00-04:00,2.9100000858306885,3.0999999046325684,2.9100000858306885,3.0999999046325684,3400,0.0,0.0
2019-06-19 00:00:00-04:00,3.0199999809265137,3.1600000858306885,2.9600000381469727,2.9600000381469727,2100,0.0,0.0
2019-06-20 00:00:00-04:00,3.4800000190734863,3.4800000190734863,3.0799999237060547,3.130000114440918,7200,0.0,0.0
2019-06-21 00:00:00-04:00,3.450000047683716,3.4800000190734863,3.059999942779541,3.059999942779541,48800,0.0,0.0
2019-06-24 00:00:00-04:00,3.2200000286102295,3.2200000286102295,3.2200000286102295,3.2200000286102295,800,0.0,0.0
2019-06-25 00:00:00-04:00,3.180000066757202,3.259999990463257,3.0,3.059999942779541,40100,0.0,0.0
2019-06-26 00:00:00-04:00,2.950000047683716,3.119999885559082,2.950000047683716,3.119999885559082,300,0.0,0.0
2019-06-27 00:00:00-04:00,3.0399999618530273,3.109999895095825,3.0399999618530273,3.0399999618530273,7700,0.0,0.0
2019-06-28 00:00:00-04:00,3.0899999141693115,3.0899999141693115,3.0,3.0,2000,0.0,0.0
2019-07-01 00:00:00-04:00,2.990000009536743,3.25,2.990000009536743,3.009999990463257,7400,0.0,0.0
2019-07-02 00:00:00-04:00,3.009999990463257,3.2799999713897705,2.950000047683716,3.069999933242798,3000,0.0,0.0
2019-07-03 00:00:00-04:00,3.0399999618530273,3.140000104904175,3.0,3.0899999141693115,3300,0.0,0.0
2019-07-05 00:00:00-04:00,3.0199999809265137,3.059999942779541,3.0199999809265137,3.059999942779541,1200,0.0,0.0
2019-07-08 00:00:00-04:00,3.140000104904175,3.140000104904175,3.140000104904175,3.140000104904175,500,0.0,0.0
2019-07-09 00:00:00-04:00,3.130000114440918,3.2899999618530273,3.0,3.180000066757202,5200,0.0,0.0
2019-07-10 00:00:00-04:00,3.049999952316284,3.200000047683716,3.049999952316284,3.200000047683716,1000,0.0,0.0
2019-07-11 00:00:00-04:00,3.0,3.259999990463257,3.0,3.200000047683716,2200,0.0,0.0
2019-07-12 00:00:00-04:00,3.25,3.25,3.25,3.25,200,0.0,0.0
2019-07-15 00:00:00-04:00,2.9700000286102295,2.9700000286102295,2.9700000286102295,2.9700000286102295,600,0.0,0.0
2019-07-16 00:00:00-04:00,3.2699999809265137,3.549999952316284,3.0899999141693115,3.259999990463257,14900,0.0,0.0
2019-07-17 00:00:00-04:00,3.5,3.5,3.2799999713897705,3.299999952316284,1000,0.0,0.0
2019-07-18 00:00:00-04:00,3.299999952316284,3.299999952316284,3.299999952316284,3.299999952316284,400,0.0,0.0
2019-07-19 00:00:00-04:00,3.299999952316284,3.299999952316284,3.299999952316284,3.299999952316284,100,0.0,0.0
2019-07-22 00:00:00-04:00,3.380000114440918,3.380000114440918,3.069999933242798,3.240000009536743,900,0.0,0.0
2019-07-23 00:00:00-04:00,3.240000009536743,3.240000009536743,3.240000009536743,3.240000009536743,100,0.0,0.0
2019-07-24 00:00:00-04:00,3.390000104904175,3.390000104904175,3.390000104904175,3.390000104904175,500,0.0,0.0
2019-07-25 00:00:00-04:00,3.390000104904175,3.390000104904175,3.390000104904175,3.390000104904175,100,0.0,0.0
2019-07-26 00:00:00-04:00,3.390000104904175,3.390000104904175,3.390000104904175,3.390000104904175,100,0.0,0.0
2019-07-29 00:00:00-04:00,3.2899999618530273,3.2899999618530273,3.2899999618530273,3.2899999618530273,300,0.0,0.0
2019-07-30 00:00:00-04:00,3.2899999618530273,3.299999952316284,3.0399999618530273,3.299999952316284,200,0.0,0.0
2019-07-31 00:00:00-04:00,3.059999942779541,3.069999933242798,3.0399999618530273,3.049999952316284,1000,0.0,0.0
2019-08-01 00:00:00-04:00,3.119999885559082,3.190000057220459,3.0299999713897705,3.0299999713897705,2600,0.0,0.0
2019-08-02 00:00:00-04:00,3.2200000286102295,3.25,3.0299999713897705,3.130000114440918,3500,0.0,0.0
2019-08-05 00:00:00-04:00,3.190000057220459,3.200000047683716,3.009999990463257,3.009999990463257,3700,0.0,0.0
2019-08-06 00:00:00-04:00,3.009999990463257,3.009999990463257,3.009999990463257,3.009999990463257,0,0.0,0.0
2019-08-07 00:00:00-04:00,3.1700000762939453,3.1700000762939453,2.950000047683716,3.0999999046325684,1400,0.0,0.0
2019-08-08 00:00:00-04:00,2.9600000381469727,3.0799999237060547,2.950000047683716,2.990000009536743,4100,0.0,0.0
2019-08-09 00:00:00-04:00,2.950000047683716,3.0799999237060547,2.950000047683716,3.0199999809265137,2100,0.0,0.0
2019-08-12 00:00:00-04:00,3.009999990463257,3.0799999237060547,3.0,3.0799999237060547,400,0.0,0.0
2019-08-13 00:00:00-04:00,3.059999942779541,3.059999942779541,3.0,3.059999942779541,2700,0.0,0.0
2019-08-14 00:00:00-04:00,3.0,3.059999942779541,3.0,3.0,5500,0.0,0.0
2019-08-15 00:00:00-04:00,2.990000009536743,3.119999885559082,2.990000009536743,3.119999885559082,3200,0.0,0.0
2019-08-16 00:00:00-04:00,3.0,3.0899999141693115,3.0,3.0899999141693115,700,0.0,0.0
2019-08-19 00:00:00-04:00,3.0,3.119999885559082,3.0,3.0,7100,0.0,0.0
2019-08-20 00:00:00-04:00,2.6600000858306885,3.1500000953674316,2.6600000858306885,3.1500000953674316,700,0.0,0.0
2019-08-21 00:00:00-04:00,3.0,3.140000104904175,3.0,3.140000104904175,900,0.0,0.0
2019-08-22 00:00:00-04:00,3.0,3.130000114440918,3.0,3.130000114440918,400,0.0,0.0
2019-08-23 00:00:00-04:00,3.069999933242798,3.119999885559082,3.0,3.0799999237060547,1600,0.0,0.0
2019-08-26 00:00:00-04:00,3.009999990463257,3.0799999237060547,3.0,3.069999933242798,2900,0.0,0.0
2019-08-27 00:00:00-04:00,3.140000104904175,3.140000104904175,3.0,3.009999990463257,1500,0.0,0.0
2019-08-28 00:00:00-04:00,3.0999999046325684,3.0999999046325684,3.0199999809265137,3.0799999237060547,1300,0.0,0.0
2019-08-29 00:00:00-04:00,3.0299999713897705,3.0799999237060547,3.0,3.0,3200,0.0,0.0
2019-08-30 00:00:00-04:00,3.049999952316284,3.049999952316284,3.049999952316284,3.049999952316284,400,0.0,0.0
2019-09-03 00:00:00-04:00,3.0,3.049999952316284,3.0,3.0,3100,0.0,0.0
2019-09-04 00:00:00-04:00,3.0199999809265137,3.0199999809265137,3.0199999809265137,3.0199999809265137,2700,0.0,0.0
2019-09-05 00:00:00-04:00,3.0999999046325684,3.0999999046325684,3.0999999046325684,3.0999999046325684,200,0.0,0.0
2019-09-06 00:00:00-04:00,3.0199999809265137,3.0199999809265137,3.0,3.0,900,0.0,0.0
2019-09-09 00:00:00-04:00,3.119999885559082,3.119999885559082,3.049999952316284,3.0799999237060547,1600,0.0,0.0
2019-09-10 00:00:00-04:00,3.0,3.119999885559082,3.0,3.109999895095825,2700,0.0,0.0
2019-09-11 00:00:00-04:00,3.119999885559082,3.2699999809265137,3.059999942779541,3.2699999809265137,10200,0.0,0.0
2019-09-12 00:00:00-04:00,3.25,3.25,3.0799999237060547,3.190000057220459,2600,0.0,0.0
2019-09-13 00:00:00-04:00,3.3499999046325684,3.549999952316284,3.049999952316284,3.049999952316284,4900,0.0,0.0
2019-09-16 00:00:00-04:00,3.549999952316284,3.75,3.2200000286102295,3.4700000286102295,8500,0.0,0.0
2019-09-17 00:00:00-04:00,3.0199999809265137,3.4800000190734863,3.0199999809265137,3.309999942779541,6400,0.0,0.0
2019-09-18 00:00:00-04:00,3.309999942779541,3.309999942779541,3.309999942779541,3.309999942779541,100,0.0,0.0
2019-09-19 00:00:00-04:00,3.1500000953674316,3.3499999046325684,3.119999885559082,3.2699999809265137,1300,0.0,0.0
2019-09-20 00:00:00-04:00,3.3499999046325684,3.549999952316284,3.119999885559082,3.390000104904175,17700,0.0,0.0
2019-09-23 00:00:00-04:00,3.140000104904175,3.369999885559082,3.140000104904175,3.2799999713897705,1100,0.0,0.0
2019-09-24 00:00:00-04:00,3.119999885559082,3.119999885559082,3.119999885559082,3.119999885559082,700,0.0,0.0
2019-09-25 00:00:00-04:00,3.119999885559082,3.119999885559082,3.119999885559082,3.119999885559082,100,0.0,0.0
2019-09-26 00:00:00-04:00,3.4200000762939453,3.4200000762939453,3.0999999046325684,3.0999999046325684,1500,0.0,0.0
2019-09-27 00:00:00-04:00,3.049999952316284,3.049999952316284,2.990000009536743,3.0399999618530273,15900,0.0,0.0
2019-09-30 00:00:00-04:00,3.0399999618530273,3.0399999618530273,3.0399999618530273,3.0399999618530273,100,0.0,0.0
2019-10-01 00:00:00-04:00,3.069999933242798,3.2200000286102295,2.299999952316284,2.7899999618530273,14600,0.0,0.0
2019-10-02 00:00:00-04:00,2.5399999618530273,2.799999952316284,2.5399999618530273,2.700000047683716,4900,0.0,0.0
2019-10-03 00:00:00-04:00,2.880000114440918,2.880000114440918,2.619999885559082,2.619999885559082,1200,0.0,0.0
2019-10-04 00:00:00-04:00,2.609999895095825,2.8499999046325684,2.5999999046325684,2.799999952316284,1400,0.0,0.0
2019-10-07 00:00:00-04:00,2.799999952316284,2.799999952316284,2.799999952316284,2.799999952316284,300,0.0,0.0
2019-10-08 00:00:00-04:00,2.799999952316284,2.799999952316284,2.799999952316284,2.799999952316284,100,0.0,0.0
2019-10-09 00:00:00-04:00,2.609999895095825,3.119999885559082,2.609999895095825,3.119999885559082,7500,0.0,0.0
2019-10-10 00:00:00-04:00,3.1500000953674316,3.4000000953674316,2.700000047683716,2.9600000381469727,6200,0.0,0.0
2019-10-11 00:00:00-04:00,2.950000047683716,2.950000047683716,2.609999895095825,2.9000000953674316,2400,0.0,0.0
2019-10-14 00:00:00-04:00,2.930000066757202,2.950000047683716,2.930000066757202,2.930000066757202,11700,0.0,0.0
2019-10-15 00:00:00-04:00,2.950000047683716,3.450000047683716,2.950000047683716,2.9700000286102295,5900,0.0,0.0
2019-10-16 00:00:00-04:00,3.0999999046325684,3.0999999046325684,3.0999999046325684,3.0999999046325684,200,0.0,0.0
2019-10-17 00:00:00-04:00,3.200000047683716,3.200000047683716,2.990000009536743,2.990000009536743,700,0.0,0.0
2019-10-18 00:00:00-04:00,3.0,3.200000047683716,3.0,3.200000047683716,500,0.0,0.0
2019-10-21 00:00:00-04:00,3.119999885559082,3.130000114440918,3.069999933242798,3.109999895095825,2500,0.0,0.0
2019-10-22 00:00:00-04:00,3.319999933242798,3.319999933242798,3.319999933242798,3.319999933242798,200,0.0,0.0
2019-10-23 00:00:00-04:00,3.009999990463257,3.140000104904175,3.009999990463257,3.109999895095825,1100,0.0,0.0
2019-10-24 00:00:00-04:00,3.109999895095825,3.109999895095825,3.109999895095825,3.109999895095825,100,0.0,0.0
2019-10-25 00:00:00-04:00,3.119999885559082,3.119999885559082,3.119999885559082,3.119999885559082,300,0.0,0.0
2019-10-28 00:00:00-04:00,3.0899999141693115,3.0899999141693115,3.009999990463257,3.009999990463257,700,0.0,0.0
2019-10-29 00:00:00-04:00,3.009999990463257,3.009999990463257,3.009999990463257,3.009999990463257,100,0.0,0.0
2019-10-30 00:00:00-04:00,3.009999990463257,3.009999990463257,3.009999990463257,3.009999990463257,100,0.0,0.0
2019-10-31 00:00:00-04:00,3.009999990463257,3.009999990463257,3.009999990463257,3.009999990463257,100,0.0,0.0
2019-11-01 00:00:00-04:00,3.009999990463257,3.059999942779541,3.009999990463257,3.0199999809265137,1300,0.0,0.0
2019-11-04 00:00:00-05:00,3.0199999809265137,3.0199999809265137,3.0199999809265137,3.0199999809265137,100,0.0,0.0
2019-11-05 00:00:00-05:00,3.2300000190734863,3.2300000190734863,3.0999999046325684,3.0999999046325684,800,0.0,0.0
2019-11-06 00:00:00-05:00,3.0999999046325684,3.0999999046325684,3.0999999046325684,3.0999999046325684,100,0.0,0.0
2019-11-07 00:00:00-05:00,3.009999990463257,3.0899999141693115,2.7799999713897705,3.0,3600,0.0,0.0
2019-11-08 00:00:00-05:00,3.0199999809265137,3.0199999809265137,3.0199999809265137,3.0199999809265137,200,0.0,0.0
2019-11-11 00:00:00-05:00,3.0199999809265137,3.0199999809265137,3.0199999809265137,3.0199999809265137,100,0.0,0.0
2019-11-12 00:00:00-05:00,3.0199999809265137,3.0199999809265137,3.0199999809265137,3.0199999809265137,100,0.0,0.0
2019-11-13 00:00:00-05:00,3.0199999809265137,3.0199999809265137,3.0199999809265137,3.0199999809265137,100,0.0,0.0
2019-11-14 00:00:00-05:00,3.1500000953674316,3.1500000953674316,3.1500000953674316,3.1500000953674316,100,0.0,0.0
2019-11-15 00:00:00-05:00,2.930000066757202,2.940000057220459,2.859999895095825,2.859999895095825,4100,0.0,0.0
2019-11-18 00:00:00-05:00,2.990000009536743,2.990000009536743,2.859999895095825,2.9000000953674316,3300,0.0,0.0
2019-11-19 00:00:00-05:00,2.859999895095825,3.0199999809265137,2.859999895095825,2.869999885559082,3200,0.0,0.0
2019-11-20 00:00:00-05:00,2.859999895095825,2.859999895095825,2.859999895095825,2.859999895095825,600,0.0,0.0
2019-11-21 00:00:00-05:00,2.859999895095825,2.859999895095825,2.859999895095825,2.859999895095825,100,0.0,0.0
2019-11-22 00:00:00-05:00,2.859999895095825,2.859999895095825,2.859999895095825,2.859999895095825,100,0.0,0.0
2019-11-25 00:00:00-05:00,2.859999895095825,2.930000066757202,2.859999895095825,2.930000066757202,4000,0.0,0.0
2019-11-26 00:00:00-05:00,2.630000114440918,2.740000009536743,2.630000114440918,2.740000009536743,500,0.0,0.0
2019-11-27 00:00:00-05:00,2.740000009536743,2.740000009536743,2.740000009536743,2.740000009536743,0,0.0,0.0
2019-11-29 00:00:00-05:00,2.740000009536743,2.740000009536743,2.740000009536743,2.740000009536743,0,0.0,0.0
2019-12-02 00:00:00-05:00,2.740000009536743,2.740000009536743,2.740000009536743,2.740000009536743,100,0.0,0.0
2019-12-03 00:00:00-05:00,2.6600000858306885,3.0399999618530273,2.6600000858306885,3.0,800,0.0,0.0
2019-12-04 00:00:00-05:00,2.950000047683716,2.950000047683716,2.7899999618530273,2.880000114440918,2900,0.0,0.0
2019-12-05 00:00:00-05:00,2.7899999618530273,2.7899999618530273,2.700000047683716,2.7799999713897705,1500,0.0,0.0
2019-12-06 00:00:00-05:00,2.700000047683716,2.700000047683716,2.700000047683716,2.700000047683716,100,0.0,0.0
2019-12-09 00:00:00-05:00,2.75,2.759999990463257,2.7300000190734863,2.7300000190734863,2000,0.0,0.0
2019-12-10 00:00:00-05:00,2.7300000190734863,2.7300000190734863,2.7300000190734863,2.7300000190734863,0,0.0,0.0
2019-12-11 00:00:00-05:00,2.7300000190734863,2.7799999713897705,2.7300000190734863,2.7799999713897705,1600,0.0,0.0
2019-12-12 00:00:00-05:00,2.8499999046325684,2.8499999046325684,2.75,2.7799999713897705,22000,0.0,0.0
2019-12-13 00:00:00-05:00,2.809999942779541,3.2799999713897705,2.7899999618530273,3.1600000858306885,491300,0.0,0.0
2019-12-16 00:00:00-05:00,3.2799999713897705,3.690000057220459,2.7899999618530273,2.809999942779541,424700,0.0,0.0
2019-12-17 00:00:00-05:00,2.880000114440918,2.880000114440918,2.5999999046325684,2.619999885559082,80700,0.0,0.0
2019-12-18 00:00:00-05:00,2.7200000286102295,2.75,2.5399999618530273,2.5399999618530273,17500,0.0,0.0
2019-12-19 00:00:00-05:00,2.5,2.619999885559082,2.5,2.619999885559082,6200,0.0,0.0
2019-12-20 00:00:00-05:00,2.609999895095825,2.609999895095825,2.4600000381469727,2.4700000286102295,18300,0.0,0.0
2019-12-23 00:00:00-05:00,2.5299999713897705,2.559999942779541,2.4000000953674316,2.490000009536743,24200,0.0,0.0
2019-12-24 00:00:00-05:00,2.309999942779541,2.490000009536743,2.309999942779541,2.4200000762939453,40700,0.0,0.0
2019-12-26 00:00:00-05:00,2.3499999046325684,2.559999942779541,2.3499999046325684,2.450000047683716,68300,0.0,0.0
2019-12-27 00:00:00-05:00,2.4700000286102295,2.5799999237060547,2.450000047683716,2.4600000381469727,37400,0.0,0.0
2019-12-30 00:00:00-05:00,2.5199999809265137,2.5199999809265137,2.309999942779541,2.4100000858306885,15200,0.0,0.0
2019-12-31 00:00:00-05:00,2.4000000953674316,2.490000009536743,2.3499999046325684,2.430000066757202,10700,0.0,0.0
2020-01-02 00:00:00-05:00,2.3499999046325684,2.7899999618530273,2.3499999046325684,2.569999933242798,105600,0.0,0.0
2020-01-03 00:00:00-05:00,2.4800000190734863,2.5299999713897705,2.4100000858306885,2.440000057220459,14400,0.0,0.0
2020-01-06 00:00:00-05:00,2.4000000953674316,2.5999999046325684,2.3499999046325684,2.490000009536743,10700,0.0,0.0
2020-01-07 00:00:00-05:00,2.4200000762939453,2.640000104904175,2.4200000762939453,2.440000057220459,2700,0.0,0.0
2020-01-08 00:00:00-05:00,2.369999885559082,2.5299999713897705,2.359999895095825,2.4000000953674316,7500,0.0,0.0
2020-01-09 00:00:00-05:00,2.5199999809265137,2.5199999809265137,2.450000047683716,2.4800000190734863,11300,0.0,0.0
2020-01-10 00:00:00-05:00,2.490000009536743,2.5199999809265137,2.450000047683716,2.5199999809265137,4200,0.0,0.0
2020-01-13 00:00:00-05:00,2.4700000286102295,2.5199999809265137,2.4600000381469727,2.4600000381469727,7800,0.0,0.0
2020-01-14 00:00:00-05:00,2.4600000381469727,2.5,2.450000047683716,2.450000047683716,10400,0.0,0.0
2020-01-15 00:00:00-05:00,2.4700000286102295,2.690000057220459,2.4600000381469727,2.609999895095825,34100,0.0,0.0
2020-01-16 00:00:00-05:00,2.4700000286102295,2.5899999141693115,2.450000047683716,2.5199999809265137,15800,0.0,0.0
2020-01-17 00:00:00-05:00,2.569999933242798,2.5899999141693115,2.5299999713897705,2.5899999141693115,13000,0.0,0.0
2020-01-21 00:00:00-05:00,2.640000104904175,2.640000104904175,2.4800000190734863,2.5899999141693115,3400,0.0,0.0
2020-01-22 00:00:00-05:00,2.5399999618530273,2.640000104904175,2.4800000190734863,2.5399999618530273,2400,0.0,0.0
2020-01-23 00:00:00-05:00,2.4800000190734863,2.5799999237060547,2.4800000190734863,2.559999942779541,7900,0.0,0.0
2020-01-24 00:00:00-05:00,2.490000009536743,2.5899999141693115,2.490000009536743,2.5899999141693115,2500,0.0,0.0
2020-01-27 00:00:00-05:00,2.549999952316284,2.8399999141693115,2.5399999618530273,2.680000066757202,37300,0.0,0.0
2020-01-28 00:00:00-05:00,2.759999990463257,2.9000000953674316,2.559999942779541,2.7699999809265137,32000,0.0,0.0
2020-01-29 00:00:00-05:00,2.8499999046325684,3.109999895095825,2.819999933242798,2.8499999046325684,110900,0.0,0.0
2020-01-30 00:00:00-05:00,2.9000000953674316,2.9000000953674316,2.640000104904175,2.759999990463257,24800,0.0,0.0
2020-01-31 00:00:00-05:00,2.9100000858306885,2.9100000858306885,2.609999895095825,2.630000114440918,11300,0.0,0.0
2020-02-03 00:00:00-05:00,2.609999895095825,2.740000009536743,2.5,2.5999999046325684,7800,0.0,0.0
2020-02-04 00:00:00-05:00,2.5199999809265137,2.5799999237060547,2.440000057220459,2.4600000381469727,6800,0.0,0.0
2020-02-05 00:00:00-05:00,2.5,2.509999990463257,2.4800000190734863,2.5,3500,0.0,0.0
2020-02-06 00:00:00-05:00,2.509999990463257,2.559999942779541,2.450000047683716,2.509999990463257,13200,0.0,0.0
2020-02-07 00:00:00-05:00,2.559999942779541,2.559999942779541,2.4600000381469727,2.5,9100,0.0,0.0
2020-02-10 00:00:00-05:00,2.4600000381469727,2.509999990463257,2.4600000381469727,2.4700000286102295,9200,0.0,0.0
2020-02-11 00:00:00-05:00,2.4700000286102295,2.4800000190734863,2.4700000286102295,2.4800000190734863,4800,0.0,0.0
2020-02-12 00:00:00-05:00,2.4800000190734863,2.490000009536743,2.4800000190734863,2.490000009536743,600,0.0,0.0
2020-02-13 00:00:00-05:00,2.509999990463257,2.549999952316284,2.509999990463257,2.549999952316284,2900,0.0,0.0
2020-02-14 00:00:00-05:00,2.549999952316284,2.559999942779541,2.440000057220459,2.559999942779541,3300,0.0,0.0
2020-02-18 00:00:00-05:00,2.5999999046325684,2.609999895095825,2.5,2.549999952316284,18000,0.0,0.0
2020-02-19 00:00:00-05:00,2.5199999809265137,2.5299999713897705,2.5,2.5,6300,0.0,0.0
2020-02-20 00:00:00-05:00,2.509999990463257,2.5799999237060547,2.509999990463257,2.5799999237060547,700,0.0,0.0
2020-02-21 00:00:00-05:00,2.619999885559082,2.619999885559082,2.5,2.5,17800,0.0,0.0
2020-02-24 00:00:00-05:00,2.4600000381469727,2.5,2.4600000381469727,2.4800000190734863,1500,0.0,0.0
2020-02-25 00:00:00-05:00,2.4200000762939453,2.440000057220459,2.299999952316284,2.369999885559082,11800,0.0,0.0
2020-02-26 00:00:00-05:00,2.359999895095825,2.440000057220459,2.359999895095825,2.4100000858306885,4400,0.0,0.0
2020-02-27 00:00:00-05:00,2.299999952316284,2.390000104904175,2.299999952316284,2.390000104904175,1800,0.0,0.0
2020-02-28 00:00:00-05:00,2.390000104904175,2.390000104904175,2.180000066757202,2.3299999237060547,1400,0.0,0.0
2020-03-02 00:00:00-05:00,2.380000114440918,2.380000114440918,2.2699999809265137,2.2699999809265137,800,0.0,0.0
2020-03-03 00:00:00-05:00,2.25,2.25,2.0899999141693115,2.140000104904175,39900,0.0,0.0
2020-03-04 00:00:00-05:00,2.0899999141693115,2.180000066757202,2.0799999237060547,2.1700000762939453,3900,0.0,0.0
2020-03-05 00:00:00-05:00,2.180000066757202,2.3299999237060547,2.1500000953674316,2.3299999237060547,6400,0.0,0.0
2020-03-06 00:00:00-05:00,2.3299999237060547,2.3299999237060547,2.3299999237060547,2.3299999237060547,0,0.0,0.0
2020-03-09 00:00:00-04:00,2.109999895095825,2.200000047683716,2.0999999046325684,2.0999999046325684,1400,0.0,0.0
2020-03-10 00:00:00-04:00,2.0,2.2200000286102295,2.0,2.2200000286102295,7600,0.0,0.0
2020-03-11 00:00:00-04:00,2.140000104904175,2.140000104904175,2.140000104904175,2.140000104904175,200,0.0,0.0
2020-03-12 00:00:00-04:00,1.8799999952316284,1.8799999952316284,1.5,1.809999942779541,13900,0.0,0.0
2020-03-13 00:00:00-04:00,1.7100000381469727,1.7599999904632568,1.5299999713897705,1.6299999952316284,6600,0.0,0.0
2020-03-16 00:00:00-04:00,1.2999999523162842,1.5199999809265137,1.2999999523162842,1.5199999809265137,2400,0.0,0.0
2020-03-17 00:00:00-04:00,1.5,1.5099999904632568,1.4900000095367432,1.5099999904632568,600,0.0,0.0
2020-03-18 00:00:00-04:00,1.5499999523162842,1.7200000286102295,1.25,1.3700000047683716,7200,0.0,0.0
2020-03-19 00:00:00-04:00,1.5,1.6799999475479126,1.4900000095367432,1.6699999570846558,1900,0.0,0.0
2020-03-20 00:00:00-04:00,1.7000000476837158,1.9299999475479126,1.6799999475479126,1.809999942779541,10700,0.0,0.0
2020-03-23 00:00:00-04:00,1.940000057220459,1.940000057220459,1.940000057220459,1.940000057220459,600,0.0,0.0
2020-03-24 00:00:00-04:00,1.6799999475479126,1.8799999952316284,1.659999966621399,1.809999942779541,2100,0.0,0.0
2020-03-25 00:00:00-04:00,1.7400000095367432,1.940000057220459,1.6699999570846558,1.909999966621399,8100,0.0,0.0
2020-03-26 00:00:00-04:00,1.8799999952316284,2.180000066757202,1.8799999952316284,2.0399999618530273,8100,0.0,0.0
2020-03-27 00:00:00-04:00,1.7300000190734863,1.9900000095367432,1.7300000190734863,1.9900000095367432,800,0.0,0.0
2020-03-30 00:00:00-04:00,2.069999933242798,2.140000104904175,1.9600000381469727,2.009999990463257,4500,0.0,0.0
2020-03-31 00:00:00-04:00,2.0799999237060547,2.0799999237060547,1.7699999809265137,1.8899999856948853,8000,0.0,0.0
2020-04-01 00:00:00-04:00,2.049999952316284,2.049999952316284,1.840000033378601,1.899999976158142,22700,0.0,0.0
2020-04-02 00:00:00-04:00,1.7799999713897705,1.850000023841858,1.7699999809265137,1.850000023841858,7600,0.0,0.0
2020-04-03 00:00:00-04:00,1.7699999809265137,1.7699999809265137,1.7000000476837158,1.7000000476837158,800,0.0,0.0
2020-04-06 00:00:00-04:00,1.6699999570846558,1.7400000095367432,1.6699999570846558,1.7400000095367432,1200,0.0,0.0
2020-04-07 00:00:00-04:00,1.8200000524520874,1.850000023841858,1.6399999856948853,1.6399999856948853,1800,0.0,0.0
2020-04-08 00:00:00-04:00,1.8600000143051147,1.8600000143051147,1.7100000381469727,1.7999999523162842,11600,0.0,0.0
2020-04-09 00:00:00-04:00,1.8200000524520874,2.0,1.7599999904632568,1.7999999523162842,34500,0.0,0.0
2020-04-13 00:00:00-04:00,1.8200000524520874,1.8200000524520874,1.809999942779541,1.809999942779541,2300,0.0,0.0
2020-04-14 00:00:00-04:00,1.6699999570846558,1.840000033378601,1.6699999570846558,1.840000033378601,8100,0.0,0.0
2020-04-15 00:00:00-04:00,1.850000023841858,1.850000023841858,1.850000023841858,1.850000023841858,500,0.0,0.0
2020-04-16 00:00:00-04:00,1.8200000524520874,1.8200000524520874,1.7000000476837158,1.7000000476837158,13500,0.0,0.0
2020-04-17 00:00:00-04:00,1.6799999475479126,1.9700000286102295,1.6299999952316284,1.9199999570846558,41700,0.0,0.0
2020-04-20 00:00:00-04:00,1.9199999570846558,2.130000114440918,1.7300000190734863,1.9500000476837158,3100,0.0,0.0
2020-04-21 00:00:00-04:00,1.909999966621399,1.909999966621399,1.75,1.8600000143051147,8400,0.0,0.0
2020-04-22 00:00:00-04:00,1.8600000143051147,1.8600000143051147,1.8600000143051147,1.8600000143051147,0,0.0,0.0
2020-04-23 00:00:00-04:00,1.7899999618530273,1.9900000095367432,1.7899999618530273,1.9900000095367432,3500,0.0,0.0
2020-04-24 00:00:00-04:00,1.9800000190734863,1.9800000190734863,1.7599999904632568,1.9299999475479126,2600,0.0,0.0
2020-04-27 00:00:00-04:00,1.850000023841858,1.9800000190734863,1.7400000095367432,1.9800000190734863,3700,0.0,0.0
2020-04-28 00:00:00-04:00,2.3399999141693115,2.3399999141693115,1.809999942779541,2.049999952316284,5200,0.0,0.0
2020-04-29 00:00:00-04:00,2.049999952316284,2.0999999046325684,2.0299999713897705,2.049999952316284,2100,0.0,0.0
2020-04-30 00:00:00-04:00,2.0,2.0,1.8200000524520874,1.899999976158142,7400,0.0,0.0
2020-05-01 00:00:00-04:00,1.850000023841858,1.9500000476837158,1.850000023841858,1.909999966621399,4700,0.0,0.0
2020-05-04 00:00:00-04:00,1.940000057220459,1.940000057220459,1.850000023841858,1.8899999856948853,7000,0.0,0.0
2020-05-05 00:00:00-04:00,1.8899999856948853,1.899999976158142,1.809999942779541,1.850000023841858,15200,0.0,0.0
2020-05-06 00:00:00-04:00,1.9199999570846558,1.9199999570846558,1.8300000429153442,1.840000033378601,2400,0.0,0.0
2020-05-07 00:00:00-04:00,1.809999942779541,1.899999976158142,1.809999942779541,1.850000023841858,4100,0.0,0.0
2020-05-08 00:00:00-04:00,1.8899999856948853,1.9500000476837158,1.809999942779541,1.809999942779541,36500,0.0,0.0
2020-05-11 00:00:00-04:00,1.8700000047683716,1.8700000047683716,1.8700000047683716,1.8700000047683716,700,0.0,0.0
2020-05-12 00:00:00-04:00,1.8700000047683716,1.8700000047683716,1.8700000047683716,1.8700000047683716,0,0.0,0.0
2020-05-13 00:00:00-04:00,1.8200000524520874,1.8200000524520874,1.7200000286102295,1.7200000286102295,16400,0.0,0.0
2020-05-14 00:00:00-04:00,1.7000000476837158,1.7100000381469727,1.7000000476837158,1.7000000476837158,1500,0.0,0.0
2020-05-15 00:00:00-04:00,1.7000000476837158,1.7000000476837158,1.7000000476837158,1.7000000476837158,0,0.0,0.0
2020-05-18 00:00:00-04:00,1.7999999523162842,1.7999999523162842,1.7000000476837158,1.75,23000,0.0,0.0
2020-05-19 00:00:00-04:00,1.7699999809265137,2.200000047683716,1.409999966621399,1.5800000429153442,118500,0.0,0.0
2020-05-20 00:00:00-04:00,1.6200000047683716,1.7000000476837158,1.6200000047683716,1.649999976158142,18000,0.0,0.0
2020-05-21 00:00:00-04:00,1.7000000476837158,1.7100000381469727,1.649999976158142,1.649999976158142,11200,0.0,0.0
2020-05-22 00:00:00-04:00,1.7000000476837158,1.75,1.649999976158142,1.649999976158142,9600,0.0,0.0
2020-05-26 00:00:00-04:00,1.690000057220459,1.809999942779541,1.690000057220459,1.809999942779541,5100,0.0,0.0
2020-05-27 00:00:00-04:00,1.7200000286102295,1.7999999523162842,1.7200000286102295,1.7999999523162842,1300,0.0,0.0
2020-05-28 00:00:00-04:00,1.9700000286102295,1.9700000286102295,1.7300000190734863,1.7300000190734863,5200,0.0,0.0
2020-05-29 00:00:00-04:00,1.7300000190734863,1.9299999475479126,1.7300000190734863,1.7799999713897705,4800,0.0,0.0
2020-06-01 00:00:00-04:00,1.8899999856948853,1.8899999856948853,1.649999976158142,1.7200000286102295,15700,0.0,0.0
2020-06-02 00:00:00-04:00,1.690000057220459,1.7400000095367432,1.690000057220459,1.7300000190734863,2700,0.0,0.0
2020-06-03 00:00:00-04:00,1.75,1.75,1.659999966621399,1.7200000286102295,5300,0.0,0.0
2020-06-04 00:00:00-04:00,1.75,1.809999942779541,1.75,1.7699999809265137,10300,0.0,0.0
2020-06-05 00:00:00-04:00,1.850000023841858,1.850000023841858,1.6299999952316284,1.7100000381469727,11300,0.0,0.0
2020-06-08 00:00:00-04:00,1.8799999952316284,1.9700000286102295,1.7899999618530273,1.8799999952316284,20700,0.0,0.0
2020-06-09 00:00:00-04:00,2.0,2.0999999046325684,1.899999976158142,2.0399999618530273,34500,0.0,0.0
2020-06-10 00:00:00-04:00,2.109999895095825,2.2100000381469727,2.109999895095825,2.140000104904175,38200,0.0,0.0
2020-06-11 00:00:00-04:00,2.2100000381469727,3.299999952316284,1.9800000190734863,2.200000047683716,710600,0.0,0.0
2020-06-12 00:00:00-04:00,2.1700000762939453,2.609999895095825,1.8200000524520874,1.9900000095367432,101400,0.0,0.0
2020-06-15 00:00:00-04:00,1.9900000095367432,2.1500000953674316,1.850000023841858,2.009999990463257,18300,0.0,0.0
2020-06-16 00:00:00-04:00,2.1500000953674316,3.3399999141693115,2.109999895095825,2.4100000858306885,301800,0.0,0.0
2020-06-17 00:00:00-04:00,16.0,22.969999313354492,7.800000190734863,8.390000343322754,59201700,0.0,0.0
2020-06-18 00:00:00-04:00,9.0,15.199999809265137,9.0,12.5,11202800,0.0,0.0
2020-06-19 00:00:00-04:00,14.670000076293945,17.56999969482422,11.350000381469727,12.199999809265137,5543800,0.0,0.0
2020-06-22 00:00:00-04:00,11.300000190734863,11.699999809265137,8.199999809265137,8.979999542236328,1167600,0.0,0.0
2020-06-23 00:00:00-04:00,9.0600004196167,9.970000267028809,8.5,8.779999732971191,551700,0.0,0.0
2020-06-24 00:00:00-04:00,8.329999923706055,8.489999771118164,6.829999923706055,7.360000133514404,426200,0.0,0.0
2020-06-25 00:00:00-04:00,7.909999847412109,8.1899995803833,6.960000038146973,6.960000038146973,297200,0.0,0.0
2020-06-26 00:00:00-04:00,6.800000190734863,7.0,5.449999809265137,5.639999866485596,329900,0.0,0.0
2020-06-29 00:00:00-04:00,5.659999847412109,6.360000133514404,5.309999942779541,5.869999885559082,400100,0.0,0.0
2020-06-30 00:00:00-04:00,15.789999961853027,16.0,6.039999961853027,6.210000038146973,18061200,0.0,0.0
2020-07-01 00:00:00-04:00,7.739999771118164,8.479999542236328,6.550000190734863,7.289999961853027,4375700,0.0,0.0
2020-07-02 00:00:00-04:00,7.429999828338623,7.5,6.769999980926514,7.130000114440918,1555800,0.0,0.0
2020-07-06 00:00:00-04:00,7.639999866485596,8.829999923706055,7.420000076293945,8.710000038146973,3016000,0.0,0.0
2020-07-07 00:00:00-04:00,7.789999961853027,8.130000114440918,7.010000228881836,7.119999885559082,1370200,0.0,0.0
2020-07-08 00:00:00-04:00,6.909999847412109,7.150000095367432,6.510000228881836,6.619999885559082,567100,0.0,0.0
2020-07-09 00:00:00-04:00,6.739999771118164,6.800000190734863,6.300000190734863,6.320000171661377,367100,0.0,0.0
2020-07-10 00:00:00-04:00,6.190000057220459,7.400000095367432,5.949999809265137,6.349999904632568,1557300,0.0,0.0
2020-07-13 00:00:00-04:00,6.519999980926514,6.559999942779541,5.670000076293945,5.75,468800,0.0,0.0
2020-07-14 00:00:00-04:00,5.579999923706055,5.869999885559082,5.25,5.550000190734863,298700,0.0,0.0
2020-07-15 00:00:00-04:00,5.590000152587891,6.199999809265137,5.369999885559082,5.699999809265137,796400,0.0,0.0
2020-07-16 00:00:00-04:00,5.630000114440918,5.949999809265137,5.400000095367432,5.929999828338623,329200,0.0,0.0
2020-07-17 00:00:00-04:00,5.789999961853027,6.449999809265137,5.409999847412109,6.230000019073486,1305200,0.0,0.0
2020-07-20 00:00:00-04:00,6.070000171661377,6.289999961853027,5.739999771118164,5.869999885559082,397400,0.0,0.0
2020-07-21 00:00:00-04:00,5.800000190734863,6.349999904632568,5.710000038146973,6.150000095367432,445000,0.0,0.0
2020-07-22 00:00:00-04:00,6.010000228881836,7.25,5.849999904632568,6.460000038146973,1383600,0.0,0.0
2020-07-23 00:00:00-04:00,6.269999980926514,6.480000019073486,5.900000095367432,6.079999923706055,426100,0.0,0.0
2020-07-24 00:00:00-04:00,6.0,6.139999866485596,5.75,5.900000095367432,311500,0.0,0.0
2020-07-27 00:00:00-04:00,5.900000095367432,6.079999923706055,5.599999904632568,5.869999885559082,424500,0.0,0.0
2020-07-28 00:00:00-04:00,5.769999980926514,6.139999866485596,5.71999979019165,5.900000095367432,692100,0.0,0.0
2020-07-29 00:00:00-04:00,5.900000095367432,5.940000057220459,5.510000228881836,5.730000019073486,399700,0.0,0.0
2020-07-30 00:00:00-04:00,5.590000152587891,5.96999979019165,5.409999847412109,5.699999809265137,542800,0.0,0.0
2020-07-31 00:00:00-04:00,5.690000057220459,6.800000190734863,5.5,5.5,2286400,0.0,0.0
2020-08-03 00:00:00-04:00,5.449999809265137,5.800000190734863,5.150000095367432,5.380000114440918,1220100,0.0,0.0
2020-08-04 00:00:00-04:00,5.739999771118164,6.489999771118164,5.429999828338623,5.829999923706055,2339900,0.0,0.0
2020-08-05 00:00:00-04:00,5.690000057220459,6.889999866485596,5.690000057220459,6.53000020980835,1761300,0.0,0.0
2020-08-06 00:00:00-04:00,6.25,6.630000114440918,5.829999923706055,5.940000057220459,744400,0.0,0.0
2020-08-07 00:00:00-04:00,6.150000095367432,8.5,6.110000133514404,6.840000152587891,5409700,0.0,0.0
2020-08-10 00:00:00-04:00,6.829999923706055,7.710000038146973,6.659999847412109,7.159999847412109,1586400,0.0,0.0
2020-08-11 00:00:00-04:00,7.25,7.300000190734863,6.710000038146973,6.730000019073486,1465000,0.0,0.0
2020-08-12 00:00:00-04:00,7.199999809265137,7.28000020980835,6.599999904632568,6.900000095367432,975500,0.0,0.0
2020-08-13 00:00:00-04:00,6.820000171661377,7.289999961853027,6.659999847412109,7.03000020980835,637900,0.0,0.0
2020-08-14 00:00:00-04:00,7.010000228881836,7.059999942779541,6.829999923706055,7.059999942779541,327500,0.0,0.0
2020-08-17 00:00:00-04:00,7.050000190734863,7.050000190734863,6.300000190734863,6.5,465800,0.0,0.0
2020-08-18 00:00:00-04:00,6.510000228881836,6.849999904632568,6.139999866485596,6.75,806800,0.0,0.0
2020-08-19 00:00:00-04:00,6.679999828338623,7.050000190734863,6.449999809265137,6.559999942779541,596100,0.0,0.0
2020-08-20 00:00:00-04:00,6.400000095367432,6.510000228881836,6.199999809265137,6.380000114440918,385900,0.0,0.0
2020-08-21 00:00:00-04:00,6.25,6.46999979019165,6.059999942779541,6.159999847412109,635200,0.0,0.0
2020-08-24 00:00:00-04:00,6.099999904632568,6.139999866485596,5.860000133514404,6.070000171661377,274100,0.0,0.0
2020-08-25 00:00:00-04:00,6.400000095367432,7.150000095367432,5.909999847412109,6.449999809265137,3231600,0.0,0.0
2020-08-26 00:00:00-04:00,6.130000114440918,6.5,6.130000114440918,6.300000190734863,473300,0.0,0.0
2020-08-27 00:00:00-04:00,6.260000228881836,6.449999809265137,6.070000171661377,6.210000038146973,218200,0.0,0.0
2020-08-28 00:00:00-04:00,6.179999828338623,6.289999961853027,6.070000171661377,6.139999866485596,205400,0.0,0.0
2020-08-31 00:00:00-04:00,6.03000020980835,6.289999961853027,5.909999847412109,6.059999942779541,327300,0.0,0.0
2020-09-01 00:00:00-04:00,6.059999942779541,6.179999828338623,5.869999885559082,5.980000019073486,290000,0.0,0.0
2020-09-02 00:00:00-04:00,5.940000057220459,6.190000057220459,5.550000190734863,6.0,906500,0.0,0.0
2020-09-03 00:00:00-04:00,6.0,6.059999942779541,5.639999866485596,5.880000114440918,358800,0.0,0.0
2020-09-04 00:00:00-04:00,5.820000171661377,5.989999771118164,5.710000038146973,5.909999847412109,537600,0.0,0.0
2020-09-08 00:00:00-04:00,5.849999904632568,6.300000190734863,5.800000190734863,6.099999904632568,503200,0.0,0.0
2020-09-09 00:00:00-04:00,5.949999809265137,6.929999828338623,5.940000057220459,6.090000152587891,1349200,0.0,0.0
2020-09-10 00:00:00-04:00,6.019999980926514,6.5,6.019999980926514,6.260000228881836,436300,0.0,0.0
2020-09-11 00:00:00-04:00,6.170000076293945,6.590000152587891,6.119999885559082,6.179999828338623,426400,0.0,0.0
2020-09-14 00:00:00-04:00,6.119999885559082,6.28000020980835,5.949999809265137,5.989999771118164,158200,0.0,0.0
2020-09-15 00:00:00-04:00,6.010000228881836,6.289999961853027,5.989999771118164,6.130000114440918,314300,0.0,0.0
2020-09-16 00:00:00-04:00,6.170000076293945,6.230000019073486,6.019999980926514,6.179999828338623,159500,0.0,0.0
2020-09-17 00:00:00-04:00,6.099999904632568,6.289999961853027,6.010000228881836,6.070000171661377,339400,0.0,0.0
2020-09-18 00:00:00-04:00,6.119999885559082,6.230000019073486,6.050000190734863,6.190000057220459,116700,0.0,0.0
2020-09-21 00:00:00-04:00,6.0,6.239999771118164,5.849999904632568,5.96999979019165,281100,0.0,0.0
2020-09-22 00:00:00-04:00,6.050000190734863,6.050000190734863,5.809999942779541,5.860000133514404,61500,0.0,0.0
2020-09-23 00:00:00-04:00,5.909999847412109,6.0,5.619999885559082,5.71999979019165,244800,0.0,0.0
2020-09-24 00:00:00-04:00,5.619999885559082,5.800000190734863,5.400000095367432,5.559999942779541,247400,0.0,0.0
2020-09-25 00:00:00-04:00,5.559999942779541,7.489999771118164,5.480000019073486,7.179999828338623,3470100,0.0,0.0
2020-09-28 00:00:00-04:00,6.039999961853027,7.5,5.849999904632568,6.789999961853027,2741900,0.0,0.0
2020-09-29 00:00:00-04:00,6.309999942779541,7.75,6.300000190734863,7.269999980926514,1641700,0.0,0.0
2020-09-30 00:00:00-04:00,6.650000095367432,6.980000019073486,6.340000152587891,6.449999809265137,700800,0.0,0.0
2020-10-01 00:00:00-04:00,6.420000076293945,6.570000171661377,6.210000038146973,6.289999961853027,166900,0.0,0.0
2020-10-02 00:00:00-04:00,6.170000076293945,6.440000057220459,6.019999980926514,6.389999866485596,171600,0.0,0.0
2020-10-05 00:00:00-04:00,6.349999904632568,6.409999847412109,6.079999923706055,6.230000019073486,94600,0.0,0.0
2020-10-06 00:00:00-04:00,6.25,6.420000076293945,6.03000020980835,6.21999979019165,306500,0.0,0.0
2020-10-07 00:00:00-04:00,6.179999828338623,6.760000228881836,6.170000076293945,6.590000152587891,951200,0.0,0.0
2020-10-08 00:00:00-04:00,6.949999809265137,9.25,6.800000190734863,7.53000020980835,10674300,0.0,0.0
2020-10-09 00:00:00-04:00,6.949999809265137,7.349999904632568,6.739999771118164,7.059999942779541,880800,0.0,0.0
2020-10-12 00:00:00-04:00,7.019999980926514,7.28000020980835,6.5,6.670000076293945,406200,0.0,0.0
2020-10-13 00:00:00-04:00,6.670000076293945,6.880000114440918,6.349999904632568,6.650000095367432,576200,0.0,0.0
2020-10-14 00:00:00-04:00,6.599999904632568,6.739999771118164,6.400000095367432,6.53000020980835,120500,0.0,0.0
2020-10-15 00:00:00-04:00,6.460000038146973,6.639999866485596,6.309999942779541,6.53000020980835,172900,0.0,0.0
2020-10-16 00:00:00-04:00,6.440000057220459,6.929999828338623,6.420000076293945,6.690000057220459,442800,0.0,0.0
2020-10-19 00:00:00-04:00,6.619999885559082,6.849999904632568,6.5,6.610000133514404,140900,0.0,0.0
2020-10-20 00:00:00-04:00,6.650000095367432,6.940000057220459,6.619999885559082,6.699999809265137,783600,0.0,0.0
2020-10-21 00:00:00-04:00,7.150000095367432,8.199999809265137,6.929999828338623,7.289999961853027,2552100,0.0,0.0
2020-10-22 00:00:00-04:00,7.130000114440918,7.28000020980835,6.809999942779541,7.070000171661377,726500,0.0,0.0
2020-10-23 00:00:00-04:00,7.210000038146973,7.650000095367432,7.119999885559082,7.449999809265137,723100,0.0,0.0
2020-10-26 00:00:00-04:00,7.389999866485596,7.389999866485596,6.809999942779541,7.03000020980835,321900,0.0,0.0
2020-10-27 00:00:00-04:00,7.019999980926514,7.199999809265137,6.639999866485596,7.079999923706055,360100,0.0,0.0
2020-10-28 00:00:00-04:00,6.670000076293945,6.980000019073486,6.659999847412109,6.909999847412109,185600,0.0,0.0
2020-10-29 00:00:00-04:00,6.800000190734863,6.860000133514404,6.409999847412109,6.409999847412109,548700,0.0,0.0
2020-10-30 00:00:00-04:00,6.519999980926514,6.760000228881836,6.349999904632568,6.630000114440918,336700,0.0,0.0
2020-11-02 00:00:00-05:00,6.53000020980835,6.989999771118164,6.449999809265137,6.849999904632568,196900,0.0,0.0
2020-11-03 00:00:00-05:00,6.880000114440918,7.090000152587891,6.619999885559082,6.960000038146973,291700,0.0,0.0
2020-11-04 00:00:00-05:00,6.869999885559082,6.920000076293945,6.550000190734863,6.630000114440918,289400,0.0,0.0
2020-11-05 00:00:00-05:00,6.730000019073486,6.789999961853027,6.599999904632568,6.71999979019165,165100,0.0,0.0
2020-11-06 00:00:00-05:00,6.739999771118164,7.019999980926514,6.710000038146973,6.869999885559082,208200,0.0,0.0
2020-11-09 00:00:00-05:00,7.0,7.269999980926514,6.840000152587891,7.190000057220459,383300,0.0,0.0
2020-11-10 00:00:00-05:00,7.099999904632568,7.139999866485596,6.849999904632568,6.889999866485596,137400,0.0,0.0
2020-11-11 00:00:00-05:00,6.900000095367432,6.900000095367432,6.630000114440918,6.800000190734863,96200,0.0,0.0
2020-11-12 00:00:00-05:00,6.679999828338623,6.760000228881836,6.519999980926514,6.670000076293945,147900,0.0,0.0
2020-11-13 00:00:00-05:00,6.699999809265137,6.769999980926514,6.269999980926514,6.550000190734863,138300,0.0,0.0
2020-11-16 00:00:00-05:00,6.559999942779541,6.599999904632568,6.400000095367432,6.579999923706055,117600,0.0,0.0
2020-11-17 00:00:00-05:00,6.389999866485596,6.769999980926514,6.170000076293945,6.690000057220459,561700,0.0,0.0
2020-11-18 00:00:00-05:00,6.820000171661377,6.889999866485596,6.510000228881836,6.570000171661377,302400,0.0,0.0
2020-11-19 00:00:00-05:00,6.590000152587891,6.690000057220459,6.480000019073486,6.599999904632568,126200,0.0,0.0
2020-11-20 00:00:00-05:00,6.539999961853027,6.690000057220459,6.400000095367432,6.679999828338623,140700,0.0,0.0
2020-11-23 00:00:00-05:00,6.630000114440918,6.900000095367432,6.460000038146973,6.769999980926514,461000,0.0,0.0
2020-11-24 00:00:00-05:00,6.880000114440918,7.130000114440918,6.670000076293945,6.96999979019165,386800,0.0,0.0
2020-11-25 00:00:00-05:00,6.860000133514404,7.449999809265137,6.769999980926514,7.349999904632568,401700,0.0,0.0
2020-11-27 00:00:00-05:00,7.340000152587891,7.440000057220459,7.079999923706055,7.079999923706055,189500,0.0,0.0
2020-11-30 00:00:00-05:00,7.110000133514404,7.329999923706055,6.840000152587891,7.190000057220459,261700,0.0,0.0
2020-12-01 00:00:00-05:00,7.239999771118164,7.400000095367432,7.099999904632568,7.199999809265137,223400,0.0,0.0
2020-12-02 00:00:00-05:00,7.110000133514404,8.199999809265137,6.960000038146973,7.099999904632568,1892900,0.0,0.0
2020-12-03 00:00:00-05:00,7.039999961853027,7.170000076293945,6.869999885559082,7.070000171661377,139200,0.0,0.0
2020-12-04 00:00:00-05:00,7.070000171661377,7.300000190734863,6.980000019073486,7.079999923706055,114600,0.0,0.0
2020-12-07 00:00:00-05:00,7.090000152587891,7.300000190734863,6.849999904632568,7.110000133514404,220700,0.0,0.0
2020-12-08 00:00:00-05:00,7.0,7.099999904632568,6.900000095367432,6.980000019073486,130000,0.0,0.0
2020-12-09 00:00:00-05:00,6.960000038146973,7.099999904632568,6.559999942779541,6.760000228881836,219100,0.0,0.0
2020-12-10 00:00:00-05:00,6.699999809265137,6.769999980926514,6.539999961853027,6.630000114440918,115500,0.0,0.0
2020-12-11 00:00:00-05:00,6.670000076293945,6.760000228881836,6.360000133514404,6.460000038146973,175000,0.0,0.0
2020-12-14 00:00:00-05:00,6.579999923706055,6.619999885559082,6.260000228881836,6.340000152587891,193800,0.0,0.0
2020-12-15 00:00:00-05:00,6.449999809265137,7.5,6.389999866485596,6.690000057220459,1729700,0.0,0.0
2020-12-16 00:00:00-05:00,6.670000076293945,6.71999979019165,6.460000038146973,6.53000020980835,216100,0.0,0.0
2020-12-17 00:00:00-05:00,6.550000190734863,6.599999904632568,6.409999847412109,6.559999942779541,136900,0.0,0.0
2020-12-18 00:00:00-05:00,6.519999980926514,6.599999904632568,6.429999828338623,6.53000020980835,123600,0.0,0.0
2020-12-21 00:00:00-05:00,6.579999923706055,6.699999809265137,6.489999771118164,6.550000190734863,73000,0.0,0.0
2020-12-22 00:00:00-05:00,6.630000114440918,6.630000114440918,6.440000057220459,6.510000228881836,114100,0.0,0.0
2020-12-23 00:00:00-05:00,6.550000190734863,6.840000152587891,6.460000038146973,6.679999828338623,192300,0.0,0.0
2020-12-24 00:00:00-05:00,6.679999828338623,6.78000020980835,6.570000171661377,6.670000076293945,87300,0.0,0.0
2020-12-28 00:00:00-05:00,6.679999828338623,6.699999809265137,6.550000190734863,6.619999885559082,116300,0.0,0.0
2020-12-29 00:00:00-05:00,6.699999809265137,6.730000019073486,6.480000019073486,6.650000095367432,126100,0.0,0.0
2020-12-30 00:00:00-05:00,6.699999809265137,6.739999771118164,6.570000171661377,6.619999885559082,81100,0.0,0.0
2020-12-31 00:00:00-05:00,6.650000095367432,6.650000095367432,6.449999809265137,6.489999771118164,68000,0.0,0.0
2021-01-04 00:00:00-05:00,6.539999961853027,6.539999961853027,6.300000190734863,6.489999771118164,82300,0.0,0.0
2021-01-05 00:00:00-05:00,6.559999942779541,6.679999828338623,6.389999866485596,6.570000171661377,139100,0.0,0.0
2021-01-06 00:00:00-05:00,6.71999979019165,7.550000190734863,6.610000133514404,7.389999866485596,1586400,0.0,0.0
2021-01-07 00:00:00-05:00,7.170000076293945,7.170000076293945,6.690000057220459,6.849999904632568,409100,0.0,0.0
2021-01-08 00:00:00-05:00,6.949999809265137,7.380000114440918,6.730000019073486,7.070000171661377,467200,0.0,0.0
2021-01-11 00:00:00-05:00,6.96999979019165,7.28000020980835,6.75,7.119999885559082,244300,0.0,0.0
2021-01-12 00:00:00-05:00,7.199999809265137,7.800000190734863,7.099999904632568,7.480000019073486,378900,0.0,0.0
2021-01-13 00:00:00-05:00,7.559999942779541,7.590000152587891,7.21999979019165,7.400000095367432,136800,0.0,0.0
2021-01-14 00:00:00-05:00,7.480000019073486,8.850000381469727,7.409999847412109,8.399999618530273,981500,0.0,0.0
2021-01-15 00:00:00-05:00,7.96999979019165,8.050000190734863,7.300000190734863,7.429999828338623,573300,0.0,0.0
2021-01-19 00:00:00-05:00,7.619999885559082,8.279999732971191,7.5,7.800000190734863,686500,0.0,0.0
2021-01-20 00:00:00-05:00,7.829999923706055,7.940000057220459,7.570000171661377,7.690000057220459,185900,0.0,0.0
2021-01-21 00:00:00-05:00,7.739999771118164,7.739999771118164,7.349999904632568,7.389999866485596,224100,0.0,0.0
2021-01-22 00:00:00-05:00,7.25,7.650000095367432,7.25,7.53000020980835,191000,0.0,0.0
2021-01-25 00:00:00-05:00,7.599999904632568,7.800000190734863,7.289999961853027,7.559999942779541,302800,0.0,0.0
2021-01-26 00:00:00-05:00,7.900000095367432,8.489999771118164,7.650000095367432,7.849999904632568,1356900,0.0,0.0
2021-01-27 00:00:00-05:00,8.289999961853027,10.739999771118164,8.0,8.770000457763672,4215100,0.0,0.0
2021-01-28 00:00:00-05:00,9.079999923706055,9.739999771118164,7.869999885559082,8.069999694824219,820800,0.0,0.0
2021-01-29 00:00:00-05:00,8.319999694824219,8.800000190734863,7.949999809265137,8.1899995803833,362600,0.0,0.0
2021-02-01 00:00:00-05:00,8.15999984741211,8.449999809265137,8.010000228881836,8.380000114440918,263000,0.0,0.0
2021-02-02 00:00:00-05:00,8.699999809265137,8.960000038146973,8.350000381469727,8.609999656677246,326600,0.0,0.0
2021-02-03 00:00:00-05:00,8.5600004196167,9.119999885559082,8.470000267028809,8.920000076293945,314000,0.0,0.0
2021-02-04 00:00:00-05:00,9.010000228881836,9.399999618530273,8.850000381469727,9.079999923706055,277000,0.0,0.0
2021-02-05 00:00:00-05:00,9.15999984741211,10.380000114440918,8.619999885559082,8.899999618530273,1710100,0.0,0.0
2021-02-08 00:00:00-05:00,9.050000190734863,9.670000076293945,8.819999694824219,9.130000114440918,1003500,0.0,0.0
2021-02-09 00:00:00-05:00,9.100000381469727,9.149999618530273,8.65999984741211,9.0,261300,0.0,0.0
2021-02-10 00:00:00-05:00,9.050000190734863,9.149999618530273,8.550000190734863,8.970000267028809,348400,0.0,0.0
2021-02-11 00:00:00-05:00,8.930000305175781,9.029999732971191,8.5,8.6899995803833,174400,0.0,0.0
2021-02-12 00:00:00-05:00,8.680000305175781,8.9399995803833,8.539999961853027,8.569999694824219,80800,0.0,0.0
2021-02-16 00:00:00-05:00,8.710000038146973,9.670000076293945,8.520000457763672,9.609999656677246,804200,0.0,0.0
2021-02-17 00:00:00-05:00,9.579999923706055,9.59000015258789,8.949999809265137,9.34000015258789,324400,0.0,0.0
2021-02-18 00:00:00-05:00,9.729999542236328,9.75,9.100000381469727,9.460000038146973,350900,0.0,0.0
2021-02-19 00:00:00-05:00,9.600000381469727,10.489999771118164,9.390000343322754,10.40999984741211,423600,0.0,0.0
2021-02-22 00:00:00-05:00,10.59000015258789,12.899999618530273,10.140000343322754,10.25,2250300,0.0,0.0
2021-02-23 00:00:00-05:00,9.9399995803833,11.899999618530273,8.899999618530273,9.739999771118164,2416600,0.0,0.0
2021-02-24 00:00:00-05:00,9.550000190734863,9.989999771118164,9.40999984741211,9.640000343322754,214400,0.0,0.0
2021-02-25 00:00:00-05:00,9.890000343322754,9.890000343322754,9.199999809265137,9.430000305175781,322900,0.0,0.0
2021-02-26 00:00:00-05:00,9.420000076293945,10.449999809265137,9.199999809265137,10.0600004196167,932900,0.0,0.0
2021-03-01 00:00:00-05:00,10.029999732971191,10.59000015258789,9.890000343322754,10.300000190734863,194800,0.0,0.0
2021-03-02 00:00:00-05:00,10.420000076293945,10.989999771118164,9.920000076293945,10.010000228881836,805400,0.0,0.0
2021-03-03 00:00:00-05:00,10.670000076293945,11.279999732971191,9.970000267028809,10.279999732971191,953900,0.0,0.0
2021-03-04 00:00:00-05:00,10.270000457763672,10.270000457763672,9.050000190734863,9.210000038146973,313600,0.0,0.0
2021-03-05 00:00:00-05:00,9.079999923706055,9.279999732971191,8.180000305175781,8.720000267028809,252700,0.0,0.0
2021-03-08 00:00:00-05:00,8.84000015258789,9.399999618530273,8.739999771118164,9.359999656677246,142500,0.0,0.0
2021-03-09 00:00:00-05:00,9.529999732971191,10.489999771118164,9.199999809265137,10.09000015258789,1207600,0.0,0.0
2021-03-10 00:00:00-05:00,10.520000457763672,10.520000457763672,9.920000076293945,10.140000343322754,209700,0.0,0.0
2021-03-11 00:00:00-05:00,10.199999809265137,11.979999542236328,10.079999923706055,11.5,941000,0.0,0.0
2021-03-12 00:00:00-05:00,10.789999961853027,11.470000267028809,10.529999732971191,11.350000381469727,186600,0.0,0.0
2021-03-15 00:00:00-04:00,11.369999885559082,11.470000267028809,11.069999694824219,11.130000114440918,85000,0.0,0.0
2021-03-16 00:00:00-04:00,11.1899995803833,11.199999809265137,10.75,11.010000228881836,144500,0.0,0.0
2021-03-17 00:00:00-04:00,10.869999885559082,11.199999809265137,10.699999809265137,11.199999809265137,104800,0.0,0.0
2021-03-18 00:00:00-04:00,11.15999984741211,11.630000114440918,10.609999656677246,10.6899995803833,211000,0.0,0.0
2021-03-19 00:00:00-04:00,10.869999885559082,11.119999885559082,10.300000190734863,10.4399995803833,141900,0.0,0.0
2021-03-22 00:00:00-04:00,10.609999656677246,10.630000114440918,10.3100004196167,10.329999923706055,75800,0.0,0.0
2021-03-23 00:00:00-04:00,10.260000228881836,10.40999984741211,9.920000076293945,10.010000228881836,122000,0.0,0.0
2021-03-24 00:00:00-04:00,10.079999923706055,10.449999809265137,9.430000305175781,9.449999809265137,186900,0.0,0.0
2021-03-25 00:00:00-04:00,9.289999961853027,9.729999542236328,9.109999656677246,9.720000267028809,167500,0.0,0.0
2021-03-26 00:00:00-04:00,9.75,10.100000381469727,9.449999809265137,9.680000305175781,117700,0.0,0.0
2021-03-29 00:00:00-04:00,9.619999885559082,9.869999885559082,8.829999923706055,8.829999923706055,109700,0.0,0.0
2021-03-30 00:00:00-04:00,8.9399995803833,9.40999984741211,8.850000381469727,9.109999656677246,126300,0.0,0.0
2021-03-31 00:00:00-04:00,9.109999656677246,9.260000228881836,8.960000038146973,9.079999923706055,115200,0.0,0.0
2021-04-01 00:00:00-04:00,9.15999984741211,9.550000190734863,8.899999618530273,9.539999961853027,155000,0.0,0.0
2021-04-05 00:00:00-04:00,9.789999961853027,9.930000305175781,9.449999809265137,9.670000076293945,88500,0.0,0.0
2021-04-06 00:00:00-04:00,9.630000114440918,9.75,9.470000267028809,9.699999809265137,32600,0.0,0.0
2021-04-07 00:00:00-04:00,9.699999809265137,9.779999732971191,9.279999732971191,9.600000381469727,115600,0.0,0.0
2021-04-08 00:00:00-04:00,9.539999961853027,9.539999961853027,9.069999694824219,9.210000038146973,72900,0.0,0.0
2021-04-09 00:00:00-04:00,9.229999542236328,9.890000343322754,9.149999618530273,9.390000343322754,316200,0.0,0.0
2021-04-12 00:00:00-04:00,9.380000114440918,9.420000076293945,8.890000343322754,9.020000457763672,298100,0.0,0.0
2021-04-13 00:00:00-04:00,8.869999885559082,9.489999771118164,8.539999961853027,9.319999694824219,269200,0.0,0.0
2021-04-14 00:00:00-04:00,9.239999771118164,9.239999771118164,8.800000190734863,8.979999542236328,90700,0.0,0.0
2021-04-15 00:00:00-04:00,9.0600004196167,9.239999771118164,8.6899995803833,8.720000267028809,107900,0.0,0.0
2021-04-16 00:00:00-04:00,8.800000190734863,8.800000190734863,8.449999809265137,8.6899995803833,74200,0.0,0.0
2021-04-19 00:00:00-04:00,8.600000381469727,8.600000381469727,8.199999809265137,8.3100004196167,80700,0.0,0.0
2021-04-20 00:00:00-04:00,8.260000228881836,8.369999885559082,7.849999904632568,8.350000381469727,231300,0.0,0.0
2021-04-21 00:00:00-04:00,8.149999618530273,8.380000114440918,7.869999885559082,8.149999618530273,136000,0.0,0.0
2021-04-22 00:00:00-04:00,8.25,8.5,8.010000228881836,8.270000457763672,58400,0.0,0.0
2021-04-23 00:00:00-04:00,8.25,8.90999984741211,8.220000267028809,8.520000457763672,147100,0.0,0.0
2021-04-26 00:00:00-04:00,8.59000015258789,8.880000114440918,8.4399995803833,8.6899995803833,42400,0.0,0.0
2021-04-27 00:00:00-04:00,8.739999771118164,8.90999984741211,8.489999771118164,8.699999809265137,127800,0.0,0.0
2021-04-28 00:00:00-04:00,8.760000228881836,9.149999618530273,8.710000038146973,8.8100004196167,182100,0.0,0.0
2021-04-29 00:00:00-04:00,8.8100004196167,8.899999618530273,8.600000381469727,8.630000114440918,29200,0.0,0.0
2021-04-30 00:00:00-04:00,8.630000114440918,8.819999694824219,8.630000114440918,8.739999771118164,22400,0.0,0.0
2021-05-03 00:00:00-04:00,8.800000190734863,8.899999618530273,8.75,8.800000190734863,18500,0.0,0.0
2021-05-04 00:00:00-04:00,8.800000190734863,8.800000190734863,8.300000190734863,8.3100004196167,139700,0.0,0.0
2021-05-05 00:00:00-04:00,8.329999923706055,8.380000114440918,8.109999656677246,8.270000457763672,36500,0.0,0.0
2021-05-06 00:00:00-04:00,8.180000305175781,8.239999771118164,7.820000171661377,7.900000095367432,67400,0.0,0.0
2021-05-07 00:00:00-04:00,7.940000057220459,8.180000305175781,7.900000095367432,8.050000190734863,18200,0.0,0.0
2021-05-10 00:00:00-04:00,8.020000457763672,8.180000305175781,7.869999885559082,7.920000076293945,20900,0.0,0.0
2021-05-11 00:00:00-04:00,7.78000020980835,8.279999732971191,7.650000095367432,8.199999809265137,77100,0.0,0.0
2021-05-12 00:00:00-04:00,8.0,8.6899995803833,7.820000171661377,7.869999885559082,504700,0.0,0.0
2021-05-13 00:00:00-04:00,7.900000095367432,8.109999656677246,7.630000114440918,7.820000171661377,127400,0.0,0.0
2021-05-14 00:00:00-04:00,7.820000171661377,8.029999732971191,7.739999771118164,7.920000076293945,50600,0.0,0.0
2021-05-17 00:00:00-04:00,7.789999961853027,8.260000228881836,7.670000076293945,7.78000020980835,156000,0.0,0.0
2021-05-18 00:00:00-04:00,7.800000190734863,8.100000381469727,7.75,7.989999771118164,88100,0.0,0.0
2021-05-19 00:00:00-04:00,7.800000190734863,8.140000343322754,7.650000095367432,8.100000381469727,123600,0.0,0.0
2021-05-20 00:00:00-04:00,8.100000381469727,8.789999961853027,7.880000114440918,8.350000381469727,3103000,0.0,0.0
2021-05-21 00:00:00-04:00,8.420000076293945,9.539999961853027,8.140000343322754,8.25,1025700,0.0,0.0
2021-05-24 00:00:00-04:00,8.350000381469727,8.420000076293945,7.849999904632568,8.010000228881836,345700,0.0,0.0
2021-05-25 00:00:00-04:00,8.010000228881836,8.279999732971191,7.75,7.900000095367432,354400,0.0,0.0
2021-05-26 00:00:00-04:00,7.980000019073486,8.430000305175781,7.909999847412109,8.0,578400,0.0,0.0
2021-05-27 00:00:00-04:00,7.949999809265137,8.350000381469727,7.949999809265137,8.25,220800,0.0,0.0
2021-05-28 00:00:00-04:00,8.210000038146973,8.6899995803833,8.15999984741211,8.5600004196167,184900,0.0,0.0
2021-06-01 00:00:00-04:00,8.670000076293945,9.1899995803833,8.600000381469727,9.140000343322754,274100,0.0,0.0
2021-06-02 00:00:00-04:00,9.199999809265137,9.979999542236328,9.0600004196167,9.899999618530273,1178200,0.0,0.0
2021-06-03 00:00:00-04:00,9.729999542236328,10.399999618530273,9.229999542236328,10.199999809265137,566300,0.0,0.0
2021-06-04 00:00:00-04:00,10.760000228881836,11.8100004196167,10.5,11.699999809265137,536100,0.0,0.0
2021-06-07 00:00:00-04:00,11.989999771118164,14.949999809265137,11.989999771118164,14.300000190734863,1829800,0.0,0.0
2021-06-08 00:00:00-04:00,14.4399995803833,17.950000762939453,14.300000190734863,16.559999465942383,2511700,0.0,0.0
2021-06-09 00:00:00-04:00,16.049999237060547,16.049999237060547,13.520000457763672,13.829999923706055,698900,0.0,0.0
2021-06-10 00:00:00-04:00,13.970000267028809,14.399999618530273,12.369999885559082,12.430000305175781,348800,0.0,0.0
2021-06-11 00:00:00-04:00,12.880000114440918,16.670000076293945,12.829999923706055,15.4399995803833,2033500,0.0,0.0
2021-06-14 00:00:00-04:00,16.489999771118164,19.209999084472656,14.149999618530273,15.15999984741211,2043600,0.0,0.0
2021-06-15 00:00:00-04:00,14.350000381469727,14.979999542236328,13.510000228881836,13.930000305175781,1204200,0.0,0.0
2021-06-16 00:00:00-04:00,13.319999694824219,14.489999771118164,13.020000457763672,13.359999656677246,514600,0.0,0.0
2021-06-17 00:00:00-04:00,13.329999923706055,13.34000015258789,10.579999923706055,11.430000305175781,833700,0.0,0.0
2021-06-18 00:00:00-04:00,10.789999961853027,11.09000015258789,9.869999885559082,10.010000228881836,484200,0.0,0.0
2021-06-21 00:00:00-04:00,9.739999771118164,10.630000114440918,9.670000076293945,10.520000457763672,404400,0.0,0.0
2021-06-22 00:00:00-04:00,10.300000190734863,10.300000190734863,9.3100004196167,10.100000381469727,377100,0.0,0.0
2021-06-23 00:00:00-04:00,9.979999542236328,10.640000343322754,9.899999618530273,10.220000267028809,174400,0.0,0.0
2021-06-24 00:00:00-04:00,10.220000267028809,11.670000076293945,10.180000305175781,11.3100004196167,862200,0.0,0.0
2021-06-25 00:00:00-04:00,11.050000190734863,12.100000381469727,10.399999618530273,10.970000267028809,1067200,0.0,0.0
2021-06-28 00:00:00-04:00,11.050000190734863,14.5,10.399999618530273,12.699999809265137,5890300,0.0,0.0
2021-06-29 00:00:00-04:00,12.369999885559082,13.199999809265137,11.600000381469727,11.739999771118164,1146400,0.0,0.0
2021-06-30 00:00:00-04:00,11.600000381469727,11.859999656677246,9.880000114440918,10.239999771118164,1491300,0.0,0.0
2021-07-01 00:00:00-04:00,10.520000457763672,11.020000457763672,10.239999771118164,11.0,510300,0.0,0.0
2021-07-02 00:00:00-04:00,11.079999923706055,11.380000114440918,10.149999618530273,10.600000381469727,550900,0.0,0.0
2021-07-06 00:00:00-04:00,10.270000457763672,10.5600004196167,9.739999771118164,9.800000190734863,417400,0.0,0.0
2021-07-07 00:00:00-04:00,10.1899995803833,12.630000114440918,9.84000015258789,10.579999923706055,5251500,0.0,0.0
2021-07-08 00:00:00-04:00,17.43000030517578,38.869998931884766,16.610000610351562,21.889999389648438,95401100,0.0,0.0
2021-07-09 00:00:00-04:00,34.380001068115234,42.5,24.0,26.5,64622200,0.0,0.0
2021-07-12 00:00:00-04:00,30.229999542236328,32.9900016784668,21.06999969482422,21.700000762939453,9042200,0.0,0.0
2021-07-13 00:00:00-04:00,20.139999389648438,25.3700008392334,17.579999923706055,20.260000228881836,9881200,0.0,0.0
2021-07-14 00:00:00-04:00,19.709999084472656,20.780000686645508,17.510000228881836,17.770000457763672,2321200,0.0,0.0
2021-07-15 00:00:00-04:00,17.5,22.950000762939453,17.5,18.899999618530273,6106400,0.0,0.0
2021-07-16 00:00:00-04:00,19.200000762939453,19.200000762939453,17.0,17.450000762939453,927600,0.0,0.0
2021-07-19 00:00:00-04:00,16.6299991607666,18.0,15.5,15.970000267028809,1153400,0.0,0.0
2021-07-20 00:00:00-04:00,16.049999237060547,19.5,16.049999237060547,17.649999618530273,2684300,0.0,0.0
2021-07-21 00:00:00-04:00,17.100000381469727,19.25,17.049999237060547,17.549999237060547,1223600,0.0,0.0
2021-07-22 00:00:00-04:00,17.350000381469727,18.34000015258789,16.280000686645508,16.75,1506400,0.0,0.0
2021-07-23 00:00:00-04:00,16.479999542236328,17.610000610351562,14.210000038146973,14.3100004196167,1141600,0.0,0.0
2021-07-26 00:00:00-04:00,14.140000343322754,16.260000228881836,14.100000381469727,15.5600004196167,591300,0.0,0.0
2021-07-27 00:00:00-04:00,15.079999923706055,15.3100004196167,14.34000015258789,14.6899995803833,301500,0.0,0.0
2021-07-28 00:00:00-04:00,15.0,15.640000343322754,14.550000190734863,14.6899995803833,261600,0.0,0.0
2021-07-29 00:00:00-04:00,14.789999961853027,15.470000267028809,14.210000038146973,15.130000114440918,458100,0.0,0.0
2021-07-30 00:00:00-04:00,14.800000190734863,16.100000381469727,14.539999961853027,14.8100004196167,506700,0.0,0.0
2021-08-02 00:00:00-04:00,14.800000190734863,15.460000038146973,13.920000076293945,14.300000190734863,668600,0.0,0.0
2021-08-03 00:00:00-04:00,14.25,14.710000038146973,13.510000228881836,14.520000457763672,394200,0.0,0.0
2021-08-04 00:00:00-04:00,14.199999809265137,14.34000015258789,13.5600004196167,13.800000190734863,194000,0.0,0.0
2021-08-05 00:00:00-04:00,13.779999732971191,15.800000190734863,13.739999771118164,15.319999694824219,664100,0.0,0.0
2021-08-06 00:00:00-04:00,14.979999542236328,15.819999694824219,13.930000305175781,15.489999771118164,525100,0.0,0.0
2021-08-09 00:00:00-04:00,14.579999923706055,19.5,14.579999923706055,17.770000457763672,2175100,0.0,0.0
2021-08-10 00:00:00-04:00,17.510000228881836,19.75,16.920000076293945,19.549999237060547,968900,0.0,0.0
2021-08-11 00:00:00-04:00,19.34000015258789,19.979999542236328,18.600000381469727,19.40999984741211,433600,0.0,0.0
2021-08-12 00:00:00-04:00,19.149999618530273,19.149999618530273,17.520000457763672,17.989999771118164,212800,0.0,0.0
2021-08-13 00:00:00-04:00,17.709999084472656,17.709999084472656,16.360000610351562,16.790000915527344,216000,0.0,0.0
2021-08-16 00:00:00-04:00,16.81999969482422,18.8700008392334,16.530000686645508,17.520000457763672,457900,0.0,0.0
2021-08-17 00:00:00-04:00,16.709999084472656,17.209999084472656,14.670000076293945,15.960000038146973,381700,0.0,0.0
2021-08-18 00:00:00-04:00,15.800000190734863,17.899999618530273,15.800000190734863,17.290000915527344,378300,0.0,0.0
2021-08-19 00:00:00-04:00,16.780000686645508,16.969999313354492,16.34000015258789,16.530000686645508,154000,0.0,0.0
2021-08-20 00:00:00-04:00,16.299999237060547,16.81999969482422,16.299999237060547,16.799999237060547,90300,0.0,0.0
2021-08-23 00:00:00-04:00,17.34000015258789,17.979999542236328,17.030000686645508,17.770000457763672,86600,0.0,0.0
2021-08-24 00:00:00-04:00,17.639999389648438,18.450000762939453,17.3799991607666,17.68000030517578,126400,0.0,0.0
2021-08-25 00:00:00-04:00,17.420000076293945,18.350000381469727,17.15999984741211,17.670000076293945,121200,0.0,0.0
2021-08-26 00:00:00-04:00,17.229999542236328,17.75,17.059999465942383,17.25,68500,0.0,0.0
2021-08-27 00:00:00-04:00,16.899999618530273,18.59000015258789,16.809999465942383,18.200000762939453,117500,0.0,0.0
2021-08-30 00:00:00-04:00,18.15999984741211,18.209999084472656,17.010000228881836,17.489999771118164,97800,0.0,0.0
2021-08-31 00:00:00-04:00,17.670000076293945,19.3799991607666,17.270000457763672,18.65999984741211,338200,0.0,0.0
2021-09-01 00:00:00-04:00,18.850000381469727,19.75,18.1299991607666,19.299999237060547,239200,0.0,0.0
2021-09-02 00:00:00-04:00,19.06999969482422,20.389999389648438,18.3700008392334,18.700000762939453,336500,0.0,0.0
2021-09-03 00:00:00-04:00,18.700000762939453,18.829999923706055,16.3700008392334,16.5,249900,0.0,0.0
2021-09-07 00:00:00-04:00,16.600000381469727,17.6299991607666,16.600000381469727,16.950000762939453,146500,0.0,0.0
2021-09-08 00:00:00-04:00,16.600000381469727,16.940000534057617,16.020000457763672,16.600000381469727,187100,0.0,0.0
2021-09-09 00:00:00-04:00,16.469999313354492,17.1200008392334,16.149999618530273,16.56999969482422,83500,0.0,0.0
2021-09-10 00:00:00-04:00,16.709999084472656,17.0,15.770000457763672,15.920000076293945,80500,0.0,0.0
2021-09-13 00:00:00-04:00,16.059999465942383,16.299999237060547,15.390000343322754,15.930000305175781,113300,0.0,0.0
2021-09-14 00:00:00-04:00,15.9399995803833,16.170000076293945,14.289999961853027,14.789999961853027,296800,0.0,0.0
2021-09-15 00:00:00-04:00,14.539999961853027,15.640000343322754,14.510000228881836,15.199999809265137,115400,0.0,0.0
2021-09-16 00:00:00-04:00,14.010000228881836,15.5,13.84000015258789,15.239999771118164,205200,0.0,0.0
2021-09-17 00:00:00-04:00,14.979999542236328,15.5,14.680000305175781,15.270000457763672,111700,0.0,0.0
2021-09-20 00:00:00-04:00,14.539999961853027,15.25,12.539999961853027,13.149999618530273,353700,0.0,0.0
2021-09-21 00:00:00-04:00,13.1899995803833,14.100000381469727,13.1899995803833,13.880000114440918,88100,0.0,0.0
2021-09-22 00:00:00-04:00,13.869999885559082,14.550000190734863,13.819999694824219,13.9399995803833,77500,0.0,0.0
2021-09-23 00:00:00-04:00,14.069999694824219,14.930000305175781,14.029999732971191,14.649999618530273,55400,0.0,0.0
2021-09-24 00:00:00-04:00,14.5,15.0,14.279999732971191,14.829999923706055,42200,0.0,0.0
2021-09-27 00:00:00-04:00,14.869999885559082,18.979999542236328,14.550000190734863,17.6299991607666,451800,0.0,0.0
2021-09-28 00:00:00-04:00,17.100000381469727,19.309999465942383,16.579999923706055,17.18000030517578,577800,0.0,0.0
2021-09-29 00:00:00-04:00,17.200000762939453,17.5,16.510000228881836,16.81999969482422,84800,0.0,0.0
2021-09-30 00:00:00-04:00,16.790000915527344,18.290000915527344,16.260000228881836,17.799999237060547,171800,0.0,0.0
2021-10-01 00:00:00-04:00,17.81999969482422,19.229999542236328,17.0,17.290000915527344,354200,0.0,0.0
2021-10-04 00:00:00-04:00,16.959999084472656,17.6299991607666,16.90999984741211,17.290000915527344,62500,0.0,0.0
2021-10-05 00:00:00-04:00,17.489999771118164,21.0,17.139999389648438,17.90999984741211,2859200,0.0,0.0
2021-10-06 00:00:00-04:00,16.979999542236328,18.489999771118164,16.43000030517578,16.899999618530273,331600,0.0,0.0
2021-10-07 00:00:00-04:00,16.969999313354492,17.030000686645508,15.819999694824219,16.31999969482422,154500,0.0,0.0
2021-10-08 00:00:00-04:00,16.25,17.239999771118164,16.100000381469727,16.959999084472656,141000,0.0,0.0
2021-10-11 00:00:00-04:00,17.170000076293945,18.170000076293945,17.059999465942383,17.229999542236328,140100,0.0,0.0
2021-10-12 00:00:00-04:00,17.0,17.8700008392334,16.670000076293945,17.059999465942383,337500,0.0,0.0
2021-10-13 00:00:00-04:00,17.059999465942383,17.649999618530273,16.670000076293945,17.15999984741211,102600,0.0,0.0
2021-10-14 00:00:00-04:00,17.270000457763672,17.790000915527344,17.139999389648438,17.299999237060547,65100,0.0,0.0
2021-10-15 00:00:00-04:00,17.6200008392334,18.1200008392334,17.329999923706055,17.34000015258789,84600,0.0,0.0
2021-10-18 00:00:00-04:00,17.06999969482422,17.389999389648438,16.81999969482422,17.049999237060547,114300,0.0,0.0
2021-10-19 00:00:00-04:00,17.1299991607666,17.299999237060547,15.890000343322754,16.309999465942383,103100,0.0,0.0
2021-10-20 00:00:00-04:00,16.200000762939453,16.43000030517578,15.75,15.859999656677246,104300,0.0,0.0
2021-10-21 00:00:00-04:00,15.850000381469727,16.389999389648438,15.25,15.869999885559082,107100,0.0,0.0
2021-10-22 00:00:00-04:00,15.619999885559082,16.700000762939453,15.220000267028809,15.65999984741211,163800,0.0,0.0
2021-10-25 00:00:00-04:00,15.680000305175781,18.3799991607666,14.800000190734863,15.220000267028809,1136600,0.0,0.0
2021-10-26 00:00:00-04:00,15.109999656677246,15.4399995803833,14.0600004196167,14.449999809265137,256300,0.0,0.0
2021-10-27 00:00:00-04:00,14.399999618530273,15.039999961853027,14.010000228881836,14.569999694824219,156100,0.0,0.0
2021-10-28 00:00:00-04:00,14.550000190734863,15.449999809265137,14.220000267028809,14.630000114440918,207300,0.0,0.0
2021-10-29 00:00:00-04:00,14.680000305175781,14.869999885559082,14.399999618530273,14.760000228881836,35500,0.0,0.0
2021-11-01 00:00:00-04:00,14.729999542236328,15.300000190734863,14.649999618530273,14.829999923706055,80000,0.0,0.0
2021-11-02 00:00:00-04:00,14.770000457763672,15.039999961853027,14.210000038146973,14.510000228881836,43300,0.0,0.0
2021-11-03 00:00:00-04:00,14.5600004196167,15.239999771118164,14.479999542236328,14.649999618530273,102500,0.0,0.0
2021-11-04 00:00:00-04:00,14.720000267028809,15.729999542236328,14.390000343322754,15.4399995803833,130400,0.0,0.0
2021-11-05 00:00:00-04:00,15.539999961853027,15.65999984741211,14.90999984741211,15.109999656677246,29100,0.0,0.0
2021-11-08 00:00:00-05:00,15.350000381469727,15.6899995803833,15.25,15.65999984741211,37400,0.0,0.0
2021-11-09 00:00:00-05:00,15.59000015258789,15.59000015258789,14.930000305175781,15.149999618530273,34700,0.0,0.0
2021-11-10 00:00:00-05:00,15.010000228881836,15.130000114440918,14.550000190734863,14.819999694824219,40800,0.0,0.0
2021-11-11 00:00:00-05:00,14.890000343322754,15.3100004196167,14.59000015258789,14.649999618530273,32900,0.0,0.0
2021-11-12 00:00:00-05:00,14.600000381469727,14.699999809265137,14.25,14.489999771118164,45200,0.0,0.0
2021-11-15 00:00:00-05:00,14.649999618530273,15.25,14.260000228881836,14.880000114440918,80200,0.0,0.0
2021-11-16 00:00:00-05:00,14.9399995803833,15.100000381469727,13.600000381469727,13.800000190734863,199600,0.0,0.0
2021-11-17 00:00:00-05:00,13.850000381469727,14.279999732971191,13.539999961853027,13.729999542236328,78900,0.0,0.0
2021-11-18 00:00:00-05:00,13.600000381469727,13.989999771118164,13.229999542236328,13.729999542236328,54700,0.0,0.0
2021-11-19 00:00:00-05:00,13.529999732971191,13.8100004196167,11.369999885559082,11.579999923706055,266300,0.0,0.0
2021-11-22 00:00:00-05:00,11.579999923706055,12.6899995803833,11.180000305175781,12.5,243300,0.0,0.0
2021-11-23 00:00:00-05:00,12.5,12.75,11.890000343322754,12.430000305175781,64100,0.0,0.0
2021-11-24 00:00:00-05:00,12.329999923706055,12.399999618530273,11.149999618530273,11.350000381469727,119500,0.0,0.0
2021-11-26 00:00:00-05:00,11.300000190734863,11.390000343322754,10.390000343322754,10.880000114440918,78200,0.0,0.0
2021-11-29 00:00:00-05:00,11.010000228881836,11.5600004196167,10.5,11.039999961853027,256800,0.0,0.0
2021-11-30 00:00:00-05:00,10.8100004196167,12.0,10.699999809265137,11.729999542236328,147700,0.0,0.0
2021-12-01 00:00:00-05:00,11.899999618530273,13.550000190734863,11.670000076293945,11.880000114440918,512800,0.0,0.0
2021-12-02 00:00:00-05:00,11.779999732971191,12.069999694824219,11.050000190734863,11.6899995803833,117200,0.0,0.0
2021-12-03 00:00:00-05:00,11.6899995803833,11.6899995803833,10.510000228881836,10.520000457763672,95700,0.0,0.0
2021-12-06 00:00:00-05:00,10.550000190734863,11.670000076293945,10.270000457763672,11.369999885559082,116400,0.0,0.0
2021-12-07 00:00:00-05:00,11.270000457763672,12.5,11.270000457763672,12.289999961853027,183500,0.0,0.0
2021-12-08 00:00:00-05:00,12.289999961853027,12.979999542236328,11.869999885559082,12.770000457763672,142700,0.0,0.0
2021-12-09 00:00:00-05:00,12.470000267028809,13.020000457763672,12.100000381469727,12.399999618530273,85000,0.0,0.0
2021-12-10 00:00:00-05:00,12.420000076293945,12.619999885559082,11.670000076293945,11.710000038146973,41000,0.0,0.0
2021-12-13 00:00:00-05:00,12.569999694824219,12.800000190734863,11.1899995803833,11.380000114440918,98100,0.0,0.0
2021-12-14 00:00:00-05:00,11.109999656677246,11.25,9.3100004196167,9.539999961853027,226100,0.0,0.0
2021-12-15 00:00:00-05:00,9.600000381469727,10.079999923706055,9.050000190734863,10.079999923706055,383000,0.0,0.0
2021-12-16 00:00:00-05:00,10.069999694824219,10.380000114440918,9.5600004196167,9.739999771118164,58700,0.0,0.0
2021-12-17 00:00:00-05:00,9.640000343322754,11.4399995803833,9.199999809265137,9.75,522700,0.0,0.0
2021-12-20 00:00:00-05:00,9.489999771118164,9.699999809265137,8.9399995803833,9.529999732971191,89000,0.0,0.0
2021-12-21 00:00:00-05:00,9.609999656677246,10.619999885559082,9.539999961853027,10.170000076293945,239400,0.0,0.0
2021-12-22 00:00:00-05:00,10.140000343322754,10.350000381469727,9.9399995803833,10.069999694824219,29400,0.0,0.0
2021-12-23 00:00:00-05:00,10.079999923706055,10.119999885559082,9.75,9.880000114440918,28600,0.0,0.0
2021-12-27 00:00:00-05:00,9.789999961853027,10.390000343322754,9.100000381469727,9.109999656677246,404100,0.0,0.0
2021-12-28 00:00:00-05:00,9.199999809265137,9.729999542236328,8.899999618530273,9.15999984741211,68200,0.0,0.0
2021-12-29 00:00:00-05:00,9.010000228881836,9.010000228881836,8.729999542236328,8.729999542236328,51200,0.0,0.0
2021-12-30 00:00:00-05:00,8.850000381469727,9.350000381469727,8.84000015258789,8.970000267028809,69800,0.0,0.0
2021-12-31 00:00:00-05:00,8.880000114440918,9.260000228881836,8.260000228881836,8.539999961853027,521000,0.0,0.0
2022-01-03 00:00:00-05:00,8.569999694824219,9.399999618530273,8.300000190734863,9.029999732971191,115200,0.0,0.0
2022-01-04 00:00:00-05:00,9.229999542236328,9.25,8.770000457763672,8.949999809265137,55900,0.0,0.0
2022-01-05 00:00:00-05:00,8.890000343322754,9.239999771118164,8.3100004196167,8.350000381469727,123000,0.0,0.0
2022-01-06 00:00:00-05:00,8.59000015258789,8.59000015258789,7.809999942779541,8.25,137000,0.0,0.0
2022-01-07 00:00:00-05:00,8.199999809265137,8.449999809265137,7.869999885559082,7.900000095367432,44400,0.0,0.0
2022-01-10 00:00:00-05:00,7.900000095367432,7.989999771118164,7.429999828338623,7.699999809265137,45700,0.0,0.0
2022-01-11 00:00:00-05:00,7.75,8.34000015258789,7.590000152587891,8.109999656677246,69600,0.0,0.0
2022-01-12 00:00:00-05:00,8.1899995803833,8.319999694824219,8.0600004196167,8.119999885559082,28700,0.0,0.0
2022-01-13 00:00:00-05:00,7.989999771118164,8.680000305175781,7.940000057220459,8.180000305175781,105100,0.0,0.0
2022-01-14 00:00:00-05:00,8.0600004196167,8.260000228881836,7.75,8.069999694824219,62800,0.0,0.0
2022-01-18 00:00:00-05:00,8.0600004196167,8.300000190734863,7.78000020980835,7.900000095367432,77200,0.0,0.0
2022-01-19 00:00:00-05:00,7.869999885559082,8.050000190734863,7.570000171661377,7.670000076293945,56400,0.0,0.0
2022-01-20 00:00:00-05:00,7.630000114440918,8.130000114440918,7.619999885559082,7.849999904632568,52600,0.0,0.0
2022-01-21 00:00:00-05:00,7.71999979019165,7.820000171661377,7.139999866485596,7.300000190734863,98100,0.0,0.0
2022-01-24 00:00:00-05:00,7.079999923706055,7.599999904632568,6.650000095367432,7.420000076293945,73600,0.0,0.0
2022-01-25 00:00:00-05:00,7.190000057220459,7.71999979019165,6.96999979019165,7.449999809265137,58300,0.0,0.0
2022-01-26 00:00:00-05:00,7.440000057220459,7.619999885559082,6.699999809265137,6.949999809265137,60000,0.0,0.0
2022-01-27 00:00:00-05:00,6.949999809265137,7.5,6.650000095367432,6.760000228881836,202600,0.0,0.0
2022-01-28 00:00:00-05:00,6.789999961853027,7.119999885559082,6.5,6.900000095367432,104400,0.0,0.0
2022-01-31 00:00:00-05:00,6.929999828338623,7.21999979019165,6.849999904632568,7.090000152587891,91200,0.0,0.0
2022-02-01 00:00:00-05:00,7.179999828338623,9.170000076293945,7.179999828338623,8.369999885559082,573400,0.0,0.0
2022-02-02 00:00:00-05:00,8.369999885559082,8.449999809265137,7.5,7.96999979019165,111700,0.0,0.0
2022-02-03 00:00:00-05:00,7.840000152587891,8.020000457763672,7.5,7.739999771118164,42100,0.0,0.0
2022-02-04 00:00:00-05:00,7.769999980926514,8.050000190734863,7.570000171661377,7.989999771118164,67100,0.0,0.0
2022-02-07 00:00:00-05:00,8.010000228881836,8.65999984741211,7.869999885559082,8.449999809265137,66300,0.0,0.0
2022-02-08 00:00:00-05:00,8.510000228881836,8.619999885559082,8.050000190734863,8.210000038146973,30100,0.0,0.0
2022-02-09 00:00:00-05:00,8.40999984741211,8.760000228881836,8.270000457763672,8.65999984741211,31700,0.0,0.0
2022-02-10 00:00:00-05:00,8.619999885559082,9.15999984741211,8.609999656677246,8.899999618530273,83800,0.0,0.0
2022-02-11 00:00:00-05:00,8.84000015258789,8.970000267028809,8.149999618530273,8.420000076293945,42300,0.0,0.0
2022-02-14 00:00:00-05:00,8.420000076293945,8.75,8.369999885559082,8.420000076293945,57100,0.0,0.0
2022-02-15 00:00:00-05:00,8.449999809265137,8.850000381469727,8.449999809265137,8.640000343322754,23100,0.0,0.0
2022-02-16 00:00:00-05:00,8.710000038146973,9.140000343322754,8.699999809265137,9.010000228881836,23000,0.0,0.0
2022-02-17 00:00:00-05:00,9.100000381469727,9.34000015258789,8.680000305175781,8.699999809265137,32000,0.0,0.0
2022-02-18 00:00:00-05:00,8.859999656677246,8.989999771118164,8.399999618530273,8.40999984741211,54800,0.0,0.0
2022-02-22 00:00:00-05:00,8.449999809265137,8.640000343322754,8.039999961853027,8.039999961853027,56100,0.0,0.0
2022-02-23 00:00:00-05:00,8.050000190734863,8.300000190734863,7.610000133514404,7.670000076293945,44200,0.0,0.0
2022-02-24 00:00:00-05:00,7.199999809265137,7.800000190734863,7.059999942779541,7.349999904632568,109400,0.0,0.0
2022-02-25 00:00:00-05:00,7.5,7.5,7.289999961853027,7.400000095367432,42000,0.0,0.0
2022-02-28 00:00:00-05:00,7.179999828338623,7.559999942779541,7.179999828338623,7.380000114440918,32100,0.0,0.0
2022-03-01 00:00:00-05:00,7.380000114440918,7.5,7.300000190734863,7.389999866485596,18700,0.0,0.0
2022-03-02 00:00:00-05:00,7.090000152587891,7.389999866485596,7.090000152587891,7.130000114440918,40200,0.0,0.0
2022-03-03 00:00:00-05:00,7.21999979019165,7.25,7.010000228881836,7.150000095367432,24400,0.0,0.0
2022-03-04 00:00:00-05:00,7.150000095367432,7.25,6.880000114440918,6.989999771118164,41500,0.0,0.0
2022-03-07 00:00:00-05:00,6.989999771118164,7.150000095367432,6.75,6.840000152587891,35400,0.0,0.0
2022-03-08 00:00:00-05:00,6.789999961853027,7.199999809265137,6.699999809265137,6.78000020980835,79300,0.0,0.0
2022-03-09 00:00:00-05:00,6.960000038146973,7.0,6.809999942779541,6.849999904632568,39100,0.0,0.0
2022-03-10 00:00:00-05:00,6.820000171661377,6.949999809265137,6.070000171661377,6.389999866485596,159000,0.0,0.0
2022-03-11 00:00:00-05:00,6.53000020980835,6.670000076293945,6.309999942779541,6.619999885559082,76500,0.0,0.0
2022-03-14 00:00:00-04:00,6.610000133514404,6.820000171661377,6.400000095367432,6.420000076293945,28400,0.0,0.0
2022-03-15 00:00:00-04:00,6.489999771118164,6.630000114440918,6.28000020980835,6.579999923706055,27500,0.0,0.0
2022-03-16 00:00:00-04:00,6.639999866485596,7.230000019073486,6.329999923706055,6.730000019073486,442200,0.0,0.0
2022-03-17 00:00:00-04:00,6.690000057220459,7.050000190734863,6.429999828338623,6.900000095367432,214700,0.0,0.0
2022-03-18 00:00:00-04:00,6.900000095367432,7.369999885559082,6.639999866485596,6.949999809265137,531700,0.0,0.0
2022-03-21 00:00:00-04:00,7.079999923706055,7.079999923706055,6.579999923706055,6.829999923706055,83300,0.0,0.0
2022-03-22 00:00:00-04:00,6.769999980926514,7.050000190734863,6.769999980926514,6.940000057220459,65600,0.0,0.0
2022-03-23 00:00:00-04:00,6.869999885559082,7.139999866485596,6.829999923706055,6.960000038146973,38800,0.0,0.0
2022-03-24 00:00:00-04:00,6.980000019073486,7.059999942779541,6.75,6.880000114440918,48800,0.0,0.0
2022-03-25 00:00:00-04:00,6.840000152587891,7.170000076293945,6.679999828338623,6.849999904632568,145900,0.0,0.0
2022-03-28 00:00:00-04:00,6.980000019073486,7.019999980926514,6.75,6.920000076293945,45300,0.0,0.0
2022-03-29 00:00:00-04:00,6.949999809265137,7.090000152587891,6.929999828338623,6.960000038146973,38000,0.0,0.0
2022-03-30 00:00:00-04:00,6.949999809265137,7.170000076293945,6.849999904632568,6.880000114440918,29700,0.0,0.0
2022-03-31 00:00:00-04:00,6.929999828338623,7.159999847412109,6.769999980926514,7.0,48600,0.0,0.0
2022-04-01 00:00:00-04:00,7.099999904632568,7.429999828338623,7.059999942779541,7.28000020980835,64100,0.0,0.0
2022-04-04 00:00:00-04:00,7.389999866485596,7.489999771118164,7.210000038146973,7.289999961853027,30700,0.0,0.0
2022-04-05 00:00:00-04:00,7.28000020980835,7.349999904632568,7.099999904632568,7.190000057220459,24600,0.0,0.0
2022-04-06 00:00:00-04:00,7.03000020980835,7.28000020980835,6.909999847412109,7.050000190734863,78700,0.0,0.0
2022-04-07 00:00:00-04:00,7.079999923706055,7.119999885559082,6.809999942779541,6.900000095367432,26500,0.0,0.0
2022-04-08 00:00:00-04:00,6.809999942779541,7.340000152587891,6.800000190734863,7.070000171661377,84000,0.0,0.0
2022-04-11 00:00:00-04:00,7.070000171661377,7.570000171661377,7.0,7.400000095367432,99300,0.0,0.0
2022-04-12 00:00:00-04:00,7.5,7.690000057220459,6.75,6.809999942779541,703600,0.0,0.0
2022-04-13 00:00:00-04:00,6.800000190734863,6.989999771118164,6.690000057220459,6.880000114440918,88400,0.0,0.0
2022-04-14 00:00:00-04:00,6.929999828338623,6.980000019073486,6.760000228881836,6.800000190734863,31400,0.0,0.0
2022-04-18 00:00:00-04:00,6.960000038146973,7.079999923706055,6.829999923706055,6.980000019073486,38400,0.0,0.0
2022-04-19 00:00:00-04:00,6.900000095367432,7.289999961853027,6.900000095367432,7.170000076293945,168300,0.0,0.0
2022-04-20 00:00:00-04:00,7.21999979019165,7.320000171661377,7.0,7.190000057220459,102000,0.0,0.0
2022-04-21 00:00:00-04:00,7.110000133514404,7.289999961853027,6.829999923706055,6.889999866485596,107900,0.0,0.0
2022-04-22 00:00:00-04:00,6.840000152587891,7.0,6.650000095367432,6.760000228881836,62400,0.0,0.0
2022-04-25 00:00:00-04:00,6.670000076293945,6.880000114440918,6.650000095367432,6.840000152587891,32700,0.0,0.0
2022-04-26 00:00:00-04:00,6.760000228881836,7.059999942779541,6.570000171661377,6.78000020980835,174500,0.0,0.0
2022-04-27 00:00:00-04:00,6.730000019073486,6.949999809265137,6.710000038146973,6.829999923706055,90300,0.0,0.0
2022-04-28 00:00:00-04:00,6.829999923706055,7.050000190734863,6.639999866485596,6.949999809265137,97300,0.0,0.0
2022-04-29 00:00:00-04:00,6.849999904632568,7.340000152587891,6.849999904632568,7.159999847412109,148800,0.0,0.0
2022-05-02 00:00:00-04:00,7.150000095367432,7.510000228881836,7.119999885559082,7.429999828338623,132400,0.0,0.0
2022-05-03 00:00:00-04:00,7.460000038146973,7.739999771118164,7.449999809265137,7.630000114440918,140500,0.0,0.0
2022-05-04 00:00:00-04:00,7.730000019073486,8.149999618530273,7.550000190734863,8.149999618530273,98000,0.0,0.0
2022-05-05 00:00:00-04:00,8.170000076293945,9.130000114440918,8.109999656677246,8.989999771118164,429800,0.0,0.0
2022-05-06 00:00:00-04:00,8.880000114440918,9.239999771118164,8.449999809265137,8.920000076293945,363400,0.0,0.0
2022-05-09 00:00:00-04:00,9.0,9.0,8.039999961853027,8.220000267028809,340900,0.0,0.0
2022-05-10 00:00:00-04:00,8.430000305175781,8.489999771118164,7.789999961853027,7.96999979019165,220000,0.0,0.0
2022-05-11 00:00:00-04:00,7.929999828338623,8.199999809265137,7.260000228881836,7.409999847412109,218300,0.0,0.0
2022-05-12 00:00:00-04:00,7.349999904632568,7.619999885559082,6.800000190734863,7.489999771118164,192100,0.0,0.0
2022-05-13 00:00:00-04:00,7.590000152587891,8.25,7.53000020980835,8.100000381469727,185800,0.0,0.0
2022-05-16 00:00:00-04:00,8.100000381469727,10.350000381469727,8.100000381469727,10.0600004196167,1298900,0.0,0.0
2022-05-17 00:00:00-04:00,10.0,10.149999618530273,9.0600004196167,9.460000038146973,593600,0.0,0.0
2022-05-18 00:00:00-04:00,9.390000343322754,10.149999618530273,9.239999771118164,9.479999542236328,206800,0.0,0.0
2022-05-19 00:00:00-04:00,9.5,9.819999694824219,9.3100004196167,9.380000114440918,185500,0.0,0.0
2022-05-20 00:00:00-04:00,9.369999885559082,9.770000457763672,8.430000305175781,8.970000267028809,357100,0.0,0.0
2022-05-23 00:00:00-04:00,9.470000267028809,9.470000267028809,9.069999694824219,9.369999885559082,124900,0.0,0.0
2022-05-24 00:00:00-04:00,9.199999809265137,9.319999694824219,8.899999618530273,8.920000076293945,168000,0.0,0.0
2022-05-25 00:00:00-04:00,8.779999732971191,9.300000190734863,8.65999984741211,8.899999618530273,299600,0.0,0.0
2022-05-26 00:00:00-04:00,9.0600004196167,9.9399995803833,9.0,9.770000457763672,155400,0.0,0.0
2022-05-27 00:00:00-04:00,9.9399995803833,11.729999542236328,9.9399995803833,11.579999923706055,358100,0.0,0.0
2022-05-31 00:00:00-04:00,11.670000076293945,11.90999984741211,10.5,11.760000228881836,293000,0.0,0.0
2022-06-01 00:00:00-04:00,12.0,12.300000190734863,11.15999984741211,11.649999618530273,144900,0.0,0.0
2022-06-02 00:00:00-04:00,11.550000190734863,11.850000381469727,11.4399995803833,11.510000228881836,56200,0.0,0.0
2022-06-03 00:00:00-04:00,11.5600004196167,11.640000343322754,10.930000305175781,11.34000015258789,211400,0.0,0.0
2022-06-06 00:00:00-04:00,11.399999618530273,11.40999984741211,8.100000381469727,8.789999961853027,783100,0.0,0.0
2022-06-07 00:00:00-04:00,8.609999656677246,9.789999961853027,8.109999656677246,9.25,288500,0.0,0.0
2022-06-08 00:00:00-04:00,9.100000381469727,9.300000190734863,8.319999694824219,8.449999809265137,234200,0.0,0.0
2022-06-09 00:00:00-04:00,8.449999809265137,8.640000343322754,7.579999923706055,7.900000095367432,158000,0.0,0.0
2022-06-10 00:00:00-04:00,7.980000019073486,9.239999771118164,7.769999980926514,8.970000267028809,425200,0.0,0.0
2022-06-13 00:00:00-04:00,8.510000228881836,8.770000457763672,7.21999979019165,7.25,434300,0.0,0.0
2022-06-14 00:00:00-04:00,7.510000228881836,7.78000020980835,6.679999828338623,6.96999979019165,297000,0.0,0.0
2022-06-15 00:00:00-04:00,7.0,7.849999904632568,6.920000076293945,7.800000190734863,342400,0.0,0.0
2022-06-16 00:00:00-04:00,7.710000038146973,7.900000095367432,7.090000152587891,7.429999828338623,152700,0.0,0.0
2022-06-17 00:00:00-04:00,7.420000076293945,7.670000076293945,6.510000228881836,6.739999771118164,814600,0.0,0.0
2022-06-21 00:00:00-04:00,6.989999771118164,7.360000133514404,6.880000114440918,6.889999866485596,211400,0.0,0.0
2022-06-22 00:00:00-04:00,6.769999980926514,7.019999980926514,6.349999904632568,6.619999885559082,270900,0.0,0.0
2022-06-23 00:00:00-04:00,6.849999904632568,6.849999904632568,5.980000019073486,6.170000076293945,441700,0.0,0.0
2022-06-24 00:00:00-04:00,6.179999828338623,6.519999980926514,5.989999771118164,6.099999904632568,235300,0.0,0.0
2022-06-27 00:00:00-04:00,6.119999885559082,6.320000171661377,5.960000038146973,6.230000019073486,122700,0.0,0.0
2022-06-28 00:00:00-04:00,6.309999942779541,6.320000171661377,5.809999942779541,5.809999942779541,79400,0.0,0.0
2022-06-29 00:00:00-04:00,5.849999904632568,5.880000114440918,5.53000020980835,5.75,237900,0.0,0.0
2022-06-30 00:00:00-04:00,5.579999923706055,5.869999885559082,5.519999980926514,5.760000228881836,98700,0.0,0.0
2022-07-01 00:00:00-04:00,5.760000228881836,5.920000076293945,5.539999961853027,5.730000019073486,102400,0.0,0.0
2022-07-05 00:00:00-04:00,5.630000114440918,5.75,5.269999980926514,5.570000171661377,125700,0.0,0.0
2022-07-06 00:00:00-04:00,5.539999961853027,5.699999809265137,5.260000228881836,5.309999942779541,89000,0.0,0.0
2022-07-07 00:00:00-04:00,5.369999885559082,5.960000038146973,5.269999980926514,5.960000038146973,106800,0.0,0.0
2022-07-08 00:00:00-04:00,5.949999809265137,6.369999885559082,5.840000152587891,6.320000171661377,136000,0.0,0.0
2022-07-11 00:00:00-04:00,6.349999904632568,6.349999904632568,5.679999828338623,5.739999771118164,71800,0.0,0.0
2022-07-12 00:00:00-04:00,5.71999979019165,5.949999809265137,5.619999885559082,5.869999885559082,57100,0.0,0.0
2022-07-13 00:00:00-04:00,5.809999942779541,6.059999942779541,5.760000228881836,5.96999979019165,41400,0.0,0.0
2022-07-14 00:00:00-04:00,5.909999847412109,5.920000076293945,5.519999980926514,5.590000152587891,45600,0.0,0.0
2022-07-15 00:00:00-04:00,5.599999904632568,5.690000057220459,5.28000020980835,5.539999961853027,44900,0.0,0.0
2022-07-18 00:00:00-04:00,5.53000020980835,5.710000038146973,5.5,5.610000133514404,33900,0.0,0.0
2022-07-19 00:00:00-04:00,5.71999979019165,5.840000152587891,5.550000190734863,5.75,36000,0.0,0.0
2022-07-20 00:00:00-04:00,5.659999847412109,6.099999904632568,5.659999847412109,5.980000019073486,30500,0.0,0.0
2022-07-21 00:00:00-04:00,5.920000076293945,6.03000020980835,5.739999771118164,5.860000133514404,29900,0.0,0.0
2022-07-22 00:00:00-04:00,5.980000019073486,6.090000152587891,5.619999885559082,5.710000038146973,20700,0.0,0.0
2022-07-25 00:00:00-04:00,5.75,5.840000152587891,5.619999885559082,5.679999828338623,15200,0.0,0.0
2022-07-26 00:00:00-04:00,5.679999828338623,5.860000133514404,5.579999923706055,5.579999923706055,23200,0.0,0.0
2022-07-27 00:00:00-04:00,5.730000019073486,5.900000095367432,5.659999847412109,5.889999866485596,22000,0.0,0.0
2022-07-28 00:00:00-04:00,5.929999828338623,6.039999961853027,5.809999942779541,5.869999885559082,24200,0.0,0.0
2022-07-29 00:00:00-04:00,5.940000057220459,6.190000057220459,5.909999847412109,6.070000171661377,31200,0.0,0.0
2022-08-01 00:00:00-04:00,5.949999809265137,6.170000076293945,5.800000190734863,5.860000133514404,36200,0.0,0.0
2022-08-02 00:00:00-04:00,5.869999885559082,6.059999942779541,5.699999809265137,5.760000228881836,40700,0.0,0.0
2022-08-03 00:00:00-04:00,6.090000152587891,6.090000152587891,5.739999771118164,5.940000057220459,41800,0.0,0.0
2022-08-04 00:00:00-04:00,5.940000057220459,6.760000228881836,5.75,6.159999847412109,285800,0.0,0.0
2022-08-05 00:00:00-04:00,6.0,6.139999866485596,5.909999847412109,6.019999980926514,51000,0.0,0.0
2022-08-08 00:00:00-04:00,6.050000190734863,6.159999847412109,5.840000152587891,6.03000020980835,34300,0.0,0.0
2022-08-09 00:00:00-04:00,5.929999828338623,6.039999961853027,5.579999923706055,5.730000019073486,68000,0.0,0.0
2022-08-10 00:00:00-04:00,5.78000020980835,6.21999979019165,5.690000057220459,5.960000038146973,118700,0.0,0.0
2022-08-11 00:00:00-04:00,6.0,6.21999979019165,5.889999866485596,6.150000095367432,41700,0.0,0.0
2022-08-12 00:00:00-04:00,6.099999904632568,6.230000019073486,5.949999809265137,6.010000228881836,59500,0.0,0.0
2022-08-15 00:00:00-04:00,5.940000057220459,6.150000095367432,5.909999847412109,6.03000020980835,30900,0.0,0.0
2022-08-16 00:00:00-04:00,5.96999979019165,6.130000114440918,5.869999885559082,6.0,50000,0.0,0.0
2022-08-17 00:00:00-04:00,6.010000228881836,6.099999904632568,5.800000190734863,5.909999847412109,23400,0.0,0.0
2022-08-18 00:00:00-04:00,5.809999942779541,5.900000095367432,5.369999885559082,5.5,197900,0.0,0.0
2022-08-19 00:00:00-04:00,5.489999771118164,5.5,5.21999979019165,5.349999904632568,49100,0.0,0.0
2022-08-22 00:00:00-04:00,5.159999847412109,5.309999942779541,5.159999847412109,5.239999771118164,20700,0.0,0.0
2022-08-23 00:00:00-04:00,5.440000057220459,5.440000057220459,5.199999809265137,5.260000228881836,19200,0.0,0.0
2022-08-24 00:00:00-04:00,5.300000190734863,5.659999847412109,5.300000190734863,5.559999942779541,46500,0.0,0.0
2022-08-25 00:00:00-04:00,5.340000152587891,5.75,5.179999828338623,5.329999923706055,69600,0.0,0.0
2022-08-26 00:00:00-04:00,5.340000152587891,5.519999980926514,5.260000228881836,5.380000114440918,20900,0.0,0.0
2022-08-29 00:00:00-04:00,5.400000095367432,5.440000057220459,5.03000020980835,5.059999942779541,35500,0.0,0.0
2022-08-30 00:00:00-04:00,5.010000228881836,5.010000228881836,4.630000114440918,4.809999942779541,64400,0.0,0.0
2022-08-31 00:00:00-04:00,4.889999866485596,4.940000057220459,4.75,4.769999980926514,24000,0.0,0.0
2022-09-01 00:00:00-04:00,4.809999942779541,4.809999942779541,4.53000020980835,4.570000171661377,34500,0.0,0.0
2022-09-02 00:00:00-04:00,4.670000076293945,4.800000190734863,4.579999923706055,4.639999866485596,46700,0.0,0.0
2022-09-06 00:00:00-04:00,4.670000076293945,4.769999980926514,4.420000076293945,4.449999809265137,29500,0.0,0.0
2022-09-07 00:00:00-04:00,4.440000057220459,4.519999980926514,4.300000190734863,4.460000038146973,39800,0.0,0.0
2022-09-08 00:00:00-04:00,4.449999809265137,4.739999771118164,4.449999809265137,4.699999809265137,29700,0.0,0.0
2022-09-09 00:00:00-04:00,4.659999847412109,5.199999809265137,4.429999828338623,5.190000057220459,48000,0.0,0.0
2022-09-12 00:00:00-04:00,5.300000190734863,5.489999771118164,4.769999980926514,5.400000095367432,33200,0.0,0.0
2022-09-13 00:00:00-04:00,5.230000019073486,5.489999771118164,5.119999885559082,5.320000171661377,26700,0.0,0.0
2022-09-14 00:00:00-04:00,5.150000095367432,5.5,5.119999885559082,5.329999923706055,20900,0.0,0.0
2022-09-15 00:00:00-04:00,5.320000171661377,5.550000190734863,5.25,5.460000038146973,33500,0.0,0.0
2022-09-16 00:00:00-04:00,5.440000057220459,5.539999961853027,5.28000020980835,5.369999885559082,59300,0.0,0.0
2022-09-19 00:00:00-04:00,5.380000114440918,5.409999847412109,5.130000114440918,5.349999904632568,12300,0.0,0.0
2022-09-20 00:00:00-04:00,5.349999904632568,5.53000020980835,5.199999809265137,5.210000038146973,25600,0.0,0.0
2022-09-21 00:00:00-04:00,5.21999979019165,5.320000171661377,4.71999979019165,4.860000133514404,57000,0.0,0.0
2022-09-22 00:00:00-04:00,4.96999979019165,4.96999979019165,4.610000133514404,4.630000114440918,18800,0.0,0.0
2022-09-23 00:00:00-04:00,4.579999923706055,4.579999923706055,4.380000114440918,4.46999979019165,17100,0.0,0.0
2022-09-26 00:00:00-04:00,4.369999885559082,4.429999828338623,4.269999980926514,4.269999980926514,23600,0.0,0.0
2022-09-27 00:00:00-04:00,4.320000171661377,4.369999885559082,4.050000190734863,4.079999923706055,21100,0.0,0.0
2022-09-28 00:00:00-04:00,4.059999942779541,4.360000133514404,4.0,4.239999771118164,35300,0.0,0.0
2022-09-29 00:00:00-04:00,4.300000190734863,4.300000190734863,4.0,4.019999980926514,34800,0.0,0.0
2022-09-30 00:00:00-04:00,4.010000228881836,4.070000171661377,3.9200000762939453,4.0,25600,0.0,0.0
2022-10-03 00:00:00-04:00,3.9800000190734863,3.9800000190734863,3.859999895095825,3.9200000762939453,24800,0.0,0.0
2022-10-04 00:00:00-04:00,3.859999895095825,4.150000095367432,3.8499999046325684,4.099999904632568,30300,0.0,0.0
2022-10-05 00:00:00-04:00,4.099999904632568,4.099999904632568,4.010000228881836,4.039999961853027,9000,0.0,0.0
2022-10-06 00:00:00-04:00,4.110000133514404,4.170000076293945,4.010000228881836,4.119999885559082,10100,0.0,0.0
2022-10-07 00:00:00-04:00,4.119999885559082,4.190000057220459,4.019999980926514,4.150000095367432,33100,0.0,0.0
2022-10-10 00:00:00-04:00,4.179999828338623,4.190000057220459,4.079999923706055,4.170000076293945,11200,0.0,0.0
2022-10-11 00:00:00-04:00,4.21999979019165,4.21999979019165,4.010000228881836,4.039999961853027,18600,0.0,0.0
2022-10-12 00:00:00-04:00,4.059999942779541,4.170000076293945,4.010000228881836,4.170000076293945,2900,0.0,0.0
2022-10-13 00:00:00-04:00,4.170000076293945,4.289999961853027,4.010000228881836,4.230000019073486,37000,0.0,0.0
2022-10-14 00:00:00-04:00,4.25,4.25,3.9200000762939453,4.03000020980835,23300,0.0,0.0
2022-10-17 00:00:00-04:00,3.9700000286102295,4.079999923706055,3.9700000286102295,4.0,20300,0.0,0.0
2022-10-18 00:00:00-04:00,4.03000020980835,4.090000152587891,3.890000104904175,3.990000009536743,28900,0.0,0.0
2022-10-19 00:00:00-04:00,3.869999885559082,4.079999923706055,3.859999895095825,3.890000104904175,42600,0.0,0.0
2022-10-20 00:00:00-04:00,3.950000047683716,3.950000047683716,3.799999952316284,3.859999895095825,13000,0.0,0.0
2022-10-21 00:00:00-04:00,3.940000057220459,3.940000057220459,3.75,3.869999885559082,21600,0.0,0.0
2022-10-24 00:00:00-04:00,3.9100000858306885,4.0,3.7899999618530273,3.950000047683716,45700,0.0,0.0
2022-10-25 00:00:00-04:00,3.880000114440918,4.28000020980835,3.880000114440918,4.239999771118164,31900,0.0,0.0
2022-10-26 00:00:00-04:00,4.21999979019165,4.5,4.170000076293945,4.409999847412109,42100,0.0,0.0
2022-10-27 00:00:00-04:00,4.510000228881836,4.610000133514404,4.369999885559082,4.539999961853027,12800,0.0,0.0
2022-10-28 00:00:00-04:00,4.550000190734863,4.679999828338623,4.300000190734863,4.610000133514404,10700,0.0,0.0
2022-10-31 00:00:00-04:00,4.489999771118164,4.570000171661377,4.320000171661377,4.349999904632568,11200,0.0,0.0
2022-11-01 00:00:00-04:00,4.269999980926514,4.380000114440918,4.110000133514404,4.110000133514404,20400,0.0,0.0
2022-11-02 00:00:00-04:00,4.070000171661377,4.269999980926514,3.9700000286102295,3.9800000190734863,10400,0.0,0.0
2022-11-03 00:00:00-04:00,3.990000009536743,3.990000009536743,3.8299999237060547,3.930000066757202,47100,0.0,0.0
2022-11-04 00:00:00-04:00,4.019999980926514,4.019999980926514,3.9000000953674316,3.990000009536743,10900,0.0,0.0
2022-11-07 00:00:00-05:00,3.950000047683716,4.389999866485596,3.940000057220459,4.170000076293945,37600,0.0,0.0
2022-11-08 00:00:00-05:00,4.019999980926514,4.300000190734863,4.019999980926514,4.179999828338623,11700,0.0,0.0
2022-11-09 00:00:00-05:00,4.110000133514404,4.28000020980835,4.110000133514404,4.130000114440918,9600,0.0,0.0
2022-11-10 00:00:00-05:00,4.269999980926514,4.300000190734863,4.139999866485596,4.139999866485596,13600,0.0,0.0
2022-11-11 00:00:00-05:00,4.309999942779541,4.349999904632568,4.230000019073486,4.289999961853027,8800,0.0,0.0
2022-11-14 00:00:00-05:00,4.349999904632568,4.570000171661377,4.289999961853027,4.53000020980835,35200,0.0,0.0
2022-11-15 00:00:00-05:00,4.409999847412109,4.570000171661377,4.159999847412109,4.269999980926514,63600,0.0,0.0
2022-11-16 00:00:00-05:00,4.210000038146973,4.239999771118164,3.890000104904175,3.9800000190734863,25800,0.0,0.0
2022-11-17 00:00:00-05:00,3.9800000190734863,4.019999980926514,3.930000066757202,3.930000066757202,39100,0.0,0.0
2022-11-18 00:00:00-05:00,4.019999980926514,4.090000152587891,3.930000066757202,4.03000020980835,10100,0.0,0.0
2022-11-21 00:00:00-05:00,4.010000228881836,4.139999866485596,3.950000047683716,3.990000009536743,10500,0.0,0.0
2022-11-22 00:00:00-05:00,3.930000066757202,4.039999961853027,3.930000066757202,3.9700000286102295,2400,0.0,0.0
2022-11-23 00:00:00-05:00,3.940000057220459,4.03000020980835,3.9100000858306885,3.9800000190734863,5400,0.0,0.0
2022-11-25 00:00:00-05:00,3.990000009536743,4.03000020980835,3.9800000190734863,4.03000020980835,3000,0.0,0.0
2022-11-28 00:00:00-05:00,3.930000066757202,4.179999828338623,3.930000066757202,4.110000133514404,17700,0.0,0.0
2022-11-29 00:00:00-05:00,4.099999904632568,4.110000133514404,4.010000228881836,4.010000228881836,4400,0.0,0.0
2022-11-30 00:00:00-05:00,3.990000009536743,4.099999904632568,3.930000066757202,4.059999942779541,11800,0.0,0.0
2022-12-01 00:00:00-05:00,4.010000228881836,4.25,4.010000228881836,4.190000057220459,33300,0.0,0.0
2022-12-02 00:00:00-05:00,4.190000057220459,4.28000020980835,4.110000133514404,4.190000057220459,14300,0.0,0.0
2022-12-05 00:00:00-05:00,4.329999923706055,4.349999904632568,4.159999847412109,4.309999942779541,7200,0.0,0.0
2022-12-06 00:00:00-05:00,4.21999979019165,4.230000019073486,4.099999904632568,4.110000133514404,10300,0.0,0.0
2022-12-07 00:00:00-05:00,4.059999942779541,4.159999847412109,4.0,4.039999961853027,7200,0.0,0.0
2022-12-08 00:00:00-05:00,4.130000114440918,4.130000114440918,4.010000228881836,4.079999923706055,16500,0.0,0.0
2022-12-09 00:00:00-05:00,4.039999961853027,4.099999904632568,3.9800000190734863,4.039999961853027,5600,0.0,0.0
2022-12-12 00:00:00-05:00,3.9200000762939453,4.389999866485596,3.9200000762939453,4.059999942779541,57900,0.0,0.0
2022-12-13 00:00:00-05:00,4.059999942779541,4.190000057220459,4.039999961853027,4.190000057220459,14300,0.0,0.0
2022-12-14 00:00:00-05:00,4.119999885559082,4.190000057220459,4.119999885559082,4.130000114440918,7800,0.0,0.0
2022-12-15 00:00:00-05:00,4.070000171661377,4.210000038146973,4.070000171661377,4.179999828338623,15300,0.0,0.0
2022-12-16 00:00:00-05:00,4.170000076293945,4.179999828338623,3.990000009536743,4.039999961853027,21800,0.0,0.0
2022-12-19 00:00:00-05:00,4.0,4.079999923706055,3.950000047683716,3.950000047683716,10200,0.0,0.0
2022-12-20 00:00:00-05:00,3.950000047683716,4.059999942779541,3.740000009536743,3.9200000762939453,122500,0.0,0.0
2022-12-21 00:00:00-05:00,3.9000000953674316,3.9800000190734863,3.799999952316284,3.8499999046325684,33800,0.0,0.0
2022-12-22 00:00:00-05:00,3.809999942779541,3.9000000953674316,3.7200000286102295,3.759999990463257,19000,0.0,0.0
2022-12-23 00:00:00-05:00,3.700000047683716,3.8499999046325684,3.700000047683716,3.8399999141693115,12200,0.0,0.0
2022-12-27 00:00:00-05:00,3.7200000286102295,3.8299999237060547,3.619999885559082,3.680000066757202,17000,0.0,0.0
2022-12-28 00:00:00-05:00,3.7100000381469727,3.7899999618530273,3.640000104904175,3.700000047683716,8000,0.0,0.0
2022-12-29 00:00:00-05:00,3.7799999713897705,4.179999828338623,3.7100000381469727,4.079999923706055,57800,0.0,0.0
2022-12-30 00:00:00-05:00,4.139999866485596,4.199999809265137,3.990000009536743,4.110000133514404,77300,0.0,0.0
2023-01-03 00:00:00-05:00,4.070000171661377,4.21999979019165,4.070000171661377,4.21999979019165,21500,0.0,0.0
2023-01-04 00:00:00-05:00,4.199999809265137,4.369999885559082,4.159999847412109,4.320000171661377,18600,0.0,0.0
2023-01-05 00:00:00-05:00,4.369999885559082,4.369999885559082,4.239999771118164,4.369999885559082,23000,0.0,0.0
2023-01-06 00:00:00-05:00,4.369999885559082,4.480000019073486,4.300000190734863,4.429999828338623,56500,0.0,0.0
2023-01-09 00:00:00-05:00,4.429999828338623,4.480000019073486,4.269999980926514,4.46999979019165,11000,0.0,0.0
2023-01-10 00:00:00-05:00,4.409999847412109,4.670000076293945,4.400000095367432,4.599999904632568,29600,0.0,0.0
2023-01-11 00:00:00-05:00,4.670000076293945,4.949999809265137,4.599999904632568,4.940000057220459,16900,0.0,0.0
2023-01-12 00:00:00-05:00,4.820000171661377,4.860000133514404,4.639999866485596,4.849999904632568,8400,0.0,0.0
2023-01-13 00:00:00-05:00,4.880000114440918,4.880000114440918,4.699999809265137,4.710000038146973,8800,0.0,0.0
2023-01-17 00:00:00-05:00,4.789999961853027,4.980000019073486,4.71999979019165,4.840000152587891,5500,0.0,0.0
2023-01-18 00:00:00-05:00,4.760000228881836,4.940000057220459,4.760000228881836,4.78000020980835,4300,0.0,0.0
2023-01-19 00:00:00-05:00,4.559999942779541,4.730000019073486,4.559999942779541,4.630000114440918,4200,0.0,0.0
2023-01-20 00:00:00-05:00,4.579999923706055,4.860000133514404,4.579999923706055,4.710000038146973,6600,0.0,0.0
2023-01-23 00:00:00-05:00,4.670000076293945,4.889999866485596,4.670000076293945,4.760000228881836,11900,0.0,0.0
2023-01-24 00:00:00-05:00,4.800000190734863,4.900000095367432,4.730000019073486,4.769999980926514,22400,0.0,0.0
2023-01-25 00:00:00-05:00,4.800000190734863,4.880000114440918,4.769999980926514,4.840000152587891,10800,0.0,0.0
2023-01-26 00:00:00-05:00,4.840000152587891,4.920000076293945,4.840000152587891,4.920000076293945,5800,0.0,0.0
2023-01-27 00:00:00-05:00,4.949999809265137,4.949999809265137,4.75,4.909999847412109,9200,0.0,0.0
2023-01-30 00:00:00-05:00,4.920000076293945,4.920000076293945,4.829999923706055,4.869999885559082,7000,0.0,0.0
2023-01-31 00:00:00-05:00,4.820000171661377,4.929999828338623,4.800000190734863,4.869999885559082,17100,0.0,0.0
2023-02-01 00:00:00-05:00,4.869999885559082,4.940000057220459,4.869999885559082,4.900000095367432,20500,0.0,0.0
2023-02-02 00:00:00-05:00,4.900000095367432,4.960000038146973,4.820000171661377,4.829999923706055,14700,0.0,0.0
2023-02-03 00:00:00-05:00,4.860000133514404,4.869999885559082,4.619999885559082,4.619999885559082,13100,0.0,0.0
2023-02-06 00:00:00-05:00,4.559999942779541,4.650000095367432,4.400000095367432,4.400000095367432,13800,0.0,0.0
2023-02-07 00:00:00-05:00,4.409999847412109,4.420000076293945,4.389999866485596,4.400000095367432,25200,0.0,0.0
2023-02-08 00:00:00-05:00,4.449999809265137,4.570000171661377,4.449999809265137,4.510000228881836,41300,0.0,0.0
2023-02-09 00:00:00-05:00,4.519999980926514,4.610000133514404,4.510000228881836,4.510000228881836,15000,0.0,0.0
2023-02-10 00:00:00-05:00,4.590000152587891,4.590000152587891,4.5,4.5,3600,0.0,0.0
2023-02-13 00:00:00-05:00,4.559999942779541,4.570000171661377,4.46999979019165,4.46999979019165,11400,0.0,0.0
2023-02-14 00:00:00-05:00,4.380000114440918,4.570000171661377,4.380000114440918,4.460000038146973,6100,0.0,0.0
2023-02-15 00:00:00-05:00,4.53000020980835,4.610000133514404,4.519999980926514,4.519999980926514,13300,0.0,0.0
2023-02-16 00:00:00-05:00,4.550000190734863,4.909999847412109,4.519999980926514,4.599999904632568,67400,0.0,0.0
2023-02-17 00:00:00-05:00,4.71999979019165,4.71999979019165,4.53000020980835,4.639999866485596,17700,0.0,0.0
2023-02-21 00:00:00-05:00,4.679999828338623,4.730000019073486,4.389999866485596,4.420000076293945,35000,0.0,0.0
2023-02-22 00:00:00-05:00,4.510000228881836,4.510000228881836,4.369999885559082,4.369999885559082,12700,0.0,0.0
2023-02-23 00:00:00-05:00,4.46999979019165,4.46999979019165,4.349999904632568,4.380000114440918,19700,0.0,0.0
2023-02-24 00:00:00-05:00,4.329999923706055,4.440000057220459,4.309999942779541,4.349999904632568,10300,0.0,0.0
2023-02-27 00:00:00-05:00,4.369999885559082,4.460000038146973,4.320000171661377,4.349999904632568,29800,0.0,0.0
2023-02-28 00:00:00-05:00,4.420000076293945,4.539999961853027,4.389999866485596,4.460000038146973,13600,0.0,0.0
2023-03-01 00:00:00-05:00,4.46999979019165,4.46999979019165,4.369999885559082,4.400000095367432,11000,0.0,0.0
2023-03-02 00:00:00-05:00,4.460000038146973,4.489999771118164,4.360000133514404,4.409999847412109,17500,0.0,0.0
2023-03-03 00:00:00-05:00,4.429999828338623,4.519999980926514,4.389999866485596,4.5,5200,0.0,0.0
2023-03-06 00:00:00-05:00,4.53000020980835,4.53000020980835,4.389999866485596,4.400000095367432,3600,0.0,0.0
2023-03-07 00:00:00-05:00,4.46999979019165,4.510000228881836,4.429999828338623,4.449999809265137,4600,0.0,0.0
2023-03-08 00:00:00-05:00,4.53000020980835,4.539999961853027,4.429999828338623,4.429999828338623,3600,0.0,0.0
2023-03-09 00:00:00-05:00,4.510000228881836,4.519999980926514,4.369999885559082,4.369999885559082,14900,0.0,0.0
2023-03-10 00:00:00-05:00,4.46999979019165,4.46999979019165,4.079999923706055,4.289999961853027,20700,0.0,0.0
2023-03-13 00:00:00-04:00,4.159999847412109,4.159999847412109,3.880000114440918,3.9800000190734863,33400,0.0,0.0
2023-03-14 00:00:00-04:00,4.25,4.289999961853027,4.0,4.0,45800,0.0,0.0
2023-03-15 00:00:00-04:00,3.9000000953674316,4.139999866485596,3.859999895095825,4.079999923706055,14000,0.0,0.0
2023-03-16 00:00:00-04:00,4.110000133514404,4.210000038146973,4.019999980926514,4.150000095367432,30000,0.0,0.0
2023-03-17 00:00:00-04:00,4.090000152587891,4.099999904632568,3.940000057220459,3.940000057220459,35200,0.0,0.0
2023-03-20 00:00:00-04:00,4.0,4.179999828338623,4.0,4.099999904632568,29100,0.0,0.0
2023-03-21 00:00:00-04:00,4.099999904632568,4.210000038146973,4.099999904632568,4.119999885559082,9000,0.0,0.0
2023-03-22 00:00:00-04:00,4.119999885559082,4.210000038146973,4.099999904632568,4.159999847412109,17600,0.0,0.0
2023-03-23 00:00:00-04:00,4.210000038146973,4.210000038146973,4.099999904632568,4.119999885559082,11400,0.0,0.0
2023-03-24 00:00:00-04:00,4.099999904632568,4.230000019073486,4.010000228881836,4.110000133514404,7700,0.0,0.0
2023-03-27 00:00:00-04:00,4.190000057220459,4.190000057220459,4.019999980926514,4.050000190734863,8200,0.0,0.0
2023-03-28 00:00:00-04:00,4.110000133514404,4.110000133514404,3.990000009536743,4.03000020980835,9100,0.0,0.0
2023-03-29 00:00:00-04:00,4.010000228881836,4.090000152587891,3.9700000286102295,4.0,22100,0.0,0.0
2023-03-30 00:00:00-04:00,4.079999923706055,4.079999923706055,3.9800000190734863,4.019999980926514,10500,0.0,0.0
2023-03-31 00:00:00-04:00,4.010000228881836,4.070000171661377,3.990000009536743,3.990000009536743,2100,0.0,0.0
2023-04-03 00:00:00-04:00,4.0,4.179999828338623,4.0,4.139999866485596,13600,0.0,0.0
2023-04-04 00:00:00-04:00,4.190000057220459,4.210000038146973,4.059999942779541,4.070000171661377,10100,0.0,0.0
2023-04-05 00:00:00-04:00,3.9700000286102295,4.130000114440918,3.9700000286102295,4.039999961853027,21300,0.0,0.0
2023-04-06 00:00:00-04:00,4.059999942779541,4.150000095367432,3.9000000953674316,4.019999980926514,21200,0.0,0.0
2023-04-10 00:00:00-04:00,4.050000190734863,4.150000095367432,4.0,4.019999980926514,6800,0.0,0.0
2023-04-11 00:00:00-04:00,4.03000020980835,4.110000133514404,4.03000020980835,4.110000133514404,4500,0.0,0.0
2023-04-12 00:00:00-04:00,4.119999885559082,4.119999885559082,4.050000190734863,4.050000190734863,7700,0.0,0.0
2023-04-13 00:00:00-04:00,4.010000228881836,4.21999979019165,4.010000228881836,4.110000133514404,9000,0.0,0.0
2023-04-14 00:00:00-04:00,4.050000190734863,4.710000038146973,4.050000190734863,4.5,82700,0.0,0.0
2023-04-17 00:00:00-04:00,4.599999904632568,5.139999866485596,4.599999904632568,4.989999771118164,74300,0.0,0.0
2023-04-18 00:00:00-04:00,5.210000038146973,5.360000133514404,4.739999771118164,4.800000190734863,104800,0.0,0.0
2023-04-19 00:00:00-04:00,4.809999942779541,5.150000095367432,4.539999961853027,5.039999961853027,51900,0.0,0.0
2023-04-20 00:00:00-04:00,4.900000095367432,5.179999828338623,4.900000095367432,5.159999847412109,23600,0.0,0.0
2023-04-21 00:00:00-04:00,5.079999923706055,5.099999904632568,4.920000076293945,5.0,10800,0.0,0.0
2023-04-24 00:00:00-04:00,4.940000057220459,5.130000114440918,4.789999961853027,4.800000190734863,11200,0.0,0.0
2023-04-25 00:00:00-04:00,4.71999979019165,4.71999979019165,4.300000190734863,4.300000190734863,23700,0.0,0.0
2023-04-26 00:00:00-04:00,4.340000152587891,4.46999979019165,4.21999979019165,4.320000171661377,34700,0.0,0.0
2023-04-27 00:00:00-04:00,4.300000190734863,4.610000133514404,4.300000190734863,4.480000019073486,12000,0.0,0.0
2023-04-28 00:00:00-04:00,4.650000095367432,4.71999979019165,4.349999904632568,4.489999771118164,62200,0.0,0.0
2023-05-01 00:00:00-04:00,4.449999809265137,4.769999980926514,4.400000095367432,4.400000095367432,36500,0.0,0.0
2023-05-02 00:00:00-04:00,4.550000190734863,4.599999904632568,4.320000171661377,4.480000019073486,9400,0.0,0.0
2023-05-03 00:00:00-04:00,4.380000114440918,4.659999847412109,4.380000114440918,4.489999771118164,12300,0.0,0.0
2023-05-04 00:00:00-04:00,4.429999828338623,4.619999885559082,4.329999923706055,4.400000095367432,57900,0.0,0.0
2023-05-05 00:00:00-04:00,4.550000190734863,4.550000190734863,4.369999885559082,4.480000019073486,15100,0.0,0.0
2023-05-08 00:00:00-04:00,4.480000019073486,4.480000019073486,4.269999980926514,4.320000171661377,11300,0.0,0.0
2023-05-09 00:00:00-04:00,4.360000133514404,4.360000133514404,4.179999828338623,4.210000038146973,10900,0.0,0.0
2023-05-10 00:00:00-04:00,4.260000228881836,4.260000228881836,4.059999942779541,4.099999904632568,20400,0.0,0.0
2023-05-11 00:00:00-04:00,4.070000171661377,4.239999771118164,4.010000228881836,4.03000020980835,18600,0.0,0.0
2023-05-12 00:00:00-04:00,4.019999980926514,4.110000133514404,3.9100000858306885,4.019999980926514,17600,0.0,0.0
2023-05-15 00:00:00-04:00,4.050000190734863,4.130000114440918,3.950000047683716,3.990000009536743,24000,0.0,0.0
2023-05-16 00:00:00-04:00,4.019999980926514,4.019999980926514,3.809999942779541,3.809999942779541,18000,0.0,0.0
2023-05-17 00:00:00-04:00,3.890000104904175,4.03000020980835,3.869999885559082,3.9700000286102295,37200,0.0,0.0
2023-05-18 00:00:00-04:00,3.930000066757202,4.0,3.9000000953674316,3.950000047683716,18400,0.0,0.0
2023-05-19 00:00:00-04:00,3.9700000286102295,4.0,3.9100000858306885,4.0,19500,0.0,0.0
2023-05-22 00:00:00-04:00,3.950000047683716,4.019999980926514,3.8499999046325684,3.869999885559082,28000,0.0,0.0
2023-05-23 00:00:00-04:00,3.8499999046325684,3.930000066757202,3.640000104904175,3.7699999809265137,29100,0.0,0.0
2023-05-24 00:00:00-04:00,3.8499999046325684,3.890000104904175,3.5999999046325684,3.5999999046325684,44500,0.0,0.0
2023-05-25 00:00:00-04:00,3.6500000953674316,3.7100000381469727,3.3499999046325684,3.359999895095825,57500,0.0,0.0
2023-05-26 00:00:00-04:00,3.4000000953674316,3.490000009536743,3.25,3.4100000858306885,31500,0.0,0.0
2023-05-30 00:00:00-04:00,3.4000000953674316,3.5899999141693115,3.4000000953674316,3.5299999713897705,41100,0.0,0.0
2023-05-31 00:00:00-04:00,3.5199999809265137,3.630000114440918,3.430000066757202,3.5899999141693115,22800,0.0,0.0
2023-06-01 00:00:00-04:00,3.680000066757202,3.880000114440918,3.630000114440918,3.7699999809265137,27300,0.0,0.0
2023-06-02 00:00:00-04:00,3.859999895095825,4.090000152587891,3.799999952316284,4.070000171661377,40300,0.0,0.0
2023-06-05 00:00:00-04:00,4.150000095367432,4.150000095367432,3.9800000190734863,4.070000171661377,25200,0.0,0.0
2023-06-06 00:00:00-04:00,4.090000152587891,4.150000095367432,4.0,4.130000114440918,17000,0.0,0.0
2023-06-07 00:00:00-04:00,4.150000095367432,4.230000019073486,4.010000228881836,4.010000228881836,27200,0.0,0.0
2023-06-08 00:00:00-04:00,4.019999980926514,4.019999980926514,3.75,3.819999933242798,20600,0.0,0.0
2023-06-09 00:00:00-04:00,3.809999942779541,3.8499999046325684,3.619999885559082,3.619999885559082,11200,0.0,0.0
2023-06-12 00:00:00-04:00,3.7100000381469727,3.859999895095825,3.569999933242798,3.6700000762939453,43200,0.0,0.0
2023-06-13 00:00:00-04:00,3.740000009536743,3.950000047683716,3.6700000762939453,3.759999990463257,111500,0.0,0.0
2023-06-14 00:00:00-04:00,3.7699999809265137,3.9100000858306885,3.609999895095825,3.609999895095825,62200,0.0,0.0
2023-06-15 00:00:00-04:00,3.609999895095825,3.619999885559082,3.4600000381469727,3.549999952316284,41900,0.0,0.0
2023-06-16 00:00:00-04:00,3.5899999141693115,3.6500000953674316,3.390000104904175,3.4600000381469727,59800,0.0,0.0
2023-06-20 00:00:00-04:00,3.4000000953674316,3.4200000762939453,3.0,3.0999999046325684,122300,0.0,0.0
2023-06-21 00:00:00-04:00,3.0899999141693115,3.1700000762939453,2.880000114440918,2.950000047683716,36500,0.0,0.0
2023-06-22 00:00:00-04:00,2.940000057220459,3.049999952316284,2.9000000953674316,2.940000057220459,17000,0.0,0.0
2023-06-23 00:00:00-04:00,2.9000000953674316,3.0199999809265137,2.8499999046325684,2.8499999046325684,38200,0.0,0.0
2023-06-26 00:00:00-04:00,2.890000104904175,2.990000009536743,2.809999942779541,2.890000104904175,30100,0.0,0.0
2023-06-27 00:00:00-04:00,2.9700000286102295,2.9700000286102295,2.799999952316284,2.8399999141693115,12100,0.0,0.0
2023-06-28 00:00:00-04:00,2.8399999141693115,2.8499999046325684,2.609999895095825,2.7100000381469727,57000,0.0,0.0
2023-06-29 00:00:00-04:00,2.700000047683716,2.759999990463257,2.6500000953674316,2.7100000381469727,24400,0.0,0.0
2023-06-30 00:00:00-04:00,2.7300000190734863,2.7799999713897705,2.6500000953674316,2.6700000762939453,19000,0.0,0.0
2023-07-03 00:00:00-04:00,2.690000057220459,2.75,2.6700000762939453,2.6700000762939453,11500,0.0,0.0
2023-07-05 00:00:00-04:00,2.680000066757202,2.680000066757202,2.5799999237060547,2.640000104904175,26600,0.0,0.0
2023-07-06 00:00:00-04:00,2.5899999141693115,2.6700000762939453,2.569999933242798,2.640000104904175,16200,0.0,0.0
2023-07-07 00:00:00-04:00,2.6500000953674316,2.6500000953674316,2.5399999618530273,2.569999933242798,15700,0.0,0.0
2023-07-10 00:00:00-04:00,2.569999933242798,2.6500000953674316,2.569999933242798,2.5899999141693115,15300,0.0,0.0
2023-07-11 00:00:00-04:00,2.630000114440918,2.6700000762939453,2.549999952316284,2.609999895095825,16300,0.0,0.0
2023-07-12 00:00:00-04:00,2.5999999046325684,2.630000114440918,2.559999942779541,2.619999885559082,21000,0.0,0.0
2023-07-13 00:00:00-04:00,2.619999885559082,2.7300000190734863,2.5999999046325684,2.700000047683716,37200,0.0,0.0
2023-07-14 00:00:00-04:00,2.7100000381469727,2.75,2.549999952316284,2.640000104904175,22300,0.0,0.0
2023-07-17 00:00:00-04:00,2.640000104904175,2.7100000381469727,2.630000114440918,2.630000114440918,14900,0.0,0.0
2023-07-18 00:00:00-04:00,2.700000047683716,2.700000047683716,2.559999942779541,2.690000057220459,5700,0.0,0.0
2023-07-19 00:00:00-04:00,2.700000047683716,2.880000114440918,2.6500000953674316,2.8499999046325684,62300,0.0,0.0
2023-07-20 00:00:00-04:00,2.859999895095825,3.0299999713897705,2.809999942779541,2.8499999046325684,40500,0.0,0.0
2023-07-21 00:00:00-04:00,2.869999885559082,2.9000000953674316,2.700000047683716,2.7699999809265137,24600,0.0,0.0
2023-07-24 00:00:00-04:00,2.819999933242798,2.8399999141693115,2.700000047683716,2.700000047683716,12400,0.0,0.0
2023-07-25 00:00:00-04:00,2.7300000190734863,2.819999933242798,2.7100000381469727,2.7100000381469727,9800,0.0,0.0
2023-07-26 00:00:00-04:00,2.8499999046325684,2.8499999046325684,2.7799999713897705,2.7899999618530273,8600,0.0,0.0
2023-07-27 00:00:00-04:00,2.8499999046325684,2.8499999046325684,2.7200000286102295,2.7699999809265137,8800,0.0,0.0
2023-07-28 00:00:00-04:00,2.7200000286102295,2.7699999809265137,2.7200000286102295,2.7300000190734863,9200,0.0,0.0
2023-07-31 00:00:00-04:00,2.740000009536743,2.75,2.6600000858306885,2.75,18400,0.0,0.0
2023-08-01 00:00:00-04:00,2.75,2.75,2.6700000762939453,2.6700000762939453,3800,0.0,0.0
2023-08-02 00:00:00-04:00,2.6600000858306885,2.6700000762939453,2.619999885559082,2.619999885559082,13000,0.0,0.0
2023-08-03 00:00:00-04:00,2.640000104904175,2.6700000762939453,2.630000114440918,2.640000104904175,28500,0.0,0.0
2023-08-04 00:00:00-04:00,2.6500000953674316,2.6500000953674316,2.619999885559082,2.630000114440918,2400,0.0,0.0
2023-08-07 00:00:00-04:00,2.6500000953674316,2.6500000953674316,2.5,2.5299999713897705,47700,0.0,0.0
2023-08-08 00:00:00-04:00,2.5299999713897705,2.5399999618530273,2.5,2.5,7000,0.0,0.0
2023-08-09 00:00:00-04:00,2.509999990463257,2.509999990463257,2.380000114440918,2.4700000286102295,42300,0.0,0.0
2023-08-10 00:00:00-04:00,2.4200000762939453,2.5999999046325684,2.4200000762939453,2.5399999618530273,22400,0.0,0.0
2023-08-11 00:00:00-04:00,2.5999999046325684,2.6600000858306885,2.4800000190734863,2.569999933242798,7100,0.0,0.0
2023-08-14 00:00:00-04:00,2.509999990463257,2.569999933242798,2.5,2.569999933242798,4300,0.0,0.0
2023-08-15 00:00:00-04:00,2.5299999713897705,2.5299999713897705,2.4800000190734863,2.490000009536743,6400,0.0,0.0
2023-08-16 00:00:00-04:00,2.5,2.5899999141693115,2.450000047683716,2.5199999809265137,5500,0.0,0.0
2023-08-17 00:00:00-04:00,2.549999952316284,2.5799999237060547,2.4600000381469727,2.5,6900,0.0,0.0
2023-08-18 00:00:00-04:00,2.4700000286102295,2.569999933242798,2.450000047683716,2.4800000190734863,20700,0.0,0.0
2023-08-21 00:00:00-04:00,2.440000057220459,2.450000047683716,2.4000000953674316,2.4000000953674316,7300,0.0,0.0
2023-08-22 00:00:00-04:00,2.4000000953674316,2.5299999713897705,2.200000047683716,2.240000009536743,15900,0.0,0.0
2023-08-23 00:00:00-04:00,2.240000009536743,2.2799999713897705,2.1600000858306885,2.190000057220459,17800,0.0,0.0
2023-08-24 00:00:00-04:00,2.369999885559082,2.369999885559082,2.200000047683716,2.299999952316284,12400,0.0,0.0
2023-08-25 00:00:00-04:00,2.259999990463257,2.359999895095825,2.25,2.2699999809265137,14700,0.0,0.0
2023-08-28 00:00:00-04:00,2.2699999809265137,2.3299999237060547,2.2300000190734863,2.319999933242798,2200,0.0,0.0
2023-08-29 00:00:00-04:00,2.299999952316284,2.640000104904175,2.299999952316284,2.619999885559082,60700,0.0,0.0
2023-08-30 00:00:00-04:00,2.609999895095825,2.75,2.609999895095825,2.7100000381469727,18400,0.0,0.0
2023-08-31 00:00:00-04:00,2.809999942779541,2.9700000286102295,2.7100000381469727,2.7899999618530273,88100,0.0,0.0
2023-09-01 00:00:00-04:00,2.8399999141693115,2.930000066757202,2.700000047683716,2.7300000190734863,30400,0.0,0.0
2023-09-05 00:00:00-04:00,2.7799999713897705,2.7799999713897705,2.5899999141693115,2.630000114440918,13100,0.0,0.0
2023-09-06 00:00:00-04:00,2.6500000953674316,2.6500000953674316,2.4000000953674316,2.4100000858306885,15700,0.0,0.0
2023-09-07 00:00:00-04:00,2.4100000858306885,2.4600000381469727,2.309999942779541,2.4100000858306885,13000,0.0,0.0
2023-09-08 00:00:00-04:00,2.4100000858306885,2.619999885559082,2.4000000953674316,2.4100000858306885,17100,0.0,0.0
2023-09-11 00:00:00-04:00,2.4100000858306885,2.609999895095825,2.4000000953674316,2.4100000858306885,15900,0.0,0.0
2023-09-12 00:00:00-04:00,2.4100000858306885,2.559999942779541,2.4000000953674316,2.4100000858306885,19500,0.0,0.0
2023-09-13 00:00:00-04:00,2.4700000286102295,2.4700000286102295,2.3399999141693115,2.3399999141693115,15700,0.0,0.0
2023-09-14 00:00:00-04:00,2.359999895095825,2.4600000381469727,2.3399999141693115,2.3399999141693115,7000,0.0,0.0
2023-09-15 00:00:00-04:00,2.440000057220459,2.440000057220459,2.2699999809265137,2.2699999809265137,19200,0.0,0.0
2023-09-18 00:00:00-04:00,2.299999952316284,2.359999895095825,2.2799999713897705,2.2899999618530273,10900,0.0,0.0
2023-09-19 00:00:00-04:00,2.2799999713897705,2.3399999141693115,2.2100000381469727,2.2300000190734863,17700,0.0,0.0
2023-09-20 00:00:00-04:00,2.3499999046325684,2.3499999046325684,2.2200000286102295,2.2200000286102295,14100,0.0,0.0
2023-09-21 00:00:00-04:00,2.200000047683716,2.2699999809265137,2.0999999046325684,2.140000104904175,22700,0.0,0.0
2023-09-22 00:00:00-04:00,2.119999885559082,2.240000009536743,2.0999999046325684,2.180000066757202,11000,0.0,0.0
2023-09-25 00:00:00-04:00,2.130000114440918,2.25,2.130000114440918,2.1700000762939453,11600,0.0,0.0
2023-09-26 00:00:00-04:00,2.2100000381469727,2.2200000286102295,2.1600000858306885,2.180000066757202,3700,0.0,0.0
2023-09-27 00:00:00-04:00,2.200000047683716,2.200000047683716,2.0999999046325684,2.1500000953674316,15700,0.0,0.0
2023-09-28 00:00:00-04:00,2.119999885559082,2.200000047683716,2.109999895095825,2.1500000953674316,7200,0.0,0.0
2023-09-29 00:00:00-04:00,2.2300000190734863,2.2300000190734863,2.130000114440918,2.1700000762939453,2600,0.0,0.0
2023-10-02 00:00:00-04:00,2.130000114440918,2.180000066757202,2.119999885559082,2.130000114440918,9600,0.0,0.0
2023-10-03 00:00:00-04:00,2.130000114440918,2.140000104904175,2.0299999713897705,2.0299999713897705,11300,0.0,0.0
2023-10-04 00:00:00-04:00,2.0199999809265137,2.200000047683716,2.0199999809265137,2.0399999618530273,5700,0.0,0.0
2023-10-05 00:00:00-04:00,2.0199999809265137,2.049999952316284,1.8700000047683716,2.0,29500,0.0,0.0
2023-10-06 00:00:00-04:00,1.9800000190734863,2.0,1.9800000190734863,1.9900000095367432,12400,0.0,0.0
2023-10-09 00:00:00-04:00,2.0,2.0,1.899999976158142,1.9299999475479126,8400,0.0,0.0
2023-10-10 00:00:00-04:00,1.850000023841858,1.9800000190734863,1.8200000524520874,1.8600000143051147,26400,0.0,0.0
2023-10-11 00:00:00-04:00,1.8300000429153442,1.9500000476837158,1.8300000429153442,1.850000023841858,25300,0.0,0.0
2023-10-12 00:00:00-04:00,1.9199999570846558,1.9299999475479126,1.8600000143051147,1.8700000047683716,1800,0.0,0.0
2023-10-13 00:00:00-04:00,1.8700000047683716,1.8899999856948853,1.8200000524520874,1.8200000524520874,19000,0.0,0.0
2023-10-16 00:00:00-04:00,1.8300000429153442,1.899999976158142,1.8200000524520874,1.8200000524520874,4700,0.0,0.0
2023-10-17 00:00:00-04:00,1.7899999618530273,1.850000023841858,1.7699999809265137,1.7699999809265137,10900,0.0,0.0
2023-10-18 00:00:00-04:00,1.7799999713897705,1.8300000429153442,1.7799999713897705,1.7999999523162842,11900,0.0,0.0
2023-10-19 00:00:00-04:00,1.840000033378601,1.840000033378601,1.6299999952316284,1.6399999856948853,11400,0.0,0.0
2023-10-20 00:00:00-04:00,1.6699999570846558,1.6799999475479126,1.3799999952316284,1.4500000476837158,39700,0.0,0.0
2023-10-23 00:00:00-04:00,1.4600000381469727,1.5,1.409999966621399,1.409999966621399,9500,0.0,0.0
2023-10-24 00:00:00-04:00,1.4199999570846558,1.4199999570846558,1.309999942779541,1.3700000047683716,20700,0.0,0.0
2023-10-25 00:00:00-04:00,1.3700000047683716,1.4900000095367432,1.2699999809265137,1.2699999809265137,24500,0.0,0.0
2023-10-26 00:00:00-04:00,1.2699999809265137,1.2699999809265137,1.149999976158142,1.2100000381469727,33500,0.0,0.0
2023-10-27 00:00:00-04:00,1.2300000190734863,1.3700000047683716,1.2100000381469727,1.2799999713897705,99300,0.0,0.0
2023-10-30 00:00:00-04:00,1.2999999523162842,1.2999999523162842,1.25,1.2899999618530273,19200,0.0,0.0
2023-10-31 00:00:00-04:00,1.350000023841858,1.350000023841858,1.2699999809265137,1.2999999523162842,26200,0.0,0.0
2023-11-01 00:00:00-04:00,1.2899999618530273,1.2999999523162842,1.2699999809265137,1.2999999523162842,14800,0.0,0.0
2023-11-02 00:00:00-04:00,1.2999999523162842,1.3200000524520874,1.2799999713897705,1.3200000524520874,36000,0.0,0.0
2023-11-03 00:00:00-04:00,1.3300000429153442,1.590000033378601,1.3200000524520874,1.5099999904632568,77300,0.0,0.0
2023-11-06 00:00:00-05:00,1.5199999809265137,1.5499999523162842,1.5,1.5,32500,0.0,0.0
2023-11-07 00:00:00-05:00,1.5,1.5800000429153442,1.4800000190734863,1.5399999618530273,25700,0.0,0.0
2023-11-08 00:00:00-05:00,1.5,1.5800000429153442,1.5,1.5199999809265137,13900,0.0,0.0
2023-11-09 00:00:00-05:00,1.5099999904632568,1.5499999523162842,1.4900000095367432,1.5399999618530273,9100,0.0,0.0
2023-11-10 00:00:00-05:00,1.4700000286102295,1.5800000429153442,1.4199999570846558,1.5099999904632568,29100,0.0,0.0
2023-11-13 00:00:00-05:00,1.4600000381469727,1.5,1.4299999475479126,1.4900000095367432,10300,0.0,0.0
2023-11-14 00:00:00-05:00,1.5399999618530273,1.5399999618530273,1.4299999475479126,1.4600000381469727,29600,0.0,0.0
2023-11-15 00:00:00-05:00,1.4900000095367432,1.5499999523162842,1.399999976158142,1.5099999904632568,13100,0.0,0.0
2023-11-16 00:00:00-05:00,1.5,1.559999942779541,1.5,1.5499999523162842,5200,0.0,0.0
2023-11-17 00:00:00-05:00,1.5199999809265137,1.5299999713897705,1.340000033378601,1.440000057220459,52400,0.0,0.0
2023-11-20 00:00:00-05:00,2.109999895095825,2.180000066757202,1.6100000143051147,1.7100000381469727,693300,0.0,0.0
2023-11-21 00:00:00-05:00,1.649999976158142,1.840000033378601,1.649999976158142,1.8200000524520874,72700,0.0,0.0
2023-11-22 00:00:00-05:00,1.8600000143051147,2.0999999046325684,1.7300000190734863,2.0399999618530273,105400,0.0,0.0
2023-11-24 00:00:00-05:00,2.0399999618530273,2.319999933242798,1.9500000476837158,2.2799999713897705,58900,0.0,0.0
2023-11-27 00:00:00-05:00,2.299999952316284,2.390000104904175,2.2300000190734863,2.3399999141693115,68900,0.0,0.0
2023-11-28 00:00:00-05:00,2.3399999141693115,2.359999895095825,2.0999999046325684,2.240000009536743,32500,0.0,0.0
2023-11-29 00:00:00-05:00,2.240000009536743,2.299999952316284,2.0,2.130000114440918,81800,0.0,0.0
2023-11-30 00:00:00-05:00,2.1600000858306885,2.1600000858306885,1.9299999475479126,1.9299999475479126,60600,0.0,0.0
2023-12-01 00:00:00-05:00,2.0,2.0,1.7999999523162842,1.9199999570846558,39000,0.0,0.0
2023-12-04 00:00:00-05:00,1.909999966621399,2.009999990463257,1.8300000429153442,2.009999990463257,46800,0.0,0.0
2023-12-05 00:00:00-05:00,2.0399999618530273,2.0399999618530273,1.8600000143051147,2.0,57200,0.0,0.0
2023-12-06 00:00:00-05:00,1.9800000190734863,2.0399999618530273,1.9199999570846558,1.940000057220459,25200,0.0,0.0
2023-12-07 00:00:00-05:00,1.940000057220459,1.9600000381469727,1.8600000143051147,1.8600000143051147,25500,0.0,0.0
2023-12-08 00:00:00-05:00,1.8300000429153442,1.899999976158142,1.7400000095367432,1.8200000524520874,48400,0.0,0.0
2023-12-11 00:00:00-05:00,1.7799999713897705,1.8600000143051147,1.7300000190734863,1.7300000190734863,19200,0.0,0.0
2023-12-12 00:00:00-05:00,1.8200000524520874,1.9700000286102295,1.6699999570846558,1.6699999570846558,27900,0.0,0.0
2023-12-13 00:00:00-05:00,1.6699999570846558,1.75,1.6200000047683716,1.7000000476837158,18900,0.0,0.0
2023-12-14 00:00:00-05:00,1.6799999475479126,1.7999999523162842,1.649999976158142,1.7000000476837158,25000,0.0,0.0
2023-12-15 00:00:00-05:00,1.6100000143051147,1.7400000095367432,1.6100000143051147,1.6799999475479126,30500,0.0,0.0
2023-12-18 00:00:00-05:00,1.659999966621399,1.7200000286102295,1.649999976158142,1.6699999570846558,15700,0.0,0.0
2023-12-19 00:00:00-05:00,1.7100000381469727,1.7400000095367432,1.659999966621399,1.7200000286102295,27000,0.0,0.0
2023-12-20 00:00:00-05:00,1.7300000190734863,1.7599999904632568,1.600000023841858,1.7000000476837158,39400,0.0,0.0
2023-12-21 00:00:00-05:00,1.649999976158142,1.690000057220459,1.6100000143051147,1.6799999475479126,22100,0.0,0.0
2023-12-22 00:00:00-05:00,1.6699999570846558,1.690000057220459,1.6299999952316284,1.6399999856948853,4600,0.0,0.0
2023-12-26 00:00:00-05:00,1.6200000047683716,1.8300000429153442,1.6200000047683716,1.8300000429153442,31600,0.0,0.0
2023-12-27 00:00:00-05:00,1.8200000524520874,1.8200000524520874,1.6699999570846558,1.7300000190734863,19000,0.0,0.0
2023-12-28 00:00:00-05:00,1.7699999809265137,1.7999999523162842,1.7100000381469727,1.7799999713897705,24500,0.0,0.0
2023-12-29 00:00:00-05:00,1.7899999618530273,2.180000066757202,1.7899999618530273,1.9700000286102295,164600,0.0,0.0
2024-01-02 00:00:00-05:00,2.0299999713897705,2.0899999141693115,1.9800000190734863,2.0,15200,0.0,0.0
2024-01-03 00:00:00-05:00,2.0199999809265137,2.0199999809265137,1.9600000381469727,1.9700000286102295,4300,0.0,0.0
2024-01-04 00:00:00-05:00,2.009999990463257,2.009999990463257,1.850000023841858,1.8899999856948853,22600,0.0,0.0
2024-01-05 00:00:00-05:00,1.8799999952316284,1.9900000095367432,1.8799999952316284,1.9199999570846558,25500,0.0,0.0
2024-01-08 00:00:00-05:00,1.940000057220459,2.0399999618530273,1.8300000429153442,1.909999966621399,93100,0.0,0.0
2024-01-09 00:00:00-05:00,1.8600000143051147,1.9500000476837158,1.8600000143051147,1.940000057220459,31700,0.0,0.0
2024-01-10 00:00:00-05:00,1.8700000047683716,1.940000057220459,1.8700000047683716,1.909999966621399,6400,0.0,0.0
2024-01-11 00:00:00-05:00,1.8799999952316284,1.9299999475479126,1.8799999952316284,1.9299999475479126,21900,0.0,0.0
2024-01-12 00:00:00-05:00,1.909999966621399,1.909999966621399,1.7899999618530273,1.8300000429153442,17600,0.0,0.0
2024-01-16 00:00:00-05:00,1.840000033378601,1.8700000047683716,1.840000033378601,1.840000033378601,3900,0.0,0.0
2024-01-17 00:00:00-05:00,1.840000033378601,2.0,1.840000033378601,1.9199999570846558,29100,0.0,0.0
2024-01-18 00:00:00-05:00,1.899999976158142,1.940000057220459,1.899999976158142,1.940000057220459,3500,0.0,0.0
2024-01-19 00:00:00-05:00,1.909999966621399,2.0299999713897705,1.909999966621399,2.0299999713897705,24900,0.0,0.0
2024-01-22 00:00:00-05:00,1.9900000095367432,2.0299999713897705,1.9800000190734863,1.9900000095367432,6400,0.0,0.0
2024-01-23 00:00:00-05:00,1.940000057220459,2.049999952316284,1.940000057220459,2.009999990463257,4900,0.0,0.0
2024-01-24 00:00:00-05:00,2.009999990463257,2.009999990463257,1.9800000190734863,1.9900000095367432,6100,0.0,0.0
2024-01-25 00:00:00-05:00,1.9700000286102295,2.3499999046325684,1.9700000286102295,2.2799999713897705,105500,0.0,0.0
2024-01-26 00:00:00-05:00,2.319999933242798,2.3299999237060547,2.1600000858306885,2.2100000381469727,36600,0.0,0.0
2024-01-29 00:00:00-05:00,2.240000009536743,2.2699999809265137,2.059999942779541,2.1500000953674316,7400,0.0,0.0
2024-01-30 00:00:00-05:00,2.109999895095825,2.190000057220459,2.109999895095825,2.109999895095825,4400,0.0,0.0
2024-01-31 00:00:00-05:00,2.0899999141693115,2.190000057220459,1.8700000047683716,2.0999999046325684,51400,0.0,0.0
2024-02-01 00:00:00-05:00,2.009999990463257,2.009999990463257,1.7999999523162842,1.840000033378601,52400,0.0,0.0
2024-02-02 00:00:00-05:00,1.840000033378601,1.840000033378601,1.5800000429153442,1.7300000190734863,31900,0.0,0.0
2024-02-05 00:00:00-05:00,1.7300000190734863,1.7799999713897705,1.7100000381469727,1.7200000286102295,14400,0.0,0.0
2024-02-06 00:00:00-05:00,1.7000000476837158,1.7100000381469727,1.5299999713897705,1.559999942779541,53100,0.0,0.0
2024-02-07 00:00:00-05:00,1.5800000429153442,1.7000000476837158,1.5,1.5299999713897705,34800,0.0,0.0
2024-02-08 00:00:00-05:00,1.5099999904632568,1.659999966621399,1.5099999904632568,1.590000033378601,35000,0.0,0.0
2024-02-09 00:00:00-05:00,1.6200000047683716,1.7200000286102295,1.6200000047683716,1.6799999475479126,16300,0.0,0.0
2024-02-12 00:00:00-05:00,1.7100000381469727,1.8700000047683716,1.690000057220459,1.8300000429153442,28700,0.0,0.0
2024-02-13 00:00:00-05:00,1.8300000429153442,1.940000057220459,1.7599999904632568,1.7599999904632568,25000,0.0,0.0
2024-02-14 00:00:00-05:00,1.7999999523162842,1.8600000143051147,1.7400000095367432,1.7799999713897705,13700,0.0,0.0
2024-02-15 00:00:00-05:00,1.7400000095367432,1.7899999618530273,1.649999976158142,1.690000057220459,32000,0.0,0.0
2024-02-16 00:00:00-05:00,1.75,1.75,1.6200000047683716,1.6799999475479126,22000,0.0,0.0
2024-02-20 00:00:00-05:00,1.6299999952316284,1.7000000476837158,1.6299999952316284,1.6399999856948853,15000,0.0,0.0
2024-02-21 00:00:00-05:00,1.6399999856948853,1.690000057220459,1.6399999856948853,1.690000057220459,4100,0.0,0.0
2024-02-22 00:00:00-05:00,1.6399999856948853,1.649999976158142,1.6399999856948853,1.649999976158142,3000,0.0,0.0
2024-02-23 00:00:00-05:00,1.6799999475479126,1.690000057220459,1.6399999856948853,1.6399999856948853,4100,0.0,0.0
2024-02-26 00:00:00-05:00,1.6200000047683716,1.6799999475479126,1.590000033378601,1.6299999952316284,11100,0.0,0.0
2024-02-27 00:00:00-05:00,1.600000023841858,1.6699999570846558,1.600000023841858,1.649999976158142,5600,0.0,0.0
2024-02-28 00:00:00-05:00,1.6399999856948853,1.7200000286102295,1.6100000143051147,1.6799999475479126,6100,0.0,0.0
2024-02-29 00:00:00-05:00,1.7000000476837158,1.7300000190734863,1.6799999475479126,1.6799999475479126,10500,0.0,0.0
2024-03-01 00:00:00-05:00,1.7200000286102295,1.7200000286102295,1.6299999952316284,1.6799999475479126,11800,0.0,0.0
2024-03-04 00:00:00-05:00,1.7000000476837158,1.7000000476837158,1.6299999952316284,1.6299999952316284,10200,0.0,0.0
2024-03-05 00:00:00-05:00,1.6299999952316284,1.7200000286102295,1.6299999952316284,1.649999976158142,8400,0.0,0.0
2024-03-06 00:00:00-05:00,1.7200000286102295,1.7799999713897705,1.659999966621399,1.7300000190734863,27500,0.0,0.0
2024-03-07 00:00:00-05:00,1.7000000476837158,1.7400000095367432,1.659999966621399,1.7400000095367432,5200,0.0,0.0
2024-03-08 00:00:00-05:00,1.7400000095367432,1.8600000143051147,1.6699999570846558,1.7000000476837158,34400,0.0,0.0
2024-03-11 00:00:00-04:00,1.7300000190734863,1.7799999713897705,1.690000057220459,1.690000057220459,6100,0.0,0.0
2024-03-12 00:00:00-04:00,1.690000057220459,1.690000057220459,1.6299999952316284,1.6299999952316284,8100,0.0,0.0
2024-03-13 00:00:00-04:00,1.600000023841858,1.7000000476837158,1.590000033378601,1.590000033378601,32300,0.0,0.0
2024-03-14 00:00:00-04:00,1.6299999952316284,1.8200000524520874,1.6200000047683716,1.6299999952316284,73700,0.0,0.0
2024-03-15 00:00:00-04:00,1.6399999856948853,1.8300000429153442,1.5800000429153442,1.5800000429153442,33600,0.0,0.0
2024-03-18 00:00:00-04:00,1.6200000047683716,1.690000057220459,1.5800000429153442,1.5800000429153442,38700,0.0,0.0
2024-03-19 00:00:00-04:00,1.649999976158142,1.659999966621399,1.5199999809265137,1.559999942779541,33500,0.0,0.0
2024-03-20 00:00:00-04:00,1.5700000524520874,1.5800000429153442,1.5299999713897705,1.5700000524520874,7400,0.0,0.0
2024-03-21 00:00:00-04:00,1.5700000524520874,1.659999966621399,1.5499999523162842,1.6100000143051147,21700,0.0,0.0
2024-03-22 00:00:00-04:00,1.6399999856948853,1.690000057220459,1.6299999952316284,1.690000057220459,10500,0.0,0.0
2024-03-25 00:00:00-04:00,1.659999966621399,1.659999966621399,1.5,1.5499999523162842,16200,0.0,0.0
2024-03-26 00:00:00-04:00,1.6699999570846558,1.6699999570846558,1.5700000524520874,1.5700000524520874,6900,0.0,0.0
2024-03-27 00:00:00-04:00,1.6100000143051147,1.6100000143051147,1.590000033378601,1.590000033378601,1000,0.0,0.0
2024-03-28 00:00:00-04:00,1.590000033378601,1.600000023841858,1.5299999713897705,1.5299999713897705,10100,0.0,0.0
2024-04-01 00:00:00-04:00,1.600000023841858,1.600000023841858,1.5399999618530273,1.5499999523162842,3300,0.0,0.0
2024-04-02 00:00:00-04:00,1.559999942779541,1.649999976158142,1.5399999618530273,1.5800000429153442,32400,0.0,0.0
2024-04-03 00:00:00-04:00,1.5700000524520874,1.6200000047683716,1.5499999523162842,1.5700000524520874,4800,0.0,0.0
2024-04-04 00:00:00-04:00,1.5800000429153442,1.590000033378601,1.5499999523162842,1.5800000429153442,3900,0.0,0.0
2024-04-05 00:00:00-04:00,1.5499999523162842,1.590000033378601,1.5499999523162842,1.590000033378601,5800,0.0,0.0
2024-04-08 00:00:00-04:00,1.600000023841858,1.600000023841858,1.440000057220459,1.440000057220459,49900,0.0,0.0
2024-04-09 00:00:00-04:00,1.440000057220459,1.5099999904632568,1.4199999570846558,1.4700000286102295,13200,0.0,0.0
2024-04-10 00:00:00-04:00,1.440000057220459,1.4500000476837158,1.350000023841858,1.399999976158142,25500,0.0,0.0
2024-04-11 00:00:00-04:00,1.3700000047683716,1.440000057220459,1.340000033378601,1.350000023841858,37700,0.0,0.0
2024-04-12 00:00:00-04:00,1.3600000143051147,1.3600000143051147,1.2599999904632568,1.3300000429153442,32300,0.0,0.0
2024-04-15 00:00:00-04:00,1.3600000143051147,1.3600000143051147,1.2899999618530273,1.2899999618530273,13600,0.0,0.0
2024-04-16 00:00:00-04:00,1.2599999904632568,1.4600000381469727,1.2599999904632568,1.440000057220459,63800,0.0,0.0
2024-04-17 00:00:00-04:00,1.440000057220459,1.5700000524520874,1.440000057220459,1.5700000524520874,15400,0.0,0.0
2024-04-18 00:00:00-04:00,1.600000023841858,1.7999999523162842,1.5499999523162842,1.590000033378601,74800,0.0,0.0
2024-04-19 00:00:00-04:00,1.7699999809265137,1.7999999523162842,1.559999942779541,1.659999966621399,39100,0.0,0.0
2024-04-22 00:00:00-04:00,1.6299999952316284,1.6299999952316284,1.559999942779541,1.5700000524520874,9900,0.0,0.0
2024-04-23 00:00:00-04:00,1.590000033378601,1.6699999570846558,1.5299999713897705,1.590000033378601,121600,0.0,0.0
2024-04-24 00:00:00-04:00,1.6100000143051147,1.6399999856948853,1.5499999523162842,1.559999942779541,36300,0.0,0.0
2024-04-25 00:00:00-04:00,1.5299999713897705,1.5299999713897705,1.399999976158142,1.4700000286102295,37100,0.0,0.0
2024-04-26 00:00:00-04:00,1.4299999475479126,1.600000023841858,1.399999976158142,1.600000023841858,86100,0.0,0.0
2024-04-29 00:00:00-04:00,1.6100000143051147,1.6399999856948853,1.5099999904632568,1.600000023841858,30600,0.0,0.0
2024-04-30 00:00:00-04:00,1.5800000429153442,1.6399999856948853,1.5199999809265137,1.6299999952316284,26100,0.0,0.0
2024-05-01 00:00:00-04:00,1.600000023841858,1.6100000143051147,1.5199999809265137,1.5800000429153442,14500,0.0,0.0
2024-05-02 00:00:00-04:00,1.5700000524520874,1.6200000047683716,1.5,1.559999942779541,50900,0.0,0.0
2024-05-03 00:00:00-04:00,1.5499999523162842,1.5800000429153442,1.5,1.5199999809265137,12400,0.0,0.0
2024-05-06 00:00:00-04:00,1.5399999618530273,1.6299999952316284,1.5,1.5499999523162842,13400,0.0,0.0
2024-05-07 00:00:00-04:00,1.6200000047683716,1.6799999475479126,1.5,1.6200000047683716,26600,0.0,0.0
2024-05-08 00:00:00-04:00,1.6200000047683716,1.7000000476837158,1.5499999523162842,1.649999976158142,20200,0.0,0.0
2024-05-09 00:00:00-04:00,1.7000000476837158,1.7000000476837158,1.649999976158142,1.659999966621399,4500,0.0,0.0
2024-05-10 00:00:00-04:00,1.649999976158142,1.6699999570846558,1.649999976158142,1.6699999570846558,4800,0.0,0.0
2024-05-13 00:00:00-04:00,1.7000000476837158,1.7899999618530273,1.6699999570846558,1.7200000286102295,23700,0.0,0.0
2024-05-14 00:00:00-04:00,1.7699999809265137,2.049999952316284,1.7699999809265137,1.909999966621399,158400,0.0,0.0
2024-05-15 00:00:00-04:00,1.8799999952316284,2.049999952316284,1.840000033378601,1.899999976158142,32300,0.0,0.0
2024-05-16 00:00:00-04:00,1.9500000476837158,1.9800000190734863,1.850000023841858,1.8799999952316284,18500,0.0,0.0
2024-05-17 00:00:00-04:00,1.899999976158142,1.9500000476837158,1.8899999856948853,1.8899999856948853,4100,0.0,0.0
2024-05-20 00:00:00-04:00,1.940000057220459,2.0199999809265137,1.850000023841858,1.9199999570846558,46300,0.0,0.0
2024-05-21 00:00:00-04:00,1.9199999570846558,2.009999990463257,1.909999966621399,1.9700000286102295,9100,0.0,0.0
2024-05-22 00:00:00-04:00,2.0,2.0,1.899999976158142,1.9299999475479126,10400,0.0,0.0
2024-05-23 00:00:00-04:00,1.899999976158142,1.899999976158142,1.75,1.7699999809265137,23900,0.0,0.0
2024-05-24 00:00:00-04:00,1.75,1.8600000143051147,1.7400000095367432,1.8300000429153442,10100,0.0,0.0
2024-05-28 00:00:00-04:00,1.850000023841858,1.899999976158142,1.850000023841858,1.899999976158142,5000,0.0,0.0
2024-05-29 00:00:00-04:00,1.7999999523162842,1.9600000381469727,1.7999999523162842,1.850000023841858,5300,0.0,0.0
2024-05-30 00:00:00-04:00,1.8600000143051147,1.9199999570846558,1.7200000286102295,1.7899999618530273,14900,0.0,0.0
2024-05-31 00:00:00-04:00,1.7899999618530273,1.9700000286102295,1.7899999618530273,1.9299999475479126,23300,0.0,0.0
2024-06-03 00:00:00-04:00,1.9500000476837158,2.0,1.8899999856948853,1.9800000190734863,11500,0.0,0.0
2024-06-04 00:00:00-04:00,1.9800000190734863,1.9800000190734863,1.8799999952316284,1.8799999952316284,15500,0.0,0.0
2024-06-05 00:00:00-04:00,1.8899999856948853,1.9199999570846558,1.8700000047683716,1.899999976158142,6500,0.0,0.0
2024-06-06 00:00:00-04:00,1.8700000047683716,1.8700000047683716,1.7699999809265137,1.7899999618530273,24400,0.0,0.0
2024-06-07 00:00:00-04:00,1.809999942779541,1.940000057220459,1.809999942779541,1.850000023841858,15500,0.0,0.0
2024-06-10 00:00:00-04:00,1.850000023841858,2.1500000953674316,1.8300000429153442,2.0799999237060547,275800,0.0,0.0
2024-06-11 00:00:00-04:00,2.059999942779541,2.390000104904175,1.9500000476837158,1.9500000476837158,127200,0.0,0.0
2024-06-12 00:00:00-04:00,1.9600000381469727,2.0199999809265137,1.8300000429153442,1.850000023841858,73900,0.0,0.0
2024-06-13 00:00:00-04:00,1.850000023841858,1.9500000476837158,1.7300000190734863,1.7400000095367432,45700,0.0,0.0
2024-06-14 00:00:00-04:00,1.7699999809265137,1.8799999952316284,1.7200000286102295,1.7400000095367432,20700,0.0,0.0
2024-06-17 00:00:00-04:00,1.7899999618530273,1.9299999475479126,1.7699999809265137,1.8600000143051147,102100,0.0,0.0
2024-06-18 00:00:00-04:00,1.8899999856948853,1.9199999570846558,1.5499999523162842,1.6200000047683716,143500,0.0,0.0
2024-06-20 00:00:00-04:00,1.590000033378601,1.590000033378601,1.340000033378601,1.340000033378601,139600,0.0,0.0
2024-06-21 00:00:00-04:00,1.3300000429153442,1.3799999952316284,1.2999999523162842,1.350000023841858,61500,0.0,0.0
2024-06-24 00:00:00-04:00,1.340000033378601,1.5800000429153442,1.340000033378601,1.3899999856948853,43300,0.0,0.0
2024-06-25 00:00:00-04:00,1.409999966621399,1.4800000190734863,1.3200000524520874,1.3799999952316284,14600,0.0,0.0
2024-06-26 00:00:00-04:00,1.3600000143051147,1.4199999570846558,1.3200000524520874,1.4199999570846558,12500,0.0,0.0
2024-06-27 00:00:00-04:00,1.3200000524520874,1.3899999856948853,1.3200000524520874,1.3600000143051147,16200,0.0,0.0
2024-06-28 00:00:00-04:00,1.4199999570846558,1.4600000381469727,1.3600000143051147,1.409999966621399,7300,0.0,0.0
2024-07-01 00:00:00-04:00,1.3700000047683716,1.5399999618530273,1.3700000047683716,1.4900000095367432,3900,0.0,0.0
2024-07-02 00:00:00-04:00,1.399999976158142,1.5,1.340000033378601,1.3700000047683716,12100,0.0,0.0
2024-07-03 00:00:00-04:00,1.3799999952316284,1.3899999856948853,1.340000033378601,1.3899999856948853,3900,0.0,0.0
2024-07-05 00:00:00-04:00,1.3799999952316284,1.440000057220459,1.350000023841858,1.3899999856948853,11100,0.0,0.0
2024-07-08 00:00:00-04:00,1.409999966621399,1.4600000381469727,1.409999966621399,1.4500000476837158,10000,0.0,0.0
2024-07-09 00:00:00-04:00,1.4600000381469727,1.6699999570846558,1.4500000476837158,1.4900000095367432,67200,0.0,0.0
2024-07-10 00:00:00-04:00,1.5499999523162842,1.5499999523162842,1.3700000047683716,1.4199999570846558,44200,0.0,0.0
2024-07-11 00:00:00-04:00,1.590000033378601,1.590000033378601,1.4500000476837158,1.4800000190734863,27000,0.0,0.0
2024-07-12 00:00:00-04:00,1.5700000524520874,1.5700000524520874,1.5,1.559999942779541,19700,0.0,0.0
2024-07-15 00:00:00-04:00,1.559999942779541,1.6200000047683716,1.5099999904632568,1.5199999809265137,10600,0.0,0.0
2024-07-16 00:00:00-04:00,1.5499999523162842,1.600000023841858,1.5,1.5,11500,0.0,0.0
2024-07-17 00:00:00-04:00,1.5299999713897705,1.6200000047683716,1.4800000190734863,1.5399999618530273,17300,0.0,0.0
2024-07-18 00:00:00-04:00,1.5,1.600000023841858,1.5,1.5399999618530273,46200,0.0,0.0
2024-07-19 00:00:00-04:00,1.600000023841858,1.940000057220459,1.600000023841858,1.840000033378601,226600,0.0,0.0
2024-07-22 00:00:00-04:00,2.0,2.200000047683716,1.9299999475479126,2.069999933242798,678400,0.0,0.0
2024-07-23 00:00:00-04:00,2.0799999237060547,2.0799999237060547,1.809999942779541,1.9700000286102295,113200,0.0,0.0
2024-07-24 00:00:00-04:00,1.9700000286102295,1.9700000286102295,1.840000033378601,1.909999966621399,34700,0.0,0.0
2024-07-25 00:00:00-04:00,1.8600000143051147,2.0799999237060547,1.840000033378601,2.0,43700,0.0,0.0
2024-07-26 00:00:00-04:00,2.0,2.0799999237060547,1.9500000476837158,2.009999990463257,21100,0.0,0.0
2024-07-29 00:00:00-04:00,2.0399999618530273,2.0399999618530273,1.909999966621399,1.940000057220459,15600,0.0,0.0
2024-07-30 00:00:00-04:00,1.9600000381469727,1.9600000381469727,1.8600000143051147,1.9299999475479126,16200,0.0,0.0
2024-07-31 00:00:00-04:00,1.8700000047683716,1.9700000286102295,1.8700000047683716,1.9700000286102295,14000,0.0,0.0
2024-08-01 00:00:00-04:00,1.940000057220459,1.9600000381469727,1.8899999856948853,1.9199999570846558,6300,0.0,0.0
2024-08-02 00:00:00-04:00,1.909999966621399,1.940000057220459,1.7400000095367432,1.7699999809265137,81600,0.0,0.0
2024-08-05 00:00:00-04:00,1.7200000286102295,1.8200000524520874,1.6100000143051147,1.7899999618530273,16900,0.0,0.0
2024-08-06 00:00:00-04:00,1.840000033378601,1.9500000476837158,1.7899999618530273,1.840000033378601,23300,0.0,0.0
2024-08-07 00:00:00-04:00,1.840000033378601,1.8899999856948853,1.840000033378601,1.8899999856948853,21300,0.0,0.0
2024-08-08 00:00:00-04:00,1.8899999856948853,1.9800000190734863,1.840000033378601,1.9500000476837158,50700,0.0,0.0
2024-08-09 00:00:00-04:00,1.9800000190734863,2.0,1.8799999952316284,1.940000057220459,15600,0.0,0.0
2024-08-12 00:00:00-04:00,1.9500000476837158,1.9500000476837158,1.899999976158142,1.9299999475479126,9200,0.0,0.0
2024-08-13 00:00:00-04:00,1.7999999523162842,1.9500000476837158,1.7999999523162842,1.9199999570846558,8000,0.0,0.0
2024-08-14 00:00:00-04:00,1.8899999856948853,1.9700000286102295,1.8899999856948853,1.9700000286102295,10800,0.0,0.0
2024-08-15 00:00:00-04:00,1.9800000190734863,2.0999999046325684,1.9800000190734863,2.049999952316284,38300,0.0,0.0
2024-08-16 00:00:00-04:00,2.049999952316284,2.069999933242798,1.9900000095367432,2.0,11600,0.0,0.0
2024-08-19 00:00:00-04:00,1.9700000286102295,2.049999952316284,1.9700000286102295,2.009999990463257,6200,0.0,0.0
2024-08-20 00:00:00-04:00,2.009999990463257,2.0299999713897705,1.9900000095367432,2.0,4200,0.0,0.0
2024-08-21 00:00:00-04:00,2.0199999809265137,2.0299999713897705,2.009999990463257,2.009999990463257,6300,0.0,0.0
2024-08-22 00:00:00-04:00,2.009999990463257,2.009999990463257,2.0,2.009999990463257,3700,0.0,0.0
2024-08-23 00:00:00-04:00,2.009999990463257,2.0399999618530273,2.0,2.0,8400,0.0,0.0
2024-08-26 00:00:00-04:00,2.0,2.0199999809265137,2.0,2.0199999809265137,11600,0.0,0.0
2024-08-27 00:00:00-04:00,2.0299999713897705,2.0299999713897705,1.9900000095367432,2.0,1600,0.0,0.0
2024-08-28 00:00:00-04:00,2.0299999713897705,2.0299999713897705,1.899999976158142,1.9600000381469727,6300,0.0,0.0
2024-08-29 00:00:00-04:00,1.9500000476837158,2.0,1.9299999475479126,1.9700000286102295,4700,0.0,0.0
2024-08-30 00:00:00-04:00,1.9500000476837158,1.9500000476837158,1.899999976158142,1.9500000476837158,5400,0.0,0.0
2024-09-03 00:00:00-04:00,2.069999933242798,2.069999933242798,1.9199999570846558,2.0,7500,0.0,0.0
2024-09-04 00:00:00-04:00,1.9500000476837158,1.9500000476837158,1.9500000476837158,1.9500000476837158,2700,0.0,0.0
2024-09-05 00:00:00-04:00,1.9299999475479126,1.9900000095367432,1.9299999475479126,1.9800000190734863,9500,0.0,0.0
2024-09-06 00:00:00-04:00,2.0,2.0299999713897705,1.909999966621399,1.909999966621399,31000,0.0,0.0
2024-09-09 00:00:00-04:00,1.899999976158142,2.009999990463257,1.899999976158142,1.899999976158142,19500,0.0,0.0
2024-09-10 00:00:00-04:00,1.9299999475479126,1.9500000476837158,1.7999999523162842,1.809999942779541,19900,0.0,0.0
2024-09-11 00:00:00-04:00,1.899999976158142,1.899999976158142,1.7999999523162842,1.840000033378601,28000,0.0,0.0
2024-09-12 00:00:00-04:00,1.899999976158142,1.899999976158142,1.809999942779541,1.8200000524520874,12500,0.0,0.0
2024-09-13 00:00:00-04:00,1.809999942779541,1.840000033378601,1.809999942779541,1.8200000524520874,8500,0.0,0.0
2024-09-16 00:00:00-04:00,1.840000033378601,1.899999976158142,1.7999999523162842,1.840000033378601,12600,0.0,0.0
2024-09-17 00:00:00-04:00,1.909999966621399,1.909999966621399,1.8200000524520874,1.8300000429153442,34500,0.0,0.0
2024-09-18 00:00:00-04:00,1.809999942779541,1.8700000047683716,1.809999942779541,1.850000023841858,14100,0.0,0.0
2024-09-19 00:00:00-04:00,1.850000023841858,2.0799999237060547,1.840000033378601,2.049999952316284,74200,0.0,0.0
2024-09-20 00:00:00-04:00,2.059999942779541,2.059999942779541,1.940000057220459,2.049999952316284,19300,0.0,0.0
2024-09-23 00:00:00-04:00,2.0399999618530273,2.0799999237060547,1.9500000476837158,1.9500000476837158,22700,0.0,0.0
2024-09-24 00:00:00-04:00,2.0,2.0299999713897705,1.9199999570846558,1.9299999475479126,23500,0.0,0.0
2024-09-25 00:00:00-04:00,1.9900000095367432,1.9900000095367432,1.9199999570846558,1.9500000476837158,5100,0.0,0.0
2024-09-26 00:00:00-04:00,1.9500000476837158,1.9500000476837158,1.909999966621399,1.909999966621399,21100,0.0,0.0
2024-09-27 00:00:00-04:00,1.940000057220459,1.9500000476837158,1.909999966621399,1.9500000476837158,2000,0.0,0.0
2024-09-30 00:00:00-04:00,1.9600000381469727,1.9800000190734863,1.9199999570846558,1.9199999570846558,9200,0.0,0.0
2024-10-01 00:00:00-04:00,1.9299999475479126,1.9299999475479126,1.8799999952316284,1.8799999952316284,4400,0.0,0.0
2024-10-02 00:00:00-04:00,1.8600000143051147,1.899999976158142,1.8600000143051147,1.899999976158142,3800,0.0,0.0
2024-10-03 00:00:00-04:00,1.840000033378601,1.9199999570846558,1.840000033378601,1.9199999570846558,9100,0.0,0.0
2024-10-04 00:00:00-04:00,1.8600000143051147,1.8899999856948853,1.8600000143051147,1.8899999856948853,4300,0.0,0.0
2024-10-07 00:00:00-04:00,1.899999976158142,1.909999966621399,1.840000033378601,1.850000023841858,16000,0.0,0.0
2024-10-08 00:00:00-04:00,1.8700000047683716,1.8700000047683716,1.8600000143051147,1.8600000143051147,2400,0.0,0.0
2024-10-09 00:00:00-04:00,1.840000033378601,1.840000033378601,1.8200000524520874,1.8200000524520874,7400,0.0,0.0
2024-10-10 00:00:00-04:00,1.809999942779541,1.8200000524520874,1.4500000476837158,1.4500000476837158,117100,0.0,0.0
2024-10-11 00:00:00-04:00,1.4900000095367432,1.7799999713897705,1.4600000381469727,1.6100000143051147,202100,0.0,0.0
2024-10-14 00:00:00-04:00,1.5800000429153442,1.659999966621399,1.5499999523162842,1.6299999952316284,11100,0.0,0.0
2024-10-15 00:00:00-04:00,1.6200000047683716,1.6399999856948853,1.600000023841858,1.6200000047683716,6600,0.0,0.0
2024-10-16 00:00:00-04:00,1.6200000047683716,1.6699999570846558,1.5299999713897705,1.6699999570846558,35000,0.0,0.0
2024-10-17 00:00:00-04:00,1.600000023841858,1.6399999856948853,1.600000023841858,1.6299999952316284,2700,0.0,0.0
2024-10-18 00:00:00-04:00,1.659999966621399,1.6699999570846558,1.6100000143051147,1.649999976158142,26700,0.0,0.0
2024-10-21 00:00:00-04:00,1.6399999856948853,1.7400000095367432,1.6399999856948853,1.6699999570846558,28400,0.0,0.0
2024-10-22 00:00:00-04:00,1.7000000476837158,1.7400000095367432,1.6799999475479126,1.690000057220459,11700,0.0,0.0
2024-10-23 00:00:00-04:00,1.690000057220459,1.75,1.6699999570846558,1.6799999475479126,5100,0.0,0.0
2024-10-24 00:00:00-04:00,1.7400000095367432,1.75,1.690000057220459,1.75,29900,0.0,0.0
2024-10-25 00:00:00-04:00,1.7400000095367432,1.899999976158142,1.7300000190734863,1.75,77300,0.0,0.0
2024-10-28 00:00:00-04:00,1.7899999618530273,1.7999999523162842,1.7400000095367432,1.7999999523162842,13400,0.0,0.0
2024-10-29 00:00:00-04:00,1.7599999904632568,1.7999999523162842,1.7400000095367432,1.7699999809265137,5800,0.0,0.0
2024-10-30 00:00:00-04:00,1.7400000095367432,1.8200000524520874,1.7300000190734863,1.7300000190734863,7100,0.0,0.0
2024-10-31 00:00:00-04:00,1.7300000190734863,1.7799999713897705,1.7300000190734863,1.75,4600,0.0,0.0
2024-11-01 00:00:00-04:00,1.7300000190734863,1.7300000190734863,1.690000057220459,1.690000057220459,4800,0.0,0.0
2024-11-04 00:00:00-05:00,1.6699999570846558,1.9700000286102295,1.6699999570846558,1.8799999952316284,139500,0.0,0.0
2024-11-05 00:00:00-05:00,1.7999999523162842,1.9199999570846558,1.7999999523162842,1.8700000047683716,34700,0.0,0.0
2024-11-06 00:00:00-05:00,1.8200000524520874,1.8700000047683716,1.6699999570846558,1.6799999475479126,108900,0.0,0.0
2024-11-07 00:00:00-05:00,1.690000057220459,1.7000000476837158,1.6399999856948853,1.649999976158142,13800,0.0,0.0
2024-11-08 00:00:00-05:00,1.6699999570846558,1.7100000381469727,1.649999976158142,1.659999966621399,17200,0.0,0.0
