Date,Open,High,Low,Close,Volume,Dividends,Stock Splits,Capital Gains
2016-06-16 00:00:00-04:00,22.70417594909668,22.70417594909668,22.70417594909668,22.70417594909668,1000,0.0,0.0,0.0
2016-06-17 00:00:00-04:00,22.70417594909668,22.70417594909668,22.70417594909668,22.70417594909668,0,0.0,0.0,0.0
2016-06-20 00:00:00-04:00,23.887067794799805,23.887067794799805,23.887067794799805,23.887067794799805,200,0.0,0.0,0.0
2016-06-21 00:00:00-04:00,23.887067794799805,23.887067794799805,23.887067794799805,23.887067794799805,10000,0.0,0.0,0.0
2016-06-22 00:00:00-04:00,23.006777538879128,23.062711715698242,23.006777538879128,23.062711715698242,600,0.0,0.0,0.0
2016-06-23 00:00:00-04:00,22.9150788807532,22.970096588134766,22.9150788807532,22.970096588134766,600,0.0,0.0,0.0
2016-06-24 00:00:00-04:00,22.484105302491027,22.676668167114258,22.484105302491027,22.676668167114258,800,0.0,0.0,0.0
2016-06-27 00:00:00-04:00,22.63081702184691,22.63081702184691,22.55745950107031,22.56662940979004,400,0.0,0.0,0.0
2016-06-28 00:00:00-04:00,23.483603216895453,23.483603216895453,22.915081024169922,22.915081024169922,600,0.0,0.0,0.0
2016-06-29 00:00:00-04:00,23.511106238800476,23.511106238800476,23.144318651023006,23.18833351135254,2100,0.0,0.0,0.0
2016-06-30 00:00:00-04:00,23.483600740242448,23.483600740242448,22.92424851675948,23.052623748779297,1500,0.0,0.0,0.0
2016-07-01 00:00:00-04:00,23.024198374164513,23.034286499023438,23.024198374164513,23.034286499023438,1100,0.0,0.0,0.0
2016-07-05 00:00:00-04:00,23.034286499023438,23.034286499023438,23.034286499023438,23.034286499023438,0,0.0,0.0,0.0
2016-07-06 00:00:00-04:00,23.465261568899663,23.611976623535156,23.428581930750084,23.611976623535156,2100,0.0,0.0,0.0
2016-07-07 00:00:00-04:00,23.5918025970459,23.5918025970459,23.5918025970459,23.5918025970459,200,0.0,0.0,0.0
2016-07-08 00:00:00-04:00,23.593636568265268,23.666994094848633,23.593636568265268,23.666994094848633,2000,0.0,0.0,0.0
2016-07-11 00:00:00-04:00,23.611976623535156,23.611976623535156,23.611976623535156,23.611976623535156,100,0.0,0.0,0.0
2016-07-12 00:00:00-04:00,24.18050107388301,24.226348876953125,24.18050107388301,24.226348876953125,600,0.0,0.0,0.0
2016-07-13 00:00:00-04:00,24.20800648895738,24.244686126708984,24.20800648895738,24.244686126708984,1200,0.0,0.0,0.0
2016-07-14 00:00:00-04:00,24.171330825210074,24.171330825210074,24.13465118408203,24.13465118408203,600,0.0,0.0,0.0
2016-07-15 00:00:00-04:00,24.13831560637343,24.143817901611328,24.13831560637343,24.143817901611328,400,0.0,0.0,0.0
2016-07-18 00:00:00-04:00,24.143817901611328,24.143817901611328,24.143817901611328,24.143817901611328,0,0.0,0.0,0.0
2016-07-19 00:00:00-04:00,24.143817901611328,24.143817901611328,24.143817901611328,24.143817901611328,0,0.0,0.0,0.0
2016-07-20 00:00:00-04:00,23.93291473388672,23.942084642762207,23.92374482501123,23.93291473388672,1200,0.0,0.0,0.0
2016-07-21 00:00:00-04:00,23.93291473388672,23.93291473388672,23.93291473388672,23.93291473388672,0,0.0,0.0,0.0
2016-07-22 00:00:00-04:00,23.93291473388672,23.93291473388672,23.93291473388672,23.93291473388672,0,0.0,0.0,0.0
2016-07-25 00:00:00-04:00,23.84122085571289,23.84122085571289,23.84122085571289,23.84122085571289,500,0.0,0.0,0.0
2016-07-26 00:00:00-04:00,24.189664840698242,24.189664840698242,24.189664840698242,24.189664840698242,100,0.0,0.0,0.0
2016-07-27 00:00:00-04:00,23.65782356262207,23.65782356262207,23.65782356262207,23.65782356262207,500,0.0,0.0,0.0
2016-07-28 00:00:00-04:00,23.65782356262207,23.65782356262207,23.65782356262207,23.65782356262207,0,0.0,0.0,0.0
2016-07-29 00:00:00-04:00,23.822877883911133,23.822877883911133,23.822877883911133,23.822877883911133,400,0.0,0.0,0.0
2016-08-01 00:00:00-04:00,23.483600616455078,23.483600616455078,23.483600616455078,23.483600616455078,1000,0.0,0.0,0.0
2016-08-02 00:00:00-04:00,23.55696019745625,23.602807998657227,23.54779028741975,23.602807998657227,900,0.0,0.0,0.0
2016-08-03 00:00:00-04:00,23.602807998657227,23.602807998657227,23.602807998657227,23.602807998657227,0,0.0,0.0,0.0
2016-08-04 00:00:00-04:00,23.75777244567871,23.75777244567871,23.75777244567871,23.75777244567871,300,0.0,0.0,0.0
2016-08-05 00:00:00-04:00,23.749521838792845,23.78620147705078,23.749521838792845,23.78620147705078,1000,0.0,0.0,0.0
2016-08-08 00:00:00-04:00,23.78620147705078,23.78620147705078,23.78620147705078,23.78620147705078,0,0.0,0.0,0.0
2016-08-09 00:00:00-04:00,23.78620147705078,23.78620147705078,23.78620147705078,23.78620147705078,0,0.0,0.0,0.0
2016-08-10 00:00:00-04:00,24.078716278076172,24.078716278076172,24.078716278076172,24.078716278076172,100,0.0,0.0,0.0
2016-08-11 00:00:00-04:00,24.042951781400244,24.042951781400244,24.015443801879883,24.015443801879883,800,0.0,0.0,0.0
2016-08-12 00:00:00-04:00,24.373062133789062,24.373062133789062,24.373062133789062,24.373062133789062,400,0.0,0.0,0.0
2016-08-15 00:00:00-04:00,25.537614692641768,25.537614692641768,25.189165115356445,25.189165115356445,500,0.0,0.0,0.0
2016-08-16 00:00:00-04:00,25.601800891934367,25.601800891934367,25.051618576049805,25.051618576049805,1400,0.0,0.0,0.0
2016-08-17 00:00:00-04:00,25.051618576049805,25.051618576049805,25.051618576049805,25.051618576049805,0,0.0,0.0,0.0
2016-08-18 00:00:00-04:00,24.895736031035995,24.91407585144043,24.895736031035995,24.91407585144043,200,0.0,0.0,0.0
2016-08-19 00:00:00-04:00,24.813207626342773,24.813207626342773,24.813207626342773,24.813207626342773,200,0.0,0.0,0.0
2016-08-22 00:00:00-04:00,25.079130332700412,25.079130332700412,24.64815330505371,24.64815330505371,200,0.0,0.0,0.0
2016-08-23 00:00:00-04:00,24.64815330505371,24.64815330505371,24.64815330505371,24.64815330505371,0,0.0,0.0,0.0
2016-08-24 00:00:00-04:00,24.64815330505371,24.64815330505371,24.64815330505371,24.64815330505371,0,0.0,0.0,0.0
2016-08-25 00:00:00-04:00,24.64815330505371,24.64815330505371,24.64815330505371,24.64815330505371,0,0.0,0.0,0.0
2016-08-26 00:00:00-04:00,24.64815330505371,24.64815330505371,24.64815330505371,24.64815330505371,0,0.0,0.0,0.0
2016-08-29 00:00:00-04:00,24.501435024590172,24.501435024590172,24.336381912231445,24.336381912231445,2200,0.0,0.0,0.0
2016-08-30 00:00:00-04:00,24.336381912231445,24.336381912231445,24.336381912231445,24.336381912231445,100,0.0,0.0,0.0
2016-08-31 00:00:00-04:00,24.400571823120117,24.400571823120117,24.400571823120117,24.400571823120117,500,0.0,0.0,0.0
2016-09-01 00:00:00-04:00,24.198835995934612,24.208005905151367,24.198835995934612,24.208005905151367,1100,0.0,0.0,0.0
2016-09-02 00:00:00-04:00,24.208005905151367,24.208005905151367,24.208005905151367,24.208005905151367,0,0.0,0.0,0.0
2016-09-06 00:00:00-04:00,24.56470710953869,24.58396339416504,24.56470710953869,24.58396339416504,1600,0.0,0.0,0.0
2016-09-07 00:00:00-04:00,24.58396339416504,24.58396339416504,24.58396339416504,24.58396339416504,0,0.0,0.0,0.0
2016-09-08 00:00:00-04:00,24.58396339416504,24.58396339416504,24.58396339416504,24.58396339416504,0,0.0,0.0,0.0
2016-09-09 00:00:00-04:00,24.244685777916317,24.244685777916317,24.15298843383789,24.15298843383789,400,0.0,0.0,0.0
2016-09-12 00:00:00-04:00,23.740352630615234,23.740352630615234,23.740352630615234,23.740352630615234,1000,0.0,0.0,0.0
2016-09-13 00:00:00-04:00,23.8503897191225,23.8503897191225,23.795372009277344,23.795372009277344,600,0.0,0.0,0.0
2016-09-14 00:00:00-04:00,23.694503784179688,23.694503784179688,23.694503784179688,23.694503784179688,1000,0.0,0.0,0.0
2016-09-15 00:00:00-04:00,23.740350145464,23.93291473388672,23.740350145464,23.93291473388672,1500,0.0,0.0,0.0
2016-09-16 00:00:00-04:00,23.832051661404673,24.006276462606387,23.832051661404673,23.997106552124023,2000,0.0,0.0,0.0
2016-09-19 00:00:00-04:00,24.042951583862305,24.042951583862305,24.042951583862305,24.042951583862305,200,0.0,0.0,0.0
2016-09-20 00:00:00-04:00,23.99710402206439,24.00627393157995,23.951256223467986,23.987934112548828,2000,0.0,0.0,0.0
2016-09-21 00:00:00-04:00,23.777033998952625,24.17133140563965,23.777033998952625,24.17133140563965,1800,0.0,0.0,0.0
2016-09-22 00:00:00-04:00,24.327218013576122,24.327218013576122,24.244690562517185,24.253860473632812,3100,0.0,0.0,0.0
2016-09-23 00:00:00-04:00,24.024612426757812,24.024612426757812,24.024612426757812,24.024612426757812,300,0.0,0.0,0.0
2016-09-26 00:00:00-04:00,23.511108982446427,23.547788619995117,23.511108982446427,23.547788619995117,1100,0.0,0.0,0.0
2016-09-27 00:00:00-04:00,23.91457891622408,23.91457891622408,23.703676223754883,23.703676223754883,700,0.0,0.0,0.0
2016-09-28 00:00:00-04:00,24.15298843383789,24.15298843383789,24.15298843383789,24.15298843383789,100,0.0,0.0,0.0
2016-09-29 00:00:00-04:00,23.850391387939453,23.850391387939453,23.850391387939453,23.850391387939453,200,0.0,0.0,0.0
2016-09-30 00:00:00-04:00,23.97876396686696,24.079631221563297,23.960424148016465,24.042951583862305,2300,0.0,0.0,0.0
2016-10-03 00:00:00-04:00,23.868728637695312,23.868728637695312,23.868728637695312,23.868728637695312,1000,0.0,0.0,0.0
2016-10-04 00:00:00-04:00,23.93291473388672,23.93291473388672,23.93291473388672,23.93291473388672,1000,0.0,0.0,0.0
2016-10-05 00:00:00-04:00,23.942081477541727,23.973257064819336,23.942081477541727,23.973257064819336,1400,0.0,0.0,0.0
2016-10-06 00:00:00-04:00,24.05212331926602,24.097972869873047,24.05212331926602,24.097972869873047,700,0.0,0.0,0.0
2016-10-07 00:00:00-04:00,24.08880043029785,24.097970339456367,24.03378097534676,24.08880043029785,1300,0.0,0.0,0.0
2016-10-10 00:00:00-04:00,24.15298843383789,24.15298843383789,24.15298843383789,24.15298843383789,1000,0.0,0.0,0.0
2016-10-11 00:00:00-04:00,24.17132825244985,24.17132825244985,24.10714063628936,24.15298843383789,1000,0.0,0.0,0.0
2016-10-12 00:00:00-04:00,24.14381914697968,24.162158966064453,24.125479327894904,24.162158966064453,1000,0.0,0.0,0.0
2016-10-13 00:00:00-04:00,23.9787654876709,23.9787654876709,23.9787654876709,23.9787654876709,1000,0.0,0.0,0.0
2016-10-14 00:00:00-04:00,24.263022361672274,24.263022361672274,24.189664840698242,24.189664840698242,1000,0.0,0.0,0.0
2016-10-17 00:00:00-04:00,24.189664840698242,24.189664840698242,24.189664840698242,24.189664840698242,0,0.0,0.0,0.0
2016-10-18 00:00:00-04:00,24.244686126708984,24.244686126708984,24.244686126708984,24.244686126708984,1000,0.0,0.0,0.0
2016-10-19 00:00:00-04:00,24.26302462172083,24.290534350516538,24.26302462172083,24.28136444091797,1000,0.0,0.0,0.0
2016-10-20 00:00:00-04:00,24.28136444091797,24.28136444091797,24.28136444091797,24.28136444091797,0,0.0,0.0,0.0
2016-10-21 00:00:00-04:00,24.180498200430712,24.180498200430712,24.125478744506836,24.125478744506836,1500,0.0,0.0,0.0
2016-10-24 00:00:00-04:00,24.45558925493564,24.492267144392894,24.45558925493564,24.48309898376465,3000,0.0,0.0,0.0
2016-10-25 00:00:00-04:00,24.48309898376465,24.48309898376465,24.48309898376465,24.48309898376465,100,0.0,0.0,0.0
2016-10-26 00:00:00-04:00,24.48309898376465,24.48309898376465,24.48309898376465,24.48309898376465,0,0.0,0.0,0.0
2016-10-27 00:00:00-04:00,24.244687411754988,24.27219539254531,24.226347591907118,24.235517501831055,1500,0.0,0.0,0.0
2016-10-28 00:00:00-04:00,24.226346583879753,24.226346583879753,24.125479327894904,24.162158966064453,1200,0.0,0.0,0.0
2016-10-31 00:00:00-04:00,24.162158966064453,24.162158966064453,24.162158966064453,24.162158966064453,0,0.0,0.0,0.0
2016-11-01 00:00:00-04:00,24.162158966064453,24.162158966064453,24.162158966064453,24.162158966064453,0,0.0,0.0,0.0
2016-11-02 00:00:00-04:00,24.33638288520462,24.33638288520462,24.189666086717853,24.208005905151367,800,0.0,0.0,0.0
2016-11-03 00:00:00-04:00,24.666489056483314,24.666489056483314,24.354719161987305,24.354719161987305,200,0.0,0.0,0.0
2016-11-04 00:00:00-04:00,24.02460980145151,24.244682346705307,24.02460980145151,24.217172622680664,2300,0.0,0.0,0.0
2016-11-07 00:00:00-05:00,24.217172622680664,24.217172622680664,24.217172622680664,24.217172622680664,0,0.0,0.0,0.0
2016-11-08 00:00:00-05:00,24.47392907415498,24.48309898376465,24.345552088601014,24.48309898376465,1400,0.0,0.0,0.0
2016-11-09 00:00:00-05:00,24.48309992662504,24.48309992662504,24.308875135294638,24.382232666015625,1200,0.0,0.0,0.0
2016-11-10 00:00:00-05:00,24.226346110856067,24.28136381805475,24.226346110856067,24.272193908691406,1100,0.0,0.0,0.0
2016-11-11 00:00:00-05:00,24.56562614440918,24.56562614440918,24.56562614440918,24.56562614440918,100,0.0,0.0,0.0
2016-11-14 00:00:00-05:00,24.538118362426758,24.538118362426758,24.538118362426758,24.538118362426758,1000,0.0,0.0,0.0
2016-11-15 00:00:00-05:00,24.510603539293164,24.547283172607422,24.501433630964602,24.547283172607422,1100,0.0,0.0,0.0
2016-11-16 00:00:00-05:00,24.428080849342876,24.446420669555664,24.409742778111614,24.446420669555664,900,0.0,0.0,0.0
2016-11-17 00:00:00-05:00,24.538115832139738,24.538115832139738,24.528945922851562,24.528945922851562,400,0.0,0.0,0.0
2016-11-18 00:00:00-05:00,24.308876037597656,24.327215858204017,24.308876037597656,24.308876037597656,2000,0.0,0.0,0.0
2016-11-21 00:00:00-05:00,24.308876037597656,24.308876037597656,24.308876037597656,24.308876037597656,0,0.0,0.0,0.0
2016-11-22 00:00:00-05:00,24.308876037597656,24.308876037597656,24.308876037597656,24.308876037597656,0,0.0,0.0,0.0
2016-11-23 00:00:00-05:00,24.308876037597656,24.308876037597656,24.308876037597656,24.308876037597656,0,0.0,0.0,0.0
2016-11-25 00:00:00-05:00,24.813203775705393,24.840713500976562,24.813203775705393,24.840713500976562,1100,0.0,0.0,0.0
2016-11-28 00:00:00-05:00,24.904905941238212,24.91407585144043,24.904905941238212,24.91407585144043,400,0.0,0.0,0.0
2016-11-29 00:00:00-05:00,25.239596915041165,25.244182744110105,25.234094619750977,25.234094619750977,3100,0.0,0.0,0.0
2016-11-30 00:00:00-05:00,25.234094619750977,25.234094619750977,25.234094619750977,25.234094619750977,100,0.0,0.0,0.0
2016-12-01 00:00:00-05:00,25.152484893798828,25.152484893798828,25.152484893798828,25.152484893798828,1000,0.0,0.0,0.0
2016-12-02 00:00:00-05:00,25.152484893798828,25.152484893798828,25.152484893798828,25.152484893798828,100,0.0,0.0,0.0
2016-12-05 00:00:00-05:00,24.9415812458829,24.9415812458829,24.703168869018555,24.703168869018555,900,0.0,0.0,0.0
2016-12-06 00:00:00-05:00,24.43724971299354,24.43724971299354,24.36389218426525,24.400571823120117,11200,0.0,0.0,0.0
2016-12-07 00:00:00-05:00,24.418908722057186,24.556455612182617,24.418908722057186,24.556455612182617,1000,0.0,0.0,0.0
2016-12-08 00:00:00-05:00,24.345550537109375,24.345550537109375,24.345550537109375,24.345550537109375,500,0.0,0.0,0.0
2016-12-09 00:00:00-05:00,24.464757919311523,24.464757919311523,24.464757919311523,24.464757919311523,500,0.0,0.0,0.0
2016-12-12 00:00:00-05:00,23.752273559570312,23.752273559570312,23.752273559570312,23.752273559570312,400,0.0,0.0,0.0
2016-12-13 00:00:00-05:00,23.84122085571289,23.84122085571289,23.84122085571289,23.84122085571289,100,0.0,0.0,0.0
2016-12-14 00:00:00-05:00,23.84122085571289,23.84122085571289,23.84122085571289,23.84122085571289,0,0.0,0.0,0.0
2016-12-15 00:00:00-05:00,23.84122085571289,23.84122085571289,23.84122085571289,23.84122085571289,0,0.0,0.0,0.0
2016-12-16 00:00:00-05:00,23.84122085571289,23.84122085571289,23.84122085571289,23.84122085571289,0,0.0,0.0,0.0
2016-12-19 00:00:00-05:00,23.84122085571289,23.84122085571289,23.84122085571289,23.84122085571289,0,0.0,0.0,0.0
2016-12-20 00:00:00-05:00,23.84122085571289,23.84122085571289,23.84122085571289,23.84122085571289,100,0.0,0.0,0.0
2016-12-21 00:00:00-05:00,24.158063888549805,24.158063888549805,24.158063888549805,24.158063888549805,0,0.341,0.0,0.0
2016-12-22 00:00:00-05:00,23.312528610229492,23.312528610229492,23.312528610229492,23.312528610229492,100,0.0,0.0,0.0
2016-12-23 00:00:00-05:00,23.312528610229492,23.312528610229492,23.312528610229492,23.312528610229492,0,0.0,0.0,0.0
2016-12-27 00:00:00-05:00,23.312528610229492,23.312528610229492,23.312528610229492,23.312528610229492,0,0.0,0.0,0.0
2016-12-28 00:00:00-05:00,23.015199913193513,23.015199913193513,22.973387812552655,22.99661636352539,600,0.0,0.0,0.0
2016-12-29 00:00:00-05:00,22.96874154310439,22.96874154310439,22.959449768066406,22.959449768066406,4800,0.0,0.0,0.0
2016-12-30 00:00:00-05:00,22.959449768066406,22.959449768066406,22.959449768066406,22.959449768066406,0,0.0,0.0,0.0
2017-01-03 00:00:00-05:00,23.321821464763715,23.321821464763715,23.27536259045208,23.303237915039062,500,0.0,0.0,0.0
2017-01-04 00:00:00-05:00,23.303237915039062,23.303237915039062,23.303237915039062,23.303237915039062,0,0.0,0.0,0.0
2017-01-05 00:00:00-05:00,23.990811165160785,24.065143585205078,23.990811165160785,24.065143585205078,1400,0.0,0.0,0.0
2017-01-06 00:00:00-05:00,23.78639980927139,23.818920135498047,23.78639980927139,23.818920135498047,1500,0.0,0.0,0.0
2017-01-09 00:00:00-05:00,23.81427001953125,23.81427001953125,23.81427001953125,23.81427001953125,200,0.0,0.0,0.0
2017-01-10 00:00:00-05:00,23.739938735961914,23.739938735961914,23.739938735961914,23.739938735961914,600,0.0,0.0,0.0
2017-01-11 00:00:00-05:00,23.52623634106766,23.609860546677254,23.51694456575271,23.600568771362305,1000,0.0,0.0,0.0
2017-01-12 00:00:00-05:00,23.581986300431506,23.600569851912248,23.563404521175777,23.591278076171875,1300,0.0,0.0,0.0
2017-01-13 00:00:00-05:00,23.600568771362305,23.600568771362305,23.600568771362305,23.600568771362305,200,0.0,0.0,0.0
2017-01-17 00:00:00-05:00,23.600568771362305,23.600568771362305,23.600568771362305,23.600568771362305,0,0.0,0.0,0.0
2017-01-18 00:00:00-05:00,23.600568771362305,23.600568771362305,23.600568771362305,23.600568771362305,0,0.0,0.0,0.0
2017-01-19 00:00:00-05:00,23.600568771362305,23.600568771362305,23.600568771362305,23.600568771362305,0,0.0,0.0,0.0
2017-01-20 00:00:00-05:00,23.81427001953125,23.81427001953125,23.81427001953125,23.81427001953125,200,0.0,0.0,0.0
2017-01-23 00:00:00-05:00,23.81427001953125,23.81427001953125,23.81427001953125,23.81427001953125,0,0.0,0.0,0.0
2017-01-24 00:00:00-05:00,23.81427001953125,23.81427001953125,23.81427001953125,23.81427001953125,0,0.0,0.0,0.0
2017-01-25 00:00:00-05:00,23.981522174859126,24.027981050420102,23.981522174859126,24.015901565551758,300,0.0,0.0,0.0
2017-01-26 00:00:00-05:00,24.01776123046875,24.01776123046875,24.01776123046875,24.01776123046875,500,0.0,0.0,0.0
2017-01-27 00:00:00-05:00,24.6505184173584,24.6505184173584,24.6505184173584,24.6505184173584,200,0.0,0.0,0.0
2017-01-30 00:00:00-05:00,24.000103586119465,24.014970779418945,24.000103586119465,24.014970779418945,500,0.0,0.0,0.0
2017-01-31 00:00:00-05:00,24.111604690551758,24.111604690551758,24.111604690551758,24.111604690551758,100,0.0,0.0,0.0
2017-02-01 00:00:00-05:00,24.111604690551758,24.111604690551758,24.111604690551758,24.111604690551758,0,0.0,0.0,0.0
2017-02-02 00:00:00-05:00,24.185940043126784,24.185940043126784,24.167356491088867,24.167356491088867,2100,0.0,0.0,0.0
2017-02-03 00:00:00-05:00,24.111604690551758,24.111604690551758,24.111604690551758,24.111604690551758,800,0.0,0.0,0.0
2017-02-06 00:00:00-05:00,24.111604690551758,24.111604690551758,24.111604690551758,24.111604690551758,0,0.0,0.0,0.0
2017-02-07 00:00:00-05:00,24.111604690551758,24.111604690551758,24.111604690551758,24.111604690551758,0,0.0,0.0,0.0
2017-02-08 00:00:00-05:00,23.786399841308594,23.786399841308594,23.786399841308594,23.786399841308594,400,0.0,0.0,0.0
2017-02-09 00:00:00-05:00,24.11160386258861,24.11160386258861,24.07443676428495,24.102312088012695,900,0.0,0.0,0.0
2017-02-10 00:00:00-05:00,23.73993822448065,24.213808059692383,23.73993822448065,24.213808059692383,1100,0.0,0.0,0.0
2017-02-13 00:00:00-05:00,24.29743194580078,24.29743194580078,24.29743194580078,24.29743194580078,200,0.0,0.0,0.0
2017-02-14 00:00:00-05:00,24.29743194580078,24.29743194580078,24.29743194580078,24.29743194580078,0,0.0,0.0,0.0
2017-02-15 00:00:00-05:00,24.269563286236547,24.288145065307617,24.269563286236547,24.288145065307617,3000,0.0,0.0,0.0
2017-02-16 00:00:00-05:00,24.288145065307617,24.288145065307617,24.288145065307617,24.288145065307617,0,0.0,0.0,0.0
2017-02-17 00:00:00-05:00,24.26026833693251,24.26026833693251,24.241684788067488,24.2509765625,500,0.0,0.0,0.0
2017-02-21 00:00:00-05:00,24.2509765625,24.2509765625,24.2509765625,24.2509765625,0,0.0,0.0,0.0
2017-02-22 00:00:00-05:00,24.677460396341115,24.836345672607422,24.677460396341115,24.836345672607422,8500,0.0,0.0,0.0
2017-02-23 00:00:00-05:00,24.764800191323978,24.764800191323978,24.762012481689453,24.762012481689453,500,0.0,0.0,0.0
2017-02-24 00:00:00-05:00,24.762012481689453,24.762012481689453,24.762012481689453,24.762012481689453,0,0.0,0.0,0.0
2017-02-27 00:00:00-05:00,24.762012481689453,24.762012481689453,24.762012481689453,24.762012481689453,0,0.0,0.0,0.0
2017-02-28 00:00:00-05:00,25.05934289559871,25.05934289559871,24.65051543022932,24.659807205200195,800,0.0,0.0,0.0
2017-03-01 00:00:00-05:00,24.678385554585898,24.76200974548182,24.678385554585898,24.752717971801758,13500,0.0,0.0,0.0
2017-03-02 00:00:00-05:00,24.362476348876953,24.362476348876953,24.362476348876953,24.362476348876953,300,0.0,0.0,0.0
2017-03-03 00:00:00-05:00,24.362476348876953,24.362476348876953,24.362476348876953,24.362476348876953,0,0.0,0.0,0.0
2017-03-06 00:00:00-05:00,24.362476348876953,24.362476348876953,24.362476348876953,24.362476348876953,0,0.0,0.0,0.0
2017-03-07 00:00:00-05:00,24.501848220825195,24.520429996756608,24.49255644674714,24.501848220825195,1200,0.0,0.0,0.0
2017-03-08 00:00:00-05:00,24.347612380981445,24.347612380981445,24.347612380981445,24.347612380981445,400,0.0,0.0,0.0
2017-03-09 00:00:00-05:00,24.347612380981445,24.347612380981445,24.347612380981445,24.347612380981445,0,0.0,0.0,0.0
2017-03-10 00:00:00-05:00,24.305797576904297,24.305797576904297,24.305797576904297,24.305797576904297,200,0.0,0.0,0.0
2017-03-13 00:00:00-04:00,24.892096255958936,24.892096255958936,24.521362764179663,24.52972412109375,400,0.0,0.0,0.0
2017-03-14 00:00:00-04:00,24.52972412109375,24.52972412109375,24.52972412109375,24.52972412109375,100,0.0,0.0,0.0
2017-03-15 00:00:00-04:00,24.892095353092095,24.892095353092095,24.520431456739292,24.585472106933594,700,0.0,0.0,0.0
2017-03-16 00:00:00-04:00,25.21729798058956,25.21729798058956,24.836344091248986,24.882802963256836,700,0.0,0.0,0.0
2017-03-17 00:00:00-04:00,24.46468162536621,24.46468162536621,24.46468162536621,24.46468162536621,1000,0.0,0.0,0.0
2017-03-20 00:00:00-04:00,24.566893450628793,24.57618522644043,24.566893450628793,24.57618522644043,500,0.0,0.0,0.0
2017-03-21 00:00:00-04:00,24.66909580237511,24.66909580237511,24.622638702392578,24.622638702392578,600,0.0,0.0,0.0
2017-03-22 00:00:00-04:00,24.613345542811953,24.715553283691406,24.613345542811953,24.715553283691406,2300,0.0,0.0,0.0
2017-03-23 00:00:00-04:00,24.68767821194926,24.715553533987226,24.678386437936606,24.696969985961914,1000,0.0,0.0,0.0
2017-03-24 00:00:00-04:00,24.696969985961914,24.696969985961914,24.696969985961914,24.696969985961914,100,0.0,0.0,0.0
2017-03-27 00:00:00-04:00,24.817763706839923,24.919971466064453,24.817763706839923,24.919971466064453,1500,0.0,0.0,0.0
2017-03-28 00:00:00-04:00,24.789889462095193,24.789889462095193,24.780597686767578,24.780597686767578,700,0.0,0.0,0.0
2017-03-29 00:00:00-04:00,25.124384606355516,25.124384606355516,24.743428932275847,24.762012481689453,900,0.0,0.0,0.0
2017-03-30 00:00:00-04:00,24.762012481689453,24.762012481689453,24.762012481689453,24.762012481689453,100,0.0,0.0,0.0
2017-03-31 00:00:00-04:00,24.613348582272756,24.650515682536685,24.613348582272756,24.641223907470703,700,0.0,0.0,0.0
2017-04-03 00:00:00-04:00,24.641223907470703,24.641223907470703,24.641223907470703,24.641223907470703,0,0.0,0.0,0.0
2017-04-04 00:00:00-04:00,24.71741104706658,24.71741104706658,24.687678433294316,24.710906982421875,1000,0.0,0.0,0.0
2017-04-05 00:00:00-04:00,24.706260681152344,24.706260681152344,24.706260681152344,24.706260681152344,100,0.0,0.0,0.0
2017-04-06 00:00:00-04:00,25.068631875714075,25.087215423583984,25.068631875714075,25.087215423583984,1500,0.0,0.0,0.0
2017-04-07 00:00:00-04:00,25.496042251586914,25.496042251586914,25.496042251586914,25.496042251586914,200,0.0,0.0,0.0
2017-04-10 00:00:00-04:00,25.39383888244629,25.39383888244629,25.39383888244629,25.39383888244629,100,0.0,0.0,0.0
2017-04-11 00:00:00-04:00,25.170841217041016,25.170841217041016,25.152257667989634,25.170841217041016,800,0.0,0.0,0.0
2017-04-12 00:00:00-04:00,25.13367462158203,25.13367462158203,25.13367462158203,25.13367462158203,100,0.0,0.0,0.0
2017-04-13 00:00:00-04:00,25.616836547851562,25.616836547851562,25.616836547851562,25.616836547851562,100,0.0,0.0,0.0
2017-04-17 00:00:00-04:00,24.854928970336914,24.854928970336914,24.854928970336914,24.854928970336914,600,0.0,0.0,0.0
2017-04-18 00:00:00-04:00,24.77130450836391,24.77130450836391,24.74342918395996,24.74342918395996,1500,0.0,0.0,0.0
2017-04-19 00:00:00-04:00,24.58547436874915,24.59941291809082,24.57618436548799,24.59941291809082,700,0.0,0.0,0.0
2017-04-20 00:00:00-04:00,24.7248477935791,24.7248477935791,24.7248477935791,24.7248477935791,500,0.0,0.0,0.0
2017-04-21 00:00:00-04:00,24.74342785397426,24.771303176879883,24.734137851897124,24.771303176879883,500,0.0,0.0,0.0
2017-04-24 00:00:00-04:00,24.46468435994702,24.48326791056079,24.46468435994702,24.473976135253906,3000,0.0,0.0,0.0
2017-04-25 00:00:00-04:00,24.566890139962567,24.566890139962567,24.53901481628418,24.53901481628418,500,0.0,0.0,0.0
2017-04-26 00:00:00-04:00,24.68768049746647,24.68768049746647,24.539015643950382,24.548307418823242,1300,0.0,0.0,0.0
2017-04-27 00:00:00-04:00,24.548307418823242,24.548307418823242,24.548307418823242,24.548307418823242,100,0.0,0.0,0.0
2017-04-28 00:00:00-04:00,24.64122268800555,24.64122268800555,24.408933639526367,24.408933639526367,400,0.0,0.0,0.0
2017-05-01 00:00:00-04:00,24.706264946160438,24.706264946160438,24.4925594329834,24.4925594329834,400,0.0,0.0,0.0
2017-05-02 00:00:00-04:00,24.585473637234017,24.585473637234017,24.287215273571107,24.362476348876953,1000,0.0,0.0,0.0
2017-05-03 00:00:00-04:00,24.316017641492593,24.316017641492593,24.291858673095703,24.291858673095703,12700,0.0,0.0,0.0
2017-05-04 00:00:00-04:00,24.21567130640481,24.218459016276828,24.21474266052246,24.21474266052246,1000,0.0,0.0,0.0
2017-05-05 00:00:00-04:00,24.158063888549805,24.158063888549805,24.158063888549805,24.158063888549805,400,0.0,0.0,0.0
2017-05-08 00:00:00-04:00,24.158059454377444,24.17664300236858,23.739938485700268,23.758522033691406,6300,0.0,0.0,0.0
2017-05-09 00:00:00-04:00,23.832853566831066,23.85143711413088,23.81427001953125,23.81427001953125,2200,0.0,0.0,0.0
2017-05-10 00:00:00-04:00,23.702772640208114,23.702772640208114,23.645164706038436,23.665605545043945,3000,0.0,0.0,0.0
2017-05-11 00:00:00-04:00,23.721356460258942,23.7771053314209,23.702772912463402,23.7771053314209,1600,0.0,0.0,0.0
2017-05-12 00:00:00-04:00,23.962936401367188,24.009393496957184,23.962936401367188,23.962936401367188,400,0.0,0.0,0.0
2017-05-15 00:00:00-04:00,23.962936401367188,23.962936401367188,23.962936401367188,23.962936401367188,100,0.0,0.0,0.0
2017-05-16 00:00:00-04:00,23.962936401367188,23.962936401367188,23.962936401367188,23.962936401367188,0,0.0,0.0,0.0
2017-05-17 00:00:00-04:00,24.1952271118226,24.223100662231445,24.1952271118226,24.223100662231445,1100,0.0,0.0,0.0
2017-05-18 00:00:00-04:00,24.139476776123047,24.139476776123047,24.139476776123047,24.139476776123047,800,0.0,0.0,0.0
2017-05-19 00:00:00-04:00,24.213808059692383,24.213808059692383,24.213808059692383,24.213808059692383,300,0.0,0.0,0.0
2017-05-22 00:00:00-04:00,24.204519271850586,24.204519271850586,24.204519271850586,24.204519271850586,400,0.0,0.0,0.0
2017-05-23 00:00:00-04:00,24.204519271850586,24.220315112195472,24.204519271850586,24.204519271850586,2000,0.0,0.0,0.0
2017-05-24 00:00:00-04:00,23.860733032226562,23.860733032226562,23.860733032226562,23.860733032226562,100,0.0,0.0,0.0
2017-05-25 00:00:00-04:00,24.752722360784738,24.780597686767578,24.743430585457123,24.780597686767578,600,0.0,0.0,0.0
2017-05-26 00:00:00-04:00,24.780597686767578,24.780597686767578,24.780597686767578,24.780597686767578,100,0.0,0.0,0.0
2017-05-30 00:00:00-04:00,24.752717971801758,24.752717971801758,24.752717971801758,24.752717971801758,100,0.0,0.0,0.0
2017-05-31 00:00:00-04:00,25.115093735907585,25.115093735907585,25.05191037451636,25.077926635742188,2000,0.0,0.0,0.0
2017-06-01 00:00:00-04:00,25.077926635742188,25.077926635742188,25.077926635742188,25.077926635742188,200,0.0,0.0,0.0
2017-06-02 00:00:00-04:00,25.41242218017578,25.41242218017578,25.41242218017578,25.41242218017578,10000,0.0,0.0,0.0
2017-06-05 00:00:00-04:00,24.89209747314453,24.89209747314453,24.85493037145382,24.89209747314453,1800,0.0,0.0,0.0
2017-06-06 00:00:00-04:00,25.087218985502314,25.105802536010742,25.087218985502314,25.105802536010742,1200,0.0,0.0,0.0
2017-06-07 00:00:00-04:00,25.384546029087083,25.40312957763672,25.37525425481227,25.40312957763672,1500,0.0,0.0,0.0
2017-06-08 00:00:00-04:00,25.40312957763672,25.40312957763672,25.40312957763672,25.40312957763672,0,0.0,0.0,0.0
2017-06-09 00:00:00-04:00,25.63542225985029,25.63542225985029,25.598255157470703,25.598255157470703,900,0.0,0.0,0.0
2017-06-12 00:00:00-04:00,25.78408432006836,25.78408432006836,25.78408432006836,25.78408432006836,100,0.0,0.0,0.0
2017-06-13 00:00:00-04:00,25.63541768808627,25.654001235961914,25.617762785937007,25.654001235961914,1500,0.0,0.0,0.0
2017-06-14 00:00:00-04:00,25.431003581746126,25.431003581746126,25.41799545288086,25.41799545288086,500,0.0,0.0,0.0
2017-06-15 00:00:00-04:00,25.533212919879155,25.533212919879155,25.254466758188173,25.27305030822754,600,0.0,0.0,0.0
2017-06-16 00:00:00-04:00,25.217299335328743,25.226591110229492,25.1987175577521,25.226591110229492,900,0.0,0.0,0.0
2017-06-19 00:00:00-04:00,25.41149378598609,25.421714206455274,25.39383888244629,25.39383888244629,2600,0.0,0.0,0.0
2017-06-20 00:00:00-04:00,25.499268307807082,25.79783245341695,25.33132553100586,25.33132553100586,36300,0.113,0.0,0.0
2017-06-21 00:00:00-04:00,25.835154505715522,25.891134839517804,25.620559963571782,25.66814422607422,9200,0.0,0.0,0.0
2017-06-22 00:00:00-04:00,25.62989044189453,25.648551146448007,25.62989044189453,25.62989044189453,53600,0.0,0.0,0.0
2017-06-23 00:00:00-04:00,25.732522645911388,25.779172627909137,25.667211959281442,25.76984405517578,8500,0.0,0.0,0.0
2017-06-26 00:00:00-04:00,26.031089037976397,26.10573008333471,26.031089037976397,26.08240509033203,3400,0.0,0.0,0.0
2017-06-27 00:00:00-04:00,26.572235731480742,26.572235731480742,26.10013198852539,26.10013198852539,1500,0.0,0.0,0.0
2017-06-28 00:00:00-04:00,26.105729735487625,26.143051147460938,26.105729735487625,26.143051147460938,1600,0.0,0.0,0.0
2017-06-29 00:00:00-04:00,26.1897000173407,26.19903036993662,26.11692575850845,26.161710739135742,2700,0.0,0.0,0.0
2017-06-30 00:00:00-04:00,26.572236248796305,26.59089695446072,26.352044904788155,26.413623809814453,28700,0.0,0.0,0.0
2017-07-03 00:00:00-04:00,26.32032248574168,26.32032248574168,26.25501179444531,26.283002853393555,4900,0.0,0.0,0.0
2017-07-05 00:00:00-04:00,26.544248543329694,26.684200284942964,26.299797911551085,26.35764503479004,9300,0.0,0.0,0.0
2017-07-06 00:00:00-04:00,26.264340290570164,26.28300099521637,26.236351013183594,26.236351013183594,1100,0.0,0.0,0.0
2017-07-07 00:00:00-04:00,26.292332067265622,26.34831240315391,26.292332067265622,26.324987411499023,4100,0.0,0.0,0.0
2017-07-10 00:00:00-04:00,26.292334663175595,26.320323944091797,26.27367395617615,26.320323944091797,1600,0.0,0.0,0.0
2017-07-11 00:00:00-04:00,26.422953496347635,26.422953496347635,26.366973160348866,26.39496421813965,4400,0.0,0.0,0.0
2017-07-12 00:00:00-04:00,26.45001300139065,26.45094550280895,26.430418014526367,26.430418014526367,22500,0.0,0.0,0.0
2017-07-13 00:00:00-04:00,26.430418014526367,26.430418014526367,26.430418014526367,26.430418014526367,100,0.0,0.0,0.0
2017-07-14 00:00:00-04:00,26.833478927612305,26.833478927612305,26.833478927612305,26.833478927612305,400,0.0,0.0,0.0
2017-07-17 00:00:00-04:00,26.50692409237638,26.50692409237638,26.37630271911621,26.37630271911621,1300,0.0,0.0,0.0
2017-07-18 00:00:00-04:00,26.37630271911621,26.37630271911621,26.37630271911621,26.37630271911621,200,0.0,0.0,0.0
2017-07-19 00:00:00-04:00,26.991161089598254,27.0294132232666,26.991161089598254,27.0294132232666,900,0.0,0.0,0.0
2017-07-20 00:00:00-04:00,27.20668567425485,27.20668567425485,27.132044632086664,27.150705337524414,4800,0.0,0.0,0.0
2017-07-21 00:00:00-04:00,27.102189429147856,27.104054432000982,27.09192657470703,27.09192657470703,600,0.0,0.0,0.0
2017-07-24 00:00:00-04:00,27.255200592858444,27.260799160026775,27.189889907836914,27.189889907836914,2600,0.0,0.0,0.0
2017-07-25 00:00:00-04:00,27.098454941002498,27.113382080670146,27.07326316833496,27.07326316833496,400,0.0,0.0,0.0
2017-07-26 00:00:00-04:00,26.99209213256836,26.99209213256836,26.99209213256836,26.99209213256836,100,0.0,0.0,0.0
2017-07-27 00:00:00-04:00,27.122714973259516,27.122714973259516,27.0294132232666,27.0294132232666,1500,0.0,0.0,0.0
2017-07-28 00:00:00-04:00,27.19735415742152,27.216014862060547,27.16003452772621,27.216014862060547,2900,0.0,0.0,0.0
2017-07-31 00:00:00-04:00,27.318649291992188,27.318649291992188,27.318649291992188,27.318649291992188,100,0.0,0.0,0.0
2017-08-01 00:00:00-04:00,27.5556340705201,27.5556340705201,27.51178158961937,27.526710510253906,4500,0.0,0.0,0.0
2017-08-02 00:00:00-04:00,27.561228828189556,27.561228828189556,27.49591636657715,27.49591636657715,17900,0.0,0.0,0.0
2017-08-03 00:00:00-04:00,27.29065704345703,27.29065704345703,27.29065704345703,27.29065704345703,900,0.0,0.0,0.0
2017-08-04 00:00:00-04:00,27.29065704345703,27.29065704345703,27.29065704345703,27.29065704345703,0,0.0,0.0,0.0
2017-08-07 00:00:00-04:00,27.29065704345703,27.29065704345703,27.29065704345703,27.29065704345703,100,0.0,0.0,0.0
2017-08-08 00:00:00-04:00,27.37462841276405,27.492187653552655,27.37462841276405,27.43060874938965,3300,0.0,0.0,0.0
2017-08-09 00:00:00-04:00,27.403553186819945,27.449270671375096,27.403553186819945,27.43527603149414,27000,0.0,0.0,0.0
2017-08-10 00:00:00-04:00,27.43993670833068,27.43993670833068,27.296253204345703,27.296253204345703,2100,0.0,0.0,0.0
2017-08-11 00:00:00-04:00,26.94544106026652,26.982762471035915,26.824150034431618,26.870800018310547,2300,0.0,0.0,0.0
2017-08-14 00:00:00-04:00,27.299986138208414,27.299986138208414,27.223478317260742,27.223478317260742,600,0.0,0.0,0.0
2017-08-15 00:00:00-04:00,27.271997451782227,27.271997451782227,27.271997451782227,27.271997451782227,600,0.0,0.0,0.0
2017-08-16 00:00:00-04:00,27.271997451782227,27.271997451782227,27.271997451782227,27.271997451782227,0,0.0,0.0,0.0
2017-08-17 00:00:00-04:00,27.46793100689196,27.46793100689196,27.402620315551758,27.402620315551758,600,0.0,0.0,0.0
2017-08-18 00:00:00-04:00,27.41194725036621,27.41194725036621,27.41194725036621,27.41194725036621,200,0.0,0.0,0.0
2017-08-21 00:00:00-04:00,27.41194725036621,27.41194725036621,27.41194725036621,27.41194725036621,0,0.0,0.0,0.0
2017-08-22 00:00:00-04:00,27.76649403435521,27.794485092163086,27.754364398013518,27.794485092163086,1200,0.0,0.0,0.0
2017-08-23 00:00:00-04:00,27.716110229492188,27.716110229492188,27.716110229492188,27.716110229492188,600,0.0,0.0,0.0
2017-08-24 00:00:00-04:00,27.52390980624555,27.55190086364746,27.52390980624555,27.55190086364746,600,0.0,0.0,0.0
2017-08-25 00:00:00-04:00,27.981087331496724,28.139699769557595,27.981087331496724,28.115442276000977,1100,0.0,0.0,0.0
2017-08-28 00:00:00-04:00,28.495178914139107,28.495178914139107,28.49051284790039,28.49051284790039,400,0.0,0.0,0.0
2017-08-29 00:00:00-04:00,28.494243621826172,28.52223289818562,28.447591861922625,28.494243621826172,3000,0.0,0.0,0.0
2017-08-30 00:00:00-04:00,28.477449417114258,28.477449417114258,28.477449417114258,28.477449417114258,200,0.0,0.0,0.0
2017-08-31 00:00:00-04:00,28.475584030151367,28.475584030151367,28.475584030151367,28.475584030151367,100,0.0,0.0,0.0
2017-09-01 00:00:00-04:00,28.724701973504093,28.79281195123705,28.724701973504093,28.78348159790039,4100,0.0,0.0,0.0
2017-09-05 00:00:00-04:00,28.961685782809095,28.998072913266128,28.941158294677734,28.941158294677734,1300,0.0,0.0,0.0
2017-09-06 00:00:00-04:00,28.979408264160156,28.979408264160156,28.979408264160156,28.979408264160156,200,0.0,0.0,0.0
2017-09-07 00:00:00-04:00,29.00740623474121,29.00740623474121,29.00740623474121,29.00740623474121,100,0.0,0.0,0.0
2017-09-08 00:00:00-04:00,28.923429489135742,28.923429489135742,28.923429489135742,28.923429489135742,100,0.0,0.0,0.0
2017-09-11 00:00:00-04:00,28.98874131806926,28.998071670532227,28.98874131806926,28.998071670532227,21400,0.0,0.0,0.0
2017-09-12 00:00:00-04:00,28.987809610003744,29.016733169555664,28.987809610003744,29.016733169555664,400,0.0,0.0,0.0
2017-09-13 00:00:00-04:00,28.97008141890624,28.985942840576172,28.97008141890624,28.985942840576172,1200,0.0,0.0,0.0
2017-09-14 00:00:00-04:00,28.886110305786133,28.904771011413136,28.681780384044103,28.886110305786133,2600,0.0,0.0,0.0
2017-09-15 00:00:00-04:00,28.904770319635894,28.904770319635894,28.890775680541992,28.890775680541992,200,0.0,0.0,0.0
2017-09-18 00:00:00-04:00,28.890775680541992,28.890775680541992,28.890775680541992,28.890775680541992,100,0.0,0.0,0.0
2017-09-19 00:00:00-04:00,28.59687376181565,28.630463384659965,28.579147338867188,28.579147338867188,900,0.0,0.0,0.0
2017-09-20 00:00:00-04:00,28.894508361816406,28.894508361816406,28.894508361816406,28.894508361816406,400,0.0,0.0,0.0
2017-09-21 00:00:00-04:00,28.820796966552734,28.820796966552734,28.820796966552734,28.820796966552734,100,0.0,0.0,0.0
2017-09-22 00:00:00-04:00,28.690176135813115,28.690176135813115,28.65192222595215,28.65192222595215,1300,0.0,0.0,0.0
2017-09-25 00:00:00-04:00,28.41960153775113,28.428931889972084,28.29831051804417,28.32630157470703,9000,0.0,0.0,0.0
2017-09-26 00:00:00-04:00,28.367352326999416,28.38601303100586,28.363620542114663,28.38601303100586,1600,0.0,0.0,0.0
2017-09-27 00:00:00-04:00,28.419599578525762,28.45598848355368,28.29830856718051,28.372949600219727,2300,0.0,0.0,0.0
2017-09-28 00:00:00-04:00,28.276850450880342,28.29737793754211,28.243262606645036,28.27964973449707,4600,0.0,0.0,0.0
2017-09-29 00:00:00-04:00,28.446661865769524,28.473718643188477,28.40094438274579,28.473718643188477,13500,0.0,0.0,0.0
2017-10-02 00:00:00-04:00,28.559556859108614,28.559556859108614,28.536230087280273,28.536230087280273,300,0.0,0.0,0.0
2017-10-03 00:00:00-04:00,29.147356825454224,29.2313282268961,29.12869611855982,29.166017532348633,1300,0.0,0.0,0.0
2017-10-04 00:00:00-04:00,29.268647110989157,29.295703887939453,29.268647110989157,29.295703887939453,500,0.0,0.0,0.0
2017-10-05 00:00:00-04:00,29.380607412876497,29.380607412876497,29.356349919982723,29.379674911499023,600,0.0,0.0,0.0
2017-10-06 00:00:00-04:00,29.287303607790864,29.32462501525879,29.287303607790864,29.32462501525879,900,0.0,0.0,0.0
2017-10-09 00:00:00-04:00,28.979412924717842,29.016734337092775,28.85812189366509,28.95142364501953,2000,0.0,0.0,0.0
2017-10-10 00:00:00-04:00,29.16974545400684,29.212663650512695,29.14735296461624,29.212663650512695,1000,0.0,0.0,0.0
2017-10-11 00:00:00-04:00,29.259317450847405,29.259317450847405,29.166015701814185,29.17441177368164,2700,0.0,0.0,0.0
2017-10-12 00:00:00-04:00,29.221064149556867,29.277976989746094,29.221064149556867,29.277976989746094,3500,0.0,0.0,0.0
2017-10-13 00:00:00-04:00,29.39926828491449,29.426325061677154,29.387138648607316,29.403932571411133,2200,0.0,0.0,0.0
2017-10-16 00:00:00-04:00,29.408599859860388,29.408599859860388,29.166016021547826,29.17534637451172,4600,0.0,0.0,0.0
2017-10-17 00:00:00-04:00,29.09137763951743,29.119366921387485,28.839463425188775,29.00740623474121,4200,0.0,0.0,0.0
2017-10-18 00:00:00-04:00,29.249986302250388,29.268647007465944,29.114698858811813,29.194005966186523,5100,0.0,0.0,0.0
2017-10-19 00:00:00-04:00,28.95608676667805,29.016733169555664,28.92343142195537,29.016733169555664,7400,0.0,0.0,0.0
2017-10-20 00:00:00-04:00,29.166015279402984,29.166015279402984,29.110034942626953,29.110034942626953,1400,0.0,0.0,0.0
2017-10-23 00:00:00-04:00,29.138027629022872,29.138027629022872,29.00740623474121,29.00740623474121,1900,0.0,0.0,0.0
2017-10-24 00:00:00-04:00,29.287304767849587,29.287304767849587,29.203333377303345,29.259315490722656,3300,0.0,0.0,0.0
2017-10-25 00:00:00-04:00,29.22199524570212,29.343288050025723,29.22199524570212,29.310632705688477,900,0.0,0.0,0.0
2017-10-26 00:00:00-04:00,29.595198041102755,29.595198041102755,29.501898081787314,29.511226654052734,10100,0.0,0.0,0.0
2017-10-27 00:00:00-04:00,29.585867804143835,29.651180267333984,29.585867804143835,29.651180267333984,1500,0.0,0.0,0.0
2017-10-30 00:00:00-04:00,29.41792750345727,29.41792750345727,29.333956114098818,29.389936447143555,2400,0.0,0.0,0.0
2017-10-31 00:00:00-04:00,29.604531897581076,29.604531897581076,29.548551559448242,29.548551559448242,1200,0.0,0.0,0.0
2017-11-01 00:00:00-04:00,29.641850232588137,29.641850232588137,29.594265971343866,29.613859176635742,20400,0.0,0.0,0.0
2017-11-02 00:00:00-04:00,29.473909327612862,29.520559310913086,29.473909327612862,29.520559310913086,1600,0.0,0.0,0.0
2017-11-03 00:00:00-04:00,29.314366001933628,29.314366001933628,29.288241725117157,29.30130386352539,500,0.0,0.0,0.0
2017-11-06 00:00:00-05:00,29.62412452697754,29.62412452697754,29.62412452697754,29.62412452697754,500,0.0,0.0,0.0
2017-11-07 00:00:00-05:00,29.62412452697754,29.62412452697754,29.62412452697754,29.62412452697754,100,0.0,0.0,0.0
2017-11-08 00:00:00-05:00,29.744480927871766,29.763141632080078,29.732353071760798,29.763141632080078,1900,0.0,0.0,0.0
2017-11-09 00:00:00-05:00,29.82845687866211,29.82845687866211,29.82845687866211,29.82845687866211,700,0.0,0.0,0.0
2017-11-10 00:00:00-05:00,30.122353765580744,30.173669815063477,30.122353765580744,30.173669815063477,1500,0.0,0.0,0.0
2017-11-13 00:00:00-05:00,30.182062341254145,30.182994842529297,30.182062341254145,30.182994842529297,1500,0.0,0.0,0.0
2017-11-14 00:00:00-05:00,30.06170996186603,30.06170996186603,30.001994279963444,30.014123916625977,1100,0.0,0.0,0.0
2017-11-15 00:00:00-05:00,29.912427480042847,29.912427480042847,29.77247396873431,29.809795379638672,35800,0.0,0.0,0.0
2017-11-16 00:00:00-05:00,30.127020828969055,30.162473678588867,30.07103871154409,30.162473678588867,900,0.0,0.0,0.0
2017-11-17 00:00:00-05:00,30.043047214640758,30.043047214640758,29.935749053955078,29.935749053955078,2600,0.0,0.0,0.0
2017-11-20 00:00:00-05:00,30.164344303461228,30.183001451379763,30.13541896177219,30.13915252685547,64300,0.0,0.0,0.0
2017-11-21 00:00:00-05:00,30.85477145307518,30.873432159423828,30.649507242405868,30.873432159423828,3300,0.0,0.0,0.0
2017-11-22 00:00:00-05:00,30.957401219715788,30.957401219715788,30.770797729492188,30.770797729492188,2300,0.0,0.0,0.0
2017-11-24 00:00:00-05:00,29.93108729470474,30.22965145472267,29.93108729470474,30.117687225341797,1900,0.0,0.0,0.0
2017-11-27 00:00:00-05:00,29.72582192880204,29.72582192880204,29.585868427172908,29.607328414916992,5500,0.0,0.0,0.0
2017-11-28 00:00:00-05:00,29.837782303649842,29.84711265563965,29.77900268773848,29.84711265563965,4500,0.0,0.0,0.0
2017-11-29 00:00:00-05:00,29.716493027666434,29.75381265822907,29.520559183568555,29.558813095092773,2500,0.0,0.0,0.0
2017-11-30 00:00:00-05:00,29.259315076844935,29.436586428083714,29.259315076844935,29.389936447143555,1200,0.0,0.0,0.0
2017-12-01 00:00:00-05:00,29.52988966012486,29.52988966012486,29.210799788122216,29.28730583190918,1400,0.0,0.0,0.0
2017-12-04 00:00:00-05:00,29.632520263114344,29.632520263114344,29.389936447143555,29.389936447143555,4100,0.0,0.0,0.0
2017-12-05 00:00:00-05:00,29.436588287353516,29.436588287353516,29.436588287353516,29.436588287353516,400,0.0,0.0,0.0
2017-12-06 00:00:00-05:00,29.259315411569254,29.259315411569254,29.194004725672794,29.212663650512695,800,0.0,0.0,0.0
2017-12-07 00:00:00-05:00,29.016729670532946,29.051250013886914,28.979408264160156,28.979408264160156,3500,0.0,0.0,0.0
2017-12-08 00:00:00-05:00,29.352615405106434,29.352615405106434,29.24065473761946,29.305965423583984,2400,0.0,0.0,0.0
2017-12-11 00:00:00-05:00,29.753811725879693,29.753811725879693,29.72582244873047,29.72582244873047,600,0.0,0.0,0.0
2017-12-12 00:00:00-05:00,29.352616520355173,29.436587913952245,29.220130140697755,29.28730583190918,800,0.0,0.0,0.0
2017-12-13 00:00:00-05:00,29.48324309474501,29.635324478149414,29.48324309474501,29.635324478149414,900,0.0,0.0,0.0
2017-12-14 00:00:00-05:00,29.464580535888672,29.464580535888672,29.464580535888672,29.464580535888672,100,0.0,0.0,0.0
2017-12-15 00:00:00-05:00,29.26864468363956,29.32462501525879,29.221992924304658,29.32462501525879,19200,0.0,0.0,0.0
2017-12-18 00:00:00-05:00,29.28731004220131,29.296640396118164,29.259320760033788,29.296640396118164,4000,0.0,0.0,0.0
2017-12-19 00:00:00-05:00,29.606503588129783,29.606503588129783,29.503213597830182,29.512603759765625,4200,0.2,0.0,0.0
2017-12-20 00:00:00-05:00,29.66284413703078,29.66284413703078,29.64781951904297,29.64781951904297,400,0.0,0.0,0.0
2017-12-21 00:00:00-05:00,29.98210334777832,29.98210334777832,29.98210334777832,29.98210334777832,300,0.0,0.0,0.0
2017-12-22 00:00:00-05:00,29.88820457458496,29.88820457458496,29.88820457458496,29.88820457458496,300,0.0,0.0,0.0
2017-12-26 00:00:00-05:00,30.029049267366503,30.029049267366503,30.018720626831055,30.018720626831055,500,0.0,0.0,0.0
2017-12-27 00:00:00-05:00,29.568947622314806,29.625286811857904,29.484437942504883,29.484437942504883,1400,0.0,0.0,0.0
2017-12-28 00:00:00-05:00,29.88820457458496,29.88820457458496,29.88820457458496,29.88820457458496,200,0.0,0.0,0.0
2017-12-29 00:00:00-05:00,30.188682160840898,30.188682160840898,30.076000213623047,30.076000213623047,11700,0.0,0.0,0.0
2018-01-02 00:00:00-05:00,30.70512954893721,30.70512954893721,30.58775520324707,30.58775520324707,4300,0.0,0.0,0.0
2018-01-03 00:00:00-05:00,30.883534679011525,30.883534679011525,30.80747490582722,30.845035552978516,8300,0.0,0.0,0.0
2018-01-04 00:00:00-05:00,30.958657247460604,31.032836483953968,30.958657247460604,30.986825942993164,14800,0.0,0.0,0.0
2018-01-05 00:00:00-05:00,31.091060872462986,31.093876309808767,31.080730438232422,31.080730438232422,700,0.0,0.0,0.0
2018-01-08 00:00:00-05:00,31.11358787937998,31.193405151367188,31.11358787937998,31.193405151367188,5300,0.0,0.0,0.0
2018-01-09 00:00:00-05:00,31.24410743089701,31.24410743089701,31.094810485839844,31.094810485839844,2500,0.0,0.0,0.0
2018-01-10 00:00:00-05:00,31.146454940612834,31.248806459921973,31.146454940612834,31.179323196411133,1500,0.0,0.0,0.0
2018-01-11 00:00:00-05:00,31.53144585934754,31.53144585934754,31.34364619036058,31.484493255615234,18400,0.0,0.0,0.0
2018-01-12 00:00:00-05:00,31.672294408007744,31.73802375793457,31.66290603601002,31.73802375793457,2500,0.0,0.0,0.0
2018-01-16 00:00:00-05:00,32.038499430508175,32.038499430508175,31.876995086669922,31.876995086669922,9800,0.0,0.0,0.0
2018-01-17 00:00:00-05:00,31.88826465489144,31.991554662831813,31.831927255637517,31.982166290283203,3900,0.0,0.0,0.0
2018-01-18 00:00:00-05:00,32.0666749308008,32.0666749308008,32.01127243041992,32.01127243041992,1500,0.0,0.0,0.0
2018-01-19 00:00:00-05:00,32.300479952367745,32.30142201332766,32.29203005957521,32.29954147338867,16500,0.0,0.0,0.0
2018-01-22 00:00:00-05:00,32.68640851076494,32.72396557842944,32.66293220924151,32.70049285888672,1200,0.0,0.0,0.0
2018-01-23 00:00:00-05:00,32.799089374405895,32.99533894806679,32.799089374405895,32.97749710083008,4000,0.0,0.0,0.0
2018-01-24 00:00:00-05:00,33.259195519100686,33.34370519799429,33.19440822786394,33.31553649902344,10100,0.0,0.0,0.0
2018-01-25 00:00:00-05:00,33.21224252770303,33.33431284530238,33.19346220330463,33.20285415649414,4100,0.0,0.0,0.0
2018-01-26 00:00:00-05:00,33.37187591817689,33.50333461653407,33.33431526665173,33.484554290771484,71000,0.0,0.0,0.0
2018-01-29 00:00:00-05:00,32.65823233236229,32.65823233236229,32.47982464082478,32.58311462402344,5400,0.0,0.0,0.0
2018-01-30 00:00:00-05:00,32.54555665815018,32.54555665815018,32.34836862779955,32.37653732299805,1700,0.0,0.0,0.0
2018-01-31 00:00:00-05:00,32.658242248796036,32.7897009647907,32.63007354736328,32.63007354736328,4300,0.0,0.0,0.0
2018-02-01 00:00:00-05:00,32.263856032268016,32.32019341755238,32.160566049939696,32.23099136352539,5700,0.0,0.0,0.0
2018-02-02 00:00:00-05:00,32.414096084712064,32.414096084712064,32.07605743408203,32.07605743408203,2500,0.0,0.0,0.0
2018-02-05 00:00:00-05:00,32.503301153986385,32.503301153986385,32.2169075012207,32.2169075012207,4400,0.0,0.0,0.0
2018-02-06 00:00:00-05:00,31.31547047016446,32.07605743408203,31.31547047016446,32.07605743408203,3600,0.0,0.0,0.0
2018-02-07 00:00:00-05:00,30.92109680735675,31.080724192425592,30.799026489257812,30.799026489257812,8600,0.0,0.0,0.0
2018-02-08 00:00:00-05:00,30.423432762063705,30.489162111093165,29.71918487548828,29.71918487548828,5500,0.0,0.0,0.0
2018-02-09 00:00:00-05:00,29.052497095563673,29.071275628783443,28.025237002345275,29.014936447143555,10200,0.0,0.0,0.0
2018-02-12 00:00:00-05:00,29.418705218541177,29.806510147590057,29.418705218541177,29.770828247070312,1600,0.0,0.0,0.0
2018-02-13 00:00:00-05:00,29.77552467843865,30.000885009765625,29.77552467843865,30.000885009765625,500,0.0,0.0,0.0
2018-02-14 00:00:00-05:00,29.897594176165526,30.50794222081013,29.897594176165526,30.50418472290039,2600,0.0,0.0,0.0
2018-02-15 00:00:00-05:00,31.033774962874304,31.033774962874304,30.799026281487993,30.986825942993164,2500,0.0,0.0,0.0
2018-02-16 00:00:00-05:00,31.061945867211374,31.24880345955506,31.061945867211374,31.146451950073242,2600,0.0,0.0,0.0
2018-02-20 00:00:00-05:00,30.648787684729495,30.676956380644437,30.338921283723124,30.61122703552246,2500,0.0,0.0,0.0
2018-02-21 00:00:00-05:00,30.902316118873983,30.902316118873983,30.630006790161133,30.630006790161133,800,0.0,0.0,0.0
2018-02-22 00:00:00-05:00,30.93048892532664,30.93048892532664,30.922039031982422,30.922039031982422,1400,0.0,0.0,0.0
2018-02-23 00:00:00-05:00,31.81314188937327,31.81314188937327,30.92109619534735,31.118284225463867,3200,0.0,0.0,0.0
2018-02-26 00:00:00-05:00,31.39059724774207,31.7192440032959,31.39059724774207,31.7192440032959,6700,0.0,0.0,0.0
2018-02-27 00:00:00-05:00,30.817807066962754,31.022506516058133,30.59245033536903,30.614046096801758,17800,0.0,0.0,0.0
2018-02-28 00:00:00-05:00,30.667565153134184,30.70512579884304,30.46098518371582,30.46098518371582,1100,0.0,0.0,0.0
2018-03-01 00:00:00-05:00,30.59245110525505,30.611227848376508,30.470380783081055,30.470380783081055,800,0.0,0.0,0.0
2018-03-02 00:00:00-05:00,30.25159318607138,30.658180236816406,30.216851554965686,30.658180236816406,1800,0.0,0.0,0.0
2018-03-05 00:00:00-05:00,30.564279556274414,30.564279556274414,30.564279556274414,30.564279556274414,100,0.0,0.0,0.0
2018-03-06 00:00:00-05:00,31.268524579843973,31.268524579843973,31.137065887451172,31.137065887451172,1100,0.0,0.0,0.0
2018-03-07 00:00:00-05:00,30.76146979863312,30.91170883178711,30.76146979863312,30.91170883178711,400,0.0,0.0,0.0
2018-03-08 00:00:00-05:00,31.1079576206199,31.12673436289085,31.029078825971176,31.055374145507812,600,0.0,0.0,0.0
2018-03-09 00:00:00-05:00,31.428157181281986,31.661967402875316,31.428157181281986,31.62534523010254,2500,0.0,0.0,0.0
2018-03-12 00:00:00-04:00,31.540829672808613,31.568998365392616,31.511718919422268,31.51266098022461,1100,0.0,0.0,0.0
2018-03-13 00:00:00-04:00,31.53144648099976,31.53144648099976,31.28730583190918,31.28730583190918,3600,0.0,0.0,0.0
2018-03-14 00:00:00-04:00,31.155851751229452,31.20280078086192,31.080730438232422,31.080730438232422,2300,0.0,0.0,0.0
2018-03-15 00:00:00-04:00,31.362422943115234,31.362422943115234,31.362422943115234,31.362422943115234,900,0.0,0.0,0.0
2018-03-16 00:00:00-04:00,31.027200888928117,31.027200888928117,31.024385452270508,31.024385452270508,1300,0.0,0.0,0.0
2018-03-19 00:00:00-04:00,30.84597947865606,30.968049812462766,30.84597947865606,30.91170883178711,1400,0.0,0.0,0.0
2018-03-20 00:00:00-04:00,31.08072817056336,31.09293556213379,31.08072817056336,31.09293556213379,600,0.0,0.0,0.0
2018-03-21 00:00:00-04:00,30.88353635642566,30.88353635642566,30.799026686735406,30.85536766052246,1300,0.0,0.0,0.0
2018-03-22 00:00:00-04:00,30.094780862235567,30.33892150185596,30.094780862235567,30.130464553833008,1900,0.0,0.0,0.0
2018-03-23 00:00:00-04:00,30.094779966749783,30.33892059910565,29.498519897460938,29.498519897460938,1000,0.0,0.0,0.0
2018-03-26 00:00:00-04:00,29.794303819237694,29.917312622070312,29.75674495950439,29.917312622070312,1800,0.0,0.0,0.0
2018-03-27 00:00:00-04:00,30.19994882068866,30.21685218811035,30.188683491055006,30.21685218811035,400,0.0,0.0,0.0
2018-03-28 00:00:00-04:00,29.74735272215219,29.74735272215219,29.48443355839423,29.50321388244629,1900,0.0,0.0,0.0
2018-03-29 00:00:00-04:00,30.25440955918045,30.376476287841797,30.188680218522673,30.376476287841797,1400,0.0,0.0,0.0
2018-04-02 00:00:00-04:00,30.000884100160377,30.000884100160377,29.728574752807617,29.728574752807617,800,0.0,0.0,0.0
2018-04-03 00:00:00-04:00,29.889140883171084,30.075061798095703,29.889140883171084,30.075061798095703,1000,0.0,0.0,0.0
2018-04-04 00:00:00-04:00,29.568945915062404,29.897594451904297,29.54077542642209,29.897594451904297,2600,0.0,0.0,0.0
2018-04-05 00:00:00-04:00,30.207456957537396,30.282578250843574,30.142669677734375,30.142669677734375,1100,0.0,0.0,0.0
2018-04-06 00:00:00-04:00,29.83186267736598,29.83186267736598,29.493824005126953,29.493824005126953,700,0.0,0.0,0.0
2018-04-09 00:00:00-04:00,29.618710841840628,29.878812789916992,29.59241910334832,29.878812789916992,1600,0.0,0.0,0.0
2018-04-10 00:00:00-04:00,30.378356859057437,30.378356859057437,30.320138931274414,30.320138931274414,800,0.0,0.0,0.0
2018-04-11 00:00:00-04:00,30.442208467780624,30.526718139648438,30.414039771151604,30.526718139648438,900,0.0,0.0,0.0
2018-04-12 00:00:00-04:00,30.29197281620164,30.38305543287248,30.29197281620164,30.362398147583008,900,0.0,0.0,0.0
2018-04-13 00:00:00-04:00,30.169901102268643,30.169901102268643,29.770827275038044,29.860031127929688,1400,0.0,0.0,0.0
2018-04-16 00:00:00-04:00,29.644062243111428,29.644062243111428,29.578332901000977,29.578332901000977,200,0.0,0.0,0.0
2018-04-17 00:00:00-04:00,29.475045591592952,29.552982330322266,29.34358689541841,29.552982330322266,2200,0.0,0.0,0.0
2018-04-18 00:00:00-04:00,29.17456662628334,29.3717564553034,29.17456662628334,29.343585968017578,700,0.0,0.0,0.0
2018-04-19 00:00:00-04:00,29.474105277909317,29.51448136322376,29.42997169494629,29.42997169494629,1800,0.0,0.0,0.0
2018-04-20 00:00:00-04:00,28.827136993408203,28.827136993408203,28.827136993408203,28.827136993408203,400,0.0,0.0,0.0
2018-04-23 00:00:00-04:00,29.014936447143555,29.014936447143555,29.014936447143555,29.014936447143555,100,0.0,0.0,0.0
2018-04-24 00:00:00-04:00,29.503214878282527,29.503214878282527,29.381146349804478,29.410253524780273,1800,0.0,0.0,0.0
2018-04-25 00:00:00-04:00,29.19616332511936,29.19616332511936,29.190528869628906,29.190528869628906,1000,0.0,0.0,0.0
2018-04-26 00:00:00-04:00,29.04310587897846,29.11822538210101,28.93042572879952,29.108835220336914,4000,0.0,0.0,0.0
2018-04-27 00:00:00-04:00,28.84686046224438,28.86000633239746,28.80836133079879,28.86000633239746,1000,0.0,0.0,0.0
2018-04-30 00:00:00-04:00,29.306023244412273,29.306023244412273,29.09005489680872,29.108835220336914,1200,0.0,0.0,0.0
2018-05-01 00:00:00-04:00,28.809299116561103,28.9398193359375,28.809299116561103,28.9398193359375,600,0.0,0.0,0.0
2018-05-02 00:00:00-04:00,28.855310440063477,28.855310440063477,28.855310440063477,28.855310440063477,300,0.0,0.0,0.0
2018-05-03 00:00:00-04:00,28.855310440063477,28.855310440063477,28.855310440063477,28.855310440063477,0,0.0,0.0,0.0
2018-05-04 00:00:00-04:00,28.909770976086087,28.909770976086087,28.892869399828516,28.90789222717285,2800,0.0,0.0,0.0
2018-05-07 00:00:00-04:00,29.146400676736153,29.376453409450914,29.146400676736153,29.315418243408203,2000,0.0,0.0,0.0
2018-05-08 00:00:00-04:00,29.428093893037016,29.60650338661556,29.428093893037016,29.578332901000977,1600,0.0,0.0,0.0
2018-05-09 00:00:00-04:00,29.531386150999,29.65251620376254,29.531386150999,29.62528419494629,1500,0.0,0.0,0.0
2018-05-10 00:00:00-04:00,29.62528419494629,29.62528419494629,29.62528419494629,29.62528419494629,100,0.0,0.0,0.0
2018-05-11 00:00:00-04:00,29.91637210016783,29.93515063325693,29.860031127929688,29.860031127929688,700,0.0,0.0,0.0
2018-05-14 00:00:00-04:00,30.132343847020852,30.248779720235394,30.132343847020852,30.235633850097656,9600,0.0,0.0,0.0
2018-05-15 00:00:00-04:00,29.916374791681417,29.991494303767006,29.775524139404297,29.775524139404297,2600,0.0,0.0,0.0
2018-05-16 00:00:00-04:00,29.944542091610742,30.057220458984375,29.944542091610742,30.057220458984375,500,0.0,0.0,0.0
2018-05-17 00:00:00-04:00,29.747353087683976,29.775521783117917,29.65720896391865,29.67223358154297,3400,0.0,0.0,0.0
2018-05-18 00:00:00-04:00,29.73796491557741,29.73796491557741,29.728574752807617,29.728574752807617,900,0.0,0.0,0.0
2018-05-21 00:00:00-04:00,30.057220374613262,30.104172977702802,30.04783200318378,30.06191635131836,6400,0.0,0.0,0.0
2018-05-22 00:00:00-04:00,30.04783255755837,30.0947815795334,29.97271304780409,29.985858917236328,7300,0.0,0.0,0.0
2018-05-23 00:00:00-04:00,29.352979236574136,29.484437942504883,29.352979236574136,29.484437942504883,17000,0.0,0.0,0.0
2018-05-24 00:00:00-04:00,29.390535688295866,29.390535688295866,29.11822813535015,29.20273780822754,35600,0.0,0.0,0.0
2018-05-25 00:00:00-04:00,29.07127655081669,29.287246704101562,29.07127655081669,29.287246704101562,7800,0.0,0.0,0.0
2018-05-29 00:00:00-04:00,29.080663198221423,29.080663198221423,28.733236186261408,28.7351131439209,13800,0.0,0.0,0.0
2018-05-30 00:00:00-04:00,28.32947029404542,28.78957748413086,28.32947029404542,28.78957748413086,16900,0.0,0.0,0.0
2018-05-31 00:00:00-04:00,29.07973062043865,29.259078617771856,29.03372007458249,29.212129592895508,45000,0.0,0.0,0.0
2018-06-01 00:00:00-04:00,29.024325271922777,29.146395582673357,29.00554494857804,29.11822509765625,3800,0.0,0.0,0.0
2018-06-04 00:00:00-04:00,29.23090496316236,29.276917295026852,29.207430453265978,29.249685287475586,4100,0.0,0.0,0.0
2018-06-05 00:00:00-04:00,29.437484539254367,29.50321388244629,29.381145358088474,29.50321388244629,16500,0.0,0.0,0.0
2018-06-06 00:00:00-04:00,29.597114225154826,29.681623893864842,29.324804894646928,29.60556411743164,22400,0.0,0.0,0.0
2018-06-07 00:00:00-04:00,29.564250675217966,29.564250675217966,29.373633778428747,29.390535354614258,7300,0.0,0.0,0.0
2018-06-08 00:00:00-04:00,29.04310932268248,29.071278020324566,28.97268399659638,29.0618896484375,4600,0.0,0.0,0.0
2018-06-11 00:00:00-04:00,29.051559300162516,29.057193756103516,28.950148048176775,29.057193756103516,11200,0.0,0.0,0.0
2018-06-12 00:00:00-04:00,29.362366292874793,29.362366292874793,29.343585968017578,29.343585968017578,400,0.0,0.0,0.0
2018-06-13 00:00:00-04:00,29.202737166042656,29.202737166042656,29.005547336668272,29.043107986450195,3400,0.0,0.0,0.0
2018-06-14 00:00:00-04:00,29.18395741454028,29.18395741454028,29.024328231811523,29.024328231811523,3300,0.0,0.0,0.0
2018-06-15 00:00:00-04:00,28.836529820505273,28.836529820505273,28.5736124193458,28.687231063842773,6400,0.0,0.0,0.0
2018-06-18 00:00:00-04:00,28.29191017150879,28.33792250326289,28.29191017150879,28.29191017150879,3400,0.0,0.0,0.0
2018-06-19 00:00:00-04:00,27.721641899162282,27.721641899162282,27.420012623617122,27.617956161499023,8700,0.115,0.0,0.0
2018-06-20 00:00:00-04:00,27.702789798148334,27.767828903257055,27.589679718017578,27.589679718017578,1800,0.0,0.0,0.0
2018-06-21 00:00:00-04:00,27.354032127526516,27.354032127526516,27.146660647020614,27.189077377319336,35200,0.0,0.0,0.0
2018-06-22 00:00:00-04:00,27.37288677621582,27.396451228898464,27.31161776095896,27.325756072998047,1900,0.0,0.0,0.0
2018-06-25 00:00:00-04:00,26.976993960684826,26.976993960684826,26.675362897229633,26.854455947875977,16200,0.0,0.0,0.0
2018-06-26 00:00:00-04:00,26.647087681520794,26.647087681520794,26.402013440840083,26.496273040771484,11200,0.0,0.0,0.0
2018-06-27 00:00:00-04:00,26.06267910523229,26.10980980322903,25.619661331176758,25.619661331176758,11500,0.0,0.0,0.0
2018-06-28 00:00:00-04:00,25.61400497554975,25.70449447631836,25.563105979756614,25.70449447631836,10300,0.0,0.0,0.0
2018-06-29 00:00:00-04:00,26.185218904225117,26.194645044465968,26.120179795059947,26.14751434326172,4500,0.0,0.0,0.0
2018-07-02 00:00:00-04:00,24.87501389319697,25.252052307128906,24.846737270648756,25.252052307128906,2800,0.0,0.0,0.0
2018-07-03 00:00:00-04:00,25.318034203634543,25.318034203634543,25.054107666015625,25.054107666015625,13500,0.0,0.0,0.0
2018-07-05 00:00:00-04:00,25.10123609407473,25.10123609407473,24.89858037182021,24.926856994628906,11200,0.0,0.0,0.0
2018-07-06 00:00:00-04:00,24.827885891780493,25.101236774167756,24.827885891780493,25.01640510559082,4900,0.0,0.0,0.0
2018-07-09 00:00:00-04:00,25.7610524413245,25.9486277841682,25.7610524413245,25.93071937561035,7100,0.0,0.0,0.0
2018-07-10 00:00:00-04:00,25.817604241718453,25.845882659829197,25.78932762145996,25.78932762145996,11600,0.0,0.0,0.0
2018-07-11 00:00:00-04:00,25.12008885095724,25.42171815232032,25.054107666015625,25.054107666015625,14900,0.0,0.0,0.0
2018-07-12 00:00:00-04:00,25.81666174562485,25.854366302490234,25.81666174562485,25.854366302490234,800,0.0,0.0,0.0
2018-07-13 00:00:00-04:00,25.6196607085,25.8270303810887,25.6196607085,25.78932762145996,1600,0.0,0.0,0.0
2018-07-16 00:00:00-04:00,25.73277309956719,25.73277309956719,25.666791915893555,25.666791915893555,3400,0.0,0.0,0.0
2018-07-17 00:00:00-04:00,25.384013234749972,25.619661331176758,25.384013234749972,25.619661331176758,7100,0.0,0.0,0.0
2018-07-18 00:00:00-04:00,25.29918105389318,25.355736096493168,25.167218688542416,25.270902633666992,63100,0.0,0.0,0.0
2018-07-19 00:00:00-04:00,24.978697910428053,24.978697910428053,24.873128024792653,24.945707321166992,2200,0.0,0.0,0.0
2018-07-20 00:00:00-04:00,25.32745771237224,25.646053314208984,25.27090087585389,25.646053314208984,9000,0.0,0.0,0.0
2018-07-23 00:00:00-04:00,25.56310799238945,25.659251746136476,25.56310799238945,25.657365798950195,3500,0.0,0.0,0.0
2018-07-24 00:00:00-04:00,26.317180928436947,26.382220036753317,26.090958959166144,26.24177360534668,4700,0.0,0.0,0.0
2018-07-25 00:00:00-04:00,26.235177047159457,26.350173086871578,26.235177047159457,26.336034774780273,1000,0.0,0.0,0.0
2018-07-26 00:00:00-04:00,25.96842052398029,26.005183009213003,25.73277241832583,25.855310440063477,6200,0.0,0.0,0.0
2018-07-27 00:00:00-04:00,25.789331713110187,25.798757853975953,25.6799899173493,25.723350524902344,1900,0.0,0.0,0.0
2018-07-30 00:00:00-04:00,25.723347023455375,25.723347023455375,25.62908742548079,25.638513565063477,4200,0.0,0.0,0.0
2018-07-31 00:00:00-04:00,25.958993450384423,26.18427151987251,25.798752683486292,26.06267738342285,11000,0.0,0.0,0.0
2018-08-01 00:00:00-04:00,25.186068050007492,25.31803220733796,25.035253411217507,25.08238410949707,8400,0.0,0.0,0.0
2018-08-02 00:00:00-04:00,24.5074040071428,24.59223747253418,24.441422822472266,24.59223747253418,9400,0.0,0.0,0.0
2018-08-03 00:00:00-04:00,24.384866536170364,24.441421577599957,24.35658811652939,24.413143157958984,11500,0.0,0.0,0.0
2018-08-06 00:00:00-04:00,23.96070105973892,24.054960667884654,23.772181843447456,23.932422637939453,19300,0.0,0.0,0.0
2018-08-07 00:00:00-04:00,24.733623504638672,24.733623504638672,24.694034797802,24.733623504638672,22100,0.0,0.0,0.0
2018-08-08 00:00:00-04:00,24.375440892059885,24.384867032131925,24.17749554625178,24.300033569335938,15600,0.0,0.0,0.0
2018-08-09 00:00:00-04:00,24.922145853653127,24.922145853653127,24.695923872570123,24.855220794677734,5400,0.0,0.0,0.0
2018-08-10 00:00:00-04:00,24.77132994673682,24.77132994673682,24.531909942626953,24.531909942626953,6800,0.0,0.0,0.0
2018-08-13 00:00:00-04:00,24.5997752267043,24.5997752267043,24.460272678047037,24.483837127685547,1100,0.0,0.0,0.0
2018-08-14 00:00:00-04:00,24.418798845075187,24.44990348815918,24.3990044909711,24.44990348815918,1800,0.0,0.0,0.0
2018-08-15 00:00:00-04:00,23.545957055440216,23.555383194916246,23.206625023564513,23.495058059692383,8700,0.0,0.0,0.0
2018-08-16 00:00:00-04:00,23.706197075011826,23.904142401992882,23.706197075011826,23.894716262817383,2100,0.0,0.0,0.0
2018-08-17 00:00:00-04:00,23.489401138487313,24.025736409016897,23.442272240720946,23.971065521240234,4500,0.0,0.0,0.0
2018-08-20 00:00:00-04:00,23.91356818734565,23.932418667565525,23.83344690446548,23.931476593017578,7300,0.0,0.0,0.0
2018-08-21 00:00:00-04:00,24.318881701287555,24.394289016723633,24.243474385851478,24.394289016723633,5000,0.0,0.0,0.0
2018-08-22 00:00:00-04:00,24.224626587660474,24.224626587660474,24.16712767176723,24.205774307250977,5300,0.0,0.0,0.0
2018-08-23 00:00:00-04:00,24.06438783456282,24.09266445971548,23.913573174240074,23.927711486816406,7600,0.0,0.0,0.0
2018-08-24 00:00:00-04:00,24.318880794240975,24.465925323534687,24.290604175664743,24.399002075195312,11000,0.0,0.0,0.0
2018-08-27 00:00:00-04:00,24.865586473899413,25.082384090113244,24.853334110423273,25.024885177612305,8200,0.0,0.0,0.0
2018-08-28 00:00:00-04:00,24.988126945042087,24.988126945042087,24.879729025217827,24.892925262451172,5200,0.0,0.0,0.0
2018-08-29 00:00:00-04:00,24.68649643973694,24.799606525431408,24.68649643973694,24.761903762817383,4900,0.0,0.0,0.0
2018-08-30 00:00:00-04:00,24.366013536164537,24.460273134329174,24.073810399921243,24.102087020874023,6500,0.0,0.0,0.0
2018-08-31 00:00:00-04:00,24.143562972336206,24.309459802102424,24.143562972336206,24.2623291015625,13100,0.0,0.0,0.0
2018-09-04 00:00:00-04:00,24.460272257308596,24.460272257308596,24.20671396531556,24.32830810546875,8000,0.0,0.0,0.0
2018-09-05 00:00:00-04:00,24.04553056132085,24.04553056132085,23.92299255158653,23.988975524902344,5400,0.0,0.0,0.0
2018-09-06 00:00:00-04:00,23.85701343249654,23.92299461364746,23.828736810776057,23.92299461364746,2100,0.0,0.0,0.0
2018-09-07 00:00:00-04:00,23.877750443111623,23.877750443111623,23.658126609387658,23.70525550842285,2900,0.0,0.0,0.0
2018-09-10 00:00:00-04:00,23.68734601909513,23.76275333853846,23.479976340089053,23.564809799194336,4000,0.0,0.0,0.0
2018-09-11 00:00:00-04:00,23.131219096512844,23.31031036376953,23.027533353894057,23.31031036376953,4100,0.0,0.0,0.0
2018-09-12 00:00:00-04:00,23.2433891459133,23.83910758520714,23.2433891459133,23.810829162597656,4400,0.0,0.0,0.0
2018-09-13 00:00:00-04:00,23.95127482458767,23.986151364884083,23.852303045458978,23.97012710571289,10700,0.0,0.0,0.0
2018-09-14 00:00:00-04:00,23.639274265775523,23.659068619058267,23.378175779077413,23.42624855041504,5200,0.0,0.0,0.0
2018-09-17 00:00:00-04:00,23.46112437447674,23.479976654052734,23.41682349511072,23.479976654052734,6500,0.0,0.0,0.0
2018-09-18 00:00:00-04:00,23.88529394842486,23.97955355742155,23.800460480113085,23.97201156616211,16300,0.0,0.0,0.0
2018-09-19 00:00:00-04:00,24.30003436279804,24.37544168798424,24.271755941658547,24.342451095581055,25100,0.0,0.0,0.0
2018-09-20 00:00:00-04:00,24.418798091489823,24.488549366010826,24.36601314884125,24.45555877685547,10500,0.0,0.0,0.0
2018-09-21 00:00:00-04:00,24.988124916008346,25.006977195625886,24.936282045986275,24.95984649658203,15500,0.0,0.0,0.0
2018-09-24 00:00:00-04:00,24.679895690170923,24.69591994687547,24.646905102206325,24.691205978393555,10800,0.0,0.0,0.0
2018-09-25 00:00:00-04:00,24.71477151574883,24.71477151574883,24.60166143713203,24.65821647644043,8800,0.0,0.0,0.0
2018-09-26 00:00:00-04:00,24.931569493291562,25.120086893023657,24.92214335362711,25.07295799255371,5600,0.0,0.0,0.0
2018-09-27 00:00:00-04:00,24.884439693186714,24.884439693186714,24.837310791015625,24.837310791015625,4400,0.0,0.0,0.0
2018-09-28 00:00:00-04:00,25.101235062410307,25.1116050747232,24.978698840286576,24.998493194580078,9600,0.0,0.0,0.0
2018-10-01 00:00:00-04:00,25.1860726303746,25.214351054485082,25.01923370361328,25.01923370361328,7200,0.0,0.0,0.0
2018-10-02 00:00:00-04:00,24.705347670276733,24.705347670276733,24.611089861961037,24.612031936645508,5900,0.0,0.0,0.0
2018-10-03 00:00:00-04:00,24.771326745463064,24.771326745463064,24.573381423950195,24.573381423950195,4600,0.0,0.0,0.0
2018-10-04 00:00:00-04:00,24.091717384145383,24.091717384145383,23.913568210393606,23.988975524902344,11600,0.0,0.0,0.0
2018-10-05 00:00:00-04:00,24.149217741594015,24.149217741594015,23.9041435052764,24.092660903930664,4200,0.0,0.0,0.0
2018-10-08 00:00:00-04:00,23.66849846343805,23.791034698486328,23.564812712191593,23.791034698486328,11100,0.0,0.0,0.0
2018-10-09 00:00:00-04:00,23.820251421147614,23.820251421147614,23.76369638299875,23.772178649902344,3900,0.0,0.0,0.0
2018-10-10 00:00:00-04:00,23.74390216808457,23.74390216808457,23.234901428222656,23.234901428222656,803300,0.0,0.0,0.0
2018-10-11 00:00:00-04:00,22.829589700960835,22.98040435712066,22.6222199982042,22.886146545410156,21600,0.0,0.0,0.0
2018-10-12 00:00:00-04:00,22.904994918740133,23.206626001122196,22.904994918740133,22.923847198486328,10700,0.0,0.0,0.0
2018-10-15 00:00:00-04:00,22.61279235582947,22.895571165740222,22.61279235582947,22.773033142089844,6500,0.0,0.0,0.0
2018-10-16 00:00:00-04:00,22.622219974690136,22.895572662353516,22.622219974690136,22.895572662353516,8600,0.0,0.0,0.0
2018-10-17 00:00:00-04:00,22.612791375770996,22.725903254403406,22.509105636845646,22.527957916259766,14000,0.0,0.0,0.0
2018-10-18 00:00:00-04:00,22.11321812161228,22.15092268276488,21.89265219199737,21.97748565673828,29100,0.0,0.0,0.0
2018-10-19 00:00:00-04:00,22.735329501023717,22.763606122425553,22.5656625812034,22.61467742919922,24700,0.0,0.0,0.0
2018-10-22 00:00:00-04:00,23.762754673652573,23.80045923441883,23.54784478998311,23.628908157348633,33500,0.0,0.0,0.0
2018-10-23 00:00:00-04:00,23.008681704971497,23.150070213787735,22.82958863494963,23.140644073486328,36500,0.0,0.0,0.0
2018-10-24 00:00:00-04:00,23.150069528836394,23.150069528836394,22.801311337265364,22.820161819458008,24200,0.0,0.0,0.0
2018-10-25 00:00:00-04:00,23.14064319829892,23.3762913033645,23.043557372785873,23.280147552490234,6100,0.0,0.0,0.0
2018-10-26 00:00:00-04:00,22.876720380890003,23.04638731835658,22.75041225250749,22.895572662353516,15600,0.0,0.0,0.0
2018-10-29 00:00:00-04:00,22.43369843031229,22.461976849576253,21.915273328772578,22.009532928466797,20500,0.0,0.0,0.0
2018-10-30 00:00:00-04:00,22.33001466598291,22.452550888061523,22.264033485028865,22.452550888061523,6200,0.0,0.0,0.0
2018-10-31 00:00:00-04:00,22.857866017226996,22.951183543474016,22.82487542659733,22.923847198486328,12600,0.0,0.0,0.0
2018-11-01 00:00:00-04:00,23.093512625666598,23.780662536621094,23.036957587941142,23.780662536621094,15800,0.0,0.0,0.0
2018-11-02 00:00:00-04:00,24.186920759420172,24.186920759420172,23.599686458470124,23.795745849609375,7200,0.0,0.0,0.0
2018-11-05 00:00:00-05:00,23.68734377238222,23.725048327453813,23.593085980407515,23.659067153930664,10100,0.0,0.0,0.0
2018-11-06 00:00:00-05:00,23.50825509629806,23.555383997431584,23.470550537109375,23.470550537109375,4700,0.0,0.0,0.0
2018-11-07 00:00:00-05:00,23.62136615890646,23.715625762939453,23.54595883525055,23.715625762939453,6400,0.0,0.0,0.0
2018-11-08 00:00:00-05:00,23.319735107849883,23.357439665764154,23.10293929339966,23.187772750854492,35300,0.0,0.0,0.0
2018-11-09 00:00:00-05:00,22.876716301496636,22.876716301496636,22.69762325523431,22.807907104492188,22300,0.0,0.0,0.0
2018-11-12 00:00:00-05:00,22.8861450489216,22.891799294714797,22.7353304026233,22.763607025146484,4100,0.0,0.0,0.0
2018-11-13 00:00:00-05:00,23.329160668006484,23.517679857191872,23.11236485893985,23.338586807250977,16400,0.0,0.0,0.0
2018-11-14 00:00:00-05:00,23.161380148183717,23.216049239856375,22.97097680621172,23.1104793548584,7600,0.0,0.0,0.0
2018-11-15 00:00:00-05:00,23.366867649096903,23.64775871717301,23.260353882651255,23.53370475769043,23000,0.0,0.0,0.0
2018-11-16 00:00:00-05:00,23.564809943880793,23.786319732666016,23.52710538500147,23.786319732666016,12900,0.0,0.0,0.0
2018-11-19 00:00:00-05:00,23.81931013061899,23.81931013061899,23.564809753793465,23.583662033081055,11900,0.0,0.0,0.0
2018-11-20 00:00:00-05:00,23.14064444255248,23.14064444255248,22.980403650577777,23.017166137695312,10500,0.0,0.0,0.0
2018-11-21 00:00:00-05:00,23.395145321452226,23.522395523384276,23.357442556723743,23.432849884033203,6400,0.0,0.0,0.0
2018-11-23 00:00:00-05:00,22.78246105870104,22.78246105870104,22.762666702270508,22.762666702270508,1600,0.0,0.0,0.0
2018-11-26 00:00:00-05:00,22.82958749249568,22.82958749249568,22.716477410243993,22.81733512878418,13300,0.0,0.0,0.0
2018-11-27 00:00:00-05:00,22.61279079425593,22.67877197265625,22.546809615855608,22.67877197265625,8900,0.0,0.0,0.0
2018-11-28 00:00:00-05:00,22.754179084554266,23.244327545166016,22.754179084554266,23.244327545166016,9000,0.0,0.0,0.0
2018-11-29 00:00:00-05:00,22.650495612209294,22.857865289256132,22.650495612209294,22.833358764648438,6200,0.0,0.0,0.0
2018-11-30 00:00:00-05:00,22.810738693507037,23.06712324352065,22.810738693507037,23.008682250976562,76800,0.0,0.0,0.0
2018-12-03 00:00:00-05:00,23.85701306095115,23.85701306095115,23.687346141861237,23.795745849609375,18800,0.0,0.0,0.0
2018-12-04 00:00:00-05:00,23.94184808049458,23.96070036114457,23.621366500854492,23.621366500854492,8200,0.0,0.0,0.0
2018-12-06 00:00:00-05:00,23.206626736137043,23.22547721862793,23.08126068992129,23.22547721862793,3900,0.0,0.0,0.0
2018-12-07 00:00:00-05:00,23.2726045990278,23.35743805061647,23.025644436182347,23.036012649536133,3000,0.0,0.0,0.0
2018-12-10 00:00:00-05:00,22.931387345407,23.018106753354747,22.774918457812927,22.942699432373047,6300,0.0,0.0,0.0
2018-12-11 00:00:00-05:00,23.2349046184585,23.2349046184585,23.084089963240668,23.106712341308594,2700,0.0,0.0,0.0
2018-12-12 00:00:00-05:00,23.366865602846516,23.413994501978863,23.292400360107422,23.292400360107422,2400,0.0,0.0,0.0
2018-12-13 00:00:00-05:00,23.6402171870937,23.6402171870937,23.51768096683807,23.536531448364258,4100,0.0,0.0,0.0
2018-12-14 00:00:00-05:00,23.225475847678336,23.225475847678336,23.09351348876953,23.09351348876953,10300,0.0,0.0,0.0
2018-12-17 00:00:00-05:00,23.055807909481803,23.055807909481803,22.857864379882812,22.857864379882812,1200,0.0,0.0,0.0
2018-12-18 00:00:00-05:00,23.057479953224217,23.057479953224217,22.843262315104575,22.85981559753418,25900,0.775,0.0,0.0
2018-12-19 00:00:00-05:00,22.75562688632424,22.75562688632424,22.326220350197865,22.40509033203125,23400,0.0,0.0,0.0
2018-12-20 00:00:00-05:00,22.346667741490695,22.463512019094942,22.288243745482262,22.36127281188965,6000,0.0,0.0,0.0
2018-12-21 00:00:00-05:00,22.229822257977112,22.2580592234974,21.928945541381836,21.928945541381836,14100,0.0,0.0,0.0
2018-12-24 00:00:00-05:00,21.986394526095374,22.122713473155756,21.986394526095374,22.03215980529785,2200,0.0,0.0,0.0
2018-12-26 00:00:00-05:00,21.986395034426025,22.27850760122523,21.984446824905962,22.26877212524414,12800,0.0,0.0,0.0
2018-12-27 00:00:00-05:00,21.86954838775336,22.03215980529785,21.83157408924459,22.03215980529785,18600,0.0,0.0,0.0
2018-12-28 00:00:00-05:00,22.210347434310773,22.238586256836843,22.137320223488825,22.162635803222656,9200,0.0,0.0,0.0
2018-12-31 00:00:00-05:00,22.317455686012476,22.317455686012476,22.02534313554782,22.08765983581543,30500,0.0,0.0,0.0
2019-01-02 00:00:00-05:00,21.898762439373883,21.96010597130124,21.88123598128129,21.946474075317383,3700,0.0,0.0,0.0
2019-01-03 00:00:00-05:00,21.85981401361488,21.85981401361488,21.723493202478295,21.79165267944336,4900,0.0,0.0,0.0
2019-01-04 00:00:00-05:00,22.5024632281905,22.663124587609342,22.35640508318333,22.64851951599121,7600,0.0,0.0,0.0
2019-01-07 00:00:00-05:00,22.560883131335007,22.63877993423984,22.560883131335007,22.61346435546875,1600,0.0,0.0,0.0
2019-01-08 00:00:00-05:00,22.297981425100158,22.629043312140595,22.297981425100158,22.580358505249023,5900,0.0,0.0,0.0
2019-01-09 00:00:00-05:00,22.88220877115164,22.97958024374675,22.88220877115164,22.9698429107666,16000,0.0,0.0,0.0
2019-01-10 00:00:00-05:00,22.862733692475558,22.962053372756337,22.862733692475558,22.948421478271484,4000,0.0,0.0,0.0
2019-01-11 00:00:00-05:00,23.02826541850756,23.35932731628418,23.02826541850756,23.35932731628418,38100,0.0,0.0,0.0
2019-01-14 00:00:00-05:00,23.047738170511067,23.047738170511067,22.901681900024414,22.901681900024414,2800,0.0,0.0,0.0
2019-01-15 00:00:00-05:00,23.22300768339349,23.534594905729982,23.22300768339349,23.437223434448242,1500,0.0,0.0,0.0
2019-01-16 00:00:00-05:00,23.515120675202695,23.630991780997036,23.515120675202695,23.561859130859375,800,0.0,0.0,0.0
2019-01-17 00:00:00-05:00,23.2035336874853,23.58912316483802,23.2035336874853,23.565753936767578,8300,0.0,0.0,0.0
2019-01-18 00:00:00-05:00,23.767311939241385,23.81696992196932,23.74394271204916,23.78775978088379,5000,0.0,0.0,0.0
2019-01-22 00:00:00-05:00,23.32037925720215,23.427486204597244,23.32037925720215,23.32037925720215,4900,0.0,0.0,0.0
2019-01-23 00:00:00-05:00,23.45669931704358,23.515121459960938,23.44696198368961,23.515121459960938,900,0.0,0.0,0.0
2019-01-24 00:00:00-05:00,23.51512076835693,23.65144157409668,23.51512076835693,23.65144157409668,3800,0.0,0.0,0.0
2019-01-25 00:00:00-05:00,24.021449992464305,24.0818203407665,23.905578890803874,24.079872131347656,7900,0.0,0.0,0.0
2019-01-28 00:00:00-05:00,23.914341511491674,23.92407884430412,23.86468352851645,23.92213249206543,3900,0.0,0.0,0.0
2019-01-29 00:00:00-05:00,24.00197542814961,24.049687058445947,23.88513114989099,23.904603958129883,34700,0.0,0.0,0.0
2019-01-30 00:00:00-05:00,23.84617920215327,24.128556248502168,23.84617920215327,24.09934425354004,6500,0.0,0.0,0.0
2019-01-31 00:00:00-05:00,24.167506118283423,24.342774391052004,24.167506118283423,24.313562393188477,11000,0.0,0.0,0.0
2019-02-01 00:00:00-05:00,24.342778201421346,24.38172753800278,24.317462618408683,24.371990203857422,4900,0.0,0.0,0.0
2019-02-04 00:00:00-05:00,24.342776973788524,24.35056609782936,24.26001242353676,24.316486358642578,8100,0.0,0.0,0.0
2019-02-05 00:00:00-05:00,24.498567849426117,24.586201985276873,24.381723573095964,24.547252655029297,8300,0.0,0.0,0.0
2019-02-06 00:00:00-05:00,24.381725948759605,24.547255046821473,24.352513948227617,24.36225128173828,6700,0.0,0.0,0.0
2019-02-07 00:00:00-05:00,24.352510863134487,24.352510863134487,24.128557792380096,24.167505264282227,5400,0.0,0.0,0.0
2019-02-08 00:00:00-05:00,24.14803040277327,24.14803040277327,24.10129380831315,24.105188369750977,3200,0.0,0.0,0.0
2019-02-11 00:00:00-05:00,24.732259114110338,24.751733779907227,24.508306029065185,24.751733779907227,7400,0.0,0.0,0.0
2019-02-12 00:00:00-05:00,24.858842163663013,24.878314971923828,24.81015549999518,24.878314971923828,7400,0.0,0.0,0.0
2019-02-13 00:00:00-05:00,25.121743097338403,25.374908180608493,25.121743097338403,25.326223373413086,15100,0.0,0.0,0.0
2019-02-14 00:00:00-05:00,25.27753539099906,25.365169525146484,25.228850586342155,25.365169525146484,18000,0.0,0.0,0.0
2019-02-15 00:00:00-05:00,24.94160781690918,25.131481170654297,24.829631271295558,25.131481170654297,9800,0.0,0.0,0.0
2019-02-19 00:00:00-05:00,25.374909750712654,25.79360580444336,25.28727560657337,25.79360580444336,200800,0.0,0.0,0.0
2019-02-20 00:00:00-05:00,25.871500650715376,25.99808411917481,25.832553176947616,25.910449981689453,11700,0.0,0.0,0.0
2019-02-21 00:00:00-05:00,25.87150107282432,25.87150107282432,25.696232794994,25.725444793701172,16300,0.0,0.0,0.0
2019-02-22 00:00:00-05:00,26.319410850714846,26.43625513890173,26.2804615165149,26.416780471801758,16900,0.0,0.0,0.0
2019-02-25 00:00:00-05:00,28.315516206839675,28.364201014646824,27.97471698057052,28.237619400024414,120100,0.0,0.0,0.0
2019-02-26 00:00:00-05:00,27.750764474953716,27.8676106162296,27.643655666884683,27.818923950195312,56000,0.0,0.0,0.0
2019-02-27 00:00:00-05:00,27.70207754670881,27.75952650818951,27.546283941731282,27.653390884399414,100600,0.0,0.0,0.0
2019-02-28 00:00:00-05:00,27.273646579805998,27.594971150208586,27.273646579805998,27.513179779052734,10300,0.0,0.0,0.0
2019-03-01 00:00:00-05:00,28.081826102979498,28.227882385253906,28.081826102979498,28.227882385253906,71400,0.0,0.0,0.0
2019-03-04 00:00:00-05:00,28.636838641010915,28.675787970130003,28.344726101442667,28.52972984313965,60600,0.0,0.0,0.0
2019-03-05 00:00:00-05:00,28.56868076372541,28.61736557063011,28.451834627065264,28.53946876525879,17600,0.0,0.0,0.0
2019-03-06 00:00:00-05:00,28.627104120562166,28.831584404109527,28.627104120562166,28.675790786743164,581400,0.0,0.0,0.0
2019-03-07 00:00:00-05:00,28.412890286900677,28.412890286900677,27.955244879810717,27.98932647705078,23700,0.0,0.0,0.0
2019-03-08 00:00:00-05:00,27.20548608652994,27.20548608652994,26.81502702138934,26.981531143188477,40100,0.0,0.0,0.0
2019-03-11 00:00:00-04:00,27.77997510361609,27.974716186523438,27.77997510361609,27.974716186523438,20000,0.0,0.0,0.0
2019-03-12 00:00:00-04:00,28.10130100895367,28.121748851502414,28.033141533791195,28.106168746948242,26800,0.0,0.0,0.0
2019-03-13 00:00:00-04:00,27.877345773236613,27.896820439427486,27.77023882359959,27.82866096496582,19300,0.0,0.0,0.0
2019-03-14 00:00:00-04:00,27.56575857237422,27.59497057169165,27.448914289517287,27.54141616821289,12500,0.0,0.0,0.0
2019-03-15 00:00:00-04:00,27.955241838915907,27.974716504589956,27.896819699100085,27.96497917175293,15600,0.0,0.0,0.0
2019-03-18 00:00:00-04:00,28.75368849876525,28.78289864218511,28.529733541709618,28.705001831054688,39800,0.0,0.0,0.0
2019-03-19 00:00:00-04:00,28.607627650609892,28.607627650609892,28.47130870830974,28.500520706176758,13100,0.0,0.0,0.0
2019-03-20 00:00:00-04:00,28.539467727101847,28.773158134715047,28.373936789558385,28.663129806518555,21900,0.0,0.0,0.0
2019-03-21 00:00:00-04:00,28.666052924501233,28.70110583773955,28.490784643896887,28.519996643066406,429300,0.0,0.0,0.0
2019-03-22 00:00:00-04:00,28.28630493874876,28.412888413848453,28.11395804028084,28.123695373535156,16400,0.0,0.0,0.0
2019-03-25 00:00:00-04:00,27.916295556140824,27.945507555898565,27.682605129698143,27.872478485107422,19500,0.0,0.0,0.0
2019-03-26 00:00:00-04:00,27.55601931950974,27.711812923936165,27.55601931950974,27.62223243713379,8400,0.0,0.0,0.0
2019-03-27 00:00:00-04:00,27.60470646995606,27.710840238041886,27.580364067060007,27.630022048950195,6400,0.0,0.0,0.0
2019-03-28 00:00:00-04:00,27.672865928142947,27.74102539910288,27.60470645718301,27.710840225219727,5200,0.0,0.0,0.0
2019-03-29 00:00:00-04:00,28.675789147056296,28.768291021701295,28.675789147056296,28.72447395324707,8900,0.0,0.0,0.0
2019-04-01 00:00:00-04:00,29.43528297264108,29.654368318251496,29.43528297264108,29.571603775024414,59600,0.0,0.0,0.0
2019-04-02 00:00:00-04:00,29.503443038935412,29.503443038935412,29.376861424039014,29.404125213623047,49800,0.0,0.0,0.0
2019-04-03 00:00:00-04:00,29.69818790337447,29.89877177644337,29.69818790337447,29.78095245361328,24700,0.0,0.0,0.0
2019-04-04 00:00:00-04:00,30.146090190714006,30.243461657381914,30.119801436194862,30.185039520263672,29000,0.0,0.0,0.0
2019-04-05 00:00:00-04:00,30.47715332611665,30.506365324489522,30.38951918820436,30.49176025390625,46000,0.0,0.0,0.0
2019-04-08 00:00:00-04:00,30.19477881842165,30.27267562538604,30.038985204492867,30.252227783203125,39700,0.0,0.0,0.0
2019-04-09 00:00:00-04:00,30.14609146118164,30.209383195764065,30.14609146118164,30.14609146118164,28900,0.0,0.0,0.0
2019-04-10 00:00:00-04:00,30.233724728785408,30.331096196753773,30.233724728785408,30.28727912902832,18700,0.0,0.0,0.0
2019-04-11 00:00:00-04:00,29.74686950479719,29.824766308407934,29.635867998986754,29.649499893188477,19600,0.0,0.0,0.0
2019-04-12 00:00:00-04:00,30.177251705518632,30.30188696539215,30.15096109265345,30.168487548828125,74200,0.0,0.0,0.0
2019-04-15 00:00:00-04:00,29.737134771317642,29.75660757980144,29.42554569189448,29.454757690429688,21500,0.0,0.0,0.0
2019-04-16 00:00:00-04:00,30.29215304305584,30.42847200332464,30.175306893392193,30.27267837524414,41900,0.0,0.0,0.0
2019-04-17 00:00:00-04:00,30.62321138670233,30.62321138670233,30.408993780232084,30.50539207458496,16700,0.0,0.0,0.0
2019-04-18 00:00:00-04:00,30.477153511267854,30.477153511267854,30.33109723292885,30.428468704223633,32200,0.0,0.0,0.0
2019-04-22 00:00:00-04:00,29.892927169799805,29.931874642393808,29.698184235211,29.892927169799805,35500,0.0,0.0,0.0
2019-04-23 00:00:00-04:00,29.815035378927497,29.892932194415213,29.60081774343134,29.742006301879883,353500,0.0,0.0,0.0
2019-04-24 00:00:00-04:00,29.815033336519484,29.815033336519484,29.55699864391213,29.562841415405273,28900,0.0,0.0,0.0
2019-04-25 00:00:00-04:00,28.821846697811626,29.123696595401093,28.558944275456415,28.74394989013672,42500,0.0,0.0,0.0
2019-04-26 00:00:00-04:00,28.617365937141212,28.86176872253418,28.617365937141212,28.86176872253418,12200,0.0,0.0,0.0
2019-04-29 00:00:00-04:00,28.899742361408233,28.899742361408233,28.77802848815918,28.77802848815918,10800,0.0,0.0,0.0
2019-04-30 00:00:00-04:00,28.86079438267953,28.927007505427024,28.77316024125792,28.909481048583984,7700,0.0,0.0,0.0
2019-05-01 00:00:00-04:00,28.997112402204674,28.997112402204674,28.785816192626953,28.785816192626953,48500,0.0,0.0,0.0
2019-05-02 00:00:00-04:00,28.82184553390075,28.82184553390075,28.627102593974577,28.674814224243164,9400,0.0,0.0,0.0
2019-05-03 00:00:00-04:00,28.997113813088806,29.075010617630625,28.98737648037029,29.06527328491211,21700,0.0,0.0,0.0
2019-05-06 00:00:00-04:00,27.263908438671656,27.731289280462214,27.06916549265574,27.663129806518555,87100,0.0,0.0,0.0
2019-05-07 00:00:00-04:00,27.166535449341254,27.166535449341254,26.533623695925566,26.562835693359375,53100,0.0,0.0,0.0
2019-05-08 00:00:00-04:00,26.572574377428513,26.77705279824698,26.572574377428513,26.69428825378418,31400,0.0,0.0,0.0
2019-05-09 00:00:00-04:00,26.13440370704348,26.562837072282033,25.86176395512688,26.34861946105957,38200,0.0,0.0,0.0
2019-05-10 00:00:00-04:00,26.72836697087504,27.098376323709267,26.445989897043784,27.0107421875,35400,0.0,0.0,0.0
2019-05-13 00:00:00-04:00,26.007821307491255,26.007821307491255,25.374909495131806,25.68649673461914,360100,0.0,0.0,0.0
2019-05-14 00:00:00-04:00,26.52388563801785,26.6699419067797,26.377829369255995,26.411909103393555,34800,0.0,0.0,0.0
2019-05-15 00:00:00-04:00,26.669945172063173,26.93479581190953,26.669945172063173,26.74979019165039,4100,0.0,0.0,0.0
2019-05-16 00:00:00-04:00,27.263905982133128,27.263905982133128,26.961081081232784,27.04969024658203,16400,0.0,0.0,0.0
2019-05-17 00:00:00-04:00,26.23177687803021,26.416780645073995,26.124668065484293,26.183090209960938,54900,0.0,0.0,0.0
2019-05-20 00:00:00-04:00,25.929920877365266,25.988344869517,25.686493148351598,25.85202407836914,28600,0.0,0.0,0.0
2019-05-21 00:00:00-04:00,26.29019769078663,26.36127855108136,26.2025635499075,26.280460357666016,40800,0.0,0.0,0.0
2019-05-22 00:00:00-04:00,26.14414151409995,26.246380726470196,26.075982039186453,26.163616180419922,7000,0.0,0.0,0.0
2019-05-23 00:00:00-04:00,25.81794936432743,25.9299259185791,25.72544747791254,25.9299259185791,42600,0.0,0.0,0.0
2019-05-24 00:00:00-04:00,25.832550816465012,26.00781721821421,25.77412682534246,25.80820655822754,291200,0.0,0.0,0.0
2019-05-28 00:00:00-04:00,26.29019774381836,26.522914991413206,26.149009199094245,26.22203826904297,248100,0.0,0.0,0.0
2019-05-29 00:00:00-04:00,26.222038625193456,26.371016295570648,26.20353713481376,26.360305786132812,9800,0.0,0.0,0.0
2019-05-30 00:00:00-04:00,26.280458474461007,26.37782994148331,26.153876867376397,26.17724609375,83500,0.0,0.0,0.0
2019-05-31 00:00:00-04:00,26.00781986255465,26.06624385961745,25.90071291568553,25.959135055541992,181500,0.0,0.0,0.0
2019-06-03 00:00:00-04:00,26.105191128907816,26.290196737075377,26.095453796140436,26.25124740600586,76100,0.0,0.0,0.0
2019-06-04 00:00:00-04:00,26.134403812956652,26.207432882025063,25.998084865049083,26.173351287841797,61100,0.0,0.0,0.0
2019-06-05 00:00:00-04:00,25.959135203419983,25.965951150728838,25.85202639873437,25.93187141418457,14500,0.0,0.0,0.0
2019-06-06 00:00:00-04:00,25.676757403929308,25.822813668362695,25.637808076237114,25.8033390045166,8500,0.0,0.0,0.0
2019-06-07 00:00:00-04:00,25.910448661639336,26.11979666194363,25.9007113293919,25.94939613342285,16900,0.0,0.0,0.0
2019-06-10 00:00:00-04:00,25.949397037631744,26.056505838879524,25.93965970504501,26.037031173706055,15400,0.0,0.0,0.0
2019-06-11 00:00:00-04:00,26.767316554024724,26.854950697141803,26.650472268006247,26.718631744384766,12000,0.0,0.0,0.0
2019-06-12 00:00:00-04:00,26.59107462351058,26.59107462351058,26.42651684971755,26.44599151611328,45100,0.0,0.0,0.0
2019-06-13 00:00:00-04:00,26.650470466433436,26.73810274642013,26.504412332974216,26.54336166381836,21200,0.0,0.0,0.0
2019-06-14 00:00:00-04:00,26.18308745962473,26.27072159573763,26.170430598742065,26.2210636138916,10400,0.0,0.0,0.0
2019-06-17 00:00:00-04:00,26.352093694421107,26.444990689646733,26.33351541443712,26.343294143676758,5000,0.114,0.0,0.0
2019-06-18 00:00:00-04:00,26.43130247003064,27.12655281635225,26.401966280504467,27.027790069580078,47100,0.0,0.0,0.0
2019-06-19 00:00:00-04:00,26.978896628325305,27.079615860920132,26.885022319689277,27.037567138671875,160200,0.0,0.0,0.0
2019-06-20 00:00:00-04:00,28.093647945562655,28.19143338086356,27.780736044681387,27.976306915283203,36500,0.0,0.0,0.0
2019-06-21 00:00:00-04:00,27.77095601415953,27.819849662071373,27.679038194207614,27.69272804260254,13400,0.0,0.0,0.0
2019-06-24 00:00:00-04:00,27.8687412741303,27.966526704252903,27.858962544607845,27.917633056640625,19600,0.0,0.0,0.0
2019-06-25 00:00:00-04:00,27.653615817586296,27.653615817586296,27.340702056884766,27.340702056884766,14000,0.0,0.0,0.0
2019-06-26 00:00:00-04:00,27.487382190094216,27.720109628669583,27.487382190094216,27.614501953125,34700,0.0,0.0,0.0
2019-06-27 00:00:00-04:00,27.839404607889648,27.839404607889648,27.722063585837443,27.819849014282227,20100,0.0,0.0,0.0
2019-06-28 00:00:00-04:00,27.761177580929715,27.917633525713878,27.761177580929715,27.858963012695312,13100,0.0,0.0,0.0
2019-07-01 00:00:00-04:00,28.954154780736793,28.98348910296208,28.51412129633884,28.563013076782227,620400,0.0,0.0,0.0
2019-07-02 00:00:00-04:00,28.553238567157095,28.641245271293354,28.377225158884574,28.426116943359375,18000,0.0,0.0,0.0
2019-07-03 00:00:00-04:00,28.338109747361052,28.406558990478516,28.210989990871763,28.406558990478516,36700,0.0,0.0,0.0
2019-07-05 00:00:00-04:00,28.093647202482625,28.093647202482625,27.82962709368415,27.946969985961914,30500,0.0,0.0,0.0
2019-07-08 00:00:00-04:00,27.6633934200819,27.673170284456678,27.516714343033044,27.526493072509766,54500,0.0,0.0,0.0
2019-07-09 00:00:00-04:00,27.272253046448622,27.536273160035318,27.223361261755695,27.519649505615234,36500,0.0,0.0,0.0
2019-07-10 00:00:00-04:00,27.60472015110624,27.712284306772013,27.555828370404644,27.643835067749023,15100,0.0,0.0,0.0
2019-07-11 00:00:00-04:00,27.5167152587275,27.5167152587275,27.242918284675767,27.33092498779297,42500,0.0,0.0,0.0
2019-07-12 00:00:00-04:00,27.50693801142261,27.594944719282967,27.36123996529377,27.546052932739258,178900,0.0,0.0,0.0
2019-07-15 00:00:00-04:00,27.756290375705095,27.92252505752502,27.731844482958472,27.90785789489746,132400,0.0,0.0,0.0
2019-07-16 00:00:00-04:00,27.77095601415953,27.819849662071373,27.682949313020167,27.69272804260254,17300,0.0,0.0,0.0
2019-07-17 00:00:00-04:00,27.76117701090758,27.77095574039355,27.604721069335938,27.604721069335938,67100,0.0,0.0,0.0
2019-07-18 00:00:00-04:00,27.536272788790022,27.58516457282379,27.44826608544763,27.565608978271484,5000,0.0,0.0,0.0
2019-07-19 00:00:00-04:00,27.702508660262502,27.722066120760186,27.604723222876157,27.614501953125,18300,0.0,0.0,0.0
2019-07-22 00:00:00-04:00,27.48738182245035,27.633081730535825,27.48738182245035,27.5216064453125,10100,0.0,0.0,0.0
2019-07-23 00:00:00-04:00,27.6927311622769,27.71228862364485,27.59494572053933,27.66339683532715,5000,0.0,0.0,0.0
2019-07-24 00:00:00-04:00,27.849184283008555,27.881454277485055,27.79051376998999,27.858963012695312,6300,0.0,0.0,0.0
2019-07-25 00:00:00-04:00,27.966530133564813,27.966530133564813,27.85407752792034,27.88536834716797,3800,0.0,0.0,0.0
2019-07-26 00:00:00-04:00,27.956749722181392,28.109294555083075,27.956749722181392,28.064313888549805,10200,0.0,0.0,0.0
2019-07-29 00:00:00-04:00,28.113205694953194,28.142541885375977,28.02324436181997,28.142541885375977,10700,0.0,0.0,0.0
2019-07-30 00:00:00-04:00,27.97630642213819,27.986085152006115,27.878520988560968,27.956748962402344,16100,0.0,0.0,0.0
2019-07-31 00:00:00-04:00,27.95674814602062,27.989016275050673,27.634057530210285,27.69272804260254,10800,0.0,0.0,0.0
2019-08-01 00:00:00-04:00,27.682951909938517,27.810073541332542,26.63665199279785,26.63665199279785,17300,0.0,0.0,0.0
2019-08-02 00:00:00-04:00,26.802883588417334,26.93000520514334,26.646427648679115,26.665985107421875,320300,0.0,0.0,0.0
2019-08-05 00:00:00-04:00,25.795697798873874,25.90326196083718,25.341976302885328,25.394779205322266,32700,0.0,0.0,0.0
2019-08-06 00:00:00-04:00,25.805475290616148,26.049937926912552,25.78591969718988,25.961931228637695,490100,0.0,0.0,0.0
2019-08-07 00:00:00-04:00,25.56101386882903,26.010826110839844,25.56101386882903,26.010826110839844,33100,0.0,0.0,0.0
2019-08-08 00:00:00-04:00,26.372629659166382,26.40196584821222,26.196618120197297,26.392187118530273,62100,0.0,0.0,0.0
2019-08-09 00:00:00-04:00,26.079274832996987,26.079274832996987,25.76636294833547,25.913040161132812,28000,0.0,0.0,0.0
2019-08-12 00:00:00-04:00,25.913042145391415,26.079276829984803,25.903263415109205,25.978557586669922,13600,0.0,0.0,0.0
2019-08-13 00:00:00-04:00,26.59753850195967,27.00823585073603,26.587759771619503,26.851778030395508,45600,0.0,0.0,0.0
2019-08-14 00:00:00-04:00,26.128168825274226,26.313960971918053,26.07927703857422,26.07927703857422,32300,0.0,0.0,0.0
2019-08-15 00:00:00-04:00,26.470414868515814,26.480193598115612,26.33742750314209,26.460636138916016,55700,0.0,0.0,0.0
2019-08-16 00:00:00-04:00,26.695322075157094,26.861556760735674,26.64643028855838,26.851778030395508,23300,0.0,0.0,0.0
2019-08-19 00:00:00-04:00,27.233137993296303,27.24291672253771,27.027788409430464,27.037567138671875,32100,0.0,0.0,0.0
2019-08-20 00:00:00-04:00,27.20380541403791,27.242920336191975,27.06690691670296,27.106019973754883,6500,0.0,0.0,0.0
2019-08-21 00:00:00-04:00,27.247806004076146,27.37981605529785,27.164689600585785,27.37981605529785,23500,0.0,0.0,0.0
2019-08-22 00:00:00-04:00,27.145133008899464,27.24291844238488,27.07668376499028,27.184246063232422,25800,0.0,0.0,0.0
2019-08-23 00:00:00-04:00,26.90067212098348,27.24292022806461,26.63665199279785,26.63665199279785,25500,0.0,0.0,0.0
2019-08-26 00:00:00-04:00,26.744214072866484,26.949561802003917,26.744214072866484,26.861555099487305,5600,0.0,0.0,0.0
2019-08-27 00:00:00-04:00,27.21358150326852,27.242917692036748,26.998455047607422,26.998455047607422,4000,0.0,0.0,0.0
2019-08-28 00:00:00-04:00,26.900670780649474,26.969120025634766,26.861555860599566,26.969120025634766,4700,0.0,0.0,0.0
2019-08-29 00:00:00-04:00,27.2331412102345,27.349504931279633,27.2331412102345,27.321147918701172,5800,0.0,0.0,0.0
2019-08-30 00:00:00-04:00,27.135355468404242,27.203804715313613,27.04734876092017,27.076684951782227,24100,0.0,0.0,0.0
2019-09-03 00:00:00-04:00,27.154911558131822,27.262473855658495,27.154911558131822,27.252696990966797,51200,0.0,0.0,0.0
2019-09-04 00:00:00-04:00,27.634059640599617,27.64383837092878,27.497161146195552,27.546052932739258,51600,0.0,0.0,0.0
2019-09-05 00:00:00-04:00,28.0838680267334,28.09364675635976,28.01541878445083,28.0838680267334,21000,0.0,0.0,0.0
2019-09-06 00:00:00-04:00,28.25988172655522,28.31855223982751,28.250102996826172,28.250102996826172,17800,0.0,0.0,0.0
2019-09-09 00:00:00-04:00,28.357667900925243,28.357667900925243,28.25988246617751,28.27943992614746,8500,0.0,0.0,0.0
2019-09-10 00:00:00-04:00,28.406558239804927,28.406558239804927,28.220767974853516,28.220767974853516,13100,0.0,0.0,0.0
2019-09-11 00:00:00-04:00,27.89807657313458,28.107335409916416,27.89807657313458,28.034975051879883,22500,0.0,0.0,0.0
2019-09-12 00:00:00-04:00,28.39678311091799,28.5141241417322,28.35766819057855,28.445674896240234,8100,0.0,0.0,0.0
2019-09-13 00:00:00-04:00,28.651021551930835,28.70969393022673,28.584528801004932,28.649066925048828,9800,0.0,0.0,0.0
2019-09-16 00:00:00-04:00,28.367448279987148,28.367448279987148,28.171877399122607,28.191434860229492,494400,0.0,0.0,0.0
2019-09-17 00:00:00-04:00,27.810071967548055,27.8882999420166,27.692729073294217,27.8882999420166,8100,0.0,0.0,0.0
2019-09-18 00:00:00-04:00,28.00563973133854,28.00563973133854,27.761177088809113,27.839405059814453,9900,0.0,0.0,0.0
2019-09-19 00:00:00-04:00,28.10342566264989,28.10342566264989,27.997817993164062,27.997817993164062,18600,0.0,0.0,0.0
2019-09-20 00:00:00-04:00,27.917632848946777,27.95088015605539,27.585163508064515,27.59983253479004,12300,0.0,0.0,0.0
2019-09-23 00:00:00-04:00,27.585164103573558,27.653615211199224,27.536272320371488,27.624279022216797,14600,0.0,0.0,0.0
2019-09-24 00:00:00-04:00,27.81007065833743,27.81007065833743,27.555829287008027,27.604721069335938,12100,0.0,0.0,0.0
2019-09-25 00:00:00-04:00,27.38959697767687,27.585165988953804,27.38959697767687,27.546052932739258,10300,0.0,0.0,0.0
2019-09-26 00:00:00-04:00,27.379816771701634,27.379816771701634,27.252697014477903,27.33092498779297,6100,0.0,0.0,0.0
2019-09-27 00:00:00-04:00,27.40621949465931,27.40621949465931,26.784306819346458,26.959341049194336,27600,0.0,0.0,0.0
2019-09-30 00:00:00-04:00,26.939783143986887,27.11579654948869,26.939783143986887,27.09623908996582,63400,0.0,0.0,0.0
2019-10-01 00:00:00-04:00,27.10601731750012,27.10601731750012,26.92022705078125,26.92022705078125,5500,0.0,0.0,0.0
2019-10-02 00:00:00-04:00,26.88111226211146,26.9104484509937,26.658161702851146,26.69532012939453,34500,0.0,0.0,0.0
2019-10-03 00:00:00-04:00,26.76377182425256,27.027790069580078,26.76377182425256,27.027790069580078,11300,0.0,0.0,0.0
2019-10-04 00:00:00-04:00,26.930008344482502,27.040504455566406,26.930008344482502,27.040504455566406,4700,0.0,0.0,0.0
2019-10-07 00:00:00-04:00,26.79310661561427,26.97792144217661,26.79310661561427,26.969120025634766,3100,0.0,0.0,0.0
2019-10-08 00:00:00-04:00,26.842975443677002,26.90066864058945,26.753991432275168,26.759857177734375,300600,0.0,0.0,0.0
2019-10-09 00:00:00-04:00,27.304523525061764,27.321147179776055,27.233140473689605,27.291810989379883,3000,0.0,0.0,0.0
2019-10-10 00:00:00-04:00,27.44826593439211,27.868741989135742,27.42870847484543,27.868741989135742,255200,0.0,0.0,0.0
2019-10-11 00:00:00-04:00,28.093645837227182,28.357665933195182,27.95674735714092,28.122982025146484,62200,0.0,0.0,0.0
2019-10-14 00:00:00-04:00,28.416337696186634,28.428072917912267,28.328330993652344,28.328330993652344,16400,0.0,0.0,0.0
2019-10-15 00:00:00-04:00,28.230546483876044,28.416336747376537,28.230546483876044,28.289216995239258,17600,0.0,0.0,0.0
2019-10-16 00:00:00-04:00,28.02031002032491,28.12298388718771,28.02031002032491,28.105382919311523,188400,0.0,0.0,0.0
2019-10-17 00:00:00-04:00,28.387003595752006,28.387003595752006,28.22076891911094,28.2598819732666,11600,0.0,0.0,0.0
2019-10-18 00:00:00-04:00,27.898079101400587,27.898079101400587,27.761178745146786,27.829627990722656,4700,0.0,0.0,0.0
2019-10-21 00:00:00-04:00,28.034975971592594,28.034975971592594,27.936213227957495,27.995861053466797,13000,0.0,0.0,0.0
2019-10-22 00:00:00-04:00,27.995862016772023,28.054534395979562,27.956748962402344,27.956748962402344,197800,0.0,0.0,0.0
2019-10-23 00:00:00-04:00,27.868741520529543,28.00564000485039,27.868741520529543,27.927412033081055,31400,0.0,0.0,0.0
2019-10-24 00:00:00-04:00,27.790513339901842,27.806159680178904,27.741621557326685,27.778779983520508,325500,0.0,0.0,0.0
2019-10-25 00:00:00-04:00,28.00564152850506,28.152320615516903,27.976307203184344,28.142541885375977,4300,0.0,0.0,0.0
2019-10-28 00:00:00-04:00,28.220768348958856,28.347888103774018,28.220768348958856,28.313663482666016,20100,0.0,0.0,0.0
2019-10-29 00:00:00-04:00,28.122982945238846,28.122982945238846,28.05453370295628,28.0838680267334,42300,0.0,0.0,0.0
2019-10-30 00:00:00-04:00,27.956747083296584,28.06431123951183,27.868740385502633,28.034975051879883,190300,0.0,0.0,0.0
2019-10-31 00:00:00-04:00,27.907855245800047,27.907855245800047,27.830604590763766,27.87851905822754,2900,0.0,0.0,0.0
2019-11-01 00:00:00-04:00,28.328330592490016,28.46523094177246,28.328330592490016,28.46523094177246,4900,0.0,0.0,0.0
2019-11-04 00:00:00-05:00,28.74880671527191,28.78792163377023,28.644176359901063,28.699914932250977,13100,0.0,0.0,0.0
2019-11-05 00:00:00-05:00,29.042162810415288,29.042162810415288,28.84659194946289,28.84659194946289,71300,0.0,0.0,0.0
2019-11-06 00:00:00-05:00,28.768364771350257,28.82703528521295,28.676446949094633,28.724361419677734,256700,0.0,0.0,0.0
2019-11-07 00:00:00-05:00,29.130170082070485,29.286626027857004,29.051940244075233,29.100833892822266,50000,0.0,0.0,0.0
2019-11-08 00:00:00-05:00,28.944379560372592,28.973713886153888,28.827036661941104,28.934600830078125,71200,0.0,0.0,0.0
2019-11-11 00:00:00-05:00,28.24032509488639,28.494566479988045,28.24032509488639,28.4534969329834,7100,0.0,0.0,0.0
2019-11-12 00:00:00-05:00,28.308775350987574,28.308775350987574,28.123960529940046,28.171875,10300,0.0,0.0,0.0
2019-11-13 00:00:00-05:00,28.181654694110073,28.201212154220705,28.113205448824914,28.132762908935547,183300,0.0,0.0,0.0
2019-11-14 00:00:00-05:00,28.318552980985334,28.32833171097031,28.240325006207552,28.27943992614746,19600,0.0,0.0,0.0
2019-11-15 00:00:00-05:00,28.181653056904622,28.23934625530788,28.147428436250316,28.220767974853516,18400,0.0,0.0,0.0
2019-11-18 00:00:00-05:00,28.25010081186362,28.25010081186362,28.113202336449156,28.162094116210938,60400,0.0,0.0,0.0
2019-11-19 00:00:00-05:00,28.39678169968222,28.5336801838627,28.39678169968222,28.46523094177246,7000,0.0,0.0,0.0
2019-11-20 00:00:00-05:00,28.22076649004729,28.269658269809074,28.052575335879364,28.162094116210938,196800,0.0,0.0,0.0
2019-11-21 00:00:00-05:00,28.142541638990863,28.181654694110073,28.113205448824914,28.132762908935547,9000,0.0,0.0,0.0
2019-11-22 00:00:00-05:00,27.92741245482228,27.92741245482228,27.69272853597023,27.7122859954834,34700,0.0,0.0,0.0
2019-11-25 00:00:00-05:00,28.04475566611164,28.064313125847487,27.91959053494504,27.956748962402344,23100,0.0,0.0,0.0
2019-11-26 00:00:00-05:00,28.034977698148765,28.064313888549805,27.986085912582432,28.064313888549805,677500,0.0,0.0,0.0
2019-11-27 00:00:00-05:00,28.093648213848777,28.171876189816146,28.064313888549805,28.064313888549805,5400,0.0,0.0,0.0
2019-11-29 00:00:00-05:00,27.751399520560074,27.751399520560074,27.64383722161548,27.653615951538086,5300,0.0,0.0,0.0
2019-12-02 00:00:00-05:00,27.506936353132858,27.64383670438582,27.46782329927629,27.555830001831055,18000,0.0,0.0,0.0
2019-12-03 00:00:00-05:00,27.377860326535263,27.497159711264175,27.25269706109864,27.487380981445312,4400,0.0,0.0,0.0
2019-12-04 00:00:00-05:00,27.74162315005515,27.839406720819504,27.74162315005515,27.829627990722656,11900,0.0,0.0,0.0
2019-12-05 00:00:00-05:00,27.98608349006858,28.025196542115552,27.92741111434526,27.96652603149414,147400,0.0,0.0,0.0
2019-12-06 00:00:00-05:00,28.318552487051093,28.318552487051093,28.2598819732666,28.2598819732666,10600,0.0,0.0,0.0
2019-12-09 00:00:00-05:00,28.044754726773743,28.199254177267257,28.044754726773743,28.07408905029297,6700,0.0,0.0,0.0
2019-12-10 00:00:00-05:00,28.41633767201599,28.41633767201599,28.240324267097126,28.250102996826172,11600,0.0,0.0,0.0
2019-12-11 00:00:00-05:00,28.152319477499937,28.426116449969786,28.152319477499937,28.406558990478516,17800,0.0,0.0,0.0
2019-12-12 00:00:00-05:00,28.23054618256765,28.935575220117613,28.23054618256765,28.8172550201416,15200,0.0,0.0,0.0
2019-12-13 00:00:00-05:00,28.973712375472232,29.198619430314142,28.59235123938264,28.641244888305664,37800,0.0,0.0,0.0
2019-12-16 00:00:00-05:00,29.129530880794903,29.198581277835714,29.08020782470703,29.08020782470703,13800,0.255,0.0,0.0
2019-12-17 00:00:00-05:00,29.356411737408024,29.48464792220745,29.297225950691537,29.3958683013916,22300,0.0,0.0,0.0
2019-12-18 00:00:00-05:00,29.366276912409678,29.423489025358066,29.326818466186523,29.326818466186523,10200,0.0,0.0,0.0
2019-12-19 00:00:00-05:00,29.307090865318838,29.400803739545,29.247905074190253,29.361345291137695,49100,0.0,0.0,0.0
2019-12-20 00:00:00-05:00,29.366276153945368,29.366276153945368,29.12262608740538,29.28736114501953,12100,0.0,0.0,0.0
2019-12-23 00:00:00-05:00,28.892785241516428,28.99142758862979,28.636310999760923,28.85332679748535,19200,0.0,0.0,0.0
2019-12-24 00:00:00-05:00,28.92237828960537,29.05061635608616,28.92237828960537,29.046669006347656,4100,0.0,0.0,0.0
2019-12-26 00:00:00-05:00,29.297225950691537,29.474783310840994,29.297225950691537,29.3958683013916,12600,0.0,0.0,0.0
2019-12-27 00:00:00-05:00,29.386006135521253,29.44519192337371,29.326818466186523,29.326818466186523,11700,0.0,0.0,0.0
2019-12-30 00:00:00-05:00,29.73125780756302,29.889087827765806,29.6030216217041,29.6030216217041,12500,0.0,0.0,0.0
2019-12-31 00:00:00-05:00,29.938411538621786,30.04691850395372,29.928546926958465,30.027191162109375,7000,0.0,0.0,0.0
2020-01-02 00:00:00-05:00,30.559866342907384,30.5795955657959,30.480951332835588,30.5795955657959,17300,0.0,0.0,0.0
2020-01-03 00:00:00-05:00,30.273801022003827,30.40203721156362,30.234342575073242,30.234342575073242,8800,0.0,0.0,0.0
2020-01-06 00:00:00-05:00,30.09624067881373,30.40400978033869,30.09624067881373,30.37244415283203,36600,0.0,0.0,0.0
2020-01-07 00:00:00-05:00,30.540136533154485,30.55000114440918,30.49081535836322,30.55000114440918,500500,0.0,0.0,0.0
2020-01-08 00:00:00-05:00,30.37244661917677,30.601298848295293,30.27380237891126,30.40203857421875,21100,0.0,0.0,0.0
2020-01-09 00:00:00-05:00,30.76702115376659,30.76702115376659,30.619055736730495,30.677255630493164,133200,0.0,0.0,0.0
2020-01-10 00:00:00-05:00,30.5697303923799,30.69796845731554,30.5697303923799,30.648645401000977,58300,0.0,0.0,0.0
2020-01-13 00:00:00-05:00,31.043219651286645,31.388473510742188,31.043219651286645,31.388473510742188,31000,0.0,0.0,0.0
2020-01-14 00:00:00-05:00,31.023494177940634,31.299695776942922,31.023494177940634,31.19118881225586,130500,0.0,0.0,0.0
2020-01-15 00:00:00-05:00,31.132000140787383,31.132000140787383,30.924848948201877,30.944578170776367,11900,0.0,0.0,0.0
2020-01-16 00:00:00-05:00,31.122137245236598,31.122137245236598,31.013630278059438,31.033357620239258,18600,0.0,0.0,0.0
2020-01-17 00:00:00-05:00,31.06295128053185,31.163567310269592,31.06295128053185,31.12213706970215,192100,0.0,0.0,0.0
2020-01-21 00:00:00-05:00,30.313256739979835,30.451359418893624,30.224477118350347,30.33791732788086,33400,0.0,0.0,0.0
2020-01-22 00:00:00-05:00,30.63878113245606,30.678239577949082,30.392171492571393,30.471086502075195,16600,0.0,0.0,0.0
2020-01-23 00:00:00-05:00,29.593158757464714,29.898954204476787,29.20351504893566,29.790447235107422,113800,0.0,0.0,0.0
2020-01-24 00:00:00-05:00,29.82990105200517,29.82990105200517,29.288346507390468,29.455055236816406,26100,0.0,0.0,0.0
2020-01-27 00:00:00-05:00,27.245433709809085,27.827430726142847,27.12706025538794,27.728788375854492,117000,0.0,0.0,0.0
2020-01-28 00:00:00-05:00,27.837294605193524,28.034583063544915,27.63902025018021,27.88661766052246,19700,0.0,0.0,0.0
2020-01-29 00:00:00-05:00,28.340379497368513,28.340379497368513,28.064177903546433,28.133228302001953,43100,0.0,0.0,0.0
2020-01-30 00:00:00-05:00,27.590686237128626,27.6202800716819,27.20597579534738,27.561094284057617,32700,0.0,0.0,0.0
2020-01-31 00:00:00-05:00,27.16651832894249,27.344075685921172,26.752214066361162,26.929771423339844,77400,0.0,0.0,0.0
2020-02-03 00:00:00-05:00,26.476011685678397,26.905111941940653,26.476011685678397,26.69302749633789,58700,0.0,0.0,0.0
2020-02-04 00:00:00-05:00,27.97539903392118,28.34038025884481,27.71892477456502,28.172685623168945,88100,0.0,0.0,0.0
2020-02-05 00:00:00-05:00,28.87305709750129,28.87305709750129,28.458752827117397,28.5179386138916,43600,0.0,0.0,0.0
2020-02-06 00:00:00-05:00,28.833597885410732,28.833597885410732,28.389701674182533,28.47848129272461,15100,0.0,0.0,0.0
2020-02-07 00:00:00-05:00,28.448888952425005,28.488345517468787,28.310788152548334,28.360109329223633,49800,0.0,0.0,0.0
2020-02-10 00:00:00-05:00,28.744820441660938,28.882923126220703,28.63631347416395,28.882923126220703,45900,0.0,0.0,0.0
2020-02-11 00:00:00-05:00,29.316952115658086,29.390935757196928,29.18871593600388,29.238037109375,18700,0.0,0.0,0.0
2020-02-12 00:00:00-05:00,29.593158136006753,29.6671417839397,29.56356430053711,29.56356430053711,30800,0.0,0.0,0.0
2020-02-13 00:00:00-05:00,29.2577681709017,29.307089347373893,29.134463348238935,29.16602897644043,379000,0.0,0.0,0.0
2020-02-14 00:00:00-05:00,29.366276912409678,29.455056534929497,29.287361901445646,29.326818466186523,12300,0.0,0.0,0.0
2020-02-18 00:00:00-05:00,29.869361291195972,30.00746209222404,29.770717055540654,29.839767456054688,36100,0.0,0.0,0.0
2020-02-19 00:00:00-05:00,29.94827593316408,29.987732498049013,29.896981081776072,29.918682098388672,199400,0.0,0.0,0.0
2020-02-20 00:00:00-05:00,30.23434072555148,30.293526510844487,29.997595702897254,30.091306686401367,81500,0.0,0.0,0.0
2020-02-21 00:00:00-05:00,30.461220963932323,30.599323637473944,30.461220963932323,30.520408630371094,103100,0.0,0.0,0.0
2020-02-24 00:00:00-05:00,29.47478379146945,30.017326136577914,29.47478379146945,29.908817291259766,84200,0.0,0.0,0.0
2020-02-25 00:00:00-05:00,30.52041045638162,30.52041045638162,29.958140761948428,30.027191162109375,81700,0.0,0.0,0.0
2020-02-26 00:00:00-05:00,29.918681753672356,30.283664852434697,29.918681753672356,30.096240997314453,56600,0.0,0.0,0.0
2020-02-27 00:00:00-05:00,30.096240777578856,30.43163003945805,29.80622722298203,29.98773193359375,52000,0.0,0.0,0.0
2020-02-28 00:00:00-05:00,28.97170151772444,29.504377365112305,28.53766802177275,29.504377365112305,379200,0.0,0.0,0.0
2020-03-02 00:00:00-05:00,30.352715123492697,30.579595542087933,30.046917813404598,30.4809513092041,114900,0.0,0.0,0.0
2020-03-03 00:00:00-05:00,30.500681678881186,30.92485057919253,30.34285165292566,30.540138244628906,38300,0.0,0.0,0.0
2020-03-04 00:00:00-05:00,30.974168806859417,31.16159265038778,30.836068017671227,31.072813034057617,26400,0.0,0.0,0.0
2020-03-05 00:00:00-05:00,31.309559577782185,31.407217913102176,30.984034929185935,31.053085327148438,110900,0.0,0.0,0.0
2020-03-06 00:00:00-05:00,30.569730930651325,30.688104386408373,30.263935502045477,30.4809513092041,117800,0.0,0.0,0.0
2020-03-09 00:00:00-04:00,28.508075841866194,29.6819383306056,28.508075841866194,29.49451446533203,101900,0.0,0.0,0.0
2020-03-10 00:00:00-04:00,30.638779563274827,31.072813034057617,30.471084941482534,31.072813034057617,10800,0.0,0.0,0.0
2020-03-11 00:00:00-04:00,30.194885754014773,30.313257330839864,29.741123025565816,29.82990264892578,327000,0.0,0.0,0.0
2020-03-12 00:00:00-04:00,28.606718718578055,28.636312553206754,27.896483620829734,28.170713424682617,42800,0.0,0.0,0.0
2020-03-13 00:00:00-04:00,29.573428329746914,29.839767199279706,28.606718967904513,29.435327529907227,342400,0.0,0.0,0.0
2020-03-16 00:00:00-04:00,26.28858761601704,27.18131520265811,25.49943750955363,26.485876083374023,151200,0.0,0.0,0.0
2020-03-17 00:00:00-04:00,27.324348575351035,28.014854431152344,26.83112930057201,28.014854431152344,24700,0.0,0.0,0.0
2020-03-18 00:00:00-04:00,26.3970950907779,26.781805512520872,25.913740440477657,26.318180084228516,44400,0.0,0.0,0.0
2020-03-19 00:00:00-04:00,26.130757614271374,26.96923077894238,25.973913489568293,26.683162689208984,69700,0.0,0.0,0.0
2020-03-20 00:00:00-04:00,27.146790705316548,27.146790705316548,25.844692055228563,25.9334716796875,73000,0.0,0.0,0.0
2020-03-23 00:00:00-04:00,25.88414773110979,26.278722780985404,25.77563888683815,26.06368064880371,10800,0.0,0.0,0.0
2020-03-24 00:00:00-04:00,27.156653181108872,27.156653181108872,26.82126393319533,27.09746551513672,27800,0.0,0.0,0.0
2020-03-25 00:00:00-04:00,27.393400946972605,27.570960199726564,26.9938926282762,27.432857513427734,25400,0.0,0.0,0.0
2020-03-26 00:00:00-04:00,27.43285498578206,27.985261917114258,27.245433019795026,27.985261917114258,28600,0.0,0.0,0.0
2020-03-27 00:00:00-04:00,26.880451202392578,27.033349859042556,26.71768793420238,26.880451202392578,48000,0.0,0.0,0.0
2020-03-30 00:00:00-04:00,26.910044134364846,27.156653770151422,26.762076847707135,27.127059936523438,43100,0.0,0.0,0.0
2020-03-31 00:00:00-04:00,27.127059883873326,27.314483733522376,26.83112907409668,26.83112907409668,31500,0.0,0.0,0.0
2020-04-01 00:00:00-04:00,26.762077086273607,26.92977171536266,26.456281661987305,26.456281661987305,25900,0.0,0.0,0.0
2020-04-02 00:00:00-04:00,27.225704607538955,27.462449635945802,27.107331152594412,27.442720413208008,7200,0.0,0.0,0.0
2020-04-03 00:00:00-04:00,27.294755740174406,27.492044209897173,27.131992470430777,27.28489112854004,8100,0.0,0.0,0.0
2020-04-06 00:00:00-04:00,27.955669772630706,28.01485556117652,27.876754760742188,27.876754760742188,18000,0.0,0.0,0.0
2020-04-07 00:00:00-04:00,28.5278025284414,28.5278025284414,27.827430189705538,27.896482467651367,37900,0.0,0.0,0.0
2020-04-08 00:00:00-04:00,27.91621117401419,28.113499643402914,27.91621117401419,28.064178466796875,5300,0.0,0.0,0.0
2020-04-09 00:00:00-04:00,28.429159118663396,28.429159118663396,28.11349907916259,28.133228302001953,89700,0.0,0.0,0.0
2020-04-13 00:00:00-04:00,27.857024337602784,27.857024337602784,27.590685478394334,27.62027931213379,18800,0.0,0.0,0.0
2020-04-14 00:00:00-04:00,28.123362764985117,28.310786612826064,28.123362764985117,28.281192779541016,7900,0.0,0.0,0.0
2020-04-15 00:00:00-04:00,27.689328588096963,27.7810677756403,27.646912454788712,27.758378982543945,17300,0.0,0.0,0.0
2020-04-16 00:00:00-04:00,27.827433250595842,27.94580671575561,27.807705907637878,27.8481502532959,12900,0.0,0.0,0.0
2020-04-17 00:00:00-04:00,28.11349985565111,28.271329879760742,28.07404140888255,28.271329879760742,8900,0.0,0.0,0.0
2020-04-20 00:00:00-04:00,28.15295923828186,28.360110446256023,28.103636178181564,28.12336540222168,8400,0.0,0.0,0.0
2020-04-21 00:00:00-04:00,27.737666852520125,28.0049916263834,27.737666852520125,27.86195945739746,386500,0.0,0.0,0.0
2020-04-22 00:00:00-04:00,28.468619715401374,28.498211670414108,28.43902587890625,28.43902587890625,7700,0.0,0.0,0.0
2020-04-23 00:00:00-04:00,28.508074347423463,28.62151455739742,28.310787761961816,28.34037971496582,10400,0.0,0.0,0.0
2020-04-24 00:00:00-04:00,28.27132945204856,28.27132945204856,28.093770207240908,28.170713424682617,13200,0.0,0.0,0.0
2020-04-27 00:00:00-04:00,28.261464221976038,28.379837676417843,28.261464221976038,28.373918533325195,21800,0.0,0.0,0.0
2020-04-28 00:00:00-04:00,28.734953299064856,28.734953299064856,28.440996170043945,28.440996170043945,13800,0.0,0.0,0.0
2020-04-29 00:00:00-04:00,28.609679542443764,28.609679542443764,28.537669568362745,28.606719970703125,14900,0.0,0.0,0.0
2020-04-30 00:00:00-04:00,28.81387053064054,28.81387053064054,28.11350002950816,28.18255043029785,44600,0.0,0.0,0.0
2020-05-01 00:00:00-04:00,27.403264517503242,27.61041571685523,27.205976048278437,27.212881088256836,20200,0.0,0.0,0.0
2020-05-04 00:00:00-04:00,27.186246893678653,27.324349575077505,27.186246893678653,27.28489112854004,63200,0.0,0.0,0.0
2020-05-05 00:00:00-04:00,27.669599533081055,27.728787198519697,27.640007581843882,27.669599533081055,214800,0.0,0.0,0.0
2020-05-06 00:00:00-04:00,28.567260376954046,28.656039999682775,28.44395555443995,28.54753303527832,21700,0.0,0.0,0.0
2020-05-07 00:00:00-04:00,29.05061739267624,29.05061739267624,28.8750299378905,28.961837768554688,63700,0.0,0.0,0.0
2020-05-08 00:00:00-04:00,29.247904214486613,29.41559885232375,29.198583036909586,29.26763343811035,11200,0.0,0.0,0.0
2020-05-11 00:00:00-04:00,28.932242582382763,29.070343377242303,28.902648748563337,29.000307083129883,28400,0.0,0.0,0.0
2020-05-12 00:00:00-04:00,29.307087077331186,29.307087077331186,29.001291667628607,29.021020889282227,12700,0.0,0.0,0.0
2020-05-13 00:00:00-04:00,29.198582433653097,29.228174386995004,28.932243564682274,29.040752410888672,58500,0.0,0.0,0.0
2020-05-14 00:00:00-04:00,28.606718914448955,29.03187370300293,28.58698969122807,29.03187370300293,13700,0.0,0.0,0.0
2020-05-15 00:00:00-04:00,28.621513843608,28.63631170122322,28.50807363646312,28.596853256225586,11700,0.0,0.0,0.0
2020-05-18 00:00:00-04:00,28.892786100390353,29.326817708741338,28.892786100390353,29.28736114501953,23800,0.0,0.0,0.0
2020-05-19 00:00:00-04:00,28.991428179323993,29.168987418117243,28.981563568115234,28.981563568115234,7800,0.0,0.0,0.0
2020-05-20 00:00:00-04:00,29.20844860502824,29.228175947815547,29.050618573835497,29.218313217163086,10700,0.0,0.0,0.0
2020-05-21 00:00:00-04:00,28.813870784318134,28.823735396158124,28.535695503766753,28.586990356445312,14600,0.0,0.0,0.0
2020-05-22 00:00:00-04:00,28.271327383488764,28.350242388575623,28.07403893003054,28.24173355102539,12100,0.0,0.0,0.0
2020-05-26 00:00:00-04:00,28.478481829268517,28.656039188215722,28.360108375154823,28.4094295501709,76500,0.0,0.0,0.0
2020-05-27 00:00:00-04:00,28.054313464019188,28.143093085858034,27.916210784779725,28.044448852539062,51000,0.0,0.0,0.0
2020-05-28 00:00:00-04:00,28.152957893674877,28.369973703304257,28.05431365966797,28.05431365966797,19500,0.0,0.0,0.0
2020-05-29 00:00:00-04:00,28.340379955083858,28.60671882327005,28.182549932784397,28.54753303527832,43900,0.0,0.0,0.0
2020-06-01 00:00:00-04:00,28.833598601213705,29.228173648150502,28.744818980467645,29.19858169555664,18100,0.0,0.0,0.0
2020-06-02 00:00:00-04:00,29.51424217224121,29.612886405813672,29.430393915185828,29.51424217224121,13100,0.0,0.0,0.0
2020-06-03 00:00:00-04:00,29.593159128407557,29.805243586013066,29.524108724811786,29.711532592773438,244000,0.0,0.0,0.0
2020-06-04 00:00:00-04:00,29.46492021419319,29.46492021419319,29.30708831577677,29.376140594482422,8100,0.0,0.0,0.0
2020-06-05 00:00:00-04:00,29.820037473910915,30.03705516312746,29.820037473910915,29.89895248413086,23700,0.0,0.0,0.0
2020-06-08 00:00:00-04:00,29.898953455235585,30.046918869018555,29.79044648858531,30.046918869018555,116200,0.0,0.0,0.0
2020-06-09 00:00:00-04:00,29.800309030039536,29.950248117821893,29.800309030039536,29.938411712646484,9800,0.0,0.0,0.0
2020-06-10 00:00:00-04:00,30.125835027527867,30.160360227184615,29.983786879098155,30.10610580444336,10400,0.0,0.0,0.0
2020-06-11 00:00:00-04:00,29.68193793763026,29.790446786849248,29.4353282850288,29.47478485107422,141000,0.0,0.0,0.0
2020-06-12 00:00:00-04:00,29.968002655620953,29.987731878396886,29.612886053065402,29.7993221282959,16100,0.0,0.0,0.0
2020-06-15 00:00:00-04:00,29.518288892624504,29.963587335679208,29.518288892624504,29.904212951660156,88500,0.095,0.0,0.0
2020-06-16 00:00:00-04:00,30.280242900209284,30.280242900209284,29.716199468929645,29.86463165283203,251900,0.0,0.0,0.0
2020-06-17 00:00:00-04:00,30.111031079544787,30.171392584121506,30.06254143212662,30.121915817260742,8100,0.0,0.0,0.0
2020-06-18 00:00:00-04:00,30.300034927739542,30.37919888646171,30.22581789069228,30.359407424926758,76400,0.0,0.0,0.0
2020-06-19 00:00:00-04:00,30.784913781207408,30.784913781207408,30.37919826512702,30.420759201049805,28100,0.0,0.0,0.0
2020-06-22 00:00:00-04:00,30.725539420425847,30.963033179327404,30.666166924409268,30.859128952026367,103800,0.0,0.0,0.0
2020-06-23 00:00:00-04:00,31.299479490488,31.299479490488,31.0916748046875,31.0916748046875,37000,0.0,0.0,0.0
2020-06-24 00:00:00-04:00,31.121362680213096,31.121362680213096,30.844287872314453,30.844287872314453,26100,0.0,0.0,0.0
2020-06-25 00:00:00-04:00,30.891786408811164,30.94324307759752,30.784915156319148,30.89574432373047,297800,0.0,0.0,0.0
2020-06-26 00:00:00-04:00,31.002614695869642,31.002614695869642,30.666167400852466,30.685958862304688,184500,0.0,0.0,0.0
2020-06-29 00:00:00-04:00,30.873974106911128,31.07188306004992,30.873974106911128,31.052091598510742,241700,0.0,0.0,0.0
2020-06-30 00:00:00-04:00,31.23021154031966,31.37864372970303,31.205473156658716,31.269794464111328,36700,0.0,0.0,0.0
2020-07-01 00:00:00-04:00,31.626032427712634,32.061437054709245,31.626032427712634,31.843734741210938,64900,0.0,0.0,0.0
2020-07-02 00:00:00-04:00,32.5661066379464,32.803600417663034,32.45725547952775,32.754119873046875,97100,0.0,0.0,0.0
2020-07-06 00:00:00-04:00,35.48527882878988,36.14827580132591,35.20820591785964,36.13838195800781,124500,0.0,0.0,0.0
2020-07-07 00:00:00-04:00,35.653499744825865,35.9295836423706,35.544648596727754,35.60402297973633,133000,0.0,0.0,0.0
2020-07-08 00:00:00-04:00,36.15322663415877,36.534201908013785,35.94047312997505,36.5045166015625,257600,0.0,0.0,0.0
2020-07-09 00:00:00-04:00,36.93002100258191,37.07845507402955,36.48472256307424,36.613365173339844,101200,0.0,0.0,0.0
2020-07-10 00:00:00-04:00,36.464929621372356,36.464929621372356,36.18785672574385,36.37191390991211,14800,0.0,0.0,0.0
2020-07-13 00:00:00-04:00,37.325841949259704,37.43469309622231,37.02402877807617,37.02402877807617,177100,0.0,0.0,0.0
2020-07-14 00:00:00-04:00,36.6925326612005,37.127933502197266,36.62326065654368,37.127933502197266,874600,0.0,0.0,0.0
2020-07-15 00:00:00-04:00,36.672743230572394,36.78159061572449,36.47483237376161,36.662845611572266,157500,0.0,0.0,0.0
2020-07-16 00:00:00-04:00,34.842072612328266,35.00040054321289,34.60458260341914,35.00040054321289,97000,0.0,0.0,0.0
2020-07-17 00:00:00-04:00,35.0498751611293,35.09044709200291,34.78269986122489,34.960819244384766,155700,0.0,0.0,0.0
2020-07-20 00:00:00-04:00,35.890994356306926,35.940471122574124,35.52486175612734,35.86130905151367,251200,0.0,0.0,0.0
2020-07-21 00:00:00-04:00,36.04932131531577,36.04932131531577,35.832608026544946,35.93057632446289,75900,0.0,0.0,0.0
2020-07-22 00:00:00-04:00,35.91078826136738,35.999847956642604,35.63371155671359,35.801937103271484,39900,0.0,0.0,0.0
2020-07-23 00:00:00-04:00,35.80193314511043,36.05921458366368,35.77224784157914,35.828651428222656,22400,0.0,0.0,0.0
2020-07-24 00:00:00-04:00,34.33740393955165,34.574893951416016,34.248344241393596,34.574893951416016,164200,0.0,0.0,0.0
2020-07-27 00:00:00-04:00,34.59468306080737,34.77280244500296,34.59468306080737,34.74806594848633,17700,0.0,0.0,0.0
2020-07-28 00:00:00-04:00,34.941025161414835,34.941025161414835,34.74311433110103,34.7925910949707,112100,0.0,0.0,0.0
2020-07-29 00:00:00-04:00,35.65349841316483,35.87120070122986,35.61391926747261,35.82172393798828,23900,0.0,0.0,0.0
2020-07-30 00:00:00-04:00,35.54465021900205,35.6020465909805,35.307160225799024,35.5644416809082,9600,0.0,0.0,0.0
2020-07-31 00:00:00-04:00,35.9899496664456,35.9899496664456,35.683191435536514,35.77225112915039,55700,0.0,0.0,0.0
2020-08-03 00:00:00-04:00,36.86075129474017,36.8904365979028,36.65294662293159,36.88054275512695,239100,0.0,0.0,0.0
2020-08-04 00:00:00-04:00,36.395662875172704,36.76179924478748,36.37587141399067,36.613365173339844,51400,0.0,0.0,0.0
2020-08-05 00:00:00-04:00,36.92012920489436,37.11605826423165,36.92012920489436,36.97949981689453,13700,0.0,0.0,0.0
2020-08-06 00:00:00-04:00,36.93992137383063,37.00918960571289,36.8597665162945,37.00918960571289,46900,0.0,0.0,0.0
2020-08-07 00:00:00-04:00,36.42535425429711,36.42535425429711,36.19775809858593,36.32639694213867,20200,0.0,0.0,0.0
2020-08-10 00:00:00-04:00,36.60347295502031,36.6133667986329,36.45404987010586,36.57378387451172,17600,0.0,0.0,0.0
2020-08-11 00:00:00-04:00,36.405561989309376,36.47483021887553,36.069114685058594,36.069114685058594,10600,0.0,0.0,0.0
2020-08-12 00:00:00-04:00,36.03942246367097,36.19775414583484,36.029528620953265,36.09879684448242,34000,0.0,0.0,0.0
2020-08-13 00:00:00-04:00,35.98005457269776,35.999846034461676,35.831620496886046,35.94047164916992,20700,0.0,0.0,0.0
2020-08-14 00:00:00-04:00,36.3362918397118,36.3362918397118,36.19775538789983,36.20764923095703,32400,0.0,0.0,0.0
2020-08-17 00:00:00-04:00,37.27636270348885,37.27636270348885,37.10814094313426,37.24667739868164,99900,0.0,0.0,0.0
2020-08-18 00:00:00-04:00,37.41490144540239,37.41490144540239,37.1675138489566,37.23678207397461,54900,0.0,0.0,0.0
2020-08-19 00:00:00-04:00,36.9597078020814,37.03887365001206,36.623260498046875,36.623260498046875,106000,0.0,0.0,0.0
2020-08-20 00:00:00-04:00,36.583678109158285,36.722214555933114,36.46492934777839,36.702423095703125,175300,0.0,0.0,0.0
2020-08-21 00:00:00-04:00,36.70242705536048,36.7311233545976,36.534201512674066,36.652950286865234,9100,0.0,0.0,0.0
2020-08-24 00:00:00-04:00,37.16751428152843,37.16751428152843,36.88054376035099,36.925071716308594,28500,0.0,0.0,0.0
2020-08-25 00:00:00-04:00,37.028975048192464,37.15761766024562,37.00324954565007,37.13288116455078,101900,0.0,0.0,0.0
2020-08-26 00:00:00-04:00,36.84096475061571,36.92013060272717,36.682636821228385,36.761802673339844,86100,0.0,0.0,0.0
2020-08-27 00:00:00-04:00,37.13782870380016,37.13782870380016,36.86966061144701,36.91023254394531,19000,0.0,0.0,0.0
2020-08-28 00:00:00-04:00,37.87009567709494,38.09769182462545,37.86019805881711,37.92947006225586,106100,0.0,0.0,0.0
2020-08-31 00:00:00-04:00,37.69198008317904,37.7117715468877,37.49406922092817,37.65239715576172,39300,0.0,0.0,0.0
2020-09-01 00:00:00-04:00,38.11748490094302,38.28570667043822,38.11748490094302,38.166961669921875,130400,0.0,0.0,0.0
2020-09-02 00:00:00-04:00,38.25602121842367,38.25602121842367,38.01852744345932,38.21643829345703,37100,0.0,0.0,0.0
2020-09-03 00:00:00-04:00,37.96905178806726,37.96905178806726,37.494067999045704,37.54354476928711,53900,0.0,0.0,0.0
2020-09-04 00:00:00-04:00,37.56333541870117,37.75135242631576,37.16751749050805,37.56333541870117,46700,0.0,0.0,0.0
2020-09-08 00:00:00-04:00,36.50451837772186,36.50451837772186,36.38577337130357,36.41545867919922,156900,0.0,0.0,0.0
2020-09-09 00:00:00-04:00,36.1383821009294,36.26702471358519,36.01468829736988,36.088905334472656,92300,0.0,0.0,0.0
2020-09-10 00:00:00-04:00,35.989951066189796,35.99984868521822,35.25768580118309,35.2774772644043,1450700,0.0,0.0,0.0
2020-09-11 00:00:00-04:00,36.06911359137573,36.06911359137573,35.83161982946774,35.91078567504883,13100,0.0,0.0,0.0
2020-09-14 00:00:00-04:00,36.35608602320394,36.435248098095215,36.217545786182136,36.32639694213867,152300,0.0,0.0,0.0
2020-09-15 00:00:00-04:00,37.01908221638985,37.01908221638985,36.87064813882384,36.90033721923828,294800,0.0,0.0,0.0
2020-09-16 00:00:00-04:00,36.60347270695437,36.86075416232761,36.60347270695437,36.6727409362793,53100,0.0,0.0,0.0
2020-09-17 00:00:00-04:00,36.504516726334195,36.80138111636824,36.504516726334195,36.732112884521484,55000,0.0,0.0,0.0
2020-09-18 00:00:00-04:00,37.14772305517594,37.167514516227136,36.96861467372309,36.98939514160156,63300,0.0,0.0,0.0
2020-09-21 00:00:00-04:00,36.63315733825294,36.920127868652344,36.474829420590396,36.920127868652344,14500,0.0,0.0,0.0
2020-09-22 00:00:00-04:00,36.66284438143312,36.66284438143312,36.40556291859652,36.553993225097656,20800,0.0,0.0,0.0
2020-09-23 00:00:00-04:00,36.57378153140796,36.57378153140796,36.01963572855446,36.0295295715332,23100,0.0,0.0,0.0
2020-09-24 00:00:00-04:00,35.61392482504524,35.732669830322266,35.544652815895006,35.732669830322266,15300,0.0,0.0,0.0
2020-09-25 00:00:00-04:00,35.59413037091141,35.72276920963784,35.33684514378786,35.71287536621094,29400,0.0,0.0,0.0
2020-09-28 00:00:00-04:00,35.93057999269169,35.98005676269531,35.82172883378237,35.98005676269531,13600,0.0,0.0,0.0
2020-09-29 00:00:00-04:00,36.02953133120414,36.26702509747988,35.96026310246442,36.21754455566406,58600,0.0,0.0,0.0
2020-09-30 00:00:00-04:00,35.96026106138773,36.361027758468275,35.96026106138773,36.31452178955078,113800,0.0,0.0,0.0
2020-10-01 00:00:00-04:00,36.890439600821665,36.989396910810804,36.76674579446179,36.90033721923828,178900,0.0,0.0,0.0
2020-10-02 00:00:00-04:00,36.29671315502294,36.67373241422956,36.29671315502294,36.33629608154297,14900,0.0,0.0,0.0
2020-10-05 00:00:00-04:00,36.72222026598722,36.9399225875332,36.7024288026798,36.840965270996094,25100,0.0,0.0,0.0
2020-10-06 00:00:00-04:00,36.959709313507574,37.073509280852775,36.860755774383044,36.91023254394531,12800,0.0,0.0,0.0
2020-10-07 00:00:00-04:00,37.20709447571516,37.296154164972094,37.172460361828314,37.24667739868164,24300,0.0,0.0,0.0
2020-10-08 00:00:00-04:00,37.35553222720941,37.35553222720941,37.20709813888888,37.29615783691406,33900,0.0,0.0,0.0
2020-10-09 00:00:00-04:00,37.51385655058272,37.7315588525513,37.51385655058272,37.637550354003906,19100,0.0,0.0,0.0
2020-10-12 00:00:00-04:00,38.44403568380776,38.44403568380776,38.186754212936904,38.32529067993164,127000,0.0,0.0,0.0
2020-10-13 00:00:00-04:00,38.3945586597996,38.49351597473901,38.275813656707896,38.42424774169922,368000,0.0,0.0,0.0
2020-10-14 00:00:00-04:00,38.374768150080065,38.374768150080065,38.03832082059955,38.077903747558594,23700,0.0,0.0,0.0
2020-10-15 00:00:00-04:00,37.949256896972656,38.01358008982808,37.899780131200586,37.949256896972656,212100,0.0,0.0,0.0
2020-10-16 00:00:00-04:00,38.25602221968136,38.295605145683986,38.11748575350776,38.192691802978516,7600,0.0,0.0,0.0
2020-10-19 00:00:00-04:00,37.96904878685823,38.02842317135612,37.80082702636719,37.80082702636719,261800,0.0,0.0,0.0
2020-10-20 00:00:00-04:00,38.26591329268414,38.41434736702713,38.236227987749665,38.30549621582031,11400,0.0,0.0,0.0
2020-10-21 00:00:00-04:00,38.32529015883793,38.463826623949046,38.24612808227539,38.24612808227539,46500,0.0,0.0,0.0
2020-10-22 00:00:00-04:00,38.196646935158725,38.196646935158725,38.0284251658449,38.12144088745117,8500,0.0,0.0,0.0
2020-10-23 00:00:00-04:00,37.82061848786648,37.87009525419707,37.63260149104084,37.80082702636719,44700,0.0,0.0,0.0
2020-10-26 00:00:00-04:00,37.157620183517395,37.276365185488025,37.009189874762995,37.18730926513672,35600,0.0,0.0,0.0
2020-10-27 00:00:00-04:00,37.315947005310655,37.35552992973975,37.19720200685878,37.306053161621094,187100,0.0,0.0,0.0
2020-10-28 00:00:00-04:00,37.20709787488349,37.26647226475754,36.994344363046025,37.118038177490234,64100,0.0,0.0,0.0
2020-10-29 00:00:00-04:00,37.503962653548385,37.87009525419707,37.503962653548385,37.80082702636719,23400,0.0,0.0,0.0
2020-10-30 00:00:00-04:00,37.385215090945465,37.494066245286476,37.30605301722909,37.35552978515625,39000,0.0,0.0,0.0
2020-11-02 00:00:00-05:00,37.68208227780665,37.71176758283142,37.523750584780345,37.70186996459961,44800,0.0,0.0,0.0
2020-11-03 00:00:00-05:00,37.92947195871798,38.08285107617508,37.86019995181565,38.06800842285156,27600,0.0,0.0,0.0
2020-11-04 00:00:00-05:00,38.72111031551048,39.39400492610499,38.622153005225755,39.34452438354492,182600,0.0,0.0,0.0
2020-11-05 00:00:00-05:00,40.11637589555526,40.11637589555526,39.70076274626618,39.7700309753418,272100,0.0,0.0,0.0
2020-11-06 00:00:00-05:00,39.26536007381464,39.55233059504298,39.131768656247736,39.46821594238281,27400,0.0,0.0,0.0
2020-11-09 00:00:00-05:00,40.87833145482978,40.87833145482978,39.84820904863486,39.878883361816406,150300,0.0,0.0,0.0
2020-11-10 00:00:00-05:00,39.64139213553586,39.87888212812787,39.39400452459854,39.7700309753418,40400,0.0,0.0,0.0
2020-11-11 00:00:00-05:00,39.03776483026284,39.32968039228898,38.94177831871263,39.285152435302734,77600,0.0,0.0,0.0
2020-11-12 00:00:00-05:00,39.285155420925264,39.492960118991206,39.027870178222656,39.027870178222656,19100,0.0,0.0,0.0
2020-11-13 00:00:00-05:00,38.91901888937991,39.07734680175781,38.77058482003524,39.07734680175781,36500,0.0,0.0,0.0
2020-11-16 00:00:00-05:00,39.70076303385168,39.74034595784887,39.55628875861379,39.671077728271484,45600,0.0,0.0,0.0
2020-11-17 00:00:00-05:00,39.40389809186443,39.65128570106741,39.36431516843146,39.59191131591797,233300,0.0,0.0,0.0
2020-11-18 00:00:00-05:00,39.51274694725636,39.52264079012186,39.25546173473186,39.32473373413086,73800,0.0,0.0,0.0
2020-11-19 00:00:00-05:00,39.512749387118156,39.63149438301213,39.427649498780625,39.54243469238281,68900,0.0,0.0,0.0
2020-11-20 00:00:00-05:00,39.87888554823661,39.98773671035802,39.82544897412818,39.9184684753418,66900,0.0,0.0,0.0
2020-11-23 00:00:00-05:00,40.314284705222086,40.314284705222086,39.85908865518938,39.958045959472656,37800,0.0,0.0,0.0
2020-11-24 00:00:00-05:00,39.958048961240536,39.977840423583984,39.76013811264151,39.977840423583984,77400,0.0,0.0,0.0
2020-11-25 00:00:00-05:00,39.41379437623102,39.57212228976911,39.2158835405996,39.53253936767578,170200,0.0,0.0,0.0
2020-11-27 00:00:00-05:00,40.10647897653707,40.1757472068205,39.92835959156955,40.0767936706543,14500,0.0,0.0,0.0
2020-11-30 00:00:00-05:00,39.98773535792534,39.98773535792534,39.572125961884375,39.5820198059082,76400,0.0,0.0,0.0
2020-12-01 00:00:00-05:00,40.49240358377082,40.759582664728526,40.34397327757354,40.710105895996094,190000,0.0,0.0,0.0
2020-12-02 00:00:00-05:00,40.670522159215174,40.769479469540144,40.56167478011083,40.729896545410156,37600,0.0,0.0,0.0
2020-12-03 00:00:00-05:00,40.80906253833579,40.88822461204097,40.671515085106584,40.680419921875,72100,0.0,0.0,0.0
2020-12-04 00:00:00-05:00,40.91790894956852,41.051500372110716,40.8288492594855,41.02676010131836,134800,0.0,0.0,0.0
2020-12-07 00:00:00-05:00,40.84864044189453,40.90801482648908,40.670521062946186,40.84864044189453,85600,0.0,0.0,0.0
2020-12-08 00:00:00-05:00,40.908015640181205,40.908015640181205,40.68041949029466,40.82884979248047,67000,0.0,0.0,0.0
2020-12-09 00:00:00-05:00,40.433031866792405,40.452823328711865,39.868988414011575,39.929351806640625,132200,0.0,0.0,0.0
2020-12-10 00:00:00-05:00,40.06689767634809,40.35386442576109,40.06689767634809,40.31428527832031,68800,0.0,0.0,0.0
2020-12-11 00:00:00-05:00,39.77993026050445,39.878883799091476,39.651287640472894,39.73045349121094,58200,0.0,0.0,0.0
2020-12-14 00:00:00-05:00,40.4432753148422,40.4432753148422,40.19368708359964,40.25358963012695,32800,0.354,0.0,0.0
2020-12-15 00:00:00-05:00,40.49319592649378,40.69286346435547,40.403344011090354,40.69286346435547,60400,0.0,0.0,0.0
2020-12-16 00:00:00-05:00,40.64294590585438,40.70284845126795,40.55309399194109,40.5930290222168,58100,0.0,0.0,0.0
2020-12-17 00:00:00-05:00,41.231972300357555,41.231972300357555,40.90351564182697,40.9224853515625,253000,0.0,0.0,0.0
2020-12-18 00:00:00-05:00,40.98238547710215,40.98238547710215,40.774727892649864,40.90251922607422,43800,0.0,0.0,0.0
2020-12-21 00:00:00-05:00,40.882552703509944,41.16209030151367,40.83263581935416,41.16209030151367,83600,0.0,0.0,0.0
2020-12-22 00:00:00-05:00,40.80268221854311,40.80268221854311,40.59203121772202,40.5930290222168,38500,0.0,0.0,0.0
2020-12-23 00:00:00-05:00,41.03230392986177,41.03230392986177,40.85060448861807,40.85260009765625,22300,0.0,0.0,0.0
2020-12-24 00:00:00-05:00,40.942449409403544,40.942449409403544,40.78371471585286,40.86258316040039,11500,0.0,0.0,0.0
2020-12-28 00:00:00-05:00,41.3817296625151,41.3817296625151,41.162090799475564,41.29187774658203,27400,0.0,0.0,0.0
2020-12-29 00:00:00-05:00,41.28189158517039,41.28189158517039,41.0722383866676,41.16209030151367,32000,0.0,0.0,0.0
2020-12-30 00:00:00-05:00,41.880903232320456,41.99471387404297,41.76110195549455,41.99072265625,75500,0.0,0.0,0.0
2020-12-31 00:00:00-05:00,42.779419331746695,42.779419331746695,42.469932376714276,42.499881744384766,23400,0.0,0.0,0.0
2021-01-04 00:00:00-05:00,43.84765577271722,43.937507682432376,43.36046061304185,43.498233795166016,109600,0.0,0.0,0.0
2021-01-05 00:00:00-05:00,44.60640851993969,44.80607986450195,44.46663972127034,44.80607986450195,89100,0.0,0.0,0.0
2021-01-06 00:00:00-05:00,44.97579749572077,45.13553380778342,44.736194931833836,44.895931243896484,131800,0.0,0.0,0.0
2021-01-07 00:00:00-05:00,45.724560469192824,45.89428243666958,45.48495791423192,45.824398040771484,311100,0.0,0.0,0.0
2021-01-08 00:00:00-05:00,45.36515480108401,45.40508983145209,44.99576529121457,45.27530288696289,356900,0.0,0.0,0.0
2021-01-11 00:00:00-05:00,44.71622848510742,44.786112885278584,44.50657528459393,44.71622848510742,40500,0.0,0.0,0.0
2021-01-12 00:00:00-05:00,46.064001923902644,46.24370574951172,45.84436306851065,46.24370574951172,81100,0.0,0.0,0.0
2021-01-13 00:00:00-05:00,45.75451331704073,45.81441205114481,45.62472637912537,45.6646614074707,153900,0.0,0.0,0.0
2021-01-14 00:00:00-05:00,45.225383429210964,45.225383429210964,45.01573024433212,45.06564712524414,124600,0.0,0.0,0.0
2021-01-15 00:00:00-05:00,44.61638973285063,44.62637539456316,44.34683399282354,44.48660659790039,93600,0.0,0.0,0.0
2021-01-19 00:00:00-05:00,44.65632354223167,44.66630920367124,44.40174249331804,44.476619720458984,74900,0.0,0.0,0.0
2021-01-20 00:00:00-05:00,45.03570053611422,45.125552450663356,44.82604733830428,45.02571487426758,391700,0.0,0.0,0.0
2021-01-21 00:00:00-05:00,45.78446450620344,45.82439953613809,45.57481131166765,45.67963790893555,450800,0.0,0.0,0.0
2021-01-22 00:00:00-05:00,45.60476132151694,45.60476132151694,45.375140608783326,45.46499252319336,173600,0.0,0.0,0.0
2021-01-25 00:00:00-05:00,46.09395029096924,46.09395029096924,45.71457894151283,45.984134674072266,66400,0.0,0.0,0.0
2021-01-26 00:00:00-05:00,45.634709973950415,45.64469563562488,45.47497366288564,45.58479309082031,51400,0.0,0.0,0.0
2021-01-27 00:00:00-05:00,45.05566624959046,45.05566624959046,44.796092369756074,44.87895584106445,93700,0.0,0.0,0.0
2021-01-28 00:00:00-05:00,44.017379688254174,44.576458685504925,43.977444658076095,44.4566535949707,98900,0.0,0.0,0.0
2021-01-29 00:00:00-05:00,44.376787234516975,44.39675474955719,43.79774072359309,44.04732894897461,57400,0.0,0.0,0.0
2021-02-01 00:00:00-05:00,44.30690241299882,44.55649063599703,44.276949236517474,44.546504974365234,99700,0.0,0.0,0.0
2021-02-02 00:00:00-05:00,45.33520525834652,45.345187111693136,45.16548709255538,45.30525588989258,77200,0.0,0.0,0.0
2021-02-03 00:00:00-05:00,45.320230182658094,45.58479309082031,45.245352953755905,45.58479309082031,213000,0.0,0.0,0.0
2021-02-04 00:00:00-05:00,45.3252234049999,45.3252234049999,45.07563517877945,45.30525588989258,98600,0.0,0.0,0.0
2021-02-05 00:00:00-05:00,45.45500671520513,45.45500671520513,45.23537166500893,45.27530288696289,85900,0.0,0.0,0.0
2021-02-08 00:00:00-05:00,45.94419940991501,46.4533576965332,45.924231895559444,46.4533576965332,743400,0.0,0.0,0.0
2021-02-09 00:00:00-05:00,47.212110601124074,47.73125457763672,47.172175570219835,47.73125457763672,600800,0.0,0.0,0.0
2021-02-10 00:00:00-05:00,48.28034538553768,48.489998574144465,48.030757168125604,48.37019729614258,152600,0.0,0.0,0.0
2021-02-11 00:00:00-05:00,48.71961924523335,48.77952178840203,48.579850452920404,48.5898323059082,84500,0.0,0.0,0.0
2021-02-12 00:00:00-05:00,48.54990091292988,48.80847317778952,48.517952128337384,48.61978530883789,232400,0.0,0.0,0.0
2021-02-16 00:00:00-05:00,48.92927169799805,49.248748115013356,48.8893404782333,48.92927169799805,180700,0.0,0.0,0.0
2021-02-17 00:00:00-05:00,49.09899638381903,49.338598949338014,49.01912632303662,49.328617095947266,91800,0.0,0.0,0.0
2021-02-18 00:00:00-05:00,47.60146570890209,47.841068267822266,47.331909973806376,47.841068267822266,117200,0.0,0.0,0.0
2021-02-19 00:00:00-05:00,48.020770438423376,48.09065483307096,47.851052282397504,47.88399887084961,161700,0.0,0.0,0.0
2021-02-22 00:00:00-05:00,46.21375691548387,46.29362316755868,46.05402060292015,46.15385437011719,88500,0.0,0.0,0.0
2021-02-23 00:00:00-05:00,45.87431698880615,46.07398833254392,45.405089902284516,45.904266357421875,337600,0.0,0.0,0.0
2021-02-24 00:00:00-05:00,44.92587969198718,45.29526919198759,44.6962589861267,45.26531982421875,134400,0.0,0.0,0.0
2021-02-25 00:00:00-05:00,44.78611166398484,44.865977915539325,44.0273613279398,44.172122955322266,117100,0.0,0.0,0.0
2021-02-26 00:00:00-05:00,43.89757697251199,43.977443221845746,43.478266786164376,43.628021240234375,68300,0.0,0.0,0.0
2021-03-01 00:00:00-05:00,44.40673703094934,44.736195319667665,44.32687077843267,44.616390228271484,173800,0.0,0.0,0.0
2021-03-02 00:00:00-05:00,44.02736025143776,44.09724464799449,43.81770706176758,43.81770706176758,170200,0.0,0.0,0.0
2021-03-03 00:00:00-05:00,44.21705128473159,44.30191036803689,43.987430572509766,43.987430572509766,143000,0.0,0.0,0.0
2021-03-04 00:00:00-05:00,43.34847855026819,43.408381091787696,42.58973206642369,42.76943588256836,84000,0.0,0.0,0.0
2021-03-05 00:00:00-05:00,42.99905886774762,42.99905886774762,42.22034482861592,42.59971618652344,67700,0.0,0.0,0.0
2021-03-08 00:00:00-05:00,41.12215376572141,41.12215376572141,40.692861722548585,40.77273178100586,166000,0.0,0.0,0.0
2021-03-09 00:00:00-05:00,40.583045722367736,41.3218247140658,40.583045722367736,41.052268981933594,126900,0.0,0.0,0.0
2021-03-10 00:00:00-05:00,41.06225646579706,41.06225646579706,40.513163124156456,40.53312683105469,838300,0.0,0.0,0.0
2021-03-11 00:00:00-05:00,41.58139761201133,42.12050525514064,41.58139761201133,42.08057403564453,72900,0.0,0.0,0.0
2021-03-12 00:00:00-05:00,41.40169548936067,41.561431799124584,41.231973518003606,41.554443359375,23500,0.0,0.0,0.0
2021-03-15 00:00:00-04:00,40.80268147249072,40.98238529703153,40.76275025135923,40.93246841430664,52900,0.0,0.0,0.0
2021-03-16 00:00:00-04:00,41.07223803308349,41.271909376401844,41.07223803308349,41.22199249267578,32000,0.0,0.0,0.0
2021-03-17 00:00:00-04:00,41.35177523543535,41.53647189272088,41.062255789211804,41.501529693603516,21500,0.0,0.0,0.0
2021-03-18 00:00:00-04:00,41.35177372732954,41.421661931429504,41.08222180591996,41.1121711730957,514200,0.0,0.0,0.0
2021-03-19 00:00:00-04:00,40.75276526184471,41.03230285644531,40.6129964645444,41.03230285644531,119300,0.0,0.0,0.0
2021-03-22 00:00:00-04:00,41.07223632348525,41.223986385754166,41.022319441836935,41.08222198486328,77200,0.0,0.0,0.0
2021-03-23 00:00:00-04:00,40.722816322315104,40.801684770646936,40.53312683105469,40.53312683105469,31200,0.0,0.0,0.0
2021-03-24 00:00:00-04:00,40.043935792871345,40.23362147456901,39.93411636352539,39.93411636352539,412800,0.0,0.0,0.0
2021-03-25 00:00:00-04:00,39.894181513445055,39.97405157457185,39.7044958308901,39.90416717529297,67500,0.0,0.0,0.0
2021-03-26 00:00:00-04:00,40.802679712658886,41.231971740722656,40.622975895868755,41.231971740722656,88000,0.0,0.0,0.0
2021-03-29 00:00:00-04:00,40.782715205021354,40.9214861997843,40.68288143651826,40.722816467285156,28600,0.0,0.0,0.0
2021-03-30 00:00:00-04:00,40.99237024706908,41.052268981933594,40.81266642564762,41.052268981933594,63100,0.0,0.0,0.0
2021-03-31 00:00:00-04:00,41.10218829132023,41.172076500146424,40.97240515250605,41.07223892211914,81600,0.0,0.0,0.0
2021-04-01 00:00:00-04:00,41.72116801451705,41.72116801451705,41.48655447699141,41.59138107299805,31200,0.0,0.0,0.0
2021-04-05 00:00:00-04:00,41.73115104560402,42.03065615813617,41.73115104560402,41.82100296020508,65500,0.0,0.0,0.0
2021-04-06 00:00:00-04:00,41.78106497728239,42.05062070203817,41.77108312454945,41.89088439941406,88700,0.0,0.0,0.0
2021-04-07 00:00:00-04:00,41.501530409529295,41.501530409529295,41.25194218055285,41.38172912597656,92800,0.0,0.0,0.0
2021-04-08 00:00:00-04:00,41.641296234632314,41.641296234632314,41.39170802348,41.45161056518555,83200,0.0,0.0,0.0
2021-04-09 00:00:00-04:00,41.07223667577764,41.07223667577764,40.86258348600808,41.02231979370117,282800,0.0,0.0,0.0
2021-04-12 00:00:00-04:00,40.293521881103516,40.45325818574122,40.15375309059726,40.293521881103516,53900,0.0,0.0,0.0
2021-04-13 00:00:00-04:00,40.35342250880531,40.42331071575209,40.27355625694542,40.403343200683594,56700,0.0,0.0,0.0
2021-04-14 00:00:00-04:00,40.80267977312509,40.80267977312509,40.59302658936387,40.61698532104492,61600,0.0,0.0,0.0
2021-04-15 00:00:00-04:00,40.72281682279635,40.77273370748367,40.64294676056528,40.66291427612305,28500,0.0,0.0,0.0
2021-04-16 00:00:00-04:00,40.85259821101494,40.85259821101494,40.64294501926204,40.74278259277344,66300,0.0,0.0,0.0
2021-04-19 00:00:00-04:00,41.571414808969564,41.571414808969564,41.34179409532094,41.38172912597656,50900,0.0,0.0,0.0
2021-04-20 00:00:00-04:00,41.58139889477261,41.6013626009296,41.331810675256364,41.431644439697266,362400,0.0,0.0,0.0
2021-04-21 00:00:00-04:00,41.87091721479784,42.09055606078837,41.781065305839334,42.050621032714844,24800,0.0,0.0,0.0
2021-04-22 00:00:00-04:00,42.02067448618618,42.02067448618618,41.70120185698352,41.791053771972656,61900,0.0,0.0,0.0
2021-04-23 00:00:00-04:00,42.36011398282907,42.56976717845882,42.280243922543015,42.539817810058594,49500,0.0,0.0,0.0
2021-04-26 00:00:00-04:00,41.83098826777029,42.06060897904731,41.82100260600245,41.88090515136719,18100,0.0,0.0,0.0
2021-04-27 00:00:00-04:00,42.090558488088654,42.170428548841706,42.00070657394853,42.07059097290039,13400,0.0,0.0,0.0
2021-04-28 00:00:00-04:00,42.58973469353033,42.59971654685904,42.40104681746355,42.539817810058594,47800,0.0,0.0,0.0
2021-04-29 00:00:00-04:00,42.79938551411079,42.79938551411079,42.4898985687118,42.702545166015625,45400,0.0,0.0,0.0
2021-04-30 00:00:00-04:00,42.479913550895674,42.5298304323534,42.31019539225661,42.400047302246094,12300,0.0,0.0,0.0
2021-05-03 00:00:00-04:00,42.14047398050417,42.270260920735666,41.990723334157664,42.09055709838867,66400,0.0,0.0,0.0
2021-05-04 00:00:00-04:00,41.89088772163043,41.89088772163043,41.63131763743588,41.761104583740234,91100,0.0,0.0,0.0
2021-05-05 00:00:00-04:00,41.90087109773387,42.05062174291795,41.870917921965884,41.93082046508789,114600,0.0,0.0,0.0
2021-05-06 00:00:00-04:00,41.86093642086185,41.95078833209316,41.79105202417239,41.87091827392578,32800,0.0,0.0,0.0
2021-05-07 00:00:00-04:00,41.63131660491711,41.801034769524634,41.53147903007674,41.721168518066406,87100,0.0,0.0,0.0
2021-05-10 00:00:00-04:00,41.82100339705365,41.83098905901037,41.32182693481445,41.32182693481445,32600,0.0,0.0,0.0
2021-05-11 00:00:00-04:00,41.33181064806267,41.72116766090561,41.30185747201891,41.651283264160156,66600,0.0,0.0,0.0
2021-05-12 00:00:00-04:00,41.84096896736735,41.850950820445846,41.42166258661877,41.431644439697266,46500,0.0,0.0,0.0
2021-05-13 00:00:00-04:00,41.55144657685488,41.621330975089606,41.336800551301344,41.501529693603516,75000,0.0,0.0,0.0
2021-05-14 00:00:00-04:00,42.350128991696884,42.68956913645943,42.330165284723336,42.639652252197266,44800,0.0,0.0,0.0
2021-05-17 00:00:00-04:00,42.989077944239924,43.29856491088867,42.92917539823655,43.29856491088867,98500,0.0,0.0,0.0
2021-05-18 00:00:00-04:00,43.32851723168136,43.36844845314687,43.218697803719564,43.22867965698242,50800,0.0,0.0,0.0
2021-05-19 00:00:00-04:00,42.999059839707186,43.23866621554062,42.98907798623728,43.07892990112305,23800,0.0,0.0,0.0
2021-05-20 00:00:00-04:00,43.388414901322626,43.52818369405066,43.34847987242491,43.408382415771484,22000,0.0,0.0,0.0
2021-05-21 00:00:00-04:00,42.98907612252582,43.00904363701414,42.68956721361515,42.74946975708008,78400,0.0,0.0,0.0
2021-05-24 00:00:00-04:00,43.163788942898755,43.37843497222651,43.163788942898755,43.29856491088867,20600,0.0,0.0,0.0
2021-05-25 00:00:00-04:00,44.706241755037404,45.0057506725172,44.50657422126966,44.895931243896484,70800,0.0,0.0,0.0
2021-05-26 00:00:00-04:00,44.84600998336963,45.20541763305664,44.7461762177517,45.20541763305664,467300,0.0,0.0,0.0
2021-05-27 00:00:00-04:00,45.185451333276006,45.28528890999258,45.12655040016524,45.21540451049805,72000,0.0,0.0,0.0
2021-05-28 00:00:00-04:00,45.155500750247676,45.29526954547839,45.065648837825925,45.20541763305664,29100,0.0,0.0,0.0
2021-06-01 00:00:00-04:00,45.53487606497898,45.53487606497898,45.245352811952074,45.39510726928711,165300,0.0,0.0,0.0
2021-06-02 00:00:00-04:00,45.02571487426758,45.02571487426758,44.88594607572762,45.02571487426758,88500,0.0,0.0,0.0
2021-06-03 00:00:00-04:00,44.61638973285063,44.61638973285063,44.37678716954705,44.48660659790039,155100,0.0,0.0,0.0
2021-06-04 00:00:00-04:00,44.82604716499594,45.055667877197266,44.82604716499594,45.055667877197266,29600,0.0,0.0,0.0
2021-06-07 00:00:00-04:00,44.75616141364357,44.92587957511082,44.69625886984771,44.855995178222656,45800,0.0,0.0,0.0
2021-06-08 00:00:00-04:00,44.35682018800362,44.54650587026809,44.23302387849513,44.39675521850586,35000,0.0,0.0,0.0
2021-06-09 00:00:00-04:00,44.296914713872795,44.48660419201141,44.19708095263111,44.24699783325195,515800,0.0,0.0,0.0
2021-06-10 00:00:00-04:00,44.58000183105469,44.900001525878906,44.560001373291016,44.849998474121094,50200,0.073,0.0,0.0
2021-06-11 00:00:00-04:00,44.349998474121094,44.43000030517578,44.06999969482422,44.18000030517578,42300,0.0,0.0,0.0
2021-06-14 00:00:00-04:00,44.119998931884766,44.18000030517578,44.08000183105469,44.15999984741211,8400,0.0,0.0,0.0
2021-06-15 00:00:00-04:00,43.84000015258789,43.84000015258789,43.599998474121094,43.68000030517578,68300,0.0,0.0,0.0
2021-06-16 00:00:00-04:00,43.11000061035156,43.20000076293945,42.5,42.560001373291016,27000,0.0,0.0,0.0
2021-06-17 00:00:00-04:00,42.83000183105469,43.11000061035156,42.79999923706055,42.93299865722656,20900,0.0,0.0,0.0
2021-06-18 00:00:00-04:00,42.7599983215332,42.880001068115234,42.650001525878906,42.75,164400,0.0,0.0,0.0
2021-06-21 00:00:00-04:00,42.83000183105469,43.11000061035156,42.83000183105469,43.099998474121094,137200,0.0,0.0,0.0
2021-06-22 00:00:00-04:00,42.959999084472656,43.13999938964844,42.959999084472656,43.119998931884766,131100,0.0,0.0,0.0
2021-06-23 00:00:00-04:00,43.16999816894531,43.402000427246094,43.16999816894531,43.2599983215332,319600,0.0,0.0,0.0
2021-06-24 00:00:00-04:00,43.45000076293945,43.65999984741211,43.45000076293945,43.619998931884766,38200,0.0,0.0,0.0
2021-06-25 00:00:00-04:00,44.18000030517578,44.33000183105469,44.16999816894531,44.20000076293945,21800,0.0,0.0,0.0
2021-06-28 00:00:00-04:00,44.369998931884766,44.470001220703125,44.369998931884766,44.470001220703125,65900,0.0,0.0,0.0
2021-06-29 00:00:00-04:00,43.939998626708984,44.13999938964844,43.939998626708984,44.08000183105469,58100,0.0,0.0,0.0
2021-06-30 00:00:00-04:00,44.290000915527344,44.470001220703125,44.16999816894531,44.349998474121094,19200,0.0,0.0,0.0
2021-07-01 00:00:00-04:00,44.13999938964844,44.18000030517578,43.900001525878906,44.0099983215332,105700,0.0,0.0,0.0
2021-07-02 00:00:00-04:00,43.34000015258789,43.380001068115234,43.16999816894531,43.220001220703125,25700,0.0,0.0,0.0
2021-07-06 00:00:00-04:00,43.029998779296875,43.16999816894531,42.79999923706055,42.849998474121094,33200,0.0,0.0,0.0
2021-07-07 00:00:00-04:00,43.9900016784668,43.9900016784668,43.72999954223633,43.900001525878906,118900,0.0,0.0,0.0
2021-07-08 00:00:00-04:00,42.88999938964844,43.099998474121094,42.79999923706055,43.099998474121094,96000,0.0,0.0,0.0
2021-07-09 00:00:00-04:00,43.47999954223633,43.624000549316406,43.35499954223633,43.58000183105469,35100,0.0,0.0,0.0
2021-07-12 00:00:00-04:00,43.939998626708984,44.02000045776367,43.86000061035156,44.02000045776367,39800,0.0,0.0,0.0
2021-07-13 00:00:00-04:00,43.83000183105469,44.08000183105469,43.83000183105469,43.88999938964844,22200,0.0,0.0,0.0
2021-07-14 00:00:00-04:00,43.77000045776367,43.790000915527344,43.47999954223633,43.619998931884766,58300,0.0,0.0,0.0
2021-07-15 00:00:00-04:00,44.09000015258789,44.25,44.02000045776367,44.13999938964844,42800,0.0,0.0,0.0
2021-07-16 00:00:00-04:00,43.7400016784668,43.83000183105469,43.45000076293945,43.45000076293945,31900,0.0,0.0,0.0
2021-07-19 00:00:00-04:00,43.400001525878906,43.439998626708984,43.22999954223633,43.41999816894531,28300,0.0,0.0,0.0
2021-07-20 00:00:00-04:00,43.560001373291016,43.7400016784668,43.52000045776367,43.68000030517578,37000,0.0,0.0,0.0
2021-07-21 00:00:00-04:00,44.13999938964844,44.43000030517578,43.959999084472656,44.43000030517578,111800,0.0,0.0,0.0
2021-07-22 00:00:00-04:00,44.20000076293945,44.2400016784668,44.06999969482422,44.13999938964844,98400,0.0,0.0,0.0
2021-07-23 00:00:00-04:00,43.599998474121094,43.63999938964844,43.45000076293945,43.630001068115234,26400,0.0,0.0,0.0
2021-07-26 00:00:00-04:00,41.93000030517578,42.25,41.880001068115234,42.25,256800,0.0,0.0,0.0
2021-07-27 00:00:00-04:00,40.279998779296875,40.84000015258789,39.720001220703125,40.09000015258789,261900,0.0,0.0,0.0
2021-07-28 00:00:00-04:00,41.33000183105469,42.470001220703125,41.33000183105469,42.15999984741211,617100,0.0,0.0,0.0
2021-07-29 00:00:00-04:00,42.15999984741211,42.15999984741211,41.84000015258789,41.90999984741211,93600,0.0,0.0,0.0
2021-07-30 00:00:00-04:00,41.560001373291016,41.887001037597656,41.560001373291016,41.86000061035156,55300,0.0,0.0,0.0
2021-08-02 00:00:00-04:00,42.5099983215332,42.650001525878906,42.38999938964844,42.4900016784668,172000,0.0,0.0,0.0
2021-08-03 00:00:00-04:00,42.4900016784668,42.4900016784668,42.290000915527344,42.43000030517578,65500,0.0,0.0,0.0
2021-08-04 00:00:00-04:00,42.939998626708984,42.95000076293945,42.744998931884766,42.84700012207031,117500,0.0,0.0,0.0
2021-08-05 00:00:00-04:00,42.869998931884766,42.869998931884766,42.650001525878906,42.66999816894531,58000,0.0,0.0,0.0
2021-08-06 00:00:00-04:00,42.439998626708984,42.540000915527344,42.31999969482422,42.36000061035156,56600,0.0,0.0,0.0
2021-08-09 00:00:00-04:00,42.880001068115234,42.97999954223633,42.849998474121094,42.90999984741211,143100,0.0,0.0,0.0
2021-08-10 00:00:00-04:00,43.15999984741211,43.38999938964844,43.15999984741211,43.38999938964844,137900,0.0,0.0,0.0
2021-08-11 00:00:00-04:00,43.529998779296875,43.529998779296875,43.2599983215332,43.439998626708984,66900,0.0,0.0,0.0
2021-08-12 00:00:00-04:00,43.099998474121094,43.099998474121094,42.867000579833984,43.02000045776367,94700,0.0,0.0,0.0
2021-08-13 00:00:00-04:00,42.90999984741211,43.040000915527344,42.83000183105469,43.029998779296875,251100,0.0,0.0,0.0
2021-08-16 00:00:00-04:00,42.88999938964844,42.88999938964844,42.72999954223633,42.86000061035156,42900,0.0,0.0,0.0
2021-08-17 00:00:00-04:00,41.72999954223633,41.790000915527344,41.494998931884766,41.709999084472656,96600,0.0,0.0,0.0
2021-08-18 00:00:00-04:00,42.0,42.16999816894531,41.86000061035156,41.86000061035156,98200,0.0,0.0,0.0
2021-08-19 00:00:00-04:00,42.0,42.16899871826172,41.90999984741211,42.13999938964844,82800,0.0,0.0,0.0
2021-08-20 00:00:00-04:00,41.099998474121094,41.380001068115234,41.06999969482422,41.33000183105469,61500,0.0,0.0,0.0
2021-08-23 00:00:00-04:00,41.91999816894531,42.09000015258789,41.808998107910156,42.04999923706055,60800,0.0,0.0,0.0
2021-08-24 00:00:00-04:00,42.630001068115234,42.810001373291016,42.619998931884766,42.689998626708984,63600,0.0,0.0,0.0
2021-08-25 00:00:00-04:00,42.650001525878906,42.7599983215332,42.650001525878906,42.689998626708984,54000,0.0,0.0,0.0
2021-08-26 00:00:00-04:00,42.099998474121094,42.16999816894531,42.0,42.0,16200,0.0,0.0,0.0
2021-08-27 00:00:00-04:00,42.11000061035156,42.36000061035156,42.09700012207031,42.36000061035156,44200,0.0,0.0,0.0
2021-08-30 00:00:00-04:00,42.16999816894531,42.16999816894531,41.97999954223633,42.09000015258789,62100,0.0,0.0,0.0
2021-08-31 00:00:00-04:00,42.09000015258789,42.22999954223633,42.0,42.15999984741211,552400,0.0,0.0,0.0
2021-09-01 00:00:00-04:00,42.43000030517578,42.86000061035156,42.400001525878906,42.66999816894531,375600,0.0,0.0,0.0
2021-09-02 00:00:00-04:00,42.75,42.77199935913086,42.529998779296875,42.720001220703125,368500,0.0,0.0,0.0
2021-09-03 00:00:00-04:00,42.43000030517578,42.67399978637695,42.43000030517578,42.52000045776367,70900,0.0,0.0,0.0
2021-09-07 00:00:00-04:00,43.459999084472656,43.720001220703125,43.459999084472656,43.630001068115234,64300,0.0,0.0,0.0
2021-09-08 00:00:00-04:00,43.2400016784668,43.41999816894531,43.20000076293945,43.27000045776367,76300,0.0,0.0,0.0
2021-09-09 00:00:00-04:00,43.41999816894531,43.540000915527344,43.38999938964844,43.5,24500,0.0,0.0,0.0
2021-09-10 00:00:00-04:00,44.02000045776367,44.15999984741211,43.75,43.77000045776367,92300,0.0,0.0,0.0
2021-09-13 00:00:00-04:00,43.86000061035156,43.880001068115234,43.61000061035156,43.86000061035156,54500,0.0,0.0,0.0
2021-09-14 00:00:00-04:00,43.310001373291016,43.310001373291016,43.099998474121094,43.11000061035156,55900,0.0,0.0,0.0
2021-09-15 00:00:00-04:00,42.900001525878906,43.08000183105469,42.84000015258789,43.0,30100,0.0,0.0,0.0
2021-09-16 00:00:00-04:00,42.34000015258789,42.36000061035156,42.18000030517578,42.220001220703125,44600,0.0,0.0,0.0
2021-09-17 00:00:00-04:00,42.45000076293945,42.5099983215332,42.27000045776367,42.310001373291016,525200,0.0,0.0,0.0
2021-09-20 00:00:00-04:00,41.36000061035156,41.41999816894531,40.91999816894531,41.09000015258789,184000,0.0,0.0,0.0
2021-09-21 00:00:00-04:00,41.31999969482422,41.439998626708984,41.2400016784668,41.349998474121094,52300,0.0,0.0,0.0
2021-09-22 00:00:00-04:00,42.349998474121094,42.59000015258789,42.25,42.5099983215332,139500,0.0,0.0,0.0
2021-09-23 00:00:00-04:00,42.20000076293945,42.38999938964844,42.150001525878906,42.36000061035156,246700,0.0,0.0,0.0
2021-09-24 00:00:00-04:00,42.150001525878906,42.25,42.060001373291016,42.130001068115234,388900,0.0,0.0,0.0
2021-09-27 00:00:00-04:00,42.279998779296875,42.584999084472656,42.22999954223633,42.529998779296875,203900,0.0,0.0,0.0
2021-09-28 00:00:00-04:00,42.369998931884766,42.42399978637695,42.099998474121094,42.119998931884766,62600,0.0,0.0,0.0
2021-09-29 00:00:00-04:00,41.900001525878906,41.959999084472656,41.707000732421875,41.7599983215332,218000,0.0,0.0,0.0
2021-09-30 00:00:00-04:00,42.470001220703125,42.63999938964844,42.34000015258789,42.54999923706055,736700,0.0,0.0,0.0
2021-10-01 00:00:00-04:00,42.15999984741211,42.29499816894531,41.88999938964844,42.14500045776367,327500,0.0,0.0,0.0
2021-10-04 00:00:00-04:00,41.88999938964844,41.939998626708984,41.36000061035156,41.6150016784668,120000,0.0,0.0,0.0
2021-10-05 00:00:00-04:00,41.560001373291016,41.790000915527344,41.5099983215332,41.599998474121094,62800,0.0,0.0,0.0
2021-10-06 00:00:00-04:00,41.40999984741211,41.79999923706055,41.25,41.7599983215332,168400,0.0,0.0,0.0
2021-10-07 00:00:00-04:00,42.279998779296875,42.5099983215332,42.18000030517578,42.40999984741211,138300,0.0,0.0,0.0
2021-10-08 00:00:00-04:00,43.02000045776367,43.07600021362305,42.90999984741211,43.04999923706055,178900,0.0,0.0,0.0
2021-10-11 00:00:00-04:00,42.959999084472656,43.0099983215332,42.63999938964844,42.720001220703125,77600,0.0,0.0,0.0
2021-10-12 00:00:00-04:00,42.5,42.56999969482422,42.26900100708008,42.290000915527344,65400,0.0,0.0,0.0
2021-10-13 00:00:00-04:00,43.2400016784668,43.404998779296875,43.209999084472656,43.31999969482422,66000,0.0,0.0,0.0
2021-10-14 00:00:00-04:00,42.959999084472656,42.9900016784668,42.810001373291016,42.91999816894531,34000,0.0,0.0,0.0
2021-10-15 00:00:00-04:00,43.060001373291016,43.189998626708984,43.060001373291016,43.18000030517578,45300,0.0,0.0,0.0
2021-10-18 00:00:00-04:00,42.959999084472656,43.029998779296875,42.88999938964844,42.90999984741211,28500,0.0,0.0,0.0
2021-10-19 00:00:00-04:00,43.380001068115234,43.869998931884766,43.380001068115234,43.84400177001953,56000,0.0,0.0,0.0
2021-10-20 00:00:00-04:00,43.63999938964844,43.63999938964844,43.470001220703125,43.540000915527344,30400,0.0,0.0,0.0
2021-10-21 00:00:00-04:00,43.54999923706055,43.54999923706055,43.290000915527344,43.369998931884766,464100,0.0,0.0,0.0
2021-10-22 00:00:00-04:00,43.4900016784668,43.779998779296875,43.4900016784668,43.599998474121094,89300,0.0,0.0,0.0
2021-10-25 00:00:00-04:00,43.900001525878906,43.91999816894531,43.7599983215332,43.91999816894531,231400,0.0,0.0,0.0
2021-10-26 00:00:00-04:00,43.83000183105469,43.86000061035156,43.619998931884766,43.7400016784668,53300,0.0,0.0,0.0
2021-10-27 00:00:00-04:00,43.38999938964844,43.40999984741211,43.189998626708984,43.209999084472656,52200,0.0,0.0,0.0
2021-10-28 00:00:00-04:00,43.029998779296875,43.220001220703125,42.97999954223633,43.220001220703125,126400,0.0,0.0,0.0
2021-10-29 00:00:00-04:00,43.2400016784668,43.38999938964844,43.20399856567383,43.22999954223633,24000,0.0,0.0,0.0
2021-11-01 00:00:00-04:00,43.29999923706055,43.40999984741211,43.27000045776367,43.40999984741211,66000,0.0,0.0,0.0
2021-11-02 00:00:00-04:00,42.90999984741211,42.93000030517578,42.849998474121094,42.849998474121094,26200,0.0,0.0,0.0
2021-11-03 00:00:00-04:00,42.81999969482422,42.90999984741211,42.689998626708984,42.900001525878906,93900,0.0,0.0,0.0
2021-11-04 00:00:00-04:00,43.150001525878906,43.150001525878906,42.959999084472656,43.0,127600,0.0,0.0,0.0
2021-11-05 00:00:00-04:00,42.83000183105469,42.869998931884766,42.7400016784668,42.81999969482422,27400,0.0,0.0,0.0
2021-11-08 00:00:00-05:00,43.060001373291016,43.34000015258789,43.0,43.29999923706055,476200,0.0,0.0,0.0
2021-11-09 00:00:00-05:00,43.13999938964844,43.189998626708984,42.90999984741211,43.08000183105469,143900,0.0,0.0,0.0
2021-11-10 00:00:00-05:00,43.06999969482422,43.06999969482422,42.70000076293945,42.72999954223633,256200,0.0,0.0,0.0
2021-11-11 00:00:00-05:00,43.34000015258789,43.630001068115234,43.34000015258789,43.56999969482422,47000,0.0,0.0,0.0
2021-11-12 00:00:00-05:00,43.5099983215332,43.59000015258789,43.43000030517578,43.45000076293945,40600,0.0,0.0,0.0
2021-11-15 00:00:00-05:00,43.36000061035156,43.36000061035156,43.2400016784668,43.290000915527344,34700,0.0,0.0,0.0
2021-11-16 00:00:00-05:00,43.09000015258789,43.16999816894531,42.941001892089844,43.11000061035156,166700,0.0,0.0,0.0
2021-11-17 00:00:00-05:00,43.380001068115234,43.380001068115234,43.20000076293945,43.29999923706055,48300,0.0,0.0,0.0
2021-11-18 00:00:00-05:00,42.9900016784668,42.9900016784668,42.750999450683594,42.83000183105469,49200,0.0,0.0,0.0
2021-11-19 00:00:00-05:00,43.34000015258789,43.45000076293945,43.29999923706055,43.29999923706055,37400,0.0,0.0,0.0
2021-11-22 00:00:00-05:00,43.70000076293945,43.83000183105469,43.650001525878906,43.650001525878906,253600,0.0,0.0,0.0
2021-11-23 00:00:00-05:00,43.64500045776367,43.7599983215332,43.54999923706055,43.65999984741211,215500,0.0,0.0,0.0
2021-11-24 00:00:00-05:00,43.65999984741211,43.720001220703125,43.59000015258789,43.650001525878906,40900,0.0,0.0,0.0
2021-11-26 00:00:00-05:00,43.33000183105469,43.33000183105469,43.0099983215332,43.119998931884766,58200,0.0,0.0,0.0
2021-11-29 00:00:00-05:00,43.290000915527344,43.349998474121094,43.06999969482422,43.220001220703125,71200,0.0,0.0,0.0
2021-11-30 00:00:00-05:00,43.290000915527344,43.56999969482422,43.16999816894531,43.41999816894531,103600,0.0,0.0,0.0
2021-12-01 00:00:00-05:00,43.43000030517578,43.53499984741211,43.08000183105469,43.11000061035156,65400,0.0,0.0,0.0
2021-12-02 00:00:00-05:00,43.150001525878906,43.5,43.150001525878906,43.36000061035156,290200,0.0,0.0,0.0
2021-12-03 00:00:00-05:00,43.84000015258789,43.970001220703125,43.52000045776367,43.66999816894531,50500,0.0,0.0,0.0
2021-12-06 00:00:00-05:00,43.869998931884766,44.040000915527344,43.77000045776367,43.95000076293945,115300,0.0,0.0,0.0
2021-12-07 00:00:00-05:00,43.79999923706055,43.95000076293945,43.75,43.95000076293945,290600,0.0,0.0,0.0
2021-12-08 00:00:00-05:00,44.63999938964844,44.88999938964844,44.540000915527344,44.790000915527344,146000,0.0,0.0,0.0
2021-12-09 00:00:00-05:00,44.84000015258789,45.02000045776367,44.790000915527344,45.02000045776367,119700,0.0,0.0,0.0
2021-12-10 00:00:00-05:00,44.9900016784668,44.9900016784668,44.86000061035156,44.95000076293945,87400,0.0,0.0,0.0
2021-12-13 00:00:00-05:00,44.75,44.75,44.33000183105469,44.56999969482422,219300,0.0,0.0,0.0
2021-12-14 00:00:00-05:00,44.29999923706055,44.30500030517578,44.18000030517578,44.2599983215332,67300,0.0,0.0,0.0
2021-12-15 00:00:00-05:00,44.0099983215332,44.0099983215332,43.72999954223633,43.93000030517578,63100,0.0,0.0,0.0
2021-12-16 00:00:00-05:00,44.380001068115234,44.380001068115234,44.09000015258789,44.150001525878906,71900,0.0,0.0,0.0
2021-12-17 00:00:00-05:00,43.279998779296875,43.56999969482422,43.25,43.4900016784668,3634000,0.0,0.0,0.0
2021-12-20 00:00:00-05:00,43.0099983215332,43.029998779296875,42.869998931884766,43.0,148300,0.0,0.0,0.0
2021-12-21 00:00:00-05:00,42.970001220703125,43.29999923706055,42.970001220703125,43.27000045776367,120600,0.0,0.0,0.0
2021-12-22 00:00:00-05:00,43.22999954223633,43.459999084472656,43.22999954223633,43.459999084472656,147400,0.0,0.0,0.0
2021-12-23 00:00:00-05:00,43.52000045776367,43.68000030517578,43.47600173950195,43.63999938964844,90400,0.0,0.0,0.0
2021-12-27 00:00:00-05:00,43.34000015258789,43.529998779296875,43.310001373291016,43.529998779296875,38600,0.0,0.0,0.0
2021-12-28 00:00:00-05:00,43.4900016784668,43.65800094604492,43.4900016784668,43.619998931884766,81100,0.0,0.0,0.0
2021-12-29 00:00:00-05:00,42.97999954223633,43.029998779296875,42.79999923706055,42.970001220703125,141200,0.0,0.0,0.0
2021-12-30 00:00:00-05:00,43.189998626708984,43.4900016784668,43.18000030517578,43.45000076293945,67100,0.0,0.0,0.0
2021-12-31 00:00:00-05:00,43.56999969482422,43.66999816894531,43.5,43.599998474121094,594400,0.0,0.0,0.0
2022-01-03 00:00:00-05:00,43.599998474121094,43.599998474121094,43.40999984741211,43.540000915527344,48800,0.0,0.0,0.0
2022-01-04 00:00:00-05:00,43.220001220703125,43.29999923706055,43.0,43.040000915527344,57800,0.0,0.0,0.0
2022-01-05 00:00:00-05:00,42.90999984741211,42.90999984741211,42.36000061035156,42.38999938964844,358800,0.0,0.0,0.0
2022-01-06 00:00:00-05:00,42.2599983215332,42.30699920654297,42.13999938964844,42.220001220703125,185100,0.0,0.0,0.0
2022-01-07 00:00:00-05:00,42.040000915527344,42.25,41.93000030517578,42.25,57600,0.0,0.0,0.0
2022-01-10 00:00:00-05:00,42.209999084472656,42.25,42.08000183105469,42.22999954223633,67100,0.0,0.0,0.0
2022-01-11 00:00:00-05:00,41.939998626708984,42.08000183105469,41.81999969482422,42.06999969482422,100900,0.0,0.0,0.0
2022-01-12 00:00:00-05:00,42.56999969482422,42.86000061035156,42.540000915527344,42.81999969482422,197200,0.0,0.0,0.0
2022-01-13 00:00:00-05:00,41.939998626708984,41.939998626708984,41.61000061035156,41.619998931884766,143400,0.0,0.0,0.0
2022-01-14 00:00:00-05:00,41.599998474121094,41.630001068115234,41.439998626708984,41.59000015258789,66200,0.0,0.0,0.0
2022-01-18 00:00:00-05:00,42.04999923706055,42.29999923706055,41.97999954223633,42.25,191600,0.0,0.0,0.0
2022-01-19 00:00:00-05:00,42.20000076293945,42.2400016784668,42.0,42.0,102900,0.0,0.0,0.0
2022-01-20 00:00:00-05:00,42.38999938964844,42.61000061035156,42.279998779296875,42.31999969482422,145500,0.0,0.0,0.0
2022-01-21 00:00:00-05:00,41.95000076293945,42.0099983215332,41.70000076293945,41.72999954223633,75600,0.0,0.0,0.0
2022-01-24 00:00:00-05:00,41.7599983215332,41.95000076293945,41.41999816894531,41.84000015258789,127600,0.0,0.0,0.0
2022-01-25 00:00:00-05:00,41.029998779296875,41.2599983215332,40.88999938964844,41.11000061035156,169300,0.0,0.0,0.0
2022-01-26 00:00:00-05:00,41.59000015258789,41.75,41.077999114990234,41.13999938964844,187100,0.0,0.0,0.0
2022-01-27 00:00:00-05:00,40.58000183105469,40.630001068115234,40.209999084472656,40.25,367900,0.0,0.0,0.0
2022-01-28 00:00:00-05:00,39.709999084472656,39.84000015258789,39.459999084472656,39.79499816894531,116700,0.0,0.0,0.0
2022-01-31 00:00:00-05:00,39.900001525878906,40.2400016784668,39.75,40.189998626708984,128300,0.0,0.0,0.0
2022-02-01 00:00:00-05:00,40.189998626708984,40.25,40.099998474121094,40.18000030517578,296600,0.0,0.0,0.0
2022-02-02 00:00:00-05:00,40.459999084472656,40.4900016784668,40.189998626708984,40.22999954223633,107600,0.0,0.0,0.0
2022-02-03 00:00:00-05:00,40.119998931884766,40.27000045776367,40.029998779296875,40.04999923706055,228600,0.0,0.0,0.0
2022-02-04 00:00:00-05:00,40.099998474121094,40.310001373291016,40.09000015258789,40.18000030517578,58100,0.0,0.0,0.0
2022-02-07 00:00:00-05:00,40.279998779296875,40.380001068115234,40.209999084472656,40.279998779296875,105800,0.0,0.0,0.0
2022-02-08 00:00:00-05:00,40.220001220703125,40.29999923706055,40.18000030517578,40.279998779296875,110200,0.0,0.0,0.0
2022-02-09 00:00:00-05:00,40.630001068115234,40.720001220703125,40.4900016784668,40.599998474121094,558000,0.0,0.0,0.0
2022-02-10 00:00:00-05:00,40.40999984741211,40.66999816894531,40.380001068115234,40.52000045776367,62200,0.0,0.0,0.0
2022-02-11 00:00:00-05:00,40.08000183105469,40.15999984741211,39.59000015258789,39.66999816894531,122300,0.0,0.0,0.0
2022-02-14 00:00:00-05:00,39.66999816894531,39.709999084472656,39.47999954223633,39.619998931884766,77200,0.0,0.0,0.0
2022-02-15 00:00:00-05:00,40.47999954223633,40.5,40.279998779296875,40.439998626708984,57600,0.0,0.0,0.0
2022-02-16 00:00:00-05:00,40.599998474121094,40.68000030517578,40.400001525878906,40.619998931884766,271300,0.0,0.0,0.0
2022-02-17 00:00:00-05:00,40.59000015258789,40.63100051879883,40.459999084472656,40.5,67800,0.0,0.0,0.0
2022-02-18 00:00:00-05:00,40.86000061035156,40.869998931884766,40.689998626708984,40.75,50900,0.0,0.0,0.0
2022-02-22 00:00:00-05:00,40.31999969482422,40.439998626708984,40.15999984741211,40.2599983215332,91600,0.0,0.0,0.0
2022-02-23 00:00:00-05:00,40.84000015258789,40.869998931884766,40.58000183105469,40.59000015258789,70500,0.0,0.0,0.0
2022-02-24 00:00:00-05:00,39.75,40.41999816894531,39.470001220703125,40.41999816894531,1634200,0.0,0.0,0.0
2022-02-25 00:00:00-05:00,40.529998779296875,40.900001525878906,40.459999084472656,40.86000061035156,66400,0.0,0.0,0.0
2022-02-28 00:00:00-05:00,40.66999816894531,41.02000045776367,40.66999816894531,40.9900016784668,117000,0.0,0.0,0.0
2022-03-01 00:00:00-05:00,40.7400016784668,40.94499969482422,40.720001220703125,40.849998474121094,56400,0.0,0.0,0.0
2022-03-02 00:00:00-05:00,40.779998779296875,40.849998474121094,40.630001068115234,40.75,89000,0.0,0.0,0.0
2022-03-03 00:00:00-05:00,40.34000015258789,40.34000015258789,40.13100051879883,40.16999816894531,59800,0.0,0.0,0.0
2022-03-04 00:00:00-05:00,39.63999938964844,39.790000915527344,39.560001373291016,39.790000915527344,72700,0.0,0.0,0.0
2022-03-07 00:00:00-05:00,38.790000915527344,38.810001373291016,38.310001373291016,38.38999938964844,142500,0.0,0.0,0.0
2022-03-08 00:00:00-05:00,37.900001525878906,38.07500076293945,37.599998474121094,37.83000183105469,137800,0.0,0.0,0.0
2022-03-09 00:00:00-05:00,37.720001220703125,37.75,37.529998779296875,37.720001220703125,58100,0.0,0.0,0.0
2022-03-10 00:00:00-05:00,37.75,37.900001525878906,37.58000183105469,37.70000076293945,107200,0.0,0.0,0.0
2022-03-11 00:00:00-05:00,38.0,38.06999969482422,37.5,37.58000183105469,91700,0.0,0.0,0.0
2022-03-14 00:00:00-04:00,36.459999084472656,36.560001373291016,35.86000061035156,35.869998931884766,1750100,0.0,0.0,0.0
2022-03-15 00:00:00-04:00,34.619998931884766,35.15999984741211,34.29999923706055,34.54999923706055,810400,0.0,0.0,0.0
2022-03-16 00:00:00-04:00,37.349998474121094,38.2400016784668,37.33000183105469,37.900001525878906,243700,0.0,0.0,0.0
2022-03-17 00:00:00-04:00,37.130001068115234,37.33000183105469,36.86000061035156,37.310001373291016,114200,0.0,0.0,0.0
2022-03-18 00:00:00-04:00,37.279998779296875,38.0099983215332,37.20000076293945,38.0099983215332,200800,0.0,0.0,0.0
2022-03-21 00:00:00-04:00,37.720001220703125,37.720001220703125,37.310001373291016,37.529998779296875,162900,0.0,0.0,0.0
2022-03-22 00:00:00-04:00,37.56999969482422,37.749000549316406,37.4900016784668,37.619998931884766,124800,0.0,0.0,0.0
2022-03-23 00:00:00-04:00,37.220001220703125,37.59000015258789,37.220001220703125,37.47999954223633,92800,0.0,0.0,0.0
2022-03-24 00:00:00-04:00,37.220001220703125,37.43000030517578,37.220001220703125,37.400001525878906,57300,0.0,0.0,0.0
2022-03-25 00:00:00-04:00,36.720001220703125,36.77000045776367,36.599998474121094,36.709999084472656,80800,0.0,0.0,0.0
2022-03-28 00:00:00-04:00,36.5099983215332,36.5099983215332,36.310001373291016,36.4900016784668,82000,0.0,0.0,0.0
2022-03-29 00:00:00-04:00,36.5099983215332,36.599998474121094,36.42100143432617,36.560001373291016,58800,0.0,0.0,0.0
2022-03-30 00:00:00-04:00,37.40999984741211,37.5,37.34000015258789,37.380001068115234,56700,0.0,0.0,0.0
2022-03-31 00:00:00-04:00,37.06999969482422,37.150001525878906,36.900001525878906,36.900001525878906,53200,0.0,0.0,0.0
2022-04-01 00:00:00-04:00,37.75,37.75,37.439998626708984,37.599998474121094,69200,0.0,0.0,0.0
2022-04-04 00:00:00-04:00,37.599998474121094,37.709999084472656,37.52000045776367,37.650001525878906,51700,0.0,0.0,0.0
2022-04-05 00:00:00-04:00,37.68000030517578,37.68000030517578,37.10499954223633,37.130001068115234,91100,0.0,0.0,0.0
2022-04-06 00:00:00-04:00,37.189998626708984,37.2400016784668,36.970001220703125,37.060001373291016,59200,0.0,0.0,0.0
2022-04-07 00:00:00-04:00,36.81999969482422,36.869998931884766,36.68899917602539,36.790000915527344,61600,0.0,0.0,0.0
2022-04-08 00:00:00-04:00,36.90999984741211,37.02000045776367,36.810001373291016,36.869998931884766,914200,0.0,0.0,0.0
2022-04-11 00:00:00-04:00,36.0099983215332,36.02000045776367,35.63999938964844,35.689998626708984,100700,0.0,0.0,0.0
2022-04-12 00:00:00-04:00,36.40999984741211,36.49800109863281,36.2599983215332,36.2599983215332,55900,0.0,0.0,0.0
2022-04-13 00:00:00-04:00,35.97999954223633,36.38999938964844,35.97999954223633,36.349998474121094,91900,0.0,0.0,0.0
2022-04-14 00:00:00-04:00,36.54999923706055,36.54999923706055,36.380001068115234,36.45000076293945,103300,0.0,0.0,0.0
2022-04-18 00:00:00-04:00,36.310001373291016,36.41999816894531,36.27000045776367,36.349998474121094,48900,0.0,0.0,0.0
2022-04-19 00:00:00-04:00,35.82500076293945,35.9900016784668,35.720001220703125,35.75,2629400,0.0,0.0,0.0
2022-04-20 00:00:00-04:00,35.279998779296875,35.279998779296875,34.97999954223633,34.9900016784668,271500,0.0,0.0,0.0
2022-04-21 00:00:00-04:00,34.36000061035156,34.36000061035156,33.90999984741211,33.970001220703125,82700,0.0,0.0,0.0
2022-04-22 00:00:00-04:00,34.0099983215332,34.08000183105469,33.7599983215332,33.88999938964844,81300,0.0,0.0,0.0
2022-04-25 00:00:00-04:00,31.950000762939453,32.0099983215332,31.59000015258789,31.90999984741211,588600,0.0,0.0,0.0
2022-04-26 00:00:00-04:00,31.729999542236328,31.729999542236328,31.309999465942383,31.309999465942383,408800,0.0,0.0,0.0
2022-04-27 00:00:00-04:00,32.54999923706055,32.81999969482422,32.54999923706055,32.689998626708984,316900,0.0,0.0,0.0
2022-04-28 00:00:00-04:00,32.650001525878906,32.650001525878906,32.224998474121094,32.599998474121094,1189000,0.0,0.0,0.0
2022-04-29 00:00:00-04:00,33.310001373291016,33.439998626708984,33.095001220703125,33.11000061035156,102000,0.0,0.0,0.0
2022-05-02 00:00:00-04:00,32.77000045776367,33.02000045776367,32.744998931884766,33.02000045776367,43800,0.0,0.0,0.0
2022-05-03 00:00:00-04:00,33.25,33.47999954223633,33.189998626708984,33.470001220703125,386400,0.0,0.0,0.0
2022-05-04 00:00:00-04:00,33.16999816894531,33.59299850463867,32.98500061035156,33.529998779296875,67900,0.0,0.0,0.0
2022-05-05 00:00:00-04:00,33.189998626708984,33.27000045776367,32.47999954223633,32.68000030517578,221500,0.0,0.0,0.0
2022-05-06 00:00:00-04:00,32.20000076293945,32.45399856567383,32.025001525878906,32.29999923706055,174800,0.0,0.0,0.0
2022-05-09 00:00:00-04:00,31.719999313354492,32.04999923706055,31.56599998474121,31.65999984741211,180100,0.0,0.0,0.0
2022-05-10 00:00:00-04:00,32.2400016784668,32.27399826049805,31.979999542236328,32.189998626708984,43500,0.0,0.0,0.0
2022-05-11 00:00:00-04:00,32.84000015258789,32.95000076293945,32.58000183105469,32.599998474121094,66200,0.0,0.0,0.0
2022-05-12 00:00:00-04:00,32.2599983215332,32.70000076293945,32.25,32.459999084472656,55900,0.0,0.0,0.0
2022-05-13 00:00:00-04:00,32.720001220703125,32.92900085449219,32.65999984741211,32.880001068115234,28200,0.0,0.0,0.0
2022-05-16 00:00:00-04:00,32.630001068115234,32.709999084472656,32.540000915527344,32.619998931884766,156100,0.0,0.0,0.0
2022-05-17 00:00:00-04:00,33.15999984741211,33.31999969482422,33.060001373291016,33.224998474121094,36000,0.0,0.0,0.0
2022-05-18 00:00:00-04:00,33.029998779296875,33.040000915527344,32.540000915527344,32.56999969482422,67400,0.0,0.0,0.0
2022-05-19 00:00:00-04:00,33.25,33.58000183105469,33.25,33.56999969482422,271200,0.0,0.0,0.0
2022-05-20 00:00:00-04:00,34.16999816894531,34.27000045776367,33.880001068115234,34.130001068115234,70400,0.0,0.0,0.0
2022-05-23 00:00:00-04:00,34.15999984741211,34.29600143432617,34.14400100708008,34.2599983215332,29500,0.0,0.0,0.0
2022-05-24 00:00:00-04:00,33.47999954223633,33.47999954223633,33.220001220703125,33.31999969482422,12900,0.0,0.0,0.0
2022-05-25 00:00:00-04:00,33.279998779296875,33.400001525878906,33.20000076293945,33.33000183105469,18300,0.0,0.0,0.0
2022-05-26 00:00:00-04:00,33.31999969482422,33.48500061035156,33.209999084472656,33.43000030517578,34800,0.0,0.0,0.0
2022-05-27 00:00:00-04:00,33.65399932861328,33.70000076293945,33.58000183105469,33.66999816894531,208600,0.0,0.0,0.0
2022-05-31 00:00:00-04:00,34.70000076293945,34.70000076293945,34.45000076293945,34.470001220703125,118300,0.0,0.0,0.0
2022-06-01 00:00:00-04:00,34.68000030517578,34.68000030517578,34.11000061035156,34.220001220703125,188300,0.0,0.0,0.0
2022-06-02 00:00:00-04:00,34.63999938964844,35.13999938964844,34.59000015258789,35.13999938964844,212500,0.0,0.0,0.0
2022-06-03 00:00:00-04:00,35.11000061035156,35.13999938964844,34.86000061035156,34.900001525878906,17100,0.0,0.0,0.0
2022-06-06 00:00:00-04:00,35.599998474121094,35.599998474121094,35.20000076293945,35.220001220703125,2254400,0.0,0.0,0.0
2022-06-07 00:00:00-04:00,35.4900016784668,35.72999954223633,35.310001373291016,35.709999084472656,217600,0.0,0.0,0.0
2022-06-08 00:00:00-04:00,35.70000076293945,35.77000045776367,35.56999969482422,35.66999816894531,92800,0.0,0.0,0.0
2022-06-09 00:00:00-04:00,35.209999084472656,35.209999084472656,34.880001068115234,34.970001220703125,145800,0.0,0.0,0.0
2022-06-10 00:00:00-04:00,35.599998474121094,35.599998474121094,35.25,35.25,43300,0.0,0.0,0.0
2022-06-13 00:00:00-04:00,34.86000061035156,35.040000915527344,34.58000183105469,34.619998931884766,48100,0.0,0.0,0.0
2022-06-14 00:00:00-04:00,35.220001220703125,35.45000076293945,35.220001220703125,35.32099914550781,203600,0.0,0.0,0.0
2022-06-15 00:00:00-04:00,35.97999954223633,36.52000045776367,35.90999984741211,36.41999816894531,162600,0.0,0.0,0.0
2022-06-16 00:00:00-04:00,35.720001220703125,35.90999984741211,35.459999084472656,35.79999923706055,303500,0.0,0.0,0.0
2022-06-17 00:00:00-04:00,36.40999984741211,36.540000915527344,36.15999984741211,36.41999816894531,143900,0.0,0.0,0.0
2022-06-21 00:00:00-04:00,36.529998779296875,36.72999954223633,36.47999954223633,36.689998626708984,264500,0.0,0.0,0.0
2022-06-22 00:00:00-04:00,36.060001373291016,36.220001220703125,35.9900016784668,36.060001373291016,144400,0.0,0.0,0.0
2022-06-23 00:00:00-04:00,36.72999954223633,36.849998474121094,36.619998931884766,36.7400016784668,111900,0.0,0.0,0.0
2022-06-24 00:00:00-04:00,37.209999084472656,37.400001525878906,37.150001525878906,37.36000061035156,352000,0.0,0.0,0.0
2022-06-27 00:00:00-04:00,37.63999938964844,37.63999938964844,37.474998474121094,37.5,129000,0.0,0.0,0.0
2022-06-28 00:00:00-04:00,37.86000061035156,37.900001525878906,37.5099983215332,37.56999969482422,347800,0.0,0.0,0.0
2022-06-29 00:00:00-04:00,37.45000076293945,37.470001220703125,37.22999954223633,37.279998779296875,168700,0.0,0.0,0.0
2022-06-30 00:00:00-04:00,37.900001525878906,38.060001373291016,37.77000045776367,38.04999923706055,67300,0.0,0.0,0.0
2022-07-01 00:00:00-04:00,37.7400016784668,37.970001220703125,37.68000030517578,37.939998626708984,86300,0.0,0.0,0.0
2022-07-05 00:00:00-04:00,37.41999816894531,37.91999816894531,37.40999984741211,37.91999816894531,229100,0.0,0.0,0.0
2022-07-06 00:00:00-04:00,37.43000030517578,37.45000076293945,37.220001220703125,37.31999969482422,189300,0.0,0.0,0.0
2022-07-07 00:00:00-04:00,37.650001525878906,37.93000030517578,37.61000061035156,37.61000061035156,101000,0.0,0.0,0.0
2022-07-08 00:00:00-04:00,37.529998779296875,37.66999816894531,37.380001068115234,37.61000061035156,74900,0.0,0.0,0.0
2022-07-11 00:00:00-04:00,36.68000030517578,36.709999084472656,36.5,36.5099983215332,471400,0.0,0.0,0.0
2022-07-12 00:00:00-04:00,36.209999084472656,36.400001525878906,36.16999816894531,36.209999084472656,87700,0.0,0.0,0.0
2022-07-13 00:00:00-04:00,36.099998474121094,36.40999984741211,36.029998779296875,36.27000045776367,171200,0.0,0.0,0.0
2022-07-14 00:00:00-04:00,36.13999938964844,36.31999969482422,35.88999938964844,36.290000915527344,83200,0.0,0.0,0.0
2022-07-15 00:00:00-04:00,35.68000030517578,35.75,35.43000030517578,35.72999954223633,136900,0.0,0.0,0.0
2022-07-18 00:00:00-04:00,36.380001068115234,36.380001068115234,36.040000915527344,36.040000915527344,68700,0.0,0.0,0.0
2022-07-19 00:00:00-04:00,36.220001220703125,36.2400016784668,36.13999938964844,36.16999816894531,253300,0.0,0.0,0.0
2022-07-20 00:00:00-04:00,36.150001525878906,36.20000076293945,35.939998626708984,36.02000045776367,191400,0.0,0.0,0.0
2022-07-21 00:00:00-04:00,35.63999938964844,35.84000015258789,35.63999938964844,35.790000915527344,220900,0.0,0.0,0.0
2022-07-22 00:00:00-04:00,35.709999084472656,35.84000015258789,35.5099983215332,35.59000015258789,64700,0.0,0.0,0.0
2022-07-25 00:00:00-04:00,35.61000061035156,35.650001525878906,35.529998779296875,35.599998474121094,32000,0.0,0.0,0.0
2022-07-26 00:00:00-04:00,35.83000183105469,35.83000183105469,35.58000183105469,35.59000015258789,74400,0.0,0.0,0.0
2022-07-27 00:00:00-04:00,35.779998779296875,35.939998626708984,35.65999984741211,35.900001525878906,298300,0.0,0.0,0.0
2022-07-28 00:00:00-04:00,35.810001373291016,35.810001373291016,35.540000915527344,35.779998779296875,186200,0.0,0.0,0.0
2022-07-29 00:00:00-04:00,35.15999984741211,35.284000396728516,35.055999755859375,35.27000045776367,110100,0.0,0.0,0.0
2022-08-01 00:00:00-04:00,35.22999954223633,35.22999954223633,34.900001525878906,35.060001373291016,194100,0.0,0.0,0.0
2022-08-02 00:00:00-04:00,34.56999969482422,34.939998626708984,34.529998779296875,34.66999816894531,203200,0.0,0.0,0.0
2022-08-03 00:00:00-04:00,34.439998626708984,34.529998779296875,34.349998474121094,34.470001220703125,89400,0.0,0.0,0.0
2022-08-04 00:00:00-04:00,34.63999938964844,34.83000183105469,34.63999938964844,34.77000045776367,30600,0.0,0.0,0.0
2022-08-05 00:00:00-04:00,34.88999938964844,35.130001068115234,34.88999938964844,35.119998931884766,63600,0.0,0.0,0.0
2022-08-08 00:00:00-04:00,35.20000076293945,35.29999923706055,35.11000061035156,35.2400016784668,111100,0.0,0.0,0.0
2022-08-09 00:00:00-04:00,35.369998931884766,35.369998931884766,35.2400016784668,35.279998779296875,77800,0.0,0.0,0.0
2022-08-10 00:00:00-04:00,35.209999084472656,35.36000061035156,35.17100143432617,35.279998779296875,19900,0.0,0.0,0.0
2022-08-11 00:00:00-04:00,35.689998626708984,36.0,35.630001068115234,35.709999084472656,64900,0.0,0.0,0.0
2022-08-12 00:00:00-04:00,35.5099983215332,35.810001373291016,35.5099983215332,35.79999923706055,57600,0.0,0.0,0.0
2022-08-15 00:00:00-04:00,35.34000015258789,35.540000915527344,35.34000015258789,35.369998931884766,86400,0.0,0.0,0.0
2022-08-16 00:00:00-04:00,35.290000915527344,35.5099983215332,35.290000915527344,35.4900016784668,31500,0.0,0.0,0.0
2022-08-17 00:00:00-04:00,35.63999938964844,35.7400016784668,35.56999969482422,35.68000030517578,33700,0.0,0.0,0.0
2022-08-18 00:00:00-04:00,35.380001068115234,35.459999084472656,35.31999969482422,35.369998931884766,28700,0.0,0.0,0.0
2022-08-19 00:00:00-04:00,34.90999984741211,35.0,34.720001220703125,34.779998779296875,18300,0.0,0.0,0.0
2022-08-22 00:00:00-04:00,35.0,35.0099983215332,34.93000030517578,34.95000076293945,36200,0.0,0.0,0.0
2022-08-23 00:00:00-04:00,35.040000915527344,35.29499816894531,35.040000915527344,35.16999816894531,249200,0.0,0.0,0.0
2022-08-24 00:00:00-04:00,34.349998474121094,34.4900016784668,34.279998779296875,34.349998474121094,62500,0.0,0.0,0.0
2022-08-25 00:00:00-04:00,34.60499954223633,34.869998931884766,34.58000183105469,34.81999969482422,59600,0.0,0.0,0.0
2022-08-26 00:00:00-04:00,34.709999084472656,34.79999923706055,34.22999954223633,34.25,85700,0.0,0.0,0.0
2022-08-29 00:00:00-04:00,34.130001068115234,34.220001220703125,34.04999923706055,34.08000183105469,20400,0.0,0.0,0.0
2022-08-30 00:00:00-04:00,33.91999816894531,34.0,33.63999938964844,33.7599983215332,359100,0.0,0.0,0.0
2022-08-31 00:00:00-04:00,33.970001220703125,33.970001220703125,33.720001220703125,33.7400016784668,223100,0.0,0.0,0.0
2022-09-01 00:00:00-04:00,33.75,33.77000045776367,33.529998779296875,33.65999984741211,34400,0.0,0.0,0.0
2022-09-02 00:00:00-04:00,33.380001068115234,33.5,33.220001220703125,33.22999954223633,78400,0.0,0.0,0.0
2022-09-06 00:00:00-04:00,33.380001068115234,33.45000076293945,33.24800109863281,33.31999969482422,72000,0.0,0.0,0.0
2022-09-07 00:00:00-04:00,33.400001525878906,33.70000076293945,33.400001525878906,33.70000076293945,23800,0.0,0.0,0.0
2022-09-08 00:00:00-04:00,33.380001068115234,33.52000045776367,33.349998474121094,33.47999954223633,25300,0.0,0.0,0.0
2022-09-09 00:00:00-04:00,33.880001068115234,33.994998931884766,33.849998474121094,33.93000030517578,26500,0.0,0.0,0.0
2022-09-12 00:00:00-04:00,34.0099983215332,34.125,33.939998626708984,34.09000015258789,31400,0.0,0.0,0.0
2022-09-13 00:00:00-04:00,33.4900016784668,33.72999954223633,33.38999938964844,33.45000076293945,74200,0.0,0.0,0.0
2022-09-14 00:00:00-04:00,33.689998626708984,33.689998626708984,33.529998779296875,33.560001373291016,14900,0.0,0.0,0.0
2022-09-15 00:00:00-04:00,33.0,33.099998474121094,32.81999969482422,32.81999969482422,45700,0.0,0.0,0.0
2022-09-16 00:00:00-04:00,32.18000030517578,32.209999084472656,32.0099983215332,32.209999084472656,138300,0.0,0.0,0.0
2022-09-19 00:00:00-04:00,32.040000915527344,32.22999954223633,32.040000915527344,32.22999954223633,70500,0.0,0.0,0.0
2022-09-20 00:00:00-04:00,32.150001525878906,32.150001525878906,32.0,32.02000045776367,91400,0.0,0.0,0.0
2022-09-21 00:00:00-04:00,31.860000610351562,31.90999984741211,31.600000381469727,31.6299991607666,26200,0.0,0.0,0.0
2022-09-22 00:00:00-04:00,31.700000762939453,31.700000762939453,31.469999313354492,31.489999771118164,65900,0.0,0.0,0.0
2022-09-23 00:00:00-04:00,30.979999542236328,31.09000015258789,30.850000381469727,30.950000762939453,143900,0.0,0.0,0.0
2022-09-26 00:00:00-04:00,30.8799991607666,31.010000228881836,30.75200080871582,30.790000915527344,43000,0.0,0.0,0.0
2022-09-27 00:00:00-04:00,31.260000228881836,31.315000534057617,31.020000457763672,31.110000610351562,66900,0.0,0.0,0.0
2022-09-28 00:00:00-04:00,30.760000228881836,31.13800048828125,30.579999923706055,31.040000915527344,73500,0.0,0.0,0.0
2022-09-29 00:00:00-04:00,30.950000762939453,31.139999389648438,30.84000015258789,31.100000381469727,181400,0.0,0.0,0.0
2022-09-30 00:00:00-04:00,30.610000610351562,30.780000686645508,30.579999923706055,30.6299991607666,75000,0.0,0.0,0.0
2022-10-03 00:00:00-04:00,30.520000457763672,30.780000686645508,30.40999984741211,30.75,48800,0.0,0.0,0.0
2022-10-04 00:00:00-04:00,31.31999969482422,31.79800033569336,31.299999237060547,31.760000228881836,88400,0.0,0.0,0.0
2022-10-05 00:00:00-04:00,31.950000762939453,32.09000015258789,31.799999237060547,32.0,110100,0.0,0.0,0.0
2022-10-06 00:00:00-04:00,31.8799991607666,31.8799991607666,31.739999771118164,31.760000228881836,37500,0.0,0.0,0.0
2022-10-07 00:00:00-04:00,31.399999618530273,31.450000762939453,31.079999923706055,31.1200008392334,38600,0.0,0.0,0.0
2022-10-10 00:00:00-04:00,30.09000015258789,30.139999389648438,29.799999237060547,29.93000030517578,155200,0.0,0.0,0.0
2022-10-11 00:00:00-04:00,29.93000030517578,30.100000381469727,29.799999237060547,29.940000534057617,343600,0.0,0.0,0.0
2022-10-12 00:00:00-04:00,30.020000457763672,30.17300033569336,30.020000457763672,30.100000381469727,118700,0.0,0.0,0.0
2022-10-13 00:00:00-04:00,29.68000030517578,30.3799991607666,29.649999618530273,30.280000686645508,215300,0.0,0.0,0.0
2022-10-14 00:00:00-04:00,30.690000534057617,30.770000457763672,30.459999084472656,30.510000228881836,85400,0.0,0.0,0.0
2022-10-17 00:00:00-04:00,30.860000610351562,31.079999923706055,30.860000610351562,30.950000762939453,71500,0.0,0.0,0.0
2022-10-18 00:00:00-04:00,30.8700008392334,30.8700008392334,30.469999313354492,30.579999923706055,65500,0.0,0.0,0.0
2022-10-19 00:00:00-04:00,29.959999084472656,29.989999771118164,29.809999465942383,29.8799991607666,106100,0.0,0.0,0.0
2022-10-20 00:00:00-04:00,30.049999237060547,30.34000015258789,29.959999084472656,29.989999771118164,50200,0.0,0.0,0.0
2022-10-21 00:00:00-04:00,29.84000015258789,30.190000534057617,29.84000015258789,30.18000030517578,40100,0.0,0.0,0.0
2022-10-24 00:00:00-04:00,28.700000762939453,28.81999969482422,28.579999923706055,28.719999313354492,380100,0.0,0.0,0.0
2022-10-25 00:00:00-04:00,28.65999984741211,28.899999618530273,28.65999984741211,28.829999923706055,34800,0.0,0.0,0.0
2022-10-26 00:00:00-04:00,29.270000457763672,29.739999771118164,29.270000457763672,29.65999984741211,80000,0.0,0.0,0.0
2022-10-27 00:00:00-04:00,28.979999542236328,29.110000610351562,28.850000381469727,28.899999618530273,339300,0.0,0.0,0.0
2022-10-28 00:00:00-04:00,28.270000457763672,28.290000915527344,28.163000106811523,28.260000228881836,32400,0.0,0.0,0.0
2022-10-31 00:00:00-04:00,27.75,27.81999969482422,27.68000030517578,27.700000762939453,42800,0.0,0.0,0.0
2022-11-01 00:00:00-04:00,28.760000228881836,28.8799991607666,28.600000381469727,28.649999618530273,49000,0.0,0.0,0.0
2022-11-02 00:00:00-04:00,29.0,29.200000762939453,28.809999465942383,28.850000381469727,32100,0.0,0.0,0.0
2022-11-03 00:00:00-04:00,28.71500015258789,29.079999923706055,28.71500015258789,29.040000915527344,56300,0.0,0.0,0.0
2022-11-04 00:00:00-04:00,30.6200008392334,30.940000534057617,30.469999313354492,30.8700008392334,138300,0.0,0.0,0.0
2022-11-07 00:00:00-05:00,30.43000030517578,30.5,30.239999771118164,30.31999969482422,66100,0.0,0.0,0.0
2022-11-08 00:00:00-05:00,30.104999542236328,30.25,29.989999771118164,30.15999984741211,50400,0.0,0.0,0.0
2022-11-09 00:00:00-05:00,29.829999923706055,29.8799991607666,29.520000457763672,29.520000457763672,56200,0.0,0.0,0.0
2022-11-10 00:00:00-05:00,30.350000381469727,30.65999984741211,30.219999313354492,30.6299991607666,41400,0.0,0.0,0.0
2022-11-11 00:00:00-05:00,31.110000610351562,31.3700008392334,31.110000610351562,31.229999542236328,116100,0.0,0.0,0.0
2022-11-14 00:00:00-05:00,31.170000076293945,31.219999313354492,30.969999313354492,31.110000610351562,34600,0.0,0.0,0.0
2022-11-15 00:00:00-05:00,31.850000381469727,31.959999084472656,31.731000900268555,31.8799991607666,85400,0.0,0.0,0.0
2022-11-16 00:00:00-05:00,31.329999923706055,31.3700008392334,31.13800048828125,31.200000762939453,73800,0.0,0.0,0.0
2022-11-17 00:00:00-05:00,30.719999313354492,31.030000686645508,30.670000076293945,31.010000228881836,61700,0.0,0.0,0.0
2022-11-18 00:00:00-05:00,30.940000534057617,30.959999084472656,30.84000015258789,30.927000045776367,40100,0.0,0.0,0.0
2022-11-21 00:00:00-05:00,30.5,30.530000686645508,30.368000030517578,30.510000228881836,40600,0.0,0.0,0.0
2022-11-22 00:00:00-05:00,30.559999465942383,30.690000534057617,30.559999465942383,30.59000015258789,75800,0.0,0.0,0.0
2022-11-23 00:00:00-05:00,30.520000457763672,30.6200008392334,30.489999771118164,30.59000015258789,57300,0.0,0.0,0.0
2022-11-25 00:00:00-05:00,30.280000686645508,30.350000381469727,30.209999084472656,30.209999084472656,16300,0.0,0.0,0.0
2022-11-28 00:00:00-05:00,29.975000381469727,30.219999313354492,29.950000762939453,30.0,68400,0.0,0.0,0.0
2022-11-29 00:00:00-05:00,31.010000228881836,31.389999389648438,30.979999542236328,31.389999389648438,313600,0.0,0.0,0.0
2022-11-30 00:00:00-05:00,31.8700008392334,32.130001068115234,31.719999313354492,32.130001068115234,154000,0.0,0.0,0.0
2022-12-01 00:00:00-05:00,32.06999969482422,32.099998474121094,31.885000228881836,31.90999984741211,89100,0.0,0.0,0.0
2022-12-02 00:00:00-05:00,31.6299991607666,32.369998931884766,31.6299991607666,32.29999923706055,70400,0.0,0.0,0.0
2022-12-05 00:00:00-05:00,32.68000030517578,32.68000030517578,32.400001525878906,32.470001220703125,87100,0.0,0.0,0.0
2022-12-06 00:00:00-05:00,32.79999923706055,32.81999969482422,32.60499954223633,32.81999969482422,404400,0.0,0.0,0.0
2022-12-07 00:00:00-05:00,32.709999084472656,32.77000045776367,32.56999969482422,32.72999954223633,45400,0.0,0.0,0.0
2022-12-08 00:00:00-05:00,32.880001068115234,32.97999954223633,32.369998931884766,32.68000030517578,5812800,0.0,0.0,0.0
2022-12-09 00:00:00-05:00,32.959999084472656,32.959999084472656,32.54999923706055,32.56999969482422,358500,0.0,0.0,0.0
2022-12-12 00:00:00-05:00,32.529998779296875,32.529998779296875,32.29999923706055,32.470001220703125,130400,0.0,0.0,0.0
2022-12-13 00:00:00-05:00,32.11000061035156,32.13999938964844,31.700000762939453,31.719999313354492,163700,0.0,0.0,0.0
2022-12-14 00:00:00-05:00,31.8700008392334,31.94499969482422,31.649999618530273,31.829999923706055,102200,0.0,0.0,0.0
2022-12-15 00:00:00-05:00,31.899999618530273,31.950000762939453,31.5,31.6200008392334,59400,0.0,0.0,0.0
2022-12-16 00:00:00-05:00,31.559999465942383,31.690000534057617,31.510000228881836,31.56999969482422,883900,0.0,0.0,0.0
2022-12-19 00:00:00-05:00,31.329999923706055,31.329999923706055,30.959999084472656,31.040000915527344,132800,0.0,0.0,0.0
2022-12-20 00:00:00-05:00,30.65999984741211,30.850000381469727,30.65999984741211,30.799999237060547,499100,0.0,0.0,0.0
2022-12-21 00:00:00-05:00,30.75,30.836000442504883,30.670000076293945,30.729999542236328,200100,0.0,0.0,0.0
2022-12-22 00:00:00-05:00,30.610000610351562,30.610000610351562,30.25,30.31999969482422,185400,0.0,0.0,0.0
2022-12-23 00:00:00-05:00,30.450000762939453,30.450000762939453,30.334999084472656,30.389999389648438,22000,0.0,0.0,0.0
2022-12-27 00:00:00-05:00,31.200000762939453,31.368000030517578,31.179000854492188,31.34000015258789,67300,0.0,0.0,0.0
2022-12-28 00:00:00-05:00,31.06999969482422,31.1200008392334,30.799999237060547,30.829999923706055,225500,0.0,0.0,0.0
2022-12-29 00:00:00-05:00,31.110000610351562,31.190000534057617,31.020000457763672,31.190000534057617,187400,0.0,0.0,0.0
2022-12-30 00:00:00-05:00,31.299999237060547,31.450000762939453,31.16900062561035,31.219999313354492,148000,0.0,0.0,0.0
2023-01-03 00:00:00-05:00,31.559999465942383,31.729999542236328,31.479999542236328,31.5,45600,0.0,0.0,0.0
2023-01-04 00:00:00-05:00,31.770000457763672,31.989999771118164,31.6299991607666,31.979999542236328,122100,0.0,0.0,0.0
2023-01-05 00:00:00-05:00,32.25,32.349998474121094,32.119998931884766,32.34000015258789,80300,0.0,0.0,0.0
2023-01-06 00:00:00-05:00,32.68000030517578,32.95000076293945,32.54999923706055,32.95000076293945,54500,0.0,0.0,0.0
2023-01-09 00:00:00-05:00,33.209999084472656,33.31999969482422,33.119998931884766,33.13999938964844,113200,0.0,0.0,0.0
2023-01-10 00:00:00-05:00,33.220001220703125,33.279998779296875,33.09000015258789,33.27000045776367,49400,0.0,0.0,0.0
2023-01-11 00:00:00-05:00,33.220001220703125,33.334999084472656,33.15999984741211,33.31999969482422,405700,0.0,0.0,0.0
2023-01-12 00:00:00-05:00,33.400001525878906,33.56999969482422,33.25,33.52000045776367,94500,0.0,0.0,0.0
2023-01-13 00:00:00-05:00,33.86000061035156,34.02000045776367,33.83000183105469,33.970001220703125,68100,0.0,0.0,0.0
2023-01-17 00:00:00-05:00,34.060001373291016,34.13999938964844,33.9900016784668,34.099998474121094,55500,0.0,0.0,0.0
2023-01-18 00:00:00-05:00,34.220001220703125,34.2599983215332,33.959999084472656,33.959999084472656,117200,0.0,0.0,0.0
2023-01-19 00:00:00-05:00,34.189998626708984,34.31999969482422,34.18000030517578,34.29999923706055,124200,0.0,0.0,0.0
2023-01-20 00:00:00-05:00,34.459999084472656,34.619998931884766,34.32400131225586,34.59000015258789,177600,0.0,0.0,0.0
2023-01-23 00:00:00-05:00,34.79999923706055,34.95000076293945,34.709999084472656,34.83000183105469,203900,0.0,0.0,0.0
2023-01-24 00:00:00-05:00,34.84000015258789,34.86000061035156,34.68000030517578,34.790000915527344,127900,0.0,0.0,0.0
2023-01-25 00:00:00-05:00,34.880001068115234,35.04999923706055,34.75299835205078,35.04999923706055,70400,0.0,0.0,0.0
2023-01-26 00:00:00-05:00,35.290000915527344,35.470001220703125,35.26499938964844,35.380001068115234,104600,0.0,0.0,0.0
2023-01-27 00:00:00-05:00,35.45000076293945,35.45000076293945,35.17300033569336,35.369998931884766,86600,0.0,0.0,0.0
2023-01-30 00:00:00-05:00,34.81999969482422,34.880001068115234,34.70000076293945,34.7400016784668,65000,0.0,0.0,0.0
2023-01-31 00:00:00-05:00,34.529998779296875,34.54999923706055,34.349998474121094,34.52000045776367,73300,0.0,0.0,0.0
2023-02-01 00:00:00-05:00,34.689998626708984,35.16999816894531,34.64699935913086,34.97999954223633,135500,0.0,0.0,0.0
2023-02-02 00:00:00-05:00,34.959999084472656,34.970001220703125,34.43899917602539,34.5,187000,0.0,0.0,0.0
2023-02-03 00:00:00-05:00,34.20000076293945,34.20000076293945,33.65999984741211,33.65999984741211,199500,0.0,0.0,0.0
2023-02-06 00:00:00-05:00,33.5,33.630001068115234,33.310001373291016,33.560001373291016,181900,0.0,0.0,0.0
2023-02-07 00:00:00-05:00,33.61000061035156,33.70000076293945,33.47999954223633,33.70000076293945,30500,0.0,0.0,0.0
2023-02-08 00:00:00-05:00,33.529998779296875,33.54999923706055,33.34000015258789,33.45000076293945,58700,0.0,0.0,0.0
2023-02-09 00:00:00-05:00,34.125,34.16999816894531,33.91999816894531,34.02000045776367,45000,0.0,0.0,0.0
2023-02-10 00:00:00-05:00,33.75,33.75,33.47999954223633,33.52000045776367,40600,0.0,0.0,0.0
2023-02-13 00:00:00-05:00,34.029998779296875,34.20000076293945,33.90999984741211,34.150001525878906,112600,0.0,0.0,0.0
2023-02-14 00:00:00-05:00,33.9900016784668,34.099998474121094,33.84000015258789,33.95000076293945,104000,0.0,0.0,0.0
2023-02-15 00:00:00-05:00,33.689998626708984,33.709999084472656,33.599998474121094,33.709999084472656,25100,0.0,0.0,0.0
2023-02-16 00:00:00-05:00,33.119998931884766,33.29999923706055,33.029998779296875,33.16999816894531,93900,0.0,0.0,0.0
2023-02-17 00:00:00-05:00,32.7400016784668,32.75,32.56999969482422,32.70000076293945,67800,0.0,0.0,0.0
2023-02-21 00:00:00-05:00,33.36000061035156,33.59000015258789,33.33000183105469,33.369998931884766,32600,0.0,0.0,0.0
2023-02-22 00:00:00-05:00,33.34000015258789,33.34000015258789,33.11000061035156,33.189998626708984,26500,0.0,0.0,0.0
2023-02-23 00:00:00-05:00,33.29999923706055,33.34000015258789,32.97100067138672,33.08000183105469,40400,0.0,0.0,0.0
2023-02-24 00:00:00-05:00,32.459999084472656,32.459999084472656,32.13999938964844,32.220001220703125,51400,0.0,0.0,0.0
2023-02-27 00:00:00-05:00,32.56999969482422,32.70000076293945,32.5099983215332,32.5099983215332,380300,0.0,0.0,0.0
2023-02-28 00:00:00-05:00,32.599998474121094,32.79499816894531,32.599998474121094,32.63999938964844,29300,0.0,0.0,0.0
2023-03-01 00:00:00-05:00,33.41999816894531,33.58000183105469,33.380001068115234,33.459999084472656,75500,0.0,0.0,0.0
2023-03-02 00:00:00-05:00,33.18000030517578,33.31999969482422,33.060001373291016,33.27000045776367,74100,0.0,0.0,0.0
2023-03-03 00:00:00-05:00,33.31999969482422,33.43000030517578,33.2400016784668,33.38999938964844,28700,0.0,0.0,0.0
2023-03-06 00:00:00-05:00,33.029998779296875,33.08000183105469,32.75,32.83000183105469,50800,0.0,0.0,0.0
2023-03-07 00:00:00-05:00,32.34000015258789,32.448001861572266,32.040000915527344,32.08000183105469,32300,0.0,0.0,0.0
2023-03-08 00:00:00-05:00,32.45000076293945,32.45000076293945,32.189998626708984,32.220001220703125,48200,0.0,0.0,0.0
2023-03-09 00:00:00-05:00,32.11000061035156,32.11000061035156,31.770000457763672,31.860000610351562,80200,0.0,0.0,0.0
2023-03-10 00:00:00-05:00,31.8799991607666,32.13999938964844,31.860000610351562,31.959999084472656,64200,0.0,0.0,0.0
2023-03-13 00:00:00-04:00,32.13999938964844,32.58000183105469,32.13999938964844,32.45000076293945,215600,0.0,0.0,0.0
2023-03-14 00:00:00-04:00,32.400001525878906,32.45800018310547,32.28200149536133,32.400001525878906,43400,0.0,0.0,0.0
2023-03-15 00:00:00-04:00,31.93000030517578,32.0,31.790000915527344,31.979999542236328,47200,0.0,0.0,0.0
2023-03-16 00:00:00-04:00,31.735000610351562,31.889999389648438,31.600000381469727,31.889999389648438,134000,0.0,0.0,0.0
2023-03-17 00:00:00-04:00,31.81999969482422,31.889999389648438,31.670000076293945,31.68000030517578,61100,0.0,0.0,0.0
2023-03-20 00:00:00-04:00,31.829999923706055,31.952999114990234,31.829999923706055,31.889999389648438,33700,0.0,0.0,0.0
2023-03-21 00:00:00-04:00,32.290000915527344,32.290000915527344,32.029998779296875,32.16999816894531,60200,0.0,0.0,0.0
2023-03-22 00:00:00-04:00,32.16999816894531,32.56999969482422,32.16999816894531,32.25,210800,0.0,0.0,0.0
2023-03-23 00:00:00-04:00,32.810001373291016,32.9900016784668,32.619998931884766,32.709999084472656,24300,0.0,0.0,0.0
2023-03-24 00:00:00-04:00,32.45000076293945,32.540000915527344,32.43000030517578,32.540000915527344,27800,0.0,0.0,0.0
2023-03-27 00:00:00-04:00,32.209999084472656,32.34000015258789,32.209999084472656,32.31999969482422,9300,0.0,0.0,0.0
2023-03-28 00:00:00-04:00,32.38999938964844,32.45000076293945,32.36000061035156,32.400001525878906,69200,0.0,0.0,0.0
2023-03-29 00:00:00-04:00,32.34000015258789,32.38999938964844,32.2400016784668,32.34000015258789,31100,0.0,0.0,0.0
2023-03-30 00:00:00-04:00,32.7599983215332,32.779998779296875,32.63999938964844,32.720001220703125,18600,0.0,0.0,0.0
2023-03-31 00:00:00-04:00,32.77000045776367,32.86000061035156,32.61000061035156,32.66999816894531,64000,0.0,0.0,0.0
2023-04-03 00:00:00-04:00,32.9900016784668,33.097999572753906,32.939998626708984,33.08000183105469,54900,0.0,0.0,0.0
2023-04-04 00:00:00-04:00,32.9900016784668,33.15999984741211,32.97999954223633,33.15999984741211,30200,0.0,0.0,0.0
2023-04-05 00:00:00-04:00,33.22999954223633,33.22999954223633,32.939998626708984,33.060001373291016,70500,0.0,0.0,0.0
2023-04-06 00:00:00-04:00,32.93000030517578,33.13999938964844,32.93000030517578,33.13999938964844,64300,0.0,0.0,0.0
2023-04-10 00:00:00-04:00,32.959999084472656,33.02000045776367,32.959999084472656,33.00400161743164,15500,0.0,0.0,0.0
2023-04-11 00:00:00-04:00,33.040000915527344,33.04999923706055,32.939998626708984,32.95000076293945,21900,0.0,0.0,0.0
2023-04-12 00:00:00-04:00,32.91999816894531,33.025001525878906,32.779998779296875,32.810001373291016,38200,0.0,0.0,0.0
2023-04-13 00:00:00-04:00,32.93000030517578,33.042999267578125,32.89500045776367,33.0099983215332,30200,0.0,0.0,0.0
2023-04-14 00:00:00-04:00,32.959999084472656,33.06999969482422,32.849998474121094,32.94499969482422,44500,0.0,0.0,0.0
2023-04-17 00:00:00-04:00,33.349998474121094,33.42399978637695,33.279998779296875,33.34000015258789,54200,0.0,0.0,0.0
2023-04-18 00:00:00-04:00,33.41999816894531,33.54999923706055,33.369998931884766,33.38999938964844,53400,0.0,0.0,0.0
2023-04-19 00:00:00-04:00,33.16999816894531,33.16999816894531,32.9900016784668,33.04999923706055,41100,0.0,0.0,0.0
2023-04-20 00:00:00-04:00,33.0,33.060001373291016,32.880001068115234,32.90999984741211,35900,0.0,0.0,0.0
2023-04-21 00:00:00-04:00,32.31999969482422,32.31999969482422,32.09000015258789,32.20000076293945,50300,0.0,0.0,0.0
2023-04-24 00:00:00-04:00,31.979999542236328,31.979999542236328,31.729999542236328,31.889999389648438,32600,0.0,0.0,0.0
2023-04-25 00:00:00-04:00,31.510000228881836,31.510000228881836,31.280000686645508,31.350000381469727,87900,0.0,0.0,0.0
2023-04-26 00:00:00-04:00,31.610000610351562,31.709999084472656,31.510000228881836,31.510000228881836,84300,0.0,0.0,0.0
2023-04-27 00:00:00-04:00,31.770000457763672,31.97100067138672,31.770000457763672,31.959999084472656,12800,0.0,0.0,0.0
2023-04-28 00:00:00-04:00,32.150001525878906,32.26499938964844,32.130001068115234,32.2599983215332,251600,0.0,0.0,0.0
2023-05-01 00:00:00-04:00,32.0099983215332,32.19499969482422,31.979999542236328,32.0,24100,0.0,0.0,0.0
2023-05-02 00:00:00-04:00,31.969999313354492,31.969999313354492,31.739999771118164,31.81999969482422,54400,0.0,0.0,0.0
2023-05-03 00:00:00-04:00,31.989999771118164,31.989999771118164,31.874000549316406,31.920000076293945,17800,0.0,0.0,0.0
2023-05-04 00:00:00-04:00,31.979999542236328,32.209999084472656,31.979999542236328,32.16699981689453,36800,0.0,0.0,0.0
2023-05-05 00:00:00-04:00,31.989999771118164,32.11899948120117,31.959999084472656,32.084999084472656,11000,0.0,0.0,0.0
2023-05-08 00:00:00-04:00,32.310001373291016,32.400001525878906,32.28499984741211,32.310001373291016,30600,0.0,0.0,0.0
2023-05-09 00:00:00-04:00,32.0,32.130001068115234,32.0,32.06999969482422,17500,0.0,0.0,0.0
2023-05-10 00:00:00-04:00,31.899999618530273,31.90999984741211,31.780000686645508,31.8799991607666,63100,0.0,0.0,0.0
2023-05-11 00:00:00-04:00,31.719999313354492,31.760000228881836,31.645999908447266,31.729999542236328,219200,0.0,0.0,0.0
2023-05-12 00:00:00-04:00,31.34000015258789,31.34000015258789,31.079999923706055,31.110000610351562,26400,0.0,0.0,0.0
2023-05-15 00:00:00-04:00,31.770000457763672,31.889999389648438,31.65999984741211,31.8799991607666,82600,0.0,0.0,0.0
2023-05-16 00:00:00-04:00,31.450000762939453,31.530000686645508,31.35099983215332,31.40999984741211,28200,0.0,0.0,0.0
2023-05-17 00:00:00-04:00,31.100000381469727,31.239999771118164,31.100000381469727,31.208999633789062,27600,0.0,0.0,0.0
2023-05-18 00:00:00-04:00,30.989999771118164,30.989999771118164,30.860000610351562,30.90999984741211,39400,0.0,0.0,0.0
2023-05-19 00:00:00-04:00,31.079999923706055,31.100000381469727,30.989999771118164,31.100000381469727,42400,0.0,0.0,0.0
2023-05-22 00:00:00-04:00,31.040000915527344,31.200000762939453,31.040000915527344,31.100000381469727,44100,0.0,0.0,0.0
2023-05-23 00:00:00-04:00,30.68000030517578,30.68000030517578,30.510000228881836,30.520000457763672,34300,0.0,0.0,0.0
2023-05-24 00:00:00-04:00,30.200000762939453,30.209999084472656,30.040000915527344,30.079999923706055,42700,0.0,0.0,0.0
2023-05-25 00:00:00-04:00,30.110000610351562,30.110000610351562,29.899999618530273,29.924999237060547,64500,0.0,0.0,0.0
2023-05-26 00:00:00-04:00,30.09000015258789,30.219999313354492,30.09000015258789,30.100000381469727,91700,0.0,0.0,0.0
2023-05-30 00:00:00-04:00,29.969999313354492,29.969999313354492,29.65999984741211,29.690000534057617,74500,0.0,0.0,0.0
2023-05-31 00:00:00-04:00,29.469999313354492,29.614999771118164,29.339000701904297,29.59000015258789,441100,0.0,0.0,0.0
2023-06-01 00:00:00-04:00,29.600000381469727,29.829999923706055,29.600000381469727,29.799999237060547,118900,0.0,0.0,0.0
2023-06-02 00:00:00-04:00,30.170000076293945,30.329999923706055,30.1200008392334,30.149999618530273,117200,0.0,0.0,0.0
2023-06-05 00:00:00-04:00,29.790000915527344,29.93000030517578,29.790000915527344,29.91900062561035,150100,0.0,0.0,0.0
2023-06-06 00:00:00-04:00,29.5,29.68899917602539,29.469999313354492,29.6299991607666,252200,0.0,0.0,0.0
2023-06-07 00:00:00-04:00,29.389999389648438,29.475000381469727,29.149999618530273,29.270000457763672,349800,0.0,0.0,0.0
2023-06-08 00:00:00-04:00,29.520000457763672,29.607999801635742,29.469999313354492,29.59000015258789,94900,0.0,0.0,0.0
2023-06-09 00:00:00-04:00,29.549999237060547,29.625999450683594,29.520000457763672,29.520000457763672,70300,0.0,0.0,0.0
2023-06-12 00:00:00-04:00,29.690000534057617,29.690000534057617,29.594999313354492,29.6299991607666,54400,0.0,0.0,0.0
2023-06-13 00:00:00-04:00,29.8700008392334,29.8700008392334,29.549999237060547,29.59000015258789,659500,0.0,0.0,0.0
2023-06-14 00:00:00-04:00,29.75,29.889999389648438,29.709999084472656,29.790000915527344,112900,0.0,0.0,0.0
2023-06-15 00:00:00-04:00,30.200000762939453,30.440000534057617,30.200000762939453,30.440000534057617,49500,0.0,0.0,0.0
2023-06-16 00:00:00-04:00,30.579999923706055,30.6200008392334,30.459999084472656,30.469999313354492,482100,0.0,0.0,0.0
2023-06-20 00:00:00-04:00,29.959999084472656,30.047000885009766,29.860000610351562,29.889999389648438,116500,0.0,0.0,0.0
2023-06-21 00:00:00-04:00,29.499000549316406,29.579999923706055,29.492000579833984,29.56999969482422,34800,0.0,0.0,0.0
2023-06-22 00:00:00-04:00,29.350000381469727,29.434999465942383,29.350000381469727,29.400999069213867,117400,0.0,0.0,0.0
2023-06-23 00:00:00-04:00,29.09000015258789,29.18000030517578,29.040000915527344,29.079999923706055,33500,0.0,0.0,0.0
2023-06-26 00:00:00-04:00,28.950000762939453,28.979999542236328,28.84000015258789,28.858999252319336,16300,0.0,0.0,0.0
2023-06-27 00:00:00-04:00,29.229999542236328,29.350000381469727,29.209999084472656,29.235000610351562,60700,0.0,0.0,0.0
2023-06-28 00:00:00-04:00,29.09000015258789,29.170000076293945,28.989999771118164,29.135000228881836,63900,0.0,0.0,0.0
2023-06-29 00:00:00-04:00,28.920000076293945,28.976999282836914,28.86400032043457,28.8799991607666,40900,0.0,0.0,0.0
2023-06-30 00:00:00-04:00,29.18000030517578,29.280000686645508,29.149999618530273,29.18000030517578,206400,0.0,0.0,0.0
2023-07-03 00:00:00-04:00,29.469999313354492,29.6200008392334,29.469999313354492,29.489999771118164,11400,0.0,0.0,0.0
2023-07-05 00:00:00-04:00,29.34000015258789,29.469999313354492,29.329999923706055,29.364999771118164,32900,0.0,0.0,0.0
2023-07-06 00:00:00-04:00,29.06999969482422,29.15999984741211,28.989999771118164,29.100000381469727,181900,0.0,0.0,0.0
2023-07-07 00:00:00-04:00,29.15999984741211,29.389999389648438,29.15999984741211,29.315000534057617,64300,0.0,0.0,0.0
2023-07-10 00:00:00-04:00,29.360000610351562,29.540000915527344,29.350000381469727,29.475000381469727,174900,0.0,0.0,0.0
2023-07-11 00:00:00-04:00,29.59000015258789,29.65999984741211,29.540000915527344,29.6299991607666,105200,0.0,0.0,0.0
2023-07-12 00:00:00-04:00,29.690000534057617,29.84000015258789,29.690000534057617,29.829999923706055,31600,0.0,0.0,0.0
2023-07-13 00:00:00-04:00,30.079999923706055,30.31999969482422,30.079999923706055,30.270000457763672,77300,0.0,0.0,0.0
2023-07-14 00:00:00-04:00,30.1200008392334,30.170000076293945,30.030000686645508,30.038999557495117,87100,0.0,0.0,0.0
2023-07-17 00:00:00-04:00,29.899999618530273,29.899999618530273,29.709999084472656,29.899999618530273,49000,0.0,0.0,0.0
2023-07-18 00:00:00-04:00,29.889999389648438,29.889999389648438,29.56999969482422,29.649999618530273,25600,0.0,0.0,0.0
2023-07-19 00:00:00-04:00,29.56999969482422,29.6200008392334,29.489999771118164,29.489999771118164,80200,0.0,0.0,0.0
2023-07-20 00:00:00-04:00,29.469999313354492,29.530000686645508,29.3700008392334,29.454999923706055,58200,0.0,0.0,0.0
2023-07-21 00:00:00-04:00,29.489999771118164,29.5,29.3700008392334,29.371999740600586,33200,0.0,0.0,0.0
2023-07-24 00:00:00-04:00,29.440000534057617,29.780000686645508,29.440000534057617,29.69499969482422,24100,0.0,0.0,0.0
2023-07-25 00:00:00-04:00,30.420000076293945,30.530000686645508,30.309999465942383,30.344999313354492,88400,0.0,0.0,0.0
2023-07-26 00:00:00-04:00,30.25,30.454999923706055,30.219999313354492,30.440000534057617,83600,0.0,0.0,0.0
2023-07-27 00:00:00-04:00,30.190000534057617,30.190000534057617,29.950000762939453,29.974000930786133,24500,0.0,0.0,0.0
2023-07-28 00:00:00-04:00,31.040000915527344,31.229999542236328,31.030000686645508,31.170000076293945,89800,0.0,0.0,0.0
2023-07-31 00:00:00-04:00,31.1299991607666,31.170000076293945,31.01099967956543,31.100000381469727,55800,0.0,0.0,0.0
2023-08-01 00:00:00-04:00,30.8700008392334,30.8799991607666,30.725000381469727,30.760000228881836,34300,0.0,0.0,0.0
2023-08-02 00:00:00-04:00,30.559999465942383,30.56999969482422,30.40999984741211,30.459999084472656,27300,0.0,0.0,0.0
2023-08-03 00:00:00-04:00,31.0,31.1299991607666,30.780000686645508,31.040000915527344,56500,0.0,0.0,0.0
2023-08-04 00:00:00-04:00,31.100000381469727,31.1200008392334,30.940000534057617,30.969999313354492,31900,0.0,0.0,0.0
2023-08-07 00:00:00-04:00,30.770000457763672,30.770000457763672,30.538999557495117,30.613000869750977,14000,0.0,0.0,0.0
2023-08-08 00:00:00-04:00,30.34000015258789,30.3799991607666,30.200000762939453,30.3799991607666,23800,0.0,0.0,0.0
2023-08-09 00:00:00-04:00,30.469999313354492,30.479999542236328,30.263999938964844,30.3799991607666,41600,0.0,0.0,0.0
2023-08-10 00:00:00-04:00,30.559999465942383,30.68000030517578,30.3700008392334,30.3799991607666,179300,0.0,0.0,0.0
2023-08-11 00:00:00-04:00,29.600000381469727,29.614999771118164,29.399999618530273,29.44099998474121,44700,0.0,0.0,0.0
2023-08-14 00:00:00-04:00,29.3700008392334,29.389999389648438,29.173999786376953,29.34000015258789,545600,0.0,0.0,0.0
2023-08-15 00:00:00-04:00,29.020000457763672,29.030000686645508,28.884000778198242,28.93000030517578,123500,0.0,0.0,0.0
2023-08-16 00:00:00-04:00,28.6200008392334,28.774999618530273,28.610000610351562,28.639999389648438,213600,0.0,0.0,0.0
2023-08-17 00:00:00-04:00,28.950000762939453,29.040000915527344,28.8799991607666,28.920000076293945,85100,0.0,0.0,0.0
2023-08-18 00:00:00-04:00,28.489999771118164,28.559999465942383,28.420000076293945,28.510000228881836,86200,0.0,0.0,0.0
2023-08-21 00:00:00-04:00,28.309999465942383,28.43000030517578,28.274999618530273,28.3799991607666,233100,0.0,0.0,0.0
2023-08-22 00:00:00-04:00,28.299999237060547,28.3799991607666,28.260000228881836,28.260000228881836,119400,0.0,0.0,0.0
2023-08-23 00:00:00-04:00,28.0,28.159000396728516,27.979999542236328,28.09000015258789,63700,0.0,0.0,0.0
2023-08-24 00:00:00-04:00,28.09000015258789,28.18000030517578,28.079999923706055,28.15999984741211,78600,0.0,0.0,0.0
2023-08-25 00:00:00-04:00,28.104999542236328,28.1200008392334,28.0,28.059999465942383,66800,0.0,0.0,0.0
2023-08-28 00:00:00-04:00,28.350000381469727,28.5,28.350000381469727,28.483999252319336,32300,0.0,0.0,0.0
2023-08-29 00:00:00-04:00,28.709999084472656,28.93000030517578,28.59000015258789,28.916000366210938,43100,0.0,0.0,0.0
2023-08-30 00:00:00-04:00,28.6299991607666,28.84000015258789,28.6299991607666,28.809999465942383,77800,0.0,0.0,0.0
2023-08-31 00:00:00-04:00,28.670000076293945,28.75,28.600000381469727,28.649999618530273,106900,0.0,0.0,0.0
2023-09-01 00:00:00-04:00,28.989999771118164,29.1299991607666,28.959999084472656,28.959999084472656,43100,0.0,0.0,0.0
2023-09-05 00:00:00-04:00,28.84000015258789,28.934999465942383,28.81999969482422,28.8700008392334,115400,0.0,0.0,0.0
2023-09-06 00:00:00-04:00,28.829999923706055,28.90999984741211,28.690000534057617,28.709999084472656,173200,0.0,0.0,0.0
2023-09-07 00:00:00-04:00,28.170000076293945,28.170000076293945,28.020000457763672,28.06999969482422,67200,0.0,0.0,0.0
2023-09-08 00:00:00-04:00,28.040000915527344,28.09000015258789,27.97100067138672,28.010000228881836,46900,0.0,0.0,0.0
2023-09-11 00:00:00-04:00,28.440000534057617,28.6299991607666,28.440000534057617,28.6299991607666,294200,0.0,0.0,0.0
2023-09-12 00:00:00-04:00,28.479999542236328,28.579999923706055,28.479999542236328,28.549999237060547,19800,0.0,0.0,0.0
2023-09-13 00:00:00-04:00,28.479999542236328,28.520000457763672,28.34000015258789,28.459999084472656,57900,0.0,0.0,0.0
2023-09-14 00:00:00-04:00,28.440000534057617,28.510000228881836,28.329999923706055,28.434999465942383,222300,0.0,0.0,0.0
2023-09-15 00:00:00-04:00,28.280000686645508,28.280000686645508,28.1200008392334,28.1200008392334,181300,0.0,0.0,0.0
2023-09-18 00:00:00-04:00,28.229999542236328,28.350000381469727,28.229999542236328,28.309999465942383,43900,0.0,0.0,0.0
2023-09-19 00:00:00-04:00,28.309999465942383,28.309999465942383,28.170000076293945,28.200000762939453,49300,0.0,0.0,0.0
2023-09-20 00:00:00-04:00,28.200000762939453,28.25,28.040000915527344,28.040000915527344,20400,0.0,0.0,0.0
2023-09-21 00:00:00-04:00,27.68000030517578,27.790000915527344,27.68000030517578,27.729999542236328,24100,0.0,0.0,0.0
2023-09-22 00:00:00-04:00,28.440000534057617,28.459999084472656,28.34600067138672,28.385000228881836,28600,0.0,0.0,0.0
2023-09-25 00:00:00-04:00,28.010000228881836,28.114999771118164,28.010000228881836,28.09000015258789,34600,0.0,0.0,0.0
2023-09-26 00:00:00-04:00,27.950000762939453,28.040000915527344,27.950000762939453,27.979999542236328,14200,0.0,0.0,0.0
2023-09-27 00:00:00-04:00,28.110000610351562,28.110000610351562,27.989999771118164,28.020000457763672,45400,0.0,0.0,0.0
2023-09-28 00:00:00-04:00,27.985000610351562,28.1299991607666,27.979999542236328,28.06999969482422,68300,0.0,0.0,0.0
2023-09-29 00:00:00-04:00,28.329999923706055,28.39299964904785,28.209999084472656,28.235000610351562,33300,0.0,0.0,0.0
2023-10-02 00:00:00-04:00,28.209999084472656,28.209999084472656,28.040000915527344,28.040000915527344,80500,0.0,0.0,0.0
2023-10-03 00:00:00-04:00,27.75,27.780000686645508,27.709999084472656,27.760000228881836,23000,0.0,0.0,0.0
2023-10-04 00:00:00-04:00,27.6200008392334,27.639999389648438,27.4950008392334,27.579999923706055,42200,0.0,0.0,0.0
2023-10-05 00:00:00-04:00,27.579999923706055,27.709999084472656,27.579999923706055,27.70400047302246,42200,0.0,0.0,0.0
2023-10-06 00:00:00-04:00,27.709999084472656,28.038000106811523,27.709999084472656,28.0049991607666,84700,0.0,0.0,0.0
2023-10-09 00:00:00-04:00,27.899999618530273,28.049999237060547,27.899999618530273,28.049999237060547,131500,0.0,0.0,0.0
2023-10-10 00:00:00-04:00,27.90999984741211,28.079999923706055,27.90999984741211,28.079999923706055,38700,0.0,0.0,0.0
2023-10-11 00:00:00-04:00,28.100000381469727,28.18600082397461,28.033000946044922,28.079999923706055,20200,0.0,0.0,0.0
2023-10-12 00:00:00-04:00,28.030000686645508,28.030000686645508,27.735000610351562,27.799999237060547,184700,0.0,0.0,0.0
2023-10-13 00:00:00-04:00,27.719999313354492,27.729999542236328,27.6299991607666,27.639999389648438,40900,0.0,0.0,0.0
2023-10-16 00:00:00-04:00,27.479999542236328,27.600000381469727,27.389999389648438,27.589000701904297,103600,0.0,0.0,0.0
2023-10-17 00:00:00-04:00,27.43000030517578,27.489999771118164,27.389999389648438,27.40999984741211,26300,0.0,0.0,0.0
2023-10-18 00:00:00-04:00,27.260000228881836,27.260000228881836,27.020000457763672,27.06999969482422,37900,0.0,0.0,0.0
2023-10-19 00:00:00-04:00,26.700000762939453,26.770000457763672,26.649999618530273,26.65999984741211,15900,0.0,0.0,0.0
2023-10-20 00:00:00-04:00,26.450000762939453,26.530000686645508,26.389999389648438,26.408000946044922,51500,0.0,0.0,0.0
2023-10-23 00:00:00-04:00,26.209999084472656,26.329999923706055,26.191999435424805,26.30500030517578,24400,0.0,0.0,0.0
2023-10-24 00:00:00-04:00,26.459999084472656,26.81800079345703,26.459999084472656,26.790000915527344,33500,0.0,0.0,0.0
2023-10-25 00:00:00-04:00,26.540000915527344,26.549999237060547,26.420000076293945,26.450000762939453,44400,0.0,0.0,0.0
2023-10-26 00:00:00-04:00,26.579999923706055,26.67799949645996,26.559999465942383,26.610000610351562,24200,0.0,0.0,0.0
2023-10-27 00:00:00-04:00,26.934999465942383,26.950000762939453,26.791000366210938,26.81999969482422,64700,0.0,0.0,0.0
2023-10-30 00:00:00-04:00,27.309999465942383,27.309999465942383,27.139999389648438,27.18000030517578,56800,0.0,0.0,0.0
2023-10-31 00:00:00-04:00,26.940000534057617,27.15999984741211,26.90999984741211,27.09000015258789,76500,0.0,0.0,0.0
2023-11-01 00:00:00-04:00,27.059999465942383,27.15999984741211,27.03499984741211,27.149999618530273,68300,0.0,0.0,0.0
2023-11-02 00:00:00-04:00,27.049999237060547,27.079999923706055,27.010000228881836,27.020000457763672,43500,0.0,0.0,0.0
2023-11-03 00:00:00-04:00,27.219999313354492,27.459999084472656,27.219999313354492,27.440000534057617,237900,0.0,0.0,0.0
2023-11-06 00:00:00-05:00,27.65999984741211,27.729999542236328,27.600000381469727,27.600000381469727,49300,0.0,0.0,0.0
2023-11-07 00:00:00-05:00,27.5,27.649999618530273,27.469999313354492,27.649999618530273,159400,0.0,0.0,0.0
2023-11-08 00:00:00-05:00,27.559999465942383,27.579999923706055,27.489999771118164,27.5,108500,0.0,0.0,0.0
2023-11-09 00:00:00-05:00,27.489999771118164,27.549999237060547,27.34000015258789,27.354999542236328,73800,0.0,0.0,0.0
2023-11-10 00:00:00-05:00,27.229999542236328,27.299999237060547,27.219999313354492,27.260000228881836,35300,0.0,0.0,0.0
2023-11-13 00:00:00-05:00,27.350000381469727,27.520000457763672,27.350000381469727,27.469999313354492,10600,0.0,0.0,0.0
2023-11-14 00:00:00-05:00,27.540000915527344,27.875,27.540000915527344,27.875,56800,0.0,0.0,0.0
2023-11-15 00:00:00-05:00,27.799999237060547,27.920000076293945,27.75,27.839000701904297,35500,0.0,0.0,0.0
2023-11-16 00:00:00-05:00,27.290000915527344,27.40999984741211,27.270000457763672,27.350000381469727,45200,0.0,0.0,0.0
2023-11-17 00:00:00-05:00,27.610000610351562,27.719999313354492,27.607999801635742,27.632999420166016,36800,0.0,0.0,0.0
2023-11-20 00:00:00-05:00,27.799999237060547,28.010000228881836,27.799999237060547,27.93000030517578,118900,0.0,0.0,0.0
2023-11-21 00:00:00-05:00,27.959999084472656,27.989999771118164,27.84000015258789,27.850000381469727,11300,0.0,0.0,0.0
2023-11-22 00:00:00-05:00,27.600000381469727,27.600000381469727,27.479999542236328,27.5,92600,0.0,0.0,0.0
2023-11-24 00:00:00-05:00,27.43000030517578,27.6200008392334,27.43000030517578,27.61400032043457,29200,0.0,0.0,0.0
2023-11-27 00:00:00-05:00,27.399999618530273,27.399999618530273,27.329999923706055,27.34000015258789,128600,0.0,0.0,0.0
2023-11-28 00:00:00-05:00,27.440000534057617,27.510000228881836,27.3799991607666,27.510000228881836,114700,0.0,0.0,0.0
2023-11-29 00:00:00-05:00,27.219999313354492,27.350000381469727,27.219999313354492,27.239999771118164,44700,0.0,0.0,0.0
2023-11-30 00:00:00-05:00,27.270000457763672,27.350000381469727,27.170000076293945,27.31999969482422,69700,0.0,0.0,0.0
2023-12-01 00:00:00-05:00,27.229999542236328,27.290000915527344,27.079999923706055,27.270000457763672,64300,0.0,0.0,0.0
2023-12-04 00:00:00-05:00,27.1200008392334,27.139999389648438,27.040000915527344,27.049999237060547,59800,0.0,0.0,0.0
2023-12-05 00:00:00-05:00,26.639999389648438,26.639999389648438,26.5,26.540000915527344,31500,0.0,0.0,0.0
2023-12-06 00:00:00-05:00,26.59000015258789,26.59000015258789,26.450000762939453,26.459999084472656,64500,0.0,0.0,0.0
2023-12-07 00:00:00-05:00,26.540000915527344,26.6200008392334,26.540000915527344,26.555999755859375,503000,0.0,0.0,0.0
2023-12-08 00:00:00-05:00,26.440000534057617,26.56999969482422,26.440000534057617,26.499000549316406,80100,0.0,0.0,0.0
2023-12-11 00:00:00-05:00,26.719999313354492,26.850000381469727,26.719999313354492,26.825000762939453,40200,0.0,0.0,0.0
2023-12-12 00:00:00-05:00,26.799999237060547,26.799999237060547,26.680999755859375,26.760000228881836,49100,0.0,0.0,0.0
2023-12-13 00:00:00-05:00,26.479999542236328,26.71299934387207,26.3700008392334,26.71299934387207,53900,0.0,0.0,0.0
2023-12-14 00:00:00-05:00,26.579999923706055,26.709999084472656,26.579999923706055,26.639999389648438,53900,0.0,0.0,0.0
2023-12-15 00:00:00-05:00,26.420000076293945,26.420000076293945,26.299999237060547,26.299999237060547,169500,0.0,0.0,0.0
2023-12-18 00:00:00-05:00,26.229999542236328,26.229999542236328,26.131000518798828,26.14699935913086,60600,0.0,0.0,0.0
2023-12-19 00:00:00-05:00,26.280000686645508,26.440000534057617,26.280000686645508,26.389999389648438,53600,0.0,0.0,0.0
2023-12-20 00:00:00-05:00,24.93000030517578,24.93000030517578,24.729999542236328,24.739999771118164,97800,0.0,0.0,0.0
2023-12-21 00:00:00-05:00,25.239999771118164,25.270000457763672,25.149999618530273,25.200000762939453,119400,0.0,0.0,0.0
2023-12-22 00:00:00-05:00,25.139999389648438,25.256999969482422,25.1299991607666,25.200000762939453,138500,0.0,0.0,0.0
2023-12-26 00:00:00-05:00,25.030000686645508,25.059999465942383,25.0,25.040000915527344,77900,0.0,0.0,0.0
2023-12-27 00:00:00-05:00,25.110000610351562,25.110000610351562,25.020000457763672,25.100000381469727,433200,0.0,0.0,0.0
2023-12-28 00:00:00-05:00,25.65999984741211,25.850000381469727,25.65999984741211,25.75,90900,0.0,0.0,0.0
2023-12-29 00:00:00-05:00,25.799999237060547,25.90399932861328,25.75,25.81999969482422,79300,0.0,0.0,0.0
2024-01-02 00:00:00-05:00,25.450000762939453,25.479999542236328,25.3700008392334,25.3799991607666,69300,0.0,0.0,0.0
2024-01-03 00:00:00-05:00,25.3700008392334,25.389999389648438,25.299999237060547,25.389999389648438,38900,0.0,0.0,0.0
2024-01-04 00:00:00-05:00,25.139999389648438,25.139999389648438,25.010000228881836,25.010000228881836,61100,0.0,0.0,0.0
2024-01-05 00:00:00-05:00,24.969999313354492,25.040000915527344,24.889999389648438,24.920000076293945,56100,0.0,0.0,0.0
2024-01-08 00:00:00-05:00,24.579999923706055,24.6200008392334,24.5310001373291,24.59000015258789,45900,0.0,0.0,0.0
2024-01-09 00:00:00-05:00,24.510000228881836,24.510000228881836,24.43000030517578,24.459999084472656,28200,0.0,0.0,0.0
2024-01-10 00:00:00-05:00,24.459999084472656,24.479999542236328,24.389999389648438,24.459999084472656,87500,0.0,0.0,0.0
2024-01-11 00:00:00-05:00,24.600000381469727,24.6200008392334,24.5,24.549999237060547,74800,0.0,0.0,0.0
2024-01-12 00:00:00-05:00,24.639999389648438,24.649999618530273,24.489999771118164,24.5049991607666,58600,0.0,0.0,0.0
2024-01-16 00:00:00-05:00,24.43000030517578,24.549999237060547,24.43000030517578,24.469999313354492,350300,0.0,0.0,0.0
2024-01-17 00:00:00-05:00,24.030000686645508,24.030000686645508,23.861000061035156,23.950000762939453,112800,0.0,0.0,0.0
2024-01-18 00:00:00-05:00,24.209999084472656,24.209999084472656,24.1299991607666,24.149999618530273,78300,0.0,0.0,0.0
2024-01-19 00:00:00-05:00,24.219999313354492,24.389999389648438,24.1299991607666,24.3799991607666,155200,0.0,0.0,0.0
2024-01-22 00:00:00-05:00,23.700000762939453,23.809999465942383,23.610000610351562,23.795000076293945,119900,0.0,0.0,0.0
2024-01-23 00:00:00-05:00,24.040000915527344,24.18000030517578,24.040000915527344,24.139999389648438,161400,0.0,0.0,0.0
2024-01-24 00:00:00-05:00,24.770000457763672,24.93000030517578,24.7549991607666,24.799999237060547,101600,0.0,0.0,0.0
2024-01-25 00:00:00-05:00,24.950000762939453,24.950000762939453,24.75,24.770000457763672,48300,0.0,0.0,0.0
2024-01-26 00:00:00-05:00,24.809999465942383,24.809999465942383,24.719999313354492,24.770000457763672,74200,0.0,0.0,0.0
2024-01-29 00:00:00-05:00,24.5,24.5,24.270000457763672,24.34000015258789,99100,0.0,0.0,0.0
2024-01-30 00:00:00-05:00,23.950000762939453,23.950000762939453,23.809999465942383,23.850000381469727,90800,0.0,0.0,0.0
2024-01-31 00:00:00-05:00,23.690000534057617,23.829999923706055,23.639999389648438,23.709999084472656,109700,0.0,0.0,0.0
2024-02-01 00:00:00-05:00,23.65999984741211,23.709999084472656,23.6299991607666,23.6299991607666,156100,0.0,0.0,0.0
2024-02-02 00:00:00-05:00,23.149999618530273,23.149999618530273,23.030000686645508,23.06999969482422,59600,0.0,0.0,0.0
2024-02-05 00:00:00-05:00,23.15999984741211,23.270000457763672,23.030000686645508,23.260000228881836,99000,0.0,0.0,0.0
2024-02-06 00:00:00-05:00,24.350000381469727,24.479999542236328,24.270000457763672,24.459999084472656,107600,0.0,0.0,0.0
2024-02-07 00:00:00-05:00,24.649999618530273,24.81999969482422,24.649999618530273,24.81999969482422,144100,0.0,0.0,0.0
2024-02-08 00:00:00-05:00,24.799999237060547,24.850000381469727,24.709999084472656,24.780000686645508,28100,0.0,0.0,0.0
2024-02-09 00:00:00-05:00,24.75,24.768999099731445,24.579999923706055,24.768999099731445,112600,0.0,0.0,0.0
2024-02-12 00:00:00-05:00,24.75,25.040000915527344,24.75,24.985000610351562,55300,0.0,0.0,0.0
2024-02-13 00:00:00-05:00,24.860000610351562,25.051000595092773,24.84000015258789,24.8799991607666,27400,0.0,0.0,0.0
2024-02-14 00:00:00-05:00,24.959999084472656,24.959999084472656,24.860000610351562,24.93000030517578,53000,0.0,0.0,0.0
2024-02-15 00:00:00-05:00,24.959999084472656,25.097999572753906,24.959999084472656,25.049999237060547,49300,0.0,0.0,0.0
2024-02-16 00:00:00-05:00,25.329999923706055,25.420000076293945,25.290000915527344,25.3700008392334,64800,0.0,0.0,0.0
2024-02-20 00:00:00-05:00,25.31999969482422,25.450000762939453,25.270000457763672,25.280000686645508,56300,0.0,0.0,0.0
2024-02-21 00:00:00-05:00,25.709999084472656,25.709999084472656,25.559999465942383,25.600000381469727,334200,0.0,0.0,0.0
2024-02-22 00:00:00-05:00,25.799999237060547,25.81999969482422,25.725000381469727,25.790000915527344,56200,0.0,0.0,0.0
2024-02-23 00:00:00-05:00,25.920000076293945,25.920000076293945,25.809999465942383,25.8799991607666,66500,0.0,0.0,0.0
2024-02-26 00:00:00-05:00,25.670000076293945,25.670000076293945,25.520000457763672,25.520000457763672,62000,0.0,0.0,0.0
2024-02-27 00:00:00-05:00,25.899999618530273,26.0,25.899999618530273,25.930999755859375,99400,0.0,0.0,0.0
2024-02-28 00:00:00-05:00,25.850000381469727,25.850000381469727,25.40999984741211,25.510000228881836,221000,0.0,0.0,0.0
2024-02-29 00:00:00-05:00,26.0,26.010000228881836,25.940000534057617,25.976999282836914,99100,0.0,0.0,0.0
2024-03-01 00:00:00-05:00,26.079999923706055,26.239999771118164,26.079999923706055,26.219999313354492,65100,0.0,0.0,0.0
2024-03-04 00:00:00-05:00,26.270000457763672,26.270000457763672,26.1299991607666,26.1299991607666,195700,0.0,0.0,0.0
2024-03-05 00:00:00-05:00,26.280000686645508,26.3700008392334,26.231000900268555,26.231000900268555,65100,0.0,0.0,0.0
2024-03-06 00:00:00-05:00,26.360000610351562,26.360000610351562,26.283000946044922,26.309999465942383,36500,0.0,0.0,0.0
2024-03-07 00:00:00-05:00,26.139999389648438,26.219999313354492,26.09000015258789,26.18000030517578,61700,0.0,0.0,0.0
2024-03-08 00:00:00-05:00,26.25,26.32699966430664,26.25,26.270000457763672,31400,0.0,0.0,0.0
2024-03-11 00:00:00-04:00,26.690000534057617,26.850000381469727,26.68000030517578,26.84000015258789,53400,0.0,0.0,0.0
2024-03-12 00:00:00-04:00,26.760000228881836,26.760000228881836,26.649999618530273,26.729999542236328,53200,0.0,0.0,0.0
2024-03-13 00:00:00-04:00,26.639999389648438,26.65999984741211,26.540000915527344,26.540000915527344,76400,0.0,0.0,0.0
2024-03-14 00:00:00-04:00,26.479999542236328,26.5,26.389999389648438,26.405000686645508,22700,0.0,0.0,0.0
2024-03-15 00:00:00-04:00,26.6200008392334,26.6299991607666,26.55500030517578,26.610000610351562,21100,0.0,0.0,0.0
2024-03-18 00:00:00-04:00,26.81999969482422,26.860000610351562,26.790000915527344,26.84000015258789,91500,0.0,0.0,0.0
2024-03-19 00:00:00-04:00,26.75,26.75,26.649999618530273,26.68000030517578,35600,0.0,0.0,0.0
2024-03-20 00:00:00-04:00,26.770000457763672,26.780000686645508,26.68000030517578,26.760000228881836,53300,0.0,0.0,0.0
2024-03-21 00:00:00-04:00,26.6299991607666,26.639999389648438,26.510000228881836,26.559999465942383,17100,0.0,0.0,0.0
2024-03-22 00:00:00-04:00,26.299999237060547,26.299999237060547,26.100000381469727,26.1299991607666,90700,0.0,0.0,0.0
2024-03-25 00:00:00-04:00,26.09000015258789,26.110000610351562,26.040000915527344,26.072999954223633,125100,0.0,0.0,0.0
2024-03-26 00:00:00-04:00,26.100000381469727,26.135000228881836,26.06999969482422,26.06999969482422,22500,0.0,0.0,0.0
2024-03-27 00:00:00-04:00,25.899999618530273,25.899999618530273,25.709999084472656,25.770000457763672,49300,0.0,0.0,0.0
2024-03-28 00:00:00-04:00,26.040000915527344,26.040000915527344,25.950000762939453,25.950000762939453,21200,0.0,0.0,0.0
2024-04-01 00:00:00-04:00,26.3700008392334,26.510000228881836,26.3700008392334,26.459999084472656,221300,0.0,0.0,0.0
2024-04-02 00:00:00-04:00,26.5,26.5,26.3700008392334,26.479999542236328,65000,0.0,0.0,0.0
2024-04-03 00:00:00-04:00,26.420000076293945,26.479999542236328,26.360000610351562,26.40999984741211,24500,0.0,0.0,0.0
2024-04-04 00:00:00-04:00,26.600000381469727,26.610000610351562,26.46500015258789,26.479999542236328,47900,0.0,0.0,0.0
2024-04-05 00:00:00-04:00,26.400999069213867,26.415000915527344,26.360000610351562,26.395999908447266,18000,0.0,0.0,0.0
2024-04-08 00:00:00-04:00,26.280000686645508,26.280000686645508,26.1200008392334,26.149999618530273,125200,0.0,0.0,0.0
2024-04-09 00:00:00-04:00,26.219999313354492,26.25,26.135000228881836,26.25,329900,0.0,0.0,0.0
2024-04-10 00:00:00-04:00,25.860000610351562,25.860000610351562,25.690000534057617,25.739999771118164,1628100,0.0,0.0,0.0
2024-04-11 00:00:00-04:00,25.940000534057617,25.950000762939453,25.81999969482422,25.90999984741211,753400,0.0,0.0,0.0
2024-04-12 00:00:00-04:00,25.770000457763672,25.770000457763672,25.570999145507812,25.570999145507812,353100,0.0,0.0,0.0
2024-04-15 00:00:00-04:00,26.170000076293945,26.260000228881836,26.15999984741211,26.190000534057617,170000,0.0,0.0,0.0
2024-04-16 00:00:00-04:00,25.90999984741211,25.94499969482422,25.809999465942383,25.899999618530273,164700,0.0,0.0,0.0
2024-04-17 00:00:00-04:00,26.350000381469727,26.389999389648438,26.270000457763672,26.360000610351562,68000,0.0,0.0,0.0
2024-04-18 00:00:00-04:00,26.399999618530273,26.43000030517578,26.34000015258789,26.350000381469727,156000,0.0,0.0,0.0
2024-04-19 00:00:00-04:00,26.18000030517578,26.2450008392334,26.15999984741211,26.190000534057617,2034600,0.0,0.0,0.0
2024-04-22 00:00:00-04:00,25.989999771118164,26.09000015258789,25.989999771118164,26.06999969482422,25200,0.0,0.0,0.0
2024-04-23 00:00:00-04:00,25.84000015258789,25.8700008392334,25.799999237060547,25.854999542236328,231000,0.0,0.0,0.0
2024-04-24 00:00:00-04:00,25.920000076293945,25.920000076293945,25.8439998626709,25.850000381469727,163700,0.0,0.0,0.0
2024-04-25 00:00:00-04:00,25.8799991607666,25.98900032043457,25.860000610351562,25.969999313354492,110200,0.0,0.0,0.0
2024-04-26 00:00:00-04:00,26.309999465942383,26.426000595092773,26.309999465942383,26.3799991607666,33000,0.0,0.0,0.0
2024-04-29 00:00:00-04:00,26.670000076293945,26.8700008392334,26.670000076293945,26.8700008392334,77800,0.0,0.0,0.0
2024-04-30 00:00:00-04:00,26.6200008392334,26.639999389648438,26.559999465942383,26.579999923706055,48800,0.0,0.0,0.0
2024-05-01 00:00:00-04:00,26.600000381469727,26.700000762939453,26.56999969482422,26.594999313354492,18800,0.0,0.0,0.0
2024-05-02 00:00:00-04:00,26.950000762939453,27.290000915527344,26.940000534057617,27.280000686645508,85800,0.0,0.0,0.0
2024-05-03 00:00:00-04:00,27.360000610351562,27.420000076293945,27.260000228881836,27.31999969482422,105000,0.0,0.0,0.0
2024-05-06 00:00:00-04:00,27.31999969482422,27.31999969482422,27.219999313354492,27.229999542236328,56500,0.0,0.0,0.0
2024-05-07 00:00:00-04:00,27.170000076293945,27.209999084472656,27.125,27.15999984741211,65400,0.0,0.0,0.0
2024-05-08 00:00:00-04:00,26.889999389648438,26.90999984741211,26.829999923706055,26.8700008392334,22200,0.0,0.0,0.0
2024-05-09 00:00:00-04:00,27.260000228881836,27.31999969482422,27.235000610351562,27.31999969482422,12000,0.0,0.0,0.0
2024-05-10 00:00:00-04:00,27.25,27.25,27.170000076293945,27.170000076293945,29700,0.0,0.0,0.0
2024-05-13 00:00:00-04:00,27.170000076293945,27.200000762939453,27.139999389648438,27.139999389648438,37800,0.0,0.0,0.0
2024-05-14 00:00:00-04:00,27.09000015258789,27.104999542236328,27.049999237060547,27.079999923706055,35800,0.0,0.0,0.0
2024-05-15 00:00:00-04:00,26.979999542236328,27.059999465942383,26.940000534057617,27.045000076293945,186800,0.0,0.0,0.0
2024-05-16 00:00:00-04:00,26.950000762939453,27.06999969482422,26.950000762939453,27.020000457763672,106000,0.0,0.0,0.0
2024-05-17 00:00:00-04:00,27.290000915527344,27.469999313354492,27.290000915527344,27.459999084472656,70900,0.0,0.0,0.0
2024-05-20 00:00:00-04:00,27.239999771118164,27.329999923706055,27.239999771118164,27.25,40200,0.0,0.0,0.0
2024-05-21 00:00:00-04:00,27.139999389648438,27.200000762939453,27.100000381469727,27.100000381469727,101200,0.0,0.0,0.0
2024-05-22 00:00:00-04:00,27.110000610351562,27.229999542236328,27.110000610351562,27.110000610351562,29600,0.0,0.0,0.0
2024-05-23 00:00:00-04:00,26.850000381469727,26.850000381469727,26.6299991607666,26.649999618530273,152700,0.0,0.0,0.0
2024-05-24 00:00:00-04:00,26.549999237060547,26.589000701904297,26.485000610351562,26.489999771118164,31000,0.0,0.0,0.0
2024-05-28 00:00:00-04:00,26.540000915527344,26.6299991607666,26.479999542236328,26.520000457763672,50100,0.0,0.0,0.0
2024-05-29 00:00:00-04:00,26.56999969482422,26.56999969482422,26.5049991607666,26.559999465942383,32700,0.0,0.0,0.0
2024-05-30 00:00:00-04:00,26.5,26.59000015258789,26.5,26.549999237060547,29100,0.0,0.0,0.0
2024-05-31 00:00:00-04:00,26.40999984741211,26.40999984741211,26.280000686645508,26.31999969482422,97000,0.0,0.0,0.0
2024-06-03 00:00:00-04:00,26.3799991607666,26.393999099731445,26.329999923706055,26.3700008392334,13000,0.0,0.0,0.0
2024-06-04 00:00:00-04:00,26.68000030517578,26.690000534057617,26.6200008392334,26.690000534057617,26100,0.0,0.0,0.0
2024-06-05 00:00:00-04:00,26.510000228881836,26.520000457763672,26.459999084472656,26.479999542236328,97100,0.0,0.0,0.0
2024-06-06 00:00:00-04:00,26.5049991607666,26.5049991607666,26.440000534057617,26.47800064086914,7900,0.0,0.0,0.0
2024-06-07 00:00:00-04:00,26.280000686645508,26.280000686645508,26.174999237060547,26.18000030517578,47900,0.0,0.0,0.0
2024-06-10 00:00:00-04:00,26.200000762939453,26.239999771118164,26.200000762939453,26.209999084472656,17100,0.0,0.0,0.0
2024-06-11 00:00:00-04:00,25.950000762939453,26.0,25.93000030517578,25.940000534057617,498900,0.0,0.0,0.0
2024-06-12 00:00:00-04:00,26.100000381469727,26.219999313354492,26.100000381469727,26.1299991607666,132800,0.0,0.0,0.0
2024-06-13 00:00:00-04:00,26.030000686645508,26.030000686645508,25.899999618530273,25.90999984741211,136200,0.0,0.0,0.0
2024-06-14 00:00:00-04:00,25.969999313354492,26.079999923706055,25.969999313354492,26.059999465942383,54400,0.0,0.0,0.0
2024-06-17 00:00:00-04:00,26.100000381469727,26.100000381469727,26.06999969482422,26.079999923706055,25800,0.0,0.0,0.0
2024-06-18 00:00:00-04:00,26.200000762939453,26.25,26.174999237060547,26.239999771118164,9500,0.0,0.0,0.0
2024-06-20 00:00:00-04:00,25.8700008392334,25.8700008392334,25.690000534057617,25.719999313354492,70700,0.0,0.0,0.0
2024-06-21 00:00:00-04:00,25.684999465942383,25.690000534057617,25.600000381469727,25.600000381469727,92800,0.0,0.0,0.0
2024-06-24 00:00:00-04:00,25.559999465942383,25.68000030517578,25.559999465942383,25.600000381469727,451600,0.0,0.0,0.0
2024-06-25 00:00:00-04:00,25.399999618530273,25.399999618530273,25.309999465942383,25.309999465942383,71900,0.0,0.0,0.0
2024-06-26 00:00:00-04:00,25.479999542236328,25.489999771118164,25.440000534057617,25.479999542236328,65800,0.0,0.0,0.0
2024-06-27 00:00:00-04:00,25.399999618530273,25.399999618530273,25.25,25.270000457763672,20900,0.0,0.0,0.0
2024-06-28 00:00:00-04:00,25.3700008392334,25.3799991607666,25.329999923706055,25.329999923706055,15600,0.0,0.0,0.0
2024-07-01 00:00:00-04:00,25.530000686645508,25.549999237060547,25.479999542236328,25.5,128700,0.0,0.0,0.0
2024-07-02 00:00:00-04:00,25.389999389648438,25.459999084472656,25.389999389648438,25.450000762939453,48900,0.0,0.0,0.0
2024-07-03 00:00:00-04:00,25.389999389648438,25.459999084472656,25.389999389648438,25.40999984741211,24800,0.0,0.0,0.0
2024-07-05 00:00:00-04:00,25.139999389648438,25.200000762939453,25.020000457763672,25.09000015258789,36900,0.0,0.0,0.0
2024-07-08 00:00:00-04:00,25.0,25.0,24.959999084472656,24.969999313354492,114100,0.0,0.0,0.0
2024-07-09 00:00:00-04:00,25.15999984741211,25.34000015258789,25.15999984741211,25.329999923706055,252500,0.0,0.0,0.0
2024-07-10 00:00:00-04:00,25.280000686645508,25.31999969482422,25.219999313354492,25.31999969482422,137600,0.0,0.0,0.0
2024-07-11 00:00:00-04:00,25.649999618530273,25.760000228881836,25.649999618530273,25.719999313354492,58400,0.0,0.0,0.0
2024-07-12 00:00:00-04:00,25.700000762939453,25.75,25.649999618530273,25.649999618530273,80500,0.0,0.0,0.0
2024-07-15 00:00:00-04:00,25.700000762939453,25.700000762939453,25.59000015258789,25.610000610351562,101200,0.0,0.0,0.0
2024-07-16 00:00:00-04:00,25.68000030517578,25.7549991607666,25.68000030517578,25.729999542236328,122900,0.0,0.0,0.0
2024-07-17 00:00:00-04:00,25.780000686645508,25.829999923706055,25.739999771118164,25.770000457763672,31600,0.0,0.0,0.0
2024-07-18 00:00:00-04:00,25.81999969482422,25.860000610351562,25.760000228881836,25.774999618530273,47500,0.0,0.0,0.0
2024-07-19 00:00:00-04:00,25.940000534057617,25.959999084472656,25.860000610351562,25.8799991607666,81900,0.0,0.0,0.0
2024-07-22 00:00:00-04:00,25.780000686645508,25.790000915527344,25.719999313354492,25.719999313354492,44900,0.0,0.0,0.0
2024-07-23 00:00:00-04:00,25.270000457763672,25.270000457763672,25.049999237060547,25.149999618530273,95500,0.0,0.0,0.0
2024-07-24 00:00:00-04:00,25.15999984741211,25.15999984741211,25.030000686645508,25.06999969482422,76600,0.0,0.0,0.0
2024-07-25 00:00:00-04:00,25.0,25.139999389648438,25.0,25.049999237060547,103400,0.0,0.0,0.0
2024-07-26 00:00:00-04:00,25.09000015258789,25.1299991607666,25.049999237060547,25.079999923706055,45900,0.0,0.0,0.0
2024-07-29 00:00:00-04:00,24.93000030517578,24.93000030517578,24.850000381469727,24.860000610351562,54100,0.0,0.0,0.0
2024-07-30 00:00:00-04:00,24.799999237060547,24.849000930786133,24.729999542236328,24.804000854492188,51000,0.0,0.0,0.0
2024-07-31 00:00:00-04:00,25.520000457763672,25.59000015258789,25.469999313354492,25.540000915527344,39100,0.0,0.0,0.0
2024-08-01 00:00:00-04:00,25.274999618530273,25.274999618530273,25.100000381469727,25.1200008392334,20000,0.0,0.0,0.0
2024-08-02 00:00:00-04:00,25.200000762939453,25.33099937438965,25.200000762939453,25.31999969482422,21200,0.0,0.0,0.0
2024-08-05 00:00:00-04:00,25.264999389648438,25.290000915527344,25.190000534057617,25.209999084472656,53700,0.0,0.0,0.0
2024-08-06 00:00:00-04:00,25.079999923706055,25.079999923706055,24.979999542236328,24.989999771118164,59200,0.0,0.0,0.0
2024-08-07 00:00:00-04:00,24.989999771118164,24.989999771118164,24.889999389648438,24.93000030517578,24700,0.0,0.0,0.0
2024-08-08 00:00:00-04:00,24.979999542236328,25.079999923706055,24.979999542236328,25.049999237060547,6900,0.0,0.0,0.0
2024-08-09 00:00:00-04:00,24.940000534057617,24.940000534057617,24.8799991607666,24.8799991607666,21600,0.0,0.0,0.0
2024-08-12 00:00:00-04:00,24.8799991607666,24.920000076293945,24.8700008392334,24.899999618530273,11300,0.0,0.0,0.0
2024-08-13 00:00:00-04:00,24.989999771118164,25.100000381469727,24.989999771118164,25.091999053955078,14000,0.0,0.0,0.0
2024-08-14 00:00:00-04:00,24.8700008392334,24.8700008392334,24.78499984741211,24.78499984741211,15700,0.0,0.0,0.0
2024-08-15 00:00:00-04:00,24.889999389648438,25.0049991607666,24.889999389648438,24.959999084472656,48700,0.0,0.0,0.0
2024-08-16 00:00:00-04:00,25.010000228881836,25.09000015258789,24.989999771118164,25.09000015258789,18000,0.0,0.0,0.0
2024-08-19 00:00:00-04:00,25.18000030517578,25.26099967956543,25.18000030517578,25.260000228881836,5100,0.0,0.0,0.0
2024-08-20 00:00:00-04:00,25.010000228881836,25.024999618530273,24.969999313354492,25.024999618530273,29500,0.0,0.0,0.0
2024-08-21 00:00:00-04:00,24.940000534057617,25.030000686645508,24.93000030517578,25.0,35600,0.0,0.0,0.0
2024-08-22 00:00:00-04:00,24.81999969482422,24.81999969482422,24.75,24.75,53400,0.0,0.0,0.0
2024-08-23 00:00:00-04:00,24.90999984741211,25.079999923706055,24.90999984741211,25.079999923706055,31600,0.0,0.0,0.0
2024-08-26 00:00:00-04:00,24.829999923706055,24.90999984741211,24.829999923706055,24.90999984741211,98500,0.0,0.0,0.0
2024-08-27 00:00:00-04:00,24.860000610351562,24.860000610351562,24.760000228881836,24.780000686645508,180800,0.0,0.0,0.0
2024-08-28 00:00:00-04:00,24.600000381469727,24.600000381469727,24.540000915527344,24.565000534057617,71600,0.0,0.0,0.0
2024-08-29 00:00:00-04:00,24.670000076293945,24.739999771118164,24.65999984741211,24.709999084472656,24800,0.0,0.0,0.0
2024-08-30 00:00:00-04:00,24.989999771118164,25.104999542236328,24.989999771118164,25.030000686645508,194600,0.0,0.0,0.0
2024-09-03 00:00:00-04:00,24.639999389648438,24.65999984741211,24.59000015258789,24.6299991607666,74200,0.0,0.0,0.0
2024-09-04 00:00:00-04:00,24.56999969482422,24.610000610351562,24.53499984741211,24.53499984741211,63600,0.0,0.0,0.0
2024-09-05 00:00:00-04:00,24.639999389648438,24.690000534057617,24.639999389648438,24.639999389648438,116500,0.0,0.0,0.0
2024-09-06 00:00:00-04:00,24.43000030517578,24.450000762939453,24.329999923706055,24.34000015258789,28000,0.0,0.0,0.0
2024-09-09 00:00:00-04:00,24.09000015258789,24.100000381469727,24.059999465942383,24.059999465942383,40800,0.0,0.0,0.0
2024-09-10 00:00:00-04:00,24.059999465942383,24.059999465942383,23.959999084472656,23.969999313354492,41200,0.0,0.0,0.0
2024-09-11 00:00:00-04:00,24.170000076293945,24.170000076293945,23.969999313354492,24.049999237060547,37400,0.0,0.0,0.0
2024-09-12 00:00:00-04:00,23.940000534057617,23.940000534057617,23.84000015258789,23.899999618530273,29800,0.0,0.0,0.0
2024-09-13 00:00:00-04:00,23.860000610351562,23.889999389648438,23.825000762939453,23.84000015258789,15700,0.0,0.0,0.0
2024-09-16 00:00:00-04:00,23.899999618530273,23.950000762939453,23.899999618530273,23.940000534057617,47900,0.0,0.0,0.0
2024-09-17 00:00:00-04:00,24.09000015258789,24.09000015258789,23.920000076293945,23.950000762939453,18100,0.0,0.0,0.0
2024-09-18 00:00:00-04:00,24.0,24.06999969482422,23.93000030517578,23.93000030517578,14200,0.0,0.0,0.0
2024-09-19 00:00:00-04:00,24.239999771118164,24.315000534057617,24.209999084472656,24.309999465942383,120600,0.0,0.0,0.0
2024-09-20 00:00:00-04:00,24.350000381469727,24.399999618530273,24.309999465942383,24.3799991607666,57300,0.0,0.0,0.0
2024-09-23 00:00:00-04:00,24.479999542236328,24.530000686645508,24.459999084472656,24.469999313354492,61800,0.0,0.0,0.0
2024-09-24 00:00:00-04:00,26.290000915527344,26.420000076293945,26.079999923706055,26.399999618530273,408100,0.0,0.0,0.0
2024-09-25 00:00:00-04:00,26.139999389648438,26.190000534057617,26.020000457763672,26.030000686645508,90800,0.0,0.0,0.0
2024-09-26 00:00:00-04:00,28.200000762939453,28.360000610351562,28.0,28.200000762939453,376400,0.0,0.0,0.0
2024-09-27 00:00:00-04:00,28.829999923706055,29.1299991607666,28.53499984741211,28.950000762939453,261200,0.0,0.0,0.0
2024-09-30 00:00:00-04:00,30.479999542236328,30.635000228881836,30.170000076293945,30.3700008392334,404600,0.0,0.0,0.0
2024-10-01 00:00:00-04:00,30.549999237060547,31.079999923706055,30.40999984741211,31.079999923706055,322100,0.0,0.0,0.0
2024-10-02 00:00:00-04:00,33.2599983215332,33.5,32.599998474121094,33.5,472400,0.0,0.0,0.0
2024-10-03 00:00:00-04:00,32.529998779296875,33.209999084472656,32.209999084472656,33.02000045776367,249300,0.0,0.0,0.0
2024-10-04 00:00:00-04:00,33.90999984741211,34.790000915527344,33.7599983215332,34.790000915527344,283500,0.0,0.0,0.0
2024-10-07 00:00:00-04:00,35.900001525878906,37.95000076293945,35.66999816894531,37.900001525878906,2010800,0.0,0.0,0.0
2024-10-08 00:00:00-04:00,32.2400016784668,32.720001220703125,31.610000610351562,32.29999923706055,978300,0.0,0.0,0.0
2024-10-09 00:00:00-04:00,29.6200008392334,30.3799991607666,29.5,30.1200008392334,652000,0.0,0.0,0.0
2024-10-10 00:00:00-04:00,30.34000015258789,30.510000228881836,29.860000610351562,30.350000381469727,228900,0.0,0.0,0.0
2024-10-11 00:00:00-04:00,29.530000686645508,30.440000534057617,29.5,30.149999618530273,238700,0.0,0.0,0.0
2024-10-14 00:00:00-04:00,29.739999771118164,30.420000076293945,29.5,29.639999389648438,221600,0.0,0.0,0.0
2024-10-15 00:00:00-04:00,29.0,29.165000915527344,28.31999969482422,28.3700008392334,383600,0.0,0.0,0.0
2024-10-16 00:00:00-04:00,28.579999923706055,28.829999923706055,28.57200050354004,28.639999389648438,142300,0.0,0.0,0.0
2024-10-17 00:00:00-04:00,28.06999969482422,28.06999969482422,27.770000457763672,27.959999084472656,239600,0.0,0.0,0.0
2024-10-18 00:00:00-04:00,29.649999618530273,29.670000076293945,29.354999542236328,29.43000030517578,90100,0.0,0.0,0.0
2024-10-21 00:00:00-04:00,29.31999969482422,29.40999984741211,29.1299991607666,29.299999237060547,112600,0.0,0.0,0.0
2024-10-22 00:00:00-04:00,29.469999313354492,29.829999923706055,29.469999313354492,29.649999618530273,62900,0.0,0.0,0.0
2024-10-23 00:00:00-04:00,29.719999313354492,29.719999313354492,29.43000030517578,29.510000228881836,133200,0.0,0.0,0.0
2024-10-24 00:00:00-04:00,29.3700008392334,29.459999084472656,29.15999984741211,29.299999237060547,52700,0.0,0.0,0.0
2024-10-25 00:00:00-04:00,29.649999618530273,29.70800018310547,29.510000228881836,29.520000457763672,46500,0.0,0.0,0.0
2024-10-28 00:00:00-04:00,29.639999389648438,29.799999237060547,29.579999923706055,29.709999084472656,35200,0.0,0.0,0.0
2024-10-29 00:00:00-04:00,29.700000762939453,29.700000762939453,29.420000076293945,29.459999084472656,431200,0.0,0.0,0.0
2024-10-30 00:00:00-04:00,28.979999542236328,29.329999923706055,28.96299934387207,29.239999771118164,67400,0.0,0.0,0.0
2024-10-31 00:00:00-04:00,29.290000915527344,29.329999923706055,29.1299991607666,29.290000915527344,71800,0.0,0.0,0.0
2024-11-01 00:00:00-04:00,29.469999313354492,29.469999313354492,29.209999084472656,29.229999542236328,132000,0.0,0.0,0.0
2024-11-04 00:00:00-05:00,29.719999313354492,29.959999084472656,29.670000076293945,29.690000534057617,98600,0.0,0.0,0.0
2024-11-05 00:00:00-05:00,30.65999984741211,30.739999771118164,30.559999465942383,30.68000030517578,66600,0.0,0.0,0.0
2024-11-06 00:00:00-05:00,29.770000457763672,30.15999984741211,29.67099952697754,30.0,116100,0.0,0.0,0.0
2024-11-07 00:00:00-05:00,31.34000015258789,31.780000686645508,31.34000015258789,31.719999313354492,155700,0.0,0.0,0.0
2024-11-08 00:00:00-05:00,30.040000915527344,30.329999923706055,29.719999313354492,29.950000762939453,200400,0.0,0.0,0.0
