Date,Open,High,Low,Close,Volume,Dividends,Stock Splits,Capital Gains
2006-10-12 00:00:00-04:00,23.05313692140243,23.25234031677246,23.05313692140243,23.25234031677246,16300,0.0,0.0,0.0
2006-10-13 00:00:00-04:00,23.25234031677246,23.25234031677246,23.25234031677246,23.25234031677246,0,0.0,0.0,0.0
2006-10-16 00:00:00-04:00,23.43342189780126,23.886154174804688,23.43342189780126,23.886154174804688,12900,0.0,0.0,0.0
2006-10-17 00:00:00-04:00,23.677905531879546,23.759397506713867,23.62357812433571,23.759397506713867,2400,0.0,0.0,0.0
2006-10-18 00:00:00-04:00,23.904268042545432,23.904268042545432,23.53302764892578,23.53302764892578,700,0.0,0.0,0.0
2006-10-19 00:00:00-04:00,23.578310012817383,23.578310012817383,23.578310012817383,23.578310012817383,400,0.0,0.0,0.0
2006-10-20 00:00:00-04:00,23.279501813924462,23.279501813924462,23.270448684692383,23.270448684692383,1500,0.0,0.0,0.0
2006-10-23 00:00:00-04:00,23.089349692965556,23.41531753540039,23.089349692965556,23.41531753540039,300,0.0,0.0,0.0
2006-10-24 00:00:00-04:00,23.424374576821144,23.469647124925793,23.424374576821144,23.46059226989746,2500,0.0,0.0,0.0
2006-10-25 00:00:00-04:00,23.460589872993577,23.542081832885742,23.460589872993577,23.542081832885742,400,0.0,0.0,0.0
2006-10-26 00:00:00-04:00,23.542091634449193,23.596419054650482,23.315725368733332,23.587364196777344,1900,0.0,0.0,0.0
2006-10-27 00:00:00-04:00,23.26138687133789,23.26138687133789,23.26138687133789,23.26138687133789,100,0.0,0.0,0.0
2006-10-30 00:00:00-05:00,23.26138687133789,23.26138687133789,23.26138687133789,23.26138687133789,0,0.0,0.0,0.0
2006-10-31 00:00:00-05:00,23.433427287234583,23.433427287234583,23.198007968841107,23.216115951538086,4500,0.0,0.0,0.0
2006-11-01 00:00:00-05:00,22.971640303504408,22.971640303504408,22.96258544921875,22.96258544921875,5700,0.0,0.0,0.0
2006-11-02 00:00:00-05:00,22.86298179626465,22.86298179626465,22.86298179626465,22.86298179626465,400,0.0,0.0,0.0
2006-11-03 00:00:00-05:00,22.890150848110082,22.890150848110082,22.84487657172492,22.853931427001953,2500,0.0,0.0,0.0
2006-11-06 00:00:00-05:00,23.188951028074854,23.188951028074854,23.1436767578125,23.1436767578125,800,0.0,0.0,0.0
2006-11-07 00:00:00-05:00,23.433435440063477,23.433435440063477,23.433435440063477,23.433435440063477,200,0.0,0.0,0.0
2006-11-08 00:00:00-05:00,23.469644906576907,23.614519119262695,23.469644906576907,23.614519119262695,1100,0.0,0.0,0.0
2006-11-09 00:00:00-05:00,23.569242569048757,23.569242569048757,23.342876434326172,23.342876434326172,500,0.0,0.0,0.0
2006-11-10 00:00:00-05:00,23.496807486528382,23.523970319717048,23.496807486528382,23.514915466308594,400,0.0,0.0,0.0
2006-11-13 00:00:00-05:00,23.514915466308594,23.514915466308594,23.514915466308594,23.514915466308594,0,0.0,0.0,0.0
2006-11-14 00:00:00-05:00,23.705071730527422,23.714126586914062,23.705071730527422,23.714126586914062,5100,0.0,0.0,0.0
2006-11-15 00:00:00-05:00,24.076309544764346,24.239293487626128,24.076309544764346,24.22118377685547,2500,0.0,0.0,0.0
2006-11-16 00:00:00-05:00,24.230237569032777,24.329839246863866,24.230237569032777,24.284564971923828,600,0.0,0.0,0.0
2006-11-17 00:00:00-05:00,24.18496435531415,24.22118377685547,24.18496435531415,24.22118377685547,800,0.0,0.0,0.0
2006-11-20 00:00:00-05:00,24.320779141938687,24.320779141938687,24.203067779541016,24.203067779541016,600,0.0,0.0,0.0
2006-11-21 00:00:00-05:00,24.266452017385824,24.302671432495117,24.266452017385824,24.302671432495117,500,0.0,0.0,0.0
2006-11-22 00:00:00-05:00,24.402281029362584,24.402281029362584,24.329843902633915,24.347951889038086,1500,0.0,0.0,0.0
2006-11-24 00:00:00-05:00,24.347951889038086,24.347951889038086,24.347951889038086,24.347951889038086,0,0.0,0.0,0.0
2006-11-27 00:00:00-05:00,23.87710401053014,23.87710401053014,23.82277488708496,23.82277488708496,2300,0.0,0.0,0.0
2006-11-28 00:00:00-05:00,23.82277488708496,23.82277488708496,23.82277488708496,23.82277488708496,0,0.0,0.0,0.0
2006-11-29 00:00:00-05:00,24.121586519033475,24.184968791319278,24.112531661987305,24.112531661987305,35500,0.0,0.0,0.0
2006-11-30 00:00:00-05:00,24.112531661987305,24.112531661987305,24.112531661987305,24.112531661987305,0,0.0,0.0,0.0
2006-12-01 00:00:00-05:00,23.858997344970703,23.858997344970703,23.858997344970703,23.858997344970703,200,0.0,0.0,0.0
2006-12-04 00:00:00-05:00,24.212123954685442,24.38416271764116,24.194014247629738,24.311725616455078,1000,0.0,0.0,0.0
2006-12-05 00:00:00-05:00,24.501880135512085,24.583372116088867,24.47471729334467,24.583372116088867,11300,0.0,0.0,0.0
2006-12-06 00:00:00-05:00,24.574317259687305,24.59242697249043,24.574317259687305,24.583372116088867,6800,0.0,0.0,0.0
2006-12-07 00:00:00-05:00,24.510930559348356,24.619587089480337,24.393220901489258,24.393220901489258,1500,0.0,0.0,0.0
2006-12-08 00:00:00-05:00,24.37511041512288,24.601476595899637,24.37511041512288,24.501874923706055,2300,0.0,0.0,0.0
2006-12-11 00:00:00-05:00,24.465658012564923,24.465658012564923,24.393220901489258,24.393220901489258,500,0.0,0.0,0.0
2006-12-12 00:00:00-05:00,24.393220901489258,24.393220901489258,24.393220901489258,24.393220901489258,0,0.0,0.0,0.0
2006-12-13 00:00:00-05:00,24.393220901489258,24.393220901489258,24.393220901489258,24.393220901489258,0,0.0,0.0,0.0
2006-12-14 00:00:00-05:00,24.393220901489258,24.393220901489258,24.393220901489258,24.393220901489258,0,0.0,0.0,0.0
2006-12-15 00:00:00-05:00,24.48744441058476,24.48744441058476,24.288137435913086,24.288137435913086,1100,0.014,0.0,0.0
2006-12-18 00:00:00-05:00,24.288137435913086,24.288137435913086,24.288137435913086,24.288137435913086,0,0.0,0.0,0.0
2006-12-19 00:00:00-05:00,23.65398462503324,24.070714269510223,23.65398462503324,24.052595138549805,4800,0.0,0.0,0.0
2006-12-20 00:00:00-05:00,24.387783927145396,24.387783927145396,24.35154567744242,24.360605239868164,800,0.0,0.0,0.0
2006-12-21 00:00:00-05:00,24.369662610917654,24.369662610917654,24.1884765625,24.1884765625,300,0.0,0.0,0.0
2006-12-22 00:00:00-05:00,23.99822998046875,23.99822998046875,23.99822998046875,23.99822998046875,200,0.0,0.0,0.0
2006-12-26 00:00:00-05:00,24.270010889065087,24.270010889065087,24.116001797545998,24.1884765625,12000,0.0,0.0,0.0
2006-12-27 00:00:00-05:00,24.514615820399396,24.559913635253906,24.514615820399396,24.559913635253906,4400,0.0,0.0,0.0
2006-12-28 00:00:00-05:00,24.405902862548828,24.405902862548828,24.405902862548828,24.405902862548828,200,0.0,0.0,0.0
2006-12-29 00:00:00-05:00,24.29718589782715,24.29718589782715,24.29718589782715,24.29718589782715,100,0.0,0.0,0.0
2007-01-03 00:00:00-05:00,24.460260204172226,24.460260204172226,24.134122848510742,24.134122848510742,400,0.0,0.0,0.0
2007-01-04 00:00:00-05:00,24.052588822107182,24.197538375854492,24.052588822107182,24.197538375854492,1400,0.0,0.0,0.0
2007-01-05 00:00:00-05:00,24.134124822003646,24.134124822003646,24.025413513183594,24.025413513183594,700,0.0,0.0,0.0
2007-01-08 00:00:00-05:00,23.98011067036691,24.06164499886682,23.98011067036691,24.043527603149414,14400,0.0,0.0,0.0
2007-01-09 00:00:00-05:00,24.12505963122239,24.1884765625,24.12505963122239,24.1884765625,2200,0.0,0.0,0.0
2007-01-10 00:00:00-05:00,24.08881950378418,24.08881950378418,24.08881950378418,24.08881950378418,200,0.0,0.0,0.0
2007-01-11 00:00:00-05:00,24.49650348879481,24.52368045539334,24.487443923950195,24.487443923950195,800,0.0,0.0,0.0
2007-01-12 00:00:00-05:00,24.52367155426572,24.61426544189453,24.52367155426572,24.61426544189453,200,0.0,0.0,0.0
2007-01-16 00:00:00-05:00,24.550860091043756,24.732046211075566,24.550860091043756,24.623334884643555,600,0.0,0.0,0.0
2007-01-17 00:00:00-05:00,24.68674415459518,24.80451501779361,24.668625028584664,24.72298240661621,4100,0.0,0.0,0.0
2007-01-18 00:00:00-05:00,24.578031629530734,24.63238900867487,24.41496467590332,24.41496467590332,6300,0.0,0.0,0.0
2007-01-19 00:00:00-05:00,24.487444184270483,24.605215072631836,24.487444184270483,24.605215072631836,2500,0.0,0.0,0.0
2007-01-22 00:00:00-05:00,24.605215072631836,24.605215072631836,24.605215072631836,24.605215072631836,0,0.0,0.0,0.0
2007-01-23 00:00:00-05:00,24.958519690243172,24.958519690243172,24.922283172607422,24.922283172607422,13000,0.0,0.0,0.0
2007-01-24 00:00:00-05:00,24.931342370831555,24.967578887939453,24.931342370831555,24.967578887939453,2900,0.0,0.0,0.0
2007-01-25 00:00:00-05:00,24.958526336241203,24.958526336241203,24.831695898841488,24.840755462646484,2600,0.0,0.0,0.0
2007-01-26 00:00:00-05:00,24.750161893360197,24.849815368652344,24.70486580164657,24.849815368652344,1000,0.0,0.0,0.0
2007-01-29 00:00:00-05:00,24.904163360595703,24.985697682937978,24.904163360595703,24.904163360595703,2400,0.0,0.0,0.0
2007-01-30 00:00:00-05:00,25.003821640436048,25.040058164076324,24.95852382596702,24.985702514648438,9800,0.0,0.0,0.0
2007-01-31 00:00:00-05:00,25.049114893626765,25.12158966064453,25.0400553317577,25.12158966064453,1500,0.0,0.0,0.0
2007-02-01 00:00:00-05:00,25.42960526910614,25.583614349365234,25.40242831419455,25.583614349365234,700,0.0,0.0,0.0
2007-02-02 00:00:00-05:00,25.57455928844577,25.64703406085342,25.57455928844577,25.60173797607422,12600,0.0,0.0,0.0
2007-02-05 00:00:00-05:00,25.592679977416992,25.60173954051341,25.51114563748423,25.592679977416992,2000,0.0,0.0,0.0
2007-02-06 00:00:00-05:00,25.583618850988586,25.628916663702665,25.583618850988586,25.60173797607422,3700,0.0,0.0,0.0
2007-02-07 00:00:00-05:00,25.81010371193037,25.81010371193037,25.737628936767578,25.737628936767578,1300,0.0,0.0,0.0
2007-02-08 00:00:00-05:00,25.674214317349758,25.674214317349758,25.55644172503133,25.592679977416992,700,0.0,0.0,0.0
2007-02-09 00:00:00-05:00,25.67421301943147,25.683272582069897,25.393373489379883,25.393373489379883,1500,0.0,0.0,0.0
2007-02-12 00:00:00-05:00,25.429616083901145,25.429616083901145,25.36620085822523,25.40243911743164,4900,0.0,0.0,0.0
2007-02-13 00:00:00-05:00,25.43867020623211,25.592679319039302,25.43867020623211,25.520204544067383,2800,0.0,0.0,0.0
2007-02-14 00:00:00-05:00,25.719506801119717,25.918813705444336,25.719506801119717,25.918813705444336,700,0.0,0.0,0.0
2007-02-15 00:00:00-05:00,25.82822392777267,26.000352174024492,25.82822392777267,25.98223304748535,2000,0.0,0.0,0.0
2007-02-16 00:00:00-05:00,25.945988391360096,25.973167074461553,25.83727711482344,25.964107513427734,7700,0.0,0.0,0.0
2007-02-20 00:00:00-05:00,26.04564605692037,26.244951248168945,26.03658649441795,26.244951248168945,11400,0.0,0.0,0.0
2007-02-21 00:00:00-05:00,26.172476476084476,26.29024906068103,26.172476476084476,26.244951248168945,2400,0.0,0.0,0.0
2007-02-22 00:00:00-05:00,26.362731923877725,26.362731923877725,26.11812884504476,26.145307540893555,3300,0.0,0.0,0.0
2007-02-23 00:00:00-05:00,26.23588993621865,26.335543389165334,26.12717864930841,26.299306869506836,612200,0.0,0.0,0.0
2007-02-26 00:00:00-05:00,26.28118922977241,26.290248792182304,26.018467103690057,26.072824478149414,15400,0.0,0.0,0.0
2007-02-27 00:00:00-05:00,25.538319648197753,25.665150052442506,25.003817618973912,25.085351943969727,33200,0.0,0.0,0.0
2007-02-28 00:00:00-05:00,25.04912342298612,25.20313257133165,24.804520353036985,25.040063858032227,8100,0.0,0.0,0.0
2007-03-01 00:00:00-05:00,24.550848385817233,25.185002095483114,24.532729264072177,25.094409942626953,12400,0.0,0.0,0.0
2007-03-02 00:00:00-05:00,24.96757653458493,24.99475521580506,24.632381439208984,24.632381439208984,14500,0.0,0.0,0.0
2007-03-05 00:00:00-05:00,24.36966683020028,24.695804192926968,24.36966683020028,24.46932029724121,14900,0.0,0.0,0.0
2007-03-06 00:00:00-05:00,24.722984929506076,24.86793449651185,24.632391018143682,24.849815368652344,8400,0.0,0.0,0.0
2007-03-07 00:00:00-05:00,24.88605277980756,24.967587130134397,24.78640102891325,24.8226375579834,6700,0.0,0.0,0.0
2007-03-08 00:00:00-05:00,25.021945612011574,25.13065693192055,24.976647788770105,25.01288604736328,9100,0.0,0.0,0.0
2007-03-09 00:00:00-05:00,25.194070509152525,25.20313007320844,25.040061376072313,25.13065528869629,14000,0.0,0.0,0.0
2007-03-12 00:00:00-04:00,25.04911847510702,25.284661933576054,25.04911847510702,25.22124671936035,6400,0.0,0.0,0.0
2007-03-13 00:00:00-04:00,25.067231009387797,25.148765328490803,24.713916778564453,24.713916778564453,5300,0.0,0.0,0.0
2007-03-14 00:00:00-04:00,24.768276509517463,24.94040473695822,24.523673511775566,24.88604736328125,4000,0.0,0.0,0.0
2007-03-15 00:00:00-04:00,25.021940422489333,25.06723650840117,24.967583045873226,24.976642608642578,5400,0.0,0.0,0.0
2007-03-16 00:00:00-04:00,25.109082021243157,25.109082021243157,24.96394295882393,25.018369674682617,6000,0.036,0.0,0.0
2007-03-19 00:00:00-04:00,25.236075555197733,25.35400211210646,25.19072025189063,25.335859298706055,8400,0.0,0.0,0.0
2007-03-20 00:00:00-04:00,25.29957483025902,25.426572799682617,25.290503423143477,25.426572799682617,7100,0.0,0.0,0.0
2007-03-21 00:00:00-04:00,25.39936508601948,25.762212812638012,25.39029367657971,25.753141403198242,4900,0.0,0.0,0.0
2007-03-22 00:00:00-04:00,25.780350368521507,25.780350368521507,25.644282715091745,25.707780838012695,14800,0.0,0.0,0.0
2007-03-23 00:00:00-04:00,25.744062084375507,25.816631607403583,25.744062084375507,25.798490524291992,2600,0.0,0.0,0.0
2007-03-26 00:00:00-04:00,25.725927411720804,25.80756836174514,25.58985800821735,25.716856002807617,7800,0.0,0.0,0.0
2007-03-27 00:00:00-04:00,25.571716425873817,25.571716425873817,25.462861251215838,25.553573608398438,21000,0.0,0.0,0.0
2007-03-28 00:00:00-04:00,25.22700403585948,25.44471260511055,25.22700403585948,25.354001998901367,5600,0.0,0.0,0.0
2007-03-29 00:00:00-04:00,25.43565022681542,25.43565022681542,25.217939864903496,25.381221771240234,5100,0.0,0.0,0.0
2007-03-30 00:00:00-04:00,25.508215878866753,25.508215878866753,25.317719773806907,25.390289306640625,3000,0.0,0.0,0.0
2007-04-02 00:00:00-04:00,25.471929492658845,25.490072307878265,25.42657418480438,25.481000900268555,5100,0.0,0.0,0.0
2007-04-03 00:00:00-04:00,25.735000314513144,25.771284222077778,25.735000314513144,25.753141403198242,2700,0.0,0.0,0.0
2007-04-04 00:00:00-04:00,25.608001472805814,25.671499606607505,25.608001472805814,25.644287109375,4300,0.0,0.0,0.0
2007-04-05 00:00:00-04:00,25.653354122679605,25.725923653188417,25.653354122679605,25.707780838012695,11500,0.0,0.0,0.0
2007-04-09 00:00:00-04:00,25.753139320024633,25.825708859478183,25.753139320024633,25.780353546142578,3400,0.0,0.0,0.0
2007-04-10 00:00:00-04:00,25.798488161167693,25.88012908337026,25.78941675534588,25.843843460083008,8200,0.0,0.0,0.0
2007-04-11 00:00:00-04:00,25.753142714369897,25.753142714369897,25.571719706921048,25.608003616333008,4400,0.0,0.0,0.0
2007-04-12 00:00:00-04:00,25.662429360663843,25.91642189025879,25.662429360663843,25.91642189025879,6300,0.0,0.0,0.0
2007-04-13 00:00:00-04:00,25.843848430286958,25.934560775756836,25.843848430286958,25.934560775756836,17700,0.0,0.0,0.0
2007-04-16 00:00:00-04:00,26.224844038128904,26.242986856818348,26.197629810094735,26.21577262878418,4100,0.0,0.0,0.0
2007-04-17 00:00:00-04:00,26.31555013590012,26.34276435745484,26.215766387060153,26.270193099975586,6900,0.0,0.0,0.0
2007-04-18 00:00:00-04:00,26.197629102412407,26.297412872314453,26.170416605307757,26.297412872314453,19400,0.0,0.0,0.0
2007-04-19 00:00:00-04:00,26.24298614791078,26.379053824017152,26.179488014407433,26.297412872314453,8400,0.0,0.0,0.0
2007-04-20 00:00:00-04:00,26.61490566079925,26.72375911120484,26.61490566079925,26.687475204467773,6300,0.0,0.0,0.0
2007-04-23 00:00:00-04:00,26.714682271148348,26.896105216591042,26.714682271148348,26.859821319580078,112600,0.0,0.0,0.0
2007-04-24 00:00:00-04:00,26.805396917550684,26.877966452700626,26.769113015072815,26.82353973388672,3700,0.0,0.0,0.0
2007-04-25 00:00:00-04:00,26.977752097462893,27.041250228881836,26.832613017021217,27.041250228881836,8100,0.0,0.0,0.0
2007-04-26 00:00:00-04:00,26.923322212264512,26.968677520751953,26.896107989055583,26.968677520751953,3200,0.0,0.0,0.0
2007-04-27 00:00:00-04:00,26.995894915066682,27.131962586706464,26.941468192449634,27.041250228881836,21600,0.0,0.0,0.0
2007-04-30 00:00:00-04:00,27.08660522110526,27.08660522110526,26.62397378841846,26.633045196533203,10100,0.0,0.0,0.0
2007-05-01 00:00:00-04:00,26.732827382400746,26.82353973388672,26.732827382400746,26.82353973388672,3800,0.0,0.0,0.0
2007-05-02 00:00:00-04:00,26.88703382468319,27.168242245095126,26.88703382468319,27.077529907226562,7500,0.0,0.0,0.0
2007-05-03 00:00:00-04:00,27.204535721707867,27.286176681518555,27.159180401899505,27.286176681518555,8000,0.0,0.0,0.0
2007-05-04 00:00:00-04:00,27.240821361710193,27.33153200132692,27.22267854170903,27.286176681518555,12000,0.0,0.0,0.0
2007-05-07 00:00:00-04:00,27.358741526881666,27.404096838890997,27.358741526881666,27.39502716064453,11900,0.0,0.0,0.0
2007-05-08 00:00:00-04:00,27.34967601160671,27.36781883239746,27.15918158388767,27.36781883239746,8300,0.0,0.0,0.0
2007-05-09 00:00:00-04:00,27.34966557754885,27.748798831700626,27.34966557754885,27.70344352722168,28800,0.0,0.0,0.0
2007-05-10 00:00:00-04:00,27.52202341842606,27.594592955757538,27.358741526881666,27.39502716064453,6300,0.0,0.0,0.0
2007-05-11 00:00:00-04:00,27.48573212091252,27.612730082718908,27.413162598534825,27.60365867614746,426100,0.0,0.0,0.0
2007-05-14 00:00:00-04:00,27.73972986132964,27.73972986132964,27.367810795313503,27.404094696044922,32800,0.0,0.0,0.0
2007-05-15 00:00:00-04:00,27.44945081074783,27.612732684028394,27.286168937467263,27.304311752319336,12700,0.0,0.0,0.0
2007-05-16 00:00:00-04:00,27.376886973407647,27.52202606201172,27.268031791857386,27.52202606201172,13800,0.0,0.0,0.0
2007-05-17 00:00:00-04:00,27.44945323762102,27.540165589707442,27.376883701990725,27.46759605407715,15800,0.0,0.0,0.0
2007-05-18 00:00:00-04:00,27.485731776156893,27.649013632007126,27.485731776156893,27.630870819091797,8700,0.0,0.0,0.0
2007-05-21 00:00:00-04:00,27.558303439872113,27.921152805609374,27.558303439872113,27.83951187133789,8900,0.0,0.0,0.0
2007-05-22 00:00:00-04:00,27.83951777034583,27.884873085576473,27.739734000605164,27.81230354309082,6200,0.0,0.0,0.0
2007-05-23 00:00:00-04:00,27.84858773995322,27.957441182957943,27.76694679260254,27.76694679260254,17200,0.0,0.0,0.0
2007-05-24 00:00:00-04:00,27.830443732228627,27.830443732228627,27.44945323762102,27.46759605407715,13400,0.0,0.0,0.0
2007-05-25 00:00:00-04:00,27.71251851628902,27.79415946415638,27.667163203115727,27.73973274230957,8300,0.0,0.0,0.0
2007-05-29 00:00:00-04:00,28.01186012695343,28.05721715744056,27.88486390197706,28.002790451049805,13500,0.0,0.0,0.0
2007-05-30 00:00:00-04:00,27.82137429407618,28.31121826171875,27.82137429407618,28.31121826171875,27400,0.0,0.0,0.0
2007-05-31 00:00:00-04:00,28.43821097843847,28.53799299710795,28.36564145113612,28.483566284179688,26500,0.0,0.0,0.0
2007-06-01 00:00:00-04:00,28.601491467686948,28.73755910854073,28.56520584068918,28.646846771240234,14300,0.0,0.0,0.0
2007-06-04 00:00:00-04:00,28.646851966350418,28.710350094917978,28.556139612599225,28.701278686523438,46800,0.0,0.0,0.0
2007-06-05 00:00:00-04:00,28.66498593422094,28.66498593422094,28.474489877130395,28.61962890625,9600,0.0,0.0,0.0
2007-06-06 00:00:00-04:00,28.356573748207992,28.356573748207992,28.19329185789946,28.28400421142578,9200,0.0,0.0,0.0
2007-06-07 00:00:00-04:00,28.17514480798413,28.17514480798413,27.667158126831055,27.667158126831055,12100,0.0,0.0,0.0
2007-06-08 00:00:00-04:00,27.58552445801823,27.957443592359592,27.540169141223206,27.93023109436035,24200,0.0,0.0,0.0
2007-06-11 00:00:00-04:00,27.90301457875247,28.293076499913383,27.90301457875247,28.17514991760254,22100,0.0,0.0,0.0
2007-06-12 00:00:00-04:00,28.030003051329345,28.27492582635869,27.87579260744352,27.984647750854492,28000,0.0,0.0,0.0
2007-06-13 00:00:00-04:00,28.129797648288328,28.474502563476562,28.075370920667968,28.474502563476562,20000,0.0,0.0,0.0
2007-06-14 00:00:00-04:00,28.57428421109325,28.746637520947914,28.57428421109325,28.719423294067383,17100,0.0,0.0,0.0
2007-06-15 00:00:00-04:00,29.03262409614399,29.132486710790545,28.95999721228145,29.05078125,12400,0.025,0.0,0.0
2007-06-18 00:00:00-04:00,29.08709905106309,29.08709905106309,28.941843534331372,28.996315002441406,14800,0.0,0.0,0.0
2007-06-19 00:00:00-04:00,28.932761822039655,29.10525131225586,28.841977788685792,29.10525131225586,54600,0.0,0.0,0.0
2007-06-20 00:00:00-04:00,29.15064427164706,29.214192579468854,28.796586692757526,28.832901000976562,15800,0.0,0.0,0.0
2007-06-21 00:00:00-04:00,28.742119913313797,28.978157746290023,28.596866128645615,28.9509220123291,29200,0.0,0.0,0.0
2007-06-22 00:00:00-04:00,28.896446570493776,28.896446570493776,28.58778190612793,28.58778190612793,24300,0.0,0.0,0.0
2007-06-25 00:00:00-04:00,28.67856980598533,28.82382358157226,28.369905099972698,28.451610565185547,174200,0.0,0.0,0.0
2007-06-26 00:00:00-04:00,28.52423941723422,28.596866310028968,28.23373184605523,28.31543731689453,29700,0.0,0.0,0.0
2007-06-27 00:00:00-04:00,28.124784909579155,28.58778190612793,28.070315183973815,28.58778190612793,22600,0.0,0.0,0.0
2007-06-28 00:00:00-04:00,28.696727752685547,28.860138687620427,28.64225628666616,28.696727752685547,18400,0.0,0.0,0.0
2007-06-29 00:00:00-04:00,28.742113067211477,28.878288241457035,28.55146816957995,28.651329040527344,31800,0.0,0.0,0.0
2007-07-02 00:00:00-04:00,28.87828811627842,29.186954498291016,28.87828811627842,29.186954498291016,61100,0.0,0.0,0.0
2007-07-03 00:00:00-04:00,29.27773805862831,29.30497205559986,29.205109449207228,29.2232666015625,22700,0.0,0.0,0.0
2007-07-05 00:00:00-04:00,29.232343034605375,29.35036277770996,29.15971443481109,29.35036277770996,66700,0.0,0.0,0.0
2007-07-06 00:00:00-04:00,29.350370191069704,29.541015118999702,29.259584418396045,29.486543655395508,25900,0.0,0.0,0.0
2007-07-09 00:00:00-04:00,29.5864077373039,29.677190051345097,29.486545113984604,29.6136417388916,57400,0.0,0.0,0.0
2007-07-10 00:00:00-04:00,29.27773796372708,29.432068563562563,29.1234073638916,29.1234073638916,31100,0.0,0.0,0.0
2007-07-11 00:00:00-04:00,29.205114567162827,29.34129150212988,29.023548206476185,29.295900344848633,36900,0.0,0.0,0.0
2007-07-12 00:00:00-04:00,29.49562105027691,29.913225173950195,29.49562105027691,29.913225173950195,33500,0.0,0.0,0.0
2007-07-13 00:00:00-04:00,29.895067593371685,30.058478502578744,29.83151929124924,30.040321350097656,22000,0.0,0.0,0.0
2007-07-16 00:00:00-04:00,29.994933277390558,30.140187049016923,29.931384968749217,29.976776123046875,23700,0.0,0.0,0.0
2007-07-17 00:00:00-04:00,30.103873031686,30.28544111375701,30.06755872264717,30.167421340942383,151600,0.0,0.0,0.0
2007-07-18 00:00:00-04:00,30.03124927423185,30.140188743294694,29.777052562254177,30.112951278686523,89600,0.0,0.0,0.0
2007-07-19 00:00:00-04:00,30.28543443249297,30.34898272772998,30.158337842018955,30.321748733520508,66100,0.0,0.0,0.0
2007-07-20 00:00:00-04:00,30.20372949082093,30.20372949082093,29.595477059386663,29.795202255249023,171400,0.0,0.0,0.0
2007-07-23 00:00:00-04:00,29.94954822583955,30.076644869020406,29.876919593665463,29.895076751708984,74300,0.0,0.0,0.0
2007-07-24 00:00:00-04:00,29.77705058888343,30.240049362182617,29.26866412486619,30.240049362182617,26200,0.0,0.0,0.0
2007-07-25 00:00:00-04:00,29.504694948068664,29.61363439051033,28.787503070489304,29.07801055908203,45200,0.0,0.0,0.0
2007-07-26 00:00:00-04:00,28.551470790966693,28.860135471095305,27.861514549006344,28.260961532592773,164800,0.0,0.0,0.0
2007-07-27 00:00:00-04:00,28.17017535094837,28.487916832430155,27.807039260864258,27.807039260864258,88200,0.0,0.0,0.0
2007-07-30 00:00:00-04:00,27.86151803958098,28.460690321588167,27.788891148778944,28.388063430786133,78200,0.0,0.0,0.0
2007-07-31 00:00:00-04:00,28.705800410541084,28.796582705395327,27.97045135498047,27.97045135498047,69700,0.0,0.0,0.0
2007-08-01 00:00:00-04:00,28.17925780579303,28.260961532592773,27.752573360670944,28.260961532592773,153300,0.0,0.0,0.0
2007-08-02 00:00:00-04:00,28.415292421556106,28.58778190612793,28.20649036376784,28.58778190612793,316500,0.0,0.0,0.0
2007-08-03 00:00:00-04:00,28.605931936334656,28.605931936334656,27.67085959985296,27.698095321655273,86600,0.0,0.0,0.0
2007-08-06 00:00:00-04:00,27.87059160468083,27.87059160468083,27.344046308178047,27.816120147705078,213100,0.0,0.0,0.0
2007-08-07 00:00:00-04:00,27.80704736764545,27.952302884963167,27.398521744542332,27.770734786987305,433100,0.0,0.0,0.0
2007-08-08 00:00:00-04:00,27.99769371544948,27.99769371544948,27.04446554115552,27.398521423339844,201800,0.0,0.0,0.0
2007-08-09 00:00:00-04:00,26.9718293049974,27.02630075731449,26.48159835507199,26.58146095275879,143600,0.0,0.0,0.0
2007-08-10 00:00:00-04:00,26.227405384718296,27.761650107582547,26.054917634267813,27.62547492980957,165900,0.0,0.0,0.0
2007-08-13 00:00:00-04:00,27.952292181170762,28.24279964143853,27.788881301879883,27.788881301879883,32500,0.0,0.0,0.0
2007-08-14 00:00:00-04:00,27.879664942242382,27.879664942242382,27.2351016998291,27.2351016998291,22300,0.0,0.0,0.0
2007-08-15 00:00:00-04:00,27.05354369965249,27.407601330570472,26.42713737487793,26.42713737487793,42800,0.0,0.0,0.0
2007-08-16 00:00:00-04:00,26.05491899749288,26.37266051840067,25.41943249255445,26.254642486572266,51900,0.0,0.0,0.0
2007-08-17 00:00:00-04:00,26.953676854180017,27.226027219514464,26.53607099823095,26.971832275390625,64400,0.0,0.0,0.0
2007-08-20 00:00:00-04:00,27.117083687683408,27.31680714345348,26.871967356810273,27.2351016998291,12900,0.0,0.0,0.0
2007-08-21 00:00:00-04:00,27.12617042929303,27.416679741274045,27.12617042929303,27.244190216064453,35100,0.0,0.0,0.0
2007-08-22 00:00:00-04:00,27.516536414939186,28.00676918029785,27.516536414939186,28.00676918029785,12700,0.0,0.0,0.0
2007-08-23 00:00:00-04:00,28.13386457036496,28.142943146909396,27.652710402878267,27.752573013305664,23200,0.0,0.0,0.0
2007-08-24 00:00:00-04:00,27.770728415942138,28.378979153588688,27.734414112053358,28.251882553100586,77200,0.0,0.0,0.0
2007-08-27 00:00:00-04:00,28.279123663757662,28.279123663757662,28.03400724552734,28.10663414001465,14300,0.0,0.0,0.0
2007-08-28 00:00:00-04:00,27.91598634407006,27.925064921400235,27.235108628361033,27.262344360351562,60400,0.0,0.0,0.0
2007-08-29 00:00:00-04:00,27.325888451660287,27.997687486329994,27.325888451660287,27.979530334472656,20800,0.0,0.0,0.0
2007-08-30 00:00:00-04:00,27.82520260015786,28.16110303872339,27.82520260015786,27.997692108154297,10500,0.0,0.0,0.0
2007-08-31 00:00:00-04:00,28.36082314813623,28.569625209253637,28.279117692644828,28.32451057434082,31700,0.0,0.0,0.0
2007-09-04 00:00:00-04:00,28.297277843426073,28.605942545416372,28.006770296037928,28.533315658569336,31100,0.0,0.0,0.0
2007-09-05 00:00:00-04:00,28.306354922692023,28.306354922692023,28.006768813857562,28.08847427368164,59000,0.0,0.0,0.0
2007-09-06 00:00:00-04:00,28.097556289869118,28.1792617596946,27.852439880392666,28.170183181762695,196100,0.0,0.0,0.0
2007-09-07 00:00:00-04:00,27.73441480862213,27.73441480862213,27.407594723221372,27.49837875366211,149400,0.0,0.0,0.0
2007-09-10 00:00:00-04:00,27.689020061492922,27.689020061492922,26.962751375455266,27.2351016998291,39900,0.0,0.0,0.0
2007-09-11 00:00:00-04:00,27.334971564789537,27.543773651123047,27.334971564789537,27.543773651123047,6100,0.0,0.0,0.0
2007-09-12 00:00:00-04:00,27.489301171084232,27.634554932415185,27.4257511353857,27.434829711914062,7700,0.0,0.0,0.0
2007-09-13 00:00:00-04:00,27.416677728782286,27.634558398103426,27.416677728782286,27.516538619995117,13900,0.0,0.0,0.0
2007-09-14 00:00:00-04:00,27.253263520965582,27.59824077307084,27.253263520965582,27.571006774902344,2106600,0.0,0.0,0.0
2007-09-17 00:00:00-04:00,27.534698221691144,27.534698221691144,27.344053268432617,27.344053268432617,59000,0.0,0.0,0.0
2007-09-18 00:00:00-04:00,27.507458193670505,28.63317750685078,27.47114561700488,28.378982543945312,363700,0.0,0.0,0.0
2007-09-19 00:00:00-04:00,28.651330207927717,28.896446570493776,28.50607645193924,28.58778190612793,17000,0.0,0.0,0.0
2007-09-20 00:00:00-04:00,28.55147859417426,28.55147859417426,28.28820499382106,28.30636215209961,7400,0.0,0.0,0.0
2007-09-21 00:00:00-04:00,28.612463671216428,28.666963116917028,28.467130661010742,28.467130661010742,11400,0.017,0.0,0.0
2007-09-24 00:00:00-04:00,28.458041942201422,28.485292526335854,28.230958938598633,28.230958938598633,12800,0.0,0.0,0.0
2007-09-25 00:00:00-04:00,28.03112848943161,28.394460974233464,28.03112848943161,28.367210388183594,9200,0.0,0.0,0.0
2007-09-26 00:00:00-04:00,28.530707697709815,28.630624771118164,28.494375318974093,28.630624771118164,9000,0.0,0.0,0.0
2007-09-27 00:00:00-04:00,28.812294548082,28.93037869521893,28.775962163774825,28.921295166015625,7800,0.0,0.0,0.0
2007-09-28 00:00:00-04:00,28.821379780638555,29.003046910429166,28.648797913094242,28.7396297454834,25700,0.0,0.0,0.0
2007-10-01 00:00:00-04:00,28.930376263414125,29.466290581313363,28.930376263414125,29.384540557861328,11100,0.0,0.0,0.0
2007-10-02 00:00:00-04:00,29.411793720420263,29.466291427612305,29.275542522416348,29.466291427612305,13900,0.0,0.0,0.0
2007-10-03 00:00:00-04:00,29.27554771111908,29.348215953603823,29.112047630540925,29.13021469116211,21000,0.0,0.0,0.0
2007-10-04 00:00:00-04:00,29.30278807527611,29.55712338523368,29.166540357631366,29.39362335205078,22100,0.0,0.0,0.0
2007-10-05 00:00:00-04:00,29.81145603497225,30.06578788678427,29.729706016173868,29.956789016723633,8000,0.0,0.0,0.0
2007-10-08 00:00:00-04:00,29.947704013393334,29.965871067292706,29.793285787754304,29.856868743896484,7900,0.0,0.0,0.0
2007-10-09 00:00:00-04:00,29.920460979830295,30.138462229224306,29.775127968571724,30.065793991088867,2100,0.0,0.0,0.0
2007-10-10 00:00:00-04:00,30.038539946853803,30.038539946853803,29.73879217884017,29.947708129882812,2600,0.0,0.0,0.0
2007-10-11 00:00:00-04:00,30.065792138794315,30.20204334439794,29.51171244970274,29.675209045410156,7400,0.0,0.0,0.0
2007-10-12 00:00:00-04:00,29.666124600018367,29.875040555615676,29.666124600018367,29.80237579345703,15000,0.0,0.0,0.0
2007-10-15 00:00:00-04:00,29.720621717105693,29.720621717105693,29.45720462705531,29.620704650878906,6100,0.0,0.0,0.0
2007-10-16 00:00:00-04:00,29.611636023836496,29.657055417641338,29.35730405059302,29.375471115112305,9300,0.0,0.0,0.0
2007-10-17 00:00:00-04:00,29.766034387147652,29.89320028852828,29.375451424329476,29.520784378051758,2700,0.0,0.0,0.0
2007-10-18 00:00:00-04:00,29.51171636648738,29.611630003510168,29.51171636648738,29.538965225219727,4200,0.0,0.0,0.0
2007-10-19 00:00:00-04:00,29.08479623865972,29.139297415775907,28.703296661376953,28.703296661376953,6800,0.0,0.0,0.0
2007-10-22 00:00:00-04:00,28.276373457460828,28.894039474123332,28.276373457460828,28.821372985839844,9100,0.0,0.0,0.0
2007-10-23 00:00:00-04:00,29.075710537987,29.21196174621582,28.89404514785871,29.21196174621582,26900,0.0,0.0,0.0
2007-10-24 00:00:00-04:00,29.08479365049923,29.25737549849134,28.739626489503106,29.075708389282227,5200,0.0,0.0,0.0
2007-10-25 00:00:00-04:00,29.021219876969173,29.021219876969173,28.657885543433874,28.785053253173828,33100,0.0,0.0,0.0
2007-10-26 00:00:00-04:00,29.00303825587557,29.039370631488364,28.830454707324318,28.95762062072754,16900,0.0,0.0,0.0
2007-10-29 00:00:00-04:00,29.11204250412643,29.121127765343434,28.96670950976152,29.075708389282227,3900,0.0,0.0,0.0
2007-10-30 00:00:00-04:00,29.084797884798384,29.14838086252649,28.912214279174805,28.912214279174805,109500,0.0,0.0,0.0
2007-10-31 00:00:00-04:00,29.021214051194274,29.38454484678084,29.021214051194274,29.357295989990234,3400,0.0,0.0,0.0
2007-11-01 00:00:00-04:00,28.993967625003645,28.993967625003645,28.621551513671875,28.621551513671875,9000,0.0,0.0,0.0
2007-11-02 00:00:00-04:00,28.676039570687575,28.803205490112305,28.430789526792132,28.803205490112305,7100,0.0,0.0,0.0
2007-11-05 00:00:00-05:00,28.585210429136637,28.74871048357023,28.45804449013539,28.476211547851562,42600,0.0,0.0,0.0
2007-11-06 00:00:00-05:00,28.766873539897926,29.25737190246582,28.557957602739485,29.25737190246582,25900,0.0,0.0,0.0
2007-11-07 00:00:00-05:00,28.812297867422025,28.875882579170487,28.285465240478516,28.285465240478516,39000,0.0,0.0,0.0
2007-11-08 00:00:00-05:00,28.303628799590562,28.61246185985295,28.158295798585442,28.55796241760254,210100,0.0,0.0,0.0
2007-11-09 00:00:00-05:00,28.158301873572952,28.33088549919019,28.112885950650398,28.140134811401367,9000,0.0,0.0,0.0
2007-11-12 00:00:00-05:00,27.985715821817937,27.985715821817937,27.36804962158203,27.36804962158203,12000,0.0,0.0,0.0
2007-11-13 00:00:00-05:00,27.676885121064398,28.140134811401367,27.676885121064398,28.140134811401367,1800,0.0,0.0,0.0
2007-11-14 00:00:00-05:00,28.25821020469597,28.25821020469597,28.040210723876953,28.040210723876953,1500,0.0,0.0,0.0
2007-11-15 00:00:00-05:00,27.822220606008457,27.940304788026705,27.52247098377941,27.631471633911133,55600,0.0,0.0,0.0
2007-11-16 00:00:00-05:00,27.46796417236328,27.531547146042545,27.150047571460856,27.46796417236328,114400,0.0,0.0,0.0
2007-11-19 00:00:00-05:00,27.159133713340097,27.16821724366889,26.641384612142787,26.795801162719727,44000,0.0,0.0,0.0
2007-11-20 00:00:00-05:00,26.950213436139418,27.20454704746257,26.532379769858952,26.777629852294922,11200,0.0,0.0,0.0
2007-11-21 00:00:00-05:00,26.641373725307943,26.813957266017255,26.550540191644853,26.55962371826172,7900,0.0,0.0,0.0
2007-11-23 00:00:00-05:00,26.759464366155775,26.932047960136437,26.714048451558483,26.850297927856445,1700,0.0,0.0,0.0
2007-11-26 00:00:00-05:00,27.004719834314432,27.159136400167657,26.60505485534668,26.60505485534668,10300,0.0,0.0,0.0
2007-11-27 00:00:00-05:00,26.72313051847053,26.968380601888416,26.650464019588117,26.86846351623535,8000,0.0,0.0,0.0
2007-11-28 00:00:00-05:00,27.567882654936998,27.913048129115516,27.249966037992518,27.840381622314453,25500,0.0,0.0,0.0
2007-11-29 00:00:00-05:00,28.14921568475449,28.14921568475449,27.61329952883658,27.96755027770996,5500,0.0,0.0,0.0
2007-11-30 00:00:00-05:00,28.303626113510234,28.303626113510234,27.940293645478537,28.040210723876953,11600,0.0,0.0,0.0
2007-12-03 00:00:00-05:00,27.894878124475213,28.003878739422902,27.785879242033527,27.876712799072266,7200,0.0,0.0,0.0
2007-12-04 00:00:00-05:00,27.70412750001701,27.86762754607051,27.685960443231977,27.75862693786621,2800,0.0,0.0,0.0
2007-12-05 00:00:00-05:00,28.140129124804414,28.149212654054594,27.949380208068806,28.09471321105957,43200,0.0,0.0,0.0
2007-12-06 00:00:00-05:00,28.412630746693093,28.794130325317383,28.403547217141785,28.794130325317383,6000,0.0,0.0,0.0
2007-12-07 00:00:00-05:00,28.90312470464309,29.048457689772825,28.812291155810545,28.984874725341797,31200,0.0,0.0,0.0
2007-12-10 00:00:00-05:00,29.048462711264644,29.175628662109375,28.96671267643414,29.175628662109375,6200,0.0,0.0,0.0
2007-12-11 00:00:00-05:00,29.20287928749221,29.20287928749221,28.149212425601416,28.25821304321289,47400,0.0,0.0,0.0
2007-12-12 00:00:00-05:00,28.86679707637903,28.86679707637903,28.103797912597656,28.103797912597656,3000,0.0,0.0,0.0
2007-12-13 00:00:00-05:00,28.24912798031272,28.412628031600043,28.103794986391982,28.367210388183594,7000,0.0,0.0,0.0
2007-12-14 00:00:00-05:00,28.067459106445312,28.27637505550403,28.0583755783333,28.067459106445312,10600,0.0,0.0,0.0
2007-12-17 00:00:00-05:00,27.74954283216831,27.84037638169786,27.422544479370117,27.422544479370117,3300,0.0,0.0,0.0
2007-12-18 00:00:00-05:00,27.71321329929475,27.71321329929475,27.304463150667058,27.640546798706055,5600,0.0,0.0,0.0
2007-12-19 00:00:00-05:00,27.885797593232198,27.894879390092722,27.6768798828125,27.6768798828125,5300,0.0,0.0,0.0
2007-12-20 00:00:00-05:00,27.813130335674632,28.031129837036133,27.122797715110202,28.031129837036133,17000,0.0,0.0,0.0
2007-12-21 00:00:00-05:00,28.404708899947746,28.604677426476474,28.404708899947746,28.53196144104004,44200,0.021,0.0,0.0
2007-12-24 00:00:00-05:00,28.813735032293117,28.940987562921727,28.750107033293112,28.877361297607422,8100,0.0,0.0,0.0
2007-12-26 00:00:00-05:00,28.677395587921236,28.922812707523363,28.641038459287206,28.91372299194336,19700,0.0,0.0,0.0
2007-12-27 00:00:00-05:00,28.831913799173222,28.831913799173222,28.286544799804688,28.286544799804688,3500,0.0,0.0,0.0
2007-12-28 00:00:00-05:00,28.631953297397036,28.631953297397036,28.331999570295565,28.368356704711914,8000,0.0,0.0,0.0
2007-12-31 00:00:00-05:00,28.077489811441275,28.259280665914222,28.050222396850586,28.050222396850586,11000,0.0,0.0,0.0
2008-01-02 00:00:00-05:00,27.95932895800121,27.95932895800121,27.39577865600586,27.39577865600586,6600,0.0,0.0,0.0
2008-01-03 00:00:00-05:00,27.56847980666856,27.677554673846632,27.39577865600586,27.39577865600586,8000,0.0,0.0,0.0
2008-01-04 00:00:00-05:00,27.08673016000038,27.08673016000038,26.495912551879883,26.495912551879883,83100,0.0,0.0,0.0
2008-01-07 00:00:00-05:00,26.65952561324274,26.714062173189298,26.186870803876584,26.441377639770508,173000,0.0,0.0,0.0
2008-01-08 00:00:00-05:00,26.4141060030912,26.477732272645607,25.58696103151228,25.6778564453125,10100,0.0,0.0,0.0
2008-01-09 00:00:00-05:00,25.414262762875808,25.741485595703125,25.114309077346107,25.741485595703125,30900,0.0,0.0,0.0
2008-01-10 00:00:00-05:00,25.42335552949333,26.177784691733475,25.42335552949333,25.959636688232422,19600,0.0,0.0,0.0
2008-01-11 00:00:00-05:00,25.723305878419925,25.8142013013829,25.37790535158382,25.559696197509766,23800,0.0,0.0,0.0
2008-01-14 00:00:00-05:00,25.67785577916908,25.868734582880457,25.65967635014349,25.796018600463867,4200,0.0,0.0,0.0
2008-01-15 00:00:00-05:00,25.486980194958814,25.53242703957784,25.214293926186706,25.33245849609375,20300,0.0,0.0,0.0
2008-01-16 00:00:00-05:00,25.041591415969762,25.423350784263352,24.94160801658075,25.114307403564453,14200,0.0,0.0,0.0
2008-01-17 00:00:00-05:00,25.259739716075664,25.259739716075664,24.141729084793095,24.187177658081055,8200,0.0,0.0,0.0
2008-01-18 00:00:00-05:00,24.368965811384182,24.596203468012455,24.05083274536745,24.350788116455078,26000,0.0,0.0,0.0
2008-01-22 00:00:00-05:00,22.905557646004517,24.468952178955078,22.905557646004517,24.468952178955078,7000,0.0,0.0,0.0
2008-01-23 00:00:00-05:00,23.82359710753626,25.187023162841797,23.82359710753626,25.187023162841797,1800,0.0,0.0,0.0
2008-01-24 00:00:00-05:00,25.141585299630098,25.486987661187364,25.141585299630098,25.30519676208496,4700,0.0,0.0,0.0
2008-01-25 00:00:00-05:00,25.52334096200328,25.83238440378434,25.432445526123047,25.432445526123047,4600,0.0,0.0,0.0
2008-01-28 00:00:00-05:00,25.277913479662896,25.741478452976587,25.277913479662896,25.723299026489258,40200,0.0,0.0,0.0
2008-01-29 00:00:00-05:00,25.968719260537927,26.150510080284032,25.914182708088394,26.04143524169922,4800,0.0,0.0,0.0
2008-01-30 00:00:00-05:00,26.22322357291592,26.68678855895996,26.15050759865522,26.68678855895996,800,0.0,0.0,0.0
2008-01-31 00:00:00-05:00,25.677857986238184,26.63225555419922,25.677857986238184,26.63225555419922,10000,0.0,0.0,0.0
2008-02-01 00:00:00-05:00,26.577715942492734,27.06855010986328,26.541358819179578,27.06855010986328,14200,0.0,0.0,0.0
2008-02-04 00:00:00-05:00,26.941297226197964,26.941297226197964,26.71405955935436,26.75950813293457,19500,0.0,0.0,0.0
2008-02-05 00:00:00-05:00,26.423198683442365,26.468647262286293,25.96872329711914,25.96872329711914,11600,0.0,0.0,0.0
2008-02-06 00:00:00-05:00,25.905094864067493,26.150511968338005,25.814199447631836,25.814199447631836,1600,0.0,0.0,0.0
2008-02-07 00:00:00-05:00,25.6778541518939,25.959628349190663,25.55060162415065,25.950538635253906,16200,0.0,0.0,0.0
2008-02-08 00:00:00-05:00,25.85964921061455,26.068707464440017,25.714217231111096,25.90509605407715,11500,0.0,0.0,0.0
2008-02-11 00:00:00-05:00,25.82329225022113,26.232320806244388,25.759665971214417,26.132335662841797,4200,0.0,0.0,0.0
2008-02-12 00:00:00-05:00,26.305042098084915,26.477741537681553,26.17778778076172,26.17778778076172,11500,0.0,0.0,0.0
2008-02-13 00:00:00-05:00,26.4322879635925,26.795867919921875,26.414108532354533,26.795867919921875,11600,0.0,0.0,0.0
2008-02-14 00:00:00-05:00,26.90494128168051,26.90494128168051,26.459555643164634,26.523181915283203,5800,0.0,0.0,0.0
2008-02-15 00:00:00-05:00,26.32321593803689,26.32321593803689,26.005084525622145,26.277769088745117,9200,0.0,0.0,0.0
2008-02-19 00:00:00-05:00,26.586806724462004,26.74132840554135,26.377748489379883,26.377748489379883,4400,0.0,0.0,0.0
2008-02-20 00:00:00-05:00,26.223227105908613,26.659523010253906,26.18686824703693,26.659523010253906,6400,0.0,0.0,0.0
2008-02-21 00:00:00-05:00,26.541359126026205,26.832223050637054,26.241405487060547,26.241405487060547,78600,0.0,0.0,0.0
2008-02-22 00:00:00-05:00,26.414110659404088,26.414110659404088,25.841472398783214,26.268678665161133,10000,0.0,0.0,0.0
2008-02-25 00:00:00-05:00,26.177773966690665,26.459549872744617,26.177773966690665,26.395923614501953,2100,0.0,0.0,0.0
2008-02-26 00:00:00-05:00,26.814049214987982,27.132182349021672,26.668617222347343,26.995840072631836,11400,0.0,0.0,0.0
2008-02-27 00:00:00-05:00,27.068553677662564,27.123090236663412,26.85949368973508,26.914031982421875,2700,0.0,0.0,0.0
2008-02-28 00:00:00-05:00,26.66861196923114,26.80495421876462,26.459553737700748,26.623165130615234,15600,0.0,0.0,0.0
2008-02-29 00:00:00-05:00,26.395926123926728,26.395926123926728,25.850555419921875,25.850555419921875,4800,0.0,0.0,0.0
2008-03-03 00:00:00-05:00,25.959630252935515,26.18686791696184,25.959630252935515,26.050525665283203,14700,0.0,0.0,0.0
2008-03-04 00:00:00-05:00,26.20505165794748,26.20505165794748,25.641501395613886,26.132335662841797,57700,0.0,0.0,0.0
2008-03-05 00:00:00-05:00,26.232320806244388,26.405020211066585,26.059619667736115,26.132335662841797,4700,0.0,0.0,0.0
2008-03-06 00:00:00-05:00,26.123244518855223,26.15960338126374,25.886917114257812,25.886917114257812,1800,0.0,0.0,0.0
2008-03-07 00:00:00-05:00,25.541518719324454,25.777846143625602,25.20520614874963,25.35972785949707,17400,0.0,0.0,0.0
2008-03-10 00:00:00-04:00,25.23247722860634,25.23247722860634,24.65074920654297,24.65074920654297,22700,0.0,0.0,0.0
2008-03-11 00:00:00-04:00,25.19611009265126,25.577869415283203,24.97796215595953,25.577869415283203,11800,0.0,0.0,0.0
2008-03-12 00:00:00-04:00,25.505160538491413,25.805114251677637,25.450623972553785,25.46880340576172,10600,0.0,0.0,0.0
2008-03-13 00:00:00-04:00,24.841624539114022,25.768754743000738,24.832534823348148,25.741485595703125,2700,0.0,0.0,0.0
2008-03-14 00:00:00-04:00,25.777841774895528,25.777841774895528,25.050680192508683,25.277917861938477,4100,0.0,0.0,0.0
2008-03-17 00:00:00-04:00,24.850713238889234,25.005234933219594,24.71437097534738,24.868892669677734,1100,0.0,0.0,0.0
2008-03-18 00:00:00-04:00,25.43243772460958,25.732391357421875,25.43243772460958,25.732391357421875,1500,0.0,0.0,0.0
2008-03-19 00:00:00-04:00,25.95053937515708,26.105061049116326,25.07794761657715,25.07794761657715,24200,0.0,0.0,0.0
2008-03-20 00:00:00-04:00,24.61840493562285,25.329603926508145,24.61840493562285,25.23842430114746,21700,0.086,0.0,0.0
2008-03-24 00:00:00-04:00,25.429896150700632,26.131976900268157,25.429896150700632,26.031679153442383,4100,0.0,0.0,0.0
2008-03-25 00:00:00-04:00,26.13198272454437,26.423756155860733,26.113746450310387,26.369049072265625,33100,0.0,0.0,0.0
2008-03-26 00:00:00-04:00,26.186690045203495,26.241398868400704,26.1502192355122,26.232280731201172,4400,0.0,0.0,0.0
2008-03-27 00:00:00-04:00,26.36905156255201,26.36905156255201,25.958744049072266,25.958744049072266,13600,0.0,0.0,0.0
2008-03-28 00:00:00-04:00,26.159339625635454,26.19581043846773,25.858448028564453,25.858448028564453,4400,0.0,0.0,0.0
2008-03-31 00:00:00-04:00,25.949617676786104,26.049915423611875,25.922265010638306,26.031679153442383,1600,0.0,0.0,0.0
2008-04-01 00:00:00-04:00,26.204927139429262,26.824946575540334,26.204927139429262,26.797592163085938,7600,0.0,0.0,0.0
2008-04-02 00:00:00-04:00,26.843177800667068,27.089360510016167,26.843177800667068,26.94347381591797,3000,0.0,0.0,0.0
2008-04-03 00:00:00-04:00,26.852291107177734,26.943468970261264,26.834054838918522,26.852291107177734,3400,0.0,0.0,0.0
2008-04-04 00:00:00-04:00,26.979946532085304,27.280838057981526,26.797587293739348,27.043771743774414,15900,0.0,0.0,0.0
2008-04-07 00:00:00-04:00,27.23525256938862,27.35378487196012,26.979949951171875,26.979949951171875,15000,0.0,0.0,0.0
2008-04-08 00:00:00-04:00,26.852302186665213,27.034659727180806,26.852302186665213,27.007307052612305,5400,0.0,0.0,0.0
2008-04-09 00:00:00-04:00,27.062009935615887,27.062009935615887,26.569641000609703,26.58787727355957,8500,0.0,0.0,0.0
2008-04-10 00:00:00-04:00,26.441990506953427,26.82494354248047,26.441990506953427,26.82494354248047,4800,0.0,0.0,0.0
2008-04-11 00:00:00-04:00,26.441988711994473,26.45110684782933,26.15933345754024,26.250513076782227,4200,0.0,0.0,0.0
2008-04-14 00:00:00-04:00,26.232284144669396,26.268754959106445,26.195811591125274,26.268754959106445,600,0.0,0.0,0.0
2008-04-15 00:00:00-04:00,26.432875690699728,26.432875690699728,26.113747831157493,26.423757553100586,6600,0.0,0.0,0.0
2008-04-16 00:00:00-04:00,26.715524006085403,27.26259994506836,26.660816933919044,27.26259994506836,10100,0.0,0.0,0.0
2008-04-17 00:00:00-04:00,27.116713679672554,27.262600367112242,26.834058440146475,26.989063262939453,299500,0.0,0.0,0.0
2008-04-18 00:00:00-04:00,27.508794413135917,28.539119720458984,27.490558136059413,28.539119720458984,13600,0.0,0.0,0.0
2008-04-21 00:00:00-04:00,27.672913722864745,27.70026639570954,27.454083644572055,27.645559310913086,8600,0.0,0.0,0.0
2008-04-22 00:00:00-04:00,27.581734804863217,27.581734804863217,27.162310912023393,27.33555030822754,4700,0.0,0.0,0.0
2008-04-23 00:00:00-04:00,27.2261370630204,27.59997201992893,27.153193699211588,27.46320343017578,20200,0.0,0.0,0.0
2008-04-24 00:00:00-04:00,27.517908358741682,27.773209242483873,27.189662377808194,27.700265884399414,8300,0.0,0.0,0.0
2008-04-25 00:00:00-04:00,27.96469041148736,28.055870056152344,27.672916939845067,28.055870056152344,3500,0.0,0.0,0.0
2008-04-28 00:00:00-04:00,27.982918683689057,28.137923513548063,27.982918683689057,27.992036819458008,2300,0.0,0.0,0.0
2008-04-29 00:00:00-04:00,27.973804436790843,27.973804436790843,27.691149145085426,27.754974365234375,5400,0.0,0.0,0.0
2008-04-30 00:00:00-04:00,27.992040041195377,28.028510849362203,27.609086990356445,27.609086990356445,10600,0.0,0.0,0.0
2008-05-01 00:00:00-04:00,27.745853482811093,28.11057023265068,27.745853482811093,27.964683532714844,17600,0.0,0.0,0.0
2008-05-02 00:00:00-04:00,28.19263685282298,28.19263685282298,27.864390848638212,28.03763198852539,18900,0.0,0.0,0.0
2008-05-05 00:00:00-04:00,27.992040747974205,28.101454914344085,27.827917759312566,27.973804473876953,22600,0.0,0.0,0.0
2008-05-06 00:00:00-04:00,27.700268731495324,28.374997037010218,27.682034194430152,28.046751022338867,43100,0.0,0.0,0.0
2008-05-07 00:00:00-04:00,28.137930758018125,28.137930758018125,27.59085464477539,27.59085464477539,25600,0.0,0.0,0.0
2008-05-08 00:00:00-04:00,27.67290746529455,28.010269774210908,27.67290746529455,27.937326431274414,6400,0.0,0.0,0.0
2008-05-09 00:00:00-04:00,27.627322412670516,27.809681676684953,27.627322412670516,27.718502044677734,3700,0.0,0.0,0.0
2008-05-12 00:00:00-04:00,27.736740416265977,28.25646209716797,27.736740416265977,28.25646209716797,1800,0.0,0.0,0.0
2008-05-13 00:00:00-04:00,28.4935197044481,28.739704132080078,28.36586929268623,28.739704132080078,5000,0.0,0.0,0.0
2008-05-14 00:00:00-04:00,28.757944443898992,29.013245303304327,28.67588295648823,28.703235626220703,9600,0.0,0.0,0.0
2008-05-15 00:00:00-04:00,28.721468165406574,28.922061920166016,28.67587922904057,28.922061920166016,6800,0.0,0.0,0.0
2008-05-16 00:00:00-04:00,28.949416325449484,28.976770730732955,28.666761093946082,28.922061920166016,12000,0.0,0.0,0.0
2008-05-19 00:00:00-04:00,28.99501263981803,29.332375028626362,28.840007781982422,28.840007781982422,8700,0.0,0.0,0.0
2008-05-20 00:00:00-04:00,28.721476497270178,28.830892411038267,28.66676940993961,28.730594635009766,11800,0.0,0.0,0.0
2008-05-21 00:00:00-04:00,28.840006698916664,28.94030446760453,28.311166922474243,28.41146469116211,11900,0.0,0.0,0.0
2008-05-22 00:00:00-04:00,28.347636671244377,28.457050827092285,28.219986243052933,28.302047729492188,24900,0.0,0.0,0.0
2008-05-23 00:00:00-04:00,28.1014481685233,28.1014481685233,27.92820708439998,28.08321189880371,6100,0.0,0.0,0.0
2008-05-27 00:00:00-04:00,28.24733471892822,28.33851432800293,28.110566174869348,28.33851432800293,6700,0.0,0.0,0.0
2008-05-28 00:00:00-04:00,28.44794055292511,28.68500518798828,28.42970427665655,28.68500518798828,3400,0.0,0.0,0.0
2008-05-29 00:00:00-04:00,28.67588971173524,28.940308769710107,28.657653434879848,28.812658309936523,2900,0.0,0.0,0.0
2008-05-30 00:00:00-04:00,28.858236784177954,29.06794867454469,28.858236784177954,29.04059600830078,1900,0.0,0.0,0.0
2008-06-02 00:00:00-04:00,29.06794921596079,29.06794921596079,28.67587983327504,28.849119186401367,201200,0.0,0.0,0.0
2008-06-03 00:00:00-04:00,28.922070929397595,28.922070929397595,28.43882179260254,28.43882179260254,6900,0.0,0.0,0.0
2008-06-04 00:00:00-04:00,28.566467676228434,28.88559549647325,28.566467676228434,28.630292892456055,14200,0.0,0.0,0.0
2008-06-05 00:00:00-04:00,28.712357404155455,29.177371978759766,28.712357404155455,29.177371978759766,26500,0.0,0.0,0.0
2008-06-06 00:00:00-04:00,28.85824229928814,28.867360436147496,28.26557731628418,28.26557731628418,185500,0.0,0.0,0.0
2008-06-09 00:00:00-04:00,28.11057335963634,28.274696350097656,28.08321894819051,28.274696350097656,3700,0.0,0.0,0.0
2008-06-10 00:00:00-04:00,28.037623751074857,28.110567092895508,28.037623751074857,28.110567092895508,1000,0.0,0.0,0.0
2008-06-11 00:00:00-04:00,27.682029738757983,27.682029738757983,27.32642936706543,27.32642936706543,82700,0.0,0.0,0.0
2008-06-12 00:00:00-04:00,27.536146010632933,27.827919457567774,27.043777014600195,27.435848236083984,47300,0.0,0.0,0.0
2008-06-13 00:00:00-04:00,27.73674087380009,27.891745740758193,27.70938645994619,27.864391326904297,25000,0.0,0.0,0.0
2008-06-16 00:00:00-04:00,27.77320503921635,28.09233283470331,27.77320503921635,27.992036819458008,24900,0.0,0.0,0.0
2008-06-17 00:00:00-04:00,27.973802794770197,27.982920931271515,27.837034225463867,27.837034225463867,15100,0.0,0.0,0.0
2008-06-18 00:00:00-04:00,27.709388122555104,27.818804045428838,27.599973938788466,27.682035446166992,17200,0.0,0.0,0.0
2008-06-19 00:00:00-04:00,27.700270243562606,28.201757431030273,27.700270243562606,28.201757431030273,2500,0.0,0.0,0.0
2008-06-20 00:00:00-04:00,27.97358107695188,27.97358107695188,27.617637204779808,27.727157592773438,5500,0.03,0.0,0.0
2008-06-23 00:00:00-04:00,27.81842287144734,27.81842287144734,27.517239224364946,27.553747177124023,3000,0.0,0.0,0.0
2008-06-24 00:00:00-04:00,27.352956580817153,27.425970744638818,27.124787101275082,27.206928253173828,28000,0.0,0.0,0.0
2008-06-25 00:00:00-04:00,27.252566688068722,27.252566688068722,27.088284363205837,27.2160587310791,3500,0.0,0.0,0.0
2008-06-26 00:00:00-04:00,26.832736878487697,26.832736878487697,26.422032761332588,26.485919952392578,6500,0.0,0.0,0.0
2008-06-27 00:00:00-04:00,26.31251192040416,26.549808456646456,26.31251192040416,26.449413299560547,5100,0.0,0.0,0.0
2008-06-30 00:00:00-04:00,26.349017929722628,26.723215817377834,26.349017929722628,26.504173278808594,7900,0.0,0.0,0.0
2008-07-01 00:00:00-04:00,25.993072873086835,26.422032710746183,25.920058691901577,26.38552474975586,84300,0.0,0.0,0.0
2008-07-02 00:00:00-04:00,26.33076121040662,26.33076121040662,25.399829212737355,25.41808319091797,5600,0.0,0.0,0.0
2008-07-03 00:00:00-04:00,25.628001245695653,25.628001245695653,25.098648011805743,25.299436569213867,36900,0.0,0.0,0.0
2008-07-07 00:00:00-04:00,25.454594392796654,25.454594392796654,24.824847689360627,25.235551834106445,11400,0.0,0.0,0.0
2008-07-08 00:00:00-04:00,25.089521756198923,25.783157348632812,24.943493393664987,25.783157348632812,58600,0.0,0.0,0.0
2008-07-09 00:00:00-04:00,25.792283474775356,25.856170663644125,25.235549273269797,25.253803253173828,1300,0.0,0.0,0.0
2008-07-10 00:00:00-04:00,25.2629233373909,25.682754315648864,25.244669362476678,25.536725997924805,2900,0.0,0.0,0.0
2008-07-11 00:00:00-04:00,25.18991073957024,25.728390847345892,25.18991073957024,25.545854568481445,8500,0.0,0.0,0.0
2008-07-14 00:00:00-04:00,25.655381389861272,25.655381389861272,25.272056526569592,25.47284507751465,4100,0.0,0.0,0.0
2008-07-15 00:00:00-04:00,24.916109723908967,25.55498504638672,24.916109723908967,25.55498504638672,17200,0.0,0.0,0.0
2008-07-16 00:00:00-04:00,25.390704236366066,26.066085815429688,25.28118384019105,26.066085815429688,27000,0.0,0.0,0.0
2008-07-17 00:00:00-04:00,26.139101780135334,26.376398309130973,25.938313212890762,26.321638107299805,19900,0.0,0.0,0.0
2008-07-18 00:00:00-04:00,26.394650322860898,26.522424697875977,26.266875947845822,26.522424697875977,53200,0.0,0.0,0.0
2008-07-21 00:00:00-04:00,26.53154754638672,26.577182488051413,26.34901300211304,26.53154754638672,9600,0.0,0.0,0.0
2008-07-22 00:00:00-04:00,26.604566993677306,27.097414016723633,26.604566993677306,27.097414016723633,19300,0.0,0.0,0.0
2008-07-23 00:00:00-04:00,27.352966885454954,27.352966885454954,26.796234329375956,26.887500762939453,65400,0.0,0.0,0.0
2008-07-24 00:00:00-04:00,26.91487359140983,26.91487359140983,26.22123811333056,26.248619079589844,11200,0.0,0.0,0.0
2008-07-25 00:00:00-04:00,26.15735877075736,26.64107887484473,26.15735877075736,26.440288543701172,106300,0.0,0.0,0.0
2008-07-28 00:00:00-04:00,26.704958336465076,26.704958336465076,26.120844976853604,26.139097213745117,5000,0.0,0.0,0.0
2008-07-29 00:00:00-04:00,26.586313024336278,26.81448255566383,26.522425834091823,26.79623031616211,10800,0.0,0.0,0.0
2008-07-30 00:00:00-04:00,27.088288754462493,27.25257110595703,26.933133393694924,27.25257110595703,14600,0.0,0.0,0.0
2008-07-31 00:00:00-04:00,26.878366212291763,27.051773768699814,26.631942749023438,26.631942749023438,46300,0.0,0.0,0.0
2008-08-01 00:00:00-04:00,26.39465532705707,26.577191675224736,26.24862694484119,26.440288543701172,7200,0.0,0.0,0.0
2008-08-04 00:00:00-04:00,26.394649434252983,26.394649434252983,25.90180244870946,25.993070602416992,7300,0.0,0.0,0.0
2008-08-05 00:00:00-04:00,26.35813864259948,26.62281608581543,26.35813864259948,26.62281608581543,5400,0.0,0.0,0.0
2008-08-06 00:00:00-04:00,26.70496237981314,26.70496237981314,26.230369332874016,26.586313247680664,25100,0.0,0.0,0.0
2008-08-07 00:00:00-04:00,26.787106744068637,26.787106744068637,26.202991485595703,26.202991485595703,8800,0.0,0.0,0.0
2008-08-08 00:00:00-04:00,26.987885987820178,27.07002714040712,26.21210940271849,26.951379776000977,7900,0.0,0.0,0.0
2008-08-11 00:00:00-04:00,27.170425741150854,27.39859525176019,26.978762447025495,27.161298751831055,12800,0.0,0.0,0.0
2008-08-12 00:00:00-04:00,26.94225516898972,26.94225516898972,26.75059188241609,26.787099838256836,6700,0.0,0.0,0.0
2008-08-13 00:00:00-04:00,26.723211975223613,27.006141662597656,26.568056648445246,27.006141662597656,6400,0.0,0.0,0.0
2008-08-14 00:00:00-04:00,26.923998677314767,27.20692834548429,26.923998677314767,27.106534957885742,5400,0.0,0.0,0.0
2008-08-15 00:00:00-04:00,27.34383397288975,27.34383397288975,27.033525032536197,27.14304542541504,6300,0.0,0.0,0.0
2008-08-18 00:00:00-04:00,27.197804340588057,27.197804340588057,26.75059231901086,26.823606491088867,12700,0.0,0.0,0.0
2008-08-19 00:00:00-04:00,26.522425189875968,26.522425189875968,26.28512867416368,26.358142852783203,8100,0.0,0.0,0.0
2008-08-20 00:00:00-04:00,26.248616510333296,26.568054122244135,26.248616510333296,26.46765899658203,5700,0.0,0.0,0.0
2008-08-21 00:00:00-04:00,26.248622567529218,26.367269955495207,26.084340229733744,26.257749557495117,5300,0.0,0.0,0.0
2008-08-22 00:00:00-04:00,26.431155948799734,26.723214392110645,26.431155948799734,26.64107322692871,2600,0.0,0.0,0.0
2008-08-25 00:00:00-04:00,26.40377808321836,26.40377808321836,26.020453206190407,26.10259437561035,4800,0.0,0.0,0.0
2008-08-26 00:00:00-04:00,25.983941124847785,26.184731391936523,25.8926747206748,26.111717224121094,4000,0.0,0.0,0.0
2008-08-27 00:00:00-04:00,26.239496982436183,26.56806167561862,26.239496982436183,26.422033309936523,17100,0.0,0.0,0.0
2008-08-28 00:00:00-04:00,26.686703377409508,27.060901202249358,26.686703377409508,27.024394989013672,24600,0.0,0.0,0.0
2008-08-29 00:00:00-04:00,26.905750716353925,26.96963790659838,26.76884934571647,26.79623031616211,230900,0.0,0.0,0.0
2008-09-02 00:00:00-04:00,26.266878797408445,27.33471234375134,26.266878797408445,26.650203704833984,373600,0.0,0.0,0.0
2008-09-03 00:00:00-04:00,26.49504689193144,26.768849636177304,26.212115416642604,26.38552474975586,13800,0.0,0.0,0.0
2008-09-04 00:00:00-04:00,25.974815266164764,25.974815266164764,25.281181512142947,25.427209854125977,23900,0.0,0.0,0.0
2008-09-05 00:00:00-04:00,25.491098671999215,26.467663924478597,24.870477308346267,25.381576538085938,23000,0.0,0.0,0.0
2008-09-08 00:00:00-04:00,25.554983531979282,26.002195534893506,25.408955193917294,25.646251678466797,18000,0.0,0.0,0.0
2008-09-09 00:00:00-04:00,25.57324365154213,25.664511819950167,24.678819430893505,24.733579635620117,258800,0.0,0.0,0.0
2008-09-10 00:00:00-04:00,24.952620478707566,25.217296234007446,24.69706997290475,24.98000144958496,25500,0.0,0.0,0.0
2008-09-11 00:00:00-04:00,24.87959813516919,25.500219345092773,24.423259215024768,25.500219345092773,493400,0.0,0.0,0.0
2008-09-12 00:00:00-04:00,25.481974928058,25.79228564940849,25.244678391684364,25.74665069580078,442200,0.0,0.0,0.0
2008-09-15 00:00:00-04:00,24.32286920499441,25.554984896371355,24.32286920499441,24.906984329223633,23200,0.0,0.0,0.0
2008-09-16 00:00:00-04:00,25.30856345209058,26.841862948122373,23.9486732835564,25.253803253173828,41800,0.0,0.0,0.0
2008-09-17 00:00:00-04:00,25.682757940037007,25.682757940037007,19.686463857303,23.72962760925293,60300,0.0,0.0,0.0
2008-09-18 00:00:00-04:00,24.04906775266984,25.199042342198425,22.89909316314125,24.8704776763916,92500,0.0,0.0,0.0
2008-09-19 00:00:00-04:00,27.401386307604966,27.401386307604966,24.989260809782696,25.637975692749023,21400,0.03,0.0,0.0
2008-09-22 00:00:00-04:00,26.55165006746014,29.073417500706856,24.660324928203483,28.5526180267334,29400,0.0,0.0,0.0
2008-09-23 00:00:00-04:00,27.236923052280844,27.236923052280844,24.185217960686447,24.194355010986328,120700,0.0,0.0,0.0
2008-09-24 00:00:00-04:00,25.400412736536627,26.68870694752985,23.783193493462743,25.930349349975586,17700,0.0,0.0,0.0
2008-09-25 00:00:00-04:00,25.36386643493729,25.36386643493729,23.755782488152107,23.80146598815918,52400,0.0,0.0,0.0
2008-09-26 00:00:00-04:00,22.44921934979795,23.86543083190918,22.44921934979795,23.86543083190918,17700,0.0,0.0,0.0
2008-09-29 00:00:00-04:00,24.431915175827925,24.431915175827925,21.937557740641683,22.31216812133789,25500,0.0,0.0,0.0
2008-09-30 00:00:00-04:00,22.421804921958252,22.95174154212599,22.22993038665392,22.89691925048828,26100,0.0,0.0,0.0
2008-10-01 00:00:00-04:00,23.298944170677263,23.298944170677263,22.330439528405133,22.440080642700195,27700,0.0,0.0,0.0
2008-10-02 00:00:00-04:00,21.73653930430144,21.73653930430144,20.78630727794977,20.877676010131836,76400,0.0,0.0,0.0
2008-10-03 00:00:00-04:00,20.64012078536008,21.562941793618204,20.567026138305664,20.567026138305664,21500,0.0,0.0,0.0
2008-10-06 00:00:00-04:00,19.726435933198225,20.091909151932562,19.01376184963093,20.055362701416016,53900,0.0,0.0,0.0
2008-10-07 00:00:00-04:00,19.70816219659578,20.311193454201568,19.03203629390789,19.086856842041016,22100,0.0,0.0,0.0
2008-10-08 00:00:00-04:00,17.981296670735624,19.589380297023162,17.981296670735624,19.004621505737305,20100,0.0,0.0,0.0
2008-10-09 00:00:00-04:00,18.44727807241971,19.452330691537284,17.953887939453125,17.953887939453125,23200,0.0,0.0,0.0
2008-10-10 00:00:00-04:00,15.687948216467216,18.538641948775727,15.148874727802188,17.6615047454834,24600,0.0,0.0,0.0
2008-10-13 00:00:00-04:00,18.291954940098535,19.424922943115234,18.291954940098535,19.424922943115234,64500,0.0,0.0,0.0
2008-10-14 00:00:00-04:00,21.51726065087786,22.065471479623586,18.71225063934066,18.904125213623047,44800,0.0,0.0,0.0
2008-10-15 00:00:00-04:00,17.80769763609292,18.227993104069032,17.2960351792953,17.341718673706055,68000,0.0,0.0,0.0
2008-10-16 00:00:00-04:00,17.515321784061353,18.090941918677906,16.70214360799093,18.036121368408203,10100,0.0,0.0,0.0
2008-10-17 00:00:00-04:00,17.113299261732582,18.69397201200088,17.113299261732582,17.908205032348633,17400,0.0,0.0,0.0
2008-10-20 00:00:00-04:00,18.017847621656138,18.37418556213379,17.762017220272483,18.37418556213379,14000,0.0,0.0,0.0
2008-10-21 00:00:00-04:00,18.273684498373676,18.365053269408413,17.652378946594673,17.844253540039062,7500,0.0,0.0,0.0
2008-10-22 00:00:00-04:00,17.42395682903098,17.506188543681883,16.446315046752737,16.894020080566406,8200,0.0,0.0,0.0
2008-10-23 00:00:00-04:00,16.8940152474395,17.17725677092017,16.172205866431266,16.583362579345703,15600,0.0,0.0,0.0
2008-10-24 00:00:00-04:00,15.907238704733972,16.39149186441428,15.770186449794705,16.080839157104492,86300,0.0,0.0,0.0
2008-10-27 00:00:00-04:00,15.86155230946469,16.309257190107495,15.578309059143066,15.578309059143066,4100,0.0,0.0,0.0
2008-10-28 00:00:00-04:00,15.962062507134155,16.44631576538086,15.359031068487337,16.44631576538086,3500,0.0,0.0,0.0
2008-10-29 00:00:00-04:00,16.82092106703769,17.61582685553821,16.665594728719835,17.040205001831055,18800,0.0,0.0,0.0
2008-10-30 00:00:00-04:00,16.811784204559356,17.780288696289062,16.811784204559356,17.780288696289062,9100,0.0,0.0,0.0
2008-10-31 00:00:00-04:00,17.70719529949936,18.483827054458533,17.615828292915648,18.31022834777832,16200,0.0,0.0,0.0
2008-11-03 00:00:00-05:00,18.520374860842708,18.520374860842708,18.255405667736603,18.37418556213379,2400,0.0,0.0,0.0
2008-11-04 00:00:00-05:00,19.287874977728734,19.287874977728734,18.54778948421318,18.84016990661621,9300,0.0,0.0,0.0
2008-11-05 00:00:00-05:00,18.47469055291574,18.75793385840625,18.063533782958984,18.063533782958984,21500,0.0,0.0,0.0
2008-11-06 00:00:00-05:00,17.3599945527588,19.03203606365807,16.994521331769793,17.1224365234375,4600,0.0,0.0,0.0
2008-11-07 00:00:00-05:00,17.27776286019705,17.332583407666956,16.93056373593594,17.1224365234375,4100,0.0,0.0,0.0
2008-11-10 00:00:00-05:00,16.33666795517289,17.643236258191255,16.33666795517289,17.040205001831055,10000,0.0,0.0,0.0
2008-11-11 00:00:00-05:00,16.665596676482124,17.003660537995305,16.629050221102162,16.738691329956055,13600,0.0,0.0,0.0
2008-11-12 00:00:00-05:00,16.43717385649627,16.62904838993261,16.035152435302734,16.035152435302734,7400,0.0,0.0,0.0
2008-11-13 00:00:00-05:00,15.94377891212146,16.72954559326172,15.724493322854352,16.72954559326172,20200,0.0,0.0,0.0
2008-11-14 00:00:00-05:00,16.345804846025363,16.720415115524663,16.30012134690156,16.40062713623047,4700,0.0,0.0,0.0
2008-11-17 00:00:00-05:00,15.898100562473278,16.27271084682149,15.697090718561556,15.761048316955566,15800,0.0,0.0,0.0
2008-11-18 00:00:00-05:00,15.870684817565868,15.989462918164156,15.29506317659259,15.80672550201416,7400,0.0,0.0,0.0
2008-11-19 00:00:00-05:00,14.966146464085604,15.797600691320545,14.637221336364746,14.637221336364746,12600,0.0,0.0,0.0
2008-11-20 00:00:00-05:00,14.399661324735566,14.947872121842211,13.814903199245615,13.91540813446045,14800,0.0,0.0,0.0
2008-11-21 00:00:00-05:00,13.860586945225554,14.673765182495117,13.668713262127465,14.673765182495117,22800,0.0,0.0,0.0
2008-11-24 00:00:00-05:00,14.810814480122927,15.578309059143066,14.810814480122927,15.578309059143066,7300,0.0,0.0,0.0
2008-11-25 00:00:00-05:00,15.541763331136773,15.751910209655762,15.322479404502124,15.751910209655762,7200,0.0,0.0,0.0
2008-11-26 00:00:00-05:00,15.724502638964326,16.665597896192146,15.642272672662719,16.565092086791992,16500,0.0,0.0,0.0
2008-11-28 00:00:00-05:00,16.72041241681655,16.830055236816406,16.601634292637417,16.830055236816406,6100,0.0,0.0,0.0
2008-12-01 00:00:00-05:00,16.48285783474025,16.48285783474025,15.596583366394043,15.596583366394043,2400,0.0,0.0,0.0
2008-12-02 00:00:00-05:00,17.35999325075106,17.35999325075106,15.477804996787347,15.8798246383667,8500,0.0,0.0,0.0
2008-12-03 00:00:00-05:00,16.181336605843935,16.318390547521712,15.633127809985872,16.089969635009766,8800,0.0,0.0,0.0
2008-12-04 00:00:00-05:00,16.13565910360628,16.44631179923109,15.55090190841318,15.706228256225586,18400,0.0,0.0,0.0
2008-12-05 00:00:00-05:00,15.395574471082728,16.40062713623047,15.221974037527463,16.40062713623047,8200,0.0,0.0,0.0
2008-12-08 00:00:00-05:00,17.131568134644453,17.478767148712762,17.076747604573296,17.2412109375,14800,0.0,0.0,0.0
2008-12-09 00:00:00-05:00,17.158991508724867,17.469644305205826,16.939707489334978,17.131580352783203,23900,0.0,0.0,0.0
2008-12-10 00:00:00-05:00,17.113297037416267,17.478770206346436,17.095022943291372,17.26862335205078,19100,0.0,0.0,0.0
2008-12-11 00:00:00-05:00,17.131573006478455,17.323445787648424,16.43717303815688,16.546815872192383,10300,0.0,0.0,0.0
2008-12-12 00:00:00-05:00,16.035147238964907,16.73868406238752,16.01687489056538,16.674726486206055,10100,0.0,0.0,0.0
2008-12-15 00:00:00-05:00,16.86660506110019,16.86660506110019,16.089975089455322,16.37321662902832,15000,0.0,0.0,0.0
2008-12-16 00:00:00-05:00,17.3599910736084,17.3599910736084,16.555950148572027,17.3599910736084,6500,0.0,0.0,0.0
2008-12-17 00:00:00-05:00,20.475657332633762,20.475657332633762,17.177257690891093,17.497047424316406,39100,0.0,0.0,0.0
2008-12-18 00:00:00-05:00,19.233049694271006,19.233049694271006,16.97625058451503,17.16812515258789,15300,0.0,0.0,0.0
2008-12-19 00:00:00-05:00,17.555593253945997,17.555593253945997,17.142411767995434,17.225048065185547,12700,0.092,0.0,0.0
2008-12-22 00:00:00-05:00,17.18832062857459,17.18832062857459,16.40786940833496,16.738412857055664,9800,0.0,0.0,0.0
2008-12-23 00:00:00-05:00,19.41949796760192,19.41949796760192,16.499686592795573,16.637414932250977,14600,0.0,0.0,0.0
2008-12-24 00:00:00-05:00,16.637414180386312,16.82104903921386,16.527231864058976,16.7751407623291,32600,0.0,0.0,0.0
2008-12-26 00:00:00-05:00,16.86695828874933,16.98632085391262,16.69250369232136,16.922048568725586,24600,0.0,0.0,0.0
2008-12-29 00:00:00-05:00,16.756776868453624,16.802685145660007,16.508867968446708,16.738412857055664,19100,0.0,0.0,0.0
2008-12-30 00:00:00-05:00,18.62986496960427,18.62986496960427,16.912868342891233,17.30768585205078,18300,0.0,0.0,0.0
2008-12-31 00:00:00-05:00,17.298503716842905,18.04222869873047,17.298503716842905,18.04222869873047,59200,0.0,0.0,0.0
2009-01-02 00:00:00-05:00,18.042232714198853,18.41868629198007,17.913688102650823,18.354413986206055,5300,0.0,0.0,0.0
2009-01-05 00:00:00-05:00,19.19913953866192,19.19913953866192,18.10650508284283,18.336050033569336,7700,0.0,0.0,0.0
2009-01-06 00:00:00-05:00,19.768406902390495,19.768406902390495,18.556408390948462,18.85940933227539,24300,0.0,0.0,0.0
2009-01-07 00:00:00-05:00,18.45541405436858,18.45541405436858,17.968778137179243,18.060596466064453,12000,0.0,0.0,0.0
2009-01-08 00:00:00-05:00,18.023859700221674,18.31767856053712,18.023859700221674,18.28095054626465,7800,0.0,0.0,0.0
2009-01-09 00:00:00-05:00,18.54723119230969,18.54723119230969,17.785142088688517,17.932050704956055,6200,0.0,0.0,0.0
2009-01-12 00:00:00-05:00,17.977959007910687,17.977959007910687,17.133233587924234,17.215869903564453,10200,0.0,0.0,0.0
2009-01-13 00:00:00-05:00,17.225050742080445,17.371959348518292,17.087324142456055,17.087324142456055,14300,0.0,0.0,0.0
2009-01-14 00:00:00-05:00,16.91286826012016,16.91286826012016,16.45377846125836,16.59150505065918,36100,0.0,0.0,0.0
2009-01-15 00:00:00-05:00,16.25177913777651,16.986322095442382,16.058960516833874,16.68332290649414,24600,0.0,0.0,0.0
2009-01-16 00:00:00-05:00,17.142416440564194,17.169962464232036,16.481327634136456,17.05978012084961,14300,0.0,0.0,0.0
2009-01-20 00:00:00-05:00,17.023045457317494,17.023045457317494,16.031410109088757,16.068138122558594,9200,0.0,0.0,0.0
2009-01-21 00:00:00-05:00,16.316055686081764,16.573144912719727,15.967146376660226,16.573144912719727,4400,0.0,0.0,0.0
2009-01-22 00:00:00-05:00,16.251780725058705,16.481325640659595,15.976325775564398,16.380325317382812,6400,0.0,0.0,0.0
2009-01-23 00:00:00-05:00,16.114049882458794,16.472141086289923,16.09568762303007,16.123231887817383,7000,0.0,0.0,0.0
2009-01-26 00:00:00-05:00,15.765141489384735,16.582320653096318,15.765141489384735,16.334413528442383,8700,0.0,0.0,0.0
2009-01-27 00:00:00-05:00,16.490499335615677,16.628227631213754,16.39868280693433,16.545591354370117,6800,0.0,0.0,0.0
2009-01-28 00:00:00-05:00,17.023053465749182,17.298506691206608,16.931235140167075,17.124052047729492,5800,0.0,0.0,0.0
2009-01-29 00:00:00-05:00,16.821049799377207,16.848595817526007,16.60986891410218,16.637414932250977,8100,0.0,0.0,0.0
2009-01-30 00:00:00-05:00,16.73840977816627,16.79350180222644,16.22422981262207,16.22422981262207,10300,0.0,0.0,0.0
2009-02-02 00:00:00-05:00,16.040595063931278,16.279321941546833,15.93041450582465,16.242595672607422,10800,0.0,0.0,0.0
2009-02-03 00:00:00-05:00,17.555597591155397,17.555597591155397,16.16914595845427,16.43541717529297,26700,0.0,0.0,0.0
2009-02-04 00:00:00-05:00,16.435412943782215,16.839412420141723,16.435412943782215,16.518049240112305,55500,0.0,0.0,0.0
2009-02-05 00:00:00-05:00,16.316051341066043,16.839413414536374,16.196687016523505,16.71086883544922,9900,0.0,0.0,0.0
2009-02-06 00:00:00-05:00,16.940409231587907,17.261770594019527,16.940409231587907,17.197498321533203,3700,0.0,0.0,0.0
2009-02-09 00:00:00-05:00,17.261771348620176,17.261771348620176,16.99550024363846,17.05059051513672,6200,0.0,0.0,0.0
2009-02-10 00:00:00-05:00,17.004687736419783,17.114868314981756,16.260960950327245,16.389507293701172,18200,0.0,0.0,0.0
2009-02-11 00:00:00-05:00,16.44459408355783,16.481322102788546,16.141594930057824,16.334413528442383,8200,0.0,0.0,0.0
2009-02-12 00:00:00-05:00,15.985495784633617,16.150768280029297,15.875315288561435,16.150768280029297,63700,0.0,0.0,0.0
2009-02-13 00:00:00-05:00,16.32523499765857,16.58232418182898,16.233416681331114,16.389507293701172,22000,0.0,0.0,0.0
2009-02-17 00:00:00-05:00,15.609056033192553,15.691692352294922,15.517237706268931,15.691692352294922,18300,0.0,0.0,0.0
2009-02-18 00:00:00-05:00,15.691689785806565,15.691689785806565,15.287690264192994,15.452962875366211,18500,0.0,0.0,0.0
2009-02-19 00:00:00-05:00,15.599871967821981,15.609053974432172,15.048963830231342,15.35196304321289,12700,0.0,0.0,0.0
2009-02-20 00:00:00-05:00,14.360328685144163,15.1591448001323,14.360328685144163,14.883689880371094,14700,0.0,0.0,0.0
2009-02-23 00:00:00-05:00,15.076507122014917,15.076507122014917,14.24096393585205,14.24096393585205,17600,0.0,0.0,0.0
2009-02-24 00:00:00-05:00,14.360322818260759,15.599864196908243,14.222595414648433,14.782685279846191,12500,0.0,0.0,0.0
2009-02-25 00:00:00-05:00,14.700057143726315,14.700057143726315,14.22260328147714,14.49805736541748,25200,0.0,0.0,0.0
2009-02-26 00:00:00-05:00,14.644962580471582,14.644962580471582,14.121600555305168,14.222599983215332,5100,0.0,0.0,0.0
2009-02-27 00:00:00-05:00,13.83696625767559,14.167511473272908,13.83696625767559,13.892057418823242,9800,0.0,0.0,0.0
2009-03-02 00:00:00-05:00,13.589055773472023,13.589055773472023,13.056511772777672,13.065692901611328,15200,0.0,0.0,0.0
2009-03-03 00:00:00-05:00,13.17587589427475,13.17587589427475,12.90042187502012,12.946331024169922,16700,0.0,0.0,0.0
2009-03-04 00:00:00-05:00,12.845331132736746,13.442148339529952,12.845331132736746,13.221784591674805,24600,0.0,0.0,0.0
2009-03-05 00:00:00-05:00,12.992239576155578,13.019785591622405,12.450514406637785,12.523968696594238,39400,0.0,0.0,0.0
2009-03-06 00:00:00-05:00,12.753511284181918,12.854510695845992,12.239330471064696,12.395421028137207,20900,0.0,0.0,0.0
2009-03-09 00:00:00-04:00,12.560698712408819,12.634153019153773,12.165881156921387,12.165881156921387,11500,0.0,0.0,0.0
2009-03-10 00:00:00-04:00,12.624966980381267,12.927966117858887,12.422967263514812,12.927966117858887,15100,0.0,0.0,0.0
2009-03-11 00:00:00-04:00,12.055696175583428,13.240147620447448,12.055696175583428,13.047329902648926,12700,0.0,0.0,0.0
2009-03-12 00:00:00-04:00,12.735150791763925,13.56151294708252,12.735150791763925,13.56151294708252,30800,0.0,0.0,0.0
2009-03-13 00:00:00-04:00,13.772696070414122,13.772696070414122,13.368697370965524,13.497241973876953,4400,0.0,0.0,0.0
2009-03-16 00:00:00-04:00,13.58905601798421,13.800236870908577,13.405420303344727,13.405420303344727,10900,0.0,0.0,0.0
2009-03-17 00:00:00-04:00,13.42378379837604,13.88287353515625,13.295238356845676,13.88287353515625,7800,0.0,0.0,0.0
2009-03-18 00:00:00-04:00,13.680873865511133,15.04896107693341,13.680873865511133,14.25014591217041,9800,0.0,0.0,0.0
2009-03-19 00:00:00-04:00,14.323600286769686,14.424599714679848,14.195054843902412,14.222599983215332,6000,0.0,0.0,0.0
2009-03-20 00:00:00-04:00,14.242803069906053,14.307083653634114,13.7010070763202,13.756104469299316,5600,0.002,0.0,0.0
2009-03-23 00:00:00-04:00,14.040776864150393,14.555024147033691,14.040776864150393,14.555024147033691,20500,0.0,0.0,0.0
2009-03-24 00:00:00-04:00,14.325450911309446,14.68358661484992,14.325450911309446,14.417280197143555,7500,0.0,0.0,0.0
2009-03-25 00:00:00-04:00,13.783653525407784,14.922342862919605,13.783653525407784,14.683585166931152,9700,0.0,0.0,0.0
2009-03-26 00:00:00-04:00,15.023360237195453,15.48250937156925,14.986627465718373,15.363129615783691,8000,0.0,0.0,0.0
2009-03-27 00:00:00-04:00,15.17028627267411,15.308030648633057,15.060089720998093,15.133553504943848,4700,0.0,0.0,0.0
2009-03-30 00:00:00-04:00,14.43564657976477,14.490743976113771,14.187705668922295,14.417280197143555,8100,0.0,0.0,0.0
2009-03-31 00:00:00-04:00,14.251987401063024,14.83969764390614,14.251987401063024,14.62848949432373,4900,0.0,0.0,0.0
2009-04-01 00:00:00-04:00,14.132608973029463,14.830514907836914,14.132608973029463,14.830514907836914,4200,0.0,0.0,0.0
2009-04-02 00:00:00-04:00,15.142737964117044,15.914108635858069,15.142737964117044,15.684534072875977,10600,0.0,0.0,0.0
2009-04-03 00:00:00-04:00,15.592697888876486,15.83145555255657,15.574331510551655,15.757991790771484,9300,0.0,0.0,0.0
2009-04-06 00:00:00-04:00,15.49168442122773,15.583512798620903,15.335573727539696,15.537598609924316,6200,0.0,0.0,0.0
2009-04-07 00:00:00-04:00,15.34475823686543,15.574332729348857,15.15191650390625,15.15191650390625,5400,0.0,0.0,0.0
2009-04-08 00:00:00-04:00,15.36312708037756,15.39067665443881,15.179468507846533,15.262115478515625,2400,0.0,0.0,0.0
2009-04-09 00:00:00-04:00,15.895740701415736,16.327341958732067,15.895740701415736,16.263059616088867,2600,0.0,0.0,0.0
2009-04-13 00:00:00-04:00,15.8406453253867,16.180416459554333,15.8406453253867,16.106952667236328,7700,0.0,0.0,0.0
2009-04-14 00:00:00-04:00,15.712082612289215,15.978388176955832,15.638618827052065,15.74881362915039,6300,0.0,0.0,0.0
2009-04-15 00:00:00-04:00,15.813094388727377,16.088584899902344,15.813094388727377,16.088584899902344,10600,0.0,0.0,0.0
2009-04-16 00:00:00-04:00,16.263056548037795,16.575278004487576,16.09776438125357,16.556913375854492,10000,0.0,0.0,0.0
2009-04-17 00:00:00-04:00,16.511005886511587,16.740580501457014,16.50182269173193,16.64875030517578,9100,0.0,0.0,0.0
2009-04-20 00:00:00-04:00,16.033484593625342,16.033484593625342,15.684532073051605,15.721264839172363,6700,0.0,0.0,0.0
2009-04-21 00:00:00-04:00,15.75798853202811,16.235503760638384,15.75798853202811,16.152856826782227,15100,0.0,0.0,0.0
2009-04-22 00:00:00-04:00,15.464137630105451,16.915048322169294,15.464137630105451,16.5477294921875,10700,0.0,0.0,0.0
2009-04-23 00:00:00-04:00,16.171227830282056,16.64874144406552,16.171227830282056,16.6303768157959,172100,0.0,0.0,0.0
2009-04-24 00:00:00-04:00,17.01606404142552,17.144625212053818,16.648743408462522,16.97014808654785,168900,0.0,0.0,0.0
2009-04-27 00:00:00-04:00,16.713025182097912,16.97014751469003,16.566097634469692,16.676292419433594,10000,0.0,0.0,0.0
2009-04-28 00:00:00-04:00,16.713025369366243,16.87831754866418,16.676292606290335,16.73138999938965,19000,0.0,0.0,0.0
2009-04-29 00:00:00-04:00,17.25482628996455,17.466034483402144,16.887505560402598,17.29155731201172,6600,0.0,0.0,0.0
2009-04-30 00:00:00-04:00,17.19054083171076,17.87926444798704,17.19054083171076,17.300737380981445,67100,0.0,0.0,0.0
2009-05-01 00:00:00-04:00,17.31909897837485,17.594587648149165,17.31909897837485,17.5211238861084,126800,0.0,0.0,0.0
2009-05-04 00:00:00-04:00,17.594597447039103,18.108844067721822,17.594597447039103,18.099660873413086,140600,0.0,0.0,0.0
2009-05-05 00:00:00-04:00,18.062919063839,18.099650067629725,17.74151446097783,17.952722549438477,19600,0.0,0.0,0.0
2009-05-06 00:00:00-04:00,18.127205399064653,18.127205399064653,17.723153719781944,17.925180435180664,6800,0.0,0.0,0.0
2009-05-07 00:00:00-04:00,17.925181136691084,17.93436432879721,17.521129441595622,17.649690628051758,11300,0.0,0.0,0.0
2009-05-08 00:00:00-04:00,18.3108647252561,18.457792282104492,17.998643229074602,18.457792282104492,7100,0.0,0.0,0.0
2009-05-11 00:00:00-04:00,18.044557201962384,18.044557201962384,17.934362411499023,17.934362411499023,5800,0.0,0.0,0.0
2009-05-12 00:00:00-04:00,17.943552055891494,17.943552055891494,17.45685326034923,17.78744125366211,4900,0.0,0.0,0.0
2009-05-13 00:00:00-04:00,17.383380058533987,17.383380058533987,16.905864715576172,16.905864715576172,11700,0.0,0.0,0.0
2009-05-14 00:00:00-04:00,16.979332502239988,17.309920395146104,16.81403855578693,17.117076873779297,8300,0.0,0.0,0.0
2009-05-15 00:00:00-04:00,17.245643477356694,17.309924080994833,17.016068892069004,17.061983108520508,4600,0.0,0.0,0.0
2009-05-18 00:00:00-04:00,17.227266023574366,17.713964462280273,17.208899648186076,17.713964462280273,16400,0.0,0.0,0.0
2009-05-19 00:00:00-04:00,17.750704157733708,17.81498475157026,17.6772403717041,17.6772403717041,4600,0.0,0.0,0.0
2009-05-20 00:00:00-04:00,17.759883550244425,18.062921821721627,17.759883550244425,17.83334732055664,13900,0.0,0.0,0.0
2009-05-21 00:00:00-04:00,17.30991498906647,17.30991498906647,17.04360776928177,17.199718475341797,5300,0.0,0.0,0.0
2009-05-22 00:00:00-04:00,17.218092843597102,17.374203622106315,17.126262664794922,17.126262664794922,12400,0.0,0.0,0.0
2009-05-26 00:00:00-04:00,17.346651111537458,17.879263956763946,17.162992536485206,17.814983367919922,15600,0.0,0.0,0.0
2009-05-27 00:00:00-04:00,17.82417306135128,17.91600325813282,17.484403610229492,17.484403610229492,264400,0.0,0.0,0.0
2009-05-28 00:00:00-04:00,17.686421839338056,17.759885618204393,17.28237017981589,17.732336044311523,261000,0.0,0.0,0.0
2009-05-29 00:00:00-04:00,17.769072090673525,17.906816482543945,17.64050914028149,17.906816482543945,13200,0.0,0.0,0.0
2009-06-01 00:00:00-04:00,18.255770177957046,18.733285733797743,18.191489574577542,18.67818832397461,16800,0.0,0.0,0.0
2009-06-02 00:00:00-04:00,18.705731680480934,19.091416923939754,18.705731680480934,18.852659225463867,30700,0.0,0.0,0.0
2009-06-03 00:00:00-04:00,18.632271349392287,18.632271349392287,18.40269679901445,18.485342025756836,31800,0.0,0.0,0.0
2009-06-04 00:00:00-04:00,18.687367021981427,18.834294580507358,18.48534031537228,18.825111389160156,8200,0.0,0.0,0.0
2009-06-05 00:00:00-04:00,19.01795803887396,19.01795803887396,18.779202008565715,18.916946411132812,11400,0.0,0.0,0.0
2009-06-08 00:00:00-04:00,18.586356929267694,18.760834092443634,18.48534355824242,18.68737030029297,7300,0.0,0.0,0.0
2009-06-09 00:00:00-04:00,18.705736686209377,18.825114691636095,18.650637528460155,18.68737030029297,10500,0.0,0.0,0.0
2009-06-10 00:00:00-04:00,18.815933985722182,18.815933985722182,18.365967980384582,18.512895584106445,8300,0.0,0.0,0.0
2009-06-11 00:00:00-04:00,18.724098193201595,18.751647767474715,18.5679874420166,18.5679874420166,9900,0.0,0.0,0.0
2009-06-12 00:00:00-04:00,18.43024790131597,18.503711700439453,18.209856503945517,18.503711700439453,14200,0.0,0.0,0.0
2009-06-15 00:00:00-04:00,18.035369497360325,18.035369497360325,17.86089416420458,17.952722549438477,6000,0.0,0.0,0.0
2009-06-16 00:00:00-04:00,18.090478632779156,18.099660075167744,17.677243664686912,17.72315788269043,10900,0.0,0.0,0.0
2009-06-17 00:00:00-04:00,17.677238998752063,17.961910928567598,17.677238998752063,17.814983367919922,8000,0.0,0.0,0.0
2009-06-18 00:00:00-04:00,17.7415192500094,17.94354595569179,17.668055471083438,17.888446807861328,10600,0.0,0.0,0.0
2009-06-19 00:00:00-04:00,18.01084854628044,18.02005205218885,17.789969670646403,17.863595962524414,15300,0.043,0.0,0.0
2009-06-22 00:00:00-04:00,17.440250842688037,17.440250842688037,17.237777158240284,17.246980667114258,16800,0.0,0.0,0.0
2009-06-23 00:00:00-04:00,17.3114028640541,17.3114028640541,17.035304629119683,17.16415023803711,12600,0.0,0.0,0.0
2009-06-24 00:00:00-04:00,17.412641729805177,17.615113675301874,17.256185577024553,17.34821891784668,9000,0.0,0.0,0.0
2009-06-25 00:00:00-04:00,17.504675346476173,17.75316484399476,17.504675346476173,17.743961334228516,8100,0.0,0.0,0.0
2009-06-26 00:00:00-04:00,17.74395389649362,17.863595962524414,17.670327604615604,17.863595962524414,11600,0.0,0.0,0.0
2009-06-29 00:00:00-04:00,17.817580815130032,18.020052686069484,17.7255475081978,17.946426391601562,34300,0.0,0.0,0.0
2009-06-30 00:00:00-04:00,17.835992921110957,17.835992921110957,17.651927991956075,17.743961334228516,6500,0.0,0.0,0.0
2009-07-01 00:00:00-04:00,17.9096137214617,18.066069828464958,17.9096137214617,17.955631256103516,7500,0.0,0.0,0.0
2009-07-02 00:00:00-04:00,17.73475785490879,17.73475785490879,17.292999917710677,17.311405181884766,8300,0.0,0.0,0.0
2009-07-06 00:00:00-04:00,17.210159199747324,17.210159199747324,17.00768562338559,17.118125915527344,6800,0.0,0.0,0.0
2009-07-07 00:00:00-04:00,17.182552155865228,17.182552155865228,16.79601368843633,16.814420700073242,14100,0.0,0.0,0.0
2009-07-08 00:00:00-04:00,16.84203302717193,16.906457581538167,16.60274884679866,16.786813735961914,24800,0.0,0.0,0.0
2009-07-09 00:00:00-04:00,16.92485936904806,16.970876898439233,16.759199774018345,16.842029571533203,7200,0.0,0.0,0.0
2009-07-10 00:00:00-04:00,16.970876871961586,16.970876871961586,16.814420783054207,16.90645408630371,4800,0.0,0.0,0.0
2009-07-13 00:00:00-04:00,16.95247840326179,17.32061004638672,16.70398888588116,17.32061004638672,88800,0.0,0.0,0.0
2009-07-14 00:00:00-04:00,17.30219591769855,17.578295853163922,17.30219591769855,17.55988883972168,905800,0.0,0.0,0.0
2009-07-15 00:00:00-04:00,17.70714136701439,18.056867599487305,17.70714136701439,18.056867599487305,44700,0.0,0.0,0.0
2009-07-16 00:00:00-04:00,17.95563103328474,18.268543243408203,17.95563103328474,18.268543243408203,29800,0.0,0.0,0.0
2009-07-17 00:00:00-04:00,18.066070520444953,18.185714359706907,18.066070520444953,18.130495071411133,15200,0.0,0.0,0.0
2009-07-20 00:00:00-04:00,18.268547760345434,18.41580039500154,18.222530214896732,18.378986358642578,36000,0.0,0.0,0.0
2009-07-21 00:00:00-04:00,18.526234593882542,18.526234593882542,18.231729394506345,18.388185501098633,11700,0.0,0.0,0.0
2009-07-22 00:00:00-04:00,18.517032656202115,18.517032656202115,18.397388823039993,18.452608108520508,10800,0.0,0.0,0.0
2009-07-23 00:00:00-04:00,18.351373364237322,18.820741687476406,18.351373364237322,18.756317138671875,18400,0.0,0.0,0.0
2009-07-24 00:00:00-04:00,18.645878821782926,18.78392791748047,18.517033233183817,18.78392791748047,24100,0.0,0.0,0.0
2009-07-27 00:00:00-04:00,18.682687846038775,18.793128156625944,18.58145279633882,18.774721145629883,10400,0.0,0.0,0.0
2009-07-28 00:00:00-04:00,18.664287184076965,18.802336289745615,18.526236323018697,18.793132781982422,14800,0.0,0.0,0.0
2009-07-29 00:00:00-04:00,18.6366713508861,18.72870464690657,18.572248570288505,18.599857330322266,19400,0.0,0.0,0.0
2009-07-30 00:00:00-04:00,18.866761058113713,19.11525052748974,18.82074526988399,18.885168075561523,29000,0.0,0.0,0.0
2009-07-31 00:00:00-04:00,18.83915068564966,19.170469980854246,18.83915068564966,19.004810333251953,20000,0.0,0.0,0.0
2009-08-03 00:00:00-04:00,19.179670761304028,19.326923370361328,18.903572558168975,19.326923370361328,51900,0.0,0.0,0.0
2009-08-04 00:00:00-04:00,19.345329821585636,19.557005221513236,19.345329821585636,19.520191192626953,31900,0.0,0.0,0.0
2009-08-05 00:00:00-04:00,19.437358122197328,19.437358122197328,19.078428454743364,19.262495040893555,16000,0.0,0.0,0.0
2009-08-06 00:00:00-04:00,19.34533477101909,19.34533477101909,18.967999655342414,19.0416259765625,12900,0.0,0.0,0.0
2009-08-07 00:00:00-04:00,19.2532964008659,19.621427910794694,19.207280620395863,19.492582321166992,22600,0.0,0.0,0.0
2009-08-10 00:00:00-04:00,19.363737400320435,19.455768964439077,19.21648303587357,19.326923370361328,24400,0.0,0.0,0.0
2009-08-11 00:00:00-04:00,19.142858955482367,19.161265972600564,18.958794050469706,19.106046676635742,15300,0.0,0.0,0.0
2009-08-12 00:00:00-04:00,19.345328004571662,19.59381741004613,19.345328004571662,19.428157806396484,17000,0.0,0.0,0.0
2009-08-13 00:00:00-04:00,19.510987608221306,19.510987608221306,19.26249820274684,19.428157806396484,21300,0.0,0.0,0.0
2009-08-14 00:00:00-04:00,19.07843369693935,19.11524772644043,18.958791611839917,19.11524772644043,30700,0.0,0.0,0.0
2009-08-17 00:00:00-04:00,18.75631868675255,18.75631868675255,18.59066081375076,18.701099395751953,13700,0.0,0.0,0.0
2009-08-18 00:00:00-04:00,18.719503846456064,18.958789748526904,18.710300339985334,18.866756439208984,10800,0.0,0.0,0.0
2009-08-19 00:00:00-04:00,18.61826764594822,19.023213167095733,18.61826764594822,18.949586868286133,14300,0.0,0.0,0.0
2009-08-20 00:00:00-04:00,18.986399391942786,19.19807653979506,18.986399391942786,19.16126251220703,9000,0.0,0.0,0.0
2009-08-21 00:00:00-04:00,19.290109098989518,19.639835357666016,19.290109098989518,19.639835357666016,16600,0.0,0.0,0.0
2009-08-24 00:00:00-04:00,19.603025639380366,19.70426248737599,19.492587037375987,19.538602828979492,9600,0.0,0.0,0.0
2009-08-25 00:00:00-04:00,19.557000018652023,19.74106660333613,19.557000018652023,19.575407028198242,16900,0.0,0.0,0.0
2009-08-26 00:00:00-04:00,19.44656478530745,19.56620862315275,19.43736303352505,19.492582321166992,19000,0.0,0.0,0.0
2009-08-27 00:00:00-04:00,19.372930633923737,19.575404198889782,19.179662327789377,19.464963912963867,16300,0.0,0.0,0.0
2009-08-28 00:00:00-04:00,19.759474617625802,19.759474617625802,19.29010634096704,19.345327377319336,10500,0.0,0.0,0.0
2009-08-31 00:00:00-04:00,19.161261703568965,19.161261703568965,19.069228393872304,19.142854690551758,16600,0.0,0.0,0.0
2009-09-01 00:00:00-04:00,19.032420193657558,19.290111409452923,18.737914943954422,18.829946517944336,13900,0.0,0.0,0.0
2009-09-02 00:00:00-04:00,18.728708267211914,18.848350346393254,18.62747144648116,18.728708267211914,10800,0.0,0.0,0.0
2009-09-03 00:00:00-04:00,18.765518095642985,18.93117768785034,18.719502322425043,18.921974182128906,5800,0.0,0.0,0.0
2009-09-04 00:00:00-04:00,18.885161366188782,19.17966651916504,18.783924561582253,19.17966651916504,457800,0.0,0.0,0.0
2009-09-08 00:00:00-04:00,19.32692577391426,19.32692577391426,19.133657358762218,19.225688934326172,636300,0.0,0.0,0.0
2009-09-09 00:00:00-04:00,19.308507865212285,19.547793688561107,19.262492103386617,19.464963912963867,591400,0.0,0.0,0.0
2009-09-10 00:00:00-04:00,19.446566968431295,19.796293258666992,19.446566968431295,19.796293258666992,23400,0.0,0.0,0.0
2009-09-11 00:00:00-04:00,19.7410718063029,19.851510381909375,19.70425777750774,19.768680572509766,12400,0.0,0.0,0.0
2009-09-14 00:00:00-04:00,19.676647682817187,19.91593360900879,19.603021379018966,19.91593360900879,6200,0.0,0.0,0.0
2009-09-15 00:00:00-04:00,19.952745803966707,20.017168594442843,19.796289703357786,20.007965087890625,12800,0.0,0.0,0.0
2009-09-16 00:00:00-04:00,20.099999458677615,20.25645556754255,20.03557666480196,20.238048553466797,19500,0.0,0.0,0.0
2009-09-17 00:00:00-04:00,20.238053521102035,20.376102649776772,20.238053521102035,20.31167984008789,1005300,0.0,0.0,0.0
2009-09-18 00:00:00-04:00,20.372511690378364,20.46469535125479,20.317202197155343,20.400165557861328,993500,0.036,0.0,0.0
2009-09-21 00:00:00-04:00,20.13284718182313,20.298777521175996,20.114410086726554,20.22503089904785,8400,0.0,0.0,0.0
2009-09-22 00:00:00-04:00,20.400171047910533,20.400171047910533,20.243459309723818,20.3079891204834,47400,0.0,0.0,0.0
2009-09-23 00:00:00-04:00,20.335640901390228,20.427824577582513,20.160493850708008,20.160493850708008,47300,0.0,0.0,0.0
2009-09-24 00:00:00-04:00,20.169707382533346,20.21580009232345,19.745665002006966,19.837848663330078,10900,0.0,0.0,0.0
2009-09-25 00:00:00-04:00,19.883943708404793,19.883943708404793,19.65348538678071,19.727231979370117,17000,0.0,0.0,0.0
2009-09-28 00:00:00-04:00,20.114409406508152,20.20659312061545,20.114409406508152,20.142065048217773,6600,0.0,0.0,0.0
2009-09-29 00:00:00-04:00,20.151273453340735,20.225020035858382,20.05908978562937,20.105180740356445,73200,0.0,0.0,0.0
2009-09-30 00:00:00-04:00,19.773326169519617,20.18815012434583,19.773326169519617,19.994565963745117,18300,0.0,0.0,0.0
2009-10-01 00:00:00-04:00,19.66270949892947,19.66270949892947,19.56130724605633,19.579744338989258,2400,0.0,0.0,0.0
2009-10-02 00:00:00-04:00,19.321625294510827,19.340062382655294,19.229443370303496,19.257097244262695,8600,0.0,0.0,0.0
2009-10-05 00:00:00-04:00,19.284751015263375,19.579737364075022,19.284751015263375,19.56130027770996,4300,0.0,0.0,0.0
2009-10-06 00:00:00-04:00,19.644273577340687,19.97613423688965,19.644273577340687,19.902387619018555,27300,0.0,0.0,0.0
2009-10-07 00:00:00-04:00,19.874721072905064,19.90237669877913,19.837848663330078,19.837848663330078,5100,0.0,0.0,0.0
2009-10-08 00:00:00-04:00,20.105189719955273,20.16971778869629,20.077535838070837,20.16971778869629,2000,0.0,0.0,0.0
2009-10-09 00:00:00-04:00,20.169714675465606,20.2526798248291,20.13284225255835,20.2526798248291,6500,0.0,0.0,0.0
2009-10-12 00:00:00-04:00,20.307996068724286,20.42783367033571,20.151284276919707,20.22503089904785,7400,0.0,0.0,0.0
2009-10-13 00:00:00-04:00,20.17893747890583,20.24346555130351,20.059099881347013,20.142065048217773,84200,0.0,0.0,0.0
2009-10-14 00:00:00-04:00,20.3909577898938,20.593760526883777,20.30799263424839,20.566104888916016,17800,0.0,0.0,0.0
2009-10-15 00:00:00-04:00,20.621410369873047,20.6582827852104,20.529226694143613,20.621410369873047,3800,0.0,0.0,0.0
2009-10-16 00:00:00-04:00,20.45547879214741,20.566097789316057,20.372513665142296,20.501569747924805,6600,0.0,0.0,0.0
2009-10-19 00:00:00-04:00,20.741249412593437,20.805777462778085,20.713593780403947,20.732030868530273,3300,0.0,0.0,0.0
2009-10-20 00:00:00-04:00,20.501571000417975,20.547663717268545,20.381733453121218,20.520008087158203,8800,0.0,0.0,0.0
2009-10-21 00:00:00-04:00,20.464699928295225,20.667502620975608,20.280332565307617,20.280332565307617,5600,0.0,0.0,0.0
2009-10-22 00:00:00-04:00,20.225025279299246,20.676723434107032,20.225025279299246,20.575321197509766,12300,0.0,0.0,0.0
2009-10-23 00:00:00-04:00,20.612192509322774,20.612192509322774,20.206585377630578,20.243457794189453,1000,0.0,0.0,0.0
2009-10-26 00:00:00-04:00,20.446262602942838,20.455481146810932,19.976127415214926,20.031436920166016,4100,0.0,0.0,0.0
2009-10-27 00:00:00-04:00,19.994563065120996,20.105182067068448,19.86550521850586,19.86550521850586,8000,0.0,0.0,0.0
2009-10-28 00:00:00-04:00,19.791762384385294,19.791762384385294,19.312410354614258,19.312410354614258,9300,0.0,0.0,0.0
2009-10-29 00:00:00-04:00,19.432248239016346,19.607397079467773,19.432248239016346,19.607397079467773,2200,0.0,0.0,0.0
2009-10-30 00:00:00-04:00,19.515216086308556,19.515216086308556,19.06351786329718,19.081954956054688,12100,0.0,0.0,0.0
2009-11-02 00:00:00-05:00,19.192572148027384,19.192572148027384,18.89758572534327,19.026641845703125,1600,0.0,0.0,0.0
2009-11-03 00:00:00-05:00,19.10038271778807,19.386152267456055,19.10038271778807,19.386152267456055,3600,0.0,0.0,0.0
2009-11-04 00:00:00-05:00,19.57051784716156,19.588954932609283,19.376933724732194,19.386152267456055,15700,0.0,0.0,0.0
2009-11-05 00:00:00-05:00,19.44146137951268,19.874722329387904,19.423024294431045,19.856287002563477,8600,0.0,0.0,0.0
2009-11-06 00:00:00-05:00,19.930038518082082,19.930038518082082,19.874727249145508,19.874727249145508,7200,0.0,0.0,0.0
2009-11-09 00:00:00-05:00,20.04065855790361,20.2526798248291,20.04065855790361,20.2526798248291,2100,0.0,0.0,0.0
2009-11-10 00:00:00-05:00,20.25268409854005,20.271121193013133,20.059099881347013,20.142065048217773,3300,0.0,0.0,0.0
2009-11-11 00:00:00-05:00,20.252678724267295,20.252678724267295,20.197369213783144,20.234243392944336,3400,0.0,0.0,0.0
2009-11-12 00:00:00-05:00,20.34485465538443,20.34485465538443,20.13283348083496,20.13283348083496,4200,0.0,0.0,0.0
2009-11-13 00:00:00-05:00,20.03144423963739,20.26190264577659,20.03144423963739,20.142065048217773,3700,0.0,0.0,0.0
2009-11-16 00:00:00-05:00,20.584536316768574,20.70437386513814,20.584536316768574,20.66750144958496,3100,0.0,0.0,0.0
2009-11-17 00:00:00-05:00,20.593754739677006,20.64906424181172,20.501571063947573,20.621410369873047,6700,0.0,0.0,0.0
2009-11-18 00:00:00-05:00,20.52922815407368,20.52922815407368,20.363297877612087,20.427825927734375,10800,0.0,0.0,0.0
2009-11-19 00:00:00-05:00,20.280335858303822,20.280335858303822,19.966912345287597,20.040658950805664,3600,0.0,0.0,0.0
2009-11-20 00:00:00-05:00,19.920822473592118,19.930041019571934,19.911603927612305,19.911603927612305,1900,0.0,0.0,0.0
2009-11-23 00:00:00-05:00,20.271122310562145,20.48314363391702,20.252685215072624,20.261903762817383,6000,0.0,0.0,0.0
2009-11-24 00:00:00-05:00,20.095964611439097,20.27111342530168,20.049873651176146,20.243457794189453,6000,0.0,0.0,0.0
2009-11-25 00:00:00-05:00,20.28955841064453,20.326430841556405,20.28955841064453,20.28955841064453,1100,0.0,0.0,0.0
2009-11-27 00:00:00-05:00,19.81941637438849,19.81941637438849,19.810197830200195,19.810197830200195,500,0.0,0.0,0.0
2009-11-30 00:00:00-05:00,19.62583367237575,19.773326873779297,19.524431437064194,19.773326873779297,7200,0.0,0.0,0.0
2009-12-01 00:00:00-05:00,19.976126641805326,20.114401277958244,19.976126641805326,20.003782272338867,15700,0.0,0.0,0.0
2009-12-02 00:00:00-05:00,20.13284242794618,20.206589032660872,20.02222164174527,20.09596824645996,3500,0.0,0.0,0.0
2009-12-03 00:00:00-05:00,20.34485959096557,20.34485959096557,20.003782272338867,20.003782272338867,3900,0.0,0.0,0.0
2009-12-04 00:00:00-05:00,20.492358249894277,20.50157679587032,20.003787620969035,20.317211151123047,5300,0.0,0.0,0.0
2009-12-07 00:00:00-05:00,20.390953509774853,20.538446698127935,20.390953509774853,20.427825927734375,2000,0.0,0.0,0.0
2009-12-08 00:00:00-05:00,20.28033310499654,20.354079700502588,20.215805053710938,20.215805053710938,3700,0.0,0.0,0.0
2009-12-09 00:00:00-05:00,20.077537654791563,20.22503089904785,20.068319107243276,20.22503089904785,2900,0.0,0.0,0.0
2009-12-10 00:00:00-05:00,20.317208108723694,20.38173616263538,20.30798956412808,20.34486198425293,2400,0.0,0.0,0.0
2009-12-11 00:00:00-05:00,20.427829083359793,20.473920052493558,20.354082477791113,20.446266174316406,1700,0.0,0.0,0.0
2009-12-14 00:00:00-05:00,20.52001184344212,20.722814559936523,20.52001184344212,20.722814559936523,2700,0.0,0.0,0.0
2009-12-15 00:00:00-05:00,20.750467956656603,20.778123588846093,20.732030868530273,20.732030868530273,8700,0.0,0.0,0.0
2009-12-16 00:00:00-05:00,20.778126421694694,20.86108981305923,20.759689331054688,20.759689331054688,4400,0.0,0.0,0.0
2009-12-17 00:00:00-05:00,20.501575729548396,20.54766845703125,20.464703305819885,20.54766845703125,3500,0.0,0.0,0.0
2009-12-18 00:00:00-05:00,20.65668549219108,20.65668549219108,20.451703236493163,20.47965431213379,1400,0.237,0.0,0.0
2009-12-21 00:00:00-05:00,20.693947618284135,20.703265232925382,20.656678936872424,20.665996551513672,3900,0.0,0.0,0.0
2009-12-22 00:00:00-05:00,20.749853350745266,20.796439646898385,20.647361366624462,20.740535736083984,13400,0.0,0.0,0.0
2009-12-23 00:00:00-05:00,20.982787210319685,20.982787210319685,20.721899345879137,20.86166000366211,10200,0.0,0.0,0.0
2009-12-24 00:00:00-05:00,20.992109516856836,21.001427133078906,20.926886203302345,20.982791900634766,9700,0.0,0.0,0.0
2009-12-28 00:00:00-05:00,21.122549404120488,21.122549404120488,20.861661520708346,20.954835891723633,5600,0.0,0.0,0.0
2009-12-29 00:00:00-05:00,20.94551949299375,20.973472339067257,20.90825080871582,20.90825080871582,5500,0.0,0.0,0.0
2009-12-30 00:00:00-05:00,20.852344512939453,20.852344512939453,20.787122984476035,20.852344512939453,26800,0.0,0.0,0.0
2009-12-31 00:00:00-05:00,20.94552007306621,20.94552007306621,20.721902629745447,20.731220245361328,2800,0.0,0.0,0.0
2010-01-04 00:00:00-05:00,20.908253430457922,21.02937889099121,20.908253430457922,21.02937889099121,5800,0.0,0.0,0.0
2010-01-05 00:00:00-05:00,21.085278120330866,21.085278120330866,20.992105530112326,21.0666446685791,22800,0.0,0.0,0.0
2010-01-06 00:00:00-05:00,21.12255330863998,21.159821997643252,21.103918075561523,21.103918075561523,6300,0.0,0.0,0.0
2010-01-07 00:00:00-05:00,21.150501989319597,21.27162742614746,21.141184374616948,21.27162742614746,5800,0.0,0.0,0.0
2010-01-08 00:00:00-05:00,21.206398645945598,21.411380767822266,21.206398645945598,21.411380767822266,5000,0.0,0.0,0.0
2010-01-11 00:00:00-05:00,21.532518168970743,21.54183578491211,21.43002617076924,21.54183578491211,9100,0.0,0.0,0.0
2010-01-12 00:00:00-05:00,21.290258995766123,21.299576608867078,21.103910288052976,21.187767028808594,5200,0.0,0.0,0.0
2010-01-13 00:00:00-05:00,21.197091285139667,21.457979202270508,21.1691384370763,21.457979202270508,7100,0.0,0.0,0.0
2010-01-14 00:00:00-05:00,21.420708738186015,21.485930273180337,21.420708738186015,21.457979202270508,700,0.0,0.0,0.0
2010-01-15 00:00:00-05:00,21.197091335603545,21.197091335603545,21.06664826530435,21.075965881347656,5000,0.0,0.0,0.0
2010-01-19 00:00:00-05:00,21.215722959495597,21.448657989501953,21.206405345036956,21.448657989501953,4300,0.0,0.0,0.0
2010-01-20 00:00:00-05:00,21.243676411615056,21.243676411615056,20.9455198240652,21.12255096435547,4300,0.0,0.0,0.0
2010-01-21 00:00:00-05:00,21.085282407967803,21.085282407967803,20.526239644363724,20.591461181640625,20300,0.0,0.0,0.0
2010-01-22 00:00:00-05:00,20.49828048691775,20.600772458041316,20.22807502746582,20.22807502746582,4100,0.0,0.0,0.0
2010-01-25 00:00:00-05:00,20.3492044930365,20.358522107554442,20.162855756984133,20.218761444091797,3100,0.0,0.0,0.0
2010-01-26 00:00:00-05:00,20.06968581727623,20.06968581727623,19.957876205444336,19.957876205444336,3000,0.0,0.0,0.0
2010-01-27 00:00:00-05:00,19.86470053445492,19.88333576474171,19.762208545030944,19.855382919311523,4900,0.0,0.0,0.0
2010-01-28 00:00:00-05:00,20.162852856957315,20.162852856957315,19.613126119538713,19.94855308532715,11900,0.0,0.0,0.0
2010-01-29 00:00:00-05:00,20.19080585790323,20.19080585790323,19.864696502685547,19.864696502685547,3700,0.0,0.0,0.0
2010-02-01 00:00:00-05:00,19.86470083073453,20.004461505663226,19.86470083073453,19.99514389038086,2700,0.0,0.0,0.0
2010-02-02 00:00:00-05:00,20.209444955311145,20.25603125334263,20.20012734027418,20.246713638305664,800,0.0,0.0,0.0
2010-02-03 00:00:00-05:00,20.386469603333616,20.386469603333616,20.274661803007557,20.283979415893555,1000,0.0,0.0,0.0
2010-02-04 00:00:00-05:00,19.84606159754678,19.87401443775625,19.696983337402344,19.696983337402344,3700,0.0,0.0,0.0
2010-02-05 00:00:00-05:00,19.64108337573763,19.64108337573763,19.156578044460453,19.538591384887695,7700,0.0,0.0,0.0
2010-02-08 00:00:00-05:00,19.529275357813116,19.59449867002855,19.32429313659668,19.32429313659668,3200,0.0,0.0,0.0
2010-02-09 00:00:00-05:00,19.57586818154824,19.752899374723704,19.57586818154824,19.669042587280273,10400,0.0,0.0,0.0
2010-02-10 00:00:00-05:00,19.687674776778294,19.687674776778294,19.436106207829045,19.56654930114746,2800,0.0,0.0,0.0
2010-02-11 00:00:00-05:00,19.436100434770754,19.818113760723776,19.436100434770754,19.79947853088379,8200,0.0,0.0,0.0
2010-02-12 00:00:00-05:00,19.613130216810877,19.86470049370638,19.5851791485914,19.78084373474121,3700,0.0,0.0,0.0
2010-02-16 00:00:00-05:00,20.079002607172267,20.302621841430664,20.079002607172267,20.302621841430664,11000,0.0,0.0,0.0
2010-02-17 00:00:00-05:00,20.42374320645473,20.479647115244262,20.395790363483357,20.46101188659668,2300,0.0,0.0,0.0
2010-02-18 00:00:00-05:00,20.498277854558662,20.721895217895508,20.498277854558662,20.721895217895508,6200,0.0,0.0,0.0
2010-02-19 00:00:00-05:00,20.759171875383068,20.77780532836914,20.759171875383068,20.77780532836914,300,0.0,0.0,0.0
2010-02-22 00:00:00-05:00,20.824390627133035,20.824390627133035,20.768486721321942,20.815073013305664,4400,0.0,0.0,0.0
2010-02-23 00:00:00-05:00,20.78712233634261,20.78712233634261,20.49828338623047,20.49828338623047,7400,0.0,0.0,0.0
2010-02-24 00:00:00-05:00,20.600777181045913,20.731220245361328,20.53555564888821,20.731220245361328,5700,0.0,0.0,0.0
2010-02-25 00:00:00-05:00,20.451700490739604,20.610096414335054,20.265351718102508,20.591461181640625,11400,0.0,0.0,0.0
2010-02-26 00:00:00-05:00,20.638042449951172,20.638042449951172,20.638042449951172,20.638042449951172,700,0.0,0.0,0.0
2010-03-01 00:00:00-05:00,21.010742569044513,21.075965881347656,21.010742569044513,21.075965881347656,500,0.0,0.0,0.0
2010-03-02 00:00:00-05:00,21.150501297760318,21.280944345025727,21.150501297760318,21.225040435791016,6700,0.0,0.0,0.0
2010-03-03 00:00:00-05:00,21.290260530642808,21.48592508840995,21.280942916870117,21.280942916870117,7200,0.0,0.0,0.0
2010-03-04 00:00:00-05:00,21.383437243291432,21.392753080935705,21.234358960836733,21.262310028076172,3400,0.0,0.0,0.0
2010-03-05 00:00:00-05:00,21.62568890011437,21.62568890011437,21.59773783186588,21.61637306213379,2100,0.0,0.0,0.0
2010-03-08 00:00:00-05:00,21.62568473815918,21.662955191522133,21.579098448608516,21.62568473815918,8900,0.0,0.0,0.0
2010-03-09 00:00:00-05:00,21.504562509743085,21.830671916442817,21.504562509743085,21.728179931640625,12300,0.0,0.0,0.0
2010-03-10 00:00:00-05:00,21.793403190702413,21.905212799119656,21.76545212146318,21.81203842163086,5600,0.0,0.0,0.0
2010-03-11 00:00:00-05:00,21.73749952884179,21.877260208129883,21.72818191326879,21.877260208129883,5100,0.0,0.0,0.0
2010-03-12 00:00:00-05:00,21.79339943009302,21.886573791503906,21.79339943009302,21.886573791503906,4200,0.0,0.0,0.0
2010-03-15 00:00:00-04:00,21.728183342346092,21.830675343236607,21.662961806198883,21.82135772705078,3700,0.0,0.0,0.0
2010-03-16 00:00:00-04:00,21.830669885518628,21.942477697489185,21.830669885518628,21.886573791503906,5000,0.0,0.0,0.0
2010-03-17 00:00:00-04:00,22.01702370930706,22.14746856689453,22.01702370930706,22.14746856689453,3400,0.0,0.0,0.0
2010-03-18 00:00:00-04:00,22.082234495998122,22.082234495998122,21.97974254687192,22.035646438598633,19500,0.0,0.0,0.0
2010-03-19 00:00:00-04:00,21.835289001464844,21.835289001464844,21.770053681507825,21.835289001464844,3500,0.005,0.0,0.0
2010-03-22 00:00:00-04:00,22.02167780071497,22.11487188699878,22.02167780071497,22.058956146240234,2400,0.0,0.0,0.0
2010-03-23 00:00:00-04:00,22.208058255875017,22.42240333557129,22.13350336826202,22.42240333557129,1000,0.0,0.0,0.0
2010-03-24 00:00:00-04:00,22.27330370362876,22.319901640563085,22.27330370362876,22.282623291015625,1200,0.0,0.0,0.0
2010-03-25 00:00:00-04:00,22.310574029273514,22.357170171920192,22.217379966451254,22.236019134521484,1200,0.0,0.0,0.0
2010-03-26 00:00:00-04:00,22.08691374327461,22.08691374327461,21.900525580513854,21.975080490112305,4700,0.0,0.0,0.0
2010-03-29 00:00:00-04:00,22.086917679802408,22.15215301513672,22.086917679802408,22.15215301513672,3700,0.0,0.0,0.0
2010-03-30 00:00:00-04:00,22.263978958129883,22.263978958129883,22.263978958129883,22.263978958129883,200,0.0,0.0,0.0
2010-03-31 00:00:00-04:00,22.133506849295156,22.22670091785062,22.01235580444336,22.01235580444336,4400,0.0,0.0,0.0
2010-04-01 00:00:00-04:00,22.263978145953722,22.263978145953722,22.03099385634758,22.049633026123047,12100,0.0,0.0,0.0
2010-04-05 00:00:00-04:00,22.534241002217986,22.534241002217986,22.50628224727301,22.524921417236328,1100,0.0,0.0,0.0
2010-04-06 00:00:00-04:00,22.57151599194916,22.664710057743388,22.552878600813482,22.63675308227539,5800,0.0,0.0,0.0
2010-04-07 00:00:00-04:00,22.664710456431592,22.664710456431592,22.4410457611084,22.4410457611084,34700,0.0,0.0,0.0
2010-04-08 00:00:00-04:00,22.40377064570612,22.52492169691378,22.40377064570612,22.515602111816406,2600,0.0,0.0,0.0
2010-04-09 00:00:00-04:00,22.580836691010923,22.599475860595703,22.580836691010923,22.599475860595703,700,0.0,0.0,0.0
2010-04-12 00:00:00-04:00,22.664710057743388,22.71130797940498,22.63675308227539,22.63675308227539,1800,0.0,0.0,0.0
2010-04-13 00:00:00-04:00,22.599473503572103,22.674028396606445,22.571514752110904,22.674028396606445,1000,0.0,0.0,0.0
2010-04-14 00:00:00-04:00,22.841779632608702,22.990889433576058,22.841779632608702,22.96293067932129,17500,0.0,0.0,0.0
2010-04-15 00:00:00-04:00,23.17728001589225,23.20523699556399,23.17728001589225,23.18659782409668,1000,0.0,0.0,0.0
2010-04-16 00:00:00-04:00,23.074771217446973,23.102729980545202,22.739273170386628,22.91634178161621,8300,0.0,0.0,0.0
2010-04-19 00:00:00-04:00,23.01884962264497,23.01884962264497,22.646073319461596,22.86042022705078,3300,0.0,0.0,0.0
2010-04-20 00:00:00-04:00,23.214552482996087,23.251830819349586,23.121358419641254,23.195913314819336,8300,0.0,0.0,0.0
2010-04-21 00:00:00-04:00,23.37298690514896,23.44754181642817,23.261153649465495,23.40094566345215,3800,0.0,0.0,0.0
2010-04-22 00:00:00-04:00,23.2052381292531,23.633930206298828,23.2052381292531,23.633930206298828,400,0.0,0.0,0.0
2010-04-23 00:00:00-04:00,23.85758982658448,23.91350555419922,23.764395762207293,23.91350555419922,4300,0.0,0.0,0.0
2010-04-26 00:00:00-04:00,24.11853304888148,24.221046705844163,24.03466033935547,24.03466033935547,7100,0.0,0.0,0.0
2010-04-27 00:00:00-04:00,24.193088932986104,24.211728103650263,23.7643986728853,23.820314407348633,6300,0.0,0.0,0.0
2010-04-28 00:00:00-04:00,23.80167438753776,23.80167438753776,23.605966672220042,23.661882400512695,4400,0.0,0.0,0.0
2010-04-29 00:00:00-04:00,23.913513571885193,24.081262588500977,23.8296390635773,24.081262588500977,4100,0.0,0.0,0.0
2010-04-30 00:00:00-04:00,24.071933454634344,24.071933454634344,23.55004921465709,23.59664535522461,6300,0.0,0.0,0.0
2010-05-03 00:00:00-04:00,23.755080840497712,24.006704330444336,23.755080840497712,24.006704330444336,2000,0.0,0.0,0.0
2010-05-04 00:00:00-04:00,23.289111489637666,23.400944740912305,23.121362501490314,23.18659782409668,12000,0.0,0.0,0.0
2010-05-05 00:00:00-04:00,22.832465062274895,23.000214069586114,22.655396468165343,22.804506301879883,44900,0.0,0.0,0.0
2010-05-06 00:00:00-04:00,22.618107718961284,22.618107718961284,21.043133948732542,22.040306091308594,31600,0.0,0.0,0.0
2010-05-07 00:00:00-04:00,22.114868293181114,22.114868293181114,20.88471153122587,21.509109497070312,57600,0.0,0.0,0.0
2010-05-10 00:00:00-04:00,22.24533776007471,22.646069191145035,22.24533776007471,22.50627899169922,4600,0.0,0.0,0.0
2010-05-11 00:00:00-04:00,22.39444727566216,22.86041578660165,22.36648852509542,22.757902145385742,3100,0.0,0.0,0.0
2010-05-12 00:00:00-04:00,22.72062942775545,23.447541124421402,22.72062942775545,23.41958236694336,800,0.0,0.0,0.0
2010-05-13 00:00:00-04:00,23.475501519573086,23.531417260900668,23.2518367767334,23.2518367767334,7400,0.0,0.0,0.0
2010-05-14 00:00:00-04:00,23.12136155902821,23.15863990044331,22.56219888050578,22.795183181762695,22400,0.0,0.0,0.0
2010-05-17 00:00:00-04:00,22.96292967973042,22.96292967973042,22.36649050182437,22.813819885253906,3500,0.0,0.0,0.0
2010-05-18 00:00:00-04:00,23.04680118590341,23.130675656659122,22.42240333557129,22.42240333557129,9500,0.0,0.0,0.0
2010-05-19 00:00:00-04:00,22.366490398919716,22.366490398919716,21.853925704956055,21.853925704956055,3100,0.0,0.0,0.0
2010-05-20 00:00:00-04:00,21.38796114444525,21.406598538998754,20.856755405261517,21.00586700439453,19900,0.0,0.0,0.0
2010-05-21 00:00:00-04:00,20.4187416819224,21.248165130615234,20.40010251334911,21.248165130615234,28500,0.0,0.0,0.0
2010-05-24 00:00:00-04:00,21.294761589785356,21.35067731413666,21.11769305555592,21.173608779907227,5500,0.0,0.0,0.0
2010-05-25 00:00:00-04:00,20.428059586152443,20.940624237060547,20.195075330734433,20.940624237060547,6500,0.0,0.0,0.0
2010-05-26 00:00:00-04:00,21.04314076805893,21.41591527241424,21.04314076805893,21.332040786743164,3300,0.0,0.0,0.0
2010-05-27 00:00:00-04:00,21.602305254542973,21.835289561813664,21.602305254542973,21.816650390625,1200,0.0,0.0,0.0
2010-05-28 00:00:00-04:00,21.844608724350124,21.844608724350124,21.518430344982317,21.648900985717773,3900,0.0,0.0,0.0
2010-06-01 00:00:00-04:00,21.18292807599874,21.276122133671702,20.940624237060547,20.940624237060547,3800,0.0,0.0,0.0
2010-06-02 00:00:00-04:00,20.94994554355844,21.378637533099297,20.94994554355844,21.248165130615234,2100,0.0,0.0,0.0
2010-06-03 00:00:00-04:00,21.723453346941522,21.798008243990168,21.592982721488628,21.78868865966797,3400,0.0,0.0,0.0
2010-06-04 00:00:00-04:00,21.443874921937688,21.443874921937688,20.64240837097168,20.64240837097168,2800,0.0,0.0,0.0
2010-06-07 00:00:00-04:00,20.586492755127054,20.595812340369402,20.23235562603435,20.278953552246094,5100,0.0,0.0,0.0
2010-06-08 00:00:00-04:00,20.00868841952883,20.176437377929688,19.887537381533164,20.176437377929688,6900,0.0,0.0,0.0
2010-06-09 00:00:00-04:00,20.40942718083003,20.716966428769535,20.297595696595334,20.306915283203125,8200,0.0,0.0,0.0
2010-06-10 00:00:00-04:00,20.78220049445965,21.00586700439453,20.78220049445965,21.00586700439453,1600,0.0,0.0,0.0
2010-06-11 00:00:00-04:00,21.061779561029965,21.285444259643555,21.061779561029965,21.285444259643555,3400,0.0,0.0,0.0
2010-06-14 00:00:00-04:00,21.69549388670385,21.69549388670385,21.313399860899906,21.322717666625977,44400,0.0,0.0,0.0
2010-06-15 00:00:00-04:00,21.527748116051658,21.947118759155273,21.527748116051658,21.947118759155273,3800,0.0,0.0,0.0
2010-06-16 00:00:00-04:00,21.90984164117527,22.06827102077231,21.90984164117527,21.965757369995117,40700,0.0,0.0,0.0
2010-06-17 00:00:00-04:00,21.94711827312023,21.94711827312023,21.807328061848114,21.844606399536133,1400,0.0,0.0,0.0
2010-06-18 00:00:00-04:00,22.00075660808558,22.04750633239746,21.90725537607415,22.04750633239746,8800,0.077,0.0,0.0
2010-06-21 00:00:00-04:00,22.477608141332936,22.477608141332936,21.879201410218656,21.925952911376953,7900,0.0,0.0,0.0
2010-06-22 00:00:00-04:00,22.150352599571566,22.169051414817964,21.421045303344727,21.421045303344727,9400,0.0,0.0,0.0
2010-06-23 00:00:00-04:00,21.449100499806626,21.449100499806626,21.13119739287425,21.411699295043945,3200,0.0,0.0,0.0
2010-06-24 00:00:00-04:00,21.131194362872694,21.224695577984654,20.962892532348633,20.962892532348633,4700,0.0,0.0,0.0
2010-06-25 00:00:00-04:00,20.98159169995642,21.243392944335938,20.953540802321236,21.243392944335938,1500,0.0,0.0,0.0
2010-06-28 00:00:00-04:00,21.364952387069167,21.364952387069167,21.177949905395508,21.177949905395508,8300,0.0,0.0,0.0
2010-06-29 00:00:00-04:00,20.757188772425117,20.757188772425117,20.252283341989475,20.392534255981445,41300,0.0,0.0,0.0
2010-06-30 00:00:00-04:00,20.457985519624966,20.588887924403416,20.121383666992188,20.121383666992188,4200,0.0,0.0,0.0
2010-07-01 00:00:00-04:00,20.065285813576526,20.083986415559348,19.5790826457361,20.009185791015625,16500,0.0,0.0,0.0
2010-07-02 00:00:00-04:00,19.868935588035686,19.868935588035686,19.850234985351562,19.850234985351562,600,0.0,0.0,0.0
2010-07-06 00:00:00-04:00,20.186835196563333,20.186835196563333,19.588430281629346,19.663230895996094,2700,0.0,0.0,0.0
2010-07-07 00:00:00-04:00,19.934384639872135,20.345788955688477,19.934384639872135,20.345788955688477,2800,0.0,0.0,0.0
2010-07-08 00:00:00-04:00,20.448640304317635,20.747842792010875,20.448640304317635,20.71044158935547,3700,0.0,0.0,0.0
2010-07-09 00:00:00-04:00,20.9161434173584,20.9161434173584,20.9161434173584,20.9161434173584,100,0.0,0.0,0.0
2010-07-12 00:00:00-04:00,20.654340616875544,20.729141235351562,20.654340616875544,20.729141235351562,500,0.0,0.0,0.0
2010-07-13 00:00:00-04:00,21.1405449926162,21.37429714235008,21.112494092628676,21.3555965423584,10100,0.0,0.0,0.0
2010-07-14 00:00:00-04:00,21.205992942592406,21.42104446833467,21.205992942592406,21.364944458007812,2900,0.0,0.0,0.0
2010-07-15 00:00:00-04:00,21.364944458007812,21.364944458007812,21.364944458007812,21.364944458007812,0,0.0,0.0,0.0
2010-07-16 00:00:00-04:00,20.944194996111232,20.944194996111232,20.54214096069336,20.54214096069336,2000,0.0,0.0,0.0
2010-07-19 00:00:00-04:00,20.532784713420348,20.691736221313477,20.532784713420348,20.691736221313477,5700,0.0,0.0,0.0
2010-07-20 00:00:00-04:00,20.673044938431083,21.018997192382812,20.59824430649116,21.018997192382812,3300,0.0,0.0,0.0
2010-07-21 00:00:00-04:00,21.271447580096982,21.327547601838837,21.028345108032227,21.028345108032227,1900,0.0,0.0,0.0
2010-07-22 00:00:00-04:00,21.280799382464686,21.813754085084923,21.280799382464686,21.795053482055664,4800,0.0,0.0,0.0
2010-07-23 00:00:00-04:00,22.028809705102763,22.253211632397917,22.019459401875302,22.225162506103516,7800,0.0,0.0,0.0
2010-07-26 00:00:00-04:00,22.58981419186813,22.627215402752828,22.318662546505646,22.57111358642578,3800,0.0,0.0,0.0
2010-07-27 00:00:00-04:00,22.804857011030798,22.804857011030798,22.374753952026367,22.374753952026367,10400,0.0,0.0,0.0
2010-07-28 00:00:00-04:00,22.24385608198395,22.24385608198395,22.14100456237793,22.14100456237793,1100,0.0,0.0,0.0
2010-07-29 00:00:00-04:00,22.318663754990162,22.412163220488818,22.028809705102763,22.225162506103516,10000,0.0,0.0,0.0
2010-07-30 00:00:00-04:00,21.851157614840055,22.37476207162683,21.851157614840055,22.32801055908203,3200,0.0,0.0,0.0
2010-08-02 00:00:00-04:00,22.758113389595934,22.758113389595934,22.524361199302948,22.73006248474121,9900,0.0,0.0,0.0
2010-08-03 00:00:00-04:00,22.814209485035526,22.814209485035526,22.44020640168492,22.55240821838379,8700,0.0,0.0,0.0
2010-08-04 00:00:00-04:00,22.776808617289465,22.832908630371094,22.580455896422865,22.832908630371094,8300,0.0,0.0,0.0
2010-08-05 00:00:00-04:00,22.842261661019506,22.92641258239746,22.795510158372046,22.92641258239746,11300,0.0,0.0,0.0
2010-08-06 00:00:00-04:00,22.72070958106404,22.72070958106404,22.346706476105005,22.599159240722656,4600,0.0,0.0,0.0
2010-08-09 00:00:00-04:00,22.842263085007822,22.93576431274414,22.814212181670648,22.93576431274414,12100,0.0,0.0,0.0
2010-08-10 00:00:00-04:00,22.589804898442683,22.786157608032227,22.468254579848892,22.786157608032227,2700,0.0,0.0,0.0
2010-08-11 00:00:00-04:00,21.841803209771435,21.86050202788929,21.710900782621337,21.720251083374023,6200,0.0,0.0,0.0
2010-08-12 00:00:00-04:00,21.19664604463262,21.61740064806187,21.19664604463262,21.5893497467041,25500,0.0,0.0,0.0
2010-08-13 00:00:00-04:00,21.421047558443668,21.5612984961864,21.421047558443668,21.52389907836914,18100,0.0,0.0,0.0
2010-08-16 00:00:00-04:00,21.486501826424746,21.542603638543405,21.4491024017334,21.4491024017334,700,0.0,0.0,0.0
2010-08-17 00:00:00-04:00,21.757651295771627,22.066204073011992,21.757651295771627,22.0288028717041,1200,0.0,0.0,0.0
2010-08-18 00:00:00-04:00,22.122308394375604,22.122308394375604,22.05685806274414,22.05685806274414,2700,0.0,0.0,0.0
2010-08-19 00:00:00-04:00,21.841800828279982,21.841800828279982,21.439746856689453,21.439746856689453,6500,0.0,0.0,0.0
2010-08-20 00:00:00-04:00,21.1592472508744,21.290149688720703,21.093796923645083,21.290149688720703,6700,0.0,0.0,0.0
2010-08-23 00:00:00-04:00,21.51455365905296,21.51455365905296,21.177949905395508,21.177949905395508,1500,0.0,0.0,0.0
2010-08-24 00:00:00-04:00,20.86003935153503,20.86003935153503,20.775888442993164,20.775888442993164,900,0.0,0.0,0.0
2010-08-25 00:00:00-04:00,20.486039936284683,20.8693933505453,20.46733933476282,20.850692749023438,7700,0.0,0.0,0.0
2010-08-26 00:00:00-04:00,21.009644424052638,21.121846250484523,20.81329345703125,20.81329345703125,4500,0.0,0.0,0.0
2010-08-27 00:00:00-04:00,20.813292680289422,21.299497604370117,20.813292680289422,21.299497604370117,1300,0.0,0.0,0.0
2010-08-30 00:00:00-04:00,21.140538621132002,21.140538621132002,20.822635650634766,20.822635650634766,12200,0.0,0.0,0.0
2010-08-31 00:00:00-04:00,20.94419205706111,21.009642373012063,20.841342324875615,20.888092041015625,2400,0.0,0.0,0.0
2010-09-01 00:00:00-04:00,21.561296818764628,21.664148330688477,21.561296818764628,21.664148330688477,1300,0.0,0.0,0.0
2010-09-02 00:00:00-04:00,21.823099374162705,22.000751495361328,21.823099374162705,22.000751495361328,15600,0.0,0.0,0.0
2010-09-03 00:00:00-04:00,22.16905768806843,22.318660736083984,22.16905768806843,22.318660736083984,19500,0.0,0.0,0.0
2010-09-07 00:00:00-04:00,22.36540461472068,22.36540461472068,22.06620216369629,22.06620216369629,3200,0.0,0.0,0.0
2010-09-08 00:00:00-04:00,22.07555540719624,22.39345849965183,22.07555540719624,22.299957275390625,1700,0.0,0.0,0.0
2010-09-09 00:00:00-04:00,22.505659029003,22.505659029003,22.234507434504952,22.253206253051758,9300,0.0,0.0,0.0
2010-09-10 00:00:00-04:00,22.253206253051758,22.253206253051758,22.253206253051758,22.253206253051758,0,0.0,0.0,0.0
2010-09-13 00:00:00-04:00,22.80486297607422,22.83291388075892,22.80486297607422,22.80486297607422,400,0.0,0.0,0.0
2010-09-14 00:00:00-04:00,22.77680778503418,22.907708405237347,22.77680778503418,22.77680778503418,1800,0.0,0.0,0.0
2010-09-15 00:00:00-04:00,22.730057716726325,22.776809215010612,22.730057716726325,22.74875831604004,9200,0.0,0.0,0.0
2010-09-16 00:00:00-04:00,22.81421340877091,22.81421340877091,22.748763080851408,22.76746368408203,4900,0.0,0.0,0.0
2010-09-17 00:00:00-04:00,22.832106891472897,22.916425704956055,22.729047982684072,22.916425704956055,3800,0.049,0.0,0.0
2010-09-20 00:00:00-04:00,22.916427599614458,23.30992317199707,22.916427599614458,23.30992317199707,5900,0.0,0.0,0.0
2010-09-21 00:00:00-04:00,23.2911832146099,23.5066683854056,23.225600926714108,23.300552368164062,29600,0.0,0.0,0.0
2010-09-22 00:00:00-04:00,23.216235025686558,23.216235025686558,22.953904050368266,23.056962966918945,3300,0.0,0.0,0.0
2010-09-23 00:00:00-04:00,22.7758944476345,23.075700265516247,22.700942993164062,22.700942993164062,11600,0.0,0.0,0.0
2010-09-24 00:00:00-04:00,22.91642683826722,23.338029861450195,22.91642683826722,23.338029861450195,8800,0.0,0.0,0.0
2010-09-27 00:00:00-04:00,23.216233330597905,23.2911847770759,23.150649251319148,23.178756713867188,3200,0.0,0.0,0.0
2010-09-28 00:00:00-04:00,23.16938651704594,23.281814575195312,23.09443507394081,23.281814575195312,1300,0.0,0.0,0.0
2010-09-29 00:00:00-04:00,23.347399511562458,23.46919495029815,23.309922892269284,23.38487434387207,3600,0.0,0.0,0.0
2010-09-30 00:00:00-04:00,23.694046976983007,23.694046976983007,23.19749257948982,23.328657150268555,10100,0.0,0.0,0.0
2010-10-01 00:00:00-04:00,23.450458427635127,23.450458427635127,23.309922892269284,23.38487434387207,500,0.0,0.0,0.0
2010-10-04 00:00:00-04:00,23.29118393875755,23.300553092603003,22.869580950628908,22.94453239440918,2000,0.0,0.0,0.0
2010-10-05 00:00:00-04:00,23.244340161818023,23.590991735878127,23.244340161818023,23.534778594970703,1500,0.0,0.0,0.0
2010-10-06 00:00:00-04:00,23.731524286871224,23.77836827077179,23.60972885653969,23.70341682434082,5400,0.0,0.0,0.0
2010-10-07 00:00:00-04:00,23.694052493964374,23.787740473773297,23.600362727171785,23.73152732849121,9500,0.0,0.0,0.0
2010-10-08 00:00:00-04:00,23.787741750193675,24.012596130371094,23.787741750193675,24.012596130371094,4900,0.0,0.0,0.0
2010-10-11 00:00:00-04:00,24.012591783358303,24.13438900077024,24.012591783358303,24.096912384033203,3700,0.0,0.0,0.0
2010-10-12 00:00:00-04:00,23.750259731562085,24.068803787231445,23.750259731562085,24.068803787231445,21800,0.0,0.0,0.0
2010-10-13 00:00:00-04:00,24.331136765926598,24.52788543701172,24.293661934804934,24.52788543701172,9700,0.0,0.0,0.0
2010-10-14 00:00:00-04:00,24.52788563427594,24.52788563427594,24.321767807006836,24.321767807006836,1300,0.0,0.0,0.0
2010-10-15 00:00:00-04:00,24.246813699422038,24.424824043374045,24.19996971853203,24.284290313720703,4500,0.0,0.0,0.0
2010-10-18 00:00:00-04:00,24.396723052467756,24.396723052467756,24.340508120229572,24.387353897094727,1400,0.0,0.0,0.0
2010-10-19 00:00:00-04:00,24.15313454404081,24.274930010952282,23.900172666243158,23.91891098022461,5900,0.0,0.0,0.0
2010-10-20 00:00:00-04:00,24.181233530816193,24.452933647345475,24.096912928237003,24.40608787536621,3200,0.0,0.0,0.0
2010-10-21 00:00:00-04:00,24.66841946073501,24.705896079265248,24.19060329637563,24.45293426513672,6000,0.0,0.0,0.0
2010-10-22 00:00:00-04:00,24.734001475639626,24.734001475639626,24.387351693084348,24.52788543701172,10400,0.0,0.0,0.0
2010-10-25 00:00:00-04:00,24.827691475016533,24.87453546111938,24.58409881591797,24.58409881591797,1600,0.0,0.0,0.0
2010-10-26 00:00:00-04:00,24.462303103999492,24.696526605839445,24.462303103999492,24.65904998779297,1500,0.0,0.0,0.0
2010-10-27 00:00:00-04:00,24.387349554398337,24.471670150756836,24.15312607273214,24.471670150756836,6400,0.0,0.0,0.0
2010-10-28 00:00:00-04:00,24.8839046563333,24.8839046563333,24.29366221035026,24.45293426513672,14500,0.0,0.0,0.0
2010-10-29 00:00:00-04:00,24.537254572272236,24.62157517595915,24.462303123104252,24.593467712402344,39000,0.0,0.0,0.0
2010-11-01 00:00:00-04:00,24.799584793245355,24.855799722721795,24.406089221828157,24.555992126464844,25300,0.0,0.0,0.0
2010-11-02 00:00:00-04:00,24.89327265761644,24.89327265761644,24.724631456010865,24.88390350341797,3500,0.0,0.0,0.0
2010-11-03 00:00:00-04:00,25.10875784323092,25.10875784323092,24.762108072804743,24.88390350341797,32400,0.0,0.0,0.0
2010-11-04 00:00:00-04:00,25.19307612546263,25.56783511097781,25.19307612546263,25.5584659576416,7000,0.0,0.0,0.0
2010-11-05 00:00:00-04:00,25.61468174177229,25.76458463669987,25.61468174177229,25.66152572631836,13400,0.0,0.0,0.0
2010-11-08 00:00:00-05:00,25.71773989369339,25.71773989369339,25.577204370232888,25.62405014038086,5000,0.0,0.0,0.0
2010-11-09 00:00:00-05:00,25.595947087859837,25.68026770166919,25.38983102465015,25.4085693359375,5500,0.0,0.0,0.0
2010-11-10 00:00:00-05:00,25.2586618273534,25.502254486083984,25.2492944597338,25.502254486083984,7000,0.0,0.0,0.0
2010-11-11 00:00:00-05:00,25.371092686341182,25.474151611328125,25.27740291698794,25.474151611328125,3300,0.0,0.0,0.0
2010-11-12 00:00:00-05:00,25.33361185393707,25.371086680617275,24.99632947889877,25.09001922607422,27800,0.0,0.0,0.0
2010-11-15 00:00:00-05:00,25.108756747584234,25.277397941830976,25.099389380777964,25.18370819091797,1900,0.0,0.0,0.0
2010-11-16 00:00:00-05:00,25.05254880657842,25.05254880657842,24.71526634814804,24.87453842163086,26400,0.0,0.0,0.0
2010-11-17 00:00:00-05:00,24.95885660400285,24.95885660400285,24.837061165318453,24.893274307250977,3800,0.0,0.0,0.0
2010-11-18 00:00:00-05:00,25.380460222033097,25.502255663529958,25.3710910669974,25.399198532104492,128800,0.0,0.0,0.0
2010-11-19 00:00:00-05:00,25.380454743124393,25.52098846435547,25.23992102189332,25.52098846435547,3500,0.0,0.0,0.0
2010-11-22 00:00:00-05:00,25.708371274093093,25.708371274093093,25.21181682210263,25.539730072021484,8400,0.0,0.0,0.0
2010-11-23 00:00:00-05:00,25.239925126469057,25.24929428100586,25.061914764236853,25.24929428100586,15200,0.0,0.0,0.0
2010-11-24 00:00:00-05:00,25.530363089376767,25.89575120028906,25.530363089376767,25.8582763671875,12500,0.0,0.0,0.0
2010-11-26 00:00:00-05:00,25.764585236955305,25.811429222592732,25.764585236955305,25.773954391479492,5800,0.0,0.0,0.0
2010-11-29 00:00:00-05:00,25.258662948288226,25.549101392923557,25.258662948288226,25.530363082885742,9300,0.0,0.0,0.0
2010-11-30 00:00:00-05:00,25.605310171546527,25.81142618587856,25.605310171546527,25.680261611938477,6500,0.0,0.0,0.0
2010-12-01 00:00:00-05:00,26.204922573198115,26.382932920215495,26.204922573198115,26.373563766479492,12900,0.0,0.0,0.0
2010-12-02 00:00:00-05:00,26.692102176989067,26.738947935720493,26.41103477253241,26.70147132873535,13600,0.0,0.0,0.0
2010-12-03 00:00:00-05:00,26.635894211041716,26.916961669921875,26.635894211041716,26.916961669921875,7800,0.0,0.0,0.0
2010-12-06 00:00:00-05:00,26.813904917461155,27.001282630254995,26.795166610086767,26.973176956176758,5600,0.0,0.0,0.0
2010-12-07 00:00:00-05:00,27.282355669927146,27.404151110813537,27.1699275970459,27.1699275970459,18000,0.0,0.0,0.0
2010-12-08 00:00:00-05:00,27.14181963727633,27.14181963727633,27.057499030898484,27.123083114624023,19400,0.0,0.0,0.0
2010-12-09 00:00:00-05:00,27.15118268713642,27.198028450692796,27.09496955785193,27.132444381713867,18000,0.0,0.0,0.0
2010-12-10 00:00:00-05:00,27.141818019736846,27.460362116628463,27.141818019736846,27.441625595092773,444400,0.0,0.0,0.0
2010-12-13 00:00:00-05:00,27.807017804406073,27.807017804406073,27.40415304635424,27.432260513305664,45000,0.0,0.0,0.0
2010-12-14 00:00:00-05:00,27.34793764205437,27.497840546121097,27.319830177423018,27.37604331970215,40600,0.0,0.0,0.0
2010-12-15 00:00:00-05:00,27.42288553047807,27.666478164677482,27.338564934525067,27.366670608520508,16600,0.0,0.0,0.0
2010-12-16 00:00:00-05:00,27.366672838412022,27.610265492459853,27.30109054443443,27.554052352905273,42900,0.0,0.0,0.0
2010-12-17 00:00:00-05:00,27.51459578337079,27.69307769698937,27.392474693278885,27.495807647705078,12300,0.078,0.0,0.0
2010-12-20 00:00:00-05:00,27.533383660402777,27.57095993382651,27.345507668490114,27.505203247070312,20900,0.0,0.0,0.0
2010-12-21 00:00:00-05:00,27.70247271342655,27.777623466927526,27.51459672554175,27.74944305419922,15300,0.0,0.0,0.0
2010-12-22 00:00:00-05:00,27.8809606173193,27.8809606173193,27.63672018378115,27.693082809448242,25400,0.0,0.0,0.0
2010-12-23 00:00:00-05:00,27.61793329079218,27.702478128975336,27.61793329079218,27.66490364074707,11300,0.0,0.0,0.0
2010-12-27 00:00:00-05:00,27.523985879360094,27.777620315551758,27.523985879360094,27.777620315551758,8900,0.0,0.0,0.0
2010-12-28 00:00:00-05:00,27.65550957075609,27.721266268957294,27.61793329079218,27.66490364074707,4400,0.0,0.0,0.0
2010-12-29 00:00:00-05:00,27.843382444266478,27.843382444266478,27.67429278703645,27.74005126953125,23200,0.0,0.0,0.0
2010-12-30 00:00:00-05:00,27.636721035188543,27.777628499565004,27.62732696533203,27.62732696533203,23700,0.0,0.0,0.0
2010-12-31 00:00:00-05:00,27.589756770566122,27.711876114231142,27.542786413975037,27.570968627929688,20200,0.0,0.0,0.0
2011-01-03 00:00:00-05:00,27.946723831016076,28.087631323917698,27.749453699301,27.99369239807129,17200,0.0,0.0,0.0
2011-01-04 00:00:00-05:00,28.115806695070955,28.115806695070955,27.27975422120047,27.655508041381836,70300,0.0,0.0,0.0
2011-01-05 00:00:00-05:00,27.655509017182585,27.843385038034537,27.599144598364948,27.815204620361328,10300,0.0,0.0,0.0
2011-01-06 00:00:00-05:00,27.777622368578562,27.78701643636165,27.617926799736562,27.636714935302734,6500,0.0,0.0,0.0
2011-01-07 00:00:00-05:00,27.824599247122404,27.824599247122404,27.38308691622467,27.66490364074707,4800,0.0,0.0,0.0
2011-01-10 00:00:00-05:00,27.486420938376703,27.805812163258462,27.383087956286808,27.730661392211914,40900,0.0,0.0,0.0
2011-01-11 00:00:00-05:00,27.92792779330171,27.965504069713234,27.899747377728538,27.95611000061035,106100,0.0,0.0,0.0
2011-01-12 00:00:00-05:00,28.11580773133625,28.219140707595503,28.07823145206539,28.13459587097168,5700,0.0,0.0,0.0
2011-01-13 00:00:00-05:00,28.256718542546775,28.275506684407933,28.115811062059752,28.190961837768555,15000,0.0,0.0,0.0
2011-01-14 00:00:00-05:00,28.26610452317982,28.341255277379044,28.134591151265006,28.294286727905273,43100,0.0,0.0,0.0
2011-01-18 00:00:00-05:00,28.425807486635016,28.52914047241211,28.27550593917876,28.52914047241211,18800,0.0,0.0,0.0
2011-01-19 00:00:00-05:00,28.491560377655457,28.491560377655457,28.05004986504152,28.068836212158203,9900,0.0,0.0,0.0
2011-01-20 00:00:00-05:00,27.956107178393083,28.00307572743046,27.64611009623464,27.74944305419922,10600,0.0,0.0,0.0
2011-01-21 00:00:00-05:00,27.946717995595936,27.946717995595936,27.711871625885045,27.768234252929688,5100,0.0,0.0,0.0
2011-01-24 00:00:00-05:00,27.843378042059506,28.04064987488315,27.71186468133385,27.98428726196289,14500,0.0,0.0,0.0
2011-01-25 00:00:00-05:00,27.86216465119498,27.974891662597656,27.71186316381479,27.974891662597656,15900,0.0,0.0,0.0
2011-01-26 00:00:00-05:00,28.03125952723556,28.510346279971262,28.03125952723556,28.397619247436523,20600,0.0,0.0,0.0
2011-01-27 00:00:00-05:00,28.407014398550032,28.51974143538014,28.29428915345539,28.510347366333008,15300,0.0,0.0,0.0
2011-01-28 00:00:00-05:00,28.425801216851973,28.51974011122629,27.79641295380003,27.85277557373047,22300,0.0,0.0,0.0
2011-01-31 00:00:00-05:00,27.937323218981692,28.237926277928644,27.899748732481104,28.106412887573242,16300,0.0,0.0,0.0
2011-02-01 00:00:00-05:00,28.31307826297349,28.754590592599847,28.303684193009563,28.71701431274414,77000,0.0,0.0,0.0
2011-02-02 00:00:00-05:00,28.87670653144562,28.87670653144562,28.557315357078995,28.613677978515625,45100,0.0,0.0,0.0
2011-02-03 00:00:00-05:00,28.829737599304668,28.829737599304668,28.322468637847297,28.623071670532227,27500,0.0,0.0,0.0
2011-02-04 00:00:00-05:00,28.613676874001943,28.71700983575988,28.519739772478758,28.68882942199707,14900,0.0,0.0,0.0
2011-02-07 00:00:00-05:00,28.754592519839598,29.09277010252868,28.754592519839598,29.036407470703125,70200,0.0,0.0,0.0
2011-02-08 00:00:00-05:00,29.261856648885328,29.261856648885328,28.94246544992982,29.158525466918945,11500,0.0,0.0,0.0
2011-02-09 00:00:00-05:00,29.00821420056993,29.149123414020817,28.989427858280212,29.027002334594727,11100,0.0,0.0,0.0
2011-02-10 00:00:00-05:00,28.980047782866237,29.186711981711447,28.82974622157227,29.1021671295166,9700,0.0,0.0,0.0
2011-02-11 00:00:00-05:00,29.055188670182623,29.4779109954834,29.055188670182623,29.4779109954834,16000,0.0,0.0,0.0
2011-02-14 00:00:00-05:00,29.75033469873008,29.75033469873008,29.40276132394363,29.590639114379883,69800,0.0,0.0,0.0
2011-02-15 00:00:00-05:00,29.46851958742488,29.534276276071868,29.430943312920665,29.459125518798828,13400,0.0,0.0,0.0
2011-02-16 00:00:00-05:00,29.703361886561808,29.722148229522542,29.59063487012169,29.693967819213867,27800,0.0,0.0,0.0
2011-02-17 00:00:00-05:00,29.69397035433,29.910028546573074,29.618819600865656,29.863059997558594,13100,0.0,0.0,0.0
2011-02-18 00:00:00-05:00,29.553066220582046,30.022758958671925,29.553066220582046,29.96639633178711,165400,0.0,0.0,0.0
2011-02-22 00:00:00-05:00,29.590636169802355,29.72214953497954,29.045792781837307,29.0645809173584,23700,0.0,0.0,0.0
2011-02-23 00:00:00-05:00,28.989424900418154,29.026999372898853,28.172159071077978,28.453975677490234,20600,0.0,0.0,0.0
2011-02-24 00:00:00-05:00,28.453982464673516,28.62307031877185,28.228528409071764,28.519739151000977,59700,0.0,0.0,0.0
2011-02-25 00:00:00-05:00,28.72641191093594,28.95186424255371,28.72641191093594,28.95186424255371,27100,0.0,0.0,0.0
2011-02-28 00:00:00-05:00,29.036398714076764,29.158519803228625,28.914279416660122,29.0645809173584,33100,0.0,0.0,0.0
2011-03-01 00:00:00-05:00,29.252464412700675,29.252464412700675,28.36004924699856,28.472774505615234,25100,0.0,0.0,0.0
2011-03-02 00:00:00-05:00,28.557315357078995,28.707616875400298,28.42580197648171,28.613677978515625,20200,0.0,0.0,0.0
2011-03-03 00:00:00-05:00,29.205496338825974,29.52488756310615,29.120951497590884,29.468524932861328,15100,0.0,0.0,0.0
2011-03-04 00:00:00-05:00,29.67519101988141,29.67519101988141,28.951863683409044,29.14913558959961,133700,0.0,0.0,0.0
2011-03-07 00:00:00-05:00,29.477911666760345,29.477911666760345,28.529134034447477,28.773372650146484,17700,0.0,0.0,0.0
2011-03-08 00:00:00-05:00,28.86731421694275,29.33700693817541,28.547923023165698,29.214887619018555,11200,0.0,0.0,0.0
2011-03-09 00:00:00-05:00,29.205494023109523,29.22428216227998,29.027010284461312,29.158525466918945,10900,0.0,0.0,0.0
2011-03-10 00:00:00-05:00,28.998825244162457,28.998825244162457,28.331860743829814,28.350648880004883,20400,0.0,0.0,0.0
2011-03-11 00:00:00-05:00,28.20034902278807,28.65125356693981,28.181560885514568,28.53852653503418,24000,0.0,0.0,0.0
2011-03-14 00:00:00-04:00,28.3224723118609,28.49156198761447,28.181564845978137,28.44459342956543,7400,0.0,0.0,0.0
2011-03-15 00:00:00-04:00,27.693086828862853,28.331869318255578,27.44884635987529,28.190961837768555,23800,0.0,0.0,0.0
2011-03-16 00:00:00-04:00,28.021871465339,28.200355225222523,27.758842860865162,27.796419143676758,9200,0.0,0.0,0.0
2011-03-17 00:00:00-04:00,28.19095235949687,28.360041995924853,28.05004492638529,28.097013473510742,66100,0.0,0.0,0.0
2011-03-18 00:00:00-04:00,28.538525533806023,28.557313670420374,28.294286924760755,28.378829956054688,14100,0.0,0.0,0.0
2011-03-21 00:00:00-04:00,28.942468556503364,29.09277010252868,28.904894065864912,29.036407470703125,6900,0.0,0.0,0.0
2011-03-22 00:00:00-04:00,29.027005081401363,29.027005081401363,28.84852137474617,28.96124839782715,15300,0.0,0.0,0.0
2011-03-23 00:00:00-04:00,28.726406067714596,29.158524292553636,28.717011998507715,29.09276580810547,9700,0.0,0.0,0.0
2011-03-24 00:00:00-04:00,29.412156681625376,29.468521096267658,29.064585083342013,29.421550750732422,51600,0.0,0.0,0.0
2011-03-25 00:00:00-04:00,29.430946948408582,29.834882990548568,29.421552878622116,29.60003662109375,31500,0.0,0.0,0.0
2011-03-28 00:00:00-04:00,29.797305931462486,29.797305931462486,29.562459568154736,29.571853637695312,415200,0.0,0.0,0.0
2011-03-29 00:00:00-04:00,29.64700303021204,29.834880828857422,29.4403388850905,29.834880828857422,11400,0.0,0.0,0.0
2011-03-30 00:00:00-04:00,30.041549119269934,30.210638803035565,29.966398347789177,30.191850662231445,38100,0.0,0.0,0.0
2011-03-31 00:00:00-04:00,30.20123845691181,30.304567828525602,30.1448740495557,30.295175552368164,32800,0.0,0.0,0.0
2011-04-01 00:00:00-04:00,30.576995451946154,30.6709361463257,30.436089785583455,30.539419174194336,10200,0.0,0.0,0.0
2011-04-04 00:00:00-04:00,30.586390557580746,30.63335911187477,30.407905034404063,30.55820655822754,34100,0.0,0.0,0.0
2011-04-05 00:00:00-04:00,30.821238971318007,30.821238971318007,30.40790706559047,30.605180740356445,16400,0.0,0.0,0.0
2011-04-06 00:00:00-04:00,30.905785532264403,30.905785532264403,30.54881802562271,30.699119567871094,315500,0.0,0.0,0.0
2011-04-07 00:00:00-04:00,30.67093477429214,30.76487188099842,30.379724009949186,30.389116287231445,224000,0.0,0.0,0.0
2011-04-08 00:00:00-04:00,30.370331849778907,30.407904542523752,29.806698456955,29.975788116455078,82200,0.0,0.0,0.0
2011-04-11 00:00:00-04:00,29.96639506637561,30.022757690880365,29.618823458238186,29.76912498474121,128800,0.0,0.0,0.0
2011-04-12 00:00:00-04:00,29.750331385550222,29.778513588497734,29.337001367662673,29.44033432006836,30600,0.0,0.0,0.0
2011-04-13 00:00:00-04:00,29.4215550293677,29.496705801417416,29.19610271321855,29.318222045898438,4300,0.0,0.0,0.0
2011-04-14 00:00:00-04:00,29.167916634007643,29.41215705871582,29.083371802695755,29.41215705871582,13700,0.0,0.0,0.0
2011-04-15 00:00:00-04:00,29.33700305465331,29.675182342529297,29.327608986463943,29.675182342529297,20400,0.0,0.0,0.0
2011-04-18 00:00:00-04:00,29.496701825323864,29.496701825323864,28.857919453139935,29.09276580810547,125600,0.0,0.0,0.0
2011-04-19 00:00:00-04:00,29.280640400759616,29.280640400759616,29.092762620677043,29.261852264404297,8300,0.0,0.0,0.0
2011-04-20 00:00:00-04:00,29.79730796813965,29.80670203832232,29.637612358505596,29.79730796813965,26800,0.0,0.0,0.0
2011-04-21 00:00:00-04:00,29.928819186592186,29.98518180847168,29.87245477297725,29.98518180847168,11100,0.0,0.0,0.0
2011-04-25 00:00:00-04:00,29.919425659074296,29.919425659074296,29.731547860428915,29.834880828857422,13600,0.0,0.0,0.0
2011-04-26 00:00:00-04:00,30.003969996897595,30.37972379628641,30.003969996897595,30.25760269165039,28400,0.0,0.0,0.0
2011-04-27 00:00:00-04:00,30.304571457807423,30.389116287231445,30.107301383641676,30.389116287231445,19700,0.0,0.0,0.0
2011-04-28 00:00:00-04:00,30.623961707647148,30.623961707647148,30.285785983689845,30.370330810546875,21700,0.0,0.0,0.0
2011-04-29 00:00:00-04:00,30.445476445278153,30.595777945079686,30.36093162767289,30.49244499206543,27000,0.0,0.0,0.0
2011-05-02 00:00:00-04:00,30.539420582292117,30.576996861776486,30.323362350463867,30.323362350463867,17000,0.0,0.0,0.0
2011-05-03 00:00:00-04:00,30.163664398361135,30.163664398361135,29.956998473030083,30.013362884521484,22000,0.0,0.0,0.0
2011-05-04 00:00:00-04:00,29.797303939165086,29.872454698729438,29.562457591559554,29.665790557861328,21000,0.0,0.0,0.0
2011-05-05 00:00:00-04:00,29.553061247802834,29.99457349402655,29.496698630401937,29.675182342529297,24600,0.0,0.0,0.0
2011-05-06 00:00:00-04:00,30.0697288364944,30.18245767868646,29.778521619509988,29.79730796813965,10100,0.0,0.0,0.0
2011-05-09 00:00:00-04:00,29.693977670766177,30.116701882994633,29.693977670766177,30.09791374206543,12000,0.0,0.0,0.0
2011-05-10 00:00:00-04:00,30.266998412628507,30.454872623852538,30.22002627635162,30.445480346679688,8200,0.0,0.0,0.0
2011-05-11 00:00:00-04:00,30.436084757102968,30.436084757102968,29.834876954550857,29.928815841674805,6700,0.0,0.0,0.0
2011-05-12 00:00:00-04:00,29.797305158790977,30.126090417243233,29.62821728665187,30.003971099853516,9600,0.0,0.0,0.0
2011-05-13 00:00:00-04:00,30.032149499770533,30.032149499770533,29.524882333938077,29.63760757446289,29600,0.0,0.0,0.0
2011-05-16 00:00:00-04:00,29.37458038330078,29.693971546278775,29.37458038330078,29.37458038330078,7600,0.0,0.0,0.0
2011-05-17 00:00:00-04:00,29.12094827892937,29.196099041528154,28.88610192184123,28.904890060424805,64400,0.0,0.0,0.0
2011-05-18 00:00:00-04:00,28.98943694633628,29.40276527404785,28.933072526591907,29.40276527404785,22200,0.0,0.0,0.0
2011-05-19 00:00:00-04:00,29.675187387649867,29.731550014633054,29.402764739049186,29.60003662109375,11900,0.0,0.0,0.0
2011-05-20 00:00:00-04:00,29.47790731737366,29.47790731737366,29.2336687377114,29.336999893188477,10200,0.0,0.0,0.0
2011-05-23 00:00:00-04:00,28.707612133042343,28.914278030395508,28.660643588226698,28.914278030395508,5700,0.0,0.0,0.0
2011-05-24 00:00:00-04:00,28.876707387373497,28.942464079621217,28.52913578785398,28.547922134399414,6700,0.0,0.0,0.0
2011-05-25 00:00:00-04:00,28.585493584015236,28.980035462614705,28.585493584015236,28.895490646362305,28000,0.0,0.0,0.0
2011-05-26 00:00:00-04:00,28.773373131740968,29.19609726547878,28.74519271731538,29.130340576171875,25700,0.0,0.0,0.0
2011-05-27 00:00:00-04:00,29.336999550233468,29.51548324104025,29.336999550233468,29.39336395263672,27100,0.0,0.0,0.0
2011-05-31 00:00:00-04:00,29.712763128231288,29.79730796813965,29.506098959419557,29.79730796813965,18900,0.0,0.0,0.0
2011-06-01 00:00:00-04:00,29.731547016954536,29.731547016954536,28.707616806030273,28.707616806030273,6800,0.0,0.0,0.0
2011-06-02 00:00:00-04:00,28.839127798869956,28.86730820956874,28.5760992846919,28.76397705078125,14500,0.0,0.0,0.0
2011-06-03 00:00:00-04:00,28.45398198877808,28.585495359233427,28.181559387994525,28.209741592407227,24400,0.0,0.0,0.0
2011-06-06 00:00:00-04:00,28.181565449947907,28.181565449947907,27.85278016135138,27.880962371826172,20900,0.0,0.0,0.0
2011-06-07 00:00:00-04:00,28.16277329353534,28.16277329353534,27.92792694827557,28.021865844726562,11700,0.0,0.0,0.0
2011-06-08 00:00:00-04:00,27.862169581322146,27.862169581322146,27.523990279009375,27.580354690551758,41700,0.0,0.0,0.0
2011-06-09 00:00:00-04:00,27.674289298170777,27.93731781978395,27.674289298170777,27.82459259033203,370600,0.0,0.0,0.0
2011-06-10 00:00:00-04:00,27.580356533767166,27.580356533767166,27.195208654498074,27.26096534729004,91000,0.0,0.0,0.0
2011-06-13 00:00:00-04:00,27.40187010234029,27.44883865206829,27.09187301562364,27.23278045654297,13100,0.0,0.0,0.0
2011-06-14 00:00:00-04:00,27.486412833301014,27.946711394197216,27.486412833301014,27.833984375,11300,0.0,0.0,0.0
2011-06-15 00:00:00-04:00,27.627324324107636,27.627324324107636,27.242176455489552,27.279752731323242,13900,0.0,0.0,0.0
2011-06-16 00:00:00-04:00,27.317328348975572,27.54278063812669,27.007331227425844,27.251571655273438,44500,0.0,0.0,0.0
2011-06-17 00:00:00-04:00,27.55818725410673,27.64283712176878,27.2948337049017,27.38888931274414,152500,0.036,0.0,0.0
2011-06-20 00:00:00-04:00,27.257213800006042,27.689868927001953,27.257213800006042,27.689868927001953,25200,0.0,0.0,0.0
2011-06-21 00:00:00-04:00,27.896787788855047,28.301225662231445,27.896787788855047,28.301225662231445,111300,0.0,0.0,0.0
2011-06-22 00:00:00-04:00,28.46111802115659,28.47992950114943,28.094303131103516,28.094303131103516,13100,0.0,0.0,0.0
2011-06-23 00:00:00-04:00,27.652243604323424,27.990843084061925,27.567593734388797,27.812137603759766,5400,0.0,0.0,0.0
2011-06-24 00:00:00-04:00,28.18835905371426,28.197764794414926,27.859167098999023,27.859167098999023,4900,0.0,0.0,0.0
2011-06-27 00:00:00-04:00,28.084901183022296,28.263604885197772,28.037872476690556,28.122522354125977,2900,0.0,0.0,0.0
2011-06-28 00:00:00-04:00,28.14134033384989,28.602210998535156,28.14134033384989,28.602210998535156,4900,0.0,0.0,0.0
2011-06-29 00:00:00-04:00,28.762100759904285,28.78091224397486,28.508151106837126,28.69626235961914,10100,0.0,0.0,0.0
2011-06-30 00:00:00-04:00,28.76210096920807,29.26059453693468,28.76210096920807,29.213565826416016,12200,0.0,0.0,0.0
2011-07-01 00:00:00-04:00,29.542758650944574,29.75908533031816,29.542758650944574,29.721464157104492,9500,0.0,0.0,0.0
2011-07-05 00:00:00-04:00,29.570975092797603,29.683840403409885,29.570975092797603,29.674434661865234,2100,0.0,0.0,0.0
2011-07-06 00:00:00-04:00,29.570973519427078,29.843732833862305,29.552162037338668,29.843732833862305,93400,0.0,0.0,0.0
2011-07-07 00:00:00-04:00,30.060058436970436,30.323415589006665,30.060058436970436,30.238765716552734,14500,0.0,0.0,0.0
2011-07-08 00:00:00-04:00,29.909571716840674,30.09768295288086,29.69324505116765,30.09768295288086,4400,0.0,0.0,0.0
2011-07-11 00:00:00-04:00,29.486327145584823,29.486327145584823,29.23237748911901,29.270000457763672,3800,0.0,0.0,0.0
2011-07-12 00:00:00-04:00,28.987831207217646,29.185348188546044,28.987831207217646,29.016048431396484,1600,0.0,0.0,0.0
2011-07-13 00:00:00-04:00,29.138319481581313,29.429892082877437,28.9784254658247,29.016048431396484,18400,0.0,0.0,0.0
2011-07-14 00:00:00-04:00,29.232374278041117,29.232374278041117,28.592798233032227,28.592798233032227,7200,0.0,0.0,0.0
2011-07-15 00:00:00-04:00,28.724475693809254,28.771502603652092,28.498741503471102,28.63982582092285,5500,0.0,0.0,0.0
2011-07-18 00:00:00-04:00,28.28241643835146,28.28241643835146,28.047278287990757,28.178955078125,5900,0.0,0.0,0.0
2011-07-19 00:00:00-04:00,28.536368486940425,28.780912399291992,28.461124344213935,28.780912399291992,1700,0.0,0.0,0.0
2011-07-20 00:00:00-04:00,28.874962986405038,28.874962986405038,28.63041911673573,28.799718856811523,7200,0.0,0.0,0.0
2011-07-21 00:00:00-04:00,29.063074165166515,29.52394471095066,29.063074165166515,29.41107940673828,26100,0.0,0.0,0.0
2011-07-22 00:00:00-04:00,29.288805195857393,29.39226654817467,29.138316934647666,29.345239639282227,15000,0.0,0.0,0.0
2011-07-25 00:00:00-04:00,29.147721886903273,29.326427364992234,29.147721886903273,29.29821014404297,3700,0.0,0.0,0.0
2011-07-26 00:00:00-04:00,29.175944663309593,29.175944663309593,28.70566832171129,28.837345123291016,60500,0.0,0.0,0.0
2011-07-27 00:00:00-04:00,28.564586038613918,28.564586038613918,27.8027370666219,27.84976577758789,8100,0.0,0.0,0.0
2011-07-28 00:00:00-04:00,27.8497606047943,28.037870031833286,27.426511254523863,27.464134216308594,12600,0.0,0.0,0.0
2011-07-29 00:00:00-04:00,27.04088740878635,27.661651984914595,27.022075926125076,27.51116371154785,12100,0.0,0.0,0.0
2011-08-01 00:00:00-04:00,27.840360354738447,27.981442901330926,27.12554008551305,27.29483985900879,342800,0.0,0.0,0.0
2011-08-02 00:00:00-04:00,27.10672538666526,27.360675016796176,26.241416931152344,26.241416931152344,63000,0.0,0.0,0.0
2011-08-03 00:00:00-04:00,26.335475597257986,26.551802287684605,25.677087989741775,26.542396545410156,29600,0.0,0.0,0.0
2011-08-04 00:00:00-04:00,25.978063638096508,26.17557882327433,24.924643935262992,24.990482330322266,32500,0.0,0.0,0.0
2011-08-05 00:00:00-04:00,25.28204999190694,25.404322819500173,23.97468261262873,24.689502716064453,70900,0.0,0.0,0.0
2011-08-08 00:00:00-04:00,22.52624014690106,24.25685743237802,22.46980568757575,22.601484298706055,28900,0.0,0.0,0.0
2011-08-09 00:00:00-04:00,22.949480873024655,24.012306213378906,22.234660750528743,24.012306213378906,128700,0.0,0.0,0.0
2011-08-10 00:00:00-04:00,23.542032578579185,23.673709370495665,23.02472756440693,23.04353904724121,13300,0.0,0.0,0.0
2011-08-11 00:00:00-04:00,23.09996544748743,24.134573401751027,23.043532808225418,24.040517807006836,40000,0.0,0.0,0.0
2011-08-12 00:00:00-04:00,24.275665828163024,24.350909975948824,23.95587775158289,24.209827423095703,11500,0.0,0.0,0.0
2011-08-15 00:00:00-04:00,24.463774182641117,24.764750737958522,24.463774182641117,24.745939254760742,35700,0.0,0.0,0.0
2011-08-16 00:00:00-04:00,24.623667510612893,24.623667510612893,24.322690963745117,24.322690963745117,1100,0.0,0.0,0.0
2011-08-17 00:00:00-04:00,24.539024297032313,24.670701123558203,24.078153610229492,24.078153610229492,67400,0.0,0.0,0.0
2011-08-18 00:00:00-04:00,23.212840491462227,23.34451729294629,22.554452896118164,22.554452896118164,26500,0.0,0.0,0.0
2011-08-19 00:00:00-04:00,22.291099459177854,22.78018549431654,21.9995268337745,22.262882232666016,21300,0.0,0.0,0.0
2011-08-22 00:00:00-04:00,22.827210913809733,22.827210913809733,22.25347328186035,22.25347328186035,10800,0.0,0.0,0.0
2011-08-23 00:00:00-04:00,22.328720989402242,23.212841033935547,22.291099814082695,23.212841033935547,16300,0.0,0.0,0.0
2011-08-24 00:00:00-04:00,23.29748379925388,23.814786911010742,23.259860841473046,23.814786911010742,18400,0.0,0.0,0.0
2011-08-25 00:00:00-04:00,23.617278983901695,24.087555336148487,23.212841033935547,23.212841033935547,107300,0.0,0.0,0.0
2011-08-26 00:00:00-04:00,23.081161099733613,23.955873489379883,22.9588882601101,23.955873489379883,16600,0.0,0.0,0.0
2011-08-29 00:00:00-04:00,24.473176750126346,25.02810287475586,24.473176750126346,25.02810287475586,73500,0.0,0.0,0.0
2011-08-30 00:00:00-04:00,24.905829091943318,25.235022816780663,24.87761366584623,25.18799591064453,5300,0.0,0.0,0.0
2011-08-31 00:00:00-04:00,25.376111395885726,25.573628395593644,25.009296417236328,25.009296417236328,3100,0.0,0.0,0.0
2011-09-01 00:00:00-04:00,25.037514252852713,25.404329240421582,24.651885986328125,24.651885986328125,7400,0.0,0.0,0.0
2011-09-02 00:00:00-04:00,24.040518828874614,24.05933030741531,23.513809987464583,23.589054107666016,4500,0.0,0.0,0.0
2011-09-06 00:00:00-04:00,22.883646695597704,23.3539230368915,22.75196989410324,23.27867889404297,19200,0.0,0.0,0.0
2011-09-07 00:00:00-04:00,23.76776343831301,24.256851196289062,23.76776343831301,24.256851196289062,4200,0.0,0.0,0.0
2011-09-08 00:00:00-04:00,24.096958184629816,24.125173614240566,23.80538558959961,23.80538558959961,17800,0.0,0.0,0.0
2011-09-09 00:00:00-04:00,23.447980435757614,23.56084576157799,22.968298316115984,23.19403076171875,5900,0.0,0.0,0.0
2011-09-12 00:00:00-04:00,23.09056596036517,23.09056596036517,22.554451257320377,23.04353904724121,9700,0.0,0.0,0.0
2011-09-13 00:00:00-04:00,23.165814715059632,23.607875679966362,23.165814715059632,23.523225784301758,12100,0.0,0.0,0.0
2011-09-14 00:00:00-04:00,23.908847877461625,23.98409201594927,23.908847877461625,23.965280532836914,400,0.0,0.0,0.0
2011-09-15 00:00:00-04:00,24.41674744062718,24.44496466769584,24.41674744062718,24.4261531829834,1600,0.0,0.0,0.0
2011-09-16 00:00:00-04:00,24.640296528556842,24.640296528556842,24.376157947949224,24.4610595703125,2600,0.077,0.0,0.0
2011-09-19 00:00:00-04:00,23.9422151981109,24.008251190185547,23.9422151981109,24.008251190185547,500,0.0,0.0,0.0
2011-09-20 00:00:00-04:00,24.130882495588047,24.33841875811741,24.07428202386123,24.253517150878906,8200,0.0,0.0,0.0
2011-09-21 00:00:00-04:00,23.800708828952754,23.800708828952754,23.0082950592041,23.0082950592041,5400,0.0,0.0,0.0
2011-09-22 00:00:00-04:00,22.09324576415073,22.187581075727255,21.498936360022505,21.79137420654297,16300,0.0,0.0,0.0
2011-09-23 00:00:00-04:00,21.961179932717144,22.206451051299933,21.961179932717144,22.04608154296875,4300,0.0,0.0,0.0
2011-09-26 00:00:00-04:00,22.281919797542923,22.46115493774414,22.121550283107258,22.46115493774414,8200,0.0,0.0,0.0
2011-09-27 00:00:00-04:00,23.178098403605848,23.60260642536645,23.074329376220703,23.074329376220703,7000,0.0,0.0,0.0
2011-09-28 00:00:00-04:00,23.196962336456984,23.196962336456984,22.413982391357422,22.413982391357422,3000,0.0,0.0,0.0
2011-09-29 00:00:00-04:00,22.800760102495776,22.904529135174183,22.178149505018492,22.725292205810547,6700,0.0,0.0,0.0
2011-09-30 00:00:00-04:00,22.291348685344023,22.45171817801397,21.980043411254883,21.980043411254883,10100,0.0,0.0,0.0
2011-10-03 00:00:00-04:00,21.734778436855066,21.847979395775905,21.253669863199512,21.319704055786133,20600,0.0,0.0,0.0
2011-10-04 00:00:00-04:00,20.791426391576625,21.951745986938477,20.706524782228527,21.951745986938477,3700,0.0,0.0,0.0
2011-10-05 00:00:00-04:00,22.281921501468766,22.4139898884105,22.178152454987785,22.37625503540039,2100,0.0,0.0,0.0
2011-10-06 00:00:00-04:00,22.432853288201862,23.14979917303022,22.432853288201862,23.102630615234375,40000,0.0,0.0,0.0
2011-10-07 00:00:00-04:00,23.310171012393504,23.329038438863392,22.65926099285368,23.215837478637695,9000,0.0,0.0,0.0
2011-10-10 00:00:00-04:00,23.329035042011302,23.678075183694578,23.329035042011302,23.423370361328125,14500,0.0,0.0,0.0
2011-10-11 00:00:00-04:00,23.94221132467595,23.9893798828125,23.781841825604708,23.9893798828125,500,0.0,0.0,0.0
2011-10-12 00:00:00-04:00,24.31954765502343,24.479917121535117,24.31954765502343,24.34784698486328,2600,0.0,0.0,0.0
2011-10-13 00:00:00-04:00,24.178051197331026,24.23465347290039,23.93278186705057,24.23465347290039,3600,0.0,0.0,0.0
2011-10-14 00:00:00-04:00,24.53652025095707,24.69688973492266,24.432751232127472,24.659154891967773,3700,0.0,0.0,0.0
2011-10-17 00:00:00-04:00,24.178048682471825,24.178048682471825,23.970512424860953,23.97994613647461,400,0.0,0.0,0.0
2011-10-18 00:00:00-04:00,23.961083430126354,24.3950252532959,23.942216003184882,24.3950252532959,2100,0.0,0.0,0.0
2011-10-19 00:00:00-04:00,24.640295577097017,24.640295577097017,24.008251190185547,24.008251190185547,7600,0.0,0.0,0.0
2011-10-20 00:00:00-04:00,23.989376536513937,24.16861343383789,23.989376536513937,24.16861343383789,500,0.0,0.0,0.0
2011-10-21 00:00:00-04:00,24.508223336891227,24.838396072387695,24.508223336891227,24.838396072387695,3500,0.0,0.0,0.0
2011-10-24 00:00:00-04:00,24.96102841396241,25.498739172848637,24.96102841396241,25.47987174987793,2600,0.0,0.0,0.0
2011-10-25 00:00:00-04:00,25.017629378019574,25.262900465956598,24.923294067382812,24.923294067382812,5600,0.0,0.0,0.0
2011-10-26 00:00:00-04:00,24.89499386278314,25.328935588176172,24.876128239389367,25.319501876831055,6400,0.0,0.0,0.0
2011-10-27 00:00:00-04:00,26.159084949904443,26.640193479728627,26.08361705106712,26.4232234954834,5100,0.0,0.0,0.0
2011-10-28 00:00:00-04:00,26.03645028903003,26.47039025752049,26.03645028903003,26.4232234954834,4900,0.0,0.0,0.0
2011-10-31 00:00:00-04:00,25.979848659330212,26.196818633926185,25.894947052001953,25.894947052001953,3400,0.0,0.0,0.0
2011-11-01 00:00:00-04:00,24.53652305833804,25.4138384651587,24.53652305833804,25.02706527709961,5600,0.0,0.0,0.0
2011-11-02 00:00:00-04:00,25.48930539158073,25.583640706879514,25.25346800298201,25.46100425720215,5300,0.0,0.0,0.0
2011-11-03 00:00:00-04:00,25.838340050127083,26.3854826420115,25.640237535496485,26.291149139404297,3000,0.0,0.0,0.0
2011-11-04 00:00:00-04:00,25.98928473711679,26.083620071411133,25.80061586782495,26.083620071411133,4900,0.0,0.0,0.0
2011-11-07 00:00:00-05:00,26.093049973677253,26.12135110962101,25.979849028495394,26.055316925048828,4400,0.0,0.0,0.0
2011-11-08 00:00:00-05:00,25.99871534493294,26.366622924804688,25.960982295300518,26.366622924804688,1400,0.0,0.0,0.0
2011-11-09 00:00:00-05:00,25.725146378097406,25.819481706589926,25.32893943786621,25.32893943786621,2900,0.0,0.0,0.0
2011-11-10 00:00:00-05:00,25.640244991863444,25.659112417590155,25.423274993896484,25.423274993896484,1500,0.0,0.0,0.0
2011-11-11 00:00:00-05:00,25.83833983610142,26.27228150154425,25.81004050527216,26.234546661376953,2900,0.0,0.0,0.0
2011-11-14 00:00:00-05:00,26.09304963299917,26.09304963299917,25.847778522578697,25.932680130004883,400,0.0,0.0,0.0
2011-11-15 00:00:00-05:00,25.876082366587998,26.281723022460938,25.68741170827141,26.281723022460938,5700,0.0,0.0,0.0
2011-11-16 00:00:00-05:00,26.017583752603073,26.30058793307919,25.894949087542543,25.960983276367188,1900,0.0,0.0,0.0
2011-11-17 00:00:00-05:00,25.78174551385078,25.78174551385078,25.611942291259766,25.611942291259766,600,0.0,0.0,0.0
2011-11-18 00:00:00-05:00,25.310068025358152,25.394969627697684,25.281766891479492,25.281766891479492,2900,0.0,0.0,0.0
2011-11-21 00:00:00-05:00,24.86669536535087,24.885560989379883,24.56482378932844,24.885560989379883,9500,0.0,0.0,0.0
2011-11-22 00:00:00-05:00,24.555391174630742,24.65915840896373,24.489355190041348,24.517656326293945,2000,0.0,0.0,0.0
2011-11-23 00:00:00-05:00,23.96108214060218,23.96108214060218,23.79127890586103,23.81014633178711,2600,0.0,0.0,0.0
2011-11-25 00:00:00-05:00,23.885610580444336,23.885610580444336,23.885610580444336,23.885610580444336,300,0.0,0.0,0.0
2011-11-28 00:00:00-05:00,24.70632536011268,24.725190983755645,24.52708844078088,24.630857467651367,1800,0.0,0.0,0.0
2011-11-29 00:00:00-05:00,24.649722951500674,24.791226823447563,24.489353456017813,24.593122482299805,29000,0.0,0.0,0.0
2011-11-30 00:00:00-05:00,25.404402166238697,25.56477165222168,25.404402166238697,25.56477165222168,2100,0.0,0.0,0.0
2011-12-01 00:00:00-05:00,25.67797507244972,25.83834457397461,25.67797507244972,25.83834457397461,1000,0.0,0.0,0.0
2011-12-02 00:00:00-05:00,26.027020788443163,26.093054985699364,25.753448486328125,25.753448486328125,4100,0.0,0.0,0.0
2011-12-05 00:00:00-05:00,26.102479720637955,26.22511435917261,25.9798450821033,26.017578125,1300,0.0,0.0,0.0
2011-12-06 00:00:00-05:00,25.942114278020316,26.11191749572754,25.904379429953558,26.11191749572754,8100,0.0,0.0,0.0
2011-12-07 00:00:00-05:00,25.960981433061235,26.008148193359375,25.69684289722056,26.008148193359375,1200,0.0,0.0,0.0
2011-12-08 00:00:00-05:00,25.744013735386584,25.81004792536722,25.31007194519043,25.31007194519043,3300,0.0,0.0,0.0
2011-12-09 00:00:00-05:00,25.753443471572126,26.036449432373047,25.753443471572126,26.036449432373047,2900,0.0,0.0,0.0
2011-12-12 00:00:00-05:00,25.57420699541999,25.64024117634019,25.376102653362892,25.46100425720215,6900,0.0,0.0,0.0
2011-12-13 00:00:00-05:00,25.894945032603573,25.894945032603573,25.064796447753906,25.064796447753906,2600,0.0,0.0,0.0
2011-12-14 00:00:00-05:00,24.97989829569896,24.99876572052678,24.67802669564044,24.876131057739258,4400,0.0,0.0,0.0
2011-12-15 00:00:00-05:00,24.89499887258988,25.111970678597487,24.89499887258988,25.017635345458984,18700,0.0,0.0,0.0
2011-12-16 00:00:00-05:00,25.512583712099424,25.512583712099424,25.153649651424725,25.163095474243164,4400,0.034,0.0,0.0
2011-12-19 00:00:00-05:00,25.02140950479942,25.02140950479942,24.889171600341797,24.889171600341797,600,0.0,0.0,0.0
2011-12-20 00:00:00-05:00,25.29533277679809,25.710938131486827,25.29533277679809,25.701492309570312,6300,0.0,0.0,0.0
2011-12-21 00:00:00-05:00,25.43701534382886,25.692047119140625,25.43701534382886,25.692047119140625,400,0.0,0.0,0.0
2011-12-22 00:00:00-05:00,26.003747952741396,26.003747952741396,25.814835155788348,25.862062454223633,3100,0.0,0.0,0.0
2011-12-23 00:00:00-05:00,25.90929653467097,26.06987190246582,25.8715132473751,26.06987190246582,16900,0.0,0.0,0.0
2011-12-27 00:00:00-05:00,26.013198773128313,26.06987190246582,25.94707802036054,26.06987190246582,800,0.0,0.0,0.0
2011-12-28 00:00:00-05:00,25.852627123512793,25.862071145088724,25.540922164916992,25.540922164916992,3000,0.0,0.0,0.0
2011-12-29 00:00:00-05:00,25.80539768521471,25.85262680053711,25.80539768521471,25.85262680053711,1900,0.0,0.0,0.0
2011-12-30 00:00:00-05:00,25.522026406828708,25.795948028564453,25.522026406828708,25.795948028564453,1000,0.0,0.0,0.0
2012-01-03 00:00:00-05:00,26.268231799068708,26.268231799068708,26.221004486083984,26.221004486083984,900,0.0,0.0,0.0
2012-01-04 00:00:00-05:00,26.041534436993917,26.11709920997936,25.965969664008476,26.06987190246582,503200,0.0,0.0,0.0
2012-01-05 00:00:00-05:00,25.97541470217091,26.192663192749023,25.80539351768152,26.192663192749023,2000,0.0,0.0,0.0
2012-01-06 00:00:00-05:00,26.419360651168148,26.419360651168148,26.117101532349068,26.315460205078125,10800,0.0,0.0,0.0
2012-01-09 00:00:00-05:00,26.36268375703884,26.36268375703884,26.230445861816406,26.230445861816406,400,0.0,0.0,0.0
2012-01-10 00:00:00-05:00,26.740505164573335,26.825515747070312,26.740505164573335,26.825515747070312,1800,0.0,0.0,0.0
2012-01-11 00:00:00-05:00,26.919973944469728,27.08054929971151,26.919973944469728,26.99553871154785,1200,0.0,0.0,0.0
2012-01-12 00:00:00-05:00,27.146671145452167,27.326138162035296,27.004987417247108,27.288354873657227,6600,0.0,0.0,0.0
2012-01-13 00:00:00-05:00,27.392254781883818,27.392254781883818,26.976647653157222,27.099441528320312,2900,0.0,0.0,0.0
2012-01-17 00:00:00-05:00,27.25057475500899,27.411150135464823,27.25057475500899,27.269466400146484,13300,0.0,0.0,0.0
2012-01-18 00:00:00-05:00,27.486718399729227,27.524499893188477,27.439489280896826,27.524499893188477,5700,0.0,0.0,0.0
2012-01-19 00:00:00-05:00,27.647287227665725,27.807862590307277,27.647287227665725,27.788970947265625,6200,0.0,0.0,0.0
2012-01-20 00:00:00-05:00,27.581164526220945,27.864531926868736,27.581164526220945,27.67561912536621,9100,0.0,0.0,0.0
2012-01-23 00:00:00-05:00,27.770080159836215,27.77952598164807,27.5528316629824,27.58116912841797,2400,0.0,0.0,0.0
2012-01-24 00:00:00-05:00,27.5528284092527,27.628393173217773,27.5528284092527,27.628393173217773,5200,0.0,0.0,0.0
2012-01-25 00:00:00-05:00,27.61894460683512,27.949541091918945,27.552825670139537,27.949541091918945,4800,0.0,0.0,0.0
2012-01-26 00:00:00-05:00,28.053450482764767,28.053450482764767,27.807864511078677,27.817310333251953,5400,0.0,0.0,0.0
2012-01-27 00:00:00-05:00,27.911757812889526,27.987322569342464,27.88342215522336,27.949541091918945,6600,0.0,0.0,0.0
2012-01-30 00:00:00-05:00,27.722853913125554,27.84564599816542,27.722853913125554,27.817310333251953,3400,0.0,0.0,0.0
2012-01-31 00:00:00-05:00,27.666178242618358,27.949545675385036,27.647286600005593,27.798416137695312,16500,0.0,0.0,0.0
2012-02-01 00:00:00-05:00,28.02511000374839,28.393488020876372,28.02511000374839,28.36515235900879,16900,0.0,0.0,0.0
2012-02-02 00:00:00-05:00,28.38404289346769,28.497390948526945,28.27069664001465,28.27069664001465,22900,0.0,0.0,0.0
2012-02-03 00:00:00-05:00,28.89410522194539,29.054680575579724,28.89410522194539,28.988561630249023,40200,0.0,0.0,0.0
2012-02-06 00:00:00-05:00,28.8657659836232,28.950776565707393,28.771309581128982,28.84687614440918,30900,0.0,0.0,0.0
2012-02-07 00:00:00-05:00,28.884658183313462,28.9507771258569,28.742974477633805,28.89410400390625,23900,0.0,0.0,0.0
2012-02-08 00:00:00-05:00,28.780758472450557,28.950779654760233,28.71463952413151,28.8563232421875,39600,0.0,0.0,0.0
2012-02-09 00:00:00-05:00,29.073575973510742,29.092465816326893,28.809098356414545,29.073575973510742,12900,0.0,0.0,0.0
2012-02-10 00:00:00-05:00,28.780757904052734,28.809095367746778,28.724084778270836,28.780757904052734,1700,0.0,0.0,0.0
2012-02-13 00:00:00-05:00,28.827988032392973,29.130247116088867,28.827988032392973,29.130247116088867,3800,0.0,0.0,0.0
2012-02-14 00:00:00-05:00,28.818547481420968,28.884666442871094,28.818547481420968,28.884666442871094,300,0.0,0.0,0.0
2012-02-15 00:00:00-05:00,28.73352951349321,28.73352951349321,28.535170878344417,28.54461669921875,1600,0.0,0.0,0.0
2012-02-16 00:00:00-05:00,28.45961026664599,28.87521743774414,28.45961026664599,28.87521743774414,2300,0.0,0.0,0.0
2012-02-17 00:00:00-05:00,29.007455980997246,29.007455980997246,28.856326424854743,28.865772247314453,2500,0.0,0.0,0.0
2012-02-21 00:00:00-05:00,28.856320776790096,28.941331360681883,28.67685559000171,28.809093475341797,3300,0.0,0.0,0.0
2012-02-22 00:00:00-05:00,28.84688001040924,28.84688001040924,28.705194486876493,28.733531951904297,1700,0.0,0.0,0.0
2012-02-23 00:00:00-05:00,28.450160713756603,28.724082299401697,28.450160713756603,28.705190658569336,1500,0.0,0.0,0.0
2012-02-24 00:00:00-05:00,28.771318604551702,28.84688519153152,28.629634857177734,28.629634857177734,2600,0.0,0.0,0.0
2012-02-27 00:00:00-05:00,28.34625920107729,28.667409896850586,28.289586078766142,28.667409896850586,7900,0.0,0.0,0.0
2012-02-28 00:00:00-05:00,28.497394012686318,28.497394012686318,28.30848116781026,28.450166702270508,5900,0.0,0.0,0.0
2012-02-29 00:00:00-05:00,28.40293453624527,28.440717821800423,28.19513187051055,28.27069664001465,2200,0.0,0.0,0.0
2012-03-01 00:00:00-05:00,28.317925144142404,28.525729620280373,28.251806193228063,28.336816787719727,2600,0.0,0.0,0.0
2012-03-02 00:00:00-05:00,28.166798580273714,28.261255006552524,27.84564781188965,27.84564781188965,6000,0.0,0.0,0.0
2012-03-05 00:00:00-05:00,27.798419155574532,27.92121124267578,27.770081688578983,27.92121124267578,14700,0.0,0.0,0.0
2012-03-06 00:00:00-05:00,27.55282984843815,27.55282984843815,27.33558136589165,27.35447120666504,2600,0.0,0.0,0.0
2012-03-07 00:00:00-05:00,27.477267426538504,27.600059509277344,27.165562507086932,27.600059509277344,28600,0.0,0.0,0.0
2012-03-08 00:00:00-05:00,27.524494389218056,28.02511213909482,27.524494389218056,27.996774673461914,18800,0.0,0.0,0.0
2012-03-09 00:00:00-05:00,28.30847818656356,28.30847818656356,28.185686111450195,28.185686111450195,2200,0.0,0.0,0.0
2012-03-12 00:00:00-04:00,28.22346518205699,28.22346518205699,28.05344581604004,28.05344581604004,1400,0.0,0.0,0.0
2012-03-13 00:00:00-04:00,28.166797988409314,28.525732040405273,28.14790634322922,28.525732040405273,45400,0.0,0.0,0.0
2012-03-14 00:00:00-04:00,28.55406337734865,28.55406337734865,28.355706537850867,28.36515235900879,1900,0.0,0.0,0.0
2012-03-15 00:00:00-04:00,28.71463647898552,28.71463647898552,28.705190658569336,28.705190658569336,300,0.0,0.0,0.0
2012-03-16 00:00:00-04:00,28.756274671138552,28.756274671138552,28.61438551702181,28.652223587036133,1400,0.044,0.0,0.0
2012-03-19 00:00:00-04:00,28.708974040180856,28.96437555699622,28.671135976555686,28.935997009277344,3200,0.0,0.0,0.0
2012-03-20 00:00:00-04:00,28.529254913330078,28.529254913330078,28.529254913330078,28.529254913330078,200,0.0,0.0,0.0
2012-03-21 00:00:00-04:00,28.614386818388308,28.6806016397063,28.548171997070312,28.548171997070312,9400,0.0,0.0,0.0
2012-03-22 00:00:00-04:00,28.32114632952585,28.32114632952585,28.094123333011257,28.226552963256836,11300,0.0,0.0,0.0
2012-03-23 00:00:00-04:00,28.141420416228957,28.396821975708008,28.027908010609888,28.396821975708008,6800,0.0,0.0,0.0
2012-03-26 00:00:00-04:00,28.822491339585703,28.907625198364258,28.822491339585703,28.907625198364258,2100,0.0,0.0,0.0
2012-03-27 00:00:00-04:00,28.822488361209075,28.86978594687555,28.680599212646484,28.680599212646484,2100,0.0,0.0,0.0
2012-03-28 00:00:00-04:00,28.737355302869645,28.737355302869645,28.472496032714844,28.472496032714844,3500,0.0,0.0,0.0
2012-03-29 00:00:00-04:00,28.62384791560323,28.708981777485956,28.62384791560323,28.64276695251465,14500,0.0,0.0,0.0
2012-03-30 00:00:00-04:00,28.51978874206543,28.652220167089983,28.500869709316458,28.51978874206543,7600,0.0,0.0,0.0
2012-04-02 00:00:00-04:00,28.36844397362507,28.822489996473344,28.36844397362507,28.756275177001953,13300,0.0,0.0,0.0
2012-04-03 00:00:00-04:00,28.775192579761015,28.86978594687555,28.661680178379896,28.680599212646484,3600,0.0,0.0,0.0
2012-04-04 00:00:00-04:00,28.311685906715716,28.491413116455078,28.311685906715716,28.491413116455078,3700,0.0,0.0,0.0
2012-04-05 00:00:00-04:00,28.31169319152832,28.31169319152832,28.31169319152832,28.31169319152832,700,0.0,0.0,0.0
2012-04-09 00:00:00-04:00,27.85763885643062,27.971149444580078,27.85763885643062,27.971149444580078,1100,0.0,0.0,0.0
2012-04-10 00:00:00-04:00,28.0279118570952,28.0279118570952,27.327923704998547,27.35630226135254,2300,0.0,0.0,0.0
2012-04-11 00:00:00-04:00,27.57386291818898,27.677915809799412,27.57386291818898,27.62116050720215,2900,0.0,0.0,0.0
2012-04-12 00:00:00-04:00,27.990075155214495,28.23601722717285,27.990075155214495,28.23601722717285,600,0.0,0.0,0.0
2012-04-13 00:00:00-04:00,28.122503154742642,28.122503154742642,27.89548013340625,27.904939651489258,1600,0.0,0.0,0.0
2012-04-16 00:00:00-04:00,27.914399160325562,28.17926025390625,27.914399160325562,28.17926025390625,1700,0.0,0.0,0.0
2012-04-17 00:00:00-04:00,28.453576807778408,28.567089211527932,28.434657773117078,28.510332107543945,2300,0.0,0.0,0.0
2012-04-18 00:00:00-04:00,28.35898403750222,28.38736259009344,28.311688254068677,28.340065002441406,2300,0.0,0.0,0.0
2012-04-19 00:00:00-04:00,28.37790472092782,28.37790472092782,28.17926025390625,28.17926025390625,700,0.0,0.0,0.0
2012-04-20 00:00:00-04:00,28.33060822019613,28.444118825854478,28.33060822019613,28.349525451660156,1200,0.0,0.0,0.0
2012-04-23 00:00:00-04:00,27.83872644480199,27.980615615844727,27.83872644480199,27.980615615844727,3000,0.0,0.0,0.0
2012-04-24 00:00:00-04:00,27.96169979801275,28.15088658399797,27.96169979801275,28.131967544555664,4700,0.0,0.0,0.0
2012-04-25 00:00:00-04:00,28.340068770651175,28.35898780822754,28.273853943352627,28.35898780822754,2900,0.0,0.0,0.0
2012-04-26 00:00:00-04:00,28.358982931770253,28.406280517578125,28.302227633019225,28.406280517578125,1200,0.0,0.0,0.0
2012-04-27 00:00:00-04:00,28.500875336835406,28.557632446289062,28.500875336835406,28.557632446289062,800,0.0,0.0,0.0
2012-04-30 00:00:00-04:00,28.34007243609815,28.425206311984102,28.34007243609815,28.415748596191406,2100,0.0,0.0,0.0
2012-05-01 00:00:00-04:00,28.55763449389428,28.813034287873602,28.500877380371094,28.500877380371094,8600,0.0,0.0,0.0
2012-05-02 00:00:00-04:00,28.349523777871834,28.396821364285763,28.292768478393555,28.292768478393555,900,0.0,0.0,0.0
2012-05-03 00:00:00-04:00,28.37790708904494,28.40628564565273,28.292773223440307,28.30223274230957,800,0.0,0.0,0.0
2012-05-04 00:00:00-04:00,28.103579959966694,28.103579959966694,27.999528884887695,27.999528884887695,1100,0.0,0.0,0.0
2012-05-07 00:00:00-04:00,27.999529628481614,28.08466347667339,27.999529628481614,28.046825408935547,2600,0.0,0.0,0.0
2012-05-08 00:00:00-04:00,27.810346444067953,28.10358428955078,27.810346444067953,28.10358428955078,8100,0.0,0.0,0.0
2012-05-09 00:00:00-04:00,27.59278361932481,27.67791748046875,27.59278361932481,27.67791748046875,800,0.0,0.0,0.0
2012-05-10 00:00:00-04:00,27.630620771369628,27.74413319126103,27.630620771369628,27.706296920776367,500,0.0,0.0,0.0
2012-05-11 00:00:00-04:00,27.611695975830933,27.72520656041488,27.611695975830933,27.68737030029297,7400,0.0,0.0,0.0
2012-05-14 00:00:00-04:00,27.431968607039167,27.51710244705364,27.33737525099884,27.469806671142578,5900,0.0,0.0,0.0
2012-05-15 00:00:00-04:00,27.327925905206783,27.469816894181864,27.242792033509282,27.280630111694336,8800,0.0,0.0,0.0
2012-05-16 00:00:00-04:00,27.50764748741173,27.50764748741173,27.242786407470703,27.242786407470703,1000,0.0,0.0,0.0
2012-05-17 00:00:00-04:00,26.949551716422853,26.949551716422853,26.400912261701503,26.410371780395508,1900,0.0,0.0,0.0
2012-05-18 00:00:00-04:00,26.419825890367335,26.419825890367335,26.306313493496475,26.315773010253906,1500,0.0,0.0,0.0
2012-05-21 00:00:00-04:00,26.665772266647462,26.694149017333984,26.665772266647462,26.694149017333984,300,0.0,0.0,0.0
2012-05-22 00:00:00-04:00,26.87387264986733,26.93062794784184,26.63739013671875,26.63739013671875,900,0.0,0.0,0.0
2012-05-23 00:00:00-04:00,26.296853551604727,26.703603744506836,26.221179222987008,26.703603744506836,1400,0.0,0.0,0.0
2012-05-24 00:00:00-04:00,27.053602921126657,27.081979671210267,26.845497131347656,26.845497131347656,1600,0.0,0.0,0.0
2012-05-25 00:00:00-04:00,27.09144230586216,27.09144230586216,27.053606033325195,27.053606033325195,800,0.0,0.0,0.0
2012-05-29 00:00:00-04:00,27.2711657584776,27.35629961508557,27.223869973348084,27.309003829956055,1400,0.0,0.0,0.0
2012-05-30 00:00:00-04:00,27.14819726564626,27.14819726564626,27.11035919189453,27.11035919189453,200,0.0,0.0,0.0
2012-05-31 00:00:00-04:00,26.67522887506119,26.996845245361328,26.67522887506119,26.996845245361328,300,0.0,0.0,0.0
2012-06-01 00:00:00-04:00,26.136052305485016,26.325239079285026,25.994163127244402,26.107675552368164,3300,0.0,0.0,0.0
2012-06-04 00:00:00-04:00,25.577954027003234,25.6914646430948,25.577954027003234,25.644168853759766,800,0.0,0.0,0.0
2012-06-05 00:00:00-04:00,25.956326752520674,25.956326752520674,25.85227384691967,25.890111923217773,900,0.0,0.0,0.0
2012-06-06 00:00:00-04:00,26.27793842986995,26.6468505859375,26.27793842986995,26.6468505859375,4700,0.0,0.0,0.0
2012-06-07 00:00:00-04:00,27.252248459063996,27.252248459063996,26.580638885498047,26.580638885498047,1600,0.0,0.0,0.0
2012-06-08 00:00:00-04:00,26.731985092163086,26.731985092163086,26.731985092163086,26.731985092163086,200,0.0,0.0,0.0
2012-06-11 00:00:00-04:00,26.731985092163086,26.731985092163086,26.731985092163086,26.731985092163086,0,0.0,0.0,0.0
2012-06-12 00:00:00-04:00,26.486039952806,26.50495898578468,26.268476486206055,26.268476486206055,800,0.0,0.0,0.0
2012-06-13 00:00:00-04:00,26.694146647498783,26.836037605209235,26.46712364106793,26.571176528930664,2000,0.0,0.0,0.0
2012-06-14 00:00:00-04:00,26.476582838511423,26.750903428936248,26.476582838511423,26.665769577026367,5700,0.0,0.0,0.0
2012-06-15 00:00:00-04:00,26.861713617830013,26.861713617830013,26.814154651898154,26.852201461791992,2100,0.156,0.0,0.0
2012-06-18 00:00:00-04:00,26.975857553449284,27.04244083115464,26.966345397454486,27.02341651916504,900,0.0,0.0,0.0
2012-06-19 00:00:00-04:00,27.422915177942468,27.698762230633324,27.422915177942468,27.64168930053711,1500,0.0,0.0,0.0
2012-06-20 00:00:00-04:00,27.594130847049303,27.62266731262207,27.518035419780016,27.62266731262207,500,0.0,0.0,0.0
2012-06-21 00:00:00-04:00,27.099514495118424,27.099514495118424,26.994882583618164,26.994882583618164,500,0.0,0.0,0.0
2012-06-22 00:00:00-04:00,26.89976627363949,26.89976627363949,26.842693328857422,26.842693328857422,700,0.0,0.0,0.0
2012-06-25 00:00:00-04:00,26.519282580448063,26.519282580448063,26.281484128343315,26.38611602783203,2800,0.0,0.0,0.0
2012-06-26 00:00:00-04:00,26.40514373779297,26.40514373779297,26.40514373779297,26.40514373779297,400,0.0,0.0,0.0
2012-06-27 00:00:00-04:00,26.804641723632812,26.804641723632812,26.804641723632812,26.804641723632812,1700,0.0,0.0,0.0
2012-06-28 00:00:00-04:00,26.680986914773108,26.680986914773108,26.661964416503906,26.661964416503906,1200,0.0,0.0,0.0
2012-06-29 00:00:00-04:00,26.899766980924188,27.698770086296292,26.899766980924188,27.632184982299805,3000,0.0,0.0,0.0
2012-07-02 00:00:00-04:00,27.8794882457446,27.8794882457446,27.565594381476537,27.62266731262207,5100,0.0,0.0,0.0
2012-07-03 00:00:00-04:00,27.841444994666,27.879491806030273,27.841444994666,27.879491806030273,1100,0.0,0.0,0.0
2012-07-05 00:00:00-04:00,27.869983652233444,28.117294311523438,27.869983652233444,28.117294311523438,1300,0.0,0.0,0.0
2012-07-06 00:00:00-04:00,27.603643009116386,27.860465756560988,27.603643009116386,27.78436851501465,1600,0.0,0.0,0.0
2012-07-09 00:00:00-04:00,27.7273006439209,27.7273006439209,27.7273006439209,27.7273006439209,200,0.0,0.0,0.0
2012-07-10 00:00:00-04:00,27.755834579467773,27.784369231525414,27.755834579467773,27.755834579467773,600,0.0,0.0,0.0
2012-07-11 00:00:00-04:00,27.40389796819914,27.40389796819914,27.204148103881824,27.251707077026367,1600,0.0,0.0,0.0
2012-07-12 00:00:00-04:00,26.7570832757344,27.166096937925566,26.747572933400132,27.032930374145508,1800,0.0,0.0,0.0
2012-07-13 00:00:00-04:00,27.175610789944688,27.537065505981445,27.175610789944688,27.537065505981445,1500,0.0,0.0,0.0
2012-07-16 00:00:00-04:00,27.394384384155273,27.394384384155273,27.394384384155273,27.394384384155273,300,0.0,0.0,0.0
2012-07-17 00:00:00-04:00,27.17560924587814,27.35633659362793,27.17560924587814,27.35633659362793,300,0.0,0.0,0.0
2012-07-18 00:00:00-04:00,27.73681435831738,27.774862985681935,27.66071891784668,27.66071891784668,1700,0.0,0.0,0.0
2012-07-19 00:00:00-04:00,27.660721588814827,27.708280563354492,27.660721588814827,27.708280563354492,1900,0.0,0.0,0.0
2012-07-20 00:00:00-04:00,27.223168105274038,27.223168105274038,27.109024047851562,27.109024047851562,700,0.0,0.0,0.0
2012-07-23 00:00:00-04:00,26.823671037946067,26.899766483992018,26.766598092717697,26.833181381225586,8300,0.0,0.0,0.0
2012-07-24 00:00:00-04:00,26.671477532580884,26.671477532580884,26.20539093017578,26.20539093017578,1700,0.0,0.0,0.0
2012-07-25 00:00:00-04:00,26.22441759100794,26.386120639269944,26.22441759100794,26.2719783782959,2800,0.0,0.0,0.0
2012-07-26 00:00:00-04:00,26.547821530244228,26.547821530244228,26.252951930054227,26.44318962097168,1100,0.0,0.0,0.0
2012-07-27 00:00:00-04:00,26.82366662568274,27.109024047851562,26.795130157762557,27.109024047851562,4600,0.0,0.0,0.0
2012-07-30 00:00:00-04:00,26.956833719869305,26.956833719869305,26.90927475330951,26.918785095214844,800,0.0,0.0,0.0
2012-07-31 00:00:00-04:00,26.985368728637695,26.985368728637695,26.975856572988626,26.985368728637695,1000,0.0,0.0,0.0
2012-08-01 00:00:00-04:00,26.785621016772666,26.785621016772666,26.56684684753418,26.56684684753418,600,0.0,0.0,0.0
2012-08-02 00:00:00-04:00,26.28148771928131,26.509775861040957,26.271977376444912,26.395631790161133,46600,0.0,0.0,0.0
2012-08-03 00:00:00-04:00,26.8521987736,27.137557983398438,26.8521987736,27.137557983398438,1300,0.0,0.0,0.0
2012-08-06 00:00:00-04:00,27.27073444913445,27.289758766228374,27.17561467792357,27.204151153564453,1400,0.0,0.0,0.0
2012-08-07 00:00:00-04:00,27.527554051860047,27.556088709888567,27.422922134399414,27.422922134399414,2600,0.0,0.0,0.0
2012-08-08 00:00:00-04:00,27.308774739479368,27.318286895751953,27.308774739479368,27.318286895751953,1900,0.0,0.0,0.0
2012-08-09 00:00:00-04:00,27.52755158475731,27.6131591796875,27.508527271604294,27.6131591796875,2500,0.0,0.0,0.0
2012-08-10 00:00:00-04:00,27.48950420909009,27.556087493896484,27.441945238302218,27.556087493896484,1100,0.0,0.0,0.0
2012-08-13 00:00:00-04:00,27.58462531847972,27.58462531847972,27.44194658485653,27.4990177154541,2100,0.0,0.0,0.0
2012-08-14 00:00:00-04:00,27.47048061479872,27.651207974192893,27.47048061479872,27.52755355834961,1600,0.0,0.0,0.0
2012-08-15 00:00:00-04:00,27.2897550049794,27.3658504486084,27.2897550049794,27.3658504486084,500,0.0,0.0,0.0
2012-08-16 00:00:00-04:00,27.575112731108067,27.765352249145508,27.575112731108067,27.765352249145508,400,0.0,0.0,0.0
2012-08-17 00:00:00-04:00,27.898521132765097,27.993640899658203,27.83193784021752,27.993640899658203,5200,0.0,0.0,0.0
2012-08-20 00:00:00-04:00,27.993640899658203,27.993640899658203,27.993640899658203,27.993640899658203,0,0.0,0.0,0.0
2012-08-21 00:00:00-04:00,28.40265061887714,28.40265061887714,28.164852142333984,28.164852142333984,1900,0.0,0.0,0.0
2012-08-22 00:00:00-04:00,27.822421033135086,27.955587595978873,27.822421033135086,27.946075439453125,3700,0.0,0.0,0.0
2012-08-23 00:00:00-04:00,27.79388186101372,27.79388186101372,27.651203155517578,27.651203155517578,1500,0.0,0.0,0.0
2012-08-24 00:00:00-04:00,27.698769245101865,27.717791745693155,27.67023277282715,27.67023277282715,1800,0.0,0.0,0.0
2012-08-27 00:00:00-04:00,27.670230723929915,27.670230723929915,27.594135284423828,27.594135284423828,12700,0.0,0.0,0.0
2012-08-28 00:00:00-04:00,27.422922269904497,27.537066345358166,27.422922269904497,27.4990177154541,1900,0.0,0.0,0.0
2012-08-29 00:00:00-04:00,27.4990177154541,27.4990177154541,27.4990177154541,27.4990177154541,0,0.0,0.0,0.0
2012-08-30 00:00:00-04:00,27.16610032787819,27.29926872253418,27.16610032787819,27.29926872253418,200,0.0,0.0,0.0
2012-08-31 00:00:00-04:00,27.527551298663308,27.527551298663308,27.384872580015298,27.460968017578125,2100,0.0,0.0,0.0
2012-09-04 00:00:00-04:00,27.128049005959436,27.32779884338379,27.090000381159584,27.32779884338379,1000,0.0,0.0,0.0
2012-09-05 00:00:00-04:00,27.584625244140625,27.584625244140625,27.584625244140625,27.584625244140625,800,0.0,0.0,0.0
2012-09-06 00:00:00-04:00,28.012665215888557,28.012665215888557,27.9555922671975,27.993640899658203,1500,0.0,0.0,0.0
2012-09-07 00:00:00-04:00,27.93656490168889,28.202898025512695,27.93656490168889,28.202898025512695,500,0.0,0.0,0.0
2012-09-10 00:00:00-04:00,28.25996915000946,28.288505619387013,28.19338586905351,28.202898025512695,22300,0.0,0.0,0.0
2012-09-11 00:00:00-04:00,28.355093080126426,28.355093080126426,28.259973315771454,28.269485473632812,400,0.0,0.0,0.0
2012-09-12 00:00:00-04:00,28.488262597721846,28.488262597721846,28.42167749007039,28.46923828125,9100,0.0,0.0,0.0
2012-09-13 00:00:00-04:00,28.298022821615284,28.72606086730957,28.278998505304727,28.72606086730957,1100,0.0,0.0,0.0
2012-09-14 00:00:00-04:00,28.78312766741857,28.82117448005141,28.726056541340117,28.745079040527344,2700,0.0,0.0,0.0
2012-09-17 00:00:00-04:00,28.507282257080078,28.507282257080078,28.507282257080078,28.507282257080078,300,0.0,0.0,0.0
2012-09-18 00:00:00-04:00,28.678495464855086,28.678495464855086,28.259969644617605,28.345577239990234,2200,0.0,0.0,0.0
2012-09-19 00:00:00-04:00,28.535816544394223,28.602399826049805,28.535816544394223,28.602399826049805,2000,0.0,0.0,0.0
2012-09-20 00:00:00-04:00,28.516789048018623,28.516789048018623,28.39313465506982,28.412158966064453,1300,0.0,0.0,0.0
2012-09-21 00:00:00-04:00,28.55662076197759,28.60445356709918,28.41312052190827,28.422685623168945,2500,0.171,0.0,0.0
2012-09-24 00:00:00-04:00,28.422683333687413,28.422683333687413,28.298316955566406,28.298316955566406,29600,0.0,0.0,0.0
2012-09-25 00:00:00-04:00,28.250486960451905,28.279185914182005,28.250486960451905,28.26961898803711,900,0.0,0.0,0.0
2012-09-26 00:00:00-04:00,27.686053030947754,28.04002019959035,27.686053030947754,27.87738609313965,1200,0.0,0.0,0.0
2012-09-27 00:00:00-04:00,28.26005231490949,28.279184341430664,28.26005231490949,28.279184341430664,1000,0.0,0.0,0.0
2012-09-28 00:00:00-04:00,28.001751089244905,28.173952102661133,28.001751089244905,28.173952102661133,900,0.0,0.0,0.0
2012-10-01 00:00:00-04:00,28.5374876990542,28.56618847774341,28.5374876990542,28.556621551513672,500,0.0,0.0,0.0
2012-10-02 00:00:00-04:00,28.55662177002323,28.55662177002323,28.441820479092566,28.451387405395508,700,0.0,0.0,0.0
2012-10-03 00:00:00-04:00,28.56618537972275,28.709685608196892,28.556618454530554,28.6905517578125,1700,0.0,0.0,0.0
2012-10-04 00:00:00-04:00,28.76708466130644,28.76708466130644,28.671417236328125,28.671417236328125,300,0.0,0.0,0.0
2012-10-05 00:00:00-04:00,29.082783979907795,29.245418044298077,28.987116561200995,29.063650131225586,1400,0.0,0.0,0.0
2012-10-08 00:00:00-04:00,28.78622280831381,28.88189024757291,28.78622280831381,28.85318946838379,500,0.0,0.0,0.0
2012-10-09 00:00:00-04:00,28.77665383687935,28.77665383687935,28.661852552985962,28.680986404418945,1700,0.0,0.0,0.0
2012-10-10 00:00:00-04:00,28.336588256216608,28.403554916381836,28.336588256216608,28.403554916381836,800,0.0,0.0,0.0
2012-10-11 00:00:00-04:00,28.633155136646955,28.633155136646955,28.547054625283938,28.556621551513672,800,0.0,0.0,0.0
2012-10-12 00:00:00-04:00,28.55661478845721,28.55661478845721,28.47051429748535,28.47051429748535,700,0.0,0.0,0.0
2012-10-15 00:00:00-04:00,28.527916986636395,28.65228518641237,28.527916986636395,28.614017486572266,1000,0.0,0.0,0.0
2012-10-16 00:00:00-04:00,28.891454696655273,28.939287499831057,28.891454696655273,28.891454696655273,1600,0.0,0.0,0.0
2012-10-17 00:00:00-04:00,29.12105461933815,29.14975357055664,29.054087966889103,29.14975357055664,7500,0.0,0.0,0.0
2012-10-18 00:00:00-04:00,29.13062098014765,29.293255057817113,29.13062098014765,29.188020706176758,1300,0.0,0.0,0.0
2012-10-19 00:00:00-04:00,29.006248939959317,29.006248939959317,28.7957820892334,28.7957820892334,1500,0.0,0.0,0.0
2012-10-22 00:00:00-04:00,28.891452157770544,28.891452157770544,28.575750940321523,28.59488296508789,1300,0.0,0.0,0.0
2012-10-23 00:00:00-04:00,28.46095123270707,28.585317611694336,28.46095123270707,28.585317611694336,600,0.0,0.0,0.0
2012-10-24 00:00:00-04:00,28.690556226262434,28.690556226262434,28.65229034423828,28.65229034423828,1400,0.0,0.0,0.0
2012-10-25 00:00:00-04:00,28.59488332629694,28.853184823301078,28.59488332629694,28.661849975585938,1800,0.0,0.0,0.0
2012-10-26 00:00:00-04:00,28.62358767688736,28.709688186645508,28.62358767688736,28.709688186645508,700,0.0,0.0,0.0
2012-10-31 00:00:00-04:00,28.90102138860663,28.939289093017578,28.7288221928711,28.939289093017578,600,0.0,0.0,0.0
2012-11-01 00:00:00-04:00,29.37935546174901,29.37935546174901,29.350656509399414,29.350656509399414,300,0.0,0.0,0.0
2012-11-02 00:00:00-04:00,29.38892936706543,29.427197078892494,29.360230407900062,29.38892936706543,2100,0.0,0.0,0.0
2012-11-05 00:00:00-05:00,29.369788500184953,29.503721801877024,29.369788500184953,29.4654541015625,1100,0.0,0.0,0.0
2012-11-06 00:00:00-05:00,29.64722581401663,29.92466120260684,29.64722581401663,29.85769271850586,2500,0.0,0.0,0.0
2012-11-07 00:00:00-05:00,29.360220466381588,29.360220466381588,29.08278512369117,29.2071533203125,9100,0.0,0.0,0.0
2012-11-08 00:00:00-05:00,29.14975350231013,29.14975350231013,28.977554321289062,28.977554321289062,6600,0.0,0.0,0.0
2012-11-09 00:00:00-05:00,28.872315191692298,29.082782039038136,28.872315191692298,29.006248474121094,3600,0.0,0.0,0.0
2012-11-12 00:00:00-05:00,28.881880736362966,28.910579681396484,28.881880736362966,28.910579681396484,300,0.0,0.0,0.0
2012-11-13 00:00:00-05:00,28.9488556657025,29.08278898009656,28.87232208251953,28.87232208251953,1400,0.0,0.0,0.0
2012-11-14 00:00:00-05:00,28.480085726998237,28.527918529681234,28.0974178314209,28.0974178314209,1700,0.0,0.0,0.0
2012-11-15 00:00:00-05:00,28.02088224208978,28.183514489426525,27.97304761813398,28.040014266967773,2100,0.0,0.0,0.0
2012-11-16 00:00:00-05:00,28.011316529101357,28.059149330422134,27.963481903076172,27.963481903076172,1500,0.0,0.0,0.0
2012-11-19 00:00:00-05:00,28.365281523876686,28.460948944091797,28.365281523876686,28.460948944091797,900,0.0,0.0,0.0
2012-11-20 00:00:00-05:00,28.585316736318077,28.671417236328125,28.5087831612763,28.671417236328125,2700,0.0,0.0,0.0
2012-11-21 00:00:00-05:00,28.728830007717445,28.872330288884438,28.728830007717445,28.776662826538086,1300,0.0,0.0,0.0
2012-11-23 00:00:00-05:00,29.01582055557742,29.063653357889123,28.939286977056028,29.04452133178711,800,0.0,0.0,0.0
2012-11-26 00:00:00-05:00,29.140187841605524,29.140187841605524,29.01582145690918,29.01582145690918,700,0.0,0.0,0.0
2012-11-27 00:00:00-05:00,29.350663479943297,29.446330934806024,29.350663479943297,29.38892936706543,5900,0.0,0.0,0.0
2012-11-28 00:00:00-05:00,29.09235666473858,29.45589256286621,29.09235666473858,29.45589256286621,500,0.0,0.0,0.0
2012-11-29 00:00:00-05:00,29.618518829345703,29.666353450823934,29.599386805458646,29.618518829345703,1800,0.0,0.0,0.0
2012-11-30 00:00:00-05:00,29.618518829345703,29.618518829345703,29.618518829345703,29.618518829345703,0,0.0,0.0,0.0
2012-12-03 00:00:00-05:00,29.46545542108504,29.46545542108504,29.417622618254217,29.44632339477539,800,0.0,0.0,0.0
2012-12-04 00:00:00-05:00,29.666357565827166,29.666357565827166,29.29325659006551,29.513290405273438,2000,0.0,0.0,0.0
2012-12-05 00:00:00-05:00,29.484587412413696,29.59938868655304,29.34108718826777,29.561120986938477,2200,0.0,0.0,0.0
2012-12-06 00:00:00-05:00,29.446325003974046,29.551557540893555,29.446325003974046,29.551557540893555,1000,0.0,0.0,0.0
2012-12-07 00:00:00-05:00,29.65679324439691,29.733326831394265,29.589826583862305,29.589826583862305,1500,0.0,0.0,0.0
2012-12-10 00:00:00-05:00,29.53242171036081,29.962922378038083,29.53242171036081,29.943788528442383,1900,0.0,0.0,0.0
2012-12-11 00:00:00-05:00,29.905532282598298,30.25949949056343,29.905532282598298,30.115999221801758,3600,0.0,0.0,0.0
2012-12-12 00:00:00-05:00,30.15425390233495,30.211653620093696,30.125553131103516,30.125553131103516,2400,0.0,0.0,0.0
2012-12-13 00:00:00-05:00,30.096854237013552,30.192521655714323,30.05858836435579,30.06815528869629,2400,0.0,0.0,0.0
2012-12-14 00:00:00-05:00,30.01076283424984,30.259495628514777,30.001195907592773,30.001195907592773,4100,0.0,0.0,0.0
2012-12-17 00:00:00-05:00,30.40299562741184,30.40299562741184,30.336027145385742,30.336027145385742,300,0.0,0.0,0.0
2012-12-18 00:00:00-05:00,30.57519567823797,30.976999282836914,30.57519567823797,30.976999282836914,22600,0.0,0.0,0.0
2012-12-19 00:00:00-05:00,30.93872734985973,31.197028849787802,30.93872734985973,30.967426300048828,14500,0.0,0.0,0.0
2012-12-20 00:00:00-05:00,30.144691079927995,31.19702911376953,30.144691079927995,31.19702911376953,8100,0.0,0.0,0.0
2012-12-21 00:00:00-05:00,30.796471642800658,30.980302810668945,30.796471642800658,30.980302810668945,2600,0.366,0.0,0.0
2012-12-24 00:00:00-05:00,30.980302810668945,30.980302810668945,30.980302810668945,30.980302810668945,0,0.0,0.0,0.0
2012-12-26 00:00:00-05:00,30.941599729726185,30.9996528411139,30.719068338989363,30.796470642089844,1900,0.0,0.0,0.0
2012-12-27 00:00:00-05:00,30.486865926845816,30.690046310424805,30.486865926845816,30.690046310424805,700,0.0,0.0,0.0
2012-12-28 00:00:00-05:00,30.3030333088144,30.69972038269043,30.3030333088144,30.69972038269043,1400,0.0,0.0,0.0
2012-12-31 00:00:00-05:00,30.535238611575878,30.78679656982422,30.535238611575878,30.78679656982422,3200,0.0,0.0,0.0
2013-01-02 00:00:00-05:00,32.03490396177919,32.03490396177919,31.609188598035264,31.822046279907227,8700,0.0,0.0,0.0
2013-01-03 00:00:00-05:00,31.976857936098533,31.986535300597243,31.831730686116124,31.851078033447266,6100,0.0,0.0,0.0
2013-01-04 00:00:00-05:00,32.1219890282153,32.218740528659296,32.102637989959874,32.18003845214844,2500,0.0,0.0,0.0
2013-01-07 00:00:00-05:00,32.11230967424309,32.14133807524445,31.986533469624646,32.05426025390625,5900,0.0,0.0,0.0
2013-01-08 00:00:00-05:00,32.07361166889845,32.08328534212427,31.841402912316084,31.899456024169922,4900,0.0,0.0,0.0
2013-01-09 00:00:00-05:00,32.19939422607422,32.19939422607422,32.19939422607422,32.19939422607422,200,0.0,0.0,0.0
2013-01-10 00:00:00-05:00,32.19939119641875,32.30582006704594,32.13166440435297,32.296146392822266,10500,0.0,0.0,0.0
2013-01-11 00:00:00-05:00,32.38322727112115,32.38322727112115,32.15101846873744,32.19939422607422,4800,0.0,0.0,0.0
2013-01-14 00:00:00-05:00,32.39289578081361,32.39289578081361,32.17036437988281,32.17036437988281,800,0.0,0.0,0.0
2013-01-15 00:00:00-05:00,32.09295106075612,32.23808195900192,32.09295106075612,32.21873092651367,2400,0.0,0.0,0.0
2013-01-16 00:00:00-05:00,32.28646651691035,32.28646651691035,32.15101294331275,32.16069030761719,4300,0.0,0.0,0.0
2013-01-17 00:00:00-05:00,32.26711955890773,32.57672882080078,32.26711955890773,32.57672882080078,18000,0.0,0.0,0.0
2013-01-18 00:00:00-05:00,32.47030127143424,32.615428526285,32.38322344219048,32.60575485229492,2200,0.0,0.0,0.0
2013-01-22 00:00:00-05:00,32.673485058381715,32.77991393756488,32.673485058381715,32.760562896728516,13800,0.0,0.0,0.0
2013-01-23 00:00:00-05:00,32.77023855256696,32.82829167858514,32.72186279296875,32.72186279296875,3800,0.0,0.0,0.0
2013-01-24 00:00:00-05:00,32.90568213359781,32.95406156929483,32.73153019025298,32.91535949707031,6600,0.0,0.0,0.0
2013-01-25 00:00:00-05:00,32.992759704589844,33.079837521029106,32.93471028751882,32.992759704589844,4400,0.0,0.0,0.0
2013-01-28 00:00:00-05:00,33.089508983352225,33.18626045510474,32.925027052374475,33.10886001586914,13200,0.0,0.0,0.0
2013-01-29 00:00:00-05:00,32.9927662775034,33.09919515111364,32.9927662775034,33.050819396972656,6200,0.0,0.0,0.0
2013-01-30 00:00:00-05:00,33.17659372581449,33.17659372581449,32.77022933959961,32.77022933959961,4800,0.0,0.0,0.0
2013-01-31 00:00:00-05:00,32.789590241551956,32.91537017165619,32.789590241551956,32.8186149597168,5100,0.0,0.0,0.0
2013-02-01 00:00:00-05:00,32.94438159776269,33.15723928731379,32.94438159776269,33.021785736083984,7600,0.0,0.0,0.0
2013-02-04 00:00:00-05:00,32.9153628908113,32.944387602555906,32.499324798583984,32.499324798583984,4400,0.0,0.0,0.0
2013-02-05 00:00:00-05:00,33.031466774642794,33.031466774642794,32.87666215430811,32.934715270996094,12800,0.0,0.0,0.0
2013-02-06 00:00:00-05:00,32.85730474636955,33.20561599731445,32.78957796877833,33.20561599731445,7300,0.0,0.0,0.0
2013-02-07 00:00:00-05:00,33.176595752253235,33.176595752253235,32.88633756770372,33.13789367675781,10000,0.0,0.0,0.0
2013-02-08 00:00:00-05:00,33.33139998154618,33.33139998154618,33.244322158095606,33.29269790649414,1300,0.0,0.0,0.0
2013-02-11 00:00:00-05:00,33.22496703245945,33.23464070461567,33.18626496216945,33.20561599731445,3700,0.0,0.0,0.0
2013-02-12 00:00:00-05:00,33.312046328893196,33.39912414550781,33.312046328893196,33.39912414550781,2800,0.0,0.0,0.0
2013-02-13 00:00:00-05:00,33.582957300431836,33.59263466496081,33.52490787659058,33.56360626220703,8500,0.0,0.0,0.0
2013-02-14 00:00:00-05:00,33.62166423162561,33.74744415283203,33.52491271736448,33.74744415283203,5000,0.0,0.0,0.0
2013-02-15 00:00:00-05:00,33.80549384015011,33.83452224731445,33.795820164984484,33.83452224731445,1200,0.0,0.0,0.0
2013-02-19 00:00:00-05:00,33.96030002973626,34.144133083783146,33.96030002973626,34.11510467529297,6700,0.0,0.0,0.0
2013-02-20 00:00:00-05:00,34.04738352040577,34.05706088845215,33.66037368774414,33.66037368774414,3300,0.0,0.0,0.0
2013-02-21 00:00:00-05:00,33.34108642701899,33.34108642701899,33.16693071340321,33.32173538208008,3700,0.0,0.0,0.0
2013-02-22 00:00:00-05:00,33.59263399599885,33.59263399599885,33.292698445737045,33.466854095458984,9500,0.0,0.0,0.0
2013-02-25 00:00:00-05:00,33.64100969959947,33.64100969959947,32.89601135253906,32.89601135253906,3800,0.0,0.0,0.0
2013-02-26 00:00:00-05:00,32.93472287007619,33.09920120239258,32.93472287007619,33.09920120239258,300,0.0,0.0,0.0
2013-02-27 00:00:00-05:00,33.070167576925705,33.64101028442383,33.070167576925705,33.64101028442383,700,0.0,0.0,0.0
2013-02-28 00:00:00-05:00,33.67971210676903,33.85386775796939,33.60230795475416,33.71841049194336,5200,0.0,0.0,0.0
2013-03-01 00:00:00-05:00,33.67003815444553,33.757115988870105,33.52491089096022,33.708740234375,2400,0.0,0.0,0.0
2013-03-04 00:00:00-05:00,33.62166422130599,33.911922454833984,33.611990546216326,33.911922454833984,2000,0.0,0.0,0.0
2013-03-05 00:00:00-05:00,34.30860153143121,34.48275716891728,34.19249900338476,34.47308349609375,3900,0.0,0.0,0.0
2013-03-06 00:00:00-05:00,34.66659783404397,34.66659783404397,34.395686954266374,34.637569427490234,7100,0.0,0.0,0.0
2013-03-07 00:00:00-05:00,34.637566268598476,34.6762683465848,34.56983947753906,34.56983947753906,9400,0.0,0.0,0.0
2013-03-08 00:00:00-05:00,34.831072715416944,35.072955164829565,34.831072715416944,35.05360412597656,2600,0.0,0.0,0.0
2013-03-11 00:00:00-04:00,35.131003410437536,35.18905282811466,35.02457455691914,35.11165237426758,4900,0.0,0.0,0.0
2013-03-12 00:00:00-04:00,35.12133434053273,35.169710096964764,35.0439338684082,35.0439338684082,6500,0.0,0.0,0.0
2013-03-13 00:00:00-04:00,35.13101296280193,35.643802642822266,35.13101296280193,35.643802642822266,5900,0.0,0.0,0.0
2013-03-14 00:00:00-04:00,35.682507056815574,35.85666275024414,35.663156014119735,35.85666275024414,3000,0.0,0.0,0.0
2013-03-15 00:00:00-04:00,36.00178052318765,36.00178052318765,35.740547052058,35.81795120239258,5300,0.0,0.0,0.0
2013-03-18 00:00:00-04:00,35.67282629013091,35.914708764524484,35.218089748037876,35.8663330078125,6300,0.0,0.0,0.0
2013-03-19 00:00:00-04:00,36.03081170795759,36.156587925716536,35.76957821665057,36.04048538208008,70900,0.0,0.0,0.0
2013-03-20 00:00:00-04:00,36.31139832315431,36.40815353393555,36.1662710432333,36.40815353393555,10300,0.0,0.0,0.0
2013-03-21 00:00:00-04:00,36.282363718245804,36.36944153880291,35.866325652343285,35.95340347290039,6100,0.0,0.0,0.0
2013-03-22 00:00:00-04:00,36.18560935321851,36.18560935321851,35.93404958453433,36.137229919433594,3800,0.0,0.0,0.0
2013-03-25 00:00:00-04:00,36.32107442655529,36.32107442655529,35.74055425455761,35.97276306152344,6400,0.0,0.0,0.0
2013-03-26 00:00:00-04:00,36.01146001453384,36.16626463351402,35.99210897580716,36.108211517333984,13900,0.0,0.0,0.0
2013-03-27 00:00:00-04:00,35.963076375093394,36.108207303188806,35.80827177418028,36.098533630371094,3700,0.0,0.0,0.0
2013-03-28 00:00:00-04:00,36.28236613231443,36.33074188232422,36.21463934413409,36.33074188232422,5600,0.0,0.0,0.0
2013-04-01 00:00:00-04:00,36.56295222541399,36.56295222541399,35.711524963378906,35.711524963378906,7200,0.0,0.0,0.0
2013-04-02 00:00:00-04:00,35.701843814821025,35.711517486881405,35.227752685546875,35.227752685546875,5100,0.0,0.0,0.0
2013-04-03 00:00:00-04:00,35.21808730286035,35.3148388095669,34.482762564890336,34.58919143676758,12000,0.0,0.0,0.0
2013-04-04 00:00:00-04:00,34.85042466512683,34.937502496824585,33.58295926837803,34.908477783203125,71700,0.0,0.0,0.0
2013-04-05 00:00:00-04:00,34.163476158953266,34.84074401855469,34.163476158953266,34.84074401855469,49500,0.0,0.0,0.0
2013-04-08 00:00:00-04:00,34.840743784041805,35.169704038276706,34.73431861455866,35.160030364990234,7300,0.0,0.0,0.0
2013-04-09 00:00:00-04:00,35.16003759739548,35.24711543821756,35.09231079795983,35.15036392211914,8800,0.0,0.0,0.0
2013-04-10 00:00:00-04:00,35.15035453902909,35.6824951171875,35.15035453902909,35.6824951171875,4500,0.0,0.0,0.0
2013-04-11 00:00:00-04:00,35.63412607242774,35.90503324879334,35.508346158757945,35.82762908935547,13000,0.0,0.0,0.0
2013-04-12 00:00:00-04:00,35.7986005463524,35.7986005463524,35.547044436749985,35.66314697265625,1200,0.0,0.0,0.0
2013-04-15 00:00:00-04:00,35.75989877219827,35.75989877219827,34.192501606336165,34.36665725708008,25400,0.0,0.0,0.0
2013-04-16 00:00:00-04:00,34.618211457642296,34.976200103759766,34.618211457642296,34.976200103759766,5600,0.0,0.0,0.0
2013-04-17 00:00:00-04:00,34.637575698438646,34.637575698438646,33.98933232443783,34.27959060668945,82000,0.0,0.0,0.0
2013-04-18 00:00:00-04:00,34.240874414368186,34.28925015967846,33.76678694316159,33.97964096069336,7700,0.0,0.0,0.0
2013-04-19 00:00:00-04:00,34.14412585687021,34.37633093064002,34.0086722820323,34.36665725708008,14300,0.0,0.0,0.0
2013-04-22 00:00:00-04:00,34.34730252778599,34.36665356365931,33.99899126373155,34.289249420166016,3600,0.0,0.0,0.0
2013-04-23 00:00:00-04:00,34.6666009832437,34.79237722334571,34.56017209482355,34.705299377441406,2700,0.0,0.0,0.0
2013-04-24 00:00:00-04:00,34.37634313119631,35.014912846948626,34.37634313119631,34.95686340332031,12900,0.0,0.0,0.0
2013-04-25 00:00:00-04:00,35.2761344909668,35.46964118292809,35.2761344909668,35.2761344909668,5400,0.0,0.0,0.0
2013-04-26 00:00:00-04:00,35.24710768389062,35.43093700036887,35.17938089935479,35.39223861694336,25300,0.0,0.0,0.0
2013-04-29 00:00:00-04:00,35.41158374862751,35.508338928222656,35.27613018802701,35.508338928222656,1500,0.0,0.0,0.0
2013-04-30 00:00:00-04:00,35.41159698869206,35.547054290771484,35.314845463755134,35.547054290771484,1300,0.0,0.0,0.0
2013-05-01 00:00:00-04:00,35.47930308640511,35.49865411826485,34.94716262817383,34.94716262817383,2900,0.0,0.0,0.0
2013-05-02 00:00:00-04:00,35.1503496950847,35.585735032140015,35.1503496950847,35.4986572265625,2900,0.0,0.0,0.0
2013-05-03 00:00:00-04:00,35.92438375513743,36.350095553223014,35.77925280376351,36.059837341308594,16700,0.0,0.0,0.0
2013-05-06 00:00:00-04:00,36.156590283164185,36.43717483184391,36.13723924282418,36.417823791503906,57300,0.0,0.0,0.0
2013-05-07 00:00:00-04:00,36.553267671513275,36.69839859008789,36.427491478970026,36.69839859008789,7000,0.0,0.0,0.0
2013-05-08 00:00:00-04:00,36.7467832908928,36.82418745055772,36.591978662396414,36.72743225097656,8000,0.0,0.0,0.0
2013-05-09 00:00:00-04:00,36.679054517389275,36.83385913753235,36.562951974990284,36.601654052734375,4000,0.0,0.0,0.0
2013-05-10 00:00:00-04:00,36.76613222172846,36.86288372492602,36.727430144116134,36.843536376953125,6400,0.0,0.0,0.0
2013-05-13 00:00:00-04:00,36.814518253338534,36.88224506265537,36.572635736968586,36.737117767333984,108100,0.0,0.0,0.0
2013-05-14 00:00:00-04:00,36.669379304881105,37.22087097167969,36.669379304881105,37.22087097167969,3300,0.0,0.0,0.0
2013-05-15 00:00:00-04:00,37.27891611996858,37.627227383441664,37.211189339941335,37.6175537109375,7300,0.0,0.0,0.0
2013-05-16 00:00:00-04:00,37.501462126804235,37.59821734375769,37.2789306640625,37.2789306640625,4200,0.0,0.0,0.0
2013-05-17 00:00:00-04:00,37.46274588592786,37.820730791048476,37.46274588592786,37.79170608520508,25500,0.0,0.0,0.0
2013-05-20 00:00:00-04:00,37.85943997888485,37.956191477111936,37.74333375201266,37.78203582763672,7500,0.0,0.0,0.0
2013-05-21 00:00:00-04:00,37.73365586936695,37.93683620747908,37.55950023931864,37.77235794067383,2100,0.0,0.0,0.0
2013-05-22 00:00:00-04:00,37.84976163066251,37.95619049044555,37.16281641494126,37.19184112548828,6600,0.0,0.0,0.0
2013-05-23 00:00:00-04:00,36.61132117302707,37.4240462060021,36.466190252883,37.356319427490234,10600,0.0,0.0,0.0
2013-05-24 00:00:00-04:00,37.16281276424235,37.395021498306335,37.06606127803472,37.356319427490234,1900,0.0,0.0,0.0
2013-05-28 00:00:00-04:00,38.14002877338558,38.14002877338558,37.55951228099787,37.70464324951172,4900,0.0,0.0,0.0
2013-05-29 00:00:00-04:00,37.54016104229512,37.54016104229512,37.09509815440935,37.21120071411133,5000,0.0,0.0,0.0
2013-05-30 00:00:00-04:00,37.24022202442292,37.53048021377349,37.18216891021955,37.38534927368164,1100,0.0,0.0,0.0
2013-05-31 00:00:00-04:00,37.33697416497629,37.61755868552695,37.15314483642578,37.15314483642578,6200,0.0,0.0,0.0
2013-06-03 00:00:00-04:00,37.10476223239239,37.162815342644336,36.61132371316589,37.08541488647461,8300,0.0,0.0,0.0
2013-06-04 00:00:00-04:00,37.16281276739979,37.32729472296589,36.58229646843943,36.708072662353516,4700,0.0,0.0,0.0
2013-06-05 00:00:00-04:00,36.57261898766959,36.57261898766959,36.030804761271554,36.137229919433594,8700,0.0,0.0,0.0
2013-06-06 00:00:00-04:00,36.00178448405791,36.31139373779297,36.00178448405791,36.31139373779297,2600,0.0,0.0,0.0
2013-06-07 00:00:00-04:00,36.66938515253202,37.11444802639028,36.601658353937665,37.10477066040039,38200,0.0,0.0,0.0
2013-06-10 00:00:00-04:00,37.24022081591103,37.24022081591103,36.8628811220842,37.11444091796875,8700,0.0,0.0,0.0
2013-06-11 00:00:00-04:00,36.824179679631456,36.97898427545976,36.33073749298124,36.80482864379883,6300,0.0,0.0,0.0
2013-06-12 00:00:00-04:00,36.80482366739839,36.88222410943084,36.379108318307225,36.456512451171875,6600,0.0,0.0,0.0
2013-06-13 00:00:00-04:00,36.33074051040488,37.11444091796875,36.33074051040488,37.11444091796875,30800,0.0,0.0,0.0
2013-06-14 00:00:00-04:00,37.21118774041344,37.24021613834354,36.78547604270822,36.85320281982422,5400,0.0,0.0,0.0
2013-06-17 00:00:00-04:00,37.172488864847885,37.172488864847885,36.92093276977539,36.92093276977539,1000,0.0,0.0,0.0
2013-06-18 00:00:00-04:00,37.13379499499806,37.61755989809296,37.13379499499806,37.588531494140625,18700,0.0,0.0,0.0
2013-06-19 00:00:00-04:00,37.55951090024853,37.55951090024853,37.10477066040039,37.10477066040039,11000,0.0,0.0,0.0
2013-06-20 00:00:00-04:00,36.59197920701229,36.59197920701229,35.992111724014876,36.16626739501953,7100,0.0,0.0,0.0
2013-06-21 00:00:00-04:00,36.20307600186579,36.367769470160994,35.76712705117704,36.12557601928711,10000,0.048,0.0,0.0
2013-06-24 00:00:00-04:00,35.757449052625,35.757449052625,35.292437964904764,35.641197204589844,7900,0.0,0.0,0.0
2013-06-25 00:00:00-04:00,35.78650403199965,35.97057342529297,35.73806607950415,35.97057342529297,7200,0.0,0.0,0.0
2013-06-26 00:00:00-04:00,36.1740106267805,36.34839019093808,36.02869309145636,36.115882873535156,16600,0.0,0.0,0.0
2013-06-27 00:00:00-04:00,36.755285017464615,36.82309890327189,36.36777762650586,36.794036865234375,6200,0.0,0.0,0.0
2013-06-28 00:00:00-04:00,36.813404079724656,36.813404079724656,36.55183471253085,36.74559020996094,10600,0.0,0.0,0.0
2013-07-01 00:00:00-04:00,36.794025606141446,37.394664280456844,36.794025606141446,37.33654022216797,5500,0.0,0.0,0.0
2013-07-02 00:00:00-04:00,37.12339821728263,37.25902590865751,36.8230771181115,36.9102668762207,12100,0.0,0.0,0.0
2013-07-03 00:00:00-04:00,36.91997039866684,37.18153977018645,36.89090836702427,37.074974060058594,10300,0.0,0.0,0.0
2013-07-05 00:00:00-04:00,37.31716539973265,37.607796786444524,37.27841356268344,37.58842086791992,192800,0.0,0.0,0.0
2013-07-08 00:00:00-04:00,37.91781177281361,38.07281545683144,37.694994208011686,37.724056243896484,27400,0.0,0.0,0.0
2013-07-09 00:00:00-04:00,37.92750271599989,38.39251378195894,37.88875086994178,38.17938232421875,28000,0.0,0.0,0.0
2013-07-10 00:00:00-04:00,38.20843459843198,38.392503972387196,38.17937256910368,38.35375213623047,45600,0.0,0.0,0.0
2013-07-11 00:00:00-04:00,38.712199692201494,38.905955188970594,38.65407563007587,38.789703369140625,6600,0.0,0.0,0.0
2013-07-12 00:00:00-04:00,38.915637960391116,38.95438979553433,38.71219636925684,38.84782409667969,35600,0.0,0.0,0.0
2013-07-15 00:00:00-04:00,39.11908984510619,39.11908984510619,38.92533433228883,39.00283432006836,16100,0.0,0.0,0.0
2013-07-16 00:00:00-04:00,39.04157799984794,39.04157799984794,38.74126052856445,38.74126052856445,18100,0.0,0.0,0.0
2013-07-17 00:00:00-04:00,38.983464361907856,39.06096435419443,38.88658475207559,38.964088439941406,11900,0.0,0.0,0.0
2013-07-18 00:00:00-04:00,39.1384685808113,39.71004535216224,39.1384685808113,39.564727783203125,31100,0.0,0.0,0.0
2013-07-19 00:00:00-04:00,39.62284793452879,39.84566545401654,39.61315812748491,39.835975646972656,28800,0.0,0.0,0.0
2013-07-22 00:00:00-04:00,40.09754117658773,40.09754117658773,39.86503756782472,39.903785705566406,23800,0.0,0.0,0.0
2013-07-23 00:00:00-04:00,40.03943414655953,40.03943414655953,39.632547114852564,39.739112854003906,9700,0.0,0.0,0.0
2013-07-24 00:00:00-04:00,39.90378730990321,39.90378730990321,39.45815229554211,39.46784210205078,19600,0.0,0.0,0.0
2013-07-25 00:00:00-04:00,39.303153523235636,39.651912689208984,39.22565353945202,39.651912689208984,8500,0.0,0.0,0.0
2013-07-26 00:00:00-04:00,39.622857725783696,39.622857725783696,39.051280923044736,39.390350341796875,18800,0.0,0.0,0.0
2013-07-29 00:00:00-04:00,39.41941517956266,39.41941517956266,39.109407775941634,39.13847351074219,28700,0.0,0.0,0.0
2013-07-30 00:00:00-04:00,39.30315886629773,39.429100514593415,39.30315886629773,39.419410705566406,30500,0.0,0.0,0.0
2013-07-31 00:00:00-04:00,39.40971591610514,39.84566483686309,39.40971591610514,39.64221954345703,3600,0.0,0.0,0.0
2013-08-01 00:00:00-04:00,39.93286295234497,40.40756011298025,39.84567315000267,40.37849807739258,17500,0.0,0.0,0.0
2013-08-02 00:00:00-04:00,40.22349876253025,40.52382004666988,40.14599506510852,40.50444412231445,10700,0.0,0.0,0.0
2013-08-05 00:00:00-04:00,40.591633348159,40.591633348159,40.37850187890564,40.44631576538086,3300,0.0,0.0,0.0
2013-08-06 00:00:00-04:00,40.426933790167,40.426933790167,39.826295016042145,39.874732971191406,8000,0.0,0.0,0.0
2013-08-07 00:00:00-04:00,39.64222502387374,39.826294424517755,39.564725035901816,39.7487907409668,35800,0.0,0.0,0.0
2013-08-08 00:00:00-04:00,39.86503878768431,40.10723220997746,39.86503878768431,40.08785629272461,6100,0.0,0.0,0.0
2013-08-09 00:00:00-04:00,39.97160565707397,39.97160565707397,39.75847793249391,39.932857513427734,6100,0.0,0.0,0.0
2013-08-12 00:00:00-04:00,39.67128979938043,40.049111008661754,39.64222407095799,40.039424896240234,10000,0.0,0.0,0.0
2013-08-13 00:00:00-04:00,39.81659972215764,39.87472747767598,39.47753038724707,39.76816177368164,7100,0.0,0.0,0.0
2013-08-14 00:00:00-04:00,39.89411214566913,39.89411214566913,39.54535292722713,39.61316680908203,5300,0.0,0.0,0.0
2013-08-15 00:00:00-04:00,39.0415916556881,39.206285158211216,38.89627777231075,38.973777770996094,5100,0.0,0.0,0.0
2013-08-16 00:00:00-04:00,39.07064760373204,39.283775318424375,38.89626803088829,39.14814758300781,6800,0.0,0.0,0.0
2013-08-19 00:00:00-04:00,39.6325338279254,39.6325338279254,38.80907762149815,38.818763732910156,18000,0.0,0.0,0.0
2013-08-20 00:00:00-04:00,39.18689180227304,39.25470565679791,38.799380894492735,39.2159538269043,16100,0.0,0.0,0.0
2013-08-21 00:00:00-04:00,39.09970750543126,39.25471115112305,38.97376588843843,39.25471115112305,14400,0.0,0.0,0.0
2013-08-22 00:00:00-04:00,39.2450257637138,39.806916352355046,39.2450257637138,39.651912689208984,13600,0.0,0.0,0.0
2013-08-23 00:00:00-04:00,39.60347640478307,39.661600471173216,39.351593131829155,39.62285232543945,7900,0.0,0.0,0.0
2013-08-26 00:00:00-04:00,39.74878751830966,39.8844152579487,39.555035716298875,39.671287536621094,5800,0.0,0.0,0.0
2013-08-27 00:00:00-04:00,39.157831337963344,39.215959090605864,38.460316784145036,38.50875473022461,10400,0.0,0.0,0.0
2013-08-28 00:00:00-04:00,38.52813399158022,38.68313764983446,38.44094420283854,38.58626174926758,6100,0.0,0.0,0.0
2013-08-29 00:00:00-04:00,38.73157561143628,39.09002087833294,38.70251358037346,38.789703369140625,30800,0.0,0.0,0.0
2013-08-30 00:00:00-04:00,38.77032838778279,38.77032838778279,38.29562759399414,38.29562759399414,2500,0.0,0.0,0.0
2013-09-03 00:00:00-04:00,38.867212096519644,39.05128152288058,38.40220101698283,38.634708404541016,37400,0.0,0.0,0.0
2013-09-04 00:00:00-04:00,38.925339223489416,39.012529030434195,38.90596330021508,38.9156494140625,4900,0.0,0.0,0.0
2013-09-05 00:00:00-04:00,38.886579883021845,39.23533904359081,38.886579883021845,39.1869010925293,7000,0.0,0.0,0.0
2013-09-06 00:00:00-04:00,39.516280974999866,39.516280974999866,38.58625908957933,39.24502182006836,14200,0.0,0.0,0.0
2013-09-09 00:00:00-04:00,39.16752202790339,39.81659865028127,39.16752202790339,39.78753662109375,8900,0.0,0.0,0.0
2013-09-10 00:00:00-04:00,40.07817680571661,40.581939697265625,39.99098700341814,40.581939697265625,7800,0.0,0.0,0.0
2013-09-11 00:00:00-04:00,40.4075645005373,40.60132004851191,40.35912653743857,40.50444412231445,27000,0.0,0.0,0.0
2013-09-12 00:00:00-04:00,40.39787232822673,40.67881764588137,40.37849640677685,40.40755844116211,16800,0.0,0.0,0.0
2013-09-13 00:00:00-04:00,40.46569224539885,40.640071868896484,40.39787835799195,40.640071868896484,12300,0.0,0.0,0.0
2013-09-16 00:00:00-04:00,41.51195740398281,41.51195740398281,40.96944642086766,40.99850845336914,7600,0.0,0.0,0.0
2013-09-17 00:00:00-04:00,40.95974752624721,41.366634368896484,40.95974752624721,41.366634368896484,91700,0.0,0.0,0.0
2013-09-18 00:00:00-04:00,41.26977326593933,41.86072603079886,41.14383529960317,41.71541213989258,8600,0.0,0.0,0.0
2013-09-19 00:00:00-04:00,42.035095209024334,42.035095209024334,41.77352583570732,41.8316535949707,18900,0.0,0.0,0.0
2013-09-20 00:00:00-04:00,42.081929495948124,42.081929495948124,41.59689113195787,41.606590270996094,7300,0.058,0.0,0.0
2013-09-23 00:00:00-04:00,41.42229374437152,41.461097717285156,41.3349866555911,41.461097717285156,4300,0.0,0.0,0.0
2013-09-24 00:00:00-04:00,41.32527796853317,41.917025519863884,41.32527796853317,41.71331024169922,5100,0.0,0.0,0.0
2013-09-25 00:00:00-04:00,41.907313383545194,41.907313383545194,41.412572203641716,41.52898406982422,6100,0.0,0.0,0.0
2013-09-26 00:00:00-04:00,41.77151027789437,41.77151027789437,41.56779132802678,41.63569641113281,2200,0.0,0.0,0.0
2013-09-27 00:00:00-04:00,41.51928928938244,41.587194374227835,41.48048532645663,41.50959014892578,13900,0.0,0.0,0.0
2013-09-30 00:00:00-04:00,41.71329918245343,41.71329918245343,41.03424473472229,41.276763916015625,3100,0.0,0.0,0.0
2013-10-01 00:00:00-04:00,41.63568658412299,41.839405485908095,41.63568658412299,41.820003509521484,5200,0.0,0.0,0.0
2013-10-02 00:00:00-04:00,41.5775013540947,41.73271352809605,41.480491432500024,41.65510559082031,260400,0.0,0.0,0.0
2013-10-03 00:00:00-04:00,41.946121439146026,41.946121439146026,40.86933562527037,41.267066955566406,9900,0.0,0.0,0.0
2013-10-04 00:00:00-04:00,41.17975455926563,41.54838472265789,41.17975455926563,41.4998779296875,3900,0.0,0.0,0.0
2013-10-07 00:00:00-04:00,41.26707312050172,41.71330761617067,40.99544906616211,40.99544906616211,7900,0.0,0.0,0.0
2013-10-08 00:00:00-04:00,41.014845313632705,41.014845313632705,40.37459478311746,40.41339874267578,13500,0.0,0.0,0.0
2013-10-09 00:00:00-04:00,40.617113712513735,40.617113712513735,40.035069125162366,40.25818634033203,15900,0.0,0.0,0.0
2013-10-10 00:00:00-04:00,41.005144312844585,41.412574768066406,41.005144312844585,41.412574768066406,21500,0.0,0.0,0.0
2013-10-11 00:00:00-04:00,42.877404488227114,42.877404488227114,41.37378586612941,41.82971954345703,6700,0.0,0.0,0.0
2013-10-14 00:00:00-04:00,41.49988677483354,42.052830287500086,41.49988677483354,42.03343200683594,16500,0.0,0.0,0.0
2013-10-15 00:00:00-04:00,41.98492171934765,41.98492171934765,41.65509546718525,41.684200286865234,12300,0.0,0.0,0.0
2013-10-16 00:00:00-04:00,41.80061897465805,42.06254021434235,41.78121699017586,42.05283737182617,10000,0.0,0.0,0.0
2013-10-17 00:00:00-04:00,41.897615126431084,42.49906539916992,41.897615126431084,42.49906539916992,9400,0.0,0.0,0.0
2013-10-18 00:00:00-04:00,42.81918874906496,43.00350570678711,42.63487549189208,43.00350570678711,25200,0.0,0.0,0.0
2013-10-21 00:00:00-04:00,43.86687564993061,43.86687564993061,42.712481848269626,42.906497955322266,21200,0.0,0.0,0.0
2013-10-22 00:00:00-04:00,43.11020742363609,43.46913846876173,43.06170432851204,43.24602127075195,13600,0.0,0.0,0.0
2013-10-23 00:00:00-04:00,42.93559494498138,43.294526003685185,42.93559494498138,43.25572204589844,6800,0.0,0.0,0.0
2013-10-24 00:00:00-04:00,44.45862476523738,44.45862476523738,43.36243686507433,43.750465393066406,6900,0.0,0.0,0.0
2013-10-25 00:00:00-04:00,43.75047215408618,43.789276123046875,43.585560836828485,43.789276123046875,8600,0.0,0.0,0.0
2013-10-28 00:00:00-04:00,43.68256085288591,43.837773006128195,43.653459730574745,43.7310676574707,12900,0.0,0.0,0.0
2013-10-29 00:00:00-04:00,44.73024635660995,44.73024635660995,43.48854911140853,43.866878509521484,21500,0.0,0.0,0.0
2013-10-30 00:00:00-04:00,43.95418672954354,43.98328785306834,43.34303723167413,43.56615447998047,11100,0.0,0.0,0.0
2013-10-31 00:00:00-04:00,43.54674564840741,43.88627473851135,43.14901432040793,43.61465072631836,10200,0.0,0.0,0.0
2013-11-01 00:00:00-04:00,43.58555532098376,43.866878509521484,43.459444288096215,43.866878509521484,7900,0.0,0.0,0.0
2013-11-04 00:00:00-05:00,44.00267475929099,44.27429502059203,44.00267475929099,44.225791931152344,25700,0.0,0.0,0.0
2013-11-05 00:00:00-05:00,44.13849033016039,44.32280357296782,43.90567029138612,44.235496520996094,6200,0.0,0.0,0.0
2013-11-06 00:00:00-05:00,44.03178456917744,44.04148740931081,43.92507553100586,43.92507553100586,18400,0.0,0.0,0.0
2013-11-07 00:00:00-05:00,44.01239114279229,44.05119510976841,43.22663116455078,43.22663116455078,7000,0.0,0.0,0.0
2013-11-08 00:00:00-05:00,43.575852387973555,43.954185485839844,43.3042320412949,43.954185485839844,281400,0.0,0.0,0.0
2013-11-11 00:00:00-05:00,44.08999928601354,44.26461343768487,43.89598315076205,44.12880325317383,43200,0.0,0.0,0.0
2013-11-12 00:00:00-05:00,44.13849682976679,44.30340811858127,43.93478157868436,44.11909484863281,49500,0.0,0.0,0.0
2013-11-13 00:00:00-05:00,44.01238639438917,44.34221267700195,43.78926915917311,44.34221267700195,14900,0.0,0.0,0.0
2013-11-14 00:00:00-05:00,44.54591798171941,44.68173182114982,44.24519658863823,44.613826751708984,12800,0.0,0.0,0.0
2013-11-15 00:00:00-05:00,44.69144310085414,44.74964904785156,44.526531801852705,44.74964904785156,17000,0.0,0.0,0.0
2013-11-18 00:00:00-05:00,44.91454674276576,45.040657739454446,44.57502140616002,44.672027587890625,21200,0.0,0.0,0.0
2013-11-19 00:00:00-05:00,44.720529364314736,44.75933331608589,44.15788686582709,44.225791931152344,28500,0.0,0.0,0.0
2013-11-20 00:00:00-05:00,44.313107907877495,44.439218926289136,44.02208561200771,44.16759490966797,10700,0.0,0.0,0.0
2013-11-21 00:00:00-05:00,44.37131833765905,44.720542907714844,44.37131833765905,44.720542907714844,23100,0.0,0.0,0.0
2013-11-22 00:00:00-05:00,44.83695574464263,45.10857609393558,44.71084471080674,45.098876953125,32600,0.0,0.0,0.0
2013-11-25 00:00:00-05:00,45.23467607764168,45.263777193514194,44.94365381727007,45.079463958740234,67800,0.0,0.0,0.0
2013-11-26 00:00:00-05:00,45.06006389363435,45.36078530520965,45.05036105423252,45.24437713623047,17300,0.0,0.0,0.0
2013-11-27 00:00:00-05:00,45.312294143777116,47.72778741469632,45.26379103564057,45.554813385009766,10500,0.0,0.0,0.0
2013-11-29 00:00:00-05:00,46.01075074270314,46.01075074270314,45.554813385009766,45.554813385009766,5400,0.0,0.0,0.0
2013-12-02 00:00:00-05:00,45.486894310793495,45.61300531362181,45.166770935058594,45.166770935058594,7900,0.0,0.0,0.0
2013-12-03 00:00:00-05:00,45.29288975096191,45.29288975096191,44.6623419776303,44.74964904785156,32900,0.0,0.0,0.0
2013-12-04 00:00:00-05:00,45.08916695987368,45.08916695987368,44.05118513194568,44.57502746582031,10200,0.0,0.0,0.0
2013-12-05 00:00:00-05:00,44.50712071747964,44.545920973659896,44.361607730019436,44.4780158996582,11500,0.0,0.0,0.0
2013-12-06 00:00:00-05:00,44.81754865988462,45.10857095821486,43.992981163974775,45.069766998291016,54000,0.0,0.0,0.0
2013-12-09 00:00:00-05:00,45.244386268582055,45.26378825075294,45.01156988363088,45.098876953125,31700,0.0,0.0,0.0
2013-12-10 00:00:00-05:00,45.118264713654774,45.3025816510226,44.9339514768358,44.972755432128906,24700,0.0,0.0,0.0
2013-12-11 00:00:00-05:00,44.9824570986565,44.9824570986565,44.10939025878906,44.10939025878906,27100,0.0,0.0,0.0
2013-12-12 00:00:00-05:00,44.14818854188498,44.49741674243787,44.14818854188498,44.36160659790039,9500,0.0,0.0,0.0
2013-12-13 00:00:00-05:00,44.58472703417296,44.60412901345309,44.32280586471493,44.555625915527344,30300,0.0,0.0,0.0
2013-12-16 00:00:00-05:00,44.7399429038116,45.10857313981773,44.7399429038116,45.0600700378418,15900,0.0,0.0,0.0
2013-12-17 00:00:00-05:00,45.389895270355105,45.389895270355105,44.759343857490656,44.856353759765625,35000,0.0,0.0,0.0
2013-12-18 00:00:00-05:00,44.8854612813046,45.622718140987885,44.4101219437424,45.486907958984375,25100,0.0,0.0,0.0
2013-12-19 00:00:00-05:00,45.35108609077118,45.360785229607885,45.205573104378004,45.33168411254883,19300,0.0,0.0,0.0
2013-12-20 00:00:00-05:00,45.23552491180752,45.91546698090209,45.23552491180752,45.84747314453125,48700,0.061,0.0,0.0
2013-12-23 00:00:00-05:00,46.119451605918314,46.274866628892624,45.95432476511466,46.080596923828125,68200,0.0,0.0,0.0
2013-12-24 00:00:00-05:00,48.28554827555562,48.28554827555562,46.09031069625837,46.206871032714844,18800,0.0,0.0,0.0
2013-12-26 00:00:00-05:00,46.566268684452766,46.566268684452766,46.401141845951734,46.47884750366211,41900,0.0,0.0,0.0
2013-12-27 00:00:00-05:00,46.6536869810937,46.6536869810937,46.23600844373565,46.33314514160156,14400,0.0,0.0,0.0
2013-12-30 00:00:00-05:00,46.98395092311707,46.98395092311707,46.148593731410095,46.22630310058594,36700,0.0,0.0,0.0
2013-12-31 00:00:00-05:00,46.40114319955987,46.55655822490075,46.138879649537174,46.34286117553711,45600,0.0,0.0,0.0
2014-01-02 00:00:00-05:00,46.333150985128945,46.333150985128945,45.6920635199047,45.798912048339844,18300,0.0,0.0,0.0
2014-01-03 00:00:00-05:00,46.0417366027832,46.12915776705046,45.86689427424869,46.0417366027832,22200,0.0,0.0,0.0
2014-01-06 00:00:00-05:00,46.96451187252664,46.96451187252664,45.672625427833424,45.73090744018555,95700,0.0,0.0,0.0
2014-01-07 00:00:00-05:00,45.925170751121485,46.13886774534963,45.828037774864434,46.00288009643555,26500,0.0,0.0,0.0
2014-01-08 00:00:00-05:00,46.04175026798362,46.09031677246094,45.73092019286466,46.09031677246094,36700,0.0,0.0,0.0
2014-01-09 00:00:00-05:00,46.12916561456915,46.42056830990503,46.01260157212576,46.29429244995117,79500,0.0,0.0,0.0
2014-01-10 00:00:00-05:00,46.420565619670185,46.57598062853489,46.177729436732456,46.56626510620117,21000,0.0,0.0,0.0
2014-01-13 00:00:00-05:00,46.624551805332956,46.64397914656489,45.808622000524174,45.9251823425293,53800,0.0,0.0,0.0
2014-01-14 00:00:00-05:00,46.10972961018091,46.56625905511729,46.100014089109685,46.51769256591797,31800,0.0,0.0,0.0
2014-01-15 00:00:00-05:00,47.03250662937943,47.03250662937943,46.65368280507663,46.81881332397461,56300,0.0,0.0,0.0
2014-01-16 00:00:00-05:00,46.91594654367857,47.07136154174805,46.79938622147293,47.07136154174805,1151500,0.0,0.0,0.0
2014-01-17 00:00:00-05:00,46.89651962234473,47.10050481974897,46.78967111546295,46.91594696044922,39000,0.0,0.0,0.0
2014-01-21 00:00:00-05:00,47.4404747226336,47.4404747226336,46.96451419501841,47.1782112121582,20700,0.0,0.0,0.0
2014-01-22 00:00:00-05:00,47.450185946587794,47.58617731376954,47.197637961164894,47.57646179199219,22100,0.0,0.0,0.0
2014-01-23 00:00:00-05:00,47.44046811387304,47.54731660755826,46.77995352144206,46.954795837402344,608500,0.0,0.0,0.0
2014-01-24 00:00:00-05:00,46.87709541040266,46.87709541040266,45.2452396600438,45.25495147705078,42100,0.0,0.0,0.0
2014-01-27 00:00:00-05:00,45.29380225260251,45.41036257357211,44.40987876569601,44.92469024658203,73000,0.0,0.0,0.0
2014-01-28 00:00:00-05:00,44.9635546275327,45.526932721647185,44.9635546275327,45.38123321533203,43100,0.0,0.0,0.0
2014-01-29 00:00:00-05:00,45.653202143211544,45.653202143211544,44.4681603912174,44.58472442626953,66300,0.0,0.0,0.0
2014-01-30 00:00:00-05:00,44.79842292119774,45.07040199568358,44.64300789522862,44.94412612915039,45900,0.0,0.0,0.0
2014-01-31 00:00:00-05:00,44.4390203028878,45.08010766068123,44.4390203028878,44.73042297363281,46500,0.0,0.0,0.0
2014-02-03 00:00:00-05:00,44.963544910676205,44.963544910676205,43.0597102786486,43.11798858642578,117200,0.0,0.0,0.0
2014-02-04 00:00:00-05:00,43.32196949702486,43.63279948564641,42.76830334820612,43.516239166259766,21100,0.0,0.0,0.0
2014-02-05 00:00:00-05:00,43.331683450647084,43.52595311285304,42.914004973789254,43.39967727661133,22300,0.0,0.0,0.0
2014-02-06 00:00:00-05:00,43.55509591978529,43.99220177007761,43.55509591978529,43.64251708984375,717400,0.0,0.0,0.0
2014-02-07 00:00:00-05:00,44.089333565494066,44.61386057167391,44.089333565494066,44.60414505004883,34500,0.0,0.0,0.0
2014-02-10 00:00:00-05:00,44.68185643235513,44.68185643235513,44.137902063587504,44.23503875732422,44400,0.0,0.0,0.0
2014-02-11 00:00:00-05:00,44.39044845846294,44.69156290960677,44.17675146315915,44.61385726928711,20100,0.0,0.0,0.0
2014-02-12 00:00:00-05:00,44.71100445505479,45.031550049878895,44.623583266047014,45.002410888671875,9400,0.0,0.0,0.0
2014-02-13 00:00:00-05:00,44.61385762691334,45.2452330969799,44.61385762691334,45.19666290283203,17800,0.0,0.0,0.0
2014-02-14 00:00:00-05:00,45.13839830378728,45.45894019125262,45.02183424890288,45.41037368774414,7900,0.0,0.0,0.0
2014-02-18 00:00:00-05:00,45.478363510111016,45.65320587158203,45.25495464942836,45.65320587158203,83000,0.0,0.0,0.0
2014-02-19 00:00:00-05:00,45.614354995474564,45.818336532412616,45.2549584248618,45.32295227050781,39700,0.0,0.0,0.0
2014-02-20 00:00:00-05:00,45.4103685997735,45.769765131932,45.28409274049057,45.71148681640625,35600,0.0,0.0,0.0
2014-02-21 00:00:00-05:00,45.808622444070544,45.993176629481155,45.76976776123047,45.76976776123047,19100,0.0,0.0,0.0
2014-02-24 00:00:00-05:00,46.01260240795605,46.60512333228786,45.701772366566644,46.148590087890625,37600,0.0,0.0,0.0
2014-02-25 00:00:00-05:00,46.10973887499843,46.372002415834054,45.964035672738746,46.0611686706543,77100,0.0,0.0,0.0
2014-02-26 00:00:00-05:00,46.26515642548245,46.57598648227747,46.12916873880795,46.36228942871094,228500,0.0,0.0,0.0
2014-02-27 00:00:00-05:00,46.2068731177183,46.66340637207031,46.18744577653455,46.66340637207031,50000,0.0,0.0,0.0
2014-02-28 00:00:00-05:00,46.72168242629434,47.05193979964228,46.64397677071109,46.779964447021484,19300,0.0,0.0,0.0
2014-03-03 00:00:00-05:00,46.333145382996186,46.51769955182372,46.00288801930375,46.42056655883789,66600,0.0,0.0,0.0
2014-03-04 00:00:00-05:00,47.00336830054549,47.47932882237569,47.00336830054549,47.41133499145508,32200,0.0,0.0,0.0
2014-03-05 00:00:00-05:00,47.595896569716565,47.595896569716565,47.23650002088201,47.32392120361328,101400,0.0,0.0,0.0
2014-03-06 00:00:00-05:00,47.44048015431524,47.66388901354691,47.36277079177221,47.62503433227539,57500,0.0,0.0,0.0
2014-03-07 00:00:00-05:00,48.07185599497943,48.07185599497943,47.63475009196895,47.71245574951172,43600,0.0,0.0,0.0
2014-03-10 00:00:00-04:00,47.75130971656856,48.05242793533438,47.24620998124507,47.450191497802734,40500,0.0,0.0,0.0
2014-03-11 00:00:00-04:00,47.73188103513504,47.741596557776056,46.79939095245221,46.92566680908203,17400,0.0,0.0,0.0
2014-03-12 00:00:00-04:00,47.58618280149238,47.58618280149238,46.313719795086065,46.789676666259766,25800,0.0,0.0,0.0
2014-03-13 00:00:00-04:00,47.15878407860088,47.15878407860088,45.82804288741772,46.03202438354492,28300,0.0,0.0,0.0
2014-03-14 00:00:00-04:00,46.041743318940036,46.32343048454837,46.00288863906778,46.022315979003906,39500,0.0,0.0,0.0
2014-03-17 00:00:00-04:00,46.29429430035196,46.82853321405251,46.29429430035196,46.66340637207031,13000,0.0,0.0,0.0
2014-03-18 00:00:00-04:00,46.68282574705787,47.168498077614665,46.68282574705787,47.149070739746094,15900,0.0,0.0,0.0
2014-03-19 00:00:00-04:00,47.022803324850116,47.15879100891927,46.41085504115245,46.673118591308594,24100,0.0,0.0,0.0
2014-03-20 00:00:00-04:00,46.51770249159562,46.83824805840141,46.4205694924713,46.73139953613281,13900,0.0,0.0,0.0
2014-03-21 00:00:00-04:00,46.888784985012805,47.228842644263565,46.68475261324841,46.80134201049805,9000,0.012,0.0,0.0
2014-03-24 00:00:00-04:00,46.62647694575806,46.733348437262585,45.858922076271746,46.247554779052734,239800,0.0,0.0,0.0
2014-03-25 00:00:00-04:00,46.41271314637694,46.587599109331244,46.169816387419324,46.257259368896484,30000,0.0,0.0,0.0
2014-03-26 00:00:00-04:00,46.55845837797083,46.665333566499605,45.460567474365234,45.460567474365234,12700,0.0,0.0,0.0
2014-03-27 00:00:00-04:00,45.49942132767954,45.49942132767954,45.13021722716469,45.32453536987305,45100,0.0,0.0,0.0
2014-03-28 00:00:00-04:00,45.450839068567035,45.88805396362482,45.450839068567035,45.58686065673828,10000,0.0,0.0,0.0
2014-03-31 00:00:00-04:00,45.72289748083691,46.412723541259766,45.431418339757975,46.412723541259766,18700,0.0,0.0,0.0
2014-04-01 00:00:00-04:00,46.577880900493895,46.859642028808594,46.471009440456605,46.859642028808594,34300,0.0,0.0,0.0
2014-04-02 00:00:00-04:00,47.015101319909725,47.170555114746094,46.976236944622926,47.170555114746094,105800,0.0,0.0,0.0
2014-04-03 00:00:00-04:00,47.30656767365995,47.30656767365995,46.51958460933727,46.80134201049805,28300,0.0,0.0,0.0
2014-04-04 00:00:00-04:00,46.859648567344934,46.9373773196474,45.47027862358096,45.625732421875,29900,0.0,0.0,0.0
2014-04-07 00:00:00-04:00,45.31482224557165,45.518854649283966,44.061473983377624,44.32380294799805,55700,0.0,0.0,0.0
2014-04-08 00:00:00-04:00,44.35295760218218,44.67357945407867,43.974035477124765,44.5084114074707,60800,0.0,0.0,0.0
2014-04-09 00:00:00-04:00,44.63470344638001,45.42169021539975,44.63470344638001,45.39254379272461,124600,0.0,0.0,0.0
2014-04-10 00:00:00-04:00,45.35368635607719,45.4022649700631,43.886587752052336,44.08090591430664,100200,0.0,0.0,0.0
2014-04-11 00:00:00-04:00,43.72141340393418,44.04203888125856,42.23488653421966,43.323062896728516,33700,0.0,0.0,0.0
2014-04-14 00:00:00-04:00,43.58538955882669,43.906011313193304,42.9635745268224,43.371639251708984,45500,0.0,0.0,0.0
2014-04-15 00:00:00-04:00,43.43965995517734,43.87687490758044,42.65267674716256,43.60483169555664,39000,0.0,0.0,0.0
2014-04-16 00:00:00-04:00,44.1683541417691,44.43068313598633,43.93517528445009,44.43068313598633,13400,0.0,0.0,0.0
2014-04-17 00:00:00-04:00,44.45009957932411,44.93589301734951,44.37237085021134,44.79015350341797,10200,0.0,0.0,0.0
2014-04-21 00:00:00-04:00,44.78045652026488,45.062217712402344,44.54727394938633,45.062217712402344,19000,0.0,0.0,0.0
2014-04-22 00:00:00-04:00,45.06220396414717,45.606290286347026,45.04277178031002,45.4119758605957,35000,0.0,0.0,0.0
2014-04-23 00:00:00-04:00,45.616015666551256,45.771469456276385,45.43141174316406,45.43141174316406,24500,0.0,0.0,0.0
2014-04-24 00:00:00-04:00,45.63544880295052,45.63544880295052,44.88732626611239,45.29539108276367,11500,0.0,0.0,0.0
2014-04-25 00:00:00-04:00,45.13994328042795,45.20795409222904,44.634717459683294,44.702728271484375,162200,0.0,0.0,0.0
2014-04-28 00:00:00-04:00,44.9553303629566,44.99419473197674,43.68255007487379,44.314083099365234,18600,0.0,0.0,0.0
2014-04-29 00:00:00-04:00,44.46954525043463,44.8290314658487,44.4112486859171,44.76102066040039,158800,0.0,0.0,0.0
2014-04-30 00:00:00-04:00,44.780456170593,45.101078033447266,44.518127170269764,45.101078033447266,12600,0.0,0.0,0.0
2014-05-01 00:00:00-04:00,45.02333327282118,45.47026231937296,44.770722331038314,44.91645812988281,33100,0.0,0.0,0.0
2014-05-02 00:00:00-04:00,44.965049743652344,45.139935717930335,44.858174569781276,44.965049743652344,5500,0.0,0.0,0.0
2014-05-05 00:00:00-04:00,44.741589653351674,45.23710119905421,44.46954642437681,45.149658203125,59400,0.0,0.0,0.0
2014-05-06 00:00:00-04:00,44.94561800379307,45.16908630027841,44.624996185302734,44.624996185302734,8500,0.0,0.0,0.0
2014-05-07 00:00:00-04:00,44.595854053663736,44.595854053663736,44.05176388627982,44.547271728515625,269700,0.0,0.0,0.0
2014-05-08 00:00:00-04:00,44.275231616753636,44.79017168405917,44.02262055722016,44.100345611572266,41600,0.0,0.0,0.0
2014-05-09 00:00:00-04:00,44.003179936457116,44.23635876114986,43.818576018405544,44.21692657470703,142200,0.0,0.0,0.0
2014-05-12 00:00:00-04:00,44.508412568654066,45.16909218494459,44.498694620770024,45.15937423706055,24500,0.0,0.0,0.0
2014-05-13 00:00:00-04:00,45.20794146512355,45.35368099616841,44.85816955566406,44.85816955566406,49100,0.0,0.0,0.0
2014-05-14 00:00:00-04:00,44.770738716626624,44.78045295758106,44.16835200074529,44.19750213623047,24700,0.0,0.0,0.0
2014-05-15 00:00:00-04:00,43.60483443527158,43.80886685710889,43.39108406593095,43.76028823852539,17000,0.0,0.0,0.0
2014-05-16 00:00:00-04:00,43.77971567103208,43.90601932436546,43.48823657857506,43.896305084228516,21900,0.0,0.0,0.0
2014-05-19 00:00:00-04:00,43.88658411367874,44.430674181621406,43.88658411367874,44.343231201171875,10300,0.0,0.0,0.0
2014-05-20 00:00:00-04:00,44.10034131740154,44.10034131740154,43.449379688632256,43.61454772949219,9400,0.0,0.0,0.0
2014-05-21 00:00:00-04:00,43.857440711059496,43.9837480707035,43.575679565050045,43.896305084228516,7600,0.0,0.0,0.0
2014-05-22 00:00:00-04:00,43.94487682208572,44.187773556923446,43.94487682208572,44.061466217041016,8500,0.0,0.0,0.0
2014-05-23 00:00:00-04:00,44.03232745616921,44.644428372228006,44.012895269243934,44.624996185302734,16500,0.0,0.0,0.0
2014-05-27 00:00:00-04:00,44.96505248958191,45.31482445949779,44.89704168502169,45.120506286621094,18200,0.0,0.0,0.0
2014-05-28 00:00:00-04:00,45.324540604984534,45.324540604984534,45.11079025268555,45.11079025268555,17300,0.0,0.0,0.0
2014-05-29 00:00:00-04:00,45.25652492688864,45.30510353636494,44.994195988144234,45.266239166259766,10100,0.0,0.0,0.0
2014-05-30 00:00:00-04:00,45.188518874184965,45.188518874184965,44.9164756452101,45.149658203125,7500,0.0,0.0,0.0
2014-06-02 00:00:00-04:00,45.178809750582225,45.25653851412885,44.6735839064635,45.23710632324219,16200,0.0,0.0,0.0
2014-06-03 00:00:00-04:00,45.18851397371413,45.18851397371413,44.72215261476993,45.023345947265625,28600,0.0,0.0,0.0
2014-06-04 00:00:00-04:00,44.96505130943658,45.353687644989904,44.96505130943658,45.29539108276367,7200,0.0,0.0,0.0
2014-06-05 00:00:00-04:00,45.324542075335565,46.10181105485044,45.285677699782106,46.0046501159668,15900,0.0,0.0,0.0
2014-06-06 00:00:00-04:00,46.27668946908664,46.56816482543945,46.27668946908664,46.56816482543945,20600,0.0,0.0,0.0
2014-06-09 00:00:00-04:00,46.44185799417291,47.073391028538715,46.393279385293305,46.77219772338867,94200,0.0,0.0,0.0
2014-06-10 00:00:00-04:00,46.58760273983879,46.58760273983879,46.33498801530314,46.55845260620117,60500,0.0,0.0,0.0
2014-06-11 00:00:00-04:00,46.17954396340828,46.46130517468474,46.17954396340828,46.247554779052734,25800,0.0,0.0,0.0
2014-06-12 00:00:00-04:00,46.21839216854593,46.22811011384315,45.75203086465434,45.82004165649414,4900,0.0,0.0,0.0
2014-06-13 00:00:00-04:00,45.88806069561728,46.06294667929698,45.66459609565118,46.0046501159668,30200,0.0,0.0,0.0
2014-06-16 00:00:00-04:00,45.95607446313414,46.247549885958996,45.95607446313414,46.14067840576172,8200,0.0,0.0,0.0
2014-06-17 00:00:00-04:00,46.10181046506418,46.558453899887425,46.033799661871136,46.38357162475586,21600,0.0,0.0,0.0
2014-06-18 00:00:00-04:00,46.24754336267187,46.5778831169614,46.062943152393515,46.52930450439453,44000,0.0,0.0,0.0
2014-06-19 00:00:00-04:00,46.65560780297632,46.72361859591497,46.3738466857675,46.56816482543945,5100,0.0,0.0,0.0
2014-06-20 00:00:00-04:00,46.71308575556011,46.868698638820476,46.62555327684466,46.85897445678711,11100,0.049,0.0,0.0
2014-06-23 00:00:00-04:00,46.693642667624914,46.84925558083313,46.68391848372012,46.75199890136719,6700,0.0,0.0,0.0
2014-06-24 00:00:00-04:00,46.761715046482,47.063212903137725,46.19761605901692,46.207340240478516,12000,0.0,0.0,0.0
2014-06-25 00:00:00-04:00,46.08090176314963,46.401851654052734,45.866932695812146,46.401851654052734,8100,0.0,0.0,0.0
2014-06-26 00:00:00-04:00,46.207349884891336,46.36296279148135,46.119817393052934,46.32406234741211,5600,0.0,0.0,0.0
2014-06-27 00:00:00-04:00,46.24625082145294,46.742269477394544,46.24625082145294,46.703365325927734,8200,0.0,0.0,0.0
2014-06-30 00:00:00-04:00,46.48940141468372,46.82007931901425,46.48940141468372,46.75199890136719,15500,0.0,0.0,0.0
2014-07-01 00:00:00-04:00,46.85897079102945,47.354985658211405,46.85897079102945,47.170196533203125,10500,0.0,0.0,0.0
2014-07-02 00:00:00-04:00,47.277180496302655,47.442517546628814,46.946502685546875,46.946502685546875,27100,0.0,0.0,0.0
2014-07-03 00:00:00-04:00,47.19937379061118,47.39389081113115,46.946504261007725,47.306358337402344,9700,0.0,0.0,0.0
2014-07-07 00:00:00-04:00,47.16047830790956,47.179926672911016,46.343509704001384,46.576927185058594,9700,0.0,0.0,0.0
2014-07-08 00:00:00-04:00,46.51856783803265,46.51856783803265,45.99337301762918,46.16843795776367,14700,0.0,0.0,0.0
2014-07-09 00:00:00-04:00,46.31432539373487,46.41158576014262,46.21706873743074,46.27542495727539,40000,0.0,0.0,0.0
2014-07-10 00:00:00-04:00,45.67241492193228,46.11007722944609,44.76791405643809,45.8669319152832,24800,0.0,0.0,0.0
2014-07-11 00:00:00-04:00,45.8085833906354,46.051728745596535,45.750230879911086,46.022552490234375,17800,0.0,0.0,0.0
2014-07-14 00:00:00-04:00,46.21707200595906,46.46021737401855,46.21707200595906,46.36295700073242,27000,0.0,0.0,0.0
2014-07-15 00:00:00-04:00,46.4213089183039,46.52829346394198,45.93501822729702,46.21706771850586,20900,0.0,0.0,0.0
2014-07-16 00:00:00-04:00,46.46993724538388,46.46993724538388,46.0809069186405,46.21706771850586,65700,0.0,0.0,0.0
2014-07-17 00:00:00-04:00,46.05172322389263,46.20733608400528,45.58488464355469,45.58488464355469,15600,0.0,0.0,0.0
2014-07-18 00:00:00-04:00,45.740501634581165,46.12953567504883,45.740501634581165,46.12953567504883,32100,0.0,0.0,0.0
2014-07-21 00:00:00-04:00,45.91556599312877,46.032278429834925,45.65296857569522,45.983646392822266,21900,0.0,0.0,0.0
2014-07-22 00:00:00-04:00,46.30459408379118,47.063206274469074,46.17815748197719,46.421302795410156,19000,0.0,0.0,0.0
2014-07-23 00:00:00-04:00,46.207339899606616,46.56719768279149,46.15871157245026,46.3726806640625,19900,0.0,0.0,0.0
2014-07-24 00:00:00-04:00,46.469937661184304,46.469937661184304,46.15871191296342,46.207340240478516,13600,0.0,0.0,0.0
2014-07-25 00:00:00-04:00,45.98365116464322,46.12953987061332,45.808586201520654,45.88639450073242,7100,0.0,0.0,0.0
2014-07-28 00:00:00-04:00,45.88638910042358,45.88638910042358,45.37092216417394,45.52653503417969,7200,0.0,0.0,0.0
2014-07-29 00:00:00-04:00,45.65297733551613,45.77941397782316,45.02080154418945,45.02080154418945,12000,0.0,0.0,0.0
2014-07-30 00:00:00-04:00,45.166683197021484,45.166683197021484,44.91381364129989,45.166683197021484,10200,0.0,0.0,0.0
2014-07-31 00:00:00-04:00,44.738744728944624,44.738744728944624,43.54247004336137,43.600826263427734,31900,0.0,0.0,0.0
2014-08-01 00:00:00-04:00,43.41602716035017,43.62999622629895,42.54070624621109,43.57164001464844,46000,0.0,0.0,0.0
2014-08-04 00:00:00-04:00,43.454935349478525,43.96067810058594,43.454935349478525,43.96067810058594,23600,0.0,0.0,0.0
2014-08-05 00:00:00-04:00,44.184377159203066,44.39834627313073,43.853699305907554,43.99958801269531,27800,0.0,0.0,0.0
2014-08-06 00:00:00-04:00,43.7856197495753,44.11629760929628,43.63973103995274,43.90232849121094,21400,0.0,0.0,0.0
2014-08-07 00:00:00-04:00,44.087112766364896,44.20382148527394,43.77588333243531,43.84396743774414,17900,0.0,0.0,0.0
2014-08-08 00:00:00-04:00,43.95095521509579,44.485877990722656,43.95095521509579,44.485877990722656,7300,0.0,0.0,0.0
2014-08-11 00:00:00-04:00,44.46642317195283,45.00134220446395,44.46642317195283,44.77764892578125,6900,0.0,0.0,0.0
2014-08-12 00:00:00-04:00,44.76791704414666,44.806821187433826,44.437239246412325,44.54422378540039,6200,0.0,0.0,0.0
2014-08-13 00:00:00-04:00,44.806821012221135,45.12777462793027,44.738740616786465,45.098594665527344,7600,0.0,0.0,0.0
2014-08-14 00:00:00-04:00,45.26393838576916,45.29311463998124,45.118049694501664,45.27366256713867,15900,0.0,0.0,0.0
2014-08-15 00:00:00-04:00,45.555712995891675,45.555712995891675,44.92353360085819,45.25421142578125,55900,0.0,0.0,0.0
2014-08-18 00:00:00-04:00,45.52654036868507,45.99337903340344,45.52654036868507,45.96419906616211,8300,0.0,0.0,0.0
2014-08-19 00:00:00-04:00,46.13926660145182,46.30460739135742,45.91557329401823,46.30460739135742,5100,0.0,0.0,0.0
2014-08-20 00:00:00-04:00,46.26569806376724,46.45048719877337,46.24624599006601,46.41158676147461,9100,0.0,0.0,0.0
2014-08-21 00:00:00-04:00,46.43103459355129,46.52829124306903,46.41158252162707,46.499114990234375,30500,0.0,0.0,0.0
2014-08-22 00:00:00-04:00,46.41158819151723,46.56720107581813,46.255975307216325,46.4602165222168,17200,0.0,0.0,0.0
2014-08-25 00:00:00-04:00,46.68390698572112,46.742263205090566,46.58665033020897,46.59637451171875,16000,0.0,0.0,0.0
2014-08-26 00:00:00-04:00,46.73252952593337,46.73252952593337,46.557464599609375,46.557464599609375,9400,0.0,0.0,0.0
2014-08-27 00:00:00-04:00,46.557466977782155,46.58664694039543,46.46021032934675,46.50883865356445,12500,0.0,0.0,0.0
2014-08-28 00:00:00-04:00,46.314334453816535,46.41159483925051,46.1489973637353,46.32406234741211,16200,0.0,0.0,0.0
2014-08-29 00:00:00-04:00,46.42131330616802,46.440765380859375,46.1976200123732,46.440765380859375,6400,0.0,0.0,0.0
2014-09-02 00:00:00-04:00,46.392140387648816,46.751994520075044,46.392140387648816,46.60610580444336,9800,0.0,0.0,0.0
2014-09-03 00:00:00-04:00,46.8200662699482,46.8200662699482,46.39213180541992,46.39213180541992,9200,0.0,0.0,0.0
2014-09-04 00:00:00-04:00,46.304597383876136,46.722807649594536,46.29486949298781,46.35322570800781,21300,0.0,0.0,0.0
2014-09-05 00:00:00-04:00,46.58665312842722,46.58665312842722,45.99337784789881,46.538021087646484,4800,0.0,0.0,0.0
2014-09-08 00:00:00-04:00,46.32405392037668,46.761716299951395,46.32405392037668,46.65473175048828,9400,0.0,0.0,0.0
2014-09-09 00:00:00-04:00,46.469941962174026,46.479669854639546,46.04200744628906,46.04200744628906,9200,0.0,0.0,0.0
2014-09-10 00:00:00-04:00,45.86694198884473,45.9836507264463,45.721053284264855,45.97392654418945,14300,0.0,0.0,0.0
2014-09-11 00:00:00-04:00,45.82803838988184,46.22679664907046,45.60434509424958,46.1976203918457,5000,0.0,0.0,0.0
2014-09-12 00:00:00-04:00,46.05172815815497,46.06145604988739,45.857214844750246,45.87666320800781,3200,0.0,0.0,0.0
2014-09-15 00:00:00-04:00,45.847488359622375,45.847488359622375,45.477906374628056,45.614070892333984,6100,0.0,0.0,0.0
2014-09-16 00:00:00-04:00,45.36119961136473,45.91557075788488,45.36119961136473,45.88639450073242,10000,0.0,0.0,0.0
2014-09-17 00:00:00-04:00,45.85721222199201,46.25597042783092,45.85721222199201,46.16843795776367,4200,0.0,0.0,0.0
2014-09-18 00:00:00-04:00,46.11981113869675,46.29487609863281,46.11981113869675,46.29487609863281,8700,0.0,0.0,0.0
2014-09-19 00:00:00-04:00,46.55948164315756,46.55948164315756,45.93687321327962,45.96605682373047,8100,0.012,0.0,0.0
2014-09-22 00:00:00-04:00,45.58666475929624,45.58666475929624,45.31427444093164,45.3629150390625,7400,0.0,0.0,0.0
2014-09-23 00:00:00-04:00,45.178074692787476,45.30454321430191,44.983512304044886,45.061336517333984,14400,0.0,0.0,0.0
2014-09-24 00:00:00-04:00,44.76948595463926,45.32399688635909,44.76948595463926,45.27535629272461,8100,0.0,0.0,0.0
2014-09-25 00:00:00-04:00,45.012691767797946,45.02241840192193,44.545735398020284,44.68193054199219,10700,0.0,0.0,0.0
2014-09-26 00:00:00-04:00,44.847314643388444,45.23644685342522,44.82786137282242,45.15861892700195,6300,0.0,0.0,0.0
2014-09-29 00:00:00-04:00,44.50682018734769,44.99323352272854,44.50682018734769,44.876495361328125,4200,0.0,0.0,0.0
2014-09-30 00:00:00-04:00,44.730562477018324,44.740292820298336,44.49708619283888,44.54572677612305,2900,0.0,0.0,0.0
2014-10-01 00:00:00-04:00,44.26361322640225,44.67219864411637,43.31997017448266,43.4561653137207,53700,0.0,0.0,0.0
2014-10-02 00:00:00-04:00,43.40752410888672,43.67018774986256,42.814099258278986,43.40752410888672,57200,0.0,0.0,0.0
2014-10-03 00:00:00-04:00,43.77720134402247,44.05932197666673,43.67992015878483,43.97176742553711,8000,0.0,0.0,0.0
2014-10-06 00:00:00-04:00,44.020412750075664,44.273346085505906,43.572913312216144,43.68965148925781,10800,0.0,0.0,0.0
2014-10-07 00:00:00-04:00,43.45617586932969,43.45617586932969,42.60981750488281,42.60981750488281,8300,0.0,0.0,0.0
2014-10-08 00:00:00-04:00,42.60007772009448,43.17404556274414,42.05529348792294,43.17404556274414,19600,0.0,0.0,0.0
2014-10-09 00:00:00-04:00,43.04758356471225,43.04758356471225,41.75372220960384,41.90937805175781,9800,0.0,0.0,0.0
2014-10-10 00:00:00-04:00,41.79263790965493,41.86073548791191,40.926822662353516,40.926822662353516,17600,0.0,0.0,0.0
2014-10-13 00:00:00-04:00,40.97545659111782,41.35485838281646,39.8956184387207,39.8956184387207,13300,0.0,0.0,0.0
2014-10-14 00:00:00-04:00,40.17773952335775,40.81007832430168,39.84697831703986,40.2750244140625,25700,0.0,0.0,0.0
2014-10-15 00:00:00-04:00,39.59405152535553,40.67388986775319,38.65040834127114,40.55714797973633,48400,0.0,0.0,0.0
2014-10-16 00:00:00-04:00,40.333388000786904,41.345128506657964,40.1777359007328,41.27703094482422,25300,0.0,0.0,0.0
2014-10-17 00:00:00-04:00,41.73426636186747,42.240132973455324,41.73426636186747,42.006656646728516,20600,0.0,0.0,0.0
2014-10-20 00:00:00-04:00,41.6272544538148,42.00665626457375,41.6272544538148,41.91910171508789,243900,0.0,0.0,0.0
2014-10-21 00:00:00-04:00,42.1428522063376,43.096221923828125,42.1428522063376,43.096221923828125,14700,0.0,0.0,0.0
2014-10-22 00:00:00-04:00,43.105947851910194,43.25186961484653,42.46388244628906,42.46388244628906,15400,0.0,0.0,0.0
2014-10-23 00:00:00-04:00,43.076759664894155,43.874477161574504,42.98920512447612,43.621543884277344,24600,0.0,0.0,0.0
2014-10-24 00:00:00-04:00,43.426987941645706,43.825846782888675,43.39780432505516,43.81612014770508,41100,0.0,0.0,0.0
2014-10-27 00:00:00-04:00,43.524277335221,43.68965612766787,43.43672276538439,43.57291793823242,18300,0.0,0.0,0.0
2014-10-28 00:00:00-04:00,43.90366402931736,44.61382697825074,43.89393368546084,44.574913024902344,10400,0.0,0.0,0.0
2014-10-29 00:00:00-04:00,44.75002538948813,44.75002538948813,44.04958902194623,44.36089324951172,39700,0.0,0.0,0.0
2014-10-30 00:00:00-04:00,44.25388967352889,44.895955168236206,44.21497571359767,44.74030303955078,7300,0.0,0.0,0.0
2014-10-31 00:00:00-04:00,45.362910802036595,45.567203521728516,45.21698531023413,45.567203521728516,30000,0.0,0.0,0.0
2014-11-03 00:00:00-05:00,45.56720096215642,45.6839391224174,45.28508033973977,45.37263488769531,15800,0.0,0.0,0.0
2014-11-04 00:00:00-05:00,45.35317432732396,45.46991618940432,44.93485859913329,45.0418701171875,7900,0.0,0.0,0.0
2014-11-05 00:00:00-05:00,45.23644577311429,45.29481671653776,45.10025061616589,45.18780517578125,13300,0.0,0.0,0.0
2014-11-06 00:00:00-05:00,45.1877994618686,45.625572204589844,45.1877994618686,45.625572204589844,59700,0.0,0.0,0.0
2014-11-07 00:00:00-05:00,45.586654495026316,45.946599293397355,45.586654495026316,45.75203323364258,15900,0.0,0.0,0.0
2014-11-10 00:00:00-05:00,45.81041212369544,46.13144302368164,45.81041212369544,46.13144302368164,15800,0.0,0.0,0.0
2014-11-11 00:00:00-05:00,45.83959372811553,46.26763985737368,45.83959372811553,46.15089797973633,28800,0.0,0.0,0.0
2014-11-12 00:00:00-05:00,46.19954266288503,46.36492142433415,46.04389053579904,46.23845291137695,9600,0.0,0.0,0.0
2014-11-13 00:00:00-05:00,45.14888630577099,46.685954249484325,45.14888630577099,45.927146911621094,54500,0.0,0.0,0.0
2014-11-14 00:00:00-05:00,45.72285017386946,46.150892541650805,44.93485929234576,45.96605682373047,7800,0.0,0.0,0.0
2014-11-17 00:00:00-05:00,45.92714591433292,45.98551685014392,45.790950775146484,45.790950775146484,8500,0.0,0.0,0.0
2014-11-18 00:00:00-05:00,45.92715086572688,46.209271519336546,45.92715086572688,46.053619384765625,30200,0.0,0.0,0.0
2014-11-19 00:00:00-05:00,45.76176838706603,46.00497505955974,45.69367081565093,45.88823318481445,6800,0.0,0.0,0.0
2014-11-20 00:00:00-05:00,45.722857567146555,46.16063034989098,45.693673951976784,46.13144302368164,17300,0.0,0.0,0.0
2014-11-21 00:00:00-05:00,46.67622705217386,46.83187918384065,46.31628219351431,46.46220397949219,9800,0.0,0.0,0.0
2014-11-24 00:00:00-05:00,46.70540611298923,46.87078857421875,46.65676552240614,46.87078857421875,29600,0.0,0.0,0.0
2014-11-25 00:00:00-05:00,47.07508128129123,47.07508128129123,46.71513645772936,46.87078857421875,18100,0.0,0.0,0.0
2014-11-26 00:00:00-05:00,46.7637878646523,47.133463118459204,46.75406122870161,46.82215881347656,6100,0.0,0.0,0.0
2014-11-28 00:00:00-05:00,47.055624696070964,47.055624696070964,45.790950775146484,45.790950775146484,4500,0.0,0.0,0.0
2014-12-01 00:00:00-05:00,45.6450262341747,45.99524443419782,44.75002746615055,44.92513656616211,100400,0.0,0.0,0.0
2014-12-02 00:00:00-05:00,44.934870068399974,45.518568394669366,44.934870068399974,45.46019744873047,18800,0.0,0.0,0.0
2014-12-03 00:00:00-05:00,45.576921923159674,46.19953402614936,45.576921923159674,46.10224914550781,9900,0.0,0.0,0.0
2014-12-04 00:00:00-05:00,46.18007986314063,46.31627499329655,45.79094773894742,45.96605682373047,24100,0.0,0.0,0.0
2014-12-05 00:00:00-05:00,46.18981609671505,46.277370657304566,46.07307791960894,46.11199188232422,15900,0.0,0.0,0.0
2014-12-08 00:00:00-05:00,46.12171329611786,46.12171329611786,45.119702991393616,45.30453872680664,16300,0.0,0.0,0.0
2014-12-09 00:00:00-05:00,44.65274087477338,45.6450207066227,44.5457293587209,45.61583709716797,16100,0.0,0.0,0.0
2014-12-10 00:00:00-05:00,45.4407283073343,45.4407283073343,44.48735871168221,44.5359992980957,16800,0.0,0.0,0.0
2014-12-11 00:00:00-05:00,44.8570436121376,45.29481640722489,44.80840301513672,44.80840301513672,9500,0.0,0.0,0.0
2014-12-12 00:00:00-05:00,44.409539223962284,44.46790644943106,43.932852520078114,43.9620361328125,131000,0.0,0.0,0.0
2014-12-15 00:00:00-05:00,44.030128079605554,44.16632691406207,43.533988171292584,43.650726318359375,8400,0.0,0.0,0.0
2014-12-16 00:00:00-05:00,43.69936752319336,44.40953418143379,43.679914257605446,43.69936752319336,25900,0.0,0.0,0.0
2014-12-17 00:00:00-05:00,43.709106420169604,44.81812832763956,43.660465824603996,44.711116790771484,23800,0.0,0.0,0.0
2014-12-18 00:00:00-05:00,45.489371234790376,45.645023345947266,45.23643794580008,45.645023345947266,18000,0.0,0.0,0.0
2014-12-19 00:00:00-05:00,45.74542562003335,45.93062843250948,45.6869387600049,45.9111328125,9600,0.093,0.0,0.0
2014-12-22 00:00:00-05:00,45.68694529037928,46.242557525634766,45.68694529037928,46.242557525634766,9000,0.0,0.0,0.0
2014-12-23 00:00:00-05:00,46.35952769367696,46.690945818879214,46.34003207238158,46.593467712402344,7800,0.0,0.0,0.0
2014-12-24 00:00:00-05:00,46.64220252312286,46.837155007705405,46.64220252312286,46.78841781616211,5600,0.0,0.0,0.0
2014-12-26 00:00:00-05:00,46.788428693627566,47.0126228015753,46.788428693627566,46.895652770996094,45800,0.0,0.0,0.0
2014-12-29 00:00:00-05:00,46.983375503398875,46.983375503398875,46.544733294117904,46.86640548706055,113900,0.0,0.0,0.0
2014-12-30 00:00:00-05:00,46.59346527280785,47.42201240163623,46.57396965253325,46.67144775390625,21500,0.0,0.0,0.0
2014-12-31 00:00:00-05:00,46.60321521263551,46.788418028705095,46.21331024169922,46.21331024169922,48800,0.0,0.0,0.0
2015-01-02 00:00:00-05:00,46.388767594831336,46.457000407701656,45.56997012197814,45.98911666870117,20700,0.0,0.0,0.0
2015-01-05 00:00:00-05:00,45.784422007829704,45.784422007829704,44.87789602671454,44.946128845214844,106300,0.0,0.0,0.0
2015-01-06 00:00:00-05:00,44.78041185842068,44.858394336678174,43.951868478185524,44.50748062133789,113200,0.0,0.0,0.0
2015-01-07 00:00:00-05:00,44.71217857497832,44.76091576416778,44.390510151600495,44.73167419433594,29300,0.0,0.0,0.0
2015-01-08 00:00:00-05:00,45.199563120340656,45.794166564941406,44.99486467107438,45.794166564941406,51900,0.0,0.0,0.0
2015-01-09 00:00:00-05:00,45.75517760751729,45.75517760751729,45.42375946044922,45.42375946044922,35300,0.0,0.0,0.0
2015-01-12 00:00:00-05:00,45.29704272781484,45.336030253911176,44.916887389905,45.121585845947266,25100,0.0,0.0,0.0
2015-01-13 00:00:00-05:00,45.4724955522166,45.774668374151716,44.614706841671385,44.887638092041016,50200,0.0,0.0,0.0
2015-01-14 00:00:00-05:00,44.53672740465235,44.79991272196428,44.53672740465235,44.760921478271484,30000,0.0,0.0,0.0
2015-01-15 00:00:00-05:00,44.88764299686381,44.907138619507535,44.3807679633564,44.49774169921875,9500,0.0,0.0,0.0
2015-01-16 00:00:00-05:00,44.11757227945155,44.946119314478764,44.11757227945155,44.91687774658203,10300,0.0,0.0,0.0
2015-01-20 00:00:00-05:00,45.2093140468222,45.2093140468222,44.35152526429216,44.77067184448242,16600,0.0,0.0,0.0
2015-01-21 00:00:00-05:00,44.63420382620405,45.277544449171074,44.63420382620405,44.96562194824219,19700,0.0,0.0,0.0
2015-01-22 00:00:00-05:00,44.82915692895012,45.97936884277224,44.82915692895012,45.901390075683594,46800,0.0,0.0,0.0
2015-01-23 00:00:00-05:00,45.78441788423381,45.86239664760679,45.560223826723565,45.579715728759766,29700,0.0,0.0,0.0
2015-01-26 00:00:00-05:00,45.4432522694055,45.901390075683594,45.4432522694055,45.901390075683594,79700,0.0,0.0,0.0
2015-01-27 00:00:00-05:00,45.50174703504528,45.5212426598053,44.829164713670274,45.326290130615234,59500,0.0,0.0,0.0
2015-01-28 00:00:00-05:00,45.667444340245936,45.68693996076781,44.72193091459611,44.82915496826172,16200,0.0,0.0,0.0
2015-01-29 00:00:00-05:00,44.6537000951235,45.170321047580025,44.42950602672898,45.09233856201172,8800,0.0,0.0,0.0
2015-01-30 00:00:00-05:00,44.86815055002243,44.88764617404607,44.41976235270892,44.42951202392578,23100,0.0,0.0,0.0
2015-02-02 00:00:00-05:00,44.371017182021156,44.82915496826172,44.12732750311182,44.82915496826172,24000,0.0,0.0,0.0
2015-02-03 00:00:00-05:00,45.17031833652949,45.64795173594464,45.17031833652949,45.628456115722656,14200,0.0,0.0,0.0
2015-02-04 00:00:00-05:00,45.443250798598704,45.71618577059913,45.36527203403391,45.5894660949707,12500,0.0,0.0,0.0
2015-02-05 00:00:00-05:00,45.73568228683903,45.89164726852159,45.56997507141605,45.833160400390625,20300,0.0,0.0,0.0
2015-02-06 00:00:00-05:00,45.89164407166024,46.086592848363445,45.73567910084237,45.784420013427734,18300,0.0,0.0,0.0
2015-02-09 00:00:00-05:00,45.59921394265458,45.940381742242266,45.569972369527775,45.618709564208984,25100,0.0,0.0,0.0
2015-02-10 00:00:00-05:00,45.75516595887152,46.0378468367237,45.50173036665123,45.940372467041016,12000,0.0,0.0,0.0
2015-02-11 00:00:00-05:00,46.12558045204949,46.16457169167779,45.95987326124311,46.07684326171875,10000,0.0,0.0,0.0
2015-02-12 00:00:00-05:00,45.87214275628318,46.77866858538405,45.87214275628318,46.681190490722656,32900,0.0,0.0,0.0
2015-02-13 00:00:00-05:00,46.622710142408785,47.07109824945706,46.622710142408785,47.012611389160156,15900,0.0,0.0,0.0
2015-02-17 00:00:00-05:00,46.7591820908315,47.051608995060356,46.7591820908315,46.93463897705078,8000,0.0,0.0,0.0
2015-02-18 00:00:00-05:00,47.01261458177056,47.14908021332135,46.58372206569532,47.06135177612305,57400,0.0,0.0,0.0
2015-02-19 00:00:00-05:00,47.15883197274781,47.41226762565567,47.15883197274781,47.32453918457031,28400,0.0,0.0,0.0
2015-02-20 00:00:00-05:00,47.34402625765152,47.7924143340486,47.06134536315415,47.71443557739258,21900,0.0,0.0,0.0
2015-02-23 00:00:00-05:00,48.523490482116706,48.523490482116706,47.55848138010935,47.880149841308594,17200,0.0,0.0,0.0
2015-02-24 00:00:00-05:00,47.93863119418843,48.14332962036133,47.899639955371924,48.14332962036133,18000,0.0,0.0,0.0
2015-02-25 00:00:00-05:00,48.03610612632931,48.084847034616175,47.85090331743062,47.977622985839844,16200,0.0,0.0,0.0
2015-02-26 00:00:00-05:00,47.9678775511977,47.987373172551585,47.6949462890625,47.6949462890625,6800,0.0,0.0,0.0
2015-02-27 00:00:00-05:00,47.77293006470627,47.86065851079164,47.53899002075195,47.53899002075195,21400,0.0,0.0,0.0
2015-03-02 00:00:00-05:00,47.802175615312585,48.006874084472656,47.66570996920588,48.006874084472656,68900,0.0,0.0,0.0
2015-03-03 00:00:00-05:00,47.59747429697964,47.59747429697964,47.33428897306663,47.499996185302734,60000,0.0,0.0,0.0
2015-03-04 00:00:00-05:00,46.97363170980993,47.33429519279102,46.9638857565665,47.305049896240234,26100,0.0,0.0,0.0
2015-03-05 00:00:00-05:00,47.57797542099676,47.57797542099676,47.12958357476604,47.334285736083984,10900,0.0,0.0,0.0
2015-03-06 00:00:00-05:00,47.02236730500274,47.149083274865355,46.720190730940715,46.75918197631836,24300,0.0,0.0,0.0
2015-03-09 00:00:00-04:00,47.02236998358463,47.09060280767741,46.778680263707535,47.0321159362793,15800,0.0,0.0,0.0
2015-03-10 00:00:00-04:00,46.57396937769695,46.603214667140946,46.04760250702631,46.320533752441406,19400,0.0,0.0,0.0
2015-03-11 00:00:00-04:00,46.49598495158846,46.49598495158846,46.25229530689293,46.40825653076172,8200,0.0,0.0,0.0
2015-03-12 00:00:00-04:00,46.739672637890834,47.129573822021484,46.67143983770775,47.129573822021484,11600,0.0,0.0,0.0
2015-03-13 00:00:00-04:00,47.14908455247603,47.14908455247603,46.47650228433071,46.837162017822266,18700,0.0,0.0,0.0
2015-03-16 00:00:00-04:00,47.11983321237534,47.383018493652344,47.11983321237534,47.383018493652344,15500,0.0,0.0,0.0
2015-03-17 00:00:00-04:00,47.626707386751185,47.626707386751185,47.149074020647404,47.25629806518555,26600,0.0,0.0,0.0
2015-03-18 00:00:00-04:00,47.080840293420145,47.83140487210476,46.81765502153782,47.70468521118164,17800,0.0,0.0,0.0
2015-03-19 00:00:00-04:00,47.714445683362314,47.714445683362314,47.35378595582082,47.577980041503906,13700,0.0,0.0,0.0
2015-03-20 00:00:00-04:00,47.67545592175208,48.05561128402363,47.67545592175208,48.006874084472656,10300,0.0,0.0,0.0
2015-03-23 00:00:00-04:00,48.11409665669475,48.11409665669475,47.56823037085124,47.577980041503906,18700,0.0,0.0,0.0
2015-03-24 00:00:00-04:00,47.68520221935984,47.69495189038657,47.40252497255469,47.548736572265625,21400,0.0,0.0,0.0
2015-03-25 00:00:00-04:00,47.85090411535046,47.85090411535046,46.447252944058796,46.54472732543945,14900,0.0,0.0,0.0
2015-03-26 00:00:00-04:00,46.593468260842045,46.593468260842045,45.959877294127544,46.486244201660156,26300,0.0,0.0,0.0
2015-03-27 00:00:00-04:00,46.515491531985106,46.63246154785156,46.38877184572408,46.63246154785156,16100,0.0,0.0,0.0
2015-03-30 00:00:00-04:00,46.77867225095243,47.461000375003756,46.77867225095243,47.37327194213867,7000,0.0,0.0,0.0
2015-03-31 00:00:00-04:00,47.119833520920174,47.188066329282215,46.96387228489135,47.04185104370117,19000,0.0,0.0,0.0
2015-04-01 00:00:00-04:00,47.06135350362882,47.06135350362882,46.64220692367441,46.79816818237305,66100,0.0,0.0,0.0
2015-04-02 00:00:00-04:00,47.12958446490598,47.12958446490598,46.67145037713561,46.885894775390625,9600,0.0,0.0,0.0
2015-04-06 00:00:00-04:00,46.7201876972461,47.15882988323759,46.62271330854114,47.06135177612305,45900,0.0,0.0,0.0
2015-04-07 00:00:00-04:00,47.20756509725972,47.227060717864795,46.963875417310376,46.9736213684082,13200,0.0,0.0,0.0
2015-04-08 00:00:00-04:00,47.07109647681149,47.236803663798376,46.915135240302405,47.217308044433594,19100,0.0,0.0,0.0
2015-04-09 00:00:00-04:00,47.100340692518145,47.37327194213867,46.963875067707875,47.37327194213867,22500,0.0,0.0,0.0
2015-04-10 00:00:00-04:00,47.412270327870885,47.558485644149805,47.38302875197909,47.53899002075195,22800,0.0,0.0,0.0
2015-04-13 00:00:00-04:00,47.38302530570766,47.587723758882014,47.197818756103516,47.197818756103516,19900,0.0,0.0,0.0
2015-04-14 00:00:00-04:00,47.24656161886106,47.24656161886106,46.70069533613979,47.1100959777832,29300,0.0,0.0,0.0
2015-04-15 00:00:00-04:00,47.266057954617196,47.45126079624367,47.22706670846113,47.2952995300293,20800,0.0,0.0,0.0
2015-04-16 00:00:00-04:00,47.538980039949365,47.538980039949365,46.9053854269771,47.04185104370117,17200,0.0,0.0,0.0
2015-04-17 00:00:00-04:00,46.61297412343526,46.61297412343526,46.26206029570985,46.525245666503906,12100,0.0,0.0,0.0
2015-04-20 00:00:00-04:00,46.573969369408566,47.22705963020475,46.573969369408566,47.18806838989258,16300,0.0,0.0,0.0
2015-04-21 00:00:00-04:00,47.32453778776156,47.95813247894494,46.88589559528149,47.071102142333984,14500,0.0,0.0,0.0
2015-04-22 00:00:00-04:00,47.54872491130196,47.54872491130196,46.83715155566868,47.25629806518555,10600,0.0,0.0,0.0
2015-04-23 00:00:00-04:00,47.13932883155243,47.490242539921766,47.032104785283,47.383018493652344,19800,0.0,0.0,0.0
2015-04-24 00:00:00-04:00,47.519492874659406,47.519492874659406,47.08085065828828,47.1685791015625,14500,0.0,0.0,0.0
2015-04-27 00:00:00-04:00,47.32453250324107,47.45125217100946,46.86639845861714,46.87614440917969,24300,0.0,0.0,0.0
2015-04-28 00:00:00-04:00,46.79817206427976,47.0321158309382,46.53499043960279,46.856658935546875,30000,0.0,0.0,0.0
2015-04-29 00:00:00-04:00,47.03210666916133,47.03210666916133,46.39851203495917,46.54472732543945,13100,0.0,0.0,0.0
2015-04-30 00:00:00-04:00,46.9346368232139,46.9346368232139,45.68694305419922,45.68694305419922,10300,0.0,0.0,0.0
2015-05-01 00:00:00-04:00,45.569977270528405,46.44726174277959,45.56023131790784,46.38877487182617,41600,0.0,0.0,0.0
2015-05-04 00:00:00-04:00,46.49599075317383,46.84690448026643,46.398512652087355,46.49599075317383,39600,0.0,0.0,0.0
2015-05-05 00:00:00-04:00,46.515485736138736,46.62270978666023,45.68693862109671,45.73567581176758,35300,0.0,0.0,0.0
2015-05-06 00:00:00-04:00,46.018358183095636,46.018358183095636,45.64795254752061,45.87214660644531,15900,0.0,0.0,0.0
2015-05-07 00:00:00-04:00,46.008610591646274,46.408261503029934,45.94037778129365,46.25230026245117,28100,0.0,0.0,0.0
2015-05-08 00:00:00-04:00,46.788420259928,46.94438151205805,46.681196201886806,46.7104377746582,7000,0.0,0.0,0.0
2015-05-11 00:00:00-04:00,46.68120004075227,46.84691097637319,46.65195846557617,46.65195846557617,9900,0.0,0.0,0.0
2015-05-12 00:00:00-04:00,46.31078408315696,46.47649499530851,46.18406812973386,46.320533752441406,12200,0.0,0.0,0.0
2015-05-13 00:00:00-04:00,46.61296383057981,46.80791632720214,46.252304128794734,46.3692741394043,27500,0.0,0.0,0.0
2015-05-14 00:00:00-04:00,46.573969846596604,47.0028660576062,46.544728275267545,46.96387481689453,13100,0.0,0.0,0.0
2015-05-15 00:00:00-04:00,46.86640289437034,46.97362323434325,46.788420408852325,46.82741165161133,11900,0.0,0.0,0.0
2015-05-18 00:00:00-04:00,46.70069599881357,47.24656228928058,46.68120037575297,47.17832946777344,13500,0.0,0.0,0.0
2015-05-19 00:00:00-04:00,47.18807030756937,47.31478998452902,47.080846251558086,47.15882873535156,20400,0.0,0.0,0.0
2015-05-20 00:00:00-04:00,47.451253545363606,47.451253545363606,46.91513700707464,47.012611389160156,60900,0.0,0.0,0.0
2015-05-21 00:00:00-04:00,47.080846251558086,47.266052791362846,46.983371865225735,47.15882873535156,16500,0.0,0.0,0.0
2015-05-22 00:00:00-04:00,47.57797378422686,47.57797378422686,46.817659464936774,46.84690475463867,40400,0.0,0.0,0.0
2015-05-26 00:00:00-04:00,46.90539849891904,46.90539849891904,46.28155338094599,46.42776870727539,22400,0.0,0.0,0.0
2015-05-27 00:00:00-04:00,46.52523636191022,46.93463698518386,46.40826634886475,46.905391693115234,16200,0.0,0.0,0.0
2015-05-28 00:00:00-04:00,46.64220314110899,46.759176864453984,46.54472875673091,46.739681243896484,21600,0.0,0.0,0.0
2015-05-29 00:00:00-04:00,46.944385072656374,46.944385072656374,46.06710063887937,46.242557525634766,28800,0.0,0.0,0.0
2015-06-01 00:00:00-04:00,46.66170107697423,46.66170107697423,46.086593256424685,46.486244201660156,71700,0.0,0.0,0.0
2015-06-02 00:00:00-04:00,46.50575004069578,46.759189457790974,44.74143866678034,46.525245666503906,21700,0.0,0.0,0.0
2015-06-03 00:00:00-04:00,46.593469727532906,46.915141915204316,46.51549095738844,46.79816818237305,8300,0.0,0.0,0.0
2015-06-04 00:00:00-04:00,46.54473033704256,46.67145001576405,46.23280783435085,46.30104064941406,22500,0.0,0.0,0.0
2015-06-05 00:00:00-04:00,46.36927108096609,46.51548637339112,46.25230107807167,46.49599075317383,16300,0.0,0.0,0.0
2015-06-08 00:00:00-04:00,46.72992793321338,46.72992793321338,46.154820186012564,46.16456985473633,16400,0.0,0.0,0.0
2015-06-09 00:00:00-04:00,46.11584084087129,46.24255680946896,45.8818970893506,46.05735397338867,38300,0.0,0.0,0.0
2015-06-10 00:00:00-04:00,46.40826307418121,46.68119432483181,46.22305653831738,46.622711181640625,13500,0.0,0.0,0.0
2015-06-11 00:00:00-04:00,46.905392988392286,46.97362580775384,46.64220766296496,46.924888610839844,31800,0.0,0.0,0.0
2015-06-12 00:00:00-04:00,46.93463373106206,46.93463373106206,46.63245719003495,46.739681243896484,15400,0.0,0.0,0.0
2015-06-15 00:00:00-04:00,46.34978620832366,46.58372998676865,46.19382492883039,46.42776870727539,18000,0.0,0.0,0.0
2015-06-16 00:00:00-04:00,46.69095662666775,46.69095662666775,46.28155592151798,46.525245666503906,20200,0.0,0.0,0.0
2015-06-17 00:00:00-04:00,46.73968171187092,46.73968171187092,46.349776733635906,46.573970794677734,33100,0.0,0.0,0.0
2015-06-18 00:00:00-04:00,46.622707727749216,47.21730737713055,46.622707727749216,47.09059143066406,16800,0.0,0.0,0.0
2015-06-19 00:00:00-04:00,47.14239546809962,47.210802457760295,47.025123147623034,47.08375930786133,125500,0.123,0.0,0.0
2015-06-22 00:00:00-04:00,47.18147928433409,47.26943165472092,47.103301470601956,47.16193389892578,37200,0.0,0.0,0.0
2015-06-23 00:00:00-04:00,47.46488747375109,47.46488747375109,46.98603852146918,47.09353256225586,34800,0.0,0.0,0.0
2015-06-24 00:00:00-04:00,47.06421109049857,47.073981919333285,46.45831904941551,46.49740982055664,20400,0.0,0.0,0.0
2015-06-25 00:00:00-04:00,46.8394498227066,46.8394498227066,46.12605994764989,46.1846923828125,21500,0.0,0.0,0.0
2015-06-26 00:00:00-04:00,46.67331575800583,46.67331575800583,45.979471272618845,46.04787826538086,12300,0.0,0.0,0.0
2015-06-29 00:00:00-04:00,45.86220050598919,45.94037832491967,45.06085829046974,45.07062911987305,76800,0.0,0.0,0.0
2015-06-30 00:00:00-04:00,45.402894321231905,45.42243970840613,45.04131397826227,45.256309509277344,15600,0.0,0.0,0.0
2015-07-01 00:00:00-04:00,45.59833753645387,45.66674451721858,45.256302632630295,45.47129440307617,21000,0.0,0.0,0.0
2015-07-02 00:00:00-04:00,45.451747734518875,45.52992926912697,45.11948366823599,45.31493377685547,11800,0.0,0.0,0.0
2015-07-06 00:00:00-04:00,44.777455191029325,45.3540310437391,44.777455191029325,44.99245071411133,77700,0.0,0.0,0.0
2015-07-07 00:00:00-04:00,45.13903314787677,45.13903314787677,44.36701092702147,45.11948776245117,35700,0.0,0.0,0.0
2015-07-08 00:00:00-04:00,45.021776343875196,45.021776343875196,44.269295583646056,44.31815719604492,20300,0.0,0.0,0.0
2015-07-09 00:00:00-04:00,44.90449496618809,44.90449496618809,44.4647331237793,44.4647331237793,58500,0.0,0.0,0.0
2015-07-10 00:00:00-04:00,44.98268390125343,45.148817850755506,44.78723745887725,45.1292724609375,55400,0.0,0.0,0.0
2015-07-13 00:00:00-04:00,45.539697556186546,45.63742446899414,45.43220354394901,45.63742446899414,44800,0.0,0.0,0.0
2015-07-14 00:00:00-04:00,45.57879564128466,45.871968970990125,45.57879564128466,45.832881927490234,56000,0.0,0.0,0.0
2015-07-15 00:00:00-04:00,45.97946031257001,45.97946031257001,45.46152071143191,45.52015686035156,50700,0.0,0.0,0.0
2015-07-16 00:00:00-04:00,45.72538703733784,45.8524264605056,45.578798499342575,45.784019470214844,88500,0.0,0.0,0.0
2015-07-17 00:00:00-04:00,45.72538559531116,45.72538559531116,45.520164630910884,45.656978607177734,148900,0.0,0.0,0.0
2015-07-20 00:00:00-04:00,46.03810220363965,46.03810220363965,45.696063550798144,45.75469970703125,99800,0.0,0.0,0.0
2015-07-21 00:00:00-04:00,45.686292724259374,45.686292724259374,45.256305428898976,45.285621643066406,67700,0.0,0.0,0.0
2015-07-22 00:00:00-04:00,45.412660695115584,45.412660695115584,45.197665202844085,45.31493377685547,62400,0.0,0.0,0.0
2015-07-23 00:00:00-04:00,45.598337509335764,45.61788289352847,44.96312557072592,45.00221633911133,65800,0.0,0.0,0.0
2015-07-24 00:00:00-04:00,44.982670482865785,45.119484442878104,44.47450168289085,44.591773986816406,50500,0.0,0.0,0.0
2015-07-27 00:00:00-04:00,44.572219723218716,44.572219723218716,43.99564405810216,44.10314178466797,56600,0.0,0.0,0.0
2015-07-28 00:00:00-04:00,44.337689280420264,44.66018253569319,43.94679277063906,44.55268478393555,66000,0.0,0.0,0.0
2015-07-29 00:00:00-04:00,45.00221354193659,45.4712915497027,44.689494870092524,45.35402297973633,101700,0.0,0.0,0.0
2015-07-30 00:00:00-04:00,45.34425468478364,45.34425468478364,45.08039759169679,45.19766616821289,68100,0.0,0.0,0.0
2015-07-31 00:00:00-04:00,45.27585081431096,45.93060445005755,45.17812388725103,45.285621643066406,49000,0.0,0.0,0.0
2015-08-03 00:00:00-04:00,45.10971183169524,45.10971183169524,44.68949541232478,44.9631233215332,39000,0.0,0.0,0.0
2015-08-04 00:00:00-04:00,45.0608577432419,45.0608577432419,43.86861526384485,44.826316833496094,82100,0.0,0.0,0.0
2015-08-05 00:00:00-04:00,45.22698732085089,45.51038982896542,45.16835489013839,45.21721649169922,61500,0.0,0.0,0.0
2015-08-06 00:00:00-04:00,45.25629904052953,45.25629904052953,44.660177917266125,44.8067626953125,118700,0.0,0.0,0.0
2015-08-07 00:00:00-04:00,44.630865968553216,44.67973129788312,44.367012575258144,44.611324310302734,113100,0.0,0.0,0.0
2015-08-10 00:00:00-04:00,45.314942124780075,45.39312367379078,45.060859546298154,45.22698974609375,56900,0.0,0.0,0.0
2015-08-11 00:00:00-04:00,44.7383517392296,45.051070378050674,44.66017394347445,44.83607864379883,25700,0.0,0.0,0.0
2015-08-12 00:00:00-04:00,44.43541706013006,45.49084175757002,44.01520060128885,44.60154724121094,22000,0.0,0.0,0.0
2015-08-13 00:00:00-04:00,44.689506208397354,45.04131573545571,44.54292139072409,44.88495635986328,45400,0.0,0.0,0.0
2015-08-14 00:00:00-04:00,44.91426610163196,45.20743942260742,44.728590534857744,45.20743942260742,24800,0.0,0.0,0.0
2015-08-17 00:00:00-04:00,45.00222640152288,45.4810791015625,44.80677624379443,45.4810791015625,44100,0.0,0.0,0.0
2015-08-18 00:00:00-04:00,45.42243419377637,45.52993194623286,45.24652945846593,45.461524963378906,32500,0.0,0.0,0.0
2015-08-19 00:00:00-04:00,45.373579602353644,45.373579602353644,44.74814210373631,44.91427230834961,32100,0.0,0.0,0.0
2015-08-20 00:00:00-04:00,44.51359201069469,44.56245360623009,43.75134068222021,43.849063873291016,28400,0.0,0.0,0.0
2015-08-21 00:00:00-04:00,43.22362955436901,43.37998890785923,42.471149000728275,42.52978515625,57900,0.0,0.0,0.0
2015-08-24 00:00:00-04:00,40.17461852108889,42.20729002658966,19.18335480769892,41.02482223510742,71900,0.0,0.0,0.0
2015-08-25 00:00:00-04:00,42.17797805031757,42.17797805031757,40.67301685842183,40.829376220703125,46900,0.0,0.0,0.0
2015-08-26 00:00:00-04:00,42.011844927095844,42.27569830361301,40.85869331277986,41.8163948059082,37500,0.0,0.0,0.0
2015-08-27 00:00:00-04:00,42.29525177005086,43.125914011841154,42.246390162393006,42.998870849609375,91200,0.0,0.0,0.0
2015-08-28 00:00:00-04:00,43.61452664915325,43.61452664915325,42.55909829346537,42.91090774536133,23500,0.0,0.0,0.0
2015-08-31 00:00:00-04:00,42.783867857233886,43.00863419566779,42.53955613355777,42.66659927368164,15500,0.0,0.0,0.0
2015-09-01 00:00:00-04:00,41.77730874282493,42.01184966025425,41.24959447453501,41.396183013916016,49900,0.0,0.0,0.0
2015-09-02 00:00:00-04:00,41.80661022970103,42.29523355161113,41.7186578826412,42.27568817138672,53300,0.0,0.0,0.0
2015-09-03 00:00:00-04:00,42.29524778943207,42.959776029161524,42.29524778943207,42.559104919433594,95200,0.0,0.0,0.0
2015-09-04 00:00:00-04:00,42.10957745037465,42.627517217521884,41.904356455229724,42.08026123046875,21600,0.0,0.0,0.0
2015-09-08 00:00:00-04:00,42.871811957707834,43.28225751282504,42.73499801530221,43.2236213684082,24900,0.0,0.0,0.0
2015-09-09 00:00:00-04:00,43.663388512608655,43.780657087993504,42.85227185710319,42.881591796875,34600,0.0,0.0,0.0
2015-09-10 00:00:00-04:00,42.754552322966525,43.08681642156391,42.67637078075485,42.744781494140625,20500,0.0,0.0,0.0
2015-09-11 00:00:00-04:00,42.500463803739294,43.008628845214844,42.49068924838365,43.008628845214844,35100,0.0,0.0,0.0
2015-09-14 00:00:00-04:00,43.22363915144255,43.22363915144255,42.735015597307445,42.76433181762695,52600,0.0,0.0,0.0
2015-09-15 00:00:00-04:00,42.89136994204144,43.39953882593605,42.774101346650816,43.3799934387207,49900,0.0,0.0,0.0
2015-09-16 00:00:00-04:00,43.340891660626696,43.62429411144498,43.155216121073586,43.48748016357422,18200,0.0,0.0,0.0
2015-09-17 00:00:00-04:00,43.526580403444356,44.02497471174124,43.36044648207787,43.41908264160156,35800,0.0,0.0,0.0
2015-09-18 00:00:00-04:00,43.2029125553212,43.2029125553212,42.46933352521673,42.56714630126953,36100,0.039,0.0,0.0
2015-09-21 00:00:00-04:00,42.88993134608185,43.261612538557124,42.596500396728516,42.596500396728516,18800,0.0,0.0,0.0
2015-09-22 00:00:00-04:00,44.640730653351234,44.640730653351234,41.71619754477051,41.91181564331055,27300,0.0,0.0,0.0
2015-09-23 00:00:00-04:00,41.99985722766279,42.038982350971,41.608617188112085,41.716209411621094,24400,0.0,0.0,0.0
2015-09-24 00:00:00-04:00,41.54014321267274,41.716202507243274,40.875031151223276,41.32495880126953,20600,0.0,0.0,0.0
2015-09-25 00:00:00-04:00,41.66729265234362,41.75532229626282,41.18802304858738,41.36408233642578,22000,0.0,0.0,0.0
2015-09-28 00:00:00-04:00,40.99240276805791,40.99240276805791,40.112106295258634,40.161014556884766,24300,0.0,0.0,0.0
2015-09-29 00:00:00-04:00,40.49357026632996,40.49357026632996,39.68174088883619,39.93605041503906,12000,0.0,0.0,0.0
2015-09-30 00:00:00-04:00,40.27838523686555,40.68918776047387,40.1512304757207,40.65006637573242,32800,0.0,0.0,0.0
2015-10-01 00:00:00-04:00,40.56204098193833,40.93371842858544,40.268606312974974,40.7772216796875,27300,0.0,0.0,0.0
2015-10-02 00:00:00-04:00,40.28816208238364,41.22714614868164,40.18057361723158,41.22714614868164,18300,0.0,0.0,0.0
2015-10-05 00:00:00-04:00,41.46189179422933,42.00963222070553,41.452112380888856,41.96072769165039,1707300,0.0,0.0,0.0
2015-10-06 00:00:00-04:00,41.92160170269442,42.89970718812854,41.23692711665527,41.60860824584961,367600,0.0,0.0,0.0
2015-10-07 00:00:00-04:00,41.92160267808518,42.32262578719673,41.66729315649655,42.28350067138672,170300,0.0,0.0,0.0
2015-10-08 00:00:00-04:00,42.21502779265048,43.085540978523525,42.21502779265048,42.98773193359375,71500,0.0,0.0,0.0
2015-10-09 00:00:00-04:00,42.977949349220346,43.29094277447643,42.96816993707056,43.11488723754883,45100,0.0,0.0,0.0
2015-10-12 00:00:00-04:00,42.96817208316981,43.242040411153596,42.94860952671724,43.15401077270508,66200,0.0,0.0,0.0
2015-10-13 00:00:00-04:00,42.98773554536152,43.193136795677106,42.655179541013155,42.66495895385742,12300,0.0,0.0,0.0
2015-10-14 00:00:00-04:00,42.69431023832386,42.73343162599346,42.13679035388245,42.156349182128906,12100,0.0,0.0,0.0
2015-10-15 00:00:00-04:00,42.224819204253244,42.596500396728516,42.038980473604084,42.596500396728516,18100,0.0,0.0,0.0
2015-10-16 00:00:00-04:00,42.616050720214844,42.64539268737148,42.37152437744052,42.616050720214844,91800,0.0,0.0,0.0
2015-10-19 00:00:00-04:00,42.51824278832649,42.88014074037452,42.51824278832649,42.870361328125,12900,0.0,0.0,0.0
2015-10-20 00:00:00-04:00,42.79211728158941,42.8997094877428,42.67474566177505,42.81167984008789,32800,0.0,0.0,0.0
2015-10-21 00:00:00-04:00,42.96817639894079,43.12467313510397,42.4889030456543,42.4889030456543,7600,0.0,0.0,0.0
2015-10-22 00:00:00-04:00,42.616059247628364,43.40832609997197,42.616059247628364,43.33985900878906,16300,0.0,0.0,0.0
2015-10-23 00:00:00-04:00,43.69196788283401,43.7408761394044,43.42788269946967,43.67240905761719,10800,0.0,0.0,0.0
2015-10-26 00:00:00-04:00,43.721314265682764,43.89737354479208,43.574596956032934,43.701751708984375,18600,0.0,0.0,0.0
2015-10-27 00:00:00-04:00,43.46700421359401,43.46700421359401,42.95838893935546,43.15401077270508,11200,0.0,0.0,0.0
2015-10-28 00:00:00-04:00,43.17357399144868,44.0245246887207,43.17357399144868,44.0245246887207,27600,0.0,0.0,0.0
2015-10-29 00:00:00-04:00,43.95605904867383,44.1125557766565,43.88759196337993,44.083213806152344,44200,0.0,0.0,0.0
2015-10-30 00:00:00-04:00,44.229923933921945,44.445104567947325,44.229923933921945,44.2592658996582,3300,0.0,0.0,0.0
2015-11-02 00:00:00-05:00,44.15167810078618,44.777664973150586,44.15167810078618,44.75810241699219,2900,0.0,0.0,0.0
2015-11-03 00:00:00-05:00,44.6896391514094,44.6896391514094,44.357083130676784,44.38642883300781,10100,0.0,0.0,0.0
2015-11-04 00:00:00-05:00,44.327741949075694,44.49402182799193,44.31796253557543,44.36686706542969,5600,0.0,0.0,0.0
2015-11-05 00:00:00-05:00,44.503795970001285,44.895039624845325,44.386424366018474,44.728759765625,10300,0.0,0.0,0.0
2015-11-06 00:00:00-05:00,44.718982588972075,44.807012229154154,44.55270272143872,44.767887115478516,11200,0.0,0.0,0.0
2015-11-09 00:00:00-05:00,44.523367209350326,44.62117627654925,44.01475185132712,44.19081115722656,9400,0.0,0.0,0.0
2015-11-10 00:00:00-05:00,44.1418958760295,44.249488062457985,43.89736953639234,44.22014236450195,30200,0.0,0.0,0.0
2015-11-11 00:00:00-05:00,44.376638969626036,44.435326634226044,44.161458328444326,44.269046783447266,11400,0.0,0.0,0.0
2015-11-12 00:00:00-05:00,44.07343452712003,44.07343452712003,43.59416119742843,43.61372375488281,16400,0.0,0.0,0.0
2015-11-13 00:00:00-05:00,43.467009027979195,43.623505765757166,43.42788764191711,43.45722961425781,2900,0.0,0.0,0.0
2015-11-16 00:00:00-05:00,43.740879948441766,44.044090270996094,43.535474954016955,44.044090270996094,6800,0.0,0.0,0.0
2015-11-17 00:00:00-05:00,44.200584076215954,44.30817627303017,43.97562026977539,43.97562026977539,5000,0.0,0.0,0.0
2015-11-18 00:00:00-05:00,44.15168041294018,44.76788790508325,44.14190099993689,44.74832534790039,5100,0.0,0.0,0.0
2015-11-19 00:00:00-05:00,44.73854191302435,44.87547606981808,44.73854191302435,44.84613037109375,8700,0.0,0.0,0.0
2015-11-20 00:00:00-05:00,45.04175960303837,45.12978925133939,44.914604837453226,44.992855072021484,3700,0.0,0.0,0.0
2015-11-23 00:00:00-05:00,44.963515775424035,45.18847961643055,44.963515775424035,45.15913391113281,7200,0.0,0.0,0.0
2015-11-24 00:00:00-05:00,45.012415474618976,45.335188348811215,44.87548130186006,45.325408935546875,2300,0.0,0.0,0.0
2015-11-25 00:00:00-05:00,45.442778751663134,45.56015409324685,45.43299933878593,45.46234130859375,3400,0.0,0.0,0.0
2015-11-27 00:00:00-05:00,45.65796505974653,45.6775276174968,45.511247742207686,45.6481819152832,2900,0.0,0.0,0.0
2015-11-30 00:00:00-05:00,45.550372068172514,45.58949718299489,45.29606628417969,45.29606628417969,1400,0.0,0.0,0.0
2015-12-01 00:00:00-05:00,45.491687633229574,45.638404958666065,45.32541148016636,45.589500427246094,5900,0.0,0.0,0.0
2015-12-02 00:00:00-05:00,45.540591416943386,45.540591416943386,45.090660071070964,45.13956832885742,2200,0.0,0.0,0.0
2015-12-03 00:00:00-05:00,45.139572818693004,45.139572818693004,44.33752656274505,44.37664794921875,2400,0.0,0.0,0.0
2015-12-04 00:00:00-05:00,44.31796192363685,45.08088302612305,44.31796192363685,45.08088302612305,134900,0.0,0.0,0.0
2015-12-07 00:00:00-05:00,44.670078249258125,44.82657871768717,44.552706629112876,44.71898651123047,16100,0.0,0.0,0.0
2015-12-08 00:00:00-05:00,44.39621104392515,44.54292837129637,44.210372329608006,44.50380325317383,9500,0.0,0.0,0.0
2015-12-09 00:00:00-05:00,44.3375219738189,44.7678870298996,43.94627830016286,43.97562026977539,5000,0.0,0.0,0.0
2015-12-10 00:00:00-05:00,43.9853978218514,44.26904553145658,43.92671015891116,44.112548828125,49800,0.0,0.0,0.0
2015-12-11 00:00:00-05:00,43.64306087056708,43.907149770059206,43.300725481137995,43.359413146972656,6200,0.0,0.0,0.0
2015-12-14 00:00:00-05:00,43.3202907440941,43.349632713257456,43.046418684256906,43.105106353759766,5500,0.0,0.0,0.0
2015-12-15 00:00:00-05:00,43.584378994489626,43.68218804432455,43.378974019954555,43.44744110107422,4900,0.0,0.0,0.0
2015-12-16 00:00:00-05:00,43.691970012740455,44.132118225097656,43.62350292761559,44.132118225097656,5700,0.0,0.0,0.0
2015-12-17 00:00:00-05:00,44.200577719967775,44.200577719967775,43.574590917078865,43.662620544433594,3600,0.0,0.0,0.0
2015-12-18 00:00:00-05:00,43.2769446260268,43.2769446260268,41.563878472127094,42.80707550048828,5900,0.036,0.0,0.0
2015-12-21 00:00:00-05:00,43.071372985839844,43.071372985839844,42.91474996071338,43.071372985839844,3300,0.0,0.0,0.0
2015-12-22 00:00:00-05:00,43.07137290597865,43.55103302001953,43.04200725575547,43.55103302001953,8700,0.0,0.0,0.0
2015-12-23 00:00:00-05:00,43.67828806223803,43.99153412196334,43.65870971673175,43.923011779785156,10400,0.0,0.0,0.0
2015-12-24 00:00:00-05:00,43.84470081574709,43.942588806152344,43.83490977619408,43.942588806152344,900,0.0,0.0,0.0
2015-12-28 00:00:00-05:00,43.697865598543835,43.78596628459685,43.619555952156446,43.766387939453125,4200,0.0,0.0,0.0
2015-12-29 00:00:00-05:00,44.13837157603473,44.36351695689945,43.971957499803054,44.20689392089844,6400,0.0,0.0,0.0
2015-12-30 00:00:00-05:00,43.94259537893497,44.22647582143453,43.87407302856445,43.87407302856445,5500,0.0,0.0,0.0
2015-12-31 00:00:00-05:00,43.56082007430872,43.91322281170571,43.52166338477852,43.63913345336914,4100,0.0,0.0,0.0
2016-01-04 00:00:00-05:00,42.767914180591184,42.767914180591184,42.50361212590314,42.650447845458984,75700,0.0,0.0,0.0
2016-01-05 00:00:00-05:00,42.87559103100792,43.08115804058716,42.75812470184653,42.96369171142578,26400,0.0,0.0,0.0
2016-01-06 00:00:00-05:00,42.464456213446866,42.6112881885911,42.15121018544787,42.35677719116211,18900,0.0,0.0,0.0
2016-01-07 00:00:00-05:00,41.828187532774955,41.9358665921664,41.221273611155034,41.35831832885742,3400,0.0,0.0,0.0
2016-01-08 00:00:00-05:00,41.583464592849936,41.661777995507066,41.094017028808594,41.094017028808594,3300,0.0,0.0,0.0
2016-01-11 00:00:00-05:00,40.8884346443023,40.8884346443023,40.369621615541305,40.70244598388672,52300,0.0,0.0,0.0
2016-01-12 00:00:00-05:00,40.84927903208757,40.8982230246225,40.59476803039359,40.77096939086914,4600,0.0,0.0,0.0
2016-01-13 00:00:00-05:00,41.20169149071041,41.20169149071041,39.703983306884766,39.703983306884766,7200,0.0,0.0,0.0
2016-01-14 00:00:00-05:00,39.84102231150063,40.3206787109375,39.44946286633012,40.3206787109375,4700,0.0,0.0,0.0
2016-01-15 00:00:00-05:00,39.17537641471962,39.75292458558399,39.17537641471962,39.743133544921875,11100,0.0,0.0,0.0
2016-01-19 00:00:00-05:00,39.880186074387844,40.213010541542744,39.46904821063731,39.65503692626953,32200,0.0,0.0,0.0
2016-01-20 00:00:00-05:00,39.19495445612519,39.71376758153366,38.313947512801484,39.43967819213867,44700,0.0,0.0,0.0
2016-01-21 00:00:00-05:00,39.48861995051336,39.63545567745991,39.22431788252216,39.33199691772461,14500,0.0,0.0,0.0
2016-01-22 00:00:00-05:00,39.68440329461954,40.2717387876007,39.68440329461954,40.232582092285156,9200,0.0,0.0,0.0
2016-01-25 00:00:00-05:00,40.066170243310275,40.085748590237436,39.46904373168945,39.46904373168945,8000,0.0,0.0,0.0
2016-01-26 00:00:00-05:00,39.50819465124874,40.144474029541016,39.50819465124874,40.144474029541016,4800,0.0,0.0,0.0
2016-01-27 00:00:00-05:00,39.850810569059504,40.036802990342245,39.45925484872453,39.57672119140625,6500,0.0,0.0,0.0
2016-01-28 00:00:00-05:00,39.645240783691406,39.91933014231768,39.46903941480667,39.645240783691406,4500,0.0,0.0,0.0
2016-01-29 00:00:00-05:00,39.56692840263094,41.03527069091797,39.56692840263094,41.03527069091797,6100,0.0,0.0,0.0
2016-02-01 00:00:00-05:00,40.526250797834194,40.75139617919922,40.35004941516805,40.75139617919922,13000,0.0,0.0,0.0
2016-02-02 00:00:00-05:00,40.31088617660928,40.340251824222484,39.7627037713109,39.91932678222656,12000,0.0,0.0,0.0
2016-02-03 00:00:00-05:00,40.08575084551933,40.11511650046829,39.185165507141114,39.997650146484375,67500,0.0,0.0,0.0
2016-02-04 00:00:00-05:00,39.8214503098049,40.31089782714844,39.8214503098049,40.31089782714844,7800,0.0,0.0,0.0
2016-02-05 00:00:00-05:00,40.085746429954106,40.085746429954106,39.23410892255201,39.33199691772461,9100,0.0,0.0,0.0
2016-02-08 00:00:00-05:00,38.79360580026131,38.81318414629706,37.8636549015955,38.34331130981445,6500,0.0,0.0,0.0
2016-02-09 00:00:00-05:00,37.853866436295114,38.56846304554975,37.853866436295114,38.333526611328125,4100,0.0,0.0,0.0
2016-02-10 00:00:00-05:00,38.49992764915009,39.00894957144377,38.431401589493625,38.441192626953125,15900,0.0,0.0,0.0
2016-02-11 00:00:00-05:00,38.08879841198021,38.17689909772708,37.70703001847294,38.1181640625,7400,0.0,0.0,0.0
2016-02-12 00:00:00-05:00,38.32373568096789,38.70550408306478,38.32373568096789,38.69571304321289,6200,0.0,0.0,0.0
2016-02-16 00:00:00-05:00,38.73487989613119,39.57673030324465,38.73487989613119,39.498416900634766,1300,0.0,0.0,0.0
2016-02-17 00:00:00-05:00,39.68440236276081,40.14448045225702,39.68440236276081,40.13469314575195,3800,0.0,0.0,0.0
2016-02-18 00:00:00-05:00,40.25215949475227,40.25215949475227,40.11511479855392,40.13469314575195,2500,0.0,0.0,0.0
2016-02-19 00:00:00-05:00,39.909544654277326,40.3206787109375,39.909544654277326,40.3206787109375,2300,0.0,0.0,0.0
2016-02-22 00:00:00-05:00,40.64371714154905,40.85907521684939,40.64371714154905,40.75139617919922,3900,0.0,0.0,0.0
2016-02-23 00:00:00-05:00,40.72202059303601,40.87864360554048,40.55561027595689,40.70244598388672,4300,0.0,0.0,0.0
2016-02-24 00:00:00-05:00,40.105329214537605,40.81013107299805,40.08575086649869,40.81013107299805,3200,0.0,0.0,0.0
2016-02-25 00:00:00-05:00,40.898229000619594,41.32894515991211,40.88844169435741,41.32894515991211,1900,0.0,0.0,0.0
2016-02-26 00:00:00-05:00,41.52471909486267,41.612819783594965,41.52471909486267,41.58345413208008,1500,0.0,0.0,0.0
2016-02-29 00:00:00-05:00,41.505137696815666,41.58344733278019,41.28977966308594,41.28977966308594,5000,0.0,0.0,0.0
2016-03-01 00:00:00-05:00,41.46598628304478,42.112056732177734,41.46598628304478,42.112056732177734,5700,0.0,0.0,0.0
2016-03-02 00:00:00-05:00,41.984808281761175,42.09248733520508,41.847763571628306,42.09248733520508,4700,0.0,0.0,0.0
2016-03-03 00:00:00-05:00,42.229522705078125,42.229522705078125,42.229522705078125,42.229522705078125,400,0.0,0.0,0.0
2016-03-04 00:00:00-05:00,42.356782985793174,42.69939470885466,42.170794298158036,42.55256271362305,1000,0.0,0.0,0.0
2016-03-07 00:00:00-05:00,42.42530811295506,42.454673767089844,42.41552080630612,42.454673767089844,400,0.0,0.0,0.0
2016-03-08 00:00:00-05:00,42.05332459130952,42.20016032202203,41.98480224609375,41.98480224609375,4400,0.0,0.0,0.0
2016-03-09 00:00:00-05:00,42.14142502423854,42.19036902277972,42.07290267944336,42.07290267944336,1100,0.0,0.0,0.0
2016-03-10 00:00:00-05:00,42.24910325066631,42.24910325066631,41.700920768638206,41.91627883911133,8900,0.0,0.0,0.0
2016-03-11 00:00:00-05:00,42.20015510588823,42.5427667896187,42.20015510588823,42.48403549194336,10500,0.0,0.0,0.0
2016-03-14 00:00:00-04:00,42.39593694040868,42.66023899578311,42.39593694040868,42.6210823059082,2300,0.0,0.0,0.0
2016-03-15 00:00:00-04:00,42.395944680436,42.562355041503906,42.395944680436,42.562355041503906,1400,0.0,0.0,0.0
2016-03-16 00:00:00-04:00,42.601505325750544,43.022430419921875,42.601505325750544,43.022430419921875,7700,0.0,0.0,0.0
2016-03-17 00:00:00-04:00,42.90495744173152,43.648915787132864,42.90495744173152,43.57060241699219,11300,0.0,0.0,0.0
2016-03-18 00:00:00-04:00,43.5706140897102,43.96217357693969,43.5706140897102,43.93280792236328,5700,0.0,0.0,0.0
2016-03-21 00:00:00-04:00,43.815341132242935,43.82513217396374,43.60977406636569,43.688087463378906,5300,0.0,0.0,0.0
2016-03-22 00:00:00-04:00,43.834912666277724,43.94259170333539,43.7663903216388,43.81533432006836,5700,0.0,0.0,0.0
2016-03-23 00:00:00-04:00,43.64892354281863,43.75660257880132,43.54124450683594,43.54124450683594,3600,0.0,0.0,0.0
2016-03-24 00:00:00-04:00,43.306314711774505,43.41399002075195,43.13011332008351,43.41399002075195,2900,0.0,0.0,0.0
2016-03-28 00:00:00-04:00,43.46294100033461,43.66850806125553,43.41399326128735,43.619564056396484,11500,0.0,0.0,0.0
2016-03-29 00:00:00-04:00,43.66850869791808,44.226478576660156,43.639143041412154,44.226478576660156,6400,0.0,0.0,0.0
2016-03-30 00:00:00-04:00,44.47119322956028,44.480980534994735,44.12858152654171,44.275413513183594,3400,0.0,0.0,0.0
2016-03-31 00:00:00-04:00,44.177525522089,44.32435750873089,44.07963379680691,44.275413513183594,3900,0.0,0.0,0.0
2016-04-01 00:00:00-04:00,44.0796412280967,44.75508117675781,44.0796412280967,44.75508117675781,2500,0.0,0.0,0.0
2016-04-04 00:00:00-04:00,44.40267390889306,44.42225225528105,44.06984948867273,44.11879348754883,6600,0.0,0.0,0.0
2016-04-05 00:00:00-04:00,44.02090229683136,44.02090229683136,43.91322326660156,43.91322326660156,1700,0.0,0.0,0.0
2016-04-06 00:00:00-04:00,43.932801810165024,44.275413513183594,43.932801810165024,44.275413513183594,3500,0.0,0.0,0.0
2016-04-07 00:00:00-04:00,44.05027019287082,44.07963584472601,43.84470316150913,44.020904541015625,1200,0.0,0.0,0.0
2016-04-08 00:00:00-04:00,44.19710566360636,44.28520635284748,44.109004974365234,44.109004974365234,1200,0.0,0.0,0.0
2016-04-11 00:00:00-04:00,44.30478122205372,44.3537289540626,44.020904541015625,44.020904541015625,900,0.0,0.0,0.0
2016-04-12 00:00:00-04:00,43.92301335731345,44.402673503975706,43.92301335731345,44.265628814697266,25600,0.0,0.0,0.0
2016-04-13 00:00:00-04:00,44.69633946459046,44.852962493896484,44.686552158965895,44.852962493896484,4900,0.0,0.0,0.0
2016-04-14 00:00:00-04:00,44.74528276034651,44.774652145135406,44.63760372922478,44.66697311401367,3600,0.0,0.0,0.0
2016-04-15 00:00:00-04:00,44.72570668805468,44.764863380304696,44.68655372999237,44.74528503417969,1500,0.0,0.0,0.0
2016-04-18 00:00:00-04:00,46.16468542227746,46.16468542227746,44.65718631190076,44.94106674194336,3700,0.0,0.0,0.0
2016-04-19 00:00:00-04:00,45.06832545520815,45.06832545520815,44.92148971557617,44.92148971557617,6700,0.0,0.0,0.0
2016-04-20 00:00:00-04:00,44.86275157477023,45.18578492490154,44.82359488560661,45.10747528076172,13700,0.0,0.0,0.0
2016-04-21 00:00:00-04:00,44.99001365597371,44.99001365597371,44.76486825231386,44.813812255859375,1800,0.0,0.0,0.0
2016-04-22 00:00:00-04:00,44.89211668587267,44.89211668587267,44.82359434775228,44.83338165283203,1100,0.0,0.0,0.0
2016-04-25 00:00:00-04:00,44.618029148809654,44.637603759765625,44.618029148809654,44.637603759765625,500,0.0,0.0,0.0
2016-04-26 00:00:00-04:00,44.77465613430136,45.02916717529297,44.77465613430136,45.02916717529297,1300,0.0,0.0,0.0
2016-04-27 00:00:00-04:00,45.04874500298982,45.20536804199219,45.009588309692276,45.20536804199219,5200,0.0,0.0,0.0
2016-04-28 00:00:00-04:00,44.901909076194265,44.901909076194265,44.41246161465332,44.4222526550293,1300,0.0,0.0,0.0
2016-04-29 00:00:00-04:00,44.12858467342793,44.255838324088074,43.99153624825984,44.06005859375,3100,0.0,0.0,0.0
2016-05-02 00:00:00-04:00,44.03069319212142,44.4222526550293,44.03069319212142,44.4222526550293,2500,0.0,0.0,0.0
2016-05-03 00:00:00-04:00,44.157944686545385,44.3733027358324,44.157944686545385,44.25583267211914,2000,0.0,0.0,0.0
2016-05-04 00:00:00-04:00,44.20689218834484,44.20689218834484,43.88385882296018,43.923011779785156,800,0.0,0.0,0.0
2016-05-05 00:00:00-04:00,44.3341472284979,44.4320352166783,44.285203234407696,44.29499053955078,3000,0.0,0.0,0.0
2016-05-06 00:00:00-04:00,44.47119126747099,44.52992630004883,44.47119126747099,44.52992630004883,400,0.0,0.0,0.0
2016-05-09 00:00:00-04:00,44.42224123818456,44.88231919454192,44.42224123818456,44.87253189086914,2900,0.0,0.0,0.0
2016-05-10 00:00:00-04:00,44.9214888274639,45.63608169555664,44.9214888274639,45.63608169555664,8200,0.0,0.0,0.0
2016-05-11 00:00:00-04:00,45.577345425691234,45.577345425691234,45.17599868774414,45.17599868774414,900,0.0,0.0,0.0
2016-05-12 00:00:00-04:00,45.00959300534662,45.401152510796145,45.00959300534662,45.3326301574707,3200,0.0,0.0,0.0
2016-05-13 00:00:00-04:00,45.352201784262974,45.352201784262974,44.92148564526967,45.009586334228516,3100,0.0,0.0,0.0
2016-05-16 00:00:00-04:00,45.43050990320431,45.53818893432617,45.42072259773301,45.53818893432617,1000,0.0,0.0,0.0
2016-05-17 00:00:00-04:00,45.41093464742271,45.430512993884754,44.82359919031239,44.931278228759766,22400,0.0,0.0,0.0
2016-05-18 00:00:00-04:00,45.175999194234976,45.175999194234976,44.85296209865736,44.99979782104492,1700,0.0,0.0,0.0
2016-05-19 00:00:00-04:00,44.73549273505408,44.774649422933614,44.51034738102767,44.70612335205078,2400,0.0,0.0,0.0
2016-05-20 00:00:00-04:00,45.13684071022761,45.20536304883578,45.06831837161944,45.16620635986328,1600,0.0,0.0,0.0
2016-05-23 00:00:00-04:00,45.097691903816525,45.13684859963316,44.99980389846298,45.0781135559082,1600,0.0,0.0,0.0
2016-05-24 00:00:00-04:00,45.733970417720336,45.87101510473638,45.694813725947846,45.792701721191406,9600,0.0,0.0,0.0
2016-05-25 00:00:00-04:00,45.95912828865029,46.00807229957806,45.83187087288714,45.89060592651367,3900,0.0,0.0,0.0
2016-05-26 00:00:00-04:00,45.95910897071221,45.998265656671215,45.9003739417737,45.949317932128906,900,0.0,0.0,0.0
2016-05-27 00:00:00-04:00,45.66544989819262,46.09616232233062,45.66544989819262,46.047218322753906,2300,0.0,0.0,0.0
2016-05-31 00:00:00-04:00,46.18426551600052,46.1940528227707,45.968907425176546,46.06679916381836,4500,0.0,0.0,0.0
2016-06-01 00:00:00-04:00,45.90037545413132,46.3213005065918,45.90037545413132,46.3213005065918,26800,0.0,0.0,0.0
2016-06-02 00:00:00-04:00,46.16467762856724,46.26256561279297,46.16467762856724,46.26256561279297,700,0.0,0.0,0.0
2016-06-03 00:00:00-04:00,46.26256561279297,46.26256561279297,46.26256561279297,46.26256561279297,0,0.0,0.0,0.0
2016-06-06 00:00:00-04:00,46.194048117075894,46.3604621887207,46.194048117075894,46.3604621887207,24900,0.0,0.0,0.0
2016-06-07 00:00:00-04:00,46.409407105015276,46.5170861415906,46.409407105015276,46.48772048950195,1700,0.0,0.0,0.0
2016-06-08 00:00:00-04:00,46.771588554229844,46.849901924285774,46.76180125006636,46.81074523925781,5900,0.0,0.0,0.0
2016-06-09 00:00:00-04:00,46.497511907561744,46.79117965698242,46.497511907561744,46.79117965698242,4900,0.0,0.0,0.0
2016-06-10 00:00:00-04:00,46.44856073904975,46.44856073904975,46.086370695115,46.22341537475586,14900,0.0,0.0,0.0
2016-06-13 00:00:00-04:00,46.18425969716881,46.18425969716881,45.87101364135742,45.87101364135742,300,0.0,0.0,0.0
2016-06-14 00:00:00-04:00,45.626294094423486,45.7535514831543,45.508827746311596,45.7535514831543,11400,0.0,0.0,0.0
2016-06-15 00:00:00-04:00,45.69481423891631,45.81228058136478,45.61650085449219,45.61650085449219,2500,0.0,0.0,0.0
2016-06-16 00:00:00-04:00,45.26410404255344,45.753551516596595,45.2249473484249,45.72418212890625,5500,0.0,0.0,0.0
2016-06-17 00:00:00-04:00,45.67023393865941,45.68004119102081,45.50348071413209,45.65061569213867,6700,0.095,0.0,0.0
2016-06-20 00:00:00-04:00,46.26857143117749,46.30780792236328,46.26857143117749,46.30780792236328,1600,0.0,0.0,0.0
2016-06-21 00:00:00-04:00,46.04296875,46.04296875,46.04296875,46.04296875,200,0.0,0.0,0.0
2016-06-22 00:00:00-04:00,46.19010179807731,46.19010179807731,46.09201431274414,46.09201431274414,3200,0.0,0.0,0.0
2016-06-23 00:00:00-04:00,46.35685031381027,46.51379253217967,46.347043062198644,46.47455978393555,3000,0.0,0.0,0.0
2016-06-24 00:00:00-04:00,44.914950325620445,45.670236012881325,44.914950325620445,45.2974967956543,1600,0.0,0.0,0.0
2016-06-27 00:00:00-04:00,44.90513543058929,44.90513543058929,44.27736653513326,44.375457763671875,38300,0.0,0.0,0.0
2016-06-28 00:00:00-04:00,44.87571083962577,45.01303482055664,44.69915036648669,45.01303482055664,2200,0.0,0.0,0.0
2016-06-29 00:00:00-04:00,45.51328104249457,45.69964872807042,45.4053825828149,45.670223236083984,3300,0.0,0.0,0.0
2016-06-30 00:00:00-04:00,45.601572026632375,46.57265090942383,45.601572026632375,46.57265090942383,6700,0.0,0.0,0.0
2016-07-01 00:00:00-04:00,46.70016489644407,46.70016489644407,46.602073669433594,46.602073669433594,500,0.0,0.0,0.0
2016-07-05 00:00:00-04:00,46.317617565566145,46.47455978393555,46.229337333871,46.47455978393555,2500,0.0,0.0,0.0
2016-07-06 00:00:00-04:00,46.32742561668777,46.700164794921875,46.32742561668777,46.700164794921875,24100,0.0,0.0,0.0
2016-07-07 00:00:00-04:00,46.788448559177425,47.08271477818146,46.77863756485843,46.89634704589844,1500,0.0,0.0,0.0
2016-07-08 00:00:00-04:00,47.112139612629015,47.84780702065532,47.112139612629015,47.798763275146484,17800,0.0,0.0,0.0
2016-07-11 00:00:00-04:00,48.083225469950804,48.23035671636802,48.053799969027,48.191123962402344,2600,0.0,0.0,0.0
2016-07-12 00:00:00-04:00,48.54424296882366,48.56385747411067,48.308827745601164,48.44615173339844,42900,0.0,0.0,0.0
2016-07-13 00:00:00-04:00,48.45595526466311,48.45595526466311,48.328438549149446,48.34805679321289,10600,0.0,0.0,0.0
2016-07-14 00:00:00-04:00,48.593281398643406,48.593281398643406,48.38729543948613,48.40690994262695,2300,0.0,0.0,0.0
2016-07-15 00:00:00-04:00,48.357867350412526,48.48538407464409,48.357867350412526,48.43634033203125,4400,0.0,0.0,0.0
2016-07-18 00:00:00-04:00,48.45595857743593,48.475573081042896,48.31863085960317,48.43634033203125,1200,0.0,0.0,0.0
2016-07-19 00:00:00-04:00,48.61290421891864,48.61290421891864,48.338252505728384,48.42653274536133,3200,0.0,0.0,0.0
2016-07-20 00:00:00-04:00,48.47557517939046,48.79927062988281,48.47557517939046,48.79927062988281,3200,0.0,0.0,0.0
2016-07-21 00:00:00-04:00,48.59328974292958,48.64233349279853,48.014564514160156,48.014564514160156,8800,0.0,0.0,0.0
2016-07-22 00:00:00-04:00,48.14207877263147,48.357872009277344,48.14207877263147,48.357872009277344,1600,0.0,0.0,0.0
2016-07-25 00:00:00-04:00,48.23035671636802,48.23035671636802,48.191123962402344,48.191123962402344,700,0.0,0.0,0.0
2016-07-26 00:00:00-04:00,48.55406061713291,48.62272262573242,48.55406061713291,48.62272262573242,800,0.0,0.0,0.0
2016-07-27 00:00:00-04:00,48.64232732823841,48.76984405517578,48.64232732823841,48.76984405517578,1200,0.0,0.0,0.0
2016-07-28 00:00:00-04:00,48.603104374447014,48.62272262573242,48.603104374447014,48.62272262573242,700,0.0,0.0,0.0
2016-07-29 00:00:00-04:00,48.848321152365415,48.877750396728516,48.83851389877664,48.877750396728516,600,0.0,0.0,0.0
2016-08-01 00:00:00-04:00,48.877750396728516,48.877750396728516,48.877750396728516,48.877750396728516,0,0.0,0.0,0.0
2016-08-02 00:00:00-04:00,48.25978451460177,48.36768300382374,48.25978451460177,48.357872009277344,500,0.0,0.0,0.0
2016-08-03 00:00:00-04:00,48.406911834906104,48.45595932006836,48.33824984583627,48.45595932006836,600,0.0,0.0,0.0
2016-08-04 00:00:00-04:00,48.58347024131951,48.58347024131951,48.299015045166016,48.299015045166016,2200,0.0,0.0,0.0
2016-08-05 00:00:00-04:00,48.45595932006836,48.554046806797324,48.45595932006836,48.45595932006836,1400,0.0,0.0,0.0
2016-08-08 00:00:00-04:00,48.416734923196444,48.416734923196444,48.132275902107466,48.26959991455078,800,0.0,0.0,0.0
2016-08-09 00:00:00-04:00,48.318634774246135,48.338253021240234,48.318634774246135,48.338253021240234,400,0.0,0.0,0.0
2016-08-10 00:00:00-04:00,48.30882337456308,48.34805986518301,48.14207390212495,48.32844161987305,6300,0.0,0.0,0.0
2016-08-11 00:00:00-04:00,48.397107246083,48.51481298499427,48.35787075251326,48.42653274536133,1200,0.0,0.0,0.0
2016-08-12 00:00:00-04:00,48.24996566772461,48.31862765118289,48.19111467721606,48.24996566772461,2700,0.0,0.0,0.0
2016-08-15 00:00:00-04:00,48.446155241118376,48.75023248025606,48.446155241118376,48.642333984375,800,0.0,0.0,0.0
2016-08-16 00:00:00-04:00,48.34805990663088,48.34805990663088,48.02436447143555,48.02436447143555,2500,0.0,0.0,0.0
2016-08-17 00:00:00-04:00,48.01456047301405,48.01456047301405,47.90666198730469,47.90666198730469,11500,0.0,0.0,0.0
2016-08-18 00:00:00-04:00,48.21074021074583,48.24997296308434,48.21074021074583,48.24016571044922,900,0.0,0.0,0.0
2016-08-19 00:00:00-04:00,47.985132281394996,48.44615173339844,47.985132281394996,48.44615173339844,26000,0.0,0.0,0.0
2016-08-22 00:00:00-04:00,48.416717529296875,48.416717529296875,48.416717529296875,48.416717529296875,100,0.0,0.0,0.0
2016-08-23 00:00:00-04:00,48.71100328654354,48.90718205921348,48.71100328654354,48.83852005004883,2800,0.0,0.0,0.0
2016-08-24 00:00:00-04:00,48.45595834348895,48.50500208586501,48.299016122806954,48.32844161987305,1800,0.0,0.0,0.0
2016-08-25 00:00:00-04:00,48.38729766517273,48.46576690673828,48.3676794193319,48.46576690673828,1300,0.0,0.0,0.0
2016-08-26 00:00:00-04:00,48.77965545654297,48.77965545654297,48.77965545654297,48.77965545654297,300,0.0,0.0,0.0
2016-08-29 00:00:00-04:00,48.58347435427213,48.701183833470566,48.58347435427213,48.6129035949707,3500,0.0,0.0,0.0
2016-08-30 00:00:00-04:00,48.42653751449314,48.61290900640465,48.42653751449314,48.554054260253906,1200,0.0,0.0,0.0
2016-08-31 00:00:00-04:00,48.554054260253906,48.554054260253906,48.554054260253906,48.554054260253906,0,0.0,0.0,0.0
2016-09-01 00:00:00-04:00,48.45596068077531,48.45596068077531,47.97532300199179,48.289207458496094,2900,0.0,0.0,0.0
2016-09-02 00:00:00-04:00,48.73061423175057,48.73061423175057,48.48539173812936,48.642333984375,1400,0.0,0.0,0.0
2016-09-06 00:00:00-04:00,48.98563162529145,48.98563162529145,48.416717529296875,48.416717529296875,4200,0.0,0.0,0.0
2016-09-07 00:00:00-04:00,48.505008290951494,48.52462653877116,48.416728046662115,48.49519729614258,7200,0.0,0.0,0.0
2016-09-08 00:00:00-04:00,48.25978543885299,48.35787293540709,48.25978543885299,48.27940368652344,1600,0.0,0.0,0.0
2016-09-09 00:00:00-04:00,47.573158264160156,47.573158264160156,47.573158264160156,47.573158264160156,400,0.0,0.0,0.0
2016-09-12 00:00:00-04:00,47.06309717362696,47.475072879293364,47.03367167386437,47.426025390625,3000,0.0,0.0,0.0
2016-09-13 00:00:00-04:00,46.92577083097797,47.09252031032934,46.66093012101004,46.749210357666016,2900,0.0,0.0,0.0
2016-09-14 00:00:00-04:00,46.92577518277086,46.92577518277086,46.66093444824219,46.66093444824219,1300,0.0,0.0,0.0
2016-09-15 00:00:00-04:00,46.847295131364824,47.2886962890625,46.847295131364824,47.2886962890625,1300,0.0,0.0,0.0
2016-09-16 00:00:00-04:00,46.59362315455105,46.95687155052567,46.59362315455105,46.947052001953125,3700,0.042,0.0,0.0
2016-09-19 00:00:00-04:00,47.23176263861246,47.23176263861246,47.08449935913086,47.08449935913086,700,0.0,0.0,0.0
2016-09-20 00:00:00-04:00,46.789974800486426,47.212125524527366,46.770339447617005,46.78015899658203,2600,0.0,0.0,0.0
2016-09-21 00:00:00-04:00,46.878324316692364,47.32011032104492,46.878324316692364,47.32011032104492,700,0.0,0.0,0.0
2016-09-22 00:00:00-04:00,47.820807799007774,47.899349212646484,47.693183619435956,47.899349212646484,1200,0.0,0.0,0.0
2016-09-23 00:00:00-04:00,47.70299530029297,47.70299530029297,47.70299530029297,47.70299530029297,200,0.0,0.0,0.0
2016-09-26 00:00:00-04:00,47.58518491525497,47.58518491525497,47.536094665527344,47.536094665527344,500,0.0,0.0,0.0
2016-09-27 00:00:00-04:00,47.72263505668253,47.72263505668253,47.66372899610829,47.69318389892578,600,0.0,0.0,0.0
2016-09-28 00:00:00-04:00,47.56555679412618,47.8993503196838,47.56555679412618,47.87971496582031,900,0.0,0.0,0.0
2016-09-29 00:00:00-04:00,47.73245560057626,47.73245560057626,47.40848159790039,47.40848159790039,4900,0.0,0.0,0.0
2016-09-30 00:00:00-04:00,47.31030012278439,47.69318389892578,47.31030012278439,47.69318389892578,2700,0.0,0.0,0.0
2016-10-03 00:00:00-04:00,47.53609583970211,47.58518609064229,47.47719353067042,47.51646423339844,1600,0.0,0.0,0.0
2016-10-04 00:00:00-04:00,47.36920566046832,47.36920566046832,47.14340471501742,47.23176193237305,1000,0.0,0.0,0.0
2016-10-05 00:00:00-04:00,47.24157626763751,47.58518932225261,47.24157626763751,47.526283264160156,4400,0.0,0.0,0.0
2016-10-06 00:00:00-04:00,47.20230484008789,47.20230484008789,47.20230484008789,47.20230484008789,300,0.0,0.0,0.0
2016-10-07 00:00:00-04:00,47.34956838141549,47.34956838141549,46.96668837013335,46.99613952636719,2200,0.0,0.0,0.0
2016-10-10 00:00:00-04:00,47.310293748009215,47.536094665527344,47.24157189246284,47.536094665527344,1000,0.0,0.0,0.0
2016-10-11 00:00:00-04:00,46.78015434591822,46.78015434591822,46.524898529052734,46.524898529052734,400,0.0,0.0,0.0
2016-10-12 00:00:00-04:00,46.789968531454406,47.02558898925781,46.789968531454406,47.02558898925781,700,0.0,0.0,0.0
2016-10-13 00:00:00-04:00,46.4856333317078,46.750704982889694,46.4856333317078,46.495452880859375,2000,0.0,0.0,0.0
2016-10-14 00:00:00-04:00,46.71143774367325,46.71143774367325,46.70161819458008,46.70161819458008,400,0.0,0.0,0.0
2016-10-17 00:00:00-04:00,46.632896423339844,46.632896423339844,46.632896423339844,46.632896423339844,600,0.0,0.0,0.0
2016-10-18 00:00:00-04:00,46.94705159043813,46.94705159043813,46.81942367553711,46.81942367553711,1100,0.0,0.0,0.0
2016-10-19 00:00:00-04:00,46.69179991497411,46.947052001953125,46.623078055208204,46.947052001953125,600,0.0,0.0,0.0
2016-10-20 00:00:00-04:00,46.64271231985252,46.64271231985252,46.53472349482485,46.56417465209961,700,0.0,0.0,0.0
2016-10-21 00:00:00-04:00,46.034029450323175,46.32855224609375,46.034029450323175,46.32855224609375,2100,0.0,0.0,0.0
2016-10-24 00:00:00-04:00,46.38745430210116,46.740883124564895,46.35800314858258,46.53471755981445,2800,0.0,0.0,0.0
2016-10-25 00:00:00-04:00,46.53471755981445,46.53471755981445,46.53471755981445,46.53471755981445,0,0.0,0.0,0.0
2016-10-26 00:00:00-04:00,45.503884791528826,45.72968946467061,45.41552758096999,45.680599212646484,2100,0.0,0.0,0.0
2016-10-27 00:00:00-04:00,45.50388387867078,45.50388387867078,45.091552734375,45.091552734375,900,0.0,0.0,0.0
2016-10-28 00:00:00-04:00,45.54315159555235,45.62169299601761,45.278079986572266,45.278079986572266,600,0.0,0.0,0.0
2016-10-31 00:00:00-04:00,45.278079986572266,45.278079986572266,45.278079986572266,45.278079986572266,0,0.0,0.0,0.0
2016-11-01 00:00:00-04:00,44.924657608278146,44.924657608278146,44.77739807890684,44.895206451416016,800,0.0,0.0,0.0
2016-11-02 00:00:00-04:00,44.924655662003076,44.924655662003076,44.689038927192385,44.728309631347656,800,0.0,0.0,0.0
2016-11-03 00:00:00-04:00,44.37488063919741,44.46323785072807,44.37488063919741,44.39451599121094,1200,0.0,0.0,0.0
2016-11-04 00:00:00-04:00,44.24725360704647,44.98356246948242,44.2178024509684,44.98356246948242,1800,0.0,0.0,0.0
2016-11-07 00:00:00-05:00,45.503881484835865,45.602058236689345,45.20935871939572,45.26826477050781,654800,0.0,0.0,0.0
2016-11-08 00:00:00-05:00,45.50388520105188,46.004577313744825,45.35662567883548,45.8082275390625,325300,0.0,0.0,0.0
2016-11-09 00:00:00-05:00,44.96392704973704,46.9077819942495,44.96392704973704,46.79978942871094,1262100,0.0,0.0,0.0
2016-11-10 00:00:00-05:00,47.27102466018752,47.35938186262948,46.9470470028803,47.035404205322266,82500,0.0,0.0,0.0
2016-11-11 00:00:00-05:00,47.25139034344515,47.5949996131998,46.96668337989977,47.555728912353516,45900,0.0,0.0,0.0
2016-11-14 00:00:00-05:00,47.506654319187604,48.01716232299805,47.506654319187604,48.01716232299805,46700,0.0,0.0,0.0
2016-11-15 00:00:00-05:00,48.19386604321044,48.350945105934926,47.97788092756668,48.341129302978516,48000,0.0,0.0,0.0
2016-11-16 00:00:00-05:00,48.2233161095414,48.468752373579264,48.17422960574587,48.29203796386719,9500,0.0,0.0,0.0
2016-11-17 00:00:00-05:00,48.84181824273709,48.93999125374359,48.41966755430057,48.73382568359375,87500,0.0,0.0,0.0
2016-11-18 00:00:00-05:00,48.88108894516382,48.88108894516382,48.59638197016052,48.73382568359375,24200,0.0,0.0,0.0
2016-11-21 00:00:00-05:00,48.99889594547584,48.99889594547584,48.72400852624978,48.959625244140625,15000,0.0,0.0,0.0
2016-11-22 00:00:00-05:00,49.05780139656967,49.05780139656967,48.6552860754647,49.03816604614258,15500,0.0,0.0,0.0
2016-11-23 00:00:00-05:00,49.05780578514785,49.43086624145508,49.05780578514785,49.43086624145508,18400,0.0,0.0,0.0
2016-11-25 00:00:00-05:00,49.745026498048105,49.745026498048105,49.4406878889335,49.52904510498047,2200,0.0,0.0,0.0
2016-11-28 00:00:00-05:00,49.65666750960401,49.65666750960401,49.05780241683358,49.08725357055664,17200,0.0,0.0,0.0
2016-11-29 00:00:00-05:00,49.28361158458346,49.28361158458346,48.97926921327336,49.07744598388672,8700,0.0,0.0,0.0
2016-11-30 00:00:00-05:00,49.578129110458725,49.578129110458725,48.89090676981651,48.900726318359375,24500,0.0,0.0,0.0
2016-12-01 00:00:00-05:00,49.06761608874949,49.136337941158914,48.390213367116615,48.51783752441406,123000,0.0,0.0,0.0
2016-12-02 00:00:00-05:00,48.66510161289983,48.66510161289983,48.154593739758454,48.301856994628906,50300,0.0,0.0,0.0
2016-12-05 00:00:00-05:00,48.68474119114199,48.93999327734943,48.645470487091465,48.900726318359375,56100,0.0,0.0,0.0
2016-12-06 00:00:00-05:00,48.782914863861386,49.224700927734375,48.782914863861386,49.224700927734375,23700,0.0,0.0,0.0
2016-12-07 00:00:00-05:00,49.68612872880747,49.843207822252126,49.12653422434456,49.7843017578125,289500,0.0,0.0,0.0
2016-12-08 00:00:00-05:00,49.91193248407899,50.24572604445685,49.74503383135945,50.137733459472656,51600,0.0,0.0,0.0
2016-12-09 00:00:00-05:00,50.186807918061824,50.33407117948583,50.16717256686794,50.21626281738281,14800,0.0,0.0,0.0
2016-12-12 00:00:00-05:00,49.97082485790554,49.97082485790554,49.77447509765625,49.77447509765625,6000,0.0,0.0,0.0
2016-12-13 00:00:00-05:00,49.74501843040447,49.98063888333703,49.67629657851998,49.87264633178711,8400,0.0,0.0,0.0
2016-12-14 00:00:00-05:00,49.931555707735356,49.98064221305728,49.342506408691406,49.342506408691406,10100,0.0,0.0,0.0
2016-12-15 00:00:00-05:00,49.31305625502907,49.85301531464609,49.31305625502907,49.46031951904297,16300,0.0,0.0,0.0
2016-12-16 00:00:00-05:00,49.29194963802807,49.744891129904715,49.29194963802807,49.419952392578125,7500,0.149,0.0,0.0
2016-12-19 00:00:00-05:00,49.291946702656084,49.626730341099986,49.291946702656084,49.4297981262207,5500,0.0,0.0,0.0
2016-12-20 00:00:00-05:00,49.81381131150782,49.92212421191652,49.54795339855084,49.892581939697266,19800,0.0,0.0,0.0
2016-12-21 00:00:00-05:00,49.685803564363574,50.06981928802332,49.685803564363574,49.922122955322266,4100,0.0,0.0,0.0
2016-12-22 00:00:00-05:00,49.922124488504785,50.03043738951359,49.60703446166251,49.62672805786133,16200,0.0,0.0,0.0
2016-12-23 00:00:00-05:00,49.72519126667412,49.85319776126624,49.616878367878435,49.79411697387695,17400,0.0,0.0,0.0
2016-12-27 00:00:00-05:00,50.020588292055024,50.0796690801539,49.88273687599369,50.069820404052734,11000,0.0,0.0,0.0
2016-12-28 00:00:00-05:00,49.98120256521161,50.286447678416806,49.3707160949707,49.3707160949707,12700,0.0,0.0,0.0
2016-12-29 00:00:00-05:00,49.41994944958347,49.479030240898126,49.32148522022862,49.4297981262207,6600,0.0,0.0,0.0
2016-12-30 00:00:00-05:00,49.23286400974852,49.410102620677165,49.075318995164096,49.183631896972656,22500,0.0,0.0,0.0
2017-01-03 00:00:00-05:00,49.58734190151436,49.6759612081759,49.25255827147847,49.3707160949707,8300,0.0,0.0,0.0
2017-01-04 00:00:00-05:00,49.79412144396544,50.05013445613233,49.77442784640109,49.981204986572266,16400,0.0,0.0,0.0
2017-01-05 00:00:00-05:00,50.07967541827172,50.09936901679711,49.636578841874986,49.69565963745117,7400,0.0,0.0,0.0
2017-01-06 00:00:00-05:00,49.656263877288076,49.92212177727951,49.656263877288076,49.77442169189453,36400,0.0,0.0,0.0
2017-01-09 00:00:00-05:00,49.4790311330907,49.48887605373587,49.30179251212038,49.35102462768555,6200,0.0,0.0,0.0
2017-01-10 00:00:00-05:00,49.518425257539825,49.803976826414925,49.508576579346794,49.65627670288086,4800,0.0,0.0,0.0
2017-01-11 00:00:00-05:00,49.41010372553393,49.82365798950195,49.41010372553393,49.82365798950195,9600,0.0,0.0,0.0
2017-01-12 00:00:00-05:00,49.62672174282082,49.62672174282082,48.98669309439631,49.50856018066406,7800,0.0,0.0,0.0
2017-01-13 00:00:00-05:00,49.76458563539565,49.92213066831914,49.76458563539565,49.83351135253906,4400,0.0,0.0,0.0
2017-01-17 00:00:00-05:00,49.971358900011545,49.971358900011545,49.38056601154328,49.4297981262207,9500,0.0,0.0,0.0
2017-01-18 00:00:00-05:00,49.62672587128735,49.67595798153051,49.48887070396958,49.64641571044922,8400,0.0,0.0,0.0
2017-01-19 00:00:00-05:00,49.8433492990996,49.8433492990996,49.45933356984524,49.52825927734375,4200,0.0,0.0,0.0
2017-01-20 00:00:00-05:00,49.488875238304864,49.488875238304864,49.252559585018,49.34117889404297,7000,0.0,0.0,0.0
2017-01-23 00:00:00-05:00,49.27225563458579,49.27225563458579,48.967010498046875,48.967010498046875,2600,0.0,0.0,0.0
2017-01-24 00:00:00-05:00,49.035930299484846,50.01074262971363,49.035930299484846,49.97135543823242,13400,0.0,0.0,0.0
2017-01-25 00:00:00-05:00,50.40461091524978,50.54246610632711,50.247065881617004,50.46369171142578,41000,0.0,0.0,0.0
2017-01-26 00:00:00-05:00,50.63108655223468,50.63108655223468,50.119067960645786,50.29630661010742,6800,0.0,0.0,0.0
2017-01-27 00:00:00-05:00,50.2273764433816,50.325844445164684,50.050141552512464,50.10921859741211,6400,0.0,0.0,0.0
2017-01-30 00:00:00-05:00,49.69566053443944,49.69566053443944,49.19348315340241,49.616886138916016,2200,0.0,0.0,0.0
2017-01-31 00:00:00-05:00,49.577489496770966,49.79411528702381,49.449486762684465,49.77442169189453,3700,0.0,0.0,0.0
2017-02-01 00:00:00-05:00,49.9221303029067,49.9221303029067,49.50857224690346,49.784278869628906,4900,0.0,0.0,0.0
2017-02-02 00:00:00-05:00,49.78427087776699,49.87289017867237,49.54795148996291,49.64641571044922,5900,0.0,0.0,0.0
2017-02-03 00:00:00-05:00,49.81381797816934,50.47353663270351,49.81381797816934,50.46369171142578,5200,0.0,0.0,0.0
2017-02-06 00:00:00-05:00,50.49322009455222,50.532607284095626,50.29629165917346,50.43414306640625,4800,0.0,0.0,0.0
2017-02-07 00:00:00-05:00,50.660625180953126,50.74924449929856,50.41446082512359,50.52277374267578,8700,0.0,0.0,0.0
2017-02-08 00:00:00-05:00,50.217518462004485,50.581840583432815,50.217518462004485,50.493221282958984,6700,0.0,0.0,0.0
2017-02-09 00:00:00-05:00,50.729551553243766,51.152954551215565,50.729551553243766,51.11356735229492,7500,0.0,0.0,0.0
2017-02-10 00:00:00-05:00,51.20218268935937,51.39911491247547,51.1627954935022,51.290802001953125,8000,0.0,0.0,0.0
2017-02-13 00:00:00-05:00,51.369570059276484,51.54680867556845,51.34003154195101,51.34988021850586,20800,0.0,0.0,0.0
2017-02-14 00:00:00-05:00,51.44834364816251,51.44834364816251,50.83785717717493,51.25141143798828,7200,0.0,0.0,0.0
2017-02-15 00:00:00-05:00,51.08401582299393,51.58618933476192,51.08401582299393,51.4975700378418,20600,0.0,0.0,0.0
2017-02-16 00:00:00-05:00,51.66496314397747,51.714195251464844,51.28094744693933,51.714195251464844,6100,0.0,0.0,0.0
2017-02-17 00:00:00-05:00,51.40896384494171,51.53697036338134,51.32034452543274,51.517276763916016,20500,0.0,0.0,0.0
2017-02-21 00:00:00-05:00,51.13325714127424,52.00960159301758,51.13325714127424,52.00960159301758,3800,0.0,0.0,0.0
2017-02-22 00:00:00-05:00,51.97021234586341,52.07852525246369,51.85205451874018,51.940673828125,12200,0.0,0.0,0.0
2017-02-23 00:00:00-05:00,51.89144055567538,51.89144055567538,51.192334772883704,51.30064392089844,4300,0.0,0.0,0.0
2017-02-24 00:00:00-05:00,51.03478835967972,51.507423400878906,51.03478835967972,51.507423400878906,3200,0.0,0.0,0.0
2017-02-27 00:00:00-05:00,51.93082846286033,51.989905497831195,51.82251555718765,51.98006057739258,5000,0.0,0.0,0.0
2017-02-28 00:00:00-05:00,51.94067006664238,51.94067006664238,51.35972213745117,51.35972213745117,9300,0.0,0.0,0.0
2017-03-01 00:00:00-05:00,51.74373326119778,52.48222613482906,51.74373326119778,52.42314910888672,6700,0.0,0.0,0.0
2017-03-02 00:00:00-05:00,52.24592035611762,52.24592035611762,51.81266871806207,51.82251739501953,9300,0.0,0.0,0.0
2017-03-03 00:00:00-05:00,51.61572728032107,51.763427358952214,51.61572728032107,51.714195251464844,2600,0.0,0.0,0.0
2017-03-06 00:00:00-05:00,51.517268320913104,51.566500433422924,51.40895541968986,51.507423400878906,2900,0.0,0.0,0.0
2017-03-07 00:00:00-05:00,51.586193672038476,51.586193672038476,51.3597229511278,51.36956787109375,2400,0.0,0.0,0.0
2017-03-08 00:00:00-05:00,51.27110304758887,51.45818657411067,51.09386444091797,51.09386444091797,3700,0.0,0.0,0.0
2017-03-09 00:00:00-05:00,51.05447923138673,51.05447923138673,50.473531277225305,50.75908279418945,22600,0.0,0.0,0.0
2017-03-10 00:00:00-05:00,51.074173628757485,51.074173628757485,50.670464281819015,50.85755157470703,8300,0.0,0.0,0.0
2017-03-13 00:00:00-04:00,50.78862141865419,51.152943539819525,50.78862141865419,51.07416915893555,8900,0.0,0.0,0.0
2017-03-14 00:00:00-04:00,50.66061812438116,50.79846954345703,50.66061812438116,50.79846954345703,5000,0.0,0.0,0.0
2017-03-15 00:00:00-04:00,50.99540291060807,51.438499450683594,50.99540291060807,51.438499450683594,3800,0.0,0.0,0.0
2017-03-16 00:00:00-04:00,51.45818901453033,51.45818901453033,51.2120246887207,51.2120246887207,14800,0.0,0.0,0.0
2017-03-17 00:00:00-04:00,51.37941756733926,51.69450759887695,51.37941756733926,51.69450759887695,1800,0.0,0.0,0.0
2017-03-20 00:00:00-04:00,51.58620248395965,51.615741005072636,51.40896384494171,51.517276763916016,6900,0.0,0.0,0.0
2017-03-21 00:00:00-04:00,51.20217633478727,51.53695994568457,50.2765998840332,50.2765998840332,9100,0.0,0.0,0.0
2017-03-22 00:00:00-04:00,50.12891288287354,50.315996454562935,50.01075503528921,50.29630661010742,9500,0.0,0.0,0.0
2017-03-23 00:00:00-04:00,50.16828955433448,50.51291810252587,50.1584408780036,50.21752166748047,2100,0.0,0.0,0.0
2017-03-24 00:00:00-04:00,50.13874595563034,50.13874595563034,49.744885304708305,49.754730224609375,1800,0.0,0.0,0.0
2017-03-27 00:00:00-04:00,49.15409072350366,49.85320026276361,49.15409072350366,49.82365798950195,19700,0.0,0.0,0.0
2017-03-28 00:00:00-04:00,49.97135348280963,50.3553691943013,49.70549558496867,50.30613708496094,2800,0.0,0.0,0.0
2017-03-29 00:00:00-04:00,50.059977964081774,50.20767806356131,50.02059077006462,50.187984466552734,12200,0.0,0.0,0.0
2017-03-30 00:00:00-04:00,50.01074431878421,50.49322428413182,50.01074431878421,50.48337936401367,12700,0.0,0.0,0.0
2017-03-31 00:00:00-04:00,50.00089767563242,50.66062003545732,50.00089767563242,50.55230712890625,7500,0.0,0.0,0.0
2017-04-03 00:00:00-04:00,50.53261606970978,50.53261606970978,49.90243595212855,50.08951950073242,6000,0.0,0.0,0.0
2017-04-04 00:00:00-04:00,50.06982657406461,50.09936884983917,49.87289810180664,49.87289810180664,3600,0.0,0.0,0.0
2017-04-05 00:00:00-04:00,50.26675563988061,50.32583643154274,49.53811132356233,49.567649841308594,39100,0.0,0.0,0.0
2017-04-06 00:00:00-04:00,49.46918916818533,49.91228199091587,49.46918916818533,49.83351135253906,23000,0.0,0.0,0.0
2017-04-07 00:00:00-04:00,50.05012944859861,50.05012944859861,49.922122955322266,49.922122955322266,2300,0.0,0.0,0.0
2017-04-10 00:00:00-04:00,50.187984619645526,50.296297525438305,49.902433096404486,50.010746002197266,4900,0.0,0.0,0.0
2017-04-11 00:00:00-04:00,49.90243089961085,50.119056701660156,49.7153473699488,50.119056701660156,5700,0.0,0.0,0.0
2017-04-12 00:00:00-04:00,50.0501349937741,50.13875054951109,49.41995113345442,49.449493408203125,19600,0.0,0.0,0.0
2017-04-13 00:00:00-04:00,49.47902907302397,49.55780345958418,49.28209686279297,49.28209686279297,5200,0.0,0.0,0.0
2017-04-17 00:00:00-04:00,49.41994842812527,49.59718704223633,49.41994842812527,49.59718704223633,9400,0.0,0.0,0.0
2017-04-18 00:00:00-04:00,49.62672580270938,49.764577213667415,49.508564230886,49.73503494262695,11100,0.0,0.0,0.0
2017-04-19 00:00:00-04:00,50.168287125979724,50.197825641203636,50.03043571337575,50.099361419677734,6900,0.0,0.0,0.0
2017-04-20 00:00:00-04:00,50.168284546030094,50.71969016808945,50.15843587068241,50.65076446533203,8200,0.0,0.0,0.0
2017-04-21 00:00:00-04:00,50.58183876257461,50.670458059858305,50.55230024886974,50.65076446533203,2900,0.0,0.0,0.0
2017-04-24 00:00:00-04:00,51.04463818788896,51.22187681490213,51.04463818788896,51.16279602050781,2100,0.0,0.0,0.0
2017-04-25 00:00:00-04:00,51.43850296119733,51.75359302093947,51.43850296119733,51.7043571472168,72400,0.0,0.0,0.0
2017-04-26 00:00:00-04:00,51.54681102148325,51.72404964584142,51.44834678847081,51.55665969848633,7500,0.0,0.0,0.0
2017-04-27 00:00:00-04:00,51.87174687658729,52.01944697408953,51.80282116606478,51.881591796875,9800,0.0,0.0,0.0
2017-04-28 00:00:00-04:00,51.96036574142093,51.96036574142093,51.42864990234375,51.42864990234375,4400,0.0,0.0,0.0
2017-05-01 00:00:00-04:00,51.42865158710378,51.684664594825264,51.379419472132604,51.44834518432617,5000,0.0,0.0,0.0
2017-05-02 00:00:00-04:00,51.45818936742247,51.45818936742247,51.320337945010834,51.34988021850586,7100,0.0,0.0,0.0
2017-05-03 00:00:00-04:00,51.36957263749772,51.36957263749772,50.995405545363845,51.290802001953125,4100,0.0,0.0,0.0
2017-05-04 00:00:00-04:00,51.15294757933134,51.30064392089844,51.09386678900279,51.30064392089844,4300,0.0,0.0,0.0
2017-05-05 00:00:00-04:00,51.61574129062877,52.058837890625,51.61574129062877,52.058837890625,2600,0.0,0.0,0.0
2017-05-08 00:00:00-04:00,52.00959534811682,52.19667887232972,51.89143753051758,51.89143753051758,4800,0.0,0.0,0.0
2017-05-09 00:00:00-04:00,52.07851578746725,52.098209381103516,52.00959008782479,52.098209381103516,7300,0.0,0.0,0.0
2017-05-10 00:00:00-04:00,51.92097606728868,52.44284320505574,51.92097606728868,52.383766174316406,21800,0.0,0.0,0.0
2017-05-11 00:00:00-04:00,52.19668232758132,52.36407602341635,51.94067307980777,52.334537506103516,9700,0.0,0.0,0.0
2017-05-12 00:00:00-04:00,51.99975409809245,52.15729911806607,51.99975409809245,52.06867980957031,21700,0.0,0.0,0.0
2017-05-15 00:00:00-04:00,52.40345876016044,52.63977439090268,52.364071569646995,52.55115509033203,3500,0.0,0.0,0.0
2017-05-16 00:00:00-04:00,52.50192166074433,52.669315338134766,52.4231510378664,52.669315338134766,3000,0.0,0.0,0.0
2017-05-17 00:00:00-04:00,51.92097765336466,51.92097765336466,51.507423400878906,51.507423400878906,4700,0.0,0.0,0.0
2017-05-18 00:00:00-04:00,51.43849769213128,51.61573254593274,51.133252584699356,51.507423400878906,3900,0.0,0.0,0.0
2017-05-19 00:00:00-04:00,51.773278773984565,52.06867519071015,51.773278773984565,51.97020721435547,3800,0.0,0.0,0.0
2017-05-22 00:00:00-04:00,52.09821380400082,52.43299741190104,52.09821380400082,52.37391662597656,5900,0.0,0.0,0.0
2017-05-23 00:00:00-04:00,52.24592105581705,52.53146883652274,52.23607237872769,52.41331100463867,5600,0.0,0.0,0.0
2017-05-24 00:00:00-04:00,52.21636925395135,52.21636925395135,52.02928574125376,52.167137145996094,5500,0.0,0.0,0.0
2017-05-25 00:00:00-04:00,52.33454213319183,52.48223848898395,52.24592281724861,52.34438705444336,5900,0.0,0.0,0.0
2017-05-26 00:00:00-04:00,52.33453795103428,52.33453795103428,52.245918642172796,52.29515075683594,4400,0.0,0.0,0.0
2017-05-30 00:00:00-04:00,52.13760618013686,52.25576400756836,52.13760618013686,52.25576400756836,3800,0.0,0.0,0.0
2017-05-31 00:00:00-04:00,52.03913301807634,52.37391662597656,52.03913301807634,52.37391662597656,7700,0.0,0.0,0.0
2017-06-01 00:00:00-04:00,52.40346190128327,52.9056354638383,52.34438111197173,52.85640335083008,4400,0.0,0.0,0.0
2017-06-02 00:00:00-04:00,53.30934524536133,53.46689026200439,53.240419535340585,53.30934524536133,2500,0.0,0.0,0.0
2017-06-05 00:00:00-04:00,53.38812073396727,53.38812073396727,53.043488420579116,53.05333709716797,16500,0.0,0.0,0.0
2017-06-06 00:00:00-04:00,53.063177899226474,53.063177899226474,52.87609437642346,52.91548156738281,13400,0.0,0.0,0.0
2017-06-07 00:00:00-04:00,52.94502001319888,53.06317782975296,52.77762632992543,53.00410079956055,143200,0.0,0.0,0.0
2017-06-08 00:00:00-04:00,52.81701368380334,53.329035898676594,52.81701368380334,53.319190979003906,4400,0.0,0.0,0.0
2017-06-09 00:00:00-04:00,53.289652168195666,53.82136801311239,53.181339263916016,53.181339263916016,16300,0.0,0.0,0.0
2017-06-12 00:00:00-04:00,52.9844055841488,52.994250503490115,52.55115400974806,52.89578628540039,15900,0.0,0.0,0.0
2017-06-13 00:00:00-04:00,53.289648638247584,53.43734872633052,53.279803718587715,53.40781021118164,6400,0.0,0.0,0.0
2017-06-14 00:00:00-04:00,53.35858249695288,53.39796969394881,53.10257322881902,53.27981185913086,5700,0.0,0.0,0.0
2017-06-15 00:00:00-04:00,52.90563480231809,53.17149271664162,52.80717057753281,53.16164779663086,7000,0.0,0.0,0.0
2017-06-16 00:00:00-04:00,52.99489531323092,53.1823680308481,52.99489531323092,53.11330032348633,2500,0.111,0.0,0.0
2017-06-19 00:00:00-04:00,53.636241243245614,53.83357915806181,53.46850269828417,53.754642486572266,11100,0.0,0.0,0.0
2017-06-20 00:00:00-04:00,53.58690005831991,53.74476961486232,53.350093841552734,53.350093841552734,2500,0.0,0.0,0.0
2017-06-21 00:00:00-04:00,53.27117721444699,53.27117721444699,53.221839904785156,53.221839904785156,2400,0.0,0.0,0.0
2017-06-22 00:00:00-04:00,52.92582714481988,53.03436318798798,52.92582714481988,53.024497985839844,2600,0.0,0.0,0.0
2017-06-23 00:00:00-04:00,52.87649339875436,53.3205027718324,52.87649339875436,53.2317008972168,3300,0.0,0.0,0.0
2017-06-26 00:00:00-04:00,53.488236070679626,53.488236070679626,53.192231084811354,53.27116775512695,3700,0.0,0.0,0.0
2017-06-27 00:00:00-04:00,53.004768318648175,53.01463352163403,52.501556396484375,52.501556396484375,3500,0.0,0.0,0.0
2017-06-28 00:00:00-04:00,52.75809203590148,53.13302993774414,52.75809203590148,53.13302993774414,3200,0.0,0.0,0.0
2017-06-29 00:00:00-04:00,53.3797016245598,53.3797016245598,52.422618933809666,52.52128601074219,2600,0.0,0.0,0.0
2017-06-30 00:00:00-04:00,52.78769376369034,52.78769376369034,52.728491256798996,52.76795959472656,1400,0.0,0.0,0.0
2017-07-03 00:00:00-04:00,53.01462621463724,53.133027453688534,52.89622497558594,52.89622497558594,15800,0.0,0.0,0.0
2017-07-05 00:00:00-04:00,52.71862189320442,53.22182998838524,52.71862189320442,53.18236541748047,6500,0.0,0.0,0.0
2017-07-06 00:00:00-04:00,52.728491651976185,52.93569854569488,52.610090401213995,52.758094787597656,23900,0.0,0.0,0.0
2017-07-07 00:00:00-04:00,52.659413120214516,53.350093841552734,52.659413120214516,53.350093841552734,2400,0.0,0.0,0.0
2017-07-10 00:00:00-04:00,53.320509041581914,53.468509674072266,53.320509041581914,53.468509674072266,1200,0.0,0.0,0.0
2017-07-11 00:00:00-04:00,53.567167848435496,53.58690201421197,53.39942932128906,53.39942932128906,5500,0.0,0.0,0.0
2017-07-12 00:00:00-04:00,54.297319841082754,54.336788177490234,54.22825213432353,54.336788177490234,1900,0.0,0.0,0.0
2017-07-13 00:00:00-04:00,54.1591894214488,54.455194443983316,54.1591894214488,54.405860900878906,4600,0.0,0.0,0.0
2017-07-14 00:00:00-04:00,54.41572370075888,54.83012993255977,54.41572370075888,54.77092742919922,4800,0.0,0.0,0.0
2017-07-17 00:00:00-04:00,54.820266051696564,55.03733437476759,54.77092874908667,54.93866729736328,16900,0.0,0.0,0.0
2017-07-18 00:00:00-04:00,54.879466665902264,54.88933563232422,54.84000209193805,54.88933563232422,2500,0.0,0.0,0.0
2017-07-19 00:00:00-04:00,55.165601568549945,55.4517413468393,55.165601568549945,55.42213821411133,7700,0.0,0.0,0.0
2017-07-20 00:00:00-04:00,55.00773199684836,55.01759719848633,54.89919595929305,55.01759719848633,1300,0.0,0.0,0.0
2017-07-21 00:00:00-04:00,55.007742351562875,55.05707589685438,54.77093606469213,55.047210693359375,2300,0.0,0.0,0.0
2017-07-24 00:00:00-04:00,54.99786772641848,55.205070839491896,54.99786772641848,55.1952018737793,2600,0.0,0.0,0.0
2017-07-25 00:00:00-04:00,55.38267720575422,55.38267720575422,55.0866722067888,55.126136779785156,5400,0.0,0.0,0.0
2017-07-26 00:00:00-04:00,55.392544990567565,55.57014875100871,55.37281082119544,55.461612701416016,4100,0.0,0.0,0.0
2017-07-27 00:00:00-04:00,55.56028526092431,55.629352973901774,55.00773979319651,55.214942932128906,2100,0.0,0.0,0.0
2017-07-28 00:00:00-04:00,55.23467710210934,55.23467710210934,55.04720813315736,55.214942932128906,8700,0.0,0.0,0.0
2017-07-31 00:00:00-04:00,55.39254280515027,55.39254280515027,55.11627197265625,55.11627197265625,2200,0.0,0.0,0.0
2017-08-01 00:00:00-04:00,55.09653204606572,55.09653204606572,55.007730178629124,55.066932678222656,5500,0.0,0.0,0.0
2017-08-02 00:00:00-04:00,54.91893275548676,54.91893275548676,54.18878359037577,54.54399108886719,12100,0.0,0.0,0.0
2017-08-03 00:00:00-04:00,54.43546557752296,54.46506871739625,54.35653265364721,54.366397857666016,4100,0.0,0.0,0.0
2017-08-04 00:00:00-04:00,54.51439854698736,54.56373209153331,54.44533083184139,54.465065002441406,4300,0.0,0.0,0.0
2017-08-07 00:00:00-04:00,54.613057850812076,54.79066159698607,54.55385911135917,54.77092742919922,7900,0.0,0.0,0.0
2017-08-08 00:00:00-04:00,54.65253180685248,55.057072878316774,54.62293243408203,54.62293243408203,4100,0.0,0.0,0.0
2017-08-09 00:00:00-04:00,54.336786700066064,54.51439044516292,54.29731836473174,54.37625503540039,39900,0.0,0.0,0.0
2017-08-10 00:00:00-04:00,54.23812304672404,54.23812304672404,53.47837448120117,53.47837448120117,3800,0.0,0.0,0.0
2017-08-11 00:00:00-04:00,53.646108381539,53.863180472062616,53.646108381539,53.803977966308594,1200,0.0,0.0,0.0
2017-08-14 00:00:00-04:00,54.07038505166191,54.613061528669455,54.07038505166191,54.5735969543457,7600,0.0,0.0,0.0
2017-08-15 00:00:00-04:00,54.563730785136876,54.60319912539194,54.2085232506575,54.297325134277344,3700,0.0,0.0,0.0
2017-08-16 00:00:00-04:00,54.32692122536506,54.563723708366595,54.32692122536506,54.48479080200195,3000,0.0,0.0,0.0
2017-08-17 00:00:00-04:00,54.4749224126578,54.4749224126578,53.45863723754883,53.45863723754883,10500,0.0,0.0,0.0
2017-08-18 00:00:00-04:00,53.27117089501015,53.64610880938582,53.27117089501015,53.38957214355469,3100,0.0,0.0,0.0
2017-08-21 00:00:00-04:00,53.05409975514687,53.25143768220213,53.05409975514687,53.162635803222656,4300,0.0,0.0,0.0
2017-08-22 00:00:00-04:00,53.507970489264856,53.97171401977539,53.507970489264856,53.97171401977539,2900,0.0,0.0,0.0
2017-08-23 00:00:00-04:00,53.72504492406757,53.72504492406757,53.53757220492702,53.60664367675781,3600,0.0,0.0,0.0
2017-08-24 00:00:00-04:00,53.59677545025312,53.64610899032075,53.409306492433004,53.586910247802734,7200,0.0,0.0,0.0
2017-08-25 00:00:00-04:00,53.734909730323785,53.774378067105395,53.50797243969117,53.61650848388672,2200,0.0,0.0,0.0
2017-08-28 00:00:00-04:00,53.51784492930207,53.72504806518555,53.488241792813,53.72504806518555,4200,0.0,0.0,0.0
2017-08-29 00:00:00-04:00,53.52770306979807,53.92237888370982,53.52770306979807,53.91250991821289,14200,0.0,0.0,0.0
2017-08-30 00:00:00-04:00,53.82370923308356,54.7906608581543,53.82370923308356,54.7906608581543,2200,0.0,0.0,0.0
2017-08-31 00:00:00-04:00,55.037334903704746,55.21493865586556,54.9386678253522,55.126136779785156,3600,0.0,0.0,0.0
2017-09-01 00:00:00-04:00,55.323473131306045,55.47147750854492,55.30373896341368,55.47147750854492,13200,0.0,0.0,0.0
2017-09-05 00:00:00-04:00,55.55042042805739,55.55042042805739,54.8992078258721,55.10641098022461,3200,0.0,0.0,0.0
2017-09-06 00:00:00-04:00,54.859737951780126,55.116278409549125,54.859737951780126,55.047210693359375,1500,0.0,0.0,0.0
2017-09-07 00:00:00-04:00,54.90906771830648,55.145870208740234,54.90906771830648,55.145870208740234,1900,0.0,0.0,0.0
2017-09-08 00:00:00-04:00,55.38267978783548,55.50108104016026,55.31361207698702,55.461612701416016,5100,0.0,0.0,0.0
2017-09-11 00:00:00-04:00,55.69841903553835,56.00428925139642,55.69841903553835,55.96482467651367,4800,0.0,0.0,0.0
2017-09-12 00:00:00-04:00,56.15228979287226,56.369361877441406,56.15228979287226,56.369361877441406,2900,0.0,0.0,0.0
2017-09-13 00:00:00-04:00,55.85629534985823,55.99443078834422,55.74775928707398,55.787227630615234,4000,0.0,0.0,0.0
2017-09-14 00:00:00-04:00,55.72801516036785,55.77734869902756,55.688546823877,55.74774932861328,700,0.0,0.0,0.0
2017-09-15 00:00:00-04:00,55.15574243977865,55.90562205575224,55.15574243977865,55.866153717041016,7400,0.0,0.0,0.0
2017-09-18 00:00:00-04:00,56.48362067904201,56.662017822265625,56.48362067904201,56.662017822265625,1700,0.253,0.0,0.0
2017-09-19 00:00:00-04:00,56.95935755824224,56.98908978653504,56.88997983835759,56.91971206665039,2400,0.0,0.0,0.0
2017-09-20 00:00:00-04:00,56.97917175292969,56.98908123393941,56.870148557814765,56.97917175292969,3400,0.0,0.0,0.0
2017-09-21 00:00:00-04:00,56.850328673537426,57.038639068603516,56.850328673537426,57.038639068603516,6800,0.0,0.0,0.0
2017-09-22 00:00:00-04:00,56.959349638596414,57.01881408691406,56.88997192835806,57.01881408691406,3400,0.0,0.0,0.0
2017-09-25 00:00:00-04:00,56.622380049065676,56.622380049065676,56.26557817621225,56.493534088134766,4800,0.0,0.0,0.0
2017-09-26 00:00:00-04:00,56.78094750242869,56.78094750242869,56.572814376220826,56.771034240722656,2300,0.0,0.0,0.0
2017-09-27 00:00:00-04:00,56.92961966360636,57.53420015755043,56.92961966360636,57.44499969482422,6900,0.0,0.0,0.0
2017-09-28 00:00:00-04:00,57.0981091732963,57.42517500501514,57.0981091732963,57.32606506347656,2600,0.0,0.0,0.0
2017-09-29 00:00:00-04:00,57.54411250014271,57.59366747179755,57.415266549198535,57.50446701049805,3900,0.0,0.0,0.0
2017-10-02 00:00:00-04:00,57.464820388734175,57.900909423828125,57.464820388734175,57.900909423828125,20900,0.0,0.0,0.0
2017-10-03 00:00:00-04:00,57.910824910393,58.327091217041016,57.900911647395446,58.327091217041016,6700,0.0,0.0,0.0
2017-10-04 00:00:00-04:00,58.118955210119815,58.26762390136719,58.10904572841086,58.26762390136719,2800,0.0,0.0,0.0
2017-10-05 00:00:00-04:00,58.34691146667138,58.49558015885955,58.31717924055451,58.40637969970703,3600,0.0,0.0,0.0
2017-10-06 00:00:00-04:00,58.45593932448529,58.59469476514774,58.45593932448529,58.51540756225586,2300,0.0,0.0,0.0
2017-10-09 00:00:00-04:00,58.713624810072545,58.82264422950825,58.67397932256768,58.763179779052734,3800,0.0,0.0,0.0
2017-10-10 00:00:00-04:00,59.01095736318181,59.01095736318181,58.416286403510426,58.58477783203125,6300,0.0,0.0,0.0
2017-10-11 00:00:00-04:00,58.63433280013677,58.63433280013677,58.525309601823594,58.58477783203125,3500,0.0,0.0,0.0
2017-10-12 00:00:00-04:00,58.43611156992478,59.14971523879883,58.43611156992478,59.08033752441406,3700,0.0,0.0,0.0
2017-10-13 00:00:00-04:00,59.09024615940333,59.09024615940333,58.91184524474118,58.9713134765625,1500,0.0,0.0,0.0
2017-10-16 00:00:00-04:00,58.8226456302976,59.08033752441406,58.812736148586296,59.08033752441406,3400,0.0,0.0,0.0
2017-10-17 00:00:00-04:00,58.94157974062409,59.040689676984705,58.79291105528146,58.8226432800293,3600,0.0,0.0,0.0
2017-10-18 00:00:00-04:00,58.85238163703527,59.08033752441406,58.85238163703527,59.08033752441406,1800,0.0,0.0,0.0
2017-10-19 00:00:00-04:00,58.63433364881441,58.69380187988281,58.208154111495304,58.69380187988281,3700,0.0,0.0,0.0
2017-10-20 00:00:00-04:00,58.86229590489618,59.684922843492544,58.86229590489618,59.66510009765625,4700,0.0,0.0,0.0
2017-10-23 00:00:00-04:00,59.59571743299267,59.85340554587982,59.59571743299267,59.655181884765625,3300,0.0,0.0,0.0
2017-10-24 00:00:00-04:00,59.82367390819964,59.93269711192449,59.7642056750401,59.863319396972656,4500,0.0,0.0,0.0
2017-10-25 00:00:00-04:00,59.69482523307646,59.714647976557416,58.961402628289704,59.46686935424805,3000,0.0,0.0,0.0
2017-10-26 00:00:00-04:00,59.56597995323208,59.58580269693347,59.31820132816738,59.50651550292969,2800,0.0,0.0,0.0
2017-10-27 00:00:00-04:00,59.397495998971124,59.684920129323515,59.199272330424584,59.67500686645508,3200,0.0,0.0,0.0
2017-10-30 00:00:00-04:00,59.44705444718906,59.526345431565176,59.070429833006976,59.12989807128906,8400,0.0,0.0,0.0
2017-10-31 00:00:00-04:00,59.19927719944513,60.35888329829634,59.19927719944513,60.09128189086914,7000,0.0,0.0,0.0
2017-11-01 00:00:00-04:00,60.130914625329986,60.130914625329986,59.258736591494376,59.60562515258789,6200,0.0,0.0,0.0
2017-11-02 00:00:00-04:00,59.318206787109375,59.35785227816065,59.169541866870276,59.318206787109375,4400,0.0,0.0,0.0
2017-11-03 00:00:00-04:00,59.516425714897,59.754294861431546,59.37767028808594,59.37767028808594,5300,0.0,0.0,0.0
2017-11-06 00:00:00-05:00,59.328112734961756,59.67500128688285,59.328112734961756,59.62544631958008,45500,0.0,0.0,0.0
2017-11-07 00:00:00-05:00,59.506515316095914,59.506515316095914,59.24882342958872,59.437137603759766,3500,0.0,0.0,0.0
2017-11-08 00:00:00-05:00,59.21908555758412,59.59571008921072,59.14970785186362,59.55606460571289,2800,0.0,0.0,0.0
2017-11-09 00:00:00-05:00,59.169537425868086,59.169537425868086,58.44602428209552,58.8722038269043,21200,0.0,0.0,0.0
2017-11-10 00:00:00-05:00,58.76317496557969,58.99113082885742,58.76317496557969,58.99113082885742,1900,0.0,0.0,0.0
2017-11-13 00:00:00-05:00,58.911847955231494,58.97131618978891,58.72353755033601,58.96140670776367,3200,0.0,0.0,0.0
2017-11-14 00:00:00-05:00,58.81273530584079,59.04069118995314,58.81273530584079,58.9713134765625,12400,0.0,0.0,0.0
2017-11-15 00:00:00-05:00,58.327094020660994,58.69380915315642,58.28745230917148,58.5550537109375,5900,0.0,0.0,0.0
2017-11-16 00:00:00-05:00,59.30829147385955,59.466869641671934,59.2587365053185,59.367759704589844,5700,0.0,0.0,0.0
2017-11-17 00:00:00-05:00,59.119975571995774,59.199262758112724,59.02086186334783,59.14970779418945,5100,0.0,0.0,0.0
2017-11-20 00:00:00-05:00,59.6056202349789,59.66508846088941,59.45695534140479,59.59571075439453,5600,0.0,0.0,0.0
2017-11-21 00:00:00-05:00,59.97232990669503,60.23993124493865,59.87321998029429,60.19037628173828,20000,0.0,0.0,0.0
2017-11-22 00:00:00-05:00,60.21020356320431,60.21020356320431,59.91286998078091,60.0615348815918,27900,0.0,0.0,0.0
2017-11-24 00:00:00-05:00,60.21021187045227,60.21021187045227,60.05163368589387,60.10118865966797,2000,0.0,0.0,0.0
2017-11-27 00:00:00-05:00,59.893048183152196,60.210204513516466,59.893048183152196,60.002071380615234,6200,0.0,0.0,0.0
2017-11-28 00:00:00-05:00,60.289502630045305,60.84452438354492,60.150743410868266,60.84452438354492,3500,0.0,0.0,0.0
2017-11-29 00:00:00-05:00,60.98327402675369,60.98327402675369,60.10118272593546,60.31922912597656,36900,0.0,0.0,0.0
2017-11-30 00:00:00-05:00,60.9138988354251,61.10221301809205,60.9138988354251,61.05265426635742,8600,0.0,0.0,0.0
2017-12-01 00:00:00-05:00,61.03283578383836,61.03283578383836,59.179448853766665,60.210208892822266,7200,0.0,0.0,0.0
2017-12-04 00:00:00-05:00,60.81478777187224,60.81478777187224,59.813759985806165,59.823673248291016,4700,0.0,0.0,0.0
2017-12-05 00:00:00-05:00,59.77411563994878,59.853402832318714,59.25873565673828,59.25873565673828,6400,0.0,0.0,0.0
2017-12-06 00:00:00-05:00,59.367755417563586,59.45695586681688,59.288464448982225,59.39748764038086,80200,0.0,0.0,0.0
2017-12-07 00:00:00-05:00,59.45695970864748,59.932694208470956,59.45695970864748,59.80384826660156,3800,0.0,0.0,0.0
2017-12-08 00:00:00-05:00,60.2201146588928,60.2201146588928,59.95251707409805,60.041717529296875,5000,0.0,0.0,0.0
2017-12-11 00:00:00-05:00,59.823675563065486,59.823675563065486,59.65518412152022,59.67500686645508,3500,0.0,0.0,0.0
2017-12-12 00:00:00-05:00,59.58580296769849,59.863317599977215,59.58580296769849,59.813758850097656,4300,0.0,0.0,0.0
2017-12-13 00:00:00-05:00,60.121003110397126,60.26967179200964,60.0218931765232,60.0615348815918,7900,0.0,0.0,0.0
2017-12-14 00:00:00-05:00,60.091277990702295,60.10118747294059,59.447052001953125,59.447052001953125,6200,0.0,0.0,0.0
2017-12-15 00:00:00-05:00,59.863317362983146,60.31922912597656,59.863317362983146,60.31922912597656,2000,0.0,0.0,0.0
2017-12-18 00:00:00-05:00,60.78505695855995,60.95354461669922,60.76523421393146,60.95354461669922,10900,0.0,0.0,0.0
2017-12-19 00:00:00-05:00,61.03284257879218,61.03284257879218,60.89408335051543,60.91390609741211,2000,0.0,0.0,0.0
2017-12-20 00:00:00-05:00,61.11212279292522,61.11212279292522,60.93372187207073,60.95354461669922,6300,0.0,0.0,0.0
2017-12-21 00:00:00-05:00,61.00309940414011,61.04274489327769,60.78505677548728,60.8841667175293,9400,0.0,0.0,0.0
2017-12-22 00:00:00-05:00,60.46789572633995,60.57691892941426,60.448076762873605,60.53727722167969,3100,0.0,0.0,0.0
2017-12-26 00:00:00-05:00,60.953544062353004,60.953544062353004,60.230030903601794,60.339054107666016,4600,0.0,0.0,0.0
2017-12-27 00:00:00-05:00,60.53727722167969,60.606654936217545,60.477808988875005,60.53727722167969,5500,0.0,0.0,0.0
2017-12-28 00:00:00-05:00,60.50753639731651,60.765228271484375,60.487713654626546,60.765228271484375,4300,0.0,0.0,0.0
2017-12-29 00:00:00-05:00,60.993189737032715,60.993189737032715,60.40843200683594,60.40843200683594,3200,0.0,0.0,0.0
2018-01-02 00:00:00-05:00,60.814788817257295,60.814788817257295,60.29940880243963,60.40843200683594,4400,0.0,0.0,0.0
2018-01-03 00:00:00-05:00,60.49762813971991,61.03283086076658,60.49762813971991,61.01300811767578,6700,0.0,0.0,0.0
2018-01-04 00:00:00-05:00,61.11212455707992,61.29052548308441,60.99319186667762,61.00310134887695,2600,0.0,0.0,0.0
2018-01-05 00:00:00-05:00,61.22114359274889,61.67705535888672,61.22114359274889,61.67705535888672,6700,0.0,0.0,0.0
2018-01-08 00:00:00-05:00,61.776175028750274,62.311374041038384,61.776175028750274,62.271732330322266,2600,0.0,0.0,0.0
2018-01-09 00:00:00-05:00,62.569055225269935,62.658255675488185,62.549232482910156,62.549232482910156,11200,0.0,0.0,0.0
2018-01-10 00:00:00-05:00,62.24199044371731,62.24199044371731,61.91492462158203,61.91492462158203,16200,0.0,0.0,0.0
2018-01-11 00:00:00-05:00,62.24199629691965,62.6780891418457,62.24199629691965,62.6780891418457,4700,0.0,0.0,0.0
2018-01-12 00:00:00-05:00,62.935768161907426,63.371857162885604,62.935768161907426,63.342124938964844,67000,0.0,0.0,0.0
2018-01-16 00:00:00-05:00,63.81786128016171,63.81786128016171,62.747459599092146,62.816837310791016,10000,0.0,0.0,0.0
2018-01-17 00:00:00-05:00,63.21327846939237,63.540348052978516,63.21327846939237,63.540348052978516,1300,0.0,0.0,0.0
2018-01-18 00:00:00-05:00,63.53044157787963,63.62955152123777,63.39168614485743,63.431331634521484,3300,0.0,0.0,0.0
2018-01-19 00:00:00-05:00,63.91698805986017,64.01609802246094,63.88725582724048,64.01609802246094,2200,0.0,0.0,0.0
2018-01-22 00:00:00-05:00,63.65930179026911,63.92689943755257,63.56018426898873,63.89716720581055,2400,0.0,0.0,0.0
2018-01-23 00:00:00-05:00,63.89715071688027,63.89715071688027,63.64937210083008,63.64937210083008,2600,0.0,0.0,0.0
2018-01-24 00:00:00-05:00,63.8377007830296,64.02600743215136,63.57009558235421,63.778228759765625,4200,0.0,0.0,0.0
2018-01-25 00:00:00-05:00,63.84759351640577,63.84759351640577,63.441240508269004,63.629547119140625,5900,0.0,0.0,0.0
2018-01-26 00:00:00-05:00,63.63945881023054,64.28368472399107,63.63945881023054,64.2242202758789,4900,0.0,0.0,0.0
2018-01-29 00:00:00-05:00,64.02600312243575,64.07556187821899,63.80795669555664,63.80795669555664,4000,0.0,0.0,0.0
2018-01-30 00:00:00-05:00,63.50071001035888,63.64937870774171,63.31239960370239,63.470977783203125,5500,0.0,0.0,0.0
2018-01-31 00:00:00-05:00,63.97644050632637,63.97644050632637,63.124077697138006,63.23310089111328,20900,0.0,0.0,0.0
2018-02-01 00:00:00-05:00,63.07452345240951,63.68901713806168,63.07452345240951,63.10425567626953,4300,0.0,0.0,0.0
2018-02-02 00:00:00-05:00,62.78710690392119,62.78710690392119,62.04377097160578,62.05368423461914,4200,0.0,0.0,0.0
2018-02-05 00:00:00-05:00,61.55812202272598,62.063588752718154,59.17944571725257,59.437137603759766,13900,0.0,0.0,0.0
2018-02-06 00:00:00-05:00,58.257709608130384,60.28949737548828,56.94943875918686,60.28949737548828,29500,0.0,0.0,0.0
2018-02-07 00:00:00-05:00,60.62647350371902,60.81478768263632,60.339053165711626,60.804874420166016,25300,0.0,0.0,0.0
2018-02-08 00:00:00-05:00,59.972343898730514,59.972343898730514,57.84144973754883,57.84144973754883,5400,0.0,0.0,0.0
2018-02-09 00:00:00-05:00,58.47575556476831,59.05060379018987,56.95935158794529,58.93166732788086,6000,0.0,0.0,0.0
2018-02-12 00:00:00-05:00,59.35784681557016,59.83358132199817,58.93166727799475,59.50651550292969,7400,0.0,0.0,0.0
2018-02-13 00:00:00-05:00,59.19927178213376,59.87322998046875,59.19927178213376,59.87322998046875,3600,0.0,0.0,0.0
2018-02-14 00:00:00-05:00,60.39851689209519,60.933719635009766,60.239938721691075,60.933719635009766,7500,0.0,0.0,0.0
2018-02-15 00:00:00-05:00,61.19141136737523,61.67705535888672,61.022919935053636,61.67705535888672,5100,0.0,0.0,0.0
2018-02-16 00:00:00-05:00,61.478832255816116,62.15279042957894,61.478832255816116,61.885189056396484,3600,0.0,0.0,0.0
2018-02-20 00:00:00-05:00,61.80590421009458,61.80590421009458,61.250878698606684,61.330169677734375,8100,0.0,0.0,0.0
2018-02-21 00:00:00-05:00,61.77616889152944,62.0239475176996,61.6076774597168,61.6076774597168,8400,0.0,0.0,0.0
2018-02-22 00:00:00-05:00,61.75634754360735,61.766257025325345,61.48874616759881,61.51847839355469,1200,0.0,0.0,0.0
2018-02-23 00:00:00-05:00,61.44909957841019,61.508567810058594,61.151765981771796,61.508567810058594,4400,0.0,0.0,0.0
2018-02-26 00:00:00-05:00,61.9248392968217,62.232086181640625,61.75635163085147,62.232086181640625,5900,0.0,0.0,0.0
2018-02-27 00:00:00-05:00,62.10323978436598,62.33119568536471,61.44910430908203,61.44910430908203,7500,0.0,0.0,0.0
2018-02-28 00:00:00-05:00,61.795988764003965,61.795988764003965,61.14185333251953,61.14185333251953,2100,0.0,0.0,0.0
2018-03-01 00:00:00-05:00,60.31922720422393,60.31922720422393,59.62544631958008,59.62544631958008,2100,0.0,0.0,0.0
2018-03-02 00:00:00-05:00,58.97131505774901,59.863319654976905,58.97131505774901,59.76420593261719,2000,0.0,0.0,0.0
2018-03-05 00:00:00-05:00,59.37767360600437,60.22011947631836,59.35785086095201,60.22011947631836,3500,0.0,0.0,0.0
2018-03-06 00:00:00-05:00,60.74540874911158,60.74540874911158,60.07145058513056,60.55709457397461,2900,0.0,0.0,0.0
2018-03-07 00:00:00-05:00,60.20030023535448,61.1319465637207,60.20030023535448,61.1319465637207,2700,0.0,0.0,0.0
2018-03-08 00:00:00-05:00,61.25087175788874,61.25087175788874,60.62646860082012,60.794960021972656,2000,0.0,0.0,0.0
2018-03-09 00:00:00-05:00,61.49865584449595,62.400569915771484,61.47883310019516,62.400569915771484,8000,0.0,0.0,0.0
2018-03-12 00:00:00-04:00,62.4104843160104,62.4104843160104,61.99421423970936,62.004127502441406,1000,0.0,0.0,0.0
2018-03-13 00:00:00-04:00,62.27172578480743,62.301458009919834,61.84554624778798,61.87527847290039,2000,0.0,0.0,0.0
2018-03-14 00:00:00-04:00,61.27069744521052,61.488743842781226,61.26078796386719,61.26078796386719,1400,0.0,0.0,0.0
2018-03-15 00:00:00-04:00,61.26078796386719,61.26078796386719,61.26078796386719,61.26078796386719,600,0.0,0.0,0.0
2018-03-16 00:00:00-04:00,61.24096724687585,61.75634725222333,61.1814990144428,61.61758804321289,5200,0.0,0.0,0.0
2018-03-19 00:00:00-04:00,61.24096752916249,61.24096752916249,60.53727712240287,61.11212158203125,4700,0.0,0.0,0.0
2018-03-20 00:00:00-04:00,61.250875633103476,61.6076774597168,61.240966151609456,61.6076774597168,3000,0.0,0.0,0.0
2018-03-21 00:00:00-04:00,61.40945417319963,61.88518868462098,61.33016697836364,61.74643325805664,2600,0.0,0.0,0.0
2018-03-22 00:00:00-04:00,60.97336897637195,60.97336897637195,59.71465301513672,59.71465301513672,4200,0.0,0.0,0.0
2018-03-23 00:00:00-04:00,60.97336414689993,60.97336414689993,59.53624737391342,59.77411651611328,3300,0.0,0.0,0.0
2018-03-26 00:00:00-04:00,59.94261047510956,60.12101140533804,59.2190972717617,60.10118865966797,2900,0.0,0.0,0.0
2018-03-27 00:00:00-04:00,60.07144890978338,60.07144890978338,58.95148849487305,58.95148849487305,1300,0.0,0.0,0.0
2018-03-28 00:00:00-04:00,58.812737723137964,58.812737723137964,58.47575862390373,58.65415954589844,22600,0.0,0.0,0.0
2018-03-29 00:00:00-04:00,59.080341140626366,59.90296428188371,58.941585703363835,59.417320251464844,12600,0.0,0.0,0.0
2018-04-02 00:00:00-04:00,59.437136936566496,59.437136936566496,57.61348613105485,58.00992965698242,12100,0.0,0.0,0.0
2018-04-03 00:00:00-04:00,58.19825184191613,58.604608685901084,58.19825184191613,58.5550537109375,2200,0.0,0.0,0.0
2018-04-04 00:00:00-04:00,58.10904527482959,59.110069274902344,58.09913201239614,59.110069274902344,3900,0.0,0.0,0.0
2018-04-05 00:00:00-04:00,59.46686686630756,59.86331415773691,59.46686686630756,59.54615783691406,2800,0.0,0.0,0.0
2018-04-06 00:00:00-04:00,59.45695985059148,59.45695985059148,59.06051254272461,59.06051254272461,900,0.0,0.0,0.0
2018-04-09 00:00:00-04:00,58.78300269367659,59.11998177684392,58.42620086669922,58.42620086669922,2800,0.0,0.0,0.0
2018-04-10 00:00:00-04:00,58.951492311436375,59.47678180711978,58.93166956696505,59.35784912109375,2700,0.0,0.0,0.0
2018-04-11 00:00:00-04:00,59.21909350374583,59.21909350374583,58.88211441040039,58.88211441040039,1100,0.0,0.0,0.0
2018-04-12 00:00:00-04:00,59.090248576402814,59.902962207194655,59.090248576402814,59.87322998046875,7700,0.0,0.0,0.0
2018-04-13 00:00:00-04:00,59.922785802864915,59.922785802864915,59.46687400951777,59.575897216796875,1900,0.0,0.0,0.0
2018-04-16 00:00:00-04:00,60.1309154245358,60.28949737548828,60.11109646146855,60.28949737548828,1500,0.0,0.0,0.0
2018-04-17 00:00:00-04:00,60.69585825027083,61.00310134887695,60.626476751667255,61.00310134887695,7900,0.0,0.0,0.0
2018-04-18 00:00:00-04:00,61.40945444966112,61.40945444966112,60.90398771050093,61.240966796875,3600,0.0,0.0,0.0
2018-04-19 00:00:00-04:00,60.676029833412734,60.77513976935006,60.676029833412734,60.71567153930664,1600,0.0,0.0,0.0
2018-04-20 00:00:00-04:00,60.25976536344068,60.408434061911834,60.25976536344068,60.35887908935547,1400,0.0,0.0,0.0
2018-04-23 00:00:00-04:00,60.348954432460275,60.348954432460275,59.97232990669503,60.19037628173828,1000,0.0,0.0,0.0
2018-04-24 00:00:00-04:00,60.0813642811314,60.0813642811314,57.82162426738786,58.257713317871094,4000,0.0,0.0,0.0
2018-04-25 00:00:00-04:00,58.515402903204766,58.515402903204766,58.138778322249465,58.40637969970703,800,0.0,0.0,0.0
2018-04-26 00:00:00-04:00,58.019840772495684,58.247796642150604,57.63330674217641,57.821617126464844,3100,0.0,0.0,0.0
2018-04-27 00:00:00-04:00,58.16850500366521,58.16850500366521,57.7819709777832,57.7819709777832,22600,0.0,0.0,0.0
2018-04-30 00:00:00-04:00,58.21807461934564,58.21807461934564,57.66304906936947,57.74233627319336,7800,0.0,0.0,0.0
2018-05-01 00:00:00-04:00,56.98908585943344,57.08819580078125,56.41423761337075,57.08819580078125,5500,0.0,0.0,0.0
2018-05-02 00:00:00-04:00,57.12784158204095,57.47473394013764,56.959353924726905,56.98908615112305,8400,0.0,0.0,0.0
2018-05-03 00:00:00-04:00,56.83051270005228,57.14766907731643,56.39442362651463,56.929622650146484,2400,0.0,0.0,0.0
2018-05-04 00:00:00-04:00,56.62237356013971,57.41526441961407,56.334949442079676,57.31615447998047,1900,0.0,0.0,0.0
2018-05-07 00:00:00-04:00,57.86126837468155,58.09913374896814,57.86126837468155,57.940555572509766,8300,0.0,0.0,0.0
2018-05-08 00:00:00-04:00,57.87118025157991,58.48567023818626,57.87118025157991,58.43611526489258,4300,0.0,0.0,0.0
2018-05-09 00:00:00-04:00,59.08034497777588,59.308300893912765,59.00105399087487,59.01096725463867,2000,0.0,0.0,0.0
2018-05-10 00:00:00-04:00,59.189365066173,59.84350055032553,59.189365066173,59.69483184814453,4000,0.0,0.0,0.0
2018-05-11 00:00:00-04:00,59.982251420831936,60.11109736752202,59.63535906909739,59.823673248291016,6100,0.0,0.0,0.0
2018-05-14 00:00:00-04:00,59.793938473778454,59.813757436299674,59.377668425600504,59.49660110473633,3500,0.0,0.0,0.0
2018-05-15 00:00:00-04:00,59.21909240630345,59.42722554753568,59.15962417417917,59.278560638427734,2000,0.0,0.0,0.0
2018-05-16 00:00:00-04:00,59.67500222613152,59.99215855882313,59.51642405978571,59.97233581542969,3300,0.0,0.0,0.0
2018-05-17 00:00:00-04:00,59.92278040762332,60.210204513516466,59.80384772893714,60.002071380615234,2300,0.0,0.0,0.0
2018-05-18 00:00:00-04:00,60.23003108706052,60.43816423319786,60.23003108706052,60.40843200683594,3700,0.0,0.0,0.0
2018-05-21 00:00:00-04:00,60.418339751247295,61.3202538060415,60.418339751247295,61.17158889770508,4500,0.0,0.0,0.0
2018-05-22 00:00:00-04:00,60.963459173411486,60.963459173411486,60.388614654541016,60.388614654541016,1500,0.0,0.0,0.0
2018-05-23 00:00:00-04:00,59.615536398357506,60.0615348815918,59.615536398357506,60.0615348815918,16300,0.0,0.0,0.0
2018-05-24 00:00:00-04:00,60.06154193877059,60.66612243652344,60.06154193877059,60.66612243652344,1700,0.0,0.0,0.0
2018-05-25 00:00:00-04:00,60.29940946048168,60.44807815551758,60.2894999785202,60.44807815551758,2400,0.0,0.0,0.0
2018-05-29 00:00:00-04:00,60.02189327164527,60.031802752727714,59.68491420281761,59.89304733276367,2200,0.0,0.0,0.0
2018-05-30 00:00:00-04:00,59.912871228129816,60.71567153930664,59.912871228129816,60.71567153930664,1400,0.0,0.0,0.0
2018-05-31 00:00:00-04:00,60.1705646969422,60.319233394910356,59.883140563964844,59.883140563964844,900,0.0,0.0,0.0
2018-06-01 00:00:00-04:00,60.695848851363955,60.7949587812181,60.54718017578125,60.54718017578125,2400,0.0,0.0,0.0
2018-06-04 00:00:00-04:00,60.90399169921875,60.90399169921875,60.90399169921875,60.90399169921875,600,0.0,0.0,0.0
2018-06-05 00:00:00-04:00,61.12203330083908,61.20132428068404,60.874254660026594,61.1319465637207,3100,0.0,0.0,0.0
2018-06-06 00:00:00-04:00,61.22114240005639,61.83563232421875,61.17158743179844,61.83563232421875,67700,0.0,0.0,0.0
2018-06-07 00:00:00-04:00,61.74643512766227,61.89510382108374,61.459011003475126,61.62750244140625,4800,0.0,0.0,0.0
2018-06-08 00:00:00-04:00,61.64733194252583,61.924842834472656,61.57795421953912,61.924842834472656,1300,0.0,0.0,0.0
2018-06-11 00:00:00-04:00,61.845550131177575,62.15279322543617,61.845550131177575,62.1131477355957,1400,0.0,0.0,0.0
2018-06-12 00:00:00-04:00,61.75634634881755,62.2519036027714,61.75634634881755,62.083412170410156,2900,0.0,0.0,0.0
2018-06-13 00:00:00-04:00,61.82572823492103,61.82572823492103,61.81581497192383,61.81581497192383,700,0.0,0.0,0.0
2018-06-14 00:00:00-04:00,62.02395190604231,62.02395190604231,61.73652777195655,61.81581497192383,2200,0.0,0.0,0.0
2018-06-15 00:00:00-04:00,61.45900870375733,61.77616882324219,61.40945373473843,61.77616882324219,1900,0.0,0.0,0.0
2018-06-18 00:00:00-04:00,61.523216106474266,61.70177459716797,61.45377711388686,61.70177459716797,4300,0.055,0.0,0.0
2018-06-19 00:00:00-04:00,60.46178031649921,60.818897257342904,60.35266083078132,60.79905700683594,1600,0.0,0.0,0.0
2018-06-20 00:00:00-04:00,60.91809449461992,61.16609194880485,60.91809449461992,61.106571197509766,2900,0.0,0.0,0.0
2018-06-21 00:00:00-04:00,60.670105222047766,60.80898320965706,60.362586975097656,60.362586975097656,5100,0.0,0.0,0.0
2018-06-22 00:00:00-04:00,60.957771603313475,60.957771603313475,60.45185470581055,60.45185470581055,1600,0.0,0.0,0.0
2018-06-25 00:00:00-04:00,60.05506963636575,60.05506963636575,59.102760237670886,59.1821174621582,1000,0.0,0.0,0.0
2018-06-26 00:00:00-04:00,59.44002912341982,59.62850961400437,59.3904303884758,59.50947189331055,1100,0.0,0.0,0.0
2018-06-27 00:00:00-04:00,60.00547120842661,60.00547120842661,58.79524230957031,58.79524230957031,4400,0.0,0.0,0.0
2018-06-28 00:00:00-04:00,58.517478893805524,58.596836108596904,58.3984373954074,58.55715560913086,2100,0.0,0.0,0.0
2018-06-29 00:00:00-04:00,59.27138878396515,59.62850570678711,59.27138878396515,59.62850570678711,3700,0.0,0.0,0.0
2018-07-02 00:00:00-04:00,58.69604455374718,59.1622810493431,58.69604455374718,59.14244079589844,9000,0.0,0.0,0.0
2018-07-03 00:00:00-04:00,59.63843194469002,59.63843194469002,59.05315775020216,59.122596740722656,4900,0.0,0.0,0.0
2018-07-05 00:00:00-04:00,59.20195753480884,59.410274505615234,59.20195753480884,59.410274505615234,77900,0.0,0.0,0.0
2018-07-06 00:00:00-04:00,59.55907051544307,59.86658494199807,59.43011077752015,59.638427734375,3100,0.0,0.0,0.0
2018-07-09 00:00:00-04:00,59.340827171781854,60.590736389160156,59.340827171781854,60.590736389160156,3500,0.0,0.0,0.0
2018-07-10 00:00:00-04:00,60.560989366060284,60.58082962036133,60.46179187869662,60.58082962036133,1600,0.0,0.0,0.0
2018-07-11 00:00:00-04:00,60.0153846842805,60.13442240426012,59.96578594963407,59.99554443359375,1400,0.0,0.0,0.0
2018-07-12 00:00:00-04:00,60.35266479402795,60.63042075108349,60.35266479402795,60.541141510009766,3100,0.0,0.0,0.0
2018-07-13 00:00:00-04:00,60.93793872393143,60.93793872393143,60.799060745982516,60.87841796875,9400,0.0,0.0,0.0
2018-07-16 00:00:00-04:00,60.93793525055636,60.94785348378406,60.41218185424805,60.41218185424805,4300,0.0,0.0,0.0
2018-07-17 00:00:00-04:00,60.689937400875536,60.97761535644531,60.67009715040788,60.97761535644531,2300,0.0,0.0,0.0
2018-07-18 00:00:00-04:00,61.056976111017875,61.41409307184072,61.056976111017875,61.34465408325195,16200,0.0,0.0,0.0
2018-07-19 00:00:00-04:00,61.49344620300889,61.79104237086856,61.49344620300889,61.69184112548828,2300,0.0,0.0,0.0
2018-07-20 00:00:00-04:00,61.68193047704769,61.979526681497944,61.68193047704769,61.771209716796875,2400,0.0,0.0,0.0
2018-07-23 00:00:00-04:00,61.82080099795987,61.82080099795987,61.41408535129463,61.46368408203125,2100,0.0,0.0,0.0
2018-07-24 00:00:00-04:00,61.57281175343167,61.57281175343167,60.739540100097656,60.739540100097656,600,0.0,0.0,0.0
2018-07-25 00:00:00-04:00,60.96770050019997,61.53313446044922,60.779223774830655,61.53313446044922,3700,0.0,0.0,0.0
2018-07-26 00:00:00-04:00,61.68192660860441,61.87040330996949,61.672004591398405,61.8604850769043,11700,0.0,0.0,0.0
2018-07-27 00:00:00-04:00,62.039043996651806,62.039043996651806,61.205772399902344,61.205772399902344,2400,0.0,0.0,0.0
2018-07-30 00:00:00-04:00,60.97761936945736,60.97761936945736,60.630420639635034,60.709781646728516,2200,0.0,0.0,0.0
2018-07-31 00:00:00-04:00,60.5113784871585,61.74144751814893,60.5113784871585,61.632328033447266,11300,0.0,0.0,0.0
2018-08-01 00:00:00-04:00,61.65216856389414,61.65216856389414,61.12641138831915,61.22561264038086,1300,0.0,0.0,0.0
2018-08-02 00:00:00-04:00,61.17601343775488,61.900169372558594,61.17601343775488,61.900169372558594,3000,0.0,0.0,0.0
2018-08-03 00:00:00-04:00,61.176013490995004,61.90016942642893,61.176013490995004,61.83073043823242,1400,0.0,0.0,0.0
2018-08-06 00:00:00-04:00,62.00928097276919,62.35647967459628,61.999362739752776,62.32672119140625,2500,0.0,0.0,0.0
2018-08-07 00:00:00-04:00,62.614395093545944,62.71359634399414,62.604476860571516,62.71359634399414,2000,0.0,0.0,0.0
2018-08-08 00:00:00-04:00,62.51520159034128,62.51520159034128,62.416000333604295,62.475521087646484,2600,0.0,0.0,0.0
2018-08-09 00:00:00-04:00,62.296962534948975,62.69375999313899,62.296962534948975,62.58464050292969,6500,0.0,0.0,0.0
2018-08-10 00:00:00-04:00,62.14815902709961,62.14815902709961,62.14815902709961,62.14815902709961,500,0.0,0.0,0.0
2018-08-13 00:00:00-04:00,62.26719673691955,62.26719673691955,62.14815902709961,62.14815902709961,2700,0.0,0.0,0.0
2018-08-14 00:00:00-04:00,61.979526114304726,62.52511978149414,61.979526114304726,62.52511978149414,1900,0.0,0.0,0.0
2018-08-15 00:00:00-04:00,62.207676249043985,62.207676249043985,61.4240034391724,61.69184112548828,3700,0.0,0.0,0.0
2018-08-16 00:00:00-04:00,62.41600018510558,62.713600170467465,62.31680271274563,62.663997650146484,2900,0.0,0.0,0.0
2018-08-17 00:00:00-04:00,62.921913137410826,62.94175338745117,62.921913137410826,62.94175338745117,700,0.0,0.0,0.0
2018-08-20 00:00:00-04:00,63.13023352262721,63.576625928338316,63.021114033536584,63.46751022338867,2700,0.0,0.0,0.0
2018-08-21 00:00:00-04:00,63.31871757098622,63.89407353335029,63.31871757098622,63.81471252441406,6500,0.0,0.0,0.0
2018-08-22 00:00:00-04:00,63.88415157648608,63.89407359468323,63.5964735950279,63.68574905395508,16600,0.0,0.0,0.0
2018-08-23 00:00:00-04:00,63.95357923056974,63.95357923056974,63.38814538608215,63.49726486206055,1300,0.0,0.0,0.0
2018-08-24 00:00:00-04:00,63.51709731175122,63.84445571899414,63.51709731175122,63.84445571899414,1200,0.0,0.0,0.0
2018-08-27 00:00:00-04:00,64.31070324663445,64.41982273467184,64.27102274477704,64.34046173095703,8800,0.0,0.0,0.0
2018-08-28 00:00:00-04:00,64.35038757324219,64.35038757324219,64.35038757324219,64.35038757324219,600,0.0,0.0,0.0
2018-08-29 00:00:00-04:00,64.52893431016798,64.88605121481305,64.52893431016798,64.75708770751953,2400,0.0,0.0,0.0
2018-08-30 00:00:00-04:00,64.49917623307708,64.60829572122101,64.22142028808594,64.22142028808594,2700,0.0,0.0,0.0
2018-08-31 00:00:00-04:00,63.85439635643598,64.50910579357185,63.85439635643598,64.36030578613281,3100,0.0,0.0,0.0
2018-09-04 00:00:00-04:00,64.22141242071869,64.65789031982422,64.22141242071869,64.65789031982422,3800,0.0,0.0,0.0
2018-09-05 00:00:00-04:00,64.30078104338695,64.62813950655365,64.18173953815854,64.57853698730469,1100,0.0,0.0,0.0
2018-09-06 00:00:00-04:00,64.84638216415222,64.99517459378424,64.80670166015625,64.80670166015625,2300,0.0,0.0,0.0
2018-09-07 00:00:00-04:00,64.53886015025405,65.23325761776005,64.53886015025405,64.80670166015625,4100,0.0,0.0,0.0
2018-09-10 00:00:00-04:00,65.42172615550358,65.53084564208984,65.42172615550358,65.53084564208984,1300,0.0,0.0,0.0
2018-09-11 00:00:00-04:00,65.0745429526226,65.45150399902481,64.7769504914601,65.16382598876953,2900,0.0,0.0,0.0
2018-09-12 00:00:00-04:00,64.77693918680266,65.1142120975837,64.77693918680266,65.05469512939453,14800,0.0,0.0,0.0
2018-09-13 00:00:00-04:00,65.35229499011203,65.43165600226757,65.27294154623918,65.29277801513672,6100,0.0,0.0,0.0
2018-09-14 00:00:00-04:00,65.70940011234407,65.81851959228516,65.5407636681738,65.81851959228516,4300,0.0,0.0,0.0
2018-09-17 00:00:00-04:00,66.01693412660916,66.01693412660916,65.09438317140084,65.15390014648438,24900,0.0,0.0,0.0
2018-09-18 00:00:00-04:00,65.34238405920375,65.70941551569706,65.34238405920375,65.65982055664062,2600,0.0,0.0,0.0
2018-09-19 00:00:00-04:00,65.3721356866637,65.3721356866637,64.70750427246094,64.70750427246094,2400,0.0,0.0,0.0
2018-09-20 00:00:00-04:00,64.70750791579148,64.9158248975716,64.70750791579148,64.8563003540039,2000,0.0,0.0,0.0
2018-09-21 00:00:00-04:00,65.04479270638261,65.04479270638261,64.47935863340565,64.50911712646484,4700,0.0,0.0,0.0
2018-09-24 00:00:00-04:00,64.03560703102058,64.03560703102058,63.78744548664567,64.00582885742188,1100,0.043,0.0,0.0
2018-09-25 00:00:00-04:00,64.08524048420554,64.13487582680193,63.995905955480005,64.09516906738281,1200,0.0,0.0,0.0
2018-09-26 00:00:00-04:00,63.91649486894052,64.20436320571629,63.68819046020508,63.68819046020508,2100,0.0,0.0,0.0
2018-09-27 00:00:00-04:00,63.6583985430765,63.8569323284956,63.54920685441837,63.55913543701172,3600,0.0,0.0,0.0
2018-09-28 00:00:00-04:00,63.78744758760858,63.976045217708595,63.608770966842016,63.84700393676758,7300,0.0,0.0,0.0
2018-10-01 00:00:00-04:00,64.21428280823878,64.21428280823878,63.390384674072266,63.390384674072266,2300,0.0,0.0,0.0
2018-10-02 00:00:00-04:00,63.45987364410043,63.45987364410043,63.32090377807617,63.32090377807617,5200,0.0,0.0,0.0
2018-10-03 00:00:00-04:00,63.28119299010854,63.66832438842019,63.28119299010854,63.390384674072266,12300,0.0,0.0,0.0
2018-10-04 00:00:00-04:00,63.15215097036399,63.15215097036399,62.31832800051208,62.59627151489258,2700,0.0,0.0,0.0
2018-10-05 00:00:00-04:00,62.62604912772615,62.62604912772615,61.55398941040039,61.55398941040039,3600,0.0,0.0,0.0
2018-10-08 00:00:00-04:00,61.61355548512594,61.62348406863868,61.09737895517206,61.573848724365234,2100,0.0,0.0,0.0
2018-10-09 00:00:00-04:00,61.40509974349892,61.40509974349892,60.78966010758537,60.84921646118164,3300,0.0,0.0,0.0
2018-10-10 00:00:00-04:00,59.8565711191771,59.8565711191771,58.03010177612305,58.03010177612305,2900,0.0,0.0,0.0
2018-10-11 00:00:00-04:00,57.91097795807663,58.11943274587753,57.067230224609375,57.067230224609375,23700,0.0,0.0,0.0
2018-10-12 00:00:00-04:00,57.63303675941129,57.63303675941129,56.66024398803711,56.66024398803711,7400,0.0,0.0,0.0
2018-10-15 00:00:00-04:00,57.16650149002992,57.573486328125,57.03745640868899,57.573486328125,3800,0.0,0.0,0.0
2018-10-16 00:00:00-04:00,57.3650286241149,58.54627631752819,57.3650286241149,58.47679138183594,4700,0.0,0.0,0.0
2018-10-17 00:00:00-04:00,57.88120372251395,58.24848177171915,57.86135034328058,58.06980514526367,4300,0.0,0.0,0.0
2018-10-18 00:00:00-04:00,57.74222333994551,57.74222333994551,56.560975813031504,56.71979904174805,6200,0.0,0.0,0.0
2018-10-19 00:00:00-04:00,57.06723455489705,57.06723455489705,56.392234802246094,56.392234802246094,3600,0.0,0.0,0.0
2018-10-22 00:00:00-04:00,56.34259582915086,56.799215952381836,56.34259582915086,56.50141906738281,8700,0.0,0.0,0.0
2018-10-23 00:00:00-04:00,55.399590497423816,56.24333832453423,55.032308645798985,55.9455451965332,7300,0.0,0.0,0.0
2018-10-24 00:00:00-04:00,56.09443384095193,56.09443384095193,53.791495011404024,53.85105514526367,10100,0.0,0.0,0.0
2018-10-25 00:00:00-04:00,54.158779687923484,54.84370422363281,54.158779687923484,54.84370422363281,4100,0.0,0.0,0.0
2018-10-26 00:00:00-04:00,53.870907435726714,54.50620037082637,53.67237744684692,54.19847869873047,2200,0.0,0.0,0.0
2018-10-29 00:00:00-04:00,55.062086473516246,55.18120295844076,52.61024912339761,53.29517364501953,4100,0.0,0.0,0.0
2018-10-30 00:00:00-04:00,53.205839969675665,54.55583953857422,53.205839969675665,54.55583953857422,2000,0.0,0.0,0.0
2018-10-31 00:00:00-04:00,55.667602693731524,56.5014218962122,55.667602693731524,55.955467224121094,4300,0.0,0.0,0.0
2018-11-01 00:00:00-04:00,56.16392571228152,56.84885025024414,56.13414375035627,56.84885025024414,2300,0.0,0.0,0.0
2018-11-02 00:00:00-04:00,56.69002751366851,56.70988089291542,56.173851013183594,56.173851013183594,1500,0.0,0.0,0.0
2018-11-05 00:00:00-05:00,56.332674016200386,56.42201232910156,55.99517414375647,56.42201232910156,4700,0.0,0.0,0.0
2018-11-06 00:00:00-05:00,56.60068935955858,56.71980584873012,56.531204425321434,56.64039611816406,6200,0.0,0.0,0.0
2018-11-07 00:00:00-05:00,57.19627625254654,58.030099259665896,57.19627625254654,57.970542907714844,3500,0.0,0.0,0.0
2018-11-08 00:00:00-05:00,58.010247124699475,58.15914558106152,57.801792315108635,58.08966064453125,3400,0.0,0.0,0.0
2018-11-09 00:00:00-05:00,57.30546824244421,57.365028381347656,56.95804356545324,57.365028381347656,1800,0.0,0.0,0.0
2018-11-12 00:00:00-05:00,56.03488118797256,56.03488118797256,55.816497802734375,55.816497802734375,1500,0.0,0.0,0.0
2018-11-13 00:00:00-05:00,55.93562023691523,55.93562023691523,55.55841735077815,55.83635711669922,4800,0.0,0.0,0.0
2018-11-14 00:00:00-05:00,55.85621238224353,55.85621238224353,54.9826825056241,55.10179901123047,4600,0.0,0.0,0.0
2018-11-15 00:00:00-05:00,54.615392206795946,56.02494793716012,54.615392206795946,55.9157600402832,9800,0.0,0.0,0.0
2018-11-16 00:00:00-05:00,55.72716006744632,56.38230644331191,55.72716006744632,56.322750091552734,3700,0.0,0.0,0.0
2018-11-19 00:00:00-05:00,55.98524629015188,55.98524629015188,54.71465659976129,54.96281814575195,2300,0.0,0.0,0.0
2018-11-20 00:00:00-05:00,53.682315672918875,53.91062387582037,53.19591730211465,53.394447326660156,8600,0.0,0.0,0.0
2018-11-21 00:00:00-05:00,54.31760386347533,54.476427111576044,54.208412170410156,54.208412170410156,2700,0.0,0.0,0.0
2018-11-23 00:00:00-05:00,54.446645998975995,54.446645998975995,54.10914611816406,54.10914611816406,800,0.0,0.0,0.0
2018-11-26 00:00:00-05:00,54.605466436225186,54.694804746738626,54.17863204893293,54.65510177612305,2000,0.0,0.0,0.0
2018-11-27 00:00:00-05:00,53.85106124581605,54.476429468931315,53.85106124581605,54.158782958984375,2000,0.0,0.0,0.0
2018-11-28 00:00:00-05:00,54.63525454292044,55.60804748535156,54.63525454292044,55.60804748535156,6700,0.0,0.0,0.0
2018-11-29 00:00:00-05:00,55.63782069210941,56.40215874715028,55.63782069210941,56.31282043457031,5300,0.0,0.0,0.0
2018-11-30 00:00:00-05:00,56.183778126588265,56.44186828079721,56.03488345606317,56.30289840698242,5500,0.0,0.0,0.0
2018-12-03 00:00:00-05:00,57.295541588473945,57.295541588473945,56.541128333401055,56.9183349609375,16700,0.0,0.0,0.0
2018-12-04 00:00:00-05:00,56.79921941254227,56.79921941254227,54.6551036724708,54.744441986083984,20300,0.0,0.0,0.0
2018-12-06 00:00:00-05:00,53.44407501731033,53.86098463069501,52.98745864456188,53.75179672241211,4600,0.0,0.0,0.0
2018-12-07 00:00:00-05:00,53.63267374700548,53.63267374700548,53.04701232910156,53.04701232910156,3000,0.0,0.0,0.0
2018-12-10 00:00:00-05:00,53.00730831270112,53.037086486816406,52.47127845875763,53.037086486816406,2500,0.0,0.0,0.0
2018-12-11 00:00:00-05:00,54.12899667313033,54.12899667313033,52.93782424926758,52.93782424926758,600,0.0,0.0,0.0
2018-12-12 00:00:00-05:00,53.930475712381565,54.26797182180427,53.52348709106445,53.52348709106445,4500,0.0,0.0,0.0
2018-12-13 00:00:00-05:00,53.72201891951872,53.72201891951872,52.997387544920606,53.14628601074219,23400,0.0,0.0,0.0
2018-12-14 00:00:00-05:00,52.878258160380604,52.878258160380604,52.02458190917969,52.02458190917969,4100,0.0,0.0,0.0
2018-12-17 00:00:00-05:00,52.054368510901234,52.26282710335018,50.912827583894945,50.922752380371094,7100,0.0,0.0,0.0
2018-12-18 00:00:00-05:00,51.99480630503799,51.99480630503799,51.19076156177207,51.36943817138672,6400,0.0,0.0,0.0
2018-12-19 00:00:00-05:00,51.92532968352309,52.32238593434487,50.476063197420366,50.515769958496094,6300,0.0,0.0,0.0
2018-12-20 00:00:00-05:00,50.168338372680694,50.347014986326535,49.006940383982695,49.59260177612305,8000,0.0,0.0,0.0
2018-12-21 00:00:00-05:00,49.75143134888228,49.771284729221094,48.51062347754492,48.649593353271484,6100,0.0,0.0,0.0
2018-12-24 00:00:00-05:00,47.974880298237274,48.19349116185694,47.30911636352539,47.30911636352539,5100,0.051,0.0,0.0
2018-12-26 00:00:00-05:00,47.54760231269894,49.733699798583984,47.3588044144586,49.733699798583984,39200,0.0,0.0,0.0
2018-12-27 00:00:00-05:00,48.84931647962677,49.3262825012207,48.67045374770542,49.3262825012207,2300,0.0,0.0,0.0
2018-12-28 00:00:00-05:00,50.3199687914076,50.94598842940531,50.09142278179339,50.23053741455078,5400,0.0,0.0,0.0
2018-12-31 00:00:00-05:00,50.717437349361305,50.74724654180362,50.39945999467978,50.62800598144531,30100,0.0,0.0,0.0
2019-01-02 00:00:00-05:00,49.71382122483964,50.628009017309296,49.71382122483964,50.44914627075195,3100,0.0,0.0,0.0
2019-01-03 00:00:00-05:00,49.90262252688581,49.90262252688581,49.03811799473261,49.097740173339844,2400,0.0,0.0,0.0
2019-01-04 00:00:00-05:00,49.922493221669704,50.74724578857422,49.922493221669704,50.74724578857422,4900,0.0,0.0,0.0
2019-01-07 00:00:00-05:00,50.92611163527079,51.24408900467315,50.92611163527079,51.16459655761719,4700,0.0,0.0,0.0
2019-01-08 00:00:00-05:00,51.49251128025548,52.06884765625,51.49251128025548,52.06884765625,2000,0.0,0.0,0.0
2019-01-09 00:00:00-05:00,52.10858760365719,52.7147331237793,52.10858760365719,52.7147331237793,8200,0.0,0.0,0.0
2019-01-10 00:00:00-05:00,52.18808750480856,53.151958566206126,52.18808750480856,53.0823974609375,3000,0.0,0.0,0.0
2019-01-11 00:00:00-05:00,52.794230145296545,52.97309288473994,52.794230145296545,52.89359664916992,4500,0.0,0.0,0.0
2019-01-14 00:00:00-05:00,52.774357745439865,52.90353723700751,52.764418820386595,52.883663177490234,7100,0.0,0.0,0.0
2019-01-15 00:00:00-05:00,52.66504816314081,53.12214012424936,52.61536491355753,53.09233093261719,4600,0.0,0.0,0.0
2019-01-16 00:00:00-05:00,53.112217216672185,53.112217216672185,52.893606319476106,52.97310256958008,3200,0.0,0.0,0.0
2019-01-17 00:00:00-05:00,53.1122161561682,53.55937307759996,53.1122161561682,53.52956008911133,1700,0.0,0.0,0.0
2019-01-18 00:00:00-05:00,53.74816578977412,54.42386867453251,53.74816578977412,54.2946891784668,9700,0.0,0.0,0.0
2019-01-22 00:00:00-05:00,53.76803969193395,53.867406202098934,53.1519589896144,53.46993637084961,6400,0.0,0.0,0.0
2019-01-23 00:00:00-05:00,53.569305807196294,53.569305807196294,53.002908329020215,53.360633850097656,1900,0.0,0.0,0.0
2019-01-24 00:00:00-05:00,53.65873046086844,53.92702456804347,53.638856402123345,53.768035888671875,2700,0.0,0.0,0.0
2019-01-25 00:00:00-05:00,54.364243459404946,54.50335808251551,54.33443426604959,54.473548889160156,8600,0.0,0.0,0.0
2019-01-28 00:00:00-05:00,53.658733770177776,54.046268463134766,53.658733770177776,54.046268463134766,1600,0.0,0.0,0.0
2019-01-29 00:00:00-05:00,54.14564119911309,54.27481690885107,54.14564119911309,54.2151985168457,3500,0.0,0.0,0.0
2019-01-30 00:00:00-05:00,54.7319113522132,55.14925524812147,54.15557497338054,54.98033142089844,4300,0.0,0.0,0.0
2019-01-31 00:00:00-05:00,55.347990528660766,55.347990528660766,55.07969640703877,55.21881103515625,5900,0.0,0.0,0.0
2019-02-01 00:00:00-05:00,55.5367902177743,55.735527031802974,55.367866389733074,55.43742370605469,2300,0.0,0.0,0.0
2019-02-04 00:00:00-05:00,55.586471352420475,56.0236930847168,55.586471352420475,56.0236930847168,2800,0.0,0.0,0.0
2019-02-05 00:00:00-05:00,56.37148348714826,56.619903564453125,56.37148348714826,56.619903564453125,6600,0.0,0.0,0.0
2019-02-06 00:00:00-05:00,56.3913522143876,56.659646327370815,56.3913522143876,56.56027603149414,3800,0.0,0.0,0.0
2019-02-07 00:00:00-05:00,56.14293352851248,56.16280758817205,55.84483021479753,56.0932502746582,5500,0.0,0.0,0.0
2019-02-08 00:00:00-05:00,56.07337523647655,56.64970779418945,56.043566042802034,56.64970779418945,3200,0.0,0.0,0.0
2019-02-11 00:00:00-05:00,57.15648930076353,57.15648930076353,57.04718386511331,57.11674118041992,5100,0.0,0.0,0.0
2019-02-12 00:00:00-05:00,57.60364887929324,58.060740912910376,57.60364887929324,58.04086685180664,1100,0.0,0.0,0.0
2019-02-13 00:00:00-05:00,58.34891090512383,58.368784966837964,58.040868634439306,58.25947952270508,3100,0.0,0.0,0.0
2019-02-14 00:00:00-05:00,58.13030001685806,58.25947952270508,58.0905518934298,58.25947952270508,25000,0.0,0.0,0.0
2019-02-15 00:00:00-05:00,58.378715277730784,58.82587215286958,58.378715277730784,58.81593322753906,2600,0.0,0.0,0.0
2019-02-19 00:00:00-05:00,58.617194303338465,59.173652766933785,58.617194303338465,59.104095458984375,2200,0.0,0.0,0.0
2019-02-20 00:00:00-05:00,59.133910006844026,59.26308950070293,59.01466943821468,59.16372299194336,1800,0.0,0.0,0.0
2019-02-21 00:00:00-05:00,58.786117436501065,59.084220722947805,58.726495262976144,58.855674743652344,5400,0.0,0.0,0.0
2019-02-22 00:00:00-05:00,59.352521153481945,59.68043745698888,59.342586018795075,59.62081527709961,2700,0.0,0.0,0.0
2019-02-25 00:00:00-05:00,60.376009482969025,60.376009482969025,59.928856409155514,59.94873046875,5600,0.0,0.0,0.0
2019-02-26 00:00:00-05:00,59.859296015378696,59.958662517648236,59.730116529957016,59.82948303222656,1800,0.0,0.0,0.0
2019-02-27 00:00:00-05:00,59.670500712321044,60.018291088500774,59.58106933451363,59.92885971069336,3800,0.0,0.0,0.0
2019-02-28 00:00:00-05:00,60.11765860386502,60.11765860386502,59.968605041503906,59.968605041503906,700,0.0,0.0,0.0
2019-03-01 00:00:00-05:00,60.22695949558314,60.48531468816213,60.22695949558314,60.385948181152344,1000,0.0,0.0,0.0
2019-03-04 00:00:00-05:00,60.48531474606806,60.66417749132831,59.60093994483086,59.72018051147461,3500,0.0,0.0,0.0
2019-03-05 00:00:00-05:00,59.84936204730562,59.86923610752324,59.49163654456719,59.5015754699707,1800,0.0,0.0,0.0
2019-03-06 00:00:00-05:00,59.30283580658075,59.30283580658075,58.94511032104492,58.94511032104492,2800,0.0,0.0,0.0
2019-03-07 00:00:00-05:00,58.57745336023012,58.71656799316406,58.45821278779952,58.71656799316406,700,0.0,0.0,0.0
2019-03-08 00:00:00-05:00,58.3290331575093,58.48802185058594,58.23960178074185,58.48802185058594,1100,0.0,0.0,0.0
2019-03-11 00:00:00-04:00,58.75631625185198,59.27303045438132,58.75631625185198,59.24321746826172,3400,0.0,0.0,0.0
2019-03-12 00:00:00-04:00,59.24321201528654,59.38232663574181,59.24321201528654,59.253150939941406,2100,0.0,0.0,0.0
2019-03-13 00:00:00-04:00,59.36246349557632,59.85930365148289,59.36246349557632,59.53138732910156,3000,0.0,0.0,0.0
2019-03-14 00:00:00-04:00,59.47175940450051,59.49163346368892,59.382328033447266,59.382328033447266,1200,0.0,0.0,0.0
2019-03-15 00:00:00-04:00,59.52144583546529,59.829484273243835,59.43201446533203,59.43201446533203,2700,0.0,0.0,0.0
2019-03-18 00:00:00-04:00,59.66056192353596,60.15740203857422,59.66056192353596,60.15740203857422,1400,0.0,0.0,0.0
2019-03-19 00:00:00-04:00,60.42569613374665,60.42569613374665,59.85929870605469,59.85929870605469,3500,0.0,0.0,0.0
2019-03-20 00:00:00-04:00,59.759930044930975,59.9586668544337,59.63075055016581,59.849361419677734,1600,0.0,0.0,0.0
2019-03-21 00:00:00-04:00,60.385950727356246,60.78342056274414,60.385950727356246,60.78342056274414,2200,0.0,0.0,0.0
2019-03-22 00:00:00-04:00,59.45188898736128,59.65062199757045,59.15378189086914,59.15378189086914,2000,0.0,0.0,0.0
2019-03-25 00:00:00-04:00,59.521444926097,59.521444926097,59.14384539234896,59.32270812988281,2200,0.0,0.0,0.0
2019-03-26 00:00:00-04:00,59.88910863675564,60.028223264133324,59.56119233743169,59.740055084228516,4000,0.0,0.0,0.0
2019-03-27 00:00:00-04:00,59.95866952208528,59.95866952208528,59.114042782356684,59.58106994628906,4500,0.0,0.0,0.0
2019-03-28 00:00:00-04:00,59.98847620009412,60.37601089477539,59.9686021400349,60.37601089477539,2600,0.0,0.0,0.0
2019-03-29 00:00:00-04:00,60.70392393424928,60.80329043861049,60.54493525291787,60.69398880004883,3500,0.0,0.0,0.0
2019-04-01 00:00:00-04:00,61.59824167284341,61.81684875488281,61.33988267962945,61.81684875488281,3600,0.0,0.0,0.0
2019-04-02 00:00:00-04:00,61.8963436038713,61.8963436038713,61.54855324245806,61.68767166137695,1200,0.0,0.0,0.0
2019-04-03 00:00:00-04:00,62.08514123703516,62.18451153586363,61.806911981494075,61.826786041259766,7500,0.0,0.0,0.0
2019-04-04 00:00:00-04:00,62.124886653413455,62.20437909842808,61.657855745714194,61.79697036743164,2200,0.0,0.0,0.0
2019-04-05 00:00:00-04:00,62.204380917526485,62.303751214937165,61.9758349193658,62.01558303833008,11300,0.0,0.0,0.0
2019-04-08 00:00:00-04:00,61.697608318057284,62.04539489746094,61.697608318057284,62.04539489746094,3700,0.0,0.0,0.0
2019-04-09 00:00:00-04:00,61.727420170560805,61.826790476517786,61.479000091552734,61.479000091552734,1400,0.0,0.0,0.0
2019-04-10 00:00:00-04:00,61.637980209075394,62.03545379638672,61.637980209075394,62.03545379638672,2600,0.0,0.0,0.0
2019-04-11 00:00:00-04:00,62.01558774831786,62.17457644566064,62.01558774831786,62.12489318847656,2200,0.0,0.0,0.0
2019-04-12 00:00:00-04:00,62.68134928810245,62.68134928810245,62.46273842953534,62.55216979980469,3300,0.0,0.0,0.0
2019-04-15 00:00:00-04:00,62.87014576812641,62.890019826699735,62.69128303155566,62.721092224121094,4700,0.0,0.0,0.0
2019-04-16 00:00:00-04:00,62.79065016899058,62.9198296557293,62.63166148938489,62.671409606933594,3400,0.0,0.0,0.0
2019-04-17 00:00:00-04:00,62.70122078474703,62.70122078474703,62.12488822440225,62.15469741821289,19200,0.0,0.0,0.0
2019-04-18 00:00:00-04:00,62.46274655844455,62.60186119905923,62.363376250441455,62.572052001953125,2400,0.0,0.0,0.0
2019-04-22 00:00:00-04:00,62.432931260715335,62.65153833578167,62.432931260715335,62.63166427612305,2200,0.0,0.0,0.0
2019-04-23 00:00:00-04:00,62.62172871508046,63.506103515625,62.62172871508046,63.506103515625,4300,0.0,0.0,0.0
2019-04-24 00:00:00-04:00,63.70483482650201,63.77439213354035,63.50609803899721,63.51603317260742,8700,0.0,0.0,0.0
2019-04-25 00:00:00-04:00,63.34711082730598,63.34711082730598,62.880079934492656,62.97945022583008,10000,0.0,0.0,0.0
2019-04-26 00:00:00-04:00,62.850275975197356,63.40673828125,62.850275975197356,63.40673828125,15900,0.0,0.0,0.0
2019-04-29 00:00:00-04:00,63.63528300723162,63.63528300723162,63.37692402401838,63.506103515625,2400,0.0,0.0,0.0
2019-04-30 00:00:00-04:00,63.21793772091605,63.317308022277366,63.07882308959961,63.07882308959961,1400,0.0,0.0,0.0
2019-05-01 00:00:00-04:00,63.36698936436005,63.36698936436005,62.929771423339844,62.929771423339844,5000,0.0,0.0,0.0
2019-05-02 00:00:00-04:00,62.512428533190736,62.97945949473866,62.36337496954238,62.969520568847656,3900,0.0,0.0,0.0
2019-05-03 00:00:00-04:00,63.386866759532595,63.8042106628418,63.386866759532595,63.8042106628418,1900,0.0,0.0,0.0
2019-05-06 00:00:00-04:00,62.790651544889734,63.76445770263672,62.790651544889734,63.76445770263672,1800,0.0,0.0,0.0
2019-05-07 00:00:00-04:00,63.108628289845804,63.108628289845804,62.29381082320917,62.55216979980469,7900,0.0,0.0,0.0
2019-05-08 00:00:00-04:00,62.55217323908742,62.95958199480614,62.492551058766615,62.76084518432617,8900,0.0,0.0,0.0
2019-05-09 00:00:00-04:00,61.846659645963285,62.70122146606445,61.846659645963285,62.70122146606445,2000,0.0,0.0,0.0
2019-05-10 00:00:00-04:00,61.74729023541985,62.97945541541262,61.52867936705274,62.81052780151367,4700,0.0,0.0,0.0
2019-05-13 00:00:00-04:00,62.81052780151367,62.81052780151367,62.81052780151367,62.81052780151367,200,0.0,0.0,0.0
2019-05-14 00:00:00-04:00,61.66779912284823,62.17457439434919,61.369692008400044,62.04539489746094,4300,0.0,0.0,0.0
2019-05-15 00:00:00-04:00,62.06526099890296,62.29380697757357,62.06526099890296,62.25406265258789,1500,0.0,0.0,0.0
2019-05-16 00:00:00-04:00,62.90989900216268,63.06888769309175,62.82046762660324,62.91983413696289,2900,0.0,0.0,0.0
2019-05-17 00:00:00-04:00,62.641592650308155,62.641592650308155,62.0751953125,62.0751953125,900,0.0,0.0,0.0
2019-05-20 00:00:00-04:00,61.64792298614743,61.64792298614743,61.32000668753474,61.36968994140625,1500,0.0,0.0,0.0
2019-05-21 00:00:00-04:00,62.12488939082765,62.44286676607548,62.12488939082765,62.42299270629883,3100,0.0,0.0,0.0
2019-05-22 00:00:00-04:00,62.24412372839977,62.3434940173363,62.24412372839977,62.25406265258789,1500,0.0,0.0,0.0
2019-05-23 00:00:00-04:00,62.25406265258789,62.25406265258789,62.25406265258789,62.25406265258789,400,0.0,0.0,0.0
2019-05-24 00:00:00-04:00,61.8367228058174,61.8367228058174,61.51874542236328,61.51874542236328,1200,0.0,0.0,0.0
2019-05-28 00:00:00-04:00,61.618111923805955,61.74729142037364,61.121271788411136,61.22064208984375,2300,0.0,0.0,0.0
2019-05-29 00:00:00-04:00,60.71385834580505,61.111331939697266,60.64430103546228,61.111331939697266,600,0.0,0.0,0.0
2019-05-30 00:00:00-04:00,61.479000091552734,61.479000091552734,61.479000091552734,61.479000091552734,200,0.0,0.0,0.0
2019-05-31 00:00:00-04:00,61.0417734447005,61.09145669532553,60.84303665161133,60.84303665161133,5900,0.0,0.0,0.0
2019-06-03 00:00:00-04:00,61.00203094588595,61.091462321482716,60.7635498046875,60.7635498046875,1200,0.0,0.0,0.0
2019-06-04 00:00:00-04:00,61.22063886398592,62.134822845458984,61.22063886398592,62.134822845458984,2100,0.0,0.0,0.0
2019-06-05 00:00:00-04:00,62.44286984141161,63.088763548900786,62.44286984141161,62.8403434753418,2200,0.0,0.0,0.0
2019-06-06 00:00:00-04:00,62.31369059843246,63.59553909301758,62.31369059843246,63.59553909301758,3600,0.0,0.0,0.0
2019-06-07 00:00:00-04:00,63.8240900647716,64.46004486083984,63.8240900647716,64.46004486083984,2400,0.0,0.0,0.0
2019-06-10 00:00:00-04:00,64.92706644202143,65.24505141242211,64.76808153800006,64.83763885498047,4500,0.0,0.0,0.0
2019-06-11 00:00:00-04:00,64.73826476578108,64.73826476578108,64.02281382846914,64.17186737060547,7000,0.0,0.0,0.0
2019-06-12 00:00:00-04:00,64.17187359805209,64.4799120554963,64.17187359805209,64.3407974243164,16400,0.0,0.0,0.0
2019-06-13 00:00:00-04:00,64.57928113226575,64.79789201314331,64.52960166554392,64.73827362060547,2900,0.0,0.0,0.0
2019-06-14 00:00:00-04:00,64.48984970363391,64.48984970363391,64.24142964127874,64.4401626586914,3700,0.0,0.0,0.0
2019-06-17 00:00:00-04:00,64.20168279313651,64.3407974243164,64.20168279313651,64.3407974243164,2900,0.0,0.0,0.0
2019-06-18 00:00:00-04:00,64.91713892743637,65.2351163354175,64.79789455650116,65.13574981689453,3200,0.0,0.0,0.0
2019-06-19 00:00:00-04:00,64.94694378642322,65.1158676147461,64.72833291156824,65.1158676147461,21900,0.0,0.0,0.0
2019-06-20 00:00:00-04:00,65.82137262878379,66.07973159685474,65.73194505205429,66.03004455566406,4600,0.0,0.0,0.0
2019-06-21 00:00:00-04:00,66.05986204806422,66.05986204806422,65.53320518171657,65.61270141601562,2700,0.0,0.0,0.0
2019-06-24 00:00:00-04:00,65.67634277912617,65.67634277912617,65.53713539867815,65.54707336425781,2200,0.044,0.0,0.0
2019-06-25 00:00:00-04:00,65.16923587647672,65.33827235215277,64.69194793701172,64.69194793701172,4000,0.0,0.0,0.0
2019-06-26 00:00:00-04:00,64.95047833377824,64.9604238869865,64.8709290805808,64.88087463378906,3000,0.0,0.0,0.0
2019-06-27 00:00:00-04:00,65.01013038163607,65.14933776855469,64.95047224045199,65.14933776855469,1900,0.0,0.0,0.0
2019-06-28 00:00:00-04:00,65.63657332241789,66.01442087247267,65.63657332241789,65.99453735351562,2100,0.0,0.0,0.0
2019-07-01 00:00:00-04:00,66.44199136954673,66.79995541556966,66.44199136954673,66.77012634277344,41400,0.0,0.0,0.0
2019-07-02 00:00:00-04:00,66.97894213392044,67.17780769065881,66.63092361651096,67.04854583740234,19600,0.0,0.0,0.0
2019-07-03 00:00:00-04:00,67.39655417512587,67.51587804288684,67.33689603436217,67.49598693847656,61200,0.0,0.0,0.0
2019-07-05 00:00:00-04:00,67.04853557414026,67.61531066894531,66.74029173250892,67.61531066894531,7700,0.0,0.0,0.0
2019-07-08 00:00:00-04:00,67.36672728730201,67.53576374909802,67.23746544938162,67.28717803955078,9600,0.0,0.0,0.0
2019-07-09 00:00:00-04:00,67.01871183004974,67.41645050048828,66.96899165140711,67.41645050048828,3800,0.0,0.0,0.0
2019-07-10 00:00:00-04:00,67.51587677001953,67.78434598462835,67.51587677001953,67.51587677001953,3700,0.0,0.0,0.0
2019-07-11 00:00:00-04:00,67.36673222758539,67.85395812988281,67.20763372041556,67.85395812988281,6700,0.0,0.0,0.0
2019-07-12 00:00:00-04:00,67.85395262651043,68.2417457234915,67.77441096561121,68.1721420288086,26500,0.0,0.0,0.0
2019-07-15 00:00:00-04:00,68.44062595882585,68.47045503304436,68.02300374729761,68.1224365234375,3700,0.0,0.0,0.0
2019-07-16 00:00:00-04:00,68.20196579309754,68.70908272131908,68.20196579309754,68.37100982666016,4300,0.0,0.0,0.0
2019-07-17 00:00:00-04:00,68.55000271939922,68.55000271939922,67.85395812988281,67.85395812988281,3300,0.0,0.0,0.0
2019-07-18 00:00:00-04:00,68.33124693504958,68.60966173990676,68.18209397923766,68.59971618652344,4000,0.0,0.0,0.0
2019-07-19 00:00:00-04:00,68.49032810270984,68.64942658924414,68.2815170288086,68.2815170288086,1800,0.0,0.0,0.0
2019-07-22 00:00:00-04:00,67.86390270468891,68.03293917644393,67.62526253360923,67.63520050048828,4600,0.0,0.0,0.0
2019-07-23 00:00:00-04:00,67.46616209408029,68.13236999511719,67.46616209408029,68.13236999511719,3000,0.0,0.0,0.0
2019-07-24 00:00:00-04:00,67.79428748251321,68.74885559082031,67.79428748251321,68.74885559082031,2800,0.0,0.0,0.0
2019-07-25 00:00:00-04:00,68.70908140023036,68.70908140023036,68.3908920288086,68.3908920288086,4600,0.0,0.0,0.0
2019-07-26 00:00:00-04:00,68.78863651720289,69.2957534790039,68.78863651720289,69.2957534790039,2800,0.0,0.0,0.0
2019-07-29 00:00:00-04:00,69.31563064219742,69.31563064219742,68.70908097136173,68.74885559082031,6200,0.0,0.0,0.0
2019-07-30 00:00:00-04:00,68.31135099622752,68.4803950468486,68.17214360364586,68.44062042236328,4400,0.0,0.0,0.0
2019-07-31 00:00:00-04:00,68.56989153041766,68.699153387791,67.77442169189453,67.77442169189453,7800,0.0,0.0,0.0
2019-08-01 00:00:00-04:00,67.70480975623036,68.56989087846205,67.2871875260088,67.3170166015625,4000,0.0,0.0,0.0
2019-08-02 00:00:00-04:00,67.02864706779047,67.02864706779047,66.17351171312885,66.52153015136719,4300,0.0,0.0,0.0
2019-08-05 00:00:00-04:00,65.62662015695966,65.62662015695966,64.04561885820655,64.41352081298828,27400,0.0,0.0,0.0
2019-08-06 00:00:00-04:00,64.83115034236374,65.81555521922341,64.83115034236374,65.58685302734375,27900,0.0,0.0,0.0
2019-08-07 00:00:00-04:00,64.6123948845867,66.42209837638042,64.6123948845867,66.2132797241211,186900,0.0,0.0,0.0
2019-08-08 00:00:00-04:00,66.68062895662015,67.86389937328771,66.68062895662015,67.74457550048828,38900,0.0,0.0,0.0
2019-08-09 00:00:00-04:00,67.39654714179093,67.39654714179093,66.66073566630295,67.0186996459961,5800,0.0,0.0,0.0
2019-08-12 00:00:00-04:00,66.38232205712045,66.7203949402525,66.06413269042969,66.06413269042969,3100,0.0,0.0,0.0
2019-08-13 00:00:00-04:00,66.32266957617259,67.47611100209843,66.32266957617259,67.08831787109375,2000,0.0,0.0,0.0
2019-08-14 00:00:00-04:00,66.07407224281754,66.07407224281754,64.99024229425804,65.27860260009766,14100,0.0,0.0,0.0
2019-08-15 00:00:00-04:00,65.55703084552349,65.65646362304688,65.39793233249833,65.65646362304688,28700,0.0,0.0,0.0
2019-08-16 00:00:00-04:00,66.09396515002071,66.8993803663006,66.09396515002071,66.88943481445312,4500,0.0,0.0,0.0
2019-08-19 00:00:00-04:00,67.52583165993629,67.89373368689704,67.52583165993629,67.6650390625,7300,0.0,0.0,0.0
2019-08-20 00:00:00-04:00,67.83406223974877,67.83406223974877,67.41644011393488,67.57553100585938,7200,0.0,0.0,0.0
2019-08-21 00:00:00-04:00,68.0031047568049,68.14231214450949,67.83406829833984,67.83406829833984,1900,0.0,0.0,0.0
2019-08-22 00:00:00-04:00,68.01305624411465,68.01305624411465,67.37667739158071,67.68492126464844,4400,0.0,0.0,0.0
2019-08-23 00:00:00-04:00,67.37667404661705,67.56559403061772,65.92493438720703,65.92493438720703,21300,0.0,0.0,0.0
2019-08-26 00:00:00-04:00,66.04424445830121,66.38232494236048,66.03430649276508,66.3127212524414,3200,0.0,0.0,0.0
2019-08-27 00:00:00-04:00,66.14367505879443,66.56130477091342,66.08401692259157,66.52153015136719,4200,0.0,0.0,0.0
2019-08-28 00:00:00-04:00,66.08402403865604,66.9689885567139,66.08402403865604,66.87950134277344,2900,0.0,0.0,0.0
2019-08-29 00:00:00-04:00,67.41645259979637,67.8042457293352,67.25735409217306,67.7346420288086,2800,0.0,0.0,0.0
2019-08-30 00:00:00-04:00,67.84401471956869,67.88378175693617,67.51587976453379,67.6451416015625,3300,0.0,0.0,0.0
2019-09-03 00:00:00-04:00,67.49598062003817,67.49598062003817,66.72039451777998,66.9490966796875,2700,0.0,0.0,0.0
2019-09-04 00:00:00-04:00,67.59542628989958,67.84401198772231,67.59542628989958,67.80423736572266,5000,0.0,0.0,0.0
2019-09-05 00:00:00-04:00,68.66932124271786,69.0471764163951,68.47045568853429,68.98751068115234,6100,0.0,0.0,0.0
2019-09-06 00:00:00-04:00,69.05710260167073,69.2559757081585,68.75880432128906,68.75880432128906,4800,0.0,0.0,0.0
2019-09-09 00:00:00-04:00,67.97328087657968,67.97328087657968,66.74029781151515,66.81983947753906,3500,0.0,0.0,0.0
2019-09-10 00:00:00-04:00,66.48175743620257,66.48175743620257,65.22888343642276,65.49736022949219,6500,0.0,0.0,0.0
2019-09-11 00:00:00-04:00,65.35815737435556,65.98459062449109,65.35815737435556,65.89509582519531,17700,0.0,0.0,0.0
2019-09-12 00:00:00-04:00,66.44199650790794,66.44199650790794,66.11386150930457,66.28290557861328,1000,0.0,0.0,0.0
2019-09-13 00:00:00-04:00,66.7502393031478,66.7502393031478,66.50165356639003,66.59114837646484,1500,0.0,0.0,0.0
2019-09-16 00:00:00-04:00,66.41216229675051,66.839730041376,66.41216229675051,66.77012634277344,1600,0.0,0.0,0.0
2019-09-17 00:00:00-04:00,66.79995474593328,67.25735155876981,66.79995474593328,67.24740600585938,2100,0.0,0.0,0.0
2019-09-18 00:00:00-04:00,66.87949760681585,66.87949760681585,66.29283142089844,66.29283142089844,2300,0.0,0.0,0.0
2019-09-19 00:00:00-04:00,67.01869849834173,67.37666247190495,66.83971651156013,66.91926574707031,2600,0.0,0.0,0.0
2019-09-20 00:00:00-04:00,66.87950761344176,66.9192822410003,66.49171447753906,66.49171447753906,1400,0.0,0.0,0.0
2019-09-23 00:00:00-04:00,66.02805307734779,66.45680696514665,66.02805307734779,66.42689514160156,3200,0.185,0.0,0.0
2019-09-24 00:00:00-04:00,66.72602146271224,66.72602146271224,65.47964475753331,65.52950286865234,4000,0.0,0.0,0.0
2019-09-25 00:00:00-04:00,65.36996432248239,65.86851501464844,65.36996432248239,65.86851501464844,3500,0.0,0.0,0.0
2019-09-26 00:00:00-04:00,65.79871373713414,65.79871373713414,65.55941155124385,65.69900512695312,2800,0.0,0.0,0.0
2019-09-27 00:00:00-04:00,65.40984373094801,65.40984373094801,64.81158447265625,64.81158447265625,1600,0.0,0.0,0.0
2019-09-30 00:00:00-04:00,65.10075664995847,65.48962561922046,65.10075664995847,65.37994384765625,35700,0.0,0.0,0.0
2019-10-01 00:00:00-04:00,65.3599965908203,65.63918375189225,64.2133285158923,64.29309844970703,12100,0.0,0.0,0.0
2019-10-02 00:00:00-04:00,63.45553073204869,63.45553073204869,62.61796542707264,63.11651611328125,6800,0.0,0.0,0.0
2019-10-03 00:00:00-04:00,62.8672375994647,63.3857307434082,62.39860256453936,63.3857307434082,7900,0.0,0.0,0.0
2019-10-04 00:00:00-04:00,63.445563109758695,64.12358856201172,63.445563109758695,64.12358856201172,1800,0.0,0.0,0.0
2019-10-07 00:00:00-04:00,63.864347015488,64.20335783629149,63.864347015488,63.95408248901367,6000,0.0,0.0,0.0
2019-10-08 00:00:00-04:00,62.98688888549805,63.54526699690581,62.98688888549805,62.98688888549805,1900,0.0,0.0,0.0
2019-10-09 00:00:00-04:00,63.53530306571424,63.754662789450585,59.028404235839844,59.028404235839844,26300,0.0,0.0,0.0
2019-10-10 00:00:00-04:00,63.305974064165945,64.31304487622292,63.305974064165945,64.09368133544922,3800,0.0,0.0,0.0
2019-10-11 00:00:00-04:00,64.60220015570364,65.02098091495398,64.60220015570364,64.87141418457031,2000,0.0,0.0,0.0
2019-10-14 00:00:00-04:00,64.58225105103156,64.59222419456347,64.34294885722275,64.44265747070312,4600,0.0,0.0,0.0
2019-10-15 00:00:00-04:00,64.62213883635751,64.95118412174558,64.62213883635751,64.87141418457031,2900,0.0,0.0,0.0
2019-10-16 00:00:00-04:00,64.61216574961787,64.81158296197388,64.61216574961787,64.77169799804688,3300,0.0,0.0,0.0
2019-10-17 00:00:00-04:00,65.03094326742416,65.14062501101915,65.02097012511226,65.09076690673828,1600,0.0,0.0,0.0
2019-10-18 00:00:00-04:00,64.83153224405896,64.93124847382545,64.7916548808887,64.90132904052734,1300,0.0,0.0,0.0
2019-10-21 00:00:00-04:00,65.03095542153335,65.21043398029843,65.03095542153335,65.16057586669922,2300,0.0,0.0,0.0
2019-10-22 00:00:00-04:00,65.27025474695351,65.31013971461464,64.81158902977025,64.83152770996094,2300,0.0,0.0,0.0
2019-10-23 00:00:00-04:00,64.64207147677745,64.76171875,64.48253163610964,64.76171875,4300,0.0,0.0,0.0
2019-10-24 00:00:00-04:00,64.951186982118,65.2004623413086,64.951186982118,65.2004623413086,1500,0.0,0.0,0.0
2019-10-25 00:00:00-04:00,65.28023096455387,65.30016964568343,64.85147705110768,64.8614501953125,3600,0.0,0.0,0.0
2019-10-28 00:00:00-04:00,65.22040408958877,65.26028144987646,65.13066101074219,65.13066101074219,1900,0.0,0.0,0.0
2019-10-29 00:00:00-04:00,65.96823135914744,65.96823135914744,65.66909790039062,65.66909790039062,1100,0.0,0.0,0.0
2019-10-30 00:00:00-04:00,65.2802289683747,65.67907104429048,65.06086544625703,65.66909790039062,2400,0.0,0.0,0.0
2019-10-31 00:00:00-04:00,65.63918174285357,65.76880217587546,65.10074611700362,65.15059661865234,3700,0.0,0.0,0.0
2019-11-01 00:00:00-04:00,65.81867355966048,66.02806396628716,65.74887675745158,66.00811767578125,3100,0.0,0.0,0.0
2019-11-04 00:00:00-05:00,66.27733483967933,66.37704346358585,65.88846588134766,65.88846588134766,10600,0.0,0.0,0.0
2019-11-05 00:00:00-05:00,65.70897821717527,65.79871368408203,65.70897821717527,65.79871368408203,1900,0.0,0.0,0.0
2019-11-06 00:00:00-05:00,65.74887380934251,65.87849426269531,65.59930706637819,65.87849426269531,68200,0.0,0.0,0.0
2019-11-07 00:00:00-05:00,66.15767537017092,66.39697757252127,65.81866455078125,65.81866455078125,8800,0.0,0.0,0.0
2019-11-08 00:00:00-05:00,65.91836541729305,66.07789766434256,65.91836541729305,66.06793212890625,2000,0.0,0.0,0.0
2019-11-11 00:00:00-05:00,66.16764833419202,66.16764833419202,66.11779022216797,66.11779022216797,1100,0.0,0.0,0.0
2019-11-12 00:00:00-05:00,66.37704001780423,66.68613901805253,66.37704001780423,66.50666046142578,11700,0.0,0.0,0.0
2019-11-13 00:00:00-05:00,66.45680823632456,66.88556213232458,66.45680823632456,66.86561584472656,1300,0.0,0.0,0.0
2019-11-14 00:00:00-05:00,66.94538109753802,67.0949478149414,66.84567248836217,67.0949478149414,4700,0.0,0.0,0.0
2019-11-15 00:00:00-05:00,67.6732744320977,67.6732744320977,67.2544860645732,67.3043441772461,7800,0.0,0.0,0.0
2019-11-18 00:00:00-05:00,67.20463555918023,67.41402593930252,67.20463555918023,67.3043441772461,12400,0.0,0.0,0.0
2019-11-19 00:00:00-05:00,67.4738448031855,67.68323516845703,67.4738448031855,67.68323516845703,3300,0.0,0.0,0.0
2019-11-20 00:00:00-05:00,67.27443681558023,67.862723026292,67.27443681558023,67.4738540649414,1700,0.0,0.0,0.0
2019-11-21 00:00:00-05:00,67.16474769449874,67.16474769449874,67.02515411376953,67.02515411376953,2700,0.0,0.0,0.0
2019-11-22 00:00:00-05:00,66.97529600324641,67.10492404769468,66.88556053304032,67.02515411376953,1600,0.0,0.0,0.0
2019-11-25 00:00:00-05:00,67.53367759916097,67.84277658249144,67.53367759916097,67.67327117919922,2600,0.0,0.0,0.0
2019-11-26 00:00:00-05:00,67.95246713875225,68.27153930691202,67.95246713875225,68.26156616210938,3800,0.0,0.0,0.0
2019-11-27 00:00:00-05:00,68.23164206465587,68.41112060242453,68.23164206465587,68.39117431640625,2100,0.0,0.0,0.0
2019-11-29 00:00:00-05:00,68.2914643604738,68.2914643604738,68.00230407714844,68.00230407714844,400,0.0,0.0,0.0
2019-12-02 00:00:00-05:00,67.62341492384823,67.62341492384823,67.0650405883789,67.0650405883789,2900,0.0,0.0,0.0
2019-12-03 00:00:00-05:00,65.80868640051573,66.69610595703125,65.80868640051573,66.69610595703125,4800,0.0,0.0,0.0
2019-12-04 00:00:00-05:00,66.79582508171926,67.24452530581722,66.79582508171926,66.97530364990234,14000,0.0,0.0,0.0
2019-12-05 00:00:00-05:00,67.10492549741133,67.16474914550781,66.95535876989038,67.16474914550781,1200,0.0,0.0,0.0
2019-12-06 00:00:00-05:00,67.89262855701229,67.98237163599889,67.76300811767578,67.76300811767578,2100,0.0,0.0,0.0
2019-12-09 00:00:00-05:00,67.60347761924059,67.63338944392373,67.35420227050781,67.35420227050781,4300,0.0,0.0,0.0
2019-12-10 00:00:00-05:00,67.45391857947101,67.45391857947101,67.22458188528529,67.2544937133789,1300,0.0,0.0,0.0
2019-12-11 00:00:00-05:00,67.16475346257035,67.58353424072266,67.16475346257035,67.58353424072266,2600,0.0,0.0,0.0
2019-12-12 00:00:00-05:00,67.932511939866,67.932511939866,67.63338610054159,67.87268829345703,3100,0.0,0.0,0.0
2019-12-13 00:00:00-05:00,67.88265991210938,67.88265991210938,67.71315451290518,67.88265991210938,2200,0.0,0.0,0.0
2019-12-16 00:00:00-05:00,68.23164527424912,68.23164527424912,68.07210540771484,68.07210540771484,600,0.0,0.0,0.0
2019-12-17 00:00:00-05:00,67.98236846923828,68.1020233665534,67.96242978999211,67.98236846923828,1400,0.0,0.0,0.0
2019-12-18 00:00:00-05:00,67.71315923982306,67.71315923982306,67.49379571623165,67.60347747802734,1800,0.0,0.0,0.0
2019-12-19 00:00:00-05:00,67.39407033159645,67.68323060909628,67.39407033159645,67.66329193115234,2100,0.0,0.0,0.0
2019-12-20 00:00:00-05:00,67.81286594362408,68.31141662597656,67.81286594362408,68.31141662597656,1900,0.0,0.0,0.0
2019-12-23 00:00:00-05:00,68.34534045561223,68.41519230440431,68.17570133901438,68.32538604736328,2000,0.054,0.0,0.0
2019-12-24 00:00:00-05:00,68.30542755126953,68.30542755126953,68.30542755126953,68.30542755126953,500,0.0,0.0,0.0
2019-12-26 00:00:00-05:00,68.31541210668206,68.31541210668206,68.04598569439503,68.28547668457031,1700,0.0,0.0,0.0
2019-12-27 00:00:00-05:00,68.51499128348223,68.53494569292468,68.14576999590864,68.34534454345703,3400,0.0,0.0,0.0
2019-12-30 00:00:00-05:00,67.84639491305985,68.09586688336718,67.8364215158094,68.07591247558594,5800,0.0,0.0,0.0
2019-12-31 00:00:00-05:00,68.29545135988475,68.37527660701608,68.07591480039224,68.10585021972656,2100,0.0,0.0,0.0
2020-01-02 00:00:00-05:00,68.47507271909002,68.87422180175781,68.15574888498733,68.87422180175781,11300,0.0,0.0,0.0
2020-01-03 00:00:00-05:00,68.65468637298679,68.96402916684734,68.50500167447102,68.95404815673828,2200,0.0,0.0,0.0
2020-01-06 00:00:00-05:00,68.60479782325353,68.7744369506836,68.50501054907592,68.7744369506836,38500,0.0,0.0,0.0
2020-01-07 00:00:00-05:00,68.75448355760003,69.03389097474042,68.75448355760003,68.98399353027344,4200,0.0,0.0,0.0
2020-01-08 00:00:00-05:00,68.80436226465385,69.18356450941964,68.80436226465385,69.00394439697266,1900,0.0,0.0,0.0
2020-01-09 00:00:00-05:00,69.47295490940076,69.77231669665512,69.3931220541542,69.55278015136719,6200,0.0,0.0,0.0
2020-01-10 00:00:00-05:00,69.79228106702018,69.8621329143928,69.58272552490234,69.58272552490234,4100,0.0,0.0,0.0
2020-01-13 00:00:00-05:00,69.99185685306979,70.3510971069336,69.94195941264628,70.3510971069336,3700,0.0,0.0,0.0
2020-01-14 00:00:00-05:00,70.49079960246266,70.49079960246266,70.40099334716797,70.40099334716797,700,0.0,0.0,0.0
2020-01-15 00:00:00-05:00,70.98974449662012,71.089531763823,70.74027252197266,70.74027252197266,3500,0.0,0.0,0.0
2020-01-16 00:00:00-05:00,71.239225530995,71.32903941219587,71.12945723912809,71.24920654296875,5500,0.0,0.0,0.0
2020-01-17 00:00:00-05:00,71.68826714072333,71.75812660642815,71.57850646972656,71.57850646972656,4100,0.0,0.0,0.0
2020-01-21 00:00:00-05:00,71.18932212665412,71.62839525737625,71.13943229752347,71.36894226074219,4100,0.0,0.0,0.0
2020-01-22 00:00:00-05:00,71.85790628904593,71.85790628904593,71.44876861572266,71.44876861572266,1300,0.0,0.0,0.0
2020-01-23 00:00:00-05:00,71.18932066391778,71.817994926949,71.18932066391778,71.80801391601562,2300,0.0,0.0,0.0
2020-01-24 00:00:00-05:00,72.10739028935046,72.10739028935046,70.94983653446539,71.20928955078125,2300,0.0,0.0,0.0
2020-01-27 00:00:00-05:00,69.93199129002699,70.59059339626744,69.93199129002699,70.3211669921875,2400,0.0,0.0,0.0
2020-01-28 00:00:00-05:00,70.83009309063353,71.37892691879661,70.47085280410296,71.21926879882812,14500,0.0,0.0,0.0
2020-01-29 00:00:00-05:00,71.23921854254799,71.4088576630532,71.01968198035031,71.15938568115234,6800,0.0,0.0,0.0
2020-01-30 00:00:00-05:00,70.54069948161757,71.11946868896484,70.28124649077046,71.11946868896484,11500,0.0,0.0,0.0
2020-01-31 00:00:00-05:00,70.2213725044915,70.74027084964787,69.54280844496067,69.67253112792969,8600,0.0,0.0,0.0
2020-02-03 00:00:00-05:00,69.7324085714346,70.55067640193509,69.7324085714346,70.28125,6000,0.0,0.0,0.0
2020-02-04 00:00:00-05:00,71.44878190902122,71.82798423548842,71.44878190902122,71.71821594238281,3300,0.0,0.0,0.0
2020-02-05 00:00:00-05:00,71.72819099391594,71.91779216151825,71.72819099391594,71.83795928955078,3100,0.0,0.0,0.0
2020-02-06 00:00:00-05:00,72.07745415544855,72.21715786748233,72.03753772154157,72.11736297607422,14900,0.0,0.0,0.0
2020-02-07 00:00:00-05:00,71.88784203322398,72.05748114149394,71.77807376004219,71.87786102294922,7600,0.0,0.0,0.0
2020-02-10 00:00:00-05:00,72.08741985271855,72.29697539838197,71.99761359598301,72.24708557128906,27400,0.0,0.0,0.0
2020-02-11 00:00:00-05:00,72.55643574833499,72.82586977244807,72.51651931464114,72.63626861572266,3500,0.0,0.0,0.0
2020-02-12 00:00:00-05:00,72.5863668927928,73.08531086464124,72.5863668927928,72.8757553100586,212400,0.0,0.0,0.0
2020-02-13 00:00:00-05:00,72.64623998913459,73.16513833174714,72.64623998913459,73.03541564941406,3600,0.0,0.0,0.0
2020-02-14 00:00:00-05:00,73.08530475471136,73.30484130209635,72.99549850166123,73.25495147705078,6500,0.0,0.0,0.0
2020-02-18 00:00:00-05:00,73.1950764591614,73.43456742513386,73.1950764591614,73.36471557617188,2100,0.0,0.0,0.0
2020-02-19 00:00:00-05:00,73.74392614074472,74.16303728161668,73.74392614074472,74.09318542480469,5600,0.0,0.0,0.0
2020-02-20 00:00:00-05:00,73.59423913162108,73.8736465501992,73.1950824136747,73.24497985839844,2500,0.0,0.0,0.0
2020-02-21 00:00:00-05:00,73.28488558488732,73.28488558488732,72.486572265625,72.486572265625,4500,0.0,0.0,0.0
2020-02-24 00:00:00-05:00,70.75025846328619,70.84006472604328,70.12158417086255,70.41097259521484,5800,0.0,0.0,0.0
2020-02-25 00:00:00-05:00,70.63051354664465,70.63051354664465,67.84640502929688,67.84640502929688,9100,0.0,0.0,0.0
2020-02-26 00:00:00-05:00,67.83642595925868,68.97401760931263,67.41730723559604,67.57697296142578,7000,0.0,0.0,0.0
2020-02-27 00:00:00-05:00,66.39946066263053,67.21772842233452,65.10220336914062,65.10220336914062,8800,0.0,0.0,0.0
2020-02-28 00:00:00-05:00,62.118522442956774,64.0544274260232,62.118522442956774,63.73509979248047,17700,0.0,0.0,0.0
2020-03-02 00:00:00-05:00,63.91472815732022,66.10009765625,63.57544228525117,66.10009765625,10300,0.0,0.0,0.0
2020-03-03 00:00:00-05:00,66.49926250145913,66.80860537679744,64.89266204833984,64.89266204833984,5000,0.0,0.0,0.0
2020-03-04 00:00:00-05:00,65.66103038054878,67.82644541228939,65.66103038054878,67.74661254882812,3700,0.0,0.0,0.0
2020-03-05 00:00:00-05:00,66.33959062089781,66.68884986155203,65.43150898191641,65.70093536376953,5800,0.0,0.0,0.0
2020-03-06 00:00:00-05:00,64.02448883056658,64.68309086006934,63.00663894868024,64.5932846069336,10800,0.0,0.0,0.0
2020-03-09 00:00:00-04:00,57.797668119221434,60.85120661039947,54.88383713833712,59.95310974121094,30100,0.0,0.0,0.0
2020-03-10 00:00:00-04:00,61.739325204105135,62.737213134765625,60.42211344016452,62.737213134765625,7800,0.0,0.0,0.0
2020-03-11 00:00:00-04:00,60.66160603673576,61.02084628791584,58.306589996013265,59.45416259765625,32000,0.0,0.0,0.0
2020-03-12 00:00:00-04:00,54.41482521704098,56.44054021456762,53.706325731423775,53.85601043701172,11500,0.0,0.0,0.0
2020-03-13 00:00:00-04:00,56.799778770760675,57.807647705078125,53.84603143119332,57.807647705078125,9400,0.0,0.0,0.0
2020-03-16 00:00:00-04:00,50.88231043045056,53.985738890642494,46.97058751901721,51.261505126953125,18200,0.0,0.0,0.0
2020-03-17 00:00:00-04:00,51.99993668290079,53.327125549316406,50.05405460620174,53.327125549316406,8500,0.0,0.0,0.0
2020-03-18 00:00:00-04:00,50.59291711045635,50.8523662886071,47.08035125821708,49.415409088134766,13400,0.0,0.0,0.0
2020-03-19 00:00:00-04:00,49.16593785530221,51.76044490248807,48.527290201018936,51.37126922607422,5300,0.0,0.0,0.0
2020-03-20 00:00:00-04:00,52.249414701065994,52.379141202982645,49.26572799682617,49.26572799682617,4200,0.0,0.0,0.0
2020-03-23 00:00:00-04:00,49.36551909955882,49.36551909955882,46.571429737933194,47.22005844116211,12300,0.0,0.0,0.0
2020-03-24 00:00:00-04:00,50.333468511108585,52.31926727294922,50.333468511108585,52.31926727294922,4700,0.0,0.0,0.0
2020-03-25 00:00:00-04:00,53.7163099875272,55.342864599548506,52.06979335313853,53.816097259521484,10600,0.0,0.0,0.0
2020-03-26 00:00:00-04:00,53.985738995346274,56.67006013757458,53.985738995346274,56.6002082824707,9100,0.0,0.0,0.0
2020-03-27 00:00:00-04:00,54.24518754938471,55.78193584870495,54.24518754938471,54.77406692504883,8400,0.0,0.0,0.0
2020-03-30 00:00:00-04:00,55.39275644033571,56.41060256958008,55.39275644033571,56.41060256958008,11700,0.0,0.0,0.0
2020-03-31 00:00:00-04:00,55.642225771091915,56.49043274175302,55.372799396931924,55.54243850708008,5400,0.0,0.0,0.0
2020-04-01 00:00:00-04:00,52.80823025308488,53.14751231969843,52.21947999726782,52.31926727294922,2900,0.0,0.0,0.0
2020-04-02 00:00:00-04:00,52.46894869298457,53.71630859375,51.9400655065446,53.71630859375,4800,0.0,0.0,0.0
2020-04-03 00:00:00-04:00,53.77618488844692,53.77618488844692,52.349204712669824,52.738380432128906,23900,0.0,0.0,0.0
2020-04-06 00:00:00-04:00,55.07343037578706,56.91952522600467,54.8938102540007,56.789798736572266,132300,0.0,0.0,0.0
2020-04-07 00:00:00-04:00,59.06498350593131,59.06498350593131,56.6301383972168,56.6301383972168,19300,0.0,0.0,0.0
2020-04-08 00:00:00-04:00,57.58811482748084,58.755645751953125,56.909550691656385,58.755645751953125,19500,0.0,0.0,0.0
2020-04-09 00:00:00-04:00,60.08283336046362,60.172643429431865,59.0949264084534,59.47412109375,16100,0.0,0.0,0.0
2020-04-13 00:00:00-04:00,59.41424625529932,59.41424625529932,57.388531237431216,57.967308044433594,4200,0.0,0.0,0.0
2020-04-14 00:00:00-04:00,59.06498467855111,59.42422493920368,58.795554483061686,59.294498443603516,3700,0.0,0.0,0.0
2020-04-15 00:00:00-04:00,57.81762844508832,58.146933307124044,57.49830459461519,57.78769302368164,2800,0.0,0.0,0.0
2020-04-16 00:00:00-04:00,57.7876901484098,58.2966113202044,57.29872338546644,58.12697219848633,3900,0.0,0.0,0.0
2020-04-17 00:00:00-04:00,59.83335914541068,60.23251583857385,59.374331612921274,60.13272476196289,4900,0.0,0.0,0.0
2020-04-20 00:00:00-04:00,59.28452160128785,59.56392900277235,58.63589292596701,58.77560043334961,4800,0.0,0.0,0.0
2020-04-21 00:00:00-04:00,57.478344518054605,57.478344518054605,56.63014128142946,56.69999313354492,8800,0.0,0.0,0.0
2020-04-22 00:00:00-04:00,57.40849378441172,58.186848990726304,57.40849378441172,58.00722885131836,2200,0.0,0.0,0.0
2020-04-23 00:00:00-04:00,58.78557874579554,58.96519888060433,58.42633847617795,58.44629669189453,3300,0.0,0.0,0.0
2020-04-24 00:00:00-04:00,58.82549324357378,59.12485885620117,58.37644292131255,59.12485885620117,2100,0.0,0.0,0.0
2020-04-27 00:00:00-04:00,59.71361129959308,60.77137383001308,59.71361129959308,60.64164733886719,1000,0.0,0.0,0.0
2020-04-28 00:00:00-04:00,61.799199344719405,61.799199344719405,61.160551683384305,61.340171813964844,2200,0.0,0.0,0.0
2020-04-29 00:00:00-04:00,62.4378460423777,63.2161973917866,62.12849942078788,62.76715087890625,6400,0.0,0.0,0.0
2020-04-30 00:00:00-04:00,62.71725214197493,62.71725214197493,61.519789723523246,61.58964157104492,3100,0.0,0.0,0.0
2020-05-01 00:00:00-04:00,60.61171375814928,60.61171375814928,59.68367769073689,60.092811584472656,3800,0.0,0.0,0.0
2020-05-04 00:00:00-04:00,59.3443966505811,59.89323425292969,59.2046929488895,59.89323425292969,39100,0.0,0.0,0.0
2020-05-05 00:00:00-04:00,60.84122894981382,61.42000197584514,60.70152524720765,61.010868072509766,5400,0.0,0.0,0.0
2020-05-06 00:00:00-04:00,61.48985627046458,61.48985627046458,60.75142129687852,60.91108322143555,55300,0.0,0.0,0.0
2020-05-07 00:00:00-04:00,61.85907119122326,61.85907119122326,61.44993731377949,61.54972457885742,1300,0.0,0.0,0.0
2020-05-08 00:00:00-04:00,62.53763535461643,63.20622225367704,62.53763535461643,63.18626403808594,5800,0.0,0.0,0.0
2020-05-11 00:00:00-04:00,63.18626348840875,63.74508210017714,62.657384103086756,63.55548095703125,12400,0.0,0.0,0.0
2020-05-12 00:00:00-04:00,62.98668472011594,63.36588319723427,62.02871322631836,62.02871322631836,3000,0.0,0.0,0.0
2020-05-13 00:00:00-04:00,61.3301901170698,61.649513944165854,60.14270487297138,60.61171340942383,8400,0.0,0.0,0.0
2020-05-14 00:00:00-04:00,60.491963498818315,61.11065673828125,59.07496450644374,61.11065673828125,3600,0.0,0.0,0.0
2020-05-15 00:00:00-04:00,60.99091115683107,61.85907642434226,60.53188360801579,61.64951705932617,2800,0.0,0.0,0.0
2020-05-18 00:00:00-04:00,63.715144002278386,64.14423612475358,63.57544029852189,64.04444885253906,4400,0.0,0.0,0.0
2020-05-19 00:00:00-04:00,63.88478041327515,64.76292664334333,63.71514129638672,63.71514129638672,5400,0.0,0.0,0.0
2020-05-20 00:00:00-04:00,64.91260987493148,64.91260987493148,64.11429652272163,64.15421295166016,11400,0.0,0.0,0.0
2020-05-21 00:00:00-04:00,64.35378990898927,64.36377091992024,64.05442810058594,64.05442810058594,1500,0.0,0.0,0.0
2020-05-22 00:00:00-04:00,63.86482567183886,64.23404693603516,63.86482567183886,64.23404693603516,3900,0.0,0.0,0.0
2020-05-26 00:00:00-04:00,65.63108799139371,66.44935581670609,65.63108799139371,66.02027130126953,9200,0.0,0.0,0.0
2020-05-27 00:00:00-04:00,67.11793959231653,67.56698608398438,66.159968160353,67.56698608398438,2700,0.0,0.0,0.0
2020-05-28 00:00:00-04:00,67.70669034034412,68.47506826235896,67.51709682240093,67.60690307617188,4400,0.0,0.0,0.0
2020-05-29 00:00:00-04:00,67.267624528095,68.13578209677853,67.23768149703676,68.12580108642578,8100,0.0,0.0,0.0
2020-06-01 00:00:00-04:00,68.53494326704563,68.89418353054178,68.44512939453125,68.44512939453125,21400,0.0,0.0,0.0
2020-06-02 00:00:00-04:00,68.54492483997946,68.58484127105967,68.35532369566863,68.48504638671875,4200,0.0,0.0,0.0
2020-06-03 00:00:00-04:00,69.13367859796153,70.14154759766882,69.13367859796153,70.10163116455078,19300,0.0,0.0,0.0
2020-06-04 00:00:00-04:00,70.10162976846745,70.10162976846745,69.42306564553681,69.59270477294922,3600,0.0,0.0,0.0
2020-06-05 00:00:00-04:00,70.86999689619668,71.28911560968137,70.86002349853516,70.86002349853516,4100,0.0,0.0,0.0
2020-06-08 00:00:00-04:00,71.94772089431518,71.94772089431518,70.36108268124228,70.54070281982422,3200,0.0,0.0,0.0
2020-06-09 00:00:00-04:00,70.10162538965845,70.26129110897753,69.90205085379014,69.96192169189453,2900,0.0,0.0,0.0
2020-06-10 00:00:00-04:00,69.80225614024415,69.90205102169855,69.47295891659851,69.70246887207031,1700,0.0,0.0,0.0
2020-06-11 00:00:00-04:00,67.78652436721097,67.78652436721097,65.5911740644016,65.7907485961914,10400,0.0,0.0,0.0
2020-06-12 00:00:00-04:00,67.4771832474743,67.63684135424529,64.76292691284237,65.09223175048828,9600,0.0,0.0,0.0
2020-06-15 00:00:00-04:00,64.56335373128194,67.1179523140025,64.56335373128194,66.9782485961914,3000,0.0,0.0,0.0
2020-06-16 00:00:00-04:00,68.08589179285634,68.30542072611172,67.86635524632081,67.95616149902344,9000,0.0,0.0,0.0
2020-06-17 00:00:00-04:00,68.12579756284651,68.50499980383574,67.97612048169795,68.14575958251953,4200,0.0,0.0,0.0
2020-06-18 00:00:00-04:00,68.0060636839987,68.0060636839987,67.83642456375499,67.88631439208984,700,0.0,0.0,0.0
2020-06-19 00:00:00-04:00,68.67464883299067,68.67464883299067,67.39735346733143,67.4871597290039,4200,0.0,0.0,0.0
2020-06-22 00:00:00-04:00,67.10949519168278,67.82884787555886,67.10949519168278,67.64900970458984,3400,0.082,0.0,0.0
2020-06-23 00:00:00-04:00,68.30841803001022,68.37835467216233,67.80886840820312,67.80886840820312,1500,0.0,0.0,0.0
2020-06-24 00:00:00-04:00,67.34929013867048,67.34929013867048,65.65081668790164,66.14037322998047,4100,0.0,0.0,0.0
2020-06-25 00:00:00-04:00,65.45099798066451,66.67988586425781,65.45099798066451,66.67988586425781,3800,0.0,0.0,0.0
2020-06-26 00:00:00-04:00,65.92057841403512,66.92966326850909,65.92057841403512,66.20032501220703,1700,0.0,0.0,0.0
2020-06-29 00:00:00-04:00,65.86062065188513,66.70985348886575,65.86062065188513,66.64990997314453,4000,0.0,0.0,0.0
2020-06-30 00:00:00-04:00,66.3301997438192,68.31840515136719,66.3301997438192,68.31840515136719,5200,0.0,0.0,0.0
2020-07-01 00:00:00-04:00,67.85882177350281,68.53820959386276,67.80887138264441,68.32839965820312,7400,0.0,0.0,0.0
2020-07-02 00:00:00-04:00,68.82794952392578,68.82794952392578,68.82794952392578,68.82794952392578,1000,0.0,0.0,0.0
2020-07-06 00:00:00-04:00,69.09770257713775,69.73712543910769,69.00777968770853,69.26754760742188,4500,0.0,0.0,0.0
2020-07-07 00:00:00-04:00,68.81795841641393,68.94784620642655,68.17853546142578,68.17853546142578,3100,0.0,0.0,0.0
2020-07-08 00:00:00-04:00,68.51822927597215,68.64810943603516,68.22848957504162,68.64810943603516,1200,0.0,0.0,0.0
2020-07-09 00:00:00-04:00,68.09861621331187,68.1086017187211,67.28934054629383,67.36927032470703,1600,0.0,0.0,0.0
2020-07-10 00:00:00-04:00,67.20940654828995,68.1785340887667,67.20940654828995,68.16854858398438,3600,0.0,0.0,0.0
2020-07-13 00:00:00-04:00,68.40833632452697,68.40833632452697,67.049560546875,67.049560546875,3300,0.0,0.0,0.0
2020-07-14 00:00:00-04:00,66.96962857510228,68.5282211303711,66.96962857510228,68.5282211303711,4900,0.0,0.0,0.0
2020-07-15 00:00:00-04:00,69.19761578280806,70.09680662703026,69.19761578280806,70.07682037353516,2800,0.0,0.0,0.0
2020-07-16 00:00:00-04:00,70.0668330788544,70.0668330788544,69.7870864868164,69.7870864868164,1400,0.0,0.0,0.0
2020-07-17 00:00:00-04:00,69.63721712161471,70.87610572333995,69.63721712161471,70.70625305175781,700,0.0,0.0,0.0
2020-07-20 00:00:00-04:00,70.87610222607978,70.87610222607978,70.72623581620698,70.7362289428711,1100,0.0,0.0,0.0
2020-07-21 00:00:00-04:00,71.42561340332031,71.89519133718738,71.19582481176202,71.42561340332031,12100,0.0,0.0,0.0
2020-07-22 00:00:00-04:00,71.99509292663198,72.01507918119137,71.65540282434955,71.985107421875,6300,0.0,0.0,0.0
2020-07-23 00:00:00-04:00,72.7743901199906,72.7743901199906,71.4356007026951,71.71534729003906,2800,0.0,0.0,0.0
2020-07-24 00:00:00-04:00,71.31570317539047,71.48555584447165,70.74621689617658,71.0859146118164,2200,0.0,0.0,0.0
2020-07-27 00:00:00-04:00,71.28573154535815,71.69536590576172,71.23578115526279,71.69536590576172,4300,0.0,0.0,0.0
2020-07-28 00:00:00-04:00,71.51553347847236,71.68537853898496,70.79618072509766,70.79618072509766,7000,0.0,0.0,0.0
2020-07-29 00:00:00-04:00,71.06593277806303,72.29482831097316,71.06593277806303,72.22489166259766,4500,0.0,0.0,0.0
2020-07-30 00:00:00-04:00,71.61544015328077,71.98510964883853,71.42560884170746,71.83524322509766,500,0.0,0.0,0.0
2020-07-31 00:00:00-04:00,71.1558514849926,71.58546447753906,70.71624536540388,71.58546447753906,800,0.0,0.0,0.0
2020-08-03 00:00:00-04:00,71.91517820973645,72.92426311613448,71.91517820973645,72.81436157226562,2500,0.0,0.0,0.0
2020-08-04 00:00:00-04:00,72.76440482405779,72.93424987792969,72.53460862806661,72.93424987792969,900,0.0,0.0,0.0
2020-08-05 00:00:00-04:00,72.97421841177608,74.12318420410156,72.97421841177608,74.12318420410156,2900,0.0,0.0,0.0
2020-08-06 00:00:00-04:00,74.47286425579466,74.55279403083051,74.36296272075107,74.54280090332031,2200,0.0,0.0,0.0
2020-08-07 00:00:00-04:00,74.52281348247824,75.03235626220703,74.35296843007625,75.03235626220703,4900,0.0,0.0,0.0
2020-08-10 00:00:00-04:00,75.25216113021462,75.54190085023049,75.2321824975514,75.32209777832031,1800,0.0,0.0,0.0
2020-08-11 00:00:00-04:00,75.91156255962815,76.3811327930176,75.43199157714844,75.43199157714844,19000,0.0,0.0,0.0
2020-08-12 00:00:00-04:00,75.90157614540661,75.95152653762003,75.49194176763316,75.70175170898438,3700,0.0,0.0,0.0
2020-08-13 00:00:00-04:00,75.95152071148432,76.43109169958761,75.73172528206435,75.99148559570312,9600,0.0,0.0,0.0
2020-08-14 00:00:00-04:00,75.79168012530461,76.22129316671578,75.64181369271496,75.7417221069336,6600,0.0,0.0,0.0
2020-08-17 00:00:00-04:00,76.40112940872316,76.6608973770714,76.23128434663991,76.28123474121094,26500,0.0,0.0,0.0
2020-08-18 00:00:00-04:00,76.89067623708067,76.89067623708067,76.21128845214844,76.21128845214844,2900,0.0,0.0,0.0
2020-08-19 00:00:00-04:00,76.72083119647817,77.17042280337238,76.21128845214844,76.21128845214844,12100,0.0,0.0,0.0
2020-08-20 00:00:00-04:00,76.81075780051853,76.81075780051853,75.86161643593013,76.07142639160156,7200,0.0,0.0,0.0
2020-08-21 00:00:00-04:00,75.68177561430375,76.21129704916316,75.66179698125305,75.94154357910156,4300,0.0,0.0,0.0
2020-08-24 00:00:00-04:00,77.39023209348733,77.39023209348733,76.05144266901692,76.31120300292969,8300,0.0,0.0,0.0
2020-08-25 00:00:00-04:00,76.89068052355125,76.89068052355125,76.54099729619263,76.85071563720703,3700,0.0,0.0,0.0
2020-08-26 00:00:00-04:00,77.2403611219551,77.71993211924044,77.2403611219551,77.440185546875,4700,0.0,0.0,0.0
2020-08-27 00:00:00-04:00,77.98969590294196,77.98969590294196,77.20040647055663,77.57007598876953,13500,0.0,0.0,0.0
2020-08-28 00:00:00-04:00,77.98968845217043,78.07961135234423,77.65999147826032,78.06961822509766,3200,0.0,0.0,0.0
2020-08-31 00:00:00-04:00,78.63911191476929,78.63911191476929,77.30032239366065,77.67997741699219,5300,0.0,0.0,0.0
2020-09-01 00:00:00-04:00,78.00967722904448,79.16862848387227,77.66997949438125,79.02875518798828,7500,0.0,0.0,0.0
2020-09-02 00:00:00-04:00,79.06871449853867,79.94791909958273,78.66907327169231,79.81803894042969,14500,0.0,0.0,0.0
2020-09-03 00:00:00-04:00,79.23856541502143,79.23856541502143,75.93154907226562,75.93154907226562,32800,0.0,0.0,0.0
2020-09-04 00:00:00-04:00,76.48105547013041,76.48105547013041,73.8833911579395,75.81165313720703,13900,0.0,0.0,0.0
2020-09-08 00:00:00-04:00,74.9524306576234,75.47196659360506,74.14316261496809,74.34298706054688,155700,0.0,0.0,0.0
2020-09-09 00:00:00-04:00,75.01237930565549,76.89068329643469,75.01237930565549,76.15135192871094,49800,0.0,0.0,0.0
2020-09-10 00:00:00-04:00,76.6608905330902,77.08051039813618,75.11228361170102,75.40202331542969,50000,0.0,0.0,0.0
2020-09-11 00:00:00-04:00,75.71174654178323,75.82164807866019,74.83254186929055,75.38204193115234,7900,0.0,0.0,0.0
2020-09-14 00:00:00-04:00,76.52101337147768,76.63091490663963,75.41202013738297,76.59095764160156,14600,0.0,0.0,0.0
2020-09-15 00:00:00-04:00,77.20039971883949,77.4102172800991,76.54099814316973,76.69086456298828,16200,0.0,0.0,0.0
2020-09-16 00:00:00-04:00,77.22038597349409,77.67997073775429,76.69086456298828,76.69086456298828,24800,0.0,0.0,0.0
2020-09-17 00:00:00-04:00,75.49194385783665,76.4910432000421,75.37205681518675,76.38114166259766,4200,0.0,0.0,0.0
2020-09-18 00:00:00-04:00,76.61093703048822,76.67088055116004,75.74171786813189,75.82164764404297,2000,0.0,0.0,0.0
2020-09-21 00:00:00-04:00,74.29791677195786,74.29791677195786,72.95903158612872,74.03813171386719,27200,0.005,0.0,0.0
2020-09-22 00:00:00-04:00,74.35786909998694,74.97735424116257,73.75837153083079,74.84746551513672,10900,0.0,0.0,0.0
2020-09-23 00:00:00-04:00,75.05728881934955,75.2271450653395,73.03897094726562,73.03897094726562,5000,0.0,0.0,0.0
2020-09-24 00:00:00-04:00,72.53938666425185,73.68842808441036,72.42947789048735,72.9090805053711,3500,0.0,0.0,0.0
2020-09-25 00:00:00-04:00,73.37868472733702,74.59766732489841,73.37868472733702,74.32788848876953,3000,0.0,0.0,0.0
2020-09-28 00:00:00-04:00,75.92655268408258,76.62597281748376,75.90657273651095,76.25627899169922,11800,0.0,0.0,0.0
2020-09-29 00:00:00-04:00,76.645955811793,76.70590327991549,76.05645204718876,76.08642578125,52800,0.0,0.0,0.0
2020-09-30 00:00:00-04:00,76.19633483886719,76.92572111382616,75.57684971486746,76.19633483886719,4600,0.0,0.0,0.0
2020-10-01 00:00:00-04:00,77.31540139283149,77.31540139283149,76.43613875019041,76.8158187866211,5600,0.0,0.0,0.0
2020-10-02 00:00:00-04:00,75.79666881334366,77.11556650510896,75.71673377189725,76.53604888916016,5100,0.0,0.0,0.0
2020-10-05 00:00:00-04:00,77.20548419053718,78.58433691205344,77.20548419053718,78.39449310302734,158500,0.0,0.0,0.0
2020-10-06 00:00:00-04:00,78.56435250733735,80.01314653956342,78.54437255859375,78.54437255859375,5300,0.0,0.0,0.0
2020-10-07 00:00:00-04:00,79.72338419991364,80.52271170565915,79.72338419991364,80.40281677246094,16300,0.0,0.0,0.0
2020-10-08 00:00:00-04:00,81.3919924519364,81.3919924519364,80.2129772664273,80.4627685546875,16200,0.0,0.0,0.0
2020-10-09 00:00:00-04:00,81.3520239878448,81.92154781355389,81.3520239878448,81.72171783447266,5100,0.0,0.0,0.0
2020-10-12 00:00:00-04:00,83.3703337603954,83.3703337603954,81.34202993955093,81.61180114746094,13700,0.0,0.0,0.0
2020-10-13 00:00:00-04:00,81.77166545428497,81.82162675686314,80.93237045674823,81.00231170654297,6900,0.0,0.0,0.0
2020-10-14 00:00:00-04:00,81.29207005848214,81.82162632168637,80.81246747456588,81.10222625732422,14300,0.0,0.0,0.0
2020-10-15 00:00:00-04:00,80.78250305443912,81.3520269005392,80.22297299455843,81.23213195800781,9400,0.0,0.0,0.0
2020-10-16 00:00:00-04:00,81.35201680514724,81.56184055156439,81.09223937988281,81.09223937988281,6900,0.0,0.0,0.0
2020-10-19 00:00:00-04:00,82.1813370038146,82.1813370038146,79.76335906982422,79.76335906982422,9000,0.0,0.0,0.0
2020-10-20 00:00:00-04:00,80.74252997157467,81.30206761594343,80.27292115093607,80.41281127929688,8700,0.0,0.0,0.0
2020-10-21 00:00:00-04:00,80.51272629997015,80.53270624801607,78.73421362591634,78.82413482666016,7500,0.0,0.0,0.0
2020-10-22 00:00:00-04:00,79.1138926106419,79.1138926106419,78.12472129999328,78.70423126220703,4200,0.0,0.0,0.0
2020-10-23 00:00:00-04:00,80.23296273366192,80.23296273366192,78.73421504341687,79.3736801147461,34000,0.0,0.0,0.0
2020-10-26 00:00:00-04:00,77.96485588969368,78.51439977460998,76.33621942998062,77.2854232788086,12900,0.0,0.0,0.0
2020-10-27 00:00:00-04:00,77.59517075686294,77.59517075686294,76.15637047277623,76.3462142944336,5700,0.0,0.0,0.0
2020-10-28 00:00:00-04:00,75.04729376734217,75.45694750799672,74.71756744384766,74.71756744384766,25800,0.0,0.0,0.0
2020-10-29 00:00:00-04:00,74.98734826743296,75.61681957360999,74.46777811561446,75.48693084716797,7800,0.0,0.0,0.0
2020-10-30 00:00:00-04:00,73.49858509653913,73.77835011543661,73.32872885264067,73.76836395263672,175000,0.0,0.0,0.0
2020-11-02 00:00:00-05:00,74.7375542581113,76.01648439601279,74.7375542581113,75.76669311523438,154400,0.0,0.0,0.0
2020-11-03 00:00:00-05:00,78.02480328934982,79.35369477493137,77.19550200425792,78.34454345703125,48900,0.0,0.0,0.0
2020-11-04 00:00:00-05:00,78.72422171163542,79.33371305235815,77.03563019818804,78.74420166015625,11100,0.0,0.0,0.0
2020-11-05 00:00:00-05:00,81.43196382791574,81.65178139167517,80.87243375509209,81.1521987915039,11700,0.0,0.0,0.0
2020-11-06 00:00:00-05:00,81.21214698498504,81.51189959695857,80.95236189614302,81.16219329833984,27900,0.0,0.0,0.0
2020-11-09 00:00:00-05:00,86.00813037105668,86.00813037105668,81.10222625732422,81.10222625732422,19000,0.0,0.0,0.0
2020-11-10 00:00:00-05:00,82.20131544625768,82.65094434801958,80.43279644379847,81.65177917480469,95600,0.0,0.0,0.0
2020-11-11 00:00:00-05:00,82.65094093935993,82.85077091655145,82.0514433847603,82.77083587646484,28500,0.0,0.0,0.0
2020-11-12 00:00:00-05:00,82.49107498922825,82.58100381958435,81.52188354297274,81.66177368164062,14600,0.0,0.0,0.0
2020-11-13 00:00:00-05:00,82.7508546259125,83.28041091786027,82.68091337269345,83.07058715820312,13500,0.0,0.0,0.0
2020-11-16 00:00:00-05:00,87.76666295581843,89.60513079241629,83.92987244591441,84.3794937133789,23100,0.0,0.0,0.0
2020-11-17 00:00:00-05:00,84.80913200303645,84.80913200303645,83.31038433431605,84.01979064941406,8300,0.0,0.0,0.0
2020-11-18 00:00:00-05:00,85.60846582862806,85.60846582862806,83.77999187131987,83.78998565673828,12500,0.0,0.0,0.0
2020-11-19 00:00:00-05:00,83.77000137292848,88.86574966675762,83.45026883421596,84.25959777832031,14100,0.0,0.0,0.0
2020-11-20 00:00:00-05:00,85.73835702146046,85.73835702146046,84.03977935649483,84.45942687988281,18600,0.0,0.0,0.0
2020-11-23 00:00:00-05:00,85.5285281896027,86.17798700759819,85.42861320753211,85.97815704345703,19600,0.0,0.0,0.0
2020-11-24 00:00:00-05:00,87.22711468995078,88.14634473567666,86.18798209012058,87.26707458496094,13900,0.0,0.0,0.0
2020-11-25 00:00:00-05:00,87.0372740399713,87.60679785231781,86.40780275991193,87.41695404052734,8500,0.0,0.0,0.0
2020-11-27 00:00:00-05:00,88.42611396038986,88.42611396038986,87.52686381923851,87.53685760498047,4500,0.0,0.0,0.0
2020-11-30 00:00:00-05:00,87.99647444656256,87.99647444656256,85.9381966771415,86.60763549804688,17000,0.0,0.0,0.0
2020-12-01 00:00:00-05:00,87.74668360498764,87.74668360498764,86.50772094726562,86.50772094726562,11000,0.0,0.0,0.0
2020-12-02 00:00:00-05:00,86.21795523794385,86.21795523794385,84.93902516160657,85.45858764648438,8500,0.0,0.0,0.0
2020-12-03 00:00:00-05:00,85.98814319036367,86.4577519913394,85.44859313964844,85.44859313964844,7600,0.0,0.0,0.0
2020-12-04 00:00:00-05:00,85.52852721077932,87.03726857875921,85.52852721077932,86.91736602783203,19400,0.0,0.0,0.0
2020-12-07 00:00:00-05:00,87.70671213004591,87.70671213004591,86.56766451456673,86.87740325927734,16500,0.0,0.0,0.0
2020-12-08 00:00:00-05:00,88.2462661519073,89.28539882748443,87.42695103003258,88.9456787109375,8800,0.0,0.0,0.0
2020-12-09 00:00:00-05:00,90.9639938727566,90.9639938727566,86.6775745727806,87.10721588134766,19300,0.0,0.0,0.0
2020-12-10 00:00:00-05:00,86.89738881488631,87.16716003417969,86.59763623964953,87.16716003417969,5300,0.0,0.0,0.0
2020-12-11 00:00:00-05:00,87.39697496692807,87.43694248681157,86.61762738676241,87.21712493896484,9000,0.0,0.0,0.0
2020-12-14 00:00:00-05:00,87.78665141046638,88.00646896495735,86.61763000488281,86.61763000488281,7600,0.0,0.0,0.0
2020-12-15 00:00:00-05:00,88.12635760155632,89.6151190693817,88.12635760155632,89.28539276123047,6500,0.0,0.0,0.0
2020-12-16 00:00:00-05:00,89.36533315145599,89.45525435559811,88.67590676093253,88.9356918334961,8100,0.0,0.0,0.0
2020-12-17 00:00:00-05:00,90.07474054596051,90.50438186895343,89.7749879492584,90.43444061279297,6600,0.0,0.0,0.0
2020-12-18 00:00:00-05:00,91.53351550485831,91.53351550485831,90.55433035182865,91.10387420654297,9100,0.0,0.0,0.0
2020-12-21 00:00:00-05:00,90.57227277818676,91.57152557373047,89.10336994894648,91.57152557373047,10200,0.008,0.0,0.0
2020-12-22 00:00:00-05:00,91.47160173475324,93.26026515197402,91.47160173475324,93.03043365478516,10700,0.0,0.0,0.0
2020-12-23 00:00:00-05:00,94.41939379162618,94.41939379162618,92.78061982940753,93.07040405273438,8700,0.0,0.0,0.0
2020-12-24 00:00:00-05:00,93.12037021474373,93.35019408785408,92.78062030081941,93.0404281616211,7600,0.0,0.0,0.0
2020-12-28 00:00:00-05:00,94.59926322181784,94.59926322181784,92.3609390258789,92.3609390258789,9200,0.0,0.0,0.0
2020-12-29 00:00:00-05:00,92.90053354662903,92.90053354662903,90.49233065193623,91.09188842773438,15700,0.0,0.0,0.0
2020-12-30 00:00:00-05:00,91.58151656586358,92.53080363410652,91.58151656586358,92.29098510742188,21400,0.0,0.0,0.0
2020-12-31 00:00:00-05:00,92.71067526441388,92.9105304022953,91.8013591640589,92.89054107666016,9200,0.0,0.0,0.0
2021-01-04 00:00:00-05:00,93.60000429179631,93.60000429179631,90.06264860306551,90.8021011352539,28100,0.0,0.0,0.0
2021-01-05 00:00:00-05:00,90.99195502600699,92.41089975699127,90.99195502600699,92.1910629272461,19700,0.0,0.0,0.0
2021-01-06 00:00:00-05:00,93.0004585745086,97.67696202285225,93.0004585745086,96.33796691894531,38400,0.0,0.0,0.0
2021-01-07 00:00:00-05:00,98.78613411615062,101.25428979437227,98.15660758585807,100.15511322021484,28900,0.0,0.0,0.0
2021-01-08 00:00:00-05:00,102.91304108840038,103.02295950346661,99.48560376767432,101.8838119506836,46700,0.0,0.0,0.0
2021-01-11 00:00:00-05:00,104.04220499449718,104.04220499449718,99.32573052634037,100.70469665527344,37200,0.0,0.0,0.0
2021-01-12 00:00:00-05:00,103.22281809553279,104.57180786132812,102.32348904377126,104.57180786132812,24500,0.0,0.0,0.0
2021-01-13 00:00:00-05:00,106.26054236298046,106.26054236298046,103.37270229199765,103.45264434814453,20600,0.0,0.0,0.0
2021-01-14 00:00:00-05:00,103.73242737363799,103.83235874936122,102.92303507139634,103.3826904296875,31900,0.0,0.0,0.0
2021-01-15 00:00:00-05:00,102.92303951679536,102.92303951679536,98.81610985433646,100.19507598876953,23600,0.0,0.0,0.0
2021-01-19 00:00:00-05:00,102.07367696922313,102.9430220424496,101.88381649406149,102.56330871582031,58500,0.0,0.0,0.0
2021-01-20 00:00:00-05:00,103.45264200257526,103.45264200257526,101.99373381759573,102.63325500488281,76100,0.0,0.0,0.0
2021-01-21 00:00:00-05:00,102.83311146965033,103.79239326297794,101.85384035063386,103.032958984375,47300,0.0,0.0,0.0
2021-01-22 00:00:00-05:00,102.84309450998929,103.77239990234375,101.82386002661362,103.77239990234375,33800,0.0,0.0,0.0
2021-01-25 00:00:00-05:00,104.43191287489526,104.68172607635987,101.05443351192979,102.16360473632812,94600,0.0,0.0,0.0
2021-01-26 00:00:00-05:00,103.12288359126117,104.14212569360669,102.42340969647006,102.8331069946289,74900,0.0,0.0,0.0
2021-01-27 00:00:00-05:00,101.11438978938772,103.92228762110682,97.31722623067752,98.05667114257812,88800,0.0,0.0,0.0
2021-01-28 00:00:00-05:00,98.14660790647079,101.26427165754963,98.14660790647079,99.99522399902344,24400,0.0,0.0,0.0
2021-01-29 00:00:00-05:00,99.74541275872326,100.36495223035655,97.42714660096097,98.4164047241211,31100,0.0,0.0,0.0
2021-02-01 00:00:00-05:00,100.92453580486607,100.92453580486607,97.56704568700668,100.0751724243164,239100,0.0,0.0,0.0
2021-02-02 00:00:00-05:00,102.02370901440062,102.62325916765876,100.68471392624724,102.22356414794922,24200,0.0,0.0,0.0
2021-02-03 00:00:00-05:00,102.58329442696036,103.10290252002339,101.45413390229304,102.79313659667969,44000,0.0,0.0,0.0
2021-02-04 00:00:00-05:00,103.47263301282601,104.89157019374258,103.2428015087959,104.4618911743164,69100,0.0,0.0,0.0
2021-02-05 00:00:00-05:00,105.88082270937701,105.88082270937701,104.82161721160833,105.30125427246094,33600,0.0,0.0,0.0
2021-02-08 00:00:00-05:00,106.93004239202946,107.75941640751329,106.36046861094118,107.64950561523438,43100,0.0,0.0,0.0
2021-02-09 00:00:00-05:00,107.90930694757617,109.28828068064752,107.57955931999693,108.548828125,22100,0.0,0.0,0.0
2021-02-10 00:00:00-05:00,109.91780444789558,109.91780444789558,106.6002855640523,106.7801513671875,29200,0.0,0.0,0.0
2021-02-11 00:00:00-05:00,107.88932334082128,107.90930504189687,105.44114946775797,106.73018646240234,21900,0.0,0.0,0.0
2021-02-12 00:00:00-05:00,106.63026615511167,107.47962951660156,106.57031342625405,107.47962951660156,9700,0.0,0.0,0.0
2021-02-16 00:00:00-05:00,109.30826036604992,109.67798663705463,106.17060726477924,106.25054931640625,22100,0.0,0.0,0.0
2021-02-17 00:00:00-05:00,106.5603212235188,106.99000024553678,102.96301255883252,104.42192077636719,29700,0.0,0.0,0.0
2021-02-18 00:00:00-05:00,103.06293172151426,103.10290274779106,100.47487066556486,101.32423400878906,20400,0.0,0.0,0.0
2021-02-19 00:00:00-05:00,102.24354437493976,105.71095274914053,102.24354437493976,104.7416763305664,27300,0.0,0.0,0.0
2021-02-22 00:00:00-05:00,104.9515204934725,104.9515204934725,101.9637567524269,102.1935806274414,33900,0.0,0.0,0.0
2021-02-23 00:00:00-05:00,100.60476899965707,102.16360087834833,96.74765270480351,101.92378234863281,39000,0.0,0.0,0.0
2021-02-24 00:00:00-05:00,101.93377921518085,104.74167711474536,101.93377921518085,104.69171142578125,28700,0.0,0.0,0.0
2021-02-25 00:00:00-05:00,104.38194516853075,104.38194516853075,99.70544182251282,99.86532592773438,32900,0.0,0.0,0.0
2021-02-26 00:00:00-05:00,101.3042482442833,101.99373513032702,99.14586611533296,100.6147689819336,27800,0.0,0.0,0.0
2021-03-01 00:00:00-05:00,103.80238018015993,104.91155142007476,102.99298783567387,104.49186706542969,207600,0.0,0.0,0.0
2021-03-02 00:00:00-05:00,106.47038705712194,106.47038705712194,102.31349182128906,102.31349182128906,105500,0.0,0.0,0.0
2021-03-03 00:00:00-05:00,103.1128996696075,103.1128996696075,100.2150650024414,100.2150650024414,60900,0.0,0.0,0.0
2021-03-04 00:00:00-05:00,100.70469303206336,100.76464575873572,94.40940514957501,96.56778717041016,76800,0.0,0.0,0.0
2021-03-05 00:00:00-05:00,97.90679247158833,98.2065637366775,92.46086014998953,97.85682678222656,41900,0.0,0.0,0.0
2021-03-08 00:00:00-05:00,99.10589421206815,99.80536813108205,97.72692807585763,97.76689147949219,158400,0.0,0.0,0.0
2021-03-09 00:00:00-05:00,99.86532757293864,101.06442788707955,98.83609840562382,100.24504089355469,35000,0.0,0.0,0.0
2021-03-10 00:00:00-05:00,102.88306940740995,102.97300612550902,101.53407962547584,102.07367706298828,73000,0.0,0.0,0.0
2021-03-11 00:00:00-05:00,106.7202001169384,106.7202001169384,103.22281538158154,105.23130798339844,46800,0.0,0.0,0.0
2021-03-12 00:00:00-05:00,104.3819445749372,105.720947265625,104.37194991249424,105.720947265625,20900,0.0,0.0,0.0
2021-03-15 00:00:00-04:00,106.78015459475056,106.78015459475056,104.98149650903177,106.09066772460938,31300,0.0,0.0,0.0
2021-03-16 00:00:00-04:00,106.22057467731607,106.22057467731607,103.13287959041749,103.23280334472656,28400,0.0,0.0,0.0
2021-03-17 00:00:00-04:00,101.98374007211437,103.84235092178803,100.94451622750269,103.5425796508789,32300,0.0,0.0,0.0
2021-03-18 00:00:00-04:00,103.44264398645738,103.63250445342312,100.87456465784574,100.90454864501953,12800,0.0,0.0,0.0
2021-03-19 00:00:00-04:00,101.49410625630131,101.51408795781012,99.4256532720713,101.25428771972656,18400,0.0,0.0,0.0
2021-03-22 00:00:00-04:00,101.98373426086953,101.98373426086953,100.18508386682373,101.00447082519531,10000,0.0,0.0,0.0
2021-03-23 00:00:00-04:00,100.9245298103625,100.9245298103625,97.59701625524526,98.02669525146484,56500,0.0,0.0,0.0
2021-03-24 00:00:00-04:00,99.57554379241053,99.6954492501468,96.82759857177734,96.82759857177734,22300,0.0,0.0,0.0
2021-03-25 00:00:00-04:00,96.07815979128453,98.52632614121451,94.80910444558832,98.22655487060547,32700,0.0,0.0,0.0
2021-03-26 00:00:00-04:00,99.1358692810331,100.7546615600586,98.6762139083035,100.7546615600586,24700,0.0,0.0,0.0
2021-03-29 00:00:00-04:00,99.86532344883389,100.42490255583172,98.24653123026991,98.56629180908203,37400,0.0,0.0,0.0
2021-03-30 00:00:00-04:00,99.2158123327879,101.17434692382812,98.60626750932661,101.17434692382812,15300,0.0,0.0,0.0
2021-03-31 00:00:00-04:00,101.45413600425248,102.79313872638102,101.35421224855784,102.17359924316406,37200,0.0,0.0,0.0
2021-04-01 00:00:00-04:00,103.58254855123576,103.58254855123576,102.63325382028331,103.19283294677734,32100,0.0,0.0,0.0
2021-04-05 00:00:00-04:00,105.71095672542214,105.71095672542214,103.53258527322924,104.49186706542969,88300,0.0,0.0,0.0
2021-04-06 00:00:00-04:00,105.01147073952026,105.37120234935486,103.72244136525553,103.80237579345703,50600,0.0,0.0,0.0
2021-04-07 00:00:00-04:00,103.71244997384694,103.71244997384694,101.12438123389435,101.17434692382812,77600,0.0,0.0,0.0
2021-04-08 00:00:00-04:00,102.22356273020979,102.63325240683824,101.13437323263395,102.31349182128906,34600,0.0,0.0,0.0
2021-04-09 00:00:00-04:00,103.15287285446536,103.15287285446536,102.02371227894308,102.98299407958984,16700,0.0,0.0,0.0
2021-04-12 00:00:00-04:00,104.09216469269253,104.09216469269253,102.53333272913638,103.02296447753906,57000,0.0,0.0,0.0
2021-04-13 00:00:00-04:00,103.05293769847762,103.05293769847762,101.45413475595359,102.2535400390625,28700,0.0,0.0,0.0
2021-04-14 00:00:00-04:00,103.012964112822,103.09290616388567,101.36420314587212,101.44413757324219,22100,0.0,0.0,0.0
2021-04-15 00:00:00-04:00,102.59328232882726,102.59328232882726,100.34496354674236,101.28426361083984,95800,0.0,0.0,0.0
2021-04-16 00:00:00-04:00,101.22430836835751,101.84384020486691,100.97449517655376,101.44413757324219,22500,0.0,0.0,0.0
2021-04-19 00:00:00-04:00,101.11438958892374,101.11438958892374,98.80611052088109,99.52557373046875,18600,0.0,0.0,0.0
2021-04-20 00:00:00-04:00,99.3157350370715,99.3157350370715,96.56778984108439,97.36719512939453,60700,0.0,0.0,0.0
2021-04-21 00:00:00-04:00,97.47711536522901,100.18508958493916,96.92752326630331,100.15511322021484,77900,0.0,0.0,0.0
2021-04-22 00:00:00-04:00,100.32498483829308,102.04370091166294,99.89530581995061,100.12512969970703,22900,0.0,0.0,0.0
2021-04-23 00:00:00-04:00,100.61476808129703,102.50335528610844,100.12512871435041,102.1236343383789,25600,0.0,0.0,0.0
2021-04-26 00:00:00-04:00,102.90305321572902,103.6724744912631,102.87306922884098,103.39268493652344,16900,0.0,0.0,0.0
2021-04-27 00:00:00-04:00,103.66248023234708,104.1321302540706,103.18284317198228,103.85234069824219,25000,0.0,0.0,0.0
2021-04-28 00:00:00-04:00,104.08217715004835,104.25204829936924,103.60253244313141,104.022216796875,26800,0.0,0.0,0.0
2021-04-29 00:00:00-04:00,105.0714339586864,105.0714339586864,102.79313878333333,103.62251281738281,17000,0.0,0.0,0.0
2021-04-30 00:00:00-04:00,103.53258532736223,103.73243284195657,102.5033561421828,102.55331420898438,14300,0.0,0.0,0.0
2021-05-03 00:00:00-04:00,102.66322744085919,103.94226976648997,102.55330902627902,102.88306427001953,54600,0.0,0.0,0.0
2021-05-04 00:00:00-04:00,101.91378705900595,101.98373444739633,100.14511302473866,101.96375274658203,30800,0.0,0.0,0.0
2021-05-05 00:00:00-04:00,102.50335062748283,102.90305325886142,101.17434261821877,101.93377685546875,13500,0.0,0.0,0.0
2021-05-06 00:00:00-04:00,101.85383896717754,102.81312074747545,100.77464410545717,102.15361785888672,84600,0.0,0.0,0.0
2021-05-07 00:00:00-04:00,102.42340915543569,103.74242250985552,101.76389866637896,103.35271453857422,35100,0.0,0.0,0.0
2021-05-10 00:00:00-04:00,103.44264575364575,103.92229044860302,101.71394269141346,101.76390075683594,16400,0.0,0.0,0.0
2021-05-11 00:00:00-04:00,99.90529750220313,100.67471879764572,98.39642365159422,100.31498718261719,119100,0.0,0.0,0.0
2021-05-12 00:00:00-04:00,99.00596586071745,99.83534748598078,95.59851027011909,95.62848663330078,46700,0.0,0.0,0.0
2021-05-13 00:00:00-04:00,96.22804513205782,97.81685338245956,95.77837680979219,97.03743743896484,19800,0.0,0.0,0.0
2021-05-14 00:00:00-04:00,98.12662027862532,99.9552547019007,98.12662027862532,99.88530731201172,12300,0.0,0.0,0.0
2021-05-17 00:00:00-04:00,99.33572592128266,99.33572592128266,98.04668887609171,99.20581817626953,33800,0.0,0.0,0.0
2021-05-18 00:00:00-04:00,99.36570262883049,99.43565002111973,98.08666024200208,98.21656036376953,15900,0.0,0.0,0.0
2021-05-19 00:00:00-04:00,96.10813150116667,96.62773958593918,94.98896565682657,96.58777618408203,16200,0.0,0.0,0.0
2021-05-20 00:00:00-04:00,97.03743916888693,97.67696034539607,96.18807582105703,96.92752075195312,13900,0.0,0.0,0.0
2021-05-21 00:00:00-04:00,97.87680809220926,98.77613713126674,97.21730521269632,97.39717102050781,14500,0.0,0.0,0.0
2021-05-24 00:00:00-04:00,98.34646064173427,98.34646064173427,97.54706296054387,98.2065658569336,70700,0.0,0.0,0.0
2021-05-25 00:00:00-04:00,98.48635433639463,98.50634366182716,97.28725401603481,97.30723571777344,36800,0.0,0.0,0.0
2021-05-26 00:00:00-04:00,97.06741421539455,98.52632235598597,97.06741421539455,98.46636962890625,12000,0.0,0.0,0.0
2021-05-27 00:00:00-04:00,99.92528077335541,100.23504670417076,99.56554915267581,100.2150650024414,43500,0.0,0.0,0.0
2021-05-28 00:00:00-04:00,100.31499086995684,100.58479340299243,99.60552227637604,100.56480407714844,19900,0.0,0.0,0.0
2021-06-01 00:00:00-04:00,101.713946001682,103.98224656067762,101.713946001682,103.97225952148438,27900,0.0,0.0,0.0
2021-06-02 00:00:00-04:00,103.43266288705577,103.43266288705577,101.42416255792459,101.50410461425781,46600,0.0,0.0,0.0
2021-06-03 00:00:00-04:00,100.92453444180738,101.04444752428788,99.83535253146198,100.64474487304688,8400,0.0,0.0,0.0
2021-06-04 00:00:00-04:00,101.51408772180154,101.51408772180154,100.49485322595811,100.78463745117188,7500,0.0,0.0,0.0
2021-06-07 00:00:00-04:00,101.3741919896621,101.3741919896621,100.50484694586845,100.84458923339844,9200,0.0,0.0,0.0
2021-06-08 00:00:00-04:00,100.86458222008797,102.16360631354203,100.54482162222453,102.06368255615234,31600,0.0,0.0,0.0
2021-06-09 00:00:00-04:00,102.80312522393871,102.80312522393871,100.7546615600586,100.7546615600586,17100,0.0,0.0,0.0
2021-06-10 00:00:00-04:00,100.7246856040738,100.7246856040738,99.23579343836393,99.27576446533203,9800,0.0,0.0,0.0
2021-06-11 00:00:00-04:00,100.02520248673345,100.42490512640316,99.9852314603971,100.34496307373047,55700,0.0,0.0,0.0
2021-06-14 00:00:00-04:00,100.67471643413607,101.00447167745295,100.27501380196654,100.46487426757812,13900,0.0,0.0,0.0
2021-06-15 00:00:00-04:00,100.16509937977445,100.99448104043624,99.82535708429019,100.6947021484375,43000,0.0,0.0,0.0
2021-06-16 00:00:00-04:00,100.6147670990393,100.6147670990393,99.33572473193881,99.76539611816406,18400,0.0,0.0,0.0
2021-06-17 00:00:00-04:00,99.88530601430365,99.88530601430365,96.69768723714688,98.02669525146484,13400,0.0,0.0,0.0
2021-06-18 00:00:00-04:00,96.92752320686664,97.21730743851396,96.28800201416016,96.28800201416016,16200,0.0,0.0,0.0
2021-06-21 00:00:00-04:00,97.5,98.55999755859375,96.87999725341797,98.4800033569336,28500,0.072,0.0,0.0
2021-06-22 00:00:00-04:00,98.52999877929688,98.7699966430664,97.66000366210938,98.73999786376953,58400,0.0,0.0,0.0
2021-06-23 00:00:00-04:00,98.68000030517578,99.9800033569336,98.68000030517578,99.81999969482422,12000,0.0,0.0,0.0
2021-06-24 00:00:00-04:00,99.83000183105469,100.38999938964844,99.2699966430664,100.33999633789062,18900,0.0,0.0,0.0
2021-06-25 00:00:00-04:00,100.38999938964844,100.62000274658203,99.88999938964844,99.88999938964844,40000,0.0,0.0,0.0
2021-06-28 00:00:00-04:00,100.16000366210938,100.16000366210938,99.2300033569336,99.76000213623047,5000,0.0,0.0,0.0
2021-06-29 00:00:00-04:00,100.44000244140625,100.56999969482422,99.20999908447266,99.43000030517578,11300,0.0,0.0,0.0
2021-06-30 00:00:00-04:00,99.23999786376953,99.66000366210938,99.23999786376953,99.44999694824219,7300,0.0,0.0,0.0
2021-07-01 00:00:00-04:00,100.16999816894531,100.25,99.8499984741211,100.13999938964844,88200,0.0,0.0,0.0
2021-07-02 00:00:00-04:00,100.41000366210938,100.54000091552734,99.5999984741211,99.62999725341797,14700,0.0,0.0,0.0
2021-07-06 00:00:00-04:00,99.62999725341797,99.62999725341797,97.62999725341797,98.66000366210938,12200,0.0,0.0,0.0
2021-07-07 00:00:00-04:00,98.51000213623047,99.06999969482422,98.18000030517578,98.93000030517578,18100,0.0,0.0,0.0
2021-07-08 00:00:00-04:00,96.8499984741211,98.56999969482422,96.8499984741211,97.56999969482422,9500,0.0,0.0,0.0
2021-07-09 00:00:00-04:00,98.70999908447266,99.97000122070312,98.70999908447266,99.94000244140625,12700,0.0,0.0,0.0
2021-07-12 00:00:00-04:00,99.58999633789062,100.5199966430664,99.44999694824219,100.47000122070312,26500,0.0,0.0,0.0
2021-07-13 00:00:00-04:00,100.26000213623047,100.26000213623047,99.38999938964844,99.38999938964844,6500,0.0,0.0,0.0
2021-07-14 00:00:00-04:00,99.9800033569336,99.98999786376953,98.12999725341797,98.12999725341797,27400,0.0,0.0,0.0
2021-07-15 00:00:00-04:00,97.7300033569336,98.44000244140625,97.1500015258789,97.69999694824219,7700,0.0,0.0,0.0
2021-07-16 00:00:00-04:00,98.56999969482422,98.56999969482422,96.41999816894531,96.5999984741211,4700,0.0,0.0,0.0
2021-07-19 00:00:00-04:00,94.81999969482422,95.20999908447266,94.0199966430664,94.80000305175781,13500,0.0,0.0,0.0
2021-07-20 00:00:00-04:00,95.51000213623047,98.5199966430664,95.51000213623047,98.5199966430664,10200,0.0,0.0,0.0
2021-07-21 00:00:00-04:00,98.73999786376953,99.83000183105469,98.73999786376953,99.83000183105469,9300,0.0,0.0,0.0
2021-07-22 00:00:00-04:00,99.69000244140625,99.69000244140625,98.75,99.0199966430664,7100,0.0,0.0,0.0
2021-07-23 00:00:00-04:00,99.0,99.80000305175781,98.87999725341797,99.73999786376953,7500,0.0,0.0,0.0
2021-07-26 00:00:00-04:00,99.9800033569336,100.33000183105469,99.75,100.0999984741211,9100,0.0,0.0,0.0
2021-07-27 00:00:00-04:00,99.55000305175781,99.9800033569336,99.0,99.62000274658203,8000,0.0,0.0,0.0
2021-07-28 00:00:00-04:00,99.45999908447266,100.5,98.3499984741211,100.0999984741211,6000,0.0,0.0,0.0
2021-07-29 00:00:00-04:00,100.80999755859375,101.94000244140625,100.80999755859375,101.66999816894531,9400,0.0,0.0,0.0
2021-07-30 00:00:00-04:00,100.83999633789062,101.38999938964844,100.61000061035156,101.0,23700,0.0,0.0,0.0
2021-08-02 00:00:00-04:00,101.27999877929688,102.0,100.16000366210938,100.19999694824219,98500,0.0,0.0,0.0
2021-08-03 00:00:00-04:00,100.08000183105469,101.83000183105469,100.08000183105469,101.83000183105469,24600,0.0,0.0,0.0
2021-08-04 00:00:00-04:00,101.26000213623047,101.26000213623047,99.69000244140625,99.69000244140625,13300,0.0,0.0,0.0
2021-08-05 00:00:00-04:00,100.48999786376953,100.91999816894531,100.41000366210938,100.4800033569336,60900,0.0,0.0,0.0
2021-08-06 00:00:00-04:00,101.18000030517578,101.19999694824219,100.83999633789062,101.04000091552734,71400,0.0,0.0,0.0
2021-08-09 00:00:00-04:00,101.06999969482422,101.4000015258789,100.47000122070312,101.30000305175781,5200,0.0,0.0,0.0
2021-08-10 00:00:00-04:00,101.1500015258789,102.8499984741211,101.1500015258789,102.61000061035156,11700,0.0,0.0,0.0
2021-08-11 00:00:00-04:00,102.69000244140625,102.7300033569336,101.9000015258789,102.7300033569336,5700,0.0,0.0,0.0
2021-08-12 00:00:00-04:00,103.0,103.12999725341797,102.38999938964844,102.97000122070312,15500,0.0,0.0,0.0
2021-08-13 00:00:00-04:00,102.88999938964844,103.0199966430664,102.6500015258789,102.73999786376953,8500,0.0,0.0,0.0
2021-08-16 00:00:00-04:00,102.11000061035156,102.55999755859375,101.58999633789062,102.47000122070312,6100,0.0,0.0,0.0
2021-08-17 00:00:00-04:00,100.98999786376953,101.23999786376953,99.58000183105469,100.61000061035156,9800,0.0,0.0,0.0
2021-08-18 00:00:00-04:00,100.56999969482422,101.1500015258789,100.1500015258789,100.1500015258789,3900,0.0,0.0,0.0
2021-08-19 00:00:00-04:00,98.44000244140625,99.55999755859375,98.44000244140625,99.1500015258789,20000,0.0,0.0,0.0
2021-08-20 00:00:00-04:00,99.01000213623047,100.0199966430664,99.01000213623047,99.91000366210938,6400,0.0,0.0,0.0
2021-08-23 00:00:00-04:00,100.13999938964844,101.4000015258789,100.13999938964844,101.31999969482422,8300,0.0,0.0,0.0
2021-08-24 00:00:00-04:00,102.06999969482422,102.62000274658203,102.06999969482422,102.44000244140625,8600,0.0,0.0,0.0
2021-08-25 00:00:00-04:00,102.66999816894531,104.0,102.66999816894531,103.44000244140625,8000,0.0,0.0,0.0
2021-08-26 00:00:00-04:00,103.61000061035156,103.61000061035156,102.5999984741211,102.83000183105469,8000,0.0,0.0,0.0
2021-08-27 00:00:00-04:00,102.73999786376953,104.95999908447266,102.73999786376953,104.69000244140625,9200,0.0,0.0,0.0
2021-08-30 00:00:00-04:00,104.66999816894531,105.0,104.37000274658203,104.45999908447266,10200,0.0,0.0,0.0
2021-08-31 00:00:00-04:00,104.11000061035156,104.44000244140625,103.69999694824219,103.91000366210938,13200,0.0,0.0,0.0
2021-09-01 00:00:00-04:00,104.41999816894531,104.41999816894531,103.25,103.83000183105469,17300,0.0,0.0,0.0
2021-09-02 00:00:00-04:00,104.37000274658203,105.77999877929688,104.37000274658203,105.63999938964844,16800,0.0,0.0,0.0
2021-09-03 00:00:00-04:00,105.18000030517578,105.41999816894531,105.06999969482422,105.30000305175781,4500,0.0,0.0,0.0
2021-09-07 00:00:00-04:00,105.12999725341797,105.12999725341797,104.36000061035156,104.45999908447266,15200,0.0,0.0,0.0
2021-09-08 00:00:00-04:00,103.80999755859375,104.05999755859375,103.01000213623047,103.31999969482422,20100,0.0,0.0,0.0
2021-09-09 00:00:00-04:00,103.5,104.12999725341797,102.86000061035156,103.61000061035156,5800,0.0,0.0,0.0
2021-09-10 00:00:00-04:00,103.83000183105469,103.83000183105469,102.47000122070312,102.47000122070312,7000,0.0,0.0,0.0
2021-09-13 00:00:00-04:00,103.55999755859375,103.55999755859375,101.80000305175781,102.1500015258789,5700,0.0,0.0,0.0
2021-09-14 00:00:00-04:00,102.61000061035156,102.61000061035156,100.94999694824219,101.06999969482422,6300,0.0,0.0,0.0
2021-09-15 00:00:00-04:00,100.70999908447266,102.05999755859375,100.66999816894531,101.95999908447266,6200,0.0,0.0,0.0
2021-09-16 00:00:00-04:00,102.18000030517578,102.25,101.62000274658203,101.68000030517578,3900,0.0,0.0,0.0
2021-09-17 00:00:00-04:00,101.94000244140625,101.94000244140625,100.41999816894531,100.77999877929688,4600,0.0,0.0,0.0
2021-09-20 00:00:00-04:00,98.33999633789062,99.08000183105469,97.51000213623047,98.58000183105469,37700,0.0,0.0,0.0
2021-09-21 00:00:00-04:00,99.77999877929688,99.77999877929688,98.08000183105469,98.72000122070312,13900,0.0,0.0,0.0
2021-09-22 00:00:00-04:00,98.72000122070312,100.83000183105469,98.72000122070312,100.16999816894531,9000,0.0,0.0,0.0
2021-09-23 00:00:00-04:00,100.87000274658203,102.62000274658203,100.87000274658203,102.23999786376953,11300,0.0,0.0,0.0
2021-09-24 00:00:00-04:00,101.68000030517578,102.5199966430664,101.68000030517578,102.30000305175781,4200,0.0,0.0,0.0
2021-09-27 00:00:00-04:00,102.33999633789062,103.5,102.33999633789062,103.0,7100,0.0,0.0,0.0
2021-09-28 00:00:00-04:00,102.55000305175781,102.5999984741211,101.02999877929688,101.02999877929688,9000,0.0,0.0,0.0
2021-09-29 00:00:00-04:00,101.27999877929688,101.44999694824219,100.79000091552734,100.87000274658203,20700,0.0,0.0,0.0
2021-09-30 00:00:00-04:00,100.97000122070312,100.97000122070312,99.29000091552734,99.33000183105469,8400,0.0,0.0,0.0
2021-10-01 00:00:00-04:00,99.58999633789062,101.41000366210938,99.0,101.33999633789062,4200,0.0,0.0,0.0
2021-10-04 00:00:00-04:00,100.75,100.75,99.45999908447266,100.20999908447266,13000,0.0,0.0,0.0
2021-10-05 00:00:00-04:00,100.0999984741211,102.16999816894531,100.05000305175781,101.45999908447266,11100,0.0,0.0,0.0
2021-10-06 00:00:00-04:00,100.93000030517578,101.04000091552734,99.13999938964844,100.8499984741211,6900,0.0,0.0,0.0
2021-10-07 00:00:00-04:00,101.25,102.87000274658203,101.25,102.0199966430664,7600,0.0,0.0,0.0
2021-10-08 00:00:00-04:00,102.29000091552734,102.29000091552734,101.0999984741211,101.31999969482422,5700,0.0,0.0,0.0
2021-10-11 00:00:00-04:00,102.0,102.1500015258789,101.0,101.0,3500,0.0,0.0,0.0
2021-10-12 00:00:00-04:00,101.5199966430664,101.79000091552734,100.83999633789062,100.91999816894531,12400,0.0,0.0,0.0
2021-10-13 00:00:00-04:00,101.54000091552734,101.54000091552734,100.55000305175781,101.0,6100,0.0,0.0,0.0
2021-10-14 00:00:00-04:00,102.0,103.05000305175781,102.0,102.95999908447266,6300,0.0,0.0,0.0
2021-10-15 00:00:00-04:00,103.55000305175781,104.48999786376953,103.55000305175781,103.69999694824219,10600,0.0,0.0,0.0
2021-10-18 00:00:00-04:00,103.1500015258789,105.04000091552734,103.1500015258789,105.04000091552734,4500,0.0,0.0,0.0
2021-10-19 00:00:00-04:00,105.3499984741211,105.81999969482422,105.05999755859375,105.22000122070312,5500,0.0,0.0,0.0
2021-10-20 00:00:00-04:00,105.27999877929688,106.20999908447266,105.0999984741211,105.93000030517578,3500,0.0,0.0,0.0
2021-10-21 00:00:00-04:00,105.08999633789062,106.56999969482422,105.08999633789062,106.56999969482422,6500,0.0,0.0,0.0
2021-10-22 00:00:00-04:00,106.5,107.76000213623047,106.5,107.33000183105469,4600,0.0,0.0,0.0
2021-10-25 00:00:00-04:00,107.75,108.75,107.75,108.61000061035156,12500,0.0,0.0,0.0
2021-10-26 00:00:00-04:00,109.0999984741211,109.0999984741211,107.4800033569336,107.4800033569336,15700,0.0,0.0,0.0
2021-10-27 00:00:00-04:00,107.1500015258789,107.77999877929688,106.16999816894531,106.16999816894531,6500,0.0,0.0,0.0
2021-10-28 00:00:00-04:00,106.58000183105469,109.04000091552734,106.58000183105469,108.93000030517578,16300,0.0,0.0,0.0
2021-10-29 00:00:00-04:00,108.88999938964844,110.0,108.88999938964844,110.0,8300,0.0,0.0,0.0
2021-11-01 00:00:00-04:00,110.2699966430664,111.12000274658203,110.2699966430664,111.08999633789062,39100,0.0,0.0,0.0
2021-11-02 00:00:00-04:00,111.19999694824219,122.7699966430664,111.12000274658203,117.81999969482422,43800,0.0,0.0,0.0
2021-11-03 00:00:00-04:00,116.69000244140625,117.0999984741211,115.76000213623047,116.88999938964844,22600,0.0,0.0,0.0
2021-11-04 00:00:00-04:00,117.38999938964844,118.6500015258789,117.22000122070312,117.37999725341797,12700,0.0,0.0,0.0
2021-11-05 00:00:00-04:00,119.37999725341797,119.73999786376953,118.80999755859375,119.4800033569336,10000,0.0,0.0,0.0
2021-11-08 00:00:00-05:00,121.18000030517578,121.33999633789062,120.0,120.06999969482422,16600,0.0,0.0,0.0
2021-11-09 00:00:00-05:00,119.94999694824219,120.58000183105469,118.66000366210938,118.97000122070312,15900,0.0,0.0,0.0
2021-11-10 00:00:00-05:00,118.33000183105469,119.08999633789062,117.16000366210938,117.80000305175781,8700,0.0,0.0,0.0
2021-11-11 00:00:00-05:00,118.68000030517578,119.5199966430664,118.23999786376953,119.29000091552734,6200,0.0,0.0,0.0
2021-11-12 00:00:00-05:00,119.76000213623047,120.37999725341797,119.3499984741211,120.37999725341797,9800,0.0,0.0,0.0
2021-11-15 00:00:00-05:00,121.08000183105469,121.08000183105469,119.69999694824219,119.9000015258789,10000,0.0,0.0,0.0
2021-11-16 00:00:00-05:00,120.0,121.55999755859375,120.0,121.12999725341797,12800,0.0,0.0,0.0
2021-11-17 00:00:00-05:00,120.63999938964844,120.63999938964844,119.73999786376953,120.02999877929688,7800,0.0,0.0,0.0
2021-11-18 00:00:00-05:00,120.66999816894531,120.80999755859375,119.56999969482422,120.73999786376953,8400,0.0,0.0,0.0
2021-11-19 00:00:00-05:00,120.6500015258789,121.51000213623047,120.2300033569336,120.83000183105469,13600,0.0,0.0,0.0
2021-11-22 00:00:00-05:00,121.43000030517578,123.26000213623047,121.2699966430664,121.2699966430664,15800,0.0,0.0,0.0
2021-11-23 00:00:00-05:00,121.58999633789062,121.91000366210938,119.80000305175781,121.08999633789062,8700,0.0,0.0,0.0
2021-11-24 00:00:00-05:00,120.94000244140625,121.7300033569336,120.80999755859375,121.54000091552734,9600,0.0,0.0,0.0
2021-11-26 00:00:00-05:00,118.80000305175781,118.80000305175781,117.04000091552734,118.06999969482422,11300,0.0,0.0,0.0
2021-11-29 00:00:00-05:00,119.97000122070312,120.31999969482422,118.79000091552734,119.31999969482422,9700,0.0,0.0,0.0
2021-11-30 00:00:00-05:00,118.12000274658203,118.62000274658203,114.98999786376953,115.37999725341797,15700,0.0,0.0,0.0
2021-12-01 00:00:00-05:00,117.73999786376953,117.9000015258789,112.73999786376953,112.81999969482422,22100,0.0,0.0,0.0
2021-12-02 00:00:00-05:00,113.12999725341797,116.44999694824219,113.12999725341797,115.87999725341797,21500,0.0,0.0,0.0
2021-12-03 00:00:00-05:00,116.6500015258789,116.6500015258789,113.37999725341797,113.61000061035156,9300,0.0,0.0,0.0
2021-12-06 00:00:00-05:00,115.7699966430664,116.55999755859375,114.04000091552734,115.5199966430664,369700,0.0,0.0,0.0
2021-12-07 00:00:00-05:00,117.4000015258789,119.44999694824219,117.4000015258789,117.69000244140625,63500,0.0,0.0,0.0
2021-12-08 00:00:00-05:00,118.45999908447266,118.45999908447266,117.37999725341797,117.80999755859375,12500,0.0,0.0,0.0
2021-12-09 00:00:00-05:00,117.18000030517578,117.5,116.54000091552734,116.62000274658203,8900,0.0,0.0,0.0
2021-12-10 00:00:00-05:00,117.2699966430664,117.4000015258789,115.98999786376953,116.5,8400,0.0,0.0,0.0
2021-12-13 00:00:00-05:00,116.5999984741211,116.5999984741211,114.7300033569336,114.79000091552734,15300,0.0,0.0,0.0
2021-12-14 00:00:00-05:00,114.02999877929688,114.37000274658203,112.06999969482422,112.70999908447266,19800,0.0,0.0,0.0
2021-12-15 00:00:00-05:00,112.66999816894531,114.58000183105469,111.80000305175781,114.58000183105469,8500,0.0,0.0,0.0
2021-12-16 00:00:00-05:00,115.33999633789062,115.94000244140625,112.43000030517578,113.13999938964844,27300,0.0,0.0,0.0
2021-12-17 00:00:00-05:00,111.13999938964844,112.36000061035156,111.08000183105469,111.31999969482422,15800,0.0,0.0,0.0
2021-12-20 00:00:00-05:00,109.19000244140625,109.3499984741211,107.43000030517578,109.12999725341797,31800,0.0,0.0,0.0
2021-12-21 00:00:00-05:00,110.5999984741211,112.02999877929688,110.1500015258789,111.94000244140625,15100,0.0,0.0,0.0
2021-12-22 00:00:00-05:00,111.91999816894531,112.83999633789062,111.79000091552734,112.83999633789062,15300,0.0,0.0,0.0
2021-12-23 00:00:00-05:00,113.48999786376953,114.19000244140625,113.33999633789062,113.94000244140625,7600,0.0,0.0,0.0
2021-12-27 00:00:00-05:00,114.33000183105469,115.97000122070312,114.30000305175781,115.93000030517578,5100,0.0,0.0,0.0
2021-12-28 00:00:00-05:00,115.91999816894531,115.91999816894531,115.05000305175781,115.37000274658203,6600,0.0,0.0,0.0
2021-12-29 00:00:00-05:00,115.47000122070312,116.12000274658203,115.47000122070312,116.08999633789062,7800,0.0,0.0,0.0
2021-12-30 00:00:00-05:00,116.44000244140625,116.44000244140625,115.16999816894531,115.29000091552734,15600,0.0,0.0,0.0
2021-12-31 00:00:00-05:00,115.25,116.3499984741211,115.0,116.25,8100,0.0,0.0,0.0
2022-01-03 00:00:00-05:00,117.0,117.0,113.12000274658203,113.81999969482422,396300,0.0,0.0,0.0
2022-01-04 00:00:00-05:00,113.88999938964844,115.51000213623047,113.75,115.26000213623047,29100,0.0,0.0,0.0
2022-01-05 00:00:00-05:00,115.30000305175781,115.30000305175781,111.44000244140625,111.44000244140625,22100,0.0,0.0,0.0
2022-01-06 00:00:00-05:00,111.29000091552734,112.06999969482422,110.62999725341797,111.33999633789062,30700,0.0,0.0,0.0
2022-01-07 00:00:00-05:00,111.37000274658203,111.37000274658203,107.8499984741211,107.91000366210938,32000,0.0,0.0,0.0
2022-01-10 00:00:00-05:00,107.19999694824219,107.19999694824219,104.86000061035156,107.05000305175781,20700,0.0,0.0,0.0
2022-01-11 00:00:00-05:00,107.11000061035156,108.0,105.44999694824219,107.93000030517578,12800,0.0,0.0,0.0
2022-01-12 00:00:00-05:00,109.51000213623047,109.51000213623047,107.87000274658203,108.58999633789062,19300,0.0,0.0,0.0
2022-01-13 00:00:00-05:00,109.0199966430664,109.33999633789062,107.18000030517578,107.44000244140625,77500,0.0,0.0,0.0
2022-01-14 00:00:00-05:00,106.63999938964844,106.63999938964844,104.05999755859375,105.3499984741211,23900,0.0,0.0,0.0
2022-01-18 00:00:00-05:00,104.6500015258789,104.6500015258789,102.94999694824219,103.38999938964844,191800,0.0,0.0,0.0
2022-01-19 00:00:00-05:00,104.1500015258789,104.1500015258789,101.75,101.76000213623047,13500,0.0,0.0,0.0
2022-01-20 00:00:00-05:00,101.80000305175781,103.56999969482422,99.87000274658203,100.05000305175781,53000,0.0,0.0,0.0
2022-01-21 00:00:00-05:00,99.5,101.08000183105469,98.55000305175781,98.69000244140625,35100,0.0,0.0,0.0
2022-01-24 00:00:00-05:00,96.7699966430664,101.01000213623047,96.0,100.91000366210938,55300,0.0,0.0,0.0
2022-01-25 00:00:00-05:00,98.9000015258789,99.55999755859375,97.1500015258789,98.12000274658203,28700,0.0,0.0,0.0
2022-01-26 00:00:00-05:00,98.87999725341797,100.22000122070312,96.52999877929688,96.9800033569336,26700,0.0,0.0,0.0
2022-01-27 00:00:00-05:00,97.30000305175781,98.44000244140625,94.88999938964844,95.37999725341797,36200,0.0,0.0,0.0
2022-01-28 00:00:00-05:00,94.98999786376953,97.30000305175781,93.94999694824219,97.25,21700,0.0,0.0,0.0
2022-01-31 00:00:00-05:00,96.38999938964844,99.9000015258789,96.38999938964844,99.83999633789062,33800,0.0,0.0,0.0
2022-02-01 00:00:00-05:00,100.1500015258789,100.88999938964844,99.18000030517578,100.75,37800,0.0,0.0,0.0
2022-02-02 00:00:00-05:00,101.12000274658203,101.66000366210938,100.16999816894531,101.06999969482422,20600,0.0,0.0,0.0
2022-02-03 00:00:00-05:00,99.70999908447266,101.0,99.25,99.4000015258789,54600,0.0,0.0,0.0
2022-02-04 00:00:00-05:00,98.73999786376953,98.87999725341797,97.04000091552734,97.76000213623047,17500,0.0,0.0,0.0
2022-02-07 00:00:00-05:00,97.68000030517578,98.41000366210938,97.44000244140625,97.6500015258789,17200,0.0,0.0,0.0
2022-02-08 00:00:00-05:00,97.94000244140625,99.91999816894531,97.61000061035156,99.41999816894531,31900,0.0,0.0,0.0
2022-02-09 00:00:00-05:00,100.2699966430664,101.62000274658203,100.2699966430664,101.62000274658203,53800,0.0,0.0,0.0
2022-02-10 00:00:00-05:00,100.0,101.13999938964844,98.22000122070312,98.81999969482422,49200,0.0,0.0,0.0
2022-02-11 00:00:00-05:00,98.69000244140625,99.13999938964844,95.66999816894531,96.2300033569336,17300,0.0,0.0,0.0
2022-02-14 00:00:00-05:00,96.66000366210938,97.5,95.80000305175781,96.4800033569336,26800,0.0,0.0,0.0
2022-02-15 00:00:00-05:00,97.62999725341797,98.81999969482422,97.62999725341797,98.72000122070312,14000,0.0,0.0,0.0
2022-02-16 00:00:00-05:00,98.0999984741211,99.44000244140625,98.02999877929688,99.20999908447266,16300,0.0,0.0,0.0
2022-02-17 00:00:00-05:00,98.36000061035156,98.36000061035156,96.81999969482422,96.88999938964844,13600,0.0,0.0,0.0
2022-02-18 00:00:00-05:00,96.5199966430664,97.6500015258789,96.44999694824219,96.55999755859375,14900,0.0,0.0,0.0
2022-02-22 00:00:00-05:00,95.98999786376953,96.75,94.41999816894531,95.12000274658203,29400,0.0,0.0,0.0
2022-02-23 00:00:00-05:00,95.5,95.83000183105469,92.75,92.94999694824219,15400,0.0,0.0,0.0
2022-02-24 00:00:00-05:00,90.38999938964844,95.63999938964844,90.2699966430664,95.4800033569336,27100,0.0,0.0,0.0
2022-02-25 00:00:00-05:00,95.55000305175781,97.8499984741211,95.20999908447266,97.83000183105469,10500,0.0,0.0,0.0
2022-02-28 00:00:00-05:00,96.33999633789062,98.0199966430664,96.33999633789062,97.9800033569336,10500,0.0,0.0,0.0
2022-03-01 00:00:00-05:00,97.61000061035156,97.7300033569336,95.41999816894531,95.88999938964844,16600,0.0,0.0,0.0
2022-03-02 00:00:00-05:00,96.30000305175781,99.26000213623047,96.30000305175781,98.81999969482422,25600,0.0,0.0,0.0
2022-03-03 00:00:00-05:00,99.38999938964844,99.5,97.63999938964844,98.06999969482422,14700,0.0,0.0,0.0
2022-03-04 00:00:00-05:00,96.97000122070312,97.16999816894531,95.81999969482422,96.31999969482422,11000,0.0,0.0,0.0
2022-03-07 00:00:00-05:00,96.08999633789062,96.27999877929688,92.94999694824219,92.94999694824219,19200,0.0,0.0,0.0
2022-03-08 00:00:00-05:00,93.19000244140625,95.41999816894531,92.66999816894531,93.30000305175781,13700,0.0,0.0,0.0
2022-03-09 00:00:00-05:00,95.02999877929688,96.72000122070312,95.02999877929688,96.33999633789062,15900,0.0,0.0,0.0
2022-03-10 00:00:00-05:00,94.69999694824219,96.0199966430664,94.6500015258789,95.9000015258789,31800,0.0,0.0,0.0
2022-03-11 00:00:00-05:00,96.11000061035156,96.22000122070312,95.25,95.27999877929688,7900,0.0,0.0,0.0
2022-03-14 00:00:00-04:00,95.83999633789062,96.0999984741211,94.20999908447266,94.5999984741211,6300,0.0,0.0,0.0
2022-03-15 00:00:00-04:00,95.19000244140625,96.81999969482422,95.19000244140625,96.77999877929688,9900,0.0,0.0,0.0
2022-03-16 00:00:00-04:00,97.73999786376953,99.44000244140625,97.73999786376953,99.41000366210938,8300,0.0,0.0,0.0
2022-03-17 00:00:00-04:00,99.52999877929688,100.69000244140625,99.41999816894531,100.66000366210938,7200,0.0,0.0,0.0
2022-03-18 00:00:00-04:00,100.11000061035156,102.12000274658203,100.11000061035156,102.02999877929688,5300,0.0,0.0,0.0
2022-03-21 00:00:00-04:00,102.0,102.0,100.0199966430664,100.7699966430664,18300,0.0,0.0,0.0
2022-03-22 00:00:00-04:00,100.80999755859375,101.79000091552734,100.80999755859375,101.44000244140625,7300,0.0,0.0,0.0
2022-03-23 00:00:00-04:00,101.25,101.25,99.37000274658203,99.41999816894531,7300,0.0,0.0,0.0
2022-03-24 00:00:00-04:00,99.33000183105469,100.0199966430664,99.30000305175781,99.95999908447266,2500,0.0,0.0,0.0
2022-03-25 00:00:00-04:00,99.33000183105469,99.55999755859375,99.08000183105469,99.37999725341797,11300,0.0,0.0,0.0
2022-03-28 00:00:00-04:00,99.54000091552734,100.12000274658203,98.61000061035156,100.12000274658203,8700,0.0,0.0,0.0
2022-03-29 00:00:00-04:00,101.02999877929688,102.4000015258789,101.02999877929688,102.29000091552734,4000,0.0,0.0,0.0
2022-03-30 00:00:00-04:00,101.66999816894531,101.66999816894531,100.16000366210938,100.38999938964844,5000,0.0,0.0,0.0
2022-03-31 00:00:00-04:00,100.80000305175781,100.80000305175781,98.44000244140625,98.54000091552734,3900,0.0,0.0,0.0
2022-04-01 00:00:00-04:00,98.9800033569336,98.9800033569336,97.73999786376953,98.26000213623047,5500,0.0,0.0,0.0
2022-04-04 00:00:00-04:00,98.79000091552734,98.79000091552734,97.55999755859375,98.23999786376953,11700,0.0,0.0,0.0
2022-04-05 00:00:00-04:00,98.27999877929688,98.27999877929688,96.19999694824219,96.19999694824219,11400,0.0,0.0,0.0
2022-04-06 00:00:00-04:00,95.2699966430664,95.2699966430664,94.27999877929688,94.7300033569336,6800,0.0,0.0,0.0
2022-04-07 00:00:00-04:00,94.45999908447266,95.06999969482422,93.9000015258789,94.86000061035156,3100,0.0,0.0,0.0
2022-04-08 00:00:00-04:00,94.25,95.31999969482422,94.02999877929688,94.02999877929688,10400,0.0,0.0,0.0
2022-04-11 00:00:00-04:00,93.87000274658203,94.33999633789062,93.20999908447266,93.20999908447266,7800,0.0,0.0,0.0
2022-04-12 00:00:00-04:00,94.19999694824219,94.88999938964844,93.33999633789062,93.69000244140625,28600,0.0,0.0,0.0
2022-04-13 00:00:00-04:00,93.66999816894531,94.81999969482422,93.66999816894531,94.69999694824219,17500,0.0,0.0,0.0
2022-04-14 00:00:00-04:00,94.73999786376953,94.7699966430664,94.0999984741211,94.0999984741211,6400,0.0,0.0,0.0
2022-04-18 00:00:00-04:00,94.0,94.30000305175781,93.47000122070312,93.76000213623047,9200,0.0,0.0,0.0
2022-04-19 00:00:00-04:00,94.5199966430664,95.95999908447266,94.5199966430664,95.91000366210938,14000,0.0,0.0,0.0
2022-04-20 00:00:00-04:00,97.11000061035156,97.41000366210938,96.55999755859375,96.55999755859375,13100,0.0,0.0,0.0
2022-04-21 00:00:00-04:00,97.16999816894531,97.4000015258789,95.13999938964844,95.13999938964844,6100,0.0,0.0,0.0
2022-04-22 00:00:00-04:00,94.72000122070312,94.72000122070312,92.25,92.25,6300,0.0,0.0,0.0
2022-04-25 00:00:00-04:00,91.5199966430664,92.41000366210938,89.87999725341797,92.31999969482422,15300,0.0,0.0,0.0
2022-04-26 00:00:00-04:00,91.62999725341797,91.62999725341797,90.2300033569336,90.25,7900,0.0,0.0,0.0
2022-04-27 00:00:00-04:00,90.68000030517578,91.66999816894531,90.68000030517578,91.04000091552734,6600,0.0,0.0,0.0
2022-04-28 00:00:00-04:00,91.58999633789062,93.04000091552734,90.33999633789062,92.62000274658203,13400,0.0,0.0,0.0
2022-04-29 00:00:00-04:00,92.05000305175781,92.87000274658203,90.36000061035156,90.41999816894531,9400,0.0,0.0,0.0
2022-05-02 00:00:00-04:00,90.27999877929688,91.08000183105469,88.61000061035156,90.51000213623047,325400,0.0,0.0,0.0
2022-05-03 00:00:00-04:00,90.7699966430664,92.16000366210938,90.7699966430664,91.80999755859375,21000,0.0,0.0,0.0
2022-05-04 00:00:00-04:00,91.88999938964844,94.7300033569336,91.6500015258789,94.66999816894531,45000,0.0,0.0,0.0
2022-05-05 00:00:00-04:00,93.4800033569336,93.58999633789062,90.55000305175781,91.29000091552734,32900,0.0,0.0,0.0
2022-05-06 00:00:00-04:00,90.68000030517578,90.87999725341797,89.4800033569336,90.47000122070312,13700,0.0,0.0,0.0
2022-05-09 00:00:00-04:00,89.2300033569336,89.91999816894531,87.41999816894531,87.79000091552734,20700,0.0,0.0,0.0
2022-05-10 00:00:00-04:00,89.0999984741211,89.0999984741211,86.29000091552734,87.38999938964844,18500,0.0,0.0,0.0
2022-05-11 00:00:00-04:00,86.91000366210938,88.48999786376953,85.81999969482422,85.86000061035156,14800,0.0,0.0,0.0
2022-05-12 00:00:00-04:00,85.05999755859375,86.45999908447266,84.83999633789062,86.2300033569336,26300,0.0,0.0,0.0
2022-05-13 00:00:00-04:00,87.43000030517578,88.69999694824219,87.43000030517578,88.1500015258789,7000,0.0,0.0,0.0
2022-05-16 00:00:00-04:00,87.47000122070312,88.52999877929688,87.08000183105469,87.94000244140625,10100,0.0,0.0,0.0
2022-05-17 00:00:00-04:00,89.08000183105469,90.04000091552734,88.62999725341797,89.9000015258789,15400,0.0,0.0,0.0
2022-05-18 00:00:00-04:00,88.93000030517578,89.16000366210938,86.02999877929688,86.30000305175781,10000,0.0,0.0,0.0
2022-05-19 00:00:00-04:00,86.0999984741211,87.16999816894531,85.12999725341797,86.05999755859375,19000,0.0,0.0,0.0
2022-05-20 00:00:00-04:00,86.4800033569336,86.4800033569336,83.80999755859375,85.37999725341797,13300,0.0,0.0,0.0
2022-05-23 00:00:00-04:00,86.11000061035156,87.11000061035156,86.08999633789062,86.87999725341797,20800,0.0,0.0,0.0
2022-05-24 00:00:00-04:00,86.19000244140625,86.80000305175781,84.73999786376953,86.0199966430664,7400,0.0,0.0,0.0
2022-05-25 00:00:00-04:00,85.45999908447266,87.38999938964844,85.45999908447266,86.94999694824219,18900,0.0,0.0,0.0
2022-05-26 00:00:00-04:00,87.16999816894531,89.36000061035156,87.16999816894531,89.04000091552734,4600,0.0,0.0,0.0
2022-05-27 00:00:00-04:00,90.83999633789062,91.4000015258789,90.66000366210938,91.4000015258789,2200,0.0,0.0,0.0
2022-05-31 00:00:00-04:00,90.87000274658203,91.05999755859375,90.11000061035156,90.54000091552734,12900,0.0,0.0,0.0
2022-06-01 00:00:00-04:00,91.04000091552734,91.04000091552734,89.25,90.44000244140625,17800,0.0,0.0,0.0
2022-06-02 00:00:00-04:00,90.83000183105469,92.8499984741211,90.83000183105469,92.81999969482422,6500,0.0,0.0,0.0
2022-06-03 00:00:00-04:00,92.25,92.5999984741211,91.91000366210938,92.5199966430664,3300,0.0,0.0,0.0
2022-06-06 00:00:00-04:00,93.5,93.54000091552734,93.12000274658203,93.26000213623047,2900,0.0,0.0,0.0
2022-06-07 00:00:00-04:00,92.13999938964844,94.37000274658203,92.13999938964844,94.33000183105469,3400,0.0,0.0,0.0
2022-06-08 00:00:00-04:00,92.73999786376953,92.94999694824219,91.7699966430664,91.94000244140625,4300,0.0,0.0,0.0
2022-06-09 00:00:00-04:00,91.5999984741211,91.97000122070312,90.2699966430664,90.2699966430664,3800,0.0,0.0,0.0
2022-06-10 00:00:00-04:00,88.55999755859375,88.83999633789062,87.33999633789062,87.33999633789062,5200,0.0,0.0,0.0
2022-06-13 00:00:00-04:00,84.91999816894531,84.91999816894531,83.12999725341797,83.31999969482422,45600,0.0,0.0,0.0
2022-06-14 00:00:00-04:00,83.52999877929688,83.81999969482422,82.5199966430664,83.11000061035156,3300,0.0,0.0,0.0
2022-06-15 00:00:00-04:00,84.31999969482422,84.31999969482422,82.88999938964844,83.72000122070312,4100,0.0,0.0,0.0
2022-06-16 00:00:00-04:00,80.33999633789062,80.33999633789062,79.13999938964844,79.43000030517578,10700,0.0,0.0,0.0
2022-06-17 00:00:00-04:00,79.86000061035156,80.3499984741211,78.72000122070312,79.12999725341797,6400,0.0,0.0,0.0
2022-06-21 00:00:00-04:00,79.87000274658203,80.87000274658203,79.77999877929688,80.26000213623047,5500,0.0,0.0,0.0
2022-06-22 00:00:00-04:00,78.95999908447266,80.11000061035156,78.95999908447266,79.83000183105469,4400,0.0,0.0,0.0
2022-06-23 00:00:00-04:00,80.05999755859375,80.05999755859375,78.93000030517578,79.51000213623047,6500,0.0,0.0,0.0
2022-06-24 00:00:00-04:00,79.83999633789062,82.44999694824219,79.83999633789062,82.44000244140625,7400,0.0,0.0,0.0
2022-06-27 00:00:00-04:00,82.58999633789062,83.37999725341797,82.58999633789062,82.95999908447266,3200,0.0,0.0,0.0
2022-06-28 00:00:00-04:00,83.43000030517578,83.43000030517578,81.47000122070312,81.47000122070312,4900,0.0,0.0,0.0
2022-06-29 00:00:00-04:00,81.33999633789062,81.33999633789062,80.1500015258789,80.68000030517578,3300,0.0,0.0,0.0
2022-06-30 00:00:00-04:00,79.66999816894531,81.18000030517578,79.58000183105469,80.80000305175781,5600,0.0,0.0,0.0
2022-07-01 00:00:00-04:00,80.61000061035156,81.55999755859375,79.98999786376953,81.38999938964844,31100,0.0,0.0,0.0
2022-07-05 00:00:00-04:00,80.06999969482422,80.2300033569336,79.0,80.2300033569336,5800,0.0,0.0,0.0
2022-07-06 00:00:00-04:00,79.58000183105469,80.54000091552734,79.4800033569336,80.54000091552734,2600,0.0,0.0,0.0
2022-07-07 00:00:00-04:00,81.94999694824219,82.13999938964844,81.6500015258789,82.11000061035156,1500,0.0,0.0,0.0
2022-07-08 00:00:00-04:00,81.7699966430664,82.31999969482422,81.66000366210938,82.0999984741211,1600,0.0,0.0,0.0
2022-07-11 00:00:00-04:00,81.3499984741211,82.05000305175781,81.3499984741211,81.70999908447266,1500,0.0,0.0,0.0
2022-07-12 00:00:00-04:00,81.62000274658203,81.95999908447266,80.63999938964844,80.94999694824219,2400,0.0,0.0,0.0
2022-07-13 00:00:00-04:00,79.97000122070312,80.8499984741211,79.97000122070312,80.48999786376953,3500,0.0,0.0,0.0
2022-07-14 00:00:00-04:00,79.16999816894531,80.2699966430664,78.87999725341797,80.23999786376953,5700,0.0,0.0,0.0
2022-07-15 00:00:00-04:00,80.87999725341797,81.41000366210938,80.55999755859375,81.33999633789062,12100,0.0,0.0,0.0
2022-07-18 00:00:00-04:00,82.06999969482422,82.06999969482422,80.94000244140625,81.0,1500,0.0,0.0,0.0
2022-07-19 00:00:00-04:00,82.93000030517578,83.80000305175781,82.93000030517578,83.80000305175781,2100,0.0,0.0,0.0
2022-07-20 00:00:00-04:00,84.20999908447266,84.63999938964844,84.20999908447266,84.56999969482422,1600,0.0,0.0,0.0
2022-07-21 00:00:00-04:00,84.1500015258789,85.31999969482422,84.1500015258789,85.31999969482422,3100,0.0,0.0,0.0
2022-07-22 00:00:00-04:00,85.20999908447266,85.4800033569336,84.41000366210938,84.7699966430664,2300,0.0,0.0,0.0
2022-07-25 00:00:00-04:00,84.7699966430664,85.56999969482422,84.55999755859375,85.41999816894531,7500,0.0,0.0,0.0
2022-07-26 00:00:00-04:00,85.41000366210938,85.79000091552734,85.30000305175781,85.68000030517578,3900,0.0,0.0,0.0
2022-07-27 00:00:00-04:00,85.76000213623047,87.06999969482422,85.76000213623047,87.06999969482422,800,0.0,0.0,0.0
2022-07-28 00:00:00-04:00,88.7300033569336,89.55999755859375,88.7300033569336,89.4800033569336,3600,0.0,0.0,0.0
2022-07-29 00:00:00-04:00,90.0,91.38999938964844,90.0,91.23999786376953,2900,0.0,0.0,0.0
2022-08-01 00:00:00-04:00,90.5,91.72000122070312,90.5,91.22000122070312,6500,0.0,0.0,0.0
2022-08-02 00:00:00-04:00,90.1500015258789,90.55000305175781,90.1500015258789,90.20999908447266,1400,0.0,0.0,0.0
2022-08-03 00:00:00-04:00,90.54000091552734,90.80000305175781,90.13999938964844,90.55999755859375,2000,0.0,0.0,0.0
2022-08-04 00:00:00-04:00,90.2300033569336,90.55000305175781,90.2300033569336,90.29000091552734,2600,0.0,0.0,0.0
2022-08-05 00:00:00-04:00,90.23999786376953,91.22000122070312,90.23999786376953,91.22000122070312,1600,0.0,0.0,0.0
2022-08-08 00:00:00-04:00,91.98999786376953,91.98999786376953,91.44000244140625,91.5199966430664,400,0.0,0.0,0.0
2022-08-09 00:00:00-04:00,91.5999984741211,91.5999984741211,91.04000091552734,91.20999908447266,6200,0.0,0.0,0.0
2022-08-10 00:00:00-04:00,93.02999877929688,93.18000030517578,92.94000244140625,93.05999755859375,4900,0.0,0.0,0.0
2022-08-11 00:00:00-04:00,94.25,94.25,93.4000015258789,93.4000015258789,3500,0.0,0.0,0.0
2022-08-12 00:00:00-04:00,93.79000091552734,94.7300033569336,93.79000091552734,94.70999908447266,3700,0.0,0.0,0.0
2022-08-15 00:00:00-04:00,93.88999938964844,95.08999633789062,93.88999938964844,95.08999633789062,4000,0.0,0.0,0.0
2022-08-16 00:00:00-04:00,95.16000366210938,95.3499984741211,95.13999938964844,95.2699966430664,1600,0.0,0.0,0.0
2022-08-17 00:00:00-04:00,94.12000274658203,94.91000366210938,94.12000274658203,94.80999755859375,2600,0.0,0.0,0.0
2022-08-18 00:00:00-04:00,94.75,95.63999938964844,94.75,95.44999694824219,3000,0.0,0.0,0.0
2022-08-19 00:00:00-04:00,94.69999694824219,94.75,94.30999755859375,94.43000030517578,2800,0.0,0.0,0.0
2022-08-22 00:00:00-04:00,93.1500015258789,93.41999816894531,93.05999755859375,93.05999755859375,1600,0.0,0.0,0.0
2022-08-23 00:00:00-04:00,92.80999755859375,93.63999938964844,92.80999755859375,93.13999938964844,3800,0.0,0.0,0.0
2022-08-24 00:00:00-04:00,93.7300033569336,93.73999786376953,93.31999969482422,93.66000366210938,1600,0.0,0.0,0.0
2022-08-25 00:00:00-04:00,93.9000015258789,94.80999755859375,93.9000015258789,94.80999755859375,1400,0.0,0.0,0.0
2022-08-26 00:00:00-04:00,93.22000122070312,93.22000122070312,91.94000244140625,91.94000244140625,3100,0.0,0.0,0.0
2022-08-29 00:00:00-04:00,91.41000366210938,91.9800033569336,91.08000183105469,91.44999694824219,2700,0.0,0.0,0.0
2022-08-30 00:00:00-04:00,89.76000213623047,89.76000213623047,89.31999969482422,89.33000183105469,1400,0.0,0.0,0.0
2022-08-31 00:00:00-04:00,89.7699966430664,89.7699966430664,88.8499984741211,88.9000015258789,1200,0.0,0.0,0.0
2022-09-01 00:00:00-04:00,88.61000061035156,88.61000061035156,87.76000213623047,88.48999786376953,3000,0.0,0.0,0.0
2022-09-02 00:00:00-04:00,89.1500015258789,89.19000244140625,87.70999908447266,87.70999908447266,1200,0.0,0.0,0.0
2022-09-06 00:00:00-04:00,87.5,88.12999725341797,87.5,88.05000305175781,4200,0.0,0.0,0.0
2022-09-07 00:00:00-04:00,88.26000213623047,89.48999786376953,88.26000213623047,89.43000030517578,1600,0.0,0.0,0.0
2022-09-08 00:00:00-04:00,89.19000244140625,89.9800033569336,89.12000274658203,89.9800033569336,1700,0.0,0.0,0.0
2022-09-09 00:00:00-04:00,90.69999694824219,91.54000091552734,90.69999694824219,91.44999694824219,2600,0.0,0.0,0.0
2022-09-12 00:00:00-04:00,91.7300033569336,91.93000030517578,91.61000061035156,91.81999969482422,1200,0.0,0.0,0.0
2022-09-13 00:00:00-04:00,90.12999725341797,90.3499984741211,89.05000305175781,89.05000305175781,2800,0.0,0.0,0.0
2022-09-14 00:00:00-04:00,88.83999633789062,89.12000274658203,88.5999984741211,88.66000366210938,3200,0.0,0.0,0.0
2022-09-15 00:00:00-04:00,88.0999984741211,88.45999908447266,87.66000366210938,87.66000366210938,3200,0.0,0.0,0.0
2022-09-16 00:00:00-04:00,86.02999877929688,86.63999938964844,86.02999877929688,86.63999938964844,1300,0.0,0.0,0.0
2022-09-19 00:00:00-04:00,85.66000366210938,87.69999694824219,85.66000366210938,87.69999694824219,2200,0.0,0.0,0.0
2022-09-20 00:00:00-04:00,86.5999984741211,86.80000305175781,86.08000183105469,86.66999816894531,2600,0.0,0.0,0.0
2022-09-21 00:00:00-04:00,87.4000015258789,87.58000183105469,85.63999938964844,85.63999938964844,4200,0.0,0.0,0.0
2022-09-22 00:00:00-04:00,84.76000213623047,84.86000061035156,84.1500015258789,84.1500015258789,2000,0.0,0.0,0.0
2022-09-23 00:00:00-04:00,83.06999969482422,83.06999969482422,81.52999877929688,82.12000274658203,6600,0.0,0.0,0.0
2022-09-26 00:00:00-04:00,82.01000213623047,82.33000183105469,81.06999969482422,81.26000213623047,3800,0.0,0.0,0.0
2022-09-27 00:00:00-04:00,81.9000015258789,81.9000015258789,80.55000305175781,80.9000015258789,1600,0.0,0.0,0.0
2022-09-28 00:00:00-04:00,81.8499984741211,83.08999633789062,81.8499984741211,83.08999633789062,1500,0.0,0.0,0.0
2022-09-29 00:00:00-04:00,81.70999908447266,81.70999908447266,81.0,81.66999816894531,1300,0.0,0.0,0.0
2022-09-30 00:00:00-04:00,81.47000122070312,82.70999908447266,81.38999938964844,81.8499984741211,2200,0.0,0.0,0.0
2022-10-03 00:00:00-04:00,83.91000366210938,84.73999786376953,83.8499984741211,84.30999755859375,3000,0.0,0.0,0.0
2022-10-04 00:00:00-04:00,87.0,87.1500015258789,86.52999877929688,87.1500015258789,2800,0.0,0.0,0.0
2022-10-05 00:00:00-04:00,86.23999786376953,87.33999633789062,85.83000183105469,86.69999694824219,2900,0.0,0.0,0.0
2022-10-06 00:00:00-04:00,86.22000122070312,86.37000274658203,85.55999755859375,85.62999725341797,3200,0.0,0.0,0.0
2022-10-07 00:00:00-04:00,84.72000122070312,84.72000122070312,83.04000091552734,83.37999725341797,2500,0.0,0.0,0.0
2022-10-10 00:00:00-04:00,83.58000183105469,83.76000213623047,83.02999877929688,83.52999877929688,4600,0.0,0.0,0.0
2022-10-11 00:00:00-04:00,82.62999725341797,84.13999938964844,82.62999725341797,83.27999877929688,3000,0.0,0.0,0.0
2022-10-12 00:00:00-04:00,83.08000183105469,83.08000183105469,82.19000244140625,82.19000244140625,3300,0.0,0.0,0.0
2022-10-13 00:00:00-04:00,80.29000091552734,83.68000030517578,80.29000091552734,83.68000030517578,3900,0.0,0.0,0.0
2022-10-14 00:00:00-04:00,82.6500015258789,82.6500015258789,81.12000274658203,81.16000366210938,4700,0.0,0.0,0.0
2022-10-17 00:00:00-04:00,83.4800033569336,84.04000091552734,83.4800033569336,84.04000091552734,4200,0.0,0.0,0.0
2022-10-18 00:00:00-04:00,85.55999755859375,85.9000015258789,85.19999694824219,85.3499984741211,1600,0.0,0.0,0.0
2022-10-19 00:00:00-04:00,84.69000244140625,84.69999694824219,83.94000244140625,83.94000244140625,1200,0.0,0.0,0.0
2022-10-20 00:00:00-04:00,82.0199966430664,82.0199966430664,81.63999938964844,81.63999938964844,1800,0.0,0.0,0.0
2022-10-21 00:00:00-04:00,81.8499984741211,83.48999786376953,81.47000122070312,83.48999786376953,1500,0.0,0.0,0.0
2022-10-24 00:00:00-04:00,84.4000015258789,84.58999633789062,83.9800033569336,84.58999633789062,4300,0.0,0.0,0.0
2022-10-25 00:00:00-04:00,84.44999694824219,86.73999786376953,84.44999694824219,86.73999786376953,3100,0.0,0.0,0.0
2022-10-26 00:00:00-04:00,86.88999938964844,88.30000305175781,86.79000091552734,87.18000030517578,4200,0.0,0.0,0.0
2022-10-27 00:00:00-04:00,88.05000305175781,88.45999908447266,87.26000213623047,87.54000091552734,5000,0.0,0.0,0.0
2022-10-28 00:00:00-04:00,87.62999725341797,88.87999725341797,87.62999725341797,88.87999725341797,1800,0.0,0.0,0.0
2022-10-31 00:00:00-04:00,89.0,89.37999725341797,89.0,89.33000183105469,1900,0.0,0.0,0.0
2022-11-01 00:00:00-04:00,90.0199966430664,90.0199966430664,89.20999908447266,89.73999786376953,4400,0.0,0.0,0.0
2022-11-02 00:00:00-04:00,89.2300033569336,89.44999694824219,86.33000183105469,86.33000183105469,3600,0.0,0.0,0.0
2022-11-03 00:00:00-04:00,85.0,86.13999938964844,84.87999725341797,85.36000061035156,2900,0.0,0.0,0.0
2022-11-04 00:00:00-04:00,85.93000030517578,86.62000274658203,85.93000030517578,86.02999877929688,2000,0.0,0.0,0.0
2022-11-07 00:00:00-05:00,86.70999908447266,86.70999908447266,85.9800033569336,86.55000305175781,1700,0.0,0.0,0.0
2022-11-08 00:00:00-05:00,87.75,88.36000061035156,87.55000305175781,87.83000183105469,3400,0.0,0.0,0.0
2022-11-09 00:00:00-05:00,87.3499984741211,87.62000274658203,86.36000061035156,86.41000366210938,2300,0.0,0.0,0.0
2022-11-10 00:00:00-05:00,89.19999694824219,90.66999816894531,89.19999694824219,90.62999725341797,2700,0.0,0.0,0.0
2022-11-11 00:00:00-05:00,90.45999908447266,91.05999755859375,89.70999908447266,89.70999908447266,6200,0.0,0.0,0.0
2022-11-14 00:00:00-05:00,89.5199966430664,91.13999938964844,89.5199966430664,89.83999633789062,1700,0.0,0.0,0.0
2022-11-15 00:00:00-05:00,89.86000061035156,90.5,89.86000061035156,90.25,2400,0.0,0.0,0.0
2022-11-16 00:00:00-05:00,90.0999984741211,90.22000122070312,89.79000091552734,90.06999969482422,3900,0.0,0.0,0.0
2022-11-17 00:00:00-05:00,89.01000213623047,89.73999786376953,88.98999786376953,89.73999786376953,1300,0.0,0.0,0.0
2022-11-18 00:00:00-05:00,90.2699966430664,90.66999816894531,90.2699966430664,90.66999816894531,500,0.0,0.0,0.0
2022-11-21 00:00:00-05:00,90.58999633789062,90.75,90.58999633789062,90.62999725341797,900,0.0,0.0,0.0
2022-11-22 00:00:00-05:00,90.97000122070312,91.27999877929688,90.75,91.27999877929688,1200,0.0,0.0,0.0
2022-11-23 00:00:00-05:00,91.55999755859375,91.68000030517578,91.54000091552734,91.55000305175781,3100,0.0,0.0,0.0
2022-11-25 00:00:00-05:00,92.25,92.4800033569336,92.16000366210938,92.16000366210938,600,0.0,0.0,0.0
2022-11-28 00:00:00-05:00,90.95999908447266,91.11000061035156,90.02999877929688,90.02999877929688,3900,0.0,0.0,0.0
2022-11-29 00:00:00-05:00,90.0,90.11000061035156,89.88999938964844,90.11000061035156,1200,0.0,0.0,0.0
2022-11-30 00:00:00-05:00,89.6500015258789,91.98999786376953,89.4800033569336,91.98999786376953,2400,0.0,0.0,0.0
2022-12-01 00:00:00-05:00,91.51000213623047,92.05999755859375,91.41000366210938,91.94999694824219,8200,0.0,0.0,0.0
2022-12-02 00:00:00-05:00,91.45999908447266,92.73999786376953,91.45999908447266,92.20999908447266,900,0.0,0.0,0.0
2022-12-05 00:00:00-05:00,91.31999969482422,91.31999969482422,90.33000183105469,90.43000030517578,2900,0.0,0.0,0.0
2022-12-06 00:00:00-05:00,90.79000091552734,90.79000091552734,88.80999755859375,89.16999816894531,1700,0.0,0.0,0.0
2022-12-07 00:00:00-05:00,88.91999816894531,90.0999984741211,88.91999816894531,89.41000366210938,2600,0.0,0.0,0.0
2022-12-08 00:00:00-05:00,90.19999694824219,90.19999694824219,89.86000061035156,89.93000030517578,2800,0.0,0.0,0.0
2022-12-09 00:00:00-05:00,89.77999877929688,89.77999877929688,89.19000244140625,89.19000244140625,800,0.0,0.0,0.0
2022-12-12 00:00:00-05:00,88.98999786376953,90.31999969482422,88.98999786376953,90.31999969482422,5400,0.0,0.0,0.0
2022-12-13 00:00:00-05:00,92.6500015258789,92.6500015258789,90.61000061035156,91.0999984741211,7700,0.0,0.0,0.0
2022-12-14 00:00:00-05:00,91.68000030517578,91.68000030517578,90.68000030517578,90.68000030517578,5600,0.0,0.0,0.0
2022-12-15 00:00:00-05:00,89.11000061035156,89.11000061035156,87.7699966430664,88.08999633789062,11400,0.0,0.0,0.0
2022-12-16 00:00:00-05:00,86.95999908447266,87.23999786376953,86.63999938964844,87.16000366210938,2100,0.0,0.0,0.0
2022-12-19 00:00:00-05:00,86.70999908447266,86.88999938964844,86.01000213623047,86.20999908447266,10100,0.0,0.0,0.0
2022-12-20 00:00:00-05:00,86.38999938964844,87.0999984741211,86.37999725341797,86.48999786376953,2300,0.0,0.0,0.0
2022-12-21 00:00:00-05:00,87.70999908447266,88.08999633789062,87.56999969482422,87.79000091552734,4800,0.0,0.0,0.0
2022-12-22 00:00:00-05:00,86.97000122070312,86.97000122070312,85.04000091552734,86.30999755859375,5800,0.0,0.0,0.0
2022-12-23 00:00:00-05:00,86.66999816894531,87.05000305175781,86.1500015258789,86.94000244140625,40800,0.0,0.0,0.0
2022-12-27 00:00:00-05:00,86.86000061035156,87.2300033569336,86.69999694824219,87.06999969482422,4400,0.0,0.0,0.0
2022-12-28 00:00:00-05:00,86.26000213623047,86.26000213623047,85.20999908447266,85.20999908447266,5000,0.0,0.0,0.0
2022-12-29 00:00:00-05:00,86.77999877929688,87.0999984741211,86.77999877929688,86.86000061035156,3500,0.0,0.0,0.0
2022-12-30 00:00:00-05:00,86.0,86.37000274658203,85.7300033569336,86.37000274658203,5200,0.0,0.0,0.0
2023-01-03 00:00:00-05:00,86.70999908447266,86.70999908447266,85.41999816894531,86.02999877929688,271800,0.0,0.0,0.0
2023-01-04 00:00:00-05:00,85.55000305175781,86.66999816894531,85.55000305175781,86.01000213623047,6100,0.0,0.0,0.0
2023-01-05 00:00:00-05:00,85.38999938964844,85.38999938964844,84.68000030517578,84.68000030517578,24800,0.0,0.0,0.0
2023-01-06 00:00:00-05:00,87.58000183105469,87.76000213623047,87.30999755859375,87.3499984741211,3200,0.0,0.0,0.0
2023-01-09 00:00:00-05:00,87.2300033569336,89.38999938964844,87.2300033569336,87.69999694824219,15700,0.0,0.0,0.0
2023-01-10 00:00:00-05:00,88.05999755859375,88.93000030517578,87.97000122070312,88.93000030517578,14100,0.0,0.0,0.0
2023-01-11 00:00:00-05:00,88.91000366210938,89.91999816894531,88.91000366210938,89.76000213623047,3800,0.0,0.0,0.0
2023-01-12 00:00:00-05:00,89.93000030517578,90.5199966430664,89.58000183105469,90.43000030517578,23300,0.0,0.0,0.0
2023-01-13 00:00:00-05:00,90.04000091552734,91.19999694824219,90.04000091552734,91.19999694824219,2100,0.0,0.0,0.0
2023-01-17 00:00:00-05:00,90.9800033569336,90.9800033569336,90.08000183105469,90.31999969482422,4800,0.0,0.0,0.0
2023-01-18 00:00:00-05:00,90.73999786376953,90.73999786376953,89.12000274658203,89.1500015258789,3600,0.0,0.0,0.0
2023-01-19 00:00:00-05:00,88.47000122070312,88.47000122070312,87.41000366210938,87.41000366210938,2300,0.0,0.0,0.0
2023-01-20 00:00:00-05:00,87.7300033569336,89.31999969482422,87.7300033569336,89.31999969482422,2800,0.0,0.0,0.0
2023-01-23 00:00:00-05:00,89.68000030517578,90.91999816894531,89.68000030517578,90.56999969482422,8300,0.0,0.0,0.0
2023-01-24 00:00:00-05:00,90.61000061035156,91.3499984741211,90.23999786376953,91.05000305175781,4200,0.0,0.0,0.0
2023-01-25 00:00:00-05:00,90.0,90.86000061035156,89.75,90.80000305175781,3000,0.0,0.0,0.0
2023-01-26 00:00:00-05:00,91.9000015258789,91.9000015258789,90.76000213623047,91.52999877929688,4900,0.0,0.0,0.0
2023-01-27 00:00:00-05:00,92.0999984741211,92.25,91.8499984741211,92.08000183105469,2500,0.0,0.0,0.0
2023-01-30 00:00:00-05:00,92.08999633789062,92.41999816894531,91.12999725341797,91.33999633789062,2400,0.0,0.0,0.0
2023-01-31 00:00:00-05:00,91.05999755859375,93.12999725341797,91.05999755859375,93.12999725341797,4300,0.0,0.0,0.0
2023-02-01 00:00:00-05:00,92.51000213623047,95.06999969482422,92.51000213623047,94.41999816894531,6400,0.0,0.0,0.0
2023-02-02 00:00:00-05:00,95.27999877929688,95.66000366210938,94.94999694824219,95.31999969482422,3400,0.0,0.0,0.0
2023-02-03 00:00:00-05:00,95.05000305175781,96.05999755859375,95.05000305175781,95.38999938964844,9300,0.0,0.0,0.0
2023-02-06 00:00:00-05:00,95.22000122070312,95.23999786376953,94.86000061035156,94.93000030517578,1800,0.0,0.0,0.0
2023-02-07 00:00:00-05:00,94.30000305175781,95.44000244140625,94.01000213623047,95.44000244140625,4000,0.0,0.0,0.0
2023-02-08 00:00:00-05:00,95.20999908447266,95.37000274658203,94.55000305175781,94.58999633789062,3000,0.0,0.0,0.0
2023-02-09 00:00:00-05:00,95.61000061035156,95.61000061035156,94.3499984741211,94.3499984741211,2600,0.0,0.0,0.0
2023-02-10 00:00:00-05:00,93.08999633789062,94.37999725341797,93.08999633789062,94.2699966430664,3200,0.0,0.0,0.0
2023-02-13 00:00:00-05:00,94.9800033569336,95.51000213623047,94.91999816894531,95.41999816894531,6900,0.0,0.0,0.0
2023-02-14 00:00:00-05:00,95.6500015258789,95.6500015258789,94.43000030517578,95.3499984741211,3500,0.0,0.0,0.0
2023-02-15 00:00:00-05:00,94.97000122070312,96.6500015258789,94.97000122070312,96.6500015258789,1700,0.0,0.0,0.0
2023-02-16 00:00:00-05:00,96.55999755859375,97.51000213623047,95.7699966430664,96.79000091552734,4100,0.0,0.0,0.0
2023-02-17 00:00:00-05:00,96.88999938964844,97.16000366210938,96.3499984741211,97.16000366210938,3100,0.0,0.0,0.0
2023-02-21 00:00:00-05:00,96.05000305175781,96.05000305175781,94.48999786376953,94.48999786376953,4100,0.0,0.0,0.0
2023-02-22 00:00:00-05:00,94.86000061035156,94.86000061035156,93.93000030517578,94.16999816894531,3000,0.0,0.0,0.0
2023-02-23 00:00:00-05:00,95.4800033569336,95.54000091552734,94.91999816894531,95.29000091552734,4700,0.0,0.0,0.0
2023-02-24 00:00:00-05:00,94.55000305175781,95.11000061035156,94.55000305175781,95.0999984741211,1500,0.0,0.0,0.0
2023-02-27 00:00:00-05:00,95.16999816894531,96.11000061035156,95.16999816894531,95.86000061035156,2400,0.0,0.0,0.0
2023-02-28 00:00:00-05:00,95.94999694824219,96.51000213623047,95.9000015258789,95.93000030517578,1900,0.0,0.0,0.0
2023-03-01 00:00:00-05:00,96.16999816894531,96.48999786376953,96.0,96.05999755859375,7000,0.0,0.0,0.0
2023-03-02 00:00:00-05:00,95.13999938964844,97.02999877929688,95.13999938964844,96.72000122070312,4100,0.0,0.0,0.0
2023-03-03 00:00:00-05:00,96.91999816894531,98.45999908447266,96.91999816894531,98.16999816894531,1800,0.0,0.0,0.0
2023-03-06 00:00:00-05:00,98.47000122070312,98.47000122070312,97.56999969482422,97.7300033569336,4600,0.0,0.0,0.0
2023-03-07 00:00:00-05:00,97.51000213623047,97.58000183105469,96.75,96.88999938964844,2400,0.0,0.0,0.0
2023-03-08 00:00:00-05:00,96.91999816894531,97.2300033569336,96.55000305175781,97.16999816894531,5000,0.0,0.0,0.0
2023-03-09 00:00:00-05:00,97.5,97.5,95.56999969482422,95.56999969482422,4700,0.0,0.0,0.0
2023-03-10 00:00:00-05:00,95.69000244140625,95.69000244140625,92.41000366210938,92.5999984741211,6000,0.0,0.0,0.0
2023-03-13 00:00:00-04:00,90.43000030517578,92.2300033569336,90.43000030517578,91.2699966430664,3800,0.0,0.0,0.0
2023-03-14 00:00:00-04:00,93.95999908447266,94.05000305175781,93.56999969482422,93.56999969482422,1700,0.0,0.0,0.0
2023-03-15 00:00:00-04:00,90.8499984741211,90.8499984741211,90.33000183105469,90.68000030517578,4200,0.0,0.0,0.0
2023-03-16 00:00:00-04:00,90.5999984741211,91.94000244140625,90.5999984741211,91.83999633789062,7100,0.0,0.0,0.0
2023-03-17 00:00:00-04:00,90.88999938964844,90.88999938964844,89.68000030517578,89.68000030517578,1800,0.0,0.0,0.0
2023-03-20 00:00:00-04:00,90.69000244140625,91.37999725341797,90.69000244140625,91.37999725341797,1400,0.0,0.0,0.0
2023-03-21 00:00:00-04:00,92.7300033569336,93.41000366210938,92.7300033569336,93.25,2200,0.0,0.0,0.0
2023-03-22 00:00:00-04:00,93.33999633789062,93.4800033569336,91.76000213623047,91.76000213623047,2300,0.0,0.0,0.0
2023-03-23 00:00:00-04:00,92.47000122070312,93.0999984741211,91.12000274658203,91.37000274658203,1900,0.0,0.0,0.0
2023-03-24 00:00:00-04:00,90.37000274658203,91.29000091552734,89.76000213623047,91.29000091552734,2700,0.0,0.0,0.0
2023-03-27 00:00:00-04:00,91.9000015258789,92.55999755859375,91.55000305175781,92.30999755859375,3100,0.0,0.0,0.0
2023-03-28 00:00:00-04:00,92.36000061035156,92.75,92.27999877929688,92.75,2400,0.0,0.0,0.0
2023-03-29 00:00:00-04:00,93.19999694824219,93.69999694824219,93.19999694824219,93.69000244140625,2300,0.0,0.0,0.0
2023-03-30 00:00:00-04:00,93.75,94.26000213623047,93.75,94.25,1800,0.0,0.0,0.0
2023-03-31 00:00:00-04:00,94.43000030517578,94.87000274658203,94.4000015258789,94.87000274658203,3900,0.0,0.0,0.0
2023-04-03 00:00:00-04:00,95.0,95.0,94.11000061035156,94.72000122070312,5600,0.0,0.0,0.0
2023-04-04 00:00:00-04:00,93.76000213623047,93.76000213623047,91.4800033569336,91.62000274658203,7200,0.0,0.0,0.0
2023-04-05 00:00:00-04:00,91.5,91.5,89.27999877929688,90.0,6400,0.0,0.0,0.0
2023-04-06 00:00:00-04:00,89.80000305175781,90.01000213623047,89.4800033569336,89.4800033569336,1900,0.0,0.0,0.0
2023-04-10 00:00:00-04:00,89.66000366210938,90.87000274658203,89.66000366210938,90.87000274658203,1500,0.0,0.0,0.0
2023-04-11 00:00:00-04:00,91.33999633789062,91.87999725341797,91.33999633789062,91.4000015258789,2000,0.0,0.0,0.0
2023-04-12 00:00:00-04:00,92.7699966430664,92.7699966430664,92.62000274658203,92.68000030517578,1400,0.0,0.0,0.0
2023-04-13 00:00:00-04:00,91.94999694824219,93.05999755859375,91.94999694824219,92.83000183105469,2000,0.0,0.0,0.0
2023-04-14 00:00:00-04:00,92.4800033569336,93.41999816894531,92.47000122070312,93.04000091552734,1300,0.0,0.0,0.0
2023-04-17 00:00:00-04:00,92.91999816894531,93.66999816894531,92.91999816894531,93.66999816894531,2000,0.0,0.0,0.0
2023-04-18 00:00:00-04:00,93.5999984741211,94.3499984741211,93.5999984741211,94.18000030517578,2200,0.0,0.0,0.0
2023-04-19 00:00:00-04:00,93.58000183105469,93.94000244140625,93.58000183105469,93.75,1500,0.0,0.0,0.0
2023-04-20 00:00:00-04:00,93.66000366210938,94.19999694824219,93.66000366210938,94.0,11800,0.0,0.0,0.0
2023-04-21 00:00:00-04:00,93.81999969482422,94.20999908447266,93.44000244140625,93.69999694824219,2500,0.0,0.0,0.0
2023-04-24 00:00:00-04:00,93.91000366210938,94.0999984741211,93.75,94.01000213623047,1800,0.0,0.0,0.0
2023-04-25 00:00:00-04:00,93.80000305175781,93.94000244140625,93.04000091552734,93.04000091552734,4400,0.0,0.0,0.0
2023-04-26 00:00:00-04:00,91.94999694824219,91.94999694824219,90.62999725341797,90.73999786376953,37200,0.0,0.0,0.0
2023-04-27 00:00:00-04:00,91.29000091552734,93.4000015258789,91.29000091552734,93.4000015258789,1500,0.0,0.0,0.0
2023-04-28 00:00:00-04:00,93.41999816894531,94.36000061035156,93.41999816894531,94.36000061035156,1300,0.0,0.0,0.0
2023-05-01 00:00:00-04:00,95.11000061035156,95.16000366210938,94.68000030517578,94.8499984741211,3500,0.0,0.0,0.0
2023-05-02 00:00:00-04:00,94.29000091552734,94.86000061035156,93.37000274658203,94.83999633789062,2900,0.0,0.0,0.0
2023-05-03 00:00:00-04:00,95.87999725341797,95.94999694824219,94.86000061035156,94.86000061035156,1800,0.0,0.0,0.0
2023-05-04 00:00:00-04:00,93.44000244140625,93.44000244140625,92.83000183105469,92.87999725341797,2100,0.0,0.0,0.0
2023-05-05 00:00:00-04:00,94.04000091552734,94.87000274658203,94.0,94.6500015258789,2400,0.0,0.0,0.0
2023-05-08 00:00:00-04:00,95.19000244140625,95.19000244140625,94.4000015258789,94.77999877929688,2400,0.0,0.0,0.0
2023-05-09 00:00:00-04:00,94.30999755859375,95.1500015258789,94.29000091552734,95.1500015258789,3000,0.0,0.0,0.0
2023-05-10 00:00:00-04:00,94.83000183105469,95.06999969482422,94.20999908447266,95.06999969482422,900,0.0,0.0,0.0
2023-05-11 00:00:00-04:00,94.61000061035156,94.8499984741211,94.61000061035156,94.8499984741211,800,0.0,0.0,0.0
2023-05-12 00:00:00-04:00,94.45999908447266,94.79000091552734,94.45999908447266,94.79000091552734,500,0.0,0.0,0.0
2023-05-15 00:00:00-04:00,94.8499984741211,95.62000274658203,94.8499984741211,95.36000061035156,16000,0.0,0.0,0.0
2023-05-16 00:00:00-04:00,94.76000213623047,94.76000213623047,94.26000213623047,94.26000213623047,2500,0.0,0.0,0.0
2023-05-17 00:00:00-04:00,94.19999694824219,95.20999908447266,94.19999694824219,95.20999908447266,900,0.0,0.0,0.0
2023-05-18 00:00:00-04:00,96.26000213623047,96.66999816894531,95.69999694824219,96.55000305175781,20300,0.0,0.0,0.0
2023-05-19 00:00:00-04:00,96.04000091552734,96.16999816894531,96.04000091552734,96.16999816894531,600,0.0,0.0,0.0
2023-05-22 00:00:00-04:00,95.6500015258789,96.44000244140625,95.6500015258789,96.16000366210938,3600,0.0,0.0,0.0
2023-05-23 00:00:00-04:00,95.11000061035156,95.11000061035156,94.56999969482422,94.56999969482422,1000,0.0,0.0,0.0
2023-05-24 00:00:00-04:00,93.80999755859375,93.83999633789062,93.68000030517578,93.83999633789062,1100,0.0,0.0,0.0
2023-05-25 00:00:00-04:00,94.01000213623047,94.86000061035156,93.97000122070312,94.81999969482422,5800,0.0,0.0,0.0
2023-05-26 00:00:00-04:00,95.30000305175781,95.80999755859375,95.18000030517578,95.73999786376953,7200,0.0,0.0,0.0
2023-05-30 00:00:00-04:00,95.61000061035156,95.72000122070312,95.30999755859375,95.54000091552734,2700,0.0,0.0,0.0
2023-05-31 00:00:00-04:00,94.94000244140625,94.94000244140625,93.51000213623047,93.51000213623047,2500,0.0,0.0,0.0
2023-06-01 00:00:00-04:00,93.20999908447266,94.2300033569336,93.20999908447266,94.19000244140625,4700,0.0,0.0,0.0
2023-06-02 00:00:00-04:00,93.7300033569336,97.51000213623047,93.7300033569336,97.27999877929688,4100,0.0,0.0,0.0
2023-06-05 00:00:00-04:00,97.06999969482422,97.11000061035156,96.38999938964844,96.81999969482422,2700,0.0,0.0,0.0
2023-06-06 00:00:00-04:00,97.94999694824219,98.2699966430664,97.94999694824219,98.16000366210938,3500,0.0,0.0,0.0
2023-06-07 00:00:00-04:00,98.7300033569336,99.81999969482422,98.7300033569336,99.69999694824219,6400,0.0,0.0,0.0
2023-06-08 00:00:00-04:00,99.6500015258789,99.69999694824219,99.48999786376953,99.56999969482422,1300,0.0,0.0,0.0
2023-06-09 00:00:00-04:00,99.47000122070312,99.47000122070312,99.02999877929688,99.22000122070312,2400,0.0,0.0,0.0
2023-06-12 00:00:00-04:00,99.88999938964844,100.19999694824219,99.2699966430664,100.19999694824219,1000,0.0,0.0,0.0
2023-06-13 00:00:00-04:00,100.25,101.44000244140625,100.25,101.02999877929688,11100,0.0,0.0,0.0
2023-06-14 00:00:00-04:00,100.94999694824219,101.37999725341797,100.4800033569336,100.62999725341797,6000,0.0,0.0,0.0
2023-06-15 00:00:00-04:00,101.04000091552734,102.0,101.04000091552734,101.91000366210938,2100,0.0,0.0,0.0
2023-06-16 00:00:00-04:00,102.11000061035156,102.11000061035156,101.44999694824219,101.4800033569336,9500,0.0,0.0,0.0
2023-06-20 00:00:00-04:00,100.81999969482422,101.31999969482422,100.76000213623047,101.26000213623047,8200,0.0,0.0,0.0
2023-06-21 00:00:00-04:00,101.02999877929688,102.27999877929688,101.02999877929688,102.23999786376953,3000,0.0,0.0,0.0
2023-06-22 00:00:00-04:00,102.23999786376953,102.23999786376953,101.44999694824219,101.87000274658203,2300,0.0,0.0,0.0
2023-06-23 00:00:00-04:00,101.5,101.5199966430664,100.91000366210938,100.91000366210938,1900,0.0,0.0,0.0
2023-06-26 00:00:00-04:00,101.37000274658203,101.83000183105469,101.37000274658203,101.55999755859375,2800,0.0,0.0,0.0
2023-06-27 00:00:00-04:00,103.18000030517578,103.8499984741211,102.95999908447266,103.61000061035156,4900,0.0,0.0,0.0
2023-06-28 00:00:00-04:00,103.87000274658203,104.08000183105469,103.66000366210938,104.08000183105469,18200,0.0,0.0,0.0
2023-06-29 00:00:00-04:00,104.08999633789062,104.69000244140625,104.04000091552734,104.69000244140625,3300,0.0,0.0,0.0
2023-06-30 00:00:00-04:00,105.0199966430664,105.93000030517578,104.9800033569336,105.2300033569336,4000,0.0,0.0,0.0
2023-07-03 00:00:00-04:00,105.43000030517578,105.43000030517578,104.79000091552734,105.13999938964844,2400,0.0,0.0,0.0
2023-07-05 00:00:00-04:00,104.33000183105469,104.7300033569336,103.94999694824219,103.94999694824219,3500,0.0,0.0,0.0
2023-07-06 00:00:00-04:00,102.87000274658203,103.05000305175781,102.45999908447266,103.05000305175781,2800,0.0,0.0,0.0
2023-07-07 00:00:00-04:00,103.87999725341797,104.52999877929688,103.56999969482422,103.56999969482422,6600,0.0,0.0,0.0
2023-07-10 00:00:00-04:00,105.08000183105469,105.33000183105469,104.76000213623047,105.20999908447266,3000,0.0,0.0,0.0
2023-07-11 00:00:00-04:00,105.83999633789062,106.19000244140625,105.44000244140625,106.19000244140625,11800,0.0,0.0,0.0
2023-07-12 00:00:00-04:00,106.43000030517578,106.66000366210938,105.94999694824219,106.0199966430664,3800,0.0,0.0,0.0
2023-07-13 00:00:00-04:00,107.18000030517578,107.18000030517578,106.0999984741211,106.7699966430664,4000,0.0,0.0,0.0
2023-07-14 00:00:00-04:00,106.12999725341797,106.41999816894531,105.86000061035156,106.41999816894531,3300,0.0,0.0,0.0
2023-07-17 00:00:00-04:00,106.01000213623047,107.95999908447266,106.01000213623047,107.52999877929688,5800,0.0,0.0,0.0
2023-07-18 00:00:00-04:00,109.0,109.37000274658203,108.80000305175781,109.2699966430664,3200,0.0,0.0,0.0
2023-07-19 00:00:00-04:00,109.23999786376953,109.23999786376953,108.12000274658203,108.66000366210938,3800,0.0,0.0,0.0
2023-07-20 00:00:00-04:00,108.66000366210938,108.66000366210938,108.30999755859375,108.55000305175781,2000,0.0,0.0,0.0
2023-07-21 00:00:00-04:00,108.6500015258789,108.6500015258789,107.76000213623047,107.76000213623047,3900,0.0,0.0,0.0
2023-07-24 00:00:00-04:00,107.33000183105469,108.19999694824219,107.33000183105469,107.79000091552734,4200,0.0,0.0,0.0
2023-07-25 00:00:00-04:00,108.2300033569336,108.5999984741211,108.11000061035156,108.11000061035156,3500,0.0,0.0,0.0
2023-07-26 00:00:00-04:00,108.4800033569336,108.5999984741211,107.72000122070312,108.0,4800,0.0,0.0,0.0
2023-07-27 00:00:00-04:00,108.47000122070312,108.47000122070312,106.87000274658203,106.87000274658203,2500,0.0,0.0,0.0
2023-07-28 00:00:00-04:00,107.86000061035156,107.86000061035156,107.27999877929688,107.80999755859375,2700,0.0,0.0,0.0
2023-07-31 00:00:00-04:00,108.30999755859375,108.69000244140625,108.30999755859375,108.69000244140625,1800,0.0,0.0,0.0
2023-08-01 00:00:00-04:00,108.5199966430664,108.75,108.4000015258789,108.69999694824219,4400,0.0,0.0,0.0
2023-08-02 00:00:00-04:00,108.88999938964844,108.88999938964844,107.70999908447266,107.79000091552734,4200,0.0,0.0,0.0
2023-08-03 00:00:00-04:00,107.56999969482422,107.56999969482422,106.69999694824219,107.16000366210938,2400,0.0,0.0,0.0
2023-08-04 00:00:00-04:00,107.0,108.05000305175781,106.7699966430664,106.7699966430664,5000,0.0,0.0,0.0
2023-08-07 00:00:00-04:00,107.44000244140625,108.2699966430664,107.44000244140625,108.01000213623047,3700,0.0,0.0,0.0
2023-08-08 00:00:00-04:00,107.37999725341797,107.94000244140625,106.91999816894531,107.69999694824219,36100,0.0,0.0,0.0
2023-08-09 00:00:00-04:00,107.54000091552734,107.68000030517578,107.02999877929688,107.02999877929688,2900,0.0,0.0,0.0
2023-08-10 00:00:00-04:00,107.44999694824219,107.44999694824219,106.25,106.62999725341797,3700,0.0,0.0,0.0
2023-08-11 00:00:00-04:00,106.68000030517578,107.45999908447266,106.68000030517578,107.16999816894531,2000,0.0,0.0,0.0
2023-08-14 00:00:00-04:00,107.44999694824219,107.9800033569336,107.2699966430664,107.9800033569336,2300,0.0,0.0,0.0
2023-08-15 00:00:00-04:00,106.62999725341797,107.08999633789062,106.62999725341797,106.86000061035156,2800,0.0,0.0,0.0
2023-08-16 00:00:00-04:00,107.02999877929688,107.37000274658203,105.66000366210938,105.66000366210938,5800,0.0,0.0,0.0
2023-08-17 00:00:00-04:00,106.30999755859375,106.30999755859375,103.06999969482422,103.06999969482422,6800,0.0,0.0,0.0
2023-08-18 00:00:00-04:00,103.4800033569336,103.8499984741211,103.4800033569336,103.80000305175781,3200,0.0,0.0,0.0
2023-08-21 00:00:00-04:00,103.41999816894531,103.44000244140625,102.47000122070312,103.1500015258789,8700,0.0,0.0,0.0
2023-08-22 00:00:00-04:00,103.41999816894531,103.76000213623047,103.20999908447266,103.38999938964844,4100,0.0,0.0,0.0
2023-08-23 00:00:00-04:00,103.38999938964844,105.12000274658203,103.38999938964844,105.12000274658203,6000,0.0,0.0,0.0
2023-08-24 00:00:00-04:00,104.7699966430664,104.83999633789062,103.4800033569336,103.4800033569336,7700,0.0,0.0,0.0
2023-08-25 00:00:00-04:00,103.4800033569336,104.13999938964844,102.68000030517578,104.02999877929688,2200,0.0,0.0,0.0
2023-08-28 00:00:00-04:00,105.0,105.87000274658203,105.0,105.51000213623047,6200,0.0,0.0,0.0
2023-08-29 00:00:00-04:00,105.29000091552734,106.98999786376953,105.29000091552734,106.9000015258789,3200,0.0,0.0,0.0
2023-08-30 00:00:00-04:00,108.19999694824219,108.20999908447266,107.5199966430664,107.5199966430664,4600,0.0,0.0,0.0
2023-08-31 00:00:00-04:00,107.37000274658203,108.30000305175781,107.37000274658203,107.73999786376953,4500,0.0,0.0,0.0
2023-09-01 00:00:00-04:00,107.83000183105469,108.76000213623047,107.83000183105469,108.70999908447266,2900,0.0,0.0,0.0
2023-09-05 00:00:00-04:00,108.22000122070312,108.22000122070312,105.75,105.8499984741211,7700,0.0,0.0,0.0
2023-09-06 00:00:00-04:00,106.8499984741211,106.8499984741211,105.69999694824219,106.11000061035156,7500,0.0,0.0,0.0
2023-09-07 00:00:00-04:00,105.2300033569336,106.11000061035156,104.7699966430664,105.83000183105469,7500,0.0,0.0,0.0
2023-09-08 00:00:00-04:00,105.79000091552734,105.80000305175781,105.16000366210938,105.18000030517578,2800,0.0,0.0,0.0
2023-09-11 00:00:00-04:00,105.13999938964844,105.56999969482422,104.9800033569336,105.11000061035156,3600,0.0,0.0,0.0
2023-09-12 00:00:00-04:00,105.5,105.55000305175781,104.30000305175781,104.30000305175781,9600,0.0,0.0,0.0
2023-09-13 00:00:00-04:00,104.29000091552734,104.29000091552734,102.93000030517578,103.22000122070312,6300,0.0,0.0,0.0
2023-09-14 00:00:00-04:00,104.44000244140625,104.44000244140625,103.94999694824219,104.30000305175781,2900,0.0,0.0,0.0
2023-09-15 00:00:00-04:00,103.51000213623047,103.52999877929688,102.81999969482422,103.0999984741211,3600,0.0,0.0,0.0
2023-09-18 00:00:00-04:00,103.4800033569336,104.05000305175781,103.29000091552734,103.29000091552734,5500,0.0,0.0,0.0
2023-09-19 00:00:00-04:00,102.98999786376953,103.01000213623047,102.44000244140625,102.7300033569336,2700,0.0,0.0,0.0
2023-09-20 00:00:00-04:00,103.52999877929688,103.52999877929688,101.94000244140625,101.94000244140625,2000,0.0,0.0,0.0
2023-09-21 00:00:00-04:00,101.0199966430664,101.05000305175781,99.66999816894531,100.31999969482422,19800,0.0,0.0,0.0
2023-09-22 00:00:00-04:00,100.72000122070312,100.80999755859375,100.25,100.25,2900,0.0,0.0,0.0
2023-09-25 00:00:00-04:00,100.91999816894531,101.19000244140625,100.9000015258789,101.19000244140625,3400,0.0,0.0,0.0
2023-09-26 00:00:00-04:00,100.02999877929688,100.23999786376953,99.30999755859375,99.30999755859375,6300,0.0,0.0,0.0
2023-09-27 00:00:00-04:00,100.36000061035156,100.47000122070312,100.36000061035156,100.47000122070312,1200,0.0,0.0,0.0
2023-09-28 00:00:00-04:00,101.20999908447266,102.30000305175781,101.20999908447266,101.63999938964844,4000,0.0,0.0,0.0
2023-09-29 00:00:00-04:00,101.94999694824219,101.94999694824219,100.94000244140625,101.08999633789062,1600,0.0,0.0,0.0
2023-10-02 00:00:00-04:00,101.01000213623047,101.08999633789062,99.26000213623047,99.76000213623047,8700,0.0,0.0,0.0
2023-10-03 00:00:00-04:00,100.0199966430664,100.0199966430664,97.62999725341797,98.18000030517578,14600,0.0,0.0,0.0
2023-10-04 00:00:00-04:00,98.8499984741211,99.31999969482422,97.7699966430664,99.31999969482422,16100,0.0,0.0,0.0
2023-10-05 00:00:00-04:00,99.37000274658203,99.37000274658203,98.52999877929688,98.9800033569336,5600,0.0,0.0,0.0
2023-10-06 00:00:00-04:00,98.7300033569336,101.30999755859375,98.69999694824219,100.73999786376953,1300,0.0,0.0,0.0
2023-10-09 00:00:00-04:00,100.75,101.86000061035156,100.75,101.7699966430664,1400,0.0,0.0,0.0
2023-10-10 00:00:00-04:00,102.9000015258789,103.29000091552734,102.75,102.75,1200,0.0,0.0,0.0
2023-10-11 00:00:00-04:00,103.55999755859375,103.81999969482422,103.16999816894531,103.81999969482422,1300,0.0,0.0,0.0
2023-10-12 00:00:00-04:00,103.27999877929688,103.47000122070312,102.18000030517578,102.18000030517578,1100,0.0,0.0,0.0
2023-10-13 00:00:00-04:00,100.2699966430664,100.73999786376953,99.94000244140625,99.94000244140625,3900,0.0,0.0,0.0
2023-10-16 00:00:00-04:00,101.2300033569336,101.61000061035156,101.16000366210938,101.5,3900,0.0,0.0,0.0
2023-10-17 00:00:00-04:00,102.31999969482422,102.5999984741211,102.08999633789062,102.33000183105469,3300,0.0,0.0,0.0
2023-10-18 00:00:00-04:00,101.19999694824219,101.19999694824219,98.41000366210938,98.41000366210938,7600,0.0,0.0,0.0
2023-10-19 00:00:00-04:00,98.11000061035156,98.30999755859375,96.58000183105469,96.66999816894531,2600,0.0,0.0,0.0
2023-10-20 00:00:00-04:00,95.83999633789062,95.87999725341797,95.4000015258789,95.4000015258789,3500,0.0,0.0,0.0
2023-10-23 00:00:00-04:00,95.02999877929688,96.0999984741211,95.02999877929688,95.29000091552734,1300,0.0,0.0,0.0
2023-10-24 00:00:00-04:00,95.76000213623047,96.29000091552734,95.66999816894531,96.11000061035156,7100,0.0,0.0,0.0
2023-10-25 00:00:00-04:00,96.30999755859375,96.30999755859375,94.41999816894531,94.5,3300,0.0,0.0,0.0
2023-10-26 00:00:00-04:00,94.8499984741211,95.81999969482422,94.66000366210938,95.06999969482422,2600,0.0,0.0,0.0
2023-10-27 00:00:00-04:00,94.72000122070312,95.19000244140625,94.08000183105469,94.45999908447266,2500,0.0,0.0,0.0
2023-10-30 00:00:00-04:00,94.43000030517578,95.72000122070312,94.43000030517578,95.72000122070312,2000,0.0,0.0,0.0
2023-10-31 00:00:00-04:00,95.27999877929688,96.22000122070312,95.27999877929688,96.22000122070312,4800,0.0,0.0,0.0
2023-11-01 00:00:00-04:00,97.30000305175781,98.20999908447266,97.19000244140625,98.16999816894531,5900,0.0,0.0,0.0
2023-11-02 00:00:00-04:00,98.86000061035156,100.5999984741211,98.86000061035156,100.43000030517578,2700,0.0,0.0,0.0
2023-11-03 00:00:00-04:00,101.9800033569336,102.58000183105469,101.9800033569336,102.0999984741211,5700,0.0,0.0,0.0
2023-11-06 00:00:00-05:00,101.72000122070312,101.72000122070312,100.8499984741211,101.36000061035156,3300,0.0,0.0,0.0
2023-11-07 00:00:00-05:00,100.69000244140625,101.30000305175781,100.69000244140625,101.19999694824219,2200,0.0,0.0,0.0
2023-11-08 00:00:00-05:00,101.72000122070312,101.72000122070312,101.26000213623047,101.27999877929688,1100,0.0,0.0,0.0
2023-11-09 00:00:00-05:00,102.16000366210938,102.33999633789062,101.13999938964844,101.33999633789062,1000,0.0,0.0,0.0
2023-11-10 00:00:00-05:00,102.69999694824219,103.62000274658203,102.62999725341797,103.58000183105469,2500,0.0,0.0,0.0
2023-11-13 00:00:00-05:00,103.98999786376953,103.98999786376953,103.16000366210938,103.69000244140625,4800,0.0,0.0,0.0
2023-11-14 00:00:00-05:00,105.75,107.45999908447266,105.75,107.4000015258789,5000,0.0,0.0,0.0
2023-11-15 00:00:00-05:00,107.61000061035156,108.33999633789062,106.62000274658203,106.62000274658203,4800,0.0,0.0,0.0
2023-11-16 00:00:00-05:00,106.29000091552734,107.45999908447266,106.1500015258789,106.1500015258789,2700,0.0,0.0,0.0
2023-11-17 00:00:00-05:00,107.44999694824219,107.62999725341797,107.37999725341797,107.44000244140625,3400,0.0,0.0,0.0
2023-11-20 00:00:00-05:00,107.9000015258789,108.36000061035156,107.5999984741211,107.86000061035156,5300,0.0,0.0,0.0
2023-11-21 00:00:00-05:00,107.70999908447266,107.88999938964844,107.41999816894531,107.41999816894531,3200,0.0,0.0,0.0
2023-11-22 00:00:00-05:00,108.01000213623047,108.36000061035156,107.83000183105469,107.98999786376953,3100,0.0,0.0,0.0
2023-11-24 00:00:00-05:00,108.02999877929688,108.68000030517578,108.02999877929688,108.37999725341797,1200,0.0,0.0,0.0
2023-11-27 00:00:00-05:00,107.86000061035156,108.66000366210938,107.86000061035156,108.2300033569336,2700,0.0,0.0,0.0
2023-11-28 00:00:00-05:00,107.80999755859375,108.18000030517578,106.2300033569336,106.2300033569336,8300,0.0,0.0,0.0
2023-11-29 00:00:00-05:00,107.33000183105469,107.33000183105469,106.37999725341797,106.37999725341797,3900,0.0,0.0,0.0
2023-11-30 00:00:00-05:00,106.37999725341797,107.62000274658203,106.19999694824219,107.62000274658203,3500,0.0,0.0,0.0
2023-12-01 00:00:00-05:00,106.95999908447266,110.27999877929688,106.95999908447266,110.27999877929688,18100,0.0,0.0,0.0
2023-12-04 00:00:00-05:00,109.86000061035156,110.30999755859375,109.55000305175781,110.26000213623047,2800,0.0,0.0,0.0
2023-12-05 00:00:00-05:00,109.36000061035156,109.80000305175781,109.0199966430664,109.0199966430664,5300,0.0,0.0,0.0
2023-12-06 00:00:00-05:00,109.54000091552734,109.63999938964844,107.95999908447266,107.95999908447266,7500,0.0,0.0,0.0
2023-12-07 00:00:00-05:00,107.86000061035156,108.31999969482422,107.52999877929688,108.31999969482422,1600,0.0,0.0,0.0
2023-12-08 00:00:00-05:00,109.31999969482422,109.56999969482422,108.9800033569336,109.41999816894531,2300,0.0,0.0,0.0
2023-12-11 00:00:00-05:00,109.75,110.83999633789062,109.75,110.76000213623047,2600,0.0,0.0,0.0
2023-12-12 00:00:00-05:00,111.19000244140625,112.20999908447266,111.19000244140625,111.61000061035156,3100,0.0,0.0,0.0
2023-12-13 00:00:00-05:00,111.2699966430664,113.13999938964844,110.88999938964844,113.05000305175781,4000,0.0,0.0,0.0
2023-12-14 00:00:00-05:00,115.0,116.04000091552734,114.95999908447266,115.83999633789062,3300,0.0,0.0,0.0
2023-12-15 00:00:00-05:00,116.87000274658203,116.87000274658203,115.80999755859375,115.98999786376953,4800,0.0,0.0,0.0
2023-12-18 00:00:00-05:00,115.91999816894531,116.08999633789062,115.55999755859375,115.66999816894531,4700,0.0,0.0,0.0
2023-12-19 00:00:00-05:00,117.0,117.16000366210938,116.9800033569336,117.02999877929688,1400,0.0,0.0,0.0
2023-12-20 00:00:00-05:00,116.4000015258789,118.0,115.33000183105469,115.33000183105469,2500,0.0,0.0,0.0
2023-12-21 00:00:00-05:00,116.06999969482422,117.63999938964844,116.06999969482422,117.5199966430664,4400,0.0,0.0,0.0
2023-12-22 00:00:00-05:00,118.04000091552734,118.51000213623047,117.87999725341797,118.01000213623047,4000,0.0,0.0,0.0
2023-12-26 00:00:00-05:00,118.23999786376953,119.33000183105469,118.23999786376953,119.12999725341797,38000,0.0,0.0,0.0
2023-12-27 00:00:00-05:00,118.58999633789062,119.12999725341797,118.58999633789062,118.81999969482422,3100,0.0,0.0,0.0
2023-12-28 00:00:00-05:00,119.0999984741211,119.0999984741211,118.73999786376953,118.79000091552734,2300,0.0,0.0,0.0
2023-12-29 00:00:00-05:00,118.20999908447266,118.58999633789062,117.58000183105469,118.43000030517578,46200,0.0,0.0,0.0
2024-01-02 00:00:00-05:00,117.41999816894531,117.86000061035156,115.69999694824219,116.44000244140625,8500,0.0,0.0,0.0
2024-01-03 00:00:00-05:00,114.3499984741211,114.66999816894531,113.68000030517578,113.68000030517578,2900,0.0,0.0,0.0
2024-01-04 00:00:00-05:00,113.12999725341797,114.70999908447266,113.12999725341797,114.0,1600,0.0,0.0,0.0
2024-01-05 00:00:00-05:00,113.87000274658203,114.38999938964844,113.68000030517578,113.73999786376953,6400,0.0,0.0,0.0
2024-01-08 00:00:00-05:00,113.4800033569336,115.38999938964844,113.4800033569336,115.38999938964844,2900,0.0,0.0,0.0
2024-01-09 00:00:00-05:00,114.05000305175781,114.94999694824219,113.97000122070312,114.8499984741211,4800,0.0,0.0,0.0
2024-01-10 00:00:00-05:00,115.0,115.37000274658203,114.81999969482422,115.26000213623047,2100,0.0,0.0,0.0
2024-01-11 00:00:00-05:00,115.30999755859375,115.66999816894531,114.18000030517578,115.56999969482422,3100,0.0,0.0,0.0
2024-01-12 00:00:00-05:00,115.05000305175781,115.79000091552734,115.05000305175781,115.79000091552734,2600,0.0,0.0,0.0
2024-01-16 00:00:00-05:00,114.4000015258789,114.94999694824219,114.33999633789062,114.87000274658203,5500,0.0,0.0,0.0
2024-01-17 00:00:00-05:00,113.80999755859375,114.62999725341797,113.80999755859375,114.25,1900,0.0,0.0,0.0
2024-01-18 00:00:00-05:00,115.30000305175781,115.87000274658203,114.5,115.87000274658203,2000,0.0,0.0,0.0
2024-01-19 00:00:00-05:00,116.69000244140625,117.08999633789062,115.5199966430664,116.94999694824219,3600,0.0,0.0,0.0
2024-01-22 00:00:00-05:00,118.33000183105469,118.94999694824219,118.26000213623047,118.86000061035156,5000,0.0,0.0,0.0
2024-01-23 00:00:00-05:00,118.98999786376953,118.98999786376953,117.0999984741211,117.86000061035156,6900,0.0,0.0,0.0
2024-01-24 00:00:00-05:00,118.66999816894531,118.66999816894531,116.80000305175781,116.80000305175781,5500,0.0,0.0,0.0
2024-01-25 00:00:00-05:00,118.11000061035156,118.7300033569336,118.0999984741211,118.7300033569336,5200,0.0,0.0,0.0
2024-01-26 00:00:00-05:00,118.22000122070312,118.62999725341797,117.8499984741211,118.30000305175781,4700,0.0,0.0,0.0
2024-01-29 00:00:00-05:00,117.63999938964844,119.9000015258789,117.63999938964844,119.9000015258789,4400,0.0,0.0,0.0
2024-01-30 00:00:00-05:00,119.9000015258789,120.8499984741211,119.9000015258789,120.8499984741211,26700,0.0,0.0,0.0
2024-01-31 00:00:00-05:00,120.44999694824219,120.87000274658203,119.16999816894531,119.16999816894531,6200,0.0,0.0,0.0
2024-02-01 00:00:00-05:00,120.12999725341797,122.52999877929688,119.95999908447266,122.52999877929688,2100,0.0,0.0,0.0
2024-02-02 00:00:00-05:00,121.5999984741211,125.25,121.5999984741211,125.04000091552734,48600,0.0,0.0,0.0
2024-02-05 00:00:00-05:00,124.94999694824219,124.94999694824219,122.87999725341797,123.70999908447266,8500,0.0,0.0,0.0
2024-02-06 00:00:00-05:00,123.94999694824219,124.01000213623047,123.4800033569336,124.01000213623047,28400,0.0,0.0,0.0
2024-02-07 00:00:00-05:00,125.12000274658203,126.7300033569336,125.12000274658203,126.01000213623047,5900,0.0,0.0,0.0
2024-02-08 00:00:00-05:00,125.91000366210938,126.95999908447266,125.91000366210938,126.81999969482422,10900,0.0,0.0,0.0
2024-02-09 00:00:00-05:00,127.16999816894531,128.5500030517578,127.12999725341797,128.2100067138672,8000,0.0,0.0,0.0
2024-02-12 00:00:00-05:00,129.8000030517578,129.8000030517578,128.05999755859375,128.30999755859375,8600,0.0,0.0,0.0
2024-02-13 00:00:00-05:00,124.1500015258789,126.0999984741211,123.83999633789062,124.5,14900,0.0,0.0,0.0
2024-02-14 00:00:00-05:00,126.01000213623047,127.63999938964844,126.01000213623047,127.37000274658203,6500,0.0,0.0,0.0
2024-02-15 00:00:00-05:00,128.38999938964844,128.83999633789062,127.18000030517578,128.44000244140625,5900,0.0,0.0,0.0
2024-02-16 00:00:00-05:00,130.13999938964844,130.13999938964844,127.18000030517578,127.18000030517578,5000,0.0,0.0,0.0
2024-02-20 00:00:00-05:00,127.37000274658203,127.37000274658203,125.55000305175781,126.16000366210938,7300,0.0,0.0,0.0
2024-02-21 00:00:00-05:00,125.2699966430664,126.62000274658203,125.2699966430664,126.25,4900,0.0,0.0,0.0
2024-02-22 00:00:00-05:00,127.8499984741211,128.27999877929688,127.69000244140625,128.16000366210938,12500,0.0,0.0,0.0
2024-02-23 00:00:00-05:00,128.83999633789062,130.0500030517578,128.83999633789062,130.0500030517578,3000,0.0,0.0,0.0
2024-02-26 00:00:00-05:00,130.10000610351562,131.30999755859375,130.10000610351562,131.13999938964844,10800,0.0,0.0,0.0
2024-02-27 00:00:00-05:00,131.16000366210938,131.74000549316406,130.57000732421875,131.52999877929688,5100,0.0,0.0,0.0
2024-02-28 00:00:00-05:00,131.5399932861328,131.97000122070312,131.5399932861328,131.67999267578125,6900,0.0,0.0,0.0
2024-02-29 00:00:00-05:00,132.3800048828125,133.50999450683594,132.27000427246094,133.50999450683594,6300,0.0,0.0,0.0
2024-03-01 00:00:00-05:00,135.11000061035156,135.11000061035156,134.13999938964844,134.8300018310547,9300,0.0,0.0,0.0
2024-03-04 00:00:00-05:00,136.5800018310547,136.75,135.3300018310547,135.33999633789062,14100,0.0,0.0,0.0
2024-03-05 00:00:00-05:00,135.5800018310547,135.5800018310547,132.97000122070312,133.44000244140625,12300,0.0,0.0,0.0
2024-03-06 00:00:00-05:00,134.8300018310547,134.92999267578125,134.08999633789062,134.14999389648438,7400,0.0,0.0,0.0
2024-03-07 00:00:00-05:00,135.41000366210938,135.60000610351562,134.61000061035156,135.30999755859375,15100,0.0,0.0,0.0
2024-03-08 00:00:00-05:00,136.13999938964844,136.3300018310547,133.77999877929688,133.89999389648438,5300,0.0,0.0,0.0
2024-03-11 00:00:00-04:00,132.08999633789062,132.08999633789062,131.10000610351562,131.91000366210938,6600,0.0,0.0,0.0
2024-03-12 00:00:00-04:00,132.16000366210938,134.00999450683594,132.14999389648438,133.8300018310547,7400,0.0,0.0,0.0
2024-03-13 00:00:00-04:00,134.41000366210938,135.3000030517578,134.1300048828125,134.35000610351562,25600,0.0,0.0,0.0
2024-03-14 00:00:00-04:00,135.0399932861328,135.0399932861328,132.88999938964844,133.4499969482422,18000,0.0,0.0,0.0
2024-03-15 00:00:00-04:00,133.1999969482422,134.39999389648438,133.1999969482422,133.67999267578125,11700,0.0,0.0,0.0
2024-03-18 00:00:00-04:00,135.47000122070312,135.47000122070312,133.66000366210938,133.66000366210938,8400,0.0,0.0,0.0
2024-03-19 00:00:00-04:00,133.88999938964844,134.91000366210938,133.57000732421875,134.63999938964844,4400,0.0,0.0,0.0
2024-03-20 00:00:00-04:00,135.5,137.16000366210938,134.97000122070312,137.16000366210938,12900,0.0,0.0,0.0
2024-03-21 00:00:00-04:00,139.61000061035156,139.99000549316406,138.10000610351562,139.72999572753906,20100,0.0,0.0,0.0
2024-03-22 00:00:00-04:00,140.24000549316406,140.24000549316406,138.5500030517578,139.0800018310547,13100,0.0,0.0,0.0
2024-03-25 00:00:00-04:00,139.42999267578125,139.44000244140625,138.0,138.0,7100,0.0,0.0,0.0
2024-03-26 00:00:00-04:00,140.58999633789062,140.58999633789062,137.77000427246094,137.77000427246094,6800,0.0,0.0,0.0
2024-03-27 00:00:00-04:00,138.91000366210938,139.22000122070312,138.49000549316406,139.1300048828125,14700,0.0,0.0,0.0
2024-03-28 00:00:00-04:00,139.6999969482422,140.22999572753906,139.4499969482422,139.5500030517578,5200,0.0,0.0,0.0
2024-04-01 00:00:00-04:00,142.4600067138672,142.4600067138672,138.22999572753906,138.8000030517578,71400,0.0,0.0,0.0
2024-04-02 00:00:00-04:00,137.5399932861328,137.5399932861328,136.61000061035156,137.4499969482422,15500,0.0,0.0,0.0
2024-04-03 00:00:00-04:00,139.44000244140625,139.9600067138672,139.14999389648438,139.19000244140625,15800,0.0,0.0,0.0
2024-04-04 00:00:00-04:00,140.97999572753906,141.1699981689453,137.11000061035156,137.11000061035156,16200,0.0,0.0,0.0
2024-04-05 00:00:00-04:00,138.16000366210938,140.33999633789062,138.16000366210938,139.99000549316406,11800,0.0,0.0,0.0
2024-04-08 00:00:00-04:00,140.44000244140625,140.72999572753906,140.00999450683594,140.2100067138672,27500,0.0,0.0,0.0
2024-04-09 00:00:00-04:00,140.8800048828125,140.8800048828125,136.80999755859375,138.4499969482422,19300,0.0,0.0,0.0
2024-04-10 00:00:00-04:00,136.5,137.42999267578125,136.07000732421875,136.72999572753906,7700,0.0,0.0,0.0
2024-04-11 00:00:00-04:00,137.47999572753906,137.8300018310547,136.27999877929688,137.77000427246094,7400,0.0,0.0,0.0
2024-04-12 00:00:00-04:00,137.97999572753906,137.97999572753906,135.02000427246094,135.89999389648438,9900,0.0,0.0,0.0
2024-04-15 00:00:00-04:00,140.0,140.0,134.3699951171875,134.83999633789062,6000,0.0,0.0,0.0
2024-04-16 00:00:00-04:00,134.13999938964844,135.0800018310547,133.0500030517578,134.9199981689453,13300,0.0,0.0,0.0
2024-04-17 00:00:00-04:00,134.2899932861328,134.2899932861328,131.5399932861328,132.3699951171875,20400,0.0,0.0,0.0
2024-04-18 00:00:00-04:00,132.75999450683594,133.8000030517578,131.1699981689453,131.3800048828125,9100,0.0,0.0,0.0
2024-04-19 00:00:00-04:00,130.85000610351562,131.99000549316406,129.75,130.50999450683594,6100,0.0,0.0,0.0
2024-04-22 00:00:00-04:00,131.75,131.9499969482422,130.92999267578125,131.16000366210938,6500,0.0,0.0,0.0
2024-04-23 00:00:00-04:00,134.25999450683594,134.97999572753906,133.6699981689453,134.8000030517578,7300,0.0,0.0,0.0
2024-04-24 00:00:00-04:00,135.55999755859375,136.57000732421875,133.02999877929688,134.27999877929688,8600,0.0,0.0,0.0
2024-04-25 00:00:00-04:00,132.05999755859375,135.1300048828125,132.05999755859375,135.02000427246094,12400,0.0,0.0,0.0
2024-04-26 00:00:00-04:00,134.9499969482422,135.0500030517578,134.47000122070312,134.61000061035156,22500,0.0,0.0,0.0
2024-04-29 00:00:00-04:00,134.99000549316406,136.3800048828125,134.72999572753906,135.1999969482422,5500,0.0,0.0,0.0
2024-04-30 00:00:00-04:00,134.39999389648438,134.39999389648438,131.85000610351562,131.85000610351562,4500,0.0,0.0,0.0
2024-05-01 00:00:00-04:00,131.10000610351562,133.13999938964844,130.52000427246094,130.9600067138672,7000,0.0,0.0,0.0
2024-05-02 00:00:00-04:00,132.11000061035156,132.42999267578125,130.5399932861328,132.25999450683594,6200,0.0,0.0,0.0
2024-05-03 00:00:00-04:00,133.9499969482422,134.77999877929688,133.9499969482422,134.27999877929688,7300,0.0,0.0,0.0
2024-05-06 00:00:00-04:00,134.7899932861328,136.97000122070312,134.7899932861328,136.97000122070312,14700,0.0,0.0,0.0
2024-05-07 00:00:00-04:00,136.89999389648438,137.1300048828125,136.3699951171875,136.5800018310547,8700,0.0,0.0,0.0
2024-05-08 00:00:00-04:00,136.94000244140625,137.49000549316406,136.75999450683594,137.49000549316406,8700,0.0,0.0,0.0
2024-05-09 00:00:00-04:00,137.91000366210938,139.0500030517578,137.91000366210938,139.02999877929688,18100,0.0,0.0,0.0
2024-05-10 00:00:00-04:00,138.8300018310547,138.9199981689453,138.44000244140625,138.9199981689453,9800,0.0,0.0,0.0
2024-05-13 00:00:00-04:00,139.61000061035156,139.61000061035156,137.1199951171875,137.1199951171875,5600,0.0,0.0,0.0
2024-05-14 00:00:00-04:00,136.91000366210938,137.64999389648438,136.50999450683594,137.5500030517578,5900,0.0,0.0,0.0
2024-05-15 00:00:00-04:00,139.0,139.8000030517578,139.0,139.77000427246094,4100,0.0,0.0,0.0
2024-05-16 00:00:00-04:00,138.47999572753906,138.5500030517578,136.7100067138672,136.7100067138672,5100,0.0,0.0,0.0
2024-05-17 00:00:00-04:00,137.1199951171875,137.1199951171875,136.10000610351562,136.5500030517578,4300,0.0,0.0,0.0
2024-05-20 00:00:00-04:00,136.5800018310547,138.27999877929688,136.5800018310547,137.72999572753906,4000,0.0,0.0,0.0
2024-05-21 00:00:00-04:00,137.1999969482422,138.10000610351562,136.8699951171875,138.10000610351562,4800,0.0,0.0,0.0
2024-05-22 00:00:00-04:00,137.89999389648438,138.3300018310547,137.42999267578125,137.80999755859375,3600,0.0,0.0,0.0
2024-05-23 00:00:00-04:00,137.5399932861328,138.6999969482422,137.0800018310547,137.42999267578125,3000,0.0,0.0,0.0
2024-05-24 00:00:00-04:00,138.6300048828125,139.82000732421875,138.6300048828125,139.72999572753906,3800,0.0,0.0,0.0
2024-05-28 00:00:00-04:00,140.3000030517578,140.3000030517578,136.86000061035156,137.19000244140625,7900,0.0,0.0,0.0
2024-05-29 00:00:00-04:00,135.72999572753906,136.24000549316406,135.24000549316406,135.24000549316406,8000,0.0,0.0,0.0
2024-05-30 00:00:00-04:00,135.5,137.4600067138672,135.5,136.7100067138672,2900,0.0,0.0,0.0
2024-05-31 00:00:00-04:00,135.0,137.49000549316406,135.0,137.49000549316406,1300,0.0,0.0,0.0
2024-06-03 00:00:00-04:00,138.14999389648438,138.6199951171875,133.9499969482422,135.25,21900,0.0,0.0,0.0
2024-06-04 00:00:00-04:00,134.25999450683594,135.0800018310547,133.02000427246094,133.94000244140625,7900,0.0,0.0,0.0
2024-06-05 00:00:00-04:00,134.58999633789062,136.63999938964844,134.58999633789062,136.4600067138672,13500,0.0,0.0,0.0
2024-06-06 00:00:00-04:00,136.3300018310547,136.3300018310547,134.00999450683594,134.32000732421875,5400,0.0,0.0,0.0
2024-06-07 00:00:00-04:00,134.22000122070312,134.3000030517578,133.75999450683594,134.10000610351562,3300,0.0,0.0,0.0
2024-06-10 00:00:00-04:00,134.4600067138672,135.1699981689453,133.8699951171875,134.80999755859375,20400,0.0,0.0,0.0
2024-06-11 00:00:00-04:00,135.0399932861328,135.0399932861328,133.33999633789062,133.97999572753906,4900,0.0,0.0,0.0
2024-06-12 00:00:00-04:00,137.33999633789062,138.77999877929688,137.24000549316406,137.24000549316406,7700,0.0,0.0,0.0
2024-06-13 00:00:00-04:00,136.41000366210938,137.5399932861328,135.8000030517578,137.5399932861328,13700,0.0,0.0,0.0
2024-06-14 00:00:00-04:00,137.75,137.75,133.66000366210938,134.92999267578125,9800,0.0,0.0,0.0
2024-06-17 00:00:00-04:00,134.5,136.16000366210938,134.22999572753906,136.0500030517578,5000,0.0,0.0,0.0
2024-06-18 00:00:00-04:00,135.75,137.67999267578125,135.75,137.67999267578125,5800,0.0,0.0,0.0
2024-06-20 00:00:00-04:00,137.22000122070312,137.5399932861328,135.27999877929688,135.61000061035156,14200,0.0,0.0,0.0
2024-06-21 00:00:00-04:00,135.63999938964844,135.63999938964844,133.35000610351562,135.22000122070312,5400,0.0,0.0,0.0
2024-06-24 00:00:00-04:00,135.6999969482422,136.16000366210938,135.35000610351562,135.50999450683594,4100,0.0,0.0,0.0
2024-06-25 00:00:00-04:00,136.02000427246094,136.02000427246094,134.00999450683594,135.02999877929688,7100,0.0,0.0,0.0
2024-06-26 00:00:00-04:00,134.8699951171875,134.8699951171875,133.4600067138672,133.85000610351562,5900,0.0,0.0,0.0
2024-06-27 00:00:00-04:00,133.8300018310547,134.39999389648438,133.6199951171875,134.3000030517578,3300,0.0,0.0,0.0
2024-06-28 00:00:00-04:00,135.47999572753906,135.61000061035156,133.10000610351562,133.33999633789062,4000,0.0,0.0,0.0
2024-07-01 00:00:00-04:00,134.14999389648438,134.14999389648438,131.1199951171875,131.4600067138672,25300,0.0,0.0,0.0
2024-07-02 00:00:00-04:00,131.02999877929688,132.7100067138672,131.02999877929688,132.7100067138672,32000,0.0,0.0,0.0
2024-07-03 00:00:00-04:00,132.88999938964844,134.5399932861328,132.88999938964844,134.5399932861328,45800,0.0,0.0,0.0
2024-07-05 00:00:00-04:00,134.07000732421875,134.08999633789062,133.5,133.74000549316406,20100,0.0,0.0,0.0
2024-07-08 00:00:00-04:00,135.5399932861328,135.75,135.0399932861328,135.2100067138672,12900,0.0,0.0,0.0
2024-07-09 00:00:00-04:00,134.97000122070312,134.97000122070312,134.14999389648438,134.22999572753906,11000,0.0,0.0,0.0
2024-07-10 00:00:00-04:00,134.42999267578125,136.00999450683594,134.1300048828125,135.67999267578125,13500,0.0,0.0,0.0
2024-07-11 00:00:00-04:00,137.2100067138672,138.72000122070312,137.2100067138672,138.1699981689453,15800,0.0,0.0,0.0
2024-07-12 00:00:00-04:00,139.7899932861328,140.8300018310547,139.7899932861328,139.8000030517578,3700,0.0,0.0,0.0
2024-07-15 00:00:00-04:00,141.19000244140625,142.3000030517578,140.86000061035156,141.36000061035156,4300,0.0,0.0,0.0
2024-07-16 00:00:00-04:00,142.0399932861328,144.9600067138672,142.0399932861328,144.83999633789062,8600,0.0,0.0,0.0
2024-07-17 00:00:00-04:00,143.5,143.58999633789062,139.64999389648438,139.64999389648438,6600,0.0,0.0,0.0
2024-07-18 00:00:00-04:00,139.80999755859375,142.1300048828125,138.41000366210938,138.99000549316406,6200,0.0,0.0,0.0
2024-07-19 00:00:00-04:00,138.63999938964844,138.85000610351562,137.86000061035156,137.86000061035156,3000,0.0,0.0,0.0
2024-07-22 00:00:00-04:00,138.9199981689453,140.72000122070312,138.00999450683594,140.72000122070312,3200,0.0,0.0,0.0
2024-07-23 00:00:00-04:00,140.72999572753906,143.1199951171875,140.72999572753906,142.75,4800,0.0,0.0,0.0
2024-07-24 00:00:00-04:00,142.4600067138672,142.4600067138672,137.05999755859375,137.05999755859375,16200,0.0,0.0,0.0
2024-07-25 00:00:00-04:00,137.80999755859375,138.5,137.1699981689453,137.47000122070312,3500,0.0,0.0,0.0
2024-07-26 00:00:00-04:00,141.24000549316406,141.24000549316406,139.19000244140625,140.2100067138672,6200,0.0,0.0,0.0
2024-07-29 00:00:00-04:00,141.35000610351562,141.35000610351562,139.3800048828125,139.5800018310547,4900,0.0,0.0,0.0
2024-07-30 00:00:00-04:00,139.7100067138672,139.7100067138672,138.88999938964844,139.3800048828125,2700,0.0,0.0,0.0
2024-07-31 00:00:00-04:00,141.5,142.8800048828125,141.5,142.4499969482422,4100,0.0,0.0,0.0
2024-08-01 00:00:00-04:00,142.99000549316406,142.99000549316406,137.3000030517578,138.94000244140625,4900,0.0,0.0,0.0
2024-08-02 00:00:00-04:00,135.97999572753906,135.97999572753906,132.25,133.75,12900,0.0,0.0,0.0
2024-08-05 00:00:00-04:00,130.0,131.8699951171875,126.68000030517578,130.94000244140625,15100,0.0,0.0,0.0
2024-08-06 00:00:00-04:00,132.94000244140625,134.8800048828125,131.77999877929688,133.50999450683594,8100,0.0,0.0,0.0
2024-08-07 00:00:00-04:00,135.0,135.0,131.5,131.5,5900,0.0,0.0,0.0
2024-08-08 00:00:00-04:00,135.27999877929688,135.8699951171875,133.64999389648438,135.82000732421875,4900,0.0,0.0,0.0
2024-08-09 00:00:00-04:00,136.5800018310547,136.5800018310547,135.47999572753906,136.3699951171875,6800,0.0,0.0,0.0
2024-08-12 00:00:00-04:00,135.9499969482422,136.4499969482422,135.39999389648438,135.9199981689453,3300,0.0,0.0,0.0
2024-08-13 00:00:00-04:00,136.19000244140625,137.4499969482422,136.19000244140625,137.4499969482422,7100,0.0,0.0,0.0
2024-08-14 00:00:00-04:00,138.4199981689453,138.4199981689453,137.44000244140625,138.14999389648438,4700,0.0,0.0,0.0
2024-08-15 00:00:00-04:00,139.61000061035156,140.6999969482422,139.61000061035156,140.24000549316406,4800,0.0,0.0,0.0
2024-08-16 00:00:00-04:00,139.5800018310547,140.0800018310547,139.1300048828125,140.05999755859375,2500,0.0,0.0,0.0
2024-08-19 00:00:00-04:00,140.6199951171875,141.60000610351562,140.41000366210938,141.60000610351562,7700,0.0,0.0,0.0
2024-08-20 00:00:00-04:00,141.80999755859375,141.80999755859375,139.6699981689453,140.6699981689453,4900,0.0,0.0,0.0
2024-08-21 00:00:00-04:00,141.6300048828125,142.32000732421875,140.8800048828125,142.32000732421875,5900,0.0,0.0,0.0
2024-08-22 00:00:00-04:00,142.85000610351562,142.85000610351562,140.94000244140625,141.47000122070312,7400,0.0,0.0,0.0
2024-08-23 00:00:00-04:00,142.27000427246094,144.08999633789062,142.27000427246094,144.08999633789062,5000,0.0,0.0,0.0
2024-08-26 00:00:00-04:00,144.3000030517578,144.4499969482422,143.0399932861328,143.33999633789062,83700,0.0,0.0,0.0
2024-08-27 00:00:00-04:00,142.72000122070312,143.4199981689453,141.97000122070312,143.22999572753906,90900,0.0,0.0,0.0
2024-08-28 00:00:00-04:00,143.50999450683594,143.50999450683594,141.88999938964844,142.50999450683594,33600,0.0,0.0,0.0
2024-08-29 00:00:00-04:00,143.16000366210938,145.33999633789062,142.91000366210938,143.4600067138672,11600,0.0,0.0,0.0
2024-08-30 00:00:00-04:00,144.1999969482422,145.47000122070312,143.6699981689453,145.4199981689453,4600,0.0,0.0,0.0
2024-09-03 00:00:00-04:00,144.3300018310547,144.3300018310547,138.60000610351562,139.00999450683594,16800,0.0,0.0,0.0
2024-09-04 00:00:00-04:00,138.8699951171875,139.7899932861328,138.6699981689453,139.58999633789062,40100,0.0,0.0,0.0
2024-09-05 00:00:00-04:00,138.0399932861328,138.0399932861328,136.63999938964844,137.3699951171875,139900,0.0,0.0,0.0
2024-09-06 00:00:00-04:00,138.42999267578125,138.42999267578125,135.1699981689453,135.22000122070312,10100,0.0,0.0,0.0
2024-09-09 00:00:00-04:00,137.5500030517578,137.91000366210938,137.0,137.52000427246094,15200,0.0,0.0,0.0
2024-09-10 00:00:00-04:00,137.7899932861328,138.69000244140625,136.86000061035156,138.6199951171875,6400,0.0,0.0,0.0
2024-09-11 00:00:00-04:00,138.77000427246094,140.8300018310547,136.30999755859375,140.8300018310547,6200,0.0,0.0,0.0
2024-09-12 00:00:00-04:00,141.02000427246094,143.00999450683594,141.02000427246094,142.85000610351562,26100,0.0,0.0,0.0
2024-09-13 00:00:00-04:00,145.19000244140625,145.99000549316406,144.1999969482422,145.0399932861328,9300,0.0,0.0,0.0
2024-09-16 00:00:00-04:00,145.75999450683594,145.94000244140625,144.6199951171875,145.67999267578125,10300,0.0,0.0,0.0
2024-09-17 00:00:00-04:00,147.74000549316406,147.74000549316406,146.3300018310547,146.55999755859375,4900,0.0,0.0,0.0
2024-09-18 00:00:00-04:00,147.13999938964844,149.35000610351562,146.61000061035156,146.61000061035156,9900,0.0,0.0,0.0
2024-09-19 00:00:00-04:00,150.0,151.3000030517578,148.94000244140625,151.3000030517578,13200,0.0,0.0,0.0
2024-09-20 00:00:00-04:00,151.57000732421875,151.61000061035156,150.47999572753906,151.30999755859375,18100,0.0,0.0,0.0
2024-09-23 00:00:00-04:00,151.47999572753906,152.57000732421875,151.47999572753906,152.02000427246094,36000,0.0,0.0,0.0
2024-09-24 00:00:00-04:00,152.6199951171875,152.6199951171875,151.5399932861328,152.39999389648438,34400,0.0,0.0,0.0
2024-09-25 00:00:00-04:00,152.1199951171875,152.69000244140625,151.9199981689453,152.0500030517578,14700,0.0,0.0,0.0
2024-09-26 00:00:00-04:00,153.83999633789062,153.9600067138672,151.97000122070312,152.16000366210938,34100,0.0,0.0,0.0
2024-09-27 00:00:00-04:00,152.97999572753906,152.97999572753906,151.6699981689453,152.25999450683594,10800,0.0,0.0,0.0
2024-09-30 00:00:00-04:00,152.36000061035156,152.99000549316406,151.32000732421875,152.99000549316406,5300,0.0,0.0,0.0
2024-10-01 00:00:00-04:00,151.6699981689453,153.19000244140625,151.00999450683594,152.47999572753906,28500,0.0,0.0,0.0
2024-10-02 00:00:00-04:00,151.89999389648438,153.17999267578125,151.39999389648438,153.13999938964844,11100,0.0,0.0,0.0
2024-10-03 00:00:00-04:00,152.5,153.0800018310547,151.3800048828125,151.9199981689453,10200,0.0,0.0,0.0
2024-10-04 00:00:00-04:00,153.8800048828125,154.0,152.25999450683594,154.0,8200,0.0,0.0,0.0
2024-10-07 00:00:00-04:00,154.11000061035156,154.57000732421875,152.9600067138672,154.16000366210938,25000,0.0,0.0,0.0
2024-10-08 00:00:00-04:00,154.6199951171875,155.3800048828125,154.6199951171875,154.99000549316406,17900,0.0,0.0,0.0
2024-10-09 00:00:00-04:00,155.52000427246094,156.11000061035156,155.13999938964844,155.9600067138672,12000,0.0,0.0,0.0
2024-10-10 00:00:00-04:00,153.42999267578125,154.50999450683594,153.4199981689453,154.3699951171875,13600,0.0,0.0,0.0
2024-10-11 00:00:00-04:00,154.8300018310547,157.7100067138672,154.8300018310547,157.69000244140625,12100,0.0,0.0,0.0
2024-10-14 00:00:00-04:00,158.3800048828125,159.27999877929688,158.3000030517578,159.00999450683594,9300,0.0,0.0,0.0
2024-10-15 00:00:00-04:00,159.74000549316406,159.74000549316406,157.77000427246094,157.77000427246094,9200,0.0,0.0,0.0
2024-10-16 00:00:00-04:00,159.58999633789062,161.86000061035156,159.02999877929688,161.82000732421875,27500,0.0,0.0,0.0
2024-10-17 00:00:00-04:00,161.9600067138672,162.1699981689453,161.5,161.75,11400,0.0,0.0,0.0
2024-10-18 00:00:00-04:00,162.69000244140625,162.69000244140625,160.85000610351562,161.3000030517578,18600,0.0,0.0,0.0
2024-10-21 00:00:00-04:00,161.85000610351562,161.8800048828125,160.57000732421875,161.8699951171875,19000,0.0,0.0,0.0
2024-10-22 00:00:00-04:00,160.6199951171875,160.6199951171875,159.22000122070312,159.50999450683594,12000,0.0,0.0,0.0
2024-10-23 00:00:00-04:00,159.9499969482422,159.9499969482422,157.8000030517578,158.8300018310547,6800,0.0,0.0,0.0
2024-10-24 00:00:00-04:00,158.17999267578125,159.2899932861328,158.17999267578125,158.35000610351562,5500,0.0,0.0,0.0
2024-10-25 00:00:00-04:00,158.24000549316406,159.02999877929688,156.8800048828125,157.16000366210938,39800,0.0,0.0,0.0
2024-10-28 00:00:00-04:00,159.0,159.74000549316406,158.42999267578125,159.67999267578125,14300,0.0,0.0,0.0
2024-10-29 00:00:00-04:00,158.77999877929688,158.8000030517578,157.3800048828125,158.8000030517578,10100,0.0,0.0,0.0
2024-10-30 00:00:00-04:00,158.1300048828125,159.72999572753906,158.1199951171875,158.1199951171875,9800,0.0,0.0,0.0
2024-10-31 00:00:00-04:00,157.0,157.22999572753906,155.27999877929688,155.63999938964844,10100,0.0,0.0,0.0
2024-11-01 00:00:00-04:00,156.8800048828125,157.5,155.77000427246094,155.8300018310547,16400,0.0,0.0,0.0
2024-11-04 00:00:00-05:00,156.0800018310547,156.72999572753906,155.9499969482422,156.22000122070312,10300,0.0,0.0,0.0
2024-11-05 00:00:00-05:00,156.42999267578125,160.33999633789062,156.42999267578125,160.33999633789062,11600,0.0,0.0,0.0
2024-11-06 00:00:00-05:00,168.08999633789062,169.2100067138672,165.35000610351562,169.2100067138672,19600,0.0,0.0,0.0
2024-11-07 00:00:00-05:00,169.72999572753906,169.72999572753906,167.60000610351562,169.02999877929688,40300,0.0,0.0,0.0
2024-11-08 00:00:00-05:00,169.88999938964844,174.47000122070312,169.64999389648438,173.97000122070312,45700,0.0,0.0,0.0
