Date,Open,High,Low,Close,Volume,Dividends,Stock Splits,Capital Gains
2022-07-14 00:00:00-04:00,19.850000381469727,20.0,19.670000076293945,19.809999465942383,1056800,0.0,0.0,0.0
2022-07-15 00:00:00-04:00,20.0,20.0,19.469999313354492,19.5049991607666,2400,0.0,0.0,0.0
2022-07-18 00:00:00-04:00,19.860000610351562,19.920000076293945,19.84000015258789,19.871000289916992,7200,0.0,0.0,0.0
2022-07-19 00:00:00-04:00,19.763999938964844,19.780000686645508,19.690000534057617,19.690000534057617,3000,0.0,0.0,0.0
2022-07-20 00:00:00-04:00,19.790000915527344,19.802000045776367,19.790000915527344,19.802000045776367,900,0.0,0.0,0.0
2022-07-21 00:00:00-04:00,19.690000534057617,19.829999923706055,19.690000534057617,19.829999923706055,100,0.0,0.0,0.0
2022-07-22 00:00:00-04:00,19.985000610351562,19.985000610351562,19.985000610351562,19.985000610351562,400,0.0,0.0,0.0
2022-07-25 00:00:00-04:00,20.270000457763672,20.270000457763672,20.270000457763672,20.270000457763672,100,0.0,0.0,0.0
2022-07-26 00:00:00-04:00,20.950000762939453,21.145000457763672,20.948999404907227,21.145000457763672,2000,0.0,0.0,0.0
2022-07-27 00:00:00-04:00,21.190000534057617,21.190000534057617,21.020000457763672,21.020999908447266,800,0.0,0.0,0.0
2022-07-28 00:00:00-04:00,21.329999923706055,21.329999923706055,21.219999313354492,21.277999877929688,700,0.0,0.0,0.0
2022-07-29 00:00:00-04:00,21.395000457763672,21.395000457763672,21.395000457763672,21.395000457763672,100,0.0,0.0,0.0
2022-08-01 00:00:00-04:00,22.760000228881836,22.760000228881836,20.959999084472656,21.121000289916992,500,0.0,0.0,0.0
2022-08-02 00:00:00-04:00,21.350000381469727,21.350000381469727,21.350000381469727,21.350000381469727,200,0.0,0.0,0.0
2022-08-03 00:00:00-04:00,21.190000534057617,21.190000534057617,21.190000534057617,21.190000534057617,100,0.0,0.0,0.0
2022-08-04 00:00:00-04:00,21.420000076293945,21.420000076293945,21.290000915527344,21.290000915527344,200,0.0,0.0,0.0
2022-08-05 00:00:00-04:00,21.315000534057617,21.315000534057617,21.315000534057617,21.315000534057617,100,0.0,0.0,0.0
2022-08-08 00:00:00-04:00,22.3799991607666,22.3799991607666,21.610000610351562,21.610000610351562,400,0.0,0.0,0.0
2022-08-09 00:00:00-04:00,21.540000915527344,21.579999923706055,21.44700050354004,21.579999923706055,700,0.0,0.0,0.0
2022-08-10 00:00:00-04:00,21.530000686645508,21.73699951171875,21.530000686645508,21.73699951171875,400,0.0,0.0,0.0
2022-08-11 00:00:00-04:00,22.29199981689453,22.29199981689453,22.29199981689453,22.29199981689453,0,0.0,0.0,0.0
2022-08-12 00:00:00-04:00,22.520000457763672,22.547000885009766,22.520000457763672,22.547000885009766,100,0.0,0.0,0.0
2022-08-15 00:00:00-04:00,22.190000534057617,22.503000259399414,22.187999725341797,22.503000259399414,2800,0.0,0.0,0.0
2022-08-16 00:00:00-04:00,22.582000732421875,22.582000732421875,22.582000732421875,22.582000732421875,100,0.0,0.0,0.0
2022-08-17 00:00:00-04:00,22.78499984741211,22.78499984741211,22.78499984741211,22.78499984741211,100,0.0,0.0,0.0
2022-08-18 00:00:00-04:00,22.905000686645508,22.905000686645508,22.905000686645508,22.905000686645508,0,0.0,0.0,0.0
2022-08-19 00:00:00-04:00,23.040000915527344,23.190000534057617,23.040000915527344,23.148000717163086,900,0.0,0.0,0.0
2022-08-22 00:00:00-04:00,23.200000762939453,23.5049991607666,23.200000762939453,23.5049991607666,4100,0.0,0.0,0.0
2022-08-23 00:00:00-04:00,23.739999771118164,23.799999237060547,23.594999313354492,23.594999313354492,1700,0.0,0.0,0.0
2022-08-24 00:00:00-04:00,23.231000900268555,23.231000900268555,23.231000900268555,23.231000900268555,100,0.0,0.0,0.0
2022-08-25 00:00:00-04:00,23.239999771118164,23.68000030517578,23.219999313354492,23.68000030517578,1000,0.0,0.0,0.0
2022-08-26 00:00:00-04:00,23.940000534057617,23.989999771118164,23.924999237060547,23.93000030517578,3200,0.0,0.0,0.0
2022-08-29 00:00:00-04:00,23.850000381469727,25.915000915527344,23.70199966430664,23.84000015258789,10100,0.0,0.0,0.0
2022-08-30 00:00:00-04:00,22.975000381469727,23.219999313354492,22.847000122070312,23.10700035095215,1100,0.0,0.0,0.0
2022-08-31 00:00:00-04:00,21.886999130249023,21.886999130249023,21.860000610351562,21.860000610351562,200,0.0,0.0,0.0
2022-09-01 00:00:00-04:00,21.551000595092773,21.572999954223633,21.489999771118164,21.572999954223633,400,0.0,0.0,0.0
2022-09-02 00:00:00-04:00,21.549999237060547,21.77400016784668,21.530000686645508,21.530000686645508,1100,0.0,0.0,0.0
2022-09-06 00:00:00-04:00,21.040000915527344,21.040000915527344,20.503999710083008,20.503999710083008,600,0.0,0.0,0.0
2022-09-07 00:00:00-04:00,20.399999618530273,20.618000030517578,20.399999618530273,20.618000030517578,1800,0.0,0.0,0.0
2022-09-08 00:00:00-04:00,20.5,20.719999313354492,20.5,20.670000076293945,3800,0.0,0.0,0.0
2022-09-09 00:00:00-04:00,21.0,21.450000762939453,20.809999465942383,21.400999069213867,2800,0.0,0.0,0.0
2022-09-12 00:00:00-04:00,21.290000915527344,21.309999465942383,20.85700035095215,21.09000015258789,6200,0.0,0.0,0.0
2022-09-13 00:00:00-04:00,21.059999465942383,21.118000030517578,20.850000381469727,20.895000457763672,8400,0.0,0.0,0.0
2022-09-14 00:00:00-04:00,20.899999618530273,21.049999237060547,20.860000610351562,20.924999237060547,800,0.0,0.0,0.0
2022-09-15 00:00:00-04:00,21.03499984741211,21.03499984741211,21.03499984741211,21.03499984741211,200,0.0,0.0,0.0
2022-09-16 00:00:00-04:00,21.09000015258789,21.09000015258789,20.969999313354492,20.985000610351562,1800,0.0,0.0,0.0
2022-09-19 00:00:00-04:00,20.8700008392334,20.889999389648438,20.790000915527344,20.81999969482422,4200,0.0,0.0,0.0
2022-09-20 00:00:00-04:00,20.75,20.889999389648438,20.65999984741211,20.729999542236328,3400,0.0,0.0,0.0
2022-09-21 00:00:00-04:00,20.520999908447266,20.540000915527344,20.260000228881836,20.540000915527344,2300,0.0,0.0,0.0
2022-09-22 00:00:00-04:00,20.51099967956543,20.530000686645508,20.354999542236328,20.354999542236328,800,0.0,0.0,0.0
2022-09-23 00:00:00-04:00,19.979999542236328,19.979999542236328,19.809999465942383,19.812999725341797,900,0.0,0.0,0.0
2022-09-26 00:00:00-04:00,19.479999542236328,19.672000885009766,19.479999542236328,19.672000885009766,1100,0.0,0.0,0.0
2022-09-27 00:00:00-04:00,19.6299991607666,19.6299991607666,19.479999542236328,19.482999801635742,1000,0.0,0.0,0.0
2022-09-28 00:00:00-04:00,19.239999771118164,19.524999618530273,19.239999771118164,19.524999618530273,1100,0.0,0.0,0.0
2022-09-29 00:00:00-04:00,19.59000015258789,19.655000686645508,19.59000015258789,19.655000686645508,300,0.0,0.0,0.0
2022-09-30 00:00:00-04:00,19.489999771118164,19.530000686645508,19.42799949645996,19.42799949645996,900,0.0,0.0,0.0
2022-10-03 00:00:00-04:00,19.579999923706055,19.584999084472656,19.5,19.584999084472656,1700,0.0,0.0,0.0
2022-10-04 00:00:00-04:00,19.5,19.993999481201172,19.5,19.993999481201172,4200,0.0,0.0,0.0
2022-10-05 00:00:00-04:00,19.790000915527344,20.010000228881836,19.739999771118164,19.934999465942383,1900,0.0,0.0,0.0
2022-10-06 00:00:00-04:00,19.924999237060547,19.940000534057617,19.924999237060547,19.940000534057617,300,0.0,0.0,0.0
2022-10-07 00:00:00-04:00,20.030000686645508,20.399999618530273,20.030000686645508,20.23200035095215,2800,0.0,0.0,0.0
2022-10-10 00:00:00-04:00,19.579999923706055,19.579999923706055,19.472000122070312,19.472000122070312,200,0.0,0.0,0.0
2022-10-11 00:00:00-04:00,19.405000686645508,19.405000686645508,19.405000686645508,19.405000686645508,100,0.0,0.0,0.0
2022-10-12 00:00:00-04:00,19.405000686645508,19.405000686645508,19.405000686645508,19.405000686645508,100,0.0,0.0,0.0
2022-10-13 00:00:00-04:00,19.40999984741211,19.55500030517578,19.40999984741211,19.55500030517578,600,0.0,0.0,0.0
2022-10-14 00:00:00-04:00,19.479999542236328,19.549999237060547,19.479999542236328,19.53499984741211,1400,0.0,0.0,0.0
2022-10-17 00:00:00-04:00,19.420000076293945,19.420000076293945,19.24799919128418,19.37299919128418,1100,0.0,0.0,0.0
2022-10-18 00:00:00-04:00,19.100000381469727,19.100000381469727,18.739999771118164,18.856000900268555,1800,0.0,0.0,0.0
2022-10-19 00:00:00-04:00,18.790000915527344,18.790000915527344,18.607999801635742,18.65999984741211,2500,0.0,0.0,0.0
2022-10-20 00:00:00-04:00,18.395000457763672,18.55500030517578,18.395000457763672,18.55500030517578,400,0.0,0.0,0.0
2022-10-21 00:00:00-04:00,18.649999618530273,18.719999313354492,18.649999618530273,18.68000030517578,500,0.0,0.0,0.0
2022-10-24 00:00:00-04:00,18.690000534057617,18.694000244140625,18.690000534057617,18.694000244140625,200,0.0,0.0,0.0
2022-10-25 00:00:00-04:00,18.886999130249023,18.886999130249023,18.851999282836914,18.851999282836914,200,0.0,0.0,0.0
2022-10-26 00:00:00-04:00,19.1200008392334,19.170000076293945,19.1200008392334,19.170000076293945,600,0.0,0.0,0.0
2022-10-27 00:00:00-04:00,19.350000381469727,19.350000381469727,19.209999084472656,19.236000061035156,400,0.0,0.0,0.0
2022-10-28 00:00:00-04:00,19.18000030517578,19.183000564575195,19.09000015258789,19.183000564575195,700,0.0,0.0,0.0
2022-10-31 00:00:00-04:00,19.139999389648438,19.139999389648438,19.100000381469727,19.100000381469727,900,0.0,0.0,0.0
2022-11-01 00:00:00-04:00,19.190000534057617,19.190000534057617,19.18899917602539,19.18899917602539,200,0.0,0.0,0.0
2022-11-02 00:00:00-04:00,19.079999923706055,19.079999923706055,19.045000076293945,19.045000076293945,100,0.0,0.0,0.0
2022-11-03 00:00:00-04:00,19.260000228881836,19.280000686645508,19.260000228881836,19.280000686645508,500,0.0,0.0,0.0
2022-11-04 00:00:00-04:00,19.389999389648438,19.475000381469727,19.389999389648438,19.475000381469727,800,0.0,0.0,0.0
2022-11-07 00:00:00-05:00,19.665000915527344,19.665000915527344,19.665000915527344,19.665000915527344,100,0.0,0.0,0.0
2022-11-08 00:00:00-05:00,19.53499984741211,19.53499984741211,19.53499984741211,19.53499984741211,100,0.0,0.0,0.0
2022-11-09 00:00:00-05:00,19.3700008392334,19.3700008392334,19.236000061035156,19.236000061035156,1300,0.0,0.0,0.0
2022-11-10 00:00:00-05:00,19.304000854492188,19.304000854492188,19.304000854492188,19.304000854492188,100,0.0,0.0,0.0
2022-11-11 00:00:00-05:00,19.559999465942383,19.77400016784668,19.559999465942383,19.77400016784668,900,0.0,0.0,0.0
2022-11-14 00:00:00-05:00,19.576000213623047,19.576000213623047,19.576000213623047,19.576000213623047,0,0.0,0.0,0.0
2022-11-15 00:00:00-05:00,20.21500015258789,20.21500015258789,20.21500015258789,20.21500015258789,100,0.0,0.0,0.0
2022-11-16 00:00:00-05:00,20.299999237060547,20.299999237060547,20.219999313354492,20.238000869750977,600,0.0,0.0,0.0
2022-11-17 00:00:00-05:00,19.6200008392334,19.6200008392334,19.6200008392334,19.6200008392334,100,0.0,0.0,0.0
2022-11-18 00:00:00-05:00,19.209999084472656,19.4950008392334,19.209999084472656,19.4950008392334,1200,0.0,0.0,0.0
2022-11-21 00:00:00-05:00,19.23200035095215,19.368000030517578,19.209999084472656,19.368000030517578,900,0.0,0.0,0.0
2022-11-22 00:00:00-05:00,19.5,19.5,19.5,19.5,0,0.0,0.0,0.0
2022-11-23 00:00:00-05:00,19.538999557495117,19.538999557495117,19.538999557495117,19.538999557495117,100,0.0,0.0,0.0
2022-11-25 00:00:00-05:00,19.989999771118164,19.989999771118164,19.915000915527344,19.915000915527344,600,0.0,0.0,0.0
2022-11-28 00:00:00-05:00,19.924999237060547,19.924999237060547,19.924999237060547,19.924999237060547,100,0.0,0.0,0.0
2022-11-29 00:00:00-05:00,19.969999313354492,19.969999313354492,19.969999313354492,19.969999313354492,0,0.0,0.0,0.0
2022-11-30 00:00:00-05:00,20.440000534057617,20.440000534057617,20.440000534057617,20.440000534057617,0,0.0,0.0,0.0
2022-12-01 00:00:00-05:00,20.895000457763672,20.895000457763672,20.895000457763672,20.895000457763672,100,0.0,0.0,0.0
2022-12-02 00:00:00-05:00,20.684999465942383,20.684999465942383,20.684999465942383,20.684999465942383,100,0.0,0.0,0.0
2022-12-05 00:00:00-05:00,20.7450008392334,20.7450008392334,20.7450008392334,20.7450008392334,100,0.0,0.0,0.0
2022-12-06 00:00:00-05:00,20.559999465942383,20.559999465942383,20.559999465942383,20.559999465942383,0,0.0,0.0,0.0
2022-12-07 00:00:00-05:00,20.590999603271484,20.625,20.540000915527344,20.625,600,0.0,0.0,0.0
2022-12-08 00:00:00-05:00,21.229999542236328,22.530000686645508,21.104999542236328,21.104999542236328,5200,0.0,0.0,0.0
2022-12-09 00:00:00-05:00,20.90999984741211,20.90999984741211,20.90999984741211,20.90999984741211,100,0.0,0.0,0.0
2022-12-12 00:00:00-05:00,21.0049991607666,21.0049991607666,21.0049991607666,21.0049991607666,0,0.0,0.0,0.0
2022-12-13 00:00:00-05:00,21.104999542236328,21.104999542236328,21.104999542236328,21.104999542236328,100,0.0,0.0,0.0
2022-12-14 00:00:00-05:00,20.850000381469727,20.881999969482422,20.760000228881836,20.881999969482422,200,0.0,0.0,0.0
2022-12-15 00:00:00-05:00,20.6200008392334,20.6200008392334,20.6200008392334,20.6200008392334,100,0.0,0.0,0.0
2022-12-16 00:00:00-05:00,20.459999084472656,20.459999084472656,20.459999084472656,20.459999084472656,100,0.0,0.0,0.0
2022-12-19 00:00:00-05:00,20.155000686645508,20.155000686645508,20.155000686645508,20.155000686645508,100,0.0,0.0,0.0
2022-12-20 00:00:00-05:00,19.725000381469727,19.725000381469727,19.725000381469727,19.725000381469727,0,0.0,0.0,0.0
2022-12-21 00:00:00-05:00,19.864999771118164,19.864999771118164,19.864999771118164,19.864999771118164,100,0.0,0.0,0.0
2022-12-22 00:00:00-05:00,19.40999984741211,19.40999984741211,19.40999984741211,19.40999984741211,200,0.0,0.0,0.0
2022-12-23 00:00:00-05:00,19.28499984741211,19.28499984741211,19.28499984741211,19.28499984741211,100,0.0,0.0,0.0
2022-12-27 00:00:00-05:00,19.177000045776367,19.177000045776367,19.177000045776367,19.177000045776367,100,0.0,0.0,0.0
2022-12-28 00:00:00-05:00,19.030000686645508,19.030000686645508,19.030000686645508,19.030000686645508,100,0.0,0.0,0.0
2022-12-29 00:00:00-05:00,18.940000534057617,18.940000534057617,18.940000534057617,18.940000534057617,100,0.0,0.0,0.0
2022-12-30 00:00:00-05:00,19.110000610351562,19.110000610351562,19.100000381469727,19.100000381469727,200,0.0,0.0,0.0
2023-01-03 00:00:00-05:00,18.40999984741211,18.40999984741211,18.40999984741211,18.40999984741211,100,0.0,0.0,0.0
2023-01-04 00:00:00-05:00,18.110000610351562,18.229999542236328,18.110000610351562,18.18000030517578,700,0.0,0.0,0.0
2023-01-05 00:00:00-05:00,17.92099952697754,17.92099952697754,17.905000686645508,17.905000686645508,200,0.0,0.0,0.0
2023-01-06 00:00:00-05:00,17.899999618530273,17.940000534057617,17.899999618530273,17.940000534057617,700,0.0,0.0,0.0
2023-01-09 00:00:00-05:00,17.985000610351562,17.985000610351562,17.985000610351562,17.985000610351562,100,0.0,0.0,0.0
2023-01-10 00:00:00-05:00,18.389999389648438,18.4950008392334,18.389999389648438,18.4950008392334,1200,0.0,0.0,0.0
2023-01-11 00:00:00-05:00,18.360000610351562,18.360000610351562,18.360000610351562,18.360000610351562,100,0.0,0.0,0.0
2023-01-12 00:00:00-05:00,18.420000076293945,18.639999389648438,18.420000076293945,18.639999389648438,224700,0.0,0.0,0.0
2023-01-13 00:00:00-05:00,18.28499984741211,18.28499984741211,18.28499984741211,18.28499984741211,100,0.0,0.0,0.0
2023-01-17 00:00:00-05:00,18.354999542236328,18.354999542236328,18.354999542236328,18.354999542236328,100,0.0,0.0,0.0
2023-01-18 00:00:00-05:00,18.165000915527344,18.165000915527344,18.165000915527344,18.165000915527344,100,0.0,0.0,0.0
2023-01-19 00:00:00-05:00,18.415000915527344,18.415000915527344,18.415000915527344,18.415000915527344,100,0.0,0.0,0.0
2023-01-20 00:00:00-05:00,18.489999771118164,18.489999771118164,18.364999771118164,18.364999771118164,900,0.0,0.0,0.0
2023-01-23 00:00:00-05:00,18.575000762939453,18.575000762939453,18.575000762939453,18.575000762939453,100,0.0,0.0,0.0
2023-01-24 00:00:00-05:00,18.514999389648438,18.514999389648438,18.514999389648438,18.514999389648438,0,0.0,0.0,0.0
2023-01-25 00:00:00-05:00,18.2450008392334,18.2450008392334,18.2450008392334,18.2450008392334,100,0.0,0.0,0.0
2023-01-26 00:00:00-05:00,18.284000396728516,18.284000396728516,18.274999618530273,18.274999618530273,200,0.0,0.0,0.0
2023-01-27 00:00:00-05:00,18.28499984741211,18.28499984741211,18.28499984741211,18.28499984741211,0,0.0,0.0,0.0
2023-01-30 00:00:00-05:00,18.09000015258789,18.09000015258789,18.09000015258789,18.09000015258789,100,0.0,0.0,0.0
2023-01-31 00:00:00-05:00,18.530000686645508,18.530000686645508,18.09000015258789,18.225000381469727,1000,0.0,0.0,0.0
2023-02-01 00:00:00-05:00,18.3799991607666,18.3799991607666,18.3799991607666,18.3799991607666,0,0.0,0.0,0.0
2023-02-02 00:00:00-05:00,18.274999618530273,18.274999618530273,18.27199935913086,18.27199935913086,300,0.0,0.0,0.0
2023-02-03 00:00:00-05:00,18.139999389648438,18.15999984741211,18.049999237060547,18.049999237060547,1400,0.0,0.0,0.0
2023-02-06 00:00:00-05:00,17.56999969482422,17.985000610351562,17.56999969482422,17.985000610351562,200,0.0,0.0,0.0
2023-02-07 00:00:00-05:00,17.934999465942383,17.934999465942383,17.934999465942383,17.934999465942383,100,0.0,0.0,0.0
2023-02-08 00:00:00-05:00,17.545000076293945,17.684999465942383,17.545000076293945,17.684999465942383,500,0.0,0.0,0.0
2023-02-09 00:00:00-05:00,17.485000610351562,17.485000610351562,17.485000610351562,17.485000610351562,100,0.0,0.0,0.0
2023-02-10 00:00:00-05:00,17.5,17.5,17.5,17.5,100,0.0,0.0,0.0
2023-02-13 00:00:00-05:00,17.565000534057617,17.565000534057617,17.565000534057617,17.565000534057617,100,0.0,0.0,0.0
2023-02-14 00:00:00-05:00,17.46500015258789,17.46500015258789,17.46500015258789,17.46500015258789,100,0.0,0.0,0.0
2023-02-15 00:00:00-05:00,17.56999969482422,17.56999969482422,17.31999969482422,17.31999969482422,100,0.0,0.0,0.0
2023-02-16 00:00:00-05:00,17.5,17.5,17.5,17.5,100,0.0,0.0,0.0
2023-02-17 00:00:00-05:00,17.600000381469727,17.655000686645508,17.40999984741211,17.43199920654297,1300,0.0,0.0,0.0
2023-02-21 00:00:00-05:00,17.445999145507812,17.445999145507812,17.445999145507812,17.445999145507812,100,0.0,0.0,0.0
2023-02-22 00:00:00-05:00,17.325000762939453,17.325000762939453,17.325000762939453,17.325000762939453,100,0.0,0.0,0.0
2023-02-23 00:00:00-05:00,17.27199935913086,17.3700008392334,17.27199935913086,17.3700008392334,400,0.0,0.0,0.0
2023-02-24 00:00:00-05:00,17.170000076293945,17.170000076293945,17.170000076293945,17.170000076293945,100,0.0,0.0,0.0
2023-02-27 00:00:00-05:00,17.149999618530273,17.274999618530273,17.149999618530273,17.274999618530273,1400,0.0,0.0,0.0
2023-02-28 00:00:00-05:00,17.209999084472656,17.209999084472656,17.209999084472656,17.209999084472656,100,0.0,0.0,0.0
2023-03-01 00:00:00-05:00,17.235000610351562,17.235000610351562,17.235000610351562,17.235000610351562,0,0.0,0.0,0.0
2023-03-02 00:00:00-05:00,17.19499969482422,17.19499969482422,17.19499969482422,17.19499969482422,0,0.0,0.0,0.0
2023-03-03 00:00:00-05:00,17.190000534057617,17.190000534057617,17.190000534057617,17.190000534057617,100,0.0,0.0,0.0
2023-03-06 00:00:00-05:00,16.722999572753906,16.8700008392334,16.722999572753906,16.8700008392334,200,0.0,0.0,0.0
2023-03-07 00:00:00-05:00,16.690000534057617,16.690000534057617,16.524999618530273,16.524999618530273,600,0.0,0.0,0.0
2023-03-08 00:00:00-05:00,16.56999969482422,16.719999313354492,15.8100004196167,16.524999618530273,33400,0.0,0.0,0.0
2023-03-09 00:00:00-05:00,16.299999237060547,17.260000228881836,16.290000915527344,16.549999237060547,39400,0.0,0.0,0.0
2023-03-10 00:00:00-05:00,17.299999237060547,17.299999237060547,16.96500015258789,16.96500015258789,100,0.0,0.0,0.0
2023-03-13 00:00:00-04:00,16.899999618530273,18.0,16.899999618530273,17.135000228881836,1100,0.0,0.0,0.0
2023-03-14 00:00:00-04:00,16.690000534057617,16.711000442504883,16.6299991607666,16.6299991607666,1100,0.0,0.0,0.0
2023-03-15 00:00:00-04:00,16.3799991607666,16.389999389648438,16.3799991607666,16.389999389648438,200,0.0,0.0,0.0
2023-03-16 00:00:00-04:00,16.280000686645508,16.365999221801758,16.280000686645508,16.365999221801758,600,0.0,0.0,0.0
2023-03-17 00:00:00-04:00,16.283000946044922,16.283000946044922,16.283000946044922,16.283000946044922,0,0.0,0.0,0.0
2023-03-20 00:00:00-04:00,15.949999809265137,16.030000686645508,15.90999984741211,16.030000686645508,600,0.0,0.0,0.0
2023-03-21 00:00:00-04:00,16.200000762939453,16.200000762939453,16.200000762939453,16.200000762939453,100,0.0,0.0,0.0
2023-03-22 00:00:00-04:00,16.1299991607666,16.1299991607666,16.110000610351562,16.114999771118164,200,0.0,0.0,0.0
2023-03-23 00:00:00-04:00,16.350000381469727,16.350000381469727,16.350000381469727,16.350000381469727,0,0.0,0.0,0.0
2023-03-24 00:00:00-04:00,16.2450008392334,16.2450008392334,16.2450008392334,16.2450008392334,100,0.0,0.0,0.0
2023-03-27 00:00:00-04:00,16.260000228881836,16.260000228881836,16.260000228881836,16.260000228881836,100,0.0,0.0,0.0
2023-03-28 00:00:00-04:00,16.3799991607666,16.3799991607666,16.3799991607666,16.3799991607666,100,0.0,0.0,0.0
2023-03-29 00:00:00-04:00,16.461000442504883,16.461000442504883,16.461000442504883,16.461000442504883,100,0.0,0.0,0.0
2023-03-30 00:00:00-04:00,16.486000061035156,16.486000061035156,16.486000061035156,16.486000061035156,100,0.0,0.0,0.0
2023-03-31 00:00:00-04:00,16.81999969482422,16.81999969482422,16.700000762939453,16.73900032043457,1800,0.0,0.0,0.0
2023-04-03 00:00:00-04:00,16.670000076293945,17.600000381469727,16.597999572753906,16.812999725341797,22400,0.0,0.0,0.0
2023-04-04 00:00:00-04:00,15.930000305175781,17.190000534057617,15.930000305175781,16.69499969482422,13800,0.0,0.0,0.0
2023-04-05 00:00:00-04:00,16.555999755859375,16.555999755859375,16.555999755859375,16.555999755859375,100,0.0,0.0,0.0
2023-04-06 00:00:00-04:00,16.559999465942383,16.559999465942383,16.44499969482422,16.44499969482422,300,0.0,0.0,0.0
2023-04-10 00:00:00-04:00,16.149999618530273,16.5,15.069999694824219,16.30500030517578,27300,0.0,0.0,0.0
2023-04-11 00:00:00-04:00,16.5,16.514999389648438,16.5,16.514999389648438,200,0.0,0.0,0.0
2023-04-12 00:00:00-04:00,16.43000030517578,16.43000030517578,16.415000915527344,16.415000915527344,300,0.0,0.0,0.0
2023-04-13 00:00:00-04:00,16.474000930786133,16.474000930786133,16.474000930786133,16.474000930786133,100,0.0,0.0,0.0
2023-04-14 00:00:00-04:00,16.100000381469727,16.540000915527344,15.890000343322754,16.23200035095215,10800,0.0,0.0,0.0
2023-04-17 00:00:00-04:00,16.0,16.56999969482422,15.996999740600586,16.55500030517578,21000,0.0,0.0,0.0
2023-04-18 00:00:00-04:00,16.799999237060547,16.829999923706055,16.799999237060547,16.829999923706055,3500,0.0,0.0,0.0
2023-04-19 00:00:00-04:00,16.299999237060547,17.270000457763672,16.149999618530273,16.490999221801758,20500,0.0,0.0,0.0
2023-04-20 00:00:00-04:00,16.489999771118164,16.75,16.100000381469727,16.374000549316406,14800,0.0,0.0,0.0
2023-04-21 00:00:00-04:00,16.100000381469727,16.420000076293945,16.09600067138672,16.270000457763672,1800,0.0,0.0,0.0
2023-04-24 00:00:00-04:00,16.100000381469727,16.214000701904297,16.100000381469727,16.214000701904297,600,0.0,0.0,0.0
2023-04-25 00:00:00-04:00,15.9399995803833,15.9399995803833,15.9399995803833,15.9399995803833,100,0.0,0.0,0.0
2023-04-26 00:00:00-04:00,15.779999732971191,15.805000305175781,15.779999732971191,15.805000305175781,300,0.0,0.0,0.0
2023-04-27 00:00:00-04:00,15.699999809265137,15.800000190734863,15.699999809265137,15.800000190734863,2100,0.0,0.0,0.0
2023-04-28 00:00:00-04:00,15.699999809265137,15.890000343322754,15.630000114440918,15.875,2600,0.0,0.0,0.0
2023-05-01 00:00:00-04:00,15.670000076293945,16.690000534057617,15.378000259399414,15.795000076293945,34600,0.0,0.0,0.0
2023-05-02 00:00:00-04:00,15.869000434875488,15.869000434875488,15.864999771118164,15.864999771118164,200,0.0,0.0,0.0
2023-05-03 00:00:00-04:00,15.6899995803833,15.779999732971191,15.6899995803833,15.729999542236328,1000,0.0,0.0,0.0
2023-05-04 00:00:00-04:00,15.270000457763672,15.800000190734863,14.925000190734863,15.529999732971191,19900,0.0,0.0,0.0
2023-05-05 00:00:00-04:00,15.5600004196167,15.71500015258789,15.5600004196167,15.71500015258789,1100,0.0,0.0,0.0
2023-05-08 00:00:00-04:00,15.5,16.229999542236328,15.5,15.805000305175781,4600,0.0,0.0,0.0
2023-05-09 00:00:00-04:00,15.779999732971191,15.800000190734863,15.770000457763672,15.789999961853027,600,0.0,0.0,0.0
2023-05-10 00:00:00-04:00,15.699999809265137,15.699999809265137,15.585000038146973,15.585000038146973,700,0.0,0.0,0.0
2023-05-11 00:00:00-04:00,15.5,15.5,15.375,15.375,100,0.0,0.0,0.0
2023-05-12 00:00:00-04:00,15.220000267028809,15.220000267028809,14.520000457763672,15.095000267028809,11900,0.0,0.0,0.0
2023-05-15 00:00:00-04:00,15.130000114440918,15.135000228881836,15.130000114440918,15.135000228881836,400,0.0,0.0,0.0
2023-05-16 00:00:00-04:00,15.140000343322754,15.140000343322754,15.020000457763672,15.020000457763672,200,0.0,0.0,0.0
2023-05-17 00:00:00-04:00,14.949999809265137,15.039999961853027,14.949999809265137,15.0,1100,0.0,0.0,0.0
2023-05-18 00:00:00-04:00,15.029999732971191,15.029999732971191,15.029999732971191,15.029999732971191,100,0.0,0.0,0.0
2023-05-19 00:00:00-04:00,15.09000015258789,15.09000015258789,15.085000038146973,15.085000038146973,100,0.0,0.0,0.0
2023-05-22 00:00:00-04:00,15.510000228881836,15.510000228881836,14.871000289916992,14.871000289916992,700,0.0,0.0,0.0
2023-05-23 00:00:00-04:00,14.670000076293945,14.6899995803833,14.489999771118164,14.567000389099121,3700,0.0,0.0,0.0
2023-05-24 00:00:00-04:00,14.5600004196167,14.5600004196167,14.449999809265137,14.489999771118164,900,0.0,0.0,0.0
2023-05-25 00:00:00-04:00,14.25,14.25,14.25,14.25,100,0.0,0.0,0.0
2023-05-26 00:00:00-04:00,14.34000015258789,14.359999656677246,14.34000015258789,14.359999656677246,3800,0.0,0.0,0.0
2023-05-30 00:00:00-04:00,14.180000305175781,14.350000381469727,14.149999618530273,14.199999809265137,356900,0.0,0.0,0.0
2023-05-31 00:00:00-04:00,14.130000114440918,14.130000114440918,14.130000114440918,14.130000114440918,400,0.0,0.0,0.0
2023-06-01 00:00:00-04:00,14.050000190734863,14.050000190734863,14.050000190734863,14.050000190734863,100,0.0,0.0,0.0
2023-06-02 00:00:00-04:00,14.109999656677246,14.109999656677246,14.109999656677246,14.109999656677246,100,0.0,0.0,0.0
2023-06-05 00:00:00-04:00,14.350000381469727,14.58899974822998,14.350000381469727,14.58899974822998,100,0.0,0.0,0.0
2023-06-06 00:00:00-04:00,14.32800006866455,14.335000038146973,14.229999542236328,14.335000038146973,5200,0.0,0.0,0.0
2023-06-07 00:00:00-04:00,14.569999694824219,14.569999694824219,14.479999542236328,14.479999542236328,700,0.0,0.0,0.0
2023-06-08 00:00:00-04:00,14.501999855041504,14.5600004196167,14.501999855041504,14.5600004196167,4300,0.0,0.0,0.0
2023-06-09 00:00:00-04:00,15.079999923706055,15.079999923706055,15.079999923706055,15.079999923706055,100,0.0,0.0,0.0
2023-06-12 00:00:00-04:00,14.90999984741211,14.90999984741211,14.90999984741211,14.90999984741211,100,0.0,0.0,0.0
2023-06-13 00:00:00-04:00,15.529999732971191,15.529999732971191,15.529999732971191,15.529999732971191,200,0.0,0.0,0.0
2023-06-14 00:00:00-04:00,15.890000343322754,15.890000343322754,15.890000343322754,15.890000343322754,100,0.0,0.0,0.0
2023-06-15 00:00:00-04:00,16.18899917602539,16.18899917602539,16.18899917602539,16.18899917602539,100,0.0,0.0,0.0
2023-06-16 00:00:00-04:00,15.71500015258789,15.71500015258789,15.71500015258789,15.71500015258789,100,0.0,0.0,0.0
2023-06-20 00:00:00-04:00,15.899999618530273,16.110000610351562,15.890000343322754,15.895000457763672,1300,0.0,0.0,0.0
2023-06-21 00:00:00-04:00,15.800000190734863,15.800000190734863,15.66100025177002,15.66100025177002,800,0.0,0.0,0.0
2023-06-22 00:00:00-04:00,15.388999938964844,15.388999938964844,15.388999938964844,15.388999938964844,100,0.0,0.0,0.0
2023-06-23 00:00:00-04:00,15.220000267028809,15.220000267028809,15.220000267028809,15.220000267028809,100,0.0,0.0,0.0
2023-06-26 00:00:00-04:00,15.109000205993652,15.109000205993652,15.109000205993652,15.109000205993652,100,0.0,0.0,0.0
2023-06-27 00:00:00-04:00,15.319999694824219,15.39900016784668,15.319999694824219,15.39900016784668,100,0.0,0.0,0.0
2023-06-28 00:00:00-04:00,15.104000091552734,15.104000091552734,15.104000091552734,15.104000091552734,100,0.0,0.0,0.0
2023-06-29 00:00:00-04:00,15.138999938964844,15.138999938964844,15.138999938964844,15.138999938964844,100,0.0,0.0,0.0
2023-06-30 00:00:00-04:00,14.979999542236328,15.5,14.979999542236328,15.5,1100,0.0,0.0,0.0
2023-07-03 00:00:00-04:00,15.270000457763672,15.270000457763672,15.270000457763672,15.270000457763672,100,0.0,0.0,0.0
2023-07-05 00:00:00-04:00,15.199999809265137,15.199999809265137,15.199999809265137,15.199999809265137,100,0.0,0.0,0.0
2023-07-06 00:00:00-04:00,15.029999732971191,15.029999732971191,15.029999732971191,15.029999732971191,100,0.0,0.0,0.0
2023-07-07 00:00:00-04:00,15.048999786376953,15.048999786376953,15.048999786376953,15.048999786376953,100,0.0,0.0,0.0
2023-07-10 00:00:00-04:00,14.904999732971191,14.904999732971191,14.904999732971191,14.904999732971191,100,0.0,0.0,0.0
2023-07-11 00:00:00-04:00,14.920000076293945,14.920000076293945,14.920000076293945,14.920000076293945,100,0.0,0.0,0.0
2023-07-12 00:00:00-04:00,14.854999542236328,14.854999542236328,14.854999542236328,14.854999542236328,100,0.0,0.0,0.0
2023-07-13 00:00:00-04:00,15.029999732971191,15.029999732971191,15.029999732971191,15.029999732971191,100,0.0,0.0,0.0
2023-07-14 00:00:00-04:00,14.949000358581543,14.949000358581543,14.949000358581543,14.949000358581543,100,0.0,0.0,0.0
2023-07-17 00:00:00-04:00,14.859999656677246,14.859999656677246,14.859999656677246,14.859999656677246,100,0.0,0.0,0.0
2023-07-18 00:00:00-04:00,14.899999618530273,14.984999656677246,14.899999618530273,14.984999656677246,300,0.0,0.0,0.0
2023-07-19 00:00:00-04:00,14.944999694824219,14.944999694824219,14.944999694824219,14.944999694824219,100,0.0,0.0,0.0
2023-07-20 00:00:00-04:00,15.168999671936035,15.168999671936035,15.168999671936035,15.168999671936035,100,0.0,0.0,0.0
2023-07-21 00:00:00-04:00,15.114999771118164,15.114999771118164,15.114999771118164,15.114999771118164,100,0.0,0.0,0.0
2023-07-24 00:00:00-04:00,14.859999656677246,15.359999656677246,14.859999656677246,15.359999656677246,600,0.0,0.0,0.0
2023-07-25 00:00:00-04:00,15.699999809265137,15.699999809265137,15.699999809265137,15.699999809265137,100,0.0,0.0,0.0
2023-07-26 00:00:00-04:00,15.3100004196167,15.3100004196167,15.3100004196167,15.3100004196167,100,0.0,0.0,0.0
2023-07-27 00:00:00-04:00,15.14900016784668,15.14900016784668,15.14900016784668,15.14900016784668,100,0.0,0.0,0.0
2023-07-28 00:00:00-04:00,15.03499984741211,15.03499984741211,15.03499984741211,15.03499984741211,100,0.0,0.0,0.0
2023-07-31 00:00:00-04:00,14.850000381469727,15.220000267028809,14.850000381469727,15.220000267028809,200,0.0,0.0,0.0
2023-08-01 00:00:00-04:00,14.949999809265137,14.949999809265137,14.949999809265137,14.949999809265137,100,0.0,0.0,0.0
2023-08-02 00:00:00-04:00,14.798999786376953,14.798999786376953,14.798999786376953,14.798999786376953,100,0.0,0.0,0.0
2023-08-03 00:00:00-04:00,15.0,15.0,15.0,15.0,100,0.0,0.0,0.0
2023-08-04 00:00:00-04:00,14.90999984741211,14.90999984741211,14.90999984741211,14.90999984741211,100,0.0,0.0,0.0
2023-08-07 00:00:00-04:00,14.899999618530273,14.899999618530273,14.899999618530273,14.899999618530273,100,0.0,0.0,0.0
2023-08-08 00:00:00-04:00,14.90999984741211,14.90999984741211,14.90999984741211,14.90999984741211,100,0.0,0.0,0.0
2023-08-09 00:00:00-04:00,15.505000114440918,15.505000114440918,15.479000091552734,15.479000091552734,200,0.0,0.0,0.0
2023-08-10 00:00:00-04:00,15.336000442504883,15.336000442504883,15.336000442504883,15.336000442504883,100,0.0,0.0,0.0
2023-08-11 00:00:00-04:00,15.305000305175781,15.305000305175781,15.305000305175781,15.305000305175781,100,0.0,0.0,0.0
2023-08-14 00:00:00-04:00,15.194999694824219,15.194999694824219,15.194999694824219,15.194999694824219,100,0.0,0.0,0.0
2023-08-15 00:00:00-04:00,15.369999885559082,15.475000381469727,15.369999885559082,15.475000381469727,1300,0.0,0.0,0.0
2023-08-16 00:00:00-04:00,15.354999542236328,15.354999542236328,15.354999542236328,15.354999542236328,0,0.0,0.0,0.0
2023-08-17 00:00:00-04:00,15.46500015258789,15.46500015258789,15.46500015258789,15.46500015258789,100,0.0,0.0,0.0
2023-08-18 00:00:00-04:00,15.46500015258789,15.46500015258789,15.46500015258789,15.46500015258789,100,0.0,0.0,0.0
2023-08-21 00:00:00-04:00,15.595000267028809,15.609000205993652,15.595000267028809,15.609000205993652,200,0.0,0.0,0.0
2023-08-22 00:00:00-04:00,15.859999656677246,15.859999656677246,15.859999656677246,15.859999656677246,100,0.0,0.0,0.0
2023-08-23 00:00:00-04:00,15.510000228881836,15.510000228881836,15.510000228881836,15.510000228881836,100,0.0,0.0,0.0
2023-08-24 00:00:00-04:00,14.970000267028809,14.970000267028809,14.970000267028809,14.970000267028809,100,0.0,0.0,0.0
2023-08-25 00:00:00-04:00,15.194999694824219,15.194999694824219,15.194999694824219,15.194999694824219,100,0.0,0.0,0.0
2023-08-28 00:00:00-04:00,15.239999771118164,15.364999771118164,15.239999771118164,15.364999771118164,100,0.0,0.0,0.0
2023-08-29 00:00:00-04:00,15.225000381469727,15.225000381469727,15.225000381469727,15.225000381469727,0,0.0,0.0,0.0
2023-08-30 00:00:00-04:00,15.34000015258789,15.34000015258789,15.34000015258789,15.34000015258789,0,0.0,0.0,0.0
2023-08-31 00:00:00-04:00,15.119999885559082,15.119999885559082,15.119999885559082,15.119999885559082,0,0.0,0.0,0.0
2023-09-01 00:00:00-04:00,15.25,15.25,15.25,15.25,100,0.0,0.0,0.0
2023-09-05 00:00:00-04:00,15.25,15.25,14.920000076293945,14.920000076293945,2000,0.0,0.0,0.0
2023-09-06 00:00:00-04:00,14.720000267028809,14.720000267028809,14.609999656677246,14.609999656677246,400,0.0,0.0,0.0
2023-09-07 00:00:00-04:00,14.649999618530273,14.649999618530273,14.595999717712402,14.595999717712402,1100,0.0,0.0,0.0
2023-09-08 00:00:00-04:00,14.65999984741211,14.65999984741211,14.65999984741211,14.65999984741211,100,0.0,0.0,0.0
2023-09-11 00:00:00-04:00,14.850000381469727,14.850000381469727,14.850000381469727,14.850000381469727,100,0.0,0.0,0.0
2023-09-12 00:00:00-04:00,14.789999961853027,14.802000045776367,14.789999961853027,14.802000045776367,400,0.0,0.0,0.0
2023-09-13 00:00:00-04:00,14.819999694824219,15.074999809265137,14.819999694824219,15.074999809265137,1600,0.0,0.0,0.0
2023-09-14 00:00:00-04:00,14.890000343322754,14.890000343322754,14.890000343322754,14.890000343322754,100,0.0,0.0,0.0
2023-09-15 00:00:00-04:00,14.829999923706055,14.829999923706055,14.829999923706055,14.829999923706055,0,0.0,0.0,0.0
2023-09-18 00:00:00-04:00,14.722999572753906,14.722999572753906,14.722999572753906,14.722999572753906,100,0.0,0.0,0.0
2023-09-19 00:00:00-04:00,14.770000457763672,14.770000457763672,14.770000457763672,14.770000457763672,0,0.0,0.0,0.0
2023-09-20 00:00:00-04:00,14.739999771118164,14.739999771118164,14.739999771118164,14.739999771118164,0,0.0,0.0,0.0
2023-09-21 00:00:00-04:00,14.6899995803833,14.6899995803833,14.6899995803833,14.6899995803833,0,0.0,0.0,0.0
2023-09-22 00:00:00-04:00,14.84000015258789,14.84000015258789,14.84000015258789,14.84000015258789,0,0.0,0.0,0.0
2023-09-25 00:00:00-04:00,14.807999610900879,14.807999610900879,14.807999610900879,14.807999610900879,0,0.0,0.0,0.0
2023-09-26 00:00:00-04:00,14.619999885559082,14.619999885559082,14.505000114440918,14.505000114440918,800,0.0,0.0,0.0
2023-09-27 00:00:00-04:00,14.520000457763672,14.520000457763672,14.520000457763672,14.520000457763672,0,0.0,0.0,0.0
2023-09-28 00:00:00-04:00,14.649999618530273,14.649999618530273,14.649999618530273,14.649999618530273,100,0.0,0.0,0.0
2023-09-29 00:00:00-04:00,14.59000015258789,14.59000015258789,14.59000015258789,14.59000015258789,0,0.0,0.0,0.0
2023-10-02 00:00:00-04:00,14.260000228881836,14.260000228881836,14.260000228881836,14.260000228881836,0,0.0,0.0,0.0
2023-10-03 00:00:00-04:00,14.15999984741211,14.15999984741211,14.081000328063965,14.081000328063965,900,0.0,0.0,0.0
2023-10-04 00:00:00-04:00,14.119999885559082,14.119999885559082,14.09000015258789,14.100000381469727,200,0.0,0.0,0.0
2023-10-05 00:00:00-04:00,14.039999961853027,14.039999961853027,14.039999961853027,14.039999961853027,0,0.0,0.0,0.0
2023-10-06 00:00:00-04:00,14.180000305175781,14.180000305175781,14.154999732971191,14.154999732971191,400,0.0,0.0,0.0
2023-10-09 00:00:00-04:00,14.515000343322754,14.515000343322754,14.420000076293945,14.439000129699707,600,0.0,0.0,0.0
2023-10-10 00:00:00-04:00,14.680000305175781,14.708000183105469,14.680000305175781,14.708000183105469,400,0.0,0.0,0.0
2023-10-11 00:00:00-04:00,14.550000190734863,14.550000190734863,14.460000038146973,14.520000457763672,2000,0.0,0.0,0.0
2023-10-12 00:00:00-04:00,14.864999771118164,14.864999771118164,14.864999771118164,14.864999771118164,100,0.0,0.0,0.0
2023-10-13 00:00:00-04:00,15.010000228881836,15.010000228881836,15.010000228881836,15.010000228881836,100,0.0,0.0,0.0
2023-10-16 00:00:00-04:00,14.819999694824219,14.819999694824219,14.6899995803833,14.6899995803833,900,0.0,0.0,0.0
2023-10-17 00:00:00-04:00,14.711999893188477,14.711999893188477,14.711999893188477,14.711999893188477,100,0.0,0.0,0.0
2023-10-18 00:00:00-04:00,14.755000114440918,14.755000114440918,14.755000114440918,14.755000114440918,100,0.0,0.0,0.0
2023-10-19 00:00:00-04:00,14.789999961853027,14.789999961853027,14.789999961853027,14.789999961853027,100,0.0,0.0,0.0
2023-10-20 00:00:00-04:00,14.619999885559082,14.619999885559082,14.619999885559082,14.619999885559082,100,0.0,0.0,0.0
2023-10-23 00:00:00-04:00,14.640000343322754,14.640000343322754,14.640000343322754,14.640000343322754,100,0.0,0.0,0.0
2023-10-24 00:00:00-04:00,14.539999961853027,14.539999961853027,14.539999961853027,14.539999961853027,100,0.0,0.0,0.0
2023-10-25 00:00:00-04:00,14.585000038146973,14.585000038146973,14.585000038146973,14.585000038146973,100,0.0,0.0,0.0
2023-10-26 00:00:00-04:00,14.515000343322754,14.515000343322754,14.515000343322754,14.515000343322754,100,0.0,0.0,0.0
2023-10-27 00:00:00-04:00,14.664999961853027,14.664999961853027,14.664999961853027,14.664999961853027,0,0.0,0.0,0.0
2023-10-30 00:00:00-04:00,14.569999694824219,14.569999694824219,14.559000015258789,14.559000015258789,500,0.0,0.0,0.0
2023-10-31 00:00:00-04:00,14.579999923706055,14.579999923706055,14.447999954223633,14.447999954223633,500,0.0,0.0,0.0
2023-11-01 00:00:00-04:00,14.449999809265137,14.460000038146973,14.371000289916992,14.371000289916992,900,0.0,0.0,0.0
2023-11-02 00:00:00-04:00,14.369999885559082,14.420000076293945,14.369999885559082,14.420000076293945,300,0.0,0.0,0.0
2023-11-03 00:00:00-04:00,14.359999656677246,14.359999656677246,14.359999656677246,14.359999656677246,0,0.0,0.0,0.0
2023-11-06 00:00:00-05:00,14.380000114440918,14.380000114440918,14.199999809265137,14.244000434875488,2300,0.0,0.0,0.0
2023-11-07 00:00:00-05:00,14.074000358581543,14.074000358581543,14.074000358581543,14.074000358581543,0,0.0,0.0,0.0
2023-11-08 00:00:00-05:00,14.0,14.059000015258789,13.9399995803833,14.059000015258789,600,0.0,0.0,0.0
2023-11-09 00:00:00-05:00,14.029999732971191,14.135000228881836,14.029999732971191,14.135000228881836,3500,0.0,0.0,0.0
2023-11-10 00:00:00-05:00,13.880000114440918,13.9399995803833,13.859999656677246,13.920999526977539,4300,0.0,0.0,0.0
2023-11-13 00:00:00-05:00,14.050000190734863,14.050000190734863,14.0,14.003999710083008,400,0.0,0.0,0.0
2023-11-14 00:00:00-05:00,14.079999923706055,14.140000343322754,14.039999961853027,14.107999801635742,4200,0.0,0.0,0.0
2023-11-15 00:00:00-05:00,14.15999984741211,14.244999885559082,14.020000457763672,14.244999885559082,3500,0.0,0.0,0.0
2023-11-16 00:00:00-05:00,14.130000114440918,14.130000114440918,14.010000228881836,14.03499984741211,2200,0.0,0.0,0.0
2023-11-17 00:00:00-05:00,13.90999984741211,13.9350004196167,13.789999961853027,13.9350004196167,2200,0.0,0.0,0.0
2023-11-20 00:00:00-05:00,13.90999984741211,13.970000267028809,13.770000457763672,13.954999923706055,1700,0.0,0.0,0.0
2023-11-21 00:00:00-05:00,13.829999923706055,13.920000076293945,13.829999923706055,13.899999618530273,2600,0.0,0.0,0.0
2023-11-22 00:00:00-05:00,13.760000228881836,13.90999984741211,13.619999885559082,13.90999984741211,15300,0.0,0.0,0.0
2023-11-24 00:00:00-05:00,13.899999618530273,13.899999618530273,13.829999923706055,13.859999656677246,1400,0.0,0.0,0.0
2023-11-27 00:00:00-05:00,13.710000038146973,13.720000267028809,13.600000381469727,13.664999961853027,3100,0.0,0.0,0.0
2023-11-28 00:00:00-05:00,13.670000076293945,13.774999618530273,13.520000457763672,13.774999618530273,1300,0.0,0.0,0.0
2023-11-29 00:00:00-05:00,13.569999694824219,13.579999923706055,13.538000106811523,13.538000106811523,1200,0.0,0.0,0.0
2023-11-30 00:00:00-05:00,13.520000457763672,13.5649995803833,13.489999771118164,13.5649995803833,1400,0.0,0.0,0.0
2023-12-01 00:00:00-05:00,13.600000381469727,13.710000038146973,13.569999694824219,13.710000038146973,2400,0.0,0.0,0.0
2023-12-04 00:00:00-05:00,13.40999984741211,13.40999984741211,13.321999549865723,13.321999549865723,600,0.0,0.0,0.0
2023-12-05 00:00:00-05:00,13.140000343322754,13.149999618530273,13.086000442504883,13.086000442504883,1200,0.0,0.0,0.0
2023-12-06 00:00:00-05:00,13.09000015258789,13.220000267028809,13.062999725341797,13.071000099182129,1400,0.0,0.0,0.0
2023-12-07 00:00:00-05:00,13.069999694824219,13.100000381469727,13.069999694824219,13.07800006866455,800,0.0,0.0,0.0
2023-12-08 00:00:00-05:00,13.079999923706055,13.079999923706055,13.050999641418457,13.050999641418457,100,0.0,0.0,0.0
2023-12-11 00:00:00-05:00,12.630000114440918,12.880000114440918,12.630000114440918,12.781999588012695,2200,0.0,0.0,0.0
2023-12-12 00:00:00-05:00,12.619999885559082,12.651000022888184,12.520000457763672,12.651000022888184,8700,0.0,0.0,0.0
2023-12-13 00:00:00-05:00,12.680000305175781,12.855999946594238,12.630000114440918,12.855999946594238,3600,0.0,0.0,0.0
2023-12-14 00:00:00-05:00,12.920000076293945,12.949999809265137,12.899999618530273,12.899999618530273,1200,0.0,0.0,0.0
2023-12-15 00:00:00-05:00,12.979999542236328,12.979999542236328,12.979999542236328,12.979999542236328,100,0.0,0.0,0.0
2023-12-18 00:00:00-05:00,13.020000457763672,13.130000114440918,13.020000457763672,13.0649995803833,1800,0.0,0.0,0.0
2023-12-19 00:00:00-05:00,12.869999885559082,13.0,12.859999656677246,12.954999923706055,1800,0.0,0.0,0.0
2023-12-20 00:00:00-05:00,13.039999961853027,13.09000015258789,13.0,13.010000228881836,2600,0.0,0.0,0.0
2023-12-21 00:00:00-05:00,12.760000228881836,12.829999923706055,12.729999542236328,12.774999618530273,2200,0.0,0.0,0.0
2023-12-22 00:00:00-05:00,12.829999923706055,12.831999778747559,12.829999923706055,12.831999778747559,800,0.0,0.0,0.0
2023-12-26 00:00:00-05:00,12.949999809265137,12.960000038146973,12.918000221252441,12.918000221252441,800,0.0,0.0,0.0
2023-12-27 00:00:00-05:00,12.960000038146973,13.095000267028809,12.960000038146973,13.095000267028809,900,0.0,0.0,0.0
2023-12-28 00:00:00-05:00,13.020000457763672,13.020000457763672,12.949999809265137,12.949999809265137,900,0.0,0.0,0.0
2023-12-29 00:00:00-05:00,12.729999542236328,12.789999961853027,12.729999542236328,12.789999961853027,1000,0.0,0.0,0.0
2024-01-02 00:00:00-05:00,12.539999961853027,12.5649995803833,12.539999961853027,12.5649995803833,1100,0.0,0.0,0.0
2024-01-03 00:00:00-05:00,12.640000343322754,12.663000106811523,12.640000343322754,12.663000106811523,400,0.0,0.0,0.0
2024-01-04 00:00:00-05:00,12.539999961853027,12.710000038146973,12.489999771118164,12.664999961853027,2000,0.0,0.0,0.0
2024-01-05 00:00:00-05:00,12.649999618530273,12.680000305175781,12.640000343322754,12.670000076293945,2200,0.0,0.0,0.0
2024-01-08 00:00:00-05:00,12.449999809265137,12.505000114440918,12.425000190734863,12.505000114440918,1800,0.0,0.0,0.0
2024-01-09 00:00:00-05:00,12.380000114440918,12.4399995803833,12.369999885559082,12.4399995803833,1100,0.0,0.0,0.0
2024-01-10 00:00:00-05:00,12.37600040435791,12.37600040435791,12.37600040435791,12.37600040435791,100,0.0,0.0,0.0
2024-01-11 00:00:00-05:00,12.260000228881836,12.260000228881836,12.180000305175781,12.194999694824219,2100,0.0,0.0,0.0
2024-01-12 00:00:00-05:00,12.229999542236328,12.270000457763672,12.199999809265137,12.270000457763672,2100,0.0,0.0,0.0
2024-01-16 00:00:00-05:00,12.0,12.0600004196167,11.880000114440918,11.975000381469727,1500,0.0,0.0,0.0
2024-01-17 00:00:00-05:00,11.920000076293945,11.930000305175781,11.729999542236328,11.812999725341797,3400,0.0,0.0,0.0
2024-01-18 00:00:00-05:00,11.770000457763672,11.824999809265137,11.699999809265137,11.824999809265137,2700,0.0,0.0,0.0
2024-01-19 00:00:00-05:00,11.819999694824219,11.899999618530273,11.75,11.875,3500,0.0,0.0,0.0
2024-01-22 00:00:00-05:00,11.510000228881836,11.670000076293945,11.449999809265137,11.631999969482422,10300,0.0,0.0,0.0
2024-01-23 00:00:00-05:00,11.699999809265137,11.760000228881836,11.699999809265137,11.720000267028809,2700,0.0,0.0,0.0
2024-01-24 00:00:00-05:00,11.960000038146973,12.005000114440918,11.890000343322754,12.005000114440918,2700,0.0,0.0,0.0
2024-01-25 00:00:00-05:00,11.859999656677246,11.890000343322754,11.850000381469727,11.890000343322754,1300,0.0,0.0,0.0
2024-01-26 00:00:00-05:00,11.8100004196167,11.949999809265137,11.8100004196167,11.89799976348877,2800,0.0,0.0,0.0
2024-01-29 00:00:00-05:00,11.869999885559082,11.920000076293945,11.859999656677246,11.920000076293945,1800,0.0,0.0,0.0
2024-01-30 00:00:00-05:00,11.859999656677246,11.989999771118164,11.850000381469727,11.989999771118164,3300,0.0,0.0,0.0
2024-01-31 00:00:00-05:00,11.970000267028809,12.050000190734863,11.960000038146973,12.039999961853027,1500,0.0,0.0,0.0
2024-02-01 00:00:00-05:00,11.819999694824219,11.880000114440918,11.800000190734863,11.880000114440918,1200,0.0,0.0,0.0
2024-02-02 00:00:00-05:00,11.59000015258789,11.824999809265137,11.59000015258789,11.824999809265137,2100,0.0,0.0,0.0
2024-02-05 00:00:00-05:00,11.640000343322754,11.649999618530273,11.630000114440918,11.649999618530273,1200,0.0,0.0,0.0
2024-02-06 00:00:00-05:00,11.670000076293945,11.704999923706055,11.65999984741211,11.704999923706055,1800,0.0,0.0,0.0
2024-02-07 00:00:00-05:00,11.579999923706055,11.600000381469727,11.5,11.59000015258789,2700,0.0,0.0,0.0
2024-02-08 00:00:00-05:00,11.479999542236328,11.520000457763672,11.390000343322754,11.515000343322754,1800,0.0,0.0,0.0
2024-02-09 00:00:00-05:00,11.359999656677246,11.359999656677246,11.300000190734863,11.329999923706055,1600,0.0,0.0,0.0
2024-02-12 00:00:00-05:00,11.25,11.369999885559082,11.229999542236328,11.229999542236328,4600,0.0,0.0,0.0
2024-02-13 00:00:00-05:00,11.140000343322754,11.220000267028809,11.119999885559082,11.135000228881836,4100,0.0,0.0,0.0
2024-02-14 00:00:00-05:00,11.09000015258789,11.15999984741211,11.079999923706055,11.095000267028809,1700,0.0,0.0,0.0
2024-02-15 00:00:00-05:00,11.229999542236328,11.229999542236328,11.149999618530273,11.170000076293945,2000,0.0,0.0,0.0
2024-02-16 00:00:00-05:00,11.225000381469727,11.225000381469727,11.225000381469727,11.225000381469727,100,0.0,0.0,0.0
2024-02-20 00:00:00-05:00,11.100000381469727,11.119999885559082,11.039999961853027,11.039999961853027,1600,0.0,0.0,0.0
2024-02-21 00:00:00-05:00,11.149999618530273,11.267000198364258,11.149999618530273,11.267000198364258,1100,0.0,0.0,0.0
2024-02-22 00:00:00-05:00,11.156000137329102,11.156000137329102,11.156000137329102,11.156000137329102,100,0.0,0.0,0.0
2024-02-23 00:00:00-05:00,10.989999771118164,11.119999885559082,10.9399995803833,11.119999885559082,4200,0.0,0.0,0.0
2024-02-26 00:00:00-05:00,11.100000381469727,11.135000228881836,11.100000381469727,11.135000228881836,300,0.0,0.0,0.0
2024-02-27 00:00:00-05:00,11.220000267028809,11.305000305175781,11.220000267028809,11.305000305175781,800,0.0,0.0,0.0
2024-02-28 00:00:00-05:00,11.380000114440918,11.479999542236328,11.369999885559082,11.472999572753906,1600,0.0,0.0,0.0
2024-02-29 00:00:00-05:00,11.4350004196167,11.4350004196167,11.4350004196167,11.4350004196167,100,0.0,0.0,0.0
2024-03-01 00:00:00-05:00,11.404999732971191,11.404999732971191,11.404999732971191,11.404999732971191,100,0.0,0.0,0.0
2024-03-04 00:00:00-05:00,11.579999923706055,11.664999961853027,11.579999923706055,11.664999961853027,400,0.0,0.0,0.0
2024-03-05 00:00:00-05:00,11.725000381469727,11.725000381469727,11.725000381469727,11.725000381469727,100,0.0,0.0,0.0
2024-03-06 00:00:00-05:00,11.71500015258789,11.71500015258789,11.71500015258789,11.71500015258789,200,0.0,0.0,0.0
2024-03-07 00:00:00-05:00,11.75100040435791,11.75100040435791,11.75100040435791,11.75100040435791,100,0.0,0.0,0.0
2024-03-08 00:00:00-05:00,11.71500015258789,11.71500015258789,11.71500015258789,11.71500015258789,300,0.0,0.0,0.0
2024-03-11 00:00:00-04:00,11.670000076293945,11.670000076293945,11.595000267028809,11.595000267028809,400,0.0,0.0,0.0
2024-03-12 00:00:00-04:00,11.635000228881836,11.635000228881836,11.635000228881836,11.635000228881836,0,0.0,0.0,0.0
2024-03-13 00:00:00-04:00,11.670000076293945,11.670000076293945,11.670000076293945,11.670000076293945,0,0.0,0.0,0.0
2024-03-14 00:00:00-04:00,11.835000038146973,11.835000038146973,11.835000038146973,11.835000038146973,100,0.0,0.0,0.0
2024-03-15 00:00:00-04:00,11.96500015258789,11.96500015258789,11.96500015258789,11.96500015258789,100,0.0,0.0,0.0
2024-03-18 00:00:00-04:00,12.095000267028809,12.095000267028809,12.095000267028809,12.095000267028809,100,0.0,0.0,0.0
2024-03-19 00:00:00-04:00,12.03499984741211,12.03499984741211,12.03499984741211,12.03499984741211,100,0.0,0.0,0.0
2024-03-20 00:00:00-04:00,11.944999694824219,11.944999694824219,11.944999694824219,11.944999694824219,100,0.0,0.0,0.0
2024-03-21 00:00:00-04:00,11.864999771118164,11.864999771118164,11.864999771118164,11.864999771118164,100,0.0,0.0,0.0
2024-03-22 00:00:00-04:00,11.875,11.875,11.875,11.875,100,0.0,0.0,0.0
2024-03-25 00:00:00-04:00,12.074999809265137,12.074999809265137,12.074999809265137,12.074999809265137,100,0.0,0.0,0.0
2024-03-26 00:00:00-04:00,11.925000190734863,11.925000190734863,11.925000190734863,11.925000190734863,100,0.0,0.0,0.0
2024-03-27 00:00:00-04:00,11.850000381469727,11.850000381469727,11.850000381469727,11.850000381469727,100,0.0,0.0,0.0
2024-03-28 00:00:00-04:00,11.904999732971191,11.904999732971191,11.904999732971191,11.904999732971191,100,0.0,0.0,0.0
2024-04-01 00:00:00-04:00,11.920000076293945,11.954999923706055,11.920000076293945,11.954999923706055,400,0.0,0.0,0.0
2024-04-02 00:00:00-04:00,11.970000267028809,11.970000267028809,11.914999961853027,11.914999961853027,100,0.0,0.0,0.0
2024-04-03 00:00:00-04:00,11.994000434875488,11.994000434875488,11.994000434875488,11.994000434875488,0,0.0,0.0,0.0
2024-04-04 00:00:00-04:00,12.015000343322754,12.015000343322754,12.015000343322754,12.015000343322754,0,0.0,0.0,0.0
2024-04-05 00:00:00-04:00,12.180000305175781,12.1899995803833,12.180000305175781,12.1899995803833,100,0.0,0.0,0.0
2024-04-08 00:00:00-04:00,12.36400032043457,12.36400032043457,12.36400032043457,12.36400032043457,0,0.0,0.0,0.0
2024-04-09 00:00:00-04:00,12.47599983215332,12.47599983215332,12.47599983215332,12.47599983215332,100,0.0,0.0,0.0
2024-04-10 00:00:00-04:00,12.470000267028809,12.470000267028809,12.40999984741211,12.40999984741211,400,0.0,0.0,0.0
2024-04-11 00:00:00-04:00,12.647000312805176,12.647000312805176,12.647000312805176,12.647000312805176,200,0.0,0.0,0.0
2024-04-12 00:00:00-04:00,12.82699966430664,12.82699966430664,12.82699966430664,12.82699966430664,200,0.0,0.0,0.0
2024-04-15 00:00:00-04:00,12.75,12.861000061035156,12.75,12.861000061035156,300,0.0,0.0,0.0
2024-04-16 00:00:00-04:00,13.069999694824219,13.069999694824219,13.069999694824219,13.069999694824219,200,0.0,0.0,0.0
2024-04-17 00:00:00-04:00,12.960000038146973,12.960000038146973,12.85099983215332,12.85099983215332,700,0.0,0.0,0.0
2024-04-18 00:00:00-04:00,12.994999885559082,12.994999885559082,12.994999885559082,12.994999885559082,100,0.0,0.0,0.0
2024-04-19 00:00:00-04:00,13.03499984741211,13.0600004196167,12.944999694824219,12.944999694824219,500,0.0,0.0,0.0
2024-04-22 00:00:00-04:00,12.774999618530273,12.774999618530273,12.774999618530273,12.774999618530273,200,0.0,0.0,0.0
2024-04-23 00:00:00-04:00,12.680000305175781,12.680000305175781,12.680000305175781,12.680000305175781,200,0.0,0.0,0.0
2024-04-24 00:00:00-04:00,12.664999961853027,12.664999961853027,12.664999961853027,12.664999961853027,0,0.0,0.0,0.0
2024-04-25 00:00:00-04:00,12.800000190734863,12.800000190734863,12.800000190734863,12.800000190734863,100,0.0,0.0,0.0
2024-04-26 00:00:00-04:00,12.720000267028809,12.720000267028809,12.720000267028809,12.720000267028809,100,0.0,0.0,0.0
2024-04-29 00:00:00-04:00,12.699999809265137,12.699999809265137,12.699999809265137,12.699999809265137,100,0.0,0.0,0.0
2024-04-30 00:00:00-04:00,12.725000381469727,12.725000381469727,12.725000381469727,12.725000381469727,100,0.0,0.0,0.0
2024-05-01 00:00:00-04:00,12.614999771118164,12.614999771118164,12.614999771118164,12.614999771118164,100,0.0,0.0,0.0
2024-05-02 00:00:00-04:00,12.75,12.970000267028809,12.600000381469727,12.9350004196167,7700,0.0,0.0,0.0
2024-05-03 00:00:00-04:00,12.920000076293945,12.920000076293945,12.895000457763672,12.895000457763672,400,0.0,0.0,0.0
2024-05-06 00:00:00-04:00,13.164999961853027,13.164999961853027,13.164999961853027,13.164999961853027,0,0.0,0.0,0.0
2024-05-07 00:00:00-04:00,13.0649995803833,13.0649995803833,13.0649995803833,13.0649995803833,100,0.0,0.0,0.0
2024-05-08 00:00:00-04:00,13.03499984741211,13.03499984741211,13.03499984741211,13.03499984741211,100,0.0,0.0,0.0
2024-05-09 00:00:00-04:00,13.180000305175781,13.180000305175781,13.180000305175781,13.180000305175781,100,0.0,0.0,0.0
2024-05-10 00:00:00-04:00,13.119999885559082,13.130000114440918,13.0600004196167,13.0600004196167,1200,0.0,0.0,0.0
2024-05-13 00:00:00-04:00,13.0600004196167,13.16100025177002,13.0600004196167,13.16100025177002,800,0.0,0.0,0.0
2024-05-14 00:00:00-04:00,13.125,13.125,13.104999542236328,13.104999542236328,200,0.0,0.0,0.0
2024-05-15 00:00:00-04:00,13.229999542236328,13.229999542236328,13.229999542236328,13.229999542236328,100,0.0,0.0,0.0
2024-05-16 00:00:00-04:00,13.385000228881836,13.385000228881836,13.385000228881836,13.385000228881836,100,0.0,0.0,0.0
2024-05-17 00:00:00-04:00,13.399999618530273,13.635000228881836,13.399999618530273,13.635000228881836,200,0.0,0.0,0.0
2024-05-20 00:00:00-04:00,13.920000076293945,13.928000450134277,13.920000076293945,13.928000450134277,300,0.0,0.0,0.0
2024-05-21 00:00:00-04:00,14.0600004196167,14.0600004196167,14.0600004196167,14.0600004196167,100,0.0,0.0,0.0
2024-05-22 00:00:00-04:00,14.0600004196167,14.0600004196167,14.0600004196167,14.0600004196167,100,0.0,0.0,0.0
2024-05-23 00:00:00-04:00,14.210000038146973,14.210000038146973,13.989999771118164,13.989999771118164,300,0.0,0.0,0.0
2024-05-24 00:00:00-04:00,13.869999885559082,13.869999885559082,13.869999885559082,13.869999885559082,100,0.0,0.0,0.0
2024-05-28 00:00:00-04:00,14.020000457763672,14.020000457763672,14.020000457763672,14.020000457763672,100,0.0,0.0,0.0
2024-05-29 00:00:00-04:00,14.020000457763672,14.038999557495117,13.979999542236328,13.979999542236328,1500,0.0,0.0,0.0
2024-05-30 00:00:00-04:00,13.960000038146973,13.960000038146973,13.906999588012695,13.906999588012695,100,0.0,0.0,0.0
2024-05-31 00:00:00-04:00,13.8100004196167,13.8100004196167,13.713000297546387,13.713000297546387,400,0.0,0.0,0.0
2024-06-03 00:00:00-04:00,13.890000343322754,13.890000343322754,13.890000343322754,13.890000343322754,100,0.0,0.0,0.0
2024-06-04 00:00:00-04:00,13.515999794006348,13.515999794006348,13.515999794006348,13.515999794006348,100,0.0,0.0,0.0
2024-06-05 00:00:00-04:00,13.454999923706055,13.454999923706055,13.454999923706055,13.454999923706055,100,0.0,0.0,0.0
2024-06-06 00:00:00-04:00,13.520000457763672,13.574999809265137,13.520000457763672,13.574999809265137,500,0.0,0.0,0.0
2024-06-07 00:00:00-04:00,13.362000465393066,13.362000465393066,13.362000465393066,13.362000465393066,100,0.0,0.0,0.0
2024-06-10 00:00:00-04:00,13.479999542236328,13.479999542236328,13.479999542236328,13.479999542236328,100,0.0,0.0,0.0
2024-06-11 00:00:00-04:00,13.4399995803833,13.4399995803833,13.4399995803833,13.4399995803833,0,0.0,0.0,0.0
2024-06-12 00:00:00-04:00,13.489999771118164,13.515000343322754,13.489999771118164,13.515000343322754,300,0.0,0.0,0.0
2024-06-13 00:00:00-04:00,13.479000091552734,13.479000091552734,13.479000091552734,13.479000091552734,0,0.0,0.0,0.0
2024-06-14 00:00:00-04:00,13.449999809265137,13.449999809265137,13.319999694824219,13.357999801635742,2700,0.0,0.0,0.0
2024-06-17 00:00:00-04:00,13.210000038146973,13.218000411987305,13.210000038146973,13.218000411987305,100,0.0,0.0,0.0
2024-06-18 00:00:00-04:00,13.279999732971191,13.34000015258789,13.279999732971191,13.34000015258789,100,0.0,0.0,0.0
2024-06-20 00:00:00-04:00,13.390000343322754,13.390000343322754,13.369999885559082,13.369999885559082,400,0.0,0.0,0.0
2024-06-21 00:00:00-04:00,13.229999542236328,13.229999542236328,13.229999542236328,13.229999542236328,100,0.0,0.0,0.0
2024-06-24 00:00:00-04:00,13.210000038146973,13.28499984741211,13.210000038146973,13.28499984741211,500,0.0,0.0,0.0
2024-06-25 00:00:00-04:00,13.380000114440918,13.380000114440918,13.199999809265137,13.199999809265137,100,0.0,0.0,0.0
2024-06-26 00:00:00-04:00,13.239999771118164,13.239999771118164,13.157999992370605,13.157999992370605,1000,0.0,0.0,0.0
2024-06-27 00:00:00-04:00,13.119999885559082,13.119999885559082,13.119999885559082,13.119999885559082,100,0.0,0.0,0.0
2024-06-28 00:00:00-04:00,13.170000076293945,13.170000076293945,13.170000076293945,13.170000076293945,100,0.0,0.0,0.0
2024-07-01 00:00:00-04:00,13.154999732971191,13.154999732971191,13.154999732971191,13.154999732971191,100,0.0,0.0,0.0
2024-07-02 00:00:00-04:00,13.25,13.25,13.25,13.25,100,0.0,0.0,0.0
2024-07-03 00:00:00-04:00,13.40999984741211,13.40999984741211,13.33899974822998,13.33899974822998,100,0.0,0.0,0.0
2024-07-05 00:00:00-04:00,13.390999794006348,13.390999794006348,13.390999794006348,13.390999794006348,0,0.0,0.0,0.0
2024-07-08 00:00:00-04:00,13.229999542236328,13.239999771118164,13.229999542236328,13.239999771118164,100,0.0,0.0,0.0
2024-07-09 00:00:00-04:00,13.15999984741211,13.15999984741211,13.039999961853027,13.039999961853027,500,0.0,0.0,0.0
2024-07-10 00:00:00-04:00,13.020000457763672,13.020000457763672,12.907999992370605,12.907999992370605,900,0.0,0.0,0.0
2024-07-11 00:00:00-04:00,12.982999801635742,12.982999801635742,12.979999542236328,12.979999542236328,100,0.0,0.0,0.0
2024-07-12 00:00:00-04:00,13.039999961853027,13.039999961853027,13.039999961853027,13.039999961853027,100,0.0,0.0,0.0
2024-07-15 00:00:00-04:00,12.895000457763672,12.895000457763672,12.895000457763672,12.895000457763672,100,0.0,0.0,0.0
2024-07-16 00:00:00-04:00,12.739999771118164,12.970000267028809,12.739999771118164,12.946000099182129,1700,0.0,0.0,0.0
2024-07-17 00:00:00-04:00,12.720000267028809,12.760000228881836,12.649999618530273,12.649999618530273,1800,0.0,0.0,0.0
2024-07-18 00:00:00-04:00,12.635000228881836,12.635000228881836,12.635000228881836,12.635000228881836,100,0.0,0.0,0.0
2024-07-19 00:00:00-04:00,12.545999526977539,12.545999526977539,12.545999526977539,12.545999526977539,0,0.0,0.0,0.0
2024-07-22 00:00:00-04:00,12.520000457763672,12.520000457763672,12.489999771118164,12.489999771118164,500,0.0,0.0,0.0
2024-07-23 00:00:00-04:00,12.47599983215332,12.47599983215332,12.47599983215332,12.47599983215332,100,0.0,0.0,0.0
2024-07-24 00:00:00-04:00,12.534000396728516,12.534000396728516,12.534000396728516,12.534000396728516,100,0.0,0.0,0.0
2024-07-25 00:00:00-04:00,12.4399995803833,12.4399995803833,12.347999572753906,12.347999572753906,500,0.0,0.0,0.0
2024-07-26 00:00:00-04:00,12.357000350952148,12.357000350952148,12.357000350952148,12.357000350952148,400,0.0,0.0,0.0
2024-07-29 00:00:00-04:00,12.446000099182129,12.446000099182129,12.446000099182129,12.446000099182129,100,0.0,0.0,0.0
2024-07-30 00:00:00-04:00,12.444000244140625,12.475000381469727,12.444000244140625,12.475000381469727,200,0.0,0.0,0.0
2024-07-31 00:00:00-04:00,12.694999694824219,12.694999694824219,12.694999694824219,12.694999694824219,0,0.0,0.0,0.0
2024-08-01 00:00:00-04:00,12.687000274658203,12.687000274658203,12.687000274658203,12.687000274658203,100,0.0,0.0,0.0
2024-08-02 00:00:00-04:00,12.656000137329102,12.656000137329102,12.656000137329102,12.656000137329102,100,0.0,0.0,0.0
2024-08-05 00:00:00-04:00,12.420000076293945,12.420000076293945,12.260000228881836,12.364999771118164,1600,0.0,0.0,0.0
2024-08-06 00:00:00-04:00,12.420000076293945,12.510000228881836,12.420000076293945,12.510000228881836,500,0.0,0.0,0.0
2024-08-07 00:00:00-04:00,12.618000030517578,12.618000030517578,12.618000030517578,12.618000030517578,100,0.0,0.0,0.0
2024-08-08 00:00:00-04:00,12.795999526977539,12.795999526977539,12.795999526977539,12.795999526977539,100,0.0,0.0,0.0
2024-08-09 00:00:00-04:00,12.795000076293945,12.795000076293945,12.795000076293945,12.795000076293945,100,0.0,0.0,0.0
2024-08-12 00:00:00-04:00,12.914999961853027,12.914999961853027,12.914999961853027,12.914999961853027,100,0.0,0.0,0.0
2024-08-13 00:00:00-04:00,12.9399995803833,12.9399995803833,12.800000190734863,12.800000190734863,200,0.0,0.0,0.0
2024-08-14 00:00:00-04:00,12.970000267028809,12.970000267028809,12.770000457763672,12.770000457763672,700,0.0,0.0,0.0
2024-08-15 00:00:00-04:00,12.904999732971191,12.904999732971191,12.904999732971191,12.904999732971191,0,0.0,0.0,0.0
2024-08-16 00:00:00-04:00,12.880000114440918,12.930000305175781,12.880000114440918,12.930000305175781,600,0.0,0.0,0.0
2024-08-19 00:00:00-04:00,13.050000190734863,13.09000015258789,13.050000190734863,13.09000015258789,1500,0.0,0.0,0.0
2024-08-20 00:00:00-04:00,13.055000305175781,13.055000305175781,13.015000343322754,13.015000343322754,400,0.0,0.0,0.0
2024-08-21 00:00:00-04:00,13.180000305175781,13.180000305175781,12.975000381469727,12.975000381469727,500,0.0,0.0,0.0
2024-08-22 00:00:00-04:00,12.779999732971191,12.84000015258789,12.779999732971191,12.829000473022461,784900,0.0,0.0,0.0
2024-08-23 00:00:00-04:00,12.829999923706055,12.968999862670898,12.829999923706055,12.968999862670898,1700,0.0,0.0,0.0
2024-08-26 00:00:00-04:00,13.039999961853027,13.039999961853027,12.96500015258789,12.96500015258789,800,0.0,0.0,0.0
2024-08-27 00:00:00-04:00,13.039999961853027,13.123000144958496,13.039999961853027,13.123000144958496,100,0.0,0.0,0.0
2024-08-28 00:00:00-04:00,12.913999557495117,12.913999557495117,12.913999557495117,12.913999557495117,100,0.0,0.0,0.0
2024-08-29 00:00:00-04:00,12.96399974822998,12.96399974822998,12.96399974822998,12.96399974822998,100,0.0,0.0,0.0
2024-08-30 00:00:00-04:00,12.875,12.875,12.875,12.875,100,0.0,0.0,0.0
2024-09-03 00:00:00-04:00,12.680000305175781,12.680000305175781,12.553000450134277,12.553000450134277,200,0.0,0.0,0.0
2024-09-04 00:00:00-04:00,12.319999694824219,12.520000457763672,12.319999694824219,12.39900016784668,1000,0.0,0.0,0.0
2024-09-05 00:00:00-04:00,12.46399974822998,12.46399974822998,12.46399974822998,12.46399974822998,100,0.0,0.0,0.0
2024-09-06 00:00:00-04:00,12.371999740600586,12.371999740600586,12.371999740600586,12.371999740600586,100,0.0,0.0,0.0
2024-09-09 00:00:00-04:00,12.482999801635742,12.482999801635742,12.482999801635742,12.482999801635742,100,0.0,0.0,0.0
2024-09-10 00:00:00-04:00,12.314000129699707,12.314000129699707,12.314000129699707,12.314000129699707,100,0.0,0.0,0.0
2024-09-11 00:00:00-04:00,12.463000297546387,12.463000297546387,12.463000297546387,12.463000297546387,100,0.0,0.0,0.0
2024-09-12 00:00:00-04:00,12.52400016784668,12.52400016784668,12.52400016784668,12.52400016784668,100,0.0,0.0,0.0
2024-09-13 00:00:00-04:00,12.57800006866455,12.57800006866455,12.57800006866455,12.57800006866455,100,0.0,0.0,0.0
2024-09-16 00:00:00-04:00,12.553999900817871,12.553999900817871,12.553999900817871,12.553999900817871,0,0.0,0.0,0.0
2024-09-17 00:00:00-04:00,12.638999938964844,12.638999938964844,12.638999938964844,12.638999938964844,100,0.0,0.0,0.0
2024-09-18 00:00:00-04:00,12.65999984741211,12.65999984741211,12.598999977111816,12.598999977111816,100,0.0,0.0,0.0
2024-09-19 00:00:00-04:00,12.640000343322754,12.640000343322754,12.510000228881836,12.524999618530273,2500,0.0,0.0,0.0
2024-09-20 00:00:00-04:00,12.529999732971191,12.640000343322754,12.529999732971191,12.640000343322754,600,0.0,0.0,0.0
2024-09-23 00:00:00-04:00,12.789999961853027,12.789999961853027,12.744000434875488,12.744000434875488,600,0.0,0.0,0.0
2024-09-24 00:00:00-04:00,12.968999862670898,12.968999862670898,12.968999862670898,12.968999862670898,100,0.0,0.0,0.0
2024-09-25 00:00:00-04:00,13.032999992370605,13.032999992370605,13.032999992370605,13.032999992370605,100,0.0,0.0,0.0
2024-09-26 00:00:00-04:00,13.180000305175781,13.180000305175781,13.159000396728516,13.159000396728516,300,0.0,0.0,0.0
2024-09-27 00:00:00-04:00,13.222999572753906,13.222999572753906,13.222999572753906,13.222999572753906,0,0.0,0.0,0.0
2024-09-30 00:00:00-04:00,13.25,13.25,13.14900016784668,13.14900016784668,700,0.0,0.0,0.0
2024-10-01 00:00:00-04:00,13.197999954223633,13.197999954223633,13.197999954223633,13.197999954223633,100,0.0,0.0,0.0
2024-10-02 00:00:00-04:00,13.369999885559082,13.369999885559082,13.293999671936035,13.293999671936035,600,0.0,0.0,0.0
2024-10-03 00:00:00-04:00,13.430000305175781,13.430000305175781,13.244999885559082,13.244999885559082,600,0.0,0.0,0.0
2024-10-04 00:00:00-04:00,13.430000305175781,13.430000305175781,13.309000015258789,13.309000015258789,500,0.0,0.0,0.0
2024-10-07 00:00:00-04:00,13.170000076293945,13.303000450134277,13.170000076293945,13.303000450134277,500,0.0,0.0,0.0
2024-10-08 00:00:00-04:00,12.819999694824219,12.979999542236328,12.819999694824219,12.897000312805176,600,0.0,0.0,0.0
2024-10-09 00:00:00-04:00,12.800000190734863,12.86400032043457,12.800000190734863,12.86400032043457,200,0.0,0.0,0.0
2024-10-10 00:00:00-04:00,13.121999740600586,13.121999740600586,13.121999740600586,13.121999740600586,100,0.0,0.0,0.0
2024-10-11 00:00:00-04:00,13.279999732971191,13.279999732971191,13.173999786376953,13.173999786376953,1000,0.0,0.0,0.0
2024-10-14 00:00:00-04:00,13.10099983215332,13.10099983215332,13.10099983215332,13.10099983215332,0,0.0,0.0,0.0
2024-10-15 00:00:00-04:00,12.989999771118164,13.012999534606934,12.989999771118164,13.012999534606934,200,0.0,0.0,0.0
2024-10-16 00:00:00-04:00,13.0,13.0,12.829999923706055,12.869999885559082,1400,0.0,0.0,0.0
2024-10-17 00:00:00-04:00,12.899999618530273,12.899999618530273,12.843999862670898,12.843999862670898,500,0.0,0.0,0.0
2024-10-18 00:00:00-04:00,12.6899995803833,12.977999687194824,12.6899995803833,12.977999687194824,1000,0.0,0.0,0.0
2024-10-21 00:00:00-04:00,13.09000015258789,13.09000015258789,12.899999618530273,12.899999618530273,1500,0.0,0.0,0.0
2024-10-22 00:00:00-04:00,13.157999992370605,13.157999992370605,13.157999992370605,13.157999992370605,100,0.0,0.0,0.0
2024-10-23 00:00:00-04:00,13.130000114440918,13.223999977111816,13.130000114440918,13.223999977111816,500,0.0,0.0,0.0
2024-10-24 00:00:00-04:00,13.40999984741211,13.40999984741211,13.387999534606934,13.387999534606934,800,0.0,0.0,0.0
2024-10-25 00:00:00-04:00,13.34000015258789,13.442999839782715,13.34000015258789,13.442999839782715,500,0.0,0.0,0.0
2024-10-28 00:00:00-04:00,13.25,13.288000106811523,13.25,13.288000106811523,600,0.0,0.0,0.0
2024-10-29 00:00:00-04:00,13.314000129699707,13.314000129699707,13.314000129699707,13.314000129699707,100,0.0,0.0,0.0
2024-10-30 00:00:00-04:00,13.229999542236328,13.229999542236328,13.135000228881836,13.135000228881836,800,0.0,0.0,0.0
2024-10-31 00:00:00-04:00,12.848999977111816,12.848999977111816,12.848999977111816,12.848999977111816,100,0.0,0.0,0.0
2024-11-01 00:00:00-04:00,13.09000015258789,13.09000015258789,12.878999710083008,12.878999710083008,600,0.0,0.0,0.0
2024-11-04 00:00:00-05:00,13.053000450134277,13.053000450134277,13.053000450134277,13.053000450134277,0,0.0,0.0,0.0
2024-11-05 00:00:00-05:00,13.034000396728516,13.034000396728516,13.034000396728516,13.034000396728516,100,0.0,0.0,0.0
2024-11-06 00:00:00-05:00,12.84000015258789,12.895999908447266,12.760000228881836,12.895999908447266,1500,0.0,0.0,0.0
2024-11-07 00:00:00-05:00,13.010000228881836,13.248000144958496,13.010000228881836,13.248000144958496,400,0.0,0.0,0.0
2024-11-08 00:00:00-05:00,13.149999618530273,13.149999618530273,13.149999618530273,13.149999618530273,0,0.0,0.0,0.0
