Date,Open,High,Low,Close,Volume,Dividends,Stock Splits,Capital Gains
2021-06-14 00:00:00-04:00,25.1299991607666,25.138999938964844,25.049999237060547,25.138999938964844,5300,0.0,0.0,0.0
2021-06-15 00:00:00-04:00,25.139999389648438,25.170000076293945,25.1200008392334,25.128999710083008,1700,0.0,0.0,0.0
2021-06-16 00:00:00-04:00,25.15999984741211,25.15999984741211,24.959999084472656,25.024999618530273,4500,0.0,0.0,0.0
2021-06-17 00:00:00-04:00,25.0,25.049999237060547,25.0,25.011999130249023,4600,0.0,0.0,0.0
2021-06-18 00:00:00-04:00,24.799999237060547,24.809999465942383,24.715999603271484,24.715999603271484,3000,0.0,0.0,0.0
2021-06-21 00:00:00-04:00,24.96500015258789,25.017000198364258,24.96500015258789,25.017000198364258,400,0.0,0.0,0.0
2021-06-22 00:00:00-04:00,25.18000030517578,25.18000030517578,25.149999618530273,25.149999618530273,1200,0.0,0.0,0.0
2021-06-23 00:00:00-04:00,25.149999618530273,25.149999618530273,25.09600067138672,25.09600067138672,1000,0.0,0.0,0.0
2021-06-24 00:00:00-04:00,25.260000228881836,25.280000686645508,25.2450008392334,25.2450008392334,2500,0.0,0.0,0.0
2021-06-25 00:00:00-04:00,25.309999465942383,25.350000381469727,25.309999465942383,25.340999603271484,1500,0.0,0.0,0.0
2021-06-28 00:00:00-04:00,25.325000762939453,25.3799991607666,25.309999465942383,25.371999740600586,11200,0.0,0.0,0.0
2021-06-29 00:00:00-04:00,25.40999984741211,25.40999984741211,25.3799991607666,25.389999389648438,2200,0.0,0.0,0.0
2021-06-30 00:00:00-04:00,25.3700008392334,25.430999755859375,25.3700008392334,25.430999755859375,1900,0.0,0.0,0.0
2021-07-01 00:00:00-04:00,25.459999084472656,25.56999969482422,25.459999084472656,25.559999465942383,2000,0.0,0.0,0.0
2021-07-02 00:00:00-04:00,25.773000717163086,25.773000717163086,25.773000717163086,25.773000717163086,1800,0.0,0.0,0.0
2021-07-06 00:00:00-04:00,25.610000610351562,25.7189998626709,25.610000610351562,25.7189998626709,600,0.0,0.0,0.0
2021-07-07 00:00:00-04:00,25.799999237060547,25.80699920654297,25.78499984741211,25.78499984741211,1100,0.0,0.0,0.0
2021-07-08 00:00:00-04:00,25.450000762939453,25.600000381469727,25.450000762939453,25.547000885009766,1800,0.0,0.0,0.0
2021-07-09 00:00:00-04:00,25.847000122070312,25.847000122070312,25.847000122070312,25.847000122070312,100,0.0,0.0,0.0
2021-07-12 00:00:00-04:00,25.850000381469727,25.915000915527344,25.850000381469727,25.915000915527344,3700,0.0,0.0,0.0
2021-07-13 00:00:00-04:00,25.959999084472656,25.959999084472656,25.83099937438965,25.83099937438965,600,0.0,0.0,0.0
2021-07-14 00:00:00-04:00,25.829999923706055,25.957000732421875,25.829999923706055,25.89299964904785,300,0.0,0.0,0.0
2021-07-15 00:00:00-04:00,25.799999237060547,25.860000610351562,25.780000686645508,25.81100082397461,700,0.0,0.0,0.0
2021-07-16 00:00:00-04:00,25.729999542236328,25.739999771118164,25.632999420166016,25.632999420166016,13100,0.0,0.0,0.0
2021-07-19 00:00:00-04:00,25.229999542236328,25.229999542236328,25.100000381469727,25.184999465942383,900,0.0,0.0,0.0
2021-07-20 00:00:00-04:00,25.530000686645508,25.6299991607666,25.530000686645508,25.607999801635742,1100,0.0,0.0,0.0
2021-07-21 00:00:00-04:00,25.792999267578125,25.792999267578125,25.792999267578125,25.792999267578125,200,0.0,0.0,0.0
2021-07-22 00:00:00-04:00,25.790000915527344,25.860000610351562,25.790000915527344,25.860000610351562,19900,0.0,0.0,0.0
2021-07-23 00:00:00-04:00,26.139999389648438,26.139999389648438,26.128000259399414,26.128000259399414,7100,0.0,0.0,0.0
2021-07-26 00:00:00-04:00,26.149999618530273,26.179000854492188,26.14299964904785,26.179000854492188,400,0.0,0.0,0.0
2021-07-27 00:00:00-04:00,26.049999237060547,26.049999237060547,26.049999237060547,26.049999237060547,200,0.0,0.0,0.0
2021-07-28 00:00:00-04:00,26.06999969482422,26.1200008392334,26.0,26.059999465942383,3900,0.0,0.0,0.0
2021-07-29 00:00:00-04:00,26.152000427246094,26.152000427246094,26.152000427246094,26.152000427246094,1300,0.0,0.0,0.0
2021-07-30 00:00:00-04:00,26.030000686645508,26.030000686645508,26.0,26.0049991607666,2200,0.0,0.0,0.0
2021-08-02 00:00:00-04:00,26.139999389648438,26.139999389648438,25.93000030517578,25.93000030517578,3000,0.0,0.0,0.0
2021-08-03 00:00:00-04:00,26.09000015258789,26.10099983215332,26.09000015258789,26.10099983215332,500,0.0,0.0,0.0
2021-08-04 00:00:00-04:00,26.049999237060547,26.09000015258789,26.031999588012695,26.031999588012695,600,0.0,0.0,0.0
2021-08-05 00:00:00-04:00,26.159000396728516,26.159000396728516,26.159000396728516,26.159000396728516,100,0.0,0.0,0.0
2021-08-06 00:00:00-04:00,26.270000457763672,26.270000457763672,26.232999801635742,26.232999801635742,600,0.0,0.0,0.0
2021-08-09 00:00:00-04:00,26.19099998474121,26.19099998474121,26.19099998474121,26.19099998474121,100,0.0,0.0,0.0
2021-08-10 00:00:00-04:00,26.20800018310547,26.20800018310547,26.20800018310547,26.20800018310547,200,0.0,0.0,0.0
2021-08-11 00:00:00-04:00,26.299999237060547,26.299999237060547,26.270000457763672,26.291000366210938,400,0.0,0.0,0.0
2021-08-12 00:00:00-04:00,26.360000610351562,26.391000747680664,26.360000610351562,26.391000747680664,200,0.0,0.0,0.0
2021-08-13 00:00:00-04:00,26.42799949645996,26.42799949645996,26.42799949645996,26.42799949645996,0,0.0,0.0,0.0
2021-08-16 00:00:00-04:00,26.489999771118164,26.509000778198242,26.489999771118164,26.509000778198242,300,0.0,0.0,0.0
2021-08-17 00:00:00-04:00,26.399999618530273,26.399999618530273,26.336999893188477,26.336999893188477,800,0.0,0.0,0.0
2021-08-18 00:00:00-04:00,26.299999237060547,26.299999237060547,26.104999542236328,26.104999542236328,400,0.0,0.0,0.0
2021-08-19 00:00:00-04:00,26.139999389648438,26.141000747680664,26.11400032043457,26.11400032043457,1400,0.0,0.0,0.0
2021-08-20 00:00:00-04:00,26.329999923706055,26.351999282836914,26.329999923706055,26.351999282836914,400,0.0,0.0,0.0
2021-08-23 00:00:00-04:00,26.450000762939453,26.600000381469727,26.450000762939453,26.55699920654297,2200,0.0,0.0,0.0
2021-08-24 00:00:00-04:00,26.600000381469727,26.639999389648438,26.599000930786133,26.604999542236328,1000,0.0,0.0,0.0
2021-08-25 00:00:00-04:00,26.690000534057617,26.690000534057617,26.677000045776367,26.677000045776367,1500,0.0,0.0,0.0
2021-08-26 00:00:00-04:00,26.65999984741211,26.65999984741211,26.527000427246094,26.527000427246094,2700,0.0,0.0,0.0
2021-08-27 00:00:00-04:00,26.600000381469727,26.75,26.600000381469727,26.746000289916992,400,0.0,0.0,0.0
2021-08-30 00:00:00-04:00,26.809999465942383,26.899999618530273,26.809999465942383,26.85300064086914,1200,0.0,0.0,0.0
2021-08-31 00:00:00-04:00,26.860000610351562,26.860000610351562,26.804000854492188,26.804000854492188,500,0.0,0.0,0.0
2021-09-01 00:00:00-04:00,26.84000015258789,26.84000015258789,26.79800033569336,26.79800033569336,1600,0.0,0.0,0.0
2021-09-02 00:00:00-04:00,26.860000610351562,26.889999389648438,26.850000381469727,26.850000381469727,1500,0.0,0.0,0.0
2021-09-03 00:00:00-04:00,26.850000381469727,26.889999389648438,26.829999923706055,26.851999282836914,1700,0.0,0.0,0.0
2021-09-07 00:00:00-04:00,26.809999465942383,26.809999465942383,26.78499984741211,26.78499984741211,60400,0.0,0.0,0.0
2021-09-08 00:00:00-04:00,26.709999084472656,26.760000228881836,26.709999084472656,26.750999450683594,2200,0.0,0.0,0.0
2021-09-09 00:00:00-04:00,26.805999755859375,26.805999755859375,26.632999420166016,26.632999420166016,3300,0.0,0.0,0.0
2021-09-10 00:00:00-04:00,26.600000381469727,26.600000381469727,26.423999786376953,26.423999786376953,600,0.0,0.0,0.0
2021-09-13 00:00:00-04:00,26.479999542236328,26.492000579833984,26.43000030517578,26.492000579833984,2500,0.0,0.0,0.0
2021-09-14 00:00:00-04:00,26.450000762939453,26.450000762939453,26.329999923706055,26.33799934387207,800,0.0,0.0,0.0
2021-09-15 00:00:00-04:00,26.3700008392334,26.531999588012695,26.350000381469727,26.531999588012695,700,0.0,0.0,0.0
2021-09-16 00:00:00-04:00,26.389999389648438,26.5,26.375999450683594,26.5,3900,0.0,0.0,0.0
2021-09-17 00:00:00-04:00,26.309999465942383,26.309999465942383,26.270000457763672,26.277999877929688,2500,0.0,0.0,0.0
2021-09-20 00:00:00-04:00,25.959999084472656,25.959999084472656,25.610000610351562,25.8439998626709,6800,0.0,0.0,0.0
2021-09-21 00:00:00-04:00,25.989999771118164,25.989999771118164,25.857999801635742,25.857999801635742,1400,0.0,0.0,0.0
2021-09-22 00:00:00-04:00,26.09000015258789,26.1299991607666,26.06100082397461,26.06100082397461,600,0.0,0.0,0.0
2021-09-23 00:00:00-04:00,26.399999618530273,26.399999618530273,26.375999450683594,26.375999450683594,500,0.0,0.0,0.0
2021-09-24 00:00:00-04:00,26.43000030517578,26.43000030517578,26.39299964904785,26.429000854492188,1100,0.0,0.0,0.0
2021-09-27 00:00:00-04:00,26.399999618530273,26.420000076293945,26.363000869750977,26.363000869750977,1100,0.0,0.0,0.0
2021-09-28 00:00:00-04:00,25.8799991607666,25.90999984741211,25.799999237060547,25.847999572753906,1000,0.0,0.0,0.0
2021-09-29 00:00:00-04:00,25.950000762939453,25.989999771118164,25.899999618530273,25.899999618530273,1100,0.0,0.0,0.0
2021-09-30 00:00:00-04:00,25.860000610351562,25.860000610351562,25.639999389648438,25.639999389648438,2600,0.0,0.0,0.0
2021-10-01 00:00:00-04:00,25.6200008392334,25.92300033569336,25.6200008392334,25.92300033569336,2700,0.0,0.0,0.0
2021-10-04 00:00:00-04:00,25.530000686645508,25.56800079345703,25.459999084472656,25.56800079345703,1600,0.0,0.0,0.0
2021-10-05 00:00:00-04:00,25.90999984741211,25.959999084472656,25.87299919128418,25.87299919128418,800,0.0,0.0,0.0
2021-10-06 00:00:00-04:00,25.98699951171875,25.98699951171875,25.98699951171875,25.98699951171875,100,0.0,0.0,0.0
2021-10-07 00:00:00-04:00,26.329999923706055,26.329999923706055,26.176000595092773,26.176000595092773,300,0.0,0.0,0.0
2021-10-08 00:00:00-04:00,26.219999313354492,26.219999313354492,26.1560001373291,26.1560001373291,200,0.0,0.0,0.0
2021-10-11 00:00:00-04:00,26.100000381469727,26.100000381469727,25.951000213623047,25.951000213623047,3100,0.0,0.0,0.0
2021-10-12 00:00:00-04:00,26.010000228881836,26.010000228881836,25.884000778198242,25.884000778198242,1000,0.0,0.0,0.0
2021-10-13 00:00:00-04:00,25.81999969482422,25.97599983215332,25.780000686645508,25.97599983215332,500,0.0,0.0,0.0
2021-10-14 00:00:00-04:00,26.360000610351562,26.399999618530273,26.360000610351562,26.384000778198242,500,0.0,0.0,0.0
2021-10-15 00:00:00-04:00,26.549999237060547,26.621999740600586,26.549999237060547,26.621999740600586,600,0.0,0.0,0.0
2021-10-18 00:00:00-04:00,26.6200008392334,26.71299934387207,26.6200008392334,26.71299934387207,400,0.0,0.0,0.0
2021-10-19 00:00:00-04:00,26.8799991607666,26.886999130249023,26.860000610351562,26.886999130249023,1400,0.0,0.0,0.0
2021-10-20 00:00:00-04:00,27.010000228881836,27.040000915527344,27.0049991607666,27.0049991607666,300,0.0,0.0,0.0
2021-10-21 00:00:00-04:00,27.030000686645508,27.117000579833984,27.025999069213867,27.117000579833984,1600,0.0,0.0,0.0
2021-10-22 00:00:00-04:00,27.1299991607666,27.139999389648438,27.091999053955078,27.091999053955078,400,0.0,0.0,0.0
2021-10-25 00:00:00-04:00,27.094999313354492,27.150999069213867,27.094999313354492,27.150999069213867,200,0.0,0.0,0.0
2021-10-26 00:00:00-04:00,27.301000595092773,27.309999465942383,27.256999969482422,27.256999969482422,3200,0.0,0.0,0.0
2021-10-27 00:00:00-04:00,27.239999771118164,27.280000686645508,27.111000061035156,27.111000061035156,800,0.0,0.0,0.0
2021-10-28 00:00:00-04:00,27.235000610351562,27.312999725341797,27.235000610351562,27.312999725341797,2900,0.0,0.0,0.0
2021-10-29 00:00:00-04:00,27.309999465942383,27.371999740600586,27.309999465942383,27.371999740600586,100,0.0,0.0,0.0
2021-11-01 00:00:00-04:00,27.34000015258789,27.40999984741211,27.34000015258789,27.378000259399414,3500,0.0,0.0,0.0
2021-11-02 00:00:00-04:00,27.43000030517578,27.489999771118164,27.43000030517578,27.468000411987305,3400,0.0,0.0,0.0
2021-11-03 00:00:00-04:00,27.650999069213867,27.691999435424805,27.650999069213867,27.691999435424805,500,0.0,0.0,0.0
2021-11-04 00:00:00-04:00,27.75,27.77899932861328,27.75,27.77899932861328,900,0.0,0.0,0.0
2021-11-05 00:00:00-04:00,27.950000762939453,28.020000457763672,27.8700008392334,27.89699935913086,1300,0.0,0.0,0.0
2021-11-08 00:00:00-05:00,27.969999313354492,27.969999313354492,27.93000030517578,27.933000564575195,1100,0.0,0.0,0.0
2021-11-09 00:00:00-05:00,27.93000030517578,27.93000030517578,27.850000381469727,27.878000259399414,1800,0.0,0.0,0.0
2021-11-10 00:00:00-05:00,27.809999465942383,27.809999465942383,27.639999389648438,27.667999267578125,2600,0.0,0.0,0.0
2021-11-11 00:00:00-05:00,27.739999771118164,27.760000228881836,27.687000274658203,27.687000274658203,2700,0.0,0.0,0.0
2021-11-12 00:00:00-05:00,27.760000228881836,27.937999725341797,27.760000228881836,27.902000427246094,2000,0.0,0.0,0.0
2021-11-15 00:00:00-05:00,27.954999923706055,27.959999084472656,27.915000915527344,27.915000915527344,1100,0.0,0.0,0.0
2021-11-16 00:00:00-05:00,27.969999313354492,28.106000900268555,27.969999313354492,28.066999435424805,500,0.0,0.0,0.0
2021-11-17 00:00:00-05:00,27.989999771118164,28.020000457763672,27.969999313354492,27.974000930786133,3800,0.0,0.0,0.0
2021-11-18 00:00:00-05:00,28.020000457763672,28.038000106811523,27.920000076293945,28.038000106811523,2500,0.0,0.0,0.0
2021-11-19 00:00:00-05:00,28.040000915527344,28.100000381469727,27.988000869750977,27.988000869750977,1900,0.0,0.0,0.0
2021-11-22 00:00:00-05:00,27.989999771118164,28.1200008392334,27.895000457763672,27.895000457763672,1300,0.0,0.0,0.0
2021-11-23 00:00:00-05:00,27.75,27.916000366210938,27.75,27.916000366210938,3800,0.0,0.0,0.0
2021-11-24 00:00:00-05:00,27.95400047302246,27.979000091552734,27.934999465942383,27.979000091552734,2600,0.0,0.0,0.0
2021-11-26 00:00:00-05:00,27.427000045776367,27.450000762939453,27.334999084472656,27.334999084472656,4600,0.0,0.0,0.0
2021-11-29 00:00:00-05:00,27.56999969482422,27.770000457763672,27.520000457763672,27.69300079345703,8200,0.0,0.0,0.0
2021-11-30 00:00:00-05:00,27.520000457763672,27.520000457763672,27.1299991607666,27.1299991607666,3900,0.0,0.0,0.0
2021-12-01 00:00:00-05:00,27.399999618530273,27.399999618530273,26.899999618530273,26.899999618530273,5100,0.0,0.0,0.0
2021-12-02 00:00:00-05:00,27.270000457763672,27.280000686645508,27.16699981689453,27.16699981689453,600,0.0,0.0,0.0
2021-12-03 00:00:00-05:00,27.243999481201172,27.243999481201172,26.799999237060547,26.989999771118164,6000,0.0,0.0,0.0
2021-12-06 00:00:00-05:00,27.34000015258789,27.34000015258789,27.34000015258789,27.34000015258789,700,0.0,0.0,0.0
2021-12-07 00:00:00-05:00,27.844999313354492,27.850000381469727,27.799999237060547,27.83799934387207,2100,0.0,0.0,0.0
2021-12-08 00:00:00-05:00,27.8799991607666,27.95599937438965,27.860000610351562,27.95599937438965,3400,0.0,0.0,0.0
2021-12-09 00:00:00-05:00,27.899999618530273,27.90999984741211,27.780000686645508,27.784000396728516,5400,0.0,0.0,0.0
2021-12-10 00:00:00-05:00,27.860000610351562,27.98699951171875,27.860000610351562,27.98699951171875,1300,0.0,0.0,0.0
2021-12-13 00:00:00-05:00,27.780000686645508,27.795000076293945,27.756999969482422,27.756999969482422,500,0.0,0.0,0.0
2021-12-14 00:00:00-05:00,27.549999237060547,27.549999237060547,27.53700065612793,27.53700065612793,200,0.0,0.0,0.0
2021-12-15 00:00:00-05:00,27.549999237060547,28.018999099731445,27.5,28.018999099731445,1900,0.0,0.0,0.0
2021-12-16 00:00:00-05:00,28.084999084472656,28.084999084472656,27.836000442504883,27.836000442504883,200,0.0,0.0,0.0
2021-12-17 00:00:00-05:00,27.579999923706055,27.6299991607666,27.533000946044922,27.533000946044922,2300,0.0,0.0,0.0
2021-12-20 00:00:00-05:00,27.030000686645508,27.09000015258789,26.900999069213867,27.09000015258789,1400,0.0,0.0,0.0
2021-12-21 00:00:00-05:00,27.350000381469727,27.593000411987305,27.350000381469727,27.593000411987305,2100,0.0,0.0,0.0
2021-12-22 00:00:00-05:00,27.65999984741211,27.868999481201172,27.65999984741211,27.868999481201172,1400,0.0,0.0,0.0
2021-12-23 00:00:00-05:00,27.979999542236328,28.100000381469727,27.979999542236328,28.06999969482422,3100,0.0,0.0,0.0
2021-12-27 00:00:00-05:00,28.1200008392334,28.408000946044922,28.1200008392334,28.408000946044922,4700,0.0,0.0,0.0
2021-12-28 00:00:00-05:00,28.469999313354492,28.485000610351562,28.381000518798828,28.381000518798828,3300,0.0,0.0,0.0
2021-12-29 00:00:00-05:00,28.3799991607666,28.450000762939453,28.3799991607666,28.437999725341797,1600,0.0,0.0,0.0
2021-12-30 00:00:00-05:00,28.479999542236328,28.479999542236328,28.343000411987305,28.343000411987305,2600,0.0,0.0,0.0
2021-12-31 00:00:00-05:00,28.347999572753906,28.350000381469727,28.267000198364258,28.267000198364258,1400,0.0,0.0,0.0
2022-01-03 00:00:00-05:00,28.25,28.43000030517578,28.229999542236328,28.40999984741211,3700,0.0,0.0,0.0
2022-01-04 00:00:00-05:00,28.59000015258789,28.59000015258789,28.399999618530273,28.43600082397461,1100,0.0,0.0,0.0
2022-01-05 00:00:00-05:00,28.399999618530273,28.399999618530273,27.899999618530273,27.910999298095703,3800,0.0,0.0,0.0
2022-01-06 00:00:00-05:00,27.979999542236328,27.979999542236328,27.85700035095215,27.85700035095215,3100,0.0,0.0,0.0
2022-01-07 00:00:00-05:00,27.850000381469727,27.850000381469727,27.790000915527344,27.791000366210938,1600,0.0,0.0,0.0
2022-01-10 00:00:00-05:00,27.450000762939453,27.665000915527344,27.280000686645508,27.665000915527344,6900,0.0,0.0,0.0
2022-01-11 00:00:00-05:00,27.639999389648438,27.950000762939453,27.639999389648438,27.926000595092773,5200,0.0,0.0,0.0
2022-01-12 00:00:00-05:00,28.040000915527344,28.040000915527344,28.027000427246094,28.027000427246094,100,0.0,0.0,0.0
2022-01-13 00:00:00-05:00,28.0,28.0,27.618999481201172,27.618999481201172,700,0.0,0.0,0.0
2022-01-14 00:00:00-05:00,27.459999084472656,27.690000534057617,27.459999084472656,27.690000534057617,400,0.0,0.0,0.0
2022-01-18 00:00:00-05:00,27.360000610351562,27.360000610351562,27.176000595092773,27.176000595092773,3300,0.0,0.0,0.0
2022-01-19 00:00:00-05:00,27.309999465942383,27.399999618530273,26.98900032043457,26.98900032043457,3000,0.0,0.0,0.0
2022-01-20 00:00:00-05:00,27.211000442504883,27.31999969482422,26.663000106811523,26.663000106811523,5400,0.0,0.0,0.0
2022-01-21 00:00:00-05:00,26.6200008392334,26.6200008392334,26.183000564575195,26.183000564575195,3200,0.0,0.0,0.0
2022-01-24 00:00:00-05:00,25.709999084472656,26.177000045776367,25.1299991607666,26.177000045776367,6100,0.0,0.0,0.0
2022-01-25 00:00:00-05:00,25.649999618530273,26.06999969482422,25.649999618530273,25.854999542236328,600,0.0,0.0,0.0
2022-01-26 00:00:00-05:00,26.25,26.34000015258789,25.799999237060547,25.799999237060547,1200,0.0,0.0,0.0
2022-01-27 00:00:00-05:00,26.14900016784668,26.14900016784668,25.700000762939453,25.732999801635742,1200,0.0,0.0,0.0
2022-01-28 00:00:00-05:00,25.719999313354492,26.336000442504883,25.719999313354492,26.336000442504883,4300,0.0,0.0,0.0
2022-01-31 00:00:00-05:00,26.579999923706055,26.871000289916992,26.579999923706055,26.871000289916992,4900,0.0,0.0,0.0
2022-02-01 00:00:00-05:00,26.829999923706055,27.101999282836914,26.829999923706055,27.10099983215332,3000,0.0,0.0,0.0
2022-02-02 00:00:00-05:00,27.270000457763672,27.398000717163086,27.209999084472656,27.398000717163086,16200,0.0,0.0,0.0
2022-02-03 00:00:00-05:00,26.989999771118164,26.989999771118164,26.68000030517578,26.687999725341797,1000,0.0,0.0,0.0
2022-02-04 00:00:00-05:00,26.649999618530273,26.969999313354492,26.649999618530273,26.89299964904785,500,0.0,0.0,0.0
2022-02-07 00:00:00-05:00,26.8700008392334,26.99799919128418,26.729999542236328,26.729999542236328,1700,0.0,0.0,0.0
2022-02-08 00:00:00-05:00,26.719999313354492,27.003000259399414,26.719999313354492,27.003000259399414,1000,0.0,0.0,0.0
2022-02-09 00:00:00-05:00,27.299999237060547,27.357999801635742,27.290000915527344,27.357999801635742,2500,0.0,0.0,0.0
2022-02-10 00:00:00-05:00,27.297000885009766,27.297000885009766,26.915000915527344,26.915000915527344,3600,0.0,0.0,0.0
2022-02-11 00:00:00-05:00,26.920000076293945,27.010000228881836,26.40399932861328,26.40399932861328,1500,0.0,0.0,0.0
2022-02-14 00:00:00-05:00,26.309999465942383,26.309999465942383,26.288000106811523,26.288000106811523,2100,0.0,0.0,0.0
2022-02-15 00:00:00-05:00,26.670000076293945,26.68400001525879,26.540000915527344,26.68400001525879,8900,0.0,0.0,0.0
2022-02-16 00:00:00-05:00,26.551000595092773,26.725000381469727,26.520000457763672,26.725000381469727,500,0.0,0.0,0.0
2022-02-17 00:00:00-05:00,26.34000015258789,26.3700008392334,26.139999389648438,26.139999389648438,300,0.0,0.0,0.0
2022-02-18 00:00:00-05:00,25.920000076293945,25.95599937438965,25.920000076293945,25.95599937438965,300,0.0,0.0,0.0
2022-02-22 00:00:00-05:00,25.795000076293945,25.8700008392334,25.6299991607666,25.684999465942383,10400,0.0,0.0,0.0
2022-02-23 00:00:00-05:00,25.829999923706055,25.829999923706055,25.20199966430664,25.20199966430664,3000,0.0,0.0,0.0
2022-02-24 00:00:00-05:00,24.540000915527344,25.597999572753906,24.540000915527344,25.597999572753906,1600,0.0,0.0,0.0
2022-02-25 00:00:00-05:00,25.700000762939453,26.145999908447266,25.700000762939453,26.145999908447266,5800,0.0,0.0,0.0
2022-02-28 00:00:00-05:00,25.8700008392334,26.170000076293945,25.8700008392334,26.089000701904297,1800,0.0,0.0,0.0
2022-03-01 00:00:00-05:00,26.110000610351562,26.110000610351562,25.63800048828125,25.63800048828125,1600,0.0,0.0,0.0
2022-03-02 00:00:00-05:00,25.899999618530273,26.18000030517578,25.899999618530273,26.118000030517578,1100,0.0,0.0,0.0
2022-03-03 00:00:00-05:00,25.959999084472656,26.100000381469727,25.90399932861328,25.90399932861328,300,0.0,0.0,0.0
2022-03-04 00:00:00-05:00,25.670000076293945,25.670000076293945,25.450000762939453,25.625,1500,0.0,0.0,0.0
2022-03-07 00:00:00-05:00,25.56999969482422,25.56999969482422,24.854999542236328,24.854999542236328,1500,0.0,0.0,0.0
2022-03-08 00:00:00-05:00,24.889999389648438,25.110000610351562,24.694000244140625,24.694000244140625,3400,0.0,0.0,0.0
2022-03-09 00:00:00-05:00,25.42300033569336,25.43000030517578,25.367000579833984,25.367000579833984,300,0.0,0.0,0.0
2022-03-10 00:00:00-05:00,25.270000457763672,25.292999267578125,25.256999969482422,25.292999267578125,300,0.0,0.0,0.0
2022-03-11 00:00:00-05:00,24.95400047302246,24.95400047302246,24.95400047302246,24.95400047302246,100,0.0,0.0,0.0
2022-03-14 00:00:00-04:00,25.06999969482422,25.06999969482422,24.739999771118164,24.756999969482422,700,0.0,0.0,0.0
2022-03-15 00:00:00-04:00,25.325000762939453,25.325000762939453,25.325000762939453,25.325000762939453,100,0.0,0.0,0.0
2022-03-16 00:00:00-04:00,25.565000534057617,25.881999969482422,25.565000534057617,25.881999969482422,200,0.0,0.0,0.0
2022-03-17 00:00:00-04:00,26.049999237060547,26.18899917602539,26.049999237060547,26.18899917602539,200,0.0,0.0,0.0
2022-03-18 00:00:00-04:00,26.219999313354492,26.545000076293945,26.170000076293945,26.545000076293945,600,0.0,0.0,0.0
2022-03-21 00:00:00-04:00,26.579999923706055,26.579999923706055,26.469999313354492,26.510000228881836,600,0.0,0.0,0.0
2022-03-22 00:00:00-04:00,26.5,26.832000732421875,26.5,26.825000762939453,7900,0.0,0.0,0.0
2022-03-23 00:00:00-04:00,26.729999542236328,26.729999542236328,26.51300048828125,26.51300048828125,3500,0.0,0.0,0.0
2022-03-24 00:00:00-04:00,26.739999771118164,26.843000411987305,26.729999542236328,26.843000411987305,900,0.0,0.0,0.0
2022-03-25 00:00:00-04:00,26.94499969482422,26.968000411987305,26.81999969482422,26.968000411987305,800,0.0,0.0,0.0
2022-03-28 00:00:00-04:00,26.899999618530273,27.16200065612793,26.899999618530273,27.16200065612793,400,0.0,0.0,0.0
2022-03-29 00:00:00-04:00,27.469999313354492,27.56999969482422,27.365999221801758,27.54199981689453,2800,0.0,0.0,0.0
2022-03-30 00:00:00-04:00,27.459999084472656,27.459999084472656,27.309999465942383,27.344999313354492,400,0.0,0.0,0.0
2022-03-31 00:00:00-04:00,27.350000381469727,27.350000381469727,27.01099967956543,27.01099967956543,200,0.0,0.0,0.0
2022-04-01 00:00:00-04:00,26.8700008392334,27.03700065612793,26.8700008392334,27.03700065612793,800,0.0,0.0,0.0
2022-04-04 00:00:00-04:00,27.18000030517578,27.2450008392334,27.18000030517578,27.2450008392334,1700,0.0,0.0,0.0
2022-04-05 00:00:00-04:00,27.1299991607666,27.1299991607666,26.899999618530273,26.899999618530273,400,0.0,0.0,0.0
2022-04-06 00:00:00-04:00,26.639999389648438,26.666000366210938,26.5,26.666000366210938,4400,0.0,0.0,0.0
2022-04-07 00:00:00-04:00,26.6299991607666,26.73699951171875,26.594999313354492,26.73699951171875,2300,0.0,0.0,0.0
2022-04-08 00:00:00-04:00,26.63599967956543,26.63599967956543,26.63599967956543,26.63599967956543,100,0.0,0.0,0.0
2022-04-11 00:00:00-04:00,26.34000015258789,26.34000015258789,26.17799949645996,26.17799949645996,900,0.0,0.0,0.0
2022-04-12 00:00:00-04:00,26.08300018310547,26.08300018310547,26.08300018310547,26.08300018310547,100,0.0,0.0,0.0
2022-04-13 00:00:00-04:00,26.40999984741211,26.40999984741211,26.40999984741211,26.40999984741211,100,0.0,0.0,0.0
2022-04-14 00:00:00-04:00,26.139999389648438,26.139999389648438,26.079999923706055,26.079999923706055,700,0.0,0.0,0.0
2022-04-18 00:00:00-04:00,25.979999542236328,26.079999923706055,25.899999618530273,25.989999771118164,4200,0.0,0.0,0.0
2022-04-19 00:00:00-04:00,26.3700008392334,26.5,26.3700008392334,26.45199966430664,1100,0.0,0.0,0.0
2022-04-20 00:00:00-04:00,26.59000015258789,26.59000015258789,26.41900062561035,26.41900062561035,500,0.0,0.0,0.0
2022-04-21 00:00:00-04:00,26.007999420166016,26.007999420166016,26.007999420166016,26.007999420166016,100,0.0,0.0,0.0
2022-04-22 00:00:00-04:00,25.690000534057617,25.690000534057617,25.270000457763672,25.270000457763672,1200,0.0,0.0,0.0
2022-04-25 00:00:00-04:00,25.1299991607666,25.229999542236328,24.959999084472656,25.229999542236328,3700,0.0,0.0,0.0
2022-04-26 00:00:00-04:00,24.90999984741211,24.90999984741211,24.709999084472656,24.709999084472656,700,0.0,0.0,0.0
2022-04-27 00:00:00-04:00,24.790000915527344,24.790000915527344,24.770000457763672,24.770000457763672,400,0.0,0.0,0.0
2022-04-28 00:00:00-04:00,24.94499969482422,25.371000289916992,24.94499969482422,25.371000289916992,200,0.0,0.0,0.0
2022-04-29 00:00:00-04:00,24.780000686645508,24.780000686645508,24.447999954223633,24.447999954223633,1200,0.0,0.0,0.0
2022-05-02 00:00:00-04:00,24.479999542236328,24.58799934387207,24.34000015258789,24.58799934387207,5300,0.0,0.0,0.0
2022-05-03 00:00:00-04:00,24.704999923706055,24.707000732421875,24.704999923706055,24.707000732421875,600,0.0,0.0,0.0
2022-05-04 00:00:00-04:00,25.40999984741211,25.417999267578125,25.40999984741211,25.417999267578125,300,0.0,0.0,0.0
2022-05-05 00:00:00-04:00,24.575000762939453,24.59000015258789,24.399999618530273,24.496999740600586,2000,0.0,0.0,0.0
2022-05-06 00:00:00-04:00,24.389999389648438,24.489999771118164,24.059999465942383,24.37299919128418,4800,0.0,0.0,0.0
2022-05-09 00:00:00-04:00,24.0,24.0,23.55299949645996,23.55299949645996,5000,0.0,0.0,0.0
2022-05-10 00:00:00-04:00,23.41200065612793,23.600000381469727,23.399999618530273,23.600000381469727,9600,0.0,0.0,0.0
2022-05-11 00:00:00-04:00,23.59000015258789,23.59000015258789,23.187000274658203,23.187000274658203,900,0.0,0.0,0.0
2022-05-12 00:00:00-04:00,22.993999481201172,23.107999801635742,22.829999923706055,23.107999801635742,4100,0.0,0.0,0.0
2022-05-13 00:00:00-04:00,23.739999771118164,23.84000015258789,23.690000534057617,23.746999740600586,900,0.0,0.0,0.0
2022-05-16 00:00:00-04:00,23.700000762939453,23.81999969482422,23.549999237060547,23.638999938964844,2700,0.0,0.0,0.0
2022-05-17 00:00:00-04:00,23.959999084472656,24.107999801635742,23.959999084472656,24.107999801635742,100,0.0,0.0,0.0
2022-05-18 00:00:00-04:00,23.5,23.5,23.142000198364258,23.142000198364258,200,0.0,0.0,0.0
2022-05-19 00:00:00-04:00,23.139999389648438,23.139999389648438,23.08799934387207,23.08799934387207,1100,0.0,0.0,0.0
2022-05-20 00:00:00-04:00,22.69499969482422,23.04400062561035,22.69499969482422,23.04400062561035,100,0.0,0.0,0.0
2022-05-23 00:00:00-04:00,23.25,23.520000457763672,23.229999542236328,23.488000869750977,2800,0.0,0.0,0.0
2022-05-24 00:00:00-04:00,23.266000747680664,23.266000747680664,23.266000747680664,23.266000747680664,100,0.0,0.0,0.0
2022-05-25 00:00:00-04:00,23.489999771118164,23.489999771118164,23.489999771118164,23.489999771118164,100,0.0,0.0,0.0
2022-05-26 00:00:00-04:00,23.989999771118164,23.989999771118164,23.988000869750977,23.988000869750977,300,0.0,0.0,0.0
2022-05-27 00:00:00-04:00,24.3700008392334,24.554000854492188,24.3700008392334,24.554000854492188,1000,0.0,0.0,0.0
2022-05-31 00:00:00-04:00,24.5,24.540000915527344,24.440000534057617,24.440000534057617,1600,0.0,0.0,0.0
2022-06-01 00:00:00-04:00,24.165000915527344,24.399999618530273,24.165000915527344,24.290000915527344,1400,0.0,0.0,0.0
2022-06-02 00:00:00-04:00,24.488000869750977,24.777000427246094,24.488000869750977,24.777000427246094,500,0.0,0.0,0.0
2022-06-03 00:00:00-04:00,24.34000015258789,24.37299919128418,24.34000015258789,24.37299919128418,100,0.0,0.0,0.0
2022-06-06 00:00:00-04:00,24.475000381469727,24.475000381469727,24.475000381469727,24.475000381469727,100,0.0,0.0,0.0
2022-06-07 00:00:00-04:00,24.31999969482422,24.700000762939453,24.31999969482422,24.700000762939453,3900,0.0,0.0,0.0
2022-06-08 00:00:00-04:00,24.639999389648438,24.65999984741211,24.441999435424805,24.441999435424805,1300,0.0,0.0,0.0
2022-06-09 00:00:00-04:00,24.280000686645508,24.34000015258789,23.868000030517578,23.868000030517578,400,0.0,0.0,0.0
2022-06-10 00:00:00-04:00,23.30299949645996,23.30299949645996,23.179000854492188,23.179000854492188,400,0.0,0.0,0.0
2022-06-13 00:00:00-04:00,22.299999237060547,22.299999237060547,22.191999435424805,22.191999435424805,600,0.0,0.0,0.0
2022-06-14 00:00:00-04:00,22.299999237060547,22.299999237060547,22.1200008392334,22.14299964904785,2300,0.0,0.0,0.0
2022-06-15 00:00:00-04:00,22.329999923706055,22.549999237060547,22.329999923706055,22.51799964904785,200,0.0,0.0,0.0
2022-06-16 00:00:00-04:00,21.77400016784668,21.8799991607666,21.73200035095215,21.73200035095215,2200,0.0,0.0,0.0
2022-06-17 00:00:00-04:00,21.659000396728516,21.871000289916992,21.659000396728516,21.871000289916992,400,0.0,0.0,0.0
2022-06-21 00:00:00-04:00,22.209999084472656,22.420000076293945,22.209999084472656,22.364999771118164,3500,0.0,0.0,0.0
2022-06-22 00:00:00-04:00,22.469999313354492,22.559999465942383,22.3799991607666,22.402999877929688,1900,0.0,0.0,0.0
2022-06-23 00:00:00-04:00,22.579999923706055,22.579999923706055,22.350000381469727,22.572999954223633,2200,0.0,0.0,0.0
2022-06-24 00:00:00-04:00,23.139999389648438,23.280000686645508,23.13800048828125,23.280000686645508,1200,0.0,0.0,0.0
2022-06-27 00:00:00-04:00,23.299999237060547,23.299999237060547,23.15999984741211,23.19099998474121,3400,0.0,0.0,0.0
2022-06-28 00:00:00-04:00,23.450000762939453,23.450000762939453,22.729999542236328,22.729999542236328,3600,0.0,0.0,0.0
2022-06-29 00:00:00-04:00,22.700000762939453,22.736000061035156,22.700000762939453,22.736000061035156,1300,0.0,0.0,0.0
2022-06-30 00:00:00-04:00,22.459999084472656,22.459999084472656,22.459999084472656,22.459999084472656,100,0.0,0.0,0.0
2022-07-01 00:00:00-04:00,22.459999084472656,22.746999740600586,22.459999084472656,22.746999740600586,100,0.0,0.0,0.0
2022-07-05 00:00:00-04:00,22.349000930786133,22.820999145507812,22.349000930786133,22.820999145507812,1400,0.0,0.0,0.0
2022-07-06 00:00:00-04:00,22.729999542236328,22.93000030517578,22.729999542236328,22.909000396728516,2000,0.0,0.0,0.0
2022-07-07 00:00:00-04:00,23.26099967956543,23.26099967956543,23.26099967956543,23.26099967956543,100,0.0,0.0,0.0
2022-07-08 00:00:00-04:00,23.309999465942383,23.309999465942383,23.26799964904785,23.26799964904785,100,0.0,0.0,0.0
2022-07-11 00:00:00-04:00,23.0,23.0,22.944000244140625,22.944000244140625,300,0.0,0.0,0.0
2022-07-12 00:00:00-04:00,22.889999389648438,22.889999389648438,22.759000778198242,22.759000778198242,3700,0.0,0.0,0.0
2022-07-13 00:00:00-04:00,22.639999389648438,22.670000076293945,22.639999389648438,22.670000076293945,200,0.0,0.0,0.0
2022-07-14 00:00:00-04:00,22.170000076293945,22.58099937438965,22.170000076293945,22.58099937438965,1900,0.0,0.0,0.0
2022-07-15 00:00:00-04:00,22.990999221801758,22.990999221801758,22.990999221801758,22.990999221801758,100,0.0,0.0,0.0
2022-07-18 00:00:00-04:00,22.94300079345703,22.94300079345703,22.83300018310547,22.83300018310547,3100,0.0,0.0,0.0
2022-07-19 00:00:00-04:00,23.290000915527344,23.479999542236328,23.290000915527344,23.479999542236328,100,0.0,0.0,0.0
2022-07-20 00:00:00-04:00,23.649999618530273,23.649999618530273,23.641000747680664,23.641000747680664,200,0.0,0.0,0.0
2022-07-21 00:00:00-04:00,23.892000198364258,23.892000198364258,23.892000198364258,23.892000198364258,100,0.0,0.0,0.0
2022-07-22 00:00:00-04:00,23.690000534057617,23.690000534057617,23.530000686645508,23.655000686645508,2200,0.0,0.0,0.0
2022-07-25 00:00:00-04:00,23.6200008392334,23.676000595092773,23.6200008392334,23.676000595092773,100,0.0,0.0,0.0
2022-07-26 00:00:00-04:00,23.520000457763672,23.520000457763672,23.360000610351562,23.413000106811523,900,0.0,0.0,0.0
2022-07-27 00:00:00-04:00,24.041000366210938,24.041000366210938,24.041000366210938,24.041000366210938,100,0.0,0.0,0.0
2022-07-28 00:00:00-04:00,23.888999938964844,24.339000701904297,23.8799991607666,24.316999435424805,21000,0.0,0.0,0.0
2022-07-29 00:00:00-04:00,24.549999237060547,24.68899917602539,24.549999237060547,24.68899917602539,2200,0.0,0.0,0.0
2022-08-01 00:00:00-04:00,24.65999984741211,24.65999984741211,24.613000869750977,24.613000869750977,700,0.0,0.0,0.0
2022-08-02 00:00:00-04:00,24.549999237060547,24.549999237060547,24.474000930786133,24.474000930786133,400,0.0,0.0,0.0
2022-08-03 00:00:00-04:00,24.780000686645508,24.90999984741211,24.780000686645508,24.893999099731445,10600,0.0,0.0,0.0
2022-08-04 00:00:00-04:00,24.920000076293945,24.920000076293945,24.860000610351562,24.867000579833984,1600,0.0,0.0,0.0
2022-08-05 00:00:00-04:00,24.770000457763672,24.823999404907227,24.770000457763672,24.823999404907227,200,0.0,0.0,0.0
2022-08-08 00:00:00-04:00,25.06999969482422,25.06999969482422,24.770000457763672,24.78499984741211,5900,0.0,0.0,0.0
2022-08-09 00:00:00-04:00,24.65399932861328,24.65399932861328,24.65399932861328,24.65399932861328,100,0.0,0.0,0.0
2022-08-10 00:00:00-04:00,25.149999618530273,25.209999084472656,25.1200008392334,25.191999435424805,800,0.0,0.0,0.0
2022-08-11 00:00:00-04:00,25.3700008392334,25.389999389648438,25.14900016784668,25.14900016784668,4600,0.0,0.0,0.0
2022-08-12 00:00:00-04:00,25.440000534057617,25.583999633789062,25.440000534057617,25.583999633789062,600,0.0,0.0,0.0
2022-08-15 00:00:00-04:00,25.670000076293945,25.75,25.670000076293945,25.7189998626709,1400,0.0,0.0,0.0
2022-08-16 00:00:00-04:00,25.6200008392334,25.799999237060547,25.6200008392334,25.77400016784668,2100,0.0,0.0,0.0
2022-08-17 00:00:00-04:00,25.600000381469727,25.714000701904297,25.59000015258789,25.614999771118164,9100,0.0,0.0,0.0
2022-08-18 00:00:00-04:00,25.599000930786133,25.65999984741211,25.599000930786133,25.639999389648438,4800,0.0,0.0,0.0
2022-08-19 00:00:00-04:00,25.31800079345703,25.31999969482422,25.30900001525879,25.30900001525879,1500,0.0,0.0,0.0
2022-08-22 00:00:00-04:00,24.950000762939453,24.950000762939453,24.756999969482422,24.756999969482422,1200,0.0,0.0,0.0
2022-08-23 00:00:00-04:00,24.739999771118164,24.739999771118164,24.691999435424805,24.691999435424805,500,0.0,0.0,0.0
2022-08-24 00:00:00-04:00,24.71500015258789,24.81999969482422,24.71500015258789,24.77400016784668,4600,0.0,0.0,0.0
2022-08-25 00:00:00-04:00,24.989999771118164,25.110000610351562,24.989999771118164,25.106000900268555,2100,0.0,0.0,0.0
2022-08-26 00:00:00-04:00,24.5,24.5,24.288000106811523,24.288000106811523,3000,0.0,0.0,0.0
2022-08-29 00:00:00-04:00,24.139999389648438,24.195999145507812,24.121999740600586,24.121999740600586,1700,0.0,0.0,0.0
2022-08-30 00:00:00-04:00,24.100000381469727,24.100000381469727,23.790000915527344,23.809999465942383,1800,0.0,0.0,0.0
2022-08-31 00:00:00-04:00,23.68600082397461,23.68600082397461,23.68600082397461,23.68600082397461,500,0.0,0.0,0.0
2022-09-01 00:00:00-04:00,23.510000228881836,23.690000534057617,23.510000228881836,23.690000534057617,1800,0.0,0.0,0.0
2022-09-02 00:00:00-04:00,23.56999969482422,23.56999969482422,23.39299964904785,23.437000274658203,11100,0.0,0.0,0.0
2022-09-06 00:00:00-04:00,23.43000030517578,23.43000030517578,23.35099983215332,23.35099983215332,1300,0.0,0.0,0.0
2022-09-07 00:00:00-04:00,23.3700008392334,23.829999923706055,23.3700008392334,23.808000564575195,3600,0.0,0.0,0.0
2022-09-08 00:00:00-04:00,23.950000762939453,23.959999084472656,23.8799991607666,23.95199966430664,1600,0.0,0.0,0.0
2022-09-09 00:00:00-04:00,24.299999237060547,24.399999618530273,24.299999237060547,24.371000289916992,3300,0.0,0.0,0.0
2022-09-12 00:00:00-04:00,24.610000610351562,24.617000579833984,24.530000686645508,24.617000579833984,2000,0.0,0.0,0.0
2022-09-13 00:00:00-04:00,24.020000457763672,24.020000457763672,23.56800079345703,23.56800079345703,1800,0.0,0.0,0.0
2022-09-14 00:00:00-04:00,23.639999389648438,23.65999984741211,23.56999969482422,23.62700080871582,2300,0.0,0.0,0.0
2022-09-15 00:00:00-04:00,23.56999969482422,23.639999389648438,23.3799991607666,23.4060001373291,8200,0.0,0.0,0.0
2022-09-16 00:00:00-04:00,23.219999313354492,23.219999313354492,23.010000228881836,23.195999145507812,10800,0.0,0.0,0.0
2022-09-19 00:00:00-04:00,23.1200008392334,23.33300018310547,23.1200008392334,23.33300018310547,1200,0.0,0.0,0.0
2022-09-20 00:00:00-04:00,23.1200008392334,23.190000534057617,23.06999969482422,23.08300018310547,3000,0.0,0.0,0.0
2022-09-21 00:00:00-04:00,22.729999542236328,22.729999542236328,22.729999542236328,22.729999542236328,100,0.0,0.0,0.0
2022-09-22 00:00:00-04:00,22.559999465942383,22.56999969482422,22.459999084472656,22.49799919128418,2900,0.0,0.0,0.0
2022-09-23 00:00:00-04:00,22.229999542236328,22.229999542236328,21.865999221801758,22.062999725341797,8700,0.0,0.0,0.0
2022-09-26 00:00:00-04:00,22.239999771118164,22.260000228881836,21.829999923706055,21.913999557495117,6300,0.0,0.0,0.0
2022-09-27 00:00:00-04:00,21.690000534057617,21.83799934387207,21.690000534057617,21.83799934387207,2400,0.0,0.0,0.0
2022-09-28 00:00:00-04:00,22.312000274658203,22.312000274658203,22.312000274658203,22.312000274658203,0,0.0,0.0,0.0
2022-09-29 00:00:00-04:00,21.695999145507812,21.816999435424805,21.649999618530273,21.816999435424805,1100,0.0,0.0,0.0
2022-09-30 00:00:00-04:00,21.799999237060547,21.799999237060547,21.5049991607666,21.5049991607666,2100,0.0,0.0,0.0
2022-10-03 00:00:00-04:00,21.940000534057617,22.014999389648438,21.940000534057617,22.014999389648438,200,0.0,0.0,0.0
2022-10-04 00:00:00-04:00,22.65999984741211,22.709999084472656,22.600000381469727,22.701000213623047,8000,0.0,0.0,0.0
2022-10-05 00:00:00-04:00,22.5,22.770000457763672,22.489999771118164,22.663999557495117,4100,0.0,0.0,0.0
2022-10-06 00:00:00-04:00,22.510000228881836,22.510000228881836,22.454999923706055,22.454999923706055,600,0.0,0.0,0.0
2022-10-07 00:00:00-04:00,21.940000534057617,21.940000534057617,21.808000564575195,21.808000564575195,600,0.0,0.0,0.0
2022-10-10 00:00:00-04:00,21.549999237060547,21.648000717163086,21.549999237060547,21.648000717163086,200,0.0,0.0,0.0
2022-10-11 00:00:00-04:00,21.520000457763672,21.520000457763672,21.43000030517578,21.45599937438965,800,0.0,0.0,0.0
2022-10-12 00:00:00-04:00,21.409000396728516,21.409000396728516,21.409000396728516,21.409000396728516,100,0.0,0.0,0.0
2022-10-13 00:00:00-04:00,20.959999084472656,22.010000228881836,20.959999084472656,21.947999954223633,2600,0.0,0.0,0.0
2022-10-14 00:00:00-04:00,21.600000381469727,21.600000381469727,21.426000595092773,21.426000595092773,200,0.0,0.0,0.0
2022-10-17 00:00:00-04:00,21.979999542236328,22.040000915527344,21.979999542236328,22.000999450683594,200,0.0,0.0,0.0
2022-10-18 00:00:00-04:00,22.110000610351562,22.239999771118164,22.110000610351562,22.239999771118164,200,0.0,0.0,0.0
2022-10-19 00:00:00-04:00,22.246999740600586,22.246999740600586,21.93000030517578,22.06399917602539,3900,0.0,0.0,0.0
2022-10-20 00:00:00-04:00,22.01799964904785,22.1560001373291,21.889999389648438,21.89900016784668,3800,0.0,0.0,0.0
2022-10-21 00:00:00-04:00,22.309999465942383,22.389999389648438,22.309999465942383,22.389999389648438,100,0.0,0.0,0.0
2022-10-24 00:00:00-04:00,22.459999084472656,22.75,22.459999084472656,22.645000457763672,11700,0.0,0.0,0.0
2022-10-25 00:00:00-04:00,22.739999771118164,23.04800033569336,22.739999771118164,23.04800033569336,2000,0.0,0.0,0.0
2022-10-26 00:00:00-04:00,22.799999237060547,23.009000778198242,22.799999237060547,22.867000579833984,4500,0.0,0.0,0.0
2022-10-27 00:00:00-04:00,22.770000457763672,22.770000457763672,22.714000701904297,22.714000701904297,200,0.0,0.0,0.0
2022-10-28 00:00:00-04:00,22.940000534057617,23.298999786376953,22.940000534057617,23.298999786376953,2200,0.0,0.0,0.0
2022-10-31 00:00:00-04:00,23.1200008392334,23.216999053955078,23.1200008392334,23.15999984741211,33900,0.0,0.0,0.0
2022-11-01 00:00:00-04:00,23.239999771118164,23.239999771118164,23.010000228881836,23.042999267578125,5800,0.0,0.0,0.0
2022-11-02 00:00:00-04:00,23.18000030517578,23.18000030517578,22.459999084472656,22.459999084472656,500,0.0,0.0,0.0
2022-11-03 00:00:00-04:00,22.170000076293945,22.31999969482422,22.170000076293945,22.21500015258789,5300,0.0,0.0,0.0
2022-11-04 00:00:00-04:00,22.479999542236328,22.479999542236328,22.360000610351562,22.46299934387207,8200,0.0,0.0,0.0
2022-11-07 00:00:00-05:00,22.549999237060547,22.75,22.549999237060547,22.714000701904297,2600,0.0,0.0,0.0
2022-11-08 00:00:00-05:00,22.700000762939453,22.940000534057617,22.62299919128418,22.84600067138672,23500,0.0,0.0,0.0
2022-11-09 00:00:00-05:00,22.7549991607666,22.7549991607666,22.350000381469727,22.35099983215332,7700,0.0,0.0,0.0
2022-11-10 00:00:00-05:00,23.25,23.59000015258789,23.25,23.59000015258789,9900,0.0,0.0,0.0
2022-11-11 00:00:00-05:00,23.81599998474121,23.81599998474121,23.81599998474121,23.81599998474121,0,0.0,0.0,0.0
2022-11-14 00:00:00-05:00,23.790000915527344,23.790000915527344,23.611000061035156,23.611000061035156,300,0.0,0.0,0.0
2022-11-15 00:00:00-05:00,23.959999084472656,23.959999084472656,23.812999725341797,23.812999725341797,3100,0.0,0.0,0.0
2022-11-16 00:00:00-05:00,23.729999542236328,23.729999542236328,23.652999877929688,23.652999877929688,1400,0.0,0.0,0.0
2022-11-17 00:00:00-05:00,23.59000015258789,23.59000015258789,23.489999771118164,23.510000228881836,2000,0.0,0.0,0.0
2022-11-18 00:00:00-05:00,23.530000686645508,23.625999450683594,23.530000686645508,23.625999450683594,4700,0.0,0.0,0.0
2022-11-21 00:00:00-05:00,23.56999969482422,23.56999969482422,23.56999969482422,23.56999969482422,100,0.0,0.0,0.0
2022-11-22 00:00:00-05:00,23.809999465942383,23.900999069213867,23.809999465942383,23.900999069213867,16400,0.0,0.0,0.0
2022-11-23 00:00:00-05:00,24.079999923706055,24.079999923706055,24.04199981689453,24.04199981689453,600,0.0,0.0,0.0
2022-11-25 00:00:00-05:00,24.08300018310547,24.08300018310547,24.045000076293945,24.045000076293945,2200,0.0,0.0,0.0
2022-11-28 00:00:00-05:00,23.8799991607666,23.8799991607666,23.68199920654297,23.68199920654297,800,0.0,0.0,0.0
2022-11-29 00:00:00-05:00,23.700000762939453,23.700000762939453,23.6200008392334,23.625,2200,0.0,0.0,0.0
2022-11-30 00:00:00-05:00,23.639999389648438,24.35099983215332,23.59000015258789,24.35099983215332,1900,0.0,0.0,0.0
2022-12-01 00:00:00-05:00,24.422000885009766,24.422000885009766,24.391000747680664,24.391000747680664,2100,0.0,0.0,0.0
2022-12-02 00:00:00-05:00,24.110000610351562,24.40999984741211,24.110000610351562,24.347000122070312,3300,0.0,0.0,0.0
2022-12-05 00:00:00-05:00,24.152000427246094,24.152000427246094,23.8799991607666,23.90399932861328,3200,0.0,0.0,0.0
2022-12-06 00:00:00-05:00,23.6299991607666,23.6299991607666,23.479999542236328,23.56800079345703,800,0.0,0.0,0.0
2022-12-07 00:00:00-05:00,23.530000686645508,23.579999923706055,23.479999542236328,23.51799964904785,4400,0.0,0.0,0.0
2022-12-08 00:00:00-05:00,23.680999755859375,23.680999755859375,23.680999755859375,23.680999755859375,100,0.0,0.0,0.0
2022-12-09 00:00:00-05:00,23.690000534057617,23.69300079345703,23.520000457763672,23.520000457763672,2200,0.0,0.0,0.0
2022-12-12 00:00:00-05:00,23.601999282836914,23.836999893188477,23.601999282836914,23.836999893188477,3200,0.0,0.0,0.0
2022-12-13 00:00:00-05:00,24.3799991607666,24.3799991607666,24.010000228881836,24.048999786376953,6800,0.0,0.0,0.0
2022-12-14 00:00:00-05:00,24.23900032043457,24.25,23.799999237060547,23.927000045776367,6300,0.0,0.0,0.0
2022-12-15 00:00:00-05:00,23.280000686645508,23.34000015258789,23.219999313354492,23.299999237060547,2900,0.0,0.0,0.0
2022-12-16 00:00:00-05:00,22.959999084472656,23.110000610351562,22.950000762939453,23.07200050354004,2200,0.0,0.0,0.0
2022-12-19 00:00:00-05:00,22.93000030517578,22.93000030517578,22.836999893188477,22.836999893188477,1800,0.0,0.0,0.0
2022-12-20 00:00:00-05:00,22.68000030517578,22.68000030517578,22.610000610351562,22.614999771118164,6200,0.0,0.0,0.0
2022-12-21 00:00:00-05:00,22.75,22.94700050354004,22.75,22.94700050354004,1400,0.0,0.0,0.0
2022-12-22 00:00:00-05:00,22.5,22.611000061035156,22.34000015258789,22.611000061035156,1000,0.0,0.0,0.0
2022-12-23 00:00:00-05:00,22.579999923706055,22.750999450683594,22.579999923706055,22.750999450683594,500,0.0,0.0,0.0
2022-12-27 00:00:00-05:00,22.75,22.75,22.610000610351562,22.663000106811523,6200,0.0,0.0,0.0
2022-12-28 00:00:00-05:00,22.634000778198242,22.634000778198242,22.39699935913086,22.39699935913086,4800,0.0,0.0,0.0
2022-12-29 00:00:00-05:00,22.489999771118164,22.829999923706055,22.489999771118164,22.797000885009766,9000,0.0,0.0,0.0
2022-12-30 00:00:00-05:00,22.68000030517578,22.716999053955078,22.68000030517578,22.716999053955078,6300,0.0,0.0,0.0
2023-01-03 00:00:00-05:00,22.63800048828125,22.63800048828125,22.63800048828125,22.63800048828125,100,0.0,0.0,0.0
2023-01-04 00:00:00-05:00,22.799999237060547,22.8799991607666,22.709999084472656,22.777999877929688,3400,0.0,0.0,0.0
2023-01-05 00:00:00-05:00,22.489999771118164,22.65999984741211,22.489999771118164,22.517000198364258,4100,0.0,0.0,0.0
2023-01-06 00:00:00-05:00,23.027000427246094,23.027000427246094,23.027000427246094,23.027000427246094,100,0.0,0.0,0.0
2023-01-09 00:00:00-05:00,23.329999923706055,23.360000610351562,23.045000076293945,23.045000076293945,800,0.0,0.0,0.0
2023-01-10 00:00:00-05:00,23.040000915527344,23.18400001525879,23.040000915527344,23.18400001525879,2200,0.0,0.0,0.0
2023-01-11 00:00:00-05:00,23.260000228881836,23.479999542236328,23.260000228881836,23.479999542236328,1400,0.0,0.0,0.0
2023-01-12 00:00:00-05:00,23.503999710083008,23.65999984741211,23.503999710083008,23.58300018310547,1500,0.0,0.0,0.0
2023-01-13 00:00:00-05:00,23.547000885009766,23.70800018310547,23.547000885009766,23.70800018310547,2600,0.0,0.0,0.0
2023-01-17 00:00:00-05:00,23.739999771118164,23.739999771118164,23.684999465942383,23.684999465942383,2800,0.0,0.0,0.0
2023-01-18 00:00:00-05:00,23.33300018310547,23.33300018310547,23.33300018310547,23.33300018310547,100,0.0,0.0,0.0
2023-01-19 00:00:00-05:00,23.239999771118164,23.263999938964844,23.174999237060547,23.174999237060547,300,0.0,0.0,0.0
2023-01-20 00:00:00-05:00,23.280000686645508,23.573999404907227,23.260000228881836,23.573999404907227,30300,0.0,0.0,0.0
2023-01-23 00:00:00-05:00,23.86199951171875,23.989999771118164,23.86199951171875,23.871000289916992,3300,0.0,0.0,0.0
2023-01-24 00:00:00-05:00,23.775999069213867,23.858999252319336,23.75,23.858999252319336,3800,0.0,0.0,0.0
2023-01-25 00:00:00-05:00,23.68000030517578,23.823999404907227,23.68000030517578,23.823999404907227,400,0.0,0.0,0.0
2023-01-26 00:00:00-05:00,23.93000030517578,24.106000900268555,23.93000030517578,24.106000900268555,300,0.0,0.0,0.0
2023-01-27 00:00:00-05:00,24.209999084472656,24.299999237060547,24.187999725341797,24.187999725341797,600,0.0,0.0,0.0
2023-01-30 00:00:00-05:00,23.97800064086914,23.97800064086914,23.871000289916992,23.871000289916992,400,0.0,0.0,0.0
2023-01-31 00:00:00-05:00,24.040000915527344,24.20800018310547,24.040000915527344,24.20800018310547,500,0.0,0.0,0.0
2023-02-01 00:00:00-05:00,24.165000915527344,24.540000915527344,24.165000915527344,24.4950008392334,400,0.0,0.0,0.0
2023-02-02 00:00:00-05:00,24.829999923706055,24.829999923706055,24.700000762939453,24.79199981689453,1400,0.0,0.0,0.0
2023-02-03 00:00:00-05:00,24.700000762939453,24.753999710083008,24.559999465942383,24.56999969482422,1000,0.0,0.0,0.0
2023-02-06 00:00:00-05:00,24.479999542236328,24.479999542236328,24.399999618530273,24.40399932861328,800,0.0,0.0,0.0
2023-02-07 00:00:00-05:00,24.34000015258789,24.764999389648438,24.34000015258789,24.764999389648438,3900,0.0,0.0,0.0
2023-02-08 00:00:00-05:00,24.59000015258789,24.59000015258789,24.496999740600586,24.496999740600586,1200,0.0,0.0,0.0
2023-02-09 00:00:00-05:00,24.469999313354492,24.479999542236328,24.308000564575195,24.308000564575195,4200,0.0,0.0,0.0
2023-02-10 00:00:00-05:00,24.235000610351562,24.332000732421875,24.235000610351562,24.332000732421875,500,0.0,0.0,0.0
2023-02-13 00:00:00-05:00,24.399999618530273,24.597999572753906,24.399999618530273,24.597999572753906,500,0.0,0.0,0.0
2023-02-14 00:00:00-05:00,24.739999771118164,24.739999771118164,24.450000762939453,24.674999237060547,1200,0.0,0.0,0.0
2023-02-15 00:00:00-05:00,24.56999969482422,24.68000030517578,24.510000228881836,24.68000030517578,9000,0.0,0.0,0.0
2023-02-16 00:00:00-05:00,24.399999618530273,24.399999618530273,24.356000900268555,24.356000900268555,300,0.0,0.0,0.0
2023-02-17 00:00:00-05:00,24.25,24.257999420166016,24.25,24.257999420166016,700,0.0,0.0,0.0
2023-02-21 00:00:00-05:00,24.030000686645508,24.030000686645508,23.80299949645996,23.80299949645996,1300,0.0,0.0,0.0
2023-02-22 00:00:00-05:00,23.860000610351562,23.860000610351562,23.75,23.75,4400,0.0,0.0,0.0
2023-02-23 00:00:00-05:00,23.940000534057617,23.940000534057617,23.924999237060547,23.934999465942383,2200,0.0,0.0,0.0
2023-02-24 00:00:00-05:00,23.520000457763672,23.673999786376953,23.520000457763672,23.673999786376953,1400,0.0,0.0,0.0
2023-02-27 00:00:00-05:00,23.90999984741211,23.93000030517578,23.7450008392334,23.7450008392334,2300,0.0,0.0,0.0
2023-02-28 00:00:00-05:00,23.75,23.75,23.709999084472656,23.709999084472656,1400,0.0,0.0,0.0
2023-03-01 00:00:00-05:00,23.549999237060547,23.577999114990234,23.549999237060547,23.577999114990234,300,0.0,0.0,0.0
2023-03-02 00:00:00-05:00,23.56999969482422,23.790000915527344,23.559999465942383,23.790000915527344,3300,0.0,0.0,0.0
2023-03-03 00:00:00-05:00,24.167999267578125,24.167999267578125,24.167999267578125,24.167999267578125,100,0.0,0.0,0.0
2023-03-06 00:00:00-05:00,24.219999313354492,24.30699920654297,24.194000244140625,24.194000244140625,3800,0.0,0.0,0.0
2023-03-07 00:00:00-05:00,24.079999923706055,24.079999923706055,23.840999603271484,23.840999603271484,1700,0.0,0.0,0.0
2023-03-08 00:00:00-05:00,23.885000228881836,23.899999618530273,23.829999923706055,23.871999740600586,1200,0.0,0.0,0.0
2023-03-09 00:00:00-05:00,24.0,24.0,23.440000534057617,23.440000534057617,900,0.0,0.0,0.0
2023-03-10 00:00:00-05:00,23.170000076293945,23.170000076293945,22.989999771118164,23.040000915527344,300,0.0,0.0,0.0
2023-03-13 00:00:00-04:00,22.81999969482422,23.190000534057617,22.81999969482422,22.964000701904297,28900,0.0,0.0,0.0
2023-03-14 00:00:00-04:00,23.3799991607666,23.399999618530273,23.280000686645508,23.399999618530273,3200,0.0,0.0,0.0
2023-03-15 00:00:00-04:00,23.110000610351562,23.21500015258789,23.110000610351562,23.21500015258789,1000,0.0,0.0,0.0
2023-03-16 00:00:00-04:00,23.149999618530273,23.701000213623047,23.149999618530273,23.701000213623047,2600,0.0,0.0,0.0
2023-03-17 00:00:00-04:00,23.610000610351562,23.610000610351562,23.451000213623047,23.451000213623047,200,0.0,0.0,0.0
2023-03-20 00:00:00-04:00,23.64699935913086,23.64699935913086,23.64699935913086,23.64699935913086,200,0.0,0.0,0.0
2023-03-21 00:00:00-04:00,23.899999618530273,24.0,23.899999618530273,23.98200035095215,800,0.0,0.0,0.0
2023-03-22 00:00:00-04:00,23.648000717163086,23.648000717163086,23.648000717163086,23.648000717163086,100,0.0,0.0,0.0
2023-03-23 00:00:00-04:00,23.780000686645508,23.84000015258789,23.711999893188477,23.711999893188477,500,0.0,0.0,0.0
2023-03-24 00:00:00-04:00,23.530000686645508,23.76099967956543,23.530000686645508,23.76099967956543,400,0.0,0.0,0.0
2023-03-27 00:00:00-04:00,23.8799991607666,23.895000457763672,23.798999786376953,23.819000244140625,1500,0.0,0.0,0.0
2023-03-28 00:00:00-04:00,23.719999313354492,23.753999710083008,23.719999313354492,23.753999710083008,1700,0.0,0.0,0.0
2023-03-29 00:00:00-04:00,24.030000686645508,24.08099937438965,24.020000457763672,24.08099937438965,200,0.0,0.0,0.0
2023-03-30 00:00:00-04:00,24.22599983215332,24.22599983215332,24.22599983215332,24.22599983215332,100,0.0,0.0,0.0
2023-03-31 00:00:00-04:00,24.31999969482422,24.55699920654297,24.31999969482422,24.55699920654297,900,0.0,0.0,0.0
2023-04-03 00:00:00-04:00,24.520000457763672,24.67799949645996,24.520000457763672,24.67799949645996,300,0.0,0.0,0.0
2023-04-04 00:00:00-04:00,24.709999084472656,24.709999084472656,24.49799919128418,24.525999069213867,5100,0.0,0.0,0.0
2023-04-05 00:00:00-04:00,24.3799991607666,24.482999801635742,24.3799991607666,24.482999801635742,400,0.0,0.0,0.0
2023-04-06 00:00:00-04:00,24.420000076293945,24.600000381469727,24.420000076293945,24.575000762939453,9400,0.0,0.0,0.0
2023-04-10 00:00:00-04:00,24.459999084472656,24.594999313354492,24.43000030517578,24.594999313354492,1000,0.0,0.0,0.0
2023-04-11 00:00:00-04:00,24.639999389648438,24.670000076293945,24.60099983215332,24.60099983215332,3000,0.0,0.0,0.0
2023-04-12 00:00:00-04:00,24.649999618530273,24.760000228881836,24.518999099731445,24.518999099731445,2200,0.0,0.0,0.0
2023-04-13 00:00:00-04:00,24.635000228881836,24.8799991607666,24.6299991607666,24.861000061035156,2300,0.0,0.0,0.0
2023-04-14 00:00:00-04:00,24.934999465942383,24.934999465942383,24.719999313354492,24.81399917602539,2300,0.0,0.0,0.0
2023-04-17 00:00:00-04:00,24.780000686645508,24.87700080871582,24.739999771118164,24.87700080871582,3800,0.0,0.0,0.0
2023-04-18 00:00:00-04:00,24.860000610351562,24.930999755859375,24.85099983215332,24.930999755859375,2100,0.0,0.0,0.0
2023-04-19 00:00:00-04:00,24.940000534057617,24.940000534057617,24.926000595092773,24.926000595092773,200,0.0,0.0,0.0
2023-04-20 00:00:00-04:00,24.81999969482422,24.8799991607666,24.7450008392334,24.798999786376953,800,0.0,0.0,0.0
2023-04-21 00:00:00-04:00,24.8700008392334,24.8700008392334,24.829999923706055,24.844999313354492,500,0.0,0.0,0.0
2023-04-24 00:00:00-04:00,24.81999969482422,24.854000091552734,24.75,24.847999572753906,700,0.0,0.0,0.0
2023-04-25 00:00:00-04:00,24.700000762939453,24.700000762939453,24.47599983215332,24.47599983215332,500,0.0,0.0,0.0
2023-04-26 00:00:00-04:00,24.530000686645508,24.530000686645508,24.3700008392334,24.422000885009766,15600,0.0,0.0,0.0
2023-04-27 00:00:00-04:00,24.75,24.899999618530273,24.75,24.885000228881836,800,0.0,0.0,0.0
2023-04-28 00:00:00-04:00,24.829999923706055,25.091999053955078,24.829999923706055,25.091999053955078,1000,0.0,0.0,0.0
2023-05-01 00:00:00-04:00,25.040000915527344,25.209999084472656,25.040000915527344,25.1200008392334,13500,0.0,0.0,0.0
2023-05-02 00:00:00-04:00,24.985000610351562,24.985000610351562,24.68000030517578,24.840999603271484,10900,0.0,0.0,0.0
2023-05-03 00:00:00-04:00,24.850000381469727,24.8799991607666,24.66699981689453,24.66699981689453,6900,0.0,0.0,0.0
2023-05-04 00:00:00-04:00,24.600000381469727,24.6200008392334,24.479999542236328,24.479999542236328,2300,0.0,0.0,0.0
2023-05-05 00:00:00-04:00,24.860000610351562,24.989999771118164,24.84000015258789,24.929000854492188,1100,0.0,0.0,0.0
2023-05-08 00:00:00-04:00,24.930999755859375,24.969999313354492,24.93000030517578,24.966999053955078,2700,0.0,0.0,0.0
2023-05-09 00:00:00-04:00,24.84000015258789,24.920000076293945,24.84000015258789,24.860000610351562,26200,0.0,0.0,0.0
2023-05-10 00:00:00-04:00,25.09000015258789,25.09000015258789,24.899999618530273,24.98900032043457,4400,0.0,0.0,0.0
2023-05-11 00:00:00-04:00,24.961000442504883,24.961000442504883,24.961000442504883,24.961000442504883,100,0.0,0.0,0.0
2023-05-12 00:00:00-04:00,25.010000228881836,25.010000228881836,24.899999618530273,24.917999267578125,3100,0.0,0.0,0.0
2023-05-15 00:00:00-04:00,24.940000534057617,24.996999740600586,24.940000534057617,24.996999740600586,2600,0.0,0.0,0.0
2023-05-16 00:00:00-04:00,24.950000762939453,24.950000762939453,24.878999710083008,24.878999710083008,600,0.0,0.0,0.0
2023-05-17 00:00:00-04:00,25.013999938964844,25.18000030517578,25.0049991607666,25.170000076293945,5200,0.0,0.0,0.0
2023-05-18 00:00:00-04:00,25.309999465942383,25.41699981689453,25.299999237060547,25.41699981689453,1300,0.0,0.0,0.0
2023-05-19 00:00:00-04:00,25.350000381469727,25.385000228881836,25.350000381469727,25.385000228881836,100,0.0,0.0,0.0
2023-05-22 00:00:00-04:00,25.422000885009766,25.422000885009766,25.37700080871582,25.37700080871582,2000,0.0,0.0,0.0
2023-05-23 00:00:00-04:00,25.31999969482422,25.31999969482422,25.093000411987305,25.093000411987305,5100,0.0,0.0,0.0
2023-05-24 00:00:00-04:00,24.891000747680664,24.934999465942383,24.891000747680664,24.908000946044922,600,0.0,0.0,0.0
2023-05-25 00:00:00-04:00,25.139999389648438,25.270000457763672,25.139999389648438,25.207000732421875,1700,0.0,0.0,0.0
2023-05-26 00:00:00-04:00,25.59000015258789,25.59000015258789,25.59000015258789,25.59000015258789,200,0.0,0.0,0.0
2023-05-30 00:00:00-04:00,25.700000762939453,25.709999084472656,25.54400062561035,25.54400062561035,4800,0.0,0.0,0.0
2023-05-31 00:00:00-04:00,25.35099983215332,25.402000427246094,25.35099983215332,25.402000427246094,300,0.0,0.0,0.0
2023-06-01 00:00:00-04:00,25.3700008392334,25.639999389648438,25.3700008392334,25.636999130249023,3700,0.0,0.0,0.0
2023-06-02 00:00:00-04:00,26.003000259399414,26.003000259399414,26.003000259399414,26.003000259399414,300,0.0,0.0,0.0
2023-06-05 00:00:00-04:00,26.010000228881836,26.06999969482422,25.954999923706055,25.954999923706055,3300,0.0,0.0,0.0
2023-06-06 00:00:00-04:00,25.950000762939453,26.006000518798828,25.93899917602539,26.006000518798828,2400,0.0,0.0,0.0
2023-06-07 00:00:00-04:00,25.854999542236328,25.8799991607666,25.839000701904297,25.839000701904297,300,0.0,0.0,0.0
2023-06-08 00:00:00-04:00,25.961999893188477,26.027000427246094,25.961999893188477,26.027000427246094,500,0.0,0.0,0.0
2023-06-09 00:00:00-04:00,26.170000076293945,26.170000076293945,26.06100082397461,26.06100082397461,1200,0.0,0.0,0.0
2023-06-12 00:00:00-04:00,26.100000381469727,26.266000747680664,26.100000381469727,26.266000747680664,3700,0.0,0.0,0.0
2023-06-13 00:00:00-04:00,26.450000762939453,26.483999252319336,26.389999389648438,26.440000534057617,2300,0.0,0.0,0.0
2023-06-14 00:00:00-04:00,26.524999618530273,26.524999618530273,26.299999237060547,26.459999084472656,1100,0.0,0.0,0.0
2023-06-15 00:00:00-04:00,26.729999542236328,26.80299949645996,26.729999542236328,26.80299949645996,1900,0.0,0.0,0.0
2023-06-16 00:00:00-04:00,27.020000457763672,27.020000457763672,26.69700050354004,26.69700050354004,300,0.0,0.0,0.0
2023-06-20 00:00:00-04:00,26.549999237060547,26.649999618530273,26.540000915527344,26.599000930786133,29600,0.0,0.0,0.0
2023-06-21 00:00:00-04:00,26.489999771118164,26.530000686645508,26.41900062561035,26.454999923706055,6700,0.0,0.0,0.0
2023-06-22 00:00:00-04:00,26.489999771118164,26.552000045776367,26.440000534057617,26.552000045776367,3000,0.0,0.0,0.0
2023-06-23 00:00:00-04:00,26.399999618530273,26.399999618530273,26.363000869750977,26.378000259399414,2600,0.0,0.0,0.0
2023-06-26 00:00:00-04:00,26.350000381469727,26.350000381469727,26.246999740600586,26.246999740600586,700,0.0,0.0,0.0
2023-06-27 00:00:00-04:00,26.56999969482422,26.56999969482422,26.535999298095703,26.535999298095703,600,0.0,0.0,0.0
2023-06-28 00:00:00-04:00,26.516000747680664,26.516000747680664,26.516000747680664,26.516000747680664,100,0.0,0.0,0.0
2023-06-29 00:00:00-04:00,26.639999389648438,26.66699981689453,26.639999389648438,26.66699981689453,300,0.0,0.0,0.0
2023-06-30 00:00:00-04:00,26.979999542236328,27.040000915527344,26.940000534057617,27.040000915527344,4600,0.0,0.0,0.0
2023-07-03 00:00:00-04:00,26.989999771118164,27.02400016784668,26.975000381469727,27.02400016784668,400,0.0,0.0,0.0
2023-07-05 00:00:00-04:00,26.920000076293945,27.010000228881836,26.920000076293945,26.979000091552734,1300,0.0,0.0,0.0
2023-07-06 00:00:00-04:00,26.68000030517578,26.7810001373291,26.68000030517578,26.7810001373291,1500,0.0,0.0,0.0
2023-07-07 00:00:00-04:00,26.707000732421875,26.707000732421875,26.707000732421875,26.707000732421875,100,0.0,0.0,0.0
2023-07-10 00:00:00-04:00,26.649999618530273,26.739999771118164,26.649999618530273,26.735000610351562,8200,0.0,0.0,0.0
2023-07-11 00:00:00-04:00,26.799999237060547,26.93400001525879,26.799999237060547,26.93400001525879,3000,0.0,0.0,0.0
2023-07-12 00:00:00-04:00,27.100000381469727,27.209999084472656,27.100000381469727,27.13599967956543,4100,0.0,0.0,0.0
2023-07-13 00:00:00-04:00,27.329999923706055,27.43000030517578,27.329999923706055,27.41200065612793,9000,0.0,0.0,0.0
2023-07-14 00:00:00-04:00,27.43000030517578,27.48200035095215,27.385000228881836,27.385000228881836,4300,0.0,0.0,0.0
2023-07-17 00:00:00-04:00,27.440000534057617,27.517000198364258,27.440000534057617,27.517000198364258,23000,0.0,0.0,0.0
2023-07-18 00:00:00-04:00,27.530000686645508,27.739999771118164,27.530000686645508,27.714000701904297,8600,0.0,0.0,0.0
2023-07-19 00:00:00-04:00,27.850000381469727,27.850000381469727,27.75,27.788999557495117,1900,0.0,0.0,0.0
2023-07-20 00:00:00-04:00,27.700000762939453,27.700000762939453,27.549999237060547,27.555999755859375,3200,0.0,0.0,0.0
2023-07-21 00:00:00-04:00,27.579999923706055,27.579999923706055,27.566999435424805,27.566999435424805,400,0.0,0.0,0.0
2023-07-24 00:00:00-04:00,27.649999618530273,27.65999984741211,27.649999618530273,27.649999618530273,1500,0.0,0.0,0.0
2023-07-25 00:00:00-04:00,27.684999465942383,27.829999923706055,27.684999465942383,27.764999389648438,7500,0.0,0.0,0.0
2023-07-26 00:00:00-04:00,27.760000228881836,27.850000381469727,27.68899917602539,27.750999450683594,3400,0.0,0.0,0.0
2023-07-27 00:00:00-04:00,27.954999923706055,27.954999923706055,27.607999801635742,27.607999801635742,12700,0.0,0.0,0.0
2023-07-28 00:00:00-04:00,27.889999389648438,27.90999984741211,27.844999313354492,27.89299964904785,2700,0.0,0.0,0.0
2023-07-31 00:00:00-04:00,27.940000534057617,27.940000534057617,27.860000610351562,27.891000747680664,6500,0.0,0.0,0.0
2023-08-01 00:00:00-04:00,27.760000228881836,27.899999618530273,27.760000228881836,27.868999481201172,8600,0.0,0.0,0.0
2023-08-02 00:00:00-04:00,27.65999984741211,27.65999984741211,27.469999313354492,27.488000869750977,3700,0.0,0.0,0.0
2023-08-03 00:00:00-04:00,27.459999084472656,27.489999771118164,27.440000534057617,27.447999954223633,2600,0.0,0.0,0.0
2023-08-04 00:00:00-04:00,27.57699966430664,27.614999771118164,27.292999267578125,27.292999267578125,4500,0.0,0.0,0.0
2023-08-07 00:00:00-04:00,27.3799991607666,27.542999267578125,27.3799991607666,27.542999267578125,1500,0.0,0.0,0.0
2023-08-08 00:00:00-04:00,27.309999465942383,27.45800018310547,27.270000457763672,27.45800018310547,1600,0.0,0.0,0.0
2023-08-09 00:00:00-04:00,27.360000610351562,27.440000534057617,27.250999450683594,27.250999450683594,8000,0.0,0.0,0.0
2023-08-10 00:00:00-04:00,27.399999618530273,27.399999618530273,27.25,27.268999099731445,1500,0.0,0.0,0.0
2023-08-11 00:00:00-04:00,27.239999771118164,27.25,27.20199966430664,27.20199966430664,500,0.0,0.0,0.0
2023-08-14 00:00:00-04:00,27.200000762939453,27.364999771118164,27.200000762939453,27.364999771118164,17200,0.0,0.0,0.0
2023-08-15 00:00:00-04:00,27.10700035095215,27.10700035095215,27.10700035095215,27.10700035095215,200,0.0,0.0,0.0
2023-08-16 00:00:00-04:00,27.139999389648438,27.139999389648438,26.92099952697754,26.92099952697754,4400,0.0,0.0,0.0
2023-08-17 00:00:00-04:00,26.97800064086914,26.97800064086914,26.649999618530273,26.697999954223633,7800,0.0,0.0,0.0
2023-08-18 00:00:00-04:00,26.649999618530273,26.68600082397461,26.649999618530273,26.68600082397461,12900,0.0,0.0,0.0
2023-08-21 00:00:00-04:00,26.809999465942383,26.902000427246094,26.72800064086914,26.902000427246094,22700,0.0,0.0,0.0
2023-08-22 00:00:00-04:00,26.799999237060547,26.84000015258789,26.799999237060547,26.81100082397461,6400,0.0,0.0,0.0
2023-08-23 00:00:00-04:00,26.889999389648438,27.110000610351562,26.889999389648438,27.0939998626709,2600,0.0,0.0,0.0
2023-08-24 00:00:00-04:00,26.969999313354492,26.969999313354492,26.760000228881836,26.761999130249023,5700,0.0,0.0,0.0
2023-08-25 00:00:00-04:00,26.739999771118164,26.913999557495117,26.739999771118164,26.913999557495117,400,0.0,0.0,0.0
2023-08-28 00:00:00-04:00,27.020000457763672,27.083999633789062,26.969999313354492,27.083999633789062,5600,0.0,0.0,0.0
2023-08-29 00:00:00-04:00,27.274999618530273,27.46500015258789,27.260000228881836,27.46500015258789,900,0.0,0.0,0.0
2023-08-30 00:00:00-04:00,27.579999923706055,27.610000610351562,27.56999969482422,27.591999053955078,23000,0.0,0.0,0.0
2023-08-31 00:00:00-04:00,27.676000595092773,27.68000030517578,27.591999053955078,27.618000030517578,15200,0.0,0.0,0.0
2023-09-01 00:00:00-04:00,27.799999237060547,27.799999237060547,27.610000610351562,27.638999938964844,4500,0.0,0.0,0.0
2023-09-05 00:00:00-04:00,27.604000091552734,27.6200008392334,27.549999237060547,27.549999237060547,1400,0.0,0.0,0.0
2023-09-06 00:00:00-04:00,27.3439998626709,27.351999282836914,27.3439998626709,27.351999282836914,200,0.0,0.0,0.0
2023-09-07 00:00:00-04:00,27.25,27.299999237060547,27.25,27.283000946044922,1000,0.0,0.0,0.0
2023-09-08 00:00:00-04:00,27.34000015258789,27.34000015258789,27.299999237060547,27.316999435424805,3900,0.0,0.0,0.0
2023-09-11 00:00:00-04:00,27.489999771118164,27.489999771118164,27.489999771118164,27.489999771118164,800,0.0,0.0,0.0
2023-09-12 00:00:00-04:00,27.489999771118164,27.489999771118164,27.360000610351562,27.368999481201172,3300,0.0,0.0,0.0
2023-09-13 00:00:00-04:00,27.416000366210938,27.450000762939453,27.399999618530273,27.402000427246094,2100,0.0,0.0,0.0
2023-09-14 00:00:00-04:00,27.520000457763672,27.649999618530273,27.5,27.607999801635742,1900,0.0,0.0,0.0
2023-09-15 00:00:00-04:00,27.469999313354492,27.469999313354492,27.260000228881836,27.27199935913086,2200,0.0,0.0,0.0
2023-09-18 00:00:00-04:00,27.260000228881836,27.332000732421875,27.25,27.29199981689453,2400,0.0,0.0,0.0
2023-09-19 00:00:00-04:00,27.200000762939453,27.25,27.200000762939453,27.24799919128418,1100,0.0,0.0,0.0
2023-09-20 00:00:00-04:00,27.290000915527344,27.290000915527344,27.0,27.000999450683594,3000,0.0,0.0,0.0
2023-09-21 00:00:00-04:00,26.829999923706055,26.829999923706055,26.549999237060547,26.559999465942383,4800,0.0,0.0,0.0
2023-09-22 00:00:00-04:00,26.610000610351562,26.690000534057617,26.510000228881836,26.510000228881836,3700,0.0,0.0,0.0
2023-09-25 00:00:00-04:00,26.559999465942383,26.610000610351562,26.530000686645508,26.597999572753906,5600,0.0,0.0,0.0
2023-09-26 00:00:00-04:00,26.45400047302246,26.45400047302246,26.201000213623047,26.229000091552734,3500,0.0,0.0,0.0
2023-09-27 00:00:00-04:00,26.215999603271484,26.215999603271484,26.215999603271484,26.215999603271484,200,0.0,0.0,0.0
2023-09-28 00:00:00-04:00,26.209999084472656,26.440000534057617,26.209999084472656,26.374000549316406,1100,0.0,0.0,0.0
2023-09-29 00:00:00-04:00,26.290000915527344,26.3700008392334,26.290000915527344,26.30299949645996,700,0.0,0.0,0.0
2023-10-02 00:00:00-04:00,26.299999237060547,26.31999969482422,26.229999542236328,26.31599998474121,1700,0.0,0.0,0.0
2023-10-03 00:00:00-04:00,26.0,26.0,25.856000900268555,25.906999588012695,2700,0.0,0.0,0.0
2023-10-04 00:00:00-04:00,26.010000228881836,26.159000396728516,26.010000228881836,26.159000396728516,700,0.0,0.0,0.0
2023-10-05 00:00:00-04:00,26.118999481201172,26.118999481201172,26.118999481201172,26.118999481201172,0,0.0,0.0,0.0
2023-10-06 00:00:00-04:00,26.030000686645508,26.520000457763672,26.014999389648438,26.454999923706055,9700,0.0,0.0,0.0
2023-10-09 00:00:00-04:00,26.389999389648438,26.6200008392334,26.3799991607666,26.60099983215332,6500,0.0,0.0,0.0
2023-10-10 00:00:00-04:00,26.739999771118164,26.886999130249023,26.739999771118164,26.753999710083008,8200,0.0,0.0,0.0
2023-10-11 00:00:00-04:00,26.799999237060547,26.878000259399414,26.764999389648438,26.878000259399414,17400,0.0,0.0,0.0
2023-10-12 00:00:00-04:00,26.940000534057617,26.940000534057617,26.72100067138672,26.72100067138672,7300,0.0,0.0,0.0
2023-10-13 00:00:00-04:00,26.797000885009766,26.797000885009766,26.524999618530273,26.57900047302246,1800,0.0,0.0,0.0
2023-10-16 00:00:00-04:00,26.729999542236328,26.900999069213867,26.729999542236328,26.900999069213867,1000,0.0,0.0,0.0
2023-10-17 00:00:00-04:00,26.709999084472656,26.90999984741211,26.709999084472656,26.847999572753906,1100,0.0,0.0,0.0
2023-10-18 00:00:00-04:00,26.642000198364258,26.670000076293945,26.513999938964844,26.513999938964844,3200,0.0,0.0,0.0
2023-10-19 00:00:00-04:00,26.540000915527344,26.559999465942383,26.280000686645508,26.315000534057617,2900,0.0,0.0,0.0
2023-10-20 00:00:00-04:00,26.25,26.270000457763672,25.969999313354492,25.969999313354492,2500,0.0,0.0,0.0
2023-10-23 00:00:00-04:00,26.0,26.04400062561035,25.92099952697754,25.92099952697754,900,0.0,0.0,0.0
2023-10-24 00:00:00-04:00,26.06999969482422,26.152000427246094,26.020000457763672,26.152000427246094,2600,0.0,0.0,0.0
2023-10-25 00:00:00-04:00,25.889999389648438,25.979999542236328,25.739999771118164,25.739999771118164,30000,0.0,0.0,0.0
2023-10-26 00:00:00-04:00,25.68000030517578,25.690000534057617,25.360000610351562,25.40999984741211,17600,0.0,0.0,0.0
2023-10-27 00:00:00-04:00,25.549999237060547,25.549999237060547,25.309999465942383,25.31999969482422,1200,0.0,0.0,0.0
2023-10-30 00:00:00-04:00,25.59000015258789,25.670000076293945,25.575000762939453,25.645999908447266,1300,0.0,0.0,0.0
2023-10-31 00:00:00-04:00,25.6560001373291,25.780000686645508,25.614999771118164,25.780000686645508,1400,0.0,0.0,0.0
2023-11-01 00:00:00-04:00,25.8700008392334,26.09000015258789,25.8700008392334,26.09000015258789,1000,0.0,0.0,0.0
2023-11-02 00:00:00-04:00,26.3799991607666,26.56999969482422,26.3799991607666,26.56599998474121,97600,0.0,0.0,0.0
2023-11-03 00:00:00-04:00,26.75,26.8439998626709,26.75,26.80299949645996,56500,0.0,0.0,0.0
2023-11-06 00:00:00-05:00,26.90999984741211,26.90999984741211,26.829999923706055,26.84600067138672,3900,0.0,0.0,0.0
2023-11-07 00:00:00-05:00,26.920000076293945,27.010000228881836,26.920000076293945,26.958999633789062,11500,0.0,0.0,0.0
2023-11-08 00:00:00-05:00,27.049999237060547,27.049999237060547,27.02199935913086,27.02199935913086,1000,0.0,0.0,0.0
2023-11-09 00:00:00-05:00,27.024999618530273,27.079999923706055,26.799999237060547,26.850000381469727,98600,0.0,0.0,0.0
2023-11-10 00:00:00-05:00,26.950000762939453,27.239999771118164,26.885000228881836,27.229999542236328,2200,0.0,0.0,0.0
2023-11-13 00:00:00-05:00,27.139999389648438,27.290000915527344,27.139999389648438,27.222000122070312,17800,0.0,0.0,0.0
2023-11-14 00:00:00-05:00,27.649999618530273,27.790000915527344,27.636999130249023,27.711000442504883,30600,0.0,0.0,0.0
2023-11-15 00:00:00-05:00,27.760000228881836,27.850000381469727,27.71500015258789,27.753000259399414,27200,0.0,0.0,0.0
2023-11-16 00:00:00-05:00,27.809999465942383,27.84000015258789,27.684999465942383,27.81999969482422,725000,0.0,0.0,0.0
2023-11-17 00:00:00-05:00,27.90999984741211,27.90999984741211,27.790000915527344,27.841999053955078,7300,0.0,0.0,0.0
2023-11-20 00:00:00-05:00,27.84000015258789,28.1200008392334,27.84000015258789,28.05500030517578,10500,0.0,0.0,0.0
2023-11-21 00:00:00-05:00,28.049999237060547,28.06999969482422,27.989999771118164,28.059999465942383,11200,0.0,0.0,0.0
2023-11-22 00:00:00-05:00,28.209999084472656,28.209999084472656,28.139999389648438,28.170000076293945,8900,0.0,0.0,0.0
2023-11-24 00:00:00-05:00,28.170000076293945,28.18000030517578,28.149999618530273,28.166000366210938,7800,0.0,0.0,0.0
2023-11-27 00:00:00-05:00,28.030000686645508,28.18000030517578,28.030000686645508,28.148000717163086,8600,0.0,0.0,0.0
2023-11-28 00:00:00-05:00,28.1299991607666,28.225000381469727,28.0939998626709,28.13800048828125,53700,0.0,0.0,0.0
2023-11-29 00:00:00-05:00,28.299999237060547,28.31999969482422,28.055999755859375,28.06599998474121,60500,0.0,0.0,0.0
2023-11-30 00:00:00-05:00,28.079999923706055,28.18400001525879,28.030000686645508,28.18400001525879,11300,0.0,0.0,0.0
2023-12-01 00:00:00-05:00,28.209999084472656,28.344999313354492,28.209999084472656,28.344999313354492,6800,0.0,0.0,0.0
2023-12-04 00:00:00-05:00,28.209999084472656,28.209999084472656,28.06999969482422,28.191999435424805,15000,0.0,0.0,0.0
2023-12-05 00:00:00-05:00,28.110000610351562,28.231000900268555,28.110000610351562,28.174999237060547,9400,0.0,0.0,0.0
2023-12-06 00:00:00-05:00,28.3700008392334,28.3700008392334,28.100000381469727,28.110000610351562,529400,0.0,0.0,0.0
2023-12-07 00:00:00-05:00,28.174999237060547,28.290000915527344,28.170000076293945,28.275999069213867,16400,0.0,0.0,0.0
2023-12-08 00:00:00-05:00,28.270000457763672,28.420000076293945,28.266000747680664,28.400999069213867,8600,0.0,0.0,0.0
2023-12-11 00:00:00-05:00,28.450000762939453,28.549999237060547,28.420000076293945,28.549999237060547,18200,0.0,0.0,0.0
2023-12-12 00:00:00-05:00,28.6200008392334,28.719999313354492,28.600000381469727,28.714000701904297,15200,0.0,0.0,0.0
2023-12-13 00:00:00-05:00,28.780000686645508,29.100000381469727,28.719999313354492,29.100000381469727,208900,0.0,0.0,0.0
2023-12-14 00:00:00-05:00,29.299999237060547,29.299999237060547,28.989999771118164,29.15999984741211,14100,0.0,0.0,0.0
2023-12-15 00:00:00-05:00,29.18000030517578,29.200000762939453,29.110000610351562,29.18000030517578,12300,0.0,0.0,0.0
2023-12-18 00:00:00-05:00,29.31999969482422,29.360000610351562,29.270000457763672,29.34000015258789,77500,0.0,0.0,0.0
2023-12-19 00:00:00-05:00,29.3700008392334,29.485000610351562,29.3700008392334,29.485000610351562,14300,0.0,0.0,0.0
2023-12-20 00:00:00-05:00,29.389999389648438,29.420000076293945,28.979999542236328,28.979999542236328,16800,0.0,0.0,0.0
2023-12-21 00:00:00-05:00,29.187999725341797,29.25,29.035999298095703,29.25,13000,0.0,0.0,0.0
2023-12-22 00:00:00-05:00,29.34000015258789,29.389999389648438,29.253999710083008,29.280000686645508,16700,0.0,0.0,0.0
2023-12-26 00:00:00-05:00,29.350000381469727,29.40999984741211,29.34000015258789,29.40999984741211,7000,0.0,0.0,0.0
2023-12-27 00:00:00-05:00,29.43000030517578,29.440000534057617,29.371999740600586,29.41200065612793,9700,0.0,0.0,0.0
2023-12-28 00:00:00-05:00,29.510000228881836,29.520000457763672,29.459999084472656,29.459999084472656,14200,0.0,0.0,0.0
2023-12-29 00:00:00-05:00,29.469999313354492,29.469999313354492,29.280000686645508,29.399999618530273,8600,0.0,0.0,0.0
2024-01-02 00:00:00-05:00,29.239999771118164,29.239999771118164,29.100000381469727,29.190000534057617,18300,0.0,0.0,0.0
2024-01-03 00:00:00-05:00,29.049999237060547,29.104999542236328,28.979999542236328,28.979999542236328,21800,0.0,0.0,0.0
2024-01-04 00:00:00-05:00,28.989999771118164,29.114999771118164,28.899999618530273,28.899999618530273,8200,0.0,0.0,0.0
2024-01-05 00:00:00-05:00,29.0,29.0,28.899999618530273,28.954999923706055,18600,0.0,0.0,0.0
2024-01-08 00:00:00-05:00,29.010000228881836,29.3700008392334,29.010000228881836,29.3700008392334,7300,0.0,0.0,0.0
2024-01-09 00:00:00-05:00,29.260000228881836,29.43000030517578,29.174999237060547,29.31999969482422,751200,0.0,0.0,0.0
2024-01-10 00:00:00-05:00,29.389999389648438,29.549999237060547,29.360000610351562,29.514999389648438,36400,0.0,0.0,0.0
2024-01-11 00:00:00-05:00,29.59000015258789,29.59000015258789,29.30500030517578,29.510000228881836,14700,0.0,0.0,0.0
2024-01-12 00:00:00-05:00,29.649999618530273,29.65999984741211,29.46500015258789,29.56999969482422,27600,0.0,0.0,0.0
2024-01-16 00:00:00-05:00,29.489999771118164,29.549999237060547,29.31999969482422,29.459999084472656,40200,0.0,0.0,0.0
2024-01-17 00:00:00-05:00,29.290000915527344,29.315000534057617,29.149999618530273,29.290000915527344,44800,0.0,0.0,0.0
2024-01-18 00:00:00-05:00,29.361000061035156,29.549999237060547,29.299999237060547,29.540000915527344,137800,0.0,0.0,0.0
2024-01-19 00:00:00-05:00,29.610000610351562,29.920000076293945,29.59000015258789,29.889999389648438,49700,0.0,0.0,0.0
2024-01-22 00:00:00-05:00,30.059999465942383,30.079999923706055,29.989999771118164,29.993000030517578,10500,0.0,0.0,0.0
2024-01-23 00:00:00-05:00,30.010000228881836,30.079999923706055,29.969999313354492,30.065000534057617,15100,0.0,0.0,0.0
2024-01-24 00:00:00-05:00,30.329999923706055,30.350000381469727,30.149999618530273,30.149999618530273,19900,0.0,0.0,0.0
2024-01-25 00:00:00-05:00,30.31999969482422,30.31999969482422,30.1299991607666,30.260000228881836,18900,0.0,0.0,0.0
2024-01-26 00:00:00-05:00,30.219999313354492,30.34000015258789,30.219999313354492,30.25,10000,0.0,0.0,0.0
2024-01-29 00:00:00-05:00,30.31999969482422,30.739999771118164,30.280000686645508,30.739999771118164,414000,0.0,0.0,0.0
2024-01-30 00:00:00-05:00,30.600000381469727,30.600000381469727,30.459999084472656,30.516000747680664,10500,0.0,0.0,0.0
2024-01-31 00:00:00-05:00,30.34000015258789,30.384000778198242,30.07699966430664,30.07699966430664,9300,0.0,0.0,0.0
2024-02-01 00:00:00-05:00,30.187000274658203,30.389999389648438,30.149999618530273,30.389999389648438,17300,0.0,0.0,0.0
2024-02-02 00:00:00-05:00,30.4950008392334,30.81999969482422,30.489999771118164,30.799999237060547,7900,0.0,0.0,0.0
2024-02-05 00:00:00-05:00,30.770000457763672,30.770000457763672,30.559999465942383,30.709999084472656,41600,0.0,0.0,0.0
2024-02-06 00:00:00-05:00,30.659000396728516,30.739999771118164,30.6299991607666,30.738000869750977,55100,0.0,0.0,0.0
2024-02-07 00:00:00-05:00,30.850000381469727,31.030000686645508,30.850000381469727,31.020000457763672,11200,0.0,0.0,0.0
2024-02-08 00:00:00-05:00,31.059999465942383,31.059999465942383,30.989999771118164,31.02899932861328,33300,0.0,0.0,0.0
2024-02-09 00:00:00-05:00,31.149999618530273,31.260000228881836,31.110000610351562,31.260000228881836,10000,0.0,0.0,0.0
2024-02-12 00:00:00-05:00,31.299999237060547,31.358999252319336,31.18000030517578,31.208999633789062,22200,0.0,0.0,0.0
2024-02-13 00:00:00-05:00,30.809999465942383,30.920000076293945,30.60300064086914,30.809999465942383,19000,0.0,0.0,0.0
2024-02-14 00:00:00-05:00,31.030000686645508,31.139999389648438,30.860000610351562,31.139999389648438,26200,0.0,0.0,0.0
2024-02-15 00:00:00-05:00,31.190000534057617,31.299999237060547,31.190000534057617,31.29800033569336,3200,0.0,0.0,0.0
2024-02-16 00:00:00-05:00,31.28499984741211,31.34000015258789,31.15999984741211,31.18000030517578,4900,0.0,0.0,0.0
2024-02-20 00:00:00-05:00,31.09000015258789,31.09000015258789,30.865999221801758,30.969999313354492,12200,0.0,0.0,0.0
2024-02-21 00:00:00-05:00,30.8700008392334,31.020000457763672,30.790000915527344,31.020000457763672,104700,0.0,0.0,0.0
2024-02-22 00:00:00-05:00,31.459999084472656,31.704999923706055,31.43000030517578,31.670000076293945,57300,0.0,0.0,0.0
2024-02-23 00:00:00-05:00,31.850000381469727,31.850000381469727,31.700000762939453,31.739999771118164,12500,0.0,0.0,0.0
2024-02-26 00:00:00-05:00,31.780000686645508,31.780000686645508,31.6299991607666,31.6299991607666,18700,0.0,0.0,0.0
2024-02-27 00:00:00-05:00,31.690000534057617,31.690000534057617,31.520000457763672,31.670000076293945,17800,0.0,0.0,0.0
2024-02-28 00:00:00-05:00,31.55500030517578,31.600000381469727,31.51799964904785,31.56999969482422,5300,0.0,0.0,0.0
2024-02-29 00:00:00-05:00,31.700000762939453,31.809999465942383,31.610000610351562,31.770000457763672,7400,0.0,0.0,0.0
2024-03-01 00:00:00-05:00,31.799999237060547,32.040000915527344,31.760000228881836,32.03900146484375,9100,0.0,0.0,0.0
2024-03-04 00:00:00-05:00,32.08000183105469,32.125,32.01300048828125,32.02199935913086,10300,0.0,0.0,0.0
2024-03-05 00:00:00-05:00,31.940000534057617,31.969999313354492,31.53499984741211,31.969999313354492,33500,0.0,0.0,0.0
2024-03-06 00:00:00-05:00,31.860000610351562,31.989999771118164,31.790000915527344,31.84000015258789,40300,0.0,0.0,0.0
2024-03-07 00:00:00-05:00,32.04999923706055,32.25,32.04999923706055,32.236000061035156,10900,0.0,0.0,0.0
2024-03-08 00:00:00-05:00,32.310001373291016,32.380001068115234,31.969999313354492,31.979999542236328,14500,0.0,0.0,0.0
2024-03-11 00:00:00-04:00,31.899999618530273,31.90399932861328,31.739999771118164,31.875,23100,0.0,0.0,0.0
2024-03-12 00:00:00-04:00,32.0,32.27000045776367,31.915000915527344,32.27000045776367,54000,0.0,0.0,0.0
2024-03-13 00:00:00-04:00,32.22999954223633,32.2599983215332,32.17499923706055,32.22999954223633,11300,0.0,0.0,0.0
2024-03-14 00:00:00-04:00,32.09000015258789,32.15999984741211,31.989999771118164,32.130001068115234,18000,0.0,0.0,0.0
2024-03-15 00:00:00-04:00,31.899999618530273,32.029998779296875,31.8700008392334,31.920000076293945,27100,0.0,0.0,0.0
2024-03-18 00:00:00-04:00,32.209999084472656,32.26499938964844,32.099998474121094,32.099998474121094,25100,0.0,0.0,0.0
2024-03-19 00:00:00-04:00,32.03799819946289,32.310001373291016,32.029998779296875,32.30799865722656,8300,0.0,0.0,0.0
2024-03-20 00:00:00-04:00,32.279998779296875,32.61000061035156,32.279998779296875,32.61000061035156,10400,0.0,0.0,0.0
2024-03-21 00:00:00-04:00,32.849998474121094,32.849998474121094,32.715999603271484,32.722999572753906,29900,0.0,0.0,0.0
2024-03-22 00:00:00-04:00,32.70000076293945,32.7599983215332,32.63999938964844,32.685001373291016,30800,0.0,0.0,0.0
2024-03-25 00:00:00-04:00,32.619998931884766,32.66999816894531,32.560001373291016,32.599998474121094,25100,0.0,0.0,0.0
2024-03-26 00:00:00-04:00,32.689998626708984,32.689998626708984,32.51300048828125,32.51499938964844,16800,0.0,0.0,0.0
2024-03-27 00:00:00-04:00,32.6619987487793,32.75,32.529998779296875,32.75,22800,0.0,0.0,0.0
2024-03-28 00:00:00-04:00,32.779998779296875,32.81999969482422,32.720001220703125,32.810001373291016,43600,0.0,0.0,0.0
2024-04-01 00:00:00-04:00,32.84000015258789,32.84000015258789,32.60300064086914,32.71500015258789,39400,0.0,0.0,0.0
2024-04-02 00:00:00-04:00,32.43000030517578,32.47999954223633,32.35300064086914,32.474998474121094,30200,0.0,0.0,0.0
2024-04-03 00:00:00-04:00,32.380001068115234,32.63999938964844,32.380001068115234,32.54999923706055,49300,0.0,0.0,0.0
2024-04-04 00:00:00-04:00,32.810001373291016,32.82500076293945,32.150001525878906,32.150001525878906,13200,0.0,0.0,0.0
2024-04-05 00:00:00-04:00,32.25,32.61000061035156,32.25,32.540000915527344,44700,0.0,0.0,0.0
2024-04-08 00:00:00-04:00,32.56999969482422,32.61000061035156,32.470001220703125,32.483001708984375,23700,0.0,0.0,0.0
2024-04-09 00:00:00-04:00,32.470001220703125,32.47999954223633,32.220001220703125,32.47999954223633,7500,0.0,0.0,0.0
2024-04-10 00:00:00-04:00,32.08000183105469,32.33000183105469,32.08000183105469,32.26900100708008,14300,0.0,0.0,0.0
2024-04-11 00:00:00-04:00,32.30400085449219,32.560001373291016,32.117000579833984,32.52299880981445,8400,0.0,0.0,0.0
2024-04-12 00:00:00-04:00,32.18000030517578,32.202999114990234,31.94300079345703,32.029998779296875,10300,0.0,0.0,0.0
2024-04-15 00:00:00-04:00,32.27799987792969,32.27799987792969,31.600000381469727,31.673999786376953,30300,0.0,0.0,0.0
2024-04-16 00:00:00-04:00,31.559999465942383,31.770000457763672,31.549999237060547,31.613000869750977,41900,0.0,0.0,0.0
2024-04-17 00:00:00-04:00,31.700000762939453,31.700000762939453,31.34000015258789,31.40999984741211,36600,0.0,0.0,0.0
2024-04-18 00:00:00-04:00,31.5,31.59000015258789,31.266000747680664,31.34000015258789,57300,0.0,0.0,0.0
2024-04-19 00:00:00-04:00,31.31100082397461,31.31999969482422,30.90999984741211,31.010000228881836,51300,0.0,0.0,0.0
2024-04-22 00:00:00-04:00,31.209999084472656,31.459999084472656,31.047000885009766,31.284000396728516,181000,0.0,0.0,0.0
2024-04-23 00:00:00-04:00,31.391000747680664,31.719999313354492,31.391000747680664,31.670000076293945,24800,0.0,0.0,0.0
2024-04-24 00:00:00-04:00,31.68000030517578,31.700000762939453,31.540000915527344,31.649999618530273,16500,0.0,0.0,0.0
2024-04-25 00:00:00-04:00,31.239999771118164,31.59000015258789,31.239999771118164,31.535999298095703,9100,0.0,0.0,0.0
2024-04-26 00:00:00-04:00,31.86400032043457,31.959999084472656,31.84000015258789,31.878999710083008,55100,0.0,0.0,0.0
2024-04-29 00:00:00-04:00,32.0,32.0099983215332,31.829999923706055,31.958999633789062,43400,0.0,0.0,0.0
2024-04-30 00:00:00-04:00,31.899999618530273,31.93000030517578,31.516000747680664,31.516000747680664,35400,0.0,0.0,0.0
2024-05-01 00:00:00-04:00,31.385000228881836,31.84000015258789,31.360000610351562,31.429000854492188,41600,0.0,0.0,0.0
2024-05-02 00:00:00-04:00,31.68000030517578,33.279998779296875,31.479999542236328,31.670000076293945,747500,0.0,0.0,0.0
2024-05-03 00:00:00-04:00,32.029998779296875,32.13999938964844,31.933000564575195,32.095001220703125,265700,0.0,0.0,0.0
2024-05-06 00:00:00-04:00,32.25,32.43000030517578,32.2400016784668,32.43000030517578,48300,0.0,0.0,0.0
2024-05-07 00:00:00-04:00,32.52000045776367,32.540000915527344,32.439998626708984,32.5,50500,0.0,0.0,0.0
2024-05-08 00:00:00-04:00,32.369998931884766,32.4900016784668,32.35599899291992,32.4900016784668,30700,0.0,0.0,0.0
2024-05-09 00:00:00-04:00,32.5099983215332,32.650001525878906,32.494998931884766,32.650001525878906,14300,0.0,0.0,0.0
2024-05-10 00:00:00-04:00,32.779998779296875,32.81999969482422,32.630001068115234,32.70000076293945,12900,0.0,0.0,0.0
2024-05-13 00:00:00-04:00,32.7239990234375,32.7239990234375,32.625,32.68000030517578,22100,0.0,0.0,0.0
2024-05-14 00:00:00-04:00,32.689998626708984,32.847999572753906,32.65999984741211,32.84000015258789,25500,0.0,0.0,0.0
2024-05-15 00:00:00-04:00,33.0,33.2599983215332,32.979000091552734,33.2400016784668,45200,0.0,0.0,0.0
2024-05-16 00:00:00-04:00,33.310001373291016,33.369998931884766,33.150001525878906,33.150001525878906,96400,0.0,0.0,0.0
2024-05-17 00:00:00-04:00,33.18000030517578,33.20899963378906,33.11000061035156,33.18000030517578,44100,0.0,0.0,0.0
2024-05-20 00:00:00-04:00,33.18000030517578,33.33000183105469,33.18000030517578,33.220001220703125,29900,0.0,0.0,0.0
2024-05-21 00:00:00-04:00,33.22999954223633,33.33000183105469,33.22999954223633,33.33000183105469,11400,0.0,0.0,0.0
2024-05-22 00:00:00-04:00,33.27000045776367,33.349998474121094,33.130001068115234,33.2400016784668,292600,0.0,0.0,0.0
2024-05-23 00:00:00-04:00,33.5099983215332,33.5099983215332,32.970001220703125,33.11000061035156,9410000,0.0,0.0,0.0
2024-05-24 00:00:00-04:00,33.16999816894531,33.33000183105469,33.11000061035156,33.290000915527344,261700,0.0,0.0,0.0
2024-05-28 00:00:00-04:00,33.380001068115234,33.380001068115234,33.154998779296875,33.33000183105469,486600,0.0,0.0,0.0
2024-05-29 00:00:00-04:00,33.08000183105469,33.15999984741211,33.0099983215332,33.06999969482422,20500,0.0,0.0,0.0
2024-05-30 00:00:00-04:00,33.029998779296875,33.029998779296875,32.82500076293945,32.869998931884766,34000,0.0,0.0,0.0
2024-05-31 00:00:00-04:00,32.93000030517578,33.130001068115234,32.59000015258789,33.130001068115234,32600,0.0,0.0,0.0
2024-06-03 00:00:00-04:00,33.22999954223633,33.26900100708008,32.869998931884766,33.15999984741211,40800,0.0,0.0,0.0
2024-06-04 00:00:00-04:00,33.04999923706055,33.224998474121094,33.0,33.209999084472656,90000,0.0,0.0,0.0
2024-06-05 00:00:00-04:00,33.5,33.63999938964844,33.27000045776367,33.63999938964844,738400,0.0,0.0,0.0
2024-06-06 00:00:00-04:00,33.65999984741211,33.70000076293945,33.52000045776367,33.61000061035156,103100,0.0,0.0,0.0
2024-06-07 00:00:00-04:00,33.599998474121094,33.709999084472656,33.51499938964844,33.560001373291016,11700,0.0,0.0,0.0
2024-06-10 00:00:00-04:00,33.505001068115234,33.685001373291016,33.505001068115234,33.68000030517578,23500,0.0,0.0,0.0
2024-06-11 00:00:00-04:00,33.50600051879883,33.7599983215332,33.44499969482422,33.7599983215332,177800,0.0,0.0,0.0
2024-06-12 00:00:00-04:00,34.13999938964844,34.21900177001953,34.0,34.06999969482422,26400,0.0,0.0,0.0
2024-06-13 00:00:00-04:00,34.2400016784668,34.2400016784668,33.95500183105469,34.16999816894531,115100,0.0,0.0,0.0
2024-06-14 00:00:00-04:00,34.060001373291016,34.15999984741211,34.012001037597656,34.150001525878906,137800,0.0,0.0,0.0
2024-06-17 00:00:00-04:00,34.16999816894531,34.54999923706055,34.119998931884766,34.45000076293945,30900,0.0,0.0,0.0
2024-06-18 00:00:00-04:00,34.5099983215332,34.560001373291016,34.45000076293945,34.54999923706055,115800,0.0,0.0,0.0
2024-06-20 00:00:00-04:00,34.65999984741211,34.68000030517578,34.375,34.45000076293945,62900,0.0,0.0,0.0
2024-06-21 00:00:00-04:00,34.540000915527344,34.540000915527344,34.28200149536133,34.380001068115234,52500,0.0,0.0,0.0
2024-06-24 00:00:00-04:00,34.380001068115234,34.4900016784668,34.268001556396484,34.268001556396484,37300,0.0,0.0,0.0
2024-06-25 00:00:00-04:00,34.349998474121094,34.44900131225586,34.297000885009766,34.439998626708984,31400,0.0,0.0,0.0
2024-06-26 00:00:00-04:00,34.40800094604492,34.529998779296875,34.36899948120117,34.52000045776367,266100,0.0,0.0,0.0
2024-06-27 00:00:00-04:00,34.54999923706055,34.61000061035156,34.4379997253418,34.529998779296875,53400,0.0,0.0,0.0
2024-06-28 00:00:00-04:00,34.630001068115234,34.775001525878906,34.38999938964844,34.38999938964844,556700,0.0,0.0,0.0
2024-07-01 00:00:00-04:00,34.47999954223633,34.5,34.34700012207031,34.4900016784668,29300,0.0,0.0,0.0
2024-07-02 00:00:00-04:00,34.380001068115234,34.70000076293945,34.361000061035156,34.70000076293945,66000,0.0,0.0,0.0
2024-07-03 00:00:00-04:00,34.72999954223633,34.900001525878906,34.707000732421875,34.88999938964844,67500,0.0,0.0,0.0
2024-07-05 00:00:00-04:00,34.900001525878906,35.130001068115234,34.875,35.099998474121094,87300,0.0,0.0,0.0
2024-07-08 00:00:00-04:00,35.13999938964844,35.18000030517578,35.029998779296875,35.11000061035156,119900,0.0,0.0,0.0
2024-07-09 00:00:00-04:00,35.209999084472656,35.220001220703125,35.119998931884766,35.15999984741211,67500,0.0,0.0,0.0
2024-07-10 00:00:00-04:00,35.27000045776367,35.5,35.19499969482422,35.5,232800,0.0,0.0,0.0
2024-07-11 00:00:00-04:00,35.5,35.5099983215332,35.099998474121094,35.13999938964844,196800,0.0,0.0,0.0
2024-07-12 00:00:00-04:00,35.209999084472656,35.54999923706055,35.209999084472656,35.29999923706055,50200,0.0,0.0,0.0
2024-07-15 00:00:00-04:00,35.5099983215332,35.630001068115234,35.310001373291016,35.43000030517578,74200,0.0,0.0,0.0
2024-07-16 00:00:00-04:00,35.560001373291016,35.619998931884766,35.45800018310547,35.61000061035156,116600,0.0,0.0,0.0
2024-07-17 00:00:00-04:00,35.220001220703125,35.2400016784668,35.0,35.029998779296875,127200,0.0,0.0,0.0
2024-07-18 00:00:00-04:00,35.119998931884766,35.130001068115234,34.54999923706055,34.68000030517578,112300,0.0,0.0,0.0
2024-07-19 00:00:00-04:00,34.7400016784668,34.7400016784668,34.43000030517578,34.52000045776367,66200,0.0,0.0,0.0
2024-07-22 00:00:00-04:00,34.7599983215332,34.939998626708984,34.67900085449219,34.93000030517578,62000,0.0,0.0,0.0
2024-07-23 00:00:00-04:00,35.06999969482422,35.06999969482422,34.83000183105469,34.86000061035156,80700,0.0,0.0,0.0
2024-07-24 00:00:00-04:00,34.54999923706055,34.54999923706055,34.02000045776367,34.02000045776367,26300,0.0,0.0,0.0
2024-07-25 00:00:00-04:00,34.06999969482422,34.38399887084961,33.75,33.810001373291016,83800,0.0,0.0,0.0
2024-07-26 00:00:00-04:00,34.09000015258789,34.33100128173828,34.02000045776367,34.13999938964844,67600,0.0,0.0,0.0
2024-07-29 00:00:00-04:00,34.349998474121094,34.349998474121094,34.064998626708984,34.13999938964844,59500,0.0,0.0,0.0
2024-07-30 00:00:00-04:00,34.22999954223633,34.33700180053711,33.900001525878906,33.97999954223633,62900,0.0,0.0,0.0
2024-07-31 00:00:00-04:00,34.56999969482422,34.7400016784668,34.40999984741211,34.599998474121094,62700,0.0,0.0,0.0
2024-08-01 00:00:00-04:00,34.630001068115234,34.86000061035156,33.880001068115234,34.09000015258789,226800,0.0,0.0,0.0
2024-08-02 00:00:00-04:00,33.58000183105469,33.65999984741211,33.180999755859375,33.470001220703125,44800,0.0,0.0,0.0
2024-08-05 00:00:00-04:00,32.060001373291016,32.763999938964844,31.947999954223633,32.439998626708984,91000,0.0,0.0,0.0
2024-08-06 00:00:00-04:00,32.630001068115234,33.25,32.52899932861328,32.790000915527344,213600,0.0,0.0,0.0
2024-08-07 00:00:00-04:00,33.20000076293945,33.369998931884766,32.599998474121094,32.599998474121094,35700,0.0,0.0,0.0
2024-08-08 00:00:00-04:00,32.970001220703125,33.38199996948242,32.78499984741211,33.34000015258789,31600,0.0,0.0,0.0
2024-08-09 00:00:00-04:00,33.27000045776367,33.599998474121094,33.2400016784668,33.5,104800,0.0,0.0,0.0
2024-08-12 00:00:00-04:00,33.56999969482422,33.70000076293945,33.41999816894531,33.54999923706055,42200,0.0,0.0,0.0
2024-08-13 00:00:00-04:00,33.7599983215332,34.119998931884766,33.737998962402344,34.099998474121094,56300,0.0,0.0,0.0
2024-08-14 00:00:00-04:00,34.08000183105469,34.27000045776367,33.948001861572266,34.2400016784668,87100,0.0,0.0,0.0
2024-08-15 00:00:00-04:00,34.59000015258789,34.790000915527344,34.540000915527344,34.77000045776367,78400,0.0,0.0,0.0
2024-08-16 00:00:00-04:00,34.72999954223633,34.880001068115234,34.702999114990234,34.849998474121094,41700,0.0,0.0,0.0
2024-08-19 00:00:00-04:00,34.88999938964844,35.20000076293945,34.81999969482422,35.20000076293945,70300,0.0,0.0,0.0
2024-08-20 00:00:00-04:00,35.189998626708984,35.2400016784668,35.04999923706055,35.08700180053711,76500,0.0,0.0,0.0
2024-08-21 00:00:00-04:00,35.20000076293945,35.34000015258789,35.1150016784668,35.27000045776367,51900,0.0,0.0,0.0
2024-08-22 00:00:00-04:00,35.400001525878906,35.400001525878906,34.89899826049805,34.970001220703125,39500,0.0,0.0,0.0
2024-08-23 00:00:00-04:00,35.15999984741211,35.400001525878906,35.060001373291016,35.36000061035156,52000,0.0,0.0,0.0
2024-08-26 00:00:00-04:00,35.40999984741211,35.459999084472656,35.150001525878906,35.2599983215332,63700,0.0,0.0,0.0
2024-08-27 00:00:00-04:00,35.20000076293945,35.349998474121094,35.1150016784668,35.34000015258789,66800,0.0,0.0,0.0
2024-08-28 00:00:00-04:00,35.279998779296875,35.38999938964844,34.88999938964844,35.130001068115234,2498700,0.0,0.0,0.0
2024-08-29 00:00:00-04:00,35.15999984741211,35.400001525878906,35.0099983215332,35.099998474121094,494500,0.0,0.0,0.0
2024-08-30 00:00:00-04:00,35.22999954223633,35.400001525878906,35.042999267578125,35.38999938964844,28700,0.0,0.0,0.0
2024-09-03 00:00:00-04:00,35.25,35.279998779296875,34.54999923706055,34.70000076293945,60300,0.0,0.0,0.0
2024-09-04 00:00:00-04:00,34.5,34.827999114990234,34.5,34.630001068115234,38800,0.0,0.0,0.0
2024-09-05 00:00:00-04:00,34.59000015258789,34.75,34.380001068115234,34.4900016784668,139700,0.0,0.0,0.0
2024-09-06 00:00:00-04:00,34.56999969482422,34.630001068115234,33.88999938964844,33.939998626708984,155600,0.0,0.0,0.0
2024-09-09 00:00:00-04:00,34.20000076293945,34.35900115966797,34.099998474121094,34.29999923706055,91300,0.0,0.0,0.0
2024-09-10 00:00:00-04:00,34.43000030517578,34.45000076293945,34.09000015258789,34.43000030517578,30900,0.0,0.0,0.0
2024-09-11 00:00:00-04:00,34.439998626708984,34.86000061035156,33.900001525878906,34.81999969482422,113000,0.0,0.0,0.0
2024-09-12 00:00:00-04:00,34.900001525878906,35.11000061035156,34.75,35.099998474121094,66000,0.0,0.0,0.0
2024-09-13 00:00:00-04:00,35.130001068115234,35.34000015258789,35.130001068115234,35.290000915527344,53400,0.0,0.0,0.0
2024-09-16 00:00:00-04:00,35.2599983215332,35.31999969482422,35.15999984741211,35.31999969482422,47900,0.0,0.0,0.0
2024-09-17 00:00:00-04:00,35.47999954223633,35.529998779296875,35.20000076293945,35.31999969482422,250600,0.0,0.0,0.0
2024-09-18 00:00:00-04:00,35.400001525878906,35.63999938964844,35.20000076293945,35.209999084472656,99900,0.0,0.0,0.0
2024-09-19 00:00:00-04:00,35.86000061035156,35.970001220703125,35.744998931884766,35.849998474121094,125500,0.0,0.0,0.0
2024-09-20 00:00:00-04:00,35.709999084472656,35.83399963378906,35.61000061035156,35.7599983215332,116300,0.0,0.0,0.0
2024-09-23 00:00:00-04:00,35.79999923706055,35.88999938964844,35.78499984741211,35.849998474121094,32200,0.0,0.0,0.0
2024-09-24 00:00:00-04:00,35.959999084472656,35.959999084472656,35.7400016784668,35.939998626708984,62800,0.0,0.0,0.0
2024-09-25 00:00:00-04:00,35.97999954223633,36.02000045776367,35.81999969482422,35.86000061035156,696200,0.0,0.0,0.0
2024-09-26 00:00:00-04:00,36.130001068115234,36.16999816894531,35.86000061035156,35.9900016784668,61100,0.0,0.0,0.0
2024-09-27 00:00:00-04:00,36.099998474121094,36.099998474121094,35.86600112915039,35.939998626708984,55500,0.0,0.0,0.0
2024-09-30 00:00:00-04:00,35.869998931884766,36.11000061035156,35.76599884033203,36.11000061035156,37900,0.0,0.0,0.0
2024-10-01 00:00:00-04:00,36.09000015258789,36.09000015258789,35.599998474121094,35.790000915527344,89600,0.0,0.0,0.0
2024-10-02 00:00:00-04:00,35.7400016784668,35.84000015258789,35.7400016784668,35.79999923706055,23100,0.0,0.0,0.0
2024-10-03 00:00:00-04:00,35.70000076293945,35.849998474121094,35.61000061035156,35.7599983215332,68300,0.0,0.0,0.0
2024-10-04 00:00:00-04:00,36.029998779296875,36.06999969482422,35.78900146484375,36.06999969482422,50400,0.0,0.0,0.0
2024-10-07 00:00:00-04:00,35.970001220703125,35.9900016784668,35.67399978637695,35.709999084472656,38400,0.0,0.0,0.0
2024-10-08 00:00:00-04:00,35.900001525878906,36.099998474121094,35.808998107910156,36.029998779296875,36800,0.0,0.0,0.0
2024-10-09 00:00:00-04:00,36.08000183105469,36.33000183105469,36.08000183105469,36.33000183105469,87300,0.0,0.0,0.0
2024-10-10 00:00:00-04:00,36.150001525878906,36.349998474121094,36.150001525878906,36.22999954223633,86100,0.0,0.0,0.0
2024-10-11 00:00:00-04:00,36.290000915527344,36.529998779296875,36.290000915527344,36.5099983215332,274100,0.0,0.0,0.0
2024-10-14 00:00:00-04:00,36.630001068115234,36.810001373291016,36.630001068115234,36.790000915527344,79200,0.0,0.0,0.0
2024-10-15 00:00:00-04:00,36.790000915527344,36.79999923706055,36.41999816894531,36.5,63300,0.0,0.0,0.0
2024-10-16 00:00:00-04:00,36.52000045776367,36.65999984741211,36.41600036621094,36.650001525878906,141500,0.0,0.0,0.0
2024-10-17 00:00:00-04:00,36.880001068115234,36.880001068115234,36.630001068115234,36.650001525878906,37400,0.0,0.0,0.0
2024-10-18 00:00:00-04:00,36.91999816894531,36.91999816894531,36.70399856567383,36.790000915527344,36300,0.0,0.0,0.0
2024-10-21 00:00:00-04:00,36.7400016784668,36.80099868774414,36.54600143432617,36.7400016784668,36900,0.0,0.0,0.0
2024-10-22 00:00:00-04:00,36.58000183105469,36.81999969482422,36.5629997253418,36.7599983215332,41200,0.0,0.0,0.0
2024-10-23 00:00:00-04:00,36.65999984741211,36.65999984741211,36.16400146484375,36.400001525878906,100100,0.0,0.0,0.0
2024-10-24 00:00:00-04:00,36.68000030517578,36.68000030517578,36.27000045776367,36.45000076293945,234900,0.0,0.0,0.0
2024-10-25 00:00:00-04:00,36.619998931884766,36.779998779296875,36.39099884033203,36.43000030517578,29900,0.0,0.0,0.0
2024-10-28 00:00:00-04:00,36.689998626708984,36.689998626708984,36.529998779296875,36.54999923706055,56600,0.0,0.0,0.0
2024-10-29 00:00:00-04:00,36.540000915527344,36.709999084472656,36.37099838256836,36.63999938964844,68500,0.0,0.0,0.0
2024-10-30 00:00:00-04:00,36.61000061035156,36.72999954223633,36.470001220703125,36.529998779296875,96000,0.0,0.0,0.0
2024-10-31 00:00:00-04:00,36.209999084472656,36.209999084472656,35.81999969482422,35.81999969482422,53800,0.0,0.0,0.0
2024-11-01 00:00:00-04:00,35.95000076293945,36.209999084472656,35.9379997253418,35.95000076293945,55900,0.0,0.0,0.0
2024-11-04 00:00:00-05:00,35.970001220703125,36.040000915527344,35.779998779296875,35.849998474121094,53200,0.0,0.0,0.0
2024-11-05 00:00:00-05:00,35.939998626708984,36.279998779296875,35.939998626708984,36.279998779296875,38000,0.0,0.0,0.0
2024-11-06 00:00:00-05:00,37.22999954223633,37.22999954223633,36.86199951171875,37.189998626708984,56600,0.0,0.0,0.0
2024-11-07 00:00:00-05:00,37.400001525878906,37.65999984741211,37.38999938964844,37.54999923706055,97800,0.0,0.0,0.0
2024-11-08 00:00:00-05:00,37.560001373291016,37.7599983215332,37.54499816894531,37.68000030517578,183500,0.0,0.0,0.0
