Date,Open,High,Low,Close,Volume,Dividends,Stock Splits
2002-02-14 00:00:00+09:00,430.22285344050476,435.1117495023287,381.3338928222656,381.3338928222656,331000,0.0,0.0
2002-02-15 00:00:00+09:00,371.55615296026673,395.511747032705,371.55615296026673,387.20062255859375,86000,0.0,0.0
2002-02-18 00:00:00+09:00,391.11162109375005,391.11162109375005,366.6671447753906,366.6671447753906,10000,0.0,0.0
2002-02-19 00:00:00+09:00,367.1561426217815,367.1561426217815,355.42279052734375,355.42279052734375,31000,0.0,0.0
2002-02-20 00:00:00+09:00,350.5338195800781,354.93382568359374,347.11159261067706,352.00048828125,12000,0.0,0.0
2002-02-21 00:00:00+09:00,352.0005738195712,352.0005738195712,334.8894348144531,334.8894348144531,9000,0.0,0.0
2002-02-22 00:00:00+09:00,326.5782412484976,326.5782412484976,317.7782287597656,317.7782287597656,10000,0.0,0.0
2002-02-25 00:00:00+09:00,317.28944383704146,337.33392333984375,312.8894361413044,337.33392333984375,9000,0.0,0.0
2002-02-26 00:00:00+09:00,337.33392333984375,337.33392333984375,337.33392333984375,337.33392333984375,9000,0.0,0.0
2002-02-27 00:00:00+09:00,328.0448396021948,328.0448396021948,323.15594482421875,323.15594482421875,2000,0.0,0.0
2002-02-28 00:00:00+09:00,327.5560800888959,332.4449768066406,327.5560800888959,332.4449768066406,15000,0.0,0.0
2002-03-01 00:00:00+09:00,327.55608530820973,327.55608530820973,318.2671813964844,318.2671813964844,7000,0.0,0.0
2002-03-04 00:00:00+09:00,328.0448396021948,328.0448396021948,323.15594482421875,323.15594482421875,15000,0.0,0.0
2002-03-05 00:00:00+09:00,330.48935355392155,330.48935355392155,323.6448994862368,324.1337890625,5000,0.0,0.0
2002-03-06 00:00:00+09:00,324.1337890625,324.1337890625,324.1337890625,324.1337890625,1000,0.0,0.0
2002-03-07 00:00:00+09:00,320.22274011474235,322.6671885125648,317.7782917169199,318.2671813964844,8000,0.0,0.0
2002-03-08 00:00:00+09:00,318.26710815429686,318.26710815429686,313.3782124837239,315.3337707519531,51000,0.0,0.0
2002-03-11 00:00:00+09:00,330.00044795445035,349.5560300554548,330.00044795445035,342.2226867675781,21000,0.0,0.0
2002-03-12 00:00:00+09:00,341.73389041650034,341.73389041650034,334.8894348144531,334.8894348144531,9000,0.0,0.0
2002-03-13 00:00:00+09:00,330.0003975133852,330.0003975133852,323.15594482421875,323.15594482421875,8000,0.0,0.0
2002-03-14 00:00:00+09:00,322.66712458683895,322.66712458683895,312.8893329326923,317.7782287597656,15000,0.0,0.0
2002-03-15 00:00:00+09:00,317.778214473932,317.778214473932,314.3559875488281,314.3559875488281,5000,0.0,0.0
2002-03-18 00:00:00+09:00,342.2226867675781,342.2226867675781,342.2226867675781,342.2226867675781,2000,0.0,0.0
2002-03-19 00:00:00+09:00,324.6226566795729,333.42266845703125,324.6226566795729,333.42266845703125,7000,0.0,0.0
2002-03-20 00:00:00+09:00,335.37828231596615,347.11163330078125,333.42272381849693,347.11163330078125,13000,0.0,0.0
2002-03-21 00:00:00+09:00,347.11163330078125,347.11163330078125,347.11163330078125,347.11163330078125,0,0.0,0.0
2002-03-22 00:00:00+09:00,342.7116266814756,351.0227502957196,342.2227370571083,347.11163330078125,18000,0.0,0.0
2002-03-25 00:00:00+09:00,347.1116173029625,347.1116173029625,343.20050048828125,343.20050048828125,19000,0.0,0.0
2002-03-26 00:00:00+09:00,353.26494290211923,353.26494290211923,332.6326599121094,332.6326599121094,12000,20.0,0.0
2002-03-27 00:00:00+09:00,332.63275417241834,334.6456604003906,332.63275417241834,334.6456604003906,4000,0.0,0.0
2002-03-28 00:00:00+09:00,335.1488675701084,337.1617736816406,335.1488675701084,337.1617736816406,3000,0.0,0.0
2002-03-29 00:00:00+09:00,337.1617736816406,337.1617736816406,337.1617736816406,337.1617736816406,7000,0.0,0.0
2002-04-01 00:00:00+09:00,337.16169764162373,337.16169764162373,332.6326599121094,332.6326599121094,7000,0.0,0.0
2002-04-02 00:00:00+09:00,332.63273194291213,332.63273194291213,327.60046670928256,329.6133728027344,5000,0.0,0.0
2002-04-03 00:00:00+09:00,327.09723156681326,327.09723156681326,323.57464599609375,323.57464599609375,8000,0.0,0.0
2002-04-04 00:00:00+09:00,332.1294860839844,332.1294860839844,332.1294860839844,332.1294860839844,1000,0.0,0.0
2002-04-05 00:00:00+09:00,334.64562659630406,336.6585326209435,327.09722900390625,327.09722900390625,3000,0.0,0.0
2002-04-08 00:00:00+09:00,328.6068318530532,331.6261901855468,328.6068318530532,331.6261901855469,3000,0.0,0.0
2002-04-09 00:00:00+09:00,334.64564104222535,337.1617736816406,334.64564104222535,337.1617736816406,4000,0.0,0.0
2002-04-10 00:00:00+09:00,334.6456604003906,334.6456604003906,334.6456604003906,334.6456604003906,1000,0.0,0.0
2002-04-11 00:00:00+09:00,334.6456604003906,334.6456604003906,334.6456604003906,334.6456604003906,0,0.0,0.0
2002-04-12 00:00:00+09:00,337.1617876630577,337.1617876630577,330.6198425292969,330.6198425292969,3000,0.0,0.0
2002-04-15 00:00:00+09:00,332.1294860839844,332.1294860839844,332.1294860839844,332.1294860839844,1000,0.0,0.0
2002-04-16 00:00:00+09:00,332.12952217554937,332.12952217554937,330.6198425292969,330.6198425292969,5000,0.0,0.0
2002-04-17 00:00:00+09:00,330.6198425292969,330.6198425292969,330.6198425292969,330.6198425292969,2000,0.0,0.0
2002-04-18 00:00:00+09:00,330.6198425292969,330.6198425292969,330.6198425292969,330.6198425292969,0,0.0,0.0
2002-04-19 00:00:00+09:00,330.6198425292969,330.6198425292969,330.6198425292969,330.6198425292969,0,0.0,0.0
2002-04-22 00:00:00+09:00,332.12952217554937,332.12952217554937,330.11661598054604,330.6198425292969,7000,0.0,0.0
2002-04-23 00:00:00+09:00,328.1036741314512,332.1294860839844,327.6004476373846,332.1294860839844,7000,0.0,0.0
2002-04-24 00:00:00+09:00,332.63278700025984,336.6585998535156,332.63278700025984,336.6585998535156,2000,0.0,0.0
2002-04-25 00:00:00+09:00,336.65853854008355,337.16176505509117,331.12304687499994,331.123046875,7000,0.0,0.0
2002-04-26 00:00:00+09:00,331.12296379679793,332.12941657429576,331.12296379679793,331.6261901855469,8000,0.0,0.0
2002-04-29 00:00:00+09:00,331.6261901855468,331.6261901855468,331.6261901855468,331.6261901855469,0,0.0,0.0
2002-04-30 00:00:00+09:00,331.62625421262254,337.161745557598,331.62625421262254,333.63916015625,5000,0.0,0.0
2002-05-01 00:00:00+09:00,336.6585471537576,337.1617736816406,335.1488675701084,337.1617736816406,9000,0.0,0.0
2002-05-02 00:00:00+09:00,339.67795876895684,342.194091796875,339.67795876895684,342.194091796875,3000,0.0,0.0
2002-05-03 00:00:00+09:00,342.194091796875,342.194091796875,342.194091796875,342.194091796875,0,0.0,0.0
2002-05-06 00:00:00+09:00,342.194091796875,342.194091796875,342.194091796875,342.194091796875,0,0.0,0.0
2002-05-07 00:00:00+09:00,342.194091796875,342.194091796875,342.194091796875,342.194091796875,6000,0.0,0.0
2002-05-08 00:00:00+09:00,335.14892578125,335.14892578125,335.14892578125,335.14892578125,2000,0.0,0.0
2002-05-09 00:00:00+09:00,341.18762252784745,341.18762252784745,335.6521301269532,335.6521301269531,7000,0.0,0.0
2002-05-10 00:00:00+09:00,335.65207154245087,335.65207154245087,332.1294860839844,332.1294860839844,2000,0.0,0.0
2002-05-13 00:00:00+09:00,332.6327106847172,341.18756103515625,332.6327106847172,341.18756103515625,4000,0.0,0.0
2002-05-14 00:00:00+09:00,341.18756103515625,341.18756103515625,341.18756103515625,341.18756103515625,0,0.0,0.0
2002-05-15 00:00:00+09:00,341.18756103515625,341.18756103515625,341.18756103515625,341.18756103515625,0,0.0,0.0
2002-05-16 00:00:00+09:00,332.63271257805104,332.63271257805104,332.1294860839844,332.1294860839844,2000,0.0,0.0
2002-05-17 00:00:00+09:00,332.1294860839844,332.1294860839844,332.1294860839844,332.1294860839844,1000,0.0,0.0
2002-05-20 00:00:00+09:00,333.1360168457031,333.1360168457031,333.1360168457031,333.1360168457031,2000,0.0,0.0
2002-05-21 00:00:00+09:00,339.17466046368634,339.6778869628906,339.17466046368634,339.6778869628906,3000,0.0,0.0
2002-05-22 00:00:00+09:00,339.17466046368634,339.6778869628906,339.17466046368634,339.6778869628906,2000,0.0,0.0
2002-05-23 00:00:00+09:00,336.6585998535156,336.6585998535156,336.6585998535156,336.6585998535156,1000,0.0,0.0
2002-05-24 00:00:00+09:00,342.194091796875,342.194091796875,339.67795876895684,342.194091796875,7000,0.0,0.0
2002-05-27 00:00:00+09:00,343.2005450080423,343.2005450080423,342.194091796875,342.194091796875,6000,0.0,0.0
2002-05-28 00:00:00+09:00,332.12954817147096,332.12954817147096,313.0069378222044,321.0585632324219,24000,0.0,0.0
2002-05-29 00:00:00+09:00,316.0261722276911,319.5487569499743,312.50358750540795,313.5100402832031,19000,0.0,0.0
2002-05-30 00:00:00+09:00,313.5101544119528,313.5101544119528,307.471435546875,307.471435546875,10000,0.0,0.0
2002-05-31 00:00:00+09:00,306.9681022397933,312.0003662109375,306.9681022397933,312.0003662109375,34000,0.0,0.0
2002-06-03 00:00:00+09:00,312.0003662109375,312.0003662109375,312.0003662109375,312.0003662109375,1000,0.0,0.0
2002-06-04 00:00:00+09:00,313.5100402832031,313.5100402832031,313.5100402832031,313.5100402832031,1000,0.0,0.0
2002-06-05 00:00:00+09:00,312.50369262695307,312.50369262695307,312.50369262695307,312.5036926269531,1000,0.0,0.0
2002-06-06 00:00:00+09:00,309.4843501670688,309.4843501670688,307.97467041015625,307.97467041015625,3000,0.0,0.0
2002-06-07 00:00:00+09:00,302.942374484908,302.942374484908,302.43914794921875,302.43914794921875,5000,0.0,0.0
2002-06-10 00:00:00+09:00,306.96813964843756,306.96813964843756,306.96813964843756,306.9681396484375,1000,0.0,0.0
2002-06-11 00:00:00+09:00,306.9681022397933,312.0003662109375,306.9681022397933,312.0003662109375,4000,0.0,0.0
2002-06-12 00:00:00+09:00,312.0004902036172,319.54888916015625,306.96822423259107,319.54888916015625,14000,0.0,0.0
2002-06-13 00:00:00+09:00,321.05856323242193,321.05856323242193,321.05856323242193,321.0585632324219,1000,0.0,0.0
2002-06-14 00:00:00+09:00,309.48431396484375,309.48431396484375,309.48431396484375,309.48431396484375,1000,0.0,0.0
2002-06-17 00:00:00+09:00,309.48431396484375,309.48431396484375,309.48431396484375,309.48431396484375,0,0.0,0.0
2002-06-18 00:00:00+09:00,279.29073517898036,291.87139892578125,279.29073517898036,291.87139892578125,13000,0.0,0.0
2002-06-19 00:00:00+09:00,289.3552438836349,289.3552438836349,286.839111328125,286.839111328125,5000,0.0,0.0
2002-06-20 00:00:00+09:00,289.35528346470426,289.35528346470426,281.806884765625,281.806884765625,34000,0.0,0.0
2002-06-21 00:00:00+09:00,281.806884765625,281.806884765625,281.806884765625,281.806884765625,0,0.0,0.0
2002-06-24 00:00:00+09:00,281.806884765625,281.806884765625,281.806884765625,281.806884765625,0,0.0,0.0
2002-06-25 00:00:00+09:00,284.82623291015625,284.82623291015625,284.82623291015625,284.82623291015625,1000,0.0,0.0
2002-06-26 00:00:00+09:00,285.8327249193948,285.8327249193948,285.3294982910156,285.3294982910156,3000,0.0,0.0
2002-06-27 00:00:00+09:00,285.3294982910156,285.3294982910156,285.3294982910156,285.3294982910156,0,0.0,0.0
2002-06-28 00:00:00+09:00,291.87144165039064,301.93597412109375,291.87144165039064,301.93597412109375,25000,0.0,0.0
2002-07-01 00:00:00+09:00,301.93597412109375,301.93597412109375,301.93597412109375,301.93597412109375,13000,0.0,0.0
2002-07-02 00:00:00+09:00,301.93597412109375,301.93597412109375,301.93597412109375,301.93597412109375,2000,0.0,0.0
2002-07-03 00:00:00+09:00,301.93597412109375,301.93597412109375,301.93597412109375,301.93597412109375,0,0.0,0.0
2002-07-04 00:00:00+09:00,287.8456115722656,287.8456115722656,287.8456115722656,287.8456115722656,1000,0.0,0.0
2002-07-05 00:00:00+09:00,287.8456115722656,287.8456115722656,287.8456115722656,287.8456115722656,0,0.0,0.0
2002-07-08 00:00:00+09:00,287.8456115722656,287.8456115722656,287.8456115722656,287.8456115722656,0,0.0,0.0
2002-07-09 00:00:00+09:00,288.8520812988281,288.8520812988281,288.8520812988281,288.8520812988281,1000,0.0,0.0
2002-07-10 00:00:00+09:00,288.8520812988281,288.8520812988281,288.8520812988281,288.8520812988281,0,0.0,0.0
2002-07-11 00:00:00+09:00,289.8584927262931,291.87139892578125,289.8584927262931,291.87139892578125,5000,0.0,0.0
2002-07-12 00:00:00+09:00,291.87139892578125,291.87139892578125,291.87139892578125,291.87139892578125,1000,0.0,0.0
2002-07-15 00:00:00+09:00,282.31005859375,282.31005859375,282.31005859375,282.31005859375,1000,0.0,0.0
2002-07-16 00:00:00+09:00,282.31005859375,282.31005859375,282.31005859375,282.31005859375,0,0.0,0.0
2002-07-17 00:00:00+09:00,282.3101003286001,282.3101003286001,279.2907409667969,279.2907409667969,4000,0.0,0.0
2002-07-18 00:00:00+09:00,279.2907409667969,279.2907409667969,279.2907409667969,279.2907409667969,0,0.0,0.0
2002-07-19 00:00:00+09:00,279.2907409667969,279.2907409667969,279.2907409667969,279.2907409667969,0,0.0,0.0
2002-07-22 00:00:00+09:00,279.2907409667969,279.2907409667969,279.2907409667969,279.2907409667969,0,0.0,0.0
2002-07-23 00:00:00+09:00,279.2907409667969,279.2907409667969,279.2907409667969,279.2907409667969,0,0.0,0.0
2002-07-24 00:00:00+09:00,279.2907409667969,279.2907409667969,279.2907409667969,279.2907409667969,0,0.0,0.0
2002-07-25 00:00:00+09:00,280.29718017578125,280.29718017578125,280.29718017578125,280.29718017578125,2000,0.0,0.0
2002-07-26 00:00:00+09:00,280.8004150390625,280.8004150390625,280.8004150390625,280.8004150390625,1000,0.0,0.0
2002-07-29 00:00:00+09:00,280.8004150390625,280.8004150390625,280.8004150390625,280.8004150390625,1000,0.0,0.0
2002-07-30 00:00:00+09:00,281.806884765625,281.806884765625,281.806884765625,281.806884765625,1000,0.0,0.0
2002-07-31 00:00:00+09:00,284.3230285644531,284.3230285644531,284.3230285644531,284.3230285644531,15000,0.0,0.0
2002-08-01 00:00:00+09:00,284.82623291015625,284.82623291015625,284.82623291015625,284.82623291015625,1000,0.0,0.0
2002-08-02 00:00:00+09:00,284.82623291015625,284.82623291015625,284.82623291015625,284.82623291015625,0,0.0,0.0
2002-08-05 00:00:00+09:00,284.82623291015625,284.82623291015625,284.82623291015625,284.82623291015625,0,0.0,0.0
2002-08-06 00:00:00+09:00,284.82623291015625,284.82623291015625,284.82623291015625,284.82623291015625,1000,0.0,0.0
2002-08-07 00:00:00+09:00,285.3294982910156,285.3294982910156,285.3294982910156,285.3294982910156,1000,0.0,0.0
2002-08-08 00:00:00+09:00,285.3294317948191,286.839111328125,285.3294317948191,286.839111328125,2000,0.0,0.0
2002-08-09 00:00:00+09:00,286.839111328125,286.839111328125,286.839111328125,286.839111328125,1000,0.0,0.0
2002-08-12 00:00:00+09:00,291.87139892578125,291.87139892578125,291.87139892578125,291.87139892578125,7000,0.0,0.0
2002-08-13 00:00:00+09:00,286.839111328125,286.839111328125,286.839111328125,286.839111328125,1000,0.0,0.0
2002-08-14 00:00:00+09:00,286.8391448269941,286.8391448269941,283.3165588378906,283.3165588378906,2000,0.0,0.0
2002-08-15 00:00:00+09:00,276.7745361328125,276.7745361328125,276.7745361328125,276.7745361328125,1000,0.0,0.0
2002-08-16 00:00:00+09:00,276.7745361328125,276.7745361328125,276.7745361328125,276.7745361328125,0,0.0,0.0
2002-08-19 00:00:00+09:00,277.2778015136719,277.2778015136719,277.2778015136719,277.2778015136719,0,0.0,0.0
2002-08-20 00:00:00+09:00,277.2778015136719,277.2778015136719,277.2778015136719,277.2778015136719,1000,0.0,0.0
2002-08-21 00:00:00+09:00,277.2778015136719,277.2778015136719,277.2778015136719,277.2778015136719,0,0.0,0.0
2002-08-22 00:00:00+09:00,277.2778015136719,277.2778015136719,277.2778015136719,277.2778015136719,0,0.0,0.0
2002-08-23 00:00:00+09:00,277.2778015136719,277.2778015136719,277.2778015136719,277.2778015136719,0,0.0,0.0
2002-08-26 00:00:00+09:00,277.7810363769531,277.7810363769531,277.7810363769531,277.7810363769531,0,0.0,0.0
2002-08-27 00:00:00+09:00,277.7810363769531,277.7810363769531,277.7810363769531,277.7810363769531,1000,0.0,0.0
2002-08-28 00:00:00+09:00,277.7810363769531,277.7810363769531,277.7810363769531,277.7810363769531,1000,0.0,0.0
2002-08-29 00:00:00+09:00,277.7810363769531,277.7810363769531,277.7810363769531,277.7810363769531,2000,0.0,0.0
2002-08-30 00:00:00+09:00,277.7810363769531,277.7810363769531,277.7810363769531,277.7810363769531,0,0.0,0.0
2002-09-02 00:00:00+09:00,277.7810363769531,277.7810363769531,277.7810363769531,277.7810363769531,2000,0.0,0.0
2002-09-03 00:00:00+09:00,277.7810363769531,277.7810363769531,277.7810363769531,277.7810363769531,2000,0.0,0.0
2002-09-04 00:00:00+09:00,277.7810363769531,277.7810363769531,277.7810363769531,277.7810363769531,5000,0.0,0.0
2002-09-05 00:00:00+09:00,257.6519318181818,276.7745361328125,257.6519318181818,276.7745361328125,2000,0.0,0.0
2002-09-06 00:00:00+09:00,276.7745361328125,276.7745361328125,276.7745361328125,276.7745361328125,0,0.0,0.0
2002-09-09 00:00:00+09:00,276.7745361328125,276.7745361328125,276.7745361328125,276.7745361328125,0,0.0,0.0
2002-09-10 00:00:00+09:00,276.7745361328125,276.7745361328125,276.7745361328125,276.7745361328125,0,0.0,0.0
2002-09-11 00:00:00+09:00,276.7745361328125,276.7745361328125,276.7745361328125,276.7745361328125,0,0.0,0.0
2002-09-12 00:00:00+09:00,276.7745361328125,276.7745361328125,276.7745361328125,276.7745361328125,0,0.0,0.0
2002-09-13 00:00:00+09:00,276.7745361328125,276.7745361328125,276.7745361328125,276.7745361328125,0,0.0,0.0
2002-09-16 00:00:00+09:00,276.7745361328125,276.7745361328125,276.7745361328125,276.7745361328125,0,0.0,0.0
2002-09-17 00:00:00+09:00,276.7745361328125,276.7745361328125,276.7745361328125,276.7745361328125,0,0.0,0.0
2002-09-18 00:00:00+09:00,276.2713928222656,276.2713928222656,276.2713928222656,276.2713928222656,1000,0.0,0.0
2002-09-19 00:00:00+09:00,266.2068180790654,274.25844206633394,266.2068180790654,271.7423095703125,64000,0.0,0.0
2002-09-20 00:00:00+09:00,266.7100830078125,266.7100830078125,266.7100830078125,266.7100830078125,0,0.0,0.0
2002-09-23 00:00:00+09:00,266.7100830078125,266.7100830078125,266.7100830078125,266.7100830078125,0,0.0,0.0
2002-09-24 00:00:00+09:00,266.7100830078125,266.7100830078125,266.7100830078125,266.7100830078125,0,0.0,0.0
2002-09-25 00:00:00+09:00,266.7100830078125,266.7100830078125,266.7100830078125,266.7100830078125,1000,0.0,0.0
2002-09-26 00:00:00+09:00,266.7100830078125,266.7100830078125,266.7100830078125,266.7100830078125,7000,0.0,0.0
2002-09-27 00:00:00+09:00,266.7100830078125,266.7100830078125,266.7100830078125,266.7100830078125,0,0.0,0.0
2002-09-30 00:00:00+09:00,269.2262158663768,269.2262158663768,266.7100830078125,266.7100830078125,4000,0.0,0.0
2002-10-01 00:00:00+09:00,266.7100830078125,266.7100830078125,266.7100830078125,266.7100830078125,3000,0.0,0.0
2002-10-02 00:00:00+09:00,256.6455637411292,256.6455637411292,252.61975097656247,252.6197509765625,2000,0.0,0.0
2002-10-03 00:00:00+09:00,249.6003792810922,249.6003792810922,249.09715270996097,249.09715270996094,2000,0.0,0.0
2002-10-04 00:00:00+09:00,249.0971333312988,251.6132659912109,249.0971333312988,251.61326599121094,18000,0.0,0.0
2002-10-07 00:00:00+09:00,246.07781982421872,246.07781982421872,246.07781982421872,246.07781982421875,1000,0.0,0.0
2002-10-08 00:00:00+09:00,246.07781982421872,246.07781982421872,246.07781982421872,246.07781982421875,0,0.0,0.0
2002-10-09 00:00:00+09:00,246.07781982421872,246.07781982421872,246.07781982421872,246.07781982421875,1000,0.0,0.0
2002-10-10 00:00:00+09:00,246.07780790548722,246.07780790548722,218.40034484863284,218.4003448486328,2000,0.0,0.0
2002-10-11 00:00:00+09:00,218.40034484863284,218.40034484863284,218.40034484863284,218.4003448486328,0,0.0,0.0
2002-10-14 00:00:00+09:00,218.40034484863284,218.40034484863284,218.40034484863284,218.4003448486328,0,0.0,0.0
2002-10-15 00:00:00+09:00,221.41969299316406,221.41969299316406,221.41969299316406,221.41969299316406,5000,0.0,0.0
2002-10-16 00:00:00+09:00,226.45189001205122,236.51641845703128,226.45189001205122,236.51641845703125,6000,0.0,0.0
2002-10-17 00:00:00+09:00,236.51641845703128,236.51641845703128,236.51641845703128,236.51641845703125,2000,0.0,0.0
2002-10-18 00:00:00+09:00,236.51641845703128,236.51641845703128,236.51641845703128,236.51641845703125,2000,0.0,0.0
2002-10-21 00:00:00+09:00,236.51641845703128,236.51641845703128,236.51641845703128,236.51641845703125,0,0.0,0.0
2002-10-22 00:00:00+09:00,236.51641845703128,236.51641845703128,236.51641845703128,236.51641845703125,1000,0.0,0.0
2002-10-23 00:00:00+09:00,236.51641845703128,236.51641845703128,236.51641845703128,236.51641845703125,0,0.0,0.0
2002-10-24 00:00:00+09:00,236.51641845703128,236.51641845703128,236.51641845703128,236.51641845703125,0,0.0,0.0
2002-10-25 00:00:00+09:00,236.51641845703128,236.51641845703128,236.51641845703128,236.51641845703125,10000,0.0,0.0
2002-10-28 00:00:00+09:00,237.01973211991162,239.03263854980472,237.01973211991162,239.0326385498047,7000,0.0,0.0
2002-10-29 00:00:00+09:00,256.6455383300781,256.6455383300781,256.6455383300781,256.6455383300781,2000,0.0,0.0
2002-10-30 00:00:00+09:00,256.6455383300781,256.6455383300781,256.6455383300781,256.6455383300781,3000,0.0,0.0
2002-10-31 00:00:00+09:00,251.6132659912109,251.6132659912109,251.6132659912109,251.61326599121094,0,0.0,0.0
2002-11-01 00:00:00+09:00,251.11009216308594,251.11009216308594,251.11009216308594,251.11009216308594,4000,0.0,0.0
2002-11-04 00:00:00+09:00,251.11009216308594,251.11009216308594,251.11009216308594,251.11009216308594,0,0.0,0.0
2002-11-05 00:00:00+09:00,251.11009216308594,251.11009216308594,251.11009216308594,251.11009216308594,0,0.0,0.0
2002-11-06 00:00:00+09:00,241.04551136182704,241.04551136182704,231.48420715332034,231.4842071533203,16000,0.0,0.0
2002-11-07 00:00:00+09:00,231.48420715332034,231.48420715332034,231.48420715332034,231.4842071533203,1000,0.0,0.0
2002-11-08 00:00:00+09:00,236.51641845703128,236.51641845703128,236.51641845703128,236.51641845703125,3000,0.0,0.0
2002-11-11 00:00:00+09:00,236.51641845703128,236.51641845703128,236.51641845703128,236.51641845703125,0,0.0,0.0
2002-11-12 00:00:00+09:00,236.51641845703128,236.51641845703128,236.51641845703128,236.51641845703125,0,0.0,0.0
2002-11-13 00:00:00+09:00,236.51641845703128,236.51641845703128,236.51641845703128,236.51641845703125,0,0.0,0.0
2002-11-14 00:00:00+09:00,253.6261749267578,253.6261749267578,253.6261749267578,253.6261749267578,1000,0.0,0.0
2002-11-15 00:00:00+09:00,226.95512390136716,226.95512390136716,226.95512390136716,226.9551239013672,1000,0.0,0.0
2002-11-18 00:00:00+09:00,226.95512390136716,226.95512390136716,226.95512390136716,226.9551239013672,0,0.0,0.0
2002-11-19 00:00:00+09:00,226.95512390136716,226.95512390136716,226.95512390136716,226.9551239013672,0,0.0,0.0
2002-11-20 00:00:00+09:00,205.31651927806715,205.31651927806715,203.80683898925784,203.8068389892578,2000,0.0,0.0
2002-11-21 00:00:00+09:00,201.29059675031172,203.80672920969062,201.29059675031172,201.7938232421875,15000,0.0,0.0
2002-11-22 00:00:00+09:00,203.80683898925784,203.80683898925784,203.80683898925784,203.8068389892578,6000,0.0,0.0
2002-11-25 00:00:00+09:00,203.80683898925784,203.80683898925784,203.80683898925784,203.8068389892578,0,0.0,0.0
2002-11-26 00:00:00+09:00,213.87124633789062,213.87124633789062,213.87124633789062,213.87124633789062,5000,0.0,0.0
2002-11-27 00:00:00+09:00,216.3874441620369,221.41971030534006,216.3874441620369,216.8906707763672,12000,0.0,0.0
2002-11-28 00:00:00+09:00,226.45196533203128,226.45196533203128,226.45196533203128,226.45196533203125,2000,0.0,0.0
2002-11-29 00:00:00+09:00,226.4519760634873,228.96810913085938,226.4519760634873,228.96810913085938,5000,0.0,0.0
2002-12-02 00:00:00+09:00,228.96810913085938,228.96810913085938,228.96810913085938,228.96810913085938,0,0.0,0.0
2002-12-03 00:00:00+09:00,225.94874572753906,225.94874572753906,225.94874572753906,225.94874572753906,1000,0.0,0.0
2002-12-04 00:00:00+09:00,225.94874572753906,225.94874572753906,225.94874572753906,225.94874572753906,0,0.0,0.0
2002-12-05 00:00:00+09:00,221.41969299316406,221.41969299316406,221.41969299316406,221.41969299316406,2000,0.0,0.0
2002-12-06 00:00:00+09:00,221.9228973388672,221.9228973388672,221.9228973388672,221.9228973388672,1000,0.0,0.0
2002-12-09 00:00:00+09:00,221.9228973388672,221.9228973388672,221.9228973388672,221.9228973388672,2000,0.0,0.0
2002-12-10 00:00:00+09:00,223.935791015625,223.935791015625,223.935791015625,223.935791015625,1000,0.0,0.0
2002-12-11 00:00:00+09:00,225.94872883625948,230.47776794433594,225.4455022686954,230.47776794433594,6000,0.0,0.0
2002-12-12 00:00:00+09:00,229.97451782226562,229.97451782226562,229.97451782226562,229.97451782226562,5000,0.0,0.0
2002-12-13 00:00:00+09:00,229.97451782226562,229.97451782226562,229.97451782226562,229.97451782226562,0,0.0,0.0
2002-12-16 00:00:00+09:00,229.97451782226562,229.97451782226562,229.97451782226562,229.97451782226562,0,0.0,0.0
2002-12-17 00:00:00+09:00,215.88418579101562,215.88418579101562,215.88418579101562,215.88418579101562,2000,0.0,0.0
2002-12-18 00:00:00+09:00,216.38742065429685,216.38742065429685,216.38742065429685,216.38742065429688,3000,0.0,0.0
2002-12-19 00:00:00+09:00,220.91645812988278,220.91645812988278,220.91645812988278,220.9164581298828,1000,0.0,0.0
2002-12-20 00:00:00+09:00,220.91645812988278,220.91645812988278,220.91645812988278,220.9164581298828,0,0.0,0.0
2002-12-23 00:00:00+09:00,220.91645812988278,220.91645812988278,220.91645812988278,220.9164581298828,0,0.0,0.0
2002-12-24 00:00:00+09:00,218.90356011824173,221.41969299316406,218.90356011824173,221.41969299316406,2000,0.0,0.0
2002-12-25 00:00:00+09:00,223.43260579427087,226.45196533203128,223.43260579427087,226.45196533203125,3000,0.0,0.0
2002-12-26 00:00:00+09:00,226.95512390136716,226.95512390136716,226.95512390136716,226.9551239013672,1000,0.0,0.0
2002-12-27 00:00:00+09:00,226.95514067593,227.96159362792972,226.95514067593,227.9615936279297,2000,0.0,0.0
2002-12-30 00:00:00+09:00,227.96159362792972,227.96159362792972,227.96159362792972,227.9615936279297,1000,0.0,0.0
2002-12-31 00:00:00+09:00,227.96159362792972,227.96159362792972,227.96159362792972,227.9615936279297,0,0.0,0.0
2003-01-01 00:00:00+09:00,227.96159362792972,227.96159362792972,227.96159362792972,227.9615936279297,0,0.0,0.0
2003-01-02 00:00:00+09:00,227.96159362792972,227.96159362792972,227.96159362792972,227.9615936279297,0,0.0,0.0
2003-01-03 00:00:00+09:00,227.96159362792972,227.96159362792972,227.96159362792972,227.9615936279297,0,0.0,0.0
2003-01-06 00:00:00+09:00,227.96159362792972,227.96159362792972,227.96159362792972,227.9615936279297,1000,0.0,0.0
2003-01-07 00:00:00+09:00,227.96159362792972,227.96159362792972,227.96159362792972,227.9615936279297,1000,0.0,0.0
2003-01-08 00:00:00+09:00,227.96159362792972,227.96159362792972,227.96159362792972,227.9615936279297,0,0.0,0.0
2003-01-09 00:00:00+09:00,226.45196533203128,226.45196533203128,226.45196533203128,226.45196533203125,0,0.0,0.0
2003-01-10 00:00:00+09:00,217.89712524414062,217.89712524414062,217.89712524414062,217.89712524414062,1000,0.0,0.0
2003-01-13 00:00:00+09:00,217.89712524414062,217.89712524414062,217.89712524414062,217.89712524414062,0,0.0,0.0
2003-01-14 00:00:00+09:00,218.90353393554688,218.90353393554688,218.90353393554688,218.90353393554688,11000,0.0,0.0
2003-01-15 00:00:00+09:00,224.43902587890622,224.43902587890622,224.43902587890622,224.43902587890625,0,0.0,0.0
2003-01-16 00:00:00+09:00,226.95512390136716,226.95512390136716,226.95512390136716,226.9551239013672,0,0.0,0.0
2003-01-17 00:00:00+09:00,227.45835034017287,227.45835034017287,226.95512390136716,226.9551239013672,3000,0.0,0.0
2003-01-20 00:00:00+09:00,226.95512390136716,226.95512390136716,226.95512390136716,226.9551239013672,1000,0.0,0.0
2003-01-21 00:00:00+09:00,226.95512390136716,226.95512390136716,226.95512390136716,226.9551239013672,0,0.0,0.0
2003-01-22 00:00:00+09:00,228.96813258790132,229.4713592529297,228.96813258790132,229.4713592529297,2000,0.0,0.0
2003-01-23 00:00:00+09:00,229.4713592529297,229.4713592529297,229.4713592529297,229.4713592529297,0,0.0,0.0
2003-01-24 00:00:00+09:00,230.47776235054994,231.9874420166016,230.47776235054994,231.98744201660156,2000,0.0,0.0
2003-01-27 00:00:00+09:00,234.00036621093747,234.00036621093747,234.00036621093747,234.0003662109375,3000,0.0,0.0
2003-01-28 00:00:00+09:00,234.00036621093747,234.00036621093747,234.00036621093747,234.0003662109375,1000,0.0,0.0
2003-01-29 00:00:00+09:00,236.51641845703128,236.51641845703128,236.51641845703128,236.51641845703125,1000,0.0,0.0
2003-01-30 00:00:00+09:00,236.51644361951637,238.026123046875,236.51644361951637,238.026123046875,4000,0.0,0.0
2003-01-31 00:00:00+09:00,239.53584289550784,239.53584289550784,239.53584289550784,239.5358428955078,1000,0.0,0.0
2003-02-03 00:00:00+09:00,241.54875183105472,241.54875183105472,241.54875183105472,241.5487518310547,1000,0.0,0.0
2003-02-04 00:00:00+09:00,241.54875183105472,241.54875183105472,241.54875183105472,241.5487518310547,2000,0.0,0.0
2003-02-05 00:00:00+09:00,241.54875183105472,241.54875183105472,241.54875183105472,241.5487518310547,0,0.0,0.0
2003-02-06 00:00:00+09:00,241.54875183105472,241.54875183105472,241.54875183105472,241.5487518310547,0,0.0,0.0
2003-02-07 00:00:00+09:00,241.54875183105472,241.54875183105472,241.54875183105472,241.5487518310547,0,0.0,0.0
2003-02-10 00:00:00+09:00,241.54875183105472,241.54875183105472,241.54875183105472,241.5487518310547,0,0.0,0.0
2003-02-11 00:00:00+09:00,241.54875183105472,241.54875183105472,241.54875183105472,241.5487518310547,0,0.0,0.0
2003-02-12 00:00:00+09:00,241.54875183105472,241.54875183105472,241.54875183105472,241.5487518310547,0,0.0,0.0
2003-02-13 00:00:00+09:00,241.54875183105472,241.54875183105472,241.54875183105472,241.5487518310547,0,0.0,0.0
2003-02-14 00:00:00+09:00,246.07781737022796,246.07781737022796,244.0649108886719,244.06491088867188,2000,0.0,0.0
2003-02-17 00:00:00+09:00,250.60678100585938,250.60678100585938,250.60678100585938,250.60678100585938,1000,0.0,0.0
2003-02-18 00:00:00+09:00,250.60678100585938,250.60678100585938,250.60678100585938,250.60678100585938,0,0.0,0.0
2003-02-19 00:00:00+09:00,251.6132659912109,251.6132659912109,251.6132659912109,251.61326599121094,0,0.0,0.0
2003-02-20 00:00:00+09:00,253.6261749267578,253.6261749267578,253.6261749267578,253.6261749267578,2000,0.0,0.0
2003-02-21 00:00:00+09:00,253.6261749267578,253.6261749267578,253.6261749267578,253.6261749267578,0,0.0,0.0
2003-02-24 00:00:00+09:00,245.0712890625,245.0712890625,245.0712890625,245.0712890625,3000,0.0,0.0
2003-02-25 00:00:00+09:00,241.54875183105472,241.54875183105472,241.54875183105472,241.5487518310547,1000,0.0,0.0
2003-02-26 00:00:00+09:00,241.54875183105472,241.54875183105472,241.54875183105472,241.5487518310547,0,0.0,0.0
2003-02-27 00:00:00+09:00,242.0519783973694,242.0519783973694,241.54875183105472,241.5487518310547,3000,0.0,0.0
2003-02-28 00:00:00+09:00,242.55518269687582,242.55518269687582,242.0519561767578,242.0519561767578,2000,0.0,0.0
2003-03-03 00:00:00+09:00,245.0712890625,245.0712890625,245.0712890625,245.0712890625,0,0.0,0.0
2003-03-04 00:00:00+09:00,245.0712890625,245.0712890625,245.0712890625,245.0712890625,0,0.0,0.0
2003-03-05 00:00:00+09:00,245.0712890625,245.0712890625,245.0712890625,245.0712890625,0,0.0,0.0
2003-03-06 00:00:00+09:00,245.0712890625,245.0712890625,245.0712890625,245.0712890625,0,0.0,0.0
2003-03-07 00:00:00+09:00,245.57449340820312,245.57449340820312,245.57449340820312,245.57449340820312,1000,0.0,0.0
2003-03-10 00:00:00+09:00,234.00036621093747,234.00036621093747,234.00036621093747,234.0003662109375,1000,0.0,0.0
2003-03-11 00:00:00+09:00,234.00036621093747,234.00036621093747,234.00036621093747,234.0003662109375,1000,0.0,0.0
2003-03-12 00:00:00+09:00,234.00036621093747,234.00036621093747,234.00036621093747,234.0003662109375,0,0.0,0.0
2003-03-13 00:00:00+09:00,234.00036621093747,234.00036621093747,234.00036621093747,234.0003662109375,0,0.0,0.0
2003-03-14 00:00:00+09:00,234.00028634578626,236.51641845703128,234.00028634578626,236.51641845703125,2000,0.0,0.0
2003-03-17 00:00:00+09:00,236.51641845703128,236.51641845703128,236.51641845703128,236.51641845703125,0,0.0,0.0
2003-03-18 00:00:00+09:00,241.54875183105472,241.54875183105472,241.54875183105472,241.5487518310547,1000,0.0,0.0
2003-03-19 00:00:00+09:00,242.051908461774,245.57449340820312,242.051908461774,245.57449340820312,2000,0.0,0.0
2003-03-20 00:00:00+09:00,245.57449340820312,245.57449340820312,245.57449340820312,245.57449340820312,0,0.0,0.0
2003-03-21 00:00:00+09:00,245.57449340820312,245.57449340820312,245.57449340820312,245.57449340820312,0,0.0,0.0
2003-03-24 00:00:00+09:00,251.6132946801326,256.142333984375,251.6132946801326,256.142333984375,4000,0.0,0.0
2003-03-25 00:00:00+09:00,251.6132659912109,251.6132659912109,251.6132659912109,251.61326599121094,1000,0.0,0.0
2003-03-26 00:00:00+09:00,258.9519958496094,258.9519958496094,258.9519958496094,258.9519958496094,2000,20.0,0.0
2003-03-27 00:00:00+09:00,241.12937927246097,241.12937927246097,241.12937927246097,241.12937927246094,1000,0.0,0.0
2003-03-28 00:00:00+09:00,246.37135314941403,246.37135314941403,246.37135314941403,246.37135314941406,0,0.0,0.0
2003-03-31 00:00:00+09:00,246.37135314941403,246.37135314941403,246.37135314941403,246.37135314941406,0,0.0,0.0
2003-04-01 00:00:00+09:00,235.8874816894531,235.8874816894531,235.8874816894531,235.88748168945312,3000,0.0,0.0
2003-04-02 00:00:00+09:00,228.5487060546875,228.5487060546875,228.5487060546875,228.5487060546875,3000,0.0,0.0
2003-04-03 00:00:00+09:00,228.54873046875,230.6455078125,228.54873046875,230.6455078125,18000,0.0,0.0
2003-04-04 00:00:00+09:00,229.0728912353516,229.0728912353516,229.0728912353516,229.07289123535156,3000,0.0,0.0
2003-04-07 00:00:00+09:00,229.0728912353516,230.64547401271096,229.0728912353516,229.07289123535156,26000,0.0,0.0
2003-04-08 00:00:00+09:00,228.54877635035024,228.54877635035024,228.0245819091797,228.0245819091797,13000,0.0,0.0
2003-04-09 00:00:00+09:00,230.6455078125,230.6455078125,230.6455078125,230.6455078125,0,0.0,0.0
2003-04-10 00:00:00+09:00,230.6455078125,230.6455078125,230.6455078125,230.6455078125,3000,0.0,0.0
2003-04-11 00:00:00+09:00,230.6455078125,230.6455078125,230.6455078125,230.6455078125,0,0.0,0.0
2003-04-14 00:00:00+09:00,230.6455078125,230.6455078125,230.6455078125,230.6455078125,0,0.0,0.0
2003-04-15 00:00:00+09:00,230.6455078125,230.6455078125,230.6455078125,230.6455078125,0,0.0,0.0
2003-04-16 00:00:00+09:00,231.69388730834132,231.69388730834132,231.16969299316406,231.16969299316406,3000,0.0,0.0
2003-04-17 00:00:00+09:00,231.16969299316406,231.16969299316406,231.16969299316406,231.16969299316406,0,0.0,0.0
2003-04-18 00:00:00+09:00,231.69392078846423,232.7423095703125,231.69392078846423,232.7423095703125,3000,0.0,0.0
2003-04-21 00:00:00+09:00,232.7423095703125,232.7423095703125,232.7423095703125,232.7423095703125,1000,0.0,0.0
2003-04-22 00:00:00+09:00,234.3148984781901,235.8874816894531,234.3148984781901,235.88748168945312,6000,0.0,0.0
2003-04-23 00:00:00+09:00,235.8874816894531,235.8874816894531,235.8874816894531,235.88748168945312,1000,0.0,0.0
2003-04-24 00:00:00+09:00,240.60518496969473,241.12937927246097,240.60518496969473,241.12937927246094,6000,0.0,0.0
2003-04-25 00:00:00+09:00,241.12937927246097,241.12937927246097,241.12937927246097,241.12937927246094,0,0.0,0.0
2003-04-28 00:00:00+09:00,241.12937927246097,241.12937927246097,241.12937927246097,241.12937927246094,0,0.0,0.0
2003-04-29 00:00:00+09:00,241.12937927246097,241.12937927246097,241.12937927246097,241.12937927246094,0,0.0,0.0
2003-04-30 00:00:00+09:00,241.12942572699652,241.12942572699652,235.8874816894531,235.88748168945312,13000,0.0,0.0
2003-05-01 00:00:00+09:00,238.50848121980653,238.50848121980653,236.93589782714847,236.93589782714844,8000,0.0,0.0
2003-05-02 00:00:00+09:00,236.9358704969618,236.9358704969618,235.8874816894531,235.88748168945312,6000,0.0,0.0
2003-05-05 00:00:00+09:00,235.8874816894531,235.8874816894531,235.8874816894531,235.88748168945312,0,0.0,0.0
2003-05-06 00:00:00+09:00,237.46000671386716,237.46000671386716,237.46000671386716,237.4600067138672,0,0.0,0.0
2003-05-07 00:00:00+09:00,238.50843811035156,238.50843811035156,238.50843811035156,238.50843811035156,0,0.0,0.0
2003-05-08 00:00:00+09:00,251.61322278616962,251.61322278616962,236.41159057617188,236.41159057617188,3000,0.0,0.0
2003-05-09 00:00:00+09:00,238.50843811035156,238.50843811035156,238.50843811035156,238.50843811035156,1000,0.0,0.0
2003-05-12 00:00:00+09:00,239.55683898925784,239.55683898925784,239.55683898925784,239.5568389892578,0,0.0,0.0
2003-05-13 00:00:00+09:00,248.46804809570312,248.46804809570312,248.46804809570312,248.46804809570312,1000,0.0,0.0
2003-05-14 00:00:00+09:00,248.46804809570312,248.46804809570312,248.46804809570312,248.46804809570312,0,0.0,0.0
2003-05-15 00:00:00+09:00,248.9923095703125,248.9923095703125,248.9923095703125,248.9923095703125,1000,0.0,0.0
2003-05-16 00:00:00+09:00,248.9923095703125,248.9923095703125,248.9923095703125,248.9923095703125,1000,0.0,0.0
2003-05-19 00:00:00+09:00,248.9923095703125,248.9923095703125,248.9923095703125,248.9923095703125,1000,0.0,0.0
2003-05-20 00:00:00+09:00,248.9923095703125,248.9923095703125,248.9923095703125,248.9923095703125,0,0.0,0.0
2003-05-21 00:00:00+09:00,248.9923095703125,248.9923095703125,248.9923095703125,248.9923095703125,0,0.0,0.0
2003-05-22 00:00:00+09:00,248.9923095703125,248.9923095703125,248.9923095703125,248.9923095703125,0,0.0,0.0
2003-05-23 00:00:00+09:00,248.9923095703125,248.9923095703125,248.9923095703125,248.9923095703125,0,0.0,0.0
2003-05-26 00:00:00+09:00,256.3310302734375,256.3310302734375,248.9923095703125,248.9923095703125,4000,0.0,0.0
2003-05-27 00:00:00+09:00,248.99232739307843,255.80685424804688,248.99232739307843,255.80685424804688,8000,0.0,0.0
2003-05-28 00:00:00+09:00,255.80685424804688,255.80685424804688,255.80685424804688,255.80685424804688,6000,0.0,0.0
2003-05-29 00:00:00+09:00,255.80685424804688,255.80685424804688,255.80685424804688,255.80685424804688,2000,0.0,0.0
2003-05-30 00:00:00+09:00,255.80685424804688,255.80685424804688,255.80685424804688,255.80685424804688,0,0.0,0.0
2003-06-02 00:00:00+09:00,255.80685424804688,255.80685424804688,255.80685424804688,255.80685424804688,0,0.0,0.0
2003-06-03 00:00:00+09:00,255.80685424804688,255.80685424804688,255.80685424804688,255.80685424804688,0,0.0,0.0
2003-06-04 00:00:00+09:00,254.2342529296875,254.2342529296875,254.2342529296875,254.2342529296875,0,0.0,0.0
2003-06-05 00:00:00+09:00,251.61326599121094,251.61326599121094,251.61326599121094,251.61326599121094,1000,0.0,0.0
2003-06-06 00:00:00+09:00,254.2342529296875,254.2342529296875,254.2342529296875,254.2342529296875,2000,0.0,0.0
2003-06-09 00:00:00+09:00,254.7584686279297,254.7584686279297,254.7584686279297,254.7584686279297,0,0.0,0.0
2003-06-10 00:00:00+09:00,254.7584686279297,254.7584686279297,254.7584686279297,254.7584686279297,2000,0.0,0.0
2003-06-11 00:00:00+09:00,260.0003723512953,260.5245666503906,260.0003723512953,260.5245666503906,2000,0.0,0.0
2003-06-12 00:00:00+09:00,260.5246032347162,261.0487976074219,260.5246032347162,261.0487976074219,3000,0.0,0.0
2003-06-13 00:00:00+09:00,266.2906799316406,266.2906799316406,266.2906799316406,266.2906799316406,1000,0.0,0.0
2003-06-16 00:00:00+09:00,267.3390808105469,267.3390808105469,267.3390808105469,267.3390808105469,3000,0.0,0.0
2003-06-17 00:00:00+09:00,267.3390808105469,267.3390808105469,267.3390808105469,267.3390808105469,3000,0.0,0.0
2003-06-18 00:00:00+09:00,267.3390808105469,267.3390808105469,267.3390808105469,267.3390808105469,0,0.0,0.0
2003-06-19 00:00:00+09:00,267.3390808105469,267.3390808105469,267.3390808105469,267.3390808105469,1000,0.0,0.0
2003-06-20 00:00:00+09:00,267.3390808105469,267.3390808105469,267.3390808105469,267.3390808105469,1000,0.0,0.0
2003-06-23 00:00:00+09:00,267.3390808105469,267.3390808105469,267.3390808105469,267.3390808105469,1000,0.0,0.0
2003-06-24 00:00:00+09:00,267.3390808105469,267.3390808105469,267.3390808105469,267.3390808105469,0,0.0,0.0
2003-06-25 00:00:00+09:00,267.3390808105469,267.3390808105469,267.3390808105469,267.3390808105469,0,0.0,0.0
2003-06-26 00:00:00+09:00,267.3390808105469,267.3390808105469,267.3390808105469,267.3390808105469,6000,0.0,0.0
2003-06-27 00:00:00+09:00,272.58102660052543,304.0326835159707,272.58102660052543,296.1697692871094,50000,0.0,0.0
2003-06-30 00:00:00+09:00,297.2181884765625,298.790771484375,290.9278564453125,290.9278564453125,97000,0.0,0.0
2003-07-01 00:00:00+09:00,288.3068542480469,292.50040849165487,288.3068542480469,288.3068542480469,5000,0.0,0.0
2003-07-02 00:00:00+09:00,298.790771484375,317.1375732421875,298.790771484375,314.5166015625,16000,0.0,0.0
2003-07-03 00:00:00+09:00,314.5166015625,314.5166015625,314.5166015625,314.5166015625,1000,0.0,0.0
2003-07-04 00:00:00+09:00,313.4682006835938,313.4682006835938,313.4682006835938,313.46820068359375,0,0.0,0.0
2003-07-07 00:00:00+09:00,311.8956298828125,313.468212890625,311.8956298828125,311.8956298828125,4000,0.0,0.0
2003-07-08 00:00:00+09:00,311.37140482239806,311.37140482239806,308.7504334013341,309.2746276855469,5000,0.0,0.0
2003-07-09 00:00:00+09:00,304.0326843261719,304.0326843261719,293.54879865975215,304.0326843261719,6000,0.0,0.0
2003-07-10 00:00:00+09:00,288.3068542480469,288.3068542480469,288.3068542480469,288.3068542480469,1000,0.0,0.0
2003-07-11 00:00:00+09:00,297.7424621582031,301.9360179632482,297.7424621582031,297.7424621582031,8000,0.0,0.0
2003-07-14 00:00:00+09:00,297.7424621582031,297.7424621582031,297.7424621582031,297.7424621582031,1000,0.0,0.0
2003-07-15 00:00:00+09:00,297.7424621582031,297.7424621582031,297.7424621582031,297.7424621582031,0,0.0,0.0
2003-07-16 00:00:00+09:00,297.7424621582031,297.7424621582031,297.7424621582031,297.7424621582031,0,0.0,0.0
2003-07-17 00:00:00+09:00,297.7424621582031,297.7424621582031,297.7424621582031,297.7424621582031,0,0.0,0.0
2003-07-18 00:00:00+09:00,297.7424621582031,297.7424621582031,297.7424621582031,297.7424621582031,0,0.0,0.0
2003-07-21 00:00:00+09:00,297.7424621582031,297.7424621582031,297.7424621582031,297.7424621582031,0,0.0,0.0
2003-07-22 00:00:00+09:00,261.0487550290045,262.621337890625,261.0487550290045,262.621337890625,5000,0.0,0.0
2003-07-23 00:00:00+09:00,267.86333565345177,272.5810852050781,267.86333565345177,272.5810852050781,2000,0.0,0.0
2003-07-24 00:00:00+09:00,272.5810852050781,272.5810852050781,272.5810852050781,272.5810852050781,0,0.0,0.0
2003-07-25 00:00:00+09:00,272.5810852050781,272.5810852050781,272.5810852050781,272.5810852050781,0,0.0,0.0
2003-07-28 00:00:00+09:00,272.5810852050781,272.5810852050781,272.5810852050781,272.5810852050781,0,0.0,0.0
2003-07-29 00:00:00+09:00,280.44403076171875,280.44403076171875,280.44403076171875,280.44403076171875,0,0.0,0.0
2003-07-30 00:00:00+09:00,280.44403076171875,280.44403076171875,280.44403076171875,280.44403076171875,2000,0.0,0.0
2003-07-31 00:00:00+09:00,283.0649719238281,283.0649719238281,283.0649719238281,283.0649719238281,1000,0.0,0.0
2003-08-01 00:00:00+09:00,273.10528564453125,273.10528564453125,273.10528564453125,273.10528564453125,2000,0.0,0.0
2003-08-04 00:00:00+09:00,272.5810852050781,272.5810852050781,272.5810852050781,272.5810852050781,1000,0.0,0.0
2003-08-05 00:00:00+09:00,272.5810852050781,272.5810852050781,272.5810852050781,272.5810852050781,0,0.0,0.0
2003-08-06 00:00:00+09:00,272.5810852050781,272.5810852050781,272.5810852050781,272.5810852050781,0,0.0,0.0
2003-08-07 00:00:00+09:00,272.5810852050781,272.5810852050781,272.5810852050781,272.5810852050781,0,0.0,0.0
2003-08-08 00:00:00+09:00,263.66973876953125,263.66973876953125,263.66973876953125,263.66973876953125,1000,0.0,0.0
2003-08-11 00:00:00+09:00,264.7181396484375,264.7181396484375,264.7181396484375,264.7181396484375,1000,0.0,0.0
2003-08-12 00:00:00+09:00,264.7181396484375,264.7181396484375,264.7181396484375,264.7181396484375,0,0.0,0.0
2003-08-13 00:00:00+09:00,264.7181396484375,264.7181396484375,264.7181396484375,264.7181396484375,0,0.0,0.0
2003-08-14 00:00:00+09:00,265.7665100097656,265.7665100097656,265.7665100097656,265.7665100097656,0,0.0,0.0
2003-08-15 00:00:00+09:00,272.5810852050781,272.5810852050781,272.5810852050781,272.5810852050781,4000,0.0,0.0
2003-08-18 00:00:00+09:00,272.5810852050781,272.5810852050781,272.5810852050781,272.5810852050781,0,0.0,0.0
2003-08-19 00:00:00+09:00,272.5810852050781,272.5810852050781,272.5810852050781,272.5810852050781,0,0.0,0.0
2003-08-20 00:00:00+09:00,272.5810852050781,272.5810852050781,272.5810852050781,272.5810852050781,0,0.0,0.0
2003-08-21 00:00:00+09:00,272.58108407479745,283.0649719238281,272.58108407479745,283.0649719238281,3000,0.0,0.0
2003-08-22 00:00:00+09:00,277.822998046875,277.822998046875,277.822998046875,277.822998046875,1000,0.0,0.0
2003-08-25 00:00:00+09:00,272.5810852050781,272.5810852050781,272.5810852050781,272.5810852050781,1000,0.0,0.0
2003-08-26 00:00:00+09:00,273.10528564453125,273.10528564453125,273.10528564453125,273.10528564453125,0,0.0,0.0
2003-08-27 00:00:00+09:00,273.1052002888529,273.62939453125,273.1052002888529,273.62939453125,2000,0.0,0.0
2003-08-28 00:00:00+09:00,280.4439988817487,293.5488586425781,280.4439988817487,293.5488586425781,3000,0.0,0.0
2003-08-29 00:00:00+09:00,293.5488586425781,293.5488586425781,293.5488586425781,293.5488586425781,1000,0.0,0.0
2003-09-01 00:00:00+09:00,298.790746678643,298.790746678643,294.072998046875,294.072998046875,2000,0.0,0.0
2003-09-02 00:00:00+09:00,294.072998046875,294.072998046875,294.072998046875,294.072998046875,2000,0.0,0.0
2003-09-03 00:00:00+09:00,293.5488586425781,293.5488586425781,293.5488586425781,293.5488586425781,3000,0.0,0.0
2003-09-04 00:00:00+09:00,285.6858825683594,285.6858825683594,285.6858825683594,285.6858825683594,2000,0.0,0.0
2003-09-05 00:00:00+09:00,285.6858825683594,285.6858825683594,285.6858825683594,285.6858825683594,0,0.0,0.0
2003-09-08 00:00:00+09:00,285.6858825683594,285.6858825683594,285.6858825683594,285.6858825683594,0,0.0,0.0
2003-09-09 00:00:00+09:00,298.7907409667969,298.7907409667969,298.7907409667969,298.7907409667969,2000,0.0,0.0
2003-09-10 00:00:00+09:00,277.822968639027,288.3068542480469,277.822968639027,288.3068542480469,2000,0.0,0.0
2003-09-11 00:00:00+09:00,277.822998046875,277.822998046875,277.822998046875,277.822998046875,1000,0.0,0.0
2003-09-12 00:00:00+09:00,288.3068542480469,288.3068542480469,288.3068542480469,288.3068542480469,1000,0.0,0.0
2003-09-15 00:00:00+09:00,288.3068542480469,288.3068542480469,288.3068542480469,288.3068542480469,0,0.0,0.0
2003-09-16 00:00:00+09:00,298.7907409667969,298.7907409667969,298.7907409667969,298.7907409667969,1000,0.0,0.0
2003-09-17 00:00:00+09:00,296.1697692871094,296.1697692871094,296.1697692871094,296.1697692871094,0,0.0,0.0
2003-09-18 00:00:00+09:00,288.3068542480469,288.3068542480469,288.3068542480469,288.3068542480469,1000,0.0,0.0
2003-09-19 00:00:00+09:00,287.78267808777196,287.78267808777196,284.63751220703125,284.63751220703125,2000,0.0,0.0
2003-09-22 00:00:00+09:00,284.63751220703125,284.63751220703125,284.63751220703125,284.63751220703125,0,0.0,0.0
2003-09-23 00:00:00+09:00,284.63751220703125,284.63751220703125,284.63751220703125,284.63751220703125,0,0.0,0.0
2003-09-24 00:00:00+09:00,283.06495978486583,283.06495978486583,282.0165710449219,282.0165710449219,2000,0.0,0.0
2003-09-25 00:00:00+09:00,283.06494140625,283.06494140625,277.822998046875,277.822998046875,6000,0.0,0.0
2003-09-26 00:00:00+09:00,278.34719238281247,278.34719238281247,277.822998046875,277.822998046875,4000,0.0,0.0
2003-09-29 00:00:00+09:00,277.822998046875,277.822998046875,277.822998046875,277.822998046875,0,0.0,0.0
2003-09-30 00:00:00+09:00,277.822998046875,277.822998046875,277.822998046875,277.822998046875,0,0.0,0.0
2003-10-01 00:00:00+09:00,277.822998046875,277.822998046875,277.822998046875,277.822998046875,0,0.0,0.0
2003-10-02 00:00:00+09:00,283.0649719238281,283.0649719238281,283.0649719238281,283.0649719238281,1000,0.0,0.0
2003-10-03 00:00:00+09:00,287.2584656871449,288.3068542480469,287.2584656871449,288.3068542480469,6000,0.0,0.0
2003-10-06 00:00:00+09:00,287.7826599675959,288.3068542480469,287.7826599675959,288.3068542480469,3000,0.0,0.0
2003-10-07 00:00:00+09:00,288.3069021891558,304.5569275852718,288.3069021891558,302.9843444824219,7000,0.0,0.0
2003-10-08 00:00:00+09:00,302.9843444824219,302.9843444824219,302.9843444824219,302.9843444824219,0,0.0,0.0
2003-10-09 00:00:00+09:00,288.3068542480469,288.3068542480469,288.3068542480469,288.3068542480469,1000,0.0,0.0
2003-10-10 00:00:00+09:00,288.3068542480469,288.3068542480469,288.3068542480469,288.3068542480469,1000,0.0,0.0
2003-10-13 00:00:00+09:00,288.3068542480469,288.3068542480469,288.3068542480469,288.3068542480469,0,0.0,0.0
2003-10-14 00:00:00+09:00,300.3633291033349,300.3633291033349,288.8310546875,288.8310546875,2000,0.0,0.0
2003-10-15 00:00:00+09:00,289.355224609375,289.355224609375,289.355224609375,289.355224609375,0,0.0,0.0
2003-10-16 00:00:00+09:00,289.355224609375,289.355224609375,289.355224609375,289.355224609375,0,0.0,0.0
2003-10-17 00:00:00+09:00,298.2666073475713,301.4117736816406,298.2666073475713,301.4117736816406,8000,0.0,0.0
2003-10-20 00:00:00+09:00,301.4117736816406,301.4117736816406,301.4117736816406,301.4117736816406,3000,0.0,0.0
2003-10-21 00:00:00+09:00,301.4117431640625,301.4117431640625,290.9278564453125,290.9278564453125,2000,0.0,0.0
2003-10-22 00:00:00+09:00,293.5488586425781,293.5488586425781,293.5488586425781,293.5488586425781,0,0.0,0.0
2003-10-23 00:00:00+09:00,298.7907398570668,298.7907398570668,288.3068542480469,288.3068542480469,13000,0.0,0.0
2003-10-24 00:00:00+09:00,283.0649719238281,283.0649719238281,283.0649719238281,283.0649719238281,1000,0.0,0.0
2003-10-27 00:00:00+09:00,288.3068542480469,288.3068542480469,288.3068542480469,288.3068542480469,2000,0.0,0.0
2003-10-28 00:00:00+09:00,288.8310546875,288.8310546875,288.8310546875,288.8310546875,0,0.0,0.0
2003-10-29 00:00:00+09:00,289.355224609375,289.355224609375,289.355224609375,289.355224609375,1000,0.0,0.0
2003-10-30 00:00:00+09:00,293.5488586425781,293.5488586425781,293.5488586425781,293.5488586425781,4000,0.0,0.0
2003-10-31 00:00:00+09:00,293.5488586425781,293.5488586425781,293.5488586425781,293.5488586425781,1000,0.0,0.0
2003-11-03 00:00:00+09:00,293.5488586425781,293.5488586425781,293.5488586425781,293.5488586425781,0,0.0,0.0
2003-11-04 00:00:00+09:00,293.5488586425781,293.5488586425781,293.5488586425781,293.5488586425781,1000,0.0,0.0
2003-11-05 00:00:00+09:00,293.5488586425781,293.5488586425781,293.5488586425781,293.5488586425781,0,0.0,0.0
2003-11-06 00:00:00+09:00,293.5488586425781,293.5488586425781,293.5488586425781,293.5488586425781,1000,0.0,0.0
2003-11-07 00:00:00+09:00,293.024658203125,293.024658203125,293.024658203125,293.024658203125,0,0.0,0.0
2003-11-10 00:00:00+09:00,293.5488586425781,293.5488586425781,293.5488586425781,293.5488586425781,1000,0.0,0.0
2003-11-11 00:00:00+09:00,282.5407104492188,282.5407104492188,282.5407104492188,282.54071044921875,1000,0.0,0.0
2003-11-12 00:00:00+09:00,290.4036865234375,290.4036865234375,290.4036865234375,290.4036865234375,1000,0.0,0.0
2003-11-13 00:00:00+09:00,290.403662109375,290.9278564453125,290.403662109375,290.9278564453125,2000,0.0,0.0
2003-11-14 00:00:00+09:00,291.4520263671875,291.4520263671875,291.4520263671875,291.4520263671875,1000,0.0,0.0
2003-11-17 00:00:00+09:00,290.9278564453125,290.9278564453125,290.9278564453125,290.9278564453125,1000,0.0,0.0
2003-11-18 00:00:00+09:00,290.9278564453125,290.9278564453125,290.9278564453125,290.9278564453125,4000,0.0,0.0
2003-11-19 00:00:00+09:00,290.40369229997907,293.5488586425781,290.40369229997907,293.5488586425781,3000,0.0,0.0
2003-11-20 00:00:00+09:00,291.4520263671875,291.4520263671875,291.4520263671875,291.4520263671875,0,0.0,0.0
2003-11-21 00:00:00+09:00,291.4520215264682,304.0326843261719,291.4520215264682,304.0326843261719,2000,0.0,0.0
2003-11-24 00:00:00+09:00,304.0326843261719,304.0326843261719,304.0326843261719,304.0326843261719,0,0.0,0.0
2003-11-25 00:00:00+09:00,300.3633117675781,300.3633117675781,300.3633117675781,300.3633117675781,1000,0.0,0.0
2003-11-26 00:00:00+09:00,308.75043440021454,319.7585144042969,306.65365725657983,319.7585144042969,12000,0.0,0.0
2003-11-27 00:00:00+09:00,316.61338514402235,316.61338514402235,309.7988586425782,309.7988586425781,3000,0.0,0.0
2003-11-28 00:00:00+09:00,304.556903259583,313.9924011230469,301.4117373050951,313.9924011230469,5000,0.0,0.0
2003-12-01 00:00:00+09:00,295.64556413653787,305.6052551269531,295.64556413653787,305.6052551269531,2000,0.0,0.0
2003-12-02 00:00:00+09:00,305.6052551269531,305.6052551269531,305.6052551269531,305.6052551269531,0,0.0,0.0
2003-12-03 00:00:00+09:00,308.2263488769532,308.2263488769532,308.2263488769532,308.2263488769531,0,0.0,0.0
2003-12-04 00:00:00+09:00,304.0326843261719,304.0326843261719,304.0326843261719,304.0326843261719,1000,0.0,0.0
2003-12-05 00:00:00+09:00,301.93596807065217,301.93596807065217,301.4117736816406,301.4117736816406,2000,0.0,0.0
2003-12-08 00:00:00+09:00,308.75048828124994,308.75048828124994,308.75048828124994,308.75048828125,1000,0.0,0.0
2003-12-09 00:00:00+09:00,306.12945556640625,306.12945556640625,306.12945556640625,306.12945556640625,0,0.0,0.0
2003-12-10 00:00:00+09:00,306.12945556640625,306.12945556640625,306.12945556640625,306.12945556640625,0,0.0,0.0
2003-12-11 00:00:00+09:00,306.12945556640625,306.12945556640625,306.12945556640625,306.12945556640625,3000,0.0,0.0
2003-12-12 00:00:00+09:00,298.7907409667969,298.7907409667969,298.7907409667969,298.7907409667969,1000,0.0,0.0
2003-12-15 00:00:00+09:00,301.4117736816406,301.4117736816406,301.4117736816406,301.4117736816406,1000,0.0,0.0
2003-12-16 00:00:00+09:00,301.9359436035156,301.9359436035156,301.9359436035156,301.9359436035156,2000,0.0,0.0
2003-12-17 00:00:00+09:00,302.9843444824219,302.9843444824219,302.9843444824219,302.9843444824219,1000,0.0,0.0
2003-12-18 00:00:00+09:00,304.0327271142493,304.0327271142493,302.46014404296875,302.46014404296875,5000,0.0,0.0
2003-12-19 00:00:00+09:00,301.9360179632482,301.9360179632482,297.7424621582031,297.7424621582031,3000,0.0,0.0
2003-12-22 00:00:00+09:00,298.7907409667969,298.7907409667969,298.7907409667969,298.7907409667969,0,0.0,0.0
2003-12-23 00:00:00+09:00,298.7907409667969,298.7907409667969,298.7907409667969,298.7907409667969,0,0.0,0.0
2003-12-24 00:00:00+09:00,299.839111328125,299.839111328125,299.839111328125,299.839111328125,0,0.0,0.0
2003-12-25 00:00:00+09:00,299.839111328125,299.839111328125,299.839111328125,299.839111328125,5000,0.0,0.0
2003-12-26 00:00:00+09:00,300.3633117675781,300.3633117675781,300.3633117675781,300.3633117675781,4000,0.0,0.0
2003-12-29 00:00:00+09:00,302.46014404296875,302.46014404296875,302.46014404296875,302.46014404296875,1000,0.0,0.0
2003-12-30 00:00:00+09:00,304.032758547936,339.67797851562506,304.032758547936,339.677978515625,5000,0.0,0.0
2003-12-31 00:00:00+09:00,339.67797851562506,339.67797851562506,339.67797851562506,339.677978515625,0,0.0,0.0
2004-01-01 00:00:00+09:00,339.67797851562506,339.67797851562506,339.67797851562506,339.677978515625,0,0.0,0.0
2004-01-02 00:00:00+09:00,339.67797851562506,339.67797851562506,339.67797851562506,339.677978515625,0,0.0,0.0
2004-01-05 00:00:00+09:00,331.2909240722656,331.2909240722656,331.2909240722656,331.2909240722656,3000,0.0,0.0
2004-01-06 00:00:00+09:00,329.7183221829992,329.7183221829992,308.2263488769532,308.2263488769531,3000,0.0,0.0
2004-01-07 00:00:00+09:00,314.5166015625,314.5166015625,314.5166015625,314.5166015625,3000,0.0,0.0
2004-01-08 00:00:00+09:00,314.51657154521007,319.7585144042969,306.65365725657983,319.7585144042969,6000,0.0,0.0
2004-01-09 00:00:00+09:00,325.0004575155615,325.0004575155615,322.3794860839844,322.3794860839844,3000,0.0,0.0
2004-01-12 00:00:00+09:00,322.3794860839844,322.3794860839844,322.3794860839844,322.3794860839844,0,0.0,0.0
2004-01-13 00:00:00+09:00,334.96021137387737,334.96021137387737,330.24246191790724,332.8634338378906,6000,0.0,0.0
2004-01-14 00:00:00+09:00,330.2425231933594,330.2425231933594,330.2425231933594,330.2425231933594,1000,0.0,0.0
2004-01-15 00:00:00+09:00,330.76671767461863,331.29091215587795,330.2425231933594,330.2425231933594,6000,0.0,0.0
2004-01-16 00:00:00+09:00,319.7585201422109,319.7585201422109,315.040771484375,315.040771484375,4000,0.0,0.0
2004-01-19 00:00:00+09:00,322.90368652343744,322.90368652343744,322.90368652343744,322.9036865234375,0,0.0,0.0
2004-01-20 00:00:00+09:00,328.66978690854967,329.19398114604337,325.0004272460938,325.00042724609375,3000,0.0,0.0
2004-01-21 00:00:00+09:00,322.90368652343744,322.90368652343744,322.90368652343744,322.9036865234375,1000,0.0,0.0
2004-01-22 00:00:00+09:00,325.0005842350931,331.29091812351425,325.0005842350931,330.7667236328125,4000,0.0,0.0
2004-01-23 00:00:00+09:00,332.8634338378906,334.43601698988067,332.8634338378906,332.8634338378906,12000,0.0,0.0
2004-01-26 00:00:00+09:00,336.5328035979292,360.12155151367193,336.0086091998016,360.1215515136719,6000,0.0,0.0
2004-01-27 00:00:00+09:00,357.50051852634977,357.50051852634977,352.2585754394532,352.2585754394531,5000,0.0,0.0
2004-01-28 00:00:00+09:00,343.3472900390625,343.3472900390625,340.726318359375,340.726318359375,2000,0.0,0.0
2004-01-29 00:00:00+09:00,335.484375,335.484375,335.484375,335.484375,0,0.0,0.0
2004-01-30 00:00:00+09:00,336.00857548743676,336.00857548743676,333.3876037597657,333.3876037597656,5000,0.0,0.0
2004-02-02 00:00:00+09:00,335.484375,335.484375,335.484375,335.484375,1000,0.0,0.0
2004-02-03 00:00:00+09:00,330.242431640625,335.484375,330.242431640625,335.484375,6000,0.0,0.0
2004-02-04 00:00:00+09:00,335.484375,335.484375,335.484375,335.484375,1000,0.0,0.0
2004-02-05 00:00:00+09:00,330.2425231933594,330.2425231933594,330.2425231933594,330.2425231933594,1000,0.0,0.0
2004-02-06 00:00:00+09:00,330.2423696210308,330.2423696210308,325.0004272460938,325.00042724609375,2000,0.0,0.0
2004-02-09 00:00:00+09:00,332.8634338378906,332.8634338378906,332.8634338378906,332.8634338378906,0,0.0,0.0
2004-02-10 00:00:00+09:00,334.43601698988067,334.43601698988067,332.8634338378906,332.8634338378906,2000,0.0,0.0
2004-02-11 00:00:00+09:00,332.8634338378906,332.8634338378906,332.8634338378906,332.8634338378906,0,0.0,0.0
2004-02-12 00:00:00+09:00,332.86332123218256,346.49237060546875,332.86332123218256,346.49237060546875,2000,0.0,0.0
2004-02-13 00:00:00+09:00,346.49249871475814,347.0166931152344,340.72636030952015,347.0166931152344,6000,0.0,0.0
2004-02-16 00:00:00+09:00,347.0165891705137,347.0165891705137,344.3956179532138,345.96820068359375,8000,0.0,0.0
2004-02-17 00:00:00+09:00,345.9682433245933,345.9682433245933,344.3956604003906,344.3956604003906,3000,0.0,0.0
2004-02-18 00:00:00+09:00,346.49239492705374,346.49239492705374,345.96820068359375,345.96820068359375,2000,0.0,0.0
2004-02-19 00:00:00+09:00,346.49245605468747,348.5892333984375,346.49245605468747,348.5892333984375,3000,0.0,0.0
2004-02-20 00:00:00+09:00,350.6860107421875,351.210205078125,350.6860107421875,351.210205078125,4000,0.0,0.0
2004-02-23 00:00:00+09:00,350.1618347167969,350.1618347167969,350.1618347167969,350.1618347167969,0,0.0,0.0
2004-02-24 00:00:00+09:00,345.96820068359375,345.96820068359375,345.96820068359375,345.96820068359375,2000,0.0,0.0
2004-02-25 00:00:00+09:00,350.16181640625,351.210205078125,350.16181640625,351.210205078125,2000,0.0,0.0
2004-02-26 00:00:00+09:00,351.21014449508107,353.8311157226563,351.21014449508107,353.83111572265625,2000,0.0,0.0
2004-02-27 00:00:00+09:00,353.83121999486093,353.83121999486093,349.6376647949219,349.6376647949219,3000,0.0,0.0
2004-03-01 00:00:00+09:00,349.1134159176849,360.6456909179688,349.1134159176849,360.64569091796875,3000,0.0,0.0
2004-03-02 00:00:00+09:00,359.0731079633846,360.6456909179688,356.452136372411,360.64569091796875,5000,0.0,0.0
2004-03-03 00:00:00+09:00,356.4521179199219,356.4521179199219,356.4521179199219,356.4521179199219,2000,0.0,0.0
2004-03-04 00:00:00+09:00,356.9763728929602,361.69412231445307,356.9763728929602,361.6941223144531,5000,0.0,0.0
2004-03-05 00:00:00+09:00,362.21830351274093,381.6134948730469,362.21830351274093,381.6134948730469,7000,0.0,0.0
2004-03-08 00:00:00+09:00,379.5167589342272,387.90386962890625,379.5167589342272,387.90386962890625,10000,0.0,0.0
2004-03-09 00:00:00+09:00,401.0086669921875,401.0086669921875,401.0086669921875,401.0086669921875,5000,0.0,0.0
2004-03-10 00:00:00+09:00,401.0086669921875,401.0086669921875,401.0086669921875,401.0086669921875,0,0.0,0.0
2004-03-11 00:00:00+09:00,391.57318675518036,402.5812683105469,391.57318675518036,402.5812683105469,6000,0.0,0.0
2004-03-12 00:00:00+09:00,398.38775634765625,398.38775634765625,398.38775634765625,398.38775634765625,0,0.0,0.0
2004-03-15 00:00:00+09:00,393.1458138130806,393.1458138130806,387.90386962890625,387.90386962890625,3000,0.0,0.0
2004-03-16 00:00:00+09:00,382.66184734053405,391.5731506347656,382.66184734053405,391.5731506347656,2000,0.0,0.0
2004-03-17 00:00:00+09:00,391.57314433356527,391.57314433356527,382.66184118273446,388.427978515625,6000,0.0,0.0
2004-03-18 00:00:00+09:00,393.14569709462904,398.3876397225575,393.14569709462904,393.6698913574219,3000,0.0,0.0
2004-03-19 00:00:00+09:00,393.66994032841194,403.1054382324218,393.66994032841194,403.1054382324219,5000,0.0,0.0
2004-03-22 00:00:00+09:00,403.1054443359375,408.87158203125,403.1054443359375,408.87158203125,8000,0.0,0.0
2004-03-23 00:00:00+09:00,402.5812683105469,402.5812683105469,402.5812683105469,402.5812683105469,0,0.0,0.0
2004-03-24 00:00:00+09:00,402.5812439044213,403.1054382324218,402.5812439044213,403.1054382324219,7000,0.0,0.0
2004-03-25 00:00:00+09:00,408.87158203125,414.113525390625,408.87158203125,414.113525390625,8000,0.0,0.0
2004-03-26 00:00:00+09:00,414.113525390625,414.113525390625,414.113525390625,414.113525390625,5000,20.0,0.0
2004-03-29 00:00:00+09:00,406.04637879210634,414.113525390625,406.04637879210634,414.113525390625,2000,0.0,0.0
2004-03-30 00:00:00+09:00,414.113525390625,414.113525390625,414.113525390625,414.113525390625,3000,0.0,0.0
2004-03-31 00:00:00+09:00,413.5757446289062,413.5757446289062,413.5757446289062,413.57574462890625,0,0.0,0.0
2004-04-01 00:00:00+09:00,411.4244689941406,411.4244689941406,411.4244689941406,411.4244689941406,0,0.0,0.0
2004-04-02 00:00:00+09:00,411.4244689941406,411.4244689941406,411.4244689941406,411.4244689941406,1000,0.0,0.0
2004-04-05 00:00:00+09:00,411.96228629768666,414.113525390625,411.4244765244521,414.113525390625,7000,0.0,0.0
2004-04-06 00:00:00+09:00,413.57574731445317,413.57574731445317,403.35736083984375,403.35736083984375,3000,0.0,0.0
2004-04-07 00:00:00+09:00,425.40744018554693,425.40744018554693,425.40744018554693,425.4074401855469,1000,0.0,0.0
2004-04-08 00:00:00+09:00,421.10496099449784,421.10496099449784,414.65124511718756,414.6512451171875,5000,0.0,0.0
2004-04-09 00:00:00+09:00,413.57573390415735,413.57573390415735,376.46685791015625,376.46685791015625,24000,0.0,0.0
2004-04-12 00:00:00+09:00,387.22305385044643,387.22305385044643,376.46685791015625,376.46685791015625,12000,0.0,0.0
2004-04-13 00:00:00+09:00,387.22314453125,387.22314453125,387.22314453125,387.22314453125,2000,0.0,0.0
2004-04-14 00:00:00+09:00,397.979248046875,397.979248046875,397.979248046875,397.979248046875,5000,0.0,0.0
2004-04-15 00:00:00+09:00,397.979248046875,397.979248046875,397.979248046875,397.979248046875,2000,0.0,0.0
2004-04-16 00:00:00+09:00,395.2901392484966,408.7353820800781,395.2901392484966,408.7353820800781,5000,0.0,0.0
2004-04-19 00:00:00+09:00,403.35736083984375,408.73545898437504,403.35736083984375,403.35736083984375,9000,0.0,0.0
2004-04-20 00:00:00+09:00,403.35734599345443,403.35734599345443,397.979248046875,397.979248046875,4000,0.0,0.0
2004-04-21 00:00:00+09:00,398.5170725097656,403.35736083984375,398.5170725097656,403.35736083984375,3000,0.0,0.0
2004-04-22 00:00:00+09:00,403.35736083984375,403.35736083984375,403.35736083984375,403.35736083984375,2000,0.0,0.0
2004-04-23 00:00:00+09:00,397.97923299711044,397.97923299711044,392.60113525390625,392.60113525390625,3000,0.0,0.0
2004-04-26 00:00:00+09:00,392.60113525390625,392.60113525390625,392.60113525390625,392.60113525390625,2000,0.0,0.0
2004-04-27 00:00:00+09:00,393.13897705078125,393.13897705078125,393.13897705078125,393.13897705078125,3000,0.0,0.0
2004-04-28 00:00:00+09:00,393.13897705078125,393.13897705078125,393.13897705078125,393.13897705078125,1000,0.0,0.0
2004-04-29 00:00:00+09:00,393.13897705078125,393.13897705078125,393.13897705078125,393.13897705078125,0,0.0,0.0
2004-04-30 00:00:00+09:00,393.67675781250006,393.67675781250006,393.67675781250006,393.6767578125,0,0.0,0.0
2004-05-03 00:00:00+09:00,393.67675781250006,393.67675781250006,393.67675781250006,393.6767578125,0,0.0,0.0
2004-05-04 00:00:00+09:00,393.67675781250006,393.67675781250006,393.67675781250006,393.6767578125,0,0.0,0.0
2004-05-05 00:00:00+09:00,393.67675781250006,393.67675781250006,393.67675781250006,393.6767578125,0,0.0,0.0
2004-05-06 00:00:00+09:00,394.21456909179693,394.21456909179693,394.21456909179693,394.2145690917969,1000,0.0,0.0
2004-05-07 00:00:00+09:00,393.6768041433589,399.59271240234375,392.6011844599071,399.59271240234375,3000,0.0,0.0
2004-05-10 00:00:00+09:00,389.91208638230415,392.60113525390625,389.91208638230415,392.60113525390625,2000,0.0,0.0
2004-05-11 00:00:00+09:00,387.22314453125,387.22314453125,387.22314453125,387.22314453125,0,0.0,0.0
2004-05-12 00:00:00+09:00,387.22314453125,387.22314453125,387.22314453125,387.22314453125,0,0.0,0.0
2004-05-13 00:00:00+09:00,387.22314453125,387.22314453125,387.22314453125,387.22314453125,0,0.0,0.0
2004-05-14 00:00:00+09:00,376.46685791015625,376.46685791015625,376.46685791015625,376.46685791015625,1000,0.0,0.0
2004-05-17 00:00:00+09:00,360.3326039708647,360.3326039708647,357.6435546875,357.6435546875,2000,0.0,0.0
2004-05-18 00:00:00+09:00,344.1982572115385,349.5763549804688,344.1982572115385,349.57635498046875,3000,0.0,0.0
2004-05-19 00:00:00+09:00,350.11419677734375,350.11419677734375,350.11419677734375,350.11419677734375,1000,0.0,0.0
2004-05-20 00:00:00+09:00,351.1897888183594,351.1897888183594,351.1897888183594,351.1897888183594,1000,0.0,0.0
2004-05-21 00:00:00+09:00,363.02163397515574,384.5340270996094,363.02163397515574,384.5340270996094,4000,0.0,0.0
2004-05-24 00:00:00+09:00,392.06335473632817,403.35736083984375,381.30715844726564,403.35736083984375,10000,0.0,0.0
2004-05-25 00:00:00+09:00,414.1135343571299,430.24782790351156,414.1135343571299,417.34039306640625,29000,0.0,0.0
2004-05-26 00:00:00+09:00,417.34045268397176,417.34045268397176,414.651403375441,416.8026428222656,5000,0.0,0.0
2004-05-27 00:00:00+09:00,416.80256662805095,416.80256662805095,411.4244689941406,411.4244689941406,7000,0.0,0.0
2004-05-28 00:00:00+09:00,416.80257425679787,416.80257425679787,414.113525390625,414.113525390625,2000,0.0,0.0
2004-05-31 00:00:00+09:00,419.49171994767096,427.55886840820307,419.49171994767096,427.5588684082031,4000,0.0,0.0
2004-06-01 00:00:00+09:00,424.86982465864304,424.86982465864304,417.8782958984375,417.8782958984375,3000,0.0,0.0
2004-06-02 00:00:00+09:00,417.34038403003245,417.34038403003245,414.113525390625,414.113525390625,3000,0.0,0.0
2004-06-03 00:00:00+09:00,416.80257425679787,416.80257425679787,414.113525390625,414.113525390625,4000,0.0,0.0
2004-06-04 00:00:00+09:00,409.27319179334137,409.27319179334137,408.7353820800781,408.7353820800781,2000,0.0,0.0
2004-06-07 00:00:00+09:00,409.2732253208794,420.5672302246094,409.2732253208794,420.5672302246094,3000,0.0,0.0
2004-06-08 00:00:00+09:00,418.4160035765016,418.4160035765016,414.113525390625,414.113525390625,3000,0.0,0.0
2004-06-09 00:00:00+09:00,409.27319179334137,409.27319179334137,408.7353820800781,408.7353820800781,3000,0.0,0.0
2004-06-10 00:00:00+09:00,418.95376743414465,419.4915771484375,418.95376743414465,419.4915771484375,2000,0.0,0.0
2004-06-11 00:00:00+09:00,419.4915771484375,419.4915771484375,419.4915771484375,419.4915771484375,3000,0.0,0.0
2004-06-14 00:00:00+09:00,424.8697353363037,430.24783325195307,415.1891590881347,430.2478332519531,7000,0.0,0.0
2004-06-15 00:00:00+09:00,424.8697509765625,424.8697509765625,424.8697509765625,424.8697509765625,2000,0.0,0.0
2004-06-16 00:00:00+09:00,428.09653105421,439.92834472656256,428.09653105421,439.9283447265625,3000,0.0,0.0
2004-06-17 00:00:00+09:00,440.46609660823174,441.00390625,440.46609660823174,441.00390625,6000,0.0,0.0
2004-06-18 00:00:00+09:00,443.6931772052117,456.0628051757813,443.6931772052117,456.06280517578125,4000,0.0,0.0
2004-06-21 00:00:00+09:00,456.0628051757813,456.0628051757813,456.0628051757813,456.06280517578125,0,0.0,0.0
2004-06-22 00:00:00+09:00,456.0628051757813,456.0628051757813,456.0628051757813,456.06280517578125,0,0.0,0.0
2004-06-23 00:00:00+09:00,457.1382751464843,457.1382751464843,457.1382751464843,457.1382751464844,3000,0.0,0.0
2004-06-24 00:00:00+09:00,430.24783325195307,430.24783325195307,430.24783325195307,430.2478332519531,1000,0.0,0.0
2004-06-25 00:00:00+09:00,430.24783325195307,430.24783325195307,430.24783325195307,430.2478332519531,4000,0.0,0.0
2004-06-28 00:00:00+09:00,430.24783325195307,430.24783325195307,430.24783325195307,430.2478332519531,9000,0.0,0.0
2004-06-29 00:00:00+09:00,431.3233947753906,431.3233947753906,431.3233947753906,431.3233947753906,0,0.0,0.0
2004-06-30 00:00:00+09:00,450.6845397949219,450.6845397949219,450.6845397949219,450.6845397949219,1000,0.0,0.0
2004-07-01 00:00:00+09:00,432.3991174768518,436.163786410108,432.3991174768518,435.6259765625,3000,0.0,0.0
2004-07-02 00:00:00+09:00,435.62592969621926,451.7602233886719,435.62592969621926,451.7602233886719,4000,0.0,0.0
2004-07-05 00:00:00+09:00,450.6845397949219,450.6845397949219,450.6845397949219,450.6845397949219,0,0.0,0.0
2004-07-06 00:00:00+09:00,426.4831283799368,428.0965576171875,426.4831283799368,428.0965576171875,3000,0.0,0.0
2004-07-07 00:00:00+09:00,428.0965576171875,428.0965576171875,428.0965576171875,428.0965576171875,0,0.0,0.0
2004-07-08 00:00:00+09:00,428.0965576171875,428.0965576171875,428.0965576171875,428.0965576171875,0,0.0,0.0
2004-07-09 00:00:00+09:00,426.48318335022594,426.48318335022594,425.94537353515625,425.94537353515625,2000,0.0,0.0
2004-07-12 00:00:00+09:00,427.0210585108343,427.55886840820307,426.4832486134655,427.5588684082031,6000,0.0,0.0
2004-07-13 00:00:00+09:00,427.55886840820307,427.55886840820307,427.55886840820307,427.5588684082031,2000,0.0,0.0
2004-07-14 00:00:00+09:00,427.55886840820307,427.55886840820307,427.55886840820307,427.5588684082031,0,0.0,0.0
2004-07-15 00:00:00+09:00,427.55886840820307,427.55886840820307,427.55886840820307,427.5588684082031,1000,0.0,0.0
2004-07-16 00:00:00+09:00,427.55886840820307,427.55886840820307,427.55886840820307,427.5588684082031,2000,0.0,0.0
2004-07-19 00:00:00+09:00,427.55886840820307,427.55886840820307,427.55886840820307,427.5588684082031,0,0.0,0.0
2004-07-20 00:00:00+09:00,424.33191108208194,424.33191108208194,414.113525390625,414.113525390625,2000,0.0,0.0
2004-07-21 00:00:00+09:00,415.72686443007257,415.72686443007257,414.65124511718756,414.6512451171875,3000,0.0,0.0
2004-07-22 00:00:00+09:00,414.65124511718756,414.65124511718756,414.65124511718756,414.6512451171875,1000,0.0,0.0
2004-07-23 00:00:00+09:00,415.1891174316406,415.1891174316406,415.1891174316406,415.1891174316406,0,0.0,0.0
2004-07-26 00:00:00+09:00,430.24783325195307,430.24783325195307,430.24783325195307,430.2478332519531,1000,0.0,0.0
2004-07-27 00:00:00+09:00,424.8696742913662,424.8696742913662,419.4915771484375,419.4915771484375,2000,0.0,0.0
2004-07-28 00:00:00+09:00,419.49169213079637,419.49169213079637,416.8026428222656,416.8026428222656,3000,0.0,0.0
2004-07-29 00:00:00+09:00,414.1135894213718,438.3150329589844,414.1135894213718,438.3150329589844,2000,0.0,0.0
2004-07-30 00:00:00+09:00,435.62597656249994,435.62597656249994,435.62597656249994,435.6259765625,0,0.0,0.0
2004-08-02 00:00:00+09:00,432.93682861328125,432.93682861328125,432.93682861328125,432.93682861328125,0,0.0,0.0
2004-08-03 00:00:00+09:00,431.8612365722656,431.8612365722656,431.8612365722656,431.8612365722656,0,0.0,0.0
2004-08-04 00:00:00+09:00,427.55886840820307,427.55886840820307,427.55886840820307,427.5588684082031,0,0.0,0.0
2004-08-05 00:00:00+09:00,427.55886840820307,427.55886840820307,427.55886840820307,427.5588684082031,0,0.0,0.0
2004-08-06 00:00:00+09:00,427.55886840820307,427.55886840820307,427.55886840820307,427.5588684082031,0,0.0,0.0
2004-08-09 00:00:00+09:00,427.55886840820307,427.55886840820307,427.55886840820307,427.5588684082031,0,0.0,0.0
2004-08-10 00:00:00+09:00,427.0209655761719,427.0209655761719,427.0209655761719,427.0209655761719,0,0.0,0.0
2004-08-11 00:00:00+09:00,427.0209655761719,427.0209655761719,427.0209655761719,427.0209655761719,0,0.0,0.0
2004-08-12 00:00:00+09:00,427.0209655761719,427.0209655761719,427.0209655761719,427.0209655761719,0,0.0,0.0
2004-08-13 00:00:00+09:00,427.0209655761719,427.0209655761719,427.0209655761719,427.0209655761719,0,0.0,0.0
2004-08-16 00:00:00+09:00,424.8697509765625,424.8697509765625,424.8697509765625,424.8697509765625,2000,0.0,0.0
2004-08-17 00:00:00+09:00,416.8026428222656,416.8026428222656,416.8026428222656,416.8026428222656,1000,0.0,0.0
2004-08-18 00:00:00+09:00,416.8026428222656,416.8026428222656,416.8026428222656,416.8026428222656,0,0.0,0.0
2004-08-19 00:00:00+09:00,416.8026428222656,416.8026428222656,416.8026428222656,416.8026428222656,0,0.0,0.0
2004-08-20 00:00:00+09:00,416.8026428222656,416.8026428222656,416.8026428222656,416.8026428222656,1000,0.0,0.0
2004-08-23 00:00:00+09:00,406.04638671875,406.04638671875,406.04638671875,406.04638671875,0,0.0,0.0
2004-08-24 00:00:00+09:00,402.8194885253906,402.8194885253906,402.8194885253906,402.8194885253906,0,0.0,0.0
2004-08-25 00:00:00+09:00,402.8194885253906,402.8194885253906,402.8194885253906,402.8194885253906,0,0.0,0.0
2004-08-26 00:00:00+09:00,402.2816787943821,402.8194885253906,401.7438690633736,402.8194885253906,6000,0.0,0.0
2004-08-27 00:00:00+09:00,401.2060852050781,401.2060852050781,401.2060852050781,401.2060852050781,1000,0.0,0.0
2004-08-30 00:00:00+09:00,401.2060852050781,401.2060852050781,401.2060852050781,401.2060852050781,3000,0.0,0.0
2004-08-31 00:00:00+09:00,401.2060852050781,401.2060852050781,401.2060852050781,401.2060852050781,0,0.0,0.0
2004-09-01 00:00:00+09:00,401.2060852050781,401.2060852050781,401.2060852050781,401.2060852050781,0,0.0,0.0
2004-09-02 00:00:00+09:00,400.6683349609375,400.6683349609375,400.6683349609375,400.6683349609375,0,0.0,0.0
2004-09-03 00:00:00+09:00,400.6683349609375,400.6683349609375,400.6683349609375,400.6683349609375,1000,0.0,0.0
2004-09-06 00:00:00+09:00,400.6683349609375,400.6683349609375,400.6683349609375,400.6683349609375,1000,0.0,0.0
2004-09-07 00:00:00+09:00,400.6683349609375,400.6683349609375,400.6683349609375,400.6683349609375,0,0.0,0.0
2004-09-08 00:00:00+09:00,400.6683349609375,400.6683349609375,400.6683349609375,400.6683349609375,0,0.0,0.0
2004-09-09 00:00:00+09:00,400.1304519218538,400.1304519218538,396.36578369140625,396.36578369140625,3000,0.0,0.0
2004-09-10 00:00:00+09:00,394.75237435118794,394.75237435118794,392.60113525390625,392.60113525390625,4000,0.0,0.0
2004-09-13 00:00:00+09:00,392.60113525390625,392.60113525390625,392.60113525390625,392.60113525390625,7000,0.0,0.0
2004-09-14 00:00:00+09:00,393.67679268973217,395.29022216796875,393.67679268973217,395.29022216796875,2000,0.0,0.0
2004-09-15 00:00:00+09:00,395.29022216796875,395.29022216796875,395.29022216796875,395.29022216796875,2000,0.0,0.0
2004-09-16 00:00:00+09:00,395.290216323289,395.290216323289,393.13897705078125,393.13897705078125,6000,0.0,0.0
2004-09-17 00:00:00+09:00,390.44993373325894,395.29022216796875,390.44993373325894,395.29022216796875,4000,0.0,0.0
2004-09-20 00:00:00+09:00,395.29022216796875,395.29022216796875,395.29022216796875,395.29022216796875,0,0.0,0.0
2004-09-21 00:00:00+09:00,395.29022216796875,395.29022216796875,395.29022216796875,395.29022216796875,0,0.0,0.0
2004-09-22 00:00:00+09:00,393.13897705078125,393.13897705078125,393.13897705078125,393.13897705078125,1000,0.0,0.0
2004-09-23 00:00:00+09:00,393.13897705078125,393.13897705078125,393.13897705078125,393.13897705078125,0,0.0,0.0
2004-09-24 00:00:00+09:00,393.13894423447647,414.6513351638596,392.6011344612419,414.113525390625,4000,0.0,0.0
2004-09-27 00:00:00+09:00,406.5840759277344,406.5840759277344,406.5840759277344,406.5840759277344,0,0.0,0.0
2004-09-28 00:00:00+09:00,403.35736083984375,403.35736083984375,403.35736083984375,403.35736083984375,1000,0.0,0.0
2004-09-29 00:00:00+09:00,403.35736083984375,403.35736083984375,403.35736083984375,403.35736083984375,0,0.0,0.0
2004-09-30 00:00:00+09:00,396.9036254882812,396.9036254882812,396.9036254882812,396.90362548828125,0,0.0,0.0
2004-10-01 00:00:00+09:00,392.60116723265435,393.13897705078125,392.60116723265435,393.13897705078125,2000,0.0,0.0
2004-10-04 00:00:00+09:00,394.21456909179693,394.21456909179693,394.21456909179693,394.2145690917969,0,0.0,0.0
2004-10-05 00:00:00+09:00,396.36590439340347,396.36590439340347,395.82809448242193,395.8280944824219,2000,0.0,0.0
2004-10-06 00:00:00+09:00,393.13904492751413,395.82809448242193,393.13904492751413,395.8280944824219,8000,0.0,0.0
2004-10-07 00:00:00+09:00,395.82809448242193,395.82809448242193,395.82809448242193,395.8280944824219,0,0.0,0.0
2004-10-08 00:00:00+09:00,395.82809448242193,395.82809448242193,395.82809448242193,395.8280944824219,1000,0.0,0.0
2004-10-11 00:00:00+09:00,395.82809448242193,395.82809448242193,395.82809448242193,395.8280944824219,0,0.0,0.0
2004-10-12 00:00:00+09:00,394.7524108886719,394.7524108886719,394.7524108886719,394.7524108886719,2000,0.0,0.0
2004-10-13 00:00:00+09:00,394.7524108886719,394.7524108886719,394.7524108886719,394.7524108886719,0,0.0,0.0
2004-10-14 00:00:00+09:00,393.13897705078125,393.13897705078125,393.13897705078125,393.13897705078125,3000,0.0,0.0
2004-10-15 00:00:00+09:00,393.13897705078125,393.13897705078125,393.13897705078125,393.13897705078125,6000,0.0,0.0
2004-10-18 00:00:00+09:00,393.13894502822666,393.13894502822666,392.60113525390625,392.60113525390625,2000,0.0,0.0
2004-10-19 00:00:00+09:00,393.13897705078125,393.13897705078125,393.13897705078125,393.13897705078125,0,0.0,0.0
2004-10-20 00:00:00+09:00,392.60113525390625,392.60113525390625,392.60113525390625,392.60113525390625,2000,0.0,0.0
2004-10-21 00:00:00+09:00,392.60113525390625,392.60113525390625,392.60113525390625,392.60113525390625,0,0.0,0.0
2004-10-22 00:00:00+09:00,392.60113525390625,392.60113525390625,392.60113525390625,392.60113525390625,0,0.0,0.0
2004-10-25 00:00:00+09:00,392.60113525390625,392.60113525390625,392.60113525390625,392.60113525390625,3000,0.0,0.0
2004-10-26 00:00:00+09:00,393.13897705078125,393.13897705078125,393.13897705078125,393.13897705078125,1000,0.0,0.0
2004-10-27 00:00:00+09:00,393.13897705078125,393.13897705078125,393.13897705078125,393.13897705078125,1000,0.0,0.0
2004-10-28 00:00:00+09:00,394.21456909179693,394.21456909179693,394.21456909179693,394.2145690917969,1000,0.0,0.0
2004-10-29 00:00:00+09:00,397.979248046875,397.979248046875,397.979248046875,397.979248046875,1000,0.0,0.0
2004-11-01 00:00:00+09:00,398.5169470607037,401.7438049316406,397.9791374155476,401.7438049316406,3000,0.0,0.0
2004-11-02 00:00:00+09:00,399.59271240234375,399.59271240234375,399.59271240234375,399.59271240234375,1000,0.0,0.0
2004-11-03 00:00:00+09:00,399.59271240234375,399.59271240234375,399.59271240234375,399.59271240234375,0,0.0,0.0
2004-11-04 00:00:00+09:00,401.7438049316406,401.7438049316406,401.7438049316406,401.7438049316406,1000,0.0,0.0
2004-11-05 00:00:00+09:00,401.7438049316406,401.7438049316406,401.7438049316406,401.7438049316406,0,0.0,0.0
2004-11-08 00:00:00+09:00,401.7438049316406,401.7438049316406,401.7438049316406,401.7438049316406,0,0.0,0.0
2004-11-09 00:00:00+09:00,401.7438049316406,401.7438049316406,401.7438049316406,401.7438049316406,0,0.0,0.0
2004-11-10 00:00:00+09:00,389.3742354987898,389.3742354987898,388.83642578125006,388.83642578125,2000,0.0,0.0
2004-11-11 00:00:00+09:00,388.83642578125006,388.83642578125006,388.83642578125006,388.83642578125,0,0.0,0.0
2004-11-12 00:00:00+09:00,388.83642578125006,388.83642578125006,388.83642578125006,388.83642578125,0,0.0,0.0
2004-11-15 00:00:00+09:00,388.29867344447547,388.29867344447547,376.46685791015625,376.46685791015625,2000,0.0,0.0
2004-11-16 00:00:00+09:00,378.0802536648296,386.6852096515114,378.0802536648296,386.14739990234375,11000,0.0,0.0
2004-11-17 00:00:00+09:00,386.14739990234375,386.14739990234375,386.14739990234375,386.14739990234375,0,0.0,0.0
2004-11-18 00:00:00+09:00,377.54241943359375,377.54241943359375,377.54241943359375,377.54241943359375,2000,0.0,0.0
2004-11-19 00:00:00+09:00,377.54241943359375,377.54241943359375,377.54241943359375,377.54241943359375,0,0.0,0.0
2004-11-22 00:00:00+09:00,377.54241943359375,377.54241943359375,377.54241943359375,377.54241943359375,0,0.0,0.0
2004-11-23 00:00:00+09:00,377.54241943359375,377.54241943359375,377.54241943359375,377.54241943359375,0,0.0,0.0
2004-11-24 00:00:00+09:00,377.0046097193009,377.54241943359375,377.0046097193009,377.54241943359375,2000,0.0,0.0
2004-11-25 00:00:00+09:00,378.0802536648296,386.14739990234375,378.0802536648296,386.14739990234375,5000,0.0,0.0
2004-11-26 00:00:00+09:00,386.14739990234375,386.14739990234375,386.14739990234375,386.14739990234375,1000,0.0,0.0
2004-11-29 00:00:00+09:00,386.68524169921875,386.68524169921875,386.68524169921875,386.68524169921875,1000,0.0,0.0
2004-11-30 00:00:00+09:00,386.68524169921875,386.68524169921875,386.68524169921875,386.68524169921875,0,0.0,0.0
2004-12-01 00:00:00+09:00,386.1473547966926,391.52545166015625,386.1473547966926,391.52545166015625,2000,0.0,0.0
2004-12-02 00:00:00+09:00,387.22314453125,387.22314453125,387.22314453125,387.22314453125,0,0.0,0.0
2004-12-03 00:00:00+09:00,379.69375610351557,379.69375610351557,379.69375610351557,379.6937561035156,1000,0.0,0.0
2004-12-06 00:00:00+09:00,380.2314758300781,380.2314758300781,380.2314758300781,380.2314758300781,1000,0.0,0.0
2004-12-07 00:00:00+09:00,386.68524169921875,386.68524169921875,386.68524169921875,386.68524169921875,1000,0.0,0.0
2004-12-08 00:00:00+09:00,386.68524169921875,386.68524169921875,386.68524169921875,386.68524169921875,0,0.0,0.0
2004-12-09 00:00:00+09:00,386.68524169921875,386.68524169921875,386.68524169921875,386.68524169921875,1000,0.0,0.0
2004-12-10 00:00:00+09:00,381.844970703125,381.844970703125,381.844970703125,381.844970703125,0,0.0,0.0
2004-12-13 00:00:00+09:00,381.8449442727225,381.8449442727225,361.4081726074218,361.4081726074219,5000,0.0,0.0
2004-12-14 00:00:00+09:00,377.54241943359375,377.54241943359375,377.54241943359375,377.54241943359375,2000,0.0,0.0
2004-12-15 00:00:00+09:00,379.1559068952288,379.1559068952288,372.16437953404017,376.46685791015625,11000,0.0,0.0
2004-12-16 00:00:00+09:00,376.46685791015625,376.46685791015625,376.46685791015625,376.46685791015625,2000,0.0,0.0
2004-12-17 00:00:00+09:00,381.844970703125,381.844970703125,381.844970703125,381.844970703125,4000,0.0,0.0
2004-12-20 00:00:00+09:00,386.68524169921875,386.68524169921875,386.68524169921875,386.68524169921875,2000,0.0,0.0
2004-12-21 00:00:00+09:00,386.68524169921875,386.68524169921875,386.68524169921875,386.68524169921875,0,0.0,0.0
2004-12-22 00:00:00+09:00,387.22314453125,387.22314453125,387.22314453125,387.22314453125,0,0.0,0.0
2004-12-23 00:00:00+09:00,387.22314453125,387.22314453125,387.22314453125,387.22314453125,0,0.0,0.0
2004-12-24 00:00:00+09:00,387.22314453125,387.22314453125,387.22314453125,387.22314453125,0,0.0,0.0
2004-12-27 00:00:00+09:00,387.2230762401661,387.2230762401661,384.5340270996094,384.5340270996094,2000,0.0,0.0
2004-12-28 00:00:00+09:00,385.0718078613281,385.0718078613281,385.0718078613281,385.0718078613281,1000,0.0,0.0
2004-12-29 00:00:00+09:00,401.2060852050781,401.2060852050781,401.2060852050781,401.2060852050781,1000,0.0,0.0
2004-12-30 00:00:00+09:00,408.1976623535156,408.1976623535156,408.1976623535156,408.1976623535156,1000,0.0,0.0
2004-12-31 00:00:00+09:00,408.1976623535156,408.1976623535156,408.1976623535156,408.1976623535156,0,0.0,0.0
2005-01-03 00:00:00+09:00,408.1976623535156,408.1976623535156,408.1976623535156,408.1976623535156,0,0.0,0.0
2005-01-04 00:00:00+09:00,408.7353820800781,408.7353820800781,408.7353820800781,408.7353820800781,1000,0.0,0.0
2005-01-05 00:00:00+09:00,401.20613453981906,408.1976623535156,401.20613453981906,408.1976623535156,5000,0.0,0.0
2005-01-06 00:00:00+09:00,406.58414322702504,408.7353820800781,406.58414322702504,408.7353820800781,2000,0.0,0.0
2005-01-07 00:00:00+09:00,408.73542017718546,411.4244689941406,408.73542017718546,411.4244689941406,3000,0.0,0.0
2005-01-10 00:00:00+09:00,411.4244689941406,411.4244689941406,411.4244689941406,411.4244689941406,0,0.0,0.0
2005-01-11 00:00:00+09:00,414.1134979564291,415.1891174316406,414.1134979564291,415.1891174316406,2000,0.0,0.0
2005-01-12 00:00:00+09:00,419.4915771484375,422.18062571990185,419.4915771484375,419.4915771484375,14000,0.0,0.0
2005-01-13 00:00:00+09:00,419.49158492361664,422.1806335449219,419.49158492361664,422.1806335449219,5000,0.0,0.0
2005-01-14 00:00:00+09:00,422.1806335449219,422.1806335449219,422.1806335449219,422.1806335449219,2000,0.0,0.0
2005-01-17 00:00:00+09:00,423.25632154247427,424.8697509765625,422.7185117311115,424.8697509765625,6000,0.0,0.0
2005-01-18 00:00:00+09:00,424.8697353363037,430.24783325195307,424.8697353363037,430.2478332519531,2000,0.0,0.0
2005-01-19 00:00:00+09:00,430.24783325195307,430.24783325195307,430.24783325195307,430.2478332519531,7000,0.0,0.0
2005-01-20 00:00:00+09:00,430.785643043518,432.93688220977776,430.24783325195307,430.2478332519531,17000,0.0,0.0
2005-01-21 00:00:00+09:00,430.2478780864197,435.62597656249994,430.2478780864197,435.6259765625,5000,0.0,0.0
2005-01-24 00:00:00+09:00,430.24783325195307,430.24783325195307,430.24783325195307,430.2478332519531,3000,0.0,0.0
2005-01-25 00:00:00+09:00,430.24783325195307,434.55031158447264,430.24783325195307,430.2478332519531,5000,0.0,0.0
2005-01-26 00:00:00+09:00,430.2477586125753,446.3820495605469,430.2477586125753,446.3820495605469,9000,0.0,0.0
2005-01-27 00:00:00+09:00,446.3820620880491,450.6845397949219,446.3820620880491,450.6845397949219,8000,0.0,0.0
2005-01-28 00:00:00+09:00,450.68460380917503,451.7602233886719,450.68460380917503,451.7602233886719,18000,0.0,0.0
2005-01-31 00:00:00+09:00,451.7602233886719,451.7602233886719,451.7602233886719,451.7602233886719,2000,0.0,0.0
2005-02-01 00:00:00+09:00,450.6845397949219,450.6845397949219,450.6845397949219,450.6845397949219,0,0.0,0.0
2005-02-02 00:00:00+09:00,450.6845397949219,450.6845397949219,450.6845397949219,450.6845397949219,1000,0.0,0.0
2005-02-03 00:00:00+09:00,450.1468811035156,450.1468811035156,450.1468811035156,450.1468811035156,0,0.0,0.0
2005-02-04 00:00:00+09:00,444.76867675781244,444.76867675781244,444.76867675781244,444.7686767578125,1000,0.0,0.0
2005-02-07 00:00:00+09:00,444.76867675781244,444.76867675781244,444.76867675781244,444.7686767578125,0,0.0,0.0
2005-02-08 00:00:00+09:00,443.6929626464844,443.6929626464844,443.6929626464844,443.6929626464844,1000,0.0,0.0
2005-02-09 00:00:00+09:00,443.6929626464844,443.6929626464844,443.6929626464844,443.6929626464844,0,0.0,0.0
2005-02-10 00:00:00+09:00,443.6929626464844,443.6929626464844,443.6929626464844,443.6929626464844,0,0.0,0.0
2005-02-11 00:00:00+09:00,443.6929626464844,443.6929626464844,443.6929626464844,443.6929626464844,0,0.0,0.0
2005-02-14 00:00:00+09:00,443.6929544588415,443.6929544588415,441.00390625,441.00390625,2000,0.0,0.0
2005-02-15 00:00:00+09:00,441.00390625,441.00390625,441.00390625,441.00390625,2000,0.0,0.0
2005-02-16 00:00:00+09:00,443.6931242766203,443.6931242766203,435.62597656249994,435.6259765625,4000,0.0,0.0
2005-02-17 00:00:00+09:00,440.46624755859375,440.46624755859375,440.46624755859375,440.46624755859375,1000,0.0,0.0
2005-02-18 00:00:00+09:00,440.46624755859375,440.46624755859375,440.46624755859375,440.46624755859375,0,0.0,0.0
2005-02-21 00:00:00+09:00,449.0712280273438,449.0712280273438,449.0712280273438,449.07122802734375,2000,0.0,0.0
2005-02-22 00:00:00+09:00,427.558874181799,427.558874181799,411.4245770428632,417.8782958984375,15000,0.0,0.0
2005-02-23 00:00:00+09:00,419.49162312297074,419.49162312297074,414.113525390625,414.113525390625,8000,0.0,0.0
2005-02-24 00:00:00+09:00,414.11348000550885,419.4915771484375,414.11348000550885,419.4915771484375,2000,0.0,0.0
2005-02-25 00:00:00+09:00,422.1807019197488,429.1722294674644,422.1807019197488,424.8697509765625,11000,0.0,0.0
2005-02-28 00:00:00+09:00,424.3319382256057,424.3319382256057,422.18069899505764,423.79412841796875,9000,0.0,0.0
2005-03-01 00:00:00+09:00,428.6343949171398,428.6343949171398,427.0209655761719,427.0209655761719,2000,0.0,0.0
2005-03-02 00:00:00+09:00,429.71002346038813,430.24783325195307,429.71002346038813,430.2478332519531,13000,0.0,0.0
2005-03-03 00:00:00+09:00,431.3235048258963,438.3150329589844,431.3235048258963,438.3150329589844,9000,0.0,0.0
2005-03-04 00:00:00+09:00,438.3148661295573,443.6929626464844,438.3148661295573,443.6929626464844,9000,0.0,0.0
2005-03-07 00:00:00+09:00,449.07120336488236,462.5164489746094,449.07120336488236,462.5164489746094,23000,0.0,0.0
2005-03-08 00:00:00+09:00,462.51650304961623,462.51650304961623,459.82745361328125,459.82745361328125,12000,0.0,0.0
2005-03-09 00:00:00+09:00,460.3651786110618,473.2726135253907,459.8273688229648,473.2726135253906,12000,0.0,0.0
2005-03-10 00:00:00+09:00,472.1970213419359,472.1970213419359,460.3652053174227,460.90301513671875,12000,0.0,0.0
2005-03-11 00:00:00+09:00,465.20542274770946,465.20542274770946,457.67608642578125,457.67608642578125,5000,0.0,0.0
2005-03-14 00:00:00+09:00,463.5920320314782,463.5920320314782,457.67612443014843,460.36517333984375,8000,0.0,0.0
2005-03-15 00:00:00+09:00,459.8273238238166,459.8273238238166,457.1382751464843,457.1382751464844,9000,0.0,0.0
2005-03-16 00:00:00+09:00,457.1383198824796,473.2726135253907,457.1383198824796,473.2726135253906,14000,0.0,0.0
2005-03-17 00:00:00+09:00,473.8103942871094,475.9616333077092,473.2725845319594,473.8103942871094,20000,0.0,0.0
2005-03-18 00:00:00+09:00,474.34820404225934,484.0287796349585,473.2725845319594,473.8103942871094,21000,0.0,0.0
2005-03-21 00:00:00+09:00,473.8103942871094,473.8103942871094,473.8103942871094,473.8103942871094,0,0.0,0.0
2005-03-22 00:00:00+09:00,489.94466925119576,510.3814392089844,489.94466925119576,510.3814392089844,34000,0.0,0.0
2005-03-23 00:00:00+09:00,513.6083286314143,513.6083286314143,489.40688906239484,499.6252746582031,17000,0.0,0.0
2005-03-24 00:00:00+09:00,494.7849444953763,527.0535278320312,494.7849444953763,527.0535278320312,22000,0.0,0.0
2005-03-25 00:00:00+09:00,525.9779798576242,525.9779798576242,502.3143488619846,508.76806640625,9000,0.0,0.0
2005-03-28 00:00:00+09:00,513.1634363097813,513.1634363097813,501.0760748549471,506.0209045410156,8000,20.0,0.0
2005-03-29 00:00:00+09:00,494.48286670749474,494.48286670749474,479.0989552988171,486.2414855957031,14000,0.0,0.0
2005-03-30 00:00:00+09:00,482.9450358900913,482.9450358900913,461.5174404410428,472.5059509277344,10000,0.0,0.0
2005-03-31 00:00:00+09:00,473.6048019764035,478.0002061710801,471.9565254033998,472.5059509277344,13000,0.0,0.0
2005-04-01 00:00:00+09:00,472.5059319196428,480.74731445312494,472.5059319196428,480.747314453125,3000,0.0,0.0
2005-04-04 00:00:00+09:00,482.9450579696827,494.4829945082075,482.9450579696827,488.9887390136719,6000,0.0,0.0
2005-04-05 00:00:00+09:00,489.53812248883924,489.53812248883924,480.74731445312494,480.747314453125,5000,0.0,0.0
2005-04-06 00:00:00+09:00,487.3404623653112,488.9887390136719,487.3404623653112,488.9887390136719,8000,0.0,0.0
2005-04-07 00:00:00+09:00,494.4829945082075,494.4829945082075,486.24161126640405,488.9887390136719,8000,0.0,0.0
2005-04-08 00:00:00+09:00,494.48300170898443,494.48300170898443,494.48300170898443,494.4830017089844,2000,0.0,0.0
2005-04-11 00:00:00+09:00,499.97729492187494,499.97729492187494,488.98878294557005,499.977294921875,7000,0.0,0.0
2005-04-12 00:00:00+09:00,494.48300170898443,494.48300170898443,494.48300170898443,494.4830017089844,1000,0.0,0.0
2005-04-13 00:00:00+09:00,490.08749389648443,490.08749389648443,490.08749389648443,490.0874938964844,1000,0.0,0.0
2005-04-14 00:00:00+09:00,489.53816456312546,489.53816456312546,488.9887390136719,488.9887390136719,10000,0.0,0.0
2005-04-15 00:00:00+09:00,486.79100427288137,486.79100427288137,478.54962158203125,478.54962158203125,3000,0.0,0.0
2005-04-18 00:00:00+09:00,467.56119886125833,467.56119886125833,461.5175170898437,461.51751708984375,3000,0.0,0.0
2005-04-19 00:00:00+09:00,460.9680914742606,461.5175170898437,460.9680914742606,461.51751708984375,2000,0.0,0.0
2005-04-20 00:00:00+09:00,469.2093878657344,478.54962158203125,469.2093878657344,478.54962158203125,3000,0.0,0.0
2005-04-21 00:00:00+09:00,478.54962158203125,478.54962158203125,478.54962158203125,478.54962158203125,0,0.0,0.0
2005-04-22 00:00:00+09:00,478.5497002612585,478.5497002612585,478.0002746582031,478.0002746582031,2000,0.0,0.0
2005-04-25 00:00:00+09:00,495.03240966796875,495.03240966796875,495.03240966796875,495.03240966796875,1000,0.0,0.0
2005-04-26 00:00:00+09:00,483.49447631835943,483.49447631835943,483.49447631835943,483.4944763183594,1000,0.0,0.0
2005-04-27 00:00:00+09:00,484.59330356559633,493.38411179354364,484.59330356559633,492.8346862792969,4000,0.0,0.0
2005-04-28 00:00:00+09:00,483.49447631835943,483.49447631835943,483.49447631835943,483.4944763183594,1000,0.0,0.0
2005-04-29 00:00:00+09:00,483.49447631835943,483.49447631835943,483.49447631835943,483.4944763183594,0,0.0,0.0
2005-05-02 00:00:00+09:00,493.93358200193114,494.4830075658933,489.5381774902343,489.5381774902344,4000,0.0,0.0
2005-05-03 00:00:00+09:00,489.5381774902343,489.5381774902343,489.5381774902343,489.5381774902344,0,0.0,0.0
2005-05-04 00:00:00+09:00,489.5381774902343,489.5381774902343,489.5381774902343,489.5381774902344,0,0.0,0.0
2005-05-05 00:00:00+09:00,489.5381774902343,489.5381774902343,489.5381774902343,489.5381774902344,0,0.0,0.0
2005-05-06 00:00:00+09:00,499.97729492187494,499.97729492187494,499.97729492187494,499.977294921875,1000,0.0,0.0
2005-05-09 00:00:00+09:00,505.4715270996094,505.4715270996094,505.4715270996094,505.4715270996094,3000,0.0,0.0
2005-05-10 00:00:00+09:00,505.47149796919393,505.47149796919393,483.49447631835943,483.4944763183594,11000,0.0,0.0
2005-05-11 00:00:00+09:00,478.00027130656156,483.494527298591,475.2531433105468,475.2531433105469,11000,0.0,0.0
2005-05-12 00:00:00+09:00,478.0002209056508,483.49447631835943,478.0002209056508,483.4944763183594,4000,0.0,0.0
2005-05-13 00:00:00+09:00,483.49447631835943,483.49447631835943,483.49447631835943,483.4944763183594,10000,0.0,0.0
2005-05-16 00:00:00+09:00,483.49447631835943,483.49447631835943,483.49447631835943,483.4944763183594,1000,0.0,0.0
2005-05-17 00:00:00+09:00,478.54962158203125,478.54962158203125,478.54962158203125,478.54962158203125,10000,0.0,0.0
2005-05-18 00:00:00+09:00,478.54962158203125,478.54962158203125,478.54962158203125,478.54962158203125,1000,0.0,0.0
2005-05-19 00:00:00+09:00,478.5496969057645,478.5496969057645,475.2531433105468,475.2531433105469,2000,0.0,0.0
2005-05-20 00:00:00+09:00,475.2531433105468,475.2531433105468,475.2531433105468,475.2531433105469,1000,0.0,0.0
2005-05-23 00:00:00+09:00,475.8025031876262,476.35192871093756,475.8025031876262,476.3519287109375,2000,0.0,0.0
2005-05-24 00:00:00+09:00,478.00027130656156,478.00027130656156,475.2531433105468,475.2531433105469,13000,0.0,0.0
2005-05-25 00:00:00+09:00,468.6600341796875,468.6600341796875,468.6600341796875,468.6600341796875,1000,0.0,0.0
2005-05-26 00:00:00+09:00,413.7174330957678,417.5634118894867,413.7174330957678,414.8162841796875,27000,0.0,0.0
2005-05-27 00:00:00+09:00,414.8163248037363,423.0577087402344,410.420920037604,423.0577087402344,9000,0.0,0.0
2005-05-30 00:00:00+09:00,433.4967687467249,450.52896118164057,433.4967687467249,450.5289611816406,4000,0.0,0.0
2005-05-31 00:00:00+09:00,434.0462341308593,434.0462341308593,434.0462341308593,434.0462341308594,1000,0.0,0.0
2005-06-01 00:00:00+09:00,434.04624694070696,445.0347595214844,434.04624694070696,445.0347595214844,2000,0.0,0.0
2005-06-02 00:00:00+09:00,439.54043579101557,439.54043579101557,439.54043579101557,439.5404357910156,7000,0.0,0.0
2005-06-03 00:00:00+09:00,448.3312683105469,448.3312683105469,448.3312683105469,448.3312683105469,1000,0.0,0.0
2005-06-06 00:00:00+09:00,448.3312683105469,448.3312683105469,448.3312683105469,448.3312683105469,0,0.0,0.0
2005-06-07 00:00:00+09:00,449.9795124835279,456.02319335937506,449.9795124835279,456.023193359375,5000,0.0,0.0
2005-06-08 00:00:00+09:00,450.52896118164057,450.52896118164057,450.52896118164057,450.5289611816406,1000,0.0,0.0
2005-06-09 00:00:00+09:00,450.52896118164057,450.52896118164057,450.52896118164057,450.5289611816406,1000,0.0,0.0
2005-06-10 00:00:00+09:00,445.0347486223493,461.5175170898437,445.0347486223493,461.51751708984375,4000,0.0,0.0
2005-06-13 00:00:00+09:00,461.5175170898437,461.5175170898437,461.5175170898437,461.51751708984375,2000,0.0,0.0
2005-06-14 00:00:00+09:00,461.5175170898437,461.5175170898437,461.5175170898437,461.51751708984375,0,0.0,0.0
2005-06-15 00:00:00+09:00,461.5175170898437,461.5175170898437,461.5175170898437,461.51751708984375,1000,0.0,0.0
2005-06-16 00:00:00+09:00,461.5175170898437,461.5175170898437,461.5175170898437,461.51751708984375,0,0.0,0.0
2005-06-17 00:00:00+09:00,445.0347463873368,445.0347463873368,434.0462341308593,434.0462341308594,4000,0.0,0.0
2005-06-20 00:00:00+09:00,437.89218139648443,437.89218139648443,437.89218139648443,437.8921813964844,1000,0.0,0.0
2005-06-21 00:00:00+09:00,437.89218139648443,437.89218139648443,437.89218139648443,437.8921813964844,0,0.0,0.0
2005-06-22 00:00:00+09:00,438.4416198730469,438.4416198730469,438.4416198730469,438.4416198730469,1000,0.0,0.0
2005-06-23 00:00:00+09:00,438.4416198730469,438.4416198730469,438.4416198730469,438.4416198730469,0,0.0,0.0
2005-06-24 00:00:00+09:00,437.34271240234375,437.34271240234375,437.34271240234375,437.34271240234375,1000,0.0,0.0
2005-06-27 00:00:00+09:00,437.34271240234375,437.34271240234375,437.34271240234375,437.34271240234375,1000,0.0,0.0
2005-06-28 00:00:00+09:00,437.3427878078026,437.3427878078026,434.0462341308593,434.0462341308594,10000,0.0,0.0
2005-06-29 00:00:00+09:00,435.14503143310543,439.54043579101557,434.0461803436279,439.5404357910156,11000,0.0,0.0
2005-06-30 00:00:00+09:00,439.54043579101557,439.54043579101557,439.54043579101557,439.5404357910156,0,0.0,0.0
2005-07-01 00:00:00+09:00,434.0462341308593,434.0462341308593,434.0462341308593,434.0462341308594,1000,0.0,0.0
2005-07-04 00:00:00+09:00,435.69445800781244,435.69445800781244,435.69445800781244,435.6944580078125,0,0.0,0.0
2005-07-05 00:00:00+09:00,435.69451096933096,435.69451096933096,434.0462341308593,434.0462341308594,6000,0.0,0.0
2005-07-06 00:00:00+09:00,439.5404902590981,439.5404902590981,434.0462341308593,434.0462341308594,3000,0.0,0.0
2005-07-07 00:00:00+09:00,434.0462341308593,434.0462341308593,434.0462341308593,434.0462341308594,0,0.0,0.0
2005-07-08 00:00:00+09:00,434.0462341308593,434.0462341308593,434.0462341308593,434.0462341308594,0,0.0,0.0
2005-07-11 00:00:00+09:00,467.01159667968744,467.01159667968744,467.01159667968744,467.0115966796875,1000,0.0,0.0
2005-07-12 00:00:00+09:00,464.2646179199218,464.2646179199218,464.2646179199218,464.2646179199219,0,0.0,0.0
2005-07-13 00:00:00+09:00,450.52896118164057,450.52896118164057,450.52896118164057,450.5289611816406,0,0.0,0.0
2005-07-14 00:00:00+09:00,441.18872070312506,441.18872070312506,441.18872070312506,441.188720703125,1000,0.0,0.0
2005-07-15 00:00:00+09:00,440.639245814391,449.43005371093744,440.639245814391,449.4300537109375,3000,0.0,0.0
2005-07-18 00:00:00+09:00,449.43005371093744,449.43005371093744,449.43005371093744,449.4300537109375,0,0.0,0.0
2005-07-19 00:00:00+09:00,449.43005371093744,449.43005371093744,449.43005371093744,449.4300537109375,2000,0.0,0.0
2005-07-20 00:00:00+09:00,449.43011005680734,450.52896118164057,449.43011005680734,450.5289611816406,4000,0.0,0.0
2005-07-21 00:00:00+09:00,451.62786865234375,451.62786865234375,451.62786865234375,451.62786865234375,2000,0.0,0.0
2005-07-22 00:00:00+09:00,465.91296386718756,465.91296386718756,465.91296386718756,465.9129638671875,1000,0.0,0.0
2005-07-25 00:00:00+09:00,465.91296386718756,465.91296386718756,465.91296386718756,465.9129638671875,2000,0.0,0.0
2005-07-26 00:00:00+09:00,465.91296386718756,465.91296386718756,465.91296386718756,465.9129638671875,1000,0.0,0.0
2005-07-27 00:00:00+09:00,464.26457637189384,464.26457637189384,456.02319335937506,456.023193359375,5000,0.0,0.0
2005-07-28 00:00:00+09:00,465.36340332031244,465.36340332031244,465.36340332031244,465.3634033203125,1000,0.0,0.0
2005-07-29 00:00:00+09:00,439.5403929063617,460.9679870605468,439.5403929063617,460.9679870605469,8000,0.0,0.0
2005-08-01 00:00:00+09:00,448.3311955026919,448.3311955026919,440.0898132324218,440.0898132324219,6000,0.0,0.0
2005-08-02 00:00:00+09:00,439.54044646280676,447.7818298339844,439.54044646280676,447.7818298339844,5000,0.0,0.0
2005-08-03 00:00:00+09:00,445.0346425945839,445.0346425945839,438.9909622630525,440.0898132324219,4000,0.0,0.0
2005-08-04 00:00:00+09:00,440.6392387171065,440.6392387171065,440.0898132324218,440.0898132324219,5000,0.0,0.0
2005-08-05 00:00:00+09:00,440.0898132324218,440.0898132324218,440.0898132324218,440.0898132324219,0,0.0,0.0
2005-08-08 00:00:00+09:00,429.10133962449,431.29904174804693,425.8047864391546,431.2990417480469,7000,0.0,0.0
2005-08-09 00:00:00+09:00,424.70596425220225,435.1450500488281,424.70596425220225,435.1450500488281,5000,0.0,0.0
2005-08-10 00:00:00+09:00,430.2001852040327,436.24386596679693,430.2001852040327,436.2438659667969,3000,0.0,0.0
2005-08-11 00:00:00+09:00,438.990966796875,438.990966796875,438.990966796875,438.990966796875,1000,0.0,0.0
2005-08-12 00:00:00+09:00,439.54043579101557,439.54043579101557,439.54043579101557,439.5404357910156,1000,0.0,0.0
2005-08-15 00:00:00+09:00,439.54043579101557,439.54043579101557,439.54043579101557,439.5404357910156,3000,0.0,0.0
2005-08-16 00:00:00+09:00,439.54043579101557,440.08986133575434,439.54043579101557,439.5404357910156,10000,0.0,0.0
2005-08-17 00:00:00+09:00,439.54043579101557,439.54043579101557,439.54043579101557,439.5404357910156,1000,0.0,0.0
2005-08-18 00:00:00+09:00,439.5404902590981,439.5404902590981,434.0462341308593,434.0462341308594,4000,0.0,0.0
2005-08-19 00:00:00+09:00,435.1450500488281,435.1450500488281,435.1450500488281,435.1450500488281,1000,0.0,0.0
2005-08-22 00:00:00+09:00,440.0898132324218,443.9357916252145,440.0898132324218,440.0898132324219,4000,0.0,0.0
2005-08-23 00:00:00+09:00,439.5404902590981,439.5404902590981,434.0462341308593,434.0462341308594,8000,0.0,0.0
2005-08-24 00:00:00+09:00,434.5955505371093,434.5955505371093,434.5955505371093,434.5955505371094,0,0.0,0.0
2005-08-25 00:00:00+09:00,438.990966796875,438.990966796875,438.990966796875,438.990966796875,1000,0.0,0.0
2005-08-26 00:00:00+09:00,438.990966796875,438.990966796875,438.990966796875,438.990966796875,2000,0.0,0.0
2005-08-29 00:00:00+09:00,438.990966796875,438.990966796875,438.990966796875,438.990966796875,0,0.0,0.0
2005-08-30 00:00:00+09:00,438.990966796875,438.990966796875,438.990966796875,438.990966796875,0,0.0,0.0
2005-08-31 00:00:00+09:00,438.990966796875,438.990966796875,438.990966796875,438.990966796875,2000,0.0,0.0
2005-09-01 00:00:00+09:00,438.9911414944396,438.9911414944396,430.749755859375,430.749755859375,14000,0.0,0.0
2005-09-02 00:00:00+09:00,428.5519780026206,434.0462341308593,428.5519780026206,434.0462341308594,6000,0.0,0.0
2005-09-05 00:00:00+09:00,434.0462341308593,434.0462341308593,434.0462341308593,434.0462341308594,0,0.0,0.0
2005-09-06 00:00:00+09:00,434.0462341308593,434.0462341308593,434.0462341308593,434.0462341308594,2000,0.0,0.0
2005-09-07 00:00:00+09:00,434.0462341308593,434.0462341308593,434.0462341308593,434.0462341308594,0,0.0,0.0
2005-09-08 00:00:00+09:00,434.0462341308593,434.0462341308593,434.0462341308593,434.0462341308594,4000,0.0,0.0
2005-09-09 00:00:00+09:00,434.0462341308593,434.0462341308593,434.0462341308593,434.0462341308594,1000,0.0,0.0
2005-09-12 00:00:00+09:00,434.5955505371093,434.5955505371093,434.5955505371093,434.5955505371094,0,0.0,0.0
2005-09-13 00:00:00+09:00,434.5955505371093,434.5955505371093,434.5955505371093,434.5955505371094,0,0.0,0.0
2005-09-14 00:00:00+09:00,434.5955505371093,434.5955505371093,434.5955505371093,434.5955505371094,0,0.0,0.0
2005-09-15 00:00:00+09:00,431.84853167956385,434.0462341308593,431.84853167956385,434.0462341308594,4000,0.0,0.0
2005-09-16 00:00:00+09:00,439.54043579101557,439.54043579101557,439.54043579101557,439.5404357910156,4000,0.0,0.0
2005-09-19 00:00:00+09:00,439.54043579101557,439.54043579101557,439.54043579101557,439.5404357910156,0,0.0,0.0
2005-09-20 00:00:00+09:00,445.0347595214844,445.0347595214844,445.0347595214844,445.0347595214844,1000,0.0,0.0
2005-09-21 00:00:00+09:00,450.52896118164057,450.52896118164057,450.52896118164057,450.5289611816406,5000,0.0,0.0
2005-09-22 00:00:00+09:00,449.97953561922395,450.52896118164057,449.97953561922395,450.5289611816406,2000,0.0,0.0
2005-09-23 00:00:00+09:00,450.52896118164057,450.52896118164057,450.52896118164057,450.5289611816406,0,0.0,0.0
2005-09-26 00:00:00+09:00,450.5289740800567,458.77035775225283,450.5289740800567,451.0783996582031,3000,0.0,0.0
2005-09-27 00:00:00+09:00,446.6829950330318,451.07839965820307,446.6829950330318,451.0783996582031,4000,0.0,0.0
2005-09-28 00:00:00+09:00,451.07839965820307,451.07839965820307,451.07839965820307,451.0783996582031,1000,0.0,0.0
2005-09-29 00:00:00+09:00,435.69445800781244,435.69445800781244,435.69445800781244,435.6944580078125,1000,0.0,0.0
2005-09-30 00:00:00+09:00,435.69445800781244,435.69445800781244,435.69445800781244,435.6944580078125,1000,0.0,0.0
2005-10-03 00:00:00+09:00,447.7818892355963,451.62786865234375,446.68303797366843,451.62786865234375,3000,0.0,0.0
2005-10-04 00:00:00+09:00,435.69445800781244,435.69445800781244,435.69445800781244,435.6944580078125,1000,0.0,0.0
2005-10-05 00:00:00+09:00,435.69445800781244,435.69445800781244,435.69445800781244,435.6944580078125,1000,0.0,0.0
2005-10-06 00:00:00+09:00,435.69445800781244,435.69445800781244,435.69445800781244,435.6944580078125,1000,0.0,0.0
2005-10-07 00:00:00+09:00,435.69445800781244,435.69445800781244,435.69445800781244,435.6944580078125,1000,0.0,0.0
2005-10-10 00:00:00+09:00,435.69445800781244,435.69445800781244,435.69445800781244,435.6944580078125,0,0.0,0.0
2005-10-11 00:00:00+09:00,434.0462341308593,434.0462341308593,434.0462341308593,434.0462341308594,1000,0.0,0.0
2005-10-12 00:00:00+09:00,445.0347595214844,445.0347595214844,445.0347595214844,445.0347595214844,2000,0.0,0.0
2005-10-13 00:00:00+09:00,435.69445800781244,435.69445800781244,435.69445800781244,435.6944580078125,1000,0.0,0.0
2005-10-14 00:00:00+09:00,434.0462341308593,434.0462341308593,434.0462341308593,434.0462341308594,1000,0.0,0.0
2005-10-17 00:00:00+09:00,445.0346998483913,455.4737854003906,445.0346998483913,455.4737854003906,3000,0.0,0.0
2005-10-18 00:00:00+09:00,434.0462341308593,434.0462341308593,434.0462341308593,434.0462341308594,1000,0.0,0.0
2005-10-19 00:00:00+09:00,434.0462341308593,434.0462341308593,434.0462341308593,434.0462341308594,1000,0.0,0.0
2005-10-20 00:00:00+09:00,448.3312683105469,448.3312683105469,448.3312683105469,448.3312683105469,0,0.0,0.0
2005-10-21 00:00:00+09:00,434.0462341308593,434.0462341308593,434.0462341308593,434.0462341308594,1000,0.0,0.0
2005-10-24 00:00:00+09:00,445.0347173600423,445.0347173600423,440.6393127441407,440.6393127441406,2000,0.0,0.0
2005-10-25 00:00:00+09:00,434.0462341308593,434.0462341308593,434.0462341308593,434.0462341308594,1000,0.0,0.0
2005-10-26 00:00:00+09:00,434.0462341308593,434.0462341308593,434.0462341308593,434.0462341308594,1000,0.0,0.0
2005-10-27 00:00:00+09:00,434.0462341308593,434.0462341308593,434.0462341308593,434.0462341308594,1000,0.0,0.0
2005-10-28 00:00:00+09:00,435.69445800781244,435.69445800781244,435.69445800781244,435.6944580078125,1000,0.0,0.0
2005-10-31 00:00:00+09:00,457.67144775390625,457.67144775390625,457.67144775390625,457.67144775390625,1000,0.0,0.0
2005-11-01 00:00:00+09:00,456.02319335937506,456.02319335937506,456.02319335937506,456.023193359375,2000,0.0,0.0
2005-11-02 00:00:00+09:00,456.0232367670493,457.12208793998195,456.0232367670493,456.5726623535156,6000,0.0,0.0
2005-11-03 00:00:00+09:00,435.69445800781244,435.69445800781244,435.69445800781244,435.6944580078125,1000,0.0,0.0
2005-11-04 00:00:00+09:00,456.5726623535156,456.5726623535156,456.5726623535156,456.5726623535156,3000,0.0,0.0
2005-11-07 00:00:00+09:00,435.69445800781244,435.69445800781244,435.69445800781244,435.6944580078125,1000,0.0,0.0
2005-11-08 00:00:00+09:00,457.12202224639856,457.67144775390625,457.12202224639856,457.67144775390625,3000,0.0,0.0
2005-11-09 00:00:00+09:00,457.12191355157546,462.0667419433593,457.12191355157546,462.0667419433594,2000,0.0,0.0
2005-11-10 00:00:00+09:00,460.9679870605468,460.9679870605468,460.9679870605468,460.9679870605469,2000,0.0,0.0
2005-11-11 00:00:00+09:00,435.69445800781244,435.69445800781244,435.69445800781244,435.6944580078125,1000,0.0,0.0
2005-11-14 00:00:00+09:00,477.4508361816406,485.6922200052593,477.4508361816406,477.4508361816406,17000,0.0,0.0
2005-11-15 00:00:00+09:00,435.69445800781244,435.69445800781244,435.69445800781244,435.6944580078125,1000,0.0,0.0
2005-11-16 00:00:00+09:00,435.69445800781244,435.69445800781244,435.69445800781244,435.6944580078125,1000,0.0,0.0
2005-11-17 00:00:00+09:00,437.3427878078026,437.3427878078026,434.0462341308593,434.0462341308594,1000,0.0,0.0
2005-11-18 00:00:00+09:00,437.3427878078026,437.3427878078026,434.0462341308593,434.0462341308594,1000,0.0,0.0
2005-11-21 00:00:00+09:00,478.54962158203125,478.54962158203125,478.54962158203125,478.54962158203125,1000,0.0,0.0
2005-11-22 00:00:00+09:00,478.0002746582031,478.0002746582031,478.0002746582031,478.0002746582031,1000,0.0,0.0
2005-11-23 00:00:00+09:00,437.3427878078026,437.3427878078026,434.0462341308593,434.0462341308594,1000,0.0,0.0
2005-11-24 00:00:00+09:00,437.3427878078026,437.3427878078026,434.0462341308593,434.0462341308594,1000,0.0,0.0
2005-11-25 00:00:00+09:00,480.1979064941406,480.1979064941406,480.1979064941406,480.1979064941406,0,0.0,0.0
2005-11-28 00:00:00+09:00,488.43931346421834,488.9887390136719,488.43931346421834,488.9887390136719,4000,0.0,0.0
2005-11-29 00:00:00+09:00,437.3427878078026,437.3427878078026,434.0462341308593,434.0462341308594,1000,0.0,0.0
2005-11-30 00:00:00+09:00,437.3427878078026,437.3427878078026,434.0462341308593,434.0462341308594,1000,0.0,0.0
2005-12-01 00:00:00+09:00,437.3427878078026,437.3427878078026,434.0462341308593,434.0462341308594,1000,0.0,0.0
2005-12-02 00:00:00+09:00,494.4830156409222,505.4715270996094,493.93359006798784,505.4715270996094,13000,0.0,0.0
2005-12-05 00:00:00+09:00,512.6140469136903,548.3267082742368,512.6140469136903,547.7772827148438,43000,0.0,0.0
2005-12-06 00:00:00+09:00,563.7105045318604,563.7105045318604,521.9541708628337,527.4484252929688,24000,0.0,0.0
2005-12-07 00:00:00+09:00,437.3427878078026,437.3427878078026,434.0462341308593,434.0462341308594,1000,0.0,0.0
2005-12-08 00:00:00+09:00,535.6898069381714,535.6898069381714,519.2070436477661,527.4484252929688,15000,0.0,0.0
2005-12-09 00:00:00+09:00,437.3427878078026,437.3427878078026,434.0462341308593,434.0462341308594,1000,0.0,0.0
2005-12-12 00:00:00+09:00,437.3427878078026,437.3427878078026,434.0462341308593,434.0462341308594,1000,0.0,0.0
2005-12-13 00:00:00+09:00,437.3427878078026,437.3427878078026,434.0462341308593,434.0462341308594,1000,0.0,0.0
2005-12-14 00:00:00+09:00,437.3427878078026,437.3427878078026,434.0462341308593,434.0462341308594,1000,0.0,0.0
2005-12-15 00:00:00+09:00,521.9542197575645,522.5036452520461,519.2070922851562,519.2070922851562,6000,0.0,0.0
2005-12-16 00:00:00+09:00,510.96569824218744,511.5151237241683,510.96569824218744,510.9656982421875,5000,0.0,0.0
2005-12-19 00:00:00+09:00,508.2185708322832,510.96569824218744,508.2185708322832,510.9656982421875,8000,0.0,0.0
2005-12-20 00:00:00+09:00,437.3427878078026,437.3427878078026,434.0462341308593,434.0462341308594,1000,0.0,0.0
2005-12-21 00:00:00+09:00,437.3427878078026,437.3427878078026,434.0462341308593,434.0462341308594,1000,0.0,0.0
2005-12-22 00:00:00+09:00,517.009521484375,517.009521484375,517.009521484375,517.009521484375,1000,0.0,0.0
2005-12-23 00:00:00+09:00,437.3427878078026,437.3427878078026,434.0462341308593,434.0462341308594,1000,0.0,0.0
2005-12-26 00:00:00+09:00,519.2072303362826,522.5037841796875,519.2072303362826,522.5037841796875,7000,0.0,0.0
2005-12-27 00:00:00+09:00,532.9427490234375,543.9312593125806,532.9427490234375,532.9427490234375,5000,0.0,0.0
2005-12-28 00:00:00+09:00,437.3427878078026,437.3427878078026,434.0462341308593,434.0462341308594,1000,0.0,0.0
2005-12-29 00:00:00+09:00,437.3427878078026,437.3427878078026,434.0462341308593,434.0462341308594,1000,0.0,0.0
2005-12-30 00:00:00+09:00,549.4254760742188,549.4254760742188,545.030072265625,549.4254760742188,4000,0.0,0.0
2006-01-02 00:00:00+09:00,549.4254760742188,549.4254760742188,549.4254760742188,549.4254760742188,0,0.0,0.0
2006-01-03 00:00:00+09:00,437.3427878078026,437.3427878078026,434.0462341308593,434.0462341308594,1000,0.0,0.0
2006-01-04 00:00:00+09:00,437.3427878078026,437.3427878078026,434.0462341308593,434.0462341308594,1000,0.0,0.0
2006-01-05 00:00:00+09:00,576.3474795414852,576.8969051654523,565.9083926861103,571.4026489257812,7000,0.0,0.0
2006-01-06 00:00:00+09:00,435.69445800781244,435.69445800781244,435.69445800781244,435.6944580078125,1000,0.0,0.0
2006-01-09 00:00:00+09:00,435.69445800781244,435.69445800781244,435.69445800781244,435.6944580078125,0,0.0,0.0
2006-01-10 00:00:00+09:00,577.9957027595884,587.8853630729653,577.446277186623,587.3359375,15000,0.0,0.0
2006-01-11 00:00:00+09:00,586.7863908379,586.7863908379,579.6438598632812,579.6438598632812,11000,0.0,0.0
2006-01-12 00:00:00+09:00,577.4461580249371,579.6438598632812,577.4461580249371,579.6438598632812,4000,0.0,0.0
2006-01-13 00:00:00+09:00,593.37939453125,593.37939453125,593.37939453125,593.37939453125,1000,0.0,0.0
2006-01-16 00:00:00+09:00,598.8739013671875,598.8739013671875,598.8739013671875,598.8739013671875,1000,0.0,0.0
2006-01-17 00:00:00+09:00,598.8739013671875,598.8739013671875,598.8739013671875,598.8739013671875,1000,0.0,0.0
2006-01-18 00:00:00+09:00,598.8739013671875,598.8739013671875,598.8739013671875,598.8739013671875,1000,0.0,0.0
2006-01-19 00:00:00+09:00,549.4256361475531,582.3911743164062,549.4256361475531,582.3911743164062,5000,0.0,0.0
2006-01-20 00:00:00+09:00,596.1268920898438,596.1268920898438,596.1268920898438,596.1268920898438,1000,0.0,0.0
2006-01-23 00:00:00+09:00,574.1497769855496,574.1497769855496,554.919880148713,560.9635620117188,11000,0.0,0.0
2006-01-24 00:00:00+09:00,551.0738466285435,556.0186767578125,551.0738466285435,556.0186767578125,2000,0.0,0.0
2006-01-25 00:00:00+09:00,566.4577026367188,566.4577026367188,566.4577026367188,566.4577026367188,0,0.0,0.0
2006-01-26 00:00:00+09:00,567.556640625,567.556640625,567.556640625,567.556640625,1000,0.0,0.0
2006-01-27 00:00:00+09:00,567.556640625,567.556640625,567.556640625,567.556640625,1000,0.0,0.0
2006-01-30 00:00:00+09:00,604.3680994042522,604.3680994042522,598.8738439551227,601.6209716796875,6000,0.0,0.0
2006-01-31 00:00:00+09:00,567.556640625,567.556640625,567.556640625,567.556640625,1000,0.0,0.0
2006-02-01 00:00:00+09:00,585.6876702107174,585.6876702107174,585.1382446289062,585.1382446289062,2000,0.0,0.0
2006-02-02 00:00:00+09:00,590.6323852539062,590.6323852539062,590.6323852539062,590.6323852539062,1000,0.0,0.0
2006-02-03 00:00:00+09:00,582.3911743164062,582.3911743164062,582.3911743164062,582.3911743164062,1000,0.0,0.0
2006-02-06 00:00:00+09:00,593.37939453125,593.37939453125,593.37939453125,593.37939453125,1000,0.0,0.0
2006-02-07 00:00:00+09:00,593.37939453125,604.3679018373842,582.3908872251158,593.37939453125,10000,0.0,0.0
2006-02-08 00:00:00+09:00,592.8302001953126,592.8302001953126,592.8302001953126,592.8302001953125,1000,0.0,0.0
2006-02-09 00:00:00+09:00,587.8853620256697,587.8853620256697,576.8968505859375,576.8968505859375,7000,0.0,0.0
2006-02-10 00:00:00+09:00,563.1611938476562,563.1611938476562,563.1611938476562,563.1611938476562,1000,0.0,0.0
2006-02-13 00:00:00+09:00,559.8646850585938,559.8646850585938,559.8646850585938,559.8646850585938,1000,0.0,0.0
2006-02-14 00:00:00+09:00,532.9427490234375,532.9427490234375,532.9427490234375,532.9427490234375,1000,0.0,0.0
2006-02-15 00:00:00+09:00,549.4254760742188,563.7105384521484,549.4254760742188,549.4254760742188,6000,0.0,0.0
2006-02-16 00:00:00+09:00,582.3911743164062,582.3911743164062,582.3911743164062,582.3911743164062,1000,0.0,0.0
2006-02-17 00:00:00+09:00,582.3911743164062,582.3911743164062,582.3911743164062,582.3911743164062,1000,0.0,0.0
2006-02-20 00:00:00+09:00,582.3911743164062,582.3911743164062,582.3911743164062,582.3911743164062,1000,0.0,0.0
2006-02-21 00:00:00+09:00,582.3911743164062,582.3911743164062,582.3911743164062,582.3911743164062,1000,0.0,0.0
2006-02-22 00:00:00+09:00,521.9542236328125,521.9542236328125,521.9542236328125,521.9542236328125,1000,0.0,0.0
2006-02-23 00:00:00+09:00,524.7013141865633,542.2829289027624,524.7013141865633,538.4369506835938,4000,0.0,0.0
2006-02-24 00:00:00+09:00,547.7772827148438,547.7772827148438,547.7772827148438,547.7772827148438,1000,0.0,0.0
2006-02-27 00:00:00+09:00,565.908203125,565.908203125,565.908203125,565.908203125,1000,0.0,0.0
2006-02-28 00:00:00+09:00,565.908203125,565.908203125,565.908203125,565.908203125,1000,0.0,0.0
2006-03-01 00:00:00+09:00,532.9427490234375,532.9427490234375,532.9427490234375,532.9427490234375,2000,0.0,0.0
2006-03-02 00:00:00+09:00,565.908203125,565.908203125,565.908203125,565.908203125,1000,0.0,0.0
2006-03-03 00:00:00+09:00,535.6897583007812,535.6897583007812,535.6897583007812,535.6897583007812,2000,0.0,0.0
2006-03-06 00:00:00+09:00,565.908203125,565.908203125,565.908203125,565.908203125,1000,0.0,0.0
2006-03-07 00:00:00+09:00,565.908203125,565.908203125,565.908203125,565.908203125,1000,0.0,0.0
2006-03-08 00:00:00+09:00,565.908203125,565.908203125,565.908203125,565.908203125,1000,0.0,0.0
2006-03-09 00:00:00+09:00,565.908203125,565.908203125,565.908203125,565.908203125,1000,0.0,0.0
2006-03-10 00:00:00+09:00,565.908203125,565.908203125,565.908203125,565.908203125,1000,0.0,0.0
2006-03-13 00:00:00+09:00,552.172607421875,552.172607421875,552.172607421875,552.172607421875,1000,0.0,0.0
2006-03-14 00:00:00+09:00,549.4254760742188,549.4254760742188,549.4254760742188,549.4254760742188,1000,0.0,0.0
2006-03-15 00:00:00+09:00,549.4253712315713,549.4253712315713,545.0299682617188,545.0299682617188,2000,0.0,0.0
2006-03-16 00:00:00+09:00,542.2831661876619,542.2831661876619,530.19580078125,530.19580078125,10000,0.0,0.0
2006-03-17 00:00:00+09:00,533.4921591025904,533.4921591025904,521.9542236328125,521.9542236328125,5000,0.0,0.0
2006-03-20 00:00:00+09:00,527.4485956671779,538.4371080769108,527.4485956671779,537.3382568359375,6000,0.0,0.0
2006-03-21 00:00:00+09:00,537.3382568359375,537.3382568359375,537.3382568359375,537.3382568359375,0,0.0,0.0
2006-03-22 00:00:00+09:00,538.4369506835938,538.4369506835938,538.4369506835938,538.4369506835938,1000,0.0,0.0
2006-03-23 00:00:00+09:00,548.3266251220704,554.919730834961,548.3266251220704,549.4254760742188,8000,0.0,0.0
2006-03-24 00:00:00+09:00,549.4254929407928,552.7220458984375,549.4254929407928,552.7220458984375,2000,0.0,0.0
2006-03-27 00:00:00+09:00,549.97501695421,553.2715705023871,543.9313354492188,543.9313354492188,6000,0.0,0.0
2006-03-28 00:00:00+09:00,553.5134269870057,553.5134269870057,552.3861083984375,552.3861083984375,3000,25.0,0.0
2006-03-29 00:00:00+09:00,552.3861083984375,552.3861083984375,552.3861083984375,552.3861083984375,1000,0.0,0.0
2006-03-30 00:00:00+09:00,552.3861083984375,552.3861083984375,552.3861083984375,552.3861083984375,1000,0.0,0.0
2006-03-31 00:00:00+09:00,555.76806640625,563.0956372615049,555.76806640625,555.76806640625,0,0.0,0.0
2006-04-03 00:00:00+09:00,558.586428527832,563.6593627929688,558.586428527832,563.6593627929688,2000,0.0,0.0
2006-04-04 00:00:00+09:00,564.2231434270964,564.7868029110396,560.8411865234375,560.8411865234375,6000,0.0,0.0
2006-04-05 00:00:00+09:00,563.6593627929688,563.6593627929688,563.6593627929688,563.6593627929688,4000,0.0,0.0
2006-04-06 00:00:00+09:00,563.65942358374,563.65942358374,560.8411264658213,563.0957641601562,3000,0.0,0.0
2006-04-07 00:00:00+09:00,563.0957641601562,563.0957641601562,563.0957641601562,563.0957641601562,1000,0.0,0.0
2006-04-10 00:00:00+09:00,563.6593627929688,563.6593627929688,563.6593627929688,563.6593627929688,1000,0.0,0.0
2006-04-11 00:00:00+09:00,563.6593627929688,563.6593627929688,563.6593627929688,563.6593627929688,1000,0.0,0.0
2006-04-12 00:00:00+09:00,558.0228271484375,558.0228271484375,558.0228271484375,558.0228271484375,3000,0.0,0.0
2006-04-13 00:00:00+09:00,558.0227682559397,561.9683837890625,558.0227682559397,561.9683837890625,2000,0.0,0.0
2006-04-14 00:00:00+09:00,561.9683837890625,561.9683837890625,561.9683837890625,561.9683837890625,1000,0.0,0.0
2006-04-17 00:00:00+09:00,561.9683837890625,561.9683837890625,561.9683837890625,561.9683837890625,1000,0.0,0.0
2006-04-18 00:00:00+09:00,556.8955078125,556.8955078125,556.8955078125,556.8955078125,1000,0.0,0.0
2006-04-19 00:00:00+09:00,556.8955078125,556.8955078125,556.8955078125,556.8955078125,1000,0.0,0.0
2006-04-20 00:00:00+09:00,556.8955078125,556.8955078125,556.8955078125,556.8955078125,1000,0.0,0.0
2006-04-21 00:00:00+09:00,547.3132321072608,547.3132321072608,546.7495727539062,546.7495727539062,4000,0.0,0.0
2006-04-24 00:00:00+09:00,546.7495727539062,546.7495727539062,546.7495727539062,546.7495727539062,1000,0.0,0.0
2006-04-25 00:00:00+09:00,545.6222540471972,546.7495727539062,545.6222540471972,546.7495727539062,5000,0.0,0.0
2006-04-26 00:00:00+09:00,551.2588475807426,551.2588475807426,546.7495727539062,546.7495727539062,2000,0.0,0.0
2006-04-27 00:00:00+09:00,546.7495727539062,546.7495727539062,546.7495727539062,546.7495727539062,1000,0.0,0.0
2006-04-28 00:00:00+09:00,546.7495727539062,546.7495727539062,546.7495727539062,546.7495727539062,1000,0.0,0.0
2006-05-01 00:00:00+09:00,551.2589111328125,551.2589111328125,551.2589111328125,551.2589111328125,1000,0.0,0.0
2006-05-02 00:00:00+09:00,551.2589111328125,551.2589111328125,551.2589111328125,551.2589111328125,1000,0.0,0.0
2006-05-03 00:00:00+09:00,551.2589111328125,551.2589111328125,551.2589111328125,551.2589111328125,0,0.0,0.0
2006-05-04 00:00:00+09:00,551.2589111328125,551.2589111328125,551.2589111328125,551.2589111328125,0,0.0,0.0
2006-05-05 00:00:00+09:00,551.2589111328125,551.2589111328125,551.2589111328125,551.2589111328125,0,0.0,0.0
2006-05-08 00:00:00+09:00,546.7495695749918,546.7495695749918,541.1129760742188,541.1129760742188,2000,0.0,0.0
2006-05-09 00:00:00+09:00,538.2947387695312,538.2947387695312,538.2947387695312,538.2947387695312,1000,0.0,0.0
2006-05-10 00:00:00+09:00,541.1129760742188,541.1129760742188,541.1129760742188,541.1129760742188,1000,0.0,0.0
2006-05-11 00:00:00+09:00,538.2947387695312,538.2947387695312,538.2947387695312,538.2947387695312,1000,0.0,0.0
2006-05-12 00:00:00+09:00,538.2946761281867,538.2946761281867,535.4763793945312,535.4763793945312,2000,0.0,0.0
2006-05-15 00:00:00+09:00,515.7483520507812,515.7483520507812,515.7483520507812,515.7483520507812,1000,0.0,0.0
2006-05-16 00:00:00+09:00,518.5666490565233,518.5666490565233,514.0573738473361,515.7483520507812,5000,0.0,0.0
2006-05-17 00:00:00+09:00,518.5665283203125,518.5665283203125,518.5665283203125,518.5665283203125,1000,0.0,0.0
2006-05-18 00:00:00+09:00,512.9300615026596,529.83984375,512.9300615026596,529.83984375,2000,0.0,0.0
2006-05-19 00:00:00+09:00,534.3490600585938,534.3490600585938,534.3490600585938,534.3490600585938,1000,0.0,0.0
2006-05-22 00:00:00+09:00,541.1129760742188,541.1129760742188,541.1129760742188,541.1129760742188,1000,0.0,0.0
2006-05-23 00:00:00+09:00,541.1129760742188,541.1129760742188,541.1129760742188,541.1129760742188,1000,0.0,0.0
2006-05-24 00:00:00+09:00,541.1129760742188,541.1129760742188,541.1129760742188,541.1129760742188,1000,0.0,0.0
2006-05-25 00:00:00+09:00,535.4763198948507,537.73095703125,535.4763198948507,537.73095703125,2000,0.0,0.0
2006-05-26 00:00:00+09:00,546.7495727539062,546.7495727539062,546.7495727539062,546.7495727539062,1000,0.0,0.0
2006-05-29 00:00:00+09:00,546.1859102249146,546.1859102249146,541.1129760742188,541.1129760742188,4000,0.0,0.0
2006-05-30 00:00:00+09:00,541.1129760742188,541.1129760742188,541.1129760742188,541.1129760742188,1000,0.0,0.0
2006-05-31 00:00:00+09:00,529.83984375,529.83984375,529.83984375,529.83984375,1000,0.0,0.0
2006-06-01 00:00:00+09:00,529.276058069728,529.276058069728,523.6394653320312,523.6394653320312,3000,0.0,0.0
2006-06-02 00:00:00+09:00,518.5666555851064,529.83984375,518.5666555851064,529.83984375,3000,0.0,0.0
2006-06-05 00:00:00+09:00,529.83984375,529.83984375,529.83984375,529.83984375,1000,0.0,0.0
2006-06-06 00:00:00+09:00,529.276052816466,529.276052816466,516.3118896484375,516.3118896484375,4000,0.0,0.0
2006-06-07 00:00:00+09:00,516.3120350030422,516.3120350030422,499.4022521972657,499.4022521972656,4000,0.0,0.0
2006-06-08 00:00:00+09:00,499.4022521972657,499.4022521972657,499.4022521972657,499.4022521972656,2000,0.0,0.0
2006-06-09 00:00:00+09:00,476.85574616301386,482.49233890725753,476.85574616301386,480.8013610839844,3000,0.0,0.0
2006-06-12 00:00:00+09:00,486.43798828125,486.43798828125,486.43798828125,486.43798828125,1000,0.0,0.0
2006-06-13 00:00:00+09:00,486.43798828125,486.43798828125,486.43798828125,486.43798828125,1000,0.0,0.0
2006-06-14 00:00:00+09:00,486.43798828125,486.43798828125,486.43798828125,486.43798828125,1000,0.0,0.0
2006-06-15 00:00:00+09:00,486.43798828125,486.43798828125,486.43798828125,486.43798828125,1000,0.0,0.0
2006-06-16 00:00:00+09:00,490.3836975097656,490.3836975097656,490.3836975097656,490.3836975097656,1000,0.0,0.0
2006-06-19 00:00:00+09:00,501.65686035156244,501.65686035156244,501.65686035156244,501.6568603515625,1000,0.0,0.0
2006-06-20 00:00:00+09:00,496.58380126953125,496.58380126953125,496.58380126953125,496.58380126953125,1000,0.0,0.0
2006-06-21 00:00:00+09:00,496.58380126953125,496.58380126953125,496.58380126953125,496.58380126953125,1000,0.0,0.0
2006-06-22 00:00:00+09:00,492.0746154785156,492.0746154785156,492.0746154785156,492.0746154785156,1000,0.0,0.0
2006-06-23 00:00:00+09:00,492.6383056640625,492.6383056640625,492.6383056640625,492.6383056640625,1000,0.0,0.0
2006-06-26 00:00:00+09:00,492.63825278505186,506.16607666015625,492.63825278505186,506.16607666015625,3000,0.0,0.0
2006-06-27 00:00:00+09:00,506.16607666015625,506.16607666015625,506.16607666015625,506.16607666015625,1000,0.0,0.0
2006-06-28 00:00:00+09:00,528.7125244140625,528.7125244140625,528.7125244140625,528.7125244140625,1000,0.0,0.0
2006-06-29 00:00:00+09:00,528.7125244140625,528.7125244140625,528.7125244140625,528.7125244140625,2000,0.0,0.0
2006-06-30 00:00:00+09:00,528.7124665980601,534.3490600585938,528.7124665980601,534.3490600585938,2000,0.0,0.0
2006-07-03 00:00:00+09:00,534.3490600585938,534.3490600585938,534.3490600585938,534.3490600585938,1000,0.0,0.0
2006-07-04 00:00:00+09:00,534.3490600585938,534.3490600585938,534.3490600585938,534.3490600585938,1000,0.0,0.0
2006-07-05 00:00:00+09:00,534.3490600585938,534.3490600585938,534.3490600585938,534.3490600585938,2000,0.0,0.0
2006-07-06 00:00:00+09:00,534.3490600585938,534.3490600585938,534.3490600585938,534.3490600585938,1000,0.0,0.0
2006-07-07 00:00:00+09:00,518.5665283203125,518.5665283203125,518.5665283203125,518.5665283203125,1000,0.0,0.0
2006-07-10 00:00:00+09:00,534.3491253946729,543.9313354492188,534.3491253946729,543.9313354492188,2000,0.0,0.0
2006-07-11 00:00:00+09:00,541.1129760742188,541.1129760742188,541.1129760742188,541.1129760742188,1000,0.0,0.0
2006-07-12 00:00:00+09:00,541.1129760742188,541.1129760742188,541.1129760742188,541.1129760742188,1000,0.0,0.0
2006-07-13 00:00:00+09:00,541.1129760742188,541.1129760742188,541.1129760742188,541.1129760742188,1000,0.0,0.0
2006-07-14 00:00:00+09:00,535.4763793945312,535.4763793945312,535.4763793945312,535.4763793945312,1000,0.0,0.0
2006-07-17 00:00:00+09:00,535.4763793945312,535.4763793945312,535.4763793945312,535.4763793945312,0,0.0,0.0
2006-07-18 00:00:00+09:00,507.29345703125,507.29345703125,507.29345703125,507.29345703125,4000,0.0,0.0
2006-07-19 00:00:00+09:00,507.29345703125,507.29345703125,507.29345703125,507.29345703125,1000,0.0,0.0
2006-07-20 00:00:00+09:00,507.29345703125,507.29345703125,507.29345703125,507.29345703125,1000,0.0,0.0
2006-07-21 00:00:00+09:00,507.29345703125,507.29345703125,507.29345703125,507.29345703125,1000,0.0,0.0
2006-07-24 00:00:00+09:00,507.29345703125,507.29345703125,507.29345703125,507.29345703125,1000,0.0,0.0
2006-07-25 00:00:00+09:00,507.29345703125,507.29345703125,507.29345703125,507.29345703125,1000,0.0,0.0
2006-07-26 00:00:00+09:00,507.29345703125,507.29345703125,507.29345703125,507.29345703125,1000,0.0,0.0
2006-07-27 00:00:00+09:00,507.29345703125,507.29345703125,507.29345703125,507.29345703125,1000,0.0,0.0
2006-07-28 00:00:00+09:00,507.29345703125,507.29345703125,507.29345703125,507.29345703125,1000,0.0,0.0
2006-07-31 00:00:00+09:00,507.29345703125,507.29345703125,507.29345703125,507.29345703125,1000,0.0,0.0
2006-08-01 00:00:00+09:00,507.29345703125,507.29345703125,507.29345703125,507.29345703125,1000,0.0,0.0
2006-08-02 00:00:00+09:00,507.29345703125,507.29345703125,507.29345703125,507.29345703125,1000,0.0,0.0
2006-08-03 00:00:00+09:00,507.29345703125,507.29345703125,507.29345703125,507.29345703125,1000,0.0,0.0
2006-08-04 00:00:00+09:00,507.29345703125,507.29345703125,507.29345703125,507.29345703125,1000,0.0,0.0
2006-08-07 00:00:00+09:00,507.29345703125,507.29345703125,507.29345703125,507.29345703125,1000,0.0,0.0
2006-08-08 00:00:00+09:00,507.29345703125,507.29345703125,507.29345703125,507.29345703125,5000,0.0,0.0
2006-08-09 00:00:00+09:00,507.29345703125,507.29345703125,507.29345703125,507.29345703125,1000,0.0,0.0
2006-08-10 00:00:00+09:00,507.29345703125,507.29345703125,507.29345703125,507.29345703125,1000,0.0,0.0
2006-08-11 00:00:00+09:00,507.29345703125,507.29345703125,507.29345703125,507.29345703125,1000,0.0,0.0
2006-08-14 00:00:00+09:00,507.29345703125,507.29345703125,507.29345703125,507.29345703125,1000,0.0,0.0
2006-08-15 00:00:00+09:00,507.29345703125,507.29345703125,507.29345703125,507.29345703125,1000,0.0,0.0
2006-08-16 00:00:00+09:00,490.3836975097656,490.3836975097656,490.3836975097656,490.3836975097656,1000,0.0,0.0
2006-08-17 00:00:00+09:00,490.3836975097656,490.3836975097656,490.3836975097656,490.3836975097656,1000,0.0,0.0
2006-08-18 00:00:00+09:00,490.3836975097656,490.3836975097656,490.3836975097656,490.3836975097656,1000,0.0,0.0
2006-08-21 00:00:00+09:00,507.29345703125,507.29345703125,507.29345703125,507.29345703125,1000,0.0,0.0
2006-08-22 00:00:00+09:00,507.29345703125,507.29345703125,507.29345703125,507.29345703125,1000,0.0,0.0
2006-08-23 00:00:00+09:00,507.29345703125,507.29345703125,507.29345703125,507.29345703125,1000,0.0,0.0
2006-08-24 00:00:00+09:00,504.4751281738281,504.4751281738281,504.4751281738281,504.4751281738281,2000,0.0,0.0
2006-08-25 00:00:00+09:00,504.4751281738281,504.4751281738281,504.4751281738281,504.4751281738281,1000,0.0,0.0
2006-08-28 00:00:00+09:00,504.4751281738281,504.4751281738281,504.4751281738281,504.4751281738281,1000,0.0,0.0
2006-08-29 00:00:00+09:00,504.4751281738281,504.4751281738281,504.4751281738281,504.4751281738281,1000,0.0,0.0
2006-08-30 00:00:00+09:00,504.4751281738281,504.4751281738281,504.4751281738281,504.4751281738281,1000,0.0,0.0
2006-08-31 00:00:00+09:00,504.4751281738281,504.4751281738281,504.4751281738281,504.4751281738281,1000,0.0,0.0
2006-09-01 00:00:00+09:00,493.765625,493.765625,493.765625,493.765625,1000,0.0,0.0
2006-09-04 00:00:00+09:00,494.8930358886719,494.8930358886719,494.8930358886719,494.8930358886719,1000,0.0,0.0
2006-09-05 00:00:00+09:00,494.8930358886719,494.8930358886719,494.8930358886719,494.8930358886719,1000,0.0,0.0
2006-09-06 00:00:00+09:00,506.7298583984375,506.7298583984375,506.7298583984375,506.7298583984375,1000,0.0,0.0
2006-09-07 00:00:00+09:00,512.366455078125,512.366455078125,512.366455078125,512.366455078125,2000,0.0,0.0
2006-09-08 00:00:00+09:00,496.58380126953125,507.29332706308526,496.58380126953125,496.58380126953125,0,0.0,0.0
2006-09-11 00:00:00+09:00,507.29345703125,507.29345703125,507.29345703125,507.29345703125,2000,0.0,0.0
2006-09-12 00:00:00+09:00,501.65686035156244,501.65686035156244,501.65686035156244,501.6568603515625,1000,0.0,0.0
2006-09-13 00:00:00+09:00,501.65682671286845,501.65682671286845,496.0202331542969,496.0202331542969,4000,0.0,0.0
2006-09-14 00:00:00+09:00,487.0018615722656,506.7299462424384,487.0018615722656,487.0018615722656,0,0.0,0.0
2006-09-15 00:00:00+09:00,493.2018432617188,506.72966524832594,493.2018432617188,493.20184326171875,0,0.0,0.0
2006-09-18 00:00:00+09:00,493.2018432617188,493.2018432617188,493.2018432617188,493.20184326171875,0,0.0,0.0
2006-09-19 00:00:00+09:00,496.0202331542969,496.0202331542969,496.0202331542969,496.0202331542969,1000,0.0,0.0
2006-09-20 00:00:00+09:00,496.58380126953125,496.58380126953125,496.58380126953125,496.58380126953125,1000,0.0,0.0
2006-09-21 00:00:00+09:00,496.58380126953125,496.58380126953125,496.58380126953125,496.58380126953125,1000,0.0,0.0
2006-09-22 00:00:00+09:00,496.58380126953125,496.58380126953125,496.58380126953125,496.58380126953125,1000,0.0,0.0
2006-09-25 00:00:00+09:00,499.4020975309928,499.4020975309928,496.58380126953125,496.58380126953125,2000,0.0,0.0
2006-09-26 00:00:00+09:00,496.58380126953125,496.58380126953125,496.58380126953125,496.58380126953125,1000,0.0,0.0
2006-09-27 00:00:00+09:00,496.58380126953125,496.58380126953125,496.58380126953125,496.58380126953125,1000,0.0,0.0
2006-09-28 00:00:00+09:00,497.71118164062494,497.71118164062494,497.71118164062494,497.711181640625,1000,0.0,0.0
2006-09-29 00:00:00+09:00,497.71118164062494,497.71118164062494,497.71118164062494,497.711181640625,1000,0.0,0.0
2006-10-02 00:00:00+09:00,501.65686035156244,501.65686035156244,501.65686035156244,501.6568603515625,1000,0.0,0.0
2006-10-03 00:00:00+09:00,501.65686035156244,501.65686035156244,501.65686035156244,501.6568603515625,1000,0.0,0.0
2006-10-04 00:00:00+09:00,501.65686035156244,501.65686035156244,501.65686035156244,501.6568603515625,1000,0.0,0.0
2006-10-05 00:00:00+09:00,501.65686035156244,501.65686035156244,501.65686035156244,501.6568603515625,2000,0.0,0.0
2006-10-06 00:00:00+09:00,501.65686035156244,501.65686035156244,501.65686035156244,501.6568603515625,1000,0.0,0.0
2006-10-09 00:00:00+09:00,501.65686035156244,501.65686035156244,501.65686035156244,501.6568603515625,0,0.0,0.0
2006-10-10 00:00:00+09:00,501.65686035156244,501.65686035156244,501.65686035156244,501.6568603515625,1000,0.0,0.0
2006-10-11 00:00:00+09:00,501.65686035156244,501.65686035156244,501.65686035156244,501.6568603515625,1000,0.0,0.0
2006-10-12 00:00:00+09:00,476.85584703081105,501.65686035156244,476.85584703081105,501.6568603515625,2000,0.0,0.0
2006-10-13 00:00:00+09:00,501.65688990470255,501.65688990470255,499.4022521972657,499.4022521972656,3000,0.0,0.0
2006-10-16 00:00:00+09:00,499.4022521972657,499.4022521972657,499.4022521972657,499.4022521972656,1000,0.0,0.0
2006-10-17 00:00:00+09:00,499.96584864529694,499.96584864529694,496.0202331542969,496.0202331542969,2000,0.0,0.0
2006-10-18 00:00:00+09:00,491.5109558105468,491.5109558105468,491.5109558105468,491.5109558105469,1000,0.0,0.0
2006-10-19 00:00:00+09:00,490.3836975097656,490.3836975097656,490.3836975097656,490.3836975097656,1000,0.0,0.0
2006-10-20 00:00:00+09:00,490.3836975097656,490.3836975097656,490.3836975097656,490.3836975097656,1000,0.0,0.0
2006-10-23 00:00:00+09:00,490.3836975097656,490.3836975097656,490.3836975097656,490.3836975097656,1000,0.0,0.0
2006-10-24 00:00:00+09:00,490.9472961425781,490.9472961425781,490.9472961425781,490.9472961425781,2000,0.0,0.0
2006-10-25 00:00:00+09:00,490.9472961425781,490.9472961425781,490.9472961425781,490.9472961425781,1000,0.0,0.0
2006-10-26 00:00:00+09:00,490.9472961425781,490.9472961425781,490.9472961425781,490.9472961425781,1000,0.0,0.0
2006-10-27 00:00:00+09:00,490.9472961425781,490.9472961425781,490.9472961425781,490.9472961425781,1000,0.0,0.0
2006-10-30 00:00:00+09:00,487.56536865234375,487.56536865234375,487.56536865234375,487.56536865234375,1000,0.0,0.0
2006-10-31 00:00:00+09:00,481.364990234375,481.364990234375,481.364990234375,481.364990234375,1000,0.0,0.0
2006-11-01 00:00:00+09:00,481.364990234375,481.364990234375,481.364990234375,481.364990234375,1000,0.0,0.0
2006-11-02 00:00:00+09:00,481.364990234375,481.364990234375,481.364990234375,481.364990234375,1000,0.0,0.0
2006-11-03 00:00:00+09:00,481.364990234375,481.364990234375,481.364990234375,481.364990234375,0,0.0,0.0
2006-11-06 00:00:00+09:00,490.3836975097656,490.3836975097656,490.3836975097656,490.3836975097656,1000,0.0,0.0
2006-11-07 00:00:00+09:00,490.3836975097656,490.3836975097656,490.3836975097656,490.3836975097656,1000,0.0,0.0
2006-11-08 00:00:00+09:00,490.3836724784936,501.65686035156244,490.3836724784936,501.6568603515625,13000,0.0,0.0
2006-11-09 00:00:00+09:00,501.656885958266,501.656885958266,490.3836975097656,490.3836975097656,2000,0.0,0.0
2006-11-10 00:00:00+09:00,490.3836975097656,490.3836975097656,490.3836975097656,490.3836975097656,1000,0.0,0.0
2006-11-13 00:00:00+09:00,484.7470397949219,484.7470397949219,484.7470397949219,484.7470397949219,1000,0.0,0.0
2006-11-14 00:00:00+09:00,484.7470397949219,484.7470397949219,484.7470397949219,484.7470397949219,8000,0.0,0.0
2006-11-15 00:00:00+09:00,484.7470397949219,484.7470397949219,484.7470397949219,484.7470397949219,1000,0.0,0.0
2006-11-16 00:00:00+09:00,484.7470397949219,484.7470397949219,484.7470397949219,484.7470397949219,1000,0.0,0.0
2006-11-17 00:00:00+09:00,484.7470397949219,484.7470397949219,484.7470397949219,484.7470397949219,1000,0.0,0.0
2006-11-20 00:00:00+09:00,481.9287095030662,487.56530259666937,479.674072265625,479.674072265625,15000,0.0,0.0
2006-11-21 00:00:00+09:00,479.1104463089344,484.7470397949219,479.1104463089344,484.7470397949219,3000,0.0,0.0
2006-11-22 00:00:00+09:00,484.7470397949219,484.7470397949219,484.7470397949219,484.7470397949219,1000,0.0,0.0
2006-11-23 00:00:00+09:00,484.7470397949219,484.7470397949219,484.7470397949219,484.7470397949219,0,0.0,0.0
2006-11-24 00:00:00+09:00,487.56540039764053,490.3836975097656,487.56540039764053,490.3836975097656,2000,0.0,0.0
2006-11-27 00:00:00+09:00,493.2019363750111,496.0202331542969,493.2019363750111,496.0202331542969,4000,0.0,0.0
2006-11-28 00:00:00+09:00,496.0202331542969,496.0202331542969,496.0202331542969,496.0202331542969,1000,0.0,0.0
2006-11-29 00:00:00+09:00,509.54800303265466,509.54800303265466,507.8570251464844,507.8570251464844,4000,0.0,0.0
2006-11-30 00:00:00+09:00,508.42077582465276,508.42077582465276,507.29345703125,507.29345703125,2000,0.0,0.0
2006-12-01 00:00:00+09:00,507.85706358213685,521.3848876953125,507.85706358213685,521.3848876953125,3000,0.0,0.0
2006-12-04 00:00:00+09:00,521.3848876953125,521.3848876953125,521.3848876953125,521.3848876953125,1000,0.0,0.0
2006-12-05 00:00:00+09:00,520.8211689631828,524.2031246058009,520.8211689631828,523.6394653320312,8000,0.0,0.0
2006-12-06 00:00:00+09:00,524.2032496675532,529.83984375,524.2032496675532,529.83984375,7000,0.0,0.0
2006-12-07 00:00:00+09:00,530.967041015625,530.967041015625,530.967041015625,530.967041015625,1000,0.0,0.0
2006-12-08 00:00:00+09:00,530.4034439957923,533.2217407226562,527.0214879235556,533.2217407226562,3000,0.0,0.0
2006-12-11 00:00:00+09:00,540.5493198670063,546.7495727539062,540.5493198670063,546.7495727539062,4000,0.0,0.0
2006-12-12 00:00:00+09:00,558.0228271484375,558.0228271484375,558.0228271484375,558.0228271484375,1000,0.0,0.0
2006-12-13 00:00:00+09:00,558.0228271484375,558.0228271484375,558.0228271484375,558.0228271484375,2000,0.0,0.0
2006-12-14 00:00:00+09:00,558.0228271484375,558.0228271484375,556.8955083057133,558.0228271484375,10000,0.0,0.0
2006-12-15 00:00:00+09:00,558.0228293479026,563.0957641601562,558.0228293479026,563.0957641601562,10000,0.0,0.0
2006-12-18 00:00:00+09:00,563.6593643112562,566.4776611328125,563.6593643112562,566.4776611328125,6000,0.0,0.0
2006-12-19 00:00:00+09:00,574.9326171875,574.9326171875,574.9326171875,574.9326171875,5000,0.0,0.0
2006-12-20 00:00:00+09:00,573.24163649153,573.8052959177754,569.2960205078125,569.2960205078125,4000,0.0,0.0
2006-12-21 00:00:00+09:00,566.4776611328125,569.2959579543688,566.4776611328125,566.4776611328125,3000,0.0,0.0
2006-12-22 00:00:00+09:00,563.6593627929688,563.6593627929688,563.6593627929688,563.6593627929688,1000,0.0,0.0
2006-12-25 00:00:00+09:00,564.7866815185547,564.7866815185547,563.6593627929688,563.6593627929688,5000,0.0,0.0
2006-12-26 00:00:00+09:00,558.0228271484375,558.0228271484375,558.0228271484375,558.0228271484375,2000,0.0,0.0
2006-12-27 00:00:00+09:00,558.0228271484375,558.0228271484375,558.0228271484375,558.0228271484375,1000,0.0,0.0
2006-12-28 00:00:00+09:00,560.8411865234375,561.9685054913238,560.8411865234375,560.8411865234375,3000,0.0,0.0
2006-12-29 00:00:00+09:00,560.8411865234375,560.8411865234375,560.8411865234375,560.8411865234375,1000,0.0,0.0
2007-01-04 00:00:00+09:00,573.2415771484375,573.2415771484375,573.2415771484375,573.2415771484375,1000,0.0,0.0
2007-01-05 00:00:00+09:00,569.2960205078125,569.2960205078125,569.2960205078125,569.2960205078125,1000,0.0,0.0
2007-01-09 00:00:00+09:00,569.2959564208985,569.2959564208985,561.404725341797,563.6593627929688,3000,0.0,0.0
2007-01-10 00:00:00+09:00,564.2230221557618,564.2230221557618,563.6593627929688,563.6593627929688,2000,0.0,0.0
2007-01-11 00:00:00+09:00,563.6593627929688,563.6593627929688,563.6593627929688,563.6593627929688,1000,0.0,0.0
2007-01-12 00:00:00+09:00,564.2229614257812,566.4775986342759,564.2229614257812,564.2229614257812,3000,0.0,0.0
2007-01-15 00:00:00+09:00,569.2960205078125,569.2960205078125,569.2960205078125,569.2960205078125,2000,0.0,0.0
2007-01-16 00:00:00+09:00,569.2959579543688,569.2959579543688,566.4776611328125,566.4776611328125,2000,0.0,0.0
2007-01-17 00:00:00+09:00,568.7322970581055,568.7322970581055,563.6593627929688,563.6593627929688,2000,0.0,0.0
2007-01-18 00:00:00+09:00,561.9683847045899,563.6593627929688,561.9683847045899,563.6593627929688,4000,0.0,0.0
2007-01-19 00:00:00+09:00,568.1685791015625,568.1685791015625,568.1685791015625,568.1685791015625,1000,0.0,0.0
2007-01-22 00:00:00+09:00,569.2959013153855,573.80517578125,569.2959013153855,573.80517578125,6000,0.0,0.0
2007-01-23 00:00:00+09:00,572.1141357421875,572.1141357421875,572.1141357421875,572.1141357421875,2000,0.0,0.0
2007-01-24 00:00:00+09:00,580.0054353041456,585.078369140625,580.0054353041456,585.078369140625,2000,0.0,0.0
2007-01-25 00:00:00+09:00,572.1141357421875,572.1141357421875,572.1141357421875,572.1141357421875,1000,0.0,0.0
2007-01-26 00:00:00+09:00,583.3874496904392,583.3874496904392,580.5691528320312,580.5691528320312,2000,0.0,0.0
2007-01-29 00:00:00+09:00,580.5691528320312,580.5691528320312,580.5691528320312,580.5691528320312,2000,0.0,0.0
2007-01-30 00:00:00+09:00,580.5691528320312,580.5691528320312,580.5691528320312,580.5691528320312,1000,0.0,0.0
2007-01-31 00:00:00+09:00,580.5691528320312,580.5691528320312,580.5691528320312,580.5691528320312,1000,0.0,0.0
2007-02-01 00:00:00+09:00,586.2057495117188,586.2057495117188,586.2057495117188,586.2057495117188,2000,0.0,0.0
2007-02-02 00:00:00+09:00,586.2057495117188,586.2057495117188,586.2057495117188,586.2057495117188,1000,0.0,0.0
2007-02-05 00:00:00+09:00,586.2057495117188,586.2057495117188,586.2057495117188,586.2057495117188,1000,0.0,0.0
2007-02-06 00:00:00+09:00,563.6593627929688,563.6593627929688,563.6593627929688,563.6593627929688,1000,0.0,0.0
2007-02-07 00:00:00+09:00,569.2958969813928,569.2958969813928,567.041259765625,567.041259765625,2000,0.0,0.0
2007-02-08 00:00:00+09:00,564.7867474724264,574.9326171875,564.7867474724264,574.9326171875,3000,0.0,0.0
2007-02-09 00:00:00+09:00,582.2601928710938,582.2601928710938,582.2601928710938,582.2601928710938,1000,0.0,0.0
2007-02-13 00:00:00+09:00,580.0054321289062,580.0054321289062,580.0054321289062,580.0054321289062,1000,0.0,0.0
2007-02-14 00:00:00+09:00,580.0054321289062,580.0054321289062,580.0054321289062,580.0054321289062,1000,0.0,0.0
2007-02-15 00:00:00+09:00,572.1141960543212,572.1141960543212,570.9868774414062,570.9868774414062,2000,0.0,0.0
2007-02-16 00:00:00+09:00,566.477667670171,578.878173828125,563.6593708160905,578.878173828125,3000,0.0,0.0
2007-02-19 00:00:00+09:00,568.7323022052836,573.2415771484375,562.5320491584471,573.2415771484375,12000,0.0,0.0
2007-02-20 00:00:00+09:00,573.2415771484375,573.2415771484375,573.2415771484375,573.2415771484375,1000,0.0,0.0
2007-02-21 00:00:00+09:00,573.2415771484375,573.2415771484375,573.2415771484375,573.2415771484375,1000,0.0,0.0
2007-02-22 00:00:00+09:00,573.2415771484375,573.2415771484375,573.2415771484375,573.2415771484375,1000,0.0,0.0
2007-02-23 00:00:00+09:00,565.9140014648438,565.9140014648438,565.9140014648438,565.9140014648438,1000,0.0,0.0
2007-02-26 00:00:00+09:00,566.477725522207,574.3689575195312,566.477725522207,574.3689575195312,4000,0.0,0.0
2007-02-27 00:00:00+09:00,574.9324900208127,574.9324900208127,567.041259765625,567.041259765625,2000,0.0,0.0
2007-02-28 00:00:00+09:00,565.9140002441407,565.9140002441407,563.0957034301758,563.6593627929688,6000,0.0,0.0
2007-03-01 00:00:00+09:00,559.14990234375,559.14990234375,559.14990234375,559.14990234375,1000,0.0,0.0
2007-03-02 00:00:00+09:00,559.1501459911616,559.1501459911616,558.0228271484375,558.0228271484375,4000,0.0,0.0
2007-03-05 00:00:00+09:00,558.0228271484375,558.0228271484375,558.0228271484375,558.0228271484375,1000,0.0,0.0
2007-03-06 00:00:00+09:00,546.7496382369686,558.0228266542257,546.7496382369686,556.8955078125,3000,0.0,0.0
2007-03-07 00:00:00+09:00,556.8955078125,556.8955078125,556.8955078125,556.8955078125,1000,0.0,0.0
2007-03-08 00:00:00+09:00,556.8955078125,556.8955078125,556.8955078125,556.8955078125,1000,0.0,0.0
2007-03-09 00:00:00+09:00,556.8955078125,556.8955078125,556.8955078125,556.8955078125,1000,0.0,0.0
2007-03-12 00:00:00+09:00,558.58642578125,563.659360021443,558.58642578125,558.58642578125,0,0.0,0.0
2007-03-13 00:00:00+09:00,558.586428527832,563.6593627929688,558.586428527832,563.6593627929688,6000,0.0,0.0
2007-03-14 00:00:00+09:00,558.0228271484375,558.0228271484375,558.0228271484375,558.0228271484375,2000,0.0,0.0
2007-03-15 00:00:00+09:00,558.0228271484375,558.0228271484375,558.0228271484375,558.0228271484375,1000,0.0,0.0
2007-03-16 00:00:00+09:00,558.0228271484375,558.0228271484375,558.0228271484375,558.0228271484375,1000,0.0,0.0
2007-03-19 00:00:00+09:00,558.0227691650391,563.6593627929688,558.0227691650391,563.6593627929688,5000,0.0,0.0
2007-03-20 00:00:00+09:00,563.6593618746866,563.6593618746866,561.9683837890625,561.9683837890625,2000,0.0,0.0
2007-03-22 00:00:00+09:00,563.0957641601562,563.65942358374,563.0957641601562,563.0957641601562,7000,0.0,0.0
2007-03-23 00:00:00+09:00,564.2231448963656,565.3504638671875,564.2231448963656,565.3504638671875,2000,0.0,0.0
2007-03-26 00:00:00+09:00,565.3502800300286,565.3502800300286,564.2229614257812,564.2229614257812,2000,0.0,0.0
2007-03-27 00:00:00+09:00,564.2229614257812,564.2229614257812,564.2229614257812,564.2229614257812,1000,25.0,0.0
2007-03-28 00:00:00+09:00,564.2229614257812,564.2229614257812,564.2229614257812,564.2229614257812,2000,0.0,0.0
2007-03-29 00:00:00+09:00,564.2229614257812,564.2229614257812,564.2229614257812,564.2229614257812,1000,0.0,0.0
2007-03-30 00:00:00+09:00,564.2229614257812,564.2229614257812,564.2229614257812,564.2229614257812,1000,0.0,0.0
2007-04-02 00:00:00+09:00,564.2229614257812,564.2229614257812,564.2229614257812,564.2229614257812,1000,0.0,0.0
2007-04-03 00:00:00+09:00,564.2229614257812,564.2229614257812,564.2229614257812,564.2229614257812,1000,0.0,0.0
2007-04-04 00:00:00+09:00,564.2229614257812,564.2229614257812,564.2229614257812,564.2229614257812,1000,0.0,0.0
2007-04-05 00:00:00+09:00,564.2229614257812,564.2229614257812,564.2229614257812,564.2229614257812,1000,0.0,0.0
2007-04-06 00:00:00+09:00,564.2229614257812,564.2229614257812,564.2229614257812,564.2229614257812,1000,0.0,0.0
2007-04-09 00:00:00+09:00,564.2229614257812,564.2229614257812,564.2229614257812,564.2229614257812,1000,0.0,0.0
2007-04-10 00:00:00+09:00,564.2229614257812,564.2229614257812,564.2229614257812,564.2229614257812,1000,0.0,0.0
2007-04-11 00:00:00+09:00,564.2229614257812,564.2229614257812,564.2229614257812,564.2229614257812,1000,0.0,0.0
2007-04-12 00:00:00+09:00,564.2229614257812,564.2229614257812,564.2229614257812,564.2229614257812,1000,0.0,0.0
2007-04-13 00:00:00+09:00,564.2229614257812,564.2229614257812,564.2229614257812,564.2229614257812,1000,0.0,0.0
2007-04-16 00:00:00+09:00,564.2229614257812,564.2229614257812,564.2229614257812,564.2229614257812,1000,0.0,0.0
2007-04-17 00:00:00+09:00,564.2229614257812,564.2229614257812,564.2229614257812,564.2229614257812,1000,0.0,0.0
2007-04-18 00:00:00+09:00,564.2229614257812,564.2229614257812,564.2229614257812,564.2229614257812,1000,0.0,0.0
2007-04-19 00:00:00+09:00,560.7544555664062,560.7544555664062,560.7544555664062,560.7544555664062,1000,0.0,0.0
2007-04-20 00:00:00+09:00,560.7544555664062,560.7544555664062,560.7544555664062,560.7544555664062,1000,0.0,0.0
2007-04-23 00:00:00+09:00,560.7544555664062,560.7544555664062,560.7544555664062,560.7544555664062,1000,0.0,0.0
2007-04-24 00:00:00+09:00,560.7544555664062,560.7544555664062,560.7544555664062,560.7544555664062,1000,0.0,0.0
2007-04-25 00:00:00+09:00,532.4276123046875,532.4276123046875,532.4276123046875,532.4276123046875,1000,0.0,0.0
2007-04-26 00:00:00+09:00,556.7077026367188,556.7077026367188,556.7077026367188,556.7077026367188,1000,0.0,0.0
2007-04-27 00:00:00+09:00,556.7077026367188,556.7077026367188,556.7077026367188,556.7077026367188,1000,0.0,0.0
2007-05-01 00:00:00+09:00,556.7077026367188,556.7077026367188,556.7077026367188,556.7077026367188,1000,0.0,0.0
2007-05-02 00:00:00+09:00,556.7077026367188,556.7077026367188,556.7077026367188,556.7077026367188,1000,0.0,0.0
2007-05-07 00:00:00+09:00,556.7077026367188,556.7077026367188,556.7077026367188,556.7077026367188,1000,0.0,0.0
2007-05-08 00:00:00+09:00,556.7077026367188,556.7077026367188,556.7077026367188,556.7077026367188,1000,0.0,0.0
2007-05-09 00:00:00+09:00,556.7077026367188,556.7077026367188,556.7077026367188,556.7077026367188,1000,0.0,0.0
2007-05-10 00:00:00+09:00,556.7077026367188,556.7077026367188,556.7077026367188,556.7077026367188,1000,0.0,0.0
2007-05-11 00:00:00+09:00,540.5211160349292,546.8801879882812,540.5211160349292,546.8801879882812,3000,0.0,0.0
2007-05-14 00:00:00+09:00,546.8801879882812,546.8801879882812,546.8801879882812,546.8801879882812,1000,0.0,0.0
2007-05-15 00:00:00+09:00,540.5210571289062,540.5210571289062,540.5210571289062,540.5210571289062,1000,0.0,0.0
2007-05-16 00:00:00+09:00,537.630615234375,537.630615234375,537.630615234375,537.630615234375,1000,0.0,0.0
2007-05-17 00:00:00+09:00,537.630615234375,537.630615234375,537.630615234375,537.630615234375,1000,0.0,0.0
2007-05-18 00:00:00+09:00,537.630615234375,537.630615234375,537.630615234375,537.630615234375,1000,0.0,0.0
2007-05-21 00:00:00+09:00,536.4743561126373,536.4743561126373,520.2876298506181,526.068603515625,4000,0.0,0.0
2007-05-22 00:00:00+09:00,526.068603515625,526.068603515625,526.068603515625,526.068603515625,1000,0.0,0.0
2007-05-23 00:00:00+09:00,526.068603515625,526.068603515625,526.068603515625,526.068603515625,2000,0.0,0.0
2007-05-24 00:00:00+09:00,543.4114990234375,543.4114990234375,543.4114990234375,543.4114990234375,1000,0.0,0.0
2007-05-25 00:00:00+09:00,543.4114990234375,543.4114990234375,543.4114990234375,543.4114990234375,1000,0.0,0.0
2007-05-28 00:00:00+09:00,543.4114990234375,543.4114990234375,543.4114990234375,543.4114990234375,1000,0.0,0.0
2007-05-29 00:00:00+09:00,543.4114990234375,543.4114990234375,543.4114990234375,543.4114990234375,1000,0.0,0.0
2007-05-30 00:00:00+09:00,543.4114990234375,543.4114990234375,543.4114990234375,543.4114990234375,4000,0.0,0.0
2007-05-31 00:00:00+09:00,543.4114990234375,543.4114990234375,543.4114990234375,543.4114990234375,3000,0.0,0.0
2007-06-01 00:00:00+09:00,532.4276495750914,543.4114990234375,531.8495522357048,543.4114990234375,7000,0.0,0.0
2007-06-04 00:00:00+09:00,537.630615234375,537.630615234375,537.630615234375,537.630615234375,1000,0.0,0.0
2007-06-05 00:00:00+09:00,554.9734817976804,560.7544555664062,554.9734817976804,560.7544555664062,3000,0.0,0.0
2007-06-06 00:00:00+09:00,566.5353171159381,571.1600952148438,566.5353171159381,571.1600952148438,6000,0.0,0.0
2007-06-07 00:00:00+09:00,578.0973093133224,578.0973093133224,549.1924438476562,549.1924438476562,6000,0.0,0.0
2007-06-08 00:00:00+09:00,544.5676879882812,576.3630413209304,544.5676879882812,544.5676879882812,0,0.0,0.0
2007-06-11 00:00:00+09:00,555.5515747070312,555.5515747070312,555.5515747070312,555.5515747070312,1000,0.0,0.0
2007-06-12 00:00:00+09:00,555.5515747070312,555.5515747070312,555.5515747070312,555.5515747070312,1000,0.0,0.0
2007-06-13 00:00:00+09:00,555.5515747070312,555.5515747070312,555.5515747070312,555.5515747070312,1000,0.0,0.0
2007-06-14 00:00:00+09:00,575.784912109375,575.784912109375,575.784912109375,575.784912109375,3000,0.0,0.0
2007-06-15 00:00:00+09:00,575.784912109375,575.784912109375,575.784912109375,575.784912109375,2000,0.0,0.0
2007-06-18 00:00:00+09:00,575.784912109375,575.784912109375,575.784912109375,575.784912109375,1000,0.0,0.0
2007-06-19 00:00:00+09:00,575.784912109375,575.784912109375,575.784912109375,575.784912109375,1000,0.0,0.0
2007-06-20 00:00:00+09:00,575.784912109375,575.784912109375,575.784912109375,575.784912109375,1000,0.0,0.0
2007-06-21 00:00:00+09:00,575.784912109375,575.784912109375,575.784912109375,575.784912109375,1000,0.0,0.0
2007-06-22 00:00:00+09:00,575.784912109375,575.784912109375,575.784912109375,575.784912109375,1000,0.0,0.0
2007-06-25 00:00:00+09:00,569.4259033203125,569.4259033203125,569.4259033203125,569.4259033203125,1000,0.0,0.0
2007-06-26 00:00:00+09:00,569.4259033203125,569.4259033203125,569.4259033203125,569.4259033203125,1000,0.0,0.0
2007-06-27 00:00:00+09:00,549.7706298828125,566.535454558524,549.7706298828125,549.7706298828125,0,0.0,0.0
2007-06-28 00:00:00+09:00,557.8638916015625,557.8638916015625,557.8638916015625,557.8638916015625,1000,0.0,0.0
2007-06-29 00:00:00+09:00,557.8638916015625,557.8638916015625,557.8638916015625,557.8638916015625,1000,0.0,0.0
2007-07-02 00:00:00+09:00,557.8638916015625,557.8638916015625,557.8638916015625,557.8638916015625,1000,0.0,0.0
2007-07-03 00:00:00+09:00,557.8638916015625,557.8638916015625,557.8638916015625,557.8638916015625,1000,0.0,0.0
2007-07-04 00:00:00+09:00,559.5981942635995,561.9105834960938,559.5981942635995,561.9105834960938,2000,0.0,0.0
2007-07-05 00:00:00+09:00,561.9105834960938,561.9105834960938,561.9105834960938,561.9105834960938,1000,0.0,0.0
2007-07-06 00:00:00+09:00,561.9105834960938,561.9105834960938,561.9105834960938,561.9105834960938,1000,0.0,0.0
2007-07-09 00:00:00+09:00,561.9105834960938,561.9105834960938,561.9105834960938,561.9105834960938,1000,0.0,0.0
2007-07-10 00:00:00+09:00,561.9105834960938,561.9105834960938,561.9105834960938,561.9105834960938,3000,0.0,0.0
2007-07-11 00:00:00+09:00,561.9105834960938,561.9105834960938,561.9105834960938,561.9105834960938,1000,0.0,0.0
2007-07-12 00:00:00+09:00,561.9105834960938,561.9105834960938,561.9105834960938,561.9105834960938,1000,0.0,0.0
2007-07-13 00:00:00+09:00,561.9105834960938,561.9105834960938,561.9105834960938,561.9105834960938,1000,0.0,0.0
2007-07-17 00:00:00+09:00,561.9105834960938,561.9105834960938,561.9105834960938,561.9105834960938,1000,0.0,0.0
2007-07-18 00:00:00+09:00,561.9105834960938,561.9105834960938,561.9105834960938,561.9105834960938,1000,0.0,0.0
2007-07-19 00:00:00+09:00,570.5820818219867,570.5820818219867,566.535400390625,566.535400390625,2000,0.0,0.0
2007-07-20 00:00:00+09:00,560.7544555664062,560.7544555664062,560.7544555664062,560.7544555664062,1000,0.0,0.0
2007-07-23 00:00:00+09:00,560.7544555664062,560.7544555664062,560.7544555664062,560.7544555664062,1000,0.0,0.0
2007-07-24 00:00:00+09:00,560.7544555664062,560.7544555664062,560.7544555664062,560.7544555664062,1000,0.0,0.0
2007-07-25 00:00:00+09:00,560.7544555664062,560.7544555664062,560.7544555664062,560.7544555664062,1000,0.0,0.0
2007-07-26 00:00:00+09:00,560.7544555664062,560.7544555664062,560.7544555664062,560.7544555664062,1000,0.0,0.0
2007-07-27 00:00:00+09:00,560.754321885793,560.754321885793,543.989501953125,543.989501953125,9000,0.0,0.0
2007-07-30 00:00:00+09:00,537.0524291992188,537.0524291992188,537.0524291992188,537.0524291992188,1000,0.0,0.0
2007-07-31 00:00:00+09:00,537.0524291992188,537.0524291992188,537.0524291992188,537.0524291992188,1000,0.0,0.0
2007-08-01 00:00:00+09:00,535.3182254914315,537.630615234375,535.3182254914315,537.630615234375,4000,0.0,0.0
2007-08-02 00:00:00+09:00,537.630615234375,537.630615234375,537.630615234375,537.630615234375,1000,0.0,0.0
2007-08-03 00:00:00+09:00,537.630615234375,537.630615234375,537.630615234375,537.630615234375,1000,0.0,0.0
2007-08-06 00:00:00+09:00,537.630615234375,537.630615234375,537.630615234375,537.630615234375,1000,0.0,0.0
2007-08-07 00:00:00+09:00,537.630615234375,537.630615234375,537.630615234375,537.630615234375,1000,0.0,0.0
2007-08-08 00:00:00+09:00,537.630615234375,537.630615234375,537.630615234375,537.630615234375,1000,0.0,0.0
2007-08-09 00:00:00+09:00,537.630615234375,537.630615234375,537.630615234375,537.630615234375,1000,0.0,0.0
2007-08-10 00:00:00+09:00,537.630615234375,537.630615234375,537.630615234375,537.630615234375,1000,0.0,0.0
2007-08-13 00:00:00+09:00,519.7095947265625,519.7095947265625,519.7095947265625,519.7095947265625,2000,0.0,0.0
2007-08-14 00:00:00+09:00,519.7095947265625,519.7095947265625,519.7095947265625,519.7095947265625,1000,0.0,0.0
2007-08-15 00:00:00+09:00,519.7095947265625,519.7095947265625,519.7095947265625,519.7095947265625,1000,0.0,0.0
2007-08-16 00:00:00+09:00,504.1009856441949,504.1009856441949,503.5228881835938,503.52288818359375,3000,0.0,0.0
2007-08-17 00:00:00+09:00,491.38282433187425,491.38282433187425,489.0704345703125,489.0704345703125,5000,0.0,0.0
2007-08-20 00:00:00+09:00,489.6484069824219,489.6484069824219,489.6484069824219,489.6484069824219,2000,0.0,0.0
2007-08-21 00:00:00+09:00,501.2104187011719,501.2104187011719,501.2104187011719,501.2104187011719,1000,0.0,0.0
2007-08-22 00:00:00+09:00,501.2104187011719,501.2104187011719,501.2104187011719,501.2104187011719,1000,0.0,0.0
2007-08-23 00:00:00+09:00,501.2104187011719,501.2104187011719,501.2104187011719,501.2104187011719,1000,0.0,0.0
2007-08-24 00:00:00+09:00,501.2104187011719,501.2104187011719,501.2104187011719,501.2104187011719,1000,0.0,0.0
2007-08-27 00:00:00+09:00,501.2104064941406,501.2104064941406,491.38275146484375,491.38275146484375,13000,0.0,0.0
2007-08-28 00:00:00+09:00,497.16370602131974,507.5694580078125,497.16370602131974,507.5694580078125,11000,0.0,0.0
2007-08-29 00:00:00+09:00,507.5694580078125,507.5694580078125,507.5694580078125,507.5694580078125,1000,0.0,0.0
2007-08-30 00:00:00+09:00,507.5694580078125,507.5694580078125,507.5694580078125,507.5694580078125,1000,0.0,0.0
2007-08-31 00:00:00+09:00,507.569429827166,513.3504028320312,507.569429827166,513.3504028320312,2000,0.0,0.0
2007-09-03 00:00:00+09:00,513.3504028320312,513.3504028320312,513.3504028320312,513.3504028320312,1000,0.0,0.0
2007-09-04 00:00:00+09:00,513.3504028320312,513.3504028320312,513.3504028320312,513.3504028320312,1000,0.0,0.0
2007-09-05 00:00:00+09:00,513.3504028320312,513.3504028320312,513.3504028320312,513.3504028320312,1000,0.0,0.0
2007-09-06 00:00:00+09:00,513.3504028320312,513.3504028320312,513.3504028320312,513.3504028320312,1000,0.0,0.0
2007-09-07 00:00:00+09:00,513.3504028320312,513.3504028320312,513.3504028320312,513.3504028320312,1000,0.0,0.0
2007-09-10 00:00:00+09:00,478.6645812988281,512.1942258825625,478.6645812988281,478.6645812988281,0,0.0,0.0
2007-09-11 00:00:00+09:00,513.3504028320312,513.3504028320312,513.3504028320312,513.3504028320312,1000,0.0,0.0
2007-09-12 00:00:00+09:00,513.3504028320312,513.3504028320312,513.3504028320312,513.3504028320312,1000,0.0,0.0
2007-09-13 00:00:00+09:00,502.36663818359375,502.36663818359375,502.36663818359375,502.36663818359375,3000,0.0,0.0
2007-09-14 00:00:00+09:00,502.36663818359375,502.36663818359375,502.36663818359375,502.36663818359375,1000,0.0,0.0
2007-09-18 00:00:00+09:00,502.36663818359375,502.36663818359375,502.36663818359375,502.36663818359375,1000,0.0,0.0
2007-09-19 00:00:00+09:00,497.74185180664057,497.74185180664057,497.74185180664057,497.7418518066406,2000,0.0,0.0
2007-09-20 00:00:00+09:00,498.31988525390625,498.31988525390625,498.31988525390625,498.31988525390625,1000,0.0,0.0
2007-09-21 00:00:00+09:00,498.31988525390625,498.31988525390625,498.31988525390625,498.31988525390625,1000,0.0,0.0
2007-09-25 00:00:00+09:00,498.31988525390625,498.31988525390625,498.31988525390625,498.31988525390625,1000,0.0,0.0
2007-09-26 00:00:00+09:00,498.31988525390625,498.31988525390625,498.31988525390625,498.31988525390625,1000,0.0,0.0
2007-09-27 00:00:00+09:00,497.74185180664057,497.74185180664057,497.74185180664057,497.7418518066406,2000,0.0,0.0
2007-09-28 00:00:00+09:00,497.74185180664057,497.74185180664057,497.74185180664057,497.7418518066406,1000,0.0,0.0
2007-10-01 00:00:00+09:00,489.0704345703125,489.0704345703125,489.0704345703125,489.0704345703125,1000,0.0,0.0
2007-10-02 00:00:00+09:00,497.1636047363282,497.1636047363282,497.1636047363282,497.1636047363281,2000,0.0,0.0
2007-10-03 00:00:00+09:00,497.1636047363282,497.1636047363282,497.1636047363282,497.1636047363281,1000,0.0,0.0
2007-10-04 00:00:00+09:00,497.1636047363282,497.1636047363282,497.1636047363282,497.1636047363281,1000,0.0,0.0
2007-10-05 00:00:00+09:00,502.94464111328125,502.94464111328125,502.94464111328125,502.94464111328125,1000,0.0,0.0
2007-10-09 00:00:00+09:00,502.94464111328125,502.94464111328125,502.94464111328125,502.94464111328125,1000,0.0,0.0
2007-10-10 00:00:00+09:00,502.94464111328125,502.94464111328125,502.94464111328125,502.94464111328125,1000,0.0,0.0
2007-10-11 00:00:00+09:00,502.94464111328125,502.94464111328125,502.94464111328125,502.94464111328125,1000,0.0,0.0
2007-10-12 00:00:00+09:00,502.94464111328125,502.94464111328125,502.94464111328125,502.94464111328125,1000,0.0,0.0
2007-10-15 00:00:00+09:00,502.94464111328125,502.94464111328125,502.94464111328125,502.94464111328125,1000,0.0,0.0
2007-10-16 00:00:00+09:00,508.7255554199218,508.7255554199218,508.7255554199218,508.7255554199219,1000,0.0,0.0
2007-10-17 00:00:00+09:00,494.85131835937494,494.85131835937494,494.85131835937494,494.851318359375,1000,0.0,0.0
2007-10-18 00:00:00+09:00,494.85131835937494,494.85131835937494,494.85131835937494,494.851318359375,1000,0.0,0.0
2007-10-19 00:00:00+09:00,491.38275146484375,500.05421178481157,491.38275146484375,491.38275146484375,0,0.0,0.0
2007-10-22 00:00:00+09:00,494.85131835937494,494.85131835937494,494.85131835937494,494.851318359375,1000,0.0,0.0
2007-10-23 00:00:00+09:00,485.6017150878906,485.6017150878906,485.6017150878906,485.6017150878906,1000,0.0,0.0
2007-10-24 00:00:00+09:00,491.38275146484375,491.38275146484375,491.38275146484375,491.38275146484375,4000,0.0,0.0
2007-10-25 00:00:00+09:00,491.38275146484375,491.38275146484375,491.38275146484375,491.38275146484375,1000,0.0,0.0
2007-10-26 00:00:00+09:00,491.38275146484375,491.38275146484375,491.38275146484375,491.38275146484375,1000,0.0,0.0
2007-10-29 00:00:00+09:00,505.835205078125,505.835205078125,505.835205078125,505.835205078125,1000,0.0,0.0
2007-10-30 00:00:00+09:00,491.38275146484375,508.7256721047794,491.38275146484375,491.38275146484375,0,0.0,0.0
2007-10-31 00:00:00+09:00,505.835205078125,505.835205078125,505.835205078125,505.835205078125,2000,0.0,0.0
2007-11-01 00:00:00+09:00,505.835205078125,505.835205078125,505.835205078125,505.835205078125,4000,0.0,0.0
2007-11-02 00:00:00+09:00,505.835205078125,505.835205078125,505.835205078125,505.835205078125,1000,0.0,0.0
2007-11-05 00:00:00+09:00,505.835205078125,505.835205078125,505.835205078125,505.835205078125,1000,0.0,0.0
2007-11-06 00:00:00+09:00,505.835205078125,505.835205078125,505.835205078125,505.835205078125,1000,0.0,0.0
2007-11-07 00:00:00+09:00,479.82077026367193,479.82077026367193,479.82077026367193,479.8207702636719,1000,0.0,0.0
2007-11-08 00:00:00+09:00,479.82077026367193,479.82077026367193,479.82077026367193,479.8207702636719,1000,0.0,0.0
2007-11-09 00:00:00+09:00,479.82077026367193,479.82077026367193,479.82077026367193,479.8207702636719,1000,0.0,0.0
2007-11-12 00:00:00+09:00,479.82077026367193,479.82077026367193,479.82077026367193,479.8207702636719,1000,0.0,0.0
2007-11-13 00:00:00+09:00,479.82077026367193,479.82077026367193,479.82077026367193,479.8207702636719,1000,0.0,0.0
2007-11-14 00:00:00+09:00,479.82077026367193,479.82077026367193,479.82077026367193,479.8207702636719,1000,0.0,0.0
2007-11-15 00:00:00+09:00,427.7921451822916,433.57312011718744,427.7921451822916,433.5731201171875,7000,0.0,0.0
2007-11-16 00:00:00+09:00,433.57312011718744,433.57312011718744,433.57312011718744,433.5731201171875,2000,0.0,0.0
2007-11-19 00:00:00+09:00,420.85479460037294,421.4328918457031,420.85479460037294,421.4328918457031,6000,0.0,0.0
2007-11-20 00:00:00+09:00,416.23010253906244,479.24271528455944,416.23010253906244,416.2301025390625,0,0.0,0.0
2007-11-21 00:00:00+09:00,421.4328918457031,421.4328918457031,421.4328918457031,421.4328918457031,1000,0.0,0.0
2007-11-22 00:00:00+09:00,418.5424499511719,418.5424499511719,418.5424499511719,418.5424499511719,3000,0.0,0.0
2007-11-26 00:00:00+09:00,418.54249199761284,418.54249199761284,416.23010253906244,416.2301025390625,2000,0.0,0.0
2007-11-27 00:00:00+09:00,416.23010253906244,416.23010253906244,416.23010253906244,416.2301025390625,2000,0.0,0.0
2007-11-28 00:00:00+09:00,416.23010253906244,416.23010253906244,416.23010253906244,416.2301025390625,1000,0.0,0.0
2007-11-29 00:00:00+09:00,416.23010253906244,450.9159444173177,416.23010253906244,416.2301025390625,0,0.0,0.0
2007-11-30 00:00:00+09:00,416.23010253906244,416.23010253906244,416.23010253906244,416.2301025390625,1000,0.0,0.0
2007-12-03 00:00:00+09:00,416.23010253906244,416.23010253906244,416.23010253906244,416.2301025390625,1000,0.0,0.0
2007-12-04 00:00:00+09:00,416.23010253906244,416.23010253906244,416.23010253906244,416.2301025390625,1000,0.0,0.0
2007-12-05 00:00:00+09:00,416.23010253906244,416.23010253906244,416.23010253906244,416.2301025390625,1000,0.0,0.0
2007-12-06 00:00:00+09:00,427.7920532226562,427.7920532226562,427.7920532226562,427.79205322265625,1000,0.0,0.0
2007-12-07 00:00:00+09:00,427.7920532226562,433.57302691485427,427.7920532226562,427.79205322265625,0,0.0,0.0
2007-12-10 00:00:00+09:00,427.79200630447497,427.79200630447497,424.9015197753906,424.9015197753906,2000,0.0,0.0
2007-12-11 00:00:00+09:00,427.7920532226562,427.7920532226562,427.7920532226562,427.79205322265625,1000,0.0,0.0
2007-12-12 00:00:00+09:00,427.7920532226562,427.7920532226562,427.7920532226562,427.79205322265625,1000,0.0,0.0
2007-12-13 00:00:00+09:00,428.3702087402343,442.2445474848573,428.3702087402343,428.3702087402344,0,0.0,0.0
2007-12-14 00:00:00+09:00,427.7920532226562,427.7920532226562,427.7920532226562,427.79205322265625,1000,0.0,0.0
2007-12-17 00:00:00+09:00,428.3702087402343,428.3702087402343,428.3702087402343,428.3702087402344,1000,0.0,0.0
2007-12-18 00:00:00+09:00,428.3702087402343,428.3702087402343,428.3702087402343,428.3702087402344,2000,0.0,0.0
2007-12-19 00:00:00+09:00,428.9481506347656,428.9481506347656,428.9481506347656,428.9481506347656,1000,0.0,0.0
2007-12-20 00:00:00+09:00,429.5263436513404,429.5263436513404,420.8548831469392,422.0110778808594,3000,0.0,0.0
2007-12-21 00:00:00+09:00,418.54249367909887,422.0110778808593,418.54249367909887,422.0110778808594,4000,0.0,0.0
2007-12-25 00:00:00+09:00,423.74533081054693,423.74533081054693,423.74533081054693,423.7453308105469,2000,0.0,0.0
2007-12-26 00:00:00+09:00,424.323486328125,444.5568950767413,424.323486328125,424.323486328125,0,0.0,0.0
2007-12-27 00:00:00+09:00,423.74533081054693,423.74533081054693,423.74533081054693,423.7453308105469,1000,0.0,0.0
2007-12-28 00:00:00+09:00,423.74533081054693,423.74533081054693,423.74533081054693,423.7453308105469,1000,0.0,0.0
2008-01-04 00:00:00+09:00,423.74533081054693,423.74533081054693,423.74533081054693,423.7453308105469,2000,0.0,0.0
2008-01-07 00:00:00+09:00,446.8692932128906,446.8692932128906,446.8692932128906,446.8692932128906,2000,0.0,0.0
2008-01-08 00:00:00+09:00,446.8692932128906,446.8692932128906,446.8692932128906,446.8692932128906,1000,0.0,0.0
2008-01-09 00:00:00+09:00,422.5891418457031,422.5891418457031,422.5891418457031,422.5891418457031,2000,0.0,0.0
2008-01-10 00:00:00+09:00,422.5891418457031,422.5891418457031,422.5891418457031,422.5891418457031,1000,0.0,0.0
2008-01-11 00:00:00+09:00,423.16723632812506,423.16723632812506,423.16723632812506,423.167236328125,1000,0.0,0.0
2008-01-15 00:00:00+09:00,422.0110778808593,422.0110778808593,422.0110778808593,422.0110778808594,2000,0.0,0.0
2008-01-16 00:00:00+09:00,416.23005558894226,416.23005558894226,413.3395690917968,413.3395690917969,4000,0.0,0.0
2008-01-17 00:00:00+09:00,415.65191650390625,415.65191650390625,415.65191650390625,415.65191650390625,1000,0.0,0.0
2008-01-18 00:00:00+09:00,410.4490966796875,410.4490966796875,410.4490966796875,410.4490966796875,1000,0.0,0.0
2008-01-21 00:00:00+09:00,410.4490966796875,410.4490966796875,410.4490966796875,410.4490966796875,1000,0.0,0.0
2008-01-22 00:00:00+09:00,393.1062316894531,393.1062316894531,393.1062316894531,393.1062316894531,1000,0.0,0.0
2008-01-23 00:00:00+09:00,388.4814758300781,388.4814758300781,388.4814758300781,388.4814758300781,1000,0.0,0.0
2008-01-24 00:00:00+09:00,400.0433349609375,400.0433349609375,400.0433349609375,400.0433349609375,1000,0.0,0.0
2008-01-25 00:00:00+09:00,398.8871459960938,398.8871459960938,398.8871459960938,398.88714599609375,1000,0.0,0.0
2008-01-28 00:00:00+09:00,398.8871509732095,404.09002685546875,398.8871509732095,404.09002685546875,2000,0.0,0.0
2008-01-29 00:00:00+09:00,389.63757565146994,395.4185485839844,384.43470001220703,395.4185485839844,6000,0.0,0.0
2008-01-30 00:00:00+09:00,398.8871459960938,398.8871459960938,398.8871459960938,398.88714599609375,4000,0.0,0.0
2008-01-31 00:00:00+09:00,398.8871459960938,398.8871459960938,398.8871459960938,398.88714599609375,1000,0.0,0.0
2008-02-01 00:00:00+09:00,398.8871459960938,398.8871459960938,398.8871459960938,398.88714599609375,1000,0.0,0.0
2008-02-04 00:00:00+09:00,398.8871459960938,398.8871459960938,398.8871459960938,398.88714599609375,1000,0.0,0.0
2008-02-05 00:00:00+09:00,393.1062316894531,393.1062316894531,393.1062316894531,393.1062316894531,1000,0.0,0.0
2008-02-06 00:00:00+09:00,393.1062316894531,393.1062316894531,393.1062316894531,393.1062316894531,1000,0.0,0.0
2008-02-07 00:00:00+09:00,393.1062316894531,393.1062316894531,393.1062316894531,393.1062316894531,1000,0.0,0.0
2008-02-08 00:00:00+09:00,393.1062316894531,393.1062316894531,393.1062316894531,393.1062316894531,1000,0.0,0.0
2008-02-12 00:00:00+09:00,390.2157592773437,390.2157592773437,390.2157592773437,390.21575927734375,2000,0.0,0.0
2008-02-13 00:00:00+09:00,390.2157592773437,390.2157592773437,390.2157592773437,390.21575927734375,1000,0.0,0.0
2008-02-14 00:00:00+09:00,393.1062316894531,393.1062316894531,393.1062316894531,393.1062316894531,1000,0.0,0.0
2008-02-15 00:00:00+09:00,393.1062316894531,393.1062316894531,393.1062316894531,393.1062316894531,1000,0.0,0.0
2008-02-18 00:00:00+09:00,393.1062316894531,393.1062316894531,393.1062316894531,393.1062316894531,1000,0.0,0.0
2008-02-19 00:00:00+09:00,387.32519300056225,387.32519300056225,380.9661226677172,381.5442199707031,5000,0.0,0.0
2008-02-20 00:00:00+09:00,378.6536865234375,378.6536865234375,378.6536865234375,378.6536865234375,1000,0.0,0.0
2008-02-21 00:00:00+09:00,378.6536865234375,378.6536865234375,378.6536865234375,378.6536865234375,1000,0.0,0.0
2008-02-22 00:00:00+09:00,378.6536865234375,378.6536865234375,378.6536865234375,378.6536865234375,1000,0.0,0.0
2008-02-25 00:00:00+09:00,378.65383979969454,384.43481445312494,378.65383979969454,384.434814453125,2000,0.0,0.0
2008-02-26 00:00:00+09:00,384.43467849048216,387.3251647949219,384.43467849048216,387.3251647949219,2000,0.0,0.0
2008-02-27 00:00:00+09:00,387.3251647949219,387.3251647949219,387.3251647949219,387.3251647949219,2000,0.0,0.0
2008-02-28 00:00:00+09:00,387.3251647949219,387.3251647949219,387.3251647949219,387.3251647949219,2000,0.0,0.0
2008-02-29 00:00:00+09:00,387.3251647949219,387.3251647949219,387.3251647949219,387.3251647949219,2000,0.0,0.0
2008-03-03 00:00:00+09:00,369.9822443181818,369.9822443181818,343.9678677645596,349.74884033203125,5000,0.0,0.0
2008-03-04 00:00:00+09:00,349.74884033203125,349.74884033203125,349.74884033203125,349.74884033203125,5000,0.0,0.0
2008-03-05 00:00:00+09:00,346.85842740333686,346.85842740333686,341.07745361328125,341.07745361328125,4000,0.0,0.0
2008-03-06 00:00:00+09:00,341.07745361328125,341.07745361328125,341.07745361328125,341.07745361328125,4000,0.0,0.0
2008-03-07 00:00:00+09:00,329.51545310947165,329.51545310947165,327.20306396484375,327.20306396484375,4000,0.0,0.0
2008-03-10 00:00:00+09:00,327.78117828369136,333.56215144566124,323.7344970703125,323.7344970703125,8000,0.0,0.0
2008-03-11 00:00:00+09:00,323.7344970703125,323.7344970703125,323.7344970703125,323.7344970703125,8000,0.0,0.0
2008-03-12 00:00:00+09:00,323.7344970703125,323.7344970703125,323.7344970703125,323.7344970703125,3000,0.0,0.0
2008-03-13 00:00:00+09:00,323.7344970703125,323.7344970703125,323.7344970703125,323.7344970703125,3000,0.0,0.0
2008-03-14 00:00:00+09:00,323.7344970703125,323.7344970703125,323.7344970703125,323.7344970703125,4000,0.0,0.0
2008-03-17 00:00:00+09:00,323.7344970703125,323.7344970703125,323.7344970703125,323.7344970703125,4000,0.0,0.0
2008-03-18 00:00:00+09:00,323.7344970703125,323.7344970703125,323.7344970703125,323.7344970703125,2000,0.0,0.0
2008-03-19 00:00:00+09:00,323.7344970703125,323.7344970703125,323.7344970703125,323.7344970703125,2000,0.0,0.0
2008-03-21 00:00:00+09:00,320.8440246582031,320.8440246582031,320.8440246582031,320.8440246582031,1000,0.0,0.0
2008-03-24 00:00:00+09:00,317.95354309082035,317.95354309082035,289.0486755371094,289.0486755371094,6000,0.0,0.0
2008-03-25 00:00:00+09:00,291.9391594009247,294.82964612766654,285.0019912567443,289.62677001953125,35000,0.0,0.0
2008-03-26 00:00:00+09:00,295.7759789649476,295.7759789649476,289.0118713378906,289.0118713378906,2000,30.0,0.0
2008-03-27 00:00:00+09:00,282.86265010917026,282.86265010917026,277.3283808679039,281.6328125,6000,0.0,0.0
2008-03-28 00:00:00+09:00,277.32842914011684,277.32842914011684,271.7941589355469,271.7941589355469,5000,0.0,0.0
2008-03-31 00:00:00+09:00,271.7941076105291,271.7941076105291,270.56427001953125,270.56427001953125,2000,0.0,0.0
2008-04-01 00:00:00+09:00,265.6449279785156,265.6449279785156,265.6449279785156,265.6449279785156,1000,0.0,0.0
2008-04-02 00:00:00+09:00,266.25990899617244,274.8687744140625,266.25990899617244,274.8687744140625,4000,0.0,0.0
2008-04-03 00:00:00+09:00,271.7941589355469,271.7941589355469,271.7941589355469,271.7941589355469,1000,0.0,0.0
2008-04-04 00:00:00+09:00,271.7941589355469,271.7941589355469,271.7941589355469,271.7941589355469,1000,0.0,0.0
2008-04-07 00:00:00+09:00,271.7941589355469,285.9372939027812,271.7941589355469,271.7941589355469,0,0.0,0.0
2008-04-08 00:00:00+09:00,285.9373474121094,285.9373474121094,285.9373474121094,285.9373474121094,1000,0.0,0.0
2008-04-09 00:00:00+09:00,271.7941589355469,271.7941589355469,271.7941589355469,271.7941589355469,3000,0.0,0.0
2008-04-10 00:00:00+09:00,271.7941589355469,271.7941589355469,271.7941589355469,271.7941589355469,3000,0.0,0.0
2008-04-11 00:00:00+09:00,271.7941589355469,271.7941589355469,271.7941589355469,271.7941589355469,3000,0.0,0.0
2008-04-14 00:00:00+09:00,271.7941589355469,271.7941589355469,271.7941589355469,271.7941589355469,3000,0.0,0.0
2008-04-15 00:00:00+09:00,271.7941589355469,271.7941589355469,271.7941589355469,271.7941589355469,3000,0.0,0.0
2008-04-16 00:00:00+09:00,268.7195226910471,268.7195226910471,267.48968505859375,267.48968505859375,2000,0.0,0.0
2008-04-17 00:00:00+09:00,264.41510009765625,264.41510009765625,261.3405059104742,264.41510009765625,4000,0.0,0.0
2008-04-18 00:00:00+09:00,255.1912841796875,255.1912841796875,255.1912841796875,255.1912841796875,4000,0.0,0.0
2008-04-21 00:00:00+09:00,261.34051513671875,261.34051513671875,261.34051513671875,261.34051513671875,4000,0.0,0.0
2008-04-22 00:00:00+09:00,261.34051513671875,261.34051513671875,261.34051513671875,261.34051513671875,4000,0.0,0.0
2008-04-23 00:00:00+09:00,261.34051513671875,261.34051513671875,261.34051513671875,261.34051513671875,4000,0.0,0.0
2008-04-24 00:00:00+09:00,261.34051513671875,261.34051513671875,261.34051513671875,261.34051513671875,4000,0.0,0.0
2008-04-25 00:00:00+09:00,261.9554443359375,261.9554443359375,261.9554443359375,261.9554443359375,2000,0.0,0.0
2008-04-28 00:00:00+09:00,265.03000979368716,267.48968505859375,265.03000979368716,267.48968505859375,2000,0.0,0.0
2008-04-30 00:00:00+09:00,267.48972586535535,268.1046447753906,267.48972586535535,268.1046447753906,3000,0.0,0.0
2008-05-01 00:00:00+09:00,268.7195739746094,268.7195739746094,268.7195739746094,268.7195739746094,1000,0.0,0.0
2008-05-02 00:00:00+09:00,271.7941589355469,271.7941589355469,271.7941589355469,271.7941589355469,1000,0.0,0.0
2008-05-07 00:00:00+09:00,281.0179443359375,281.0179443359375,281.0179443359375,281.0179443359375,1000,0.0,0.0
2008-05-08 00:00:00+09:00,281.0179443359375,281.0179443359375,281.0179443359375,281.0179443359375,4000,0.0,0.0
2008-05-09 00:00:00+09:00,284.0925395792555,284.70745849609375,284.0925395792555,284.70745849609375,2000,0.0,0.0
2008-05-12 00:00:00+09:00,281.6328607961672,281.6328607961672,268.1046447753906,268.1046447753906,6000,0.0,0.0
2008-05-13 00:00:00+09:00,280.4029541015625,280.4029541015625,280.4029541015625,280.4029541015625,1000,0.0,0.0
2008-05-14 00:00:00+09:00,283.4776611328125,283.4776611328125,283.4776611328125,283.4776611328125,1000,0.0,0.0
2008-05-15 00:00:00+09:00,289.6268310546875,289.6268310546875,289.6268310546875,289.6268310546875,1000,0.0,0.0
2008-05-16 00:00:00+09:00,313.6086548539929,338.8203310285296,313.6086548539929,327.1368713378906,11000,0.0,0.0
2008-05-19 00:00:00+09:00,341.2800003854852,350.5037841796875,341.2800003854852,350.5037841796875,2000,0.0,0.0
2008-05-20 00:00:00+09:00,350.5037841796875,350.5037841796875,350.5037841796875,350.5037841796875,1000,0.0,0.0
2008-05-21 00:00:00+09:00,344.35455322265625,344.35455322265625,344.35455322265625,344.35455322265625,2000,0.0,0.0
2008-05-22 00:00:00+09:00,344.35455322265625,344.35455322265625,344.35455322265625,344.35455322265625,2000,0.0,0.0
2008-05-23 00:00:00+09:00,350.5037841796875,350.5037841796875,350.5037841796875,350.5037841796875,2000,0.0,0.0
2008-05-26 00:00:00+09:00,350.5037469378973,362.80212402343756,350.5037469378973,362.8021240234375,10000,0.0,0.0
2008-05-27 00:00:00+09:00,361.5722381591797,368.9512634277344,361.5722381591797,368.9512634277344,2000,0.0,0.0
2008-05-28 00:00:00+09:00,368.9512634277344,368.9512634277344,368.9512634277344,368.9512634277344,2000,0.0,0.0
2008-05-29 00:00:00+09:00,368.9512634277344,368.9512634277344,368.9512634277344,368.9512634277344,2000,0.0,0.0
2008-05-30 00:00:00+09:00,368.9512634277344,368.9512634277344,368.9512634277344,368.9512634277344,2000,0.0,0.0
2008-06-02 00:00:00+09:00,368.9512634277344,368.9512634277344,368.9512634277344,368.9512634277344,2000,0.0,0.0
2008-06-03 00:00:00+09:00,368.9512634277344,368.9512634277344,368.9512634277344,368.9512634277344,2000,0.0,0.0
2008-06-04 00:00:00+09:00,332.6711041974592,341.27996826171875,332.6711041974592,341.27996826171875,4000,0.0,0.0
2008-06-05 00:00:00+09:00,341.2799910835598,353.578369140625,341.2799910835598,353.578369140625,2000,0.0,0.0
2008-06-06 00:00:00+09:00,359.7275085449219,359.7275085449219,359.7275085449219,359.7275085449219,1000,0.0,0.0
2008-06-09 00:00:00+09:00,359.7275085449219,359.7275085449219,359.7275085449219,359.7275085449219,1000,0.0,0.0
2008-06-10 00:00:00+09:00,359.7275085449219,359.7275085449219,359.7275085449219,359.7275085449219,1000,0.0,0.0
2008-06-11 00:00:00+09:00,359.7275085449219,359.7275085449219,359.7275085449219,359.7275085449219,3000,0.0,0.0
2008-06-12 00:00:00+09:00,359.7275085449219,359.7275085449219,359.7275085449219,359.7275085449219,3000,0.0,0.0
2008-06-13 00:00:00+09:00,359.7275085449219,359.7275085449219,359.7275085449219,359.7275085449219,3000,0.0,0.0
2008-06-16 00:00:00+09:00,359.7275085449219,359.7275085449219,359.7275085449219,359.7275085449219,3000,0.0,0.0
2008-06-17 00:00:00+09:00,359.7275085449219,359.7275085449219,359.7275085449219,359.7275085449219,3000,0.0,0.0
2008-06-18 00:00:00+09:00,359.7275085449219,359.7275085449219,359.7275085449219,359.7275085449219,3000,0.0,0.0
2008-06-19 00:00:00+09:00,359.7275085449219,359.7275085449219,359.7275085449219,359.7275085449219,3000,0.0,0.0
2008-06-20 00:00:00+09:00,359.7275085449219,359.7275085449219,359.7275085449219,359.7275085449219,3000,0.0,0.0
2008-06-23 00:00:00+09:00,359.7275085449219,359.7275085449219,359.7275085449219,359.7275085449219,3000,0.0,0.0
2008-06-24 00:00:00+09:00,359.7275085449219,359.7275085449219,359.7275085449219,359.7275085449219,3000,0.0,0.0
2008-06-25 00:00:00+09:00,359.7275085449219,359.7275085449219,359.7275085449219,359.7275085449219,3000,0.0,0.0
2008-06-26 00:00:00+09:00,359.7275085449219,359.7275085449219,359.7275085449219,359.7275085449219,3000,0.0,0.0
2008-06-27 00:00:00+09:00,359.7275085449219,359.7275085449219,359.7275085449219,359.7275085449219,6000,0.0,0.0
2008-06-30 00:00:00+09:00,359.7275085449219,359.7275085449219,359.7275085449219,359.7275085449219,6000,0.0,0.0
2008-07-01 00:00:00+09:00,359.7275085449219,359.7275085449219,359.7275085449219,359.7275085449219,6000,0.0,0.0
2008-07-02 00:00:00+09:00,359.7275085449219,359.7275085449219,359.7275085449219,359.7275085449219,6000,0.0,0.0
2008-07-03 00:00:00+09:00,359.7275085449219,359.7275085449219,359.7275085449219,359.7275085449219,6000,0.0,0.0
2008-07-04 00:00:00+09:00,359.7275085449219,359.7275085449219,359.7275085449219,359.7275085449219,6000,0.0,0.0
2008-07-07 00:00:00+09:00,359.7275085449219,359.7275085449219,359.7275085449219,359.7275085449219,6000,0.0,0.0
2008-07-08 00:00:00+09:00,359.7275085449219,359.7275085449219,359.7275085449219,359.7275085449219,6000,0.0,0.0
2008-07-09 00:00:00+09:00,359.7275085449219,359.7275085449219,359.7275085449219,359.7275085449219,6000,0.0,0.0
2008-07-10 00:00:00+09:00,359.7275085449219,359.7275085449219,359.7275085449219,359.7275085449219,6000,0.0,0.0
2008-07-11 00:00:00+09:00,359.7275085449219,359.7275085449219,359.7275085449219,359.7275085449219,6000,0.0,0.0
2008-07-14 00:00:00+09:00,359.7275085449219,359.7275085449219,359.7275085449219,359.7275085449219,6000,0.0,0.0
2008-07-15 00:00:00+09:00,359.7275085449219,359.7275085449219,359.7275085449219,359.7275085449219,6000,0.0,0.0
2008-07-16 00:00:00+09:00,359.7275085449219,359.7275085449219,359.7275085449219,359.7275085449219,6000,0.0,0.0
2008-07-17 00:00:00+09:00,359.7275085449219,359.7275085449219,359.7275085449219,359.7275085449219,6000,0.0,0.0
2008-07-18 00:00:00+09:00,359.7275085449219,359.7275085449219,359.7275085449219,359.7275085449219,6000,0.0,0.0
2008-07-22 00:00:00+09:00,349.88885498046875,349.88885498046875,349.88885498046875,349.88885498046875,1000,0.0,0.0
2008-07-23 00:00:00+09:00,349.88885498046875,349.88885498046875,349.88885498046875,349.88885498046875,1000,0.0,0.0
2008-07-24 00:00:00+09:00,349.88885498046875,349.88885498046875,349.88885498046875,349.88885498046875,1000,0.0,0.0
2008-07-25 00:00:00+09:00,349.88885498046875,349.88885498046875,349.88885498046875,349.88885498046875,1000,0.0,0.0
2008-07-28 00:00:00+09:00,349.88885498046875,349.88885498046875,349.88885498046875,349.88885498046875,1000,0.0,0.0
2008-07-29 00:00:00+09:00,349.88885498046875,349.88885498046875,349.88885498046875,349.88885498046875,1000,0.0,0.0
2008-07-30 00:00:00+09:00,349.27386474609375,349.27386474609375,349.27386474609375,349.27386474609375,3000,0.0,0.0
2008-07-31 00:00:00+09:00,349.27386474609375,349.27386474609375,349.27386474609375,349.27386474609375,3000,0.0,0.0
2008-08-01 00:00:00+09:00,349.27386474609375,349.27386474609375,349.27386474609375,349.27386474609375,3000,0.0,0.0
2008-08-04 00:00:00+09:00,349.27386474609375,349.27386474609375,349.27386474609375,349.27386474609375,3000,0.0,0.0
2008-08-05 00:00:00+09:00,349.27386474609375,349.27386474609375,349.27386474609375,349.27386474609375,3000,0.0,0.0
2008-08-06 00:00:00+09:00,349.27386474609375,349.27386474609375,349.27386474609375,349.27386474609375,3000,0.0,0.0
2008-08-07 00:00:00+09:00,349.27386474609375,349.27386474609375,349.27386474609375,349.27386474609375,3000,0.0,0.0
2008-08-08 00:00:00+09:00,325.9069519042969,325.9069519042969,325.9069519042969,325.9069519042969,1000,0.0,0.0
2008-08-11 00:00:00+09:00,325.9069519042969,325.9069519042969,325.9069519042969,325.9069519042969,1000,0.0,0.0
2008-08-12 00:00:00+09:00,325.9069519042969,325.9069519042969,325.9069519042969,325.9069519042969,1000,0.0,0.0
2008-08-13 00:00:00+09:00,325.9069519042969,325.9069519042969,325.9069519042969,325.9069519042969,1000,0.0,0.0
2008-08-14 00:00:00+09:00,325.9069519042969,325.9069519042969,325.9069519042969,325.9069519042969,1000,0.0,0.0
2008-08-15 00:00:00+09:00,325.9069519042969,325.9069519042969,325.9069519042969,325.9069519042969,1000,0.0,0.0
2008-08-18 00:00:00+09:00,338.2053527832031,338.2053527832031,338.2053527832031,338.2053527832031,3000,0.0,0.0
2008-08-19 00:00:00+09:00,338.2053527832031,338.2053527832031,338.2053527832031,338.2053527832031,3000,0.0,0.0
2008-08-20 00:00:00+09:00,338.2053527832031,338.2053527832031,338.2053527832031,338.2053527832031,3000,0.0,0.0
2008-08-21 00:00:00+09:00,338.2053527832031,338.2053527832031,338.2053527832031,338.2053527832031,3000,0.0,0.0
2008-08-22 00:00:00+09:00,307.4594421386719,307.4594421386719,307.4594421386719,307.4594421386719,8000,0.0,0.0
2008-08-25 00:00:00+09:00,308.0743408203125,308.0743408203125,308.0743408203125,308.0743408203125,1000,0.0,0.0
2008-08-26 00:00:00+09:00,308.0743408203125,319.7577988554142,308.0743408203125,308.0743408203125,0,0.0,0.0
2008-08-27 00:00:00+09:00,308.0743408203125,308.0743408203125,308.0743408203125,308.0743408203125,1000,0.0,0.0
2008-08-28 00:00:00+09:00,308.0743408203125,308.0743408203125,308.0743408203125,308.0743408203125,1000,0.0,0.0
2008-08-29 00:00:00+09:00,252.11668395996094,316.6831518033656,252.11668395996094,252.11668395996094,0,0.0,0.0
2008-09-01 00:00:00+09:00,307.4594421386719,307.4594421386719,307.4594421386719,307.4594421386719,1000,0.0,0.0
2008-09-02 00:00:00+09:00,307.4594421386719,307.4594421386719,307.4594421386719,307.4594421386719,2000,0.0,0.0
2008-09-03 00:00:00+09:00,306.22955322265625,306.22955322265625,306.22955322265625,306.22955322265625,1000,0.0,0.0
2008-09-04 00:00:00+09:00,307.4594421386719,307.4594421386719,307.4594421386719,307.4594421386719,1000,0.0,0.0
2008-09-05 00:00:00+09:00,303.15496757663027,303.15496757663027,301.3102111816406,301.3102111816406,3000,0.0,0.0
2008-09-08 00:00:00+09:00,301.3102111816406,301.3102111816406,301.3102111816406,301.3102111816406,3000,0.0,0.0
2008-09-09 00:00:00+09:00,300.6953430175781,300.6953430175781,300.6953430175781,300.6953430175781,3000,0.0,0.0
2008-09-10 00:00:00+09:00,300.0803728984856,300.0803728984856,299.4654541015625,299.4654541015625,3000,0.0,0.0
2008-09-11 00:00:00+09:00,299.4654541015625,299.4654541015625,299.4654541015625,299.4654541015625,3000,0.0,0.0
2008-09-12 00:00:00+09:00,297.6206970214844,297.6206970214844,297.6206970214844,297.6206970214844,4000,0.0,0.0
2008-09-16 00:00:00+09:00,297.6206970214844,297.6206970214844,297.6206970214844,297.6206970214844,4000,0.0,0.0
2008-09-17 00:00:00+09:00,297.00579833984375,297.00579833984375,297.00579833984375,297.00579833984375,1000,0.0,0.0
2008-09-18 00:00:00+09:00,297.00579833984375,297.00579833984375,297.00579833984375,297.00579833984375,1000,0.0,0.0
2008-09-19 00:00:00+09:00,295.7760009765625,295.7760009765625,295.7760009765625,295.7760009765625,1000,0.0,0.0
2008-09-22 00:00:00+09:00,293.9312438964844,293.9312438964844,293.9312438964844,293.9312438964844,3000,0.0,0.0
2008-09-24 00:00:00+09:00,282.8626708984375,282.8626708984375,282.8626708984375,282.8626708984375,2000,0.0,0.0
2008-09-25 00:00:00+09:00,281.6328125,281.6328125,281.6328125,281.6328125,2000,0.0,0.0
2008-09-26 00:00:00+09:00,276.7135314941406,276.7135314941406,276.7135314941406,276.7135314941406,5000,0.0,0.0
2008-09-29 00:00:00+09:00,276.7135314941406,276.7135314941406,276.7135314941406,276.7135314941406,2000,0.0,0.0
2008-09-30 00:00:00+09:00,276.7135314941406,276.7135314941406,276.7135314941406,276.7135314941406,2000,0.0,0.0
2008-10-01 00:00:00+09:00,276.7135314941406,276.7135314941406,276.7135314941406,276.7135314941406,2000,0.0,0.0
2008-10-02 00:00:00+09:00,279.7880859375,279.7880859375,279.7880859375,279.7880859375,1000,0.0,0.0
2008-10-03 00:00:00+09:00,267.48969428483827,267.48969428483827,264.41510009765625,264.41510009765625,2000,0.0,0.0
2008-10-06 00:00:00+09:00,258.2658996582031,258.2658996582031,258.2658996582031,258.2658996582031,3000,0.0,0.0
2008-10-07 00:00:00+09:00,239.81834106445314,245.967529296875,239.81834106445314,245.967529296875,2000,0.0,0.0
2008-10-08 00:00:00+09:00,245.967529296875,245.967529296875,245.967529296875,245.967529296875,1000,0.0,0.0
2008-10-09 00:00:00+09:00,245.967529296875,245.967529296875,245.967529296875,245.967529296875,1000,0.0,0.0
2008-10-10 00:00:00+09:00,233.66917419433594,233.66917419433594,233.66917419433594,233.66917419433594,1000,0.0,0.0
2008-10-14 00:00:00+09:00,245.96753242688303,245.96753242688303,239.81834411621097,239.81834411621094,2000,0.0,0.0
2008-10-15 00:00:00+09:00,245.96753242688303,245.96753242688303,239.81834411621097,239.81834411621094,2000,0.0,0.0
2008-10-16 00:00:00+09:00,245.967529296875,245.967529296875,245.967529296875,245.967529296875,1000,0.0,0.0
2008-10-17 00:00:00+09:00,245.967529296875,245.967529296875,245.967529296875,245.967529296875,1000,0.0,0.0
2008-10-20 00:00:00+09:00,245.967529296875,245.967529296875,245.967529296875,245.967529296875,1000,0.0,0.0
2008-10-21 00:00:00+09:00,245.967529296875,245.967529296875,245.967529296875,245.967529296875,1000,0.0,0.0
2008-10-22 00:00:00+09:00,244.73769165039062,245.967529296875,244.73769165039062,245.967529296875,2000,0.0,0.0
2008-10-23 00:00:00+09:00,244.7377166748047,244.7377166748047,244.7377166748047,244.7377166748047,1000,0.0,0.0
2008-10-24 00:00:00+09:00,244.7377166748047,244.7377166748047,244.7377166748047,244.7377166748047,1000,0.0,0.0
2008-10-27 00:00:00+09:00,244.7377166748047,244.7377166748047,244.7377166748047,244.7377166748047,2000,0.0,0.0
2008-10-28 00:00:00+09:00,244.7377166748047,244.7377166748047,244.7377166748047,244.7377166748047,2000,0.0,0.0
2008-10-29 00:00:00+09:00,244.7377166748047,244.7377166748047,244.7377166748047,244.7377166748047,2000,0.0,0.0
2008-10-30 00:00:00+09:00,244.7377166748047,244.7377166748047,244.7377166748047,244.7377166748047,2000,0.0,0.0
2008-10-31 00:00:00+09:00,244.7377166748047,244.7377166748047,244.7377166748047,244.7377166748047,2000,0.0,0.0
2008-11-04 00:00:00+09:00,244.73769165039062,245.967529296875,244.73769165039062,245.967529296875,3000,0.0,0.0
2008-11-05 00:00:00+09:00,252.11668395996094,252.11668395996094,252.11668395996094,252.11668395996094,2000,0.0,0.0
2008-11-06 00:00:00+09:00,252.11668395996094,252.11668395996094,252.11668395996094,252.11668395996094,2000,0.0,0.0
2008-11-07 00:00:00+09:00,252.11668395996094,252.11668395996094,252.11668395996094,252.11668395996094,2000,0.0,0.0
2008-11-10 00:00:00+09:00,252.73162127973694,286.5521545410156,252.73162127973694,286.5521545410156,11000,0.0,0.0
2008-11-11 00:00:00+09:00,286.5521545410156,286.5521545410156,286.5521545410156,286.5521545410156,11000,0.0,0.0
2008-11-12 00:00:00+09:00,276.7135314941406,276.7135314941406,276.7135314941406,276.7135314941406,1000,0.0,0.0
2008-11-13 00:00:00+09:00,269.9493713378906,269.9493713378906,269.9493713378906,269.9493713378906,1000,0.0,0.0
2008-11-14 00:00:00+09:00,269.9493713378906,269.9493713378906,269.9493713378906,269.9493713378906,1000,0.0,0.0
2008-11-17 00:00:00+09:00,269.94936963458395,269.94936963458395,264.41510009765625,264.41510009765625,1000,0.0,0.0
2008-11-18 00:00:00+09:00,264.41510009765625,264.41510009765625,264.41510009765625,264.41510009765625,1000,0.0,0.0
2008-11-19 00:00:00+09:00,264.41510009765625,264.41510009765625,264.41510009765625,264.41510009765625,1000,0.0,0.0
2008-11-20 00:00:00+09:00,264.41510009765625,264.41510009765625,264.41510009765625,264.41510009765625,1000,0.0,0.0
2008-11-21 00:00:00+09:00,255.1912841796875,255.1912841796875,255.1912841796875,255.1912841796875,1000,0.0,0.0
2008-11-25 00:00:00+09:00,270.56427001953125,270.56427001953125,270.56427001953125,270.56427001953125,1000,0.0,0.0
2008-11-26 00:00:00+09:00,270.56427001953125,270.56427001953125,270.56427001953125,270.56427001953125,2000,0.0,0.0
2008-11-27 00:00:00+09:00,270.56427001953125,270.56427001953125,270.56427001953125,270.56427001953125,2000,0.0,0.0
2008-11-28 00:00:00+09:00,270.56427001953125,270.56427001953125,270.56427001953125,270.56427001953125,2000,0.0,0.0
2008-12-01 00:00:00+09:00,270.56427001953125,270.56427001953125,270.56427001953125,270.56427001953125,2000,0.0,0.0
2008-12-02 00:00:00+09:00,270.56427001953125,270.56427001953125,270.56427001953125,270.56427001953125,2000,0.0,0.0
2008-12-03 00:00:00+09:00,270.56427001953125,270.56427001953125,270.56427001953125,270.56427001953125,2000,0.0,0.0
2008-12-04 00:00:00+09:00,270.56427001953125,270.56427001953125,270.56427001953125,270.56427001953125,2000,0.0,0.0
2008-12-05 00:00:00+09:00,270.56427001953125,270.56427001953125,270.56427001953125,270.56427001953125,2000,0.0,0.0
2008-12-08 00:00:00+09:00,270.56427001953125,270.56427001953125,270.56427001953125,270.56427001953125,2000,0.0,0.0
2008-12-09 00:00:00+09:00,270.56427001953125,270.56427001953125,270.56427001953125,270.56427001953125,2000,0.0,0.0
2008-12-10 00:00:00+09:00,270.56427001953125,270.56427001953125,270.56427001953125,270.56427001953125,2000,0.0,0.0
2008-12-11 00:00:00+09:00,270.56427001953125,270.56427001953125,270.56427001953125,270.56427001953125,1000,0.0,0.0
2008-12-12 00:00:00+09:00,270.56427001953125,270.56427001953125,270.56427001953125,270.56427001953125,1000,0.0,0.0
2008-12-15 00:00:00+09:00,270.56427001953125,270.56427001953125,270.56427001953125,270.56427001953125,2000,0.0,0.0
2008-12-16 00:00:00+09:00,270.56427001953125,270.56427001953125,270.56427001953125,270.56427001953125,2000,0.0,0.0
2008-12-17 00:00:00+09:00,270.56427001953125,270.56427001953125,270.56427001953125,270.56427001953125,2000,0.0,0.0
2008-12-18 00:00:00+09:00,270.56427001953125,270.56427001953125,270.56427001953125,270.56427001953125,2000,0.0,0.0
2008-12-19 00:00:00+09:00,270.56427001953125,270.56427001953125,270.56427001953125,270.56427001953125,2000,0.0,0.0
2008-12-22 00:00:00+09:00,270.56427001953125,270.56427001953125,270.56427001953125,270.56427001953125,2000,0.0,0.0
2008-12-24 00:00:00+09:00,270.56427001953125,270.56427001953125,270.56427001953125,270.56427001953125,2000,0.0,0.0
2008-12-25 00:00:00+09:00,270.56427001953125,270.56427001953125,270.56427001953125,270.56427001953125,2000,0.0,0.0
2008-12-26 00:00:00+09:00,270.56427001953125,270.56427001953125,270.56427001953125,270.56427001953125,2000,0.0,0.0
2008-12-29 00:00:00+09:00,270.56427001953125,270.56427001953125,270.56427001953125,270.56427001953125,2000,0.0,0.0
2008-12-30 00:00:00+09:00,270.56427001953125,270.56427001953125,270.56427001953125,270.56427001953125,2000,0.0,0.0
2009-01-05 00:00:00+09:00,270.56427001953125,270.56427001953125,270.56427001953125,270.56427001953125,2000,0.0,0.0
2009-01-06 00:00:00+09:00,270.56427001953125,271.7941076105291,270.56427001953125,270.56427001953125,6000,0.0,0.0
2009-01-07 00:00:00+09:00,270.56427001953125,270.56427001953125,270.56427001953125,270.56427001953125,6000,0.0,0.0
2009-01-08 00:00:00+09:00,270.56427001953125,270.56427001953125,270.56427001953125,270.56427001953125,3000,0.0,0.0
2009-01-09 00:00:00+09:00,270.56427001953125,270.56427001953125,270.56427001953125,270.56427001953125,3000,0.0,0.0
2009-01-13 00:00:00+09:00,270.56427001953125,270.56427001953125,270.56427001953125,270.56427001953125,3000,0.0,0.0
2009-01-14 00:00:00+09:00,270.56427001953125,270.56427001953125,270.56427001953125,270.56427001953125,3000,0.0,0.0
2009-01-15 00:00:00+09:00,270.56427001953125,270.56427001953125,270.56427001953125,270.56427001953125,3000,0.0,0.0
2009-01-16 00:00:00+09:00,270.56427001953125,270.56427001953125,270.56427001953125,270.56427001953125,3000,0.0,0.0
2009-01-19 00:00:00+09:00,270.56427001953125,270.56427001953125,270.56427001953125,270.56427001953125,3000,0.0,0.0
2009-01-20 00:00:00+09:00,270.56427001953125,270.56427001953125,270.56427001953125,270.56427001953125,3000,0.0,0.0
2009-01-21 00:00:00+09:00,270.56427001953125,270.56427001953125,270.56427001953125,270.56427001953125,3000,0.0,0.0
2009-01-22 00:00:00+09:00,270.56427001953125,270.56427001953125,270.56427001953125,270.56427001953125,3000,0.0,0.0
2009-01-23 00:00:00+09:00,270.56427001953125,270.56427001953125,270.56427001953125,270.56427001953125,3000,0.0,0.0
2009-01-26 00:00:00+09:00,270.56427001953125,270.56427001953125,270.56427001953125,270.56427001953125,2000,0.0,0.0
2009-01-27 00:00:00+09:00,270.56427001953125,270.56427001953125,270.56427001953125,270.56427001953125,2000,0.0,0.0
2009-01-28 00:00:00+09:00,270.56427001953125,270.56427001953125,270.56427001953125,270.56427001953125,2000,0.0,0.0
2009-01-29 00:00:00+09:00,270.56427583240327,270.56427583240327,258.2658996582031,258.2658996582031,1000,0.0,0.0
2009-01-30 00:00:00+09:00,258.2658996582031,258.2658996582031,258.2658996582031,258.2658996582031,1000,0.0,0.0
2009-02-02 00:00:00+09:00,270.56427001953125,270.56427001953125,270.56427001953125,270.56427001953125,1000,0.0,0.0
2009-02-03 00:00:00+09:00,270.56427001953125,270.56427001953125,270.56427001953125,270.56427001953125,2000,0.0,0.0
2009-02-04 00:00:00+09:00,270.56427001953125,270.56427001953125,270.56427001953125,270.56427001953125,2000,0.0,0.0
2009-02-05 00:00:00+09:00,270.56427001953125,270.56427001953125,270.56427001953125,270.56427001953125,2000,0.0,0.0
2009-02-06 00:00:00+09:00,258.2658996582031,258.2658996582031,258.2658996582031,258.2658996582031,1000,0.0,0.0
2009-02-09 00:00:00+09:00,261.34051513671875,261.34051513671875,261.34051513671875,261.34051513671875,1000,0.0,0.0
2009-02-10 00:00:00+09:00,261.34051513671875,261.34051513671875,261.34051513671875,261.34051513671875,1000,0.0,0.0
2009-02-12 00:00:00+09:00,273.638916015625,273.638916015625,273.638916015625,273.638916015625,1000,0.0,0.0
2009-02-13 00:00:00+09:00,273.638916015625,273.638916015625,273.638916015625,273.638916015625,1000,0.0,0.0
2009-02-16 00:00:00+09:00,273.638916015625,273.638916015625,273.638916015625,273.638916015625,1000,0.0,0.0
2009-02-17 00:00:00+09:00,273.638916015625,273.638916015625,273.638916015625,273.638916015625,1000,0.0,0.0
2009-02-18 00:00:00+09:00,269.9493713378906,269.9493713378906,269.9493713378906,269.9493713378906,1000,0.0,0.0
2009-02-19 00:00:00+09:00,269.9493713378906,269.9493713378906,269.9493713378906,269.9493713378906,1000,0.0,0.0
2009-02-20 00:00:00+09:00,269.9493713378906,269.9493713378906,264.4151017660432,269.9493713378906,1000,0.0,0.0
2009-02-23 00:00:00+09:00,264.41510009765625,264.41510009765625,264.41510009765625,264.41510009765625,1000,0.0,0.0
2009-02-24 00:00:00+09:00,261.3404650804473,261.3404650804473,252.11668395996094,252.11668395996094,1000,0.0,0.0
2009-02-25 00:00:00+09:00,252.11668395996094,252.11668395996094,252.11668395996094,252.11668395996094,1000,0.0,0.0
2009-02-26 00:00:00+09:00,252.11668395996094,252.11668395996094,252.11668395996094,252.11668395996094,2000,0.0,0.0
2009-02-27 00:00:00+09:00,252.11668395996094,252.11668395996094,252.11668395996094,252.11668395996094,2000,0.0,0.0
2009-03-02 00:00:00+09:00,252.11668395996094,252.11668395996094,252.11668395996094,252.11668395996094,1000,0.0,0.0
2009-03-03 00:00:00+09:00,252.11668395996094,252.11668395996094,252.11668395996094,252.11668395996094,1000,0.0,0.0
2009-03-04 00:00:00+09:00,252.11671157110305,258.2658996582031,252.11671157110305,258.2658996582031,2000,0.0,0.0
2009-03-05 00:00:00+09:00,261.34049689632724,267.48968505859375,261.34049689632724,267.48968505859375,3000,0.0,0.0
2009-03-06 00:00:00+09:00,258.2658996582031,258.2658996582031,258.2658996582031,258.2658996582031,1000,0.0,0.0
2009-03-09 00:00:00+09:00,258.26587137361855,258.26587137361855,252.11668395996094,252.11668395996094,1000,0.0,0.0
2009-03-10 00:00:00+09:00,252.11668395996094,252.11668395996094,252.11668395996094,252.11668395996094,1000,0.0,0.0
2009-03-11 00:00:00+09:00,252.11668395996094,252.11668395996094,252.11668395996094,252.11668395996094,1000,0.0,0.0
2009-03-12 00:00:00+09:00,252.11668395996094,252.11668395996094,252.11668395996094,252.11668395996094,1000,0.0,0.0
2009-03-13 00:00:00+09:00,252.11668395996094,252.11668395996094,252.11668395996094,252.11668395996094,1000,0.0,0.0
2009-03-16 00:00:00+09:00,252.11668395996094,252.11668395996094,252.11668395996094,252.11668395996094,1000,0.0,0.0
2009-03-17 00:00:00+09:00,276.7135314941406,276.7135314941406,276.7135314941406,276.7135314941406,3000,0.0,0.0
2009-03-18 00:00:00+09:00,276.7135314941406,276.7135314941406,276.7135314941406,276.7135314941406,1000,0.0,0.0
2009-03-19 00:00:00+09:00,276.7135314941406,276.7135314941406,276.7135314941406,276.7135314941406,3000,0.0,0.0
2009-03-23 00:00:00+09:00,276.71349158653845,279.7880859375,276.71349158653845,279.7880859375,5000,0.0,0.0
2009-03-24 00:00:00+09:00,279.78807664954144,282.8626708984375,279.78807664954144,282.8626708984375,23000,0.0,0.0
2009-03-25 00:00:00+09:00,282.8627017455791,284.70745849609375,282.8627017455791,284.70745849609375,2000,0.0,0.0
2009-03-26 00:00:00+09:00,284.70744619390746,295.2278137207031,284.70744619390746,295.2278137207031,2000,30.0,0.0
2009-03-27 00:00:00+09:00,295.2278137207031,295.2278137207031,295.2278137207031,295.2278137207031,2000,0.0,0.0
2009-03-30 00:00:00+09:00,295.2278137207031,295.2278137207031,295.2278137207031,295.2278137207031,2000,0.0,0.0
2009-03-31 00:00:00+09:00,295.2278137207031,295.2278137207031,295.2278137207031,295.2278137207031,2000,0.0,0.0
2009-04-01 00:00:00+09:00,295.2278137207031,295.2278137207031,295.2278137207031,295.2278137207031,2000,0.0,0.0
2009-04-02 00:00:00+09:00,278.78973388671875,278.78973388671875,278.78973388671875,278.78973388671875,1000,0.0,0.0
2009-04-03 00:00:00+09:00,278.78968432323046,278.78968432323046,272.8719787597656,272.8719787597656,1000,0.0,0.0
2009-04-06 00:00:00+09:00,272.8719787597656,272.8719787597656,272.8719787597656,272.8719787597656,1000,0.0,0.0
2009-04-07 00:00:00+09:00,272.8719787597656,272.8719787597656,272.8719787597656,272.8719787597656,1000,0.0,0.0
2009-04-08 00:00:00+09:00,272.8719787597656,272.8719787597656,272.8719787597656,272.8719787597656,1000,0.0,0.0
2009-04-09 00:00:00+09:00,272.8719787597656,272.8719787597656,272.8719787597656,272.8719787597656,1000,0.0,0.0
2009-04-10 00:00:00+09:00,272.8719787597656,272.8719787597656,272.8719787597656,272.8719787597656,1000,0.0,0.0
2009-04-13 00:00:00+09:00,272.8719787597656,272.8719787597656,272.8719787597656,272.8719787597656,1000,0.0,0.0
2009-04-14 00:00:00+09:00,272.8719787597656,272.8719787597656,272.8719787597656,272.8719787597656,1000,0.0,0.0
2009-04-15 00:00:00+09:00,272.8719787597656,272.8719787597656,272.8719787597656,272.8719787597656,1000,0.0,0.0
2009-04-16 00:00:00+09:00,272.8719787597656,272.8719787597656,272.8719787597656,272.8719787597656,1000,0.0,0.0
2009-04-17 00:00:00+09:00,272.8719787597656,272.8719787597656,272.8719787597656,272.8719787597656,1000,0.0,0.0
2009-04-20 00:00:00+09:00,272.8719787597656,272.8719787597656,272.8719787597656,272.8719787597656,1000,0.0,0.0
2009-04-21 00:00:00+09:00,272.8719787597656,272.8719787597656,272.8719787597656,272.8719787597656,1000,0.0,0.0
2009-04-22 00:00:00+09:00,272.8719787597656,272.8719787597656,272.8719787597656,272.8719787597656,1000,0.0,0.0
2009-04-23 00:00:00+09:00,272.8719787597656,272.8719787597656,272.8719787597656,272.8719787597656,1000,0.0,0.0
2009-04-24 00:00:00+09:00,272.8719787597656,272.8719787597656,272.8719787597656,272.8719787597656,1000,0.0,0.0
2009-04-27 00:00:00+09:00,272.8719787597656,272.8719787597656,272.8719787597656,272.8719787597656,1000,0.0,0.0
2009-04-28 00:00:00+09:00,272.8719787597656,272.8719787597656,272.8719787597656,272.8719787597656,1000,0.0,0.0
2009-04-30 00:00:00+09:00,272.8719787597656,272.8719787597656,272.8719787597656,272.8719787597656,1000,0.0,0.0
2009-05-01 00:00:00+09:00,272.8719787597656,272.8719787597656,272.8719787597656,272.8719787597656,1000,0.0,0.0
2009-05-07 00:00:00+09:00,274.8446960449219,274.8446960449219,274.8446960449219,274.8446960449219,3000,0.0,0.0
2009-05-08 00:00:00+09:00,274.8446960449219,274.8446960449219,274.8446960449219,274.8446960449219,3000,0.0,0.0
2009-05-11 00:00:00+09:00,274.8446960449219,274.8446960449219,274.8446960449219,274.8446960449219,3000,0.0,0.0
2009-05-12 00:00:00+09:00,281.4198303222656,281.4198303222656,281.4198303222656,281.4198303222656,1000,0.0,0.0
2009-05-13 00:00:00+09:00,281.4198303222656,281.4198303222656,281.4198303222656,281.4198303222656,1000,0.0,0.0
2009-05-14 00:00:00+09:00,281.4198265598245,293.9127627856111,281.4198265598245,287.99505615234375,5000,0.0,0.0
2009-05-15 00:00:00+09:00,326.78887542724607,328.7614440917969,322.8437380981445,328.7614440917969,22000,0.0,0.0
2009-05-18 00:00:00+09:00,341.91193242904245,358.3500061035156,341.91193242904245,358.3500061035156,4000,0.0,0.0
2009-05-19 00:00:00+09:00,358.3500061035156,358.3500061035156,358.3500061035156,358.3500061035156,1000,0.0,0.0
2009-05-20 00:00:00+09:00,358.3500061035156,358.3500061035156,358.3500061035156,358.3500061035156,1000,0.0,0.0
2009-05-21 00:00:00+09:00,358.3500061035156,358.3500061035156,358.3500061035156,358.3500061035156,2000,0.0,0.0
2009-05-22 00:00:00+09:00,358.3500061035156,358.3500061035156,358.3500061035156,358.3500061035156,1000,0.0,0.0
2009-05-25 00:00:00+09:00,357.69252663352273,361.6376647949219,357.69252663352273,361.6376647949219,2000,0.0,0.0
2009-05-26 00:00:00+09:00,362.295166015625,362.295166015625,362.295166015625,362.295166015625,1000,0.0,0.0
2009-05-27 00:00:00+09:00,362.2951155483933,372.157958984375,362.2951155483933,372.157958984375,1000,0.0,0.0
2009-05-28 00:00:00+09:00,381.36334656832514,381.36334656832514,374.7881164550781,374.7881164550781,2000,0.0,0.0
2009-05-29 00:00:00+09:00,374.7881164550781,374.7881164550781,374.7881164550781,374.7881164550781,2000,0.0,0.0
2009-06-01 00:00:00+09:00,374.7881164550781,374.7881164550781,374.7881164550781,374.7881164550781,2000,0.0,0.0
2009-06-02 00:00:00+09:00,374.7881164550781,374.7881164550781,374.7881164550781,374.7881164550781,2000,0.0,0.0
2009-06-03 00:00:00+09:00,387.9385412808122,387.9385412808122,381.3633117675781,381.3633117675781,2000,0.0,0.0
2009-06-04 00:00:00+09:00,381.3633117675781,381.3633117675781,381.3633117675781,381.3633117675781,2000,0.0,0.0
2009-06-05 00:00:00+09:00,381.36341050091914,391.22625732421875,381.36341050091914,391.22625732421875,1000,0.0,0.0
2009-06-08 00:00:00+09:00,391.22625732421875,391.22625732421875,391.22625732421875,391.22625732421875,1000,0.0,0.0
2009-06-09 00:00:00+09:00,391.22625732421875,391.22625732421875,391.22625732421875,391.22625732421875,1000,0.0,0.0
2009-06-10 00:00:00+09:00,391.22625732421875,391.22625732421875,391.22625732421875,391.22625732421875,1000,0.0,0.0
2009-06-11 00:00:00+09:00,391.22625732421875,391.22625732421875,391.22625732421875,391.22625732421875,2000,0.0,0.0
2009-06-12 00:00:00+09:00,391.22625732421875,391.22625732421875,391.22625732421875,391.22625732421875,2000,0.0,0.0
2009-06-15 00:00:00+09:00,391.2260579427083,394.513671875,391.2260579427083,394.513671875,3000,0.0,0.0
2009-06-16 00:00:00+09:00,394.513671875,394.513671875,394.513671875,394.513671875,3000,0.0,0.0
2009-06-17 00:00:00+09:00,394.51377221232843,395.1712951660156,394.51377221232843,395.1712951660156,2000,0.0,0.0
2009-06-18 00:00:00+09:00,394.513671875,394.513671875,394.513671875,394.513671875,1000,0.0,0.0
2009-06-19 00:00:00+09:00,394.51371626420456,397.80133056640625,394.51371626420456,397.80133056640625,1000,0.0,0.0
2009-06-22 00:00:00+09:00,397.80133056640625,397.80133056640625,397.80133056640625,397.80133056640625,1000,0.0,0.0
2009-06-23 00:00:00+09:00,397.80133056640625,397.80133056640625,397.80133056640625,397.80133056640625,1000,0.0,0.0
2009-06-24 00:00:00+09:00,397.80133056640625,397.80133056640625,397.80133056640625,397.80133056640625,1000,0.0,0.0
2009-06-25 00:00:00+09:00,397.80133056640625,397.80133056640625,397.80133056640625,397.80133056640625,1000,0.0,0.0
2009-06-26 00:00:00+09:00,397.80133056640625,397.80133056640625,397.80133056640625,397.80133056640625,1000,0.0,0.0
2009-06-29 00:00:00+09:00,406.3492126464844,406.3492126464844,406.3492126464844,406.3492126464844,1000,0.0,0.0
2009-06-30 00:00:00+09:00,408.97915654189893,420.15704345703125,408.97915654189893,420.15704345703125,2000,0.0,0.0
2009-07-01 00:00:00+09:00,426.73233919583834,431.33499924879806,426.73233919583834,427.3898620605469,5000,0.0,0.0
2009-07-02 00:00:00+09:00,427.3898620605468,427.3898620605468,427.3898620605468,427.3898620605469,5000,0.0,0.0
2009-07-03 00:00:00+09:00,427.3898620605468,427.3898620605468,427.3898620605468,427.3898620605469,5000,0.0,0.0
2009-07-06 00:00:00+09:00,427.3898620605468,427.3898620605468,427.3898620605468,427.3898620605469,5000,0.0,0.0
2009-07-07 00:00:00+09:00,427.3898620605468,427.3898620605468,427.3898620605468,427.3898620605469,5000,0.0,0.0
2009-07-08 00:00:00+09:00,430.67740223890434,430.67740223890434,428.704833984375,428.704833984375,2000,0.0,0.0
2009-07-09 00:00:00+09:00,430.677490234375,430.677490234375,430.677490234375,430.677490234375,1000,0.0,0.0
2009-07-10 00:00:00+09:00,430.6774735884233,433.965087890625,430.6774735884233,433.965087890625,5000,0.0,0.0
2009-07-13 00:00:00+09:00,433.96510466364504,433.96510466364504,430.677490234375,430.677490234375,11000,0.0,0.0
2009-07-14 00:00:00+09:00,430.6774763840895,430.6774763840895,427.3898620605468,427.3898620605469,1000,0.0,0.0
2009-07-15 00:00:00+09:00,427.3898592862216,433.965087890625,427.3898592862216,433.965087890625,4000,0.0,0.0
2009-07-16 00:00:00+09:00,433.965087890625,433.965087890625,433.965087890625,433.965087890625,1000,0.0,0.0
2009-07-17 00:00:00+09:00,433.965087890625,433.965087890625,433.965087890625,433.965087890625,1000,0.0,0.0
2009-07-21 00:00:00+09:00,440.5403254937477,440.5403254937477,434.6226196289063,434.62261962890625,2000,0.0,0.0
2009-07-22 00:00:00+09:00,434.6226196289063,434.6226196289063,434.6226196289063,434.62261962890625,2000,0.0,0.0
2009-07-23 00:00:00+09:00,466.84121704101557,466.84121704101557,466.84121704101557,466.8412170410156,1000,0.0,0.0
2009-07-24 00:00:00+09:00,466.84121704101557,466.84121704101557,466.84121704101557,466.8412170410156,1000,0.0,0.0
2009-07-27 00:00:00+09:00,466.84121704101557,466.84121704101557,466.84121704101557,466.8412170410156,1000,0.0,0.0
2009-07-28 00:00:00+09:00,466.8412746853299,473.41650390625,447.11558702256946,473.41650390625,2000,0.0,0.0
2009-07-29 00:00:00+09:00,473.41650390625,473.41650390625,473.41650390625,473.41650390625,2000,0.0,0.0
2009-07-30 00:00:00+09:00,473.4164307716134,473.4164307716134,447.7730407714844,447.7730407714844,1000,0.0,0.0
2009-07-31 00:00:00+09:00,456.32088746886325,460.2660248245018,453.6907958984375,453.6907958984375,2000,0.0,0.0
2009-08-03 00:00:00+09:00,466.84121704101557,466.84121704101557,466.84121704101557,466.8412170410156,2000,0.0,0.0
2009-08-04 00:00:00+09:00,473.416530661387,479.99176025390625,473.416530661387,479.99176025390625,3000,0.0,0.0
2009-08-05 00:00:00+09:00,479.99176025390625,479.99176025390625,479.99176025390625,479.99176025390625,3000,0.0,0.0
2009-08-06 00:00:00+09:00,479.99176025390625,479.99176025390625,479.99176025390625,479.99176025390625,3000,0.0,0.0
2009-08-07 00:00:00+09:00,479.99176025390625,479.99176025390625,479.99176025390625,479.99176025390625,3000,0.0,0.0
2009-08-10 00:00:00+09:00,479.99176025390625,479.99176025390625,479.99176025390625,479.99176025390625,3000,0.0,0.0
2009-08-11 00:00:00+09:00,479.99176025390625,479.99176025390625,479.99176025390625,479.99176025390625,3000,0.0,0.0
2009-08-12 00:00:00+09:00,479.99176025390625,479.99176025390625,479.99176025390625,479.99176025390625,3000,0.0,0.0
2009-08-13 00:00:00+09:00,479.99176025390625,479.99176025390625,479.99176025390625,479.99176025390625,3000,0.0,0.0
2009-08-14 00:00:00+09:00,479.99176025390625,479.99176025390625,479.99176025390625,479.99176025390625,3000,0.0,0.0
2009-08-17 00:00:00+09:00,479.99176025390625,479.99176025390625,479.99176025390625,479.99176025390625,3000,0.0,0.0
2009-08-18 00:00:00+09:00,479.99176025390625,479.99176025390625,479.99176025390625,479.99176025390625,3000,0.0,0.0
2009-08-19 00:00:00+09:00,479.99176025390625,479.99176025390625,479.99176025390625,479.99176025390625,3000,0.0,0.0
2009-08-20 00:00:00+09:00,479.99176025390625,479.99176025390625,479.99176025390625,479.99176025390625,3000,0.0,0.0
2009-08-21 00:00:00+09:00,479.99176025390625,479.99176025390625,479.99176025390625,479.99176025390625,3000,0.0,0.0
2009-08-24 00:00:00+09:00,479.99176025390625,479.99176025390625,479.99176025390625,479.99176025390625,3000,0.0,0.0
2009-08-25 00:00:00+09:00,479.99176025390625,479.99176025390625,479.99176025390625,479.99176025390625,3000,0.0,0.0
2009-08-26 00:00:00+09:00,474.73153286637927,476.70410156249994,474.73153286637927,476.7041015625,3000,0.0,0.0
2009-08-27 00:00:00+09:00,476.70410156249994,476.70410156249994,476.70410156249994,476.7041015625,1000,0.0,0.0
2009-08-28 00:00:00+09:00,476.70410156249994,476.70410156249994,476.70410156249994,476.7041015625,1000,0.0,0.0
2009-08-31 00:00:00+09:00,476.70410156249994,476.70410156249994,476.70410156249994,476.7041015625,1000,0.0,0.0
2009-09-02 00:00:00+09:00,476.70410156249994,476.70410156249994,476.70410156249994,476.7041015625,1000,0.0,0.0
2009-09-03 00:00:00+09:00,476.70410156249994,476.70410156249994,476.70410156249994,476.7041015625,1000,0.0,0.0
2009-09-04 00:00:00+09:00,476.70410156249994,476.70410156249994,476.70410156249994,476.7041015625,1000,0.0,0.0
2009-09-07 00:00:00+09:00,476.70410156249994,476.70410156249994,476.70410156249994,476.7041015625,1000,0.0,0.0
2009-09-08 00:00:00+09:00,476.70410156249994,476.70410156249994,476.70410156249994,476.7041015625,1000,0.0,0.0
2009-09-09 00:00:00+09:00,476.70410156249994,476.70410156249994,476.70410156249994,476.7041015625,1000,0.0,0.0
2009-09-10 00:00:00+09:00,476.70410156249994,476.70410156249994,476.70410156249994,476.7041015625,1000,0.0,0.0
2009-09-11 00:00:00+09:00,476.70410156249994,476.70410156249994,476.70410156249994,476.7041015625,1000,0.0,0.0
2009-09-14 00:00:00+09:00,476.70410156249994,476.70410156249994,476.70410156249994,476.7041015625,1000,0.0,0.0
2009-09-15 00:00:00+09:00,476.70410156249994,476.70410156249994,476.70410156249994,476.7041015625,1000,0.0,0.0
2009-09-16 00:00:00+09:00,476.70410156249994,476.70410156249994,476.70410156249994,476.7041015625,1000,0.0,0.0
2009-09-17 00:00:00+09:00,476.70410156249994,476.70410156249994,476.70410156249994,476.7041015625,1000,0.0,0.0
2009-09-18 00:00:00+09:00,476.70410156249994,476.70410156249994,476.70410156249994,476.7041015625,1000,0.0,0.0
2009-09-21 00:00:00+09:00,476.70410156249994,476.70410156249994,476.70410156249994,476.7041015625,0,0.0,0.0
2009-09-24 00:00:00+09:00,466.84121704101557,466.84121704101557,466.84121704101557,466.8412170410156,1000,0.0,0.0
2009-09-25 00:00:00+09:00,466.84121704101557,466.84121704101557,466.84121704101557,466.8412170410156,1000,0.0,0.0
2009-09-28 00:00:00+09:00,466.84121704101557,466.84121704101557,466.84121704101557,466.8412170410156,1000,0.0,0.0
2009-09-29 00:00:00+09:00,466.84121704101557,466.84121704101557,466.84121704101557,466.8412170410156,1000,0.0,0.0
2009-09-30 00:00:00+09:00,461.5810852050781,461.5810852050781,461.5810852050781,461.5810852050781,1000,0.0,0.0
2009-10-01 00:00:00+09:00,461.5810852050781,461.5810852050781,461.5810852050781,461.5810852050781,1000,0.0,0.0
2009-10-02 00:00:00+09:00,461.5810852050781,461.5810852050781,461.5810852050781,461.5810852050781,1000,0.0,0.0
2009-10-05 00:00:00+09:00,461.5810852050781,461.5810852050781,461.5810852050781,461.5810852050781,1000,0.0,0.0
2009-10-06 00:00:00+09:00,461.5810852050781,461.5810852050781,461.5810852050781,461.5810852050781,1000,0.0,0.0
2009-10-07 00:00:00+09:00,461.5810852050781,461.5810852050781,461.5810852050781,461.5810852050781,1000,0.0,0.0
2009-10-08 00:00:00+09:00,461.5810852050781,461.5810852050781,461.5810852050781,461.5810852050781,1000,0.0,0.0
2009-10-09 00:00:00+09:00,461.5810852050781,461.5810852050781,461.5810852050781,461.5810852050781,1000,0.0,0.0
2009-10-13 00:00:00+09:00,461.5810852050781,461.5810852050781,461.5810852050781,461.5810852050781,2000,0.0,0.0
2009-10-14 00:00:00+09:00,461.5810852050781,461.5810852050781,461.5810852050781,461.5810852050781,2000,0.0,0.0
2009-10-15 00:00:00+09:00,461.5810852050781,461.5810852050781,461.5810852050781,461.5810852050781,2000,0.0,0.0
2009-10-16 00:00:00+09:00,461.5810852050781,461.5810852050781,461.5810852050781,461.5810852050781,2000,0.0,0.0
2009-10-19 00:00:00+09:00,461.5810913085938,473.41650390625,461.5810913085938,473.41650390625,1000,0.0,0.0
2009-10-20 00:00:00+09:00,473.41650390625,473.41650390625,473.41650390625,473.41650390625,1000,0.0,0.0
2009-10-21 00:00:00+09:00,473.41650390625,473.41650390625,473.41650390625,473.41650390625,1000,0.0,0.0
2009-10-22 00:00:00+09:00,473.41650390625,473.41650390625,473.41650390625,473.41650390625,1000,0.0,0.0
2009-10-23 00:00:00+09:00,473.41650390625,473.41650390625,473.41650390625,473.41650390625,1000,0.0,0.0
2009-10-26 00:00:00+09:00,473.41650390625,473.41650390625,473.41650390625,473.41650390625,1000,0.0,0.0
2009-10-27 00:00:00+09:00,473.41650390625,473.41650390625,473.41650390625,473.41650390625,1000,0.0,0.0
2009-10-28 00:00:00+09:00,473.41650390625,473.41650390625,473.41650390625,473.41650390625,1000,0.0,0.0
2009-10-29 00:00:00+09:00,473.41650390625,473.41650390625,473.41650390625,473.41650390625,1000,0.0,0.0
2009-10-30 00:00:00+09:00,473.41650390625,473.41650390625,473.41650390625,473.41650390625,1000,0.0,0.0
2009-11-02 00:00:00+09:00,473.41650390625,473.41650390625,473.41650390625,473.41650390625,1000,0.0,0.0
2009-11-04 00:00:00+09:00,473.41650390625,473.41650390625,473.41650390625,473.41650390625,1000,0.0,0.0
2009-11-05 00:00:00+09:00,473.41650390625,473.41650390625,473.41650390625,473.41650390625,1000,0.0,0.0
2009-11-06 00:00:00+09:00,473.41650390625,473.41650390625,473.41650390625,473.41650390625,1000,0.0,0.0
2009-11-09 00:00:00+09:00,473.41650390625,473.41650390625,473.41650390625,473.41650390625,1000,0.0,0.0
2009-11-10 00:00:00+09:00,473.41650390625,473.41650390625,473.41650390625,473.41650390625,1000,0.0,0.0
2009-11-11 00:00:00+09:00,473.41650390625,473.41650390625,473.41650390625,473.41650390625,1000,0.0,0.0
2009-11-12 00:00:00+09:00,473.41650390625,473.41650390625,473.41650390625,473.41650390625,1000,0.0,0.0
2009-11-13 00:00:00+09:00,473.41650390625,473.41650390625,473.41650390625,473.41650390625,1000,0.0,0.0
2009-11-16 00:00:00+09:00,473.41650390625,473.41650390625,473.41650390625,473.41650390625,1000,0.0,0.0
2009-11-17 00:00:00+09:00,473.41644545004397,473.41644545004397,466.84121704101557,466.8412170410156,1000,0.0,0.0
2009-11-18 00:00:00+09:00,466.84121704101557,466.84121704101557,466.84121704101557,466.8412170410156,1000,0.0,0.0
2009-11-19 00:00:00+09:00,466.84121704101557,466.84121704101557,466.84121704101557,466.8412170410156,1000,0.0,0.0
2009-11-20 00:00:00+09:00,466.84121704101557,466.84121704101557,466.84121704101557,466.8412170410156,1000,0.0,0.0
2009-11-24 00:00:00+09:00,466.84121704101557,466.84121704101557,466.84121704101557,466.8412170410156,1000,0.0,0.0
2009-11-25 00:00:00+09:00,466.84121704101557,466.84121704101557,466.84121704101557,466.8412170410156,1000,0.0,0.0
2009-11-26 00:00:00+09:00,466.84121704101557,466.84121704101557,466.84121704101557,466.8412170410156,1000,0.0,0.0
2009-11-27 00:00:00+09:00,466.84121704101557,466.84121704101557,466.84121704101557,466.8412170410156,1000,0.0,0.0
2009-11-30 00:00:00+09:00,466.84121704101557,466.84121704101557,466.84121704101557,466.8412170410156,1000,0.0,0.0
2009-12-01 00:00:00+09:00,466.84121704101557,466.84121704101557,466.84121704101557,466.8412170410156,1000,0.0,0.0
2009-12-02 00:00:00+09:00,466.84121704101557,466.84121704101557,466.84121704101557,466.8412170410156,1000,0.0,0.0
2009-12-03 00:00:00+09:00,466.84121704101557,466.84121704101557,466.84121704101557,466.8412170410156,1000,0.0,0.0
2009-12-04 00:00:00+09:00,466.84121704101557,466.84121704101557,466.84121704101557,466.8412170410156,1000,0.0,0.0
2009-12-07 00:00:00+09:00,466.84130361663426,466.84130361663426,459.6085510253906,459.6085510253906,1000,0.0,0.0
2009-12-08 00:00:00+09:00,446.458087526937,446.458087526937,410.2943249142985,413.5819396972656,4000,0.0,0.0
2009-12-09 00:00:00+09:00,413.5818158598946,420.15704345703125,413.5818158598946,420.15704345703125,4000,0.0,0.0
2009-12-10 00:00:00+09:00,420.1571692631999,420.1571692631999,413.5819396972656,413.5819396972656,1000,0.0,0.0
2009-12-11 00:00:00+09:00,413.5819396972656,413.5819396972656,413.5819396972656,413.5819396972656,2000,0.0,0.0
2009-12-14 00:00:00+09:00,413.5819396972656,413.5819396972656,413.5819396972656,413.5819396972656,2000,0.0,0.0
2009-12-15 00:00:00+09:00,413.5819396972656,413.5819396972656,413.5819396972656,413.5819396972656,3000,0.0,0.0
2009-12-16 00:00:00+09:00,413.5819396972656,413.5819396972656,413.5819396972656,413.5819396972656,3000,0.0,0.0
2009-12-17 00:00:00+09:00,413.5819396972656,413.5819396972656,413.5819396972656,413.5819396972656,3000,0.0,0.0
2009-12-18 00:00:00+09:00,413.5819396972656,413.5819396972656,413.5819396972656,413.5819396972656,3000,0.0,0.0
2009-12-21 00:00:00+09:00,408.32175516268103,408.32175516268103,404.3766174316406,404.3766174316406,2000,0.0,0.0
2009-12-22 00:00:00+09:00,404.3766174316406,404.3766174316406,404.3766174316406,404.3766174316406,2000,0.0,0.0
2009-12-24 00:00:00+09:00,404.3766174316406,404.3766174316406,404.3766174316406,404.3766174316406,2000,0.0,0.0
2009-12-25 00:00:00+09:00,404.3766174316406,404.3766174316406,404.3766174316406,404.3766174316406,2000,0.0,0.0
2009-12-28 00:00:00+09:00,404.3766174316406,404.3766174316406,404.3766174316406,404.3766174316406,2000,0.0,0.0
2009-12-29 00:00:00+09:00,404.3766174316406,404.3766174316406,404.3766174316406,404.3766174316406,2000,0.0,0.0
2009-12-30 00:00:00+09:00,404.3766174316406,404.3766174316406,404.3766174316406,404.3766174316406,2000,0.0,0.0
2010-01-04 00:00:00+09:00,404.3766174316406,404.3766174316406,404.3766174316406,404.3766174316406,2000,0.0,0.0
2010-01-05 00:00:00+09:00,407.6641934159873,453.6907958984375,407.6641934159873,453.6907958984375,4000,0.0,0.0
2010-01-06 00:00:00+09:00,453.6907958984375,453.6907958984375,453.6907958984375,453.6907958984375,1000,0.0,0.0
2010-01-07 00:00:00+09:00,453.6907958984375,453.6907958984375,453.6907958984375,453.6907958984375,1000,0.0,0.0
2010-01-08 00:00:00+09:00,453.6907958984375,453.6907958984375,453.6907958984375,453.6907958984375,1000,0.0,0.0
2010-01-12 00:00:00+09:00,427.3898620605468,427.3898620605468,427.3898620605468,427.3898620605469,3000,0.0,0.0
2010-01-13 00:00:00+09:00,427.3898620605468,427.3898620605468,427.3898620605468,427.3898620605469,3000,0.0,0.0
2010-01-14 00:00:00+09:00,427.3898620605468,427.3898620605468,427.3898620605468,427.3898620605469,3000,0.0,0.0
2010-01-15 00:00:00+09:00,427.3898620605468,427.3898620605468,427.3898620605468,427.3898620605469,1000,0.0,0.0
2010-01-18 00:00:00+09:00,427.3898620605468,427.3898620605468,427.3898620605468,427.3898620605469,1000,0.0,0.0
2010-01-19 00:00:00+09:00,427.38980490063864,427.38980490063864,414.2393493652344,414.2393493652344,2000,0.0,0.0
2010-01-20 00:00:00+09:00,414.2393493652344,414.2393493652344,414.2393493652344,414.2393493652344,2000,0.0,0.0
2010-01-21 00:00:00+09:00,414.2393493652344,414.2393493652344,414.2393493652344,414.2393493652344,2000,0.0,0.0
2010-01-22 00:00:00+09:00,414.2393493652344,414.2393493652344,414.2393493652344,414.2393493652344,2000,0.0,0.0
2010-01-25 00:00:00+09:00,414.2393493652344,414.2393493652344,414.2393493652344,414.2393493652344,2000,0.0,0.0
2010-01-26 00:00:00+09:00,414.2393493652344,414.2393493652344,414.2393493652344,414.2393493652344,2000,0.0,0.0
2010-01-27 00:00:00+09:00,414.2393493652344,414.2393493652344,414.2393493652344,414.2393493652344,2000,0.0,0.0
2010-01-28 00:00:00+09:00,407.66424560546875,407.66424560546875,407.66424560546875,407.66424560546875,1000,0.0,0.0
2010-01-29 00:00:00+09:00,407.66424560546875,407.66424560546875,407.66424560546875,407.66424560546875,1000,0.0,0.0
2010-02-01 00:00:00+09:00,407.66424560546875,407.66424560546875,407.66424560546875,407.66424560546875,1000,0.0,0.0
2010-02-02 00:00:00+09:00,404.3766174316406,404.3766174316406,404.3766174316406,404.3766174316406,2000,0.0,0.0
2010-02-03 00:00:00+09:00,404.3766174316406,404.3766174316406,404.3766174316406,404.3766174316406,2000,0.0,0.0
2010-02-04 00:00:00+09:00,402.4040222167968,402.4040222167968,402.4040222167968,402.4040222167969,1000,0.0,0.0
2010-02-05 00:00:00+09:00,402.4040222167968,402.4040222167968,402.4040222167968,402.4040222167969,1000,0.0,0.0
2010-02-08 00:00:00+09:00,395.8288181197029,395.8288181197029,395.1712951660156,395.1712951660156,2000,0.0,0.0
2010-02-09 00:00:00+09:00,395.1712951660156,395.1712951660156,395.1712951660156,395.1712951660156,2000,0.0,0.0
2010-02-10 00:00:00+09:00,395.1712951660156,395.1712951660156,395.1712951660156,395.1712951660156,1000,0.0,0.0
2010-02-12 00:00:00+09:00,395.1712951660156,395.1712951660156,395.1712951660156,395.1712951660156,1000,0.0,0.0
2010-02-15 00:00:00+09:00,394.513671875,394.513671875,394.513671875,394.513671875,1000,0.0,0.0
2010-02-16 00:00:00+09:00,393.19873046875,393.19873046875,393.19873046875,393.19873046875,2000,0.0,0.0
2010-02-17 00:00:00+09:00,393.19873046875,393.19873046875,393.19873046875,393.19873046875,2000,0.0,0.0
2010-02-18 00:00:00+09:00,393.19873046875,393.19873046875,393.19873046875,393.19873046875,2000,0.0,0.0
2010-02-19 00:00:00+09:00,393.19873046875,393.19873046875,393.19873046875,393.19873046875,2000,0.0,0.0
2010-02-22 00:00:00+09:00,393.1986263020833,394.513671875,393.1986263020833,394.513671875,4000,0.0,0.0
2010-02-23 00:00:00+09:00,394.513671875,394.513671875,394.513671875,394.513671875,1000,0.0,0.0
2010-02-24 00:00:00+09:00,394.513671875,394.513671875,394.513671875,394.513671875,1000,0.0,0.0
2010-02-25 00:00:00+09:00,394.513671875,394.513671875,394.513671875,394.513671875,1000,0.0,0.0
2010-02-26 00:00:00+09:00,394.513671875,394.513671875,394.513671875,394.513671875,2000,0.0,0.0
2010-03-01 00:00:00+09:00,394.513671875,394.513671875,394.513671875,394.513671875,2000,0.0,0.0
2010-03-02 00:00:00+09:00,394.513671875,394.513671875,394.513671875,394.513671875,2000,0.0,0.0
2010-03-03 00:00:00+09:00,394.513671875,394.513671875,394.513671875,394.513671875,2000,0.0,0.0
2010-03-04 00:00:00+09:00,394.513767048464,394.513767048464,387.9385375976563,387.93853759765625,1000,0.0,0.0
2010-03-05 00:00:00+09:00,387.9385375976563,387.9385375976563,387.9385375976563,387.93853759765625,1000,0.0,0.0
2010-03-08 00:00:00+09:00,395.1712899935448,395.1712899935448,387.9385375976563,387.93853759765625,10000,0.0,0.0
2010-03-09 00:00:00+09:00,387.9385375976563,387.9385375976563,387.9385375976563,387.93853759765625,10000,0.0,0.0
2010-03-10 00:00:00+09:00,387.9385375976563,387.9385375976563,387.9385375976563,387.93853759765625,10000,0.0,0.0
2010-03-11 00:00:00+09:00,387.9385375976563,387.9385375976563,387.9385375976563,387.93853759765625,10000,0.0,0.0
2010-03-12 00:00:00+09:00,387.9385375976563,387.9385375976563,387.9385375976563,387.93853759765625,10000,0.0,0.0
2010-03-15 00:00:00+09:00,387.9385375976563,387.9385375976563,387.9385375976563,387.93853759765625,10000,0.0,0.0
2010-03-16 00:00:00+09:00,397.80133056640625,397.80133056640625,397.80133056640625,397.80133056640625,1000,0.0,0.0
2010-03-17 00:00:00+09:00,397.80133056640625,397.80133056640625,397.80133056640625,397.80133056640625,1000,0.0,0.0
2010-03-18 00:00:00+09:00,397.80133056640625,397.80133056640625,397.80133056640625,397.80133056640625,1000,0.0,0.0
2010-03-19 00:00:00+09:00,404.3766174316406,404.3766174316406,404.3766174316406,404.3766174316406,1000,0.0,0.0
2010-03-23 00:00:00+09:00,432.6500607249626,439.8828125,427.3898776158445,439.8828125,5000,0.0,0.0
2010-03-24 00:00:00+09:00,440.54042271205356,441.85546875,440.54042271205356,441.85546875,5000,0.0,0.0
2010-03-25 00:00:00+09:00,441.85546875,441.85546875,441.85546875,441.85546875,5000,0.0,0.0
2010-03-26 00:00:00+09:00,444.4854431152343,444.4854431152343,444.4854431152343,444.4854431152344,2000,0.0,0.0
2010-03-29 00:00:00+09:00,437.6048889160156,437.6048889160156,437.6048889160156,437.6048889160156,1000,30.0,0.0
2010-03-30 00:00:00+09:00,437.6048889160156,437.6048889160156,437.6048889160156,437.6048889160156,1000,0.0,0.0
2010-03-31 00:00:00+09:00,437.6048889160156,437.6048889160156,437.6048889160156,437.6048889160156,1000,0.0,0.0
2010-04-01 00:00:00+09:00,437.6048889160156,437.6048889160156,437.6048889160156,437.6048889160156,1000,0.0,0.0
2010-04-02 00:00:00+09:00,437.6048889160156,437.6048889160156,437.6048889160156,437.6048889160156,1000,0.0,0.0
2010-04-05 00:00:00+09:00,437.6048889160156,437.6048889160156,437.6048889160156,437.6048889160156,1000,0.0,0.0
2010-04-06 00:00:00+09:00,437.6048889160156,437.6048889160156,437.6048889160156,437.6048889160156,1000,0.0,0.0
2010-04-07 00:00:00+09:00,437.6048889160156,437.6048889160156,437.6048889160156,437.6048889160156,1000,0.0,0.0
2010-04-08 00:00:00+09:00,423.8436604817708,433.4764709472656,423.8436604817708,433.4764709472656,2000,0.0,0.0
2010-04-09 00:00:00+09:00,440.3572082519531,440.3572082519531,440.3572082519531,440.3572082519531,2000,0.0,0.0
2010-04-12 00:00:00+09:00,440.3572082519531,440.3572082519531,440.3572082519531,440.3572082519531,2000,0.0,0.0
2010-04-13 00:00:00+09:00,440.3572082519531,440.3572082519531,440.3572082519531,440.3572082519531,2000,0.0,0.0
2010-04-14 00:00:00+09:00,440.3572082519531,440.3572082519531,440.3572082519531,440.3572082519531,2000,0.0,0.0
2010-04-15 00:00:00+09:00,440.3572082519531,440.3572082519531,440.3572082519531,440.3572082519531,2000,0.0,0.0
2010-04-16 00:00:00+09:00,447.23770566769053,447.23770566769053,444.48547363281244,444.4854736328125,1000,0.0,0.0
2010-04-19 00:00:00+09:00,451.3659705413631,451.3659705413631,448.6137390136719,448.6137390136719,1000,0.0,0.0
2010-04-20 00:00:00+09:00,448.6137390136719,448.6137390136719,448.6137390136719,448.6137390136719,1000,0.0,0.0
2010-04-21 00:00:00+09:00,454.1182556152344,454.1182556152344,454.1182556152344,454.1182556152344,1000,0.0,0.0
2010-04-22 00:00:00+09:00,454.11825825848916,454.11825825848916,433.47651924673966,436.91680908203125,11000,0.0,0.0
2010-04-23 00:00:00+09:00,436.91680908203125,436.91680908203125,436.91680908203125,436.91680908203125,11000,0.0,0.0
2010-04-26 00:00:00+09:00,436.9169041833212,443.7974853515625,436.9169041833212,443.7974853515625,11000,0.0,0.0
2010-04-27 00:00:00+09:00,443.7974853515625,443.7974853515625,443.7974853515625,443.7974853515625,11000,0.0,0.0
2010-04-28 00:00:00+09:00,443.7974853515625,443.7974853515625,443.7974853515625,443.7974853515625,1000,0.0,0.0
2010-04-30 00:00:00+09:00,443.7974853515625,443.7974853515625,443.7974853515625,443.7974853515625,1000,0.0,0.0
2010-05-06 00:00:00+09:00,443.7974853515625,443.7974853515625,443.7974853515625,443.7974853515625,1000,0.0,0.0
2010-05-07 00:00:00+09:00,443.79733384021216,448.6137390136719,443.79733384021216,448.6137390136719,1000,0.0,0.0
2010-05-10 00:00:00+09:00,448.61374172740346,448.61374172740346,441.04510498046875,441.04510498046875,1000,0.0,0.0
2010-05-11 00:00:00+09:00,441.04510498046875,441.04510498046875,441.04510498046875,441.04510498046875,1000,0.0,0.0
2010-05-12 00:00:00+09:00,441.04510498046875,441.04510498046875,441.04510498046875,441.04510498046875,1000,0.0,0.0
2010-05-13 00:00:00+09:00,460.9988486298622,460.9988486298622,455.494384765625,455.494384765625,3000,0.0,0.0
2010-05-14 00:00:00+09:00,455.494384765625,455.494384765625,455.494384765625,455.494384765625,3000,0.0,0.0
2010-05-17 00:00:00+09:00,455.494384765625,455.494384765625,455.494384765625,455.494384765625,3000,0.0,0.0
2010-05-18 00:00:00+09:00,455.494384765625,455.494384765625,455.494384765625,455.494384765625,3000,0.0,0.0
2010-05-19 00:00:00+09:00,455.4943934453597,455.4943934453597,454.8063354492187,454.80633544921875,2000,0.0,0.0
2010-05-20 00:00:00+09:00,454.8063354492187,454.8063354492187,454.8063354492187,454.80633544921875,2000,0.0,0.0
2010-05-21 00:00:00+09:00,454.80631622554745,454.80631622554745,436.91680908203125,436.91680908203125,1000,0.0,0.0
2010-05-24 00:00:00+09:00,436.91680908203125,436.91680908203125,436.91680908203125,436.91680908203125,1000,0.0,0.0
2010-05-25 00:00:00+09:00,436.91680395507814,436.91680395507814,430.03622436523443,430.0362243652344,1000,0.0,0.0
2010-05-26 00:00:00+09:00,426.59600830078125,426.59600830078125,426.59600830078125,426.59600830078125,2000,0.0,0.0
2010-05-27 00:00:00+09:00,426.59600830078125,426.59600830078125,426.59600830078125,426.59600830078125,2000,0.0,0.0
2010-05-28 00:00:00+09:00,426.59593957615647,443.7973887526144,426.59593957615647,436.91680908203125,2000,0.0,0.0
2010-05-31 00:00:00+09:00,450.67797851562506,450.67797851562506,450.67797851562506,450.677978515625,2000,0.0,0.0
2010-06-01 00:00:00+09:00,450.67797851562506,450.67797851562506,450.67797851562506,450.677978515625,2000,0.0,0.0
2010-06-02 00:00:00+09:00,450.67797851562506,450.67797851562506,450.67797851562506,450.677978515625,2000,0.0,0.0
2010-06-03 00:00:00+09:00,450.67797851562506,450.67797851562506,450.67797851562506,450.677978515625,2000,0.0,0.0
2010-06-04 00:00:00+09:00,450.67797851562506,450.67797851562506,450.67797851562506,450.677978515625,2000,0.0,0.0
2010-06-07 00:00:00+09:00,450.67797851562506,450.67797851562506,450.67797851562506,450.677978515625,2000,0.0,0.0
2010-06-08 00:00:00+09:00,450.67797851562506,450.67797851562506,450.67797851562506,450.677978515625,2000,0.0,0.0
2010-06-09 00:00:00+09:00,450.67807829225217,450.67807829225217,423.84381103515625,423.84381103515625,2000,0.0,0.0
2010-06-10 00:00:00+09:00,423.84381103515625,423.84381103515625,423.84381103515625,423.84381103515625,2000,0.0,0.0
2010-06-11 00:00:00+09:00,423.84381103515625,423.84381103515625,423.84381103515625,423.84381103515625,2000,0.0,0.0
2010-06-14 00:00:00+09:00,423.84381103515625,423.84381103515625,423.84381103515625,423.84381103515625,2000,0.0,0.0
2010-06-15 00:00:00+09:00,430.03622436523443,430.03622436523443,430.03622436523443,430.0362243652344,1000,0.0,0.0
2010-06-16 00:00:00+09:00,430.0362509001726,437.6048889160156,430.0362509001726,437.6048889160156,1000,0.0,0.0
2010-06-17 00:00:00+09:00,437.6048889160156,437.6048889160156,437.6048889160156,437.6048889160156,1000,0.0,0.0
2010-06-18 00:00:00+09:00,437.6048889160156,437.6048889160156,437.6048889160156,437.6048889160156,1000,0.0,0.0
2010-06-21 00:00:00+09:00,443.7974853515625,450.67806651980374,443.7974853515625,443.7974853515625,1000,0.0,0.0
2010-06-22 00:00:00+09:00,450.67797851562506,450.67797851562506,450.67797851562506,450.677978515625,1000,0.0,0.0
2010-06-23 00:00:00+09:00,450.67797851562506,450.67797851562506,450.67797851562506,450.677978515625,2000,0.0,0.0
2010-06-24 00:00:00+09:00,447.2377014160156,447.2377014160156,447.2377014160156,447.2377014160156,1000,0.0,0.0
2010-06-25 00:00:00+09:00,447.2377014160156,447.2377014160156,447.2377014160156,447.2377014160156,1000,0.0,0.0
2010-06-28 00:00:00+09:00,447.2377014160156,447.2377014160156,447.2377014160156,447.2377014160156,1000,0.0,0.0
2010-06-29 00:00:00+09:00,447.2376622728854,454.1182416924683,447.2376622728854,447.92572021484375,2000,0.0,0.0
2010-06-30 00:00:00+09:00,447.92572021484375,447.92572021484375,447.92572021484375,447.92572021484375,2000,0.0,0.0
2010-07-01 00:00:00+09:00,447.92572021484375,447.92572021484375,447.92572021484375,447.92572021484375,3000,0.0,0.0
2010-07-02 00:00:00+09:00,447.92572021484375,447.92572021484375,447.92572021484375,447.92572021484375,3000,0.0,0.0
2010-07-05 00:00:00+09:00,447.92572021484375,447.92572021484375,447.92572021484375,447.92572021484375,4000,0.0,0.0
2010-07-06 00:00:00+09:00,447.92572021484375,447.92572021484375,447.92572021484375,447.92572021484375,4000,0.0,0.0
2010-07-07 00:00:00+09:00,467.1914367675781,467.1914367675781,467.1914367675781,467.1914367675781,1000,0.0,0.0
2010-07-08 00:00:00+09:00,467.1914367675781,467.1914367675781,467.1914367675781,467.1914367675781,1000,0.0,0.0
2010-07-09 00:00:00+09:00,467.1914367675781,467.1914367675781,467.1914367675781,467.1914367675781,1000,0.0,0.0
2010-07-12 00:00:00+09:00,447.92572021484375,454.8062996344266,447.92572021484375,447.92572021484375,2000,0.0,0.0
2010-07-13 00:00:00+09:00,461.68695068359375,461.68695068359375,461.68695068359375,461.68695068359375,2000,0.0,0.0
2010-07-14 00:00:00+09:00,461.68695068359375,461.68695068359375,461.68695068359375,461.68695068359375,2000,0.0,0.0
2010-07-15 00:00:00+09:00,461.68695068359375,461.68695068359375,461.68695068359375,461.68695068359375,2000,0.0,0.0
2010-07-16 00:00:00+09:00,461.68695068359375,461.68695068359375,461.68695068359375,461.68695068359375,2000,0.0,0.0
2010-07-21 00:00:00+09:00,461.68695068359375,461.68695068359375,461.68695068359375,461.68695068359375,2000,0.0,0.0
2010-07-22 00:00:00+09:00,461.68695068359375,461.68695068359375,461.68695068359375,461.68695068359375,2000,0.0,0.0
2010-07-23 00:00:00+09:00,461.68695068359375,461.68695068359375,461.68695068359375,461.68695068359375,2000,0.0,0.0
2010-07-26 00:00:00+09:00,461.68695068359375,461.68695068359375,461.68695068359375,461.68695068359375,2000,0.0,0.0
2010-07-27 00:00:00+09:00,461.68695068359375,461.68695068359375,461.68695068359375,461.68695068359375,2000,0.0,0.0
2010-07-28 00:00:00+09:00,468.56744384765625,468.56744384765625,468.56744384765625,468.56744384765625,2000,0.0,0.0
2010-07-29 00:00:00+09:00,468.56744384765625,468.56744384765625,468.56744384765625,468.56744384765625,2000,0.0,0.0
2010-07-30 00:00:00+09:00,468.56744384765625,468.56744384765625,468.56744384765625,468.56744384765625,2000,0.0,0.0
2010-08-02 00:00:00+09:00,468.56744384765625,468.56744384765625,468.56744384765625,468.56744384765625,2000,0.0,0.0
2010-08-03 00:00:00+09:00,468.56744384765625,468.56744384765625,468.56744384765625,468.56744384765625,2000,0.0,0.0
2010-08-04 00:00:00+09:00,468.56744384765625,468.56744384765625,468.56744384765625,468.56744384765625,2000,0.0,0.0
2010-08-05 00:00:00+09:00,468.56744384765625,468.56744384765625,468.56744384765625,468.56744384765625,2000,0.0,0.0
2010-08-06 00:00:00+09:00,468.56744384765625,468.56744384765625,468.56744384765625,468.56744384765625,2000,0.0,0.0
2010-08-09 00:00:00+09:00,468.56744384765625,468.56744384765625,468.56744384765625,468.56744384765625,2000,0.0,0.0
2010-08-10 00:00:00+09:00,468.56744384765625,468.56744384765625,468.56744384765625,468.56744384765625,2000,0.0,0.0
2010-08-11 00:00:00+09:00,468.56744384765625,468.56744384765625,468.56744384765625,468.56744384765625,2000,0.0,0.0
2010-08-12 00:00:00+09:00,468.56744384765625,468.56744384765625,468.56744384765625,468.56744384765625,2000,0.0,0.0
2010-08-13 00:00:00+09:00,468.56744384765625,468.56744384765625,468.56744384765625,468.56744384765625,2000,0.0,0.0
2010-08-16 00:00:00+09:00,468.56744384765625,468.56744384765625,468.56744384765625,468.56744384765625,2000,0.0,0.0
2010-08-17 00:00:00+09:00,468.5674584735923,468.5674584735923,447.92572021484375,447.92572021484375,2000,0.0,0.0
2010-08-18 00:00:00+09:00,447.92572021484375,447.92572021484375,447.92572021484375,447.92572021484375,2000,0.0,0.0
2010-08-19 00:00:00+09:00,447.92572021484375,447.92572021484375,447.92572021484375,447.92572021484375,2000,0.0,0.0
2010-08-20 00:00:00+09:00,447.92572021484375,447.92572021484375,447.92572021484375,447.92572021484375,2000,0.0,0.0
2010-08-23 00:00:00+09:00,447.92572021484375,447.92572021484375,447.92572021484375,447.92572021484375,2000,0.0,0.0
2010-08-24 00:00:00+09:00,447.92572021484375,447.92572021484375,447.92572021484375,447.92572021484375,2000,0.0,0.0
2010-08-25 00:00:00+09:00,447.92572021484375,447.92572021484375,447.92572021484375,447.92572021484375,2000,0.0,0.0
2010-08-26 00:00:00+09:00,447.92572021484375,447.92572021484375,447.92572021484375,447.92572021484375,1000,0.0,0.0
2010-08-27 00:00:00+09:00,447.92572021484375,447.92572021484375,447.92572021484375,447.92572021484375,1000,0.0,0.0
2010-08-30 00:00:00+09:00,447.92572021484375,447.92572021484375,447.92572021484375,447.92572021484375,1000,0.0,0.0
2010-08-31 00:00:00+09:00,447.92572021484375,447.92572021484375,447.92572021484375,447.92572021484375,1000,0.0,0.0
2010-09-01 00:00:00+09:00,447.92572021484375,447.92572021484375,447.92572021484375,447.92572021484375,1000,0.0,0.0
2010-09-02 00:00:00+09:00,447.92572021484375,447.92572021484375,447.92572021484375,447.92572021484375,1000,0.0,0.0
2010-09-03 00:00:00+09:00,447.92572021484375,447.92572021484375,447.92572021484375,447.92572021484375,1000,0.0,0.0
2010-09-06 00:00:00+09:00,447.92572021484375,447.92572021484375,447.92572021484375,447.92572021484375,1000,0.0,0.0
2010-09-07 00:00:00+09:00,447.92572021484375,447.92572021484375,447.92572021484375,447.92572021484375,1000,0.0,0.0
2010-09-08 00:00:00+09:00,447.92572021484375,447.92572021484375,447.92572021484375,447.92572021484375,1000,0.0,0.0
2010-09-09 00:00:00+09:00,447.92572021484375,447.92572021484375,447.92572021484375,447.92572021484375,1000,0.0,0.0
2010-09-10 00:00:00+09:00,447.92572021484375,447.92572021484375,447.92572021484375,447.92572021484375,1000,0.0,0.0
2010-09-13 00:00:00+09:00,447.92572021484375,447.92572021484375,447.92572021484375,447.92572021484375,1000,0.0,0.0
2010-09-14 00:00:00+09:00,447.92572021484375,447.92572021484375,447.92572021484375,447.92572021484375,1000,0.0,0.0
2010-09-16 00:00:00+09:00,447.92575548780843,454.8063354492187,447.92575548780843,454.80633544921875,1000,0.0,0.0
2010-09-17 00:00:00+09:00,449.30186255069185,450.67797851562506,449.30186255069185,450.677978515625,2000,0.0,0.0
2010-09-21 00:00:00+09:00,450.67797851562506,450.67797851562506,450.67797851562506,450.677978515625,2000,0.0,0.0
2010-09-22 00:00:00+09:00,450.67797851562506,450.67797851562506,450.67797851562506,450.677978515625,2000,0.0,0.0
2010-09-24 00:00:00+09:00,450.6780735101915,457.55865478515625,450.6780735101915,457.55865478515625,2000,0.0,0.0
2010-09-27 00:00:00+09:00,457.55865478515625,457.55865478515625,457.55865478515625,457.55865478515625,1000,0.0,0.0
2010-09-28 00:00:00+09:00,457.55865478515625,457.55865478515625,457.55865478515625,457.55865478515625,1000,0.0,0.0
2010-09-29 00:00:00+09:00,457.55865478515625,457.55865478515625,457.55865478515625,457.55865478515625,1000,0.0,0.0
2010-09-30 00:00:00+09:00,457.55865478515625,457.55865478515625,457.55865478515625,457.55865478515625,1000,0.0,0.0
2010-10-01 00:00:00+09:00,457.55865478515625,457.55865478515625,457.55865478515625,457.55865478515625,1000,0.0,0.0
2010-10-04 00:00:00+09:00,457.55865478515625,457.55865478515625,457.55865478515625,457.55865478515625,1000,0.0,0.0
2010-10-05 00:00:00+09:00,450.67797851562506,450.67797851562506,450.67797851562506,450.677978515625,2000,0.0,0.0
2010-10-06 00:00:00+09:00,450.67797851562506,450.67797851562506,450.67797851562506,450.677978515625,2000,0.0,0.0
2010-10-07 00:00:00+09:00,450.67797851562506,450.67797851562506,450.67797851562506,450.677978515625,2000,0.0,0.0
2010-10-08 00:00:00+09:00,450.67797851562506,450.67797851562506,450.67797851562506,450.677978515625,1000,0.0,0.0
2010-10-12 00:00:00+09:00,450.67797851562506,450.67797851562506,450.67797851562506,450.677978515625,1000,0.0,0.0
2010-10-13 00:00:00+09:00,450.67797851562506,450.67797851562506,450.67797851562506,450.677978515625,2000,0.0,0.0
2010-10-14 00:00:00+09:00,450.67797851562506,450.67797851562506,450.67797851562506,450.677978515625,1000,0.0,0.0
2010-10-15 00:00:00+09:00,450.67797851562506,450.67797851562506,450.67797851562506,450.677978515625,1000,0.0,0.0
2010-10-18 00:00:00+09:00,450.67797851562506,450.67797851562506,450.67797851562506,450.677978515625,1000,0.0,0.0
2010-10-19 00:00:00+09:00,450.67797851562506,450.67797851562506,450.67797851562506,450.677978515625,1000,0.0,0.0
2010-10-20 00:00:00+09:00,450.67797851562506,450.67797851562506,450.67797851562506,450.677978515625,1000,0.0,0.0
2010-10-21 00:00:00+09:00,450.67797851562506,450.67797851562506,450.67797851562506,450.677978515625,1000,0.0,0.0
2010-10-22 00:00:00+09:00,450.67797851562506,450.67797851562506,450.67797851562506,450.677978515625,1000,0.0,0.0
2010-10-25 00:00:00+09:00,450.67797851562506,450.67797851562506,450.67797851562506,450.677978515625,1000,0.0,0.0
2010-10-26 00:00:00+09:00,457.55865478515625,457.55865478515625,457.55865478515625,457.55865478515625,1000,0.0,0.0
2010-10-27 00:00:00+09:00,430.03622436523443,436.91680395507814,430.03622436523443,430.0362243652344,1000,0.0,0.0
2010-10-28 00:00:00+09:00,433.4764709472656,440.3570498511905,433.4764709472656,433.4764709472656,1000,0.0,0.0
2010-10-29 00:00:00+09:00,433.4765413724459,447.2377014160156,433.4765413724459,447.2377014160156,1000,0.0,0.0
2010-11-01 00:00:00+09:00,447.2377014160156,447.2377014160156,447.2377014160156,447.2377014160156,1000,0.0,0.0
2010-11-02 00:00:00+09:00,447.2377014160156,447.2377014160156,447.2377014160156,447.2377014160156,1000,0.0,0.0
2010-11-04 00:00:00+09:00,447.2377014160156,447.2377014160156,447.2377014160156,447.2377014160156,1000,0.0,0.0
2010-11-05 00:00:00+09:00,447.2376759847005,454.1182556152344,447.2376759847005,454.1182556152344,1000,0.0,0.0
2010-11-08 00:00:00+09:00,454.1182556152344,454.1182556152344,454.1182556152344,454.1182556152344,1000,0.0,0.0
2010-11-09 00:00:00+09:00,454.1182556152344,454.1182556152344,454.1182556152344,454.1182556152344,1000,0.0,0.0
2010-11-10 00:00:00+09:00,460.99890136718744,460.99890136718744,460.99890136718744,460.9989013671875,1000,0.0,0.0
2010-11-11 00:00:00+09:00,460.99890136718744,460.99890136718744,460.99890136718744,460.9989013671875,1000,0.0,0.0
2010-11-12 00:00:00+09:00,460.99890136718744,460.99890136718744,460.99890136718744,460.9989013671875,1000,0.0,0.0
2010-11-15 00:00:00+09:00,460.99890136718744,460.99890136718744,460.99890136718744,460.9989013671875,1000,0.0,0.0
2010-11-16 00:00:00+09:00,460.99890136718744,460.99890136718744,460.99890136718744,460.9989013671875,1000,0.0,0.0
2010-11-17 00:00:00+09:00,460.99890136718744,460.99890136718744,460.99890136718744,460.9989013671875,1000,0.0,0.0
2010-11-18 00:00:00+09:00,460.99890136718744,460.99890136718744,460.99890136718744,460.9989013671875,1000,0.0,0.0
2010-11-19 00:00:00+09:00,460.99890136718744,460.99890136718744,460.99890136718744,460.9989013671875,1000,0.0,0.0
2010-11-22 00:00:00+09:00,460.99890136718744,460.99890136718744,460.99890136718744,460.9989013671875,1000,0.0,0.0
2010-11-24 00:00:00+09:00,460.99890136718744,460.99890136718744,460.99890136718744,460.9989013671875,1000,0.0,0.0
2010-11-25 00:00:00+09:00,449.9898603166853,449.9898603166853,433.4764709472656,433.4764709472656,2000,0.0,0.0
2010-11-26 00:00:00+09:00,439.668991960798,439.668991960798,433.4764709472656,433.4764709472656,2000,0.0,0.0
2010-11-29 00:00:00+09:00,433.4764709472656,433.4764709472656,433.4764709472656,433.4764709472656,2000,0.0,0.0
2010-11-30 00:00:00+09:00,447.2377014160156,447.2377014160156,447.2377014160156,447.2377014160156,2000,0.0,0.0
2010-12-01 00:00:00+09:00,447.2377014160156,447.2377014160156,447.2377014160156,447.2377014160156,2000,0.0,0.0
2010-12-02 00:00:00+09:00,447.2377014160156,447.2377014160156,447.2377014160156,447.2377014160156,2000,0.0,0.0
2010-12-03 00:00:00+09:00,447.2377014160156,447.2377014160156,447.2377014160156,447.2377014160156,1000,0.0,0.0
2010-12-06 00:00:00+09:00,447.2377014160156,447.2377014160156,447.2377014160156,447.2377014160156,1000,0.0,0.0
2010-12-07 00:00:00+09:00,447.2377014160156,447.2377014160156,447.2377014160156,447.2377014160156,1000,0.0,0.0
2010-12-08 00:00:00+09:00,447.2377014160156,447.2377014160156,447.2377014160156,447.2377014160156,1000,0.0,0.0
2010-12-09 00:00:00+09:00,447.2377014160156,447.2377014160156,447.2377014160156,447.2377014160156,1000,0.0,0.0
2010-12-10 00:00:00+09:00,447.2377014160156,447.2377014160156,447.2377014160156,447.2377014160156,1000,0.0,0.0
2010-12-13 00:00:00+09:00,469.2556457519531,469.2556457519531,469.2556457519531,469.2556457519531,2000,0.0,0.0
2010-12-14 00:00:00+09:00,469.2556457519531,469.2556457519531,469.2556457519531,469.2556457519531,2000,0.0,0.0
2010-12-15 00:00:00+09:00,469.2555533681803,469.2555533681803,454.8063354492187,454.80633544921875,1000,0.0,0.0
2010-12-16 00:00:00+09:00,454.8063354492187,454.8063354492187,454.8063354492187,454.80633544921875,1000,0.0,0.0
2010-12-17 00:00:00+09:00,454.8063788115088,460.99890136718744,454.8063788115088,460.9989013671875,1000,0.0,0.0
2010-12-20 00:00:00+09:00,460.99890136718744,460.99890136718744,460.99890136718744,460.9989013671875,3000,0.0,0.0
2010-12-21 00:00:00+09:00,460.9989488389757,464.4392395019531,460.9989488389757,464.4392395019531,1000,0.0,0.0
2010-12-22 00:00:00+09:00,464.4392395019531,464.4392395019531,464.4392395019531,464.4392395019531,1000,0.0,0.0
2010-12-24 00:00:00+09:00,464.4391916758978,464.4391916758978,460.99890136718744,460.9989013671875,3000,0.0,0.0
2010-12-27 00:00:00+09:00,458.2467129126527,458.2467129126527,457.55865478515625,457.55865478515625,2000,0.0,0.0
2010-12-28 00:00:00+09:00,457.55865478515625,457.55865478515625,457.55865478515625,457.55865478515625,2000,0.0,0.0
2010-12-29 00:00:00+09:00,457.55865478515625,457.55865478515625,457.55865478515625,457.55865478515625,2000,0.0,0.0
2010-12-30 00:00:00+09:00,457.55865478515625,457.55865478515625,457.55865478515625,457.55865478515625,2000,0.0,0.0
2011-01-04 00:00:00+09:00,457.55865478515625,457.55865478515625,457.55865478515625,457.55865478515625,2000,0.0,0.0
2011-01-05 00:00:00+09:00,457.55865478515625,457.55865478515625,457.55865478515625,457.55865478515625,2000,0.0,0.0
2011-01-06 00:00:00+09:00,458.9347534179688,458.9347534179688,458.9347534179688,458.93475341796875,1000,0.0,0.0
2011-01-07 00:00:00+09:00,458.9347534179688,458.9347534179688,458.9347534179688,458.93475341796875,1000,0.0,0.0
2011-01-11 00:00:00+09:00,458.9347534179688,458.9347534179688,458.9347534179688,458.93475341796875,1000,0.0,0.0
2011-01-12 00:00:00+09:00,462.37513847858196,465.81542968749994,460.99902199501474,465.8154296875,3000,0.0,0.0
2011-01-13 00:00:00+09:00,465.81542968749994,465.81542968749994,465.81542968749994,465.8154296875,3000,0.0,0.0
2011-01-14 00:00:00+09:00,465.81542968749994,465.81542968749994,465.81542968749994,465.8154296875,3000,0.0,0.0
2011-01-17 00:00:00+09:00,474.76004028320307,474.76004028320307,474.76004028320307,474.7600402832031,3000,0.0,0.0
2011-01-18 00:00:00+09:00,474.76004028320307,474.76004028320307,474.76004028320307,474.7600402832031,3000,0.0,0.0
2011-01-19 00:00:00+09:00,463.0631408691406,463.0631408691406,463.0631408691406,463.0631408691406,1000,0.0,0.0
2011-01-20 00:00:00+09:00,463.0631408691406,463.0631408691406,463.0631408691406,463.0631408691406,1000,0.0,0.0
2011-01-21 00:00:00+09:00,463.0630796095904,467.8794860839844,463.0630796095904,467.8794860839844,1000,0.0,0.0
2011-01-24 00:00:00+09:00,467.8794860839844,471.31977642283715,467.8794860839844,467.8794860839844,2000,0.0,0.0
2011-01-25 00:00:00+09:00,467.8794860839844,471.31977642283715,467.8794860839844,467.8794860839844,2000,0.0,0.0
2011-01-26 00:00:00+09:00,467.8794860839844,467.8794860839844,467.8794860839844,467.8794860839844,2000,0.0,0.0
2011-01-27 00:00:00+09:00,467.8794860839844,467.8794860839844,467.8794860839844,467.8794860839844,2000,0.0,0.0
2011-01-28 00:00:00+09:00,467.8794860839844,467.8794860839844,467.8794860839844,467.8794860839844,2000,0.0,0.0
2011-01-31 00:00:00+09:00,467.8794860839844,467.8794860839844,467.8794860839844,467.8794860839844,2000,0.0,0.0
2011-02-01 00:00:00+09:00,467.8794860839844,467.8794860839844,467.8794860839844,467.8794860839844,2000,0.0,0.0
2011-02-02 00:00:00+09:00,467.8794860839844,467.8794860839844,467.8794860839844,467.8794860839844,1000,0.0,0.0
2011-02-03 00:00:00+09:00,467.87953016493054,467.87953016493054,460.9989488389757,464.4392395019531,3000,0.0,0.0
2011-02-04 00:00:00+09:00,464.4392395019531,464.4392395019531,464.4392395019531,464.4392395019531,3000,0.0,0.0
2011-02-07 00:00:00+09:00,464.4392395019531,464.4392395019531,464.4392395019531,464.4392395019531,3000,0.0,0.0
2011-02-08 00:00:00+09:00,464.4392395019531,464.4392395019531,464.4392395019531,464.4392395019531,3000,0.0,0.0
2011-02-09 00:00:00+09:00,464.4392395019531,464.4392395019531,464.4392395019531,464.4392395019531,3000,0.0,0.0
2011-02-10 00:00:00+09:00,464.4392395019531,464.4392395019531,464.4392395019531,464.4392395019531,3000,0.0,0.0
2011-02-14 00:00:00+09:00,464.4392395019531,464.4392395019531,464.4392395019531,464.4392395019531,3000,0.0,0.0
2011-02-15 00:00:00+09:00,464.4392395019531,464.4392395019531,464.4392395019531,464.4392395019531,3000,0.0,0.0
2011-02-16 00:00:00+09:00,462.37497861541965,471.31973266601557,462.37497861541965,471.3197326660156,2000,0.0,0.0
2011-02-17 00:00:00+09:00,474.7600145612444,481.6405944824219,474.7600145612444,481.6405944824219,3000,0.0,0.0
2011-02-18 00:00:00+09:00,481.6405944824219,481.6405944824219,481.6405944824219,481.6405944824219,3000,0.0,0.0
2011-02-21 00:00:00+09:00,481.64059385961417,481.64059385961417,472.0077819824219,472.0077819824219,1000,0.0,0.0
2011-02-22 00:00:00+09:00,453.4302733390562,453.4302733390562,426.59600830078125,426.59600830078125,10000,0.0,0.0
2011-02-23 00:00:00+09:00,426.5959345703125,430.03622436523443,426.5959345703125,430.0362243652344,2000,0.0,0.0
2011-02-24 00:00:00+09:00,430.03622436523443,430.03622436523443,430.03622436523443,430.0362243652344,1000,0.0,0.0
2011-02-25 00:00:00+09:00,430.03622436523443,430.03622436523443,430.03622436523443,430.0362243652344,1000,0.0,0.0
2011-02-28 00:00:00+09:00,429.34832763671875,429.34832763671875,429.34832763671875,429.34832763671875,2000,0.0,0.0
2011-03-01 00:00:00+09:00,430.03622436523443,430.03622436523443,430.03622436523443,430.0362243652344,1000,0.0,0.0
2011-03-02 00:00:00+09:00,430.03622436523443,430.03622436523443,430.03622436523443,430.0362243652344,1000,0.0,0.0
2011-03-03 00:00:00+09:00,430.03622436523443,430.03622436523443,430.03622436523443,430.0362243652344,1000,0.0,0.0
2011-03-04 00:00:00+09:00,430.0362321197009,430.0362321197009,419.7153625488281,419.7153625488281,1000,0.0,0.0
2011-03-07 00:00:00+09:00,419.715375411609,419.715375411609,416.27508544921875,416.27508544921875,2000,0.0,0.0
2011-03-08 00:00:00+09:00,416.27508544921875,416.27508544921875,416.27508544921875,416.27508544921875,2000,0.0,0.0
2011-03-09 00:00:00+09:00,416.27508544921875,416.27508544921875,416.27508544921875,416.27508544921875,2000,0.0,0.0
2011-03-10 00:00:00+09:00,416.27515020603084,423.1557312011719,416.27515020603084,423.1557312011719,1000,0.0,0.0
2011-03-11 00:00:00+09:00,423.15561599731444,423.15561599731444,412.8347473144531,412.8347473144531,1000,0.0,0.0
2011-03-14 00:00:00+09:00,365.3587951660156,365.3587951660156,365.3587951660156,365.3587951660156,1000,0.0,0.0
2011-03-15 00:00:00+09:00,365.3588362156477,365.3588362156477,330.9559326171875,330.9559326171875,3000,0.0,0.0
2011-03-16 00:00:00+09:00,365.3588362156477,365.3588362156477,330.9559326171875,330.9559326171875,3000,0.0,0.0
2011-03-17 00:00:00+09:00,330.9559326171875,330.9559326171875,330.9559326171875,330.9559326171875,3000,0.0,0.0
2011-03-18 00:00:00+09:00,330.26783203125,344.02899169921875,330.26783203125,344.02899169921875,10000,0.0,0.0
2011-03-22 00:00:00+09:00,344.02899169921875,344.02899169921875,344.02899169921875,344.02899169921875,2000,0.0,0.0
2011-03-23 00:00:00+09:00,344.0290137364869,363.9826965332031,344.0290137364869,363.9826965332031,2000,0.0,0.0
2011-03-24 00:00:00+09:00,368.1110534667969,368.1110534667969,368.1110534667969,368.1110534667969,1000,0.0,0.0
2011-03-25 00:00:00+09:00,368.1110534667969,368.1110534667969,368.1110534667969,368.1110534667969,1000,0.0,0.0
2011-03-28 00:00:00+09:00,386.0005187988281,386.0005187988281,374.3035333806818,386.0005187988281,1000,0.0,0.0
2011-03-29 00:00:00+09:00,382.38635253906256,382.38635253906256,382.38635253906256,382.3863525390625,1000,27.0,0.0
2011-03-30 00:00:00+09:00,382.38635253906256,382.38635253906256,382.38635253906256,382.3863525390625,1000,0.0,0.0
2011-03-31 00:00:00+09:00,382.38635253906256,382.38635253906256,382.38635253906256,382.3863525390625,1000,0.0,0.0
2011-04-01 00:00:00+09:00,383.109130859375,383.109130859375,383.109130859375,383.109130859375,1000,0.0,0.0
2011-04-04 00:00:00+09:00,383.109130859375,383.109130859375,383.109130859375,383.109130859375,1000,0.0,0.0
2011-04-05 00:00:00+09:00,383.109130859375,383.109130859375,383.109130859375,383.109130859375,1000,0.0,0.0
2011-04-06 00:00:00+09:00,383.109130859375,383.109130859375,383.109130859375,383.109130859375,1000,0.0,0.0
2011-04-07 00:00:00+09:00,383.109130859375,383.109130859375,383.109130859375,383.109130859375,1000,0.0,0.0
2011-04-08 00:00:00+09:00,361.4237365722656,368.65221130371094,361.4237365722656,361.4237365722656,1000,0.0,0.0
2011-04-11 00:00:00+09:00,361.4237365722656,361.4237365722656,361.4237365722656,361.4237365722656,2000,0.0,0.0
2011-04-12 00:00:00+09:00,361.4237365722656,361.4237365722656,361.4237365722656,361.4237365722656,2000,0.0,0.0
2011-04-13 00:00:00+09:00,361.4237365722656,361.4237365722656,361.4237365722656,361.4237365722656,2000,0.0,0.0
2011-04-14 00:00:00+09:00,361.4237365722656,361.4237365722656,361.4237365722656,361.4237365722656,2000,0.0,0.0
2011-04-15 00:00:00+09:00,361.4237365722656,361.4237365722656,361.4237365722656,361.4237365722656,2000,0.0,0.0
2011-04-18 00:00:00+09:00,361.4237365722656,361.4237365722656,361.4237365722656,361.4237365722656,2000,0.0,0.0
2011-04-19 00:00:00+09:00,361.4237365722656,361.4237365722656,361.4237365722656,361.4237365722656,2000,0.0,0.0
2011-04-20 00:00:00+09:00,361.4237365722656,361.4237365722656,361.4237365722656,361.4237365722656,2000,0.0,0.0
2011-04-21 00:00:00+09:00,361.4237365722656,361.4237365722656,361.4237365722656,361.4237365722656,2000,0.0,0.0
2011-04-22 00:00:00+09:00,361.42379317540843,361.42379317540843,348.41253662109375,348.41253662109375,5000,0.0,0.0
2011-04-25 00:00:00+09:00,348.41254151420753,348.41254151420753,342.6297607421875,342.6297607421875,1000,0.0,0.0
2011-04-26 00:00:00+09:00,347.6896726750145,349.85821533203125,347.6896726750145,349.85821533203125,3000,0.0,0.0
2011-04-27 00:00:00+09:00,349.8582071520618,350.5810546875,349.8582071520618,350.5810546875,10000,0.0,0.0
2011-04-28 00:00:00+09:00,350.58102033201146,356.3638000488281,350.58102033201146,356.3638000488281,10000,0.0,0.0
2011-05-02 00:00:00+09:00,356.3638000488281,356.3638000488281,356.3638000488281,356.3638000488281,10000,0.0,0.0
2011-05-06 00:00:00+09:00,356.3638000488281,356.3638000488281,356.3638000488281,356.3638000488281,10000,0.0,0.0
2011-05-09 00:00:00+09:00,351.3038330078125,351.3038330078125,351.3038330078125,351.3038330078125,1000,0.0,0.0
2011-05-10 00:00:00+09:00,351.3038330078125,351.3038330078125,351.3038330078125,351.3038330078125,1000,0.0,0.0
2011-05-11 00:00:00+09:00,351.3039109173943,368.6522521972656,351.3039109173943,368.6522521972656,2000,0.0,0.0
2011-05-12 00:00:00+09:00,368.6522521972656,368.6522521972656,368.6522521972656,368.6522521972656,1000,0.0,0.0
2011-05-13 00:00:00+09:00,368.6522521972656,368.6522521972656,368.6522521972656,368.6522521972656,1000,0.0,0.0
2011-05-16 00:00:00+09:00,368.6522521972656,368.6522521972656,368.6522521972656,368.6522521972656,1000,0.0,0.0
2011-05-17 00:00:00+09:00,368.6522521972656,368.6522521972656,368.6522521972656,368.6522521972656,1000,0.0,0.0
2011-05-18 00:00:00+09:00,368.6522521972656,368.6522521972656,368.6522521972656,368.6522521972656,1000,0.0,0.0
2011-05-19 00:00:00+09:00,368.6522521972656,368.6522521972656,368.6522521972656,368.6522521972656,1000,0.0,0.0
2011-05-20 00:00:00+09:00,368.65221130371094,368.65221130371094,355.64095678710936,361.4237365722656,2000,0.0,0.0
2011-05-23 00:00:00+09:00,361.4237365722656,361.4237365722656,361.4237365722656,361.4237365722656,2000,0.0,0.0
2011-05-24 00:00:00+09:00,361.4237365722656,361.4237365722656,361.4237365722656,361.4237365722656,2000,0.0,0.0
2011-05-25 00:00:00+09:00,361.4237365722656,361.4237365722656,361.4237365722656,361.4237365722656,2000,0.0,0.0
2011-05-26 00:00:00+09:00,367.20654296875,367.20654296875,367.20654296875,367.20654296875,1000,0.0,0.0
2011-05-27 00:00:00+09:00,367.20654296875,367.20654296875,367.20654296875,367.20654296875,1000,0.0,0.0
2011-05-30 00:00:00+09:00,367.20654296875,367.20654296875,367.20654296875,367.20654296875,1000,0.0,0.0
2011-05-31 00:00:00+09:00,367.20654296875,367.20654296875,367.20654296875,367.20654296875,1000,0.0,0.0
2011-06-01 00:00:00+09:00,367.20654296875,367.20654296875,367.20654296875,367.20654296875,1000,0.0,0.0
2011-06-02 00:00:00+09:00,367.20654296875,367.20654296875,367.20654296875,367.20654296875,1000,0.0,0.0
2011-06-03 00:00:00+09:00,367.20654296875,367.20654296875,367.20654296875,367.20654296875,1000,0.0,0.0
2011-06-06 00:00:00+09:00,367.20654296875,367.20654296875,367.20654296875,367.20654296875,1000,0.0,0.0
2011-06-07 00:00:00+09:00,367.20654296875,367.20654296875,367.20654296875,367.20654296875,1000,0.0,0.0
2011-06-08 00:00:00+09:00,367.20654296875,367.20654296875,367.20654296875,367.20654296875,1000,0.0,0.0
2011-06-09 00:00:00+09:00,367.20654296875,367.20654296875,367.20654296875,367.20654296875,1000,0.0,0.0
2011-06-10 00:00:00+09:00,367.20654296875,367.20654296875,367.20654296875,367.20654296875,1000,0.0,0.0
2011-06-13 00:00:00+09:00,374.4350280761719,374.4350280761719,374.4350280761719,374.4350280761719,2000,0.0,0.0
2011-06-14 00:00:00+09:00,374.4349910888672,374.4349910888672,361.4237365722656,361.4237365722656,1000,0.0,0.0
2011-06-15 00:00:00+09:00,361.4237365722656,361.4237365722656,361.4237365722656,361.4237365722656,1000,0.0,0.0
2011-06-16 00:00:00+09:00,361.4237365722656,361.4237365722656,361.4237365722656,361.4237365722656,1000,0.0,0.0
2011-06-17 00:00:00+09:00,361.4237365722656,361.4237365722656,361.4237365722656,361.4237365722656,1000,0.0,0.0
2011-06-20 00:00:00+09:00,359.9780578613281,359.9780578613281,359.9780578613281,359.9780578613281,1000,0.0,0.0
2011-06-21 00:00:00+09:00,361.4237365722656,361.4237365722656,361.4237365722656,361.4237365722656,1000,0.0,0.0
2011-06-22 00:00:00+09:00,361.4237365722656,361.4237365722656,361.4237365722656,361.4237365722656,1000,0.0,0.0
2011-06-23 00:00:00+09:00,361.4237365722656,361.4237365722656,361.4237365722656,361.4237365722656,1000,0.0,0.0
2011-06-24 00:00:00+09:00,361.4237365722656,361.4237365722656,361.4237365722656,361.4237365722656,1000,0.0,0.0
2011-06-27 00:00:00+09:00,361.4237365722656,361.4237365722656,361.4237365722656,361.4237365722656,2000,0.0,0.0
2011-06-28 00:00:00+09:00,361.4237365722656,361.4237365722656,361.4237365722656,361.4237365722656,2000,0.0,0.0
2011-06-29 00:00:00+09:00,361.4237365722656,361.4237365722656,361.4237365722656,361.4237365722656,2000,0.0,0.0
2011-06-30 00:00:00+09:00,433.70843505859375,433.70843505859375,433.70843505859375,433.70843505859375,7000,0.0,0.0
2011-07-01 00:00:00+09:00,433.70843505859375,433.70843505859375,433.70843505859375,433.70843505859375,7000,0.0,0.0
2011-07-04 00:00:00+09:00,455.3938293457031,455.3938293457031,455.3938293457031,455.3938293457031,4000,0.0,0.0
2011-07-05 00:00:00+09:00,455.3938293457031,455.3938293457031,455.3938293457031,455.3938293457031,4000,0.0,0.0
2011-07-06 00:00:00+09:00,455.3938293457031,455.3938293457031,455.3938293457031,455.3938293457031,4000,0.0,0.0
2011-07-07 00:00:00+09:00,433.70843505859375,433.70843505859375,433.70843505859375,433.70843505859375,4000,0.0,0.0
2011-07-08 00:00:00+09:00,433.70843505859375,433.70843505859375,433.70843505859375,433.70843505859375,4000,0.0,0.0
2011-07-11 00:00:00+09:00,433.70858328683033,433.70858328683033,404.794677734375,404.794677734375,1000,0.0,0.0
2011-07-12 00:00:00+09:00,404.794677734375,404.794677734375,404.794677734375,404.794677734375,1000,0.0,0.0
2011-07-13 00:00:00+09:00,404.794677734375,404.794677734375,404.794677734375,404.794677734375,1000,0.0,0.0
2011-07-14 00:00:00+09:00,404.794677734375,404.794677734375,404.794677734375,404.794677734375,1000,0.0,0.0
2011-07-15 00:00:00+09:00,404.794677734375,404.794677734375,404.794677734375,404.794677734375,1000,0.0,0.0
2011-07-19 00:00:00+09:00,404.794677734375,404.794677734375,404.794677734375,404.794677734375,1000,0.0,0.0
2011-07-20 00:00:00+09:00,404.794677734375,404.794677734375,404.794677734375,404.794677734375,1000,0.0,0.0
2011-07-21 00:00:00+09:00,404.794677734375,404.794677734375,404.794677734375,404.794677734375,1000,0.0,0.0
2011-07-22 00:00:00+09:00,404.79462943795374,404.79462943795374,398.2890014648438,398.28900146484375,1000,0.0,0.0
2011-07-25 00:00:00+09:00,398.2890014648438,398.2890014648438,398.2890014648438,398.28900146484375,1000,0.0,0.0
2011-07-26 00:00:00+09:00,398.2890014648438,398.2890014648438,398.2890014648438,398.28900146484375,1000,0.0,0.0
2011-07-27 00:00:00+09:00,398.2890014648438,398.2890014648438,398.2890014648438,398.28900146484375,1000,0.0,0.0
2011-07-28 00:00:00+09:00,398.2890014648438,398.2890014648438,398.2890014648438,398.28900146484375,1000,0.0,0.0
2011-07-29 00:00:00+09:00,398.2890120286208,398.2890120286208,368.6522615872897,375.8807373046875,4000,0.0,0.0
2011-08-01 00:00:00+09:00,375.8807373046875,375.8807373046875,375.8807373046875,375.8807373046875,4000,0.0,0.0
2011-08-02 00:00:00+09:00,375.8807373046875,375.8807373046875,375.8807373046875,375.8807373046875,4000,0.0,0.0
2011-08-03 00:00:00+09:00,375.8807373046875,375.8807373046875,375.8807373046875,375.8807373046875,4000,0.0,0.0
2011-08-04 00:00:00+09:00,375.8807373046875,375.8807373046875,375.8807373046875,375.8807373046875,4000,0.0,0.0
2011-08-05 00:00:00+09:00,368.65221130371094,368.65221130371094,361.4237365722656,361.4237365722656,2000,0.0,0.0
2011-08-08 00:00:00+09:00,361.4237365722656,361.4237365722656,361.4237365722656,361.4237365722656,2000,0.0,0.0
2011-08-09 00:00:00+09:00,361.4237365722656,361.4237365722656,361.4237365722656,361.4237365722656,2000,0.0,0.0
2011-08-10 00:00:00+09:00,361.4237365722656,361.4237365722656,361.4237365722656,361.4237365722656,2000,0.0,0.0
2011-08-11 00:00:00+09:00,361.4237365722656,361.4237365722656,361.4237365722656,361.4237365722656,2000,0.0,0.0
2011-08-12 00:00:00+09:00,361.4237766639859,368.6522521972656,361.4237766639859,368.6522521972656,1000,0.0,0.0
2011-08-15 00:00:00+09:00,368.6522521972656,368.6522521972656,368.6522521972656,368.6522521972656,1000,0.0,0.0
2011-08-16 00:00:00+09:00,368.6522521972656,368.6522521972656,368.6522521972656,368.6522521972656,1000,0.0,0.0
2011-08-17 00:00:00+09:00,368.6521638057146,368.6521638057146,362.869384765625,362.869384765625,2000,0.0,0.0
2011-08-18 00:00:00+09:00,362.869384765625,362.869384765625,362.869384765625,362.869384765625,2000,0.0,0.0
2011-08-19 00:00:00+09:00,362.8694043663459,362.8694043663459,355.64093017578125,355.64093017578125,1000,0.0,0.0
2011-08-22 00:00:00+09:00,355.64093017578125,355.64093017578125,355.64093017578125,355.64093017578125,1000,0.0,0.0
2011-08-23 00:00:00+09:00,355.64095678710936,361.4237365722656,355.64095678710936,361.4237365722656,1000,0.0,0.0
2011-08-24 00:00:00+09:00,361.4237766639859,368.6522521972656,361.4237766639859,368.6522521972656,2000,0.0,0.0
2011-08-25 00:00:00+09:00,367.9293518066406,367.9293518066406,367.9293518066406,367.9293518066406,1000,0.0,0.0
2011-08-26 00:00:00+09:00,373.7121276855469,373.7121276855469,373.7121276855469,373.7121276855469,1000,0.0,0.0
2011-08-29 00:00:00+09:00,373.7121276855469,373.7121276855469,373.7121276855469,373.7121276855469,1000,0.0,0.0
2011-08-30 00:00:00+09:00,373.7121276855469,373.7121276855469,373.7121276855469,373.7121276855469,1000,0.0,0.0
2011-08-31 00:00:00+09:00,373.7121850705614,373.7121850705614,361.4237766639859,368.6522521972656,2000,0.0,0.0
2011-09-01 00:00:00+09:00,368.6522521972656,368.6522521972656,368.6522521972656,368.6522521972656,1000,0.0,0.0
2011-09-02 00:00:00+09:00,368.6522521972656,368.6522521972656,368.6522521972656,368.6522521972656,1000,0.0,0.0
2011-09-05 00:00:00+09:00,368.65219925616253,368.65219925616253,367.9293518066406,367.9293518066406,1000,0.0,0.0
2011-09-06 00:00:00+09:00,367.9293518066406,367.9293518066406,367.9293518066406,367.9293518066406,1000,0.0,0.0
2011-09-07 00:00:00+09:00,367.9293518066406,367.9293518066406,367.9293518066406,367.9293518066406,1000,0.0,0.0
2011-09-08 00:00:00+09:00,367.9293518066406,367.9293518066406,367.9293518066406,367.9293518066406,1000,0.0,0.0
2011-09-09 00:00:00+09:00,367.9293518066406,367.9293518066406,367.9293518066406,367.9293518066406,1000,0.0,0.0
2011-09-12 00:00:00+09:00,367.9293518066406,367.9293518066406,367.9293518066406,367.9293518066406,1000,0.0,0.0
2011-09-13 00:00:00+09:00,367.9293518066406,367.9293518066406,367.9293518066406,367.9293518066406,1000,0.0,0.0
2011-09-14 00:00:00+09:00,367.9293518066406,367.9293518066406,367.9293518066406,367.9293518066406,1000,0.0,0.0
2011-09-15 00:00:00+09:00,367.9293518066406,367.9293518066406,367.9293518066406,367.9293518066406,1000,0.0,0.0
2011-09-16 00:00:00+09:00,367.9293518066406,367.9293518066406,367.9293518066406,367.9293518066406,1000,0.0,0.0
2011-09-20 00:00:00+09:00,367.9293518066406,367.9293518066406,367.9293518066406,367.9293518066406,1000,0.0,0.0
2011-09-21 00:00:00+09:00,367.9293518066406,367.9293518066406,367.9293518066406,367.9293518066406,1000,0.0,0.0
2011-09-22 00:00:00+09:00,367.9293518066406,367.9293518066406,367.9293518066406,367.9293518066406,1000,0.0,0.0
2011-09-26 00:00:00+09:00,367.92938257132465,367.92938257132465,357.086669921875,357.086669921875,1000,0.0,0.0
2011-09-27 00:00:00+09:00,367.20654296875,367.20654296875,367.20654296875,367.20654296875,1000,0.0,0.0
2011-09-28 00:00:00+09:00,367.20654296875,367.20654296875,367.20654296875,367.20654296875,1000,0.0,0.0
2011-09-29 00:00:00+09:00,367.20654296875,367.20654296875,367.20654296875,367.20654296875,1000,0.0,0.0
2011-09-30 00:00:00+09:00,367.20654296875,367.20654296875,367.20654296875,367.20654296875,1000,0.0,0.0
2011-10-03 00:00:00+09:00,367.20648888068473,367.20648888068473,355.64093017578125,355.64093017578125,1000,0.0,0.0
2011-10-04 00:00:00+09:00,355.64093017578125,355.64093017578125,355.64093017578125,355.64093017578125,1000,0.0,0.0
2011-10-05 00:00:00+09:00,355.64093017578125,355.64093017578125,355.64093017578125,355.64093017578125,1000,0.0,0.0
2011-10-06 00:00:00+09:00,355.64093017578125,355.64093017578125,355.64093017578125,355.64093017578125,1000,0.0,0.0
2011-10-07 00:00:00+09:00,355.64093017578125,355.64093017578125,355.64093017578125,355.64093017578125,1000,0.0,0.0
2011-10-11 00:00:00+09:00,355.64093017578125,355.64093017578125,355.64093017578125,355.64093017578125,1000,0.0,0.0
2011-10-12 00:00:00+09:00,355.64093017578125,355.64093017578125,355.64093017578125,355.64093017578125,1000,0.0,0.0
2011-10-13 00:00:00+09:00,355.64093017578125,355.64093017578125,355.64093017578125,355.64093017578125,1000,0.0,0.0
2011-10-14 00:00:00+09:00,355.64093017578125,355.64093017578125,355.64093017578125,355.64093017578125,1000,0.0,0.0
2011-10-17 00:00:00+09:00,355.64093017578125,355.64093017578125,355.64093017578125,355.64093017578125,1000,0.0,0.0
2011-10-18 00:00:00+09:00,355.64093017578125,355.64093017578125,355.64093017578125,355.64093017578125,1000,0.0,0.0
2011-10-19 00:00:00+09:00,355.64093017578125,355.64093017578125,355.64093017578125,355.64093017578125,1000,0.0,0.0
2011-10-20 00:00:00+09:00,355.64093017578125,355.64093017578125,355.64093017578125,355.64093017578125,1000,0.0,0.0
2011-10-21 00:00:00+09:00,355.64093017578125,355.64093017578125,355.64093017578125,355.64093017578125,1000,0.0,0.0
2011-10-24 00:00:00+09:00,355.64093017578125,355.64093017578125,355.64093017578125,355.64093017578125,1000,0.0,0.0
2011-10-25 00:00:00+09:00,355.64093017578125,355.64093017578125,355.64093017578125,355.64093017578125,1000,0.0,0.0
2011-10-26 00:00:00+09:00,372.9893493652344,372.9893493652344,372.9893493652344,372.9893493652344,2000,0.0,0.0
2011-10-27 00:00:00+09:00,372.9893493652344,372.9893493652344,372.9893493652344,372.9893493652344,2000,0.0,0.0
2011-10-28 00:00:00+09:00,358.53240482390873,364.315185546875,358.53240482390873,364.315185546875,2000,0.0,0.0
2011-10-31 00:00:00+09:00,363.59228515625,363.59228515625,363.59228515625,363.59228515625,1000,0.0,0.0
2011-11-01 00:00:00+09:00,363.59228515625,363.59228515625,363.59228515625,363.59228515625,1000,0.0,0.0
2011-11-02 00:00:00+09:00,363.59228515625,363.59228515625,363.59228515625,363.59228515625,1000,0.0,0.0
2011-11-04 00:00:00+09:00,363.59228515625,363.59228515625,363.59228515625,363.59228515625,1000,0.0,0.0
2011-11-07 00:00:00+09:00,363.59228515625,363.59228515625,363.59228515625,363.59228515625,1000,0.0,0.0
2011-11-08 00:00:00+09:00,363.59228515625,363.59228515625,363.59228515625,363.59228515625,1000,0.0,0.0
2011-11-09 00:00:00+09:00,363.59228515625,363.59228515625,363.59228515625,363.59228515625,1000,0.0,0.0
2011-11-10 00:00:00+09:00,363.59228515625,363.59228515625,363.59228515625,363.59228515625,1000,0.0,0.0
2011-11-11 00:00:00+09:00,363.59228515625,363.59228515625,363.59228515625,363.59228515625,1000,0.0,0.0
2011-11-14 00:00:00+09:00,363.5923164867964,363.5923164867964,352.7496032714844,352.7496032714844,1000,0.0,0.0
2011-11-15 00:00:00+09:00,352.74962886687246,358.53240966796875,352.74962886687246,358.53240966796875,1000,0.0,0.0
2011-11-16 00:00:00+09:00,358.53240966796875,358.53240966796875,358.53240966796875,358.53240966796875,1000,0.0,0.0
2011-11-17 00:00:00+09:00,358.53240966796875,358.53240966796875,358.53240966796875,358.53240966796875,1000,0.0,0.0
2011-11-18 00:00:00+09:00,358.53240966796875,358.53240966796875,358.53240966796875,358.53240966796875,1000,0.0,0.0
2011-11-21 00:00:00+09:00,358.53240966796875,358.53240966796875,358.53240966796875,358.53240966796875,1000,0.0,0.0
2011-11-22 00:00:00+09:00,358.53240966796875,358.53240966796875,358.53240966796875,358.53240966796875,1000,0.0,0.0
2011-11-24 00:00:00+09:00,358.53240966796875,358.53240966796875,358.53240966796875,358.53240966796875,1000,0.0,0.0
2011-11-25 00:00:00+09:00,358.53240966796875,358.53240966796875,358.53240966796875,358.53240966796875,1000,0.0,0.0
2011-11-28 00:00:00+09:00,358.53240966796875,358.53240966796875,358.53240966796875,358.53240966796875,1000,0.0,0.0
2011-11-29 00:00:00+09:00,358.53240966796875,358.53240966796875,358.53240966796875,358.53240966796875,1000,0.0,0.0
2011-11-30 00:00:00+09:00,351.30392696649704,351.30392696649704,347.6896890347429,348.41253662109375,5000,0.0,0.0
2011-12-01 00:00:00+09:00,348.4125165319543,348.4125165319543,344.79827880859375,344.79827880859375,2000,0.0,0.0
2011-12-02 00:00:00+09:00,342.6297607421875,342.6297607421875,342.6297607421875,342.6297607421875,2000,0.0,0.0
2011-12-05 00:00:00+09:00,342.6297607421875,342.6297607421875,342.6297607421875,342.6297607421875,2000,0.0,0.0
2011-12-06 00:00:00+09:00,342.6297607421875,342.6297607421875,342.6297607421875,342.6297607421875,2000,0.0,0.0
2011-12-07 00:00:00+09:00,342.6297559302872,348.41253662109375,342.6297559302872,348.41253662109375,1000,0.0,0.0
2011-12-08 00:00:00+09:00,348.4125355844032,348.4125355844032,340.4612121582031,340.4612121582031,3000,0.0,0.0
2011-12-09 00:00:00+09:00,339.7383137322291,339.7383137322291,336.124076352099,336.846923828125,11000,0.0,0.0
2011-12-12 00:00:00+09:00,346.24395351086633,346.24395351086633,341.18402099609375,341.18402099609375,7000,0.0,0.0
2011-12-13 00:00:00+09:00,341.18402099609375,341.18402099609375,341.18402099609375,341.18402099609375,7000,0.0,0.0
2011-12-14 00:00:00+09:00,341.18402099609375,341.18402099609375,341.18402099609375,341.18402099609375,7000,0.0,0.0
2011-12-15 00:00:00+09:00,341.18402099609375,341.18402099609375,341.18402099609375,341.18402099609375,7000,0.0,0.0
2011-12-16 00:00:00+09:00,341.1840410852332,344.79827880859375,341.1840410852332,344.79827880859375,1000,0.0,0.0
2011-12-19 00:00:00+09:00,344.7982543945312,346.966796875,344.7982543945312,346.966796875,2000,0.0,0.0
2011-12-20 00:00:00+09:00,346.966796875,346.966796875,346.966796875,346.966796875,2000,0.0,0.0
2011-12-21 00:00:00+09:00,346.966796875,346.966796875,346.966796875,346.966796875,2000,0.0,0.0
2011-12-22 00:00:00+09:00,346.966796875,346.966796875,346.966796875,346.966796875,2000,0.0,0.0
2011-12-26 00:00:00+09:00,346.966796875,346.966796875,346.966796875,346.966796875,2000,0.0,0.0
2011-12-27 00:00:00+09:00,351.3038330078125,351.3038330078125,351.3038330078125,351.3038330078125,1000,0.0,0.0
2011-12-28 00:00:00+09:00,351.3038330078125,351.3038330078125,351.3038330078125,351.3038330078125,1000,0.0,0.0
2011-12-29 00:00:00+09:00,351.3038330078125,351.3038330078125,351.3038330078125,351.3038330078125,1000,0.0,0.0
2011-12-30 00:00:00+09:00,351.3038330078125,351.3038330078125,351.3038330078125,351.3038330078125,1000,0.0,0.0
2012-01-04 00:00:00+09:00,351.3038330078125,351.3038330078125,351.3038330078125,351.3038330078125,1000,0.0,0.0
2012-01-05 00:00:00+09:00,351.3038330078125,351.3038330078125,351.3038330078125,351.3038330078125,1000,0.0,0.0
2012-01-06 00:00:00+09:00,354.1952819824219,354.1952819824219,353.472434468172,354.1952819824219,16000,0.0,0.0
2012-01-10 00:00:00+09:00,354.1952819824219,354.1952819824219,354.1952819824219,354.1952819824219,16000,0.0,0.0
2012-01-11 00:00:00+09:00,354.1952819824219,354.1952819824219,354.1952819824219,354.1952819824219,16000,0.0,0.0
2012-01-12 00:00:00+09:00,354.1952595779013,354.1952595779013,353.472412109375,353.472412109375,1000,0.0,0.0
2012-01-13 00:00:00+09:00,353.472412109375,353.472412109375,353.472412109375,353.472412109375,1000,0.0,0.0
2012-01-16 00:00:00+09:00,353.472412109375,353.472412109375,353.472412109375,353.472412109375,1000,0.0,0.0
2012-01-17 00:00:00+09:00,353.472412109375,353.472412109375,353.472412109375,353.472412109375,1000,0.0,0.0
2012-01-18 00:00:00+09:00,353.472412109375,353.472412109375,353.472412109375,353.472412109375,1000,0.0,0.0
2012-01-19 00:00:00+09:00,353.47242431640626,353.47242431640626,346.966796875,346.966796875,8000,0.0,0.0
2012-01-20 00:00:00+09:00,346.966796875,346.966796875,346.966796875,346.966796875,8000,0.0,0.0
2012-01-23 00:00:00+09:00,346.966796875,346.966796875,346.966796875,346.966796875,8000,0.0,0.0
2012-01-24 00:00:00+09:00,346.966796875,346.966796875,346.966796875,346.966796875,8000,0.0,0.0
2012-01-25 00:00:00+09:00,346.966796875,346.966796875,346.966796875,346.966796875,8000,0.0,0.0
2012-01-26 00:00:00+09:00,351.3038330078125,351.3038330078125,351.3038330078125,351.3038330078125,2000,0.0,0.0
2012-01-27 00:00:00+09:00,351.3038330078125,351.3038330078125,351.3038330078125,351.3038330078125,2000,0.0,0.0
2012-01-30 00:00:00+09:00,351.30386779661353,356.3638000488281,351.30386779661353,356.3638000488281,1000,0.0,0.0
2012-01-31 00:00:00+09:00,356.3638000488281,356.3638000488281,356.3638000488281,356.3638000488281,1000,0.0,0.0
2012-02-01 00:00:00+09:00,356.3638000488281,356.3638000488281,356.3638000488281,356.3638000488281,1000,0.0,0.0
2012-02-02 00:00:00+09:00,356.3638000488281,356.3638000488281,356.3638000488281,356.3638000488281,1000,0.0,0.0
2012-02-03 00:00:00+09:00,356.3638000488281,356.3638000488281,356.3638000488281,356.3638000488281,1000,0.0,0.0
2012-02-06 00:00:00+09:00,356.3638019834803,356.3638019834803,353.472412109375,353.472412109375,1000,0.0,0.0
2012-02-07 00:00:00+09:00,346.966796875,346.966796875,346.966796875,346.966796875,5000,0.0,0.0
2012-02-08 00:00:00+09:00,346.966796875,346.966796875,346.966796875,346.966796875,5000,0.0,0.0
2012-02-09 00:00:00+09:00,346.966796875,346.966796875,346.966796875,346.966796875,5000,0.0,0.0
2012-02-10 00:00:00+09:00,350.58103434244794,350.58103434244794,346.966796875,346.966796875,6000,0.0,0.0
2012-02-13 00:00:00+09:00,346.9668008855236,352.0267333984375,346.9668008855236,352.0267333984375,1000,0.0,0.0
2012-02-14 00:00:00+09:00,352.0267333984375,352.0267333984375,352.0267333984375,352.0267333984375,1000,0.0,0.0
2012-02-15 00:00:00+09:00,352.0267333984375,352.0267333984375,352.0267333984375,352.0267333984375,1000,0.0,0.0
2012-02-16 00:00:00+09:00,352.0267333984375,352.0267333984375,352.0267333984375,352.0267333984375,1000,0.0,0.0
2012-02-17 00:00:00+09:00,352.0267333984375,352.0267333984375,352.0267333984375,352.0267333984375,1000,0.0,0.0
2012-02-20 00:00:00+09:00,352.0267314109482,352.0267314109482,344.0754089355469,344.0754089355469,8000,0.0,0.0
2012-02-21 00:00:00+09:00,343.35256350242486,343.35256350242486,341.18402099609375,341.18402099609375,4000,0.0,0.0
2012-02-22 00:00:00+09:00,342.6297607421875,342.6297607421875,336.84697997016747,342.6297607421875,3000,0.0,0.0
2012-02-23 00:00:00+09:00,342.6297607421875,342.6297607421875,342.6297607421875,342.6297607421875,3000,0.0,0.0
2012-02-24 00:00:00+09:00,342.6297939868683,342.6297939868683,339.7384033203125,339.7384033203125,2000,0.0,0.0
2012-02-27 00:00:00+09:00,347.6896726750145,349.85821533203125,347.6896726750145,349.85821533203125,4000,0.0,0.0
2012-02-28 00:00:00+09:00,349.85821533203125,349.85821533203125,349.85821533203125,349.85821533203125,4000,0.0,0.0
2012-02-29 00:00:00+09:00,349.85821533203125,349.85821533203125,349.85821533203125,349.85821533203125,4000,0.0,0.0
2012-03-01 00:00:00+09:00,344.0754069010417,346.966796875,344.0754069010417,346.966796875,2000,0.0,0.0
2012-03-02 00:00:00+09:00,346.966796875,346.966796875,346.966796875,346.966796875,2000,0.0,0.0
2012-03-05 00:00:00+09:00,346.966796875,346.966796875,346.966796875,346.966796875,2000,0.0,0.0
2012-03-06 00:00:00+09:00,346.966796875,346.966796875,346.966796875,346.966796875,1000,0.0,0.0
2012-03-07 00:00:00+09:00,343.35260009765625,343.35260009765625,343.35260009765625,343.35260009765625,5000,0.0,0.0
2012-03-08 00:00:00+09:00,343.3525654099743,349.1353454589844,343.3525654099743,349.1353454589844,1000,0.0,0.0
2012-03-09 00:00:00+09:00,349.13536553304704,352.7496032714844,346.9668228899846,352.7496032714844,3000,0.0,0.0
2012-03-12 00:00:00+09:00,352.7496032714844,352.7496032714844,352.7496032714844,352.7496032714844,1000,0.0,0.0
2012-03-13 00:00:00+09:00,352.7496032714844,352.7496032714844,352.7496032714844,352.7496032714844,1000,0.0,0.0
2012-03-14 00:00:00+09:00,352.0267333984375,352.0267333984375,352.0267333984375,352.0267333984375,1000,0.0,0.0
2012-03-15 00:00:00+09:00,352.0267333984375,352.0267333984375,352.0267333984375,352.0267333984375,1000,0.0,0.0
2012-03-16 00:00:00+09:00,352.0267333984375,352.0267333984375,352.0267333984375,352.0267333984375,1000,0.0,0.0
2012-03-19 00:00:00+09:00,352.0267333984375,352.0267333984375,352.0267333984375,352.0267333984375,1000,0.0,0.0
2012-03-21 00:00:00+09:00,352.0267210898925,352.0267210898925,347.68963623046875,347.68963623046875,1000,0.0,0.0
2012-03-22 00:00:00+09:00,347.68963623046875,347.68963623046875,347.68963623046875,347.68963623046875,1000,0.0,0.0
2012-03-23 00:00:00+09:00,347.68963623046875,347.68963623046875,347.68963623046875,347.68963623046875,1000,0.0,0.0
2012-03-26 00:00:00+09:00,347.68963623046875,347.68963623046875,347.68963623046875,347.68963623046875,2000,0.0,0.0
2012-03-27 00:00:00+09:00,351.3038330078125,351.3038330078125,351.3038330078125,351.3038330078125,1000,0.0,0.0
2012-03-28 00:00:00+09:00,366.22130834860883,366.22130834860883,358.0167576524078,363.98370361328125,4000,15.0,0.0
2012-03-29 00:00:00+09:00,358.0167061941964,358.0167061941964,355.0332336425781,355.0332336425781,3000,0.0,0.0
2012-03-30 00:00:00+09:00,354.28735800164577,360.2543029785156,354.28735800164577,360.2543029785156,3000,0.0,0.0
2012-04-02 00:00:00+09:00,360.2543029785156,360.2543029785156,360.2543029785156,360.2543029785156,1000,0.0,0.0
2012-04-03 00:00:00+09:00,360.2543029785156,360.2543029785156,360.2543029785156,360.2543029785156,1000,0.0,0.0
2012-04-04 00:00:00+09:00,360.2543029785156,360.2543029785156,360.2543029785156,360.2543029785156,1000,0.0,0.0
2012-04-05 00:00:00+09:00,360.2543029785156,360.2543029785156,360.2543029785156,360.2543029785156,1000,0.0,0.0
2012-04-06 00:00:00+09:00,360.2543029785156,360.2543029785156,360.2543029785156,360.2543029785156,1000,0.0,0.0
2012-04-09 00:00:00+09:00,360.2542984169408,360.2542984169408,354.287353515625,354.287353515625,1000,0.0,0.0
2012-04-10 00:00:00+09:00,354.287353515625,354.287353515625,354.287353515625,354.287353515625,1000,0.0,0.0
2012-04-11 00:00:00+09:00,354.287353515625,354.287353515625,354.287353515625,354.287353515625,1000,0.0,0.0
2012-04-12 00:00:00+09:00,354.287353515625,354.287353515625,354.287353515625,354.287353515625,1000,0.0,0.0
2012-04-13 00:00:00+09:00,348.32042799829674,349.8121643066406,348.32042799829674,349.8121643066406,2000,0.0,0.0
2012-04-16 00:00:00+09:00,349.81218153326506,352.795654296875,349.81218153326506,352.795654296875,1000,0.0,0.0
2012-04-17 00:00:00+09:00,352.795654296875,352.795654296875,352.795654296875,352.795654296875,1000,0.0,0.0
2012-04-18 00:00:00+09:00,346.8287048339844,346.8287048339844,346.8287048339844,346.8287048339844,4000,0.0,0.0
2012-04-19 00:00:00+09:00,346.8287048339844,346.8287048339844,346.8287048339844,346.8287048339844,4000,0.0,0.0
2012-04-20 00:00:00+09:00,346.8287048339844,346.8287048339844,346.8287048339844,346.8287048339844,4000,0.0,0.0
2012-04-23 00:00:00+09:00,356.5249938964844,356.5249938964844,356.5249938964844,356.5249938964844,1000,0.0,0.0
2012-04-24 00:00:00+09:00,356.5249938964844,356.5249938964844,356.5249938964844,356.5249938964844,1000,0.0,0.0
2012-04-25 00:00:00+09:00,356.5249938964844,356.5249938964844,356.5249938964844,356.5249938964844,1000,0.0,0.0
2012-04-26 00:00:00+09:00,371.4423522949219,371.4423522949219,371.4423522949219,371.4423522949219,2000,0.0,0.0
2012-04-27 00:00:00+09:00,371.44234077762695,371.44234077762695,349.8121643066406,349.8121643066406,4000,0.0,0.0
2012-05-01 00:00:00+09:00,349.8121643066406,349.8121643066406,349.8121643066406,349.8121643066406,4000,0.0,0.0
2012-05-02 00:00:00+09:00,349.8121643066406,349.8121643066406,349.8121643066406,349.8121643066406,4000,0.0,0.0
2012-05-07 00:00:00+09:00,349.8121402585277,349.8121402585277,348.3204040527344,348.3204040527344,2000,0.0,0.0
2012-05-08 00:00:00+09:00,348.3204040527344,348.3204040527344,348.3204040527344,348.3204040527344,2000,0.0,0.0
2012-05-09 00:00:00+09:00,348.3204040527344,348.3204040527344,348.3204040527344,348.3204040527344,2000,0.0,0.0
2012-05-10 00:00:00+09:00,348.3204040527344,348.3204040527344,348.3204040527344,348.3204040527344,2000,0.0,0.0
2012-05-11 00:00:00+09:00,353.5414733886719,353.5414733886719,353.5414733886719,353.5414733886719,1000,0.0,0.0
2012-05-14 00:00:00+09:00,355.779052734375,355.779052734375,355.779052734375,355.779052734375,2000,0.0,0.0
2012-05-15 00:00:00+09:00,348.3204411988617,348.3204411988617,346.8287048339844,346.8287048339844,4000,0.0,0.0
2012-05-16 00:00:00+09:00,346.8287048339844,346.8287048339844,346.8287048339844,346.8287048339844,4000,0.0,0.0
2012-05-17 00:00:00+09:00,343.099365234375,343.099365234375,343.099365234375,343.099365234375,1000,0.0,0.0
2012-05-18 00:00:00+09:00,343.099365234375,343.099365234375,343.099365234375,343.099365234375,1000,0.0,0.0
2012-05-21 00:00:00+09:00,343.099365234375,343.099365234375,343.099365234375,343.099365234375,1000,0.0,0.0
2012-05-22 00:00:00+09:00,343.099365234375,343.099365234375,343.099365234375,343.099365234375,1000,0.0,0.0
2012-05-23 00:00:00+09:00,343.099365234375,343.099365234375,343.099365234375,343.099365234375,1000,0.0,0.0
2012-05-24 00:00:00+09:00,340.1158752441406,340.1158752441406,340.1158752441406,340.1158752441406,2000,0.0,0.0
2012-05-25 00:00:00+09:00,340.1158752441406,340.1158752441406,340.1158752441406,340.1158752441406,2000,0.0,0.0
2012-05-28 00:00:00+09:00,340.1158871974152,340.86175537109375,340.1158871974152,340.86175537109375,1000,0.0,0.0
2012-05-29 00:00:00+09:00,340.86175537109375,340.86175537109375,340.86175537109375,340.86175537109375,1000,0.0,0.0
2012-05-30 00:00:00+09:00,340.8617230237679,348.3204040527344,340.8617230237679,348.3204040527344,2000,0.0,0.0
2012-05-31 00:00:00+09:00,348.3204040527344,348.3204040527344,348.3204040527344,348.3204040527344,2000,0.0,0.0
2012-06-01 00:00:00+09:00,342.35345458984375,342.35345458984375,342.35345458984375,342.35345458984375,1000,0.0,0.0
2012-06-04 00:00:00+09:00,342.35345458984375,342.35345458984375,342.35345458984375,342.35345458984375,1000,0.0,0.0
2012-06-05 00:00:00+09:00,342.35345458984375,342.35345458984375,342.35345458984375,342.35345458984375,1000,0.0,0.0
2012-06-06 00:00:00+09:00,342.35345458984375,342.35345458984375,342.35345458984375,342.35345458984375,1000,0.0,0.0
2012-06-07 00:00:00+09:00,342.35345458984375,342.35345458984375,342.35345458984375,342.35345458984375,1000,0.0,0.0
2012-06-08 00:00:00+09:00,342.35345458984375,342.35345458984375,342.35345458984375,342.35345458984375,1000,0.0,0.0
2012-06-11 00:00:00+09:00,354.2873488759076,354.2873488759076,348.3204040527344,348.3204040527344,4000,0.0,0.0
2012-06-12 00:00:00+09:00,348.3204040527344,348.3204040527344,348.3204040527344,348.3204040527344,4000,0.0,0.0
2012-06-13 00:00:00+09:00,348.3204040527344,348.3204040527344,348.3204040527344,348.3204040527344,4000,0.0,0.0
2012-06-14 00:00:00+09:00,348.3204040527344,348.3204040527344,348.3204040527344,348.3204040527344,4000,0.0,0.0
2012-06-15 00:00:00+09:00,348.3204040527344,348.3204040527344,348.3204040527344,348.3204040527344,4000,0.0,0.0
2012-06-18 00:00:00+09:00,348.3204040527344,348.3204040527344,348.3204040527344,348.3204040527344,4000,0.0,0.0
2012-06-19 00:00:00+09:00,348.3204040527344,348.3204040527344,348.3204040527344,348.3204040527344,4000,0.0,0.0
2012-06-20 00:00:00+09:00,348.3204040527344,348.3204040527344,348.3204040527344,348.3204040527344,4000,0.0,0.0
2012-06-21 00:00:00+09:00,350.55804443359375,350.55804443359375,350.55804443359375,350.55804443359375,1000,0.0,0.0
2012-06-22 00:00:00+09:00,350.55804443359375,350.55804443359375,350.55804443359375,350.55804443359375,1000,0.0,0.0
2012-06-25 00:00:00+09:00,355.779052734375,355.779052734375,355.779052734375,355.779052734375,2000,0.0,0.0
2012-06-26 00:00:00+09:00,361.7460021972656,361.7460021972656,361.7460021972656,361.7460021972656,1000,0.0,0.0
2012-06-27 00:00:00+09:00,361.7460021972656,361.7460021972656,361.7460021972656,361.7460021972656,1000,0.0,0.0
2012-06-28 00:00:00+09:00,365.4754333496094,365.4754333496094,365.4754333496094,365.4754333496094,5000,0.0,0.0
2012-06-29 00:00:00+09:00,365.4754333496094,365.4754333496094,365.4754333496094,365.4754333496094,5000,0.0,0.0
2012-07-02 00:00:00+09:00,365.4754333496094,365.4754333496094,365.4754333496094,365.4754333496094,5000,0.0,0.0
2012-07-03 00:00:00+09:00,365.4754333496094,365.4754333496094,365.4754333496094,365.4754333496094,5000,0.0,0.0
2012-07-04 00:00:00+09:00,355.0332336425781,355.0332336425781,355.0332336425781,355.0332336425781,1000,0.0,0.0
2012-07-05 00:00:00+09:00,355.0332336425781,355.0332336425781,355.0332336425781,355.0332336425781,1000,0.0,0.0
2012-07-06 00:00:00+09:00,355.0332336425781,355.0332336425781,355.0332336425781,355.0332336425781,1000,0.0,0.0
2012-07-09 00:00:00+09:00,355.0332336425781,355.0332336425781,355.0332336425781,355.0332336425781,1000,0.0,0.0
2012-07-10 00:00:00+09:00,355.0332336425781,355.0332336425781,355.0332336425781,355.0332336425781,1000,0.0,0.0
2012-07-11 00:00:00+09:00,355.0332336425781,355.0332336425781,355.0332336425781,355.0332336425781,1000,0.0,0.0
2012-07-12 00:00:00+09:00,355.0332336425781,355.0332336425781,355.0332336425781,355.0332336425781,1000,0.0,0.0
2012-07-13 00:00:00+09:00,355.0332336425781,355.0332336425781,355.0332336425781,355.0332336425781,1000,0.0,0.0
2012-07-17 00:00:00+09:00,349.0662536621094,349.0662536621094,349.0662536621094,349.0662536621094,1000,0.0,0.0
2012-07-18 00:00:00+09:00,349.0662536621094,349.0662536621094,349.0662536621094,349.0662536621094,1000,0.0,0.0
2012-07-19 00:00:00+09:00,349.0662536621094,349.0662536621094,349.0662536621094,349.0662536621094,1000,0.0,0.0
2012-07-20 00:00:00+09:00,349.0662536621094,349.0662536621094,349.0662536621094,349.0662536621094,1000,0.0,0.0
2012-07-23 00:00:00+09:00,349.0662536621094,349.0662536621094,349.0662536621094,349.0662536621094,1000,0.0,0.0
2012-07-24 00:00:00+09:00,349.0662536621094,349.0662536621094,349.0662536621094,349.0662536621094,1000,0.0,0.0
2012-07-25 00:00:00+09:00,352.79565029349374,352.79565029349374,346.8287048339844,346.8287048339844,2000,0.0,0.0
2012-07-26 00:00:00+09:00,358.0167236328125,358.0167236328125,358.0167236328125,358.0167236328125,1000,0.0,0.0
2012-07-27 00:00:00+09:00,358.0167236328125,358.0167236328125,358.0167236328125,358.0167236328125,1000,0.0,0.0
2012-07-30 00:00:00+09:00,358.0167236328125,358.0167236328125,358.0167236328125,358.0167236328125,1000,0.0,0.0
2012-07-31 00:00:00+09:00,358.0167236328125,358.0167236328125,358.0167236328125,358.0167236328125,1000,0.0,0.0
2012-08-01 00:00:00+09:00,358.0167236328125,358.0167236328125,358.0167236328125,358.0167236328125,1000,0.0,0.0
2012-08-02 00:00:00+09:00,358.0167236328125,358.0167236328125,358.0167236328125,358.0167236328125,1000,0.0,0.0
2012-08-03 00:00:00+09:00,358.0167236328125,358.0167236328125,358.0167236328125,358.0167236328125,1000,0.0,0.0
2012-08-06 00:00:00+09:00,358.0167236328125,358.0167236328125,358.0167236328125,358.0167236328125,1000,0.0,0.0
2012-08-07 00:00:00+09:00,358.0167236328125,358.0167236328125,358.0167236328125,358.0167236328125,1000,0.0,0.0
2012-08-08 00:00:00+09:00,369.9505404768319,369.9505404768319,346.082763671875,346.082763671875,7000,0.0,0.0
2012-08-09 00:00:00+09:00,352.0497741699219,352.0497741699219,352.0497741699219,352.0497741699219,7000,0.0,0.0
2012-08-10 00:00:00+09:00,352.0497741699219,352.0497741699219,352.0497741699219,352.0497741699219,7000,0.0,0.0
2012-08-13 00:00:00+09:00,352.0497741699219,352.0497741699219,352.0497741699219,352.0497741699219,7000,0.0,0.0
2012-08-14 00:00:00+09:00,352.0497741699219,352.0497741699219,352.0497741699219,352.0497741699219,7000,0.0,0.0
2012-08-15 00:00:00+09:00,352.0497741699219,352.0497741699219,352.0497741699219,352.0497741699219,7000,0.0,0.0
2012-08-16 00:00:00+09:00,358.0167236328125,358.0167236328125,358.0167236328125,358.0167236328125,1000,0.0,0.0
2012-08-17 00:00:00+09:00,358.0167236328125,358.0167236328125,358.0167236328125,358.0167236328125,1000,0.0,0.0
2012-08-20 00:00:00+09:00,358.0167236328125,358.0167236328125,358.0167236328125,358.0167236328125,1000,0.0,0.0
2012-08-21 00:00:00+09:00,358.0167236328125,358.0167236328125,358.0167236328125,358.0167236328125,1000,0.0,0.0
2012-08-22 00:00:00+09:00,358.0167236328125,358.0167236328125,358.0167236328125,358.0167236328125,1000,0.0,0.0
2012-08-23 00:00:00+09:00,358.0167236328125,358.0167236328125,358.0167236328125,358.0167236328125,1000,0.0,0.0
2012-08-24 00:00:00+09:00,358.0167236328125,358.0167236328125,358.0167236328125,358.0167236328125,1000,0.0,0.0
2012-08-27 00:00:00+09:00,374.42584228515625,374.42584228515625,374.42584228515625,374.42584228515625,1000,0.0,0.0
2012-08-28 00:00:00+09:00,374.42584228515625,374.42584228515625,374.42584228515625,374.42584228515625,1000,0.0,0.0
2012-08-29 00:00:00+09:00,374.42584228515625,374.42584228515625,374.42584228515625,374.42584228515625,1000,0.0,0.0
2012-08-30 00:00:00+09:00,372.9341125488281,372.9341125488281,372.9341125488281,372.9341125488281,10000,0.0,0.0
2012-08-31 00:00:00+09:00,372.1882019042969,372.1882019042969,372.1882019042969,372.1882019042969,1000,0.0,0.0
2012-09-03 00:00:00+09:00,372.1882019042969,372.1882019042969,372.1882019042969,372.1882019042969,1000,0.0,0.0
2012-09-04 00:00:00+09:00,372.18824743154096,372.18824743154096,365.4754333496094,365.4754333496094,2000,0.0,0.0
2012-09-05 00:00:00+09:00,365.4754333496094,365.4754333496094,365.4754333496094,365.4754333496094,2000,0.0,0.0
2012-09-06 00:00:00+09:00,365.4754333496094,365.4754333496094,365.4754333496094,365.4754333496094,2000,0.0,0.0
2012-09-07 00:00:00+09:00,365.4754333496094,365.4754333496094,365.4754333496094,365.4754333496094,6000,0.0,0.0
2012-09-10 00:00:00+09:00,365.4754333496094,365.4754333496094,365.4754333496094,365.4754333496094,6000,0.0,0.0
2012-09-11 00:00:00+09:00,369.2047424316406,369.2047424316406,369.2047424316406,369.2047424316406,3000,0.0,0.0
2012-09-12 00:00:00+09:00,369.2047424316406,369.2047424316406,369.2047424316406,369.2047424316406,1000,0.0,0.0
2012-09-13 00:00:00+09:00,369.20472391190066,369.9505920410156,369.20472391190066,369.9505920410156,9000,0.0,0.0
2012-09-14 00:00:00+09:00,372.9340700443857,372.9340700443857,372.1882019042969,372.1882019042969,13000,0.0,0.0
2012-09-18 00:00:00+09:00,372.1882443237305,372.9341125488281,372.1882443237305,372.9341125488281,25000,0.0,0.0
2012-09-19 00:00:00+09:00,372.93407847580403,384.1221008300781,372.93407847580403,384.1221008300781,2000,0.0,0.0
2012-09-20 00:00:00+09:00,378.9010237314169,384.1221008300781,378.9010237314169,384.1221008300781,2000,0.0,0.0
2012-09-21 00:00:00+09:00,384.1221008300781,384.1221008300781,384.1221008300781,384.1221008300781,1000,0.0,0.0
2012-09-24 00:00:00+09:00,387.1054749479608,387.1054749479608,385.6137390136719,385.6137390136719,2000,0.0,0.0
2012-09-25 00:00:00+09:00,384.8680114746094,384.8680114746094,384.8680114746094,384.8680114746094,3000,0.0,0.0
2012-09-26 00:00:00+09:00,387.8514946831597,402.76885986328125,387.8514946831597,402.76885986328125,3000,0.0,0.0
2012-09-27 00:00:00+09:00,402.76885986328125,402.76885986328125,402.76885986328125,402.76885986328125,1000,0.0,0.0
2012-09-28 00:00:00+09:00,402.76885986328125,402.76885986328125,402.76885986328125,402.76885986328125,1000,0.0,0.0
2012-10-01 00:00:00+09:00,402.76885986328125,402.76885986328125,402.76885986328125,402.76885986328125,1000,0.0,0.0
2012-10-02 00:00:00+09:00,409.4816589355469,409.4816589355469,409.4816589355469,409.4816589355469,1000,0.0,0.0
2012-10-03 00:00:00+09:00,409.4816589355469,409.4816589355469,409.4816589355469,409.4816589355469,1000,0.0,0.0
2012-10-04 00:00:00+09:00,402.0229678242623,402.0229678242623,401.277099609375,401.277099609375,2000,0.0,0.0
2012-10-05 00:00:00+09:00,401.277099609375,401.277099609375,401.277099609375,401.277099609375,2000,0.0,0.0
2012-10-09 00:00:00+09:00,401.277099609375,401.277099609375,401.277099609375,401.277099609375,2000,0.0,0.0
2012-10-10 00:00:00+09:00,401.2770636727876,401.2770636727876,399.0394592285156,399.0394592285156,1000,0.0,0.0
2012-10-11 00:00:00+09:00,399.7852783203125,399.7852783203125,399.7852783203125,399.7852783203125,1000,0.0,0.0
2012-10-12 00:00:00+09:00,399.7852783203125,399.7852783203125,399.7852783203125,399.7852783203125,1000,0.0,0.0
2012-10-15 00:00:00+09:00,399.7852783203125,399.7852783203125,399.7852783203125,399.7852783203125,1000,0.0,0.0
2012-10-16 00:00:00+09:00,399.7852783203125,399.7852783203125,399.7852783203125,399.7852783203125,1000,0.0,0.0
2012-10-17 00:00:00+09:00,399.7852783203125,399.7852783203125,399.7852783203125,399.7852783203125,1000,0.0,0.0
2012-10-18 00:00:00+09:00,399.7852783203125,399.7852783203125,399.7852783203125,399.7852783203125,1000,0.0,0.0
2012-10-19 00:00:00+09:00,399.78531608657687,399.78531608657687,373.679931640625,373.679931640625,6000,0.0,0.0
2012-10-22 00:00:00+09:00,373.67998077392576,381.88453125,372.9341125488281,372.9341125488281,5000,0.0,0.0
2012-10-23 00:00:00+09:00,372.9341125488281,372.9341125488281,372.9341125488281,372.9341125488281,1000,0.0,0.0
2012-10-24 00:00:00+09:00,372.9341125488281,372.9341125488281,372.9341125488281,372.9341125488281,1000,0.0,0.0
2012-10-25 00:00:00+09:00,372.9341125488281,372.9341125488281,372.9341125488281,372.9341125488281,2000,0.0,0.0
2012-10-26 00:00:00+09:00,380.3927307128906,380.3927307128906,380.3927307128906,380.3927307128906,2000,0.0,0.0
2012-10-29 00:00:00+09:00,376.6634521484375,376.6634521484375,376.6634521484375,376.6634521484375,1000,0.0,0.0
2012-10-30 00:00:00+09:00,373.67998077392576,373.67998077392576,372.9341125488281,372.9341125488281,2000,0.0,0.0
2012-10-31 00:00:00+09:00,379.6468811035156,379.6468811035156,379.6468811035156,379.6468811035156,1000,0.0,0.0
2012-11-01 00:00:00+09:00,380.3927307128906,380.3927307128906,380.3927307128906,380.3927307128906,1000,0.0,0.0
2012-11-02 00:00:00+09:00,373.679931640625,373.679931640625,373.679931640625,373.679931640625,1000,0.0,0.0
2012-11-05 00:00:00+09:00,373.679931640625,373.679931640625,373.679931640625,373.679931640625,1000,0.0,0.0
2012-11-06 00:00:00+09:00,373.679931640625,373.679931640625,373.679931640625,373.679931640625,1000,0.0,0.0
2012-11-07 00:00:00+09:00,373.679931640625,373.679931640625,373.679931640625,373.679931640625,1000,0.0,0.0
2012-11-08 00:00:00+09:00,373.679931640625,373.679931640625,373.679931640625,373.679931640625,1000,0.0,0.0
2012-11-09 00:00:00+09:00,373.679931640625,373.679931640625,373.679931640625,373.679931640625,1000,0.0,0.0
2012-11-12 00:00:00+09:00,373.679931640625,373.679931640625,373.679931640625,373.679931640625,1000,0.0,0.0
2012-11-13 00:00:00+09:00,373.679931640625,373.679931640625,373.679931640625,373.679931640625,1000,0.0,0.0
2012-11-14 00:00:00+09:00,373.679931640625,373.679931640625,373.679931640625,373.679931640625,1000,0.0,0.0
2012-11-15 00:00:00+09:00,373.679931640625,373.679931640625,373.679931640625,373.679931640625,1000,0.0,0.0
2012-11-16 00:00:00+09:00,373.679931640625,373.679931640625,373.679931640625,373.679931640625,1000,0.0,0.0
2012-11-19 00:00:00+09:00,373.679931640625,373.679931640625,373.679931640625,373.679931640625,1000,0.0,0.0
2012-11-20 00:00:00+09:00,373.679931640625,373.679931640625,373.679931640625,373.679931640625,1000,0.0,0.0
2012-11-21 00:00:00+09:00,373.679931640625,373.679931640625,373.679931640625,373.679931640625,1000,0.0,0.0
2012-11-22 00:00:00+09:00,371.4423337642081,372.1882019042969,371.4423337642081,372.1882019042969,10000,0.0,0.0
2012-11-26 00:00:00+09:00,368.4588623046875,368.4588623046875,368.4588623046875,368.4588623046875,1000,0.0,0.0
2012-11-27 00:00:00+09:00,372.1882019042969,372.1882019042969,372.1882019042969,372.1882019042969,2000,0.0,0.0
2012-11-28 00:00:00+09:00,372.1882019042969,372.1882019042969,372.1882019042969,372.1882019042969,2000,0.0,0.0
2012-11-29 00:00:00+09:00,372.9341125488281,372.9341125488281,372.9341125488281,372.9341125488281,3000,0.0,0.0
2012-11-30 00:00:00+09:00,372.9341125488281,372.9341125488281,372.9341125488281,372.9341125488281,3000,0.0,0.0
2012-12-03 00:00:00+09:00,372.9341125488281,372.9341125488281,372.9341125488281,372.9341125488281,3000,0.0,0.0
2012-12-04 00:00:00+09:00,372.9341125488281,372.9341125488281,372.9341125488281,372.9341125488281,3000,0.0,0.0
2012-12-05 00:00:00+09:00,372.9341125488281,372.9341125488281,372.9341125488281,372.9341125488281,3000,0.0,0.0
2012-12-06 00:00:00+09:00,372.9341125488281,372.9341125488281,372.9341125488281,372.9341125488281,3000,0.0,0.0
2012-12-07 00:00:00+09:00,372.9341125488281,372.9341125488281,372.9341125488281,372.9341125488281,1000,0.0,0.0
2012-12-10 00:00:00+09:00,374.42584228515625,374.42584228515625,374.42584228515625,374.42584228515625,2000,0.0,0.0
2012-12-11 00:00:00+09:00,379.6468811035156,379.6468811035156,379.6468811035156,379.6468811035156,2000,0.0,0.0
2012-12-12 00:00:00+09:00,379.6468811035156,379.6468811035156,379.6468811035156,379.6468811035156,2000,0.0,0.0
2012-12-13 00:00:00+09:00,379.6468811035156,379.6468811035156,379.6468811035156,379.6468811035156,2000,0.0,0.0
2012-12-14 00:00:00+09:00,373.6799740734328,374.42584228515625,373.6799740734328,374.42584228515625,2000,0.0,0.0
2012-12-17 00:00:00+09:00,374.42584228515625,374.42584228515625,374.42584228515625,374.42584228515625,2000,0.0,0.0
2012-12-18 00:00:00+09:00,377.4092712402344,377.4092712402344,377.4092712402344,377.4092712402344,1000,0.0,0.0
2012-12-19 00:00:00+09:00,377.4092712402344,377.4092712402344,377.4092712402344,377.4092712402344,1000,0.0,0.0
2012-12-20 00:00:00+09:00,377.4092712402344,377.4092712402344,377.4092712402344,377.4092712402344,2000,0.0,0.0
2012-12-21 00:00:00+09:00,377.4092712402344,377.4092712402344,377.4092712402344,377.4092712402344,1000,0.0,0.0
2012-12-25 00:00:00+09:00,378.1551208496094,378.1551208496094,378.1551208496094,378.1551208496094,1000,0.0,0.0
2012-12-26 00:00:00+09:00,393.0724550664993,393.8183231026786,391.5807189941406,391.5807189941406,5000,0.0,0.0
2012-12-27 00:00:00+09:00,391.5807189941406,391.5807189941406,391.5807189941406,391.5807189941406,1000,0.0,0.0
2012-12-28 00:00:00+09:00,387.85150146484375,387.85150146484375,387.85150146484375,387.85150146484375,1000,0.0,0.0
2013-01-04 00:00:00+09:00,391.5807189941406,391.5807189941406,391.5807189941406,391.5807189941406,1000,0.0,0.0
2013-01-07 00:00:00+09:00,399.0394592285156,399.0394592285156,399.0394592285156,399.0394592285156,2000,0.0,0.0
2013-01-08 00:00:00+09:00,406.4982011583116,406.4982011583116,402.76885986328125,402.76885986328125,2000,0.0,0.0
2013-01-09 00:00:00+09:00,402.76885986328125,402.76885986328125,402.76885986328125,402.76885986328125,2000,0.0,0.0
2013-01-10 00:00:00+09:00,402.76885986328125,402.76885986328125,402.76885986328125,402.76885986328125,2000,0.0,0.0
2013-01-11 00:00:00+09:00,416.19442749023443,416.19442749023443,416.19442749023443,416.1944274902344,1000,0.0,0.0
2013-01-15 00:00:00+09:00,416.1944817679269,417.68621826171875,416.1944817679269,417.68621826171875,2000,0.0,0.0
2013-01-16 00:00:00+09:00,417.68621826171875,417.68621826171875,417.68621826171875,417.68621826171875,2000,0.0,0.0
2013-01-17 00:00:00+09:00,417.68621826171875,417.68621826171875,417.68621826171875,417.68621826171875,2000,0.0,0.0
2013-01-18 00:00:00+09:00,417.68621826171875,417.68621826171875,417.68621826171875,417.68621826171875,3000,0.0,0.0
2013-01-21 00:00:00+09:00,418.4320865086147,418.4320865086147,417.68621826171875,417.68621826171875,4000,0.0,0.0
2013-01-22 00:00:00+09:00,417.68621826171875,417.68621826171875,417.68621826171875,417.68621826171875,4000,0.0,0.0
2013-01-23 00:00:00+09:00,417.68621826171875,417.68621826171875,417.68621826171875,417.68621826171875,1000,0.0,0.0
2013-01-24 00:00:00+09:00,417.68617732479424,430.3659362792969,417.68617732479424,430.3659362792969,2000,0.0,0.0
2013-01-25 00:00:00+09:00,432.60357666015625,432.60357666015625,432.60357666015625,432.60357666015625,1000,0.0,0.0
2013-01-28 00:00:00+09:00,446.7750549316406,446.7750549316406,446.7750549316406,446.7750549316406,1000,0.0,0.0
2013-01-29 00:00:00+09:00,446.7750549316406,446.7750549316406,446.7750549316406,446.7750549316406,1000,0.0,0.0
2013-01-30 00:00:00+09:00,440.0622253417969,440.0622253417969,440.0622253417969,440.0622253417969,1000,0.0,0.0
2013-01-31 00:00:00+09:00,443.79156494140625,443.79156494140625,443.79156494140625,443.79156494140625,2000,0.0,0.0
2013-02-01 00:00:00+09:00,437.8246208061606,440.8080935203423,432.6035435563427,440.0622253417969,8000,0.0,0.0
2013-02-04 00:00:00+09:00,446.0291442871094,446.0291442871094,446.0291442871094,446.0291442871094,1000,0.0,0.0
2013-02-05 00:00:00+09:00,447.5208740234375,447.5208740234375,447.5208740234375,447.5208740234375,1000,0.0,0.0
2013-02-06 00:00:00+09:00,447.5208740234375,447.5208740234375,447.5208740234375,447.5208740234375,1000,0.0,0.0
2013-02-07 00:00:00+09:00,447.5208740234375,447.5208740234375,447.5208740234375,447.5208740234375,1000,0.0,0.0
2013-02-08 00:00:00+09:00,454.9795227050781,454.9795227050781,454.9795227050781,454.9795227050781,1000,0.0,0.0
2013-02-12 00:00:00+09:00,447.5208740234375,447.5208740234375,447.5208740234375,447.5208740234375,1000,0.0,0.0
2013-02-13 00:00:00+09:00,447.5208740234375,447.5208740234375,447.5208740234375,447.5208740234375,1000,0.0,0.0
2013-02-14 00:00:00+09:00,431.1117248535156,431.1117248535156,431.1117248535156,431.1117248535156,1000,0.0,0.0
2013-02-15 00:00:00+09:00,417.68621826171875,417.68621826171875,417.68621826171875,417.68621826171875,3000,0.0,0.0
2013-02-18 00:00:00+09:00,406.49814070942244,406.49814070942244,399.0394592285156,399.0394592285156,3000,0.0,0.0
2013-02-19 00:00:00+09:00,503.46087646484375,503.46087646484375,503.46087646484375,503.46087646484375,3000,0.0,0.0
2013-02-20 00:00:00+09:00,518.378457596053,518.378457596053,496.0024090667269,499.73175048828125,42000,0.0,0.0
2013-02-21 00:00:00+09:00,517.6325279398168,561.6387514966599,517.6325279398168,560.8928833007812,77000,0.0,0.0
2013-02-22 00:00:00+09:00,563.1304450714713,647.4135447974,563.1304450714713,643.6842041015625,22000,0.0,0.0
2013-02-25 00:00:00+09:00,634.7338901297516,634.7338901297516,615.3413153431786,627.2752075195312,37000,0.0,0.0
2013-02-26 00:00:00+09:00,619.8164403578814,619.8164403578814,601.9156045352712,608.62841796875,7000,0.0,0.0
2013-02-27 00:00:00+09:00,611.6119551362825,611.6119551362825,601.1697998046875,601.1697998046875,6000,0.0,0.0
2013-02-28 00:00:00+09:00,600.4238209019046,630.258544921875,600.4238209019046,630.258544921875,6000,0.0,0.0
2013-03-01 00:00:00+09:00,633.9878818754516,645.9217714166366,633.9878818754516,645.1759033203125,7000,0.0,0.0
2013-03-04 00:00:00+09:00,656.3639341391174,671.2812962786428,652.6345936042361,657.1098022460938,20000,0.0,0.0
2013-03-05 00:00:00+09:00,648.9051671181955,670.5353393554688,645.1758270772864,670.5353393554688,10000,0.0,0.0
2013-03-06 00:00:00+09:00,656.3638720100308,664.5684204101562,653.3803998645308,664.5684204101562,12000,0.0,0.0
2013-03-07 00:00:00+09:00,671.2812831038136,671.2812831038136,657.8556574417373,660.09326171875,6000,0.0,0.0
2013-03-08 00:00:00+09:00,660.0932305153837,669.043647200338,660.0932305153837,663.8225708007812,7000,0.0,0.0
2013-03-11 00:00:00+09:00,675.0106218220801,675.0106218220801,656.3639195618016,667.5519409179688,11000,0.0,0.0
2013-03-12 00:00:00+09:00,671.2813720703125,677.9941857910156,671.2813720703125,671.2813720703125,18000,0.0,0.0
2013-03-13 00:00:00+09:00,671.2814642458545,671.2814642458545,657.8558349609375,657.8558349609375,4000,0.0,0.0
2013-03-14 00:00:00+09:00,657.855682842548,678.739990234375,657.855682842548,678.739990234375,7000,0.0,0.0
2013-03-15 00:00:00+09:00,682.4693009416027,760.7854502299833,682.4693009416027,756.3102416992188,40000,0.0,0.0
2013-03-18 00:00:00+09:00,801.0624737548828,801.0624737548828,745.8682250976562,745.8682250976562,47000,0.0,0.0
2013-03-19 00:00:00+09:00,768.2442687383972,768.2442687383972,753.326904296875,753.326904296875,8000,0.0,0.0
2013-03-21 00:00:00+09:00,783.1615044088925,783.1615044088925,760.7854614257812,760.7854614257812,12000,0.0,0.0
2013-03-22 00:00:00+09:00,748.8515995353044,768.2441708380115,747.35986328125,747.35986328125,11000,0.0,0.0
2013-03-25 00:00:00+09:00,725.7297046872004,742.138803868206,725.7297046872004,729.4590454101562,9000,0.0,0.0
2013-03-26 00:00:00+09:00,729.4590028667157,730.9507390688971,720.5085856536272,728.713134765625,8000,0.0,0.0
2013-03-27 00:00:00+09:00,765.4549560546875,765.4549560546875,765.4549560546875,765.4549560546875,6000,25.0,0.0
2013-03-28 00:00:00+09:00,765.4549153645834,765.4549153645834,746.3185424804688,746.3185424804688,8000,0.0,0.0
2013-03-29 00:00:00+09:00,729.4787537424188,729.4787537424188,698.0950927734375,698.0950927734375,11000,0.0,0.0
2013-04-01 00:00:00+09:00,699.6259121849423,699.6259121849423,642.9822387695312,642.9822387695312,11000,0.0,0.0
2013-04-02 00:00:00+09:00,631.5004213161378,646.0440673828125,612.3640449126185,646.0440673828125,9000,0.0,0.0
2013-04-03 00:00:00+09:00,669.0075833980039,689.6748657226562,669.0075833980039,689.6748657226562,12000,0.0,0.0
2013-04-04 00:00:00+09:00,655.9949377580123,673.6004028320312,654.4640277515758,673.6004028320312,6000,0.0,0.0
2013-04-05 00:00:00+09:00,685.0821393417393,685.0821393417393,671.3039510644752,675.1312255859375,6000,0.0,0.0
2013-04-08 00:00:00+09:00,679.7239729634832,681.2548828125,676.6621532654494,681.2548828125,7000,0.0,0.0
2013-04-09 00:00:00+09:00,681.2548828125,688.9094320575844,681.2548828125,681.2548828125,12000,0.0,0.0
2013-04-10 00:00:00+09:00,681.2548828125,681.2548828125,681.2548828125,681.2548828125,12000,0.0,0.0
2013-04-11 00:00:00+09:00,688.9094362420551,688.9094362420551,677.4276123046875,677.4276123046875,6000,0.0,0.0
2013-04-12 00:00:00+09:00,677.4276123046875,677.4276123046875,677.4276123046875,677.4276123046875,6000,0.0,0.0
2013-04-15 00:00:00+09:00,678.9585221630032,678.9585221630032,677.4276123046875,677.4276123046875,4000,0.0,0.0
2013-04-16 00:00:00+09:00,662.1185096997893,681.2548828125,662.1185096997893,681.2548828125,6000,0.0,0.0
2013-04-17 00:00:00+09:00,688.9094848632812,688.9094848632812,688.9094848632812,688.9094848632812,1000,0.0,0.0
2013-04-18 00:00:00+09:00,688.9094677420703,730.2440358065946,688.9094677420703,714.9349365234375,15000,0.0,0.0
2013-04-19 00:00:00+09:00,704.2186187415995,723.3549942508821,704.2186187415995,711.8731689453125,9000,0.0,0.0
2013-04-22 00:00:00+09:00,792.2459894816081,826.6914672851562,792.2459894816081,826.6914672851562,62000,0.0,0.0
2013-04-23 00:00:00+09:00,826.6914672851562,826.6914672851562,807.5550907276295,826.6914672851562,21000,0.0,0.0
2013-04-24 00:00:00+09:00,842.0005187988281,918.5460205078125,827.4568734741212,918.5460205078125,44000,0.0,0.0
2013-04-25 00:00:00+09:00,918.5460205078125,918.5460205078125,876.4459945678711,918.5460205078125,25000,0.0,0.0
2013-04-26 00:00:00+09:00,926.9659192101429,926.9659192101429,903.23681640625,903.23681640625,33000,0.0,0.0
2013-04-30 00:00:00+09:00,910.891470336914,926.200570678711,910.891470336914,918.5460205078125,29000,0.0,0.0
2013-05-01 00:00:00+09:00,918.5458673315696,926.2004162259993,887.9276717538506,913.1876831054688,22000,0.0,0.0
2013-05-02 00:00:00+09:00,903.2366836100941,918.5457799424686,903.2366836100941,914.718505859375,18000,0.0,0.0
2013-05-07 00:00:00+09:00,926.2004314485143,941.5095294889857,926.2004314485143,933.85498046875,8000,0.0,0.0
2013-05-08 00:00:00+09:00,926.2007289341518,937.6825561523439,923.9043634905134,937.6825561523438,8000,0.0,0.0
2013-05-09 00:00:00+09:00,956.8186729185043,959.1150377335086,937.6822994601341,949.1641235351562,9000,0.0,0.0
2013-05-10 00:00:00+09:00,788.4185897407182,864.9640838903025,785.3567699747348,834.3458862304688,77000,0.0,0.0
2013-05-13 00:00:00+09:00,849.6549850603857,849.6549850603857,803.7276885706351,834.3458862304688,25000,0.0,0.0
2013-05-14 00:00:00+09:00,782.2949479645373,795.3076819326363,766.9858491785386,780.7640380859375,10000,0.0,0.0
2013-05-15 00:00:00+09:00,781.5295818906842,782.2950369170218,757.8004760742188,757.8004760742188,17000,0.0,0.0
2013-05-16 00:00:00+09:00,753.9731317138671,765.4549560546875,731.7749379882813,765.4549560546875,8000,0.0,0.0
2013-05-17 00:00:00+09:00,765.4549560546875,765.4549560546875,765.4549560546875,765.4549560546875,8000,0.0,0.0
2013-05-20 00:00:00+09:00,780.7640380859375,780.7640380859375,780.7640380859375,780.7640380859375,2000,0.0,0.0
2013-05-21 00:00:00+09:00,780.7640380859375,780.7640380859375,780.7640380859375,780.7640380859375,1000,0.0,0.0
2013-05-22 00:00:00+09:00,780.7640380859375,780.7640380859375,780.7640380859375,780.7640380859375,1000,0.0,0.0
2013-05-23 00:00:00+09:00,765.4549456657247,765.4549456657247,719.5276489257812,719.5276489257812,9000,0.0,0.0
2013-05-24 00:00:00+09:00,697.3295211327729,754.7386474609375,697.3295211327729,754.7386474609375,2000,0.0,0.0
2013-05-27 00:00:00+09:00,742.4913330078125,742.4913330078125,742.4913330078125,742.4913330078125,2000,0.0,0.0
2013-05-28 00:00:00+09:00,753.9732055664062,754.7386605974381,753.9732055664062,753.9732055664062,10000,0.0,0.0
2013-05-29 00:00:00+09:00,719.5276364631054,731.0094604492188,719.5276364631054,731.0094604492188,3000,0.0,0.0
2013-05-30 00:00:00+09:00,727.1822509765625,727.1822509765625,727.1822509765625,727.1822509765625,1000,0.0,0.0
2013-05-31 00:00:00+09:00,738.6640759919819,738.6640759919819,727.1822509765625,727.1822509765625,5000,0.0,0.0
2013-06-03 00:00:00+09:00,727.1822509765625,727.1822509765625,727.1822509765625,727.1822509765625,3000,0.0,0.0
2013-06-04 00:00:00+09:00,695.0331247287326,695.0331247287326,688.9094848632812,688.9094848632812,3000,0.0,0.0
2013-06-05 00:00:00+09:00,688.9095870308255,711.8732399318529,688.9095870308255,704.2186889648438,4000,0.0,0.0
2013-06-06 00:00:00+09:00,704.2185845269097,704.2185845269097,685.082209947374,688.9094848632812,5000,0.0,0.0
2013-06-07 00:00:00+09:00,665.9458480342741,688.14404296875,665.9458480342741,688.14404296875,3000,0.0,0.0
2013-06-10 00:00:00+09:00,688.14404296875,688.14404296875,688.14404296875,688.14404296875,3000,0.0,0.0
2013-06-11 00:00:00+09:00,688.9094848632812,688.9094848632812,688.9094848632812,688.9094848632812,9000,0.0,0.0
2013-06-12 00:00:00+09:00,688.9094848632812,688.9094848632812,688.9094848632812,688.9094848632812,9000,0.0,0.0
2013-06-13 00:00:00+09:00,688.9094848632812,688.9094848632812,688.9094848632812,688.9094848632812,3000,0.0,0.0
2013-06-14 00:00:00+09:00,688.9094848632812,688.9094848632812,688.9094848632812,688.9094848632812,3000,0.0,0.0
2013-06-17 00:00:00+09:00,688.9094848632812,688.9094848632812,688.9094848632812,688.9094848632812,3000,0.0,0.0
2013-06-18 00:00:00+09:00,688.9094848632812,688.9094848632812,688.9094848632812,688.9094848632812,3000,0.0,0.0
2013-06-19 00:00:00+09:00,688.9094848632812,688.9094848632812,688.9094848632812,688.9094848632812,3000,0.0,0.0
2013-06-20 00:00:00+09:00,688.9094848632812,688.9094848632812,688.9094848632812,688.9094848632812,3000,0.0,0.0
2013-06-21 00:00:00+09:00,688.9094848632812,688.9094848632812,688.9094848632812,688.9094848632812,2000,0.0,0.0
2013-06-24 00:00:00+09:00,688.9094848632812,688.9094848632812,688.9094848632812,688.9094848632812,2000,0.0,0.0
2013-06-25 00:00:00+09:00,688.9094848632812,688.9094848632812,688.9094848632812,688.9094848632812,2000,0.0,0.0
2013-06-26 00:00:00+09:00,688.9094848632812,688.9094848632812,688.9094848632812,688.9094848632812,17000,0.0,0.0
2013-06-27 00:00:00+09:00,723.35498046875,723.35498046875,723.35498046875,723.35498046875,17000,0.0,0.0
2013-06-28 00:00:00+09:00,759.3313598632812,759.3313598632812,759.3313598632812,759.3313598632812,1000,0.0,0.0
2013-07-01 00:00:00+09:00,796.8386840820312,796.8386840820312,796.8386840820312,796.8386840820312,3000,0.0,0.0
2013-07-02 00:00:00+09:00,796.8386840820312,796.8386840820312,796.8386840820312,796.8386840820312,3000,0.0,0.0
2013-07-03 00:00:00+09:00,796.0730590820312,796.0730590820312,796.0730590820312,796.0730590820312,1000,0.0,0.0
2013-07-04 00:00:00+09:00,796.0730590820312,796.0730590820312,796.0730590820312,796.0730590820312,1000,0.0,0.0
2013-07-05 00:00:00+09:00,796.0732103924419,822.8641357421875,796.0732103924419,822.8641357421875,4000,0.0,0.0
2013-07-08 00:00:00+09:00,822.8641357421875,822.8641357421875,822.8641357421875,822.8641357421875,4000,0.0,0.0
2013-07-09 00:00:00+09:00,819.0369873046875,819.0369873046875,819.0369873046875,819.0369873046875,3000,0.0,0.0
2013-07-10 00:00:00+09:00,819.0369873046875,819.0369873046875,819.0369873046875,819.0369873046875,4000,0.0,0.0
2013-07-11 00:00:00+09:00,819.0369873046875,819.0369873046875,819.0369873046875,819.0369873046875,4000,0.0,0.0
2013-07-12 00:00:00+09:00,819.0369873046875,819.0369873046875,819.0369873046875,819.0369873046875,6000,0.0,0.0
2013-07-16 00:00:00+09:00,819.0369873046875,819.0369873046875,819.0369873046875,819.0369873046875,0,0.0,0.0
2013-07-17 00:00:00+09:00,819.0369873046875,819.0369873046875,819.0369873046875,819.0369873046875,7000,0.0,0.0
2013-07-18 00:00:00+09:00,819.0369873046875,819.0369873046875,819.0369873046875,819.0369873046875,0,0.0,0.0
2013-07-19 00:00:00+09:00,819.0369873046875,819.0369873046875,819.0369873046875,819.0369873046875,0,0.0,0.0
2013-07-22 00:00:00+09:00,819.0369873046875,819.0369873046875,819.0369873046875,819.0369873046875,3000,0.0,0.0
2013-07-23 00:00:00+09:00,819.0369873046875,819.0369873046875,819.0369873046875,819.0369873046875,0,0.0,0.0
2013-07-24 00:00:00+09:00,773.1094131469727,796.0730590820312,773.1094131469727,796.0730590820312,2000,0.0,0.0
2013-07-25 00:00:00+09:00,773.1095813422033,773.1095813422033,742.4913801009279,753.9732055664062,7000,0.0,0.0
2013-07-26 00:00:00+09:00,764.6895760008526,764.6895760008526,753.9732055664062,753.9732055664062,2000,0.0,0.0
2013-07-29 00:00:00+09:00,753.9732055664062,753.9732055664062,753.9732055664062,753.9732055664062,0,0.0,0.0
2013-07-30 00:00:00+09:00,721.8240625187184,721.8240625187184,698.8604125976562,698.8604125976562,4000,0.0,0.0
2013-07-31 00:00:00+09:00,698.8604125976562,698.8604125976562,698.8604125976562,698.8604125976562,0,0.0,0.0
2013-08-01 00:00:00+09:00,688.909471855789,700.3912963867188,688.909471855789,700.3912963867188,2000,0.0,0.0
2013-08-02 00:00:00+09:00,700.3912963867188,700.3912963867188,700.3912963867188,700.3912963867188,0,0.0,0.0
2013-08-05 00:00:00+09:00,723.35498046875,723.35498046875,723.35498046875,723.35498046875,1000,0.0,0.0
2013-08-06 00:00:00+09:00,723.35498046875,723.35498046875,723.35498046875,723.35498046875,0,0.0,0.0
2013-08-07 00:00:00+09:00,723.35498046875,723.35498046875,723.35498046875,723.35498046875,0,0.0,0.0
2013-08-08 00:00:00+09:00,723.35498046875,723.35498046875,723.35498046875,723.35498046875,0,0.0,0.0
2013-08-09 00:00:00+09:00,723.35498046875,723.35498046875,723.35498046875,723.35498046875,0,0.0,0.0
2013-08-12 00:00:00+09:00,723.35498046875,723.35498046875,723.35498046875,723.35498046875,0,0.0,0.0
2013-08-13 00:00:00+09:00,701.922323674741,704.2186889648438,700.3914134813392,704.2186889648438,4000,0.0,0.0
2013-08-14 00:00:00+09:00,704.2186889648438,704.2186889648438,704.2186889648438,704.2186889648438,0,0.0,0.0
2013-08-15 00:00:00+09:00,704.2186889648438,704.2186889648438,704.2186889648438,704.2186889648438,0,0.0,0.0
2013-08-16 00:00:00+09:00,704.2186889648438,704.2186889648438,704.2186889648438,704.2186889648438,0,0.0,0.0
2013-08-19 00:00:00+09:00,704.2186889648438,704.2186889648438,704.2186889648438,704.2186889648438,0,0.0,0.0
2013-08-20 00:00:00+09:00,704.2186889648438,704.2186889648438,704.2186889648438,704.2186889648438,0,0.0,0.0
2013-08-21 00:00:00+09:00,700.3912963867188,700.3912963867188,692.7367466994322,700.3912963867188,3000,0.0,0.0
2013-08-22 00:00:00+09:00,700.3912963867188,700.3912963867188,700.3912963867188,700.3912963867188,0,0.0,0.0
2013-08-23 00:00:00+09:00,700.3912963867188,700.3912963867188,700.3912963867188,700.3912963867188,0,0.0,0.0
2013-08-26 00:00:00+09:00,700.3912963867188,700.3912963867188,700.3912963867188,700.3912963867188,0,0.0,0.0
2013-08-27 00:00:00+09:00,700.3912963867188,700.3912963867188,700.3912963867188,700.3912963867188,0,0.0,0.0
2013-08-28 00:00:00+09:00,711.8731553819445,723.35498046875,711.8731553819445,723.35498046875,3000,0.0,0.0
2013-08-29 00:00:00+09:00,727.1822509765625,727.1822509765625,727.1822509765625,727.1822509765625,1000,0.0,0.0
2013-08-30 00:00:00+09:00,727.1822509765625,727.1822509765625,727.1822509765625,727.1822509765625,1000,0.0,0.0
2013-09-02 00:00:00+09:00,727.1822509765625,727.1822509765625,727.1822509765625,727.1822509765625,0,0.0,0.0
2013-09-03 00:00:00+09:00,727.1822509765625,727.1822509765625,727.1822509765625,727.1822509765625,0,0.0,0.0
2013-09-04 00:00:00+09:00,727.1822509765625,727.1822509765625,727.1822509765625,727.1822509765625,0,0.0,0.0
2013-09-05 00:00:00+09:00,727.1822509765625,727.1822509765625,727.1822509765625,727.1822509765625,0,0.0,0.0
2013-09-06 00:00:00+09:00,727.1822509765625,727.1822509765625,727.1822509765625,727.1822509765625,0,0.0,0.0
2013-09-09 00:00:00+09:00,727.1822509765625,727.1822509765625,727.1822509765625,727.1822509765625,1000,0.0,0.0
2013-09-10 00:00:00+09:00,727.1822509765625,727.1822509765625,727.1822509765625,727.1822509765625,0,0.0,0.0
2013-09-11 00:00:00+09:00,750.14599609375,750.14599609375,750.14599609375,750.14599609375,3000,0.0,0.0
2013-09-12 00:00:00+09:00,750.1458895596592,842.00048828125,750.1458895596592,842.00048828125,5000,0.0,0.0
2013-09-13 00:00:00+09:00,834.3459715716606,864.9641723632812,834.3459715716606,864.9641723632812,5000,0.0,0.0
2013-09-17 00:00:00+09:00,887.9276733398438,887.9276733398438,887.9276733398438,887.9276733398438,2000,0.0,0.0
2013-09-18 00:00:00+09:00,864.9642202308175,887.9278720953525,864.9642202308175,865.7296752929688,4000,0.0,0.0
2013-09-19 00:00:00+09:00,865.7296752929688,865.7296752929688,865.7296752929688,865.7296752929688,0,0.0,0.0
2013-09-20 00:00:00+09:00,887.9276733398438,903.2367711560479,887.9276733398438,887.9276733398438,5000,0.0,0.0
2013-09-24 00:00:00+09:00,866.495184485394,880.2733764648438,865.7297293754245,880.2733764648438,3000,0.0,0.0
2013-09-25 00:00:00+09:00,887.9278316867834,887.9278316867834,868.0260009765625,868.0260009765625,6000,0.0,0.0
2013-09-26 00:00:00+09:00,890.9896240234376,890.9896240234376,890.9896240234376,890.9896240234375,1000,0.0,0.0
2013-09-27 00:00:00+09:00,890.9896240234376,890.9896240234376,890.9896240234376,890.9896240234375,0,0.0,0.0
2013-09-30 00:00:00+09:00,890.9896240234376,890.9896240234376,890.9896240234376,890.9896240234375,0,0.0,0.0
2013-10-01 00:00:00+09:00,845.0622366573034,885.63134765625,822.0985889220506,885.63134765625,3000,0.0,0.0
2013-10-02 00:00:00+09:00,885.6314960430194,885.6314960430194,884.1005859375,884.1005859375,600,0.0,0.0
2013-10-03 00:00:00+09:00,842.0004542200363,883.3350219726562,842.0004542200363,883.3350219726562,1600,0.0,0.0
2013-10-04 00:00:00+09:00,883.3350219726562,883.3350219726562,883.3350219726562,883.3350219726562,0,0.0,0.0
2013-10-07 00:00:00+09:00,878.7423095703125,878.7423095703125,878.7423095703125,878.7423095703125,1000,0.0,0.0
2013-10-08 00:00:00+09:00,824.3949462555267,858.8404175475404,824.3949462555267,835.8767700195312,1400,0.0,0.0
2013-10-09 00:00:00+09:00,825.9258099724265,845.82763671875,825.9258099724265,845.82763671875,200,0.0,0.0
2013-10-10 00:00:00+09:00,845.82763671875,847.3585464684672,828.2221745970023,845.82763671875,1300,0.0,0.0
2013-10-11 00:00:00+09:00,845.8278710061659,853.4824218749999,830.5187692684977,853.482421875,3000,0.0,0.0
2013-10-15 00:00:00+09:00,876.4458618164062,876.4458618164062,876.4458618164062,876.4458618164062,100,0.0,0.0
2013-10-16 00:00:00+09:00,876.4458618164062,876.4458618164062,876.4458618164062,876.4458618164062,0,0.0,0.0
2013-10-17 00:00:00+09:00,871.8532548185535,876.4459848702754,842.0005094823607,855.0132446289062,2100,0.0,0.0
2013-10-18 00:00:00+09:00,849.6550465483145,855.7786865234375,849.6550465483145,855.7786865234375,2200,0.0,0.0
2013-10-21 00:00:00+09:00,857.3098585490087,868.7916870117188,842.0007539320621,868.7916870117188,1600,0.0,0.0
2013-10-22 00:00:00+09:00,882.5695493475097,886.3968240628068,877.2113647460938,877.2113647460938,8800,0.0,0.0
2013-10-23 00:00:00+09:00,868.7914129083807,868.7914129083807,833.5804833984375,842.00048828125,1700,0.0,0.0
2013-10-24 00:00:00+09:00,845.0623863027414,867.2605830443895,834.3460154619457,848.1242065429688,1700,0.0,0.0
2013-10-25 00:00:00+09:00,802.1967505344285,850.42041015625,802.1967505344285,850.42041015625,4300,0.0,0.0
2013-10-28 00:00:00+09:00,871.0877205639841,871.0877205639841,870.322265625,870.322265625,2100,0.0,0.0
2013-10-29 00:00:00+09:00,870.322265625,870.322265625,870.322265625,870.322265625,0,0.0,0.0
2013-10-30 00:00:00+09:00,861.9023397064892,861.9023397064892,818.2714042151305,855.0132446289062,3400,0.0,0.0
2013-10-31 00:00:00+09:00,855.0132446289062,855.0132446289062,855.0132446289062,855.0132446289062,0,0.0,0.0
2013-11-01 00:00:00+09:00,860.3714080255683,860.3714080255683,842.00048828125,842.00048828125,1200,0.0,0.0
2013-11-05 00:00:00+09:00,827.4567747464145,844.2967831131315,827.4567747464145,838.9385986328125,400,0.0,0.0
2013-11-06 00:00:00+09:00,834.3458767791292,834.3458767791292,819.8022330554563,820.5676879882812,400,0.0,0.0
2013-11-07 00:00:00+09:00,820.5677492541942,820.5677492541942,809.0859244045553,809.8513793945312,800,0.0,0.0
2013-11-08 00:00:00+09:00,792.2457847595215,809.8512466430664,788.4185104370117,796.0730590820312,1100,0.0,0.0
2013-11-11 00:00:00+09:00,803.7278847382447,819.0369873046875,803.7278847382447,819.0369873046875,1700,0.0,0.0
2013-11-12 00:00:00+09:00,819.0369873046875,819.0369873046875,819.0369873046875,819.0369873046875,0,0.0,0.0
2013-11-13 00:00:00+09:00,815.209456905242,830.5185546875,796.8385395665323,830.5185546875,1700,0.0,0.0
2013-11-14 00:00:00+09:00,831.2839689627706,849.6548854039369,805.2585040044519,822.0985107421875,4000,0.0,0.0
2013-11-15 00:00:00+09:00,830.5186771567351,830.5186771567351,819.8023071289062,819.8023071289062,300,0.0,0.0
2013-11-18 00:00:00+09:00,828.987786433127,864.9641723632812,828.987786433127,864.9641723632812,6100,0.0,0.0
2013-11-19 00:00:00+09:00,864.9641723632812,864.9641723632812,864.9641723632812,864.9641723632812,0,0.0,0.0
2013-11-20 00:00:00+09:00,842.00048828125,842.00048828125,842.00048828125,842.00048828125,500,0.0,0.0
2013-11-21 00:00:00+09:00,842.00048828125,842.00048828125,842.00048828125,842.00048828125,0,0.0,0.0
2013-11-22 00:00:00+09:00,858.0751342773438,858.0751342773438,858.0751342773438,858.0751342773438,100,0.0,0.0
2013-11-25 00:00:00+09:00,835.1114997897981,853.4824218749999,835.1114997897981,853.482421875,400,0.0,0.0
2013-11-26 00:00:00+09:00,858.0751523963004,858.0751523963004,853.4824218749999,853.482421875,700,0.0,0.0
2013-11-27 00:00:00+09:00,830.5185546875,851.9512915826614,830.5185546875,830.5185546875,3400,0.0,0.0
2013-11-28 00:00:00+09:00,815.9748848011199,832.8148918045201,815.9748848011199,821.3330688476562,1400,0.0,0.0
2013-11-29 00:00:00+09:00,822.0986721348696,833.5804971646862,788.4186520474075,819.8023071289062,4400,0.0,0.0
2013-12-02 00:00:00+09:00,826.6914107921511,826.6914107921511,822.8641357421875,822.8641357421875,400,0.0,0.0
2013-12-03 00:00:00+09:00,837.4077665980685,859.6059615078893,815.2095716882477,855.7786865234375,11800,0.0,0.0
2013-12-04 00:00:00+09:00,842.7660328629397,858.0751342773438,842.0005777922196,858.0751342773438,7500,0.0,0.0
2013-12-05 00:00:00+09:00,835.1112748815658,864.9640152302194,835.1112748815658,863.43310546875,2400,0.0,0.0
2013-12-06 00:00:00+09:00,864.9644108574821,868.7916870117188,864.9644108574821,868.7916870117188,2300,0.0,0.0
2013-12-09 00:00:00+09:00,876.4459756548255,876.4459756548255,846.5932306325213,862.6677856445312,16000,0.0,0.0
2013-12-10 00:00:00+09:00,839.7041356273743,862.6677856445312,839.7041356273743,862.6677856445312,1900,0.0,0.0
2013-12-11 00:00:00+09:00,867.2605722380191,867.2605722380191,845.0623757729683,866.4951171875,3100,0.0,0.0
2013-12-12 00:00:00+09:00,866.4951171875001,868.026027288538,866.4951171875001,866.4951171875,1600,0.0,0.0
2013-12-13 00:00:00+09:00,866.4950697582112,866.4950697582112,855.0132446289062,855.0132446289062,1800,0.0,0.0
2013-12-16 00:00:00+09:00,836.6422249371316,845.8276839483352,835.8767700195312,835.8767700195312,2300,0.0,0.0
2013-12-17 00:00:00+09:00,834.345639569541,852.716552734375,834.345639569541,852.716552734375,500,0.0,0.0
2013-12-18 00:00:00+09:00,836.6422772688023,848.8895567164701,826.6913627175724,832.8150024414062,3900,0.0,0.0
2013-12-19 00:00:00+09:00,834.3460898711302,840.4697308977073,805.258794994889,819.0369873046875,2600,0.0,0.0
2013-12-20 00:00:00+09:00,811.3824249238706,815.2097005131342,796.8387776846691,809.0860595703125,11300,0.0,0.0
2013-12-24 00:00:00+09:00,797.6040735762249,797.6040735762249,789.9495239257812,789.9495239257812,7000,0.0,0.0
2013-12-25 00:00:00+09:00,773.8750478872668,789.1841487356796,767.7514075479017,774.6405029296875,7100,0.0,0.0
2013-12-26 00:00:00+09:00,811.3823100949122,834.3459603806173,811.3823100949122,833.5805053710938,1700,0.0,0.0
2013-12-27 00:00:00+09:00,832.8151077835648,832.8151077835648,826.6914672851562,826.6914672851562,900,0.0,0.0
2013-12-30 00:00:00+09:00,826.69132291555,892.5204467773438,826.69132291555,892.5204467773438,1500,0.0,0.0
2014-01-06 00:00:00+09:00,892.5206035457246,894.8169687349503,892.5206035457246,894.051513671875,1200,0.0,0.0
2014-01-07 00:00:00+09:00,897.1133075420673,897.1133075420673,892.520577298678,895.5823974609375,1600,0.0,0.0
2014-01-08 00:00:00+09:00,896.3475504731928,896.3475504731928,888.6930026467778,891.7548217773438,1300,0.0,0.0
2014-01-09 00:00:00+09:00,895.5822194805581,903.2367683650074,894.8167645921133,902.4713134765625,1900,0.0,0.0
2014-01-10 00:00:00+09:00,913.9532102135618,1063.9823803993727,913.9532102135618,991.26416015625,13100,0.0,0.0
2014-01-14 00:00:00+09:00,986.6713859049479,1033.3641357421875,961.4113736979167,1033.3641357421875,5900,0.0,0.0
2014-01-15 00:00:00+09:00,1025.7096728866907,1071.636971672662,1021.1169430080935,1063.982421875,12600,0.0,0.0
2014-01-16 00:00:00+09:00,1059.3896004214118,1061.6859651622096,1036.4259530134332,1058.6241455078125,2300,0.0,0.0
2014-01-17 00:00:00+09:00,1013.4622942425907,1041.018670823205,1013.4622942425907,1023.4132080078125,1600,0.0,0.0
2014-01-20 00:00:00+09:00,1033.3643899035098,1033.3643899035098,1014.228012312704,1025.7098388671875,3300,0.0,0.0
2014-01-21 00:00:00+09:00,1002.7459255723519,1023.4132080078125,995.0913765221812,1023.4132080078125,3300,0.0,0.0
2014-01-22 00:00:00+09:00,1023.4132080078125,1023.4132080078125,1023.4132080078125,1023.4132080078125,0,0.0,0.0
2014-01-23 00:00:00+09:00,1025.7098995779352,1033.3644510673228,1008.1044311523436,1008.1044311523438,14600,0.0,0.0
2014-01-24 00:00:00+09:00,987.4368811974159,995.0914306640626,987.4368811974159,995.0914306640625,1400,0.0,0.0
2014-01-27 00:00:00+09:00,995.0917065237451,995.0917065237451,972.1280517578125,972.1280517578125,1900,0.0,0.0
2014-01-28 00:00:00+09:00,972.1280517578125,972.1280517578125,972.1280517578125,972.1280517578125,0,0.0,0.0
2014-01-29 00:00:00+09:00,972.1278565161806,1056.3279070805743,972.1278565161806,1054.7969970703125,5100,0.0,0.0
2014-01-30 00:00:00+09:00,1054.7969970703125,1054.7969970703125,1054.7969970703125,1054.7969970703125,0,0.0,0.0
2014-01-31 00:00:00+09:00,1033.3641633590375,1033.3641633590375,974.4241333007812,974.4241333007812,500,0.0,0.0
2014-02-03 00:00:00+09:00,1020.3516250621919,1020.3516250621919,1008.1043437411154,1009.63525390625,1600,0.0,0.0
2014-02-04 00:00:00+09:00,933.85498046875,998.9186471407531,919.3113373303023,933.85498046875,6800,0.0,0.0
2014-02-05 00:00:00+09:00,910.8916209151106,972.128032405202,910.8916209151106,941.5098266601562,1500,0.0,0.0
2014-02-06 00:00:00+09:00,942.2750244140625,979.7823162063364,942.2750244140625,942.2750244140625,700,0.0,0.0
2014-02-07 00:00:00+09:00,988.202392578125,988.202392578125,988.202392578125,988.202392578125,200,0.0,0.0
2014-02-10 00:00:00+09:00,995.0913193374193,1033.3640623888587,970.5967637844983,1008.8695068359375,4500,0.0,0.0
2014-02-12 00:00:00+09:00,1033.3641357421875,1033.3641357421875,1033.3641357421875,1033.3641357421875,1000,0.0,0.0
2014-02-13 00:00:00+09:00,1033.3641357421875,1033.3641357421875,1033.3641357421875,1033.3641357421875,0,0.0,0.0
2014-02-14 00:00:00+09:00,1033.3641357421875,1033.3641357421875,1033.3641357421875,1033.3641357421875,0,0.0,0.0
2014-02-17 00:00:00+09:00,1033.3641357421875,1033.3641357421875,1033.3641357421875,1033.3641357421875,0,0.0,0.0
2014-02-18 00:00:00+09:00,1018.0551147460938,1018.8205697195871,1018.0551147460938,1018.0551147460938,800,0.0,0.0
2014-02-19 00:00:00+09:00,1025.7098388671875,1025.7098388671875,1025.7098388671875,1025.7098388671875,400,0.0,0.0
2014-02-20 00:00:00+09:00,979.7823188893159,995.8568725585938,973.6586793962576,995.8568725585938,500,0.0,0.0
2014-02-21 00:00:00+09:00,995.8569378335968,1002.7460327148438,995.8569378335968,1002.7460327148438,1700,0.0,0.0
2014-02-24 00:00:00+09:00,1002.7459669882842,1002.7459669882842,995.8568725585938,995.8568725585938,600,0.0,0.0
2014-02-25 00:00:00+09:00,995.8568725585938,995.8568725585938,995.8568725585938,995.8568725585938,0,0.0,0.0
2014-02-26 00:00:00+09:00,1039.4879150390625,1039.4879150390625,1039.4879150390625,1039.4879150390625,700,0.0,0.0
2014-02-27 00:00:00+09:00,1006.5733492462202,1039.4879150390625,1006.5733492462202,1039.4879150390625,3600,0.0,0.0
2014-02-28 00:00:00+09:00,1039.4881307433848,1039.4881307433848,987.4371786884877,998.9190063476562,2600,0.0,0.0
2014-03-03 00:00:00+09:00,1021.8823461147703,1024.1787109375,1021.8823461147703,1024.1787109375,900,0.0,0.0
2014-03-04 00:00:00+09:00,1024.17871863732,1024.17871863732,995.0914306640626,995.0914306640625,600,0.0,0.0
2014-03-05 00:00:00+09:00,992.0296675300156,992.0296675300156,988.202392578125,988.202392578125,10700,0.0,0.0
2014-03-06 00:00:00+09:00,995.0916261284123,1217.8390593617721,995.0916261284123,1107.613525390625,33500,0.0,0.0
2014-03-07 00:00:00+09:00,1112.9713768510453,1140.5277520688153,1071.6368140243903,1098.427734375,14000,0.0,0.0
2014-03-10 00:00:00+09:00,1109.9096585918405,1109.9096585918405,1093.069649978723,1096.1314697265625,5400,0.0,0.0
2014-03-11 00:00:00+09:00,1073.9333451877942,1079.291530088945,1073.9333451877942,1077.7606201171875,1200,0.0,0.0
2014-03-12 00:00:00+09:00,1075.4642421489975,1077.7606070788531,1056.327867733535,1067.8096923828125,1700,0.0,0.0
2014-03-13 00:00:00+09:00,1064.747890181108,1064.747890181108,1052.5006103515625,1052.5006103515625,900,0.0,0.0
2014-03-14 00:00:00+09:00,1067.8096505972055,1067.8096505972055,972.8932372107873,995.0914306640625,5300,0.0,0.0
2014-03-17 00:00:00+09:00,972.1280357010202,979.782587163233,943.806195290833,966.00439453125,4100,0.0,0.0
2014-03-18 00:00:00+09:00,979.7822227626459,983.6094970703125,972.1276741473127,983.6094970703125,1400,0.0,0.0
2014-03-19 00:00:00+09:00,986.6714262507513,995.0914306640626,986.6714262507513,995.0914306640625,1800,0.0,0.0
2014-03-20 00:00:00+09:00,989.7334543906283,989.7334543906283,919.3115844726562,919.3115844726562,3000,0.0,0.0
2014-03-24 00:00:00+09:00,910.8916209151106,950.69528838367,864.9643122975419,941.5098266601562,14400,0.0,0.0
2014-03-25 00:00:00+09:00,918.546172351372,942.2752818037824,918.546172351372,941.5098266601562,3700,0.0,0.0
2014-03-26 00:00:00+09:00,948.3989229527915,948.3989229527915,941.5098266601562,941.5098266601562,800,0.0,0.0
2014-03-27 00:00:00+09:00,918.6612548828124,943.085353426009,918.6612548828124,918.6612548828125,1100,35.0,0.0
2014-03-28 00:00:00+09:00,919.448931378271,942.2972767167199,919.448931378271,939.9336547851562,400,0.0,0.0
2014-03-31 00:00:00+09:00,930.4793450399247,932.0550932957078,921.8127296331177,928.11572265625,1400,0.0,0.0
2014-04-01 00:00:00+09:00,910.7825345007606,922.6006469726562,910.7825345007606,922.6006469726562,2900,0.0,0.0
2014-04-02 00:00:00+09:00,928.1158540692021,944.6612130976005,927.3279798297546,936.782470703125,6400,0.0,0.0
2014-04-03 00:00:00+09:00,930.4793450399247,931.2672191678163,928.1157226562501,928.11572265625,1800,0.0,0.0
2014-04-04 00:00:00+09:00,928.1157299347184,928.1157299347184,909.9946248511034,924.9642333984375,3900,0.0,0.0
2014-04-07 00:00:00+09:00,924.9643631894364,924.9643631894364,919.4492434770633,921.8128662109375,900,0.0,0.0
2014-04-08 00:00:00+09:00,912.3582334086454,912.3582334086454,897.388625088469,904.4794921875,2500,0.0,0.0
2014-04-09 00:00:00+09:00,898.1765659249943,899.7523142862663,876.1160888671875,876.1160888671875,5300,0.0,0.0
2014-04-10 00:00:00+09:00,876.1161745901065,891.8736597446049,876.1161745901065,878.4797973632812,800,0.0,0.0
2014-04-11 00:00:00+09:00,869.0251824951172,869.0251824951172,859.5706927490235,866.6615600585938,900,0.0,0.0
2014-04-14 00:00:00+09:00,866.6615600585938,866.6615600585938,850.9040771484375,866.6615600585938,1700,0.0,0.0
2014-04-15 00:00:00+09:00,866.6614958598637,881.631103515625,866.6614958598637,881.631103515625,400,0.0,0.0
2014-04-16 00:00:00+09:00,858.7827549884105,881.631103515625,858.7827549884105,881.631103515625,1200,0.0,0.0
2014-04-17 00:00:00+09:00,881.6309948499733,883.2067428300447,874.5401289396518,875.3280029296875,9000,0.0,0.0
2014-04-18 00:00:00+09:00,863.5099679129464,882.4189453125,863.5099679129464,882.4189453125,300,0.0,0.0
2014-04-21 00:00:00+09:00,882.4190244932432,882.4190244932432,874.540283203125,874.540283203125,1500,0.0,0.0
2014-04-22 00:00:00+09:00,870.6008911132812,874.5402616613052,870.6008911132812,870.6008911132812,600,0.0,0.0
2014-04-23 00:00:00+09:00,870.6009307861328,870.6009307861328,866.6615600585938,866.6615600585938,1300,0.0,0.0
2014-04-24 00:00:00+09:00,858.7829639645781,869.0253295898438,858.7829639645781,869.0253295898438,1100,0.0,0.0
2014-04-25 00:00:00+09:00,854.8434053473516,866.6615169420154,854.8434053473516,858.7827758789062,700,0.0,0.0
2014-04-28 00:00:00+09:00,901.3278707781643,901.3278707781643,877.691650390625,877.691650390625,1200,0.0,0.0
2014-04-30 00:00:00+09:00,872.9647542097166,872.9647542097166,872.1768798828125,872.1768798828125,700,0.0,0.0
2014-05-01 00:00:00+09:00,860.3585240915281,860.3585240915281,850.116160709486,858.7827758789062,4800,0.0,0.0
2014-05-02 00:00:00+09:00,843.813189221667,859.5706717468148,841.4495668428948,849.3283081054688,4100,0.0,0.0
2014-05-07 00:00:00+09:00,846.9648019136957,846.9648019136957,839.0860595703125,839.0860595703125,2900,0.0,0.0
2014-05-08 00:00:00+09:00,835.1466809588205,835.1466809588205,815.4498252758294,817.0255737304688,5700,0.0,0.0
2014-05-09 00:00:00+09:00,799.6922318526082,835.9344413749925,798.9043577325564,812.2982177734375,7800,0.0,0.0
2014-05-12 00:00:00+09:00,812.2982177734375,812.2982177734375,812.2982177734375,812.2982177734375,0,0.0,0.0
2014-05-13 00:00:00+09:00,815.4497144349228,815.4497144349228,798.9043579101562,798.9043579101562,3500,0.0,0.0
2014-05-14 00:00:00+09:00,795.7528614292484,798.9043579101562,787.8741202269786,798.9043579101562,5100,0.0,0.0
2014-05-15 00:00:00+09:00,804.4194905794584,835.1465817964994,796.5407492417556,819.3890991210938,3800,0.0,0.0
2014-05-16 00:00:00+09:00,819.3892023652381,827.2679446956731,802.0559692382812,802.0559692382812,4900,0.0,0.0
2014-05-19 00:00:00+09:00,804.4194765729192,858.7827908564956,804.4194765729192,812.2982177734375,5000,0.0,0.0
2014-05-20 00:00:00+09:00,834.3587797475246,849.3283895824661,823.3285409217783,828.0557861328125,1800,0.0,0.0
2014-05-21 00:00:00+09:00,835.1466064453125,835.1466064453125,835.1466064453125,835.1466064453125,100,0.0,0.0
2014-05-22 00:00:00+09:00,831.207254173642,847.7526118396577,803.631658063616,827.2678833007812,2600,0.0,0.0
2014-05-23 00:00:00+09:00,827.2678833007812,828.8436316499256,827.2678833007812,827.2678833007812,2400,0.0,0.0
2014-05-26 00:00:00+09:00,828.0558127393446,842.237548828125,828.0558127393446,842.237548828125,14700,0.0,0.0
2014-05-27 00:00:00+09:00,842.237548828125,846.9647941910517,841.4496746009705,842.237548828125,2900,0.0,0.0
2014-05-28 00:00:00+09:00,845.389062817655,850.9041825191682,844.6011885745818,847.752685546875,1100,0.0,0.0
2014-05-29 00:00:00+09:00,866.661537299722,929.6914672851562,866.661537299722,929.6914672851562,2500,0.0,0.0
2014-05-30 00:00:00+09:00,929.6915213323875,929.6915213323875,872.1767068770789,880.8433227539062,3700,0.0,0.0
2014-06-02 00:00:00+09:00,894.2369786905449,898.1763486407235,874.5401289396518,875.3280029296875,5100,0.0,0.0
2014-06-03 00:00:00+09:00,887.9340451798349,887.9340451798349,844.6009728773585,876.90380859375,5500,0.0,0.0
2014-06-04 00:00:00+09:00,874.5402828781818,887.9341430664061,851.6919331453283,887.9341430664062,3600,0.0,0.0
2014-06-05 00:00:00+09:00,874.5404260746567,878.4797973632812,874.5404260746567,878.4797973632812,1100,0.0,0.0
2014-06-06 00:00:00+09:00,888.7220758640182,1024.2364349496663,851.691989369684,914.721923828125,15600,0.0,0.0
2014-06-09 00:00:00+09:00,917.8733016006693,917.8733016006693,909.2066867357703,913.1460571289062,2200,0.0,0.0
2014-06-10 00:00:00+09:00,928.9036356950006,937.5702514648438,928.9036356950006,937.5702514648438,900,0.0,0.0
2014-06-11 00:00:00+09:00,938.3581265110494,938.3581265110494,909.9946566920756,924.1763916015625,3700,0.0,0.0
2014-06-12 00:00:00+09:00,913.9340311599328,922.6006469726562,906.8431636767954,922.6006469726562,800,0.0,0.0
2014-06-13 00:00:00+09:00,909.9944071276435,913.9337768554688,895.8126761074724,913.9337768554688,7800,0.0,0.0
2014-06-16 00:00:00+09:00,913.9339342619243,913.9339342619243,898.1764526367188,898.1764526367188,9300,0.0,0.0
2014-06-17 00:00:00+09:00,898.1766771399456,906.055419921875,897.3888028617527,906.055419921875,4100,0.0,0.0
2014-06-18 00:00:00+09:00,906.0552152275519,906.0552152275519,895.8128519249796,902.1158447265625,2700,0.0,0.0
2014-06-19 00:00:00+09:00,902.903733172491,909.2067260742188,902.1158590597751,909.2067260742188,5800,0.0,0.0
2014-06-20 00:00:00+09:00,906.8430829366049,945.4489135742188,898.1764678955078,945.4489135742188,10000,0.0,0.0
2014-06-23 00:00:00+09:00,929.6914672851562,929.6914672851562,928.1157190355204,929.6914672851562,1000,0.0,0.0
2014-06-24 00:00:00+09:00,934.4188541249332,934.4188541249332,910.7826267861913,921.8128662109375,1300,0.0,0.0
2014-06-25 00:00:00+09:00,921.8128662109375,923.388614700187,921.0249919663128,921.8128662109375,700,0.0,0.0
2014-06-26 00:00:00+09:00,925.7523478293906,926.5402221679689,924.1765991522342,926.5402221679688,2900,0.0,0.0
2014-06-27 00:00:00+09:00,945.4492062938457,945.4492062938457,926.5402221679689,926.5402221679688,3200,0.0,0.0
2014-06-30 00:00:00+09:00,926.5399389949846,970.6608884709362,926.5399389949846,957.2670288085938,4600,0.0,0.0
2014-07-01 00:00:00+09:00,946.2368672346868,953.3277346827402,913.934026637999,937.5702514648438,4500,0.0,0.0
2014-07-02 00:00:00+09:00,937.5702751727143,960.4186264164191,937.5702751727143,953.3277587890625,8900,0.0,0.0
2014-07-03 00:00:00+09:00,953.327842154154,969.0853271484375,945.4490996570122,969.0853271484375,3300,0.0,0.0
2014-07-04 00:00:00+09:00,965.1460615616271,991.933788984562,949.3885748422535,987.20654296875,5900,0.0,0.0
2014-07-07 00:00:00+09:00,991.9334106445312,991.9334106445312,973.0244337934838,991.9334106445312,2500,0.0,0.0
2014-07-08 00:00:00+09:00,991.9337028808593,991.9337028808593,969.8732233886718,984.8428344726562,300,0.0,0.0
2014-07-09 00:00:00+09:00,984.8427583000049,991.933626159765,984.8427583000049,991.145751953125,2400,0.0,0.0
2014-07-10 00:00:00+09:00,991.9334895162223,991.9334895162223,984.0547485351562,984.0547485351562,1200,0.0,0.0
2014-07-11 00:00:00+09:00,984.8426226332627,984.8426226332627,976.9638816521967,984.0547485351562,1100,0.0,0.0
2014-07-14 00:00:00+09:00,965.9336477859363,982.47900390625,962.782151382067,982.47900390625,600,0.0,0.0
2014-07-15 00:00:00+09:00,961.2066484342796,978.5398830781764,955.6915283203125,955.6915283203125,4300,0.0,0.0
2014-07-16 00:00:00+09:00,961.2064664909639,980.9033203125,946.2368575865964,980.9033203125,5300,0.0,0.0
2014-07-17 00:00:00+09:00,980.1155395507812,980.1155395507812,980.1155395507812,980.1155395507812,200,0.0,0.0
2014-07-18 00:00:00+09:00,969.0853003596953,980.1155395507812,969.0853003596953,980.1155395507812,500,0.0,0.0
2014-07-22 00:00:00+09:00,980.1153996702101,980.1153996702101,961.2064208984375,961.2064208984375,1100,0.0,0.0
2014-07-23 00:00:00+09:00,969.0853271484375,969.8732013981518,969.0853271484375,969.0853271484375,600,0.0,0.0
2014-07-24 00:00:00+09:00,980.9033425881045,980.9033425881045,971.4488525390625,971.4488525390625,500,0.0,0.0
2014-07-25 00:00:00+09:00,970.661003236246,984.8427386731391,966.7216322815534,973.8125,1100,0.0,0.0
2014-07-28 00:00:00+09:00,979.3276923947218,979.3276923947218,969.0853271484375,969.0853271484375,2500,0.0,0.0
2014-07-29 00:00:00+09:00,969.0852474089592,976.9639892578125,962.7822539298766,976.9639892578125,4900,0.0,0.0
2014-07-30 00:00:00+09:00,969.0852474089592,976.9639892578125,969.0852474089592,976.9639892578125,1300,0.0,0.0
2014-07-31 00:00:00+09:00,966.721704399295,976.9640696455793,921.8128721655869,969.0853271484375,5600,0.0,0.0
2014-08-01 00:00:00+09:00,945.4489497815149,950.9640686552403,903.6916211661646,929.6914672851562,17400,0.0,0.0
2014-08-04 00:00:00+09:00,922.6003902566845,944.6608607325061,913.9337768554688,913.9337768554688,6600,0.0,0.0
2014-08-05 00:00:00+09:00,914.7220369819972,917.085659816576,906.055419921875,906.055419921875,4600,0.0,0.0
2014-08-06 00:00:00+09:00,903.6914665709735,903.6914665709735,870.6007589894732,875.3280029296875,11700,0.0,0.0
2014-08-07 00:00:00+09:00,869.0253825751962,886.3586177670859,869.0253825751962,872.1768798828125,5200,0.0,0.0
2014-08-08 00:00:00+09:00,869.8130566406251,873.7524273681641,852.4798254394532,866.6615600585938,8800,0.0,0.0
2014-08-11 00:00:00+09:00,882.4189453125,883.2068193708147,880.0553231375558,882.4189453125,21600,0.0,0.0
2014-08-12 00:00:00+09:00,894.2370561872209,894.2370561872209,880.8431971958705,882.4189453125,2000,0.0,0.0
2014-08-13 00:00:00+09:00,881.631125073416,885.5704956054689,880.055376860595,885.5704956054688,5100,0.0,0.0
2014-08-14 00:00:00+09:00,885.5704956054689,885.5704956054689,874.540258115721,885.5704956054688,7000,0.0,0.0
2014-08-15 00:00:00+09:00,885.5704415457589,889.5098118373326,882.4189453125,882.4189453125,4900,0.0,0.0
2014-08-18 00:00:00+09:00,883.9948120117189,883.9948120117189,880.8433153557055,883.9948120117188,3700,0.0,0.0
2014-08-19 00:00:00+09:00,883.9950597553001,894.2374267578125,882.4193109856828,894.2374267578125,900,0.0,0.0
2014-08-20 00:00:00+09:00,897.3886930559065,905.267434873781,895.0250705105442,901.3280639648438,2300,0.0,0.0
2014-08-21 00:00:00+09:00,907.6309634279476,907.6309634279476,902.1158447265625,902.1158447265625,1500,0.0,0.0
2014-08-22 00:00:00+09:00,907.6310673701298,921.8128027977881,907.6310673701298,909.9946899414062,1700,0.0,0.0
2014-08-25 00:00:00+09:00,912.358247253314,927.3278558006482,912.358247253314,924.9642333984375,1100,0.0,0.0
2014-08-26 00:00:00+09:00,947.8127726811507,948.6006469726562,947.8127726811507,948.6006469726562,1400,0.0,0.0
2014-08-27 00:00:00+09:00,945.4491291571101,945.4491291571101,898.1766726992546,944.6612548828125,1300,0.0,0.0
2014-08-28 00:00:00+09:00,945.4489782775981,945.4489782775981,940.7217333862101,943.8732299804688,2500,0.0,0.0
2014-08-29 00:00:00+09:00,941.5096075347748,943.8732299804688,929.6914953063048,943.8732299804688,1000,0.0,0.0
2014-09-01 00:00:00+09:00,950.9642372986093,950.9642372986093,939.1461233305239,949.3884887695312,700,0.0,0.0
2014-09-02 00:00:00+09:00,943.0852696374869,948.6003881733786,941.509521484375,941.509521484375,2700,0.0,0.0
2014-09-03 00:00:00+09:00,953.3277625279711,953.3277625279711,949.3883916084341,951.7520141601562,3700,0.0,0.0
2014-09-04 00:00:00+09:00,976.9641001290137,976.9641001290137,929.6916436711582,944.6612548828125,15600,0.0,0.0
2014-09-05 00:00:00+09:00,950.9640905195148,953.3277129483123,933.630859375,933.630859375,900,0.0,0.0
2014-09-08 00:00:00+09:00,933.6308270562157,935.9944494031935,933.6308270562157,934.418701171875,600,0.0,0.0
2014-09-09 00:00:00+09:00,935.9944458007812,950.9640539406927,935.9944458007812,935.9944458007812,600,0.0,0.0
2014-09-10 00:00:00+09:00,936.7824143745354,960.4186401367188,936.7824143745354,960.4186401367188,4500,0.0,0.0
2014-09-11 00:00:00+09:00,971.4487589551663,971.4487589551663,939.9337951610004,958.8427734375,3200,0.0,0.0
2014-09-12 00:00:00+09:00,950.1761581420899,956.4791508992513,945.4489135742188,945.4489135742188,4000,0.0,0.0
2014-09-16 00:00:00+09:00,947.0246655373908,957.2670288085938,944.6610432440361,957.2670288085938,10300,0.0,0.0
2014-09-17 00:00:00+09:00,961.2065005972365,961.2065005972365,953.3277587890625,953.3277587890625,300,0.0,0.0
2014-09-18 00:00:00+09:00,965.1457914758902,965.1457914758902,950.9640573970607,961.2064208984375,1300,0.0,0.0
2014-09-19 00:00:00+09:00,961.2064208984375,961.9942950139281,954.9034279745133,961.2064208984375,1900,0.0,0.0
2014-09-22 00:00:00+09:00,961.2064208984375,969.0851620533427,961.2064208984375,961.2064208984375,1100,0.0,0.0
2014-09-24 00:00:00+09:00,961.9942950139281,961.9942950139281,961.2064208984375,961.2064208984375,1000,0.0,0.0
2014-09-25 00:00:00+09:00,967.5094715374386,976.9639614873158,962.7822265625,962.7822265625,3500,0.0,0.0
2014-09-26 00:00:00+09:00,983.6078876538922,983.6078876538922,982.0059204101562,982.0059204101562,1900,20.0,0.0
2014-09-29 00:00:00+09:00,986.0106503145649,993.2195015353864,986.0106503145649,992.4185180664062,400,0.0,0.0
2014-09-30 00:00:00+09:00,975.5978967737268,976.3988802686149,961.1801938657408,973.1949462890625,2000,0.0,0.0
2014-10-01 00:00:00+09:00,973.1950127066867,973.1950127066867,962.7822265625,962.7822265625,1000,0.0,0.0
2014-10-02 00:00:00+09:00,961.9811758267678,961.9811758267678,945.1605224609375,945.1605224609375,7400,0.0,0.0
2014-10-03 00:00:00+09:00,945.1605061848959,961.18017578125,945.1605061848959,961.18017578125,1200,0.0,0.0
2014-10-06 00:00:00+09:00,966.7871285560317,972.3940133115348,965.1851614830308,965.9861450195312,1700,0.0,0.0
2014-10-07 00:00:00+09:00,966.7870711081279,968.3890380859375,965.1851041303182,968.3890380859375,2300,0.0,0.0
2014-10-08 00:00:00+09:00,986.8117330490848,986.8117330490848,962.7822265625,962.7822265625,600,0.0,0.0
2014-10-09 00:00:00+09:00,962.7822073843711,969.1900756531522,961.1802403171758,963.5831909179688,1600,0.0,0.0
2014-10-10 00:00:00+09:00,961.1802140938022,965.1851316525264,953.9713624880987,959.5782470703125,2400,0.0,0.0
2014-10-14 00:00:00+09:00,953.1703573970472,957.175274865102,945.1605224609375,945.1605224609375,2500,0.0,0.0
2014-10-15 00:00:00+09:00,946.7626342773439,946.7626342773439,946.7626342773439,946.7626342773438,100,0.0,0.0
2014-10-16 00:00:00+09:00,945.1606766111614,945.1606766111614,930.74297137472,938.7528076171875,3300,0.0,0.0
2014-10-17 00:00:00+09:00,929.1410136920449,953.1705226668392,929.1410136920449,930.7429809570312,1600,0.0,0.0
2014-10-20 00:00:00+09:00,940.354671800778,945.1605730195213,937.150737654949,937.9517211914062,1000,0.0,0.0
2014-10-21 00:00:00+09:00,849.0426347948033,881.0819795040411,849.0426347948033,857.8534545898438,6300,0.0,0.0
2014-10-22 00:00:00+09:00,853.8484847404055,858.6543861554547,847.4406161870066,849.8435668945312,10900,0.0,0.0
2014-10-23 00:00:00+09:00,873.8729718873104,873.8729718873104,845.8385502410631,851.4454345703125,14800,0.0,0.0
2014-10-24 00:00:00+09:00,851.4455340877242,893.0966796875,851.4455340877242,893.0966796875,2600,0.0,0.0
2014-10-27 00:00:00+09:00,893.0966448102679,897.1015625000001,893.0966448102679,897.1015625,3200,0.0,0.0
2014-10-28 00:00:00+09:00,892.2956629779069,912.3202514648438,892.2956629779069,912.3202514648438,2300,0.0,0.0
2014-10-29 00:00:00+09:00,907.5144653320312,907.5144653320312,907.5144653320312,907.5144653320312,100,0.0,0.0
2014-10-30 00:00:00+09:00,912.3203408337515,912.3203408337515,873.0721435546876,873.0721435546875,6300,0.0,0.0
2014-10-31 00:00:00+09:00,893.0966796875,893.8976632567264,892.2956961182736,893.0966796875,900,0.0,0.0
2014-11-04 00:00:00+09:00,895.4996815166455,895.4996815166455,857.0524679989362,870.669189453125,14300,0.0,0.0
2014-11-05 00:00:00+09:00,889.8925407686731,904.3102416992188,889.8925407686731,904.3102416992188,1400,0.0,0.0
2014-11-06 00:00:00+09:00,909.1161420094005,914.7230257046127,904.3102416992188,904.3102416992188,1400,0.0,0.0
2014-11-07 00:00:00+09:00,904.310322274407,904.310322274407,889.0916366028271,890.693603515625,1600,0.0,0.0
2014-11-10 00:00:00+09:00,891.4947798879524,897.9026489257814,889.0918289987665,897.9026489257812,3800,0.0,0.0
2014-11-11 00:00:00+09:00,898.7035068245822,898.7035068245822,892.2956386832304,895.4995727539062,1900,0.0,0.0
2014-11-12 00:00:00+09:00,889.0916366028271,909.1162230128007,889.0916366028271,890.693603515625,5700,0.0,0.0
2014-11-13 00:00:00+09:00,890.6935919522173,896.3004760742188,889.8926085062171,896.3004760742188,1100,0.0,0.0
2014-11-14 00:00:00+09:00,896.3005789620536,897.1015625000001,894.6986118861607,897.1015625,2200,0.0,0.0
2014-11-17 00:00:00+09:00,913.1211554367771,913.1211554367771,897.9024695128309,900.305419921875,2200,0.0,0.0
2014-11-18 00:00:00+09:00,912.3202425889951,913.1212261206799,891.4946707651901,892.295654296875,6400,0.0,0.0
2014-11-19 00:00:00+09:00,892.2956577939655,901.1064766770297,892.2956577939655,894.6986083984375,7200,0.0,0.0
2014-11-20 00:00:00+09:00,900.3055645415881,903.5094989349745,897.1016301482016,901.9075317382812,1800,0.0,0.0
2014-11-21 00:00:00+09:00,901.907440895258,901.907440895258,895.4995727539062,895.4995727539062,2900,0.0,0.0
2014-11-25 00:00:00+09:00,893.096634309427,896.3005684235416,889.0917166667838,889.8927001953125,21300,0.0,0.0
2014-11-26 00:00:00+09:00,909.9172903415375,909.9172903415375,895.4995867973935,905.1113891601562,2000,0.0,0.0
2014-11-27 00:00:00+09:00,905.1113891601562,905.1113891601562,904.310405629926,905.1113891601562,1500,0.0,0.0
2014-11-28 00:00:00+09:00,897.1015277777777,901.1064453125,897.1015277777777,901.1064453125,11100,0.0,0.0
2014-12-01 00:00:00+09:00,901.9074911904502,916.3251953125,901.9074911904502,916.3251953125,2800,0.0,0.0
2014-12-02 00:00:00+09:00,916.3252628226902,925.1360826575237,916.3252628226902,921.1311645507812,5200,0.0,0.0
2014-12-03 00:00:00+09:00,907.5144429878567,921.1311645507812,907.5144429878567,921.1311645507812,2300,0.0,0.0
2014-12-04 00:00:00+09:00,921.1310176526086,945.1605224609375,921.1310176526086,945.1605224609375,4500,0.0,0.0
2014-12-05 00:00:00+09:00,942.7576678336935,942.7576678336935,920.3301277322972,941.1557006835938,1900,0.0,0.0
2014-12-08 00:00:00+09:00,941.1555674636344,941.1555674636344,932.3447493852514,933.9467163085938,3100,0.0,0.0
2014-12-09 00:00:00+09:00,933.9470244082148,937.150959311845,931.5440732304921,936.3499755859375,3200,0.0,0.0
2014-12-10 00:00:00+09:00,935.5488731202005,945.1606766111614,935.5488731202005,938.7528076171875,2000,0.0,0.0
2014-12-11 00:00:00+09:00,962.7822572099402,962.7822572099402,930.7429142079455,941.1557006835938,5700,0.0,0.0
2014-12-12 00:00:00+09:00,941.1557006835938,941.1557006835938,932.3448813580452,941.1557006835938,3200,0.0,0.0
2014-12-15 00:00:00+09:00,941.1557584899277,945.1606766111614,938.7528076171874,938.7528076171875,1400,0.0,0.0
2014-12-16 00:00:00+09:00,938.7527100031034,939.5536935440617,927.5389404296875,927.5389404296875,3400,0.0,0.0
2014-12-17 00:00:00+09:00,949.1654833228187,949.1654833228187,905.1113891601562,905.1113891601562,5500,0.0,0.0
2014-12-18 00:00:00+09:00,914.7231577816173,941.1556133042035,914.7231577816173,937.1506958007812,900,0.0,0.0
2014-12-19 00:00:00+09:00,921.1311805299423,935.548885964324,912.3203605422646,933.1459350585938,4900,0.0,0.0
2014-12-22 00:00:00+09:00,913.1212835661404,929.1409552076516,913.1212835661404,917.9271850585938,2700,0.0,0.0
2014-12-24 00:00:00+09:00,920.3299974601837,933.9467163085938,919.5290139985126,933.9467163085938,3500,0.0,0.0
2014-12-25 00:00:00+09:00,932.3448433434446,949.1654977336614,929.9418927162708,942.7576293945312,2200,0.0,0.0
2014-12-26 00:00:00+09:00,965.1850820648681,969.1899994178343,942.757544888257,953.9713134765625,3100,0.0,0.0
2014-12-29 00:00:00+09:00,957.1753485471207,967.588134765625,953.9714143260426,967.588134765625,2600,0.0,0.0
2014-12-30 00:00:00+09:00,966.7872089053585,969.1901597145682,954.7724548593101,965.1852416992188,3700,0.0,0.0
2015-01-05 00:00:00+09:00,961.1802455357143,964.3841796875,945.1605747767858,953.17041015625,2200,0.0,0.0
2015-01-06 00:00:00+09:00,945.1605224609375,945.1605224609375,929.1408525887182,945.1605224609375,3800,0.0,0.0
2015-01-07 00:00:00+09:00,941.1557006835938,961.1802900598404,938.7527499584442,941.1557006835938,6100,0.0,0.0
2015-01-08 00:00:00+09:00,938.7528300764614,952.3695520144305,937.9518464330514,940.3547973632812,5100,0.0,0.0
2015-01-09 00:00:00+09:00,955.5733660727916,965.1851685814869,942.7576293945312,942.7576293945312,4800,0.0,0.0
2015-01-13 00:00:00+09:00,943.5585755500606,973.1949654442475,943.5585755500606,972.3939819335938,3500,0.0,0.0
2015-01-14 00:00:00+09:00,972.3939555304617,972.3939555304617,944.3595334187927,968.3890380859375,2000,0.0,0.0
2015-01-15 00:00:00+09:00,961.1802455357143,963.5831961495536,945.9615583147322,953.17041015625,1700,0.0,0.0
2015-01-16 00:00:00+09:00,961.1802140938022,961.1802140938022,959.5782470703125,959.5782470703125,300,0.0,0.0
2015-01-19 00:00:00+09:00,957.1753208057302,957.1753208057302,945.9615513569601,948.364501953125,3100,0.0,0.0
2015-01-20 00:00:00+09:00,945.1606670450641,957.1754212871623,945.1606670450641,946.7626342773438,1800,0.0,0.0
2015-01-21 00:00:00+09:00,944.3595772761036,944.3595772761036,943.55859375,943.55859375,12300,0.0,0.0
2015-01-22 00:00:00+09:00,944.3595581054688,944.3595581054688,943.5585745956253,944.3595581054688,4100,0.0,0.0
2015-01-23 00:00:00+09:00,957.1752785225592,957.1752785225592,947.5634765625,947.5634765625,1100,0.0,0.0
2015-01-26 00:00:00+09:00,948.3644756546862,948.3644756546862,943.5585745956253,944.3595581054688,8900,0.0,0.0
2015-01-27 00:00:00+09:00,953.1705032064629,953.1705032064629,945.1606670450641,946.7626342773438,1300,0.0,0.0
2015-01-28 00:00:00+09:00,944.3595497381598,952.369384765625,944.3595497381598,952.369384765625,14800,0.0,0.0
2015-01-29 00:00:00+09:00,953.1703960632428,953.1703960632428,943.55859375,943.55859375,11000,0.0,0.0
2015-01-30 00:00:00+09:00,951.5684204101562,951.5684204101562,951.5684204101562,951.5684204101562,200,0.0,0.0
2015-02-02 00:00:00+09:00,947.5635113805179,947.5635113805179,943.55859375,943.55859375,9900,0.0,0.0
2015-02-03 00:00:00+09:00,944.359589483064,956.3743425299224,937.150737654949,937.9517211914062,9200,0.0,0.0
2015-02-04 00:00:00+09:00,933.1457902641001,950.7674275051389,928.3398891983624,931.5438232421875,10200,0.0,0.0
2015-02-05 00:00:00+09:00,929.1410104851974,929.1410104851974,925.1360923365544,928.3400268554688,6100,0.0,0.0
2015-02-06 00:00:00+09:00,929.9418910525624,935.5487758392703,925.1359898068127,927.5389404296875,4200,0.0,0.0
2015-02-09 00:00:00+09:00,929.140838204998,935.5487060546876,927.5388712425755,935.5487060546875,2100,0.0,0.0
2015-02-10 00:00:00+09:00,930.7429142079455,949.1655364340925,930.7429142079455,941.1557006835938,2400,0.0,0.0
2015-02-12 00:00:00+09:00,935.5486832319361,937.1506501552784,933.1457328469226,933.9467163085938,14500,0.0,0.0
2015-02-13 00:00:00+09:00,931.5439260685977,945.1606472579065,929.1409752704843,932.3449096679688,4000,0.0,0.0
2015-02-16 00:00:00+09:00,931.5439645895244,937.9518336494696,926.7380627945655,930.7429809570312,20000,0.0,0.0
2015-02-17 00:00:00+09:00,913.1211942784927,913.1211942784927,841.0326789407169,898.7034912109375,46400,0.0,0.0
2015-02-18 00:00:00+09:00,898.7036000844595,898.7036000844595,886.6888460726352,889.091796875,10900,0.0,0.0
2015-02-19 00:00:00+09:00,887.4897947029148,897.1015975336323,861.0573369184417,893.0966796875,20500,0.0,0.0
2015-02-20 00:00:00+09:00,888.2905739986126,904.3102416992188,885.8876238435216,904.3102416992188,12600,0.0,0.0
2015-02-23 00:00:00+09:00,900.3057115522768,914.7234186767794,900.3057115522768,905.91259765625,7100,0.0,0.0
2015-02-24 00:00:00+09:00,905.111514408822,913.1213508195195,893.0967597927756,907.5144653320312,11400,0.0,0.0
2015-02-25 00:00:00+09:00,904.3104021128237,912.3202373839736,897.1015503687888,902.7084350585938,8300,0.0,0.0
2015-02-26 00:00:00+09:00,908.3154456235721,924.3351183858927,908.3154456235721,920.3302001953125,6000,0.0,0.0
2015-02-27 00:00:00+09:00,920.3299444901315,920.3299444901315,905.1112595942982,913.12109375,6700,0.0,0.0
2015-03-02 00:00:00+09:00,913.1212935014204,926.7380145448627,905.9124411843039,925.1360473632812,11100,0.0,0.0
2015-03-03 00:00:00+09:00,925.9368283991228,926.7378118146929,912.3201103344297,913.12109375,13200,0.0,0.0
2015-03-04 00:00:00+09:00,913.1210055582325,917.9269055874863,905.9121555143516,909.1160888671875,5600,0.0,0.0
2015-03-05 00:00:00+09:00,917.9272300653872,925.9370662788723,917.9272300653872,921.1311645507812,5800,0.0,0.0
2015-03-06 00:00:00+09:00,920.3300868596185,920.3300868596185,908.3153337674564,912.3202514648438,12100,0.0,0.0
2015-03-09 00:00:00+09:00,912.3202549388238,914.7232055664064,909.1163207687138,914.7232055664062,6400,0.0,0.0
2015-03-10 00:00:00+09:00,918.728133664765,933.1458375932443,918.728133664765,921.9320678710938,5400,0.0,0.0
2015-03-11 00:00:00+09:00,921.1311741879113,928.3400268554689,920.3301905581826,928.3400268554688,3600,0.0,0.0
2015-03-12 00:00:00+09:00,929.1409653172349,929.1409653172349,921.1311294093276,925.1360473632812,3100,0.0,0.0
2015-03-13 00:00:00+09:00,937.1506875248278,998.0254330392611,925.1359351206634,945.1605224609375,9000,0.0,0.0
2015-03-16 00:00:00+09:00,945.1605747767858,956.3743443080358,938.7527064732144,953.17041015625,5900,0.0,0.0
2015-03-17 00:00:00+09:00,953.9714389206775,957.1753732243575,953.9714389206775,956.3743896484375,11800,0.0,0.0
2015-03-18 00:00:00+09:00,957.1753641933302,964.3842163085938,956.3743806249676,964.3842163085938,2200,0.0,0.0
2015-03-19 00:00:00+09:00,961.1801640495547,966.7870483398438,957.9762301693895,966.7870483398438,3800,0.0,0.0
2015-03-20 00:00:00+09:00,965.986068549038,973.1949198068667,965.986068549038,969.1900024414062,5300,0.0,0.0
2015-03-23 00:00:00+09:00,973.1949198068667,993.2195066341684,965.986068549038,969.1900024414062,16300,0.0,0.0
2015-03-24 00:00:00+09:00,973.1949198068667,989.2145892687081,961.1801677104855,969.1900024414062,5200,0.0,0.0
2015-03-25 00:00:00+09:00,969.1900288146219,978.0008472583912,965.9860948350694,973.1949462890625,7500,0.0,0.0
2015-03-26 00:00:00+09:00,973.1949881503456,977.1999057970548,973.1949881503456,973.9959716796875,5300,0.0,0.0
2015-03-27 00:00:00+09:00,981.3561426450128,981.3561426450128,940.4663033681372,955.1866455078125,4400,25.0,0.0
2015-03-30 00:00:00+09:00,955.1865831400108,955.1865831400108,933.1060713722195,936.3772583007812,8700,0.0,0.0
2015-03-31 00:00:00+09:00,934.741842811986,942.9198116904811,929.0172645970395,932.2884521484375,1500,0.0,0.0
2015-04-01 00:00:00+09:00,933.1062753547094,933.924072265625,927.3816969783002,933.924072265625,10400,0.0,0.0
2015-04-02 00:00:00+09:00,932.2884389661298,932.2884389661298,931.4706420898438,931.4706420898438,2900,0.0,0.0
2015-04-03 00:00:00+09:00,932.2884389661298,932.2884389661298,931.4706420898438,931.4706420898438,800,0.0,0.0
2015-04-06 00:00:00+09:00,931.4706815328782,933.924072265625,931.4706815328782,933.924072265625,1700,0.0,0.0
2015-04-07 00:00:00+09:00,940.4662531072444,948.6442205255682,938.8306596235795,944.5552368164062,2200,0.0,0.0
2015-04-08 00:00:00+09:00,942.9198608398438,943.7376577703207,933.924094604598,942.9198608398438,3100,0.0,0.0
2015-04-09 00:00:00+09:00,942.9197095147495,949.4620839086072,942.1019127155172,948.644287109375,7400,0.0,0.0
2015-04-10 00:00:00+09:00,947.8264717088829,947.8264717088829,932.2883328284094,943.7374877929688,3800,0.0,0.0
2015-04-13 00:00:00+09:00,933.106249036287,936.377436587685,928.1994677091899,932.2884521484375,9000,0.0,0.0
2015-04-14 00:00:00+09:00,929.0170877115174,942.1018354257642,929.0170877115174,936.3772583007812,3400,0.0,0.0
2015-04-15 00:00:00+09:00,939.648624139083,939.648624139083,932.2884521484375,932.2884521484375,400,0.0,0.0
2015-04-16 00:00:00+09:00,933.1061401367188,939.6485144759771,933.1061401367188,933.1061401367188,1700,0.0,0.0
2015-04-17 00:00:00+09:00,934.7416648365004,937.1950550329216,934.7416648365004,936.3772583007812,800,0.0,0.0
2015-04-20 00:00:00+09:00,936.3773273063479,938.0129208911625,933.1061401367188,933.1061401367188,2100,0.0,0.0
2015-04-21 00:00:00+09:00,934.7416571475196,940.4662342254135,934.7416571475196,939.6484375,1600,0.0,0.0
2015-04-22 00:00:00+09:00,944.5552256221854,944.5552256221854,936.3772583007812,936.3772583007812,500,0.0,0.0
2015-04-23 00:00:00+09:00,1181.716395822131,1181.716395822131,981.3561764612854,1009.9790649414062,272100,0.0,0.0
2015-04-24 00:00:00+09:00,1009.9791209116166,1009.9791209116166,965.0002936645405,975.6316528320312,42200,0.0,0.0
2015-04-27 00:00:00+09:00,988.716183950286,988.716183950286,969.0890636733571,969.9068603515625,9100,0.0,0.0
2015-04-28 00:00:00+09:00,971.5424537079733,976.4492337772054,969.9068603515626,969.9068603515625,2500,0.0,0.0
2015-04-30 00:00:00+09:00,985.4449972374645,985.4449972374645,969.9068603515626,969.9068603515625,7400,0.0,0.0
2015-05-01 00:00:00+09:00,965.0001395988957,965.0001395988957,947.0086115724755,951.0975952148438,6700,0.0,0.0
2015-05-07 00:00:00+09:00,952.7332844105802,952.7332844105802,949.4620971679686,949.4620971679688,2500,0.0,0.0
2015-05-08 00:00:00+09:00,951.097743690065,963.3646965321552,949.4621499777863,952.7333374023438,2800,0.0,0.0
2015-05-11 00:00:00+09:00,932.288244228853,932.288244228853,908.5721397703998,923.29248046875,31800,0.0,0.0
2015-05-12 00:00:00+09:00,923.2924494850454,923.2924494850454,906.1187192466167,910.2077026367188,9400,0.0,0.0
2015-05-13 00:00:00+09:00,908.5723792106047,912.6613638155129,906.1189884476597,911.8435668945312,4400,0.0,0.0
2015-05-14 00:00:00+09:00,904.4832256627759,905.3010224310062,892.2162741393205,893.8518676757812,13400,0.0,0.0
2015-05-15 00:00:00+09:00,899.5764347786929,904.4832153320312,896.305247743134,904.4832153320312,2700,0.0,0.0
2015-05-18 00:00:00+09:00,903.6654233932495,903.6654233932495,883.2205043119543,889.7628784179688,10400,0.0,0.0
2015-05-19 00:00:00+09:00,883.220512136762,893.851870153223,883.220512136762,886.49169921875,2900,0.0,0.0
2015-05-20 00:00:00+09:00,888.1273273460966,889.7629209507855,883.2205465320299,884.8561401367188,8000,0.0,0.0
2015-05-21 00:00:00+09:00,891.3984298008669,895.4874134238066,891.3984298008669,894.6696166992188,4000,0.0,0.0
2015-05-22 00:00:00+09:00,897.1230547487027,897.9408515169331,891.3984773710902,893.8518676757812,3200,0.0,0.0
2015-05-25 00:00:00+09:00,892.2162741393205,895.487461212242,888.1272902981688,893.8518676757812,6500,0.0,0.0
2015-05-26 00:00:00+09:00,903.6654583283433,907.7544423026798,902.8476615334761,906.9366455078125,2800,0.0,0.0
2015-05-27 00:00:00+09:00,907.7543657895382,919.2035199526495,907.7543657895382,913.4789428710938,3000,0.0,0.0
2015-05-28 00:00:00+09:00,916.7503484204211,916.7503484204211,911.8435668945312,911.8435668945312,1100,0.0,0.0
2015-05-29 00:00:00+09:00,911.843394639757,920.0213623046875,911.843394639757,920.0213623046875,4200,0.0,0.0
2015-06-01 00:00:00+09:00,917.5679454446795,924.110319387244,911.8433682449355,918.3857421875,3700,0.0,0.0
2015-06-02 00:00:00+09:00,926.5639114722007,926.5639114722007,907.754582289623,911.8435668945312,3500,0.0,0.0
2015-06-03 00:00:00+09:00,915.1145229544691,922.4746933803764,912.6611328125,912.6611328125,3200,0.0,0.0
2015-06-04 00:00:00+09:00,907.7542858655983,908.5720825195312,905.3008959037993,908.5720825195312,5900,0.0,0.0
2015-06-05 00:00:00+09:00,911.843343775907,911.843343775907,907.7543601715307,909.3899536132812,800,0.0,0.0
2015-06-08 00:00:00+09:00,910.2077026367189,915.9322793828617,910.2077026367189,910.2077026367188,500,0.0,0.0
2015-06-09 00:00:00+09:00,915.9323120117188,918.3857021331787,906.9365482330322,915.9323120117188,5000,0.0,0.0
2015-06-10 00:00:00+09:00,910.207727506916,924.9280681134968,910.207727506916,919.2034912109375,2200,0.0,0.0
2015-06-11 00:00:00+09:00,935.5596264712741,935.5596264712741,926.5638608321273,931.4706420898438,2400,0.0,0.0
2015-06-12 00:00:00+09:00,926.5637578029259,927.3815545882771,908.5722285251992,917.5679931640625,2800,0.0,0.0
2015-06-15 00:00:00+09:00,915.1143798828125,924.1101423302753,915.1143798828125,915.1143798828125,1500,0.0,0.0
2015-06-16 00:00:00+09:00,912.6611232977193,923.29248046875,912.6611232977193,923.29248046875,600,0.0,0.0
2015-06-17 00:00:00+09:00,915.9325514994395,915.9325514994395,911.0257699735496,911.8435668945312,1000,0.0,0.0
2015-06-18 00:00:00+09:00,911.0257699735496,915.1147545784578,909.3901761315863,911.8435668945312,2900,0.0,0.0
2015-06-19 00:00:00+09:00,912.6613638155129,912.6613638155129,911.8435668945312,911.8435668945312,1700,0.0,0.0
2015-06-22 00:00:00+09:00,912.66109267078,921.6568561290046,908.572109280678,910.2077026367188,1600,0.0,0.0
2015-06-23 00:00:00+09:00,910.2077503341565,910.2077503341565,909.3899536132812,909.3899536132812,2100,0.0,0.0
2015-06-24 00:00:00+09:00,911.0255470550318,911.0255470550318,909.3899536132812,909.3899536132812,1100,0.0,0.0
2015-06-25 00:00:00+09:00,909.3899459565412,915.9323196684588,909.3899459565412,912.6611328125,1000,0.0,0.0
2015-06-26 00:00:00+09:00,916.7500760608821,916.7500760608821,909.3899059586984,910.2077026367188,1800,0.0,0.0
2015-06-29 00:00:00+09:00,924.9280681134968,924.9280681134968,900.3941671025287,919.2034912109375,7500,0.0,0.0
2015-06-30 00:00:00+09:00,918.3858006359544,918.3858006359544,906.9366455078125,906.9366455078125,4200,0.0,0.0
2015-07-01 00:00:00+09:00,908.572297070662,914.296875,903.6655159883721,914.296875,2100,0.0,0.0
2015-07-02 00:00:00+09:00,913.4791607364945,914.2969576574761,911.8435668945312,911.8435668945312,700,0.0,0.0
2015-07-03 00:00:00+09:00,911.8435668945312,911.8435668945312,911.8435668945312,911.8435668945312,0,0.0,0.0
2015-07-06 00:00:00+09:00,907.7543890077064,909.389982501414,903.6654052734375,903.6654052734375,2500,0.0,0.0
2015-07-07 00:00:00+09:00,909.3899536132812,915.9323273802833,909.3899536132812,909.3899536132812,2900,0.0,0.0
2015-07-08 00:00:00+09:00,909.3899536132812,909.3899536132812,909.3899536132812,909.3899536132812,900,0.0,0.0
2015-07-09 00:00:00+09:00,903.6654089447251,907.7543926956062,870.1357421875,870.1357421875,11400,0.0,0.0
2015-07-10 00:00:00+09:00,883.220464609735,887.3094482421875,883.220464609735,887.3094482421875,4200,0.0,0.0
2015-07-13 00:00:00+09:00,885.6738547892065,887.3094482421875,885.6738547892065,887.3094482421875,600,0.0,0.0
2015-07-14 00:00:00+09:00,908.572297070662,915.1146718470484,908.572297070662,914.296875,1200,0.0,0.0
2015-07-15 00:00:00+09:00,914.2965832966795,915.1143798828125,910.2076003660145,915.1143798828125,600,0.0,0.0
2015-07-16 00:00:00+09:00,915.1145552162177,920.0213356731412,914.2967584733972,918.3857421875,1200,0.0,0.0
2015-07-17 00:00:00+09:00,919.2036052730912,922.4747924804688,919.2036052730912,922.4747924804688,2300,0.0,0.0
2015-07-21 00:00:00+09:00,919.203449512583,924.1102294921876,919.203449512583,924.1102294921875,3000,0.0,0.0
2015-07-22 00:00:00+09:00,924.1103359014581,930.6527099609375,924.1103359014581,930.6527099609375,1000,0.0,0.0
2015-07-23 00:00:00+09:00,932.2880794844439,932.2880794844439,928.1990966796875,928.1990966796875,400,0.0,0.0
2015-07-24 00:00:00+09:00,932.2883221819685,935.5595092773438,932.2883221819685,935.5595092773438,2300,0.0,0.0
2015-07-27 00:00:00+09:00,939.6484375,939.6484375,932.2882669712794,939.6484375,2200,0.0,0.0
2015-07-28 00:00:00+09:00,920.8391723632812,920.8391723632812,920.8391723632812,920.8391723632812,400,0.0,0.0
2015-07-29 00:00:00+09:00,915.9324334946413,934.7417602539062,915.9324334946413,934.7417602539062,700,0.0,0.0
2015-07-30 00:00:00+09:00,915.1146107037583,933.1061401367188,915.1146107037583,933.1061401367188,800,0.0,0.0
2015-07-31 00:00:00+09:00,916.7501087188721,917.5679054260254,908.5721416473389,915.9323120117188,2100,0.0,0.0
2015-08-03 00:00:00+09:00,915.9323120117188,915.9323120117188,915.9323120117188,915.9323120117188,1600,0.0,0.0
2015-08-04 00:00:00+09:00,922.4746856689453,922.4746856689453,915.9323120117188,915.9323120117188,400,0.0,0.0
2015-08-05 00:00:00+09:00,911.8434844588552,914.296875,911.8434844588552,914.296875,700,0.0,0.0
2015-08-06 00:00:00+09:00,915.9322928355027,915.9322928355027,911.0255126953125,911.0255126953125,1100,0.0,0.0
2015-08-07 00:00:00+09:00,907.7545066139915,911.025694025213,899.5765380859375,899.5765380859375,2900,0.0,0.0
2015-08-10 00:00:00+09:00,899.5766731830727,900.3944701586937,886.4919215731371,888.9453125,2900,0.0,0.0
2015-08-11 00:00:00+09:00,888.945169039385,915.9324648795871,888.945169039385,891.3985595703125,2000,0.0,0.0
2015-08-12 00:00:00+09:00,888.945055039548,907.7543800311853,888.1272583007812,888.1272583007812,1600,0.0,0.0
2015-08-13 00:00:00+09:00,884.8561848211725,896.3053406321674,884.8561848211725,891.3985595703125,1200,0.0,0.0
2015-08-14 00:00:00+09:00,891.3984563228857,896.3052368164062,884.8560823315252,896.3052368164062,900,0.0,0.0
2015-08-17 00:00:00+09:00,896.3052953695413,896.3052953695413,884.8561401367188,884.8561401367188,500,0.0,0.0
2015-08-18 00:00:00+09:00,898.7586669921875,898.7586669921875,898.7586669921875,898.7586669921875,100,0.0,0.0
2015-08-19 00:00:00+09:00,898.7586669921875,898.7586669921875,898.7586669921875,898.7586669921875,0,0.0,0.0
2015-08-20 00:00:00+09:00,885.6739369390632,885.6739369390632,884.8561401367188,884.8561401367188,900,0.0,0.0
2015-08-21 00:00:00+09:00,884.8560622840031,889.7628426663542,869.3179244065575,872.589111328125,4900,0.0,0.0
2015-08-24 00:00:00+09:00,860.3222391183035,875.0425816127232,858.6866455078125,858.6866455078125,2600,0.0,0.0
2015-08-25 00:00:00+09:00,858.6866998533735,859.5044967103768,835.7883878572836,843.1485595703125,4200,0.0,0.0
2015-08-26 00:00:00+09:00,859.5044509126993,859.5044509126993,826.7925783755842,836.6061401367188,2000,0.0,0.0
2015-08-27 00:00:00+09:00,895.48747693078,895.48747693078,868.5001831054688,868.5001831054688,3600,0.0,0.0
2015-08-28 00:00:00+09:00,869.3179454373237,870.9535389376762,869.3179454373237,870.1357421875,700,0.0,0.0
2015-08-31 00:00:00+09:00,845.6017589919234,850.5085390247584,845.6017589919234,846.4195556640625,1500,0.0,0.0
2015-09-01 00:00:00+09:00,836.6061187326092,895.4874877929688,836.6061187326092,895.4874877929688,2100,0.0,0.0
2015-09-02 00:00:00+09:00,875.8604095458984,883.2205810546875,875.0426127115885,883.2205810546875,800,0.0,0.0
2015-09-03 00:00:00+09:00,858.6866801021663,890.5807567916753,857.0510864257812,857.0510864257812,800,0.0,0.0
2015-09-04 00:00:00+09:00,848.873046875,848.873046875,848.873046875,848.873046875,200,0.0,0.0
2015-09-07 00:00:00+09:00,818.6145605710474,830.0637152643487,818.6145605710474,825.9747314453125,3800,0.0,0.0
2015-09-08 00:00:00+09:00,818.6145528157551,829.2459106445312,818.6145528157551,829.2459106445312,500,0.0,0.0
2015-09-09 00:00:00+09:00,834.1526990833848,834.1526990833848,823.5213411538907,825.9747314453125,1600,0.0,0.0
2015-09-10 00:00:00+09:00,828.4280488891602,834.1526257324219,793.2627911376953,817.7966918945312,8600,0.0,0.0
2015-09-11 00:00:00+09:00,825.9747103571539,832.5170843005768,816.9789461849472,828.4281005859375,2800,0.0,0.0
2015-09-14 00:00:00+09:00,834.9704958471922,834.9704958471922,804.7120155863242,825.9747314453125,1800,0.0,0.0
2015-09-15 00:00:00+09:00,805.5297415161133,817.7966918945312,805.5297415161133,817.7966918945312,1100,0.0,0.0
2015-09-16 00:00:00+09:00,817.7966918945312,817.7966918945312,817.7966918945312,817.7966918945312,0,0.0,0.0
2015-09-17 00:00:00+09:00,828.4282243824969,828.4282243824969,806.3477090238321,809.618896484375,900,0.0,0.0
2015-09-18 00:00:00+09:00,821.8857244502775,835.7882690429688,817.7967407465447,835.7882690429688,1400,0.0,0.0
2015-09-24 00:00:00+09:00,835.7882926109994,835.7882926109994,825.9747314453125,825.9747314453125,300,0.0,0.0
2015-09-25 00:00:00+09:00,806.3477105980376,835.7883978003999,804.712116864573,821.0680541992188,4300,0.0,0.0
2015-09-28 00:00:00+09:00,831.860595703125,831.860595703125,801.1431884765625,801.1431884765625,6900,15.0,0.0
2015-09-29 00:00:00+09:00,801.1431884765625,801.1431884765625,764.6143798828125,766.2747802734375,3900,0.0,0.0
2015-09-30 00:00:00+09:00,769.5955213085525,786.1995239257812,769.5955213085525,786.1995239257812,700,0.0,0.0
2015-10-01 00:00:00+09:00,798.652587890625,805.294189453125,788.690185546875,801.1431884765625,2400,0.0,0.0
2015-10-02 00:00:00+09:00,801.1431884765625,801.1431884765625,801.1431884765625,801.1431884765625,200,0.0,0.0
2015-10-05 00:00:00+09:00,798.6525265365808,798.6525265365808,780.3881236428128,794.5015258789062,2700,0.0,0.0
2015-10-06 00:00:00+09:00,801.1431283142276,812.7659301757812,801.1431283142276,812.7659301757812,300,0.0,0.0
2015-10-07 00:00:00+09:00,811.105652232617,811.105652232617,806.1244506835938,806.1244506835938,600,0.0,0.0
2015-10-08 00:00:00+09:00,813.5962526288223,813.5962526288223,811.1056518554688,811.1056518554688,800,0.0,0.0
2015-10-09 00:00:00+09:00,811.1056518554688,817.7472539177448,809.4452513398998,811.1056518554688,1900,0.0,0.0
2015-10-13 00:00:00+09:00,818.577392578125,818.577392578125,816.9169921875,816.9169921875,1300,0.0,0.0
2015-10-14 00:00:00+09:00,816.9169921875,816.9169921875,816.9169921875,816.9169921875,800,0.0,0.0
2015-10-15 00:00:00+09:00,815.256591796875,816.9169921875,802.8035888671875,816.9169921875,2200,0.0,0.0
2015-10-16 00:00:00+09:00,820.23779296875,820.23779296875,805.294189453125,805.294189453125,1200,0.0,0.0
2015-10-19 00:00:00+09:00,811.9357298553967,811.9357298553967,810.2753295898438,810.2753295898438,700,0.0,0.0
2015-10-20 00:00:00+09:00,810.275390625,816.0867919921875,810.275390625,813.59619140625,1700,0.0,0.0
2015-10-21 00:00:00+09:00,813.59619140625,826.0491943359375,812.7659912109375,826.0491943359375,2600,0.0,0.0
2015-10-22 00:00:00+09:00,829.3701171875,829.3701171875,829.3701171875,829.3701171875,400,0.0,0.0
2015-10-23 00:00:00+09:00,818.577392578125,913.22021484375,815.256591796875,841.822998046875,13800,0.0,0.0
2015-10-26 00:00:00+09:00,843.4833984375,843.4833984375,831.860595703125,833.52099609375,2000,0.0,0.0
2015-10-27 00:00:00+09:00,841.8229364651353,841.8229364651353,834.3511352539062,834.3511352539062,300,0.0,0.0
2015-10-28 00:00:00+09:00,834.3511352539062,834.3511352539062,834.3511352539062,834.3511352539062,0,0.0,0.0
2015-10-29 00:00:00+09:00,831.860473510864,831.860473510864,831.0302734375,831.0302734375,200,0.0,0.0
2015-10-30 00:00:00+09:00,838.5021362304688,838.5021362304688,837.6719360955871,838.5021362304688,400,0.0,0.0
2015-11-02 00:00:00+09:00,843.4833984375,843.4833984375,835.181396484375,835.181396484375,1700,0.0,0.0
2015-11-04 00:00:00+09:00,838.5021359268113,838.5021359268113,834.3511352539062,834.3511352539062,600,0.0,0.0
2015-11-05 00:00:00+09:00,834.3510733625454,834.3510733625454,798.6524702236504,828.5396728515625,5300,0.0,0.0
2015-11-06 00:00:00+09:00,828.539794921875,831.860595703125,828.539794921875,831.860595703125,4900,0.0,0.0
2015-11-09 00:00:00+09:00,834.3511962890625,841.822998046875,834.3511962890625,841.822998046875,900,0.0,0.0
2015-11-10 00:00:00+09:00,836.0115966796875,836.0115966796875,835.181396484375,835.181396484375,300,0.0,0.0
2015-11-11 00:00:00+09:00,832.6907352862972,838.5021362304688,832.6907352862972,838.5021362304688,2200,0.0,0.0
2015-11-12 00:00:00+09:00,838.502197265625,838.502197265625,836.0115966796875,836.0115966796875,1100,0.0,0.0
2015-11-13 00:00:00+09:00,834.3511962890625,836.841796875,834.3511962890625,835.181396484375,500,0.0,0.0
2015-11-16 00:00:00+09:00,834.3511352539062,845.1437370034593,834.3511352539062,834.3511352539062,2900,0.0,0.0
2015-11-17 00:00:00+09:00,875.0309399464091,875.0309399464091,801.1431281293026,810.2753295898438,26200,0.0,0.0
2015-11-18 00:00:00+09:00,817.7471923828125,821.898193359375,813.59619140625,813.59619140625,2400,0.0,0.0
2015-11-19 00:00:00+09:00,825.218994140625,825.218994140625,817.7471923828125,817.7471923828125,1900,0.0,0.0
2015-11-20 00:00:00+09:00,826.0491332393777,826.8793333732866,825.2189331054688,825.2189331054688,2300,0.0,0.0
2015-11-24 00:00:00+09:00,827.7095947265625,830.2001953125,827.7095947265625,830.2001953125,900,0.0,0.0
2015-11-25 00:00:00+09:00,826.0491943359375,830.2001953125,825.218994140625,830.2001953125,2800,0.0,0.0
2015-11-26 00:00:00+09:00,830.2002565927775,830.2002565927775,826.8794555664062,826.8794555664062,1400,0.0,0.0
2015-11-27 00:00:00+09:00,826.8793333732866,826.8793333732866,825.2189331054688,825.2189331054688,1300,0.0,0.0
2015-11-30 00:00:00+09:00,833.5209341954703,834.3511343291311,821.8981323242188,821.8981323242188,500,0.0,0.0
2015-12-01 00:00:00+09:00,822.7284542834424,826.8794555664062,822.7284542834424,826.8794555664062,3800,0.0,0.0
2015-12-02 00:00:00+09:00,826.8794555664062,826.8794555664062,824.3888547966279,826.8794555664062,2200,0.0,0.0
2015-12-03 00:00:00+09:00,826.8794555664062,826.8794555664062,825.2190550532207,826.8794555664062,1300,0.0,0.0
2015-12-04 00:00:00+09:00,826.87939453125,826.87939453125,824.3887939453125,824.3887939453125,1100,0.0,0.0
2015-12-07 00:00:00+09:00,824.3887939453125,826.0491943359375,822.7283935546875,824.3887939453125,2500,0.0,0.0
2015-12-08 00:00:00+09:00,824.3887327869774,826.0491330544234,821.8981323858081,822.7283325195312,6200,0.0,0.0
2015-12-09 00:00:00+09:00,822.7283935546875,822.7283935546875,820.23779296875,821.0679931640625,1800,0.0,0.0
2015-12-10 00:00:00+09:00,820.23779296875,821.0679931640625,817.7471923828125,821.0679931640625,1900,0.0,0.0
2015-12-11 00:00:00+09:00,830.2001953125,830.2001953125,813.59619140625,813.59619140625,8900,0.0,0.0
2015-12-14 00:00:00+09:00,821.898193359375,821.898193359375,816.9169921875,816.9169921875,600,0.0,0.0
2015-12-15 00:00:00+09:00,817.7471923828125,821.0679931640625,817.7471923828125,821.0679931640625,1200,0.0,0.0
2015-12-16 00:00:00+09:00,821.0679931640625,821.0679931640625,812.7659912109375,814.4263916015625,4100,0.0,0.0
2015-12-17 00:00:00+09:00,821.0679321905579,821.8981323242188,821.0679321905579,821.8981323242188,600,0.0,0.0
2015-12-18 00:00:00+09:00,826.0492555556759,831.8606573535551,823.5586547851562,823.5586547851562,2400,0.0,0.0
2015-12-21 00:00:00+09:00,821.89825306768,840.1626586914062,814.4264507670647,840.1626586914062,1500,0.0,0.0
2015-12-22 00:00:00+09:00,831.03051782251,831.03051782251,805.2943079798548,829.3701171875,3400,0.0,0.0
2015-12-24 00:00:00+09:00,811.9357297926682,814.4263301908053,809.4451293945312,809.4451293945312,5200,0.0,0.0
2015-12-25 00:00:00+09:00,809.4451293945312,809.4451293945312,809.4451293945312,809.4451293945312,0,0.0,0.0
2015-12-28 00:00:00+09:00,821.0679931640625,821.0679931640625,812.7659912109375,813.59619140625,1800,0.0,0.0
2015-12-29 00:00:00+09:00,817.7471923828125,817.7471923828125,816.9169921875,816.9169921875,1100,0.0,0.0
2015-12-30 00:00:00+09:00,816.0867308948774,821.8981318269874,815.2565307617188,815.2565307617188,2000,0.0,0.0
2016-01-04 00:00:00+09:00,816.0868527184614,820.2378540039062,816.0868527184614,820.2378540039062,1000,0.0,0.0
2016-01-05 00:00:00+09:00,818.5773317895754,821.8981323242188,818.5773317895754,821.8981323242188,800,0.0,0.0
2016-01-06 00:00:00+09:00,821.898193359375,821.898193359375,817.7471923828125,818.577392578125,500,0.0,0.0
2016-01-07 00:00:00+09:00,818.577392578125,818.577392578125,808.614990234375,818.577392578125,2200,0.0,0.0
2016-01-08 00:00:00+09:00,818.577330854367,818.577330854367,809.4451293945312,809.4451293945312,600,0.0,0.0
2016-01-12 00:00:00+09:00,808.614990234375,808.614990234375,801.1431884765625,801.1431884765625,1900,0.0,0.0
2016-01-13 00:00:00+09:00,801.1432496384791,801.1432496384791,799.4828491210938,799.4828491210938,200,0.0,0.0
2016-01-14 00:00:00+09:00,800.3130502158716,800.3130502158716,788.6902465820312,788.6902465820312,1100,0.0,0.0
2016-01-15 00:00:00+09:00,788.6902465820312,788.6902465820312,788.6902465820312,788.6902465820312,0,0.0,0.0
2016-01-18 00:00:00+09:00,792.8412478798314,792.8412478798314,788.6902465820312,788.6902465820312,1100,0.0,0.0
2016-01-19 00:00:00+09:00,789.5204468415913,789.5204468415913,788.6902465820312,788.6902465820312,300,0.0,0.0
2016-01-20 00:00:00+09:00,812.7659301757812,812.7659301757812,812.7659301757812,812.7659301757812,2000,0.0,0.0
2016-01-21 00:00:00+09:00,775.4070447244279,777.8976455104807,759.6332397460938,759.6332397460938,7200,0.0,0.0
2016-01-22 00:00:00+09:00,763.7841194382041,780.3881220346868,763.7841194382041,773.7465209960938,1500,0.0,0.0
2016-01-25 00:00:00+09:00,775.406921905064,782.0485229492188,775.406921905064,782.0485229492188,500,0.0,0.0
2016-01-26 00:00:00+09:00,806.95458984375,806.95458984375,806.95458984375,806.95458984375,1300,0.0,0.0
2016-01-27 00:00:00+09:00,806.95458984375,806.95458984375,806.95458984375,806.95458984375,0,0.0,0.0
2016-01-28 00:00:00+09:00,806.95458984375,806.95458984375,806.95458984375,806.95458984375,0,0.0,0.0
2016-01-29 00:00:00+09:00,806.95458984375,806.95458984375,806.95458984375,806.95458984375,0,0.0,0.0
2016-02-01 00:00:00+09:00,806.95458984375,806.95458984375,806.95458984375,806.95458984375,200,0.0,0.0
2016-02-02 00:00:00+09:00,769.5955810546875,772.086181640625,759.6331787109375,767.10498046875,5600,0.0,0.0
2016-02-03 00:00:00+09:00,754.6520375184756,767.9352416992188,754.6520375184756,767.9352416992188,900,0.0,0.0
2016-02-04 00:00:00+09:00,761.2935791015625,761.2935791015625,760.46337890625,760.46337890625,700,0.0,0.0
2016-02-05 00:00:00+09:00,759.6331787109375,760.46337890625,755.482177734375,755.482177734375,3200,0.0,0.0
2016-02-08 00:00:00+09:00,755.482177734375,755.482177734375,743.859375,747.18017578125,4300,0.0,0.0
2016-02-09 00:00:00+09:00,744.6895115342252,747.1801119072493,713.9721069335938,713.9721069335938,3500,0.0,0.0
2016-02-10 00:00:00+09:00,713.97216796875,722.274169921875,700.68896484375,701.5191650390625,1800,0.0,0.0
2016-02-12 00:00:00+09:00,713.1419060920266,713.1419060920266,696.537903621898,705.6701049804688,400,0.0,0.0
2016-02-15 00:00:00+09:00,704.8399058447944,717.2929077148438,699.0285049721047,717.2929077148438,3900,0.0,0.0
2016-02-16 00:00:00+09:00,716.4627685546875,716.4627685546875,711.4815673828125,711.4815673828125,900,0.0,0.0
2016-02-17 00:00:00+09:00,711.4815673828125,711.4815673828125,711.4815673828125,711.4815673828125,0,0.0,0.0
2016-02-18 00:00:00+09:00,715.6325071822765,715.6325071822765,713.9721069335938,713.9721069335938,500,0.0,0.0
2016-02-19 00:00:00+09:00,713.9721069335938,713.9721069335938,713.9721069335938,713.9721069335938,0,0.0,0.0
2016-02-22 00:00:00+09:00,713.9721069335938,713.9721069335938,713.9721069335938,713.9721069335938,0,0.0,0.0
2016-02-23 00:00:00+09:00,713.972107216164,717.2929077148438,713.972107216164,717.2929077148438,700,0.0,0.0
2016-02-24 00:00:00+09:00,715.632568359375,715.632568359375,708.990966796875,708.990966796875,800,0.0,0.0
2016-02-25 00:00:00+09:00,725.594970703125,725.594970703125,714.8023681640625,718.1231689453125,800,0.0,0.0
2016-02-26 00:00:00+09:00,727.25537109375,727.25537109375,718.1231689453125,718.1231689453125,1700,0.0,0.0
2016-02-29 00:00:00+09:00,713.9721069335938,713.9721069335938,713.9721069335938,713.9721069335938,600,0.0,0.0
2016-03-01 00:00:00+09:00,699.8587646484375,700.68896484375,687.40576171875,687.40576171875,14900,0.0,0.0
2016-03-02 00:00:00+09:00,689.0662223462117,699.8588258287427,689.0662223462117,698.1984252929688,700,0.0,0.0
2016-03-03 00:00:00+09:00,698.1984252929688,698.1984252929688,698.1984252929688,698.1984252929688,0,0.0,0.0
2016-03-04 00:00:00+09:00,709.8211669921875,709.8211669921875,701.5191650390625,709.8211669921875,1300,0.0,0.0
2016-03-07 00:00:00+09:00,743.0291137695312,743.0291137695312,743.0291137695312,743.0291137695312,500,0.0,0.0
2016-03-08 00:00:00+09:00,739.7083129882812,739.7083129882812,739.7083129882812,739.7083129882812,100,0.0,0.0
2016-03-09 00:00:00+09:00,739.7083129882812,739.7083129882812,739.7083129882812,739.7083129882812,0,0.0,0.0
2016-03-10 00:00:00+09:00,738.878173828125,738.878173828125,738.878173828125,738.878173828125,100,0.0,0.0
2016-03-11 00:00:00+09:00,738.878173828125,738.878173828125,736.3875732421875,736.3875732421875,400,0.0,0.0
2016-03-14 00:00:00+09:00,736.3876347628507,736.3876347628507,730.5762329101562,730.5762329101562,700,0.0,0.0
2016-03-15 00:00:00+09:00,741.3687130352398,747.1801139212944,724.7647105036555,737.2177124023438,3600,0.0,0.0
2016-03-16 00:00:00+09:00,737.2177124023438,737.2177124023438,737.2177124023438,737.2177124023438,0,0.0,0.0
2016-03-17 00:00:00+09:00,718.1231689453125,722.274169921875,718.1231689453125,718.1231689453125,1400,0.0,0.0
2016-03-18 00:00:00+09:00,718.1231088822748,729.7459106445312,714.802308378773,729.7459106445312,1600,0.0,0.0
2016-03-22 00:00:00+09:00,729.7459106445312,729.7459106445312,728.9157105186558,729.7459106445312,700,0.0,0.0
2016-03-23 00:00:00+09:00,730.5761107704068,730.5761107704068,729.7459106445312,729.7459106445312,2200,0.0,0.0
2016-03-24 00:00:00+09:00,747.18017578125,747.18017578125,728.915771484375,728.915771484375,2900,0.0,0.0
2016-03-25 00:00:00+09:00,728.915771484375,755.482177734375,728.915771484375,755.482177734375,1900,0.0,0.0
2016-03-28 00:00:00+09:00,763.7841796875,763.7841796875,747.18017578125,747.18017578125,1700,0.0,0.0
2016-03-29 00:00:00+09:00,723.4061841388082,730.19873046875,723.4061841388082,730.19873046875,700,20.0,0.0
2016-03-30 00:00:00+09:00,730.19873046875,730.19873046875,730.19873046875,730.19873046875,0,0.0,0.0
2016-03-31 00:00:00+09:00,736.1423950195312,736.1423950195312,736.1423950195312,736.1423950195312,200,0.0,0.0
2016-04-01 00:00:00+09:00,736.1423950195312,736.1423950195312,736.1423950195312,736.1423950195312,0,0.0,0.0
2016-04-04 00:00:00+09:00,725.9534775106471,725.9534775106471,714.9155883789062,714.9155883789062,700,0.0,0.0
2016-04-05 00:00:00+09:00,720.859198789109,720.859198789109,714.066650390625,714.066650390625,700,0.0,0.0
2016-04-06 00:00:00+09:00,713.2175102919161,713.2175102919161,708.97216796875,708.97216796875,200,0.0,0.0
2016-04-07 00:00:00+09:00,708.9721404258095,708.9721404258095,705.5758666992188,705.5758666992188,800,0.0,0.0
2016-04-08 00:00:00+09:00,709.8212364333832,709.8212364333832,708.97216796875,708.97216796875,900,0.0,0.0
2016-04-11 00:00:00+09:00,700.4813865379051,700.4813865379051,687.745361328125,687.745361328125,1200,0.0,0.0
2016-04-12 00:00:00+09:00,687.745361328125,687.745361328125,687.745361328125,687.745361328125,0,0.0,0.0
2016-04-13 00:00:00+09:00,697.0851716382576,700.4814453125,697.0851716382576,700.4814453125,1300,0.0,0.0
2016-04-14 00:00:00+09:00,700.4815250994211,704.7268676757812,700.4815250994211,704.7268676757812,1000,0.0,0.0
2016-04-15 00:00:00+09:00,704.7268256455837,708.97216796875,704.7268256455837,708.97216796875,400,0.0,0.0
2016-04-18 00:00:00+09:00,709.8212364333832,713.2175102919161,708.97216796875,708.97216796875,500,0.0,0.0
2016-04-19 00:00:00+09:00,708.97216796875,708.97216796875,708.97216796875,708.97216796875,0,0.0,0.0
2016-04-20 00:00:00+09:00,716.6137278346768,721.7081382221271,716.6137278346768,720.8590698242188,600,0.0,0.0
2016-04-21 00:00:00+09:00,721.7081355369006,721.7081355369006,714.9155883789062,714.9155883789062,800,0.0,0.0
2016-04-22 00:00:00+09:00,705.5758666992188,705.5758666992188,705.5758666992188,705.5758666992188,500,0.0,0.0
2016-04-25 00:00:00+09:00,718.3117521911108,718.3117521911108,707.2738647460938,707.2738647460938,500,0.0,0.0
2016-04-26 00:00:00+09:00,720.0100014263104,720.8590698242188,720.0100014263104,720.8590698242188,1400,0.0,0.0
2016-04-27 00:00:00+09:00,720.8591264736152,720.8591264736152,708.97216796875,708.97216796875,300,0.0,0.0
2016-04-28 00:00:00+09:00,709.8211669921875,709.8211669921875,709.8211669921875,709.8211669921875,200,0.0,0.0
2016-05-02 00:00:00+09:00,709.8212787674134,709.8212787674134,704.7268676757812,704.7268676757812,1000,0.0,0.0
2016-05-06 00:00:00+09:00,704.7268676757812,704.7268676757812,704.7268676757812,704.7268676757812,300,0.0,0.0
2016-05-09 00:00:00+09:00,703.028564453125,703.028564453125,703.028564453125,703.028564453125,200,0.0,0.0
2016-05-10 00:00:00+09:00,704.7266894709455,704.7266894709455,697.9341430664062,697.9341430664062,600,0.0,0.0
2016-05-11 00:00:00+09:00,774.3503639914773,789.6335948597301,772.6522272283381,784.5391845703125,29200,0.0,0.0
2016-05-12 00:00:00+09:00,793.0297900337895,793.0297900337895,779.444697270898,786.2372436523438,5400,0.0,0.0
2016-05-13 00:00:00+09:00,785.3882639895203,789.6336059570312,785.3882639895203,789.6336059570312,1800,0.0,0.0
2016-05-16 00:00:00+09:00,791.3316601043052,807.4639578961312,791.3316601043052,798.1242065429688,3400,0.0,0.0
2016-05-17 00:00:00+09:00,798.1242704139718,804.0677490234375,798.1242704139718,804.0677490234375,1600,0.0,0.0
2016-05-18 00:00:00+09:00,804.0676962467379,819.3509259536453,803.2186279296875,803.2186279296875,1900,0.0,0.0
2016-05-19 00:00:00+09:00,803.2186536087273,819.3509521484375,803.2186536087273,819.3509521484375,500,0.0,0.0
2016-05-20 00:00:00+09:00,806.6149652567141,809.1621704101562,805.7658968722333,809.1621704101562,1200,0.0,0.0
2016-05-23 00:00:00+09:00,808.3130262009641,808.3130262009641,798.1242065429688,798.1242065429688,2300,0.0,0.0
2016-05-24 00:00:00+09:00,794.7279251212142,798.9732666015625,794.7279251212142,798.9732666015625,2600,0.0,0.0
2016-05-25 00:00:00+09:00,798.9733745374177,806.614990234375,798.9733745374177,806.614990234375,200,0.0,0.0
2016-05-26 00:00:00+09:00,815.9546409444606,815.9546409444606,798.1242065429688,798.1242065429688,2000,0.0,0.0
2016-05-27 00:00:00+09:00,805.765921823602,806.614990234375,805.765921823602,806.614990234375,1000,0.0,0.0
2016-05-30 00:00:00+09:00,819.3509741977871,821.8981792989201,810.8602905273438,810.8602905273438,1200,0.0,0.0
2016-05-31 00:00:00+09:00,810.8602905273438,810.8602905273438,810.8602905273438,810.8602905273438,0,0.0,0.0
2016-06-01 00:00:00+09:00,811.7094116210938,811.7094116210938,811.7094116210938,811.7094116210938,1400,0.0,0.0
2016-06-02 00:00:00+09:00,810.8603767587357,810.8603767587357,808.3131713867188,808.3131713867188,600,0.0,0.0
2016-06-03 00:00:00+09:00,808.3131270559211,808.3131270559211,806.614990234375,806.614990234375,200,0.0,0.0
2016-06-06 00:00:00+09:00,805.765869140625,805.765869140625,805.765869140625,805.765869140625,500,0.0,0.0
2016-06-07 00:00:00+09:00,805.765869140625,805.765869140625,805.765869140625,805.765869140625,0,0.0,0.0
2016-06-08 00:00:00+09:00,818.5018310546875,818.5018310546875,818.5018310546875,818.5018310546875,500,0.0,0.0
2016-06-09 00:00:00+09:00,818.5019281302515,821.0491333007812,818.5019281302515,821.0491333007812,300,0.0,0.0
2016-06-10 00:00:00+09:00,821.049035923115,821.049035923115,818.5018310546875,818.5018310546875,500,0.0,0.0
2016-06-13 00:00:00+09:00,823.5963329463291,823.5963329463291,809.1621704101562,809.1621704101562,3400,0.0,0.0
2016-06-14 00:00:00+09:00,807.4640422205771,807.4640422205771,781.9919904155115,789.6336059570312,3200,0.0,0.0
2016-06-15 00:00:00+09:00,776.8974240003665,790.4825155675861,776.8974240003665,787.0862426757812,2700,0.0,0.0
2016-06-16 00:00:00+09:00,781.1429249914617,781.1429249914617,776.8975830078125,776.8975830078125,1400,0.0,0.0
2016-06-17 00:00:00+09:00,776.8976462275243,782.8411254882812,776.8976462275243,782.8411254882812,300,0.0,0.0
2016-06-20 00:00:00+09:00,781.1430053710938,783.6902108233908,776.8976629505986,781.1430053710938,2700,0.0,0.0
2016-06-21 00:00:00+09:00,781.9918823242188,781.9918823242188,781.9918823242188,781.9918823242188,300,0.0,0.0
2016-06-22 00:00:00+09:00,781.9920738551928,781.9920738551928,773.5013890142026,781.1430053710938,1500,0.0,0.0
2016-06-23 00:00:00+09:00,781.1428553152293,781.1428553152293,777.74658203125,777.74658203125,800,0.0,0.0
2016-06-24 00:00:00+09:00,780.2939039931674,780.2939039931674,739.5386184744818,741.2367553710938,6200,0.0,0.0
2016-06-27 00:00:00+09:00,739.5385363162552,768.4068603515625,739.5385363162552,768.4068603515625,4000,0.0,0.0
2016-06-28 00:00:00+09:00,781.142885661257,781.142885661257,768.4068603515625,768.4068603515625,2100,0.0,0.0
2016-06-29 00:00:00+09:00,775.1994130795616,780.2938232421875,775.1994130795616,780.2938232421875,900,0.0,0.0
2016-06-30 00:00:00+09:00,781.142885661257,781.142885661257,768.4068603515625,768.4068603515625,500,0.0,0.0
2016-07-01 00:00:00+09:00,789.6336059570312,789.6336059570312,788.784537563529,789.6336059570312,700,0.0,0.0
2016-07-04 00:00:00+09:00,793.0297769311915,793.8788452148438,793.0297769311915,793.8788452148438,300,0.0,0.0
2016-07-05 00:00:00+09:00,819.3508937244109,819.3508937244109,793.8788452148438,793.8788452148438,1100,0.0,0.0
2016-07-06 00:00:00+09:00,793.8788452148438,793.8788452148438,793.8788452148438,793.8788452148438,0,0.0,0.0
2016-07-07 00:00:00+09:00,756.5199033958478,768.4068603515625,756.5199033958478,768.4068603515625,600,0.0,0.0
2016-07-08 00:00:00+09:00,770.95402402773,773.5012289529318,770.95402402773,772.6521606445312,400,0.0,0.0
2016-07-11 00:00:00+09:00,772.6521606445312,772.6521606445312,772.6521606445312,772.6521606445312,0,0.0,0.0
2016-07-12 00:00:00+09:00,785.3882446289062,785.3882446289062,784.5391762563345,785.3882446289062,1500,0.0,0.0
2016-07-13 00:00:00+09:00,788.7846217279848,788.7846217279848,781.1430053710938,781.1430053710938,2300,0.0,0.0
2016-07-14 00:00:00+09:00,776.8976629505986,781.1430053710938,776.8976629505986,781.1430053710938,3600,0.0,0.0
2016-07-15 00:00:00+09:00,782.8409575273646,793.8788452148438,780.293752676408,793.8788452148438,3700,0.0,0.0
2016-07-19 00:00:00+09:00,793.0299072265625,793.0299072265625,793.0299072265625,793.0299072265625,900,0.0,0.0
2016-07-20 00:00:00+09:00,790.4826743505334,790.4826743505334,781.9919904155115,789.6336059570312,900,0.0,0.0
2016-07-21 00:00:00+09:00,789.6335284188069,791.3316650390625,789.6335284188069,791.3316650390625,1700,0.0,0.0
2016-07-22 00:00:00+09:00,789.6336059570312,791.3317427440356,782.8410588090137,789.6336059570312,2000,0.0,0.0
2016-07-25 00:00:00+09:00,791.3317427440356,793.8789479245421,789.6336059570312,789.6336059570312,4500,0.0,0.0
2016-07-26 00:00:00+09:00,791.3316650390625,791.3316650390625,791.3316650390625,791.3316650390625,1200,0.0,0.0
2016-07-27 00:00:00+09:00,792.1807086475393,793.8788452148438,791.331640363887,793.8788452148438,2900,0.0,0.0
2016-07-28 00:00:00+09:00,793.8788814585347,796.4260864257812,790.4826081688725,796.4260864257812,3200,0.0,0.0
2016-07-29 00:00:00+09:00,789.633539846457,796.4260864257812,786.2372665567948,796.4260864257812,1800,0.0,0.0
2016-08-01 00:00:00+09:00,793.8789283546242,793.8789283546242,785.3882446289062,785.3882446289062,1800,0.0,0.0
2016-08-02 00:00:00+09:00,787.9354858398438,787.9354858398438,787.9354858398438,787.9354858398438,500,0.0,0.0
2016-08-03 00:00:00+09:00,787.9354858398438,787.9354858398438,787.9354858398438,787.9354858398438,0,0.0,0.0
2016-08-04 00:00:00+09:00,787.9354858398438,787.9354858398438,787.9354858398438,787.9354858398438,500,0.0,0.0
2016-08-05 00:00:00+09:00,789.6336143009116,789.6336143009116,788.7845458984375,788.7845458984375,300,0.0,0.0
2016-08-08 00:00:00+09:00,787.9354691700269,789.6336059570312,785.3882639895203,789.6336059570312,700,0.0,0.0
2016-08-09 00:00:00+09:00,789.6336059570312,789.6336059570312,789.6336059570312,789.6336059570312,2000,0.0,0.0
2016-08-10 00:00:00+09:00,781.1429385481209,787.9354858398438,781.1429385481209,787.9354858398438,200,0.0,0.0
2016-08-12 00:00:00+09:00,789.6336143009116,789.6336143009116,787.9354774959635,788.7845458984375,400,0.0,0.0
2016-08-15 00:00:00+09:00,789.6335976310754,790.482666015625,789.6335976310754,790.482666015625,500,0.0,0.0
2016-08-16 00:00:00+09:00,788.784537563529,789.6336059570312,788.784537563529,789.6336059570312,900,0.0,0.0
2016-08-17 00:00:00+09:00,789.6336059570312,789.6336059570312,789.6336059570312,789.6336059570312,400,0.0,0.0
2016-08-18 00:00:00+09:00,789.6336059570312,789.6336059570312,789.6336059570312,789.6336059570312,0,0.0,0.0
2016-08-19 00:00:00+09:00,789.6335976310754,790.482666015625,789.6335976310754,790.482666015625,3000,0.0,0.0
2016-08-22 00:00:00+09:00,785.3882639895203,789.6336059570312,785.3882639895203,789.6336059570312,3900,0.0,0.0
2016-08-23 00:00:00+09:00,790.482666015625,790.482666015625,789.6335976310754,790.482666015625,3200,0.0,0.0
2016-08-24 00:00:00+09:00,791.331676491288,797.2751547481969,791.331676491288,796.4260864257812,2700,0.0,0.0
2016-08-25 00:00:00+09:00,794.727933323637,798.1242065429688,787.9353868849735,798.1242065429688,1000,0.0,0.0
2016-08-26 00:00:00+09:00,796.4260864257812,796.4260864257812,795.5770181033657,796.4260864257812,2500,0.0,0.0
2016-08-29 00:00:00+09:00,796.4260236251453,821.8980712890625,794.7278871142174,821.8980712890625,2400,0.0,0.0
2016-08-30 00:00:00+09:00,821.8980712890625,821.8980712890625,821.8980712890625,821.8980712890625,0,0.0,0.0
2016-08-31 00:00:00+09:00,821.8980712890625,821.8980712890625,821.8980712890625,821.8980712890625,100,0.0,0.0
2016-09-01 00:00:00+09:00,815.1056547619047,815.1056547619047,802.36962890625,802.36962890625,700,0.0,0.0
2016-09-02 00:00:00+09:00,800.67138671875,800.67138671875,800.67138671875,800.67138671875,200,0.0,0.0
2016-09-05 00:00:00+09:00,800.6715269737637,823.5963745117188,799.822458546432,823.5963745117188,6600,0.0,0.0
2016-09-06 00:00:00+09:00,813.4073887344234,823.5962077999903,813.4073887344234,821.8980712890625,900,0.0,0.0
2016-09-07 00:00:00+09:00,815.1056654676258,826.1435546875,815.1056654676258,826.1435546875,4900,0.0,0.0
2016-09-08 00:00:00+09:00,824.4454429390504,826.1435797937137,823.5963745117188,823.5963745117188,1000,0.0,0.0
2016-09-09 00:00:00+09:00,825.2944862859712,826.1435546875,823.5963494829136,826.1435546875,6900,0.0,0.0
2016-09-12 00:00:00+09:00,826.143412566382,826.143412566382,821.8980712890625,821.8980712890625,500,0.0,0.0
2016-09-13 00:00:00+09:00,821.8982376570553,823.5963745117188,811.7094165290754,823.5963745117188,3400,0.0,0.0
2016-09-14 00:00:00+09:00,823.5963745117188,823.5963745117188,823.5963745117188,823.5963745117188,0,0.0,0.0
2016-09-15 00:00:00+09:00,816.8038940429688,816.8038940429688,816.8038940429688,816.8038940429688,500,0.0,0.0
2016-09-16 00:00:00+09:00,810.8603322882401,816.8038111636513,806.614990234375,806.614990234375,1300,0.0,0.0
2016-09-20 00:00:00+09:00,815.1056518554688,815.1056518554688,815.1056518554688,815.1056518554688,900,0.0,0.0
2016-09-21 00:00:00+09:00,815.1057275236593,819.3510698545117,807.464111328125,807.464111328125,3500,0.0,0.0
2016-09-23 00:00:00+09:00,810.0111790114183,840.5776385967548,810.0111790114183,827.8416137695312,4000,0.0,0.0
2016-09-26 00:00:00+09:00,847.3703250608582,847.3703250608582,820.2001342773438,820.2001342773438,2800,0.0,0.0
2016-09-27 00:00:00+09:00,820.1999710350154,827.8415856719877,820.1999710350154,824.4453125,1400,0.0,0.0
2016-09-28 00:00:00+09:00,824.4454250335693,824.4454250335693,802.2553825378418,819.3246459960938,2300,5.0,0.0
2016-09-29 00:00:00+09:00,808.2296494654605,812.4969654605263,808.2296494654605,810.7900390625,3000,0.0,0.0
2016-09-30 00:00:00+09:00,808.2295734788653,808.2295734788653,781.772216796875,781.772216796875,2000,0.0,0.0
2016-10-03 00:00:00+09:00,789.4535012219949,827.0058839828249,789.4535012219949,806.5227661132812,2200,0.0,0.0
2016-10-04 00:00:00+09:00,802.2553046261453,815.0572509765625,802.2553046261453,815.0572509765625,300,0.0,0.0
2016-10-05 00:00:00+09:00,810.7899410166639,812.4968672082779,799.6949207711727,802.2553100585938,1100,0.0,0.0
2016-10-06 00:00:00+09:00,814.2038293314638,817.6176818653483,803.9622717298101,804.8157348632812,1200,0.0,0.0
2016-10-07 00:00:00+09:00,804.8157348632812,804.8157348632812,804.8157348632812,804.8157348632812,0,0.0,0.0
2016-10-11 00:00:00+09:00,809.9365445963542,832.1265869140625,809.9365445963542,832.1265869140625,2400,0.0,0.0
2016-10-12 00:00:00+09:00,832.1265869140625,832.1265869140625,832.1265869140625,832.1265869140625,0,0.0,0.0
2016-10-13 00:00:00+09:00,829.5660525559169,840.6610717773438,819.3244963515228,840.6610717773438,3800,0.0,0.0
2016-10-14 00:00:00+09:00,827.8591949959111,839.8076782226562,826.1522688206618,839.8076782226562,700,0.0,0.0
2016-10-17 00:00:00+09:00,827.0056950061963,840.6611037988682,827.0056950061963,831.2730102539062,600,0.0,0.0
2016-10-18 00:00:00+09:00,838.9542846679688,838.9542846679688,838.9542846679688,838.9542846679688,100,0.0,0.0
2016-10-19 00:00:00+09:00,826.1523372925674,838.9542846679688,826.1523372925674,838.9542846679688,300,0.0,0.0
2016-10-20 00:00:00+09:00,838.9542321479005,838.9542321479005,827.0057486788561,838.1007690429688,300,0.0,0.0
2016-10-21 00:00:00+09:00,838.1007690429688,838.1007690429688,838.1007690429688,838.1007690429688,100,0.0,0.0
2016-10-24 00:00:00+09:00,823.5919090804019,840.6611714447627,818.4711303710938,818.4711303710938,5900,0.0,0.0
2016-10-25 00:00:00+09:00,821.031572341919,821.8850355148315,819.3246459960938,819.3246459960938,1600,0.0,0.0
2016-10-26 00:00:00+09:00,842.3681003927327,842.3681003927327,815.0572805218436,830.4196166992188,4500,0.0,0.0
2016-10-27 00:00:00+09:00,830.4194924174875,830.4194924174875,804.8156026204427,824.4452514648438,4700,0.0,0.0
2016-10-28 00:00:00+09:00,824.4454517918504,824.4454517918504,815.0573565851108,822.738525390625,2700,0.0,0.0
2016-10-31 00:00:00+09:00,834.6868454980068,834.6868454980068,821.8849000149086,832.9799194335938,800,0.0,0.0
2016-11-01 00:00:00+09:00,832.979973521659,839.8076782226562,828.7126580835358,839.8076782226562,1700,0.0,0.0
2016-11-02 00:00:00+09:00,836.3938141654867,836.3938141654867,828.712646484375,828.712646484375,1400,0.0,0.0
2016-11-04 00:00:00+09:00,827.8592529296875,828.7127160770377,823.5919371929366,827.8592529296875,2200,0.0,0.0
2016-11-07 00:00:00+09:00,822.7383998538128,841.5145874023438,822.7383998538128,841.5145874023438,1300,0.0,0.0
2016-11-08 00:00:00+09:00,829.5660525559169,840.6610717773438,829.5660525559169,840.6610717773438,400,0.0,0.0
2016-11-09 00:00:00+09:00,831.2731066482216,833.83349609375,822.738475163127,833.83349609375,1300,0.0,0.0
2016-11-10 00:00:00+09:00,825.2987941816588,840.661129543882,825.2987941816588,828.712646484375,2300,0.0,0.0
2016-11-11 00:00:00+09:00,840.6611741508021,841.5146372717674,826.1523010943923,830.4196166992188,1200,0.0,0.0
2016-11-14 00:00:00+09:00,837.2473015601627,837.2473015601627,820.1780395507812,820.1780395507812,4400,0.0,0.0
2016-11-15 00:00:00+09:00,822.7384218387191,828.7126634910749,819.3245694659443,827.0057373046875,1400,0.0,0.0
2016-11-16 00:00:00+09:00,822.738445962184,827.8592246714921,815.9107410164396,818.4711303710938,3300,0.0,0.0
2016-11-17 00:00:00+09:00,825.298845202194,826.1523083306347,823.5919189453125,823.5919189453125,800,0.0,0.0
2016-11-18 00:00:00+09:00,823.5918428080283,832.9799363529903,823.5918428080283,831.2730102539062,3500,0.0,0.0
2016-11-21 00:00:00+09:00,833.8333509574667,842.3679809570312,833.8333509574667,842.3679809570312,6100,0.0,0.0
2016-11-22 00:00:00+09:00,844.9284936916421,850.0492724412884,836.3938624422316,848.3423461914062,6100,0.0,0.0
2016-11-24 00:00:00+09:00,852.6096618161115,852.6096618161115,848.3423461914062,848.3423461914062,5500,0.0,0.0
2016-11-25 00:00:00+09:00,850.0493515976914,852.6097412109375,848.3424251888607,852.6097412109375,8600,0.0,0.0
2016-11-28 00:00:00+09:00,855.1701308241835,858.583983641845,852.6097412109375,852.6097412109375,6400,0.0,0.0
2016-11-29 00:00:00+09:00,854.316546885678,860.2907884722912,854.316546885678,858.5838623046875,900,0.0,0.0
2016-11-30 00:00:00+09:00,861.1441422182631,869.6787719726562,859.4372162673845,869.6787719726562,6100,0.0,0.0
2016-12-01 00:00:00+09:00,871.3858845637395,887.6016845703125,870.5324214054988,887.6016845703125,9700,0.0,0.0
2016-12-02 00:00:00+09:00,888.4551380386205,889.3086011875529,874.7997276557022,882.4808959960938,3400,0.0,0.0
2016-12-05 00:00:00+09:00,888.4551477285531,892.7224635197566,879.0670529879056,887.6016845703125,2600,0.0,0.0
2016-12-06 00:00:00+09:00,887.6016150336214,893.5758566732709,885.8946888508646,888.455078125,4900,0.0,0.0
2016-12-07 00:00:00+09:00,892.7224106995158,899.5501155614623,885.8947058375692,886.7481689453125,6800,0.0,0.0
2016-12-08 00:00:00+09:00,886.748149608006,913.2055053710938,886.748149608006,913.2055053710938,3500,0.0,0.0
2016-12-09 00:00:00+09:00,904.6709623522057,922.5936889648438,904.6709623522057,922.5936889648438,3800,0.0,0.0
2016-12-12 00:00:00+09:00,938.8094482421875,942.2233007812499,926.007501220703,938.8094482421875,10700,0.0,0.0
2016-12-13 00:00:00+09:00,938.8094579548344,944.7836999600016,938.8094579548344,943.9302368164062,3500,0.0,0.0
2016-12-14 00:00:00+09:00,941.3698376464844,947.3440795898437,938.8094482421875,938.8094482421875,3500,0.0,0.0
2016-12-15 00:00:00+09:00,937.9559803247028,957.5856323242188,937.9559803247028,957.5856323242188,4000,0.0,0.0
2016-12-16 00:00:00+09:00,957.5856645003608,957.5856645003608,931.1283065685327,942.2233276367188,5900,0.0,0.0
2016-12-19 00:00:00+09:00,951.6114223867222,951.6114223867222,942.2233276367188,942.2233276367188,4300,0.0,0.0
2016-12-20 00:00:00+09:00,942.2233105292157,945.6371631035969,932.8352159496674,943.9302368164062,2900,0.0,0.0
2016-12-21 00:00:00+09:00,947.3439753605769,953.3182166466346,943.07666015625,943.07666015625,2900,0.0,0.0
2016-12-22 00:00:00+09:00,943.9301604540359,955.0251804232063,941.3697712303813,951.611328125,2400,0.0,0.0
2016-12-26 00:00:00+09:00,947.3439707074847,959.2924532209124,947.3439707074847,955.8786010742188,2500,0.0,0.0
2016-12-27 00:00:00+09:00,963.5599443093674,964.4134075018469,955.8787755770518,956.7322387695312,3100,0.0,0.0
2016-12-28 00:00:00+09:00,962.7064208984375,962.7064208984375,962.7064208984375,962.7064208984375,700,0.0,0.0
2016-12-29 00:00:00+09:00,963.5597153459946,971.2408822530929,945.6369925627654,955.0250854492188,2900,0.0,0.0
2016-12-30 00:00:00+09:00,969.5340371997331,969.5340371997331,959.29248046875,959.29248046875,400,0.0,0.0
2017-01-04 00:00:00+09:00,967.8273142425107,971.2411672028018,961.8530715620013,969.5342407226562,1900,0.0,0.0
2017-01-05 00:00:00+09:00,970.387451171875,970.387451171875,966.1201360831684,970.387451171875,1700,0.0,0.0
2017-01-06 00:00:00+09:00,972.0945296427058,992.5776452804802,970.3876033395579,991.7241821289062,5200,0.0,0.0
2017-01-10 00:00:00+09:00,991.724208825244,995.1380615234375,981.4826507306631,995.1380615234375,3200,0.0,0.0
2017-01-11 00:00:00+09:00,996.8449181930163,996.8449181930163,994.2845288483423,995.991455078125,3100,0.0,0.0
2017-01-12 00:00:00+09:00,1001.965679759343,1001.965679759343,977.2152498504665,997.6983642578125,4000,0.0,0.0
2017-01-13 00:00:00+09:00,982.3361139052115,997.6984510470828,982.3361139052115,995.1380615234375,1500,0.0,0.0
2017-01-16 00:00:00+09:00,1000.258840570728,1000.258840570728,995.1380615234375,995.1380615234375,300,0.0,0.0
2017-01-17 00:00:00+09:00,995.1379991717334,997.698388534954,984.0429785977776,989.1637573242188,1200,0.0,0.0
2017-01-18 00:00:00+09:00,985.7499571175412,990.0172729492188,985.7499571175412,990.0172729492188,2600,0.0,0.0
2017-01-19 00:00:00+09:00,990.0172729492188,990.0172729492188,982.3361044521989,990.0172729492188,1000,0.0,0.0
2017-01-20 00:00:00+09:00,991.7240307341442,991.7240307341442,982.3359375,982.3359375,900,0.0,0.0
2017-01-23 00:00:00+09:00,982.3359562962937,986.603271484375,982.3359562962937,986.603271484375,1200,0.0,0.0
2017-01-24 00:00:00+09:00,981.4827011650992,991.7242597859524,980.6292379466947,984.0430908203125,2100,0.0,0.0
2017-01-25 00:00:00+09:00,984.8964275473736,1002.8191528320312,984.8964275473736,1002.8191528320312,3900,0.0,0.0
2017-01-26 00:00:00+09:00,1006.2329186016918,1006.2329186016918,1005.3794555664062,1005.3794555664062,1100,0.0,0.0
2017-01-27 00:00:00+09:00,1005.3795421584109,1006.2330052672041,990.0172062001329,1002.8191528320312,1400,0.0,0.0
2017-01-30 00:00:00+09:00,1001.965603425264,1005.3794555664062,990.0171209312659,1005.3794555664062,2800,0.0,0.0
2017-01-31 00:00:00+09:00,1002.8190882220338,1005.3794773834518,990.87060546875,990.87060546875,1100,0.0,0.0
2017-02-01 00:00:00+09:00,981.4825951636254,984.0429845423131,976.36181640625,976.36181640625,4400,0.0,0.0
2017-02-02 00:00:00+09:00,973.8014973250679,989.163834706182,973.8014973250679,981.482666015625,2100,0.0,0.0
2017-02-03 00:00:00+09:00,981.4824492720633,985.7497642688983,980.6289862726962,984.8963012695312,1700,0.0,0.0
2017-02-06 00:00:00+09:00,988.310302734375,988.310302734375,980.6291345784084,988.310302734375,1800,0.0,0.0
2017-02-07 00:00:00+09:00,987.4568834502122,990.0172729492188,987.4568834502122,990.0172729492188,800,0.0,0.0
2017-02-08 00:00:00+09:00,977.2152316693179,993.4310302734376,977.2152316693179,993.4310302734375,1400,0.0,0.0
2017-02-09 00:00:00+09:00,994.2844933578649,994.2844933578649,993.4310302734376,993.4310302734375,400,0.0,0.0
2017-02-10 00:00:00+09:00,993.4310458096592,993.4310458096592,979.7756362452652,985.7498779296875,1000,0.0,0.0
2017-02-13 00:00:00+09:00,990.8706565163353,990.8706565163353,985.7498779296875,985.7498779296875,2000,0.0,0.0
2017-02-14 00:00:00+09:00,994.2844933578649,994.2844933578649,993.4310302734376,993.4310302734375,500,0.0,0.0
2017-02-15 00:00:00+09:00,990.0172824761471,995.1380615234375,990.0172824761471,995.1380615234375,900,0.0,0.0
2017-02-16 00:00:00+09:00,995.1380615234375,995.1380615234375,990.8707456506955,995.1380615234375,1300,0.0,0.0
2017-02-17 00:00:00+09:00,990.017142414944,993.4309946301679,990.017142414944,990.87060546875,1500,0.0,0.0
2017-02-20 00:00:00+09:00,998.5517934033328,1001.1121826171875,991.7240888330537,1001.1121826171875,2900,0.0,0.0
2017-02-21 00:00:00+09:00,1003.6727294921875,1003.6727294921875,1001.112339876136,1003.6727294921875,2500,0.0,0.0
2017-02-22 00:00:00+09:00,1004.5259925311207,1005.3794555664062,1001.965603425264,1005.3794555664062,2700,0.0,0.0
2017-02-23 00:00:00+09:00,1007.0865124853972,1013.9142176547897,998.5518810236565,1004.526123046875,6400,0.0,0.0
2017-02-24 00:00:00+09:00,1022.4487031716199,1022.4487031716199,1015.6209989768178,1019.0348510742188,3800,0.0,0.0
2017-02-27 00:00:00+09:00,1020.7418297675863,1023.3022189726889,1014.7675882890135,1019.8883666992188,5400,0.0,0.0
2017-02-28 00:00:00+09:00,1021.5952505493165,1024.1556396484375,1020.7417875162761,1024.1556396484375,2400,0.0,0.0
2017-03-01 00:00:00+09:00,1024.1556752649626,1034.3972320176122,1024.1556752649626,1026.716064453125,5000,0.0,0.0
2017-03-02 00:00:00+09:00,1039.5182930363767,1039.5182930363767,1019.8886372565437,1035.2509765625,5400,0.0,0.0
2017-03-03 00:00:00+09:00,1036.9575721339174,1040.3714242232472,1033.5437200445879,1037.81103515625,3300,0.0,0.0
2017-03-06 00:00:00+09:00,1040.3714599609375,1041.2249230125872,1039.5179969092878,1040.3714599609375,1100,0.0,0.0
2017-03-07 00:00:00+09:00,1042.0784912109375,1042.9319543487024,1034.3973229710534,1042.0784912109375,1800,0.0,0.0
2017-03-08 00:00:00+09:00,1044.6389504354509,1045.4924136302511,1041.22509765625,1041.22509765625,2200,0.0,0.0
2017-03-09 00:00:00+09:00,1043.785488827302,1053.173583984375,1042.078562435107,1053.173583984375,4200,0.0,0.0
2017-03-10 00:00:00+09:00,1066.828857421875,1069.3892466796874,1054.0269111328125,1066.828857421875,5000,0.0,0.0
2017-03-13 00:00:00+09:00,1066.8287397939948,1078.7772216796875,1066.8287397939948,1078.7772216796875,3500,0.0,0.0
2017-03-14 00:00:00+09:00,1089.8722975598919,1092.432686669273,1080.4842041588277,1091.5792236328125,5200,0.0,0.0
2017-03-15 00:00:00+09:00,1091.5792387233944,1092.4327017716537,1083.8980712890625,1083.8980712890625,2600,0.0,0.0
2017-03-16 00:00:00+09:00,1084.7516381546443,1105.2347532732215,1071.096228075593,1079.630859375,7700,0.0,0.0
2017-03-17 00:00:00+09:00,1073.6565682615658,1090.725830078125,1073.6565682615658,1090.725830078125,3100,0.0,0.0
2017-03-21 00:00:00+09:00,1071.096131665477,1073.656520824837,1046.345703125,1046.345703125,13100,0.0,0.0
2017-03-22 00:00:00+09:00,1045.492343761997,1066.8289222061194,1024.1557653178747,1042.0784912109375,4800,0.0,0.0
2017-03-23 00:00:00+09:00,1046.3458948501277,1047.1993580596302,1032.6904834980867,1045.492431640625,1700,0.0,0.0
2017-03-24 00:00:00+09:00,1060.001253015855,1060.001253015855,1034.3973580154718,1044.638916015625,1000,0.0,0.0
2017-03-27 00:00:00+09:00,1038.6644792123632,1038.6644792123632,1028.4229231313868,1033.543701171875,4200,0.0,0.0
2017-03-28 00:00:00+09:00,1025.0091400398696,1032.6903076171875,1022.4487508474302,1032.6903076171875,10200,0.0,0.0
2017-03-29 00:00:00+09:00,1010.3154703776041,1010.3154703776041,993.9645385742188,996.5462646484375,6300,10.0,0.0
2017-03-30 00:00:00+09:00,993.9644155452388,993.9644155452388,986.21923828125,986.21923828125,1000,0.0,0.0
2017-03-31 00:00:00+09:00,985.3587432834007,986.2193186050456,959.541483634054,961.2626342773438,3400,0.0,0.0
2017-04-03 00:00:00+09:00,968.1472370694603,968.1472370694603,961.2626344947441,966.4260864257812,700,0.0,0.0
2017-04-04 00:00:00+09:00,948.3539200394241,948.3539200394241,929.4212646484375,929.4212646484375,2900,0.0,0.0
2017-04-05 00:00:00+09:00,926.8397026610626,926.8397026610626,897.5801391601562,897.5801391601562,2500,0.0,0.0
2017-04-06 00:00:00+09:00,896.7194827703154,937.166522780109,895.8589074509581,904.4646606445312,2500,0.0,0.0
2017-04-07 00:00:00+09:00,946.6329361856097,959.5415671335952,904.4647417555234,910.48876953125,3700,0.0,0.0
2017-04-10 00:00:00+09:00,911.3492232014362,915.652099609375,911.3492232014362,915.652099609375,1700,0.0,0.0
2017-04-11 00:00:00+09:00,916.5125928195017,916.5125928195017,912.209716796875,912.209716796875,3000,0.0,0.0
2017-04-12 00:00:00+09:00,911.3492225104599,911.3492225104599,907.9069213867188,907.9069213867188,10500,0.0,0.0
2017-04-13 00:00:00+09:00,907.9068403144771,909.6279907226562,904.4645394981189,909.6279907226562,1200,0.0,0.0
2017-04-14 00:00:00+09:00,906.1856903651975,912.209716796875,906.1856903651975,912.209716796875,1400,0.0,0.0
2017-04-17 00:00:00+09:00,903.6040649414062,903.6040649414062,902.7434896414621,903.6040649414062,1300,0.0,0.0
2017-04-18 00:00:00+09:00,897.5800173232478,900.1617431640625,897.5800173232478,900.1617431640625,500,0.0,0.0
2017-04-19 00:00:00+09:00,900.1617431640625,900.1617431640625,900.1617431640625,900.1617431640625,800,0.0,0.0
2017-04-20 00:00:00+09:00,911.3493041992188,911.3493041992188,911.3493041992188,911.3493041992188,1700,0.0,0.0
2017-04-21 00:00:00+09:00,911.3492838925173,913.0704345703125,904.4646811813368,913.0704345703125,1000,0.0,0.0
2017-04-24 00:00:00+09:00,913.0703726042101,913.0703726042101,902.7434692382812,902.7434692382812,4300,0.0,0.0
2017-04-25 00:00:00+09:00,913.9309707515496,1160.9160824329947,913.9309707515496,937.16650390625,182400,0.0,0.0
2017-04-26 00:00:00+09:00,962.9836992051866,968.1471506754557,914.7914854826751,929.4212646484375,20900,0.0,0.0
2017-04-27 00:00:00+09:00,935.4454142252604,944.0511678059895,920.8156331380208,932.0031127929688,4000,0.0,0.0
2017-04-28 00:00:00+09:00,930.2819211596112,930.2819211596112,916.5127160360646,925.1184692382812,2600,0.0,0.0
2017-05-01 00:00:00+09:00,916.5126141992371,920.8154903222382,916.5126141992371,918.2337646484375,1600,0.0,0.0
2017-05-02 00:00:00+09:00,918.2338055288602,924.2578323692558,917.3732302659466,919.9549560546875,1600,0.0,0.0
2017-05-08 00:00:00+09:00,925.118530160514,930.281982421875,925.118530160514,930.281982421875,1300,0.0,0.0
2017-05-09 00:00:00+09:00,930.2818805457708,938.0270580896303,925.1184288498647,928.5607299804688,4300,0.0,0.0
2017-05-10 00:00:00+09:00,929.4214070449815,930.281982421875,927.7002562911945,930.281982421875,500,0.0,0.0
2017-05-11 00:00:00+09:00,925.1185915363368,928.560893272286,920.8157143664004,922.536865234375,3100,0.0,0.0
2017-05-12 00:00:00+09:00,921.6762084960938,936.3059895833333,921.6762084960938,926.8396606445312,2700,0.0,0.0
2017-05-15 00:00:00+09:00,890.6953924853467,894.9982687775465,869.181011024348,878.6473388671875,23200,0.0,0.0
2017-05-16 00:00:00+09:00,880.3684677893755,886.3924944506908,869.1809897040755,870.0415649414062,9800,0.0,0.0
2017-05-17 00:00:00+09:00,870.9021808284344,871.7627561059329,869.1810302734375,869.1810302734375,2300,0.0,0.0
2017-05-18 00:00:00+09:00,868.3205770664916,869.1811524649718,860.5753984801701,866.5994262695312,2300,0.0,0.0
2017-05-19 00:00:00+09:00,867.4599609375,877.786865234375,867.4599609375,877.786865234375,1800,0.0,0.0
2017-05-22 00:00:00+09:00,885.5320642053549,885.5320642053549,864.878255127679,868.320556640625,1800,0.0,0.0
2017-05-23 00:00:00+09:00,869.1811319584903,878.6474611184342,869.1811319584903,870.9022827148438,1800,0.0,0.0
2017-05-24 00:00:00+09:00,872.6232899224581,875.2050156322878,860.5752366099192,864.8781127929688,3900,0.0,0.0
2017-05-25 00:00:00+09:00,870.041707397098,871.762858153571,864.878255127679,868.320556640625,3100,0.0,0.0
2017-05-26 00:00:00+09:00,871.7627561059329,871.7627561059329,865.7387291634437,869.1810302734375,1700,0.0,0.0
2017-05-29 00:00:00+09:00,876.065673342756,876.065673342756,864.8781942136245,865.73876953125,2200,0.0,0.0
2017-05-30 00:00:00+09:00,862.2964477539062,864.878173645385,862.2964477539062,862.2964477539062,2000,0.0,0.0
2017-05-31 00:00:00+09:00,867.4597789154956,875.2049555129554,864.878053383009,872.6232299804688,1500,0.0,0.0
2017-06-01 00:00:00+09:00,873.4839884440104,874.3445638020833,863.1570841471354,867.4599609375,2100,0.0,0.0
2017-06-02 00:00:00+09:00,867.4600016680114,874.3446048558528,866.5994262695312,866.5994262695312,1800,0.0,0.0
2017-06-05 00:00:00+09:00,867.4599406928677,871.7628173828125,867.4599406928677,871.7628173828125,1500,0.0,0.0
2017-06-06 00:00:00+09:00,866.5992639920831,873.4838658907294,866.5992639920831,870.0415649414062,1000,0.0,0.0
2017-06-07 00:00:00+09:00,872.6232899224581,873.4838651590679,864.8781127929688,864.8781127929688,3200,0.0,0.0
2017-06-08 00:00:00+09:00,870.9023241991991,870.9023241991991,859.71484375,859.71484375,6900,0.0,0.0
2017-06-09 00:00:00+09:00,859.714662093437,870.0415649414062,857.9935116187755,870.0415649414062,3300,0.0,0.0
2017-06-12 00:00:00+09:00,873.4840294573726,873.4840294573726,858.8542476832097,866.5994262695312,3200,0.0,0.0
2017-06-13 00:00:00+09:00,860.575317625497,865.73876953125,859.7147423078715,865.73876953125,4000,0.0,0.0
2017-06-14 00:00:00+09:00,860.5752563476562,860.5752563476562,860.5752563476562,860.5752563476562,3500,0.0,0.0
2017-06-15 00:00:00+09:00,860.5754191691691,860.5754191691691,859.71484375,859.71484375,1000,0.0,0.0
2017-06-16 00:00:00+09:00,859.71484375,859.71484375,858.8542683308308,859.71484375,2500,0.0,0.0
2017-06-19 00:00:00+09:00,858.8541259765625,858.8541259765625,857.9935507000329,858.8541259765625,2500,0.0,0.0
2017-06-20 00:00:00+09:00,858.8542683308308,859.71484375,856.2725420733233,859.71484375,2400,0.0,0.0
2017-06-21 00:00:00+09:00,863.1570432121559,863.1570432121559,856.272440674073,857.9935913085938,2100,0.0,0.0
2017-06-22 00:00:00+09:00,857.9936319986979,861.4359334309895,856.272481282552,857.133056640625,2000,0.0,0.0
2017-06-23 00:00:00+09:00,859.7146810913086,860.5752563476562,859.7146810913086,860.5752563476562,600,0.0,0.0
2017-06-26 00:00:00+09:00,861.435831604004,861.435831604004,851.9695037841798,860.5752563476562,5500,0.0,0.0
2017-06-27 00:00:00+09:00,861.4359945883383,861.4359945883383,853.6908158158158,859.71484375,1400,0.0,0.0
2017-06-28 00:00:00+09:00,853.6907552083333,858.8542073567708,852.8301798502604,857.133056640625,2000,0.0,0.0
2017-06-29 00:00:00+09:00,870.041604072817,870.041604072817,852.8300985520887,853.690673828125,5700,0.0,0.0
2017-06-30 00:00:00+09:00,854.5512693462949,857.9935705319799,851.9695434570312,851.9695434570312,2400,0.0,0.0
2017-07-03 00:00:00+09:00,852.8301194851507,864.0175983482254,852.8301194851507,862.2964477539062,2300,0.0,0.0
2017-07-04 00:00:00+09:00,857.9935911857865,857.9935911857865,855.411865234375,855.411865234375,500,0.0,0.0
2017-07-05 00:00:00+09:00,858.8542278455317,859.7148032241344,852.8302001953125,852.8302001953125,1600,0.0,0.0
2017-07-06 00:00:00+09:00,857.9935507000329,858.8541259765625,853.6906743173847,858.8541259765625,1600,0.0,0.0
2017-07-07 00:00:00+09:00,854.551350529486,870.9022827148438,854.551350529486,870.9022827148438,5500,0.0,0.0
2017-07-10 00:00:00+09:00,864.8781127929688,864.8781127929688,864.8781127929688,864.8781127929688,200,0.0,0.0
2017-07-11 00:00:00+09:00,864.8781526651813,865.7387279414651,856.2723999023438,856.2723999023438,2500,0.0,0.0
2017-07-12 00:00:00+09:00,862.29642683633,862.29642683633,856.2723999023438,856.2723999023438,2500,0.0,0.0
2017-07-13 00:00:00+09:00,857.133056640625,857.133056640625,857.133056640625,857.133056640625,100,0.0,0.0
2017-07-14 00:00:00+09:00,859.7147218624275,862.2964477539062,859.7147218624275,862.2964477539062,500,0.0,0.0
2017-07-17 00:00:00+09:00,862.2964477539062,862.2964477539062,862.2964477539062,862.2964477539062,0,0.0,0.0
2017-07-18 00:00:00+09:00,860.5752762837625,860.5752762837625,856.2723999023438,856.2723999023438,600,0.0,0.0
2017-07-19 00:00:00+09:00,857.1329751786275,857.1329751786275,856.2723999023438,856.2723999023438,200,0.0,0.0
2017-07-20 00:00:00+09:00,856.2723999023438,856.2723999023438,856.2723999023438,856.2723999023438,100,0.0,0.0
2017-07-21 00:00:00+09:00,859.71484375,859.71484375,859.71484375,859.71484375,500,0.0,0.0
2017-07-24 00:00:00+09:00,857.133036457685,864.0176391601562,857.133036457685,864.0176391601562,900,0.0,0.0
2017-07-25 00:00:00+09:00,864.0175573730469,864.0175573730469,854.5512295532227,860.5752563476562,2200,0.0,0.0
2017-07-26 00:00:00+09:00,864.0176391601562,864.0176391601562,864.0176391601562,864.0176391601562,900,0.0,0.0
2017-07-27 00:00:00+09:00,864.017496582518,864.017496582518,860.5751957993207,863.1569213867188,1000,0.0,0.0
2017-07-28 00:00:00+09:00,864.0176185294164,864.0176185294164,855.4118653568125,857.9935913085938,1700,0.0,0.0
2017-07-31 00:00:00+09:00,860.5753580729166,867.4599609375,860.5753580729166,867.4599609375,6000,0.0,0.0
2017-08-01 00:00:00+09:00,856.2725420733233,865.7388716841841,851.9696649774775,859.71484375,7200,0.0,0.0
2017-08-02 00:00:00+09:00,850.2484741210938,856.2725017717493,850.2484741210938,850.2484741210938,3000,0.0,0.0
2017-08-03 00:00:00+09:00,855.4118032697494,855.4118032697494,847.6666259765625,847.6666259765625,2900,0.0,0.0
2017-08-04 00:00:00+09:00,849.3877764861595,849.3877764861595,847.6666259765625,847.6666259765625,600,0.0,0.0
2017-08-07 00:00:00+09:00,851.9695634705957,851.9695634705957,845.0849609375,845.0849609375,2000,0.0,0.0
2017-08-08 00:00:00+09:00,851.1090291341145,851.1090291341145,843.3638509114583,844.2244262695312,2200,0.0,0.0
2017-08-09 00:00:00+09:00,845.9455565156809,849.3878578646766,840.7821044921875,840.7821044921875,1600,0.0,0.0
2017-08-10 00:00:00+09:00,849.3877956967889,849.3877956967889,835.6185913085938,835.6185913085938,1200,0.0,0.0
2017-08-11 00:00:00+09:00,835.6185913085938,835.6185913085938,835.6185913085938,835.6185913085938,0,0.0,0.0
2017-08-14 00:00:00+09:00,832.1762490598312,832.1762490598312,830.4550985964189,831.315673828125,1200,0.0,0.0
2017-08-15 00:00:00+09:00,843.363809674331,843.363809674331,832.1763305664062,832.1763305664062,1200,0.0,0.0
2017-08-16 00:00:00+09:00,832.1763305664062,832.1763305664062,831.315755250412,832.1763305664062,2300,0.0,0.0
2017-08-17 00:00:00+09:00,832.1762899603725,834.7580157823799,830.4551394123677,833.036865234375,1700,0.0,0.0
2017-08-18 00:00:00+09:00,832.1763305664062,832.1763305664062,832.1763305664062,832.1763305664062,200,0.0,0.0
2017-08-21 00:00:00+09:00,833.0369061335753,837.3397827148438,833.0369061335753,837.3397827148438,1200,0.0,0.0
2017-08-22 00:00:00+09:00,837.3398438129228,840.7821453291116,834.7581176757812,834.7581176757812,1700,0.0,0.0
2017-08-23 00:00:00+09:00,836.4791663303848,836.4791663303848,833.036865234375,833.036865234375,300,0.0,0.0
2017-08-24 00:00:00+09:00,830.4551796808947,830.4551796808947,827.0128784179688,827.0128784179688,1900,0.0,0.0
2017-08-25 00:00:00+09:00,834.7580162847311,838.2003173828125,826.1522635395277,838.2003173828125,1400,0.0,0.0
2017-08-28 00:00:00+09:00,838.20041919197,838.20041919197,834.7581176757812,834.7581176757812,2000,0.0,0.0
2017-08-29 00:00:00+09:00,834.758077131445,840.7821044921875,834.758077131445,840.7821044921875,1000,0.0,0.0
2017-08-30 00:00:00+09:00,834.7581174887481,842.5032958984375,834.7581174887481,842.5032958984375,900,0.0,0.0
2017-08-31 00:00:00+09:00,841.6426179743995,841.6426179743995,833.036865234375,833.036865234375,1700,0.0,0.0
2017-09-01 00:00:00+09:00,839.0608921523922,843.3637685224044,833.036865234375,833.036865234375,1000,0.0,0.0
2017-09-04 00:00:00+09:00,841.6426182284291,841.6426182284291,835.6185913085938,835.6185913085938,500,0.0,0.0
2017-09-05 00:00:00+09:00,833.8973995232435,833.8973995232435,831.315673828125,831.315673828125,1000,0.0,0.0
2017-09-06 00:00:00+09:00,827.0128585768189,833.8974609375,827.0128585768189,833.8974609375,700,0.0,0.0
2017-09-07 00:00:00+09:00,840.782042700397,840.782042700397,833.036865234375,833.036865234375,1300,0.0,0.0
2017-09-08 00:00:00+09:00,833.036865234375,833.036865234375,833.036865234375,833.036865234375,0,0.0,0.0
2017-09-11 00:00:00+09:00,833.0368242915373,833.0368242915373,831.315673828125,831.315673828125,2100,0.0,0.0
2017-09-12 00:00:00+09:00,833.0369056280892,836.4792068910152,817.5465499449223,827.0128784179688,4000,0.0,0.0
2017-09-13 00:00:00+09:00,837.3398028912322,837.3398028912322,829.5946248583225,830.4552001953125,800,0.0,0.0
2017-09-14 00:00:00+09:00,830.4552001953125,831.3157755323025,830.4552001953125,830.4552001953125,1600,0.0,0.0
2017-09-15 00:00:00+09:00,828.7340293024293,832.1763305664062,827.8734539864352,832.1763305664062,2400,0.0,0.0
2017-09-18 00:00:00+09:00,832.1763305664062,832.1763305664062,832.1763305664062,832.1763305664062,0,0.0,0.0
2017-09-19 00:00:00+09:00,833.036926142639,836.4792274903358,827.8734741210938,827.8734741210938,6700,0.0,0.0
2017-09-20 00:00:00+09:00,833.0368856424149,834.7580362325851,833.0368856424149,833.8974609375,1100,0.0,0.0
2017-09-21 00:00:00+09:00,834.7580567660826,841.6426592961121,834.7580567660826,837.3397827148438,5000,0.0,0.0
2017-09-22 00:00:00+09:00,837.3397416043872,837.3397416043872,824.4311124943505,833.036865234375,3200,0.0,0.0
2017-09-25 00:00:00+09:00,837.3397623069983,837.3397623069983,830.4551599447619,836.4791870117188,2300,0.0,0.0
2017-09-26 00:00:00+09:00,837.3397421082921,838.2003173828125,832.1762904611701,838.2003173828125,2800,0.0,0.0
2017-09-27 00:00:00+09:00,839.0698680388622,847.764892578125,839.0698680388622,847.764892578125,1400,10.0,0.0
2017-09-28 00:00:00+09:00,843.4174019949776,843.4174019949776,839.9393920898438,839.9393920898438,1000,0.0,0.0
2017-09-29 00:00:00+09:00,839.0699462890625,839.0699462890625,839.0699462890625,839.0699462890625,700,0.0,0.0
2017-10-02 00:00:00+09:00,842.5479342168851,846.8954467773438,839.0699241685181,846.8954467773438,1900,0.0,0.0
2017-10-03 00:00:00+09:00,846.8954906974872,847.7649932546714,842.5479779115658,843.41748046875,3100,0.0,0.0
2017-10-04 00:00:00+09:00,846.8953157903727,847.7648181679808,843.4173062799399,845.1563110351562,3700,0.0,0.0
2017-10-05 00:00:00+09:00,845.1563676702498,845.1563676702498,839.0698506191266,844.286865234375,3100,0.0,0.0
2017-10-06 00:00:00+09:00,841.6783269985089,844.2868342102811,838.2003173828125,838.2003173828125,2600,0.0,0.0
2017-10-09 00:00:00+09:00,838.2003173828125,838.2003173828125,838.2003173828125,838.2003173828125,0,0.0,0.0
2017-10-10 00:00:00+09:00,839.0698765074353,844.2868912836474,837.3308715820312,837.3308715820312,1700,0.0,0.0
2017-10-11 00:00:00+09:00,840.8088423043243,841.6783447265625,839.0698374598479,841.6783447265625,1300,0.0,0.0
2017-10-12 00:00:00+09:00,842.5479564291207,843.4174589641353,839.0699462890625,839.0699462890625,2000,0.0,0.0
2017-10-13 00:00:00+09:00,839.0698197867366,839.0698197867366,838.2003173828125,838.2003173828125,1400,0.0,0.0
2017-10-16 00:00:00+09:00,839.0699462890625,839.0699462890625,837.3309412190333,839.0699462890625,2300,0.0,0.0
2017-10-17 00:00:00+09:00,839.0699462890625,839.0699462890625,839.0699462890625,839.0699462890625,1600,0.0,0.0
2017-10-18 00:00:00+09:00,838.2003652709581,838.2003652709581,835.5918579101562,835.5918579101562,2300,0.0,0.0
2017-10-19 00:00:00+09:00,835.5918579101562,835.5918579101562,835.5918579101562,835.5918579101562,0,0.0,0.0
2017-10-20 00:00:00+09:00,837.3308715820312,837.3308715820312,837.3308715820312,837.3308715820312,600,0.0,0.0
2017-10-23 00:00:00+09:00,839.0698197867366,839.9393221906607,837.3308149788885,838.2003173828125,2300,0.0,0.0
2017-10-24 00:00:00+09:00,838.2003306376034,840.808837890625,838.2003306376034,840.808837890625,4000,0.0,0.0
2017-10-25 00:00:00+09:00,838.2004651256443,843.41748046875,838.2004651256443,843.41748046875,3400,0.0,0.0
2017-10-26 00:00:00+09:00,843.4174589641353,845.1564640341645,839.0699462890625,839.0699462890625,4900,0.0,0.0
2017-10-27 00:00:00+09:00,839.0698197867366,839.0698197867366,837.3308149788885,838.2003173828125,2300,0.0,0.0
2017-10-30 00:00:00+09:00,838.2003173828125,841.6783269985089,838.2003173828125,838.2003173828125,1600,0.0,0.0
2017-10-31 00:00:00+09:00,838.2003394285346,842.5478515625,838.2003394285346,842.5478515625,800,0.0,0.0
2017-11-01 00:00:00+09:00,839.9393442821207,842.5478515625,839.0698418553277,842.5478515625,2300,0.0,0.0
2017-11-02 00:00:00+09:00,842.5478515625,842.5478515625,842.5478515625,842.5478515625,0,0.0,0.0
2017-11-03 00:00:00+09:00,842.5478515625,842.5478515625,842.5478515625,842.5478515625,0,0.0,0.0
2017-11-06 00:00:00+09:00,835.5919361490043,839.0699462890625,834.7224336139897,839.0699462890625,5100,0.0,0.0
2017-11-07 00:00:00+09:00,840.8088945661272,840.8088945661272,835.5918797084263,839.9393920898438,3000,0.0,0.0
2017-11-08 00:00:00+09:00,843.4174372355143,843.4174372355143,834.722412109375,834.722412109375,6600,0.0,0.0
2017-11-09 00:00:00+09:00,834.7223554565558,838.2003652709581,834.7223554565558,835.5918579101562,4100,0.0,0.0
2017-11-10 00:00:00+09:00,835.591914621989,835.591914621989,834.722412109375,834.722412109375,1000,0.0,0.0
2017-11-13 00:00:00+09:00,834.722412109375,834.722412109375,834.722412109375,834.722412109375,1000,0.0,0.0
2017-11-14 00:00:00+09:00,834.722412109375,834.722412109375,834.722412109375,834.722412109375,0,0.0,0.0
2017-11-15 00:00:00+09:00,833.852909596761,834.722412109375,832.9834070841472,834.722412109375,2800,0.0,0.0
2017-11-16 00:00:00+09:00,834.722412109375,834.722412109375,834.722412109375,834.722412109375,500,0.0,0.0
2017-11-17 00:00:00+09:00,834.722412109375,834.722412109375,834.722412109375,834.722412109375,0,0.0,0.0
2017-11-20 00:00:00+09:00,834.722412109375,834.722412109375,834.722412109375,834.722412109375,0,0.0,0.0
2017-11-21 00:00:00+09:00,832.9833374023438,836.4613471618525,832.9833374023438,832.9833374023438,1900,0.0,0.0
2017-11-22 00:00:00+09:00,836.4614171346029,836.4614171346029,832.9834070841472,834.722412109375,1200,0.0,0.0
2017-11-23 00:00:00+09:00,834.722412109375,834.722412109375,834.722412109375,834.722412109375,0,0.0,0.0
2017-11-24 00:00:00+09:00,836.4613125749644,838.2003173828125,833.8528053631921,838.2003173828125,1200,0.0,0.0
2017-11-27 00:00:00+09:00,839.0699462890625,839.0699462890625,832.9834285439605,839.0699462890625,3800,0.0,0.0
2017-11-28 00:00:00+09:00,832.1138785500196,832.1138785500196,829.50537109375,829.50537109375,4000,0.0,0.0
2017-11-29 00:00:00+09:00,827.7662919583005,827.7662919583005,826.8967895507812,826.8967895507812,1300,0.0,0.0
2017-11-30 00:00:00+09:00,832.9834070841472,834.722412109375,831.2444020589193,834.722412109375,1600,0.0,0.0
2017-12-01 00:00:00+09:00,834.722412109375,834.722412109375,834.722412109375,834.722412109375,0,0.0,0.0
2017-12-04 00:00:00+09:00,834.722412109375,834.722412109375,834.722412109375,834.722412109375,0,0.0,0.0
2017-12-05 00:00:00+09:00,834.722412109375,834.722412109375,832.1139045715332,834.722412109375,400,0.0,0.0
2017-12-06 00:00:00+09:00,835.5918579101562,837.3308628173575,835.5918579101562,835.5918579101562,1100,0.0,0.0
2017-12-07 00:00:00+09:00,839.0698677245587,839.0698677245587,835.5918579101562,835.5918579101562,2600,0.0,0.0
2017-12-08 00:00:00+09:00,835.5918579101562,835.5918579101562,835.5918579101562,835.5918579101562,0,0.0,0.0
2017-12-11 00:00:00+09:00,835.5919361490043,839.0699462890625,834.7224336139897,839.0699462890625,4600,0.0,0.0
2017-12-12 00:00:00+09:00,836.4613603637569,836.4613603637569,835.5918579101562,835.5918579101562,500,0.0,0.0
2017-12-13 00:00:00+09:00,835.5918579101562,835.5918579101562,835.5918579101562,835.5918579101562,0,0.0,0.0
2017-12-14 00:00:00+09:00,837.3308715820312,837.3308715820312,837.3308715820312,837.3308715820312,300,0.0,0.0
2017-12-15 00:00:00+09:00,837.3308715820312,837.3308715820312,837.3308715820312,837.3308715820312,0,0.0,0.0
2017-12-18 00:00:00+09:00,835.591914621989,835.591914621989,834.722412109375,834.722412109375,1200,0.0,0.0
2017-12-19 00:00:00+09:00,834.7223422820981,834.7223422820981,832.9833374023438,832.9833374023438,1200,0.0,0.0
2017-12-20 00:00:00+09:00,832.9833374023438,832.9833374023438,832.9833374023438,832.9833374023438,0,0.0,0.0
2017-12-21 00:00:00+09:00,834.722412109375,834.722412109375,833.852909596761,834.722412109375,700,0.0,0.0
2017-12-22 00:00:00+09:00,833.852909596761,834.722412109375,833.852909596761,834.722412109375,4100,0.0,0.0
2017-12-25 00:00:00+09:00,834.722412109375,834.722412109375,830.3748995463053,834.722412109375,4000,0.0,0.0
2017-12-26 00:00:00+09:00,832.1138305664062,832.1138305664062,831.2443281311226,832.1138305664062,700,0.0,0.0
2017-12-27 00:00:00+09:00,832.1138305664062,832.1138305664062,832.1138305664062,832.1138305664062,200,0.0,0.0
2017-12-28 00:00:00+09:00,832.113874181245,835.5918841046777,828.6358642578125,828.6358642578125,3300,0.0,0.0
2017-12-29 00:00:00+09:00,828.6358642578125,828.6358642578125,828.6358642578125,828.6358642578125,0,0.0,0.0
2018-01-01 00:00:00+09:00,828.6358642578125,828.6358642578125,828.6358642578125,828.6358642578125,0,0.0,0.0
2018-01-02 00:00:00+09:00,828.6358642578125,828.6358642578125,828.6358642578125,828.6358642578125,0,0.0,0.0
2018-01-03 00:00:00+09:00,828.6358642578125,828.6358642578125,828.6358642578125,828.6358642578125,0,0.0,0.0
2018-01-04 00:00:00+09:00,829.5053970336915,834.722412109375,829.5053970336915,834.722412109375,800,0.0,0.0
2018-01-05 00:00:00+09:00,831.2443760645965,832.1138785500196,829.50537109375,829.50537109375,2300,0.0,0.0
2018-01-08 00:00:00+09:00,829.50537109375,829.50537109375,829.50537109375,829.50537109375,0,0.0,0.0
2018-01-09 00:00:00+09:00,839.9393354729511,840.808837890625,829.5053064608649,840.808837890625,18400,0.0,0.0
2018-01-10 00:00:00+09:00,840.8089296976725,840.8089296976725,831.2444020589193,834.722412109375,9200,0.0,0.0
2018-01-11 00:00:00+09:00,843.4173539892931,844.2868564160862,837.3308370017414,842.5478515625,4200,0.0,0.0
2018-01-12 00:00:00+09:00,844.286865234375,844.286865234375,844.286865234375,844.286865234375,1500,0.0,0.0
2018-01-15 00:00:00+09:00,846.8954467773438,846.8954467773438,841.6784317047934,846.8954467773438,2800,0.0,0.0
2018-01-16 00:00:00+09:00,842.5478908796252,850.3734130859375,842.5478908796252,850.3734130859375,1300,0.0,0.0
2018-01-17 00:00:00+09:00,849.5039758886818,851.2429809570312,849.5039758886818,851.2429809570312,600,0.0,0.0
2018-01-18 00:00:00+09:00,851.2429809570312,851.2429809570312,851.2429809570312,851.2429809570312,0,0.0,0.0
2018-01-19 00:00:00+09:00,850.3734784228565,851.2429809570312,849.5039758886818,851.2429809570312,500,0.0,0.0
2018-01-22 00:00:00+09:00,852.1123657226562,852.1123657226562,850.3733608946508,852.1123657226562,1400,0.0,0.0
2018-01-23 00:00:00+09:00,852.1124311130224,852.98193359375,852.1124311130224,852.98193359375,2300,0.0,0.0
2018-01-24 00:00:00+09:00,852.9818681366589,853.8513705506616,852.1123657226562,852.1123657226562,1600,0.0,0.0
2018-01-25 00:00:00+09:00,853.8513882024502,855.5903930664062,853.8513882024502,855.5903930664062,3800,0.0,0.0
2018-01-26 00:00:00+09:00,855.5904497552136,855.5904497552136,851.2429373072705,854.720947265625,3000,0.0,0.0
2018-01-29 00:00:00+09:00,851.2429067893107,855.5904190813909,848.6343994140625,848.6343994140625,2800,0.0,0.0
2018-01-30 00:00:00+09:00,848.6343994140625,848.6343994140625,848.6343994140625,848.6343994140625,0,0.0,0.0
2018-01-31 00:00:00+09:00,848.6343779743021,856.4598999023438,846.895373101404,856.4598999023438,4500,0.0,0.0
2018-02-01 00:00:00+09:00,846.8954119001115,846.8954119001115,839.9393920898438,839.9393920898438,4200,0.0,0.0
2018-02-02 00:00:00+09:00,841.6784753543815,843.41748046875,841.6784753543815,843.41748046875,500,0.0,0.0
2018-02-05 00:00:00+09:00,837.3308326153716,841.6783447265625,837.3308326153716,841.6783447265625,900,0.0,0.0
2018-02-06 00:00:00+09:00,834.7223452835333,834.7223452835333,797.333740234375,797.333740234375,27700,0.0,0.0
2018-02-07 00:00:00+09:00,806.0288172661295,808.6373247653727,805.1593147663818,807.767822265625,900,0.0,0.0
2018-02-08 00:00:00+09:00,807.7678790256896,818.2019097558384,806.8983764648438,806.8983764648438,400,0.0,0.0
2018-02-09 00:00:00+09:00,804.2897905622209,804.2897905622209,803.4202880859375,803.4202880859375,1800,0.0,0.0
2018-02-12 00:00:00+09:00,803.4202880859375,803.4202880859375,803.4202880859375,803.4202880859375,0,0.0,0.0
2018-02-13 00:00:00+09:00,803.4202216120049,803.4202216120049,790.377685546875,790.377685546875,2000,0.0,0.0
2018-02-14 00:00:00+09:00,790.377685546875,790.377685546875,790.377685546875,790.377685546875,0,0.0,0.0
2018-02-15 00:00:00+09:00,804.2897375006424,804.2897375006424,792.9862060546875,792.9862060546875,200,0.0,0.0
2018-02-16 00:00:00+09:00,792.9862060546875,792.9862060546875,792.9862060546875,792.9862060546875,0,0.0,0.0
2018-02-19 00:00:00+09:00,792.9862583705357,803.4202880859375,789.5082484654017,803.4202880859375,1300,0.0,0.0
2018-02-20 00:00:00+09:00,804.2897774264555,806.0287823506209,800.811767578125,800.811767578125,600,0.0,0.0
2018-02-21 00:00:00+09:00,800.811767578125,807.7677872747862,800.811767578125,800.811767578125,1400,0.0,0.0
2018-02-22 00:00:00+09:00,800.811767578125,800.811767578125,800.811767578125,800.811767578125,0,0.0,0.0
2018-02-23 00:00:00+09:00,800.811780657087,808.6373029436384,800.811780657087,803.4202880859375,800,0.0,0.0
2018-02-26 00:00:00+09:00,812.984727851311,812.984727851311,810.376220703125,810.376220703125,600,0.0,0.0
2018-02-27 00:00:00+09:00,810.376220703125,810.376220703125,810.376220703125,810.376220703125,0,0.0,0.0
2018-02-28 00:00:00+09:00,799.9422997678955,821.6798622615884,799.9422997678955,807.767822265625,2400,0.0,0.0
2018-03-01 00:00:00+09:00,804.289794921875,804.289794921875,795.5947701119088,804.289794921875,1000,0.0,0.0
2018-03-02 00:00:00+09:00,804.289794921875,804.289794921875,804.289794921875,804.289794921875,0,0.0,0.0
2018-03-05 00:00:00+09:00,799.9423217773438,800.8118243010148,799.9423217773438,799.9423217773438,1000,0.0,0.0
2018-03-06 00:00:00+09:00,799.9423217773438,799.9423217773438,799.9423217773438,799.9423217773438,0,0.0,0.0
2018-03-07 00:00:00+09:00,799.0726897276522,810.376220703125,799.0726897276522,810.376220703125,800,0.0,0.0
2018-03-08 00:00:00+09:00,805.1591796875,812.1151985184936,805.1591796875,805.1591796875,400,0.0,0.0
2018-03-09 00:00:00+09:00,810.3763513993911,812.1153564453125,809.5068488764304,812.1153564453125,4400,0.0,0.0
2018-03-12 00:00:00+09:00,806.8983764648438,806.8983764648438,806.8983764648438,806.8983764648438,100,0.0,0.0
2018-03-13 00:00:00+09:00,806.8982936732924,814.7238159179688,806.8982936732924,814.7238159179688,900,0.0,0.0
2018-03-14 00:00:00+09:00,814.7237326167683,814.7237326167683,807.767713554939,810.376220703125,1900,0.0,0.0
2018-03-15 00:00:00+09:00,810.376220703125,810.376220703125,810.376220703125,810.376220703125,0,0.0,0.0
2018-03-16 00:00:00+09:00,810.376220703125,810.376220703125,810.376220703125,810.376220703125,0,0.0,0.0
2018-03-19 00:00:00+09:00,804.289794921875,805.1592974028716,804.289794921875,804.289794921875,700,0.0,0.0
2018-03-20 00:00:00+09:00,804.2897285209907,806.0287333394144,791.2471923828125,791.2471923828125,3100,0.0,0.0
2018-03-21 00:00:00+09:00,791.2471923828125,791.2471923828125,791.2471923828125,791.2471923828125,0,0.0,0.0
2018-03-22 00:00:00+09:00,801.6812965469445,801.6812965469445,779.074231785317,781.6827392578125,5300,0.0,0.0
2018-03-23 00:00:00+09:00,781.6827435980903,783.4217485894097,780.8132411024305,782.55224609375,900,0.0,0.0
2018-03-26 00:00:00+09:00,782.55224609375,782.55224609375,782.55224609375,782.55224609375,0,0.0,0.0
2018-03-27 00:00:00+09:00,797.3337619462202,797.3337619462202,785.1607274126901,789.5082397460938,400,0.0,0.0
2018-03-28 00:00:00+09:00,805.475830078125,805.475830078125,805.475830078125,805.475830078125,0,18.0,0.0
2018-03-29 00:00:00+09:00,805.475830078125,805.475830078125,805.475830078125,805.475830078125,0,0.0,0.0
2018-03-30 00:00:00+09:00,805.475830078125,805.475830078125,805.475830078125,805.475830078125,0,0.0,0.0
2018-04-02 00:00:00+09:00,805.475830078125,805.475830078125,805.475830078125,805.475830078125,0,0.0,0.0
2018-04-03 00:00:00+09:00,798.3791563717984,798.3791563717984,795.7178925172258,796.60498046875,1000,0.0,0.0
2018-04-04 00:00:00+09:00,796.6049834626707,796.6049834626707,795.7178955078125,795.7178955078125,400,0.0,0.0
2018-04-05 00:00:00+09:00,793.9437166141773,802.8145961294196,793.9437166141773,796.60498046875,900,0.0,0.0
2018-04-06 00:00:00+09:00,803.7017425774732,803.7017425774732,797.4921264648438,797.4921264648438,400,0.0,0.0
2018-04-09 00:00:00+09:00,793.94369297996,803.70166015625,793.0566050548427,803.70166015625,2400,0.0,0.0
2018-04-10 00:00:00+09:00,793.0565081939864,815.2337036132812,793.0565081939864,815.2337036132812,1200,0.0,0.0
2018-04-11 00:00:00+09:00,814.3466157965095,815.2337036132812,814.3466157965095,815.2337036132812,800,0.0,0.0
2018-04-12 00:00:00+09:00,810.7984038872108,810.7984038872108,809.9113159179688,809.9113159179688,300,0.0,0.0
2018-04-13 00:00:00+09:00,824.1047234258411,824.1047234258411,809.9113159179688,809.9113159179688,1400,0.0,0.0
2018-04-16 00:00:00+09:00,809.9113159179688,809.9113159179688,809.9113159179688,809.9113159179688,0,0.0,0.0
2018-04-17 00:00:00+09:00,796.6049282308397,797.4920161241926,793.9436645507812,793.9436645507812,3200,0.0,0.0
2018-04-18 00:00:00+09:00,796.60493708726,796.60493708726,789.5082338615383,791.2824096679688,1700,0.0,0.0
2018-04-19 00:00:00+09:00,790.3952579306061,792.16943359375,789.5081700990341,792.16943359375,1300,0.0,0.0
2018-04-20 00:00:00+09:00,794.8308075529543,797.4920714175289,794.8308075529543,795.7178955078125,400,0.0,0.0
2018-04-23 00:00:00+09:00,795.7178955078125,795.7178955078125,795.7178955078125,795.7178955078125,0,0.0,0.0
2018-04-24 00:00:00+09:00,791.2822904062324,793.9435537147735,789.508114867205,790.3952026367188,1900,0.0,0.0
2018-04-25 00:00:00+09:00,786.8470071072048,798.379150390625,785.0728312174479,798.379150390625,4000,0.0,0.0
2018-04-26 00:00:00+09:00,798.3790864425811,803.7016136855317,798.3790864425811,799.2661743164062,2600,0.0,0.0
2018-04-27 00:00:00+09:00,800.1532592773438,802.8145228891309,800.1532592773438,800.1532592773438,1500,0.0,0.0
2018-04-30 00:00:00+09:00,800.1532592773438,800.1532592773438,800.1532592773438,800.1532592773438,0,0.0,0.0
2018-05-01 00:00:00+09:00,805.4758539496528,805.4758539496528,798.379150390625,798.379150390625,800,0.0,0.0
2018-05-02 00:00:00+09:00,798.379150390625,798.379150390625,798.379150390625,798.379150390625,0,0.0,0.0
2018-05-03 00:00:00+09:00,798.379150390625,798.379150390625,798.379150390625,798.379150390625,0,0.0,0.0
2018-05-04 00:00:00+09:00,798.379150390625,798.379150390625,798.379150390625,798.379150390625,0,0.0,0.0
2018-05-07 00:00:00+09:00,798.379150390625,798.379150390625,798.379150390625,798.379150390625,0,0.0,0.0
2018-05-08 00:00:00+09:00,803.70166015625,803.70166015625,803.70166015625,803.70166015625,300,0.0,0.0
2018-05-09 00:00:00+09:00,807.2499859359707,811.6854254191354,793.0565795898438,793.0565795898438,3600,0.0,0.0
2018-05-10 00:00:00+09:00,802.8145228891309,802.8145228891309,800.1532592773438,800.1532592773438,1000,0.0,0.0
2018-05-11 00:00:00+09:00,800.1533173384724,804.5887570132977,800.1533173384724,801.0404052734375,700,0.0,0.0
2018-05-14 00:00:00+09:00,800.1533025665956,806.3629179967132,792.1695112993013,805.475830078125,4200,0.0,0.0
2018-05-15 00:00:00+09:00,803.7016542409485,805.475830078125,803.7016542409485,805.475830078125,900,0.0,0.0
2018-05-16 00:00:00+09:00,805.475830078125,805.475830078125,805.475830078125,805.475830078125,0,0.0,0.0
2018-05-17 00:00:00+09:00,812.5725039147603,814.3466796875,803.7016250510621,814.3466796875,1400,0.0,0.0
2018-05-18 00:00:00+09:00,814.3466826161225,814.3466826161225,804.5887158309621,813.4595947265625,900,0.0,0.0
2018-05-21 00:00:00+09:00,813.4595947265625,813.4595947265625,813.4595947265625,813.4595947265625,0,0.0,0.0
2018-05-22 00:00:00+09:00,814.346662248884,819.669189453125,814.346662248884,819.669189453125,500,0.0,0.0
2018-05-23 00:00:00+09:00,819.6692070057189,819.6692070057189,814.3466796875,814.3466796875,1500,0.0,0.0
2018-05-24 00:00:00+09:00,812.5725039147603,814.3466796875,812.5725039147603,814.3466796875,500,0.0,0.0
2018-05-25 00:00:00+09:00,814.346725844097,818.7821655273438,814.346725844097,818.7821655273438,500,0.0,0.0
2018-05-28 00:00:00+09:00,818.7821655273438,818.7821655273438,818.7821655273438,818.7821655273438,0,0.0,0.0
2018-05-29 00:00:00+09:00,824.1046200518726,824.1046200518726,822.3304443359375,822.3304443359375,500,0.0,0.0
2018-05-30 00:00:00+09:00,822.3304706648285,824.1046464375681,814.3466796875,814.3466796875,2500,0.0,0.0
2018-05-31 00:00:00+09:00,822.3304994581076,826.7659390452603,822.3304994581076,824.1046752929688,1100,0.0,0.0
2018-06-01 00:00:00+09:00,824.1046752929688,824.1046752929688,824.1046752929688,824.1046752929688,0,0.0,0.0
2018-06-04 00:00:00+09:00,827.653076171875,827.653076171875,827.653076171875,827.653076171875,500,0.0,0.0
2018-06-05 00:00:00+09:00,829.4271240234375,830.3142118566176,827.6529483570772,829.4271240234375,2400,0.0,0.0
2018-06-06 00:00:00+09:00,831.2013549804688,831.2013549804688,831.2013549804688,831.2013549804688,400,0.0,0.0
2018-06-07 00:00:00+09:00,831.2013549804688,831.2013549804688,831.2013549804688,831.2013549804688,0,0.0,0.0
2018-06-08 00:00:00+09:00,831.2013288501958,839.1851196289062,828.5400652572922,839.1851196289062,2300,0.0,0.0
2018-06-11 00:00:00+09:00,864.9107810572574,864.9107810572574,841.8464935623972,842.7335815429688,2100,0.0,0.0
2018-06-12 00:00:00+09:00,829.4271531215934,842.7334710861109,829.4271531215934,839.1851196289062,2400,0.0,0.0
2018-06-13 00:00:00+09:00,839.1851196289062,839.1851196289062,834.7496803074004,839.1851196289062,1600,0.0,0.0
2018-06-14 00:00:00+09:00,840.9593505859375,840.9593505859375,839.1851747408195,840.9593505859375,600,0.0,0.0
2018-06-15 00:00:00+09:00,840.9593505859375,840.9593505859375,840.9593505859375,840.9593505859375,0,0.0,0.0
2018-06-18 00:00:00+09:00,846.2818870907738,846.2818870907738,838.298095703125,838.298095703125,200,0.0,0.0
2018-06-19 00:00:00+09:00,839.185183635086,839.185183635086,829.4272163835152,838.298095703125,1600,0.0,0.0
2018-06-20 00:00:00+09:00,824.9917751002955,824.9917751002955,811.685456147065,820.5563354492188,3500,0.0,0.0
2018-06-21 00:00:00+09:00,821.4434233794341,821.4434233794341,820.5563354492188,820.5563354492188,700,0.0,0.0
2018-06-22 00:00:00+09:00,822.3304885061164,822.3304885061164,809.024169921875,809.024169921875,700,0.0,0.0
2018-06-25 00:00:00+09:00,811.6853781899252,811.6853781899252,806.3628511198274,807.2499389648438,1700,0.0,0.0
2018-06-26 00:00:00+09:00,807.2499389648438,807.2499389648438,807.2499389648438,807.2499389648438,0,0.0,0.0
2018-06-27 00:00:00+09:00,807.2499389648438,807.2499389648438,807.2499389648438,807.2499389648438,0,0.0,0.0
2018-06-28 00:00:00+09:00,807.2499389648438,807.2499389648438,807.2499389648438,807.2499389648438,0,0.0,0.0
2018-06-29 00:00:00+09:00,842.7334503042852,842.7334503042852,826.765869140625,826.765869140625,400,0.0,0.0
2018-07-02 00:00:00+09:00,826.765869140625,826.765869140625,826.765869140625,826.765869140625,0,0.0,0.0
2018-07-03 00:00:00+09:00,826.765869140625,826.765869140625,826.765869140625,826.765869140625,0,0.0,0.0
2018-07-04 00:00:00+09:00,834.7496510225184,834.7496510225184,825.8787726907169,829.4271240234375,1000,0.0,0.0
2018-07-05 00:00:00+09:00,817.0080136158427,817.8951015785092,811.6854858398438,811.6854858398438,1700,0.0,0.0
2018-07-06 00:00:00+09:00,810.7983457331071,810.7983457331071,809.024169921875,809.024169921875,500,0.0,0.0
2018-07-09 00:00:00+09:00,809.0241787850659,814.3467062770729,806.3629150390625,806.3629150390625,1000,0.0,0.0
2018-07-10 00:00:00+09:00,806.3629150390625,806.3629150390625,806.3629150390625,806.3629150390625,0,0.0,0.0
2018-07-11 00:00:00+09:00,798.3791188443645,798.3791188443645,789.5082397460938,789.5082397460938,9600,0.0,0.0
2018-07-12 00:00:00+09:00,789.5082397460938,789.5082397460938,789.5082397460938,789.5082397460938,0,0.0,0.0
2018-07-13 00:00:00+09:00,802.8145170633771,802.8145170633771,788.6211112368422,801.9274291992188,4500,0.0,0.0
2018-07-16 00:00:00+09:00,801.9274291992188,801.9274291992188,801.9274291992188,801.9274291992188,0,0.0,0.0
2018-07-17 00:00:00+09:00,801.9274291992188,801.9274291992188,801.9274291992188,801.9274291992188,0,0.0,0.0
2018-07-18 00:00:00+09:00,801.9274291992188,801.9274291992188,801.9274291992188,801.9274291992188,0,0.0,0.0
2018-07-19 00:00:00+09:00,799.2661743164062,799.2661743164062,798.3790864425811,799.2661743164062,1100,0.0,0.0
2018-07-20 00:00:00+09:00,799.2661743164062,799.2661743164062,798.3790864425811,799.2661743164062,400,0.0,0.0
2018-07-23 00:00:00+09:00,793.943774400484,797.4921264648438,793.943774400484,797.4921264648438,200,0.0,0.0
2018-07-24 00:00:00+09:00,797.4921264648438,797.4921264648438,797.4921264648438,797.4921264648438,0,0.0,0.0
2018-07-25 00:00:00+09:00,804.5886986303224,804.5886986303224,790.3952927007908,800.1532592773438,800,0.0,0.0
2018-07-26 00:00:00+09:00,800.1532592773438,800.1532592773438,800.1532592773438,800.1532592773438,0,0.0,0.0
2018-07-27 00:00:00+09:00,793.9437106662326,806.3629418945312,793.9437106662326,798.379150390625,800,0.0,0.0
2018-07-30 00:00:00+09:00,798.3791069696414,806.3628980393378,793.0565795898438,793.0565795898438,1700,0.0,0.0
2018-07-31 00:00:00+09:00,793.0565311284536,828.5400448254761,793.0565311284536,826.765869140625,1400,0.0,0.0
2018-08-01 00:00:00+09:00,826.765869140625,826.765869140625,826.765869140625,826.765869140625,0,0.0,0.0
2018-08-02 00:00:00+09:00,785.072748126145,788.621099530105,784.185660275155,786.846923828125,8100,0.0,0.0
2018-08-03 00:00:00+09:00,786.8470489295288,793.0566648737303,785.9599609375,785.9599609375,1900,0.0,0.0
2018-08-06 00:00:00+09:00,785.9599088191446,794.8307881511892,783.2986450195312,783.2986450195312,6500,0.0,0.0
2018-08-07 00:00:00+09:00,783.2986450195312,792.1695243515758,783.2986450195312,783.2986450195312,500,0.0,0.0
2018-08-08 00:00:00+09:00,782.4116241420438,783.2987121512751,781.5245361328125,781.5245361328125,1800,0.0,0.0
2018-08-09 00:00:00+09:00,781.5244780800559,787.7340936834162,780.6373901367188,780.6373901367188,1200,0.0,0.0
2018-08-10 00:00:00+09:00,780.6374481235812,787.7341521974319,780.6374481235812,781.5245361328125,1100,0.0,0.0
2018-08-13 00:00:00+09:00,781.5244198952112,781.5244198952112,779.750244140625,779.750244140625,3500,0.0,0.0
2018-08-14 00:00:00+09:00,779.750244140625,779.750244140625,779.750244140625,779.750244140625,0,0.0,0.0
2018-08-15 00:00:00+09:00,779.7501945452009,784.1856336495536,776.2018432617188,776.2018432617188,2200,0.0,0.0
2018-08-16 00:00:00+09:00,774.4277432145743,774.4277432145743,771.7664794921875,771.7664794921875,2500,0.0,0.0
2018-08-17 00:00:00+09:00,770.8793915847252,771.7664794921875,770.8793915847252,771.7664794921875,600,0.0,0.0
2018-08-20 00:00:00+09:00,771.7664794921875,771.7664794921875,771.7664794921875,771.7664794921875,0,0.0,0.0
2018-08-21 00:00:00+09:00,771.7664794921875,771.7664794921875,771.7664794921875,771.7664794921875,0,0.0,0.0
2018-08-22 00:00:00+09:00,770.87939453125,770.87939453125,770.87939453125,770.87939453125,300,0.0,0.0
2018-08-23 00:00:00+09:00,770.87939453125,770.87939453125,769.105218709544,770.87939453125,300,0.0,0.0
2018-08-24 00:00:00+09:00,768.218130798691,770.87939453125,768.218130798691,770.87939453125,300,0.0,0.0
2018-08-27 00:00:00+09:00,770.8794465371228,776.2019743613147,770.8794465371228,773.5407104492188,2200,0.0,0.0
2018-08-28 00:00:00+09:00,773.5407104492188,774.4277984199174,773.5407104492188,773.5407104492188,600,0.0,0.0
2018-08-29 00:00:00+09:00,771.7665465746057,773.5407225437427,769.9923706054688,769.9923706054688,400,0.0,0.0
2018-08-30 00:00:00+09:00,772.6534919782366,780.6372823660714,772.6534919782366,776.2018432617188,1000,0.0,0.0
2018-08-31 00:00:00+09:00,771.7664794921875,772.6535673996498,771.7664794921875,771.7664794921875,1400,0.0,0.0
2018-09-03 00:00:00+09:00,795.7178499591884,795.7178499591884,772.653564453125,772.653564453125,1100,0.0,0.0
2018-09-04 00:00:00+09:00,772.653564453125,772.653564453125,772.653564453125,772.653564453125,0,0.0,0.0
2018-09-05 00:00:00+09:00,773.5406523572043,774.4277402612837,772.653564453125,772.653564453125,500,0.0,0.0
2018-09-06 00:00:00+09:00,772.6536345591743,775.3148985128798,769.9923706054688,769.9923706054688,3000,0.0,0.0
2018-09-07 00:00:00+09:00,769.1052016675891,769.1052016675891,757.5730590820312,757.5730590820312,2500,0.0,0.0
2018-09-10 00:00:00+09:00,757.5730590820312,757.5730590820312,757.5730590820312,757.5730590820312,0,0.0,0.0
2018-09-11 00:00:00+09:00,757.5731269766432,773.5407104492188,754.0247750938485,773.5407104492188,3500,0.0,0.0
2018-09-12 00:00:00+09:00,773.5407104492188,773.5407104492188,773.5407104492188,773.5407104492188,0,0.0,0.0
2018-09-13 00:00:00+09:00,773.5407104492188,773.5407104492188,773.5407104492188,773.5407104492188,0,0.0,0.0
2018-09-14 00:00:00+09:00,773.5407104492188,773.5407104492188,773.5407104492188,773.5407104492188,0,0.0,0.0
2018-09-17 00:00:00+09:00,773.5407104492188,773.5407104492188,773.5407104492188,773.5407104492188,0,0.0,0.0
2018-09-18 00:00:00+09:00,762.0084780738467,769.9922688802083,762.0084780738467,763.7826538085938,500,0.0,0.0
2018-09-19 00:00:00+09:00,763.7826538085938,763.7826538085938,763.7826538085938,763.7826538085938,0,0.0,0.0
2018-09-20 00:00:00+09:00,777.9761127895779,777.9761127895779,766.4439697265625,766.4439697265625,1400,0.0,0.0
2018-09-21 00:00:00+09:00,766.4439697265625,766.4439697265625,766.4439697265625,766.4439697265625,0,0.0,0.0
2018-09-24 00:00:00+09:00,766.4439697265625,766.4439697265625,766.4439697265625,766.4439697265625,0,0.0,0.0
2018-09-25 00:00:00+09:00,785.0727452458561,787.7340087890625,785.0727452458561,787.7340087890625,600,0.0,0.0
2018-09-26 00:00:00+09:00,802.089208109515,802.089208109515,801.1920166015625,801.1920166015625,1300,10.0,0.0
2018-09-27 00:00:00+09:00,787.7340698242188,790.4256440946888,787.7340698242188,787.7340698242188,700,0.0,0.0
2018-09-28 00:00:00+09:00,787.7340698242188,787.7340698242188,787.7340698242188,787.7340698242188,0,0.0,0.0
2018-10-01 00:00:00+09:00,787.7340698242188,787.7340698242188,787.7340698242188,787.7340698242188,0,0.0,0.0
2018-10-02 00:00:00+09:00,787.7340698242188,787.7340698242188,787.7340698242188,787.7340698242188,0,0.0,0.0
2018-10-03 00:00:00+09:00,780.5565703635992,780.5565703635992,769.7902728413427,771.5846557617188,2100,0.0,0.0
2018-10-04 00:00:00+09:00,771.5846557617188,771.5846557617188,771.5846557617188,771.5846557617188,0,0.0,0.0
2018-10-05 00:00:00+09:00,771.5846557617188,771.5846557617188,771.5846557617188,771.5846557617188,0,0.0,0.0
2018-10-08 00:00:00+09:00,771.5846557617188,771.5846557617188,771.5846557617188,771.5846557617188,0,0.0,0.0
2018-10-09 00:00:00+09:00,771.5846557617188,771.5846557617188,771.5846557617188,771.5846557617188,0,0.0,0.0
2018-10-10 00:00:00+09:00,785.0425003069039,907.0605346403198,772.4818203019934,792.2200317382812,64000,0.0,0.0
2018-10-11 00:00:00+09:00,785.0425344718916,811.9582785109278,775.1734283242449,802.0891723632812,4700,0.0,0.0
2018-10-12 00:00:00+09:00,802.0891795479911,802.0891795479911,771.5846693638392,785.0425415039062,5000,0.0,0.0
2018-10-15 00:00:00+09:00,785.0424448649089,785.0424448649089,732.108154296875,753.6407470703125,24600,0.0,0.0
2018-10-16 00:00:00+09:00,753.6408630875517,759.9212036132812,753.6408630875517,759.9212036132812,1500,0.0,0.0
2018-10-17 00:00:00+09:00,768.893020845809,780.5565089099812,753.6407672234301,760.8182983398438,10000,0.0,0.0
2018-10-18 00:00:00+09:00,760.8182983398438,760.8182983398438,760.8182983398438,760.8182983398438,0,0.0,0.0
2018-10-19 00:00:00+09:00,760.8182983398438,760.8182983398438,760.8182983398438,760.8182983398438,0,0.0,0.0
2018-10-22 00:00:00+09:00,760.8182983398438,760.8182983398438,760.8182983398438,760.8182983398438,0,0.0,0.0
2018-10-23 00:00:00+09:00,772.4817708570731,794.0143637729498,768.8930053710938,768.8930053710938,1500,0.0,0.0
2018-10-24 00:00:00+09:00,768.8930767572415,852.3318820529514,758.1267792997305,767.0986938476562,9100,0.0,0.0
2018-10-25 00:00:00+09:00,757.2296142578125,757.2296142578125,755.4352312856377,757.2296142578125,1500,0.0,0.0
2018-10-26 00:00:00+09:00,784.1453769825123,788.6313345167372,775.1734619140625,775.1734619140625,2200,0.0,0.0
2018-10-29 00:00:00+09:00,775.1734619140625,775.1734619140625,775.1734619140625,775.1734619140625,0,0.0,0.0
2018-10-30 00:00:00+09:00,770.6874700906268,770.6874700906268,744.6689175497326,765.3043212890625,2500,0.0,0.0
2018-10-31 00:00:00+09:00,769.790283203125,785.0425382316251,758.1267940636836,769.790283203125,1500,0.0,0.0
2018-11-01 00:00:00+09:00,783.2481379069566,792.2200524305185,775.1734148357509,788.6312866210938,800,0.0,0.0
2018-11-02 00:00:00+09:00,788.6312866210938,788.6312866210938,788.6312866210938,788.6312866210938,0,0.0,0.0
2018-11-05 00:00:00+09:00,788.6312866210938,788.6312866210938,788.6312866210938,788.6312866210938,0,0.0,0.0
2018-11-06 00:00:00+09:00,761.7155151367188,767.9958550730639,761.7155151367188,761.7155151367188,700,0.0,0.0
2018-11-07 00:00:00+09:00,761.7155151367188,761.7155151367188,761.7155151367188,761.7155151367188,0,0.0,0.0
2018-11-08 00:00:00+09:00,766.2014770507812,766.2014770507812,766.2014770507812,766.2014770507812,200,0.0,0.0
2018-11-09 00:00:00+09:00,778.7621496024072,804.7807006835938,778.7621496024072,804.7807006835938,2400,0.0,0.0
2018-11-12 00:00:00+09:00,805.6778921001863,813.7526148495201,804.7807006835938,804.7807006835938,4800,0.0,0.0
2018-11-13 00:00:00+09:00,804.7807493012526,811.0610895968032,772.4818563527074,780.5565795898438,5500,0.0,0.0
2018-11-14 00:00:00+09:00,780.5565194204344,915.1352296653369,749.1548203632905,759.02392578125,141500,0.0,0.0
2018-11-15 00:00:00+09:00,749.1548203632905,767.9958397975768,749.1548203632905,759.02392578125,11900,0.0,0.0
2018-11-16 00:00:00+09:00,758.1267940636836,769.790283203125,758.1267940636836,769.790283203125,2400,0.0,0.0
2018-11-19 00:00:00+09:00,753.6407470703125,753.6407470703125,752.7435557047527,753.6407470703125,1700,0.0,0.0
2018-11-20 00:00:00+09:00,753.6407470703125,753.6407470703125,753.6407470703125,753.6407470703125,0,0.0,0.0
2018-11-21 00:00:00+09:00,753.6407978121289,755.4351806640625,750.0520321082616,755.4351806640625,3200,0.0,0.0
2018-11-22 00:00:00+09:00,749.1547652893425,765.304209331508,749.1547652893425,763.5098266601562,1600,0.0,0.0
2018-11-23 00:00:00+09:00,763.5098266601562,763.5098266601562,763.5098266601562,763.5098266601562,0,0.0,0.0
2018-11-26 00:00:00+09:00,770.6874643015307,771.5846557617188,758.1267838588981,771.5846557617188,2100,0.0,0.0
2018-11-27 00:00:00+09:00,771.5846557617188,771.5846557617188,771.5846557617188,771.5846557617188,0,0.0,0.0
2018-11-28 00:00:00+09:00,760.8182983398438,816.4441644920493,750.949193054775,760.8182983398438,7700,0.0,0.0
2018-11-29 00:00:00+09:00,758.1267089131554,768.8930053710938,756.3323261701657,768.8930053710938,500,0.0,0.0
2018-11-30 00:00:00+09:00,768.8930053710938,768.8930053710938,768.8930053710938,768.8930053710938,0,0.0,0.0
2018-12-03 00:00:00+09:00,767.9958853024489,769.790268212034,767.0986938476562,767.0986938476562,1900,0.0,0.0
2018-12-04 00:00:00+09:00,770.6874700906268,770.6874700906268,765.3043212890625,765.3043212890625,400,0.0,0.0
2018-12-05 00:00:00+09:00,751.846435546875,751.846435546875,751.846435546875,751.846435546875,200,0.0,0.0
2018-12-06 00:00:00+09:00,753.6408483134627,759.0239972299875,752.7436568273753,757.2296142578125,2900,0.0,0.0
2018-12-07 00:00:00+09:00,757.2296142578125,757.2296142578125,757.2296142578125,757.2296142578125,0,0.0,0.0
2018-12-10 00:00:00+09:00,785.0425300415624,785.0425300415624,750.0520629882812,750.0520629882812,5400,0.0,0.0
2018-12-11 00:00:00+09:00,750.0520629882812,750.0520629882812,750.0520629882812,750.0520629882812,0,0.0,0.0
2018-12-12 00:00:00+09:00,741.9772846879947,743.7716674804688,741.9772846879947,743.7716674804688,1500,0.0,0.0
2018-12-13 00:00:00+09:00,743.7716674804688,743.7716674804688,743.7716674804688,743.7716674804688,0,0.0,0.0
2018-12-14 00:00:00+09:00,744.668934895442,878.3504665814913,743.7717434076162,746.4633178710938,164600,0.0,0.0
2018-12-17 00:00:00+09:00,747.3604024373129,868.4812359655689,747.3604024373129,749.15478515625,110700,0.0,0.0
2018-12-18 00:00:00+09:00,758.126786154423,762.6127434689463,746.4632971366627,750.0520629882812,13200,0.0,0.0
2018-12-19 00:00:00+09:00,744.6689142108535,805.6779336883691,743.7717227479488,750.0520629882812,23100,0.0,0.0
2018-12-20 00:00:00+09:00,746.4632574314024,746.4632574314024,735.6969604492188,735.6969604492188,8700,0.0,0.0
2018-12-21 00:00:00+09:00,737.4913997206577,737.4913997206577,691.7346340445586,694.4262084960938,7600,0.0,0.0
2018-12-24 00:00:00+09:00,694.4262084960938,694.4262084960938,694.4262084960938,694.4262084960938,0,0.0,0.0
2018-12-25 00:00:00+09:00,668.407702479995,680.9683841373372,628.9312744140625,628.9312744140625,10700,0.0,0.0
2018-12-26 00:00:00+09:00,660.3328155757873,705.1923818513164,660.3328155757873,683.6597900390625,3400,0.0,0.0
2018-12-27 00:00:00+09:00,704.2952880859375,704.2952880859375,704.2952880859375,704.2952880859375,600,0.0,0.0
2018-12-28 00:00:00+09:00,704.2952880859375,704.2952880859375,704.2952880859375,704.2952880859375,0,0.0,0.0
2018-12-31 00:00:00+09:00,704.2952880859375,704.2952880859375,704.2952880859375,704.2952880859375,0,0.0,0.0
2019-01-04 00:00:00+09:00,704.2953134007732,707.88407932893,701.6037389546557,705.1925048828125,1000,0.0,0.0
2019-01-07 00:00:00+09:00,708.7811889648438,708.7811889648438,708.7811889648438,708.7811889648438,100,0.0,0.0
2019-01-08 00:00:00+09:00,713.2671508789062,713.2671508789062,713.2671508789062,713.2671508789062,300,0.0,0.0
2019-01-09 00:00:00+09:00,724.0334578871276,724.0334578871276,711.4727783203125,711.4727783203125,200,0.0,0.0
2019-01-10 00:00:00+09:00,711.4727783203125,711.4727783203125,711.4727783203125,711.4727783203125,0,0.0,0.0
2019-01-11 00:00:00+09:00,746.4632428278688,746.4632428278688,692.6317589700899,711.4727783203125,3600,0.0,0.0
2019-01-15 00:00:00+09:00,700.7065222867735,704.2952880859375,700.7065222867735,704.2952880859375,200,0.0,0.0
2019-01-16 00:00:00+09:00,711.4727880494531,720.4447021484375,699.8092997207737,720.4447021484375,300,0.0,0.0
2019-01-17 00:00:00+09:00,720.4447021484375,720.4447021484375,720.4447021484375,720.4447021484375,0,0.0,0.0
2019-01-18 00:00:00+09:00,722.2390644966891,724.033447265625,722.2390644966891,724.033447265625,500,0.0,0.0
2019-01-21 00:00:00+09:00,724.033447265625,724.033447265625,724.033447265625,724.033447265625,0,0.0,0.0
2019-01-22 00:00:00+09:00,724.9306640625,724.9306640625,722.2390898147432,724.9306640625,600,0.0,0.0
2019-01-23 00:00:00+09:00,724.9307055664062,724.9307055664062,717.753173828125,717.753173828125,200,0.0,0.0
2019-01-24 00:00:00+09:00,717.753173828125,717.753173828125,717.753173828125,717.753173828125,0,0.0,0.0
2019-01-25 00:00:00+09:00,719.5475102149636,733.902572762893,717.7531273964723,731.2109985351562,800,0.0,0.0
2019-01-28 00:00:00+09:00,744.6688746010385,744.6688746010385,735.6969604492188,735.6969604492188,400,0.0,0.0
2019-01-29 00:00:00+09:00,722.2390898147432,724.9306640625,722.2390898147432,724.9306640625,400,0.0,0.0
2019-01-30 00:00:00+09:00,724.9306640625,724.9306640625,724.9306640625,724.9306640625,0,0.0,0.0
2019-01-31 00:00:00+09:00,718.6503193286406,720.4447021484375,718.6503193286406,720.4447021484375,300,0.0,0.0
2019-02-01 00:00:00+09:00,720.4447021484375,720.4447021484375,720.4447021484375,720.4447021484375,0,0.0,0.0
2019-02-04 00:00:00+09:00,720.4447021484375,720.4447021484375,720.4447021484375,720.4447021484375,0,0.0,0.0
2019-02-05 00:00:00+09:00,715.0616455078125,715.0616455078125,715.0616455078125,715.0616455078125,100,0.0,0.0
2019-02-06 00:00:00+09:00,707.8839975864073,708.7811889648438,707.8839975864073,708.7811889648438,200,0.0,0.0
2019-02-07 00:00:00+09:00,743.7717493785511,743.7717493785511,740.1829833984375,740.1829833984375,1400,0.0,0.0
2019-02-08 00:00:00+09:00,740.1829833984375,740.1829833984375,740.1829833984375,740.1829833984375,0,0.0,0.0
2019-02-12 00:00:00+09:00,740.1829833984375,740.1829833984375,740.1829833984375,740.1829833984375,0,0.0,0.0
2019-02-13 00:00:00+09:00,735.6969555813841,735.6969555813841,731.2109985351562,731.2109985351562,1200,0.0,0.0
2019-02-14 00:00:00+09:00,722.2390952806794,722.2390952806794,717.7531381671348,718.6503295898438,1600,0.0,0.0
2019-02-15 00:00:00+09:00,718.6503295898438,718.6503295898438,718.6503295898438,718.6503295898438,0,0.0,0.0
2019-02-18 00:00:00+09:00,718.6503295898438,718.6503295898438,718.6503295898438,718.6503295898438,0,0.0,0.0
2019-02-19 00:00:00+09:00,718.6503295898438,718.6503295898438,718.6503295898438,718.6503295898438,0,0.0,0.0
2019-02-20 00:00:00+09:00,728.5194091796875,728.5194091796875,728.5194091796875,728.5194091796875,200,0.0,0.0
2019-02-21 00:00:00+09:00,727.6221924569743,738.3884887695312,726.7250010975946,738.3884887695312,500,0.0,0.0
2019-02-22 00:00:00+09:00,738.3884887695312,738.3884887695312,738.3884887695312,738.3884887695312,0,0.0,0.0
2019-02-25 00:00:00+09:00,731.211118317573,742.8746085484054,731.211118317573,741.9774169921875,900,0.0,0.0
2019-02-26 00:00:00+09:00,745.5660502729427,745.5660502729427,743.7716674804688,743.7716674804688,2100,0.0,0.0
2019-02-27 00:00:00+09:00,741.0800883469072,741.0800883469072,739.2857055664062,739.2857055664062,2100,0.0,0.0
2019-02-28 00:00:00+09:00,739.2857055664062,739.2857055664062,739.2857055664062,739.2857055664062,0,0.0,0.0
2019-03-01 00:00:00+09:00,743.7717098052186,743.7717098052186,725.827880859375,725.827880859375,1000,0.0,0.0
2019-03-04 00:00:00+09:00,725.827880859375,725.827880859375,725.827880859375,725.827880859375,0,0.0,0.0
2019-03-05 00:00:00+09:00,726.72509765625,727.622289134838,725.827906177662,726.72509765625,2200,0.0,0.0
2019-03-06 00:00:00+09:00,752.743650535301,752.743650535301,726.72509765625,726.72509765625,1700,0.0,0.0
2019-03-07 00:00:00+09:00,726.72509765625,726.72509765625,726.72509765625,726.72509765625,0,0.0,0.0
2019-03-08 00:00:00+09:00,724.0334932697353,724.9306847112097,717.7531531794154,721.3419189453125,1700,0.0,0.0
2019-03-11 00:00:00+09:00,726.7250619834214,727.6222534179688,726.7250619834214,727.6222534179688,200,0.0,0.0
2019-03-12 00:00:00+09:00,727.6222534179688,727.6222534179688,727.6222534179688,727.6222534179688,0,0.0,0.0
2019-03-13 00:00:00+09:00,727.6222534179688,727.6222534179688,727.6222534179688,727.6222534179688,1100,0.0,0.0
2019-03-14 00:00:00+09:00,728.5194091796875,728.5194091796875,726.7250263984567,728.5194091796875,800,0.0,0.0
2019-03-15 00:00:00+09:00,728.5194091796875,728.5194091796875,728.5194091796875,728.5194091796875,0,0.0,0.0
2019-03-18 00:00:00+09:00,728.5194091796875,728.5194091796875,728.5194091796875,728.5194091796875,0,0.0,0.0
2019-03-19 00:00:00+09:00,733.0054678823434,733.0054678823434,728.519510306564,732.1082763671875,300,0.0,0.0
2019-03-20 00:00:00+09:00,735.6969715052148,735.6969715052148,723.1362915039062,723.1362915039062,900,0.0,0.0
2019-03-22 00:00:00+09:00,734.7998209635417,734.7998209635417,726.72509765625,726.72509765625,500,0.0,0.0
2019-03-25 00:00:00+09:00,723.1362806366711,736.5941518644007,723.1362806366711,735.6969604492188,500,0.0,0.0
2019-03-26 00:00:00+09:00,718.6503235607612,785.0424882842274,718.6503235607612,735.6969604492188,7900,0.0,0.0
2019-03-27 00:00:00+09:00,754.1586303710938,754.1586303710938,754.1586303710938,754.1586303710938,200,23.0,0.0
2019-03-28 00:00:00+09:00,741.2354959869384,741.2354959869384,738.4662475585938,738.4662475585938,1300,0.0,0.0
2019-03-29 00:00:00+09:00,741.2354959869384,744.9278272247315,738.4662475585938,738.4662475585938,2700,0.0,0.0
2019-04-01 00:00:00+09:00,738.4662475585938,738.4662475585938,738.4662475585938,738.4662475585938,0,0.0,0.0
2019-04-02 00:00:00+09:00,732.927798542123,737.543212890625,732.927798542123,737.543212890625,300,0.0,0.0
2019-04-03 00:00:00+09:00,751.389404296875,751.389404296875,751.389404296875,751.389404296875,100,0.0,0.0
2019-04-04 00:00:00+09:00,737.543212890625,737.543212890625,737.543212890625,737.543212890625,500,0.0,0.0
2019-04-05 00:00:00+09:00,737.5431296331924,740.3123779296875,737.5431296331924,740.3123779296875,600,0.0,0.0
2019-04-08 00:00:00+09:00,744.0046997070312,744.0046997070312,744.0046997070312,744.0046997070312,100,0.0,0.0
2019-04-09 00:00:00+09:00,744.004679054884,756.9278372518671,733.8507690429688,733.8507690429688,2800,0.0,0.0
2019-04-10 00:00:00+09:00,744.004679054884,756.9278372518671,733.8507690429688,733.8507690429688,2800,0.0,0.0
2019-04-11 00:00:00+09:00,748.6201524204023,748.6201524204023,744.0047384104122,746.7739868164062,1400,0.0,0.0
2019-04-12 00:00:00+09:00,743.0815689862144,744.927734375,735.6969074310718,744.927734375,800,0.0,0.0
2019-04-15 00:00:00+09:00,744.0046997070312,744.0046997070312,744.0046997070312,744.0046997070312,200,0.0,0.0
2019-04-16 00:00:00+09:00,738.4662031831576,744.0046997070312,738.4662031831576,744.0046997070312,600,0.0,0.0
2019-04-17 00:00:00+09:00,737.5430960739715,781.8510668018196,726.4661033920095,729.2353515625,16000,0.0,0.0
2019-04-18 00:00:00+09:00,729.2354220713064,731.0815876968034,722.773842382067,725.5430908203125,4300,0.0,0.0
2019-04-19 00:00:00+09:00,725.5430908203125,725.5430908203125,725.5430908203125,725.5430908203125,600,0.0,0.0
2019-04-22 00:00:00+09:00,724.6199417594094,733.8507690429688,724.6199417594094,733.8507690429688,1400,0.0,0.0
2019-04-23 00:00:00+09:00,733.8507690429688,733.8507690429688,733.8507690429688,733.8507690429688,0,0.0,0.0
2019-04-24 00:00:00+09:00,726.4660034179688,726.4660034179688,726.4660034179688,726.4660034179688,200,0.0,0.0
2019-04-25 00:00:00+09:00,731.0815825591216,752.3124871031365,724.620002915291,751.389404296875,5100,0.0,0.0
2019-04-26 00:00:00+09:00,758.774069366455,758.774069366455,738.4662475585938,738.4662475585938,1500,0.0,0.0
2019-05-07 00:00:00+09:00,738.4662475585938,738.4662475585938,738.4662475585938,738.4662475585938,0,0.0,0.0
2019-05-08 00:00:00+09:00,729.2353515625,729.2353515625,729.2353515625,729.2353515625,100,0.0,0.0
2019-05-09 00:00:00+09:00,737.5431647491455,738.4662475585938,724.6200054168701,738.4662475585938,2700,0.0,0.0
2019-05-10 00:00:00+09:00,756.0047267077138,756.0047267077138,732.0045766535006,744.927734375,1400,0.0,0.0
2019-05-13 00:00:00+09:00,758.7740332396547,758.7740332396547,740.3123779296875,740.3123779296875,1100,0.0,0.0
2019-05-14 00:00:00+09:00,730.1584264510717,730.1584264510717,720.0045166015625,720.0045166015625,3000,0.0,0.0
2019-05-15 00:00:00+09:00,738.4662475585938,738.4662475585938,737.5431647491455,738.4662475585938,800,0.0,0.0
2019-05-16 00:00:00+09:00,731.0815594895441,736.6200561523438,731.0815594895441,736.6200561523438,300,0.0,0.0
2019-05-17 00:00:00+09:00,738.4662475585938,738.4662475585938,738.4662475585938,738.4662475585938,100,0.0,0.0
2019-05-20 00:00:00+09:00,738.4662475585938,738.4662475585938,738.4662475585938,738.4662475585938,0,0.0,0.0
2019-05-21 00:00:00+09:00,741.2354477252555,741.2354477252555,738.466199477216,739.3892822265625,1900,0.0,0.0
2019-05-22 00:00:00+09:00,747.697025228863,760.6201836896089,747.697025228863,752.3124389648438,1400,0.0,0.0
2019-05-23 00:00:00+09:00,764.3125361483841,810.4666748046875,757.8509567365016,810.4666748046875,8300,0.0,0.0
2019-05-24 00:00:00+09:00,810.4666617303486,871.39012377386,798.4665858732933,870.467041015625,19000,0.0,0.0
2019-05-27 00:00:00+09:00,867.6978220086348,900.9288024259869,838.1591727487664,876.9286499023438,29800,0.0,0.0
2019-05-28 00:00:00+09:00,880.620915876116,882.4670813182044,863.0823441762773,872.3131713867188,1900,0.0,0.0
2019-05-29 00:00:00+09:00,840.9283928168999,923.082758306147,828.9283169589199,840.0053100585938,56500,0.0,0.0
2019-05-30 00:00:00+09:00,833.5436881799127,842.7745152915396,795.6972970222422,832.62060546875,12600,0.0,0.0
2019-05-31 00:00:00+09:00,824.3129138513514,853.8515625,819.6975,853.8515625,3900,0.0,0.0
2019-06-03 00:00:00+09:00,853.8515514331859,876.9286203908396,840.0053100585938,840.0053100585938,8600,0.0,0.0
2019-06-04 00:00:00+09:00,840.0053265833958,845.5438232421875,827.0821677128821,845.5438232421875,1200,0.0,0.0
2019-06-05 00:00:00+09:00,847.38999374065,872.3132288506691,846.4669109587974,867.6978149414062,3300,0.0,0.0
2019-06-06 00:00:00+09:00,840.0052812364366,869.5439284887069,832.620619423369,864.0054321289062,3300,0.0,0.0
2019-06-07 00:00:00+09:00,864.0054522958834,864.0054522958834,841.8514663395787,843.6976318359375,600,0.0,0.0
2019-06-10 00:00:00+09:00,851.0823878376839,868.6209619905212,840.0053936358919,854.7747192382812,3000,0.0,0.0
2019-06-11 00:00:00+09:00,875.082484323602,876.9286499023438,853.8515801680716,876.9286499023438,7900,0.0,0.0
2019-06-12 00:00:00+09:00,863.0824091754276,876.928651033857,845.5438361547506,846.4669189453125,3700,0.0,0.0
2019-06-13 00:00:00+09:00,848.3129972864369,862.1592377209272,844.6206665039062,844.6206665039062,1800,0.0,0.0
2019-06-14 00:00:00+09:00,830.7744502509063,859.3900146484375,828.9282848059042,859.3900146484375,3400,0.0,0.0
2019-06-17 00:00:00+09:00,871.3901142813183,871.3901142813183,837.2360525986819,843.6976318359375,3100,0.0,0.0
2019-06-18 00:00:00+09:00,835.3898415893417,835.3898415893417,816.9281876315662,818.7743530273438,3400,0.0,0.0
2019-06-19 00:00:00+09:00,815.0820351677971,820.6205314430031,804.0050426173855,819.6974487304688,5300,0.0,0.0
2019-06-20 00:00:00+09:00,819.6975025359482,820.6205853090743,802.158929846553,810.4666748046875,4500,0.0,0.0
2019-06-21 00:00:00+09:00,794.7742513920061,835.389892578125,792.0050031293163,835.389892578125,14100,0.0,0.0
2019-06-24 00:00:00+09:00,826.159079391892,853.8515625,818.7744172297298,853.8515625,1700,0.0,0.0
2019-06-25 00:00:00+09:00,842.774560113256,858.4669670375993,842.774560113256,857.5438842773438,1100,0.0,0.0
2019-06-26 00:00:00+09:00,843.6976083659204,874.1593382084536,835.3898638634113,859.3900146484375,6600,0.0,0.0
2019-06-27 00:00:00+09:00,850.1591519735431,874.1593017578125,850.1591519735431,874.1593017578125,1500,0.0,0.0
2019-06-28 00:00:00+09:00,893.5440856933594,893.5440856933594,864.9285209655762,886.159423828125,3900,0.0,0.0
2019-07-01 00:00:00+09:00,887.082602992685,890.7749343266815,867.6978634892027,884.3133544921875,7100,0.0,0.0
2019-07-02 00:00:00+09:00,878.7748259391192,890.77490234375,876.9286603384068,890.77490234375,3600,0.0,0.0
2019-07-03 00:00:00+09:00,883.3901959310232,922.1596716145164,876.928616650441,896.3133544921875,8300,0.0,0.0
2019-07-04 00:00:00+09:00,896.313378176549,913.8519509730006,896.313378176549,911.0827026367188,3600,0.0,0.0
2019-07-05 00:00:00+09:00,905.5441543718806,910.159568002726,896.3133271101897,907.3903198242188,1400,0.0,0.0
2019-07-08 00:00:00+09:00,907.3903795930855,907.3903795930855,886.1594754927386,889.851806640625,2500,0.0,0.0
2019-07-09 00:00:00+09:00,884.3133295773238,900.0057373046875,883.3902467698318,900.0057373046875,500,0.0,0.0
2019-07-10 00:00:00+09:00,887.0825361312976,892.6210327148438,887.0825361312976,892.6210327148438,400,0.0,0.0
2019-07-11 00:00:00+09:00,916.6211712760214,916.6211712760214,891.6979370117188,891.6979370117188,3100,0.0,0.0
2019-07-12 00:00:00+09:00,892.6210748447517,901.8519029196715,892.6210748447517,900.0057373046875,800,0.0,0.0
2019-07-16 00:00:00+09:00,895.390247285054,897.2364127433736,881.5440063476562,881.5440063476562,2700,0.0,0.0
2019-07-17 00:00:00+09:00,875.082484323602,885.2363950066817,875.082484323602,876.9286499023438,1300,0.0,0.0
2019-07-18 00:00:00+09:00,878.774793210585,879.6978759765625,872.3132138487425,879.6978759765625,700,0.0,0.0
2019-07-19 00:00:00+09:00,888.9286667200803,895.3902458135803,886.1594185371517,894.4671630859375,1500,0.0,0.0
2019-07-22 00:00:00+09:00,883.3902399409002,890.77490234375,882.467157140544,890.77490234375,300,0.0,0.0
2019-07-23 00:00:00+09:00,894.4671199612017,894.4671199612017,887.0824584960938,887.0824584960938,800,0.0,0.0
2019-07-24 00:00:00+09:00,873.2362182490164,887.0824584960938,857.5438126356619,887.0824584960938,1400,0.0,0.0
2019-07-25 00:00:00+09:00,893.5441377885114,895.3903033624547,885.236392705767,889.851806640625,2100,0.0,0.0
2019-07-26 00:00:00+09:00,894.4671461634175,894.4671461634175,886.1594017718069,888.9286499023438,1600,0.0,0.0
2019-07-29 00:00:00+09:00,888.9287016591463,892.6210327148438,888.9287016591463,892.6210327148438,900,0.0,0.0
2019-07-30 00:00:00+09:00,878.7747439549975,897.2363982397662,878.7747439549975,893.5440673828125,2100,0.0,0.0
2019-07-31 00:00:00+09:00,893.544167751736,921.2366522894965,876.9286770290798,913.8519897460938,20000,0.0,0.0
2019-08-01 00:00:00+09:00,900.9287507544259,900.9287507544259,810.4666425844118,860.3131103515625,22400,0.0,0.0
2019-08-02 00:00:00+09:00,839.0822649450109,876.0055769337904,816.0051949520239,825.2360229492188,6400,0.0,0.0
2019-08-05 00:00:00+09:00,811.3896662365008,822.4666582670333,801.2357568751794,804.0050048828125,2800,0.0,0.0
2019-08-06 00:00:00+09:00,784.620350077405,804.0050881381408,784.620350077405,801.23583984375,3200,0.0,0.0
2019-08-07 00:00:00+09:00,793.8511192685081,803.0819462367466,775.3894653320312,775.3894653320312,3000,0.0,0.0
2019-08-08 00:00:00+09:00,778.1587911835799,808.6205232227948,778.1587911835799,780.9280395507812,1800,0.0,0.0
2019-08-09 00:00:00+09:00,819.6974459912615,819.6974459912615,794.7742128361218,802.1588745117188,2000,0.0,0.0
2019-08-13 00:00:00+09:00,790.1587965303308,799.3896235926011,784.6203002929688,784.6203002929688,2500,0.0,0.0
2019-08-14 00:00:00+09:00,784.6202963202663,802.1588676497781,776.312552006287,780.0048828125,1800,0.0,0.0
2019-08-15 00:00:00+09:00,770.7740791062802,770.7740791062802,756.9278381642512,764.3125,3100,0.0,0.0
2019-08-16 00:00:00+09:00,779.0818351845159,779.0818351845159,777.2356696982966,778.1587524414062,1600,0.0,0.0
2019-08-19 00:00:00+09:00,771.6972139798678,771.6972139798678,768.0048828125,768.0048828125,1000,0.0,0.0
2019-08-20 00:00:00+09:00,767.0817829882585,792.9281005859375,767.0817829882585,792.9281005859375,1700,0.0,0.0
2019-08-21 00:00:00+09:00,779.0818481445312,781.8510964199265,779.0818481445312,779.0818481445312,700,0.0,0.0
2019-08-22 00:00:00+09:00,782.7741348805147,808.6204506548713,756.927819106158,784.6203002929688,9600,0.0,0.0
2019-08-23 00:00:00+09:00,790.1588338920127,816.0051508884804,790.1588338920127,800.312744140625,1000,0.0,0.0
2019-08-26 00:00:00+09:00,776.312552006287,780.0048828125,776.312552006287,780.0048828125,1400,0.0,0.0
2019-08-27 00:00:00+09:00,781.8511352539062,781.8511352539062,781.8511352539062,781.8511352539062,300,0.0,0.0
2019-08-28 00:00:00+09:00,809.5435884001602,809.5435884001602,791.081933020453,805.8512573242188,2000,0.0,0.0
2019-08-29 00:00:00+09:00,784.620301882786,815.08203125,784.620301882786,815.08203125,2800,0.0,0.0
2019-08-30 00:00:00+09:00,801.2358214495933,808.6204833984375,801.2358214495933,808.6204833984375,800,0.0,0.0
2019-09-02 00:00:00+09:00,819.6974487304688,819.6974487304688,819.6974487304688,819.6974487304688,100,0.0,0.0
2019-09-03 00:00:00+09:00,810.4666748046875,810.4666748046875,810.4666748046875,810.4666748046875,100,0.0,0.0
2019-09-04 00:00:00+09:00,819.6974337218238,819.6974337218238,788.3126220703125,788.3126220703125,2300,0.0,0.0
2019-09-05 00:00:00+09:00,789.2357474413383,804.9281541156105,789.2357474413383,795.6973266601562,1200,0.0,0.0
2019-09-06 00:00:00+09:00,802.1588745117188,802.1588745117188,792.004964707773,802.1588745117188,1000,0.0,0.0
2019-09-09 00:00:00+09:00,812.3128797743055,830.7745361328125,812.3128797743055,830.7745361328125,1000,0.0,0.0
2019-09-10 00:00:00+09:00,816.9282767159598,816.9282767159598,807.6974487304688,807.6974487304688,500,0.0,0.0
2019-09-11 00:00:00+09:00,847.3899529925848,847.3899529925848,816.92822265625,816.92822265625,2800,0.0,0.0
2019-09-12 00:00:00+09:00,816.0051914897356,820.62060546875,816.0051914897356,820.62060546875,200,0.0,0.0
2019-09-13 00:00:00+09:00,820.6206217675235,826.1591186523438,820.6206217675235,826.1591186523438,400,0.0,0.0
2019-09-17 00:00:00+09:00,812.3128382935117,823.3898315429688,812.3128382935117,823.3898315429688,200,0.0,0.0
2019-09-18 00:00:00+09:00,812.3127661327679,821.5435930206403,803.0819392448956,809.5435180664062,1400,0.0,0.0
2019-09-19 00:00:00+09:00,809.5435678433377,812.3128160799739,795.6973266601562,795.6973266601562,2600,0.0,0.0
2019-09-20 00:00:00+09:00,798.4665317222721,798.4665317222721,787.3895393746798,788.3126220703125,700,0.0,0.0
2019-09-24 00:00:00+09:00,789.2357177734375,796.6203794602064,782.7741387975146,789.2357177734375,1600,0.0,0.0
2019-09-25 00:00:00+09:00,816.9282005928658,824.3128622931403,810.4666216051256,819.6974487304688,3700,0.0,0.0
2019-09-26 00:00:00+09:00,845.5438577492143,845.5438577492143,814.1590420685667,826.1591186523438,2300,0.0,0.0
2019-09-27 00:00:00+09:00,835.4942146048986,835.4942146048986,818.6909790039062,818.6909790039062,600,10.0,0.0
2019-09-30 00:00:00+09:00,812.1564068283742,828.9596428317199,812.1564068283742,819.62451171875,700,0.0,0.0
2019-10-01 00:00:00+09:00,840.1617978947928,840.1617978947928,822.425048828125,822.425048828125,400,0.0,0.0
2019-10-02 00:00:00+09:00,822.4250786978439,835.4942626953125,822.4250786978439,835.4942626953125,2100,0.0,0.0
2019-10-03 00:00:00+09:00,831.760112153814,835.4941642846953,830.8265991210938,830.8265991210938,1800,0.0,0.0
2019-10-04 00:00:00+09:00,829.8931204258711,829.8931204258711,812.1563720703125,812.1563720703125,1100,0.0,0.0
2019-10-07 00:00:00+09:00,827.0925833626189,827.0925833626189,809.3558349609375,809.3558349609375,1000,0.0,0.0
2019-10-08 00:00:00+09:00,804.6882759574411,804.6882759574411,799.0871974704983,800.9542236328125,1000,0.0,0.0
2019-10-09 00:00:00+09:00,800.9542236328125,800.9542236328125,800.9542236328125,800.9542236328125,0,0.0,0.0
2019-10-10 00:00:00+09:00,806.5553067294035,821.4915161132812,806.5553067294035,821.4915161132812,600,0.0,0.0
2019-10-11 00:00:00+09:00,845.7628242897932,845.7628242897932,808.4223022460938,808.4223022460938,2000,0.0,0.0
2019-10-15 00:00:00+09:00,819.624476641074,819.624476641074,812.1563720703125,812.1563720703125,9200,0.0,0.0
2019-10-16 00:00:00+09:00,811.2228548232823,833.6271684202429,811.2228548232823,817.7574462890625,700,0.0,0.0
2019-10-17 00:00:00+09:00,814.0233982130029,815.8904243556933,812.1563720703125,812.1563720703125,1200,0.0,0.0
2019-10-18 00:00:00+09:00,824.2920510871147,829.8931295769479,815.890433352365,827.0925903320312,1000,0.0,0.0
2019-10-21 00:00:00+09:00,829.8931274414062,829.8931274414062,828.9596143621696,829.8931274414062,1000,0.0,0.0
2019-10-23 00:00:00+09:00,822.4250707007919,823.358583834391,820.5580444335938,820.5580444335938,900,0.0,0.0
2019-10-24 00:00:00+09:00,823.3584594726562,827.0925114430538,823.3584594726562,823.3584594726562,2800,0.0,0.0
2019-10-25 00:00:00+09:00,823.3584948593311,830.8265991210938,823.3584948593311,830.8265991210938,400,0.0,0.0
2019-10-28 00:00:00+09:00,841.0952865566142,841.0952865566142,827.0925903320312,827.0925903320312,1200,0.0,0.0
2019-10-29 00:00:00+09:00,827.092579075834,827.092579075834,814.9569091796875,814.9569091796875,400,0.0,0.0
2019-10-30 00:00:00+09:00,817.7574680773563,817.7574680773563,815.8904418945312,815.8904418945312,500,0.0,0.0
2019-10-31 00:00:00+09:00,825.2255706265145,831.7601622491226,818.6909790039062,818.6909790039062,16300,0.0,0.0
2019-11-01 00:00:00+09:00,829.893107783687,833.627160012185,828.9595947265625,828.9595947265625,600,0.0,0.0
2019-11-05 00:00:00+09:00,835.4942626953125,835.4942626953125,835.4942626953125,835.4942626953125,100,0.0,0.0
2019-11-06 00:00:00+09:00,828.959616495309,833.6271819035034,823.3585380054758,827.0925903320312,500,0.0,0.0
2019-11-07 00:00:00+09:00,836.4277168581839,836.4277168581839,823.3585337822748,832.6936645507812,800,0.0,0.0
2019-11-08 00:00:00+09:00,831.760112153814,831.760112153814,815.8903905975684,830.8265991210938,2300,0.0,0.0
2019-11-11 00:00:00+09:00,830.8266579691,833.627197265625,830.8266579691,833.627197265625,500,0.0,0.0
2019-11-12 00:00:00+09:00,830.8266579691,833.627197265625,830.8266579691,833.627197265625,500,0.0,0.0
2019-11-13 00:00:00+09:00,812.1564090401786,816.823974609375,812.1564090401786,816.823974609375,900,0.0,0.0
2019-11-14 00:00:00+09:00,812.1564090401786,816.823974609375,812.1564090401786,816.823974609375,900,0.0,0.0
2019-11-15 00:00:00+09:00,814.0234375,814.0234375,814.0234375,814.0234375,200,0.0,0.0
2019-11-18 00:00:00+09:00,816.823974609375,816.823974609375,816.823974609375,816.823974609375,300,0.0,0.0
2019-11-19 00:00:00+09:00,816.823974609375,816.823974609375,816.823974609375,816.823974609375,300,0.0,0.0
2019-11-20 00:00:00+09:00,829.8931757695846,833.6272283039809,818.6910181663956,820.5580444335938,2800,0.0,0.0
2019-11-21 00:00:00+09:00,829.8931757695846,833.6272283039809,818.6910181663956,820.5580444335938,2800,0.0,0.0
2019-11-22 00:00:00+09:00,806.5553474296074,833.6272283039809,806.5553474296074,820.5580444335938,7500,0.0,0.0
2019-11-25 00:00:00+09:00,826.1590660068997,826.1590660068997,814.0233961107532,814.9569091796875,1500,0.0,0.0
2019-11-26 00:00:00+09:00,815.8904375943271,826.1590815457431,815.8904375943271,821.4915161132812,800,0.0,0.0
2019-11-27 00:00:00+09:00,815.8904375943271,826.1590815457431,815.8904375943271,821.4915161132812,800,0.0,0.0
2019-11-28 00:00:00+09:00,821.4914727534644,825.2255249023438,821.4914727534644,825.2255249023438,300,0.0,0.0
2019-11-29 00:00:00+09:00,816.8239332225224,817.7574462890625,816.8239332225224,817.7574462890625,5200,0.0,0.0
2019-12-02 00:00:00+09:00,825.225588154441,825.225588154441,821.491535719353,822.425048828125,700,0.0,0.0
2019-12-03 00:00:00+09:00,822.4249838019439,828.0260620117188,822.4249838019439,828.0260620117188,1000,0.0,0.0
2019-12-04 00:00:00+09:00,828.0260600229327,830.8265991210938,817.7574166630092,830.8265991210938,900,0.0,0.0
2019-12-05 00:00:00+09:00,829.8931274414062,835.4942059168263,829.8931274414062,829.8931274414062,2600,0.0,0.0
2019-12-06 00:00:00+09:00,840.1617867606026,840.1617867606026,833.6271950857979,836.427734375,3000,0.0,0.0
2019-12-09 00:00:00+09:00,841.0952325810384,844.8292846679688,837.3611804941082,844.8292846679688,1000,0.0,0.0
2019-12-10 00:00:00+09:00,844.8292649530731,846.6962909529694,836.4276479535398,843.895751953125,1100,0.0,0.0
2019-12-11 00:00:00+09:00,878.435832441614,886.8374503927027,870.0342144905252,877.5023193359375,8000,0.0,0.0
2019-12-12 00:00:00+09:00,877.5022748255834,886.8374054088342,845.7628308425303,855.0979614257812,2900,0.0,0.0
2019-12-13 00:00:00+09:00,855.097959366924,871.9011943763177,852.2974201986917,857.8984985351562,800,0.0,0.0
2019-12-16 00:00:00+09:00,841.0952445011934,841.0952445011934,828.0260620117188,828.0260620117188,1700,0.0,0.0
2019-12-17 00:00:00+09:00,841.0952445011934,841.0952445011934,828.0260620117188,828.0260620117188,1700,0.0,0.0
2019-12-18 00:00:00+09:00,828.0260991665281,836.4277168581839,828.0260991665281,832.6936645507812,1400,0.0,0.0
2019-12-19 00:00:00+09:00,832.6936469550604,844.8293166976791,822.4250033266909,828.9595947265625,2200,0.0,0.0
2019-12-20 00:00:00+09:00,832.6936469550604,844.8293166976791,822.4250033266909,828.9595947265625,2200,0.0,0.0
2019-12-23 00:00:00+09:00,828.9596317714165,833.627197265625,827.0926055737332,833.627197265625,1600,0.0,0.0
2019-12-24 00:00:00+09:00,831.760112153814,832.6936251865344,830.8265991210938,830.8265991210938,400,0.0,0.0
2019-12-25 00:00:00+09:00,825.2255424980644,831.7601338979359,820.5579772124419,828.9595947265625,2400,0.0,0.0
2019-12-26 00:00:00+09:00,828.9595750466812,828.9595750466812,828.0260620117188,828.0260620117188,1600,0.0,0.0
2019-12-27 00:00:00+09:00,831.760096306979,831.760096306979,824.2919921875,824.2919921875,1900,0.0,0.0
2019-12-30 00:00:00+09:00,816.8239197059262,816.8239197059262,802.8212239395389,808.4223022460938,5100,0.0,0.0
2020-01-06 00:00:00+09:00,799.0871758039607,802.8212280273438,799.0871758039607,802.8212280273438,900,0.0,0.0
2020-01-07 00:00:00+09:00,807.4887715138304,809.3557975751341,793.486076054053,804.688232421875,7700,0.0,0.0
2020-01-08 00:00:00+09:00,806.5552936422414,815.8904243556933,806.5552936422414,812.1563720703125,1100,0.0,0.0
2020-01-09 00:00:00+09:00,818.6909768538042,821.4915161132812,815.8904375943271,821.4915161132812,3300,0.0,0.0
2020-01-10 00:00:00+09:00,818.6909768538042,821.4915161132812,815.8904375943271,821.4915161132812,3300,0.0,0.0
2020-01-14 00:00:00+09:00,814.9568814929255,825.2255249023438,814.9568814929255,825.2255249023438,1000,0.0,0.0
2020-01-15 00:00:00+09:00,819.6244986397879,965.2525416782923,818.6909855433872,836.427734375,84100,0.0,0.0
2020-01-16 00:00:00+09:00,829.8931838392546,850.4304729781337,829.8931838392546,835.4942626953125,6400,0.0,0.0
2020-01-17 00:00:00+09:00,835.4941544506431,848.563336754899,834.5606414289106,844.8292846679688,2200,0.0,0.0
2020-01-20 00:00:00+09:00,844.82936309378,856.031520394471,844.82936309378,848.5634155273438,3200,0.0,0.0
2020-01-21 00:00:00+09:00,847.6298785387036,856.0314962775233,844.8293392924303,853.23095703125,2200,0.0,0.0
2020-01-22 00:00:00+09:00,853.2309613332874,853.2309613332874,847.6298828125,847.6298828125,900,0.0,0.0
2020-01-23 00:00:00+09:00,853.2309613332874,853.2309613332874,847.6298828125,847.6298828125,900,0.0,0.0
2020-01-24 00:00:00+09:00,848.5633720740561,852.2974243164062,847.6298590134686,852.2974243164062,1000,0.0,0.0
2020-01-27 00:00:00+09:00,869.1006794267985,869.1006794267985,850.4304177849768,853.23095703125,3800,0.0,0.0
2020-01-28 00:00:00+09:00,842.0287672277306,846.6963324562656,842.0287672277306,842.9622802734375,1600,0.0,0.0
2020-01-29 00:00:00+09:00,841.0952998570033,850.43043082101,836.427734375,836.427734375,1900,0.0,0.0
2020-01-30 00:00:00+09:00,823.3584594726562,839.2281803468458,821.4914334874575,823.3584594726562,1700,0.0,0.0
2020-01-31 00:00:00+09:00,810.2893676757812,836.427734375,809.3558545793805,836.427734375,4900,0.0,0.0
2020-02-03 00:00:00+09:00,809.355832856277,830.8266334972162,803.7547544282058,812.1563720703125,3200,0.0,0.0
2020-02-04 00:00:00+09:00,815.8904614955358,827.0926188616071,815.8904614955358,816.823974609375,1000,0.0,0.0
2020-02-05 00:00:00+09:00,826.1590660068997,852.2974319370614,814.0233961107532,814.9569091796875,3800,0.0,0.0
2020-02-06 00:00:00+09:00,820.5579597162446,825.2255249023438,820.5579597162446,825.2255249023438,300,0.0,0.0
2020-02-07 00:00:00+09:00,816.8239075673652,826.1590379395636,816.8239075673652,825.2255249023438,1600,0.0,0.0
2020-02-10 00:00:00+09:00,865.3666039544182,865.3666039544182,828.9595947265625,828.9595947265625,2200,0.0,0.0
2020-02-12 00:00:00+09:00,834.5606532564561,834.5606532564561,828.0260620117188,828.0260620117188,600,0.0,0.0
2020-02-13 00:00:00+09:00,835.4942626953125,835.4942626953125,835.4942626953125,835.4942626953125,100,0.0,0.0
2020-02-14 00:00:00+09:00,835.4942626953125,835.4942626953125,835.4942626953125,835.4942626953125,0,0.0,0.0
2020-02-17 00:00:00+09:00,835.4941974601788,875.6352594610589,829.8931190414513,841.0952758789062,12400,0.0,0.0
2020-02-18 00:00:00+09:00,841.0953021275515,842.0288152264721,807.4888305664062,807.4888305664062,7000,0.0,0.0
2020-02-19 00:00:00+09:00,808.4223197849318,813.0898851416576,808.4223197849318,812.1563720703125,300,0.0,0.0
2020-02-20 00:00:00+09:00,823.3585725310666,838.2947824636028,797.2202051491279,834.5607299804688,7200,0.0,0.0
2020-02-21 00:00:00+09:00,813.08989833485,844.8293432755904,806.5553067294035,821.4915161132812,5400,0.0,0.0
2020-02-25 00:00:00+09:00,808.4223085095268,950.3162933749403,807.4887954512017,855.0979614257812,70600,0.0,0.0
2020-02-26 00:00:00+09:00,897.1061210131331,995.125,868.1672138836773,995.125,136500,0.0,0.0
2020-02-27 00:00:00+09:00,1163.1572798608056,1268.644256284779,868.1671510999591,927.9119873046875,568200,0.0,0.0
2020-02-28 00:00:00+09:00,872.8347644534721,889.6380005605978,787.8850708007812,787.8850708007812,138600,0.0,0.0
2020-03-02 00:00:00+09:00,756.1456589107967,779.483487889525,718.8051325448314,745.8770141601562,44500,0.0,0.0
2020-03-03 00:00:00+09:00,773.8822906419525,825.2255065470277,730.0071788685245,763.6136474609375,30600,0.0,0.0
2020-03-04 00:00:00+09:00,732.8077678727985,775.7493695570644,730.0072286325203,748.677490234375,11200,0.0,0.0
2020-03-05 00:00:00+09:00,748.677549651732,808.4223915192018,748.677549651732,774.81591796875,18500,0.0,0.0
2020-03-06 00:00:00+09:00,780.4169928111031,780.4169928111031,728.1402564505507,730.9407958984375,10200,0.0,0.0
2020-03-09 00:00:00+09:00,716.9380733944954,730.9407701404816,691.7332192517201,712.2705078125,15000,0.0,0.0
2020-03-10 00:00:00+09:00,697.3342304845011,730.9406994235131,681.4645090410786,723.4725952148438,12000,0.0,0.0
2020-03-11 00:00:00+09:00,758.9461496428856,758.9461496428856,728.1402173695582,729.07373046875,3600,0.0,0.0
2020-03-12 00:00:00+09:00,731.8742721354166,731.8742721354166,700.1348266601562,700.1348266601562,3600,0.0,0.0
2020-03-13 00:00:00+09:00,691.7332243742767,701.0683556073977,676.7970144012828,680.5310668945312,6500,0.0,0.0
2020-03-16 00:00:00+09:00,666.5283634837081,708.5364536192359,666.5283634837081,688.9326782226562,2700,0.0,0.0
2020-03-17 00:00:00+09:00,660.9272765267918,684.2651040877662,660.9272765267918,673.9964599609375,2900,0.0,0.0
2020-03-18 00:00:00+09:00,662.7942701465805,695.4672271256372,662.7942701465805,663.727783203125,4000,0.0,0.0
2020-03-19 00:00:00+09:00,676.7970144012828,692.6667374975888,676.7970144012828,680.5310668945312,1000,0.0,0.0
2020-03-23 00:00:00+09:00,676.7970150998791,737.4753681777993,623.5867670161645,730.0072631835938,8700,0.0,0.0
2020-03-24 00:00:00+09:00,730.9407958984375,730.9407958984375,730.9407958984375,730.9407958984375,500,0.0,0.0
2020-03-25 00:00:00+09:00,765.4806775582925,787.8849900721938,765.4806775582925,786.9514770507812,6600,0.0,0.0
2020-03-26 00:00:00+09:00,814.0234135591862,818.6909790039062,747.7439842441607,818.6909790039062,6100,0.0,0.0
2020-03-27 00:00:00+09:00,831.7601042264638,831.7601042264638,785.0844530353043,813.08984375,800,0.0,0.0
2020-03-30 00:00:00+09:00,742.1362876017793,794.8720703125,742.1362876017793,794.8720703125,300,23.0,0.0
2020-03-31 00:00:00+09:00,795.8308612175708,831.307658645342,795.8308612175708,813.08984375,1400,0.0,0.0
2020-04-01 00:00:00+09:00,820.7605403412485,821.7193727481892,788.1602385052644,802.542724609375,1100,0.0,0.0
2020-04-02 00:00:00+09:00,802.5426877579599,813.08984375,802.5426877579599,813.08984375,700,0.0,0.0
2020-04-03 00:00:00+09:00,798.7073999641888,798.7073999641888,787.2014110091225,794.8720703125,500,0.0,0.0
2020-04-06 00:00:00+09:00,780.489555894607,809.254527242074,780.489555894607,791.9955444335938,2000,0.0,0.0
2020-04-07 00:00:00+09:00,763.2305587267092,816.9251708984375,763.2305587267092,816.9251708984375,2900,0.0,0.0
2020-04-08 00:00:00+09:00,810.21337890625,816.9252057137575,808.2957141041051,810.21337890625,1300,0.0,0.0
2020-04-09 00:00:00+09:00,815.9663328803608,826.5134887695312,814.048668173239,826.5134887695312,1600,0.0,0.0
2020-04-10 00:00:00+09:00,833.2253107180541,834.1841430664062,833.2253107180541,834.1841430664062,1500,0.0,0.0
2020-04-13 00:00:00+09:00,819.8016967773438,819.8016967773438,819.8016967773438,819.8016967773438,200,0.0,0.0
2020-04-14 00:00:00+09:00,815.9663328803608,827.4723211230921,815.9663328803608,826.5134887695312,1000,0.0,0.0
2020-04-15 00:00:00+09:00,828.4311907865747,828.4311907865747,812.1310400419314,815.9663696289062,800,0.0,0.0
2020-04-16 00:00:00+09:00,810.21335841377,810.21335841377,793.9132080078125,793.9132080078125,300,0.0,0.0
2020-04-17 00:00:00+09:00,783.3660914197033,783.3660914197033,778.5719292935117,779.53076171875,900,0.0,0.0
2020-04-20 00:00:00+09:00,779.5307591787313,783.3660888671875,779.5307591787313,783.3660888671875,600,0.0,0.0
2020-04-21 00:00:00+09:00,783.3660927054033,783.3660927054033,777.6130981445312,777.6130981445312,200,0.0,0.0
2020-04-22 00:00:00+09:00,781.4483882728558,791.9955444335938,781.4483882728558,791.9955444335938,200,0.0,0.0
2020-04-23 00:00:00+09:00,804.460382072889,814.0487060546875,804.460382072889,814.0487060546875,700,0.0,0.0
2020-04-24 00:00:00+09:00,795.8308646231536,807.3368530273438,795.8308646231536,807.3368530273438,400,0.0,0.0
2020-04-27 00:00:00+09:00,822.6782252291605,822.6782252291605,818.8428955078125,818.8428955078125,1300,0.0,0.0
2020-04-28 00:00:00+09:00,818.8428955078125,818.8428955078125,818.8428955078125,818.8428955078125,0,0.0,0.0
2020-04-30 00:00:00+09:00,804.460394441722,804.460394441722,794.8720703125,794.8720703125,700,0.0,0.0
2020-05-01 00:00:00+09:00,796.7897351383444,796.7897351383444,794.8720703125,794.8720703125,300,0.0,0.0
2020-05-07 00:00:00+09:00,791.0367482441,791.0367482441,783.3660888671875,783.3660888671875,200,0.0,0.0
2020-05-08 00:00:00+09:00,797.7485576923077,817.8840381148299,797.7485576923077,810.21337890625,1100,0.0,0.0
2020-05-11 00:00:00+09:00,824.5958563168473,824.5958563168473,819.8016943615168,823.6370239257812,2100,0.0,0.0
2020-05-12 00:00:00+09:00,824.5958218123016,830.3488159179688,824.5958218123016,830.3488159179688,1000,0.0,0.0
2020-05-13 00:00:00+09:00,832.2665046857184,862.9491408031643,832.2665046857184,840.89599609375,5000,0.0,0.0
2020-05-14 00:00:00+09:00,834.1841430664062,839.9371371565194,834.1841430664062,834.1841430664062,1000,0.0,0.0
2020-05-15 00:00:00+09:00,805.419191789399,805.419191789399,792.9543709640868,801.5838623046875,2200,0.0,0.0
2020-05-18 00:00:00+09:00,801.5838623046875,801.5838623046875,801.5838623046875,801.5838623046875,0,0.0,0.0
2020-05-19 00:00:00+09:00,801.5838623046875,801.5838623046875,801.5838623046875,801.5838623046875,0,0.0,0.0
2020-05-20 00:00:00+09:00,786.2425478280309,805.4191953360316,786.2425478280309,795.8308715820312,400,0.0,0.0
2020-05-21 00:00:00+09:00,796.7897051382756,796.7897051382756,793.9132080078125,793.9132080078125,300,0.0,0.0
2020-05-22 00:00:00+09:00,793.9132080078125,793.9132080078125,793.9132080078125,793.9132080078125,0,0.0,0.0
2020-05-25 00:00:00+09:00,799.6661828698249,826.5134887695312,799.6661828698249,826.5134887695312,1000,0.0,0.0
2020-05-26 00:00:00+09:00,855.2785425110211,855.2785425110211,814.0487473002879,842.813720703125,2000,0.0,0.0
2020-05-27 00:00:00+09:00,835.1430101803529,837.0606749568864,826.513518685952,827.4723510742188,1900,0.0,0.0
2020-05-28 00:00:00+09:00,827.4723873808456,827.4723873808456,815.0075657864644,818.8428955078125,1800,0.0,0.0
2020-05-29 00:00:00+09:00,819.8016967773438,819.8016967773438,819.8016967773438,819.8016967773438,300,0.0,0.0
2020-06-01 00:00:00+09:00,829.3900269276998,829.3900269276998,810.21337890625,810.21337890625,1800,0.0,0.0
2020-06-02 00:00:00+09:00,805.4192205890569,805.4192205890569,796.7897289398884,804.4603881835938,2300,0.0,0.0
2020-06-03 00:00:00+09:00,805.4192205890569,805.4192205890569,804.4603881835938,804.4603881835938,500,0.0,0.0
2020-06-04 00:00:00+09:00,805.419276213843,814.0487684589914,805.419276213843,812.131103515625,1000,0.0,0.0
2020-06-05 00:00:00+09:00,810.2133466612618,813.08984375,810.2133466612618,813.08984375,900,0.0,0.0
2020-06-08 00:00:00+09:00,820.7604924085234,830.3488159179688,808.2956718462444,830.3488159179688,2400,0.0,0.0
2020-06-09 00:00:00+09:00,824.5958677141854,853.36083984375,824.5958677141854,853.36083984375,600,0.0,0.0
2020-06-10 00:00:00+09:00,853.3608496305357,885.0023193359375,853.3608496305357,885.0023193359375,4300,0.0,0.0
2020-06-11 00:00:00+09:00,887.8788063992275,887.8788063992275,853.36083984375,853.36083984375,4100,0.0,0.0
2020-06-12 00:00:00+09:00,849.5255126953125,849.5255126953125,849.5255126953125,849.5255126953125,100,0.0,0.0
2020-06-15 00:00:00+09:00,838.9783471507556,838.9783471507556,815.9663696289062,815.9663696289062,1200,0.0,0.0
2020-06-16 00:00:00+09:00,816.9251912669016,835.1430065651072,816.9251912669016,833.225341796875,500,0.0,0.0
2020-06-17 00:00:00+09:00,833.225341796875,833.225341796875,833.225341796875,833.225341796875,0,0.0,0.0
2020-06-18 00:00:00+09:00,852.4019872492009,885.9611206054688,825.5546805641868,885.9611206054688,4300,0.0,0.0
2020-06-19 00:00:00+09:00,859.1138305664062,859.1138305664062,859.1138305664062,859.1138305664062,100,0.0,0.0
2020-06-22 00:00:00+09:00,859.1138305664062,859.1138305664062,859.1138305664062,859.1138305664062,0,0.0,0.0
2020-06-23 00:00:00+09:00,863.9079401189631,863.9079401189631,843.7724609375,843.7724609375,900,0.0,0.0
2020-06-24 00:00:00+09:00,845.6901664512873,850.4843283926211,822.6781891328849,827.4723510742188,1200,0.0,0.0
2020-06-25 00:00:00+09:00,868.702091752288,896.5082293470081,850.4842774660922,861.0314331054688,5100,0.0,0.0
2020-06-26 00:00:00+09:00,889.7964561679431,889.7964561679431,876.372802734375,876.372802734375,2500,0.0,0.0
2020-06-29 00:00:00+09:00,834.1842159148185,861.9903564453125,834.1842159148185,861.9903564453125,500,0.0,0.0
2020-06-30 00:00:00+09:00,861.9903564453125,861.9903564453125,833.2253834827326,861.9903564453125,400,0.0,0.0
2020-07-01 00:00:00+09:00,856.2373900797431,856.2373900797431,821.7194213867188,821.7194213867188,1800,0.0,0.0
2020-07-02 00:00:00+09:00,821.7193942977005,861.9903564453125,821.7193942977005,861.9903564453125,2200,0.0,0.0
2020-07-03 00:00:00+09:00,860.0726742407727,860.0726742407727,841.8548583984375,841.8548583984375,300,0.0,0.0
2020-07-06 00:00:00+09:00,841.8548583984375,841.8548583984375,841.8548583984375,841.8548583984375,0,0.0,0.0
2020-07-07 00:00:00+09:00,852.4020385742188,852.4020385742188,852.4020385742188,852.4020385742188,200,0.0,0.0
2020-07-08 00:00:00+09:00,849.5255478304537,849.5255478304537,822.6782393211391,842.813720703125,1500,0.0,0.0
2020-07-09 00:00:00+09:00,841.8548583984375,841.8548583984375,841.8548583984375,841.8548583984375,300,0.0,0.0
2020-07-10 00:00:00+09:00,860.0726666739818,860.0726666739818,853.36083984375,853.36083984375,1500,0.0,0.0
2020-07-13 00:00:00+09:00,838.9783935546875,838.9783935546875,838.9783935546875,838.9783935546875,100,0.0,0.0
2020-07-14 00:00:00+09:00,838.9783935546875,838.9783935546875,838.9783935546875,838.9783935546875,0,0.0,0.0
2020-07-15 00:00:00+09:00,824.5958503398303,833.225341796875,824.5958503398303,833.225341796875,400,0.0,0.0
2020-07-16 00:00:00+09:00,828.4312392365098,835.14306640625,828.4312392365098,835.14306640625,300,0.0,0.0
2020-07-17 00:00:00+09:00,858.155029296875,858.155029296875,858.155029296875,858.155029296875,200,0.0,0.0
2020-07-20 00:00:00+09:00,860.0726928710938,860.0726928710938,860.0726928710938,860.0726928710938,100,0.0,0.0
2020-07-21 00:00:00+09:00,862.9491540769867,871.5786456177566,862.9491540769867,868.7021484375,900,0.0,0.0
2020-07-22 00:00:00+09:00,868.702168275579,885.0023193359375,868.702168275579,885.0023193359375,1000,0.0,0.0
2020-07-27 00:00:00+09:00,856.2373618527965,861.9903564453125,856.2373618527965,861.9903564453125,800,0.0,0.0
2020-07-28 00:00:00+09:00,847.6077903053977,851.4431196732954,843.7724609375,843.7724609375,1700,0.0,0.0
2020-07-29 00:00:00+09:00,843.7724609375,843.7724609375,843.7724609375,843.7724609375,0,0.0,0.0
2020-07-30 00:00:00+09:00,843.7724609375,843.7724609375,843.7724609375,843.7724609375,100,0.0,0.0
2020-07-31 00:00:00+09:00,843.7724609375,843.7724609375,843.7724609375,843.7724609375,0,0.0,0.0
2020-08-03 00:00:00+09:00,827.4723280244715,827.4723280244715,815.0075073242188,815.0075073242188,300,0.0,0.0
2020-08-04 00:00:00+09:00,820.7605889230236,821.7194213867188,820.7605889230236,821.7194213867188,300,0.0,0.0
2020-08-05 00:00:00+09:00,821.7194213867188,821.7194213867188,821.7194213867188,821.7194213867188,100,0.0,0.0
2020-08-06 00:00:00+09:00,841.8548368982202,841.8548368982202,827.4723510742188,827.4723510742188,500,0.0,0.0
2020-08-07 00:00:00+09:00,843.7725505202435,847.6078802953355,843.7725505202435,846.6490478515625,500,0.0,0.0
2020-08-11 00:00:00+09:00,877.3316404108416,877.3316404108416,765.1482503255208,819.8016967773438,41700,0.0,0.0
2020-08-12 00:00:00+09:00,815.0075016465298,838.9783105184865,815.0075016465298,824.5958251953125,1100,0.0,0.0
2020-08-13 00:00:00+09:00,810.2134385722587,812.131103515625,810.2134385722587,812.131103515625,2100,0.0,0.0
2020-08-14 00:00:00+09:00,815.0075178879957,826.5135063758263,797.74853515625,797.74853515625,2300,0.0,0.0
2020-08-17 00:00:00+09:00,815.9663795699616,815.9663795699616,800.6250610351562,800.6250610351562,1300,0.0,0.0
2020-08-18 00:00:00+09:00,800.6250230321344,817.8840055645637,800.6250230321344,813.08984375,1600,0.0,0.0
2020-08-19 00:00:00+09:00,812.1310113870873,813.08984375,812.1310113870873,813.08984375,700,0.0,0.0
2020-08-20 00:00:00+09:00,800.6250768274693,822.67822265625,800.6250768274693,822.67822265625,700,0.0,0.0
2020-08-21 00:00:00+09:00,827.4723510742188,827.4723510742188,827.4723510742188,827.4723510742188,100,0.0,0.0
2020-08-24 00:00:00+09:00,827.4723510742188,827.4723510742188,827.4723510742188,827.4723510742188,5000,0.0,0.0
2020-08-25 00:00:00+09:00,827.4723166279409,834.1841430664062,827.4723166279409,834.1841430664062,1400,0.0,0.0
2020-08-26 00:00:00+09:00,848.5666827766263,848.5666827766263,845.690185546875,845.690185546875,4000,0.0,0.0
2020-08-27 00:00:00+09:00,830.3489081410314,830.3489081410314,829.3900756835938,829.3900756835938,1100,0.0,0.0
2020-08-28 00:00:00+09:00,829.3900219468969,829.3900219468969,817.884033203125,817.884033203125,1100,0.0,0.0
2020-08-31 00:00:00+09:00,826.5135641915457,826.5135641915457,805.4192504882812,805.4192504882812,700,0.0,0.0
2020-09-01 00:00:00+09:00,808.2957153320312,808.2957153320312,808.2957153320312,808.2957153320312,900,0.0,0.0
2020-09-02 00:00:00+09:00,809.2545527109843,809.2545527109843,800.6250610351562,800.6250610351562,600,0.0,0.0
2020-09-03 00:00:00+09:00,806.3780517578125,806.3780517578125,806.3780517578125,806.3780517578125,200,0.0,0.0
2020-09-04 00:00:00+09:00,815.9663672017772,819.8016967773438,815.0075348078856,819.8016967773438,300,0.0,0.0
2020-09-07 00:00:00+09:00,805.4192132647254,824.5958611995998,805.4192132647254,815.9663696289062,800,0.0,0.0
2020-09-08 00:00:00+09:00,830.3488704866976,886.9199829101562,830.3488704866976,886.9199829101562,2600,0.0,0.0
2020-09-09 00:00:00+09:00,872.5374637726815,891.714111328125,849.5254867061492,891.714111328125,4500,0.0,0.0
2020-09-10 00:00:00+09:00,870.6198294221778,890.7553100585938,867.743332188404,890.7553100585938,3600,0.0,0.0
2020-09-11 00:00:00+09:00,891.7141424698516,891.7141424698516,890.7553100585938,890.7553100585938,2000,0.0,0.0
2020-09-14 00:00:00+09:00,889.7964477539062,889.7964477539062,889.7964477539062,889.7964477539062,100,0.0,0.0
2020-09-15 00:00:00+09:00,889.7964477539062,889.7964477539062,889.7964477539062,889.7964477539062,0,0.0,0.0
2020-09-16 00:00:00+09:00,875.4140014648438,875.4140014648438,863.9080123984932,875.4140014648438,400,0.0,0.0
2020-09-17 00:00:00+09:00,876.3728263566301,889.796480152027,876.3728263566301,886.9199829101562,400,0.0,0.0
2020-09-18 00:00:00+09:00,890.7552801329514,890.7552801329514,881.1669563424998,889.7964477539062,1200,0.0,0.0
2020-09-23 00:00:00+09:00,875.4140014648438,875.4140014648438,875.4140014648438,875.4140014648438,300,0.0,0.0
2020-09-24 00:00:00+09:00,889.7964525305706,889.7964525305706,875.4139667676842,882.1257934570312,900,0.0,0.0
2020-09-25 00:00:00+09:00,882.1258284202149,882.1258284202149,858.1550178653179,875.4140014648438,1600,0.0,0.0
2020-09-28 00:00:00+09:00,881.1669311523438,881.1669311523438,881.1669311523438,881.1669311523438,1000,0.0,0.0
2020-09-29 00:00:00+09:00,890.8607788085938,890.8607788085938,890.8607788085938,890.8607788085938,0,10.0,0.0
2020-09-30 00:00:00+09:00,890.8607788085938,890.8607788085938,890.8607788085938,890.8607788085938,0,0.0,0.0
2020-10-02 00:00:00+09:00,863.7180786132812,863.7180786132812,863.7180786132812,863.7180786132812,100,0.0,0.0
2020-10-05 00:00:00+09:00,876.3200481267264,877.2894287109375,876.3200481267264,877.2894287109375,600,0.0,0.0
2020-10-06 00:00:00+09:00,877.2894287109375,877.2894287109375,877.2894287109375,877.2894287109375,0,0.0,0.0
2020-10-07 00:00:00+09:00,900.5545634197482,900.5545634197482,883.105712890625,883.105712890625,500,0.0,0.0
2020-10-08 00:00:00+09:00,896.6770237327642,907.3402099609375,886.9832180707883,907.3402099609375,1200,0.0,0.0
2020-10-09 00:00:00+09:00,911.2177110256109,911.2177110256109,902.4932861328125,902.4932861328125,1900,0.0,0.0
2020-10-12 00:00:00+09:00,887.9526571967763,902.4933666486885,887.9526571967763,889.8914184570312,800,0.0,0.0
2020-10-13 00:00:00+09:00,889.8914184570312,889.8914184570312,889.8914184570312,889.8914184570312,0,0.0,0.0
2020-10-14 00:00:00+09:00,889.8914184570312,889.8914184570312,889.8914184570312,889.8914184570312,0,0.0,0.0
2020-10-15 00:00:00+09:00,889.8914184570312,889.8914184570312,889.8914184570312,889.8914184570312,0,0.0,0.0
2020-10-16 00:00:00+09:00,899.5851646505376,901.52392578125,899.5851646505376,901.52392578125,400,0.0,0.0
2020-10-19 00:00:00+09:00,901.52392578125,901.52392578125,901.52392578125,901.52392578125,0,0.0,0.0
2020-10-20 00:00:00+09:00,889.8914180554841,889.8914180554841,884.0751342773438,884.0751342773438,200,0.0,0.0
2020-10-21 00:00:00+09:00,885.0444553920202,895.7076416015625,885.0444553920202,895.7076416015625,200,0.0,0.0
2020-10-22 00:00:00+09:00,895.7076007351199,895.7076007351199,894.7382202148438,894.7382202148438,200,0.0,0.0
2020-10-23 00:00:00+09:00,894.7382408678209,896.677001953125,894.7382408678209,896.677001953125,200,0.0,0.0
2020-10-26 00:00:00+09:00,898.6157836914062,898.6157836914062,898.6157836914062,898.6157836914062,1000,0.0,0.0
2020-10-27 00:00:00+09:00,898.6157836914062,898.6157836914062,898.6157836914062,898.6157836914062,200,0.0,0.0
2020-10-28 00:00:00+09:00,884.0751142876637,887.95263671875,873.4119276021765,887.95263671875,300,0.0,0.0
2020-10-29 00:00:00+09:00,873.4119262695312,873.4119262695312,873.4119262695312,873.4119262695312,200,0.0,0.0
2020-10-30 00:00:00+09:00,873.4119262695312,873.4119262695312,873.4119262695312,873.4119262695312,0,0.0,0.0
2020-11-02 00:00:00+09:00,873.4119262695312,873.4119262695312,873.4119262695312,873.4119262695312,0,0.0,0.0
2020-11-04 00:00:00+09:00,886.9832763671875,886.9832763671875,886.9832763671875,886.9832763671875,200,0.0,0.0
2020-11-05 00:00:00+09:00,886.9832342109764,886.9832342109764,874.3812866210938,874.3812866210938,600,0.0,0.0
2020-11-06 00:00:00+09:00,882.1363525390625,882.1363525390625,882.1363525390625,882.1363525390625,100,0.0,0.0
2020-11-09 00:00:00+09:00,885.0444521755642,886.0138327365452,872.4425048828125,872.4425048828125,800,0.0,0.0
2020-11-10 00:00:00+09:00,886.0138752363858,886.0138752363858,885.0444946289062,885.0444946289062,400,0.0,0.0
2020-11-11 00:00:00+09:00,885.0444740605276,885.0444740605276,883.105712890625,883.105712890625,2500,0.0,0.0
2020-11-12 00:00:00+09:00,883.105712890625,883.105712890625,883.105712890625,883.105712890625,0,0.0,0.0
2020-11-13 00:00:00+09:00,883.105712890625,883.105712890625,883.105712890625,883.105712890625,0,0.0,0.0
2020-11-16 00:00:00+09:00,889.8914184570312,889.8914184570312,889.8914184570312,889.8914184570312,100,0.0,0.0
2020-11-17 00:00:00+09:00,889.8914184570312,889.8914184570312,889.8914184570312,889.8914184570312,0,0.0,0.0
2020-11-18 00:00:00+09:00,872.4425048828125,872.4425048828125,872.4425048828125,872.4425048828125,300,0.0,0.0
2020-11-19 00:00:00+09:00,872.4425048828125,872.4425048828125,872.4425048828125,872.4425048828125,0,0.0,0.0
2020-11-20 00:00:00+09:00,872.4424817959018,872.4424817959018,855.9630126953125,855.9630126953125,1300,0.0,0.0
2020-11-24 00:00:00+09:00,855.9630745515694,864.6875,855.9630745515694,864.6875,400,0.0,0.0
2020-11-25 00:00:00+09:00,875.3506465657551,875.3506465657551,872.4425048828125,872.4425048828125,300,0.0,0.0
2020-11-26 00:00:00+09:00,886.9832763671875,886.9832763671875,886.9832763671875,886.9832763671875,1200,0.0,0.0
2020-11-27 00:00:00+09:00,872.4424813010477,872.4424813010477,853.0548706054688,853.0548706054688,2100,0.0,0.0
2020-11-30 00:00:00+09:00,853.0549330045391,867.5956420898438,853.0549330045391,867.5956420898438,1300,0.0,0.0
2020-12-01 00:00:00+09:00,867.5956420898438,867.5956420898438,867.5956420898438,867.5956420898438,100,0.0,0.0
2020-12-02 00:00:00+09:00,862.7487182617188,862.7487182617188,862.7487182617188,862.7487182617188,1000,0.0,0.0
2020-12-03 00:00:00+09:00,862.7487393317615,870.5037841796875,862.7487393317615,870.5037841796875,400,0.0,0.0
2020-12-04 00:00:00+09:00,886.9832763671875,886.9832763671875,886.0138957372781,886.9832763671875,1900,0.0,0.0
2020-12-07 00:00:00+09:00,888.9219970703125,888.9219970703125,888.9219970703125,888.9219970703125,600,0.0,0.0
2020-12-08 00:00:00+09:00,883.1057536476536,886.0138955367239,883.1057536476536,884.0751342773438,1300,0.0,0.0
2020-12-09 00:00:00+09:00,885.0444730433022,885.0444730433022,867.5956225342338,874.3812866210938,1300,0.0,0.0
2020-12-10 00:00:00+09:00,874.3812651836898,882.1363096642547,866.626220703125,866.626220703125,2400,0.0,0.0
2020-12-11 00:00:00+09:00,888.9219731631637,888.9219731631637,862.7486980536703,863.7180786132812,6500,0.0,0.0
2020-12-14 00:00:00+09:00,854.0243130695699,863.7181191203028,854.0243130695699,861.7793579101562,1800,0.0,0.0
2020-12-15 00:00:00+09:00,853.0548706054688,857.9017732793635,853.0548706054688,853.0548706054688,2000,0.0,0.0
2020-12-16 00:00:00+09:00,853.0548706054688,853.0548706054688,853.0548706054688,853.0548706054688,0,0.0,0.0
2020-12-17 00:00:00+09:00,853.0548706054688,853.0548706054688,853.0548706054688,853.0548706054688,100,0.0,0.0
2020-12-18 00:00:00+09:00,853.0548681358382,853.0548681358382,838.51416015625,838.51416015625,2800,0.0,0.0
2020-12-21 00:00:00+09:00,835.606061623626,861.7793373357349,823.9734946404665,859.840576171875,2600,0.0,0.0
2020-12-22 00:00:00+09:00,856.9323927445846,856.9323927445846,853.0548706054688,853.0548706054688,1000,0.0,0.0
2020-12-23 00:00:00+09:00,847.2386272321428,862.7487165178571,847.2386272321428,848.2080078125,1000,0.0,0.0
2020-12-24 00:00:00+09:00,859.8405758266535,859.8405758266535,830.7591583804308,856.9324340820312,18200,0.0,0.0
2020-12-25 00:00:00+09:00,853.0549330045391,867.5956420898438,853.0549330045391,867.5956420898438,2900,0.0,0.0
2020-12-28 00:00:00+09:00,882.1363316319923,882.1363316319923,867.5956228688276,877.2894287109375,1400,0.0,0.0
2020-12-29 00:00:00+09:00,877.2894287109375,877.2894287109375,877.2894287109375,877.2894287109375,0,0.0,0.0
2020-12-30 00:00:00+09:00,877.2894287109375,877.2894287109375,877.2894287109375,877.2894287109375,0,0.0,0.0
2021-01-04 00:00:00+09:00,877.2894287109375,877.2894287109375,877.2894287109375,877.2894287109375,0,0.0,0.0
2021-01-05 00:00:00+09:00,867.595600020414,867.595600020414,857.9017944335938,857.9017944335938,200,0.0,0.0
2021-01-06 00:00:00+09:00,867.5956420898438,867.5956420898438,867.5956420898438,867.5956420898438,200,0.0,0.0
2021-01-07 00:00:00+09:00,867.5956418161435,867.5956418161435,862.7487387892377,864.6875,700,0.0,0.0
2021-01-08 00:00:00+09:00,904.4320867787236,904.4320867787236,881.1669527136761,891.8301391601562,1900,0.0,0.0
2021-01-12 00:00:00+09:00,877.2894481467135,877.2894481467135,867.5956420898438,867.5956420898438,700,0.0,0.0
2021-01-13 00:00:00+09:00,853.0548710893262,855.9630126953125,853.0548710893262,855.9630126953125,400,0.0,0.0
2021-01-14 00:00:00+09:00,852.0854895840757,852.0854895840757,850.146728515625,850.146728515625,900,0.0,0.0
2021-01-15 00:00:00+09:00,850.1467487213274,850.1467487213274,849.1773681640625,849.1773681640625,200,0.0,0.0
2021-01-18 00:00:00+09:00,846.2692073420247,857.9017737659701,835.6060214534082,855.9630126953125,700,0.0,0.0
2021-01-19 00:00:00+09:00,855.9630126953125,855.9630126953125,855.9630126953125,855.9630126953125,0,0.0,0.0
2021-01-20 00:00:00+09:00,841.4223022460938,841.4223022460938,841.4223022460938,841.4223022460938,200,0.0,0.0
2021-01-21 00:00:00+09:00,843.361084820473,854.0242709503871,843.361084820473,849.1773681640625,400,0.0,0.0
2021-01-22 00:00:00+09:00,850.146728515625,850.146728515625,850.146728515625,850.146728515625,100,0.0,0.0
2021-01-25 00:00:00+09:00,850.1467491384252,852.0855102539062,844.3304657919822,852.0855102539062,800,0.0,0.0
2021-01-26 00:00:00+09:00,854.9936531685495,860.8099365234375,854.9936531685495,860.8099365234375,1400,0.0,0.0
2021-01-27 00:00:00+09:00,849.1773681640625,849.1773681640625,849.1773681640625,849.1773681640625,100,0.0,0.0
2021-01-28 00:00:00+09:00,848.2080078125,848.2080078125,848.2080078125,848.2080078125,600,0.0,0.0
2021-01-29 00:00:00+09:00,847.2386289446541,862.7487182617188,847.2386289446541,862.7487182617188,800,0.0,0.0
2021-02-01 00:00:00+09:00,862.7487182617188,862.7487182617188,862.7487182617188,862.7487182617188,0,0.0,0.0
2021-02-02 00:00:00+09:00,865.6568603515625,865.6568603515625,865.6568603515625,865.6568603515625,100,0.0,0.0
2021-02-03 00:00:00+09:00,854.9936531685495,860.8099365234375,849.1773698136614,860.8099365234375,1100,0.0,0.0
2021-02-04 00:00:00+09:00,851.1161499023438,851.1161499023438,851.1161499023438,851.1161499023438,100,0.0,0.0
2021-02-05 00:00:00+09:00,856.932455427287,867.5956420898438,854.993694215913,867.5956420898438,500,0.0,0.0
2021-02-08 00:00:00+09:00,857.9017732793635,857.9017732793635,853.0548706054688,853.0548706054688,800,0.0,0.0
2021-02-09 00:00:00+09:00,854.0243127964959,862.7487382393658,854.0243127964959,858.8712158203125,700,0.0,0.0
2021-02-10 00:00:00+09:00,862.7487182617188,862.7487182617188,854.9936736031864,862.7487182617188,2500,0.0,0.0
2021-02-12 00:00:00+09:00,862.7487165178571,862.7487165178571,848.2080078125,848.2080078125,2900,0.0,0.0
2021-02-15 00:00:00+09:00,856.9324340820312,856.9324340820312,856.9324340820312,856.9324340820312,100,0.0,0.0
2021-02-16 00:00:00+09:00,848.2079876067976,861.7793154085064,848.2079876067976,849.1773681640625,1100,0.0,0.0
2021-02-17 00:00:00+09:00,849.177348466353,861.7792954184793,849.177348466353,853.0548706054688,700,0.0,0.0
2021-02-18 00:00:00+09:00,849.1773681640625,849.1773681640625,849.1773681640625,849.1773681640625,800,0.0,0.0
2021-02-19 00:00:00+09:00,843.361083984375,843.361083984375,843.361083984375,843.361083984375,400,0.0,0.0
2021-02-22 00:00:00+09:00,854.9936316750267,854.9936316750267,853.0548706054688,853.0548706054688,300,0.0,0.0
2021-02-24 00:00:00+09:00,853.0548706054688,853.0548706054688,853.0548706054688,853.0548706054688,0,0.0,0.0
2021-02-25 00:00:00+09:00,861.7793376794021,864.6874794263518,854.9936736031864,862.7487182617188,1400,0.0,0.0
2021-02-26 00:00:00+09:00,862.7487385152295,862.7487385152295,861.7793579101562,861.7793579101562,1300,0.0,0.0
2021-03-01 00:00:00+09:00,861.7793579101562,861.7793579101562,861.7793579101562,861.7793579101562,0,0.0,0.0
2021-03-02 00:00:00+09:00,869.5343627929688,869.5343627929688,869.5343627929688,869.5343627929688,200,0.0,0.0
2021-03-03 00:00:00+09:00,870.5037841796875,870.5037841796875,870.5037841796875,870.5037841796875,300,0.0,0.0
2021-03-04 00:00:00+09:00,855.9630524553571,855.9630524553571,841.42234375,848.2080078125,700,0.0,0.0
2021-03-05 00:00:00+09:00,851.1161100186687,855.9630126953125,842.3916852007096,855.9630126953125,2900,0.0,0.0
2021-03-08 00:00:00+09:00,859.840576171875,859.840576171875,859.840576171875,859.840576171875,100,0.0,0.0
2021-03-09 00:00:00+09:00,859.8405765147692,862.7487182617188,859.8405765147692,862.7487182617188,500,0.0,0.0
2021-03-10 00:00:00+09:00,865.6568811497337,870.5037841796875,865.6568811497337,870.5037841796875,400,0.0,0.0
2021-03-11 00:00:00+09:00,872.4425028138241,872.4425028138241,857.9017944335938,857.9017944335938,2400,0.0,0.0
2021-03-12 00:00:00+09:00,857.9018574699027,886.9832763671875,857.9018574699027,886.9832763671875,800,0.0,0.0
2021-03-15 00:00:00+09:00,886.9832763671875,886.9832763671875,886.9832763671875,886.9832763671875,500,0.0,0.0
2021-03-16 00:00:00+09:00,886.9832763671875,886.9832763671875,886.9832763671875,886.9832763671875,0,0.0,0.0
2021-03-17 00:00:00+09:00,882.1363732176401,886.9832763671875,882.1363732176401,886.9832763671875,600,0.0,0.0
2021-03-18 00:00:00+09:00,874.3812866210938,874.3812866210938,874.3812866210938,874.3812866210938,100,0.0,0.0
2021-03-19 00:00:00+09:00,886.9832763671875,886.9832763671875,886.9832763671875,886.9832763671875,100,0.0,0.0
2021-03-22 00:00:00+09:00,879.2282112488059,893.7689203653794,879.2282112488059,887.95263671875,600,0.0,0.0
2021-03-23 00:00:00+09:00,891.8301391601562,891.8301391601562,891.8301391601562,891.8301391601562,200,0.0,0.0
2021-03-24 00:00:00+09:00,884.0750934755763,884.0750934755763,883.105712890625,883.105712890625,200,0.0,0.0
2021-03-25 00:00:00+09:00,896.6770229544691,901.52392578125,896.6770229544691,901.52392578125,500,0.0,0.0
2021-03-26 00:00:00+09:00,916.0646362304688,916.0646362304688,916.0646362304688,916.0646362304688,1400,0.0,0.0
2021-03-29 00:00:00+09:00,873.4119273391506,886.9832558438654,873.4119273391506,885.0444946289062,3900,0.0,0.0
2021-03-30 00:00:00+09:00,897.8998576343125,897.8998576343125,890.9777221679688,890.9777221679688,400,18.0,0.0
2021-03-31 00:00:00+09:00,888.9999855946107,890.9777386215176,884.0556030273438,884.0556030273438,1100,0.0,0.0
2021-04-01 00:00:00+09:00,873.177978515625,873.177978515625,873.177978515625,873.177978515625,100,0.0,0.0
2021-04-02 00:00:00+09:00,874.1668399456137,874.1668399456137,872.1890869140625,872.1890869140625,200,0.0,0.0
2021-04-05 00:00:00+09:00,872.1890869140625,872.1890869140625,872.1890869140625,872.1890869140625,0,0.0,0.0
2021-04-06 00:00:00+09:00,872.1890869140625,872.1890869140625,872.1890869140625,872.1890869140625,0,0.0,0.0
2021-04-07 00:00:00+09:00,876.1445747400891,890.9777221679688,876.1445747400891,890.9777221679688,300,0.0,0.0
2021-04-08 00:00:00+09:00,903.8331616103386,903.8331616103386,892.9555196215928,897.89990234375,1000,0.0,0.0
2021-04-09 00:00:00+09:00,918.6662906453319,918.6662906453319,915.6996610738184,916.6885375976562,1900,0.0,0.0
2021-04-12 00:00:00+09:00,894.93327351798,894.93327351798,893.9443969726562,893.9443969726562,600,0.0,0.0
2021-04-13 00:00:00+09:00,892.9555053710938,892.9555053710938,892.9555053710938,892.9555053710938,100,0.0,0.0
2021-04-14 00:00:00+09:00,892.9555053710938,892.9555053710938,892.9555053710938,892.9555053710938,0,0.0,0.0
2021-04-15 00:00:00+09:00,885.0445080647427,919.6551871510734,885.0445080647427,893.9443969726562,2300,0.0,0.0
2021-04-16 00:00:00+09:00,893.9443986075265,893.9443986075265,886.0333862304688,886.0333862304688,1300,0.0,0.0
2021-04-19 00:00:00+09:00,887.0222611553901,893.9443969726562,879.1112487928002,893.9443969726562,500,0.0,0.0
2021-04-20 00:00:00+09:00,888.9999849111306,892.9554909619031,888.0111083984375,888.0111083984375,300,0.0,0.0
2021-04-21 00:00:00+09:00,870.2113481626973,877.1334838867188,855.3782001826513,877.1334838867188,2600,0.0,0.0
2021-04-22 00:00:00+09:00,875.1557006835938,875.1557006835938,875.1557006835938,875.1557006835938,1300,0.0,0.0
2021-04-23 00:00:00+09:00,878.1223412817651,899.8776245117188,878.1223412817651,899.8776245117188,500,0.0,0.0
2021-04-26 00:00:00+09:00,919.6551561038405,919.6551561038405,891.9666137695312,891.9666137695312,1300,0.0,0.0
2021-04-27 00:00:00+09:00,891.9666137695312,891.9666137695312,891.9666137695312,891.9666137695312,0,0.0,0.0
2021-04-28 00:00:00+09:00,889.0,889.0,889.0,889.0,100,0.0,0.0
2021-04-30 00:00:00+09:00,889.0,889.0,889.0,889.0,0,0.0,0.0
2021-05-06 00:00:00+09:00,888.9999985195442,896.9110107421875,888.9999985195442,896.9110107421875,300,0.0,0.0
2021-05-07 00:00:00+09:00,899.8776094040069,899.8776094040069,889.9888444655013,898.8887329101562,400,0.0,0.0
2021-05-10 00:00:00+09:00,895.9221022344857,906.7997436523438,895.9221022344857,906.7997436523438,800,0.0,0.0
2021-05-11 00:00:00+09:00,911.744140625,911.744140625,911.744140625,911.744140625,1700,0.0,0.0
2021-05-12 00:00:00+09:00,919.6551922884854,1054.1424032037908,870.2113647460938,870.2113647460938,34200,0.0,0.0
2021-05-13 00:00:00+09:00,875.1557178628254,879.1112239322619,860.3225701024385,864.278076171875,1500,0.0,0.0
2021-05-14 00:00:00+09:00,867.2446899414062,878.1223314343999,867.2446899414062,867.2446899414062,800,0.0,0.0
2021-05-17 00:00:00+09:00,839.5561824668589,867.2447255870851,830.6562936067862,841.533935546875,12100,0.0,0.0
2021-05-18 00:00:00+09:00,841.5339447715065,878.1223771528764,841.5339447715065,870.2113647460938,1200,0.0,0.0
2021-05-19 00:00:00+09:00,870.2113647460938,870.2113647460938,870.2113647460938,870.2113647460938,0,0.0,0.0
2021-05-20 00:00:00+09:00,862.3003238371049,862.3003238371049,860.3225708007812,860.3225708007812,1200,0.0,0.0
2021-05-21 00:00:00+09:00,880.1001157924107,880.1001157924107,865.2669677734375,865.2669677734375,300,0.0,0.0
2021-05-24 00:00:00+09:00,865.2669375704736,867.2446905706347,863.2891845703125,863.2891845703125,600,0.0,0.0
2021-05-25 00:00:00+09:00,877.1334536794889,879.1112066753841,875.1557006835938,875.1557006835938,700,0.0,0.0
2021-05-26 00:00:00+09:00,889.9888940759607,889.9888940759607,878.1223754882812,878.1223754882812,1400,0.0,0.0
2021-05-27 00:00:00+09:00,869.2224566801945,876.1445922851562,869.2224566801945,876.1445922851562,400,0.0,0.0
2021-05-28 00:00:00+09:00,876.1445922851562,876.1445922851562,876.1445922851562,876.1445922851562,0,0.0,0.0
2021-05-31 00:00:00+09:00,876.1445922851562,876.1445922851562,876.1445922851562,876.1445922851562,100,0.0,0.0
2021-06-01 00:00:00+09:00,876.1445922851562,876.1445922851562,876.1445922851562,876.1445922851562,0,0.0,0.0
2021-06-02 00:00:00+09:00,876.1445922851562,876.1445922851562,876.1445922851562,876.1445922851562,0,0.0,0.0
2021-06-03 00:00:00+09:00,863.2891845703125,863.2891845703125,862.300308070232,863.2891845703125,400,0.0,0.0
2021-06-04 00:00:00+09:00,863.2891845703125,863.2891845703125,863.2891845703125,863.2891845703125,400,0.0,0.0
2021-06-07 00:00:00+09:00,875.1557157701617,883.0667278901179,875.1557157701617,876.1445922851562,800,0.0,0.0
2021-06-08 00:00:00+09:00,887.0222619628906,894.9332743326823,887.0222619628906,889.9888916015625,1100,0.0,0.0
2021-06-09 00:00:00+09:00,885.0445096833365,886.0333862304688,885.0445096833365,886.0333862304688,200,0.0,0.0
2021-06-10 00:00:00+09:00,892.9555017341125,912.7330322265625,892.9555017341125,912.7330322265625,1700,0.0,0.0
2021-06-11 00:00:00+09:00,931.5216876921107,931.5216876921107,904.822021484375,904.822021484375,3700,0.0,0.0
2021-06-14 00:00:00+09:00,908.7775268554688,908.7775268554688,908.7775268554688,908.7775268554688,100,0.0,0.0
2021-06-15 00:00:00+09:00,908.7775268554688,908.7775268554688,908.7775268554688,908.7775268554688,0,0.0,0.0
2021-06-16 00:00:00+09:00,908.7775268554688,908.7775268554688,908.7775268554688,908.7775268554688,0,0.0,0.0
2021-06-17 00:00:00+09:00,900.8665023769878,900.8665023769878,862.3003184113428,891.9666137695312,1400,0.0,0.0
2021-06-18 00:00:00+09:00,891.9666137695312,891.9666137695312,891.9666137695312,891.9666137695312,0,0.0,0.0
2021-06-21 00:00:00+09:00,890.9777221679688,890.9777221679688,890.9777221679688,890.9777221679688,100,0.0,0.0
2021-06-22 00:00:00+09:00,890.9777221679688,890.9777221679688,890.9777221679688,890.9777221679688,0,0.0,0.0
2021-06-23 00:00:00+09:00,890.9777240216798,894.9332300106773,871.2001940766925,879.1112060546875,2600,0.0,0.0
2021-06-24 00:00:00+09:00,877.1334838867188,877.1334838867188,877.1334838867188,877.1334838867188,100,0.0,0.0
2021-06-25 00:00:00+09:00,872.1890997348552,885.0444946289062,872.1890997348552,885.0444946289062,1000,0.0,0.0
2021-06-28 00:00:00+09:00,914.7107543945312,914.7107543945312,914.7107543945312,914.7107543945312,4400,0.0,0.0
2021-06-29 00:00:00+09:00,900.8665161132812,900.8665161132812,900.8665161132812,900.8665161132812,100,0.0,0.0
2021-06-30 00:00:00+09:00,898.8887507291448,898.8887507291448,884.0556030273438,884.0556030273438,500,0.0,0.0
2021-07-01 00:00:00+09:00,884.0556030273438,884.0556030273438,884.0556030273438,884.0556030273438,600,0.0,0.0
2021-07-02 00:00:00+09:00,884.0556030273438,884.0556030273438,884.0556030273438,884.0556030273438,100,0.0,0.0
2021-07-05 00:00:00+09:00,884.0556030273438,884.0556030273438,884.0556030273438,884.0556030273438,0,0.0,0.0
2021-07-06 00:00:00+09:00,898.8887335171356,898.8887335171356,894.9332275390625,894.9332275390625,200,0.0,0.0
2021-07-07 00:00:00+09:00,892.9555053710938,893.9443818997439,892.9555053710938,892.9555053710938,400,0.0,0.0
2021-07-08 00:00:00+09:00,893.9443969726562,894.93327351798,888.0111377007139,893.9443969726562,1100,0.0,0.0
2021-07-09 00:00:00+09:00,889.9888924189977,889.9888924189977,877.1334973062789,886.0333862304688,2500,0.0,0.0
2021-07-12 00:00:00+09:00,878.1223604187219,878.1223604187219,877.1334838867188,877.1334838867188,200,0.0,0.0
2021-07-13 00:00:00+09:00,878.1223604187219,878.1223604187219,876.1446073547157,877.1334838867188,700,0.0,0.0
2021-07-14 00:00:00+09:00,862.3003062102755,884.0555891651219,852.4115412307998,875.1557006835938,4400,0.0,0.0
2021-07-15 00:00:00+09:00,877.1335031535768,879.1112562610257,851.4227127567415,858.3448486328125,1800,0.0,0.0
2021-07-16 00:00:00+09:00,866.2558128192395,871.2001953125,866.2558128192395,871.2001953125,400,0.0,0.0
2021-07-19 00:00:00+09:00,867.244720842634,867.244720842634,865.2669677734375,865.2669677734375,200,0.0,0.0
2021-07-20 00:00:00+09:00,865.266965502682,877.1334838867188,865.266965502682,877.1334838867188,300,0.0,0.0
2021-07-21 00:00:00+09:00,872.1890711897511,881.0889596712792,872.1890711897511,875.1557006835938,600,0.0,0.0
2021-07-26 00:00:00+09:00,860.322598418499,875.1557466670938,860.322598418499,874.1668701171875,1000,0.0,0.0
2021-07-27 00:00:00+09:00,899.8776403256787,899.8776403256787,885.0444924082225,896.9110107421875,1900,0.0,0.0
2021-07-28 00:00:00+09:00,882.0778665467341,882.0778665467341,877.1334838867188,877.1334838867188,200,0.0,0.0
2021-07-29 00:00:00+09:00,877.1334838867188,877.1334838867188,877.1334838867188,877.1334838867188,300,0.0,0.0
2021-07-30 00:00:00+09:00,877.1334838867188,877.1334838867188,877.1334838867188,877.1334838867188,300,0.0,0.0
2021-08-02 00:00:00+09:00,878.1223754882812,878.1223754882812,878.1223754882812,878.1223754882812,100,0.0,0.0
2021-08-03 00:00:00+09:00,878.1223754882812,878.1223754882812,878.1223754882812,878.1223754882812,0,0.0,0.0
2021-08-04 00:00:00+09:00,878.1223754882812,878.1223754882812,878.1223754882812,878.1223754882812,0,0.0,0.0
2021-08-05 00:00:00+09:00,889.9888444655013,898.8887329101562,889.9888444655013,898.8887329101562,200,0.0,0.0
2021-08-06 00:00:00+09:00,898.8887341295045,898.8887341295045,890.9777221679688,890.9777221679688,300,0.0,0.0
2021-08-10 00:00:00+09:00,883.0667126671743,884.0555891651219,865.2669357041182,875.1557006835938,1400,0.0,0.0
2021-08-11 00:00:00+09:00,899.8776094040069,899.8776094040069,891.9665974532024,898.8887329101562,2000,0.0,0.0
2021-08-12 00:00:00+09:00,879.1112369507249,899.8776441227893,877.1334838867188,877.1334838867188,2200,0.0,0.0
2021-08-13 00:00:00+09:00,877.1334688001508,877.1334688001508,876.1445922851562,876.1445922851562,500,0.0,0.0
2021-08-16 00:00:00+09:00,876.1445922851562,876.1445922851562,876.1445922851562,876.1445922851562,0,0.0,0.0
2021-08-17 00:00:00+09:00,876.1445922851562,876.1445922851562,876.1445922851562,876.1445922851562,0,0.0,0.0
2021-08-18 00:00:00+09:00,885.0444946289062,885.0444946289062,885.0444946289062,885.0444946289062,100,0.0,0.0
2021-08-19 00:00:00+09:00,870.2113639175622,874.1668701171875,863.289228068218,874.1668701171875,1100,0.0,0.0
2021-08-20 00:00:00+09:00,874.1668701171875,874.1668701171875,874.1668701171875,874.1668701171875,0,0.0,0.0
2021-08-23 00:00:00+09:00,885.0444946289062,885.0444946289062,882.0778650379714,885.0444946289062,400,0.0,0.0
2021-08-24 00:00:00+09:00,885.0444946289062,885.0444946289062,885.0444946289062,885.0444946289062,0,0.0,0.0
2021-08-25 00:00:00+09:00,885.044478185954,894.9332433053501,885.044478185954,891.9666137695312,800,0.0,0.0
2021-08-26 00:00:00+09:00,893.9443528879129,893.9443528879129,883.0667114257812,883.0667114257812,1200,0.0,0.0
2021-08-27 00:00:00+09:00,883.0667114257812,883.0667114257812,883.0667114257812,883.0667114257812,200,0.0,0.0
2021-08-30 00:00:00+09:00,896.9109842774546,896.9109842774546,871.2001953125,871.2001953125,700,0.0,0.0
2021-08-31 00:00:00+09:00,871.2001953125,871.2001953125,871.2001953125,871.2001953125,0,0.0,0.0
2021-09-01 00:00:00+09:00,871.2001953125,871.2001953125,871.2001953125,871.2001953125,0,0.0,0.0
2021-09-02 00:00:00+09:00,871.2001953125,871.2001953125,871.2001953125,871.2001953125,0,0.0,0.0
2021-09-03 00:00:00+09:00,871.2001953125,871.2001953125,871.2001953125,871.2001953125,0,0.0,0.0
2021-09-06 00:00:00+09:00,886.0333862304688,886.0333862304688,886.0333862304688,886.0333862304688,100,0.0,0.0
2021-09-07 00:00:00+09:00,887.0222619628906,889.9888916015625,887.0222619628906,889.9888916015625,300,0.0,0.0
2021-09-08 00:00:00+09:00,889.9888916015625,889.9888916015625,889.9888916015625,889.9888916015625,0,0.0,0.0
2021-09-09 00:00:00+09:00,894.9332275390625,894.9332275390625,889.988845066471,894.9332275390625,900,0.0,0.0
2021-09-10 00:00:00+09:00,909.7664184570312,909.7664184570312,909.7664184570312,909.7664184570312,2000,0.0,0.0
2021-09-13 00:00:00+09:00,890.9777681477865,890.9777681477865,889.9888916015625,889.9888916015625,700,0.0,0.0
2021-09-14 00:00:00+09:00,889.9888891922801,904.8220373454848,889.9888891922801,901.8554077148438,800,0.0,0.0
2021-09-15 00:00:00+09:00,889.9888916015625,889.9888916015625,889.9888916015625,889.9888916015625,100,0.0,0.0
2021-09-16 00:00:00+09:00,889.9888916015625,889.9888916015625,889.9888916015625,889.9888916015625,0,0.0,0.0
2021-09-17 00:00:00+09:00,889.9888916015625,889.9888916015625,889.9888916015625,889.9888916015625,0,0.0,0.0
2021-09-21 00:00:00+09:00,889.9888916015625,889.9888916015625,889.9888916015625,889.9888916015625,100,0.0,0.0
2021-09-22 00:00:00+09:00,892.9555053710938,892.9555053710938,892.9555053710938,892.9555053710938,300,0.0,0.0
2021-09-24 00:00:00+09:00,894.9332275390625,899.8776100116539,891.9665980555076,894.9332275390625,600,0.0,0.0
2021-09-27 00:00:00+09:00,894.9332591768631,894.9332591768631,889.0,889.0,1300,0.0,0.0
2021-09-28 00:00:00+09:00,889.0,889.0,889.0,889.0,0,0.0,0.0
2021-09-29 00:00:00+09:00,899.0,899.0,899.0,899.0,0,10.0,0.0
2021-09-30 00:00:00+09:00,899.0,899.0,899.0,899.0,0,0.0,0.0
2021-10-01 00:00:00+09:00,899.0,899.0,899.0,899.0,0,0.0,0.0
2021-10-04 00:00:00+09:00,899.0,899.0,899.0,899.0,0,0.0,0.0
2021-10-05 00:00:00+09:00,899.0,899.0,899.0,899.0,0,0.0,0.0
2021-10-06 00:00:00+09:00,899.0,899.0,899.0,899.0,0,0.0,0.0
2021-10-07 00:00:00+09:00,905.0,905.0,905.0,905.0,100,0.0,0.0
2021-10-08 00:00:00+09:00,909.0,909.0,890.0,903.0,2500,0.0,0.0
2021-10-11 00:00:00+09:00,907.0,907.0,907.0,907.0,1800,0.0,0.0
2021-10-12 00:00:00+09:00,907.0,907.0,907.0,907.0,500,0.0,0.0
2021-10-13 00:00:00+09:00,907.0,907.0,907.0,907.0,0,0.0,0.0
2021-10-14 00:00:00+09:00,907.0,907.0,907.0,907.0,0,0.0,0.0
2021-10-15 00:00:00+09:00,907.0,907.0,907.0,907.0,0,0.0,0.0
2021-10-18 00:00:00+09:00,892.0,892.0,891.0,891.0,800,0.0,0.0
2021-10-19 00:00:00+09:00,891.0,891.0,891.0,891.0,0,0.0,0.0
2021-10-20 00:00:00+09:00,891.0,891.0,891.0,891.0,100,0.0,0.0
2021-10-21 00:00:00+09:00,891.0,891.0,891.0,891.0,300,0.0,0.0
2021-10-22 00:00:00+09:00,896.0,904.0,896.0,904.0,200,0.0,0.0
2021-10-25 00:00:00+09:00,900.0,910.0,900.0,910.0,500,0.0,0.0
2021-10-26 00:00:00+09:00,909.0,909.0,885.0,885.0,4900,0.0,0.0
2021-10-27 00:00:00+09:00,891.0,891.0,880.0,880.0,2100,0.0,0.0
2021-10-28 00:00:00+09:00,880.0,880.0,880.0,880.0,0,0.0,0.0
2021-10-29 00:00:00+09:00,878.0,878.0,878.0,878.0,100,0.0,0.0
2021-11-01 00:00:00+09:00,878.0,878.0,878.0,878.0,100,0.0,0.0
2021-11-02 00:00:00+09:00,878.0,878.0,878.0,878.0,0,0.0,0.0
2021-11-04 00:00:00+09:00,878.0,881.0,875.0,875.0,900,0.0,0.0
2021-11-05 00:00:00+09:00,890.0,890.0,890.0,890.0,100,0.0,0.0
2021-11-08 00:00:00+09:00,890.0,890.0,890.0,890.0,300,0.0,0.0
2021-11-09 00:00:00+09:00,890.0,890.0,887.0,890.0,400,0.0,0.0
2021-11-10 00:00:00+09:00,886.0,894.0,885.0,894.0,300,0.0,0.0
2021-11-11 00:00:00+09:00,893.0,893.0,893.0,893.0,6000,0.0,0.0
2021-11-12 00:00:00+09:00,893.0,893.0,893.0,893.0,0,0.0,0.0
2021-11-15 00:00:00+09:00,889.0,889.0,874.0,874.0,1200,0.0,0.0
2021-11-16 00:00:00+09:00,874.0,874.0,874.0,874.0,0,0.0,0.0
2021-11-17 00:00:00+09:00,874.0,874.0,874.0,874.0,100,0.0,0.0
2021-11-18 00:00:00+09:00,874.0,874.0,874.0,874.0,300,0.0,0.0
2021-11-19 00:00:00+09:00,866.0,867.0,865.0,867.0,400,0.0,0.0
2021-11-22 00:00:00+09:00,867.0,867.0,867.0,867.0,0,0.0,0.0
2021-11-24 00:00:00+09:00,873.0,879.0,873.0,879.0,400,0.0,0.0
2021-11-25 00:00:00+09:00,879.0,889.0,879.0,889.0,500,0.0,0.0
2021-11-26 00:00:00+09:00,889.0,889.0,874.0,889.0,1900,0.0,0.0
2021-11-29 00:00:00+09:00,889.0,889.0,889.0,889.0,0,0.0,0.0
2021-11-30 00:00:00+09:00,880.0,880.0,880.0,880.0,100,0.0,0.0
2021-12-01 00:00:00+09:00,890.0,890.0,890.0,890.0,400,0.0,0.0
2021-12-02 00:00:00+09:00,876.0,898.0,876.0,898.0,400,0.0,0.0
2021-12-03 00:00:00+09:00,883.0,890.0,883.0,890.0,400,0.0,0.0
2021-12-06 00:00:00+09:00,908.0,908.0,898.0,898.0,1700,0.0,0.0
2021-12-07 00:00:00+09:00,899.0,909.0,899.0,909.0,1400,0.0,0.0
2021-12-08 00:00:00+09:00,909.0,910.0,880.0,885.0,3400,0.0,0.0
2021-12-09 00:00:00+09:00,880.0,880.0,879.0,880.0,4800,0.0,0.0
2021-12-10 00:00:00+09:00,878.0,886.0,866.0,886.0,5900,0.0,0.0
2021-12-13 00:00:00+09:00,893.0,893.0,874.0,891.0,3200,0.0,0.0
2021-12-14 00:00:00+09:00,891.0,891.0,891.0,891.0,0,0.0,0.0
2021-12-15 00:00:00+09:00,876.0,891.0,870.0,891.0,700,0.0,0.0
2021-12-16 00:00:00+09:00,891.0,891.0,891.0,891.0,0,0.0,0.0
2021-12-17 00:00:00+09:00,891.0,891.0,891.0,891.0,100,0.0,0.0
2021-12-20 00:00:00+09:00,880.0,890.0,875.0,890.0,400,0.0,0.0
2021-12-21 00:00:00+09:00,890.0,890.0,890.0,890.0,0,0.0,0.0
2021-12-22 00:00:00+09:00,888.0,888.0,888.0,888.0,100,0.0,0.0
2021-12-23 00:00:00+09:00,895.0,895.0,882.0,891.0,300,0.0,0.0
2021-12-24 00:00:00+09:00,895.0,899.0,895.0,897.0,1200,0.0,0.0
2021-12-27 00:00:00+09:00,882.0,882.0,872.0,872.0,2600,0.0,0.0
2021-12-28 00:00:00+09:00,881.0,887.0,874.0,876.0,13300,0.0,0.0
2021-12-29 00:00:00+09:00,881.0,881.0,866.0,866.0,200,0.0,0.0
2021-12-30 00:00:00+09:00,881.0,882.0,881.0,882.0,200,0.0,0.0
2022-01-04 00:00:00+09:00,889.0,890.0,889.0,890.0,300,0.0,0.0
2022-01-05 00:00:00+09:00,889.0,889.0,889.0,889.0,300,0.0,0.0
2022-01-06 00:00:00+09:00,885.0,885.0,866.0,866.0,700,0.0,0.0
2022-01-07 00:00:00+09:00,875.0,890.0,875.0,890.0,700,0.0,0.0
2022-01-11 00:00:00+09:00,900.0,900.0,900.0,900.0,1800,0.0,0.0
2022-01-12 00:00:00+09:00,885.0,885.0,870.0,870.0,3000,0.0,0.0
2022-01-13 00:00:00+09:00,880.0,880.0,880.0,880.0,100,0.0,0.0
2022-01-14 00:00:00+09:00,890.0,890.0,889.0,889.0,500,0.0,0.0
2022-01-17 00:00:00+09:00,889.0,889.0,889.0,889.0,0,0.0,0.0
2022-01-18 00:00:00+09:00,874.0,874.0,869.0,869.0,2600,0.0,0.0
2022-01-19 00:00:00+09:00,869.0,873.0,869.0,873.0,400,0.0,0.0
2022-01-20 00:00:00+09:00,873.0,873.0,873.0,873.0,300,0.0,0.0
2022-01-21 00:00:00+09:00,866.0,873.0,864.0,873.0,1000,0.0,0.0
2022-01-24 00:00:00+09:00,858.0,873.0,858.0,873.0,200,0.0,0.0
2022-01-25 00:00:00+09:00,873.0,873.0,857.0,860.0,1500,0.0,0.0
2022-01-26 00:00:00+09:00,872.0,872.0,872.0,872.0,1300,0.0,0.0
2022-01-27 00:00:00+09:00,873.0,873.0,873.0,873.0,100,0.0,0.0
2022-01-28 00:00:00+09:00,873.0,873.0,873.0,873.0,0,0.0,0.0
2022-01-31 00:00:00+09:00,858.0,873.0,858.0,873.0,300,0.0,0.0
2022-02-01 00:00:00+09:00,858.0,871.0,858.0,871.0,2200,0.0,0.0
2022-02-02 00:00:00+09:00,871.0,871.0,871.0,871.0,0,0.0,0.0
2022-02-03 00:00:00+09:00,856.0,860.0,856.0,860.0,800,0.0,0.0
2022-02-04 00:00:00+09:00,860.0,860.0,860.0,860.0,0,0.0,0.0
2022-02-07 00:00:00+09:00,862.0,862.0,862.0,862.0,100,0.0,0.0
2022-02-08 00:00:00+09:00,869.0,869.0,867.0,867.0,300,0.0,0.0
2022-02-09 00:00:00+09:00,870.0,871.0,869.0,871.0,800,0.0,0.0
2022-02-10 00:00:00+09:00,883.0,883.0,871.0,880.0,3600,0.0,0.0
2022-02-14 00:00:00+09:00,872.0,872.0,868.0,871.0,600,0.0,0.0
2022-02-15 00:00:00+09:00,871.0,871.0,862.0,862.0,1100,0.0,0.0
2022-02-16 00:00:00+09:00,862.0,862.0,862.0,862.0,0,0.0,0.0
2022-02-17 00:00:00+09:00,867.0,867.0,866.0,866.0,200,0.0,0.0
2022-02-18 00:00:00+09:00,870.0,870.0,870.0,870.0,200,0.0,0.0
2022-02-21 00:00:00+09:00,870.0,870.0,870.0,870.0,0,0.0,0.0
2022-02-22 00:00:00+09:00,870.0,870.0,870.0,870.0,0,0.0,0.0
2022-02-24 00:00:00+09:00,870.0,870.0,870.0,870.0,200,0.0,0.0
2022-02-25 00:00:00+09:00,877.0,880.0,877.0,879.0,400,0.0,0.0
2022-02-28 00:00:00+09:00,885.0,885.0,862.0,864.0,4100,0.0,0.0
2022-03-01 00:00:00+09:00,879.0,879.0,879.0,879.0,100,0.0,0.0
2022-03-02 00:00:00+09:00,864.0,869.0,861.0,861.0,1800,0.0,0.0
2022-03-03 00:00:00+09:00,871.0,871.0,871.0,871.0,200,0.0,0.0
2022-03-04 00:00:00+09:00,854.0,870.0,844.0,870.0,2200,0.0,0.0
2022-03-07 00:00:00+09:00,870.0,870.0,870.0,870.0,0,0.0,0.0
2022-03-08 00:00:00+09:00,862.0,870.0,861.0,870.0,800,0.0,0.0
2022-03-09 00:00:00+09:00,870.0,870.0,862.0,868.0,600,0.0,0.0
2022-03-10 00:00:00+09:00,878.0,878.0,878.0,878.0,200,0.0,0.0
2022-03-11 00:00:00+09:00,892.0,892.0,891.0,891.0,2100,0.0,0.0
2022-03-14 00:00:00+09:00,891.0,891.0,891.0,891.0,0,0.0,0.0
2022-03-15 00:00:00+09:00,891.0,891.0,891.0,891.0,0,0.0,0.0
2022-03-16 00:00:00+09:00,891.0,891.0,891.0,891.0,0,0.0,0.0
2022-03-17 00:00:00+09:00,891.0,891.0,891.0,891.0,0,0.0,0.0
2022-03-18 00:00:00+09:00,891.0,891.0,891.0,891.0,0,0.0,0.0
2022-03-22 00:00:00+09:00,891.0,891.0,891.0,891.0,0,0.0,0.0
2022-03-23 00:00:00+09:00,891.0,891.0,880.0,880.0,300,0.0,0.0
2022-03-24 00:00:00+09:00,877.0,882.0,877.0,882.0,200,0.0,0.0
2022-03-25 00:00:00+09:00,886.0,886.0,883.0,886.0,600,0.0,0.0
2022-03-28 00:00:00+09:00,897.0,897.0,897.0,897.0,1200,0.0,0.0
2022-03-29 00:00:00+09:00,902.0,902.0,902.0,902.0,100,0.0,0.0
2022-03-30 00:00:00+09:00,891.0,891.0,891.0,891.0,200,0.0,0.0
2022-03-31 00:00:00+09:00,902.0,902.0,863.0,863.0,600,0.0,0.0
2022-04-01 00:00:00+09:00,860.0,864.0,845.0,864.0,600,0.0,0.0
2022-04-04 00:00:00+09:00,864.0,864.0,864.0,864.0,0,0.0,0.0
2022-04-05 00:00:00+09:00,865.0,886.0,865.0,886.0,300,0.0,0.0
2022-04-06 00:00:00+09:00,898.0,898.0,887.0,887.0,200,0.0,0.0
2022-04-07 00:00:00+09:00,896.0,896.0,896.0,896.0,100,0.0,0.0
2022-04-08 00:00:00+09:00,900.0,904.0,885.0,904.0,1400,0.0,0.0
2022-04-11 00:00:00+09:00,919.0,920.0,916.0,920.0,3200,0.0,0.0
2022-04-12 00:00:00+09:00,920.0,920.0,920.0,920.0,0,0.0,0.0
2022-04-13 00:00:00+09:00,920.0,920.0,920.0,920.0,0,0.0,0.0
2022-04-14 00:00:00+09:00,920.0,920.0,920.0,920.0,0,0.0,0.0
2022-04-15 00:00:00+09:00,920.0,920.0,920.0,920.0,500,0.0,0.0
2022-04-18 00:00:00+09:00,920.0,920.0,920.0,920.0,0,0.0,0.0
2022-04-19 00:00:00+09:00,920.0,920.0,920.0,920.0,0,0.0,0.0
2022-04-20 00:00:00+09:00,920.0,920.0,920.0,920.0,0,0.0,0.0
2022-04-21 00:00:00+09:00,920.0,920.0,920.0,920.0,0,0.0,0.0
2022-04-22 00:00:00+09:00,909.0,910.0,905.0,905.0,400,0.0,0.0
2022-04-25 00:00:00+09:00,905.0,905.0,900.0,905.0,700,0.0,0.0
2022-04-26 00:00:00+09:00,905.0,905.0,905.0,905.0,1100,0.0,0.0
2022-04-27 00:00:00+09:00,905.0,905.0,905.0,905.0,0,0.0,0.0
2022-04-28 00:00:00+09:00,900.0,900.0,900.0,900.0,100,0.0,0.0
2022-05-02 00:00:00+09:00,895.0,895.0,890.0,890.0,200,0.0,0.0
2022-05-06 00:00:00+09:00,890.0,900.0,890.0,900.0,200,0.0,0.0
2022-05-09 00:00:00+09:00,897.0,900.0,897.0,900.0,300,0.0,0.0
2022-05-10 00:00:00+09:00,897.0,900.0,897.0,900.0,1200,0.0,0.0
2022-05-11 00:00:00+09:00,915.0,915.0,890.0,890.0,6100,0.0,0.0
2022-05-12 00:00:00+09:00,881.0,881.0,881.0,881.0,100,0.0,0.0
2022-05-13 00:00:00+09:00,881.0,881.0,881.0,881.0,0,0.0,0.0
2022-05-16 00:00:00+09:00,917.0,950.0,917.0,927.0,5400,0.0,0.0
2022-05-17 00:00:00+09:00,927.0,927.0,927.0,927.0,0,0.0,0.0
2022-05-18 00:00:00+09:00,927.0,927.0,927.0,927.0,0,0.0,0.0
2022-05-19 00:00:00+09:00,927.0,927.0,927.0,927.0,0,0.0,0.0
2022-05-20 00:00:00+09:00,927.0,927.0,927.0,927.0,0,0.0,0.0
2022-05-23 00:00:00+09:00,925.0,925.0,925.0,925.0,100,0.0,0.0
2022-05-24 00:00:00+09:00,929.0,929.0,920.0,920.0,1000,0.0,0.0
2022-05-25 00:00:00+09:00,916.0,916.0,909.0,909.0,300,0.0,0.0
2022-05-26 00:00:00+09:00,909.0,909.0,893.0,893.0,1700,0.0,0.0
2022-05-27 00:00:00+09:00,893.0,893.0,893.0,893.0,0,0.0,0.0
2022-05-30 00:00:00+09:00,866.0,866.0,813.0,831.0,9700,0.0,0.0
2022-05-31 00:00:00+09:00,839.0,840.0,836.0,838.0,1500,0.0,0.0
2022-06-01 00:00:00+09:00,838.0,838.0,838.0,838.0,0,0.0,0.0
2022-06-02 00:00:00+09:00,834.0,834.0,834.0,834.0,100,0.0,0.0
2022-06-03 00:00:00+09:00,836.0,841.0,836.0,841.0,800,0.0,0.0
2022-06-06 00:00:00+09:00,847.0,850.0,826.0,830.0,1700,0.0,0.0
2022-06-07 00:00:00+09:00,842.0,843.0,842.0,843.0,700,0.0,0.0
2022-06-08 00:00:00+09:00,843.0,844.0,840.0,842.0,1200,0.0,0.0
2022-06-09 00:00:00+09:00,843.0,849.0,843.0,849.0,200,0.0,0.0
2022-06-10 00:00:00+09:00,860.0,861.0,832.0,834.0,9700,0.0,0.0
2022-06-13 00:00:00+09:00,849.0,849.0,826.0,826.0,3700,0.0,0.0
2022-06-14 00:00:00+09:00,836.0,836.0,827.0,827.0,500,0.0,0.0
2022-06-15 00:00:00+09:00,834.0,834.0,834.0,834.0,300,0.0,0.0
2022-06-16 00:00:00+09:00,828.0,828.0,828.0,828.0,100,0.0,0.0
2022-06-17 00:00:00+09:00,826.0,826.0,821.0,822.0,2700,0.0,0.0
2022-06-20 00:00:00+09:00,823.0,826.0,823.0,823.0,700,0.0,0.0
2022-06-21 00:00:00+09:00,833.0,865.0,833.0,835.0,1700,0.0,0.0
2022-06-22 00:00:00+09:00,821.0,858.0,821.0,858.0,1700,0.0,0.0
2022-06-23 00:00:00+09:00,840.0,840.0,836.0,838.0,2200,0.0,0.0
2022-06-24 00:00:00+09:00,842.0,845.0,840.0,840.0,1200,0.0,0.0
2022-06-27 00:00:00+09:00,829.0,834.0,829.0,831.0,4200,0.0,0.0
2022-06-28 00:00:00+09:00,827.0,827.0,826.0,826.0,400,0.0,0.0
2022-06-29 00:00:00+09:00,830.0,830.0,830.0,830.0,100,0.0,0.0
2022-06-30 00:00:00+09:00,838.0,840.0,837.0,840.0,3600,0.0,0.0
2022-07-01 00:00:00+09:00,840.0,840.0,840.0,840.0,100,0.0,0.0
2022-07-04 00:00:00+09:00,840.0,840.0,840.0,840.0,0,0.0,0.0
2022-07-05 00:00:00+09:00,840.0,840.0,840.0,840.0,0,0.0,0.0
2022-07-06 00:00:00+09:00,848.0,853.0,843.0,843.0,500,0.0,0.0
2022-07-07 00:00:00+09:00,846.0,855.0,846.0,851.0,800,0.0,0.0
2022-07-08 00:00:00+09:00,860.0,881.0,860.0,870.0,1100,0.0,0.0
2022-07-11 00:00:00+09:00,900.0,900.0,900.0,900.0,1800,0.0,0.0
2022-07-12 00:00:00+09:00,900.0,900.0,900.0,900.0,0,0.0,0.0
2022-07-13 00:00:00+09:00,900.0,900.0,900.0,900.0,0,0.0,0.0
2022-07-14 00:00:00+09:00,900.0,900.0,900.0,900.0,0,0.0,0.0
2022-07-15 00:00:00+09:00,895.0,895.0,895.0,895.0,200,0.0,0.0
2022-07-19 00:00:00+09:00,895.0,895.0,895.0,895.0,0,0.0,0.0
2022-07-20 00:00:00+09:00,895.0,895.0,895.0,895.0,0,0.0,0.0
2022-07-21 00:00:00+09:00,895.0,895.0,895.0,895.0,0,0.0,0.0
2022-07-22 00:00:00+09:00,894.0,896.0,894.0,896.0,200,0.0,0.0
2022-07-25 00:00:00+09:00,900.0,900.0,900.0,900.0,100,0.0,0.0
2022-07-26 00:00:00+09:00,900.0,900.0,900.0,900.0,1300,0.0,0.0
2022-07-27 00:00:00+09:00,900.0,900.0,900.0,900.0,0,0.0,0.0
2022-07-28 00:00:00+09:00,900.0,900.0,900.0,900.0,0,0.0,0.0
2022-07-29 00:00:00+09:00,900.0,900.0,862.0,872.0,2700,0.0,0.0
2022-08-01 00:00:00+09:00,872.0,872.0,865.0,865.0,500,0.0,0.0
2022-08-02 00:00:00+09:00,869.0,869.0,868.0,868.0,500,0.0,0.0
2022-08-03 00:00:00+09:00,868.0,868.0,868.0,868.0,0,0.0,0.0
2022-08-04 00:00:00+09:00,869.0,869.0,868.0,868.0,500,0.0,0.0
2022-08-05 00:00:00+09:00,869.0,869.0,869.0,869.0,100,0.0,0.0
2022-08-08 00:00:00+09:00,869.0,872.0,867.0,870.0,2200,0.0,0.0
2022-08-09 00:00:00+09:00,867.0,885.0,865.0,885.0,900,0.0,0.0
2022-08-10 00:00:00+09:00,888.0,888.0,888.0,888.0,1300,0.0,0.0
2022-08-12 00:00:00+09:00,855.0,855.0,845.0,853.0,3800,0.0,0.0
2022-08-15 00:00:00+09:00,853.0,853.0,853.0,853.0,300,0.0,0.0
2022-08-16 00:00:00+09:00,843.0,843.0,842.0,843.0,800,0.0,0.0
2022-08-17 00:00:00+09:00,841.0,841.0,841.0,841.0,100,0.0,0.0
2022-08-18 00:00:00+09:00,841.0,841.0,841.0,841.0,0,0.0,0.0
2022-08-19 00:00:00+09:00,852.0,852.0,842.0,842.0,200,0.0,0.0
2022-08-22 00:00:00+09:00,842.0,842.0,840.0,840.0,700,0.0,0.0
2022-08-23 00:00:00+09:00,844.0,845.0,843.0,843.0,500,0.0,0.0
2022-08-24 00:00:00+09:00,855.0,855.0,855.0,855.0,200,0.0,0.0
2022-08-25 00:00:00+09:00,852.0,865.0,850.0,850.0,600,0.0,0.0
2022-08-26 00:00:00+09:00,857.0,857.0,856.0,856.0,1400,0.0,0.0
2022-08-29 00:00:00+09:00,856.0,856.0,856.0,856.0,0,0.0,0.0
2022-08-30 00:00:00+09:00,856.0,856.0,856.0,856.0,0,0.0,0.0
2022-08-31 00:00:00+09:00,856.0,856.0,856.0,856.0,0,0.0,0.0
2022-09-01 00:00:00+09:00,848.0,848.0,848.0,848.0,100,0.0,0.0
2022-09-02 00:00:00+09:00,848.0,849.0,848.0,849.0,200,0.0,0.0
2022-09-05 00:00:00+09:00,859.0,859.0,859.0,859.0,100,0.0,0.0
2022-09-06 00:00:00+09:00,858.0,863.0,858.0,860.0,600,0.0,0.0
2022-09-07 00:00:00+09:00,860.0,860.0,856.0,857.0,1600,0.0,0.0
2022-09-08 00:00:00+09:00,863.0,869.0,863.0,869.0,300,0.0,0.0
2022-09-09 00:00:00+09:00,856.0,860.0,856.0,859.0,2300,0.0,0.0
2022-09-12 00:00:00+09:00,859.0,859.0,859.0,859.0,0,0.0,0.0
2022-09-13 00:00:00+09:00,859.0,859.0,859.0,859.0,0,0.0,0.0
2022-09-14 00:00:00+09:00,856.0,856.0,830.0,830.0,1200,0.0,0.0
2022-09-15 00:00:00+09:00,844.0,844.0,844.0,844.0,100,0.0,0.0
2022-09-16 00:00:00+09:00,839.0,839.0,839.0,839.0,200,0.0,0.0
2022-09-20 00:00:00+09:00,842.0,842.0,840.0,840.0,500,0.0,0.0
2022-09-21 00:00:00+09:00,842.0,842.0,840.0,842.0,600,0.0,0.0
2022-09-22 00:00:00+09:00,842.0,863.0,842.0,860.0,300,0.0,0.0
2022-09-26 00:00:00+09:00,844.0,845.0,838.0,838.0,600,0.0,0.0
2022-09-27 00:00:00+09:00,875.0,875.0,874.0,874.0,1400,0.0,0.0
2022-09-28 00:00:00+09:00,874.0,874.0,874.0,874.0,0,0.0,0.0
2022-09-29 00:00:00+09:00,874.0,874.0,874.0,874.0,0,0.0,0.0
2022-09-30 00:00:00+09:00,874.0,874.0,874.0,874.0,0,0.0,0.0
2022-10-03 00:00:00+09:00,874.0,874.0,874.0,874.0,0,0.0,0.0
2022-10-04 00:00:00+09:00,874.0,874.0,874.0,874.0,0,0.0,0.0
2022-10-05 00:00:00+09:00,874.0,874.0,874.0,874.0,0,0.0,0.0
2022-10-06 00:00:00+09:00,870.0,870.0,870.0,870.0,300,0.0,0.0
2022-10-07 00:00:00+09:00,880.0,880.0,880.0,880.0,100,0.0,0.0
2022-10-11 00:00:00+09:00,883.0,883.0,883.0,883.0,1100,0.0,0.0
2022-10-12 00:00:00+09:00,884.0,884.0,862.0,862.0,1400,0.0,0.0
2022-10-13 00:00:00+09:00,853.0,862.0,848.0,848.0,1600,0.0,0.0
2022-10-14 00:00:00+09:00,877.0,877.0,850.0,854.0,3400,0.0,0.0
2022-10-17 00:00:00+09:00,839.0,839.0,836.0,836.0,1200,0.0,0.0
2022-10-18 00:00:00+09:00,836.0,837.0,836.0,837.0,700,0.0,0.0
2022-10-19 00:00:00+09:00,837.0,837.0,837.0,837.0,0,0.0,0.0
2022-10-20 00:00:00+09:00,837.0,837.0,835.0,836.0,500,0.0,0.0
2022-10-21 00:00:00+09:00,844.0,848.0,841.0,841.0,1100,0.0,0.0
2022-10-24 00:00:00+09:00,831.0,831.0,831.0,831.0,100,0.0,0.0
2022-10-25 00:00:00+09:00,854.0,854.0,849.0,854.0,400,0.0,0.0
2022-10-26 00:00:00+09:00,869.0,869.0,862.0,862.0,1400,0.0,0.0
2022-10-27 00:00:00+09:00,862.0,862.0,862.0,862.0,0,0.0,0.0
2022-10-28 00:00:00+09:00,862.0,862.0,862.0,862.0,0,0.0,0.0
2022-10-31 00:00:00+09:00,849.0,849.0,849.0,849.0,100,0.0,0.0
2022-11-01 00:00:00+09:00,849.0,849.0,849.0,849.0,100,0.0,0.0
2022-11-02 00:00:00+09:00,839.0,839.0,839.0,839.0,300,0.0,0.0
2022-11-04 00:00:00+09:00,848.0,848.0,835.0,835.0,1100,0.0,0.0
2022-11-07 00:00:00+09:00,820.0,820.0,818.0,818.0,900,0.0,0.0
2022-11-08 00:00:00+09:00,824.0,830.0,821.0,830.0,800,0.0,0.0
2022-11-09 00:00:00+09:00,816.0,819.0,816.0,819.0,2200,0.0,0.0
2022-11-10 00:00:00+09:00,822.0,833.0,822.0,833.0,700,0.0,0.0
2022-11-11 00:00:00+09:00,833.0,834.0,833.0,834.0,3100,0.0,0.0
2022-11-14 00:00:00+09:00,820.0,820.0,820.0,820.0,2200,0.0,0.0
2022-11-15 00:00:00+09:00,820.0,820.0,820.0,820.0,0,0.0,0.0
2022-11-16 00:00:00+09:00,818.0,818.0,818.0,818.0,100,0.0,0.0
2022-11-17 00:00:00+09:00,818.0,818.0,818.0,818.0,0,0.0,0.0
2022-11-18 00:00:00+09:00,819.0,834.0,819.0,834.0,1200,0.0,0.0
2022-11-21 00:00:00+09:00,834.0,834.0,834.0,834.0,200,0.0,0.0
2022-11-22 00:00:00+09:00,834.0,837.0,831.0,837.0,300,0.0,0.0
2022-11-24 00:00:00+09:00,838.0,840.0,838.0,840.0,300,0.0,0.0
2022-11-25 00:00:00+09:00,842.0,845.0,842.0,845.0,200,0.0,0.0
2022-11-28 00:00:00+09:00,861.0,861.0,861.0,861.0,1300,0.0,0.0
2022-11-29 00:00:00+09:00,854.0,861.0,854.0,861.0,300,0.0,0.0
2022-11-30 00:00:00+09:00,860.0,860.0,860.0,860.0,100,0.0,0.0
2022-12-01 00:00:00+09:00,860.0,860.0,860.0,860.0,0,0.0,0.0
2022-12-02 00:00:00+09:00,864.0,864.0,864.0,864.0,100,0.0,0.0
2022-12-05 00:00:00+09:00,868.0,868.0,868.0,868.0,2100,0.0,0.0
2022-12-06 00:00:00+09:00,866.0,866.0,866.0,866.0,100,0.0,0.0
2022-12-07 00:00:00+09:00,874.0,875.0,870.0,870.0,800,0.0,0.0
2022-12-08 00:00:00+09:00,871.0,871.0,871.0,871.0,300,0.0,0.0
2022-12-09 00:00:00+09:00,871.0,871.0,870.0,870.0,2100,0.0,0.0
2022-12-12 00:00:00+09:00,900.0,900.0,885.0,885.0,2600,0.0,0.0
2022-12-13 00:00:00+09:00,885.0,885.0,885.0,885.0,0,0.0,0.0
2022-12-14 00:00:00+09:00,885.0,885.0,885.0,885.0,0,0.0,0.0
2022-12-15 00:00:00+09:00,870.0,870.0,870.0,870.0,400,0.0,0.0
2022-12-16 00:00:00+09:00,870.0,870.0,870.0,870.0,100,0.0,0.0
2022-12-19 00:00:00+09:00,870.0,870.0,870.0,870.0,0,0.0,0.0
2022-12-20 00:00:00+09:00,870.0,870.0,870.0,870.0,0,0.0,0.0
2022-12-21 00:00:00+09:00,873.0,873.0,866.0,866.0,300,0.0,0.0
2022-12-22 00:00:00+09:00,872.0,872.0,872.0,872.0,200,0.0,0.0
2022-12-23 00:00:00+09:00,872.0,872.0,872.0,872.0,0,0.0,0.0
2022-12-26 00:00:00+09:00,885.0,885.0,880.0,880.0,1300,0.0,0.0
2022-12-27 00:00:00+09:00,873.0,873.0,870.0,870.0,500,0.0,0.0
2022-12-28 00:00:00+09:00,850.0,860.0,850.0,850.0,21300,0.0,0.0
2022-12-29 00:00:00+09:00,838.0,838.0,836.0,838.0,700,0.0,0.0
2022-12-30 00:00:00+09:00,840.0,840.0,840.0,840.0,100,0.0,0.0
2023-01-04 00:00:00+09:00,840.0,840.0,840.0,840.0,0,0.0,0.0
2023-01-05 00:00:00+09:00,844.0,848.0,838.0,838.0,500,0.0,0.0
2023-01-06 00:00:00+09:00,847.0,848.0,841.0,848.0,400,0.0,0.0
2023-01-10 00:00:00+09:00,848.0,851.0,842.0,842.0,1100,0.0,0.0
2023-01-11 00:00:00+09:00,844.0,844.0,843.0,844.0,1300,0.0,0.0
2023-01-12 00:00:00+09:00,844.0,844.0,844.0,844.0,100,0.0,0.0
2023-01-13 00:00:00+09:00,843.0,844.0,843.0,844.0,300,0.0,0.0
2023-01-16 00:00:00+09:00,844.0,844.0,844.0,844.0,100,0.0,0.0
2023-01-17 00:00:00+09:00,844.0,844.0,844.0,844.0,0,0.0,0.0
2023-01-18 00:00:00+09:00,859.0,859.0,859.0,859.0,500,0.0,0.0
2023-01-19 00:00:00+09:00,866.0,866.0,860.0,860.0,200,0.0,0.0
2023-01-20 00:00:00+09:00,860.0,860.0,860.0,860.0,100,0.0,0.0
2023-01-23 00:00:00+09:00,860.0,860.0,860.0,860.0,300,0.0,0.0
2023-01-24 00:00:00+09:00,869.0,869.0,869.0,869.0,200,0.0,0.0
2023-01-25 00:00:00+09:00,875.0,879.0,875.0,876.0,600,0.0,0.0
2023-01-26 00:00:00+09:00,876.0,876.0,876.0,876.0,1200,0.0,0.0
2023-01-27 00:00:00+09:00,876.0,876.0,868.0,868.0,300,0.0,0.0
2023-01-30 00:00:00+09:00,870.0,878.0,870.0,878.0,200,0.0,0.0
2023-01-31 00:00:00+09:00,878.0,878.0,878.0,878.0,0,0.0,0.0
2023-02-01 00:00:00+09:00,878.0,878.0,878.0,878.0,0,0.0,0.0
2023-02-02 00:00:00+09:00,878.0,878.0,878.0,878.0,0,0.0,0.0
2023-02-03 00:00:00+09:00,878.0,878.0,878.0,878.0,100,0.0,0.0
2023-02-06 00:00:00+09:00,851.0,855.0,851.0,852.0,1400,0.0,0.0
2023-02-07 00:00:00+09:00,856.0,865.0,852.0,852.0,600,0.0,0.0
2023-02-08 00:00:00+09:00,852.0,852.0,852.0,852.0,0,0.0,0.0
2023-02-09 00:00:00+09:00,857.0,871.0,857.0,871.0,700,0.0,0.0
2023-02-10 00:00:00+09:00,869.0,869.0,869.0,869.0,1000,0.0,0.0
2023-02-13 00:00:00+09:00,869.0,869.0,869.0,869.0,100,0.0,0.0
2023-02-14 00:00:00+09:00,869.0,869.0,869.0,869.0,0,0.0,0.0
2023-02-15 00:00:00+09:00,869.0,869.0,869.0,869.0,0,0.0,0.0
2023-02-16 00:00:00+09:00,871.0,871.0,871.0,871.0,200,0.0,0.0
2023-02-17 00:00:00+09:00,871.0,871.0,871.0,871.0,0,0.0,0.0
2023-02-20 00:00:00+09:00,870.0,870.0,870.0,870.0,200,0.0,0.0
2023-02-21 00:00:00+09:00,880.0,880.0,880.0,880.0,200,0.0,0.0
2023-02-22 00:00:00+09:00,881.0,881.0,881.0,881.0,300,0.0,0.0
2023-02-24 00:00:00+09:00,880.0,888.0,880.0,888.0,400,0.0,0.0
2023-02-27 00:00:00+09:00,894.0,895.0,893.0,895.0,2200,0.0,0.0
2023-02-28 00:00:00+09:00,890.0,890.0,890.0,890.0,600,0.0,0.0
2023-03-01 00:00:00+09:00,878.0,878.0,878.0,878.0,200,0.0,0.0
2023-03-02 00:00:00+09:00,878.0,878.0,878.0,878.0,0,0.0,0.0
2023-03-03 00:00:00+09:00,878.0,878.0,878.0,878.0,0,0.0,0.0
2023-03-06 00:00:00+09:00,878.0,878.0,878.0,878.0,0,0.0,0.0
2023-03-07 00:00:00+09:00,890.0,892.0,889.0,889.0,300,0.0,0.0
2023-03-08 00:00:00+09:00,888.0,888.0,882.0,882.0,300,0.0,0.0
2023-03-09 00:00:00+09:00,884.0,884.0,870.0,873.0,800,0.0,0.0
2023-03-10 00:00:00+09:00,874.0,878.0,874.0,878.0,1300,0.0,0.0
2023-03-13 00:00:00+09:00,883.0,883.0,881.0,881.0,300,0.0,0.0
2023-03-14 00:00:00+09:00,868.0,868.0,849.0,849.0,600,0.0,0.0
2023-03-15 00:00:00+09:00,849.0,849.0,849.0,849.0,0,0.0,0.0
2023-03-16 00:00:00+09:00,855.0,855.0,855.0,855.0,100,0.0,0.0
2023-03-17 00:00:00+09:00,859.0,859.0,859.0,859.0,300,0.0,0.0
2023-03-20 00:00:00+09:00,858.0,858.0,847.0,854.0,700,0.0,0.0
2023-03-22 00:00:00+09:00,855.0,856.0,855.0,856.0,200,0.0,0.0
2023-03-23 00:00:00+09:00,856.0,856.0,856.0,856.0,0,0.0,0.0
2023-03-24 00:00:00+09:00,865.0,871.0,865.0,871.0,300,0.0,0.0
2023-03-27 00:00:00+09:00,899.0,899.0,851.0,857.0,2300,0.0,0.0
2023-03-28 00:00:00+09:00,857.0,857.0,857.0,857.0,0,0.0,0.0
2023-03-29 00:00:00+09:00,857.0,857.0,857.0,857.0,0,0.0,0.0
2023-03-30 00:00:00+09:00,851.0,851.0,851.0,851.0,200,0.0,0.0
2023-03-31 00:00:00+09:00,865.0,874.0,865.0,874.0,400,0.0,0.0
2023-04-03 00:00:00+09:00,874.0,874.0,874.0,874.0,0,0.0,0.0
2023-04-04 00:00:00+09:00,859.0,859.0,856.0,856.0,200,0.0,0.0
2023-04-05 00:00:00+09:00,856.0,856.0,856.0,856.0,0,0.0,0.0
2023-04-06 00:00:00+09:00,861.0,861.0,861.0,861.0,100,0.0,0.0
2023-04-07 00:00:00+09:00,867.0,868.0,860.0,868.0,1200,0.0,0.0
2023-04-10 00:00:00+09:00,868.0,878.0,868.0,878.0,800,0.0,0.0
2023-04-11 00:00:00+09:00,878.0,878.0,878.0,878.0,1900,0.0,0.0
2023-04-12 00:00:00+09:00,889.0,889.0,889.0,889.0,300,0.0,0.0
2023-04-13 00:00:00+09:00,889.0,889.0,889.0,889.0,0,0.0,0.0
2023-04-14 00:00:00+09:00,888.0,889.0,888.0,889.0,300,0.0,0.0
2023-04-17 00:00:00+09:00,900.0,900.0,900.0,900.0,100,0.0,0.0
2023-04-18 00:00:00+09:00,900.0,900.0,900.0,900.0,2000,0.0,0.0
2023-04-19 00:00:00+09:00,900.0,900.0,900.0,900.0,0,0.0,0.0
2023-04-20 00:00:00+09:00,900.0,900.0,900.0,900.0,500,0.0,0.0
2023-04-21 00:00:00+09:00,900.0,900.0,892.0,892.0,700,0.0,0.0
2023-04-24 00:00:00+09:00,888.0,888.0,878.0,878.0,1600,0.0,0.0
2023-04-25 00:00:00+09:00,884.0,887.0,884.0,887.0,400,0.0,0.0
2023-04-26 00:00:00+09:00,898.0,900.0,894.0,900.0,1800,0.0,0.0
2023-04-27 00:00:00+09:00,900.0,900.0,900.0,900.0,100,0.0,0.0
2023-04-28 00:00:00+09:00,872.0,890.0,872.0,890.0,1700,0.0,0.0
2023-05-01 00:00:00+09:00,890.0,890.0,890.0,890.0,0,0.0,0.0
2023-05-02 00:00:00+09:00,890.0,890.0,890.0,890.0,0,0.0,0.0
2023-05-08 00:00:00+09:00,890.0,890.0,890.0,890.0,0,0.0,0.0
2023-05-09 00:00:00+09:00,890.0,890.0,890.0,890.0,200,0.0,0.0
2023-05-10 00:00:00+09:00,890.0,895.0,890.0,895.0,500,0.0,0.0
2023-05-11 00:00:00+09:00,896.0,896.0,870.0,870.0,7900,0.0,0.0
2023-05-12 00:00:00+09:00,870.0,880.0,865.0,865.0,1900,0.0,0.0
2023-05-15 00:00:00+09:00,869.0,869.0,865.0,865.0,200,0.0,0.0
2023-05-16 00:00:00+09:00,864.0,864.0,864.0,864.0,200,0.0,0.0
2023-05-17 00:00:00+09:00,864.0,864.0,864.0,864.0,0,0.0,0.0
2023-05-18 00:00:00+09:00,860.0,860.0,860.0,860.0,100,0.0,0.0
2023-05-19 00:00:00+09:00,858.0,858.0,858.0,858.0,200,0.0,0.0
2023-05-22 00:00:00+09:00,858.0,858.0,858.0,858.0,0,0.0,0.0
2023-05-23 00:00:00+09:00,864.0,868.0,864.0,868.0,300,0.0,0.0
2023-05-24 00:00:00+09:00,871.0,871.0,871.0,871.0,300,0.0,0.0
2023-05-25 00:00:00+09:00,870.0,871.0,867.0,869.0,800,0.0,0.0
2023-05-26 00:00:00+09:00,869.0,869.0,869.0,869.0,1300,0.0,0.0
2023-05-29 00:00:00+09:00,869.0,869.0,869.0,869.0,0,0.0,0.0
2023-05-30 00:00:00+09:00,869.0,869.0,869.0,869.0,0,0.0,0.0
2023-05-31 00:00:00+09:00,869.0,869.0,869.0,869.0,0,0.0,0.0
2023-06-01 00:00:00+09:00,869.0,869.0,869.0,869.0,0,0.0,0.0
2023-06-02 00:00:00+09:00,854.0,855.0,854.0,854.0,600,0.0,0.0
2023-06-05 00:00:00+09:00,854.0,854.0,854.0,854.0,100,0.0,0.0
2023-06-06 00:00:00+09:00,860.0,861.0,855.0,855.0,600,0.0,0.0
2023-06-07 00:00:00+09:00,862.0,862.0,860.0,860.0,300,0.0,0.0
2023-06-08 00:00:00+09:00,864.0,871.0,864.0,865.0,1300,0.0,0.0
2023-06-09 00:00:00+09:00,865.0,877.0,864.0,864.0,2000,0.0,0.0
2023-06-12 00:00:00+09:00,890.0,890.0,875.0,875.0,3400,0.0,0.0
2023-06-13 00:00:00+09:00,875.0,875.0,865.0,865.0,1300,0.0,0.0
2023-06-14 00:00:00+09:00,870.0,870.0,870.0,870.0,500,0.0,0.0
2023-06-15 00:00:00+09:00,870.0,870.0,870.0,870.0,500,0.0,0.0
2023-06-16 00:00:00+09:00,870.0,870.0,870.0,870.0,100,0.0,0.0
2023-06-19 00:00:00+09:00,870.0,870.0,870.0,870.0,0,0.0,0.0
2023-06-20 00:00:00+09:00,871.0,871.0,871.0,871.0,100,0.0,0.0
2023-06-21 00:00:00+09:00,871.0,871.0,866.0,866.0,1100,0.0,0.0
2023-06-22 00:00:00+09:00,880.0,880.0,880.0,880.0,200,0.0,0.0
2023-06-23 00:00:00+09:00,879.0,880.0,870.0,870.0,300,0.0,0.0
2023-06-26 00:00:00+09:00,876.0,876.0,875.0,875.0,1500,0.0,0.0
2023-06-27 00:00:00+09:00,877.0,882.0,877.0,879.0,300,0.0,0.0
2023-06-28 00:00:00+09:00,879.0,879.0,879.0,879.0,0,0.0,0.0
2023-06-29 00:00:00+09:00,884.0,884.0,884.0,884.0,100,0.0,0.0
2023-06-30 00:00:00+09:00,884.0,884.0,884.0,884.0,0,0.0,0.0
2023-07-03 00:00:00+09:00,898.0,899.0,898.0,899.0,200,0.0,0.0
2023-07-04 00:00:00+09:00,895.0,898.0,895.0,898.0,200,0.0,0.0
2023-07-05 00:00:00+09:00,880.0,881.0,876.0,876.0,2800,0.0,0.0
2023-07-06 00:00:00+09:00,888.0,888.0,878.0,878.0,600,0.0,0.0
2023-07-07 00:00:00+09:00,878.0,900.0,878.0,900.0,800,0.0,0.0
2023-07-10 00:00:00+09:00,888.0,899.0,888.0,899.0,400,0.0,0.0
2023-07-11 00:00:00+09:00,895.0,895.0,879.0,879.0,1200,0.0,0.0
2023-07-12 00:00:00+09:00,879.0,879.0,879.0,879.0,0,0.0,0.0
2023-07-13 00:00:00+09:00,879.0,879.0,879.0,879.0,0,0.0,0.0
2023-07-14 00:00:00+09:00,879.0,879.0,879.0,879.0,0,0.0,0.0
2023-07-18 00:00:00+09:00,879.0,879.0,879.0,879.0,0,0.0,0.0
2023-07-19 00:00:00+09:00,877.0,877.0,877.0,877.0,100,0.0,0.0
2023-07-20 00:00:00+09:00,877.0,877.0,877.0,877.0,0,0.0,0.0
2023-07-21 00:00:00+09:00,892.0,892.0,892.0,892.0,200,0.0,0.0
2023-07-24 00:00:00+09:00,900.0,900.0,900.0,900.0,100,0.0,0.0
2023-07-25 00:00:00+09:00,900.0,900.0,900.0,900.0,200,0.0,0.0
2023-07-26 00:00:00+09:00,905.0,905.0,888.0,888.0,2100,0.0,0.0
2023-07-27 00:00:00+09:00,892.0,892.0,892.0,892.0,100,0.0,0.0
2023-07-28 00:00:00+09:00,892.0,892.0,892.0,892.0,0,0.0,0.0
2023-07-31 00:00:00+09:00,892.0,892.0,892.0,892.0,0,0.0,0.0
2023-08-01 00:00:00+09:00,877.0,877.0,870.0,870.0,900,0.0,0.0
2023-08-02 00:00:00+09:00,870.0,870.0,870.0,870.0,100,0.0,0.0
2023-08-03 00:00:00+09:00,868.0,870.0,868.0,870.0,1100,0.0,0.0
2023-08-04 00:00:00+09:00,870.0,870.0,870.0,870.0,200,0.0,0.0
2023-08-07 00:00:00+09:00,874.0,874.0,874.0,874.0,600,0.0,0.0
2023-08-08 00:00:00+09:00,870.0,870.0,870.0,870.0,300,0.0,0.0
2023-08-09 00:00:00+09:00,873.0,875.0,873.0,875.0,300,0.0,0.0
2023-08-10 00:00:00+09:00,866.0,868.0,858.0,858.0,4000,0.0,0.0
2023-08-14 00:00:00+09:00,859.0,859.0,859.0,859.0,100,0.0,0.0
2023-08-15 00:00:00+09:00,859.0,859.0,859.0,859.0,0,0.0,0.0
2023-08-16 00:00:00+09:00,859.0,859.0,859.0,859.0,0,0.0,0.0
2023-08-17 00:00:00+09:00,859.0,859.0,859.0,859.0,0,0.0,0.0
2023-08-18 00:00:00+09:00,859.0,863.0,859.0,863.0,300,0.0,0.0
2023-08-21 00:00:00+09:00,863.0,863.0,833.0,853.0,2700,0.0,0.0
2023-08-22 00:00:00+09:00,855.0,855.0,855.0,855.0,200,0.0,0.0
2023-08-23 00:00:00+09:00,855.0,860.0,855.0,860.0,200,0.0,0.0
2023-08-24 00:00:00+09:00,860.0,860.0,860.0,860.0,0,0.0,0.0
2023-08-25 00:00:00+09:00,865.0,873.0,865.0,871.0,500,0.0,0.0
2023-08-28 00:00:00+09:00,871.0,871.0,871.0,871.0,1500,0.0,0.0
2023-08-29 00:00:00+09:00,871.0,871.0,871.0,871.0,0,0.0,0.0
2023-08-30 00:00:00+09:00,871.0,871.0,871.0,871.0,0,0.0,0.0
2023-08-31 00:00:00+09:00,864.0,869.0,864.0,869.0,300,0.0,0.0
2023-09-01 00:00:00+09:00,869.0,869.0,869.0,869.0,100,0.0,0.0
2023-09-04 00:00:00+09:00,864.0,871.0,864.0,864.0,3700,0.0,0.0
2023-09-05 00:00:00+09:00,864.0,864.0,864.0,864.0,0,0.0,0.0
2023-09-06 00:00:00+09:00,878.0,878.0,878.0,878.0,500,0.0,0.0
2023-09-07 00:00:00+09:00,870.0,871.0,870.0,871.0,300,0.0,0.0
2023-09-08 00:00:00+09:00,871.0,873.0,868.0,868.0,500,0.0,0.0
2023-09-11 00:00:00+09:00,878.0,880.0,870.0,870.0,1300,0.0,0.0
2023-09-12 00:00:00+09:00,870.0,870.0,870.0,870.0,0,0.0,0.0
2023-09-13 00:00:00+09:00,870.0,870.0,870.0,870.0,0,0.0,0.0
2023-09-14 00:00:00+09:00,864.0,865.0,864.0,865.0,5100,0.0,0.0
2023-09-15 00:00:00+09:00,865.0,865.0,865.0,865.0,800,0.0,0.0
2023-09-19 00:00:00+09:00,861.0,863.0,861.0,862.0,1700,0.0,0.0
2023-09-20 00:00:00+09:00,863.0,863.0,863.0,863.0,100,0.0,0.0
2023-09-21 00:00:00+09:00,863.0,863.0,860.0,860.0,3000,0.0,0.0
2023-09-22 00:00:00+09:00,861.0,861.0,856.0,856.0,200,0.0,0.0
2023-09-25 00:00:00+09:00,871.0,875.0,870.0,872.0,500,0.0,0.0
2023-09-26 00:00:00+09:00,875.0,875.0,875.0,875.0,1200,0.0,0.0
2023-09-27 00:00:00+09:00,861.0,861.0,861.0,861.0,100,0.0,0.0
2023-09-28 00:00:00+09:00,861.0,861.0,861.0,861.0,0,0.0,0.0
2023-09-29 00:00:00+09:00,862.0,862.0,862.0,862.0,100,0.0,0.0
2023-10-02 00:00:00+09:00,862.0,862.0,862.0,862.0,0,0.0,0.0
2023-10-03 00:00:00+09:00,865.0,865.0,865.0,865.0,100,0.0,0.0
2023-10-04 00:00:00+09:00,869.0,869.0,860.0,860.0,200,0.0,0.0
2023-10-05 00:00:00+09:00,860.0,860.0,840.0,840.0,1300,0.0,0.0
2023-10-06 00:00:00+09:00,851.0,852.0,851.0,852.0,300,0.0,0.0
2023-10-10 00:00:00+09:00,867.0,870.0,867.0,870.0,300,0.0,0.0
2023-10-11 00:00:00+09:00,871.0,871.0,867.0,867.0,800,0.0,0.0
2023-10-12 00:00:00+09:00,867.0,867.0,867.0,867.0,0,0.0,0.0
2023-10-13 00:00:00+09:00,867.0,867.0,867.0,867.0,0,0.0,0.0
2023-10-16 00:00:00+09:00,867.0,867.0,867.0,867.0,0,0.0,0.0
2023-10-17 00:00:00+09:00,867.0,867.0,867.0,867.0,0,0.0,0.0
2023-10-18 00:00:00+09:00,867.0,867.0,867.0,867.0,0,0.0,0.0
2023-10-19 00:00:00+09:00,867.0,867.0,867.0,867.0,0,0.0,0.0
2023-10-20 00:00:00+09:00,880.0,979.0,820.0,840.0,29300,0.0,0.0
2023-10-23 00:00:00+09:00,841.0,972.0,833.0,854.0,27700,0.0,0.0
2023-10-24 00:00:00+09:00,854.0,854.0,771.0,815.0,12400,0.0,0.0
2023-10-25 00:00:00+09:00,811.0,825.0,806.0,809.0,3700,0.0,0.0
2023-10-26 00:00:00+09:00,824.0,829.0,809.0,814.0,3500,0.0,0.0
2023-10-27 00:00:00+09:00,814.0,820.0,805.0,819.0,2100,0.0,0.0
2023-10-30 00:00:00+09:00,805.0,805.0,805.0,805.0,300,0.0,0.0
2023-10-31 00:00:00+09:00,806.0,812.0,806.0,812.0,600,0.0,0.0
2023-11-01 00:00:00+09:00,812.0,817.0,812.0,815.0,1000,0.0,0.0
2023-11-02 00:00:00+09:00,816.0,850.0,816.0,840.0,5300,0.0,0.0
2023-11-06 00:00:00+09:00,825.0,835.0,811.0,820.0,3900,0.0,0.0
2023-11-07 00:00:00+09:00,829.0,829.0,816.0,816.0,200,0.0,0.0
2023-11-08 00:00:00+09:00,816.0,816.0,816.0,816.0,0,0.0,0.0
2023-11-09 00:00:00+09:00,820.0,828.0,820.0,828.0,600,0.0,0.0
2023-11-10 00:00:00+09:00,828.0,828.0,828.0,828.0,700,0.0,0.0
2023-11-13 00:00:00+09:00,828.0,828.0,828.0,828.0,0,0.0,0.0
2023-11-14 00:00:00+09:00,811.0,811.0,811.0,811.0,100,0.0,0.0
2023-11-15 00:00:00+09:00,811.0,811.0,811.0,811.0,0,0.0,0.0
2023-11-16 00:00:00+09:00,818.0,818.0,818.0,818.0,200,0.0,0.0
2023-11-17 00:00:00+09:00,820.0,831.0,820.0,831.0,2100,0.0,0.0
2023-11-20 00:00:00+09:00,832.0,832.0,817.0,817.0,200,0.0,0.0
2023-11-21 00:00:00+09:00,826.0,827.0,825.0,825.0,300,0.0,0.0
2023-11-22 00:00:00+09:00,827.0,830.0,827.0,830.0,200,0.0,0.0
2023-11-24 00:00:00+09:00,838.0,838.0,834.0,834.0,600,0.0,0.0
2023-11-27 00:00:00+09:00,849.0,849.0,849.0,849.0,1500,0.0,0.0
2023-11-28 00:00:00+09:00,840.0,850.0,840.0,842.0,400,0.0,0.0
2023-11-29 00:00:00+09:00,842.0,842.0,842.0,842.0,0,0.0,0.0
2023-11-30 00:00:00+09:00,842.0,842.0,837.0,837.0,300,0.0,0.0
2023-12-01 00:00:00+09:00,837.0,838.0,837.0,837.0,500,0.0,0.0
2023-12-04 00:00:00+09:00,825.0,825.0,825.0,825.0,100,0.0,0.0
2023-12-05 00:00:00+09:00,824.0,830.0,824.0,830.0,300,0.0,0.0
2023-12-06 00:00:00+09:00,828.0,828.0,828.0,828.0,100,0.0,0.0
2023-12-07 00:00:00+09:00,832.0,834.0,832.0,834.0,300,0.0,0.0
2023-12-08 00:00:00+09:00,835.0,838.0,835.0,835.0,500,0.0,0.0
2023-12-11 00:00:00+09:00,859.0,859.0,849.0,849.0,3700,0.0,0.0
2023-12-12 00:00:00+09:00,849.0,849.0,849.0,849.0,0,0.0,0.0
2023-12-13 00:00:00+09:00,849.0,849.0,849.0,849.0,0,0.0,0.0
2023-12-14 00:00:00+09:00,849.0,849.0,849.0,849.0,0,0.0,0.0
2023-12-15 00:00:00+09:00,823.0,828.0,822.0,822.0,1000,0.0,0.0
2023-12-18 00:00:00+09:00,822.0,822.0,822.0,822.0,100,0.0,0.0
2023-12-19 00:00:00+09:00,815.0,815.0,815.0,815.0,300,0.0,0.0
2023-12-20 00:00:00+09:00,816.0,816.0,816.0,816.0,300,0.0,0.0
2023-12-21 00:00:00+09:00,816.0,821.0,816.0,819.0,1000,0.0,0.0
2023-12-22 00:00:00+09:00,820.0,820.0,817.0,817.0,600,0.0,0.0
2023-12-25 00:00:00+09:00,817.0,820.0,816.0,817.0,1300,0.0,0.0
2023-12-26 00:00:00+09:00,822.0,822.0,798.0,798.0,18800,0.0,0.0
2023-12-27 00:00:00+09:00,798.0,798.0,795.0,795.0,34200,0.0,0.0
2023-12-28 00:00:00+09:00,790.0,799.0,790.0,799.0,200,0.0,0.0
2023-12-29 00:00:00+09:00,799.0,799.0,790.0,797.0,2200,0.0,0.0
2024-01-04 00:00:00+09:00,800.0,808.0,800.0,808.0,700,0.0,0.0
2024-01-05 00:00:00+09:00,813.0,813.0,806.0,807.0,1000,0.0,0.0
2024-01-09 00:00:00+09:00,804.0,805.0,804.0,804.0,1300,0.0,0.0
2024-01-10 00:00:00+09:00,812.0,814.0,807.0,807.0,1200,0.0,0.0
2024-01-11 00:00:00+09:00,815.0,815.0,804.0,804.0,1800,0.0,0.0
2024-01-12 00:00:00+09:00,805.0,805.0,805.0,805.0,100,0.0,0.0
2024-01-15 00:00:00+09:00,806.0,806.0,806.0,806.0,600,0.0,0.0
2024-01-16 00:00:00+09:00,807.0,807.0,805.0,805.0,900,0.0,0.0
2024-01-17 00:00:00+09:00,804.0,804.0,800.0,800.0,900,0.0,0.0
2024-01-18 00:00:00+09:00,795.0,804.0,795.0,796.0,600,0.0,0.0
2024-01-19 00:00:00+09:00,805.0,805.0,805.0,805.0,400,0.0,0.0
2024-01-22 00:00:00+09:00,805.0,805.0,793.0,793.0,1000,0.0,0.0
2024-01-23 00:00:00+09:00,809.0,809.0,806.0,808.0,900,0.0,0.0
2024-01-24 00:00:00+09:00,808.0,829.0,808.0,821.0,7200,0.0,0.0
2024-01-25 00:00:00+09:00,821.0,823.0,814.0,819.0,1500,0.0,0.0
2024-01-26 00:00:00+09:00,824.0,824.0,808.0,808.0,2200,0.0,0.0
2024-01-29 00:00:00+09:00,819.0,819.0,811.0,818.0,600,0.0,0.0
2024-01-30 00:00:00+09:00,818.0,823.0,817.0,822.0,400,0.0,0.0
2024-01-31 00:00:00+09:00,822.0,822.0,822.0,822.0,100,0.0,0.0
2024-02-01 00:00:00+09:00,817.0,824.0,810.0,824.0,1100,0.0,0.0
2024-02-02 00:00:00+09:00,824.0,878.0,824.0,873.0,4300,0.0,0.0
2024-02-05 00:00:00+09:00,840.0,840.0,824.0,839.0,4300,0.0,0.0
2024-02-06 00:00:00+09:00,842.0,842.0,826.0,828.0,1900,0.0,0.0
2024-02-07 00:00:00+09:00,832.0,832.0,832.0,832.0,100,0.0,0.0
2024-02-08 00:00:00+09:00,838.0,839.0,833.0,839.0,400,0.0,0.0
2024-02-09 00:00:00+09:00,839.0,839.0,820.0,820.0,1000,0.0,0.0
2024-02-13 00:00:00+09:00,821.0,824.0,820.0,824.0,900,0.0,0.0
2024-02-14 00:00:00+09:00,822.0,822.0,815.0,822.0,2200,0.0,0.0
2024-02-15 00:00:00+09:00,812.0,812.0,812.0,812.0,100,0.0,0.0
2024-02-16 00:00:00+09:00,812.0,814.0,812.0,812.0,1100,0.0,0.0
2024-02-19 00:00:00+09:00,809.0,812.0,809.0,810.0,500,0.0,0.0
2024-02-20 00:00:00+09:00,818.0,819.0,818.0,818.0,600,0.0,0.0
2024-02-21 00:00:00+09:00,816.0,818.0,816.0,818.0,200,0.0,0.0
2024-02-22 00:00:00+09:00,820.0,825.0,820.0,825.0,2100,0.0,0.0
2024-02-26 00:00:00+09:00,812.0,815.0,806.0,810.0,6600,0.0,0.0
2024-02-27 00:00:00+09:00,825.0,835.0,810.0,811.0,7900,0.0,0.0
2024-02-28 00:00:00+09:00,817.0,817.0,817.0,817.0,200,0.0,0.0
2024-02-29 00:00:00+09:00,814.0,814.0,811.0,811.0,400,0.0,0.0
2024-03-01 00:00:00+09:00,813.0,813.0,812.0,812.0,300,0.0,0.0
2024-03-04 00:00:00+09:00,812.0,819.0,812.0,819.0,200,0.0,0.0
2024-03-05 00:00:00+09:00,816.0,816.0,808.0,813.0,600,0.0,0.0
2024-03-06 00:00:00+09:00,802.0,818.0,801.0,815.0,4700,0.0,0.0
2024-03-07 00:00:00+09:00,813.0,814.0,801.0,801.0,2800,0.0,0.0
2024-03-08 00:00:00+09:00,803.0,803.0,786.0,802.0,2600,0.0,0.0
2024-03-11 00:00:00+09:00,801.0,801.0,797.0,801.0,1300,0.0,0.0
2024-03-12 00:00:00+09:00,797.0,804.0,796.0,804.0,900,0.0,0.0
2024-03-13 00:00:00+09:00,802.0,865.0,801.0,801.0,12600,0.0,0.0
2024-03-14 00:00:00+09:00,801.0,814.0,800.0,810.0,1800,0.0,0.0
2024-03-15 00:00:00+09:00,808.0,808.0,801.0,808.0,1700,0.0,0.0
2024-03-18 00:00:00+09:00,811.0,848.0,811.0,812.0,4300,0.0,0.0
2024-03-19 00:00:00+09:00,815.0,962.0,815.0,962.0,45300,0.0,0.0
2024-03-21 00:00:00+09:00,948.0,949.0,919.0,940.0,43000,0.0,0.0
2024-03-22 00:00:00+09:00,930.0,939.0,925.0,939.0,6300,0.0,0.0
2024-03-25 00:00:00+09:00,939.0,951.0,931.0,946.0,3500,0.0,0.0
2024-03-26 00:00:00+09:00,950.0,950.0,940.0,944.0,2400,0.0,0.0
2024-03-27 00:00:00+09:00,937.0,940.0,930.0,938.0,7300,0.0,0.0
2024-03-28 00:00:00+09:00,886.0,891.0,886.0,890.0,2300,0.0,0.0
2024-03-29 00:00:00+09:00,890.0,890.0,885.0,886.0,1300,0.0,0.0
2024-04-01 00:00:00+09:00,900.0,908.0,886.0,892.0,2700,0.0,0.0
2024-04-02 00:00:00+09:00,877.0,900.0,874.0,885.0,1700,0.0,0.0
2024-04-03 00:00:00+09:00,900.0,900.0,886.0,886.0,1100,0.0,0.0
2024-04-04 00:00:00+09:00,886.0,890.0,860.0,860.0,7700,0.0,0.0
2024-04-05 00:00:00+09:00,860.0,861.0,850.0,851.0,2300,0.0,0.0
2024-04-08 00:00:00+09:00,856.0,875.0,856.0,875.0,1200,0.0,0.0
2024-04-09 00:00:00+09:00,878.0,883.0,878.0,883.0,700,0.0,0.0
2024-04-10 00:00:00+09:00,877.0,888.0,877.0,888.0,800,0.0,0.0
2024-04-11 00:00:00+09:00,889.0,889.0,868.0,868.0,1100,0.0,0.0
2024-04-12 00:00:00+09:00,868.0,868.0,862.0,862.0,600,0.0,0.0
2024-04-15 00:00:00+09:00,854.0,860.0,854.0,860.0,300,0.0,0.0
2024-04-16 00:00:00+09:00,855.0,860.0,855.0,858.0,500,0.0,0.0
2024-04-17 00:00:00+09:00,865.0,865.0,855.0,855.0,1300,0.0,0.0
2024-04-18 00:00:00+09:00,863.0,871.0,863.0,871.0,400,0.0,0.0
2024-04-19 00:00:00+09:00,861.0,870.0,860.0,870.0,1200,0.0,0.0
2024-04-22 00:00:00+09:00,870.0,870.0,870.0,870.0,0,0.0,0.0
2024-04-23 00:00:00+09:00,865.0,874.0,860.0,874.0,500,0.0,0.0
2024-04-24 00:00:00+09:00,874.0,885.0,874.0,885.0,1100,0.0,0.0
2024-04-25 00:00:00+09:00,883.0,888.0,871.0,871.0,700,0.0,0.0
2024-04-26 00:00:00+09:00,879.0,889.0,877.0,889.0,2300,0.0,0.0
2024-04-30 00:00:00+09:00,885.0,895.0,873.0,873.0,1400,0.0,0.0
2024-05-01 00:00:00+09:00,873.0,873.0,873.0,873.0,400,0.0,0.0
2024-05-02 00:00:00+09:00,885.0,885.0,885.0,885.0,200,0.0,0.0
2024-05-07 00:00:00+09:00,878.0,885.0,878.0,885.0,1400,0.0,0.0
2024-05-08 00:00:00+09:00,885.0,885.0,883.0,884.0,700,0.0,0.0
2024-05-09 00:00:00+09:00,884.0,891.0,884.0,891.0,300,0.0,0.0
2024-05-10 00:00:00+09:00,891.0,891.0,884.0,884.0,1000,0.0,0.0
2024-05-13 00:00:00+09:00,884.0,896.0,883.0,895.0,400,0.0,0.0
2024-05-14 00:00:00+09:00,895.0,930.0,810.0,826.0,16800,0.0,0.0
2024-05-15 00:00:00+09:00,827.0,840.0,821.0,821.0,1600,0.0,0.0
2024-05-16 00:00:00+09:00,827.0,827.0,824.0,824.0,300,0.0,0.0
2024-05-17 00:00:00+09:00,824.0,829.0,823.0,829.0,500,0.0,0.0
2024-05-20 00:00:00+09:00,824.0,825.0,821.0,821.0,2000,0.0,0.0
2024-05-21 00:00:00+09:00,822.0,822.0,821.0,821.0,400,0.0,0.0
2024-05-22 00:00:00+09:00,827.0,827.0,822.0,822.0,300,0.0,0.0
2024-05-23 00:00:00+09:00,828.0,828.0,827.0,827.0,400,0.0,0.0
2024-05-24 00:00:00+09:00,827.0,828.0,818.0,828.0,1300,0.0,0.0
2024-05-27 00:00:00+09:00,826.0,836.0,822.0,823.0,2800,0.0,0.0
2024-05-28 00:00:00+09:00,823.0,823.0,823.0,823.0,400,0.0,0.0
2024-05-29 00:00:00+09:00,823.0,823.0,812.0,812.0,2700,0.0,0.0
2024-05-30 00:00:00+09:00,805.0,808.0,801.0,808.0,3200,0.0,0.0
2024-05-31 00:00:00+09:00,809.0,812.0,809.0,810.0,500,0.0,0.0
2024-06-03 00:00:00+09:00,818.0,819.0,818.0,819.0,200,0.0,0.0
2024-06-04 00:00:00+09:00,819.0,820.0,819.0,819.0,300,0.0,0.0
2024-06-05 00:00:00+09:00,819.0,819.0,819.0,819.0,200,0.0,0.0
2024-06-06 00:00:00+09:00,822.0,825.0,822.0,825.0,300,0.0,0.0
2024-06-07 00:00:00+09:00,825.0,825.0,818.0,821.0,1100,0.0,0.0
2024-06-10 00:00:00+09:00,821.0,826.0,821.0,826.0,500,0.0,0.0
2024-06-11 00:00:00+09:00,829.0,829.0,817.0,817.0,3100,0.0,0.0
2024-06-12 00:00:00+09:00,817.0,822.0,805.0,806.0,3000,0.0,0.0
2024-06-13 00:00:00+09:00,816.0,816.0,814.0,816.0,400,0.0,0.0
2024-06-14 00:00:00+09:00,805.0,808.0,805.0,808.0,1000,0.0,0.0
2024-06-17 00:00:00+09:00,809.0,811.0,809.0,811.0,400,0.0,0.0
2024-06-18 00:00:00+09:00,811.0,811.0,795.0,802.0,5100,0.0,0.0
2024-06-19 00:00:00+09:00,802.0,802.0,802.0,802.0,500,0.0,0.0
2024-06-20 00:00:00+09:00,800.0,801.0,800.0,800.0,600,0.0,0.0
2024-06-21 00:00:00+09:00,806.0,808.0,803.0,807.0,500,0.0,0.0
2024-06-24 00:00:00+09:00,806.0,810.0,804.0,807.0,600,0.0,0.0
2024-06-25 00:00:00+09:00,810.0,814.0,810.0,811.0,1200,0.0,0.0
2024-06-26 00:00:00+09:00,808.0,808.0,808.0,808.0,1500,0.0,0.0
2024-06-27 00:00:00+09:00,816.0,816.0,808.0,810.0,500,0.0,0.0
2024-06-28 00:00:00+09:00,850.0,852.0,824.0,843.0,11400,0.0,0.0
2024-07-01 00:00:00+09:00,846.0,846.0,831.0,831.0,200,0.0,0.0
2024-07-02 00:00:00+09:00,831.0,831.0,818.0,818.0,300,0.0,0.0
2024-07-03 00:00:00+09:00,826.0,832.0,826.0,832.0,200,0.0,0.0
2024-07-05 00:00:00+09:00,836.0,836.0,833.0,833.0,300,0.0,0.0
