Date,Open,High,Low,Close,Volume,Dividends,Stock Splits
2022-05-04 00:00:00-04:00,6.5,29.0,4.150000095367432,4.369999885559082,8084200,0.0,0.0
2022-05-05 00:00:00-04:00,5.190000057220459,5.809999942779541,3.490000009536743,3.7200000286102295,14225500,0.0,0.0
2022-05-06 00:00:00-04:00,3.4100000858306885,3.4600000381469727,2.880000114440918,2.9600000381469727,2200800,0.0,0.0
2022-05-09 00:00:00-04:00,2.700000047683716,3.7300000190734863,2.5,2.7899999618530273,9728600,0.0,0.0
2022-05-10 00:00:00-04:00,2.7699999809265137,3.0950000286102295,2.299999952316284,2.3499999046325684,2149900,0.0,0.0
2022-05-11 00:00:00-04:00,2.1600000858306885,2.4700000286102295,1.8799999952316284,1.9500000476837158,1673400,0.0,0.0
2022-05-12 00:00:00-04:00,1.840000033378601,1.9500000476837158,1.75,1.7890000343322754,871800,0.0,0.0
2022-05-13 00:00:00-04:00,1.809999942779541,2.0399999618530273,1.7200000286102295,1.815000057220459,1029000,0.0,0.0
2022-05-16 00:00:00-04:00,1.850000023841858,1.9500000476837158,1.75,1.850000023841858,503400,0.0,0.0
2022-05-17 00:00:00-04:00,1.9700000286102295,1.9700000286102295,1.75,1.7599999904632568,494900,0.0,0.0
2022-05-18 00:00:00-04:00,1.7200000286102295,1.8949999809265137,1.6699999570846558,1.7100000381469727,421300,0.0,0.0
2022-05-19 00:00:00-04:00,1.6699999570846558,2.4000000953674316,1.6699999570846558,2.069999933242798,4875600,0.0,0.0
2022-05-20 00:00:00-04:00,1.9600000381469727,2.0199999809265137,1.7999999523162842,1.840000033378601,526200,0.0,0.0
2022-05-23 00:00:00-04:00,1.840000033378601,1.9199999570846558,1.7899999618530273,1.8300000429153442,319300,0.0,0.0
2022-05-24 00:00:00-04:00,1.75,1.9199999570846558,1.690000057220459,1.7599999904632568,586400,0.0,0.0
2022-05-25 00:00:00-04:00,1.7400000095367432,1.8799999952316284,1.6200000047683716,1.7000000476837158,371500,0.0,0.0
2022-05-26 00:00:00-04:00,1.6799999475479126,1.75,1.6100000143051147,1.6799999475479126,309700,0.0,0.0
2022-05-27 00:00:00-04:00,1.6699999570846558,1.7400000095367432,1.649999976158142,1.690000057220459,376900,0.0,0.0
2022-05-31 00:00:00-04:00,1.659999966621399,1.75,1.659999966621399,1.7200000286102295,278700,0.0,0.0
2022-06-01 00:00:00-04:00,1.7020000219345093,1.809999942779541,1.659999966621399,1.6699999570846558,349300,0.0,0.0
2022-06-02 00:00:00-04:00,1.659999966621399,1.7799999713897705,1.659999966621399,1.7400000095367432,262800,0.0,0.0
2022-06-03 00:00:00-04:00,1.7000000476837158,1.7300000190734863,1.6799999475479126,1.7000000476837158,103200,0.0,0.0
2022-06-06 00:00:00-04:00,1.7100000381469727,1.7300000190734863,1.6200000047683716,1.6699999570846558,144600,0.0,0.0
2022-06-07 00:00:00-04:00,1.649999976158142,1.7300000190734863,1.6399999856948853,1.7100000381469727,121200,0.0,0.0
2022-06-08 00:00:00-04:00,1.7100000381469727,2.069999933242798,1.649999976158142,1.9900000095367432,1042500,0.0,0.0
2022-06-09 00:00:00-04:00,2.0,2.0399999618530273,1.75,1.75,300600,0.0,0.0
2022-06-10 00:00:00-04:00,1.7400000095367432,1.9900000095367432,1.7100000381469727,1.940000057220459,763800,0.0,0.0
2022-06-13 00:00:00-04:00,1.9199999570846558,1.9500000476837158,1.7100000381469727,1.7300000190734863,421400,0.0,0.0
2022-06-14 00:00:00-04:00,1.7009999752044678,1.7999999523162842,1.7000000476837158,1.75,152200,0.0,0.0
2022-06-15 00:00:00-04:00,1.7799999713897705,2.4000000953674316,1.7300000190734863,2.2300000190734863,6999200,0.0,0.0
2022-06-16 00:00:00-04:00,2.2799999713897705,2.549999952316284,2.119999885559082,2.299999952316284,1628200,0.0,0.0
2022-06-17 00:00:00-04:00,2.380000114440918,2.380000114440918,2.1700000762939453,2.2799999713897705,318900,0.0,0.0
2022-06-21 00:00:00-04:00,2.240000009536743,2.390000104904175,2.200000047683716,2.2699999809265137,237100,0.0,0.0
2022-06-22 00:00:00-04:00,2.240000009536743,2.450000047683716,2.184999942779541,2.259999990463257,410800,0.0,0.0
2022-06-23 00:00:00-04:00,2.299999952316284,2.3499999046325684,2.1500000953674316,2.200000047683716,275900,0.0,0.0
2022-06-24 00:00:00-04:00,2.2100000381469727,2.25,2.1500000953674316,2.2109999656677246,109600,0.0,0.0
2022-06-27 00:00:00-04:00,2.1600000858306885,2.25,2.119999885559082,2.140000104904175,147300,0.0,0.0
2022-06-28 00:00:00-04:00,2.059999942779541,2.2300000190734863,1.9600000381469727,2.049999952316284,197100,0.0,0.0
2022-06-29 00:00:00-04:00,2.0299999713897705,2.236999988555908,1.9800000190734863,2.049999952316284,254600,0.0,0.0
2022-06-30 00:00:00-04:00,2.0999999046325684,2.119999885559082,1.7599999904632568,1.809999942779541,222100,0.0,0.0
2022-07-01 00:00:00-04:00,1.809999942779541,2.115999937057495,1.75,1.8200000524520874,545000,0.0,0.0
2022-07-05 00:00:00-04:00,1.809999942779541,1.8899999856948853,1.5499999523162842,1.649999976158142,413100,0.0,0.0
2022-07-06 00:00:00-04:00,1.6399999856948853,1.7899999618530273,1.6100000143051147,1.649999976158142,147000,0.0,0.0
2022-07-07 00:00:00-04:00,1.6399999856948853,1.7100000381469727,1.6200000047683716,1.6649999618530273,136000,0.0,0.0
2022-07-08 00:00:00-04:00,1.6699999570846558,1.7200000286102295,1.6399999856948853,1.7100000381469727,46000,0.0,0.0
2022-07-11 00:00:00-04:00,1.7200000286102295,1.7200000286102295,1.6399999856948853,1.659999966621399,27800,0.0,0.0
2022-07-12 00:00:00-04:00,1.6799999475479126,1.75,1.6100000143051147,1.6699999570846558,186400,0.0,0.0
2022-07-13 00:00:00-04:00,1.6100000143051147,1.659999966621399,1.6100000143051147,1.6299999952316284,55900,0.0,0.0
2022-07-14 00:00:00-04:00,1.6200000047683716,1.7000000476837158,1.600000023841858,1.6200000047683716,75400,0.0,0.0
2022-07-15 00:00:00-04:00,1.6200000047683716,1.6399999856948853,1.600000023841858,1.6169999837875366,18800,0.0,0.0
2022-07-18 00:00:00-04:00,1.6150000095367432,1.7400000095367432,1.6100000143051147,1.6399999856948853,51600,0.0,0.0
2022-07-19 00:00:00-04:00,1.649999976158142,1.690000057220459,1.6200000047683716,1.6579999923706055,30400,0.0,0.0
2022-07-20 00:00:00-04:00,1.7100000381469727,1.7400000095367432,1.6299999952316284,1.6299999952316284,81900,0.0,0.0
2022-07-21 00:00:00-04:00,1.7000000476837158,1.7000000476837158,1.6399999856948853,1.649999976158142,57900,0.0,0.0
2022-07-22 00:00:00-04:00,1.7000000476837158,1.7899999618530273,1.649999976158142,1.6699999570846558,146700,0.0,0.0
2022-07-25 00:00:00-04:00,1.7000000476837158,1.7300000190734863,1.6399999856948853,1.6699999570846558,50500,0.0,0.0
2022-07-26 00:00:00-04:00,1.680999994277954,1.6820000410079956,1.649999976158142,1.659999966621399,16100,0.0,0.0
2022-07-27 00:00:00-04:00,1.6799999475479126,1.684999942779541,1.6399999856948853,1.6699999570846558,44100,0.0,0.0
2022-07-28 00:00:00-04:00,1.6790000200271606,1.7899999618530273,1.649999976158142,1.659999966621399,266600,0.0,0.0
2022-07-29 00:00:00-04:00,1.7400000095367432,1.9900000095367432,1.659999966621399,1.7300000190734863,934600,0.0,0.0
2022-08-01 00:00:00-04:00,1.75,1.75,1.5700000524520874,1.600000023841858,283100,0.0,0.0
2022-08-02 00:00:00-04:00,1.6200000047683716,1.8600000143051147,1.6200000047683716,1.7999999523162842,508200,0.0,0.0
2022-08-03 00:00:00-04:00,1.7799999713897705,1.8899999856948853,1.7000000476837158,1.75,304200,0.0,0.0
2022-08-04 00:00:00-04:00,1.809999942779541,1.840000033378601,1.7300000190734863,1.7799999713897705,89300,0.0,0.0
2022-08-05 00:00:00-04:00,1.7200000286102295,1.850000023841858,1.690000057220459,1.7100000381469727,89400,0.0,0.0
2022-08-08 00:00:00-04:00,1.690000057220459,1.9700000286102295,1.690000057220459,1.850000023841858,187300,0.0,0.0
2022-08-09 00:00:00-04:00,1.899999976158142,2.049999952316284,1.8200000524520874,1.9199999570846558,205700,0.0,0.0
2022-08-10 00:00:00-04:00,1.899999976158142,1.9199999570846558,1.850000023841858,1.9199999570846558,93500,0.0,0.0
2022-08-11 00:00:00-04:00,1.9900000095367432,1.9980000257492065,1.7699999809265137,1.809999942779541,171900,0.0,0.0
2022-08-12 00:00:00-04:00,1.7699999809265137,1.8799999952316284,1.7300000190734863,1.7400000095367432,84500,0.0,0.0
2022-08-15 00:00:00-04:00,1.7799999713897705,1.8200000524520874,1.7100000381469727,1.7400000095367432,220800,0.0,0.0
2022-08-16 00:00:00-04:00,1.7400000095367432,1.7899999618530273,1.7100000381469727,1.75,72600,0.0,0.0
2022-08-17 00:00:00-04:00,1.7200000286102295,1.7699999809265137,1.6699999570846558,1.6699999570846558,129100,0.0,0.0
2022-08-18 00:00:00-04:00,1.7059999704360962,1.7100000381469727,1.6299999952316284,1.6799999475479126,89400,0.0,0.0
2022-08-19 00:00:00-04:00,1.7200000286102295,1.75,1.659999966621399,1.6799999475479126,57500,0.0,0.0
2022-08-22 00:00:00-04:00,1.7300000190734863,1.850000023841858,1.6799999475479126,1.75,165900,0.0,0.0
2022-08-23 00:00:00-04:00,1.784999966621399,1.7999999523162842,1.659999966621399,1.6799999475479126,160500,0.0,0.0
2022-08-24 00:00:00-04:00,1.659999966621399,1.725000023841858,1.659999966621399,1.6699999570846558,103900,0.0,0.0
2022-08-25 00:00:00-04:00,1.659999966621399,1.7200000286102295,1.6299999952316284,1.6299999952316284,119600,0.0,0.0
2022-08-26 00:00:00-04:00,1.6779999732971191,1.690000057220459,1.600000023841858,1.649999976158142,80600,0.0,0.0
2022-08-29 00:00:00-04:00,1.600000023841858,1.7300000190734863,1.600000023841858,1.649999976158142,109500,0.0,0.0
2022-08-30 00:00:00-04:00,1.690000057220459,1.690000057220459,1.5499999523162842,1.5800000429153442,97800,0.0,0.0
2022-08-31 00:00:00-04:00,1.649999976158142,1.649999976158142,1.559999942779541,1.600000023841858,49700,0.0,0.0
2022-09-01 00:00:00-04:00,1.590000033378601,1.649999976158142,1.559999942779541,1.5700000524520874,52200,0.0,0.0
2022-09-02 00:00:00-04:00,1.6299999952316284,1.6299999952316284,1.5299999713897705,1.559999942779541,96500,0.0,0.0
2022-09-06 00:00:00-04:00,1.5299999713897705,1.5399999618530273,1.3799999952316284,1.399999976158142,116000,0.0,0.0
2022-09-07 00:00:00-04:00,1.399999976158142,1.4199999570846558,1.3600000143051147,1.3600000143051147,67700,0.0,0.0
2022-09-08 00:00:00-04:00,1.3700000047683716,1.3799999952316284,1.3700000047683716,1.378999948501587,28500,0.0,0.0
2022-09-09 00:00:00-04:00,1.3899999856948853,1.4079999923706055,1.3300000429153442,1.3730000257492065,164300,0.0,0.0
2022-09-12 00:00:00-04:00,1.409999966621399,1.4700000286102295,1.3799999952316284,1.4600000381469727,62300,0.0,0.0
2022-09-13 00:00:00-04:00,1.399999976158142,1.4199999570846558,1.340000033378601,1.350000023841858,71700,0.0,0.0
2022-09-14 00:00:00-04:00,1.350000023841858,1.409999966621399,1.340000033378601,1.3700000047683716,35000,0.0,0.0
2022-09-15 00:00:00-04:00,1.4700000286102295,1.4700000286102295,1.3200000524520874,1.3350000381469727,63400,0.0,0.0
2022-09-16 00:00:00-04:00,1.3200000524520874,1.3600000143051147,1.2699999809265137,1.3200000524520874,93400,0.0,0.0
2022-09-19 00:00:00-04:00,1.3200000524520874,1.3200000524520874,1.190000057220459,1.2200000286102295,53000,0.0,0.0
2022-09-20 00:00:00-04:00,1.2100000381469727,1.2519999742507935,1.1399999856948853,1.1890000104904175,35400,0.0,0.0
2022-09-21 00:00:00-04:00,1.1699999570846558,1.1799999475479126,1.100000023841858,1.1100000143051147,44900,0.0,0.0
2022-09-22 00:00:00-04:00,1.090000033378601,1.1299999952316284,1.090000033378601,1.1059999465942383,39400,0.0,0.0
2022-09-23 00:00:00-04:00,1.0800000429153442,1.1100000143051147,1.0099999904632568,1.0420000553131104,63900,0.0,0.0
2022-09-26 00:00:00-04:00,1.100000023841858,1.1699999570846558,1.0099999904632568,1.0529999732971191,51100,0.0,0.0
2022-09-27 00:00:00-04:00,1.0299999713897705,1.1239999532699585,0.7699999809265137,0.8799999952316284,155800,0.0,0.0
2022-09-28 00:00:00-04:00,0.9700000286102295,0.9710000157356262,0.8600000143051147,0.9700000286102295,33900,0.0,0.0
2022-09-29 00:00:00-04:00,1.0099999904632568,1.1200000047683716,0.9100000262260437,1.0240000486373901,60000,0.0,0.0
2022-09-30 00:00:00-04:00,1.0199999809265137,1.0199999809265137,0.8830000162124634,0.9750000238418579,43700,0.0,0.0
2022-10-03 00:00:00-04:00,0.9700000286102295,1.1799999475479126,0.9700000286102295,1.1510000228881836,157900,0.0,0.0
2022-10-04 00:00:00-04:00,1.1799999475479126,1.2949999570846558,1.090000033378601,1.1820000410079956,78800,0.0,0.0
2022-10-05 00:00:00-04:00,1.2000000476837158,1.25,1.1200000047683716,1.2100000381469727,55500,0.0,0.0
2022-10-06 00:00:00-04:00,1.3300000429153442,1.3300000429153442,1.1299999952316284,1.2400000095367432,37000,0.0,0.0
2022-10-07 00:00:00-04:00,1.2599999904632568,1.2599999904632568,1.1399999856948853,1.2200000286102295,41500,0.0,0.0
2022-10-10 00:00:00-04:00,1.159999966621399,1.2200000286102295,1.1200000047683716,1.1200000047683716,10500,0.0,0.0
2022-10-11 00:00:00-04:00,1.1890000104904175,1.1890000104904175,1.090000033378601,1.1299999952316284,97200,0.0,0.0
2022-10-12 00:00:00-04:00,1.100000023841858,1.1100000143051147,1.0099999904632568,1.1059999465942383,62500,0.0,0.0
2022-10-13 00:00:00-04:00,1.0099999904632568,1.1679999828338623,1.0099999904632568,1.1679999828338623,72000,0.0,0.0
2022-10-14 00:00:00-04:00,1.190000057220459,1.2000000476837158,0.9649999737739563,0.9950000047683716,83900,0.0,0.0
2022-10-17 00:00:00-04:00,1.0,1.2400000095367432,1.0,1.0850000381469727,80600,0.0,0.0
2022-10-18 00:00:00-04:00,1.0800000429153442,1.1030000448226929,1.0099999904632568,1.0820000171661377,24900,0.0,0.0
2022-10-19 00:00:00-04:00,1.0199999809265137,1.0829999446868896,0.824999988079071,0.9399999976158142,116800,0.0,0.0
2022-10-20 00:00:00-04:00,0.9319999814033508,0.9900000095367432,0.8999999761581421,0.9480000138282776,35300,0.0,0.0
2022-10-21 00:00:00-04:00,0.9200000166893005,0.9800000190734863,0.9100000262260437,0.9599999785423279,30000,0.0,0.0
2022-10-24 00:00:00-04:00,0.9580000042915344,0.9620000123977661,0.8399999737739563,0.9290000200271606,52500,0.0,0.0
2022-10-25 00:00:00-04:00,0.890999972820282,0.9480000138282776,0.8799999952316284,0.9319999814033508,56800,0.0,0.0
2022-10-26 00:00:00-04:00,0.9139999747276306,0.9599999785423279,0.890999972820282,0.9369999766349792,56500,0.0,0.0
2022-10-27 00:00:00-04:00,0.9200000166893005,0.9200000166893005,0.8560000061988831,0.9160000085830688,31600,0.0,0.0
2022-10-28 00:00:00-04:00,0.8899999856948853,0.9279999732971191,0.8899999856948853,0.9169999957084656,15500,0.0,0.0
2022-10-31 00:00:00-04:00,0.9100000262260437,0.9290000200271606,0.800000011920929,0.8299999833106995,124800,0.0,0.0
2022-11-01 00:00:00-04:00,0.8299999833106995,0.8700000047683716,0.6990000009536743,0.8050000071525574,189100,0.0,0.0
2022-11-02 00:00:00-04:00,0.796999990940094,0.8299999833106995,0.7639999985694885,0.7919999957084656,27000,0.0,0.0
2022-11-03 00:00:00-04:00,0.8299999833106995,0.8299999833106995,0.7699999809265137,0.7990000247955322,29000,0.0,0.0
2022-11-04 00:00:00-04:00,0.7799999713897705,0.8080000281333923,0.699999988079071,0.7850000262260437,86100,0.0,0.0
2022-11-07 00:00:00-05:00,0.7900000214576721,0.8809999823570251,0.7799999713897705,0.8809999823570251,128900,0.0,0.0
2022-11-08 00:00:00-05:00,1.100000023841858,1.100000023841858,0.8799999952316284,0.9399999976158142,356500,0.0,0.0
2022-11-09 00:00:00-05:00,0.9300000071525574,1.0199999809265137,0.9200000166893005,0.9459999799728394,85500,0.0,0.0
2022-11-10 00:00:00-05:00,0.9900000095367432,1.0199999809265137,0.9200000166893005,0.9480000138282776,68700,0.0,0.0
2022-11-11 00:00:00-05:00,1.0,1.0099999904632568,0.9200000166893005,0.9890000224113464,73900,0.0,0.0
2022-11-14 00:00:00-05:00,1.0,1.0740000009536743,0.9900000095367432,1.0490000247955322,81500,0.0,0.0
2022-11-15 00:00:00-05:00,1.0199999809265137,1.100000023841858,0.9900000095367432,1.0700000524520874,53400,0.0,0.0
2022-11-16 00:00:00-05:00,1.059999942779541,1.1200000047683716,1.0499999523162842,1.090000033378601,43300,0.0,0.0
2022-11-17 00:00:00-05:00,1.0199999809265137,1.0460000038146973,0.9599999785423279,1.0199999809265137,27500,0.0,0.0
2022-11-18 00:00:00-05:00,1.0199999809265137,1.059999942779541,1.0,1.0299999713897705,37200,0.0,0.0
2022-11-21 00:00:00-05:00,1.0399999618530273,1.0399999618530273,0.9700000286102295,1.0299999713897705,26000,0.0,0.0
2022-11-22 00:00:00-05:00,1.0099999904632568,1.0399999618530273,0.9950000047683716,1.00600004196167,57500,0.0,0.0
2022-11-23 00:00:00-05:00,0.9900000095367432,1.0299999713897705,0.9900000095367432,1.0199999809265137,36000,0.0,0.0
2022-11-25 00:00:00-05:00,1.0399999618530273,1.0800000429153442,1.0099999904632568,1.0399999618530273,9700,0.0,0.0
2022-11-28 00:00:00-05:00,1.0399999618530273,1.0399999618530273,0.9330000281333923,0.9900000095367432,40500,0.0,0.0
2022-11-29 00:00:00-05:00,0.9700000286102295,1.0670000314712524,0.949999988079071,1.0369999408721924,52700,0.0,0.0
2022-11-30 00:00:00-05:00,1.0399999618530273,1.059999942779541,0.9200000166893005,0.9599999785423279,78600,0.0,0.0
2022-12-01 00:00:00-05:00,0.9980000257492065,1.0499999523162842,0.9599999785423279,0.9900000095367432,24400,0.0,0.0
2022-12-02 00:00:00-05:00,0.949999988079071,1.0130000114440918,0.9399999976158142,1.0099999904632568,14000,0.0,0.0
2022-12-05 00:00:00-05:00,1.0499999523162842,1.0499999523162842,0.9549999833106995,1.0,24400,0.0,0.0
2022-12-06 00:00:00-05:00,1.0,1.0099999904632568,0.949999988079071,1.0,5900,0.0,0.0
2022-12-07 00:00:00-05:00,0.9700000286102295,1.0,0.8999999761581421,0.9599999785423279,31800,0.0,0.0
2022-12-08 00:00:00-05:00,1.0399999618530273,1.0399999618530273,0.8700000047683716,0.906000018119812,50000,0.0,0.0
2022-12-09 00:00:00-05:00,0.8899999856948853,0.925000011920929,0.8629999756813049,0.9100000262260437,71200,0.0,0.0
2022-12-12 00:00:00-05:00,0.949999988079071,0.949999988079071,0.8999999761581421,0.9399999976158142,19200,0.0,0.0
2022-12-13 00:00:00-05:00,0.9399999976158142,0.9829999804496765,0.8999999761581421,0.9049999713897705,60400,0.0,0.0
2022-12-14 00:00:00-05:00,0.878000020980835,0.9419999718666077,0.8199999928474426,0.8399999737739563,63300,0.0,0.0
2022-12-15 00:00:00-05:00,0.8149999976158142,0.8799999952316284,0.8100000023841858,0.8679999709129333,16000,0.0,0.0
2022-12-16 00:00:00-05:00,0.8629999756813049,0.8830000162124634,0.8090000152587891,0.8600000143051147,32700,0.0,0.0
2022-12-19 00:00:00-05:00,0.8500000238418579,0.859000027179718,0.75,0.7860000133514404,69700,0.0,0.0
2022-12-20 00:00:00-05:00,0.7620000243186951,0.800000011920929,0.7149999737739563,0.800000011920929,103300,0.0,0.0
2022-12-21 00:00:00-05:00,0.800000011920929,0.8199999928474426,0.7409999966621399,0.7799999713897705,97400,0.0,0.0
2022-12-22 00:00:00-05:00,0.7799999713897705,0.7799999713897705,0.7250000238418579,0.7680000066757202,50300,0.0,0.0
2022-12-23 00:00:00-05:00,0.75,0.8199999928474426,0.75,0.8199999928474426,26700,0.0,0.0
2022-12-27 00:00:00-05:00,0.8299999833106995,0.8529999852180481,0.75,0.800000011920929,66400,0.0,0.0
2022-12-28 00:00:00-05:00,0.800000011920929,0.8999999761581421,0.800000011920929,0.8999999761581421,89000,0.0,0.0
2022-12-29 00:00:00-05:00,0.9350000023841858,0.9599999785423279,0.8600000143051147,0.9599999785423279,29500,0.0,0.0
2022-12-30 00:00:00-05:00,0.9850000143051147,0.9850000143051147,0.8700000047683716,0.9440000057220459,45500,0.0,0.0
2023-01-03 00:00:00-05:00,0.9909999966621399,1.090000033378601,0.9700000286102295,1.065000057220459,68000,0.0,0.0
2023-01-04 00:00:00-05:00,1.0700000524520874,1.0800000429153442,1.0299999713897705,1.059999942779541,72700,0.0,0.0
2023-01-05 00:00:00-05:00,1.059999942779541,1.0800000429153442,1.0399999618530273,1.0800000429153442,29000,0.0,0.0
2023-01-06 00:00:00-05:00,1.0299999713897705,1.090000033378601,1.0299999713897705,1.0800000429153442,29800,0.0,0.0
2023-01-09 00:00:00-05:00,1.100000023841858,1.1299999952316284,1.059999942779541,1.0800000429153442,12900,0.0,0.0
2023-01-10 00:00:00-05:00,1.090000033378601,1.1200000047683716,1.0499999523162842,1.100000023841858,18000,0.0,0.0
2023-01-11 00:00:00-05:00,1.1299999952316284,1.1299999952316284,1.0,1.0490000247955322,46900,0.0,0.0
2023-01-12 00:00:00-05:00,1.0499999523162842,1.100000023841858,1.0099999904632568,1.0499999523162842,74100,0.0,0.0
2023-01-13 00:00:00-05:00,1.0499999523162842,1.1200000047683716,1.0149999856948853,1.0700000524520874,102800,0.0,0.0
2023-01-17 00:00:00-05:00,1.0800000429153442,1.0800000429153442,0.9789999723434448,1.0199999809265137,97800,0.0,0.0
2023-01-18 00:00:00-05:00,1.0499999523162842,1.059999942779541,0.9879999756813049,1.0,55500,0.0,0.0
2023-01-19 00:00:00-05:00,1.0,1.0800000429153442,0.9800000190734863,1.0670000314712524,65000,0.0,0.0
2023-01-20 00:00:00-05:00,1.0800000429153442,1.0800000429153442,1.0,1.059999942779541,95000,0.0,0.0
2023-01-23 00:00:00-05:00,1.100000023841858,1.2599999904632568,1.0700000524520874,1.2200000286102295,105100,0.0,0.0
2023-01-24 00:00:00-05:00,1.2699999809265137,1.2899999618530273,1.1150000095367432,1.1799999475479126,36800,0.0,0.0
2023-01-25 00:00:00-05:00,1.1699999570846558,1.1699999570846558,1.0980000495910645,1.159999966621399,21600,0.0,0.0
2023-01-26 00:00:00-05:00,1.159000039100647,1.159000039100647,1.0199999809265137,1.059999942779541,23600,0.0,0.0
2023-01-27 00:00:00-05:00,1.0800000429153442,1.090000033378601,1.0299999713897705,1.0800000429153442,15900,0.0,0.0
2023-01-30 00:00:00-05:00,1.0800000429153442,1.090000033378601,1.0700000524520874,1.0789999961853027,19600,0.0,0.0
2023-01-31 00:00:00-05:00,1.0499999523162842,1.090000033378601,1.0499999523162842,1.090000033378601,18500,0.0,0.0
2023-02-01 00:00:00-05:00,1.0800000429153442,1.090000033378601,1.0299999713897705,1.090000033378601,46900,0.0,0.0
2023-02-02 00:00:00-05:00,1.090000033378601,1.0980000495910645,1.0499999523162842,1.059999942779541,27100,0.0,0.0
2023-02-03 00:00:00-05:00,1.0399999618530273,1.059999942779541,1.0299999713897705,1.059999942779541,11400,0.0,0.0
2023-02-06 00:00:00-05:00,1.0399999618530273,1.0399999618530273,0.972000002861023,1.0,24200,0.0,0.0
2023-02-07 00:00:00-05:00,1.0399999618530273,1.0800000429153442,0.9850000143051147,1.0800000429153442,69500,0.0,0.0
2023-02-08 00:00:00-05:00,1.0399999618530273,1.059999942779541,1.0099999904632568,1.0240000486373901,20000,0.0,0.0
2023-02-09 00:00:00-05:00,1.0499999523162842,1.0499999523162842,0.9900000095367432,1.0299999713897705,13600,0.0,0.0
2023-02-10 00:00:00-05:00,0.9750000238418579,1.0399999618530273,0.9700000286102295,1.0199999809265137,7500,0.0,0.0
2023-02-13 00:00:00-05:00,1.0299999713897705,1.0299999713897705,0.9200000166893005,0.9200000166893005,32100,0.0,0.0
2023-02-14 00:00:00-05:00,0.9200000166893005,1.0,0.9200000166893005,0.9610000252723694,10000,0.0,0.0
2023-02-15 00:00:00-05:00,0.9589999914169312,0.9800000190734863,0.9200000166893005,0.9700000286102295,12700,0.0,0.0
2023-02-16 00:00:00-05:00,1.0,1.0,0.8989999890327454,0.9399999976158142,39600,0.0,0.0
2023-02-17 00:00:00-05:00,0.8999999761581421,0.9800000190734863,0.8999999761581421,0.9200000166893005,7200,0.0,0.0
2023-02-21 00:00:00-05:00,0.9200000166893005,0.9200000166893005,0.8500000238418579,0.8960000276565552,26100,0.0,0.0
2023-02-22 00:00:00-05:00,0.8669999837875366,0.9100000262260437,0.8669999837875366,0.8999999761581421,20300,0.0,0.0
2023-02-23 00:00:00-05:00,0.8849999904632568,0.949999988079071,0.8700000047683716,0.8999999761581421,20600,0.0,0.0
2023-02-24 00:00:00-05:00,0.8799999952316284,0.949999988079071,0.8799999952316284,0.8849999904632568,10300,0.0,0.0
2023-02-27 00:00:00-05:00,0.8399999737739563,0.9300000071525574,0.8360000252723694,0.8500000238418579,81800,0.0,0.0
2023-02-28 00:00:00-05:00,0.8399999737739563,0.8999999761581421,0.8399999737739563,0.8799999952316284,27800,0.0,0.0
2023-03-01 00:00:00-05:00,0.9100000262260437,0.9399999976158142,0.8700000047683716,0.9290000200271606,11000,0.0,0.0
2023-03-02 00:00:00-05:00,0.8600000143051147,0.9200000166893005,0.8579999804496765,0.8980000019073486,16300,0.0,0.0
2023-03-03 00:00:00-05:00,0.9100000262260437,0.9100000262260437,0.8790000081062317,0.8889999985694885,21700,0.0,0.0
2023-03-06 00:00:00-05:00,0.8899999856948853,0.9300000071525574,0.8899999856948853,0.9100000262260437,28300,0.0,0.0
2023-03-07 00:00:00-05:00,0.9399999976158142,0.949999988079071,0.8859999775886536,0.921999990940094,22000,0.0,0.0
2023-03-08 00:00:00-05:00,0.8799999952316284,0.9399999976158142,0.8799999952316284,0.9300000071525574,11400,0.0,0.0
2023-03-09 00:00:00-05:00,0.9300000071525574,0.9800000190734863,0.8899999856948853,0.8999999761581421,35700,0.0,0.0
2023-03-10 00:00:00-05:00,0.949999988079071,0.949999988079071,0.8799999952316284,0.8999999761581421,19200,0.0,0.0
2023-03-13 00:00:00-04:00,1.0,1.159000039100647,0.8999999761581421,0.9769999980926514,315300,0.0,0.0
2023-03-14 00:00:00-04:00,0.9800000190734863,0.9800000190734863,0.8999999761581421,0.8999999761581421,26500,0.0,0.0
2023-03-15 00:00:00-04:00,0.9300000071525574,1.0199999809265137,0.9120000004768372,0.9200000166893005,89200,0.0,0.0
2023-03-16 00:00:00-04:00,0.9900000095367432,0.9900000095367432,0.8999999761581421,0.9079999923706055,18400,0.0,0.0
2023-03-17 00:00:00-04:00,0.8999999761581421,1.149999976158142,0.8799999952316284,1.0390000343322754,265000,0.0,0.0
2023-03-20 00:00:00-04:00,1.0499999523162842,1.2000000476837158,1.0,1.1399999856948853,290400,0.0,0.0
2023-03-21 00:00:00-04:00,1.190000057220459,1.190000057220459,0.949999988079071,0.949999988079071,92700,0.0,0.0
2023-03-22 00:00:00-04:00,0.9599999785423279,1.0499999523162842,0.8999999761581421,1.0099999904632568,158600,0.0,0.0
2023-03-23 00:00:00-04:00,1.0,1.2000000476837158,0.9900000095367432,1.1050000190734863,242300,0.0,0.0
2023-03-24 00:00:00-04:00,1.100000023841858,1.159999966621399,1.0199999809265137,1.059999942779541,77000,0.0,0.0
2023-03-27 00:00:00-04:00,1.059999942779541,1.0889999866485596,0.9800000190734863,1.0299999713897705,74800,0.0,0.0
2023-03-28 00:00:00-04:00,1.0199999809265137,1.3700000047683716,1.0,1.2100000381469727,401700,0.0,0.0
2023-03-29 00:00:00-04:00,1.2599999904632568,1.4500000476837158,1.1200000047683716,1.159999966621399,229700,0.0,0.0
2023-03-30 00:00:00-04:00,1.1399999856948853,1.2999999523162842,1.1100000143051147,1.2599999904632568,291700,0.0,0.0
2023-03-31 00:00:00-04:00,1.2799999713897705,1.2799999713897705,1.0390000343322754,1.1399999856948853,183800,0.0,0.0
2023-04-03 00:00:00-04:00,1.1799999475479126,1.3420000076293945,1.149999976158142,1.2000000476837158,211800,0.0,0.0
2023-04-04 00:00:00-04:00,1.2000000476837158,1.7999999523162842,1.2000000476837158,1.600000023841858,2813800,0.0,0.0
2023-04-05 00:00:00-04:00,1.5700000524520874,1.7300000190734863,1.2100000381469727,1.3899999856948853,1015500,0.0,0.0
2023-04-06 00:00:00-04:00,1.3600000143051147,1.409999966621399,1.1100000143051147,1.2899999618530273,392100,0.0,0.0
2023-04-10 00:00:00-04:00,1.2799999713897705,1.2899999618530273,1.1200000047683716,1.2100000381469727,285600,0.0,0.0
2023-04-11 00:00:00-04:00,1.2400000095367432,1.350000023841858,1.159999966621399,1.2200000286102295,237300,0.0,0.0
2023-04-12 00:00:00-04:00,1.2649999856948853,1.2649999856948853,1.149999976158142,1.2100000381469727,145100,0.0,0.0
2023-04-13 00:00:00-04:00,1.2799999713897705,1.3880000114440918,1.1100000143051147,1.2400000095367432,709400,0.0,0.0
2023-04-14 00:00:00-04:00,1.2300000190734863,1.2410000562667847,1.149999976158142,1.190000057220459,188000,0.0,0.0
2023-04-17 00:00:00-04:00,1.1699999570846558,1.2000000476837158,1.149999976158142,1.149999976158142,64600,0.0,0.0
2023-04-18 00:00:00-04:00,1.1299999952316284,1.25,1.1299999952316284,1.1799999475479126,155500,0.0,0.0
2023-04-19 00:00:00-04:00,1.149999976158142,1.2899999618530273,1.1410000324249268,1.2799999713897705,79100,0.0,0.0
2023-04-20 00:00:00-04:00,1.2599999904632568,1.2599999904632568,1.1799999475479126,1.2000000476837158,122300,0.0,0.0
2023-04-21 00:00:00-04:00,1.1649999618530273,1.2200000286102295,0.949999988079071,0.9610000252723694,211200,0.0,0.0
2023-04-24 00:00:00-04:00,1.0,1.0700000524520874,0.9700000286102295,1.0399999618530273,150300,0.0,0.0
2023-04-25 00:00:00-04:00,1.0499999523162842,1.090000033378601,1.0,1.0499999523162842,79300,0.0,0.0
2023-04-26 00:00:00-04:00,1.0499999523162842,1.059999942779541,1.0199999809265137,1.0399999618530273,26500,0.0,0.0
2023-04-27 00:00:00-04:00,1.0299999713897705,1.0399999618530273,0.9700000286102295,0.9900000095367432,118500,0.0,0.0
2023-04-28 00:00:00-04:00,0.9700000286102295,1.0299999713897705,0.9700000286102295,1.0199999809265137,84100,0.0,0.0
2023-05-01 00:00:00-04:00,1.0299999713897705,1.0700000524520874,0.9800000190734863,1.0149999856948853,102900,0.0,0.0
2023-05-02 00:00:00-04:00,1.0199999809265137,1.1200000047683716,0.9900000095367432,1.100000023841858,186700,0.0,0.0
2023-05-03 00:00:00-04:00,1.100000023841858,1.1699999570846558,1.0399999618530273,1.0740000009536743,118900,0.0,0.0
2023-05-04 00:00:00-04:00,1.1349999904632568,1.2799999713897705,1.0800000429153442,1.1299999952316284,568300,0.0,0.0
2023-05-05 00:00:00-04:00,1.159999966621399,1.1699999570846558,1.0800000429153442,1.1399999856948853,80100,0.0,0.0
2023-05-08 00:00:00-04:00,1.149999976158142,1.1799999475479126,1.100000023841858,1.149999976158142,41600,0.0,0.0
2023-05-09 00:00:00-04:00,1.1299999952316284,1.2899999618530273,1.1299999952316284,1.2760000228881836,158000,0.0,0.0
2023-05-10 00:00:00-04:00,1.2799999713897705,1.2799999713897705,1.159999966621399,1.2079999446868896,116600,0.0,0.0
2023-05-11 00:00:00-04:00,1.159999966621399,1.2799999713897705,1.1100000143051147,1.1799999475479126,96000,0.0,0.0
2023-05-12 00:00:00-04:00,1.1699999570846558,1.2799999713897705,1.1299999952316284,1.2000000476837158,31800,0.0,0.0
2023-05-15 00:00:00-04:00,1.2000000476837158,1.246999979019165,1.2000000476837158,1.2200000286102295,15500,0.0,0.0
2023-05-16 00:00:00-04:00,1.190000057220459,1.2000000476837158,1.100000023841858,1.1390000581741333,37800,0.0,0.0
2023-05-17 00:00:00-04:00,1.159999966621399,1.159999966621399,1.0399999618530273,1.0499999523162842,87200,0.0,0.0
2023-05-18 00:00:00-04:00,1.0750000476837158,1.0750000476837158,1.0099999904632568,1.0299999713897705,76000,0.0,0.0
2023-05-19 00:00:00-04:00,1.0199999809265137,1.1160000562667847,1.0099999904632568,1.0609999895095825,86400,0.0,0.0
2023-05-22 00:00:00-04:00,1.0499999523162842,1.0499999523162842,1.0099999904632568,1.0499999523162842,42900,0.0,0.0
2023-05-23 00:00:00-04:00,1.0399999618530273,1.0800000429153442,1.0299999713897705,1.0700000524520874,49200,0.0,0.0
2023-05-24 00:00:00-04:00,1.100000023841858,1.1299999952316284,1.0499999523162842,1.0700000524520874,37700,0.0,0.0
2023-05-25 00:00:00-04:00,1.0700000524520874,1.0800000429153442,1.0130000114440918,1.0499999523162842,29200,0.0,0.0
2023-05-26 00:00:00-04:00,1.0199999809265137,1.0399999618530273,0.9900000095367432,1.0169999599456787,41400,0.0,0.0
2023-05-30 00:00:00-04:00,1.0,1.059999942779541,0.9300000071525574,0.9800000190734863,196800,0.0,0.0
2023-05-31 00:00:00-04:00,1.0399999618530273,1.0399999618530273,0.9800000190734863,1.0199999809265137,123800,0.0,0.0
2023-06-01 00:00:00-04:00,1.0199999809265137,1.059999942779541,1.0099999904632568,1.059999942779541,29600,0.0,0.0
2023-06-02 00:00:00-04:00,1.0499999523162842,1.0700000524520874,1.0199999809265137,1.0499999523162842,12400,0.0,0.0
2023-06-05 00:00:00-04:00,1.0299999713897705,1.0989999771118164,1.0299999713897705,1.059000015258789,15100,0.0,0.0
2023-06-06 00:00:00-04:00,1.0499999523162842,1.059999942779541,0.9800000190734863,1.034000039100647,25200,0.0,0.0
2023-06-07 00:00:00-04:00,1.0399999618530273,1.059999942779541,1.0,1.003000020980835,13700,0.0,0.0
2023-06-08 00:00:00-04:00,1.0399999618530273,1.0399999618530273,1.0210000276565552,1.031000018119812,25500,0.0,0.0
2023-06-09 00:00:00-04:00,1.0299999713897705,1.0420000553131104,1.0,1.0099999904632568,9500,0.0,0.0
2023-06-12 00:00:00-04:00,1.0210000276565552,1.0399999618530273,0.9700000286102295,1.024999976158142,41200,0.0,0.0
2023-06-13 00:00:00-04:00,1.059999942779541,1.059999942779541,0.9769999980926514,1.0049999952316284,7000,0.0,0.0
2023-06-14 00:00:00-04:00,1.0099999904632568,1.0199999809265137,0.9700000286102295,1.0049999952316284,15900,0.0,0.0
2023-06-15 00:00:00-04:00,0.9800000190734863,1.0099999904632568,0.949999988079071,0.9900000095367432,28400,0.0,0.0
2023-06-16 00:00:00-04:00,0.9990000128746033,1.0099999904632568,0.9100000262260437,0.9900000095367432,136000,0.0,0.0
2023-06-20 00:00:00-04:00,0.9800000190734863,0.9819999933242798,0.9350000023841858,0.949999988079071,22200,0.0,0.0
2023-06-21 00:00:00-04:00,0.9399999976158142,0.9399999976158142,0.9160000085830688,0.9300000071525574,24800,0.0,0.0
2023-06-22 00:00:00-04:00,0.9300000071525574,0.9300000071525574,0.8799999952316284,0.9229999780654907,36400,0.0,0.0
2023-06-23 00:00:00-04:00,0.9300000071525574,0.9300000071525574,0.8700000047683716,0.8700000047683716,46600,0.0,0.0
2023-06-26 00:00:00-04:00,0.8700000047683716,0.925000011920929,0.8700000047683716,0.8730000257492065,11300,0.0,0.0
2023-06-27 00:00:00-04:00,0.8769999742507935,0.9039999842643738,0.8500000238418579,0.9039999842643738,29400,0.0,0.0
2023-06-28 00:00:00-04:00,0.8889999985694885,0.8999999761581421,0.8600000143051147,0.8799999952316284,26900,0.0,0.0
2023-06-29 00:00:00-04:00,0.8799999952316284,0.8899999856948853,0.8799999952316284,0.8799999952316284,9300,0.0,0.0
2023-06-30 00:00:00-04:00,0.8799999952316284,0.890999972820282,0.8500000238418579,0.890999972820282,23600,0.0,0.0
2023-07-03 00:00:00-04:00,0.8999999761581421,0.8999999761581421,0.8370000123977661,0.8600000143051147,14800,0.0,0.0
2023-07-05 00:00:00-04:00,0.8700000047683716,0.8999999761581421,0.8700000047683716,0.8889999985694885,27900,0.0,0.0
2023-07-06 00:00:00-04:00,0.8700000047683716,0.8849999904632568,0.8600000143051147,0.8700000047683716,29800,0.0,0.0
2023-07-07 00:00:00-04:00,0.8960000276565552,0.8960000276565552,0.8500000238418579,0.8600000143051147,13200,0.0,0.0
2023-07-10 00:00:00-04:00,0.8899999856948853,0.9300000071525574,0.8610000014305115,0.9300000071525574,49600,0.0,0.0
2023-07-11 00:00:00-04:00,0.8980000019073486,0.9179999828338623,0.8980000019073486,0.9179999828338623,11300,0.0,0.0
2023-07-12 00:00:00-04:00,0.9300000071525574,0.9399999976158142,0.8960000276565552,0.9200000166893005,23900,0.0,0.0
2023-07-13 00:00:00-04:00,0.9399999976158142,0.9700000286102295,0.9100000262260437,0.9300000071525574,23500,0.0,0.0
2023-07-14 00:00:00-04:00,0.9100000262260437,0.9200000166893005,0.875,0.9200000166893005,12100,0.0,0.0
2023-07-17 00:00:00-04:00,0.9200000166893005,0.9200000166893005,0.8899999856948853,0.8899999856948853,11800,0.0,0.0
2023-07-18 00:00:00-04:00,0.8989999890327454,0.9300000071525574,0.8949999809265137,0.925000011920929,23300,0.0,0.0
2023-07-19 00:00:00-04:00,0.9150000214576721,0.949999988079071,0.9150000214576721,0.9440000057220459,8300,0.0,0.0
2023-07-20 00:00:00-04:00,0.9599999785423279,0.9599999785423279,0.9100000262260437,0.9399999976158142,10600,0.0,0.0
2023-07-21 00:00:00-04:00,0.9399999976158142,0.9399999976158142,0.9100000262260437,0.9100000262260437,5300,0.0,0.0
2023-07-24 00:00:00-04:00,0.9190000295639038,0.9190000295639038,0.8799999952316284,0.8849999904632568,25900,0.0,0.0
2023-07-25 00:00:00-04:00,0.8840000033378601,0.8849999904632568,0.8600000143051147,0.8659999966621399,13400,0.0,0.0
2023-07-26 00:00:00-04:00,0.8659999966621399,0.8999999761581421,0.8500000238418579,0.8679999709129333,13200,0.0,0.0
2023-07-27 00:00:00-04:00,0.8679999709129333,0.8679999709129333,0.8500000238418579,0.8679999709129333,3300,0.0,0.0
2023-07-28 00:00:00-04:00,0.8550000190734863,0.8799999952316284,0.8550000190734863,0.8799999952316284,8100,0.0,0.0
2023-07-31 00:00:00-04:00,0.8799999952316284,0.8799999952316284,0.8399999737739563,0.8759999871253967,65400,0.0,0.0
2023-08-01 00:00:00-04:00,0.8700000047683716,0.8799999952316284,0.8569999933242798,0.8799999952316284,8100,0.0,0.0
2023-08-02 00:00:00-04:00,0.8799999952316284,0.8799999952316284,0.8500000238418579,0.878000020980835,5400,0.0,0.0
2023-08-03 00:00:00-04:00,0.8500000238418579,0.8799999952316284,0.8500000238418579,0.8500000238418579,11300,0.0,0.0
2023-08-04 00:00:00-04:00,0.8500000238418579,0.8799999952316284,0.8500000238418579,0.8700000047683716,4200,0.0,0.0
2023-08-07 00:00:00-04:00,0.8510000109672546,0.8700000047683716,0.8299999833106995,0.8309999704360962,24700,0.0,0.0
2023-08-08 00:00:00-04:00,0.8299999833106995,0.8500000238418579,0.8100000023841858,0.8109999895095825,26200,0.0,0.0
2023-08-09 00:00:00-04:00,0.8399999737739563,0.8399999737739563,0.8130000233650208,0.8299999833106995,1800,0.0,0.0
2023-08-10 00:00:00-04:00,0.8209999799728394,0.8500000238418579,0.8209999799728394,0.8489999771118164,3400,0.0,0.0
2023-08-11 00:00:00-04:00,0.8209999799728394,0.8489999771118164,0.800000011920929,0.8209999799728394,45800,0.0,0.0
2023-08-14 00:00:00-04:00,0.8109999895095825,0.8109999895095825,0.7749999761581421,0.796999990940094,20200,0.0,0.0
2023-08-15 00:00:00-04:00,0.7699999809265137,0.8149999976158142,0.7699999809265137,0.8149999976158142,14900,0.0,0.0
2023-08-16 00:00:00-04:00,0.7929999828338623,0.800000011920929,0.7900000214576721,0.7910000085830688,2000,0.0,0.0
2023-08-17 00:00:00-04:00,0.7900000214576721,0.7900000214576721,0.7699999809265137,0.7699999809265137,11800,0.0,0.0
2023-08-18 00:00:00-04:00,0.7699999809265137,0.7900000214576721,0.7149999737739563,0.7860000133514404,80300,0.0,0.0
2023-08-21 00:00:00-04:00,0.7940000295639038,0.8399999737739563,0.7699999809265137,0.8199999928474426,22100,0.0,0.0
2023-08-22 00:00:00-04:00,0.8100000023841858,0.8500000238418579,0.7799999713897705,0.828000009059906,9700,0.0,0.0
2023-08-23 00:00:00-04:00,0.7889999747276306,0.8500000238418579,0.7879999876022339,0.8500000238418579,16700,0.0,0.0
2023-08-24 00:00:00-04:00,0.8500000238418579,0.8500000238418579,0.800000011920929,0.8100000023841858,4500,0.0,0.0
2023-08-25 00:00:00-04:00,0.8600000143051147,0.8600000143051147,0.800000011920929,0.824999988079071,2500,0.0,0.0
2023-08-28 00:00:00-04:00,0.8009999990463257,0.8500000238418579,0.800000011920929,0.8500000238418579,20900,0.0,0.0
2023-08-29 00:00:00-04:00,0.8289999961853027,0.8420000076293945,0.800000011920929,0.8090000152587891,17400,0.0,0.0
2023-08-30 00:00:00-04:00,0.8109999895095825,0.8399999737739563,0.8100000023841858,0.8100000023841858,7500,0.0,0.0
2023-08-31 00:00:00-04:00,0.8399999737739563,0.8399999737739563,0.8100000023841858,0.8299999833106995,19200,0.0,0.0
2023-09-01 00:00:00-04:00,0.8399999737739563,0.8500000238418579,0.800000011920929,0.8199999928474426,23300,0.0,0.0
2023-09-05 00:00:00-04:00,0.8500000238418579,0.8500000238418579,0.8299999833106995,0.8460000157356262,1700,0.0,0.0
2023-09-06 00:00:00-04:00,0.8500000238418579,0.8500000238418579,0.800000011920929,0.8100000023841858,5000,0.0,0.0
2023-09-07 00:00:00-04:00,0.8399999737739563,0.8500000238418579,0.8199999928474426,0.8199999928474426,5700,0.0,0.0
2023-09-08 00:00:00-04:00,0.8199999928474426,0.8399999737739563,0.8199999928474426,0.8399999737739563,4400,0.0,0.0
2023-09-11 00:00:00-04:00,0.8009999990463257,0.8399999737739563,0.800000011920929,0.8309999704360962,9000,0.0,0.0
2023-09-12 00:00:00-04:00,0.8100000023841858,0.8500000238418579,0.8100000023841858,0.8500000238418579,8200,0.0,0.0
2023-09-13 00:00:00-04:00,0.8399999737739563,0.8399999737739563,0.8130000233650208,0.8209999799728394,1900,0.0,0.0
2023-09-14 00:00:00-04:00,0.8209999799728394,0.8500000238418579,0.8040000200271606,0.8399999737739563,20100,0.0,0.0
2023-09-15 00:00:00-04:00,0.8109999895095825,0.8399999737739563,0.8100000023841858,0.8399999737739563,5800,0.0,0.0
2023-09-18 00:00:00-04:00,0.800000011920929,0.8500000238418579,0.800000011920929,0.8199999928474426,4300,0.0,0.0
2023-09-19 00:00:00-04:00,0.8299999833106995,0.8399999737739563,0.800000011920929,0.8069999814033508,4600,0.0,0.0
2023-09-20 00:00:00-04:00,0.8100000023841858,0.8299999833106995,0.7799999713897705,0.8190000057220459,28700,0.0,0.0
2023-09-21 00:00:00-04:00,0.7900000214576721,0.8220000267028809,0.7799999713897705,0.7919999957084656,8700,0.0,0.0
2023-09-22 00:00:00-04:00,0.8100000023841858,0.8100000023841858,0.7900000214576721,0.7940000295639038,5900,0.0,0.0
2023-09-25 00:00:00-04:00,0.7900000214576721,0.8299999833106995,0.75,0.7910000085830688,20300,0.0,0.0
2023-09-26 00:00:00-04:00,0.75,0.75,0.7210000157356262,0.7400000095367432,42800,0.0,0.0
2023-09-27 00:00:00-04:00,0.7540000081062317,0.7749999761581421,0.75,0.75,4900,0.0,0.0
2023-09-28 00:00:00-04:00,0.75,0.800000011920929,0.7400000095367432,0.7400000095367432,6100,0.0,0.0
2023-09-29 00:00:00-04:00,0.75,0.7900000214576721,0.7490000128746033,0.7490000128746033,25800,0.0,0.0
2023-10-02 00:00:00-04:00,0.7459999918937683,0.7749999761581421,0.7459999918937683,0.7670000195503235,11800,0.0,0.0
2023-10-03 00:00:00-04:00,0.75,0.75,0.7260000109672546,0.7260000109672546,12100,0.0,0.0
2023-10-04 00:00:00-04:00,0.7300000190734863,0.7300000190734863,0.5400000214576721,0.6899999976158142,59800,0.0,0.0
2023-10-05 00:00:00-04:00,0.7400000095367432,0.7400000095367432,0.699999988079071,0.699999988079071,6000,0.0,0.0
2023-10-06 00:00:00-04:00,0.75,0.75,0.699999988079071,0.7400000095367432,5300,0.0,0.0
2023-10-09 00:00:00-04:00,0.6600000262260437,0.7129999995231628,0.6600000262260437,0.7110000252723694,9600,0.0,0.0
2023-10-10 00:00:00-04:00,0.7110000252723694,0.7369999885559082,0.699999988079071,0.7369999885559082,6300,0.0,0.0
2023-10-11 00:00:00-04:00,0.7300000190734863,0.7599999904632568,0.7020000219345093,0.7400000095367432,30300,0.0,0.0
2023-10-12 00:00:00-04:00,0.7400000095367432,0.7699999809265137,0.7400000095367432,0.7699999809265137,300,0.0,0.0
2023-10-13 00:00:00-04:00,0.7599999904632568,0.7799999713897705,0.7300000190734863,0.7549999952316284,10300,0.0,0.0
2023-10-16 00:00:00-04:00,0.7699999809265137,0.7799999713897705,0.6690000295639038,0.7799999713897705,3400,0.0,0.0
2023-10-17 00:00:00-04:00,0.7789999842643738,0.7789999842643738,0.699999988079071,0.7580000162124634,1400,0.0,0.0
2023-10-18 00:00:00-04:00,0.7580000162124634,0.7580000162124634,0.6919999718666077,0.7099999785423279,5900,0.0,0.0
2023-10-19 00:00:00-04:00,0.7099999785423279,0.7369999885559082,0.7099999785423279,0.7369999885559082,11700,0.0,0.0
2023-10-20 00:00:00-04:00,0.7580000162124634,0.7699999809265137,0.7099999785423279,0.753000020980835,64300,0.0,0.0
2023-10-23 00:00:00-04:00,0.7699999809265137,0.7699999809265137,0.703000009059906,0.7110000252723694,3700,0.0,0.0
2023-10-24 00:00:00-04:00,0.7099999785423279,0.734000027179718,0.699999988079071,0.7300000190734863,11400,0.0,0.0
2023-10-25 00:00:00-04:00,0.7590000033378601,0.7799999713897705,0.7110000252723694,0.7160000205039978,11500,0.0,0.0
2023-10-26 00:00:00-04:00,0.7059999704360962,0.765999972820282,0.6800000071525574,0.7099999785423279,6700,0.0,0.0
2023-10-27 00:00:00-04:00,0.7269999980926514,0.8500000238418579,0.6899999976158142,0.7599999904632568,68000,0.0,0.0
2023-10-30 00:00:00-04:00,0.8199999928474426,0.8199999928474426,0.6800000071525574,0.7200000286102295,40500,0.0,0.0
2023-10-31 00:00:00-04:00,0.6840000152587891,0.7200000286102295,0.6299999952316284,0.7099999785423279,26100,0.0,0.0
2023-11-01 00:00:00-04:00,0.6700000166893005,0.7049999833106995,0.6700000166893005,0.699999988079071,6400,0.0,0.0
2023-11-02 00:00:00-04:00,0.6850000023841858,0.7099999785423279,0.6669999957084656,0.699999988079071,11300,0.0,0.0
2023-11-03 00:00:00-04:00,0.671999990940094,0.7200000286102295,0.671999990940094,0.7200000286102295,6400,0.0,0.0
2023-11-06 00:00:00-05:00,0.7099999785423279,0.7120000123977661,0.6899999976158142,0.6899999976158142,16800,0.0,0.0
2023-11-07 00:00:00-05:00,0.6700000166893005,0.699999988079071,0.6700000166893005,0.699999988079071,2200,0.0,0.0
2023-11-08 00:00:00-05:00,0.6809999942779541,0.6809999942779541,0.6499999761581421,0.6600000262260437,21500,0.0,0.0
2023-11-09 00:00:00-05:00,0.6800000071525574,0.699999988079071,0.6600000262260437,0.6600000262260437,1900,0.0,0.0
2023-11-10 00:00:00-05:00,0.699999988079071,0.699999988079071,0.6330000162124634,0.6399999856948853,13200,0.0,0.0
2023-11-13 00:00:00-05:00,0.6880000233650208,0.7200000286102295,0.6600000262260437,0.6600000262260437,7100,0.0,0.0
2023-11-14 00:00:00-05:00,0.6600000262260437,0.7200000286102295,0.6600000262260437,0.6600000262260437,6500,0.0,0.0
2023-11-15 00:00:00-05:00,0.6650000214576721,0.7120000123977661,0.6399999856948853,0.699999988079071,16800,0.0,0.0
2023-11-16 00:00:00-05:00,0.7200000286102295,0.7200000286102295,0.6800000071525574,0.7099999785423279,6700,0.0,0.0
2023-11-17 00:00:00-05:00,0.7200000286102295,0.7200000286102295,0.6840000152587891,0.7089999914169312,6600,0.0,0.0
2023-11-20 00:00:00-05:00,0.6800000071525574,0.75,0.6800000071525574,0.7300000190734863,43300,0.0,0.0
2023-11-21 00:00:00-05:00,0.75,0.7900000214576721,0.7300000190734863,0.7300000190734863,27200,0.0,0.0
2023-11-22 00:00:00-05:00,0.7689999938011169,0.7699999809265137,0.7080000042915344,0.718999981880188,13100,0.0,0.0
2023-11-24 00:00:00-05:00,0.8299999833106995,0.8299999833106995,0.7200000286102295,0.7699999809265137,26100,0.0,0.0
2023-11-27 00:00:00-05:00,0.7459999918937683,0.7900000214576721,0.718999981880188,0.7699999809265137,9100,0.0,0.0
2023-11-28 00:00:00-05:00,0.7570000290870667,0.8399999737739563,0.7570000290870667,0.8289999961853027,21600,0.0,0.0
2023-11-29 00:00:00-05:00,0.8389999866485596,0.8399999737739563,0.75,0.7799999713897705,16700,0.0,0.0
2023-11-30 00:00:00-05:00,0.8109999895095825,0.8109999895095825,0.7630000114440918,0.8100000023841858,4400,0.0,0.0
2023-12-01 00:00:00-05:00,0.8100000023841858,0.8399999737739563,0.7799999713897705,0.8299999833106995,40000,0.0,0.0
2023-12-04 00:00:00-05:00,0.8399999737739563,0.8600000143051147,0.7850000262260437,0.8299999833106995,42200,0.0,0.0
2023-12-05 00:00:00-05:00,0.8399999737739563,0.8600000143051147,0.781000018119812,0.781000018119812,26400,0.0,0.0
2023-12-06 00:00:00-05:00,0.7979999780654907,0.8460000157356262,0.7699999809265137,0.7799999713897705,15900,0.0,0.0
2023-12-07 00:00:00-05:00,0.8399999737739563,0.8399999737739563,0.7799999713897705,0.8299999833106995,4300,0.0,0.0
2023-12-08 00:00:00-05:00,0.8270000219345093,0.8270000219345093,0.7799999713897705,0.7820000052452087,5500,0.0,0.0
2023-12-11 00:00:00-05:00,0.7300000190734863,0.800000011920929,0.7129999995231628,0.800000011920929,11900,0.0,0.0
2023-12-12 00:00:00-05:00,0.7599999904632568,0.7799999713897705,0.7099999785423279,0.7379999756813049,11400,0.0,0.0
2023-12-13 00:00:00-05:00,0.7260000109672546,0.7379999756813049,0.7260000109672546,0.7369999885559082,2900,0.0,0.0
2023-12-14 00:00:00-05:00,0.7379999756813049,0.7699999809265137,0.7300000190734863,0.7300000190734863,3900,0.0,0.0
2023-12-15 00:00:00-05:00,0.699999988079071,0.7760000228881836,0.6499999761581421,0.699999988079071,17000,0.0,0.0
2023-12-18 00:00:00-05:00,0.6909999847412109,0.699999988079071,0.6899999976158142,0.699999988079071,8100,0.0,0.0
2023-12-19 00:00:00-05:00,0.7300000190734863,0.7300000190734863,0.6600000262260437,0.7120000123977661,9800,0.0,0.0
2023-12-20 00:00:00-05:00,0.7200000286102295,0.7200000286102295,0.675000011920929,0.699999988079071,11100,0.0,0.0
2023-12-21 00:00:00-05:00,0.6809999942779541,0.7200000286102295,0.675000011920929,0.6880000233650208,10900,0.0,0.0
2023-12-22 00:00:00-05:00,0.7300000190734863,0.7300000190734863,0.6850000023841858,0.6850000023841858,19900,0.0,0.0
2023-12-26 00:00:00-05:00,0.6700000166893005,0.7289999723434448,0.6700000166893005,0.699999988079071,4500,0.0,0.0
2023-12-27 00:00:00-05:00,0.7350000143051147,0.75,0.675000011920929,0.7020000219345093,31500,0.0,0.0
2023-12-28 00:00:00-05:00,0.699999988079071,0.7400000095367432,0.699999988079071,0.699999988079071,14600,0.0,0.0
2023-12-29 00:00:00-05:00,0.75,0.75,0.6899999976158142,0.7400000095367432,16200,0.0,0.0
2024-01-02 00:00:00-05:00,0.7400000095367432,0.7400000095367432,0.6600000262260437,0.7049999833106995,21600,0.0,0.0
2024-01-03 00:00:00-05:00,0.7390000224113464,0.7390000224113464,0.6980000138282776,0.699999988079071,8100,0.0,0.0
2024-01-04 00:00:00-05:00,0.6940000057220459,0.699999988079071,0.6600000262260437,0.6830000281333923,5000,0.0,0.0
2024-01-05 00:00:00-05:00,0.6830000281333923,0.7400000095367432,0.675000011920929,0.6899999976158142,5200,0.0,0.0
2024-01-08 00:00:00-05:00,0.7400000095367432,0.7400000095367432,0.6800000071525574,0.6899999976158142,3400,0.0,0.0
2024-01-09 00:00:00-05:00,0.7080000042915344,0.7400000095367432,0.6899999976158142,0.7009999752044678,6100,0.0,0.0
2024-01-10 00:00:00-05:00,0.7300000190734863,0.7400000095367432,0.6899999976158142,0.6899999976158142,9500,0.0,0.0
2024-01-11 00:00:00-05:00,0.7200000286102295,0.7200000286102295,0.6499999761581421,0.6809999942779541,21700,0.0,0.0
2024-01-12 00:00:00-05:00,0.7300000190734863,0.7300000190734863,0.6600000262260437,0.6600000262260437,11700,0.0,0.0
2024-01-16 00:00:00-05:00,0.6650000214576721,0.6779999732971191,0.6650000214576721,0.6650000214576721,4700,0.0,0.0
2024-01-17 00:00:00-05:00,0.6549999713897705,0.6890000104904175,0.6549999713897705,0.6549999713897705,5900,0.0,0.0
2024-01-18 00:00:00-05:00,0.7200000286102295,0.7200000286102295,0.6600000262260437,0.6600000262260437,3600,0.0,0.0
2024-01-19 00:00:00-05:00,0.6700000166893005,0.6729999780654907,0.6349999904632568,0.6729999780654907,21700,0.0,0.0
2024-01-22 00:00:00-05:00,0.6690000295639038,0.6869999766349792,0.6499999761581421,0.6520000100135803,13600,0.0,0.0
2024-01-23 00:00:00-05:00,0.6549999713897705,0.6600000262260437,0.6549999713897705,0.6600000262260437,13500,0.0,0.0
2024-01-24 00:00:00-05:00,0.6620000004768372,0.6669999957084656,0.6299999952316284,0.6299999952316284,16600,0.0,0.0
2024-01-25 00:00:00-05:00,0.6299999952316284,0.6700000166893005,0.6299999952316284,0.6499999761581421,13700,0.0,0.0
2024-01-26 00:00:00-05:00,0.6549999713897705,0.6800000071525574,0.6549999713897705,0.6549999713897705,3600,0.0,0.0
2024-01-29 00:00:00-05:00,0.6740000247955322,0.7009999752044678,0.6600000262260437,0.6600000262260437,7200,0.0,0.0
2024-01-30 00:00:00-05:00,0.6650000214576721,0.7400000095367432,0.6650000214576721,0.7400000095367432,33300,0.0,0.0
2024-01-31 00:00:00-05:00,0.7400000095367432,0.7400000095367432,0.699999988079071,0.7149999737739563,11800,0.0,0.0
2024-02-01 00:00:00-05:00,0.7400000095367432,0.7400000095367432,0.6880000233650208,0.7070000171661377,9200,0.0,0.0
2024-02-02 00:00:00-05:00,0.7400000095367432,0.7400000095367432,0.7149999737739563,0.7200000286102295,14600,0.0,0.0
2024-02-05 00:00:00-05:00,0.7450000047683716,0.7490000128746033,0.7200000286102295,0.7200000286102295,11100,0.0,0.0
2024-02-06 00:00:00-05:00,0.6499999761581421,0.7200000286102295,0.6230000257492065,0.6830000281333923,25200,0.0,0.0
2024-02-07 00:00:00-05:00,0.7170000076293945,0.7170000076293945,0.6200000047683716,0.6299999952316284,30700,0.0,0.0
2024-02-08 00:00:00-05:00,0.75,0.9900000095367432,0.7200000286102295,0.8199999928474426,223700,0.0,0.0
2024-02-09 00:00:00-05:00,0.8999999761581421,0.9599999785423279,0.800000011920929,0.8399999737739563,126600,0.0,0.0
2024-02-12 00:00:00-05:00,0.9330000281333923,0.9700000286102295,0.9330000281333923,0.9589999914169312,138800,0.0,0.0
2024-02-13 00:00:00-05:00,0.9900000095367432,0.9900000095367432,0.8500000238418579,0.8999999761581421,124300,0.0,0.0
2024-02-14 00:00:00-05:00,0.9399999976158142,0.949999988079071,0.8610000014305115,0.9200000166893005,19800,0.0,0.0
2024-02-15 00:00:00-05:00,0.9599999785423279,0.9700000286102295,0.8610000014305115,0.8799999952316284,26800,0.0,0.0
2024-02-16 00:00:00-05:00,0.8610000014305115,0.949999988079071,0.8610000014305115,0.9350000023841858,49700,0.0,0.0
2024-02-20 00:00:00-05:00,0.9599999785423279,0.9599999785423279,0.8610000014305115,0.8679999709129333,42900,0.0,0.0
2024-02-21 00:00:00-05:00,0.8899999856948853,0.9179999828338623,0.8700000047683716,0.8999999761581421,19800,0.0,0.0
2024-02-22 00:00:00-05:00,0.9200000166893005,0.9200000166893005,0.8610000014305115,0.8669999837875366,17100,0.0,0.0
2024-02-23 00:00:00-05:00,0.8889999985694885,0.9229999780654907,0.875,0.8999999761581421,45800,0.0,0.0
2024-02-26 00:00:00-05:00,0.9100000262260437,0.9100000262260437,0.8610000014305115,0.8610000014305115,56700,0.0,0.0
2024-02-27 00:00:00-05:00,0.8899999856948853,0.890999972820282,0.800000011920929,0.8199999928474426,24800,0.0,0.0
2024-02-28 00:00:00-05:00,0.8299999833106995,0.8799999952316284,0.800000011920929,0.800000011920929,15300,0.0,0.0
2024-02-29 00:00:00-05:00,0.8199999928474426,0.8820000290870667,0.8100000023841858,0.8500000238418579,40400,0.0,0.0
2024-03-01 00:00:00-05:00,0.8799999952316284,0.9340000152587891,0.8069999814033508,0.8999999761581421,101500,0.0,0.0
2024-03-04 00:00:00-05:00,0.9300000071525574,0.9399999976158142,0.8899999856948853,0.8999999761581421,54800,0.0,0.0
2024-03-05 00:00:00-05:00,0.949999988079071,0.949999988079071,0.9139999747276306,0.9369999766349792,71400,0.0,0.0
2024-03-06 00:00:00-05:00,0.9599999785423279,1.100000023841858,0.9409999847412109,1.0950000286102295,140300,0.0,0.0
2024-03-07 00:00:00-05:00,1.100000023841858,1.25,1.100000023841858,1.190000057220459,162400,0.0,0.0
2024-03-08 00:00:00-05:00,1.2300000190734863,1.25,1.0700000524520874,1.159999966621399,46900,0.0,0.0
2024-03-11 00:00:00-04:00,1.159999966621399,1.2309999465942383,1.1299999952316284,1.1799999475479126,39900,0.0,0.0
2024-03-12 00:00:00-04:00,1.2200000286102295,1.2200000286102295,1.159999966621399,1.159999966621399,48000,0.0,0.0
2024-03-13 00:00:00-04:00,1.190000057220459,1.350000023841858,1.1299999952316284,1.2699999809265137,221100,0.0,0.0
2024-03-14 00:00:00-04:00,1.2899999618530273,1.3899999856948853,1.2899999618530273,1.350000023841858,202100,0.0,0.0
2024-03-15 00:00:00-04:00,1.3899999856948853,1.659999966621399,1.2699999809265137,1.3200000524520874,399800,0.0,0.0
2024-03-18 00:00:00-04:00,1.4500000476837158,1.6299999952316284,1.3200000524520874,1.4600000381469727,311600,0.0,0.0
2024-03-19 00:00:00-04:00,1.5199999809265137,1.5700000524520874,1.440000057220459,1.5,150400,0.0,0.0
2024-03-20 00:00:00-04:00,1.5099999904632568,1.5190000534057617,1.2200000286102295,1.3300000429153442,179200,0.0,0.0
2024-03-21 00:00:00-04:00,1.2799999713897705,1.2899999618530273,1.0399999618530273,1.100000023841858,173400,0.0,0.0
2024-03-22 00:00:00-04:00,1.1200000047683716,1.4299999475479126,1.1200000047683716,1.340000033378601,181500,0.0,0.0
2024-03-25 00:00:00-04:00,1.340000033378601,1.399999976158142,1.190000057220459,1.2100000381469727,131800,0.0,0.0
2024-03-26 00:00:00-04:00,1.2100000381469727,1.2999999523162842,1.1100000143051147,1.2200000286102295,132800,0.0,0.0
2024-03-27 00:00:00-04:00,1.2100000381469727,1.2300000190734863,1.1610000133514404,1.1799999475479126,19600,0.0,0.0
2024-03-28 00:00:00-04:00,1.149999976158142,1.2100000381469727,1.1399999856948853,1.2100000381469727,38200,0.0,0.0
2024-04-01 00:00:00-04:00,1.2100000381469727,1.4500000476837158,1.1699999570846558,1.399999976158142,255200,0.0,0.0
2024-04-02 00:00:00-04:00,1.4299999475479126,1.5,1.190000057220459,1.3200000524520874,305700,0.0,0.0
2024-04-03 00:00:00-04:00,1.399999976158142,1.4299999475479126,1.309999942779541,1.399999976158142,162400,0.0,0.0
2024-04-04 00:00:00-04:00,1.3799999952316284,1.399999976158142,1.3200000524520874,1.3550000190734863,113600,0.0,0.0
2024-04-05 00:00:00-04:00,1.3700000047683716,1.399999976158142,1.2200000286102295,1.2899999618530273,241200,0.0,0.0
2024-04-08 00:00:00-04:00,1.309999942779541,1.3300000429153442,1.2300000190734863,1.2999999523162842,64800,0.0,0.0
2024-04-09 00:00:00-04:00,1.309999942779541,1.350000023841858,1.2300000190734863,1.3200000524520874,147300,0.0,0.0
2024-04-10 00:00:00-04:00,1.2699999809265137,1.2699999809265137,1.125,1.2100000381469727,195900,0.0,0.0
2024-04-11 00:00:00-04:00,1.2000000476837158,1.2599999904632568,1.100000023841858,1.100000023841858,216300,0.0,0.0
2024-04-12 00:00:00-04:00,1.1100000143051147,1.3600000143051147,1.1100000143051147,1.149999976158142,312900,0.0,0.0
2024-04-15 00:00:00-04:00,1.149999976158142,1.159999966621399,1.0800000429153442,1.1100000143051147,66500,0.0,0.0
2024-04-16 00:00:00-04:00,1.190000057220459,1.2400000095367432,1.1299999952316284,1.2400000095367432,278800,0.0,0.0
2024-04-17 00:00:00-04:00,1.2200000286102295,1.2200000286102295,1.1200000047683716,1.149999976158142,115400,0.0,0.0
2024-04-18 00:00:00-04:00,1.2000000476837158,1.2289999723434448,1.1100000143051147,1.1299999952316284,73800,0.0,0.0
2024-04-19 00:00:00-04:00,1.1100000143051147,1.159999966621399,1.090000033378601,1.1399999856948853,110100,0.0,0.0
2024-04-22 00:00:00-04:00,1.090000033378601,1.1269999742507935,0.9399999976158142,0.9700000286102295,109700,0.0,0.0
2024-04-23 00:00:00-04:00,0.9599999785423279,0.9700000286102295,0.8220000267028809,0.8740000128746033,287300,0.0,0.0
2024-04-24 00:00:00-04:00,0.8730000257492065,0.9200000166893005,0.8399999737739563,0.8799999952316284,186400,0.0,0.0
2024-04-25 00:00:00-04:00,0.8799999952316284,0.9419999718666077,0.8399999737739563,0.9070000052452087,182100,0.0,0.0
2024-04-26 00:00:00-04:00,0.8999999761581421,0.9399999976158142,0.8659999966621399,0.8799999952316284,96200,0.0,0.0
2024-04-29 00:00:00-04:00,0.8700000047683716,0.9300000071525574,0.8700000047683716,0.9200000166893005,47600,0.0,0.0
2024-04-30 00:00:00-04:00,0.9200000166893005,1.0579999685287476,0.8880000114440918,1.0199999809265137,316000,0.0,0.0
2024-05-01 00:00:00-04:00,1.0399999618530273,1.0399999618530273,1.0,1.0099999904632568,56300,0.0,0.0
2024-05-02 00:00:00-04:00,1.0499999523162842,1.0499999523162842,0.9599999785423279,1.0199999809265137,151600,0.0,0.0
2024-05-03 00:00:00-04:00,0.9909999966621399,1.0199999809265137,0.9700000286102295,0.9890000224113464,86700,0.0,0.0
2024-05-06 00:00:00-04:00,0.9800000190734863,1.0,0.949999988079071,0.9850000143051147,48200,0.0,0.0
2024-05-07 00:00:00-04:00,1.0099999904632568,1.0099999904632568,0.9629999995231628,0.984000027179718,17400,0.0,0.0
2024-05-08 00:00:00-04:00,0.9610000252723694,1.0,0.949999988079071,0.9890000224113464,42700,0.0,0.0
2024-05-09 00:00:00-04:00,0.9599999785423279,0.9890000224113464,0.949999988079071,0.9739999771118164,50100,0.0,0.0
2024-05-10 00:00:00-04:00,0.949999988079071,0.9819999933242798,0.9470000267028809,0.9599999785423279,45000,0.0,0.0
2024-05-13 00:00:00-04:00,0.9599999785423279,0.9599999785423279,0.9200000166893005,0.9490000009536743,50800,0.0,0.0
2024-05-14 00:00:00-04:00,0.9309999942779541,0.9599999785423279,0.8999999761581421,0.9490000009536743,59400,0.0,0.0
2024-05-15 00:00:00-04:00,0.9490000009536743,0.9490000009536743,0.8999999761581421,0.9229999780654907,118000,0.0,0.0
2024-05-16 00:00:00-04:00,0.9010000228881836,0.9200000166893005,0.9010000228881836,0.9169999957084656,69300,0.0,0.0
2024-05-17 00:00:00-04:00,0.9100000262260437,1.0,0.9089999794960022,0.9900000095367432,183000,0.0,0.0
2024-05-20 00:00:00-04:00,1.0299999713897705,1.1690000295639038,1.0,1.159999966621399,171700,0.0,0.0
2024-05-21 00:00:00-04:00,1.100000023841858,1.2200000286102295,1.0499999523162842,1.0499999523162842,255000,0.0,0.0
2024-05-22 00:00:00-04:00,1.0700000524520874,1.090000033378601,1.0099999904632568,1.0199999809265137,60500,0.0,0.0
2024-05-23 00:00:00-04:00,1.0199999809265137,1.0199999809265137,0.9800000190734863,1.0,123300,0.0,0.0
2024-05-24 00:00:00-04:00,1.0099999904632568,1.0299999713897705,0.9240000247955322,0.9599999785423279,120900,0.0,0.0
2024-05-28 00:00:00-04:00,0.9300000071525574,0.9589999914169312,0.9200000166893005,0.9390000104904175,107300,0.0,0.0
2024-05-29 00:00:00-04:00,0.9390000104904175,0.9539999961853027,0.9120000004768372,0.9169999957084656,54000,0.0,0.0
2024-05-30 00:00:00-04:00,0.9399999976158142,0.9490000009536743,0.9049999713897705,0.9150000214576721,36900,0.0,0.0
2024-05-31 00:00:00-04:00,0.9300000071525574,0.9319999814033508,0.8899999856948853,0.8980000019073486,83700,0.0,0.0
2024-06-03 00:00:00-04:00,0.9300000071525574,0.9399999976158142,0.9300000071525574,0.9300000071525574,46400,0.0,0.0
2024-06-04 00:00:00-04:00,0.9300000071525574,0.9350000023841858,0.8999999761581421,0.902999997138977,35000,0.0,0.0
2024-06-05 00:00:00-04:00,0.9300000071525574,0.9440000057220459,0.9089999794960022,0.9380000233650208,37200,0.0,0.0
2024-06-06 00:00:00-04:00,0.9300000071525574,0.9409999847412109,0.8659999966621399,0.871999979019165,56500,0.0,0.0
2024-06-07 00:00:00-04:00,0.8700000047683716,0.9290000200271606,0.8610000014305115,0.9100000262260437,46800,0.0,0.0
2024-06-10 00:00:00-04:00,0.9179999828338623,0.9200000166893005,0.8600000143051147,0.8600000143051147,43200,0.0,0.0
2024-06-11 00:00:00-04:00,0.8799999952316284,0.8949999809265137,0.8159999847412109,0.8330000042915344,37900,0.0,0.0
2024-06-12 00:00:00-04:00,0.8420000076293945,0.8420000076293945,0.800000011920929,0.8029999732971191,46100,0.0,0.0
2024-06-13 00:00:00-04:00,0.8169999718666077,0.8199999928474426,0.800000011920929,0.8100000023841858,45600,0.0,0.0
2024-06-14 00:00:00-04:00,0.8199999928474426,0.8539999723434448,0.8050000071525574,0.8529999852180481,13800,0.0,0.0
2024-06-17 00:00:00-04:00,0.8180000185966492,0.8529999852180481,0.7900000214576721,0.7910000085830688,25800,0.0,0.0
2024-06-18 00:00:00-04:00,0.800000011920929,0.8149999976158142,0.7929999828338623,0.8069999814033508,20800,0.0,0.0
2024-06-20 00:00:00-04:00,0.800000011920929,0.8500000238418579,0.7929999828338623,0.8479999899864197,51100,0.0,0.0
2024-06-21 00:00:00-04:00,0.8109999895095825,0.843999981880188,0.8109999895095825,0.8109999895095825,24500,0.0,0.0
2024-06-24 00:00:00-04:00,0.8109999895095825,0.8500000238418579,0.8100000023841858,0.8100000023841858,41100,0.0,0.0
2024-06-25 00:00:00-04:00,0.8500000238418579,0.9900000095367432,0.8399999737739563,0.9150000214576721,284800,0.0,0.0
2024-06-26 00:00:00-04:00,1.0,1.190000057220459,0.9900000095367432,1.149999976158142,1030100,0.0,0.0
2024-06-27 00:00:00-04:00,1.1200000047683716,1.190000057220459,1.0049999952316284,1.0700000524520874,352600,0.0,0.0
2024-06-28 00:00:00-04:00,1.1399999856948853,1.2000000476837158,1.100000023841858,1.2000000476837158,189600,0.0,0.0
2024-07-01 00:00:00-04:00,1.2000000476837158,1.2000000476837158,1.059999942779541,1.1200000047683716,70600,0.0,0.0
2024-07-02 00:00:00-04:00,1.0800000429153442,1.1200000047683716,1.0299999713897705,1.0800000429153442,95800,0.0,0.0
2024-07-03 00:00:00-04:00,1.0700000524520874,1.0729999542236328,1.0099999904632568,1.0700000524520874,50000,0.0,0.0
2024-07-05 00:00:00-04:00,1.0299999713897705,1.0800000429153442,1.0199999809265137,1.0499999523162842,100300,0.0,0.0
2024-07-08 00:00:00-04:00,1.0499999523162842,1.0700000524520874,1.0299999713897705,1.0499999523162842,56100,0.0,0.0
2024-07-09 00:00:00-04:00,1.0199999809265137,1.0700000524520874,1.0099999904632568,1.0299999713897705,32800,0.0,0.0
2024-07-10 00:00:00-04:00,1.0099999904632568,1.0800000429153442,1.0,1.0399999618530273,90900,0.0,0.0
2024-07-11 00:00:00-04:00,1.0499999523162842,1.100000023841858,1.0299999713897705,1.059999942779541,100600,0.0,0.0
2024-07-12 00:00:00-04:00,1.0700000524520874,1.190000057220459,1.0700000524520874,1.1200000047683716,63700,0.0,0.0
2024-07-15 00:00:00-04:00,1.159999966621399,1.1690000295639038,1.1100000143051147,1.149999976158142,24900,0.0,0.0
2024-07-16 00:00:00-04:00,1.1299999952316284,1.1799999475479126,1.1299999952316284,1.1749999523162842,121700,0.0,0.0
2024-07-17 00:00:00-04:00,1.1699999570846558,1.2200000286102295,1.1200000047683716,1.1699999570846558,93200,0.0,0.0
2024-07-18 00:00:00-04:00,1.1399999856948853,1.1799999475479126,1.1299999952316284,1.149999976158142,31300,0.0,0.0
2024-07-19 00:00:00-04:00,1.1299999952316284,1.1799999475479126,1.1200000047683716,1.1200000047683716,18800,0.0,0.0
2024-07-22 00:00:00-04:00,1.100000023841858,1.159999966621399,1.100000023841858,1.1019999980926514,21400,0.0,0.0
2024-07-23 00:00:00-04:00,1.1299999952316284,1.1299999952316284,1.0299999713897705,1.0399999618530273,56900,0.0,0.0
2024-07-24 00:00:00-04:00,1.0299999713897705,1.100000023841858,1.0299999713897705,1.059999942779541,11700,0.0,0.0
2024-07-25 00:00:00-04:00,1.0199999809265137,1.0499999523162842,0.9810000061988831,0.9919999837875366,49900,0.0,0.0
2024-07-26 00:00:00-04:00,1.0099999904632568,1.059999942779541,0.9509999752044678,0.9850000143051147,26500,0.0,0.0
2024-07-29 00:00:00-04:00,1.0,1.0299999713897705,0.9850000143051147,1.0099999904632568,28700,0.0,0.0
2024-07-30 00:00:00-04:00,1.0,1.0,0.949999988079071,0.9599999785423279,37800,0.0,0.0
2024-07-31 00:00:00-04:00,0.9509999752044678,1.0,0.9509999752044678,0.9750000238418579,22800,0.0,0.0
2024-08-01 00:00:00-04:00,0.9869999885559082,1.0299999713897705,0.9800000190734863,1.0,19900,0.0,0.0
2024-08-02 00:00:00-04:00,1.0099999904632568,1.0199999809265137,0.9900000095367432,1.0099999904632568,19200,0.0,0.0
2024-08-05 00:00:00-04:00,0.9800000190734863,1.0099999904632568,0.949999988079071,0.9929999709129333,45100,0.0,0.0
2024-08-06 00:00:00-04:00,0.9900000095367432,1.0199999809265137,0.9599999785423279,0.9900000095367432,16500,0.0,0.0
2024-08-07 00:00:00-04:00,0.9739999771118164,1.0,0.9300000071525574,0.9850000143051147,30300,0.0,0.0
2024-08-08 00:00:00-04:00,0.9750000238418579,1.0,0.9470000267028809,0.9670000076293945,24600,0.0,0.0
2024-08-09 00:00:00-04:00,0.9470000267028809,0.9900000095367432,0.800000011920929,0.8600000143051147,150100,0.0,0.0
2024-08-12 00:00:00-04:00,0.8600000143051147,0.9100000262260437,0.8529999852180481,0.9100000262260437,61300,0.0,0.0
2024-08-13 00:00:00-04:00,1.0,1.0,0.8899999856948853,0.9150000214576721,38200,0.0,0.0
2024-08-14 00:00:00-04:00,0.9620000123977661,0.9900000095367432,0.8460000157356262,0.847000002861023,28800,0.0,0.0
2024-08-15 00:00:00-04:00,0.8399999737739563,0.9300000071525574,0.8399999737739563,0.890999972820282,26500,0.0,0.0
2024-08-16 00:00:00-04:00,0.8740000128746033,0.9850000143051147,0.8740000128746033,0.9419999718666077,38300,0.0,0.0
