Date,Open,High,Low,Close,Volume,Dividends,Stock Splits
2016-03-14 00:00:00-04:00,3.75,3.75,3.4000000953674316,3.509999990463257,42200,0.0,0.0
2016-03-15 00:00:00-04:00,3.690000057220459,3.7799999713897705,3.3499999046325684,3.359999895095825,32000,0.0,0.0
2016-03-16 00:00:00-04:00,3.309999942779541,3.5,3.299999952316284,3.440000057220459,24200,0.0,0.0
2016-03-17 00:00:00-04:00,3.490000009536743,3.5199999809265137,3.4600000381469727,3.509999990463257,11200,0.0,0.0
2016-03-18 00:00:00-04:00,3.5799999237060547,4.210000038146973,3.5,3.799999952316284,92200,0.0,0.0
2016-03-21 00:00:00-04:00,4.090000152587891,4.449999809265137,3.9000000953674316,4.199999809265137,152400,0.0,0.0
2016-03-22 00:00:00-04:00,4.289999961853027,4.320000171661377,3.7799999713897705,4.090000152587891,81500,0.0,0.0
2016-03-23 00:00:00-04:00,4.199999809265137,4.449999809265137,3.819999933242798,4.010000228881836,70500,0.0,0.0
2016-03-24 00:00:00-04:00,4.230000019073486,4.320000171661377,3.9800000190734863,4.25,36800,0.0,0.0
2016-03-28 00:00:00-04:00,4.400000095367432,4.449999809265137,3.9800000190734863,4.130000114440918,69400,0.0,0.0
2016-03-29 00:00:00-04:00,4.150000095367432,4.320000171661377,4.059999942779541,4.320000171661377,18800,0.0,0.0
2016-03-30 00:00:00-04:00,4.449999809265137,4.449999809265137,4.230000019073486,4.400000095367432,43200,0.0,0.0
2016-03-31 00:00:00-04:00,4.400000095367432,4.400000095367432,4.309999942779541,4.309999942779541,11600,0.0,0.0
2016-04-01 00:00:00-04:00,4.349999904632568,4.400000095367432,4.159999847412109,4.400000095367432,20900,0.0,0.0
2016-04-04 00:00:00-04:00,4.400000095367432,4.449999809265137,4.300000190734863,4.429999828338623,13800,0.0,0.0
2016-04-05 00:00:00-04:00,4.380000114440918,4.5,4.28000020980835,4.440000057220459,41300,0.0,0.0
2016-04-06 00:00:00-04:00,4.5,5.199999809265137,4.349999904632568,4.949999809265137,221300,0.0,0.0
2016-04-07 00:00:00-04:00,5.510000228881836,5.510000228881836,4.860000133514404,5.25,60500,0.0,0.0
2016-04-08 00:00:00-04:00,5.449999809265137,5.489999771118164,4.900000095367432,5.21999979019165,65300,0.0,0.0
2016-04-11 00:00:00-04:00,5.230000019073486,5.360000133514404,5.119999885559082,5.300000190734863,21200,0.0,0.0
2016-04-12 00:00:00-04:00,5.349999904632568,5.400000095367432,5.099999904632568,5.230000019073486,31100,0.0,0.0
2016-04-13 00:00:00-04:00,5.400000095367432,5.400000095367432,5.150000095367432,5.199999809265137,4200,0.0,0.0
2016-04-14 00:00:00-04:00,5.25,5.340000152587891,5.199999809265137,5.199999809265137,43300,0.0,0.0
2016-04-15 00:00:00-04:00,5.159999847412109,5.300000190734863,5.159999847412109,5.289999961853027,15500,0.0,0.0
2016-04-18 00:00:00-04:00,5.300000190734863,5.699999809265137,5.300000190734863,5.389999866485596,64800,0.0,0.0
2016-04-19 00:00:00-04:00,5.5,5.699999809265137,5.5,5.690000057220459,37400,0.0,0.0
2016-04-20 00:00:00-04:00,5.630000114440918,5.820000171661377,5.539999961853027,5.539999961853027,23700,0.0,0.0
2016-04-21 00:00:00-04:00,5.739999771118164,5.739999771118164,5.300000190734863,5.489999771118164,55900,0.0,0.0
2016-04-22 00:00:00-04:00,5.400000095367432,5.5,5.400000095367432,5.420000076293945,7200,0.0,0.0
2016-04-25 00:00:00-04:00,5.25,5.690000057220459,5.25,5.679999828338623,12800,0.0,0.0
2016-04-26 00:00:00-04:00,5.679999828338623,5.679999828338623,5.320000171661377,5.449999809265137,11800,0.0,0.0
2016-04-27 00:00:00-04:00,5.420000076293945,5.610000133514404,5.420000076293945,5.5,13200,0.0,0.0
2016-04-28 00:00:00-04:00,5.46999979019165,5.489999771118164,5.300000190734863,5.46999979019165,31900,0.0,0.0
2016-04-29 00:00:00-04:00,5.309999942779541,5.380000114440918,5.179999828338623,5.239999771118164,32400,0.0,0.0
2016-05-02 00:00:00-04:00,5.289999961853027,5.300000190734863,5.150000095367432,5.239999771118164,5700,0.0,0.0
2016-05-03 00:00:00-04:00,5.150000095367432,5.260000228881836,4.599999904632568,5.130000114440918,37400,0.0,0.0
2016-05-04 00:00:00-04:00,5.210000038146973,5.489999771118164,5.179999828338623,5.46999979019165,34900,0.0,0.0
2016-05-05 00:00:00-04:00,5.659999847412109,5.659999847412109,5.21999979019165,5.21999979019165,10200,0.0,0.0
2016-05-06 00:00:00-04:00,5.099999904632568,5.420000076293945,5.059999942779541,5.400000095367432,15000,0.0,0.0
2016-05-09 00:00:00-04:00,5.75,5.900000095367432,5.400000095367432,5.480000019073486,72200,0.0,0.0
2016-05-10 00:00:00-04:00,5.5,5.5,5.139999866485596,5.369999885559082,26200,0.0,0.0
2016-05-11 00:00:00-04:00,5.5,5.5,5.400000095367432,5.420000076293945,20700,0.0,0.0
2016-05-12 00:00:00-04:00,5.199999809265137,5.360000133514404,5.150000095367432,5.150000095367432,18600,0.0,0.0
2016-05-13 00:00:00-04:00,5.25,5.5,5.25,5.46999979019165,19600,0.0,0.0
2016-05-16 00:00:00-04:00,5.489999771118164,5.489999771118164,5.159999847412109,5.260000228881836,10300,0.0,0.0
2016-05-17 00:00:00-04:00,5.190000057220459,5.400000095367432,5.150000095367432,5.230000019073486,8000,0.0,0.0
2016-05-18 00:00:00-04:00,5.230000019073486,5.25,5.03000020980835,5.099999904632568,13800,0.0,0.0
2016-05-19 00:00:00-04:00,5.050000190734863,5.099999904632568,4.849999904632568,5.050000190734863,28700,0.0,0.0
2016-05-20 00:00:00-04:00,5.010000228881836,5.010000228881836,4.889999866485596,4.889999866485596,15400,0.0,0.0
2016-05-23 00:00:00-04:00,4.940000057220459,4.949999809265137,4.75,4.940000057220459,29100,0.0,0.0
2016-05-24 00:00:00-04:00,4.949999809265137,4.989999771118164,4.849999904632568,4.900000095367432,33100,0.0,0.0
2016-05-25 00:00:00-04:00,4.920000076293945,5.050000190734863,4.849999904632568,5.019999980926514,8200,0.0,0.0
2016-05-26 00:00:00-04:00,5.050000190734863,5.190000057220459,4.840000152587891,5.090000152587891,21300,0.0,0.0
2016-05-27 00:00:00-04:00,5.079999923706055,5.300000190734863,4.860000133514404,5.019999980926514,18200,0.0,0.0
2016-05-31 00:00:00-04:00,4.920000076293945,5.210000038146973,4.869999885559082,5.019999980926514,2800,0.0,0.0
2016-06-01 00:00:00-04:00,4.909999847412109,5.019999980926514,4.75,4.809999942779541,3100,0.0,0.0
2016-06-02 00:00:00-04:00,4.75,5.0,4.75,4.949999809265137,10800,0.0,0.0
2016-06-03 00:00:00-04:00,4.989999771118164,4.989999771118164,4.840000152587891,4.940000057220459,2300,0.0,0.0
2016-06-06 00:00:00-04:00,4.960000038146973,4.960000038146973,4.800000190734863,4.889999866485596,1400,0.0,0.0
2016-06-07 00:00:00-04:00,4.880000114440918,5.010000228881836,4.590000152587891,5.0,34400,0.0,0.0
2016-06-08 00:00:00-04:00,4.690000057220459,4.989999771118164,4.670000076293945,4.760000228881836,9700,0.0,0.0
2016-06-09 00:00:00-04:00,4.840000152587891,4.900000095367432,4.829999923706055,4.849999904632568,6800,0.0,0.0
2016-06-10 00:00:00-04:00,4.889999866485596,5.0,4.78000020980835,4.96999979019165,6200,0.0,0.0
2016-06-13 00:00:00-04:00,4.96999979019165,5.380000114440918,4.96999979019165,5.349999904632568,55800,0.0,0.0
2016-06-14 00:00:00-04:00,5.150000095367432,5.329999923706055,5.010000228881836,5.150000095367432,12900,0.0,0.0
2016-06-15 00:00:00-04:00,5.159999847412109,5.449999809265137,5.150000095367432,5.449999809265137,31800,0.0,0.0
2016-06-16 00:00:00-04:00,5.449999809265137,5.5,5.28000020980835,5.400000095367432,25200,0.0,0.0
2016-06-17 00:00:00-04:00,5.400000095367432,5.46999979019165,4.800000190734863,4.800000190734863,31700,0.0,0.0
2016-06-20 00:00:00-04:00,5.429999828338623,5.429999828338623,4.869999885559082,4.900000095367432,15100,0.0,0.0
2016-06-21 00:00:00-04:00,5.03000020980835,5.099999904632568,4.809999942779541,4.820000171661377,9400,0.0,0.0
2016-06-22 00:00:00-04:00,4.800000190734863,4.980000019073486,4.800000190734863,4.900000095367432,2700,0.0,0.0
2016-06-23 00:00:00-04:00,4.909999847412109,4.909999847412109,4.760000228881836,4.789999961853027,17300,0.0,0.0
2016-06-24 00:00:00-04:00,4.329999923706055,4.7820000648498535,4.329999923706055,4.620999813079834,8700,0.0,0.0
2016-06-27 00:00:00-04:00,4.599999904632568,4.690000057220459,4.099999904632568,4.369999885559082,23500,0.0,0.0
2016-06-28 00:00:00-04:00,4.699999809265137,4.699999809265137,4.442999839782715,4.679999828338623,7600,0.0,0.0
2016-06-29 00:00:00-04:00,4.789999961853027,4.789999961853027,4.559000015258789,4.619999885559082,19600,0.0,0.0
2016-06-30 00:00:00-04:00,4.75,5.159999847412109,4.538000106811523,5.150000095367432,23100,0.0,0.0
2016-07-01 00:00:00-04:00,5.199999809265137,5.199999809265137,4.5,4.53000020980835,6700,0.0,0.0
2016-07-05 00:00:00-04:00,4.599999904632568,4.889999866485596,4.599999904632568,4.630000114440918,4900,0.0,0.0
2016-07-06 00:00:00-04:00,4.829999923706055,4.869999885559082,4.659999847412109,4.659999847412109,5100,0.0,0.0
2016-07-07 00:00:00-04:00,4.650000095367432,4.650000095367432,4.551000118255615,4.579999923706055,7400,0.0,0.0
2016-07-08 00:00:00-04:00,4.732999801635742,4.789999961853027,4.619999885559082,4.630000114440918,3100,0.0,0.0
2016-07-11 00:00:00-04:00,4.995999813079834,4.995999813079834,4.619999885559082,4.619999885559082,3700,0.0,0.0
2016-07-12 00:00:00-04:00,4.619999885559082,4.78000020980835,4.550000190734863,4.630000114440918,25000,0.0,0.0
2016-07-13 00:00:00-04:00,4.619999885559082,4.619999885559082,4.300000190734863,4.449999809265137,33000,0.0,0.0
2016-07-14 00:00:00-04:00,4.664999961853027,4.690000057220459,4.269999980926514,4.379000186920166,12800,0.0,0.0
2016-07-15 00:00:00-04:00,4.380000114440918,4.380000114440918,4.177999973297119,4.2170000076293945,3500,0.0,0.0
2016-07-18 00:00:00-04:00,4.159999847412109,4.251999855041504,4.0370001792907715,4.178999900817871,11200,0.0,0.0
2016-07-19 00:00:00-04:00,4.230000019073486,4.698999881744385,4.230000019073486,4.610000133514404,39300,0.0,0.0
2016-07-20 00:00:00-04:00,4.690000057220459,4.699999809265137,4.579999923706055,4.639999866485596,45000,0.0,0.0
2016-07-21 00:00:00-04:00,4.599999904632568,4.690000057220459,4.599999904632568,4.618000030517578,24400,0.0,0.0
2016-07-22 00:00:00-04:00,4.599999904632568,4.696000099182129,4.579999923706055,4.630000114440918,6600,0.0,0.0
2016-07-25 00:00:00-04:00,4.579999923706055,4.579999923706055,4.260000228881836,4.5,27500,0.0,0.0
2016-07-26 00:00:00-04:00,4.519999980926514,4.539999961853027,4.396999835968018,4.497000217437744,9400,0.0,0.0
2016-07-27 00:00:00-04:00,4.429999828338623,4.589000225067139,4.380000114440918,4.460000038146973,14400,0.0,0.0
2016-07-28 00:00:00-04:00,4.5,4.689000129699707,4.28000020980835,4.400000095367432,17600,0.0,0.0
2016-07-29 00:00:00-04:00,4.389999866485596,4.446000099182129,4.25,4.349999904632568,15600,0.0,0.0
2016-08-01 00:00:00-04:00,4.519999980926514,4.829999923706055,4.099999904632568,4.179999828338623,60900,0.0,0.0
2016-08-02 00:00:00-04:00,4.090000152587891,4.260000228881836,4.090000152587891,4.178999900817871,3900,0.0,0.0
2016-08-03 00:00:00-04:00,4.099999904632568,4.099999904632568,3.8499999046325684,4.090000152587891,21800,0.0,0.0
2016-08-04 00:00:00-04:00,4.050000190734863,4.139999866485596,3.871000051498413,3.930000066757202,19100,0.0,0.0
2016-08-05 00:00:00-04:00,3.880000114440918,4.130000114440918,3.880000114440918,3.940000057220459,8200,0.0,0.0
2016-08-08 00:00:00-04:00,4.300000190734863,4.300000190734863,4.0,4.010000228881836,8900,0.0,0.0
2016-08-09 00:00:00-04:00,4.454999923706055,4.454999923706055,3.799999952316284,3.940000057220459,43900,0.0,0.0
2016-08-10 00:00:00-04:00,3.8499999046325684,4.077000141143799,3.8499999046325684,3.9700000286102295,8100,0.0,0.0
2016-08-11 00:00:00-04:00,4.150000095367432,4.179999828338623,3.890000104904175,3.9670000076293945,11200,0.0,0.0
2016-08-12 00:00:00-04:00,3.809999942779541,4.010000228881836,3.809999942779541,3.859999895095825,19200,0.0,0.0
2016-08-15 00:00:00-04:00,4.123000144958496,4.142000198364258,3.180000066757202,3.75,73900,0.0,0.0
2016-08-16 00:00:00-04:00,3.700000047683716,3.7100000381469727,3.430000066757202,3.490000009536743,42500,0.0,0.0
2016-08-17 00:00:00-04:00,3.390000104904175,3.7799999713897705,3.359999895095825,3.6500000953674316,45900,0.0,0.0
2016-08-18 00:00:00-04:00,3.75,3.75,3.5959999561309814,3.690000057220459,4200,0.0,0.0
2016-08-19 00:00:00-04:00,3.5169999599456787,3.569999933242798,3.0799999237060547,3.450000047683716,28200,0.0,0.0
2016-08-22 00:00:00-04:00,3.180000066757202,3.4200000762939453,3.1540000438690186,3.299999952316284,39700,0.0,0.0
2016-08-23 00:00:00-04:00,3.2699999809265137,3.3989999294281006,3.25,3.380000114440918,12700,0.0,0.0
2016-08-24 00:00:00-04:00,3.190000057220459,3.25,3.0299999713897705,3.2100000381469727,11100,0.0,0.0
2016-08-25 00:00:00-04:00,3.25,3.440000057220459,3.115000009536743,3.140000104904175,7500,0.0,0.0
2016-08-26 00:00:00-04:00,3.069999933242798,3.380000114440918,3.069999933242798,3.190000057220459,7200,0.0,0.0
2016-08-29 00:00:00-04:00,3.3299999237060547,3.3299999237060547,3.200000047683716,3.2279999256134033,1900,0.0,0.0
2016-08-30 00:00:00-04:00,3.430999994277954,3.430999994277954,3.119999885559082,3.319999933242798,8800,0.0,0.0
2016-08-31 00:00:00-04:00,3.299999952316284,3.6700000762939453,3.2699999809265137,3.6500000953674316,13500,0.0,0.0
2016-09-01 00:00:00-04:00,3.5920000076293945,4.044000148773193,3.5920000076293945,3.8499999046325684,30900,0.0,0.0
2016-09-02 00:00:00-04:00,3.890000104904175,4.059000015258789,3.890000104904175,4.019000053405762,19900,0.0,0.0
2016-09-06 00:00:00-04:00,4.0,4.0,3.509999990463257,3.940000057220459,10500,0.0,0.0
2016-09-07 00:00:00-04:00,3.859999895095825,3.859999895095825,3.5840001106262207,3.6600000858306885,11000,0.0,0.0
2016-09-08 00:00:00-04:00,3.7880001068115234,3.7880001068115234,3.677999973297119,3.7330000400543213,10500,0.0,0.0
2016-09-09 00:00:00-04:00,3.680000066757202,3.9049999713897705,3.680000066757202,3.880000114440918,16900,0.0,0.0
2016-09-12 00:00:00-04:00,3.8399999141693115,3.950000047683716,3.7699999809265137,3.950000047683716,14400,0.0,0.0
2016-09-13 00:00:00-04:00,3.9000000953674316,4.0,3.759999990463257,3.8499999046325684,9800,0.0,0.0
2016-09-14 00:00:00-04:00,3.9000000953674316,3.999000072479248,3.7790000438690186,3.938999891281128,2600,0.0,0.0
2016-09-15 00:00:00-04:00,3.940000057220459,3.940000057220459,3.680000066757202,3.7100000381469727,32100,0.0,0.0
2016-09-16 00:00:00-04:00,3.74399995803833,3.759000062942505,3.6610000133514404,3.6700000762939453,2300,0.0,0.0
2016-09-19 00:00:00-04:00,3.7699999809265137,3.7699999809265137,3.119999885559082,3.3499999046325684,19800,0.0,0.0
2016-09-20 00:00:00-04:00,3.309999942779541,3.378999948501587,3.2300000190734863,3.378999948501587,6700,0.0,0.0
2016-09-21 00:00:00-04:00,3.319999933242798,3.86299991607666,3.1500000953674316,3.1500000953674316,9500,0.0,0.0
2016-09-22 00:00:00-04:00,3.308000087738037,3.4200000762939453,3.0999999046325684,3.140000104904175,12800,0.0,0.0
2016-09-23 00:00:00-04:00,3.190000057220459,3.299999952316284,3.140000104904175,3.190000057220459,5800,0.0,0.0
2016-09-26 00:00:00-04:00,3.299999952316284,3.3239998817443848,3.194999933242798,3.2899999618530273,1900,0.0,0.0
2016-09-27 00:00:00-04:00,3.365000009536743,3.864000082015991,3.2290000915527344,3.742000102996826,97300,0.0,0.0
2016-09-28 00:00:00-04:00,3.8499999046325684,3.8499999046325684,3.5199999809265137,3.757999897003174,32900,0.0,0.0
2016-09-29 00:00:00-04:00,3.740000009536743,3.75,3.5899999141693115,3.7190001010894775,9000,0.0,0.0
2016-09-30 00:00:00-04:00,3.688999891281128,3.688999891281128,3.3399999141693115,3.549999952316284,37800,0.0,0.0
2016-10-03 00:00:00-04:00,3.4600000381469727,3.75,3.4100000858306885,3.430000066757202,5700,0.0,0.0
2016-10-04 00:00:00-04:00,3.4100000858306885,3.75,3.4100000858306885,3.7100000381469727,14200,0.0,0.0
2016-10-05 00:00:00-04:00,3.7100000381469727,3.7100000381469727,3.380000114440918,3.5899999141693115,16400,0.0,0.0
2016-10-06 00:00:00-04:00,3.549999952316284,3.569999933242798,3.259999990463257,3.569999933242798,20800,0.0,0.0
2016-10-07 00:00:00-04:00,3.4000000953674316,3.7190001010894775,3.25,3.2799999713897705,9400,0.0,0.0
2016-10-10 00:00:00-04:00,3.609999895095825,3.609999895095825,3.299999952316284,3.3499999046325684,15000,0.0,0.0
2016-10-11 00:00:00-04:00,3.380000114440918,3.5,3.200000047683716,3.5,103100,0.0,0.0
2016-10-12 00:00:00-04:00,3.5899999141693115,4.300000190734863,3.4700000286102295,4.130000114440918,96900,0.0,0.0
2016-10-13 00:00:00-04:00,4.070000171661377,4.070000171661377,3.7100000381469727,3.8299999237060547,176200,0.0,0.0
2016-10-14 00:00:00-04:00,3.950000047683716,3.990000009536743,3.700000047683716,3.9000000953674316,105100,0.0,0.0
2016-10-17 00:00:00-04:00,3.8299999237060547,3.9600000381469727,3.3499999046325684,3.390000104904175,136800,0.0,0.0
2016-10-18 00:00:00-04:00,3.559999942779541,3.690000057220459,3.4100000858306885,3.4200000762939453,17000,0.0,0.0
2016-10-19 00:00:00-04:00,3.4600000381469727,3.490000009536743,3.3399999141693115,3.450000047683716,14900,0.0,0.0
2016-10-20 00:00:00-04:00,3.450000047683716,3.450000047683716,3.25,3.2899999618530273,106700,0.0,0.0
2016-10-21 00:00:00-04:00,3.3499999046325684,3.4839999675750732,3.2200000286102295,3.4600000381469727,84700,0.0,0.0
2016-10-24 00:00:00-04:00,3.4100000858306885,3.5,3.319999933242798,3.4800000190734863,10200,0.0,0.0
2016-10-25 00:00:00-04:00,3.4700000286102295,3.4700000286102295,3.321000099182129,3.450000047683716,31500,0.0,0.0
2016-10-26 00:00:00-04:00,3.4600000381469727,3.559999942779541,3.3499999046325684,3.3499999046325684,151600,0.0,0.0
2016-10-27 00:00:00-04:00,3.4100000858306885,3.549999952316284,3.240000009536743,3.240000009536743,88900,0.0,0.0
2016-10-28 00:00:00-04:00,3.380000114440918,3.4100000858306885,3.2209999561309814,3.25,41400,0.0,0.0
2016-10-31 00:00:00-04:00,3.240000009536743,3.2699999809265137,3.2100000381469727,3.2100000381469727,12700,0.0,0.0
2016-11-01 00:00:00-04:00,3.299999952316284,3.3499999046325684,2.7100000381469727,2.759999990463257,48200,0.0,0.0
2016-11-02 00:00:00-04:00,2.6710000038146973,2.874000072479248,2.6710000038146973,2.8389999866485596,21900,0.0,0.0
2016-11-03 00:00:00-04:00,2.799999952316284,3.0799999237060547,2.799999952316284,3.0799999237060547,24100,0.0,0.0
2016-11-04 00:00:00-04:00,3.140000104904175,3.3299999237060547,3.140000104904175,3.3299999237060547,26500,0.0,0.0
2016-11-07 00:00:00-05:00,3.4100000858306885,3.450000047683716,3.2300000190734863,3.3440001010894775,16400,0.0,0.0
2016-11-08 00:00:00-05:00,3.1500000953674316,3.3489999771118164,3.1500000953674316,3.3489999771118164,3900,0.0,0.0
2016-11-09 00:00:00-05:00,3.6489999294281006,3.6489999294281006,3.109999895095825,3.1600000858306885,6400,0.0,0.0
2016-11-10 00:00:00-05:00,3.140000104904175,3.2260000705718994,3.140000104904175,3.200000047683716,4300,0.0,0.0
2016-11-11 00:00:00-05:00,3.2799999713897705,3.3359999656677246,2.8499999046325684,3.0899999141693115,42900,0.0,0.0
2016-11-14 00:00:00-05:00,3.049999952316284,3.1700000762939453,2.7100000381469727,2.8499999046325684,69300,0.0,0.0
2016-11-15 00:00:00-05:00,2.950000047683716,3.0999999046325684,2.799999952316284,2.940000057220459,8500,0.0,0.0
2016-11-16 00:00:00-05:00,2.9000000953674316,3.075000047683716,2.859999895095825,3.075000047683716,8500,0.0,0.0
2016-11-17 00:00:00-05:00,3.0840001106262207,3.0840001106262207,2.819999933242798,2.9059998989105225,11500,0.0,0.0
2016-11-18 00:00:00-05:00,2.9000000953674316,3.0899999141693115,2.763000011444092,3.0899999141693115,15500,0.0,0.0
2016-11-21 00:00:00-05:00,3.140000104904175,3.140000104904175,2.7360000610351562,3.0799999237060547,32200,0.0,0.0
2016-11-22 00:00:00-05:00,2.8239998817443848,3.200000047683716,2.8239998817443848,3.009999990463257,44200,0.0,0.0
2016-11-23 00:00:00-05:00,3.009999990463257,3.0299999713897705,2.7739999294281006,2.809999942779541,11100,0.0,0.0
2016-11-25 00:00:00-05:00,2.890000104904175,3.2260000705718994,2.7300000190734863,2.759999990463257,15000,0.0,0.0
2016-11-28 00:00:00-05:00,2.7339999675750732,3.2070000171661377,2.7339999675750732,3.002000093460083,62900,0.0,0.0
2016-11-29 00:00:00-05:00,3.049999952316284,3.249000072479248,2.9000000953674316,3.0420000553131104,29500,0.0,0.0
2016-11-30 00:00:00-05:00,3.0999999046325684,3.0999999046325684,2.859999895095825,3.059999942779541,19500,0.0,0.0
2016-12-01 00:00:00-05:00,3.0,3.0759999752044678,2.9800000190734863,2.9800000190734863,11700,0.0,0.0
2016-12-02 00:00:00-05:00,3.0899999141693115,3.49399995803833,3.0309998989105225,3.299999952316284,50200,0.0,0.0
2016-12-05 00:00:00-05:00,3.5999999046325684,3.5999999046325684,3.299999952316284,3.4200000762939453,40600,0.0,0.0
2016-12-06 00:00:00-05:00,3.5989999771118164,3.5999999046325684,3.4000000953674316,3.5,22500,0.0,0.0
2016-12-07 00:00:00-05:00,3.5899999141693115,3.684999942779541,3.4000000953674316,3.4000000953674316,40900,0.0,0.0
2016-12-08 00:00:00-05:00,3.5299999713897705,3.619999885559082,3.3389999866485596,3.4700000286102295,15800,0.0,0.0
2016-12-09 00:00:00-05:00,3.5899999141693115,3.5899999141693115,3.309999942779541,3.4200000762939453,9300,0.0,0.0
2016-12-12 00:00:00-05:00,3.5899999141693115,3.5899999141693115,3.1700000762939453,3.2699999809265137,9400,0.0,0.0
2016-12-13 00:00:00-05:00,3.2200000286102295,3.5199999809265137,3.2149999141693115,3.380000114440918,44800,0.0,0.0
2016-12-14 00:00:00-05:00,3.5399999618530273,3.5399999618530273,3.3499999046325684,3.369999885559082,20300,0.0,0.0
2016-12-15 00:00:00-05:00,3.4000000953674316,3.4000000953674316,3.3499999046325684,3.374000072479248,18900,0.0,0.0
2016-12-16 00:00:00-05:00,3.4000000953674316,3.4000000953674316,3.1429998874664307,3.1989998817443848,18700,0.0,0.0
2016-12-19 00:00:00-05:00,3.200000047683716,3.2100000381469727,3.049999952316284,3.1449999809265137,20700,0.0,0.0
2016-12-20 00:00:00-05:00,3.0999999046325684,3.1989998817443848,2.99399995803833,3.1500000953674316,18200,0.0,0.0
2016-12-21 00:00:00-05:00,3.1500000953674316,3.178999900817871,3.069999933242798,3.0899999141693115,8300,0.0,0.0
2016-12-22 00:00:00-05:00,3.130000114440918,3.2980000972747803,3.130000114440918,3.2980000972747803,16400,0.0,0.0
2016-12-23 00:00:00-05:00,3.196000099182129,3.2869999408721924,3.1549999713897705,3.2309999465942383,28900,0.0,0.0
2016-12-27 00:00:00-05:00,3.2200000286102295,3.2200000286102295,3.1630001068115234,3.200000047683716,8500,0.0,0.0
2016-12-28 00:00:00-05:00,3.0799999237060547,3.1500000953674316,3.0,3.135999917984009,12000,0.0,0.0
2016-12-29 00:00:00-05:00,3.200000047683716,3.3320000171661377,2.9609999656677246,3.0999999046325684,18400,0.0,0.0
2016-12-30 00:00:00-05:00,3.049999952316284,3.3399999141693115,3.0399999618530273,3.25,38400,0.0,0.0
2017-01-03 00:00:00-05:00,3.240000009536743,3.240000009536743,3.0399999618530273,3.1600000858306885,41300,0.0,0.0
2017-01-04 00:00:00-05:00,3.2119998931884766,3.2119998931884766,3.1559998989105225,3.1989998817443848,5600,0.0,0.0
2017-01-05 00:00:00-05:00,3.1600000858306885,3.2060000896453857,3.0999999046325684,3.109999895095825,4500,0.0,0.0
2017-01-06 00:00:00-05:00,3.1500000953674316,3.200000047683716,3.0260000228881836,3.119999885559082,60600,0.0,0.0
2017-01-09 00:00:00-05:00,3.109999895095825,3.1449999809265137,2.869999885559082,3.1429998874664307,15600,0.0,0.0
2017-01-10 00:00:00-05:00,3.200000047683716,3.200000047683716,2.9000000953674316,3.0799999237060547,27600,0.0,0.0
2017-01-11 00:00:00-05:00,3.069999933242798,3.0899999141693115,2.9200000762939453,3.0380001068115234,10900,0.0,0.0
2017-01-12 00:00:00-05:00,2.9700000286102295,3.2899999618530273,2.9059998989105225,3.2869999408721924,44700,0.0,0.0
2017-01-13 00:00:00-05:00,3.2699999809265137,3.2699999809265137,3.109999895095825,3.240000009536743,9200,0.0,0.0
2017-01-17 00:00:00-05:00,3.2899999618530273,3.4000000953674316,3.200000047683716,3.2100000381469727,39300,0.0,0.0
2017-01-18 00:00:00-05:00,3.249000072479248,3.249000072479248,3.180000066757202,3.234999895095825,3400,0.0,0.0
2017-01-19 00:00:00-05:00,3.180000066757202,3.180000066757202,2.9800000190734863,3.140000104904175,42900,0.0,0.0
2017-01-20 00:00:00-05:00,3.0799999237060547,3.2200000286102295,3.0399999618530273,3.180000066757202,25800,0.0,0.0
2017-01-23 00:00:00-05:00,3.2200000286102295,3.2200000286102295,3.069999933242798,3.1600000858306885,12500,0.0,0.0
2017-01-24 00:00:00-05:00,3.000999927520752,3.390000104904175,3.000999927520752,3.299999952316284,24400,0.0,0.0
2017-01-25 00:00:00-05:00,3.25,3.390000104904175,3.25,3.2799999713897705,72500,0.0,0.0
2017-01-26 00:00:00-05:00,3.377000093460083,3.390000104904175,3.1600000858306885,3.369999885559082,22500,0.0,0.0
2017-01-27 00:00:00-05:00,3.2699999809265137,3.3469998836517334,3.140000104904175,3.2709999084472656,4100,0.0,0.0
2017-01-30 00:00:00-05:00,3.390000104904175,3.4000000953674316,3.25,3.4000000953674316,59400,0.0,0.0
2017-01-31 00:00:00-05:00,3.4000000953674316,3.549999952316284,3.3399999141693115,3.549999952316284,37700,0.0,0.0
2017-02-01 00:00:00-05:00,3.5199999809265137,3.549999952316284,3.503999948501587,3.5179998874664307,10200,0.0,0.0
2017-02-02 00:00:00-05:00,3.549999952316284,4.230000019073486,3.549999952316284,3.890000104904175,126400,0.0,0.0
2017-02-03 00:00:00-05:00,3.990000009536743,4.630000114440918,3.8289999961853027,4.120999813079834,204100,0.0,0.0
2017-02-06 00:00:00-05:00,4.309999942779541,4.309999942779541,4.025000095367432,4.090000152587891,32800,0.0,0.0
2017-02-07 00:00:00-05:00,4.0,4.098999977111816,3.7799999713897705,3.8550000190734863,50100,0.0,0.0
2017-02-08 00:00:00-05:00,3.9200000762939453,4.050000190734863,3.7799999713897705,4.019999980926514,22900,0.0,0.0
2017-02-09 00:00:00-05:00,4.0,4.019999980926514,3.7039999961853027,3.8889999389648438,31000,0.0,0.0
2017-02-10 00:00:00-05:00,4.03000020980835,4.03000020980835,3.8499999046325684,4.010000228881836,11200,0.0,0.0
2017-02-13 00:00:00-05:00,4.019999980926514,4.019999980926514,3.875999927520752,3.990000009536743,4100,0.0,0.0
2017-02-14 00:00:00-05:00,3.9000000953674316,3.950000047683716,3.9000000953674316,3.9189999103546143,17500,0.0,0.0
2017-02-15 00:00:00-05:00,3.930000066757202,3.9700000286102295,3.7200000286102295,3.7799999713897705,12900,0.0,0.0
2017-02-16 00:00:00-05:00,3.859999895095825,3.938999891281128,3.6559998989105225,3.7300000190734863,6200,0.0,0.0
2017-02-17 00:00:00-05:00,3.799999952316284,3.9200000762939453,3.7019999027252197,3.859999895095825,27600,0.0,0.0
2017-02-21 00:00:00-05:00,3.809999942779541,4.199999809265137,3.7100000381469727,4.164999961853027,101100,0.0,0.0
2017-02-22 00:00:00-05:00,4.199999809265137,4.199999809265137,4.019999980926514,4.090000152587891,18500,0.0,0.0
2017-02-23 00:00:00-05:00,4.170000076293945,4.25,4.090000152587891,4.179999828338623,31100,0.0,0.0
2017-02-24 00:00:00-05:00,4.170000076293945,4.25,3.984999895095825,4.25,26400,0.0,0.0
2017-02-27 00:00:00-05:00,4.25,4.25,3.7799999713897705,3.9100000858306885,57200,0.0,0.0
2017-02-28 00:00:00-05:00,3.9000000953674316,4.0980000495910645,3.9000000953674316,3.9579999446868896,23900,0.0,0.0
2017-03-01 00:00:00-05:00,4.079999923706055,4.133999824523926,3.6700000762939453,3.690000057220459,30300,0.0,0.0
2017-03-02 00:00:00-05:00,3.690000057220459,3.937999963760376,3.690000057220459,3.871000051498413,28900,0.0,0.0
2017-03-03 00:00:00-05:00,3.9200000762939453,3.990000009536743,3.6600000858306885,3.690000057220459,51600,0.0,0.0
2017-03-06 00:00:00-05:00,3.809999942779541,3.9000000953674316,3.6559998989105225,3.7899999618530273,10400,0.0,0.0
2017-03-07 00:00:00-05:00,3.869999885559082,3.869999885559082,3.7980000972747803,3.815000057220459,27400,0.0,0.0
2017-03-08 00:00:00-05:00,3.8289999961853027,3.8499999046325684,3.799999952316284,3.8399999141693115,4700,0.0,0.0
2017-03-09 00:00:00-05:00,3.7899999618530273,3.8589999675750732,3.7899999618530273,3.8499999046325684,13000,0.0,0.0
2017-03-10 00:00:00-05:00,3.7100000381469727,3.8289999961853027,3.7100000381469727,3.7950000762939453,4700,0.0,0.0
2017-03-13 00:00:00-04:00,3.799999952316284,3.799999952316284,3.7100000381469727,3.7899999618530273,24100,0.0,0.0
2017-03-14 00:00:00-04:00,3.8399999141693115,3.8399999141693115,3.75,3.819999933242798,11000,0.0,0.0
2017-03-15 00:00:00-04:00,3.869999885559082,3.869999885559082,3.75,3.809999942779541,28500,0.0,0.0
2017-03-16 00:00:00-04:00,3.7880001068115234,4.050000190734863,3.75,3.950000047683716,111900,0.0,0.0
2017-03-17 00:00:00-04:00,3.9200000762939453,4.159999847412109,3.8499999046325684,4.150000095367432,72200,0.0,0.0
2017-03-20 00:00:00-04:00,4.199999809265137,4.590000152587891,4.130000114440918,4.449999809265137,119900,0.0,0.0
2017-03-21 00:00:00-04:00,4.5,4.699999809265137,4.360000133514404,4.47599983215332,81400,0.0,0.0
2017-03-22 00:00:00-04:00,4.389999866485596,4.650000095367432,4.050000190734863,4.5,84400,0.0,0.0
2017-03-23 00:00:00-04:00,4.5,4.650000095367432,3.890000104904175,4.150000095367432,87700,0.0,0.0
2017-03-24 00:00:00-04:00,4.25,4.25,3.9700000286102295,4.059999942779541,20800,0.0,0.0
2017-03-27 00:00:00-04:00,3.9600000381469727,4.400000095367432,3.8289999961853027,3.990000009536743,161500,0.0,0.0
2017-03-28 00:00:00-04:00,3.7899999618530273,4.099999904632568,3.755000114440918,4.03000020980835,98500,0.0,0.0
2017-03-29 00:00:00-04:00,4.198999881744385,4.28000020980835,3.819999933242798,3.990000009536743,54800,0.0,0.0
2017-03-30 00:00:00-04:00,4.110000133514404,4.179999828338623,3.8299999237060547,3.9000000953674316,132300,0.0,0.0
2017-03-31 00:00:00-04:00,3.0,3.0799999237060547,2.880000114440918,3.009999990463257,1158400,0.0,0.0
2017-04-03 00:00:00-04:00,3.0999999046325684,3.0999999046325684,2.890000104904175,2.9600000381469727,205200,0.0,0.0
2017-04-04 00:00:00-04:00,2.9200000762939453,2.9600000381469727,2.7100000381469727,2.819999933242798,201400,0.0,0.0
2017-04-05 00:00:00-04:00,2.9000000953674316,3.0799999237060547,2.799999952316284,2.869999885559082,144200,0.0,0.0
2017-04-06 00:00:00-04:00,2.8499999046325684,2.9700000286102295,2.8499999046325684,2.9200000762939453,32700,0.0,0.0
2017-04-07 00:00:00-04:00,2.9200000762939453,2.950000047683716,2.7799999713897705,2.890000104904175,63200,0.0,0.0
2017-04-10 00:00:00-04:00,2.819999933242798,2.940000057220459,2.809999942779541,2.859999895095825,75300,0.0,0.0
2017-04-11 00:00:00-04:00,2.819999933242798,2.930000066757202,2.700000047683716,2.880000114440918,88600,0.0,0.0
2017-04-12 00:00:00-04:00,2.8480000495910645,2.9000000953674316,2.822000026702881,2.880000114440918,46500,0.0,0.0
2017-04-13 00:00:00-04:00,2.880000114440918,2.880000114440918,2.700000047683716,2.700000047683716,57900,0.0,0.0
2017-04-17 00:00:00-04:00,2.753999948501587,2.8499999046325684,2.6600000858306885,2.686000108718872,36700,0.0,0.0
2017-04-18 00:00:00-04:00,2.75,2.75,2.4200000762939453,2.700000047683716,126400,0.0,0.0
2017-04-19 00:00:00-04:00,3.0799999237060547,3.0799999237060547,2.5899999141693115,2.7300000190734863,99400,0.0,0.0
2017-04-20 00:00:00-04:00,2.7100000381469727,2.7699999809265137,2.609999895095825,2.740000009536743,27700,0.0,0.0
2017-04-21 00:00:00-04:00,2.700000047683716,2.75,2.5799999237060547,2.700000047683716,26500,0.0,0.0
2017-04-24 00:00:00-04:00,2.680000066757202,2.740000009536743,2.5799999237060547,2.690000057220459,26300,0.0,0.0
2017-04-25 00:00:00-04:00,2.509000062942505,2.940000057220459,2.5,2.930000066757202,96700,0.0,0.0
2017-04-26 00:00:00-04:00,2.930000066757202,3.0,2.759999990463257,2.9100000858306885,124200,0.0,0.0
2017-04-27 00:00:00-04:00,2.8959999084472656,2.9000000953674316,2.696000099182129,2.7899999618530273,22100,0.0,0.0
2017-04-28 00:00:00-04:00,2.799999952316284,2.878999948501587,2.7899999618530273,2.809999942779541,7200,0.0,0.0
2017-05-01 00:00:00-04:00,2.819999933242798,2.9149999618530273,2.759999990463257,2.869999885559082,19000,0.0,0.0
2017-05-02 00:00:00-04:00,2.9600000381469727,2.9600000381469727,2.7100000381469727,2.950000047683716,37000,0.0,0.0
2017-05-03 00:00:00-04:00,2.9800000190734863,2.9800000190734863,2.8399999141693115,2.940000057220459,19500,0.0,0.0
2017-05-04 00:00:00-04:00,2.953000068664551,2.9700000286102295,2.7699999809265137,2.8499999046325684,69600,0.0,0.0
2017-05-05 00:00:00-04:00,2.8340001106262207,2.9670000076293945,2.7799999713897705,2.9200000762939453,50000,0.0,0.0
2017-05-08 00:00:00-04:00,2.9000000953674316,3.0399999618530273,2.8499999046325684,3.009999990463257,39800,0.0,0.0
2017-05-09 00:00:00-04:00,3.003000020980835,3.068000078201294,2.890000104904175,3.009999990463257,99700,0.0,0.0
2017-05-10 00:00:00-04:00,2.9800000190734863,3.062999963760376,2.9200000762939453,2.990000009536743,55500,0.0,0.0
2017-05-11 00:00:00-04:00,2.940000057220459,3.0999999046325684,2.609999895095825,2.9100000858306885,45400,0.0,0.0
2017-05-12 00:00:00-04:00,2.940000057220459,2.990000009536743,2.869999885559082,2.930000066757202,9600,0.0,0.0
2017-05-15 00:00:00-04:00,3.0,3.009999990463257,2.75,2.9200000762939453,67200,0.0,0.0
2017-05-16 00:00:00-04:00,2.950000047683716,3.0,2.75,3.0,49100,0.0,0.0
2017-05-17 00:00:00-04:00,2.8399999141693115,2.990000009536743,2.7300000190734863,2.8299999237060547,51800,0.0,0.0
2017-05-18 00:00:00-04:00,2.759999990463257,2.880000114440918,2.619999885559082,2.746000051498413,19800,0.0,0.0
2017-05-19 00:00:00-04:00,2.7100000381469727,2.869999885559082,2.640000104904175,2.690000057220459,17900,0.0,0.0
2017-05-22 00:00:00-04:00,2.75,2.799999952316284,2.700000047683716,2.7300000190734863,57900,0.0,0.0
2017-05-23 00:00:00-04:00,2.6040000915527344,2.7820000648498535,2.492000102996826,2.7699999809265137,28800,0.0,0.0
2017-05-24 00:00:00-04:00,2.759999990463257,2.7699999809265137,2.5399999618530273,2.619999885559082,58600,0.0,0.0
2017-05-25 00:00:00-04:00,2.4700000286102295,2.628999948501587,2.200000047683716,2.25,153300,0.0,0.0
2017-05-26 00:00:00-04:00,2.2200000286102295,2.2890000343322754,2.109999895095825,2.135999917984009,23000,0.0,0.0
2017-05-30 00:00:00-04:00,2.1700000762939453,2.1700000762939453,1.9049999713897705,1.9800000190734863,76500,0.0,0.0
2017-05-31 00:00:00-04:00,1.940000057220459,2.4800000190734863,1.909999966621399,2.121000051498413,106800,0.0,0.0
2017-06-01 00:00:00-04:00,2.1500000953674316,2.240000009536743,2.049999952316284,2.1600000858306885,29200,0.0,0.0
2017-06-02 00:00:00-04:00,2.200000047683716,2.4000000953674316,2.1500000953674316,2.381999969482422,27600,0.0,0.0
2017-06-05 00:00:00-04:00,2.380000114440918,2.7750000953674316,2.0940001010894775,2.2699999809265137,78100,0.0,0.0
2017-06-06 00:00:00-04:00,2.2799999713897705,2.3289999961853027,2.200000047683716,2.2860000133514404,7100,0.0,0.0
2017-06-07 00:00:00-04:00,2.309999942779541,2.562000036239624,2.1500000953674316,2.369999885559082,49600,0.0,0.0
2017-06-08 00:00:00-04:00,2.3399999141693115,2.4600000381469727,2.2200000286102295,2.309999942779541,21400,0.0,0.0
2017-06-09 00:00:00-04:00,2.200000047683716,2.4100000858306885,2.200000047683716,2.390000104904175,21100,0.0,0.0
2017-06-12 00:00:00-04:00,2.359999895095825,2.4660000801086426,2.299999952316284,2.4200000762939453,58200,0.0,0.0
2017-06-13 00:00:00-04:00,2.515000104904175,2.619999885559082,2.4200000762939453,2.5880000591278076,58100,0.0,0.0
2017-06-14 00:00:00-04:00,2.5799999237060547,2.5899999141693115,2.440000057220459,2.4800000190734863,22000,0.0,0.0
2017-06-15 00:00:00-04:00,2.5,2.5759999752044678,2.4100000858306885,2.437999963760376,16000,0.0,0.0
2017-06-16 00:00:00-04:00,2.4200000762939453,2.4200000762939453,2.2300000190734863,2.2699999809265137,38500,0.0,0.0
2017-06-19 00:00:00-04:00,2.2300000190734863,2.38100004196167,2.200000047683716,2.247999906539917,18000,0.0,0.0
2017-06-20 00:00:00-04:00,2.2300000190734863,2.2950000762939453,2.130000114440918,2.130000114440918,36000,0.0,0.0
2017-06-21 00:00:00-04:00,2.200000047683716,2.2339999675750732,2.130000114440918,2.2339999675750732,17800,0.0,0.0
2017-06-22 00:00:00-04:00,2.240000009536743,2.240000009536743,2.109999895095825,2.2100000381469727,17200,0.0,0.0
2017-06-23 00:00:00-04:00,2.25,2.25,2.180000066757202,2.180000066757202,2500,0.0,0.0
2017-06-26 00:00:00-04:00,2.1700000762939453,2.2300000190734863,2.062000036239624,2.109999895095825,26900,0.0,0.0
2017-06-27 00:00:00-04:00,2.140000104904175,2.2799999713897705,2.059999942779541,2.130000114440918,11900,0.0,0.0
2017-06-28 00:00:00-04:00,2.2219998836517334,2.2219998836517334,2.119999885559082,2.197999954223633,13700,0.0,0.0
2017-06-29 00:00:00-04:00,2.2100000381469727,2.2200000286102295,2.183000087738037,2.2100000381469727,14600,0.0,0.0
2017-06-30 00:00:00-04:00,2.2200000286102295,2.240000009536743,2.1500000953674316,2.180000066757202,2400,0.0,0.0
2017-07-03 00:00:00-04:00,2.200000047683716,2.559999942779541,2.190000057220459,2.559999942779541,33900,0.0,0.0
2017-07-05 00:00:00-04:00,2.5,2.8499999046325684,2.3499999046325684,2.740000009536743,156000,0.0,0.0
2017-07-06 00:00:00-04:00,2.6600000858306885,2.7960000038146973,2.5,2.549999952316284,30800,0.0,0.0
2017-07-07 00:00:00-04:00,2.8499999046325684,2.8499999046325684,2.450000047683716,2.4600000381469727,16200,0.0,0.0
2017-07-10 00:00:00-04:00,2.5220000743865967,2.5360000133514404,2.450000047683716,2.5,17100,0.0,0.0
2017-07-11 00:00:00-04:00,2.4700000286102295,2.5299999713897705,2.369999885559082,2.369999885559082,12700,0.0,0.0
2017-07-12 00:00:00-04:00,2.4000000953674316,2.630000114440918,2.4000000953674316,2.490000009536743,33500,0.0,0.0
2017-07-13 00:00:00-04:00,2.5199999809265137,2.6619999408721924,2.4600000381469727,2.6500000953674316,19400,0.0,0.0
2017-07-14 00:00:00-04:00,2.6500000953674316,2.7300000190734863,2.515000104904175,2.7300000190734863,30900,0.0,0.0
2017-07-17 00:00:00-04:00,2.8399999141693115,2.8399999141693115,2.700000047683716,2.819000005722046,37000,0.0,0.0
2017-07-18 00:00:00-04:00,2.806999921798706,2.9010000228881836,2.7899999618530273,2.8299999237060547,38500,0.0,0.0
2017-07-19 00:00:00-04:00,2.8299999237060547,2.8299999237060547,2.759999990463257,2.799999952316284,28500,0.0,0.0
2017-07-20 00:00:00-04:00,2.875,2.930000066757202,2.690000057220459,2.809999942779541,130300,0.0,0.0
2017-07-21 00:00:00-04:00,2.8399999141693115,2.880000114440918,2.5899999141693115,2.7100000381469727,18100,0.0,0.0
2017-07-24 00:00:00-04:00,2.759999990463257,2.9690001010894775,2.7300000190734863,2.7699999809265137,43100,0.0,0.0
2017-07-25 00:00:00-04:00,2.75,2.75,2.700000047683716,2.700000047683716,8100,0.0,0.0
2017-07-26 00:00:00-04:00,2.700000047683716,2.7960000038146973,2.684000015258789,2.690000057220459,33000,0.0,0.0
2017-07-27 00:00:00-04:00,2.6710000038146973,2.690000057220459,2.5899999141693115,2.609999895095825,9100,0.0,0.0
2017-07-28 00:00:00-04:00,2.809999942779541,2.8299999237060547,2.562999963760376,2.7699999809265137,14600,0.0,0.0
2017-07-31 00:00:00-04:00,2.7300000190734863,2.799999952316284,2.640000104904175,2.75,8600,0.0,0.0
2017-08-01 00:00:00-04:00,2.7990000247955322,2.7990000247955322,2.5399999618530273,2.5399999618530273,74000,0.0,0.0
2017-08-02 00:00:00-04:00,2.619999885559082,2.619999885559082,2.509999990463257,2.5759999752044678,13400,0.0,0.0
2017-08-03 00:00:00-04:00,2.549999952316284,2.6410000324249268,2.5399999618530273,2.619999885559082,6500,0.0,0.0
2017-08-04 00:00:00-04:00,2.609999895095825,2.609999895095825,2.4700000286102295,2.4700000286102295,8400,0.0,0.0
2017-08-07 00:00:00-04:00,2.4700000286102295,2.609999895095825,2.2799999713897705,2.390000104904175,15600,0.0,0.0
2017-08-08 00:00:00-04:00,2.3399999141693115,2.3399999141693115,2.1600000858306885,2.1600000858306885,14800,0.0,0.0
2017-08-09 00:00:00-04:00,2.130000114440918,2.200000047683716,2.049999952316284,2.0999999046325684,20500,0.0,0.0
2017-08-10 00:00:00-04:00,2.109999895095825,2.2160000801086426,2.0799999237060547,2.0850000381469727,5000,0.0,0.0
2017-08-11 00:00:00-04:00,2.061000108718872,2.390000104904175,2.061000108718872,2.390000104904175,16600,0.0,0.0
2017-08-14 00:00:00-04:00,2.7019999027252197,2.7019999027252197,2.0299999713897705,2.109999895095825,84700,0.0,0.0
2017-08-15 00:00:00-04:00,2.0329999923706055,2.1700000762939453,1.940999984741211,2.0199999809265137,53500,0.0,0.0
2017-08-16 00:00:00-04:00,2.049999952316284,2.0999999046325684,1.809999942779541,1.840000033378601,85000,0.0,0.0
2017-08-17 00:00:00-04:00,1.940000057220459,2.428999900817871,1.8289999961853027,2.2699999809265137,71400,0.0,0.0
2017-08-18 00:00:00-04:00,2.259999990463257,2.2699999809265137,2.0,2.0,109800,0.0,0.0
2017-08-21 00:00:00-04:00,2.0480000972747803,2.0880000591278076,1.899999976158142,1.9600000381469727,45800,0.0,0.0
2017-08-22 00:00:00-04:00,1.8600000143051147,2.0799999237060547,1.840000033378601,1.9299999475479126,41300,0.0,0.0
2017-08-23 00:00:00-04:00,2.0959999561309814,2.0959999561309814,1.8899999856948853,2.0199999809265137,15200,0.0,0.0
2017-08-24 00:00:00-04:00,1.9800000190734863,1.9800000190734863,1.8700000047683716,1.9199999570846558,12200,0.0,0.0
2017-08-25 00:00:00-04:00,1.909999966621399,2.0799999237060547,1.909999966621399,2.0369999408721924,26900,0.0,0.0
2017-08-28 00:00:00-04:00,2.0199999809265137,2.0799999237060547,1.9500000476837158,2.0,21700,0.0,0.0
2017-08-29 00:00:00-04:00,2.0199999809265137,2.177999973297119,2.0169999599456787,2.130000114440918,55200,0.0,0.0
2017-08-30 00:00:00-04:00,2.1500000953674316,2.2820000648498535,2.140000104904175,2.180000066757202,40600,0.0,0.0
2017-08-31 00:00:00-04:00,2.2090001106262207,2.25,2.0199999809265137,2.0999999046325684,26700,0.0,0.0
2017-09-01 00:00:00-04:00,2.059999942779541,2.11899995803833,1.8799999952316284,1.9600000381469727,33700,0.0,0.0
2017-09-05 00:00:00-04:00,1.9500000476837158,1.9600000381469727,1.8569999933242798,1.8799999952316284,31600,0.0,0.0
2017-09-06 00:00:00-04:00,1.899999976158142,2.069999933242798,1.809999942779541,1.9199999570846558,36800,0.0,0.0
2017-09-07 00:00:00-04:00,1.7999999523162842,1.940000057220459,1.7899999618530273,1.8899999856948853,32300,0.0,0.0
2017-09-08 00:00:00-04:00,1.8550000190734863,1.9290000200271606,1.8550000190734863,1.8600000143051147,16900,0.0,0.0
2017-09-11 00:00:00-04:00,1.8509999513626099,1.8539999723434448,1.7799999713897705,1.8300000429153442,30000,0.0,0.0
2017-09-12 00:00:00-04:00,1.7999999523162842,1.8799999952316284,1.7899999618530273,1.840000033378601,20400,0.0,0.0
2017-09-13 00:00:00-04:00,1.7999999523162842,1.8930000066757202,1.7899999618530273,1.8700000047683716,26600,0.0,0.0
2017-09-14 00:00:00-04:00,1.850000023841858,1.909000039100647,1.690000057220459,1.7599999904632568,15000,0.0,0.0
2017-09-15 00:00:00-04:00,1.7699999809265137,1.8259999752044678,1.7300000190734863,1.7300000190734863,11100,0.0,0.0
2017-09-18 00:00:00-04:00,1.75,1.7899999618530273,1.7000000476837158,1.7699999809265137,16500,0.0,0.0
2017-09-19 00:00:00-04:00,1.7599999904632568,1.7599999904632568,1.7000000476837158,1.7400000095367432,17800,0.0,0.0
2017-09-20 00:00:00-04:00,1.7589999437332153,1.8380000591278076,1.7400000095367432,1.8350000381469727,5100,0.0,0.0
2017-09-21 00:00:00-04:00,1.809999942779541,1.840000033378601,1.7200000286102295,1.7400000095367432,7000,0.0,0.0
2017-09-22 00:00:00-04:00,1.7200000286102295,1.7799999713897705,1.7100000381469727,1.7799999713897705,10200,0.0,0.0
2017-09-25 00:00:00-04:00,1.7999999523162842,1.840000033378601,1.7519999742507935,1.840000033378601,10300,0.0,0.0
2017-09-26 00:00:00-04:00,1.850000023841858,1.9299999475479126,1.7400000095367432,1.8200000524520874,25600,0.0,0.0
2017-09-27 00:00:00-04:00,1.899999976158142,2.0999999046325684,1.8650000095367432,1.9299999475479126,80000,0.0,0.0
2017-09-28 00:00:00-04:00,1.940000057220459,2.0899999141693115,1.850000023841858,1.8700000047683716,62400,0.0,0.0
2017-09-29 00:00:00-04:00,1.8700000047683716,1.8700000047683716,1.7999999523162842,1.840000033378601,22800,0.0,0.0
2017-10-02 00:00:00-04:00,1.8799999952316284,1.8799999952316284,1.7300000190734863,1.7899999618530273,11300,0.0,0.0
2017-10-03 00:00:00-04:00,2.0,2.0,1.774999976158142,1.809999942779541,58500,0.0,0.0
2017-10-04 00:00:00-04:00,1.7599999904632568,1.9800000190734863,1.7599999904632568,1.809999942779541,27800,0.0,0.0
2017-10-05 00:00:00-04:00,1.8760000467300415,1.9500000476837158,1.8700000047683716,1.899999976158142,12300,0.0,0.0
2017-10-06 00:00:00-04:00,1.8899999856948853,1.9359999895095825,1.8899999856948853,1.9199999570846558,8500,0.0,0.0
2017-10-09 00:00:00-04:00,1.899999976158142,2.0,1.899999976158142,1.9359999895095825,8600,0.0,0.0
2017-10-10 00:00:00-04:00,1.940000057220459,1.9600000381469727,1.850000023841858,1.8899999856948853,21900,0.0,0.0
2017-10-11 00:00:00-04:00,1.968999981880188,1.968999981880188,1.840000033378601,1.850000023841858,10400,0.0,0.0
2017-10-12 00:00:00-04:00,1.850000023841858,1.8899999856948853,1.850000023841858,1.8600000143051147,2500,0.0,0.0
2017-10-13 00:00:00-04:00,1.8600000143051147,1.9320000410079956,1.850000023841858,1.850000023841858,8100,0.0,0.0
2017-10-16 00:00:00-04:00,1.8799999952316284,1.8799999952316284,1.7999999523162842,1.850000023841858,17400,0.0,0.0
2017-10-17 00:00:00-04:00,1.850000023841858,1.850000023841858,1.7940000295639038,1.7999999523162842,25900,0.0,0.0
2017-10-18 00:00:00-04:00,1.899999976158142,3.640000104904175,1.8600000143051147,2.180000066757202,6424600,0.0,0.0
2017-10-19 00:00:00-04:00,2.1500000953674316,2.180000066757202,1.899999976158142,1.9800000190734863,516300,0.0,0.0
2017-10-20 00:00:00-04:00,2.0,2.0999999046325684,1.909999966621399,2.069999933242798,178600,0.0,0.0
2017-10-23 00:00:00-04:00,2.0899999141693115,2.359999895095825,2.0,2.180000066757202,146000,0.0,0.0
2017-10-24 00:00:00-04:00,2.190000057220459,2.190000057220459,1.909999966621399,2.009000062942505,106000,0.0,0.0
2017-10-25 00:00:00-04:00,1.9199999570846558,2.009999990463257,1.899999976158142,1.9600000381469727,66500,0.0,0.0
2017-10-26 00:00:00-04:00,1.940000057220459,1.9539999961853027,1.8899999856948853,1.899999976158142,82900,0.0,0.0
2017-10-27 00:00:00-04:00,1.8609999418258667,1.9500000476837158,1.7999999523162842,1.815999984741211,56800,0.0,0.0
2017-10-30 00:00:00-04:00,1.7899999618530273,1.840000033378601,1.7000000476837158,1.7000000476837158,88500,0.0,0.0
2017-10-31 00:00:00-04:00,1.7200000286102295,1.809000015258789,1.5800000429153442,1.7599999904632568,132800,0.0,0.0
2017-11-01 00:00:00-04:00,1.7899999618530273,1.7899999618530273,1.6100000143051147,1.6399999856948853,35700,0.0,0.0
2017-11-02 00:00:00-04:00,1.6699999570846558,1.7400000095367432,1.6089999675750732,1.6299999952316284,71500,0.0,0.0
2017-11-03 00:00:00-04:00,1.6399999856948853,1.7599999904632568,1.5299999713897705,1.590000033378601,72000,0.0,0.0
2017-11-06 00:00:00-05:00,1.600000023841858,1.6399999856948853,1.4299999475479126,1.5490000247955322,81900,0.0,0.0
2017-11-07 00:00:00-05:00,1.5299999713897705,1.5789999961853027,1.399999976158142,1.440000057220459,75700,0.0,0.0
2017-11-08 00:00:00-05:00,1.4500000476837158,1.6610000133514404,1.430999994277954,1.6540000438690186,44800,0.0,0.0
2017-11-09 00:00:00-05:00,1.5700000524520874,1.7400000095367432,1.5140000581741333,1.590000033378601,66500,0.0,0.0
2017-11-10 00:00:00-05:00,1.5800000429153442,1.7300000190734863,1.5800000429153442,1.5800000429153442,63900,0.0,0.0
2017-11-13 00:00:00-05:00,1.5700000524520874,1.6549999713897705,1.5299999713897705,1.590000033378601,48500,0.0,0.0
2017-11-14 00:00:00-05:00,1.5399999618530273,1.7480000257492065,1.5399999618530273,1.6200000047683716,37400,0.0,0.0
2017-11-15 00:00:00-05:00,1.6239999532699585,1.7899999618530273,1.590999960899353,1.7280000448226929,82100,0.0,0.0
2017-11-16 00:00:00-05:00,1.690000057220459,1.7599999904632568,1.659999966621399,1.7599999904632568,31100,0.0,0.0
2017-11-17 00:00:00-05:00,1.7699999809265137,1.7899999618530273,1.7200000286102295,1.7699999809265137,18700,0.0,0.0
2017-11-20 00:00:00-05:00,1.7899999618530273,1.7999999523162842,1.659999966621399,1.659999966621399,22800,0.0,0.0
2017-11-21 00:00:00-05:00,1.7359999418258667,1.7359999418258667,1.649999976158142,1.6699999570846558,14800,0.0,0.0
2017-11-22 00:00:00-05:00,1.690000057220459,1.7009999752044678,1.600000023841858,1.6699999570846558,15300,0.0,0.0
2017-11-24 00:00:00-05:00,1.6699999570846558,1.6799999475479126,1.600000023841858,1.6799999475479126,6000,0.0,0.0
2017-11-27 00:00:00-05:00,1.6100000143051147,1.649999976158142,1.5399999618530273,1.6299999952316284,39700,0.0,0.0
2017-11-28 00:00:00-05:00,1.6100000143051147,1.628000020980835,1.4800000190734863,1.5499999523162842,42600,0.0,0.0
2017-11-29 00:00:00-05:00,1.5700000524520874,1.5989999771118164,1.5199999809265137,1.5199999809265137,20000,0.0,0.0
2017-11-30 00:00:00-05:00,1.5299999713897705,1.6299999952316284,1.5099999904632568,1.5199999809265137,23100,0.0,0.0
2017-12-01 00:00:00-05:00,1.5099999904632568,1.5099999904632568,1.399999976158142,1.5099999904632568,27400,0.0,0.0
2017-12-04 00:00:00-05:00,1.5,1.5,1.4600000381469727,1.4800000190734863,20000,0.0,0.0
2017-12-05 00:00:00-05:00,1.5299999713897705,1.5299999713897705,1.430999994277954,1.440000057220459,23500,0.0,0.0
2017-12-06 00:00:00-05:00,1.440000057220459,1.440000057220459,1.3300000429153442,1.3899999856948853,13300,0.0,0.0
2017-12-07 00:00:00-05:00,1.3700000047683716,1.4900000095367432,1.3700000047683716,1.4700000286102295,46700,0.0,0.0
2017-12-08 00:00:00-05:00,1.4800000190734863,1.5570000410079956,1.409999966621399,1.4900000095367432,27900,0.0,0.0
2017-12-11 00:00:00-05:00,1.5,1.5,1.399999976158142,1.4299999475479126,20800,0.0,0.0
2017-12-12 00:00:00-05:00,1.4299999475479126,1.5,1.409999966621399,1.4500000476837158,20800,0.0,0.0
2017-12-13 00:00:00-05:00,1.4299999475479126,1.5199999809265137,1.409999966621399,1.4600000381469727,18600,0.0,0.0
2017-12-14 00:00:00-05:00,1.440000057220459,1.6579999923706055,1.440000057220459,1.4600000381469727,55600,0.0,0.0
2017-12-15 00:00:00-05:00,1.4600000381469727,1.590000033378601,1.4199999570846558,1.5,37100,0.0,0.0
2017-12-18 00:00:00-05:00,1.4199999570846558,1.6799999475479126,1.4199999570846558,1.649999976158142,73800,0.0,0.0
2017-12-19 00:00:00-05:00,1.659999966621399,1.75,1.649999976158142,1.6699999570846558,40500,0.0,0.0
2017-12-20 00:00:00-05:00,1.7000000476837158,1.7029999494552612,1.5199999809265137,1.559999942779541,86100,0.0,0.0
2017-12-21 00:00:00-05:00,1.5399999618530273,1.600000023841858,1.5099999904632568,1.5989999771118164,18200,0.0,0.0
2017-12-22 00:00:00-05:00,1.5800000429153442,1.6579999923706055,1.559000015258789,1.5700000524520874,22700,0.0,0.0
2017-12-26 00:00:00-05:00,1.559999942779541,1.63100004196167,1.524999976158142,1.600000023841858,26200,0.0,0.0
2017-12-27 00:00:00-05:00,1.6799999475479126,2.690000057220459,1.6299999952316284,1.7999999523162842,2227900,0.0,0.0
2017-12-28 00:00:00-05:00,1.75,1.8289999961853027,1.6100000143051147,1.6699999570846558,233900,0.0,0.0
2017-12-29 00:00:00-05:00,1.690000057220459,1.690000057220459,1.5099999904632568,1.6019999980926514,92600,0.0,0.0
2018-01-02 00:00:00-05:00,1.6100000143051147,1.6799999475479126,1.559999942779541,1.6100000143051147,31800,0.0,0.0
2018-01-03 00:00:00-05:00,1.6200000047683716,1.6799999475479126,1.5499999523162842,1.6100000143051147,116200,0.0,0.0
2018-01-04 00:00:00-05:00,1.6299999952316284,1.659999966621399,1.4700000286102295,1.6100000143051147,254000,0.0,0.0
2018-01-05 00:00:00-05:00,1.600000023841858,1.7599999904632568,1.5740000009536743,1.6200000047683716,113100,0.0,0.0
2018-01-08 00:00:00-05:00,1.649999976158142,1.6699999570846558,1.600000023841858,1.649999976158142,40900,0.0,0.0
2018-01-09 00:00:00-05:00,1.6399999856948853,1.6579999923706055,1.5700000524520874,1.6200000047683716,14100,0.0,0.0
2018-01-10 00:00:00-05:00,1.6100000143051147,1.6540000438690186,1.5509999990463257,1.6130000352859497,14000,0.0,0.0
2018-01-11 00:00:00-05:00,1.600000023841858,1.6200000047683716,1.5609999895095825,1.590000033378601,25900,0.0,0.0
2018-01-12 00:00:00-05:00,1.600000023841858,1.8600000143051147,1.5920000076293945,1.7100000381469727,452000,0.0,0.0
2018-01-16 00:00:00-05:00,1.7300000190734863,1.7300000190734863,1.6200000047683716,1.649999976158142,40600,0.0,0.0
2018-01-17 00:00:00-05:00,1.7400000095367432,1.8200000524520874,1.6050000190734863,1.690000057220459,47700,0.0,0.0
2018-01-18 00:00:00-05:00,1.7100000381469727,1.7799999713897705,1.6200000047683716,1.649999976158142,40200,0.0,0.0
2018-01-19 00:00:00-05:00,1.6610000133514404,1.7400000095367432,1.659999966621399,1.659999966621399,49800,0.0,0.0
2018-01-22 00:00:00-05:00,1.7000000476837158,1.7400000095367432,1.649999976158142,1.6699999570846558,32500,0.0,0.0
2018-01-23 00:00:00-05:00,1.690000057220459,1.690000057220459,1.5499999523162842,1.6200000047683716,47300,0.0,0.0
2018-01-24 00:00:00-05:00,1.6200000047683716,1.7000000476837158,1.559999942779541,1.6100000143051147,50500,0.0,0.0
2018-01-25 00:00:00-05:00,1.593999981880188,1.6480000019073486,1.5499999523162842,1.5499999523162842,38300,0.0,0.0
2018-01-26 00:00:00-05:00,1.5800000429153442,1.6039999723434448,1.5099999904632568,1.600000023841858,115700,0.0,0.0
2018-01-29 00:00:00-05:00,1.5800000429153442,1.649999976158142,1.559999942779541,1.590000033378601,158700,0.0,0.0
2018-01-30 00:00:00-05:00,1.590000033378601,1.6050000190734863,1.559999942779541,1.5859999656677246,51100,0.0,0.0
2018-01-31 00:00:00-05:00,1.590000033378601,1.6299999952316284,1.5199999809265137,1.5199999809265137,71700,0.0,0.0
2018-02-01 00:00:00-05:00,1.5299999713897705,1.6080000400543213,1.5199999809265137,1.534999966621399,64300,0.0,0.0
2018-02-02 00:00:00-05:00,1.5199999809265137,1.5540000200271606,1.5,1.5199999809265137,45800,0.0,0.0
2018-02-05 00:00:00-05:00,1.5199999809265137,1.555999994277954,1.4199999570846558,1.4500000476837158,77300,0.0,0.0
2018-02-06 00:00:00-05:00,1.4500000476837158,1.4500000476837158,1.3200000524520874,1.4199999570846558,78100,0.0,0.0
2018-02-07 00:00:00-05:00,1.4199999570846558,1.468999981880188,1.3580000400543213,1.4500000476837158,15800,0.0,0.0
2018-02-08 00:00:00-05:00,1.6100000143051147,1.649999976158142,1.4600000381469727,1.4900000095367432,236300,0.0,0.0
2018-02-09 00:00:00-05:00,1.4800000190734863,1.4930000305175781,1.3700000047683716,1.4500000476837158,45400,0.0,0.0
2018-02-12 00:00:00-05:00,1.3799999952316284,1.496999979019165,1.3799999952316284,1.4500000476837158,15500,0.0,0.0
2018-02-13 00:00:00-05:00,1.4199999570846558,1.4589999914169312,1.3700000047683716,1.4420000314712524,20100,0.0,0.0
2018-02-14 00:00:00-05:00,1.409999966621399,1.4390000104904175,1.350000023841858,1.4199999570846558,65400,0.0,0.0
2018-02-15 00:00:00-05:00,1.4199999570846558,1.5299999713897705,1.3700000047683716,1.4900000095367432,72600,0.0,0.0
2018-02-16 00:00:00-05:00,1.4889999628067017,1.496999979019165,1.4600000381469727,1.4600000381469727,3500,0.0,0.0
2018-02-20 00:00:00-05:00,1.5499999523162842,1.5499999523162842,1.4600000381469727,1.4700000286102295,7900,0.0,0.0
2018-02-21 00:00:00-05:00,1.4700000286102295,1.5,1.4600000381469727,1.4600000381469727,20200,0.0,0.0
2018-02-22 00:00:00-05:00,1.4600000381469727,1.4900000095367432,1.4600000381469727,1.4900000095367432,8400,0.0,0.0
2018-02-23 00:00:00-05:00,1.4600000381469727,1.4950000047683716,1.4299999475479126,1.4299999475479126,38800,0.0,0.0
2018-02-26 00:00:00-05:00,1.4800000190734863,1.4900000095367432,1.409999966621399,1.4900000095367432,45500,0.0,0.0
2018-02-27 00:00:00-05:00,1.5099999904632568,1.5099999904632568,1.4500000476837158,1.4700000286102295,4200,0.0,0.0
2018-02-28 00:00:00-05:00,1.440000057220459,1.4900000095367432,1.3700000047683716,1.3919999599456787,9800,0.0,0.0
2018-03-01 00:00:00-05:00,1.409999966621399,1.5180000066757202,1.3799999952316284,1.3799999952316284,29900,0.0,0.0
2018-03-02 00:00:00-05:00,1.4800000190734863,1.4800000190734863,1.3730000257492065,1.440000057220459,8800,0.0,0.0
2018-03-05 00:00:00-05:00,1.4500000476837158,1.4500000476837158,1.3700000047683716,1.3899999856948853,10000,0.0,0.0
2018-03-06 00:00:00-05:00,1.440000057220459,1.4500000476837158,1.3799999952316284,1.3799999952316284,5400,0.0,0.0
2018-03-07 00:00:00-05:00,1.3799999952316284,1.4500000476837158,1.3799999952316284,1.440000057220459,49600,0.0,0.0
2018-03-08 00:00:00-05:00,1.4079999923706055,1.5399999618530273,1.4079999923706055,1.5,74100,0.0,0.0
2018-03-09 00:00:00-05:00,1.5199999809265137,1.5499999523162842,1.5199999809265137,1.5499999523162842,99100,0.0,0.0
2018-03-12 00:00:00-04:00,1.5800000429153442,1.5800000429153442,1.5130000114440918,1.559999942779541,12900,0.0,0.0
2018-03-13 00:00:00-04:00,1.5800000429153442,1.5800000429153442,1.5,1.5,27900,0.0,0.0
2018-03-14 00:00:00-04:00,1.4830000400543213,1.524999976158142,1.4199999570846558,1.440000057220459,26100,0.0,0.0
2018-03-15 00:00:00-04:00,1.4800000190734863,1.5,1.4299999475479126,1.440000057220459,8900,0.0,0.0
2018-03-16 00:00:00-04:00,1.4700000286102295,1.5099999904632568,1.468999981880188,1.5099999904632568,41800,0.0,0.0
2018-03-19 00:00:00-04:00,1.600000023841858,1.7649999856948853,1.5299999713897705,1.5609999895095825,415100,0.0,0.0
2018-03-20 00:00:00-04:00,1.5700000524520874,1.5989999771118164,1.4299999475479126,1.4800000190734863,95100,0.0,0.0
2018-03-21 00:00:00-04:00,1.4700000286102295,1.5,1.437000036239624,1.4600000381469727,43000,0.0,0.0
2018-03-22 00:00:00-04:00,1.4500000476837158,1.5700000524520874,1.3799999952316284,1.3910000324249268,58200,0.0,0.0
2018-03-23 00:00:00-04:00,1.375,1.409999966621399,1.375,1.399999976158142,16300,0.0,0.0
2018-03-26 00:00:00-04:00,2.009999990463257,2.069999933242798,1.659999966621399,1.7899999618530273,5546700,0.0,0.0
2018-03-27 00:00:00-04:00,1.7400000095367432,1.8600000143051147,1.5800000429153442,1.5800000429153442,548100,0.0,0.0
2018-03-28 00:00:00-04:00,1.5800000429153442,1.5800000429153442,1.4800000190734863,1.5499999523162842,190800,0.0,0.0
2018-03-29 00:00:00-04:00,1.4800000190734863,1.7000000476837158,1.4800000190734863,1.5399999618530273,105300,0.0,0.0
2018-04-02 00:00:00-04:00,1.5499999523162842,1.5959999561309814,1.5230000019073486,1.590000033378601,79900,0.0,0.0
2018-04-03 00:00:00-04:00,1.590000033378601,1.6139999628067017,1.5149999856948853,1.5299999713897705,57700,0.0,0.0
2018-04-04 00:00:00-04:00,1.5700000524520874,1.6299999952316284,1.5,1.6100000143051147,67100,0.0,0.0
2018-04-05 00:00:00-04:00,1.6100000143051147,1.6100000143051147,1.5210000276565552,1.5299999713897705,44000,0.0,0.0
2018-04-06 00:00:00-04:00,1.5399999618530273,1.600000023841858,1.5110000371932983,1.5700000524520874,29700,0.0,0.0
2018-04-09 00:00:00-04:00,1.6299999952316284,1.7799999713897705,1.600000023841858,1.659999966621399,295300,0.0,0.0
2018-04-10 00:00:00-04:00,1.690000057220459,1.7100000381469727,1.659999966621399,1.6799999475479126,75300,0.0,0.0
2018-04-11 00:00:00-04:00,1.6799999475479126,1.7200000286102295,1.649999976158142,1.6699999570846558,57200,0.0,0.0
2018-04-12 00:00:00-04:00,1.6799999475479126,1.7699999809265137,1.6799999475479126,1.7200000286102295,70300,0.0,0.0
2018-04-13 00:00:00-04:00,1.75,1.7599999904632568,1.690000057220459,1.7599999904632568,61000,0.0,0.0
2018-04-16 00:00:00-04:00,1.7999999523162842,1.7999999523162842,1.7000000476837158,1.7300000190734863,93200,0.0,0.0
2018-04-17 00:00:00-04:00,1.75,1.7999999523162842,1.7489999532699585,1.7599999904632568,35700,0.0,0.0
2018-04-18 00:00:00-04:00,1.75,1.7799999713897705,1.7170000076293945,1.75,29700,0.0,0.0
2018-04-19 00:00:00-04:00,1.7300000190734863,1.7799999713897705,1.6799999475479126,1.690000057220459,31300,0.0,0.0
2018-04-20 00:00:00-04:00,1.690000057220459,1.7269999980926514,1.659999966621399,1.690000057220459,28500,0.0,0.0
2018-04-23 00:00:00-04:00,1.7000000476837158,1.7200000286102295,1.6710000038146973,1.6929999589920044,61200,0.0,0.0
2018-04-24 00:00:00-04:00,1.7000000476837158,1.7640000581741333,1.7000000476837158,1.7599999904632568,51700,0.0,0.0
2018-04-25 00:00:00-04:00,1.7400000095367432,1.8799999952316284,1.7400000095367432,1.8569999933242798,166800,0.0,0.0
2018-04-26 00:00:00-04:00,1.8600000143051147,2.1500000953674316,1.7400000095367432,1.8600000143051147,524500,0.0,0.0
2018-04-27 00:00:00-04:00,1.8600000143051147,1.8700000047683716,1.7699999809265137,1.8200000524520874,52300,0.0,0.0
2018-04-30 00:00:00-04:00,1.8200000524520874,1.8559999465942383,1.659999966621399,1.809999942779541,106000,0.0,0.0
2018-05-01 00:00:00-04:00,1.7999999523162842,1.7999999523162842,1.75,1.7999999523162842,23100,0.0,0.0
2018-05-02 00:00:00-04:00,1.75,1.850000023841858,1.75,1.840000033378601,51500,0.0,0.0
2018-05-03 00:00:00-04:00,1.8270000219345093,1.840000033378601,1.75,1.7999999523162842,11100,0.0,0.0
2018-05-04 00:00:00-04:00,1.809999942779541,1.850000023841858,1.649999976158142,1.809000015258789,42900,0.0,0.0
2018-05-07 00:00:00-04:00,1.809999942779541,1.840000033378601,1.7599999904632568,1.7699999809265137,44100,0.0,0.0
2018-05-08 00:00:00-04:00,1.7990000247955322,1.7990000247955322,1.75,1.7699999809265137,19800,0.0,0.0
2018-05-09 00:00:00-04:00,1.809999942779541,1.8200000524520874,1.7699999809265137,1.8200000524520874,15900,0.0,0.0
2018-05-10 00:00:00-04:00,1.809999942779541,1.8739999532699585,1.75,1.75,9000,0.0,0.0
2018-05-11 00:00:00-04:00,1.7599999904632568,1.850000023841858,1.7599999904632568,1.8200000524520874,13600,0.0,0.0
2018-05-14 00:00:00-04:00,1.809999942779541,1.9290000200271606,1.7599999904632568,1.7899999618530273,312500,0.0,0.0
2018-05-15 00:00:00-04:00,1.7899999618530273,1.8289999961853027,1.7200000286102295,1.7200000286102295,89800,0.0,0.0
2018-05-16 00:00:00-04:00,1.7899999618530273,1.7999999523162842,1.75,1.7899999618530273,58600,0.0,0.0
2018-05-17 00:00:00-04:00,1.7710000276565552,1.8200000524520874,1.7510000467300415,1.8200000524520874,48300,0.0,0.0
2018-05-18 00:00:00-04:00,1.8200000524520874,1.8200000524520874,1.7699999809265137,1.7999999523162842,22300,0.0,0.0
2018-05-21 00:00:00-04:00,1.7999999523162842,1.7999999523162842,1.725000023841858,1.7300000190734863,81100,0.0,0.0
2018-05-22 00:00:00-04:00,1.7350000143051147,1.7640000581741333,1.7100000381469727,1.7200000286102295,49600,0.0,0.0
2018-05-23 00:00:00-04:00,1.7200000286102295,1.7200000286102295,1.649999976158142,1.6799999475479126,47300,0.0,0.0
2018-05-24 00:00:00-04:00,1.6799999475479126,1.6799999475479126,1.559999942779541,1.6100000143051147,117300,0.0,0.0
2018-05-25 00:00:00-04:00,1.6299999952316284,1.6430000066757202,1.590000033378601,1.590000033378601,12900,0.0,0.0
2018-05-29 00:00:00-04:00,1.600000023841858,1.6080000400543213,1.4299999475479126,1.4850000143051147,92300,0.0,0.0
2018-05-30 00:00:00-04:00,1.4600000381469727,1.5499999523162842,1.4500000476837158,1.4600000381469727,144600,0.0,0.0
2018-05-31 00:00:00-04:00,1.4299999475479126,1.600000023841858,1.4299999475479126,1.600000023841858,75500,0.0,0.0
2018-06-01 00:00:00-04:00,1.6200000047683716,1.6629999876022339,1.559999942779541,1.6399999856948853,55300,0.0,0.0
2018-06-04 00:00:00-04:00,1.6799999475479126,1.6799999475479126,1.600000023841858,1.6100000143051147,136800,0.0,0.0
2018-06-05 00:00:00-04:00,1.5779999494552612,1.6100000143051147,1.5399999618530273,1.5499999523162842,44200,0.0,0.0
2018-06-06 00:00:00-04:00,1.559999942779541,1.6100000143051147,1.5299999713897705,1.5299999713897705,9000,0.0,0.0
2018-06-07 00:00:00-04:00,1.5399999618530273,1.7100000381469727,1.4700000286102295,1.5199999809265137,305800,0.0,0.0
2018-06-08 00:00:00-04:00,1.5099999904632568,1.5199999809265137,1.4809999465942383,1.5099999904632568,20800,0.0,0.0
2018-06-11 00:00:00-04:00,1.5299999713897705,1.5789999961853027,1.5099999904632568,1.5399999618530273,103300,0.0,0.0
2018-06-12 00:00:00-04:00,1.5299999713897705,1.559999942779541,1.4989999532699585,1.5099999904632568,37300,0.0,0.0
2018-06-13 00:00:00-04:00,1.5099999904632568,1.559999942779541,1.5,1.5199999809265137,17100,0.0,0.0
2018-06-14 00:00:00-04:00,1.5190000534057617,1.5190000534057617,1.5,1.5,6800,0.0,0.0
2018-06-15 00:00:00-04:00,1.4800000190734863,1.5499999523162842,1.4800000190734863,1.4800000190734863,22100,0.0,0.0
2018-06-18 00:00:00-04:00,1.4800000190734863,1.4819999933242798,1.409999966621399,1.4199999570846558,109000,0.0,0.0
2018-06-19 00:00:00-04:00,1.4199999570846558,1.4500000476837158,1.4199999570846558,1.4199999570846558,41700,0.0,0.0
2018-06-20 00:00:00-04:00,1.4199999570846558,1.4600000381469727,1.409999966621399,1.440000057220459,41200,0.0,0.0
2018-06-21 00:00:00-04:00,1.4500000476837158,1.4859999418258667,1.4500000476837158,1.4600000381469727,236800,0.0,0.0
2018-06-22 00:00:00-04:00,1.4700000286102295,1.5499999523162842,1.399999976158142,1.399999976158142,374300,0.0,0.0
2018-06-25 00:00:00-04:00,1.399999976158142,1.440000057220459,1.399999976158142,1.409999966621399,85700,0.0,0.0
2018-06-26 00:00:00-04:00,1.399999976158142,1.430999994277954,1.3700000047683716,1.3799999952316284,55800,0.0,0.0
2018-06-27 00:00:00-04:00,1.3799999952316284,1.4299999475479126,1.350000023841858,1.3799999952316284,48000,0.0,0.0
2018-06-28 00:00:00-04:00,1.3450000286102295,1.3600000143051147,1.2510000467300415,1.2899999618530273,112000,0.0,0.0
2018-06-29 00:00:00-04:00,1.2899999618530273,1.2949999570846558,1.1100000143051147,1.2799999713897705,155400,0.0,0.0
2018-07-02 00:00:00-04:00,1.2799999713897705,1.399999976158142,1.2200000286102295,1.25,19600,0.0,0.0
2018-07-03 00:00:00-04:00,1.2100000381469727,1.2799999713897705,1.1710000038146973,1.25,16600,0.0,0.0
2018-07-05 00:00:00-04:00,1.2899999618530273,1.3799999952316284,1.2239999771118164,1.350000023841858,61900,0.0,0.0
2018-07-06 00:00:00-04:00,1.3200000524520874,1.3200000524520874,1.2699999809265137,1.2999999523162842,42800,0.0,0.0
2018-07-09 00:00:00-04:00,1.25,1.3650000095367432,1.25,1.309999942779541,96300,0.0,0.0
2018-07-10 00:00:00-04:00,1.309999942779541,1.3899999856948853,1.309999942779541,1.3700000047683716,102000,0.0,0.0
2018-07-11 00:00:00-04:00,1.3650000095367432,1.3799999952316284,1.3650000095367432,1.3799999952316284,13500,0.0,0.0
2018-07-12 00:00:00-04:00,1.3700000047683716,1.3799999952316284,1.350000023841858,1.350000023841858,5500,0.0,0.0
2018-07-13 00:00:00-04:00,1.350000023841858,1.4500000476837158,1.350000023841858,1.3700000047683716,119200,0.0,0.0
2018-07-16 00:00:00-04:00,1.3799999952316284,1.440000057220459,1.3799999952316284,1.3799999952316284,54800,0.0,0.0
2018-07-17 00:00:00-04:00,1.399999976158142,1.4299999475479126,1.399999976158142,1.4299999475479126,43500,0.0,0.0
2018-07-18 00:00:00-04:00,1.350000023841858,1.409999966621399,1.2899999618530273,1.350000023841858,83700,0.0,0.0
2018-07-19 00:00:00-04:00,1.3200000524520874,1.4190000295639038,1.309999942779541,1.309999942779541,43300,0.0,0.0
2018-07-20 00:00:00-04:00,1.2899999618530273,1.340000033378601,1.2899999618530273,1.3200000524520874,25100,0.0,0.0
2018-07-23 00:00:00-04:00,1.2699999809265137,1.3200000524520874,1.2699999809265137,1.2999999523162842,28300,0.0,0.0
2018-07-24 00:00:00-04:00,1.340000033378601,1.340000033378601,1.2599999904632568,1.2699999809265137,40100,0.0,0.0
2018-07-25 00:00:00-04:00,1.2799999713897705,1.2890000343322754,1.2599999904632568,1.2799999713897705,9000,0.0,0.0
2018-07-26 00:00:00-04:00,1.2699999809265137,1.2799999713897705,1.2200000286102295,1.2200000286102295,50500,0.0,0.0
2018-07-27 00:00:00-04:00,1.2200000286102295,1.340000033378601,1.121999979019165,1.2300000190734863,64100,0.0,0.0
2018-07-30 00:00:00-04:00,1.2400000095367432,1.2400000095367432,1.2000000476837158,1.2300000190734863,34400,0.0,0.0
2018-07-31 00:00:00-04:00,1.2300000190734863,1.399999976158142,1.2000000476837158,1.3600000143051147,35300,0.0,0.0
2018-08-01 00:00:00-04:00,1.2999999523162842,1.2999999523162842,1.2100000381469727,1.2599999904632568,18400,0.0,0.0
2018-08-02 00:00:00-04:00,1.2599999904632568,1.3589999675750732,1.2200000286102295,1.309999942779541,18700,0.0,0.0
2018-08-03 00:00:00-04:00,1.2999999523162842,1.2999999523162842,1.2100000381469727,1.2300000190734863,4600,0.0,0.0
2018-08-06 00:00:00-04:00,1.2200000286102295,1.2599999904632568,1.2200000286102295,1.2400000095367432,4200,0.0,0.0
2018-08-07 00:00:00-04:00,1.2599999904632568,1.2599999904632568,1.2230000495910645,1.2400000095367432,16900,0.0,0.0
2018-08-08 00:00:00-04:00,1.2599999904632568,1.3700000047683716,1.25,1.340000033378601,82100,0.0,0.0
2018-08-09 00:00:00-04:00,1.350000023841858,1.4199999570846558,1.2000000476837158,1.25,54200,0.0,0.0
2018-08-10 00:00:00-04:00,1.2400000095367432,1.2400000095367432,1.190999984741211,1.2200000286102295,7100,0.0,0.0
2018-08-13 00:00:00-04:00,1.2000000476837158,1.3300000429153442,1.059999942779541,1.149999976158142,65900,0.0,0.0
2018-08-14 00:00:00-04:00,1.149999976158142,1.190000057220459,1.1299999952316284,1.190000057220459,16800,0.0,0.0
2018-08-15 00:00:00-04:00,1.159999966621399,1.159999966621399,1.090000033378601,1.1200000047683716,41900,0.0,0.0
2018-08-16 00:00:00-04:00,1.059999942779541,1.090999960899353,1.0199999809265137,1.090000033378601,21900,0.0,0.0
2018-08-17 00:00:00-04:00,1.0499999523162842,1.0959999561309814,1.0099999904632568,1.0399999618530273,16800,0.0,0.0
2018-08-20 00:00:00-04:00,0.9959999918937683,1.0199999809265137,0.9200000166893005,0.9670000076293945,52600,0.0,0.0
2018-08-21 00:00:00-04:00,0.9300000071525574,0.9879999756813049,0.9300000071525574,0.9470000267028809,34500,0.0,0.0
2018-08-22 00:00:00-04:00,0.890999972820282,1.090000033378601,0.890999972820282,1.090000033378601,78900,0.0,0.0
2018-08-23 00:00:00-04:00,1.090000033378601,1.090000033378601,1.0140000581741333,1.0700000524520874,25500,0.0,0.0
2018-08-24 00:00:00-04:00,1.100000023841858,1.1399999856948853,1.100000023841858,1.1399999856948853,38000,0.0,0.0
2018-08-27 00:00:00-04:00,1.3799999952316284,1.3799999952316284,1.0099999904632568,1.0399999618530273,157200,0.0,0.0
2018-08-28 00:00:00-04:00,1.149999976158142,1.149999976158142,0.9800000190734863,1.0499999523162842,24500,0.0,0.0
2018-08-29 00:00:00-04:00,1.0399999618530273,1.0499999523162842,0.9900000095367432,1.0099999904632568,28100,0.0,0.0
2018-08-30 00:00:00-04:00,1.0499999523162842,1.0499999523162842,0.9950000047683716,1.0099999904632568,28500,0.0,0.0
2018-08-31 00:00:00-04:00,1.0,1.100000023841858,1.0,1.100000023841858,55400,0.0,0.0
2018-09-04 00:00:00-04:00,1.059999942779541,1.059999942779541,0.9599999785423279,0.9800000190734863,37700,0.0,0.0
2018-09-05 00:00:00-04:00,1.0499999523162842,1.0499999523162842,0.9549999833106995,1.027999997138977,63000,0.0,0.0
2018-09-06 00:00:00-04:00,1.0199999809265137,1.0499999523162842,0.9200000166893005,0.9200000166893005,43900,0.0,0.0
2018-09-07 00:00:00-04:00,0.9660000205039978,0.9900000095367432,0.9660000205039978,0.9900000095367432,34300,0.0,0.0
2018-09-10 00:00:00-04:00,0.9900000095367432,0.9900000095367432,0.9300000071525574,0.9900000095367432,34600,0.0,0.0
2018-09-11 00:00:00-04:00,0.9900000095367432,0.9900000095367432,0.9599999785423279,0.9800000190734863,46100,0.0,0.0
2018-09-12 00:00:00-04:00,0.9900000095367432,0.9900000095367432,0.9599999785423279,0.9800000190734863,73400,0.0,0.0
2018-09-13 00:00:00-04:00,1.0,1.0800000429153442,0.9620000123977661,1.0800000429153442,154600,0.0,0.0
2018-09-14 00:00:00-04:00,1.0800000429153442,1.100000023841858,1.0,1.0,118100,0.0,0.0
2018-09-17 00:00:00-04:00,1.059999942779541,1.059999942779541,0.9800000190734863,1.0,70100,0.0,0.0
2018-09-18 00:00:00-04:00,1.0,1.0,0.9599999785423279,0.9900000095367432,28800,0.0,0.0
2018-09-19 00:00:00-04:00,1.0,1.0399999618530273,0.9599999785423279,1.0399999618530273,13400,0.0,0.0
2018-09-20 00:00:00-04:00,1.0,1.0299999713897705,0.9800000190734863,0.9800000190734863,67300,0.0,0.0
2018-09-21 00:00:00-04:00,1.0,1.0,0.949999988079071,0.949999988079071,19500,0.0,0.0
2018-09-24 00:00:00-04:00,0.9599999785423279,0.9850000143051147,0.949999988079071,0.9599999785423279,40700,0.0,0.0
2018-09-25 00:00:00-04:00,0.9900000095367432,0.9900000095367432,0.9200000166893005,0.9300000071525574,99100,0.0,0.0
2018-09-26 00:00:00-04:00,0.9399999976158142,0.949999988079071,0.8999999761581421,0.8999999761581421,102800,0.0,0.0
2018-09-27 00:00:00-04:00,0.9200000166893005,0.9200000166893005,0.8600000143051147,0.8999999761581421,77700,0.0,0.0
2018-09-28 00:00:00-04:00,0.9200000166893005,0.9700000286102295,0.8600000143051147,0.9700000286102295,87600,0.0,0.0
2018-10-01 00:00:00-04:00,0.9200000166893005,0.9200000166893005,0.8629999756813049,0.8930000066757202,21900,0.0,0.0
2018-10-02 00:00:00-04:00,0.8999999761581421,0.8999999761581421,0.8640000224113464,0.8999999761581421,35700,0.0,0.0
2018-10-03 00:00:00-04:00,0.8999999761581421,0.9200000166893005,0.8500000238418579,0.9200000166893005,98200,0.0,0.0
2018-10-04 00:00:00-04:00,0.9200000166893005,0.9900000095367432,0.8899999856948853,0.9900000095367432,157400,0.0,0.0
2018-10-05 00:00:00-04:00,0.9599999785423279,0.9700000286102295,0.8999999761581421,0.9700000286102295,49000,0.0,0.0
2018-10-08 00:00:00-04:00,0.9900000095367432,0.9900000095367432,0.9200000166893005,0.9300000071525574,8500,0.0,0.0
2018-10-09 00:00:00-04:00,0.8999999761581421,0.949999988079071,0.8999999761581421,0.9300000071525574,19200,0.0,0.0
2018-10-10 00:00:00-04:00,0.949999988079071,0.949999988079071,0.9120000004768372,0.9120000004768372,14500,0.0,0.0
2018-10-11 00:00:00-04:00,0.8999999761581421,0.9169999957084656,0.8899999856948853,0.8920000195503235,41800,0.0,0.0
2018-10-12 00:00:00-04:00,0.949999988079071,0.949999988079071,0.8999999761581421,0.9300000071525574,20100,0.0,0.0
2018-10-15 00:00:00-04:00,0.9300000071525574,0.9399999976158142,0.8999999761581421,0.9399999976158142,14000,0.0,0.0
2018-10-16 00:00:00-04:00,0.949999988079071,0.949999988079071,0.8799999952316284,0.949999988079071,31100,0.0,0.0
2018-10-17 00:00:00-04:00,0.949999988079071,0.949999988079071,0.9200000166893005,0.949999988079071,38300,0.0,0.0
2018-10-18 00:00:00-04:00,0.9100000262260437,0.9900000095367432,0.9100000262260437,0.9700000286102295,74800,0.0,0.0
2018-10-19 00:00:00-04:00,0.9900000095367432,1.25,0.9319999814033508,1.090000033378601,284700,0.0,0.0
2018-10-22 00:00:00-04:00,1.149999976158142,1.190000057220459,1.0099999904632568,1.0800000429153442,127300,0.0,0.0
2018-10-23 00:00:00-04:00,1.090000033378601,1.090000033378601,1.0199999809265137,1.059999942779541,108900,0.0,0.0
2018-10-24 00:00:00-04:00,1.0800000429153442,1.0800000429153442,1.0,1.0800000429153442,93600,0.0,0.0
2018-10-25 00:00:00-04:00,1.0700000524520874,1.0700000524520874,1.0010000467300415,1.0399999618530273,19300,0.0,0.0
2018-10-26 00:00:00-04:00,1.0219999551773071,1.2400000095367432,1.0219999551773071,1.1100000143051147,65500,0.0,0.0
2018-10-29 00:00:00-04:00,1.100000023841858,1.2999999523162842,1.0479999780654907,1.0499999523162842,107300,0.0,0.0
2018-10-30 00:00:00-04:00,1.0299999713897705,1.0800000429153442,1.0299999713897705,1.0800000429153442,11800,0.0,0.0
2018-10-31 00:00:00-04:00,1.031000018119812,1.0800000429153442,1.0,1.0,82900,0.0,0.0
2018-11-01 00:00:00-04:00,1.0049999952316284,1.25,1.0049999952316284,1.1100000143051147,341300,0.0,0.0
2018-11-02 00:00:00-04:00,1.1100000143051147,1.24399995803833,1.100000023841858,1.100000023841858,162100,0.0,0.0
2018-11-05 00:00:00-05:00,1.100000023841858,1.25,1.100000023841858,1.1100000143051147,56900,0.0,0.0
2018-11-06 00:00:00-05:00,1.1200000047683716,1.1799999475479126,1.1200000047683716,1.1799999475479126,24000,0.0,0.0
2018-11-07 00:00:00-05:00,1.1699999570846558,1.1799999475479126,1.1299999952316284,1.1299999952316284,36600,0.0,0.0
2018-11-08 00:00:00-05:00,1.1200000047683716,1.1299999952316284,1.1200000047683716,1.1200000047683716,37300,0.0,0.0
2018-11-09 00:00:00-05:00,1.149999976158142,1.159999966621399,1.1419999599456787,1.159999966621399,27100,0.0,0.0
2018-11-12 00:00:00-05:00,1.2000000476837158,1.3200000524520874,1.059999942779541,1.100000023841858,431100,0.0,0.0
2018-11-13 00:00:00-05:00,1.0499999523162842,1.0499999523162842,0.800000011920929,0.9480000138282776,352600,0.0,0.0
2018-11-14 00:00:00-05:00,0.8510000109672546,1.0,0.8500000238418579,0.8500000238418579,97700,0.0,0.0
2018-11-15 00:00:00-05:00,0.8500000238418579,0.8500000238418579,0.7749999761581421,0.7799999713897705,182400,0.0,0.0
2018-11-16 00:00:00-05:00,0.800000011920929,0.8500000238418579,0.800000011920929,0.8109999895095825,7100,0.0,0.0
2018-11-19 00:00:00-05:00,0.8199999928474426,0.8199999928474426,0.6809999942779541,0.6909999847412109,186700,0.0,0.0
2018-11-20 00:00:00-05:00,0.75,0.9100000262260437,0.699999988079071,0.8299999833106995,146800,0.0,0.0
2018-11-21 00:00:00-05:00,0.8100000023841858,0.9399999976158142,0.781000018119812,0.7950000166893005,54500,0.0,0.0
2018-11-23 00:00:00-05:00,0.8700000047683716,0.8700000047683716,0.7599999904632568,0.7599999904632568,15900,0.0,0.0
2018-11-26 00:00:00-05:00,0.7699999809265137,0.8500000238418579,0.7699999809265137,0.777999997138977,90700,0.0,0.0
2018-11-27 00:00:00-05:00,0.7599999904632568,0.800000011920929,0.7039999961853027,0.7400000095367432,146400,0.0,0.0
2018-11-28 00:00:00-05:00,0.7400000095367432,0.7799999713897705,0.6840000152587891,0.7580000162124634,56900,0.0,0.0
2018-11-29 00:00:00-05:00,0.7879999876022339,0.7879999876022339,0.7400000095367432,0.7480000257492065,36800,0.0,0.0
2018-11-30 00:00:00-05:00,0.7699999809265137,0.7699999809265137,0.7300000190734863,0.7400000095367432,25200,0.0,0.0
2018-12-03 00:00:00-05:00,0.7229999899864197,0.9100000262260437,0.7229999899864197,0.8199999928474426,72800,0.0,0.0
2018-12-04 00:00:00-05:00,0.7599999904632568,0.9100000262260437,0.7599999904632568,0.8899999856948853,63900,0.0,0.0
2018-12-06 00:00:00-05:00,0.8980000019073486,0.9079999923706055,0.824999988079071,0.824999988079071,17000,0.0,0.0
2018-12-07 00:00:00-05:00,0.824999988079071,0.8859999775886536,0.7599999904632568,0.7599999904632568,24800,0.0,0.0
2018-12-10 00:00:00-05:00,0.7599999904632568,0.800000011920929,0.7599999904632568,0.7649999856948853,8700,0.0,0.0
2018-12-11 00:00:00-05:00,0.7480000257492065,0.7480000257492065,0.699999988079071,0.7009999752044678,34600,0.0,0.0
2018-12-12 00:00:00-05:00,0.7239999771118164,0.7979999780654907,0.7239999771118164,0.7599999904632568,45000,0.0,0.0
2018-12-13 00:00:00-05:00,0.7900000214576721,0.8500000238418579,0.7300000190734863,0.8399999737739563,31100,0.0,0.0
2018-12-14 00:00:00-05:00,0.8389999866485596,0.8389999866485596,0.7200000286102295,0.7300000190734863,41500,0.0,0.0
2018-12-17 00:00:00-05:00,0.7250000238418579,0.7250000238418579,0.6600000262260437,0.6800000071525574,154500,0.0,0.0
2018-12-18 00:00:00-05:00,0.6840000152587891,0.699999988079071,0.6800000071525574,0.699999988079071,8200,0.0,0.0
2018-12-19 00:00:00-05:00,0.699999988079071,0.699999988079071,0.656000018119812,0.6600000262260437,153500,0.0,0.0
2018-12-20 00:00:00-05:00,0.656000018119812,0.699999988079071,0.656000018119812,0.699999988079071,125900,0.0,0.0
2018-12-21 00:00:00-05:00,0.699999988079071,0.8399999737739563,0.6600000262260437,0.8399999737739563,170000,0.0,0.0
2018-12-24 00:00:00-05:00,0.7400000095367432,0.8600000143051147,0.6800000071525574,0.8579999804496765,233500,0.0,0.0
2018-12-26 00:00:00-05:00,0.8500000238418579,0.8600000143051147,0.6949999928474426,0.8080000281333923,222600,0.0,0.0
2018-12-27 00:00:00-05:00,0.800000011920929,0.8199999928474426,0.7480000257492065,0.7480000257492065,105700,0.0,0.0
2018-12-28 00:00:00-05:00,0.7200000286102295,0.7770000100135803,0.6850000023841858,0.7390000224113464,78400,0.0,0.0
2018-12-31 00:00:00-05:00,0.7099999785423279,0.8100000023841858,0.7099999785423279,0.7760000228881836,102100,0.0,0.0
2019-01-02 00:00:00-05:00,0.8500000238418579,0.8500000238418579,0.7239999771118164,0.7639999985694885,37000,0.0,0.0
2019-01-03 00:00:00-05:00,0.7509999871253967,0.8500000238418579,0.7350000143051147,0.7599999904632568,55600,0.0,0.0
2019-01-04 00:00:00-05:00,0.7850000262260437,0.8899999856948853,0.7850000262260437,0.8460000157356262,30800,0.0,0.0
2019-01-07 00:00:00-05:00,0.8700000047683716,0.9100000262260437,0.8399999737739563,0.8420000076293945,50100,0.0,0.0
2019-01-08 00:00:00-05:00,0.8600000143051147,0.8989999890327454,0.8500000238418579,0.8799999952316284,22100,0.0,0.0
2019-01-09 00:00:00-05:00,0.8999999761581421,0.8999999761581421,0.8199999928474426,0.8199999928474426,36400,0.0,0.0
2019-01-10 00:00:00-05:00,0.8700000047683716,0.8960000276565552,0.8149999976158142,0.8149999976158142,30600,0.0,0.0
2019-01-11 00:00:00-05:00,0.8240000009536743,0.8299999833106995,0.8059999942779541,0.8299999833106995,8800,0.0,0.0
2019-01-14 00:00:00-05:00,0.800000011920929,0.8759999871253967,0.800000011920929,0.8050000071525574,11400,0.0,0.0
2019-01-15 00:00:00-05:00,0.8399999737739563,0.8500000238418579,0.8040000200271606,0.8399999737739563,18000,0.0,0.0
2019-01-16 00:00:00-05:00,0.8299999833106995,0.8700000047683716,0.7799999713897705,0.7900000214576721,70100,0.0,0.0
2019-01-17 00:00:00-05:00,0.7850000262260437,0.8199999928474426,0.7850000262260437,0.7900000214576721,9200,0.0,0.0
2019-01-18 00:00:00-05:00,0.7799999713897705,0.8999999761581421,0.7799999713897705,0.8450000286102295,12900,0.0,0.0
2019-01-22 00:00:00-05:00,0.8500000238418579,0.8500000238418579,0.7919999957084656,0.7919999957084656,27200,0.0,0.0
2019-01-23 00:00:00-05:00,0.8100000023841858,0.8100000023841858,0.7799999713897705,0.7900000214576721,22000,0.0,0.0
2019-01-24 00:00:00-05:00,0.7799999713897705,0.7960000038146973,0.75,0.7860000133514404,6700,0.0,0.0
2019-01-25 00:00:00-05:00,0.7889999747276306,0.7889999747276306,0.7400000095367432,0.75,66600,0.0,0.0
2019-01-28 00:00:00-05:00,0.7799999713897705,0.7799999713897705,0.7179999947547913,0.75,137400,0.0,0.0
2019-01-29 00:00:00-05:00,0.7440000176429749,0.7519999742507935,0.7200000286102295,0.7200000286102295,155800,0.0,0.0
2019-01-30 00:00:00-05:00,0.7200000286102295,0.7300000190734863,0.6800000071525574,0.7059999704360962,146500,0.0,0.0
2019-01-31 00:00:00-05:00,0.7039999961853027,0.7400000095367432,0.6890000104904175,0.7400000095367432,150400,0.0,0.0
2019-02-01 00:00:00-05:00,0.7300000190734863,0.75,0.6700000166893005,0.6980000138282776,45600,0.0,0.0
2019-02-04 00:00:00-05:00,0.7039999961853027,0.8199999928474426,0.699999988079071,0.7699999809265137,62000,0.0,0.0
2019-02-05 00:00:00-05:00,0.7400000095367432,0.8100000023841858,0.7099999785423279,0.7200000286102295,41000,0.0,0.0
2019-02-06 00:00:00-05:00,0.7099999785423279,0.7360000014305115,0.6899999976158142,0.703000009059906,19900,0.0,0.0
2019-02-07 00:00:00-05:00,0.6899999976158142,0.7409999966621399,0.6899999976158142,0.7160000205039978,11300,0.0,0.0
2019-02-08 00:00:00-05:00,0.7480000257492065,0.7480000257492065,0.6520000100135803,0.6520000100135803,38100,0.0,0.0
2019-02-11 00:00:00-05:00,0.6700000166893005,0.7099999785423279,0.6639999747276306,0.6700000166893005,55300,0.0,0.0
2019-02-12 00:00:00-05:00,0.6520000100135803,0.7300000190734863,0.6520000100135803,0.7200000286102295,73700,0.0,0.0
2019-02-13 00:00:00-05:00,0.7300000190734863,0.7450000047683716,0.6800000071525574,0.7300000190734863,62600,0.0,0.0
2019-02-14 00:00:00-05:00,0.699999988079071,0.7310000061988831,0.6809999942779541,0.7300000190734863,42000,0.0,0.0
2019-02-15 00:00:00-05:00,0.6800000071525574,0.7400000095367432,0.6499999761581421,0.7300000190734863,13500,0.0,0.0
2019-02-19 00:00:00-05:00,0.7300000190734863,0.7300000190734863,0.7099999785423279,0.7200000286102295,22200,0.0,0.0
2019-02-20 00:00:00-05:00,0.699999988079071,0.7200000286102295,0.6700000166893005,0.699999988079071,29900,0.0,0.0
2019-02-21 00:00:00-05:00,0.7039999961853027,0.7400000095367432,0.7009999752044678,0.7400000095367432,32200,0.0,0.0
2019-02-22 00:00:00-05:00,0.7319999933242798,0.7699999809265137,0.722000002861023,0.75,27600,0.0,0.0
2019-02-25 00:00:00-05:00,0.7699999809265137,0.7699999809265137,0.7300000190734863,0.7649999856948853,44600,0.0,0.0
2019-02-26 00:00:00-05:00,0.7699999809265137,0.7699999809265137,0.7129999995231628,0.7129999995231628,38700,0.0,0.0
2019-02-27 00:00:00-05:00,0.699999988079071,0.7409999966621399,0.699999988079071,0.699999988079071,20000,0.0,0.0
2019-02-28 00:00:00-05:00,0.699999988079071,0.7139999866485596,0.6899999976158142,0.7049999833106995,74300,0.0,0.0
2019-03-01 00:00:00-05:00,0.7599999904632568,0.7599999904632568,0.7160000205039978,0.7300000190734863,24300,0.0,0.0
2019-03-04 00:00:00-05:00,0.7300000190734863,0.7300000190734863,0.6840000152587891,0.7200000286102295,122500,0.0,0.0
2019-03-05 00:00:00-05:00,0.7009999752044678,0.7300000190734863,0.6840000152587891,0.6980000138282776,42700,0.0,0.0
2019-03-06 00:00:00-05:00,0.6990000009536743,0.7360000014305115,0.6919999718666077,0.7300000190734863,19200,0.0,0.0
2019-03-07 00:00:00-05:00,0.6930000185966492,0.7319999933242798,0.6899999976158142,0.7110000252723694,74200,0.0,0.0
2019-03-08 00:00:00-05:00,0.6899999976158142,0.7649999856948853,0.6899999976158142,0.703000009059906,7500,0.0,0.0
2019-03-11 00:00:00-04:00,0.7200000286102295,0.7200000286102295,0.6899999976158142,0.699999988079071,3400,0.0,0.0
2019-03-12 00:00:00-04:00,0.6940000057220459,0.699999988079071,0.6700000166893005,0.6919999718666077,24500,0.0,0.0
2019-03-13 00:00:00-04:00,0.6940000057220459,0.75,0.6940000057220459,0.7099999785423279,35300,0.0,0.0
2019-03-14 00:00:00-04:00,0.7400000095367432,0.7649999856948853,0.6919999718666077,0.7039999961853027,26500,0.0,0.0
2019-03-15 00:00:00-04:00,0.7400000095367432,0.7400000095367432,0.699999988079071,0.7200000286102295,20700,0.0,0.0
2019-03-18 00:00:00-04:00,0.7289999723434448,0.7459999918937683,0.5799999833106995,0.6759999990463257,85700,0.0,0.0
2019-03-19 00:00:00-04:00,0.6639999747276306,0.699999988079071,0.6299999952316284,0.6769999861717224,44300,0.0,0.0
2019-03-20 00:00:00-04:00,0.699999988079071,0.699999988079071,0.6399999856948853,0.6740000247955322,120500,0.0,0.0
2019-03-21 00:00:00-04:00,0.6710000038146973,0.6899999976158142,0.6499999761581421,0.6499999761581421,29800,0.0,0.0
2019-03-22 00:00:00-04:00,0.6899999976158142,0.8700000047683716,0.6600000262260437,0.8159999847412109,487100,0.0,0.0
2019-03-25 00:00:00-04:00,0.8100000023841858,0.8100000023841858,0.6299999952316284,0.7450000047683716,475600,0.0,0.0
2019-03-26 00:00:00-04:00,0.7300000190734863,0.7900000214576721,0.6620000004768372,0.7020000219345093,155000,0.0,0.0
2019-03-27 00:00:00-04:00,0.75,0.7699999809265137,0.699999988079071,0.7400000095367432,47200,0.0,0.0
2019-03-28 00:00:00-04:00,0.7480000257492065,0.7699999809265137,0.6850000023841858,0.7599999904632568,137100,0.0,0.0
2019-03-29 00:00:00-04:00,0.7400000095367432,0.7559999823570251,0.7360000014305115,0.7369999885559082,247300,0.0,0.0
2019-04-01 00:00:00-04:00,0.75,0.75,0.6819999814033508,0.7009999752044678,41900,0.0,0.0
2019-04-02 00:00:00-04:00,0.6899999976158142,0.7300000190734863,0.6899999976158142,0.7179999947547913,76400,0.0,0.0
2019-04-03 00:00:00-04:00,0.7400000095367432,0.7400000095367432,0.699999988079071,0.699999988079071,61600,0.0,0.0
2019-04-04 00:00:00-04:00,0.7179999947547913,0.722000002861023,0.6899999976158142,0.7070000171661377,49700,0.0,0.0
2019-04-05 00:00:00-04:00,0.6800000071525574,0.7200000286102295,0.6600000262260437,0.7059999704360962,85100,0.0,0.0
2019-04-08 00:00:00-04:00,0.7160000205039978,0.7360000014305115,0.699999988079071,0.7300000190734863,63000,0.0,0.0
2019-04-09 00:00:00-04:00,0.7400000095367432,0.75,0.7139999866485596,0.7149999737739563,39500,0.0,0.0
2019-04-10 00:00:00-04:00,0.7200000286102295,0.7390000224113464,0.7149999737739563,0.7200000286102295,102800,0.0,0.0
2019-04-11 00:00:00-04:00,0.7269999980926514,0.7300000190734863,0.699999988079071,0.7300000190734863,50900,0.0,0.0
2019-04-12 00:00:00-04:00,0.7400000095367432,0.7400000095367432,0.6850000023841858,0.699999988079071,41600,0.0,0.0
2019-04-15 00:00:00-04:00,0.699999988079071,0.7350000143051147,0.6850000023841858,0.6880000233650208,113700,0.0,0.0
2019-04-16 00:00:00-04:00,0.6949999928474426,0.7400000095367432,0.6850000023841858,0.7250000238418579,84500,0.0,0.0
2019-04-17 00:00:00-04:00,0.7250000238418579,0.7599999904632568,0.7099999785423279,0.7099999785423279,149400,0.0,0.0
2019-04-18 00:00:00-04:00,0.7200000286102295,0.7599999904632568,0.7200000286102295,0.7379999756813049,116700,0.0,0.0
2019-04-22 00:00:00-04:00,0.7289999723434448,0.7599999904632568,0.7279999852180481,0.7400000095367432,91100,0.0,0.0
2019-04-23 00:00:00-04:00,0.7400000095367432,0.7599999904632568,0.7300000190734863,0.7369999885559082,85800,0.0,0.0
2019-04-24 00:00:00-04:00,0.7300000190734863,0.7400000095367432,0.7179999947547913,0.7210000157356262,36700,0.0,0.0
2019-04-25 00:00:00-04:00,0.7310000061988831,0.7400000095367432,0.7099999785423279,0.7400000095367432,102700,0.0,0.0
2019-04-26 00:00:00-04:00,0.7179999947547913,0.7990000247955322,0.7179999947547913,0.7699999809265137,182100,0.0,0.0
2019-04-29 00:00:00-04:00,0.7770000100135803,0.8399999737739563,0.7699999809265137,0.7900000214576721,108100,0.0,0.0
2019-04-30 00:00:00-04:00,0.8399999737739563,0.9300000071525574,0.8199999928474426,0.8299999833106995,556400,0.0,0.0
2019-05-01 00:00:00-04:00,0.8500000238418579,0.8999999761581421,0.8339999914169312,0.8740000128746033,274300,0.0,0.0
2019-05-02 00:00:00-04:00,0.8949999809265137,0.8949999809265137,0.800000011920929,0.8119999766349792,215600,0.0,0.0
2019-05-03 00:00:00-04:00,0.8399999737739563,0.8600000143051147,0.8199999928474426,0.8389999866485596,123200,0.0,0.0
2019-05-06 00:00:00-04:00,0.8500000238418579,0.8600000143051147,0.8199999928474426,0.824999988079071,33900,0.0,0.0
2019-05-07 00:00:00-04:00,0.8999999761581421,0.925000011920929,0.8700000047683716,0.8799999952316284,400100,0.0,0.0
2019-05-08 00:00:00-04:00,0.8870000243186951,0.8870000243186951,0.8759999871253967,0.8759999871253967,74200,0.0,0.0
2019-05-09 00:00:00-04:00,0.878000020980835,0.8799999952316284,0.8259999752044678,0.8379999995231628,125000,0.0,0.0
2019-05-10 00:00:00-04:00,0.8379999995231628,0.8799999952316284,0.8379999995231628,0.8629999756813049,70400,0.0,0.0
2019-05-13 00:00:00-04:00,0.8799999952316284,0.8799999952316284,0.8199999928474426,0.8299999833106995,110600,0.0,0.0
2019-05-14 00:00:00-04:00,0.8500000238418579,0.8500000238418579,0.800000011920929,0.8069999814033508,93100,0.0,0.0
2019-05-15 00:00:00-04:00,0.8100000023841858,0.8299999833106995,0.7200000286102295,0.75,157000,0.0,0.0
2019-05-16 00:00:00-04:00,0.75,0.75,0.7200000286102295,0.7260000109672546,129600,0.0,0.0
2019-05-17 00:00:00-04:00,0.7400000095367432,0.7580000162124634,0.7099999785423279,0.7580000162124634,86100,0.0,0.0
2019-05-20 00:00:00-04:00,0.7799999713897705,0.7990000247955322,0.7200000286102295,0.7289999723434448,80900,0.0,0.0
2019-05-21 00:00:00-04:00,0.7099999785423279,0.765999972820282,0.6800000071525574,0.7350000143051147,188200,0.0,0.0
2019-05-22 00:00:00-04:00,0.6299999952316284,0.6299999952316284,0.550000011920929,0.550000011920929,607600,0.0,0.0
2019-05-23 00:00:00-04:00,0.5550000071525574,0.5600000023841858,0.550000011920929,0.5600000023841858,123600,0.0,0.0
2019-05-24 00:00:00-04:00,0.5730000138282776,0.5759999752044678,0.550000011920929,0.550000011920929,134800,0.0,0.0
2019-05-28 00:00:00-04:00,0.5400000214576721,0.550000011920929,0.5019999742507935,0.5199999809265137,70700,0.0,0.0
2019-05-29 00:00:00-04:00,0.5199999809265137,0.5329999923706055,0.5,0.5099999904632568,99400,0.0,0.0
2019-05-30 00:00:00-04:00,0.5099999904632568,0.5350000262260437,0.5049999952316284,0.5149999856948853,34600,0.0,0.0
2019-05-31 00:00:00-04:00,0.515999972820282,0.515999972820282,0.49300000071525574,0.4959999918937683,49400,0.0,0.0
2019-06-03 00:00:00-04:00,0.49000000953674316,0.49900001287460327,0.47999998927116394,0.4950000047683716,39500,0.0,0.0
2019-06-04 00:00:00-04:00,0.5,0.5199999809265137,0.49000000953674316,0.5099999904632568,129200,0.0,0.0
2019-06-05 00:00:00-04:00,0.5099999904632568,0.5220000147819519,0.4740000069141388,0.47999998927116394,20000,0.0,0.0
2019-06-06 00:00:00-04:00,0.5099999904632568,0.550000011920929,0.492000013589859,0.492000013589859,255400,0.0,0.0
2019-06-07 00:00:00-04:00,0.5189999938011169,0.5189999938011169,0.460999995470047,0.47999998927116394,53000,0.0,0.0
2019-06-10 00:00:00-04:00,0.49000000953674316,0.6200000047683716,0.47099998593330383,0.5490000247955322,482800,0.0,0.0
2019-06-11 00:00:00-04:00,0.6299999952316284,0.6299999952316284,0.503000020980835,0.5080000162124634,225900,0.0,0.0
2019-06-12 00:00:00-04:00,0.5,0.5180000066757202,0.4729999899864197,0.47999998927116394,37400,0.0,0.0
2019-06-13 00:00:00-04:00,0.4729999899864197,0.48500001430511475,0.41999998688697815,0.4749999940395355,58500,0.0,0.0
2019-06-14 00:00:00-04:00,0.44999998807907104,0.4749999940395355,0.4399999976158142,0.44999998807907104,66600,0.0,0.0
2019-06-17 00:00:00-04:00,0.44999998807907104,0.4749999940395355,0.4320000112056732,0.46000000834465027,108800,0.0,0.0
2019-06-18 00:00:00-04:00,0.4749999940395355,0.4749999940395355,0.44999998807907104,0.4659999907016754,49600,0.0,0.0
2019-06-19 00:00:00-04:00,0.4429999887943268,0.4749999940395355,0.4429999887943268,0.4699999988079071,72700,0.0,0.0
2019-06-20 00:00:00-04:00,0.4749999940395355,0.5199999809265137,0.4749999940395355,0.492000013589859,178100,0.0,0.0
2019-06-21 00:00:00-04:00,0.5,0.5199999809265137,0.49000000953674316,0.5049999952316284,54800,0.0,0.0
2019-06-24 00:00:00-04:00,0.5149999856948853,0.5260000228881836,0.4909999966621399,0.503000020980835,35600,0.0,0.0
2019-06-25 00:00:00-04:00,0.5299999713897705,0.5299999713897705,0.4519999921321869,0.5,59300,0.0,0.0
2019-06-26 00:00:00-04:00,0.5,0.5,0.4729999899864197,0.4729999899864197,19500,0.0,0.0
2019-06-27 00:00:00-04:00,0.4729999899864197,0.5249999761581421,0.4429999887943268,0.45500001311302185,82300,0.0,0.0
2019-06-28 00:00:00-04:00,0.46299999952316284,0.5299999713897705,0.46299999952316284,0.4650000035762787,119500,0.0,0.0
2019-07-01 00:00:00-04:00,0.47999998927116394,0.5230000019073486,0.4699999988079071,0.4749999940395355,47300,0.0,0.0
2019-07-02 00:00:00-04:00,0.5199999809265137,0.5400000214576721,0.5099999904632568,0.5099999904632568,25100,0.0,0.0
2019-07-03 00:00:00-04:00,0.5,0.503000020980835,0.4749999940395355,0.47600001096725464,56500,0.0,0.0
2019-07-05 00:00:00-04:00,0.47999998927116394,0.49799999594688416,0.4699999988079071,0.4740000069141388,17700,0.0,0.0
2019-07-08 00:00:00-04:00,0.4699999988079071,0.48399999737739563,0.4699999988079071,0.47099998593330383,44600,0.0,0.0
2019-07-09 00:00:00-04:00,0.4729999899864197,0.4729999899864197,0.46000000834465027,0.4650000035762787,35700,0.0,0.0
2019-07-10 00:00:00-04:00,0.4729999899864197,0.4869999885559082,0.4699999988079071,0.4729999899864197,14700,0.0,0.0
2019-07-11 00:00:00-04:00,0.4699999988079071,0.48899999260902405,0.4699999988079071,0.4699999988079071,34700,0.0,0.0
2019-07-12 00:00:00-04:00,0.46000000834465027,0.4830000102519989,0.46000000834465027,0.46000000834465027,40800,0.0,0.0
2019-07-15 00:00:00-04:00,0.46000000834465027,0.4620000123977661,0.4000000059604645,0.4099999964237213,76300,0.0,0.0
2019-07-16 00:00:00-04:00,0.4099999964237213,0.4099999964237213,0.3610000014305115,0.4090000092983246,201700,0.0,0.0
2019-07-17 00:00:00-04:00,0.4000000059604645,0.40299999713897705,0.37400001287460327,0.4000000059604645,27900,0.0,0.0
2019-07-18 00:00:00-04:00,0.4000000059604645,0.40299999713897705,0.37400001287460327,0.38199999928474426,220500,0.0,0.0
2019-07-19 00:00:00-04:00,0.3799999952316284,0.4090000092983246,0.3799999952316284,0.4000000059604645,150000,0.0,0.0
2019-07-22 00:00:00-04:00,0.4000000059604645,0.43700000643730164,0.4000000059604645,0.4300000071525574,61300,0.0,0.0
2019-07-23 00:00:00-04:00,0.4390000104904175,0.4390000104904175,0.4300000071525574,0.4350000023841858,20900,0.0,0.0
2019-07-24 00:00:00-04:00,0.44999998807907104,0.44999998807907104,0.4350000023841858,0.44999998807907104,21800,0.0,0.0
2019-07-25 00:00:00-04:00,0.47999998927116394,0.5,0.4259999990463257,0.4950000047683716,139100,0.0,0.0
2019-07-26 00:00:00-04:00,0.550000011920929,0.550000011920929,0.4950000047683716,0.4950000047683716,116800,0.0,0.0
2019-07-29 00:00:00-04:00,0.5400000214576721,0.5400000214576721,0.5149999856948853,0.515999972820282,49900,0.0,0.0
2019-07-30 00:00:00-04:00,0.515999972820282,0.6000000238418579,0.5109999775886536,0.5799999833106995,241200,0.0,0.0
2019-07-31 00:00:00-04:00,0.5899999737739563,0.656000018119812,0.5619999766349792,0.6100000143051147,330200,0.0,0.0
2019-08-01 00:00:00-04:00,0.5799999833106995,0.6299999952316284,0.550000011920929,0.5609999895095825,55200,0.0,0.0
2019-08-02 00:00:00-04:00,0.5709999799728394,0.6299999952316284,0.5600000023841858,0.6100000143051147,38200,0.0,0.0
2019-08-05 00:00:00-04:00,0.6299999952316284,0.6299999952316284,0.5600000023841858,0.5849999785423279,61600,0.0,0.0
2019-08-06 00:00:00-04:00,0.6200000047683716,0.6200000047683716,0.5730000138282776,0.6200000047683716,35000,0.0,0.0
2019-08-07 00:00:00-04:00,0.5899999737739563,0.6200000047683716,0.5699999928474426,0.5799999833106995,6700,0.0,0.0
2019-08-08 00:00:00-04:00,0.6000000238418579,0.6039999723434448,0.5640000104904175,0.5640000104904175,23000,0.0,0.0
2019-08-09 00:00:00-04:00,0.5669999718666077,0.5669999718666077,0.5400000214576721,0.5400000214576721,30200,0.0,0.0
2019-08-12 00:00:00-04:00,0.5600000023841858,0.5699999928474426,0.5400000214576721,0.5649999976158142,10000,0.0,0.0
2019-08-13 00:00:00-04:00,0.5199999809265137,0.5199999809265137,0.4000000059604645,0.41999998688697815,99400,0.0,0.0
2019-08-14 00:00:00-04:00,0.41999998688697815,0.4300000071525574,0.4000000059604645,0.41999998688697815,52900,0.0,0.0
2019-08-15 00:00:00-04:00,0.4000000059604645,0.4300000071525574,0.3799999952316284,0.4099999964237213,193400,0.0,0.0
2019-08-16 00:00:00-04:00,0.4399999976158142,0.4399999976158142,0.4000000059604645,0.41100001335144043,40700,0.0,0.0
2019-08-19 00:00:00-04:00,0.41100001335144043,0.4399999976158142,0.4000000059604645,0.4300000071525574,142800,0.0,0.0
2019-08-20 00:00:00-04:00,0.44999998807907104,0.44999998807907104,0.4099999964237213,0.4099999964237213,14000,0.0,0.0
2019-08-21 00:00:00-04:00,0.4099999964237213,0.42100000381469727,0.4099999964237213,0.41999998688697815,34600,0.0,0.0
2019-08-22 00:00:00-04:00,0.4099999964237213,0.4099999964237213,0.3700000047683716,0.3880000114440918,110200,0.0,0.0
2019-08-23 00:00:00-04:00,0.30000001192092896,0.375,0.30000001192092896,0.36000001430511475,186000,0.0,0.0
2019-08-26 00:00:00-04:00,0.3499999940395355,0.36000001430511475,0.3100000023841858,0.33000001311302185,115400,0.0,0.0
2019-08-27 00:00:00-04:00,0.3400000035762787,0.36000001430511475,0.3400000035762787,0.3400000035762787,39500,0.0,0.0
2019-08-28 00:00:00-04:00,0.3499999940395355,0.3499999940395355,0.3199999928474426,0.34700000286102295,46300,0.0,0.0
2019-08-29 00:00:00-04:00,0.36000001430511475,0.38999998569488525,0.36000001430511475,0.382999986410141,91900,0.0,0.0
2019-08-30 00:00:00-04:00,0.3799999952316284,0.4399999976158142,0.36899998784065247,0.4000000059604645,170100,0.0,0.0
2019-09-03 00:00:00-04:00,0.4399999976158142,0.4399999976158142,0.3799999952316284,0.4090000092983246,32400,0.0,0.0
2019-09-04 00:00:00-04:00,0.4300000071525574,0.4300000071525574,0.36000001430511475,0.3619999885559082,36100,0.0,0.0
2019-09-05 00:00:00-04:00,0.3930000066757202,0.4189999997615814,0.3700000047683716,0.39800000190734863,22000,0.0,0.0
2019-09-06 00:00:00-04:00,0.4000000059604645,0.4099999964237213,0.3799999952316284,0.40299999713897705,23400,0.0,0.0
2019-09-09 00:00:00-04:00,0.38999998569488525,0.41999998688697815,0.3799999952316284,0.3799999952316284,71400,0.0,0.0
2019-09-10 00:00:00-04:00,0.36000001430511475,0.4000000059604645,0.36000001430511475,0.37299999594688416,65400,0.0,0.0
2019-09-11 00:00:00-04:00,0.37299999594688416,0.40299999713897705,0.3700000047683716,0.4000000059604645,33900,0.0,0.0
2019-09-12 00:00:00-04:00,0.3700000047683716,0.41999998688697815,0.3700000047683716,0.41999998688697815,23900,0.0,0.0
2019-09-13 00:00:00-04:00,0.4300000071525574,0.4300000071525574,0.3919999897480011,0.40299999713897705,34400,0.0,0.0
2019-09-16 00:00:00-04:00,0.4000000059604645,0.4099999964237213,0.38999998569488525,0.4000000059604645,26600,0.0,0.0
2019-09-17 00:00:00-04:00,0.38999998569488525,0.38999998569488525,0.3700000047683716,0.3709999918937683,12300,0.0,0.0
2019-09-18 00:00:00-04:00,0.421999990940094,0.6000000238418579,0.3799999952316284,0.38199999928474426,999000,0.0,0.0
2019-09-19 00:00:00-04:00,0.3799999952316284,0.41999998688697815,0.3630000054836273,0.3630000054836273,137700,0.0,0.0
2019-09-20 00:00:00-04:00,0.36899998784065247,0.3799999952316284,0.3199999928474426,0.3400000035762787,161100,0.0,0.0
2019-09-23 00:00:00-04:00,0.3499999940395355,0.3499999940395355,0.3199999928474426,0.3449999988079071,23200,0.0,0.0
2019-09-24 00:00:00-04:00,0.34599998593330383,0.3479999899864197,0.3190000057220459,0.3199999928474426,43800,0.0,0.0
2019-09-25 00:00:00-04:00,0.335999995470047,0.3499999940395355,0.3100000023841858,0.31700000166893005,59200,0.0,0.0
2019-09-26 00:00:00-04:00,0.3100000023841858,0.33500000834465027,0.3089999854564667,0.31700000166893005,57900,0.0,0.0
2019-09-27 00:00:00-04:00,0.3100000023841858,0.34200000762939453,0.30000001192092896,0.3140000104904175,24300,0.0,0.0
2019-09-30 00:00:00-04:00,0.3199999928474426,0.33000001311302185,0.3019999861717224,0.30399999022483826,74500,0.0,0.0
2019-10-01 00:00:00-04:00,0.3100000023841858,0.3190000057220459,0.28999999165534973,0.28999999165534973,34300,0.0,0.0
2019-10-02 00:00:00-04:00,0.28999999165534973,0.3499999940395355,0.2879999876022339,0.30000001192092896,144300,0.0,0.0
2019-10-03 00:00:00-04:00,0.3149999976158142,0.36800000071525574,0.3149999976158142,0.3240000009536743,58900,0.0,0.0
2019-10-04 00:00:00-04:00,0.33000001311302185,0.3499999940395355,0.30000001192092896,0.30000001192092896,24200,0.0,0.0
2019-10-07 00:00:00-04:00,0.2919999957084656,0.3070000112056732,0.25999999046325684,0.2800000011920929,101500,0.0,0.0
2019-10-08 00:00:00-04:00,0.28999999165534973,0.29499998688697815,0.27000001072883606,0.27000001072883606,48600,0.0,0.0
2019-10-09 00:00:00-04:00,0.3499999940395355,0.3499999940395355,0.30000001192092896,0.3199999928474426,253500,0.0,0.0
2019-10-10 00:00:00-04:00,0.3199999928474426,0.3199999928474426,0.28999999165534973,0.2919999957084656,97500,0.0,0.0
2019-10-11 00:00:00-04:00,0.3199999928474426,0.3199999928474426,0.2800000011920929,0.2849999964237213,69300,0.0,0.0
2019-10-14 00:00:00-04:00,0.2800000011920929,0.2939999997615814,0.27000001072883606,0.2800000011920929,45600,0.0,0.0
2019-10-15 00:00:00-04:00,0.2709999978542328,0.2709999978542328,0.22699999809265137,0.2549999952316284,116700,0.0,0.0
2019-10-16 00:00:00-04:00,0.25999999046325684,0.27000001072883606,0.25,0.2549999952316284,26200,0.0,0.0
2019-10-17 00:00:00-04:00,0.25200000405311584,0.26899999380111694,0.25,0.2529999911785126,28000,0.0,0.0
2019-10-18 00:00:00-04:00,0.25,0.26100000739097595,0.25,0.25099998712539673,52200,0.0,0.0
2019-10-21 00:00:00-04:00,0.25099998712539673,0.2549999952316284,0.24199999868869781,0.25,51300,0.0,0.0
2019-10-22 00:00:00-04:00,0.2669999897480011,0.2669999897480011,0.23999999463558197,0.25600001215934753,8900,0.0,0.0
2019-10-23 00:00:00-04:00,0.2639999985694885,0.2639999985694885,0.23899999260902405,0.25999999046325684,30300,0.0,0.0
2019-10-24 00:00:00-04:00,0.25999999046325684,0.27000001072883606,0.23999999463558197,0.25999999046325684,31600,0.0,0.0
2019-10-25 00:00:00-04:00,0.25999999046325684,0.3190000057220459,0.25999999046325684,0.2800000011920929,195400,0.0,0.0
2019-10-28 00:00:00-04:00,0.30399999022483826,0.3479999899864197,0.2549999952316284,0.2619999945163727,402400,0.0,0.0
2019-10-29 00:00:00-04:00,0.27000001072883606,0.28600001335144043,0.23999999463558197,0.24500000476837158,195000,0.0,0.0
2019-10-30 00:00:00-04:00,0.23999999463558197,0.28999999165534973,0.23999999463558197,0.2409999966621399,169100,0.0,0.0
2019-10-31 00:00:00-04:00,0.2529999911785126,0.25999999046325684,0.20000000298023224,0.24500000476837158,250100,0.0,0.0
2019-11-01 00:00:00-04:00,0.25,0.25,0.23000000417232513,0.23999999463558197,44900,0.0,0.0
2019-11-04 00:00:00-05:00,0.23000000417232513,0.25,0.23000000417232513,0.23999999463558197,30500,0.0,0.0
2019-11-05 00:00:00-05:00,0.23999999463558197,0.2590000033378601,0.23000000417232513,0.23000000417232513,36300,0.0,0.0
2019-11-06 00:00:00-05:00,0.24199999868869781,0.25,0.22100000083446503,0.23000000417232513,34100,0.0,0.0
2019-11-07 00:00:00-05:00,0.23000000417232513,0.24899999797344208,0.2199999988079071,0.2199999988079071,96900,0.0,0.0
2019-11-08 00:00:00-05:00,0.23999999463558197,0.24199999868869781,0.2199999988079071,0.23899999260902405,82600,0.0,0.0
2019-11-11 00:00:00-05:00,0.23899999260902405,0.24899999797344208,0.22200000286102295,0.22200000286102295,33800,0.0,0.0
2019-11-12 00:00:00-05:00,0.23100000619888306,0.27000001072883606,0.22100000083446503,0.24500000476837158,448400,0.0,0.0
2019-11-13 00:00:00-05:00,0.25,0.25999999046325684,0.20000000298023224,0.20999999344348907,228000,0.0,0.0
2019-11-14 00:00:00-05:00,0.22699999809265137,0.22699999809265137,0.20000000298023224,0.20399999618530273,379900,0.0,0.0
2019-11-15 00:00:00-05:00,0.20999999344348907,0.21899999678134918,0.20399999618530273,0.2070000022649765,163400,0.0,0.0
2019-11-18 00:00:00-05:00,5.139999866485596,5.329999923706055,3.819999933242798,4.300000190734863,68200,0.0,0.0
2019-11-19 00:00:00-05:00,4.340000152587891,4.5,3.947000026702881,4.150000095367432,41800,0.0,0.0
2019-11-20 00:00:00-05:00,4.019999980926514,4.130000114440918,3.440000057220459,4.0,20900,0.0,0.0
2019-11-21 00:00:00-05:00,3.869999885559082,4.309999942779541,3.869999885559082,4.300000190734863,3700,0.0,0.0
2019-11-22 00:00:00-05:00,4.21999979019165,4.300000190734863,4.017000198364258,4.138999938964844,6200,0.0,0.0
2019-11-25 00:00:00-05:00,4.28000020980835,4.28000020980835,3.765000104904175,3.9000000953674316,35800,0.0,0.0
2019-11-26 00:00:00-05:00,3.8299999237060547,4.127999782562256,3.8299999237060547,4.0,31200,0.0,0.0
2019-11-27 00:00:00-05:00,4.130000114440918,4.550000190734863,4.0,4.039999961853027,48900,0.0,0.0
2019-11-29 00:00:00-05:00,4.570000171661377,4.570000171661377,4.059999942779541,4.059999942779541,2100,0.0,0.0
2019-12-02 00:00:00-05:00,4.070000171661377,5.010000228881836,4.070000171661377,5.010000228881836,24600,0.0,0.0
2019-12-03 00:00:00-05:00,9.420000076293945,11.25,6.920000076293945,7.46999979019165,6206800,0.0,0.0
2019-12-04 00:00:00-05:00,7.599999904632568,9.5,7.0,8.680000305175781,747700,0.0,0.0
2019-12-05 00:00:00-05:00,9.5,9.5,7.849999904632568,8.5,350300,0.0,0.0
2019-12-06 00:00:00-05:00,7.96999979019165,8.6899995803833,7.329999923706055,8.6899995803833,143000,0.0,0.0
2019-12-09 00:00:00-05:00,8.510000228881836,8.75,7.599999904632568,8.300000190734863,60800,0.0,0.0
2019-12-10 00:00:00-05:00,8.039999961853027,8.039999961853027,6.599999904632568,7.110000133514404,107200,0.0,0.0
2019-12-11 00:00:00-05:00,7.110000133514404,7.449999809265137,7.0,7.230000019073486,60200,0.0,0.0
2019-12-12 00:00:00-05:00,7.010000228881836,7.572999954223633,6.599999904632568,6.743000030517578,74200,0.0,0.0
2019-12-13 00:00:00-05:00,6.679999828338623,6.679999828338623,6.019999980926514,6.159999847412109,56200,0.0,0.0
2019-12-16 00:00:00-05:00,6.150000095367432,6.159999847412109,5.718999862670898,5.800000190734863,114800,0.0,0.0
2019-12-17 00:00:00-05:00,5.760000228881836,6.0,5.659999847412109,5.840000152587891,41500,0.0,0.0
2019-12-18 00:00:00-05:00,5.800000190734863,6.159999847412109,5.760000228881836,6.010000228881836,41200,0.0,0.0
2019-12-19 00:00:00-05:00,6.070000171661377,6.270999908447266,5.829999923706055,6.050000190734863,37900,0.0,0.0
2019-12-20 00:00:00-05:00,6.090000152587891,6.230000019073486,5.940000057220459,6.170000076293945,33000,0.0,0.0
2019-12-23 00:00:00-05:00,6.119999885559082,6.480000019073486,6.099999904632568,6.349999904632568,31300,0.0,0.0
2019-12-24 00:00:00-05:00,6.360000133514404,6.360000133514404,5.900000095367432,6.309000015258789,7100,0.0,0.0
2019-12-26 00:00:00-05:00,6.310999870300293,6.340000152587891,6.039999961853027,6.170000076293945,10000,0.0,0.0
2019-12-27 00:00:00-05:00,6.135000228881836,6.300000190734863,6.010000228881836,6.300000190734863,5800,0.0,0.0
2019-12-30 00:00:00-05:00,6.389999866485596,6.389999866485596,5.550000190734863,6.03000020980835,29200,0.0,0.0
2019-12-31 00:00:00-05:00,6.28000020980835,6.622000217437744,6.039999961853027,6.559999942779541,80500,0.0,0.0
2020-01-02 00:00:00-05:00,6.519999980926514,6.639999866485596,6.230000019073486,6.480000019073486,4600,0.0,0.0
2020-01-03 00:00:00-05:00,6.261000156402588,6.392000198364258,6.199999809265137,6.239999771118164,8600,0.0,0.0
2020-01-06 00:00:00-05:00,6.183000087738037,6.389999866485596,5.269999980926514,6.389999866485596,69700,0.0,0.0
2020-01-07 00:00:00-05:00,6.25,6.617000102996826,5.670000076293945,6.0,16000,0.0,0.0
2020-01-08 00:00:00-05:00,6.190000057220459,6.320000171661377,5.823999881744385,6.269999980926514,13700,0.0,0.0
2020-01-09 00:00:00-05:00,6.210000038146973,7.550000190734863,6.210000038146973,7.489999771118164,57300,0.0,0.0
2020-01-10 00:00:00-05:00,7.480000019073486,7.480000019073486,6.78000020980835,7.050000190734863,19400,0.0,0.0
2020-01-13 00:00:00-05:00,7.130000114440918,7.130000114440918,6.949999809265137,7.050000190734863,14200,0.0,0.0
2020-01-14 00:00:00-05:00,6.896999835968018,7.400000095367432,6.864999771118164,7.349999904632568,9700,0.0,0.0
2020-01-15 00:00:00-05:00,7.5,7.5,7.150000095367432,7.150000095367432,8700,0.0,0.0
2020-01-16 00:00:00-05:00,7.420000076293945,7.5,7.175000190734863,7.5,11300,0.0,0.0
2020-01-17 00:00:00-05:00,7.5,8.710000038146973,7.5,8.270000457763672,89800,0.0,0.0
2020-01-21 00:00:00-05:00,8.449999809265137,8.710000038146973,8.331999778747559,8.539999961853027,19800,0.0,0.0
2020-01-22 00:00:00-05:00,8.5,8.699999809265137,8.260000228881836,8.260000228881836,13600,0.0,0.0
2020-01-23 00:00:00-05:00,8.260000228881836,8.4399995803833,8.109999656677246,8.109999656677246,5900,0.0,0.0
2020-01-24 00:00:00-05:00,8.100000381469727,8.267000198364258,7.710000038146973,7.760000228881836,12900,0.0,0.0
2020-01-27 00:00:00-05:00,7.8520002365112305,7.860000133514404,7.539999961853027,7.610000133514404,5400,0.0,0.0
2020-01-28 00:00:00-05:00,7.284999847412109,8.182000160217285,6.992000102996826,7.820000171661377,9500,0.0,0.0
2020-01-29 00:00:00-05:00,7.699999809265137,8.57800006866455,7.699999809265137,8.335000038146973,31800,0.0,0.0
2020-01-30 00:00:00-05:00,8.510000228881836,8.510000228881836,8.378000259399414,8.380000114440918,9300,0.0,0.0
2020-01-31 00:00:00-05:00,8.460000038146973,8.460000038146973,7.670000076293945,7.670000076293945,13300,0.0,0.0
2020-02-03 00:00:00-05:00,7.449999809265137,8.65999984741211,7.079999923706055,8.140000343322754,18700,0.0,0.0
2020-02-04 00:00:00-05:00,8.529999732971191,9.25,8.503000259399414,8.994999885559082,58800,0.0,0.0
2020-02-05 00:00:00-05:00,9.0,9.720000267028809,8.890000343322754,9.109999656677246,43100,0.0,0.0
2020-02-06 00:00:00-05:00,9.489999771118164,9.75,9.109999656677246,9.739999771118164,22800,0.0,0.0
2020-02-07 00:00:00-05:00,9.75,9.88599967956543,9.199999809265137,9.380000114440918,25100,0.0,0.0
2020-02-10 00:00:00-05:00,9.65999984741211,9.829999923706055,9.0,9.149999618530273,16500,0.0,0.0
2020-02-11 00:00:00-05:00,9.112000465393066,9.420000076293945,8.848999977111816,9.237000465393066,6800,0.0,0.0
2020-02-12 00:00:00-05:00,9.239999771118164,9.550000190734863,8.213000297546387,8.399999618530273,14300,0.0,0.0
2020-02-13 00:00:00-05:00,8.970000267028809,9.0,8.399999618530273,8.99899959564209,10000,0.0,0.0
2020-02-14 00:00:00-05:00,9.0,9.25,8.539999961853027,8.805000305175781,8900,0.0,0.0
2020-02-18 00:00:00-05:00,8.699999809265137,9.229999542236328,8.699999809265137,9.180000305175781,11100,0.0,0.0
2020-02-19 00:00:00-05:00,9.5,9.5,8.87600040435791,8.880000114440918,7800,0.0,0.0
2020-02-20 00:00:00-05:00,8.800000190734863,9.359999656677246,8.774999618530273,9.100000381469727,35500,0.0,0.0
2020-02-21 00:00:00-05:00,9.25,9.25,8.899999618530273,8.899999618530273,6100,0.0,0.0
2020-02-24 00:00:00-05:00,8.5,8.899999618530273,8.350000381469727,8.800000190734863,13200,0.0,0.0
2020-02-25 00:00:00-05:00,8.680000305175781,8.800000190734863,8.130000114440918,8.319999694824219,8900,0.0,0.0
2020-02-26 00:00:00-05:00,8.319999694824219,8.319999694824219,7.822999954223633,7.849999904632568,15700,0.0,0.0
2020-02-27 00:00:00-05:00,7.900000095367432,7.900000095367432,7.130000114440918,7.400000095367432,20300,0.0,0.0
2020-02-28 00:00:00-05:00,7.099999904632568,7.300000190734863,7.0,7.300000190734863,18800,0.0,0.0
2020-03-02 00:00:00-05:00,7.210000038146973,8.5,6.800000190734863,7.980000019073486,23000,0.0,0.0
2020-03-03 00:00:00-05:00,8.539999961853027,8.539999961853027,7.74399995803833,7.900000095367432,4700,0.0,0.0
2020-03-04 00:00:00-05:00,8.050000190734863,8.460000038146973,7.75,8.0,20500,0.0,0.0
2020-03-05 00:00:00-05:00,8.503000259399414,8.503000259399414,8.100000381469727,8.300000190734863,8800,0.0,0.0
2020-03-06 00:00:00-05:00,8.289999961853027,8.350000381469727,8.189000129699707,8.218000411987305,5800,0.0,0.0
2020-03-09 00:00:00-04:00,7.829999923706055,7.829999923706055,6.769999980926514,6.860000133514404,15100,0.0,0.0
2020-03-10 00:00:00-04:00,7.0,7.599999904632568,6.861000061035156,6.900000095367432,12600,0.0,0.0
2020-03-11 00:00:00-04:00,7.0,7.0920000076293945,6.550000190734863,6.550000190734863,11100,0.0,0.0
2020-03-12 00:00:00-04:00,6.0,6.25,5.949999809265137,6.099999904632568,10200,0.0,0.0
2020-03-13 00:00:00-04:00,6.699999809265137,6.855999946594238,5.5,5.699999809265137,22900,0.0,0.0
2020-03-16 00:00:00-04:00,5.5,5.5,4.010000228881836,4.599999904632568,21800,0.0,0.0
2020-03-17 00:00:00-04:00,4.699999809265137,5.190000057220459,4.699999809265137,4.75,6200,0.0,0.0
2020-03-18 00:00:00-04:00,4.960000038146973,4.960000038146973,3.799999952316284,3.799999952316284,10100,0.0,0.0
2020-03-19 00:00:00-04:00,3.799999952316284,3.880000114440918,3.0199999809265137,3.5,33400,0.0,0.0
2020-03-20 00:00:00-04:00,3.3499999046325684,4.300000190734863,3.3499999046325684,4.300000190734863,45100,0.0,0.0
2020-03-23 00:00:00-04:00,4.300000190734863,5.0,4.300000190734863,4.559999942779541,15800,0.0,0.0
2020-03-24 00:00:00-04:00,5.0,5.995999813079834,4.831999778747559,5.349999904632568,25700,0.0,0.0
2020-03-25 00:00:00-04:00,5.739999771118164,6.900000095367432,5.739999771118164,6.5,29400,0.0,0.0
2020-03-26 00:00:00-04:00,6.809999942779541,7.25,6.373000144958496,7.050000190734863,17700,0.0,0.0
2020-03-27 00:00:00-04:00,7.300000190734863,7.300000190734863,6.550000190734863,6.849999904632568,12100,0.0,0.0
2020-03-30 00:00:00-04:00,6.809999942779541,7.132999897003174,6.400000095367432,6.550000190734863,18400,0.0,0.0
2020-03-31 00:00:00-04:00,6.639999866485596,7.375,6.639999866485596,6.789999961853027,6800,0.0,0.0
2020-04-01 00:00:00-04:00,6.599999904632568,6.765999794006348,5.750999927520752,5.750999927520752,14000,0.0,0.0
2020-04-02 00:00:00-04:00,6.150000095367432,6.309999942779541,5.820000171661377,5.840000152587891,5700,0.0,0.0
2020-04-03 00:00:00-04:00,5.849999904632568,5.849999904632568,5.110000133514404,5.119999885559082,12900,0.0,0.0
2020-04-06 00:00:00-04:00,5.659999847412109,6.409999847412109,5.199999809265137,5.960000038146973,33900,0.0,0.0
2020-04-07 00:00:00-04:00,5.949999809265137,6.510000228881836,5.949999809265137,6.215000152587891,3000,0.0,0.0
2020-04-08 00:00:00-04:00,5.88700008392334,6.059999942779541,5.775000095367432,5.949999809265137,5700,0.0,0.0
2020-04-09 00:00:00-04:00,5.929999828338623,6.656000137329102,5.599999904632568,6.578000068664551,12000,0.0,0.0
2020-04-13 00:00:00-04:00,6.599999904632568,7.0,6.0,6.639999866485596,18900,0.0,0.0
2020-04-14 00:00:00-04:00,7.119999885559082,7.349999904632568,6.0,6.659999847412109,34000,0.0,0.0
2020-04-15 00:00:00-04:00,6.730000019073486,6.730000019073486,5.809999942779541,6.203000068664551,27400,0.0,0.0
2020-04-16 00:00:00-04:00,6.550000190734863,6.550000190734863,5.900000095367432,6.150000095367432,13900,0.0,0.0
2020-04-17 00:00:00-04:00,6.230000019073486,6.4120001792907715,5.885000228881836,6.179999828338623,37300,0.0,0.0
2020-04-20 00:00:00-04:00,5.880000114440918,6.989999771118164,5.880000114440918,6.25,17600,0.0,0.0
2020-04-21 00:00:00-04:00,6.349999904632568,6.349999904632568,6.09499979019165,6.318999767303467,9500,0.0,0.0
2020-04-22 00:00:00-04:00,6.050000190734863,6.670000076293945,5.951000213623047,6.670000076293945,25200,0.0,0.0
2020-04-23 00:00:00-04:00,6.318999767303467,6.690000057220459,5.960000038146973,6.005000114440918,54400,0.0,0.0
2020-04-24 00:00:00-04:00,6.079999923706055,7.699999809265137,5.949999809265137,7.449999809265137,216000,0.0,0.0
2020-04-27 00:00:00-04:00,8.109999656677246,9.600000381469727,7.853000164031982,9.449999809265137,303600,0.0,0.0
2020-04-28 00:00:00-04:00,9.180000305175781,9.52400016784668,7.25,7.440000057220459,215600,0.0,0.0
2020-04-29 00:00:00-04:00,8.020000457763672,8.739999771118164,7.599999904632568,8.199999809265137,173300,0.0,0.0
2020-04-30 00:00:00-04:00,7.900000095367432,8.10200023651123,7.25,7.7220001220703125,90400,0.0,0.0
2020-05-01 00:00:00-04:00,7.300000190734863,7.640999794006348,6.85099983215332,7.019999980926514,68000,0.0,0.0
2020-05-04 00:00:00-04:00,7.019999980926514,7.440000057220459,6.88100004196167,7.205999851226807,71300,0.0,0.0
2020-05-05 00:00:00-04:00,7.190000057220459,7.619999885559082,6.789999961853027,7.099999904632568,81200,0.0,0.0
2020-05-06 00:00:00-04:00,7.519999980926514,8.25,7.300000190734863,8.0,182100,0.0,0.0
2020-05-07 00:00:00-04:00,8.890000343322754,8.890000343322754,7.510000228881836,7.769999980926514,197200,0.0,0.0
2020-05-08 00:00:00-04:00,8.0,8.144000053405762,7.53000020980835,7.849999904632568,65600,0.0,0.0
2020-05-11 00:00:00-04:00,7.619999885559082,8.0,7.619999885559082,7.949999809265137,58600,0.0,0.0
2020-05-12 00:00:00-04:00,7.300000190734863,7.5,6.829999923706055,7.0,148800,0.0,0.0
2020-05-13 00:00:00-04:00,7.119999885559082,7.119999885559082,6.699999809265137,6.900000095367432,49800,0.0,0.0
2020-05-14 00:00:00-04:00,6.670000076293945,6.96999979019165,6.5,6.849999904632568,31300,0.0,0.0
2020-05-15 00:00:00-04:00,6.920000076293945,7.449999809265137,6.920000076293945,6.949999809265137,33400,0.0,0.0
2020-05-18 00:00:00-04:00,7.440000057220459,7.440000057220459,6.699999809265137,6.860000133514404,104800,0.0,0.0
2020-05-19 00:00:00-04:00,6.889999866485596,7.289999961853027,6.889999866485596,7.0,18500,0.0,0.0
2020-05-20 00:00:00-04:00,6.929999828338623,7.28000020980835,6.860000133514404,7.0,24300,0.0,0.0
2020-05-21 00:00:00-04:00,6.869999885559082,6.980000019073486,6.539999961853027,6.900000095367432,14900,0.0,0.0
2020-05-22 00:00:00-04:00,6.760000228881836,7.0,6.760000228881836,6.900000095367432,9700,0.0,0.0
2020-05-26 00:00:00-04:00,7.0,7.0,6.449999809265137,6.5,82900,0.0,0.0
2020-05-27 00:00:00-04:00,6.820000171661377,6.820000171661377,5.96999979019165,6.385000228881836,38900,0.0,0.0
2020-05-28 00:00:00-04:00,6.289999961853027,6.610000133514404,6.289999961853027,6.329999923706055,11100,0.0,0.0
2020-05-29 00:00:00-04:00,6.619999885559082,6.619999885559082,6.090000152587891,6.39900016784668,8900,0.0,0.0
2020-06-01 00:00:00-04:00,6.400000095367432,6.400000095367432,6.010000228881836,6.369999885559082,36100,0.0,0.0
2020-06-02 00:00:00-04:00,6.389999866485596,6.460000038146973,6.130000114440918,6.159999847412109,16400,0.0,0.0
2020-06-03 00:00:00-04:00,6.25,6.409999847412109,5.559999942779541,5.860000133514404,66000,0.0,0.0
2020-06-04 00:00:00-04:00,5.739999771118164,5.849999904632568,5.679999828338623,5.75,21500,0.0,0.0
2020-06-05 00:00:00-04:00,5.75,5.75,5.550000190734863,5.699999809265137,41000,0.0,0.0
2020-06-08 00:00:00-04:00,5.940000057220459,6.0,5.550000190734863,5.889999866485596,39400,0.0,0.0
2020-06-09 00:00:00-04:00,5.909999847412109,6.618000030517578,5.703999996185303,6.050000190734863,63700,0.0,0.0
2020-06-10 00:00:00-04:00,6.25,6.5,5.809999942779541,5.900000095367432,44900,0.0,0.0
2020-06-11 00:00:00-04:00,7.449999809265137,7.559999942779541,6.239999771118164,6.829999923706055,1010000,0.0,0.0
2020-06-12 00:00:00-04:00,6.681000232696533,7.0,6.300000190734863,6.440000057220459,95800,0.0,0.0
2020-06-15 00:00:00-04:00,6.309999942779541,6.789999961853027,6.099999904632568,6.730000019073486,60100,0.0,0.0
2020-06-16 00:00:00-04:00,6.730000019073486,6.785999774932861,6.25,6.739999771118164,28200,0.0,0.0
2020-06-17 00:00:00-04:00,6.809999942779541,6.900000095367432,6.550000190734863,6.730000019073486,24200,0.0,0.0
2020-06-18 00:00:00-04:00,6.840000152587891,6.840000152587891,6.550000190734863,6.639999866485596,13100,0.0,0.0
2020-06-19 00:00:00-04:00,6.809999942779541,7.119999885559082,6.53000020980835,6.53000020980835,51500,0.0,0.0
2020-06-22 00:00:00-04:00,6.800000190734863,7.0,6.639999866485596,6.639999866485596,29600,0.0,0.0
2020-06-23 00:00:00-04:00,6.849999904632568,6.849999904632568,6.434999942779541,6.5,31000,0.0,0.0
2020-06-24 00:00:00-04:00,6.5,6.784999847412109,6.199999809265137,6.380000114440918,19000,0.0,0.0
2020-06-25 00:00:00-04:00,6.289999961853027,6.429999828338623,6.170000076293945,6.300000190734863,21500,0.0,0.0
2020-06-26 00:00:00-04:00,6.320000171661377,6.389999866485596,6.099999904632568,6.199999809265137,23000,0.0,0.0
2020-06-29 00:00:00-04:00,6.159999847412109,6.388999938964844,6.050000190734863,6.199999809265137,25300,0.0,0.0
2020-06-30 00:00:00-04:00,6.110000133514404,6.409999847412109,6.110000133514404,6.349999904632568,16300,0.0,0.0
2020-07-01 00:00:00-04:00,6.285999774932861,6.927000045776367,6.285999774932861,6.690000057220459,20400,0.0,0.0
2020-07-02 00:00:00-04:00,6.690000057220459,6.699999809265137,6.260000228881836,6.300000190734863,23400,0.0,0.0
2020-07-06 00:00:00-04:00,6.670000076293945,6.670000076293945,6.309999942779541,6.449999809265137,29000,0.0,0.0
2020-07-07 00:00:00-04:00,6.5,7.179999828338623,6.5,6.880000114440918,53600,0.0,0.0
2020-07-08 00:00:00-04:00,6.90500020980835,6.949999809265137,6.699999809265137,6.840000152587891,14500,0.0,0.0
2020-07-09 00:00:00-04:00,6.735000133514404,6.920000076293945,6.570000171661377,6.909999847412109,35100,0.0,0.0
2020-07-10 00:00:00-04:00,6.940000057220459,7.019999980926514,6.75,6.900000095367432,49100,0.0,0.0
2020-07-13 00:00:00-04:00,6.949999809265137,7.139999866485596,6.849999904632568,7.0,55400,0.0,0.0
2020-07-14 00:00:00-04:00,6.869999885559082,6.889999866485596,6.360000133514404,6.400000095367432,52500,0.0,0.0
2020-07-15 00:00:00-04:00,6.599999904632568,6.639999866485596,6.300000190734863,6.300000190734863,16900,0.0,0.0
2020-07-16 00:00:00-04:00,6.260000228881836,6.377999782562256,6.110000133514404,6.199999809265137,29300,0.0,0.0
2020-07-17 00:00:00-04:00,6.260000228881836,6.289999961853027,6.099999904632568,6.119999885559082,12000,0.0,0.0
2020-07-20 00:00:00-04:00,6.300000190734863,6.953000068664551,6.150000095367432,6.909999847412109,124500,0.0,0.0
2020-07-21 00:00:00-04:00,7.0,7.0,6.708000183105469,6.820000171661377,58300,0.0,0.0
2020-07-22 00:00:00-04:00,6.869999885559082,7.25,6.849999904632568,6.949999809265137,107200,0.0,0.0
2020-07-23 00:00:00-04:00,7.0,7.699999809265137,7.0,7.510000228881836,100400,0.0,0.0
2020-07-24 00:00:00-04:00,7.610000133514404,8.0,7.099999904632568,8.0,82600,0.0,0.0
2020-07-27 00:00:00-04:00,8.289999961853027,8.5,7.809999942779541,7.980000019073486,101600,0.0,0.0
2020-07-28 00:00:00-04:00,7.889999866485596,8.300000190734863,7.75,8.050000190734863,64100,0.0,0.0
2020-07-29 00:00:00-04:00,8.0,8.4399995803833,7.769999980926514,8.149999618530273,139400,0.0,0.0
2020-07-30 00:00:00-04:00,8.119999885559082,8.149999618530273,7.809999942779541,8.069999694824219,47500,0.0,0.0
2020-07-31 00:00:00-04:00,7.949999809265137,14.65999984741211,7.260000228881836,12.399999618530273,5732200,0.0,0.0
2020-08-03 00:00:00-04:00,11.0,14.619999885559082,10.630999565124512,14.1899995803833,1340200,0.0,0.0
2020-08-04 00:00:00-04:00,14.010000228881836,14.600000381469727,13.149999618530273,13.84000015258789,284600,0.0,0.0
2020-08-05 00:00:00-04:00,16.959999084472656,18.722999572753906,15.5600004196167,17.530000686645508,1480600,0.0,0.0
2020-08-06 00:00:00-04:00,17.062999725341797,18.834999084472656,16.280000686645508,17.989999771118164,393100,0.0,0.0
2020-08-07 00:00:00-04:00,17.940000534057617,18.5,16.42799949645996,17.299999237060547,641800,0.0,0.0
2020-08-10 00:00:00-04:00,17.0,17.0,14.0,15.289999961853027,468400,0.0,0.0
2020-08-11 00:00:00-04:00,15.399999618530273,15.550000190734863,13.359999656677246,13.59000015258789,181700,0.0,0.0
2020-08-12 00:00:00-04:00,16.010000228881836,17.25,14.282999992370605,14.699999809265137,677300,0.0,0.0
2020-08-13 00:00:00-04:00,15.479999542236328,16.649999618530273,15.0,16.299999237060547,192300,0.0,0.0
2020-08-14 00:00:00-04:00,16.420000076293945,16.75,16.0,16.5,86100,0.0,0.0
2020-08-17 00:00:00-04:00,16.5,18.75,16.100000381469727,18.68000030517578,263400,0.0,0.0
2020-08-18 00:00:00-04:00,18.799999237060547,18.8700008392334,17.850000381469727,18.75,112500,0.0,0.0
2020-08-19 00:00:00-04:00,18.799999237060547,22.489999771118164,18.799999237060547,20.649999618530273,473100,0.0,0.0
2020-08-20 00:00:00-04:00,20.1200008392334,21.582000732421875,19.5,20.200000762939453,274800,0.0,0.0
2020-08-21 00:00:00-04:00,19.989999771118164,19.989999771118164,17.40999984741211,18.610000610351562,203900,0.0,0.0
2020-08-24 00:00:00-04:00,18.850000381469727,19.469999313354492,16.030000686645508,16.729999542236328,203900,0.0,0.0
2020-08-25 00:00:00-04:00,16.010000228881836,18.049999237060547,16.010000228881836,17.75,117500,0.0,0.0
2020-08-26 00:00:00-04:00,18.549999237060547,18.549999237060547,16.200000762939453,16.5,132700,0.0,0.0
2020-08-27 00:00:00-04:00,16.290000915527344,17.149999618530273,16.149999618530273,16.649999618530273,65400,0.0,0.0
2020-08-28 00:00:00-04:00,17.229999542236328,17.229999542236328,15.140000343322754,15.529999732971191,144100,0.0,0.0
2020-08-31 00:00:00-04:00,16.239999771118164,16.3439998626709,15.359999656677246,16.31999969482422,62200,0.0,0.0
2020-09-01 00:00:00-04:00,16.549999237060547,16.549999237060547,15.300000190734863,15.5600004196167,124900,0.0,0.0
2020-09-02 00:00:00-04:00,15.5,16.469999313354492,15.399999618530273,16.25,103500,0.0,0.0
2020-09-03 00:00:00-04:00,15.949999809265137,16.219999313354492,15.850000381469727,16.010000228881836,72700,0.0,0.0
2020-09-04 00:00:00-04:00,16.139999389648438,16.139999389648438,14.0,15.75,118300,0.0,0.0
2020-09-08 00:00:00-04:00,15.329999923706055,16.469999313354492,14.600000381469727,15.970000267028809,63900,0.0,0.0
2020-09-09 00:00:00-04:00,15.789999961853027,16.440000534057617,15.279999732971191,15.430000305175781,83200,0.0,0.0
2020-09-10 00:00:00-04:00,15.760000228881836,15.920000076293945,15.180000305175781,15.180000305175781,145800,0.0,0.0
2020-09-11 00:00:00-04:00,15.260000228881836,15.460000038146973,14.75,15.050000190734863,110200,0.0,0.0
2020-09-14 00:00:00-04:00,15.479999542236328,17.5,14.99899959564209,16.920000076293945,104000,0.0,0.0
2020-09-15 00:00:00-04:00,17.0,18.899999618530273,17.0,17.829999923706055,98000,0.0,0.0
2020-09-16 00:00:00-04:00,18.040000915527344,18.7189998626709,18.0,18.399999618530273,63900,0.0,0.0
2020-09-17 00:00:00-04:00,18.110000610351562,18.881999969482422,16.729999542236328,17.40999984741211,49200,0.0,0.0
2020-09-18 00:00:00-04:00,17.540000915527344,18.989999771118164,17.131999969482422,18.950000762939453,162200,0.0,0.0
2020-09-21 00:00:00-04:00,18.0,18.549999237060547,17.56999969482422,18.549999237060547,53800,0.0,0.0
2020-09-22 00:00:00-04:00,18.43000030517578,18.770000457763672,17.854999542236328,18.600000381469727,36800,0.0,0.0
2020-09-23 00:00:00-04:00,18.690000534057617,18.709999084472656,16.850000381469727,17.09000015258789,324900,0.0,0.0
2020-09-24 00:00:00-04:00,16.690000534057617,16.715999603271484,15.609999656677246,15.770000457763672,65300,0.0,0.0
2020-09-25 00:00:00-04:00,15.75,17.899999618530273,15.75,16.469999313354492,33900,0.0,0.0
2020-09-28 00:00:00-04:00,16.540000915527344,17.8700008392334,16.540000915527344,17.600000381469727,66000,0.0,0.0
2020-09-29 00:00:00-04:00,17.559999465942383,17.940000534057617,16.059999465942383,16.600000381469727,86800,0.0,0.0
2020-09-30 00:00:00-04:00,16.399999618530273,17.295000076293945,16.25,16.780000686645508,66800,0.0,0.0
2020-10-01 00:00:00-04:00,17.010000228881836,18.0,16.83799934387207,17.1200008392334,150800,0.0,0.0
2020-10-02 00:00:00-04:00,16.780000686645508,16.850000381469727,15.899999618530273,16.5,122000,0.0,0.0
2020-10-05 00:00:00-04:00,16.399999618530273,16.510000228881836,16.1299991607666,16.360000610351562,155400,0.0,0.0
2020-10-06 00:00:00-04:00,16.459999084472656,16.600000381469727,15.300000190734863,15.34000015258789,54600,0.0,0.0
2020-10-07 00:00:00-04:00,15.510000228881836,16.174999237060547,15.350000381469727,15.890000343322754,55700,0.0,0.0
2020-10-08 00:00:00-04:00,15.819999694824219,16.0,14.90999984741211,15.289999961853027,52400,0.0,0.0
2020-10-09 00:00:00-04:00,15.319999694824219,15.979999542236328,14.869999885559082,14.970000267028809,51000,0.0,0.0
2020-10-12 00:00:00-04:00,15.130000114440918,15.166999816894531,13.109999656677246,13.119999885559082,237000,0.0,0.0
2020-10-13 00:00:00-04:00,13.75,14.1899995803833,12.800000190734863,12.899999618530273,202300,0.0,0.0
2020-10-14 00:00:00-04:00,13.130000114440918,13.65999984741211,12.949999809265137,13.199999809265137,79000,0.0,0.0
2020-10-15 00:00:00-04:00,12.869999885559082,13.109999656677246,12.369999885559082,12.670000076293945,137700,0.0,0.0
2020-10-16 00:00:00-04:00,12.710000038146973,13.640000343322754,12.640000343322754,13.329999923706055,77000,0.0,0.0
2020-10-19 00:00:00-04:00,13.5,14.460000038146973,12.899999618530273,13.1899995803833,57500,0.0,0.0
2020-10-20 00:00:00-04:00,13.069999694824219,13.239999771118164,12.329999923706055,12.869999885559082,86900,0.0,0.0
2020-10-21 00:00:00-04:00,12.869999885559082,13.0,12.380000114440918,12.600000381469727,43600,0.0,0.0
2020-10-22 00:00:00-04:00,12.489999771118164,13.069999694824219,12.170000076293945,12.9399995803833,37600,0.0,0.0
2020-10-23 00:00:00-04:00,13.039999961853027,13.15999984741211,12.350000381469727,12.470000267028809,31800,0.0,0.0
2020-10-26 00:00:00-04:00,12.920000076293945,13.15999984741211,12.25,12.420000076293945,59900,0.0,0.0
2020-10-27 00:00:00-04:00,12.6899995803833,12.85099983215332,12.25,12.550000190734863,51600,0.0,0.0
2020-10-28 00:00:00-04:00,12.270000457763672,12.430000305175781,11.300000190734863,11.5,64800,0.0,0.0
2020-10-29 00:00:00-04:00,11.199999809265137,11.520000457763672,10.6899995803833,11.25,94400,0.0,0.0
2020-10-30 00:00:00-04:00,11.079999923706055,11.333999633789062,10.010000228881836,10.170000076293945,84500,0.0,0.0
2020-11-02 00:00:00-05:00,10.260000228881836,11.038999557495117,10.260000228881836,10.829999923706055,62000,0.0,0.0
2020-11-03 00:00:00-05:00,11.109999656677246,12.390000343322754,11.109000205993652,11.9399995803833,92800,0.0,0.0
2020-11-04 00:00:00-05:00,12.09000015258789,12.380000114440918,11.600000381469727,11.779999732971191,60100,0.0,0.0
2020-11-05 00:00:00-05:00,11.960000038146973,12.635000228881836,11.960000038146973,12.260000228881836,39800,0.0,0.0
2020-11-06 00:00:00-05:00,12.239999771118164,12.260000228881836,11.517999649047852,11.640000343322754,57800,0.0,0.0
2020-11-09 00:00:00-05:00,11.8100004196167,11.8100004196167,10.5,11.270000457763672,68200,0.0,0.0
2020-11-10 00:00:00-05:00,11.369999885559082,11.369999885559082,10.710000038146973,10.829999923706055,67900,0.0,0.0
2020-11-11 00:00:00-05:00,10.9399995803833,11.149999618530273,10.5600004196167,10.920000076293945,91800,0.0,0.0
2020-11-12 00:00:00-05:00,10.899999618530273,12.399999618530273,10.0600004196167,11.609999656677246,196000,0.0,0.0
2020-11-13 00:00:00-05:00,11.489999771118164,13.989999771118164,11.489999771118164,13.100000381469727,209800,0.0,0.0
2020-11-16 00:00:00-05:00,13.09000015258789,13.6899995803833,12.149999618530273,12.680000305175781,145600,0.0,0.0
2020-11-17 00:00:00-05:00,12.680000305175781,12.78499984741211,12.0,12.350000381469727,174900,0.0,0.0
2020-11-18 00:00:00-05:00,12.3100004196167,13.369999885559082,12.053000450134277,13.029999732971191,76600,0.0,0.0
2020-11-19 00:00:00-05:00,13.0,13.430000305175781,12.779999732971191,13.25,60900,0.0,0.0
2020-11-20 00:00:00-05:00,13.289999961853027,14.270000457763672,13.289999961853027,14.010000228881836,47500,0.0,0.0
2020-11-23 00:00:00-05:00,14.350000381469727,14.619999885559082,12.899999618530273,13.390000343322754,77600,0.0,0.0
2020-11-24 00:00:00-05:00,13.600000381469727,13.859999656677246,12.4399995803833,12.729999542236328,145400,0.0,0.0
2020-11-25 00:00:00-05:00,12.729999542236328,13.25,12.170000076293945,12.90999984741211,70800,0.0,0.0
2020-11-27 00:00:00-05:00,12.890000343322754,13.640000343322754,12.725000381469727,12.890000343322754,63600,0.0,0.0
2020-11-30 00:00:00-05:00,12.850000381469727,12.859999656677246,12.34000015258789,12.5600004196167,70800,0.0,0.0
2020-12-01 00:00:00-05:00,12.800000190734863,13.029999732971191,12.170000076293945,12.449999809265137,62400,0.0,0.0
2020-12-02 00:00:00-05:00,12.449999809265137,12.5,12.0,12.270000457763672,72200,0.0,0.0
2020-12-03 00:00:00-05:00,12.15999984741211,12.34000015258789,11.5,11.5,60300,0.0,0.0
2020-12-04 00:00:00-05:00,11.539999961853027,12.109999656677246,11.109999656677246,11.949999809265137,52400,0.0,0.0
2020-12-07 00:00:00-05:00,12.0,12.260000228881836,11.460000038146973,11.510000228881836,51200,0.0,0.0
2020-12-08 00:00:00-05:00,11.59000015258789,11.875,11.510000228881836,11.510000228881836,52800,0.0,0.0
2020-12-09 00:00:00-05:00,11.520000457763672,11.670000076293945,10.800000190734863,10.96500015258789,96900,0.0,0.0
2020-12-10 00:00:00-05:00,11.0,11.399999618530273,10.899999618530273,11.239999771118164,20400,0.0,0.0
2020-12-11 00:00:00-05:00,11.289999961853027,12.890000343322754,11.260000228881836,12.289999961853027,123200,0.0,0.0
2020-12-14 00:00:00-05:00,13.0,14.239999771118164,12.960000038146973,13.0,262100,0.0,0.0
2020-12-15 00:00:00-05:00,13.149999618530273,13.404999732971191,12.5,13.0,105800,0.0,0.0
2020-12-16 00:00:00-05:00,13.039999961853027,13.40999984741211,12.779999732971191,13.300000190734863,61100,0.0,0.0
2020-12-17 00:00:00-05:00,13.180000305175781,13.300000190734863,12.920000076293945,13.100000381469727,43800,0.0,0.0
2020-12-18 00:00:00-05:00,13.119999885559082,13.975000381469727,13.119999885559082,13.550000190734863,113600,0.0,0.0
2020-12-21 00:00:00-05:00,13.619999885559082,14.149999618530273,13.319999694824219,13.800000190734863,109600,0.0,0.0
2020-12-22 00:00:00-05:00,14.130000114440918,14.149999618530273,13.029999732971191,13.970000267028809,143700,0.0,0.0
2020-12-23 00:00:00-05:00,13.960000038146973,13.960000038146973,13.15999984741211,13.25,70900,0.0,0.0
2020-12-24 00:00:00-05:00,13.300000190734863,13.449999809265137,13.038000106811523,13.170000076293945,28700,0.0,0.0
2020-12-28 00:00:00-05:00,13.170000076293945,13.970000267028809,13.170000076293945,13.789999961853027,92000,0.0,0.0
2020-12-29 00:00:00-05:00,13.859999656677246,13.930000305175781,12.430000305175781,12.4399995803833,99300,0.0,0.0
2020-12-30 00:00:00-05:00,12.699999809265137,14.069999694824219,12.699999809265137,13.979999542236328,108200,0.0,0.0
2020-12-31 00:00:00-05:00,13.970000267028809,15.239999771118164,13.869999885559082,14.289999961853027,119900,0.0,0.0
2021-01-04 00:00:00-05:00,14.199999809265137,15.510000228881836,13.510000228881836,15.40999984741211,146300,0.0,0.0
2021-01-05 00:00:00-05:00,15.449999809265137,17.860000610351562,15.020000457763672,17.209999084472656,365700,0.0,0.0
2021-01-06 00:00:00-05:00,17.010000228881836,18.15999984741211,16.790000915527344,16.790000915527344,309900,0.0,0.0
2021-01-07 00:00:00-05:00,17.059999465942383,20.614999771118164,16.65999984741211,19.760000228881836,526600,0.0,0.0
2021-01-08 00:00:00-05:00,20.209999084472656,20.329999923706055,16.639999389648438,16.639999389648438,222500,0.0,0.0
2021-01-11 00:00:00-05:00,16.450000762939453,17.309999465942383,15.779999732971191,16.020000457763672,108000,0.0,0.0
2021-01-12 00:00:00-05:00,16.079999923706055,16.5,15.850000381469727,15.9399995803833,57400,0.0,0.0
2021-01-13 00:00:00-05:00,15.989999771118164,16.2450008392334,15.270000457763672,15.680000305175781,66800,0.0,0.0
2021-01-14 00:00:00-05:00,15.8100004196167,17.868999481201172,15.550000190734863,17.389999389648438,109500,0.0,0.0
2021-01-15 00:00:00-05:00,17.639999389648438,18.06999969482422,16.799999237060547,17.889999389648438,81500,0.0,0.0
2021-01-19 00:00:00-05:00,18.059999465942383,20.479999542236328,18.059999465942383,19.770000457763672,224700,0.0,0.0
2021-01-20 00:00:00-05:00,20.5,20.799999237060547,19.799999237060547,20.489999771118164,173800,0.0,0.0
2021-01-21 00:00:00-05:00,20.790000915527344,22.200000762939453,20.600000381469727,21.420000076293945,222600,0.0,0.0
2021-01-22 00:00:00-05:00,21.420000076293945,21.989999771118164,20.27199935913086,21.989999771118164,117800,0.0,0.0
2021-01-25 00:00:00-05:00,22.5,23.950000762939453,21.389999389648438,23.06999969482422,212500,0.0,0.0
2021-01-26 00:00:00-05:00,23.0,24.889999389648438,22.510000228881836,23.489999771118164,141300,0.0,0.0
2021-01-27 00:00:00-05:00,22.770000457763672,23.59000015258789,20.510000228881836,21.920000076293945,296600,0.0,0.0
2021-01-28 00:00:00-05:00,23.0,24.075000762939453,22.200000762939453,23.0,382300,0.0,0.0
2021-01-29 00:00:00-05:00,22.81999969482422,23.165000915527344,20.81999969482422,21.65999984741211,274900,0.0,0.0
2021-02-01 00:00:00-05:00,21.549999237060547,24.959999084472656,21.510000228881836,24.479999542236328,293400,0.0,0.0
2021-02-02 00:00:00-05:00,24.479999542236328,26.5,23.1299991607666,23.5,303100,0.0,0.0
2021-02-03 00:00:00-05:00,23.8799991607666,24.5,22.520000457763672,24.5,166200,0.0,0.0
2021-02-04 00:00:00-05:00,24.209999084472656,25.926000595092773,24.149999618530273,24.889999389648438,173500,0.0,0.0
2021-02-05 00:00:00-05:00,25.43000030517578,25.65999984741211,24.549999237060547,24.989999771118164,91900,0.0,0.0
2021-02-08 00:00:00-05:00,25.770000457763672,27.59000015258789,25.600000381469727,27.110000610351562,290000,0.0,0.0
2021-02-09 00:00:00-05:00,27.3799991607666,31.479999542236328,27.299999237060547,28.010000228881836,301100,0.0,0.0
2021-02-10 00:00:00-05:00,29.420000076293945,30.0,26.610000610351562,28.899999618530273,298200,0.0,0.0
2021-02-11 00:00:00-05:00,29.520000457763672,30.899999618530273,28.329999923706055,30.049999237060547,293700,0.0,0.0
2021-02-12 00:00:00-05:00,30.0,31.420000076293945,29.489999771118164,30.420000076293945,251400,0.0,0.0
2021-02-16 00:00:00-05:00,31.389999389648438,31.850000381469727,28.329999923706055,28.5,361700,0.0,0.0
2021-02-17 00:00:00-05:00,28.1299991607666,28.489999771118164,25.860000610351562,27.90999984741211,325900,0.0,0.0
2021-02-18 00:00:00-05:00,27.0,28.8799991607666,26.540000915527344,27.010000228881836,309300,0.0,0.0
2021-02-19 00:00:00-05:00,27.93000030517578,29.15999984741211,27.209999084472656,28.0,180900,0.0,0.0
2021-02-22 00:00:00-05:00,27.700000762939453,30.420000076293945,27.209999084472656,27.75,373400,0.0,0.0
2021-02-23 00:00:00-05:00,26.5,29.489999771118164,24.190000534057617,28.959999084472656,380400,0.0,0.0
2021-02-24 00:00:00-05:00,29.6200008392334,29.725000381469727,27.850000381469727,29.15999984741211,151300,0.0,0.0
2021-02-25 00:00:00-05:00,29.43000030517578,29.75,26.209999084472656,26.969999313354492,198200,0.0,0.0
2021-02-26 00:00:00-05:00,27.190000534057617,27.652999877929688,24.100000381469727,26.600000381469727,178200,0.0,0.0
2021-03-01 00:00:00-05:00,27.549999237060547,29.899999618530273,27.15999984741211,27.170000076293945,163700,0.0,0.0
2021-03-02 00:00:00-05:00,27.719999313354492,29.190000534057617,26.809999465942383,27.700000762939453,171400,0.0,0.0
2021-03-03 00:00:00-05:00,27.56999969482422,27.649999618530273,23.770000457763672,25.5,612300,0.0,0.0
2021-03-04 00:00:00-05:00,25.030000686645508,25.81999969482422,20.649999618530273,24.3799991607666,775400,0.0,0.0
2021-03-05 00:00:00-05:00,23.809999465942383,24.420000076293945,18.100000381469727,21.8799991607666,691200,0.0,0.0
2021-03-08 00:00:00-05:00,21.100000381469727,22.600000381469727,20.889999389648438,21.149999618530273,161300,0.0,0.0
2021-03-09 00:00:00-05:00,20.510000228881836,23.489999771118164,20.020000457763672,21.020000457763672,342100,0.0,0.0
2021-03-10 00:00:00-05:00,21.209999084472656,22.825000762939453,18.90999984741211,19.68000030517578,686800,0.0,0.0
2021-03-11 00:00:00-05:00,20.450000762939453,20.450000762939453,18.110000610351562,19.690000534057617,342500,0.0,0.0
2021-03-12 00:00:00-05:00,19.34000015258789,19.579999923706055,18.665000915527344,18.690000534057617,190900,0.0,0.0
2021-03-15 00:00:00-04:00,18.799999237060547,19.889999389648438,18.139999389648438,19.8799991607666,386100,0.0,0.0
2021-03-16 00:00:00-04:00,19.75,19.979999542236328,18.6200008392334,19.5,237400,0.0,0.0
2021-03-17 00:00:00-04:00,19.06999969482422,19.770000457763672,18.489999771118164,19.6299991607666,170300,0.0,0.0
2021-03-18 00:00:00-04:00,19.579999923706055,19.65999984741211,18.530000686645508,18.8799991607666,206900,0.0,0.0
2021-03-19 00:00:00-04:00,18.940000534057617,20.469999313354492,18.6200008392334,19.770000457763672,198300,0.0,0.0
2021-03-22 00:00:00-04:00,20.700000762939453,25.940000534057617,20.700000762939453,24.219999313354492,1332200,0.0,0.0
2021-03-23 00:00:00-04:00,24.649999618530273,26.649999618530273,22.184999465942383,22.700000762939453,758200,0.0,0.0
2021-03-24 00:00:00-04:00,22.68000030517578,22.969999313354492,19.329999923706055,19.790000915527344,557300,0.0,0.0
2021-03-25 00:00:00-04:00,19.030000686645508,21.0,18.809999465942383,20.739999771118164,263200,0.0,0.0
2021-03-26 00:00:00-04:00,20.809999465942383,21.729999542236328,19.645000457763672,20.739999771118164,187600,0.0,0.0
2021-03-29 00:00:00-04:00,20.639999389648438,20.75,18.95199966430664,19.229999542236328,129100,0.0,0.0
2021-03-30 00:00:00-04:00,18.66200065612793,19.979999542236328,18.100000381469727,19.649999618530273,193100,0.0,0.0
2021-03-31 00:00:00-04:00,19.90999984741211,20.218000411987305,19.030000686645508,19.260000228881836,143400,0.0,0.0
2021-04-01 00:00:00-04:00,19.540000915527344,20.5,19.260000228881836,20.3799991607666,132400,0.0,0.0
2021-04-05 00:00:00-04:00,19.860000610351562,20.114999771118164,17.75,18.059999465942383,398400,0.0,0.0
2021-04-06 00:00:00-04:00,18.450000762939453,20.200000762939453,17.850000381469727,19.1299991607666,441400,0.0,0.0
2021-04-07 00:00:00-04:00,18.8799991607666,19.75,18.700000762939453,18.899999618530273,139300,0.0,0.0
2021-04-08 00:00:00-04:00,19.170000076293945,19.979999542236328,18.559999465942383,19.809999465942383,120000,0.0,0.0
2021-04-09 00:00:00-04:00,19.639999389648438,20.670000076293945,19.40999984741211,20.6200008392334,135900,0.0,0.0
2021-04-12 00:00:00-04:00,20.389999389648438,20.389999389648438,19.020000457763672,19.020000457763672,223000,0.0,0.0
2021-04-13 00:00:00-04:00,19.040000915527344,19.540000915527344,18.0,18.56999969482422,306400,0.0,0.0
2021-04-14 00:00:00-04:00,18.670000076293945,19.1200008392334,18.25200080871582,18.579999923706055,149500,0.0,0.0
2021-04-15 00:00:00-04:00,18.950000762939453,19.549999237060547,18.399999618530273,19.43000030517578,217700,0.0,0.0
2021-04-16 00:00:00-04:00,19.229999542236328,19.229999542236328,18.174999237060547,18.239999771118164,243400,0.0,0.0
2021-04-19 00:00:00-04:00,18.25,18.520000457763672,16.65999984741211,17.229999542236328,292000,0.0,0.0
2021-04-20 00:00:00-04:00,16.950000762939453,17.621000289916992,16.15999984741211,16.520000457763672,166100,0.0,0.0
2021-04-21 00:00:00-04:00,16.549999237060547,17.239999771118164,16.121999740600586,17.219999313354492,115800,0.0,0.0
2021-04-22 00:00:00-04:00,18.020000457763672,19.079999923706055,17.770000457763672,18.5,329600,0.0,0.0
2021-04-23 00:00:00-04:00,18.469999313354492,18.829999923706055,18.219999313354492,18.549999237060547,98100,0.0,0.0
2021-04-26 00:00:00-04:00,18.549999237060547,21.020000457763672,18.350000381469727,20.940000534057617,222500,0.0,0.0
2021-04-27 00:00:00-04:00,20.850000381469727,21.1200008392334,19.75,19.959999084472656,174200,0.0,0.0
2021-04-28 00:00:00-04:00,19.899999618530273,21.809999465942383,19.350000381469727,21.780000686645508,230000,0.0,0.0
2021-04-29 00:00:00-04:00,21.799999237060547,21.799999237060547,20.18000030517578,20.889999389648438,166000,0.0,0.0
2021-04-30 00:00:00-04:00,20.30500030517578,21.969999313354492,20.30500030517578,21.68000030517578,146800,0.0,0.0
2021-05-03 00:00:00-04:00,21.700000762939453,22.0,20.780000686645508,21.760000228881836,149800,0.0,0.0
2021-05-04 00:00:00-04:00,21.479999542236328,21.9060001373291,19.56999969482422,20.020000457763672,162200,0.0,0.0
2021-05-05 00:00:00-04:00,20.0,20.239999771118164,18.649999618530273,18.8700008392334,130400,0.0,0.0
2021-05-06 00:00:00-04:00,18.780000686645508,19.038000106811523,17.420000076293945,18.09000015258789,159300,0.0,0.0
2021-05-07 00:00:00-04:00,17.920000076293945,19.231000900268555,17.760000228881836,18.549999237060547,156700,0.0,0.0
2021-05-10 00:00:00-04:00,18.40999984741211,18.40999984741211,16.68000030517578,17.43000030517578,171500,0.0,0.0
2021-05-11 00:00:00-04:00,16.5,17.15999984741211,15.510000228881836,15.890000343322754,417400,0.0,0.0
2021-05-12 00:00:00-04:00,15.069999694824219,15.979999542236328,14.970000267028809,15.149999618530273,270300,0.0,0.0
2021-05-13 00:00:00-04:00,15.770000457763672,15.770000457763672,13.779999732971191,13.899999618530273,284200,0.0,0.0
2021-05-14 00:00:00-04:00,14.600000381469727,15.335000038146973,14.300000190734863,14.520000457763672,309500,0.0,0.0
2021-05-17 00:00:00-04:00,14.180000305175781,14.6850004196167,14.050000190734863,14.640000343322754,127500,0.0,0.0
2021-05-18 00:00:00-04:00,14.65999984741211,16.510000228881836,14.579999923706055,14.8100004196167,403700,0.0,0.0
2021-05-19 00:00:00-04:00,14.75,16.219999313354492,14.079999923706055,15.600000381469727,312300,0.0,0.0
2021-05-20 00:00:00-04:00,15.649999618530273,17.670000076293945,15.619999885559082,17.540000915527344,318100,0.0,0.0
2021-05-21 00:00:00-04:00,17.639999389648438,18.200000762939453,17.059999465942383,17.8799991607666,255400,0.0,0.0
2021-05-24 00:00:00-04:00,18.040000915527344,18.420000076293945,17.5,18.15999984741211,213600,0.0,0.0
2021-05-25 00:00:00-04:00,18.049999237060547,18.21500015258789,17.5,17.579999923706055,187500,0.0,0.0
2021-05-26 00:00:00-04:00,17.6299991607666,17.6299991607666,16.610000610351562,17.200000762939453,317700,0.0,0.0
2021-05-27 00:00:00-04:00,17.18000030517578,17.239999771118164,16.389999389648438,16.649999618530273,266000,0.0,0.0
2021-05-28 00:00:00-04:00,16.760000228881836,17.1299991607666,16.1299991607666,16.270000457763672,268200,0.0,0.0
2021-06-01 00:00:00-04:00,16.649999618530273,17.40999984741211,16.0,16.68000030517578,222500,0.0,0.0
2021-06-02 00:00:00-04:00,16.549999237060547,18.309999465942383,16.511999130249023,17.719999313354492,368200,0.0,0.0
2021-06-03 00:00:00-04:00,17.40999984741211,18.549999237060547,17.139999389648438,18.510000228881836,376100,0.0,0.0
2021-06-04 00:00:00-04:00,18.440000534057617,20.280000686645508,18.25,19.989999771118164,436700,0.0,0.0
2021-06-07 00:00:00-04:00,19.950000762939453,21.510000228881836,19.913000106811523,20.530000686645508,392600,0.0,0.0
2021-06-08 00:00:00-04:00,20.3700008392334,22.202999114990234,19.739999771118164,21.0,282600,0.0,0.0
2021-06-09 00:00:00-04:00,20.954999923706055,21.549999237060547,20.59000015258789,20.59000015258789,141100,0.0,0.0
2021-06-10 00:00:00-04:00,20.459999084472656,20.780000686645508,19.780000686645508,19.979999542236328,187900,0.0,0.0
2021-06-11 00:00:00-04:00,20.219999313354492,20.55500030517578,19.510000228881836,19.739999771118164,130900,0.0,0.0
2021-06-14 00:00:00-04:00,20.270000457763672,20.809999465942383,19.802000045776367,20.59000015258789,352400,0.0,0.0
2021-06-15 00:00:00-04:00,20.75,22.700000762939453,20.260000228881836,21.149999618530273,446800,0.0,0.0
2021-06-16 00:00:00-04:00,20.739999771118164,21.979999542236328,20.040000915527344,21.229999542236328,277200,0.0,0.0
2021-06-17 00:00:00-04:00,20.979999542236328,22.790000915527344,20.889999389648438,21.93000030517578,342800,0.0,0.0
2021-06-18 00:00:00-04:00,21.75,23.09000015258789,21.399999618530273,21.690000534057617,494300,0.0,0.0
2021-06-21 00:00:00-04:00,21.700000762939453,21.700000762939453,19.75,20.68000030517578,323900,0.0,0.0
2021-06-22 00:00:00-04:00,20.450000762939453,20.739999771118164,19.93000030517578,20.110000610351562,234000,0.0,0.0
2021-06-23 00:00:00-04:00,20.219999313354492,21.989999771118164,20.219999313354492,21.790000915527344,206600,0.0,0.0
2021-06-24 00:00:00-04:00,21.860000610351562,23.799999237060547,21.84000015258789,22.559999465942383,316700,0.0,0.0
2021-06-25 00:00:00-04:00,22.579999923706055,23.458999633789062,21.90999984741211,22.579999923706055,1803600,0.0,0.0
2021-06-28 00:00:00-04:00,22.68000030517578,23.360000610351562,22.139999389648438,22.479999542236328,162000,0.0,0.0
2021-06-29 00:00:00-04:00,22.610000610351562,22.610000610351562,21.579999923706055,21.950000762939453,131400,0.0,0.0
2021-06-30 00:00:00-04:00,21.719999313354492,21.829999923706055,21.100000381469727,21.360000610351562,135500,0.0,0.0
2021-07-01 00:00:00-04:00,21.469999313354492,21.68000030517578,20.420000076293945,20.8700008392334,111700,0.0,0.0
2021-07-02 00:00:00-04:00,20.959999084472656,21.239999771118164,20.049999237060547,20.65999984741211,181300,0.0,0.0
2021-07-06 00:00:00-04:00,20.860000610351562,20.969999313354492,20.010000228881836,20.299999237060547,161800,0.0,0.0
2021-07-07 00:00:00-04:00,20.079999923706055,20.399999618530273,18.75,19.209999084472656,410000,0.0,0.0
2021-07-08 00:00:00-04:00,18.530000686645508,19.219999313354492,18.020000457763672,18.639999389648438,155300,0.0,0.0
2021-07-09 00:00:00-04:00,18.780000686645508,19.01300048828125,18.5,18.6200008392334,109100,0.0,0.0
2021-07-12 00:00:00-04:00,18.889999389648438,21.0,18.690000534057617,20.229999542236328,214000,0.0,0.0
2021-07-13 00:00:00-04:00,20.09000015258789,20.239999771118164,19.100000381469727,19.3799991607666,139300,0.0,0.0
2021-07-14 00:00:00-04:00,19.489999771118164,19.489999771118164,17.270000457763672,17.520000457763672,271000,0.0,0.0
2021-07-15 00:00:00-04:00,18.200000762939453,18.420000076293945,16.200000762939453,16.56999969482422,543300,0.0,0.0
2021-07-16 00:00:00-04:00,16.809999465942383,17.030000686645508,16.040000915527344,16.059999465942383,236100,0.0,0.0
2021-07-19 00:00:00-04:00,15.699999809265137,16.2549991607666,15.152000427246094,15.949999809265137,228500,0.0,0.0
2021-07-20 00:00:00-04:00,15.850000381469727,16.43000030517578,15.699999809265137,16.149999618530273,208500,0.0,0.0
2021-07-21 00:00:00-04:00,15.930000305175781,16.84000015258789,15.859999656677246,16.639999389648438,157700,0.0,0.0
2021-07-22 00:00:00-04:00,16.600000381469727,16.850000381469727,15.760000228881836,15.789999961853027,124600,0.0,0.0
2021-07-23 00:00:00-04:00,15.8100004196167,15.880000114440918,15.329999923706055,15.510000228881836,93600,0.0,0.0
2021-07-26 00:00:00-04:00,15.489999771118164,15.649999618530273,14.789999961853027,15.029999732971191,129700,0.0,0.0
2021-07-27 00:00:00-04:00,15.140000343322754,15.277000427246094,14.3100004196167,14.520000457763672,137600,0.0,0.0
2021-07-28 00:00:00-04:00,14.449999809265137,15.0,14.329999923706055,14.710000038146973,334000,0.0,0.0
2021-07-29 00:00:00-04:00,14.770000457763672,15.100000381469727,14.449999809265137,14.619999885559082,138000,0.0,0.0
2021-07-30 00:00:00-04:00,14.539999961853027,15.0,14.15999984741211,14.84000015258789,168700,0.0,0.0
2021-08-02 00:00:00-04:00,14.760000228881836,15.520000457763672,14.550000190734863,14.770000457763672,170600,0.0,0.0
2021-08-03 00:00:00-04:00,14.729999542236328,14.739999771118164,14.09000015258789,14.399999618530273,100800,0.0,0.0
2021-08-04 00:00:00-04:00,14.210000038146973,14.520000457763672,13.850000381469727,14.010000228881836,139100,0.0,0.0
2021-08-05 00:00:00-04:00,14.010000228881836,14.84000015258789,14.010000228881836,14.680000305175781,100100,0.0,0.0
2021-08-06 00:00:00-04:00,14.710000038146973,14.899999618530273,14.140000343322754,14.829999923706055,102700,0.0,0.0
2021-08-09 00:00:00-04:00,14.819999694824219,15.060999870300293,14.539999961853027,14.680000305175781,157500,0.0,0.0
2021-08-10 00:00:00-04:00,14.75,14.989999771118164,13.920000076293945,13.989999771118164,164900,0.0,0.0
2021-08-11 00:00:00-04:00,13.970000267028809,13.970000267028809,13.0600004196167,13.479999542236328,235600,0.0,0.0
2021-08-12 00:00:00-04:00,13.430000305175781,13.430000305175781,11.859999656677246,12.640000343322754,533200,0.0,0.0
2021-08-13 00:00:00-04:00,12.680000305175781,12.779999732971191,11.899999618530273,11.9399995803833,198100,0.0,0.0
2021-08-16 00:00:00-04:00,11.579999923706055,12.020000457763672,10.09000015258789,10.470000267028809,700100,0.0,0.0
2021-08-17 00:00:00-04:00,10.609999656677246,10.979999542236328,10.020000457763672,10.5600004196167,364600,0.0,0.0
2021-08-18 00:00:00-04:00,10.420000076293945,11.739999771118164,10.25,10.960000038146973,497300,0.0,0.0
2021-08-19 00:00:00-04:00,10.970000267028809,11.140000343322754,10.347999572753906,10.510000228881836,248900,0.0,0.0
2021-08-20 00:00:00-04:00,10.380000114440918,11.4399995803833,10.350000381469727,11.329999923706055,236200,0.0,0.0
2021-08-23 00:00:00-04:00,11.420000076293945,12.029999732971191,11.25,11.529999732971191,237400,0.0,0.0
2021-08-24 00:00:00-04:00,11.5600004196167,12.539999961853027,11.420000076293945,12.3100004196167,291900,0.0,0.0
2021-08-25 00:00:00-04:00,12.3100004196167,12.819999694824219,11.890000343322754,12.220000267028809,210100,0.0,0.0
2021-08-26 00:00:00-04:00,12.170000076293945,12.579999923706055,11.899999618530273,12.34000015258789,149000,0.0,0.0
2021-08-27 00:00:00-04:00,12.329999923706055,13.050000190734863,12.220000267028809,12.90999984741211,190800,0.0,0.0
2021-08-30 00:00:00-04:00,13.09000015258789,13.09000015258789,12.390000343322754,12.449999809265137,111100,0.0,0.0
2021-08-31 00:00:00-04:00,12.479999542236328,13.859999656677246,12.420000076293945,13.489999771118164,192900,0.0,0.0
2021-09-01 00:00:00-04:00,13.489999771118164,13.789999961853027,13.119999885559082,13.380000114440918,195500,0.0,0.0
2021-09-02 00:00:00-04:00,13.369999885559082,14.539999961853027,13.369999885559082,13.960000038146973,211300,0.0,0.0
2021-09-03 00:00:00-04:00,13.850000381469727,14.041000366210938,13.579999923706055,13.90999984741211,122600,0.0,0.0
2021-09-07 00:00:00-04:00,13.869999885559082,14.083999633789062,12.4399995803833,12.720000267028809,280100,0.0,0.0
2021-09-08 00:00:00-04:00,12.880000114440918,13.260000228881836,12.489999771118164,13.079999923706055,108300,0.0,0.0
2021-09-09 00:00:00-04:00,12.850000381469727,13.539999961853027,12.550000190734863,13.350000381469727,86500,0.0,0.0
2021-09-10 00:00:00-04:00,13.125,13.529999732971191,12.954999923706055,13.0600004196167,78900,0.0,0.0
2021-09-13 00:00:00-04:00,13.180000305175781,13.180000305175781,12.00100040435791,12.670000076293945,235400,0.0,0.0
2021-09-14 00:00:00-04:00,12.739999771118164,12.920000076293945,12.5,12.609999656677246,99100,0.0,0.0
2021-09-15 00:00:00-04:00,12.619999885559082,13.069999694824219,12.5,13.029999732971191,80800,0.0,0.0
2021-09-16 00:00:00-04:00,12.869999885559082,13.170000076293945,12.71500015258789,13.130000114440918,83500,0.0,0.0
2021-09-17 00:00:00-04:00,13.300000190734863,14.619000434875488,13.220000267028809,14.369999885559082,242400,0.0,0.0
2021-09-20 00:00:00-04:00,13.59000015258789,13.859999656677246,12.510000228881836,13.170000076293945,184100,0.0,0.0
2021-09-21 00:00:00-04:00,13.170000076293945,14.0,13.119999885559082,13.369999885559082,73500,0.0,0.0
2021-09-22 00:00:00-04:00,13.510000228881836,13.946999549865723,13.170000076293945,13.670000076293945,174600,0.0,0.0
2021-09-23 00:00:00-04:00,13.6899995803833,14.020000457763672,13.25,13.84000015258789,77500,0.0,0.0
2021-09-24 00:00:00-04:00,13.649999618530273,14.350000381469727,13.5,13.880000114440918,139500,0.0,0.0
2021-09-27 00:00:00-04:00,13.84000015258789,14.359999656677246,13.510000228881836,14.270000457763672,99900,0.0,0.0
2021-09-28 00:00:00-04:00,14.09000015258789,14.1899995803833,12.90999984741211,13.039999961853027,435000,0.0,0.0
2021-09-29 00:00:00-04:00,13.039999961853027,13.303999900817871,12.600000381469727,12.75,140900,0.0,0.0
2021-09-30 00:00:00-04:00,12.75,13.880000114440918,12.75,13.649999618530273,215700,0.0,0.0
2021-10-01 00:00:00-04:00,13.489999771118164,13.836000442504883,13.109999656677246,13.399999618530273,122600,0.0,0.0
2021-10-04 00:00:00-04:00,13.239999771118164,13.239999771118164,12.420000076293945,12.520000457763672,97100,0.0,0.0
2021-10-05 00:00:00-04:00,12.5,12.800000190734863,12.430000305175781,12.529999732971191,120600,0.0,0.0
2021-10-06 00:00:00-04:00,12.5,13.34000015258789,12.5,12.899999618530273,115800,0.0,0.0
2021-10-07 00:00:00-04:00,12.930000305175781,13.399999618530273,12.607000350952148,13.140000343322754,61400,0.0,0.0
2021-10-08 00:00:00-04:00,13.119999885559082,13.1899995803833,12.529999732971191,12.770000457763672,56100,0.0,0.0
2021-10-11 00:00:00-04:00,12.6899995803833,12.888999938964844,12.479999542236328,12.550000190734863,54300,0.0,0.0
2021-10-12 00:00:00-04:00,12.649999618530273,13.529999732971191,12.649999618530273,13.430000305175781,105700,0.0,0.0
2021-10-13 00:00:00-04:00,13.270000457763672,13.760000228881836,13.1899995803833,13.479999542236328,104400,0.0,0.0
2021-10-14 00:00:00-04:00,15.04699993133545,16.540000915527344,14.670000076293945,16.200000762939453,773900,0.0,0.0
2021-10-15 00:00:00-04:00,16.149999618530273,16.81999969482422,15.555000305175781,16.170000076293945,320000,0.0,0.0
2021-10-18 00:00:00-04:00,16.190000534057617,16.399999618530273,15.260000228881836,15.369999885559082,218800,0.0,0.0
2021-10-19 00:00:00-04:00,15.65999984741211,17.09000015258789,15.475000381469727,16.649999618530273,186200,0.0,0.0
2021-10-20 00:00:00-04:00,16.5,17.100000381469727,16.010000228881836,16.510000228881836,108700,0.0,0.0
2021-10-21 00:00:00-04:00,16.520000457763672,17.260000228881836,15.859999656677246,16.1299991607666,112600,0.0,0.0
2021-10-22 00:00:00-04:00,15.5,16.40999984741211,15.430000305175781,15.960000038146973,145200,0.0,0.0
2021-10-25 00:00:00-04:00,15.989999771118164,16.03700065612793,15.220000267028809,15.869999885559082,116800,0.0,0.0
2021-10-26 00:00:00-04:00,16.010000228881836,16.40999984741211,15.460000038146973,16.049999237060547,102100,0.0,0.0
2021-10-27 00:00:00-04:00,16.020000457763672,16.059999465942383,15.300000190734863,15.520000457763672,83500,0.0,0.0
2021-10-28 00:00:00-04:00,15.619999885559082,16.469999313354492,15.270000457763672,16.06999969482422,97100,0.0,0.0
2021-10-29 00:00:00-04:00,15.979999542236328,16.360000610351562,15.579999923706055,16.350000381469727,92600,0.0,0.0
2021-11-01 00:00:00-04:00,16.489999771118164,18.40999984741211,16.489999771118164,18.100000381469727,287300,0.0,0.0
2021-11-02 00:00:00-04:00,18.010000228881836,19.174999237060547,17.440000534057617,18.65999984741211,297500,0.0,0.0
2021-11-03 00:00:00-04:00,18.639999389648438,19.389999389648438,18.399999618530273,19.020000457763672,215100,0.0,0.0
2021-11-04 00:00:00-04:00,19.375,19.375,18.020000457763672,18.690000534057617,131000,0.0,0.0
2021-11-05 00:00:00-04:00,18.770000457763672,19.09000015258789,18.25,18.709999084472656,110400,0.0,0.0
2021-11-08 00:00:00-05:00,18.770000457763672,19.274999618530273,18.489999771118164,18.920000076293945,79200,0.0,0.0
2021-11-09 00:00:00-05:00,18.899999618530273,18.920000076293945,18.010000228881836,18.559999465942383,71500,0.0,0.0
2021-11-10 00:00:00-05:00,18.270000457763672,18.780000686645508,16.809999465942383,17.610000610351562,234800,0.0,0.0
2021-11-11 00:00:00-05:00,17.59000015258789,18.09000015258789,17.1299991607666,17.479999542236328,331700,0.0,0.0
2021-11-12 00:00:00-05:00,17.889999389648438,17.889999389648438,16.940000534057617,17.020000457763672,227200,0.0,0.0
2021-11-15 00:00:00-05:00,17.059999465942383,17.290000915527344,16.600000381469727,16.700000762939453,202700,0.0,0.0
2021-11-16 00:00:00-05:00,16.75,16.75,15.510000228881836,16.270000457763672,266400,0.0,0.0
2021-11-17 00:00:00-05:00,16.1299991607666,16.950000762939453,15.739999771118164,16.530000686645508,219400,0.0,0.0
2021-11-18 00:00:00-05:00,16.773000717163086,16.937999725341797,15.720000267028809,15.970000267028809,232800,0.0,0.0
2021-11-19 00:00:00-05:00,15.75,17.045000076293945,15.729999542236328,16.610000610351562,133400,0.0,0.0
2021-11-22 00:00:00-05:00,16.6200008392334,16.6200008392334,15.640000343322754,16.06999969482422,170800,0.0,0.0
2021-11-23 00:00:00-05:00,15.84000015258789,16.770000457763672,15.329999923706055,16.15999984741211,257400,0.0,0.0
2021-11-24 00:00:00-05:00,16.149999618530273,16.606000900268555,15.79800033569336,16.010000228881836,126200,0.0,0.0
2021-11-26 00:00:00-05:00,15.649999618530273,15.9399995803833,15.390000343322754,15.630000114440918,105600,0.0,0.0
2021-11-29 00:00:00-05:00,15.65999984741211,15.970000267028809,15.260000228881836,15.550000190734863,114100,0.0,0.0
2021-11-30 00:00:00-05:00,15.40999984741211,16.149999618530273,15.152999877929688,15.630000114440918,123800,0.0,0.0
2021-12-01 00:00:00-05:00,16.040000915527344,16.360000610351562,14.75,14.869999885559082,194400,0.0,0.0
2021-12-02 00:00:00-05:00,14.930000305175781,15.380000114440918,14.59000015258789,15.239999771118164,123500,0.0,0.0
2021-12-03 00:00:00-05:00,15.210000038146973,15.279999732971191,13.760000228881836,15.010000228881836,331700,0.0,0.0
2021-12-06 00:00:00-05:00,14.8100004196167,15.451000213623047,13.819999694824219,14.5,500700,0.0,0.0
2021-12-07 00:00:00-05:00,14.649999618530273,15.0,14.15999984741211,14.420000076293945,201400,0.0,0.0
2021-12-08 00:00:00-05:00,14.390000343322754,14.760000228881836,14.15999984741211,14.449999809265137,107100,0.0,0.0
2021-12-09 00:00:00-05:00,14.220000267028809,14.444999694824219,13.5600004196167,13.789999961853027,173400,0.0,0.0
2021-12-10 00:00:00-05:00,13.859999656677246,14.289999961853027,13.430000305175781,13.9399995803833,223100,0.0,0.0
2021-12-13 00:00:00-05:00,14.140000343322754,14.859999656677246,13.880999565124512,14.399999618530273,186100,0.0,0.0
2021-12-14 00:00:00-05:00,14.15999984741211,14.399999618530273,13.40999984741211,13.720000267028809,109300,0.0,0.0
2021-12-15 00:00:00-05:00,13.649999618530273,14.210000038146973,13.180000305175781,14.069999694824219,135800,0.0,0.0
2021-12-16 00:00:00-05:00,13.5600004196167,14.399999618530273,13.09000015258789,13.319999694824219,122900,0.0,0.0
2021-12-17 00:00:00-05:00,13.555000305175781,14.1899995803833,12.779999732971191,13.489999771118164,323600,0.0,0.0
2021-12-20 00:00:00-05:00,13.1899995803833,13.460000038146973,12.949999809265137,13.15999984741211,81400,0.0,0.0
2021-12-21 00:00:00-05:00,13.25,13.854999542236328,13.25,13.569999694824219,68900,0.0,0.0
2021-12-22 00:00:00-05:00,13.630000114440918,13.859999656677246,13.3100004196167,13.600000381469727,73900,0.0,0.0
2021-12-23 00:00:00-05:00,13.5,13.817000389099121,13.449999809265137,13.649999618530273,85500,0.0,0.0
2021-12-27 00:00:00-05:00,13.640000343322754,13.84000015258789,13.142999649047852,13.3100004196167,70800,0.0,0.0
2021-12-28 00:00:00-05:00,13.149999618530273,13.510000228881836,12.65999984741211,12.880000114440918,101300,0.0,0.0
2021-12-29 00:00:00-05:00,12.739999771118164,12.979999542236328,12.260000228881836,12.569999694824219,178300,0.0,0.0
2021-12-30 00:00:00-05:00,12.960000038146973,13.15999984741211,12.350000381469727,12.850000381469727,96800,0.0,0.0
2021-12-31 00:00:00-05:00,12.859999656677246,13.3100004196167,12.6899995803833,12.970000267028809,130900,0.0,0.0
2022-01-03 00:00:00-05:00,12.989999771118164,13.710000038146973,12.5,13.609999656677246,103000,0.0,0.0
2022-01-04 00:00:00-05:00,13.609999656677246,13.609999656677246,12.649999618530273,12.880000114440918,89700,0.0,0.0
2022-01-05 00:00:00-05:00,12.859999656677246,13.010000228881836,12.09000015258789,12.119999885559082,126100,0.0,0.0
2022-01-06 00:00:00-05:00,11.84000015258789,12.109999656677246,11.380000114440918,11.40999984741211,173200,0.0,0.0
2022-01-07 00:00:00-05:00,11.550000190734863,11.753999710083008,11.050000190734863,11.34000015258789,136600,0.0,0.0
2022-01-10 00:00:00-05:00,11.220000267028809,11.220000267028809,10.619999885559082,10.989999771118164,127500,0.0,0.0
2022-01-11 00:00:00-05:00,10.890000343322754,11.329999923706055,10.729000091552734,11.109999656677246,73500,0.0,0.0
2022-01-12 00:00:00-05:00,11.229999542236328,11.229999542236328,10.699999809265137,10.850000381469727,81700,0.0,0.0
2022-01-13 00:00:00-05:00,10.425000190734863,10.890000343322754,10.100000381469727,10.359999656677246,148900,0.0,0.0
2022-01-14 00:00:00-05:00,10.140000343322754,10.670000076293945,9.920000076293945,10.289999961853027,77800,0.0,0.0
2022-01-18 00:00:00-05:00,10.15999984741211,10.279999732971191,9.670000076293945,9.979999542236328,156700,0.0,0.0
2022-01-19 00:00:00-05:00,10.0,10.300000190734863,9.5600004196167,9.649999618530273,177200,0.0,0.0
2022-01-20 00:00:00-05:00,9.59000015258789,9.9350004196167,8.800000190734863,8.90999984741211,190600,0.0,0.0
2022-01-21 00:00:00-05:00,8.729999542236328,8.914999961853027,8.0600004196167,8.15999984741211,348800,0.0,0.0
2022-01-24 00:00:00-05:00,7.96999979019165,8.989999771118164,7.690000057220459,8.979999542236328,327900,0.0,0.0
2022-01-25 00:00:00-05:00,8.699999809265137,9.020000457763672,8.489999771118164,8.609999656677246,96800,0.0,0.0
2022-01-26 00:00:00-05:00,8.819999694824219,8.949999809265137,7.960000038146973,8.239999771118164,104100,0.0,0.0
2022-01-27 00:00:00-05:00,8.369999885559082,8.449999809265137,7.809999942779541,7.920000076293945,109000,0.0,0.0
2022-01-28 00:00:00-05:00,7.900000095367432,8.390000343322754,7.559999942779541,8.369999885559082,119900,0.0,0.0
2022-01-31 00:00:00-05:00,8.369999885559082,8.8100004196167,8.130000114440918,8.770000457763672,256600,0.0,0.0
2022-02-01 00:00:00-05:00,8.789999961853027,9.0,8.449999809265137,8.770000457763672,173100,0.0,0.0
2022-02-02 00:00:00-05:00,8.829999923706055,8.850000381469727,8.25,8.4399995803833,91900,0.0,0.0
2022-02-03 00:00:00-05:00,8.390000343322754,8.399999618530273,8.050000190734863,8.119999885559082,63000,0.0,0.0
2022-02-04 00:00:00-05:00,8.270000457763672,8.5,7.960000038146973,8.380000114440918,95900,0.0,0.0
2022-02-07 00:00:00-05:00,8.430000305175781,8.710000038146973,8.15999984741211,8.529999732971191,104400,0.0,0.0
2022-02-08 00:00:00-05:00,8.520000457763672,8.880000114440918,8.520000457763672,8.800000190734863,114400,0.0,0.0
2022-02-09 00:00:00-05:00,8.890000343322754,9.149999618530273,8.800000190734863,9.0600004196167,120700,0.0,0.0
2022-02-10 00:00:00-05:00,8.800000190734863,9.199999809265137,8.739999771118164,8.949999809265137,92100,0.0,0.0
2022-02-11 00:00:00-05:00,8.930000305175781,9.3100004196167,8.600000381469727,8.8100004196167,103800,0.0,0.0
2022-02-14 00:00:00-05:00,8.84000015258789,9.015000343322754,8.539999961853027,8.609999656677246,72000,0.0,0.0
2022-02-15 00:00:00-05:00,8.800000190734863,9.010000228881836,8.526000022888184,8.739999771118164,130900,0.0,0.0
2022-02-16 00:00:00-05:00,8.75,8.90999984741211,8.40999984741211,8.819999694824219,143300,0.0,0.0
2022-02-17 00:00:00-05:00,8.640000343322754,8.680000305175781,8.029999732971191,8.079999923706055,135300,0.0,0.0
2022-02-18 00:00:00-05:00,8.010000228881836,8.100000381469727,7.599999904632568,7.849999904632568,133400,0.0,0.0
2022-02-22 00:00:00-05:00,7.659999847412109,7.940000057220459,7.534999847412109,7.579999923706055,136500,0.0,0.0
2022-02-23 00:00:00-05:00,7.679999828338623,7.860000133514404,7.130000114440918,7.21999979019165,188300,0.0,0.0
2022-02-24 00:00:00-05:00,6.789999961853027,7.329999923706055,6.670000076293945,7.300000190734863,264500,0.0,0.0
2022-02-25 00:00:00-05:00,7.369999885559082,7.519999980926514,7.150000095367432,7.489999771118164,160300,0.0,0.0
2022-02-28 00:00:00-05:00,7.269999980926514,7.559999942779541,7.159999847412109,7.300000190734863,130500,0.0,0.0
2022-03-01 00:00:00-05:00,7.929999828338623,8.029999732971191,7.2820000648498535,7.659999847412109,593800,0.0,0.0
2022-03-02 00:00:00-05:00,7.789999961853027,8.621999740600586,7.559999942779541,7.949999809265137,349700,0.0,0.0
2022-03-03 00:00:00-05:00,8.010000228881836,8.100000381469727,7.639999866485596,7.739999771118164,173100,0.0,0.0
2022-03-04 00:00:00-05:00,7.610000133514404,7.789000034332275,7.03000020980835,7.260000228881836,185500,0.0,0.0
2022-03-07 00:00:00-05:00,7.75,7.75,6.760000228881836,6.829999923706055,255300,0.0,0.0
2022-03-08 00:00:00-05:00,6.820000171661377,6.986000061035156,6.369999885559082,6.670000076293945,463800,0.0,0.0
2022-03-09 00:00:00-05:00,6.929999828338623,7.099999904632568,6.510000228881836,6.900000095367432,194100,0.0,0.0
2022-03-10 00:00:00-05:00,6.869999885559082,6.869999885559082,6.46999979019165,6.699999809265137,161600,0.0,0.0
2022-03-11 00:00:00-05:00,6.699999809265137,6.769999980926514,6.440000057220459,6.460000038146973,112900,0.0,0.0
2022-03-14 00:00:00-04:00,6.449999809265137,6.449999809265137,5.820000171661377,5.880000114440918,263700,0.0,0.0
2022-03-15 00:00:00-04:00,5.849999904632568,5.96999979019165,5.59499979019165,5.840000152587891,218500,0.0,0.0
2022-03-16 00:00:00-04:00,6.0,6.46999979019165,6.0,6.460000038146973,327700,0.0,0.0
2022-03-17 00:00:00-04:00,6.429999828338623,7.235000133514404,6.400000095367432,7.059999942779541,190800,0.0,0.0
2022-03-18 00:00:00-04:00,6.940000057220459,7.239999771118164,6.900000095367432,7.050000190734863,234500,0.0,0.0
2022-03-21 00:00:00-04:00,7.119999885559082,7.119999885559082,6.480000019073486,6.489999771118164,189800,0.0,0.0
2022-03-22 00:00:00-04:00,6.5,6.980000019073486,6.440000057220459,6.599999904632568,287800,0.0,0.0
2022-03-23 00:00:00-04:00,6.670000076293945,7.300000190734863,6.53000020980835,6.960000038146973,288500,0.0,0.0
2022-03-24 00:00:00-04:00,6.940000057220459,7.133999824523926,6.510000228881836,6.559999942779541,194300,0.0,0.0
2022-03-25 00:00:00-04:00,6.53000020980835,6.625,6.050000190734863,6.139999866485596,146700,0.0,0.0
2022-03-28 00:00:00-04:00,6.170000076293945,6.300000190734863,5.920000076293945,6.179999828338623,127100,0.0,0.0
2022-03-29 00:00:00-04:00,6.230000019073486,6.484000205993652,6.210000038146973,6.28000020980835,140400,0.0,0.0
2022-03-30 00:00:00-04:00,6.210000038146973,6.289999961853027,5.860000133514404,5.940000057220459,130700,0.0,0.0
2022-03-31 00:00:00-04:00,6.070000171661377,6.070000171661377,5.78000020980835,5.840000152587891,126600,0.0,0.0
2022-04-01 00:00:00-04:00,5.96999979019165,6.360000133514404,5.909999847412109,6.03000020980835,144500,0.0,0.0
2022-04-04 00:00:00-04:00,6.0,6.241000175476074,5.889999866485596,6.099999904632568,149700,0.0,0.0
2022-04-05 00:00:00-04:00,6.050000190734863,6.050000190734863,5.71999979019165,5.840000152587891,148600,0.0,0.0
2022-04-06 00:00:00-04:00,5.659999847412109,5.840000152587891,5.369999885559082,5.710000038146973,167500,0.0,0.0
2022-04-07 00:00:00-04:00,5.659999847412109,5.909999847412109,5.59499979019165,5.869999885559082,181900,0.0,0.0
2022-04-08 00:00:00-04:00,5.75,5.869999885559082,5.619999885559082,5.760000228881836,83900,0.0,0.0
2022-04-11 00:00:00-04:00,5.699999809265137,5.824999809265137,5.389999866485596,5.5,143100,0.0,0.0
2022-04-12 00:00:00-04:00,5.610000133514404,5.630000114440918,5.275000095367432,5.300000190734863,116700,0.0,0.0
2022-04-13 00:00:00-04:00,5.28000020980835,5.679999828338623,5.28000020980835,5.650000095367432,167400,0.0,0.0
2022-04-14 00:00:00-04:00,5.690000057220459,6.059999942779541,5.650000095367432,6.019999980926514,331300,0.0,0.0
2022-04-18 00:00:00-04:00,5.920000076293945,5.989999771118164,5.420000076293945,5.929999828338623,366900,0.0,0.0
2022-04-19 00:00:00-04:00,5.869999885559082,6.179999828338623,5.639999866485596,5.869999885559082,260000,0.0,0.0
2022-04-20 00:00:00-04:00,5.860000133514404,6.099999904632568,5.710000038146973,6.070000171661377,156000,0.0,0.0
2022-04-21 00:00:00-04:00,6.119999885559082,6.209000110626221,5.809999942779541,5.900000095367432,222200,0.0,0.0
2022-04-22 00:00:00-04:00,5.789999961853027,5.849999904632568,5.5,5.599999904632568,233500,0.0,0.0
2022-04-25 00:00:00-04:00,5.519999980926514,5.840000152587891,5.46999979019165,5.78000020980835,121600,0.0,0.0
2022-04-26 00:00:00-04:00,5.659999847412109,5.730000019073486,5.300000190734863,5.300000190734863,195000,0.0,0.0
2022-04-27 00:00:00-04:00,5.309999942779541,5.4120001792907715,4.960000038146973,5.039999961853027,240900,0.0,0.0
2022-04-28 00:00:00-04:00,5.110000133514404,5.110000133514404,4.650000095367432,5.03000020980835,320600,0.0,0.0
2022-04-29 00:00:00-04:00,5.0,5.28000020980835,4.880000114440918,4.960000038146973,191400,0.0,0.0
2022-05-02 00:00:00-04:00,4.889999866485596,5.361000061035156,4.769999980926514,5.090000152587891,291300,0.0,0.0
2022-05-03 00:00:00-04:00,5.099999904632568,5.440000057220459,4.809999942779541,4.869999885559082,241600,0.0,0.0
2022-05-04 00:00:00-04:00,4.900000095367432,5.139999866485596,4.610000133514404,5.110000133514404,249900,0.0,0.0
2022-05-05 00:00:00-04:00,5.170000076293945,5.170000076293945,4.639999866485596,4.769999980926514,175600,0.0,0.0
2022-05-06 00:00:00-04:00,4.71999979019165,4.829999923706055,4.420000076293945,4.429999828338623,148500,0.0,0.0
2022-05-09 00:00:00-04:00,4.289999961853027,4.440000057220459,4.110000133514404,4.329999923706055,320600,0.0,0.0
2022-05-10 00:00:00-04:00,4.5,4.789999961853027,4.329999923706055,4.670000076293945,268300,0.0,0.0
2022-05-11 00:00:00-04:00,4.650000095367432,5.010000228881836,4.409999847412109,4.570000171661377,350500,0.0,0.0
2022-05-12 00:00:00-04:00,4.949999809265137,5.677000045776367,4.579999923706055,5.179999828338623,429400,0.0,0.0
2022-05-13 00:00:00-04:00,4.650000095367432,5.889999866485596,4.400000095367432,5.860000133514404,595600,0.0,0.0
2022-05-16 00:00:00-04:00,5.800000190734863,6.739999771118164,5.739999771118164,6.53000020980835,455700,0.0,0.0
2022-05-17 00:00:00-04:00,6.710000038146973,7.691999912261963,6.449999809265137,7.190000057220459,1040600,0.0,0.0
2022-05-18 00:00:00-04:00,7.050000190734863,7.25,6.369999885559082,6.449999809265137,439900,0.0,0.0
2022-05-19 00:00:00-04:00,6.369999885559082,6.618000030517578,6.0,6.369999885559082,315000,0.0,0.0
2022-05-20 00:00:00-04:00,6.449999809265137,6.480000019073486,5.760000228881836,6.190000057220459,354300,0.0,0.0
2022-05-23 00:00:00-04:00,6.300000190734863,6.53000020980835,5.835000038146973,6.53000020980835,268300,0.0,0.0
2022-05-24 00:00:00-04:00,6.400000095367432,6.650000095367432,6.269999980926514,6.380000114440918,222600,0.0,0.0
2022-05-25 00:00:00-04:00,6.349999904632568,6.525000095367432,6.010000228881836,6.300000190734863,130200,0.0,0.0
2022-05-26 00:00:00-04:00,6.300000190734863,6.579999923706055,6.119999885559082,6.269999980926514,191100,0.0,0.0
2022-05-27 00:00:00-04:00,6.25,6.875,6.21999979019165,6.829999923706055,210600,0.0,0.0
2022-05-31 00:00:00-04:00,6.78000020980835,6.900000095367432,6.389999866485596,6.650000095367432,106000,0.0,0.0
2022-06-01 00:00:00-04:00,6.670000076293945,6.989999771118164,6.210000038146973,6.28000020980835,178400,0.0,0.0
2022-06-02 00:00:00-04:00,6.21999979019165,6.610000133514404,6.139999866485596,6.440000057220459,149100,0.0,0.0
2022-06-03 00:00:00-04:00,6.25,7.394999980926514,6.25,7.019999980926514,300700,0.0,0.0
2022-06-06 00:00:00-04:00,7.130000114440918,7.300000190734863,6.789999961853027,6.800000190734863,243700,0.0,0.0
2022-06-07 00:00:00-04:00,6.78000020980835,7.28000020980835,6.78000020980835,7.230000019073486,252200,0.0,0.0
2022-06-08 00:00:00-04:00,7.260000228881836,7.650000095367432,7.179999828338623,7.199999809265137,230000,0.0,0.0
2022-06-09 00:00:00-04:00,7.170000076293945,7.690000057220459,7.0,7.449999809265137,218100,0.0,0.0
2022-06-10 00:00:00-04:00,7.28000020980835,7.369999885559082,6.900000095367432,7.099999904632568,181500,0.0,0.0
2022-06-13 00:00:00-04:00,6.690000057220459,6.929999828338623,6.440000057220459,6.519999980926514,228400,0.0,0.0
2022-06-14 00:00:00-04:00,6.489999771118164,6.5,6.119999885559082,6.199999809265137,241300,0.0,0.0
2022-06-15 00:00:00-04:00,6.21999979019165,6.260000228881836,5.869999885559082,6.03000020980835,380200,0.0,0.0
2022-06-16 00:00:00-04:00,5.849999904632568,6.079999923706055,5.590000152587891,5.989999771118164,201900,0.0,0.0
2022-06-17 00:00:00-04:00,6.170000076293945,6.28000020980835,5.389999866485596,5.460000038146973,642100,0.0,0.0
2022-06-21 00:00:00-04:00,5.670000076293945,5.71999979019165,5.190000057220459,5.199999809265137,441200,0.0,0.0
2022-06-22 00:00:00-04:00,5.099999904632568,5.409999847412109,5.099999904632568,5.190000057220459,351800,0.0,0.0
2022-06-23 00:00:00-04:00,5.239999771118164,5.324999809265137,5.070000171661377,5.210000038146973,486800,0.0,0.0
2022-06-24 00:00:00-04:00,5.300000190734863,5.329999923706055,5.074999809265137,5.309999942779541,1963700,0.0,0.0
2022-06-27 00:00:00-04:00,5.300000190734863,6.059999942779541,5.21999979019165,5.949999809265137,314700,0.0,0.0
2022-06-28 00:00:00-04:00,5.920000076293945,5.960000038146973,5.550000190734863,5.630000114440918,156400,0.0,0.0
2022-06-29 00:00:00-04:00,5.570000171661377,5.570000171661377,5.260000228881836,5.53000020980835,179000,0.0,0.0
2022-06-30 00:00:00-04:00,5.360000133514404,6.289999961853027,5.28000020980835,6.139999866485596,421000,0.0,0.0
2022-07-01 00:00:00-04:00,6.070000171661377,6.275000095367432,5.820000171661377,5.929999828338623,263200,0.0,0.0
2022-07-05 00:00:00-04:00,5.960000038146973,6.25,5.800000190734863,6.170000076293945,280200,0.0,0.0
2022-07-06 00:00:00-04:00,6.179999828338623,6.449999809265137,6.110000133514404,6.28000020980835,176200,0.0,0.0
2022-07-07 00:00:00-04:00,6.320000171661377,6.579999923706055,6.235000133514404,6.5,185900,0.0,0.0
2022-07-08 00:00:00-04:00,6.46999979019165,6.75,6.329999923706055,6.75,148200,0.0,0.0
2022-07-11 00:00:00-04:00,6.679999828338623,6.699999809265137,6.010000228881836,6.019999980926514,168800,0.0,0.0
2022-07-12 00:00:00-04:00,6.019999980926514,6.199999809265137,5.949999809265137,6.119999885559082,133400,0.0,0.0
2022-07-13 00:00:00-04:00,6.0,6.335999965667725,6.0,6.190000057220459,108600,0.0,0.0
2022-07-14 00:00:00-04:00,6.110000133514404,6.25,5.84499979019165,6.199999809265137,179100,0.0,0.0
2022-07-15 00:00:00-04:00,6.289999961853027,6.309999942779541,5.78000020980835,6.139999866485596,185800,0.0,0.0
2022-07-18 00:00:00-04:00,6.179999828338623,6.380000114440918,6.050000190734863,6.179999828338623,156500,0.0,0.0
2022-07-19 00:00:00-04:00,6.25,6.409999847412109,6.199999809265137,6.389999866485596,104800,0.0,0.0
2022-07-20 00:00:00-04:00,6.340000152587891,6.619999885559082,6.239999771118164,6.539999961853027,156800,0.0,0.0
2022-07-21 00:00:00-04:00,6.539999961853027,6.739999771118164,6.389999866485596,6.510000228881836,216700,0.0,0.0
2022-07-22 00:00:00-04:00,6.559999942779541,6.579999923706055,6.059999942779541,6.179999828338623,134200,0.0,0.0
2022-07-25 00:00:00-04:00,6.199999809265137,6.369999885559082,5.869999885559082,6.190000057220459,144400,0.0,0.0
2022-07-26 00:00:00-04:00,6.110000133514404,6.199999809265137,5.914999961853027,6.090000152587891,109300,0.0,0.0
2022-07-27 00:00:00-04:00,6.159999847412109,6.159999847412109,6.0,6.139999866485596,108900,0.0,0.0
2022-07-28 00:00:00-04:00,6.099999904632568,6.179999828338623,6.0,6.090000152587891,168500,0.0,0.0
2022-07-29 00:00:00-04:00,6.059999942779541,6.170000076293945,5.949999809265137,6.110000133514404,116900,0.0,0.0
2022-08-01 00:00:00-04:00,6.130000114440918,6.144999980926514,5.760000228881836,5.789999961853027,216900,0.0,0.0
2022-08-02 00:00:00-04:00,5.739999771118164,5.949999809265137,5.550000190734863,5.820000171661377,137100,0.0,0.0
2022-08-03 00:00:00-04:00,5.900000095367432,6.079999923706055,5.730000019073486,5.820000171661377,189900,0.0,0.0
2022-08-04 00:00:00-04:00,5.829999923706055,6.004000186920166,5.789999961853027,5.96999979019165,109900,0.0,0.0
2022-08-05 00:00:00-04:00,5.940000057220459,6.460000038146973,5.880000114440918,6.289999961853027,262200,0.0,0.0
2022-08-08 00:00:00-04:00,6.369999885559082,6.690000057220459,6.369999885559082,6.510000228881836,150200,0.0,0.0
2022-08-09 00:00:00-04:00,6.440000057220459,6.449999809265137,5.909999847412109,6.065000057220459,196200,0.0,0.0
2022-08-10 00:00:00-04:00,6.179999828338623,6.525000095367432,6.046000003814697,6.380000114440918,215600,0.0,0.0
2022-08-11 00:00:00-04:00,6.5,7.239999771118164,6.5,6.989999771118164,568600,0.0,0.0
2022-08-12 00:00:00-04:00,7.300000190734863,7.329999923706055,7.0,7.159999847412109,535600,0.0,0.0
2022-08-15 00:00:00-04:00,6.53000020980835,6.829999923706055,5.909999847412109,6.739999771118164,678400,0.0,0.0
2022-08-16 00:00:00-04:00,6.659999847412109,6.659999847412109,5.75,5.860000133514404,615300,0.0,0.0
2022-08-17 00:00:00-04:00,5.71999979019165,5.920000076293945,5.244999885559082,5.489999771118164,627700,0.0,0.0
2022-08-18 00:00:00-04:00,5.429999828338623,5.458000183105469,5.099999904632568,5.110000133514404,261100,0.0,0.0
2022-08-19 00:00:00-04:00,5.059999942779541,5.139999866485596,4.840000152587891,4.900000095367432,406100,0.0,0.0
2022-08-22 00:00:00-04:00,4.860000133514404,5.289999961853027,4.849999904632568,5.269999980926514,269000,0.0,0.0
2022-08-23 00:00:00-04:00,5.260000228881836,5.440000057220459,5.099999904632568,5.210000038146973,281500,0.0,0.0
2022-08-24 00:00:00-04:00,5.230000019073486,5.309999942779541,5.099999904632568,5.199999809265137,140700,0.0,0.0
2022-08-25 00:00:00-04:00,5.239999771118164,5.239999771118164,5.045000076293945,5.179999828338623,125200,0.0,0.0
2022-08-26 00:00:00-04:00,5.170000076293945,5.276000022888184,4.849999904632568,4.869999885559082,195500,0.0,0.0
2022-08-29 00:00:00-04:00,4.869999885559082,5.039999961853027,4.730000019073486,4.760000228881836,139200,0.0,0.0
2022-08-30 00:00:00-04:00,4.760000228881836,5.006999969482422,4.510000228881836,4.550000190734863,193000,0.0,0.0
2022-08-31 00:00:00-04:00,4.579999923706055,4.789999961853027,4.510000228881836,4.769999980926514,276900,0.0,0.0
2022-09-01 00:00:00-04:00,4.730000019073486,4.800000190734863,4.409999847412109,4.579999923706055,252000,0.0,0.0
2022-09-02 00:00:00-04:00,4.610000133514404,4.715000152587891,4.369999885559082,4.449999809265137,208100,0.0,0.0
2022-09-06 00:00:00-04:00,4.46999979019165,4.579999923706055,4.090000152587891,4.119999885559082,230100,0.0,0.0
2022-09-07 00:00:00-04:00,4.079999923706055,4.275000095367432,4.019999980926514,4.25,170800,0.0,0.0
2022-09-08 00:00:00-04:00,4.199999809265137,4.25600004196167,4.079999923706055,4.21999979019165,154600,0.0,0.0
2022-09-09 00:00:00-04:00,4.289999961853027,4.400000095367432,4.21999979019165,4.309999942779541,118800,0.0,0.0
2022-09-12 00:00:00-04:00,4.329999923706055,4.5,4.320000171661377,4.380000114440918,65100,0.0,0.0
2022-09-13 00:00:00-04:00,4.320000171661377,4.329999923706055,4.019999980926514,4.110000133514404,159200,0.0,0.0
2022-09-14 00:00:00-04:00,4.070000171661377,4.260000228881836,4.059999942779541,4.159999847412109,93600,0.0,0.0
2022-09-15 00:00:00-04:00,4.139999866485596,4.289000034332275,4.059999942779541,4.139999866485596,101600,0.0,0.0
2022-09-16 00:00:00-04:00,4.059999942779541,4.150000095367432,3.75,3.8499999046325684,232500,0.0,0.0
2022-09-19 00:00:00-04:00,3.799999952316284,3.8010001182556152,3.6600000858306885,3.740000009536743,140700,0.0,0.0
2022-09-20 00:00:00-04:00,3.930000066757202,3.9600000381469727,3.680000066757202,3.869999885559082,269400,0.0,0.0
2022-09-21 00:00:00-04:00,3.9800000190734863,4.255000114440918,3.880000114440918,3.9800000190734863,306600,0.0,0.0
2022-09-22 00:00:00-04:00,4.0,4.125,3.8299999237060547,4.0,210200,0.0,0.0
2022-09-23 00:00:00-04:00,3.950000047683716,4.119999885559082,3.799999952316284,4.070000171661377,210600,0.0,0.0
2022-09-26 00:00:00-04:00,4.019999980926514,4.239999771118164,4.014999866485596,4.079999923706055,89400,0.0,0.0
2022-09-27 00:00:00-04:00,4.139999866485596,4.175000190734863,4.045000076293945,4.090000152587891,51800,0.0,0.0
2022-09-28 00:00:00-04:00,4.079999923706055,4.650000095367432,4.039999961853027,4.559999942779541,268600,0.0,0.0
2022-09-29 00:00:00-04:00,4.460000038146973,4.53000020980835,4.123000144958496,4.480000019073486,180700,0.0,0.0
2022-09-30 00:00:00-04:00,4.480000019073486,4.860000133514404,4.480000019073486,4.630000114440918,369300,0.0,0.0
2022-10-03 00:00:00-04:00,4.650000095367432,4.829999923706055,4.422999858856201,4.730000019073486,119400,0.0,0.0
2022-10-04 00:00:00-04:00,4.840000152587891,5.360000133514404,4.820000171661377,5.139999866485596,240800,0.0,0.0
2022-10-05 00:00:00-04:00,5.079999923706055,5.21999979019165,4.929999828338623,5.150000095367432,132400,0.0,0.0
2022-10-06 00:00:00-04:00,5.210000038146973,5.699999809265137,5.210000038146973,5.489999771118164,133200,0.0,0.0
2022-10-07 00:00:00-04:00,5.460000038146973,5.46999979019165,5.099999904632568,5.159999847412109,165600,0.0,0.0
2022-10-10 00:00:00-04:00,5.150000095367432,5.46999979019165,4.900000095367432,5.269999980926514,120100,0.0,0.0
2022-10-11 00:00:00-04:00,5.190000057220459,5.300000190734863,5.059999942779541,5.090000152587891,110900,0.0,0.0
2022-10-12 00:00:00-04:00,5.079999923706055,5.130000114440918,4.840000152587891,4.949999809265137,99700,0.0,0.0
2022-10-13 00:00:00-04:00,4.710000038146973,5.0,4.480000019073486,4.809999942779541,215000,0.0,0.0
2022-10-14 00:00:00-04:00,4.929999828338623,5.159999847412109,4.679999828338623,4.710000038146973,113400,0.0,0.0
2022-10-17 00:00:00-04:00,4.75,5.079999923706055,4.7230000495910645,4.800000190734863,154600,0.0,0.0
2022-10-18 00:00:00-04:00,4.860000133514404,5.079999923706055,4.730000019073486,4.730000019073486,103100,0.0,0.0
2022-10-19 00:00:00-04:00,4.690000057220459,4.690000057220459,4.25,4.25,191200,0.0,0.0
2022-10-20 00:00:00-04:00,4.260000228881836,4.670000076293945,4.25,4.25,167400,0.0,0.0
2022-10-21 00:00:00-04:00,4.230000019073486,4.550000190734863,4.135000228881836,4.5,88700,0.0,0.0
2022-10-24 00:00:00-04:00,4.519999980926514,4.519999980926514,4.130000114440918,4.389999866485596,100900,0.0,0.0
2022-10-25 00:00:00-04:00,4.329999923706055,4.599999904632568,4.329999923706055,4.539999961853027,103800,0.0,0.0
2022-10-26 00:00:00-04:00,4.5,4.650000095367432,4.400000095367432,4.414999961853027,135400,0.0,0.0
2022-10-27 00:00:00-04:00,4.429999828338623,4.579999923706055,4.309999942779541,4.449999809265137,92000,0.0,0.0
2022-10-28 00:00:00-04:00,4.449999809265137,4.550000190734863,4.383999824523926,4.5,47000,0.0,0.0
2022-10-31 00:00:00-04:00,4.510000228881836,4.670000076293945,4.400000095367432,4.429999828338623,73900,0.0,0.0
2022-11-01 00:00:00-04:00,4.539999961853027,4.564000129699707,4.329999923706055,4.449999809265137,107900,0.0,0.0
2022-11-02 00:00:00-04:00,4.420000076293945,4.449999809265137,4.139999866485596,4.139999866485596,106100,0.0,0.0
2022-11-03 00:00:00-04:00,4.079999923706055,4.216000080108643,4.010000228881836,4.019999980926514,89100,0.0,0.0
2022-11-04 00:00:00-04:00,4.099999904632568,4.190000057220459,3.8499999046325684,4.010000228881836,102000,0.0,0.0
2022-11-07 00:00:00-05:00,4.110000133514404,4.110000133514404,3.9000000953674316,4.019999980926514,101000,0.0,0.0
2022-11-08 00:00:00-05:00,4.0,4.198999881744385,3.9749999046325684,4.03000020980835,78200,0.0,0.0
2022-11-09 00:00:00-05:00,3.9600000381469727,4.059999942779541,3.7899999618530273,3.799999952316284,154400,0.0,0.0
2022-11-10 00:00:00-05:00,3.9100000858306885,4.054999828338623,3.880000114440918,3.9600000381469727,168100,0.0,0.0
2022-11-11 00:00:00-05:00,3.9200000762939453,4.260000228881836,3.859999895095825,4.079999923706055,147400,0.0,0.0
2022-11-14 00:00:00-05:00,4.010000228881836,4.099999904632568,3.9000000953674316,3.9200000762939453,128100,0.0,0.0
2022-11-15 00:00:00-05:00,4.550000190734863,5.199999809265137,4.335000038146973,4.909999847412109,746100,0.0,0.0
2022-11-16 00:00:00-05:00,4.789999961853027,5.465000152587891,4.769999980926514,5.159999847412109,385000,0.0,0.0
2022-11-17 00:00:00-05:00,5.25,5.339000225067139,4.980000019073486,5.230000019073486,198800,0.0,0.0
2022-11-18 00:00:00-05:00,5.360000133514404,5.5,5.019999980926514,5.110000133514404,251800,0.0,0.0
2022-11-21 00:00:00-05:00,5.010000228881836,5.010000228881836,4.650000095367432,4.760000228881836,162300,0.0,0.0
2022-11-22 00:00:00-05:00,4.760000228881836,4.840000152587891,4.611000061035156,4.769999980926514,102100,0.0,0.0
2022-11-23 00:00:00-05:00,4.739999771118164,4.989999771118164,4.739999771118164,4.980000019073486,39600,0.0,0.0
2022-11-25 00:00:00-05:00,4.929999828338623,5.170000076293945,4.920000076293945,4.960000038146973,53300,0.0,0.0
2022-11-28 00:00:00-05:00,4.949999809265137,5.0329999923706055,4.760000228881836,4.880000114440918,56800,0.0,0.0
2022-11-29 00:00:00-05:00,4.840000152587891,5.085000038146973,4.840000152587891,4.989999771118164,98500,0.0,0.0
2022-11-30 00:00:00-05:00,4.96999979019165,5.03000020980835,4.619999885559082,4.960000038146973,216500,0.0,0.0
2022-12-01 00:00:00-05:00,4.989999771118164,5.260000228881836,4.75,4.840000152587891,166400,0.0,0.0
2022-12-02 00:00:00-05:00,4.769999980926514,5.0,4.764999866485596,4.889999866485596,77000,0.0,0.0
2022-12-05 00:00:00-05:00,4.889999866485596,5.099999904632568,4.809999942779541,4.820000171661377,194300,0.0,0.0
2022-12-06 00:00:00-05:00,4.829999923706055,4.835000038146973,4.510000228881836,4.75,107500,0.0,0.0
2022-12-07 00:00:00-05:00,4.730000019073486,4.789999961853027,4.570000171661377,4.690000057220459,91800,0.0,0.0
2022-12-08 00:00:00-05:00,4.679999828338623,4.849999904632568,4.289999961853027,4.300000190734863,152500,0.0,0.0
2022-12-09 00:00:00-05:00,4.300000190734863,4.46999979019165,4.170000076293945,4.360000133514404,98600,0.0,0.0
2022-12-12 00:00:00-05:00,4.349999904632568,4.349999904632568,4.119999885559082,4.150000095367432,146500,0.0,0.0
2022-12-13 00:00:00-05:00,4.21999979019165,4.360000133514404,4.010000228881836,4.090000152587891,236600,0.0,0.0
2022-12-14 00:00:00-05:00,4.170000076293945,4.409999847412109,4.090000152587891,4.300000190734863,162500,0.0,0.0
2022-12-15 00:00:00-05:00,4.25,4.289999961853027,3.865000009536743,3.950000047683716,155900,0.0,0.0
2022-12-16 00:00:00-05:00,3.950000047683716,4.074999809265137,3.880000114440918,3.9800000190734863,64800,0.0,0.0
2022-12-19 00:00:00-05:00,4.010000228881836,4.070000171661377,3.9000000953674316,4.039999961853027,138800,0.0,0.0
2022-12-20 00:00:00-05:00,4.039999961853027,4.119999885559082,3.9200000762939453,3.950000047683716,71400,0.0,0.0
2022-12-21 00:00:00-05:00,4.010000228881836,4.169000148773193,3.9100000858306885,4.0,82400,0.0,0.0
2022-12-22 00:00:00-05:00,4.019999980926514,4.230000019073486,4.010000228881836,4.199999809265137,110800,0.0,0.0
2022-12-23 00:00:00-05:00,4.179999828338623,4.28000020980835,3.930000066757202,3.990000009536743,84100,0.0,0.0
2022-12-27 00:00:00-05:00,3.990000009536743,4.059999942779541,3.7200000286102295,3.7200000286102295,152000,0.0,0.0
2022-12-28 00:00:00-05:00,3.75,3.8489999771118164,3.5299999713897705,3.5299999713897705,143200,0.0,0.0
2022-12-29 00:00:00-05:00,3.5799999237060547,3.819999933242798,3.559999942779541,3.7799999713897705,78800,0.0,0.0
2022-12-30 00:00:00-05:00,3.75,4.289999961853027,3.75,4.28000020980835,170200,0.0,0.0
2023-01-03 00:00:00-05:00,4.340000152587891,4.539999961853027,4.21999979019165,4.349999904632568,59800,0.0,0.0
2023-01-04 00:00:00-05:00,4.429999828338623,4.639999866485596,4.269999980926514,4.550000190734863,67600,0.0,0.0
2023-01-05 00:00:00-05:00,4.539999961853027,4.590000152587891,4.329999923706055,4.400000095367432,64800,0.0,0.0
2023-01-06 00:00:00-05:00,4.480000019073486,4.480000019073486,4.210000038146973,4.300000190734863,102400,0.0,0.0
2023-01-09 00:00:00-05:00,4.300000190734863,4.940000057220459,4.300000190734863,4.800000190734863,225600,0.0,0.0
2023-01-10 00:00:00-05:00,4.849999904632568,5.369999885559082,4.755000114440918,5.230000019073486,276600,0.0,0.0
2023-01-11 00:00:00-05:00,5.300000190734863,5.599999904632568,5.0,5.199999809265137,230200,0.0,0.0
2023-01-12 00:00:00-05:00,5.179999828338623,5.480000019073486,5.011000156402588,5.409999847412109,147300,0.0,0.0
2023-01-13 00:00:00-05:00,5.409999847412109,6.25,5.197000026702881,5.940000057220459,311000,0.0,0.0
2023-01-17 00:00:00-05:00,6.050000190734863,6.369999885559082,5.860000133514404,6.21999979019165,271900,0.0,0.0
2023-01-18 00:00:00-05:00,6.46999979019165,6.78000020980835,5.96999979019165,6.119999885559082,313100,0.0,0.0
2023-01-19 00:00:00-05:00,6.21999979019165,6.21999979019165,5.650000095367432,5.739999771118164,227400,0.0,0.0
2023-01-20 00:00:00-05:00,5.849999904632568,5.96999979019165,5.550000190734863,5.820000171661377,115200,0.0,0.0
2023-01-23 00:00:00-05:00,5.809999942779541,6.064000129699707,5.710999965667725,5.96999979019165,161600,0.0,0.0
2023-01-24 00:00:00-05:00,5.829999923706055,6.070000171661377,5.699999809265137,5.809999942779541,119400,0.0,0.0
2023-01-25 00:00:00-05:00,5.730000019073486,6.079999923706055,5.710000038146973,5.960000038146973,74100,0.0,0.0
2023-01-26 00:00:00-05:00,6.039999961853027,6.070000171661377,5.880000114440918,5.96999979019165,56000,0.0,0.0
2023-01-27 00:00:00-05:00,5.880000114440918,6.070000171661377,5.760000228881836,5.809999942779541,106800,0.0,0.0
2023-01-30 00:00:00-05:00,5.710000038146973,5.849999904632568,5.460000038146973,5.480000019073486,131400,0.0,0.0
2023-01-31 00:00:00-05:00,5.460000038146973,5.659999847412109,5.460000038146973,5.539999961853027,115400,0.0,0.0
2023-02-01 00:00:00-05:00,5.550000190734863,5.599999904632568,5.289999961853027,5.429999828338623,208800,0.0,0.0
2023-02-02 00:00:00-05:00,5.53000020980835,5.659999847412109,5.289999961853027,5.340000152587891,132300,0.0,0.0
2023-02-03 00:00:00-05:00,5.25,5.489999771118164,5.110000133514404,5.130000114440918,139000,0.0,0.0
2023-02-06 00:00:00-05:00,5.170000076293945,5.75,5.170000076293945,5.670000076293945,254200,0.0,0.0
2023-02-07 00:00:00-05:00,5.71999979019165,5.940000057220459,5.570000171661377,5.769999980926514,118000,0.0,0.0
2023-02-08 00:00:00-05:00,5.949999809265137,5.960000038146973,5.610000133514404,5.639999866485596,159700,0.0,0.0
2023-02-09 00:00:00-05:00,5.659999847412109,5.840000152587891,5.460000038146973,5.590000152587891,94800,0.0,0.0
2023-02-10 00:00:00-05:00,5.5,5.570000171661377,5.28000020980835,5.550000190734863,126700,0.0,0.0
2023-02-13 00:00:00-05:00,5.559999942779541,5.570000171661377,5.21999979019165,5.239999771118164,61800,0.0,0.0
2023-02-14 00:00:00-05:00,5.21999979019165,5.389999866485596,5.150000095367432,5.21999979019165,50700,0.0,0.0
2023-02-15 00:00:00-05:00,5.230000019073486,5.314000129699707,5.090000152587891,5.159999847412109,73700,0.0,0.0
2023-02-16 00:00:00-05:00,5.059999942779541,5.429999828338623,5.039999961853027,5.260000228881836,128500,0.0,0.0
2023-02-17 00:00:00-05:00,5.21999979019165,5.3379998207092285,5.139999866485596,5.170000076293945,63800,0.0,0.0
2023-02-21 00:00:00-05:00,5.110000133514404,5.126999855041504,4.880000114440918,4.920000076293945,119800,0.0,0.0
2023-02-22 00:00:00-05:00,4.940000057220459,4.960000038146973,4.610000133514404,4.699999809265137,138400,0.0,0.0
2023-02-23 00:00:00-05:00,4.760000228881836,4.760000228881836,4.460000038146973,4.559999942779541,61900,0.0,0.0
2023-02-24 00:00:00-05:00,4.46999979019165,4.699999809265137,4.369999885559082,4.480000019073486,103500,0.0,0.0
2023-02-27 00:00:00-05:00,4.519999980926514,4.681000232696533,4.400000095367432,4.480000019073486,88300,0.0,0.0
2023-02-28 00:00:00-05:00,4.480000019073486,4.670000076293945,4.449999809265137,4.599999904632568,103700,0.0,0.0
2023-03-01 00:00:00-05:00,4.650000095367432,4.679999828338623,4.539999961853027,4.590000152587891,63600,0.0,0.0
2023-03-02 00:00:00-05:00,4.519999980926514,4.519999980926514,4.150000095367432,4.360000133514404,266400,0.0,0.0
2023-03-03 00:00:00-05:00,4.429999828338623,4.889999866485596,4.392000198364258,4.78000020980835,154800,0.0,0.0
2023-03-06 00:00:00-05:00,4.809999942779541,5.0,4.710000038146973,4.869999885559082,166900,0.0,0.0
2023-03-07 00:00:00-05:00,4.8470001220703125,4.927000045776367,4.716000080108643,4.869999885559082,79600,0.0,0.0
2023-03-08 00:00:00-05:00,4.960000038146973,5.03000020980835,4.823999881744385,4.929999828338623,149100,0.0,0.0
2023-03-09 00:00:00-05:00,5.190000057220459,5.460000038146973,4.409999847412109,4.440000057220459,582900,0.0,0.0
2023-03-10 00:00:00-05:00,4.369999885559082,4.539999961853027,3.890000104904175,4.0,417800,0.0,0.0
2023-03-13 00:00:00-04:00,4.0,4.099999904632568,3.765000104904175,3.7899999618530273,307300,0.0,0.0
2023-03-14 00:00:00-04:00,3.880000114440918,4.230000019073486,3.880000114440918,4.190000057220459,332200,0.0,0.0
2023-03-15 00:00:00-04:00,4.059999942779541,4.239999771118164,4.010000228881836,4.070000171661377,104600,0.0,0.0
2023-03-16 00:00:00-04:00,4.0,4.150000095367432,3.9260001182556152,4.03000020980835,148800,0.0,0.0
2023-03-17 00:00:00-04:00,3.9200000762939453,4.079999923706055,3.869999885559082,4.03000020980835,162700,0.0,0.0
2023-03-20 00:00:00-04:00,4.039999961853027,4.039999961853027,3.799999952316284,4.0,68500,0.0,0.0
2023-03-21 00:00:00-04:00,3.950000047683716,4.420000076293945,3.950000047683716,4.300000190734863,92100,0.0,0.0
2023-03-22 00:00:00-04:00,4.400000095367432,4.570000171661377,4.275000095367432,4.320000171661377,137400,0.0,0.0
2023-03-23 00:00:00-04:00,4.320000171661377,4.5,3.994999885559082,4.099999904632568,179600,0.0,0.0
2023-03-24 00:00:00-04:00,4.03000020980835,4.239999771118164,3.9800000190734863,4.070000171661377,204500,0.0,0.0
2023-03-27 00:00:00-04:00,4.199999809265137,4.239999771118164,3.9800000190734863,4.050000190734863,227200,0.0,0.0
2023-03-28 00:00:00-04:00,4.050000190734863,4.098999977111816,3.880000114440918,3.9100000858306885,147900,0.0,0.0
2023-03-29 00:00:00-04:00,3.950000047683716,4.179999828338623,3.8399999141693115,3.950000047683716,246500,0.0,0.0
2023-03-30 00:00:00-04:00,3.990000009536743,4.150000095367432,3.9600000381469727,4.119999885559082,76100,0.0,0.0
2023-03-31 00:00:00-04:00,4.130000114440918,4.199999809265137,4.045000076293945,4.119999885559082,61300,0.0,0.0
2023-04-03 00:00:00-04:00,4.170000076293945,4.199999809265137,3.9100000858306885,3.930000066757202,140000,0.0,0.0
2023-04-04 00:00:00-04:00,4.0,4.0,3.75,3.8499999046325684,145200,0.0,0.0
2023-04-05 00:00:00-04:00,3.8499999046325684,3.9200000762939453,3.700000047683716,3.869999885559082,89100,0.0,0.0
2023-04-06 00:00:00-04:00,3.880000114440918,3.9100000858306885,3.75,3.7899999618530273,74700,0.0,0.0
2023-04-10 00:00:00-04:00,3.8399999141693115,3.940000057220459,3.7300000190734863,3.890000104904175,160000,0.0,0.0
2023-04-11 00:00:00-04:00,3.9200000762939453,4.179999828338623,3.9000000953674316,4.079999923706055,74100,0.0,0.0
2023-04-12 00:00:00-04:00,4.110000133514404,4.110000133514404,3.9200000762939453,3.9200000762939453,29400,0.0,0.0
2023-04-13 00:00:00-04:00,3.930000066757202,4.119999885559082,3.930000066757202,4.019999980926514,44600,0.0,0.0
2023-04-14 00:00:00-04:00,4.019999980926514,4.050000190734863,3.6600000858306885,3.7100000381469727,176100,0.0,0.0
2023-04-17 00:00:00-04:00,3.7200000286102295,3.812000036239624,3.509999990463257,3.5399999618530273,172500,0.0,0.0
2023-04-18 00:00:00-04:00,3.5799999237060547,3.6500000953674316,3.309999942779541,3.4000000953674316,343100,0.0,0.0
2023-04-19 00:00:00-04:00,3.440000057220459,3.609999895095825,3.4000000953674316,3.5899999141693115,245600,0.0,0.0
2023-04-20 00:00:00-04:00,3.559999942779541,3.690000057220459,3.513000011444092,3.6500000953674316,54100,0.0,0.0
2023-04-21 00:00:00-04:00,3.6600000858306885,3.7300000190734863,3.4600000381469727,3.549999952316284,233500,0.0,0.0
2023-04-24 00:00:00-04:00,3.5299999713897705,3.5899999141693115,3.299999952316284,3.450000047683716,292800,0.0,0.0
2023-04-25 00:00:00-04:00,3.4200000762939453,3.450000047683716,3.180000066757202,3.2699999809265137,227100,0.0,0.0
2023-04-26 00:00:00-04:00,3.259999990463257,3.3499999046325684,3.184999942779541,3.259999990463257,96400,0.0,0.0
2023-04-27 00:00:00-04:00,3.25,3.390000104904175,3.2300000190734863,3.319999933242798,86800,0.0,0.0
2023-04-28 00:00:00-04:00,3.319999933242798,3.5399999618530273,3.319999933242798,3.369999885559082,114600,0.0,0.0
2023-05-01 00:00:00-04:00,3.3299999237060547,3.440000057220459,3.200000047683716,3.2300000190734863,83500,0.0,0.0
2023-05-02 00:00:00-04:00,3.299999952316284,3.490000009536743,3.130000114440918,3.200000047683716,251500,0.0,0.0
2023-05-03 00:00:00-04:00,3.2200000286102295,3.569999933242798,3.2200000286102295,3.509999990463257,209600,0.0,0.0
2023-05-04 00:00:00-04:00,3.509999990463257,3.6500000953674316,3.434999942779541,3.6500000953674316,94300,0.0,0.0
2023-05-05 00:00:00-04:00,3.740000009536743,3.9100000858306885,3.5209999084472656,3.819999933242798,125500,0.0,0.0
2023-05-08 00:00:00-04:00,3.869999885559082,3.869999885559082,3.5399999618530273,3.690000057220459,106800,0.0,0.0
2023-05-09 00:00:00-04:00,3.690000057220459,3.8299999237060547,3.4600000381469727,3.5799999237060547,57400,0.0,0.0
2023-05-10 00:00:00-04:00,3.5799999237060547,3.759999990463257,3.5799999237060547,3.700000047683716,82800,0.0,0.0
2023-05-11 00:00:00-04:00,3.9000000953674316,4.09499979019165,3.7200000286102295,3.859999895095825,583900,0.0,0.0
2023-05-12 00:00:00-04:00,3.8399999141693115,4.050000190734863,3.799999952316284,4.010000228881836,187100,0.0,0.0
2023-05-15 00:00:00-04:00,4.0,4.050000190734863,3.7730000019073486,3.7899999618530273,75600,0.0,0.0
2023-05-16 00:00:00-04:00,3.759999990463257,3.859999895095825,3.7200000286102295,3.7799999713897705,75200,0.0,0.0
2023-05-17 00:00:00-04:00,3.890000104904175,3.890000104904175,3.690000057220459,3.7200000286102295,75300,0.0,0.0
2023-05-18 00:00:00-04:00,3.75,3.865000009536743,3.5399999618530273,3.7699999809265137,167600,0.0,0.0
2023-05-19 00:00:00-04:00,3.7200000286102295,3.8299999237060547,3.619999885559082,3.75,50300,0.0,0.0
2023-05-22 00:00:00-04:00,3.759999990463257,4.139999866485596,3.759999990463257,4.0,297800,0.0,0.0
2023-05-23 00:00:00-04:00,3.9800000190734863,4.190000057220459,3.9800000190734863,4.079999923706055,151500,0.0,0.0
2023-05-24 00:00:00-04:00,4.019999980926514,4.065000057220459,3.759999990463257,3.869999885559082,73100,0.0,0.0
2023-05-25 00:00:00-04:00,3.9200000762939453,3.944000005722046,3.6500000953674316,3.7699999809265137,106900,0.0,0.0
2023-05-26 00:00:00-04:00,3.8350000381469727,3.9800000190734863,3.7799999713897705,3.8399999141693115,44700,0.0,0.0
2023-05-30 00:00:00-04:00,3.8499999046325684,3.950000047683716,3.809999942779541,3.8399999141693115,37600,0.0,0.0
2023-05-31 00:00:00-04:00,3.809999942779541,4.0,3.809999942779541,3.9000000953674316,86100,0.0,0.0
2023-06-01 00:00:00-04:00,3.9000000953674316,4.050000190734863,3.9000000953674316,4.0,97800,0.0,0.0
2023-06-02 00:00:00-04:00,4.010000228881836,4.070000171661377,3.869999885559082,4.010000228881836,96700,0.0,0.0
2023-06-05 00:00:00-04:00,3.9800000190734863,4.324999809265137,3.880000114440918,4.159999847412109,170900,0.0,0.0
2023-06-06 00:00:00-04:00,4.21999979019165,4.28000020980835,4.104000091552734,4.260000228881836,69800,0.0,0.0
2023-06-07 00:00:00-04:00,4.28000020980835,4.300000190734863,4.09499979019165,4.139999866485596,87400,0.0,0.0
2023-06-08 00:00:00-04:00,4.179999828338623,4.21999979019165,4.070000171661377,4.170000076293945,59300,0.0,0.0
2023-06-09 00:00:00-04:00,4.190000057220459,4.25,4.070000171661377,4.099999904632568,113500,0.0,0.0
2023-06-12 00:00:00-04:00,4.119999885559082,4.269999980926514,4.099999904632568,4.239999771118164,97400,0.0,0.0
2023-06-13 00:00:00-04:00,4.21999979019165,4.53000020980835,4.140999794006348,4.329999923706055,136100,0.0,0.0
2023-06-14 00:00:00-04:00,4.389999866485596,4.579999923706055,4.099999904632568,4.099999904632568,81800,0.0,0.0
2023-06-15 00:00:00-04:00,4.150000095367432,4.190000057220459,4.019999980926514,4.099999904632568,122000,0.0,0.0
2023-06-16 00:00:00-04:00,4.099999904632568,4.184999942779541,4.019999980926514,4.050000190734863,204500,0.0,0.0
2023-06-20 00:00:00-04:00,3.9100000858306885,4.070000171661377,3.8499999046325684,3.8499999046325684,117900,0.0,0.0
2023-06-21 00:00:00-04:00,3.819999933242798,3.859999895095825,3.6449999809265137,3.7100000381469727,126200,0.0,0.0
2023-06-22 00:00:00-04:00,3.7200000286102295,3.7699999809265137,3.5769999027252197,3.7300000190734863,119900,0.0,0.0
2023-06-23 00:00:00-04:00,3.680000066757202,3.7100000381469727,3.549999952316284,3.619999885559082,62900,0.0,0.0
2023-06-26 00:00:00-04:00,3.5799999237060547,3.680000066757202,3.4700000286102295,3.549999952316284,102600,0.0,0.0
2023-06-27 00:00:00-04:00,3.609999895095825,3.799999952316284,3.5199999809265137,3.7100000381469727,93700,0.0,0.0
2023-06-28 00:00:00-04:00,3.7200000286102295,3.890000104904175,3.680000066757202,3.7899999618530273,57200,0.0,0.0
2023-06-29 00:00:00-04:00,3.819999933242798,4.099999904632568,3.76200008392334,4.0,117100,0.0,0.0
2023-06-30 00:00:00-04:00,3.9700000286102295,4.099999904632568,3.7799999713897705,4.010000228881836,131300,0.0,0.0
2023-07-03 00:00:00-04:00,3.9700000286102295,4.150000095367432,3.9189999103546143,4.150000095367432,34800,0.0,0.0
2023-07-05 00:00:00-04:00,4.150000095367432,4.150000095367432,3.950000047683716,4.059999942779541,26600,0.0,0.0
2023-07-06 00:00:00-04:00,3.890000104904175,4.010000228881836,3.7899999618530273,3.819999933242798,96400,0.0,0.0
2023-07-07 00:00:00-04:00,3.7899999618530273,3.9200000762939453,3.7899999618530273,3.809999942779541,50500,0.0,0.0
2023-07-10 00:00:00-04:00,3.869999885559082,4.019999980926514,3.799999952316284,3.859999895095825,97500,0.0,0.0
2023-07-11 00:00:00-04:00,3.8399999141693115,4.0,3.819999933242798,4.0,45900,0.0,0.0
2023-07-12 00:00:00-04:00,4.019999980926514,4.130000114440918,3.9600000381469727,3.9800000190734863,71100,0.0,0.0
2023-07-13 00:00:00-04:00,4.0,4.150000095367432,3.9800000190734863,4.150000095367432,58200,0.0,0.0
2023-07-14 00:00:00-04:00,4.150000095367432,4.150000095367432,3.890000104904175,3.9200000762939453,35400,0.0,0.0
2023-07-17 00:00:00-04:00,3.9200000762939453,4.039999961853027,3.9100000858306885,3.9800000190734863,42500,0.0,0.0
2023-07-18 00:00:00-04:00,3.9800000190734863,4.199999809265137,3.940000057220459,4.199999809265137,111800,0.0,0.0
2023-07-19 00:00:00-04:00,4.090000152587891,4.199999809265137,4.059999942779541,4.110000133514404,78400,0.0,0.0
2023-07-20 00:00:00-04:00,4.110000133514404,4.199999809265137,4.03000020980835,4.130000114440918,47500,0.0,0.0
2023-07-21 00:00:00-04:00,4.170000076293945,4.260000228881836,4.019999980926514,4.230000019073486,64500,0.0,0.0
2023-07-24 00:00:00-04:00,3.880000114440918,3.9800000190734863,3.440000057220459,3.690000057220459,506600,0.0,0.0
2023-07-25 00:00:00-04:00,3.700000047683716,3.700000047683716,3.440000057220459,3.4600000381469727,250500,0.0,0.0
2023-07-26 00:00:00-04:00,3.4200000762939453,3.7200000286102295,3.259999990463257,3.609999895095825,189400,0.0,0.0
2023-07-27 00:00:00-04:00,3.7100000381469727,3.7100000381469727,3.450000047683716,3.509999990463257,91000,0.0,0.0
2023-07-28 00:00:00-04:00,3.490000009536743,3.7890000343322754,3.4600000381469727,3.740000009536743,82100,0.0,0.0
2023-07-31 00:00:00-04:00,3.740000009536743,3.819999933242798,3.6500000953674316,3.7300000190734863,72000,0.0,0.0
2023-08-01 00:00:00-04:00,3.690000057220459,3.7799999713897705,3.6050000190734863,3.680000066757202,33100,0.0,0.0
2023-08-02 00:00:00-04:00,3.680000066757202,3.809999942779541,3.5999999046325684,3.690000057220459,197300,0.0,0.0
2023-08-03 00:00:00-04:00,3.6600000858306885,3.75,3.4800000190734863,3.5799999237060547,153500,0.0,0.0
2023-08-04 00:00:00-04:00,3.5899999141693115,3.5899999141693115,3.450000047683716,3.4600000381469727,74500,0.0,0.0
2023-08-07 00:00:00-04:00,3.4600000381469727,3.509999990463257,3.3399999141693115,3.369999885559082,61700,0.0,0.0
2023-08-08 00:00:00-04:00,3.3499999046325684,3.509999990463257,3.319999933242798,3.4600000381469727,50700,0.0,0.0
2023-08-09 00:00:00-04:00,3.5,3.549999952316284,3.3299999237060547,3.440000057220459,42500,0.0,0.0
2023-08-10 00:00:00-04:00,3.4100000858306885,3.5399999618530273,3.059999942779541,3.1500000953674316,341800,0.0,0.0
2023-08-11 00:00:00-04:00,3.119999885559082,3.25,3.0899999141693115,3.1600000858306885,68000,0.0,0.0
2023-08-14 00:00:00-04:00,3.140000104904175,3.2100000381469727,3.0899999141693115,3.1700000762939453,85400,0.0,0.0
2023-08-15 00:00:00-04:00,3.1500000953674316,3.1500000953674316,2.75,2.819999933242798,372000,0.0,0.0
2023-08-16 00:00:00-04:00,2.799999952316284,2.8499999046325684,2.5899999141693115,2.6500000953674316,266800,0.0,0.0
2023-08-17 00:00:00-04:00,2.680000066757202,2.7300000190734863,2.549999952316284,2.5999999046325684,161100,0.0,0.0
2023-08-18 00:00:00-04:00,2.5999999046325684,2.8350000381469727,2.5899999141693115,2.805000066757202,233900,0.0,0.0
2023-08-21 00:00:00-04:00,2.7799999713897705,3.0,2.7100000381469727,2.7200000286102295,77600,0.0,0.0
2023-08-22 00:00:00-04:00,2.700000047683716,2.8499999046325684,2.680000066757202,2.809999942779541,71300,0.0,0.0
2023-08-23 00:00:00-04:00,2.8299999237060547,2.859999895095825,2.75,2.799999952316284,64800,0.0,0.0
2023-08-24 00:00:00-04:00,2.819999933242798,2.880000114440918,2.690000057220459,2.859999895095825,119200,0.0,0.0
2023-08-25 00:00:00-04:00,2.8499999046325684,3.0999999046325684,2.8259999752044678,3.0399999618530273,123600,0.0,0.0
2023-08-28 00:00:00-04:00,3.059999942779541,3.1449999809265137,2.869999885559082,3.0,62500,0.0,0.0
2023-08-29 00:00:00-04:00,2.9800000190734863,3.1500000953674316,2.9639999866485596,3.119999885559082,74900,0.0,0.0
2023-08-30 00:00:00-04:00,3.0999999046325684,3.1500000953674316,3.049999952316284,3.1500000953674316,38600,0.0,0.0
2023-08-31 00:00:00-04:00,3.130000114440918,3.240000009536743,3.069999933242798,3.130000114440918,109900,0.0,0.0
2023-09-01 00:00:00-04:00,3.1500000953674316,3.25,3.119999885559082,3.200000047683716,95500,0.0,0.0
2023-09-05 00:00:00-04:00,3.259999990463257,3.259999990463257,3.0299999713897705,3.119999885559082,79800,0.0,0.0
2023-09-06 00:00:00-04:00,3.1500000953674316,3.259999990463257,3.059999942779541,3.130000114440918,59200,0.0,0.0
2023-09-07 00:00:00-04:00,3.069999933242798,3.2899999618530273,3.0,3.0399999618530273,74600,0.0,0.0
2023-09-08 00:00:00-04:00,3.009999990463257,3.109999895095825,2.940000057220459,3.009999990463257,71400,0.0,0.0
2023-09-11 00:00:00-04:00,2.990000009536743,3.130000114440918,2.9100000858306885,3.059999942779541,101500,0.0,0.0
2023-09-12 00:00:00-04:00,3.0299999713897705,3.0999999046325684,2.940000057220459,2.9600000381469727,76700,0.0,0.0
2023-09-13 00:00:00-04:00,2.950000047683716,3.049999952316284,2.9100000858306885,2.9100000858306885,69000,0.0,0.0
2023-09-14 00:00:00-04:00,2.9100000858306885,3.049999952316284,2.859999895095825,2.940000057220459,114000,0.0,0.0
2023-09-15 00:00:00-04:00,2.9200000762939453,3.140000104904175,2.799999952316284,3.069999933242798,143500,0.0,0.0
2023-09-18 00:00:00-04:00,3.0999999046325684,3.2100000381469727,3.0199999809265137,3.140000104904175,164000,0.0,0.0
2023-09-19 00:00:00-04:00,3.130000114440918,3.200000047683716,2.9600000381469727,3.1500000953674316,68200,0.0,0.0
2023-09-20 00:00:00-04:00,3.1500000953674316,3.2090001106262207,2.950000047683716,3.0399999618530273,292400,0.0,0.0
2023-09-21 00:00:00-04:00,2.990000009536743,3.1600000858306885,2.9600000381469727,3.130000114440918,120700,0.0,0.0
2023-09-22 00:00:00-04:00,3.0999999046325684,3.2100000381469727,3.0999999046325684,3.180000066757202,53600,0.0,0.0
2023-09-25 00:00:00-04:00,3.1500000953674316,3.25,3.1059999465942383,3.234999895095825,58800,0.0,0.0
2023-09-26 00:00:00-04:00,3.200000047683716,3.390000104904175,3.1610000133514404,3.3399999141693115,94800,0.0,0.0
2023-09-27 00:00:00-04:00,3.380000114440918,3.490000009536743,3.180000066757202,3.25,84400,0.0,0.0
2023-09-28 00:00:00-04:00,3.25,3.3320000171661377,3.0950000286102295,3.2300000190734863,49800,0.0,0.0
2023-09-29 00:00:00-04:00,3.25,3.299999952316284,3.1600000858306885,3.2799999713897705,45500,0.0,0.0
2023-10-02 00:00:00-04:00,3.25,3.4200000762939453,3.1500000953674316,3.390000104904175,63600,0.0,0.0
2023-10-03 00:00:00-04:00,3.4000000953674316,3.430000066757202,3.180000066757202,3.309999942779541,52400,0.0,0.0
2023-10-04 00:00:00-04:00,3.25,3.3399999141693115,3.1500000953674316,3.2799999713897705,40600,0.0,0.0
2023-10-05 00:00:00-04:00,3.2799999713897705,3.369999885559082,3.1549999713897705,3.190000057220459,68500,0.0,0.0
2023-10-06 00:00:00-04:00,3.190000057220459,3.319999933242798,2.9100000858306885,2.940000057220459,98500,0.0,0.0
2023-10-09 00:00:00-04:00,2.9000000953674316,2.9600000381469727,2.7249999046325684,2.940000057220459,119600,0.0,0.0
2023-10-10 00:00:00-04:00,2.859999895095825,3.009999990463257,2.7699999809265137,2.869999885559082,94600,0.0,0.0
2023-10-11 00:00:00-04:00,2.8299999237060547,3.069999933242798,2.740000009536743,2.759999990463257,57500,0.0,0.0
2023-10-12 00:00:00-04:00,2.799999952316284,2.9200000762939453,2.5199999809265137,2.5999999046325684,106200,0.0,0.0
2023-10-13 00:00:00-04:00,2.5999999046325684,2.680000066757202,2.5299999713897705,2.630000114440918,81200,0.0,0.0
2023-10-16 00:00:00-04:00,2.6500000953674316,2.752000093460083,2.609999895095825,2.6600000858306885,35600,0.0,0.0
2023-10-17 00:00:00-04:00,2.869999885559082,3.0399999618530273,2.690000057220459,2.759999990463257,184200,0.0,0.0
2023-10-18 00:00:00-04:00,2.75,2.880000114440918,2.700000047683716,2.7249999046325684,19400,0.0,0.0
2023-10-19 00:00:00-04:00,2.759999990463257,2.8299999237060547,2.630000114440918,2.7300000190734863,34500,0.0,0.0
2023-10-20 00:00:00-04:00,2.75,2.7699999809265137,2.359999895095825,2.509999990463257,135400,0.0,0.0
2023-10-23 00:00:00-04:00,2.5199999809265137,2.615000009536743,2.259999990463257,2.2699999809265137,90000,0.0,0.0
2023-10-24 00:00:00-04:00,2.259999990463257,2.2799999713897705,2.0299999713897705,2.059999942779541,227400,0.0,0.0
2023-10-25 00:00:00-04:00,2.059999942779541,2.059999942779541,1.4600000381469727,1.5299999713897705,691700,0.0,0.0
2023-10-26 00:00:00-04:00,1.5299999713897705,1.600000023841858,1.440000057220459,1.4500000476837158,459700,0.0,0.0
2023-10-27 00:00:00-04:00,1.5,1.5,1.2899999618530273,1.2999999523162842,246800,0.0,0.0
2023-10-30 00:00:00-04:00,1.3300000429153442,1.4600000381469727,1.3300000429153442,1.3899999856948853,163300,0.0,0.0
2023-10-31 00:00:00-04:00,1.3600000143051147,1.3899999856948853,1.25,1.2799999713897705,248500,0.0,0.0
2023-11-01 00:00:00-04:00,1.340000033378601,1.343999981880188,0.968999981880188,1.0099999904632568,709300,0.0,0.0
2023-11-02 00:00:00-04:00,0.7400000095367432,1.0099999904632568,0.6800000071525574,1.0099999904632568,1672800,0.0,0.0
2023-11-03 00:00:00-04:00,1.059999942779541,1.4079999923706055,1.0240000486373901,1.3350000381469727,893200,0.0,0.0
2023-11-06 00:00:00-05:00,1.340000033378601,1.4199999570846558,1.2999999523162842,1.2999999523162842,428900,0.0,0.0
2023-11-07 00:00:00-05:00,1.2899999618530273,1.3600000143051147,1.2400000095367432,1.2999999523162842,284500,0.0,0.0
2023-11-08 00:00:00-05:00,1.2999999523162842,1.340000033378601,1.1699999570846558,1.2000000476837158,149600,0.0,0.0
2023-11-09 00:00:00-05:00,1.25,1.2699999809265137,1.059999942779541,1.0800000429153442,193300,0.0,0.0
2023-11-10 00:00:00-05:00,1.0499999523162842,1.1399999856948853,1.0299999713897705,1.0700000524520874,76000,0.0,0.0
2023-11-13 00:00:00-05:00,1.0700000524520874,1.090000033378601,0.9900000095367432,1.0399999618530273,120400,0.0,0.0
2023-11-14 00:00:00-05:00,1.0,1.090000033378601,1.0,1.0099999904632568,115500,0.0,0.0
2023-11-15 00:00:00-05:00,1.0099999904632568,1.1100000143051147,0.9900000095367432,1.0399999618530273,128300,0.0,0.0
2023-11-16 00:00:00-05:00,1.0199999809265137,1.059999942779541,1.0099999904632568,1.0099999904632568,68800,0.0,0.0
2023-11-17 00:00:00-05:00,1.0449999570846558,1.2300000190734863,1.0440000295639038,1.190000057220459,154900,0.0,0.0
2023-11-20 00:00:00-05:00,1.3300000429153442,1.3300000429153442,1.1200000047683716,1.1399999856948853,103700,0.0,0.0
2023-11-21 00:00:00-05:00,1.1100000143051147,1.1920000314712524,1.0399999618530273,1.0399999618530273,50600,0.0,0.0
2023-11-22 00:00:00-05:00,1.0199999809265137,1.0609999895095825,1.0,1.0,92900,0.0,0.0
2023-11-24 00:00:00-05:00,1.0499999523162842,1.0700000524520874,0.9900000095367432,1.0700000524520874,100700,0.0,0.0
2023-11-27 00:00:00-05:00,1.0299999713897705,1.1200000047683716,1.0199999809265137,1.0700000524520874,106400,0.0,0.0
2023-11-28 00:00:00-05:00,1.059999942779541,1.1399999856948853,1.0219999551773071,1.0299999713897705,88300,0.0,0.0
2023-11-29 00:00:00-05:00,1.0399999618530273,1.2999999523162842,1.0399999618530273,1.2899999618530273,324700,0.0,0.0
2023-11-30 00:00:00-05:00,1.2899999618530273,1.2999999523162842,1.1799999475479126,1.2100000381469727,89400,0.0,0.0
2023-12-01 00:00:00-05:00,1.1799999475479126,1.4199999570846558,1.1799999475479126,1.409999966621399,156200,0.0,0.0
2023-12-04 00:00:00-05:00,1.3799999952316284,1.6299999952316284,1.3799999952316284,1.600000023841858,215100,0.0,0.0
2023-12-05 00:00:00-05:00,1.600000023841858,1.9800000190734863,1.5499999523162842,1.850000023841858,357000,0.0,0.0
2023-12-06 00:00:00-05:00,1.8799999952316284,1.9900000095367432,1.649999976158142,1.7999999523162842,357300,0.0,0.0
2023-12-07 00:00:00-05:00,1.7699999809265137,1.8350000381469727,1.690000057220459,1.7999999523162842,131700,0.0,0.0
2023-12-08 00:00:00-05:00,1.7799999713897705,1.9299999475479126,1.7510000467300415,1.8700000047683716,108000,0.0,0.0
2023-12-11 00:00:00-05:00,1.8899999856948853,1.940000057220459,1.600000023841858,1.6399999856948853,222100,0.0,0.0
2023-12-12 00:00:00-05:00,1.600000023841858,1.7000000476837158,1.5520000457763672,1.600000023841858,93100,0.0,0.0
2023-12-13 00:00:00-05:00,1.600000023841858,1.7599999904632568,1.5269999504089355,1.7400000095367432,95900,0.0,0.0
2023-12-14 00:00:00-05:00,1.7599999904632568,1.9199999570846558,1.75,1.7899999618530273,133100,0.0,0.0
2023-12-15 00:00:00-05:00,1.7899999618530273,1.840000033378601,1.74399995803833,1.7699999809265137,39500,0.0,0.0
2023-12-18 00:00:00-05:00,1.7799999713897705,1.850000023841858,1.6799999475479126,1.7200000286102295,63600,0.0,0.0
2023-12-19 00:00:00-05:00,1.7000000476837158,1.8459999561309814,1.6799999475479126,1.6799999475479126,68400,0.0,0.0
2023-12-20 00:00:00-05:00,1.690000057220459,1.7300000190734863,1.6200000047683716,1.6299999952316284,47400,0.0,0.0
2023-12-21 00:00:00-05:00,1.6699999570846558,1.7000000476837158,1.559999942779541,1.6399999856948853,84000,0.0,0.0
2023-12-22 00:00:00-05:00,1.6299999952316284,1.6699999570846558,1.590000033378601,1.6699999570846558,103400,0.0,0.0
2023-12-26 00:00:00-05:00,1.6699999570846558,1.7799999713897705,1.6699999570846558,1.75,124600,0.0,0.0
2023-12-27 00:00:00-05:00,1.75,1.75,1.6419999599456787,1.690000057220459,84700,0.0,0.0
2023-12-28 00:00:00-05:00,1.7300000190734863,1.7799999713897705,1.659999966621399,1.7799999713897705,77600,0.0,0.0
2023-12-29 00:00:00-05:00,1.7400000095367432,1.784999966621399,1.659999966621399,1.7200000286102295,62900,0.0,0.0
2024-01-02 00:00:00-05:00,1.6799999475479126,1.7890000343322754,1.6799999475479126,1.690000057220459,100000,0.0,0.0
2024-01-03 00:00:00-05:00,1.690000057220459,1.7000000476837158,1.5499999523162842,1.590000033378601,57300,0.0,0.0
2024-01-04 00:00:00-05:00,1.590000033378601,1.649999976158142,1.559999942779541,1.6200000047683716,61900,0.0,0.0
2024-01-05 00:00:00-05:00,1.6100000143051147,1.6699999570846558,1.590000033378601,1.6299999952316284,44300,0.0,0.0
2024-01-08 00:00:00-05:00,1.6030000448226929,1.7300000190734863,1.600000023841858,1.7200000286102295,44400,0.0,0.0
2024-01-09 00:00:00-05:00,1.7200000286102295,1.9500000476837158,1.7000000476837158,1.9500000476837158,174700,0.0,0.0
2024-01-10 00:00:00-05:00,1.9800000190734863,2.359999895095825,1.9800000190734863,2.200000047683716,594000,0.0,0.0
2024-01-11 00:00:00-05:00,2.3299999237060547,2.3499999046325684,2.0199999809265137,2.069999933242798,159200,0.0,0.0
2024-01-12 00:00:00-05:00,2.0799999237060547,2.3399999141693115,2.071000099182129,2.140000104904175,93000,0.0,0.0
2024-01-16 00:00:00-05:00,2.1600000858306885,2.200000047683716,1.9199999570846558,2.009999990463257,212800,0.0,0.0
2024-01-17 00:00:00-05:00,2.009999990463257,2.0889999866485596,1.9900000095367432,2.059999942779541,24600,0.0,0.0
2024-01-18 00:00:00-05:00,2.049999952316284,2.5399999618530273,2.049999952316284,2.4700000286102295,453900,0.0,0.0
2024-01-19 00:00:00-05:00,2.4600000381469727,2.4700000286102295,2.2100000381469727,2.299999952316284,190900,0.0,0.0
2024-01-22 00:00:00-05:00,2.2799999713897705,2.3529999256134033,2.0999999046325684,2.1600000858306885,67100,0.0,0.0
2024-01-23 00:00:00-05:00,2.1600000858306885,2.2799999713897705,2.130000114440918,2.240000009536743,71300,0.0,0.0
2024-01-24 00:00:00-05:00,2.2699999809265137,2.3499999046325684,2.009999990463257,2.0999999046325684,94200,0.0,0.0
2024-01-25 00:00:00-05:00,2.0799999237060547,2.130000114440918,2.0399999618530273,2.0799999237060547,61600,0.0,0.0
2024-01-26 00:00:00-05:00,2.0799999237060547,2.490000009536743,2.0799999237060547,2.380000114440918,410200,0.0,0.0
2024-01-29 00:00:00-05:00,2.299999952316284,2.3399999141693115,2.1500000953674316,2.1500000953674316,256000,0.0,0.0
2024-01-30 00:00:00-05:00,2.2100000381469727,2.2100000381469727,1.9800000190734863,2.0199999809265137,146500,0.0,0.0
2024-01-31 00:00:00-05:00,2.049999952316284,2.069999933242798,1.7999999523162842,1.8899999856948853,111500,0.0,0.0
2024-02-01 00:00:00-05:00,1.909999966621399,1.9600000381469727,1.899999976158142,1.909999966621399,32100,0.0,0.0
2024-02-02 00:00:00-05:00,1.9299999475479126,1.9900000095367432,1.7599999904632568,1.7999999523162842,63400,0.0,0.0
2024-02-05 00:00:00-05:00,1.8600000143051147,1.9500000476837158,1.7000000476837158,1.9500000476837158,314000,0.0,0.0
2024-02-06 00:00:00-05:00,1.9299999475479126,2.059999942779541,1.7999999523162842,1.8600000143051147,176400,0.0,0.0
2024-02-07 00:00:00-05:00,1.8899999856948853,1.8899999856948853,1.809999942779541,1.8700000047683716,26100,0.0,0.0
2024-02-08 00:00:00-05:00,1.8600000143051147,1.9700000286102295,1.8600000143051147,1.940000057220459,26800,0.0,0.0
2024-02-09 00:00:00-05:00,1.940000057220459,2.109999895095825,1.940000057220459,2.049999952316284,79600,0.0,0.0
2024-02-12 00:00:00-05:00,2.049999952316284,2.119999885559082,2.0,2.0399999618530273,50800,0.0,0.0
2024-02-13 00:00:00-05:00,1.9900000095367432,2.0899999141693115,1.9670000076293945,2.0399999618530273,36300,0.0,0.0
2024-02-14 00:00:00-05:00,2.059999942779541,2.130000114440918,2.0,2.0199999809265137,87600,0.0,0.0
2024-02-15 00:00:00-05:00,2.049999952316284,2.5999999046325684,2.049999952316284,2.549999952316284,196600,0.0,0.0
2024-02-16 00:00:00-05:00,2.549999952316284,2.549999952316284,2.0999999046325684,2.3499999046325684,163900,0.0,0.0
2024-02-20 00:00:00-05:00,2.369999885559082,2.509000062942505,2.3499999046325684,2.440000057220459,89500,0.0,0.0
2024-02-21 00:00:00-05:00,2.4800000190734863,2.4800000190734863,1.9500000476837158,2.0299999713897705,295700,0.0,0.0
2024-02-22 00:00:00-05:00,2.0199999809265137,2.069999933242798,2.0,2.0250000953674316,156200,0.0,0.0
2024-02-23 00:00:00-05:00,2.0799999237060547,2.130000114440918,1.9800000190734863,2.0299999713897705,91400,0.0,0.0
2024-02-26 00:00:00-05:00,2.049999952316284,2.140000104904175,1.9900000095367432,2.0199999809265137,132100,0.0,0.0
2024-02-27 00:00:00-05:00,2.059999942779541,2.259999990463257,2.059999942779541,2.1500000953674316,216500,0.0,0.0
2024-02-28 00:00:00-05:00,2.1500000953674316,2.240000009536743,2.119999885559082,2.2100000381469727,59800,0.0,0.0
2024-02-29 00:00:00-05:00,2.2300000190734863,2.259999990463257,1.9800000190734863,2.0299999713897705,258200,0.0,0.0
2024-03-01 00:00:00-05:00,2.069999933242798,2.0980000495910645,1.9850000143051147,1.9950000047683716,45600,0.0,0.0
2024-03-04 00:00:00-05:00,2.0299999713897705,2.0299999713897705,1.7200000286102295,1.7400000095367432,153100,0.0,0.0
2024-03-05 00:00:00-05:00,1.75,1.940000057220459,1.6200000047683716,1.6799999475479126,230000,0.0,0.0
2024-03-06 00:00:00-05:00,1.7200000286102295,1.7569999694824219,1.6299999952316284,1.6799999475479126,162200,0.0,0.0
2024-03-07 00:00:00-05:00,1.7200000286102295,1.7400000095367432,1.6200000047683716,1.7200000286102295,130400,0.0,0.0
2024-03-08 00:00:00-05:00,1.7000000476837158,1.7999999523162842,1.7000000476837158,1.75,108500,0.0,0.0
2024-03-11 00:00:00-04:00,1.7999999523162842,1.8700000047683716,1.7300000190734863,1.7699999809265137,132800,0.0,0.0
2024-03-12 00:00:00-04:00,1.7999999523162842,1.840000033378601,1.5800000429153442,1.600000023841858,193500,0.0,0.0
2024-03-13 00:00:00-04:00,1.590000033378601,1.6699999570846558,1.590000033378601,1.6200000047683716,57400,0.0,0.0
2024-03-14 00:00:00-04:00,1.6200000047683716,1.6490000486373901,1.4550000429153442,1.5,79200,0.0,0.0
2024-03-15 00:00:00-04:00,1.5299999713897705,1.559999942779541,1.5,1.5199999809265137,56600,0.0,0.0
2024-03-18 00:00:00-04:00,1.5499999523162842,1.5499999523162842,1.4900000095367432,1.5,57000,0.0,0.0
2024-03-19 00:00:00-04:00,1.4700000286102295,1.4900000095367432,1.409999966621399,1.4299999475479126,147300,0.0,0.0
2024-03-20 00:00:00-04:00,1.409999966621399,1.4600000381469727,1.3200000524520874,1.399999976158142,71000,0.0,0.0
2024-03-21 00:00:00-04:00,1.4500000476837158,1.4700000286102295,1.3450000286102295,1.4600000381469727,126600,0.0,0.0
2024-03-22 00:00:00-04:00,1.4700000286102295,1.5499999523162842,1.4199999570846558,1.4500000476837158,84300,0.0,0.0
2024-03-25 00:00:00-04:00,1.4900000095367432,1.5800000429153442,1.440000057220459,1.4900000095367432,104500,0.0,0.0
2024-03-26 00:00:00-04:00,1.4800000190734863,1.5499999523162842,1.4800000190734863,1.5149999856948853,36500,0.0,0.0
2024-03-27 00:00:00-04:00,1.5199999809265137,1.6399999856948853,1.4800000190734863,1.5199999809265137,139800,0.0,0.0
2024-03-28 00:00:00-04:00,1.4500000476837158,1.659999966621399,1.4199999570846558,1.5299999713897705,164400,0.0,0.0
2024-04-01 00:00:00-04:00,1.5199999809265137,1.5199999809265137,1.4299999475479126,1.4800000190734863,110800,0.0,0.0
2024-04-02 00:00:00-04:00,1.5099999904632568,1.5099999904632568,1.2599999904632568,1.3300000429153442,240800,0.0,0.0
2024-04-03 00:00:00-04:00,1.350000023841858,1.4700000286102295,1.2200000286102295,1.4299999475479126,319800,0.0,0.0
2024-04-04 00:00:00-04:00,1.4299999475479126,1.496999979019165,1.2999999523162842,1.3799999952316284,86000,0.0,0.0
2024-04-05 00:00:00-04:00,1.3899999856948853,1.4220000505447388,1.3200000524520874,1.350000023841858,89900,0.0,0.0
2024-04-08 00:00:00-04:00,1.350000023841858,1.4700000286102295,1.2899999618530273,1.4299999475479126,186800,0.0,0.0
2024-04-09 00:00:00-04:00,1.4199999570846558,1.4700000286102295,1.2599999904632568,1.2899999618530273,174100,0.0,0.0
2024-04-10 00:00:00-04:00,1.2999999523162842,1.3200000524520874,1.2599999904632568,1.309999942779541,52000,0.0,0.0
2024-04-11 00:00:00-04:00,1.309999942779541,1.4600000381469727,1.25,1.4450000524520874,192400,0.0,0.0
2024-04-12 00:00:00-04:00,1.440000057220459,1.440000057220459,1.149999976158142,1.2300000190734863,209800,0.0,0.0
2024-04-15 00:00:00-04:00,1.2000000476837158,1.2699999809265137,1.0499999523162842,1.1399999856948853,164600,0.0,0.0
2024-04-16 00:00:00-04:00,1.149999976158142,1.2400000095367432,1.149999976158142,1.1699999570846558,39200,0.0,0.0
2024-04-17 00:00:00-04:00,1.2000000476837158,1.2640000581741333,1.190000057220459,1.2100000381469727,59900,0.0,0.0
2024-04-18 00:00:00-04:00,1.2599999904632568,1.2599999904632568,1.100000023841858,1.149999976158142,95700,0.0,0.0
2024-04-19 00:00:00-04:00,1.1200000047683716,1.190000057220459,1.1100000143051147,1.159999966621399,49500,0.0,0.0
2024-04-22 00:00:00-04:00,1.190000057220459,1.3799999952316284,1.1749999523162842,1.3200000524520874,179300,0.0,0.0
2024-04-23 00:00:00-04:00,1.2999999523162842,1.5199999809265137,1.2999999523162842,1.4500000476837158,166600,0.0,0.0
2024-04-24 00:00:00-04:00,1.4800000190734863,1.5140000581741333,1.4299999475479126,1.5,40400,0.0,0.0
2024-04-25 00:00:00-04:00,1.4700000286102295,1.5019999742507935,1.440000057220459,1.4700000286102295,44600,0.0,0.0
2024-04-26 00:00:00-04:00,1.4500000476837158,1.5099999904632568,1.4500000476837158,1.4800000190734863,73100,0.0,0.0
2024-04-29 00:00:00-04:00,1.4800000190734863,1.5499999523162842,1.4600000381469727,1.4800000190734863,98800,0.0,0.0
2024-04-30 00:00:00-04:00,1.4500000476837158,1.4900000095367432,1.2109999656677246,1.4199999570846558,217600,0.0,0.0
2024-05-01 00:00:00-04:00,1.399999976158142,1.4700000286102295,1.3949999809265137,1.4600000381469727,79100,0.0,0.0
2024-05-02 00:00:00-04:00,1.4800000190734863,1.5199999809265137,1.4500000476837158,1.5199999809265137,63400,0.0,0.0
2024-05-03 00:00:00-04:00,1.5499999523162842,1.590999960899353,1.5049999952316284,1.5700000524520874,52600,0.0,0.0
2024-05-06 00:00:00-04:00,1.559999942779541,1.6100000143051147,1.4700000286102295,1.600000023841858,161700,0.0,0.0
2024-05-07 00:00:00-04:00,1.6100000143051147,1.6399999856948853,1.5099999904632568,1.6299999952316284,70700,0.0,0.0
2024-05-08 00:00:00-04:00,1.6100000143051147,1.6200000047683716,1.5199999809265137,1.6100000143051147,96300,0.0,0.0
2024-05-09 00:00:00-04:00,1.6100000143051147,1.659999966621399,1.5399999618530273,1.659999966621399,128800,0.0,0.0
2024-05-10 00:00:00-04:00,1.649999976158142,1.649999976158142,1.5499999523162842,1.5700000524520874,120900,0.0,0.0
2024-05-13 00:00:00-04:00,1.6200000047683716,1.7799999713897705,1.5850000381469727,1.75,152700,0.0,0.0
2024-05-14 00:00:00-04:00,1.75,1.840000033378601,1.7000000476837158,1.7300000190734863,268700,0.0,0.0
2024-05-15 00:00:00-04:00,1.6399999856948853,1.8700000047683716,1.559999942779541,1.850000023841858,426000,0.0,0.0
2024-05-16 00:00:00-04:00,1.8200000524520874,1.899999976158142,1.7940000295639038,1.8799999952316284,380200,0.0,0.0
2024-05-17 00:00:00-04:00,1.8799999952316284,1.9299999475479126,1.840999960899353,1.899999976158142,153100,0.0,0.0
2024-05-20 00:00:00-04:00,1.909999966621399,1.909999966621399,1.659999966621399,1.7599999904632568,233100,0.0,0.0
2024-05-21 00:00:00-04:00,1.7549999952316284,1.809999942779541,1.722000002861023,1.809999942779541,118100,0.0,0.0
2024-05-22 00:00:00-04:00,1.7999999523162842,1.8700000047683716,1.6799999475479126,1.7400000095367432,211800,0.0,0.0
2024-05-23 00:00:00-04:00,1.75,1.75,1.5700000524520874,1.600000023841858,291800,0.0,0.0
2024-05-24 00:00:00-04:00,1.6100000143051147,1.7599999904632568,1.6100000143051147,1.7599999904632568,124200,0.0,0.0
2024-05-28 00:00:00-04:00,1.7300000190734863,1.7300000190734863,1.5499999523162842,1.600000023841858,95200,0.0,0.0
2024-05-29 00:00:00-04:00,1.5800000429153442,1.6100000143051147,1.4500000476837158,1.475000023841858,81000,0.0,0.0
2024-05-30 00:00:00-04:00,1.5199999809265137,1.5700000524520874,1.4500000476837158,1.4600000381469727,50600,0.0,0.0
2024-05-31 00:00:00-04:00,1.4700000286102295,1.5299999713897705,1.4299999475479126,1.4299999475479126,19800,0.0,0.0
2024-06-03 00:00:00-04:00,1.4299999475479126,1.5099999904632568,1.350000023841858,1.4700000286102295,57000,0.0,0.0
2024-06-04 00:00:00-04:00,1.4500000476837158,1.475000023841858,1.3899999856948853,1.409999966621399,29100,0.0,0.0
2024-06-05 00:00:00-04:00,1.3700000047683716,1.409999966621399,1.3300000429153442,1.350000023841858,42000,0.0,0.0
2024-06-06 00:00:00-04:00,1.3899999856948853,1.440000057220459,1.3200000524520874,1.340000033378601,36700,0.0,0.0
2024-06-07 00:00:00-04:00,1.3300000429153442,1.3890000581741333,1.2999999523162842,1.309999942779541,38500,0.0,0.0
2024-06-10 00:00:00-04:00,1.2999999523162842,1.3769999742507935,1.2799999713897705,1.309999942779541,44500,0.0,0.0
2024-06-11 00:00:00-04:00,1.2899999618530273,1.3380000591278076,1.2699999809265137,1.2999999523162842,37700,0.0,0.0
2024-06-12 00:00:00-04:00,1.3600000143051147,1.3600000143051147,1.1200000047683716,1.149999976158142,228400,0.0,0.0
2024-06-13 00:00:00-04:00,1.159999966621399,1.2599999904632568,1.090000033378601,1.0950000286102295,195700,0.0,0.0
2024-06-14 00:00:00-04:00,1.0700000524520874,1.1699999570846558,1.0,1.159999966621399,149500,0.0,0.0
2024-06-17 00:00:00-04:00,1.149999976158142,1.190000057220459,1.149999976158142,1.1699999570846558,44800,0.0,0.0
2024-06-18 00:00:00-04:00,1.1699999570846558,1.1699999570846558,1.0800000429153442,1.100000023841858,52500,0.0,0.0
2024-06-20 00:00:00-04:00,1.090000033378601,1.1200000047683716,1.0700000524520874,1.090000033378601,39400,0.0,0.0
2024-06-21 00:00:00-04:00,1.100000023841858,1.2300000190734863,1.100000023841858,1.2100000381469727,187600,0.0,0.0
2024-06-24 00:00:00-04:00,1.2100000381469727,1.25,1.149999976158142,1.2000000476837158,113200,0.0,0.0
2024-06-25 00:00:00-04:00,1.2200000286102295,1.2200000286102295,1.1200000047683716,1.1299999952316284,56800,0.0,0.0
2024-06-26 00:00:00-04:00,1.159999966621399,1.159999966621399,1.0700000524520874,1.100000023841858,87100,0.0,0.0
2024-06-27 00:00:00-04:00,1.1200000047683716,1.1979999542236328,1.1200000047683716,1.1699999570846558,72600,0.0,0.0
2024-06-28 00:00:00-04:00,1.1799999475479126,1.1990000009536743,1.149999976158142,1.190000057220459,31000,0.0,0.0
2024-07-01 00:00:00-04:00,1.1699999570846558,1.2000000476837158,1.1100000143051147,1.1699999570846558,95800,0.0,0.0
2024-07-02 00:00:00-04:00,1.159999966621399,1.190000057220459,1.149999976158142,1.1799999475479126,61200,0.0,0.0
2024-07-03 00:00:00-04:00,1.1799999475479126,1.190000057220459,1.1399999856948853,1.190000057220459,57500,0.0,0.0
2024-07-05 00:00:00-04:00,1.1799999475479126,1.2000000476837158,1.149999976158142,1.1699999570846558,24200,0.0,0.0
2024-07-08 00:00:00-04:00,1.1699999570846558,1.2400000095367432,1.1100000143051147,1.1299999952316284,112700,0.0,0.0
2024-07-09 00:00:00-04:00,1.190000057220459,1.2000000476837158,1.149999976158142,1.2000000476837158,122000,0.0,0.0
2024-07-10 00:00:00-04:00,1.2100000381469727,1.340000033378601,1.2100000381469727,1.2999999523162842,134800,0.0,0.0
2024-07-11 00:00:00-04:00,1.2999999523162842,1.3700000047683716,1.2699999809265137,1.350000023841858,120100,0.0,0.0
2024-07-12 00:00:00-04:00,1.3600000143051147,1.4299999475479126,1.3200000524520874,1.4299999475479126,78600,0.0,0.0
2024-07-15 00:00:00-04:00,1.440000057220459,1.5199999809265137,1.399999976158142,1.4500000476837158,77100,0.0,0.0
2024-07-16 00:00:00-04:00,1.440000057220459,1.4900000095367432,1.25,1.350000023841858,246600,0.0,0.0
2024-07-17 00:00:00-04:00,1.309999942779541,1.3200000524520874,1.25,1.2699999809265137,68600,0.0,0.0
2024-07-18 00:00:00-04:00,1.2599999904632568,1.2599999904632568,1.149999976158142,1.1699999570846558,113700,0.0,0.0
2024-07-19 00:00:00-04:00,1.159999966621399,1.2599999904632568,1.1549999713897705,1.2000000476837158,39100,0.0,0.0
2024-07-22 00:00:00-04:00,1.190000057220459,1.2400000095367432,1.1890000104904175,1.2100000381469727,46900,0.0,0.0
2024-07-23 00:00:00-04:00,1.2000000476837158,1.2200000286102295,1.1799999475479126,1.2200000286102295,15400,0.0,0.0
2024-07-24 00:00:00-04:00,1.2000000476837158,1.2200000286102295,1.149999976158142,1.2000000476837158,50700,0.0,0.0
2024-07-25 00:00:00-04:00,1.2000000476837158,1.2400000095367432,1.1699999570846558,1.1699999570846558,53200,0.0,0.0
2024-07-26 00:00:00-04:00,1.2000000476837158,1.2259999513626099,1.1799999475479126,1.2100000381469727,14400,0.0,0.0
2024-07-29 00:00:00-04:00,1.225000023841858,1.225000023841858,1.1299999952316284,1.1299999952316284,78800,0.0,0.0
2024-07-30 00:00:00-04:00,1.1829999685287476,1.190000057220459,1.1299999952316284,1.1699999570846558,78000,0.0,0.0
2024-07-31 00:00:00-04:00,1.159999966621399,1.159999966621399,1.0700000524520874,1.0800000429153442,126000,0.0,0.0
2024-08-01 00:00:00-04:00,1.100000023841858,1.1200000047683716,0.9900000095367432,1.0399999618530273,162200,0.0,0.0
2024-08-02 00:00:00-04:00,1.0099999904632568,1.0099999904632568,0.8999999761581421,0.9200000166893005,184500,0.0,0.0
2024-08-05 00:00:00-04:00,0.8899999856948853,0.9800000190734863,0.8600000143051147,0.9700000286102295,214800,0.0,0.0
2024-08-06 00:00:00-04:00,0.949999988079071,1.0099999904632568,0.9200000166893005,0.9990000128746033,62000,0.0,0.0
2024-08-07 00:00:00-04:00,0.9800000190734863,1.0,0.8830000162124634,0.9269999861717224,62600,0.0,0.0
2024-08-08 00:00:00-04:00,0.9900000095367432,0.9900000095367432,0.8119999766349792,0.8349999785423279,338900,0.0,0.0
2024-08-09 00:00:00-04:00,0.8550000190734863,0.8610000014305115,0.7599999904632568,0.7910000085830688,144300,0.0,0.0
2024-08-12 00:00:00-04:00,0.7710000276565552,0.9800000190734863,0.7710000276565552,0.9549999833106995,119500,0.0,0.0
2024-08-13 00:00:00-04:00,0.949999988079071,0.9800000190734863,0.8899999856948853,0.9139999747276306,54800,0.0,0.0
2024-08-14 00:00:00-04:00,0.9100000262260437,0.9150000214576721,0.859000027179718,0.9150000214576721,85500,0.0,0.0
2024-08-15 00:00:00-04:00,0.9300000071525574,0.9300000071525574,0.8700000047683716,0.8709999918937683,110500,0.0,0.0
2024-08-16 00:00:00-04:00,0.8629999756813049,0.8999999761581421,0.8500000238418579,0.8830000162124634,23200,0.0,0.0
