Date,Open,High,Low,Close,Volume,Dividends,Stock Splits,Capital Gains
2022-08-10 00:00:00-04:00,21.7814066368271,21.896510886387865,21.571561813354492,21.571561813354492,20300,0.0,0.0,0.0
2022-08-11 00:00:00-04:00,21.506928732063965,21.676929473876953,21.418386080915948,21.676929473876953,15300,0.0,0.0,0.0
2022-08-12 00:00:00-04:00,21.506932053733383,21.56005697710291,21.214740753173828,21.214740753173828,30400,0.0,0.0,0.0
2022-08-15 00:00:00-04:00,21.259011150322575,21.259011150322575,21.05536422044502,21.078384399414062,36500,0.0,0.0,0.0
2022-08-16 00:00:00-04:00,21.14390222024229,21.24129929859988,21.011089097179518,21.10848617553711,44500,0.0,0.0,0.0
2022-08-17 00:00:00-04:00,21.170467173774387,21.170467173774387,20.71890116904566,20.90749740600586,85700,0.0,0.0,0.0
2022-08-18 00:00:00-04:00,21.028801024394408,21.055364328397086,20.864998205071394,20.966821670532227,75400,0.0,0.0,0.0
2022-08-19 00:00:00-04:00,21.135051951894553,21.285573959350586,21.017289494087144,21.285573959350586,115600,0.0,0.0,0.0
2022-08-22 00:00:00-04:00,21.533493008518644,21.790266559724774,21.49276395814876,21.78141212463379,76300,0.0,0.0,0.0
2022-08-23 00:00:00-04:00,21.799118166037378,21.931931297545937,21.613178430876918,21.825679779052734,108600,0.0,0.0,0.0
2022-08-24 00:00:00-04:00,21.781406923210913,21.919533037786156,21.692864282255947,21.772552490234375,42900,0.0,0.0,0.0
2022-08-25 00:00:00-04:00,21.52641321000915,21.607871322381385,21.4414119720459,21.4414119720459,28700,0.0,0.0,0.0
2022-08-26 00:00:00-04:00,21.33869802615526,22.225891040278764,21.33869802615526,22.225006103515625,56600,0.0,0.0,0.0
2022-08-29 00:00:00-04:00,22.622559982483693,22.73678099678226,22.348079288854276,22.543758392333984,55800,0.0,0.0,0.0
2022-08-30 00:00:00-04:00,22.48974490471751,23.030738436836415,22.427765562054205,22.878446578979492,61900,0.0,0.0,0.0
2022-08-31 00:00:00-04:00,22.81735663097299,23.127255093647072,22.6677195538713,23.106889724731445,28100,0.0,0.0,0.0
2022-09-01 00:00:00-04:00,23.26892030389605,23.463712783180835,22.99443791954541,23.02897071838379,78300,0.0,0.0,0.0
2022-09-02 00:00:00-04:00,22.808497491155997,23.472564764695363,22.70224598431312,23.385793685913086,31800,0.0,0.0,0.0
2022-09-06 00:00:00-04:00,23.27777403621156,23.631056311802105,23.27777403621156,23.584129333496094,51500,0.0,0.0,0.0
2022-09-07 00:00:00-04:00,23.54339442803173,23.597404264269663,23.243235451329515,23.347715377807617,27400,0.0,0.0,0.0
2022-09-08 00:00:00-04:00,23.516839315285846,23.822311394878938,23.287515710199898,23.599184036254883,53600,0.0,0.0,0.0
2022-09-09 00:00:00-04:00,23.375168136900687,23.507981256381,23.08297859851982,23.103343963623047,37700,0.0,0.0,0.0
2022-09-12 00:00:00-04:00,22.81735675897057,22.81735675897057,22.117871605330603,22.23828887939453,80700,0.0,0.0,0.0
2022-09-13 00:00:00-04:00,22.649121404301567,23.578814925237392,22.63141253810211,23.512409210205078,75600,0.0,0.0,0.0
2022-09-14 00:00:00-04:00,23.419441547571004,23.5611091077224,23.048448716688878,23.298137664794922,57400,0.0,0.0,0.0
2022-09-15 00:00:00-04:00,23.38402538972187,23.897570752097483,23.348609341701472,23.74262237548828,24800,0.0,0.0,0.0
2022-09-16 00:00:00-04:00,23.98611120829906,24.36595677479846,23.932986296729243,23.977256774902344,60600,0.0,0.0,0.0
2022-09-19 00:00:00-04:00,24.287156963508952,24.287156963508952,23.416786193847656,23.416786193847656,33800,0.0,0.0,0.0
2022-09-20 00:00:00-04:00,23.5311147126813,23.5311147126813,22.892983378502322,23.04365348815918,48100,0.026,0.0,0.0
2022-09-21 00:00:00-04:00,22.910714737555455,23.513395309448242,22.8442419692983,23.513395309448242,70000,0.0,0.0,0.0
2022-09-22 00:00:00-04:00,23.76155444435765,23.955652813019384,23.41678594705473,23.628610610961914,97300,0.0,0.0,0.0
2022-09-23 00:00:00-04:00,23.965402579885623,24.31105687213335,23.90336054880174,24.0894832611084,99100,0.0,0.0,0.0
2022-09-26 00:00:00-04:00,24.151526238268787,24.151526238268787,23.513394777424143,23.991992950439453,331600,0.0,0.0,0.0
2022-09-27 00:00:00-04:00,23.655201968944446,24.07175979810143,23.371587983946274,23.837778091430664,126200,0.0,0.0,0.0
2022-09-28 00:00:00-04:00,24.479452512590708,24.89689608708117,24.036305304611293,24.101890563964844,173400,0.0,0.0,0.0
2022-09-29 00:00:00-04:00,24.754204797356415,25.605046676434625,24.663801706635386,25.33915901184082,197600,0.0,0.0,0.0
2022-09-30 00:00:00-04:00,25.578458883234337,26.136823654174805,25.244325152092802,26.136823654174805,221700,0.0,0.0,0.0
2022-10-03 00:00:00-04:00,26.003874925201178,26.136818732249697,25.179620954839258,25.36574363708496,175100,0.0,0.0,0.0
2022-10-04 00:00:00-04:00,24.816245154954085,24.913738087585475,24.63012412771875,24.66557502746582,260500,0.0,0.0,0.0
2022-10-05 00:00:00-04:00,24.98464128487444,25.138856331483634,24.461727418568532,24.59467124938965,200200,0.0,0.0,0.0
2022-10-06 00:00:00-04:00,24.6567102565757,24.79851722717285,24.466156822872197,24.79851722717285,81100,0.0,0.0,0.0
2022-10-07 00:00:00-04:00,25.2948460864872,25.78142158236829,25.17962685370628,25.684814453125,122300,0.0,0.0,0.0
2022-10-10 00:00:00-04:00,25.649359143351028,25.93208725937682,25.365745219825012,25.605043411254883,115300,0.0,0.0,0.0
2022-10-11 00:00:00-04:00,25.711402852191434,26.003879960521534,25.47210293888339,25.897523880004883,148700,0.0,0.0,0.0
2022-10-12 00:00:00-04:00,25.87979756695091,26.021604537963867,25.649360816436747,26.021604537963867,91500,0.0,0.0,0.0
2022-10-13 00:00:00-04:00,26.642011405304682,26.739504338360028,25.0644083240676,25.16189956665039,142600,0.0,0.0,0.0
2022-10-14 00:00:00-04:00,24.90487309260354,25.98615165700504,24.878283651911218,25.950700759887695,120300,0.0,0.0,0.0
2022-10-17 00:00:00-04:00,25.445510587867176,25.56959294936682,25.109605278105896,25.188486099243164,72900,0.0,0.0,0.0
2022-10-18 00:00:00-04:00,24.60353671145847,25.480968105990645,24.452866571560662,24.975780487060547,201300,0.0,0.0,0.0
2022-10-19 00:00:00-04:00,25.33029766090289,25.33029766090289,24.78079430716897,24.966917037963867,150100,0.0,0.0,0.0
2022-10-20 00:00:00-04:00,24.897780050904977,25.153032918465534,24.60530298291604,25.04667854309082,181800,0.0,0.0,0.0
2022-10-21 00:00:00-04:00,25.037816968353624,25.162785142259093,24.26674009136106,24.364233016967773,165800,0.0,0.0,0.0
2022-10-24 00:00:00-04:00,24.34650594375441,24.5503549353585,23.880315926093978,23.974262237548828,76700,0.0,0.0,0.0
2022-10-25 00:00:00-04:00,23.876770741794793,24.002624717831154,23.531114788832603,23.593156814575195,93000,0.0,0.0,0.0
2022-10-26 00:00:00-04:00,23.752693018695457,24.186978831329828,23.602022879131386,23.991992950439453,126300,0.0,0.0,0.0
2022-10-27 00:00:00-04:00,24.071757317050608,24.842834238453914,24.071757317050608,24.71432113647461,362900,0.0,0.0,0.0
2022-10-28 00:00:00-04:00,24.169248805493655,24.178111952391337,22.582781010729647,22.89298439025879,838700,0.0,0.0,0.0
2022-10-31 00:00:00-04:00,23.23863944461436,23.420329735916237,23.096832470450575,23.220914840698242,265300,0.0,0.0,0.0
2022-11-01 00:00:00-04:00,22.92843752508149,23.841319701188848,22.91957437797227,23.623291015625,169100,0.0,0.0,0.0
2022-11-02 00:00:00-04:00,23.84132092615593,24.541494369506836,23.460214033240632,24.541494369506836,154300,0.0,0.0,0.0
2022-11-03 00:00:00-04:00,25.04667901268966,25.569592824424312,24.909302777243315,25.55186653137207,242600,0.0,0.0,0.0
2022-11-04 00:00:00-04:00,24.94032449207835,26.34953275818029,24.816243813959737,25.667085647583008,358600,0.0,0.0,0.0
2022-11-07 00:00:00-05:00,25.862068082545107,26.12795569777571,25.489824406938926,25.51729965209961,225000,0.0,0.0,0.0
2022-11-08 00:00:00-05:00,25.29484072793856,25.78230192820661,25.08478771619029,25.433988571166992,130600,0.0,0.0,0.0
2022-11-09 00:00:00-05:00,25.61391034485274,26.32294694897566,25.61391034485274,26.27863121032715,160900,0.0,0.0,0.0
2022-11-10 00:00:00-05:00,25.011226165709743,25.1796225670049,23.95653709718742,23.97957992553711,328700,0.0,0.0,0.0
2022-11-11 00:00:00-05:00,24.054029355153958,24.34650643807724,23.442487439342262,23.507186889648438,145100,0.0,0.0,0.0
2022-11-14 00:00:00-05:00,23.56657005047951,23.84132086235686,23.4158999232295,23.716354370117188,137300,0.0,0.0,0.0
2022-11-15 00:00:00-05:00,23.087969471306675,23.672923666101397,22.875259008697004,23.450464248657227,95900,0.0,0.0,0.0
2022-11-16 00:00:00-05:00,23.522257251493713,23.863479152326395,23.47794151143759,23.613544464111328,167100,0.0,0.0,0.0
2022-11-17 00:00:00-05:00,24.036307484189333,24.036307484189333,23.219143174196788,23.35917854309082,158600,0.0,0.0,0.0
2022-11-18 00:00:00-05:00,23.043655565651147,23.4176726057498,23.043655565651147,23.291818618774414,144100,0.0,0.0,0.0
2022-11-21 00:00:00-05:00,23.460213627682126,23.813845264175654,23.45135048027074,23.75800895690918,90600,0.0,0.0,0.0
2022-11-22 00:00:00-05:00,23.734967992069755,23.912225882816035,23.389311977740103,23.40172004699707,61900,0.0,0.0,0.0
2022-11-23 00:00:00-05:00,23.548844784721595,23.548844784721595,23.176601024096186,23.294479370117188,59700,0.0,0.0,0.0
2022-11-25 00:00:00-05:00,23.70837398435301,23.8944949873829,23.646333650009716,23.758892059326172,74900,0.0,0.0,0.0
2022-11-28 00:00:00-05:00,24.20470065304299,24.514904044752697,24.009716485054955,24.390823364257812,465400,0.0,0.0,0.0
2022-11-29 00:00:00-05:00,24.38196093211006,25.02895548576979,24.346508342087457,24.904874801635742,270300,0.0,0.0,0.0
2022-11-30 00:00:00-05:00,24.89600964628339,25.000592411753995,23.681785583496094,23.681785583496094,450400,0.0,0.0,0.0
2022-12-01 00:00:00-05:00,23.637472454672835,23.89361115209172,23.53997952667343,23.64633560180664,99500,0.0,0.0,0.0
2022-12-02 00:00:00-05:00,24.045167681414696,24.08062027083667,23.708376534268506,23.726102828979492,133000,0.0,0.0,0.0
2022-12-05 00:00:00-05:00,23.74382938735395,24.045167948424385,23.27409271513168,23.92108726501465,144700,0.0,0.0,0.0
2022-12-06 00:00:00-05:00,23.83246060768083,24.692167428303105,23.83246060768083,24.514907836914062,172400,0.0,0.0,0.0
2022-12-07 00:00:00-05:00,24.63012339389806,25.04047713967614,24.475906659604473,24.887147903442383,170100,0.0,0.0,0.0
2022-12-08 00:00:00-05:00,24.626523677914033,24.84814465585872,24.44922621922473,24.564468383789062,189000,0.006,0.0,0.0
2022-12-09 00:00:00-05:00,24.626521830899552,24.84814279222244,24.1123612682638,24.679710388183594,308300,0.0,0.0,0.0
2022-12-12 00:00:00-05:00,24.537872309688506,24.865870374905718,24.245332717895508,24.245332717895508,110300,0.0,0.0,0.0
2022-12-13 00:00:00-05:00,23.41203989360885,24.29409212673634,23.403174851621745,24.12034034729004,296600,0.0,0.0,0.0
2022-12-14 00:00:00-05:00,24.138954908692472,24.821547881226298,23.9261989868963,24.483797073364258,112200,0.0,0.0,0.0
2022-12-15 00:00:00-05:00,24.84725639058959,25.725762927718318,24.75949535107012,25.654844284057617,155300,0.0,0.0,0.0
2022-12-16 00:00:00-05:00,25.61052062051274,26.173438128279656,25.486413409325497,25.997028350830078,285300,0.0,0.0,0.0
2022-12-19 00:00:00-05:00,25.93851935966519,26.64681981302096,25.929654317682157,26.43494987487793,345200,0.0,0.0,0.0
2022-12-20 00:00:00-05:00,26.628136597276296,26.939733321262274,26.298735656141677,26.463436126708984,167600,0.127,0.0,0.0
2022-12-21 00:00:00-05:00,26.369958678384577,26.369958678384577,25.586515358140108,25.844696044921875,143100,0.0,0.0,0.0
2022-12-22 00:00:00-05:00,26.076168720434154,26.823998535492837,26.03788583011261,26.450082778930664,323300,0.0,0.0,0.0
2022-12-23 00:00:00-05:00,26.708263331276026,26.99938310272738,26.45008263733551,26.610332489013672,96800,0.0,0.0,0.0
2022-12-27 00:00:00-05:00,26.654847539317064,27.171207234154558,26.654847539317064,26.939735412597656,198400,0.0,0.0,0.0
2022-12-28 00:00:00-05:00,27.019861826450455,27.785497603517964,26.779487033364557,27.749887466430664,608200,0.0,0.0,0.0
2022-12-29 00:00:00-05:00,27.340357079927816,27.375968911469503,26.797290233441803,26.969112396240234,273300,0.0,0.0,0.0
2022-12-30 00:00:00-05:00,27.28694257166846,27.442741796363475,26.913026809692383,26.913026809692383,180600,0.0,0.0,0.0
2023-01-03 00:00:00-05:00,26.806194516608766,28.12380178361226,26.777704370740643,27.954648971557617,473500,0.0,0.0,0.0
2023-01-04 00:00:00-05:00,27.536218953595007,27.910134697120604,27.153400252120516,27.673320770263672,200700,0.0,0.0,0.0
2023-01-05 00:00:00-05:00,27.509506951939652,28.008060653933427,27.393771907894198,27.945741653442383,146800,0.0,0.0,0.0
2023-01-06 00:00:00-05:00,27.732079314300766,27.994710634162544,26.802632906165357,26.97623634338379,278800,0.0,0.0,0.0
2023-01-09 00:00:00-05:00,26.734974782625013,26.868515772538927,26.156294329555013,26.815099716186523,179600,0.0,0.0,0.0
2023-01-10 00:00:00-05:00,26.85070477316977,27.26023232254801,26.637038890128494,26.72962760925293,109900,0.0,0.0,0.0
2023-01-11 00:00:00-05:00,26.54801356991375,26.75277651528104,26.120681762695312,26.120681762695312,113100,0.0,0.0,0.0
2023-01-12 00:00:00-05:00,26.06726794540407,26.54801584521088,26.0049472323694,26.191905975341797,224000,0.0,0.0,0.0
2023-01-13 00:00:00-05:00,26.503499999070925,26.534659503323212,25.889209475975353,25.915918350219727,112100,0.0,0.0,0.0
2023-01-17 00:00:00-05:00,25.862502384151288,26.03165520322559,25.452976472573837,25.72005844116211,126000,0.0,0.0,0.0
2023-01-18 00:00:00-05:00,25.49748882062009,25.871404584523184,25.221503901426242,25.83579444885254,208700,0.0,0.0,0.0
2023-01-19 00:00:00-05:00,26.102881041426645,26.12068696145438,25.684452109170884,25.833127975463867,208400,0.0,0.0,0.0
2023-01-20 00:00:00-05:00,25.898110842625833,26.04856793824536,25.337236404418945,25.337236404418945,183100,0.0,0.0,0.0
2023-01-23 00:00:00-05:00,25.274917166505908,25.310528996314776,24.37128821092473,24.759449005126953,321200,0.0,0.0,0.0
2023-01-24 00:00:00-05:00,24.91880645165895,24.91880645165895,24.438058653197803,24.500377655029297,129300,0.0,0.0,0.0
2023-01-25 00:00:00-05:00,24.85649068669735,25.159184476209628,24.571602813760062,24.68733787536621,128400,0.0,0.0,0.0
2023-01-26 00:00:00-05:00,24.411352377969497,24.607212361421897,24.2332966126014,24.28493309020996,161500,0.0,0.0,0.0
2023-01-27 00:00:00-05:00,24.41135563479623,24.41135563479623,23.743648972682617,23.94841194152832,211800,0.0,0.0,0.0
2023-01-30 00:00:00-05:00,24.15317207287551,24.464768818202188,24.057913985893226,24.45586585998535,119800,0.0,0.0,0.0
2023-01-31 00:00:00-05:00,24.544894649718735,24.553797608264066,24.233297892895102,24.24220085144043,100200,0.0,0.0,0.0
2023-02-01 00:00:00-05:00,24.277811396066106,24.714046153221584,23.850479596983057,24.05524253845215,189200,0.0,0.0,0.0
2023-02-02 00:00:00-05:00,23.476563037500178,23.556686261253752,23.102647301699378,23.12935447692871,367200,0.0,0.0,0.0
2023-02-03 00:00:00-05:00,23.619005822642983,23.619005822642983,22.167856040422762,22.586286544799805,808300,0.0,0.0,0.0
2023-02-06 00:00:00-05:00,22.87117508945997,23.129354067815072,22.81775734381502,23.02252197265625,106800,0.0,0.0,0.0
2023-02-07 00:00:00-05:00,23.147159272326597,23.147159272326597,22.506161626858052,22.586286544799805,211600,0.0,0.0,0.0
2023-02-08 00:00:00-05:00,22.69312470998772,23.040331648613865,22.604096810885494,22.986915588378906,68400,0.0,0.0,0.0
2023-02-09 00:00:00-05:00,22.67531658445364,23.200579270180988,22.612997570564932,23.14360237121582,120100,0.0,0.0,0.0
2023-02-10 00:00:00-05:00,23.37863466485641,23.37863466485641,23.05813494379099,23.087514877319336,126300,0.0,0.0,0.0
2023-02-13 00:00:00-05:00,23.1204497072057,23.1204497072057,22.622785784185417,22.675312042236328,78200,0.0,0.0,0.0
2023-02-14 00:00:00-05:00,22.90678555741731,23.075048571952603,22.699351566513837,22.79995346069336,128800,0.0,0.0,0.0
2023-02-15 00:00:00-05:00,22.791053536270557,22.799956495193396,22.435833456158488,22.461650848388672,271900,0.0,0.0,0.0
2023-02-16 00:00:00-05:00,22.710927418296883,22.710927418296883,22.31920573647264,22.702024459838867,133200,0.0,0.0,0.0
2023-02-17 00:00:00-05:00,22.91568783054572,23.12045075820394,22.826659953891774,22.888978958129883,173400,0.0,0.0,0.0
2023-02-21 00:00:00-05:00,23.227286194000744,23.503271102905273,23.12045239484042,23.503271102905273,189800,0.0,0.0,0.0
2023-02-22 00:00:00-05:00,23.45875657856517,23.690228380895746,23.289603781080224,23.414241790771484,184200,0.0,0.0,0.0
2023-02-23 00:00:00-05:00,23.21838256293483,23.68577681232479,23.21838256293483,23.36082649230957,156900,0.0,0.0,0.0
2023-02-24 00:00:00-05:00,23.752553453942255,23.930607556408912,23.725844574442576,23.779260635375977,116000,0.0,0.0,0.0
2023-02-27 00:00:00-05:00,23.610111236572266,23.645721380469357,23.41424950190695,23.610111236572266,122600,0.0,0.0,0.0
2023-02-28 00:00:00-05:00,23.752549242633243,23.752549242633243,23.44095249598001,23.67242431640625,81100,0.0,0.0,0.0
2023-03-01 00:00:00-05:00,23.841573665299318,24.06948291087853,23.72405735030528,24.037433624267578,87400,0.0,0.0,0.0
2023-03-02 00:00:00-05:00,24.233297364083683,24.233297364083683,23.82377146832941,23.93950653076172,78300,0.0,0.0,0.0
2023-03-03 00:00:00-05:00,23.56558803717583,23.6813247842505,23.075937271118164,23.075937271118164,170100,0.0,0.0,0.0
2023-03-06 00:00:00-05:00,22.65751027697779,22.728732243154187,22.310301706060436,22.68421745300293,356200,0.0,0.0,0.0
2023-03-07 00:00:00-05:00,22.702021926762946,23.075937649949896,22.661959467204863,23.017179489135742,119000,0.0,0.0,0.0
2023-03-08 00:00:00-05:00,22.84446900817586,22.978009992475542,22.75188027542248,22.80885887145996,105600,0.0,0.0,0.0
2023-03-09 00:00:00-05:00,22.719828878107524,23.218382632410922,22.58628790617731,23.164966583251953,173000,0.0,0.0,0.0
2023-03-10 00:00:00-05:00,23.23618996015125,23.632362270113592,23.129356157275733,23.48546600341797,156600,0.0,0.0,0.0
2023-03-13 00:00:00-04:00,23.636807464016524,23.636807464016524,22.799949942568997,23.197011947631836,236600,0.0,0.0,0.0
2023-03-14 00:00:00-04:00,23.075937668909724,23.236187507273726,22.746535034709773,22.888978958129883,272900,0.0,0.0,0.0
2023-03-15 00:00:00-04:00,23.07593587461522,23.27179582957219,22.791048049926758,22.791048049926758,152400,0.0,0.0,0.0
2023-03-16 00:00:00-04:00,22.915685928518762,23.013616754516292,22.319201411931346,22.39932632446289,104500,0.0,0.0,0.0
2023-03-17 00:00:00-04:00,22.3815266609339,22.621901465652083,22.30140172602784,22.523080825805664,99600,0.0,0.0,0.0
2023-03-20 00:00:00-04:00,22.4972588481472,22.630799813088583,22.134917141904857,22.167856216430664,83600,0.0,0.0,0.0
2023-03-21 00:00:00-04:00,22.188486728715194,22.305080382768544,21.914942052633695,21.94095230102539,189800,0.183,0.0,0.0
2023-03-22 00:00:00-04:00,21.910458937507343,22.12570679114661,21.542743640377196,22.04498863220215,217400,0.0,0.0,0.0
2023-03-23 00:00:00-04:00,21.982205824456173,22.134673251317444,21.631530229483943,21.991174697875977,268500,0.0,0.0,0.0
2023-03-24 00:00:00-04:00,22.018081931101378,22.0808640516655,21.793865203857422,21.793865203857422,79100,0.0,0.0,0.0
2023-03-27 00:00:00-04:00,21.829739894105863,22.107768146628878,21.74005286439714,22.08983039855957,149700,0.0,0.0,0.0
2023-03-28 00:00:00-04:00,22.134675961171553,22.399251772214715,22.134675961171553,22.172344207763672,170000,0.0,0.0,0.0
2023-03-29 00:00:00-04:00,21.94632689538576,21.94632689538576,21.704174193507466,21.743635177612305,213800,0.0,0.0,0.0
2023-03-30 00:00:00-04:00,21.61449461106321,21.666513402374648,21.51673506994493,21.5292911529541,136300,0.0,0.0,0.0
2023-03-31 00:00:00-04:00,21.52659700473902,21.52659700473902,21.200137212072672,21.219867706298828,170000,0.0,0.0,0.0
2023-04-03 00:00:00-04:00,21.309556719485997,21.309556719485997,21.027043180659945,21.03152847290039,147100,0.0,0.0,0.0
2023-04-04 00:00:00-04:00,20.977714835047262,21.17502663460699,20.97681846087115,21.13018226623535,152400,0.0,0.0,0.0
2023-04-05 00:00:00-04:00,21.25574540144766,21.605522931668254,21.20193215784619,21.372337341308594,149200,0.0,0.0,0.0
2023-04-06 00:00:00-04:00,21.57861389908178,21.604624143774604,21.2288364079387,21.2557430267334,169900,0.0,0.0,0.0
2023-04-10 00:00:00-04:00,21.66830203876894,21.856644958800544,21.614490509033203,21.614490509033203,211600,0.0,0.0,0.0
2023-04-11 00:00:00-04:00,21.578616172700468,21.80283288770129,21.578616172700468,21.784896850585938,375000,0.0,0.0,0.0
2023-04-12 00:00:00-04:00,21.653056260286636,21.910457637257718,21.596553894506158,21.84767723083496,145200,0.0,0.0,0.0
2023-04-13 00:00:00-04:00,21.71314483543131,21.71314483543131,21.103276836330405,21.139150619506836,303400,0.0,0.0,0.0
2023-04-14 00:00:00-04:00,21.255746152607678,21.35440034808781,21.049465466121177,21.201932907104492,339300,0.0,0.0,0.0
2023-04-17 00:00:00-04:00,21.228840051717043,21.33646483473126,21.18399738999989,21.192964553833008,107300,0.0,0.0,0.0
2023-04-18 00:00:00-04:00,21.05843494335921,21.130184228780074,20.914936372517484,21.017179489135742,182500,0.0,0.0,0.0
2023-04-19 00:00:00-04:00,21.148121518370555,21.148121518370555,20.834217759984348,20.888031005859375,196600,0.0,0.0,0.0
2023-04-20 00:00:00-04:00,21.10327879859449,21.139152585106604,20.870093199033253,21.013591766357422,249500,0.0,0.0,0.0
2023-04-21 00:00:00-04:00,21.237805280870266,21.30058568075363,21.066503742343833,21.2557430267334,162000,0.0,0.0,0.0
2023-04-24 00:00:00-04:00,21.282650541980075,21.37233757164465,21.16605860086259,21.210901260375977,100000,0.0,0.0,0.0
2023-04-25 00:00:00-04:00,21.237809371842623,21.408214569091797,21.081754716175777,21.408214569091797,170900,0.0,0.0,0.0
2023-04-26 00:00:00-04:00,21.515838314384542,21.515838314384542,21.224357576745245,21.426151275634766,123600,0.0,0.0,0.0
2023-04-27 00:00:00-04:00,21.22883809203423,21.22883809203423,20.798342420993194,20.8162784576416,200300,0.0,0.0,0.0
2023-04-28 00:00:00-04:00,20.807310471941094,20.8700908743226,20.65215221426241,20.672779083251953,133900,0.0,0.0,0.0
2023-05-01 00:00:00-04:00,20.7265931918012,20.775921141636594,20.565156887117272,20.690717697143555,120000,0.0,0.0,0.0
2023-05-02 00:00:00-04:00,20.63690611669337,20.91493435707766,20.592061748478013,20.8162784576416,185700,0.0,0.0,0.0
2023-05-03 00:00:00-04:00,20.672782443832517,20.977717342659684,20.520314994418932,20.93287467956543,252100,0.0,0.0,0.0
2023-05-04 00:00:00-04:00,21.30955753883392,21.32749528720986,21.01000432563463,21.17502784729004,579400,0.0,0.0,0.0
2023-05-05 00:00:00-04:00,20.50237701224784,20.505964219678813,20.089817366205775,20.17950439453125,713100,0.0,0.0,0.0
2023-05-08 00:00:00-04:00,20.323002955596895,20.33197182949322,20.152597772842274,20.17950439453125,177600,0.0,0.0,0.0
2023-05-09 00:00:00-04:00,20.251253078972667,20.403720509446792,20.224346458075683,20.376813888549805,148700,0.0,0.0,0.0
2023-05-10 00:00:00-04:00,20.251254543470548,20.367846487846865,20.13466259909423,20.19744300842285,143700,0.0,0.0,0.0
2023-05-11 00:00:00-04:00,20.13466191076017,20.340940880255925,20.080848666914303,20.14362907409668,102700,0.0,0.0,0.0
2023-05-12 00:00:00-04:00,20.170537362921273,20.4584325961837,20.116725825266197,20.30506706237793,132500,0.0,0.0,0.0
2023-05-15 00:00:00-04:00,20.24228267624976,20.41268784111623,20.23779909509115,20.340938568115234,68100,0.0,0.0,0.0
2023-05-16 00:00:00-04:00,20.34990744107006,20.37681234929693,20.233313803294937,20.340938568115234,59100,0.0,0.0,0.0
2023-05-17 00:00:00-04:00,20.421660723041523,20.547221547782677,20.25842994024008,20.30506706237793,140400,0.0,0.0,0.0
2023-05-18 00:00:00-04:00,20.242286085709832,20.30506649633027,19.995648025141872,20.000131607055664,164600,0.0,0.0,0.0
2023-05-19 00:00:00-04:00,19.910442244295332,20.02703416741685,19.892504499003547,20.009994506835938,103200,0.0,0.0,0.0
2023-05-22 00:00:00-04:00,20.14362979182985,20.206411911887,20.082643841524472,20.134662628173828,90100,0.0,0.0,0.0
2023-05-23 00:00:00-04:00,20.269192620376206,20.439597813198496,20.242285997097564,20.426143646240234,90500,0.0,0.0,0.0
2023-05-24 00:00:00-04:00,20.50237727996488,20.549014398452083,20.341837343208574,20.394752502441406,143800,0.0,0.0,0.0
2023-05-25 00:00:00-04:00,20.314036465755347,20.4126923795554,20.18847563774654,20.28354263305664,102300,0.0,0.0,0.0
2023-05-26 00:00:00-04:00,20.23331913347927,20.24228800879682,19.979506633481027,20.0126895904541,172300,0.0,0.0,0.0
2023-05-30 00:00:00-04:00,19.847661995563303,19.847661995563303,19.614478127470196,19.784881591796875,83200,0.0,0.0,0.0
2023-05-31 00:00:00-04:00,19.775915145874023,19.851253350279475,19.56963616228065,19.775915145874023,251700,0.0,0.0,0.0
2023-06-01 00:00:00-04:00,19.75797554696574,19.85662972837243,19.488914489746094,19.488914489746094,81600,0.0,0.0,0.0
2023-06-02 00:00:00-04:00,19.39922757423621,19.550798620172735,19.327478300722127,19.414474487304688,94900,0.0,0.0,0.0
2023-06-05 00:00:00-04:00,19.255729247335008,19.72568759294789,18.991153477482694,19.578601837158203,449800,0.0,0.0,0.0
2023-06-06 00:00:00-04:00,19.533760196268656,19.8010251023584,19.533760196268656,19.623445510864258,202900,0.0,0.0,0.0
2023-06-07 00:00:00-04:00,19.677258531236625,19.820757085742095,19.399228585074287,19.784881591796875,140300,0.0,0.0,0.0
2023-06-08 00:00:00-04:00,19.740038251191905,19.78488090643234,19.453041152122783,19.466493606567383,71500,0.0,0.0,0.0
2023-06-09 00:00:00-04:00,19.390263970653702,19.462013257336316,19.309545809306016,19.436901092529297,78200,0.0,0.0,0.0
2023-06-12 00:00:00-04:00,19.363355893298873,19.434208800388337,19.13017030142315,19.13913917541504,71900,0.0,0.0,0.0
2023-06-13 00:00:00-04:00,19.228828087623118,19.27367075133585,19.10326555007912,19.201921463012695,126800,0.0,0.0,0.0
2023-06-14 00:00:00-04:00,19.214472870191038,19.327477586908707,19.0853248668905,19.146310806274414,137200,0.0,0.0,0.0
2023-06-15 00:00:00-04:00,19.14810497322972,19.14810497322972,18.88352922020585,18.90595054626465,117700,0.0,0.0,0.0
2023-06-16 00:00:00-04:00,18.862006983424884,19.058420701845037,18.852141735389896,19.04945182800293,39000,0.0,0.0,0.0
2023-06-20 00:00:00-04:00,19.121201630879487,19.121201630879487,18.92478790708934,19.040483474731445,59200,0.0,0.0,0.0
2023-06-21 00:00:00-04:00,19.088572672164062,19.27909465936065,19.006919897524117,19.143007278442383,151700,0.243,0.0,0.0
2023-06-22 00:00:00-04:00,19.197439324578376,19.197439324578376,18.83907460927682,18.861757278442383,71900,0.0,0.0,0.0
2023-06-23 00:00:00-04:00,19.006915167879562,19.050461803799195,18.804596787914697,18.886249542236328,134400,0.0,0.0,0.0
2023-06-26 00:00:00-04:00,18.89804140084917,19.052274165693987,18.752881355165137,19.043201446533203,140700,0.0,0.0,0.0
2023-06-27 00:00:00-04:00,18.961554940633334,18.98332912769149,18.716596634062704,18.7556095123291,206200,0.0,0.0,0.0
2023-06-28 00:00:00-04:00,18.761957639923693,18.78010308169369,18.57143396222786,18.63494300842285,315000,0.0,0.0,0.0
2023-06-29 00:00:00-04:00,18.65308755560046,18.66216027689201,18.57143479442115,18.616798400878906,445300,0.0,0.0,0.0
2023-06-30 00:00:00-04:00,18.41719918458462,18.453490064216176,18.14502450912549,18.192201614379883,526700,0.0,0.0,0.0
2023-07-03 00:00:00-04:00,18.21760566229428,18.399056610762035,18.20853294182644,18.35369300842285,107700,0.0,0.0,0.0
2023-07-05 00:00:00-04:00,18.408129874415007,18.512463567207064,18.299258956032904,18.46256446838379,142300,0.0,0.0,0.0
2023-07-06 00:00:00-04:00,18.616797018028493,18.6530861700545,18.39905691453889,18.426273345947266,89300,0.0,0.0,0.0
2023-07-07 00:00:00-04:00,18.435346606635147,18.562361238113894,18.344621128245514,18.535144805908203,109800,0.0,0.0,0.0
2023-07-10 00:00:00-04:00,18.644012462619358,18.884435220149854,18.607723312514118,18.743810653686523,131000,0.0,0.0,0.0
2023-07-11 00:00:00-04:00,18.707523171592435,18.94250024145833,18.698450450646067,18.80731964111328,75500,0.0,0.0,0.0
2023-07-12 00:00:00-04:00,18.63494300842285,18.760142403568864,18.455305557522276,18.63494300842285,85500,0.0,0.0,0.0
2023-07-13 00:00:00-04:00,18.544217588699542,18.60772490465093,18.498853984131,18.571434020996094,77800,0.0,0.0,0.0
2023-07-14 00:00:00-04:00,18.607723960453644,18.643106358910522,18.507925765911406,18.56780433654785,46000,0.0,0.0,0.0
2023-07-17 00:00:00-04:00,18.417200791623586,18.43534623302269,18.199460686167946,18.2266788482666,58400,0.0,0.0,0.0
2023-07-18 00:00:00-04:00,18.281114041798,18.380912242322776,18.222142220538394,18.27204132080078,45100,0.0,0.0,0.0
2023-07-19 00:00:00-04:00,18.2992618842889,18.362769209155704,17.86378160196382,18.145029067993164,144400,0.0,0.0,0.0
2023-07-20 00:00:00-04:00,18.154100176714447,18.380913019906114,18.031621033737586,18.317405700683594,173600,0.0,0.0,0.0
2023-07-21 00:00:00-04:00,18.244824362064122,18.494318125735955,18.181317047359787,18.46256446838379,108200,0.0,0.0,0.0
2023-07-24 00:00:00-04:00,18.28565180316733,18.423552667208646,18.188575589142484,18.38091278076172,60500,0.0,0.0,0.0
2023-07-25 00:00:00-04:00,18.308331906640483,18.33554833874432,18.217606428590376,18.299259185791016,69600,0.0,0.0,0.0
2023-07-26 00:00:00-04:00,18.262968000620273,18.317404324817584,18.118716413697644,18.2266788482666,68100,0.0,0.0,0.0
2023-07-27 00:00:00-04:00,18.036154185877386,18.399056072190138,17.977184100229337,18.344619750976562,135000,0.0,0.0,0.0
2023-07-28 00:00:00-04:00,18.20853094524277,18.253894542607792,18.036152736144295,18.11780548095703,64400,0.0,0.0,0.0
2023-07-31 00:00:00-04:00,18.072445749317453,18.1450257832326,18.045227587682582,18.05430030822754,64400,0.0,0.0,0.0
2023-08-01 00:00:00-04:00,18.081519307850236,18.16317206609454,18.036155703023073,18.135953903198242,72200,0.0,0.0,0.0
2023-08-02 00:00:00-04:00,18.199461520979654,18.48796816894782,18.18131780919283,18.408130645751953,188200,0.0,0.0,0.0
2023-08-03 00:00:00-04:00,18.535145403008542,18.59865272079377,18.453492642871925,18.580507278442383,452700,0.0,0.0,0.0
2023-08-04 00:00:00-04:00,19.143002829375163,19.46961212158203,18.94340643533507,19.46961212158203,544500,0.0,0.0,0.0
2023-08-07 00:00:00-04:00,19.415178131612834,19.950456555181297,19.351670815332607,19.814369201660156,365300,0.0,0.0,0.0
2023-08-08 00:00:00-04:00,19.74178963812962,19.941384312720327,19.651064156790344,19.687355041503906,177400,0.0,0.0,0.0
2023-08-09 00:00:00-04:00,19.57848206587802,20.013962254132334,19.57848206587802,19.886947631835938,171600,0.0,0.0,0.0
2023-08-10 00:00:00-04:00,19.759937863019793,19.950459843260823,19.605705042157823,19.90509796142578,104100,0.0,0.0,0.0
2023-08-11 00:00:00-04:00,19.986746363562695,20.04571645096718,19.82344085594675,19.896020889282227,83000,0.0,0.0,0.0
2023-08-14 00:00:00-04:00,19.923239039949078,19.94138448246031,19.714571642403815,19.745418548583984,65300,0.0,0.0,0.0
2023-08-15 00:00:00-04:00,19.778078912924684,19.9958207616437,19.750862479668285,19.959529876708984,63100,0.0,0.0,0.0
2023-08-16 00:00:00-04:00,19.968602597334247,20.059328079223633,19.850658951744656,20.059328079223633,264400,0.0,0.0,0.0
2023-08-17 00:00:00-04:00,20.023036024407766,20.42222708313082,19.96860143063243,20.376863479614258,255400,0.0,0.0,0.0
2023-08-18 00:00:00-04:00,20.61274980872659,20.61274980872659,20.24984961904638,20.322429656982422,240300,0.0,0.0,0.0
2023-08-21 00:00:00-04:00,20.231700584741585,20.38593335427668,20.131904131826616,20.159120559692383,77100,0.0,0.0,0.0
2023-08-22 00:00:00-04:00,20.02303832843675,20.11376381546502,19.959531006650387,20.013965606689453,82500,0.0,0.0,0.0
2023-08-23 00:00:00-04:00,19.877879236622856,19.886951958824415,19.52405172298625,19.560340881347656,238200,0.0,0.0,0.0
2023-08-24 00:00:00-04:00,19.605699786286035,20.131905434554394,19.605699786286035,20.113759994506836,169300,0.0,0.0,0.0
2023-08-25 00:00:00-04:00,19.98674906025556,20.159125581157245,19.798947355069362,19.841588973999023,78300,0.0,0.0,0.0
2023-08-28 00:00:00-04:00,19.660136521793685,19.854288944515673,19.660136521793685,19.682817459106445,35000,0.0,0.0,0.0
2023-08-29 00:00:00-04:00,19.705496188773097,19.737249843542454,19.170217822026196,19.2427978515625,85000,0.0,0.0,0.0
2023-08-30 00:00:00-04:00,19.17929479044795,19.17929479044795,18.875366390205073,18.879901885986328,67300,0.0,0.0,0.0
2023-08-31 00:00:00-04:00,18.88896942138672,18.907114860418865,18.761954809050316,18.88896942138672,85500,0.0,0.0,0.0
2023-09-01 00:00:00-04:00,18.7347412109375,18.842703657703805,18.716595767488368,18.7347412109375,151700,0.0,0.0,0.0
2023-09-05 00:00:00-04:00,18.870827519082976,18.92526384638175,18.684841060257085,18.70933723449707,80000,0.0,0.0,0.0
2023-09-06 00:00:00-04:00,18.852681064031017,19.53311948226024,18.82546290434187,19.406103134155273,324300,0.0,0.0,0.0
2023-09-07 00:00:00-04:00,20.213560879918077,20.387752628448652,19.901466537347005,19.959529876708984,543300,0.0,0.0,0.0
2023-09-08 00:00:00-04:00,19.89602196225125,19.947734568244336,19.687354571464134,19.914167404174805,273500,0.0,0.0,0.0
2023-09-11 00:00:00-04:00,19.641992621568896,19.98674912538515,19.641992621568896,19.778079986572266,129500,0.0,0.0,0.0
2023-09-12 00:00:00-04:00,19.769006632878124,20.277066875717964,19.733622503241,20.10468864440918,346000,0.0,0.0,0.0
2023-09-13 00:00:00-04:00,20.023039420787317,20.38593965825356,20.013966698545058,20.367795944213867,287900,0.0,0.0,0.0
2023-09-14 00:00:00-04:00,20.40408482153651,20.439467226482318,20.15005379358869,20.195417404174805,179700,0.0,0.0,0.0
2023-09-15 00:00:00-04:00,20.131908177551033,20.40408289357092,20.113762735031134,20.29521369934082,163900,0.0,0.0,0.0
2023-09-18 00:00:00-04:00,20.140981142331256,20.140981142331256,19.7962246520634,19.93231201171875,222400,0.0,0.0,0.0
2023-09-19 00:00:00-04:00,19.962516891499643,20.043063728133436,19.770306420447998,19.806917190551758,246200,0.193,0.0,0.0
2023-09-20 00:00:00-04:00,19.806915874021406,20.227951049804688,19.7703051063511,20.227951049804688,130300,0.0,0.0,0.0
2023-09-21 00:00:00-04:00,20.337785476369188,20.42016188738343,20.154728143055916,20.401857376098633,239800,0.0,0.0,0.0
2023-09-22 00:00:00-04:00,20.3469350330539,20.40642948518249,20.063195081470592,20.33778190612793,207000,0.0,0.0,0.0
2023-09-25 00:00:00-04:00,20.401855718000398,20.401855718000398,20.093400723434875,20.173032760620117,119700,0.0,0.0,0.0
2023-09-26 00:00:00-04:00,20.319481477128893,20.68559789876222,20.319481477128893,20.66729164123535,291400,0.0,0.0,0.0
2023-09-27 00:00:00-04:00,20.594065190294025,21.001369755843843,20.584912062938006,20.8503475189209,461200,0.0,0.0,0.0
2023-09-28 00:00:00-04:00,20.951031067758873,21.1798540431456,20.658137938588784,20.804584503173828,269500,0.0,0.0,0.0
2023-09-29 00:00:00-04:00,20.65813857918876,20.859503921073014,20.548304525234446,20.74966812133789,282300,0.0,0.0,0.0
2023-10-02 00:00:00-04:00,20.758823398235464,20.77712965771577,20.420164580973797,20.4384708404541,137900,0.0,0.0,0.0
2023-10-03 00:00:00-04:00,20.667288941370177,20.79542923575707,20.493383009144694,20.630678176879883,287300,0.0,0.0,0.0
2023-10-04 00:00:00-04:00,20.795432953819777,20.81373921222823,20.401858872723373,20.46592903137207,163400,0.0,0.0,0.0
2023-10-05 00:00:00-04:00,20.48422820438907,20.598639670947,20.28286465172806,20.328628540039062,173300,0.0,0.0,0.0
2023-10-06 00:00:00-04:00,20.475080134120645,20.51169090153323,19.98997480899373,20.06319808959961,164600,0.0,0.0,0.0
2023-10-09 00:00:00-04:00,20.14557411341773,20.237103648870658,19.870985507058943,19.889291763305664,126900,0.0,0.0,0.0
2023-10-10 00:00:00-04:00,20.03574007026447,20.03574007026447,19.810577986965495,19.96251678466797,148700,0.0,0.0,0.0
2023-10-11 00:00:00-04:00,19.953360400475585,20.04488992898393,19.797760725745558,19.825220108032227,127600,0.0,0.0,0.0
2023-10-12 00:00:00-04:00,19.825221389042877,19.88837675033663,19.53232827551526,19.71538734436035,444300,0.0,0.0,0.0
2023-10-13 00:00:00-04:00,19.614705839723566,19.99729718634079,19.587246454041743,19.925905227661133,164400,0.0,0.0,0.0
2023-10-16 00:00:00-04:00,20.182186641457477,20.182186641457477,19.9075997569158,19.96251678466797,90200,0.0,0.0,0.0
2023-10-17 00:00:00-04:00,20.20049303094674,20.373484200875648,19.982654496834364,20.127269744873047,155300,0.0,0.0,0.0
2023-10-18 00:00:00-04:00,20.30117392590964,20.3469378210297,20.081504086928106,20.292020797729492,155700,0.0,0.0,0.0
2023-10-19 00:00:00-04:00,20.227947874577175,20.3469350330539,20.063195081470592,20.33778190612793,338400,0.0,0.0,0.0
2023-10-20 00:00:00-04:00,20.33778333205465,20.667288941370177,20.33778333205465,20.630678176879883,167700,0.0,0.0,0.0
2023-10-23 00:00:00-04:00,20.90526671257867,20.98764312157398,20.51992926343081,20.62152671813965,171300,0.0,0.0,0.0
2023-10-24 00:00:00-04:00,20.594064951363457,20.80915907728302,20.557452442364163,20.60321807861328,124300,0.0,0.0,0.0
2023-10-25 00:00:00-04:00,20.7862780786144,20.90526700249365,20.648984643645125,20.8778076171875,261400,0.0,0.0,0.0
2023-10-26 00:00:00-04:00,20.951028815660017,21.53681675681257,20.85034790444331,21.42698097229004,486400,0.0,0.0,0.0
2023-10-27 00:00:00-04:00,21.317147896031393,21.39037117375897,21.143241956760654,21.225618362426758,218800,0.0,0.0,0.0
2023-10-30 00:00:00-04:00,21.134088603856515,21.134088603856515,20.86956966863717,20.97848892211914,172400,0.0,0.0,0.0
2023-10-31 00:00:00-04:00,21.09747866043807,21.26223149006995,20.903436865618065,20.923574447631836,122600,0.0,0.0,0.0
2023-11-01 00:00:00-04:00,20.8686534012447,20.9876423189232,20.493383883853717,20.511690139770508,248500,0.0,0.0,0.0
2023-11-02 00:00:00-04:00,20.227949782527638,20.337783824438212,20.0815032294598,20.099807739257812,860500,0.0,0.0,0.0
2023-11-03 00:00:00-04:00,20.475077864160205,20.594065027285538,20.200489282994752,20.20964241027832,510700,0.0,0.0,0.0
2023-11-06 00:00:00-05:00,20.2371046155987,20.25540912693915,19.898445841979314,19.925905227661133,357500,0.0,0.0,0.0
2023-11-07 00:00:00-05:00,19.944209560706152,19.959767957399375,19.57626185865827,19.641246795654297,313700,0.0,0.0,0.0
2023-11-08 00:00:00-05:00,19.578093694566885,19.6696232361177,19.48656589879687,19.54148292541504,136400,0.0,0.0,0.0
2023-11-09 00:00:00-05:00,19.541483948230418,19.660471136427795,19.423411549220003,19.587247848510742,315900,0.0,0.0,0.0
2023-11-10 00:00:00-05:00,19.4224941379348,19.451784848404778,19.129600999481546,19.147907257080078,135500,0.0,0.0,0.0
2023-11-13 00:00:00-05:00,19.230284275285307,19.36757772003055,19.2128928062855,19.33096694946289,71000,0.0,0.0,0.0
2023-11-14 00:00:00-05:00,19.010611610635028,19.152480726108926,18.97399909968653,19.05637550354004,106900,0.0,0.0,0.0
2023-11-15 00:00:00-05:00,18.983152865614418,19.006034812836187,18.84128199959038,19.0014591217041,112700,0.0,0.0,0.0
2023-11-16 00:00:00-05:00,18.855012417445884,18.932811386549066,18.7085658614323,18.836706161499023,186700,0.0,0.0,0.0
2023-11-17 00:00:00-05:00,18.78179127760924,18.946544108325597,18.78179127760924,18.845861434936523,105800,0.0,0.0,0.0
2023-11-20 00:00:00-05:00,18.827556253489448,18.827556253489448,18.61703951143909,18.653650283813477,203000,0.0,0.0,0.0
2023-11-21 00:00:00-05:00,18.699414324675494,18.83670776439856,18.68110806717087,18.74517822265625,171000,0.0,0.0,0.0
2023-11-22 00:00:00-05:00,18.690260171310015,18.74060150379758,18.543813610862944,18.699413299560547,99000,0.0,0.0,0.0
2023-11-24 00:00:00-05:00,18.74518112460615,18.900780845922302,18.74518112460615,18.848609924316406,61400,0.0,0.0,0.0
2023-11-27 00:00:00-05:00,18.864166021881374,18.95569381236614,18.77721217682787,18.855012893676758,107600,0.0,0.0,0.0
2023-11-28 00:00:00-05:00,18.882469338458307,18.89253900089311,18.736022788006537,18.809246063232422,86400,0.0,0.0,0.0
2023-11-29 00:00:00-05:00,18.717719024881347,18.943795874333542,18.64083309891494,18.914506912231445,115300,0.0,0.0,0.0
2023-11-30 00:00:00-05:00,18.865079380012393,19.04722190386048,18.85409667446833,18.87331771850586,164600,0.0,0.0,0.0
2023-12-01 00:00:00-05:00,18.850436345850778,18.94654332364222,18.717720345075435,18.736024856567383,119100,0.0,0.0,0.0
2023-12-04 00:00:00-05:00,18.891625398852035,19.11129525863161,18.880642691464445,18.928237915039062,152600,0.0,0.0,0.0
2023-12-05 00:00:00-05:00,18.827552974170693,18.827552974170693,18.443130329401782,18.516353607177734,213200,0.0,0.0,0.0
2023-12-06 00:00:00-05:00,18.406520152203395,18.653647631489594,18.397367023966023,18.63717269897461,76600,0.0,0.0,0.0
2023-12-07 00:00:00-05:00,18.534660505656372,18.534660505656372,18.396452284197157,18.461437225341797,303600,0.0,0.0,0.0
2023-12-08 00:00:00-05:00,18.498050493901324,18.525509882400094,18.314993141252366,18.324146270751953,93800,0.0,0.0,0.0
2023-12-11 00:00:00-05:00,18.55296754641331,18.726871753398406,18.55296754641331,18.571273803710938,139300,0.0,0.0,0.0
2023-12-12 00:00:00-05:00,18.58042368203618,18.70764919212531,18.433977127075195,18.433977127075195,104100,0.0,0.0,0.0
2023-12-13 00:00:00-05:00,18.397366782996603,18.397366782996603,18.113626794477355,18.13193130493164,142400,0.0,0.0,0.0
2023-12-14 00:00:00-05:00,18.113628463011626,18.297600594043352,17.985486403343756,18.122779846191406,117200,0.0,0.0,0.0
2023-12-15 00:00:00-05:00,18.159390998988645,18.223461151123047,18.122778485894294,18.223461151123047,167100,0.0,0.0,0.0
2023-12-18 00:00:00-05:00,18.287532322877535,18.470591406994313,18.278379194093617,18.342451095581055,115100,0.0,0.0,0.0
2023-12-19 00:00:00-05:00,18.33329550572355,18.33329550572355,18.24176597595215,18.24176597595215,57400,0.0,0.0,0.0
2023-12-20 00:00:00-05:00,18.250919806264285,18.433977127075195,18.186849656691436,18.433977127075195,113400,0.0,0.0,0.0
2023-12-21 00:00:00-05:00,18.344943280473238,18.576805548466723,18.246632843890765,18.484060287475586,138800,0.264,0.0,0.0
2023-12-22 00:00:00-05:00,18.428414135610904,18.632452297906376,18.40986472931984,18.58608055114746,213400,0.0,0.0,0.0
2023-12-26 00:00:00-05:00,18.595353930671486,18.659348145630158,18.562893353369088,18.641727447509766,226000,0.0,0.0,0.0
2023-12-27 00:00:00-05:00,18.7066497811057,18.831855631006995,18.604629806600443,18.63245391845703,294900,0.0,0.0,0.0
2023-12-28 00:00:00-05:00,18.548983792763288,18.63245436134824,18.493337336696303,18.61390495300293,103100,0.0,0.0,0.0
2023-12-29 00:00:00-05:00,18.586081727675722,18.79011990288713,18.54898291274518,18.72519874572754,231700,0.0,0.0,0.0
2024-01-02 00:00:00-05:00,19.263119475986365,19.569177627999547,19.142550094574844,19.420785903930664,531200,0.0,0.0,0.0
2024-01-03 00:00:00-05:00,19.56917997943774,19.634101145397715,19.383689417578594,19.550630569458008,373600,0.0,0.0,0.0
2024-01-04 00:00:00-05:00,19.782488602682967,19.903984912075973,19.680468638859647,19.791763305664062,495700,0.0,0.0,0.0
2024-01-05 00:00:00-05:00,19.819586406393643,20.00507514967365,19.726841150269326,19.90305519104004,253900,0.0,0.0,0.0
2024-01-08 00:00:00-05:00,19.717568607992863,19.83720927622378,19.40687223128218,19.411510467529297,344300,0.0,0.0,0.0
2024-01-09 00:00:00-05:00,19.578452039767207,19.68974494667395,19.457882660154564,19.4671573638916,173200,0.0,0.0,0.0
2024-01-10 00:00:00-05:00,19.54135351659353,19.57381409567341,19.328040634363216,19.346590042114258,97800,0.0,0.0,0.0
2024-01-11 00:00:00-05:00,19.318766658600044,19.62482482215182,19.272394906443605,19.43006134033203,168500,0.0,0.0,0.0
2024-01-12 00:00:00-05:00,19.38368635695304,19.476431623238415,19.338241547956656,19.411510467529297,178500,0.0,0.0,0.0
2024-01-16 00:00:00-05:00,19.801040655376298,19.921608272308912,19.587727765204537,19.65264892578125,459400,0.0,0.0,0.0
2024-01-17 00:00:00-05:00,19.912330611369427,20.008785398180837,19.728695740590243,19.763938903808594,374100,0.0,0.0,0.0
2024-01-18 00:00:00-05:00,19.411510694337757,19.411510694337757,19.06835373576299,19.117509841918945,323900,0.0,0.0,0.0
2024-01-19 00:00:00-05:00,19.04053115045734,19.096177602579957,18.790119462452328,18.817943572998047,262500,0.0,0.0,0.0
2024-01-22 00:00:00-05:00,18.734472862864923,18.74838403354387,18.465511769946506,18.595354080200195,325400,0.0,0.0,0.0
2024-01-23 00:00:00-05:00,18.502608518935556,18.595352005070687,18.42841266864629,18.49333381652832,118800,0.0,0.0,0.0
2024-01-24 00:00:00-05:00,18.456238082130792,18.567532760593238,18.386680455939555,18.558258056640625,80500,0.0,0.0,0.0
2024-01-25 00:00:00-05:00,18.502609415765697,18.697372868852074,18.409864156166552,18.60462760925293,177700,0.0,0.0,0.0
2024-01-26 00:00:00-05:00,18.595355101000163,18.81794445789534,18.54898335021219,18.780845642089844,170500,0.0,0.0,0.0
2024-01-29 00:00:00-05:00,18.817942993612917,19.04053056421897,18.80866829038324,18.836490631103516,202600,0.0,0.0,0.0
2024-01-30 00:00:00-05:00,18.93851582409709,19.272398156631592,18.8476261839198,19.226024627685547,307200,0.0,0.0,0.0
2024-01-31 00:00:00-05:00,19.318766652649494,19.578453063964844,19.318766652649494,19.578453063964844,289000,0.0,0.0,0.0
2024-02-01 00:00:00-05:00,19.61554937862881,19.64337349025537,19.33731533823874,19.346590042114258,709200,0.0,0.0,0.0
2024-02-02 00:00:00-05:00,20.060725306916783,20.116373532267257,19.300217250149885,19.43006134033203,709000,0.0,0.0,0.0
2024-02-05 00:00:00-05:00,19.226020370970875,19.439333249986625,19.096178056608046,19.244569778442383,235800,0.0,0.0,0.0
2024-02-06 00:00:00-05:00,19.32803915290724,19.32803915290724,19.105451583862305,19.105451583862305,215900,0.0,0.0,0.0
2024-02-07 00:00:00-05:00,18.95706147594628,19.170374359884253,18.95706147594628,19.07762908935547,96700,0.0,0.0,0.0
2024-02-08 00:00:00-05:00,19.086903064187915,19.300215939977363,19.086903064187915,19.216745376586914,120100,0.0,0.0,0.0
2024-02-09 00:00:00-05:00,19.170374359070625,19.226020813797973,19.0312573377678,19.151824951171875,113600,0.0,0.0,0.0
2024-02-12 00:00:00-05:00,19.170372025719683,19.34658784137163,19.170372025719683,19.318763732910156,153100,0.0,0.0,0.0
2024-02-13 00:00:00-05:00,19.467158535557466,19.685109664073504,19.420786783050165,19.532079696655273,155800,0.0,0.0,0.0
2024-02-14 00:00:00-05:00,19.50425384677392,19.819586660254387,19.49497914414583,19.634096145629883,337300,0.0,0.0,0.0
2024-02-15 00:00:00-05:00,19.708294356817408,19.9401566433682,19.625750731824787,19.68974494934082,439700,0.0,0.0,0.0
2024-02-16 00:00:00-05:00,19.72684449425348,19.926246209583205,19.57937970660496,19.847412109375,271700,0.0,0.0,0.0
2024-02-20 00:00:00-05:00,19.930880326309328,20.1117326121447,19.85483059216139,19.940155029296875,294100,0.0,0.0,0.0
2024-02-21 00:00:00-05:00,19.921607973057995,20.009716777347688,19.805676825492757,19.847412109375,121100,0.0,0.0,0.0
2024-02-22 00:00:00-05:00,19.726842139833433,19.84740974056508,19.578450430178155,19.64337158203125,287400,0.0,0.0,0.0
2024-02-23 00:00:00-05:00,19.578451608323363,19.875235045493042,19.578451608323363,19.856685638427734,101600,0.0,0.0,0.0
2024-02-26 00:00:00-05:00,19.893785626068322,20.06814581724236,19.85205034219387,19.995803833007812,141100,0.0,0.0,0.0
2024-02-27 00:00:00-05:00,20.005077357012574,20.134919668532103,19.71293038712481,19.856685638427734,182200,0.0,0.0,0.0
2024-02-28 00:00:00-05:00,19.856683595653067,20.125644663523985,19.856683595653067,19.977252960205078,127400,0.0,0.0,0.0
2024-02-29 00:00:00-05:00,19.865960786782573,20.199843045558893,19.865960786782573,20.06072425842285,681800,0.0,0.0,0.0
2024-03-01 00:00:00-05:00,20.227664214310657,20.459526487460842,20.116371313821077,20.2183895111084,713300,0.0,0.0,0.0
2024-03-04 00:00:00-05:00,20.617194245419412,20.864823353228545,20.533723680136834,20.72848892211914,354000,0.0,0.0,0.0
2024-03-05 00:00:00-05:00,21.266407900140354,21.359153162861734,21.086482550392756,21.303504943847656,652100,0.0,0.0,0.0
2024-03-06 00:00:00-05:00,21.18294097085747,21.47972444725275,21.173666266098984,21.4240779876709,661200,0.0,0.0,0.0
2024-03-07 00:00:00-05:00,21.433349762378896,21.52609325934711,21.256206994337006,21.461172103881836,237400,0.0,0.0,0.0
2024-03-08 00:00:00-05:00,21.451896946158534,21.479721056041125,20.867604790374315,21.25713348388672,375600,0.0,0.0,0.0
2024-03-11 00:00:00-04:00,20.99744869992913,21.080919266974025,20.84905697384241,21.006723403930664,161700,0.0,0.0,0.0
2024-03-12 00:00:00-04:00,20.960351943969727,21.210763648581896,20.858331967505006,20.960351943969727,190100,0.0,0.0,0.0
2024-03-13 00:00:00-04:00,21.006723975625572,21.24786097932123,20.987247627382978,21.210763931274414,66100,0.0,0.0,0.0
2024-03-14 00:00:00-04:00,21.062368971190836,21.08184708705129,20.838854451772423,20.96962547302246,305700,0.0,0.0,0.0
2024-03-15 00:00:00-04:00,21.19221287729973,21.322055188835435,21.043821158696407,21.06608009338379,136400,0.0,0.0,0.0
2024-03-18 00:00:00-04:00,20.691390395043076,20.923252686508274,20.426140584587444,20.904705047607422,251800,0.0,0.0,0.0
2024-03-19 00:00:00-04:00,20.86357190749487,21.003783729631625,20.573800570693564,20.639232635498047,123300,0.176,0.0,0.0
2024-03-20 00:00:00-04:00,20.685968833865147,20.75140268003697,20.349460825145794,20.358808517456055,155900,0.0,0.0,0.0
2024-03-21 00:00:00-04:00,20.499023049910857,21.246820704822188,20.498088815423163,21.172040939331055,487300,0.0,0.0,0.0
2024-03-22 00:00:00-04:00,21.15334504102124,21.349643034997918,20.975744216578292,21.059871673583984,324400,0.0,0.0,0.0
2024-03-25 00:00:00-04:00,21.32159999132859,21.42442283515285,21.115956086570275,21.237472534179688,131900,0.0,0.0,0.0
2024-03-26 00:00:00-04:00,21.34964256560096,21.41507463452452,21.18138765528886,21.38703155517578,117200,0.0,0.0,0.0
2024-03-27 00:00:00-04:00,21.34029469362942,21.34029469362942,20.921527673138215,20.94770050048828,105500,0.0,0.0,0.0
2024-03-28 00:00:00-04:00,21.20475551118956,21.302905395218094,21.106607410051147,21.19073486328125,76400,0.0,0.0,0.0
2024-04-01 00:00:00-04:00,21.24681972421242,21.443117713873256,21.24681972421242,21.38703155517578,339400,0.0,0.0,0.0
2024-04-02 00:00:00-04:00,21.508554899237254,21.59268237440549,21.471164117877777,21.527250289916992,85600,0.0,0.0,0.0
2024-04-03 00:00:00-04:00,21.527247979936643,21.54594158571988,21.301972647067306,21.42442512512207,200300,0.0,0.0,0.0
2024-04-04 00:00:00-04:00,21.321599111406883,21.545938393582286,21.162691897004702,21.536592483520508,112600,0.0,0.0,0.0
2024-04-05 00:00:00-04:00,21.48050667442686,21.53659283304856,21.35899022986016,21.471158981323242,201800,0.0,0.0,0.0
2024-04-08 00:00:00-04:00,21.527246538340155,21.630067603378805,21.5225718000396,21.62071990966797,92300,0.0,0.0,0.0
2024-04-09 00:00:00-04:00,21.592678903856218,21.622590454401823,21.415076286725597,21.46181297302246,106000,0.0,0.0,0.0
2024-04-10 00:00:00-04:00,21.592678797954797,21.77962732511566,21.55528802278845,21.714195251464844,200400,0.0,0.0,0.0
2024-04-11 00:00:00-04:00,21.64876102708109,21.653435764957607,20.718687873346543,20.76074981689453,339700,0.0,0.0,0.0
2024-04-12 00:00:00-04:00,20.85422514281096,20.872920528698334,20.405546578854764,20.592496871948242,306800,0.0,0.0,0.0
2024-04-15 00:00:00-04:00,20.760752497783738,21.083241703083086,20.628019877504407,21.050525665283203,218400,0.0,0.0,0.0
2024-04-16 00:00:00-04:00,21.190736983298116,21.592678903856218,20.933681642884768,21.46181297302246,267600,0.0,0.0,0.0
2024-04-17 00:00:00-04:00,21.452463208284588,21.630064010620117,21.32159730096001,21.630064010620117,116700,0.0,0.0,0.0
2024-04-18 00:00:00-04:00,21.63941333458516,21.840384273916154,21.57398126743369,21.788972854614258,147400,0.0,0.0,0.0
2024-04-19 00:00:00-04:00,21.882450474732515,22.172221854693785,21.882450474732515,22.069400787353516,299800,0.0,0.0,0.0
2024-04-22 00:00:00-04:00,21.985273939747053,22.088095009962554,21.760934628062742,21.929187774658203,136500,0.0,0.0,0.0
2024-04-23 00:00:00-04:00,22.022659827520986,22.050702906110235,21.788972854614258,21.788972854614258,88000,0.0,0.0,0.0
2024-04-24 00:00:00-04:00,21.854405229080196,21.85627548083516,21.499201809738782,21.54593849182129,270000,0.0,0.0,0.0
2024-04-25 00:00:00-04:00,21.489855734673487,21.64128551996149,21.377686976074447,21.443119049072266,247000,0.0,0.0,0.0
2024-04-26 00:00:00-04:00,21.452466487351547,21.53191920850569,21.265516181392,21.517898559570312,119900,0.0,0.0,0.0
2024-04-29 00:00:00-04:00,21.013131872415588,21.04117495059985,20.66727615592681,21.0037841796875,595300,0.0,0.0,0.0
2024-04-30 00:00:00-04:00,21.04117857176462,21.42442512512207,20.82431669866553,21.42442512512207,191800,0.0,0.0,0.0
2024-05-01 00:00:00-04:00,21.471164117877777,21.527250289916992,21.09726521873594,21.527250289916992,198800,0.0,0.0,0.0
2024-05-02 00:00:00-04:00,21.15334504102124,21.32159995503262,21.013133206975155,21.059871673583984,723100,0.0,0.0,0.0
2024-05-03 00:00:00-04:00,19.377325108443483,19.89143756481467,19.367977414739613,19.807310104370117,834500,0.0,0.0,0.0
2024-05-06 00:00:00-04:00,19.92882278155985,20.118577540311037,19.73252659963442,19.984907150268555,322200,0.0,0.0,0.0
2024-05-07 00:00:00-04:00,19.769917939800685,20.01295261034601,19.64372675800464,19.919477462768555,204400,0.0,0.0,0.0
2024-05-08 00:00:00-04:00,19.872743385189953,20.00360753921696,19.844700302374,19.86339569091797,137500,0.0,0.0,0.0
2024-05-09 00:00:00-04:00,19.90078462038481,19.94752130451524,19.685791237870287,19.695138931274414,128900,0.0,0.0,0.0
2024-05-10 00:00:00-04:00,19.629706137968544,19.92695671545437,19.629706137968544,19.835350036621094,98300,0.0,0.0,0.0
2024-05-13 00:00:00-04:00,19.582969247761344,19.65774900855879,19.396018954322663,19.480146408081055,235100,0.0,0.0,0.0
2024-05-14 00:00:00-04:00,19.33059005460123,19.48482255650889,19.29319927662942,19.367979049682617,167500,0.0,0.0,0.0
2024-05-15 00:00:00-04:00,19.283850007161895,19.354891053193846,19.050163012595323,19.124942779541016,138700,0.0,0.0,0.0
2024-05-16 00:00:00-04:00,19.096901481242806,19.152985860729505,19.012774020567615,19.124942779541016,110300,0.0,0.0,0.0
2024-05-17 00:00:00-04:00,19.19037663564749,19.199724329376988,19.068858400054317,19.124942779541016,125700,0.0,0.0,0.0
2024-05-20 00:00:00-04:00,19.199722116706806,19.21935173640945,18.9379920711148,19.022119522094727,99100,0.0,0.0,0.0
2024-05-21 00:00:00-04:00,19.022122167599857,19.022122167599857,18.858540197770882,18.88191032409668,63000,0.0,0.0,0.0
2024-05-22 00:00:00-04:00,18.90995110990144,19.079140265198202,18.85853968600436,19.031469345092773,62500,0.0,0.0,0.0
2024-05-23 00:00:00-04:00,19.031469272967133,19.47080017779402,19.031469272967133,19.46145248413086,134500,0.0,0.0,0.0
2024-05-24 00:00:00-04:00,19.24645931982502,19.337129979835176,19.078204413295246,19.134288787841797,97100,0.0,0.0,0.0
2024-05-28 00:00:00-04:00,19.00342465293647,19.227763934012795,18.86321282512503,19.134288787841797,223000,0.0,0.0,0.0
2024-05-29 00:00:00-04:00,19.1716812481885,19.1716812481885,18.928646559892428,19.124942779541016,124400,0.0,0.0,0.0
2024-05-30 00:00:00-04:00,19.078205857022823,19.078205857022823,18.94734171221446,19.02679443359375,72100,0.0,0.0,0.0
2024-05-31 00:00:00-04:00,19.022121462859072,19.178224202008682,18.928646309689963,18.9379940032959,129600,0.0,0.0,0.0
2024-06-03 00:00:00-04:00,18.872561998142135,18.891255602530315,18.67720001488614,18.769739151000977,181100,0.0,0.0,0.0
2024-06-04 00:00:00-04:00,18.713652425375454,18.864146173447473,18.648220360996312,18.751041412353516,198000,0.0,0.0,0.0
2024-06-05 00:00:00-04:00,18.638873162215887,18.687480094597845,18.508007247101336,18.601482391357422,106800,0.0,0.0,0.0
2024-06-06 00:00:00-04:00,18.592135779769407,18.75104299937813,18.55474678962687,18.732349395751953,78100,0.0,0.0,0.0
2024-06-07 00:00:00-04:00,18.704307180583637,18.76039155983504,18.508009178868313,18.517356872558594,139800,0.0,0.0,0.0
2024-06-10 00:00:00-04:00,18.50800969756778,18.94734239887214,18.50800969756778,18.88191032409668,454800,0.0,0.0,0.0
2024-06-11 00:00:00-04:00,18.82582444580816,18.82582444580816,17.51717758178711,17.51717758178711,1922100,0.0,0.0,0.0
2024-06-12 00:00:00-04:00,17.479788949259078,17.507830249229716,16.41417497811515,17.012414932250977,2155900,0.0,0.0,0.0
2024-06-13 00:00:00-04:00,16.90024464402893,17.1245839617017,16.72264201562075,16.93763542175293,458100,0.0,0.0,0.0
2024-06-14 00:00:00-04:00,16.9656736439922,17.152623932912096,16.86285258968734,17.05914878845215,372100,0.0,0.0,0.0
2024-06-17 00:00:00-04:00,17.012412438342267,17.040453734202238,16.563732092791412,16.73198699951172,335100,0.0,0.0,0.0
2024-06-18 00:00:00-04:00,16.675904890274783,17.026435399263928,16.596450381134254,16.9189395904541,343600,0.0,0.0,0.0
2024-06-20 00:00:00-04:00,16.9563291793299,17.35920536358891,16.9563291793299,17.29283905029297,371500,0.0,0.0,0.0
2024-06-21 00:00:00-04:00,17.255447713955462,17.526525497436523,17.133931254978332,17.526525497436523,566200,0.0,0.0,0.0
2024-06-24 00:00:00-04:00,17.479784576986013,17.56391202163564,17.05447439920842,17.42369842529297,323400,0.0,0.0,0.0
2024-06-25 00:00:00-04:00,17.359407424926758,17.387771314619187,17.170306411106274,17.359407424926758,197300,0.212,0.0,0.0
2024-06-26 00:00:00-04:00,17.15139825246431,17.227038307470725,16.896114193943397,17.037939071655273,178500,0.0,0.0,0.0
2024-06-27 00:00:00-04:00,16.915021282465972,17.076703395358223,16.829926003070366,16.962297439575195,184900,0.0,0.0,0.0
2024-06-28 00:00:00-04:00,16.839379973386976,17.264856338500977,16.811016084646614,17.264856338500977,241400,0.0,0.0,0.0
2024-07-01 00:00:00-04:00,17.123031186212092,17.123031186212092,16.688099597963433,16.744829177856445,407500,0.0,0.0,0.0
2024-07-02 00:00:00-04:00,16.792110914455066,16.8677509805985,16.470640182495117,16.470640182495117,318200,0.0,0.0,0.0
2024-07-03 00:00:00-04:00,16.499002388255512,16.57464243837458,16.394996643066406,16.394996643066406,149500,0.0,0.0,0.0
2024-07-05 00:00:00-04:00,16.385541421015656,16.39026813516292,16.0451602935791,16.0451602935791,293300,0.0,0.0,0.0
2024-07-08 00:00:00-04:00,15.988431538236606,16.263572843662306,15.950612412888681,15.960065841674805,249500,0.0,0.0,0.0
2024-07-09 00:00:00-04:00,15.94115604801907,16.04515998788683,15.845660554134493,15.893879890441895,180500,0.0,0.0,0.0
2024-07-10 00:00:00-04:00,15.84660582789473,15.84660582789473,15.591319982482931,15.610230445861816,267100,0.0,0.0,0.0
2024-07-11 00:00:00-04:00,15.676415750874675,16.073526477152125,15.648050054925891,15.95061206817627,301400,0.0,0.0,0.0
2024-07-12 00:00:00-04:00,15.874970414456332,15.884423842084619,15.61968458687046,15.752054214477539,246800,0.0,0.0,0.0
2024-07-15 00:00:00-04:00,15.354945977506027,15.59604989870677,15.32658027989382,15.496770858764648,324600,0.0,0.0,0.0
2024-07-16 00:00:00-04:00,15.458949987803466,15.640485743196013,15.38330993943982,15.477860450744629,173000,0.0,0.0,0.0
2024-07-17 00:00:00-04:00,15.808781919405076,16.02152008378986,15.714233227145801,15.874968528747559,324400,0.0,0.0,0.0
2024-07-18 00:00:00-04:00,15.789875125675561,16.319355439071597,15.780419894654088,16.205894470214844,494300,0.0,0.0,0.0
2024-07-19 00:00:00-04:00,16.16807534952987,16.272079283964235,16.02625049100962,16.205894470214844,220100,0.0,0.0,0.0
2024-07-22 00:00:00-04:00,15.997885187984973,16.295718660519537,15.95911928087207,16.23426055908203,268700,0.0,0.0,0.0
2024-07-23 00:00:00-04:00,16.196438044898212,16.31935423571283,16.026249309263864,16.158618927001953,147300,0.0,0.0,0.0
2024-07-24 00:00:00-04:00,16.22480698838726,16.725923475625045,16.196441291728128,16.621917724609375,536700,0.0,0.0,0.0
2024-07-25 00:00:00-04:00,16.59354930455132,16.924475164323745,16.456452968369174,16.70701026916504,409700,0.0,0.0,0.0
2024-07-26 00:00:00-04:00,16.612461773013102,16.82992669444603,16.574642649173104,16.669191360473633,212000,0.0,0.0,0.0
2024-07-29 00:00:00-04:00,16.7353779831455,16.848837158066562,16.593551309392566,16.669191360473633,284000,0.0,0.0,0.0
2024-07-30 00:00:00-04:00,16.603006755984477,16.829926912163184,16.517911471992328,16.631372451782227,181400,0.0,0.0,0.0
2024-07-31 00:00:00-04:00,16.44227099811543,16.470636693185472,16.272080434497273,16.394996643066406,256700,0.0,0.0,0.0
2024-08-01 00:00:00-04:00,16.215351053987245,16.754286643364964,16.215351053987245,16.669191360473633,526200,0.0,0.0,0.0
2024-08-02 00:00:00-04:00,16.631369853379105,16.707009893621045,16.130253459650735,16.57464027404785,1049300,0.0,0.0,0.0
2024-08-05 00:00:00-04:00,18.134719800844387,18.352184721929543,17.056848623812694,17.368864059448242,2114800,0.0,0.0,0.0
2024-08-06 00:00:00-04:00,17.69033255762164,18.040168913202756,17.312132310642752,17.548507690429688,642100,0.0,0.0,0.0
2024-08-07 00:00:00-04:00,17.56741578290047,17.595781473871313,17.0001145872891,17.312129974365234,530200,0.0,0.0,0.0
2024-08-08 00:00:00-04:00,17.056849536257168,17.397228882085447,16.971754248949807,17.037939071655273,358000,0.0,0.0,0.0
2024-08-09 00:00:00-04:00,17.14193768373842,17.14193768373842,16.773192755800604,16.82046890258789,466800,0.0,0.0,0.0
2024-08-12 00:00:00-04:00,16.81102086031234,16.8393847571103,16.54627973532268,16.6881046295166,303800,0.0,0.0,0.0
2024-08-13 00:00:00-04:00,16.57464141945915,16.57464141945915,16.36662994186831,16.41390609741211,474200,0.0,0.0,0.0
2024-08-14 00:00:00-04:00,16.47063720032275,16.52736678880851,16.281536167502072,16.385541915893555,531900,0.0,0.0,0.0
2024-08-15 00:00:00-04:00,16.158618927001953,16.300443775064306,16.11228956079362,16.158618927001953,665900,0.0,0.0,0.0
2024-08-16 00:00:00-04:00,16.2342612089046,16.238987923019316,16.016796291606884,16.08298110961914,288500,0.0,0.0,0.0
2024-08-19 00:00:00-04:00,16.11134770347152,16.290991704270905,16.092437239155437,16.101892471313477,244900,0.0,0.0,0.0
2024-08-20 00:00:00-04:00,16.11134449505407,16.120797921928418,16.015847210295544,16.05461311340332,232500,0.0,0.0,0.0
2024-08-21 00:00:00-04:00,16.082981614373505,16.14443972019987,15.960065402720774,16.07352638244629,228900,0.0,0.0,0.0
2024-08-22 00:00:00-04:00,15.978974335902258,16.234260163279263,15.941155215217286,16.205894470214844,256800,0.0,0.0,0.0
2024-08-23 00:00:00-04:00,16.101889264778944,16.215348421278886,15.949662401770446,16.05461311340332,122600,0.0,0.0,0.0
2024-08-26 00:00:00-04:00,16.035706175533083,16.253172912831893,16.016797514229808,16.02625274658203,147700,0.0,0.0,0.0
2024-08-27 00:00:00-04:00,16.111345319482485,16.186985362153255,15.915625829913933,15.969518661499023,292400,0.0,0.0,0.0
2024-08-28 00:00:00-04:00,15.988431990539572,16.120801638103682,15.846607110520711,16.092437744140625,270800,0.0,0.0,0.0
2024-08-29 00:00:00-04:00,15.827692430916679,15.912787696948547,15.63859324237975,15.856058120727539,394000,0.0,0.0,0.0
2024-08-30 00:00:00-04:00,15.837149694394341,16.02625071061316,15.836204712299521,15.941155433654785,177800,0.0,0.0,0.0
2024-09-03 00:00:00-04:00,15.95061069906724,16.45645384462803,15.931700236724552,16.37608528137207,653800,0.0,0.0,0.0
2024-09-04 00:00:00-04:00,16.44227185694079,16.74956059101312,16.44227185694079,16.517911911010742,435100,0.0,0.0,0.0
2024-09-05 00:00:00-04:00,16.461181461495457,16.461181461495457,16.177531724399227,16.394996643066406,314100,0.0,0.0,0.0
2024-09-06 00:00:00-04:00,16.300446482907518,16.603006689942287,16.197387521034162,16.527366638183594,363000,0.0,0.0,0.0
2024-09-09 00:00:00-04:00,16.517911406288622,16.82236338106282,16.499002745899762,16.527366638183594,860800,0.0,0.0,0.0
2024-09-10 00:00:00-04:00,16.669192589078314,16.839383167404893,16.48198331359932,16.612462997436523,467200,0.0,0.0,0.0
2024-09-11 00:00:00-04:00,16.4895471565655,16.744831198591687,16.366630947996363,16.394996643066406,443600,0.0,0.0,0.0
2024-09-12 00:00:00-04:00,16.394995743714762,16.598278705396304,16.338266160087638,16.37608528137207,197200,0.0,0.0,0.0
2024-09-13 00:00:00-04:00,16.319356379761896,16.461181246457304,16.3099011481954,16.432815551757812,292200,0.0,0.0,0.0
2024-09-16 00:00:00-04:00,16.858292523900026,17.03793832292114,16.811018167873932,16.8772029876709,376100,0.0,0.0,0.0
2024-09-17 00:00:00-04:00,16.933932687710197,17.019027971841492,16.83938217163086,16.83938217163086,214200,0.0,0.0,0.0
2024-09-18 00:00:00-04:00,16.77319623396158,16.77319623396158,16.394995998241107,16.546276092529297,538700,0.0,0.0,0.0
2024-09-19 00:00:00-04:00,16.224805667832236,16.243716130732516,15.874971121182101,15.931700706481934,453600,0.0,0.0,0.0
2024-09-20 00:00:00-04:00,15.874969960711208,16.026250046052755,15.666958490815931,15.969518661499023,667000,0.0,0.0,0.0
2024-09-23 00:00:00-04:00,16.064071039177918,16.158621554393658,15.91279093619316,16.111347198486328,454800,0.0,0.0,0.0
2024-09-24 00:00:00-04:00,15.96542536849592,16.165709431104897,15.922507485014991,16.06079864501953,180200,0.147,0.0,0.0
2024-09-25 00:00:00-04:00,16.20385792053799,16.294461534245013,16.070336422634163,16.127559661865234,201800,0.0,0.0,0.0
2024-09-26 00:00:00-04:00,16.060797126810634,16.19431860986569,15.979729212745942,16.032184600830078,209900,0.0,0.0,0.0
2024-09-27 00:00:00-04:00,15.994036385283108,16.075102480254028,15.9225059798786,16.032184600830078,144700,0.0,0.0,0.0
2024-09-30 00:00:00-04:00,15.879589222684524,15.908201750687164,15.679306983947754,15.679306983947754,443400,0.0,0.0,0.0
2024-10-01 00:00:00-04:00,15.917738393908525,16.308767159865173,15.917738393908525,16.14663314819336,447100,0.0,0.0,0.0
2024-10-02 00:00:00-04:00,16.15616990268965,16.356452121177686,16.06842591714224,16.108482360839844,176300,0.0,0.0,0.0
2024-10-03 00:00:00-04:00,16.213393411819535,16.34691489310099,16.10848263704482,16.175243377685547,202400,0.0,0.0,0.0
2024-10-04 00:00:00-04:00,16.041721621343832,16.299228890051634,16.02264660460391,16.108482360839844,216300,0.0,0.0,0.0
2024-10-07 00:00:00-04:00,16.289695470034186,16.499515249552296,16.19432218149171,16.48044204711914,212200,0.0,0.0,0.0
2024-10-08 00:00:00-04:00,16.299228398745623,16.3564516281468,16.165706923778327,16.18478012084961,188600,0.0,0.0,0.0
2024-10-09 00:00:00-04:00,16.222930958224786,16.242005975336312,15.898662943703906,15.91773796081543,257800,0.0,0.0,0.0
2024-10-10 00:00:00-04:00,16.03218796805583,16.077967291602203,15.927278988947396,15.955889701843262,173500,0.0,0.0,0.0
2024-10-11 00:00:00-04:00,15.953980687629468,16.070335388183594,15.953980687629468,16.070335388183594,73100,0.0,0.0,0.0
2024-10-14 00:00:00-04:00,15.994038649668662,15.994038649668662,15.77944922216802,15.793754577636719,267800,0.0,0.0,0.0
2024-10-15 00:00:00-04:00,15.641155242919922,15.717453490189044,15.382694771125067,15.641155242919922,497300,0.0,0.0,0.0
2024-10-16 00:00:00-04:00,15.774680137634277,15.889126610582347,15.755605119111637,15.774680137634277,179200,0.0,0.0,0.0
2024-10-17 00:00:00-04:00,15.660230861379391,15.850977396430002,15.631618335393666,15.750834465026855,188800,0.0,0.0,0.0
2024-10-18 00:00:00-04:00,15.498096741846435,15.631618223973877,15.498096741846435,15.564857482910156,230600,0.0,0.0,0.0
2024-10-21 00:00:00-04:00,15.612547065072922,15.612547065072922,15.450413035986978,15.469486236572266,158400,0.0,0.0,0.0
2024-10-22 00:00:00-04:00,15.641157756667953,15.715549605690017,15.488561237605358,15.517173767089844,175700,0.0,0.0,0.0
2024-10-23 00:00:00-04:00,15.612543851372365,16.05125829912659,15.574393819866629,15.860511779785156,334400,0.0,0.0,0.0
2024-10-24 00:00:00-04:00,15.917740073772032,16.022649043623755,15.86051501484128,15.879590034484863,159500,0.0,0.0,0.0
2024-10-25 00:00:00-04:00,15.917738452514858,15.917738452514858,15.707916895994215,15.841440200805664,272400,0.0,0.0,0.0
2024-10-28 00:00:00-04:00,15.684074162754936,15.7460670612467,15.595376966899423,15.698379516601562,264700,0.0,0.0,0.0
2024-10-29 00:00:00-04:00,15.698380183522277,15.746067730193344,15.636389101490746,15.679306983947754,96500,0.0,0.0,0.0
2024-10-30 00:00:00-04:00,15.746067016569175,15.946349246228996,15.717454489863277,15.898663520812988,231200,0.0,0.0,0.0
2024-10-31 00:00:00-04:00,15.965427000915435,16.25154685974121,15.946351979841557,16.25154685974121,821200,0.0,0.0,0.0
2024-11-01 00:00:00-04:00,16.594884709290376,16.623497234979837,16.270616694518218,16.432750701904297,466200,0.0,0.0,0.0
2024-11-04 00:00:00-05:00,16.575811115845024,16.671184390574314,16.452780337272745,16.509050369262695,241700,0.0,0.0,0.0
2024-11-05 00:00:00-05:00,16.480437576393154,16.509048281828616,16.375526805546652,16.394601821899414,259900,0.0,0.0,0.0
2024-11-06 00:00:00-05:00,16.451826095581055,16.55673687308318,16.222931342107703,16.451826095581055,507100,0.0,0.0,0.0
2024-11-07 00:00:00-05:00,16.308769972509367,16.308769972509367,16.079875178748864,16.089412689208984,396700,0.0,0.0,0.0
2024-11-08 00:00:00-05:00,16.108485408526736,16.16571046957335,16.02264963605088,16.118022918701172,123600,0.0,0.0,0.0
2024-11-11 00:00:00-05:00,16.270616806908308,16.528124082610905,16.265848962140677,16.337377548217773,188200,0.0,0.0,0.0
2024-11-12 00:00:00-05:00,16.299228569563383,16.394601832293972,16.242005339562503,16.346914291381836,116200,0.0,0.0,0.0
2024-11-13 00:00:00-05:00,16.365992486848633,16.444198977679974,16.16571023339378,16.26108169555664,161800,0.0,0.0,0.0
2024-11-14 00:00:00-05:00,16.261080508859614,16.280155527537747,16.013112542419478,16.041723251342773,199800,0.0,0.0,0.0
2024-11-15 00:00:00-05:00,16.2038580632479,16.337379562327666,16.16380161352397,16.28969383239746,247600,0.0,0.0,0.0
2024-11-18 00:00:00-05:00,16.261079338465805,16.261079338465805,15.946348829304977,16.079872131347656,370100,0.0,0.0,0.0
2024-11-19 00:00:00-05:00,16.11802188329612,16.137096902419632,15.927277149342844,16.06079864501953,200400,0.0,0.0,0.0
2024-11-20 00:00:00-05:00,15.994036862393196,16.2238848249507,15.955886826614417,16.00357437133789,146700,0.0,0.0,0.0
2024-11-21 00:00:00-05:00,16.03218497673921,16.240098304581178,15.936811706994892,16.051259994506836,182300,0.0,0.0,0.0
2024-11-22 00:00:00-05:00,16.036958006729606,16.036958006729606,15.911065773589822,15.97496509552002,78500,0.0,0.0,0.0
2024-11-25 00:00:00-05:00,15.831904143449767,15.96542564140887,15.73748407054013,15.765143394470215,279800,0.0,0.0,0.0
2024-11-26 00:00:00-05:00,15.698380011334724,15.6993350356234,15.583933538767274,15.622081756591797,200800,0.0,0.0,0.0
2024-11-27 00:00:00-05:00,15.631621360778809,15.698382115239442,15.591564908102429,15.631621360778809,130500,0.0,0.0,0.0
2024-11-29 00:00:00-05:00,15.669769718557987,15.669769718557987,15.459948148126632,15.488560676574707,233000,0.0,0.0,0.0
2024-12-02 00:00:00-05:00,15.469485697797557,15.469485697797557,15.257758625922943,15.33596420288086,264800,0.0,0.0,0.0
2024-12-03 00:00:00-05:00,15.316888511370133,15.373158541627882,15.135680386419093,15.145217895507812,188800,0.0,0.0,0.0
2024-12-04 00:00:00-05:00,15.116605902526006,15.221515771256803,15.049844250109219,15.126142501831055,162600,0.0,0.0,0.0
2024-12-05 00:00:00-05:00,15.059383329491174,15.173830719009546,15.03077170949833,15.107069969177246,112100,0.0,0.0,0.0
2024-12-06 00:00:00-05:00,15.126144016599314,15.183368165894708,15.036493607325696,15.154756546020508,206000,0.0,0.0,0.0
2024-12-09 00:00:00-05:00,15.202442258909533,15.202442258909533,14.868637601959653,14.897249221801758,352400,0.0,0.0,0.0
2024-12-10 00:00:00-05:00,14.868636709732272,14.992621601004052,14.825718827771004,14.84956169128418,284400,0.0,0.0,0.0
2024-12-11 00:00:00-05:00,14.840025734078033,14.944935611443595,14.668354198800767,14.93539810180664,394200,0.0,0.0,0.0
2024-12-12 00:00:00-05:00,14.88770971794662,14.973545475523098,14.790430041603697,14.8400239944458,215600,0.0,0.0,0.0
2024-12-13 00:00:00-05:00,14.830486485926887,14.94493385951323,14.768493590100821,14.8400239944458,209100,0.0,0.0,0.0
2024-12-16 00:00:00-05:00,14.778986591306756,14.811412849928915,14.639742228315995,14.65881633758545,175800,0.0,0.0,0.0
2024-12-17 00:00:00-05:00,14.687426401130022,14.725575525176586,14.510987043494739,14.52529239654541,197800,0.0,0.0,0.0
2024-12-18 00:00:00-05:00,14.6111300313292,14.859099824282348,14.482377289587394,14.830488204956055,788600,0.0,0.0,0.0
2024-12-19 00:00:00-05:00,14.868635723809758,14.882941077150315,14.611128449117171,14.744650840759277,994800,0.0,0.0,0.0
2024-12-20 00:00:00-05:00,14.859099781903067,14.954473058781337,14.43945936464203,14.468070983886719,829300,0.0,0.0,0.0
2024-12-23 00:00:00-05:00,14.459393841801113,14.531690627149418,14.406375770204054,14.420835494995117,727000,0.161,0.0,0.0
2024-12-24 00:00:00-05:00,14.430474682996513,14.430474682996513,14.272384824465153,14.276241302490234,179400,0.0,0.0,0.0
2024-12-26 00:00:00-05:00,14.266601902464492,14.30034034052128,14.170205577184964,14.228043556213379,508300,0.0,0.0,0.0
2024-12-27 00:00:00-05:00,14.295520638049753,14.550970260204167,14.256962291243758,14.420835494995117,901400,0.0,0.0,0.0
2024-12-30 00:00:00-05:00,14.603988570159647,14.690745087176225,14.541331596371881,14.613628387451172,926600,0.0,0.0,0.0
2024-12-31 00:00:00-05:00,14.603987734472978,14.777500758577169,14.555790489380502,14.710023880004883,642400,0.0,0.0,0.0
2025-01-02 00:00:00-05:00,14.825699165740957,15.229597933000077,14.816059348843202,15.114887237548828,1178600,0.0,0.0,0.0
2025-01-03 00:00:00-05:00,15.17272403472872,15.24020183252826,15.105247156232702,15.143805503845215,949800,0.0,0.0,0.0
2025-01-06 00:00:00-05:00,15.095607221582203,15.105247038235909,14.911490952292585,15.047409057617188,556000,0.0,0.0,0.0
2025-01-07 00:00:00-05:00,15.172725178327427,15.275869202634246,15.018491776252493,15.230563163757324,1022300,0.0,0.0,0.0
2025-01-08 00:00:00-05:00,15.249840233581516,15.355876375542163,15.138985102716742,15.201642990112305,701400,0.0,0.0,0.0
2025-01-10 00:00:00-05:00,15.375155648888319,15.808937291029936,15.375155648888319,15.567947387695312,856000,0.0,0.0,0.0
2025-01-13 00:00:00-05:00,15.828217314597762,16.040287772859486,15.722181166163352,15.741460800170898,803400,0.0,0.0,0.0
2025-01-14 00:00:00-05:00,15.712541616182046,15.870632411402042,15.625785100280822,15.818577766418457,773600,0.0,0.0,0.0
2025-01-15 00:00:00-05:00,15.712541576441629,15.722181393584842,15.466732674414619,15.500471115112305,727200,0.0,0.0,0.0
2025-01-16 00:00:00-05:00,15.51011276720031,16.15114505490164,15.500472948916643,16.146326065063477,1220600,0.0,0.0,0.0
2025-01-17 00:00:00-05:00,15.886051958946581,16.128970530072515,15.876412143410722,16.021007537841797,849700,0.0,0.0,0.0
2025-01-21 00:00:00-05:00,16.464429176825465,16.763256124990615,16.42587175058171,16.541545867919922,989000,0.0,0.0,0.0
2025-01-22 00:00:00-05:00,16.753617077228107,16.753617077228107,16.440331309677713,16.454790115356445,908700,0.0,0.0,0.0
2025-01-23 00:00:00-05:00,16.387314904925365,16.569502494001807,16.218622692817547,16.48371124267578,693800,0.0,0.0,0.0
2025-01-24 00:00:00-05:00,16.396952226431527,16.63794211481775,16.34875314559012,16.551185607910156,647500,0.0,0.0,0.0
2025-01-27 00:00:00-05:00,16.435510609663943,16.435510609663943,15.855207615950617,16.011369705200195,1464000,0.0,0.0,0.0
2025-01-28 00:00:00-05:00,15.953531053223902,15.953531053223902,15.31249885887883,15.442633628845215,1302600,0.0,0.0,0.0
2025-01-29 00:00:00-05:00,15.693262884749625,15.712540679328256,15.344309062378157,15.384795188903809,896800,0.0,0.0,0.0
2025-01-30 00:00:00-05:00,15.423354416573721,15.519750749398732,15.28839973447942,15.500471115112305,2295000,0.0,0.0,0.0
2025-01-31 00:00:00-05:00,14.873896835302396,15.755918908075072,14.864257018725858,15.60650634765625,2633500,0.0,0.0,0.0
2025-02-03 00:00:00-05:00,16.0017326233933,16.271640183527246,15.878345522214625,16.127046585083008,1405800,0.0,0.0,0.0
2025-02-04 00:00:00-05:00,16.17524177461314,16.223439016264283,15.780018509531672,15.80893611907959,962500,0.0,0.0,0.0
2025-02-05 00:00:00-05:00,16.088486083487346,16.098125900027124,15.808936919654819,15.828216552734375,738800,0.0,0.0,0.0
2025-02-06 00:00:00-05:00,15.91497351833593,15.963170763806804,15.74146049286949,15.780019760131836,1074400,0.0,0.0,0.0
2025-02-07 00:00:00-05:00,15.828215527730945,16.180060534916517,15.74145902309813,16.16560173034668,1055400,0.0,0.0,0.0
2025-02-10 00:00:00-05:00,16.011370318435997,16.18488334900174,15.934253620252013,16.155963897705078,602500,0.0,0.0,0.0
2025-02-11 00:00:00-05:00,16.10776605668007,16.10776605668007,15.616148216904731,15.799299240112305,1030800,0.0,0.0,0.0
2025-02-12 00:00:00-05:00,15.905334162972686,15.924613797163207,15.500471038007278,15.510110855102539,953600,0.0,0.0,0.0
2025-02-13 00:00:00-05:00,15.500470725086991,15.596867055486463,15.163084487992384,15.220922470092773,990900,0.0,0.0,0.0
2025-02-14 00:00:00-05:00,15.249841769038186,15.259481586424027,14.989573134745573,15.028131484985352,531800,0.0,0.0,0.0
2025-02-18 00:00:00-05:00,15.076328507578305,15.201643366165941,14.98957199630198,15.047409057617188,799600,0.0,0.0,0.0
2025-02-19 00:00:00-05:00,15.028130685076043,15.124526095892815,14.951013988701211,15.008851051330566,854500,0.0,0.0,0.0
2025-02-20 00:00:00-05:00,15.018491211204879,15.058013909703625,14.91245598109367,14.970293045043945,748300,0.0,0.0,0.0
2025-02-21 00:00:00-05:00,14.970292967990899,15.008851316860472,14.806419755469326,14.97993278503418,1033500,0.0,0.0,0.0
2025-02-24 00:00:00-05:00,15.047408508741427,15.057048325043507,14.787139903709635,14.89317512512207,1021900,0.0,0.0,0.0
2025-02-25 00:00:00-05:00,14.844976962915153,15.037769611742828,14.729301925200636,14.89317512512207,1102800,0.0,0.0,0.0
2025-02-26 00:00:00-05:00,15.066688327940573,15.379975007210255,15.037769797979669,15.30767822265625,1040000,0.0,0.0,0.0
2025-02-27 00:00:00-05:00,15.36551635658429,15.514929844346613,15.182364428292109,15.510110855102539,1107300,0.0,0.0,0.0
2025-02-28 00:00:00-05:00,15.53902999268961,15.683623568985277,15.206462744741792,15.220922470092773,1127600,0.0,0.0,0.0
2025-03-03 00:00:00-05:00,15.240201919313556,15.572768243929985,15.085967608681692,15.461913108825684,1385000,0.0,0.0,0.0
2025-03-04 00:00:00-05:00,15.471550830162673,15.681694419906275,15.346236891266354,15.596866607666016,1616600,0.0,0.0,0.0
2025-03-05 00:00:00-05:00,15.606506271117222,16.045107810860145,15.572767832568305,15.616146087646484,1353000,0.0,0.0,0.0
2025-03-06 00:00:00-05:00,15.702903255541111,15.78001995239835,15.490830960228397,15.645064353942871,1277400,0.0,0.0,0.0
2025-03-07 00:00:00-05:00,15.67398403108584,15.683623848158087,15.259481090014805,15.404074668884277,1176500,0.0,0.0,0.0
2025-03-10 00:00:00-04:00,15.64506462310674,16.372855185912254,15.606507193318304,16.155963897705078,1875600,0.0,0.0,0.0
2025-03-11 00:00:00-04:00,16.43069172651419,16.874112267295573,16.290917140943385,16.6475830078125,1814500,0.0,0.0,0.0
2025-03-12 00:00:00-04:00,16.65722403989232,17.0813649780348,16.58010733853849,16.936771392822266,1571400,0.0,0.0,0.0
2025-03-13 00:00:00-04:00,16.99460918339707,17.592265023313267,16.946411932474735,17.495868682861328,1502200,0.0,0.0,0.0
2025-03-14 00:00:00-04:00,17.360913696355194,17.515147094858825,17.148843233064486,17.206680297851562,1667000,0.0,0.0,0.0
2025-03-17 00:00:00-04:00,17.225960320045818,17.48140904732837,17.057266272593022,17.15848159790039,1513400,0.0,0.0,0.0
2025-03-18 00:00:00-04:00,17.14884278090808,17.351273421629013,17.076545072875124,17.2548770904541,1162800,0.0,0.0,0.0
2025-03-19 00:00:00-04:00,17.139200962071364,17.17775838687357,16.78253512996488,17.052444458007812,1030700,0.0,0.0,0.0
2025-03-20 00:00:00-04:00,17.187397373503487,17.303073319542957,16.898210266315,17.148839950561523,1156600,0.0,0.0,0.0
2025-03-21 00:00:00-04:00,17.39947042267354,17.39947042267354,16.79699565958087,16.850013732910156,1546800,0.0,0.0,0.0
2025-03-24 00:00:00-04:00,16.618665306110827,16.801818167213277,16.618665306110827,16.6668643951416,1824300,0.0,0.0,0.0
2025-03-25 00:00:00-04:00,16.626095736273594,16.694038141202835,16.402861959515537,16.43198013305664,1674900,0.118,0.0,0.0
2025-03-26 00:00:00-04:00,16.451393869022308,16.67462766776631,16.33492301462811,16.596981048583984,1225300,0.0,0.0,0.0
2025-03-27 00:00:00-04:00,16.596980897594104,16.664921457355373,16.334922866022282,16.42227554321289,1579100,0.0,0.0,0.0
2025-03-28 00:00:00-04:00,16.596979768577405,16.888154105244563,16.44168654218942,16.868741989135742,1309900,0.0,0.0,0.0
2025-03-31 00:00:00-04:00,16.93182995356905,16.99491840348638,16.39315578012075,16.558155059814453,2314500,0.0,0.0,0.0
2025-04-01 00:00:00-04:00,16.723154254270764,16.781390600624345,16.45333214371932,16.470802307128906,889800,0.0,0.0,0.0
2025-04-02 00:00:00-04:00,16.61639301502344,16.61639301502344,16.325216807307616,16.42227554321289,2184600,0.0,0.0,0.0
2025-04-03 00:00:00-04:00,17.810210020854996,18.077120149457777,17.640356774477688,17.95579719543457,3307500,0.0,0.0,0.0
2025-04-04 00:00:00-04:00,18.80020456244773,19.348582946516572,18.256676430440717,19.256378173828125,4693300,0.0,0.0,0.0
2025-04-07 00:00:00-04:00,20.430783426194097,20.663725112293793,18.664321623419923,19.984315872192383,9505700,0.0,0.0,0.0
2025-04-08 00:00:00-04:00,19.411672213562944,21.31401520189628,19.02343913953995,20.945194244384766,3297200,0.0,0.0,0.0
2025-04-09 00:00:00-04:00,20.9937219288675,21.03157611007493,17.56562113919622,17.76167869567871,13490700,0.0,0.0,0.0
2025-04-10 00:00:00-04:00,18.644909024668845,19.17873108555909,18.140206987838205,18.518733978271484,3280200,0.0,0.0,0.0
2025-04-11 00:00:00-04:00,18.906969011797614,18.906969011797614,17.647151111337855,17.79079818725586,2920700,0.0,0.0,0.0
2025-04-14 00:00:00-04:00,16.567861641578165,17.499622853799835,16.45139264707626,17.38315200805664,3453200,0.0,0.0,0.0
2025-04-15 00:00:00-04:00,17.412270414140057,17.616092082852834,17.305505625057375,17.43168067932129,1299200,0.0,0.0,0.0
2025-04-16 00:00:00-04:00,17.751974382892314,18.25958843479908,17.562709031710366,18.101383209228516,1945400,0.0,0.0,0.0
2025-04-17 00:00:00-04:00,17.849032325891784,18.091678232883208,17.70829910678019,17.868444442749023,1038700,0.0,0.0,0.0
2025-04-21 00:00:00-04:00,18.217852079189086,18.518732434939423,18.169321795202872,18.227558135986328,1017100,0.0,0.0,0.0
2025-04-22 00:00:00-04:00,17.92667676156392,17.946088876059964,17.431678949361633,17.60638427734375,1162700,0.0,0.0,0.0
2025-04-23 00:00:00-04:00,17.06286079185867,17.334624885066354,16.85903911038398,17.198741912841797,1815100,0.0,0.0,0.0
2025-04-24 00:00:00-04:00,17.121093944826544,17.30550534537776,16.8396256662138,16.868741989135742,1159500,0.0,0.0,0.0
2025-04-25 00:00:00-04:00,17.033740147671306,17.033740147671306,16.781390059901785,16.800800323486328,1059800,0.0,0.0,0.0
2025-04-28 00:00:00-04:00,16.771685236759367,16.93668452243825,16.635802274220623,16.74256706237793,879000,0.0,0.0,0.0
2025-04-29 00:00:00-04:00,16.829918169877722,16.868740547536323,16.577566235752872,16.664918899536133,960400,0.0,0.0,0.0
2025-04-30 00:00:00-04:00,16.810508499419733,17.00947807335517,16.485363865698503,16.548450469970703,1239300,0.0,0.0,0.0
2025-05-01 00:00:00-04:00,16.820215663535915,16.820215663535915,16.40286437096325,16.529041290283203,2664800,0.0,0.0,0.0
2025-05-02 00:00:00-04:00,17.053155095413356,17.36374157925546,16.994920592503327,17.121095657348633,2192000,0.0,0.0,0.0
2025-05-05 00:00:00-04:00,17.324918985846192,17.713152085975448,17.23756630691193,17.674327850341797,786900,0.0,0.0,0.0
2025-05-06 00:00:00-04:00,17.751002353882377,17.810208750960467,17.51903257132125,17.713150024414062,837200,0.0,0.0,0.0
2025-05-07 00:00:00-04:00,17.640356547756245,18.169324694548553,17.620946282305436,17.907268524169922,932600,0.0,0.0,0.0
2025-05-08 00:00:00-04:00,17.766534404043075,18.043150602337406,17.56756482542362,17.800504684448242,759900,0.0,0.0,0.0
2025-05-09 00:00:00-04:00,17.68403185107777,17.79079663540294,17.533592583610012,17.713150024414062,706500,0.0,0.0,0.0
2025-05-12 00:00:00-04:00,16.55815637575227,16.946389461403168,16.55815637575227,16.5872745513916,1886700,0.0,0.0,0.0
2025-05-13 00:00:00-04:00,16.630949690817733,16.728008418046834,16.393155901668504,16.43198013305664,1305400,0.0,0.0,0.0
2025-05-14 00:00:00-04:00,16.485362758934134,16.606685706877442,16.354333753006408,16.48050880432129,679100,0.0,0.0,0.0
2025-05-15 00:00:00-04:00,16.577568645878838,16.694039498269984,16.451393586093044,16.548450469970703,355600,0.0,0.0,0.0
2025-05-16 00:00:00-04:00,16.509627060053145,16.684332402155498,16.490214943988157,16.567861557006836,501300,0.0,0.0,0.0
2025-05-19 00:00:00-04:00,16.83962519986451,17.111387412896782,16.713448299892757,16.771684646606445,559000,0.0,0.0,0.0
2025-05-20 00:00:00-04:00,16.84933098735715,17.07256475912152,16.8105067568375,16.936683654785156,419700,0.0,0.0,0.0
2025-05-21 00:00:00-04:00,17.043446719849097,17.43653372635685,16.926977729859463,17.32491683959961,1703900,0.0,0.0,0.0
2025-05-22 00:00:00-04:00,17.451093444059307,17.528740061392774,17.281242047155274,17.402565002441406,759200,0.0,0.0,0.0
2025-05-23 00:00:00-04:00,18.081969445676975,18.086823399779444,17.7228545942194,17.936382293701172,2833400,0.0,0.0,0.0
2025-05-27 00:00:00-04:00,17.654917049090088,17.732563666764424,17.43168140344016,17.489917755126953,746900,0.0,0.0,0.0
2025-05-28 00:00:00-04:00,17.431680089900567,17.49962249508212,17.266682659611966,17.460798263549805,559500,0.0,0.0,0.0
2025-05-29 00:00:00-04:00,17.169623784741724,17.625797393885907,17.169623784741724,17.499622344970703,669700,0.0,0.0,0.0
2025-05-30 00:00:00-04:00,17.56756452685964,17.790798323225825,17.349182834222546,17.451093673706055,742600,0.0,0.0,0.0
2025-06-02 00:00:00-04:00,17.441386064480064,17.504474514798133,17.335593181169912,17.373445510864258,245600,0.0,0.0,0.0
2025-06-03 00:00:00-04:00,17.315211138205346,17.431680130591673,17.198740294577764,17.247270584106445,276600,0.0,0.0,0.0
2025-06-04 00:00:00-04:00,17.276390075683594,17.324920374114452,16.994921749751008,17.276390075683594,770200,0.0,0.0,0.0
2025-06-05 00:00:00-04:00,17.23756448596273,17.5093285529652,17.121093642607025,17.460798263549805,784500,0.0,0.0,0.0
2025-06-06 00:00:00-04:00,17.27638853215236,17.345300994394826,17.043448674220674,17.198741912841797,584600,0.0,0.0,0.0
2025-06-09 00:00:00-04:00,17.169625150440996,17.52388795772754,17.024037974345916,17.402565002441406,3202200,0.0,0.0,0.0
2025-06-10 00:00:00-04:00,17.489918642373656,17.489918642373656,17.169626096813715,17.295801162719727,1218900,0.0,0.0,0.0
2025-06-11 00:00:00-04:00,17.276387028832506,17.669474046210727,17.15021197764761,17.6355037689209,630800,0.0,0.0,0.0
2025-06-12 00:00:00-04:00,17.61609033459177,17.771383548077846,17.557855842344775,17.60638427734375,587200,0.0,0.0,0.0
2025-06-13 00:00:00-04:00,17.57726966300737,17.92667850164642,17.528739372056595,17.85873794555664,2159600,0.0,0.0,0.0
2025-06-16 00:00:00-04:00,17.80050136625863,17.839323743238474,17.66462026996754,17.684030532836914,1335600,0.0,0.0,0.0
2025-06-17 00:00:00-04:00,17.78109330056681,17.96550472412106,17.69859457367556,17.94609260559082,991100,0.0,0.0,0.0
2025-06-18 00:00:00-04:00,17.92667746950819,17.984913815296135,17.77138424988941,17.878149032592773,1021400,0.0,0.0,0.0
2025-06-20 00:00:00-04:00,17.713150660196938,17.839325713367238,17.41227026322061,17.470504760742188,1243500,0.0,0.0,0.0
2025-06-23 00:00:00-04:00,17.431682204645277,17.635505742434532,17.3540355834021,17.421977996826172,1260300,0.0,0.0,0.0
2025-06-24 00:00:00-04:00,17.335006416446817,17.58907099897754,17.266604771881816,17.530441284179688,1462700,0.121,0.0,0.0
2025-06-25 00:00:00-04:00,17.422953235436264,17.501126815668076,17.247062213963392,17.41318130493164,1046000,0.0,0.0,0.0
2025-06-26 00:00:00-04:00,17.432724157691425,17.606660037481443,17.33500672210201,17.462039947509766,941900,0.0,0.0,0.0
2025-06-27 00:00:00-04:00,17.432724272429947,17.53044170866252,17.295920979987393,17.49135398864746,781900,0.0,0.0,0.0
2025-06-30 00:00:00-04:00,17.403406772513975,17.637927478147173,16.94902232291063,17.139572143554688,1942500,0.0,0.0,0.0
2025-07-01 00:00:00-04:00,16.992994609441755,17.03208232455309,16.714501162590427,16.924592971801758,957600,0.0,0.0,0.0
2025-07-02 00:00:00-04:00,16.807335509197813,16.875737154794663,16.467278685108393,16.543498992919922,1731800,0.0,0.0,0.0
2025-07-03 00:00:00-04:00,16.563043163325045,16.59235708981333,16.38422038376511,16.47509765625,664900,0.0,0.0,0.0
2025-07-07 00:00:00-04:00,16.514182863881736,16.827855657137746,16.26989021245211,16.73893165588379,721800,0.0,0.0,0.0
2025-07-08 00:00:00-04:00,16.729161007986974,16.864009160213985,16.636328610838035,16.748703002929688,387200,0.0,0.0,0.0
2025-07-09 00:00:00-04:00,16.778019684243368,16.963682624620215,16.65098832323082,16.670530319213867,519800,0.0,0.0,0.0
2025-07-10 00:00:00-04:00,16.748704679634766,16.748704679634766,16.479983118270102,16.56304359436035,648600,0.0,0.0,0.0
2025-07-11 00:00:00-04:00,16.738931379770357,16.768247168428147,16.607014990322774,16.680301666259766,482600,0.0,0.0,0.0
2025-07-14 00:00:00-04:00,16.758476841878302,16.95391172401424,16.69984712275959,16.8757381439209,841800,0.0,0.0,0.0
2025-07-15 00:00:00-04:00,16.83664894104004,16.846420870667824,16.611900151015963,16.83664894104004,804700,0.0,0.0,0.0
2025-07-16 00:00:00-04:00,16.758474349975586,16.875735634582004,16.582583354968403,16.758474349975586,1008100,0.0,0.0,0.0
2025-07-17 00:00:00-04:00,16.709617889335266,16.787791463983414,16.63437608000962,16.768247604370117,720900,0.0,0.0,0.0
2025-07-18 00:00:00-04:00,16.719390711639146,16.797564290460272,16.641217132818017,16.690074920654297,649100,0.0,0.0,0.0
2025-07-21 00:00:00-04:00,16.602128240381447,16.64903275712648,16.318749736071467,16.582584381103516,674700,0.0,0.0,0.0
2025-07-22 00:00:00-04:00,16.543499143996556,16.607015757118695,16.421352814656718,16.445781707763672,2187400,0.0,0.0,0.0
2025-07-23 00:00:00-04:00,16.396924829888786,16.59235784937587,16.396924829888786,16.46239471435547,919200,0.0,0.0,0.0
2025-07-24 00:00:00-04:00,16.465326422613572,16.507344046386788,16.357837050796284,16.494640350341797,980000,0.0,0.0,0.0
2025-07-25 00:00:00-04:00,16.41646677005791,16.528843039033347,16.39496964121652,16.494640350341797,1037000,0.0,0.0,0.0
2025-07-28 00:00:00-04:00,16.50441228085293,16.558156966761572,16.42135366721606,16.494640350341797,834100,0.0,0.0,0.0
2025-07-29 00:00:00-04:00,16.475096656355444,16.729161232063277,16.426237008831833,16.713525772094727,1377600,0.0,0.0,0.0
2025-07-30 00:00:00-04:00,16.65099047114286,16.98322681137248,16.631446608833677,16.888442993164062,1508000,0.0,0.0,0.0
2025-07-31 00:00:00-04:00,16.944139170171134,17.032084677516373,16.817105942314633,17.012540817260742,1824800,0.0,0.0,0.0
2025-08-01 00:00:00-04:00,16.729161824032396,17.49135371432143,16.523955024781856,17.432723999023438,1574900,0.0,0.0,0.0
2025-08-04 00:00:00-04:00,17.276377736293828,17.50112654298283,16.973455350591035,17.354551315307617,1398400,0.0,0.0,0.0
2025-08-05 00:00:00-04:00,17.354552167529814,17.452269612046905,17.198205001824565,17.403409957885742,569200,0.0,0.0,0.0
2025-08-06 00:00:00-04:00,17.14934555304207,17.14934555304207,16.330477123068754,16.514184951782227,2032700,0.0,0.0,0.0
2025-08-07 00:00:00-04:00,16.06468576038659,16.255233735992352,15.933744134871281,15.986512184143066,1825400,0.0,0.0,0.0
2025-08-08 00:00:00-04:00,15.937652829606963,16.055890761926072,15.204775771711583,15.331807136535645,4532100,0.0,0.0,0.0
2025-08-11 00:00:00-04:00,15.429523257078035,15.620071219945814,15.292719041845862,15.449067115783691,1635200,0.0,0.0,0.0
2025-08-12 00:00:00-04:00,15.409981135560177,15.458838921072548,15.224318195764077,15.292719841003418,1284100,0.0,0.0,0.0
2025-08-13 00:00:00-04:00,15.195003149516566,15.243861866325158,14.950710497376114,15.058198928833008,1918100,0.0,0.0,0.0
2025-08-14 00:00:00-04:00,15.009341297532908,15.20477617890156,14.940939648195428,15.087514877319336,735700,0.0,0.0,0.0
2025-08-15 00:00:00-04:00,15.048427566028195,15.322036017703288,15.028884637710002,15.175459861755371,670300,0.0,0.0,0.0
2025-08-18 00:00:00-04:00,15.17545883531459,15.27317626600377,15.087513334074826,15.22431755065918,885300,0.0,0.0,0.0
2025-08-19 00:00:00-04:00,15.195003782056558,15.322036078286015,15.097286344371577,15.253633499145508,757200,0.0,0.0,0.0
2025-08-20 00:00:00-04:00,15.292719816314667,15.566328260635357,15.263404958674064,15.546784400939941,908100,0.0,0.0,0.0
2025-08-21 00:00:00-04:00,15.556557342427338,15.708019469208795,15.522356517638809,15.624958992004395,564400,0.0,0.0,0.0
2025-08-22 00:00:00-04:00,15.546785160279304,15.59564388000169,15.351351213292329,15.43929672241211,1184000,0.0,0.0,0.0
2025-08-25 00:00:00-04:00,15.537012780719618,15.546784710762065,15.331806909340942,15.47838306427002,638800,0.0,0.0,0.0
2025-08-26 00:00:00-04:00,15.517470082483218,15.639615482213651,15.331807136535645,15.331807136535645,652500,0.0,0.0,0.0
2025-08-27 00:00:00-04:00,15.400209900010498,15.400209900010498,15.234090812451937,15.249725341796875,448500,0.0,0.0,0.0
2025-08-28 00:00:00-04:00,15.263404971443146,15.331806616629281,15.0679710338381,15.118783950805664,461200,0.0,0.0,0.0
2025-08-29 00:00:00-04:00,15.126601746383415,15.219433222329133,15.087514956285624,15.165689468383789,841900,0.0,0.0,0.0
2025-09-02 00:00:00-04:00,15.3611229270974,15.497926222108713,15.263405489029987,15.331807136535645,810700,0.0,0.0,0.0
2025-09-03 00:00:00-04:00,14.83345025475031,15.019112261824064,14.735732820352007,14.755276679992676,1654500,0.0,0.0,0.0
2025-09-04 00:00:00-04:00,14.72596141275277,14.852993709214454,14.666354129778933,14.66733169555664,1741700,0.0,0.0,0.0
2025-09-05 00:00:00-04:00,14.66733087972683,14.75527638253185,14.589157306545143,14.696645736694336,879900,0.0,0.0,0.0
2025-09-08 00:00:00-04:00,14.706418099321324,14.887194143163155,14.667331311579643,14.784591674804688,1370500,0.0,0.0,0.0
2025-09-09 00:00:00-04:00,14.872537364106933,15.077743235263886,14.745505069400004,15.019112586975098,2462800,0.0,0.0,0.0
2025-09-10 00:00:00-04:00,15.140281863604878,15.561442158151381,15.140281863604878,15.51746940612793,2791500,0.0,0.0,0.0
2025-09-11 00:00:00-04:00,15.497925354628638,15.507697284268916,15.253632705036683,15.28294849395752,1922900,0.0,0.0,0.0
2025-09-12 00:00:00-04:00,15.341578227691366,15.361122086997016,14.999569076965024,15.028883934020996,1734900,0.0,0.0,0.0
2025-09-15 00:00:00-04:00,14.872537825819435,14.960483335031586,14.77482038627203,14.852993965148926,1450600,0.0,0.0,0.0
2025-09-16 00:00:00-04:00,14.813905788562918,14.882307430699553,14.589157003312554,14.765047073364258,3384100,0.0,0.0,0.0
2025-09-17 00:00:00-04:00,14.745505545875966,14.804135264156736,14.667331966899894,14.725961685180664,1367500,0.0,0.0,0.0
2025-09-18 00:00:00-04:00,14.657559381668591,14.862765250288051,14.598928734104803,14.784591674804688,1685800,0.0,0.0,0.0
2025-09-19 00:00:00-04:00,14.60870101907162,14.647787807763283,14.286234779389764,14.33509349822998,2025900,0.0,0.0,0.0
2025-09-22 00:00:00-04:00,14.178745824468376,14.178745824468376,13.680388587964494,13.70970344543457,2406300,0.0,0.0,0.0
2025-09-23 00:00:00-04:00,13.734352713072116,13.852667193882597,13.655476392531796,13.793509483337402,1999100,0.125,0.0,0.0
2025-09-24 00:00:00-04:00,13.773790450064128,13.982812787100569,13.744211125560568,13.921683311462402,1917200,0.0,0.0,0.0
2025-09-25 00:00:00-04:00,13.842807852124231,13.951262561192605,13.659420354112646,13.665335655212402,2185300,0.0,0.0,0.0
2025-09-26 00:00:00-04:00,13.842807330770638,13.842807330770638,13.66533514054284,13.754071235656738,2389400,0.0,0.0,0.0
2025-09-29 00:00:00-04:00,13.803369785338193,13.88224610888916,13.793510009824336,13.81322956085205,1622500,0.0,0.0,0.0
2025-09-30 00:00:00-04:00,13.793509746768905,13.889147498813536,13.744211810419724,13.803369522094727,1166500,0.0,0.0,0.0
2025-10-01 00:00:00-04:00,13.79350939567626,13.79350939567626,13.586458820503797,13.754071235656738,1182400,0.0,0.0,0.0
2025-10-02 00:00:00-04:00,13.714633592163459,13.828018188954934,13.620967605984445,13.665335655212402,1275600,0.0,0.0,0.0
2025-10-03 00:00:00-04:00,13.842808031949241,13.852667807523524,13.57660067340327,13.635757446289062,1553700,0.0,0.0,0.0
2025-10-06 00:00:00-04:00,13.635757711824983,13.783650587199409,13.586459773273518,13.699845314025879,1444600,0.0,0.0,0.0
2025-10-07 00:00:00-04:00,13.685054866208068,13.773790962460039,13.675195091006756,13.724493026733398,1359100,0.0,0.0,0.0
2025-10-08 00:00:00-04:00,13.714633770323422,13.739283209259128,13.611108947633308,13.635757446289062,1309000,0.0,0.0,0.0
2025-10-09 00:00:00-04:00,13.635756244999612,13.897034633020166,13.635756244999612,13.853652000427246,1920100,0.0,0.0,0.0
2025-10-10 00:00:00-04:00,13.818158686048962,14.375222807920865,13.734352479365944,14.32592487335205,3592400,0.0,0.0,0.0
2025-10-13 00:00:00-04:00,14.118875075737625,14.31606682484185,14.08929668948397,14.203667640686035,1994400,0.0,0.0,0.0
2025-10-14 00:00:00-04:00,14.276627544830541,14.365363642765306,14.133664562820035,14.200709342956543,2274800,0.0,0.0,0.0
2025-10-15 00:00:00-04:00,14.109015464782715,14.207610393634061,13.970981436054954,14.109015464782715,2087500,0.0,0.0,0.0
2025-10-16 00:00:00-04:00,14.178032349353288,14.345644766732034,14.12873441360426,14.22338581085205,1918900,0.0,0.0,0.0
2025-10-17 00:00:00-04:00,14.197751129112907,14.227330455083674,13.882245840997488,13.944360733032227,2127900,0.0,0.0,0.0
2025-10-20 00:00:00-04:00,13.76393090900407,13.76393090900407,13.285743104766613,13.389267921447754,3127400,0.0,0.0,0.0
2025-10-21 00:00:00-04:00,13.408987912306406,13.418846747352628,13.251234327927802,13.369549751281738,2301600,0.0,0.0,0.0
2025-10-22 00:00:00-04:00,13.379408838740579,13.744212070171036,13.359690227996202,13.596319198608398,2625200,0.0,0.0,0.0
2025-10-23 00:00:00-04:00,13.53716157730324,13.620967789163105,13.493779881148468,13.527302742004395,1996800,0.0,0.0,0.0
2025-10-24 00:00:00-04:00,13.448426324657673,13.556881034432351,13.310392288351764,13.379408836364746,2093100,0.0,0.0,0.0
2025-10-27 00:00:00-04:00,13.280814172845018,13.280814172845018,13.058973920738042,13.06390380859375,2123900,0.0,0.0,0.0
2025-10-28 00:00:00-04:00,13.06390380859375,13.103341971159438,13.02446564602806,13.06390380859375,2017800,0.0,0.0,0.0
2025-10-29 00:00:00-04:00,13.063903031089998,13.152639126651621,12.955448325559075,13.034324645996094,2340200,0.0,0.0,0.0
2025-10-30 00:00:00-04:00,12.935729375601602,13.093482023796263,12.827274665037761,12.985027313232422,3665400,0.0,0.0,0.0
2025-10-31 00:00:00-04:00,12.699099972949302,13.064889548243382,12.679380422453269,13.004745483398438,3632300,0.0,0.0,0.0
2025-11-03 00:00:00-05:00,13.024464958003845,13.211795985225013,12.994886572712064,13.073762893676758,2413100,0.0,0.0,0.0
2025-11-04 00:00:00-05:00,13.123061436822963,13.142780047836965,12.965307847311166,13.024465560913086,2301600,0.0,0.0,0.0
2025-11-05 00:00:00-05:00,13.113201661175985,13.187148097968414,12.955449011944147,13.024465560913086,1831200,0.0,0.0,0.0
2025-11-06 00:00:00-05:00,13.132919828343029,13.138836069643252,12.879529432515112,13.044183731079102,3366300,0.0,0.0,0.0
2025-11-07 00:00:00-05:00,13.044182968819658,13.19207676904375,12.94065815491468,13.12306022644043,2270100,0.0,0.0,0.0
2025-11-10 00:00:00-05:00,13.083623360016576,13.15263990943654,12.846993444342482,13.06390380859375,2379600,0.0,0.0,0.0
2025-11-11 00:00:00-05:00,13.044184622214333,13.044184622214333,12.758257700541396,12.787837028503418,1711300,0.0,0.0,0.0
2025-11-12 00:00:00-05:00,12.7976950827733,12.9386872379992,12.76811669689735,12.86671257019043,2094700,0.0,0.0,0.0
2025-11-13 00:00:00-05:00,12.817414457673557,12.942630594452897,12.722763060001286,12.89629077911377,1915200,0.0,0.0,0.0
2025-11-14 00:00:00-05:00,12.985026698449229,13.05404324369678,12.768116347311333,12.92586898803711,1553600,0.0,0.0,0.0
2025-11-17 00:00:00-05:00,13.093482187793155,13.25123483796368,13.029395526266365,13.172358512878418,2043100,0.0,0.0,0.0
2025-11-18 00:00:00-05:00,13.063903800956172,13.280814165080628,13.014605862707892,13.172358512878418,2061400,0.0,0.0,0.0
2025-11-19 00:00:00-05:00,13.270953784335811,13.270953784335811,12.94065883549484,13.113201141357422,2131200,0.0,0.0,0.0
2025-11-20 00:00:00-05:00,12.985026881222705,13.241375396150334,12.787836077539884,13.22165584564209,3736800,0.0,0.0,0.0
2025-11-21 00:00:00-05:00,13.251234671990924,13.251234671990924,12.891361325761858,12.985027313232422,1837600,0.0,0.0,0.0
2025-11-24 00:00:00-05:00,12.985027312382202,12.994887087963711,12.728678788942686,12.76811695098877,2626700,0.0,0.0,0.0
2025-11-25 00:00:00-05:00,12.797694986479785,12.797694986479785,12.561066020692776,12.718818664550781,904500,0.0,0.0,0.0
2025-11-26 00:00:00-05:00,12.69909954071045,12.738537700080236,12.615293334514663,12.69909954071045,1165200,0.0,0.0,0.0
2025-11-28 00:00:00-05:00,12.699100144573181,12.787836242444723,12.644872320256143,12.649802207946777,317600,0.0,0.0,0.0
2025-12-01 00:00:00-05:00,12.68924090059826,12.770088993494598,12.447682035320684,12.452611923217773,513500,0.0,0.0,0.0
2025-12-02 00:00:00-05:00,12.482189786383824,12.482189786383824,12.275139204796796,12.324437141418457,1916000,0.0,0.0,0.0
2025-12-03 00:00:00-05:00,12.329366776982354,12.442751370697591,12.225841018165898,12.423032760620117,2652000,0.0,0.0,0.0
2025-12-04 00:00:00-05:00,12.418102957397101,12.6695215844824,12.398383406905742,12.57092571258545,2333700,0.0,0.0,0.0
2025-12-05 00:00:00-05:00,12.59064474968407,12.699099452124463,12.561065425153153,12.659661293029785,1273800,0.0,0.0,0.0
2025-12-08 00:00:00-05:00,12.69909954071045,12.783891160229544,12.620223221970871,12.69909954071045,464200,0.0,0.0,0.0
2025-12-09 00:00:00-05:00,12.679380766012175,12.753328142096045,12.61036421796584,12.728678703308105,349500,0.0,0.0,0.0
2025-12-10 00:00:00-05:00,12.728678101521455,12.774032502579027,12.62120881015885,12.66952133178711,484600,0.0,0.0,0.0
2025-12-11 00:00:00-05:00,12.649801606428241,12.895304924236083,12.63008299688329,12.69909954071045,676100,0.0,0.0,0.0
2025-12-12 00:00:00-05:00,12.728677925167817,12.768116084537606,12.65966138134066,12.69909954071045,409600,0.0,0.0,0.0
2025-12-15 00:00:00-05:00,12.62022339600923,12.945588450366882,12.62022339600923,12.886430740356445,925700,0.0,0.0,0.0
2025-12-16 00:00:00-05:00,12.964322354999833,13.004745930458455,12.837134446879856,12.876572608947754,239000,0.0,0.0,0.0
2025-12-17 00:00:00-05:00,12.846992840549861,13.009675371022444,12.80262479221371,13.004745483398438,608900,0.0,0.0,0.0
2025-12-18 00:00:00-05:00,12.90615098913509,13.231516061106568,12.90615098913509,12.985027313232422,553900,0.0,0.0,0.0
2025-12-19 00:00:00-05:00,12.975167629982403,13.10334189262265,12.896291305323784,12.916010856628418,721900,0.0,0.0,0.0
2025-12-22 00:00:00-05:00,12.945589060036195,13.073763320861893,12.919954207871056,13.054043769836426,925900,0.0,0.0,0.0
2025-12-23 00:00:00-05:00,13.061996071316957,13.111698493005672,12.982471058999499,12.989429473876953,310500,0.108,0.0,0.0
2025-12-24 00:00:00-05:00,12.982470782166747,12.982470782166747,12.848271971237788,12.921832084655762,216200,0.0,0.0,0.0
2025-12-26 00:00:00-05:00,12.922827241390928,12.972530612691177,12.853243090378355,12.942708969116211,144800,0.0,0.0,0.0
2025-12-29 00:00:00-05:00,12.97253037475028,12.982471238430588,12.91288614068138,12.932767868041992,167800,0.0,0.0,0.0
2025-12-30 00:00:00-05:00,12.98247099089755,13.008316667165792,12.932767621456636,12.962589263916016,238900,0.0,0.0,0.0
2025-12-31 00:00:00-05:00,12.962589958275696,13.034163041627629,12.952649094252433,13.032174110412598,398200,0.0,0.0,0.0
2026-01-02 00:00:00-05:00,13.03217362194392,13.17134286901439,12.763776939466581,13.091817855834961,2552500,0.0,0.0,0.0
2026-01-05 00:00:00-05:00,13.101759150211201,13.311506071263256,13.071936558278784,13.270750045776367,2874200,0.0,0.0,0.0
2026-01-06 00:00:00-05:00,13.270749748115762,13.519265653900604,13.25583845248401,13.499383926391602,4372500,0.0,0.0,0.0
2026-01-07 00:00:00-05:00,13.449680525835976,13.638553144701284,13.449680525835976,13.618671417236328,3240600,0.0,0.0,0.0
2026-01-08 00:00:00-05:00,13.777721191641835,13.84829980602434,13.66837453663342,13.68825626373291,4478400,0.0,0.0,0.0
2026-01-09 00:00:00-05:00,13.688256743054477,13.827425045572454,13.633582939629294,13.668375015258789,4733400,0.0,0.0,0.0
2026-01-12 00:00:00-05:00,13.67036277102968,13.797603172369156,13.577915392753878,13.618671417236328,2718800,0.0,0.0,0.0
2026-01-13 00:00:00-05:00,13.71807840819758,13.71807840819758,13.559028377635075,13.588850021362305,2242500,0.0,0.0,0.0
2026-01-14 00:00:00-05:00,13.658433676662701,13.81748370144859,13.559027885177985,13.648492813110352,3375800,0.0,0.0,0.0
2026-01-15 00:00:00-05:00,13.618671387589828,13.807544006043978,13.598790608181094,13.737958908081055,3928200,0.0,0.0,0.0
2026-01-16 00:00:00-05:00,13.77772135523311,13.92683146621098,13.718078069252314,13.888062477111816,4974100,0.0,0.0,0.0
2026-01-20 00:00:00-05:00,14.065999444711574,14.54414397927684,13.937765529565786,14.364218711853027,4097900,0.0,0.0,0.0
2026-01-21 00:00:00-05:00,14.274752845681844,14.473566322573605,14.105761959131597,14.324456214904785,4932100,0.0,0.0,0.0
2026-01-22 00:00:00-05:00,14.244931212156201,14.294634581409857,14.133596575120414,14.284693717956543,6419000,0.0,0.0,0.0
2026-01-23 00:00:00-05:00,14.364219206780565,14.493447591928264,14.234990821632865,14.30457592010498,5195100,0.0,0.0,0.0
2026-01-26 00:00:00-05:00,14.105761816292121,14.205168553731378,13.826430761153368,13.877127647399902,7576700,0.0,0.0,0.0
2026-01-27 00:00:00-05:00,13.698196401250646,13.742929339936474,13.53914637392901,13.737958908081055,4809800,0.0,0.0,0.0
2026-01-28 00:00:00-05:00,13.74789975212709,13.936772370311079,13.718078109050175,13.817483901977539,4625000,0.0,0.0,0.0
2026-01-29 00:00:00-05:00,13.757840873037743,13.946712546739901,13.668374994121422,13.747900009155273,8415600,0.0,0.0,0.0
2026-01-30 00:00:00-05:00,13.916890672864303,14.06103035273661,13.559028111132452,13.698196411132812,8723500,0.0,0.0,0.0
2026-02-02 00:00:00-05:00,13.668374418032883,13.698196060410428,13.10672890452667,13.121639251708984,10828200,0.0,0.0,0.0
2026-02-03 00:00:00-05:00,13.161402465255346,13.245897913212584,13.049073356514024,13.151461601257324,9559900,0.0,0.0,0.0
2026-02-04 00:00:00-05:00,13.012293146315622,13.012293146315622,12.69916257010296,12.823420524597168,16756800,0.0,0.0,0.0
2026-02-05 00:00:00-05:00,12.743895033980436,12.96258929117256,12.684251748936264,12.843301773071289,7674100,0.0,0.0,0.0
2026-02-06 00:00:00-05:00,12.793598183450348,12.803539046791014,12.6196368670403,12.753835678100586,5640300,0.0,0.0,0.0
2026-02-09 00:00:00-05:00,12.753836352550069,13.032173904717471,12.743895488683709,12.902945518493652,6254600,0.0,0.0,0.0
2026-02-10 00:00:00-05:00,12.873123633973092,12.97253037475028,12.873123633973092,12.932767868041992,5812500,0.0,0.0,0.0
2026-02-11 00:00:00-05:00,12.893005613168846,12.902945529030367,12.636536823682453,12.86318302154541,12974300,0.0,0.0,0.0
2026-02-12 00:00:00-05:00,12.873123956195753,13.573938746979259,12.873123956195753,13.50932502746582,10405500,0.0,0.0,0.0
2026-02-13 00:00:00-05:00,13.494413647601704,13.829412986222621,13.489443215668066,13.827425003051758,10760000,0.0,0.0,0.0
2026-02-17 00:00:00-05:00,13.693226303086542,13.827425122414326,13.257826700481333,13.390037536621094,10804000,0.0,0.0,0.0
2026-02-18 00:00:00-05:00,13.419858465928245,13.449680108186692,13.240926716351735,13.360214233398438,4625900,0.0,0.0,0.0
2026-02-19 00:00:00-05:00,13.456639196369846,13.578909168164826,13.358226918780659,13.549087524414062,6280000,0.0,0.0,0.0
2026-02-20 00:00:00-05:00,13.638553458455945,13.67831596628765,13.340334175711684,13.350275039672852,9375600,0.0,0.0,0.0
2026-02-23 00:00:00-05:00,13.419859114152686,13.419859114152686,13.111698969220516,13.274725914001465,6128800,0.0,0.0,0.0
2026-02-24 00:00:00-05:00,13.201164541387637,13.201164541387637,12.848272413118705,12.972530364990234,7790900,0.0,0.0,0.0
2026-02-25 00:00:00-05:00,12.997381116421645,13.032173190032951,12.848271958655209,12.873123168945312,6192100,0.0,0.0,0.0
2026-02-26 00:00:00-05:00,12.833361362653072,13.052055627566393,12.798569287146785,12.942708969116211,7662300,0.0,0.0,0.0
2026-02-27 00:00:00-05:00,12.972530201158174,13.414888200870072,12.972530201158174,13.383078575134277,10534100,0.0,0.0,0.0
2026-03-02 00:00:00-05:00,13.469562323757987,13.563998633684621,13.250868060564237,13.340333938598633,9572700,0.0,0.0,0.0
2026-03-03 00:00:00-05:00,13.43974018401591,13.570956547483048,13.305541371920999,13.39997673034668,12226100,0.0,0.0,0.0
2026-03-04 00:00:00-05:00,13.330393330622218,13.509325090124682,13.280689958758984,13.44769287109375,11319500,0.0,0.0,0.0
2026-03-05 00:00:00-05:00,13.5490875652367,13.72304889233072,13.519265921396086,13.566980361938477,15205300,0.0,0.0,0.0
2026-03-06 00:00:00-05:00,13.68825648555275,13.892039451560214,13.68825648555275,13.737958908081055,10061100,0.0,0.0,0.0
2026-03-09 00:00:00-04:00,13.837365295945878,13.926831171033795,13.547098908692043,13.594813346862793,15820500,0.0,0.0,0.0
2026-03-10 00:00:00-04:00,13.718078126925732,13.737958906331935,13.471550205403407,13.561016082763672,9364400,0.0,0.0,0.0
2026-03-11 00:00:00-04:00,13.539146778938859,13.628612658986796,13.499384270918995,13.554058074951172,8185600,0.0,0.0,0.0
2026-03-12 00:00:00-04:00,13.678315199407981,13.901978937916665,13.66837433600415,13.824441909790039,11172500,0.0,0.0,0.0
2026-03-13 00:00:00-04:00,13.837365860620015,14.15546592012435,13.807544217044722,14.13260269165039,14592900,0.0,0.0,0.0
2026-03-16 00:00:00-04:00,14.046119225856177,14.145525020191325,13.93180213576493,13.986474990844727,8045500,0.0,0.0,0.0
2026-03-17 00:00:00-04:00,13.976535215062933,14.016297722797995,13.85923567504255,13.911920547485352,10572600,0.0,0.0,0.0
2026-03-18 00:00:00-04:00,14.001386459973174,14.199205481529953,13.877128504505897,14.146519660949707,13348100,0.0,0.0,0.0
2026-03-19 00:00:00-04:00,14.185288681075788,14.299605772823412,14.046119429374572,14.204174995422363,10864100,0.0,0.0,0.0
2026-03-20 00:00:00-04:00,14.264813423156738,14.37416008081526,14.205169188425668,14.264813423156738,14498000,0.0,0.0,0.0
2026-03-23 00:00:00-04:00,13.936772547097695,14.140555515398638,13.897009091806826,14.065999984741211,7081400,0.0,0.0,0.0
2026-03-24 00:00:00-04:00,14.140000343322754,14.180000305175781,13.895000457763672,14.074999809265137,7813500,0.084,0.0,0.0
2026-03-25 00:00:00-04:00,13.9399995803833,14.069999694824219,13.890000343322754,14.010000228881836,7633200,0.0,0.0,0.0
2026-03-26 00:00:00-04:00,14.039999961853027,14.119999885559082,13.779999732971191,13.994000434875488,12645800,0.0,0.0,0.0
2026-03-27 00:00:00-04:00,13.960000038146973,14.279999732971191,13.880000114440918,14.239999771118164,15684600,0.0,0.0,0.0
2026-03-30 00:00:00-04:00,14.149999618530273,14.430000305175781,14.145999908447266,14.359999656677246,13904900,0.0,0.0,0.0
2026-03-31 00:00:00-04:00,14.3100004196167,14.329999923706055,13.859999656677246,13.960000038146973,15153500,0.0,0.0,0.0
2026-04-01 00:00:00-04:00,13.920000076293945,13.979999542236328,13.824999809265137,13.859999656677246,12925300,0.0,0.0,0.0
2026-04-02 00:00:00-04:00,13.949999809265137,14.130000114440918,13.829999923706055,13.843999862670898,13224700,0.0,0.0,0.0
2026-04-06 00:00:00-04:00,13.819999694824219,13.819999694824219,13.520000457763672,13.680000305175781,11818800,0.0,0.0,0.0
2026-04-07 00:00:00-04:00,13.84000015258789,14.390000343322754,13.829999923706055,13.991000175476074,16074200,0.0,0.0,0.0
2026-04-08 00:00:00-04:00,13.699999809265137,13.800000190734863,13.640000343322754,13.670000076293945,14220300,0.0,0.0,0.0
2026-04-09 00:00:00-04:00,13.649999618530273,13.835000038146973,13.569999694824219,13.59000015258789,10924200,0.0,0.0,0.0
2026-04-10 00:00:00-04:00,13.630000114440918,13.680000305175781,13.520000457763672,13.607999801635742,7839800,0.0,0.0,0.0
2026-04-13 00:00:00-04:00,13.630000114440918,13.800000190734863,13.619999885559082,13.675000190734863,7807000,0.0,0.0,0.0
2026-04-14 00:00:00-04:00,13.65999984741211,13.779999732971191,13.529999732971191,13.704999923706055,10051500,0.0,0.0,0.0
2026-04-15 00:00:00-04:00,13.729999542236328,13.75,13.289999961853027,13.293999671936035,10195200,0.0,0.0,0.0
2026-04-16 00:00:00-04:00,13.279999732971191,13.5600004196167,13.270000457763672,13.446000099182129,6385800,0.0,0.0,0.0
2026-04-17 00:00:00-04:00,13.260000228881836,13.279999732971191,13.0,13.107000350952148,10055600,0.0,0.0,0.0
2026-04-20 00:00:00-04:00,13.100000381469727,13.100000381469727,12.920000076293945,12.970000267028809,5449000,0.0,0.0,0.0
2026-04-21 00:00:00-04:00,13.0600004196167,13.34000015258789,12.989999771118164,13.300000190734863,4821100,0.0,0.0,0.0
2026-04-22 00:00:00-04:00,13.239999771118164,13.274999618530273,12.930000305175781,12.960000038146973,4114800,0.0,0.0,0.0
2026-04-23 00:00:00-04:00,12.869999885559082,13.024999618530273,12.84000015258789,12.9399995803833,1386700,0.0,0.0,0.0
2026-04-24 00:00:00-04:00,12.989999771118164,13.130000114440918,12.979999542236328,13.0600004196167,2356200,0.0,0.0,0.0
2026-04-27 00:00:00-04:00,13.300000190734863,13.34000015258789,13.199999809265137,13.229999542236328,5010500,0.0,0.0,0.0
2026-04-28 00:00:00-04:00,12.989999771118164,13.1850004196167,12.970000267028809,13.079999923706055,3995300,0.0,0.0,0.0
2026-04-29 00:00:00-04:00,13.229999542236328,13.265000343322754,13.07800006866455,13.100000381469727,4716500,0.0,0.0,0.0
2026-04-30 00:00:00-04:00,13.09000015258789,13.199999809265137,12.84000015258789,13.0600004196167,7155700,0.0,0.0,0.0
2026-05-01 00:00:00-04:00,12.710000038146973,12.720000267028809,12.300000190734863,12.640000343322754,13639500,0.0,0.0,0.0
2026-05-04 00:00:00-04:00,12.680000305175781,12.880000114440918,12.631999969482422,12.789999961853027,3265900,0.0,0.0,0.0
2026-05-05 00:00:00-04:00,12.800000190734863,12.8100004196167,12.449999809265137,12.460000038146973,7864900,0.0,0.0,0.0
2026-05-06 00:00:00-04:00,12.539999961853027,12.59000015258789,12.289999961853027,12.3100004196167,4711600,0.0,0.0,0.0
2026-05-07 00:00:00-04:00,12.239999771118164,12.380000114440918,12.119999885559082,12.324000358581543,6937300,0.0,0.0,0.0
2026-05-08 00:00:00-04:00,12.199999809265137,12.199999809265137,12.020000457763672,12.069000244140625,4686500,0.0,0.0,0.0
2026-05-11 00:00:00-04:00,12.119999885559082,12.1850004196167,12.045000076293945,12.079999923706055,5150500,0.0,0.0,0.0
2026-05-12 00:00:00-04:00,12.069999694824219,12.100000381469727,11.989999771118164,12.005000114440918,9038500,0.0,0.0,0.0
2026-05-13 00:00:00-04:00,12.039999961853027,12.045000076293945,11.755000114440918,11.84000015258789,10883800,0.0,0.0,0.0
2026-05-14 00:00:00-04:00,11.800000190734863,11.970000267028809,11.779999732971191,11.87600040435791,7723100,0.0,0.0,0.0
2026-05-15 00:00:00-04:00,11.899999618530273,11.9399995803833,11.675000190734863,11.795000076293945,9962400,0.0,0.0,0.0
2026-05-18 00:00:00-04:00,11.789999961853027,12.010000228881836,11.779999732971191,11.890000343322754,11527000,0.0,0.0,0.0
2026-05-19 00:00:00-04:00,11.90999984741211,11.949999809265137,11.779999732971191,11.843999862670898,5882500,0.0,0.0,0.0
2026-05-20 00:00:00-04:00,11.850000381469727,11.885000228881836,11.6899995803833,11.710000038146973,11140900,0.0,0.0,0.0
2026-05-21 00:00:00-04:00,11.75,11.779999732971191,11.600000381469727,11.619999885559082,5342500,0.0,0.0,0.0
2026-05-22 00:00:00-04:00,11.59000015258789,11.59000015258789,11.380000114440918,11.46500015258789,6395400,0.0,0.0,0.0
2026-05-26 00:00:00-04:00,11.460000038146973,11.520000457763672,11.364999771118164,11.489999771118164,6673900,0.0,0.0,0.0
2026-05-27 00:00:00-04:00,11.5,11.5,11.3100004196167,11.402000427246094,7858700,0.0,0.0,0.0
2026-05-28 00:00:00-04:00,11.399999618530273,11.449999809265137,11.34000015258789,11.345000267028809,6327400,0.0,0.0,0.0
2026-05-29 00:00:00-04:00,11.369999885559082,11.454999923706055,11.26200008392334,11.364999771118164,4652600,0.0,0.0,0.0
