Date,Open,High,Low,Close,Volume,Dividends,Stock Splits,Capital Gains
2014-12-17 00:00:00-05:00,24.34907179274336,25.494911193847656,24.34907179274336,25.494911193847656,6400,0.0,0.0,0.0
2014-12-18 00:00:00-05:00,26.516618171844648,26.678945396834333,25.953247321660548,26.4096736907959,14100,0.0,0.0,0.0
2014-12-19 00:00:00-05:00,26.91766074041608,26.965403290078306,26.335192163976973,26.955854415893555,14800,0.0,0.0,0.0
2014-12-22 00:00:00-05:00,27.452385346985444,27.452385346985444,26.54430797900474,26.898563385009766,36500,0.0,0.0,0.0
2014-12-23 00:00:00-05:00,26.726688975852408,26.726688975852408,25.01748043173367,25.179807662963867,85100,0.0,0.0,0.0
2014-12-24 00:00:00-05:00,25.78137110731283,26.12512330488071,25.542654708171046,25.638141632080078,57800,0.0,0.0,0.0
2014-12-26 00:00:00-05:00,25.924599120380556,26.363838217084087,25.924599120380556,26.153766632080078,107100,0.0,0.0,0.0
2014-12-29 00:00:00-05:00,26.707589418297626,26.707589418297626,26.067829411605633,26.22060775756836,13300,0.0,0.0,0.0
2014-12-30 00:00:00-05:00,26.38293290624143,26.61210222845284,26.115571732430446,26.249252319335938,13000,0.0,0.0,0.0
2014-12-31 00:00:00-05:00,26.63119982157623,26.908111707516078,26.48797035217285,26.48797035217285,23200,0.0,0.0,0.0
2015-01-02 00:00:00-05:00,26.73623725375642,27.337801790610822,26.497520849705023,27.118183135986328,16000,0.0,0.0,0.0
2015-01-05 00:00:00-05:00,27.280509261658583,27.78658867345982,27.041792867249583,27.290058135986328,31300,0.0,0.0,0.0
2015-01-06 00:00:00-05:00,27.290058982710562,27.614713434880727,26.2206087012215,26.468873977661133,17100,0.0,0.0,0.0
2015-01-07 00:00:00-05:00,27.013147517394806,27.29960645636835,26.75533337956171,27.27955436706543,13700,0.0,0.0,0.0
2015-01-08 00:00:00-05:00,28.187631742938052,28.187631742938052,27.40464227584447,27.76749038696289,25000,0.0,0.0,0.0
2015-01-09 00:00:00-05:00,27.748394392938675,28.15898690072882,27.500129113315293,27.98902130126953,15700,0.0,0.0,0.0
2015-01-12 00:00:00-05:00,28.62687000295908,28.62687000295908,27.700651034635264,28.015756607055664,16800,0.0,0.0,0.0
2015-01-13 00:00:00-05:00,28.35951021068623,28.474093067475376,27.231812302732706,27.605165481567383,38800,0.0,0.0,0.0
2015-01-14 00:00:00-05:00,27.815233105244666,28.187631914027733,27.578427217355305,28.130338668823242,11500,0.0,0.0,0.0
2015-01-15 00:00:00-05:00,28.063497148224698,28.063497148224698,26.545260820409627,26.639793395996094,10500,0.0,0.0,0.0
2015-01-16 00:00:00-05:00,25.972344689372843,27.557421417754316,25.972344689372843,27.54787254333496,13700,0.0,0.0,0.0
2015-01-20 00:00:00-05:00,29.22843608728294,29.22843608728294,26.812625505907363,27.65290641784668,10000,0.0,0.0,0.0
2015-01-21 00:00:00-05:00,27.94891400725666,27.94891400725666,26.65029632655723,26.688491821289062,10300,0.0,0.0,0.0
2015-01-22 00:00:00-05:00,27.137279382880763,27.500127495593656,25.876857130678104,26.955854415893555,9500,0.0,0.0,0.0
2015-01-23 00:00:00-05:00,27.00359821980828,27.347348576933758,26.889013553258795,27.251863479614258,12400,0.0,0.0,0.0
2015-01-26 00:00:00-05:00,27.83433085364616,28.130338668823242,27.15637717674679,28.130338668823242,7300,0.0,0.0,0.0
2015-01-27 00:00:00-05:00,27.67200174107781,28.751000775523327,27.67200174107781,28.445444107055664,17700,0.0,0.0,0.0
2015-01-28 00:00:00-05:00,29.123399405643855,29.123399405643855,27.667229799613967,27.69110107421875,37800,0.0,0.0,0.0
2015-01-29 00:00:00-05:00,27.71020031769243,27.853429794311523,27.21366976556874,27.853429794311523,3900,0.0,0.0,0.0
2015-01-30 00:00:00-05:00,28.349960188644182,28.349960188644182,27.490581512451172,27.490581512451172,14800,0.0,0.0,0.0
2015-02-02 00:00:00-05:00,27.43328831685658,27.43328831685658,26.478422714560743,26.783979415893555,4600,0.0,0.0,0.0
2015-02-03 00:00:00-05:00,26.36383861884141,26.61210388228123,25.876856966085782,26.593006134033203,8200,0.0,0.0,0.0
2015-02-04 00:00:00-05:00,25.934149211041433,26.27790140534835,25.590397016734517,26.160451889038086,8200,0.0,0.0,0.0
2015-02-05 00:00:00-05:00,26.067830570107144,26.933895111083984,26.067830570107144,26.933895111083984,3700,0.0,0.0,0.0
2015-02-06 00:00:00-05:00,27.605163001212663,27.605163001212663,26.287449338965487,26.402986526489258,5200,0.0,0.0,0.0
2015-02-09 00:00:00-05:00,26.812625214120082,26.812625214120082,26.125122657287815,26.22060775756836,9400,0.0,0.0,0.0
2015-02-10 00:00:00-05:00,26.419219942043078,26.927209854125977,26.230156602530908,26.927209854125977,7500,0.0,0.0,0.0
2015-02-11 00:00:00-05:00,27.165927507587995,27.672005118532898,26.841273052400656,27.02174186706543,7800,0.0,0.0,0.0
2015-02-12 00:00:00-05:00,26.86704939076599,27.500125310956726,26.86704939076599,27.49821662902832,3900,0.0,0.0,0.0
2015-02-13 00:00:00-05:00,27.547873629749372,27.67391586303711,27.32729881086501,27.67391586303711,4900,0.0,0.0,0.0
2015-02-17 00:00:00-05:00,27.50012913298755,28.51228800169807,27.50012913298755,28.369056701660156,12800,0.0,0.0,0.0
2015-02-18 00:00:00-05:00,28.827390966234024,28.875133514404297,28.369054125996644,28.875133514404297,7300,0.0,0.0,0.0
2015-02-19 00:00:00-05:00,29.17114419472112,29.17114419472112,28.98017216195781,29.123401641845703,5000,0.0,0.0,0.0
2015-02-20 00:00:00-05:00,29.505347129532197,29.505347129532197,29.008816572792906,29.27713394165039,61900,0.0,0.0,0.0
2015-02-23 00:00:00-05:00,29.419406773791177,30.259689468793194,29.419406773791177,29.734512329101562,105500,0.0,0.0,0.0
2015-02-24 00:00:00-05:00,30.01142555077189,30.01142555077189,28.932426422590257,29.142498016357422,8200,0.0,0.0,0.0
2015-02-25 00:00:00-05:00,29.142500299880183,30.020976777506377,29.123402549630075,29.76316261291504,11700,0.0,0.0,0.0
2015-02-26 00:00:00-05:00,29.66767096586438,30.207170486450195,29.352565421885167,30.207170486450195,21500,0.0,0.0,0.0
2015-02-27 00:00:00-05:00,30.57479810099052,30.57479810099052,29.419409734405907,29.667675018310547,84500,0.0,0.0,0.0
2015-03-02 00:00:00-05:00,30.47931084391518,30.47931084391518,29.810904177448574,30.11646270751953,21100,0.0,0.0,0.0
2015-03-03 00:00:00-05:00,30.44111649025083,30.44111649025083,29.629482134905587,30.12601089477539,9300,0.0,0.0,0.0
2015-03-04 00:00:00-05:00,30.25969216783764,30.975839565364673,29.78225935531185,30.899452209472656,28000,0.0,0.0,0.0
2015-03-05 00:00:00-05:00,31.625144713349908,31.892509533420995,31.290943241414613,31.758825302124023,60200,0.0,0.0,0.0
2015-03-06 00:00:00-05:00,32.27445713961684,32.27445713961684,30.918549711319944,31.319591522216797,36900,0.0,0.0,0.0
2015-03-09 00:00:00-04:00,31.816120386201064,31.816120386201064,30.6702809778308,31.290945053100586,47700,0.0,0.0,0.0
2015-03-10 00:00:00-04:00,30.58148041436989,31.78747611113998,30.58148041436989,31.41507911682129,15200,0.0,0.0,0.0
2015-03-11 00:00:00-04:00,31.596501744115184,32.13122777271306,31.205007007514812,31.7874755859375,16000,0.0,0.0,0.0
2015-03-12 00:00:00-04:00,32.16942346149435,32.207618962916136,31.415082342293235,31.892515182495117,23000,0.0,0.0,0.0
2015-03-13 00:00:00-04:00,31.73973331488653,32.28400640122056,31.453270728375486,31.94025421142578,15300,0.0,0.0,0.0
2015-03-16 00:00:00-04:00,32.74234475112227,32.74234475112227,32.13123130414397,32.41769027709961,58400,0.0,0.0,0.0
2015-03-17 00:00:00-04:00,32.67550523192189,32.895123904557586,32.178974633671096,32.87602615356445,36600,0.0,0.0,0.0
2015-03-18 00:00:00-04:00,33.00969934555878,33.15293062453907,32.40813307337341,32.847373962402344,55700,0.0,0.0,0.0
2015-03-19 00:00:00-04:00,33.076538450054564,34.196595938193056,33.076538450054564,34.04095458984375,88000,0.0,0.0,0.0
2015-03-20 00:00:00-04:00,35.17724540996143,35.96882754536937,33.30570989117151,33.48713302612305,174900,0.0,0.0,0.0
2015-03-23 00:00:00-04:00,33.45849293437714,33.65901384477873,32.188519883453715,32.560916900634766,84600,0.0,0.0,0.0
2015-03-24 00:00:00-04:00,32.5609138941085,33.34390335601799,32.178969858494824,32.23625946044922,63800,0.0,0.0,0.0
2015-03-25 00:00:00-04:00,32.23625874461087,32.23625874461087,29.839547862967418,29.973228454589844,106000,0.0,0.0,0.0
2015-03-26 00:00:00-04:00,29.13294982637604,30.49745177055066,28.980171475280773,29.915939331054688,85500,0.0,0.0,0.0
2015-03-27 00:00:00-04:00,29.753609588704343,30.889898251206827,29.753609588704343,30.70847511291504,24600,0.0,0.0,0.0
2015-03-30 00:00:00-04:00,31.090425536209967,31.94980239868164,30.72757558493176,31.94980239868164,50100,0.0,0.0,0.0
2015-03-31 00:00:00-04:00,32.33174756638818,32.33174756638818,31.319588788966524,31.352054595947266,63700,0.0,0.0,0.0
2015-04-01 00:00:00-04:00,31.033132497221768,31.34823989868164,30.22149635996518,31.34823989868164,35300,0.0,0.0,0.0
2015-04-02 00:00:00-04:00,31.691989356913652,31.821852599557335,30.832612464349936,31.099973678588867,28000,0.0,0.0,0.0
2015-04-06 00:00:00-04:00,31.23365211714339,31.472368511146364,30.889899926975414,30.935733795166016,23900,0.0,0.0,0.0
2015-04-07 00:00:00-04:00,30.80396293179938,31.768379236331995,30.80396293179938,31.172542572021484,15600,0.0,0.0,0.0
2015-04-08 00:00:00-04:00,31.128619724153307,32.07393835046337,31.128619724153307,31.892515182495117,15400,0.0,0.0,0.0
2015-04-09 00:00:00-04:00,32.07393894003373,32.331753115584604,31.252753856988036,31.701541900634766,12000,0.0,0.0,0.0
2015-04-10 00:00:00-04:00,31.26229991928009,32.41768636831982,31.26229991928009,32.32124328613281,36100,0.0,0.0,0.0
2015-04-13 00:00:00-04:00,32.474976929720775,33.05839986019507,32.45588282344902,32.665950775146484,43200,0.0,0.0,0.0
2015-04-14 00:00:00-04:00,33.27706166398084,33.27706166398084,32.39858714061818,32.8569221496582,24700,0.0,0.0,0.0
2015-04-15 00:00:00-04:00,33.305713137712246,33.372553438289934,32.704146789989885,33.18157958984375,18300,0.0,0.0,0.0
2015-04-16 00:00:00-04:00,33.2961613847519,33.754496420956734,33.14338303935029,33.53487777709961,17100,0.0,0.0,0.0
2015-04-17 00:00:00-04:00,33.67811207341301,33.697209823607004,32.465432255019756,32.89512252807617,51800,0.0,0.0,0.0
2015-04-20 00:00:00-04:00,33.296164671289084,33.410751173543,32.28400939904359,32.83782958984375,25600,0.0,0.0,0.0
2015-04-21 00:00:00-04:00,33.30571559970061,33.401200709720456,33.105191040621406,33.194950103759766,14700,0.0,0.0,0.0
2015-04-22 00:00:00-04:00,33.19112406386002,33.372550844920724,32.7996293441037,33.08322525024414,20000,0.0,0.0,0.0
2015-04-23 00:00:00-04:00,33.248420692854125,33.66856025555702,32.876023682784215,33.64564514160156,20100,0.0,0.0,0.0
2015-04-24 00:00:00-04:00,33.802244915148805,33.802244915148805,33.29330062866211,33.29330062866211,36800,0.0,0.0,0.0
2015-04-27 00:00:00-04:00,33.267515628567324,33.42984102229428,30.95673912284411,31.113338470458984,43100,0.0,0.0,0.0
2015-04-28 00:00:00-04:00,31.262298874160013,31.606047403253296,29.744060723275673,30.603439331054688,39000,0.0,0.0,0.0
2015-04-29 00:00:00-04:00,30.145105208818137,31.01403271611691,29.89683994655256,30.173751831054688,31600,0.0,0.0,0.0
2015-04-30 00:00:00-04:00,30.173754072385464,30.19285182196176,28.388154554757904,28.652652740478516,33000,0.0,0.0,0.0
2015-05-01 00:00:00-04:00,28.684163372792945,29.81090324600688,28.684163372792945,29.669584274291992,17200,0.0,0.0,0.0
2015-05-04 00:00:00-04:00,30.154653833209075,30.87175915412239,29.915937446998978,30.307432174682617,25800,0.0,0.0,0.0
2015-05-05 00:00:00-04:00,30.078267408906797,30.078267408906797,29.054650970558857,29.199790954589844,23700,0.0,0.0,0.0
2015-05-06 00:00:00-04:00,29.39076489685851,30.31698390702524,29.39076489685851,30.16420555114746,9900,0.0,0.0,0.0
2015-05-07 00:00:00-04:00,30.8708057828826,30.8708057828826,29.753611166211613,30.55569839477539,33100,0.0,0.0,0.0
2015-05-08 00:00:00-04:00,31.090424673116228,31.647111482476195,30.880353079388502,31.41507911682129,14500,0.0,0.0,0.0
2015-05-11 00:00:00-04:00,31.634694870133696,31.987994083387115,31.634694870133696,31.844762802124023,24900,0.0,0.0,0.0
2015-05-12 00:00:00-04:00,31.7301867059659,31.93166561202907,30.9376500707749,31.701541900634766,15400,0.0,0.0,0.0
2015-05-13 00:00:00-04:00,31.70153975119003,31.882962910192184,31.166813685282122,31.537302017211914,25500,0.0,0.0,0.0
2015-05-14 00:00:00-04:00,31.443722352254664,31.911604424492158,30.737120253795066,31.644243240356445,13100,0.0,0.0,0.0
2015-05-15 00:00:00-04:00,31.281399256705644,31.729232967687228,31.281399256705644,31.691991806030273,8600,0.0,0.0,0.0
2015-05-18 00:00:00-04:00,31.653797455716145,32.560916900634766,31.520113206258404,32.560916900634766,11400,0.0,0.0,0.0
2015-05-19 00:00:00-04:00,32.866472505985584,32.866472505985584,32.21716724313281,32.3412971496582,15300,0.0,0.0,0.0
2015-05-20 00:00:00-04:00,32.341297143947344,33.38210080304067,32.33175009057139,33.12428665161133,21900,0.0,0.0,0.0
2015-05-21 00:00:00-04:00,33.18157655495725,33.42029293305047,32.75188634588489,33.066993713378906,14800,0.0,0.0,0.0
2015-05-22 00:00:00-04:00,33.30571009147212,33.30571009147212,32.82827733528569,33.066993713378906,17600,0.0,0.0,0.0
2015-05-26 00:00:00-04:00,33.03834517236013,33.219771950383425,32.52272056553705,32.970550537109375,20600,0.0,0.0,0.0
2015-05-27 00:00:00-04:00,33.18158089458671,33.77359656977784,33.18158089458671,33.769779205322266,26200,0.0,0.0,0.0
2015-05-28 00:00:00-04:00,33.89772523292658,33.89772523292658,33.038344826350304,33.72584915161133,5600,0.0,0.0,0.0
2015-05-29 00:00:00-04:00,33.468039619911465,34.36561564378005,33.468039619911465,34.18418884277344,33200,0.0,0.0,0.0
2015-06-01 00:00:00-04:00,34.97672259973678,34.97672259973678,33.42983794164886,33.773590087890625,34900,0.0,0.0,0.0
2015-06-02 00:00:00-04:00,33.42029628242079,34.31786864269745,33.25797087746018,33.91300582885742,16500,0.0,0.0,0.0
2015-06-03 00:00:00-04:00,33.754496380586694,34.41335595389315,33.754496380586694,34.34651565551758,36200,0.0,0.0,0.0
2015-06-04 00:00:00-04:00,34.738015454952155,34.738015454952155,33.668563240052286,34.14599609375,29400,0.0,0.0,0.0
2015-06-05 00:00:00-04:00,34.77620147608463,34.85259246826172,33.81178887624832,34.85259246826172,17100,0.0,0.0,0.0
2015-06-08 00:00:00-04:00,35.48280610540052,35.48280610540052,34.38470919121236,34.66162109375,33200,0.0,0.0,0.0
2015-06-09 00:00:00-04:00,34.99582457461389,34.99582457461389,33.70675387044339,34.32932662963867,16100,0.0,0.0,0.0
2015-06-10 00:00:00-04:00,34.27967291979535,34.441998306444944,33.66855593984824,34.327415466308594,26500,0.0,0.0,0.0
2015-06-11 00:00:00-04:00,34.327416555787515,34.61387548648139,34.18418526917911,34.558494567871094,18700,0.0,0.0,0.0
2015-06-12 00:00:00-04:00,34.72845996872804,34.72845996872804,33.98366598528031,34.1077995300293,8500,0.0,0.0,0.0
2015-06-15 00:00:00-04:00,34.35606715358961,34.35606715358961,33.52533502163677,34.23193359375,33300,0.0,0.0,0.0
2015-06-16 00:00:00-04:00,33.81178804173099,34.05050442260809,33.52532911318306,33.582618713378906,28200,0.0,0.0,0.0
2015-06-17 00:00:00-04:00,33.900593695499694,34.235753200600534,33.84998811797949,34.06960678100586,20100,0.0,0.0,0.0
2015-06-18 00:00:00-04:00,34.35606711691759,35.12950963775237,34.35606711691759,34.62342834472656,51700,0.0,0.0,0.0
2015-06-19 00:00:00-04:00,35.15814692744322,35.15814692744322,34.37515751978331,34.804847717285156,9800,0.0,0.0,0.0
2015-06-22 00:00:00-04:00,34.93853486352547,35.797915419907405,34.93853486352547,35.73107147216797,28100,0.0,0.0,0.0
2015-06-23 00:00:00-04:00,35.80745727493056,36.25624523838369,35.19729826124611,35.75016403198242,65400,0.0,0.0,0.0
2015-06-24 00:00:00-04:00,35.435062991977894,35.79791293981449,34.98722933553339,35.13905334472656,11100,0.0,0.0,0.0
2015-06-25 00:00:00-04:00,34.98627630845287,35.282285966821576,34.442003187518054,34.757110595703125,28700,0.0,0.0,0.0
2015-06-26 00:00:00-04:00,34.61387771328599,34.89269829133534,33.845210620251166,34.203285217285156,22400,0.0,0.0,0.0
2015-06-29 00:00:00-04:00,33.14338436775901,34.14885919307615,32.94286346435547,32.94286346435547,48700,0.0,0.0,0.0
2015-06-30 00:00:00-04:00,33.63036622011689,34.58523178100586,33.46803718065378,34.58523178100586,29600,0.0,0.0,0.0
2015-07-01 00:00:00-04:00,38.194626407135274,38.194626407135274,33.90727799022403,34.22238540649414,70500,0.0,0.0,0.0
2015-07-02 00:00:00-04:00,34.06004869333428,34.12689262564157,33.601713716586765,34.04095458984375,34000,0.0,0.0,0.0
2015-07-06 00:00:00-04:00,33.38209756463312,34.87168908087809,33.38209756463312,34.84304428100586,44400,0.0,0.0,0.0
2015-07-07 00:00:00-04:00,35.08176671132272,35.42551529665199,34.20328839097416,34.89079284667969,37100,0.0,0.0,0.0
2015-07-08 00:00:00-04:00,34.766660022538105,34.766660022538105,33.281843566302065,33.4202995300293,17700,0.0,0.0,0.0
2015-07-09 00:00:00-04:00,33.84043527238423,34.37516131526333,33.641823054388254,34.203285217285156,12600,0.0,0.0,0.0
2015-07-10 00:00:00-04:00,34.51839282317835,35.167701721191406,34.38184555652095,35.167701721191406,28500,0.0,0.0,0.0
2015-07-13 00:00:00-04:00,35.56874199743918,36.10537670272261,35.56874199743918,35.969783782958984,46600,0.0,0.0,0.0
2015-07-14 00:00:00-04:00,36.20850287835219,36.99149604471482,35.931594614450454,36.924652099609375,59500,0.0,0.0,0.0
2015-07-15 00:00:00-04:00,37.36389218890713,37.70764438992807,36.49209796723173,36.676387786865234,58100,0.0,0.0,0.0
2015-07-16 00:00:00-04:00,37.268405865409235,37.545317783401565,36.857813336668464,37.478477478027344,30800,0.0,0.0,0.0
2015-07-17 00:00:00-04:00,37.71719198730299,37.803130038797775,37.134723376340915,37.76493453979492,39100,0.0,0.0,0.0
2015-07-20 00:00:00-04:00,38.31875359143416,38.31875359143416,36.953295633018016,37.30659484863281,78100,0.0,0.0,0.0
2015-07-21 00:00:00-04:00,36.9437511325903,37.13663367567366,36.16076158155234,36.75278091430664,42200,0.0,0.0,0.0
2015-07-22 00:00:00-04:00,36.323089347524665,37.23975947580031,34.85259540683876,36.743228912353516,36400,0.0,0.0,0.0
2015-07-23 00:00:00-04:00,36.94374986034512,37.33524462238205,36.39947674342849,36.53315734863281,17100,0.0,0.0,0.0
2015-07-24 00:00:00-04:00,36.14166375520686,38.14688382567874,35.12950848734789,35.186798095703125,32000,0.0,0.0,0.0
2015-07-27 00:00:00-04:00,34.83349799452734,35.12473230516296,33.955023357053136,34.54703903198242,56200,0.0,0.0,0.0
2015-07-28 00:00:00-04:00,35.09131027627689,35.26318637311357,33.86908349212553,35.01491928100586,35800,0.0,0.0,0.0
2015-07-29 00:00:00-04:00,35.33002468096464,35.33002468096464,33.85953088760547,34.33696365356445,28400,0.0,0.0,0.0
2015-07-30 00:00:00-04:00,33.89772527453169,34.29876703641097,33.277061242073394,34.11734390258789,20200,0.0,0.0,0.0
2015-07-31 00:00:00-04:00,34.239567410013265,35.12950126403813,33.97411492781418,34.53939437866211,13300,0.0,0.0,0.0
2015-08-03 00:00:00-04:00,34.6234234386428,35.33002555240095,34.475420443152274,34.7952995300293,62800,0.0,0.0,0.0
2015-08-04 00:00:00-04:00,34.72846214971691,35.043569557901975,34.53748829407656,34.757110595703125,16900,0.0,0.0,0.0
2015-08-05 00:00:00-04:00,34.7952995300293,35.33002555240095,34.7952995300293,34.7952995300293,11000,0.0,0.0,0.0
2015-08-06 00:00:00-04:00,35.014915777676606,35.55919245821861,32.84737432031457,32.97150421142578,31600,0.0,0.0,0.0
2015-08-07 00:00:00-04:00,32.83782488375089,32.83782488375089,31.24320120241062,31.987995147705078,56000,0.0,0.0,0.0
2015-08-10 00:00:00-04:00,32.17897147087349,32.68504907361786,32.035740173764644,32.18851852416992,16900,0.0,0.0,0.0
2015-08-11 00:00:00-04:00,31.74928146475085,32.36994556693572,31.12861736256598,31.37688446044922,50800,0.0,0.0,0.0
2015-08-12 00:00:00-04:00,31.03313150091837,31.84476579085621,30.269239761708082,31.777925491333008,14800,0.0,0.0,0.0
2015-08-13 00:00:00-04:00,32.01664050118775,32.08825614543973,31.04649821652357,31.19545555114746,12100,0.0,0.0,0.0
2015-08-14 00:00:00-04:00,31.386428760899136,31.386428760899136,30.09736176022386,30.70847511291504,16500,0.0,0.0,0.0
2015-08-17 00:00:00-04:00,30.5557005004201,32.18088150024414,30.5557005004201,32.18088150024414,33700,0.0,0.0,0.0
2015-08-18 00:00:00-04:00,32.255359357786325,32.255359357786325,31.119070585529318,31.138168334960938,43300,0.0,0.0,0.0
2015-08-19 00:00:00-04:00,31.243201972251963,31.462820611724027,30.250140925708106,30.67028045654297,15200,0.0,0.0,0.0
2015-08-20 00:00:00-04:00,30.192850377029547,30.512729471446736,28.96107290723197,29.06610870361328,34000,0.0,0.0,0.0
2015-08-21 00:00:00-04:00,28.645968033648817,29.96559226525872,28.044403506297297,29.14727210998535,72100,0.0,0.0,0.0
2015-08-24 00:00:00-04:00,25.800469986630702,29.237986649117694,25.79092111169532,27.710201263427734,47400,0.0,0.0,0.0
2015-08-25 00:00:00-04:00,29.91593920971231,29.91593920971231,28.168535232543945,28.168535232543945,24300,0.0,0.0,0.0
2015-08-26 00:00:00-04:00,28.617322461636935,28.989721298217773,27.500129594417743,28.989721298217773,23700,0.0,0.0,0.0
2015-08-27 00:00:00-04:00,29.12340189720723,30.31698394217474,29.12340189720723,29.667675018310547,12100,0.0,0.0,0.0
2015-08-28 00:00:00-04:00,29.753611685150013,30.574796676635742,29.39840193280704,30.574796676635742,14200,0.0,0.0,0.0
2015-08-31 00:00:00-04:00,30.56524683679578,30.670282637604675,29.753612518310547,29.753612518310547,15000,0.0,0.0,0.0
2015-09-01 00:00:00-04:00,29.123399342201882,29.89397508518519,29.123399342201882,29.18069076538086,18900,0.0,0.0,0.0
2015-09-02 00:00:00-04:00,29.83000055913311,30.632089614868164,29.44805469063658,30.632089614868164,8200,0.0,0.0,0.0
2015-09-03 00:00:00-04:00,31.023585832299982,31.023585832299982,29.514896392822266,29.514896392822266,21200,0.0,0.0,0.0
2015-09-04 00:00:00-04:00,28.83694239901642,29.889203625510255,28.64596854686599,29.753612518310547,31900,0.0,0.0,0.0
2015-09-08 00:00:00-04:00,30.78486910768766,31.378793452757275,30.145107249917533,31.319591522216797,15700,0.0,0.0,0.0
2015-09-09 00:00:00-04:00,31.606049043805147,31.606049043805147,30.23104392849193,30.26923942565918,5300,0.0,0.0,0.0
2015-09-10 00:00:00-04:00,30.351357813985146,31.138168334960938,30.351357813985146,31.138168334960938,4000,0.0,0.0,0.0
2015-09-11 00:00:00-04:00,31.17636412533127,31.88296264829183,31.052230574126682,31.86386489868164,4800,0.0,0.0,0.0
2015-09-14 00:00:00-04:00,31.835215143299397,32.150318856542334,31.644241319428335,32.06438446044922,11300,0.0,0.0,0.0
2015-09-15 00:00:00-04:00,32.16560498290687,32.4558849556219,32.16560498290687,32.35084915161133,4200,0.0,0.0,0.0
2015-09-16 00:00:00-04:00,32.44632985496824,32.524629526785546,31.8065717065079,32.0452880859375,6500,0.0,0.0,0.0
2015-09-17 00:00:00-04:00,31.74928063690862,33.73540279809475,31.74928063690862,33.47758865356445,15100,0.0,0.0,0.0
2015-09-18 00:00:00-04:00,33.29616537583561,33.76214248131003,33.26179088144145,33.71057891845703,9600,0.0,0.0,0.0
2015-09-21 00:00:00-04:00,33.97411485551952,33.97411485551952,31.26229680020117,31.52010726928711,14800,0.0,0.0,0.0
2015-09-22 00:00:00-04:00,30.813510903381882,31.271845917900265,30.049617391256454,30.70847511291504,24000,0.0,0.0,0.0
2015-09-23 00:00:00-04:00,30.51750342983796,31.195457125590814,29.982779208556398,30.574796676635742,19300,0.0,0.0,0.0
2015-09-24 00:00:00-04:00,30.250141143798828,30.291199663394416,29.43850505591845,30.250141143798828,5100,0.0,0.0,0.0
2015-09-25 00:00:00-04:00,30.65118481008022,30.65118481008022,27.53832450529164,27.901172637939453,10600,0.0,0.0,0.0
2015-09-28 00:00:00-04:00,27.500129346771217,27.500129346771217,25.007931297157263,25.313488006591797,68500,0.0,0.0,0.0
2015-09-29 00:00:00-04:00,26.526167825854348,26.526167825854348,23.823898168983202,24.13900375366211,34600,0.0,0.0,0.0
2015-09-30 00:00:00-04:00,25.055671443301005,25.408972492936748,24.486570942824283,25.18935203552246,20600,0.0,0.0,0.0
2015-10-01 00:00:00-04:00,24.94109008064741,25.351680755615234,24.39681516299302,25.351680755615234,8300,0.0,0.0,0.0
2015-10-02 00:00:00-04:00,24.75966724831725,26.63024875627469,24.600204855406552,26.573911666870117,22400,0.0,0.0,0.0
2015-10-05 00:00:00-04:00,27.08953738408576,27.691101899865686,25.981891632530495,26.869916915893555,29400,0.0,0.0,0.0
2015-10-06 00:00:00-04:00,26.564362467360116,26.564362467360116,24.722427607791772,25.74317741394043,11400,0.0,0.0,0.0
2015-10-07 00:00:00-04:00,25.620954792049123,26.766792433312038,25.50445961385373,26.258804321289062,7100,0.0,0.0,0.0
2015-10-08 00:00:00-04:00,26.31609615585605,26.31609615585605,25.12251412275512,25.81001853942871,3300,0.0,0.0,0.0
2015-10-09 00:00:00-04:00,26.464099498563765,26.550991886875064,26.134671531568177,26.22060775756836,14000,0.0,0.0,0.0
2015-10-12 00:00:00-04:00,26.344742939031374,26.444049052204246,25.7813720703125,25.7813720703125,3700,0.0,0.0,0.0
2015-10-13 00:00:00-04:00,25.51018917833312,26.258804193059486,24.616436004638672,24.616436004638672,14200,0.0,0.0,0.0
2015-10-14 00:00:00-04:00,24.6794594576445,25.3822406692557,24.58779170960416,24.73770523071289,4900,0.0,0.0,0.0
2015-10-15 00:00:00-04:00,24.71192095766915,26.927210682310047,24.71192095766915,26.894744873046875,16400,0.0,0.0,0.0
2015-10-16 00:00:00-04:00,26.86036789224491,27.118182035258524,26.306545930175783,26.40203285217285,17600,0.0,0.0,0.0
2015-10-19 00:00:00-04:00,26.172864917272314,27.220352555689367,25.647689586505297,26.669395446777344,36000,0.0,0.0,0.0
2015-10-20 00:00:00-04:00,26.507069321373702,26.53571594507848,25.29725441462547,25.71453094482422,10400,0.0,0.0,0.0
2015-10-21 00:00:00-04:00,25.68588487220134,25.68588487220134,24.368171114957722,25.62859344482422,32400,0.0,0.0,0.0
2015-10-22 00:00:00-04:00,25.456716133538112,26.09647614288858,24.49230168235239,25.122512817382812,15900,0.0,0.0,0.0
2015-10-23 00:00:00-04:00,25.1607093869349,26.086928380313054,25.1607093869349,25.83866310119629,6000,0.0,0.0,0.0
2015-10-26 00:00:00-04:00,25.638140162022438,26.34474044441519,25.638140162022438,25.762271881103516,5700,0.0,0.0,0.0
2015-10-27 00:00:00-04:00,25.781371398360353,26.07737922668457,25.594218555245604,26.07737922668457,5800,0.0,0.0,0.0
2015-10-28 00:00:00-04:00,25.78137137692404,26.965404510498047,25.695433326633363,26.965404510498047,4300,0.0,0.0,0.0
2015-10-29 00:00:00-04:00,27.13728017311778,27.509677170859614,26.38293548190972,26.449777603149414,4600,0.0,0.0,0.0
2015-10-30 00:00:00-04:00,26.478421062303102,26.478421062303102,25.962794616294556,26.153766632080078,6000,0.0,0.0,0.0
2015-11-02 00:00:00-05:00,26.03918512357666,28.015756607055664,26.03918512357666,28.015756607055664,7500,0.0,0.0,0.0
2015-11-03 00:00:00-05:00,28.25447231236398,28.913330064459743,27.691101481352778,28.521835327148438,19200,0.0,0.0,0.0
2015-11-04 00:00:00-05:00,28.416800120660078,29.027913514245807,28.31176432316444,29.00881576538086,5500,0.0,0.0,0.0
2015-11-05 00:00:00-05:00,28.875134981637366,28.875134981637366,27.94891602273521,28.359508514404297,3300,0.0,0.0,0.0
2015-11-06 00:00:00-05:00,28.398654121504226,29.008813118348634,28.18763002596554,28.836938858032227,3900,0.0,0.0,0.0
2015-11-09 00:00:00-05:00,28.957255235821023,29.467153859944588,28.88468524411896,29.409860610961914,10200,0.0,0.0,0.0
2015-11-10 00:00:00-05:00,29.40985950907227,29.40985950907227,28.67461438729165,29.19024085998535,7800,0.0,0.0,0.0
2015-11-11 00:00:00-05:00,29.572188119274372,29.572188119274372,28.884685516357422,28.884685516357422,3600,0.0,0.0,0.0
2015-11-12 00:00:00-05:00,28.607770862656796,28.72235552944655,27.92981719970703,27.92981719970703,9000,0.0,0.0,0.0
2015-11-13 00:00:00-05:00,26.787799495113564,28.789196548042913,26.787799495113564,28.311763763427734,11100,0.0,0.0,0.0
2015-11-16 00:00:00-05:00,28.02530685124878,28.02530685124878,27.11818376626552,27.710201263427734,4900,0.0,0.0,0.0
2015-11-17 00:00:00-05:00,27.853430744935178,28.32609003729758,27.423740479151178,27.710201263427734,10300,0.0,0.0,0.0
2015-11-18 00:00:00-05:00,27.75794353266297,28.62687110900879,27.75794353266297,28.62687110900879,7200,0.0,0.0,0.0
2015-11-19 00:00:00-05:00,28.827394388699304,28.827394388699304,27.91454160641194,27.968015670776367,5500,0.0,0.0,0.0
2015-11-20 00:00:00-05:00,27.92981776231072,28.43398666381836,27.92981776231072,28.43398666381836,4500,0.0,0.0,0.0
2015-11-23 00:00:00-05:00,28.62687106560586,29.276179983486774,28.62687106560586,29.22557258605957,8500,0.0,0.0,0.0
2015-11-24 00:00:00-05:00,29.1997902724173,29.4022216796875,29.142498845787294,29.4022216796875,3100,0.0,0.0,0.0
2015-11-25 00:00:00-05:00,29.295276649870043,30.19285081617792,29.295276649870043,30.078266143798828,49700,0.0,0.0,0.0
2015-11-27 00:00:00-05:00,29.954133746781185,30.536600506305803,29.954133746781185,30.47930908203125,7700,0.0,0.0,0.0
2015-11-30 00:00:00-05:00,30.78486716714444,30.78486716714444,29.801353166302995,30.250141143798828,15500,0.0,0.0,0.0
2015-12-01 00:00:00-05:00,30.221493012235996,30.221493012235996,29.533990501031607,30.087812423706055,7400,0.0,0.0,0.0
2015-12-02 00:00:00-05:00,30.221494658233226,30.50795541944972,29.829999923706055,29.829999923706055,5900,0.0,0.0,0.0
2015-12-03 00:00:00-05:00,30.1737550940645,30.1737550940645,28.502740196052752,28.69371223449707,10000,0.0,0.0,0.0
2015-12-04 00:00:00-05:00,29.131996175568872,29.15204826632794,28.40725242114458,29.123401641845703,10000,0.0,0.0,0.0
2015-12-07 00:00:00-05:00,28.81784214346344,28.81784214346344,27.8820743560791,27.8820743560791,20500,0.0,0.0,0.0
2015-12-08 00:00:00-05:00,27.29960675697116,28.588675639069386,27.29960675697116,28.416799545288086,5400,0.0,0.0,0.0
2015-12-09 00:00:00-05:00,28.378606161236483,28.378606161236483,27.50012969970703,27.50012969970703,2700,0.0,0.0,0.0
2015-12-10 00:00:00-05:00,27.356900049880387,27.826694495472495,27.356900049880387,27.823829650878906,3700,0.0,0.0,0.0
2015-12-11 00:00:00-05:00,27.290057998349678,27.290057998349678,26.717138290405273,26.717138290405273,16400,0.0,0.0,0.0
2015-12-14 00:00:00-05:00,26.306544809633408,26.984500287799285,26.125121668954513,26.28744888305664,8800,0.0,0.0,0.0
2015-12-15 00:00:00-05:00,26.946304313167495,27.264274706102768,26.946304313167495,27.051340103149414,3200,0.0,0.0,0.0
2015-12-16 00:00:00-05:00,27.262369141720033,28.235376358032227,27.262369141720033,28.235376358032227,5100,0.0,0.0,0.0
2015-12-17 00:00:00-05:00,28.063501059599353,28.50274020861207,27.69110403639639,28.11506462097168,5500,0.0,0.0,0.0
2015-12-18 00:00:00-05:00,28.08546133822114,28.48364010927158,27.83433122504898,27.88302993774414,5600,0.0,0.0,0.0
2015-12-21 00:00:00-05:00,28.113359817486906,28.204530358270407,27.87919245605557,27.975162506103516,3600,0.147,0.0,0.0
2015-12-22 00:00:00-05:00,27.994354000826714,28.24483454264183,27.72563825444593,27.927175521850586,9800,0.0,0.0,0.0
2015-12-23 00:00:00-05:00,27.98571867479426,28.393590927124023,27.98571867479426,28.393590927124023,9100,0.0,0.0,0.0
2015-12-24 00:00:00-05:00,28.167100096500217,28.560575619209168,28.167100096500217,28.531784057617188,2200,0.0,0.0,0.0
2015-12-28 00:00:00-05:00,28.08072815361259,28.08072815361259,27.54329846645304,27.630630493164062,13000,0.0,0.0,0.0
2015-12-29 00:00:00-05:00,27.73523568040323,28.339845657348633,27.696848762290344,28.339845657348633,17900,0.0,0.0,0.0
2015-12-30 00:00:00-05:00,28.157504201509507,28.536584876057418,28.08072853088379,28.08072853088379,6000,0.0,0.0,0.0
2015-12-31 00:00:00-05:00,27.79281949062088,28.109521203743334,27.70644845942328,27.879192352294922,25800,0.0,0.0,0.0
2016-01-04 00:00:00-05:00,27.3801506541959,27.3801506541959,26.314886609112957,26.581682205200195,8100,0.0,0.0,0.0
2016-01-05 00:00:00-05:00,26.583602617873904,26.747710319960948,26.391662521887792,26.428131103515625,3700,0.0,0.0,0.0
2016-01-06 00:00:00-05:00,25.99818552216996,25.99818552216996,24.433878769438294,24.85614585876465,26500,0.0,0.0,0.0
2016-01-07 00:00:00-05:00,23.8484650984559,23.992419247847725,23.2438551083434,23.444433212280273,10000,0.0,0.0,0.0
2016-01-08 00:00:00-05:00,23.92907766023696,23.92907766023696,22.797594424840945,22.850378036499023,5800,0.0,0.0,0.0
2016-01-11 00:00:00-05:00,22.725620324207046,22.811993181912882,20.710256695198144,21.2476863861084,16500,0.0,0.0,0.0
2016-01-12 00:00:00-05:00,22.14980111702745,22.468421143810847,20.835015752231495,21.61237144470215,8400,0.0,0.0,0.0
2016-01-13 00:00:00-05:00,22.063425993351846,22.063425993351846,19.8733986106535,19.94249725341797,10000,0.0,0.0,0.0
2016-01-14 00:00:00-05:00,19.875319011746072,21.17091000323997,19.001995106989536,20.921388626098633,26900,0.0,0.0,0.0
2016-01-15 00:00:00-05:00,20.048064572943805,20.16322898864746,19.29950227753704,20.16322898864746,16500,0.0,0.0,0.0
2016-01-19 00:00:00-05:00,20.73904699625002,20.73904699625002,18.858040446782038,19.2131290435791,23600,0.0,0.0,0.0
2016-01-20 00:00:00-05:00,18.67569693693724,20.54038838986674,18.289900283293367,20.24000358581543,19200,0.0,0.0,0.0
2016-01-21 00:00:00-05:00,20.278392789959153,20.75824119496078,19.836933135986328,19.836933135986328,7900,0.0,0.0,0.0
2016-01-22 00:00:00-05:00,20.796629453705545,20.796629453705545,20.000081193477264,20.364765167236328,18900,0.0,0.0,0.0
2016-01-25 00:00:00-05:00,20.5759011898379,20.619087621754662,20.105649948120117,20.105649948120117,1500,0.0,0.0,0.0
2016-01-26 00:00:00-05:00,20.115243659900997,20.15363240978638,19.21313000331067,19.827335357666016,11900,0.0,0.0,0.0
2016-01-27 00:00:00-05:00,19.76975434250269,19.97128979081799,18.72752319849341,18.76207160949707,11900,0.0,0.0,0.0
2016-01-28 00:00:00-05:00,18.954012959798177,18.990481542936372,17.984718912829802,17.99431610107422,16600,0.0,0.0,0.0
2016-01-29 00:00:00-05:00,18.432897734393077,18.531745292541537,17.821569857317535,18.426179885864258,10300,0.0,0.0,0.0
2016-02-01 00:00:00-05:00,18.263029235900248,18.579729080200195,18.04229759919477,18.579729080200195,2300,0.0,0.0,0.0
2016-02-02 00:00:00-05:00,17.999114232069367,18.426180882529067,17.95592779912295,18.032705307006836,3000,0.0,0.0,0.0
2016-02-03 00:00:00-05:00,17.610435865972047,17.648822784423828,16.87146892339315,17.648822784423828,12900,0.0,0.0,0.0
2016-02-04 00:00:00-05:00,17.99431415250393,18.757273145789146,17.945369046900513,18.0528564453125,4200,0.0,0.0,0.0
2016-02-05 00:00:00-05:00,17.66801933479696,17.66801933479696,17.25055170641038,17.27454376220703,4700,0.0,0.0,0.0
2016-02-08 00:00:00-05:00,16.42041186936025,16.679528598979942,15.754382094976073,16.0595645904541,18500,0.0,0.0,0.0
2016-02-09 00:00:00-05:00,15.412729486862919,16.353233704887202,15.412729486862919,15.88778018951416,7900,0.0,0.0,0.0
2016-02-10 00:00:00-05:00,16.266860838274447,16.872428162144274,15.95016098022461,15.95016098022461,4700,0.0,0.0,0.0
2016-02-11 00:00:00-05:00,15.470313871087447,16.16129493713379,15.470313871087447,16.16129493713379,3100,0.0,0.0,0.0
2016-02-12 00:00:00-05:00,15.902177242471067,16.554771423339844,15.892580053872813,16.554771423339844,22900,0.0,0.0,0.0
2016-02-16 00:00:00-05:00,17.05477115228662,17.377229690551758,17.005826046078823,17.377229690551758,11600,0.0,0.0,0.0
2016-02-17 00:00:00-05:00,18.742878198862993,18.91562207637712,17.620992096975055,18.24383544921875,20500,0.0,0.0,0.0
2016-02-18 00:00:00-05:00,18.464567044549465,18.565334773776783,17.551895141601562,17.551895141601562,8200,0.0,0.0,0.0
2016-02-19 00:00:00-05:00,17.44728793074307,17.76878547668457,17.44728793074307,17.76878547668457,2000,0.0,0.0,0.0
2016-02-22 00:00:00-05:00,18.061492539484615,18.330208288416813,17.92137690186795,18.02310562133789,4800,0.0,0.0,0.0
2016-02-23 00:00:00-05:00,17.706405129567,17.706405129567,16.881065368652344,16.881065368652344,9700,0.0,0.0,0.0
2016-02-24 00:00:00-05:00,16.506785528104768,17.092199325561523,16.218875392680914,17.092199325561523,14500,0.0,0.0,0.0
2016-02-25 00:00:00-05:00,17.12099197644649,17.12099197644649,16.612351986202288,16.794694900512695,4900,0.0,0.0,0.0
2016-02-26 00:00:00-05:00,17.135386254755197,17.216961436174252,16.794694323506967,17.182411193847656,6400,0.0,0.0,0.0
2016-02-29 00:00:00-05:00,17.274542719801758,17.274542719801758,16.564367294311523,16.564367294311523,5400,0.0,0.0,0.0
2016-03-01 00:00:00-05:00,16.612351299489916,17.387786865234375,16.554770003316122,17.387786865234375,5600,0.0,0.0,0.0
2016-03-02 00:00:00-05:00,17.572047567712794,18.474163055419922,17.572047567712794,18.474163055419922,11000,0.0,0.0,0.0
2016-03-03 00:00:00-05:00,18.752475435473194,18.752475435473194,18.210246257401593,18.295658111572266,4000,0.0,0.0,0.0
2016-03-04 00:00:00-05:00,18.195851653731477,18.74288040353877,18.165141749481727,18.311016082763672,13000,0.0,0.0,0.0
2016-03-07 00:00:00-05:00,18.31101418675219,19.47224822322069,18.31101418675219,19.097965240478516,27700,0.0,0.0,0.0
2016-03-08 00:00:00-05:00,19.107563945557683,19.117161133618673,17.831167221069336,17.831167221069336,9400,0.0,0.0,0.0
2016-03-09 00:00:00-05:00,17.754390607800495,17.777423491833076,17.360915070498162,17.65842056274414,10800,0.0,0.0,0.0
2016-03-10 00:00:00-05:00,17.72559878161077,17.98471735026766,16.89066361212925,17.149782180786133,7100,0.0,0.0,0.0
2016-03-11 00:00:00-05:00,17.274541345116166,17.581644009486475,17.178571304881377,17.529821395874023,2900,0.0,0.0,0.0
2016-03-14 00:00:00-04:00,17.236152528994648,18.330208054603276,17.236152528994648,18.17665672302246,20700,0.0,0.0,0.0
2016-03-15 00:00:00-04:00,17.821569146256124,17.821569146256124,16.79469387101863,16.81292724609375,17900,0.0,0.0,0.0
2016-03-16 00:00:00-04:00,16.818686196226704,17.059569567887895,16.314845738058416,16.57108497619629,16400,0.0,0.0,0.0
2016-03-17 00:00:00-04:00,16.305248032534287,16.756304859056037,16.036532275822157,16.679529190063477,6200,0.0,0.0,0.0
2016-03-18 00:00:00-04:00,16.401217813415467,17.341720201113315,16.401217813415467,17.303333282470703,6500,0.0,0.0,0.0
2016-03-21 00:00:00-04:00,16.81388854022465,18.06149366027059,16.81388854022465,17.777423858642578,11800,0.0,0.0,0.0
2016-03-22 00:00:00-04:00,17.83116356165835,18.444409658233095,17.83116356165835,18.272624969482422,19300,0.0,0.0,0.0
2016-03-23 00:00:00-04:00,18.234238613708566,18.50295436803996,17.05381202697754,17.05381202697754,10200,0.0,0.0,0.0
2016-03-24 00:00:00-04:00,16.804289688844417,17.5768458368146,16.49718703311182,17.160337448120117,16000,0.0,0.0,0.0
2016-03-28 00:00:00-04:00,17.456885113581848,17.639226185644322,16.890663861337327,17.02597999572754,6100,0.0,0.0,0.0
2016-03-29 00:00:00-04:00,17.108514973704455,18.04326057434082,16.639222918852862,18.04326057434082,17300,0.0,0.0,0.0
2016-03-30 00:00:00-04:00,18.454968797613468,18.464565985152547,17.58164486679706,17.78318214416504,20500,0.0,0.0,0.0
2016-03-31 00:00:00-04:00,17.735194031156666,18.61811504121734,17.735194031156666,18.2822208404541,14300,0.0,0.0,0.0
2016-04-01 00:00:00-04:00,18.109480057176444,18.790863930469023,18.109480057176444,18.764951705932617,9800,0.0,0.0,0.0
2016-04-04 00:00:00-04:00,18.896428743432118,19.654588192925782,18.896428743432118,19.174739837646484,41100,0.0,0.0,0.0
2016-04-05 00:00:00-04:00,19.184337367836005,19.46552963663676,19.097964515901438,19.117158889770508,90100,0.0,0.0,0.0
2016-04-06 00:00:00-04:00,19.501038730991347,20.43194580078125,19.501038730991347,20.43194580078125,19700,0.0,0.0,0.0
2016-04-07 00:00:00-04:00,20.46073551710113,20.863808246989535,19.50103871550745,20.365726470947266,33900,0.0,0.0,0.0
2016-04-08 00:00:00-04:00,20.873404632150958,20.873404632150958,19.83693219949769,19.884916305541992,10200,0.0,0.0,0.0
2016-04-11 00:00:00-04:00,20.067260680100407,20.067260680100407,19.376279617641618,19.40506935119629,12500,0.0,0.0,0.0
2016-04-12 00:00:00-04:00,19.443454862608228,19.625797743461423,18.973203711335156,19.539424896240234,25600,0.0,0.0,0.0
2016-04-13 00:00:00-04:00,19.904109831261973,20.230406863780715,19.81773697968488,20.197776794433594,39200,0.0,0.0,0.0
2016-04-14 00:00:00-04:00,20.259199807866896,20.403153960166563,20.09605128046691,20.232328414916992,3900,0.0,0.0,0.0
2016-04-15 00:00:00-04:00,20.201615429361745,20.278391094523894,19.843649325281348,20.249601364135742,11700,0.0,0.0,0.0
2016-04-18 00:00:00-04:00,20.278391721380537,20.54710747299286,20.278391721380537,20.355167388916016,10500,0.0,0.0,0.0
2016-04-19 00:00:00-04:00,20.297584637377987,20.422346232205943,19.721766256999825,20.048063278198242,10500,0.0,0.0,0.0
2016-04-20 00:00:00-04:00,20.19201937582873,20.224647613777183,19.702573840887744,19.864761352539062,9200,0.0,0.0,0.0
2016-04-21 00:00:00-04:00,19.731366577817894,20.441542021918497,19.731366577817894,20.383960723876953,7400,0.0,0.0,0.0
2016-04-22 00:00:00-04:00,20.6238827513523,20.758239709384974,20.10564746288609,20.66227149963379,7500,0.0,0.0,0.0
2016-04-25 00:00:00-04:00,20.68146535857451,21.07494090110223,20.43194580078125,20.43194580078125,46600,0.0,0.0,0.0
2016-04-26 00:00:00-04:00,20.412750624410908,20.433863338194193,19.597008008323538,19.884916305541992,3900,0.0,0.0,0.0
2016-04-27 00:00:00-04:00,19.74096141814663,19.772632318112617,19.343647397101833,19.683380126953125,3500,0.0,0.0,0.0
2016-04-28 00:00:00-04:00,19.49144305517216,20.0192774356953,19.479927527347915,19.548065185546875,6100,0.0,0.0,0.0
2016-04-29 00:00:00-04:00,19.303341123216892,19.32733317635164,18.798539685413605,18.97320556640625,13700,0.0,0.0,0.0
2016-05-02 00:00:00-04:00,19.07877073193446,19.12675666809082,18.664182494210756,19.12675666809082,5900,0.0,0.0,0.0
2016-05-03 00:00:00-04:00,19.04038303259778,19.04038303259778,18.550937486733908,18.557655334472656,5800,0.0,0.0,0.0
2016-05-04 00:00:00-04:00,18.301416000506745,18.301416000506745,17.532698363273376,17.572046279907227,15400,0.0,0.0,0.0
2016-05-05 00:00:00-04:00,17.284139143581704,17.360914812390078,17.10275541333135,17.149782180786133,13400,0.0,0.0,0.0
2016-05-06 00:00:00-04:00,17.159378264958224,17.196807846588737,16.631545748339935,16.90985870361328,9300,0.0,0.0,0.0
2016-05-09 00:00:00-04:00,17.101796472701174,17.79277933170412,17.101796472701174,17.78318214416504,9300,0.0,0.0,0.0
2016-05-10 00:00:00-04:00,17.888747787628116,17.888747787628116,17.274542420646462,17.62963104248047,12700,0.0,0.0,0.0
2016-05-11 00:00:00-04:00,17.62963366157538,17.830209971361672,17.168977737426758,17.168977737426758,7100,0.0,0.0,0.0
2016-05-12 00:00:00-04:00,17.341718974044465,17.341718974044465,16.324440990565847,16.482789993286133,19000,0.0,0.0,0.0
2016-05-13 00:00:00-04:00,16.833083153337512,17.037497946943986,16.704483032226562,16.704483032226562,2900,0.0,0.0,0.0
2016-05-16 00:00:00-04:00,17.025020232481268,17.399301381584205,17.025020232481268,17.20736312866211,3300,0.0,0.0,0.0
2016-05-17 00:00:00-04:00,17.312931924316963,17.801416533704575,17.216961873932934,17.26494598388672,12600,0.0,0.0,0.0
2016-05-18 00:00:00-04:00,17.245750073060456,17.758228522297305,17.245750073060456,17.648822784423828,19500,0.0,0.0,0.0
2016-05-19 00:00:00-04:00,17.930016756158718,17.930016756158718,17.236154514482934,17.581645965576172,4800,0.0,0.0,0.0
2016-05-20 00:00:00-04:00,17.581644511918995,18.186254501342773,17.581644511918995,18.186254501342773,24800,0.0,0.0,0.0
2016-05-23 00:00:00-04:00,18.19585045543009,18.800460464698183,18.19585045543009,18.637311935424805,31400,0.0,0.0,0.0
2016-05-24 00:00:00-04:00,18.848443751743496,19.0211894611548,18.74287835302927,19.001995086669922,17800,0.0,0.0,0.0
2016-05-25 00:00:00-04:00,19.24191762027513,19.52982772134085,19.174739145835975,19.414663314819336,24900,0.0,0.0,0.0
2016-05-26 00:00:00-04:00,19.433860048014928,19.433860048014928,19.232324600219727,19.232324600219727,2500,0.0,0.0,0.0
2016-05-27 00:00:00-04:00,19.28990662061641,19.433860778808594,19.155547819890796,19.433860778808594,4000,0.0,0.0,0.0
2016-05-31 00:00:00-04:00,19.558620626065498,20.153633467172607,19.558620626065498,20.096052169799805,15500,0.0,0.0,0.0
2016-06-01 00:00:00-04:00,20.13443761200035,20.345572070983227,20.067259131588095,20.22273063659668,29900,0.0,0.0,0.0
2016-06-02 00:00:00-04:00,20.52791239019753,20.940582275390625,20.46073391223144,20.940582275390625,8900,0.0,0.0,0.0
2016-06-03 00:00:00-04:00,20.748645839510356,20.807186305215126,20.083575188641248,20.278392791748047,11500,0.0,0.0,0.0
2016-06-06 00:00:00-04:00,20.278393344548064,20.76783895069262,20.278393344548064,20.633481979370117,6200,0.0,0.0,0.0
2016-06-07 00:00:00-04:00,20.50872017081836,20.566301462773755,20.31678009033203,20.31678009033203,3500,0.0,0.0,0.0
2016-06-08 00:00:00-04:00,20.173785714835855,20.355167613604838,20.173785714835855,20.2822322845459,21200,0.0,0.0,0.0
2016-06-09 00:00:00-04:00,19.9137060138813,19.934818725699408,19.49143896418616,19.539424896240234,17200,0.0,0.0,0.0
2016-06-10 00:00:00-04:00,19.23232318629336,19.23232318629336,18.91562151079619,19.021188735961914,27900,0.0,0.0,0.0
2016-06-13 00:00:00-04:00,18.80046229025147,19.12195987094776,18.59220714180014,18.717927932739258,23100,0.0,0.0,0.0
2016-06-14 00:00:00-04:00,18.416581422600483,18.570132758476642,17.906982308875723,18.07588768005371,10600,0.0,0.0,0.0
2016-06-15 00:00:00-04:00,18.33116831536114,18.559576987207908,18.33116831536114,18.54134178161621,22700,0.0,0.0,0.0
2016-06-16 00:00:00-04:00,18.013509032110242,18.253433227539062,17.822528113181175,18.253433227539062,8000,0.0,0.0,0.0
2016-06-17 00:00:00-04:00,18.330209220411604,18.466486356190202,17.651702880859375,17.651702880859375,7500,0.0,0.0,0.0
2016-06-20 00:00:00-04:00,17.840763789641127,18.237118673462643,17.754390930567823,17.946331024169922,8800,0.0,0.0,0.0
2016-06-21 00:00:00-04:00,17.831166629258064,17.831166629258064,17.317728983132923,17.600839614868164,4800,0.0,0.0,0.0
2016-06-22 00:00:00-04:00,17.552853808598865,18.001990436448434,17.27454088242018,17.53557777404785,10700,0.0,0.0,0.0
2016-06-23 00:00:00-04:00,17.687211765345328,18.061492919921875,17.687211765345328,18.061492919921875,9300,0.0,0.0,0.0
2016-06-24 00:00:00-04:00,17.178572533091835,17.4520859775067,16.95784270610377,17.034618377685547,18400,0.0,0.0,0.0
2016-06-27 00:00:00-04:00,16.919453870807473,16.96743980935484,16.077800826974556,16.151697158813477,10700,0.0,0.0,0.0
2016-06-28 00:00:00-04:00,16.535575597165774,17.05381275320009,16.535575597165774,17.034618377685547,11500,0.0,0.0,0.0
2016-06-29 00:00:00-04:00,17.08260199653101,17.936733377691002,16.965519238009275,17.385866165161133,8200,0.0,0.0,0.0
2016-06-30 00:00:00-04:00,17.17857370854391,17.45688668111931,17.17857370854391,17.27454376220703,5100,0.0,0.0,0.0
2016-07-01 00:00:00-04:00,17.478957582188986,17.888748168945312,17.478957582188986,17.888748168945312,11200,0.0,0.0,0.0
2016-07-05 00:00:00-04:00,17.591240298278855,17.7543888092041,17.467439703192998,17.7543888092041,7800,0.0,0.0,0.0
2016-07-06 00:00:00-04:00,17.466483999698937,18.152667417360604,17.466483999698937,18.032705307006836,7500,0.0,0.0,0.0
2016-07-07 00:00:00-04:00,17.811971179242718,18.263029823545747,17.811971179242718,18.24383544921875,12500,0.0,0.0,0.0
2016-07-08 00:00:00-04:00,18.195849977397906,18.570132964413496,18.128671496016636,18.502954483032227,14300,0.0,0.0,0.0
2016-07-11 00:00:00-04:00,18.493357533369053,18.63731168539045,18.349403381347656,18.349403381347656,21800,0.0,0.0,0.0
2016-07-12 00:00:00-04:00,18.445373146970226,18.858043093153178,18.445373146970226,18.627716064453125,8500,0.0,0.0,0.0
2016-07-13 00:00:00-04:00,18.52214839428868,18.59124705044154,17.91946035657532,17.92713737487793,14900,0.0,0.0,0.0
2016-07-14 00:00:00-04:00,18.243833598957703,18.243833598957703,17.688168782736874,17.773582458496094,10100,0.0,0.0,0.0
2016-07-15 00:00:00-04:00,17.74479165021056,18.043258112773394,17.74479165021056,17.97511863708496,5900,0.0,0.0,0.0
2016-07-18 00:00:00-04:00,18.099881302718835,18.24383544921875,18.071089741228338,18.24383544921875,4700,0.0,0.0,0.0
2016-07-19 00:00:00-04:00,17.840764061846734,17.935773109991135,17.647864795671616,17.668018341064453,5200,0.0,0.0,0.0
2016-07-20 00:00:00-04:00,17.66801801550387,18.282223384321924,17.66801801550387,18.26974868774414,7600,0.0,0.0,0.0
2016-07-21 00:00:00-04:00,18.45496721291097,18.618115726113288,18.45496721291097,18.600841522216797,2300,0.0,0.0,0.0
2016-07-22 00:00:00-04:00,18.291821112215406,18.71408823098645,18.291821112215406,18.52214813232422,12400,0.0,0.0,0.0
2016-07-25 00:00:00-04:00,18.330209729430596,18.62675606309381,18.301418165699918,18.550939559936523,6000,0.0,0.0,0.0
2016-07-26 00:00:00-04:00,18.454970093595225,18.72272670245235,18.454970093595225,18.670902252197266,15000,0.0,0.0,0.0
2016-07-27 00:00:00-04:00,18.675696435036308,19.414663314819336,18.675696435036308,19.414663314819336,51900,0.0,0.0,0.0
2016-07-28 00:00:00-04:00,19.194895094264943,19.19585609436035,19.002956833304307,19.19585609436035,3500,0.0,0.0,0.0
2016-07-29 00:00:00-04:00,19.030786759864263,19.18529726527704,18.704489713615352,19.097965240478516,4700,0.0,0.0,0.0
2016-08-01 00:00:00-04:00,19.22272495642569,19.568214512854368,19.22272495642569,19.399309158325195,52300,0.0,0.0,0.0
2016-08-02 00:00:00-04:00,19.462651506654144,19.462651506654144,19.001995657558798,19.357084274291992,7700,0.0,0.0,0.0
2016-08-03 00:00:00-04:00,19.2035340915371,19.865725427238786,19.145952793360227,19.817739486694336,5100,0.0,0.0,0.0
2016-08-04 00:00:00-04:00,19.961693007502152,19.980887383104655,19.645954132080078,19.645954132080078,6600,0.0,0.0,0.0
2016-08-05 00:00:00-04:00,19.68338155852356,20.307184111504988,19.66418718323764,20.211214065551758,7100,0.0,0.0,0.0
2016-08-08 00:00:00-04:00,20.268799139683267,20.268799139683267,19.769756317138672,19.769756317138672,6500,0.0,0.0,0.0
2016-08-09 00:00:00-04:00,19.673784260739072,19.938659682391677,19.673784260739072,19.894514083862305,3500,0.0,0.0,0.0
2016-08-10 00:00:00-04:00,19.673783036335085,19.673783036335085,19.193934669595205,19.2131290435791,13000,0.0,0.0,0.0
2016-08-11 00:00:00-04:00,19.433858374070674,19.568215327694578,19.19393419661301,19.454011917114258,5900,0.0,0.0,0.0
2016-08-12 00:00:00-04:00,19.606605897134937,19.835973739624023,19.501038663488785,19.835973739624023,3900,0.0,0.0,0.0
2016-08-15 00:00:00-04:00,20.153632304325498,20.489526542159524,20.153632304325498,20.253440856933594,6900,0.0,0.0,0.0
2016-08-16 00:00:00-04:00,19.865723381198894,20.144034485786612,19.846529006958008,19.846529006958008,21300,0.0,0.0,0.0
2016-08-17 00:00:00-04:00,19.84652899124372,19.84652899124372,19.574933904331452,19.62579917907715,6800,0.0,0.0,0.0
2016-08-18 00:00:00-04:00,19.71217180223323,19.85804428540527,19.513513875319337,19.77935028076172,8200,0.0,0.0,0.0
2016-08-19 00:00:00-04:00,19.702574251692983,19.702574251692983,19.616201400756836,19.616201400756836,3300,0.0,0.0,0.0
2016-08-22 00:00:00-04:00,19.779350653762418,20.16322898864746,19.779350653762418,20.16322898864746,11700,0.0,0.0,0.0
2016-08-23 00:00:00-04:00,20.278392791748047,20.345573106054374,20.086454528016304,20.278392791748047,5400,0.0,0.0,0.0
2016-08-24 00:00:00-04:00,20.316780182031913,20.73136841474401,19.279348600206745,19.28030776977539,15600,0.0,0.0,0.0
2016-08-25 00:00:00-04:00,19.314856603895926,19.43385953017144,18.752475704285416,18.995277404785156,3400,0.0,0.0,0.0
2016-08-26 00:00:00-04:00,19.232325113829415,19.440578415445973,19.088369126729713,19.241920471191406,9000,0.0,0.0,0.0
2016-08-29 00:00:00-04:00,19.359003718866166,19.38587511075528,19.359003718866166,19.376277923583984,3100,0.0,0.0,0.0
2016-08-30 00:00:00-04:00,19.53942649091027,19.721767556168714,19.53942649091027,19.619081497192383,4400,0.0,0.0,0.0
2016-08-31 00:00:00-04:00,19.52982889240837,19.52982889240837,19.14595056511172,19.2131290435791,3500,0.0,0.0,0.0
2016-09-01 00:00:00-04:00,19.16514246208613,19.16514246208613,19.05957706968844,19.115238189697266,42200,0.0,0.0,0.0
2016-09-02 00:00:00-04:00,19.366680258639672,19.366680258639672,19.108520872386553,19.117158889770508,13700,0.0,0.0,0.0
2016-09-06 00:00:00-04:00,19.289907639968355,19.712174779392537,19.289907639968355,19.702577590942383,1800,0.0,0.0,0.0
2016-09-07 00:00:00-04:00,19.996241619276795,20.048064232606478,19.87531852722168,19.87531852722168,3300,0.0,0.0,0.0
2016-09-08 00:00:00-04:00,19.980886564882873,20.348449873284626,19.96169219006638,20.341732025146484,5900,0.0,0.0,0.0
2016-09-09 00:00:00-04:00,20.01639440731662,20.01639440731662,19.673782348632812,19.673782348632812,1800,0.0,0.0,0.0
2016-09-12 00:00:00-04:00,19.27071417982662,19.986648364073613,19.2380841036391,19.97129249572754,5800,0.0,0.0,0.0
2016-09-13 00:00:00-04:00,19.84652875929021,19.84652875929021,19.275508030845543,19.77935028076172,2400,0.0,0.0,0.0
2016-09-14 00:00:00-04:00,20.03846845765292,20.633481281410173,20.03846845765292,20.52791404724121,10800,0.0,0.0,0.0
2016-09-15 00:00:00-04:00,20.652675737089858,21.017359718536877,20.61428698616049,20.969375610351562,13900,0.0,0.0,0.0
2016-09-16 00:00:00-04:00,20.53751049580376,20.89259910583496,20.53751049580376,20.89259910583496,5000,0.0,0.0,0.0
2016-09-19 00:00:00-04:00,21.017360063989972,21.768803584543573,21.017360063989972,21.353254318237305,45400,0.0,0.0,0.0
2016-09-20 00:00:00-04:00,21.593175912594596,21.909875752760268,21.593175912594596,21.813905715942383,6100,0.0,0.0,0.0
2016-09-21 00:00:00-04:00,21.98665250827368,22.073025362652594,21.266879942100225,21.957860946655273,17000,0.0,0.0,0.0
2016-09-22 00:00:00-04:00,22.197785817229658,22.197785817229658,21.838860523171835,22.188190460205078,11700,0.0,0.0,0.0
2016-09-23 00:00:00-04:00,22.312949912940496,22.312949912940496,21.871490277162565,22.121009826660156,3500,0.0,0.0,0.0
2016-09-26 00:00:00-04:00,21.997209456972268,22.12101006345301,21.929071805594404,21.967458724975586,2400,0.0,0.0,0.0
2016-09-27 00:00:00-04:00,21.977056135264572,22.408920423158694,21.977056135264572,22.380128860473633,14700,0.0,0.0,0.0
2016-09-28 00:00:00-04:00,22.044233969996704,22.38012820288077,21.99624986407454,22.25248908996582,11000,0.0,0.0,0.0
2016-09-29 00:00:00-04:00,22.08262382535459,22.08262382535459,21.290873224641636,21.308147430419922,8600,0.0,0.0,0.0
2016-09-30 00:00:00-04:00,21.276480849881334,21.767844839615712,21.161316413745443,21.73713493347168,5100,0.0,0.0,0.0
2016-10-03 00:00:00-04:00,21.478013962434023,21.60277557373047,21.448265059784447,21.60277557373047,1700,0.0,0.0,0.0
2016-10-04 00:00:00-04:00,21.640202914653376,21.863812078440663,21.542314529418945,21.542314529418945,1300,0.0,0.0,0.0
2016-10-05 00:00:00-04:00,21.70450068543084,22.172833528394086,21.70450068543084,21.91947364807129,8500,0.0,0.0,0.0
2016-10-06 00:00:00-04:00,21.564386359827026,21.564386359827026,21.122926712036133,21.122926712036133,8900,0.0,0.0,0.0
2016-10-07 00:00:00-04:00,21.11333039228887,21.132524768323478,20.748646400013516,20.854211807250977,3300,0.0,0.0,0.0
2016-10-10 00:00:00-04:00,21.22177540409056,21.55478846829738,21.22177540409056,21.5394344329834,12000,0.0,0.0,0.0
2016-10-11 00:00:00-04:00,21.190104969720597,21.401237603749415,20.710256576538086,20.710256576538086,13000,0.0,0.0,0.0
2016-10-12 00:00:00-04:00,20.719854683447785,20.719854683447785,19.908911521957368,19.941539764404297,6500,0.0,0.0,0.0
2016-10-13 00:00:00-04:00,19.577814425454843,20.098930917332794,19.203533257839418,19.976089477539062,22900,0.0,0.0,0.0
2016-10-14 00:00:00-04:00,19.817737434896035,19.817737434896035,19.28030776977539,19.28030776977539,4500,0.0,0.0,0.0
2016-10-17 00:00:00-04:00,19.251516097869924,19.251516097869924,18.714086435835693,18.83884620666504,12100,0.0,0.0,0.0
2016-10-18 00:00:00-04:00,19.049979822101392,19.213128333986486,19.049979822101392,19.107561111450195,3700,0.0,0.0,0.0
2016-10-19 00:00:00-04:00,18.838847309140316,18.838847309140316,18.64690904813373,18.67378044128418,7600,0.0,0.0,0.0
2016-10-20 00:00:00-04:00,18.852283728670017,19.242881774902344,18.852283728670017,19.242881774902344,3700,0.0,0.0,0.0
2016-10-21 00:00:00-04:00,19.126757287939988,19.23232452042885,19.121957778930664,19.121957778930664,1400,0.0,0.0,0.0
2016-10-24 00:00:00-04:00,19.213130986366387,19.213130986366387,18.867639541625977,18.867639541625977,4500,0.0,0.0,0.0
2016-10-25 00:00:00-04:00,18.867639541625977,18.867639541625977,18.867639541625977,18.867639541625977,0,0.0,0.0,0.0
2016-10-26 00:00:00-04:00,18.560534497207687,18.714085824198914,18.560534497207687,18.608518600463867,1900,0.0,0.0,0.0
2016-10-27 00:00:00-04:00,18.627715347118386,18.67569945648772,18.051896882304195,18.05861473083496,9100,0.0,0.0,0.0
2016-10-28 00:00:00-04:00,17.763986817285076,17.907940961705446,17.389705675696856,17.610435485839844,16000,0.0,0.0,0.0
2016-10-31 00:00:00-04:00,17.735195192969734,17.735195192969734,17.399300970202436,17.41177749633789,7000,0.0,0.0,0.0
2016-11-01 00:00:00-04:00,17.40889762190508,17.613314220615383,17.101794969552472,17.4904727935791,65200,0.0,0.0,0.0
2016-11-02 00:00:00-04:00,17.49527215516512,17.49527215516512,16.857074737548828,16.857074737548828,5900,0.0,0.0,0.0
2016-11-03 00:00:00-04:00,16.775499224709662,16.775499224709662,15.67184829711914,15.67184829711914,12400,0.0,0.0,0.0
2016-11-04 00:00:00-04:00,15.758220342402499,16.659374778967045,15.758220342402499,16.617149353027344,10000,0.0,0.0,0.0
2016-11-07 00:00:00-05:00,17.073007144674133,17.36091545575584,16.947286364555662,17.21120262145996,10000,0.0,0.0,0.0
2016-11-08 00:00:00-05:00,17.428092479846146,17.610435371178724,17.08931891893177,17.51446533203125,27800,0.0,0.0,0.0
2016-11-09 00:00:00-05:00,18.915622668552455,19.40314990714887,18.445371465676956,19.385875701904297,96400,0.0,0.0,0.0
2016-11-10 00:00:00-05:00,19.89451326030001,20.201615928537,19.59700777925496,20.038467407226562,32100,0.0,0.0,0.0
2016-11-11 00:00:00-05:00,20.211212635913505,20.81582260131836,20.167067040259624,20.81582260131836,21800,0.0,0.0,0.0
2016-11-14 00:00:00-05:00,21.334059243814234,21.362850806541633,20.625804007198013,21.2476863861084,21100,0.0,0.0,0.0
2016-11-15 00:00:00-05:00,21.31486448802029,21.37244761244677,20.911793599892942,21.209299087524414,5700,0.0,0.0,0.0
2016-11-16 00:00:00-05:00,21.238090714039593,21.415635951146616,20.569183349609375,20.569183349609375,10000,0.0,0.0,0.0
2016-11-17 00:00:00-05:00,20.604689600819558,20.82542125559371,20.52119608187296,20.73328971862793,6100,0.0,0.0,0.0
2016-11-18 00:00:00-05:00,20.863806973578257,20.863806973578257,20.460734268291183,20.75823974609375,6300,0.0,0.0,0.0
2016-11-21 00:00:00-05:00,21.142119170076565,21.142119170076565,20.565341608726598,20.777433395385742,7600,0.0,0.0,0.0
2016-11-22 00:00:00-05:00,21.155557050703568,21.155557050703568,20.172827357544225,20.182424545288086,16000,0.0,0.0,0.0
2016-11-23 00:00:00-05:00,19.558620717360732,20.633481979370117,19.4338609340579,20.633481979370117,7600,0.0,0.0,0.0
2016-11-25 00:00:00-05:00,20.499125718019343,20.835018157958984,20.499125718019343,20.835018157958984,1600,0.0,0.0,0.0
2016-11-28 00:00:00-05:00,20.56630476541513,20.56630476541513,19.817740527881725,19.865726470947266,30400,0.0,0.0,0.0
2016-11-29 00:00:00-05:00,19.788949434318223,19.96265432619728,19.788949434318223,19.89739418029785,12000,0.0,0.0,0.0
2016-11-30 00:00:00-05:00,19.884917619564646,19.884917619564646,19.001996464480087,19.03654670715332,13800,0.0,0.0,0.0
2016-12-01 00:00:00-05:00,19.213129888237994,19.232324263065724,18.422338485717773,18.422338485717773,8700,0.0,0.0,0.0
2016-12-02 00:00:00-05:00,18.282223108198206,18.84268751230379,18.282223108198206,18.702571868896484,45800,0.0,0.0,0.0
2016-12-05 00:00:00-05:00,20.0480646765774,20.0480646765774,18.982802520574328,19.12675666809082,28500,0.0,0.0,0.0
2016-12-06 00:00:00-05:00,19.08836628731265,19.568214624996536,18.920420101313745,19.539424896240234,5900,0.0,0.0,0.0
2016-12-07 00:00:00-05:00,19.37627744396036,19.37627744396036,18.38778915550056,18.77166748046875,28200,0.0,0.0,0.0
2016-12-08 00:00:00-05:00,18.445369647315303,18.944412363386558,18.330207070053422,18.915620803833008,8600,0.0,0.0,0.0
2016-12-09 00:00:00-05:00,19.155547613105462,19.378197611740895,18.800460815429688,18.800460815429688,15800,0.0,0.0,0.0
2016-12-12 00:00:00-05:00,18.55093882808234,18.613319631799612,18.292781256244623,18.349403381347656,9300,0.0,0.0,0.0
2016-12-13 00:00:00-05:00,18.349401144987656,18.521185838580756,18.267825976149265,18.2822208404541,21000,0.0,0.0,0.0
2016-12-14 00:00:00-05:00,18.301418416789552,18.36091988436344,17.859958749721013,18.066293716430664,6900,0.0,0.0,0.0
2016-12-15 00:00:00-05:00,18.061493513394193,18.301417713796297,17.876273099681974,18.291820526123047,7200,0.0,0.0,0.0
2016-12-16 00:00:00-05:00,18.301415333339254,18.579728248234318,18.301415333339254,18.378190994262695,105600,0.0,0.0,0.0
2016-12-19 00:00:00-05:00,18.416581558840672,18.91274498010864,18.330208702961833,18.34844207763672,6000,0.0,0.0,0.0
2016-12-20 00:00:00-05:00,18.675699143519115,18.675699143519115,18.273587408065865,18.31485366821289,4400,0.0,0.0,0.0
2016-12-21 00:00:00-05:00,18.16706000343658,18.16706000343658,17.86955451965332,17.86955451965332,2400,0.0,0.0,0.0
2016-12-22 00:00:00-05:00,17.744793507732304,17.850360740862396,17.456885201620153,17.46744155883789,3100,0.0,0.0,0.0
2016-12-23 00:00:00-05:00,17.466482396567475,18.54134178161621,17.466482396567475,18.54134178161621,3700,0.0,0.0,0.0
2016-12-27 00:00:00-05:00,18.26303124983009,18.618118050229274,18.109479904174805,18.109479904174805,7300,0.0,0.0,0.0
2016-12-28 00:00:00-05:00,18.291820768389638,18.291820768389638,17.898345220956898,17.917539596557617,4500,0.0,0.0,0.0
2016-12-29 00:00:00-05:00,18.18049621668868,18.18049621668868,17.629630830560686,17.65842056274414,5800,0.0,0.0,0.0
2016-12-30 00:00:00-05:00,17.706407092561147,17.783182765078113,17.541338389887635,17.668018341064453,3600,0.0,0.0,0.0
2017-01-03 00:00:00-05:00,17.71600362454474,18.042300711994727,17.60563870238909,17.797578811645508,1900,0.0,0.0,0.0
2017-01-04 00:00:00-05:00,17.706404590202432,18.95400954990441,17.706404590202432,18.915620803833008,117100,0.0,0.0,0.0
2017-01-05 00:00:00-05:00,18.992402698056516,19.00199805632223,18.64691122524014,18.829254150390625,2800,0.0,0.0,0.0
2017-01-06 00:00:00-05:00,19.021190433116743,19.280309010474372,19.001996057651056,19.196815490722656,22200,0.0,0.0,0.0
2017-01-09 00:00:00-05:00,19.280308981209426,19.405068760594254,19.059579155118215,19.395471572875977,3400,0.0,0.0,0.0
2017-01-10 00:00:00-05:00,19.395472163185918,19.414666539206664,19.001996607142885,19.40506935119629,5300,0.0,0.0,0.0
2017-01-11 00:00:00-05:00,19.50103771038539,19.50103771038539,18.499113700766475,18.68529510498047,33000,0.0,0.0,0.0
2017-01-12 00:00:00-05:00,18.637310718344928,19.085488186910357,18.445370638624805,18.9415340423584,6200,0.0,0.0,0.0
2017-01-13 00:00:00-05:00,18.848444103666353,19.42330336603055,18.848444103666353,19.165143966674805,6700,0.0,0.0,0.0
2017-01-17 00:00:00-05:00,18.443451093286175,18.45112811022049,18.36859377151008,18.43673324584961,4000,0.0,0.0,0.0
2017-01-18 00:00:00-05:00,18.481840080440822,18.69489288330078,18.481840080440822,18.69489288330078,1300,0.0,0.0,0.0
2017-01-19 00:00:00-05:00,18.838848013783394,18.838848013783394,18.429057422434973,18.52214813232422,3100,0.0,0.0,0.0
2017-01-20 00:00:00-05:00,18.378190994262695,18.387788180687643,18.23423685884076,18.378190994262695,7900,0.0,0.0,0.0
2017-01-23 00:00:00-05:00,18.26398839006131,18.26398839006131,17.985675462938296,18.123872756958008,5400,0.0,0.0,0.0
2017-01-24 00:00:00-05:00,17.864755949933883,18.263031005859375,17.744793848338457,18.263031005859375,3400,0.0,0.0,0.0
2017-01-25 00:00:00-05:00,18.42617876452003,18.580689271280004,18.414661407470703,18.414661407470703,3500,0.0,0.0,0.0
2017-01-26 00:00:00-05:00,18.49335623515199,18.655543750764572,18.28222178523079,18.499113082885742,5700,0.0,0.0,0.0
2017-01-27 00:00:00-05:00,18.414661094583003,18.49431610107422,18.367636158542023,18.49431610107422,3600,0.0,0.0,0.0
2017-01-30 00:00:00-05:00,18.22464169051873,18.22464169051873,17.950169084180878,18.128671646118164,6900,0.0,0.0,0.0
2017-01-31 00:00:00-05:00,18.51542930374781,19.059578667548077,18.493357419989152,19.04038429260254,12200,0.0,0.0,0.0
2017-02-01 00:00:00-05:00,18.973207123287267,19.117161284384483,18.862842205430184,19.03078842163086,3800,0.0,0.0,0.0
2017-02-02 00:00:00-05:00,18.9348169135739,19.164184750102557,18.90602718185591,19.11332130432129,7700,0.0,0.0,0.0
2017-02-03 00:00:00-05:00,19.174742534249628,19.597009658813477,19.1555481580248,19.597009658813477,4900,0.0,0.0,0.0
2017-02-06 00:00:00-05:00,19.568217745693705,19.6689873038397,19.146911628783954,19.654590606689453,2800,0.0,0.0,0.0
2017-02-07 00:00:00-05:00,19.654587483802697,19.67378185663564,19.414663314819336,19.414663314819336,3700,0.0,0.0,0.0
2017-02-08 00:00:00-05:00,19.27071328982667,19.558621621824987,19.27071328982667,19.5115966796875,8700,0.0,0.0,0.0
2017-02-09 00:00:00-05:00,19.779353624993448,20.057664773164067,19.779353624993448,19.961694717407227,8000,0.0,0.0,0.0
2017-02-10 00:00:00-05:00,19.954974236532816,20.199697937959684,19.895474603678085,19.980886459350586,7200,0.0,0.0,0.0
2017-02-13 00:00:00-05:00,20.153634807434273,20.153634807434273,19.865726470947266,19.865726470947266,3400,0.0,0.0,0.0
2017-02-14 00:00:00-05:00,19.86572572277993,20.326379776000977,19.86572572277993,20.326379776000977,9600,0.0,0.0,0.0
2017-02-15 00:00:00-05:00,20.393554336082115,20.605647945504973,20.357085759939164,20.575897216796875,9400,0.0,0.0,0.0
2017-02-16 00:00:00-05:00,20.431946178409248,20.671870383432505,20.376283221022835,20.470333099365234,2900,0.0,0.0,0.0
2017-02-17 00:00:00-05:00,20.54518783142566,20.87436236395022,20.508719254372405,20.820619583129883,7100,0.0,0.0,0.0
2017-02-21 00:00:00-05:00,20.950180636382004,20.950180636382004,20.31198322946265,20.32733726501465,8000,0.0,0.0,0.0
2017-02-22 00:00:00-05:00,20.383958468484973,20.383958468484973,19.798542873327357,19.831172943115234,7400,0.0,0.0,0.0
2017-02-23 00:00:00-05:00,19.856126214887833,19.88491594580306,19.573015601205054,19.72176742553711,6800,0.0,0.0,0.0
2017-02-24 00:00:00-05:00,19.721768923930256,19.77167320251465,19.347487749785525,19.77167320251465,5000,0.0,0.0,0.0
2017-02-27 00:00:00-05:00,19.788949133178562,21.293752670288086,19.788949133178562,21.293752670288086,24000,0.0,0.0,0.0
2017-02-28 00:00:00-05:00,21.20929970615958,21.44826473721352,20.259200091126083,21.094135284423828,14800,0.0,0.0,0.0
2017-03-01 00:00:00-05:00,21.497205990563913,22.002007398464283,21.42426883541191,21.909875869750977,36000,0.0,0.0,0.0
2017-03-02 00:00:00-05:00,21.77552010789363,22.37533058595005,21.66035569069722,21.693944931030273,17600,0.0,0.0,0.0
2017-03-03 00:00:00-05:00,21.602775198403254,21.977056364836994,20.726571917060717,21.785118103027344,18600,0.0,0.0,0.0
2017-03-06 00:00:00-05:00,22.005847353604842,22.140204316413342,21.83789931961789,21.952104568481445,12300,0.0,0.0,0.0
2017-03-07 00:00:00-05:00,21.957863162350908,21.957863162350908,21.353254951165752,21.414674758911133,7400,0.0,0.0,0.0
2017-03-08 00:00:00-05:00,21.842700709085168,22.31295194987701,21.823506332609625,21.996252059936523,30900,0.0,0.0,0.0
2017-03-09 00:00:00-05:00,22.207383731263445,22.389726638793945,22.12101087140565,22.389726638793945,19400,0.0,0.0,0.0
2017-03-10 00:00:00-05:00,22.418516519408453,22.59413973485671,22.197784877187374,22.5816650390625,24600,0.0,0.0,0.0
2017-03-13 00:00:00-04:00,22.58166625179683,22.744814780212668,22.52312395651925,22.696828842163086,27000,0.0,0.0,0.0
2017-03-14 00:00:00-04:00,22.648844835537897,22.648844835537897,22.07302638971103,22.35133934020996,16700,0.0,0.0,0.0
2017-03-15 00:00:00-04:00,22.6392459879802,23.03272150050913,22.408918992632255,22.984737396240234,12700,0.0,0.0,0.0
2017-03-16 00:00:00-04:00,23.195868791624058,23.195868791624058,22.600856045568666,22.74481201171875,55400,0.0,0.0,0.0
2017-03-17 00:00:00-04:00,22.77360328952379,22.77360328952379,22.139244415530044,22.5816650390625,24900,0.0,0.0,0.0
2017-03-20 00:00:00-04:00,22.86957584291228,23.133492110343468,22.735218869778542,23.032724380493164,13400,0.0,0.0,0.0
2017-03-21 00:00:00-04:00,23.330230386699732,23.330230386699732,21.535598265671723,21.621971130371094,39500,0.0,0.0,0.0
2017-03-22 00:00:00-04:00,21.80430912028356,21.823503494262695,21.501044967222942,21.823503494262695,25200,0.0,0.0,0.0
2017-03-23 00:00:00-04:00,21.90987930853554,22.073027848460615,21.86189519757731,21.871492385864258,9900,0.0,0.0,0.0
2017-03-24 00:00:00-04:00,22.044235229492188,22.077824471652082,21.91947544868064,22.044235229492188,5900,0.0,0.0,0.0
2017-03-27 00:00:00-04:00,21.881085154663293,22.552873611450195,21.16611210140957,22.552873611450195,30100,0.0,0.0,0.0
2017-03-28 00:00:00-04:00,22.418517501397105,22.442509554946145,22.207383037022296,22.28415870666504,4800,0.0,0.0,0.0
2017-03-29 00:00:00-04:00,22.58166802567716,22.850381977957895,22.495295160879348,22.504892349243164,14300,0.0,0.0,0.0
2017-03-30 00:00:00-04:00,22.74481525065219,22.74481525065219,21.99625107588321,22.21314239501953,7800,0.0,0.0,0.0
2017-03-31 00:00:00-04:00,22.370533693941706,22.389728070799165,22.16419871891533,22.25537109375,5900,0.0,0.0,0.0
2017-04-03 00:00:00-04:00,22.375330715553055,22.375330715553055,22.108535130518703,22.121009826660156,4200,0.0,0.0,0.0
2017-04-04 00:00:00-04:00,21.78032075602668,22.053834224875505,21.5260016644071,21.631568908691406,35900,0.0,0.0,0.0
2017-04-05 00:00:00-04:00,21.76592388737199,21.785118262836672,20.86476754540251,20.969375610351562,9700,0.0,0.0,0.0
2017-04-06 00:00:00-04:00,20.969374066240672,20.98856844029195,20.647874707548684,20.787031173706055,12700,0.0,0.0,0.0
2017-04-07 00:00:00-04:00,20.911793480534232,20.911793480534232,20.652674913523057,20.89259910583496,4800,0.0,0.0,0.0
2017-04-10 00:00:00-04:00,21.03655325512684,21.3532531157595,20.89259910583496,20.89259910583496,11100,0.0,0.0,0.0
2017-04-11 00:00:00-04:00,20.921388861230422,20.925229200555705,20.499123600223594,20.767837524414062,5600,0.0,0.0,0.0
2017-04-12 00:00:00-04:00,20.84461486658128,20.883003619106034,20.643079407255748,20.700660705566406,4000,0.0,0.0,0.0
2017-04-13 00:00:00-04:00,20.82542097698317,21.084537717899206,20.633480887697765,21.055747985839844,10600,0.0,0.0,0.0
2017-04-17 00:00:00-04:00,20.978969618608435,21.172828022182834,20.817739451807345,21.07493782043457,4000,0.0,0.0,0.0
2017-04-18 00:00:00-04:00,20.892598859818747,21.401236970025785,20.722732489730713,20.825420379638672,12000,0.0,0.0,0.0
2017-04-19 00:00:00-04:00,20.806229147372942,21.322546183630514,20.806229147372942,21.028879165649414,2800,0.0,0.0,0.0
2017-04-20 00:00:00-04:00,20.978970911191162,21.27551721268587,20.978970911191162,21.19010353088379,2700,0.0,0.0,0.0
2017-04-21 00:00:00-04:00,21.26688000966563,21.26688000966563,20.796628817928795,20.825420379638672,8300,0.0,0.0,0.0
2017-04-24 00:00:00-04:00,21.24768760026812,21.24768760026812,20.825422305661537,21.178590774536133,4700,0.0,0.0,0.0
2017-04-25 00:00:00-04:00,21.31486434728144,21.767841339111328,21.286074615734627,21.767841339111328,7800,0.0,0.0,0.0
2017-04-26 00:00:00-04:00,21.822544551480373,22.015443801879883,21.822544551480373,22.015443801879883,4100,0.0,0.0,0.0
2017-04-27 00:00:00-04:00,21.932909935215708,22.034636825721652,21.861892945778937,21.9290714263916,3700,0.0,0.0,0.0
2017-04-28 00:00:00-04:00,21.75632430884463,21.93674702524272,20.911792016444252,21.71793556213379,7200,0.0,0.0,0.0
2017-05-01 00:00:00-04:00,21.765921668360185,21.902198791503906,21.577820102840544,21.902198791503906,17800,0.0,0.0,0.0
2017-05-02 00:00:00-04:00,21.50680447310375,21.534635035111055,21.276477467919765,21.33405876159668,1800,0.0,0.0,0.0
2017-05-03 00:00:00-04:00,21.40123710216394,21.40123710216394,21.122925992488625,21.252485275268555,25800,0.0,0.0,0.0
2017-05-04 00:00:00-04:00,21.24768635431009,21.24768635431009,20.942503843952373,21.151718139648438,4700,0.0,0.0,0.0
2017-05-05 00:00:00-04:00,21.14211926503287,21.14211926503287,20.633479347722233,20.652673721313477,4100,0.0,0.0,0.0
2017-05-08 00:00:00-04:00,20.815824867675005,20.815824867675005,20.249603588478312,20.28031349182129,7200,0.0,0.0,0.0
2017-05-09 00:00:00-04:00,20.40315579078123,20.54903012586963,20.30718573714536,20.48952865600586,3000,0.0,0.0,0.0
2017-05-10 00:00:00-04:00,20.2304095701666,20.875326704154517,20.2304095701666,20.796630859375,6300,0.0,0.0,0.0
2017-05-11 00:00:00-04:00,20.82542064857744,20.847492532078043,20.597971152132377,20.767837524414062,2000,0.0,0.0,0.0
2017-05-12 00:00:00-04:00,21.076860573069315,21.356132687410884,21.017359109139875,21.305269241333008,6700,0.0,0.0,0.0
2017-05-15 00:00:00-04:00,21.410835645684816,21.575904348867812,21.35325434873847,21.375328063964844,6600,0.0,0.0,0.0
2017-05-16 00:00:00-04:00,21.59317768630262,21.59317768630262,21.248647257654568,21.497207641601562,3400,0.0,0.0,0.0
2017-05-17 00:00:00-04:00,21.113328210672734,21.180506689375946,20.787031173706055,20.787031173706055,34100,0.0,0.0,0.0
2017-05-18 00:00:00-04:00,20.643076198569602,21.25440216064453,20.643076198569602,21.25440216064453,900,0.0,0.0,0.0
2017-05-19 00:00:00-04:00,21.68914758711418,21.68914758711418,21.305269241333008,21.305269241333008,2700,0.0,0.0,0.0
2017-05-22 00:00:00-04:00,21.52599894996471,21.52599894996471,20.883002037679706,21.209299087524414,9700,0.0,0.0,0.0
2017-05-23 00:00:00-04:00,21.468418879418365,21.468418879418365,21.19970310821071,21.324462890625,4100,0.0,0.0,0.0
2017-05-24 00:00:00-04:00,21.324461306153747,21.430028535297872,21.101813151941712,21.39164161682129,6900,0.0,0.0,0.0
2017-05-25 00:00:00-04:00,21.4780126827174,21.549990671905665,21.281274920142614,21.333099365234375,3900,0.0,0.0,0.0
2017-05-26 00:00:00-04:00,21.353252532175155,21.353252532175155,20.733288524047673,20.75823974609375,10700,0.0,0.0,0.0
2017-05-30 00:00:00-04:00,20.530793491055903,20.530793491055903,20.172827357544225,20.182424545288086,10100,0.0,0.0,0.0
2017-05-31 00:00:00-04:00,20.40315265149937,20.40315265149937,19.788947331495464,20.117162704467773,8100,0.0,0.0,0.0
2017-06-01 00:00:00-04:00,20.096053166616052,20.806228637695312,20.096053166616052,20.806228637695312,13400,0.0,0.0,0.0
2017-06-02 00:00:00-04:00,20.643077852675937,21.487610209379625,20.643077852675937,21.430028915405273,12300,0.0,0.0,0.0
2017-06-05 00:00:00-04:00,20.835016312955883,21.813907472464415,20.835016312955883,21.364768981933594,11900,0.0,0.0,0.0
2017-06-06 00:00:00-04:00,21.313906533021477,21.564387097978695,21.266881593393514,21.324462890625,4700,0.0,0.0,0.0
2017-06-07 00:00:00-04:00,21.391641386219437,21.59989467256732,21.074939702201107,21.354211807250977,7400,0.0,0.0,0.0
2017-06-08 00:00:00-04:00,21.43003092395946,21.612373840857586,21.43003092395946,21.5260009765625,9400,0.0,0.0,0.0
2017-06-09 00:00:00-04:00,21.692025119178826,21.919472768414415,21.199700243612217,21.27647590637207,26400,0.0,0.0,0.0
2017-06-12 00:00:00-04:00,21.036554230244455,21.206420610206617,20.9021972620743,21.161314010620117,4400,0.0,0.0,0.0
2017-06-13 00:00:00-04:00,21.26687921653651,21.41083335876465,21.18050636510438,21.41083335876465,4100,0.0,0.0,0.0
2017-06-14 00:00:00-04:00,21.30526996794209,21.7793596953886,21.30526996794209,21.506805419921875,6800,0.0,0.0,0.0
2017-06-15 00:00:00-04:00,21.276477322481288,21.372447364937678,21.074940050275234,21.142120361328125,4800,0.0,0.0,0.0
2017-06-16 00:00:00-04:00,21.24768459537498,21.35325181933532,21.24768459537498,21.34365463256836,2700,0.0,0.0,0.0
2017-06-19 00:00:00-04:00,21.382046170449993,22.023122954156893,21.362851794410798,22.01640510559082,42500,0.0,0.0,0.0
2017-06-20 00:00:00-04:00,22.101816894710932,22.85229936065451,22.082622520324335,22.42811393737793,38600,0.0,0.0,0.0
2017-06-21 00:00:00-04:00,22.936752782036116,23.195871353149414,22.936752782036116,23.195871353149414,24200,0.0,0.0,0.0
2017-06-22 00:00:00-04:00,23.272647137544595,23.762092719682077,23.26304994999566,23.512571334838867,19100,0.0,0.0,0.0
2017-06-23 00:00:00-04:00,23.694912927617395,24.088388442993164,23.11909451984331,24.088388442993164,21200,0.0,0.0,0.0
2017-06-26 00:00:00-04:00,24.481865681063642,24.481865681063642,23.69491459493738,24.11717987060547,27800,0.0,0.0,0.0
2017-06-27 00:00:00-04:00,24.145970474700707,24.213148955412723,23.157482147216797,23.157482147216797,11400,0.0,0.0,0.0
2017-06-28 00:00:00-04:00,23.531767364772247,23.95403266376235,23.13829179997718,23.7764892578125,12200,0.0,0.0,0.0
2017-06-29 00:00:00-04:00,23.829270217342298,23.829270217342298,23.186273321945393,23.46458625793457,5900,0.0,0.0,0.0
2017-06-30 00:00:00-04:00,23.09318237933273,23.28128395070034,23.051916122436523,23.051916122436523,4200,0.0,0.0,0.0
2017-07-03 00:00:00-04:00,23.224665535997747,23.407006627671294,23.003933859510127,23.397409439086914,4200,0.0,0.0,0.0
2017-07-05 00:00:00-04:00,23.512574144254362,23.944438483176196,23.512574144254362,23.906049728393555,14800,0.0,0.0,0.0
2017-07-06 00:00:00-04:00,23.779368715311907,23.97994500789887,23.502975916713968,23.541364669799805,7100,0.0,0.0,0.0
2017-07-07 00:00:00-04:00,23.752495537822192,23.88685250258673,23.627735760608886,23.733301162719727,8600,0.0,0.0,0.0
2017-07-10 00:00:00-04:00,23.30815751107159,23.464588196674832,23.243856534885694,23.339826583862305,8500,0.0,0.0,0.0
2017-07-11 00:00:00-04:00,23.502972636408288,23.858061230986646,23.502972636408288,23.697792053222656,5800,0.0,0.0,0.0
2017-07-12 00:00:00-04:00,24.078791727901695,24.078791727901695,23.752494684783734,23.891651153564453,7800,0.0,0.0,0.0
2017-07-13 00:00:00-04:00,23.896448740925667,24.14501094634306,23.464586301132748,24.12677574157715,6600,0.0,0.0,0.0
2017-07-14 00:00:00-04:00,24.126776105808855,24.19395458653683,24.088389187025573,24.135414123535156,5000,0.0,0.0,0.0
2017-07-17 00:00:00-04:00,23.925238510992394,24.568235359427558,23.87725257873535,23.87725257873535,15400,0.0,0.0,0.0
2017-07-18 00:00:00-04:00,23.848466237509825,24.030809145035924,23.848466237509825,24.007776260375977,7600,0.0,0.0,0.0
2017-07-19 00:00:00-04:00,24.258253976975602,24.291843215149733,23.85614045793592,23.886850357055664,18200,0.0,0.0,0.0
2017-07-20 00:00:00-04:00,23.74289740715801,24.337910198364888,23.74289740715801,24.12677574157715,12000,0.0,0.0,0.0
2017-07-21 00:00:00-04:00,23.944435372149588,24.515454296776326,23.944435372149588,24.232343673706055,22800,0.0,0.0,0.0
2017-07-24 00:00:00-04:00,24.366701818930146,24.702596074022633,24.30912052192117,24.6929988861084,10700,0.0,0.0,0.0
2017-07-25 00:00:00-04:00,24.904131894005143,24.904131894005143,24.020249793015612,24.054800033569336,14100,0.0,0.0,0.0
2017-07-26 00:00:00-04:00,24.20355221357367,24.28512739199418,24.10758399963379,24.10758399963379,6500,0.0,0.0,0.0
2017-07-27 00:00:00-04:00,23.992418484331047,24.126775442090896,23.109497410888615,23.2064266204834,19000,0.0,0.0,0.0
2017-07-28 00:00:00-04:00,23.282244461147602,23.733301295725184,23.119095932815053,23.594144821166992,19300,0.0,0.0,0.0
2017-07-31 00:00:00-04:00,23.637328102381378,23.6853140340162,23.243852615356445,23.243852615356445,25000,0.0,0.0,0.0
2017-08-01 00:00:00-04:00,23.20546940484534,23.20546940484534,22.65844251021857,22.927156448364258,63100,0.0,0.0,0.0
2017-08-02 00:00:00-04:00,23.013529307896206,23.037521362304688,22.504891164721315,23.037521362304688,14400,0.0,0.0,0.0
2017-08-03 00:00:00-04:00,22.7304174680266,22.8215898326137,22.67763385283961,22.811992645263672,3200,0.0,0.0,0.0
2017-08-04 00:00:00-04:00,22.802396636075503,23.272647857666016,22.792799448229605,23.272647857666016,2500,0.0,0.0,0.0
2017-08-07 00:00:00-04:00,23.512570561953215,23.74481773376465,23.474181813019364,23.74481773376465,11200,0.0,0.0,0.0
2017-08-08 00:00:00-04:00,23.944433569831435,24.2323418497168,23.669959154791506,23.7620906829834,9500,0.0,0.0,0.0
2017-08-09 00:00:00-04:00,23.810075125515517,23.83310800789179,23.359018325805664,23.359018325805664,6100,0.0,0.0,0.0
2017-08-10 00:00:00-04:00,23.042321479978444,23.055757177240118,22.287039432890424,22.49529457092285,8400,0.0,0.0,0.0
2017-08-11 00:00:00-04:00,22.45690533165113,22.89836682285628,22.45690533165113,22.802396774291992,1000,0.0,0.0,0.0
2017-08-14 00:00:00-04:00,23.22178347429503,23.541362677834925,23.22178347429503,23.32063102722168,5300,0.0,0.0,0.0
2017-08-15 00:00:00-04:00,23.608541270164466,23.608541270164466,23.33406683287399,23.416601181030273,2400,0.0,0.0,0.0
2017-08-16 00:00:00-04:00,23.397408305552087,23.56055684262937,23.32255280088763,23.356142044067383,2800,0.0,0.0,0.0
2017-08-17 00:00:00-04:00,23.15748080754212,23.28224240491231,22.946348190307617,22.946348190307617,3000,0.0,0.0,0.0
2017-08-18 00:00:00-04:00,22.640208244095682,22.83502768781603,22.6008603213832,22.658443450927734,7400,0.0,0.0,0.0
2017-08-21 00:00:00-04:00,22.428113129883634,22.75344916078461,22.428113129883634,22.682432174682617,7000,0.0,0.0,0.0
2017-08-22 00:00:00-04:00,22.610454824547322,23.426197424790224,22.610454824547322,23.354219436645508,2600,0.0,0.0,0.0
2017-08-23 00:00:00-04:00,23.2534519262713,23.854223397992072,23.2534519262713,23.781286239624023,3300,0.0,0.0,0.0
2017-08-24 00:00:00-04:00,23.99241911406207,24.41468620300293,23.99241911406207,24.41468620300293,3900,0.0,0.0,0.0
2017-08-25 00:00:00-04:00,24.424283943594208,24.47418822041338,24.181480407714844,24.181480407714844,2800,0.0,0.0,0.0
2017-08-28 00:00:00-04:00,24.337910777753276,25.172845946181827,24.337910777753276,25.158451080322266,23600,0.0,0.0,0.0
2017-08-29 00:00:00-04:00,25.124861720663304,25.633499837039558,24.990504758673552,25.51833724975586,21000,0.0,0.0,0.0
2017-08-30 00:00:00-04:00,25.614308025394823,25.97899200285848,25.58551646251228,25.719873428344727,27000,0.0,0.0,0.0
2017-08-31 00:00:00-04:00,25.921409982880935,26.63062620358209,25.921409982880935,26.526018142700195,18900,0.0,0.0,0.0
2017-09-01 00:00:00-04:00,26.526018142700195,26.526018142700195,26.526018142700195,26.526018142700195,0,0.0,0.0,0.0
2017-09-05 00:00:00-04:00,26.660377637665274,26.929091568897412,26.244828383397387,26.6315860748291,15900,0.0,0.0,0.0
2017-09-06 00:00:00-04:00,26.919495746547838,26.919495746547838,26.385904535494866,26.53369903564453,9900,0.0,0.0,0.0
2017-09-07 00:00:00-04:00,26.4108561276541,27.15557994419819,26.4108561276541,27.101837158203125,12400,0.0,0.0,0.0
2017-09-08 00:00:00-04:00,27.40894128163544,27.40894128163544,26.96748161315918,26.96748161315918,19900,0.0,0.0,0.0
2017-09-11 00:00:00-04:00,27.408940681511655,27.408940681511655,26.741951684126633,26.957883834838867,17300,0.0,0.0,0.0
2017-09-12 00:00:00-04:00,26.717958928579396,26.88110745700549,26.25826407575081,26.410856246948242,12000,0.0,0.0,0.0
2017-09-13 00:00:00-04:00,26.579760419365034,26.785136197877602,26.56056787548988,26.626787185668945,9100,0.0,0.0,0.0
2017-09-14 00:00:00-04:00,26.775538770446197,26.775538770446197,26.410854813422574,26.669973373413086,8600,0.0,0.0,0.0
2017-09-15 00:00:00-04:00,26.698763497761075,26.938687687109002,26.295690786437508,26.92909049987793,11200,0.0,0.0,0.0
2017-09-18 00:00:00-04:00,27.025061359866715,27.639266717439394,27.025061359866715,27.35135841369629,21400,0.0,0.0,0.0
2017-09-19 00:00:00-04:00,27.418535936106714,27.52410316467285,27.217000496636402,27.52410316467285,4500,0.0,0.0,0.0
2017-09-20 00:00:00-04:00,27.687252289585786,27.821609252162258,27.552893496532985,27.754430770874023,6500,0.0,0.0,0.0
2017-09-21 00:00:00-04:00,27.965565929340897,27.965565929340897,27.507791215139537,27.54330062866211,9100,0.0,0.0,0.0
2017-09-22 00:00:00-04:00,27.581685167658378,27.581685167658378,26.982833851278517,27.06344985961914,8200,0.0,0.0,0.0
2017-09-25 00:00:00-04:00,26.765943603276224,27.533702154097853,26.765943603276224,27.20740509033203,9900,0.0,0.0,0.0
2017-09-26 00:00:00-04:00,27.466522482867028,27.466522482867028,26.60279392171057,26.62198829650879,9900,0.0,0.0,0.0
2017-09-27 00:00:00-04:00,26.90989935161915,27.533701910183066,26.90989935161915,27.3609561920166,11000,0.0,0.0,0.0
2017-09-28 00:00:00-04:00,27.466522018686753,27.716041564941406,27.192047589044552,27.716041564941406,8900,0.0,0.0,0.0
2017-09-29 00:00:00-04:00,27.89838683216045,27.994356882208397,27.59128413638819,27.975162506103516,10500,0.0,0.0,0.0
2017-10-02 00:00:00-04:00,28.090327022863153,28.541383879924016,28.083609174252423,28.512592315673828,13300,0.0,0.0,0.0
2017-10-03 00:00:00-04:00,28.80050102296311,28.80050102296311,28.003952756737185,28.205488204956055,8500,0.0,0.0,0.0
2017-10-04 00:00:00-04:00,28.407025199468944,28.853284350890792,28.359039261937568,28.82929229736328,12900,0.0,0.0,0.0
2017-10-05 00:00:00-04:00,28.82929232315924,28.906067992801788,28.48476006413819,28.704530715942383,40700,0.0,0.0,0.0
2017-10-06 00:00:00-04:00,28.579771310683636,28.747717518185823,28.33120909310403,28.411823272705078,8100,0.0,0.0,0.0
2017-10-09 00:00:00-04:00,28.426219612908156,28.4454121574703,28.138309478759766,28.138309478759766,11700,0.0,0.0,0.0
2017-10-10 00:00:00-04:00,28.570175786449585,28.67574119567871,28.30146000832461,28.67574119567871,6100,0.0,0.0,0.0
2017-10-11 00:00:00-04:00,28.733322532167954,28.733322532167954,28.502995521206802,28.506834030151367,4400,0.0,0.0,0.0
2017-10-12 00:00:00-04:00,28.79090377373556,28.79090377373556,28.197811126708984,28.197811126708984,5900,0.0,0.0,0.0
2017-10-13 00:00:00-04:00,28.50299541125121,28.50299541125121,27.764028443220496,27.778423309326172,15400,0.0,0.0,0.0
2017-10-16 00:00:00-04:00,27.533700463935073,28.20452792580067,27.409899860545625,27.620073318481445,33300,0.0,0.0,0.0
2017-10-17 00:00:00-04:00,27.524103276710335,27.706446173027814,27.48571452781137,27.620073318481445,11600,0.0,0.0,0.0
2017-10-18 00:00:00-04:00,27.92717589602086,27.92717589602086,27.255387436306357,27.399341583251953,19000,0.0,0.0,0.0
2017-10-19 00:00:00-04:00,27.264985685892302,27.264985685892302,26.785137290391944,27.101837158203125,38800,0.0,0.0,0.0
2017-10-20 00:00:00-04:00,27.284178572265294,27.284178572265294,26.717957350032627,26.963640213012695,17200,0.0,0.0,0.0
2017-10-23 00:00:00-04:00,26.823525188048762,27.092239109482758,26.526017874352117,26.583600997924805,25000,0.0,0.0,0.0
2017-10-24 00:00:00-04:00,26.478035351778466,26.675732295865714,26.270741219855235,26.295692443847656,39100,0.0,0.0,0.0
2017-10-25 00:00:00-04:00,26.871509982319314,26.871509982319314,25.739067483045353,26.100873947143555,28600,0.0,0.0,0.0
2017-10-26 00:00:00-04:00,25.73906564572987,26.103751423095968,25.538489383416625,25.652692794799805,24700,0.0,0.0,0.0
2017-10-27 00:00:00-04:00,25.623907116042087,26.58552232373328,25.623907116042087,26.50682830810547,8400,0.0,0.0,0.0
2017-10-30 00:00:00-04:00,26.276496496966047,26.98571271049248,26.276496496966047,26.583600997924805,9100,0.0,0.0,0.0
2017-10-31 00:00:00-04:00,26.89070198169804,26.89070198169804,26.459796903896077,26.694923400878906,8000,0.0,0.0,0.0
2017-11-01 00:00:00-04:00,26.813927781406836,26.83791983412768,26.04616928100586,26.04616928100586,3700,0.0,0.0,0.0
2017-11-02 00:00:00-04:00,26.007783629107827,26.727556228637695,26.007783629107827,26.727556228637695,5500,0.0,0.0,0.0
2017-11-03 00:00:00-04:00,26.93868897861327,27.332164521569915,26.78513763650709,27.264986038208008,25100,0.0,0.0,0.0
2017-11-06 00:00:00-05:00,27.428133948482,27.456925510905236,26.929091182670668,26.96843910217285,20400,0.0,0.0,0.0
2017-11-07 00:00:00-05:00,26.833121408642672,27.170935821429293,26.218916047905353,26.31488609313965,28500,0.0,0.0,0.0
2017-11-08 00:00:00-05:00,26.151735897147592,26.264020971042324,25.93100608852266,26.161333084106445,6800,0.0,0.0,0.0
2017-11-09 00:00:00-05:00,25.911814670275707,26.3148874161435,25.76786051042502,26.08456039428711,4900,0.0,0.0,0.0
2017-11-10 00:00:00-05:00,26.084558473656287,26.53177678726024,26.084558473656287,26.430049896240234,5100,0.0,0.0,0.0
2017-11-13 00:00:00-05:00,26.12294721173926,26.343678875137343,25.79665014112621,25.988590240478516,15700,0.0,0.0,0.0
2017-11-14 00:00:00-05:00,25.633500699628055,25.907015972202572,24.83311391831029,25.249622344970703,12000,0.0,0.0,0.0
2017-11-15 00:00:00-05:00,24.966510165859056,25.748663523388117,24.966510165859056,25.53753089904785,3200,0.0,0.0,0.0
2017-11-16 00:00:00-05:00,25.9310055021525,26.378223787560106,25.9310055021525,26.151735305786133,8800,0.0,0.0,0.0
2017-11-17 00:00:00-05:00,26.09415602818455,26.420453080666107,26.012580849825987,26.24770736694336,8700,0.0,0.0,0.0
2017-11-20 00:00:00-05:00,26.036572072443047,26.263060564456296,25.969393592689332,26.170930862426758,12300,0.0,0.0,0.0
2017-11-21 00:00:00-05:00,26.35807217508665,26.439645522652626,26.31488574682339,26.372467041015625,2300,0.0,0.0,0.0
2017-11-22 00:00:00-05:00,26.199722023507288,26.785137659844924,26.199722023507288,26.69876480102539,8600,0.0,0.0,0.0
2017-11-24 00:00:00-05:00,26.727554487274602,26.94828429743503,26.557688120921316,26.720836639404297,3200,0.0,0.0,0.0
2017-11-27 00:00:00-05:00,26.717957993483285,26.721796502297877,26.54521228349256,26.679569244384766,6200,0.0,0.0,0.0
2017-11-28 00:00:00-05:00,26.43484716334923,26.634464263916016,26.15941356525488,26.634464263916016,4900,0.0,0.0,0.0
2017-11-29 00:00:00-05:00,26.81968363884641,26.96747811944396,26.122943983240376,26.263059616088867,4000,0.0,0.0,0.0
2017-11-30 00:00:00-05:00,26.391662327589184,27.111434936523438,26.391662327589184,27.111434936523438,17800,0.0,0.0,0.0
2017-12-01 00:00:00-05:00,26.957881793695417,27.351357313878015,26.180527940465925,26.98667335510254,24800,0.0,0.0,0.0
2017-12-04 00:00:00-05:00,27.11143339232204,27.562490209258232,26.362869262695312,26.362869262695312,9000,0.0,0.0,0.0
2017-12-05 00:00:00-05:00,26.391659860892045,26.6498174151829,26.391659860892045,26.425249099731445,3700,0.0,0.0,0.0
2017-12-06 00:00:00-05:00,26.08455776596617,26.08455776596617,25.341752325849246,25.75826072692871,10900,0.0,0.0,0.0
2017-12-07 00:00:00-05:00,26.055767326375268,26.852315584086252,26.017380406852848,26.821605682373047,6700,0.0,0.0,0.0
2017-12-08 00:00:00-05:00,27.217001340431196,27.380149866693106,27.0605706623599,27.255388259887695,24100,0.0,0.0,0.0
2017-12-11 00:00:00-05:00,27.572089851858077,27.572089851858077,26.76594435754022,26.84272003173828,7200,0.0,0.0,0.0
2017-12-12 00:00:00-05:00,26.660378507259576,26.93868963518158,26.099914081387958,26.142141342163086,26100,0.0,0.0,0.0
2017-12-13 00:00:00-05:00,26.26690196472463,26.727555984908705,26.199721651780973,26.660377502441406,10100,0.0,0.0,0.0
2017-12-14 00:00:00-05:00,26.775540651484235,26.813929402539546,26.149817920903335,26.169971466064453,17300,0.0,0.0,0.0
2017-12-15 00:00:00-05:00,26.195883163830064,26.31488609313965,26.08455908286315,26.31488609313965,7700,0.0,0.0,0.0
2017-12-18 00:00:00-05:00,26.34367671871229,26.636382692073553,26.338877209859312,26.362869262695312,27900,0.0,0.0,0.0
2017-12-19 00:00:00-05:00,26.103753592169014,26.75634587606832,26.103753592169014,26.286094665527344,10700,0.0,0.0,0.0
2017-12-20 00:00:00-05:00,26.371474222346027,26.574249267578125,26.36080214373526,26.574249267578125,1400,0.297,0.0,0.0
2017-12-21 00:00:00-05:00,26.913826462653006,26.98174137449447,26.642164964744598,26.797401428222656,10700,0.0,0.0,0.0
2017-12-22 00:00:00-05:00,26.87501747570676,27.573573201192072,26.87501747570676,27.544466018676758,32700,0.0,0.0,0.0
2017-12-26 00:00:00-05:00,27.544466699702586,27.75791567567406,27.395053896956572,27.6997013092041,5400,0.0,0.0,0.0
2017-12-27 00:00:00-05:00,27.6802989971054,27.9810658285007,27.6802989971054,27.78702163696289,12300,0.0,0.0,0.0
2017-12-28 00:00:00-05:00,27.942254155189218,28.021812674874706,27.72686582193575,27.845233917236328,16700,0.0,0.0,0.0
2017-12-29 00:00:00-05:00,28.039278190541687,28.320642081659845,27.576485257507272,27.583276748657227,16300,0.0,0.0,0.0
2018-01-02 00:00:00-05:00,27.7385112792222,28.479757197767015,27.7385112792222,28.43706703186035,15000,0.0,0.0,0.0
2018-01-03 00:00:00-05:00,28.669917811270416,29.106516295926298,28.558343054201128,28.990089416503906,18100,0.0,0.0,0.0
2018-01-04 00:00:00-05:00,28.844558299874663,29.125922189674313,28.512744919376804,28.96098518371582,15900,0.0,0.0,0.0
2018-01-05 00:00:00-05:00,29.290859543228738,29.290859543228738,28.381765705816626,28.44676971435547,23100,0.0,0.0,0.0
2018-01-08 00:00:00-05:00,28.5631952401935,28.611705360577805,27.606561009918636,27.874340057373047,27500,0.0,0.0,0.0
2018-01-09 00:00:00-05:00,27.845236149517483,28.582599639892578,27.845236149517483,28.582599639892578,10400,0.0,0.0,0.0
2018-01-10 00:00:00-05:00,28.621408752969547,29.232644803624755,28.332283688006772,29.222944259643555,10000,0.0,0.0,0.0
2018-01-11 00:00:00-05:00,29.349073085460535,29.73036814074866,29.200629958206818,29.601329803466797,17600,0.0,0.0,0.0
2018-01-12 00:00:00-05:00,29.766264638256114,30.076733852909022,29.653718345091818,30.027252197265625,11200,0.0,0.0,0.0
2018-01-16 00:00:00-05:00,30.03792506916948,30.290181775373206,28.776643388693376,28.96098518371582,48300,0.0,0.0,0.0
2018-01-17 00:00:00-05:00,29.533411714525077,29.81477373670255,29.310260354920786,29.68864631652832,31000,0.0,0.0,0.0
2018-01-18 00:00:00-05:00,29.843883226602554,29.93023324399376,29.349072200496025,29.83418083190918,8400,0.0,0.0,0.0
2018-01-19 00:00:00-05:00,30.115543811139762,30.358098119474807,29.795370347616686,30.328990936279297,33800,0.0,0.0,0.0
2018-01-22 00:00:00-05:00,30.920826260916247,31.59997726269214,30.45512054906282,31.59027671813965,41300,0.0,0.0,0.0
2018-01-23 00:00:00-05:00,31.803718663998207,32.293679386800285,31.59027339651886,32.201507568359375,34100,0.0,0.0,0.0
2018-01-24 00:00:00-05:00,32.61870116127847,32.61870116127847,31.289504636288736,31.80371856689453,43700,0.0,0.0,0.0
2018-01-25 00:00:00-05:00,32.2209123565093,32.37517727637902,31.805661733572634,32.201507568359375,20400,0.0,0.0,0.0
2018-01-26 00:00:00-05:00,32.337339575354385,32.56048907703075,32.12389061675754,32.27912521362305,17800,0.0,0.0,0.0
2018-01-29 00:00:00-05:00,32.541090057516826,32.866111974017834,32.3373453069716,32.609004974365234,34000,0.0,0.0,0.0
2018-01-30 00:00:00-05:00,32.37614917433353,32.56049282381979,31.56116652173707,32.1432991027832,29000,0.0,0.0,0.0
2018-01-31 00:00:00-05:00,32.22091203335171,32.22091203335171,31.371002306767668,31.532058715820312,33500,0.0,0.0,0.0
2018-02-01 00:00:00-05:00,31.7843146701577,31.7843146701577,31.08576078472769,31.45250129699707,10400,0.0,0.0,0.0
2018-02-02 00:00:00-05:00,31.04695066296952,31.448622008388302,30.60065163544972,30.959630966186523,30400,0.0,0.0,0.0
2018-02-05 00:00:00-05:00,30.35809878736011,31.338016586114705,29.78567045905244,30.023372650146484,24700,0.0,0.0,0.0
2018-02-06 00:00:00-05:00,29.106516036265283,30.872311046378584,28.786344433888065,30.793724060058594,33100,0.0,0.0,0.0
2018-02-07 00:00:00-05:00,30.98873834808032,31.59997437895293,30.843206136019457,31.493249893188477,19900,0.0,0.0,0.0
2018-02-08 00:00:00-05:00,31.755210537401705,32.01716964224117,30.096139907836914,30.096139907836914,32800,0.0,0.0,0.0
2018-02-09 00:00:00-05:00,29.843882164703054,30.37556153150925,28.291534229307793,30.112632751464844,44900,0.0,0.0,0.0
2018-02-12 00:00:00-05:00,30.173757335866824,30.935377741460723,29.834180922735303,30.561843872070312,22500,0.0,0.0,0.0
2018-02-13 00:00:00-05:00,30.56184286021134,30.92082405090332,30.076734243382585,30.92082405090332,6100,0.0,0.0,0.0
2018-02-14 00:00:00-05:00,30.872310666127994,31.80371827955607,30.455116978659923,31.726102828979492,33000,0.0,0.0,0.0
2018-02-15 00:00:00-05:00,32.18210220336914,32.20150699117125,31.59027283028665,32.18210220336914,24000,0.0,0.0,0.0
2018-02-16 00:00:00-05:00,31.803718663998207,32.589595929188036,31.803718663998207,32.201507568359375,24900,0.0,0.0,0.0
2018-02-20 00:00:00-05:00,32.172402015867114,32.6090004935316,31.726102994736685,31.929847717285156,22100,0.0,0.0,0.0
2018-02-21 00:00:00-05:00,32.29853568030951,32.94857951239991,32.21121597290039,32.21121597290039,20100,0.0,0.0,0.0
2018-02-22 00:00:00-05:00,32.64780993637259,33.074704167744684,32.25486945753518,32.317935943603516,16500,0.0,0.0,0.0
2018-02-23 00:00:00-05:00,32.958284480112894,32.958284480112894,31.62035318860183,32.739013671875,55600,0.0,0.0,0.0
2018-02-26 00:00:00-05:00,33.01649034564472,33.32695955557019,32.744830712231156,33.2590446472168,214700,0.0,0.0,0.0
2018-02-27 00:00:00-05:00,33.3366620611163,33.3366620611163,32.54108428955078,32.54108428955078,452800,0.0,0.0,0.0
2018-02-28 00:00:00-05:00,32.706020666156434,33.08440477900281,32.11127853393555,32.11127853393555,336200,0.0,0.0,0.0
2018-03-01 00:00:00-05:00,32.16270390252228,32.35577471086971,31.464146285478094,32.06761932373047,21500,0.0,0.0,0.0
2018-03-02 00:00:00-05:00,31.958955179589655,33.11060333251953,31.193456042094628,33.11060333251953,22200,0.0,0.0,0.0
2018-03-05 00:00:00-05:00,33.23964292450127,33.8314760670928,33.23964292450127,33.62773132324219,50700,0.0,0.0,0.0
2018-03-06 00:00:00-05:00,33.98671000481219,33.98671000481219,33.02619697387242,33.472496032714844,51800,0.0,0.0,0.0
2018-03-07 00:00:00-05:00,33.02619635086218,33.97700881958008,33.02619635086218,33.97700881958008,21400,0.0,0.0,0.0
2018-03-08 00:00:00-05:00,34.42330424031388,34.42330424031388,33.81691851799772,33.9867057800293,24700,0.0,0.0,0.0
2018-03-09 00:00:00-05:00,34.45241129755381,34.6755645115062,33.869312771137054,34.56884002685547,65600,0.0,0.0,0.0
2018-03-12 00:00:00-04:00,34.91811950230013,34.91811950230013,34.08955390460372,34.72407531738281,31300,0.0,0.0,0.0
2018-03-13 00:00:00-04:00,35.03454208394414,35.170371893566426,34.171049407558414,34.27389144897461,39600,0.0,0.0,0.0
2018-03-14 00:00:00-04:00,34.442710782862626,34.442710782862626,33.74415321080669,34.01969528198242,22700,0.0,0.0,0.0
2018-03-15 00:00:00-04:00,34.384497054370556,34.384497054370556,33.144559561679976,33.27845001220703,14500,0.0,0.0,0.0
2018-03-16 00:00:00-04:00,33.074707652598,33.41331254023574,32.938877823808376,33.17464065551758,19900,0.0,0.0,0.0
2018-03-19 00:00:00-04:00,33.210535362147105,33.281363026116445,32.50227722787875,32.89036560058594,36700,0.0,0.0,0.0
2018-03-20 00:00:00-04:00,32.938874664307065,33.285240694497126,32.80110177897475,33.24934387207031,15900,0.0,0.0,0.0
2018-03-21 00:00:00-04:00,33.2590427982999,33.782960948830635,33.2590427982999,33.61414337158203,6200,0.0,0.0,0.0
2018-03-22 00:00:00-04:00,33.569513934538826,33.90909217817361,32.851555272837714,32.891334533691406,13500,0.0,0.0,0.0
2018-03-23 00:00:00-04:00,33.56951487495159,33.56951487495159,32.20150872065124,32.240318298339844,30900,0.0,0.0,0.0
2018-03-26 00:00:00-04:00,32.57989579608107,33.13582836429437,32.15299785357471,33.13291931152344,36500,0.0,0.0,0.0
2018-03-27 00:00:00-04:00,33.52100459869761,33.52100459869761,31.144945027332916,31.182781219482422,46900,0.0,0.0,0.0
2018-03-28 00:00:00-04:00,31.250695570655125,31.250695570655125,30.144648539011154,30.83350372314453,23800,0.0,0.0,0.0
2018-03-29 00:00:00-04:00,30.707374280618115,31.81342315673828,30.65886416040741,31.81342315673828,18100,0.0,0.0,0.0
2018-04-02 00:00:00-04:00,30.95963049287426,30.95963049287426,29.51691800004952,29.761411666870117,31500,0.0,0.0,0.0
2018-04-03 00:00:00-04:00,30.193161690171323,30.193161690171323,29.12592234308576,29.756563186645508,20000,0.0,0.0,0.0
2018-04-04 00:00:00-04:00,29.14532760010736,30.678270808533,29.077410836935574,30.629758834838867,14900,0.0,0.0,0.0
2018-04-05 00:00:00-04:00,30.784991706468464,30.950898390860512,29.562517796733836,29.649837493896484,31400,0.0,0.0,0.0
2018-04-06 00:00:00-04:00,29.11621841486361,29.475197742816267,28.340043543983697,28.650514602661133,31200,0.0,0.0,0.0
2018-04-09 00:00:00-04:00,29.06770708779105,30.067031492815886,29.06770708779105,29.528560638427734,17400,0.0,0.0,0.0
2018-04-10 00:00:00-04:00,30.348395399873276,30.84320640563965,29.895303024085166,30.84320640563965,50700,0.0,0.0,0.0
2018-04-11 00:00:00-04:00,30.358098338430338,31.475789013821014,30.358098338430338,31.124570846557617,10400,0.0,0.0,0.0
2018-04-12 00:00:00-04:00,31.823123525075538,31.95216185053758,31.405929831608386,31.846410751342773,17500,0.0,0.0,0.0
2018-04-13 00:00:00-04:00,32.15299832134105,32.15299832134105,31.083817782091575,31.308910369873047,14800,0.0,0.0,0.0
2018-04-16 00:00:00-04:00,31.47384660007501,31.47384660007501,30.755887899870583,31.017845153808594,9400,0.0,0.0,0.0
2018-04-17 00:00:00-04:00,30.920822068758838,31.968656539916992,30.920822068758838,31.968656539916992,17000,0.0,0.0,0.0
2018-04-18 00:00:00-04:00,32.191811719955425,32.191811719955425,31.51557159423828,31.51557159423828,12500,0.0,0.0,0.0
2018-04-19 00:00:00-04:00,31.3768274689191,31.570871668139713,30.94022894594404,30.988740921020508,24800,0.0,0.0,0.0
2018-04-20 00:00:00-04:00,31.299206563357817,31.299206563357817,30.64916278846731,30.930524826049805,19000,0.0,0.0,0.0
2018-04-23 00:00:00-04:00,30.930524638089963,30.930524638089963,30.16405398470897,30.39690589904785,44300,0.0,0.0,0.0
2018-04-24 00:00:00-04:00,30.231967592568083,30.569602761285754,29.65953930052723,29.892391204833984,31400,0.0,0.0,0.0
2018-04-25 00:00:00-04:00,30.144647429112613,30.144647429112613,29.329664851421086,29.940902709960938,12400,0.0,0.0,0.0
2018-04-26 00:00:00-04:00,30.32122917749932,30.513332141590972,30.32122917749932,30.42795181274414,2900,0.0,0.0,0.0
2018-04-27 00:00:00-04:00,30.68797054396522,30.755887305347102,30.406608506124694,30.60065269470215,8600,0.0,0.0,0.0
2018-04-30 00:00:00-04:00,30.930524660318667,30.930524660318667,30.096139095973673,30.134946823120117,6100,0.0,0.0,0.0
2018-05-01 00:00:00-04:00,29.979712243473653,30.464820861816406,29.979712243473653,30.464820861816406,10100,0.0,0.0,0.0
2018-05-02 00:00:00-04:00,30.0864368627598,31.260400686545964,30.0864368627598,30.930524826049805,7400,0.0,0.0,0.0
2018-05-03 00:00:00-04:00,30.94992995233408,30.94992995233408,30.15920237422008,30.44153594970703,5300,0.0,0.0,0.0
2018-05-04 00:00:00-04:00,30.319288359643686,30.598711024796543,30.270778238485256,30.45511817932129,17600,0.0,0.0,0.0
2018-05-07 00:00:00-04:00,30.426013772998683,31.191512908936083,30.426013772998683,30.987768173217773,13300,0.0,0.0,0.0
2018-05-08 00:00:00-04:00,30.80439885327666,30.80439885327666,30.302796323587344,30.387205123901367,25200,0.0,0.0,0.0
2018-05-09 00:00:00-04:00,30.202861895365476,31.240995897597507,30.183458956959548,30.930524826049805,8300,0.0,0.0,0.0
2018-05-10 00:00:00-04:00,31.105167408779955,31.36518344944282,30.503631879402054,30.513334274291992,15000,0.0,0.0,0.0
2018-05-11 00:00:00-04:00,30.84514557347143,31.376824933880535,30.697672142022046,31.299205780029297,9500,0.0,0.0,0.0
2018-05-14 00:00:00-04:00,31.61937776601681,32.017166658273176,31.590272435220058,31.968656539916992,8300,0.0,0.0,0.0
2018-05-15 00:00:00-04:00,31.99776169737822,32.02201860696731,31.570867476637638,31.976417541503906,7100,0.0,0.0,0.0
2018-05-16 00:00:00-04:00,32.10448679649013,32.604148054541696,32.10448679649013,32.60026931762695,8400,0.0,0.0,0.0
2018-05-17 00:00:00-04:00,32.366448932915645,32.62452560330845,32.33928296761114,32.52556228637695,10700,0.0,0.0,0.0
2018-05-18 00:00:00-04:00,32.589599130670074,32.74483375003423,32.54108900607226,32.706024169921875,7100,0.0,0.0,0.0
2018-05-21 00:00:00-04:00,32.98738631814305,33.021343773662444,32.065679195507336,32.14426803588867,79500,0.0,0.0,0.0
2018-05-22 00:00:00-04:00,32.50227825862717,32.64781232827896,32.26457606587538,32.349952697753906,7600,0.0,0.0,0.0
2018-05-23 00:00:00-04:00,32.50227483036037,32.99611426882894,32.50227483036037,32.67691421508789,13400,0.0,0.0,0.0
2018-05-24 00:00:00-04:00,32.84185288558594,32.903949692094166,32.64781239377447,32.798194885253906,14800,0.0,0.0,0.0
2018-05-25 00:00:00-04:00,32.79528148644024,33.13000762007852,32.65751229583263,32.909767150878906,10700,0.0,0.0,0.0
2018-05-29 00:00:00-04:00,32.54108492605023,33.09410841951444,32.444060987934265,32.565338134765625,17300,0.0,0.0,0.0
2018-05-30 00:00:00-04:00,32.92432486882411,33.132921732952184,32.647813090894815,32.74192428588867,27500,0.0,0.0,0.0
2018-05-31 00:00:00-04:00,33.162028259171464,33.72475237962139,33.162028259171464,33.656837463378906,20400,0.0,0.0,0.0
2018-06-01 00:00:00-04:00,33.95760345185113,34.054623695565255,33.71504914148076,33.98283004760742,22500,0.0,0.0,0.0
2018-06-04 00:00:00-04:00,34.32628626131553,34.433010747631336,32.66721200318936,33.404579162597656,33400,0.0,0.0,0.0
2018-06-05 00:00:00-04:00,33.15232172977653,33.885806475756844,33.15232172977653,33.70534896850586,14600,0.0,0.0,0.0
2018-06-06 00:00:00-04:00,34.00611022004271,34.44173899167966,32.98835264136016,34.10313415527344,29700,0.0,0.0,0.0
2018-06-07 00:00:00-04:00,33.97700874498186,34.13224335787895,33.33666550414571,33.579219818115234,7500,0.0,0.0,0.0
2018-06-08 00:00:00-04:00,33.54040884030434,33.82371208954917,33.530708296627715,33.792667388916016,20900,0.0,0.0,0.0
2018-06-11 00:00:00-04:00,33.30755834595385,33.88774781865986,33.19015993259962,33.38517379760742,12800,0.0,0.0,0.0
2018-06-12 00:00:00-04:00,33.64713252822285,33.7732617995375,33.44338780608101,33.637428283691406,7700,0.0,0.0,0.0
2018-06-13 00:00:00-04:00,33.60347230408062,34.112837832864365,33.49966056998346,33.94790267944336,19100,0.0,0.0,0.0
2018-06-14 00:00:00-04:00,34.083729022547345,34.09342956542969,33.83147049459057,34.09342956542969,6100,0.0,0.0,0.0
2018-06-15 00:00:00-04:00,33.831473135586265,34.190456168695476,33.831473135586265,34.054622650146484,8200,0.0,0.0,0.0
2018-06-18 00:00:00-04:00,33.95760382558994,34.10895599962337,33.656835145029795,33.70534896850586,11400,0.0,0.0,0.0
2018-06-19 00:00:00-04:00,33.521002617459494,33.878042567057314,33.51130207419797,33.8751335144043,6800,0.0,0.0,0.0
2018-06-20 00:00:00-04:00,34.05462297729516,34.45241188986911,34.05462297729516,34.32628631591797,15100,0.0,0.0,0.0
2018-06-21 00:00:00-04:00,34.41166705639945,34.41166705639945,33.414283752441406,33.414283752441406,27900,0.0,0.0,0.0
2018-06-22 00:00:00-04:00,33.70243438638241,33.70243438638241,32.84185072370299,33.24934387207031,18300,0.0,0.0,0.0
2018-06-25 00:00:00-04:00,33.297854427530496,33.297854427530496,32.51197715323636,32.7399787902832,17600,0.0,0.0,0.0
2018-06-26 00:00:00-04:00,32.57989892902828,33.103813461717266,32.417869115408394,32.715728759765625,11800,0.0,0.0,0.0
2018-06-27 00:00:00-04:00,32.599295972614804,32.83214972575677,31.32831382751465,31.32831382751465,16300,0.0,0.0,0.0
2018-06-28 00:00:00-04:00,31.532059361741652,31.532059361741652,30.660803610342484,31.357419967651367,18700,0.0,0.0,0.0
2018-06-29 00:00:00-04:00,31.561165305195605,32.01716858760875,31.53205997264498,31.71931266784668,6800,0.0,0.0,0.0
2018-07-02 00:00:00-04:00,31.590274864762247,32.250022888183594,31.515568462509556,32.250022888183594,3300,0.0,0.0,0.0
2018-07-03 00:00:00-04:00,32.10448764470976,32.81856757088228,32.10448764470976,32.709903717041016,8100,0.0,0.0,0.0
2018-07-05 00:00:00-04:00,32.87095792379057,33.055297849033565,32.53720150845612,32.793338775634766,7000,0.0,0.0,0.0
2018-07-06 00:00:00-04:00,32.80304409762965,33.723777770996094,32.80304409762965,33.723777770996094,14600,0.0,0.0,0.0
2018-07-09 00:00:00-04:00,33.879982227847705,34.20985621785803,33.42106991516227,33.75385665893555,31900,0.0,0.0,0.0
2018-07-10 00:00:00-04:00,33.744152421972785,33.869312007771434,33.21053371183104,33.49189758300781,7900,0.0,0.0,0.0
2018-07-11 00:00:00-04:00,33.1319468375668,33.39875805897265,33.117394171141946,33.297855377197266,4100,0.0,0.0,0.0
2018-07-12 00:00:00-04:00,33.4336858784019,33.4821960011661,33.27942094920874,33.45309066772461,7700,0.0,0.0,0.0
2018-07-13 00:00:00-04:00,33.42398533428311,33.521005579811515,33.28330338750734,33.45309066772461,7000,0.0,0.0,0.0
2018-07-16 00:00:00-04:00,33.462793563696195,33.521004228232115,32.628406161888265,32.88066101074219,14400,0.0,0.0,0.0
2018-07-17 00:00:00-04:00,32.79625464136215,33.06015310818107,32.79625464136215,32.90006637573242,9200,0.0,0.0,0.0
2018-07-18 00:00:00-04:00,32.91947048041297,32.91947048041297,32.49257623717421,32.74483108520508,4200,0.0,0.0,0.0
2018-07-19 00:00:00-04:00,32.44406409593221,33.065006256103516,32.44406409593221,33.065006256103516,15200,0.0,0.0,0.0
2018-07-20 00:00:00-04:00,33.01649153565625,33.224118706285076,32.7739372253418,32.7739372253418,13400,0.0,0.0,0.0
2018-07-23 00:00:00-04:00,32.84185153993647,33.074705302088574,32.62840626747244,33.0164909362793,69100,0.0,0.0,0.0
2018-07-24 00:00:00-04:00,33.15232116751173,33.29785523330146,32.13359381023871,32.240318298339844,16200,0.0,0.0,0.0
2018-07-25 00:00:00-04:00,32.58474676769176,32.88066333696796,32.35383605957031,32.35383605957031,6700,0.0,0.0,0.0
2018-07-26 00:00:00-04:00,32.39555499538013,32.715728480313544,32.153000670825215,32.25778579711914,6900,0.0,0.0,0.0
2018-07-27 00:00:00-04:00,32.27912778147618,32.27912778147618,30.949929358215407,31.250696182250977,11300,0.0,0.0,0.0
2018-07-30 00:00:00-04:00,31.095461255127606,31.24099531900315,30.6976723417641,30.84320640563965,536100,0.0,0.0,0.0
2018-07-31 00:00:00-04:00,31.017843611694545,31.687294006347656,30.93052391454229,31.687294006347656,263700,0.0,0.0,0.0
2018-08-01 00:00:00-04:00,31.73580337239474,32.05112469912082,31.711550163314186,31.726102828979492,3300,0.0,0.0,0.0
2018-08-02 00:00:00-04:00,31.603856281621862,31.85223238766367,31.47384457152282,31.80371856689453,25300,0.0,0.0,0.0
2018-08-03 00:00:00-04:00,31.958956365495677,31.958956365495677,30.988740921020508,30.988740921020508,9800,0.0,0.0,0.0
2018-08-06 00:00:00-04:00,31.163375961874593,31.377794618140932,31.085760509108315,31.299205780029297,10400,0.0,0.0,0.0
2018-08-07 00:00:00-04:00,31.279803746573396,31.92014694213867,31.279803746573396,31.920146942138672,4300,0.0,0.0,0.0
2018-08-08 00:00:00-04:00,31.629079120354643,31.806631265588454,31.289504582068474,31.735803604125977,5900,0.0,0.0,0.0
2018-08-09 00:00:00-04:00,31.551466804971604,32.3470446889552,31.551466804971604,31.910446166992188,5700,0.0,0.0,0.0
2018-08-10 00:00:00-04:00,31.677595860252858,32.30823487534084,31.677595860252858,31.900745391845703,5800,0.0,0.0,0.0
2018-08-13 00:00:00-04:00,31.891042293292013,31.891042293292013,31.454443758784763,31.609682083129883,8300,0.0,0.0,0.0
2018-08-14 00:00:00-04:00,31.687296671081345,32.01717069905441,31.563110456329603,31.648487091064453,10200,0.0,0.0,0.0
2018-08-15 00:00:00-04:00,31.357422146699136,31.38070937477472,30.940228420835155,31.037250518798828,5700,0.0,0.0,0.0
2018-08-16 00:00:00-04:00,31.16337698101817,31.50295523859521,31.16337698101817,31.46414566040039,4100,0.0,0.0,0.0
2018-08-17 00:00:00-04:00,31.367123170149014,31.532058314040203,31.240993900589103,31.454439163208008,29800,0.0,0.0,0.0
2018-08-20 00:00:00-04:00,31.454441794690442,31.454441794690442,31.153676812765692,31.16143798828125,9500,0.0,0.0,0.0
2018-08-21 00:00:00-04:00,30.814101217564165,31.900745391845703,30.814101217564165,31.900745391845703,36200,0.0,0.0,0.0
2018-08-22 00:00:00-04:00,31.570873335580867,32.434366181579136,31.570873335580867,32.366451263427734,9200,0.0,0.0,0.0
2018-08-23 00:00:00-04:00,32.133594384132024,32.4537678541536,32.133594384132024,32.25972366333008,15200,0.0,0.0,0.0
2018-08-24 00:00:00-04:00,32.50227529177715,32.68370616958548,32.317935361318796,32.560489654541016,8900,0.0,0.0,0.0
2018-08-27 00:00:00-04:00,32.50227573755195,33.29785353414554,32.50227573755195,33.10380935668945,7700,0.0,0.0,0.0
2018-08-28 00:00:00-04:00,32.90006439889586,33.427861300820446,32.90006439889586,33.3560676574707,7700,0.0,0.0,0.0
2018-08-29 00:00:00-04:00,33.46279465546593,33.77908568693076,33.394876042816456,33.70534896850586,5100,0.0,0.0,0.0
2018-08-30 00:00:00-04:00,34.171053557837546,34.410695122181416,34.074029609834106,34.25837326049805,8100,0.0,0.0,0.0
2018-08-31 00:00:00-04:00,34.34277786812446,34.790050280598564,34.25837092525456,34.70466995239258,7200,0.0,0.0,0.0
2018-09-04 00:00:00-04:00,34.743480463738976,34.743480463738976,34.27486388187625,34.60764694213867,36300,0.0,0.0,0.0
2018-09-05 00:00:00-04:00,34.41554550781304,34.41554550781304,33.967303403157,34.200157165527344,2400,0.0,0.0,0.0
2018-09-06 00:00:00-04:00,34.277776809768646,34.277776809768646,33.21732711791992,33.21732711791992,3700,0.0,0.0,0.0
2018-09-07 00:00:00-04:00,32.98738722906801,33.210536757369724,32.83215261368051,32.93887710571289,11300,0.0,0.0,0.0
2018-09-10 00:00:00-04:00,33.07470619857742,33.307559967041016,32.9873864980392,33.307559967041016,15300,0.0,0.0,0.0
2018-09-11 00:00:00-04:00,33.42398349684998,33.42398349684998,33.021342467979935,33.2590446472168,2900,0.0,0.0,0.0
2018-09-12 00:00:00-04:00,33.03589687697995,33.20083573531583,32.75744573803909,33.055301666259766,3900,0.0,0.0,0.0
2018-09-13 00:00:00-04:00,33.14261899511172,33.201803043015964,32.94760513305664,32.94760513305664,3400,0.0,0.0,0.0
2018-09-14 00:00:00-04:00,32.94857707400993,33.05530156417677,32.9146196181464,32.919471740722656,7200,0.0,0.0,0.0
2018-09-17 00:00:00-04:00,32.531382038505654,32.89036507287989,32.07926120117425,32.0850830078125,14000,0.0,0.0,0.0
2018-09-18 00:00:00-04:00,32.327637595752016,33.1426202116569,32.327637595752016,33.0164909362793,4000,0.0,0.0,0.0
2018-09-19 00:00:00-04:00,32.909764948762486,33.40360809864133,32.909764948762486,33.09410858154297,10300,0.0,0.0,0.0
2018-09-20 00:00:00-04:00,33.763561551785166,34.04201640609279,33.69564663636509,34.03522491455078,13200,0.0,0.0,0.0
2018-09-21 00:00:00-04:00,33.72087461357919,33.72087461357919,33.423988342285156,33.423988342285156,7200,0.0,0.0,0.0
2018-09-24 00:00:00-04:00,33.58892007039093,34.2389675507462,33.58892007039093,34.22926330566406,6500,0.0,0.0,0.0
2018-09-25 00:00:00-04:00,34.18075528998581,34.48152398762137,34.03522491455078,34.03522491455078,21600,0.0,0.0,0.0
2018-09-26 00:00:00-04:00,34.13127329831625,34.13127329831625,33.83147430419922,33.83147430419922,1700,0.0,0.0,0.0
2018-09-27 00:00:00-04:00,33.695644676563525,33.695644676563525,33.42398503068345,33.59959411621094,4800,0.0,0.0,0.0
2018-09-28 00:00:00-04:00,33.44339242027939,33.621910572571544,33.44339242027939,33.53071212768555,4100,0.0,0.0,0.0
2018-10-01 00:00:00-04:00,33.72572187418242,33.81206818552525,32.70602116165311,32.760353088378906,9200,0.0,0.0,0.0
2018-10-02 00:00:00-04:00,32.851560224884004,32.851560224884004,31.93955354269999,32.114192962646484,7700,0.0,0.0,0.0
2018-10-03 00:00:00-04:00,32.48287349252428,32.83215229907053,31.858052598615657,32.667213439941406,9100,0.0,0.0,0.0
2018-10-04 00:00:00-04:00,32.36644693897406,32.36644693897406,31.299205780029297,31.299205780029297,7100,0.0,0.0,0.0
2018-10-05 00:00:00-04:00,31.27010141729788,31.419514221900076,30.231969259406156,30.804397583007812,20400,0.0,0.0,0.0
2018-10-08 00:00:00-04:00,30.6297586101218,30.6297586101218,29.62073362174011,30.02822494506836,22000,0.0,0.0,0.0
2018-10-09 00:00:00-04:00,29.717754364013672,30.455119716195398,29.66924424040725,29.717754364013672,12800,0.0,0.0,0.0
2018-10-10 00:00:00-04:00,29.426690099417087,29.543116987536894,28.291535805055013,28.340045928955078,44100,0.0,0.0,0.0
2018-10-11 00:00:00-04:00,28.34004664893726,28.73783744730268,28.097492322189588,28.165409088134766,12700,0.0,0.0,0.0
2018-10-12 00:00:00-04:00,28.73783510887103,28.83970747368534,28.309969326108426,28.67962074279785,3900,0.0,0.0,0.0
2018-10-15 00:00:00-04:00,28.427364823080936,28.505953664277857,27.7191066712655,28.31093978881836,7100,0.0,0.0,0.0
2018-10-16 00:00:00-04:00,29.620734116800826,29.717754364013672,28.929939519585123,29.717754364013672,5800,0.0,0.0,0.0
2018-10-17 00:00:00-04:00,29.82447735157041,29.940904233110224,29.18413412945768,29.664392471313477,8800,0.0,0.0,0.0
2018-10-18 00:00:00-04:00,29.6886491546476,29.6886491546476,28.94061172017692,29.193838119506836,10500,0.0,0.0,0.0
2018-10-19 00:00:00-04:00,29.17443177926749,29.34712995748227,28.311908721923828,28.311908721923828,2700,0.0,0.0,0.0
2018-10-22 00:00:00-04:00,28.310939160464386,28.310939160464386,27.166082529217693,27.50080680847168,29200,0.0,0.0,0.0
2018-10-23 00:00:00-04:00,26.777994884470576,27.651189987656505,26.54708234879648,27.3814697265625,17900,0.0,0.0,0.0
2018-10-24 00:00:00-04:00,26.777994781418084,26.777994781418084,25.39446449279785,25.39446449279785,6600,0.0,0.0,0.0
2018-10-25 00:00:00-04:00,25.89509837014109,26.80710123336194,25.64769194034694,26.64216423034668,31900,0.0,0.0,0.0
2018-10-26 00:00:00-04:00,25.76897006157301,26.603357502337126,25.710757543776758,26.477230072021484,7600,0.0,0.0,0.0
2018-10-29 00:00:00-04:00,26.700379818265475,26.700379818265475,24.76964766552938,25.167436599731445,9300,0.0,0.0,0.0
2018-10-30 00:00:00-04:00,25.84658708062365,25.856289475238604,25.152881595266056,25.414840698242188,1700,0.0,0.0,0.0
2018-10-31 00:00:00-04:00,26.137652259521808,26.295797769011255,25.8300920999465,26.035778045654297,4400,0.0,0.0,0.0
2018-11-01 00:00:00-04:00,26.67127117826932,27.783140024502693,26.62276105744533,27.554168701171875,13200,0.0,0.0,0.0
2018-11-02 00:00:00-04:00,28.09748996944353,28.272129366165228,27.602680812788712,28.019872665405273,19500,0.0,0.0,0.0
2018-11-05 00:00:00-05:00,28.107192220952324,28.107192220952324,27.549318429306474,27.554168701171875,1300,0.0,0.0,0.0
2018-11-06 00:00:00-05:00,27.447448490501255,27.903449958383423,27.36012878486853,27.505661010742188,7800,0.0,0.0,0.0
2018-11-07 00:00:00-05:00,27.87822172573946,28.27019069374554,27.59297909790993,28.05674171447754,5700,0.0,0.0,0.0
2018-11-08 00:00:00-05:00,28.136299554039336,28.136299554039336,27.914119720458984,27.914119720458984,3300,0.0,0.0,0.0
2018-11-09 00:00:00-05:00,27.3795309567795,27.552230994501375,26.69067757670855,26.753742218017578,3000,0.0,0.0,0.0
2018-11-12 00:00:00-05:00,26.719785635392885,26.719785635392885,25.565226517056207,25.624408721923828,7500,0.0,0.0,0.0
2018-11-13 00:00:00-05:00,25.613735096617738,26.12018973119735,25.42357334416541,25.4779052734375,8600,0.0,0.0,0.0
2018-11-14 00:00:00-05:00,25.55552032693418,25.768967437479848,24.478578679385947,24.770614624023438,10300,0.0,0.0,0.0
2018-11-15 00:00:00-05:00,24.967569082243255,25.86599080058901,24.92488076835319,25.574926376342773,12100,0.0,0.0,0.0
2018-11-16 00:00:00-05:00,24.973392595928406,26.360803604125977,24.973392595928406,26.360803604125977,7900,0.0,0.0,0.0
2018-11-19 00:00:00-05:00,26.186161347538086,26.186161347538086,25.20624177811104,25.32946014404297,2700,0.0,0.0,0.0
2018-11-20 00:00:00-05:00,24.624114146089443,25.53223833413171,24.371859277731446,25.26736831665039,31200,0.0,0.0,0.0
2018-11-21 00:00:00-05:00,25.487608488486146,25.836885452270508,25.47402550573088,25.836885452270508,3500,0.0,0.0,0.0
2018-11-23 00:00:00-05:00,26.1541485499712,26.30259167890905,26.1541485499712,26.249229431152344,2700,0.0,0.0,0.0
2018-11-26 00:00:00-05:00,26.525738115992773,26.61790808282439,26.089139640385266,26.34139633178711,4700,0.0,0.0,0.0
2018-11-27 00:00:00-05:00,26.195865922925922,26.195865922925922,25.61373519897461,25.61373519897461,2100,0.0,0.0,0.0
2018-11-28 00:00:00-05:00,25.604032669436116,26.39961051940918,25.53611775793245,26.39961051940918,2500,0.0,0.0,0.0
2018-11-29 00:00:00-05:00,26.69067622662839,26.711050699637894,26.176460428393156,26.312292098999023,6300,0.0,0.0,0.0
2018-11-30 00:00:00-05:00,25.972714322906306,26.598504847417903,25.972714322906306,26.593652725219727,5700,0.0,0.0,0.0
2018-12-03 00:00:00-05:00,27.612382347896546,27.612382347896546,27.01084868263969,27.263105392456055,6000,0.0,0.0,0.0
2018-12-04 00:00:00-05:00,27.466850511106706,27.466850511106706,26.05130386352539,26.05130386352539,3700,0.0,0.0,0.0
2018-12-06 00:00:00-05:00,25.22564744818008,26.147354537465187,25.22564744818008,26.030927658081055,3500,0.0,0.0,0.0
2018-12-07 00:00:00-05:00,25.759266079157896,26.258929198618223,25.50701123407453,25.63313865661621,5000,0.0,0.0,0.0
2018-12-10 00:00:00-05:00,24.66292161202318,25.736952406597254,24.66292161202318,25.731130599975586,5000,0.0,0.0,0.0
2018-12-11 00:00:00-05:00,26.07264730607499,26.07264730607499,25.362449790984815,25.671947479248047,6600,0.0,0.0,0.0
2018-12-12 00:00:00-05:00,25.78837529389628,26.331696453924714,25.78837529389628,26.098844528198242,4700,0.0,0.0,0.0
2018-12-13 00:00:00-05:00,25.75926781482193,25.75926781482193,25.197513406303116,25.20527458190918,3000,0.0,0.0,0.0
2018-12-14 00:00:00-05:00,24.76964598832858,25.15773250144975,24.595006594788437,24.62314224243164,6600,0.0,0.0,0.0
2018-12-17 00:00:00-05:00,24.333049507847065,24.7812897912511,23.74315758922789,23.74412727355957,21700,0.0,0.0,0.0
2018-12-18 00:00:00-05:00,23.780025325502645,23.877047421859373,22.810777747326718,23.102813720703125,15300,0.0,0.0,0.0
2018-12-19 00:00:00-05:00,23.36283054244423,23.518065149327516,22.13065423108348,22.396493911743164,9600,0.0,0.0,0.0
2018-12-20 00:00:00-05:00,22.033631733533536,22.295590821780166,21.044011595505914,21.30402946472168,84500,0.0,0.0,0.0
2018-12-21 00:00:00-05:00,21.34477937032969,21.34477937032969,20.23873230422258,20.297914505004883,41000,0.0,0.0,0.0
2018-12-24 00:00:00-05:00,19.617791818410886,20.801458029030083,19.617791818410886,20.59286117553711,27700,0.0,0.0,0.0
2018-12-26 00:00:00-05:00,20.442478270694544,22.15297184900088,20.442478270694544,22.134536743164062,14000,0.0,0.0,0.0
2018-12-27 00:00:00-05:00,21.858994216599847,22.145208365072026,21.204096495243615,22.01422882080078,57100,0.0,0.0,0.0
2018-12-28 00:00:00-05:00,22.237379134816948,22.615763264882002,21.9249686961177,22.199541091918945,33600,0.0,0.0,0.0
2018-12-31 00:00:00-05:00,22.1306556409914,22.615764281042765,22.1306556409914,22.53814697265625,45400,0.0,0.0,0.0
2019-01-02 00:00:00-05:00,22.351864600815134,23.285213470458984,22.314996242523193,23.285213470458984,5600,0.0,0.0,0.0
2019-01-03 00:00:00-05:00,23.256106980467116,23.256106980467116,22.730249404907227,22.730249404907227,27400,0.0,0.0,0.0
2019-01-04 00:00:00-05:00,23.013551437465196,23.867343614208316,23.013551437465196,23.857641220092773,14300,0.0,0.0,0.0
2019-01-07 00:00:00-05:00,24.100195022491086,25.012199694506926,24.100195022491086,24.89092254638672,19200,0.0,0.0,0.0
2019-01-08 00:00:00-05:00,25.40028566787612,25.710754864492646,24.54649352663829,24.92681884765625,10200,0.0,0.0,0.0
2019-01-09 00:00:00-05:00,25.002497653101962,25.09078703326544,24.808453473156835,24.812334060668945,46700,0.0,0.0,0.0
2019-01-10 00:00:00-05:00,24.50768733045938,25.005409240722656,24.430070026465582,25.005409240722656,20200,0.0,0.0,0.0
2019-01-11 00:00:00-05:00,24.976301596445516,25.05100799571009,24.82397789462078,25.003467559814453,2800,0.0,0.0,0.0
2019-01-14 00:00:00-05:00,24.78904823420527,24.78904823420527,24.362154006958008,24.362154006958008,7700,0.0,0.0,0.0
2019-01-15 00:00:00-05:00,24.653219107250536,24.701729227433578,24.31364271434185,24.64836883544922,5200,0.0,0.0,0.0
2019-01-16 00:00:00-05:00,24.42036697828325,25.031602999550525,24.42036697828325,24.4698486328125,7100,0.0,0.0,0.0
2019-01-17 00:00:00-05:00,24.41745480815999,24.740537296388425,24.41745480815999,24.637693405151367,2800,0.0,0.0,0.0
2019-01-18 00:00:00-05:00,24.93458439884923,24.93458439884923,24.430070977968477,24.565900802612305,10400,0.0,0.0,0.0
2019-01-22 00:00:00-05:00,24.52709042102855,24.52709042102855,23.856670379638672,23.856670379638672,4700,0.0,0.0,0.0
2019-01-23 00:00:00-05:00,24.046833004193722,24.11960003395751,23.285212654980466,23.454999923706055,5200,0.0,0.0,0.0
2019-01-24 00:00:00-05:00,23.362829842439368,23.479256719384654,23.288123444564757,23.424922943115234,2500,0.0,0.0,0.0
2019-01-25 00:00:00-05:00,23.518065158759594,24.041011810302734,23.518065158759594,24.041011810302734,2300,0.0,0.0,0.0
2019-01-28 00:00:00-05:00,23.382235219744118,23.615087128961697,23.18819103679156,23.207595825195312,3600,0.0,0.0,0.0
2019-01-29 00:00:00-05:00,23.207596235545697,23.2755111456172,23.052361626655827,23.129009246826172,4300,0.0,0.0,0.0
2019-01-30 00:00:00-05:00,23.285213483536197,23.886748979432916,23.071766359465748,23.877046585083008,28200,0.0,0.0,0.0
2019-01-31 00:00:00-05:00,23.9546649397476,24.348573285022628,23.9546649397476,24.308794021606445,5300,0.0,0.0,0.0
2019-02-01 00:00:00-05:00,24.352451901473245,24.39320084590553,24.17781251073922,24.371856689453125,5600,0.0,0.0,0.0
2019-02-04 00:00:00-05:00,24.303941002321082,24.68232698243011,24.303941002321082,24.672624588012695,10700,0.0,0.0,0.0
2019-02-05 00:00:00-05:00,24.769646618310865,25.235350445900814,24.604709614721614,24.735689163208008,3400,0.0,0.0,0.0
2019-02-06 00:00:00-05:00,25.08011633329552,25.09952112246495,24.808454836551178,25.042278289794922,2200,0.0,0.0,0.0
2019-02-07 00:00:00-05:00,24.72113690952939,24.808456616514302,24.1555000334007,24.339841842651367,4500,0.0,0.0,0.0
2019-02-08 00:00:00-05:00,24.119601908957744,24.66389274597168,24.119601908957744,24.66389274597168,4300,0.0,0.0,0.0
2019-02-11 00:00:00-05:00,24.614411428834593,24.847263337140134,24.53679412606608,24.83465003967285,3200,0.0,0.0,0.0
2019-02-12 00:00:00-05:00,24.934583072039192,25.22564749522869,24.924880677860546,25.17713737487793,5000,0.0,0.0,0.0
2019-02-13 00:00:00-05:00,25.45753065932431,25.45753065932431,25.109221542461242,25.13056755065918,4600,0.0,0.0,0.0
2019-02-14 00:00:00-05:00,25.13832908053543,25.13832908053543,24.837562247824383,25.064592361450195,4000,0.0,0.0,0.0
2019-02-15 00:00:00-05:00,25.16743649464923,25.572986602783203,25.16743649464923,25.572986602783203,3100,0.0,0.0,0.0
2019-02-19 00:00:00-05:00,25.64284141564363,25.64284141564363,25.29647352767193,25.35565757751465,7600,0.0,0.0,0.0
2019-02-20 00:00:00-05:00,25.497310391949235,25.507012786664934,24.91517966280524,25.119895935058594,6500,0.0,0.0,0.0
2019-02-21 00:00:00-05:00,24.98309496264536,24.98309496264536,24.692030518831583,24.791961669921875,5400,0.0,0.0,0.0
2019-02-22 00:00:00-05:00,24.84726428412073,25.36147824060646,24.84726428412073,25.22370719909668,4600,0.0,0.0,0.0
2019-02-25 00:00:00-05:00,25.710755810889825,26.351099015117647,25.710755810889825,26.338485717773438,7400,0.0,0.0,0.0
2019-02-26 00:00:00-05:00,26.22497258842012,26.661569234846407,26.098843311276898,26.135711669921875,6300,0.0,0.0,0.0
2019-02-27 00:00:00-05:00,26.137651955309284,26.535440860318392,26.040629864944083,26.313261032104492,5900,0.0,0.0,0.0
2019-02-28 00:00:00-05:00,26.35109880004374,26.35109880004374,25.62343590567462,25.910619735717773,4200,0.0,0.0,0.0
2019-03-01 00:00:00-05:00,25.895099396459713,26.507305145263672,25.895099396459713,26.507305145263672,6400,0.0,0.0,0.0
2019-03-04 00:00:00-05:00,26.923529312344535,27.447447527764112,26.389910552677264,26.87986946105957,12400,0.0,0.0,0.0
2019-03-05 00:00:00-05:00,26.748888879979372,27.078762888010534,26.651866786345057,26.777996063232422,16800,0.0,0.0,0.0
2019-03-06 00:00:00-05:00,26.624700931531994,26.624700931531994,25.506040573120117,25.506040573120117,4400,0.0,0.0,0.0
2019-03-07 00:00:00-05:00,25.497311246286053,25.85629061008239,25.15870450636997,25.690383911132812,3600,0.0,0.0,0.0
2019-03-08 00:00:00-05:00,25.4585008089137,25.67388916015625,25.423573668376964,25.67388916015625,2300,0.0,0.0,0.0
2019-03-11 00:00:00-04:00,25.84658505972925,26.331693649291992,25.710755246825254,26.331693649291992,13900,0.0,0.0,0.0
2019-03-12 00:00:00-04:00,26.56551713048028,26.997263479843774,26.56551713048028,26.805160522460938,2500,0.0,0.0,0.0
2019-03-13 00:00:00-04:00,27.107871176046547,27.30579410849759,27.039956262897405,27.302885055541992,6300,0.0,0.0,0.0
2019-03-14 00:00:00-04:00,27.321315481472954,27.40863517520727,26.904121800418412,27.062267303466797,10900,0.0,0.0,0.0
2019-03-15 00:00:00-04:00,26.981740182599044,27.435802238121735,26.981740182599044,27.269895553588867,11100,0.0,0.0,0.0
2019-03-18 00:00:00-04:00,27.505658633520788,27.835532637280597,27.422219523043132,27.62208366394043,5500,0.0,0.0,0.0
2019-03-19 00:00:00-04:00,27.884043903989483,27.951958816282065,27.641489588348783,27.804487228393555,34500,0.0,0.0,0.0
2019-03-20 00:00:00-04:00,27.893746506130316,27.922853690419,27.522153854370117,27.522153854370117,9000,0.0,0.0,0.0
2019-03-21 00:00:00-04:00,27.631787206788967,28.214887619018555,27.631787206788967,28.214887619018555,34700,0.0,0.0,0.0
2019-03-22 00:00:00-04:00,28.116894731058977,28.116894731058977,26.768293380737305,26.768293380737305,38700,0.0,0.0,0.0
2019-03-25 00:00:00-04:00,26.57425039130948,26.962338779132857,26.44812296064669,26.84979248046875,8500,0.0,0.0,0.0
2019-03-26 00:00:00-04:00,27.16608353316052,27.204893112182617,27.030253707668344,27.204893112182617,1400,0.0,0.0,0.0
2019-03-27 00:00:00-04:00,26.78769799564163,26.875017693352255,26.352069191350793,26.77605438232422,5700,0.0,0.0,0.0
2019-03-28 00:00:00-04:00,27.00114659200802,27.117573478827556,26.97203940766749,27.116601943969727,1700,0.0,0.0,0.0
2019-03-29 00:00:00-04:00,27.544465034391845,27.628873825073242,27.195188109401624,27.628873825073242,17800,0.0,0.0,0.0
2019-04-01 00:00:00-04:00,28.019873340697433,28.019873340697433,27.515361777561054,27.608501434326172,9300,0.0,0.0,0.0
2019-04-02 00:00:00-04:00,27.6511919559825,28.087790463925565,27.6511919559825,28.0538330078125,10400,0.0,0.0,0.0
2019-04-03 00:00:00-04:00,28.233321653965636,28.694175206542596,28.21391686531045,28.611705780029297,13300,0.0,0.0,0.0
2019-04-04 00:00:00-04:00,28.71843213276641,28.728134527724315,28.301238402289627,28.543792724609375,7200,0.0,0.0,0.0
2019-04-05 00:00:00-04:00,28.45647046022306,29.087111271405366,28.45647046022306,29.073528289794922,5500,0.0,0.0,0.0
2019-04-08 00:00:00-04:00,29.10651595543931,29.10651595543931,28.69902465804146,28.806718826293945,5200,0.0,0.0,0.0
2019-04-09 00:00:00-04:00,28.6505156273314,28.786345448112723,28.14794158935547,28.14794158935547,9000,0.0,0.0,0.0
2019-04-10 00:00:00-04:00,28.36915344565453,28.475877940134914,28.36915344565453,28.442890167236328,1300,0.0,0.0,0.0
2019-04-11 00:00:00-04:00,28.45647185492561,28.53408916086694,28.058682930658463,28.081968307495117,2600,0.0,0.0,0.0
2019-04-12 00:00:00-04:00,28.063532302125626,28.063532302125626,27.69096998577955,27.722986221313477,4500,0.0,0.0,0.0
2019-04-15 00:00:00-04:00,27.971363000242246,27.971363000242246,27.10689871259686,27.429981231689453,6600,0.0,0.0,0.0
2019-04-16 00:00:00-04:00,27.79672352752361,27.810306509652385,27.495956701582465,27.598798751831055,6600,0.0,0.0,0.0
2019-04-17 00:00:00-04:00,27.583276318423106,27.583276318423106,26.389909562149736,26.5034236907959,7400,0.0,0.0,0.0
2019-04-18 00:00:00-04:00,26.41901489359089,26.762471883979668,25.924203881138798,26.516036987304688,12000,0.0,0.0,0.0
2019-04-22 00:00:00-04:00,26.496632299828725,26.972038525248447,26.370504872897996,26.677093505859375,13400,0.0,0.0,0.0
2019-04-23 00:00:00-04:00,26.583953829304598,27.612383656093453,26.583953829304598,27.505661010742188,3800,0.0,0.0,0.0
2019-04-24 00:00:00-04:00,27.767617761838473,27.767617761838473,27.039954843924434,27.136005401611328,2800,0.0,0.0,0.0
2019-04-25 00:00:00-04:00,27.105928237570055,27.321316577348416,26.913825273757663,27.269895553588867,3600,0.0,0.0,0.0
2019-04-26 00:00:00-04:00,27.27280798765942,27.56290274344562,27.13212603971044,27.534765243530273,7400,0.0,0.0,0.0
2019-04-29 00:00:00-04:00,27.651190038825625,27.71425467460992,27.567750930786133,27.567750930786133,3100,0.0,0.0,0.0
2019-04-30 00:00:00-04:00,27.457146651035142,27.563871137662368,26.808072572877162,26.937110900878906,4200,0.0,0.0,0.0
2019-05-01 00:00:00-04:00,26.836208310702634,26.87501788798508,26.49372100830078,26.49372100830078,4800,0.0,0.0,0.0
2019-05-02 00:00:00-04:00,26.403494122568347,27.103019592461003,25.867934131813517,26.74306869506836,10600,0.0,0.0,0.0
2019-05-03 00:00:00-04:00,27.078763460687266,27.4571475982666,26.991443759623948,27.4571475982666,6500,0.0,0.0,0.0
2019-05-06 00:00:00-04:00,27.01084797889249,28.17510940147368,26.942933068508047,28.173168182373047,5500,0.0,0.0,0.0
2019-05-07 00:00:00-04:00,28.02957464332991,28.02957464332991,26.987561935724056,27.201980590820312,3000,0.0,0.0,0.0
2019-05-08 00:00:00-04:00,27.01084735839823,27.484312351654744,27.01084735839823,27.388261795043945,3800,0.0,0.0,0.0
2019-05-09 00:00:00-04:00,27.098168448786822,27.225267413573846,26.661569940266357,27.200040817260742,2300,0.0,0.0,0.0
2019-05-10 00:00:00-04:00,26.855613380616454,27.476551819299026,26.855613380616454,27.331989288330078,1700,0.0,0.0,0.0
2019-05-13 00:00:00-04:00,26.45782601367172,26.48499197943014,26.21430015563965,26.21430015563965,5400,0.0,0.0,0.0
2019-05-14 00:00:00-04:00,26.38020663590624,26.78769794087523,26.195864846611524,26.720752716064453,2800,0.0,0.0,0.0
2019-05-15 00:00:00-04:00,26.59365277386929,26.936140060424805,26.59365277386929,26.936140060424805,1100,0.0,0.0,0.0
2019-05-16 00:00:00-04:00,27.58327834637306,27.58327834637306,27.349454879760742,27.349454879760742,1000,0.0,0.0,0.0
2019-05-17 00:00:00-04:00,27.166082983618384,27.166082983618384,26.92352867126465,26.92352867126465,1100,0.0,0.0,0.0
2019-05-20 00:00:00-04:00,26.622760083788197,26.644104240083347,26.467525482177734,26.467525482177734,1100,0.0,0.0,0.0
2019-05-21 00:00:00-04:00,26.448123558837732,27.055479049682617,26.448123558837732,27.055479049682617,2300,0.0,0.0,0.0
2019-05-22 00:00:00-04:00,26.99144248431607,27.00114487848052,26.872106552124023,26.872106552124023,1000,0.0,0.0,0.0
2019-05-23 00:00:00-04:00,26.661567865066996,26.661567865066996,26.24437417840689,26.53544044494629,6500,0.0,0.0,0.0
2019-05-24 00:00:00-04:00,27.001146732407165,27.001146732407165,26.825537642220795,26.90994644165039,3700,0.0,0.0,0.0
2019-05-28 00:00:00-04:00,26.855613246679663,27.011817539850735,26.83620845793198,26.85367202758789,1800,0.0,0.0,0.0
2019-05-29 00:00:00-04:00,26.35110249492826,26.661571743972168,26.35110249492826,26.60335922241211,3800,0.0,0.0,0.0
2019-05-30 00:00:00-04:00,26.677092491404363,26.677092491404363,26.11824717529031,26.157054901123047,3200,0.0,0.0,0.0
2019-05-31 00:00:00-04:00,25.92420301630899,25.92420301630899,25.661274242935974,25.696203231811523,7000,0.0,0.0,0.0
2019-06-03 00:00:00-04:00,25.720458052176518,26.137651741961836,25.720458052176518,25.898008346557617,4800,0.0,0.0,0.0
2019-06-04 00:00:00-04:00,26.27251340370828,26.424837112426758,26.0891412921266,26.424837112426758,1600,0.0,0.0,0.0
2019-06-05 00:00:00-04:00,26.205566522112257,26.391847674818525,26.19586412814785,26.210416793823242,5600,0.0,0.0,0.0
2019-06-06 00:00:00-04:00,26.17646052999812,26.17646052999812,25.613734608282446,25.76314926147461,1000,0.0,0.0,0.0
2019-06-07 00:00:00-04:00,25.95331084381092,26.443269729614258,25.768969052375876,26.443269729614258,800,0.0,0.0,0.0
2019-06-10 00:00:00-04:00,26.739188043258096,26.739188043258096,26.370506286621094,26.370506286621094,5100,0.0,0.0,0.0
2019-06-11 00:00:00-04:00,26.283185031504928,26.283185031504928,25.606943130493164,25.606943130493164,1300,0.0,0.0,0.0
2019-06-12 00:00:00-04:00,25.65545382087435,25.85628763845514,25.4973083159158,25.837854385375977,1300,0.0,0.0,0.0
2019-06-13 00:00:00-04:00,25.83688421050009,26.160938262939453,25.798076483297052,26.160938262939453,10200,0.0,0.0,0.0
2019-06-14 00:00:00-04:00,26.24437689465352,26.318113615786757,25.892189025878906,25.892189025878906,2800,0.0,0.0,0.0
2019-06-17 00:00:00-04:00,26.1182477990663,27.16608232916972,26.1182477990663,27.098167419433594,5300,0.0,0.0,0.0
2019-06-18 00:00:00-04:00,27.282507232650428,27.573571639144845,27.25340005178404,27.49110221862793,8600,0.0,0.0,0.0
2019-06-19 00:00:00-04:00,27.44744624680483,27.499836955576185,27.331019365297646,27.428041458129883,2200,0.0,0.0,0.0
2019-06-20 00:00:00-04:00,27.631786540411674,27.9034480337022,27.331019714279595,27.387292861938477,2700,0.0,0.0,0.0
2019-06-21 00:00:00-04:00,27.059358951721276,27.492076873779297,27.00114643392362,27.492076873779297,1100,0.0,0.0,0.0
2019-06-24 00:00:00-04:00,27.631786650261578,27.631786650261578,26.825536727905273,26.825536727905273,3200,0.0,0.0,0.0
2019-06-25 00:00:00-04:00,27.078763639616778,27.339753060231757,26.857553482055664,26.857553482055664,3000,0.0,0.0,0.0
2019-06-26 00:00:00-04:00,26.787697896091654,26.787697896091654,26.509244918823242,26.509244918823242,1500,0.0,0.0,0.0
2019-06-27 00:00:00-04:00,26.680973921705647,27.3824405670166,26.680973921705647,27.3824405670166,2400,0.0,0.0,0.0
2019-06-28 00:00:00-04:00,27.525062887667,27.945165634155273,27.447445585380123,27.945165634155273,6100,0.0,0.0,0.0
2019-07-01 00:00:00-04:00,28.456473057062876,28.456473057062876,28.155706215152204,28.28183364868164,4500,0.0,0.0,0.0
2019-07-02 00:00:00-04:00,28.019873363754055,28.019873363754055,27.748213718120745,27.96360206604004,2300,0.0,0.0,0.0
2019-07-03 00:00:00-04:00,27.86463819949353,28.40505027770996,27.86463819949353,28.40505027770996,4800,0.0,0.0,0.0
2019-07-05 00:00:00-04:00,28.39825975914753,28.553494373331752,27.961661250165285,27.9781551361084,3900,0.0,0.0,0.0
2019-07-08 00:00:00-04:00,27.893744867243463,27.893744867243463,27.45811791607733,27.506628036499023,4200,0.0,0.0,0.0
2019-07-09 00:00:00-04:00,27.48625393974745,27.989797657149673,27.40863663568579,27.901506423950195,11100,0.0,0.0,0.0
2019-07-10 00:00:00-04:00,27.961659869551585,28.161524009073357,27.806425263032107,27.891803741455078,3200,0.0,0.0,0.0
2019-07-11 00:00:00-04:00,28.087790111093284,28.087790111093284,27.515361785888672,27.515361785888672,4400,0.0,0.0,0.0
2019-07-12 00:00:00-04:00,27.466849629116965,27.680298606908167,27.36982753471574,27.641489028930664,4800,0.0,0.0,0.0
2019-07-15 00:00:00-04:00,27.592979194395745,27.738511412242108,27.58521616839387,27.65119171142578,3500,0.0,0.0,0.0
2019-07-16 00:00:00-04:00,27.57357372763117,27.63178624323073,27.47072982788086,27.47072982788086,1400,0.0,0.0,0.0
2019-07-17 00:00:00-04:00,27.301912882049724,27.48528499380566,27.301912882049724,27.33393096923828,3000,0.0,0.0,0.0
2019-07-18 00:00:00-04:00,27.214594708452218,27.505661010742188,27.162203995398173,27.505661010742188,3300,0.0,0.0,0.0
2019-07-19 00:00:00-04:00,27.486254641045793,27.50759879878102,27.12242317199707,27.12242317199707,1900,0.0,0.0,0.0
2019-07-22 00:00:00-04:00,27.253401662646958,27.408636268691726,27.224294480060138,27.375648498535156,2100,0.0,0.0,0.0
2019-07-23 00:00:00-04:00,27.321317000605557,27.321317000605557,27.03510284423828,27.03510284423828,3600,0.0,0.0,0.0
2019-07-24 00:00:00-04:00,26.79740047078032,27.29220962524414,26.79740047078032,27.29220962524414,900,0.0,0.0,0.0
2019-07-25 00:00:00-04:00,26.92352874724499,27.050627710624603,26.742097854614258,26.742097854614258,2000,0.0,0.0,0.0
2019-07-26 00:00:00-04:00,27.001147897197878,27.228178024291992,26.913828190497988,27.228178024291992,2300,0.0,0.0,0.0
2019-07-29 00:00:00-04:00,26.749858892401168,26.973979949951172,26.749858892401168,26.973979949951172,2000,0.0,0.0,0.0
2019-07-30 00:00:00-04:00,26.73627536956743,27.309675216674805,26.622761241922518,27.309675216674805,4000,0.0,0.0,0.0
2019-07-31 00:00:00-04:00,27.398934364901677,27.633727497227433,26.981740659735706,27.009878158569336,3600,0.0,0.0,0.0
2019-08-01 00:00:00-04:00,26.90218541186818,27.26310598902849,26.678064346313477,26.678064346313477,5200,0.0,0.0,0.0
2019-08-02 00:00:00-04:00,26.195867485481767,26.195867485481767,25.788376139463676,25.810691833496094,1800,0.0,0.0,0.0
2019-08-05 00:00:00-04:00,25.303265212610142,25.39058491110588,24.959808225338257,25.07332420349121,4900,0.0,0.0,0.0
2019-08-06 00:00:00-04:00,25.400288463337073,25.666128158569336,25.109222171568625,25.666128158569336,3800,0.0,0.0,0.0
2019-08-07 00:00:00-04:00,25.61373478645837,25.817481369304087,25.579777331074506,25.70493507385254,5200,0.0,0.0,0.0
2019-08-08 00:00:00-04:00,25.963013245519743,26.39960988783081,25.963013245519743,26.33751678466797,2400,0.0,0.0,0.0
2019-08-09 00:00:00-04:00,26.3219926543015,26.340427758771,26.030928225312383,26.168699264526367,2900,0.0,0.0,0.0
2019-08-12 00:00:00-04:00,25.817481645418994,26.001821590747888,25.817481645418994,25.845617294311523,900,0.0,0.0,0.0
2019-08-13 00:00:00-04:00,26.03092999714602,26.24437713623047,26.011525207081263,26.24437713623047,3000,0.0,0.0,0.0
2019-08-14 00:00:00-04:00,25.855318532251566,25.895097793073585,25.768968519761945,25.844646453857422,6800,0.0,0.0,0.0
2019-08-15 00:00:00-04:00,25.691353409426068,25.744715656492705,25.368270874023438,25.368270874023438,5700,0.0,0.0,0.0
2019-08-16 00:00:00-04:00,25.84658535229859,26.079437255859375,25.81748002094251,26.079437255859375,2200,0.0,0.0,0.0
2019-08-19 00:00:00-04:00,26.341397352705382,26.636344218865748,26.195865138709937,26.599475860595703,4600,0.0,0.0,0.0
2019-08-20 00:00:00-04:00,26.25407674913014,26.583950743103905,26.25407674913014,26.396699905395508,2300,0.0,0.0,0.0
2019-08-21 00:00:00-04:00,26.46752766908391,26.585893923801336,26.46752766908391,26.557756423950195,3700,0.0,0.0,0.0
2019-08-22 00:00:00-04:00,25.875694963658574,26.031899264932296,25.875694963658574,25.91256332397461,900,0.0,0.0,0.0
2019-08-23 00:00:00-04:00,25.54582046874927,25.98629956522344,24.985035749211825,25.014141082763672,3000,0.0,0.0,0.0
2019-08-26 00:00:00-04:00,25.3711796349414,25.468201725910504,25.109220544487556,25.43909454345703,3300,0.0,0.0,0.0
2019-08-27 00:00:00-04:00,25.720458918845864,25.720458918845864,25.048097610473633,25.048097610473633,500,0.0,0.0,0.0
2019-08-28 00:00:00-04:00,25.22564678745747,25.663214944762196,25.20624199964463,25.626346588134766,1000,0.0,0.0,0.0
2019-08-29 00:00:00-04:00,25.7107559983737,26.001820420402453,25.7107559983737,25.97562599182129,3200,0.0,0.0,0.0
2019-08-30 00:00:00-04:00,25.992120650491728,26.05033316652175,25.63410914307791,25.712697982788086,2400,0.0,0.0,0.0
2019-09-03 00:00:00-04:00,25.633137799195513,25.633137799195513,25.117952346801758,25.117952346801758,800,0.0,0.0,0.0
2019-09-04 00:00:00-04:00,24.934584551559876,25.255725860595703,24.874430814408466,25.255725860595703,8800,0.0,0.0,0.0
2019-09-05 00:00:00-04:00,25.526416369684995,26.011525014455746,25.526416369684995,25.97271728515625,5700,0.0,0.0,0.0
2019-09-06 00:00:00-04:00,25.87569404950817,26.137653150308097,25.815540313720703,25.815540313720703,1100,0.0,0.0,0.0
2019-09-09 00:00:00-04:00,25.759267354033636,26.00182166753882,25.54582022434439,25.664186477661133,5500,0.0,0.0,0.0
2019-09-10 00:00:00-04:00,26.079439561371636,26.59268569946289,26.04063183261865,26.59268569946289,12700,0.0,0.0,0.0
2019-09-11 00:00:00-04:00,26.98853127501191,27.23011589050293,26.758590272603204,27.23011589050293,4000,0.0,0.0,0.0
2019-09-12 00:00:00-04:00,26.865316758255034,26.865316758255034,26.554847527551203,26.693588256835938,1600,0.0,0.0,0.0
2019-09-13 00:00:00-04:00,26.729483068547662,26.729483068547662,26.41416358947754,26.41416358947754,400,0.0,0.0,0.0
2019-09-16 00:00:00-04:00,26.73918744897052,26.930320739746094,26.73918744897052,26.930320739746094,1000,0.0,0.0,0.0
2019-09-17 00:00:00-04:00,26.554846716945608,26.75762176513672,26.554846716945608,26.75762176513672,400,0.0,0.0,0.0
2019-09-18 00:00:00-04:00,26.43356905980172,26.582012176513672,26.380206816439973,26.582012176513672,600,0.0,0.0,0.0
2019-09-19 00:00:00-04:00,26.49663261464694,26.856583496158937,26.39961051940918,26.39961051940918,2800,0.0,0.0,0.0
2019-09-20 00:00:00-04:00,26.55387364212988,26.55387364212988,26.44812069434082,26.467525482177734,700,0.0,0.0,0.0
2019-09-23 00:00:00-04:00,26.069737118764852,26.15802649952794,26.026077270507812,26.026077270507812,700,0.0,0.0,0.0
2019-09-24 00:00:00-04:00,25.036456949787446,25.051009616664604,24.896744685813424,25.006380081176758,3500,0.0,0.0,0.0
2019-09-25 00:00:00-04:00,25.24214245154413,25.24214245154413,24.818157245710147,24.898685455322266,1400,0.0,0.0,0.0
2019-09-26 00:00:00-04:00,24.81815638655158,24.81815638655158,23.935258865356445,23.935258865356445,2300,0.0,0.0,0.0
2019-09-27 00:00:00-04:00,24.012875072739195,24.435890560323585,23.534557976025045,23.634490966796875,66500,0.0,0.0,0.0
2019-09-30 00:00:00-04:00,23.285212202547292,23.401639077798688,23.110572814941406,23.110572814941406,5500,0.0,0.0,0.0
2019-10-01 00:00:00-04:00,23.56657814559567,23.56657814559567,22.397464570182713,22.468292236328125,2800,0.0,0.0,0.0
2019-10-02 00:00:00-04:00,22.55948997470151,22.859287089098665,22.55948997470151,22.854434967041016,1600,0.0,0.0,0.0
2019-10-03 00:00:00-04:00,22.72248969847903,23.269691467285156,22.72248969847903,23.269691467285156,1900,0.0,0.0,0.0
2019-10-04 00:00:00-04:00,22.91653156721718,23.2929744720459,22.91653156721718,23.2929744720459,3300,0.0,0.0,0.0
2019-10-07 00:00:00-04:00,23.314322296611298,23.314322296611298,23.131919860839844,23.131919860839844,900,0.0,0.0,0.0
2019-10-08 00:00:00-04:00,22.63516808545263,22.664275268783996,22.499338264324635,22.516801834106445,3000,0.0,0.0,0.0
2019-10-09 00:00:00-04:00,22.509042496422463,22.557552622059287,22.237380981445312,22.237380981445312,5800,0.0,0.0,0.0
2019-10-10 00:00:00-04:00,22.887423895743613,22.887423895743613,22.64486959574679,22.774879455566406,5500,0.0,0.0,0.0
2019-10-11 00:00:00-04:00,23.12997875745692,23.294915759481988,23.12997875745692,23.136770248413086,4700,0.0,0.0,0.0
2019-10-14 00:00:00-04:00,22.984448986731284,23.26678258409359,22.95728302001953,22.95728302001953,9200,0.0,0.0,0.0
2019-10-15 00:00:00-04:00,23.32402408093703,23.954664936920018,23.24640492274335,23.84794044494629,8600,0.0,0.0,0.0
2019-10-16 00:00:00-04:00,24.13900438082301,24.2263240814209,24.13900438082301,24.2263240814209,1800,0.0,0.0,0.0
2019-10-17 00:00:00-04:00,24.62411359430707,24.792933043226675,24.62411359430707,24.6939697265625,3900,0.0,0.0,0.0
2019-10-18 00:00:00-04:00,24.57560305702821,24.57560305702821,23.954664604437838,24.243789672851562,1400,0.0,0.0,0.0
2019-10-21 00:00:00-04:00,24.473731083629005,24.86666789488039,24.473731083629005,24.837562561035156,1500,0.0,0.0,0.0
2019-10-22 00:00:00-04:00,25.099522753228047,25.162585546312172,24.99473762512207,24.99473762512207,3800,0.0,0.0,0.0
2019-10-23 00:00:00-04:00,24.837561985186912,25.13832881471759,24.818157196044922,24.818157196044922,2400,0.0,0.0,0.0
2019-10-24 00:00:00-04:00,24.837563445959283,24.837563445959283,24.49313674587362,24.72307777404785,1800,0.0,0.0,0.0
2019-10-25 00:00:00-04:00,24.895773896984412,25.254755085216107,24.895773896984412,25.16646385192871,8700,0.0,0.0,0.0
2019-10-28 00:00:00-04:00,25.46335162784164,25.507011476548502,25.429392322809655,25.431333541870117,1400,0.0,0.0,0.0
2019-10-29 00:00:00-04:00,25.46820172402629,25.46820172402629,25.332371907005072,25.46432113647461,800,0.0,0.0,0.0
2019-10-30 00:00:00-04:00,25.286771526528337,25.50895136214479,25.286771526528337,25.488576889038086,1400,0.0,0.0,0.0
2019-10-31 00:00:00-04:00,25.308114818512966,25.5904483795166,25.308114818512966,25.5904483795166,600,0.0,0.0,0.0
2019-11-01 00:00:00-04:00,25.7204601437472,26.643136978149414,25.7204601437472,26.643136978149414,7500,0.0,0.0,0.0
2019-11-04 00:00:00-05:00,26.680975310490048,27.06518126613506,26.574250817074454,26.65283966064453,3900,0.0,0.0,0.0
2019-11-05 00:00:00-05:00,26.554846748969215,27.156380403185416,26.554846748969215,27.04965591430664,2800,0.0,0.0,0.0
2019-11-06 00:00:00-05:00,26.85270337985036,26.85270337985036,26.388938903808594,26.388938903808594,1600,0.0,0.0,0.0
2019-11-07 00:00:00-05:00,26.671271588643382,26.8459109871648,26.621789932250977,26.621789932250977,1700,0.0,0.0,0.0
2019-11-08 00:00:00-05:00,26.448120505813048,27.166080995779268,26.448120505813048,27.117570877075195,8200,0.0,0.0,0.0
2019-11-11 00:00:00-05:00,26.97203804905118,26.97203804905118,26.7488885319752,26.80613136291504,1400,0.0,0.0,0.0
2019-11-12 00:00:00-05:00,27.04965688565093,27.04965688565093,26.671272739554944,26.673213958740234,1200,0.0,0.0,0.0
2019-11-13 00:00:00-05:00,26.554846778880254,26.83038701050881,26.45782468438504,26.707170486450195,2900,0.0,0.0,0.0
2019-11-14 00:00:00-05:00,26.583952990775405,26.64216550918016,26.45006253295614,26.5800724029541,1900,0.0,0.0,0.0
2019-11-15 00:00:00-05:00,26.73918648684888,26.765382766723633,26.73918648684888,26.765382766723633,600,0.0,0.0,0.0
2019-11-18 00:00:00-05:00,26.700380469423063,26.904125213623047,26.695528346632035,26.904125213623047,1300,0.0,0.0,0.0
2019-11-19 00:00:00-05:00,27.622083972655755,28.175109350228613,27.612381578255267,28.092639923095703,5600,0.0,0.0,0.0
2019-11-20 00:00:00-05:00,27.87434036221881,28.52438597540702,27.87434036221881,28.475875854492188,3500,0.0,0.0,0.0
2019-11-21 00:00:00-05:00,28.243023779288393,28.35944880902561,28.155704081714237,28.352657318115234,5600,0.0,0.0,0.0
2019-11-22 00:00:00-05:00,28.349746684811763,28.611705780029297,28.175109138542574,28.611705780029297,6800,0.0,0.0,0.0
2019-11-25 00:00:00-05:00,28.71842919423413,29.504304599985687,28.71842919423413,29.40146255493164,31400,0.0,0.0,0.0
2019-11-26 00:00:00-05:00,30.261075974752885,30.746184590600926,30.062181516276887,30.248462677001953,9900,0.0,0.0,0.0
2019-11-27 00:00:00-05:00,30.24167187779653,31.00911408092829,30.24167187779653,30.839324951171875,10200,0.0,0.0,0.0
2019-11-29 00:00:00-05:00,31.076055576557806,31.395259343241694,31.00814066898355,31.232263565063477,9800,0.0,0.0,0.0
2019-12-02 00:00:00-05:00,31.464144596920168,31.537881312564007,30.513332169794836,30.901418685913086,13600,0.0,0.0,0.0
2019-12-03 00:00:00-05:00,30.930527989289658,31.624235386072872,30.901422653432924,31.621322631835938,7900,0.0,0.0,0.0
2019-12-04 00:00:00-05:00,31.764914492760955,32.25972366333008,31.456384636470926,32.25972366333008,20400,0.0,0.0,0.0
2019-12-05 00:00:00-05:00,32.42465828003904,32.4537673138833,31.706699597354792,31.76685333251953,62200,0.0,0.0,0.0
2019-12-06 00:00:00-05:00,32.41496135392697,32.41496135392697,31.969631947800334,32.26069641113281,11300,0.0,0.0,0.0
2019-12-09 00:00:00-05:00,34.0546249514057,34.59794795906219,33.83147542176603,34.13224411010742,62700,0.0,0.0,0.0
2019-12-10 00:00:00-05:00,34.345693451825454,35.00544150329493,34.115748727382524,34.937522888183594,41800,0.0,0.0,0.0
2019-12-11 00:00:00-05:00,35.30620524102709,35.374120152643606,34.588246546485294,34.601829528808594,65600,0.0,0.0,0.0
2019-12-12 00:00:00-05:00,34.801693120903565,35.41293104929109,34.7580351194185,35.33531188964844,48700,0.0,0.0,0.0
2019-12-13 00:00:00-05:00,35.63607826424284,35.852436291103494,34.927820133444854,35.121864318847656,38800,0.0,0.0,0.0
2019-12-16 00:00:00-05:00,35.65548394718476,35.76220843688737,35.04424604321491,35.5739860534668,45900,0.0,0.0,0.0
2019-12-17 00:00:00-05:00,35.88833711544126,35.88833711544126,35.34501413199091,35.79131317138672,24300,0.0,0.0,0.0
2019-12-18 00:00:00-05:00,36.50927744873128,36.50927744873128,35.4614410050453,35.7234001159668,36400,0.0,0.0,0.0
2019-12-19 00:00:00-05:00,35.82041910153161,36.25701760434678,35.82041910153161,36.17843246459961,32400,0.0,0.0,0.0
2019-12-20 00:00:00-05:00,36.64510797939314,36.727575561889815,35.94169821404867,36.53838348388672,32400,0.0,0.0,0.0
2019-12-23 00:00:00-05:00,37.29514720997442,38.49821814626997,36.81586042456211,37.9849739074707,117000,0.0,0.0,0.0
2019-12-24 00:00:00-05:00,38.391493477232665,38.47881317138672,37.98400403857031,38.47881317138672,26200,0.0,0.0,0.0
2019-12-26 00:00:00-05:00,38.88630841923837,38.993029205803474,38.33425457758584,38.42060089111328,62300,0.0,0.0,0.0
2019-12-27 00:00:00-05:00,38.43030593027515,38.51374319270091,37.09140508668579,37.392173767089844,108700,0.0,0.0,0.0
2019-12-30 00:00:00-05:00,37.32425939281409,37.509569025200925,36.47046716276316,36.72660446166992,37300,0.0,0.0,0.0
2019-12-31 00:00:00-05:00,36.81004049264117,37.14864906061153,36.67033193506873,36.919677734375,31900,0.0,0.0,0.0
2020-01-02 00:00:00-05:00,37.32425914652001,37.32425914652001,35.907739135234905,36.298736572265625,65300,0.0,0.0,0.0
2020-01-03 00:00:00-05:00,35.80101985134922,36.130893881401065,33.56951710042396,35.74280548095703,107800,0.0,0.0,0.0
2020-01-06 00:00:00-05:00,35.48084062730442,35.71369437012714,34.65615753609808,35.67488479614258,35300,0.0,0.0,0.0
2020-01-07 00:00:00-05:00,35.752502544921605,36.17940048406796,35.354713638680174,35.964012145996094,27200,0.0,0.0,0.0
2020-01-08 00:00:00-05:00,35.74280300779238,36.316201007518835,35.59726894242454,36.31523132324219,87200,0.0,0.0,0.0
2020-01-09 00:00:00-05:00,36.56748665121118,36.648014860241325,36.189102517632485,36.19880676269531,44400,0.0,0.0,0.0
2020-01-10 00:00:00-05:00,36.36374146338457,36.73048567982287,36.053272244786086,36.07849884033203,10000,0.0,0.0,0.0
2020-01-13 00:00:00-05:00,36.11148952451701,36.11148952451701,34.91617960550327,35.22859191894531,94400,0.0,0.0,0.0
2020-01-14 00:00:00-05:00,35.41293081266529,36.56360930919068,34.9860365407389,36.247318267822266,24300,0.0,0.0,0.0
2020-01-15 00:00:00-05:00,36.22791143252419,36.73533388790306,36.22791143252419,36.57233810424805,12500,0.0,0.0,0.0
2020-01-16 00:00:00-05:00,37.013790983282234,37.278659147921815,37.013790983282234,37.1234245300293,10600,0.0,0.0,0.0
2020-01-17 00:00:00-05:00,37.1981295498618,37.63569773730566,37.02349014860213,37.074913024902344,51300,0.0,0.0,0.0
2020-01-21 00:00:00-05:00,37.06229817195894,37.35336259481846,36.99632263183594,36.99632263183594,13700,0.0,0.0,0.0
2020-01-22 00:00:00-05:00,37.13021453820656,37.281566711644544,36.89930383979613,36.913856506347656,8600,0.0,0.0,0.0
2020-01-23 00:00:00-05:00,36.7712323205668,36.87795310063749,35.95139762540404,36.58009719848633,20400,0.0,0.0,0.0
2020-01-24 00:00:00-05:00,37.0234899096135,37.0234899096135,35.01514050917646,35.277099609375,35700,0.0,0.0,0.0
2020-01-27 00:00:00-05:00,34.73377628038152,35.47890462706722,34.17105220852263,35.26739501953125,38000,0.0,0.0,0.0
2020-01-28 00:00:00-05:00,35.2965041472511,35.737951065883166,35.2965041472511,35.50413131713867,14800,0.0,0.0,0.0
2020-01-29 00:00:00-05:00,35.723400285691206,35.91259236096361,35.33531188964844,35.33531188964844,11600,0.0,0.0,0.0
2020-01-30 00:00:00-05:00,35.296505081807084,35.509950363035394,34.51159745030261,34.85311508178711,12600,0.0,0.0,0.0
2020-01-31 00:00:00-05:00,34.8501986901944,34.8501986901944,33.996410252227385,34.33404541015625,16700,0.0,0.0,0.0
2020-02-03 00:00:00-05:00,34.36509291465704,35.32754898071289,34.36509291465704,35.32754898071289,18700,0.0,0.0,0.0
2020-02-04 00:00:00-05:00,35.88834089139307,36.33463997774574,35.85923185457152,36.05327606201172,27300,0.0,0.0,0.0
2020-02-05 00:00:00-05:00,36.528680107900435,36.868254657203835,36.33269655357604,36.54711151123047,12500,0.0,0.0,0.0
2020-02-06 00:00:00-05:00,36.60629816792794,36.79063812194835,36.39284917826253,36.528682708740234,7800,0.0,0.0,0.0
2020-02-07 00:00:00-05:00,36.48987177640356,36.48987177640356,36.018346128365785,36.21821212768555,5700,0.0,0.0,0.0
2020-02-10 00:00:00-05:00,36.38314639820772,37.139914658943226,36.38314639820772,37.110809326171875,20300,0.0,0.0,0.0
2020-02-11 00:00:00-05:00,37.50859954116273,37.50859954116273,36.693616885645625,37.02349090576172,21000,0.0,0.0,0.0
2020-02-12 00:00:00-05:00,37.38247143955973,37.56002360402378,36.89736278884721,37.32910919189453,11900,0.0,0.0,0.0
2020-02-13 00:00:00-05:00,37.081701458071045,37.081701458071045,36.70331735357396,36.76152801513672,8400,0.0,0.0,0.0
2020-02-14 00:00:00-05:00,36.67421039544234,37.13700516689275,36.67421039544234,36.778995513916016,8000,0.0,0.0,0.0
2020-02-18 00:00:00-05:00,36.76153356785542,37.170966134491714,36.76153356785542,37.08655548095703,7800,0.0,0.0,0.0
2020-02-19 00:00:00-05:00,37.39217082220111,37.49695223412875,37.22723197784536,37.265071868896484,11300,0.0,0.0,0.0
2020-02-20 00:00:00-05:00,37.28932595098007,37.28932595098007,36.4607640761739,37.13797378540039,6400,0.0,0.0,0.0
2020-02-21 00:00:00-05:00,37.188428937085575,37.188428937085575,36.33463672151494,36.601444244384766,15800,0.0,0.0,0.0
2020-02-24 00:00:00-05:00,35.645784494902195,35.69623398733152,34.80169279653921,35.189781188964844,45300,0.0,0.0,0.0
2020-02-25 00:00:00-05:00,35.59727081098471,35.59727081098471,33.9090948097447,34.141944885253906,18000,0.0,0.0,0.0
2020-02-26 00:00:00-05:00,34.25836956451475,34.98603244115291,33.479283815928305,34.10701370239258,12500,0.0,0.0,0.0
2020-02-27 00:00:00-05:00,33.55981275303844,34.034247419338065,32.50227586780382,32.57989501953125,28800,0.0,0.0,0.0
2020-02-28 00:00:00-05:00,31.609675824355918,33.035892486572266,30.60064912241394,33.035892486572266,20100,0.0,0.0,0.0
2020-03-02 00:00:00-05:00,34.61734921021746,35.06364822387695,33.51130221937228,35.06364822387695,20700,0.0,0.0,0.0
2020-03-03 00:00:00-05:00,35.07335354385899,35.4711424510301,33.9479017308077,34.417484283447266,18700,0.0,0.0,0.0
2020-03-04 00:00:00-05:00,35.2722476117231,35.83012326961625,34.918120388762425,35.780643463134766,30300,0.0,0.0,0.0
2020-03-05 00:00:00-05:00,35.33531156031056,35.742804742466,34.927822079240315,35.189781188964844,16400,0.0,0.0,0.0
2020-03-06 00:00:00-05:00,33.89938539802093,34.64936579046357,33.43174224853118,34.09342956542969,36400,0.0,0.0,0.0
2020-03-09 00:00:00-04:00,31.095461991966342,32.23061809427331,30.65886534162158,31.066356658935547,59200,0.0,0.0,0.0
2020-03-10 00:00:00-04:00,32.046275012474126,32.60997248584052,29.78567071425324,31.347721099853516,41600,0.0,0.0,0.0
2020-03-11 00:00:00-04:00,31.221590960201386,31.221590960201386,28.660218048544586,29.213241577148438,8100,0.0,0.0,0.0
2020-03-12 00:00:00-04:00,26.884719993595315,27.74821463286835,25.768970489501953,25.768970489501953,22200,0.0,0.0,0.0
2020-03-13 00:00:00-04:00,27.47655057564233,27.47655057564233,23.79942838100867,26.409311294555664,24200,0.0,0.0,0.0
2020-03-16 00:00:00-04:00,24.779350255022297,24.949137539048923,23.03295803819042,23.197895050048828,14800,0.0,0.0,0.0
2020-03-17 00:00:00-04:00,23.780024011280183,25.157732521886356,22.344102986294164,24.255430221557617,44000,0.0,0.0,0.0
2020-03-18 00:00:00-04:00,22.877722650328057,24.14870672797335,22.314996720103665,22.906829833984375,21900,0.0,0.0,0.0
2020-03-19 00:00:00-04:00,23.11057509374043,25.701055280727655,23.052362575645937,25.336254119873047,83400,0.0,0.0,0.0
2020-03-20 00:00:00-04:00,25.86599021702197,26.55484538632566,25.40028640851782,25.55552101135254,37000,0.0,0.0,0.0
2020-03-23 00:00:00-04:00,25.68165049934199,26.537382102827525,25.031604853695427,25.759267807006836,11700,0.0,0.0,0.0
2020-03-24 00:00:00-04:00,27.408636488157416,27.57357348971847,26.38990914651369,27.554168701171875,15300,0.0,0.0,0.0
2020-03-25 00:00:00-04:00,28.039277821746367,28.537969423103867,27.379529803498276,27.76761817932129,21700,0.0,0.0,0.0
2020-03-26 00:00:00-04:00,27.641487485433785,29.450942320388187,27.641487485433785,28.822242736816406,58300,0.0,0.0,0.0
2020-03-27 00:00:00-04:00,27.845235228136403,29.05897644933999,27.612381464568383,28.08778953552246,31900,0.0,0.0,0.0
2020-03-30 00:00:00-04:00,28.233322040987126,28.805750360364495,27.76761821013377,28.757238388061523,14800,0.0,0.0,0.0
2020-03-31 00:00:00-04:00,28.90277242473328,29.024049579552315,27.87434081947723,28.427364349365234,12900,0.0,0.0,0.0
2020-04-01 00:00:00-04:00,27.89374578356631,27.89374578356631,26.312292489032394,26.47043800354004,33500,0.0,0.0,0.0
2020-04-02 00:00:00-04:00,26.292886238873788,27.195188522338867,26.109514138717838,27.195188522338867,14300,0.0,0.0,0.0
2020-04-03 00:00:00-04:00,27.23399532280372,27.4377418882196,26.472375001989647,26.836206436157227,5200,0.0,0.0,0.0
2020-04-06 00:00:00-04:00,28.00046916373043,28.854259490966797,27.864637496490523,28.854259490966797,12800,0.0,0.0,0.0
2020-04-07 00:00:00-04:00,29.572219859046793,29.640134767068346,28.082936602714312,28.126596450805664,13700,0.0,0.0,0.0
2020-04-08 00:00:00-04:00,28.621408550696287,29.62073297306845,28.446769151588285,29.61103057861328,14200,0.0,0.0,0.0
2020-04-09 00:00:00-04:00,30.22226631919252,30.634609751924216,29.892392313224164,30.523033142089844,8700,0.0,0.0,0.0
2020-04-13 00:00:00-04:00,30.552142136665026,30.552142136665026,29.989416184390652,30.387205123901367,6600,0.0,0.0,0.0
2020-04-14 00:00:00-04:00,31.561167301487547,31.90074557409204,31.13427302570832,31.842531204223633,27500,0.0,0.0,0.0
2020-04-15 00:00:00-04:00,31.19248740728423,31.30891244597949,29.814776928563532,30.93343734741211,44200,0.0,0.0,0.0
2020-04-16 00:00:00-04:00,31.192484655849213,31.31861022785824,30.270777569857906,31.153675079345703,31200,0.0,0.0,0.0
2020-04-17 00:00:00-04:00,32.22091028359794,32.803042787389806,31.53205700347466,32.78363800048828,45200,0.0,0.0,0.0
2020-04-20 00:00:00-04:00,32.803042857961124,34.596973403555914,32.550784328783216,33.62481689453125,54100,0.0,0.0,0.0
2020-04-21 00:00:00-04:00,33.559814523151246,33.559814523151246,32.152998783110405,32.7739372253418,18600,0.0,0.0,0.0
2020-04-22 00:00:00-04:00,33.24934410363128,33.491898405203365,32.96798022554729,33.2590446472168,10600,0.0,0.0,0.0
2020-04-23 00:00:00-04:00,34.268070118543186,34.268070118543186,33.34636306762695,33.34636306762695,34100,0.0,0.0,0.0
2020-04-24 00:00:00-04:00,33.715048843304984,34.869606018066406,33.28912427749587,34.869606018066406,25700,0.0,0.0,0.0
2020-04-27 00:00:00-04:00,35.72340063372338,36.014465083048506,35.13059780513844,35.34501647949219,57300,0.0,0.0,0.0
2020-04-28 00:00:00-04:00,36.08237804830786,36.08237804830786,34.25837229051011,34.75318145751953,31500,0.0,0.0,0.0
2020-04-29 00:00:00-04:00,36.23761435562352,36.23761435562352,34.972453879600906,35.5215950012207,53400,0.0,0.0,0.0
2020-04-30 00:00:00-04:00,35.141268158952016,35.34501288263717,34.29717653039656,34.352481842041016,25100,0.0,0.0,0.0
2020-05-01 00:00:00-04:00,33.32696237550713,33.46279590479229,32.036575306522636,32.958282470703125,42600,0.0,0.0,0.0
2020-05-04 00:00:00-04:00,32.99708583014883,34.455324405470506,32.98738528648313,34.45241165161133,25300,0.0,0.0,0.0
2020-05-05 00:00:00-04:00,35.616674993617885,36.11924904811209,35.36927225524259,35.673919677734375,29000,0.0,0.0,0.0
2020-05-06 00:00:00-04:00,36.286125969687035,36.95751389615835,35.724367882689194,36.57719039916992,24800,0.0,0.0,0.0
2020-05-07 00:00:00-04:00,37.120512968914966,37.120512968914966,36.29097760591581,36.55778884887695,27400,0.0,0.0,0.0
2020-05-08 00:00:00-04:00,37.13991828951859,37.96654461123043,36.86825862087004,37.4989013671875,43500,0.0,0.0,0.0
2020-05-11 00:00:00-04:00,37.71234247402602,40.1912477783169,37.641518511604275,40.01272964477539,98400,0.0,0.0,0.0
2020-05-12 00:00:00-04:00,40.16699821149939,41.70964388617067,39.34813308257698,39.37335968017578,122700,0.0,0.0,0.0
2020-05-13 00:00:00-04:00,39.37141771927384,39.782789625362696,36.7809357413052,38.072296142578125,62100,0.0,0.0,0.0
2020-05-14 00:00:00-04:00,37.35336329542783,38.160584740108774,36.431656188180796,37.756004333496094,121300,0.0,0.0,0.0
2020-05-15 00:00:00-04:00,37.64733956447656,39.90503467462792,37.35142302088943,39.88271713256836,37700,0.0,0.0,0.0
2020-05-18 00:00:00-04:00,42.670156336851825,42.68567868849534,40.575456804823446,40.88495635986328,95900,0.0,0.0,0.0
2020-05-19 00:00:00-04:00,41.302146472630255,41.302146472630255,39.91764831542969,39.91764831542969,68100,0.0,0.0,0.0
2020-05-20 00:00:00-04:00,40.66180472467308,41.28274317135746,39.77890717684027,41.20512771606445,118200,0.0,0.0,0.0
2020-05-21 00:00:00-04:00,41.690234824223204,41.690234824223204,40.15728985126295,41.156612396240234,115700,0.0,0.0,0.0
2020-05-22 00:00:00-04:00,41.15661533610606,41.71934313632624,40.80442746934806,41.65142822265625,28700,0.0,0.0,0.0
2020-05-26 00:00:00-04:00,42.88360206141107,42.88360206141107,40.778228759765625,40.778228759765625,63000,0.0,0.0,0.0
2020-05-27 00:00:00-04:00,41.04018517973519,41.04018517973519,38.76017633128286,40.555076599121094,52300,0.0,0.0,0.0
2020-05-28 00:00:00-04:00,40.45805801774278,41.23423103824572,39.61397008926364,39.691585540771484,58900,0.0,0.0,0.0
2020-05-29 00:00:00-04:00,39.468438988295546,39.924442291259766,38.313881765039,39.924442291259766,51400,0.0,0.0,0.0
2020-06-01 00:00:00-04:00,39.769209102900454,40.74912695598348,39.681889397094224,40.37074279785156,39200,0.0,0.0,0.0
2020-06-02 00:00:00-04:00,40.34163168019234,40.82674026489258,39.58485977132232,40.82674026489258,23100,0.0,0.0,0.0
2020-06-03 00:00:00-04:00,40.914058290239666,41.02078277635074,39.84682083129883,39.84682083129883,28200,0.0,0.0,0.0
2020-06-04 00:00:00-04:00,39.75950480089016,40.38044328526149,39.051246610836294,39.262752532958984,62600,0.0,0.0,0.0
2020-06-05 00:00:00-04:00,39.60426830032734,40.33193124612133,39.24528895003947,39.38111877441406,60300,0.0,0.0,0.0
2020-06-08 00:00:00-04:00,39.43933563113713,40.60359345700546,39.40052604998542,40.3901481628418,42500,0.0,0.0,0.0
2020-06-09 00:00:00-04:00,39.934138321406685,40.95286560336958,39.88465851921682,40.5046272277832,36300,0.0,0.0,0.0
2020-06-10 00:00:00-04:00,40.23491133900689,41.10325623909131,40.23491133900689,40.498809814453125,27900,0.0,0.0,0.0
2020-06-11 00:00:00-04:00,39.778906635846475,40.11848118766969,37.97430198653447,38.15864562988281,59400,0.0,0.0,0.0
2020-06-12 00:00:00-04:00,39.516946426691966,39.516946426691966,37.47949177089401,38.77958297729492,53000,0.0,0.0,0.0
2020-06-15 00:00:00-04:00,38.42059981631459,40.4871634981253,38.00340612230856,40.22035598754883,34400,0.0,0.0,0.0
2020-06-16 00:00:00-04:00,41.40887187091332,41.42827665973651,40.264015237940505,41.18572235107422,75000,0.0,0.0,0.0
2020-06-17 00:00:00-04:00,41.62231916374312,41.62231916374312,40.72001687592026,40.946075439453125,18100,0.0,0.0,0.0
2020-06-18 00:00:00-04:00,40.74912551705504,41.94249232021,40.74912551705504,41.6417236328125,22800,0.0,0.0,0.0
2020-06-19 00:00:00-04:00,42.04921684717875,42.815689382700775,41.735834861219445,42.30147171020508,34100,0.0,0.0,0.0
2020-06-22 00:00:00-04:00,42.641051493501415,43.11645590255711,41.560227249265346,43.009735107421875,54900,0.0,0.0,0.0
2020-06-23 00:00:00-04:00,43.659772470113396,44.33892522653211,43.3007931549962,43.5821533203125,62300,0.0,0.0,0.0
2020-06-24 00:00:00-04:00,43.620964967380964,44.0575634530392,42.02010878808068,42.75844192504883,61500,0.0,0.0,0.0
2020-06-25 00:00:00-04:00,42.75747372536605,43.95084049354323,42.59156518472996,43.57245635986328,41300,0.0,0.0,0.0
2020-06-26 00:00:00-04:00,43.11645339237293,43.174667759945514,41.38946786632234,41.47678756713867,65500,0.0,0.0,0.0
2020-06-29 00:00:00-04:00,41.554405006585704,42.678883440206846,40.73263090879387,41.156612396240234,42900,0.0,0.0,0.0
2020-06-30 00:00:00-04:00,40.81703904602455,41.90562438964844,40.81703904602455,41.90562438964844,27800,0.0,0.0,0.0
2020-07-01 00:00:00-04:00,41.942491799769996,42.57313450061893,41.64172311610456,42.12101364135742,46600,0.0,0.0,0.0
2020-07-02 00:00:00-04:00,42.46641166902928,42.46641166902928,41.520447580791256,41.9424934387207,34900,0.0,0.0,0.0
2020-07-06 00:00:00-04:00,42.59253781353498,42.59253781353498,41.437976942872695,41.57380676269531,49600,0.0,0.0,0.0
2020-07-07 00:00:00-04:00,41.34095905114157,42.951519594060066,41.29244892717301,42.049217224121094,48600,0.0,0.0,0.0
2020-07-08 00:00:00-04:00,42.592537839511024,42.776877780656285,41.92308558271267,42.75747299194336,19800,0.0,0.0,0.0
2020-07-09 00:00:00-04:00,42.592535786732284,43.25228376683463,41.476784546566165,42.029808044433594,42300,0.0,0.0,0.0
2020-07-10 00:00:00-04:00,41.69023586301741,42.248107813488346,41.27304215497278,41.32155227661133,21800,0.0,0.0,0.0
2020-07-13 00:00:00-04:00,41.99100316481649,42.349986227222416,39.798313715911604,39.817718505859375,56500,0.0,0.0,0.0
2020-07-14 00:00:00-04:00,40.3125241236763,41.030486483784976,39.54605164353925,41.01108169555664,36100,0.0,0.0,0.0
2020-07-15 00:00:00-04:00,41.981299605055554,42.30146936348433,41.21482711205444,41.9570426940918,38500,0.0,0.0,0.0
2020-07-16 00:00:00-04:00,41.93278665219858,41.93278665219858,40.74912053793988,41.06929397583008,11700,0.0,0.0,0.0
2020-07-17 00:00:00-04:00,41.544702755100296,42.42760031318908,41.29244789611141,42.146236419677734,28800,0.0,0.0,0.0
2020-07-20 00:00:00-04:00,42.59253841330496,43.029133211429894,42.116160651860326,42.776878356933594,31700,0.0,0.0,0.0
2020-07-21 00:00:00-04:00,43.32989982310059,43.32989982310059,41.787254333496094,41.787254333496094,38100,0.0,0.0,0.0
2020-07-22 00:00:00-04:00,42.22385577950277,42.22385577950277,41.21482893653674,41.3603630065918,22900,0.0,0.0,0.0
2020-07-23 00:00:00-04:00,41.89398391525208,41.89398391525208,40.08937911901063,40.38044357299805,42700,0.0,0.0,0.0
2020-07-24 00:00:00-04:00,39.99235586540666,39.99235586540666,38.954223713440726,39.352012634277344,45000,0.0,0.0,0.0
2020-07-27 00:00:00-04:00,40.021460487884006,40.346482369646424,39.478137510082135,40.24946212768555,26200,0.0,0.0,0.0
2020-07-28 00:00:00-04:00,40.3998451706301,40.3998451706301,39.12983264269129,39.13565444946289,12700,0.0,0.0,0.0
2020-07-29 00:00:00-04:00,39.61397587675875,39.61397587675875,38.09073124380586,38.0975227355957,30100,0.0,0.0,0.0
2020-07-30 00:00:00-04:00,37.71234498246176,39.030871403179596,37.53770557437654,38.734954833984375,20400,0.0,0.0,0.0
2020-07-31 00:00:00-04:00,38.69226464833066,38.905709924838696,37.19812920734904,37.669654846191406,30900,0.0,0.0,0.0
2020-08-03 00:00:00-04:00,38.236261093196696,39.4781379699707,37.96460145167364,39.4781379699707,23300,0.0,0.0,0.0
2020-08-04 00:00:00-04:00,39.643075148759166,39.643075148759166,38.750473405495605,39.288944244384766,22000,0.0,0.0,0.0
2020-08-05 00:00:00-04:00,39.672183515114156,40.10878202613773,39.415076531146156,39.78860855102539,14400,0.0,0.0,0.0
2020-08-06 00:00:00-04:00,39.778907847503596,40.06997228665855,39.390819461240234,39.64793014526367,22200,0.0,0.0,0.0
2020-08-07 00:00:00-04:00,39.48784262005202,40.467760409231424,39.47813837499233,40.097137451171875,19800,0.0,0.0,0.0
2020-08-10 00:00:00-04:00,39.86622658873778,40.94316831863762,39.86622658873778,40.671504974365234,20300,0.0,0.0,0.0
2020-08-11 00:00:00-04:00,39.914735665754726,40.661803366049355,39.09975305644104,39.18707275390625,17200,0.0,0.0,0.0
2020-08-12 00:00:00-04:00,39.28410002026527,39.40052505970885,38.71167166646353,39.03669357299805,20400,0.0,0.0,0.0
2020-08-13 00:00:00-04:00,39.17736989729227,39.672179019659566,39.17736989729227,39.44709014892578,10800,0.0,0.0,0.0
2020-08-14 00:00:00-04:00,39.67218155441574,39.67218155441574,38.73106966617537,38.92996597290039,12600,0.0,0.0,0.0
2020-08-17 00:00:00-04:00,39.09005132734187,40.322227598169334,38.95422151342283,40.19609832763672,14800,0.0,0.0,0.0
2020-08-18 00:00:00-04:00,40.47746675559636,40.50657209011622,39.6188223764077,40.089378356933594,22600,0.0,0.0,0.0
2020-08-19 00:00:00-04:00,39.808012737726614,40.467760766375214,39.808012737726614,40.03116226196289,10800,0.0,0.0,0.0
2020-08-20 00:00:00-04:00,39.96324688867385,40.03116179956628,39.570310089784094,40.01176071166992,12900,0.0,0.0,0.0
2020-08-21 00:00:00-04:00,39.5848653395031,40.12818836318408,39.28410034337629,39.575164794921875,17500,0.0,0.0,0.0
2020-08-24 00:00:00-04:00,39.827416137359954,39.827416137359954,38.22655994514852,38.40119934082031,92800,0.0,0.0,0.0
2020-08-25 00:00:00-04:00,38.566133702180316,39.256930095531445,38.09654745222396,39.162818908691406,15300,0.0,0.0,0.0
2020-08-26 00:00:00-04:00,38.87660439503072,39.27439331420364,38.50209900185373,38.556434631347656,21300,0.0,0.0,0.0
2020-08-27 00:00:00-04:00,38.57583452951508,38.57583452951508,37.54837634283585,38.12468338012695,13900,0.0,0.0,0.0
2020-08-28 00:00:00-04:00,38.32358488646693,38.81839410082727,38.139244924467086,38.566139221191406,10000,0.0,0.0,0.0
2020-08-31 00:00:00-04:00,38.614642396982475,39.46843453782731,38.614642396982475,39.24528503417969,15000,0.0,0.0,0.0
2020-09-01 00:00:00-04:00,39.2355822234184,39.2355822234184,38.03251496839975,38.2459602355957,14000,0.0,0.0,0.0
2020-09-02 00:00:00-04:00,38.21491666724898,38.6146449514074,37.8772814862759,38.546730041503906,15500,0.0,0.0,0.0
2020-09-03 00:00:00-04:00,38.58554190333484,38.58554190333484,36.81004249366472,37.04289627075195,28200,0.0,0.0,0.0
2020-09-04 00:00:00-04:00,36.945873877119936,37.139914362158436,34.6076468009049,36.44136047363281,53700,0.0,0.0,0.0
2020-09-08 00:00:00-04:00,35.80102038964888,37.09819898511323,35.311059609465495,36.3414306640625,17100,0.0,0.0,0.0
2020-09-09 00:00:00-04:00,36.6742113469177,37.916091944913035,36.6742113469177,37.65413284301758,25800,0.0,0.0,0.0
2020-09-10 00:00:00-04:00,37.974301113981404,38.34298469112165,37.30970469195743,37.3688850402832,39600,0.0,0.0,0.0
2020-09-11 00:00:00-04:00,37.40187715725095,37.87728527521644,36.6160034923023,36.99050521850586,14700,0.0,0.0,0.0
2020-09-14 00:00:00-04:00,38.15864551706233,39.66248148668106,38.15864551706233,39.60426712036133,18000,0.0,0.0,0.0
2020-09-15 00:00:00-04:00,39.895330320541994,40.28827080419419,39.662480264607645,39.74688720703125,12100,0.0,0.0,0.0
2020-09-16 00:00:00-04:00,40.225203642040164,41.16631549677785,40.19609831080823,40.72001647949219,17300,0.0,0.0,0.0
2020-09-17 00:00:00-04:00,40.41925217677328,40.98197998182021,40.03601590287103,40.73942565917969,8300,0.0,0.0,0.0
2020-09-18 00:00:00-04:00,40.74912509387976,41.3603630065918,40.506570777844765,41.3603630065918,13100,0.0,0.0,0.0
2020-09-21 00:00:00-04:00,40.88495395076294,40.88495395076294,39.06094450105807,39.352012634277344,19500,0.0,0.0,0.0
2020-09-22 00:00:00-04:00,39.206478344989065,39.284097500362705,38.406048385352314,39.266632080078125,13200,0.0,0.0,0.0
2020-09-23 00:00:00-04:00,39.196779792556086,39.32290537481868,37.28545055685039,37.30485534667969,28600,0.0,0.0,0.0
2020-09-24 00:00:00-04:00,36.868254122793694,37.217532911920074,36.07267630359915,36.68391418457031,12900,0.0,0.0,0.0
2020-09-25 00:00:00-04:00,36.8973579254966,37.68323516845703,36.68391266405478,37.68323516845703,19900,0.0,0.0,0.0
2020-09-28 00:00:00-04:00,38.35268510642701,38.35268510642701,37.236937536175105,37.520240783691406,15600,0.0,0.0,0.0
2020-09-29 00:00:00-04:00,37.42127917587683,37.89959631151813,37.2660445633417,37.78996276855469,8000,0.0,0.0,0.0
2020-09-30 00:00:00-04:00,38.18775175071877,38.265367206558054,37.5959186329681,37.820037841796875,6600,0.0,0.0,0.0
2020-10-01 00:00:00-04:00,37.7123424245268,38.27507019042969,37.625022726406876,38.27507019042969,10900,0.0,0.0,0.0
2020-10-02 00:00:00-04:00,37.67353765833056,38.19745216140023,37.34366364472405,37.392173767089844,8500,0.0,0.0,0.0
2020-10-05 00:00:00-04:00,38.14894125214925,39.938993228879355,38.14894125214925,39.86622619628906,16700,0.0,0.0,0.0
2020-10-06 00:00:00-04:00,40.05057063455306,40.61329846860707,39.58486675520773,39.72943115234375,15600,0.0,0.0,0.0
2020-10-07 00:00:00-04:00,40.0602672456779,41.13720888063987,40.0602672456779,41.06929397583008,10600,0.0,0.0,0.0
2020-10-08 00:00:00-04:00,40.991675058430005,41.46708309586897,40.933460696370716,41.07899475097656,15600,0.0,0.0,0.0
2020-10-09 00:00:00-04:00,41.60291661448615,41.60291661448615,41.03048829034369,41.46708679199219,13000,0.0,0.0,0.0
2020-10-12 00:00:00-04:00,41.40887062975244,41.65142493114458,41.26333656848319,41.590301513671875,13700,0.0,0.0,0.0
2020-10-13 00:00:00-04:00,41.593213438715026,42.31602797156001,41.56896022755191,42.216094970703125,12900,0.0,0.0,0.0
2020-10-14 00:00:00-04:00,42.54402348083485,42.54402348083485,41.09840190025451,41.211917877197266,7700,0.0,0.0,0.0
2020-10-15 00:00:00-04:00,40.36103740202675,41.22841262817383,40.23491182030042,41.22841262817383,7000,0.0,0.0,0.0
2020-10-16 00:00:00-04:00,41.69993493381718,42.12682917067503,41.640750885009766,41.640750885009766,7400,0.0,0.0,0.0
2020-10-19 00:00:00-04:00,41.67082948043062,41.74844493186687,40.36103403977297,40.47746276855469,11400,0.0,0.0,0.0
2020-10-20 00:00:00-04:00,40.671504936838566,40.671504936838566,39.730396730485786,39.7750244140625,7100,0.0,0.0,0.0
2020-10-21 00:00:00-04:00,39.86622853995907,39.86622853995907,38.78540802001953,38.78540802001953,9800,0.0,0.0,0.0
2020-10-22 00:00:00-04:00,39.71099401972396,39.76726531982422,39.04639384294795,39.76726531982422,4400,0.0,0.0,0.0
2020-10-23 00:00:00-04:00,39.84682233368377,39.88466222781404,39.22588388317287,39.84488296508789,3900,0.0,0.0,0.0
2020-10-26 00:00:00-04:00,39.44903353539182,39.885632041411746,39.051244607925916,39.16476058959961,7800,0.0,0.0,0.0
2020-10-27 00:00:00-04:00,38.9639239456081,39.75271028989041,38.9639239456081,39.68479537963867,4800,0.0,0.0,0.0
2020-10-28 00:00:00-04:00,38.68256243837903,38.719432649688684,38.090729297432965,38.372093200683594,4000,0.0,0.0,0.0
2020-10-29 00:00:00-04:00,38.14408654194581,38.881453660578856,37.95489449069708,38.776668548583984,3100,0.0,0.0,0.0
2020-10-30 00:00:00-04:00,38.265368636803174,38.265368636803174,37.51636150969559,37.63181686401367,6300,0.0,0.0,0.0
2020-11-02 00:00:00-05:00,38.216851600364215,38.37208619085361,37.368881308172746,37.99855422973633,4800,0.0,0.0,0.0
2020-11-03 00:00:00-05:00,38.614643771810414,39.274391763077574,38.226559112943484,39.031837463378906,12200,0.0,0.0,0.0
2020-11-04 00:00:00-05:00,39.274393114143734,41.302147277424105,39.274393114143734,41.04989242553711,19500,0.0,0.0,0.0
2020-11-05 00:00:00-05:00,41.07899853980072,41.612617287431284,40.642400036799316,41.34095764160156,6600,0.0,0.0,0.0
2020-11-06 00:00:00-05:00,41.22453437846125,41.22453437846125,39.822566986083984,39.822566986083984,5900,0.0,0.0,0.0
2020-11-09 00:00:00-05:00,40.34163554933044,41.79696144301044,40.34163554933044,40.96257400512695,13600,0.0,0.0,0.0
2020-11-10 00:00:00-05:00,41.0984038526562,41.27983474731445,40.71516758964282,41.27983474731445,3700,0.0,0.0,0.0
2020-11-11 00:00:00-05:00,41.5835106013817,41.69993563136594,41.10810253556152,41.58448028564453,12000,0.0,0.0,0.0
2020-11-12 00:00:00-05:00,41.66112333219228,42.21899893692099,41.66112333219228,41.804718017578125,5600,0.0,0.0,0.0
2020-11-13 00:00:00-05:00,42.38879185608588,42.48581580525264,42.05891783108935,42.44700622558594,6500,0.0,0.0,0.0
2020-11-16 00:00:00-05:00,42.689558015576694,42.689558015576694,41.9133849736923,42.09772491455078,5700,0.0,0.0,0.0
2020-11-17 00:00:00-05:00,41.74165658936194,42.48969401815906,41.74165658936194,42.48290252685547,2500,0.0,0.0,0.0
2020-11-18 00:00:00-05:00,42.63134496830404,42.68955933615308,41.79890060424805,41.79890060424805,3000,0.0,0.0,0.0
2020-11-19 00:00:00-05:00,42.039515626848974,42.291770485818674,41.95704434697424,42.17146301269531,2500,0.0,0.0,0.0
2020-11-20 00:00:00-05:00,42.08123340970151,42.641048431396484,42.08123340970151,42.641048431396484,1900,0.0,0.0,0.0
2020-11-23 00:00:00-05:00,42.88360000585856,43.1940692067176,42.58089197985828,42.81083297729492,11200,0.0,0.0,0.0
2020-11-24 00:00:00-05:00,42.85449559538657,43.368713271896105,42.85449559538657,42.865169525146484,5600,0.0,0.0,0.0
2020-11-25 00:00:00-05:00,43.00003185360212,43.388120266795205,43.00003185360212,43.285274505615234,6200,0.0,0.0,0.0
2020-11-27 00:00:00-05:00,43.931438166920735,45.06659433267288,43.87322749760568,45.02972412109375,11400,0.0,0.0,0.0
2020-11-30 00:00:00-05:00,45.512890491671605,46.02225602211309,44.872547262562755,45.58759689331055,10700,0.0,0.0,0.0
2020-12-01 00:00:00-05:00,46.28905949124619,46.521913236493155,45.115097624126044,45.396461486816406,10500,0.0,0.0,0.0
2020-12-02 00:00:00-05:00,44.62998777728759,44.853137272043874,44.10606964120695,44.748355865478516,16800,0.0,0.0,0.0
2020-12-03 00:00:00-05:00,44.80463321374986,45.095697650564,44.80463321374986,44.931732177734375,3800,0.0,0.0,0.0
2020-12-04 00:00:00-05:00,45.02777879188462,45.493482590184215,45.02777879188462,45.48086929321289,1600,0.0,0.0,0.0
2020-12-07 00:00:00-05:00,46.08531881606413,46.914854110623075,45.96889378377999,46.19204330444336,17500,0.0,0.0,0.0
2020-12-08 00:00:00-05:00,46.64804875836689,47.530946338141284,46.14353532691221,47.45332717895508,5000,0.0,0.0,0.0
2020-12-09 00:00:00-05:00,47.63766579743681,48.22949891587319,46.24540640352956,46.880897521972656,8300,0.0,0.0,0.0
2020-12-10 00:00:00-05:00,47.7249803855003,48.59817730293565,47.68617451223574,48.54481506347656,12600,0.0,0.0,0.0
2020-12-11 00:00:00-05:00,48.724310519279406,49.013435579777955,48.09366783877161,48.46914291381836,8700,0.0,0.0,0.0
2020-12-14 00:00:00-05:00,49.61690935019918,51.19836449690714,49.61690935019918,49.863346099853516,25600,0.0,0.0,0.0
2020-12-15 00:00:00-05:00,50.635635631329585,50.635635631329585,49.29673852584954,50.27277755737305,11900,0.0,0.0,0.0
2020-12-16 00:00:00-05:00,50.96551026476399,50.96551026476399,49.34039713334077,49.76826477050781,19400,0.0,0.0,0.0
2020-12-17 00:00:00-05:00,50.34457204805646,50.56869125366211,49.578099539333884,50.56869125366211,3100,0.0,0.0,0.0
2020-12-18 00:00:00-05:00,51.140146327548024,51.37785219983948,50.19903818597922,50.28635787963867,4900,0.0,0.0,0.0
2020-12-21 00:00:00-05:00,49.306443612604575,50.93640899658203,49.306443612604575,50.93640899658203,11400,0.0,0.0,0.0
2020-12-22 00:00:00-05:00,51.64466167461223,52.634283673525765,51.14014828098465,52.117156982421875,30000,0.0,0.0,0.0
2020-12-23 00:00:00-05:00,52.75070968719748,52.75070968719748,51.58644827256073,52.2267951965332,23800,0.0,0.0,0.0
2020-12-24 00:00:00-05:00,52.168578718616615,52.66338785673753,51.451586054210296,51.579654693603516,4000,0.0,0.0,0.0
2020-12-28 00:00:00-05:00,51.75138621749039,51.974535732039854,50.092315673828125,50.092315673828125,11700,0.0,0.0,0.0
2020-12-29 00:00:00-05:00,49.966186850154465,50.346510342461805,48.153821052854745,48.53026580810547,13400,0.0,0.0,0.0
2020-12-30 00:00:00-05:00,48.6757967424491,49.59750385286785,48.6757967424491,49.365623474121094,6400,0.0,0.0,0.0
2020-12-31 00:00:00-05:00,48.831037674906725,48.93775846722348,48.054860886923336,48.113075256347656,31200,0.0,0.0,0.0
2021-01-04 00:00:00-05:00,48.0742648406351,48.45750110523831,47.841414769157936,48.34592819213867,6900,0.0,0.0,0.0
2021-01-05 00:00:00-05:00,47.96753970301701,48.38473341830336,47.812305090428026,47.928733825683594,13300,0.0,0.0,0.0
2021-01-06 00:00:00-05:00,47.70558128821315,49.75274031574551,47.70558128821315,48.955223083496094,5200,0.0,0.0,0.0
2021-01-07 00:00:00-05:00,50.1602304251531,50.87818908691406,50.1602304251531,50.87818908691406,16000,0.0,0.0,0.0
2021-01-08 00:00:00-05:00,51.40501913057059,51.80959952189396,50.16119923987356,51.26724624633789,5400,0.0,0.0,0.0
2021-01-11 00:00:00-05:00,50.39308164447323,50.98491474754184,50.38338110064088,50.6550407409668,3300,0.0,0.0,0.0
2021-01-12 00:00:00-05:00,51.169256274133446,51.37300099595248,50.354273685772434,51.00043869018555,9700,0.0,0.0,0.0
2021-01-13 00:00:00-05:00,51.32449194958289,51.39046378868093,50.56578063964844,50.56578063964844,5000,0.0,0.0,0.0
2021-01-14 00:00:00-05:00,50.81997951474892,52.6730942749497,50.81997951474892,52.46837615966797,8300,0.0,0.0,0.0
2021-01-15 00:00:00-05:00,52.58577203259933,52.876836447137244,51.89691872127313,52.220001220703125,4600,0.0,0.0,0.0
2021-01-19 00:00:00-05:00,53.14849736782226,53.63360597089062,53.007815428802246,53.371646881103516,35400,0.0,0.0,0.0
2021-01-20 00:00:00-05:00,53.86646016272924,53.86646016272924,52.67309343369883,52.93796157836914,8800,0.0,0.0,0.0
2021-01-21 00:00:00-05:00,53.226118111828136,53.226118111828136,51.44091825113136,51.53114700317383,8000,0.0,0.0,0.0
2021-01-22 00:00:00-05:00,51.24687293996216,52.10066512446214,51.24687293996216,52.071556091308594,3500,0.0,0.0,0.0
2021-01-25 00:00:00-05:00,52.59159646797146,52.86616516113281,51.290535546093,52.86616516113281,6000,0.0,0.0,0.0
2021-01-26 00:00:00-05:00,53.400756823245764,53.67241646124224,51.92990493774414,51.92990493774414,4600,0.0,0.0,0.0
2021-01-27 00:00:00-05:00,50.84908495817744,52.44994487069053,49.68482354008475,50.997528076171875,7300,0.0,0.0,0.0
2021-01-28 00:00:00-05:00,51.586450006900584,51.586450006900584,50.44159704356268,50.44644546508789,10300,0.0,0.0,0.0
2021-01-29 00:00:00-05:00,51.935726689646536,52.23552567647784,50.45129552489583,51.033424377441406,7200,0.0,0.0,0.0
2021-02-01 00:00:00-05:00,52.46934805838785,53.34254131949875,52.076407574857285,53.33671951293945,4900,0.0,0.0,0.0
2021-02-02 00:00:00-05:00,54.32246211431197,55.13744470222143,53.3910507987834,55.075347900390625,7400,0.0,0.0,0.0
2021-02-03 00:00:00-05:00,55.302383116636086,55.43821293913491,54.81727449280594,54.869667053222656,7100,0.0,0.0,0.0
2021-02-04 00:00:00-05:00,55.16655323096687,56.17558005563856,55.12483459997359,55.55463790893555,12100,0.0,0.0,0.0
2021-02-05 00:00:00-05:00,56.262898559799716,57.58142119387502,55.97183043115457,57.48537063598633,14900,0.0,0.0,0.0
2021-02-08 00:00:00-05:00,58.21303527812492,60.07197189331055,57.96078042039716,60.07197189331055,25200,0.0,0.0,0.0
2021-02-09 00:00:00-05:00,60.52215203148242,60.52215203148242,59.47431564331055,59.47431564331055,22800,0.0,0.0,0.0
2021-02-10 00:00:00-05:00,60.68708714130804,60.73559726270696,57.417456104698346,58.552608489990234,14200,0.0,0.0,0.0
2021-02-11 00:00:00-05:00,58.66903777856829,58.91838358002815,57.45626622667849,57.489253997802734,9400,0.0,0.0,0.0
2021-02-12 00:00:00-05:00,57.592095678466876,58.39252563779089,57.48731055897041,57.7667350769043,9800,0.0,0.0,0.0
2021-02-16 00:00:00-05:00,58.213035178034055,58.213035178034055,56.48604965209961,56.48604965209961,10200,0.0,0.0,0.0
2021-02-17 00:00:00-05:00,56.31141161701149,57.08855438232422,55.4091092537686,57.08855438232422,3300,0.0,0.0,0.0
2021-02-18 00:00:00-05:00,55.29268268087958,56.26580898331911,55.20536298037581,55.55949020385742,3500,0.0,0.0,0.0
2021-02-19 00:00:00-05:00,56.398730331161964,57.82494718589219,56.36962129663901,57.2661018371582,10700,0.0,0.0,0.0
2021-02-22 00:00:00-05:00,57.456265184177184,57.58724288092736,55.90391540527344,55.90391540527344,6700,0.0,0.0,0.0
2021-02-23 00:00:00-05:00,54.48740141504631,54.48740141504631,51.38270542906918,53.689884185791016,27500,0.0,0.0,0.0
2021-02-24 00:00:00-05:00,53.86646033836469,55.27327604339869,53.86646033836469,54.786224365234375,11100,0.0,0.0,0.0
2021-02-25 00:00:00-05:00,55.467316968818636,55.47702121367485,52.69540786743164,52.69540786743164,5200,0.0,0.0,0.0
2021-02-26 00:00:00-05:00,53.245525831274676,53.526886032125944,51.634965280344844,52.76138687133789,5700,0.0,0.0,0.0
2021-03-01 00:00:00-05:00,53.77914122111732,54.91914572331257,53.77914122111732,54.59412384033203,13800,0.0,0.0,0.0
2021-03-02 00:00:00-05:00,54.686297532692436,54.89392100641522,53.89653778076172,53.89653778076172,5700,0.0,0.0,0.0
2021-03-03 00:00:00-05:00,53.59480118120218,53.59480118120218,51.683472062045645,51.98521041870117,10700,0.0,0.0,0.0
2021-03-04 00:00:00-05:00,50.8878952288095,50.8878952288095,48.869841583150965,49.732364654541016,9200,0.0,0.0,0.0
2021-03-05 00:00:00-05:00,50.64534235430434,50.64534235430434,47.21756381339747,50.4910774230957,10000,0.0,0.0,0.0
2021-03-08 00:00:00-05:00,51.062532917100356,51.64466176401728,49.47137728118148,49.568397521972656,17200,0.0,0.0,0.0
2021-03-09 00:00:00-05:00,50.73266174594849,52.94475592889,50.73266174594849,52.692501068115234,9700,0.0,0.0,0.0
2021-03-10 00:00:00-05:00,53.71608012184585,53.9634828578739,52.546966549343615,53.12618637084961,8500,0.0,0.0,0.0
2021-03-11 00:00:00-05:00,54.46799511696653,54.87548828125,54.08961098654368,54.87548828125,6400,0.0,0.0,0.0
2021-03-12 00:00:00-05:00,55.04042623722111,55.04042623722111,54.131332372991764,54.73577880859375,7000,0.0,0.0,0.0
2021-03-15 00:00:00-04:00,55.1762534773005,56.25319520733415,55.1762534773005,55.6759147644043,20600,0.0,0.0,0.0
2021-03-16 00:00:00-04:00,55.466346752997666,56.0979591078074,54.15752467667996,55.25484085083008,5300,0.0,0.0,0.0
2021-03-17 00:00:00-04:00,54.14782587811024,55.36835861206055,54.14782587811024,55.36835861206055,2600,0.0,0.0,0.0
2021-03-18 00:00:00-04:00,54.64748823656518,54.64748823656518,52.95446014404297,52.95446014404297,2300,0.0,0.0,0.0
2021-03-19 00:00:00-04:00,53.03207581817901,54.072147369384766,53.03207581817901,54.072147369384766,3000,0.0,0.0,0.0
2021-03-22 00:00:00-04:00,54.384555873931774,55.01422515038115,54.283653196090356,54.41463088989258,1800,0.0,0.0,0.0
2021-03-23 00:00:00-04:00,54.021696572224315,54.021696572224315,51.14015016625122,51.339046478271484,8600,0.0,0.0,0.0
2021-03-24 00:00:00-04:00,52.00364239213155,52.00364239213155,48.55937194302752,48.609825134277344,19700,0.0,0.0,0.0
2021-03-25 00:00:00-04:00,48.43615763361579,50.2863634388711,48.28965387674159,50.21844482421875,8600,0.0,0.0,0.0
2021-03-26 00:00:00-04:00,50.21844561510381,50.29606477530879,49.13471603393555,49.13471603393555,4300,0.0,0.0,0.0
2021-03-29 00:00:00-04:00,49.02507648036513,49.10269563692115,47.25443295918096,47.344661712646484,8500,0.0,0.0,0.0
2021-03-30 00:00:00-04:00,46.427802509081175,48.00634476690261,46.37637963745821,47.773494720458984,5800,0.0,0.0,0.0
2021-03-31 00:00:00-04:00,48.443920933456134,49.927382569410206,48.443920933456134,49.84297561645508,14100,0.0,0.0,0.0
2021-04-01 00:00:00-04:00,50.32031539521313,51.03827403189677,49.99528982885823,50.0797004699707,10400,0.0,0.0,0.0
2021-04-05 00:00:00-04:00,50.41249062121603,50.72005081176758,50.21553736561794,50.72005081176758,1900,0.0,0.0,0.0
2021-04-06 00:00:00-04:00,50.92670500630884,50.92670500630884,49.500484466552734,49.500484466552734,5100,0.0,0.0,0.0
2021-04-07 00:00:00-04:00,49.20942059240285,49.510185574191354,48.01896286010742,48.01896286010742,2100,0.0,0.0,0.0
2021-04-08 00:00:00-04:00,48.666098194583654,49.01537700452734,47.98694536425819,48.380855560302734,13000,0.0,0.0,0.0
2021-04-09 00:00:00-04:00,48.00635027809656,48.205246595806955,47.31264477907514,47.358245849609375,8100,0.0,0.0,0.0
2021-04-12 00:00:00-04:00,46.93910868607967,46.93910868607967,45.76999519566932,45.85246276855469,14400,0.0,0.0,0.0
2021-04-13 00:00:00-04:00,46.221146031906954,46.426833821730526,45.7108108458846,46.28615188598633,3200,0.0,0.0,0.0
2021-04-14 00:00:00-04:00,46.366682631853585,48.475934697255965,46.366682631853585,47.7434196472168,7800,0.0,0.0,0.0
2021-04-15 00:00:00-04:00,48.399285687062125,48.46235217674505,47.90932864262523,48.44294738769531,3700,0.0,0.0,0.0
2021-04-16 00:00:00-04:00,48.49145531451771,48.49145531451771,46.81297999909486,47.1865119934082,8000,0.0,0.0,0.0
2021-04-19 00:00:00-04:00,46.677153320054366,46.677153320054366,46.031957949066,46.24055480957031,5900,0.0,0.0,0.0
2021-04-20 00:00:00-04:00,46.07561706704592,46.483106519924995,45.11510039784033,46.097930908203125,7100,0.0,0.0,0.0
2021-04-21 00:00:00-04:00,46.696555454785155,47.69976043701172,46.696555454785155,47.69976043701172,8700,0.0,0.0,0.0
2021-04-22 00:00:00-04:00,47.47272826134454,49.539291949722696,47.47272826134454,48.66706466674805,6600,0.0,0.0,0.0
2021-04-23 00:00:00-04:00,48.46720504760742,49.1706110813669,48.19068957519307,48.46720504760742,9000,0.0,0.0,0.0
2021-04-26 00:00:00-04:00,48.45264654496387,50.23784637451172,48.394435880565716,50.23784637451172,5400,0.0,0.0,0.0
2021-04-27 00:00:00-04:00,50.74236058512761,50.74236058512761,50.168962584891716,50.292179107666016,1700,0.0,0.0,0.0
2021-04-28 00:00:00-04:00,50.20874331449255,50.71325673492298,50.189338525120014,50.57742691040039,1700,0.0,0.0,0.0
2021-04-29 00:00:00-04:00,50.84908682415431,50.84908682415431,49.31614546659548,49.79640197753906,2300,0.0,0.0,0.0
2021-04-30 00:00:00-04:00,49.90797196999545,50.1873964807602,49.10948510080118,49.19583511352539,4700,0.0,0.0,0.0
2021-05-03 00:00:00-04:00,49.41995600033632,49.41995600033632,48.481756843708666,48.51862335205078,3000,0.0,0.0,0.0
2021-05-04 00:00:00-04:00,48.08396428507124,48.08396428507124,46.449147020976376,46.47340393066406,94300,0.0,0.0,0.0
2021-05-05 00:00:00-04:00,46.754764934921134,46.859550049260925,45.767086029052734,45.767086029052734,8100,0.0,0.0,0.0
2021-05-06 00:00:00-04:00,45.46438015174013,45.46438015174013,44.06726496687466,44.711490631103516,3400,0.0,0.0,0.0
2021-05-07 00:00:00-04:00,44.853141625114446,46.06106102740485,44.82209692434197,45.50318908691406,10600,0.0,0.0,0.0
2021-05-10 00:00:00-04:00,44.08666953800413,44.575660590509756,43.8053093545168,43.810157775878906,9600,0.0,0.0,0.0
2021-05-11 00:00:00-04:00,42.85449165851902,44.76291166126673,42.82538632706244,44.54267120361328,7400,0.0,0.0,0.0
2021-05-12 00:00:00-04:00,44.0187554332582,45.14420729104887,43.88971710205078,43.88971710205078,9200,0.0,0.0,0.0
2021-05-13 00:00:00-04:00,44.39713774190614,44.416542530166744,42.78657732712531,43.01070022583008,8100,0.0,0.0,0.0
2021-05-14 00:00:00-04:00,43.56954562587302,44.756120857154684,43.47543443822906,44.7231330871582,2900,0.0,0.0,0.0
2021-05-17 00:00:00-04:00,44.562075399045675,45.072410583496094,44.562075399045675,45.072410583496094,1400,0.0,0.0,0.0
2021-05-18 00:00:00-04:00,46.099873909096445,46.47049688400182,45.75059509277344,45.75059509277344,2100,0.0,0.0,0.0
2021-05-19 00:00:00-04:00,44.68820995707994,45.406168683045145,44.68820995707994,44.96957015991211,5800,0.0,0.0,0.0
2021-05-20 00:00:00-04:00,46.0474764523477,46.247342436266486,45.736037564625065,45.948516845703125,5100,0.0,0.0,0.0
2021-05-21 00:00:00-04:00,46.036805066596784,46.34824394648463,45.93008058662761,45.934932708740234,10100,0.0,0.0,0.0
2021-05-24 00:00:00-04:00,46.143530549163444,46.225998121446096,45.41101553980116,45.41974639892578,2100,0.0,0.0,0.0
2021-05-25 00:00:00-04:00,45.415869550648054,45.59535736824671,44.85314178466797,44.85314178466797,2500,0.0,0.0,0.0
2021-05-26 00:00:00-04:00,45.37609104186904,46.2725715637207,45.29944157048733,46.2725715637207,1800,0.0,0.0,0.0
2021-05-27 00:00:00-04:00,46.65774585616519,47.095314025878906,46.269657491072266,47.095314025878906,1000,0.0,0.0,0.0
2021-05-28 00:00:00-04:00,47.00702525727899,47.01672580104454,46.59080123901367,46.59080123901367,1000,0.0,0.0,0.0
2021-06-01 00:00:00-04:00,46.38414706496171,46.47340983918001,46.296827360503116,46.38996887207031,600,0.0,0.0,0.0
2021-06-02 00:00:00-04:00,46.47340820742049,46.4928092956543,45.99314799921836,46.4928092956543,4200,0.0,0.0,0.0
2021-06-03 00:00:00-04:00,46.06591563540754,46.39578965596659,45.67783094721671,46.2502555847168,5500,0.0,0.0,0.0
2021-06-04 00:00:00-04:00,46.327872019985335,46.51221195845961,46.23085177891149,46.25898742675781,2200,0.0,0.0,0.0
2021-06-07 00:00:00-04:00,46.43459812630755,48.10531234741211,46.43459812630755,48.10531234741211,1800,0.0,0.0,0.0
2021-06-08 00:00:00-04:00,48.60788259040183,48.60788259040183,47.82006591942233,48.548702239990234,900,0.0,0.0,0.0
2021-06-09 00:00:00-04:00,49.063882777626574,49.35494719307727,48.65639333621256,48.784461975097656,7600,0.0,0.0,0.0
2021-06-10 00:00:00-04:00,48.792226747155645,49.30644070906441,48.68550225670248,49.22785186767578,4000,0.0,0.0,0.0
2021-06-11 00:00:00-04:00,49.51018292557226,49.55869674682617,49.16575626096208,49.55869674682617,2600,0.0,0.0,0.0
2021-06-14 00:00:00-04:00,49.8982742152657,50.54734832172891,49.8982742152657,50.451297760009766,9500,0.0,0.0,0.0
2021-06-15 00:00:00-04:00,50.6259342813247,50.6259342813247,48.76311531475868,49.09008026123047,9200,0.0,0.0,0.0
2021-06-16 00:00:00-04:00,48.75341759426649,49.36465550787158,48.09366955760055,49.005672454833984,5500,0.0,0.0,0.0
2021-06-17 00:00:00-04:00,48.918352742829775,49.08135223388672,48.55937339095115,49.08135223388672,1200,0.0,0.0,0.0
2021-06-18 00:00:00-04:00,48.75341761404859,48.819393157958984,48.60788354372185,48.819393157958984,800,0.0,0.0,0.0
2021-06-21 00:00:00-04:00,48.86014059667806,49.00567096142568,48.85043635171053,48.87178421020508,1700,0.0,0.0,0.0
2021-06-22 00:00:00-04:00,47.6085622018446,47.86082077026367,47.6085622018446,47.86082077026367,4900,0.0,0.0,0.0
2021-06-23 00:00:00-04:00,47.76379225364291,48.26830564115807,47.627962437982085,48.09851837158203,15200,0.0,0.0,0.0
2021-06-24 00:00:00-04:00,49.34524884622557,49.35494939003563,49.12403869628906,49.12403869628906,1900,0.0,0.0,0.0
2021-06-25 00:00:00-04:00,49.01537440435084,49.608177185058594,49.01537440435084,49.608177185058594,1300,0.0,0.0,0.0
2021-06-28 00:00:00-04:00,50.034100302640496,50.325164720065914,49.19971292522539,49.21717834472656,4800,0.0,0.0,0.0
2021-06-29 00:00:00-04:00,49.12209855540798,49.12209855540798,48.50116013094664,48.52056121826172,6100,0.0,0.0,0.0
2021-06-30 00:00:00-04:00,48.66609714232221,48.82133175437566,48.07426402727931,48.4526481628418,1800,0.0,0.0,0.0
2021-07-01 00:00:00-04:00,48.54966872541207,49.30837631225586,48.32651921745302,49.30837631225586,8900,0.0,0.0,0.0
2021-07-02 00:00:00-04:00,48.7825197694506,48.86886978149414,48.73497933377707,48.86886978149414,2100,0.0,0.0,0.0
2021-07-06 00:00:00-04:00,48.76311534892234,48.76311534892234,47.4630241394043,47.4630241394043,4300,0.0,0.0,0.0
2021-07-07 00:00:00-04:00,47.560051061865146,47.560051061865146,46.44429971993791,46.74894714355469,3200,0.0,0.0,0.0
2021-07-08 00:00:00-04:00,45.85246823942266,47.0943489074707,45.765148533865265,47.0943489074707,2400,0.0,0.0,0.0
2021-07-09 00:00:00-04:00,47.42422130586758,48.09366989135742,47.395112270960944,48.09366989135742,600,0.0,0.0,0.0
2021-07-12 00:00:00-04:00,47.72596031767694,47.72596031767694,47.58915710449219,47.58915710449219,500,0.0,0.0,0.0
2021-07-13 00:00:00-04:00,47.28838931806786,47.28838931806786,46.57042694091797,46.57042694091797,1500,0.0,0.0,0.0
2021-07-14 00:00:00-04:00,46.77417300921922,46.77417300921922,44.843442742976336,44.85120391845703,2100,0.0,0.0,0.0
2021-07-15 00:00:00-04:00,44.41654216314286,44.64939591926105,43.7956037482742,44.552371978759766,8400,0.0,0.0,0.0
2021-07-16 00:00:00-04:00,44.74641493568062,45.241227766000854,44.629989911346065,44.745445251464844,1800,0.0,0.0,0.0
2021-07-19 00:00:00-04:00,44.12547716391821,45.309143314884075,43.88292286747995,44.794925689697266,8900,0.0,0.0,0.0
2021-07-20 00:00:00-04:00,45.09569454474093,45.91067713234224,45.09569454474093,45.85246276855469,7900,0.0,0.0,0.0
2021-07-21 00:00:00-04:00,46.415195511279435,46.495723724365234,46.30070984093367,46.495723724365234,1200,0.0,0.0,0.0
2021-07-22 00:00:00-04:00,45.55170227830298,45.55170227830298,45.47893524169922,45.47893524169922,800,0.0,0.0,0.0
2021-07-23 00:00:00-04:00,44.80463276425052,44.811424255371094,44.80463276425052,44.811424255371094,700,0.0,0.0,0.0
2021-07-26 00:00:00-04:00,44.591184294815555,44.93076255580772,43.803367614746094,43.803367614746094,3400,0.0,0.0,0.0
2021-07-27 00:00:00-04:00,43.65977585722226,43.65977585722226,42.514919216434954,43.250343322753906,2200,0.0,0.0,0.0
2021-07-28 00:00:00-04:00,43.475438020678645,44.85314479352995,43.475438020678645,44.824039459228516,4700,0.0,0.0,0.0
2021-07-29 00:00:00-04:00,45.02778561280418,45.08599998431688,43.68403625488281,43.68403625488281,1700,0.0,0.0,0.0
2021-07-30 00:00:00-04:00,43.40751893026732,43.417219473739415,42.680825718298124,42.83509063720703,1700,0.0,0.0,0.0
2021-08-02 00:00:00-04:00,42.941815878740286,43.572458601372574,42.941815878740286,43.252288818359375,4600,0.0,0.0,0.0
2021-08-03 00:00:00-04:00,42.81568697705693,43.27168655395508,42.6992582458155,43.27168655395508,3700,0.0,0.0,0.0
2021-08-04 00:00:00-04:00,43.85381823121178,43.85381823121178,43.18436599373898,43.187278747558594,2800,0.0,0.0,0.0
2021-08-05 00:00:00-04:00,43.21347810796884,45.006439208984375,43.21347810796884,45.006439208984375,3600,0.0,0.0,0.0
2021-08-06 00:00:00-04:00,44.52326601257949,44.52326601257949,44.502891540527344,44.502891540527344,2000,0.0,0.0,0.0
2021-08-09 00:00:00-04:00,44.89195464202035,44.901655186483815,44.571781158447266,44.571781158447266,1200,0.0,0.0,0.0
2021-08-10 00:00:00-04:00,44.55237706214637,44.55237706214637,43.960547612443335,44.19824981689453,2300,0.0,0.0,0.0
2021-08-11 00:00:00-04:00,44.22250112179996,44.22250112179996,43.87419202683788,44.13518142700195,1400,0.0,0.0,0.0
2021-08-12 00:00:00-04:00,43.941139635610135,44.62805361836541,43.941139635610135,44.50968551635742,1600,0.0,0.0,0.0
2021-08-13 00:00:00-04:00,44.09637801299186,44.564021252024446,43.900394439697266,43.900394439697266,2900,0.0,0.0,0.0
2021-08-16 00:00:00-04:00,43.65007365815688,43.65007365815688,42.5372314453125,42.5372314453125,2000,0.0,0.0,0.0
2021-08-17 00:00:00-04:00,42.06861962789144,43.019432067871094,42.06861962789144,43.019432067871094,4800,0.0,0.0,0.0
2021-08-18 00:00:00-04:00,42.75747522823563,43.50454297787364,42.43730545043945,42.43730545043945,3800,0.0,0.0,0.0
2021-08-19 00:00:00-04:00,42.05891759511233,42.05891759511233,41.147884368896484,41.147884368896484,2900,0.0,0.0,0.0
2021-08-20 00:00:00-04:00,42.2723659699569,42.3121452331543,42.2723659699569,42.3121452331543,700,0.0,0.0,0.0
2021-08-23 00:00:00-04:00,43.11645208472664,44.73477740418062,43.11645208472664,44.591182708740234,3000,0.0,0.0,0.0
2021-08-24 00:00:00-04:00,44.387436196384506,44.5533447265625,43.93240261949416,44.5533447265625,2400,0.0,0.0,0.0
2021-08-25 00:00:00-04:00,44.472816853103765,44.98897014889824,44.472816853103765,44.986061096191406,5300,0.0,0.0,0.0
2021-08-26 00:00:00-04:00,45.40616776895335,45.83306573901614,44.79492984887221,44.80463409423828,3600,0.0,0.0,0.0
2021-08-27 00:00:00-04:00,45.89127245238609,46.20174165781374,45.89127245238609,46.03874588012695,2300,0.0,0.0,0.0
2021-08-30 00:00:00-04:00,46.27936356256804,46.37638380712845,45.81850814819336,45.81850814819336,1200,0.0,0.0,0.0
2021-08-31 00:00:00-04:00,46.463702066000984,46.50251164305501,46.07076527631266,46.31914138793945,3000,0.0,0.0,0.0
2021-09-01 00:00:00-04:00,46.93910892985114,47.14285365253837,46.764469538666404,47.06620788574219,2600,0.0,0.0,0.0
2021-09-02 00:00:00-04:00,47.11471985490786,47.814247131347656,47.11471985490786,47.814247131347656,7400,0.0,0.0,0.0
2021-09-03 00:00:00-04:00,47.540645098038596,47.540645098038596,46.59953318419958,46.7353630065918,1900,0.0,0.0,0.0
2021-09-07 00:00:00-04:00,47.66288979913794,47.66288979913794,46.72566036560834,47.05553436279297,3700,0.0,0.0,0.0
2021-09-08 00:00:00-04:00,46.58983417133357,46.58983417133357,46.269660692813986,46.471466064453125,900,0.0,0.0,0.0
2021-09-09 00:00:00-04:00,46.46370002604216,47.34077570287982,46.46370002604216,46.85566711425781,4500,0.0,0.0,0.0
2021-09-10 00:00:00-04:00,46.79358046507647,46.896422522955234,46.57528305053711,46.57528305053711,3000,0.0,0.0,0.0
2021-09-13 00:00:00-04:00,46.60923903124075,47.0555380918931,46.01740589811753,46.36571502685547,3300,0.0,0.0,0.0
2021-09-14 00:00:00-04:00,46.57042500440204,46.57042500440204,45.71663284301758,45.71663284301758,400,0.0,0.0,0.0
2021-09-15 00:00:00-04:00,45.59050931260828,46.27936265834943,45.59050931260828,46.18233871459961,5300,0.0,0.0,0.0
2021-09-16 00:00:00-04:00,46.027100877282265,46.4831041282092,45.72633592546642,46.46369934082031,2000,0.0,0.0,0.0
2021-09-17 00:00:00-04:00,46.17263855159578,47.11375045776367,46.10472364095326,47.11375045776367,1600,0.0,0.0,0.0
2021-09-20 00:00:00-04:00,46.07561999154129,46.07561999154129,44.80463402963675,45.32855224609375,4300,0.0,0.0,0.0
2021-09-21 00:00:00-04:00,45.86216689276048,46.230850460278106,45.86216689276048,45.97859191894531,1700,0.0,0.0,0.0
2021-09-22 00:00:00-04:00,45.687529345552655,46.395787476792634,45.648719768230876,45.91067886352539,12300,0.0,0.0,0.0
2021-09-23 00:00:00-04:00,46.68685400307417,47.065238146257094,46.46370447507103,47.0361328125,2800,0.0,0.0,0.0
2021-09-24 00:00:00-04:00,46.56363827892023,46.56363827892023,46.16778870800338,46.168758392333984,1600,0.0,0.0,0.0
2021-09-27 00:00:00-04:00,46.76446948896941,47.12344881442993,46.76446948896941,46.90999984741211,1700,0.0,0.0,0.0
2021-09-28 00:00:00-04:00,45.697227895885504,45.70693214033512,45.23831558227539,45.23831558227539,1200,0.0,0.0,0.0
2021-09-29 00:00:00-04:00,45.318849936738275,45.318849936738275,44.10219955444336,44.10219955444336,4400,0.0,0.0,0.0
2021-09-30 00:00:00-04:00,44.55237506546262,44.77552829353376,44.21280050289376,44.34183883666992,6100,0.0,0.0,0.0
2021-10-01 00:00:00-04:00,43.834414797744785,44.600887298583984,43.812100956167725,44.600887298583984,1200,0.0,0.0,0.0
2021-10-04 00:00:00-04:00,44.416542482948465,44.416542482948465,43.727689155311516,43.932403564453125,5200,0.0,0.0,0.0
2021-10-05 00:00:00-04:00,43.65977886163419,44.041075773735265,43.65977886163419,43.80046081542969,1600,0.0,0.0,0.0
2021-10-06 00:00:00-04:00,43.446325839978,43.446325839978,43.16108322143555,43.16108322143555,1100,0.0,0.0,0.0
2021-10-07 00:00:00-04:00,43.887777831169174,43.887777831169174,43.36871175122844,43.471553802490234,1700,0.0,0.0,0.0
2021-10-08 00:00:00-04:00,43.28139166645164,43.43662627680063,43.02913311145638,43.2454948425293,19700,0.0,0.0,0.0
2021-10-11 00:00:00-04:00,43.252287244901495,43.46573252545036,43.252287244901495,43.38520431518555,500,0.0,0.0,0.0
2021-10-12 00:00:00-04:00,43.36871533349593,44.078912908067856,43.36871533349593,43.75389099121094,3200,0.0,0.0,0.0
2021-10-13 00:00:00-04:00,44.05756291926723,44.05756291926723,43.49483886763582,43.94792938232422,1000,0.0,0.0,0.0
2021-10-14 00:00:00-04:00,44.62999084575908,44.84343981241204,44.43691635131836,44.43691635131836,1000,0.0,0.0,0.0
2021-10-15 00:00:00-04:00,44.164287173756996,44.164287173756996,43.88777542114258,43.88777542114258,900,0.0,0.0,0.0
2021-10-18 00:00:00-04:00,43.65007559122142,43.65007559122142,42.70896367684838,42.78657913208008,4700,0.0,0.0,0.0
2021-10-19 00:00:00-04:00,43.077647013536556,43.26295664136136,42.864198036007295,43.01361083984375,3700,0.0,0.0,0.0
2021-10-20 00:00:00-04:00,42.951517524419195,43.29109207692173,42.76717758178711,42.76717758178711,2400,0.0,0.0,0.0
2021-10-21 00:00:00-04:00,43.15526366809664,43.349307862055696,43.15526366809664,43.15817642211914,3400,0.0,0.0,0.0
2021-10-22 00:00:00-04:00,42.582835239160104,42.971893310546875,42.24326067628209,42.971893310546875,1100,0.0,0.0,0.0
2021-10-25 00:00:00-04:00,42.980622770035545,43.291091989146956,42.70023226899054,43.1348876953125,4200,0.0,0.0,0.0
2021-10-26 00:00:00-04:00,43.329901339333695,43.38811570551836,43.07473373413086,43.07473373413086,1200,0.0,0.0,0.0
2021-10-27 00:00:00-04:00,42.447004438880626,42.738068871958795,42.383941650390625,42.383941650390625,9300,0.0,0.0,0.0
2021-10-28 00:00:00-04:00,43.14556217560076,43.41625213623047,43.14556217560076,43.41625213623047,3700,0.0,0.0,0.0
2021-10-29 00:00:00-04:00,43.417219291742185,43.417219291742185,43.041744232177734,43.041744232177734,2600,0.0,0.0,0.0
2021-11-01 00:00:00-04:00,42.961216141972976,44.57177653506986,42.961216141972976,44.54267120361328,5400,0.0,0.0,0.0
2021-11-02 00:00:00-04:00,44.60088736179825,45.27033591982403,44.45535329649112,45.26063537597656,4000,0.0,0.0,0.0
2021-11-03 00:00:00-04:00,45.600211365726025,46.472434997558594,45.600211365726025,46.472434997558594,29200,0.0,0.0,0.0
2021-11-04 00:00:00-04:00,46.386088980408694,46.65774863148175,45.93008567946306,46.37638473510742,35600,0.0,0.0,0.0
2021-11-05 00:00:00-04:00,46.46370504813114,46.570429541337,45.5905117148822,46.13383102416992,47200,0.0,0.0,0.0
2021-11-08 00:00:00-05:00,46.34630650683234,46.376381522795754,45.72633777387261,45.87186813354492,4400,0.0,0.0,0.0
2021-11-09 00:00:00-05:00,45.38675875417725,45.38675875417725,44.756119804241564,45.107337951660156,5100,0.0,0.0,0.0
2021-11-10 00:00:00-05:00,45.5128883591243,45.5128883591243,43.93143329880255,43.988677978515625,2700,0.0,0.0,0.0
2021-11-11 00:00:00-05:00,44.203098423194845,44.203098423194845,44.076969146728516,44.076969146728516,700,0.0,0.0,0.0
2021-11-12 00:00:00-05:00,43.89456864326807,43.92173460737302,43.49484035699741,43.9207649230957,2100,0.0,0.0,0.0
2021-11-15 00:00:00-05:00,43.96539361269593,43.96539361269593,43.12615775906504,43.138771057128906,3400,0.0,0.0,0.0
2021-11-16 00:00:00-05:00,43.13585667653343,43.417220558356355,42.84576193525902,43.26683807373047,2500,0.0,0.0,0.0
2021-11-17 00:00:00-05:00,42.79628345259989,42.8738989079684,42.57313392942341,42.60514831542969,2900,0.0,0.0,0.0
2021-11-18 00:00:00-05:00,42.06862224476567,42.62164580342925,41.92308817097621,42.05891799926758,3600,0.0,0.0,0.0
2021-11-19 00:00:00-05:00,41.83576526205724,42.10742859891423,41.81636047363281,41.81636047363281,2000,0.0,0.0,0.0
2021-11-22 00:00:00-05:00,41.30214907917104,41.72904334755823,40.584190368652344,40.584190368652344,4400,0.0,0.0,0.0
2021-11-23 00:00:00-05:00,40.54537878621626,40.54537878621626,39.681886046751174,40.36006546020508,700,0.0,0.0,0.0
2021-11-24 00:00:00-05:00,40.312524931620054,40.82868194580078,40.312524931620054,40.82868194580078,700,0.0,0.0,0.0
2021-11-26 00:00:00-05:00,40.00205300159934,40.00205300159934,39.13856032269118,39.44709014892578,1700,0.0,0.0,0.0
2021-11-29 00:00:00-05:00,40.19610111819919,40.23975911809627,38.89794921875,38.89794921875,2100,0.0,0.0,0.0
2021-11-30 00:00:00-05:00,38.79899006795764,39.38597106933594,38.08102766315571,39.38597106933594,1900,0.0,0.0,0.0
2021-12-01 00:00:00-05:00,38.954227415195746,38.954227415195746,37.871463775634766,37.871463775634766,300,0.0,0.0,0.0
2021-12-02 00:00:00-05:00,37.83847183897709,38.7281608581543,37.479492501423934,38.7281608581543,2900,0.0,0.0,0.0
2021-12-03 00:00:00-05:00,37.838471687430925,37.954896717857686,36.80421829223633,36.80421829223633,2100,0.0,0.0,0.0
2021-12-06 00:00:00-05:00,36.38314723831138,36.839150534712125,36.34433765966342,36.66645050048828,1000,0.0,0.0,0.0
2021-12-07 00:00:00-05:00,38.35850593928423,39.41604281881562,38.35850593928423,38.4885139465332,7000,0.0,0.0,0.0
2021-12-08 00:00:00-05:00,38.73107334129889,39.6430799838099,38.73107334129889,39.322906494140625,30800,0.0,0.0,0.0
2021-12-09 00:00:00-05:00,38.73106808315757,38.73106808315757,37.849143981933594,37.849143981933594,7200,0.0,0.0,0.0
2021-12-10 00:00:00-05:00,38.21686039702137,38.21686039702137,36.97498338725423,36.979835510253906,1700,0.0,0.0,0.0
2021-12-13 00:00:00-05:00,37.062297754940936,37.44165155475241,37.062297754940936,37.24372863769531,2000,0.0,0.0,0.0
2021-12-14 00:00:00-05:00,36.810042192228295,36.95751563299502,36.19880797191449,36.24246597290039,2600,0.0,0.0,0.0
2021-12-15 00:00:00-05:00,35.82042197246016,37.76085662841797,35.63608201253491,37.76085662841797,1500,0.0,0.0,0.0
2021-12-16 00:00:00-05:00,37.984006526538636,38.061621981378956,36.54808175059949,36.80324935913086,17000,0.0,0.0,0.0
2021-12-17 00:00:00-05:00,36.44136055146425,38.532177501225235,36.08237751098928,38.42060089111328,4200,0.0,0.0,0.0
2021-12-20 00:00:00-05:00,37.8384736346217,38.410901973547844,37.528004403450076,38.342987060546875,1700,0.0,0.0,0.0
2021-12-21 00:00:00-05:00,38.197454224835205,38.54285430908203,38.197454224835205,38.54285430908203,900,0.0,0.0,0.0
2021-12-22 00:00:00-05:00,38.22656194839949,38.575837056961745,38.05677096514826,38.49919128417969,4600,0.0,0.0,0.0
2021-12-23 00:00:00-05:00,38.55643263748594,39.61396951929429,38.55643263748594,39.46067428588867,4700,0.0,0.0,0.0
2021-12-27 00:00:00-05:00,38.83779301705899,38.83779301705899,38.44291687011719,38.44291687011719,1300,0.0,0.0,0.0
2021-12-28 00:00:00-05:00,38.275071519963014,39.128863742228226,37.71428680419922,37.71428680419922,1900,0.0,0.0,0.0
2021-12-29 00:00:00-05:00,37.34366364472405,37.46202804720978,37.11080987584913,37.392173767089844,5200,0.0,0.0,0.0
2021-12-30 00:00:00-05:00,37.93549342026669,38.38179617309963,37.85496520996094,37.85496520996094,1200,0.0,0.0,0.0
2021-12-31 00:00:00-05:00,37.964600920850934,37.964600920850934,37.37276782344929,37.37858963012695,3200,0.0,0.0,0.0
2022-01-03 00:00:00-05:00,37.421276462282755,38.669944763183594,37.421276462282755,38.669944763183594,2100,0.0,0.0,0.0
2022-01-04 00:00:00-05:00,38.41089841737014,38.41089841737014,36.94101997751467,37.143795013427734,3300,0.0,0.0,0.0
2022-01-05 00:00:00-05:00,37.08170388024107,37.29030073366431,34.95013427734375,34.95013427734375,7200,0.0,0.0,0.0
2022-01-06 00:00:00-05:00,34.665858761080585,34.733773666347425,33.957600676808745,34.35927200317383,3800,0.0,0.0,0.0
2022-01-07 00:00:00-05:00,33.991561819826984,34.02551927614708,33.593772888183594,33.593772888183594,3400,0.0,0.0,0.0
2022-01-10 00:00:00-05:00,33.26875358360868,33.26875358360868,32.347046367434146,33.2076301574707,4700,0.0,0.0,0.0
2022-01-11 00:00:00-05:00,33.66653615805643,33.7693781998257,33.66653615805643,33.67429733276367,600,0.0,0.0,0.0
2022-01-12 00:00:00-05:00,32.7448360980013,33.01746546050616,32.546913146972656,32.546913146972656,7400,0.0,0.0,0.0
2022-01-13 00:00:00-05:00,32.6284070451592,32.69632195634625,31.396230697631836,31.396230697631836,2800,0.0,0.0,0.0
2022-01-14 00:00:00-05:00,31.017846273230177,32.071502685546875,30.51333468594532,32.071502685546875,3600,0.0,0.0,0.0
2022-01-18 00:00:00-05:00,31.444740168421994,31.444740168421994,30.01949119567871,30.01949119567871,3800,0.0,0.0,0.0
2022-01-19 00:00:00-05:00,30.028223463108347,30.552139795506754,29.675064086914062,29.675064086914062,1800,0.0,0.0,0.0
2022-01-20 00:00:00-05:00,30.358098409299853,30.600652719950535,29.03666114807129,29.03666114807129,2500,0.0,0.0,0.0
2022-01-21 00:00:00-05:00,28.90277178294091,29.048303995383673,28.352657318115234,28.352657318115234,4300,0.0,0.0,0.0
2022-01-24 00:00:00-05:00,27.505659588570385,28.95807456970215,26.795460216398098,28.95807456970215,10300,0.0,0.0,0.0
2022-01-25 00:00:00-05:00,28.340045223779782,28.98039031669135,27.84523605057492,28.44676971435547,5400,0.0,0.0,0.0
2022-01-26 00:00:00-05:00,28.708727153083412,29.680883723502493,27.796722465119508,27.889863967895508,4800,0.0,0.0,0.0
2022-01-27 00:00:00-05:00,28.047041216643855,28.047041216643855,26.41222381591797,26.41222381591797,7400,0.0,0.0,0.0
2022-01-28 00:00:00-05:00,26.380207845675535,27.144739151000977,26.089141557039696,27.144739151000977,1800,0.0,0.0,0.0
2022-01-31 00:00:00-05:00,27.28250940434922,29.03957176208496,27.28250940434922,29.03957176208496,4300,0.0,0.0,0.0
2022-02-01 00:00:00-05:00,29.18122413925389,29.630435943603516,29.106517736093405,29.630435943603516,6200,0.0,0.0,0.0
2022-02-02 00:00:00-05:00,29.024049417348145,29.024049417348145,28.21391706540238,28.23623275756836,4800,0.0,0.0,0.0
2022-02-03 00:00:00-05:00,27.932555153777766,27.97136288099273,27.369827379549406,27.437744140625,2400,0.0,0.0,0.0
2022-02-04 00:00:00-05:00,27.37953173309119,28.03054893759513,27.254373981790117,27.822921752929688,1400,0.0,0.0,0.0
2022-02-07 00:00:00-05:00,28.466174015357918,28.881426506201556,28.466174015357918,28.732013702392578,2600,0.0,0.0,0.0
2022-02-08 00:00:00-05:00,28.52438602042756,28.776642720776312,28.281831714385586,28.66215705871582,1900,0.0,0.0,0.0
2022-02-09 00:00:00-05:00,28.85426071290041,30.055390508916176,28.85426071290041,29.988445281982422,6600,0.0,0.0,0.0
2022-02-10 00:00:00-05:00,29.56251912028084,30.731630839587122,28.87366575687083,29.101667404174805,3800,0.0,0.0,0.0
2022-02-11 00:00:00-05:00,29.397581809832612,29.708052882968737,28.48557893109959,28.605884552001953,4100,0.0,0.0,0.0
2022-02-14 00:00:00-05:00,28.33034455524516,28.52438689570749,27.96845245361328,27.96845245361328,3000,0.0,0.0,0.0
2022-02-15 00:00:00-05:00,29.087112565395667,29.484901487862793,29.087112565395667,29.45967674255371,5700,0.0,0.0,0.0
2022-02-16 00:00:00-05:00,29.1259207866819,29.252048208436946,28.76693960846107,29.136592864990234,3600,0.0,0.0,0.0
2022-02-17 00:00:00-05:00,28.766940207633994,28.766940207633994,27.697761526821708,27.8287410736084,5600,0.0,0.0,0.0
2022-02-18 00:00:00-05:00,27.825831498673033,27.825831498673033,27.129215101624705,27.33587074279785,10200,0.0,0.0,0.0
2022-02-22 00:00:00-05:00,27.078763257683406,27.5182726631462,27.078763257683406,27.185487747192383,5400,0.0,0.0,0.0
2022-02-23 00:00:00-05:00,27.34072149969385,27.34072149969385,26.091081619262695,26.091081619262695,1300,0.0,0.0,0.0
2022-02-24 00:00:00-05:00,24.973391469300537,27.437744140625,24.973391469300537,27.437744140625,5900,0.0,0.0,0.0
2022-02-25 00:00:00-05:00,27.379530152228394,27.701642990112305,27.379530152228394,27.701642990112305,1200,0.0,0.0,0.0
2022-02-28 00:00:00-05:00,27.379530099949694,27.64634132385254,27.379530099949694,27.64634132385254,1100,0.0,0.0,0.0
2022-03-01 00:00:00-05:00,27.903447329407552,27.961659844163883,27.35042381286621,27.35042381286621,3400,0.0,0.0,0.0
2022-03-02 00:00:00-05:00,27.398934146850706,27.767617727778724,27.398934146850706,27.62208366394043,1000,0.0,0.0,0.0
2022-03-03 00:00:00-05:00,27.80642627400036,27.80642627400036,26.215270574054234,26.39961051940918,18400,0.0,0.0,0.0
2022-03-04 00:00:00-05:00,26.08914031901748,26.457823897019022,25.537086486816406,25.537086486816406,2200,0.0,0.0,0.0
2022-03-07 00:00:00-05:00,25.662247584819845,25.963014420990294,25.380883687677176,25.547761917114258,5500,0.0,0.0,0.0
2022-03-08 00:00:00-05:00,25.28385968743855,26.496631186171783,25.19653999148636,25.90285873413086,5200,0.0,0.0,0.0
2022-03-09 00:00:00-05:00,26.3996098648677,27.53476409475709,26.3996098648677,27.428041458129883,4600,0.0,0.0,0.0
2022-03-10 00:00:00-05:00,27.02054987405672,27.276687160226874,26.748888386995876,27.27474594116211,5500,0.0,0.0,0.0
2022-03-11 00:00:00-05:00,27.301912261980938,27.554168963864097,26.392818450927734,26.392818450927734,8700,0.0,0.0,0.0
2022-03-14 00:00:00-04:00,24.73083634924788,24.837560834039923,24.653219046819792,24.698820114135742,6400,0.0,0.0,0.0
2022-03-15 00:00:00-04:00,24.789049949775578,25.21594605710936,24.517390304643435,24.868608474731445,7800,0.0,0.0,0.0
2022-03-16 00:00:00-04:00,25.41969373800337,26.30259132385254,25.41969373800337,26.30259132385254,2700,0.0,0.0,0.0
2022-03-17 00:00:00-04:00,26.918678964241714,27.525064757853244,26.918678964241714,27.522153854370117,3000,0.0,0.0,0.0
2022-03-18 00:00:00-04:00,27.340723928123982,28.384677954691785,27.340723928123982,28.321613311767578,2200,0.0,0.0,0.0
2022-03-21 00:00:00-04:00,28.262427226125908,28.262427226125908,27.039955139160156,27.039955139160156,2400,0.0,0.0,0.0
2022-03-22 00:00:00-04:00,27.22429360094133,28.00143814086914,27.22429360094133,28.00143814086914,900,0.0,0.0,0.0
2022-03-23 00:00:00-04:00,27.709404253738157,27.99076814563472,27.401845932006836,27.401845932006836,3900,0.0,0.0,0.0
2022-03-24 00:00:00-04:00,27.224295812156086,27.81709861755371,27.224295812156086,27.81709861755371,900,0.0,0.0,0.0
2022-03-25 00:00:00-04:00,27.272805828462584,27.272805828462584,27.030251530736784,27.064208984375,1300,0.0,0.0,0.0
2022-03-28 00:00:00-04:00,27.136973589021434,27.136973589021434,26.770231246948242,26.770231246948242,500,0.0,0.0,0.0
2022-03-29 00:00:00-04:00,27.583277943315167,28.209068541594615,27.583277943315167,28.125629425048828,900,0.0,0.0,0.0
2022-03-30 00:00:00-04:00,28.427364090979662,28.456471274066974,27.25922393798828,27.25922393798828,3800,0.0,0.0,0.0
2022-03-31 00:00:00-04:00,27.42804142314889,27.45714675558169,27.110780715942383,27.110780715942383,900,0.0,0.0,0.0
2022-04-01 00:00:00-04:00,27.631785744806972,28.030546188354492,27.46684874479794,28.030546188354492,500,0.0,0.0,0.0
2022-04-04 00:00:00-04:00,27.91315001659483,28.99203109741211,27.91315001659483,28.99203109741211,2000,0.0,0.0,0.0
2022-04-05 00:00:00-04:00,29.106516400573923,29.329665915514795,28.204214096069336,28.204214096069336,5900,0.0,0.0,0.0
2022-04-06 00:00:00-04:00,27.699699624258944,28.427362505987734,27.63178471805104,28.127565383911133,2600,0.0,0.0,0.0
2022-04-07 00:00:00-04:00,27.65313148498535,27.65313148498535,27.65313148498535,27.65313148498535,200,0.0,0.0,0.0
2022-04-08 00:00:00-04:00,27.757913955091652,27.757913955091652,26.81292152404785,26.81292152404785,8000,0.0,0.0,0.0
2022-04-11 00:00:00-04:00,25.75926747765955,25.90480154689516,25.588510513305664,25.588510513305664,6100,0.0,0.0,0.0
2022-04-12 00:00:00-04:00,25.953309211421008,25.953309211421008,25.269306182861328,25.269306182861328,2000,0.0,0.0,0.0
2022-04-13 00:00:00-04:00,26.249229431152344,26.249229431152344,26.249229431152344,26.249229431152344,400,0.0,0.0,0.0
2022-04-14 00:00:00-04:00,25.41290126527875,25.4779052734375,25.41290126527875,25.4779052734375,400,0.0,0.0,0.0
2022-04-18 00:00:00-04:00,25.25475528851831,25.25475528851831,24.07108907769265,24.09340476989746,5200,0.0,0.0,0.0
2022-04-19 00:00:00-04:00,24.100196576913884,24.71143262862478,24.0710893932924,24.420368194580078,3200,0.0,0.0,0.0
2022-04-20 00:00:00-04:00,24.04198463018643,24.47858129160406,23.93526013825336,24.414546966552734,4500,0.0,0.0,0.0
2022-04-21 00:00:00-04:00,23.479259111965185,23.556876420990584,23.295886993408203,23.295886993408203,2200,0.0,0.0,0.0
2022-04-22 00:00:00-04:00,23.071767457115907,23.099903106689453,22.965042964731964,23.099903106689453,400,0.0,0.0,0.0
2022-04-25 00:00:00-04:00,23.47925722356504,23.73151206970215,23.47925722356504,23.73151206970215,1800,0.0,0.0,0.0
2022-04-26 00:00:00-04:00,22.926232955265,22.926232955265,22.26939582824707,22.26939582824707,6700,0.0,0.0,0.0
2022-04-27 00:00:00-04:00,22.120950526054827,22.22961622486811,21.858993299050656,21.917205810546875,1900,0.0,0.0,0.0
2022-04-28 00:00:00-04:00,22.120951399415777,22.120951399415777,20.840264992681725,21.946313858032227,17900,0.0,0.0,0.0
2022-04-29 00:00:00-04:00,22.05594867148852,22.05594867148852,21.398141860961914,21.398141860961914,2800,0.0,0.0,0.0
2022-05-02 00:00:00-04:00,21.761972056148494,22.314995563148425,21.761972056148494,22.31402587890625,500,0.0,0.0,0.0
2022-05-03 00:00:00-04:00,22.38291122691596,22.460528531387553,22.11125158653665,22.287830352783203,5900,0.0,0.0,0.0
2022-05-04 00:00:00-04:00,21.170139775954556,22.56725311279297,21.170139775954556,22.56725311279297,600,0.0,0.0,0.0
2022-05-05 00:00:00-04:00,22.305294570125902,22.305294570125902,21.098344802856445,21.098344802856445,500,0.0,0.0,0.0
2022-05-06 00:00:00-04:00,20.26783619943938,20.578305399442407,20.025281905619213,20.03789520263672,2900,0.0,0.0,0.0
2022-05-09 00:00:00-04:00,19.22000279888772,19.22000279888772,18.220680236816406,18.220680236816406,2700,0.0,0.0,0.0
2022-05-10 00:00:00-04:00,18.97744929128306,19.39464301365091,18.599065147992494,19.065738677978516,3900,0.0,0.0,0.0
2022-05-11 00:00:00-04:00,18.73489514146432,18.84356085352835,17.265016555786133,17.265016555786133,5300,0.0,0.0,0.0
2022-05-12 00:00:00-04:00,17.269865303625018,17.842293595818234,17.269865303625018,17.803485870361328,18900,0.0,0.0,0.0
2022-05-13 00:00:00-04:00,18.812510801237696,19.16178958328379,18.812510801237696,18.987150192260742,1800,0.0,0.0,0.0
2022-05-16 00:00:00-04:00,18.686383380244628,19.190896765301776,18.49233920120959,18.987150192260742,3400,0.0,0.0,0.0
2022-05-17 00:00:00-04:00,19.65660179507904,19.899156108665096,19.65660179507904,19.897214889526367,6400,0.0,0.0,0.0
2022-05-18 00:00:00-04:00,19.307321386009228,19.35874240767077,18.599063293357197,18.71063804626465,4300,0.0,0.0,0.0
2022-05-19 00:00:00-04:00,18.560253826562043,19.14238450427536,18.560253826562043,18.977447509765625,17600,0.0,0.0,0.0
2022-05-20 00:00:00-04:00,19.258812996184965,19.394642820517678,18.5554051120258,19.217092514038086,7400,0.0,0.0,0.0
2022-05-23 00:00:00-04:00,19.07447104771929,19.268515238554446,19.000734329223633,19.000734329223633,1800,0.0,0.0,0.0
2022-05-24 00:00:00-04:00,18.143062926089527,18.477787203965132,18.143062926089527,18.313819885253906,900,0.0,0.0,0.0
2022-05-25 00:00:00-04:00,18.189632415771484,18.189632415771484,18.189632415771484,18.189632415771484,400,0.0,0.0,0.0
2022-05-26 00:00:00-04:00,18.3953187121891,18.46808574829399,18.267250061035156,18.267250061035156,900,0.0,0.0,0.0
2022-05-27 00:00:00-04:00,18.1818709797688,19.13268343733535,18.1818709797688,19.11425018310547,4200,0.0,0.0,0.0
2022-05-31 00:00:00-04:00,18.81251225729379,18.822214652050732,18.773704528808594,18.773704528808594,400,0.0,0.0,0.0
2022-06-01 00:00:00-04:00,18.81251088840975,18.822213282460705,18.30702781677246,18.30702781677246,1300,0.0,0.0,0.0
2022-06-02 00:00:00-04:00,18.278892999334715,18.715491498738622,18.220680482928373,18.703847885131836,3600,0.0,0.0,0.0
2022-06-03 00:00:00-04:00,19.646897920710323,19.712873458862305,19.336428718790824,19.712873458862305,800,0.0,0.0,0.0
2022-06-06 00:00:00-04:00,19.724516069879623,19.724516069879623,19.113280033618672,19.150148391723633,4100,0.0,0.0,0.0
2022-06-07 00:00:00-04:00,19.016257862631303,20.37165069580078,19.016257862631303,20.37165069580078,1400,0.0,0.0,0.0
2022-06-08 00:00:00-04:00,20.161113218486268,21.0343082909698,20.161113218486268,20.564722061157227,15800,0.0,0.0,0.0
2022-06-09 00:00:00-04:00,20.233881270094546,20.272690850206796,19.938936233520508,19.938936233520508,1800,0.0,0.0,0.0
2022-06-10 00:00:00-04:00,19.782728062159507,19.782728062159507,18.72034089723685,18.83094596862793,12700,0.0,0.0,0.0
2022-06-13 00:00:00-04:00,17.60071198575374,17.808337309221866,17.425101048552612,17.69870376586914,5500,0.0,0.0,0.0
2022-06-14 00:00:00-04:00,18.02663572733586,18.02663572733586,17.541527121271344,17.881103515625,2400,0.0,0.0,0.0
2022-06-15 00:00:00-04:00,18.084850220565407,18.308001610182238,18.084850220565407,18.278894424438477,6100,0.0,0.0,0.0
2022-06-16 00:00:00-04:00,17.677357061745905,17.78408154799598,17.24076042357669,17.754974365234375,7800,0.0,0.0,0.0
2022-06-17 00:00:00-04:00,18.51174477017222,19.307322606802348,18.4923399813416,19.079322814941406,2200,0.0,0.0,0.0
2022-06-21 00:00:00-04:00,19.957368847354765,20.490989453494254,19.850644356018353,19.982595443725586,4800,0.0,0.0,0.0
2022-06-22 00:00:00-04:00,19.608088829422957,20.558903096959902,19.608088829422957,20.374561309814453,5600,0.0,0.0,0.0
2022-06-23 00:00:00-04:00,20.820861571212717,21.53882397415477,20.646224018366276,21.47090721130371,7900,0.0,0.0,0.0
2022-06-24 00:00:00-04:00,21.849293233305712,21.849293233305712,20.96445445179331,21.7076416015625,1700,0.0,0.0,0.0
2022-06-27 00:00:00-04:00,21.78137815866609,21.78137815866609,21.47090708198746,21.597036361694336,1900,0.0,0.0,0.0
2022-06-28 00:00:00-04:00,21.567930339885258,21.567930339885258,20.81989288330078,20.81989288330078,1700,0.0,0.0,0.0
2022-06-29 00:00:00-04:00,20.762649276832747,20.989681243896484,20.69473436379405,20.989681243896484,2400,0.0,0.0,0.0
2022-06-30 00:00:00-04:00,20.694732941328937,21.17013915046505,20.665625758937658,20.953781127929688,1900,0.0,0.0,0.0
2022-07-01 00:00:00-04:00,21.32537371874759,21.676591873168945,21.32537371874759,21.676591873168945,900,0.0,0.0,0.0
2022-07-05 00:00:00-04:00,21.373884766685695,23.10087013244629,21.344777585600983,23.10087013244629,5400,0.0,0.0,0.0
2022-07-06 00:00:00-04:00,23.78972798897131,23.798458848911093,23.129979946942736,23.33663558959961,2100,0.0,0.0,0.0
2022-07-07 00:00:00-04:00,23.998324285897567,24.48828318321456,23.993472163340712,24.2263240814209,5300,0.0,0.0,0.0
2022-07-08 00:00:00-04:00,24.323346771712917,24.59500827472452,24.139004971435664,24.575603485107422,6600,0.0,0.0,0.0
2022-07-11 00:00:00-04:00,24.565901082566565,24.565901082566565,23.21826934814453,23.21826934814453,8400,0.0,0.0,0.0
2022-07-12 00:00:00-04:00,23.29491578679488,23.572397232055664,22.450825987078677,23.572397232055664,1900,0.0,0.0,0.0
2022-07-13 00:00:00-04:00,22.790403217778067,24.216621923935637,22.790403217778067,24.16811180114746,5000,0.0,0.0,0.0
2022-07-14 00:00:00-04:00,23.68300194941635,23.76061925219911,23.576277464136634,23.73151206970215,2000,0.0,0.0,0.0
2022-07-15 00:00:00-04:00,23.81883106734095,23.83823585510254,23.285212357694093,23.83823585510254,2900,0.0,0.0,0.0
2022-07-18 00:00:00-04:00,24.28453777044045,24.488282499115392,23.071766241063447,23.149383544921875,7100,0.0,0.0,0.0
2022-07-19 00:00:00-04:00,23.256105880229985,24.439772061933812,23.256105880229985,24.34857177734375,4500,0.0,0.0,0.0
2022-07-20 00:00:00-04:00,24.82106972587332,25.32267226975181,24.82106972587332,25.125717163085938,1500,0.0,0.0,0.0
2022-07-21 00:00:00-04:00,24.944284439086914,24.963689228084757,24.934583895130523,24.944284439086914,1600,0.0,0.0,0.0
2022-07-22 00:00:00-04:00,24.148706708871067,24.148706708871067,23.692705268538017,23.710168838500977,1800,0.0,0.0,0.0
2022-07-25 00:00:00-04:00,23.488956681875504,23.576276374789288,23.178487485089775,23.549110412597656,2700,0.0,0.0,0.0
2022-07-26 00:00:00-04:00,23.391937918907228,24.080791261338693,23.391937918907228,23.809131622314453,1100,0.0,0.0,0.0
2022-07-27 00:00:00-04:00,23.770323815019733,24.333049774169922,23.770323815019733,24.333049774169922,2500,0.0,0.0,0.0
2022-07-28 00:00:00-04:00,23.857641328480124,23.993471145629883,23.857641328480124,23.993471145629883,3200,0.0,0.0,0.0
2022-07-29 00:00:00-04:00,23.46955555222958,23.49478029740319,23.21729884778084,23.2949161529541,5000,0.0,0.0,0.0
2022-08-01 00:00:00-04:00,22.83891197141617,23.22699845063916,22.53038215637207,22.53038215637207,2100,0.0,0.0,0.0
2022-08-02 00:00:00-04:00,22.36350727012699,23.285214414241068,22.36350727012699,23.120277404785156,3400,0.0,0.0,0.0
2022-08-03 00:00:00-04:00,24.565899378155173,24.565899378155173,24.109897957190363,24.174901962280273,1600,0.0,0.0,0.0
2022-08-04 00:00:00-04:00,24.65321901778516,25.30326461880824,24.624111835455484,25.290651321411133,1300,0.0,0.0,0.0
2022-08-05 00:00:00-04:00,25.041306021961077,26.438419342041016,25.041306021961077,26.438419342041016,3600,0.0,0.0,0.0
2022-08-08 00:00:00-04:00,26.564548123056053,27.078763943990836,26.46849756049762,26.748889923095703,5900,0.0,0.0,0.0
2022-08-09 00:00:00-04:00,26.098843135373674,26.27348253298415,25.931966763586285,26.168699264526367,1900,0.0,0.0,0.0
2022-08-10 00:00:00-04:00,26.66156867912562,27.430952072143555,26.66156867912562,27.430952072143555,2200,0.0,0.0,0.0
2022-08-11 00:00:00-04:00,27.58327487520634,27.602679663043254,26.302588486648816,26.467525482177734,2400,0.0,0.0,0.0
2022-08-12 00:00:00-04:00,27.07876320314759,27.835533321651358,26.952635775334898,27.777318954467773,8000,0.0,0.0,0.0
2022-08-15 00:00:00-04:00,27.884043060587086,28.213917067924214,27.7870209671569,28.21100616455078,2200,0.0,0.0,0.0
2022-08-16 00:00:00-04:00,27.971365012454115,27.971365012454115,27.331021735000682,27.379531860351562,4900,0.0,0.0,0.0
2022-08-17 00:00:00-04:00,26.93323081232376,27.243700033127546,26.52088737487793,26.52088737487793,1100,0.0,0.0,0.0
2022-08-18 00:00:00-04:00,26.35110097141546,26.467527858346948,25.836885150827154,26.419015884399414,4700,0.0,0.0,0.0
2022-08-19 00:00:00-04:00,25.70299379680782,25.79807466482278,25.70299379680782,25.742773056030273,2100,0.0,0.0,0.0
2022-08-22 00:00:00-04:00,25.565222832130274,25.565222832130274,25.148029152412775,25.27415657043457,1700,0.0,0.0,0.0
2022-08-23 00:00:00-04:00,25.42939280765301,25.8689022064209,25.42939280765301,25.8689022064209,800,0.0,0.0,0.0
2022-08-24 00:00:00-04:00,26.09884417854591,26.729485033590752,25.963014352994197,26.613059997558594,17000,0.0,0.0,0.0
2022-08-25 00:00:00-04:00,26.467527265489114,26.58395229927016,26.205568163667945,26.555816650390625,7300,0.0,0.0,0.0
2022-08-26 00:00:00-04:00,26.166758009056053,26.166758009056053,25.128625869750977,25.128625869750977,1100,0.0,0.0,0.0
2022-08-29 00:00:00-04:00,24.721133834671775,25.22564722326731,24.721133834671775,24.79972267150879,1000,0.0,0.0,0.0
2022-08-30 00:00:00-04:00,24.236027227511865,24.236027227511865,24.13027426932933,24.22535514831543,700,0.0,0.0,0.0
2022-08-31 00:00:00-04:00,24.662923476436585,24.662923476436585,24.43104123426387,24.58530616760254,2900,0.0,0.0,0.0
2022-09-01 00:00:00-04:00,24.65321919248587,25.17713737487793,24.65321919248587,25.17713737487793,400,0.0,0.0,0.0
2022-09-02 00:00:00-04:00,25.565223553455258,25.565223553455258,24.824947357177734,24.824947357177734,1900,0.0,0.0,0.0
2022-09-06 00:00:00-04:00,24.722106306338073,24.722106306338073,23.93720054626465,23.93720054626465,200,0.0,0.0,0.0
2022-09-07 00:00:00-04:00,23.906152102768942,25.13347816467285,23.906152102768942,25.13347816467285,700,0.0,0.0,0.0
2022-09-08 00:00:00-04:00,25.2256491400483,25.972716885633798,25.2256491400483,25.932937622070312,4700,0.0,0.0,0.0
2022-09-09 00:00:00-04:00,26.001820712149428,26.207506658813887,25.94748878479004,25.94748878479004,2100,0.0,0.0,0.0
2022-09-12 00:00:00-04:00,26.195863545492458,26.58395004272461,26.195863545492458,26.58395004272461,1900,0.0,0.0,0.0
2022-09-13 00:00:00-04:00,25.633140662207534,25.768970489501953,25.633140662207534,25.768970489501953,1800,0.0,0.0,0.0
2022-09-14 00:00:00-04:00,25.681649614171356,26.186163021875064,25.681649614171356,26.004732131958008,4300,0.0,0.0,0.0
2022-09-15 00:00:00-04:00,26.001822093406123,26.370505692276268,25.98241915442026,26.02122688293457,1600,0.0,0.0,0.0
2022-09-16 00:00:00-04:00,25.681650550473822,25.681650550473822,24.789050585279636,24.850175857543945,900,0.0,0.0,0.0
2022-09-19 00:00:00-04:00,24.182664343362706,24.25640106201172,23.896450179083992,24.25640106201172,1100,0.0,0.0,0.0
2022-09-20 00:00:00-04:00,24.294239798172494,24.468877341312037,24.01287591934204,24.255430221557617,13300,0.0,0.0,0.0
2022-09-21 00:00:00-04:00,24.42036884660124,24.42036884660124,23.30461935224943,23.33663558959961,4200,0.0,0.0,0.0
2022-09-22 00:00:00-04:00,22.7515948653522,23.07176647837931,22.732190076552374,23.06594467163086,1400,0.0,0.0,0.0
2022-09-23 00:00:00-04:00,22.770998212379578,22.770998212379578,22.09184724707654,22.382911682128906,5900,0.0,0.0,0.0
2022-09-26 00:00:00-04:00,22.32469900106801,23.09116966135922,22.28491973876953,22.28491973876953,5700,0.0,0.0,0.0
2022-09-27 00:00:00-04:00,22.949518101999498,23.03295721454138,22.5284438021283,22.801074981689453,3300,0.0,0.0,0.0
2022-09-28 00:00:00-04:00,23.304618197069207,24.352452726426947,23.304618197069207,24.1516170501709,6200,0.0,0.0,0.0
2022-09-29 00:00:00-04:00,23.780025234852364,23.780025234852364,23.389997482299805,23.389997482299805,2400,0.0,0.0,0.0
2022-09-30 00:00:00-04:00,23.508363574820663,24.49701593182091,23.508363574820663,23.845998764038086,700,0.0,0.0,0.0
2022-10-03 00:00:00-04:00,24.177811887119272,24.177811887119272,23.50836152342016,23.785844802856445,2100,0.0,0.0,0.0
2022-10-04 00:00:00-04:00,24.391261342400043,25.089818954467773,24.391261342400043,25.089818954467773,2300,0.0,0.0,0.0
2022-10-05 00:00:00-04:00,24.643515611175264,25.109219406061477,24.643515611175264,25.083024978637695,600,0.0,0.0,0.0
2022-10-06 00:00:00-04:00,25.17713691224085,25.264456607701668,25.17713691224085,25.187808990478516,700,0.0,0.0,0.0
2022-10-07 00:00:00-04:00,24.671655432236783,24.671655432236783,23.925557385275134,24.03228187561035,2100,0.0,0.0,0.0
2022-10-10 00:00:00-04:00,24.041985079979508,24.041985079979508,23.55687643563358,23.613147735595703,1600,0.0,0.0,0.0
2022-10-11 00:00:00-04:00,23.663598073862758,24.139004303062837,23.246404361359566,23.828535079956055,5600,0.0,0.0,0.0
2022-10-12 00:00:00-04:00,23.789726766484176,23.96436616281664,23.421043185217307,23.952722549438477,1700,0.0,0.0,0.0
2022-10-13 00:00:00-04:00,23.24640526594083,24.24281883239746,23.023255734467288,24.24281883239746,3400,0.0,0.0,0.0
2022-10-14 00:00:00-04:00,24.25542960642882,24.25542960642882,23.55105209350586,23.55105209350586,1900,0.0,0.0,0.0
2022-10-17 00:00:00-04:00,23.818831683944293,24.284537349566236,23.57627738227259,24.187515258789062,14500,0.0,0.0,0.0
2022-10-18 00:00:00-04:00,24.740539237932808,24.740539237932808,24.1972181100752,24.269983291625977,3300,0.0,0.0,0.0
2022-10-19 00:00:00-04:00,23.828535332519074,23.828535332519074,23.003850293311604,23.072736740112305,2100,0.0,0.0,0.0
2022-10-20 00:00:00-04:00,23.663598195747664,23.679122397199983,23.17363929748535,23.17363929748535,1400,0.0,0.0,0.0
2022-10-21 00:00:00-04:00,22.984447106770734,23.866374969482422,22.984447106770734,23.866374969482422,2500,0.0,0.0,0.0
2022-10-24 00:00:00-04:00,23.72569216663449,23.812040328979492,23.72569216663449,23.812040328979492,200,0.0,0.0,0.0
2022-10-25 00:00:00-04:00,24.439771537061848,24.46887686841804,24.42230796813965,24.42230796813965,800,0.0,0.0,0.0
2022-10-26 00:00:00-04:00,24.410664230862263,24.74053822186384,24.410664230862263,24.734716415405273,400,0.0,0.0,0.0
2022-10-27 00:00:00-04:00,24.624113346463226,24.624113346463226,24.303941723359962,24.32916831970215,1100,0.0,0.0,0.0
2022-10-28 00:00:00-04:00,24.62411294602831,25.44782829284668,24.62411294602831,25.44782829284668,400,0.0,0.0,0.0
2022-10-31 00:00:00-04:00,25.186839604762085,25.40999098472589,25.104372024536133,25.104372024536133,1900,0.0,0.0,0.0
2022-11-01 00:00:00-04:00,25.60403049549425,25.807777063248448,25.45558738708496,25.45558738708496,2300,0.0,0.0,0.0
2022-11-02 00:00:00-04:00,25.05294887949937,25.215944657531793,24.682325940889275,24.689117431640625,1500,0.0,0.0,0.0
2022-11-03 00:00:00-04:00,24.391259045030242,24.692027699916117,24.16810954021225,24.614410400390625,6000,0.0,0.0,0.0
2022-11-04 00:00:00-04:00,24.255429988011713,24.39611192607237,23.590831724492077,24.313642501831055,45600,0.0,0.0,0.0
2022-11-07 00:00:00-05:00,24.333049198183375,24.37185877746807,23.85279083251953,23.85279083251953,6600,0.0,0.0,0.0
2022-11-08 00:00:00-05:00,24.052655833236972,24.052655833236972,23.702407352111106,23.975038528442383,2000,0.0,0.0,0.0
2022-11-09 00:00:00-05:00,23.459851356911837,23.498659081248203,22.944665908813477,22.944665908813477,1100,0.0,0.0,0.0
2022-11-10 00:00:00-05:00,24.38155805714013,24.980182647705078,24.105046295977683,24.980182647705078,1700,0.0,0.0,0.0
2022-11-11 00:00:00-05:00,25.089820143818873,25.68165144254591,24.798753841478835,25.619558334350586,4100,0.0,0.0,0.0
2022-11-14 00:00:00-05:00,25.337224001682486,25.885397282094317,25.337224001682486,25.607913970947266,3200,0.0,0.0,0.0
2022-11-15 00:00:00-05:00,26.001822495996876,26.050334470569112,25.60015296936035,25.60015296936035,1500,0.0,0.0,0.0
2022-11-16 00:00:00-05:00,24.9636881348955,24.9636881348955,24.67262371484401,24.79972267150879,2100,0.0,0.0,0.0
2022-11-17 00:00:00-05:00,24.16811180275976,24.294241082885534,23.944962277051168,24.155498504638672,1300,0.0,0.0,0.0
2022-11-18 00:00:00-05:00,24.43007264953655,24.43007264953655,24.051688483257262,24.213714599609375,4000,0.0,0.0,0.0
2022-11-21 00:00:00-05:00,24.109898957396105,24.134154018461928,23.91585476778442,23.959514617919922,1100,0.0,0.0,0.0
2022-11-22 00:00:00-05:00,23.86734245732238,24.199155807495117,23.77032037141222,24.199155807495117,1100,0.0,0.0,0.0
2022-11-23 00:00:00-05:00,24.470818560359767,24.470818560359767,24.255430221557617,24.255430221557617,600,0.0,0.0,0.0
2022-11-25 00:00:00-05:00,24.255431098966113,24.255431098966113,24.140945434570312,24.140945434570312,400,0.0,0.0,0.0
2022-11-28 00:00:00-05:00,23.915854802703976,24.20692108754649,23.51612651032322,23.5918025970459,1000,0.0,0.0,0.0
2022-11-29 00:00:00-05:00,23.673300017142026,23.799429293213965,23.673300017142026,23.720840454101562,800,0.0,0.0,0.0
2022-11-30 00:00:00-05:00,23.79943022434669,24.701730728149414,23.79943022434669,24.701730728149414,1900,0.0,0.0,0.0
2022-12-01 00:00:00-05:00,24.197219305254855,24.459176562536065,24.10019720785242,24.38932228088379,2400,0.0,0.0,0.0
2022-12-02 00:00:00-05:00,23.82853451576747,25.2547550201416,23.82853451576747,25.2547550201416,1500,0.0,0.0,0.0
2022-12-05 00:00:00-05:00,24.89771428887612,24.89771428887612,24.31364238288371,24.401931762695312,2100,0.0,0.0,0.0
2022-12-06 00:00:00-05:00,23.566578267730875,23.566578267730875,23.4695561710704,23.48798942565918,900,0.0,0.0,0.0
2022-12-07 00:00:00-05:00,23.780024617896046,23.780024617896046,23.750917434692383,23.750917434692383,1000,0.0,0.0,0.0
2022-12-08 00:00:00-05:00,24.007054361109994,24.007054361109994,23.93525886428066,23.947872161865234,300,0.0,0.0,0.0
2022-12-09 00:00:00-05:00,23.48895720992085,23.48895720992085,23.25125503540039,23.25125503540039,1100,0.0,0.0,0.0
2022-12-12 00:00:00-05:00,23.18819276618894,23.663599014282227,22.89712832059472,23.663599014282227,5600,0.0,0.0,0.0
2022-12-13 00:00:00-05:00,24.187517364769022,24.187517364769022,23.498662125761452,24.010936737060547,1100,0.0,0.0,0.0
2022-12-14 00:00:00-05:00,24.131242286194233,24.17975425720215,24.131242286194233,24.17975425720215,900,0.0,0.0,0.0
2022-12-15 00:00:00-05:00,23.5937442327307,23.5937442327307,23.48798942565918,23.48798942565918,800,0.0,0.0,0.0
2022-12-16 00:00:00-05:00,23.26580877530261,23.56463623046875,22.99414913473567,23.56463623046875,900,0.0,0.0,0.0
2022-12-19 00:00:00-05:00,23.143561456689497,23.143561456689497,22.99414865747883,23.02131462097168,1900,0.0,0.0,0.0
2022-12-20 00:00:00-05:00,22.82921304961644,23.374473571777344,22.82921304961644,23.374473571777344,800,0.0,0.0,0.0
2022-12-21 00:00:00-05:00,24.1098992470465,24.12445191375232,23.770322836417733,23.96921730041504,1200,0.0,0.0,0.0
2022-12-22 00:00:00-05:00,23.585981322253122,23.978919982910156,23.382236583755642,23.978919982910156,4900,0.0,0.0,0.0
2022-12-23 00:00:00-05:00,23.305587768554688,23.305587768554688,23.305587768554688,23.305587768554688,100,0.0,0.0,0.0
2022-12-27 00:00:00-05:00,22.790401879017132,22.800104273113337,22.46246910095215,22.46246910095215,600,0.0,0.0,0.0
2022-12-28 00:00:00-05:00,22.663303659484537,22.710845947265625,22.6477813088595,22.710845947265625,1500,0.0,0.0,0.0
2022-12-29 00:00:00-05:00,24.05653688577196,24.069150183812233,23.964366912841797,23.964366912841797,4500,0.0,0.0,0.0
2022-12-30 00:00:00-05:00,23.770321334438815,24.2457275390625,23.624789124948702,24.2457275390625,6100,0.0,0.0,0.0
2023-01-03 00:00:00-05:00,23.933318814003528,23.933318814003528,23.65389613768431,23.830476760864258,800,0.0,0.0,0.0
2023-01-04 00:00:00-05:00,24.39417266845703,24.39417266845703,24.39417266845703,24.39417266845703,100,0.0,0.0,0.0
2023-01-05 00:00:00-05:00,24.10019623096632,24.109898625367542,23.750917434692383,23.750917434692383,9500,0.0,0.0,0.0
2023-01-06 00:00:00-05:00,23.85764269940326,24.32334654257084,23.85764269940326,24.067209243774414,1700,0.0,0.0,0.0
2023-01-09 00:00:00-05:00,24.236025509352853,24.274835086089592,23.906151509260447,23.94301986694336,4000,0.0,0.0,0.0
2023-01-10 00:00:00-05:00,24.284538928925762,24.57075309753418,24.23893785859409,24.57075309753418,1200,0.0,0.0,0.0
2023-01-11 00:00:00-05:00,24.52709321741087,24.820098876953125,24.52709321741087,24.820098876953125,1800,0.0,0.0,0.0
2023-01-12 00:00:00-05:00,24.866665705995892,26.286094665527344,24.866665705995892,26.286094665527344,9800,0.0,0.0,0.0
2023-01-13 00:00:00-05:00,26.254078858359396,26.875019170718275,26.04063172474569,26.54999542236328,1900,0.0,0.0,0.0
2023-01-17 00:00:00-05:00,26.195865054728465,26.2628102800711,26.17646026611328,26.17646026611328,2000,0.0,0.0,0.0
2023-01-18 00:00:00-05:00,26.457824829002757,26.807101780335117,25.67194752478423,25.790315628051758,4500,0.0,0.0,0.0
2023-01-19 00:00:00-05:00,25.487607707255062,25.664186477661133,25.487607707255062,25.664186477661133,1000,0.0,0.0,0.0
2023-01-20 00:00:00-05:00,25.720459859432708,26.17258071899414,25.720459859432708,26.17258071899414,2700,0.0,0.0,0.0
2023-01-23 00:00:00-05:00,26.438419580053278,26.525739279003275,26.26378018215328,26.35498046875,3800,0.0,0.0,0.0
2023-01-24 00:00:00-05:00,26.3899119922465,26.797403342953956,26.3899119922465,26.759563446044922,5500,0.0,0.0,0.0
2023-01-25 00:00:00-05:00,26.0988440799894,26.690677204302794,26.0988440799894,26.477230072021484,4400,0.0,0.0,0.0
2023-01-26 00:00:00-05:00,26.651866465029165,26.651866465029165,26.438419342041016,26.438419342041016,600,0.0,0.0,0.0
2023-01-27 00:00:00-05:00,26.972038733715667,27.038014276355298,26.67127190521581,26.948753356933594,4000,0.0,0.0,0.0
2023-01-30 00:00:00-05:00,26.603354893144772,26.748887098633247,26.27153968811035,26.27153968811035,500,0.0,0.0,0.0
2023-01-31 00:00:00-05:00,26.811952590942383,26.811952590942383,26.811952590942383,26.811952590942383,100,0.0,0.0,0.0
2023-02-01 00:00:00-05:00,26.913825914440576,27.224295133987578,26.632463878179546,27.10787010192871,2600,0.0,0.0,0.0
2023-02-02 00:00:00-05:00,27.525064223252418,27.884043569794382,27.418339733476,27.676416397094727,2500,0.0,0.0,0.0
2023-02-03 00:00:00-05:00,27.670596475680032,27.670596475680032,27.321317672729492,27.321317672729492,3000,0.0,0.0,0.0
2023-02-06 00:00:00-05:00,27.224296650954436,27.224296650954436,26.981742328350137,27.055479049682617,600,0.0,0.0,0.0
2023-02-07 00:00:00-05:00,26.71007947587513,27.062267303466797,26.516035300789444,27.062267303466797,2100,0.0,0.0,0.0
2023-02-08 00:00:00-05:00,26.574251029634077,26.574251029634077,26.370506286621094,26.370506286621094,1000,0.0,0.0,0.0
2023-02-09 00:00:00-05:00,26.28318383146698,26.28318383146698,25.973684310913086,25.973684310913086,600,0.0,0.0,0.0
2023-02-10 00:00:00-05:00,25.90480053967619,25.90480053967619,25.778671264648438,25.778671264648438,300,0.0,0.0,0.0
2023-02-13 00:00:00-05:00,25.419692347839273,25.73986396200518,25.40998995340485,25.54387855529785,7800,0.0,0.0,0.0
2023-02-14 00:00:00-05:00,25.895097514759506,25.895097514759506,25.439094247669534,25.58559799194336,6700,0.0,0.0,0.0
2023-02-15 00:00:00-05:00,25.33237178871607,25.539997100830078,25.206242515891784,25.539997100830078,5300,0.0,0.0,0.0
2023-02-16 00:00:00-05:00,25.18101831556391,25.323639625850852,25.098548889160156,25.098548889160156,2500,0.0,0.0,0.0
2023-02-17 00:00:00-05:00,25.5293258656961,25.818450927734375,25.521564690372628,25.818450927734375,400,0.0,0.0,0.0
2023-02-21 00:00:00-05:00,25.390584297648914,25.390584297648914,24.474699020385742,24.474699020385742,1900,0.0,0.0,0.0
2023-02-22 00:00:00-05:00,24.701730728149414,24.825918789992116,24.583364473255962,24.701730728149414,1200,0.0,0.0,0.0
2023-02-23 00:00:00-05:00,24.682327558359123,24.69202995300293,24.682327558359123,24.69202995300293,100,0.0,0.0,0.0
2023-02-24 00:00:00-05:00,24.05459491264396,24.05459491264396,23.965335845947266,23.965335845947266,300,0.0,0.0,0.0
2023-02-27 00:00:00-05:00,24.080791998194055,24.10019678744456,24.022579480985097,24.03228187561035,4600,0.0,0.0,0.0
2023-02-28 00:00:00-05:00,24.00317369695776,24.247669219970703,24.00317369695776,24.247669219970703,1400,0.0,0.0,0.0
2023-03-01 00:00:00-05:00,24.444620941497412,24.604707660446433,24.444620941497412,24.511566162109375,400,0.0,0.0,0.0
2023-03-02 00:00:00-05:00,24.0807915146536,24.279685974121094,24.0807915146536,24.279685974121094,300,0.0,0.0,0.0
2023-03-03 00:00:00-05:00,23.99347270178308,24.75994523522231,23.99347270178308,24.507688522338867,33200,0.0,0.0,0.0
2023-03-06 00:00:00-05:00,24.50768876512228,24.50768876512228,23.976009368896484,23.976009368896484,500,0.0,0.0,0.0
2023-03-07 00:00:00-05:00,24.03228136270809,24.0710890898383,23.949811935424805,23.949811935424805,900,0.0,0.0,0.0
2023-03-08 00:00:00-05:00,23.65389361445354,23.750915700840494,23.65389361445354,23.730541229248047,600,0.0,0.0,0.0
2023-03-09 00:00:00-05:00,22.994148436001886,22.994148436001886,22.830181121826172,22.830181121826172,700,0.0,0.0,0.0
2023-03-10 00:00:00-05:00,21.829888590934214,21.936613082885742,21.335077560807928,21.936613082885742,2300,0.0,0.0,0.0
2023-03-13 00:00:00-04:00,21.305970310774356,22.528444290161133,21.305970310774356,22.528444290161133,2800,0.0,0.0,0.0
2023-03-14 00:00:00-04:00,22.92914188575008,22.92914188575008,22.697259670524033,22.768085479736328,800,0.0,0.0,0.0
2023-03-15 00:00:00-04:00,22.35380617398936,22.40328598022461,22.35380617398936,22.40328598022461,400,0.0,0.0,0.0
2023-03-16 00:00:00-04:00,22.426570892333984,22.426570892333984,22.426570892333984,22.426570892333984,0,0.0,0.0,0.0
2023-03-17 00:00:00-04:00,22.043335777854708,22.043335777854708,21.810483854384078,21.97930145263672,4300,0.0,0.0,0.0
2023-03-20 00:00:00-04:00,21.89780297890301,21.99773597717285,21.89780297890301,21.99773597717285,2000,0.0,0.0,0.0
2023-03-21 00:00:00-04:00,21.94631421129313,21.94631421129313,21.855112075805664,21.855112075805664,900,0.0,0.0,0.0
2023-03-22 00:00:00-04:00,21.42239608717779,21.4243373062427,20.88295555114746,20.88295555114746,1100,0.0,0.0,0.0
2023-03-23 00:00:00-04:00,21.135214244452474,21.135214244452474,20.84511947631836,20.84511947631836,500,0.0,0.0,0.0
2023-03-24 00:00:00-04:00,20.60741205012301,20.716075897216797,20.452177454119784,20.716075897216797,1700,0.0,0.0,0.0
2023-03-27 00:00:00-04:00,20.946990951594227,21.077970504760742,20.946990951594227,21.077970504760742,200,0.0,0.0,0.0
2023-03-28 00:00:00-04:00,20.976098749999995,20.976098749999995,20.810190200805664,20.810190200805664,200,0.0,0.0,0.0
2023-03-29 00:00:00-04:00,21.238055411176877,21.441801999804547,21.18954528797831,21.40784454345703,20800,0.0,0.0,0.0
2023-03-30 00:00:00-04:00,21.238053121673143,21.238053121673143,20.840264232591036,20.97512435913086,800,0.0,0.0,0.0
2023-03-31 00:00:00-04:00,21.364184418694954,21.364184418694954,21.267162322998047,21.267162322998047,500,0.0,0.0,0.0
2023-04-03 00:00:00-04:00,21.806602966505185,21.806602966505185,21.5591983795166,21.5591983795166,600,0.0,0.0,0.0
2023-04-04 00:00:00-04:00,21.451503209445445,21.451503209445445,20.68503072156295,20.908180236816406,2200,0.0,0.0,0.0
2023-04-05 00:00:00-04:00,20.62681903480882,20.67532915727464,20.568606517741326,20.60741424560547,1800,0.0,0.0,0.0
2023-04-06 00:00:00-04:00,20.86937272856473,21.086700439453125,20.840265545623968,21.086700439453125,600,0.0,0.0,0.0
2023-04-10 00:00:00-04:00,21.218650478795247,21.218650478795247,20.617115014715477,20.879074096679688,1400,0.0,0.0,0.0
2023-04-11 00:00:00-04:00,21.11192686413009,21.11192686413009,21.026548385620117,21.026548385620117,400,0.0,0.0,0.0
2023-04-12 00:00:00-04:00,21.04401309484398,21.1410351919082,20.68503189086914,20.68503189086914,1800,0.0,0.0,0.0
2023-04-13 00:00:00-04:00,21.985122226275358,22.043334741771258,21.87742805480957,21.87742805480957,5900,0.0,0.0,0.0
2023-04-14 00:00:00-04:00,21.677564546346755,21.677564546346755,21.218652198868746,21.279775619506836,10800,0.0,0.0,0.0
2023-04-17 00:00:00-04:00,22.509042063072002,22.7894344329834,22.509042063072002,22.7894344329834,1900,0.0,0.0,0.0
2023-04-18 00:00:00-04:00,22.547849350697767,22.669126510620117,22.528444560979967,22.669126510620117,700,0.0,0.0,0.0
2023-04-19 00:00:00-04:00,22.625465710601247,23.062064208237192,22.625465710601247,22.965042114257812,1300,0.0,0.0,0.0
2023-04-20 00:00:00-04:00,22.589569091796875,22.589569091796875,22.589569091796875,22.589569091796875,100,0.0,0.0,0.0
2023-04-21 00:00:00-04:00,23.100871513432562,23.18722152709961,23.100871513432562,23.18722152709961,2000,0.0,0.0,0.0
2023-04-24 00:00:00-04:00,23.013552602527525,23.013552602527525,22.63516846557796,22.78070068359375,800,0.0,0.0,0.0
2023-04-25 00:00:00-04:00,22.95533983652694,22.95533983652694,22.31014633178711,22.31014633178711,200,0.0,0.0,0.0
2023-04-26 00:00:00-04:00,22.285889142811907,22.32469872033484,22.169464111328125,22.169464111328125,1300,0.0,0.0,0.0
2023-04-27 00:00:00-04:00,22.15005915961214,22.15005915961214,22.033632278442383,22.033632278442383,500,0.0,0.0,0.0
2023-04-28 00:00:00-04:00,22.25678270365606,22.329547882080078,22.25678270365606,22.329547882080078,100,0.0,0.0,0.0
2023-05-01 00:00:00-04:00,22.92623288513568,23.131918839239844,22.92623288513568,22.936906814575195,500,0.0,0.0,0.0
2023-05-02 00:00:00-04:00,22.37320864671527,22.451797485351562,22.37320864671527,22.451797485351562,300,0.0,0.0,0.0
2023-05-03 00:00:00-04:00,22.974745674136923,23.32111358642578,22.963102059986646,23.32111358642578,500,0.0,0.0,0.0
2023-05-04 00:00:00-04:00,23.100871094626033,23.515153884887695,23.100871094626033,23.515153884887695,300,0.0,0.0,0.0
2023-05-05 00:00:00-04:00,24.119599774224614,24.216620012141647,24.119599774224614,24.180723190307617,500,0.0,0.0,0.0
2023-05-08 00:00:00-04:00,23.964365579574974,24.06429672241211,23.944960791445304,24.06429672241211,300,0.0,0.0,0.0
2023-05-09 00:00:00-04:00,24.537765391021658,24.537765391021658,24.49798612754997,24.507688522338867,600,0.0,0.0,0.0
2023-05-10 00:00:00-04:00,24.58530618536751,24.58530618536751,24.162290649063593,24.454326629638672,9000,0.0,0.0,0.0
2023-05-11 00:00:00-04:00,24.06138778677744,24.06138778677744,23.983770478454005,24.039073944091797,2800,0.0,0.0,0.0
2023-05-12 00:00:00-04:00,23.944961328820767,23.944961328820767,23.693674313366767,23.766441345214844,700,0.0,0.0,0.0
2023-05-15 00:00:00-04:00,24.265134615182994,24.633816370691736,24.265134615182994,24.429101943969727,1400,0.0,0.0,0.0
2023-05-16 00:00:00-04:00,23.595681791085358,23.799428363495146,23.595681791085358,23.767410278320312,600,0.0,0.0,0.0
2023-05-17 00:00:00-04:00,23.813982009887695,23.813982009887695,23.813982009887695,23.813982009887695,100,0.0,0.0,0.0
2023-05-18 00:00:00-04:00,23.712109790426304,23.712109790426304,23.451120376586914,23.451120376586914,500,0.0,0.0,0.0
2023-05-19 00:00:00-04:00,23.537470707891128,23.94496202692713,23.537470707891128,23.77808380126953,500,0.0,0.0,0.0
2023-05-22 00:00:00-04:00,24.362155041702724,24.48828246635048,24.362155041702724,24.451414108276367,1400,0.0,0.0,0.0
2023-05-23 00:00:00-04:00,24.71143429158601,24.71143429158601,24.622175216674805,24.622175216674805,1300,0.0,0.0,0.0
2023-05-24 00:00:00-04:00,24.17781360841537,24.279685974121094,24.164230626321274,24.279685974121094,1100,0.0,0.0,0.0
2023-05-25 00:00:00-04:00,23.95466297960435,23.95466297960435,23.39969825744629,23.39969825744629,1700,0.0,0.0,0.0
2023-05-26 00:00:00-04:00,23.518065641100417,23.675241470336914,23.459853124937556,23.675241470336914,600,0.0,0.0,0.0
2023-05-30 00:00:00-04:00,23.983768553108366,23.983768553108366,23.227000320341585,23.303646087646484,2100,0.0,0.0,0.0
2023-05-31 00:00:00-04:00,23.06206471972429,23.646134814576897,23.06206471972429,23.601505279541016,4900,0.0,0.0,0.0
2023-06-01 00:00:00-04:00,24.012876230289454,24.02257862456881,23.884807586669922,23.884807586669922,2000,0.0,0.0,0.0
2023-06-02 00:00:00-04:00,23.906151605268736,24.247669219970703,23.906151605268736,24.247669219970703,1900,0.0,0.0,0.0
2023-06-05 00:00:00-04:00,24.148706751341873,24.509627316533805,24.051686506812004,24.475669860839844,2200,0.0,0.0,0.0
2023-06-06 00:00:00-04:00,24.5435859464072,25.0306339263916,24.5435859464072,25.0306339263916,1000,0.0,0.0,0.0
2023-06-07 00:00:00-04:00,24.97339178087656,25.092729568481445,24.97339178087656,25.092729568481445,300,0.0,0.0,0.0
2023-06-08 00:00:00-04:00,25.046157379554806,25.046157379554806,24.711431263300458,24.92584991455078,1500,0.0,0.0,0.0
2023-06-09 00:00:00-04:00,24.992796149683528,24.992796149683528,24.565900048917023,24.59209632873535,600,0.0,0.0,0.0
2023-06-12 00:00:00-04:00,24.87636935938191,24.884132385253906,24.87636935938191,24.884132385253906,300,0.0,0.0,0.0
2023-06-13 00:00:00-04:00,25.730162950520533,25.730162950520533,25.64284324645996,25.64284324645996,1000,0.0,0.0,0.0
2023-06-14 00:00:00-04:00,25.487606472951907,25.487606472951907,24.953985898756923,25.12183380126953,500,0.0,0.0,0.0
2023-06-15 00:00:00-04:00,24.769647121796236,25.03548681182121,24.769647121796236,24.911298751831055,1700,0.0,0.0,0.0
2023-06-16 00:00:00-04:00,24.81815834193809,24.81815834193809,24.489253997802734,24.489253997802734,600,0.0,0.0,0.0
2023-06-20 00:00:00-04:00,24.255430539406547,24.711431967352095,24.041983416855068,24.688146591186523,5100,0.0,0.0,0.0
2023-06-21 00:00:00-04:00,24.381559033794687,24.381559033794687,24.30394172668457,24.30394172668457,500,0.0,0.0,0.0
2023-06-22 00:00:00-04:00,24.30200045924757,24.30200045924757,24.054594039916992,24.054594039916992,400,0.0,0.0,0.0
2023-06-23 00:00:00-04:00,23.867342342083575,23.867342342083575,23.540379265040954,23.670387268066406,2200,0.0,0.0,0.0
2023-06-26 00:00:00-04:00,23.595681761338675,23.595681761338675,22.96407127380371,22.96407127380371,2400,0.0,0.0,0.0
2023-06-27 00:00:00-04:00,22.803014291482338,22.965040380462103,22.803014291482338,22.944665908813477,2100,0.0,0.0,0.0
2023-06-28 00:00:00-04:00,23.324022638419333,23.363800048828125,23.324022638419333,23.363800048828125,400,0.0,0.0,0.0
2023-06-29 00:00:00-04:00,22.929144203789512,22.952429581142084,22.845706939697266,22.845706939697266,1100,0.0,0.0,0.0
2023-06-30 00:00:00-04:00,23.20759691973184,23.256107042486615,23.16005648128024,23.24640464782715,5100,0.0,0.0,0.0
2023-07-03 00:00:00-04:00,23.252225875854492,23.252225875854492,23.252225875854492,23.252225875854492,100,0.0,0.0,0.0
2023-07-05 00:00:00-04:00,23.34924930331773,23.34924930331773,23.25804901123047,23.25804901123047,600,0.0,0.0,0.0
2023-07-06 00:00:00-04:00,22.664276840290352,22.959221879553972,22.664276840290352,22.887426376342773,2300,0.0,0.0,0.0
2023-07-07 00:00:00-04:00,23.11057611416399,23.11057611416399,23.07855987548828,23.07855987548828,1200,0.0,0.0,0.0
2023-07-10 00:00:00-04:00,23.140651873229995,23.761590331959468,23.140651873229995,23.674270629882812,1900,0.0,0.0,0.0
2023-07-11 00:00:00-04:00,23.547172714500345,23.624790019202567,23.48895834806679,23.619937896728516,1000,0.0,0.0,0.0
2023-07-12 00:00:00-04:00,23.896450516405814,23.896450516405814,23.77032308570002,23.792638778686523,1200,0.0,0.0,0.0
2023-07-13 00:00:00-04:00,23.760620443345598,23.95660400390625,23.760620443345598,23.95660400390625,1100,0.0,0.0,0.0
2023-07-14 00:00:00-04:00,23.498660989501793,23.605385478542733,23.43074607849121,23.43074607849121,1400,0.0,0.0,0.0
2023-07-17 00:00:00-04:00,23.430744336882725,24.197216791127467,23.430744336882725,23.896448135375977,2200,0.0,0.0,0.0
2023-07-18 00:00:00-04:00,24.0904927742334,24.10019516820677,23.843088204810975,23.923616409301758,4300,0.0,0.0,0.0
2023-07-19 00:00:00-04:00,24.10116421159898,24.148704645424708,24.047801971435547,24.047801971435547,700,0.0,0.0,0.0
2023-07-20 00:00:00-04:00,23.67815040920214,23.789725160316557,23.518063689858167,23.56948471069336,1200,0.0,0.0,0.0
2023-07-21 00:00:00-04:00,23.498660800283893,23.76061989825181,23.411341100961256,23.60732650756836,1100,0.0,0.0,0.0
2023-07-24 00:00:00-04:00,23.333724307396547,23.353129096680703,23.085350036621094,23.085350036621094,900,0.0,0.0,0.0
2023-07-25 00:00:00-04:00,22.92526327763288,22.994149724359126,22.755475997924805,22.755475997924805,1900,0.0,0.0,0.0
2023-07-26 00:00:00-04:00,22.722488226283645,22.88160342705901,22.722488226283645,22.755475997924805,900,0.0,0.0,0.0
2023-07-27 00:00:00-04:00,22.619644265172752,22.63516846665276,22.15005983954872,22.201480865478516,1700,0.0,0.0,0.0
2023-07-28 00:00:00-04:00,22.95533856407365,23.01355107731344,22.95533856407365,22.96407127380371,1100,0.0,0.0,0.0
2023-07-31 00:00:00-04:00,23.215358541569483,23.36671257019043,23.207597365909724,23.36671257019043,600,0.0,0.0,0.0
2023-08-01 00:00:00-04:00,23.032956204315987,23.147441864013672,22.99705753117605,23.147441864013672,400,0.0,0.0,0.0
2023-08-02 00:00:00-04:00,22.606059906793444,22.732189178466797,22.586656969302688,22.732189178466797,300,0.0,0.0,0.0
2023-08-03 00:00:00-04:00,22.64972028407374,22.64972028407374,22.55270004272461,22.55270004272461,300,0.0,0.0,0.0
2023-08-04 00:00:00-04:00,22.410076141357422,22.410076141357422,22.410076141357422,22.410076141357422,100,0.0,0.0,0.0
2023-08-07 00:00:00-04:00,22.072442441139493,22.072442441139493,21.368064880371094,21.368064880371094,1800,0.0,0.0,0.0
2023-08-08 00:00:00-04:00,21.497103614272618,21.497103614272618,21.199247682726536,21.40784454345703,1600,0.0,0.0,0.0
2023-08-09 00:00:00-04:00,21.41269313734339,21.52912001465463,21.34477822997118,21.45538330078125,12000,0.0,0.0,0.0
2023-08-10 00:00:00-04:00,21.820186342020925,21.93079142251216,21.69211769104004,21.69211769104004,700,0.0,0.0,0.0
2023-08-11 00:00:00-04:00,21.82018466024399,21.82018466024399,21.60867691040039,21.60867691040039,1700,0.0,0.0,0.0
2023-08-14 00:00:00-04:00,21.257458421785618,21.441800205490555,21.257458421785618,21.41269302368164,800,0.0,0.0,0.0
2023-08-15 00:00:00-04:00,21.085731506347656,21.085731506347656,21.085731506347656,21.085731506347656,100,0.0,0.0,0.0
2023-08-16 00:00:00-04:00,21.082821656037538,21.082821656037538,20.63361167907715,20.63361167907715,700,0.0,0.0,0.0
2023-08-17 00:00:00-04:00,20.462851271802187,20.462851271802187,20.36874008178711,20.36874008178711,500,0.0,0.0,0.0
2023-08-18 00:00:00-04:00,20.61905734079333,20.61905734079333,20.575397491455078,20.575397491455078,400,0.0,0.0,0.0
2023-08-21 00:00:00-04:00,20.364861206703218,20.8499698638916,20.364861206703218,20.8499698638916,300,0.0,0.0,0.0
2023-08-22 00:00:00-04:00,20.808250065178594,20.95475196838379,20.723841267183236,20.95475196838379,600,0.0,0.0,0.0
2023-08-23 00:00:00-04:00,21.296270054439578,21.296270054439578,21.06244659423828,21.06244659423828,1100,0.0,0.0,0.0
2023-08-24 00:00:00-04:00,20.64622491658483,20.712198612607892,20.64622491658483,20.658836364746094,700,0.0,0.0,0.0
2023-08-25 00:00:00-04:00,20.68503209745974,20.87616539001465,20.68503209745974,20.87616539001465,300,0.0,0.0,0.0
2023-08-28 00:00:00-04:00,20.859671154533753,20.904300689697266,20.820861575753256,20.904300689697266,1800,0.0,0.0,0.0
2023-08-29 00:00:00-04:00,20.927583464262174,21.063413272016714,20.907208993098994,20.998409271240234,1300,0.0,0.0,0.0
2023-08-30 00:00:00-04:00,20.956695024663436,21.03431233825119,20.917885442598195,21.017818450927734,2300,0.0,0.0,0.0
2023-08-31 00:00:00-04:00,21.04401202620092,21.04401202620092,20.832504272460938,20.832504272460938,200,0.0,0.0,0.0
2023-09-01 00:00:00-04:00,21.216710979727075,21.279775619506836,21.216710979727075,21.279775619506836,200,0.0,0.0,0.0
2023-09-05 00:00:00-04:00,21.305969565204204,21.30694110002424,20.829593658447266,20.829593658447266,1000,0.0,0.0,0.0
2023-09-06 00:00:00-04:00,20.82086158873235,20.82086158873235,20.617116851635448,20.785934448242188,300,0.0,0.0,0.0
2023-09-07 00:00:00-04:00,20.714137573482287,20.714137573482287,20.510390999363747,20.606443405151367,1400,0.0,0.0,0.0
2023-09-08 00:00:00-04:00,20.665626714274392,20.686001187727427,20.514272689819336,20.514272689819336,800,0.0,0.0,0.0
2023-09-11 00:00:00-04:00,20.859671984926024,20.859671984926024,20.747127532958984,20.747127532958984,600,0.0,0.0,0.0
2023-09-12 00:00:00-04:00,20.91788386210369,20.91788386210369,20.754888071047713,20.765560150146484,1000,0.0,0.0,0.0
2023-09-13 00:00:00-04:00,20.81989140887093,20.81989140887093,20.491958618164062,20.491958618164062,400,0.0,0.0,0.0
2023-09-14 00:00:00-04:00,20.403667162820305,20.597709480898374,20.403667162820305,20.499717712402344,500,0.0,0.0,0.0
2023-09-15 00:00:00-04:00,20.443447059167273,20.443447059167273,20.400758743286133,20.400758743286133,400,0.0,0.0,0.0
2023-09-18 00:00:00-04:00,20.11260148391796,20.122303877680128,20.0078182220459,20.0078182220459,600,0.0,0.0,0.0
2023-09-19 00:00:00-04:00,19.977741010012537,19.977741010012537,19.811834335804786,19.930200576782227,2800,0.0,0.0,0.0
2023-09-20 00:00:00-04:00,19.802133475344604,19.802133475344604,19.39173126220703,19.39173126220703,300,0.0,0.0,0.0
2023-09-21 00:00:00-04:00,19.19089709611167,19.35874314873563,19.02596009625146,19.32672691345215,1500,0.0,0.0,0.0
2023-09-22 00:00:00-04:00,19.171493079852524,19.171493079852524,19.051185607910156,19.051185607910156,1200,0.0,0.0,0.0
2023-09-25 00:00:00-04:00,18.676682383541305,18.698998076478897,18.676682383541305,18.69317626953125,1300,0.0,0.0,0.0
2023-09-26 00:00:00-04:00,19.27336487171239,19.27336487171239,18.913414001464844,18.913414001464844,300,0.0,0.0,0.0
2023-09-27 00:00:00-04:00,19.128803263275245,19.128803263275245,19.035663604736328,19.035663604736328,300,0.0,0.0,0.0
2023-09-28 00:00:00-04:00,18.812511199522266,19.02692985534668,18.725191502162076,19.02692985534668,1900,0.0,0.0,0.0
2023-09-29 00:00:00-04:00,19.02498932911924,19.038572311401367,18.9774488911318,19.038572311401367,500,0.0,0.0,0.0
2023-10-02 00:00:00-04:00,18.327404377606495,18.327404377606495,18.2740421295166,18.2740421295166,200,0.0,0.0,0.0
2023-10-03 00:00:00-04:00,18.016934373962446,18.443830490112305,18.016934373962446,18.443830490112305,500,0.0,0.0,0.0
2023-10-04 00:00:00-04:00,18.041188891656134,18.187692642211914,18.02663622524583,18.187692642211914,4200,0.0,0.0,0.0
2023-10-05 00:00:00-04:00,18.327404433838748,19.001705169677734,18.288596703635992,19.001705169677734,1900,0.0,0.0,0.0
2023-10-06 00:00:00-04:00,19.006555442587544,19.239407352768012,18.989091873168945,18.989091873168945,700,0.0,0.0,0.0
2023-10-09 00:00:00-04:00,18.705788464984217,18.760120391845703,18.69608607082431,18.760120391845703,600,0.0,0.0,0.0
2023-10-10 00:00:00-04:00,18.873636577452363,18.99976586475577,18.873636577452363,18.9638671875,200,0.0,0.0,0.0
2023-10-11 00:00:00-04:00,18.531148682232736,18.531148682232736,18.453531381125117,18.45838165283203,400,0.0,0.0,0.0
2023-10-12 00:00:00-04:00,18.298298050993953,18.298298050993953,17.79184341430664,17.79184341430664,300,0.0,0.0,0.0
2023-10-13 00:00:00-04:00,17.687058360858295,17.965511322021484,17.590036274869465,17.965511322021484,1100,0.0,0.0,0.0
2023-10-16 00:00:00-04:00,17.842293186732714,18.025665283203125,17.82289024972035,18.025665283203125,1500,0.0,0.0,0.0
2023-10-17 00:00:00-04:00,18.294415209727767,18.294415209727767,18.044097900390625,18.044097900390625,600,0.0,0.0,0.0
2023-10-18 00:00:00-04:00,17.55122947692871,17.55122947692871,17.55122947692871,17.55122947692871,200,0.0,0.0,0.0
2023-10-19 00:00:00-04:00,17.200012625489855,17.200012625489855,17.09619903564453,17.09619903564453,1300,0.0,0.0,0.0
2023-10-20 00:00:00-04:00,17.017611706072707,17.01858139038086,17.017611706072707,17.01858139038086,200,0.0,0.0,0.0
2023-10-23 00:00:00-04:00,16.67803516035742,16.794460194854324,16.65863037109375,16.65863037109375,2800,0.0,0.0,0.0
2023-10-24 00:00:00-04:00,17.23105690676826,17.23105690676826,17.104927640227405,17.149559020996094,400,0.0,0.0,0.0
2023-10-25 00:00:00-04:00,16.78475807942159,16.794460474214816,16.761472702026367,16.761472702026367,600,0.0,0.0,0.0
2023-10-26 00:00:00-04:00,16.852674715222314,16.920589627717472,16.852674715222314,16.862375259399414,400,0.0,0.0,0.0
2023-10-27 00:00:00-04:00,16.8623750177266,16.8623750177266,16.37726639195084,16.379207611083984,1500,0.0,0.0,0.0
2023-10-30 00:00:00-04:00,16.852674487273813,16.852674487273813,16.610120174190406,16.82744789123535,9000,0.0,0.0,0.0
2023-10-31 00:00:00-04:00,16.978803000109256,17.327110290527344,16.978803000109256,17.327110290527344,5700,0.0,0.0,0.0
2023-11-01 00:00:00-04:00,17.386293047817198,17.570634841918945,17.386293047817198,17.570634841918945,800,0.0,0.0,0.0
2023-11-02 00:00:00-04:00,17.667654605833267,17.910208909706054,17.590037302615677,17.818038940429688,1400,0.0,0.0,0.0
2023-11-03 00:00:00-04:00,17.949016773187868,18.861021386842232,17.949016773187868,18.795045852661133,12600,0.0,0.0,0.0
2023-11-06 00:00:00-05:00,18.666980456516203,18.686385246466166,18.23038378589783,18.234264373779297,1800,0.0,0.0,0.0
2023-11-07 00:00:00-05:00,18.35650786004604,18.57868766784668,18.35650786004604,18.57868766784668,900,0.0,0.0,0.0
2023-11-08 00:00:00-05:00,18.45353003287567,18.45353003287567,17.90050657157101,17.953866958618164,2100,0.0,0.0,0.0
2023-11-09 00:00:00-05:00,17.861699756627335,17.91020987981245,16.968130111694336,16.968130111694336,1800,0.0,0.0,0.0
2023-11-10 00:00:00-05:00,16.920590849987768,16.9302932454083,16.522801890459355,16.83812141418457,2300,0.0,0.0,0.0
2023-11-13 00:00:00-05:00,16.406372403900196,16.876928329467773,16.406372403900196,16.876928329467773,700,0.0,0.0,0.0
2023-11-14 00:00:00-05:00,17.6773585402565,17.871402740478516,17.63855081053768,17.871402740478516,2800,0.0,0.0,0.0
2023-11-15 00:00:00-05:00,18.153736114501953,18.153736114501953,18.153736114501953,18.153736114501953,100,0.0,0.0,0.0
2023-11-16 00:00:00-05:00,18.172168117754225,18.172168117754225,17.560932082340642,17.848115921020508,1300,0.0,0.0,0.0
2023-11-17 00:00:00-05:00,17.85199779725675,18.58936316101739,17.85199779725675,18.551525115966797,3300,0.0,0.0,0.0
2023-11-20 00:00:00-05:00,18.434128007586292,18.965807393711113,18.434128007586292,18.718400955200195,1000,0.0,0.0,0.0
2023-11-21 00:00:00-05:00,18.20030403137207,18.20030403137207,18.20030403137207,18.20030403137207,100,0.0,0.0,0.0
2023-11-22 00:00:00-05:00,18.230383771625124,18.340017318725586,18.230383771625124,18.340017318725586,200,0.0,0.0,0.0
2023-11-24 00:00:00-05:00,18.21097775613967,18.626230239868164,18.21097775613967,18.626230239868164,1000,0.0,0.0,0.0
2023-11-27 00:00:00-05:00,18.482638031856997,18.569957733154297,18.414723119857445,18.569957733154297,1700,0.0,0.0,0.0
2023-11-28 00:00:00-05:00,18.535998602990137,18.630109786987305,18.531148331375057,18.630109786987305,2500,0.0,0.0,0.0
2023-11-29 00:00:00-05:00,18.96774605002259,19.24910993414844,18.837738037109375,18.837738037109375,1000,0.0,0.0,0.0
2023-11-30 00:00:00-05:00,19.08417251179784,19.08417251179784,19.034690856933594,19.034690856933594,400,0.0,0.0,0.0
2023-12-01 00:00:00-05:00,19.549878891902342,19.59547996520996,19.549878891902342,19.59547996520996,2300,0.0,0.0,0.0
2023-12-04 00:00:00-05:00,20.04662924409914,20.064092813914638,19.578984194044526,20.018491744995117,2300,0.0,0.0,0.0
2023-12-05 00:00:00-05:00,20.022371815875005,20.022371815875005,19.96124839782715,19.96124839782715,400,0.0,0.0,0.0
2023-12-06 00:00:00-05:00,19.967071156667945,20.520094699332013,19.967071156667945,20.244552612304688,1200,0.0,0.0,0.0
2023-12-07 00:00:00-05:00,20.393967288137542,20.599653244018555,20.393967288137542,20.599653244018555,800,0.0,0.0,0.0
2023-12-08 00:00:00-05:00,20.617115599300195,20.908180020485098,20.588008416964723,20.61129379272461,2800,0.0,0.0,0.0
2023-12-11 00:00:00-05:00,20.403667742677094,20.403667742677094,20.03498418192908,20.151411056518555,1000,0.0,0.0,0.0
2023-12-12 00:00:00-05:00,20.180518208081878,20.451210021972656,20.180518208081878,20.451210021972656,3000,0.0,0.0,0.0
2023-12-13 00:00:00-05:00,20.53949748262487,21.317611694335938,20.307615269010263,21.317611694335938,2400,0.0,0.0,0.0
2023-12-14 00:00:00-05:00,21.75227111244459,21.93564137573375,21.635844226635353,21.931760787963867,4800,0.0,0.0,0.0
2023-12-15 00:00:00-05:00,21.994824713559943,22.169464111328125,21.994824713559943,22.169464111328125,1100,0.0,0.0,0.0
2023-12-18 00:00:00-05:00,21.8298882553084,21.897803167126995,21.8298882553084,21.84638214111328,1100,0.0,0.0,0.0
2023-12-19 00:00:00-05:00,21.761973281973432,22.46343994140625,21.761973281973432,22.46343994140625,700,0.0,0.0,0.0
2023-12-20 00:00:00-05:00,22.160628203676243,22.618250344910454,21.654321670532227,21.654321670532227,5300,0.082,0.0,0.0
2023-12-21 00:00:00-05:00,22.131419443471803,22.196656348445753,22.063263146143633,22.163551330566406,2600,0.0,0.0,0.0
2023-12-22 00:00:00-05:00,23.187846561072444,23.28034412362009,22.97850831051538,23.002849578857422,1500,0.0,0.0,0.0
2023-12-26 00:00:00-05:00,23.24139807368151,23.916147232055664,23.24139807368151,23.916147232055664,3500,0.0,0.0,0.0
2023-12-27 00:00:00-05:00,23.903489636034884,24.34163989702931,23.903489636034884,24.15664291381836,4500,0.0,0.0,0.0
2023-12-28 00:00:00-05:00,24.254010327045112,24.507163609861742,24.16638027310398,24.276405334472656,1400,0.0,0.0,0.0
2023-12-29 00:00:00-05:00,24.088486935771794,24.1566432312399,23.786651117075994,23.80807113647461,4100,0.0,0.0,0.0
2024-01-02 00:00:00-05:00,23.348501516758596,24.25401085581164,23.348501516758596,23.97262191772461,3200,0.0,0.0,0.0
2024-01-03 00:00:00-05:00,23.83533454723204,23.83533454723204,23.47313117980957,23.47313117980957,1200,0.0,0.0,0.0
2024-01-04 00:00:00-05:00,23.761335493580898,24.098224456865886,23.539340962014904,24.028120040893555,1500,0.0,0.0,0.0
2024-01-05 00:00:00-05:00,23.75744128597544,23.75744128597544,23.504287996279917,23.695127487182617,1500,0.0,0.0,0.0
2024-01-08 00:00:00-05:00,25.114730834960938,25.114730834960938,25.114730834960938,25.114730834960938,200,0.0,0.0,0.0
2024-01-09 00:00:00-05:00,25.042680402814398,25.51004133655293,24.896630923511058,25.275386810302734,2800,0.0,0.0,0.0
2024-01-10 00:00:00-05:00,25.130308304888644,25.130308304888644,25.054363250732422,25.054363250732422,700,0.0,0.0,0.0
2024-01-11 00:00:00-05:00,24.273485163326598,24.591873506800148,24.273485163326598,24.4146671295166,1600,0.0,0.0,0.0
2024-01-12 00:00:00-05:00,24.583108810935894,24.583108810935894,24.517873764038086,24.517873764038086,400,0.0,0.0,0.0
2024-01-16 00:00:00-05:00,24.51690175541373,24.51690175541373,23.786652506259404,23.970674514770508,10500,0.0,0.0,0.0
2024-01-17 00:00:00-05:00,23.61139275141747,23.707786560058594,23.58218211244018,23.707786560058594,900,0.0,0.0,0.0
2024-01-18 00:00:00-05:00,23.28034522000123,23.30079210922585,23.256977081298828,23.256977081298828,800,0.0,0.0,0.0
2024-01-19 00:00:00-05:00,23.62112783731445,23.62112783731445,23.03692810197145,23.25892448425293,7700,0.0,0.0,0.0
2024-01-22 00:00:00-05:00,23.455605068603294,24.069013595581055,23.455605068603294,24.069013595581055,4800,0.0,0.0,0.0
2024-01-23 00:00:00-05:00,24.27251081350366,24.27251081350366,23.838254926495605,24.150802612304688,1600,0.0,0.0,0.0
2024-01-24 00:00:00-05:00,24.40395555341814,24.40395555341814,23.950227737426758,23.950227737426758,800,0.0,0.0,0.0
2024-01-25 00:00:00-05:00,24.049540106732167,24.520793510406033,24.049540106732167,24.290035247802734,3900,0.0,0.0,0.0
2024-01-26 00:00:00-05:00,24.789526177016718,24.81289431568452,24.380588393129734,24.431217193603516,2100,0.0,0.0,0.0
2024-01-29 00:00:00-05:00,24.32216710192796,25.288043975830078,24.304641462218573,25.288043975830078,1600,0.0,0.0,0.0
2024-01-30 00:00:00-05:00,25.023207577278914,25.169257051192094,24.73110677233273,24.773948669433594,1800,0.0,0.0,0.0
2024-01-31 00:00:00-05:00,25.062152800567173,25.071889679607803,24.714553833007812,24.714553833007812,1700,0.0,0.0,0.0
2024-02-01 00:00:00-05:00,24.838211285344464,25.393200416100985,24.555847351664198,25.371780395507812,2900,0.0,0.0,0.0
2024-02-02 00:00:00-05:00,24.9355783522374,25.154651641845703,24.778817005986625,25.154651641845703,5600,0.0,0.0,0.0
2024-02-05 00:00:00-05:00,25.086492563103917,25.608378477046394,25.086492563103917,25.51490592956543,800,0.0,0.0,0.0
2024-02-06 00:00:00-05:00,25.69503526980486,25.880032258694797,25.61714209402801,25.87321662902832,29500,0.0,0.0,0.0
2024-02-07 00:00:00-05:00,25.587932789962817,25.724245380501692,25.587932789962817,25.632720947265625,900,0.0,0.0,0.0
2024-02-08 00:00:00-05:00,26.016345304663187,26.023160934448242,26.016345304663187,26.023160934448242,900,0.0,0.0,0.0
2024-02-09 00:00:00-05:00,26.523625186763123,26.88290916322817,26.523625186763123,26.75341033935547,1000,0.0,0.0,0.0
2024-02-12 00:00:00-05:00,26.931590994730172,27.613157673959503,26.931590994730172,27.586868286132812,3600,0.0,0.0,0.0
2024-02-13 00:00:00-05:00,26.42528493060488,26.658964461839375,26.164342880249023,26.164342880249023,2200,0.0,0.0,0.0
2024-02-14 00:00:00-05:00,26.620018866751465,27.088351061153624,26.620018866751465,26.970539093017578,2500,0.0,0.0,0.0
2024-02-15 00:00:00-05:00,27.26263734125807,27.4914493560791,27.233426704115026,27.4914493560791,1500,0.0,0.0,0.0
2024-02-16 00:00:00-05:00,27.59465563450232,27.96367460460631,27.59465563450232,27.88286018371582,600,0.0,0.0,0.0
2024-02-20 00:00:00-05:00,27.593683644610383,27.72025935727603,26.92185385107174,27.078615188598633,2600,0.0,0.0,0.0
2024-02-21 00:00:00-05:00,26.81669830688503,26.94717025756836,26.81669830688503,26.94717025756836,400,0.0,0.0,0.0
2024-02-22 00:00:00-05:00,27.593683440709842,27.75920666812321,27.522605895996094,27.522605895996094,1600,0.0,0.0,0.0
2024-02-23 00:00:00-05:00,27.61315738828119,27.804968147266795,27.61315738828119,27.708576202392578,7000,0.0,0.0,0.0
2024-02-26 00:00:00-05:00,27.846836426725147,28.531322479248047,27.846836426725147,28.531322479248047,2500,0.0,0.0,0.0
2024-02-27 00:00:00-05:00,28.966553775394917,30.16805648803711,28.966553775394917,30.16805648803711,7800,0.0,0.0,0.0
2024-02-28 00:00:00-05:00,30.38810225824787,30.47573231016477,29.760089362336405,29.867191314697266,10000,0.0,0.0,0.0
2024-02-29 00:00:00-05:00,30.349158745086918,30.349158745086918,29.27715301513672,29.27715301513672,1900,0.0,0.0,0.0
2024-03-01 00:00:00-05:00,29.70653859928639,30.650993591986417,29.70653859928639,30.524417877197266,10300,0.0,0.0,0.0
2024-03-04 00:00:00-05:00,31.14756371323995,31.14756371323995,29.609172070768597,30.125215530395508,20800,0.0,0.0,0.0
2024-03-05 00:00:00-05:00,30.329682842855604,30.41731289477302,29.794167509688933,29.806825637817383,3600,0.0,0.0,0.0
2024-03-06 00:00:00-05:00,30.02784848440483,30.281001773644334,30.02784848440483,30.26152801513672,4200,0.0,0.0,0.0
2024-03-07 00:00:00-05:00,30.543891787751665,30.543891787751665,29.67732810974121,29.67732810974121,11000,0.0,0.0,0.0
2024-03-08 00:00:00-05:00,30.057058333565486,30.378367912031678,29.618908064238962,29.628644943237305,3400,0.0,0.0,0.0
2024-03-11 00:00:00-04:00,29.35601859251845,29.648119397973847,28.72313629971148,28.82050323486328,8100,0.0,0.0,0.0
2024-03-12 00:00:00-04:00,28.900341327534935,28.900341327534935,28.499192321924344,28.577085494995117,3900,0.0,0.0,0.0
2024-03-13 00:00:00-04:00,28.46998244615189,29.063919067382812,28.46998244615189,29.063919067382812,3900,0.0,0.0,0.0
2024-03-14 00:00:00-04:00,28.87892325512981,28.90131826353112,27.720260602621,28.032808303833008,5600,0.0,0.0,0.0
2024-03-15 00:00:00-04:00,28.343406386334962,28.40961456298828,28.343406386334962,28.40961456298828,800,0.0,0.0,0.0
2024-03-18 00:00:00-04:00,28.713398823726667,28.713398823726667,27.50605368144844,27.63262939453125,9000,0.0,0.0,0.0
2024-03-19 00:00:00-04:00,27.291849221879477,28.08051788947729,27.291849221879477,27.876047134399414,5600,0.0,0.0,0.0
2024-03-20 00:00:00-04:00,27.73973374779816,28.447587966918945,27.69105120884431,28.447587966918945,2100,0.0,0.0,0.0
2024-03-21 00:00:00-04:00,28.849712233895023,28.849712233895023,28.489456985361027,28.49237823486328,3000,0.0,0.0,0.0
2024-03-22 00:00:00-04:00,28.18762012715845,28.18762012715845,27.98314938353889,27.98607063293457,2500,0.0,0.0,0.0
2024-03-25 00:00:00-04:00,28.255778259804256,28.314197680156852,27.74947166442871,27.74947166442871,1400,0.0,0.0,0.0
2024-03-26 00:00:00-04:00,27.914993247088333,27.914993247088333,27.597578048706055,27.597578048706055,3500,0.0,0.0,0.0
2024-03-27 00:00:00-04:00,27.684236103181366,28.284986519432383,27.54500225630257,28.199304580688477,3200,0.0,0.0,0.0
2024-03-28 00:00:00-04:00,28.469982612316976,28.508930128679992,28.14867303080127,28.362878799438477,3500,0.0,0.0,0.0
2024-04-01 00:00:00-04:00,28.009438201244517,28.009438201244517,27.564472313789146,27.8565731048584,3900,0.0,0.0,0.0
2024-04-02 00:00:00-04:00,27.60342145317718,27.60342145317718,26.834224700927734,26.834224700927734,1300,0.0,0.0,0.0
2024-04-03 00:00:00-04:00,26.84395921385444,26.986114296588106,26.795276678662784,26.941326141357422,32300,0.0,0.0,0.0
2024-04-04 00:00:00-04:00,27.457370966258807,27.457370966258807,26.327919006347656,26.327919006347656,1600,0.0,0.0,0.0
2024-04-05 00:00:00-04:00,26.53238768732191,26.656044006347656,26.53238768732191,26.656044006347656,500,0.0,0.0,0.0
2024-04-08 00:00:00-04:00,26.853696567581903,26.853696567581903,26.556728269145818,26.7485408782959,800,0.0,0.0,0.0
2024-04-09 00:00:00-04:00,26.843960211216068,27.130218505859375,26.843960211216068,27.130218505859375,2200,0.0,0.0,0.0
2024-04-10 00:00:00-04:00,26.396074203901335,26.648252487182617,26.396074203901335,26.648252487182617,800,0.0,0.0,0.0
2024-04-11 00:00:00-04:00,27.050376872713898,27.36000330120706,26.9121161665475,27.332740783691406,1000,0.0,0.0,0.0
2024-04-12 00:00:00-04:00,26.697911007437014,26.697911007437014,26.40873146057129,26.40873146057129,500,0.0,0.0,0.0
2024-04-15 00:00:00-04:00,26.20134247521777,26.20134247521777,25.617142714188734,25.690168380737305,2800,0.0,0.0,0.0
2024-04-16 00:00:00-04:00,25.558721097485634,25.568457975996182,25.383460998535156,25.383460998535156,3900,0.0,0.0,0.0
2024-04-17 00:00:00-04:00,25.558722552130305,25.558722552130305,25.062152862548828,25.062152862548828,1400,0.0,0.0,0.0
2024-04-18 00:00:00-04:00,24.80899866191519,24.80899866191519,24.706764221191406,24.706764221191406,200,0.0,0.0,0.0
2024-04-19 00:00:00-04:00,24.916102894217666,24.916102894217666,23.92296353484886,24.221879959106445,2100,0.0,0.0,0.0
2024-04-22 00:00:00-04:00,24.205328596268888,24.511058807373047,24.205328596268888,24.511058807373047,800,0.0,0.0,0.0
2024-04-23 00:00:00-04:00,24.993998182640386,24.993998182640386,24.952131271362305,24.952131271362305,200,0.0,0.0,0.0
2024-04-24 00:00:00-04:00,24.591873168945312,24.591873168945312,24.591873168945312,24.591873168945312,100,0.0,0.0,0.0
2024-04-25 00:00:00-04:00,23.866490747769372,24.049541473388672,23.866490747769372,24.049541473388672,900,0.0,0.0,0.0
2024-04-26 00:00:00-04:00,24.04174991949229,24.944337955515785,24.04174991949229,24.923891067504883,3600,0.0,0.0,0.0
2024-04-29 00:00:00-04:00,25.305569447862073,25.763191624440797,25.305569447862073,25.560670852661133,1300,0.0,0.0,0.0
2024-04-30 00:00:00-04:00,25.432146473567116,25.597669701052283,25.40585708618164,25.40585708618164,1600,0.0,0.0,0.0
2024-05-01 00:00:00-04:00,26.766067760720016,26.766067760720016,26.382444381713867,26.382444381713867,800,0.0,0.0,0.0
2024-05-02 00:00:00-04:00,26.4642322779016,26.610281751846085,26.4642322779016,26.55283546447754,1000,0.0,0.0,0.0
2024-05-03 00:00:00-04:00,27.262636646589698,27.582973087752823,26.970537711081274,27.155532836914062,4900,0.0,0.0,0.0
2024-05-06 00:00:00-04:00,27.45737180392293,27.45737180392293,27.17500787677095,27.22271728515625,9900,0.0,0.0,0.0
2024-05-07 00:00:00-04:00,26.99001044768176,27.360004425048828,26.99001044768176,27.360004425048828,10400,0.0,0.0,0.0
2024-05-08 00:00:00-04:00,27.009485360773386,27.223691138799925,26.454496228111996,26.757307052612305,2800,0.0,0.0,0.0
2024-05-09 00:00:00-04:00,26.75632943338056,26.75632943338056,26.703752517700195,26.703752517700195,8000,0.0,0.0,0.0
2024-05-10 00:00:00-04:00,26.68817550797144,26.734911786357333,25.85082244873047,25.85082244873047,2100,0.0,0.0,0.0
2024-05-13 00:00:00-04:00,26.084501861898,26.658962847359934,26.084501861898,26.244182586669922,1500,0.0,0.0,0.0
2024-05-14 00:00:00-04:00,26.60054406785273,26.96080115932829,26.60054406785273,26.66577911376953,1100,0.0,0.0,0.0
2024-05-15 00:00:00-04:00,27.4573721668766,27.622895402228234,27.191560745239258,27.191560745239258,8900,0.0,0.0,0.0
2024-05-16 00:00:00-04:00,27.184745158334177,27.184745158334177,26.99001128451167,27.080562591552734,2500,0.0,0.0,0.0
2024-05-17 00:00:00-04:00,27.16527033643105,27.16527033643105,26.503177419888967,26.544071197509766,3600,0.0,0.0,0.0
2024-05-20 00:00:00-04:00,26.81475291150401,26.81475291150401,26.813777923583984,26.813777923583984,7600,0.0,0.0,0.0
2024-05-21 00:00:00-04:00,26.727123351659998,26.727123351659998,26.38926124572754,26.38926124572754,1800,0.0,0.0,0.0
2024-05-22 00:00:00-04:00,26.288972126104127,26.99390695161191,26.288972126104127,26.663833618164062,1700,0.0,0.0,0.0
2024-05-23 00:00:00-04:00,26.999748055298756,26.999748055298756,25.548986458228825,25.695035934448242,2600,0.0,0.0,0.0
2024-05-24 00:00:00-04:00,25.967663191721687,25.969611310457903,25.795324325561523,25.795324325561523,800,0.0,0.0,0.0
2024-05-28 00:00:00-04:00,25.4467517686692,25.6453800201416,25.4467517686692,25.6453800201416,500,0.0,0.0,0.0
2024-05-29 00:00:00-04:00,25.042678100296172,25.159518787268002,25.023206200067296,25.130308151245117,2400,0.0,0.0,0.0
2024-05-30 00:00:00-04:00,25.081627159537554,26.152659737108706,25.081627159537554,25.9326114654541,11300,0.0,0.0,0.0
2024-05-31 00:00:00-04:00,25.880030391789173,25.889767270198867,25.801164090926232,25.817716598510742,4000,0.0,0.0,0.0
2024-06-03 00:00:00-04:00,26.503177377187214,26.56159865122547,26.503177377187214,26.539203643798828,1400,0.0,0.0,0.0
2024-06-04 00:00:00-04:00,26.503176614577356,26.503176614577356,26.181867045091522,26.223735809326172,4300,0.0,0.0,0.0
2024-06-05 00:00:00-04:00,26.649228146100054,27.21103286743164,26.551861215198695,27.21103286743164,3400,0.0,0.0,0.0
2024-06-06 00:00:00-04:00,27.398950259448288,27.398950259448288,26.658964157104492,26.658964157104492,5000,0.0,0.0,0.0
2024-06-07 00:00:00-04:00,26.318182408110825,26.318182408110825,26.026081607495467,26.150711059570312,2000,0.0,0.0,0.0
2024-06-10 00:00:00-04:00,26.11857999937821,26.385364532470703,26.11857999937821,26.385364532470703,500,0.0,0.0,0.0
2024-06-11 00:00:00-04:00,26.473968554617528,26.53433609008789,26.454494796636162,26.53433609008789,2200,0.0,0.0,0.0
2024-06-12 00:00:00-04:00,27.03869444898154,27.506053496307402,27.03869444898154,27.073745727539062,2800,0.0,0.0,0.0
2024-06-13 00:00:00-04:00,26.97443389892578,26.97443389892578,26.97443389892578,26.97443389892578,100,0.0,0.0,0.0
2024-06-14 00:00:00-04:00,26.084502075173948,26.147789001464844,26.065028317644565,26.147789001464844,1300,0.0,0.0,0.0
2024-06-17 00:00:00-04:00,25.772929202321045,25.957926196642827,25.373726432603423,25.412673950195312,11500,0.0,0.0,0.0
2024-06-18 00:00:00-04:00,24.731106758907124,24.731106758907124,24.431217193603516,24.431217193603516,2800,0.0,0.0,0.0
2024-06-20 00:00:00-04:00,24.166381278096228,24.45361272082157,24.166381278096228,24.324115753173828,3500,0.0,0.0,0.0
2024-06-21 00:00:00-04:00,24.78076396432041,24.835289001464844,24.78076396432041,24.835289001464844,500,0.0,0.0,0.0
2024-06-24 00:00:00-04:00,25.10110055742517,25.10110055742517,25.076757431030273,25.076757431030273,10200,0.0,0.0,0.0
2024-06-25 00:00:00-04:00,24.886893643616883,24.949209300435577,24.495481491088867,24.495481491088867,1000,0.0,0.0,0.0
2024-06-26 00:00:00-04:00,23.796388628122564,23.912254333496094,23.796388628122564,23.912254333496094,500,0.0,0.0,0.0
2024-06-27 00:00:00-04:00,24.028119031291624,24.292957305908203,24.028119031291624,24.292957305908203,300,0.0,0.0,0.0
2024-06-28 00:00:00-04:00,24.23453585264698,24.595766067504883,24.154696418543224,24.595766067504883,1100,0.0,0.0,0.0
2024-07-01 00:00:00-04:00,24.7213700985087,24.874237060546875,24.550979353714343,24.874237060546875,400,0.0,0.0,0.0
2024-07-02 00:00:00-04:00,24.64347490928995,24.64347490928995,23.926856994628906,23.926856994628906,1200,0.0,0.0,0.0
2024-07-03 00:00:00-04:00,23.89375625857536,24.273485272821514,23.89375625857536,23.935623168945312,700,0.0,0.0,0.0
2024-07-05 00:00:00-04:00,23.845072058401087,24.096277236938477,23.689285699620704,24.096277236938477,11500,0.0,0.0,0.0
2024-07-08 00:00:00-04:00,24.156642820527484,24.924866398978878,24.156642820527484,24.72136878967285,10200,0.0,0.0,0.0
2024-07-09 00:00:00-04:00,25.149783868146773,25.649274826049805,25.149783868146773,25.649274826049805,1300,0.0,0.0,0.0
2024-07-10 00:00:00-04:00,25.880032955202577,26.012451171875,25.72424659945621,26.012451171875,1700,0.0,0.0,0.0
2024-07-11 00:00:00-04:00,27.175007679412783,27.525527901712394,27.175007679412783,27.40966033935547,1500,0.0,0.0,0.0
2024-07-12 00:00:00-04:00,27.934466158981028,28.29472138551282,27.37947707256414,27.82151985168457,3900,0.0,0.0,0.0
2024-07-15 00:00:00-04:00,28.06104236589918,28.557612046010647,28.06104236589918,28.48556137084961,2900,0.0,0.0,0.0
2024-07-16 00:00:00-04:00,29.149601816200082,29.47285952351419,29.141813055603546,29.414438247680664,4000,0.0,0.0,0.0
2024-07-17 00:00:00-04:00,28.898396668744617,29.258651917756634,28.06104361895479,28.32588005065918,6100,0.0,0.0,0.0
2024-07-18 00:00:00-04:00,28.338536441179247,28.338536441179247,27.337608337402344,27.337608337402344,7700,0.0,0.0,0.0
2024-07-19 00:00:00-04:00,27.28211207194697,27.32982148099757,27.050378799438477,27.050378799438477,1100,0.0,0.0,0.0
2024-07-22 00:00:00-04:00,27.067902574370844,27.881887435913086,26.98027252297574,27.881887435913086,2300,0.0,0.0,0.0
2024-07-23 00:00:00-04:00,27.661840200803095,28.388195037841797,27.52552760786171,28.388195037841797,2400,0.0,0.0,0.0
2024-07-24 00:00:00-04:00,28.43103684861056,28.557612562085698,27.973412818625523,28.010412216186523,2100,0.0,0.0,0.0
2024-07-25 00:00:00-04:00,28.72800373784004,28.986026393905302,28.5361929746233,28.614086151123047,4500,0.0,0.0,0.0
2024-07-26 00:00:00-04:00,29.06391942142193,29.25767830233387,28.951948096847502,28.977262496948242,1900,0.0,0.0,0.0
2024-07-29 00:00:00-04:00,28.93734246721325,28.966553105294338,28.05130687373854,28.335617065429688,3800,0.0,0.0,0.0
2024-07-30 00:00:00-04:00,27.65697250633451,27.77381134033203,27.65697250633451,27.77381134033203,500,0.0,0.0,0.0
2024-07-31 00:00:00-04:00,28.062989448611415,28.645241041397483,28.062989448611415,28.09511947631836,600,0.0,0.0,0.0
2024-08-01 00:00:00-04:00,27.33079364838776,27.35416178668757,27.23440170288086,27.23440170288086,700,0.0,0.0,0.0
2024-08-02 00:00:00-04:00,25.889768695400385,26.3834171295166,25.889768695400385,26.3834171295166,1200,0.0,0.0,0.0
2024-08-05 00:00:00-04:00,24.886891512882638,25.607403813671795,24.886891512882638,25.3980655670166,17000,0.0,0.0,0.0
2024-08-06 00:00:00-04:00,25.500302962942843,25.707693099975586,25.500302962942843,25.707693099975586,500,0.0,0.0,0.0
2024-08-07 00:00:00-04:00,25.743719739442515,25.743719739442515,24.75934410095215,24.75934410095215,900,0.0,0.0,0.0
2024-08-08 00:00:00-04:00,24.789526930993777,25.26078224182129,24.788553800179635,25.26078224182129,1200,0.0,0.0,0.0
2024-08-09 00:00:00-04:00,25.120573519566072,25.124469757080078,25.120573519566072,25.124469757080078,500,0.0,0.0,0.0
2024-08-12 00:00:00-04:00,25.110836046420257,25.110836046420257,25.085519790649414,25.085519790649414,400,0.0,0.0,0.0
2024-08-13 00:00:00-04:00,25.373726297667726,25.57819704969809,25.373726297667726,25.518802642822266,1400,0.0,0.0,0.0
2024-08-14 00:00:00-04:00,25.20430910326218,25.23546600341797,25.20430910326218,25.23546600341797,200,0.0,0.0,0.0
2024-08-15 00:00:00-04:00,25.802138510335315,26.094237448736493,25.802138510335315,26.00076675415039,1700,0.0,0.0,0.0
2024-08-16 00:00:00-04:00,26.035818020222145,26.035818020222145,25.82940101623535,25.82940101623535,400,0.0,0.0,0.0
2024-08-19 00:00:00-04:00,25.98713481372952,26.662858963012695,25.95792417780741,26.662858963012695,3500,0.0,0.0,0.0
2024-08-20 00:00:00-04:00,26.54212472469141,26.805014884835074,26.415547155531968,26.756330490112305,3100,0.0,0.0,0.0
2024-08-21 00:00:00-04:00,26.863434993065795,27.208112716674805,26.863434993065795,27.208112716674805,700,0.0,0.0,0.0
2024-08-22 00:00:00-04:00,26.980274880867352,27.068879927862127,26.454496383666992,26.454496383666992,1100,0.0,0.0,0.0
2024-08-23 00:00:00-04:00,27.175006767336978,27.204217403921486,27.04843105637695,27.054271697998047,1100,0.0,0.0,0.0
2024-08-26 00:00:00-04:00,27.330794039138915,27.60342108512128,27.2139552030892,27.581026077270508,3800,0.0,0.0,0.0
2024-08-27 00:00:00-04:00,26.99001081481765,27.132165908813477,26.99001081481765,27.132165908813477,6600,0.0,0.0,0.0
2024-08-28 00:00:00-04:00,26.873171031366585,26.90237981091857,26.697910925575624,26.887775421142578,1400,0.0,0.0,0.0
2024-08-29 00:00:00-04:00,27.243163174237765,27.525527091022813,27.033824920654297,27.033824920654297,2000,0.0,0.0,0.0
2024-08-30 00:00:00-04:00,27.285032272338867,27.285032272338867,27.285032272338867,27.285032272338867,400,0.0,0.0,0.0
2024-09-03 00:00:00-04:00,27.311321477339664,27.311321477339664,26.17213256178501,26.31818389892578,2600,0.0,0.0,0.0
2024-09-04 00:00:00-04:00,26.238341150658368,26.52265133414594,26.238341150658368,26.46812629699707,700,0.0,0.0,0.0
2024-09-05 00:00:00-04:00,26.532387965447075,26.532387965447075,26.478836059570312,26.478836059570312,500,0.0,0.0,0.0
2024-09-06 00:00:00-04:00,25.977399264741855,25.977399264741855,25.733982857624138,25.963768005371094,400,0.0,0.0,0.0
2024-09-09 00:00:00-04:00,26.308444904940796,27.019220345806424,26.308444904940796,26.90335464477539,3000,0.0,0.0,0.0
2024-09-10 00:00:00-04:00,27.2821104429119,27.35708236694336,26.834223303094237,27.35708236694336,3600,0.0,0.0,0.0
2024-09-11 00:00:00-04:00,27.36000453676518,27.36000453676518,27.116588129600228,27.339557647705078,1500,0.0,0.0,0.0
2024-09-12 00:00:00-04:00,27.32105609440478,27.496316198763886,27.2412166595459,27.2412166595459,1100,0.0,0.0,0.0
2024-09-13 00:00:00-04:00,28.172040939331055,28.172040939331055,28.172040939331055,28.172040939331055,200,0.0,0.0,0.0
2024-09-16 00:00:00-04:00,28.276224966872164,28.276224966872164,27.81762778441511,27.850732803344727,900,0.0,0.0,0.0
2024-09-17 00:00:00-04:00,27.93446691711298,27.93446691711298,27.648208618164062,27.648208618164062,1200,0.0,0.0,0.0
2024-09-18 00:00:00-04:00,28.344379853105153,28.528401852554012,27.859495162963867,27.859495162963867,1000,0.0,0.0,0.0
2024-09-19 00:00:00-04:00,28.431036095132647,29.18075719129902,28.401825458741854,28.612136840820312,2400,0.0,0.0,0.0
2024-09-20 00:00:00-04:00,28.333670024682135,28.557612672452745,28.333670024682135,28.418378829956055,900,0.0,0.0,0.0
2024-09-23 00:00:00-04:00,28.508930695073058,28.508930695073058,27.313268661499023,27.313268661499023,300,0.0,0.0,0.0
2024-09-24 00:00:00-04:00,27.457371992254238,27.464187622070312,27.158455554023636,27.464187622070312,1800,0.0,0.0,0.0
2024-09-25 00:00:00-04:00,27.54500196834608,27.54500196834608,27.03090476989746,27.03090476989746,600,0.0,0.0,0.0
2024-09-26 00:00:00-04:00,27.292821498996503,27.292821498996503,27.009484443157348,27.177928924560547,1100,0.0,0.0,0.0
2024-09-27 00:00:00-04:00,27.150665283203125,27.150665283203125,27.150665283203125,27.150665283203125,100,0.0,0.0,0.0
2024-09-30 00:00:00-04:00,27.389212655666476,27.389212655666476,27.205190658569336,27.205190658569336,1600,0.0,0.0,0.0
2024-10-01 00:00:00-04:00,26.649228830403715,26.805988311767578,26.503177501741472,26.805988311767578,3200,0.0,0.0,0.0
2024-10-02 00:00:00-04:00,26.464231337022795,26.852724075317383,26.337653768883236,26.852724075317383,2500,0.0,0.0,0.0
2024-10-03 00:00:00-04:00,26.54212511644864,26.55186199553691,26.498310089111328,26.498310089111328,500,0.0,0.0,0.0
2024-10-04 00:00:00-04:00,26.80696254374115,26.97443389892578,26.80696254374115,26.97443389892578,600,0.0,0.0,0.0
2024-10-07 00:00:00-04:00,27.223690569312748,27.350268143273208,26.873172199612647,26.975406646728516,4000,0.0,0.0,0.0
2024-10-08 00:00:00-04:00,27.36000424480479,27.603420649372236,27.36000424480479,27.405765533447266,4700,0.0,0.0,0.0
2024-10-09 00:00:00-04:00,27.11658732642337,27.11658732642337,27.02408790588379,27.02408790588379,6400,0.0,0.0,0.0
2024-10-10 00:00:00-04:00,26.43502129513904,26.87122344970703,26.43502129513904,26.87122344970703,800,0.0,0.0,0.0
2024-10-11 00:00:00-04:00,27.661840406260175,27.944204330444336,27.661840406260175,27.944204330444336,1600,0.0,0.0,0.0
2024-10-14 00:00:00-04:00,27.95393822164779,28.49919228964535,27.885781927428027,28.49140167236328,1700,0.0,0.0,0.0
2024-10-15 00:00:00-04:00,28.36385313976978,28.713398362684515,28.314195614676578,28.712425231933594,2100,0.0,0.0,0.0
2024-10-16 00:00:00-04:00,29.502067084713648,29.648118411139958,29.38522825211631,29.63448715209961,2700,0.0,0.0,0.0
2024-10-17 00:00:00-04:00,29.414438723456374,29.590673827482316,29.317073643065296,29.4183349609375,2200,0.0,0.0,0.0
2024-10-18 00:00:00-04:00,29.58969705068611,29.75522027731193,29.579960171811678,29.7454833984375,1700,0.0,0.0,0.0
2024-10-21 00:00:00-04:00,29.044446855249006,29.095077514648438,29.024973096144635,29.095077514648438,1100,0.0,0.0,0.0
2024-10-22 00:00:00-04:00,29.005500233942104,29.10773468017578,28.973368346771622,29.10773468017578,400,0.0,0.0,0.0
2024-10-23 00:00:00-04:00,28.859448185852184,28.859448185852184,28.538138607726616,28.625768661499023,2300,0.0,0.0,0.0
2024-10-24 00:00:00-04:00,28.518665151373494,28.526453911291174,28.478744506835938,28.478744506835938,700,0.0,0.0,0.0
2024-10-25 00:00:00-04:00,28.51379750891579,28.63550571131243,28.408641815185547,28.408641815185547,400,0.0,0.0,0.0
2024-10-28 00:00:00-04:00,28.76208321772001,29.102864697975637,28.76208321772001,28.917869567871094,1700,0.0,0.0,0.0
2024-10-29 00:00:00-04:00,28.83997645004371,28.83997645004371,28.616031946277182,28.78155517578125,1200,0.0,0.0,0.0
2024-10-30 00:00:00-04:00,28.518666961273308,28.56832263029946,28.242145538330078,28.242145538330078,2100,0.0,0.0,0.0
2024-10-31 00:00:00-04:00,28.236302031588895,28.236302031588895,27.680339813232422,27.680339813232422,1800,0.0,0.0,0.0
2024-11-01 00:00:00-04:00,27.846835903013243,28.03377914428711,27.846835903013243,28.03377914428711,1200,0.0,0.0,0.0
2024-11-04 00:00:00-05:00,28.625768495884266,28.635505374815953,28.469982147216797,28.469982147216797,500,0.0,0.0,0.0
2024-11-05 00:00:00-05:00,28.15840955735846,28.762083053588867,28.129198920451906,28.762083053588867,1200,0.0,0.0,0.0
2024-11-06 00:00:00-05:00,29.29759802796085,29.796113967895508,29.156416070370696,29.796113967895508,700,0.0,0.0,0.0
2024-11-07 00:00:00-05:00,29.915877104290853,30.03271594088452,29.852588317816053,29.913928985595703,2700,0.0,0.0,0.0
2024-11-08 00:00:00-05:00,30.00837318933905,30.230369567871094,30.00837318933905,30.230369567871094,900,0.0,0.0,0.0
2024-11-11 00:00:00-05:00,30.816516256491322,30.816516256491322,30.510786056518555,30.510786056518555,1600,0.0,0.0,0.0
2024-11-12 00:00:00-05:00,29.983060107057796,29.983060107057796,29.042497634887695,29.042497634887695,2700,0.0,0.0,0.0
2024-11-13 00:00:00-05:00,29.278125085364675,29.677327843573494,28.508930206298828,28.508930206298828,3000,0.0,0.0,0.0
2024-11-14 00:00:00-05:00,28.479718139987902,28.479718139987902,27.605365753173828,27.605365753173828,1800,0.0,0.0,0.0
2024-11-15 00:00:00-05:00,27.26263816145113,27.26263816145113,25.831350326538086,25.831350326538086,5800,0.0,0.0,0.0
2024-11-18 00:00:00-05:00,25.802139840514965,25.811876719912938,25.40585832032872,25.412673950195312,2500,0.0,0.0,0.0
2024-11-19 00:00:00-05:00,25.441881640632428,25.64732551574707,25.130308941733134,25.64732551574707,3000,0.0,0.0,0.0
2024-11-20 00:00:00-05:00,25.539248229075422,25.652194538031868,25.315305586900045,25.4769344329834,2400,0.0,0.0,0.0
2024-11-21 00:00:00-05:00,25.29583314288941,25.62687961247991,25.22767684452428,25.433120727539062,1900,0.0,0.0,0.0
2024-11-22 00:00:00-05:00,26.133184475897185,26.201340769775648,26.133184475897185,26.138051986694336,2300,0.0,0.0,0.0
2024-11-25 00:00:00-05:00,26.425284355885612,26.941327803504997,26.405812454879435,26.523624420166016,11100,0.0,0.0,0.0
2024-11-26 00:00:00-05:00,26.581071830759214,26.581071830759214,26.397049822910024,26.550888061523438,1200,0.0,0.0,0.0
2024-11-27 00:00:00-05:00,26.7758040382106,27.019220438557973,26.7758040382106,26.968589782714844,2300,0.0,0.0,0.0
2024-11-29 00:00:00-05:00,26.756331027502974,26.756331027502974,26.696938479004015,26.739778518676758,1600,0.0,0.0,0.0
2024-12-02 00:00:00-05:00,26.87317260177333,26.902381383032214,26.688175606280986,26.833251953125,2100,0.0,0.0,0.0
2024-12-03 00:00:00-05:00,26.775804652019776,26.775804652019776,25.996872895899845,26.125396728515625,7600,0.0,0.0,0.0
2024-12-04 00:00:00-05:00,26.065029687376036,26.386339275016915,26.065029687376036,26.2198429107666,4200,0.0,0.0,0.0
2024-12-05 00:00:00-05:00,25.889768970144573,25.948188387318933,25.587933148103957,25.601564407348633,1900,0.0,0.0,0.0
2024-12-06 00:00:00-05:00,25.938452555077497,26.639493017941124,25.938452555077497,26.601518630981445,2600,0.0,0.0,0.0
2024-12-09 00:00:00-05:00,26.56160022706007,26.610282767860383,26.36881446838379,26.36881446838379,1200,0.0,0.0,0.0
2024-12-10 00:00:00-05:00,26.71738506447525,26.766067602502847,26.386338605952176,26.458389282226562,1700,0.0,0.0,0.0
2024-12-11 00:00:00-05:00,26.493441006831016,26.493441006831016,25.987136288617336,26.2607364654541,1500,0.0,0.0,0.0
2024-12-12 00:00:00-05:00,25.80214048399047,25.882954913601196,24.88689422607422,24.88689422607422,2800,0.0,0.0,0.0
2024-12-13 00:00:00-05:00,24.45458331063903,24.45458331063903,24.361112620814758,24.39129638671875,2200,0.0,0.0,0.0
2024-12-16 00:00:00-05:00,24.516899652727677,25.00373244374413,24.516899652727677,24.873260498046875,4000,0.0,0.0,0.0
2024-12-17 00:00:00-05:00,24.721368575817394,24.886891799330865,24.701896675554416,24.81776237487793,8800,0.0,0.0,0.0
2024-12-18 00:00:00-05:00,24.28516635088211,24.555845263313593,23.21218757981225,23.270606994628906,3100,0.0,0.0,0.0
2024-12-19 00:00:00-05:00,23.397185834234385,23.737967320156717,23.329027679930103,23.594839096069336,2900,0.0,0.0,0.0
2024-12-20 00:00:00-05:00,23.729564095659523,24.113093357837432,23.729564095659523,23.924278259277344,1200,0.24,0.0,0.0
2024-12-23 00:00:00-05:00,23.896743568164847,24.07769012451172,23.76890172839317,24.07769012451172,3100,0.0,0.0,0.0
2024-12-24 00:00:00-05:00,23.88691098454779,24.08457374572754,23.759067270059507,24.08457374572754,2300,0.0,0.0,0.0
2024-12-26 00:00:00-05:00,23.877077667664363,24.49662208557129,23.877077667664363,24.49662208557129,3100,0.0,0.0,0.0
2024-12-27 00:00:00-05:00,24.614630384564048,24.614630384564048,23.76890139640635,23.927228927612305,2600,0.0,0.0,0.0
2024-12-30 00:00:00-05:00,23.58205360200011,23.58205360200011,23.31653377760091,23.42864227294922,1600,0.0,0.0,0.0
2024-12-31 00:00:00-05:00,23.171974559876997,23.545669555664062,23.11985458372915,23.545669555664062,5200,0.0,0.0,0.0
2025-01-02 00:00:00-05:00,23.72759817392272,24.290106378389115,23.72759817392272,23.901660919189453,1700,0.0,0.0,0.0
2025-01-03 00:00:00-05:00,24.35894485572445,24.5084228515625,24.35894485572445,24.5084228515625,1100,0.0,0.0,0.0
2025-01-06 00:00:00-05:00,24.683469220518294,24.742473003320214,24.2969913482666,24.2969913482666,5400,0.0,0.0,0.0
2025-01-07 00:00:00-05:00,24.555624279143263,24.860481205770466,24.239952087402344,24.239952087402344,900,0.0,0.0,0.0
2025-01-08 00:00:00-05:00,24.398281165742823,24.398281165742823,23.85740908530735,23.86625862121582,2400,0.0,0.0,0.0
2025-01-10 00:00:00-05:00,23.513216170172235,23.513216170172235,22.20135410574785,22.294776916503906,9700,0.0,0.0,0.0
2025-01-13 00:00:00-05:00,21.910266686919986,21.910266686919986,21.29072041268118,21.723419189453125,3600,0.0,0.0,0.0
2025-01-14 00:00:00-05:00,21.73325349738171,21.73325349738171,21.054703440315798,21.152061462402344,3100,0.0,0.0,0.0
2025-01-15 00:00:00-05:00,21.59557560823142,21.920101099602473,21.467733767503532,21.870929718017578,6400,0.0,0.0,0.0
2025-01-16 00:00:00-05:00,21.39889531251566,21.45789909362793,21.34087439630795,21.45789909362793,2800,0.0,0.0,0.0
2025-01-17 00:00:00-05:00,21.56607485193606,21.62016243432521,21.37922735159985,21.466751098632812,3900,0.0,0.0,0.0
2025-01-21 00:00:00-05:00,21.880763841140553,22.205287454543093,21.66441539077099,22.09121322631836,5800,0.0,0.0,0.0
2025-01-22 00:00:00-05:00,22.175784191567054,22.470806846144683,22.1689003858978,22.43343734741211,2600,0.0,0.0,0.0
2025-01-23 00:00:00-05:00,22.136448761432323,22.844499749716558,22.136448761432323,22.798280715942383,3200,0.0,0.0,0.0
2025-01-24 00:00:00-05:00,22.77566244057511,22.77566244057511,22.52981116045172,22.586849212646484,1600,0.0,0.0,0.0
2025-01-27 00:00:00-05:00,23.247695689098297,23.247695689098297,22.578979928887964,22.614383697509766,1300,0.0,0.0,0.0
2025-01-28 00:00:00-05:00,22.30362880528166,22.60848387252946,22.30362880528166,22.602582931518555,2200,0.0,0.0,0.0
2025-01-29 00:00:00-05:00,22.490475146869596,22.57897987898762,22.490475146869596,22.55537986755371,2300,0.0,0.0,0.0
2025-01-30 00:00:00-05:00,22.893670824035674,23.031346934329598,22.618316727751502,22.88088607788086,1600,0.0,0.0,0.0
2025-01-31 00:00:00-05:00,22.785496950906612,22.785496950906612,22.588815174509104,22.63896942138672,2100,0.0,0.0,0.0
2025-02-03 00:00:00-05:00,21.851260269500262,22.460972246280352,21.851260269500262,22.10891342163086,5200,0.0,0.0,0.0
2025-02-04 00:00:00-05:00,22.21512096479288,22.68027114868164,22.21512096479288,22.68027114868164,1300,0.0,0.0,0.0
2025-02-05 00:00:00-05:00,22.77959547468331,23.454212188720703,22.755993587042322,23.454212188720703,2600,0.0,0.0,0.0
2025-02-06 00:00:00-05:00,23.414875900332444,23.46404728283878,23.098220825195312,23.098220825195312,2600,0.0,0.0,0.0
2025-02-07 00:00:00-05:00,22.982177858746574,22.982177858746574,22.161033630371094,22.161033630371094,2000,0.0,0.0,0.0
2025-02-10 00:00:00-05:00,22.16595137328954,22.16595137328954,21.623111724853516,21.623111724853516,4700,0.0,0.0,0.0
2025-02-11 00:00:00-05:00,21.310388200345763,21.310388200345763,20.877689439103726,20.956361770629883,2700,0.0,0.0,0.0
2025-02-12 00:00:00-05:00,20.582669182343277,21.293670654296875,20.582669182343277,21.293670654296875,3200,0.0,0.0,0.0
2025-02-13 00:00:00-05:00,21.320222862762417,21.536571309457443,21.27105148235693,21.513954162597656,4100,0.0,0.0,0.0
2025-02-14 00:00:00-05:00,21.841426398812683,22.185618559395515,21.811925446220343,21.960418701171875,4100,0.0,0.0,0.0
2025-02-18 00:00:00-05:00,22.421635718068586,22.480641375065634,21.720468521118164,21.720468521118164,1900,0.0,0.0,0.0
2025-02-19 00:00:00-05:00,21.792257725273288,21.96927095036483,21.792257725273288,21.837493896484375,6700,0.0,0.0,0.0
2025-02-20 00:00:00-05:00,21.72833469291504,21.790290818909142,21.63491188502584,21.78045654296875,2600,0.0,0.0,0.0
2025-02-21 00:00:00-05:00,22.008606525107485,22.008606525107485,21.330058319228893,21.387094497680664,4500,0.0,0.0,0.0
2025-02-24 00:00:00-05:00,21.231715697027752,21.231715697027752,20.60528564453125,20.60528564453125,3200,0.0,0.0,0.0
2025-02-25 00:00:00-05:00,20.454824850017193,20.454824850017193,19.85494902855895,20.073265075683594,4100,0.0,0.0,0.0
2025-02-26 00:00:00-05:00,20.405655159149504,20.405655159149504,19.92378690095676,20.080148696899414,1000,0.0,0.0,0.0
2025-02-27 00:00:00-05:00,20.37615413774938,20.37615413774938,19.738908767700195,19.738908767700195,2000,0.0,0.0,0.0
2025-02-28 00:00:00-05:00,19.48125527863246,20.00541114807129,19.451754324907828,20.00541114807129,3200,0.0,0.0,0.0
2025-03-03 00:00:00-05:00,19.687770785177193,19.687770785177193,18.863676071166992,18.863676071166992,1200,0.0,0.0,0.0
2025-03-04 00:00:00-05:00,18.478183491082877,19.294409682703307,18.458514938104926,19.03675651550293,14400,0.0,0.0,0.0
2025-03-05 00:00:00-05:00,19.10756167586424,19.68777084350586,19.038723617956997,19.68777084350586,18200,0.0,0.0,0.0
2025-03-06 00:00:00-05:00,19.304242040346633,19.94345688082608,19.304242040346633,19.80184555053711,37200,0.0,0.0,0.0
2025-03-07 00:00:00-05:00,19.6189335880987,20.041796229068176,19.6189335880987,19.758575439453125,15200,0.0,0.0,0.0
2025-03-10 00:00:00-04:00,19.333743780179255,19.559926499084057,18.891210742586082,19.04855728149414,15000,0.0,0.0,0.0
2025-03-11 00:00:00-04:00,18.940383399669322,19.451754527447303,18.576522669139788,19.407501220703125,21100,0.0,0.0,0.0
2025-03-12 00:00:00-04:00,19.717272031998203,20.041795648648716,19.677936802308416,19.933622360229492,25400,0.0,0.0,0.0
2025-03-13 00:00:00-04:00,20.11063500377836,20.11063500377836,19.26490601930076,19.353412628173828,5800,0.0,0.0,0.0
2025-03-14 00:00:00-04:00,19.74677551362409,19.8746173589613,19.609099391615327,19.623849868774414,25400,0.0,0.0,0.0
2025-03-17 00:00:00-04:00,19.461588212203782,19.923787943045983,19.434051113210238,19.80577850341797,22200,0.0,0.0,0.0
2025-03-18 00:00:00-04:00,19.55992670730388,19.55992670730388,19.122311740856755,19.26490592956543,14400,0.0,0.0,0.0
2025-03-19 00:00:00-04:00,19.382914804979325,19.7369412628335,19.14689779164204,19.643518447875977,88400,0.0,0.0,0.0
2025-03-20 00:00:00-04:00,19.441919512141073,19.884450687071656,19.382913854926546,19.648433685302734,333100,0.0,0.0,0.0
2025-03-21 00:00:00-04:00,19.18623354309957,19.500922871986877,19.1744316616333,19.225568771362305,46700,0.0,0.0,0.0
2025-03-24 00:00:00-04:00,19.520591912206072,19.76644319101044,19.38291392060207,19.69760513305664,74900,0.0,0.0,0.0
2025-03-25 00:00:00-04:00,19.717271148171704,19.717271148171704,18.920713556770934,19.03872299194336,27700,0.0,0.0,0.0
2025-03-26 00:00:00-04:00,18.989552920996065,19.009221474162896,18.281501888258312,18.419178009033203,102300,0.0,0.0,0.0
2025-03-27 00:00:00-04:00,18.783037144260657,18.84204092305246,18.556854429145158,18.7535343170166,28300,0.0,0.0,0.0
2025-03-28 00:00:00-04:00,18.761402520627914,18.761402520627914,18.26183327625723,18.350339889526367,142500,0.0,0.0,0.0
2025-03-31 00:00:00-04:00,17.927474323680496,17.927474323680496,17.003074890450836,17.248926162719727,262800,0.0,0.0,0.0
2025-04-01 00:00:00-04:00,17.199755751996396,17.199755751996396,16.226184884037707,16.255687713623047,142000,0.0,0.0,0.0
2025-04-02 00:00:00-04:00,16.098341849953968,17.08174692171008,16.098341849953968,16.96373748779297,85500,0.0,0.0,0.0
2025-04-03 00:00:00-04:00,16.354026587946127,16.422866523057756,15.90166112567692,16.127843856811523,188400,0.0,0.0,0.0
2025-04-04 00:00:00-04:00,15.64597551294715,15.72464784854407,14.95759210754998,15.065766334533691,90400,0.0,0.0,0.0
2025-04-07 00:00:00-04:00,14.574063514777347,15.360787794918581,13.866012506713616,14.790412902832031,105100,0.0,0.0,0.0
2025-04-08 00:00:00-04:00,15.409958353463654,15.567303023098416,13.767671722916475,13.905348777770996,145200,0.0,0.0,0.0
2025-04-09 00:00:00-04:00,13.740136602076019,15.419792744876178,13.19729692507524,15.026430130004883,200800,0.0,0.0,0.0
2025-04-10 00:00:00-04:00,14.687155627580802,14.760910822744313,13.929933248020015,14.593731880187988,90300,0.0,0.0,0.0
2025-04-11 00:00:00-04:00,14.67240445917207,15.440443992614746,14.480640760965256,15.440443992614746,224700,0.0,0.0,0.0
2025-04-14 00:00:00-04:00,15.881992572787883,16.204550462800192,15.53780133786372,16.127843856811523,112300,0.0,0.0,0.0
2025-04-15 00:00:00-04:00,16.265521924802755,16.550708440196093,16.029503040461197,16.20651626586914,28400,0.0,0.0,0.0
2025-04-16 00:00:00-04:00,16.177015063978168,16.206516017296043,15.773819112598206,15.950830459594727,23600,0.0,0.0,0.0
2025-04-17 00:00:00-04:00,16.07867456605206,16.440567691002403,16.009836505713103,16.363861083984375,100500,0.0,0.0,0.0
2025-04-21 00:00:00-04:00,16.32452449054663,17.20958867588126,16.32452449054663,16.88506507873535,252600,0.0,0.0,0.0
2025-04-22 00:00:00-04:00,17.170252264222697,17.71112619837514,17.11124848301027,17.593116760253906,122600,0.0,0.0,0.0
2025-04-23 00:00:00-04:00,18.320836677369087,18.66502884670786,17.9471435546875,17.9471435546875,177000,0.0,0.0,0.0
2025-04-24 00:00:00-04:00,17.927475376284157,18.39950939658857,17.927475376284157,18.350339889526367,102600,0.0,0.0,0.0
2025-04-25 00:00:00-04:00,18.133990177946167,18.242163461138745,17.838967528893587,18.020898818969727,59800,0.0,0.0,0.0
2025-04-28 00:00:00-04:00,18.192995118071153,18.497850186746525,18.015981892486597,18.251998901367188,31100,0.0,0.0,0.0
2025-04-29 00:00:00-04:00,18.286418068587256,18.556855985092557,18.045484857496216,18.37984275817871,41500,0.0,0.0,0.0
2025-04-30 00:00:00-04:00,17.976645316320436,18.920713281162733,17.976645316320436,18.773202896118164,112200,0.0,0.0,0.0
2025-05-01 00:00:00-04:00,18.399507906408267,19.032821760033116,18.370006954838818,18.763368606567383,28200,0.0,0.0,0.0
2025-05-02 00:00:00-04:00,19.18623354309957,19.60909803217802,19.146896439140477,19.225568771362305,76300,0.0,0.0,0.0
2025-05-05 00:00:00-04:00,18.979716966139293,19.21573583187848,18.684696197509766,18.684696197509766,205100,0.0,0.0,0.0
2025-05-06 00:00:00-04:00,18.566686812927745,18.566686812927745,16.85556222389439,16.86539649963379,150500,0.0,0.0,0.0
2025-05-07 00:00:00-04:00,16.98340768530167,16.98340768530167,16.580211716862593,16.688385009765625,93800,0.0,0.0,0.0
2025-05-08 00:00:00-04:00,16.816227380719162,17.63245352876916,16.481869500727946,17.258758544921875,89300,0.0,0.0,0.0
2025-05-09 00:00:00-04:00,17.652121831149113,17.868470272209944,16.993240356445312,16.993240356445312,71900,0.0,0.0,0.0
2025-05-12 00:00:00-04:00,17.62261964227567,18.084819368621314,17.435772146222586,17.63245391845703,70300,0.0,0.0,0.0
2025-05-13 00:00:00-04:00,17.799632552553664,17.799632552553664,17.1604196174543,17.317764282226562,53100,0.0,0.0,0.0
2025-05-14 00:00:00-04:00,17.514443760119146,17.534112311673475,16.65888240016527,16.934234619140625,44100,0.0,0.0,0.0
2025-05-15 00:00:00-04:00,16.776890241493778,17.2095890045166,16.570376073773826,17.2095890045166,24400,0.0,0.0,0.0
2025-05-16 00:00:00-04:00,17.121082637256542,17.59311663498774,17.121082637256542,17.455440521240234,21700,0.0,0.0,0.0
2025-05-19 00:00:00-04:00,17.45543986503434,17.799632012160195,17.170251496482653,17.74554443359375,36200,0.0,0.0,0.0
2025-05-20 00:00:00-04:00,17.907806893474994,18.56668841945575,17.701292712167348,18.429012298583984,54400,0.0,0.0,0.0
2025-05-21 00:00:00-04:00,18.311004138086403,18.34050509120587,17.622619804620623,17.799633026123047,48000,0.0,0.0,0.0
2025-05-22 00:00:00-04:00,17.730794893485616,18.035649953850957,17.622619730644583,17.934358596801758,18100,0.0,0.0,0.0
2025-05-23 00:00:00-04:00,17.573450285839908,17.799633012836882,17.543947457046055,17.789798736572266,14200,0.0,0.0,0.0
2025-05-27 00:00:00-04:00,17.74062885937534,17.829133592510388,17.376768147991047,17.42593765258789,68900,0.0,0.0,0.0
2025-05-28 00:00:00-04:00,17.583282413056192,17.750461355562887,17.465274851108163,17.49477767944336,37800,0.0,0.0,0.0
2025-05-29 00:00:00-04:00,17.60295163815365,18.29133598671743,17.60295163815365,18.212663650512695,32200,0.0,0.0,0.0
2025-05-30 00:00:00-04:00,18.202829064194052,18.202829064194052,17.6029513385332,17.888139724731445,33200,0.0,0.0,0.0
2025-06-02 00:00:00-04:00,18.251997458092408,18.72403331422386,18.006146192153732,18.694530487060547,60700,0.0,0.0,0.0
2025-06-03 00:00:00-04:00,18.625693041758584,19.51075725293965,18.625693041758584,19.323909759521484,56600,0.0,0.0,0.0
2025-06-04 00:00:00-04:00,19.451753408832953,19.471420085157696,19.146896479594947,19.25507164001465,29500,0.0,0.0,0.0
2025-06-05 00:00:00-04:00,19.353413282147947,19.579596012157044,18.93054877562007,19.431102752685547,26900,0.0,0.0,0.0
2025-06-06 00:00:00-04:00,19.84511561695478,20.346652453118136,19.84511561695478,20.193241119384766,85900,0.0,0.0,0.0
2025-06-09 00:00:00-04:00,20.218809519617686,20.385988471475223,19.697605986417972,20.00147819519043,77800,0.0,0.0,0.0
2025-06-10 00:00:00-04:00,20.159805430115437,20.58266994168783,20.061464540682902,20.307315826416016,41400,0.0,0.0,0.0
2025-06-11 00:00:00-04:00,20.6318390310642,20.6318390310642,19.837249012143854,19.884450912475586,45700,0.0,0.0,0.0
2025-06-12 00:00:00-04:00,19.786111892698933,20.041795573970884,19.638599623746728,19.854949951171875,29900,0.0,0.0,0.0
2025-06-13 00:00:00-04:00,19.7369401839823,19.815612517461044,19.294409011550496,19.520591735839844,27500,0.0,0.0,0.0
2025-06-16 00:00:00-04:00,19.78611137775551,19.78611137775551,19.294408829235405,19.527475357055664,36900,0.0,0.0,0.0
2025-06-17 00:00:00-04:00,19.618932229437743,19.658267457542628,19.123294475163217,19.146896362304688,35900,0.0,0.0,0.0
2025-06-18 00:00:00-04:00,19.176399110443057,19.609097871976235,18.989551619556586,19.252120971679688,29200,0.0,0.0,0.0
2025-06-20 00:00:00-04:00,19.42225031799017,19.42225031799017,18.704365060201194,18.999385833740234,41700,0.0,0.0,0.0
2025-06-23 00:00:00-04:00,18.88137816009518,19.048557097605787,18.45851367840975,18.871543884277344,33700,0.0,0.0,0.0
2025-06-24 00:00:00-04:00,19.16656508970877,19.64843336150813,19.028888976536482,19.5078067779541,50600,0.0,0.0,0.0
2025-06-25 00:00:00-04:00,19.756608681902705,19.756608681902705,19.028889130303007,19.48125457763672,53000,0.0,0.0,0.0
2025-06-26 00:00:00-04:00,19.37308122947333,19.412416458129883,19.117395678268412,19.412416458129883,45900,0.0,0.0,0.0
2025-06-27 00:00:00-04:00,19.417334210884636,19.461587514697044,18.989551648799246,19.087892532348633,29600,0.0,0.0,0.0
2025-06-30 00:00:00-04:00,19.166564772264714,19.274739931220648,18.992502028195634,18.999385833740234,10800,0.0,0.0,0.0
2025-07-01 00:00:00-04:00,18.930547905033244,19.628764615741783,18.832207021296398,19.137062072753906,49600,0.0,0.0,0.0
2025-07-02 00:00:00-04:00,19.1075618328866,20.071298402900606,19.1075618328866,19.854949951171875,36500,0.0,0.0,0.0
2025-07-03 00:00:00-04:00,19.93362239451386,20.04671375914908,19.74677489500086,19.982791900634766,24300,0.0,0.0,0.0
2025-07-07 00:00:00-04:00,19.99262586317729,19.99262586317729,19.540260411737123,19.658267974853516,18100,0.0,0.0,0.0
2025-07-08 00:00:00-04:00,19.894284362158224,20.208973688341626,19.874615810347677,19.987709045410156,168100,0.0,0.0,0.0
2025-07-09 00:00:00-04:00,20.26797961285056,21.33005704066783,20.26797961285056,21.23171615600586,91800,0.0,0.0,0.0
2025-07-10 00:00:00-04:00,21.0940399936432,21.241550382443542,20.672158368463936,21.172712326049805,48900,0.0,0.0,0.0
2025-07-11 00:00:00-04:00,20.995698773011462,21.089121580093234,20.838354110717773,20.838354110717773,14900,0.0,0.0,0.0
2025-07-14 00:00:00-04:00,20.956363083594812,21.4480656553637,20.94652880707586,21.33497428894043,20200,0.0,0.0,0.0
2025-07-15 00:00:00-04:00,21.32022322764567,21.39889556194451,20.65150744825734,20.715429306030273,9800,0.0,0.0,0.0
2025-07-16 00:00:00-04:00,21.054703875267023,21.23663330078125,20.740014530908425,21.23663330078125,12100,0.0,0.0,0.0
2025-07-17 00:00:00-04:00,21.418564872028075,21.67425043646712,21.369393489041833,21.511987686157227,10700,0.0,0.0,0.0
2025-07-18 00:00:00-04:00,21.782423466427794,21.93976813870394,21.24646759033203,21.24646759033203,22600,0.0,0.0,0.0
2025-07-21 00:00:00-04:00,21.43823036185734,21.88076340573502,21.246466668075797,21.280885696411133,16600,0.0,0.0,0.0
2025-07-22 00:00:00-04:00,21.280885759044697,21.359558091999347,21.015367807632988,21.34972381591797,127400,0.0,0.0,0.0
2025-07-23 00:00:00-04:00,21.654581450832122,22.205287799405166,21.4382311214061,22.057777404785156,87000,0.0,0.0,0.0
2025-07-24 00:00:00-04:00,22.057776300778322,22.13153055654866,21.723418422669706,21.91518211364746,65000,0.0,0.0,0.0
2025-07-25 00:00:00-04:00,21.556239434103798,21.959435366950515,21.467732826825607,21.856178283691406,13500,0.0,0.0,0.0
2025-07-28 00:00:00-04:00,22.32329720054092,22.401969535910464,21.900432694543465,22.028274536132812,19700,0.0,0.0,0.0
2025-07-29 00:00:00-04:00,21.684082811229676,21.851261761788436,21.408730569624517,21.492319107055664,20900,0.0,0.0,0.0
2025-07-30 00:00:00-04:00,21.969270490490306,22.34296361009728,21.575908818352335,21.762754440307617,142100,0.0,0.0,0.0
2025-07-31 00:00:00-04:00,21.674249263193335,21.762753996384678,21.241550494819677,21.300554275512695,28600,0.0,0.0,0.0
2025-08-01 00:00:00-04:00,20.87768959688792,21.212047477325104,20.828520092698596,21.094039916992188,29700,0.0,0.0,0.0
2025-08-04 00:00:00-04:00,21.025200429245075,21.42839825003852,20.867855761680197,21.372343063354492,15200,0.0,0.0,0.0
2025-08-05 00:00:00-04:00,21.305472651962415,21.654581016557707,21.271051747401494,21.615243911743164,11700,0.0,0.0,0.0
2025-08-06 00:00:00-04:00,21.172712334998796,21.22188183938757,20.86785540556003,21.202213287353516,13000,0.0,0.0,0.0
2025-08-07 00:00:00-04:00,21.261218419662512,21.261218419662512,20.56299984522583,20.671175003051758,18200,0.0,0.0,0.0
2025-08-08 00:00:00-04:00,20.730179742566683,20.730179742566683,20.582669350502968,20.68592643737793,8600,0.0,0.0,0.0
2025-08-11 00:00:00-04:00,20.61217033001836,20.83835493221657,20.523665595223374,20.705595016479492,5900,0.0,0.0,0.0
2025-08-12 00:00:00-04:00,21.12354209738916,21.438231444168693,21.05470403724319,21.384145736694336,3700,0.0,0.0,0.0
2025-08-13 00:00:00-04:00,21.64474725916498,22.323297327909103,21.57590919978592,22.146284103393555,22300,0.0,0.0,0.0
2025-08-14 00:00:00-04:00,21.88076430004445,22.215122196707586,21.84142719422693,22.195453643798828,9500,0.0,0.0,0.0
2025-08-15 00:00:00-04:00,22.323297729021835,22.608484248101764,22.244625391789807,22.569149017333984,14900,0.0,0.0,0.0
2025-08-18 00:00:00-04:00,22.608483118409456,22.67732117558575,22.406885147094727,22.406885147094727,6000,0.0,0.0,0.0
2025-08-19 00:00:00-04:00,22.264291240013552,22.264291240013552,21.703750623652592,21.713584899902344,13900,0.0,0.0,0.0
2025-08-20 00:00:00-04:00,21.841426841251458,21.841426841251458,21.467733720506438,21.811925888061523,10900,0.0,0.0,0.0
2025-08-21 00:00:00-04:00,21.75292159327818,22.26429081871392,21.75292159327818,22.259374618530273,9100,0.0,0.0,0.0
2025-08-22 00:00:00-04:00,22.43147019057775,23.13952307516884,22.362632132508374,22.692073822021484,16000,0.0,0.0,0.0
2025-08-25 00:00:00-04:00,22.73632750594109,22.755994183076705,22.10694694519043,22.10694694519043,2200,0.0,0.0,0.0
2025-08-26 00:00:00-04:00,22.27412625630867,22.500308990478516,22.136450135630756,22.500308990478516,18300,0.0,0.0,0.0
2025-08-27 00:00:00-04:00,22.47080712831014,22.716658405697125,22.416719547173575,22.5445613861084,23200,0.0,0.0,0.0
2025-08-28 00:00:00-04:00,22.637987005653276,23.119855304122616,22.431470948768432,22.490476608276367,17200,0.0,0.0,0.0
2025-08-29 00:00:00-04:00,22.58881546374138,22.618318293287697,22.05777766178287,22.32329750061035,15400,0.0,0.0,0.0
2025-09-02 00:00:00-04:00,22.480640749153867,23.011678517467306,22.446221721378752,22.814998626708984,21200,0.0,0.0,0.0
2025-09-03 00:00:00-04:00,23.1395225254259,23.493547083614214,22.893671252049625,23.119853973388672,22900,0.0,0.0,0.0
2025-09-04 00:00:00-04:00,23.188692016244378,23.218194844282944,22.662570441582925,23.11001968383789,12800,0.0,0.0,0.0
2025-09-05 00:00:00-04:00,23.385374072318257,24.122927901073542,23.296867462811914,23.97640037536621,16600,0.0,0.0,0.0
2025-09-08 00:00:00-04:00,24.299939800523262,24.30977407688197,23.867242894918768,23.97541618347168,14200,0.0,0.0,0.0
2025-09-09 00:00:00-04:00,23.945915454707126,24.201601015342554,23.74923367708097,24.1917667388916,5100,0.0,0.0,0.0
2025-09-10 00:00:00-04:00,24.290107254416014,24.290107254416014,23.74923331210442,23.798404693603516,8800,0.0,0.0,0.0
2025-09-11 00:00:00-04:00,23.975415556120087,24.319607716882793,23.975415556120087,24.29502296447754,15700,0.0,0.0,0.0
2025-09-12 00:00:00-04:00,24.21143484381703,24.304857654827842,23.7197322845459,23.7197322845459,8000,0.0,0.0,0.0
2025-09-15 00:00:00-04:00,23.660726498883378,23.660726498883378,23.414875220578324,23.601722717285156,11900,0.0,0.0,0.0
2025-09-16 00:00:00-04:00,23.7197322845459,23.906577906567517,23.7197322845459,23.7197322845459,2800,0.0,0.0,0.0
2025-09-17 00:00:00-04:00,24.024586384914652,24.506454648638034,23.719731335558297,23.734481811523438,27400,0.0,0.0,0.0
2025-09-18 00:00:00-04:00,24.18193210736403,24.835895538330078,24.18193210736403,24.835895538330078,6100,0.0,0.0,0.0
2025-09-19 00:00:00-04:00,24.722803530644647,24.762140634846634,24.13276197318581,24.157346725463867,4700,0.0,0.0,0.0
2025-09-22 00:00:00-04:00,24.172097979889664,24.998158437761923,24.172097979889664,24.973573684692383,27600,0.0,0.0,0.0
2025-09-23 00:00:00-04:00,24.9883230570819,25.106332492575483,24.78180888958856,24.830978393554688,5500,0.0,0.0,0.0
2025-09-24 00:00:00-04:00,25.322682312546995,25.696375439814066,25.322682312546995,25.646223068237305,5400,0.0,0.0,0.0
2025-09-25 00:00:00-04:00,25.627536379770792,25.627536379770792,25.16533665804014,25.224340438842773,4000,0.0,0.0,0.0
2025-09-26 00:00:00-04:00,25.460357045793295,26.365089798856484,25.442656099394647,26.361156463623047,12600,0.0,0.0,0.0
2025-09-29 00:00:00-04:00,26.551938311815334,26.6502791992206,26.129073808960182,26.608976364135742,20500,0.0,0.0,0.0
2025-09-30 00:00:00-04:00,26.650279223988175,26.925631458143123,26.5322697838529,26.842042922973633,9400,0.0,0.0,0.0
2025-10-01 00:00:00-04:00,26.827291502225027,27.43700160699358,26.827291502225027,26.837125778198242,13900,0.0,0.0,0.0
2025-10-02 00:00:00-04:00,27.191151170323863,27.324893951416016,26.91579893739779,27.324893951416016,5200,0.0,0.0,0.0
2025-10-03 00:00:00-04:00,27.5550109183902,27.820530741377457,27.49600526281769,27.677936553955078,6600,0.0,0.0,0.0
2025-10-06 00:00:00-04:00,28.036880168354674,28.05654872090222,27.673019449010713,27.70252227783203,7500,0.0,0.0,0.0
2025-10-07 00:00:00-04:00,27.71235734107499,27.722191617628035,27.161650983979737,27.540260314941406,3900,0.0,0.0,0.0
2025-10-08 00:00:00-04:00,27.751692522517374,28.853107110456712,27.751692522517374,28.499080657958984,14300,0.0,0.0,0.0
2025-10-09 00:00:00-04:00,28.82360299377322,29.177629430462407,28.66625832762167,29.14812660217285,24000,0.0,0.0,0.0
2025-10-10 00:00:00-04:00,29.187465036523744,29.187465036523744,27.88150199712229,28.518749237060547,37000,0.0,0.0,0.0
2025-10-13 00:00:00-04:00,28.582669980288017,28.82262031637566,28.361403455917845,28.743947982788086,21600,0.0,0.0,0.0
2025-10-14 00:00:00-04:00,28.410573730223145,28.971114356672953,28.390907053066076,28.74591636657715,25300,0.0,0.0,0.0
2025-10-15 00:00:00-04:00,29.207132836818708,30.151200852413,29.207132836818708,30.145299911499023,22600,0.0,0.0,0.0
2025-10-16 00:00:00-04:00,30.878920657311227,31.203444274662626,29.785374634684256,29.98402214050293,21100,0.0,0.0,0.0
2025-10-17 00:00:00-04:00,30.0921967554532,30.20037004213111,29.325140094037636,29.607378005981445,8800,0.0,0.0,0.0
2025-10-20 00:00:00-04:00,30.51506154895019,30.90842322181219,30.318379774670984,30.890722274780273,39500,0.0,0.0,0.0
2025-10-21 00:00:00-04:00,30.780579356622553,31.085436292847266,30.69207274619556,30.73337745666504,9000,0.0,0.0,0.0
2025-10-22 00:00:00-04:00,30.397052824207734,30.500309914069625,29.30547251510643,29.64179801940918,38600,0.0,0.0,0.0
2025-10-23 00:00:00-04:00,29.76767297201325,30.013524248209535,29.580825476909087,29.624095916748047,23100,0.0,0.0,0.0
2025-10-24 00:00:00-04:00,30.210204745208692,30.342964662081393,29.915183958178087,30.059743881225586,8200,0.0,0.0,0.0
2025-10-27 00:00:00-04:00,30.416720340442666,31.4492949552578,30.416720340442666,31.360788345336914,23500,0.0,0.0,0.0
2025-10-28 00:00:00-04:00,31.183775457185117,31.744316075515385,31.144440227744326,31.511249542236328,11200,0.0,0.0,0.0
2025-10-29 00:00:00-04:00,31.359806469392435,31.65581012624163,30.947759100241807,31.18181037902832,12100,0.0,0.0,0.0
2025-10-30 00:00:00-04:00,31.23786246358013,31.96066581374458,31.23786246358013,31.512231826782227,14600,0.0,0.0,0.0
2025-10-31 00:00:00-04:00,31.468964417088245,31.81315471484299,31.41979491046512,31.723665237426758,21200,0.0,0.0,0.0
2025-11-03 00:00:00-05:00,31.409960585326377,31.409960585326377,30.121698505996758,30.433439254760742,13000,0.0,0.0,0.0
2025-11-04 00:00:00-05:00,29.954519409292168,30.513094304351018,29.88863182067871,29.88863182067871,10300,0.0,0.0,0.0
2025-11-05 00:00:00-05:00,29.679166581805728,29.679166581805728,29.010450805499733,29.452983856201172,15200,0.0,0.0,0.0
2025-11-06 00:00:00-05:00,29.46281687911017,29.845363291453342,29.38906261956614,29.530672073364258,3400,0.0,0.0,0.0
2025-11-07 00:00:00-05:00,28.87965878924696,29.197298598650118,28.24831250582296,29.196313858032227,24300,0.0,0.0,0.0
2025-11-10 00:00:00-05:00,30.269210862224075,30.347883198338447,30.14136714372794,30.328214645385742,7300,0.0,0.0,0.0
2025-11-11 00:00:00-05:00,29.96435293611311,31.508300529743405,29.96435293611311,31.466012954711914,9100,0.0,0.0,0.0
2025-11-12 00:00:00-05:00,31.56730322037643,31.94099822073387,31.488632760581257,31.710880279541016,17900,0.0,0.0,0.0
2025-11-13 00:00:00-05:00,31.470929014903273,31.744315513398004,30.940874099731445,30.940874099731445,14800,0.0,0.0,0.0
2025-11-14 00:00:00-05:00,30.732392968821944,32.38353101119623,30.732392968821944,31.803321838378906,32500,0.0,0.0,0.0
2025-11-17 00:00:00-05:00,31.99016529198891,32.88703322457859,31.62630647142277,32.33238983154297,11800,0.0,0.0,0.0
2025-11-18 00:00:00-05:00,33.199754733212416,33.41610505701241,32.6156141109023,33.18992233276367,23100,0.0,0.0,0.0
2025-11-19 00:00:00-05:00,33.43577366325854,33.8783067120214,33.20270713290175,33.2292594909668,45700,0.0,0.0,0.0
2025-11-20 00:00:00-05:00,33.966815132849746,34.812544170824886,33.03257948040295,33.101417541503906,28200,0.0,0.0,0.0
2025-11-21 00:00:00-05:00,32.993241244024475,34.37984232234335,32.649050950304236,33.93730926513672,28300,0.0,0.0,0.0
2025-11-24 00:00:00-05:00,34.360171670186155,35.638601257645234,34.360171670186155,35.62876510620117,24600,0.0,0.0,0.0
2025-11-25 00:00:00-05:00,35.864785036873656,36.08998489379883,35.41241584184049,36.08998489379883,35800,0.0,0.0,0.0
2025-11-26 00:00:00-05:00,35.887403859249694,37.04486988013091,35.887403859249694,36.89146041870117,23900,0.0,0.0,0.0
2025-11-28 00:00:00-05:00,37.18254854968889,37.20221710205078,36.95636582461632,37.20221710205078,10500,0.0,0.0,0.0
2025-12-01 00:00:00-05:00,36.995697929024765,36.995697929024765,35.69858639298008,35.982791900634766,40900,0.0,0.0,0.0
2025-12-02 00:00:00-05:00,36.01229407316283,36.01229407316283,34.55685496071778,34.72304916381836,73900,0.0,0.0,0.0
2025-12-03 00:00:00-05:00,34.98955694914604,36.77935401750647,34.98955694914604,36.7203483581543,26400,0.0,0.0,0.0
2025-12-04 00:00:00-05:00,36.61709014542482,37.7529218555393,36.35648838954511,37.55624008178711,48500,0.0,0.0,0.0
2025-12-05 00:00:00-05:00,37.97910258988413,38.06367773639873,37.6250761659819,37.855194091796875,24000,0.0,0.0,0.0
2025-12-08 00:00:00-05:00,38.677323326524615,40.1425947846953,38.55439769238447,39.62139129638672,67700,0.0,0.0,0.0
2025-12-09 00:00:00-05:00,39.69023226432475,39.76988934156166,38.62913577168238,38.696990966796875,29100,0.0,0.0,0.0
2025-12-10 00:00:00-05:00,38.569149013134464,39.31653523446566,38.569149013134464,39.15034103393555,26400,0.0,0.0,0.0
2025-12-11 00:00:00-05:00,39.218195101233704,39.84068993809786,38.98217623466803,39.385372161865234,48300,0.0,0.0,0.0
2025-12-12 00:00:00-05:00,39.346038804465664,39.94591655234158,39.060854159099115,39.28703689575195,20400,0.0,0.0,0.0
2025-12-15 00:00:00-05:00,39.58205560141818,39.975419145219206,39.13362161165216,39.139522552490234,13900,0.0,0.0,0.0
2025-12-16 00:00:00-05:00,38.992013966641615,39.3460366537514,38.50031141347535,39.04118347167969,21400,0.0,0.0,0.0
2025-12-17 00:00:00-05:00,39.04118238285814,39.582054425978065,37.90043264138256,37.93976974487305,27200,0.0,0.0,0.0
2025-12-18 00:00:00-05:00,38.44130640316399,39.0116794237061,37.802091572739364,37.92698669433594,12200,0.0,0.0,0.0
2025-12-19 00:00:00-05:00,37.959437260554445,39.434544984431845,37.959437260554445,38.81500244140625,48700,0.0,0.0,0.0
2025-12-22 00:00:00-05:00,39.209999084472656,40.30500030517578,39.099998474121094,40.18000030517578,17800,0.655,0.0,0.0
2025-12-23 00:00:00-05:00,40.040000915527344,40.099998474121094,39.33000183105469,39.5099983215332,32200,0.0,0.0,0.0
2025-12-24 00:00:00-05:00,39.54999923706055,40.31999969482422,39.54999923706055,40.31999969482422,20400,0.0,0.0,0.0
2025-12-26 00:00:00-05:00,40.189998626708984,40.189998626708984,39.27000045776367,39.560001373291016,55200,0.0,0.0,0.0
2025-12-29 00:00:00-05:00,39.45000076293945,39.45000076293945,38.81999969482422,38.83000183105469,16100,0.0,0.0,0.0
2025-12-30 00:00:00-05:00,38.83000183105469,38.88999938964844,37.970001220703125,38.119998931884766,19700,0.0,0.0,0.0
2025-12-31 00:00:00-05:00,38.189998626708984,38.68000030517578,38.07500076293945,38.560001373291016,16900,0.0,0.0,0.0
2026-01-02 00:00:00-05:00,39.130001068115234,39.130001068115234,37.29999923706055,37.630001068115234,93000,0.0,0.0,0.0
2026-01-05 00:00:00-05:00,37.810001373291016,38.28799819946289,36.21799850463867,36.7599983215332,89000,0.0,0.0,0.0
2026-01-06 00:00:00-05:00,37.119998931884766,37.380001068115234,36.560001373291016,37.20000076293945,43900,0.0,0.0,0.0
2026-01-07 00:00:00-05:00,37.38999938964844,40.06999969482422,37.38999938964844,39.5099983215332,31000,0.0,0.0,0.0
2026-01-08 00:00:00-05:00,39.189998626708984,39.444000244140625,38.66999816894531,39.04999923706055,17100,0.0,0.0,0.0
2026-01-09 00:00:00-05:00,39.63999938964844,40.02000045776367,39.439998626708984,39.553001403808594,12800,0.0,0.0,0.0
2026-01-12 00:00:00-05:00,39.47999954223633,39.47999954223633,38.4010009765625,39.36600112915039,18700,0.0,0.0,0.0
2026-01-13 00:00:00-05:00,39.060001373291016,39.90599822998047,38.83000183105469,39.81999969482422,9900,0.0,0.0,0.0
2026-01-14 00:00:00-05:00,39.810001373291016,41.4900016784668,39.810001373291016,41.4900016784668,14200,0.0,0.0,0.0
2026-01-15 00:00:00-05:00,41.61000061035156,41.61000061035156,40.36000061035156,40.36000061035156,20300,0.0,0.0,0.0
2026-01-16 00:00:00-05:00,40.529998779296875,41.040000915527344,40.04999923706055,40.58000183105469,14300,0.0,0.0,0.0
2026-01-20 00:00:00-05:00,40.099998474121094,41.61000061035156,39.72999954223633,41.59000015258789,21000,0.0,0.0,0.0
2026-01-21 00:00:00-05:00,41.630001068115234,42.369998931884766,41.310001373291016,42.369998931884766,18000,0.0,0.0,0.0
2026-01-22 00:00:00-05:00,42.77000045776367,44.099998474121094,42.77000045776367,43.900001525878906,28700,0.0,0.0,0.0
2026-01-23 00:00:00-05:00,44.08000183105469,44.08000183105469,42.709999084472656,42.77000045776367,21200,0.0,0.0,0.0
2026-01-26 00:00:00-05:00,42.34000015258789,42.380001068115234,41.52000045776367,42.099998474121094,34200,0.0,0.0,0.0
2026-01-27 00:00:00-05:00,42.0099983215332,42.880001068115234,42.0099983215332,42.79999923706055,14800,0.0,0.0,0.0
2026-01-28 00:00:00-05:00,42.93000030517578,42.939998626708984,41.45000076293945,41.45000076293945,15500,0.0,0.0,0.0
2026-01-29 00:00:00-05:00,41.459999084472656,41.875,41.11000061035156,41.5,18900,0.0,0.0,0.0
2026-01-30 00:00:00-05:00,41.290000915527344,41.689998626708984,40.42499923706055,40.84199905395508,22000,0.0,0.0,0.0
2026-02-02 00:00:00-05:00,40.58000183105469,42.21500015258789,40.58000183105469,41.91699981689453,20200,0.0,0.0,0.0
2026-02-03 00:00:00-05:00,42.33000183105469,42.900001525878906,41.38999938964844,42.198001861572266,22000,0.0,0.0,0.0
2026-02-04 00:00:00-05:00,42.43000030517578,42.43000030517578,40.270999908447266,40.970001220703125,33800,0.0,0.0,0.0
2026-02-05 00:00:00-05:00,40.849998474121094,41.34000015258789,38.83000183105469,38.87799835205078,21100,0.0,0.0,0.0
2026-02-06 00:00:00-05:00,39.790000915527344,40.9900016784668,39.779998779296875,40.869998931884766,23300,0.0,0.0,0.0
2026-02-09 00:00:00-05:00,40.810001373291016,41.2400016784668,40.040000915527344,40.95000076293945,30600,0.0,0.0,0.0
2026-02-10 00:00:00-05:00,41.130001068115234,41.540000915527344,40.720001220703125,40.9900016784668,16500,0.0,0.0,0.0
2026-02-11 00:00:00-05:00,41.150001525878906,41.150001525878906,39.470001220703125,40.599998474121094,45500,0.0,0.0,0.0
2026-02-12 00:00:00-05:00,40.97999954223633,40.97999954223633,39.6150016784668,40.29999923706055,19000,0.0,0.0,0.0
2026-02-13 00:00:00-05:00,40.45000076293945,41.349998474121094,39.875,39.875,13900,0.0,0.0,0.0
2026-02-17 00:00:00-05:00,39.83000183105469,40.79999923706055,39.560001373291016,40.507999420166016,22200,0.0,0.0,0.0
2026-02-18 00:00:00-05:00,40.709999084472656,41.3849983215332,40.68000030517578,41.04999923706055,10600,0.0,0.0,0.0
2026-02-19 00:00:00-05:00,41.09000015258789,41.439998626708984,40.25,41.43000030517578,12100,0.0,0.0,0.0
2026-02-20 00:00:00-05:00,41.33000183105469,41.33000183105469,40.290000915527344,40.81999969482422,21900,0.0,0.0,0.0
2026-02-23 00:00:00-05:00,40.959999084472656,41.869998931884766,40.724998474121094,41.375,21000,0.0,0.0,0.0
2026-02-24 00:00:00-05:00,41.88999938964844,42.66999816894531,41.880001068115234,42.64099884033203,56600,0.0,0.0,0.0
2026-02-25 00:00:00-05:00,42.89500045776367,43.50400161743164,42.75,42.750999450683594,13300,0.0,0.0,0.0
2026-02-26 00:00:00-05:00,42.58000183105469,42.709999084472656,41.689998626708984,42.709999084472656,8800,0.0,0.0,0.0
2026-02-27 00:00:00-05:00,42.380001068115234,42.5099983215332,42.09000015258789,42.46699905395508,5300,0.0,0.0,0.0
2026-03-02 00:00:00-05:00,41.40999984741211,42.47999954223633,41.209999084472656,42.22999954223633,18000,0.0,0.0,0.0
2026-03-03 00:00:00-05:00,41.130001068115234,41.90999984741211,40.45000076293945,41.23899841308594,15100,0.0,0.0,0.0
2026-03-04 00:00:00-05:00,41.560001373291016,42.775001525878906,41.290000915527344,42.540000915527344,25500,0.0,0.0,0.0
2026-03-05 00:00:00-05:00,41.56999969482422,42.130001068115234,40.983001708984375,41.34000015258789,14200,0.0,0.0,0.0
2026-03-06 00:00:00-05:00,40.59000015258789,41.61000061035156,40.59000015258789,41.43000030517578,18500,0.0,0.0,0.0
2026-03-09 00:00:00-04:00,41.459999084472656,42.65999984741211,41.459999084472656,42.619998931884766,31000,0.0,0.0,0.0
2026-03-10 00:00:00-04:00,43.150001525878906,43.98500061035156,42.84000015258789,43.36000061035156,25700,0.0,0.0,0.0
2026-03-11 00:00:00-04:00,43.5,43.5,42.5,42.959999084472656,27800,0.0,0.0,0.0
2026-03-12 00:00:00-04:00,42.72999954223633,42.72999954223633,40.869998931884766,41.39899826049805,13400,0.0,0.0,0.0
2026-03-13 00:00:00-04:00,41.880001068115234,42.209999084472656,40.500999450683594,40.650001525878906,13000,0.0,0.0,0.0
2026-03-16 00:00:00-04:00,41.52000045776367,41.880001068115234,41.38999938964844,41.4900016784668,19800,0.0,0.0,0.0
2026-03-17 00:00:00-04:00,41.560001373291016,41.590999603271484,40.880001068115234,41.119998931884766,9500,0.0,0.0,0.0
2026-03-18 00:00:00-04:00,40.83000183105469,40.83000183105469,39.88999938964844,39.88999938964844,11700,0.0,0.0,0.0
2026-03-19 00:00:00-04:00,39.380001068115234,40.619998931884766,39.20000076293945,40.43000030517578,17000,0.0,0.0,0.0
2026-03-20 00:00:00-04:00,40.2599983215332,40.75,39.459999084472656,39.599998474121094,15100,0.0,0.0,0.0
2026-03-23 00:00:00-04:00,40.349998474121094,40.40999984741211,39.7599983215332,39.869998931884766,34700,0.0,0.0,0.0
2026-03-24 00:00:00-04:00,39.5,39.560001373291016,38.84000015258789,39.391998291015625,8800,0.0,0.0,0.0
2026-03-25 00:00:00-04:00,39.540000915527344,41.255001068115234,39.540000915527344,40.97700119018555,6500,0.0,0.0,0.0
2026-03-26 00:00:00-04:00,40.7400016784668,41.58000183105469,40.7400016784668,41.18299865722656,13700,0.0,0.0,0.0
2026-03-27 00:00:00-04:00,40.88999938964844,41.150001525878906,39.459999084472656,39.56999969482422,30000,0.0,0.0,0.0
2026-03-30 00:00:00-04:00,39.90999984741211,39.90999984741211,38.630001068115234,38.65999984741211,19000,0.0,0.0,0.0
2026-03-31 00:00:00-04:00,39.79999923706055,41.724998474121094,39.79999923706055,41.624000549316406,26700,0.0,0.0,0.0
2026-04-01 00:00:00-04:00,42.04999923706055,42.86000061035156,42.04999923706055,42.41999816894531,12600,0.0,0.0,0.0
2026-04-02 00:00:00-04:00,41.150001525878906,43.09000015258789,40.88999938964844,42.83599853515625,12000,0.0,0.0,0.0
2026-04-06 00:00:00-04:00,43.119998931884766,43.45000076293945,42.70000076293945,42.779998779296875,8100,0.0,0.0,0.0
2026-04-07 00:00:00-04:00,42.189998626708984,43.060001373291016,41.8120002746582,43.060001373291016,4900,0.0,0.0,0.0
2026-04-08 00:00:00-04:00,44.0,44.0,43.185001373291016,43.43000030517578,14600,0.0,0.0,0.0
2026-04-09 00:00:00-04:00,43.400001525878906,44.459999084472656,43.400001525878906,44.459999084472656,30100,0.0,0.0,0.0
2026-04-10 00:00:00-04:00,44.7599983215332,44.7599983215332,43.23500061035156,43.400001525878906,17200,0.0,0.0,0.0
2026-04-13 00:00:00-04:00,44.130001068115234,45.084999084472656,43.790000915527344,44.45199966430664,20200,0.0,0.0,0.0
2026-04-14 00:00:00-04:00,44.810001373291016,45.869998931884766,44.810001373291016,45.39500045776367,19100,0.0,0.0,0.0
2026-04-15 00:00:00-04:00,45.52000045776367,46.040000915527344,45.02000045776367,45.97999954223633,14100,0.0,0.0,0.0
2026-04-16 00:00:00-04:00,46.099998474121094,46.38999938964844,45.63999938964844,46.38399887084961,13300,0.0,0.0,0.0
2026-04-17 00:00:00-04:00,47.0,47.810001373291016,46.84000015258789,47.41999816894531,28100,0.0,0.0,0.0
2026-04-20 00:00:00-04:00,47.63999938964844,48.08000183105469,47.400001525878906,47.75,23400,0.0,0.0,0.0
2026-04-21 00:00:00-04:00,48.18000030517578,48.18000030517578,47.0,47.0890007019043,28900,0.0,0.0,0.0
2026-04-22 00:00:00-04:00,47.900001525878906,48.10499954223633,47.23500061035156,47.35100173950195,8500,0.0,0.0,0.0
2026-04-23 00:00:00-04:00,47.400001525878906,47.625,45.939998626708984,46.29199981689453,66300,0.0,0.0,0.0
2026-04-24 00:00:00-04:00,46.720001220703125,46.720001220703125,45.13999938964844,45.95000076293945,21700,0.0,0.0,0.0
2026-04-27 00:00:00-04:00,45.849998474121094,46.90999984741211,45.459999084472656,45.582000732421875,12300,0.0,0.0,0.0
2026-04-28 00:00:00-04:00,45.029998779296875,45.849998474121094,44.0099983215332,44.09600067138672,15000,0.0,0.0,0.0
2026-04-29 00:00:00-04:00,43.779998779296875,43.779998779296875,42.599998474121094,42.810001373291016,22400,0.0,0.0,0.0
2026-04-30 00:00:00-04:00,43.119998931884766,43.93000030517578,42.88999938964844,43.90399932861328,9400,0.0,0.0,0.0
2026-05-01 00:00:00-04:00,44.11000061035156,44.11000061035156,43.20000076293945,43.814998626708984,10300,0.0,0.0,0.0
2026-05-04 00:00:00-04:00,43.56999969482422,45.06999969482422,43.56999969482422,44.81399917602539,102600,0.0,0.0,0.0
2026-05-05 00:00:00-04:00,45.47999954223633,45.560001373291016,44.220001220703125,44.91600036621094,16900,0.0,0.0,0.0
2026-05-06 00:00:00-04:00,45.40999984741211,46.02000045776367,44.7400016784668,46.02000045776367,71200,0.0,0.0,0.0
2026-05-07 00:00:00-04:00,46.040000915527344,46.040000915527344,43.599998474121094,44.21900177001953,21000,0.0,0.0,0.0
2026-05-08 00:00:00-04:00,44.32500076293945,44.720001220703125,44.310001373291016,44.612998962402344,10900,0.0,0.0,0.0
2026-05-11 00:00:00-04:00,44.88999938964844,46.099998474121094,44.51499938964844,44.68299865722656,10000,0.0,0.0,0.0
2026-05-12 00:00:00-04:00,44.349998474121094,44.54999923706055,43.7599983215332,44.54100036621094,15000,0.0,0.0,0.0
2026-05-13 00:00:00-04:00,44.16999816894531,45.0,44.060001373291016,44.959999084472656,6900,0.0,0.0,0.0
2026-05-14 00:00:00-04:00,45.040000915527344,45.25,43.84000015258789,44.08300018310547,18000,0.0,0.0,0.0
2026-05-15 00:00:00-04:00,43.59000015258789,43.59000015258789,42.209999084472656,42.439998626708984,13400,0.0,0.0,0.0
2026-05-18 00:00:00-04:00,42.689998626708984,42.97999954223633,40.619998931884766,41.167999267578125,97700,0.0,0.0,0.0
2026-05-19 00:00:00-04:00,40.459999084472656,41.084999084472656,40.08000183105469,40.540000915527344,39700,0.0,0.0,0.0
2026-05-20 00:00:00-04:00,41.11000061035156,42.4900016784668,40.939998626708984,42.46699905395508,51800,0.0,0.0,0.0
2026-05-21 00:00:00-04:00,42.150001525878906,43.38999938964844,42.09000015258789,43.334999084472656,43700,0.0,0.0,0.0
2026-05-22 00:00:00-04:00,43.52000045776367,43.959999084472656,42.70800018310547,42.70800018310547,68100,0.0,0.0,0.0
2026-05-26 00:00:00-04:00,43.34000015258789,43.369998931884766,42.86000061035156,43.369998931884766,6200,0.0,0.0,0.0
2026-05-27 00:00:00-04:00,43.459999084472656,44.45399856567383,43.369998931884766,43.56100082397461,6100,0.0,0.0,0.0
2026-05-28 00:00:00-04:00,43.56999969482422,43.779998779296875,43.369998931884766,43.70000076293945,3000,0.0,0.0,0.0
2026-05-29 00:00:00-04:00,43.720001220703125,44.56700134277344,43.720001220703125,44.56700134277344,9700,0.0,0.0,0.0
