Date,Open,High,Low,Close,Volume,Dividends,Stock Splits
1997-11-12 00:00:00-05:00,4.1480442253318985,4.1480442253318985,3.991935034055967,4.1257429122924805,893200,0.0,0.0
1997-11-13 00:00:00-05:00,4.125742458161853,4.415659495762416,4.125742458161853,4.214947700500488,507600,0.0,0.0
1997-11-14 00:00:00-05:00,4.192647105112126,4.304153677056598,4.148044476334338,4.259551048278809,500400,0.0,0.0
1997-11-17 00:00:00-05:00,4.281852103568411,4.281852103568411,4.1257429122924805,4.1257429122924805,106600,0.0,0.0
1997-11-18 00:00:00-05:00,4.14804531733195,4.14804531733195,3.9696347660488556,4.014237403869629,91600,0.0,0.0
1997-11-19 00:00:00-05:00,4.036536988823913,4.036536988823913,3.612812111544055,3.835825204849243,281400,0.0,0.0
1997-11-20 00:00:00-05:00,3.8804283223368907,3.9473322589289057,3.8358256979422136,3.9250309467315674,147000,0.0,0.0
1997-11-21 00:00:00-05:00,3.9250309467315674,3.9696335711262445,3.902729634534229,3.9250309467315674,61600,0.0,0.0
1997-11-24 00:00:00-05:00,3.925032741001674,3.969635385785784,3.880430096217564,3.902731418609619,29200,0.0,0.0
1997-11-25 00:00:00-05:00,3.9696345532812725,3.9696345532812725,3.6574161052703857,3.6574161052703857,95400,0.0,0.0
1997-11-26 00:00:00-05:00,3.5905113502367008,3.7912231648462056,3.412100848361585,3.7689218521118164,144400,0.0,0.0
1997-11-28 00:00:00-05:00,3.7243188676379972,3.746620178222656,3.67971624646868,3.7466201782226562,19800,0.0,0.0
1997-12-01 00:00:00-05:00,3.7243213841409397,3.7243213841409397,3.6797187328338623,3.6797187328338623,20200,0.0,0.0
1997-12-02 00:00:00-05:00,3.6797168210971574,3.7466207632989237,3.6351141929626465,3.6351141929626465,55400,0.0,0.0
1997-12-03 00:00:00-05:00,3.612814426422119,3.6574170736618985,3.56821177918234,3.612814426422119,77400,0.0,0.0
1997-12-04 00:00:00-05:00,3.6574167868670293,3.8804300055784333,3.6574167868670293,3.791224718093872,51200,0.0,0.0
1997-12-05 00:00:00-05:00,3.7689218521118164,3.8358257903149844,3.724319226643037,3.7689218521118164,60600,0.0,0.0
1997-12-08 00:00:00-05:00,3.768921769067143,4.081140140469155,3.746620456824142,3.9696335792541504,57400,0.0,0.0
1997-12-09 00:00:00-05:00,3.7912236472774796,3.8804289095663616,3.7912236472774796,3.8581275939941406,39000,0.0,0.0
1997-12-10 00:00:00-05:00,3.8358256979422136,3.9250309467315674,3.8358256979422136,3.9250309467315674,141600,0.0,0.0
1997-12-11 00:00:00-05:00,3.925031540710802,3.925031540710802,3.8135249628497,3.8581275939941406,140600,0.0,0.0
1997-12-12 00:00:00-05:00,3.880430221557617,3.9027315446700173,3.8581288984452167,3.880430221557617,61200,0.0,0.0
1997-12-15 00:00:00-05:00,4.014238160232018,4.081142129569218,3.8358275753328166,3.880430221557617,129200,0.0,0.0
1997-12-16 00:00:00-05:00,3.9027291328408,3.9027291328408,3.746619967527168,3.835825204849243,58200,0.0,0.0
1997-12-17 00:00:00-05:00,3.8358252048492436,3.880427823510281,3.8135238955187245,3.835825204849243,53600,0.0,0.0
1997-12-18 00:00:00-05:00,3.791224496910371,3.791224496910371,3.702019214630127,3.702019214630127,27000,0.0,0.0
1997-12-19 00:00:00-05:00,3.6797183972817877,3.7020197209016774,3.389801190223223,3.612814426422119,173000,0.0,0.0
1997-12-22 00:00:00-05:00,3.6128143138767026,3.6351156368018676,3.590512990951538,3.590512990951538,23200,0.0,0.0
1997-12-23 00:00:00-05:00,3.612812243975126,3.612812243975126,3.3451965221991906,3.479004383087158,54200,0.0,0.0
1997-12-24 00:00:00-05:00,3.4567032911275564,3.4790046026832178,3.345196733349248,3.3897993564605713,123000,0.0,0.0
1997-12-26 00:00:00-05:00,3.3897993564605713,3.3897993564605713,3.3897993564605713,3.3897993564605713,13600,0.0,0.0
1997-12-29 00:00:00-05:00,3.3897991424951797,3.479004383087158,3.3897991424951797,3.479004383087158,103800,0.0,0.0
1997-12-30 00:00:00-05:00,3.479004383087158,3.545908313531142,3.434401762791169,3.479004383087158,83000,0.0,0.0
1997-12-31 00:00:00-05:00,3.501304951581088,3.568208867853338,3.434401035308838,3.434401035308838,131400,0.0,0.0
1998-01-02 00:00:00-05:00,3.4567030729391637,3.479004383087158,3.4567030729391637,3.479004383087158,18000,0.0,0.0
1998-01-05 00:00:00-05:00,3.5236070723760693,3.746620178222656,3.5236070723760693,3.7466201782226562,130200,0.0,0.0
1998-01-06 00:00:00-05:00,3.835826646990893,3.835826646990893,3.590512152125196,3.6574161052703857,48200,0.0,0.0
1998-01-07 00:00:00-05:00,3.7466222828832163,3.9250328677824173,3.7466222828832163,3.880430221557617,134600,0.0,0.0
1998-01-08 00:00:00-05:00,4.192648323859958,4.259552286474745,4.036539077758789,4.036539077758789,181000,0.0,0.0
1998-01-09 00:00:00-05:00,4.036538006185175,4.125743265990372,3.9250314314286783,4.058839321136475,69600,0.0,0.0
1998-01-12 00:00:00-05:00,3.969633371933647,4.10344123840332,3.8804281276205312,4.10344123840332,108000,0.0,0.0
1998-01-13 00:00:00-05:00,4.148044362664223,4.2818522453308105,4.103441735108693,4.2818522453308105,98600,0.0,0.0
1998-01-14 00:00:00-05:00,4.281852722167969,4.638673782348633,4.14804482460022,4.549468517303467,665200,0.0,0.0
1998-01-15 00:00:00-05:00,4.504866847991943,4.504866847991943,4.326456279754638,4.460264205932617,151000,0.0,0.0
1998-01-16 00:00:00-05:00,4.415660619735718,4.415660619735718,4.326455354690552,4.371057987213135,96000,0.0,0.0
1998-01-20 00:00:00-05:00,4.3264541375009635,4.3264541375009635,4.23724889755249,4.23724889755249,42600,0.0,0.0
1998-01-21 00:00:00-05:00,4.281853696133227,4.281853696133227,4.0811418041269825,4.192648410797119,43400,0.0,0.0
1998-01-22 00:00:00-05:00,4.237249617775281,4.2818522453308105,4.103441735108693,4.2818522453308105,90200,0.0,0.0
1998-01-23 00:00:00-05:00,4.237247897732643,4.237247897732643,4.148042678833008,4.148042678833008,23600,0.0,0.0
1998-01-26 00:00:00-05:00,4.148042678833008,4.148042678833008,4.103440069383191,4.148042678833008,17400,0.0,0.0
1998-01-27 00:00:00-05:00,4.148043657604016,4.23724889755249,4.148043657604016,4.23724889755249,51200,0.0,0.0
1998-01-28 00:00:00-05:00,4.192646876517973,4.326454755555781,4.192646876517973,4.3041534423828125,177000,0.0,0.0
1998-01-29 00:00:00-05:00,4.281852839543269,4.4602633745242395,4.259551522670648,4.348756790161133,208800,0.0,0.0
1998-01-30 00:00:00-05:00,4.3041529428391225,4.3041529428391225,4.214947700500488,4.214947700500488,54000,0.0,0.0
1998-02-02 00:00:00-05:00,4.259550931553045,4.3487561866641045,4.259550931553045,4.2818522453308105,49800,0.0,0.0
1998-02-03 00:00:00-05:00,4.326454872886339,4.393358814219633,4.259550931553045,4.2818522453308105,69400,0.0,0.0
1998-02-04 00:00:00-05:00,4.2818516322544635,4.2818516322544635,4.192646389915829,4.214947700500488,53000,0.0,0.0
1998-02-05 00:00:00-05:00,4.259550931553045,4.2818522453308105,4.214948303997517,4.2818522453308105,219200,0.0,0.0
1998-02-06 00:00:00-05:00,4.2818516322544635,4.2818516322544635,4.214947700500488,4.214947700500488,12200,0.0,0.0
1998-02-09 00:00:00-05:00,4.259550816036877,4.371057381901717,4.259550816036877,4.3041534423828125,115000,0.0,0.0
1998-02-10 00:00:00-05:00,4.326454872886339,4.371057500441869,4.2818522453308105,4.2818522453308105,47800,0.0,0.0
1998-02-11 00:00:00-05:00,4.304152827513845,4.3264541375009635,4.23724889755249,4.23724889755249,74000,0.0,0.0
1998-02-12 00:00:00-05:00,4.237249617775281,4.2818522453308105,4.237249617775281,4.2818522453308105,14800,0.0,0.0
1998-02-13 00:00:00-05:00,4.281851941888982,4.281851941888982,3.8804283223368907,3.9250309467315674,95200,0.0,0.0
1998-02-17 00:00:00-05:00,3.9473322670111495,4.081140140469155,3.9250309547681486,3.9696335792541504,93200,0.0,0.0
1998-02-18 00:00:00-05:00,3.969635385785784,3.991936708177839,3.902731418609619,3.902731418609619,44600,0.0,0.0
1998-02-19 00:00:00-05:00,3.8581286837072932,3.8581286837072932,3.746622074351591,3.791224718093872,67000,0.0,0.0
1998-02-20 00:00:00-05:00,3.7912248066493444,3.925032741001674,3.7912248066493444,3.902731418609619,206000,0.0,0.0
1998-02-23 00:00:00-05:00,3.902729642525148,4.014236203740152,3.902729642525148,3.9696335792541504,190200,0.0,0.0
1998-02-24 00:00:00-05:00,3.9696347660488556,4.192647955152724,3.947333447138469,4.014237403869629,252000,0.0,0.0
1998-02-25 00:00:00-05:00,4.014235994090205,4.148043860559878,3.925030749777089,4.10344123840332,158400,0.0,0.0
1998-02-26 00:00:00-05:00,4.10344312546101,4.237251053465173,4.10344312546101,4.192648410797119,132000,0.0,0.0
1998-02-27 00:00:00-05:00,4.170345790723232,4.259551048278809,4.170345790723232,4.259551048278809,108600,0.0,0.0
1998-03-02 00:00:00-05:00,4.214948303997517,4.2818522453308105,4.192646990219751,4.2818522453308105,52400,0.0,0.0
1998-03-03 00:00:00-05:00,4.326455473288512,4.4602633745242395,4.259551522670648,4.348756790161133,114200,0.0,0.0
1998-03-04 00:00:00-05:00,4.415661563873291,4.460264205932617,4.326456279754638,4.460264205932617,193600,0.0,0.0
1998-03-05 00:00:00-05:00,4.415660399142827,4.772481441497803,4.415660399142827,4.772481441497803,251400,0.0,0.0
1998-03-06 00:00:00-05:00,4.7724828290509755,4.995496045361769,4.7724828290509755,4.950893402099609,205800,0.0,0.0
1998-03-09 00:00:00-05:00,4.9062885094552025,4.99549375508166,4.817083263828744,4.928589820861816,66400,0.0,0.0
1998-03-10 00:00:00-05:00,4.973192443675046,4.99549375508166,4.9062885094552025,4.928589820861816,70000,0.0,0.0
1998-03-11 00:00:00-05:00,4.928591834647315,4.995495796203613,4.928591834647315,4.995495796203613,78400,0.0,0.0
1998-03-12 00:00:00-05:00,4.973193042928522,4.973193042928522,4.906289100646973,4.906289100646973,65800,0.0,0.0
1998-03-13 00:00:00-05:00,4.861685886641973,4.950891132268431,4.861685886641973,4.928589820861816,63200,0.0,0.0
1998-03-16 00:00:00-05:00,4.906290635934325,4.99549592022404,4.906290635934325,4.973194599151611,49000,0.0,0.0
1998-03-17 00:00:00-05:00,4.950893155166081,4.995495796203613,4.883989193609782,4.995495796203613,145200,0.0,0.0
1998-03-18 00:00:00-05:00,4.97319388071696,5.040097834269206,4.928591245015462,5.017796516418457,147800,0.0,0.0
1998-03-19 00:00:00-05:00,4.995495763318292,5.240810287409815,4.995495763318292,5.173906326293945,129800,0.0,0.0
1998-03-20 00:00:00-05:00,5.240810539411462,5.753740932630456,5.218509217967157,5.6422343254089355,169200,0.0,0.0
1998-03-23 00:00:00-05:00,5.619930817991121,5.753738694609957,5.330013751983643,5.330013751983643,161000,0.0,0.0
1998-03-24 00:00:00-05:00,5.352314056888703,5.53072452545166,5.3077114397479646,5.53072452545166,63800,0.0,0.0
1998-03-25 00:00:00-05:00,5.709137080719112,5.932150247934703,5.6868357639975535,5.776041030883789,284800,0.0,0.0
1998-03-26 00:00:00-05:00,6.065957055163027,6.065957055163027,5.8206426154321695,5.976751804351807,211800,0.0,0.0
1998-03-27 00:00:00-05:00,5.999055155207602,5.999055155207602,5.842945913250526,5.9544525146484375,82800,0.0,0.0
1998-03-30 00:00:00-05:00,5.976751672996665,5.999052985209339,5.8875464241459685,5.909847736358643,38600,0.0,0.0
1998-03-31 00:00:00-05:00,5.93215012550354,6.22206723690033,5.93215012550354,6.155163288116455,60800,0.0,0.0
1998-04-01 00:00:00-05:00,6.199765453875904,6.333573341369629,6.132861510129042,6.333573341369629,38000,0.0,0.0
1998-04-02 00:00:00-05:00,6.333572980793121,6.4227782340437285,6.31127166748047,6.311271667480469,40200,0.0,0.0
1998-04-03 00:00:00-05:00,6.288972035211776,6.400478631580779,5.954452246104767,6.177465438842773,95400,0.0,0.0
1998-04-06 00:00:00-04:00,6.132861510129042,6.422778599698779,6.132861510129042,6.333573341369629,109400,0.0,0.0
1998-04-07 00:00:00-04:00,6.378174015453884,6.378174015453884,6.24436616897583,6.24436616897583,14800,0.0,0.0
1998-04-08 00:00:00-04:00,6.199764539798101,6.4227776527404785,6.199764539798101,6.4227776527404785,43200,0.0,0.0
1998-04-09 00:00:00-04:00,6.400479920260556,6.467383891552478,6.378178596496582,6.378178596496582,47400,0.0,0.0
1998-04-13 00:00:00-04:00,6.400479166037974,6.400479166037974,5.9990553855896,5.9990553855896,43400,0.0,0.0
1998-04-14 00:00:00-04:00,5.999053131131565,6.132861007662381,5.999053131131565,6.065957069396973,33000,0.0,0.0
1998-04-15 00:00:00-04:00,6.110561481021371,6.222068077390374,6.110561481021371,6.177465438842773,22000,0.0,0.0
1998-04-16 00:00:00-04:00,6.155162203442919,6.199764828105549,6.088258266448974,6.088258266448975,72000,0.0,0.0
1998-04-17 00:00:00-04:00,6.088258266448974,6.110559578780289,6.088258266448974,6.088258266448975,7200,0.0,0.0
1998-04-20 00:00:00-04:00,6.088260670133683,6.110561991269703,5.9990553855896,5.9990553855896,64200,0.0,0.0
1998-04-21 00:00:00-04:00,6.0436581752517,6.065959496931596,5.887548923492432,5.887548923492432,62800,0.0,0.0
1998-04-22 00:00:00-04:00,5.887548923492432,5.932151566852222,5.798343636772849,5.887548923492432,22000,0.0,0.0
1998-04-23 00:00:00-04:00,5.887546553540585,6.088258367865833,5.887546553540585,5.976751804351807,37000,0.0,0.0
1998-04-24 00:00:00-04:00,6.043655609634687,6.043655609634687,5.909847736358643,5.909847736358643,15800,0.0,0.0
1998-04-27 00:00:00-04:00,5.820641773503001,5.820641773503001,5.44151951239361,5.486122131347656,25600,0.0,0.0
1998-04-28 00:00:00-04:00,5.553028882004833,5.865247373362534,5.553028882004833,5.8429460525512695,37400,0.0,0.0
1998-04-29 00:00:00-04:00,5.932150693777214,6.244369151344436,5.887548056981897,6.222067832946777,39400,0.0,0.0
1998-04-30 00:00:00-04:00,6.24436616897583,6.24436616897583,6.0659557070050925,6.24436616897583,36600,0.0,0.0
1998-05-01 00:00:00-04:00,6.244368305912724,6.244368305912724,6.021355152130126,6.021355152130127,26400,0.0,0.0
1998-05-04 00:00:00-04:00,6.088258626687265,6.155162567639873,6.088258626687265,6.110559940338135,20800,0.0,0.0
1998-05-05 00:00:00-04:00,6.199766497994134,6.511984954727652,6.199766497994134,6.400478363037109,70400,0.0,0.0
1998-05-06 00:00:00-04:00,6.4227776527404785,6.467380275328955,6.378175030152003,6.4227776527404785,84400,0.0,0.0
1998-05-07 00:00:00-04:00,6.445082567788504,6.445082567788504,6.378178596496582,6.378178596496582,23600,0.0,0.0
1998-05-08 00:00:00-04:00,6.422779681375218,6.422779681375218,6.378177044699001,6.400478363037109,79400,0.0,0.0
1998-05-11 00:00:00-04:00,6.42278124402453,6.467383891552478,6.378178596496582,6.378178596496582,253000,0.0,0.0
1998-05-12 00:00:00-04:00,6.24436616897583,6.288968784468515,6.177462245736804,6.24436616897583,115600,0.0,0.0
1998-05-13 00:00:00-04:00,6.1774636331726525,6.1774636331726525,5.999053131131565,6.065957069396973,24800,0.0,0.0
1998-05-14 00:00:00-04:00,6.06595884247377,6.199766758116573,6.06595884247377,6.177465438842773,5600,0.0,0.0
1998-05-15 00:00:00-04:00,6.177465438842773,6.177465438842773,6.177465438842773,6.177465438842773,3800,0.0,0.0
1998-05-18 00:00:00-04:00,6.110561724576082,6.155164364901456,6.110561724576082,6.1328630447387695,110800,0.0,0.0
1998-05-19 00:00:00-04:00,6.13286220770088,6.199766159057617,6.13286220770088,6.199766159057617,10200,0.0,0.0
1998-05-20 00:00:00-04:00,6.155164454845672,6.2889723777771,6.155164454845672,6.2889723777771,6200,0.0,0.0
1998-05-21 00:00:00-04:00,6.378177288122345,6.422779926500823,6.333574649743867,6.3558759689331055,20600,0.0,0.0
1998-05-22 00:00:00-04:00,6.400478946751561,6.467382907867432,6.378177626379604,6.467382907867432,61000,0.0,0.0
1998-05-26 00:00:00-04:00,6.824204721450806,6.868807366689047,6.645794140497844,6.690396785736084,105400,0.0,0.0
1998-05-27 00:00:00-04:00,6.690395501432519,6.690395501432519,6.26667045300846,6.400478363037109,137200,0.0,0.0
1998-05-28 00:00:00-04:00,6.400477285116491,6.422778599698779,6.311272026787342,6.333573341369629,11400,0.0,0.0
1998-05-29 00:00:00-04:00,6.42278124402453,6.467383891552478,6.333575948968634,6.378178596496582,371800,0.0,0.0
1998-06-01 00:00:00-04:00,6.400478980219956,6.422780300708528,6.2889723777771,6.2889723777771,10600,0.0,0.0
1998-06-02 00:00:00-04:00,6.333574673759378,6.333574673759378,6.177465438842773,6.177465438842773,26400,0.0,0.0
1998-06-03 00:00:00-04:00,6.199764945927789,6.199764945927789,5.842943941845614,6.065957069396973,49000,0.0,0.0
1998-06-04 00:00:00-04:00,5.48612517490983,5.7760423589497805,5.48612517490983,5.7091383934021,165400,0.0,0.0
1998-06-05 00:00:00-04:00,5.7091361251531865,5.7091361251531865,5.686834812164307,5.686834812164307,44800,0.0,0.0
1998-06-08 00:00:00-04:00,5.731438516646393,5.776041151017182,5.61993193071942,5.753739833831787,17400,0.0,0.0
1998-06-09 00:00:00-04:00,5.776040235575098,6.110559940338135,5.709136294622491,6.110559940338135,125600,0.0,0.0
1998-06-10 00:00:00-04:00,6.155164364901456,6.288972285877574,6.088260404413396,6.1328630447387695,36200,0.0,0.0
1998-06-11 00:00:00-04:00,6.177464238831918,6.244368183656812,6.043656349182129,6.043656349182129,94800,0.0,0.0
1998-06-12 00:00:00-04:00,6.043656349182129,6.043656349182129,6.043656349182129,6.043656349182129,0,0.0,0.0
1998-06-15 00:00:00-04:00,5.954452656607592,5.954452656607592,5.798343410928741,5.8429460525512695,11000,0.0,0.0
1998-06-16 00:00:00-04:00,5.842946137637454,5.9990553855896,5.842946137637454,5.9990553855896,28400,0.0,0.0
1998-06-17 00:00:00-04:00,6.043656467508386,6.065957782886646,6.021355152130126,6.021355152130127,9000,0.0,0.0
1998-06-18 00:00:00-04:00,6.0436557566418365,6.065957069396973,5.999053131131565,6.065957069396973,13400,0.0,0.0
1998-06-19 00:00:00-04:00,6.02135670672562,6.043658027861641,5.9990553855896,5.9990553855896,1600,0.0,0.0
1998-06-22 00:00:00-04:00,6.043656467508386,6.065957782886646,6.021355152130126,6.021355152130127,2800,0.0,0.0
1998-06-23 00:00:00-04:00,6.043657795766766,6.043657795766766,5.9544525146484375,5.9544525146484375,10200,0.0,0.0
1998-06-24 00:00:00-04:00,5.999052985209339,6.043655609634687,5.865245111933294,5.909847736358643,12800,0.0,0.0
1998-06-25 00:00:00-04:00,5.932151566852222,5.932151566852222,5.865247601812536,5.887548923492432,12000,0.0,0.0
1998-06-26 00:00:00-04:00,5.842945454238485,5.865246772766113,5.798342817183229,5.865246772766113,6600,0.0,0.0
1998-06-29 00:00:00-04:00,5.909849874089273,6.021356475487184,5.887548553809691,5.9544525146484375,43800,0.0,0.0
1998-06-30 00:00:00-04:00,6.021356002459508,6.021356002459508,5.842945454238485,5.865246772766113,91200,0.0,0.0
1998-07-01 00:00:00-04:00,5.865247601812536,5.976754210212014,5.865247601812536,5.887548923492432,65200,0.0,0.0
1998-07-02 00:00:00-04:00,5.93214988708496,5.93214988708496,5.887547256354998,5.932149887084961,14200,0.0,0.0
1998-07-06 00:00:00-04:00,5.887548553809691,5.9544525146484375,5.887548553809691,5.9544525146484375,2200,0.0,0.0
1998-07-07 00:00:00-04:00,6.021354359664103,6.288970108982507,6.021354359664103,6.266668796539307,442600,0.0,0.0
1998-07-08 00:00:00-04:00,6.311274387821648,7.181025981903076,6.288973064896482,7.181025981903076,502600,0.0,0.0
1998-07-09 00:00:00-04:00,7.1364192473582735,7.1810218676542625,6.913406145878327,6.958008766174316,204000,0.0,0.0
1998-07-10 00:00:00-04:00,7.091816201806068,7.671650230884552,7.091816201806068,7.13641881942749,258800,0.0,0.0
1998-07-13 00:00:00-04:00,7.181020493263954,7.470937469700076,7.158719187384253,7.426334857940674,187400,0.0,0.0
1998-07-14 00:00:00-04:00,7.470938625723817,7.760855647020562,7.448637316393298,7.671650409698486,541400,0.0,0.0
1998-07-15 00:00:00-04:00,7.716258444437167,8.362996868970917,7.716258444437167,8.229188919067383,544400,0.0,0.0
1998-07-16 00:00:00-04:00,8.162279908086212,8.206882530534772,7.515541882582114,7.916965484619141,172600,0.0,0.0
1998-07-17 00:00:00-04:00,7.91696583005515,7.91696583005515,7.850061893463135,7.850061893463135,24400,0.0,0.0
1998-07-20 00:00:00-04:00,7.8723632056604735,7.894664517857811,7.850061893463135,7.850061893463135,35600,0.0,0.0
1998-07-21 00:00:00-04:00,8.028471329632929,8.028471329632929,7.894663474139046,7.961567401885986,31000,0.0,0.0
1998-07-22 00:00:00-04:00,7.983868598937988,7.983868598937988,7.894663363195664,7.983868598937988,124400,0.0,0.0
1998-07-23 00:00:00-04:00,7.983871829475773,7.983871829475773,7.8054612858003365,7.827762603759766,273200,0.0,0.0
1998-07-24 00:00:00-04:00,7.827760581265796,7.8723632056604735,7.805459269068458,7.850061893463135,134000,0.0,0.0
1998-07-27 00:00:00-04:00,7.894664517857811,7.894664517857811,7.850061893463135,7.850061893463135,30200,0.0,0.0
1998-07-28 00:00:00-04:00,7.894666833056894,7.939269470531792,7.493243095782814,7.515544414520264,88600,0.0,0.0
1998-07-29 00:00:00-04:00,7.4932423833590835,7.560146333210503,7.2479279005705415,7.470941066741943,215800,0.0,0.0
1998-07-30 00:00:00-04:00,7.504393755151539,7.515544414520264,7.493243095782814,7.515544414520264,27000,0.0,0.0
1998-07-31 00:00:00-04:00,7.560145378112793,7.582446691912535,7.5155427505133074,7.560145378112793,86400,0.0,0.0
1998-08-03 00:00:00-04:00,7.56014825875246,7.56014825875246,6.958012556727928,7.047217845916748,70000,0.0,0.0
1998-08-04 00:00:00-04:00,7.002611428200202,7.002611428200202,6.422777360897,6.668091773986816,79800,0.0,0.0
1998-08-05 00:00:00-04:00,6.601190423183754,6.8019022941589355,6.534286466192026,6.8019022941589355,178800,0.0,0.0
1998-08-06 00:00:00-04:00,6.779598712921143,6.824201336032465,6.378175104919233,6.779598712921143,218800,0.0,0.0
1998-08-07 00:00:00-04:00,6.734998337167208,6.868806251150662,6.7126970181699654,6.8019022941589355,67200,0.0,0.0
1998-08-10 00:00:00-04:00,6.846502215434343,7.0249126966183,6.846502215434343,6.958008766174316,111000,0.0,0.0
1998-08-11 00:00:00-04:00,6.935706128587236,7.939264893173813,6.891103516827832,7.426334857940674,645200,0.0,0.0
1998-08-12 00:00:00-04:00,7.4263359799104585,8.541401442359476,7.4263359799104585,8.340689659118652,335200,0.0,0.0
1998-08-13 00:00:00-04:00,8.340691581446464,9.098936270668869,8.296088952668676,8.519102096557617,219000,0.0,0.0
1998-08-14 00:00:00-04:00,8.563702606447945,8.563702606447945,8.206881664512613,8.273785591125488,142600,0.0,0.0
1998-08-17 00:00:00-04:00,8.251486293605117,8.251486293605117,7.894665264692463,8.162281036376953,15800,0.0,0.0
1998-08-18 00:00:00-04:00,8.20688593809871,8.273789899550602,8.184584617614746,8.184584617614746,292000,0.0,0.0
1998-08-19 00:00:00-04:00,8.206883664991036,8.206883664991036,8.139979722069913,8.162281036376953,142800,0.0,0.0
1998-08-20 00:00:00-04:00,8.162284944115616,8.251490244051306,8.162284944115616,8.229188919067383,156000,0.0,0.0
1998-08-21 00:00:00-04:00,8.206883902078145,8.206883902078145,8.11767864227295,8.11767864227295,100200,0.0,0.0
1998-08-24 00:00:00-04:00,8.117679238647797,8.117679238647797,8.073076605468414,8.095377922058105,120000,0.0,0.0
1998-08-25 00:00:00-04:00,8.117679238647797,8.117679238647797,8.095377922058105,8.095377922058105,42400,0.0,0.0
1998-08-26 00:00:00-04:00,8.09537732732165,8.11767864227295,8.028473382467752,8.11767864227295,22200,0.0,0.0
1998-08-27 00:00:00-04:00,7.939269440221923,7.939269440221923,7.783160209655762,7.783160209655762,19200,0.0,0.0
1998-08-28 00:00:00-04:00,7.783160209655762,7.783160209655762,7.783160209655762,7.783160209655762,0,0.0,0.0
1998-08-31 00:00:00-04:00,7.7608587620622025,7.7608587620622025,6.511984938282078,6.578888893127441,240600,0.0,0.0
1998-09-01 00:00:00-04:00,6.534284209211668,6.578886831800143,6.132860605915388,6.4227776527404785,351400,0.0,0.0
1998-09-02 00:00:00-04:00,6.4227794254341,6.779600504624883,6.4227794254341,6.712696552276611,167200,0.0,0.0
1998-09-03 00:00:00-04:00,6.668094043796128,6.668094043796128,6.53428613656276,6.601190090179443,38000,0.0,0.0
1998-09-04 00:00:00-04:00,6.534286903151384,6.567738883884241,6.2889723777771,6.2889723777771,33600,0.0,0.0
1998-09-08 00:00:00-04:00,6.333572822458604,6.378175447968876,6.065957069396973,6.065957069396973,84000,0.0,0.0
1998-09-09 00:00:00-04:00,6.110560195546754,6.378175970534204,6.110560195546754,6.333573341369629,16600,0.0,0.0
1998-09-10 00:00:00-04:00,6.333573341369629,6.333573341369629,6.288970712205054,6.333573341369629,71200,0.0,0.0
1998-09-11 00:00:00-04:00,6.333575018754242,6.400478980219956,6.266671057288529,6.2889723777771,85000,0.0,0.0
1998-09-14 00:00:00-04:00,6.288971520737556,6.779600504624883,6.244368885838708,6.712696552276611,94800,0.0,0.0
1998-09-15 00:00:00-04:00,6.690393466698496,6.846502647588127,6.668092155142834,6.779598712921143,184200,0.0,0.0
1998-09-16 00:00:00-04:00,6.7796006331572665,6.7796006331572665,6.601190090179443,6.601190090179443,51600,0.0,0.0
1998-09-17 00:00:00-04:00,6.53428627306576,6.53428627306576,6.378177044699001,6.400478363037109,37200,0.0,0.0
1998-09-18 00:00:00-04:00,6.42278124402453,6.42278124402453,6.378178596496582,6.378178596496582,79000,0.0,0.0
1998-09-21 00:00:00-04:00,6.288970108982507,6.288970108982507,6.199764859209705,6.266668796539307,33200,0.0,0.0
1998-09-22 00:00:00-04:00,6.244368553161621,6.244368553161621,6.155163288116455,6.155163288116455,60200,0.0,0.0
1998-09-23 00:00:00-04:00,6.222064861229488,6.288968784468515,6.222064861229488,6.24436616897583,140200,0.0,0.0
1998-09-24 00:00:00-04:00,6.24436616897583,6.422776630946569,6.24436616897583,6.24436616897583,344600,0.0,0.0
1998-09-25 00:00:00-04:00,6.288970712205054,6.467381228863354,6.288970712205054,6.333573341369629,12200,0.0,0.0
1998-09-28 00:00:00-04:00,6.422778855885891,6.734997272491455,6.422778855885891,6.734997272491455,49400,0.0,0.0
1998-09-29 00:00:00-04:00,6.623488716781139,7.13641881942749,6.623488716781139,7.13641881942749,43600,0.0,0.0
1998-09-30 00:00:00-04:00,7.1364234900248915,7.1364234900248915,7.04721819639958,7.069519519805908,71000,0.0,0.0
1998-10-01 00:00:00-04:00,7.091816563472569,7.38173359279692,7.047213943576515,7.15872049331665,186800,0.0,0.0
1998-10-02 00:00:00-04:00,7.225624487950252,7.225624487950252,6.958008766174316,6.958008766174316,59000,0.0,0.0
1998-10-05 00:00:00-04:00,6.891107091872003,6.891107091872003,6.712696552276611,6.712696552276611,57000,0.0,0.0
1998-10-06 00:00:00-04:00,6.712696926934378,6.712696926934378,6.5565876960754395,6.5565876960754395,8800,0.0,0.0
1998-10-07 00:00:00-04:00,6.489684356077937,6.489684356077937,5.8429460525512695,5.8429460525512695,97200,0.0,0.0
1998-10-08 00:00:00-04:00,5.709134961737961,5.709134961737961,5.040095708409294,5.441519260406494,167000,0.0,0.0
1998-10-09 00:00:00-04:00,5.396916643517916,5.441519260406494,5.263108792852183,5.441519260406494,35600,0.0,0.0
1998-10-12 00:00:00-04:00,5.441519260406494,5.441519260406494,5.374615335073627,5.441519260406494,13800,0.0,0.0
1998-10-13 00:00:00-04:00,5.396915835112774,5.396915835112774,4.527164936065674,4.527164936065674,99000,0.0,0.0
1998-10-14 00:00:00-04:00,4.482564568519592,4.638673782348633,4.482564568519592,4.549468517303467,28000,0.0,0.0
1998-10-15 00:00:00-04:00,4.59407114982605,5.352315902709961,4.504865884780884,5.352315902709961,235600,0.0,0.0
1998-10-16 00:00:00-04:00,5.44152227794851,5.8429460525512695,5.44152227794851,5.8429460525512695,60000,0.0,0.0
1998-10-19 00:00:00-04:00,5.842943941845614,6.132861007662381,5.842943941845614,6.065957069396973,15200,0.0,0.0
1998-10-20 00:00:00-04:00,6.333571399961199,6.378174015453884,6.24436616897583,6.24436616897583,55200,0.0,0.0
1998-10-21 00:00:00-04:00,6.24436616897583,6.24436616897583,6.222064861229488,6.24436616897583,5400,0.0,0.0
1998-10-22 00:00:00-04:00,6.311272026787342,6.333573341369629,6.311272026787342,6.333573341369629,15400,0.0,0.0
1998-10-23 00:00:00-04:00,6.422779783910634,6.5565876960754395,6.422779783910634,6.5565876960754395,7400,0.0,0.0
1998-10-26 00:00:00-05:00,6.556585804728053,6.712694990554912,6.556585804728053,6.645791053771973,31800,0.0,0.0
1998-10-27 00:00:00-05:00,6.645793061178239,6.980312846136875,6.645793061178239,6.8019022941589355,74800,0.0,0.0
1998-10-28 00:00:00-05:00,6.779598712921143,6.779598712921143,6.779598712921143,6.779598712921143,1000,0.0,0.0
1998-10-29 00:00:00-05:00,6.7349972756080385,6.868805168500913,6.7349972756080385,6.824202537536621,79400,0.0,0.0
1998-10-30 00:00:00-05:00,6.9134051983173075,7.270226111778846,6.9134051983173075,7.2479248046875,28000,0.0,0.0
1998-11-02 00:00:00-05:00,7.3371318896141275,7.582446329692411,7.24792663867657,7.537843704223633,25800,0.0,0.0
1998-11-03 00:00:00-05:00,7.627051830291749,7.716257114856564,7.627051830291749,7.627051830291748,23400,0.0,0.0
1998-11-04 00:00:00-05:00,7.671652343246962,8.11767864227295,7.671652343246962,8.11767864227295,77800,0.0,0.0
1998-11-05 00:00:00-05:00,8.2514850989632,8.742113942685334,8.20688247680664,8.20688247680664,237000,0.0,0.0
1998-11-06 00:00:00-05:00,8.20688229515439,8.20688229515439,7.35943249293736,7.4932403564453125,61400,0.0,0.0
1998-11-09 00:00:00-05:00,7.448641678946359,7.805462837219238,7.292532422201974,7.805462837219238,41000,0.0,0.0
1998-11-10 00:00:00-05:00,7.894665264692463,8.184582350683995,7.8054600074643,8.162281036376953,46200,0.0,0.0
1998-11-11 00:00:00-05:00,8.073076845206051,8.073076845206051,7.9615702589463,8.050775527954102,19200,0.0,0.0
1998-11-12 00:00:00-05:00,8.050777383531843,8.050777383531843,7.805462837219238,7.805462837219238,14800,0.0,0.0
1998-11-13 00:00:00-05:00,7.8054630893400345,7.827764412452434,7.716257796890433,7.760860443115234,16600,0.0,0.0
1998-11-16 00:00:00-05:00,7.760859147452752,7.805461786231216,7.649352550506592,7.649352550506592,13800,0.0,0.0
1998-11-17 00:00:00-05:00,7.649353151432953,7.716257114856564,7.582449188009341,7.627051830291748,38800,0.0,0.0
1998-11-18 00:00:00-05:00,7.716256591559803,7.916968468218873,7.693955271931018,7.894667148590088,27600,0.0,0.0
1998-11-19 00:00:00-05:00,7.98387033243974,8.630608431994915,7.98387033243974,8.563704490661621,181000,0.0,0.0
1998-11-20 00:00:00-05:00,8.563704490661621,8.60830711821715,8.474499235550562,8.563704490661621,137200,0.0,0.0
1998-11-23 00:00:00-05:00,8.652907854245033,9.188139267909675,8.652907854245033,9.03203010559082,59800,0.0,0.0
1998-11-24 00:00:00-05:00,8.965128215459677,9.411154494835781,8.831320331646847,9.27734661102295,139400,0.0,0.0
1998-11-25 00:00:00-05:00,9.321948574864587,9.589564323425293,9.321948574864587,9.589564323425293,38600,0.0,0.0
1998-11-27 00:00:00-05:00,9.611867308616638,9.63416862487793,9.455758094787598,9.455758094787598,28800,0.0,0.0
1998-11-30 00:00:00-05:00,9.544963004694184,9.61186695098877,9.455757742968071,9.61186695098877,73400,0.0,0.0
1998-12-01 00:00:00-05:00,9.567268464300367,9.634172439575195,9.433460513750711,9.634172439575195,44400,0.0,0.0
1998-12-02 00:00:00-05:00,9.589564068691095,10.102494239807129,9.589564068691095,10.102494239807129,56600,0.0,0.0
1998-12-03 00:00:00-05:00,10.147097483925197,10.258604049682617,9.99098829186481,10.258604049682617,67800,0.0,0.0
1998-12-04 00:00:00-05:00,10.21400142337965,10.615425060106361,10.169398797076681,10.258604049682617,139000,0.0,0.0
1998-12-07 00:00:00-05:00,10.615422819481521,11.306763381254477,10.41471104348292,10.883038520812988,429400,0.0,0.0
1998-12-08 00:00:00-05:00,10.838440189842416,10.838440189842416,10.459317796370563,10.615427017211914,203200,0.0,0.0
1998-12-09 00:00:00-05:00,10.615424518065383,10.68232845410361,10.615424518065383,10.637725830078125,33000,0.0,0.0
1998-12-10 00:00:00-05:00,10.660023841937218,10.749229062371839,10.637722536828562,10.726927757263184,211600,0.0,0.0
1998-12-11 00:00:00-05:00,10.726931442276703,10.726931442276703,10.615424878427673,10.660027503967285,9200,0.0,0.0
1998-12-14 00:00:00-05:00,10.637728359846943,10.637728359846943,10.035592792308435,10.080195426940918,99200,0.0,0.0
1998-12-15 00:00:00-05:00,10.080195402898708,10.660029651738014,9.968688816583457,10.615427017211914,73400,0.0,0.0
1998-12-16 00:00:00-05:00,10.704628633033078,11.195257445380427,10.704628633033078,10.860737800598145,240000,0.0,0.0
1998-12-17 00:00:00-05:00,10.905339829257278,10.927641137701565,10.816134595480122,10.883038520812988,61200,0.0,0.0
1998-12-18 00:00:00-05:00,10.88304455589702,11.84200135078139,10.704633989406906,11.685892105102539,231800,0.0,0.0
1998-12-21 00:00:00-05:00,11.953506661145065,13.157777854618635,11.953506661145065,12.444135665893555,286200,0.0,0.0
1998-12-22 00:00:00-05:00,12.466433655749013,12.667145467737816,12.39952971841941,12.533337593078613,58800,0.0,0.0
1998-12-23 00:00:00-05:00,12.533340220828707,12.622545489304356,12.399532318115234,12.399532318115234,193600,0.0,0.0
1998-12-24 00:00:00-05:00,12.533334953444346,12.57793756893703,12.48873233795166,12.48873233795166,59800,0.0,0.0
1998-12-28 00:00:00-05:00,12.488734770435874,12.533337394616002,12.042708528634593,12.109612464904785,68400,0.0,0.0
1998-12-29 00:00:00-05:00,12.020408988881993,12.131915565773292,11.886601096612434,12.042710304260254,278400,0.0,0.0
1998-12-30 00:00:00-05:00,12.042711840251247,12.310327658923496,12.042711840251247,12.198821067810059,155600,0.0,0.0
1998-12-31 00:00:00-05:00,12.243422627449036,12.399531841278076,12.087313413619995,12.31032657623291,71000,0.0,0.0
1999-01-04 00:00:00-05:00,12.399527106966291,12.756348030907768,12.399527106966291,12.48873233795166,244400,0.0,0.0
1999-01-05 00:00:00-05:00,12.44413447380066,12.488737106323242,12.31032657623291,12.31032657623291,118400,0.0,0.0
1999-01-06 00:00:00-05:00,12.354930328110518,13.157777786254883,12.265725054983365,13.157777786254883,123800,0.0,0.0
1999-01-07 00:00:00-05:00,13.336188332509186,13.51459887876349,13.068572513127732,13.157777786254883,155400,0.0,0.0
1999-01-08 00:00:00-05:00,13.202380936038535,13.202380936038535,12.845559829659116,12.890162467956543,102400,0.0,0.0
1999-01-11 00:00:00-05:00,12.934765883371341,12.979368524348484,12.511040794088487,12.5779447555542,135600,0.0,0.0
1999-01-12 00:00:00-05:00,12.577941865849315,12.577941865849315,11.819697143439958,11.864299774169922,67600,0.0,0.0
1999-01-13 00:00:00-05:00,11.685892416433367,12.020412237514476,11.462879202379295,11.886604309082031,134200,0.0,0.0
1999-01-14 00:00:00-05:00,11.975804921406418,12.131914110326054,11.953503608703613,11.953503608703613,63200,0.0,0.0
1999-01-15 00:00:00-05:00,11.9981102475253,12.44413665077903,11.9981102475253,12.265726089477539,42400,0.0,0.0
1999-01-19 00:00:00-05:00,12.354932387244894,12.577945607231264,12.332631065246256,12.511041641235352,58400,0.0,0.0
1999-01-20 00:00:00-05:00,12.511041641235352,12.53334296323399,12.399535031242166,12.511041641235352,31600,0.0,0.0
1999-01-21 00:00:00-05:00,12.44413227578868,12.890158522232719,12.44413227578868,12.823254585266113,54400,0.0,0.0
1999-01-22 00:00:00-05:00,12.734049304242276,12.823254553308773,12.644844055175781,12.644844055175781,83400,0.0,0.0
1999-01-25 00:00:00-05:00,12.667147869096999,13.068571569174015,12.667147869096999,12.979366302490234,65200,0.0,0.0
1999-01-26 00:00:00-05:00,12.890162205209537,13.202380666927414,12.577943743491659,13.113175392150879,55900,0.0,2.0
1999-01-27 00:00:00-05:00,13.246986709228935,13.246986709228935,13.023973464965822,13.02397346496582,71000,0.0,0.0
1999-01-28 00:00:00-05:00,13.023973078160852,13.023973078160852,12.667151897937268,12.756357192993164,56300,0.0,0.0
1999-01-29 00:00:00-05:00,12.577940393896665,12.577940393896665,11.864298385732315,12.131914138793945,146300,0.0,0.0
1999-02-01 00:00:00-05:00,12.087316055723281,12.087316055723281,11.953508128907156,11.9981107711792,92000,0.0,0.0
1999-02-02 00:00:00-05:00,11.864300742629887,11.953506011371465,11.507479667663574,11.507479667663574,82400,0.0,0.0
1999-02-03 00:00:00-05:00,11.507481819544084,11.507481819544084,10.124799895490337,10.437018394470215,129500,0.0,0.0
1999-02-04 00:00:00-05:00,10.793835892969248,11.061451658910634,10.704630637655454,10.927643775939941,101600,0.0,0.0
1999-02-05 00:00:00-05:00,10.615425544872618,10.70463080155222,10.080194004795008,10.16939926147461,140800,0.0,0.0
1999-02-08 00:00:00-05:00,10.169400636539903,11.596684936405152,10.169400636539903,11.507479667663574,112700,0.0,0.0
1999-02-09 00:00:00-05:00,11.507478706480011,11.552081337125282,11.061452400027298,11.329068183898926,53800,0.0,0.0
1999-02-10 00:00:00-05:00,11.016849996574432,11.150657891269669,10.793836838749039,11.10605525970459,76200,0.0,0.0
1999-02-11 00:00:00-05:00,10.972247138736755,11.329068183898926,10.972247138736755,11.329068183898926,30900,0.0,0.0
1999-02-12 00:00:00-05:00,11.239862922608383,11.596683967770554,11.15065766131784,11.329068183898926,45500,0.0,0.0
1999-02-16 00:00:00-05:00,11.329071293706479,11.418276579483695,11.150660722152047,11.284468650817871,77600,0.0,0.0
1999-02-17 00:00:00-05:00,11.239864537924415,11.730493545532227,10.88304344148237,11.730493545532227,409400,0.0,0.0
1999-02-18 00:00:00-05:00,11.77509291093428,12.399529656211097,11.59668241228376,12.17651653289795,173200,0.0,0.0
1999-02-19 00:00:00-05:00,12.042708859514834,12.131914110326054,11.819695732486782,11.953503608703613,31200,0.0,0.0
1999-02-22 00:00:00-05:00,11.95350334599333,11.95350334599333,11.819695472717285,11.819695472717285,54900,0.0,0.0
1999-02-23 00:00:00-05:00,11.819698344702008,11.819698344702008,11.41827462733477,11.641287803649902,145400,0.0,0.0
1999-02-24 00:00:00-05:00,11.819700490344653,11.953508420424027,11.730495203625072,11.775097846984863,42800,0.0,0.0
1999-02-25 00:00:00-05:00,11.641290917763342,11.685893564957839,11.507482976179856,11.596688270568848,101100,0.0,0.0
1999-02-26 00:00:00-05:00,11.596684936405152,11.596684936405152,11.418274398921996,11.507479667663574,152900,0.0,0.0
1999-03-01 00:00:00-05:00,11.685887883691228,12.131914138793945,11.685887883691228,12.131914138793945,65300,0.0,0.0
1999-03-02 00:00:00-05:00,12.13191816850142,12.310328729802912,12.13191816850142,12.265726089477539,68700,0.0,0.0
1999-03-03 00:00:00-05:00,12.265725600590343,12.399533516233147,12.176520323495142,12.354930877685547,73900,0.0,0.0
1999-03-04 00:00:00-05:00,12.310324640835033,12.310324640835033,12.042708887773403,12.131914138793945,32800,0.0,0.0
1999-03-05 00:00:00-05:00,12.042708887773403,12.131914138793945,11.953503636752858,12.131914138793945,45500,0.0,0.0
1999-03-08 00:00:00-05:00,12.042710068480996,12.131915328247521,11.95350480871447,12.087312698364258,17800,0.0,0.0
1999-03-09 00:00:00-05:00,11.99810603424743,12.176516532897947,11.9535034095848,12.17651653289795,35000,0.0,0.0
1999-03-10 00:00:00-05:00,12.042708594844026,12.131913843694722,11.775092848291937,11.819695472717285,26100,0.0,0.0
1999-03-11 00:00:00-05:00,11.730494746725068,11.864302671592654,11.596686821857482,11.685892105102539,29000,0.0,0.0
1999-03-12 00:00:00-05:00,11.641286598415824,11.641286598415824,10.883041877446212,11.329068183898926,173800,0.0,0.0
1999-03-15 00:00:00-05:00,11.150654222144455,11.150654222144455,10.793833287035833,10.883038520812988,87400,0.0,0.0
1999-03-16 00:00:00-05:00,10.883041148283045,10.97224640359684,10.883041148283045,10.927643775939941,54800,0.0,0.0
1999-03-17 00:00:00-05:00,10.883041617311077,10.972246876469365,10.838438987731934,10.838438987731934,96100,0.0,0.0
1999-03-18 00:00:00-05:00,10.883038520812988,11.0614489883673,10.883038520812988,10.883038520812988,27800,0.0,0.0
1999-03-19 00:00:00-05:00,10.97224640359684,11.061451658910634,10.927643775939941,10.927643775939941,94200,0.0,0.0
1999-03-22 00:00:00-05:00,10.749233429892021,10.749233429892021,10.124796633134808,10.16939926147461,105700,0.0,0.0
1999-03-23 00:00:00-05:00,10.124798304239908,10.169400939941406,9.990990397135416,10.035593032836914,53000,0.0,0.0
1999-03-24 00:00:00-05:00,10.035594482592938,10.035594482592938,9.366554850420075,9.946389198303223,76100,0.0,0.0
1999-03-25 00:00:00-05:00,9.857182253778507,10.258605965470846,9.857182253778507,10.080195426940918,42700,0.0,0.0
1999-03-26 00:00:00-05:00,10.169400939941406,10.169400939941406,9.812579854329428,10.035593032836914,40300,0.0,0.0
1999-03-29 00:00:00-05:00,9.990988748115406,10.21400188981441,9.990988748115406,10.16939926147461,36000,0.0,0.0
1999-03-30 00:00:00-05:00,10.08019680812441,10.34781265258789,10.08019680812441,10.34781265258789,29700,0.0,0.0
1999-03-31 00:00:00-05:00,10.347807176651493,11.06144905090332,10.213999325229276,11.06144905090332,76300,0.0,0.0
1999-04-01 00:00:00-05:00,10.972244262695312,11.061449500603404,10.972244262695312,10.972244262695312,47300,0.0,0.0
1999-04-05 00:00:00-04:00,10.793839536161505,10.97225010700715,10.437018394470215,10.437018394470215,13100,0.0,0.0
1999-04-06 00:00:00-04:00,10.34781123473581,10.34781123473581,9.812579619146026,10.080195426940918,100200,0.0,0.0
1999-04-07 00:00:00-04:00,9.990991154941945,10.169401711280194,9.50036212501176,9.72337532043457,38100,0.0,0.0
1999-04-08 00:00:00-04:00,9.544963359832764,9.723373889923096,9.143539667129517,9.455758094787598,26600,0.0,0.0
1999-04-09 00:00:00-04:00,9.366554288030828,9.455759566964456,9.188143730163574,9.188143730163574,83800,0.0,0.0
1999-04-12 00:00:00-04:00,9.098936580051886,9.812578664761837,9.098936580051886,9.544962882995605,62400,0.0,0.0
1999-04-13 00:00:00-04:00,9.544964092199882,9.723374635979319,9.232745640585867,9.321950912475586,72700,0.0,0.0
1999-04-14 00:00:00-04:00,9.321951648564015,9.321951648564015,9.054335811763135,9.188143730163574,153300,0.0,0.0
1999-04-15 00:00:00-04:00,9.277348929588948,9.90178587677282,9.277348929588948,9.72337532043457,176400,0.0,0.0
1999-04-16 00:00:00-04:00,9.723372197705647,9.812577447225882,9.45575644914494,9.589564323425293,121800,0.0,0.0
1999-04-19 00:00:00-04:00,9.678772785492587,10.838441414169118,9.678772785492587,10.570825576782227,363200,0.0,0.0
1999-04-20 00:00:00-04:00,10.660031650377356,11.329071293706479,10.57082636460014,11.284468650817871,113100,0.0,0.0
1999-04-21 00:00:00-04:00,11.507479667663574,11.864300742629887,11.462877033292786,11.507479667663574,153100,0.0,0.0
1999-04-22 00:00:00-04:00,11.507478706480011,11.552081337125282,11.15065766131784,11.329068183898926,61900,0.0,0.0
1999-04-23 00:00:00-04:00,11.23986386143884,11.507479667663574,11.106055958326472,11.507479667663574,34800,0.0,0.0
1999-04-26 00:00:00-04:00,12.310329087817943,12.310329087817943,11.507481538612424,11.685892105102539,158500,0.0,0.0
1999-04-27 00:00:00-04:00,11.775093258128447,11.775093258128447,11.239861746395336,11.373669624328613,84700,0.0,0.0
1999-04-28 00:00:00-04:00,11.23986582050409,11.23986582050409,9.901786556158365,9.946389198303223,225700,0.0,0.0
1999-04-29 00:00:00-04:00,9.946385495333491,10.660027503967285,9.90178286979388,10.660027503967285,402600,0.0,0.0
1999-04-30 00:00:00-04:00,11.061454611991527,11.061454611991527,10.21400446026637,10.570825576782227,6733400,0.0,0.0
1999-05-03 00:00:00-04:00,10.615424878427673,10.749232755046508,10.526219627348448,10.660027503967285,566600,0.0,0.0
1999-05-04 00:00:00-04:00,10.704634714934786,10.704634714934786,10.526224136352539,10.526224136352539,680900,0.0,0.0
1999-05-05 00:00:00-04:00,10.570823221554157,11.061452147449076,10.526220591927347,11.016849517822266,599200,0.0,0.0
1999-05-06 00:00:00-04:00,10.79383538058612,10.838438006125733,10.660027503967285,10.660027503967285,177800,0.0,0.0
1999-05-07 00:00:00-04:00,10.704633495475672,10.704633495475672,10.570825576782227,10.570825576782227,242200,0.0,0.0
1999-05-10 00:00:00-04:00,10.660032070289224,10.660032070289224,10.526224136352539,10.526224136352539,226500,0.0,0.0
1999-05-11 00:00:00-04:00,10.570824635386979,10.570824635386979,10.258606186240527,10.392414093017578,97300,0.0,0.0
1999-05-12 00:00:00-04:00,10.347809774833813,10.392412403173614,10.124796633134808,10.16939926147461,155500,0.0,0.0
1999-05-13 00:00:00-04:00,10.124798304239908,10.258606211344402,9.634169311523438,10.035593032836914,523300,0.0,0.0
1999-05-14 00:00:00-04:00,9.990993641040943,10.035596291224161,9.634172439575195,9.634172439575195,262600,0.0,0.0
1999-05-17 00:00:00-04:00,9.723375987578935,9.946389198303223,9.63417070328922,9.946389198303223,64600,0.0,0.0
1999-05-18 00:00:00-04:00,9.946386349883898,10.258604755485635,9.946386349883898,10.124796867370605,68900,0.0,0.0
1999-05-19 00:00:00-04:00,10.124799515519824,10.25860743863242,9.990991592407227,9.990991592407227,125500,0.0,0.0
1999-05-20 00:00:00-04:00,10.080195179391415,10.481618881225586,10.080195179391415,10.481618881225586,111600,0.0,0.0
1999-05-21 00:00:00-04:00,10.660028419830725,10.660028419830725,10.035591608627252,10.124796867370605,201000,0.0,0.0
1999-05-24 00:00:00-04:00,10.080190728886336,10.124793342730966,9.411151521216889,9.678767204284668,146300,0.0,0.0
1999-05-25 00:00:00-04:00,9.767978874412744,9.901786804199219,9.589568301364109,9.901786804199219,209800,0.0,0.0
1999-05-26 00:00:00-04:00,9.990993641040943,10.124801591590598,9.634172439575195,9.634172439575195,138600,0.0,0.0
1999-05-27 00:00:00-04:00,9.634171859077785,9.634171859077785,9.14354273662475,9.232748031616211,133000,0.0,0.0
1999-05-28 00:00:00-04:00,9.232743983085339,10.303207053587988,9.18814135514773,9.27734661102295,212600,0.0,0.0
1999-06-01 00:00:00-04:00,9.232746369630387,9.544964845898082,9.188143730163574,9.188143730163574,186600,0.0,0.0
1999-06-02 00:00:00-04:00,9.232748031616211,9.277350679111942,9.09894008912902,9.232748031616211,92300,0.0,0.0
1999-06-03 00:00:00-04:00,9.143541090696761,9.589567485364896,9.143541090696761,9.188143730163574,304700,0.0,0.0
1999-06-04 00:00:00-04:00,9.188141559236612,9.455757332806611,8.831320527809947,8.875923156738281,100800,0.0,0.0
1999-06-07 00:00:00-04:00,8.965126666826071,9.366550248922762,8.652908325195312,8.652908325195312,169100,0.0,0.0
1999-06-08 00:00:00-04:00,8.742115000883738,8.965128138661385,8.296088725328445,8.563704490661621,274400,0.0,0.0
1999-06-09 00:00:00-04:00,8.697513784681048,9.455758576166064,8.697513784681048,9.36655330657959,271600,0.0,0.0
1999-06-10 00:00:00-04:00,9.634170464106969,10.035594233444758,9.634170464106969,9.990991592407227,301500,0.0,0.0
1999-06-11 00:00:00-04:00,10.124800020510012,10.347813236820805,9.812581517674902,9.901786804199219,212500,0.0,0.0
1999-06-14 00:00:00-04:00,10.08019894140738,10.08019894140738,9.634172439575195,9.634172439575195,124400,0.0,0.0
1999-06-15 00:00:00-04:00,9.634169364089601,9.723374635979319,9.277348276530727,9.321950912475586,118400,0.0,0.0
1999-06-16 00:00:00-04:00,9.32194553337661,9.411150753791697,9.009727261923805,9.054329872131348,119900,0.0,0.0
1999-06-17 00:00:00-04:00,8.965130455997013,9.812580598603695,8.965130455997013,9.72337532043457,156900,0.0,0.0
1999-06-18 00:00:00-04:00,9.990991240566217,9.990991240566217,9.143541090696761,9.188143730163574,103900,0.0,0.0
1999-06-21 00:00:00-04:00,9.45576183884232,9.723377739941633,9.45576183884232,9.634172439575195,107000,0.0,0.0
1999-06-22 00:00:00-04:00,9.634170317314041,9.72337559802991,9.500362396240234,9.500362396240234,88400,0.0,0.0
1999-06-23 00:00:00-04:00,9.544967139208758,9.767980390124851,9.50036448902554,9.634172439575195,96100,0.0,0.0
1999-06-24 00:00:00-04:00,9.544964092199882,9.634169364089601,9.277348276530727,9.321950912475586,70500,0.0,0.0
1999-06-25 00:00:00-04:00,9.411151521216889,9.812575045818557,9.277343679683,9.678767204284668,92300,0.0,0.0
1999-06-28 00:00:00-04:00,9.67877268135001,9.812580598603695,9.67877268135001,9.72337532043457,31100,0.0,0.0
1999-06-29 00:00:00-04:00,9.767978387219564,10.035594233444758,9.767978387219564,9.990991592407227,163400,0.0,0.0
1999-06-30 00:00:00-04:00,9.901783457669344,10.437014995921741,9.812578201293945,9.812578201293945,334300,0.0,0.0
1999-07-01 00:00:00-04:00,10.080195643871127,10.526221999794629,10.035593008278777,10.392414093017578,85400,0.0,0.0
1999-07-02 00:00:00-04:00,10.481621037181627,10.704634250738682,10.392415751758804,10.437018394470215,81500,0.0,0.0
1999-07-06 00:00:00-04:00,10.660031137795283,10.660031137795283,10.34781265258789,10.34781265258789,71400,0.0,0.0
1999-07-07 00:00:00-04:00,10.258607371100064,10.61542849705137,10.169402089612237,10.34781265258789,107400,0.0,0.0
1999-07-08 00:00:00-04:00,10.34781123473581,10.34781123473581,9.990990157675954,10.080195426940918,195300,0.0,0.0
1999-07-09 00:00:00-04:00,10.080195426940918,10.080195426940918,9.990990157675954,10.080195426940918,57300,0.0,0.0
1999-07-12 00:00:00-04:00,9.990991526636584,10.34781265258789,9.990991526636584,10.34781265258789,117900,0.0,0.0
1999-07-13 00:00:00-04:00,10.169402156557355,10.169402156557355,9.990991592407227,9.990991592407227,173300,0.0,0.0
1999-07-14 00:00:00-04:00,9.990990397135416,10.169400939941406,9.990990397135416,10.035593032836914,68600,0.0,0.0
1999-07-15 00:00:00-04:00,10.080195426940918,10.214003330838363,10.035592792308435,10.080195426940918,172100,0.0,0.0
1999-07-16 00:00:00-04:00,10.214001248571163,10.79383538058612,10.080193371952328,10.660027503967285,380300,0.0,0.0
1999-07-19 00:00:00-04:00,10.704632286264115,10.793837555316316,10.526221748159713,10.615427017211914,105900,0.0,0.0
1999-07-20 00:00:00-04:00,10.615424820871064,10.615424820871064,9.990988066702178,10.303206443786621,136000,0.0,0.0
1999-07-21 00:00:00-04:00,10.34781121005531,10.660029651738014,10.34781121005531,10.615427017211914,115700,0.0,0.0
1999-07-22 00:00:00-04:00,10.660032070289224,10.660032070289224,10.392416202415856,10.526224136352539,94600,0.0,0.0
1999-07-23 00:00:00-04:00,10.526220288193016,10.526220288193016,9.990988748115406,10.16939926147461,107200,0.0,0.0
1999-07-26 00:00:00-04:00,9.990989912317154,10.481618881225586,9.901784645242895,10.481618881225586,79800,0.0,0.0
1999-07-27 00:00:00-04:00,10.793836058231822,10.883041314911424,10.16939926147461,10.16939926147461,682500,0.0,0.0
1999-07-28 00:00:00-04:00,10.258607371100064,10.437017934075717,10.035594167380497,10.34781265258789,123100,0.0,0.0
1999-07-29 00:00:00-04:00,10.347808492669154,10.347808492669154,9.812577018910405,9.857179641723633,75200,0.0,0.0
1999-07-30 00:00:00-04:00,9.990990193684897,9.990990193684897,9.009732228233702,9.36655330657959,194000,0.0,0.0
1999-08-02 00:00:00-04:00,9.45576183884232,9.946390990857724,9.366556538475884,9.634172439575195,100500,0.0,0.0
1999-08-03 00:00:00-04:00,9.723371773283946,10.08019275578978,9.723371773283946,9.857179641723633,69200,0.0,0.0
1999-08-04 00:00:00-04:00,9.946388515857382,10.08019643311107,9.72337532043457,9.72337532043457,194100,0.0,0.0
1999-08-05 00:00:00-04:00,9.72337532043457,9.767977959519133,9.455759485927198,9.72337532043457,166100,0.0,0.0
1999-08-06 00:00:00-04:00,9.63416814358435,9.812578664761837,9.455757622406862,9.544962882995605,42400,0.0,0.0
1999-08-09 00:00:00-04:00,9.27734661102295,9.27734661102295,9.14353872721012,9.27734661102295,59300,0.0,0.0
1999-08-10 00:00:00-04:00,9.188144264221192,9.232746906280518,8.831323127746582,8.920528411865234,115900,0.0,0.0
1999-08-11 00:00:00-04:00,8.831318754898874,8.920523994847347,8.47449779510498,8.47449779510498,159800,0.0,0.0
1999-08-12 00:00:00-04:00,8.563703035053454,8.697510894976164,8.47449779510498,8.47449779510498,189500,0.0,0.0
1999-08-13 00:00:00-04:00,8.47449739552077,8.47449739552077,7.136418859385911,7.983868598937988,2320100,0.0,0.0
1999-08-16 00:00:00-04:00,8.162277529316563,8.519098404915102,8.07307231041693,8.296085357666016,146400,0.0,0.0
1999-08-17 00:00:00-04:00,8.385292277616614,8.385292277616614,8.16227918512681,8.340689659118652,62100,0.0,0.0
1999-08-18 00:00:00-04:00,8.251486293605117,8.296088922219198,8.028473150534708,8.162281036376953,91100,0.0,0.0
1999-08-19 00:00:00-04:00,8.162280264225874,8.162280264225874,7.7608566446737814,7.850061893463135,201700,0.0,0.0
1999-08-20 00:00:00-04:00,7.850065298641429,7.850065298641429,7.35943621747634,7.582449436187744,201600,0.0,0.0
1999-08-23 00:00:00-04:00,7.671654472574157,7.671654472574157,7.582449188009341,7.627051830291748,239900,0.0,0.0
1999-08-24 00:00:00-04:00,7.448641504960901,7.582449436187744,7.181025642507216,7.582449436187744,256000,0.0,0.0
1999-08-25 00:00:00-04:00,7.582448429531522,8.117680083380806,7.537845791710748,8.028474807739258,477100,0.0,0.0
1999-08-26 00:00:00-04:00,8.920526504516602,9.366552829742432,8.563705444335938,9.098937034606934,714200,0.0,0.0
1999-08-27 00:00:00-04:00,9.277342484637003,9.277342484637003,9.054329444140922,9.143534660339355,153500,0.0,0.0
1999-08-30 00:00:00-04:00,9.27734118168897,9.27734118168897,8.920520367008624,9.009725570678711,99700,0.0,0.0
1999-08-31 00:00:00-04:00,9.09893577457092,9.09893577457092,8.474499005727818,8.608306884765625,239200,0.0,0.0
1999-09-01 00:00:00-04:00,8.563706461588541,8.563706461588541,7.894666894276938,8.028474807739258,106100,0.0,0.0
1999-09-02 00:00:00-04:00,7.850060745324503,8.02847121680915,7.850060745324503,7.983868598937988,302400,0.0,0.0
1999-09-03 00:00:00-04:00,8.073073834680311,8.206881688293798,7.850060745324503,7.983868598937988,359600,0.0,0.0
1999-09-07 00:00:00-04:00,8.028474807739258,8.117680083380806,7.850064256456164,8.028474807739258,387400,0.0,0.0
1999-09-08 00:00:00-04:00,8.11767864227295,8.296089161883343,8.11767864227295,8.11767864227295,293000,0.0,0.0
1999-09-09 00:00:00-04:00,8.20688229515439,8.608305885678245,8.20688229515439,8.429895401000977,204000,0.0,0.0
1999-09-10 00:00:00-04:00,8.429895224030485,8.652908325195312,8.296087363331589,8.652908325195312,237600,0.0,0.0
1999-09-13 00:00:00-04:00,8.563705444335938,8.74211597442627,8.563705444335938,8.74211597442627,33500,0.0,0.0
1999-09-14 00:00:00-04:00,8.7421157419385,8.965128898620605,8.7421157419385,8.965128898620605,179200,0.0,0.0
1999-09-15 00:00:00-04:00,9.098936792629868,9.098936792629868,8.831321004611343,8.965128898620605,77900,0.0,0.0
1999-09-16 00:00:00-04:00,8.96513105392456,9.009733695983886,8.74211784362793,8.920528411865234,60300,0.0,0.0
1999-09-17 00:00:00-04:00,8.831323127746582,8.96513105392456,8.74211784362793,8.920528411865234,98600,0.0,0.0
1999-09-20 00:00:00-04:00,9.009726836041706,9.232739876537789,8.831316403644841,9.143534660339355,161400,0.0,0.0
1999-09-21 00:00:00-04:00,9.054329444140922,9.143534660339355,9.054329444140922,9.143534660339355,42900,0.0,0.0
1999-09-22 00:00:00-04:00,9.143539667129517,9.1881422996521,9.009731769561768,9.098937034606934,169600,0.0,0.0
1999-09-23 00:00:00-04:00,9.098936021327972,9.18814127643903,8.563704490661621,8.563704490661621,49100,0.0,0.0
1999-09-24 00:00:00-04:00,8.563704207136823,8.563704207136823,8.206883198506123,8.251485824584961,48800,0.0,0.0
1999-09-27 00:00:00-04:00,8.385296821594238,8.563707392266455,8.251488893590075,8.385296821594238,49700,0.0,0.0
1999-09-28 00:00:00-04:00,8.474499235550562,8.563704490661621,8.296088725328445,8.563704490661621,51100,0.0,0.0
1999-09-29 00:00:00-04:00,8.474498022170293,8.563703264508927,8.296087537493024,8.429895401000977,24900,0.0,0.0
1999-09-30 00:00:00-04:00,8.519101936083574,9.27734661102295,8.474499308145964,9.27734661102295,168900,0.0,0.0
1999-10-01 00:00:00-04:00,9.277347564697266,9.277347564697266,8.60830807685852,8.74211597442627,102600,0.0,0.0
1999-10-04 00:00:00-04:00,8.742115000883738,8.742115000883738,8.385293980439503,8.563704490661621,121200,0.0,0.0
1999-10-05 00:00:00-04:00,8.474495795465286,8.474495795465286,8.251482748216198,8.296085357666016,78900,0.0,0.0
1999-10-06 00:00:00-04:00,8.2514850989632,8.296087721119756,8.20688247680664,8.20688247680664,72700,0.0,0.0
1999-10-07 00:00:00-04:00,8.206883198506123,8.296088450663797,8.206883198506123,8.251485824584961,67400,0.0,0.0
1999-10-08 00:00:00-04:00,8.251484422122731,8.340689659118652,8.251484422122731,8.340689659118652,65500,0.0,0.0
1999-10-11 00:00:00-04:00,8.251484916323706,8.51910064333961,8.251484916323706,8.429895401000977,16100,0.0,0.0
1999-10-12 00:00:00-04:00,8.42989632890031,8.42989632890031,8.206883198506123,8.251485824584961,58700,0.0,0.0
1999-10-13 00:00:00-04:00,8.251484452291978,8.251484452291978,7.671650409698487,7.671650409698486,76700,0.0,0.0
1999-10-14 00:00:00-04:00,7.671651395884427,7.939267142252489,7.671651395884427,7.850061893463135,69600,0.0,0.0
1999-10-15 00:00:00-04:00,7.760856083461216,7.760856083461216,7.225624629429408,7.4932403564453125,102400,0.0,0.0
1999-10-18 00:00:00-04:00,7.582449794556043,7.671655086256703,7.136423336052746,7.181025981903076,64000,0.0,0.0
1999-10-19 00:00:00-04:00,7.13641881942749,7.671650230884552,7.002610966563225,7.13641881942749,118600,0.0,0.0
1999-10-20 00:00:00-04:00,7.13641881942749,7.225624054670334,7.047213584184647,7.13641881942749,81000,0.0,0.0
1999-10-21 00:00:00-04:00,7.136423336052746,7.270231273603735,7.047218044352087,7.181025981903076,82800,0.0,0.0
1999-10-22 00:00:00-04:00,7.270231273603735,7.448641857005054,7.091820690202416,7.181025981903076,131000,0.0,0.0
1999-10-25 00:00:00-04:00,7.225628049750077,7.671654472574157,7.047217480620446,7.627051830291748,283100,0.0,0.0
1999-10-26 00:00:00-04:00,7.716256167360409,7.716256167360409,7.225627162499342,7.4486403465271,231000,0.0,0.0
1999-10-27 00:00:00-04:00,7.4040374814010255,7.4040374814010255,7.091819033390139,7.3148322105407715,169000,0.0,0.0
1999-10-28 00:00:00-04:00,7.404035114106677,7.493240356445312,7.314829871768042,7.4932403564453125,102600,0.0,0.0
1999-10-29 00:00:00-04:00,7.582448256943754,7.671653530554857,7.404037709721548,7.4486403465271,97700,0.0,0.0
1999-11-01 00:00:00-05:00,7.493244502855384,7.537847148705713,7.136423336052746,7.181025981903076,61000,0.0,0.0
1999-11-02 00:00:00-05:00,7.181021437048912,7.3148292899131775,7.047213584184647,7.13641881942749,78300,0.0,0.0
1999-11-03 00:00:00-05:00,7.225624054670334,7.270226672291756,6.958008348941803,7.13641881942749,182600,0.0,0.0
1999-11-04 00:00:00-05:00,7.047213584184647,7.13641881942749,6.958008348941803,7.13641881942749,66400,0.0,0.0
1999-11-05 00:00:00-05:00,7.225628852844238,7.404039441803355,7.181026205604459,7.225628852844238,176700,0.0,0.0
1999-11-08 00:00:00-05:00,7.225628852844238,7.314834147323797,7.181026205604459,7.225628852844238,93700,0.0,0.0
1999-11-09 00:00:00-05:00,7.22562228646248,7.314827499875596,7.002609252929687,7.0026092529296875,288700,0.0,0.0
1999-11-10 00:00:00-05:00,7.091819941279399,7.493243711540497,7.091819941279399,7.404038429260254,97600,0.0,0.0
1999-11-11 00:00:00-05:00,7.493242983332651,7.537845620138203,7.359435072915996,7.4486403465271,89300,0.0,0.0
1999-11-12 00:00:00-05:00,7.3594367945635755,7.448642089043134,7.0026156166453415,7.225628852844238,142000,0.0,0.0
1999-11-15 00:00:00-05:00,7.13642048385908,7.13642048385908,6.824202087690246,7.091817855834961,132300,0.0,0.0
1999-11-16 00:00:00-05:00,7.091819033390139,7.359434845970899,7.047216397960012,7.3148322105407715,123300,0.0,0.0
1999-11-17 00:00:00-05:00,7.225628627753405,7.270231273603735,7.136423336052746,7.181025981903076,55900,0.0,0.0
1999-11-18 00:00:00-05:00,7.136421668820265,7.4040374814010255,7.136421668820265,7.3148322105407715,87100,0.0,0.0
1999-11-19 00:00:00-05:00,7.404032713288713,7.4932379267018305,6.868801432810011,7.0026092529296875,133700,0.0,0.0
1999-11-22 00:00:00-05:00,7.047215227810842,7.225625739907319,6.913407343738484,7.091817855834961,155900,0.0,0.0
1999-11-23 00:00:00-05:00,7.091820592880249,7.13642323811849,6.601191495259603,6.690396785736084,503200,0.0,0.0
1999-11-24 00:00:00-05:00,6.601190090179443,6.690395361668355,6.155163732734887,6.601190090179443,202200,0.0,0.0
1999-11-26 00:00:00-05:00,6.645792725923899,6.645792725923899,6.601190090179443,6.601190090179443,30600,0.0,0.0
1999-11-29 00:00:00-05:00,6.51198289791743,6.51198289791743,6.288969784975052,6.4227776527404785,189700,0.0,0.0
1999-11-30 00:00:00-05:00,6.4227776527404785,6.6457907656828565,6.333572407563528,6.4227776527404785,134700,0.0,0.0
1999-12-01 00:00:00-05:00,6.333572407563528,6.467380275328955,6.11055929462115,6.4227776527404785,459200,0.0,0.0
1999-12-02 00:00:00-05:00,6.333573341369629,6.422778599698779,6.288970712205054,6.333573341369629,124100,0.0,0.0
1999-12-03 00:00:00-05:00,6.288973301440685,6.378178596496582,6.244370653912737,6.378178596496582,50500,0.0,0.0
1999-12-06 00:00:00-05:00,6.378175447968876,6.378175447968876,5.976751818376429,6.065957069396973,587100,0.0,0.0
1999-12-07 00:00:00-05:00,6.065957055163027,6.065957055163027,5.7091360519181436,5.976751804351807,357400,0.0,0.0
1999-12-08 00:00:00-05:00,5.976754210212014,6.065959496931596,5.798343636772849,5.887548923492432,114300,0.0,0.0
1999-12-09 00:00:00-05:00,5.976751804351807,6.065957055163027,5.887546553540585,5.976751804351807,99600,0.0,0.0
1999-12-10 00:00:00-05:00,5.932151335796327,6.021356619041385,5.8429460525512695,5.8429460525512695,53100,0.0,0.0
1999-12-13 00:00:00-05:00,5.9321498906170875,6.065957782886646,5.887547259860568,6.021355152130127,208600,0.0,0.0
1999-12-14 00:00:00-05:00,5.93214988708496,6.021355148544885,5.887547256354998,5.932149887084961,62500,0.0,0.0
1999-12-15 00:00:00-05:00,5.976752517814923,5.976752517814923,5.7983419948950745,5.932149887084961,120400,0.0,0.0
1999-12-16 00:00:00-05:00,5.842944614530548,5.88754724517582,5.57532883065892,5.664534091949463,172000,0.0,0.0
1999-12-17 00:00:00-05:00,5.619933106005192,5.7537410371005535,5.48612517490983,5.7091383934021,372900,0.0,0.0
1999-12-20 00:00:00-05:00,5.6199314613041915,5.709136722594734,5.530726200013649,5.664534091949463,218200,0.0,0.0
1999-12-21 00:00:00-05:00,5.619932174682617,5.709137447296627,5.530726902068608,5.619932174682617,220500,0.0,0.0
1999-12-22 00:00:00-05:00,5.575329296348631,5.798342468202576,5.530726661977842,5.753739833831787,148100,0.0,0.0
1999-12-23 00:00:00-05:00,5.709138350053267,6.021356853571804,5.709138350053267,5.887548923492432,149400,0.0,0.0
1999-12-27 00:00:00-05:00,5.887546553540585,6.021354429757417,5.842943928134975,5.976751804351807,146800,0.0,0.0
1999-12-28 00:00:00-05:00,5.976754461924235,6.779602076212566,5.976754461924235,6.690396785736084,283000,0.0,0.0
1999-12-29 00:00:00-05:00,6.779598417736235,7.493240356445312,6.779598417736235,7.4932403564453125,333000,0.0,0.0
1999-12-30 00:00:00-05:00,7.4932447362829135,7.67165532524203,7.13642355836468,7.225628852844238,111100,0.0,0.0
1999-12-31 00:00:00-05:00,7.1810218676542625,7.1810218676542625,6.958008766174316,6.958008766174316,187600,0.0,0.0
2000-01-03 00:00:00-05:00,7.047211859636246,7.22562228646248,7.002609252929687,7.0026092529296875,75600,0.0,0.0
2000-01-04 00:00:00-05:00,6.958010427209715,7.002613058153368,6.6457920106041515,6.734997272491455,59600,0.0,0.0
2000-01-05 00:00:00-05:00,6.779598712921143,6.9580092053664355,6.734996089809819,6.779598712921143,133100,0.0,0.0
2000-01-06 00:00:00-05:00,6.779602625598646,6.779602625598646,6.511986732482911,6.51198673248291,303300,0.0,0.0
2000-01-07 00:00:00-05:00,6.511986204783122,6.868807366689047,6.511986204783122,6.690396785736084,162200,0.0,0.0
2000-01-10 00:00:00-05:00,6.690395361668355,6.7796006331572665,6.601190090179443,6.601190090179443,47400,0.0,0.0
2000-01-11 00:00:00-05:00,6.511983858027929,6.5565864871925035,5.798341791394731,6.333573341369629,182600,0.0,0.0
2000-01-12 00:00:00-05:00,6.1997635534831455,6.24436616897583,5.887545245034354,6.24436616897583,228500,0.0,0.0
2000-01-13 00:00:00-05:00,6.333572407563528,6.556585520505905,6.288969784975052,6.4227776527404785,104700,0.0,0.0
2000-01-14 00:00:00-05:00,6.4227802671235175,6.690396111586998,6.333574985635691,6.467382907867432,451900,0.0,0.0
2000-01-18 00:00:00-05:00,6.556585520505905,6.690393388271332,6.378175030152003,6.4227776527404785,171700,0.0,0.0
2000-01-19 00:00:00-05:00,6.422780300708528,6.422780300708528,6.244369736799958,6.2889723777771,30000,0.0,0.0
2000-01-20 00:00:00-05:00,6.378176198182282,6.378176198182282,6.021355152130126,6.021355152130127,93300,0.0,0.0
2000-01-21 00:00:00-05:00,6.021354429757417,6.155162305974248,5.887546553540585,5.976751804351807,708200,0.0,0.0
2000-01-24 00:00:00-05:00,6.065960063800945,6.467383891552478,5.976754768745049,6.378178596496582,228400,0.0,0.0
2000-01-25 00:00:00-05:00,6.288968784468515,6.511981861931937,6.1997635534831455,6.24436616897583,195800,0.0,0.0
2000-01-26 00:00:00-05:00,6.155163044399685,6.199765675156204,5.887547259860568,6.021355152130127,250000,0.0,0.0
2000-01-27 00:00:00-05:00,6.021354429757417,6.065957055163027,5.932149178946196,5.976751804351807,194600,0.0,0.0
2000-01-28 00:00:00-05:00,5.932150371314943,5.976753005685732,5.575329296348631,5.753739833831787,314500,0.0,0.0
2000-01-31 00:00:00-05:00,5.753737845071932,5.753737845071932,5.486122131347656,5.486122131347656,275900,0.0,0.0
2000-02-01 00:00:00-05:00,5.486125604922955,5.887549429673415,5.441522957728459,5.798344135284424,295200,0.0,0.0
2000-02-02 00:00:00-05:00,5.887545245034354,6.422776630946569,5.887545245034354,6.24436616897583,199200,0.0,0.0
2000-02-03 00:00:00-05:00,6.24436757143806,6.378175447968876,5.976751818376429,6.065957069396973,321400,0.0,0.0
2000-02-04 00:00:00-05:00,6.110559694907245,6.110559694907245,5.932149192866158,6.065957069396973,130100,0.0,0.0
2000-02-07 00:00:00-05:00,6.155163040734771,6.155163040734771,5.842944625625036,5.932149887084961,195200,0.0,0.0
2000-02-08 00:00:00-05:00,5.798343410928741,5.932151335796327,5.798343410928741,5.8429460525512695,132400,0.0,0.0
2000-02-09 00:00:00-05:00,5.798343680799007,5.842946324497461,5.664535749703646,5.7091383934021,199300,0.0,0.0
2000-02-10 00:00:00-05:00,5.709137447296627,5.709137447296627,5.5753295383756125,5.619932174682617,187100,0.0,0.0
2000-02-11 00:00:00-05:00,5.619933106005192,5.7091383934021,5.575330462306738,5.7091383934021,65400,0.0,0.0
2000-02-14 00:00:00-05:00,5.7091383934021,5.7091383934021,5.619933106005192,5.7091383934021,113800,0.0,0.0
2000-02-15 00:00:00-05:00,5.709138840895433,5.798344135284424,5.575330899311946,5.798344135284424,248600,0.0,0.0
2000-02-16 00:00:00-05:00,5.709137199460998,5.798342468202576,5.664534565090209,5.753739833831787,155400,0.0,0.0
2000-02-17 00:00:00-05:00,5.75373869082507,6.24436757143806,5.75373869082507,6.065957069396973,84500,0.0,0.0
2000-02-18 00:00:00-05:00,6.155165541661929,6.601192030188156,6.110562892809306,6.51198673248291,443900,0.0,0.0
2000-02-22 00:00:00-05:00,7.04721569235808,7.136420954286663,6.645792013679455,6.824202537536621,367400,0.0,0.0
2000-02-23 00:00:00-05:00,7.136417073049363,7.136417073049363,6.9580066462231285,7.0026092529296875,215200,0.0,0.0
2000-02-24 00:00:00-05:00,7.002613811879545,7.002613811879545,6.601190090179443,6.601190090179443,161900,0.0,0.0
2000-02-25 00:00:00-05:00,6.645789708409991,6.645789708409991,6.155160937990462,6.24436616897583,100800,0.0,0.0
2000-02-28 00:00:00-05:00,6.24436757143806,6.333572822458604,5.842943941845614,6.065957069396973,43400,0.0,0.0
2000-02-29 00:00:00-05:00,6.155162567639873,6.244367822243349,6.021354685734658,6.110559940338135,35900,0.0,0.0
2000-03-01 00:00:00-05:00,6.110560195546754,6.422778599698779,6.110560195546754,6.333573341369629,73100,0.0,0.0
2000-03-02 00:00:00-05:00,6.422779083251953,6.511984348297119,6.155163288116455,6.155163288116455,49400,0.0,0.0
2000-03-03 00:00:00-05:00,6.155163044399685,6.155163044399685,5.976752521373607,6.021355152130127,74900,0.0,0.0
2000-03-06 00:00:00-05:00,6.1105610969904305,6.601190090179443,6.1105610969904305,6.601190090179443,165600,0.0,0.0
2000-03-07 00:00:00-05:00,6.690396146571383,6.734998787548526,6.2889723777771,6.2889723777771,104000,0.0,0.0
2000-03-08 00:00:00-05:00,6.333573567425763,6.333573567425763,5.798341998347529,6.021355152130127,97700,0.0,0.0
2000-03-09 00:00:00-05:00,6.021354049444199,6.4227776527404785,5.976751426855723,6.4227776527404785,60100,0.0,0.0
2000-03-10 00:00:00-05:00,6.511986204783122,6.868807366689047,6.467383559544881,6.690396785736084,135100,0.0,0.0
2000-03-13 00:00:00-05:00,6.601192030188156,6.690397327893401,6.511986732482911,6.51198673248291,63000,0.0,0.0
2000-03-14 00:00:00-05:00,6.467381715774536,6.511984348297119,6.110560655593872,6.155163288116455,177100,0.0,0.0
2000-03-15 00:00:00-05:00,6.1105604136431655,6.244368305912724,5.976752521373607,6.021355152130127,213200,0.0,0.0
2000-03-16 00:00:00-05:00,6.021355148544885,6.0659577792748465,5.887547256354998,5.932149887084961,114800,0.0,0.0
2000-03-17 00:00:00-05:00,5.97675205843292,6.155162567639873,5.97675205843292,6.110559940338135,44900,0.0,0.0
2000-03-20 00:00:00-05:00,6.378176911457165,6.7796006331572665,6.378176911457165,6.601190090179443,169100,0.0,0.0
2000-03-21 00:00:00-05:00,6.690396785736084,6.734999430974325,6.601191495259603,6.690396785736084,108500,0.0,0.0
2000-03-22 00:00:00-05:00,6.73499566469437,6.958008766174316,6.690393044398381,6.958008766174316,127000,0.0,0.0
2000-03-23 00:00:00-05:00,6.913410011927287,6.958012657165527,6.690396785736084,6.690396785736084,116600,0.0,0.0
2000-03-24 00:00:00-05:00,6.601188475085843,6.958009473739132,6.601188475085843,6.913406848907471,48000,0.0,0.0
2000-03-27 00:00:00-05:00,6.958011956050478,6.958011956050478,6.4227802671235175,6.467382907867432,115000,0.0,0.0
2000-03-28 00:00:00-05:00,6.511986732482911,6.779602625598646,6.422781434777665,6.51198673248291,135900,0.0,0.0
2000-03-29 00:00:00-05:00,6.4227776527404785,6.51198289791743,6.333572407563528,6.4227776527404785,53500,0.0,0.0
2000-03-30 00:00:00-05:00,6.422778599698779,6.422778599698779,6.155162824711329,6.333573341369629,98800,0.0,0.0
2000-03-31 00:00:00-05:00,6.378176224942239,6.734997272491455,6.288970963054935,6.734997272491455,91800,0.0,0.0
2000-04-03 00:00:00-04:00,6.734996349580826,6.958009473739132,6.690393724749165,6.913406848907471,145300,0.0,0.0
2000-04-04 00:00:00-04:00,6.9580092053664355,6.9580092053664355,6.779598712921143,6.779598712921143,50200,0.0,0.0
2000-04-05 00:00:00-04:00,6.77959990657233,6.913407799465205,6.690394644643747,6.824202537536621,73500,0.0,0.0
2000-04-06 00:00:00-04:00,6.868803525582338,6.958008766174316,6.824200905286348,6.958008766174316,61500,0.0,0.0
2000-04-07 00:00:00-04:00,6.958009971762603,7.091817855834961,6.958009971762603,7.091817855834961,244700,0.0,0.0
2000-04-10 00:00:00-04:00,7.0026156166453415,7.448642089043134,7.0026156166453415,7.225628852844238,205400,0.0,0.0
2000-04-11 00:00:00-04:00,7.181021437048912,7.3148292899131775,7.047213584184647,7.13641881942749,123500,0.0,0.0
2000-04-12 00:00:00-04:00,7.225624629429408,7.493240356445312,7.225624629429408,7.4932403564453125,51400,0.0,0.0
2000-04-13 00:00:00-04:00,7.493241078754854,7.671651580629969,7.314830576879738,7.537843704223633,91200,0.0,0.0
2000-04-14 00:00:00-04:00,7.448636011643843,7.448636011643843,6.779596848921342,6.868802070617676,228800,0.0,0.0
2000-04-17 00:00:00-04:00,6.779598712921143,6.868803959143789,6.60118822047585,6.779598712921143,212600,0.0,0.0
2000-04-18 00:00:00-04:00,6.779596848921342,7.047212514010343,6.779596848921342,6.868802070617676,74700,0.0,0.0
2000-04-19 00:00:00-04:00,6.868804715714365,7.091817855834961,6.690394203617888,7.091817855834961,49500,0.0,0.0
2000-04-20 00:00:00-04:00,7.136423336052746,7.270231273603735,6.9580127526514275,7.181025981903076,27500,0.0,0.0
2000-04-24 00:00:00-04:00,7.1810257796999775,7.4932442918608455,6.958012556727928,7.047217845916748,76700,0.0,0.0
2000-04-25 00:00:00-04:00,7.627051830291749,7.939270326268604,7.493243903444525,7.627051830291748,234400,0.0,0.0
2000-04-26 00:00:00-04:00,7.627052258082799,7.850065482003348,7.582449613298689,7.805462837219238,108000,0.0,0.0
2000-04-27 00:00:00-04:00,7.7608555095821785,8.02847121680915,7.7608555095821785,7.983868598937988,173600,0.0,0.0
2000-04-28 00:00:00-04:00,8.028472407480304,8.028472407480304,7.850061909536297,7.939267158508301,100300,0.0,0.0
2000-05-01 00:00:00-04:00,8.028476320464035,8.028476320464035,7.627052504440833,7.760860443115234,119900,0.0,0.0
2000-05-02 00:00:00-04:00,7.493243711540497,7.53784635268062,7.225627864699765,7.404038429260254,134800,0.0,0.0
2000-05-03 00:00:00-04:00,7.314833573734059,7.582449436187744,7.270230929991778,7.582449436187744,39900,0.0,0.0
2000-05-04 00:00:00-04:00,7.53784297761463,7.760856083461216,7.404035114106677,7.4932403564453125,69900,0.0,0.0
2000-05-05 00:00:00-04:00,7.493239935054336,7.7162530283595245,7.493239935054336,7.671650409698486,58300,0.0,0.0
2000-05-08 00:00:00-04:00,7.850065735564835,7.850065735564835,7.760860443115234,7.760860443115234,99800,0.0,0.0
2000-05-09 00:00:00-04:00,7.760860011156867,7.850065298641429,7.582449436187744,7.582449436187744,55700,0.0,0.0
2000-05-10 00:00:00-04:00,7.582446329692411,7.850062082505085,7.493241078754854,7.537843704223633,43300,0.0,0.0
2000-05-11 00:00:00-04:00,7.6270499256994,7.805460450277164,7.582447294554959,7.716255187988281,59000,0.0,0.0
2000-05-12 00:00:00-04:00,7.7162530283595245,7.850060884342637,7.582445172376412,7.671650409698486,43200,0.0,0.0
2000-05-15 00:00:00-04:00,7.760859230817374,7.939269787847659,7.716256591559803,7.894667148590088,66600,0.0,0.0
2000-05-16 00:00:00-04:00,8.117680344877943,8.162282984135514,7.850064509332516,7.894667148590088,52000,0.0,0.0
2000-05-17 00:00:00-04:00,7.983873674239235,7.983873674239235,7.671655150665633,7.760860443115234,42000,0.0,0.0
2000-05-18 00:00:00-04:00,7.8054582656816,7.850060884342637,7.671650409698487,7.671650409698486,26800,0.0,0.0
2000-05-19 00:00:00-04:00,7.7162575476510185,7.805462837219238,7.582449613298689,7.805462837219238,40100,0.0,0.0
2000-05-22 00:00:00-04:00,7.671654472574157,7.80546239942138,7.225628049750077,7.627051830291748,76700,0.0,0.0
2000-05-23 00:00:00-04:00,7.53784635268062,7.582448993820742,7.31483314698001,7.404038429260254,50500,0.0,0.0
2000-05-24 00:00:00-04:00,7.404038429260254,7.404038429260254,7.225627864699765,7.404038429260254,104800,0.0,0.0
2000-05-25 00:00:00-04:00,7.4040374814010255,7.493242752261279,7.225626939680518,7.3148322105407715,98500,0.0,0.0
2000-05-26 00:00:00-04:00,7.404039441803355,7.404039441803355,7.225628852844238,7.225628852844238,37300,0.0,0.0
2000-05-30 00:00:00-04:00,7.225628424294387,7.314833713483207,7.047217845916748,7.047217845916748,57800,0.0,0.0
2000-05-31 00:00:00-04:00,7.0472140067662945,7.1364192473582735,6.958008766174316,6.958008766174316,36900,0.0,0.0
2000-06-01 00:00:00-04:00,6.958009971762603,7.13642048385908,6.958009971762603,7.091817855834961,34100,0.0,0.0
2000-06-02 00:00:00-04:00,7.136419387090774,7.493240356445312,7.136419387090774,7.4932403564453125,100800,0.0,0.0
2000-06-05 00:00:00-04:00,7.493240356445312,7.53784297761463,7.404035114106677,7.4932403564453125,47900,0.0,0.0
2000-06-06 00:00:00-04:00,7.582449436187744,7.671654723672305,7.493244148703182,7.582449436187744,52100,0.0,0.0
2000-06-07 00:00:00-04:00,7.6270499256994,7.716255187988282,7.537844663410518,7.716255187988281,53500,0.0,0.0
2000-06-08 00:00:00-04:00,7.760855647020562,7.760855647020562,7.582445172376412,7.671650409698486,42500,0.0,0.0
2000-06-09 00:00:00-04:00,7.716254020279104,7.850061893463135,7.582446147095073,7.850061893463135,105300,0.0,0.0
2000-06-12 00:00:00-04:00,7.850065735564835,7.850065735564835,7.582449858216033,7.760860443115234,60400,0.0,0.0
2000-06-13 00:00:00-04:00,7.760856083461216,7.760856083461216,7.4486377352759945,7.4932403564453125,45700,0.0,0.0
2000-06-14 00:00:00-04:00,7.404034525156021,7.404034525156021,7.091816201806068,7.13641881942749,85400,0.0,0.0
2000-06-15 00:00:00-04:00,7.13641881942749,7.181021437048912,7.002610966563225,7.13641881942749,44700,0.0,0.0
2000-06-16 00:00:00-04:00,7.136417073049363,7.136417073049363,7.002609252929687,7.0026092529296875,53800,0.0,0.0
2000-06-19 00:00:00-04:00,7.002612098570793,7.047214723402454,6.868804224075809,6.913406848907471,61100,0.0,0.0
2000-06-20 00:00:00-04:00,6.9580066462231285,7.22562228646248,6.868801432810011,7.0026092529296875,47200,0.0,0.0
2000-06-21 00:00:00-04:00,6.958008348941803,7.3148292899131775,6.958008348941803,7.13641881942749,98600,0.0,0.0
2000-06-22 00:00:00-04:00,7.136421668820265,7.359434845970899,6.958011127099759,7.3148322105407715,112400,0.0,0.0
2000-06-23 00:00:00-04:00,7.31483314698001,7.448641070400376,7.31483314698001,7.404038429260254,32100,0.0,0.0
2000-06-26 00:00:00-04:00,7.359434138832754,7.760857819132723,7.3148315076883135,7.716255187988281,49000,0.0,0.0
2000-06-27 00:00:00-04:00,7.582446147095073,7.850061893463135,7.582446147095073,7.850061893463135,141300,0.0,0.0
2000-06-28 00:00:00-04:00,7.850061909536297,7.939267158508301,7.760856660564294,7.939267158508301,71700,0.0,0.0
2000-06-29 00:00:00-04:00,7.671653705173069,8.028474807739258,7.671653705173069,8.028474807739258,73600,0.0,0.0
2000-06-30 00:00:00-04:00,8.02847561083342,8.4745020336575,7.6159011697211465,7.627051830291748,341000,0.0,0.0
2000-07-03 00:00:00-04:00,7.671654472574157,7.671654472574157,7.582449188009341,7.627051830291748,20600,0.0,0.0
2000-07-05 00:00:00-04:00,7.627052504440833,7.850065735564835,7.627052504440833,7.760860443115234,17900,0.0,0.0
2000-07-06 00:00:00-04:00,7.760857819132723,7.805460450277164,7.716255187988282,7.716255187988281,30200,0.0,0.0
2000-07-07 00:00:00-04:00,7.805460450277164,7.850063081421604,7.582447294554959,7.716255187988281,21100,0.0,0.0
2000-07-10 00:00:00-04:00,7.7162573674145865,7.7162573674145865,7.40403886121862,7.582449436187744,59500,0.0,0.0
2000-07-11 00:00:00-04:00,7.53784297761463,7.627048219953264,7.4486377352759945,7.4932403564453125,51600,0.0,0.0
2000-07-12 00:00:00-04:00,7.493241078754854,7.582446329692411,7.493241078754854,7.537843704223633,51100,0.0,0.0
2000-07-13 00:00:00-04:00,7.493242983332651,7.582448256943754,7.225627162499342,7.4486403465271,133200,0.0,0.0
2000-07-14 00:00:00-04:00,7.4040401169748025,7.448642768281879,7.314834814360648,7.359437465667725,43200,0.0,0.0
2000-07-17 00:00:00-04:00,7.3594367945635755,7.4932447362829135,6.958012969405562,7.225628852844238,64400,0.0,0.0
2000-07-18 00:00:00-04:00,7.1810257796999775,7.314833713483207,6.958012556727928,7.047217845916748,47800,0.0,0.0
2000-07-19 00:00:00-04:00,7.0026113864703055,7.091816627062284,6.958008766174316,6.958008766174316,53100,0.0,0.0
2000-07-20 00:00:00-04:00,6.958010430429496,7.04721569235808,6.601189382715163,6.824202537536621,149000,0.0,0.0
2000-07-21 00:00:00-04:00,6.824200905286348,6.958008766174316,6.690393044398381,6.958008766174316,131300,0.0,0.0
2000-07-24 00:00:00-04:00,6.913409912133519,7.1810257796999775,6.824204622944698,7.047217845916748,58600,0.0,0.0
2000-07-25 00:00:00-04:00,6.958012423795812,7.850065298641429,6.868807136311251,7.582449436187744,184800,0.0,0.0
2000-07-26 00:00:00-04:00,7.6716503816492425,8.340689659118652,7.6716503816492425,8.340689659118652,257300,0.0,0.0
2000-07-27 00:00:00-04:00,8.251486531980744,8.429897051591139,8.028473382467752,8.11767864227295,154700,0.0,0.0
2000-07-28 00:00:00-04:00,8.02847198818041,8.20688247680664,8.02847198818041,8.20688247680664,130900,0.0,0.0
2000-07-31 00:00:00-04:00,8.206883664991036,8.206883664991036,7.8054600074643,8.162281036376953,102200,0.0,0.0
2000-08-01 00:00:00-04:00,8.117677656452308,8.16228028093831,7.939267158508301,7.939267158508301,40600,0.0,0.0
2000-08-02 00:00:00-04:00,7.850061893463135,7.939267142252489,7.850061893463135,7.850061893463135,29300,0.0,0.0
2000-08-03 00:00:00-04:00,7.760860192435128,7.850065482003348,7.6716549028669085,7.805462837219238,58000,0.0,0.0
2000-08-04 00:00:00-04:00,7.8054630893400345,7.8054630893400345,7.671655150665633,7.760860443115234,13700,0.0,0.0
2000-08-07 00:00:00-04:00,7.760856831567527,7.760856831567527,7.537843704223633,7.537843704223633,40900,0.0,0.0
2000-08-08 00:00:00-04:00,7.537847211991233,7.850065735564835,7.537847211991233,7.760860443115234,48400,0.0,0.0
2000-08-09 00:00:00-04:00,7.760855618645164,8.474497514612535,7.716253000147203,8.340689659118652,218900,0.0,0.0
2000-08-10 00:00:00-04:00,8.385292965432873,8.474498209745988,8.20688247680664,8.20688247680664,97600,0.0,0.0
2000-08-11 00:00:00-04:00,8.296087537493024,8.563703264508927,8.20688229515439,8.429895401000977,104600,0.0,0.0
2000-08-14 00:00:00-04:00,8.429894896114574,8.563702751608457,8.340689659118652,8.340689659118652,97700,0.0,0.0
2000-08-15 00:00:00-04:00,8.296087040620693,8.519100133110495,8.206881803624771,8.340689659118652,68500,0.0,0.0
2000-08-16 00:00:00-04:00,8.340689983564554,8.652908325195312,8.340689983564554,8.652908325195312,112600,0.0,0.0
2000-08-17 00:00:00-04:00,8.652908325195312,8.742113565661244,8.563703084729383,8.652908325195312,74900,0.0,0.0
2000-08-18 00:00:00-04:00,8.608305704962348,8.697510945428279,8.563703084729383,8.652908325195312,23900,0.0,0.0
2000-08-21 00:00:00-04:00,8.652908325195312,8.697510945428279,8.519100464496416,8.652908325195312,62700,0.0,0.0
2000-08-22 00:00:00-04:00,8.608305885678245,8.608305885678245,8.385292779831659,8.429895401000977,53200,0.0,0.0
2000-08-23 00:00:00-04:00,8.38529057656565,8.519098404915102,8.296085357666016,8.296085357666016,27300,0.0,0.0
2000-08-24 00:00:00-04:00,8.251482748216198,8.340687967115834,8.206880138766381,8.296085357666016,31300,0.0,0.0
2000-08-25 00:00:00-04:00,8.296088137409903,8.385293386199258,7.716254020279104,7.850061893463135,66000,0.0,0.0
2000-08-28 00:00:00-04:00,7.671651395884427,7.850061893463135,7.671651395884427,7.850061893463135,77700,0.0,0.0
2000-08-29 00:00:00-04:00,7.850060884342637,7.850060884342637,7.582445172376412,7.671650409698486,100100,0.0,0.0
2000-08-30 00:00:00-04:00,7.671654472574157,7.760859757138972,7.582449188009341,7.627051830291748,116000,0.0,0.0
2000-08-31 00:00:00-04:00,7.62704895516119,7.62704895516119,7.493241078754854,7.537843704223633,39300,0.0,0.0
2000-09-01 00:00:00-04:00,7.582448023121532,7.582448023121532,7.270229575110645,7.3148322105407715,119300,0.0,0.0
2000-09-05 00:00:00-04:00,7.270231500084018,7.404039441803355,7.13642355836468,7.225628852844238,78200,0.0,0.0
2000-09-06 00:00:00-04:00,7.225626939680518,7.493242752261279,6.958011127099759,7.3148322105407715,111000,0.0,0.0
2000-09-07 00:00:00-04:00,7.225629511746494,7.359437465667725,7.13642420913234,7.359437465667725,113800,0.0,0.0
2000-09-08 00:00:00-04:00,7.3148322105407715,7.4040374814010255,7.181024304250392,7.3148322105407715,51300,0.0,0.0
2000-09-11 00:00:00-04:00,7.314833713483207,7.314833713483207,7.047217845916748,7.047217845916748,249100,0.0,0.0
2000-09-12 00:00:00-04:00,7.0472146744696085,7.0472146744696085,6.601188429250013,6.645791053771973,336500,0.0,0.0
2000-09-13 00:00:00-04:00,6.601190090179443,6.690395361668355,6.333574275712709,6.601190090179443,293300,0.0,0.0
2000-09-14 00:00:00-04:00,6.601187803806403,6.958008766174316,6.378174702326457,6.958008766174316,196100,0.0,0.0
2000-09-15 00:00:00-04:00,6.913406582255113,6.913406582255113,6.60118822047585,6.779598712921143,63500,0.0,0.0
2000-09-18 00:00:00-04:00,6.824201336032465,6.868803959143789,6.60118822047585,6.779598712921143,125600,0.0,0.0
2000-09-19 00:00:00-04:00,6.734997272491455,6.779599903435107,6.690394641547803,6.734997272491455,41900,0.0,0.0
2000-09-20 00:00:00-04:00,6.734999976746024,6.734999976746024,6.511986732482911,6.51198673248291,34000,0.0,0.0
2000-09-21 00:00:00-04:00,6.511985058687171,6.5565876960754395,6.333574509134098,6.5565876960754395,26400,0.0,0.0
2000-09-22 00:00:00-04:00,6.467380275328955,6.51198289791743,6.333572407563528,6.4227776527404785,20600,0.0,0.0
2000-09-25 00:00:00-04:00,6.378178596496582,6.511986539080426,6.333575948968634,6.378178596496582,163900,0.0,0.0
2000-09-26 00:00:00-04:00,6.37817645072937,6.422779083251953,6.155163288116455,6.155163288116455,196900,0.0,0.0
2000-09-27 00:00:00-04:00,6.155162824711329,6.378175970534204,6.155162824711329,6.333573341369629,66000,0.0,0.0
2000-09-28 00:00:00-04:00,6.2889723777771,6.378177659731385,6.2889723777771,6.2889723777771,39300,0.0,0.0
2000-09-29 00:00:00-04:00,6.2889709329246575,6.2889709329246575,5.93214988708496,5.932149887084961,132500,0.0,0.0
2000-10-02 00:00:00-04:00,5.932152076867911,5.976754724062406,5.753741488089928,5.798344135284424,53000,0.0,0.0
2000-10-03 00:00:00-04:00,6.06595827442731,6.06595827442731,5.753739833831787,5.753739833831787,106200,0.0,0.0
2000-10-04 00:00:00-04:00,5.709136722594734,5.709136722594734,5.6199314613041915,5.664534091949463,79900,0.0,0.0
2000-10-05 00:00:00-04:00,5.664534572601318,5.664534572601318,5.530726669311523,5.575329303741455,84300,0.0,0.0
2000-10-06 00:00:00-04:00,5.530727452245252,5.575330092989165,5.040098404062205,5.173906326293945,902500,0.0,0.0
2000-10-09 00:00:00-04:00,5.173905372619629,5.173905372619629,4.638673782348633,4.727879047393799,201600,0.0,0.0
2000-10-10 00:00:00-04:00,4.772482559598725,5.173906326293945,4.772482559598725,5.173906326293945,243400,0.0,0.0
2000-10-11 00:00:00-04:00,5.084700107574463,5.352315902709961,4.950892210006714,5.352315902709961,128800,0.0,0.0
2000-10-12 00:00:00-04:00,5.3523142744855186,5.619929988209794,5.2631090365774265,5.486122131347656,138000,0.0,0.0
2000-10-13 00:00:00-04:00,5.57532883065892,5.798341983885277,5.530726200013649,5.664534091949463,37300,0.0,0.0
2000-10-16 00:00:00-04:00,5.664534330368042,5.709136962890625,5.307713270187378,5.352315902709961,136400,0.0,0.0
2000-10-17 00:00:00-04:00,5.53072452545166,5.619929759733139,5.486121908310921,5.53072452545166,26800,0.0,0.0
2000-10-18 00:00:00-04:00,5.441521167755127,5.441521167755127,5.263110637664795,5.352315902709961,58100,0.0,0.0
2000-10-19 00:00:00-04:00,5.352316356840588,5.619932174682617,5.352316356840588,5.619932174682617,46400,0.0,0.0
2000-10-20 00:00:00-04:00,5.709137199460998,5.842945102573365,5.61993193071942,5.753739833831787,103900,0.0,0.0
2000-10-23 00:00:00-04:00,5.84294628013264,5.887548923492432,5.753740993413058,5.887548923492432,56900,0.0,0.0
2000-10-24 00:00:00-04:00,5.887547259860568,6.021355152130126,5.842944629104049,6.021355152130127,55600,0.0,0.0
2000-10-25 00:00:00-04:00,5.976752521373607,6.021355152130126,5.887547259860568,6.021355152130127,39300,0.0,0.0
2000-10-26 00:00:00-04:00,6.021355152130126,6.065957782886646,5.887547259860568,6.021355152130127,49700,0.0,0.0
2000-10-27 00:00:00-04:00,5.976751804351807,6.021354429757417,5.887546553540585,5.976751804351807,48300,0.0,0.0
2000-10-30 00:00:00-05:00,5.887547492980957,6.155163288116455,5.798342227935791,6.155163288116455,85600,0.0,0.0
2000-10-31 00:00:00-05:00,6.199768006384789,6.556589186608375,6.199768006384789,6.378178596496582,225300,0.0,0.0
2000-11-01 00:00:00-05:00,6.37817645072937,6.467381715774536,6.155163288116455,6.155163288116455,54400,0.0,0.0
2000-11-02 00:00:00-05:00,6.244369736799958,6.333575018754242,6.244369736799958,6.2889723777771,52400,0.0,0.0
2000-11-03 00:00:00-05:00,6.288968784468515,6.288968784468515,6.155160937990462,6.24436616897583,75000,0.0,0.0
2000-11-06 00:00:00-05:00,6.24436616897583,6.333571399961199,6.1997635534831455,6.24436616897583,53900,0.0,0.0
2000-11-07 00:00:00-05:00,6.24436616897583,6.288968784468515,6.110558322497777,6.24436616897583,94600,0.0,0.0
2000-11-08 00:00:00-05:00,6.244369827154029,6.244369827154029,5.8429460525512695,5.8429460525512695,73900,0.0,0.0
2000-11-09 00:00:00-05:00,5.753740769306212,5.8429460525512695,5.753740769306212,5.8429460525512695,62800,0.0,0.0
2000-11-10 00:00:00-05:00,5.84294628013264,5.976754210212014,5.84294628013264,5.887548923492432,25000,0.0,0.0
2000-11-13 00:00:00-05:00,5.798341316335342,6.065957069396973,5.75373869082507,6.065957069396973,55600,0.0,0.0
2000-11-14 00:00:00-05:00,6.110558322497777,6.24436616897583,6.110558322497777,6.24436616897583,76800,0.0,0.0
2000-11-15 00:00:00-05:00,6.155161917209625,6.4227776527404785,6.155161917209625,6.4227776527404785,56900,0.0,0.0
2000-11-16 00:00:00-05:00,6.333573818206787,6.333573818206787,6.065958023071289,6.155163288116455,23100,0.0,0.0
2000-11-17 00:00:00-05:00,6.155162305974248,6.155162305974248,5.932149178946196,5.976751804351807,23000,0.0,0.0
2000-11-20 00:00:00-05:00,5.976750476019723,6.24436616897583,5.84294262954167,6.24436616897583,38500,0.0,0.0
2000-11-21 00:00:00-05:00,6.22206650859248,6.244367822243349,6.021354685734658,6.110559940338135,13200,0.0,0.0
2000-11-22 00:00:00-05:00,6.021356619041385,6.021356619041385,5.753740769306212,5.8429460525512695,15400,0.0,0.0
2000-11-24 00:00:00-05:00,5.753739833831787,5.753739833831787,5.709137199460998,5.753739833831787,11300,0.0,0.0
2000-11-27 00:00:00-05:00,5.709137447296627,5.753740083603632,5.352316356840588,5.619932174682617,72000,0.0,0.0
2000-11-28 00:00:00-05:00,5.619931938171387,5.70913720703125,5.575329303741455,5.575329303741455,38600,0.0,0.0
2000-11-29 00:00:00-05:00,5.619932174682617,5.664534810989623,5.5753295383756125,5.619932174682617,29600,0.0,0.0
2000-11-30 00:00:00-05:00,5.619933106005192,5.7091383934021,5.263111956417561,5.7091383934021,128000,0.0,0.0
2000-12-01 00:00:00-05:00,5.7537410371005535,5.798343680799007,5.664535749703646,5.7091383934021,48500,0.0,0.0
2000-12-04 00:00:00-05:00,5.619931938171387,5.664534572601318,5.530726669311523,5.575329303741455,30600,0.0,0.0
2000-12-05 00:00:00-05:00,5.530727818608284,5.7091383934021,5.530727818608284,5.7091383934021,51300,0.0,0.0
2000-12-06 00:00:00-05:00,5.6199314613041915,5.709136722594734,5.530726200013649,5.664534091949463,56100,0.0,0.0
2000-12-07 00:00:00-05:00,5.664534572601318,5.753739841461182,5.575329303741455,5.575329303741455,71600,0.0,0.0
2000-12-08 00:00:00-05:00,5.5753271425924,5.619929759733139,5.441519291170182,5.53072452545166,45300,0.0,0.0
2000-12-11 00:00:00-05:00,5.352316131591797,5.575329303741455,5.352316131591797,5.575329303741455,83200,0.0,0.0
2000-12-12 00:00:00-05:00,5.530725914135314,5.530725914135314,4.8170838606984985,5.084699630737305,301500,0.0,0.0
2000-12-13 00:00:00-05:00,4.995495096842449,5.084700366428921,4.683276653289795,4.683276653289795,165800,0.0,0.0
2000-12-14 00:00:00-05:00,4.683276653289795,4.906289827255976,4.638674018496559,4.683276653289795,287300,0.0,0.0
2000-12-15 00:00:00-05:00,4.683275933449085,4.7724811893243055,4.638673305511475,4.638673305511475,110000,0.0,0.0
2000-12-18 00:00:00-05:00,4.638673305511475,4.7724811893243055,4.594070677573865,4.638673305511475,58100,0.0,0.0
2000-12-19 00:00:00-05:00,4.594072132110596,4.638674774169922,4.415661563873291,4.460264205932617,96100,0.0,0.0
2000-12-20 00:00:00-05:00,4.2818522453308105,4.371057500441869,4.058839107553164,4.2818522453308105,236100,0.0,0.0
2000-12-21 00:00:00-05:00,4.2818522453308105,4.371057500441869,4.237249617775281,4.2818522453308105,289000,0.0,0.0
2000-12-22 00:00:00-05:00,4.281853388814093,4.638674504548601,4.281853388814093,4.594071865081787,82500,0.0,0.0
2000-12-26 00:00:00-05:00,4.638674018496559,4.727879288083032,4.638674018496559,4.683276653289795,105300,0.0,0.0
2000-12-27 00:00:00-05:00,4.683278269237942,4.906291520154035,4.683278269237942,4.817086219787598,98700,0.0,0.0
2000-12-28 00:00:00-05:00,4.8170838606984985,5.218507515756707,4.8170838606984985,5.084699630737305,157500,0.0,0.0
2000-12-29 00:00:00-05:00,5.040096985210072,5.084699613397771,4.861686472459272,4.906289100646973,156600,0.0,0.0
2001-01-02 00:00:00-05:00,4.906290758837451,4.950893402099609,4.906290758837451,4.950893402099609,89800,0.0,0.0
2001-01-03 00:00:00-05:00,4.950891745717901,5.263110144096508,4.950891745717901,5.084699630737305,63000,0.0,0.0
2001-01-04 00:00:00-05:00,5.084701044806119,5.263111607781772,5.040098404062205,5.173906326293945,79900,0.0,0.0
2001-01-05 00:00:00-05:00,5.084699613397771,5.173904869773171,4.772481216083873,4.906289100646973,139900,0.0,0.0
2001-01-08 00:00:00-05:00,4.817083775997162,4.817083775997162,4.2818522453308105,4.2818522453308105,174100,0.0,0.0
2001-01-09 00:00:00-05:00,4.371057987213135,4.549468517303467,4.281852722167969,4.549468517303467,147400,0.0,0.0
2001-01-10 00:00:00-05:00,4.504865421698644,4.638673305511475,4.460262793761034,4.638673305511475,61900,0.0,0.0
2001-01-11 00:00:00-05:00,4.727878561386696,4.7724811893243055,4.504865421698644,4.638673305511475,152700,0.0,0.0
2001-01-12 00:00:00-05:00,4.727879047393799,4.727879047393799,4.504865884780884,4.549468517303467,40400,0.0,0.0
2001-01-16 00:00:00-05:00,4.727879742963599,4.906290299301848,4.638674464794474,4.861687660217285,62500,0.0,0.0
2001-01-17 00:00:00-05:00,4.950891728834672,5.084699613397771,4.861686472459272,4.906289100646973,59600,0.0,0.0
2001-01-18 00:00:00-05:00,4.549468517303467,4.727879047393799,4.460263252258301,4.727879047393799,158100,0.0,0.0
2001-01-19 00:00:00-05:00,4.727878811203431,4.9062893323809185,4.727878811203431,4.772481441497803,132900,0.0,0.0
2001-01-22 00:00:00-05:00,4.772482559598725,5.173906326293945,4.7278799188548115,5.173906326293945,153700,0.0,0.0
2001-01-23 00:00:00-05:00,5.084701044806119,5.263111607781772,5.084701044806119,5.173906326293945,37800,0.0,0.0
2001-01-24 00:00:00-05:00,5.129303911812285,5.218509197235107,5.040098626389463,5.218509197235107,100100,0.0,0.0
2001-01-25 00:00:00-05:00,5.263111607781772,5.263111607781772,5.084701044806119,5.173906326293945,80600,0.0,0.0
2001-01-26 00:00:00-05:00,5.129302024841309,5.129302024841309,5.040096772235373,5.129302024841309,75900,0.0,0.0
2001-01-29 00:00:00-05:00,5.1667690330624865,5.1667690330624865,4.995495079394404,5.002631664276123,25900,0.0,0.0
2001-01-30 00:00:00-05:00,4.995494256754,5.138222527973413,4.995494256754,5.088267803192139,34800,0.0,0.0
2001-01-31 00:00:00-05:00,5.1025432490184395,5.173907421253346,4.817086219787598,4.817086219787598,172600,0.0,0.0
2001-02-01 00:00:00-05:00,4.888448688206305,5.009767908866745,4.874175858733965,5.002631664276123,112300,0.0,0.0
2001-02-02 00:00:00-05:00,4.995493265160406,5.088266793183219,4.90985631942749,4.90985631942749,204100,0.0,0.0
2001-02-05 00:00:00-05:00,4.9098587747598526,5.245270483425978,4.9098587747598526,5.173906326293945,123800,0.0,0.0
2001-02-06 00:00:00-05:00,5.245271018509301,5.280953270860926,5.066860437333535,5.1382246017456055,124800,0.0,0.0
2001-02-07 00:00:00-05:00,5.173904417709845,5.616362369002774,5.0311761560963255,5.387997150421143,110200,0.0,0.0
2001-02-08 00:00:00-05:00,5.459361014767194,5.673453396738044,5.316632419828959,5.61636209487915,51100,0.0,0.0
2001-02-09 00:00:00-05:00,5.6235007285587075,5.637773559228506,5.473635836380258,5.602091312408447,58000,0.0,0.0
2001-02-12 00:00:00-05:00,5.637771437890828,5.744817797781293,5.602089204497008,5.673453330993652,108300,0.0,0.0
2001-02-13 00:00:00-05:00,5.673453063121526,5.887545772794066,5.673453063121526,5.716271877288818,45600,0.0,0.0
2001-02-14 00:00:00-05:00,5.780501670723813,5.780501670723813,5.5307266467042915,5.637773036956787,40400,0.0,0.0
2001-02-15 00:00:00-05:00,5.7091383934021,5.8447301307891735,5.666319896286524,5.7091383934021,156700,0.0,0.0
2001-02-16 00:00:00-05:00,5.709134994014617,5.7804994536725705,5.423678176255693,5.53072452545166,34900,0.0,0.0
2001-02-20 00:00:00-05:00,5.530727169659798,5.537863755153938,5.252406800919724,5.359453201293945,37600,0.0,0.0
2001-02-21 00:00:00-05:00,5.423679821227333,5.495043962238667,5.209587398193333,5.245269298553467,72300,0.0,0.0
2001-02-22 00:00:00-05:00,5.209587398193333,5.280951539204667,5.081131604081867,5.245269298553467,75500,0.0,0.0
2001-02-23 00:00:00-05:00,5.20958674925346,5.4950432777404785,5.188177339471421,5.4950432777404785,61500,0.0,0.0
2001-02-26 00:00:00-05:00,5.423680008216773,5.751955748768834,5.423680008216773,5.744819164276123,51900,0.0,0.0
2001-02-27 00:00:00-05:00,5.744818723965041,5.887546999969083,5.673454245671968,5.723409652709961,100900,0.0,0.0
2001-02-28 00:00:00-05:00,5.709137452913035,6.0659585437201,5.387998607303121,6.030276298522949,71800,0.0,0.0
2001-03-01 00:00:00-05:00,5.958911572209185,5.958911572209185,5.716273158885873,5.816182613372803,75900,0.0,0.0
2001-03-02 00:00:00-05:00,5.744818176242783,5.958910910127875,5.7091359404982605,5.780500411987305,70500,0.0,0.0
2001-03-05 00:00:00-05:00,5.809047063546209,5.830456136442185,5.709136922394725,5.744819164276123,28500,0.0,0.0
2001-03-06 00:00:00-05:00,5.766227886129338,5.87327392467451,5.644908679467681,5.816182613372803,87500,0.0,0.0
2001-03-07 00:00:00-05:00,5.816183997071697,5.887548493467854,5.816183997071697,5.851866245269775,30900,0.0,0.0
2001-03-08 00:00:00-05:00,5.780499248571108,5.8161807965521195,5.7091347914452815,5.751953601837158,52200,0.0,0.0
2001-03-09 00:00:00-05:00,5.723410677675971,5.87327488388178,5.716274092452201,5.830456733703613,65900,0.0,0.0
2001-03-12 00:00:00-05:00,5.794772418611661,5.794772418611661,5.716272050932632,5.766226768493652,83400,0.0,0.0
2001-03-13 00:00:00-05:00,5.723407955103208,5.759089503084219,5.7091347914452815,5.751953601837158,47600,0.0,0.0
2001-03-14 00:00:00-05:00,5.723409543396083,5.809046507362891,5.723409543396083,5.801909923553467,30100,0.0,0.0
2001-03-15 00:00:00-05:00,5.801912123114418,5.830457788591958,5.759093284606934,5.759093284606934,15800,0.0,0.0
2001-03-16 00:00:00-05:00,5.7091383934021,5.773366309221046,5.7091383934021,5.7091383934021,91700,0.0,0.0
2001-03-19 00:00:00-05:00,5.780499469375568,5.780499469375568,5.402269125266595,5.630634307861328,67500,0.0,0.0
2001-03-20 00:00:00-05:00,5.566407311394185,5.744817797781293,5.423678718109899,5.673453330993652,54700,0.0,0.0
2001-03-21 00:00:00-05:00,5.673454940180223,5.680591524999566,5.566408890218821,5.637773036956787,42300,0.0,0.0
2001-03-22 00:00:00-05:00,5.709137102215183,5.709137102215183,5.637772956495711,5.694864273071289,57000,0.0,0.0
2001-03-23 00:00:00-05:00,5.701999628251623,5.780500686737171,5.573544185989633,5.737681865692139,41900,0.0,0.0
2001-03-26 00:00:00-05:00,5.780501588225744,5.780501588225744,5.694864273071289,5.694864273071289,2384600,0.0,0.0
2001-03-27 00:00:00-05:00,5.637773036956787,5.709137183694753,5.637773036956787,5.637773036956787,56600,0.0,0.0
2001-03-28 00:00:00-05:00,5.566408157348633,5.602090055874211,5.530725918532007,5.566408157348633,77000,0.0,0.0
2001-03-29 00:00:00-05:00,5.495043679715381,5.566408157348633,5.495043679715381,5.566408157348633,51800,0.0,0.0
2001-03-30 00:00:00-05:00,5.566408157348633,5.602090055874211,5.495043679715381,5.566408157348633,51800,0.0,0.0
2001-04-02 00:00:00-04:00,5.566408357859323,5.637772497772174,5.4522253937077005,5.594954013824463,72700,0.0,0.0
2001-04-03 00:00:00-04:00,5.566407750153258,5.573543993219921,5.459361381825113,5.4950432777404785,49400,0.0,0.0
2001-04-04 00:00:00-04:00,5.495044130679475,5.530726372424451,5.437952816120376,5.487907886505127,68400,0.0,0.0
2001-04-05 00:00:00-04:00,5.487909321492708,5.780502895552559,5.4236814056737614,5.7091383934021,91400,0.0,0.0
2001-04-06 00:00:00-04:00,5.709136922394725,5.780501406157522,5.709136922394725,5.744819164276123,59000,0.0,0.0
2001-04-09 00:00:00-04:00,5.744816696975054,5.851862696062656,5.744816696975054,5.823317050933838,27300,0.0,0.0
2001-04-10 00:00:00-04:00,5.837591716945724,5.851864202894309,5.780500411987305,5.780500411987305,82300,0.0,0.0
2001-04-11 00:00:00-04:00,5.780502857466853,5.8732757568359375,5.780502857466853,5.8732757568359375,70600,0.0,0.0
2001-04-12 00:00:00-04:00,5.873275750937781,5.958913425101028,5.873275750937781,5.887548923492432,42000,0.0,0.0
2001-04-16 00:00:00-04:00,5.958910017416748,5.994591567233737,5.908954622625476,5.923227787017822,11600,0.0,0.0
2001-04-17 00:00:00-04:00,5.9589116598382015,5.980320731745644,5.923229419604379,5.937501907348633,18500,0.0,0.0
2001-04-18 00:00:00-04:00,5.958912488710868,6.0659585437201,5.937502733243246,6.030276298522949,94000,0.0,0.0
2001-04-19 00:00:00-04:00,6.030274423893444,6.030274423893444,5.923228402161575,5.994592189788818,55600,0.0,0.0
2001-04-20 00:00:00-04:00,5.994592189788818,6.058820075060742,5.958910636266201,5.994592189788818,29400,0.0,0.0
2001-04-23 00:00:00-04:00,6.065958093044323,7.107875628014047,5.958912045988173,7.065056800842285,230500,0.0,0.0
2001-04-24 00:00:00-04:00,7.314833083946751,7.878610435876429,7.186377260783794,7.528925895690918,706500,0.0,0.0
2001-04-25 00:00:00-04:00,7.5646073171353585,7.92142840415906,7.421878337860107,7.421878337860107,549400,0.0,0.0
2001-04-26 00:00:00-04:00,7.457561016082764,7.52892550986781,7.4004696932876275,7.457561016082764,370400,0.0,0.0
2001-04-27 00:00:00-04:00,7.421876848699152,7.493241324017867,7.279148578643799,7.279148578643799,87800,0.0,0.0
2001-04-30 00:00:00-04:00,6.9936933575955065,7.528924981688292,6.9936933575955065,7.507515907287598,180600,0.0,0.0
2001-05-01 00:00:00-04:00,7.493240729871345,7.528922964701422,7.279148001472902,7.386194705963135,178400,0.0,0.0
2001-05-02 00:00:00-04:00,7.350512338329544,7.4861040115356445,7.136419613799168,7.4861040115356445,133500,0.0,0.0
2001-05-03 00:00:00-04:00,7.4932402778692095,7.4932402778692095,7.321966377714732,7.3505120277404785,213000,0.0,0.0
2001-05-04 00:00:00-04:00,7.350514136092778,7.486105842461427,7.350514136092778,7.364786624908447,206800,0.0,0.0
2001-05-07 00:00:00-04:00,7.386196379005216,7.386196379005216,7.314831893180342,7.364786624908447,80500,0.0,0.0
2001-05-08 00:00:00-04:00,7.314831655248117,7.371922969818116,7.250603756211331,7.371922969818115,169100,0.0,0.0
2001-05-09 00:00:00-04:00,7.314833308523045,7.386197808156192,7.2791510587064705,7.379061222076416,281900,0.0,0.0
2001-05-10 00:00:00-04:00,7.393333486667288,7.743018707435086,7.393333486667288,7.528925895690918,225900,0.0,0.0
2001-05-11 00:00:00-04:00,7.600285947608047,7.693059476092839,7.46469428633455,7.671650409698486,157200,0.0,0.0
2001-05-14 00:00:00-04:00,7.743016624131688,8.064155415052547,7.743016624131688,7.999927520751953,242200,0.0,0.0
2001-05-15 00:00:00-04:00,8.135514899063432,8.813475041136837,8.064151139243213,8.599382400512695,863600,0.0,0.0
2001-05-16 00:00:00-04:00,8.670748174459163,9.277344017036626,8.642202527783866,9.248798370361328,559000,0.0,0.0
2001-05-17 00:00:00-04:00,9.277346517441256,9.612758466711732,9.077526936859352,9.170300483703613,417800,0.0,0.0
2001-05-18 00:00:00-04:00,9.148890226867051,9.148890226867051,8.56370400435567,8.977616310119629,129400,0.0,0.0
2001-05-21 00:00:00-04:00,9.027571027716524,9.263072833268637,8.920524999949944,9.177435874938965,162200,0.0,0.0
2001-05-22 00:00:00-04:00,9.17743647943315,9.412938300497165,9.141754921548735,9.27734661102295,328400,0.0,0.0
2001-05-23 00:00:00-04:00,9.348714159212884,9.348714159212884,9.255940580954656,9.320168495178223,149000,0.0,0.0
2001-05-24 00:00:00-04:00,9.313033174342582,9.591353266349012,9.313033174342582,9.555671691894531,274400,0.0,0.0
2001-05-25 00:00:00-04:00,9.598487762249317,9.74121607071823,9.562805514986524,9.669852256774902,306500,0.0,0.0
2001-05-29 00:00:00-04:00,9.741211872085742,9.79830317086596,9.205980435584724,9.54139232635498,138800,0.0,0.0
2001-05-30 00:00:00-04:00,9.527123016784188,9.56280457997593,9.305893649851551,9.491440773010254,131600,0.0,0.0
2001-05-31 00:00:00-04:00,9.634169067523798,9.791170531779793,9.491440773010254,9.491440773010254,205000,0.0,0.0
2001-06-01 00:00:00-04:00,9.498580682474481,9.762628289889243,9.405807088423494,9.634172439575195,122500,0.0,0.0
2001-06-04 00:00:00-04:00,9.634170917370412,9.84826374053955,9.491442595451758,9.84826374053955,344900,0.0,0.0
2001-06-05 00:00:00-04:00,9.919627896939962,10.526224136352539,9.919627896939962,10.526224136352539,525800,0.0,0.0
2001-06-06 00:00:00-04:00,10.526220837758133,10.526220837758133,10.2050820330616,10.490538597106934,246500,0.0,0.0
2001-06-07 00:00:00-04:00,10.419175674745121,10.45485723782222,10.133718406053006,10.205082893371582,181800,0.0,0.0
2001-06-08 00:00:00-04:00,10.133719868425336,10.668951558806066,9.634170426853114,10.633269309997559,335400,0.0,0.0
2001-06-11 00:00:00-04:00,10.561907453552292,11.232730997230467,10.45486068725586,10.45486068725586,419900,0.0,0.0
2001-06-12 00:00:00-04:00,10.454856269917162,10.511947582253663,10.19080878021531,10.383492469787598,324900,0.0,0.0
2001-06-13 00:00:00-04:00,10.454858988850606,10.847362373676688,10.454858988850606,10.783134460449219,193400,0.0,0.0
2001-06-14 00:00:00-04:00,10.704630278535923,10.740312515580788,10.526219773893658,10.583311080932617,117500,0.0,0.0
2001-06-15 00:00:00-04:00,10.583309373659418,10.883039027553345,10.140851475192658,10.847356796264648,150100,0.0,0.0
2001-06-18 00:00:00-04:00,11.025771049894054,11.275546073913574,10.847360512903593,11.275546073913574,497000,0.0,0.0
2001-06-19 00:00:00-04:00,11.418274617764913,11.882141751878732,11.418274617764913,11.782232284545898,625200,0.0,0.0
2001-06-20 00:00:00-04:00,11.775097846984863,11.953508420424027,11.525322771937102,11.775097846984863,255100,0.0,0.0
2001-06-21 00:00:00-04:00,11.860732795906813,12.595783318438189,11.84645962663171,12.34600830078125,486200,0.0,0.0
2001-06-22 00:00:00-04:00,12.988290889898561,12.988290889898561,12.595786793530063,12.6314697265625,784200,0.0,0.0
2001-06-25 00:00:00-04:00,12.631466241625947,12.70282936567278,12.203280691523242,12.34600830078125,320900,0.0,0.0
2001-06-26 00:00:00-04:00,12.167599547314397,12.488739097135117,12.046280313067076,12.445920944213867,579600,0.0,0.0
2001-06-27 00:00:00-04:00,12.524415733714253,12.581507035521506,12.410233130099751,12.560098648071289,172700,0.0,0.0
2001-06-28 00:00:00-04:00,12.631460497335862,12.874098820012911,12.61718733455163,12.774188041687012,387800,0.0,0.0
2001-06-29 00:00:00-04:00,12.788463195833716,13.630560874938965,12.781326613330323,13.630560874938965,597700,0.0,0.0
2001-07-02 00:00:00-04:00,13.701923213007273,13.844650757439682,13.202373404584531,13.345102310180664,406500,0.0,0.0
2001-07-03 00:00:00-04:00,13.416469477791521,13.416469477791521,13.131012941040153,13.309423446655273,134200,0.0,0.0
2001-07-05 00:00:00-04:00,13.27374009809997,13.523515044475422,13.27374009809997,13.416467666625977,220300,0.0,0.0
2001-07-06 00:00:00-04:00,13.452155466549241,13.452155466549241,12.809877771944745,13.045379638671875,98400,0.0,0.0
2001-07-09 00:00:00-04:00,12.702826517639263,13.559197425842285,12.631463409592374,13.559197425842285,458400,0.0,0.0
2001-07-10 00:00:00-04:00,14.415571209045321,14.415571209045321,13.63056461349377,13.673382759094238,460100,0.0,0.0
2001-07-11 00:00:00-04:00,13.523519957319618,13.559201522122583,12.988288318288463,13.045379638671875,239100,0.0,0.0
2001-07-12 00:00:00-04:00,13.131017607092051,13.552066658854882,13.131017607092051,13.487838745117188,184900,0.0,0.0
2001-07-13 00:00:00-04:00,13.487831843559272,13.487831843559272,12.88123594707129,13.2737398147583,208900,0.0,0.0
2001-07-16 00:00:00-04:00,13.345109159206913,13.523519702184737,13.131015690934873,13.202380180358887,85300,0.0,0.0
2001-07-17 00:00:00-04:00,13.2737446697829,13.2737446697829,13.05965120151086,13.202380180358887,146200,0.0,0.0
2001-07-18 00:00:00-04:00,13.166701418794498,13.380793571472168,13.131018485905079,13.380793571472168,201800,0.0,0.0
2001-07-19 00:00:00-04:00,13.416471479184187,13.701929419682678,13.345108355223903,13.594882011413574,276700,0.0,0.0
2001-07-20 00:00:00-04:00,13.630561034687092,14.272838494716547,13.559196569980719,13.916017532348633,407000,0.0,0.0
2001-07-23 00:00:00-04:00,14.058746188968401,14.237156666690518,13.20237535143667,13.2737398147583,334400,0.0,0.0
2001-07-24 00:00:00-04:00,13.345104513992418,13.380786065702045,12.595779677614734,13.238057136535645,207600,0.0,0.0
2001-07-25 00:00:00-04:00,13.202381520044213,13.209518105827227,11.775097031390784,12.331738471984863,159900,0.0,0.0
2001-07-26 00:00:00-04:00,12.167596618916942,12.988286079572067,12.139051644227592,12.738511085510254,305300,0.0,0.0
2001-07-27 00:00:00-04:00,12.774192784996057,12.838420680210456,12.34600727062146,12.41737174987793,90800,0.0,0.0
2001-07-30 00:00:00-04:00,12.417371612978753,12.809875563979945,12.417371612978753,12.738511085510254,187200,0.0,0.0
2001-07-31 00:00:00-04:00,13.023965126428848,14.015926966239185,13.023965126428848,13.916017532348633,708300,0.0,0.0
2001-08-01 00:00:00-04:00,13.951702130011634,15.914217851485427,13.951702130011634,15.628761291503906,1889300,0.0,0.0
2001-08-02 00:00:00-04:00,15.914217939948966,16.734907426058705,15.557396897697517,15.735807418823242,574800,0.0,0.0
2001-08-03 00:00:00-04:00,15.771484552881153,16.413761921036798,15.735801645050211,15.80716609954834,324400,0.0,0.0
2001-08-06 00:00:00-04:00,15.949905629337785,16.014133545038092,14.836624025806907,15.029306411743164,449700,0.0,0.0
2001-08-07 00:00:00-04:00,15.12921260742715,16.37808624469991,15.000756815521386,16.2353572845459,486100,0.0,0.0
2001-08-08 00:00:00-04:00,16.235358154325215,16.90618212512444,15.70012656681999,15.771491050720215,834600,0.0,0.0
2001-08-09 00:00:00-04:00,15.878532243329426,15.985578255883137,15.214845059866962,15.343300819396973,432700,0.0,0.0
2001-08-10 00:00:00-04:00,15.414673949565193,15.443218933754627,14.665348717996077,15.164898872375488,302700,0.0,0.0
2001-08-13 00:00:00-04:00,15.164893252395304,15.164893252395304,14.572570417454195,14.693889617919922,326300,0.0,0.0
2001-08-14 00:00:00-04:00,14.765255163942529,15.428942522764064,14.708163851418325,15.33616828918457,274500,0.0,0.0
2001-08-15 00:00:00-04:00,15.343299164668762,15.685846912363461,15.264798128718986,15.557391166687012,163300,0.0,0.0
2001-08-16 00:00:00-04:00,15.564534340138117,15.664445163069475,15.486034632105879,15.657308578491211,195100,0.0,0.0
2001-08-17 00:00:00-04:00,15.486035721294419,15.486035721294419,13.916022393924361,14.843756675720215,562700,0.0,0.0
2001-08-20 00:00:00-04:00,14.665348145908247,14.665348145908247,12.702831897804659,13.844659805297852,469600,0.0,0.0
2001-08-21 00:00:00-04:00,13.773287592679287,13.773287592679287,13.309420647857957,13.709059715270996,239400,0.0,0.0
2001-08-22 00:00:00-04:00,13.773294845246598,14.772395081618532,13.7661596205897,14.636802673339844,359400,0.0,0.0
2001-08-23 00:00:00-04:00,14.636796039671493,14.636796039671493,13.916017532348633,13.916017532348633,277500,0.0,0.0
2001-08-24 00:00:00-04:00,13.944560852434,14.379881406957146,13.751877247671285,13.78042221069336,239400,0.0,0.0
2001-08-27 00:00:00-04:00,13.70193224463104,13.737613813967705,13.366519503742056,13.487838745117188,164900,0.0,0.0
2001-08-28 00:00:00-04:00,13.487839523643434,13.487839523643434,12.06055488915916,12.40310287475586,561200,0.0,0.0
2001-08-29 00:00:00-04:00,12.131915132764359,12.767056136495356,11.989186174972032,12.667146682739258,609700,0.0,0.0
2001-08-30 00:00:00-04:00,12.702830927741632,12.995424128039767,12.702830927741632,12.8098783493042,316600,0.0,0.0
2001-08-31 00:00:00-04:00,12.817008825621917,12.988284092207675,12.488734180521224,12.560098648071289,110100,0.0,0.0
2001-09-04 00:00:00-04:00,12.631460497335862,13.01682636436406,12.595777590375285,12.774188041687012,164100,0.0,0.0
2001-09-05 00:00:00-04:00,12.952600299310156,13.202375238211811,12.717098525183205,13.166693687438965,188000,0.0,0.0
2001-09-06 00:00:00-04:00,13.202373397067905,13.202373397067905,12.610050753159516,12.774188041687012,252600,0.0,0.0
2001-09-07 00:00:00-04:00,12.738511225949935,12.738511225949935,12.281779375407059,12.41737174987793,229200,0.0,0.0
2001-09-10 00:00:00-04:00,12.310324411715333,12.310324411715333,11.311225891113281,11.311225891113281,888100,0.0,0.0
2001-09-17 00:00:00-04:00,9.34871542335346,9.776900441772892,9.134622573852539,9.134622573852539,941000,0.0,0.0
2001-09-18 00:00:00-04:00,9.134613661782177,9.134613661782177,8.599382400512695,8.599382400512695,439200,0.0,0.0
2001-09-19 00:00:00-04:00,8.635069094349278,9.027571678161621,8.56370461697498,9.027571678161621,598600,0.0,0.0
2001-09-20 00:00:00-04:00,8.884840697663284,8.920522925481587,7.850060174423797,8.420973777770996,690100,0.0,0.0
2001-09-21 00:00:00-04:00,7.921424492131507,8.128380593175857,7.571739482299155,7.778695583343506,416900,0.0,0.0
2001-09-24 00:00:00-04:00,8.064161384913085,8.991896885935406,8.028479119377108,8.849167823791504,274100,0.0,0.0
2001-09-25 00:00:00-04:00,8.849162098586769,9.56280422526577,8.849162098586769,9.20598316192627,161500,0.0,0.0
2001-09-26 00:00:00-04:00,9.205982134089936,9.491439361239898,9.098936099272509,9.27734661102295,243400,0.0,0.0
2001-09-27 00:00:00-04:00,9.348715533988411,9.377261202220856,9.027575915645382,9.063258171081543,153800,0.0,0.0
2001-09-28 00:00:00-04:00,9.134616507309985,9.741211717360388,9.027569813360888,9.705530166625977,228400,0.0,0.0
2001-10-01 00:00:00-04:00,9.705532244782429,9.77689604211368,9.134618463221916,9.362983703613281,134800,0.0,0.0
2001-10-02 00:00:00-04:00,9.420074884306885,9.990988658024715,9.27734661102295,9.27734661102295,426600,0.0,0.0
2001-10-03 00:00:00-04:00,9.277347044851382,10.63326672532758,9.205982564581214,10.604721069335938,594000,0.0,0.0
2001-10-04 00:00:00-04:00,10.676085290363641,11.84645851876559,10.633266467124866,11.39686393737793,544800,0.0,0.0
2001-10-05 00:00:00-04:00,11.418270589661219,11.632362618751797,11.168495648279595,11.432543754577637,268800,0.0,0.0
2001-10-08 00:00:00-04:00,11.432549440026186,11.703732902479038,11.432549440026186,11.610960006713867,387400,0.0,0.0
2001-10-09 00:00:00-04:00,11.610953806217443,11.953501584650486,11.610953806217443,11.846455574035645,294600,0.0,0.0
2001-10-10 00:00:00-04:00,11.846460188163979,12.203281269969132,11.418274617764913,11.782232284545898,243600,0.0,0.0
2001-10-11 00:00:00-04:00,11.853594635504063,12.053413534135089,11.853594635504063,11.967777252197266,169300,0.0,0.0
2001-10-12 00:00:00-04:00,11.989191550431894,12.167602147082158,11.8821454646747,12.139057159423828,133400,0.0,0.0
2001-10-15 00:00:00-04:00,12.131914110326054,12.131914110326054,11.632364161317575,11.953503608703613,142500,0.0,0.0
2001-10-16 00:00:00-04:00,11.953501754595804,12.488733176443377,11.846455742459067,12.38168716430664,139800,0.0,0.0
2001-10-17 00:00:00-04:00,12.346003423909549,12.631461251993771,12.346003423909549,12.48873233795166,70100,0.0,0.0
2001-10-18 00:00:00-04:00,12.560098648071289,12.624326532749947,12.139049786806309,12.560098648071289,74900,0.0,0.0
2001-10-19 00:00:00-04:00,12.560102438675287,13.173833778034648,12.467328194511992,12.916923522949219,67500,0.0,0.0
2001-10-22 00:00:00-04:00,12.988290360181734,13.023971930594211,12.631469211398333,12.79560661315918,47000,0.0,0.0
2001-10-23 00:00:00-04:00,12.845556402551733,13.288015055329623,12.702827453613281,12.702827453613281,142300,0.0,0.0
2001-10-24 00:00:00-04:00,12.88123685908613,12.952601327460496,12.702826368732229,12.845555305480957,87000,0.0,0.0
2001-10-25 00:00:00-04:00,12.84556135620251,12.988290360181734,12.524421777831583,12.79560661315918,1245200,0.0,0.0
2001-10-26 00:00:00-04:00,12.79559957028016,13.202375238211811,12.631462258862811,13.166693687438965,210200,0.0,0.0
2001-10-29 00:00:00-05:00,13.559200529823595,13.9160215963979,13.352243657851611,13.373653411865234,248400,0.0,0.0
2001-10-30 00:00:00-05:00,13.195239734078442,13.195239734078442,11.45395296302822,11.546727180480957,472400,0.0,0.0
2001-10-31 00:00:00-05:00,11.953506873168322,12.167598989117486,11.59668577247673,11.860733985900879,311700,0.0,0.0
2001-11-01 00:00:00-05:00,11.810773780541613,12.560098648071289,11.561000185862392,12.560098648071289,226300,0.0,0.0
2001-11-02 00:00:00-05:00,12.560096794972717,12.702824347851026,12.48873233795166,12.48873233795166,43800,0.0,0.0
2001-11-05 00:00:00-05:00,12.488733176443377,12.495869758741012,12.246094822979366,12.38168716430664,103000,0.0,0.0
2001-11-06 00:00:00-05:00,12.45305479081802,13.059649467468262,12.45305479081802,13.059649467468262,52300,0.0,0.0
2001-11-07 00:00:00-05:00,12.981148767926847,12.988285351490184,12.63146434030819,12.702827453613281,193500,0.0,0.0
2001-11-08 00:00:00-05:00,12.631467794919264,13.02397047010032,12.631467794919264,12.8098783493042,204000,0.0,0.0
2001-11-09 00:00:00-05:00,12.809879597487232,12.831287994954154,12.53155817993548,12.595786094665527,110700,0.0,0.0
2001-11-12 00:00:00-05:00,12.560101988814102,12.702829600712995,12.274645403851947,12.545828819274902,123800,0.0,0.0
2001-11-13 00:00:00-05:00,12.724237342204837,13.223787307739258,12.724237342204837,13.223787307739258,320300,0.0,0.0
2001-11-14 00:00:00-05:00,13.295148474443454,13.72333390201781,13.202375623031587,13.694788932800293,138600,0.0,0.0
2001-11-15 00:00:00-05:00,13.58774375799227,13.808972387498503,13.44501481957042,13.559197425842285,67200,0.0,0.0
2001-11-16 00:00:00-05:00,13.630561307639027,13.630561307639027,13.273740338125775,13.466423988342285,61300,0.0,0.0
2001-11-19 00:00:00-05:00,13.473567853500121,13.794707476545812,13.45215945274031,13.54493236541748,144300,0.0,0.0
2001-11-20 00:00:00-05:00,13.552063864804536,13.844657028767584,13.452154402328668,13.594882011413574,79400,0.0,0.0
2001-11-21 00:00:00-05:00,13.523512890980848,13.80896934374051,13.38078398401915,13.4521484375,36300,0.0,0.0
2001-11-23 00:00:00-05:00,13.44501112296447,13.794695428674459,13.44501112296447,13.737604141235352,24700,0.0,0.0
2001-11-26 00:00:00-05:00,13.73760898012817,14.365613363164664,13.644836115797968,14.301386833190918,234800,0.0,0.0
2001-11-27 00:00:00-05:00,14.272839335854604,14.272839335854604,13.937428101481071,14.030200958251953,50700,0.0,0.0
2001-11-28 00:00:00-05:00,13.98738566954772,14.180069366496287,13.673382759094238,13.673382759094238,42500,0.0,0.0
2001-11-29 00:00:00-05:00,13.673384291362149,14.272843841602615,13.673384291362149,14.258570671081543,150400,0.0,0.0
2001-11-30 00:00:00-05:00,14.265711503013156,14.31566625354317,14.130119065028211,14.165802001953125,108100,0.0,0.0
2001-12-03 00:00:00-05:00,14.09443558516179,14.13011715610139,13.8517970915114,13.880343437194824,74600,0.0,0.0
2001-12-04 00:00:00-05:00,13.916022433084406,14.344208010950657,13.787566623608086,14.308525085449219,119800,0.0,0.0
2001-12-05 00:00:00-05:00,14.444114633294697,14.986482743543593,14.444114633294697,14.693889617919922,228400,0.0,0.0
2001-12-06 00:00:00-05:00,14.765256975679765,14.915121179007949,14.629664581360627,14.665346145629883,90200,0.0,0.0
2001-12-07 00:00:00-05:00,14.772387845001251,15.543121041017427,14.772387845001251,15.343300819396973,205600,0.0,0.0
2001-12-10 00:00:00-05:00,15.343306742019168,15.521717285531018,14.843756675720215,14.843756675720215,188700,0.0,0.0
2001-12-11 00:00:00-05:00,14.915122800715473,15.057851795640138,14.593984603881836,14.593984603881836,30800,0.0,0.0
2001-12-12 00:00:00-05:00,14.772392821040677,15.200577015488173,14.772392821040677,15.072122573852539,90000,0.0,0.0
2001-12-13 00:00:00-05:00,15.000757454039695,15.000757454039695,14.701027713889445,14.815210342407227,206300,0.0,0.0
2001-12-14 00:00:00-05:00,14.701029646660354,15.129215240478516,14.66534671982956,15.129215240478516,119800,0.0,0.0
2001-12-17 00:00:00-05:00,15.271934710274762,15.842848984263014,15.200570255880761,15.557391166687012,176400,0.0,0.0
2001-12-18 00:00:00-05:00,15.557401922048113,15.692994343019992,15.34330977202068,15.428947448730469,173800,0.0,0.0
2001-12-19 00:00:00-05:00,15.400397512395138,16.263905220009626,15.343306194953513,16.106903076171875,239700,0.0,0.0
2001-12-20 00:00:00-05:00,16.28531288470608,16.48513316739385,15.714399735832897,15.771491050720215,227800,0.0,0.0
2001-12-21 00:00:00-05:00,15.77149725757688,16.199682968325973,15.700132745591223,15.757224082946777,382400,0.0,0.0
2001-12-24 00:00:00-05:00,15.807176644708106,16.235362296180977,15.807176644708106,15.914222717285156,83800,0.0,0.0
2001-12-26 00:00:00-05:00,15.921360359035198,16.378092386093087,15.914223772235024,16.321001052856445,174200,0.0,0.0
2001-12-27 00:00:00-05:00,16.413774987413493,17.09173580309868,15.628768085347705,15.721542358398438,289700,0.0,0.0
2001-12-28 00:00:00-05:00,15.735808794060006,17.113138355309104,15.735808794060006,17.027502059936523,197500,0.0,0.0
2001-12-31 00:00:00-05:00,17.098864628836356,17.098864628836356,16.63499752070917,16.727771759033203,170100,0.0,0.0
2002-01-02 00:00:00-05:00,16.69921572379733,16.80626170794943,16.05693845772119,16.27103042602539,194400,0.0,0.0
2002-01-03 00:00:00-05:00,16.092631565352864,16.342406615343485,15.378989343187957,15.621627807617188,185300,0.0,0.0
2002-01-04 00:00:00-05:00,15.621627653132002,15.621627653132002,14.772394397192441,14.943668365478516,546100,0.0,0.0
2002-01-07 00:00:00-05:00,14.772393785439933,15.878538628583328,14.736710859463548,15.6858549118042,249200,0.0,0.0
2002-01-08 00:00:00-05:00,15.70012473308597,16.306720733642578,15.643033424866768,16.306720733642578,181500,0.0,0.0
2002-01-09 00:00:00-05:00,16.306725996687963,17.555599958079487,16.306725996687963,17.041776657104492,598400,0.0,0.0
2002-01-10 00:00:00-05:00,17.113133205881272,17.833911720675754,17.113133205881272,17.769683837890625,266200,0.0,0.0
2002-01-11 00:00:00-05:00,17.712593303751436,17.826775908937524,17.1916349974444,17.277271270751953,182600,0.0,0.0
2002-01-14 00:00:00-05:00,16.984677440311014,17.769683837890625,16.62785647424428,17.769683837890625,245100,0.0,0.0
2002-01-15 00:00:00-05:00,17.84105426190189,19.375384656192566,17.84105426190189,19.175565719604492,924000,0.0,0.0
2002-01-16 00:00:00-05:00,19.175565349220417,19.175565349220417,18.554696073986236,18.73310661315918,339700,0.0,0.0
2002-01-17 00:00:00-05:00,18.790199675216666,19.339704513549805,18.554697796097393,19.339704513549805,336000,0.0,0.0
2002-01-18 00:00:00-05:00,19.268343129518993,19.339707635564974,18.69029321675955,19.01856803894043,223700,0.0,0.0
2002-01-22 00:00:00-05:00,19.196973645467697,19.8749342353541,19.125609157927382,19.13274574279785,333100,0.0,0.0
2002-01-23 00:00:00-05:00,19.19697738780015,19.874938109850824,19.19697738780015,19.803573608398438,204300,0.0,0.0
2002-01-24 00:00:00-05:00,19.803561485837335,19.803561485837335,19.054238082190096,19.254056930541992,160200,0.0,0.0
2002-01-25 00:00:00-05:00,19.26832968406567,19.696515060388773,19.26832968406567,19.418193817138672,153300,0.0,0.0
2002-01-28 00:00:00-05:00,19.446745666854067,19.76074854682098,18.85442282575976,19.054243087768555,275900,0.0,0.0
2002-01-29 00:00:00-05:00,19.054248001535303,19.196975630207895,18.376287341555784,18.626062393188477,235700,0.0,0.0
2002-01-30 00:00:00-05:00,18.697427667399356,19.981983184814453,18.19787754331316,19.981983184814453,188000,0.0,0.0
2002-01-31 00:00:00-05:00,20.017659054436972,20.588573513884942,19.853521708825912,20.33879852294922,187400,0.0,0.0
2002-02-01 00:00:00-05:00,20.26743878948598,20.588578333169163,19.660842629842477,19.846389770507812,158500,0.0,0.0
2002-02-04 00:00:00-05:00,19.803568761435017,20.053343774803096,19.189836104787332,19.311155319213867,168900,0.0,0.0
2002-02-05 00:00:00-05:00,19.304011703660123,20.09615460117042,19.061373363182444,19.211238861083984,201800,0.0,0.0
2002-02-06 00:00:00-05:00,19.218387092214876,20.053348626166898,19.218387092214876,19.6965274810791,478900,0.0,0.0
2002-02-07 00:00:00-05:00,19.696517630304623,19.696517630304623,17.769683866027663,18.169322967529297,755700,0.0,0.0
2002-02-08 00:00:00-05:00,18.176458968130497,18.18359555057427,15.700122029025882,16.48512840270996,1441500,0.0,0.0
2002-02-11 00:00:00-05:00,17.34150216445539,17.34150216445539,16.627860077668515,16.806270599365234,841200,0.0,0.0
2002-02-12 00:00:00-05:00,16.770589348570226,16.777725932909334,16.342403816373874,16.577905654907227,372200,0.0,0.0
2002-02-13 00:00:00-05:00,16.627862000432142,17.341504169741064,16.627862000432142,17.327232360839844,591500,0.0,0.0
2002-02-14 00:00:00-05:00,18.162187503329143,18.162187503329143,17.1987706340643,17.305816650390625,372000,0.0,0.0
2002-02-15 00:00:00-05:00,17.305818291578532,17.341499846683167,16.663540771546575,16.734905242919922,280600,0.0,0.0
2002-02-19 00:00:00-05:00,16.734913494114004,17.020370159188484,16.55650290829686,16.784868240356445,166400,0.0,0.0
2002-02-20 00:00:00-05:00,16.85622283735447,17.305816650390625,16.413764245731315,17.305816650390625,311700,0.0,0.0
2002-02-21 00:00:00-05:00,17.305828010789345,17.769695293484748,17.056052901287252,17.512784957885742,342000,0.0,0.0
2002-02-22 00:00:00-05:00,17.841054495379247,17.841054495379247,16.98468333513527,17.141685485839844,206000,0.0,0.0
2002-02-25 00:00:00-05:00,17.163096119962866,18.27637904580217,17.163096119962866,17.84105682373047,516700,0.0,0.0
2002-02-26 00:00:00-05:00,18.304919267636624,19.089925835926255,18.304919267636624,18.840150833129883,625000,0.0,0.0
2002-02-27 00:00:00-05:00,19.411068684367457,19.411068684367457,18.447651427249735,18.74738121032715,382200,0.0,0.0
2002-02-28 00:00:00-05:00,18.98287994618947,19.0899259879075,18.70455860432547,18.754514694213867,218400,0.0,0.0
2002-03-01 00:00:00-05:00,18.75451283946143,19.946295071364947,18.740239672333452,19.660837173461914,414000,0.0,0.0
2002-03-04 00:00:00-05:00,19.91061295075633,19.95343109269055,19.61088323488842,19.62515640258789,404900,0.0,0.0
2002-03-05 00:00:00-05:00,19.91060957808076,19.91060957808076,18.91151114814728,19.36110496520996,315200,0.0,0.0
2002-03-06 00:00:00-05:00,19.432471900997662,20.695618604577106,19.275471146430302,20.517208099365234,420900,0.0,0.0
2002-03-07 00:00:00-05:00,21.551995669915133,21.616223578851024,20.923989751689643,21.08812713623047,608700,0.0,0.0
2002-03-08 00:00:00-05:00,21.409259052267764,22.12290102067669,20.87402757596107,21.651897430419922,567700,0.0,0.0
2002-03-11 00:00:00-05:00,22.408352775982884,22.622446137727774,22.08721477511116,22.229942321777344,458800,0.0,0.0
2002-03-12 00:00:00-05:00,22.158591116511275,23.17196451790623,22.122909548801612,23.050643920898438,637400,0.0,0.0
2002-03-13 00:00:00-05:00,23.05063779986772,23.05063779986772,22.26563262939453,22.26563262939453,346500,0.0,0.0
2002-03-14 00:00:00-05:00,22.265637110724157,22.27277233487579,20.838352715451183,21.287946701049805,485800,0.0,0.0
2002-03-15 00:00:00-05:00,21.266538660757316,21.65904271782092,21.266538660757316,21.43067741394043,434000,0.0,0.0
2002-03-18 00:00:00-05:00,22.194269883779878,22.301315928001426,21.26653432447644,21.487764358520508,415400,0.0,0.0
2002-03-19 00:00:00-05:00,21.559127807617188,21.62335570735733,21.19517152397546,21.559127807617188,249300,0.0,0.0
2002-03-20 00:00:00-05:00,21.380724043444246,21.766091563835165,21.302224310937202,21.337905883789062,367400,0.0,0.0
2002-03-21 00:00:00-05:00,21.37358642427215,21.62336012859363,19.625162327034175,21.352176666259766,537300,0.0,0.0
2002-03-22 00:00:00-05:00,21.42353785521626,21.444946248756462,20.581439893137038,20.624258041381836,581400,0.0,0.0
2002-03-25 00:00:00-05:00,20.68134751880489,20.909712770671987,20.103297804870763,20.374481201171875,237800,0.0,0.0
2002-03-26 00:00:00-05:00,20.374484198055892,21.337901437098044,20.35307580327206,21.287946701049805,457300,0.0,0.0
2002-03-27 00:00:00-05:00,21.359307683355652,21.409262411195495,20.69562033082231,21.209442138671875,206500,0.0,0.0
2002-03-28 00:00:00-05:00,21.387848616180076,21.551987298126363,20.90970845825826,21.39498519897461,337100,0.0,0.0
2002-04-01 00:00:00-05:00,21.394987605200907,22.479723811014992,21.266531822780273,22.19426727294922,467800,0.0,0.0
2002-04-02 00:00:00-05:00,21.837445359098854,22.26563082911336,21.766080887235756,21.915945053100586,308200,0.0,0.0
2002-04-03 00:00:00-05:00,21.915950744511928,22.479728721358907,21.766086539728466,22.27277183532715,178300,0.0,0.0
2002-04-04 00:00:00-05:00,22.279912377661784,22.679553050394183,22.194276062908184,22.337003707885742,257000,0.0,0.0
2002-04-05 00:00:00-05:00,22.40836317376903,22.83654873477901,22.237089221597913,22.55109214782715,223400,0.0,0.0
2002-04-08 00:00:00-04:00,22.479725690439295,22.815136980563224,22.187132544314018,22.800865173339844,318500,0.0,0.0
2002-04-09 00:00:00-04:00,22.800872865628147,23.18624037511953,22.800872865628147,23.16482925415039,263200,0.0,0.0
2002-04-10 00:00:00-04:00,23.193364582587456,23.835643459959595,22.943590976013922,23.799959182739258,402700,0.0,0.0
2002-04-11 00:00:00-04:00,24.442241358397276,24.834743959832846,23.97837291521892,24.46364974975586,416800,0.0,0.0
2002-04-12 00:00:00-04:00,24.72769111807533,24.97746467590332,24.1995949528178,24.97746467590332,307600,0.0,0.0
2002-04-15 00:00:00-04:00,24.977467824509645,24.977467824509645,23.585865501249945,23.628684997558594,296000,0.0,0.0
2002-04-16 00:00:00-04:00,24.477925760687384,24.906112693883273,24.27096887909248,24.549291610717773,237600,0.0,0.0
2002-04-17 00:00:00-04:00,24.620650869518915,25.120200851916863,23.907008815329963,23.928417205810547,304600,0.0,0.0
2002-04-18 00:00:00-04:00,23.407468282961265,24.734843475211257,23.407468282961265,24.563568115234375,324900,0.0,0.0
2002-04-19 00:00:00-04:00,24.727709868210162,24.91325569152832,24.306660749799683,24.91325569152832,134900,0.0,0.0
2002-04-22 00:00:00-04:00,25.048831675033576,25.35569793522736,24.34232766004083,25.277196884155273,389700,0.0,0.0
2002-04-23 00:00:00-04:00,25.334293365478516,25.869524915453415,24.763380256637646,25.334293365478516,605700,0.0,0.0
2002-04-24 00:00:00-04:00,25.869522223241837,26.882892545683035,25.848113834615887,26.640256881713867,499800,0.0,0.0
2002-04-25 00:00:00-04:00,26.640267534788762,26.640267534788762,25.86953256811047,25.9908504486084,414000,0.0,0.0
2002-04-26 00:00:00-04:00,26.154978974813275,26.18352258430059,25.519835342397833,25.691110610961914,391400,0.0,0.0
2002-04-29 00:00:00-04:00,25.691117449781228,25.833846424523543,25.12020427314073,25.576934814453125,457300,0.0,0.0
2002-04-30 00:00:00-04:00,25.576920216633233,27.439525604248047,25.348555076314586,27.439525604248047,643000,0.0,0.0
2002-05-01 00:00:00-04:00,27.118405771843427,27.118405771843427,25.619758120752167,25.726802825927734,2467000,0.0,0.0
2002-05-02 00:00:00-04:00,25.733919639861277,26.31196765116209,25.584052819962057,26.247739791870117,1931300,0.0,0.0
2002-05-03 00:00:00-04:00,26.426159970078878,27.603670251233098,26.333388478646512,27.518033981323242,1261400,0.0,0.0
2002-05-06 00:00:00-04:00,27.51802663166893,28.367259327083445,27.40384406150961,27.439525604248047,879600,0.0,0.0
2002-05-07 00:00:00-04:00,27.439547895031478,27.903413772111527,26.761587142944336,26.761587142944336,336200,0.0,0.0
2002-05-08 00:00:00-04:00,27.118395709351404,27.439535150375143,26.58316421508789,26.58316421508789,326700,0.0,0.0
2002-05-09 00:00:00-04:00,26.58315496688952,27.47520714698648,26.511791881412645,27.439525604248047,496100,0.0,0.0
2002-05-10 00:00:00-04:00,27.44667752097828,27.974773930685704,27.34676805160011,27.546586990356445,334900,0.0,0.0
2002-05-13 00:00:00-04:00,27.553723347796673,27.639359641992883,27.01135379912035,27.018491744995117,214400,0.0,0.0
2002-05-14 00:00:00-04:00,27.18976449063862,27.54658556123665,27.054173463849708,27.082719802856445,319700,0.0,0.0
2002-05-15 00:00:00-04:00,26.97567538219103,27.410997572135653,26.476125283527878,27.17549705505371,556300,0.0,0.0
2002-05-16 00:00:00-04:00,27.182633519643222,27.40386359806272,26.511810782010276,26.590309143066406,245800,0.0,0.0
2002-05-17 00:00:00-04:00,26.768714244669326,27.04703695324813,25.76247898235702,26.062210083007812,437900,0.0,0.0
2002-05-20 00:00:00-04:00,26.440443615381696,26.725901591329198,25.262935589838527,25.6197566986084,512900,0.0,0.0
2002-05-21 00:00:00-04:00,25.61975104986086,26.083616755589276,24.485060065260818,24.613515853881836,650600,0.0,0.0
2002-05-22 00:00:00-04:00,23.978369247771198,24.906105992232273,23.728595645695115,24.820466995239258,657300,0.0,0.0
2002-05-23 00:00:00-04:00,25.120193589945433,25.505560841160854,24.26382282802037,24.97746467590332,494300,0.0,0.0
2002-05-24 00:00:00-04:00,25.15588269848901,26.18352628826139,25.15588269848901,25.477022171020508,420900,0.0,0.0
2002-05-28 00:00:00-04:00,25.33429426970305,25.341429492799538,23.6358253282428,24.085420608520508,590200,0.0,0.0
2002-05-29 00:00:00-04:00,24.04973470038723,24.071143088134768,22.979271755761637,23.093454360961914,736900,0.0,0.0
2002-05-30 00:00:00-04:00,22.122901841343495,23.193364833666568,21.730399288624003,22.622451782226562,1153200,0.0,0.0
2002-05-31 00:00:00-04:00,22.800870286838908,23.692923093661015,22.693822861088606,23.621557235717773,376000,0.0,0.0
2002-06-03 00:00:00-04:00,23.44314141681243,23.678644611715672,22.408361209665365,22.800865173339844,499600,0.0,0.0
2002-06-04 00:00:00-04:00,22.693809687287665,22.693809687287665,20.267427733483917,21.773212432861328,1035300,0.0,0.0
2002-06-05 00:00:00-04:00,21.609077320875205,22.294172894650675,21.587667573758257,21.944488525390625,524500,0.0,0.0
2002-06-06 00:00:00-04:00,21.980180277913608,22.22995533221901,21.844589233398438,21.844589233398438,307500,0.0,0.0
2002-06-07 00:00:00-04:00,21.409268678996405,22.122910968296285,20.267440743883668,21.82318115234375,663700,0.0,0.0
2002-06-10 00:00:00-04:00,21.944500113241094,22.55823290970442,21.801771112754164,22.00872802734375,236600,0.0,0.0
2002-06-11 00:00:00-04:00,22.33699023129094,22.408354691305682,21.016753846255593,21.038162231445312,254500,0.0,0.0
2002-06-12 00:00:00-04:00,21.038163892301057,21.038163892301057,20.16038463996596,20.4244327545166,450900,0.0,0.0
2002-06-13 00:00:00-04:00,20.3388052700042,20.3388052700042,19.268341834740824,19.6965274810791,570100,0.0,0.0
2002-06-14 00:00:00-04:00,19.339704513549805,19.832118028495376,18.347740898089647,19.339704513549805,550400,0.0,0.0
2002-06-17 00:00:00-04:00,19.268337016682775,20.2674357008705,19.125608049871254,19.810705184936523,282900,0.0,0.0
2002-06-18 00:00:00-04:00,19.810699418365775,19.832109165504768,19.232649857252078,19.411060333251953,253500,0.0,0.0
2002-06-19 00:00:00-04:00,19.339700983503555,20.766985168837188,19.196972020504486,20.374481201171875,649200,0.0,0.0
2002-06-20 00:00:00-04:00,20.381611588424786,20.410157916810817,19.58947003200636,19.946290969848633,786100,0.0,0.0
2002-06-21 00:00:00-04:00,19.93917055487395,19.946307142756964,19.446756880265802,19.53952980041504,401600,0.0,0.0
2002-06-24 00:00:00-04:00,19.41106884261397,19.589479396824892,18.590379204312132,19.42534065246582,385200,0.0,0.0
2002-06-25 00:00:00-04:00,19.603742884166646,19.625152631601956,18.676008940592855,18.68314552307129,361300,0.0,0.0
2002-06-26 00:00:00-04:00,17.48423194885254,18.197874069213867,17.48423194885254,18.197874069213867,504100,0.0,0.0
2002-06-27 00:00:00-04:00,18.55469512939453,18.947197751127533,18.112236415858206,18.911516189575195,407400,0.0,0.0
2002-06-28 00:00:00-04:00,18.875837566821275,19.054248124688527,18.37628746032715,18.37628746032715,743500,0.0,0.0
2002-07-01 00:00:00-04:00,18.37628244094903,18.618920842266345,17.270137828775045,17.6269588470459,569000,0.0,0.0
2002-07-02 00:00:00-04:00,17.6269772658075,17.6269772658075,16.02128100576629,16.62787628173828,1296900,0.0,0.0
2002-07-03 00:00:00-04:00,16.449447620699637,16.91331601146855,16.306720036832672,16.906179428100586,517600,0.0,0.0
2002-07-05 00:00:00-04:00,17.34149862246521,18.269233962497346,17.34149862246521,18.040868759155273,219800,0.0,0.0
2002-07-08 00:00:00-04:00,18.033734590088407,18.112234288516365,17.44854833791047,17.6269588470459,298200,0.0,0.0
2002-07-09 00:00:00-04:00,17.62695626816231,18.304915286990727,17.62695626816231,17.769683837890625,477200,0.0,0.0
2002-07-10 00:00:00-04:00,18.162188754139574,18.162188754139574,17.298681259155273,17.298681259155273,526700,0.0,0.0
2002-07-11 00:00:00-04:00,17.298678935774408,17.298678935774408,15.842850214446251,17.02035903930664,705700,0.0,0.0
2002-07-12 00:00:00-04:00,17.127408799730148,17.155955134421827,16.235356258077537,16.306720733642578,802700,0.0,0.0
2002-07-15 00:00:00-04:00,16.328133657068136,16.413771323756652,15.421809057589229,16.313861846923828,599100,0.0,0.0
2002-07-16 00:00:00-04:00,15.842858768281834,16.021269333865348,15.164898074598646,15.200579643249512,806400,0.0,0.0
2002-07-17 00:00:00-04:00,15.378979456278056,16.199668573090875,14.922249163290058,15.41466236114502,611500,0.0,0.0
2002-07-18 00:00:00-04:00,15.407538118597175,16.09263410670711,15.343310199566277,15.593085289001465,698500,0.0,0.0
2002-07-19 00:00:00-04:00,15.557401592841693,15.564538179180218,14.922260381524307,15.164898872375488,374400,0.0,0.0
2002-07-22 00:00:00-04:00,14.91512396725473,14.950806899359012,13.673386514484035,13.880343437194824,588400,0.0,0.0
2002-07-23 00:00:00-04:00,13.916024382980273,13.916024382980273,12.560104330717683,13.487838745117188,674600,0.0,0.0
2002-07-24 00:00:00-04:00,13.273740193029678,14.701024055480955,12.70282583135079,14.701024055480957,770700,0.0,0.0
2002-07-25 00:00:00-04:00,14.843755477747338,15.271941019851731,14.165796283816004,14.879438400268555,598700,0.0,0.0
2002-07-26 00:00:00-04:00,14.886577141770356,15.664447270306638,14.886577141770356,15.364717483520508,405000,0.0,0.0
2002-07-29 00:00:00-04:00,15.543124140569944,17.234455015223677,15.543124140569944,17.127408981323242,716400,0.0,0.0
2002-07-30 00:00:00-04:00,17.027502537377764,17.291549376872045,14.094432795920024,14.629664421081543,2215800,0.0,0.0
2002-07-31 00:00:00-04:00,14.629664937642682,14.81521207092325,13.737612197542518,14.258570671081543,1156800,0.0,0.0
2002-08-01 00:00:00-04:00,14.2728425646538,14.486934658657873,14.058750470649729,14.33707046508789,551300,0.0,0.0
2002-08-02 00:00:00-04:00,14.808069192964966,14.808069192964966,12.417368593193267,12.495869636535645,898000,0.0,0.0
2002-08-05 00:00:00-04:00,12.631466729215708,12.71710302584331,11.889278232233075,12.210417747497559,732500,0.0,0.0
2002-08-06 00:00:00-04:00,12.488737649199207,12.931196381968878,12.41737316182805,12.788467407226562,394300,0.0,0.0
2002-08-07 00:00:00-04:00,13.202382138208101,13.238063707629301,12.4173753604601,12.9954252243042,397100,0.0,0.0
2002-08-08 00:00:00-04:00,13.131019056432205,13.131019056432205,11.668052773519657,12.588650703430176,841100,0.0,0.0
2002-08-09 00:00:00-04:00,12.588647417611707,13.27374460722315,12.274645843489024,12.916923522949219,304100,0.0,0.0
2002-08-12 00:00:00-04:00,12.84556344096609,13.380795251006345,12.560106747844266,12.966882705688477,366500,0.0,0.0
2002-08-13 00:00:00-04:00,12.952599115630756,13.630559407670393,12.952599115630756,13.11673641204834,367800,0.0,0.0
2002-08-14 00:00:00-04:00,13.145288977257065,13.82324959103174,12.974015017824021,13.773293495178223,350600,0.0,0.0
2002-08-15 00:00:00-04:00,14.058746589610672,14.736705607576653,14.058746589610672,14.701024055480957,521900,0.0,0.0
2002-08-16 00:00:00-04:00,14.629664581360627,15.12921464811676,14.394162718156032,14.665346145629883,285300,0.0,0.0
2002-08-19 00:00:00-04:00,14.629666377848105,15.336172054219068,14.522620310730916,15.200579643249512,304600,0.0,0.0
2002-08-20 00:00:00-04:00,15.057852007481456,15.307627071531295,14.843758512082484,15.200579643249512,369000,0.0,0.0
2002-08-21 00:00:00-04:00,15.307620695444513,15.521712740503084,14.915116797951766,15.329029083251953,199000,0.0,0.0
2002-08-22 00:00:00-04:00,15.271933418838332,15.557389851111605,15.200568970479104,15.486026763916016,274100,0.0,0.0
2002-08-23 00:00:00-04:00,15.486038451785776,15.557401592841693,14.593985576940158,15.164898872375488,261200,0.0,0.0
2002-08-26 00:00:00-04:00,15.271934636107417,15.486027998249686,14.915113727034049,15.37898063659668,201000,0.0,0.0
2002-08-27 00:00:00-04:00,15.386126794796116,15.771494269815511,15.057852007481456,15.200579643249512,416100,0.0,0.0
2002-08-28 00:00:00-04:00,15.164891695133047,15.164891695133047,14.272839242478161,14.351340293884277,290800,0.0,0.0
2002-08-29 00:00:00-04:00,14.351346129208649,14.629666172030715,13.844659422274201,14.593984603881836,236300,0.0,0.0
2002-08-30 00:00:00-04:00,14.59398007552903,14.708162691573314,14.39415981686946,14.558297157287598,112800,0.0,0.0
2002-09-03 00:00:00-04:00,14.379893163622139,14.379893163622139,13.994527000193985,14.058754920959473,144200,0.0,0.0
2002-09-04 00:00:00-04:00,14.058744826200256,14.950797128340785,13.916015913392254,14.850886344909668,303100,0.0,0.0
2002-09-05 00:00:00-04:00,14.736704896058857,14.736704896058857,14.023062999289287,14.194336891174316,261500,0.0,0.0
2002-09-06 00:00:00-04:00,14.30852756805783,15.25767177244698,14.30852756805783,15.164898872375488,252300,0.0,0.0
2002-09-09 00:00:00-04:00,15.164893703447444,15.343304217605649,14.950801630923278,15.079256057739258,200400,0.0,0.0
2002-09-10 00:00:00-04:00,15.257667305830088,15.52885206264719,15.136348095920177,15.471760749816895,184800,0.0,0.0
2002-09-11 00:00:00-04:00,15.614489969701502,15.66444606462453,15.17916917468752,15.193442344665527,100500,0.0,0.0
2002-09-12 00:00:00-04:00,15.19343955650104,15.257666087286982,14.843753762033103,15.122075080871582,177400,0.0,0.0
2002-09-13 00:00:00-04:00,15.15775509636975,15.229119564740545,14.829480447493717,14.972208023071289,168700,0.0,0.0
2002-09-16 00:00:00-04:00,15.057851011002565,15.200578637325378,14.915122023515252,14.943668365478516,110400,0.0,0.0
2002-09-17 00:00:00-04:00,15.236257881048061,15.271939438710763,14.42270502692952,14.55116081237793,218100,0.0,0.0
2002-09-18 00:00:00-04:00,14.415566863349746,14.422702084495262,13.77328806714161,14.222883224487305,312400,0.0,0.0
2002-09-19 00:00:00-04:00,14.058752401813686,14.201480030367236,13.744749441132642,13.951704978942871,173000,0.0,0.0
2002-09-20 00:00:00-04:00,14.030203042857284,14.344205936026514,14.030203042857284,14.244295120239258,292400,0.0,0.0
2002-09-23 00:00:00-04:00,14.094425661651053,14.16579011444912,12.916916954555989,13.345102310180664,343800,0.0,0.0
2002-09-24 00:00:00-04:00,13.166694033116391,13.30228501854413,12.831281457924533,13.238057136535645,330100,0.0,0.0
2002-09-25 00:00:00-04:00,13.630561895053209,13.816108970535998,13.316559047223564,13.559197425842285,244100,0.0,0.0
2002-09-26 00:00:00-04:00,13.573474556421889,13.880340910842754,13.530655045690304,13.773293495178223,251100,0.0,0.0
2002-09-27 00:00:00-04:00,13.773297421223953,13.830388757308718,12.8812444441715,13.02397346496582,187600,0.0,0.0
2002-09-30 00:00:00-04:00,13.02397246176628,13.02397246176628,12.381694639994313,12.6314697265625,458500,0.0,0.0
2002-10-01 00:00:00-04:00,12.488737017738462,12.5957830628005,10.918724500196342,11.489638328552246,1760900,0.0,0.0
2002-10-02 00:00:00-04:00,11.418271494542807,11.47536279756896,10.38349077646627,10.825948715209961,1568900,0.0,0.0
2002-10-03 00:00:00-04:00,10.8473615177808,11.368320687956267,10.8473615177808,11.204182624816895,685700,0.0,0.0
2002-10-04 00:00:00-04:00,11.275541290743776,11.275541290743776,10.704627678443732,11.025766372680664,862100,0.0,0.0
2002-10-07 00:00:00-04:00,11.004359850181824,11.004359850181824,10.276444673200883,10.29785442352295,582800,0.0,0.0
2002-10-08 00:00:00-04:00,10.597589708984437,10.825955054818298,10.169404004963534,10.45486068725586,387100,0.0,0.0
2002-10-09 00:00:00-04:00,10.026668548583984,10.26930689664001,9.498573720804357,10.026668548583984,348100,0.0,0.0
2002-10-10 00:00:00-04:00,10.062353425981321,10.768858909606934,9.52712187525002,10.768858909606934,466100,0.0,0.0
2002-10-11 00:00:00-04:00,10.890177417367306,11.389726696573259,10.704630328336444,10.940132141113281,455700,0.0,0.0
2002-10-14 00:00:00-04:00,10.633265451509702,11.339771543685282,10.597583896231233,11.311225891113281,412700,0.0,0.0
2002-10-15 00:00:00-04:00,11.703726652439938,12.09623050624619,11.532452763223418,11.846455574035645,307100,0.0,0.0
2002-10-16 00:00:00-04:00,11.7750962570776,11.7750962570776,10.847361264342918,11.054317474365234,411600,0.0,0.0
2002-10-17 00:00:00-04:00,11.275544871400994,11.825048912825453,11.239862631691897,11.632365226745605,198100,0.0,0.0
2002-10-18 00:00:00-04:00,11.618096662547918,11.896416712680782,11.525322405060557,11.689459800720215,136500,0.0,0.0
2002-10-21 00:00:00-04:00,11.596683546777953,12.203279573765334,11.311226993243954,12.103368759155273,223300,0.0,0.0
2002-10-22 00:00:00-04:00,12.096232318396321,12.274642816536891,11.56100082397461,11.56100082397461,184100,0.0,0.0
2002-10-23 00:00:00-04:00,11.561004612161959,12.096236281962707,11.41827562241595,11.739415168762207,338800,0.0,0.0
2002-10-24 00:00:00-04:00,11.917826011078304,12.174736293149907,11.41827589615567,11.525321960449219,245100,0.0,0.0
2002-10-25 00:00:00-04:00,11.525319188200434,11.696593122105554,11.025769874019439,11.632365226745605,423400,0.0,0.0
2002-10-28 00:00:00-05:00,11.775092173610881,11.953502661089834,10.526218761258212,10.654674530029297,648700,0.0,0.0
2002-10-29 00:00:00-05:00,10.95440210950333,12.024864829757785,10.654672493385535,11.825044631958008,628100,0.0,0.0
2002-10-30 00:00:00-05:00,11.882139229987802,12.024868176882526,11.132815661700796,11.28268051147461,355400,0.0,0.0
2002-10-31 00:00:00-05:00,11.282683179676136,11.703731494725199,11.061453804137216,11.239864349365234,555200,0.0,0.0
2002-11-01 00:00:00-05:00,11.239860642387837,11.596681615162053,10.990085689213087,11.346906661987305,302800,0.0,0.0
2002-11-04 00:00:00-05:00,11.525318313129896,11.917822239546606,11.31122625229469,11.589546203613281,313400,0.0,0.0
2002-11-05 00:00:00-05:00,11.589547004961181,11.775094105724424,11.339772689855687,11.73227596282959,282800,0.0,0.0
2002-11-06 00:00:00-05:00,11.84645680432315,12.02486729426427,11.589545263235452,11.989184379577637,305500,0.0,0.0
2002-11-07 00:00:00-05:00,11.989181843413496,11.989181843413496,11.453950486811754,11.646634101867676,408000,0.0,0.0
2002-11-08 00:00:00-05:00,11.632363726336415,11.675183225162764,11.175633294834476,11.289815902709961,282000,0.0,0.0
2002-11-11 00:00:00-05:00,11.296954671175143,11.296954671175143,10.775996251821487,10.904451370239258,370200,0.0,0.0
2002-11-12 00:00:00-05:00,10.77599257343536,11.275541749295254,10.740310343606383,11.06144905090332,609000,0.0,0.0
2002-11-13 00:00:00-05:00,10.954405510067366,11.168497576113126,10.761721833927686,10.982951164245605,261700,0.0,0.0
2002-11-14 00:00:00-05:00,11.097133264100126,11.553864390261404,10.918722763650226,10.990086555480957,770600,0.0,0.0
2002-11-15 00:00:00-05:00,10.96867973250368,11.439684121847536,10.668949975913131,11.275546073913574,439000,0.0,0.0
2002-11-18 00:00:00-05:00,11.34690744639175,11.489636389833795,11.27554365525277,11.311225891113281,415900,0.0,0.0
2002-11-19 00:00:00-05:00,11.311232749728191,11.311232749728191,10.783136836059882,10.797410011291504,283100,0.0,0.0
2002-11-20 00:00:00-05:00,10.668948148793875,11.275544142911237,10.668948148793875,11.09713363647461,265200,0.0,0.0
2002-11-21 00:00:00-05:00,11.16850213315901,11.882144459382138,11.16850213315901,11.296957969665527,310900,0.0,0.0
2002-11-22 00:00:00-05:00,11.368318422411797,11.91782314441837,11.254135799808383,11.632365226745605,440400,0.0,0.0
2002-11-25 00:00:00-05:00,11.703732715037988,12.2889191466152,11.682324318523678,12.189009666442871,248300,0.0,0.0
2002-11-26 00:00:00-05:00,12.189010322917138,12.196146909194463,11.73941627676289,11.775097846984863,407500,0.0,0.0
2002-11-27 00:00:00-05:00,11.81077571794427,12.624328603605273,11.81077571794427,12.41737174987793,450600,0.0,0.0
2002-11-29 00:00:00-05:00,12.595781087829891,12.738510032976128,12.417370586979144,12.602917671203613,164200,0.0,0.0
2002-12-02 00:00:00-05:00,12.674284388286916,13.131014915775486,12.317463323395383,12.34600830078125,400800,0.0,0.0
2002-12-03 00:00:00-05:00,12.174732278157856,12.174732278157856,11.932093886488849,12.131914138793945,275200,0.0,0.0
2002-12-04 00:00:00-05:00,11.953498758029149,12.381684060400218,11.710860465390995,12.096227645874023,215900,0.0,0.0
2002-12-05 00:00:00-05:00,12.167599115061877,12.267509949881525,12.060553055979282,12.224690437316895,191900,0.0,0.0
2002-12-06 00:00:00-05:00,12.20327920379351,12.45305419099981,12.1604610623526,12.431644439697266,519600,0.0,0.0
2002-12-09 00:00:00-05:00,12.417371136781393,12.453054055229929,11.775093577513488,11.939230918884277,243400,0.0,0.0
2002-12-10 00:00:00-05:00,11.953501584650486,12.117638891670834,11.710863234636111,11.846455574035645,365000,0.0,0.0
2002-12-11 00:00:00-05:00,11.846462117210061,11.924961842398083,11.418276477086396,11.753687858581543,366800,0.0,0.0
2002-12-12 00:00:00-05:00,11.703728726951457,11.703728726951457,10.91872292194077,11.28268051147461,507000,0.0,0.0
2002-12-13 00:00:00-05:00,11.168500377996834,11.48963991879512,11.097136564938966,11.204182624816895,227700,0.0,0.0
2002-12-16 00:00:00-05:00,11.204178538828854,11.453952814316011,11.13281475179624,11.2327241897583,137400,0.0,0.0
2002-12-17 00:00:00-05:00,10.54049185080975,10.697492588638289,10.169397712854305,10.497673034667969,1184100,0.0,0.0
2002-12-18 00:00:00-05:00,10.497671938118952,10.897311684896655,10.347807118150055,10.883038520812988,647300,0.0,0.0
2002-12-19 00:00:00-05:00,10.847359015662152,10.99722387327185,10.205081443381784,10.419174194335938,984500,0.0,0.0
2002-12-20 00:00:00-05:00,10.419177178311099,10.811679873457802,10.169402117233844,10.633269309997559,366600,0.0,0.0
2002-12-23 00:00:00-05:00,10.704631485307237,10.775995967442142,10.419174917931901,10.576175689697266,520900,0.0,0.0
2002-12-24 00:00:00-05:00,10.576175566320535,10.6189943912184,10.476266109195734,10.490538597106934,203000,0.0,0.0
2002-12-26 00:00:00-05:00,10.504809189827267,10.740310967565303,10.504809189827267,10.661809921264648,289500,0.0,0.0
2002-12-27 00:00:00-05:00,10.661815161121625,10.775998495440776,10.647542669695671,10.676088333129883,218300,0.0,0.0
2002-12-30 00:00:00-05:00,10.74031740035997,10.74031740035997,10.312131722243558,10.561906814575195,367800,0.0,0.0
2002-12-31 00:00:00-05:00,10.633267441209483,10.81167797331422,10.526221394179508,10.611858367919922,476400,0.0,0.0
2003-01-02 00:00:00-05:00,10.683219561532209,11.354042656111623,10.683219561532209,11.254133224487305,239100,0.0,0.0
2003-01-03 00:00:00-05:00,11.254135370712408,11.346908237603866,11.132816168676392,11.24699878692627,267300,0.0,0.0
2003-01-06 00:00:00-05:00,11.24699664206215,11.354042656111623,11.225586894786689,11.254133224487305,129200,0.0,0.0
2003-01-07 00:00:00-05:00,11.261269520575228,11.775091903281371,11.254133618482214,11.532453536987305,383100,0.0,0.0
2003-01-08 00:00:00-05:00,11.703731280764758,11.703731280764758,11.197045314356815,11.375455856323242,322100,0.0,0.0
2003-01-09 00:00:00-05:00,11.41827562241595,11.775096735616447,11.41827562241595,11.739415168762207,312100,0.0,0.0
2003-01-10 00:00:00-05:00,11.70373252132665,11.846461514494418,11.503913564289244,11.525321960449219,243000,0.0,0.0
2003-01-13 00:00:00-05:00,11.525319889851488,11.760821733453698,11.489638328552246,11.489638328552246,228100,0.0,0.0
2003-01-14 00:00:00-05:00,11.489637408357991,11.839321853509052,11.489637408357991,11.817912101745605,335500,0.0,0.0
2003-01-15 00:00:00-05:00,11.882141919962757,11.882141919962757,11.532457418186821,11.668049812316895,148400,0.0,0.0
2003-01-16 00:00:00-05:00,11.668049015217019,11.996323739336592,11.639502676860014,11.910687446594238,304600,0.0,0.0
2003-01-17 00:00:00-05:00,11.910687446594238,12.1033697858467,11.810776623509051,11.910687446594238,498000,0.0,0.0
2003-01-21 00:00:00-05:00,11.810773126374004,11.882137589971379,11.346906154736958,11.382588386535645,293900,0.0,0.0
2003-01-22 00:00:00-05:00,11.27554341701654,11.561000617287279,11.218452113078797,11.289815902709961,260700,0.0,0.0
2003-01-23 00:00:00-05:00,11.346913108182758,11.489642122842572,11.061456440027893,11.19704818725586,373100,0.0,0.0
2003-01-24 00:00:00-05:00,11.239859519466277,11.239859519466277,10.91872081216934,11.06144905090332,344300,0.0,0.0
2003-01-27 00:00:00-05:00,10.883042770173281,11.097135550948865,10.847360526613652,10.91872501373291,226800,0.0,0.0
2003-01-28 00:00:00-05:00,10.918725708555456,11.204182314033387,10.918725708555456,11.104272842407227,179500,0.0,0.0
2003-01-29 00:00:00-05:00,11.0614489883673,11.0614489883673,10.883038520812988,10.883038520812988,142500,0.0,0.0
2003-01-30 00:00:00-05:00,10.91872744512562,11.325503342772947,10.91872744512562,11.040046691894531,238300,0.0,0.0
2003-01-31 00:00:00-05:00,11.025766821074344,11.2041772896373,11.011494337491909,11.06144905090332,233200,0.0,0.0
2003-02-03 00:00:00-05:00,11.16850046030969,11.361184186208758,11.054317814109764,11.161364555358887,74500,0.0,0.0
2003-02-04 00:00:00-05:00,11.161361563439671,11.168497466477621,10.990086959469467,11.075724601745605,58500,0.0,0.0
2003-02-05 00:00:00-05:00,11.097132922065589,11.346907206647703,11.097132922065589,11.289815902709961,235800,0.0,0.0
2003-02-06 00:00:00-05:00,11.289817076559064,11.489637341699332,10.918723562379608,11.132816314697266,291700,0.0,0.0
2003-02-07 00:00:00-05:00,11.132815295167102,11.204179085682844,10.683220760647988,10.775994300842285,219700,0.0,0.0
2003-02-10 00:00:00-05:00,10.775998305231585,10.775998305231585,10.383494929502593,10.633269309997559,225300,0.0,0.0
2003-02-11 00:00:00-05:00,10.954406205961211,10.954406205961211,10.569039509782977,10.604721069335938,316900,0.0,0.0
2003-02-12 00:00:00-05:00,10.604718394691373,10.604718394691373,10.29071625797863,10.447717666625977,211200,0.0,0.0
2003-02-13 00:00:00-05:00,10.447719721040789,10.447719721040789,10.133716842001313,10.304990768432617,193800,0.0,0.0
2003-02-14 00:00:00-05:00,10.276446143037086,10.440584182739258,9.969580497599196,10.440584182739258,307000,0.0,0.0
2003-02-18 00:00:00-05:00,10.597583803679877,10.783130203486435,10.49053709703321,10.775994300842285,175400,0.0,0.0
2003-02-19 00:00:00-05:00,10.761722298345731,10.761722298345731,10.297855227785803,10.41203784942627,363800,0.0,0.0
2003-02-20 00:00:00-05:00,10.41204003216238,10.740315478488059,10.312129876991174,10.71890640258789,401200,0.0,0.0
2003-02-21 00:00:00-05:00,10.718909589264944,10.811682505940672,10.61899940439095,10.797410011291504,281100,0.0,0.0
2003-02-24 00:00:00-05:00,10.797403694476232,10.797403694476232,10.29071784008226,10.29785442352295,123500,0.0,0.0
2003-02-25 00:00:00-05:00,10.276445777336825,10.276445777336825,10.062353695769827,10.183672904968262,267600,0.0,0.0
2003-02-26 00:00:00-05:00,10.147993390302611,10.569042443488772,10.112311140263014,10.40490436553955,168200,0.0,0.0
2003-02-27 00:00:00-05:00,10.476268504171793,10.668951558806066,10.40490400655478,10.633269309997559,156600,0.0,0.0
2003-02-28 00:00:00-05:00,10.633270159534016,11.025773566621748,10.547633163901075,10.8616361618042,204100,0.0,0.0
2003-03-03 00:00:00-05:00,10.868767534884972,10.890177285301096,10.668947961742235,10.85449504852295,244300,0.0,0.0
2003-03-04 00:00:00-05:00,10.875909442292642,11.054320032936218,10.454860339480618,10.533361434936523,326600,0.0,0.0
2003-03-05 00:00:00-05:00,10.490538049404755,10.583311598021393,9.862532960710507,10.16939926147461,310300,0.0,0.0
2003-03-06 00:00:00-05:00,10.098035227522963,10.633266791114261,9.95530694668171,10.383492469787598,287400,0.0,0.0
2003-03-07 00:00:00-05:00,10.312127915388517,10.775995675535592,10.140853979602886,10.426310539245605,143600,0.0,0.0
2003-03-10 00:00:00-05:00,10.383493887385473,10.490539942485256,9.883944495949455,10.062355041503906,197400,0.0,0.0
2003-03-11 00:00:00-05:00,10.069489262230235,10.205081635303454,9.812578364602917,9.876806259155273,134400,0.0,0.0
2003-03-12 00:00:00-05:00,9.80544265246028,9.80544265246028,9.434349100670431,9.741214752197266,188100,0.0,0.0
2003-03-13 00:00:00-05:00,9.919622268470313,10.098032745821088,9.59848354535531,10.083760261535645,211900,0.0,0.0
2003-03-14 00:00:00-05:00,10.133719907610871,10.19081123369233,9.898218017379284,9.990991592407227,193400,0.0,0.0
2003-03-17 00:00:00-05:00,9.955306509327144,10.347809774833813,9.634167721396997,10.16939926147461,344500,0.0,0.0
2003-03-18 00:00:00-05:00,10.205078448531752,10.633263144200043,10.069486117800372,10.626127243041992,329800,0.0,0.0
2003-03-19 00:00:00-05:00,10.633264781512784,10.654674530029297,10.426308643260478,10.654674530029297,149700,0.0,0.0
2003-03-20 00:00:00-05:00,10.61899771888519,10.640406797752002,10.454859632686702,10.526224136352539,142400,0.0,0.0
2003-03-21 00:00:00-05:00,10.597585759598587,10.704631805419922,10.419175229508255,10.704631805419922,407700,0.0,0.0
2003-03-24 00:00:00-05:00,10.526225198120148,10.554770866349381,10.276450090677551,10.45486068725586,138400,0.0,0.0
2003-03-25 00:00:00-05:00,10.440586255363288,10.668951558806066,10.383494929502593,10.633269309997559,56800,0.0,0.0
2003-03-26 00:00:00-05:00,10.633265948519046,10.633265948519046,10.45485544145945,10.469128608703613,88100,0.0,0.0
2003-03-27 00:00:00-05:00,10.41917463569113,10.526220675411619,10.176536219703756,10.426310539245605,147400,0.0,0.0
2003-03-28 00:00:00-05:00,10.404905039724117,10.490542037018603,10.240767631721942,10.276449203491211,116100,0.0,0.0
2003-03-31 00:00:00-05:00,10.276445833781867,10.5333574220048,10.183672960903733,10.490538597106934,91500,0.0,0.0
2003-04-01 00:00:00-05:00,10.45485599225039,10.511947303070626,10.283582059789689,10.41203784942627,157700,0.0,0.0
2003-04-02 00:00:00-05:00,10.490538597106934,10.6689491197808,10.490538597106934,10.490538597106934,243300,0.0,0.0
2003-04-03 00:00:00-05:00,10.5619071022162,10.704635438614583,10.533361434936523,10.533361434936523,151900,0.0,0.0
2003-04-04 00:00:00-05:00,10.597585012937607,10.80454118603785,10.56190277331713,10.74744987487793,91200,0.0,0.0
2003-04-07 00:00:00-04:00,10.918724051460819,11.0257700921235,10.597585248890644,10.740313529968262,143900,0.0,0.0
2003-04-08 00:00:00-04:00,10.77599926658589,10.918727593970782,10.754589507041393,10.790271759033203,155100,0.0,0.0
2003-04-09 00:00:00-04:00,10.790268778193422,10.811677851241257,10.633267321150925,10.704631805419922,104300,0.0,0.0
2003-04-10 00:00:00-04:00,10.704629863635992,10.783130237626455,10.618992906396748,10.726038932800293,226000,0.0,0.0
2003-04-11 00:00:00-04:00,10.847364763437275,11.132822142827635,10.740318671529923,10.797410011291504,108300,0.0,0.0
2003-04-14 00:00:00-04:00,10.811676228272763,10.904449771663119,10.683221128686318,10.85449504852295,249200,0.0,0.0
2003-04-15 00:00:00-04:00,10.861633224294055,10.932997027730114,10.818814397766692,10.904451370239258,153800,0.0,0.0
2003-04-16 00:00:00-04:00,10.91872501373291,10.990088820269978,10.897315939830008,10.91872501373291,127500,0.0,0.0
2003-04-17 00:00:00-04:00,10.88303966961362,11.354043244782467,10.875903086818457,11.346906661987305,112000,0.0,0.0
2003-04-21 00:00:00-04:00,11.275547656049422,11.382593721031062,11.239865407528114,11.325502395629883,131600,0.0,0.0
2003-04-22 00:00:00-04:00,11.33263763579174,12.024870724811823,11.33263763579174,11.932096481323242,266900,0.0,0.0
2003-04-23 00:00:00-04:00,11.91782108080979,12.274642054951833,11.789365312332418,12.203277587890625,274100,0.0,0.0
2003-04-24 00:00:00-04:00,12.02486983586121,12.203280363511482,11.789367993809423,11.917823791503906,168200,0.0,0.0
2003-04-25 00:00:00-04:00,11.917822728900653,11.917822728900653,11.468227477056253,11.603819847106934,279300,0.0,0.0
2003-04-28 00:00:00-04:00,11.610957993087208,12.560101988814102,11.610957993087208,12.545828819274902,452700,0.0,0.0
2003-04-29 00:00:00-04:00,12.167594673778025,12.767054019229775,11.825046865281024,12.203277587890625,771900,0.0,0.0
2003-04-30 00:00:00-04:00,12.131916046142578,12.31032657623291,11.96777868513891,12.31032657623291,225800,0.0,0.0
2003-05-01 00:00:00-04:00,12.31032216754564,12.31032216754564,12.024865693864305,12.217549324035645,298800,0.0,0.0
2003-05-02 00:00:00-04:00,12.203277587890625,12.260368889306793,12.096231567880812,12.203277587890625,223100,0.0,0.0
2003-05-05 00:00:00-04:00,12.21041626667355,12.945466728435166,12.16759676238831,12.62432861328125,480500,0.0,0.0
2003-05-06 00:00:00-04:00,12.56009649726733,12.602914625999546,12.353139712928035,12.538686752319336,202200,0.0,0.0
2003-05-07 00:00:00-04:00,12.524415878378326,12.92405635680916,12.50300749068083,12.845555305480957,268500,0.0,0.0
2003-05-08 00:00:00-04:00,12.788461204471243,12.916916947201884,12.738506495890155,12.774188041687012,93700,0.0,0.0
2003-05-09 00:00:00-04:00,12.774194845977334,13.073924618281358,12.774194845977334,13.045379638671875,184100,0.0,0.0
2003-05-12 00:00:00-04:00,13.059646525142965,13.716197142651808,13.059646525142965,13.630560874938965,330900,0.0,0.0
2003-05-13 00:00:00-04:00,13.55920257268599,13.951705260587396,13.387928598265493,13.644840240478516,265900,0.0,0.0
2003-05-14 00:00:00-04:00,13.644840916993603,13.844659883142322,13.416474245279236,13.487838745117188,279900,0.0,0.0
2003-05-15 00:00:00-04:00,13.55920285595565,13.630567353746228,13.202381728167344,13.430747032165527,245000,0.0,0.0
2003-05-16 00:00:00-04:00,13.345104163631017,13.345104163631017,12.995418432470354,13.166693687438965,284900,0.0,0.0
2003-05-19 00:00:00-04:00,13.088197499455944,13.088197499455944,12.674285095531397,12.709966659545898,215100,0.0,0.0
2003-05-20 00:00:00-04:00,12.667146682739258,12.831284031385481,12.610055371855172,12.667146682739258,177200,0.0,0.0
2003-05-21 00:00:00-04:00,12.667146062609655,12.845556570533734,12.667146062609655,12.76705551147461,199800,0.0,0.0
2003-05-22 00:00:00-04:00,12.759918760955834,12.781328511645842,12.488735391369739,12.702827453613281,251100,0.0,0.0
2003-05-23 00:00:00-04:00,12.738512674416068,12.809877161787226,12.631466623941522,12.788467407226562,219300,0.0,0.0
2003-05-27 00:00:00-04:00,12.667140177648474,13.16668991221833,12.631458637106421,13.095325469970703,110900,0.0,0.0
2003-05-28 00:00:00-04:00,13.20237198403055,13.452146861366545,13.180962242145668,13.330827713012695,104100,0.0,0.0
2003-05-29 00:00:00-04:00,13.380791840036345,13.480701316869299,13.209517867823624,13.266609191894531,91400,0.0,0.0
2003-05-30 00:00:00-04:00,13.166702223484693,13.345112815341317,13.095337714509085,13.316566467285156,269100,0.0,0.0
2003-06-02 00:00:00-04:00,13.416474571927482,13.5734767476264,13.345111431516687,13.437884330749512,276100,0.0,0.0
2003-06-03 00:00:00-04:00,13.437877414428657,13.47355896626917,13.20237563325499,13.416467666625977,154100,0.0,0.0
2003-06-04 00:00:00-04:00,13.345110396739816,14.065887859385429,13.23806297209475,13.973114967346191,297200,0.0,0.0
2003-06-05 00:00:00-04:00,13.965975700392011,14.915119640384741,13.84465648876147,14.544025421142578,278800,0.0,0.0
2003-06-06 00:00:00-04:00,14.986477301612274,15.029295427062483,14.41556442506394,14.501200675964355,295800,0.0,0.0
2003-06-09 00:00:00-04:00,14.451258212876846,14.52262272319809,14.122983371029868,14.151528358459473,139100,0.0,0.0
2003-06-10 00:00:00-04:00,14.222885027736334,14.551159688606234,14.13011080711549,14.486931800842285,64500,0.0,0.0
2003-06-11 00:00:00-04:00,14.529750155326479,14.907979507731131,14.415567555223493,14.701024055480957,107100,0.0,0.0
2003-06-12 00:00:00-04:00,14.772394009995628,14.94366797379247,14.736711083476827,14.886576652526855,90800,0.0,0.0
2003-06-13 00:00:00-04:00,14.886574005194666,14.886574005194666,14.472661659335348,14.522616386413574,94600,0.0,0.0
2003-06-16 00:00:00-04:00,14.665338696657514,15.271934509277344,14.665338696657514,15.271934509277344,190100,0.0,0.0
2003-06-17 00:00:00-04:00,15.236259308486078,15.43607822798031,15.16489482531058,15.321895599365234,129300,0.0,0.0
2003-06-18 00:00:00-04:00,15.329025584547324,15.628755195917298,15.250525911896801,15.500299453735352,171100,0.0,0.0
2003-06-19 00:00:00-04:00,15.48603621942308,15.750083070061955,15.45748987818403,15.528854370117188,390300,0.0,0.0
2003-06-20 00:00:00-04:00,15.593080521551807,15.771491050720215,15.557397599019536,15.771491050720215,257100,0.0,0.0
2003-06-23 00:00:00-04:00,15.59307661468683,15.664441080706599,14.986480695264746,15.236255645751953,234400,0.0,0.0
2003-06-24 00:00:00-04:00,15.164890344752823,15.521711294041124,15.164890344752823,15.343300819396973,196500,0.0,0.0
2003-06-25 00:00:00-04:00,15.350439608142503,15.857124775602427,15.350439608142503,15.692987442016602,216500,0.0,0.0
2003-06-26 00:00:00-04:00,15.557391189386768,15.992713136777972,15.414663641554267,15.80716609954834,212200,0.0,0.0
2003-06-27 00:00:00-04:00,15.878535836843255,16.178265556524618,15.857126085021655,15.999855041503906,207600,0.0,0.0
2003-06-30 00:00:00-04:00,15.999857207003998,16.135449597897463,15.628762958855772,15.635899543762207,629500,0.0,0.0
2003-07-01 00:00:00-04:00,15.635903447967154,15.871405364025534,15.593085289001465,15.593085289001465,265300,0.0,0.0
2003-07-02 00:00:00-04:00,15.628761925244186,15.949901418973134,15.55026221879379,15.707262992858887,134000,0.0,0.0
2003-07-03 00:00:00-04:00,15.664445636785466,15.999856955121203,15.664445636785466,15.821446418762207,42600,0.0,0.0
2003-07-07 00:00:00-04:00,15.999857328938312,16.41376972851516,15.999857328938312,16.385223388671875,112800,0.0,0.0
2003-07-08 00:00:00-04:00,16.485131416756452,17.184500290147753,16.485131416756452,17.127408981323242,212900,0.0,0.0
2003-07-09 00:00:00-04:00,17.127404016924647,17.163085564161065,16.756309936545307,16.841947555541992,150600,0.0,0.0
2003-07-10 00:00:00-04:00,16.784857512512357,16.79199409472355,16.271034482617484,16.542219161987305,169600,0.0,0.0
2003-07-11 00:00:00-04:00,16.542221707830112,16.998952150326115,16.492266985827623,16.9918155670166,230300,0.0,0.0
2003-07-14 00:00:00-04:00,16.991816612428465,17.26300135021802,16.991816612428465,17.127408981323242,99200,0.0,0.0
2003-07-15 00:00:00-04:00,17.255864766469433,17.362910800369868,17.127408981323242,17.127408981323242,220100,0.0,0.0
2003-07-16 00:00:00-04:00,17.12740895958345,17.12740895958345,16.877633973356694,16.9775447845459,124900,0.0,0.0
2003-07-17 00:00:00-04:00,16.87763195180868,16.87763195180868,16.306718932670343,16.41376495361328,204500,0.0,0.0
2003-07-18 00:00:00-04:00,16.413777694818236,16.413777694818236,16.128320963663104,16.36382293701172,297300,0.0,0.0
2003-07-21 00:00:00-04:00,16.271038665693197,16.320994754014617,15.94990055061228,16.021265029907227,329200,0.0,0.0
2003-07-22 00:00:00-04:00,15.935627955381397,16.570768985493867,15.935627955381397,16.47085952758789,186600,0.0,0.0
2003-07-23 00:00:00-04:00,16.82768003562285,17.09172820168209,16.69922424462994,16.8847713470459,401600,0.0,0.0
2003-07-24 00:00:00-04:00,17.30581494919753,18.476187153488365,17.30581494919753,18.062274932861328,938900,0.0,0.0
2003-07-25 00:00:00-04:00,18.062284868714098,18.668881050167247,18.055148282912935,18.461925506591797,550200,0.0,0.0
2003-07-28 00:00:00-04:00,18.554694052087388,19.518111130870928,18.547557467958416,19.232654571533203,805000,0.0,0.0
2003-07-29 00:00:00-04:00,19.232658406659166,19.232658406659166,17.34150543146364,17.427143096923828,852000,0.0,0.0
2003-07-30 00:00:00-04:00,17.60555516838104,17.669783082716208,16.656410986851427,16.770593643188477,603100,0.0,0.0
2003-07-31 00:00:00-04:00,16.87763067357346,18.42623365201154,16.87763067357346,18.304914474487305,785900,0.0,0.0
2003-08-01 00:00:00-04:00,18.30492671581953,18.30492671581953,17.412873743692217,17.848196029663086,493800,0.0,0.0
2003-08-04 00:00:00-04:00,17.805366751195677,18.07655008649425,17.41286287182389,17.769683837890625,326500,0.0,0.0
2003-08-05 00:00:00-04:00,17.626960285868105,18.0765542066758,17.4342765935944,17.79109764099121,268600,0.0,0.0
2003-08-06 00:00:00-04:00,17.76968438048066,18.05514088981755,17.519909424374376,17.71259307861328,122600,0.0,0.0
2003-08-07 00:00:00-04:00,17.698324761722738,18.005191103769565,17.569870318201062,17.641233444213867,151200,0.0,0.0
2003-08-08 00:00:00-04:00,17.69832451547675,17.76255241692614,17.448550855578404,17.676916122436523,232300,0.0,0.0
2003-08-11 00:00:00-04:00,17.734010564195003,18.162196195589985,17.7197373922101,17.98378562927246,113400,0.0,0.0
2003-08-12 00:00:00-04:00,18.12650522384408,18.519009112307923,17.976641067983266,18.504735946655273,123000,0.0,0.0
2003-08-13 00:00:00-04:00,18.554697486670705,18.87583702609811,18.540424315770707,18.74738121032715,171000,0.0,0.0
2003-08-14 00:00:00-04:00,18.84014965822395,19.16128912195877,18.8044681005486,19.054243087768555,206600,0.0,0.0
2003-08-15 00:00:00-04:00,19.16129604478962,19.196977615356445,19.05424997192447,19.196977615356445,62800,0.0,0.0
2003-08-18 00:00:00-04:00,19.204107762633416,19.254062489143198,19.118471477520707,19.189834594726562,143500,0.0,0.0
2003-08-19 00:00:00-04:00,19.19696670388364,19.803562586885896,19.19696670388364,19.63942527770996,224200,0.0,0.0
2003-08-20 00:00:00-04:00,19.589469238863185,19.589469238863185,19.218375151852843,19.28973960876465,293500,0.0,0.0
2003-08-21 00:00:00-04:00,19.339705409693167,19.732208106024498,19.32543223789377,19.667980194091797,226600,0.0,0.0
2003-08-22 00:00:00-04:00,19.7678821425342,19.889201325921974,19.225514108633796,19.275468826293945,188500,0.0,0.0
2003-08-25 00:00:00-04:00,19.232654727398902,19.375382327642342,18.84015076410988,19.08992576599121,248800,0.0,0.0
2003-08-26 00:00:00-04:00,18.947202537894654,19.268342117654765,18.8687028104147,19.196977615356445,170900,0.0,0.0
2003-08-27 00:00:00-04:00,19.161286160614775,19.339696643746827,19.111331443124037,19.318286895751953,113100,0.0,0.0
2003-08-28 00:00:00-04:00,19.44674588983709,19.782157163789485,19.41106433175261,19.62515640258789,112400,0.0,0.0
2003-08-29 00:00:00-04:00,19.660837960672374,19.974840844239754,19.46101905753656,19.62515640258789,110500,0.0,0.0
2003-09-02 00:00:00-04:00,19.62515309829852,20.174657711730227,19.553788632981004,20.067611694335938,218600,0.0,0.0
2003-09-03 00:00:00-04:00,20.124707557669907,20.69562068733765,20.003388347469976,20.374481201171875,244400,0.0,0.0
2003-09-04 00:00:00-04:00,20.410168803962577,20.659943865919455,20.367350649707408,20.445850372314453,100300,0.0,0.0
2003-09-05 00:00:00-04:00,20.445845255545358,20.445845255545358,19.86779555368704,19.98911476135254,146800,0.0,0.0
2003-09-08 00:00:00-04:00,20.053344248926187,20.395892146759653,20.039071079558706,20.21748161315918,94200,0.0,0.0
2003-09-09 00:00:00-04:00,20.217483072709335,20.31025595796677,19.83211700011724,19.874935150146484,123300,0.0,0.0
2003-09-10 00:00:00-04:00,19.7678877615788,20.060480929184433,19.589477227128317,19.610885620117188,145600,0.0,0.0
2003-09-11 00:00:00-04:00,19.553588139409225,19.961851028756154,19.481964365336776,19.84724998474121,73100,0.1,0.0
2003-09-12 00:00:00-04:00,19.804272064357807,20.083609926843934,19.517772918596375,19.933197021484375,99500,0.0,0.0
2003-09-15 00:00:00-04:00,19.933193863901018,20.198206385584964,19.732643810568963,19.8400821685791,105300,0.0,0.0
2003-09-16 00:00:00-04:00,19.052205993870736,19.267079948025383,18.694081826189464,19.09518051147461,516800,0.0,0.0
2003-09-17 00:00:00-04:00,19.023564140968606,19.517776101845314,18.89463916281504,19.238439559936523,206600,0.0,0.0
2003-09-18 00:00:00-04:00,19.310052693940765,19.739801928956055,19.302891413443234,19.48911476135254,243900,0.0,0.0
2003-09-19 00:00:00-04:00,19.44614971176836,19.890224456171886,19.31006209178627,19.338712692260742,285800,0.0,0.0
2003-09-22 00:00:00-04:00,19.195462923559848,19.195462923559848,18.192715105069862,18.27866554260254,639900,0.0,0.0
2003-09-23 00:00:00-04:00,18.335966281914438,19.123840094577403,18.278666442782725,18.75139045715332,336800,0.0,0.0
2003-09-24 00:00:00-04:00,18.837333332478266,18.873146573982616,18.22852325439453,18.22852325439453,420600,0.0,0.0
2003-09-25 00:00:00-04:00,18.049470739418187,18.08528263382276,17.66985837450317,17.677021026611328,494400,0.0,0.0
2003-09-26 00:00:00-04:00,17.698502209464916,17.82742717574951,17.41200304335237,17.454978942871094,265300,0.0,0.0
2003-09-29 00:00:00-04:00,17.47645883660864,17.992158504340196,17.290234108387274,17.333209991455078,512600,0.0,0.0
2003-09-30 00:00:00-04:00,17.333214486842387,17.476463369147694,16.88913980958401,17.232938766479492,761500,0.0,0.0
2003-10-01 00:00:00-04:00,17.40483781400436,19.173972464064992,17.369025935848597,19.0235595703125,596200,0.0,0.0
2003-10-02 00:00:00-04:00,18.980585707022055,19.12383595692553,18.686923924242,18.72989845275879,495500,0.0,0.0
2003-10-03 00:00:00-04:00,19.159649390879657,19.69683582239965,19.159649390879657,19.19546127319336,302700,0.0,0.0
2003-10-06 00:00:00-04:00,19.26708449581219,19.43182132395745,18.980585367269207,19.39600944519043,303900,0.0,0.0
2003-10-07 00:00:00-04:00,19.252757330152185,19.65385743733747,19.181133579566325,19.5965576171875,277700,0.0,0.0
2003-10-08 00:00:00-04:00,19.625206475830787,19.675343646754005,19.209782446007093,19.22410774230957,160600,0.0,0.0
2003-10-09 00:00:00-04:00,19.403175432043373,20.649447880199702,19.403175432043373,20.26267433166504,423100,0.0,0.0
2003-10-10 00:00:00-04:00,20.198209526216274,20.434571491546784,19.911709015155072,19.976171493530273,189700,0.0,0.0
2003-10-13 00:00:00-04:00,20.019146593597814,20.55633298126714,20.019146593597814,20.162395477294922,199700,0.0,0.0
2003-10-14 00:00:00-04:00,20.234024439769605,20.556336879954802,20.226861789305946,20.51336097717285,183200,0.0,0.0
2003-10-15 00:00:00-04:00,20.1982017505021,20.234013617530394,18.765705211207912,19.48911476135254,696100,0.0,0.0
2003-10-16 00:00:00-04:00,19.51777217618796,19.696834306244728,19.410335171381025,19.48196029663086,283500,0.0,0.0
2003-10-17 00:00:00-04:00,19.553579938559846,19.768455269065385,19.016393661499023,19.016393661499023,170900,0.0,0.0
2003-10-20 00:00:00-04:00,19.023564518571387,19.517776489257812,19.023564518571387,19.517776489257812,179900,0.0,0.0
2003-10-21 00:00:00-04:00,19.48195742616013,19.73980592647826,19.48195742616013,19.60371971130371,130600,0.0,0.0
2003-10-22 00:00:00-04:00,19.55358658580221,19.55358658580221,18.880313873291016,18.880313873291016,196800,0.0,0.0
2003-10-23 00:00:00-04:00,18.801518956705177,19.302893342004765,18.765707086098903,19.202617645263672,141700,0.0,0.0
2003-10-24 00:00:00-04:00,19.123829380505274,19.19545311469097,18.23568032234291,18.62961769104004,324900,0.0,0.0
2003-10-27 00:00:00-05:00,18.622458958960028,19.33154473230725,18.622458958960028,19.22410774230957,632600,0.0,0.0
2003-10-28 00:00:00-05:00,16.086937035336717,16.437899923583412,14.582816616612202,15.757463455200195,5582300,0.0,0.0
2003-10-29 00:00:00-05:00,15.75746806276237,16.402091483011876,15.75746806276237,16.36627960205078,1157600,0.0,0.0
2003-10-30 00:00:00-05:00,16.437906087477167,16.624129523215174,16.3161437695649,16.373443603515625,589000,0.0,0.0
2003-10-31 00:00:00-05:00,16.29465052584844,16.452224676487475,16.17288824749339,16.258838653564453,252500,0.0,0.0
2003-11-03 00:00:00-05:00,16.266005097176976,16.46655519756438,16.266005097176976,16.459392547607422,303400,0.0,0.0
2003-11-04 00:00:00-05:00,16.46654778745609,16.46654778745609,16.19437404225156,16.237348556518555,274000,0.0,0.0
2003-11-05 00:00:00-05:00,16.151402179999415,16.151402179999415,15.83625384212521,16.058290481567383,347500,0.0,0.0
2003-11-06 00:00:00-05:00,16.043967331243312,16.316142546712285,15.979504852113065,16.07978057861328,369700,0.0,0.0
2003-11-07 00:00:00-05:00,16.151402179999415,16.323303012103278,16.051127833051762,16.058290481567383,300100,0.0,0.0
2003-11-10 00:00:00-05:00,16.022478116724834,16.137077757210484,15.879227883050033,15.900715827941895,299200,0.0,0.0
2003-11-11 00:00:00-05:00,15.843422819630076,15.993834400136636,15.814772214122506,15.886397361755371,232500,0.0,0.0
2003-11-12 00:00:00-05:00,15.793279042505306,16.1012661192844,15.614216915646354,16.04396629333496,445100,0.0,0.0
2003-11-13 00:00:00-05:00,16.008156882927167,16.008156882927167,15.693007108540325,15.843420028686523,343000,0.0,0.0
2003-11-14 00:00:00-05:00,15.757466715206855,16.137078905154734,15.735978768786403,15.764629364013672,326600,0.0,0.0
2003-11-17 00:00:00-05:00,15.771790494028421,15.771790494028421,15.213116236116047,15.327715873718262,340400,0.0,0.0
2003-11-18 00:00:00-05:00,15.29190580196629,15.750304406413814,15.29190580196629,15.299068450927734,250800,0.0,0.0
2003-11-19 00:00:00-05:00,15.256096756883203,15.470972186470952,15.084197232894589,15.306235313415527,218300,0.0,0.0
2003-11-20 00:00:00-05:00,15.148653769197871,15.435152863203406,14.998242257145757,15.327715873718262,298700,0.0,0.0
2003-11-21 00:00:00-05:00,15.334873353991028,15.449472952973238,15.034049065128984,15.155811309814453,178500,0.0,0.0
2003-11-24 00:00:00-05:00,15.220269289788032,15.564067985873297,15.220269289788032,15.549742698669434,195400,0.0,0.0
2003-11-25 00:00:00-05:00,15.506778584782921,15.793277689994806,15.492453287988454,15.721653938293457,222900,0.0,0.0
2003-11-26 00:00:00-05:00,15.864909407624692,15.958022509388234,15.814772214122506,15.886397361755371,172900,0.0,0.0
2003-11-28 00:00:00-05:00,15.86490519280056,16.07978057861328,15.86490519280056,16.07978057861328,72500,0.0,0.0
2003-12-01 00:00:00-05:00,16.079779538388117,16.223028420193913,15.886392113507902,16.04396629333496,288200,0.0,0.0
2003-12-02 00:00:00-05:00,15.864900432804049,16.00098799970775,15.721651584710676,15.757463455200195,260000,0.0,0.0
2003-12-03 00:00:00-05:00,15.757473225985224,15.915047466436068,15.693010726224394,15.700173377990723,204500,0.0,0.0
2003-12-04 00:00:00-05:00,15.714497133135163,15.714497133135163,14.754723749194016,14.969597816467285,517300,0.0,0.0
2003-12-05 00:00:00-05:00,14.969597022247346,15.012571560194761,14.81918545636342,14.95527172088623,364600,0.0,0.0
2003-12-08 00:00:00-05:00,14.897967785441702,15.234605444191105,14.89080650286604,15.184468269348145,302900,0.0,0.0
2003-12-09 00:00:00-05:00,15.757466567262984,15.757466567262984,15.399342327097918,15.456642150878906,242300,0.0,0.0
2003-12-10 00:00:00-05:00,15.363530783534113,15.363530783534113,14.804856464922397,14.991081237792969,275100,0.0,0.0
2003-12-11 00:00:00-05:00,14.94789847207918,15.322136020310943,14.904716266187405,15.264559745788574,250000,0.1,0.0
2003-12-12 00:00:00-05:00,15.221377406268763,15.257362574284116,15.00547188895185,15.120621681213379,233500,0.0,0.0
2003-12-15 00:00:00-05:00,15.473279420165994,15.509263241832643,14.926316820125122,14.969497680664062,239200,0.0,0.0
2003-12-16 00:00:00-05:00,14.969491377426529,15.32933493335211,14.861538585187699,15.221382141113281,243400,0.0,0.0
2003-12-17 00:00:00-05:00,15.206988849988612,15.566832424384593,15.12782419705362,15.50206184387207,259800,0.0,0.0
2003-12-18 00:00:00-05:00,15.401298235349522,15.581219946913638,15.257361689714463,15.516448020935059,108200,0.0,0.0
2003-12-19 00:00:00-05:00,15.516441681556334,15.516441681556334,15.214173274715288,15.422883033752441,379000,0.0,0.0
2003-12-22 00:00:00-05:00,15.293346439661704,15.51644899160368,15.091833615934037,15.466071128845215,266100,0.0,0.0
2003-12-23 00:00:00-05:00,15.47327291464821,15.869100277340587,15.42289503641764,15.638800621032715,281400,0.0,0.0
2003-12-24 00:00:00-05:00,15.68917331314695,15.68917331314695,15.47326779990027,15.509251594543457,73400,0.0,0.0
2003-12-26 00:00:00-05:00,15.509250987749247,15.653188906078029,15.444479061770668,15.516448020935059,84600,0.0,0.0
2003-12-29 00:00:00-05:00,15.5452457774863,15.854711532592773,15.5452457774863,15.854711532592773,177600,0.0,0.0
2003-12-30 00:00:00-05:00,15.854710210842198,16.567200405606176,15.854710210842198,16.33690071105957,431200,0.0,0.0
2003-12-31 00:00:00-05:00,16.58878077498364,16.862262537320873,16.459238299485335,16.495222091674805,603900,0.0,0.0
2004-01-02 00:00:00-05:00,16.538411174477066,16.69674323363084,16.178567582137557,16.24333953857422,158700,0.0,0.0
2004-01-05 00:00:00-05:00,16.48083011670856,16.574390184581404,16.14977479394337,16.185758590698242,355200,0.0,0.0
2004-01-06 00:00:00-05:00,16.156982421875,16.51682611614665,15.98425624065322,16.156982421875,229600,0.0,0.0
2004-01-07 00:00:00-05:00,16.30090707786615,16.387270104910495,16.149773496405725,16.178560256958008,321300,0.0,0.0
2004-01-08 00:00:00-05:00,16.228934989320503,16.336889095491237,16.192951202392578,16.192951202392578,233800,0.0,0.0
2004-01-09 00:00:00-05:00,16.264921976049948,16.401662852585012,16.113787034049373,16.171361923217773,265800,0.0,0.0
2004-01-12 00:00:00-05:00,16.171365256074278,16.344089959177378,16.020231655619284,16.099397659301758,318500,0.0,0.0
2004-01-13 00:00:00-05:00,16.10659761832541,16.41606330871582,16.07781084647441,16.41606330871582,197500,0.0,0.0
2004-01-14 00:00:00-05:00,16.336899644756382,16.61038017100689,16.336899644756382,16.488033294677734,216300,0.0,0.0
2004-01-15 00:00:00-05:00,16.48803214337322,16.538410023162616,16.34409416737985,16.401670455932617,214400,0.0,0.0
2004-01-16 00:00:00-05:00,16.401664341473023,16.797491568850937,16.401664341473023,16.54560089111328,357300,0.0,0.0
2004-01-20 00:00:00-05:00,16.44484835587877,16.718328814077605,16.44484835587877,16.55280113220215,321200,0.0,0.0
2004-01-21 00:00:00-05:00,16.4376526326996,16.68234634399414,16.37288068719845,16.68234634399414,346700,0.0,0.0
2004-01-22 00:00:00-05:00,16.624760982270825,16.80468263495191,16.552792046659736,16.73271369934082,385200,0.0,0.0
2004-01-23 00:00:00-05:00,16.876658615829687,16.970217310295475,16.653554685029857,16.840673446655273,277500,0.0,0.0
2004-01-26 00:00:00-05:00,16.912651449702917,16.963029340773026,16.660760621657786,16.869470596313477,97900,0.0,0.0
2004-01-27 00:00:00-05:00,16.876664488388307,16.876664488388307,16.45924598957326,16.516820907592773,195400,0.0,0.0
2004-01-28 00:00:00-05:00,16.696735074399857,16.775899692596827,16.049015826555667,16.08500099182129,141100,0.0,0.0
2004-01-29 00:00:00-05:00,16.22894448725431,16.488032297384752,15.98425074939651,16.41606330871582,177600,0.0,0.0
2004-01-30 00:00:00-05:00,16.4160597082092,16.488028681093297,16.08500435471392,16.10659408569336,134800,0.0,0.0
2004-02-02 00:00:00-05:00,16.15696994965883,16.459238474421554,15.948260109199326,16.08500099182129,150300,0.0,0.0
2004-02-03 00:00:00-05:00,16.120993120708246,16.243340000490665,15.941071319422006,15.977056503295898,80600,0.0,0.0
2004-02-04 00:00:00-05:00,15.977050855225343,16.23613722405533,15.746749877929688,15.746749877929688,200800,0.0,0.0
2004-02-05 00:00:00-05:00,15.804323628174725,16.063411350831302,15.775536866042785,15.833111763000488,200000,0.0,0.0
2004-02-06 00:00:00-05:00,15.876303586129628,16.1857693863278,15.833122726684117,16.049028396606445,256300,0.0,0.0
2004-02-09 00:00:00-05:00,16.912646629400736,17.57475880767228,16.37288131144114,17.38763999938965,1139200,0.0,0.0
2004-02-10 00:00:00-05:00,17.704306043007264,17.94899980978539,17.3228713188662,17.416431427001953,423600,0.0,0.0
2004-02-11 00:00:00-05:00,17.581948539156024,17.77626430234264,17.466798762310688,17.567554473876953,225400,0.0,0.0
2004-02-12 00:00:00-05:00,17.596344269108794,17.73308378411514,17.488390141996547,17.531572341918945,213300,0.0,0.0
2004-02-13 00:00:00-05:00,17.58195301964263,17.848236431695543,16.948627712906575,17.23650360107422,325200,0.0,0.0
2004-02-17 00:00:00-05:00,17.488385037383008,17.74027563929868,17.459598285197607,17.524370193481445,155600,0.0,0.0
2004-02-18 00:00:00-05:00,17.632332814841448,17.66831661844715,17.10696159511113,17.114158630371094,296000,0.0,0.0
2004-02-19 00:00:00-05:00,17.236506097881318,17.42362353052377,17.092568132947253,17.106962203979492,192000,0.0,0.0
2004-02-20 00:00:00-05:00,17.106964797125613,17.272492521005262,16.86227104326249,16.999011993408203,162000,0.0,0.0
2004-02-23 00:00:00-05:00,16.948631932656134,16.999011186514316,16.214552078605784,16.228944778442383,399000,0.0,0.0
2004-02-24 00:00:00-05:00,16.552800487847048,17.920205470999967,16.38007577791453,17.704299926757812,963300,0.0,0.0
2004-02-25 00:00:00-05:00,17.66831814479521,17.884225103163764,17.344459766283737,17.380443572998047,424400,0.0,0.0
2004-02-26 00:00:00-05:00,17.452415526808977,18.064149953833958,17.452415526808977,17.718700408935547,203900,0.0,0.0
2004-02-27 00:00:00-05:00,17.092565721146407,17.948993609002372,17.092565721146407,17.704299926757812,202000,0.0,0.0
2004-03-01 00:00:00-05:00,17.740286267614533,17.984979984908044,17.740286267614533,17.8194522857666,113300,0.0,0.0
2004-03-02 00:00:00-05:00,17.63233095444577,17.956190643502975,17.625133919945167,17.704299926757812,205800,0.0,0.0
2004-03-03 00:00:00-05:00,17.668318210840518,18.215280585646834,17.668318210840518,17.992177963256836,223500,0.0,0.0
2004-03-04 00:00:00-05:00,17.884225170016144,17.992177963256836,17.812256183624267,17.992177963256836,134900,0.0,0.0
2004-03-05 00:00:00-05:00,17.884223713866778,18.459972812735298,17.884223713866778,18.316036224365234,150100,0.0,0.0
2004-03-08 00:00:00-05:00,18.172096335287737,18.280049108285304,18.100127362391365,18.193687438964844,181000,0.0,0.0
2004-03-09 00:00:00-05:00,18.28005807568696,18.33763300770902,17.78347342906254,17.8122615814209,171000,0.0,0.0
2004-03-10 00:00:00-05:00,17.884221015331438,17.884221015331438,17.5387716081349,17.589149475097656,160600,0.0,0.0
2004-03-11 00:00:00-05:00,17.524110204235242,17.748129371428167,17.11943010710175,17.2133731842041,158800,0.1,0.0
2004-03-12 00:00:00-05:00,17.307321989680485,17.646964127134705,17.307321989680485,17.52411460876465,179700,0.0,0.0
2004-03-15 00:00:00-05:00,17.596386842281493,17.62529189403483,17.307329433075864,17.365140914916992,169200,0.0,0.0
2004-03-16 00:00:00-05:00,17.37958344070955,17.43739489157884,16.931545041055983,17.13388442993164,184900,0.0,0.0
2004-03-17 00:00:00-05:00,17.235053330427952,17.849300779954074,17.16278868136602,17.415714263916016,141000,0.0,0.0
2004-03-18 00:00:00-05:00,17.37959396454346,17.40850039664862,16.946008509642436,17.256744384765625,149800,0.0,0.0
2004-03-19 00:00:00-05:00,17.343452949144833,17.343452949144833,16.87373470743892,17.05439567565918,137300,0.0,0.0
2004-03-22 00:00:00-05:00,16.909872814731777,16.917099421623522,16.346211260519127,16.51964569091797,163700,0.0,0.0
2004-03-23 00:00:00-05:00,16.620805012032434,16.801465936076266,16.490728926187522,16.656936645507812,167400,0.0,0.0
2004-03-24 00:00:00-05:00,16.64248891254083,16.76533842624031,16.548544437064507,16.714752197265625,111200,0.0,0.0
2004-03-25 00:00:00-05:00,16.693074941894924,17.155566612792835,16.693074941894924,17.03994369506836,185000,0.0,0.0
2004-03-26 00:00:00-05:00,17.047170515513603,17.22783149903678,16.931547596325483,17.148340225219727,185200,0.0,0.0
2004-03-29 00:00:00-05:00,17.162784886033748,17.59637130618967,17.14110508260932,17.46629524230957,192400,0.0,0.0
2004-03-30 00:00:00-05:00,17.466307674284607,17.755365034019523,17.263966833303062,17.748138427734375,130700,0.0,0.0
2004-03-31 00:00:00-05:00,17.704774592501234,18.181719430440687,17.610831497048704,18.10222816467285,256500,0.0,0.0
2004-04-01 00:00:00-05:00,18.41296750512525,18.42742071491749,17.755361621251772,17.849306106567383,314000,0.0,0.0
2004-04-02 00:00:00-05:00,18.24675897902498,18.26843879282402,17.892663623643966,18.029966354370117,185600,0.0,0.0
2004-04-05 00:00:00-04:00,18.06609368851123,18.246754625396342,17.993829038090475,18.174489974975586,182700,0.0,0.0
2004-04-06 00:00:00-04:00,18.181717940603253,18.282887631775026,18.145586301851527,18.203397750854492,120100,0.0,0.0
2004-04-07 00:00:00-04:00,18.384064059149644,18.6008567115096,18.217854888784,18.39129066467285,160800,0.0,0.0
2004-04-08 00:00:00-04:00,18.5719495803956,18.5719495803956,18.080551486719678,18.087778091430664,112400,0.0,0.0
2004-04-12 00:00:00-04:00,18.210622493510833,18.239527525891965,18.10945143434305,18.15281105041504,67500,0.0,0.0
2004-04-13 00:00:00-04:00,18.210618037226297,18.319014294213783,17.70476700017377,17.791484832763672,188000,0.0,0.0
2004-04-14 00:00:00-04:00,17.52411449373822,17.92156808556163,17.148339336680618,17.170019149780273,298400,0.0,0.0
2004-04-15 00:00:00-04:00,17.35068266831169,17.509663852687883,17.090530386301513,17.23505973815918,404700,0.0,0.0
2004-04-16 00:00:00-04:00,17.235057198609802,17.34345350736406,17.025489807128906,17.025489807128906,440500,0.0,0.0
2004-04-19 00:00:00-04:00,17.032714050259184,17.032714050259184,16.562995858551492,16.61358070373535,641800,0.0,0.0
2004-04-20 00:00:00-04:00,16.76533905888618,17.09775459183223,16.76533905888618,16.924320220947266,325800,0.0,0.0
2004-04-21 00:00:00-04:00,16.946000262783887,17.29286900923306,16.86650899151408,17.17724609375,161200,0.0,0.0
2004-04-22 00:00:00-04:00,17.242279745157607,17.813167572021484,17.242279745157607,17.813167572021484,256300,0.0,0.0
2004-04-23 00:00:00-04:00,17.77704678074167,17.77704678074167,16.982137921514543,17.394044876098633,282200,0.0,0.0
2004-04-26 00:00:00-04:00,17.451858666471814,17.52412336840017,17.17725445314553,17.256744384765625,164200,0.0,0.0
2004-04-27 00:00:00-04:00,17.88544168310872,19.048899138713256,17.820403603085218,18.861011505126953,1493400,0.0,0.0
2004-04-28 00:00:00-04:00,18.86100416425443,18.86100416425443,18.499682250679957,18.579172134399414,425800,0.0,0.0
2004-04-29 00:00:00-04:00,18.535812891128863,18.759832079530984,18.058868101197305,18.196170806884766,343600,0.0,0.0
2004-04-30 00:00:00-04:00,18.28288502360316,18.333471240306263,17.928789776682272,17.99382781982422,245200,0.0,0.0
2004-05-03 00:00:00-04:00,17.928794801384186,18.123908985492484,17.87098334442623,17.979379653930664,284500,0.0,0.0
2004-05-04 00:00:00-04:00,17.92157573876171,18.138369827336106,17.798726168736547,17.914350509643555,226300,0.0,0.0
2004-05-05 00:00:00-04:00,17.993831460944794,18.05164291339895,17.740905839582698,17.834850311279297,232000,0.0,0.0
2004-05-06 00:00:00-04:00,17.834852273257823,17.834852273257823,17.26396291142853,17.639738082885742,187900,0.0,0.0
2004-05-07 00:00:00-04:00,17.48797435399018,17.618049034391888,16.664159774780273,16.664159774780273,332800,0.0,0.0
2004-05-10 00:00:00-04:00,16.664164823284285,16.873732176587495,16.07882375997804,16.28839111328125,400700,0.0,0.0
2004-05-11 00:00:00-04:00,16.310077708519533,16.58468324835484,16.266719446879222,16.404022216796875,247400,0.0,0.0
2004-05-12 00:00:00-04:00,16.223353469777706,16.223353469777706,15.312822138353626,15.782540321350098,604700,0.0,0.0
2004-05-13 00:00:00-04:00,15.782538188086496,15.95597250705813,15.616330471363694,15.746406555175781,252600,0.0,0.0
2004-05-14 00:00:00-04:00,15.789767161492009,16.223353713199707,15.753634144821737,15.890936851501465,228300,0.0,0.0
2004-05-17 00:00:00-04:00,15.825893143766121,15.825893143766121,15.276683891664366,15.421213150024414,123400,0.0,0.0
2004-05-18 00:00:00-04:00,15.536842532896083,15.825899792725076,15.507936117746315,15.768088340759277,183000,0.0,0.0
2004-05-19 00:00:00-04:00,15.768086215538693,15.970426959314398,15.536840438842773,15.536840438842773,257600,0.0,0.0
2004-05-20 00:00:00-04:00,15.536836345347167,15.536836345347167,15.110476540022148,15.305590629577637,293800,0.0,0.0
2004-05-21 00:00:00-04:00,15.392316818237306,15.616337453105762,15.276693887230259,15.392316818237305,93900,0.0,0.0
2004-05-24 00:00:00-04:00,15.421218480030829,15.68137068366156,15.233330930556816,15.464576721191406,125500,0.0,0.0
2004-05-25 00:00:00-04:00,15.48626949652344,15.970441292903365,15.363419895103615,15.927083015441895,169400,0.0,0.0
2004-05-26 00:00:00-04:00,15.92707020942676,16.114956386803236,15.782540896316277,15.898163795471191,200900,0.0,0.0
2004-05-27 00:00:00-04:00,15.934299128207698,16.245036258591604,15.862035833235256,15.999337196350098,266300,0.0,0.0
2004-05-28 00:00:00-04:00,15.93429712990412,15.963203546935175,15.724731119764291,15.86203384399414,140900,0.0,0.0
2004-06-01 00:00:00-04:00,15.955983652660134,16.20890939470961,15.912625387213893,16.143871307373047,147100,0.0,0.0
2004-06-02 00:00:00-04:00,16.12219595318591,16.12219595318591,15.703062262165584,15.927083015441895,123600,0.0,0.0
2004-06-03 00:00:00-04:00,15.825895705091195,15.898160345966811,15.609103160797728,15.659687995910645,148300,0.0,0.0
2004-06-04 00:00:00-04:00,15.804222081479633,15.898165178339312,15.572974884721578,15.587428092956543,133600,0.0,0.0
2004-06-07 00:00:00-04:00,15.768095373886055,15.79700180192911,15.60911415465231,15.703057289123535,227500,0.0,0.0
2004-06-08 00:00:00-04:00,15.70305607165828,15.789773970729811,15.572979912218102,15.645244598388672,235200,0.0,0.0
2004-06-09 00:00:00-04:00,15.666916532817616,15.775312818352134,15.464575789041909,15.536840438842773,200900,0.0,0.0
2004-06-10 00:00:00-04:00,15.572974293515689,15.6163339165745,15.07435103334309,15.327275276184082,364600,0.0,0.0
2004-06-14 00:00:00-04:00,15.610446304311777,15.755660312250741,15.327280512180554,15.399886131286621,239000,0.1,0.0
2004-06-15 00:00:00-04:00,15.581400842053984,16.28568688501066,15.552358875310937,16.220340728759766,419500,0.0,0.0
2004-06-16 00:00:00-04:00,16.13321500302575,16.220343688881847,15.842788358277897,16.053348541259766,193900,0.0,0.0
2004-06-17 00:00:00-04:00,16.053346152003293,16.118692310453877,15.79196151820096,15.973478317260742,198500,0.0,0.0
2004-06-18 00:00:00-04:00,15.97347674683099,16.21307884263893,15.791959965617,15.83552360534668,211100,0.0,0.0
2004-06-21 00:00:00-04:00,15.937180519104004,15.937180519104004,15.799227320709814,15.937180519104004,178500,0.0,0.0
2004-06-22 00:00:00-04:00,16.009778166798117,16.118689334013318,15.639485183773308,15.748394966125488,148700,0.0,0.0
2004-06-23 00:00:00-04:00,15.864567756652832,16.02430203364119,15.719353770399263,15.864567756652832,307000,0.0,0.0
2004-06-24 00:00:00-04:00,15.900866614265247,16.213075637817383,15.82825963915917,16.213075637817383,167400,0.0,0.0
2004-06-25 00:00:00-04:00,16.213084738387906,16.372819065391504,16.075131546738103,16.20582389831543,172700,0.0,0.0
2004-06-28 00:00:00-04:00,16.2639044253197,16.692284168892353,16.191297430926106,16.44542121887207,407100,0.0,0.0
2004-06-29 00:00:00-04:00,16.452679563944088,16.452679563944088,16.104167705496035,16.140470504760742,142000,0.0,0.0
2004-06-30 00:00:00-04:00,16.14046367260538,16.18402867511787,15.937165866996862,16.082378387451172,131300,0.0,0.0
2004-07-01 00:00:00-04:00,16.118695744333667,16.118695744333667,15.465234020616263,15.581404685974121,483400,0.0,0.0
2004-07-02 00:00:00-04:00,15.646746000720213,15.74113550255942,15.356319427490234,15.356319427490234,279600,0.0,0.0
2004-07-06 00:00:00-04:00,15.356317611472821,15.356317611472821,14.93519878387451,14.935198783874512,340400,0.0,0.0
2004-07-07 00:00:00-04:00,14.94245751244827,15.131235082307173,14.637509343424314,14.724637985229492,400400,0.0,0.0
2004-07-08 00:00:00-04:00,14.702858717908331,14.913418840825003,14.41969299316406,14.419692993164062,273000,0.0,0.0
2004-07-09 00:00:00-04:00,14.426959254226299,14.630257231555674,14.10748922359836,14.310787200927734,530900,0.0,0.0
2004-07-12 00:00:00-04:00,14.31078050085662,14.361606356256743,13.998572841147894,14.071178436279297,337000,0.0,0.0
2004-07-13 00:00:00-04:00,14.071183388490015,14.274482727050783,14.034880578147906,14.274482727050781,260100,0.0,0.0
2004-07-14 00:00:00-04:00,14.274482554476418,14.303525910289734,13.72993209674757,13.918709754943848,345600,0.0,0.0
2004-07-15 00:00:00-04:00,13.918699993732544,13.918699993732544,13.62827356359313,13.875136375427246,289700,0.0,0.0
2004-07-16 00:00:00-04:00,13.853359534813258,13.853359534813258,13.337852583769337,13.475804328918457,332000,0.0,0.0
2004-07-19 00:00:00-04:00,13.395940033220763,13.613759633410025,13.337854714179409,13.5919771194458,201800,0.0,0.0
2004-07-20 00:00:00-04:00,13.54115112386235,13.795274885569135,13.54115112386235,13.766231536865234,198000,0.0,0.0
2004-07-21 00:00:00-04:00,13.940490867811608,14.042139833193962,13.577457265888006,13.599238395690918,230100,0.0,0.0
2004-07-22 00:00:00-04:00,13.577453486766899,13.664580751454293,13.069206031593117,13.432239532470703,236600,0.0,0.0
2004-07-23 00:00:00-04:00,13.359635353088379,13.483066824630209,13.221682206103228,13.359635353088379,384800,0.0,0.0
2004-07-26 00:00:00-04:00,13.359631741432635,13.577452659606932,13.025641605706658,13.577452659606934,273700,0.0,0.0
2004-07-27 00:00:00-04:00,14.811767124348265,15.668526440708623,14.666554549370737,15.62496280670166,773500,0.0,0.0
2004-07-28 00:00:00-04:00,16.19129256754462,16.2203359105236,14.572163587762722,15.232884407043457,708400,0.0,0.0
2004-07-29 00:00:00-04:00,15.232889444729649,16.118692310453877,15.17480412442505,15.973478317260742,594100,0.0,0.0
2004-07-30 00:00:00-04:00,15.980731535804033,16.278418833535895,15.850039281216851,16.22759437561035,344700,0.0,0.0
2004-08-02 00:00:00-04:00,16.176776169599396,16.198557297206705,15.762916741839586,15.893609046936035,252000,0.0,0.0
2004-08-03 00:00:00-04:00,15.893609772585405,15.893609772585405,15.4579705821916,15.537837028503418,242700,0.0,0.0
2004-08-04 00:00:00-04:00,15.53783563575481,15.784698560110554,15.392623046927547,15.530574798583984,260100,0.0,0.0
2004-08-05 00:00:00-04:00,15.508792532241916,15.595919802162946,15.051369518136058,15.080412864685059,221200,0.0,0.0
2004-08-06 00:00:00-04:00,14.717381304515895,15.312756139531865,14.622991800508093,14.978764533996582,265700,0.0,0.0
2004-08-09 00:00:00-04:00,14.942459620454496,15.356317611472821,14.927937947294526,14.935198783874512,156000,0.0,0.0
2004-08-10 00:00:00-04:00,15.051377778544886,15.71209904165497,15.029596641542325,15.57414722442627,184900,0.0,0.0
2004-08-11 00:00:00-04:00,15.465232966416606,15.552361651927589,15.094939861369486,15.145764350891113,224500,0.0,0.0
2004-08-12 00:00:00-04:00,15.145759456738874,15.145759456738874,14.586687482930776,14.760943412780762,207700,0.0,0.0
2004-08-13 00:00:00-04:00,14.811761769343947,14.869847055307552,14.557638123929753,14.739154815673828,123800,0.0,0.0
2004-08-16 00:00:00-04:00,14.666558121597408,15.39262532791682,14.65203644510383,15.31275749206543,198500,0.0,0.0
2004-08-17 00:00:00-04:00,15.21110321662402,15.494268885088196,15.116713737227421,15.160277366638184,269000,0.0,0.0
2004-08-18 00:00:00-04:00,15.167547159596232,15.559624210423948,14.956988339045651,15.479756355285645,142200,0.0,0.0
2004-08-19 00:00:00-04:00,15.320020318164909,15.53783995437865,15.174806304113432,15.298237800598145,130100,0.0,0.0
2004-08-20 00:00:00-04:00,15.29823405570847,15.59592146526529,15.189324264261876,15.523314476013184,286800,0.0,0.0
2004-08-23 00:00:00-04:00,15.537844646444038,15.646754497439135,15.182071727932646,15.465237617492676,164100,0.0,0.0
2004-08-24 00:00:00-04:00,15.472486350805422,15.668524760104129,15.40714021437252,15.501529693603516,174000,0.0,0.0
2004-08-25 00:00:00-04:00,15.44345116458636,15.566882655875455,15.20384902089146,15.399886131286621,125300,0.0,0.0
2004-08-26 00:00:00-04:00,15.349054940568571,15.349054940568571,15.116713737227421,15.160277366638184,179800,0.0,0.0
2004-08-27 00:00:00-04:00,15.10219792352671,15.349060894043685,15.000548953853842,15.290975570678711,108600,0.0,0.0
2004-08-30 00:00:00-04:00,15.211105154429589,15.392621915771885,15.029588393087295,15.080412864685059,109800,0.0,0.0
2004-08-31 00:00:00-04:00,15.080414612173374,15.232888044634986,14.83355167735283,15.102195739746094,118400,0.0,0.0
2004-09-01 00:00:00-04:00,15.102194005409695,15.428924730110165,14.789986338861787,14.993284225463867,146400,0.0,0.0
2004-09-02 00:00:00-04:00,14.99329414049468,15.835532360178316,14.95699131812676,15.813751220703125,172400,0.0,0.0
2004-09-03 00:00:00-04:00,15.59592022432841,15.726612517610645,15.232886691816875,15.494271278381348,166400,0.0,0.0
2004-09-07 00:00:00-04:00,15.465226841001178,16.053342119318753,15.465226841001178,15.842782020568848,161200,0.0,0.0
2004-09-08 00:00:00-04:00,15.77017541991277,16.009777484826397,15.624962844583184,15.777436256408691,169700,0.0,0.0
2004-09-09 00:00:00-04:00,15.784699830776994,15.8500459857117,15.610443879238842,15.719353675842285,130600,0.0,0.0
2004-09-10 00:00:00-04:00,15.770176109378719,15.879087276716161,15.58139850682031,15.661266326904297,171200,0.0,0.0
2004-09-13 00:00:00-04:00,15.7342823393725,15.821898448528218,15.522545613879965,15.559051513671875,187200,0.12,0.0
2004-09-14 00:00:00-04:00,15.559047949367857,15.559047949367857,15.047958506308664,15.332708358764648,241600,0.0,0.0
2004-09-15 00:00:00-04:00,15.332707841456635,15.39111810133872,15.157477061810384,15.201284408569336,153200,0.0,0.0
2004-09-16 00:00:00-04:00,15.223190681585486,15.369215653242744,15.223190681585486,15.361915588378906,139400,0.0,0.0
2004-09-17 00:00:00-04:00,15.515244961684653,15.566353781093637,15.215892111479842,15.383821487426758,148100,0.0,0.0
2004-09-20 00:00:00-04:00,15.51524092431866,15.719677541367115,15.442227747329174,15.580952644348145,143000,0.0,0.0
2004-09-21 00:00:00-04:00,15.559042781090142,15.79268375089228,15.551741326707571,15.675863265991211,99600,0.0,0.0
2004-09-22 00:00:00-04:00,15.588255747126667,15.588255747126667,14.967645766107397,15.040658950805664,146000,0.0,0.0
2004-09-23 00:00:00-04:00,15.099078364241045,15.099078364241045,14.6098915408986,14.653698921203613,211100,0.0,0.0
2004-09-24 00:00:00-04:00,14.675590765829694,14.967642039293851,14.551468800531138,14.660987854003906,236400,0.0,0.0
2004-09-27 00:00:00-04:00,14.66829445798203,14.836223825085044,14.062287330627441,14.062287330627441,358800,0.0,0.0
2004-09-28 00:00:00-04:00,14.069579260330235,14.274014388743838,13.8067325036729,13.9527587890625,561700,0.0,0.0
2004-09-29 00:00:00-04:00,14.120692005863976,14.807013511657715,14.120692005863976,14.807013511657715,332300,0.0,0.0
2004-09-30 00:00:00-04:00,14.61718564785085,14.792416473508272,14.434653363714682,14.63908863067627,195400,0.0,0.0
2004-10-01 00:00:00-04:00,14.7851114371923,15.172080287258586,14.748605546243423,15.077162742614746,213900,0.0,0.0
2004-10-04 00:00:00-04:00,15.25969977486684,15.522546728598984,14.82892344185512,14.974949836730957,455600,0.0,0.0
2004-10-05 00:00:00-04:00,14.982248681569184,15.215889758515104,14.894632581409128,15.040658950805664,177900,0.0,0.0
2004-10-06 00:00:00-04:00,15.004149002830294,15.201284148792372,14.931137223683232,15.13557243347168,113700,0.0,0.0
2004-10-07 00:00:00-04:00,15.186682708542392,15.223189994266386,14.807016685286749,14.894631385803223,183800,0.0,0.0
2004-10-08 00:00:00-04:00,14.894636886423609,14.953047172542483,14.51496933034539,14.646392822265625,159700,0.0,0.0
2004-10-11 00:00:00-04:00,14.73399749098376,14.73399749098376,14.493055074017454,14.61717700958252,132200,0.0,0.0
2004-10-12 00:00:00-04:00,13.689922451300449,14.441956025965153,13.58040335021223,13.945467948913574,356100,0.0,0.0
2004-10-13 00:00:00-04:00,14.054987050001793,14.46385901061624,13.865153291563782,13.945467948913574,239100,0.0,0.0
2004-10-14 00:00:00-04:00,13.901656464622143,13.901656464622143,13.616905215099411,13.697219848632812,168900,0.0,0.0
2004-10-15 00:00:00-04:00,13.697224027275098,13.938166608769668,13.57310200695299,13.755634307861328,122800,0.0,0.0
2004-10-18 00:00:00-04:00,13.726429217047382,14.054987933578026,13.609608649527821,13.9746732711792,113800,0.0,0.0
2004-10-19 00:00:00-04:00,13.945462088784648,14.230211910479309,13.835943033718268,13.872448921203613,145400,0.0,0.0
2004-10-20 00:00:00-04:00,13.79944541341041,13.89436301549239,13.697227742809492,13.784842491149902,107800,0.0,0.0
2004-10-21 00:00:00-04:00,13.72642377919747,13.90895601771132,13.587700280606475,13.857847213745117,146000,0.0,0.0
2004-10-22 00:00:00-04:00,13.908953939535216,14.003871469242382,13.60960122450847,13.653409957885742,171800,0.0,0.0
2004-10-25 00:00:00-04:00,13.660720437158226,13.865157170971376,13.288355667794509,13.784842491149902,208200,0.0,0.0
2004-10-26 00:00:00-04:00,13.792138085341124,14.660992093687273,13.25914418306093,14.347036361694336,581000,0.0,0.0
2004-10-27 00:00:00-04:00,14.274022794213742,14.529568247822342,14.04038171409526,14.368940353393555,329500,0.0,0.0
2004-10-28 00:00:00-04:00,14.332437451510405,14.609887363538625,14.113399220002746,14.493066787719727,232900,0.0,0.0
2004-10-29 00:00:00-04:00,14.500361826453974,14.770508766174316,14.3835413023678,14.770508766174316,132900,0.0,0.0
2004-11-01 00:00:00-05:00,14.770506172911267,14.858122246898361,14.485756369521154,14.836217880249023,203700,0.0,0.0
2004-11-02 00:00:00-05:00,14.894629364017376,15.164777671262977,14.748604418774386,14.982245445251465,159200,0.0,0.0
2004-11-03 00:00:00-05:00,15.113673593750956,15.281602959932215,14.858128118955978,15.091769218444824,232900,0.0,0.0
2004-11-04 00:00:00-05:00,15.135579361463865,15.32541313788156,14.807022027080633,15.303508758544922,241500,0.0,0.0
2004-11-05 00:00:00-05:00,15.3692139491161,15.77808716668636,15.332708058402185,15.748881340026855,246400,0.0,0.0
2004-11-08 00:00:00-05:00,15.734281622089075,15.734281622089075,15.361917004832101,15.624762535095215,199200,0.0,0.0
2004-11-09 00:00:00-05:00,15.624765990750332,15.770792400778609,15.45683659404555,15.56635570526123,207400,0.0,0.0
2004-11-10 00:00:00-05:00,15.624770082962382,15.624770082962382,15.34002004070182,15.551756858825684,155300,0.0,0.0
2004-11-11 00:00:00-05:00,15.624754477923247,15.697767629138923,15.274293023220041,15.675863265991211,121200,0.0,0.0
2004-11-12 00:00:00-05:00,15.573652933913282,15.88760865534963,15.529845579850972,15.8803071975708,231800,0.0,0.0
2004-11-15 00:00:00-05:00,15.770788409224988,16.062839762752898,15.639364951984751,16.048236846923828,199900,0.0,0.0
2004-11-16 00:00:00-05:00,16.062839464209546,16.062839464209546,15.741582284994365,15.8803071975708,213900,0.0,0.0
2004-11-17 00:00:00-05:00,16.02633855144491,16.537428221394432,15.989831251198517,16.391403198242188,450800,0.0,0.0
2004-11-18 00:00:00-05:00,16.43520657241758,16.654244750228507,16.39139921537755,16.610437393188477,298000,0.0,0.0
2004-11-19 00:00:00-05:00,16.61043368630009,16.61043368630009,16.179657492477318,16.23076629638672,203400,0.0,0.0
2004-11-22 00:00:00-05:00,16.25267469966058,16.522821699539882,16.201565883067786,16.457111358642578,142400,0.0,0.0
2004-11-23 00:00:00-05:00,16.39139147990732,16.50091051712826,15.931409573925217,16.325679779052734,232700,0.0,0.0
2004-11-24 00:00:00-05:00,16.87327620723954,17.523090362548828,16.829467478653896,17.523090362548828,763500,0.0,0.0
2004-11-26 00:00:00-05:00,17.45007877606044,17.931963692937163,17.45007877606044,17.756732940673828,223700,0.0,0.0
2004-11-29 00:00:00-05:00,17.93927174320183,18.318939208984375,17.545002753820523,18.318939208984375,599700,0.0,0.0
2004-11-30 00:00:00-05:00,18.318936410803737,18.399251045077346,17.771339670088466,18.12910270690918,4235400,0.0,0.0
2004-12-01 00:00:00-05:00,18.03418591420644,18.253224045710777,18.004980087280273,18.004980087280273,554200,0.0,0.0
2004-12-02 00:00:00-05:00,18.026886870369054,18.20941913525806,17.83705314777121,18.05609130859375,363700,0.0,0.0
2004-12-03 00:00:00-05:00,18.06339309804765,18.567182548324688,17.90276520333514,18.486867904663086,297400,0.0,0.0
2004-12-06 00:00:00-05:00,18.143703681987752,18.33353736559601,17.544998198936526,17.83704948425293,412400,0.0,0.0
2004-12-07 00:00:00-05:00,17.851656334665936,18.048790125359847,17.61071379705277,17.910066604614258,243300,0.0,0.0
2004-12-08 00:00:00-05:00,17.910069371463084,18.07069729048301,17.79324881351934,18.019588470458984,328200,0.0,0.0
2004-12-09 00:00:00-05:00,17.888156679352857,18.129099142186668,17.720227379446616,18.1144962310791,236800,0.0,0.0
2004-12-10 00:00:00-05:00,18.114502616548624,18.114502616548624,17.734836542189157,17.94657325744629,173200,0.0,0.0
2004-12-13 00:00:00-05:00,17.946576226990537,18.107993595149228,17.675103852357854,17.851194381713867,184200,0.12,0.0
2004-12-14 00:00:00-05:00,18.012610447913175,18.34278106689453,17.917228602120304,18.34278106689453,228200,0.0,0.0
2004-12-15 00:00:00-05:00,18.196032078405562,18.342774836877645,18.122662098612178,18.2694034576416,135300,0.0,0.0
2004-12-16 00:00:00-05:00,18.269409662738326,18.599580281719682,17.902554041400435,18.34278106689453,362800,0.0,0.0
2004-12-17 00:00:00-05:00,18.350107844066972,18.62891734094453,18.14466830990718,18.30608558654785,161100,0.0,0.0
2004-12-20 00:00:00-05:00,18.306081313384514,18.357440835075096,17.88786506652832,17.88786506652832,168200,0.0,0.0
2004-12-21 00:00:00-05:00,17.939230892914424,18.276737213134766,17.851184974911245,18.276737213134766,141200,0.0,0.0
2004-12-22 00:00:00-05:00,18.203372490700904,18.372127111834356,18.107990660880173,18.31342887878418,186000,0.0,0.0
2004-12-23 00:00:00-05:00,18.269403984856396,18.313426253891343,18.027279406000137,18.100650787353516,100700,0.0,0.0
2004-12-27 00:00:00-05:00,18.107993595149228,18.218050001066345,17.763148417314298,17.851194381713867,171600,0.0,0.0
2004-12-28 00:00:00-05:00,17.997930809727475,18.32076263272839,17.968581698849594,18.247392654418945,118300,0.0,0.0
2004-12-29 00:00:00-05:00,18.12266173207321,18.291414921293136,18.049290354321137,18.247392654418945,78500,0.0,0.0
2004-12-30 00:00:00-05:00,18.159348659331265,18.570226459375185,18.159348659331265,18.504192352294922,94100,0.0,0.0
2004-12-31 00:00:00-05:00,18.504190235069085,18.54087662338428,18.137334748572883,18.19603157043457,178700,0.0,0.0
2005-01-03 00:00:00-05:00,18.232714047532625,18.372119494340353,17.667756383654957,17.71177864074707,562700,0.0,0.0
2005-01-04 00:00:00-05:00,17.711786510445872,17.785157904494643,17.27156094503914,17.35226821899414,383800,0.0,0.0
2005-01-05 00:00:00-05:00,17.38896089972351,17.396296782280764,17.000093350347015,17.05879020690918,474200,0.0,0.0
2005-01-06 00:00:00-05:00,16.970737091362764,17.286233087606547,16.890029822154556,16.948726654052734,313300,0.0,0.0
2005-01-07 00:00:00-05:00,16.978075292244117,17.132155358995664,16.735950672585634,16.801984786987305,272600,0.0,0.0
2005-01-10 00:00:00-05:00,16.691926956176758,16.963400669680407,16.647904683520938,16.691926956176758,262800,0.0,0.0
2005-01-11 00:00:00-05:00,16.581875297351758,16.801988122762037,16.574538016578988,16.72861671447754,347800,0.0,0.0
2005-01-12 00:00:00-05:00,16.728614817607234,17.000088577644295,16.515839297096502,16.91204261779785,360300,0.0,0.0
2005-01-13 00:00:00-05:00,16.912031144594934,16.94871751941068,16.581862167905868,16.838661193847656,312400,0.0,0.0
2005-01-14 00:00:00-05:00,16.787300269105614,16.94871751941068,16.735940743805678,16.838661193847656,179400,0.0,0.0
2005-01-18 00:00:00-05:00,16.912041891069347,17.15416652093889,16.68459182045081,17.124818801879883,358900,0.0,0.0
2005-01-19 00:00:00-05:00,17.02210519634912,17.227543494594972,16.882699637222686,17.05879020690918,220100,0.0,0.0
2005-01-20 00:00:00-05:00,17.05877860929988,17.073453163324615,16.801979511636972,16.93404769897461,247300,0.0,0.0
2005-01-21 00:00:00-05:00,16.919378164123877,16.941390001690845,16.757962220294836,16.794647216796875,218800,0.0,0.0
2005-01-24 00:00:00-05:00,16.77262934269698,16.83866342667943,16.574527090749623,16.618549346923828,185600,0.0,0.0
2005-01-25 00:00:00-05:00,16.515833564280843,16.912036747455993,16.44979946717789,16.545181274414062,91900,0.0,0.0
2005-01-26 00:00:00-05:00,16.618561917676224,16.85334932746157,16.5672023467161,16.83133888244629,141200,0.0,0.0
2005-01-27 00:00:00-05:00,16.757956601326004,17.146823871297194,16.61855114236389,16.978069305419922,108200,0.0,0.0
2005-01-28 00:00:00-05:00,16.948730847878206,16.97807857136772,16.57453792714525,16.603885650634766,286300,0.0,0.0
2005-01-31 00:00:00-05:00,16.787309637354205,17.19818886793128,16.743287362450552,17.13949203491211,243200,0.0,0.0
2005-02-01 00:00:00-05:00,17.24220621085161,17.374274397228504,17.00741894593379,17.29356575012207,92400,0.0,0.0
2005-02-02 00:00:00-05:00,17.168839459944177,17.271559965564325,17.05144579590075,17.13215446472168,119100,0.0,0.0
2005-02-03 00:00:00-05:00,17.095468223498138,17.4403133392334,17.088132343942085,17.4403133392334,177300,0.0,0.0
2005-02-04 00:00:00-05:00,17.609064739042175,17.98325753267995,17.609064739042175,17.807167053222656,175600,0.0,0.0
2005-02-07 00:00:00-05:00,17.90254873718982,17.946571006863266,17.667761433007826,17.682435989379883,110300,0.0,0.0
2005-02-08 00:00:00-05:00,17.58705094808046,17.719119142843937,17.499006417866525,17.623737335205078,124700,0.0,0.0
2005-02-09 00:00:00-05:00,17.66042291910981,17.68243475212771,17.264219720885983,17.46965789794922,211100,0.0,0.0
2005-02-10 00:00:00-05:00,17.462324271991413,17.623741615659632,17.42563927539932,17.51368522644043,217800,0.0,0.0
2005-02-11 00:00:00-05:00,17.46232335473671,17.946572561419064,17.42563836007159,17.733797073364258,139700,0.0,0.0
2005-02-14 00:00:00-05:00,17.755808909829035,17.82917889915927,17.587054295818096,17.733797073364258,113500,0.0,0.0
2005-02-15 00:00:00-05:00,17.73378914932235,17.792485954224578,17.535686907986502,17.726451873779297,179500,0.0,0.0
2005-02-16 00:00:00-05:00,17.653084164602923,17.814501461011645,17.543027807605846,17.60172462463379,208800,0.0,0.0
2005-02-17 00:00:00-05:00,17.719123315024536,17.755809710787407,17.35226775405325,17.462324142456055,151800,0.0,0.0
2005-02-18 00:00:00-05:00,17.51368452266207,17.594391791810086,17.330256748186713,17.374279022216797,100300,0.0,0.0
2005-02-22 00:00:00-05:00,17.366942442130366,17.366942442130366,16.816659096561523,16.904705047607422,233900,0.0,0.0
2005-02-23 00:00:00-05:00,16.98541424452561,17.242213448109474,16.9413919637362,17.088134765625,206800,0.0,0.0
2005-02-24 00:00:00-05:00,17.088139334911986,17.117487063471344,16.82400278066052,17.05879020690918,159100,0.0,0.0
2005-02-25 00:00:00-05:00,17.058780962331998,17.124815065109342,16.948724590850652,17.066118240356445,208500,0.0,0.0
2005-02-28 00:00:00-05:00,17.09547010190943,17.09547010190943,16.170995237551267,16.281051635742188,407100,0.0,0.0
2005-03-01 00:00:00-05:00,16.398442474715107,16.6258925115242,16.361756082040873,16.501161575317383,255500,0.0,0.0
2005-03-02 00:00:00-05:00,16.50116282617421,16.728612880224965,16.14898182646151,16.47181510925293,156500,0.0,0.0
2005-03-03 00:00:00-05:00,16.501159304434015,16.581867957767443,16.259034743876317,16.310394287109375,257200,0.0,0.0
2005-03-04 00:00:00-05:00,16.361753537893097,16.655239035880697,16.35441765994172,16.545181274414062,141000,0.0,0.0
2005-03-07 00:00:00-05:00,16.552520070417213,17.000084236411716,16.545182792350108,16.765296936035156,225700,0.0,0.0
2005-03-08 00:00:00-05:00,16.743285338818577,16.86067899066845,16.552520304701858,16.58920669555664,226100,0.0,0.0
2005-03-09 00:00:00-05:00,16.55985575374968,16.919373947759578,16.523170766389665,16.772632598876953,310900,0.0,0.0
2005-03-10 00:00:00-05:00,16.728616624212417,17.00742769430044,16.537852922922557,16.603885650634766,254900,0.0,0.0
2005-03-11 00:00:00-05:00,16.52274441973886,16.721902840846653,15.881013605373742,15.976903915405273,332400,0.12,0.0
2005-03-14 00:00:00-05:00,16.161312103271484,16.24982744005888,16.035916196849744,16.161312103271484,570100,0.0,0.0
2005-03-15 00:00:00-05:00,16.19818233607144,16.441599005175078,16.19818233607144,16.419469833374023,322900,0.0,0.0
2005-03-16 00:00:00-05:00,16.33833228509685,16.471104512998853,16.205560057194848,16.40471839904785,467500,0.0,0.0
2005-03-17 00:00:00-05:00,16.434225723813405,16.825164651276328,16.375215994749023,16.6555118560791,417700,0.0,0.0
2005-03-18 00:00:00-05:00,16.965318159162653,17.075961257080873,16.3604679107666,16.3604679107666,495400,0.0,0.0
2005-03-21 00:00:00-05:00,16.389971382000606,16.70714928091471,16.389971382000606,16.55962562561035,188500,0.0,0.0
2005-03-22 00:00:00-05:00,16.55962139851656,17.02432283411295,16.55962139851656,16.714521408081055,261000,0.0,0.0
2005-03-23 00:00:00-05:00,16.692392766597543,16.854670580176705,16.522739967767464,16.537492752075195,218800,0.0,0.0
2005-03-24 00:00:00-05:00,16.48586634350092,16.869430455310006,16.419480193114595,16.544876098632812,244100,0.0,0.0
2005-03-28 00:00:00-05:00,16.69239924869741,17.053835570077396,16.69239924869741,16.891557693481445,215300,0.0,0.0
2005-03-29 00:00:00-05:00,16.928434740070497,17.08333476964743,16.744029139010486,16.810415267944336,198000,0.0,0.0
2005-03-30 00:00:00-05:00,16.810420162086963,16.935814656687842,16.795667372050332,16.891557693481445,107800,0.0,0.0
2005-03-31 00:00:00-05:00,16.891554379991472,17.03170304404056,16.648139019750012,16.751405715942383,188200,0.0,0.0
2005-04-01 00:00:00-05:00,16.780910810141673,16.950563636719313,16.35308984356584,16.50798988342285,172400,0.0,0.0
2005-04-04 00:00:00-04:00,16.485860280303235,16.73665199910307,16.323582458195684,16.66288948059082,173100,0.0,0.0
2005-04-05 00:00:00-04:00,16.626013563325206,16.965319273481192,16.626013563325206,16.78829002380371,162800,0.0,0.0
2005-04-06 00:00:00-04:00,16.78091093579225,16.913683203465666,16.559624760938682,16.62601089477539,239100,0.0,0.0
2005-04-07 00:00:00-04:00,16.64075939039664,16.921056663991244,16.596502444477526,16.766155242919922,155500,0.0,0.0
2005-04-08 00:00:00-04:00,16.744026048302775,16.77353020743673,16.382589898866378,16.397342681884766,161900,0.0,0.0
2005-04-11 00:00:00-04:00,16.40472744336207,16.448984408095058,16.176064817520825,16.198192596435547,101100,0.0,0.0
2005-04-12 00:00:00-04:00,16.146550325781767,16.692390612605926,16.109669776674462,16.633380889892578,217400,0.0,0.0
2005-04-13 00:00:00-04:00,16.522746883533767,16.522746883533767,15.984282693048314,16.028539657592773,181200,0.0,0.0
2005-04-14 00:00:00-04:00,16.04328980420027,16.14655650675388,15.762993865739052,15.777745246887207,160000,0.0,0.0
2005-04-15 00:00:00-04:00,15.74823134467384,15.74823134467384,15.180262017849298,15.254024505615234,240900,0.0,0.0
2005-04-18 00:00:00-04:00,15.305670402211131,15.807254042906239,15.11388833918632,15.748244285583496,167600,0.0,0.0
2005-04-19 00:00:00-04:00,14.826209934469533,15.41630726834868,14.472151534142045,14.47952651977539,820900,0.0,0.0
2005-04-20 00:00:00-04:00,14.494282180592878,14.604925276784536,14.103343146922137,14.184480667114258,376300,0.0,0.0
2005-04-21 00:00:00-04:00,14.43526505233972,14.686056692450997,14.354126166744136,14.61229419708252,379700,0.0,0.0
2005-04-22 00:00:00-04:00,14.619675509078684,14.634428294499477,14.280369885818777,14.45002269744873,313400,0.0,0.0
2005-04-25 00:00:00-04:00,14.619673235698366,15.283533000469289,14.509030176053685,15.07699966430664,493500,0.0,0.0
2005-04-26 00:00:00-04:00,14.973738221486439,15.718737216526199,14.958986838728881,15.180273056030273,349500,0.0,0.0
2005-04-27 00:00:00-04:00,15.010609591881414,15.504816441181376,14.899966561390892,15.136005401611328,284900,0.0,0.0
2005-04-28 00:00:00-04:00,15.121263322907065,15.18027307472032,14.693442270535101,14.73032283782959,161200,0.0,0.0
2005-04-29 00:00:00-04:00,14.848337868436174,14.885219831523532,14.2803697059212,14.509032249450684,294900,0.0,0.0
2005-05-02 00:00:00-04:00,14.427891792995338,14.95160435754593,14.427891792995338,14.811455726623535,128100,0.0,0.0
2005-05-03 00:00:00-04:00,14.745076124183743,15.224530549679374,14.708195555646967,15.040124893188477,268200,0.0,0.0
2005-05-04 00:00:00-04:00,14.899976935947233,15.1876492969036,14.848342172657102,15.047500610351562,204600,0.0,0.0
2005-05-05 00:00:00-04:00,15.06225109100342,15.364676195113168,14.95160800043455,15.062251091003418,149600,0.0,0.0
2005-05-06 00:00:00-04:00,15.106505916872756,15.224525384434026,14.944229500701768,15.01799201965332,154300,0.0,0.0
2005-05-09 00:00:00-04:00,14.95898898462039,15.04012652558837,14.863097244971424,15.032750129699707,123300,0.0,0.0
2005-05-10 00:00:00-04:00,14.936856393622437,15.025371717214705,14.818836900101639,14.914727210998535,136900,0.0,0.0
2005-05-11 00:00:00-04:00,14.899970227197652,14.97373132773697,14.700811879174747,14.840960502624512,129500,0.0,0.0
2005-05-12 00:00:00-04:00,14.848336234218277,14.936851528982851,14.678683443397633,14.708189010620117,106900,0.0,0.0
2005-05-13 00:00:00-04:00,14.745075627508767,14.936857672627712,14.649185308401025,14.73032283782959,109000,0.0,0.0
2005-05-16 00:00:00-04:00,14.730322015042765,15.187648621228341,14.722945620615196,15.158143043518066,115800,0.0,0.0
2005-05-17 00:00:00-04:00,15.165517484475771,15.504824549920883,15.12126053051448,15.438438415527344,233400,0.0,0.0
2005-05-18 00:00:00-04:00,15.408931641475975,15.56383307863063,15.180269089098532,15.534327507019043,172300,0.0,0.0
2005-05-19 00:00:00-04:00,15.490069369869655,15.674474957606197,15.42368324573226,15.578584671020508,184900,0.0,0.0
2005-05-20 00:00:00-04:00,15.490073874309845,15.497450268792685,14.995866699186681,15.379430770874023,167500,0.0,0.0
2005-05-23 00:00:00-04:00,15.416306892378962,15.490069409040705,15.30566382083784,15.401554107666016,131300,0.0,0.0
2005-05-24 00:00:00-04:00,15.401562074628231,15.630226135253906,15.121266054604897,15.630226135253906,154500,0.0,0.0
2005-05-25 00:00:00-04:00,15.593339741456575,15.600716135541202,15.165518732871494,15.357300758361816,110100,0.0,0.0
2005-05-26 00:00:00-04:00,15.34992076807369,15.519574978466597,15.254030481245515,15.401554107666016,99800,0.0,0.0
2005-05-27 00:00:00-04:00,15.416308585501367,15.615466980290089,15.327794681308474,15.549080848693848,62000,0.0,0.0
2005-05-31 00:00:00-04:00,15.490069620015351,15.792494676234838,15.38680293942421,15.72610855102539,100900,0.0,0.0
2005-06-01 00:00:00-04:00,15.726112323585564,15.984280493898762,15.711359535132617,15.814627647399902,104900,0.0,0.0
2005-06-02 00:00:00-04:00,15.81462168674931,16.087541135746708,15.777739729518032,15.999027252197266,80500,0.0,0.0
2005-06-03 00:00:00-04:00,15.895763261463678,15.976902181309109,15.600714562348259,15.622843742370605,95200,0.0,0.0
2005-06-06 00:00:00-04:00,15.63022024726749,15.844130028064198,15.615467460480632,15.792496681213379,111400,0.0,0.0
2005-06-07 00:00:00-04:00,15.836747730740132,16.065411619981113,15.836747730740132,15.94001579284668,77400,0.0,0.0
2005-06-08 00:00:00-04:00,15.947396920075773,16.139177506157864,15.88101079146925,16.080167770385742,103200,0.0,0.0
2005-06-09 00:00:00-04:00,16.094911834786554,16.094911834786554,15.86624940843661,16.01377296447754,67500,0.0,0.0
2005-06-10 00:00:00-04:00,15.969516038355492,16.161297927420783,15.969516038355492,16.01377296447754,65000,0.0,0.0
2005-06-13 00:00:00-04:00,16.006364151923588,16.176959909144433,15.969278609822622,16.162126541137695,70900,0.12,0.0
2005-06-14 00:00:00-04:00,16.125037787401983,16.73324966430664,16.10278561578745,16.73324966430664,169200,0.0,0.0
2005-06-15 00:00:00-04:00,16.75550202474137,16.75550202474137,16.466230864105558,16.614574432373047,208800,0.0,0.0
2005-06-16 00:00:00-04:00,16.547825882940558,16.65908395686995,16.35497789459214,16.63683319091797,101300,0.0,0.0
2005-06-17 00:00:00-04:00,16.800000126687475,16.85933781988978,16.525563826147632,16.577484130859375,177300,0.0,0.0
2005-06-20 00:00:00-04:00,16.540406064316368,16.540406064316368,16.39206245906758,16.436565399169922,99900,0.0,0.0
2005-06-21 00:00:00-04:00,16.443981931001595,16.51073704502278,16.3475586633726,16.4143123626709,80700,0.0,0.0
2005-06-22 00:00:00-04:00,16.414311707110414,16.488484210251947,16.354973987541758,16.3846435546875,78000,0.0,0.0
2005-06-23 00:00:00-04:00,16.384650275833792,16.384650275833792,16.095378951114963,16.110212326049805,74300,0.0,0.0
2005-06-24 00:00:00-04:00,16.095373112385037,16.102789089800545,15.62808731072582,15.783849716186523,149600,0.0,0.0
2005-06-27 00:00:00-04:00,15.724507331848146,15.828347961553664,15.63550006729879,15.724507331848145,150000,0.0,0.0
2005-06-28 00:00:00-04:00,15.843184750359269,16.31046905800856,15.843184750359269,16.258548736572266,124700,0.0,0.0
2005-06-29 00:00:00-04:00,16.221466360685223,16.317889631484086,16.021201012038052,16.117624282836914,154700,0.0,0.0
2005-06-30 00:00:00-04:00,16.087955135260177,16.214047967582303,15.769014358520508,15.769014358520508,100500,0.0,0.0
2005-07-01 00:00:00-04:00,15.872847842103333,15.90251739617008,15.61324490290811,15.843179702758789,102400,0.0,0.0
2005-07-05 00:00:00-04:00,15.850606592640585,16.82226243521316,15.813519627826027,16.65166664123535,154900,0.0,0.0
2005-07-06 00:00:00-04:00,16.651660838304952,16.9928523073589,16.57748834924723,16.89642906188965,185900,0.0,0.0
2005-07-07 00:00:00-04:00,16.762924601514207,17.067030637478556,16.636831751378523,17.02252769470215,141500,0.0,0.0
2005-07-08 00:00:00-04:00,16.98543334654027,17.393381291278384,16.874175330601666,17.348876953125,148300,0.0,0.0
2005-07-11 00:00:00-04:00,17.41563760227391,17.62332033575243,17.304379550837265,17.393386840820312,153700,0.0,0.0
2005-07-12 00:00:00-04:00,17.393386840820312,17.497227500198132,17.163451931165312,17.393386840820312,172200,0.0,0.0
2005-07-13 00:00:00-04:00,17.393385015950567,17.51947783827553,17.193119695542205,17.408218383789062,154100,0.0,0.0
2005-07-14 00:00:00-04:00,17.4156386105722,17.65298951130485,17.408221218083934,17.55656623840332,149500,0.0,0.0
2005-07-15 00:00:00-04:00,17.50463684302179,17.512054231669847,17.20053098206263,17.44529914855957,115900,0.0,0.0
2005-07-18 00:00:00-04:00,17.44530688275629,17.534312756548342,17.282127089599435,17.385969161987305,100600,0.0,0.0
2005-07-19 00:00:00-04:00,17.393382480685286,17.793911648398016,17.34146074928912,17.749408721923828,120500,0.0,0.0
2005-07-20 00:00:00-04:00,17.65299399122203,18.009021847395513,17.512067742350084,17.823591232299805,135700,0.0,0.0
2005-07-21 00:00:00-04:00,17.727165498369814,17.727165498369814,17.296966552734375,17.296966552734375,128900,0.0,0.0
2005-07-22 00:00:00-04:00,17.245047412500586,17.593656463796968,17.17829227708078,17.57882308959961,153500,0.0,0.0
2005-07-25 00:00:00-04:00,17.652991599290992,17.875509156089326,17.608488653820576,17.623323440551758,140900,0.0,0.0
2005-07-26 00:00:00-04:00,17.62331193867552,17.712317771526585,17.39337855330103,17.437881469726562,160800,0.0,0.0
2005-07-27 00:00:00-04:00,17.393391668505814,17.430477224370485,17.1337885332833,17.245046615600586,249500,0.0,0.0
2005-07-28 00:00:00-04:00,17.282128268082346,17.65298940185856,17.282128268082346,17.615903854370117,226300,0.0,0.0
2005-07-29 00:00:00-04:00,17.556567165383928,17.593652715060397,17.178288616847183,17.282129287719727,212000,0.0,0.0
2005-08-01 00:00:00-04:00,17.304382095207284,17.519482252372132,17.252461757884205,17.423057556152344,319500,0.0,0.0
2005-08-02 00:00:00-04:00,17.423053139960462,18.105437574793264,17.34146325072003,18.075769424438477,281400,0.0,0.0
2005-08-03 00:00:00-04:00,17.957102140479716,17.979354326136484,17.697500381434814,17.76425552368164,173200,0.0,0.0
2005-08-04 00:00:00-04:00,17.712323776786008,17.741993340943793,17.423052599861048,17.504642486572266,216100,0.0,0.0
2005-08-05 00:00:00-04:00,17.563981249005266,17.690074074760158,17.37113331463174,17.482391357421875,281900,0.0,0.0
2005-08-08 00:00:00-04:00,17.48239031345393,17.68265562735091,17.408217817782155,17.504642486572266,278300,0.0,0.0
2005-08-09 00:00:00-04:00,17.578819286088372,18.090606660607513,17.578819286088372,17.890342712402344,266700,0.0,0.0
2005-08-10 00:00:00-04:00,17.882921875869812,18.098020568364785,17.793914593467328,17.91259002685547,251300,0.0,0.0
2005-08-11 00:00:00-04:00,17.756838334557294,17.801341291663874,17.556572905492434,17.719751358032227,159900,0.0,0.0
2005-08-12 00:00:00-04:00,17.586235355976196,17.586235355976196,17.126368314322875,17.207958221435547,180900,0.0,0.0
2005-08-15 00:00:00-04:00,17.245042720593904,17.890341715842613,17.08928172347491,17.615903854370117,369500,0.0,0.0
2005-08-16 00:00:00-04:00,17.578817108167225,17.578817108167225,17.3340488331548,17.385969161987305,261100,0.0,0.0
2005-08-17 00:00:00-04:00,17.356301835149537,17.39338879962031,17.15603647117646,17.207958221435547,133600,0.0,0.0
2005-08-18 00:00:00-04:00,16.91126006094583,17.15602825027165,16.84450497160948,17.0076847076416,189000,0.0,0.0
2005-08-19 00:00:00-04:00,17.06702651708561,17.289542591969916,17.02252358505329,17.200536727905273,249500,0.0,0.0
2005-08-22 00:00:00-04:00,17.31179885923933,17.39338876619521,17.11895088853101,17.282129287719727,250400,0.0,0.0
2005-08-23 00:00:00-04:00,17.282126315504453,17.65298740737985,17.282126315504453,17.489809036254883,230400,0.0,0.0
2005-08-24 00:00:00-04:00,17.43047332763672,17.704911189741438,17.20795721274756,17.43047332763672,208400,0.0,0.0
2005-08-25 00:00:00-04:00,17.393386371049598,17.430471915619226,17.21537179589143,17.3192138671875,188900,0.0,0.0
2005-08-26 00:00:00-04:00,17.371139486153048,17.415642436135307,17.163456695030384,17.245046615600586,138900,0.0,0.0
2005-08-29 00:00:00-04:00,17.022523771758607,17.27470941391227,16.985436815722647,17.267292022705078,73400,0.0,0.0
2005-08-30 00:00:00-04:00,17.267286629219317,17.31920693672949,16.985431510275127,17.104106903076172,127000,0.0,0.0
2005-08-31 00:00:00-04:00,17.081863447963972,17.400802818156258,17.029941703552183,17.393386840820312,116100,0.0,0.0
2005-09-01 00:00:00-04:00,17.393376208351768,17.445296506302103,17.11893852882882,17.30436897277832,229000,0.0,0.0
2005-09-02 00:00:00-04:00,17.31921553165575,17.43789098335131,17.067029843121947,17.126367568969727,115900,0.0,0.0
2005-09-06 00:00:00-04:00,17.20796018044348,17.586237358048383,17.170873211750607,17.534317016601562,134300,0.0,0.0
2005-09-07 00:00:00-04:00,17.46014793350923,17.4749813079834,17.193127386847067,17.4749813079834,205900,0.0,0.0
2005-09-08 00:00:00-04:00,17.39338416638468,17.39338416638468,17.22278700470872,17.31179428100586,87000,0.0,0.0
2005-09-09 00:00:00-04:00,17.39338876619521,17.460143887391286,17.215374166523652,17.282129287719727,222800,0.0,0.0
2005-09-12 00:00:00-04:00,17.133792731087595,17.141210127022457,16.985447641837602,17.06703758239746,334400,0.0,0.0
2005-09-13 00:00:00-04:00,17.074484727229137,17.096853560175344,16.73150448822458,16.895538330078125,260500,0.12,0.0
2005-09-14 00:00:00-04:00,16.977561410770395,17.04466650900585,16.776246116064026,16.79115867614746,201800,0.0,0.0
2005-09-15 00:00:00-04:00,16.776239574247043,16.873168332712446,16.656941984379106,16.686765670776367,324300,0.0,0.0
2005-09-16 00:00:00-04:00,16.716588805458443,17.01483274491235,16.649483741313905,16.806062698364258,566900,0.0,0.0
2005-09-19 00:00:00-04:00,16.85080152131258,17.029747912463467,16.701678817617093,17.014835357666016,270100,0.0,0.0
2005-09-20 00:00:00-04:00,17.07449321605111,17.193790873462277,16.776249072523193,16.828441619873047,213500,0.0,0.0
2005-09-21 00:00:00-04:00,16.83589221571285,16.83589221571285,16.08282511877953,16.2170352935791,256600,0.0,0.0
2005-09-22 00:00:00-04:00,16.179753296342657,16.38106711120419,16.01571802672414,16.328874588012695,182600,0.0,0.0
2005-09-23 00:00:00-04:00,16.291593046696054,16.74641457780981,16.135014070109104,16.57492446899414,136800,0.0,0.0
2005-09-26 00:00:00-04:00,16.62711062654112,17.067020857141113,16.62711062654112,16.925355911254883,204500,0.0,0.0
2005-09-27 00:00:00-04:00,16.910440222972085,16.917896495919475,16.55254765432917,16.604740142822266,197600,0.0,0.0
2005-09-28 00:00:00-04:00,16.612212363021424,16.612212363021424,16.090284132776922,16.179758071899414,137100,0.0,0.0
2005-09-29 00:00:00-04:00,16.217033722951356,16.67931301114015,16.015718480249483,16.627119064331055,163600,0.0,0.0
2005-09-30 00:00:00-04:00,16.627113611715316,16.679307541408182,16.3363259712652,16.56746482849121,279900,0.0,0.0
2005-10-03 00:00:00-04:00,16.530191969658933,16.66440214507226,16.36615810089808,16.552560806274414,262900,0.0,0.0
2005-10-04 00:00:00-04:00,16.567472994022904,16.686770619268767,16.41835167353551,16.42580795288086,208600,0.0,0.0
2005-10-05 00:00:00-04:00,16.42580703785414,16.448174452504308,16.1051941545637,16.127561569213867,284000,0.0,0.0
2005-10-06 00:00:00-04:00,16.135011494804083,16.395975466036965,15.888960075559186,16.08281898498535,231000,0.0,0.0
2005-10-07 00:00:00-04:00,16.179753961272077,16.254313899101444,15.769667192512298,15.93370246887207,193800,0.0,0.0
2005-10-10 00:00:00-04:00,15.85913760496115,16.030627699502855,15.620542443487588,15.881505012512207,228700,0.0,0.0
2005-10-11 00:00:00-04:00,15.918795432187297,16.030636799851255,15.568357345462715,15.695111274719238,244000,0.0,0.0
2005-10-12 00:00:00-04:00,15.657825660837409,15.866597181618843,15.35958164696367,15.568351745605469,239400,0.0,0.0
2005-10-13 00:00:00-04:00,15.575808777890314,16.053000645333253,15.501248837416464,15.963526725769043,244800,0.0,0.0
2005-10-14 00:00:00-04:00,16.105188369750977,16.299047285879173,15.732383089998127,16.105188369750977,216900,0.0,0.0
2005-10-17 00:00:00-04:00,16.217030921507945,16.395977298950616,16.023171990410205,16.336328506469727,223300,0.0,0.0
2005-10-18 00:00:00-04:00,16.18721188945094,16.18721188945094,15.71002137050854,15.82931900024414,240700,0.0,0.0
2005-10-19 00:00:00-04:00,15.83677113037568,15.91878876263141,15.531070856509213,15.724929809570312,367200,0.0,0.0
2005-10-20 00:00:00-04:00,15.732374590612402,15.769654529591557,15.456498206895706,15.471410751342773,392200,0.0,0.0
2005-10-21 00:00:00-04:00,15.478872652956488,15.478872652956488,14.85255977978595,14.912208557128906,527500,0.0,0.0
2005-10-24 00:00:00-04:00,15.06134387090164,15.657832145690918,14.89730852872942,15.657832145690918,378300,0.0,0.0
2005-10-25 00:00:00-04:00,16.10519239549686,17.33544984177559,15.657825663539242,16.627119064331055,801500,0.0,0.0
2005-10-26 00:00:00-04:00,16.477996003142255,16.738960020671964,16.29159333664096,16.37360954284668,584900,0.0,0.0
2005-10-27 00:00:00-04:00,16.448174248989595,16.738963435101923,16.142473927341587,16.2170352935791,297400,0.0,0.0
2005-10-28 00:00:00-04:00,16.328877743531176,16.604754390749655,16.1126513310755,16.42580795288086,324400,0.0,0.0
2005-10-31 00:00:00-05:00,16.51526296418292,16.90298054654703,16.477983029091064,16.48543930053711,399100,0.0,0.0
2005-11-01 00:00:00-05:00,16.50035987685626,16.858254000666527,16.284133569565505,16.5972900390625,331200,0.0,0.0
2005-11-02 00:00:00-05:00,16.60475061247517,17.10430983782408,16.574925501880227,16.895538330078125,250800,0.0,0.0
2005-11-03 00:00:00-05:00,17.044651929083436,17.253421903110574,16.6718467787335,16.77623176574707,272500,0.0,0.0
2005-11-04 00:00:00-05:00,16.850797634464357,16.873165039361705,16.530184890970066,16.709131240844727,191300,0.0,0.0
2005-11-07 00:00:00-05:00,16.888074121456366,16.97009171493583,16.73149663078344,16.813512802124023,246100,0.0,0.0
2005-11-08 00:00:00-05:00,16.776234427064267,16.776234427064267,16.358692990634037,16.45562171936035,180500,0.0,0.0
2005-11-09 00:00:00-05:00,16.53018850982259,16.66439865714518,16.388522085188804,16.515275955200195,142200,0.0,0.0
2005-11-10 00:00:00-05:00,16.530193782741414,16.67186025256498,16.20958086678594,16.522737503051758,237900,0.0,0.0
2005-11-11 00:00:00-05:00,16.58983686134964,16.612205692683457,16.313960296790334,16.381065368652344,170700,0.0,0.0
2005-11-14 00:00:00-05:00,16.515274152433694,16.54509925842285,16.217030203238778,16.54509925842285,181600,0.0,0.0
2005-11-15 00:00:00-05:00,16.560012209347974,16.731503743355173,16.239400817562917,16.37360954284668,195100,0.0,0.0
2005-11-16 00:00:00-05:00,16.47054411319942,16.50036780827144,16.127562375962064,16.39598274230957,115600,0.0,0.0
2005-11-17 00:00:00-05:00,16.17975147144896,16.18720632637298,14.457389867555095,14.755635261535645,2050500,0.0,0.0
2005-11-18 00:00:00-05:00,14.763090116459665,14.986774161945077,14.569232601367519,14.755635261535645,2131400,0.0,0.0
2005-11-21 00:00:00-05:00,14.837648148572278,15.106068374304034,14.792911918330026,15.038963317871094,1179600,0.0,0.0
2005-11-22 00:00:00-05:00,15.046425401068086,15.277564339033152,14.912215236398156,15.217915534973145,447100,0.0,0.0
2005-11-23 00:00:00-05:00,15.225371895201166,15.583264721487618,15.225371895201166,15.396862030029297,522900,0.0,0.0
2005-11-25 00:00:00-05:00,15.404317068284485,15.613088577881811,15.203001836402015,15.456509590148926,276500,0.0,0.0
2005-11-28 00:00:00-05:00,15.46396187162809,15.672733327274175,15.404313087463379,15.404313087463379,754900,0.0,0.0
2005-11-29 00:00:00-05:00,15.54598840700781,15.650373483681337,15.299936853320204,15.329760551452637,564100,0.0,0.0
2005-11-30 00:00:00-05:00,15.35957721064371,15.583259800907669,15.329752106800928,15.508698463439941,528100,0.0,0.0
2005-12-01 00:00:00-05:00,15.583257115929056,15.963518591570518,15.560889714040075,15.956062316894531,825100,0.0,0.0
2005-12-02 00:00:00-05:00,15.918784448689733,16.03808201483813,15.80694315819301,16.008256912231445,441900,0.0,0.0
2005-12-05 00:00:00-05:00,16.07536826833885,16.07536826833885,15.642914066106071,16.03063201904297,593800,0.0,0.0
2005-12-06 00:00:00-05:00,16.030623641515422,16.090272416784337,15.941149767542557,15.956062316894531,752500,0.0,0.0
2005-12-07 00:00:00-05:00,16.023165445549875,16.231936845027427,16.008252897986022,16.20956802368164,608600,0.0,0.0
2005-12-08 00:00:00-05:00,16.26176378426975,16.291588885387977,15.985888709621637,16.18720245361328,417800,0.0,0.0
2005-12-09 00:00:00-05:00,16.194663199619765,16.30650593754952,16.0679093291536,16.23940086364746,251000,0.0,0.0
2005-12-12 00:00:00-05:00,16.246858375343034,16.39597966701307,16.179753296342657,16.328874588012695,404200,0.0,0.0
2005-12-13 00:00:00-05:00,16.336369143094498,16.538792080329777,16.15643541892462,16.471317291259766,896200,0.12,0.0
2005-12-14 00:00:00-05:00,16.501313988916674,16.66625164040497,16.39635379524007,16.456331253051758,544600,0.0,0.0
2005-12-15 00:00:00-05:00,16.53129367849841,16.906152958554838,16.42633353767451,16.868667602539062,923400,0.0,0.0
2005-12-16 00:00:00-05:00,16.89865913237599,16.906155060531393,16.71872539719967,16.838680267333984,693800,0.0,0.0
2005-12-19 00:00:00-05:00,16.80119490803069,17.033607290188062,16.771206905482085,16.913652420043945,588400,0.0,0.0
2005-12-20 00:00:00-05:00,16.85367992657832,17.00362427321053,16.501312570960476,16.741222381591797,453600,0.0,0.0
2005-12-21 00:00:00-05:00,16.831189320372836,17.206048757976017,16.82369196002374,17.093589782714844,396700,0.0,0.0
2005-12-22 00:00:00-05:00,17.206039347923607,17.206039347923607,16.726218557824282,16.906150817871094,386600,0.0,0.0
2005-12-23 00:00:00-05:00,16.928641239082346,17.101076126098633,16.913646528044143,17.101076126098633,141400,0.0,0.0
2005-12-27 00:00:00-05:00,17.161055210431037,17.161055210431037,16.831180115332455,16.906150817871094,283000,0.0,0.0
2005-12-28 00:00:00-05:00,16.943642091196207,17.10108232423713,16.733720350500107,16.80119514465332,361300,0.0,0.0
2005-12-29 00:00:00-05:00,16.79369627631876,17.02610864085071,16.79369627631876,16.96613121032715,196400,0.0,0.0
2005-12-30 00:00:00-05:00,16.966133849843324,16.966133849843324,16.681241368027788,16.703733444213867,248900,0.0,0.0
2006-01-03 00:00:00-05:00,16.75621613137823,17.048606017396885,16.538796984356537,17.033611297607422,277700,0.0,0.0
2006-01-04 00:00:00-05:00,17.03361332993741,17.243535142110755,16.898665125656713,17.228540420532227,799400,0.0,0.0
2006-01-05 00:00:00-05:00,17.24353764609836,17.38598466182885,17.161068095416145,17.281023025512695,423800,0.0,0.0
2006-01-06 00:00:00-05:00,17.288520387390676,17.303515111146634,17.123582716001806,17.281023025512695,398300,0.0,0.0
2006-01-09 00:00:00-05:00,17.34098988159072,17.798318666531323,17.34098988159072,17.75333595275879,468000,0.0,0.0
2006-01-10 00:00:00-05:00,17.625891737098684,17.880796280772362,17.618394376405302,17.760841369628906,318000,0.0,0.0
2006-01-11 00:00:00-05:00,17.760836322541927,17.79832168538131,17.363484898559776,17.580904006958008,236800,0.0,0.0
2006-01-12 00:00:00-05:00,17.490944590546704,17.580911501678912,17.311012198257828,17.460956573486328,288500,0.0,0.0
2006-01-13 00:00:00-05:00,17.39347329231493,17.513428162195048,17.34099178551439,17.445953369140625,189600,0.0,0.0
2006-01-17 00:00:00-05:00,17.43095587334447,17.46094530101976,17.243526240297754,17.35598373413086,346600,0.0,0.0
2006-01-18 00:00:00-05:00,17.3184996435132,17.610889434814453,17.266019571225765,17.610889434814453,222200,0.0,0.0
2006-01-19 00:00:00-05:00,17.685861579499953,17.730844294321365,17.475939860375497,17.610889434814453,231000,0.0,0.0
2006-01-20 00:00:00-05:00,17.693363552672867,17.693363552672867,17.101085028120604,17.198549270629883,283300,0.0,0.0
2006-01-23 00:00:00-05:00,17.13107294451677,17.37848006356776,17.0411060694187,17.21354103088379,319600,0.0,0.0
2006-01-24 00:00:00-05:00,17.213544956988695,17.573411109485114,17.213544956988695,17.483444213867188,450700,0.0,0.0
2006-01-25 00:00:00-05:00,17.42345981934968,17.535917321592343,17.28101288718912,17.453449249267578,368400,0.0,0.0
2006-01-26 00:00:00-05:00,17.475944253302973,17.69336338454609,17.46095096457679,17.663373947143555,227900,0.0,0.0
2006-01-27 00:00:00-05:00,17.61839122101484,17.783328836803523,17.438458886524888,17.663373947143555,161500,0.0,0.0
2006-01-30 00:00:00-05:00,17.61838889049972,17.850801279726106,17.550914095244494,17.655874252319336,417800,0.0,0.0
2006-01-31 00:00:00-05:00,17.61838660520892,17.72334674866932,17.43845431785907,17.640878677368164,138800,0.0,0.0
2006-02-01 00:00:00-05:00,17.565905063122372,17.69335726807362,17.505927639026176,17.648374557495117,114300,0.0,0.0
2006-02-02 00:00:00-05:00,17.693365079044504,17.805822620123926,17.58840346805852,17.76833724975586,547100,0.0,0.0
2006-02-03 00:00:00-05:00,17.768332139244606,17.880789647979107,17.580902481362173,17.595895767211914,942000,0.0,0.0
2006-02-06 00:00:00-05:00,17.61838846482918,17.925773000243105,17.61838846482918,17.873292922973633,254000,0.0,0.0
2006-02-07 00:00:00-05:00,17.813311255997878,17.955758167587554,17.76832854759175,17.86579132080078,262600,0.0,0.0
2006-02-08 00:00:00-05:00,17.87329102449565,18.12069809818308,17.775826808512136,17.94826316833496,826800,0.0,0.0
2006-02-09 00:00:00-05:00,17.89578708545605,18.143194214288393,17.89578708545605,17.993249893188477,163200,0.0,0.0
2006-02-10 00:00:00-05:00,17.91827416800562,18.06072110171487,17.745839234027166,17.955760955810547,168300,0.0,0.0
2006-02-13 00:00:00-05:00,17.91827288897704,18.023234457363813,17.618385757817624,17.700855255126953,308000,0.0,0.0
2006-02-14 00:00:00-05:00,17.723347161344208,18.00074367120172,17.625884373000872,17.955760955810547,216900,0.0,0.0
2006-02-15 00:00:00-05:00,17.918273283746394,18.203167137105503,17.798318428639824,18.09820556640625,131400,0.0,0.0
2006-02-16 00:00:00-05:00,18.06822445712037,18.353116989135742,18.06822445712037,18.353116989135742,140300,0.0,0.0
2006-02-17 00:00:00-05:00,18.42058604258151,18.99037235851087,18.29313382151869,18.810440063476562,719700,0.0,0.0
2006-02-21 00:00:00-05:00,19.492682554227034,19.785072334948545,18.74296399444907,19.170303344726562,907400,0.0,0.0
2006-02-22 00:00:00-05:00,19.245277983225574,19.7925722596654,19.072843035302043,19.75508689880371,445200,0.0,0.0
2006-02-23 00:00:00-05:00,19.755089604367086,20.549791089267217,19.717602808396528,19.85255241394043,923000,0.0,0.0
2006-02-24 00:00:00-05:00,19.85255240471915,19.980004651009743,19.635134708091115,19.92752456665039,970100,0.0,0.0
2006-02-27 00:00:00-05:00,19.905025745134378,20.20491429125526,19.905025745134378,20.017484664916992,626900,0.0,0.0
2006-02-28 00:00:00-05:00,19.89003772861038,20.05497532867203,19.687613335369985,19.860048294067383,509900,0.0,0.0
2006-03-01 00:00:00-05:00,19.90502506982157,20.032477268606534,19.770076944615,19.97249984741211,712200,0.0,0.0
2006-03-02 00:00:00-05:00,19.97250050881005,20.03997528863505,19.890032445670826,19.94251251220703,321100,0.0,0.0
2006-03-03 00:00:00-05:00,19.93502253773279,20.152440241034313,19.777580849847123,19.980005264282227,182400,0.0,0.0
2006-03-06 00:00:00-05:00,19.94251909096876,19.980004456582076,19.71760260736373,19.9575138092041,189900,0.0,0.0
2006-03-07 00:00:00-05:00,19.95751573226861,20.017493181014245,19.830063474937237,19.882543563842773,407300,0.0,0.0
2006-03-08 00:00:00-05:00,19.890030746910696,20.062465645080852,19.71009849273647,19.98749351501465,163600,0.0,0.0
2006-03-09 00:00:00-05:00,20.0249869229447,20.144943237304688,19.897536109513805,20.144943237304688,613900,0.0,0.0
2006-03-10 00:00:00-05:00,20.114952701307494,20.24240493774414,19.950015101790928,20.24240493774414,277700,0.0,0.0
2006-03-13 00:00:00-05:00,20.197216446874855,20.83732240809093,20.197216446874855,20.618932723999023,436500,0.12,0.0
2006-03-14 00:00:00-05:00,20.61893824361454,20.671654049180535,20.325243080112447,20.603878021240234,169700,0.0,0.0
2006-03-15 00:00:00-05:00,20.521040305991935,21.00300189391068,20.460795107502094,20.83732795715332,271200,0.0,0.0
2006-03-16 00:00:00-05:00,20.837327970967056,20.99547107847317,20.746959454992965,20.965349197387695,248100,0.0,0.0
2006-03-17 00:00:00-05:00,20.965351722602126,21.085842134174403,20.731901729725717,20.957820892333984,481800,0.0,0.0
2006-03-20 00:00:00-05:00,21.048187578844285,21.274106721699308,20.859921147678804,21.236454010009766,275700,0.0,0.0
2006-03-21 00:00:00-05:00,21.228925036551107,21.228925036551107,20.81473798995728,20.957820892333984,265500,0.0,0.0
2006-03-22 00:00:00-05:00,20.957821136971855,21.432251958530784,20.897575930482482,21.37953758239746,300500,0.0,0.0
2006-03-23 00:00:00-05:00,21.394595222299706,21.484963733229797,21.183736321035322,21.364473342895508,352000,0.0,0.0
2006-03-24 00:00:00-05:00,21.36447679476946,21.49249803472897,21.183739743707456,21.40966033935547,233500,0.0,0.0
2006-03-27 00:00:00-05:00,21.22138613029109,21.236447785095528,20.859915033135383,21.00299644470215,226100,0.0,0.0
2006-03-28 00:00:00-05:00,20.942751214576308,21.15361007228714,20.777077321176808,20.874975204467773,247500,0.0,0.0
2006-03-29 00:00:00-05:00,20.852397265916476,21.085847316164823,20.74696705261129,20.98794937133789,198200,0.0,0.0
2006-03-30 00:00:00-05:00,20.912633244809374,21.033123632745955,20.76201954170929,21.025592803955078,231700,0.0,0.0
2006-03-31 00:00:00-05:00,20.935231294393436,21.100906710467864,20.777088145986976,20.905109405517578,487100,0.0,0.0
2006-04-03 00:00:00-04:00,21.0105308510967,21.289165767008377,20.867447978798342,21.093368530273438,377500,0.0,0.0
2006-04-04 00:00:00-04:00,21.063249026920438,21.311760673060046,20.920167565090246,21.221393585205078,215400,0.0,0.0
2006-04-05 00:00:00-04:00,21.372014753545933,21.620526502900205,21.19880989958741,21.484975814819336,683000,0.0,0.0
2006-04-06 00:00:00-04:00,21.409649654653037,21.409649654653037,20.950279298811928,21.18372917175293,340100,0.0,0.0
2006-04-07 00:00:00-04:00,21.15361364584797,21.161144474505402,20.618936302039813,20.709304809570312,364200,0.0,0.0
2006-04-10 00:00:00-04:00,20.596338753166894,20.671645579619145,20.14449923081162,20.227336883544922,589000,0.0,0.0
2006-04-11 00:00:00-04:00,20.227342094923802,20.31770916086211,19.5797052314786,19.865869522094727,545700,0.0,0.0
2006-04-12 00:00:00-04:00,19.86587059702231,20.6339978808538,19.86587059702231,20.325241088867188,501600,0.0,0.0
2006-04-13 00:00:00-04:00,20.25746346697583,20.25746346697583,19.88093068343963,19.9185848236084,475700,0.0,0.0
2006-04-17 00:00:00-04:00,19.820694661673187,19.820694661673187,19.481815861590146,19.707735061645508,444000,0.0,0.0
2006-04-18 00:00:00-04:00,19.6173498655367,19.895984649658203,19.57969717627937,19.895984649658203,532400,0.0,0.0
2006-04-19 00:00:00-04:00,19.89598757940841,20.27252027285947,19.805619100982533,20.182151794433594,754300,0.0,0.0
2006-04-20 00:00:00-04:00,20.144500518504938,20.2348690032959,19.986357465568677,20.2348690032959,317500,0.0,0.0
2006-04-21 00:00:00-04:00,20.257468817792187,20.5586948369154,20.182161953921646,20.430673599243164,483000,0.0,0.0
2006-04-24 00:00:00-04:00,20.423142689483928,20.438202912052887,19.873403629489665,20.15203857421875,596100,0.0,0.0
2006-04-25 00:00:00-04:00,19.624897346926176,20.04661529359523,19.090221236614,19.429100036621094,1216500,0.0,0.0
2006-04-26 00:00:00-04:00,20.52103773243837,20.987939039449454,19.963769357204917,20.460792541503906,1257900,0.0,0.0
2006-04-27 00:00:00-04:00,20.33277124184948,20.626466366819205,20.174628154976133,20.310178756713867,397300,0.0,0.0
2006-04-28 00:00:00-04:00,20.310175682532293,20.49091122718482,20.174625101311715,20.347829818725586,249800,0.0,0.0
2006-05-01 00:00:00-04:00,20.3478328952985,20.423139742712983,19.737848723963957,19.843278884887695,586900,0.0,0.0
2006-05-02 00:00:00-04:00,19.873401734208002,19.948708585306356,19.391440185352476,19.790565490722656,813200,0.0,0.0
2006-05-03 00:00:00-04:00,19.670074757733495,19.767972656989333,19.504399400957737,19.602298736572266,339600,0.0,0.0
2006-05-04 00:00:00-04:00,19.542057292783003,19.65501687093456,19.240829835900232,19.579710006713867,537100,0.0,0.0
2006-05-05 00:00:00-04:00,19.655014943171803,19.95624093415138,19.655014943171803,19.941179275512695,273200,0.0,0.0
2006-05-08 00:00:00-04:00,19.948710788226194,20.21228407799726,19.86587309923443,20.08426284790039,424500,0.0,0.0
2006-05-09 00:00:00-04:00,20.09931469828319,20.33276455581785,19.948701052956086,20.257457733154297,418000,0.0,0.0
2006-05-10 00:00:00-04:00,20.227337778815397,20.242397995685824,19.933641286288303,20.046602249145508,196900,0.0,0.0
2006-05-11 00:00:00-04:00,20.01648062234743,20.19721616718353,19.63994787818261,19.745376586914062,387700,0.0,0.0
2006-05-12 00:00:00-04:00,19.745379490773477,19.775502804188804,19.308601500761757,19.587236404418945,436600,0.0,0.0
2006-05-15 00:00:00-04:00,19.429094071377296,19.59476944111602,19.052561229402087,19.51946258544922,324400,0.0,0.0
2006-05-16 00:00:00-04:00,19.542052196248463,19.700195277145394,19.35378580297577,19.572174072265625,389500,0.0,0.0
2006-05-17 00:00:00-04:00,19.429090128509056,19.504396968893364,19.173047733017512,19.24082374572754,277800,0.0,0.0
2006-05-18 00:00:00-04:00,19.293544713813407,19.670077580359376,19.263421395037458,19.270952224731445,393600,0.0,0.0
2006-05-19 00:00:00-04:00,19.27847996917886,19.941177076246607,19.27847996917886,19.775503158569336,391700,0.0,0.0
2006-05-22 00:00:00-04:00,19.76043978254511,19.843277452356666,19.29353994772742,19.557111740112305,387000,0.0,0.0
2006-05-23 00:00:00-04:00,19.692661069762558,19.767967901420594,18.91700458185235,18.96971893310547,485500,0.0,0.0
2006-05-24 00:00:00-04:00,18.947130909882876,19.090213780056565,18.54800561365466,18.85676383972168,457100,0.0,0.0
2006-05-25 00:00:00-04:00,18.969723395602514,19.0073761021099,18.495291250000847,18.85676383972168,278700,0.0,0.0
2006-05-26 00:00:00-04:00,18.856765034831312,18.879356085624053,18.457639713307213,18.585660934448242,288400,0.0,0.0
2006-05-30 00:00:00-04:00,18.615787546453074,18.638380039347634,18.111233362681016,18.23172378540039,427500,0.0,0.0
2006-05-31 00:00:00-04:00,18.307023040433204,18.307023040433204,17.870245080745796,18.020858764648438,677300,0.0,0.0
2006-06-01 00:00:00-04:00,18.050986623115886,18.194069526616353,17.89284349531986,18.186538696289062,498600,0.0,0.0
2006-06-02 00:00:00-04:00,18.24678164620509,18.329619333202793,17.606675511129296,17.870248794555664,391800,0.0,0.0
2006-06-05 00:00:00-04:00,17.892834542213002,18.050977590878382,17.546423702287704,17.584077835083008,439200,0.0,0.0
2006-06-06 00:00:00-04:00,17.584074124328605,17.697033626160156,16.974091665351835,17.365684509277344,645000,0.0,0.0
2006-06-07 00:00:00-04:00,17.380757974526105,17.55396275750166,17.109653836749423,17.19249153137207,694200,0.0,0.0
2006-06-08 00:00:00-04:00,17.117173030704734,17.463583797527217,16.92137589056298,17.365684509277344,382400,0.0,0.0
2006-06-09 00:00:00-04:00,17.425933624988474,17.5840781125072,17.14730021969872,17.51630210876465,535800,0.0,0.0
2006-06-12 00:00:00-04:00,17.493719546533246,17.493719546533246,17.154840772056573,17.215085983276367,624800,0.0,0.0
2006-06-13 00:00:00-04:00,17.230218269392953,17.525463196501757,16.927402774417487,17.040958404541016,640100,0.12,0.0
2006-06-14 00:00:00-04:00,16.972824698931174,17.13937285980291,16.753282563113803,16.957683563232422,491700,0.0,0.0
2006-06-15 00:00:00-04:00,16.96525287304326,17.548173558775808,16.96525287304326,17.472469329833984,471300,0.0,0.0
2006-06-16 00:00:00-04:00,17.480036369292463,17.52545831991525,16.957678883348205,17.343769073486328,618900,0.0,0.0
2006-06-19 00:00:00-04:00,17.351354279588897,17.389205696389023,16.67758924176151,16.836566925048828,336500,0.0,0.0
2006-06-20 00:00:00-04:00,16.836560574835172,16.851701713420063,16.639730105046908,16.7684268951416,238400,0.0,0.0
2006-06-21 00:00:00-04:00,16.753286964394572,17.260503592048973,16.753286964394572,17.10909652709961,429500,0.0,0.0
2006-06-22 00:00:00-04:00,17.056100812836554,17.09395221105578,16.897121763651587,16.97282600402832,141200,0.0,0.0
2006-06-23 00:00:00-04:00,16.904705047607422,17.11667679131732,16.753296452966154,16.904705047607422,192500,0.0,0.0
2006-06-26 00:00:00-04:00,16.91226389782891,17.071241512450484,16.813847946354095,16.99553871154785,253100,0.0,0.0
2006-06-27 00:00:00-04:00,17.01068593086427,17.101531353651012,16.639736555368177,16.677589416503906,371300,0.0,0.0
2006-06-28 00:00:00-04:00,16.783573318668093,16.866848163168783,16.427765113514155,16.54132080078125,286900,0.0,0.0
2006-06-29 00:00:00-04:00,16.586734733355115,17.05609984181889,16.44289682922196,17.033388137817383,506100,0.0,0.0
2006-06-30 00:00:00-04:00,17.071243463465088,17.071243463465088,16.594309121154783,16.791139602661133,344900,0.0,0.0
2006-07-03 00:00:00-04:00,16.79870848471874,17.033390347424955,16.647299992944053,17.025819778442383,157900,0.0,0.0
2006-07-05 00:00:00-04:00,16.844131823360513,16.851702392958238,16.473182576702946,16.715435028076172,289100,0.0,0.0
2006-07-06 00:00:00-04:00,16.707858446179742,16.745711280547088,16.55645144052432,16.60187339782715,159800,0.0,0.0
2006-07-07 00:00:00-04:00,16.5791619578665,16.58673252485899,16.23092453983981,16.389902114868164,196400,0.0,0.0
2006-07-10 00:00:00-04:00,16.397479463357943,16.55645854807321,16.238501822581284,16.291494369506836,300600,0.0,0.0
2006-07-11 00:00:00-04:00,16.291494924576163,16.48832542267631,16.1022349968574,16.480754852294922,373300,0.0,0.0
2006-07-12 00:00:00-04:00,16.44289236613462,16.518596581653085,16.246061983361734,16.31419563293457,467800,0.0,0.0
2006-07-13 00:00:00-04:00,16.25364151888958,16.43533087003659,16.162797565285377,16.291494369506836,744400,0.0,0.0
2006-07-14 00:00:00-04:00,16.246075155268606,16.29149858777054,15.973541779951896,16.079526901245117,234300,0.0,0.0
2006-07-17 00:00:00-04:00,16.003813532664076,16.25363649374567,15.91296960714613,16.11737060546875,330300,0.0,0.0
2006-07-18 00:00:00-04:00,16.19307071066602,16.352049719871502,16.056803401043588,16.246063232421875,215300,0.0,0.0
2006-07-19 00:00:00-04:00,15.89782904274895,16.268778213807174,15.216493801133067,15.958392143249512,2352800,0.0,0.0
2006-07-20 00:00:00-04:00,16.57916724673475,17.639022416838902,16.57916724673475,16.881982803344727,1213800,0.0,0.0
2006-07-21 00:00:00-04:00,16.881982803344727,16.957687053481838,16.67758320509454,16.881982803344727,501200,0.0,0.0
2006-07-24 00:00:00-04:00,16.88954904087384,17.15451312642577,16.692718618576347,17.063669204711914,692100,0.0,0.0
2006-07-25 00:00:00-04:00,17.086385064125114,17.41948292212168,16.98039997273744,17.222652435302734,308300,0.0,0.0
2006-07-26 00:00:00-04:00,17.192369298802024,17.192369298802024,16.889553735684967,17.124237060546875,361100,0.0,0.0
2006-07-27 00:00:00-04:00,17.222647701526295,17.41947813424489,16.995536441279242,17.040958404541016,418200,0.0,0.0
2006-07-28 00:00:00-04:00,17.162084929635693,17.487612134415592,17.063670433369733,17.442190170288086,334000,0.0,0.0
2006-07-31 00:00:00-04:00,17.313492703747887,17.54817452687016,17.252929606040908,17.411907196044922,301200,0.0,0.0
2006-08-01 00:00:00-04:00,17.411907566378233,17.411907566378233,16.94254246621263,17.040958404541016,810500,0.0,0.0
2006-08-02 00:00:00-04:00,17.04852570094506,17.04852570094506,16.352049474180085,16.94253921508789,615300,0.0,0.0
2006-08-03 00:00:00-04:00,16.69272107155891,17.38162692886526,16.579165430760625,17.252931594848633,417400,0.0,0.0
2006-08-04 00:00:00-04:00,17.336212243532927,17.548183920951367,16.980404034521648,17.215085983276367,408500,0.0,0.0
2006-08-07 00:00:00-04:00,17.146947576514783,17.366489765452414,17.018250779812366,17.23779296875,220400,0.0,0.0
2006-08-08 00:00:00-04:00,17.237788804819676,17.298351903700794,16.571593273189194,16.632156372070312,482600,0.0,0.0
2006-08-09 00:00:00-04:00,16.768423482652214,17.14694320661248,16.60187532392743,16.806276321411133,495200,0.0,0.0
2006-08-10 00:00:00-04:00,16.813842583217266,16.813842583217266,16.51102714438112,16.745710372924805,483800,0.0,0.0
2006-08-11 00:00:00-04:00,16.692713428594754,16.715425123930906,16.541306458166687,16.639720916748047,312000,0.0,0.0
2006-08-14 00:00:00-04:00,16.768431704676516,16.91984024607567,16.503467479197436,16.62459373474121,140100,0.0,0.0
2006-08-15 00:00:00-04:00,16.813850720087274,17.025822351822768,16.77599931339172,16.889554977416992,275200,0.0,0.0
2006-08-16 00:00:00-04:00,16.957688038933593,16.972829178628597,16.662443034573784,16.821420669555664,203600,0.0,0.0
2006-08-17 00:00:00-04:00,16.798719897722158,17.033401919870688,16.768437601218157,16.904705047607422,146100,0.0,0.0
2006-08-18 00:00:00-04:00,16.94254406606121,16.94254406606121,16.594306574940642,16.84412956237793,228200,0.0,0.0
2006-08-21 00:00:00-04:00,16.723001742361078,16.768423705537373,16.511030174308075,16.632156372070312,259700,0.0,0.0
2006-08-22 00:00:00-04:00,16.579176436903037,16.624598434588233,16.427769296639283,16.49590301513672,200600,0.0,0.0
2006-08-23 00:00:00-04:00,16.5261762675794,16.5715982443815,16.056811027495662,16.291494369506836,158300,0.0,0.0
2006-08-24 00:00:00-04:00,16.35963150335646,16.35963150335646,16.11737898412224,16.253644943237305,214400,0.0,0.0
2006-08-25 00:00:00-04:00,16.200643861401836,16.283918662551805,15.928110642622388,16.07194709777832,288300,0.0,0.0
2006-08-28 00:00:00-04:00,16.018952363249443,16.306628121851414,16.018952363249443,16.200641632080078,406400,0.0,0.0
2006-08-29 00:00:00-04:00,16.14765969035344,16.246074233982085,15.784280914578414,16.018962860107422,379400,0.0,0.0
2006-08-30 00:00:00-04:00,16.04166508320671,16.16279127012794,15.897827194760982,15.981101989746094,242100,0.0,0.0
2006-08-31 00:00:00-04:00,16.01138687133789,16.117373394701477,15.912972361005718,16.01138687133789,281500,0.0,0.0
2006-09-01 00:00:00-04:00,15.988677605404318,16.193077207912538,15.988677605404318,16.034099578857422,194000,0.0,0.0
2006-09-05 00:00:00-04:00,16.65487188463195,17.139376786488196,16.55645736791934,16.919836044311523,690000,0.0,0.0
2006-09-06 00:00:00-04:00,16.806275298423696,16.866838392813378,16.35962193582304,16.458036422729492,330900,0.0,0.0
2006-09-07 00:00:00-04:00,16.412616665757454,16.601876541619163,16.32934185831806,16.450468063354492,270700,0.0,0.0
2006-09-08 00:00:00-04:00,16.427752738136196,16.458033558091408,16.25363260862691,16.397470474243164,1065200,0.0,0.0
2006-09-11 00:00:00-04:00,16.246066844058426,16.654868863805834,16.177934618038766,16.299060821533203,466900,0.0,0.0
2006-09-12 00:00:00-04:00,16.246069790736865,16.957687448292102,16.246069790736865,16.919836044311523,211900,0.0,0.0
2006-09-13 00:00:00-04:00,16.9959462465456,17.155783487070032,16.798053280613523,16.912221908569336,1150400,0.12,0.0
2006-09-14 00:00:00-04:00,16.82088369793928,17.125333786010742,16.721936511983223,17.125333786010742,287700,0.0,0.0
2006-09-15 00:00:00-04:00,17.239503066047988,17.36128310606934,17.17861304603731,17.231891632080078,323200,0.0,0.0
2006-09-18 00:00:00-04:00,17.254728299050303,17.254728299050303,16.919832417221865,17.117725372314453,317600,0.0,0.0
2006-09-19 00:00:00-04:00,17.102506950873316,17.22428703926335,16.744778122694242,17.064451217651367,312800,0.0,0.0
2006-09-20 00:00:00-04:00,17.277562807837462,17.72662731666398,17.26995137273651,17.452621459960938,333900,0.0,0.0
2006-09-21 00:00:00-04:00,17.483068133739334,17.513513878296667,17.15578509014603,17.201452255249023,240000,0.0,0.0
2006-09-22 00:00:00-04:00,17.163390140964154,17.20144731072135,16.874162909472403,17.09488868713379,201000,0.0,0.0
2006-09-25 00:00:00-04:00,17.09488931837635,17.216670814363667,17.011166445284157,17.155780792236328,212400,0.0,0.0
2006-09-26 00:00:00-04:00,17.16339071654664,17.620066606819723,17.04922210691153,17.528732299804688,201500,0.0,0.0
2006-09-27 00:00:00-04:00,17.53634883026903,17.802741846256847,17.49068021175707,17.741851806640625,353600,0.0,0.0
2006-09-28 00:00:00-04:00,17.726630551367155,17.856020616495638,17.40695747745821,17.665739059448242,289500,0.0,0.0
2006-09-29 00:00:00-04:00,17.650514756206526,17.795127670702183,17.528734695719216,17.57440185546875,339900,0.0,0.0
2006-10-02 00:00:00-04:00,17.604846269721072,17.604846269721072,17.25472895626739,17.33845329284668,242700,0.0,0.0
2006-10-03 00:00:00-04:00,17.338452218273314,17.53634516863879,17.034000632029347,17.50589942932129,204000,0.0,0.0
2006-10-04 00:00:00-04:00,17.505894621154628,17.802733239306807,17.422170312759967,17.787511825561523,120600,0.0,0.0
2006-10-05 00:00:00-04:00,17.81034525119924,17.81034525119924,17.384115166091767,17.62006378173828,186100,0.0,0.0
2006-10-06 00:00:00-04:00,17.620066770904284,17.63528963945943,17.384118115230127,17.475452423095703,253200,0.0,0.0
2006-10-09 00:00:00-04:00,17.414569854736328,17.551572826910057,17.277568334295864,17.414569854736328,197100,0.0,0.0
2006-10-10 00:00:00-04:00,17.429795429192886,17.49068548717434,17.239513816534156,17.422183990478516,103000,0.0,0.0
2006-10-11 00:00:00-04:00,17.42219184663453,17.42219184663453,17.064462776150084,17.323246002197266,155000,0.0,0.0
2006-10-12 00:00:00-04:00,17.460233243995322,17.795127684733057,17.4450103734892,17.71140480041504,121500,0.0,0.0
2006-10-13 00:00:00-04:00,17.73423957824707,17.856019652041066,17.67334954135007,17.73423957824707,114800,0.0,0.0
2006-10-16 00:00:00-04:00,17.772303696150654,17.962585317197806,17.696190757385082,17.924528121948242,111400,0.0,0.0
2006-10-17 00:00:00-04:00,17.8864644440107,17.993021639973676,17.856018701316753,17.939743041992188,191000,0.0,0.0
2006-10-18 00:00:00-04:00,18.03868869496747,18.267025938505675,17.985408649857952,18.198524475097656,217300,0.0,0.0
2006-10-19 00:00:00-04:00,18.198520886910554,18.396413803100586,18.03107370478014,18.396413803100586,204100,0.0,0.0
2006-10-20 00:00:00-04:00,18.457321585968767,18.457321585968767,18.152871210979978,18.305095672607422,137500,0.0,0.0
2006-10-23 00:00:00-04:00,18.267022336812197,18.44969238597242,18.198520886910554,18.396413803100586,303400,0.0,0.0
2006-10-24 00:00:00-04:00,18.609541648825484,18.944436230161376,18.609541648825484,18.913991928100586,423600,0.0,0.0
2006-10-25 00:00:00-04:00,18.944431292108863,19.01293276855686,18.761761172158565,18.921598434448242,229900,0.0,0.0
2006-10-26 00:00:00-04:00,19.02814962249093,19.096651077270508,18.70086521670687,19.096651077270508,223100,0.0,0.0
2006-10-27 00:00:00-04:00,19.096653608987896,19.096653608987896,18.95203924619975,19.04337501525879,318600,0.0,0.0
2006-10-30 00:00:00-05:00,19.02815014666555,19.279321670532227,18.967260124265525,19.279321670532227,256200,0.0,0.0
2006-10-31 00:00:00-05:00,19.279324462007672,20.169842075879988,19.279324462007672,20.017616271972656,710700,0.0,0.0
2006-11-01 00:00:00-05:00,20.05568120191384,20.05568120191384,19.522892134006163,19.560949325561523,368800,0.0,0.0
2006-11-02 00:00:00-05:00,19.446772588897705,20.002395782774467,19.401105426295825,19.78927993774414,275900,0.0,0.0
2006-11-03 00:00:00-05:00,19.789272135246833,20.169835060924658,19.530489229647326,20.101333618164062,427000,0.0,0.0
2006-11-06 00:00:00-05:00,20.16984162989428,20.329677413903195,20.02522726455324,20.268787384033203,263800,0.0,0.0
2006-11-07 00:00:00-05:00,20.27639701183195,20.27639701183195,19.735998226372566,20.0328369140625,654100,0.0,0.0
2006-11-08 00:00:00-05:00,19.95673094350895,20.47429705667758,19.95673094350895,20.36012840270996,192100,0.0,0.0
2006-11-09 00:00:00-05:00,20.398183032110673,20.42101734236087,20.116567131023853,20.230735778808594,148500,0.0,0.0
2006-11-10 00:00:00-05:00,20.28400683141199,20.664569816810836,20.230728245733363,20.52756690979004,161100,0.0,0.0
2006-11-13 00:00:00-05:00,20.54279142051474,20.991855895337547,20.405788502537245,20.816797256469727,229800,0.0,0.0
2006-11-14 00:00:00-05:00,20.801574966106575,21.31152947958012,20.801574966106575,21.296306610107422,428700,0.0,0.0
2006-11-15 00:00:00-05:00,21.29630994031582,21.31153281216899,21.13647414105637,21.250642776489258,350400,0.0,0.0
2006-11-16 00:00:00-05:00,21.32675414346695,21.882375860375376,21.31914270809018,21.669260025024414,609400,0.0,0.0
2006-11-17 00:00:00-05:00,21.669272386467547,21.889999783111328,21.562715133871894,21.714941024780273,312200,0.0,0.0
2006-11-20 00:00:00-05:00,21.829092960108635,21.882371545507443,21.646422902284485,21.760591506958008,275300,0.0,0.0
2006-11-21 00:00:00-05:00,21.74536754925243,21.80625756547513,21.654033250784632,21.791034698486328,202500,0.0,0.0
2006-11-22 00:00:00-05:00,21.91282385224329,22.02699249115378,21.82148807007509,21.92804527282715,123400,0.0,0.0
2006-11-24 00:00:00-05:00,21.897594413259267,21.897594413259267,21.714924355435112,21.760591506958008,55700,0.0,0.0
2006-11-27 00:00:00-05:00,21.63120460510254,21.730150362931003,21.4409230731969,21.63120460510254,462200,0.0,0.0
2006-11-28 00:00:00-05:00,21.63881027028031,21.692088852729114,21.189745858593987,21.49419593811035,332000,0.0,0.0
2006-11-29 00:00:00-05:00,21.608369993743118,21.752984362436017,21.433311335276,21.669260025024414,195700,0.0,0.0
2006-11-30 00:00:00-05:00,21.707315125087657,21.851928028212036,21.402864997809072,21.722537994384766,176300,0.0,0.0
2006-12-01 00:00:00-05:00,21.615982688958713,21.768208501900517,21.387645421278947,21.69970703125,498400,0.0,0.0
2006-12-04 00:00:00-05:00,21.76821517944336,21.943273901813786,21.50943208909864,21.76821517944336,417700,0.0,0.0
2006-12-05 00:00:00-05:00,21.88237590619478,22.39233046364324,21.829097310178692,22.21727180480957,388400,0.0,0.0
2006-12-06 00:00:00-05:00,22.224881373023894,22.430384304430618,22.11832273821117,22.377105712890625,191800,0.0,0.0
2006-12-07 00:00:00-05:00,22.43038479612615,22.514109128514455,22.339050480550526,22.422773361206055,390300,0.0,0.0
2006-12-08 00:00:00-05:00,22.41515744825596,22.453213161056322,21.981314482976956,22.33904457092285,328600,0.0,0.0
2006-12-11 00:00:00-05:00,22.33904997291296,22.514108616898817,22.019376972197044,22.354272842407227,365500,0.0,0.0
2006-12-12 00:00:00-05:00,22.301003045507645,22.430394592193164,21.85193835123045,22.04983139038086,290800,0.0,0.0
2006-12-13 00:00:00-05:00,22.126255255915517,22.40904249583085,22.072753588309954,22.19504165649414,216700,0.12,0.0
2006-12-14 00:00:00-05:00,22.302046149784612,22.844692900388154,22.210330446336815,22.546619415283203,220100,0.0,0.0
2006-12-15 00:00:00-05:00,22.577186547267978,22.714757883760953,22.42432756302514,22.462541580200195,215700,0.0,0.0
2006-12-18 00:00:00-05:00,22.424336352364485,22.424336352364485,21.874046417389536,22.049833297729492,432400,0.0,0.0
2006-12-19 00:00:00-05:00,21.988686517341783,22.172116466851115,21.805256567832448,22.042186737060547,423800,0.0,0.0
2006-12-20 00:00:00-05:00,22.355544343737193,22.561903564467624,22.30968722505427,22.370830535888672,225000,0.0,0.0
2006-12-21 00:00:00-05:00,22.355545830853256,22.493118653825043,22.11861566783052,22.233259201049805,115400,0.0,0.0
2006-12-22 00:00:00-05:00,22.248549563825076,22.40905024885723,22.088047421021038,22.22562026977539,77400,0.0,0.0
2006-12-26 00:00:00-05:00,22.302042722296544,22.56954523698889,22.28675653110923,22.538972854614258,88300,0.0,0.0
2006-12-27 00:00:00-05:00,22.661266388313678,22.7682683015271,22.31733572820646,22.40904998779297,186400,0.0,0.0
2006-12-28 00:00:00-05:00,22.37847384556441,22.447260253131116,22.003970880907666,22.439617156982422,312500,0.0,0.0
2006-12-29 00:00:00-05:00,22.454899610292802,22.53132910624365,22.156826179633022,22.19504165649414,195100,0.0,0.0
2007-01-03 00:00:00-05:00,22.340257436042823,22.783546789836876,22.279114127166796,22.5236873626709,517800,0.0,0.0
2007-01-04 00:00:00-05:00,22.600118778302914,24.335062319111966,22.56954785016011,22.89055061340332,685900,0.0,0.0
2007-01-05 00:00:00-05:00,22.286755340843705,22.890546740553294,22.286755340843705,22.3861141204834,270200,0.0,0.0
2007-01-08 00:00:00-05:00,22.47019357521784,22.508409065300658,21.981046964332936,22.22562026977539,292600,0.0,0.0
2007-01-09 00:00:00-05:00,22.279105278097614,22.623037165025636,22.11096160991663,22.584821701049805,167500,0.0,0.0
2007-01-10 00:00:00-05:00,22.600119141914035,22.63833462492188,22.470189415230607,22.630691528320312,161700,0.0,0.0
2007-01-11 00:00:00-05:00,22.707119768546242,23.012837804077268,22.707119768546242,22.95169448852539,267200,0.0,0.0
2007-01-12 00:00:00-05:00,23.257403642970093,23.578406311602503,23.165687970030334,23.410261154174805,800500,0.0,0.0
2007-01-16 00:00:00-05:00,23.524912368537215,23.746556328971785,23.402625743930923,23.440839767456055,292500,0.0,0.0
2007-01-17 00:00:00-05:00,23.31090580544005,23.540192820417833,23.234476314523697,23.30326271057129,130100,0.0,0.0
2007-01-18 00:00:00-05:00,23.265049070353005,23.265049070353005,22.898187799574107,22.936403274536133,218500,0.0,0.0
2007-01-19 00:00:00-05:00,22.936404799207164,23.578410243532662,22.86761839747433,23.55548095703125,328600,0.0,0.0
2007-01-22 00:00:00-05:00,23.540196457301146,23.555482649400343,23.08162235649739,23.234479904174805,161500,0.0,0.0
2007-01-23 00:00:00-05:00,23.272698378067897,23.74655873192509,23.272698378067897,23.608985900878906,364000,0.0,0.0
2007-01-24 00:00:00-05:00,23.693050265627424,23.80769376568106,23.586049859946858,23.769479751586914,133200,0.0,0.0
2007-01-25 00:00:00-05:00,23.73126948522655,23.838271372149407,23.13512257107306,23.234479904174805,166100,0.0,0.0
2007-01-26 00:00:00-05:00,23.23447119504969,23.425544151354,22.829397460657976,23.36440086364746,192700,0.0,0.0
2007-01-29 00:00:00-05:00,23.349118479573693,23.845909413081767,23.349118479573693,23.586050033569336,189500,0.0,0.0
2007-01-30 00:00:00-05:00,23.59370227255719,23.845918655395508,23.547843688207116,23.845918655395508,122300,0.0,0.0
2007-01-31 00:00:00-05:00,23.8382656238137,24.281554883395447,23.61662026513725,23.960552215576172,307100,0.0,0.0
2007-02-01 00:00:00-05:00,24.075198620660135,24.31977183372184,23.85355323521588,23.907054901123047,202000,0.0,0.0
2007-02-02 00:00:00-05:00,23.922336280604604,24.036981233708314,23.685406195881125,23.822978973388672,326300,0.0,0.0
2007-02-05 00:00:00-05:00,23.845910106066036,23.991124531129774,23.670121844625267,23.929981231689453,165300,0.0,0.0
2007-02-06 00:00:00-05:00,23.94527216870601,24.3503475189209,23.884128857142585,24.3503475189209,210300,0.0,0.0
2007-02-07 00:00:00-05:00,24.380911688604208,25.160488330533934,24.26626819341788,24.954132080078125,1103100,0.0,0.0
2007-02-08 00:00:00-05:00,24.839495541703254,25.16049685385835,24.785995323010738,25.114641189575195,198400,0.0,0.0
2007-02-09 00:00:00-05:00,25.007636445969105,25.2980653215625,24.93885004584588,25.084064483642578,341700,0.0,0.0
2007-02-12 00:00:00-05:00,25.084070040217366,25.084070040217366,23.777131063908232,24.228063583374023,505100,0.0,0.0
2007-02-13 00:00:00-05:00,24.266272780576347,24.357988468725505,23.96819934519155,24.029342651367188,370000,0.0,0.0
2007-02-14 00:00:00-05:00,23.998766751694184,24.006409846067253,23.754193562840776,23.769479751586914,411500,0.0,0.0
2007-02-15 00:00:00-05:00,23.76948137209452,23.87648178506995,23.69305188092438,23.807695388793945,310900,0.0,0.0
2007-02-16 00:00:00-05:00,23.807699067576557,23.960558073536728,23.700698638067347,23.88412857055664,142700,0.0,0.0
2007-02-20 00:00:00-05:00,23.868843849088773,24.029345961013465,23.80770053449165,23.9987735748291,236800,0.0,0.0
2007-02-21 00:00:00-05:00,23.845908721487653,23.845908721487653,23.242117399022895,23.738906860351562,309400,0.0,0.0
2007-02-22 00:00:00-05:00,23.7389169443075,23.84591885089649,23.3644139156755,23.51727294921875,230500,0.0,0.0
2007-02-23 00:00:00-05:00,23.532550997439223,23.5784081085183,23.394978206430714,23.486692428588867,140800,0.0,0.0
2007-02-26 00:00:00-05:00,23.616620492229274,23.65483596362949,23.17333122838496,23.448476791381836,299700,0.0,0.0
2007-02-27 00:00:00-05:00,23.448480323198105,23.448480323198105,22.623044967651367,22.623044967651367,461200,0.0,0.0
2007-02-28 00:00:00-05:00,22.630690244856222,22.821763275744175,22.294401302317393,22.47018814086914,554200,0.0,0.0
2007-03-01 00:00:00-05:00,22.240902833409965,22.638335118731,22.019257400444584,22.546619415283203,553700,0.0,0.0
2007-03-02 00:00:00-05:00,22.52368808408892,22.821762999956718,22.34025815158571,22.370830535888672,350700,0.0,0.0
2007-03-05 00:00:00-05:00,22.370832024021592,22.737691913431945,22.195045175900585,22.233259201049805,1021800,0.0,0.0
2007-03-06 00:00:00-05:00,22.470181215135483,23.150401986724376,22.470181215135483,22.67654037475586,484000,0.0,0.0
2007-03-07 00:00:00-05:00,22.68418467982738,22.852328379364277,22.516039522519318,22.69182777404785,208600,0.0,0.0
2007-03-08 00:00:00-05:00,22.882906093180143,22.913477019420863,22.46254455964108,22.55426025390625,218100,0.0,0.0
2007-03-09 00:00:00-05:00,22.74533032817775,22.75297342318868,22.14153894225586,22.355541229248047,329500,0.0,0.0
2007-03-12 00:00:00-04:00,22.35554335382617,22.49311616155469,22.24854292904686,22.42432975769043,197100,0.0,0.0
2007-03-13 00:00:00-04:00,22.332232548095515,22.362929013409275,21.725961622752184,21.910144805908203,348400,0.12,0.0
2007-03-14 00:00:00-04:00,21.526432084683584,21.986890830273403,21.3115524101642,21.664569854736328,1004900,0.0,0.0
2007-03-15 00:00:00-04:00,21.526435206409893,21.871779681623014,21.449693290814277,21.725967407226562,707000,0.0,0.0
2007-03-16 00:00:00-04:00,21.725967813747715,21.79503671008271,21.442019207711176,21.518762588500977,528100,0.0,0.0
2007-03-19 00:00:00-04:00,21.718293188673286,21.756665610698853,21.273183339484305,21.564807891845703,339900,0.0,0.0
2007-03-20 00:00:00-04:00,21.603166745232237,21.672235602418745,21.41130913388247,21.626190185546875,230100,0.0,0.0
2007-03-21 00:00:00-04:00,21.67991625590843,22.055957105581214,21.60317289676427,22.048282623291016,342700,0.0,0.0
2007-03-22 00:00:00-04:00,22.117352319371424,22.24781559562151,21.87944921459464,22.009912490844727,265900,0.0,0.0
2007-03-23 00:00:00-04:00,22.063638847147516,22.255496576253144,21.933175532805354,22.155731201171875,181600,0.0,0.0
2007-03-26 00:00:00-04:00,22.247814144683193,22.255488626757145,22.025260019569668,22.17874526977539,142200,0.0,0.0
2007-03-27 00:00:00-04:00,22.186419810127305,22.186419810127305,21.8027044879684,21.99456214904785,197900,0.0,0.0
2007-03-28 00:00:00-04:00,22.002249461717533,22.002249461717533,21.64155737550397,21.87178611755371,166500,0.0,0.0
2007-03-29 00:00:00-04:00,21.894796426497216,21.894796426497216,21.511081111047787,21.710613250732422,187500,0.0,0.0
2007-03-30 00:00:00-04:00,21.71062629087062,21.91783157321193,21.43435062940402,21.87178611755371,224200,0.0,0.0
2007-04-02 00:00:00-04:00,21.88712164156697,22.071304814782227,21.802703804934158,21.986886978149414,161300,0.0,0.0
2007-04-03 00:00:00-04:00,22.063633046898033,22.493393837263657,22.063633046898033,22.27083969116211,266500,0.0,0.0
2007-04-04 00:00:00-04:00,22.35525516451867,22.447347490584786,22.094330078806713,22.10200309753418,517900,0.0,0.0
2007-04-05 00:00:00-04:00,22.186417722668924,22.263161072631696,22.148046779566364,22.224788665771484,332000,0.0,0.0
2007-04-09 00:00:00-04:00,22.355254628535967,22.547112294795745,22.27851273303832,22.439672470092773,328400,0.0,0.0
2007-04-10 00:00:00-04:00,22.5164217645901,22.785022860907567,22.470376322402544,22.66990852355957,297800,0.0,0.0
2007-04-11 00:00:00-04:00,22.731299084069043,22.761995552408507,22.4857200185635,22.6008358001709,212800,0.0,0.0
2007-04-12 00:00:00-04:00,22.616184389785843,22.823391050131526,22.37060677623157,22.63920783996582,237700,0.0,0.0
2007-04-13 00:00:00-04:00,22.616180737691,22.9922215806921,22.455021003729588,22.662227630615234,422600,0.0,0.0
2007-04-16 00:00:00-04:00,22.777344803789866,23.21478009535225,22.761995837548874,23.138036727905273,182500,0.0,0.0
2007-04-17 00:00:00-04:00,23.12269033755544,23.199433713551706,22.93083262944385,23.076644897460938,228100,0.0,0.0
2007-04-18 00:00:00-04:00,23.02292262420242,23.138036944571834,22.869435887871205,22.907808303833008,274000,0.0,0.0
2007-04-19 00:00:00-04:00,22.86176773472388,22.969207594770257,22.700606480896006,22.808046340942383,234600,0.0,0.0
2007-04-20 00:00:00-04:00,23.022921932808913,23.138036249721367,22.769669850098335,22.90013313293457,223600,0.0,0.0
2007-04-23 00:00:00-04:00,22.90012997190691,23.00756979102698,22.754317743274136,22.838735580444336,134900,0.0,0.0
2007-04-24 00:00:00-04:00,22.80036435570834,22.808038838009672,22.27851273303832,22.439672470092773,309600,0.0,0.0
2007-04-25 00:00:00-04:00,22.524094220004955,22.984552991678274,22.524094220004955,22.715951919555664,337800,0.0,0.0
2007-04-26 00:00:00-04:00,22.66222699619585,22.66222699619585,22.332231591599268,22.470369338989258,235700,0.0,0.0
2007-04-27 00:00:00-04:00,22.44735171153008,22.44735171153008,22.071310781586195,22.286191940307617,353500,0.0,0.0
2007-04-30 00:00:00-04:00,22.286186041383928,22.30153354142031,21.940841674804688,21.940841674804688,481000,0.0,0.0
2007-05-01 00:00:00-04:00,21.92549922345528,21.93317370763187,21.119697413769916,21.764339447021484,682000,0.0,0.0
2007-05-02 00:00:00-04:00,21.764341100302282,22.109684131932877,21.702946685984067,22.06363868713379,383600,0.0,0.0
2007-05-03 00:00:00-04:00,22.07898306708999,22.332235156478845,21.99456521604104,22.240142822265625,456700,0.0,0.0
2007-05-04 00:00:00-04:00,22.293867672556132,22.554794302832022,22.293867672556132,22.48572540283203,339700,0.0,0.0
2007-05-07 00:00:00-04:00,22.508749158631186,22.669910415373934,22.485725703736982,22.53177261352539,216200,0.0,0.0
2007-05-08 00:00:00-04:00,22.531771264543647,22.70060553238465,22.39363347096544,22.654560089111328,339500,0.0,0.0
2007-05-09 00:00:00-04:00,22.56246708268979,22.884788103746423,22.51642164075547,22.785022735595703,154800,0.0,0.0
2007-05-10 00:00:00-04:00,22.79269070587815,22.976873884735298,22.57013511657715,22.57013511657715,383100,0.0,0.0
2007-05-11 00:00:00-04:00,22.677582066918028,22.677582066918028,22.393633459164242,22.585491180419922,284000,0.0,0.0
2007-05-14 00:00:00-04:00,22.616182558828232,22.616182558828232,22.39362841347144,22.45502281188965,271600,0.0,0.0
2007-05-15 00:00:00-04:00,22.44735349153927,22.562467832077562,22.316890181927,22.332239151000977,319100,0.0,0.0
2007-05-16 00:00:00-04:00,22.339911079112543,22.46269989013672,22.324562111794997,22.46269989013672,249500,0.0,0.0
2007-05-17 00:00:00-04:00,22.408980346523293,22.48572225689016,22.355258960005127,22.424327850341797,202900,0.0,0.0
2007-05-18 00:00:00-04:00,22.43967184858361,22.600833044932234,22.378277455631228,22.57013511657715,423400,0.0,0.0
2007-05-21 00:00:00-04:00,22.54711089421201,22.769666475852382,22.539437876145143,22.677574157714844,212600,0.0,0.0
2007-05-22 00:00:00-04:00,22.75432209622846,22.984552206074984,22.70827665976237,22.892459869384766,170300,0.0,0.0
2007-05-23 00:00:00-04:00,22.877112705373907,23.107342833362704,22.800369329377638,23.076644897460938,329800,0.0,0.0
2007-05-24 00:00:00-04:00,23.045938211854004,23.199423432067046,22.984543831017287,23.068960189819336,632600,0.0,0.0
2007-05-25 00:00:00-04:00,23.115018157960595,23.199434557244118,23.076645736687897,23.107343673706055,236100,0.0,0.0
2007-05-29 00:00:00-04:00,23.17641717700742,23.375947952270508,23.122695776542823,23.375947952270508,369000,0.0,0.0
2007-05-30 00:00:00-04:00,23.268496458152327,23.767326074702552,23.268496458152327,23.690584182739258,363700,0.0,0.0
2007-05-31 00:00:00-04:00,23.775003330132268,24.08197532506866,23.72128341398814,23.890117645263672,398800,0.0,0.0
2007-06-01 00:00:00-04:00,23.98221190583572,24.465692653803824,23.98221190583572,24.419647216796875,247000,0.0,0.0
2007-06-04 00:00:00-04:00,24.342899345445026,24.342899345445026,23.997556436102624,24.08964729309082,222900,0.0,0.0
2007-06-05 00:00:00-04:00,24.01290224229273,24.058947664731477,23.521745702501615,24.028249740600586,239700,0.0,0.0
2007-06-06 00:00:00-04:00,23.798033560858816,23.798033560858816,23.25315683377421,23.483386993408203,328700,0.0,0.0
2007-06-07 00:00:00-04:00,23.483378836141032,23.4910533185055,23.11501246519367,23.176406860351562,346600,0.0,0.0
2007-06-08 00:00:00-04:00,23.18408474560082,23.18408474560082,22.685254997262312,23.076644897460938,275700,0.0,0.0
2007-06-11 00:00:00-04:00,22.999892660887024,23.176402796806357,22.80803502668749,23.015241622924805,184900,0.0,0.0
2007-06-12 00:00:00-04:00,22.915483141253556,23.099666349443325,22.69292751650882,22.80036735534668,198800,0.0,0.0
2007-06-13 00:00:00-04:00,22.908242959861347,22.93906538521038,22.677080648520153,22.846599578857422,323800,0.12,0.0
2007-06-14 00:00:00-04:00,22.892828175300878,22.931356200975777,22.738720481682996,22.869712829589844,194100,0.0,0.0
2007-06-15 00:00:00-04:00,23.193343704166548,23.201049310234232,22.715606415828688,23.154815673828125,341300,0.0,0.0
2007-06-18 00:00:00-04:00,23.123994662414873,23.247281419806633,22.993002298974368,23.108583450317383,197800,0.0,0.0
2007-06-19 00:00:00-04:00,23.054647117892916,23.12399610696977,22.923654746269325,23.02382469177246,455100,0.0,0.0
2007-06-20 00:00:00-04:00,23.09317310287313,23.13940674089668,22.815778623202522,22.846599578857422,262100,0.0,0.0
2007-06-21 00:00:00-04:00,22.784961984426506,22.885133422556716,22.507565964613004,22.854310989379883,243900,0.0,0.0
2007-06-22 00:00:00-04:00,22.85430627984973,22.85430627984973,22.45362354928559,22.646259307861328,303300,0.0,0.0
2007-06-25 00:00:00-04:00,22.584615270817533,22.59232087730104,22.245577403708143,22.461328506469727,249200,0.0,0.0
2007-06-26 00:00:00-04:00,22.53067699898329,22.553793817924763,22.17622792671214,22.29180908203125,318400,0.0,0.0
2007-06-27 00:00:00-04:00,22.160821204313113,22.64626274289125,21.960479808642862,22.48444938659668,290500,0.0,0.0
2007-06-28 00:00:00-04:00,22.51526328326125,23.0084117446622,22.51526328326125,22.700193405151367,226200,0.0,0.0
2007-06-29 00:00:00-04:00,22.80807868261179,22.90054304223965,22.260992254318023,22.322635650634766,250000,0.0,0.0
2007-07-02 00:00:00-04:00,22.5846208153289,22.993009241048984,22.34575283447484,22.87742805480957,667900,0.0,0.0
2007-07-03 00:00:00-04:00,22.89283116483041,23.332041896716486,22.89283116483041,23.216459274291992,128600,0.0,0.0
2007-07-05 00:00:00-04:00,23.285806986910043,23.355155968696018,23.008412529460145,23.31662940979004,248600,0.0,0.0
2007-07-06 00:00:00-04:00,23.355155968696018,23.57861412549395,23.177931446218082,23.31662940979004,292000,0.0,0.0
2007-07-09 00:00:00-04:00,23.293518261416605,23.486154042215013,23.039239089550485,23.270402908325195,326600,0.0,0.0
2007-07-10 00:00:00-04:00,23.116289113183786,23.278102431522914,22.97759114335363,23.154815673828125,330800,0.0,0.0
2007-07-11 00:00:00-04:00,23.15481187842597,23.247277666387646,23.039230745744256,23.11628532409668,242500,0.0,0.0
2007-07-12 00:00:00-04:00,23.23187247691859,23.478446015786563,22.931361160135022,23.224166870117188,221800,0.0,0.0
2007-07-13 00:00:00-04:00,23.147113255660564,23.239577595948223,22.90053825227369,23.05464744567871,217300,0.0,0.0
2007-07-16 00:00:00-04:00,23.03924568414445,23.231881520081604,22.900547647118533,23.046951293945312,269900,0.0,0.0
2007-07-17 00:00:00-04:00,23.054656518051186,23.13941675474786,22.923664093017578,22.923664093017578,141400,0.0,0.0
2007-07-18 00:00:00-04:00,22.808076519489674,22.962184260818674,22.42280496162564,22.692495346069336,239900,0.0,0.0
2007-07-19 00:00:00-04:00,22.87741992838412,22.993001073567264,22.646256168323838,22.831186294555664,217500,0.0,0.0
2007-07-20 00:00:00-04:00,22.777250522249155,22.83889390306562,22.083762120640376,22.29180908203125,404000,0.0,0.0
2007-07-23 00:00:00-04:00,22.314936662251668,22.338053493863637,21.89884398110074,22.0067195892334,221400,0.0,0.0
2007-07-24 00:00:00-04:00,21.829487722844913,22.345751700224074,21.39027835561231,21.521270751953125,470100,0.0,0.0
2007-07-25 00:00:00-04:00,21.644550963573007,21.644550963573007,21.05123255632818,21.28239631652832,399700,0.0,0.0
2007-07-26 00:00:00-04:00,20.943362822200516,21.074355215050044,19.880012463846846,20.35004425048828,884700,0.0,0.0
2007-07-27 00:00:00-04:00,20.234461727504286,20.33463168257711,19.81066214602557,19.972476959228516,455600,0.0,0.0
2007-07-30 00:00:00-04:00,19.98018135834958,20.272987068290963,19.47162306708165,20.203638076782227,399800,0.0,0.0
2007-07-31 00:00:00-04:00,20.920248711124675,22.006714563977823,20.920248711124675,21.112884521484375,1001300,0.0,0.0
2007-08-01 00:00:00-04:00,20.997297368873458,21.290103070838178,20.396273282069007,21.005002975463867,566100,0.0,0.0
2007-08-02 00:00:00-04:00,21.089767295290876,21.382573054415506,20.8894258939132,21.074356079101562,512300,0.0,0.0
2007-08-03 00:00:00-04:00,21.043531115734915,21.105174503383612,20.31151607111843,20.419391632080078,546000,0.0,0.0
2007-08-06 00:00:00-04:00,20.496444324703045,21.051234761859398,19.980180450102797,20.927947998046875,563700,0.0,0.0
2007-08-07 00:00:00-04:00,20.78154493464218,21.159110841972936,20.29610347370098,20.550382614135742,680400,0.0,0.0
2007-08-08 00:00:00-04:00,20.473327020485126,20.958769927482624,19.826070790951206,20.7584285736084,763800,0.0,0.0
2007-08-09 00:00:00-04:00,20.52727007950336,22.39198465520291,20.427100111624092,22.322635650634766,1304200,0.0,0.0
2007-08-10 00:00:00-04:00,22.29181730217467,22.731026736162942,21.84490225903112,22.476747512817383,999000,0.0,0.0
2007-08-13 00:00:00-04:00,21.60602913668909,22.15311402988694,20.781546788685723,21.528974533081055,780100,0.0,0.0
2007-08-14 00:00:00-04:00,21.49044082813818,21.737014318892523,20.550379027213758,20.612022399902344,627300,0.0,0.0
2007-08-15 00:00:00-04:00,20.550381371984155,21.135994214190315,20.041823121854037,20.1882266998291,319200,0.0,0.0
2007-08-16 00:00:00-04:00,20.141992287935302,20.72760510761383,19.79524884147297,20.034116744995117,592600,0.0,0.0
2007-08-17 00:00:00-04:00,20.80466655654294,21.18223255102056,20.157410146097153,20.76613998413086,733900,0.0,0.0
2007-08-20 00:00:00-04:00,20.85859549789338,21.328627124351954,20.619727616934686,21.03582000732422,199800,0.0,0.0
2007-08-21 00:00:00-04:00,20.935649157533696,21.12828486878458,20.627432313471054,20.78924560546875,291700,0.0,0.0
2007-08-22 00:00:00-04:00,20.93564515656151,20.997288513593492,20.550373807688235,20.73530387878418,351400,0.0,0.0
2007-08-23 00:00:00-04:00,20.7969557612267,20.82777818722468,20.311514309311857,20.47332763671875,264500,0.0,0.0
2007-08-24 00:00:00-04:00,20.4425086988416,20.997299194335938,20.319221922065083,20.997299194335938,277500,0.0,0.0
2007-08-27 00:00:00-04:00,20.88941831184795,20.981882636033863,20.558084632511573,20.612022399902344,197700,0.0,0.0
2007-08-28 00:00:00-04:00,20.434798203998948,20.619728324932257,20.095758914107574,20.180519104003906,503100,0.0,0.0
2007-08-29 00:00:00-04:00,20.350044618419265,20.550386015205113,19.92624647078787,20.427099227905273,303500,0.0,0.0
2007-08-30 00:00:00-04:00,20.15740720646658,20.34233737252567,19.779841267050823,19.980182647705078,328500,0.0,0.0
2007-08-31 00:00:00-04:00,20.226754350206843,20.665963638088837,20.064941020858395,20.496444702148438,221200,0.0,0.0
2007-09-04 00:00:00-04:00,20.388559076920806,20.981877306912107,20.36544373659229,20.73530387878418,257900,0.0,0.0
2007-09-05 00:00:00-04:00,20.642849646267223,20.750725206264192,20.2806934610872,20.31922149658203,425300,0.0,0.0
2007-09-06 00:00:00-04:00,20.388565003755833,20.612023156513203,20.080348128999105,20.34233283996582,280100,0.0,0.0
2007-09-07 00:00:00-04:00,20.034118598700253,20.24216556764413,19.463916938023623,19.987886428833008,326900,0.0,0.0
2007-09-10 00:00:00-04:00,20.08035235253521,20.08035235253521,19.2789883096154,19.40227508544922,521700,0.0,0.0
2007-09-11 00:00:00-04:00,19.463917077360474,19.6257304079013,19.240458893629782,19.533266067504883,607100,0.0,0.0
2007-09-12 00:00:00-04:00,19.533264816243314,19.819722386838166,19.471328243774746,19.517780303955078,226900,0.12,0.0
2007-09-13 00:00:00-04:00,19.62616871714959,20.10617674312649,19.43261676032698,19.67262077331543,300000,0.0,0.0
2007-09-14 00:00:00-04:00,19.44810240411782,19.68036417516037,19.293260238966567,19.610685348510742,240900,0.0,0.0
2007-09-17 00:00:00-04:00,19.5023006818963,19.781014568446782,19.316490931967774,19.571979522705078,310000,0.0,0.0
2007-09-18 00:00:00-04:00,19.71133315528399,20.64038326036904,19.517781173114976,20.593931198120117,462000,0.0,0.0
2007-09-19 00:00:00-04:00,20.849422784347023,21.476530884204053,20.586191932222413,20.8416805267334,615800,0.0,0.0
2007-09-20 00:00:00-04:00,20.779738781024086,20.779738781024086,20.2532772075428,20.4390869140625,166500,0.0,0.0
2007-09-21 00:00:00-04:00,20.63264133614174,20.63264133614174,20.021017830514165,20.08295440673828,888100,0.0,0.0
2007-09-24 00:00:00-04:00,20.04424342268276,20.24553766758508,19.796497114090517,19.88166046142578,334200,0.0,0.0
2007-09-25 00:00:00-04:00,19.757787248268126,19.83520833864367,19.31648895281733,19.494556427001953,383300,0.0,0.0
2007-09-26 00:00:00-04:00,19.64164901744846,20.067462640501308,19.362933786834134,19.370676040649414,338700,0.0,0.0
2007-09-27 00:00:00-04:00,19.479070027945404,19.479070027945404,18.851962062310303,18.944866180419922,578200,0.0,0.0
2007-09-28 00:00:00-04:00,18.859701777288052,18.991317157447675,18.480340146636,18.534534454345703,468600,0.0,0.0
2007-10-01 00:00:00-04:00,18.441631599290496,18.67389485098826,18.16291628792692,18.240337371826172,496100,0.0,0.0
2007-10-02 00:00:00-04:00,18.364215611600265,18.42615220057067,18.217117135723523,18.255826950073242,631000,0.0,0.0
2007-10-03 00:00:00-04:00,18.19388226245734,18.774538079344275,17.8145206392933,18.65840721130371,487800,0.0,0.0
2007-10-04 00:00:00-04:00,18.751323080105543,18.751323080105543,18.387445738157048,18.57325553894043,368400,0.0,0.0
2007-10-05 00:00:00-04:00,18.797764753859184,19.285514987974004,18.627438103307902,19.24680519104004,234400,0.0,0.0
2007-10-08 00:00:00-04:00,19.262287204863505,19.262287204863505,18.937119907093013,19.030025482177734,278800,0.0,0.0
2007-10-09 00:00:00-04:00,19.068738495339264,19.107449773442966,18.61969800612622,18.92938232421875,244400,0.0,0.0
2007-10-10 00:00:00-04:00,18.968093666990107,18.968093666990107,18.673895312916695,18.813251495361328,343900,0.0,0.0
2007-10-11 00:00:00-04:00,18.975839769097746,19.215843854748336,18.356472433739057,18.61970329284668,1147800,0.0,0.0
2007-10-12 00:00:00-04:00,18.666156445126806,18.92164504101396,18.325504491715716,18.867450714111328,467500,0.0,0.0
2007-10-15 00:00:00-04:00,18.921645009810433,18.921645009810433,18.139694708127827,18.35647201538086,430500,0.0,0.0
2007-10-16 00:00:00-04:00,18.340988159179688,18.5113133896693,18.039046031318417,18.340988159179688,571200,0.0,0.0
2007-10-17 00:00:00-04:00,18.542274637433355,18.627436478596966,17.613224825210217,18.03129768371582,709300,0.0,0.0
2007-10-18 00:00:00-04:00,17.930647221171586,18.054520314361973,17.62870674110549,17.92290496826172,261000,0.0,0.0
2007-10-19 00:00:00-04:00,17.876470297010723,17.89969707830844,17.458397093762986,17.69066047668457,512600,0.0,0.0
2007-10-22 00:00:00-04:00,17.54355132401862,18.418407099312876,17.31128953902398,17.992591857910156,581600,0.0,0.0
2007-10-23 00:00:00-04:00,18.100987322506402,18.34873519042902,17.67517339715232,18.04679298400879,241800,0.0,0.0
2007-10-24 00:00:00-04:00,17.94613778429939,18.108720720231513,17.264834065110033,17.91516876220703,448500,0.0,0.0
2007-10-25 00:00:00-04:00,17.946142276344066,18.240340676440123,17.582263559098738,17.83001136779785,421100,0.0,0.0
2007-10-26 00:00:00-04:00,18.01582262576716,18.01582262576716,17.43516655771722,17.760334014892578,271900,0.0,0.0
2007-10-29 00:00:00-04:00,17.938397566386534,18.30227475719879,17.466130262623324,17.68290901184082,304200,0.0,0.0
2007-10-30 00:00:00-04:00,17.92290855870962,18.80550637035425,17.806777695164918,18.550016403198242,874300,0.0,0.0
2007-10-31 00:00:00-04:00,18.650663087142565,19.734553541353762,18.58872653195004,19.556486129760742,904700,0.0,0.0
2007-11-01 00:00:00-04:00,19.440363814362026,19.52552569223961,18.937127421059543,19.146163940429688,758300,0.0,0.0
2007-11-02 00:00:00-04:00,19.331969993012624,19.49455441367862,18.944866057797988,19.417133331298828,487300,0.0,0.0
2007-11-05 00:00:00-05:00,19.20036576857909,19.27778689600989,18.77455178273747,19.115203857421875,522200,0.0,0.0
2007-11-06 00:00:00-05:00,19.184876392785785,19.541011394071663,18.720351258195112,19.471332550048828,683300,0.0,0.0
2007-11-07 00:00:00-05:00,19.44035527336025,19.82745911248453,19.370676464183163,19.556486129760742,1199800,0.0,0.0
2007-11-08 00:00:00-05:00,19.695841471430093,19.827456820586008,19.239058875929214,19.79648780822754,822900,0.0,0.0
2007-11-09 00:00:00-05:00,19.486813440221876,19.502297953053755,18.890672986354407,19.122936248779297,458400,0.0,0.0
2007-11-12 00:00:00-05:00,19.061000199205502,19.502298490279394,18.611959651502396,18.83647918701172,816900,0.0,0.0
2007-11-13 00:00:00-05:00,18.975839777771682,19.5952056367288,18.975839777771682,19.58746337890625,689100,0.0,0.0
2007-11-14 00:00:00-05:00,19.633922555258764,19.9358633134869,19.030039562117373,19.091976165771484,411700,0.0,0.0
2007-11-15 00:00:00-05:00,18.9603503643431,19.239065667219208,18.61969849157056,18.952608108520508,387200,0.0,0.0
2007-11-16 00:00:00-05:00,18.99905903734893,19.030026579707165,18.418403220461993,18.65840721130371,516300,0.0,0.0
2007-11-19 00:00:00-05:00,18.441632898473557,18.635184883514942,17.94614028930664,17.94614028930664,528900,0.0,0.0
2007-11-20 00:00:00-05:00,17.99259060606516,18.108721490482605,17.349998137158703,17.97710609436035,538700,0.0,0.0
2007-11-21 00:00:00-05:00,17.87646099185074,17.884203248253264,17.26483602621088,17.68290901184082,434000,0.0,0.0
2007-11-23 00:00:00-05:00,17.837753889193607,18.511314054738705,17.837753889193607,18.325504302978516,98600,0.0,0.0
2007-11-26 00:00:00-05:00,18.33324808862287,18.340990346843775,17.450651325026744,17.481618881225586,297500,0.0,0.0
2007-11-27 00:00:00-05:00,17.489366135493274,17.922922382920966,17.373235182375073,17.69066047668457,573700,0.0,0.0
2007-11-28 00:00:00-05:00,17.91517359849709,18.573250728768365,17.830011718121735,18.402925491333008,248200,0.0,0.0
2007-11-29 00:00:00-05:00,18.333243990448043,18.333243990448043,17.613230380386895,17.837751388549805,272500,0.0,0.0
2007-11-30 00:00:00-05:00,18.116464406416863,18.61969924168426,17.860975860715918,17.891944885253906,357600,0.0,0.0
2007-12-03 00:00:00-05:00,17.76806798874491,17.814520039059182,17.210637478237427,17.419673919677734,400900,0.0,0.0
2007-12-04 00:00:00-05:00,17.311295774511017,17.4196844496586,16.885480379730616,17.39645767211914,264200,0.0,0.0
2007-12-05 00:00:00-05:00,17.6209647689523,17.806774411698406,17.102245629196343,17.326765060424805,331800,0.0,0.0
2007-12-06 00:00:00-05:00,17.319036375712365,17.628719329833984,17.00935194490594,17.628719329833984,647900,0.0,0.0
2007-12-07 00:00:00-05:00,17.71387508595646,17.860974991988485,17.48161331995582,17.752586364746094,159900,0.0,0.0
2007-12-10 00:00:00-05:00,17.760323202674975,18.046779194912723,17.721611935694302,17.86096954345703,150400,0.0,0.0
2007-12-11 00:00:00-05:00,17.938393322960714,18.03129890112929,17.017085702582264,17.02482795715332,382100,0.0,0.0
2007-12-12 00:00:00-05:00,17.56196780264994,17.748797073607303,16.05954741164902,16.160747528076172,626500,0.12,0.0
2007-12-13 00:00:00-05:00,15.97391678579226,16.44877391560891,15.693672162775473,16.35536003112793,706200,0.0,0.0
2007-12-14 00:00:00-05:00,16.036187408507743,16.22301659473979,15.794866561889648,15.794866561889648,388900,0.0,0.0
2007-12-17 00:00:00-05:00,15.631397493352836,15.678104440817862,15.358937577697185,15.382291793823242,303500,0.0,0.0
2007-12-18 00:00:00-05:00,15.49906040390295,15.662536952474634,15.047555937771692,15.584691047668457,334300,0.0,0.0
2007-12-19 00:00:00-05:00,15.615823198058497,15.755945482009391,15.070905019655344,15.51462459564209,365000,0.0,0.0
2007-12-20 00:00:00-05:00,15.631395659708568,15.678102601694627,15.187675998873727,15.553549766540527,255400,0.0,0.0
2007-12-21 00:00:00-05:00,15.826009326564883,15.911639955777119,15.351150724259771,15.49905776977539,423600,0.0,0.0
2007-12-24 00:00:00-05:00,15.639179266098083,16.33200454711914,15.639179266098083,16.33200454711914,111700,0.0,0.0
2007-12-26 00:00:00-05:00,16.230808537388313,16.2697307450093,15.320014922058984,15.615827560424805,312100,0.0,0.0
2007-12-27 00:00:00-05:00,15.600255846939975,15.779300334946246,15.265519596014613,15.491271018981934,263900,0.0,0.0
2007-12-28 00:00:00-05:00,15.592474435717799,15.732595270484481,15.25773811340332,15.25773811340332,158400,0.0,0.0
2007-12-31 00:00:00-05:00,15.281092470721747,15.358938377073109,15.070910453796387,15.070910453796387,315200,0.0,0.0
2008-01-02 00:00:00-05:00,15.109831406882922,15.28109119877105,14.852940976657209,14.915217399597168,388100,0.0,0.0
2008-01-03 00:00:00-05:00,14.97749068081032,15.047551827519902,14.339157108377888,14.370294570922852,265600,0.0,0.0
2008-01-04 00:00:00-05:00,14.20681688460871,14.20681688460871,13.296023633162886,13.475068092346191,453800,0.0,0.0
2008-01-07 00:00:00-05:00,13.70861093461385,13.70861093461385,12.805602073669434,12.805602073669434,894900,0.0,0.0
2008-01-08 00:00:00-05:00,13.552920814986212,14.222393547616194,13.233753927287548,13.319384574890137,1141300,0.0,0.0
2008-01-09 00:00:00-05:00,13.257106477483969,13.451720481344225,12.751108879617691,13.101414680480957,449700,0.0,0.0
2008-01-10 00:00:00-05:00,12.914588744447222,13.661905999237979,12.836742825876335,13.443939208984375,544200,0.0,0.0
2008-01-11 00:00:00-05:00,13.311594203904521,13.521777621941938,13.101410785867103,13.225963592529297,589400,0.0,0.0
2008-01-14 00:00:00-05:00,13.303812770227047,13.498426764543082,13.225966875543245,13.257105827331543,307800,0.0,0.0
2008-01-15 00:00:00-05:00,13.070278390500777,13.202614499662975,12.681050347683536,13.015785217285156,412700,0.0,0.0
2008-01-16 00:00:00-05:00,12.914583645682448,13.615193666640067,12.906798908420086,13.241535186767578,619200,0.0,0.0
2008-01-17 00:00:00-05:00,13.288244939808868,13.35830610522123,12.906801641889963,12.93794059753418,408700,0.0,0.0
2008-01-18 00:00:00-05:00,15.156538238059676,15.156538238059676,12.455296371922348,12.844524383544922,553500,0.0,0.0
2008-01-22 00:00:00-05:00,12.315179420008658,13.942153336789843,12.315179420008658,13.864307403564453,926300,0.0,0.0
2008-01-23 00:00:00-05:00,13.5140005134586,14.954143338929605,13.40501563252633,14.876298904418945,1167300,0.0,0.0
2008-01-24 00:00:00-05:00,14.845157789321748,14.993064866053702,14.284669924298251,14.557129859924316,505200,0.0,0.0
2008-01-25 00:00:00-05:00,14.68168025812065,14.790663620190228,14.370296678287087,14.619403839111328,476900,0.0,0.0
2008-01-28 00:00:00-05:00,14.650542379614887,14.705034064642085,14.214607414610244,14.525989532470703,445500,0.0,0.0
2008-01-29 00:00:00-05:00,14.666112241225129,14.860726255588744,14.152331362088148,14.82180404663086,469300,0.0,0.0
2008-01-30 00:00:00-05:00,14.743955179498926,15.063121980100409,14.572693931029098,14.58047866821289,269300,0.0,0.0
2008-01-31 00:00:00-05:00,14.393658768755891,15.802664447874381,14.393658768755891,15.608050346374512,835100,0.0,0.0
2008-02-01 00:00:00-05:00,15.522409177280435,16.440987265328612,15.522409177280435,16.417633056640625,595900,0.0,0.0
2008-02-04 00:00:00-05:00,16.347571248356815,16.4487698456358,15.53797653097874,15.787083625793457,462500,0.0,0.0
2008-02-05 00:00:00-05:00,15.499064516031396,15.950569101953423,15.273312965464148,15.335589408874512,343400,0.0,0.0
2008-02-06 00:00:00-05:00,15.514629759275556,15.514629759275556,14.969709914723639,15.03977108001709,334000,0.0,0.0
2008-02-07 00:00:00-05:00,14.829589782670473,15.623615450521646,14.81402178735391,15.366724967956543,371700,0.0,0.0
2008-02-08 00:00:00-05:00,15.288879093489522,15.553554316820946,15.01642061487248,15.234387397766113,207400,0.0,0.0
2008-02-11 00:00:00-05:00,15.179896307918018,15.405649324682447,14.814022418609614,15.312233924865723,197200,0.0,0.0
2008-02-12 00:00:00-05:00,15.358929911039397,15.646959160337971,15.242161858269945,15.53797435760498,249800,0.0,0.0
2008-02-13 00:00:00-05:00,15.646966812445207,15.787089138209538,15.467922278318374,15.771519660949707,537600,0.0,0.0
2008-02-14 00:00:00-05:00,15.763735464857989,15.763735464857989,14.930787705021556,15.03977108001709,758600,0.0,0.0
2008-02-15 00:00:00-05:00,14.969712174434688,15.288879093489522,14.782882867045569,15.234387397766113,418500,0.0,0.0
2008-02-19 00:00:00-05:00,15.405645171241883,15.553550744293437,15.140970008704247,15.25773811340332,376100,0.0,0.0
2008-02-20 00:00:00-05:00,15.179894358051369,15.631398848796794,15.179894358051369,15.57690715789795,300400,0.0,0.0
2008-02-21 00:00:00-05:00,15.56911960020024,15.56911960020024,14.60383436316226,14.619403839111328,560900,0.0,0.0
2008-02-22 00:00:00-05:00,14.619406201716911,15.04755646599993,14.51820607648022,14.98528003692627,407900,0.0,0.0
2008-02-25 00:00:00-05:00,14.891865057804601,15.203248696467861,14.463714781823464,15.04755687713623,414300,0.0,0.0
2008-02-26 00:00:00-05:00,15.14875364503773,16.02840979122768,15.140970391343169,15.615827560424805,1136100,0.0,0.0
2008-02-27 00:00:00-05:00,15.366724967956543,15.623615450521646,14.89186621829876,15.366724967956543,1245900,0.0,0.0
2008-02-28 00:00:00-05:00,15.265529340460288,15.351158528417448,14.666117600821977,14.798455238342285,750500,0.0,0.0
2008-02-29 00:00:00-05:00,14.63497814043583,14.65054762309799,13.794245378917816,13.840953826904297,713600,0.0,0.0
2008-03-03 00:00:00-05:00,13.973286934584007,14.1134077788013,13.584058902810492,14.058916091918945,474200,0.0,0.0
2008-03-04 00:00:00-05:00,14.012205585328747,14.471494664964128,13.825376355698772,14.370294570922852,424700,0.0,0.0
2008-03-05 00:00:00-05:00,14.323591005203431,14.65832734385247,14.276884058001984,14.440359115600586,394200,0.0,0.0
2008-03-06 00:00:00-05:00,14.401435984505547,14.487066619545253,13.949931564382798,14.012207984924316,438600,0.0,0.0
2008-03-07 00:00:00-05:00,13.887652330658062,14.378078857479798,13.833160659320834,14.175680160522461,310000,0.0,0.0
2008-03-10 00:00:00-04:00,14.276881341978992,15.016415041784455,14.276881341978992,14.58047866821289,808300,0.0,0.0
2008-03-11 00:00:00-04:00,14.845155067878313,15.428997043708579,14.689464765195732,15.265522003173828,908600,0.0,0.0
2008-03-12 00:00:00-04:00,15.328183489986241,15.657148146891394,14.77207738808388,14.811239242553711,475700,0.12,0.0
2008-03-13 00:00:00-04:00,14.74074601762517,15.054045320468587,14.364786854213072,14.991385459899902,358200,0.0,0.0
2008-03-14 00:00:00-04:00,15.038376227081208,15.155863237901075,14.333451174305218,14.53709602355957,328100,0.0,0.0
2008-03-17 00:00:00-04:00,14.208137667046723,14.834737820079079,14.004492729355885,14.638925552368164,397000,0.0,0.0
2008-03-18 00:00:00-04:00,14.920898560279989,15.884296334204855,14.83474215319331,15.837300300598145,570400,0.0,0.0
2008-03-19 00:00:00-04:00,15.805967043486762,16.338576669385166,15.758972515886637,15.962615966796875,408600,0.0,0.0
2008-03-20 00:00:00-04:00,16.432559967041016,16.68319935166291,16.064433557618674,16.432559967041016,893700,0.0,0.0
2008-03-24 00:00:00-04:00,16.53438800863847,17.004336245913482,16.338575745130875,16.675373077392578,558700,0.0,0.0
2008-03-25 00:00:00-04:00,16.644040892931578,16.87901499031906,16.244583732229756,16.346406936645508,626900,0.0,0.0
2008-03-26 00:00:00-04:00,16.181924648610654,16.31507704189062,15.649315075490783,16.221086502075195,562100,0.0,0.0
2008-03-27 00:00:00-04:00,16.268077632821456,16.346402810154476,15.884285907211002,15.91561508178711,287100,0.0,0.0
2008-03-28 00:00:00-04:00,16.03309875824157,16.103591253752164,15.594479948119814,15.657139778137207,391300,0.0,0.0
2008-03-31 00:00:00-04:00,15.70414157443733,16.31507632143711,15.461334807035534,16.095766067504883,619700,0.0,0.0
2008-04-01 00:00:00-04:00,16.44822641001885,16.910343366767005,16.260246858890074,16.81635284423828,448000,0.0,0.0
2008-04-02 00:00:00-04:00,16.90251176952368,16.941673618266538,16.487389300777032,16.667537689208984,465300,0.0,0.0
2008-04-03 00:00:00-04:00,16.54221781135766,16.94950611347631,16.45605995228989,16.902511596679688,298600,0.0,0.0
2008-04-04 00:00:00-04:00,16.761526928616174,16.918177313359667,16.440394984427915,16.57354736328125,214500,0.0,0.0
2008-04-07 00:00:00-04:00,16.659701451323762,16.75369046574093,16.37773142021536,16.456056594848633,303800,0.0,0.0
2008-04-08 00:00:00-04:00,16.39340134376636,16.659706115722656,16.35423799852051,16.659706115722656,253300,0.0,0.0
2008-04-09 00:00:00-04:00,16.581375591940247,16.722360601672285,15.978273714276934,16.15842056274414,531100,0.0,0.0
2008-04-10 00:00:00-04:00,16.017441073169064,16.620541608502524,16.017441073169064,16.197587966918945,336700,0.0,0.0
2008-04-11 00:00:00-04:00,16.009610850112548,16.307244828991653,15.82163125914748,15.860793113708496,279600,0.0,0.0
2008-04-14 00:00:00-04:00,15.813791482975919,15.84512065376009,15.281182134290148,15.320343971252441,557700,0.0,0.0
2008-04-15 00:00:00-04:00,15.390838509752705,15.594483375549316,15.218524312814887,15.594483375549316,206600,0.0,0.0
2008-04-16 00:00:00-04:00,15.774633990483128,16.095765952999677,15.680644949415727,16.072269439697266,196400,0.0,0.0
2008-04-17 00:00:00-04:00,15.077542787181214,15.422172754902581,14.826903353903443,15.328182220458984,502700,0.0,0.0
2008-04-18 00:00:00-04:00,15.633648832992236,15.892122429064031,15.320349541596082,15.688477516174316,274600,0.0,0.0
2008-04-21 00:00:00-04:00,15.547493050812584,15.57882223417514,15.26552293090497,15.461335182189941,269800,0.0,0.0
2008-04-22 00:00:00-04:00,15.422174319174559,15.508330699397098,15.124538841521375,15.265523910522461,560300,0.0,0.0
2008-04-23 00:00:00-04:00,15.33601063499171,15.65714250653193,14.960051589373176,15.383005142211914,239200,0.0,0.0
2008-04-24 00:00:00-04:00,15.383011826319837,16.432565738495335,15.257692089994025,16.236753463745117,264200,0.0,0.0
2008-04-25 00:00:00-04:00,16.330737839268163,16.67536773084452,16.08009846136846,16.48738670349121,216100,0.0,0.0
2008-04-28 00:00:00-04:00,16.636206485767616,16.918176568316994,16.322907224006485,16.644039154052734,198600,0.0,0.0
2008-04-29 00:00:00-04:00,16.299408936358628,16.83985108722543,15.696308428155431,16.26807975769043,573700,0.0,0.0
2008-04-30 00:00:00-04:00,16.28374479810098,16.385566494333304,15.704139317019928,15.892120361328125,587900,0.0,0.0
2008-05-01 00:00:00-04:00,15.85296158450618,16.283749485314118,15.711976507657369,16.236753463745117,420300,0.0,0.0
2008-05-02 00:00:00-04:00,16.40123089822218,16.40123089822218,15.711971092074347,15.805961608886719,303400,0.0,0.0
2008-05-05 00:00:00-04:00,15.774633460388939,15.774633460388939,15.257689270103123,15.351679801940918,462100,0.0,0.0
2008-05-06 00:00:00-04:00,15.226357112130566,15.44566582033074,14.936554398386514,15.359509468078613,385300,0.0,0.0
2008-05-07 00:00:00-04:00,15.437841630025494,15.563162881433792,15.05404968600505,15.124542236328125,349900,0.0,0.0
2008-05-08 00:00:00-04:00,15.108874536173937,15.234194261711671,14.83473707633678,15.014883995056152,334400,0.0,0.0
2008-05-09 00:00:00-04:00,14.858231204331556,14.944389062021646,14.599759125190015,14.764242172241211,442800,0.0,0.0
2008-05-12 00:00:00-04:00,14.811241596599576,15.367349280816695,14.811241596599576,15.304689407348633,560300,0.0,0.0
2008-05-13 00:00:00-04:00,15.390836054597457,15.531821054114989,15.15586205135376,15.343841552734375,184000,0.0,0.0
2008-05-14 00:00:00-04:00,15.33601063499171,15.48482831743888,15.249852793480962,15.383005142211914,224300,0.0,0.0
2008-05-15 00:00:00-04:00,15.320348896767769,15.531826469782475,15.046211468111164,15.476999282836914,302000,0.0,0.0
2008-05-16 00:00:00-04:00,15.061881299678914,15.289024277861383,14.748581927986928,15.101044654846191,546000,0.0,0.0
2008-05-19 00:00:00-04:00,15.124531812947726,15.265516816431182,14.87389247072306,14.975715637207031,321400,0.0,0.0
2008-05-20 00:00:00-04:00,14.8817269191045,14.960052096411802,14.693747389924072,14.92872142791748,306100,0.0,0.0
2008-05-21 00:00:00-04:00,15.046215539960205,15.11670808337533,14.497942028200479,14.57626724243164,370400,0.0,0.0
2008-05-22 00:00:00-04:00,14.52926552731114,14.87389543860028,14.388281989624717,14.772073745727539,262500,0.0,0.0
2008-05-23 00:00:00-04:00,14.638925092672528,14.732914141622032,14.200304551144852,14.388285636901855,327600,0.0,0.0
2008-05-27 00:00:00-04:00,14.427444880691489,14.889561853862206,14.419612212375018,14.599759101867676,222400,0.0,0.0
2008-05-28 00:00:00-04:00,14.662423513160094,14.795575928081027,14.443114707828576,14.693754196166992,350900,0.0,0.0
2008-05-29 00:00:00-04:00,14.678091715172759,14.928731252356537,14.599766486320457,14.803411483764648,187200,0.0,0.0
2008-05-30 00:00:00-04:00,14.787739482215612,14.87389734456043,14.529267389109966,14.607592582702637,390600,0.0,0.0
2008-06-02 00:00:00-04:00,14.568432491678651,14.568432491678651,13.738188924792402,13.840010643005371,453000,0.0,0.0
2008-06-03 00:00:00-04:00,13.934003514877338,14.388287975790147,13.871342146819751,14.364789962768555,330000,0.0,0.0
2008-06-04 00:00:00-04:00,14.333457724738185,14.740747609379586,14.270797857403284,14.427448272705078,291900,0.0,0.0
2008-06-05 00:00:00-04:00,14.43527754900796,14.85039851227985,14.43527754900796,14.599759101867676,173200,0.0,0.0
2008-06-06 00:00:00-04:00,14.482274511153632,14.482274511153632,13.918335742472333,13.957497596740723,501800,0.0,0.0
2008-06-09 00:00:00-04:00,13.816504490822217,14.114139788202804,13.205571553754474,13.299560546875,334500,0.0,0.0
2008-06-10 00:00:00-04:00,12.766961567117432,13.033266418901366,12.54765274371606,12.71213436126709,730000,0.0,0.0
2008-06-11 00:00:00-04:00,12.759474870866333,12.901510081738454,12.412277855962998,12.50696849822998,444700,0.12,0.0
2008-06-12 00:00:00-04:00,12.577983923550088,12.893617606049794,12.443840492708423,12.475403785705566,315100,0.0,0.0
2008-06-13 00:00:00-04:00,12.562204803493213,12.680566984359595,12.246571819497259,12.301807403564453,315700,0.0,0.0
2008-06-16 00:00:00-04:00,12.230790138244629,12.42016993397192,12.017737303655116,12.230790138244629,729700,0.0,0.0
2008-06-17 00:00:00-04:00,12.159775767416054,12.22290238281569,11.694216414447286,11.702107429504395,630500,0.0,0.0
2008-06-18 00:00:00-04:00,11.496943764691014,11.638979003509059,10.936694575776896,11.055057525634766,1244400,0.0,0.0
2008-06-19 00:00:00-04:00,11.047166489715206,11.54428907205581,10.960367595349132,11.347018241882324,1775500,0.0,0.0
2008-06-20 00:00:00-04:00,11.323344210894989,11.378579794036558,11.055055802730138,11.299671173095703,644700,0.0,0.0
2008-06-23 00:00:00-04:00,11.276002882927836,11.465382737249369,10.842006819044505,10.881461143493652,904400,0.0,0.0
2008-06-24 00:00:00-04:00,10.755204233261647,10.952475035590302,10.597387741904402,10.69207763671875,661700,0.0,0.0
2008-06-25 00:00:00-04:00,10.81044092823604,11.544288629134918,10.794659653742462,11.228654861450195,615700,0.0,0.0
2008-06-26 00:00:00-04:00,11.165529771341928,11.165529771341928,10.684189169875143,10.699971199035645,469400,0.0,0.0
2008-06-27 00:00:00-04:00,10.699970060549731,10.881458861413531,10.58949812576623,10.723642349243164,622400,0.0,0.0
2008-06-30 00:00:00-04:00,10.668408277820125,10.81044278274189,10.163394614407753,10.171285629272461,634900,0.0,0.0
2008-07-01 00:00:00-04:00,10.084483934679536,10.305427791109445,9.895104131335422,10.131829261779785,747100,0.0,0.0
2008-07-02 00:00:00-04:00,10.10026840456924,10.21073960697974,9.611036751316474,9.642600059509277,540800,0.0,0.0
2008-07-03 00:00:00-04:00,9.71361361762584,9.816193761838518,9.342744337489702,9.374307632446289,279200,0.0,0.0
2008-07-07 00:00:00-04:00,9.468995617150952,9.524231184108656,9.066563122815278,9.098126411437988,470600,0.0,0.0
2008-07-08 00:00:00-04:00,9.15336252749152,9.650484124118698,9.066562921312057,9.611030578613281,1046400,0.0,0.0
2008-07-09 00:00:00-04:00,9.618921437537265,9.658375738037366,8.979764629042778,8.987655639648438,890400,0.0,0.0
2008-07-10 00:00:00-04:00,8.97976650578595,9.311181495206379,8.932421184785168,9.05078411102295,446300,0.0,0.0
2008-07-11 00:00:00-04:00,8.932423634329307,8.940314648748119,8.198576601536466,8.411628723144531,1130200,0.0,0.0
2008-07-14 00:00:00-04:00,8.522099385779267,8.750933501810476,8.048649127252691,8.127557754516602,633400,0.0,0.0
2008-07-15 00:00:00-04:00,7.6856676704422835,7.6856676704422835,6.1706287386587055,6.620406150817871,3933300,0.0,0.0
2008-07-16 00:00:00-04:00,6.57306556385201,7.1964415052998305,6.57306556385201,7.014952659606934,1499700,0.0,0.0
2008-07-17 00:00:00-04:00,7.030730643775251,7.2674557358357905,6.691424653404201,7.2201104164123535,1474000,0.0,0.0
2008-07-18 00:00:00-04:00,7.267457027397778,7.275348040792117,6.786116498269917,7.235893726348877,876900,0.0,0.0
2008-07-21 00:00:00-04:00,7.259563262233015,7.733013351031587,7.2358909835515375,7.464725017547607,1109900,0.0,0.0
2008-07-22 00:00:00-04:00,7.41738167146501,8.040757360327314,7.267456196750842,8.017085075378418,955700,0.0,0.0
2008-07-23 00:00:00-04:00,7.251672418308553,8.364280077274838,7.07018369003712,8.143336296081543,1190300,0.0,0.0
2008-07-24 00:00:00-04:00,8.230138117440449,8.506316789300307,7.890832096482612,7.930286407470703,825000,0.0,0.0
2008-07-25 00:00:00-04:00,8.00919136882554,8.285370692934606,7.796139370893271,7.843483924865723,491400,0.0,0.0
2008-07-28 00:00:00-04:00,7.788251065086539,7.946067554001125,7.433163776896625,7.504181385040283,467400,0.0,0.0
2008-07-29 00:00:00-04:00,7.701453810488598,9.153367320133166,7.701453810488598,8.435300827026367,1150000,0.0,0.0
2008-07-30 00:00:00-04:00,8.55366073775471,8.624678335609557,7.701451068553078,7.9697394371032715,888300,0.0,0.0
2008-07-31 00:00:00-04:00,7.882941212458541,8.127557342555049,7.725124718458408,7.946067810058594,943200,0.0,0.0
2008-08-01 00:00:00-04:00,8.05654058993558,8.095994905768576,7.654107922990295,7.89872407913208,559100,0.0,0.0
2008-08-04 00:00:00-04:00,7.961853090959828,8.143341945130357,7.606765646148438,8.04076099395752,532000,0.0,0.0
2008-08-05 00:00:00-04:00,8.261701583862305,8.364282493507648,7.9066142827997465,8.261701583862305,811700,0.0,0.0
2008-08-06 00:00:00-04:00,8.151230041684398,8.174902328852195,7.764579423653811,8.127557754516602,649200,0.0,0.0
2008-08-07 00:00:00-04:00,8.135445833838254,8.585222890464133,8.135445833838254,8.443187713623047,586900,0.0,0.0
2008-08-08 00:00:00-04:00,8.372171654774471,9.184927812377623,8.332718100691157,9.08234691619873,587700,0.0,0.0
2008-08-11 00:00:00-04:00,9.113910016741647,10.321206957145504,9.042892416859956,9.587359428405762,656200,0.0,0.0
2008-08-12 00:00:00-04:00,9.58735941878899,9.650486006947553,9.090237725172388,9.169145584106445,488900,0.0,0.0
2008-08-13 00:00:00-04:00,9.145472294957353,9.161253563995666,8.569441300758855,8.750930786132812,418600,0.0,0.0
2008-08-14 00:00:00-04:00,8.640460657240604,9.161255434837212,8.553661778483956,9.003438949584961,307200,0.0,0.0
2008-08-15 00:00:00-04:00,9.169146447231915,9.232273041332816,8.790386882626514,9.003438949584961,377500,0.0,0.0
2008-08-18 00:00:00-04:00,9.06656980988144,9.153369482009278,8.632573706828387,8.703591346740723,256600,0.0,0.0
2008-08-19 00:00:00-04:00,8.687808065483386,8.703589341534352,7.8908336829033034,7.938179016113281,828400,0.0,0.0
2008-08-20 00:00:00-04:00,7.985519091839313,8.174898812785356,7.756685074230815,7.843483924865723,827400,0.0,0.0
2008-08-21 00:00:00-04:00,7.953961630839914,8.04865156066793,7.583092174617022,8.009197235107422,418100,0.0,0.0
2008-08-22 00:00:00-04:00,8.103888958097867,8.364286486695152,8.040761577577564,8.301159858703613,229000,0.0,0.0
2008-08-25 00:00:00-04:00,8.293265119519564,8.435299592481897,8.00919466853804,8.088103294372559,245400,0.0,0.0
2008-08-26 00:00:00-04:00,8.151233552827138,8.332723172699382,8.032871313475196,8.301159858703613,224800,0.0,0.0
2008-08-27 00:00:00-04:00,8.28537531903262,8.577336073304629,8.174903377201911,8.435300827026367,188000,0.0,0.0
2008-08-28 00:00:00-04:00,8.435299672110432,8.59311692526925,8.301156210970932,8.545771598815918,451200,0.0,0.0
2008-08-29 00:00:00-04:00,8.522098077965795,8.695696579788654,8.395844895741288,8.490534782409668,256400,0.0,0.0
2008-09-02 00:00:00-04:00,8.885076580226913,9.240163852441409,8.608897172655448,8.75882339477539,364700,0.0,0.0
2008-09-03 00:00:00-04:00,8.719367074837669,9.334851588200276,8.624677207591741,9.263833999633789,570700,0.0,0.0
2008-09-04 00:00:00-04:00,9.208600474723662,9.33485365905978,8.829840169186966,8.861403465270996,517300,0.0,0.0
2008-09-05 00:00:00-04:00,8.798277478544966,9.027111579033187,8.514207794240813,8.932421684265137,401100,0.0,0.0
2008-09-08 00:00:00-04:00,9.224385427201742,9.50845595783574,9.113914223091756,9.429547309875488,595300,0.0,0.0
2008-09-09 00:00:00-04:00,9.453213094293247,9.91088188379724,9.342741966247559,9.342741966247559,411900,0.0,0.0
2008-09-10 00:00:00-04:00,9.532127042325685,9.571581361302123,8.92453323919131,9.058676719665527,427100,0.0,0.0
2008-09-11 00:00:00-04:00,8.994880249898724,9.297899363840099,8.787552022867278,9.266002655029297,408600,0.12,0.0
2008-09-12 00:00:00-04:00,9.058671124256481,9.281948783723378,8.86729092512255,9.273974418640137,323100,0.0,0.0
2008-09-15 00:00:00-04:00,8.659966248040295,9.242082256833346,8.659966248040295,9.010830879211426,922100,0.0,0.0
2008-09-16 00:00:00-04:00,8.803499756512629,9.289924742707065,8.50048065085007,9.07462215423584,486300,0.0,0.0
2008-09-17 00:00:00-04:00,8.883246324196673,8.9550133823915,8.388846725035412,8.69983959197998,493400,0.0,0.0
2008-09-18 00:00:00-04:00,8.867298099795821,9.903942824586473,8.444666294630883,9.824200630187988,678500,0.0,0.0
2008-09-19 00:00:00-04:00,10.111267209456116,11.873562192169247,9.369667732784992,10.079370498657227,1427000,0.0,0.0
2008-09-22 00:00:00-04:00,9.935838058243865,9.96773477911793,9.178290367126465,9.178290367126465,526100,0.0,0.0
2008-09-23 00:00:00-04:00,9.194236660456927,9.457384749507604,8.779579365171305,8.899191856384277,410600,0.0,0.0
2008-09-24 00:00:00-04:00,8.891219810609817,9.06665216930651,8.580226948008715,8.659968376159668,734200,0.0,0.0
2008-09-25 00:00:00-04:00,8.723761061221794,9.05867700745759,8.253284622917034,8.588200569152832,499600,0.0,0.0
2008-09-26 00:00:00-04:00,8.317077104347115,8.396818516334639,7.77483215673,7.8226776123046875,649600,0.0,0.0
2008-09-29 00:00:00-04:00,7.806726421626906,7.806726421626906,6.905643501890346,6.9215922355651855,556500,0.0,0.0
2008-09-30 00:00:00-04:00,7.025257781583425,7.128921524180003,6.626548505364737,6.746160984039307,569900,0.0,0.0
2008-10-01 00:00:00-04:00,6.674393107467324,6.8179286884271315,6.331503271181055,6.363399982452393,626500,0.0,0.0
2008-10-02 00:00:00-04:00,6.323529957979973,6.698316568050287,6.004562792064325,6.020511150360107,218700,0.0,0.0
2008-10-03 00:00:00-04:00,6.092278621391224,6.6345231880318725,5.653698574623288,6.37137508392334,507500,0.0,0.0
2008-10-06 00:00:00-04:00,6.2118898290983156,6.602624695513563,5.69356774936811,5.98063850402832,456700,0.0,0.0
2008-10-07 00:00:00-04:00,5.980640444261505,6.283659651361419,5.54205999292011,5.853053569793701,524500,0.0,0.0
2008-10-08 00:00:00-04:00,5.709516465715525,6.100251737157853,5.589903992237723,5.725464820861816,284200,0.0,0.0
2008-10-09 00:00:00-04:00,5.837104579176226,5.9407687133501375,4.720718407608467,4.959943771362305,1178800,0.0,0.0
2008-10-10 00:00:00-04:00,4.5612361370593195,4.5612361370593195,2.9424759133043583,3.3970048427581787,1541700,0.0,0.0
2008-10-13 00:00:00-04:00,3.668125253050749,3.707996332636468,3.0620871628044672,3.1737258434295654,253100,0.0,0.0
2008-10-14 00:00:00-04:00,3.1737263516402674,4.186448056849558,3.14182963495957,3.1657521724700928,686700,0.0,0.0
2008-10-15 00:00:00-04:00,3.189674491263255,3.205622848510018,2.56768798828125,2.56768798828125,374600,0.0,0.0
2008-10-16 00:00:00-04:00,2.631481112460417,2.8547582781720298,2.4401006575476925,2.5198426246643066,527800,0.0,0.0
2008-10-17 00:00:00-04:00,2.392256304652201,2.655404437325719,2.352385404265221,2.440101385116577,526200,0.0,0.0
2008-10-20 00:00:00-04:00,2.4719976682699913,2.830836088533549,2.4719976682699913,2.822861909866333,429300,0.0,0.0
2008-10-21 00:00:00-04:00,2.6554050046156465,3.2614435804471595,2.6554050046156465,3.2135984897613525,498400,0.0,0.0
2008-10-22 00:00:00-04:00,3.2295453507812693,3.2295453507812693,2.551739454269409,2.551739454269409,484300,0.0,0.0
2008-10-23 00:00:00-04:00,2.6474298183760197,2.6873007121534833,2.1530303552966346,2.2247979640960693,743300,0.0,0.0
2008-10-24 00:00:00-04:00,2.153030081102844,2.153030081102844,1.9696238029643438,2.033417224884033,780100,0.0,0.0
2008-10-27 00:00:00-04:00,1.9935465578376332,2.113159427355657,1.6028114248966805,1.6107856035232544,758700,0.0,0.0
2008-10-28 00:00:00-04:00,1.7144496811225427,2.5038939254826884,1.6825527845836736,2.1929006576538086,2931000,0.0,0.0
2008-10-29 00:00:00-04:00,2.1929017972489913,2.9823464518634064,2.0493663536501523,2.448075771331787,1217800,0.0,0.0
2008-10-30 00:00:00-04:00,2.9982937306090185,3.149803300243158,2.5517393896951934,2.9105777740478516,843600,0.0,0.0
2008-10-31 00:00:00-04:00,2.910578206232677,4.696795835119177,2.751094435047975,4.090757846832275,1445200,0.0,0.0
2008-11-03 00:00:00-05:00,4.090757562184077,4.090757562184077,3.612306472041578,3.6442031860351562,623200,0.0,0.0
2008-11-04 00:00:00-05:00,3.91532665427656,4.178474828889344,3.747868655843159,4.082784652709961,777400,0.0,0.0
2008-11-05 00:00:00-05:00,4.06683451643776,4.306060232797132,3.8595058917999263,3.8595058917999268,529900,0.0,0.0
2008-11-06 00:00:00-05:00,3.787738191519688,3.875454340316483,3.4448483447522964,3.6840736865997314,449100,0.0,0.0
2008-11-07 00:00:00-05:00,3.5883835573291902,4.3379570571555,3.1896742731815024,3.5564868450164795,902000,0.0,0.0
2008-11-10 00:00:00-05:00,3.652177743656334,3.8036873488601013,2.894630097876379,2.9185526371002197,435900,0.0,0.0
2008-11-11 00:00:00-05:00,2.886655728015657,3.1418298599755103,2.71122377370749,2.9185526371002197,480000,0.0,0.0
2008-11-12 00:00:00-05:00,2.8547586088424004,2.862732787465782,2.3922558684474415,2.56768798828125,551000,0.0,0.0
2008-11-13 00:00:00-05:00,2.559713851800904,2.894629739735801,2.280617215148683,2.814887762069702,781500,0.0,0.0
2008-11-14 00:00:00-05:00,2.7670429043427918,2.862733056827082,2.400230272914146,2.68730092048645,408400,0.0,0.0
2008-11-17 00:00:00-05:00,2.6872993791083926,2.7431187928268272,2.4002288961936427,2.4241514205932617,372800,0.0,0.0
2008-11-18 00:00:00-05:00,2.440100956397568,2.479971849779342,2.161004512605733,2.304539918899536,622600,0.0,0.0
2008-11-19 00:00:00-05:00,2.3284619418369146,2.3523844725944945,2.009494484830437,2.0254428386688232,418400,0.0,0.0
2008-11-20 00:00:00-05:00,2.057340084863792,2.057340084863792,1.6666049333078585,1.6825532913208008,1320800,0.0,0.0
2008-11-21 00:00:00-05:00,1.7622952818461337,1.7941919980591892,1.2519473471386855,1.3635859489440918,1564700,0.0,0.0
2008-11-24 00:00:00-05:00,1.4353527948123972,1.4353527948123972,1.0924629932388747,1.2120757102966309,1439300,0.0,0.0
2008-11-25 00:00:00-05:00,1.3396633058050715,1.4433277277122514,1.2758698738989374,1.4273793697357178,1201700,0.0,0.0
2008-11-26 00:00:00-05:00,1.4273796347323917,1.9457019355558616,1.31574101311095,1.9217793941497803,1239000,0.0,0.0
2008-11-28 00:00:00-05:00,1.897856413558956,2.6314814172683025,1.897856413558956,2.56768798828125,485200,0.0,0.0
2008-12-01 00:00:00-05:00,2.4719974541995953,2.711223173738407,1.905830437617432,2.0174689292907715,1547300,0.0,0.0
2008-12-02 00:00:00-05:00,1.9775980756205152,2.55173947081222,1.9775980756205152,2.4719974994659424,689100,0.0,0.0
2008-12-03 00:00:00-05:00,2.312513768785657,2.4879456747227797,2.1211333176439515,2.3284621238708496,1145400,0.0,0.0
2008-12-04 00:00:00-05:00,2.2965658718969735,2.631481585625712,2.2965658718969735,2.392256021499634,883200,0.0,0.0
2008-12-05 00:00:00-05:00,2.400230272914146,2.68730092048645,2.232772315947205,2.68730092048645,493800,0.0,0.0
2008-12-08 00:00:00-05:00,2.743120301417084,3.3890293857851135,2.743120301417084,3.285364866256714,758000,0.0,0.0
2008-12-09 00:00:00-05:00,3.2694159990428124,3.508641717608373,2.918551979377494,2.9663970470428467,590200,0.0,0.0
2008-12-10 00:00:00-05:00,2.990321019655274,3.381056117042186,2.990321019655274,3.2135984897613525,587000,0.0,0.0
2008-12-11 00:00:00-05:00,3.345100521185103,3.345100521185103,2.925935420575105,2.999905824661255,545600,0.12,0.0
2008-12-12 00:00:00-05:00,2.901277725925305,2.991685924169144,2.597177885906086,2.9588100910186768,553600,0.0,0.0
2008-12-15 00:00:00-05:00,2.9916869619921886,3.1149706442453757,2.605397699023556,2.7122435569763184,192100,0.0,0.0
2008-12-16 00:00:00-05:00,2.810870150977235,3.3944133877898692,2.6958052073427123,3.3697564601898193,495600,0.0,0.0
2008-12-17 00:00:00-05:00,3.312224271104438,3.69851326153623,3.28756734358776,3.5505728721618652,363100,0.0,0.0
2008-12-18 00:00:00-05:00,3.5587919828781245,3.640981097235051,2.8684028344170227,2.942373037338257,446000,0.0,0.0
2008-12-19 00:00:00-05:00,3.1067507666150287,3.4272886327689043,2.967029107528178,3.3944129943847656,730600,0.0,0.0
2008-12-22 00:00:00-05:00,3.394414051392496,3.4683840648365294,2.83552743696417,2.9012787342071533,419900,0.0,0.0
2008-12-23 00:00:00-05:00,2.9094975271767525,2.9670299099075845,2.7040245357551815,2.745119094848633,201500,0.0,0.0
2008-12-24 00:00:00-05:00,2.753338098526001,2.9505921847098024,2.6958057138757363,2.753338098526001,106300,0.0,0.0
2008-12-26 00:00:00-05:00,2.7862129957385617,3.0738750171596747,2.769774981186201,2.9588100910186768,403900,0.0,0.0
2008-12-29 00:00:00-05:00,2.9588097081344027,2.9588097081344027,2.7122422651155738,2.8026504516601562,369600,0.0,0.0
2008-12-30 00:00:00-05:00,2.8519642498500115,3.098531723022461,2.8519642498500115,3.098531723022461,289600,0.0,0.0
2008-12-31 00:00:00-05:00,2.9999053579155173,3.4026321799285952,2.9012782331305047,3.271129608154297,512800,0.0,0.0
2009-01-02 00:00:00-05:00,3.320442576385638,3.4519451285091027,3.139626371261614,3.353318214416504,314700,0.0,0.0
2009-01-05 00:00:00-05:00,3.336880689487902,3.3533185099520373,3.090313186571595,3.1314077377319336,319400,0.0,0.0
2009-01-06 00:00:00-05:00,3.0820943950349386,3.427289029984223,2.9834674684518774,3.3697564601898193,553800,0.0,0.0
2009-01-07 00:00:00-05:00,3.2382531139535846,3.377974755688681,3.2053774796522063,3.3204421997070312,329300,0.0,0.0
2009-01-08 00:00:00-05:00,3.1889416163974547,3.443728134297585,2.9916874937754026,3.4190711975097656,498800,0.0,0.0
2009-01-09 00:00:00-05:00,3.4190699178013437,3.4190699178013437,3.032780926705133,3.0574376583099365,412700,0.0,0.0
2009-01-12 00:00:00-05:00,3.065656841280834,3.065656841280834,2.712243264963246,2.7286810874938965,358300,0.0,0.0
2009-01-13 00:00:00-05:00,2.7286810874938965,2.827308218632101,2.6629297973712944,2.7286810874938965,329000,0.0,0.0
2009-01-14 00:00:00-05:00,2.67114858193831,2.695805314564764,2.194451359251616,2.260202646255493,506700,0.0,0.0
2009-01-15 00:00:00-05:00,2.2848592827652854,2.506770063022592,2.136918697275653,2.4163620471954346,490200,0.0,0.0
2009-01-16 00:00:00-05:00,2.457456027245612,2.498550570319103,2.062948021831623,2.3095154762268066,422300,0.0,0.0
2009-01-20 00:00:00-05:00,2.3670489014966543,2.3670489014966543,2.104043337360819,2.11226224899292,280400,0.0,0.0
2009-01-21 00:00:00-05:00,2.153357058333014,2.178013992059748,1.8985705720638713,2.0054166316986084,815700,0.0,0.0
2009-01-22 00:00:00-05:00,1.9725406158979948,2.0218540823068705,1.799943287512633,1.8492567539215088,779800,0.0,0.0
2009-01-23 00:00:00-05:00,1.8163804027844086,1.8163804027844086,1.6602209573065136,1.7670669555664062,392800,0.0,0.0
2009-01-26 00:00:00-05:00,1.7752864650064422,1.9232268567912638,1.7752864650064422,1.8410377502441406,540100,0.0,0.0
2009-01-27 00:00:00-05:00,1.898569939259161,2.021853782984257,1.7752862914883332,1.7835052013397217,235500,0.0,0.0
2009-01-28 00:00:00-05:00,1.865694994254909,1.9232273846278645,1.8081626038819536,1.8328193426132202,545800,0.0,0.0
2009-01-29 00:00:00-05:00,1.7999430644159007,1.8163808845147813,1.6766592177200221,1.7177537679672241,952900,0.0,0.0
2009-01-30 00:00:00-05:00,1.7670673342672087,1.7835051535293376,1.6355645842159159,1.6684402227401733,999400,0.0,0.0
2009-02-02 00:00:00-05:00,1.668440332224141,1.668440332224141,1.4711862921804149,1.5122809410095215,1145900,0.0,0.0
2009-02-03 00:00:00-05:00,1.578031980057747,1.578031980057747,1.4136537039138632,1.4629671573638916,418400,0.0,0.0
2009-02-04 00:00:00-05:00,1.4629676754070666,1.536937979752436,1.3479028119682457,1.3725595474243164,828600,0.0,0.0
2009-02-05 00:00:00-05:00,1.3972159674848537,1.5204997062683105,1.3396835037981054,1.5204997062683105,425700,0.0,0.0
2009-02-06 00:00:00-05:00,1.5451567503666066,1.7670676431233352,1.5287189282314004,1.6520026922225952,579700,0.0,0.0
2009-02-09 00:00:00-05:00,1.6520027732302367,1.7259729764658691,1.6273460388183594,1.6273460388183594,365900,0.0,0.0
2009-02-10 00:00:00-05:00,1.6191272923079432,1.6848785907718349,1.4958435097109832,1.5369380712509155,373900,0.0,0.0
2009-02-11 00:00:00-05:00,1.5615943712737135,1.7506295954008237,1.5533754612652046,1.6437835693359375,397400,0.0,0.0
2009-02-12 00:00:00-05:00,1.5615943991626884,1.6437835986927536,1.2328376990195653,1.4300917387008667,2184800,0.0,0.0
2009-02-13 00:00:00-05:00,1.3972158243184905,1.4547481841330305,1.3068077323470946,1.3150266408920288,837200,0.0,0.0
2009-02-17 00:00:00-05:00,1.2903702739612917,1.2903702739612917,1.0931162180948886,1.150648593902588,756000,0.0,0.0
2009-02-18 00:00:00-05:00,1.232837727908942,1.232837727908942,1.1095539747134757,1.1342107057571411,579400,0.0,0.0
2009-02-19 00:00:00-05:00,1.1917431315203901,1.1917431315203901,1.093116113063688,1.1095539331436157,580400,0.0,0.0
2009-02-20 00:00:00-05:00,1.084897307265217,1.1588675047322592,1.084897307265217,1.150648593902588,393400,0.0,0.0
2009-02-23 00:00:00-05:00,1.1424299478530884,1.1917435222376338,1.1177732096493997,1.1424299478530884,858900,0.0,0.0
2009-02-24 00:00:00-05:00,1.1670864369061391,1.3232459414801017,1.1259918820062265,1.224618911743164,715000,0.0,0.0
2009-02-25 00:00:00-05:00,1.216399978517104,1.216399978517104,1.1095540397542312,1.150648593902588,1042600,0.0,0.0
2009-02-26 00:00:00-05:00,1.1753053263916018,1.1999621568577614,1.1259918614135738,1.150648593902588,401000,0.0,0.0
2009-02-27 00:00:00-05:00,1.1259920140620467,1.216400143422025,1.1259920140620467,1.1753054857254028,313400,0.0,0.0
2009-03-02 00:00:00-05:00,1.150648626815391,1.1588675378801536,1.0355837739315668,1.0602405071258545,504300,0.0,0.0
2009-03-03 00:00:00-05:00,1.1095540438719433,1.1506485981728078,1.0191459264328957,1.068459391593933,576000,0.0,0.0
2009-03-04 00:00:00-05:00,1.1424300620630883,1.216400382046217,1.0684597420799593,1.18352472782135,424900,0.0,0.0
2009-03-05 00:00:00-05:00,1.1506484226301192,1.1670862418427148,0.9616133057310102,1.0438024997711182,766700,0.0,0.0
2009-03-06 00:00:00-05:00,1.0438025480135749,1.0438025480135749,0.7725782735274822,0.7807971835136414,510100,0.0,0.0
2009-03-09 00:00:00-04:00,0.8054540157318115,0.9040810400658525,0.7890161456837574,0.8054540157318115,1075700,0.0,0.0
2009-03-10 00:00:00-04:00,0.8301103209109563,0.9040805756588203,0.8301103209109563,0.8794238567352295,777600,0.0,0.0
2009-03-11 00:00:00-04:00,0.9040812825964288,1.1917435222376338,0.8876434571273032,1.1424299478530884,553700,0.0,0.0
2009-03-12 00:00:00-04:00,1.142429573303471,1.142429573303471,1.0684592849666603,1.1095539331436157,637400,0.0,0.0
2009-03-13 00:00:00-04:00,1.125991725741759,1.3479024873589374,1.117772815902392,1.2410565614700317,716900,0.0,0.0
2009-03-16 00:00:00-04:00,1.3150272263224128,1.3150272263224128,0.9451757852395847,1.0520217418670654,1520100,0.0,0.0
2009-03-17 00:00:00-04:00,1.0355838420030032,1.1177730560302734,0.8383297675284164,1.1177730560302734,584600,0.0,0.0
2009-03-18 00:00:00-04:00,1.1177729710262438,1.257494555663094,1.0273648522692889,1.224618911743164,949900,0.0,0.0
2009-03-19 00:00:00-04:00,1.1999621788032164,1.3561215854000317,1.1095540600462614,1.224618911743164,391000,0.0,0.0
2009-03-20 00:00:00-04:00,1.241056493175914,1.5204997062683105,1.1670862107149886,1.5204997062683105,732000,0.0,0.0
2009-03-23 00:00:00-04:00,1.58625110129924,1.6437835693359375,1.3479025150982125,1.6437835693359375,526600,0.0,0.0
2009-03-24 00:00:00-04:00,1.6109076424410191,1.6109076424410191,1.2821509087351732,1.3150266408920288,398000,0.0,0.0
2009-03-25 00:00:00-04:00,1.3479028940200806,1.52050024867353,1.2657136728528589,1.3479028940200806,297800,0.0,0.0
2009-03-26 00:00:00-04:00,1.3561214493260942,1.5533754890073956,1.2985890782390448,1.4300917387008667,440600,0.0,0.0
2009-03-27 00:00:00-04:00,1.3972163200378418,1.4054352314987695,1.3561216647560506,1.3972163200378418,244300,0.0,0.0
2009-03-30 00:00:00-04:00,1.380778344837929,1.5451567635463928,1.117772992476966,1.4876242876052856,544600,0.0,0.0
2009-03-31 00:00:00-04:00,1.487623818312768,1.5698130017392293,1.2328374574655674,1.3150266408920288,720500,0.0,0.0
2009-04-01 00:00:00-04:00,1.0684596046387482,1.0684596046387482,0.5917622877893831,0.8712055087089539,3653300,0.0,0.0
2009-04-02 00:00:00-04:00,0.9040810214184434,1.191743177957558,0.9040810214184434,0.9944891333580017,2319100,0.0,0.0
2009-04-03 00:00:00-04:00,1.0355839673920935,1.709535388468387,1.0191461421917691,1.701316475868225,2685500,0.0,0.0
2009-04-06 00:00:00-04:00,1.5615943790507203,1.890351074959745,1.2492755032405762,1.7177537679672241,2777500,0.0,0.0
2009-04-07 00:00:00-04:00,1.6273461229172936,1.7424108894524384,1.438310953369525,1.4465298652648926,1295400,0.0,0.0
2009-04-08 00:00:00-04:00,1.4218732649442751,1.6930975792668743,1.4218732649442751,1.5862516164779663,605000,0.0,0.0
2009-04-09 00:00:00-04:00,1.6766593195463213,1.6848782300949097,1.6026891246090251,1.6848782300949097,789300,0.0,0.0
2009-04-13 00:00:00-04:00,1.69309723573281,1.8163810968399048,1.3972162434117956,1.8163810968399048,996400,0.0,0.0
2009-04-14 00:00:00-04:00,1.7752864193850402,2.251983617016739,1.717753850326242,1.9314457178115845,1244000,0.0,0.0
2009-04-15 00:00:00-04:00,1.9396638233590657,2.2602015895517007,1.767066775667555,2.210888147354126,1120500,0.0,0.0
2009-04-16 00:00:00-04:00,2.2930779081497716,2.514988660812378,2.2437644511034724,2.514988660812378,1141800,0.0,0.0
2009-04-17 00:00:00-04:00,2.506770524315985,2.6300544009029676,2.3423920875181143,2.5807409286499023,970000,0.0,0.0
2009-04-20 00:00:00-04:00,2.556083633727233,2.556083633727233,2.095824232791508,2.260202646255493,815900,0.0,0.0
2009-04-21 00:00:00-04:00,2.20267059491878,2.5067705381066316,2.1287001901779243,2.4574570655822754,570100,0.0,0.0
2009-04-22 00:00:00-04:00,2.4656756353447324,2.7944324651057473,2.3834865258816254,2.761556625366211,1050800,0.0,0.0
2009-04-23 00:00:00-04:00,2.794432876187306,3.1231895583565445,2.794432876187306,2.9012787342071533,1082400,0.0,0.0
2009-04-24 00:00:00-04:00,3.082093873891443,3.4848206186305104,2.9341533130774633,3.295785903930664,1349300,0.0,0.0
2009-04-27 00:00:00-04:00,3.2875671742803743,3.336880634865554,3.049218585497731,3.147845506668091,852200,0.0,0.0
2009-04-28 00:00:00-04:00,3.2300349734569878,3.3286620957681707,3.164283493264771,3.221816062927246,649600,0.0,0.0
2009-04-29 00:00:00-04:00,3.320442267324582,3.945080115587861,3.221815362412006,3.6491990089416504,1589700,0.0,0.0
2009-04-30 00:00:00-04:00,3.7724839018576546,4.454654108095838,3.7478269727090705,4.240962028503418,1442900,0.0,0.0
2009-05-01 00:00:00-04:00,4.216303446411286,4.742313891356482,4.175208715063584,4.586154460906982,675300,0.0,0.0
2009-05-04 00:00:00-04:00,4.627251643612747,5.391610994725621,4.520405599032103,4.7176594734191895,1916900,0.0,0.0
2009-05-05 00:00:00-04:00,5.013539375324496,5.9176201820373535,4.972445024783484,5.9176201820373535,3793200,0.0,0.0
2009-05-06 00:00:00-04:00,6.049125188887659,6.575135955601347,5.424487084989383,5.671054840087891,1587200,0.0,0.0
2009-05-07 00:00:00-04:00,5.835432205412429,5.9340591358692,4.988883797795607,5.514894485473633,1354100,0.0,0.0
2009-05-08 00:00:00-04:00,6.139530929066042,6.287471688357506,5.136823210764546,5.9176201820373535,2754600,0.0,0.0
2009-05-11 00:00:00-04:00,6.081998518375588,6.279252333718772,5.506674106474313,5.810774326324463,1366400,0.0,0.0
2009-05-12 00:00:00-04:00,5.884745861319477,6.114875765083905,5.753243283116144,5.950497150421143,1497200,0.0,0.0
2009-05-13 00:00:00-04:00,5.753243481671369,5.835432595884952,5.514894854497673,5.5477705001831055,1243900,0.0,0.0
2009-05-14 00:00:00-04:00,5.514895647060421,6.114876854907654,5.301203527486138,5.82721471786499,812800,0.0,0.0
2009-05-15 00:00:00-04:00,5.7778990924001326,6.155968931443408,5.605301796013072,5.728585243225098,710100,0.0,0.0
2009-05-18 00:00:00-04:00,5.876525339627534,7.068268459920377,5.8600875224052835,7.010735511779785,1702400,0.0,0.0
2009-05-19 00:00:00-04:00,6.961424082445242,7.306618716868453,6.706637267964439,6.895672798156738,885000,0.0,0.0
2009-05-20 00:00:00-04:00,6.953201398894834,7.643590312572108,6.903887569139285,7.035390853881836,680900,0.0,0.0
2009-05-21 00:00:00-04:00,6.9203270447166,7.240865037458892,6.764167208322838,7.027173042297363,628200,0.0,0.0
2009-05-22 00:00:00-04:00,7.068271890495421,7.1997744920980145,6.624450218178,6.8052659034729,696000,0.0,0.0
2009-05-26 00:00:00-04:00,6.755951220619278,7.397026643595412,6.65732429276273,7.3641510009765625,817200,0.0,0.0
2009-05-27 00:00:00-04:00,7.2244292061814175,7.364150880989268,6.920329320957606,7.1011457443237305,933000,0.0,0.0
2009-05-28 00:00:00-04:00,7.068272024853979,7.873725866889151,7.068272024853979,7.742223262786865,988900,0.0,0.0
2009-05-29 00:00:00-04:00,7.74222080912247,8.218917989827073,7.446340043662851,7.81619119644165,1370500,0.0,0.0
2009-06-01 00:00:00-04:00,8.070976813263593,8.465485264714129,7.857285551870658,8.407952308654785,781400,0.0,0.0
2009-06-02 00:00:00-04:00,8.375072912006384,8.868208059108284,8.038097567807329,8.638078689575195,1223500,0.0,0.0
2009-06-03 00:00:00-04:00,8.555895661619392,8.654522608333998,8.235358280751246,8.457268714904785,660300,0.0,0.0
2009-06-04 00:00:00-04:00,8.465485608131791,8.621644703617317,8.251793554252991,8.301107406616211,535200,0.0,0.0
2009-06-05 00:00:00-04:00,8.35041893420371,8.818896918026008,8.292886770244325,8.498359680175781,625000,0.0,0.0
2009-06-08 00:00:00-04:00,8.670962349336236,8.8353406227637,8.260016273858854,8.712057113647461,651700,0.0,0.0
2009-06-09 00:00:00-04:00,8.703835220117103,9.131218594330779,8.432610959757973,8.933964729309082,424500,0.0,0.0
2009-06-10 00:00:00-04:00,8.950399698798607,9.221623860839454,8.629861696469927,9.06546401977539,899500,0.0,0.0
2009-06-11 00:00:00-04:00,9.122999123341287,9.122999123341287,8.580549887054076,8.835336685180664,436900,0.0,0.0
2009-06-12 00:00:00-04:00,8.786022201063158,9.090122829269177,8.65451965038868,8.991495132446289,382800,0.0,0.0
2009-06-15 00:00:00-04:00,8.859992932347605,8.958619849255975,7.955912468779027,8.407952308654785,1065700,0.0,0.0
2009-06-16 00:00:00-04:00,8.531236143916903,8.62986305621561,7.7257818510852605,7.750439167022705,652100,0.0,0.0
2009-06-17 00:00:00-04:00,7.734003310866866,7.890163224075813,6.829922614323494,7.709346771240234,862400,0.0,0.0
2009-06-18 00:00:00-04:00,7.6764711237989705,7.9066006558878135,7.421684268266233,7.709346771240234,459500,0.0,0.0
2009-06-19 00:00:00-04:00,7.840849361005287,8.136730187976656,7.48743556314876,7.709346771240234,597800,0.0,0.0
2009-06-22 00:00:00-04:00,7.544967530147051,7.544967530147051,6.386099740354115,6.4600701332092285,1015400,0.0,0.0
2009-06-23 00:00:00-04:00,6.542260619724794,7.1093657781085815,6.394320194743196,6.969644069671631,899100,0.0,0.0
2009-06-24 00:00:00-04:00,7.076488586291278,7.429902334608719,6.994299871117395,7.199772834777832,610300,0.0,0.0
2009-06-25 00:00:00-04:00,7.142241863575805,7.807974796355207,7.051834016529103,7.766880035400391,576900,0.0,0.0
2009-06-26 00:00:00-04:00,7.734000095132565,8.21891628112994,7.66824882758888,8.046319007873535,1120600,0.0,0.0
2009-06-29 00:00:00-04:00,8.054537264617979,8.424388301582626,7.701123650900924,8.292885780334473,515600,0.0,0.0
2009-06-30 00:00:00-04:00,8.292887826879124,8.5147981902949,7.906598487520346,8.350419998168945,542700,0.0,0.0
2009-07-01 00:00:00-04:00,8.399733847715256,8.744928443088282,8.276449615758004,8.350419998168945,682000,0.0,0.0
2009-07-02 00:00:00-04:00,8.251796549923698,8.38329915887589,7.799755743787513,7.890164375305176,646200,0.0,0.0
2009-07-06 00:00:00-04:00,7.569622620664336,8.046319745993802,7.150457663759009,7.586060047149658,628100,0.0,0.0
2009-07-07 00:00:00-04:00,7.512092162548672,7.692907814139289,7.355932264391009,7.397027015686035,527000,0.0,0.0
2009-07-08 00:00:00-04:00,7.347713157368566,7.65181384666145,7.101146217232781,7.397027015686035,457700,0.0,0.0
2009-07-09 00:00:00-04:00,7.446341411326761,7.487435381769916,6.8956737421622645,6.944986820220947,538000,0.0,0.0
2009-07-10 00:00:00-04:00,6.944985974985244,7.273743185239966,6.525821335323048,6.862797260284424,755600,0.0,0.0
2009-07-13 00:00:00-04:00,6.9532072515266865,7.69290983376292,6.57513685122836,7.569626331329346,641900,0.0,0.0
2009-07-14 00:00:00-04:00,7.536745163302622,7.9970039671497695,7.512088637622158,7.9065961837768555,394500,0.0,0.0
2009-07-15 00:00:00-04:00,8.095634558313366,8.54767442208533,7.964131211666814,8.317544937133789,849800,0.0,0.0
2009-07-16 00:00:00-04:00,8.317544640508133,9.040809494093676,8.284669000973203,8.983277320861816,803200,0.0,0.0
2009-07-17 00:00:00-04:00,8.958618922345538,9.040808403173912,8.629862566666006,9.024370193481445,705200,0.0,0.0
2009-07-20 00:00:00-04:00,9.007934941520034,9.139437515527788,8.670959399670872,9.040810585021973,494800,0.0,0.0
2009-07-21 00:00:00-04:00,9.057247702550962,9.114779875762377,8.670958350290002,8.777804374694824,396300,0.0,0.0
2009-07-22 00:00:00-04:00,8.662743925840484,8.925749184155679,8.555897843695561,8.695619583129883,415500,0.0,0.0
2009-07-23 00:00:00-04:00,8.75314725837548,9.254501752399676,8.75314725837548,9.12299919128418,954900,0.0,0.0
2009-07-24 00:00:00-04:00,9.057248072219137,9.451755762599786,8.818898696176113,9.427099227905273,631800,0.0,0.0
2009-07-27 00:00:00-04:00,9.377785374699139,9.829826024456462,9.13943678247322,9.427099227905273,789300,0.0,0.0
2009-07-28 00:00:00-04:00,9.550384640527621,10.002425382835149,8.88465258075493,9.180533409118652,1813900,0.0,0.0
2009-07-29 00:00:00-04:00,9.049026742084665,9.188748377376275,8.818896528770892,8.9586181640625,595000,0.0,0.0
2009-07-30 00:00:00-04:00,9.090124400493195,9.764075481100562,8.99971579341463,9.451756477355957,680400,0.0,0.0
2009-07-31 00:00:00-04:00,9.517505937883126,10.19967599439093,9.336689542237378,10.109268188476562,789500,0.0,0.0
2009-08-03 00:00:00-04:00,10.306524963435844,11.514706342580839,10.092832869526642,11.498268127441406,1034400,0.0,0.0
2009-08-04 00:00:00-04:00,11.407858297846715,11.999620614342005,11.399639191716354,11.687301635742188,799300,0.0,0.0
2009-08-05 00:00:00-04:00,11.687301659575073,12.155779736521573,11.21060447648145,12.139342308044434,843900,0.0,0.0
2009-08-06 00:00:00-04:00,12.155782566565298,12.451663402393136,11.218825410717884,11.342109680175781,684700,0.0,0.0
2009-08-07 00:00:00-04:00,11.58867624769484,12.081810923539324,11.490048528708739,12.040716171264648,509700,0.0,0.0
2009-08-10 00:00:00-04:00,11.900996356821887,12.106469366715778,11.588678071542422,11.859902381896973,391400,0.0,0.0
2009-08-11 00:00:00-04:00,11.711960105324296,11.769492290107884,11.16129244468437,11.194168090820312,365400,0.0,0.0
2009-08-12 00:00:00-04:00,11.1941669999584,11.827024106175411,11.046226214854755,11.588675498962402,567400,0.0,0.0
2009-08-13 00:00:00-04:00,11.62976725840699,11.785927120571891,11.325667423022239,11.736613273620605,405700,0.0,0.0
2009-08-14 00:00:00-04:00,11.736617942322107,11.736617942322107,10.799661531889441,10.922945022583008,534200,0.0,0.0
2009-08-17 00:00:00-04:00,10.627060429572266,10.86540900238337,9.93667124382506,10.306522369384766,584000,0.0,0.0
2009-08-18 00:00:00-04:00,10.454463521745481,10.91472247347419,10.125706343836473,10.750344276428223,824800,0.0,0.0
2009-08-19 00:00:00-04:00,10.487342020158724,11.268139256846712,10.446247263739929,11.013352394104004,424000,0.0,0.0
2009-08-20 00:00:00-04:00,11.00512890479923,11.259914864145086,10.881844693404242,11.210601806640625,225600,0.0,0.0
2009-08-21 00:00:00-04:00,11.34210829924322,11.621551668744052,11.038008392379723,11.227043151855469,287100,0.0,0.0
2009-08-24 00:00:00-04:00,11.235263608475133,11.564020092190933,10.799661071597377,11.013352394104004,375300,0.0,0.0
2009-08-25 00:00:00-04:00,11.079099523081577,11.448951407901577,10.906503021921564,11.39141845703125,525600,0.0,0.0
2009-08-26 00:00:00-04:00,11.333888395117189,11.457171857077679,11.029788509639795,11.325669288635254,362500,0.0,0.0
2009-08-27 00:00:00-04:00,11.358549077929963,11.407862951009706,10.65994123205263,11.054449081420898,410800,0.0,0.0
2009-08-28 00:00:00-04:00,11.177729095691724,11.374982944907936,11.029788316871004,11.18594741821289,388300,0.0,0.0
2009-08-31 00:00:00-04:00,11.029789952329105,11.136635999118253,10.364057132740488,10.536654472351074,838800,0.0,0.0
2009-09-01 00:00:00-04:00,10.421588552438259,11.062663954046837,9.731199296636502,9.772294044494629,961000,0.0,0.0
2009-09-02 00:00:00-04:00,9.780510265385782,9.912013587037906,9.21340537501737,9.238061904907227,1895600,0.0,0.0
2009-09-03 00:00:00-04:00,9.238064446033604,9.41888087720285,8.835337617180565,9.040810585021973,1105100,0.0,0.0
2009-09-04 00:00:00-04:00,9.147659785171475,9.262724969120766,8.884654546221602,9.057251930236816,808800,0.0,0.0
2009-09-08 00:00:00-04:00,9.31203165358077,9.31203165358077,8.835334594004925,9.06546401977539,949800,0.0,0.0
2009-09-09 00:00:00-04:00,8.999716118724873,9.533946322263352,8.909308292195526,9.196969985961914,1072600,0.0,0.0
2009-09-10 00:00:00-04:00,9.213408771590542,9.599698206751768,9.196970556392632,9.410662651062012,533600,0.0,0.0
2009-09-11 00:00:00-04:00,9.435313948332363,9.920230053838262,9.139433293499165,9.172308921813965,499800,0.0,0.0
2009-09-14 00:00:00-04:00,8.506579074106842,8.679176355674189,8.136727196593261,8.613424301147461,1428600,0.0,0.0
2009-09-15 00:00:00-04:00,8.572332698202716,9.040810826576546,8.473705765061762,9.016154289245605,974300,0.0,0.0
2009-09-16 00:00:00-04:00,9.106560486668306,9.229843935091491,8.638082442079744,8.76136589050293,869000,0.0,0.0
2009-09-17 00:00:00-04:00,8.67917752028588,8.71205316005216,8.227136885636716,8.342201232910156,2419700,0.0,0.0
2009-09-18 00:00:00-04:00,8.547672504998385,8.999713051203004,8.375075234040873,8.523015975952148,10268600,0.0,0.0
2009-09-21 00:00:00-04:00,8.432610346665872,8.621645090946949,7.495653380208399,8.333983421325684,3971500,0.0,0.0
2009-09-22 00:00:00-04:00,8.547673944934981,8.712052923112893,8.424390495118605,8.679177284240723,2198300,0.0,0.0
2009-09-23 00:00:00-04:00,8.76958385857995,8.999713298234436,8.375075463926738,8.498359680175781,1883500,0.0,0.0
2009-09-24 00:00:00-04:00,8.473707111052912,8.67096100866727,8.153168939566596,8.309328079223633,1710000,0.0,0.0
2009-09-25 00:00:00-04:00,8.251795594566982,8.457268593220359,7.9230391102484905,8.399736404418945,2722200,0.0,0.0
2009-09-28 00:00:00-04:00,8.490143164025895,8.580550989783987,8.309326728692525,8.481924057006836,1331600,0.0,0.0
2009-09-29 00:00:00-04:00,8.490143697314585,9.04081136110548,8.457268050990528,8.901089668273926,2698200,0.0,0.0
2009-09-30 00:00:00-04:00,8.991499753939154,8.991499753939154,8.333986662615123,8.629867553710938,1907100,0.0,0.0
2009-10-01 00:00:00-04:00,8.580552470586417,8.662741987326621,8.070979504722184,8.144949913024902,1413600,0.0,0.0
2009-10-02 00:00:00-04:00,7.997009657215798,8.112074831957653,7.70112878707337,7.890164375305176,1143300,0.0,0.0
2009-10-05 00:00:00-04:00,7.972351793339705,8.342203015704753,7.955914361852296,8.28467082977295,918600,0.0,0.0
2009-10-06 00:00:00-04:00,8.407951098163094,8.58876747837152,8.292886770244325,8.498359680175781,1015700,0.0,0.0
2009-10-07 00:00:00-04:00,8.440830836377724,8.588770856724365,7.9970084238860375,8.16138744354248,1516600,0.0,0.0
2009-10-08 00:00:00-04:00,8.284668740334942,9.007933571166348,8.284668740334942,8.76136589050293,1678700,0.0,0.0
2009-10-09 00:00:00-04:00,8.728490261331185,8.983277047846341,8.646301556900235,8.966838836669922,1011200,0.0,0.0
2009-10-12 00:00:00-04:00,9.032591478192197,9.353129590198973,8.909308011014218,9.040810585021973,809500,0.0,0.0
2009-10-13 00:00:00-04:00,8.983280774688355,9.221629448909436,8.794245186820671,9.131220817565918,520400,0.0,0.0
2009-10-14 00:00:00-04:00,9.492849236005748,10.059954160795291,9.427097963097308,10.010641098022461,2199600,0.0,0.0
2009-10-15 00:00:00-04:00,9.928451323396226,10.668153513800844,9.862700052418791,10.594183921813965,1721000,0.0,0.0
2009-10-16 00:00:00-04:00,10.388711856761164,10.536651836694821,9.920233032822964,10.306522369384766,824800,0.0,0.0
2009-10-19 00:00:00-04:00,10.322961560044794,10.64349886683452,10.17502078225439,10.553091049194336,749000,0.0,0.0
2009-10-20 00:00:00-04:00,10.54487340016382,10.651719445131707,10.224335265260157,10.396932601928711,1200900,0.0,0.0
2009-10-21 00:00:00-04:00,10.314741622397726,11.005130818018241,10.24077123946452,10.569527626037598,1817500,0.0,0.0
2009-10-22 00:00:00-04:00,10.58596476671408,10.939378434402135,10.396929275688967,10.717467308044434,1496800,0.0,0.0
2009-10-23 00:00:00-04:00,10.77500080189126,11.070882340167561,10.290085316926234,10.339398384094238,1648100,0.0,0.0
2009-10-26 00:00:00-04:00,10.421590015225812,10.848973415013898,10.224335354583308,10.273649215698242,1700400,0.0,0.0
2009-10-27 00:00:00-04:00,9.879143848079078,9.879143848079078,8.473708264575142,8.531240463256836,5588200,0.0,0.0
2009-10-28 00:00:00-04:00,8.605208810506424,8.92574616469001,7.807973411161145,7.8490681648254395,2507900,0.0,0.0
2009-10-29 00:00:00-04:00,8.144952061840772,8.309330354870436,7.857290244993242,8.079200744628906,1937800,0.0,0.0
2009-10-30 00:00:00-04:00,8.013444194955362,8.09563367971248,7.3148359259709075,7.347711563110352,1733800,0.0,0.0
2009-11-02 00:00:00-05:00,7.429902603412717,7.627156467547002,6.879234978174951,7.018956661224365,2226800,0.0,0.0
2009-11-03 00:00:00-05:00,6.953205579000139,7.487435006131749,6.6737622046295595,7.446341037750244,2537600,0.0,0.0
2009-11-04 00:00:00-05:00,7.610716133572093,7.610716133572093,7.018953983139181,7.068267822265625,2425400,0.0,0.0
2009-11-05 00:00:00-05:00,7.150461815551225,7.479219158132035,6.994302646093001,7.421686172485352,1928100,0.0,0.0
2009-11-06 00:00:00-05:00,7.314839561767195,7.635377771061092,7.183336947846849,7.577845573425293,900600,0.0,0.0
2009-11-09 00:00:00-05:00,7.660028770644117,8.02988058435633,7.651810451085832,8.005223274230957,944000,0.0,0.0
2009-11-10 00:00:00-05:00,7.955916965004498,8.070981374516833,7.684692594271844,7.79975700378418,665200,0.0,0.0
2009-11-11 00:00:00-05:00,7.939477461753558,8.021666984257365,7.775099200563321,7.890164375305176,777500,0.0,0.0
2009-11-12 00:00:00-05:00,7.881941015274608,7.939473179707663,7.46277608744732,7.495651721954346,715600,0.0,0.0
2009-11-13 00:00:00-05:00,7.503872971872052,7.610719010521112,7.290180894573932,7.520310401916504,707500,0.0,0.0
2009-11-16 00:00:00-05:00,7.594278455648,8.087413746042571,7.503870658729668,8.046319007873535,899500,0.0,0.0
2009-11-17 00:00:00-05:00,7.98057402900789,8.087420118915139,7.758662738319553,7.923041820526123,579300,0.0,0.0
2009-11-18 00:00:00-05:00,7.906597751588738,7.980568127114652,7.684687408827969,7.914816856384277,622200,0.0,0.0
2009-11-19 00:00:00-05:00,7.832631554556914,7.832631554556914,7.446342828895771,7.569626331329346,575700,0.0,0.0
2009-11-20 00:00:00-05:00,7.470997202959478,7.635375419739471,7.323056415948901,7.4134650230407715,875800,0.0,0.0
2009-11-23 00:00:00-05:00,7.602498257451988,7.840846820116722,7.4627766051502125,7.586060047149658,559900,0.0,0.0
2009-11-24 00:00:00-05:00,7.618938225347988,7.676470407044082,7.224429709070972,7.4874348640441895,735900,0.0,0.0
2009-11-25 00:00:00-05:00,7.544966633034914,7.701125723081391,7.421682398329422,7.66825008392334,295600,0.0,0.0
2009-11-27 00:00:00-05:00,7.224429422869457,7.495653674145121,7.068270314244774,7.380588531494141,242900,0.0,0.0
2009-11-30 00:00:00-05:00,7.41346434318529,7.41346434318529,7.060050621655414,7.27374267578125,669400,0.0,0.0
2009-12-01 00:00:00-05:00,7.38880606261443,7.569622452846337,7.240866092258316,7.323054790496826,1093900,0.0,0.0
2009-12-02 00:00:00-05:00,7.306619686463928,7.660032690458596,7.249086717213955,7.438122272491455,800700,0.0,0.0
2009-12-03 00:00:00-05:00,7.536748865533641,7.651814014926587,7.397027178348352,7.446341037750244,470700,0.0,0.0
2009-12-04 00:00:00-05:00,7.610718779736256,7.906599565918803,7.429902351827234,7.791534423828125,880300,0.0,0.0
2009-12-07 00:00:00-05:00,7.7504392478801805,8.038100882464887,7.7504392478801805,7.931254863739014,632200,0.0,0.0
2009-12-08 00:00:00-05:00,7.824413653508983,8.021667581626662,7.742224124884565,7.947697162628174,394200,0.0,0.0
2009-12-09 00:00:00-05:00,7.931254485236502,7.947692695248479,7.676468500586804,7.898378849029541,324800,0.0,0.0
2009-12-10 00:00:00-05:00,7.972352861194857,7.972352861194857,7.64359634923898,7.824412822723389,1311000,0.0,0.0
2009-12-11 00:00:00-05:00,7.972348635932655,8.120289379814414,7.791532258279054,8.046319007873535,847000,0.0,0.0
2009-12-14 00:00:00-05:00,8.120291951306287,8.153167595489016,7.947694623392655,8.095635414123535,425700,0.0,0.0
2009-12-15 00:00:00-05:00,8.095636083632135,8.169605701297673,7.939476172986861,7.988790035247803,318400,0.0,0.0
2009-12-16 00:00:00-05:00,8.112073431020502,8.161387292769867,7.964132629589649,8.062760353088379,1015100,0.0,0.0
2009-12-17 00:00:00-05:00,7.964133210320461,8.260014834757342,7.8655062634472666,8.029885292053223,2859000,0.0,0.0
2009-12-18 00:00:00-05:00,8.06275932275133,8.21891842800386,8.013445467303765,8.186042785644531,1082900,0.0,0.0
2009-12-21 00:00:00-05:00,8.194262161718322,8.629864633261777,8.194262161718322,8.547675132751465,1103400,0.0,0.0
2009-12-22 00:00:00-05:00,8.613424987721995,8.810679599391358,8.424390265317774,8.70383358001709,643300,0.0,0.0
2009-12-23 00:00:00-05:00,8.6873952880573,9.016152448560526,8.6873952880573,8.991495132446289,492200,0.0,0.0
2009-12-24 00:00:00-05:00,9.0161511092994,9.065464166568843,8.917524210943602,8.9586181640625,114200,0.0,0.0
2009-12-28 00:00:00-05:00,8.975060094662235,9.262722588700568,8.786024539884039,8.942184448242188,730900,0.0,0.0
2009-12-29 00:00:00-05:00,8.942181017280578,8.950400121686371,8.728489005631623,8.810678482055664,522600,0.0,0.0
2009-12-30 00:00:00-05:00,8.670956237078247,8.843553498465626,8.531234607201947,8.802458763122559,585500,0.0,0.0
2009-12-31 00:00:00-05:00,8.81889893035754,8.81889893035754,8.457266871238987,8.539456367492676,450900,0.0,0.0
2010-01-04 00:00:00-05:00,8.769585268859743,8.876431293264565,8.547674114215019,8.777804374694824,779400,0.0,0.0
2010-01-05 00:00:00-05:00,8.720273247043947,9.065467926363052,8.720273247043947,8.942184448242188,1080500,0.0,0.0
2010-01-06 00:00:00-05:00,8.942184791869542,9.303816916386731,8.925746576119218,9.221628189086914,1379800,0.0,0.0
2010-01-07 00:00:00-05:00,9.22162730722944,9.270940382130103,8.868213540566844,9.196969985961914,867500,0.0,0.0
2010-01-08 00:00:00-05:00,9.14765441706524,9.320251699795413,9.073684041064169,9.295595169067383,476300,0.0,0.0
2010-01-11 00:00:00-05:00,9.295598618395571,9.492852505048996,9.205189999149798,9.402443885803223,669100,0.0,0.0
2010-01-12 00:00:00-05:00,9.27916035190656,9.492852453188993,9.049030818734774,9.180533409118652,725600,0.0,0.0
2010-01-13 00:00:00-05:00,9.172313007315466,9.279159042883776,8.925745293220686,9.188751220703125,279300,0.0,0.0
2010-01-14 00:00:00-05:00,9.139436688446306,9.205187969499962,8.983277591898146,9.098341941833496,519800,0.0,0.0
2010-01-15 00:00:00-05:00,9.122996188689282,9.122996188689282,8.794239110285217,8.999711990356445,527800,0.0,0.0
2010-01-19 00:00:00-05:00,9.090124442183464,9.155875729187342,8.933964547686381,9.040810585021973,889400,0.0,0.0
2010-01-20 00:00:00-05:00,8.917528424394368,8.96684150496379,8.638085021776696,8.786025047302246,475800,0.0,0.0
2010-01-21 00:00:00-05:00,8.761368639407738,8.8353390451969,8.39973650243743,8.416173934936523,418200,0.0,0.0
2010-01-22 00:00:00-05:00,8.416173357659401,8.523019404935324,7.988789952372953,8.062760353088379,544500,0.0,0.0
2010-01-25 00:00:00-05:00,8.144949913024902,8.284671621192858,8.005228204856948,8.144949913024902,372000,0.0,0.0
2010-01-26 00:00:00-05:00,8.112072262338028,8.260013042455487,7.939474946806703,8.128510475158691,388500,0.0,0.0
2010-01-27 00:00:00-05:00,8.06276043673059,8.103854407494584,7.684690105454204,7.988790035247803,926000,0.0,0.0
2010-01-28 00:00:00-05:00,8.046323527481556,8.07098007070575,7.692909678059514,7.890164375305176,595800,0.0,0.0
2010-01-29 00:00:00-05:00,7.914819457161418,8.210700272673321,7.758659550000544,7.8490681648254395,317200,0.0,0.0
2010-02-01 00:00:00-05:00,7.914820363496579,8.210701212890138,7.914820363496579,8.144949913024902,510600,0.0,0.0
2010-02-02 00:00:00-05:00,8.128509074911234,8.432608905353977,7.914817047956768,8.383295059204102,634300,0.0,0.0
2010-02-03 00:00:00-05:00,8.309326624983713,8.4079535565299,8.087416224959087,8.218918800354004,241300,0.0,0.0
2010-02-04 00:00:00-05:00,8.161388503169851,8.161388503169851,7.6846911654359635,7.758660793304443,667700,0.0,0.0
2010-02-05 00:00:00-05:00,7.750441960817186,7.84084980039264,7.446342008989961,7.627157688140869,470000,0.0,0.0
2010-02-08 00:00:00-05:00,7.602500505025864,7.676470905620658,7.397027518403543,7.438122272491455,361500,0.0,0.0
2010-02-09 00:00:00-05:00,7.569623977805214,7.717564761782125,7.4134648710207,7.610718727111816,339200,0.0,0.0
2010-02-10 00:00:00-05:00,7.5614062795969925,7.660033226013184,7.4216845762197305,7.660033226013184,407500,0.0,0.0
2010-02-11 00:00:00-05:00,7.610720521898062,7.6600336056414475,7.446342269724555,7.643596172332764,529300,0.0,0.0
2010-02-12 00:00:00-05:00,7.503872620038286,7.734002116590786,7.4874344069473935,7.684689044952393,399800,0.0,0.0
2010-02-16 00:00:00-05:00,7.758657199195708,7.898378849029541,7.660030290574826,7.898378849029541,182400,0.0,0.0
2010-02-17 00:00:00-05:00,7.972352027893066,8.070978971170952,7.906600732374477,7.972352027893066,183300,0.0,0.0
2010-02-18 00:00:00-05:00,7.9887902919140235,8.103854667857627,7.947695536012477,8.05454158782959,356500,0.0,0.0
2010-02-19 00:00:00-05:00,8.013447875904088,8.136731375852584,7.947696571422572,7.98057222366333,313400,0.0,0.0
2010-02-22 00:00:00-05:00,8.046324126687013,8.079199781373294,7.6600345962601475,7.947697162628174,727000,0.0,0.0
2010-02-23 00:00:00-05:00,8.202478072335552,8.629862095186438,8.013443374101692,8.046319007873535,1439200,0.0,0.0
2010-02-24 00:00:00-05:00,8.103853134692102,8.605207650968776,8.054540063993588,8.539456367492676,975700,0.0,0.0
2010-02-25 00:00:00-05:00,8.366857427894372,8.629862510733387,8.309324478160608,8.613424301147461,488200,0.0,0.0
2010-02-26 00:00:00-05:00,8.662741365602384,8.744930876443854,8.342203213901367,8.465487480163574,440400,0.0,0.0
2010-03-01 00:00:00-05:00,8.506578407021253,8.950399841416116,8.43260803731929,8.79423999786377,765000,0.0,0.0
2010-03-02 00:00:00-05:00,8.802458213604105,9.17230924096895,8.802458213604105,8.999711990356445,647100,0.0,0.0
2010-03-03 00:00:00-05:00,9.0408090672212,9.451754933913072,9.007933429238532,9.279157638549805,1156700,0.0,0.0
2010-03-04 00:00:00-05:00,9.328472367319625,9.755855701406292,9.295596726236035,9.607914924621582,991400,0.0,0.0
2010-03-05 00:00:00-05:00,9.698323351995242,9.86270155447304,9.632572071004123,9.714760780334473,605500,0.0,0.0
2010-03-08 00:00:00-05:00,9.772292559212834,9.829824727179679,9.550381424797289,9.575037956237793,502600,0.0,0.0
2010-03-09 00:00:00-05:00,9.55860326012505,9.681886736358267,9.435319000074607,9.517508506774902,1343400,0.0,0.0
2010-03-10 00:00:00-05:00,9.451754590298266,9.821605700111755,9.402440743208532,9.657227516174316,989900,0.0,0.0
2010-03-11 00:00:00-05:00,9.583257408778133,9.714759959651303,9.484630495623255,9.673666000366211,729900,0.0,0.0
2010-03-12 00:00:00-05:00,9.698323830900705,9.821607292892544,9.632572546662772,9.665448188781738,597300,0.0,0.0
2010-03-15 00:00:00-04:00,9.681885210169252,9.81338777310674,9.542163541093895,9.591477394104004,936500,0.0,0.0
2010-03-16 00:00:00-04:00,9.657227461108919,10.043516779022037,9.57503797770034,9.780510902404785,873400,0.0,0.0
2010-03-17 00:00:00-04:00,9.838046102785414,9.895578284030094,9.68188620538245,9.879140853881836,673600,0.0,0.0
2010-03-18 00:00:00-04:00,9.813389423136998,10.08461448457092,9.788732884394728,10.06817626953125,1074500,0.0,0.0
2010-03-19 00:00:00-04:00,9.862699508666992,10.372272222556756,9.813385666244207,9.862699508666992,1892300,0.0,0.0
2010-03-22 00:00:00-04:00,9.772297687387397,10.183243751525879,9.657232507254351,10.183243751525879,506300,0.0,0.0
2010-03-23 00:00:00-04:00,10.24077037911066,10.364053817763939,9.88735670537302,10.281865119934082,687000,0.0,0.0
2010-03-24 00:00:00-04:00,10.191456479945469,10.26542685627655,9.805167956154023,9.870919227600098,658300,0.0,0.0
2010-03-25 00:00:00-04:00,9.985981167492396,10.125702781784016,9.870916861946448,9.9202299118042,772000,0.0,0.0
2010-03-26 00:00:00-04:00,9.977765043143414,10.16679974887362,9.879138137916746,9.936670303344727,395100,0.0,0.0
2010-03-29 00:00:00-04:00,9.936670153592662,10.05173448271453,9.435315746474956,9.443534851074219,710300,0.0,0.0
2010-03-30 00:00:00-04:00,9.43531600949694,9.764073148279431,9.303813467510736,9.624351501464844,894100,0.0,0.0
2010-03-31 00:00:00-04:00,9.54216434438083,9.673667702205751,8.991496727860481,9.040810585021973,868500,0.0,0.0
2010-04-01 00:00:00-04:00,9.12299954542578,9.780512376526959,9.098342226396642,9.566821098327637,803700,0.0,0.0
2010-04-05 00:00:00-04:00,9.706541615991089,9.912014547216991,9.616133024608795,9.838044166564941,763800,0.0,0.0
2010-04-06 00:00:00-04:00,9.87092150634568,9.936672792970727,9.714761612748315,9.903797149658203,646600,0.0,0.0
2010-04-07 00:00:00-04:00,9.854483322382572,10.084613610078693,9.772294605762958,9.944891929626465,806500,0.0,0.0
2010-04-08 00:00:00-04:00,9.870920723615592,10.068174567849185,9.575039173448099,10.002423286437988,1033800,0.0,0.0
2010-04-09 00:00:00-04:00,10.043517417448115,10.076393056137919,9.862701012745669,9.994203567504883,504200,0.0,0.0
2010-04-12 00:00:00-04:00,10.051734206350982,10.076391519470842,9.813385666244207,9.862699508666992,839500,0.0,0.0
2010-04-13 00:00:00-04:00,9.854484063132734,9.887359709015238,9.64079197298785,9.764076232910156,482000,0.0,0.0
2010-04-14 00:00:00-04:00,9.838046177177485,10.372275594019085,9.813388856042872,10.34761905670166,453900,0.0,0.0
2010-04-15 00:00:00-04:00,10.298303227487466,10.388711820045389,10.109268504533695,10.265427589416504,295800,0.0,0.0
2010-04-16 00:00:00-04:00,10.240771843446424,10.339398765235181,9.90379633138056,9.961328506469727,485000,0.0,0.0
2010-04-19 00:00:00-04:00,9.862700863622964,9.912014712820577,9.509287165188354,9.73119831085205,822900,0.0,0.0
2010-04-20 00:00:00-04:00,9.796946503343026,9.928449014719423,9.657224889051408,9.9202299118042,614000,0.0,0.0
2010-04-21 00:00:00-04:00,9.961327776511162,10.339398007571916,9.90379560563791,10.306522369384766,407600,0.0,0.0
2010-04-22 00:00:00-04:00,10.150363726384153,10.86540947598488,10.076393341284582,10.832533836364746,1077900,0.0,0.0
2010-04-23 00:00:00-04:00,10.840750744587396,10.881845484707375,10.610621297259279,10.717467308044434,337800,0.0,0.0
2010-04-26 00:00:00-04:00,10.775004289488304,10.890069456485787,10.602406930900742,10.758566856384277,821900,0.0,0.0
2010-04-27 00:00:00-04:00,9.870921563217383,10.405150966078178,8.695615936343033,9.040810585021973,4677500,0.0,0.0
2010-04-28 00:00:00-04:00,9.122998984839539,9.386004101118981,8.82711744520809,8.983277320861816,2529100,0.0,0.0
2010-04-29 00:00:00-04:00,9.098342765196074,9.221627016191219,8.933964547686381,9.040810585021973,1201600,0.0,0.0
2010-04-30 00:00:00-04:00,9.106560769927295,9.246282433855365,8.71205309564833,8.777804374694824,1461700,0.0,0.0
2010-05-03 00:00:00-04:00,8.818900316650078,9.295598372512345,8.786024669744119,9.287379264831543,1079600,0.0,0.0
2010-05-04 00:00:00-04:00,9.090125992340504,9.320255536098516,8.851777340351092,9.007936477661133,1081700,0.0,0.0
2010-05-05 00:00:00-04:00,8.851771692403634,9.049025461193931,8.41616863988739,8.843552589416504,1188300,0.0,0.0
2010-05-06 00:00:00-04:00,8.81068189160134,8.958621909070528,7.725783988529598,8.44904899597168,1664600,0.0,0.0
2010-05-07 00:00:00-04:00,8.416173914354532,8.54767650929487,7.964133156384152,8.235358238220215,1218100,0.0,0.0
2010-05-10 00:00:00-04:00,8.68739534592545,8.93396302199104,8.662738813464001,8.86821174621582,677200,0.0,0.0
2010-05-11 00:00:00-04:00,8.670956842424957,8.999713180487246,8.53123520279425,8.810678482055664,575800,0.0,0.0
2010-05-12 00:00:00-04:00,8.868213716450649,9.353130070888646,8.868213716450649,9.336691856384277,575300,0.0,0.0
2010-05-13 00:00:00-04:00,9.303813665731967,9.369564938125924,8.638081836788896,8.753146171569824,981200,0.0,0.0
2010-05-14 00:00:00-04:00,8.613429223037908,8.720275294949541,8.317548335771598,8.572335243225098,826400,0.0,0.0
2010-05-17 00:00:00-04:00,8.596989131454578,8.818899532380879,8.112072794852613,8.50658130645752,671000,0.0,0.0
2010-05-18 00:00:00-04:00,8.629865611638476,8.736711660888261,8.128511796374642,8.16138744354248,670100,0.0,0.0
2010-05-19 00:00:00-04:00,8.095633242801293,8.136727199145046,7.709343939397615,7.914816856384277,1408200,0.0,0.0
2010-05-20 00:00:00-04:00,7.6107184876070075,8.103853112316143,7.503872456299081,7.635375022888184,1521300,0.0,0.0
2010-05-21 00:00:00-04:00,7.454558007650456,8.046320293943905,7.405244941019288,7.783315181732178,777700,0.0,0.0
2010-05-24 00:00:00-04:00,7.791535571262851,7.9312572701574915,7.544968605041504,7.544968605041504,563000,0.0,0.0
2010-05-25 00:00:00-04:00,7.26552454101841,7.91481911241799,7.043613351187278,7.8572869300842285,1315300,0.0,0.0
2010-05-26 00:00:00-04:00,7.9559121799337,8.218917282140753,7.840847055809597,7.931254863739014,1156900,0.0,0.0
2010-05-27 00:00:00-04:00,8.18604264140684,8.407953027467979,8.136728786828181,8.333983421325684,682100,0.0,0.0
2010-05-28 00:00:00-04:00,8.366859074338414,8.407953038755815,7.96413148222057,8.128510475158691,647200,0.0,0.0
2010-06-01 00:00:00-04:00,7.980568576930791,8.079195488585352,7.53674708257676,7.553184509277344,1906800,0.0,0.0
2010-06-02 00:00:00-04:00,7.6024997025396654,7.881943060259977,7.544967523179775,7.832629203796387,1138300,0.0,0.0
2010-06-03 00:00:00-04:00,7.840849722683292,8.120293130732659,7.840849722683292,8.029885292053223,2340900,0.0,0.0
2010-06-04 00:00:00-04:00,7.8244131108052954,8.046323568591548,7.569626216795646,7.60250186920166,1149000,0.0,0.0
2010-06-07 00:00:00-04:00,7.684691291701996,7.684691291701996,7.08470966336105,7.125804424285889,1173800,0.0,0.0
2010-06-08 00:00:00-04:00,7.142239127347472,7.306618108192313,6.986080036125357,7.134020805358887,1054800,0.0,0.0
2010-06-09 00:00:00-04:00,7.265524962871358,7.265524962871358,6.854578987901867,6.944986820220947,870200,0.0,0.0
2010-06-10 00:00:00-04:00,7.1833320096364845,7.339491844177246,7.002516431707106,7.339491844177246,679400,0.0,0.0
2010-06-11 00:00:00-04:00,7.2244301274527345,7.470997866427971,7.109364973579695,7.355932712554932,805900,0.0,0.0
2010-06-14 00:00:00-04:00,7.438119462047037,7.824408750408964,7.438119462047037,7.52852725982666,895000,0.0,0.0
2010-06-15 00:00:00-04:00,7.594281732603353,8.070979019899843,7.536749544631551,8.05454158782959,872100,0.0,0.0
2010-06-16 00:00:00-04:00,7.914815580371827,8.12850756770299,7.8901590537772615,8.08741283416748,555500,0.0,0.0
2010-06-17 00:00:00-04:00,8.087417249439913,8.087417249439913,7.59428174542342,7.717566013336182,717800,0.0,0.0
2010-06-18 00:00:00-04:00,7.8161937447930185,7.840850287332604,7.462779905183763,7.536750316619873,635200,0.0,0.0
2010-06-21 00:00:00-04:00,7.684689519241511,7.684689519241511,7.1340218877843915,7.191554069519043,895100,0.0,0.0
2010-06-22 00:00:00-04:00,7.207993205467535,7.331276691756501,7.0107385300609835,7.060052394866943,1624300,0.0,0.0
2010-06-23 00:00:00-04:00,7.125800219338467,7.298397486318935,7.076486378565373,7.207989692687988,857800,0.0,0.0
2010-06-24 00:00:00-04:00,7.150460536557801,7.199774403460329,6.944987528129029,6.969644069671631,850900,0.0,0.0
2010-06-25 00:00:00-04:00,7.010735113412519,7.372367855570123,6.903889111584904,7.207989692687988,1779800,0.0,0.0
2010-06-28 00:00:00-04:00,7.207990096212369,7.314835320204583,7.068268453986302,7.175113677978516,594500,0.0,0.0
2010-06-29 00:00:00-04:00,7.002519414407369,7.257305466295357,6.944986447999435,7.1586785316467285,1179000,0.0,0.0
2010-06-30 00:00:00-04:00,7.134017729576199,7.339490583226972,6.928544875925426,7.035390853881836,973600,0.0,0.0
2010-07-01 00:00:00-04:00,7.035390853881836,7.084703899820651,6.74772854524406,7.035390853881836,823200,0.0,0.0
2010-07-02 00:00:00-04:00,7.027174193538298,7.2326471185901955,6.903889968216956,6.961422920227051,399400,0.0,0.0
2010-07-06 00:00:00-04:00,7.142239722330058,7.19977268394535,6.780607658743289,6.895672798156738,1439000,0.0,0.0
2010-07-07 00:00:00-04:00,7.051832228529741,7.150459159523919,6.862797473411858,7.092926979064941,1008300,0.0,0.0
2010-07-08 00:00:00-04:00,7.183332977635176,7.421681529585457,6.977860060994694,7.109362602233887,1014100,0.0,0.0
2010-07-09 00:00:00-04:00,7.092927581046169,7.191554520410879,7.035395395704398,7.1504597663879395,710200,0.0,0.0
2010-07-12 00:00:00-04:00,7.150458718979212,7.232648214985861,6.89567269222942,6.977861404418945,477300,0.0,0.0
2010-07-13 00:00:00-04:00,7.11758364746048,7.45455919720876,7.068270572960198,7.397027015686035,1857100,0.0,0.0
2010-07-14 00:00:00-04:00,7.380588457219004,7.6846891323207425,7.2490858862653615,7.454558849334717,775400,0.0,0.0
2010-07-15 00:00:00-04:00,7.470994367695656,7.487431791227023,7.166894586105117,7.339491844177246,552200,0.0,0.0
2010-07-16 00:00:00-04:00,7.273741562599851,7.2901789883462635,6.977860060994694,7.109362602233887,1013800,0.0,0.0
2010-07-19 00:00:00-04:00,7.150459736298449,7.372370936798161,6.986081504715646,7.306619644165039,437000,0.0,0.0
2010-07-20 00:00:00-04:00,7.166898823755066,7.528530977256855,7.076490197516621,7.512093544006348,628400,0.0,0.0
2010-07-21 00:00:00-04:00,7.59428131683772,7.67647082414117,7.281962286428736,7.31483793258667,678400,0.0,0.0
2010-07-22 00:00:00-04:00,7.470995856934524,7.791533125951066,7.462776751622043,7.750439167022705,1097400,0.0,0.0
2010-07-23 00:00:00-04:00,7.684690095842442,8.054541318976533,7.602500586782756,8.038103103637695,752500,0.0,0.0
2010-07-26 00:00:00-04:00,8.054539385687395,8.4572661590175,7.955912468779027,8.407952308654785,843200,0.0,0.0
2010-07-27 00:00:00-04:00,8.539456378405356,8.629864197346246,8.235356495985496,8.333983421325684,951300,0.0,0.0
2010-07-28 00:00:00-04:00,8.268229730646663,8.424388787685297,7.931253520733056,8.013442993164062,801100,0.0,0.0
2010-07-29 00:00:00-04:00,8.892870580823216,8.892870580823216,7.807973465861826,8.268233299255371,1068900,0.0,0.0
2010-07-30 00:00:00-04:00,8.07919662051383,8.251793936045155,7.840848021334107,8.128510475158691,917200,0.0,0.0
2010-08-02 00:00:00-04:00,8.284670924467555,8.506582130713399,8.13673012030366,8.16138744354248,567200,0.0,0.0
2010-08-03 00:00:00-04:00,8.16960887620087,8.243579306430316,7.898384487904605,7.923041820526123,550700,0.0,0.0
2010-08-04 00:00:00-04:00,7.972350833822931,8.15316726132565,7.964131727159818,7.997007369995117,862500,0.0,0.0
2010-08-05 00:00:00-04:00,7.9065961837768555,8.046317802327517,7.832625822918645,7.9065961837768555,306300,0.0,0.0
2010-08-06 00:00:00-04:00,7.750441226321471,7.939475995833101,7.57784388798522,7.8490681648254395,282400,0.0,0.0
2010-08-09 00:00:00-04:00,7.931258943376316,7.980572817314454,7.840851088943405,7.947697162628174,577900,0.0,0.0
2010-08-10 00:00:00-04:00,7.799753476578182,7.799753476578182,7.569623977805214,7.610718727111816,693600,0.0,0.0
2010-08-11 00:00:00-04:00,7.339493956463493,7.462777411788426,7.249085357662589,7.27374267578125,492300,0.0,0.0
2010-08-12 00:00:00-04:00,7.150459424471709,7.290181111178232,7.0271759521152255,7.1586785316467285,461000,0.0,0.0
2010-08-13 00:00:00-04:00,7.101144094364879,7.125800624244017,6.977859877335284,7.010735511779785,519500,0.0,0.0
2010-08-16 00:00:00-04:00,6.969641957752174,7.051831449745805,6.871015037650068,6.986080169677734,514400,0.0,0.0
2010-08-17 00:00:00-04:00,7.092927728880809,7.372371121480414,6.994300787460463,7.249086856842041,2059500,0.0,0.0
2010-08-18 00:00:00-04:00,7.257305782781581,7.421684014364383,7.150459736298449,7.306619644165039,509400,0.0,0.0
2010-08-19 00:00:00-04:00,7.2819609980037106,7.380587919027075,7.142239330599671,7.27374267578125,570900,0.0,0.0
2010-08-20 00:00:00-04:00,7.207992072029355,7.265524252075114,7.11758346473783,7.257305145263672,437200,0.0,0.0
2010-08-23 00:00:00-04:00,7.3230571062304906,7.487435338505006,7.1504597663879395,7.1504597663879395,427100,0.0,0.0
2010-08-24 00:00:00-04:00,6.977861612342223,7.3641510009765625,6.912110327104525,7.3641510009765625,880000,0.0,0.0
2010-08-25 00:00:00-04:00,7.290181136158589,7.479216682745771,7.117583803977773,7.446341037750244,541800,0.0,0.0
2010-08-26 00:00:00-04:00,7.470997575542588,7.627156693317039,7.372370640556008,7.446341037750244,1534800,0.0,0.0
2010-08-27 00:00:00-04:00,7.569625736109118,7.569625736109118,7.232650124391755,7.512093544006348,456200,0.0,0.0
2010-08-30 00:00:00-04:00,7.52031043272111,7.602499934731567,7.232648743318873,7.265524387359619,454100,0.0,0.0
2010-08-31 00:00:00-04:00,7.27374182071102,7.454557429422726,7.1175819595853635,7.240866184234619,595900,0.0,0.0
2010-09-01 00:00:00-04:00,7.331277780415941,7.627158661736719,7.290183017611481,7.577845573425293,454500,0.0,0.0
2010-09-02 00:00:00-04:00,7.61072065868458,7.775098913812437,7.528531139211978,7.742223262786865,399700,0.0,0.0
2010-09-03 00:00:00-04:00,7.807972288471496,7.980569601990393,7.775096647030617,7.955913066864014,435600,0.0,0.0
2010-09-07 00:00:00-04:00,7.914820725489513,7.914820725489513,7.692909490432,7.758660793304443,430900,0.0,0.0
2010-09-08 00:00:00-04:00,7.520309586431115,7.520309586431115,7.265523569741696,7.27374267578125,546700,0.0,0.0
2010-09-09 00:00:00-04:00,7.405247627322922,7.438123278275252,7.175117286839261,7.281963348388672,626100,0.0,0.0
2010-09-10 00:00:00-04:00,7.29840156577351,7.405247627322922,7.22443115517643,7.281963348388672,306000,0.0,0.0
2010-09-13 00:00:00-04:00,7.397024578148625,7.536746216219009,7.355929840395525,7.47099494934082,337600,0.0,0.0
2010-09-14 00:00:00-04:00,7.429902137209461,7.6764698438145516,7.331275211330851,7.561404705047607,378900,0.0,0.0
2010-09-15 00:00:00-04:00,7.503874911983616,7.635377521607675,7.372372302359558,7.60250186920166,267200,0.0,0.0
2010-09-16 00:00:00-04:00,7.569626331329346,7.627158527956028,7.462780263438797,7.569626331329346,232700,0.0,0.0
2010-09-17 00:00:00-04:00,7.651814285477028,7.651814285477028,7.290181393922527,7.31483793258667,836400,0.0,0.0
2010-09-20 00:00:00-04:00,7.331277651825014,7.627158527956028,7.249088127657702,7.569626331329346,339200,0.0,0.0
2010-09-21 00:00:00-04:00,7.561405861863365,7.569624969564969,7.314838117535997,7.405246734619141,478300,0.0,0.0
2010-09-22 00:00:00-04:00,7.421686172485352,7.668253983466593,7.273746112950577,7.421686172485352,1060600,0.0,0.0
2010-09-23 00:00:00-04:00,7.323057225237601,7.544968430277408,7.306619793651644,7.405246734619141,516800,0.0,0.0
2010-09-24 00:00:00-04:00,7.54496445865973,8.013442377606081,7.503869725600946,8.005223274230957,624900,0.0,0.0
2010-09-27 00:00:00-04:00,8.013447875904088,8.013447875904088,7.766880092189717,7.98057222366333,340500,0.0,0.0
2010-09-28 00:00:00-04:00,8.013446564446689,8.079197858167538,7.734003174224455,8.038103103637695,695800,0.0,0.0
2010-09-29 00:00:00-04:00,7.964131944223511,8.260013521622653,7.939475407379307,8.177824020385742,408700,0.0,0.0
2010-09-30 00:00:00-04:00,8.260017258870302,8.260017258870302,7.857290244993242,8.079200744628906,425500,0.0,0.0
2010-10-01 00:00:00-04:00,8.144948347274958,8.20248052764297,7.890162305230479,8.13672924041748,364100,0.0,0.0
2010-10-04 00:00:00-04:00,8.095633403696603,8.14494646581596,7.684687561556003,7.807971000671387,439800,0.0,0.0
2010-10-05 00:00:00-04:00,7.914818870535103,8.194262234159995,7.799753725566862,8.177824020385742,358900,0.0,0.0
2010-10-06 00:00:00-04:00,8.177825480814061,8.325766295933487,8.112074181609275,8.309328079223633,281000,0.0,0.0
2010-10-07 00:00:00-04:00,8.317545731900191,8.333983945733143,8.079197118042611,8.218918800354004,231800,0.0,0.0
2010-10-08 00:00:00-04:00,8.243575591659084,8.621645899494208,8.202480839625814,8.580551147460938,348200,0.0,0.0
2010-10-11 00:00:00-04:00,8.588771158128548,8.761368507770934,8.506582429233347,8.6463041305542,265200,0.0,0.0
2010-10-12 00:00:00-04:00,8.588771860570443,8.76136922432889,8.514801449842915,8.670961380004883,349500,0.0,0.0
2010-10-13 00:00:00-04:00,8.72027097030879,8.753146608145489,8.572330991952166,8.662738800048828,222400,0.0,0.0
2010-10-14 00:00:00-04:00,8.679180488711797,8.835339635056418,8.547677100853223,8.670961380004883,160400,0.0,0.0
2010-10-15 00:00:00-04:00,8.802461772754786,8.810680879396955,8.432610595845858,8.654520988464355,296000,0.0,0.0
2010-10-18 00:00:00-04:00,8.70383950371823,8.827123034076577,8.564117751276067,8.818903923034668,480800,0.0,0.0
2010-10-19 00:00:00-04:00,8.66273804934527,8.71205189373535,8.342200020352168,8.432608604431152,388600,0.0,0.0
2010-10-20 00:00:00-04:00,8.473704879459603,8.802461288903858,8.473704879459603,8.605207443237305,607800,0.0,0.0
2010-10-21 00:00:00-04:00,8.687394267419602,8.884648854073912,8.547672627788895,8.810678482055664,1130500,0.0,0.0
2010-10-22 00:00:00-04:00,8.87643039517124,9.040808576156136,8.654519262978887,8.753146171569824,287800,0.0,0.0
2010-10-25 00:00:00-04:00,8.777803723327473,8.999714077688001,8.646301174992786,8.728489875793457,745200,0.0,0.0
2010-10-26 00:00:00-04:00,8.736707500100403,8.999712552189026,8.424388608836724,8.802458763122559,1767900,0.0,0.0
2010-10-27 00:00:00-04:00,8.744927214443205,9.007932284893037,8.621642999807143,8.810678482055664,1174000,0.0,0.0
2010-10-28 00:00:00-04:00,8.868209472521553,9.07368235259278,8.794239110285217,8.999711990356445,1367700,0.0,0.0
2010-10-29 00:00:00-04:00,8.966839449453134,9.081904584100338,8.835336886323246,8.975058555603027,602700,0.0,0.0
2010-11-01 00:00:00-04:00,9.032590898363408,9.12299950005302,8.901088332797192,9.073685646057129,934300,0.0,0.0
2010-11-02 00:00:00-04:00,9.18053106659194,9.517506564421451,9.139436321628498,9.476411819458008,731200,0.0,0.0
2010-11-03 00:00:00-04:00,9.468195965371274,9.690106391906738,9.32025515846945,9.690106391906738,708000,0.0,0.0
2010-11-04 00:00:00-04:00,9.862699508666992,9.944888984765992,9.681883131539356,9.862699508666992,669300,0.0,0.0
2010-11-05 00:00:00-04:00,9.870920824181692,10.076393776639344,9.846263505538454,10.018860816955566,595600,0.0,0.0
2010-11-08 00:00:00-05:00,10.076394373812672,10.240772588757178,9.920234481752525,10.232553482055664,452000,0.0,0.0
2010-11-09 00:00:00-05:00,10.224332526219026,10.273646373692236,10.018859598745182,10.109268188476562,773800,0.0,0.0
2010-11-10 00:00:00-05:00,10.109270591411576,10.470902684844624,10.109270591411576,10.446246147155762,925900,0.0,0.0
2010-11-11 00:00:00-05:00,10.273646336257308,10.495557473352632,10.109268151640594,10.438024520874023,409100,0.0,0.0
2010-11-12 00:00:00-05:00,10.322960259516758,10.487338445343122,10.08461169411428,10.150362968444824,612200,0.0,0.0
2010-11-15 00:00:00-05:00,10.248991936937957,10.42158926265059,10.101051148093651,10.207897186279297,349700,0.0,0.0
2010-11-16 00:00:00-05:00,10.14214806453562,10.331182860588443,9.788734230746186,9.895580291748047,532700,0.0,0.0
2010-11-17 00:00:00-05:00,9.862705539323594,10.29830814784151,9.846267320525696,10.183243751525879,479400,0.0,0.0
2010-11-18 00:00:00-05:00,10.322960652487746,10.413368462179605,10.24899027009575,10.388711929321289,404300,0.0,0.0
2010-11-19 00:00:00-05:00,10.331180998245737,10.536653974559723,10.248992278010464,10.446246147155762,393300,0.0,0.0
2010-11-22 00:00:00-05:00,10.421586560919783,10.651716007604623,10.322959655197709,10.511994361877441,509500,0.0,0.0
2010-11-23 00:00:00-05:00,10.37227360910139,10.470900523314274,10.109268504533695,10.265427589416504,273500,0.0,0.0
2010-11-24 00:00:00-05:00,10.347616928100102,10.766781895356107,10.347616928100102,10.577746391296387,459700,0.0,0.0
2010-11-26 00:00:00-05:00,10.49555887286123,10.62706143808954,10.479120660299133,10.553091049194336,83900,0.0,0.0
2010-11-29 00:00:00-05:00,10.44624817129597,10.57775077620706,10.257212588873264,10.503780364990234,199700,0.0,0.0
2010-11-30 00:00:00-05:00,10.380493160622436,10.446244439589686,10.027079448310657,10.175020217895508,605800,0.0,0.0
2010-12-01 00:00:00-05:00,10.39693231566198,10.536654002633135,10.347619240152868,10.487340927124023,245600,0.0,0.0
2010-12-02 00:00:00-05:00,10.536655630849987,10.898288564946462,10.536655630849987,10.758566856384277,454000,0.0,0.0
2010-12-03 00:00:00-05:00,10.701029871996292,10.9393784238826,10.701029871996292,10.881845474243164,272100,0.0,0.0
2010-12-06 00:00:00-05:00,10.865409273103104,10.964036190121918,10.807876316979332,10.898284912109375,276400,0.0,0.0
2010-12-07 00:00:00-05:00,11.070885443823979,11.087322876215758,10.807879471199888,10.848974227905273,333700,0.0,0.0
2010-12-08 00:00:00-05:00,10.881846361020344,11.02978712383912,10.848970723040287,10.906503677368164,519600,0.0,0.0
2010-12-09 00:00:00-05:00,11.038011320361294,11.128419170551094,10.97226001407464,11.10376262664795,1045500,0.0,0.0
2010-12-10 00:00:00-05:00,11.144853454155689,11.227042166087216,11.070883064745328,11.18594741821289,491200,0.0,0.0
2010-12-13 00:00:00-05:00,11.041849680380404,11.107721950481482,10.572509559595366,10.580743789672852,502300,0.025,0.0
2010-12-14 00:00:00-05:00,10.64661806735601,10.934809107076193,10.64661806735601,10.926575660705566,444100,0.0,0.0
2010-12-15 00:00:00-05:00,10.893642227618836,10.975982999806986,10.737195702773112,10.778366088867188,170100,0.0,0.0
2010-12-16 00:00:00-05:00,10.79483225512414,11.148896426411937,10.79483225512414,11.14066219329834,453200,0.0,0.0
2010-12-17 00:00:00-05:00,11.115956725840384,11.24770127250513,10.943041812028046,11.231233596801758,625300,0.0,0.0
2010-12-20 00:00:00-05:00,11.264171076085294,11.280638753751509,11.058320001070634,11.091256141662598,207800,0.0,0.0
2010-12-21 00:00:00-05:00,11.157127751791045,11.214765798045406,11.008914735411842,11.173595428466797,390300,0.0,0.0
2010-12-22 00:00:00-05:00,11.173597287914795,11.231236129020578,11.140661143822754,11.206533432006836,197400,0.0,0.0
2010-12-23 00:00:00-05:00,11.190067873389669,11.313578240828235,11.017152887819815,11.074790954589844,137300,0.0,0.0
2010-12-27 00:00:00-05:00,11.050088347443888,11.08302449571941,10.811301076131423,11.03361988067627,131800,0.0,0.0
2010-12-28 00:00:00-05:00,11.058322088104717,11.074789768878874,10.794832128381081,10.86070442199707,146800,0.0,0.0
2010-12-29 00:00:00-05:00,10.85246853381072,10.901872350283277,10.728957422110316,10.81953239440918,401800,0.0,0.0
2010-12-30 00:00:00-05:00,10.794833551972603,11.05832354644454,10.761897400821084,10.910110473632812,490600,0.0,0.0
2010-12-31 00:00:00-05:00,10.918340142533198,11.03361623073411,10.860701313173287,10.901871681213379,190500,0.0,0.0
2011-01-03 00:00:00-05:00,11.050086283900313,11.338278116437662,10.959512089371795,11.264171600341797,494200,0.0,0.0
2011-01-04 00:00:00-05:00,11.288874265931726,11.288874265931726,10.852470157263479,11.01715087890625,299500,0.0,0.0
2011-01-05 00:00:00-05:00,10.959513278840024,11.37121549271402,10.84423637626183,11.346512794494629,303300,0.0,0.0
2011-01-06 00:00:00-05:00,11.330041823609491,11.330041823609491,10.794828629863304,10.918339729309082,267600,0.0,0.0
2011-01-07 00:00:00-05:00,10.951279543243736,11.165364892639133,10.901874929821838,11.14066219329834,442000,0.0,0.0
2011-01-10 00:00:00-05:00,11.074790691574082,11.223003757188255,10.893641476407842,11.115961074829102,263100,0.0,0.0
2011-01-11 00:00:00-05:00,11.157131454324329,11.30534373462881,11.091259155242394,11.239471435546875,254500,0.0,0.0
2011-01-12 00:00:00-05:00,11.371213132243893,11.371213132243893,11.074787097221433,11.107723236083984,143800,0.0,0.0
2011-01-13 00:00:00-05:00,11.124195627267744,11.198302162198166,11.00891870790267,11.041854858398438,159800,0.0,0.0
2011-01-14 00:00:00-05:00,11.05832025307386,11.083022162765872,10.885405314710681,11.05008602142334,188900,0.0,0.0
2011-01-18 00:00:00-05:00,11.050087346800307,11.050087346800307,10.67955551593936,10.687788963317871,774800,0.0,0.0
2011-01-19 00:00:00-05:00,10.663084348046658,10.663084348046658,9.938488549994155,10.111403465270996,1122000,0.0,0.0
2011-01-20 00:00:00-05:00,10.086702867766016,10.333724319538725,10.070234404526712,10.259617805480957,300000,0.0,0.0
2011-01-21 00:00:00-05:00,10.341958861584978,10.523107251097414,10.30078848751049,10.440767288208008,298900,0.0,0.0
2011-01-24 00:00:00-05:00,10.465469970994013,10.490171883158098,10.276086550377004,10.317256927490234,250800,0.0,0.0
2011-01-25 00:00:00-05:00,10.267852549841285,10.539575924782318,10.267852549841285,10.432533264160156,302700,0.0,0.0
2011-01-26 00:00:00-05:00,10.432532758837796,10.564277323911558,10.259617820863596,10.514873504638672,289000,0.0,0.0
2011-01-27 00:00:00-05:00,10.53957670212928,10.770129719180147,10.48193785892183,10.687788963317871,302600,0.0,0.0
2011-01-28 00:00:00-05:00,10.630154436558415,10.646622907305323,10.136112093049757,10.201984405517578,346500,0.0,0.0
2011-01-31 00:00:00-05:00,10.234917055262258,10.341959722664555,10.12787438785996,10.251384735107422,348500,0.0,0.0
2011-02-01 00:00:00-05:00,10.251384782585378,10.687788901508483,10.251384782585378,10.597214698791504,461200,0.0,0.0
2011-02-02 00:00:00-05:00,10.53957387581579,10.679552652088878,10.490169278494934,10.531339645385742,395200,0.0,0.0
2011-02-03 00:00:00-05:00,10.588978624720614,10.98421308247692,10.588978624720614,10.97597885131836,459400,0.0,0.0
2011-02-04 00:00:00-05:00,10.98421308247692,11.08302150060112,10.803063923286134,10.97597885131836,244900,0.0,0.0
2011-02-07 00:00:00-05:00,11.017149550198983,11.774681563654305,10.926575360533933,11.568830490112305,843600,0.0,0.0
2011-02-08 00:00:00-05:00,11.577066815482553,12.178151682019992,11.519427970489065,11.8158540725708,869200,0.0,0.0
2011-02-09 00:00:00-05:00,11.766448484650885,12.021704186356784,11.65117158948377,11.71704387664795,267100,0.0,0.0
2011-02-10 00:00:00-05:00,11.552361319751574,11.865255026602611,11.552361319751574,11.68410587310791,280400,0.0,0.0
2011-02-11 00:00:00-05:00,11.634703156991339,11.873490378815243,11.610001247219088,11.840554237365723,183900,0.0,0.0
2011-02-14 00:00:00-05:00,11.824087729341166,11.898194256172347,11.675875460938485,11.80762004852295,675300,0.0,0.0
2011-02-15 00:00:00-05:00,11.766445642123472,11.8734882792209,11.494722326899007,11.527658462524414,366100,0.0,0.0
2011-02-16 00:00:00-05:00,11.618233981279399,12.24402141571045,11.618233981279399,12.24402141571045,704200,0.0,0.0
2011-02-17 00:00:00-05:00,12.211084697612682,12.293425434915616,12.095807822440468,12.104042053222656,398700,0.0,0.0
2011-02-18 00:00:00-05:00,12.120510969167471,12.252255525583504,12.005234089673694,12.186383247375488,312100,0.0,0.0
2011-02-22 00:00:00-05:00,12.227554898642923,12.326363326307039,11.725277743109192,12.235788345336914,947800,0.0,0.0
2011-02-23 00:00:00-05:00,12.194618133203237,12.235787720349045,11.601766812241024,11.848788261413574,1010600,0.0,0.0
2011-02-24 00:00:00-05:00,11.782915273103516,12.054638615321505,11.618233793357287,11.96406364440918,1492800,0.0,0.0
2011-02-25 00:00:00-05:00,12.054635356040214,12.375762427149498,11.939358508437818,12.136975288391113,640200,0.0,0.0
2011-02-28 00:00:00-05:00,12.227554488342241,12.268724076209475,11.68410697653584,11.840554237365723,424800,0.0,0.0
2011-03-01 00:00:00-05:00,11.980534767829589,11.980534767829589,11.362981437377133,11.470024108886719,886400,0.0,0.0
2011-03-02 00:00:00-05:00,11.511191145626036,11.980532106487601,11.387680821075856,11.96406364440918,723000,0.0,0.0
2011-03-03 00:00:00-05:00,11.996999572008614,12.351063647863741,11.939361526268284,12.260489463806152,772200,0.0,0.0
2011-03-04 00:00:00-05:00,12.19461759919508,12.326362156915405,12.054638810302357,12.24402141571045,410800,0.0,0.0
2011-03-07 00:00:00-05:00,12.23578815908591,12.351065048902443,11.939362880605696,12.087575912475586,740600,0.0,0.0
2011-03-08 00:00:00-05:00,12.087579589697038,12.647494174938451,12.005238816884575,12.499281883239746,1605900,0.0,0.0
2011-03-09 00:00:00-05:00,12.441640304695614,12.779236771119102,12.433406857424512,12.680427551269531,656400,0.0,0.0
2011-03-10 00:00:00-05:00,12.458110816143178,12.565153500846826,12.054642778978497,12.11228084564209,644700,0.0,0.0
2011-03-11 00:00:00-05:00,12.83398285437995,12.83398285437995,11.852463186067842,12.13289737701416,411100,0.025,0.0
2011-03-14 00:00:00-04:00,11.918448467076816,12.000929395033006,11.118386297648902,11.30809211730957,995300,0.0,0.0
2011-03-15 00:00:00-04:00,10.91218825179738,11.374080180095211,10.879196027390156,11.250359535217285,996400,0.0,0.0
2011-03-16 00:00:00-04:00,11.167875858710405,11.167875858710405,10.384310130086899,10.475038528442383,2205200,0.0,0.0
2011-03-17 00:00:00-04:00,10.681238785085787,10.978169483045379,10.433796798984925,10.796711921691895,1818300,0.0,0.0
2011-03-18 00:00:00-04:00,10.953423603428208,10.969920101210814,10.705981642863271,10.780214309692383,4600700,0.0,0.0
2011-03-21 00:00:00-04:00,10.978168487548828,11.176121743840628,10.912183282188575,10.978168487548828,814900,0.0,0.0
2011-03-22 00:00:00-04:00,10.978170602460706,11.044155033936343,10.763720806866647,10.829705238342285,851600,0.0,0.0
2011-03-23 00:00:00-04:00,10.821456918994663,10.854449134522834,10.681239806350812,10.804961204528809,855600,0.0,0.0
2011-03-24 00:00:00-04:00,10.862701097818613,11.217368125915527,10.722483937249914,11.217368125915527,821100,0.0,0.0
2011-03-25 00:00:00-04:00,11.29159329518276,11.745236732465987,11.242105377862416,11.596772193908691,766100,0.0,0.0
2011-03-28 00:00:00-04:00,11.613266040439989,11.794723543552028,11.176119170148208,11.258599281311035,1068800,0.0,0.0
2011-03-29 00:00:00-04:00,11.2338597573903,11.646262835649548,11.052402182709226,11.563782691955566,671600,0.0,0.0
2011-03-30 00:00:00-04:00,11.629763988371689,11.802973266040075,11.415314256668688,11.736988067626953,523400,0.0,0.0
2011-03-31 00:00:00-04:00,11.687506114777388,11.712250085183506,11.266854684890221,11.555537223815918,740700,0.0,0.0
2011-04-01 00:00:00-04:00,11.695752133589043,11.753488315709724,11.547286766311307,11.712247848510742,495500,0.0,0.0
2011-04-04 00:00:00-04:00,11.720498868269141,11.761739345211296,11.36583186780196,11.47305679321289,411600,0.0,0.0
2011-04-05 00:00:00-04:00,11.41531670358881,11.852463722229004,11.390572740502565,11.852463722229004,696900,0.0,0.0
2011-04-06 00:00:00-04:00,12.066912524347515,12.066912524347515,11.448307991027832,11.448307991027832,683600,0.0,0.0
2011-04-07 00:00:00-04:00,11.456557166463485,11.99268082404506,11.456557166463485,11.852463722229004,867600,0.0,0.0
2011-04-08 00:00:00-04:00,11.943192909284909,11.943192909284909,11.26685210469619,11.390573501586914,1086300,0.0,0.0
2011-04-11 00:00:00-04:00,11.365824270514043,11.407064719889735,10.771964631250214,10.91218090057373,937300,0.0,0.0
2011-04-12 00:00:00-04:00,10.837955556732291,10.928683970672525,10.590513498190193,10.672993659973145,648200,0.0,0.0
2011-04-13 00:00:00-04:00,10.7224777413288,10.928679236354354,10.639996828680067,10.870943069458008,579700,0.0,0.0
2011-04-14 00:00:00-04:00,10.648246984687626,10.730727912111192,10.5492703437372,10.70598316192627,505000,0.0,0.0
2011-04-15 00:00:00-04:00,10.705982526613647,10.804959948286992,10.639998103229,10.738975524902344,341100,0.0,0.0
2011-04-18 00:00:00-04:00,10.5575205349052,10.95342717149832,10.409055152884497,10.920434951782227,624400,0.0,0.0
2011-04-19 00:00:00-04:00,11.002913218440932,11.011161468013107,10.705982526613647,10.738975524902344,298600,0.0,0.0
2011-04-20 00:00:00-04:00,10.969922079194713,11.184371869458133,10.912185113141362,11.17612361907959,747900,0.0,0.0
2011-04-21 00:00:00-04:00,11.283350138493002,11.316342358160082,10.994667626458636,11.126636505126953,654900,0.0,0.0
2011-04-25 00:00:00-04:00,11.093638898097607,11.266848163883948,10.9781665786375,11.192615509033203,284400,0.0,0.0
2011-04-26 00:00:00-04:00,11.341086274749598,11.456559436358175,10.796714259417067,10.89569091796875,761100,0.0,0.0
2011-04-27 00:00:00-04:00,10.887441582566309,11.514294477585302,10.887441582566309,11.481302261352539,736200,0.0,0.0
2011-04-28 00:00:00-04:00,11.415315792045753,11.868959274249754,11.415315792045753,11.835967063903809,677800,0.0,0.0
2011-04-29 00:00:00-04:00,11.835967991708484,11.901952417572799,11.605021714586979,11.629766464233398,512000,0.0,0.0
2011-05-02 00:00:00-04:00,11.712246138064724,11.712246138064724,11.514292868334321,11.547285079956055,641100,0.0,0.0
2011-05-03 00:00:00-04:00,11.539038590169413,11.629767775913168,11.349333541062457,11.514294624328613,612200,0.0,0.0
2011-05-04 00:00:00-04:00,11.530786606964169,11.530786606964169,11.217361043509234,11.341081619262695,573900,0.0,0.0
2011-05-05 00:00:00-04:00,11.258602843661796,11.431812154484119,10.98641689616906,10.994665145874023,708300,0.0,0.0
2011-05-06 00:00:00-04:00,11.217362243594426,11.332834583559093,10.97816852804378,11.200865745544434,625900,0.0,0.0
2011-05-09 00:00:00-04:00,11.200868030075807,11.506046226877992,11.052402663730128,11.481302261352539,379000,0.0,0.0
2011-05-10 00:00:00-04:00,11.547286766311307,11.852464965029386,11.547286766311307,11.712247848510742,330200,0.0,0.0
2011-05-11 00:00:00-04:00,11.613270663388523,11.761736023816496,11.085394438108516,11.17612361907959,435200,0.0,0.0
2011-05-12 00:00:00-04:00,11.110141052138133,11.46480722532322,10.953427415054641,11.398822784423828,606000,0.0,0.0
2011-05-13 00:00:00-04:00,11.390570796191179,11.539035335962918,11.308089884520891,11.423563003540039,702400,0.0,0.0
2011-05-16 00:00:00-04:00,11.38232568250056,11.38232568250056,11.044155267390467,11.077147483825684,1059800,0.0,0.0
2011-05-17 00:00:00-04:00,10.98641594994708,11.143129534458662,10.903935819790323,10.978168487548828,1135200,0.0,0.0
2011-05-18 00:00:00-04:00,10.978172635604265,11.233862158276619,10.928683909534053,11.085396766662598,954600,0.0,0.0
2011-05-19 00:00:00-04:00,11.134885285532732,11.283350674384081,10.969924179362678,11.027660369873047,2330800,0.0,0.0
2011-05-20 00:00:00-04:00,10.94517568969196,10.94517568969196,10.433795291871716,10.483283996582031,1587300,0.0,0.0
2011-05-23 00:00:00-04:00,10.29357894855244,10.442044286697671,10.202850567794984,10.260586738586426,920200,0.0,0.0
2011-05-24 00:00:00-04:00,10.38430969946204,10.549270774447859,10.235844338676579,10.359565734863281,583300,0.0,0.0
2011-05-25 00:00:00-04:00,10.326573948096724,10.582263428278766,10.260588728769617,10.475038528442383,632000,0.0,0.0
2011-05-26 00:00:00-04:00,10.442045904190564,10.813208520451107,10.367813223619166,10.771968841552734,592700,0.0,0.0
2011-05-27 00:00:00-04:00,10.813207331060608,10.961672675873075,10.656494523333514,10.730727195739746,450600,0.0,0.0
2011-05-31 00:00:00-04:00,10.887439185490399,10.895687434381703,10.656493722708069,10.780214309692383,721400,0.0,0.0
2011-06-01 00:00:00-04:00,10.755468920724242,10.994662600620405,10.730724963933936,10.879189491271973,850300,0.0,0.0
2011-06-02 00:00:00-04:00,10.837952079593599,10.89568825297784,10.565766138501655,10.730727195739746,633800,0.0,0.0
2011-06-03 00:00:00-04:00,10.532772146319727,10.788461545161278,10.334818124504956,10.376058578491211,569500,0.0,0.0
2011-06-06 00:00:00-04:00,10.34306972384966,10.417302407757587,10.054387239006937,10.087379455566406,524900,0.0,0.0
2011-06-07 00:00:00-04:00,10.161611792971437,10.66474406159254,10.136867828044707,10.186356544494629,608600,0.0,0.0
2011-06-08 00:00:00-04:00,10.153365811107733,10.19460549647306,9.897675514221191,9.897675514221191,567700,0.0,0.0
2011-06-09 00:00:00-04:00,9.980154554526665,10.285332730280432,9.600743700719955,10.103875160217285,576500,0.0,0.0
2011-06-10 00:00:00-04:00,10.00489633654712,10.054384253392815,9.699718227344476,9.839935302734375,486200,0.0,0.0
2011-06-13 00:00:00-04:00,9.9019229741463,10.050700038025946,9.703554081138716,9.711819648742676,543600,0.025,0.0
2011-06-14 00:00:00-04:00,9.860601583654438,10.331728134340928,9.860601583654438,10.315196990966797,550400,0.0,0.0
2011-06-15 00:00:00-04:00,10.141622818606903,10.232541725418436,9.844068599499787,10.042437553405762,443200,0.0,0.0
2011-06-16 00:00:00-04:00,10.03417682386564,10.381323027521926,9.860603722037496,10.100299835205078,671700,0.0,0.0
2011-06-17 00:00:00-04:00,10.232543964559119,10.480505605325973,10.10856275005153,10.364789962768555,1241800,0.0,0.0
2011-06-20 00:00:00-04:00,10.306933032195055,10.612752114850611,10.257340386353013,10.596220970153809,747300,0.0,0.0
2011-06-21 00:00:00-04:00,10.728468409213573,11.273984433422262,10.654080612876836,11.240922927856445,950200,0.0,0.0
2011-06-22 00:00:00-04:00,11.20786102468896,11.439291555439626,10.968164920777946,11.001226425170898,764600,0.0,0.0
2011-06-23 00:00:00-04:00,10.802852187023554,11.480613931922528,10.753260344865165,11.455817222595215,820200,0.0,0.0
2011-06-24 00:00:00-04:00,11.47234933861815,11.612860883773452,11.315306652504253,11.521941184997559,711900,0.0,0.0
2011-06-27 00:00:00-04:00,11.53020948145914,11.778171136724058,11.488882407540258,11.736844062805176,556300,0.0,0.0
2011-06-28 00:00:00-04:00,11.703782903473304,12.150113580699035,11.695517330798214,12.11705207824707,764000,0.0,0.0
2011-06-29 00:00:00-04:00,12.191440032089853,12.323686035131768,11.993071027526979,12.232767105102539,691300,0.0,0.0
2011-06-30 00:00:00-04:00,12.232764918803369,12.373276468984587,12.059191873770583,12.108783721923828,424300,0.0,0.0
2011-07-01 00:00:00-04:00,12.141843245080615,12.373274459708055,11.943474308184026,12.323681831359863,637400,0.0,0.0
2011-07-05 00:00:00-04:00,12.331949870681274,12.398072862890164,12.100519397950167,12.348480224609375,878900,0.0,0.0
2011-07-06 00:00:00-04:00,12.307155678875706,12.398074608904935,12.100521102060624,12.232767105102539,397700,0.0,0.0
2011-07-07 00:00:00-04:00,12.398072762214168,12.679095870944074,12.274092349891323,12.563380241394043,776000,0.0,0.0
2011-07-08 00:00:00-04:00,12.356745976794805,12.571646098747333,12.19970406505919,12.414604187011719,440700,0.0,0.0
2011-07-11 00:00:00-04:00,12.16664424402538,12.398074752020214,11.97654002127192,12.083990097045898,318900,0.0,0.0
2011-07-12 00:00:00-04:00,12.034395892025168,12.191437794755519,11.877353201046608,11.910414695739746,386000,0.0,0.0
2011-07-13 00:00:00-04:00,12.03439879650313,12.373279395957992,11.9682750029098,12.174909591674805,481000,0.0,0.0
2011-07-14 00:00:00-04:00,12.19970440628488,12.290623327385527,11.670719657817168,11.836027145385742,580400,0.0,0.0
2011-07-15 00:00:00-04:00,11.926945618002245,12.216233494188254,11.74510700640794,12.207968711853027,425700,0.0,0.0
2011-07-18 00:00:00-04:00,12.092256945204575,12.125318449834896,11.86909119776357,12.067461013793945,344800,0.0,0.0
2011-07-19 00:00:00-04:00,12.125315798024467,12.57164640704538,12.125315798024467,12.381542205810547,1031200,0.0,0.0
2011-07-20 00:00:00-04:00,12.414602378710246,12.637767251117804,12.108782594497292,12.265825271606445,205600,0.0,0.0
2011-07-21 00:00:00-04:00,12.315420230240358,12.893997664991902,12.232766874024666,12.860936164855957,795700,0.0,0.0
2011-07-22 00:00:00-04:00,12.885729959990252,13.017975938644065,12.77001433454406,12.935321807861328,462200,0.0,0.0
2011-07-25 00:00:00-04:00,12.836138686127072,13.108896243109454,12.71215826504355,13.042773246765137,1003500,0.0,0.0
2011-07-26 00:00:00-04:00,12.968386203220437,13.43124802028732,12.563382605942154,13.398185729980469,1031300,0.0,0.0
2011-07-27 00:00:00-04:00,13.265939749566257,13.44777919364172,12.579913777476577,12.662567138671875,543500,0.0,0.0
2011-07-28 00:00:00-04:00,12.612976617783485,13.05930733798658,12.44766908960613,12.902264595031738,416500,0.0,0.0
2011-07-29 00:00:00-04:00,12.712156767881657,13.166752905395441,12.712156767881657,12.951852798461914,435100,0.0,0.0
2011-08-01 00:00:00-04:00,13.1667505404328,13.175015321331752,12.78654303039886,12.910523414611816,676500,0.0,0.0
2011-08-02 00:00:00-04:00,12.77828064949055,13.224611247565973,12.389807473383788,12.414604187011719,946200,0.0,0.0
2011-08-03 00:00:00-04:00,12.38154397646141,12.679098283859966,11.91868294667226,12.662567138671875,688000,0.0,0.0
2011-08-04 00:00:00-04:00,12.431135142770206,12.51378928236673,11.827762603759766,11.827762603759766,822500,0.0,0.0
2011-08-05 00:00:00-04:00,12.026131605380918,12.298889162785063,11.579800985242475,11.893885612487793,955300,0.0,0.0
2011-08-08 00:00:00-04:00,11.480612738425846,11.902146505942998,10.984689638908204,10.992955207824707,1451500,0.0,0.0
2011-08-09 00:00:00-04:00,11.331836255813414,11.703778206181855,10.488767099280071,11.571532249450684,1328700,0.0,0.0
2011-08-10 00:00:00-04:00,11.141736133174442,11.249186208958562,10.56315946900857,10.596220970153809,1523900,0.0,0.0
2011-08-11 00:00:00-04:00,10.67887579280706,11.654191320673618,10.596221640590146,11.422760009765625,1087000,0.0,0.0
2011-08-12 00:00:00-04:00,11.596327723807027,11.670716268672722,10.959893884424616,11.323570251464844,825100,0.0,0.0
2011-08-15 00:00:00-04:00,11.439288759809601,11.579800316202357,11.009488519490995,11.38969612121582,499600,0.0,0.0
2011-08-16 00:00:00-04:00,11.183064943338053,11.282249462176594,10.910307319469942,11.083880424499512,1317400,0.0,0.0
2011-08-17 00:00:00-04:00,11.199590845132432,11.34010237807214,10.621014362100286,10.83591365814209,858100,0.0,0.0
2011-08-18 00:00:00-04:00,10.298667570839783,10.455709505910088,9.976317340013319,10.116828918457031,960000,0.0,0.0
2011-08-19 00:00:00-04:00,9.918458438464285,10.397850533263531,9.753150955472865,9.819273948669434,663100,0.0,0.0
2011-08-22 00:00:00-04:00,10.133360940580967,10.232545453672081,9.653968733183032,9.728357315063477,683700,0.0,0.0
2011-08-23 00:00:00-04:00,9.786209154266542,10.455704431834066,9.554778756067101,10.41437816619873,732800,0.0,0.0
2011-08-24 00:00:00-04:00,10.397852670630776,10.695406201179996,10.249075511231956,10.621018409729004,686200,0.0,0.0
2011-08-25 00:00:00-04:00,10.819387164583665,11.001225822914458,10.24907525971612,10.298667907714844,580100,0.0,0.0
2011-08-26 00:00:00-04:00,10.19948057866688,10.70366855065554,9.918457490321398,10.571422576904297,599100,0.0,0.0
2011-08-29 00:00:00-04:00,10.720200954678717,11.183061917347791,10.604485319887312,11.166531562805176,493800,0.0,0.0
2011-08-30 00:00:00-04:00,11.083878463877658,11.37316718383763,10.74499788739494,11.290513038635254,547300,0.0,0.0
2011-08-31 00:00:00-04:00,11.406226180522015,11.637656632740372,11.298776130644306,11.472349166870117,577700,0.0,0.0
2011-09-01 00:00:00-04:00,11.439291220054004,11.65419138643181,10.918571949945509,10.95163345336914,568700,0.0,0.0
2011-09-02 00:00:00-04:00,10.744998019932776,10.868978451017274,10.397851866998158,10.40611743927002,569700,0.0,0.0
2011-09-06 00:00:00-04:00,10.125093893951872,10.381321106668898,9.88539782513519,10.364789962768555,597100,0.0,0.0
2011-09-07 00:00:00-04:00,10.596218430553897,11.108671969609347,10.36478797800425,11.059080123901367,701200,0.0,0.0
2011-09-08 00:00:00-04:00,10.918569558819655,11.216123024469235,10.488769320188684,10.579689025878906,434400,0.0,0.0
2011-09-09 00:00:00-04:00,10.414384533191646,10.488772329762158,9.951522665567106,10.100299835205078,604100,0.0,0.0
2011-09-12 00:00:00-04:00,9.893661158428587,10.108560462769098,9.662229925680117,10.050703048706055,631200,0.0,0.0
2011-09-13 00:00:00-04:00,10.054846143062097,10.369577821562498,9.789808482819971,10.18736457824707,521000,0.025,0.0
2011-09-14 00:00:00-04:00,10.311600252346949,10.634614525457984,10.038280786588444,10.468966484069824,1205800,0.0,0.0
2011-09-15 00:00:00-04:00,10.57664000929266,10.60148702296824,10.170801239939152,10.203930854797363,943200,0.0,0.0
2011-09-16 00:00:00-04:00,10.295037617192255,10.560074529084655,10.129388757387202,10.477250099182129,995000,0.0,0.0
2011-09-19 00:00:00-04:00,10.237059574062865,10.311601398440606,9.897480854006266,10.212212562561035,812500,0.0,0.0
2011-09-20 00:00:00-04:00,10.20393196669963,10.386145263211382,9.847788765633705,9.86435317993164,468700,0.0,0.0
2011-09-21 00:00:00-04:00,9.856065141806797,10.054843532854147,9.284579340959594,9.292861938476562,749800,0.0,0.0
2011-09-22 00:00:00-04:00,8.90359296787633,9.350843187691037,8.746227486220496,9.226607322692871,1071600,0.0,0.0
2011-09-23 00:00:00-04:00,9.234885367875274,9.599311792345556,9.17690875983902,9.276297569274902,483100,0.0,0.0
2011-09-26 00:00:00-04:00,9.425382127544687,9.591030159952687,9.160345275691885,9.57446575164795,357900,0.0,0.0
2011-09-27 00:00:00-04:00,9.756679695893443,10.410990117140281,9.690420472719502,9.822938919067383,698600,0.0,0.0
2011-09-28 00:00:00-04:00,9.84778722890277,9.880916842201232,9.243170798865517,9.251453399658203,500900,0.0,0.0
2011-09-29 00:00:00-04:00,9.524767616061581,9.68213299434855,9.152059476016149,9.450225830078125,717300,0.0,0.0
2011-09-30 00:00:00-04:00,9.268013983202788,9.367403571917421,8.936717987060547,8.936717987060547,565900,0.0,0.0
2011-10-03 00:00:00-04:00,8.82904972163828,8.994697778448407,8.5971424421041,8.671684265136719,1039300,0.0,0.0
2011-10-04 00:00:00-04:00,8.555732065625905,9.94717762103855,8.373518769114153,9.86435317993164,1100000,0.0,0.0
2011-10-05 00:00:00-04:00,9.864348889545331,10.212210127100205,9.698700869250645,10.013432502746582,990300,0.0,0.0
2011-10-06 00:00:00-04:00,10.01343249255995,10.402705932260506,9.847784472433778,10.353011131286621,917600,0.0,0.0
2011-10-07 00:00:00-04:00,10.435835203082577,10.849955635111694,10.112820981745932,10.245339393615723,984100,0.0,0.0
2011-10-10 00:00:00-04:00,10.485532361082456,10.924499929677687,10.394426123033567,10.717439651489258,632600,0.0,0.0
2011-10-11 00:00:00-04:00,10.584917187609651,11.057014980043492,10.328162982307296,10.957625389099121,676100,0.0,0.0
2011-10-12 00:00:00-04:00,11.057016803957005,11.454572073825428,10.891367984973053,11.222664833068848,722800,0.0,0.0
2011-10-13 00:00:00-04:00,11.11499300792434,11.264076623578504,10.891367584443094,11.081863403320312,684200,0.0,0.0
2011-10-14 00:00:00-04:00,11.2392285205723,11.288923321056306,10.88308547827981,10.999038696289062,458300,0.0,0.0
2011-10-17 00:00:00-04:00,10.916215421638649,11.048733840556592,10.667742991231465,10.767131805419922,452000,0.0,0.0
2011-10-18 00:00:00-04:00,10.742290316804818,11.264082451701583,10.444122931222386,11.10671615600586,484000,0.0,0.0
2011-10-19 00:00:00-04:00,11.222666429838089,11.255796040374163,10.700874471490758,10.742286682128906,474300,0.0,0.0
2011-10-20 00:00:00-04:00,10.791983512037822,11.206104146466146,10.551793575664291,11.164691925048828,512700,0.0,0.0
2011-10-21 00:00:00-04:00,11.363464445833195,11.512547258606556,11.065297240542451,11.396594047546387,597700,0.0,0.0
2011-10-24 00:00:00-04:00,11.438006272752332,12.17514010998846,11.396594073050165,12.075751304626465,855500,0.0,0.0
2011-10-25 00:00:00-04:00,12.117165649914769,12.771475993477285,11.545678930550153,12.15029525756836,1573400,0.0,0.0
2011-10-26 00:00:00-04:00,12.373918721884221,12.448460529404887,11.876974654866586,12.39876651763916,868000,0.0,0.0
2011-10-27 00:00:00-04:00,12.821170703227866,13.434068872893114,12.415332790060784,12.76319408416748,1053100,0.0,0.0
2011-10-28 00:00:00-04:00,12.713501313792376,12.978538215385685,12.224838934075507,12.473311424255371,746300,0.0,0.0
2011-10-31 00:00:00-04:00,12.440179916941386,12.66380457113508,12.15029525756836,12.15029525756836,916800,0.0,0.0
2011-11-01 00:00:00-04:00,11.81071794089655,12.62239381675792,11.69476390582825,12.2993803024292,824400,0.0,0.0
2011-11-02 00:00:00-04:00,12.547852118162918,13.251857356157696,12.349074447389894,13.086209297180176,1630300,0.0,0.0
2011-11-03 00:00:00-04:00,13.243576372383279,13.243576372383279,12.216557491482268,12.572701454162598,894500,0.0,0.0
2011-11-04 00:00:00-04:00,12.431890625670317,12.614102974746967,12.216547896901483,12.489867210388184,614400,0.0,0.0
2011-11-07 00:00:00-05:00,12.489877278928784,12.564419113583606,11.959802624617446,12.34079360961914,449900,0.0,0.0
2011-11-08 00:00:00-05:00,12.440179939795792,12.52300356414585,11.910105426492377,12.175142288208008,447800,0.0,0.0
2011-11-09 00:00:00-05:00,11.785869285421047,12.059189547543,11.57880903130018,11.611939430236816,430000,0.0,0.0
2011-11-10 00:00:00-05:00,11.852127942079107,12.009493369724884,11.55396070462297,11.818998336791992,715400,0.0,0.0
2011-11-11 00:00:00-05:00,12.001214394700192,12.257969505606583,11.819001905538066,12.14201545715332,575700,0.0,0.0
2011-11-14 00:00:00-05:00,12.092318433248188,12.224836861578776,11.852128584430965,12.100600242614746,346000,0.0,0.0
2011-11-15 00:00:00-05:00,11.992930855309089,12.58098207312345,11.992930855309089,12.473311424255371,715400,0.0,0.0
2011-11-16 00:00:00-05:00,12.307662241480697,12.456745889572943,11.951519111964695,12.009495735168457,502600,0.0,0.0
2011-11-17 00:00:00-05:00,12.100601643078964,12.191708665504626,11.719610722598437,11.87697696685791,721800,0.0,0.0
2011-11-18 00:00:00-05:00,11.943234333578427,11.984646538260161,11.761021106902067,11.885257720947266,573400,0.0,0.0
2011-11-21 00:00:00-05:00,11.769304732785004,12.001211993417645,11.636786298137782,11.918388366699219,532300,0.0,0.0
2011-11-22 00:00:00-05:00,11.885257595718285,12.034340425180764,11.645067758941522,11.868692398071289,230700,0.0,0.0
2011-11-23 00:00:00-05:00,11.711329288871607,11.744458900853854,11.239231330784285,11.313773155212402,617100,0.0,0.0
2011-11-25 00:00:00-05:00,11.230944606655934,11.429722191584238,10.916213035583496,10.916213035583496,174800,0.0,0.0
2011-11-28 00:00:00-05:00,11.388312772365458,11.752738433537427,11.338617969087775,11.553960800170898,681400,0.0,0.0
2011-11-29 00:00:00-05:00,11.603656465476497,11.860410730181009,11.421443226417962,11.843846321105957,703100,0.0,0.0
2011-11-30 00:00:00-05:00,12.373918278793411,12.498154883503158,12.0840344475481,12.233118057250977,790400,0.0,0.0
2011-12-01 00:00:00-05:00,12.216555958680605,12.59754688796994,12.009495688194493,12.332509994506836,489400,0.0,0.0
2011-12-02 00:00:00-05:00,12.498155790499203,12.63895681213167,12.340789571087807,12.589262008666992,587900,0.0,0.0
2011-12-05 00:00:00-05:00,12.821168046338991,13.003381255462145,12.663802631554473,12.812886238098145,612700,0.0,0.0
2011-12-06 00:00:00-05:00,12.804605251066247,12.812887850221244,12.531285797928362,12.730063438415527,481600,0.0,0.0
2011-12-07 00:00:00-05:00,12.266248193366243,12.887428874282307,12.266248193366243,12.796321868896484,444400,0.0,0.0
2011-12-08 00:00:00-05:00,12.647239212048545,12.78803944159377,12.423613784783832,12.49815559387207,510600,0.0,0.0
2011-12-09 00:00:00-05:00,12.53956699362623,12.970251833145186,12.407047791594511,12.879145622253418,822500,0.0,0.0
2011-12-12 00:00:00-05:00,12.655522248055389,12.978536522134217,12.481591606608664,12.945406913757324,359000,0.0,0.0
2011-12-13 00:00:00-05:00,12.949554174192881,13.065693960876867,12.086803620485245,12.24442195892334,691100,0.025,0.0
2011-12-14 00:00:00-05:00,12.119985062219484,12.377151423843525,11.81304507649885,12.144872665405273,545900,0.0,0.0
2011-12-15 00:00:00-05:00,12.377151761491541,12.609430526266346,12.277603719445198,12.40203857421875,557900,0.0,0.0
2011-12-16 00:00:00-05:00,12.54306295610286,12.775341679974014,12.252714749048263,12.37714958190918,811200,0.0,0.0
2011-12-19 00:00:00-05:00,12.509886059234429,12.609434129729138,11.887710025289199,11.920892715454102,329300,0.0,0.0
2011-12-20 00:00:00-05:00,12.219534640578178,12.443518350635664,12.153169272665796,12.34397029876709,370600,0.0,0.0
2011-12-21 00:00:00-05:00,12.277604131314932,12.518178772115064,12.020437754048396,12.435221672058105,357600,0.0,0.0
2011-12-22 00:00:00-05:00,12.44351945652478,12.634319708445418,12.310788708903877,12.352267265319824,535800,0.0,0.0
2011-12-23 00:00:00-05:00,12.36056137084961,12.443518477152331,12.277605055684488,12.36056137084961,182700,0.0,0.0
2011-12-27 00:00:00-05:00,12.310786400127313,12.443517122855772,12.285899587400104,12.40203857421875,222800,0.0,0.0
2011-12-28 00:00:00-05:00,12.40203649872508,12.443515040420625,12.28589753134241,12.310784339904785,254700,0.0,0.0
2011-12-29 00:00:00-05:00,12.368859979841304,12.377155850536921,12.16976382997315,12.269311904907227,285500,0.0,0.0
2011-12-30 00:00:00-05:00,12.25271838495565,12.435222755156891,12.128282724031958,12.285901069641113,387900,0.0,0.0
2012-01-03 00:00:00-05:00,12.650910908154435,12.82512020476469,12.360561816758135,12.460110664367676,625000,0.0,0.0
2012-01-04 00:00:00-05:00,12.37715670370556,12.37715670370556,12.012146279315669,12.028738021850586,646500,0.0,0.0
2012-01-05 00:00:00-05:00,11.929186581584684,12.244422480758075,11.630542420275075,12.219534873962402,507200,0.0,0.0
2012-01-06 00:00:00-05:00,12.236124837007356,12.360559688386333,12.01214115516021,12.144872665405273,488600,0.0,0.0
2012-01-09 00:00:00-05:00,12.202939300393457,12.576244558273174,12.119982224803607,12.443513870239258,622800,0.0,0.0
2012-01-10 00:00:00-05:00,12.58454690650486,12.65091228470739,12.377154901837526,12.418633460998535,571200,0.0,0.0
2012-01-11 00:00:00-05:00,12.410334980489925,12.47670034473285,12.343969616247001,12.368856430053711,568700,0.0,0.0
2012-01-12 00:00:00-05:00,12.40203916040325,12.609431122253262,12.20294306690025,12.60113525390625,558600,0.0,0.0
2012-01-13 00:00:00-05:00,12.5015846094367,12.932960180194744,12.5015846094367,12.841707229614258,433500,0.0,0.0
2012-01-17 00:00:00-05:00,13.00762789256056,13.107175968333694,12.816826820642053,12.891488075256348,283800,0.0,0.0
2012-01-18 00:00:00-05:00,12.891480447420058,13.455585876355602,12.841706043415913,13.40581226348877,707500,0.0,0.0
2012-01-19 00:00:00-05:00,13.422406425782128,13.455588312943842,13.198422753909641,13.28967571258545,536700,0.0,0.0
2012-01-20 00:00:00-05:00,13.297972270919432,13.389223652061835,13.090579531851487,13.347745895385742,324400,0.0,0.0
2012-01-23 00:00:00-05:00,13.339452350385406,13.48047896282598,13.11546941901002,13.297974586486816,284400,0.0,0.0
2012-01-24 00:00:00-05:00,13.239902863639577,13.438999748091994,13.007624088105564,13.040806770324707,637200,0.0,0.0
2012-01-25 00:00:00-05:00,13.024214983148072,13.455589850324403,12.858301572695638,13.414112091064453,561900,0.0,0.0
2012-01-26 00:00:00-05:00,13.571730695403149,13.696165557943312,13.206720393980232,13.356042861938477,521000,0.0,0.0
2012-01-27 00:00:00-05:00,13.24819722789963,13.58002480355596,13.24819722789963,13.438998222351074,269700,0.0,0.0
2012-01-30 00:00:00-05:00,13.264789309527453,13.43070350715793,13.14865032055115,13.23990249633789,187600,0.0,0.0
2012-01-31 00:00:00-05:00,13.347747311132368,13.347747311132368,12.825119451977914,12.932963371276855,331200,0.0,0.0
2012-02-01 00:00:00-05:00,13.090578564616237,13.430701998646668,13.032509076650342,13.273083686828613,297700,0.0,0.0
2012-02-02 00:00:00-05:00,13.356040002290882,13.696162625472423,13.281378784297395,13.64638900756836,663000,0.0,0.0
2012-02-03 00:00:00-05:00,13.870376326756977,14.110951805145637,13.804010950352414,14.077768325805664,788200,0.0,0.0
2012-02-06 00:00:00-05:00,14.04458525770333,14.318342610330689,14.019697650273478,14.193907737731934,404200,0.0,0.0
2012-02-07 00:00:00-05:00,14.119246888108727,14.268569372266034,14.119246888108727,14.23538589477539,460700,0.0,0.0
2012-02-08 00:00:00-05:00,14.2436828542379,14.509144365378026,14.027994980867692,14.169021606445312,356900,0.0,0.0
2012-02-09 00:00:00-05:00,14.24368087971894,14.583803591502415,14.06947079826083,14.534029960632324,889100,0.0,0.0
2012-02-10 00:00:00-05:00,14.368116091138646,14.683352786152442,14.251977088910001,14.351524353027344,872900,0.0,0.0
2012-02-13 00:00:00-05:00,14.500849059423995,14.708241070853774,14.39300590968172,14.59210205078125,918700,0.0,0.0
2012-02-14 00:00:00-05:00,14.459368107591597,14.932221536414021,14.35152339931009,14.865856170654297,1609600,0.0,0.0
2012-02-15 00:00:00-05:00,14.940518085550716,15.023475192098358,13.85378457837468,13.928445816040039,1111100,0.0,0.0
2012-02-16 00:00:00-05:00,13.994816169058764,14.384712651736049,13.994816169058764,14.334939002990723,424700,0.0,0.0
2012-02-17 00:00:00-05:00,14.359820222082995,14.61698741598247,14.310046590024323,14.351524353027344,305100,0.0,0.0
2012-02-21 00:00:00-05:00,14.3432325688198,14.384710339059763,13.978222178061193,13.994813919067383,354400,0.0,0.0
2012-02-22 00:00:00-05:00,13.994807497446375,14.127538200040402,13.563431922878397,13.64638900756836,635500,0.0,0.0
2012-02-23 00:00:00-05:00,13.629802576590407,14.044586579129248,13.521957849856085,13.770829200744629,437200,0.0,0.0
2012-02-24 00:00:00-05:00,13.704463159882156,14.23538615108959,13.571732412080296,13.787420272827148,684800,0.0,0.0
2012-02-27 00:00:00-05:00,13.729349820105142,14.077768444741562,13.679576182950052,13.862080574035645,458700,0.0,0.0
2012-02-28 00:00:00-05:00,14.1109464746699,14.882444672858037,14.102650607968709,14.608687400817871,1367500,0.0,0.0
2012-02-29 00:00:00-05:00,14.6833509315888,14.832671808905012,14.202201663058688,14.210495948791504,1013500,0.0,0.0
2012-03-01 00:00:00-05:00,14.334933184017009,14.965404947208453,14.334933184017009,14.64187240600586,1458600,0.0,0.0
2012-03-02 00:00:00-05:00,14.650170888051393,15.463147155776461,14.650170888051393,15.3884859085083,1227400,0.0,0.0
2012-03-05 00:00:00-05:00,15.446553580769296,15.529509097358318,15.172796262110376,15.338708877563477,911700,0.0,0.0
2012-03-06 00:00:00-05:00,15.123023042240366,15.14791064985505,14.616987678943895,14.957110404968262,846300,0.0,0.0
2012-03-07 00:00:00-05:00,15.02347597304157,15.147910848193748,14.567212654449872,14.69164752960205,732400,0.0,0.0
2012-03-08 00:00:00-05:00,14.791193725453013,14.965403785231878,14.650167136974886,14.923924446105957,476800,0.0,0.0
2012-03-09 00:00:00-05:00,14.957111245786175,15.214276876493491,14.774605277569398,15.172799110412598,737300,0.0,0.0
2012-03-12 00:00:00-04:00,15.172796546826323,15.172796546826323,14.683351394846436,14.749716758728027,487300,0.0,0.0
2012-03-13 00:00:00-04:00,14.953246834774221,15.194161016562603,14.65418139103776,15.144315719604492,476200,0.025,0.0
2012-03-14 00:00:00-04:00,15.069556129674515,15.235704025181816,14.920023340618696,14.969868659973145,537300,0.0,0.0
2012-03-15 00:00:00-04:00,14.994783797368635,15.136008977275013,14.8120224522852,15.044629096984863,332100,0.0,0.0
2012-03-16 00:00:00-04:00,15.061243477206341,15.119396330097883,14.571110678860574,14.687413215637207,581800,0.0,0.0
2012-03-19 00:00:00-04:00,14.62095611169767,14.936635141903832,14.355120805312817,14.870176315307617,507100,0.0,0.0
2012-03-20 00:00:00-04:00,14.7123310982787,15.061240217599686,14.496341172296887,14.944937705993652,524700,0.0,0.0
2012-03-21 00:00:00-04:00,14.986475367613526,15.111085427157398,14.795404919509856,14.89509391784668,246700,0.0,0.0
2012-03-22 00:00:00-04:00,14.72894686984153,14.944938390214922,14.571108192436435,14.712331771850586,263100,0.0,0.0
2012-03-23 00:00:00-04:00,14.728946318932902,14.778791611041362,14.421574940111883,14.762176513671875,273200,0.0,0.0
2012-03-26 00:00:00-04:00,14.903406508905912,15.368618294706337,14.903406508905912,15.343695640563965,535800,0.0,0.0
2012-03-27 00:00:00-04:00,15.32708211798791,15.484920840668243,15.169241810804166,15.177549362182617,348300,0.0,0.0
2012-03-28 00:00:00-04:00,15.252314970617292,15.293851140910666,14.886790650922942,15.160933494567871,411800,0.0,0.0
2012-03-29 00:00:00-04:00,15.003090922698826,15.302156373919741,14.728948120580682,15.252312660217285,515100,0.0,0.0
2012-03-30 00:00:00-04:00,15.194161463258123,15.235697627441292,14.82863719733446,14.878480911254883,638100,0.0,0.0
2012-04-02 00:00:00-04:00,14.895100579747691,15.34369731164312,14.78710398453893,15.061246871948242,569200,0.0,0.0
2012-04-03 00:00:00-04:00,15.069543925833058,15.80059217263234,15.01139268484953,15.559678077697754,896000,0.0,0.0
2012-04-04 00:00:00-04:00,15.36030730624208,15.551376191735708,15.202467034332837,15.451688766479492,401700,0.0,0.0
2012-04-05 00:00:00-04:00,15.318774570925003,15.825522529125973,15.293851916782629,15.343695640563965,476500,0.0,0.0
2012-04-09 00:00:00-04:00,15.086169482954789,15.185858525575009,14.762182867320336,14.845256805419922,751700,0.0,0.0
2012-04-10 00:00:00-04:00,14.870175240105295,14.870175240105295,13.99790300603755,14.097590446472168,1029100,0.0,0.0
2012-04-11 00:00:00-04:00,14.321883430261853,14.679100038583487,14.288654825849614,14.562797546386719,480400,0.0,0.0
2012-04-12 00:00:00-04:00,14.61265029922591,14.76218307298775,14.371736033831038,14.57942008972168,389400,0.0,0.0
2012-04-13 00:00:00-04:00,14.512960310683646,14.68741573021974,14.263740093636075,14.413272857666016,336600,0.0,0.0
2012-04-16 00:00:00-04:00,14.54618779851125,14.978170906167966,14.213893709738084,14.820330619812012,524300,0.0,0.0
2012-04-17 00:00:00-04:00,14.953246834774221,15.368614802406839,14.86186537485407,15.144315719604492,939100,0.0,0.0
2012-04-18 00:00:00-04:00,15.144320764273427,15.285545983691652,14.795411491858022,14.845256805419922,754100,0.0,0.0
2012-04-19 00:00:00-04:00,14.886788914575055,14.936632630014158,14.438190722113697,14.612646102905273,753300,0.0,0.0
2012-04-20 00:00:00-04:00,14.770483858302807,14.944937624763654,14.404959643738291,14.89509391784668,955000,0.0,0.0
2012-04-23 00:00:00-04:00,14.54618868193784,14.54618868193784,13.100708119609502,14.097590446472168,3531000,0.0,0.0
2012-04-24 00:00:00-04:00,14.105896971425981,14.105896971425981,13.7071440696797,14.047745704650879,1352100,0.0,0.0
2012-04-25 00:00:00-04:00,14.28035327408811,14.512958356138622,13.97298023558857,14.16404914855957,1082900,0.0,0.0
2012-04-26 00:00:00-04:00,14.180663067731105,14.330195799155845,14.014516820761624,14.296965599060059,578200,0.0,0.0
2012-04-27 00:00:00-04:00,14.371736033831038,14.695724238482887,14.155746010067936,14.57942008972168,666400,0.0,0.0
2012-04-30 00:00:00-04:00,14.504647119287897,14.562799959525154,13.914825428835936,13.972976684570312,643800,0.0,0.0
2012-05-01 00:00:00-04:00,13.972979614019238,14.41327027539141,13.707144340927819,13.7985258102417,704100,0.0,0.0
2012-05-02 00:00:00-04:00,13.748680135980587,13.881597768928195,13.56591878680342,13.690528869628906,599800,0.0,0.0
2012-05-03 00:00:00-04:00,13.707144390042751,13.79021830930729,13.30008392860005,13.540996551513672,677000,0.0,0.0
2012-05-04 00:00:00-04:00,13.391466881220461,13.557613153645459,13.025942546680035,13.034249305725098,644300,0.0,0.0
2012-05-07 00:00:00-04:00,12.959480470129986,13.16716444694456,12.818255302515956,12.942865371704102,509000,0.0,0.0
2012-05-08 00:00:00-04:00,12.818257854223596,12.884716676653978,12.28658648252888,12.660417556762695,833400,0.0,0.0
2012-05-09 00:00:00-04:00,12.469346044011763,12.85148458954465,12.353042732849062,12.768410682678223,980700,0.0,0.0
2012-05-10 00:00:00-04:00,12.893023908393921,13.042555859035255,12.768413025232567,12.926253318786621,644800,0.0,0.0
2012-05-11 00:00:00-04:00,12.785025583179781,13.07578266821156,12.668722273816181,12.84317684173584,719400,0.0,0.0
2012-05-14 00:00:00-04:00,12.6687225510124,12.735181360031035,12.353042812048143,12.519189834594727,713700,0.0,0.0
2012-05-15 00:00:00-04:00,12.585647071752263,12.801638570212713,12.386270669597108,12.50257396697998,661900,0.0,0.0
2012-05-16 00:00:00-04:00,12.510886732331516,12.876410288710606,12.427812800664949,12.477657318115234,651300,0.0,0.0
2012-05-17 00:00:00-04:00,12.469347196352299,12.494269053814756,12.128745572776314,12.21181869506836,1079900,0.0,0.0
2012-05-18 00:00:00-04:00,12.236738871526748,12.477653032157674,12.029054905949568,12.319812774658203,584400,0.0,0.0
2012-05-21 00:00:00-04:00,12.386274541715848,12.610573658447915,12.170282975733482,12.494270324707031,799400,0.0,0.0
2012-05-22 00:00:00-04:00,12.485961586758842,12.809948904926815,12.344736406448565,12.444424629211426,482400,0.0,0.0
2012-05-23 00:00:00-04:00,12.369659155458683,12.693645683971521,12.253355831844171,12.618879318237305,569000,0.0,0.0
2012-05-24 00:00:00-04:00,12.610576999649952,12.668728285801892,12.361355956888724,12.469351768493652,443900,0.0,0.0
2012-05-25 00:00:00-04:00,12.5191901646512,12.652107786192714,12.41119439908584,12.5607271194458,294600,0.0,0.0
2012-05-29 00:00:00-04:00,12.660416789141841,12.843178935870066,12.469347884302213,12.826563835144043,319400,0.0,0.0
2012-05-30 00:00:00-04:00,12.652106790697495,12.735180693750264,12.37796401977539,12.37796401977539,702300,0.0,0.0
2012-05-31 00:00:00-04:00,12.419499310495976,12.510880750084269,12.07059023193477,12.36965560913086,388300,0.0,0.0
2012-06-01 00:00:00-04:00,12.120434647591633,12.211815294340811,11.6303004312296,11.6386079788208,501700,0.0,0.0
2012-06-04 00:00:00-04:00,11.74660873413086,11.788144905311551,11.347854994332423,11.74660873413086,625300,0.0,0.0
2012-06-05 00:00:00-04:00,11.655226638989822,11.896140063439306,11.464157726470278,11.605382919311523,570100,0.0,0.0
2012-06-06 00:00:00-04:00,11.721684369829712,12.336429595947266,11.721684369829712,12.336429595947266,847200,0.0,0.0
2012-06-07 00:00:00-04:00,12.510881874900665,12.544111276215416,11.804756106647938,12.053977012634277,559400,0.0,0.0
2012-06-08 00:00:00-04:00,12.01243901810487,12.253352354745402,11.82967693064439,12.120434761047363,288600,0.0,0.0
2012-06-11 00:00:00-04:00,12.303201279798628,12.303201279798628,11.721685409545898,11.721685409545898,404400,0.0,0.0
2012-06-12 00:00:00-04:00,11.779836390138303,12.06228674866513,11.779836390138303,12.029056549072266,353800,0.0,0.0
2012-06-13 00:00:00-04:00,11.966642964930998,11.999929839638693,11.450696010150875,11.492304801940918,678200,0.025,0.0
2012-06-14 00:00:00-04:00,11.500630391754186,11.758604366141144,11.43405661648439,11.741960525512695,556200,0.0,0.0
2012-06-15 00:00:00-04:00,11.783569498071877,11.858465194702148,11.617135057572389,11.858465194702148,786000,0.0,0.0
2012-06-18 00:00:00-04:00,11.741955622237889,11.949998781485617,11.667060751550911,11.791886329650879,290500,0.0,0.0
2012-06-19 00:00:00-04:00,11.883427076359132,12.366087225276424,11.883427076359132,12.191330909729004,513200,0.0,0.0
2012-06-20 00:00:00-04:00,12.2246170890324,12.341121557265277,11.983287028395683,12.016573905944824,241600,0.0,0.0
2012-06-21 00:00:00-04:00,11.958322393744062,11.983287354179188,11.517271055821857,11.558879852294922,442100,0.0,0.0
2012-06-22 00:00:00-04:00,11.642093171718782,11.6837019557547,11.442371960692235,11.625450134277344,464800,0.0,0.0
2012-06-25 00:00:00-04:00,11.40908975822543,11.533915367762246,9.886213512491299,10.119221687316895,3979700,0.0,0.0
2012-06-26 00:00:00-04:00,10.543626394290103,11.309225212660364,10.393835079593696,11.259294509887695,3433800,0.0,0.0
2012-06-27 00:00:00-04:00,11.21769530613234,11.234339152482116,10.551957324586775,10.976365089416504,1445100,0.0,0.0
2012-06-28 00:00:00-04:00,10.851530951218217,11.017965316772461,10.576914049648302,11.017965316772461,850400,0.0,0.0
2012-06-29 00:00:00-04:00,11.384123958423473,11.583845236453616,11.134471964074889,11.375802040100098,650800,0.0,0.0
2012-07-02 00:00:00-04:00,11.4090900961352,11.700350918510042,11.242655680616103,11.692028999328613,648100,0.0,0.0
2012-07-03 00:00:00-04:00,11.642094144452546,12.249580537442636,11.600485356940082,12.24125862121582,527300,0.0,0.0
2012-07-05 00:00:00-04:00,12.091470812429488,12.532522976979754,12.066505850126102,12.457627296447754,799200,0.0,0.0
2012-07-06 00:00:00-04:00,12.299512253816504,12.399372882338573,12.158042831671475,12.36608600616455,371600,0.0,0.0
2012-07-09 00:00:00-04:00,12.374407331862894,12.482589872660556,12.049859709469912,12.108112335205078,753200,0.0,0.0
2012-07-10 00:00:00-04:00,12.091469764709473,12.274547990854966,11.97496608830743,12.091469764709473,1231000,0.0,0.0
2012-07-11 00:00:00-04:00,12.074825132125614,12.133076962654341,11.866781973241114,12.083147048950195,461900,0.0,0.0
2012-07-12 00:00:00-04:00,11.941678505258343,12.382729811932004,11.73363533125469,12.291191101074219,562200,0.0,0.0
2012-07-13 00:00:00-04:00,12.299513886465064,13.189939331154077,12.299513886465064,13.156652450561523,1131300,0.0,0.0
2012-07-16 00:00:00-04:00,13.115040660595769,13.422943640644773,12.940284378931702,13.198257446289062,723400,0.0,0.0
2012-07-17 00:00:00-04:00,13.298115201085116,13.556089800122031,13.239863384284188,13.447906494140625,1007200,0.0,0.0
2012-07-18 00:00:00-04:00,13.464557860478864,13.90560848441137,13.422948262871365,13.822392463684082,651200,0.0,0.0
2012-07-19 00:00:00-04:00,13.922251250263104,14.105330291135813,13.78910372267044,14.030434608459473,883000,0.0,0.0
2012-07-20 00:00:00-04:00,13.913929737670825,13.980503503411116,13.53945290059811,13.689244270324707,977800,0.0,0.0
2012-07-23 00:00:00-04:00,13.622670978510303,13.930574060554521,13.18994069252206,13.697565078735352,1314500,0.0,0.0
2012-07-24 00:00:00-04:00,13.922251561804794,14.130294776729231,13.57273889724199,14.01379108428955,852200,0.0,0.0
2012-07-25 00:00:00-04:00,14.03043470191775,14.513094889467139,13.980503188305104,14.463163375854492,943600,0.0,0.0
2012-07-26 00:00:00-04:00,14.67120437702153,14.737778131230751,14.022110670292495,14.155258178710938,976400,0.0,0.0
2012-07-27 00:00:00-04:00,14.280089532695612,14.579672341166363,14.072046268422955,14.438202857971191,972900,0.0,0.0
2012-07-30 00:00:00-04:00,14.421550860228617,14.54637643075214,14.21350771360833,14.330011367797852,389500,0.0,0.0
2012-07-31 00:00:00-04:00,14.27176077188353,14.454839772538715,13.963857777179886,14.246796607971191,442500,0.0,0.0
2012-08-01 00:00:00-04:00,14.388265748361606,14.388265748361606,13.947213676500736,14.005465507507324,516800,0.0,0.0
2012-08-02 00:00:00-04:00,13.839032046254516,14.429875520370144,13.647632695908086,13.930571556091309,579600,0.0,0.0
2012-08-03 00:00:00-04:00,14.280089376956228,14.52974065646305,14.205193675655357,14.363306999206543,447800,0.0,0.0
2012-08-06 00:00:00-04:00,14.35497560055111,14.687844282535565,14.338331769641119,14.446515083312988,605600,0.0,0.0
2012-08-07 00:00:00-04:00,14.587983484084653,14.995747790318966,14.587983484084653,14.862600326538086,634800,0.0,0.0
2012-08-08 00:00:00-04:00,14.729458051440211,14.937501235289686,14.6878484623242,14.837639808654785,342200,0.0,0.0
2012-08-09 00:00:00-04:00,14.779386056405434,14.979107296556995,14.687846559453055,14.804351806640625,393700,0.0,0.0
2012-08-10 00:00:00-04:00,14.754418970794347,14.771062802778093,14.513089756002737,14.687845230102539,351200,0.0,0.0
2012-08-13 00:00:00-04:00,14.637919606122288,14.74610137119663,14.413232570302146,14.712815284729004,230000,0.0,0.0
2012-08-14 00:00:00-04:00,14.79603120937101,14.979108632358859,14.463160858857151,14.52973461151123,485200,0.0,0.0
2012-08-15 00:00:00-04:00,14.513091069536685,14.887567799604616,14.513091069536685,14.804351806640625,582800,0.0,0.0
2012-08-16 00:00:00-04:00,14.81267299695124,15.05400383485258,14.538056077378616,14.962464332580566,579200,0.0,0.0
2012-08-17 00:00:00-04:00,15.037359197420923,15.078968781342406,14.87924595300595,14.954141616821289,439800,0.0,0.0
2012-08-20 00:00:00-04:00,14.870924207437396,14.870924207437396,14.513089756002737,14.687845230102539,318100,0.0,0.0
2012-08-21 00:00:00-04:00,14.75442214676799,14.929179245728436,14.504770962245662,14.637918472290039,303800,0.0,0.0
2012-08-22 00:00:00-04:00,14.604630811884478,14.72945799148085,14.413231464460539,14.671204566955566,352100,0.0,0.0
2012-08-23 00:00:00-04:00,14.587990344106094,14.904215322480148,14.563024587690887,14.845963478088379,352600,0.0,0.0
2012-08-24 00:00:00-04:00,14.771064347896983,14.987429424588901,14.746098597309835,14.9125337600708,184300,0.0,0.0
2012-08-27 00:00:00-04:00,14.979107367174178,15.103932944451964,14.854281789896394,14.954141616821289,212700,0.0,0.0
2012-08-28 00:00:00-04:00,14.970787319338966,15.029039156857854,14.746100299843087,14.837639808654785,392900,0.0,0.0
2012-08-29 00:00:00-04:00,14.895894375220925,14.995755820151244,14.74610300144736,14.929182052612305,359200,0.0,0.0
2012-08-30 00:00:00-04:00,14.845956496754734,14.94581630096891,14.712809032973855,14.862600326538086,211000,0.0,0.0
2012-08-31 00:00:00-04:00,14.987433410589121,14.987433410589121,14.78771211450486,14.870929718017578,251300,0.0,0.0
2012-09-04 00:00:00-04:00,14.81266883718803,14.904208313753497,14.704487118082179,14.862600326538086,813500,0.0,0.0
2012-09-05 00:00:00-04:00,14.929177593795567,14.970785590864136,14.771064347896983,14.9125337600708,605100,0.0,0.0
2012-09-06 00:00:00-04:00,15.029035874344318,15.561627388000488,15.0040717135707,15.561627388000488,565700,0.0,0.0
2012-09-07 00:00:00-04:00,15.653164093527932,15.952746697865923,15.520016622098396,15.936102867126465,335400,0.0,0.0
2012-09-10 00:00:00-04:00,15.886176597421008,16.094219767542032,15.836246681020121,15.911142349243164,259400,0.0,0.0
2012-09-11 00:00:00-04:00,15.886182785034181,16.035974179823498,15.7946432466087,15.88618278503418,135600,0.0,0.0
2012-09-12 00:00:00-04:00,15.857015633516898,16.065331648511116,15.415385109572133,15.907011032104492,539100,0.025,0.0
2012-09-13 00:00:00-04:00,15.857011223822582,16.265310308947882,15.673692164439034,16.22364616394043,484500,0.0,0.0
2012-09-14 00:00:00-04:00,16.265305713719453,16.40696058807561,16.16531338327574,16.248640060424805,385100,0.0,0.0
2012-09-17 00:00:00-04:00,16.198650794861425,16.306974403453616,16.073661526693584,16.215314865112305,205900,0.0,0.0
2012-09-18 00:00:00-04:00,16.140324907619426,16.140324907619426,15.698694401006684,15.723692893981934,297700,0.0,0.0
2012-09-19 00:00:00-04:00,15.757022155407824,16.098660269184464,15.707026760283792,16.023666381835938,238600,0.0,0.0
2012-09-20 00:00:00-04:00,15.83201409222185,16.156986504478272,15.83201409222185,15.923673629760742,252800,0.0,0.0
2012-09-21 00:00:00-04:00,16.023664432952312,16.290308626949734,15.86534543609432,15.882009506225586,751400,0.0,0.0
2012-09-24 00:00:00-04:00,15.773691392056438,16.115329583266643,15.757025726796108,15.948676109313965,195900,0.0,0.0
2012-09-25 00:00:00-04:00,16.006996630380808,16.090323327179902,15.748685300695715,15.807013511657715,364200,0.0,0.0
2012-09-26 00:00:00-04:00,15.823681087624477,15.998667331053445,15.757020039966953,15.898674964904785,248700,0.0,0.0
2012-09-27 00:00:00-04:00,15.957003736348032,16.040330446140995,15.882009856466842,15.9320068359375,257700,0.0,0.0
2012-09-28 00:00:00-04:00,15.83201714885339,15.957006440058272,15.632033965060566,15.815351486206055,162900,0.0,0.0
2012-10-01 00:00:00-04:00,15.92367358762761,16.073661343449025,15.782018661499023,15.782018661499023,290000,0.0,0.0
2012-10-02 00:00:00-04:00,15.84868187861208,15.973671162459816,15.673695609765273,15.957005500793457,271500,0.0,0.0
2012-10-03 00:00:00-04:00,16.048658139631623,16.265306880024333,15.923668909607752,15.973664283752441,345200,0.0,0.0
2012-10-04 00:00:00-04:00,16.015328093887838,16.50695381484057,16.015328093887838,16.498620986938477,333900,0.0,0.0
2012-10-05 00:00:00-04:00,16.498627058315442,16.498627058315442,16.365304941469155,16.45696449279785,263600,0.0,0.0
2012-10-08 00:00:00-04:00,16.35697290218556,16.631949980155667,16.298644671907823,16.57362174987793,298600,0.0,0.0
2012-10-09 00:00:00-04:00,16.573612353049565,16.631940550256658,16.215308753835508,16.248640060424805,188500,0.0,0.0
2012-10-10 00:00:00-04:00,16.231981622352244,16.256980113406208,15.890343524572463,16.09865951538086,196900,0.0,0.0
2012-10-11 00:00:00-04:00,16.281981648653097,16.440300686953996,16.073665618896484,16.073665618896484,162300,0.0,0.0
2012-10-12 00:00:00-04:00,16.048663037330105,16.32364006302927,15.96533632877662,16.215314865112305,229500,0.0,0.0
2012-10-15 00:00:00-04:00,15.940340041451154,16.090327819702157,14.840431786710457,14.923758506774902,1638000,0.0,0.0
2012-10-16 00:00:00-04:00,14.998749789362149,15.33205502237192,14.798766649556287,15.232064247131348,380100,0.0,0.0
2012-10-17 00:00:00-04:00,15.248729177229563,15.715358119098468,15.17373529690509,15.582036018371582,541800,0.0,0.0
2012-10-18 00:00:00-04:00,15.532043434228122,15.857017537377919,15.532043434228122,15.765357971191406,409200,0.0,0.0
2012-10-19 00:00:00-04:00,15.67369623840641,15.707027563075979,15.15707342062839,15.215401649475098,270900,0.0,0.0
2012-10-22 00:00:00-04:00,15.148743255912931,15.240402825562946,14.982089781881145,15.140410423278809,525400,0.0,0.0
2012-10-23 00:00:00-04:00,15.207069642287651,15.923677268261683,14.19048802465889,15.523709297180176,853600,0.0,0.0
2012-10-24 00:00:00-04:00,14.682111861719331,15.898676495956202,14.682111861719331,15.798684120178223,812400,0.0,0.0
2012-10-25 00:00:00-04:00,15.89867697320407,15.89867697320407,14.965420598786299,15.315391540527344,919300,0.0,0.0
2012-10-26 00:00:00-04:00,15.357053711797622,15.840346703317053,15.273727005123638,15.757019996643066,387600,0.0,0.0
2012-10-31 00:00:00-04:00,15.707026783900863,16.531957956650064,15.565371839732316,16.165321350097656,789600,0.0,0.0
2012-11-01 00:00:00-04:00,16.20698151771234,16.665275971190244,16.20698151771234,16.63194465637207,619100,0.0,0.0
2012-11-02 00:00:00-04:00,16.615285892994713,16.65694846049433,16.43196678161621,16.43196678161621,401700,0.0,0.0
2012-11-05 00:00:00-05:00,16.273647374682337,16.756940457318482,16.273647374682337,16.51529312133789,613400,0.0,0.0
2012-11-06 00:00:00-05:00,16.573621763353504,16.856931672925793,16.573621763353504,16.71527671813965,354800,0.0,0.0
2012-11-07 00:00:00-05:00,16.481959860587644,16.656944509772984,16.240312576293945,16.240312576293945,338700,0.0,0.0
2012-11-08 00:00:00-05:00,16.248645185836025,16.33197188926935,15.540370590639776,15.715356826782227,418200,0.0,0.0
2012-11-09 00:00:00-05:00,15.598702406230252,15.7236932848889,15.39871922543147,15.548707008361816,283900,0.0,0.0
2012-11-12 00:00:00-05:00,15.573705673217773,15.773688856215708,15.49037894963737,15.573705673217773,196500,0.0,0.0
2012-11-13 00:00:00-05:00,15.482040754289272,16.081990095418824,15.482040754289272,15.840344429016113,330400,0.0,0.0
2012-11-14 00:00:00-05:00,15.92368098109302,16.015338971622015,15.34872817993164,15.34872817993164,260500,0.0,0.0
2012-11-15 00:00:00-05:00,15.398716969323962,15.90700847271119,15.332055918824393,15.632031440734863,241200,0.0,0.0
2012-11-16 00:00:00-05:00,15.590369042765177,16.0236667143653,15.498711081356488,15.748689651489258,369000,0.0,0.0
2012-11-19 00:00:00-05:00,15.940336281777256,16.42362923697199,15.848678341717223,16.08199119567871,366700,0.0,0.0
2012-11-20 00:00:00-05:00,16.065330916878622,16.19032020231799,15.890344645803507,15.940340042114258,214600,0.0,0.0
2012-11-21 00:00:00-05:00,15.97367209332964,16.040333154554787,15.690362185791498,15.907011032104492,361100,0.0,0.0
2012-11-23 00:00:00-05:00,15.998661618301785,16.265305713719453,15.981995965007137,16.248640060424805,234400,0.0,0.0
2012-11-26 00:00:00-05:00,16.181997360886623,16.331985231734723,16.015343817871848,16.0903377532959,385000,0.0,0.0
2012-11-27 00:00:00-05:00,16.015332434007025,16.49862545802899,16.00699960384675,16.273645401000977,399700,0.0,0.0
2012-11-28 00:00:00-05:00,16.23198242761354,16.48196258257995,15.998669523501515,16.398635864257812,365400,0.0,0.0
2012-11-29 00:00:00-05:00,16.498627058315442,16.53195838218951,16.290311052077495,16.45696449279785,275600,0.0,0.0
2012-11-30 00:00:00-05:00,16.465295038896823,16.473627868709002,16.156986693145246,16.44862937927246,286300,0.0,0.0
2012-12-03 00:00:00-05:00,16.49029311665753,16.498624356936944,16.006998535565035,16.390300750732422,512200,0.0,0.0
2012-12-04 00:00:00-05:00,16.365306842167108,16.60695420034451,16.25698320564546,16.598621368408203,445800,0.0,0.0
2012-12-05 00:00:00-05:00,16.590284649357663,16.731939580434705,16.281977886576627,16.3153076171875,442400,0.0,0.0
2012-12-06 00:00:00-05:00,16.265313406067623,16.665279738350044,16.090327142365986,16.440298080444336,196900,0.0,0.0
2012-12-07 00:00:00-05:00,16.481961038216305,16.565286159405897,16.223648076689177,16.3153076171875,190100,0.0,0.0
2012-12-10 00:00:00-05:00,16.28197941538532,16.556956473374658,16.190319866280554,16.306976318359375,282600,0.0,0.0
2012-12-11 00:00:00-05:00,16.42362712514403,16.673607194233654,16.38196457495797,16.498620986938477,228100,0.0,0.0
2012-12-12 00:00:00-05:00,16.6029115608675,16.627941649143324,16.33593031792698,16.40267562866211,324900,0.025,0.0
2012-12-13 00:00:00-05:00,16.394332978599266,16.778119725510575,16.394332978599266,16.611255645751953,521200,0.0,0.0
2012-12-14 00:00:00-05:00,16.502798665837226,16.853212035812227,16.427709972890145,16.661317825317383,343800,0.0,0.0
2012-12-17 00:00:00-05:00,16.678007349885572,17.061794243852155,16.552860037780928,17.03676414489746,289600,0.0,0.0
2012-12-18 00:00:00-05:00,17.05344435235382,17.48728809555881,16.970012312429624,17.287052154541016,777900,0.0,0.0
2012-12-19 00:00:00-05:00,17.24534163215799,17.47060772397159,17.161909569486184,17.253684997558594,384600,0.0,0.0
2012-12-20 00:00:00-05:00,17.512320833714963,17.512320833714963,17.19528094365056,17.328771591186523,279100,0.0,0.0
2012-12-21 00:00:00-05:00,17.19528469176119,17.32043200218816,16.886586507462578,17.30374526977539,779800,0.0,0.0
2012-12-24 00:00:00-05:00,17.236995512724107,17.59575221095871,17.170250191517717,17.312084197998047,137500,0.0,0.0
2012-12-26 00:00:00-05:00,17.353801531737982,17.37048826189691,16.86989749646839,17.04510498046875,223700,0.0,0.0
2012-12-27 00:00:00-05:00,17.078477042987643,17.245341163799463,16.602916367408408,17.161909103393555,190200,0.0,0.0
2012-12-28 00:00:00-05:00,17.028422307232184,17.21197160870738,16.92830508509464,16.99505043029785,163000,0.0,0.0
2012-12-31 00:00:00-05:00,16.911614323954332,17.612441077373976,16.894927593793348,17.428890228271484,446700,0.0,0.0
2013-01-02 00:00:00-05:00,17.712555670941164,18.071312359974304,17.64581035144667,17.946165084838867,382800,0.0,0.0
2013-01-03 00:00:00-05:00,17.94616521291389,18.847227828187084,17.762615980827594,18.546873092651367,308100,0.0,0.0
2013-01-04 00:00:00-05:00,18.6553356648607,19.42290765799452,18.555216886915424,19.1475830078125,592800,0.0,0.0
2013-01-07 00:00:00-05:00,19.005749074973505,19.139239718533112,18.76379628893797,18.830541610717773,273700,0.0,0.0
2013-01-08 00:00:00-05:00,18.79717169049121,19.005751041552138,18.72208299680254,18.855573654174805,529100,0.0,0.0
2013-01-09 00:00:00-05:00,18.89728333497374,19.039117315671277,18.76379271682708,18.947341918945312,303900,0.0,0.0
2013-01-10 00:00:00-05:00,19.04747058824183,19.089185831366134,18.421732393370107,18.730430603027344,235000,0.0,0.0
2013-01-11 00:00:00-05:00,18.70539603024458,18.830543321031662,18.43007135397934,18.7137393951416,249500,0.0,0.0
2013-01-14 00:00:00-05:00,18.605275065378052,18.638648521060343,17.88776327288227,18.3800106048584,240100,0.0,0.0
2013-01-15 00:00:00-05:00,18.288233264247147,19.17260905921335,18.27988990120653,19.03077507019043,308900,0.0,0.0
2013-01-16 00:00:00-05:00,19.105863520935763,19.105863520935763,18.73042173653772,18.913970947265625,218800,0.0,0.0
2013-01-17 00:00:00-05:00,18.913976005383866,19.347821446399788,18.780485345276535,19.089181900024414,204500,0.0,0.0
2013-01-18 00:00:00-05:00,19.105868942437912,19.32279166648899,19.055810341913578,19.281076431274414,161900,0.0,0.0
2013-01-22 00:00:00-05:00,19.21433695509191,19.27273893872216,18.85558009412356,19.155933380126953,153000,0.0,0.0
2013-01-23 00:00:00-05:00,19.18929767302653,19.69823172923366,19.18929767302653,19.539710998535156,222300,0.0,0.0
2013-01-24 00:00:00-05:00,19.68988966111317,19.990242823218928,19.431251729725584,19.54805564880371,311100,0.0,0.0
2013-01-25 00:00:00-05:00,19.66486342229566,19.764982223510742,19.50634265009443,19.764982223510742,266400,0.0,0.0
2013-01-28 00:00:00-05:00,19.74828875529938,20.15710400409034,19.589768037169396,19.898466110229492,403500,0.0,0.0
2013-01-29 00:00:00-05:00,19.790008435481067,20.315629296074565,19.790008435481067,20.29894256591797,448000,0.0,0.0
2013-01-30 00:00:00-05:00,20.24887895482857,20.257222317841737,19.68988636361656,19.83172035217285,335300,0.0,0.0
2013-01-31 00:00:00-05:00,19.815036893481615,20.63266750758721,19.798350164703777,20.248882293701172,652900,0.0,0.0
2013-02-01 00:00:00-05:00,20.39906353199463,20.674388243617415,20.30728809767559,20.465808868408203,231300,0.0,0.0
2013-02-04 00:00:00-05:00,20.282247834657266,20.499170467117082,19.915149464033153,20.424081802368164,348200,0.0,0.0
2013-02-05 00:00:00-05:00,20.49083405439602,21.258406094432612,20.41574536418224,20.94136619567871,361400,0.0,0.0
2013-02-06 00:00:00-05:00,20.849593059164285,21.283438518718146,20.824562962574316,20.983083724975586,299700,0.0,0.0
2013-02-07 00:00:00-05:00,21.049826698191687,21.108228659020476,20.615981287271975,20.724443435668945,298900,0.0,0.0
2013-02-08 00:00:00-05:00,20.757818720097838,21.174977470505496,20.749476945463908,20.874624252319336,250800,0.0,0.0
2013-02-11 00:00:00-05:00,20.899647791363577,21.05816852441415,20.632666509173536,20.766157150268555,198100,0.0,0.0
2013-02-12 00:00:00-05:00,20.749479883393388,20.97474443109474,20.607645824519054,20.716106414794922,245600,0.0,0.0
2013-02-13 00:00:00-05:00,20.74112602763241,20.933018601031424,20.54923186289963,20.557575225830078,468300,0.0,0.0
2013-02-14 00:00:00-05:00,20.48248805705442,20.674382235898932,20.273908742455763,20.51586151123047,277800,0.0,0.0
2013-02-15 00:00:00-05:00,20.60764504207051,20.7911943383892,19.76498408796899,20.173799514770508,535300,0.0,0.0
2013-02-19 00:00:00-05:00,20.157105891491316,20.29059653252101,19.82337928891708,19.873437881469727,829100,0.0,0.0
2013-02-20 00:00:00-05:00,19.93184365576843,20.223855085703278,19.172614892738384,19.272733688354492,863300,0.0,0.0
2013-02-21 00:00:00-05:00,19.331129821982927,19.714914974794915,18.9890598931431,19.055805206298828,324300,0.0,0.0
2013-02-22 00:00:00-05:00,19.214337493202297,19.239366006124943,18.92232597553836,19.080846786499023,234000,0.0,0.0
2013-02-25 00:00:00-05:00,19.180958634217475,19.214332097188304,18.279895821350976,18.3049259185791,426500,0.0,0.0
2013-02-26 00:00:00-05:00,18.438408566911164,18.88059561957899,18.17142734462109,18.455095291137695,324900,0.0,0.0
2013-02-27 00:00:00-05:00,18.41338227185103,18.822197551573677,18.41338227185103,18.62196159362793,242300,0.0,0.0
2013-02-28 00:00:00-05:00,18.538530208601642,18.847228316041,18.51350170754845,18.638648986816406,377800,0.0,0.0
2013-03-01 00:00:00-05:00,18.446756612678115,18.588590621948242,18.071313178923656,18.588590621948242,403700,0.0,0.0
2013-03-04 00:00:00-05:00,18.49681768415874,18.78882910604204,18.346640290542513,18.555219650268555,410400,0.0,0.0
2013-03-05 00:00:00-05:00,18.705394991203665,19.072495069610483,18.563560978501084,18.84722900390625,288000,0.0,0.0
2013-03-06 00:00:00-05:00,18.96404078865203,19.16427684410354,18.69705938138335,18.989070892333984,387800,0.0,0.0
2013-03-07 00:00:00-05:00,18.897289776031737,19.43125402195143,18.838887809603232,19.20598793029785,330800,0.0,0.0
2013-03-08 00:00:00-05:00,19.356157872061015,19.706571127047187,19.281069203754434,19.63982582092285,282100,0.0,0.0
2013-03-11 00:00:00-04:00,19.56474639856692,19.56474639856692,19.364508794231565,19.472970962524414,342900,0.0,0.0
2013-03-12 00:00:00-04:00,19.53970222772523,19.53970222772523,19.180945699390694,19.456270217895508,424800,0.0,0.0
2013-03-13 00:00:00-04:00,19.535623574874926,20.14533002636446,19.376934316731013,19.953229904174805,355500,0.025,0.0
2013-03-14 00:00:00-04:00,19.944876171003653,20.21214554094342,19.861356185504185,20.128623962402344,244400,0.0,0.0
2013-03-15 00:00:00-04:00,20.153681237754977,20.512822944512283,20.095216605127835,20.33742904663086,358200,0.0,0.0
2013-03-18 00:00:00-04:00,20.003346207484498,20.003346207484498,18.633596199988897,19.711021423339844,843500,0.0,0.0
2013-03-19 00:00:00-04:00,19.694310279319918,19.9281703479824,19.10131018123341,19.376930236816406,488900,0.0,0.0
2013-03-20 00:00:00-04:00,19.48551355754239,19.802893704271348,19.209893411447645,19.71937370300293,310600,0.0,0.0
2013-03-21 00:00:00-04:00,19.55232821179195,19.669257474231024,19.042847980235873,19.31846809387207,585800,0.0,0.0
2013-03-22 00:00:00-04:00,19.452109256675644,19.55233391283487,19.293418359207646,19.535629272460938,212000,0.0,0.0
2013-03-25 00:00:00-04:00,19.5606837143345,19.761134593884535,19.326823558338464,19.393640518188477,348500,0.0,0.0
2013-03-26 00:00:00-04:00,19.560677639362435,19.560677639362435,19.017789810055852,19.243297576904297,291800,0.0,0.0
2013-03-27 00:00:00-04:00,19.07625468584716,19.193183932561467,18.89250849914732,18.967676162719727,307200,0.0,0.0
2013-03-28 00:00:00-04:00,18.959329775530684,18.959329775530684,18.4080894963094,18.50831413269043,652600,0.0,0.0
2013-04-01 00:00:00-04:00,18.483259835973648,18.566781440334044,18.316218220294957,18.41644287109375,690300,0.0,0.0
2013-04-02 00:00:00-04:00,18.474908465076233,18.909217925130626,18.20763902183393,18.282808303833008,646800,0.0,0.0
2013-04-03 00:00:00-04:00,18.341269092632132,18.39138299879509,17.75662119143965,17.865198135375977,545800,0.0,0.0
2013-04-04 00:00:00-04:00,17.865198135375977,17.948719719272532,17.689804242930744,17.865198135375977,419000,0.0,0.0
2013-04-05 00:00:00-04:00,17.514411725046177,18.057301315838934,17.439242446106935,17.96542739868164,688200,0.0,0.0
2013-04-08 00:00:00-04:00,17.965426756933187,18.316216181771676,17.79003124799298,18.241046905517578,402200,0.0,0.0
2013-04-09 00:00:00-04:00,18.241041859486405,18.357971104405713,17.940364837646484,17.940364837646484,339000,0.0,0.0
2013-04-10 00:00:00-04:00,18.00718813418374,18.34127294693406,17.957075810531702,18.282808303833008,349000,0.0,0.0
2013-04-11 00:00:00-04:00,18.316221056155076,18.917573833180267,18.316221056155076,18.74217987060547,395300,0.0,0.0
2013-04-12 00:00:00-04:00,18.616884231567383,18.792278062154406,18.441488807939212,18.616884231567383,209200,0.0,0.0
2013-04-15 00:00:00-04:00,18.458201194462156,18.491608874452997,17.881903978983335,17.948720932006836,760400,0.0,0.0
2013-04-16 00:00:00-04:00,18.090716212594273,18.16588552150598,17.60629266240915,17.806743621826172,511600,0.0,0.0
2013-04-17 00:00:00-04:00,17.689805400150362,17.739917716549826,17.12186050415039,17.330663681030273,620600,0.0,0.0
2013-04-18 00:00:00-04:00,17.422542121871672,17.447597490069754,16.971526377799464,17.0550479888916,339300,0.0,0.0
2013-04-19 00:00:00-04:00,17.12185599363035,17.55616686945725,16.762714369121237,17.430885314941406,726100,0.0,0.0
2013-04-22 00:00:00-04:00,17.497703848160988,17.714857712864173,17.113505240446003,17.648040771484375,366200,0.0,0.0
2013-04-23 00:00:00-04:00,17.84849821846673,18.007187503312267,17.372425584804155,17.739919662475586,574900,0.0,0.0
2013-04-24 00:00:00-04:00,17.681457467738287,17.940373025240795,17.55617584914302,17.890260696411133,410700,0.0,0.0
2013-04-25 00:00:00-04:00,17.91531747659248,18.45820554705603,17.91531747659248,18.32457160949707,292900,0.0,0.0
2013-04-26 00:00:00-04:00,18.307856203828035,18.307856203828035,17.881897680936156,18.015531539916992,337300,0.0,0.0
2013-04-29 00:00:00-04:00,18.124122181584774,18.26610845095359,17.898614296168013,18.14917755126953,355900,0.0,0.0
2013-04-30 00:00:00-04:00,18.174230632362796,18.40809078874097,18.09070903415331,18.366329193115234,517200,0.0,0.0
2013-05-01 00:00:00-04:00,18.32457503456139,18.533378300155164,17.873559216218446,17.957080841064453,461300,0.0,0.0
2013-05-02 00:00:00-04:00,18.05730373437915,18.416443945917482,17.923668203777996,18.32457160949707,444400,0.0,0.0
2013-05-03 00:00:00-04:00,18.541726587527034,19.13472696812447,18.416443380996625,18.775585174560547,281700,0.0,0.0
2013-05-06 00:00:00-04:00,18.775588904495944,19.176490784517913,18.758884261234414,18.984392166137695,275400,0.0,0.0
2013-05-07 00:00:00-04:00,19.076260277263064,19.869713066070428,19.076260277263064,19.819599151611328,302600,0.0,0.0
2013-05-08 00:00:00-04:00,19.82795385501854,19.986644750471143,19.53562902435601,19.78619384765625,248700,0.0,0.0
2013-05-09 00:00:00-04:00,19.77783277657352,19.853002030999598,19.385281871672554,19.460451126098633,153500,0.0,0.0
2013-05-10 00:00:00-04:00,19.485511032910004,19.827948091476912,19.301764823667817,19.368581771850586,190300,0.0,0.0
2013-05-13 00:00:00-04:00,19.368586380583178,19.368586380583178,19.017796920893268,19.268360137939453,122000,0.0,0.0
2013-05-14 00:00:00-04:00,19.293408973200766,19.96993064880371,19.293408973200766,19.96993064880371,364500,0.0,0.0
2013-05-15 00:00:00-04:00,19.95323350676625,20.07851670260969,19.685965662645323,19.794544219970703,190800,0.0,0.0
2013-05-16 00:00:00-04:00,19.736074915125528,19.919822724157402,19.52727174525604,19.702667236328125,461600,0.0,0.0
2013-05-17 00:00:00-04:00,19.794543017815734,20.111923165173817,19.552330553139846,19.711021423339844,243500,0.0,0.0
2013-05-20 00:00:00-04:00,19.577385151503474,19.961582209561357,19.468806613849395,19.744426727294922,175600,0.0,0.0
2013-05-21 00:00:00-04:00,19.74442734836555,19.77783662039978,19.477159544258814,19.677610397338867,121200,0.0,0.0
2013-05-22 00:00:00-04:00,19.67760688452467,20.01169158001784,19.13471905521809,19.243297576904297,138400,0.0,0.0
2013-05-23 00:00:00-04:00,19.026147279911267,19.44375366064911,18.875808727958937,19.285062789916992,130300,0.0,0.0
2013-05-24 00:00:00-04:00,19.126360744782847,19.502206905078978,19.126360744782847,19.477149963378906,124900,0.0,0.0
2013-05-28 00:00:00-04:00,19.7945406082617,20.195442301294623,19.75277901958636,19.96158218383789,184500,0.0,0.0
2013-05-29 00:00:00-04:00,19.878060042053676,20.120272470452687,19.744426148123765,19.80289077758789,146800,0.0,0.0
2013-05-30 00:00:00-04:00,19.502220308746754,19.577389592469025,18.90921835860906,19.268360137939453,398300,0.0,0.0
2013-05-31 00:00:00-04:00,19.134724843276288,19.47716195887069,19.009443243700137,19.01779556274414,251300,0.0,0.0
2013-06-03 00:00:00-04:00,19.126373771241575,19.34352930141802,18.708767350065813,19.29341697692871,341300,0.0,0.0
2013-06-04 00:00:00-04:00,19.30176941650139,19.644206556550817,18.967683003050364,19.268360137939453,284200,0.0,0.0
2013-06-05 00:00:00-04:00,19.226598298771453,19.25165366226081,18.825696552522373,18.84239959716797,785600,0.0,0.0
2013-06-06 00:00:00-04:00,18.800640907775254,19.00109179488593,18.633597705328672,18.90086555480957,302900,0.0,0.0
2013-06-07 00:00:00-04:00,19.05120708724549,19.435405875527383,19.02615171810343,19.209897994995117,333000,0.0,0.0
2013-06-10 00:00:00-04:00,19.276710510253906,19.42704906251131,19.076259638258012,19.276710510253906,124500,0.0,0.0
2013-06-11 00:00:00-04:00,19.02615555730257,19.13473256259275,18.82570459850659,19.009450912475586,148300,0.0,0.0
2013-06-12 00:00:00-04:00,19.189214491253647,19.23938192406647,18.37816608767764,18.545392990112305,240200,0.025,0.0
2013-06-13 00:00:00-04:00,18.587196177787614,18.963455855392098,18.511944242266715,18.930009841918945,156100,0.0,0.0
2013-06-14 00:00:00-04:00,18.921648603927522,19.01362354747495,18.403248146172643,18.411609649658203,125500,0.0,0.0
2013-06-17 00:00:00-04:00,18.578833155917323,18.578833155917323,17.80123254374644,18.06879425048828,437700,0.0,0.0
2013-06-18 00:00:00-04:00,18.077151276739635,18.31126691476805,17.968453363546576,18.22765350341797,341600,0.0,0.0
2013-06-19 00:00:00-04:00,18.17749335877487,18.570474475935693,18.110602921922098,18.269468307495117,260100,0.0,0.0
2013-06-20 00:00:00-04:00,18.077152400624705,18.093873808099776,17.307911839006774,17.450054168701172,415900,0.0,0.0
2013-06-21 00:00:00-04:00,17.550394304113787,17.809594538543504,16.689178564177947,17.09052276611328,763400,0.0,0.0
2013-06-24 00:00:00-04:00,16.806242299748387,17.140694557521687,16.53031898773615,16.814603805541992,485200,0.0,0.0
2013-06-25 00:00:00-04:00,16.98181818562821,17.123960502864986,16.83967586839144,17.065431594848633,275600,0.0,0.0
2013-06-26 00:00:00-04:00,17.21593909297571,17.59219871750925,17.140687168069,17.51694679260254,256200,0.0,0.0
2013-06-27 00:00:00-04:00,17.592199592774065,17.826315286537582,17.592199592774065,17.717618942260742,164300,0.0,0.0
2013-06-28 00:00:00-04:00,17.700900095983908,18.085519737417556,17.65909416793031,17.67581558227539,721600,0.0,0.0
2013-07-01 00:00:00-04:00,17.826318395001056,18.22766102125995,17.776150965417155,17.87648582458496,173800,0.0,0.0
2013-07-02 00:00:00-04:00,17.9015672151883,17.985180646443936,17.525307571934714,17.717618942260742,207800,0.0,0.0
2013-07-03 00:00:00-04:00,17.642369103936797,18.060434714955232,17.600561585958708,17.960098266601562,134300,0.0,0.0
2013-07-05 00:00:00-04:00,18.236014375402103,18.302904783217695,17.592194798224472,18.144041061401367,239400,0.0,0.0
2013-07-08 00:00:00-04:00,18.24438109487853,18.75442159712484,18.19421367336378,18.654085159301758,994700,0.0,0.0
2013-07-09 00:00:00-04:00,18.829674962196933,19.172488625802295,18.762784530146952,18.980178833007812,278400,0.0,0.0
2013-07-10 00:00:00-04:00,18.95509573507209,19.147405542193404,18.64572646704725,18.737701416015625,234400,0.0,0.0
2013-07-11 00:00:00-04:00,19.013617850307412,19.105592766295825,18.78786210822307,18.938365936279297,225100,0.0,0.0
2013-07-12 00:00:00-04:00,18.92164420850768,18.97181321776698,18.746057460480184,18.913284301757812,193200,0.0,0.0
2013-07-15 00:00:00-04:00,18.955093847131643,19.331353514713992,18.921647834549365,19.31463050842285,206200,0.0,0.0
2013-07-16 00:00:00-04:00,19.272826639541968,19.448415049236843,19.005264867429737,19.080516815185547,335600,0.0,0.0
2013-07-17 00:00:00-04:00,19.139037713839677,19.414960874773907,19.047064390057127,19.35643196105957,267600,0.0,0.0
2013-07-18 00:00:00-04:00,19.4484192533324,19.473503772938088,19.080520939753832,19.088882446289062,254600,0.0,0.0
2013-07-19 00:00:00-04:00,19.030338311881312,19.030338311881312,18.61227288744137,18.74605369567871,193600,0.0,0.0
2013-07-22 00:00:00-04:00,18.779512215294545,19.07215855131833,18.712621760900042,19.005268096923828,227200,0.0,0.0
2013-07-23 00:00:00-04:00,18.411606004546496,18.913284950802073,18.00190198362924,18.879838943481445,473600,0.0,0.0
2013-07-24 00:00:00-04:00,18.91329181415008,19.030349692664004,18.528670564356645,18.62064552307129,592500,0.0,0.0
2013-07-25 00:00:00-04:00,18.5871982223703,18.754425118543548,18.344720977192353,18.645727157592773,343300,0.0,0.0
2013-07-26 00:00:00-04:00,18.49522555729948,18.662450864940208,18.27783122205199,18.545392990112305,222200,0.0,0.0
2013-07-29 00:00:00-04:00,18.495217048489412,18.67916528070616,18.102234486999574,18.294544219970703,703700,0.0,0.0
2013-07-30 00:00:00-04:00,18.41996955871582,18.41996955871582,18.068794416688586,18.41996955871582,205100,0.0,0.0
2013-07-31 00:00:00-04:00,18.47849939922727,18.6708091879004,18.353080041170607,18.511943817138672,256200,0.0,0.0
2013-08-01 00:00:00-04:00,18.67917351141013,19.155768100861778,18.56211563885538,19.113962173461914,615800,0.0,0.0
2013-08-02 00:00:00-04:00,19.097232068356373,19.540382070179408,18.93836673263969,19.532020568847656,345700,0.0,0.0
2013-08-05 00:00:00-04:00,19.423328437288212,19.448412948762282,18.695895147271845,18.78786849975586,339500,0.0,0.0
2013-08-06 00:00:00-04:00,18.737700020080574,18.996900244925037,18.603919155980613,18.980178833007812,187700,0.0,0.0
2013-08-07 00:00:00-04:00,18.904921909965434,18.93000481862056,18.5119393299069,18.662443161010742,296000,0.0,0.0
2013-08-08 00:00:00-04:00,18.80459281774418,19.41496828633456,18.69589645003662,19.231019973754883,410600,0.0,0.0
2013-08-09 00:00:00-04:00,19.239377613477263,19.44004889456203,19.072150748509834,19.348073959350586,307400,0.0,0.0
2013-08-12 00:00:00-04:00,19.239381198005063,19.707614274440296,19.013625366676088,19.69089126586914,272300,0.0,0.0
2013-08-13 00:00:00-04:00,19.72433497348555,20.033702621858644,19.557108096942372,19.849754333496094,249000,0.0,0.0
2013-08-14 00:00:00-04:00,19.807942632158323,20.276175517146196,19.782858129557944,20.192562103271484,447500,0.0,0.0
2013-08-15 00:00:00-04:00,19.97517134914956,20.359792482140897,19.807946087026217,20.125675201416016,551800,0.0,0.0
2013-08-16 00:00:00-04:00,20.025337908651206,20.242730563286994,19.690884235810568,19.81630516052246,279600,0.0,0.0
2013-08-19 00:00:00-04:00,19.80794975555709,20.058788492595436,19.623999859921426,19.715974807739258,318700,0.0,0.0
2013-08-20 00:00:00-04:00,19.76614145881436,20.10059522143697,19.615637584592935,19.983535766601562,260000,0.0,0.0
2013-08-21 00:00:00-04:00,19.891565239391603,20.09223656855999,19.473499571592306,19.540390014648438,440500,0.0,0.0
2013-08-22 00:00:00-04:00,19.61563981410621,19.724337777751284,19.256104689571497,19.414968490600586,224300,0.0,0.0
2013-08-23 00:00:00-04:00,19.44004796778759,19.490215386968732,19.08887284393259,19.256099700927734,256900,0.0,0.0
2013-08-26 00:00:00-04:00,19.264464869502994,19.297909290390773,18.879843663133787,18.963457107543945,216500,0.0,0.0
2013-08-27 00:00:00-04:00,18.812951957505593,18.82967496421831,18.085517113439483,18.34471893310547,565500,0.0,0.0
2013-08-28 00:00:00-04:00,18.378158870143032,18.54538570690379,18.28618554523859,18.445049285888672,340500,0.0,0.0
2013-08-29 00:00:00-04:00,18.445052088343925,18.746059802329675,18.445052088343925,18.587194442749023,265600,0.0,0.0
2013-08-30 00:00:00-04:00,18.562109088758163,18.7126113311656,18.068791664508208,18.219295501708984,308600,0.0,0.0
2013-09-03 00:00:00-04:00,18.453410756277076,18.637360595364264,18.378158839340195,18.553747177124023,441700,0.0,0.0
2013-09-04 00:00:00-04:00,18.55375304810668,18.938372661006717,18.461778099459362,18.854759216308594,388400,0.0,0.0
2013-09-05 00:00:00-04:00,18.93000801591508,19.76613913456566,18.93000801591508,19.506938934326172,482400,0.0,0.0
2013-09-06 00:00:00-04:00,19.640726746901375,19.640726746901375,18.888208792363006,19.19757652282715,208400,0.0,0.0
2013-09-09 00:00:00-04:00,19.289544583209764,19.82466798690102,19.11395781442115,19.674165725708008,309700,0.0,0.0
2013-09-10 00:00:00-04:00,19.79957739076542,20.251087188720703,19.623989095321257,20.251087188720703,360500,0.0,0.0
2013-09-11 00:00:00-04:00,20.28039150938021,20.389201769711367,20.087883013645403,20.30550193786621,477100,0.025,0.0
2013-09-12 00:00:00-04:00,20.23854498510544,20.313874683774902,19.803307080891155,20.03766632080078,320600,0.0,0.0
2013-09-13 00:00:00-04:00,20.13810072145479,20.31387051442128,19.95396238274639,20.213430404663086,555300,0.0,0.0
2013-09-16 00:00:00-04:00,20.439419922921704,20.439419922921704,19.945592697874375,19.970703125,159900,0.0,0.0
2013-09-17 00:00:00-04:00,19.97908172791973,20.154850002907455,19.87864157332525,20.113000869750977,205100,0.0,0.0
2013-09-18 00:00:00-04:00,20.104621293346632,20.60681863786889,19.77819214136442,20.590078353881836,237900,0.0,0.0
2013-09-19 00:00:00-04:00,20.60682226844967,20.68215036678029,20.230173794588417,20.397573471069336,232500,0.0,0.0
2013-09-20 00:00:00-04:00,20.5063784077242,20.5063784077242,19.694493796504613,19.93722152709961,616900,0.0,0.0
2013-09-23 00:00:00-04:00,19.895369994465074,20.071138164579594,19.71960022790941,19.92047882080078,402400,0.0,0.0
2013-09-24 00:00:00-04:00,19.878636290724028,20.104625381175104,19.54383852511596,19.845155715942383,313200,0.0,0.0
2013-09-25 00:00:00-04:00,19.820046323489137,20.0795143849778,19.510357401241407,19.70286750793457,417100,0.0,0.0
2013-09-26 00:00:00-04:00,19.794936421528764,20.196693739676302,19.602427906138278,19.761457443237305,315200,0.0,0.0
2013-09-27 00:00:00-04:00,19.677764502077466,19.953972954700696,19.56058564231071,19.769834518432617,162400,0.0,0.0
2013-09-30 00:00:00-04:00,19.460132244979867,19.937219102652016,19.40154285494169,19.92047882080078,308300,0.0,0.0
2013-10-01 00:00:00-04:00,19.88700692683396,20.464534084583853,19.811677228151726,20.297134399414062,273000,0.0,0.0
2013-10-02 00:00:00-04:00,20.012554702719044,20.548231109109,19.895375887931642,20.50638198852539,233200,0.0,0.0
2013-10-03 00:00:00-04:00,20.506383370577502,20.556602637950746,20.13810501814304,20.188325881958008,421200,0.0,0.0
2013-10-04 00:00:00-04:00,20.112996182677282,20.380834403923537,19.987445619581592,20.188325881958008,291100,0.0,0.0
2013-10-07 00:00:00-04:00,20.012552938761416,20.05440205565634,19.836784732072978,19.96233367919922,417200,0.0,0.0
2013-10-08 00:00:00-04:00,19.895371084244694,19.937220194723942,18.907716751098633,18.907716751098633,396900,0.0,0.0
2013-10-09 00:00:00-04:00,19.041643570204087,19.259262545436588,18.447377658041468,18.47248649597168,508800,0.0,0.0
2013-10-10 00:00:00-04:00,18.715207236935385,19.133704703976402,18.715207236935385,18.832386016845703,353100,0.0,0.0
2013-10-11 00:00:00-04:00,18.790533795057556,19.15881035559125,18.681723577650107,19.150440216064453,309400,0.0,0.0
2013-10-14 00:00:00-04:00,19.008153059943528,19.568939696393755,18.924454848649713,19.54383087158203,401100,0.0,0.0
2013-10-15 00:00:00-04:00,19.518722546236532,19.518722546236532,18.832386922706277,18.97467613220215,386200,0.0,0.0
2013-10-16 00:00:00-04:00,19.06675233932811,19.409920263565787,18.966312207053836,19.209041595458984,216700,0.0,0.0
2013-10-17 00:00:00-04:00,19.0667458449651,19.384803228689602,18.94956546448454,19.326213836669922,365100,0.0,0.0
2013-10-18 00:00:00-04:00,19.476880983282403,19.953968048095703,19.31785142953069,19.953968048095703,504400,0.0,0.0
2013-10-21 00:00:00-04:00,19.627541679943548,20.7240051461249,19.259263277366184,20.330617904663086,937300,0.0,0.0
2013-10-22 00:00:00-04:00,20.31387271596678,20.64867045737597,19.25925863319667,19.384807586669922,686800,0.0,0.0
2013-10-23 00:00:00-04:00,19.26763066588378,19.342960364643705,18.631514096600924,18.865873336791992,564600,0.0,0.0
2013-10-24 00:00:00-04:00,18.832382931201373,18.874232032472136,18.514325610797293,18.5394344329834,622800,0.0,0.0
2013-10-25 00:00:00-04:00,18.631508801833068,18.664987771522355,18.179530737718242,18.229751586914062,624500,0.0,0.0
2013-10-28 00:00:00-04:00,18.22138853801827,18.62314590932048,18.22138853801827,18.47248649597168,263500,0.0,0.0
2013-10-29 00:00:00-04:00,18.480858867622732,18.706848014876606,18.246499574569594,18.556188583374023,441100,0.0,0.0
2013-10-30 00:00:00-04:00,18.623143638370124,18.681733048318595,18.31345470464603,18.606403350830078,334900,0.0,0.0
2013-10-31 00:00:00-04:00,18.564548855451296,18.757057317120765,18.438999928120825,18.64824867248535,204400,0.0,0.0
2013-11-01 00:00:00-04:00,18.656623336456594,18.75706186409217,18.146055765577316,18.24649429321289,531600,0.0,0.0
2013-11-04 00:00:00-05:00,18.288342834141083,18.849129602115507,18.263232406999034,18.815649032592773,400700,0.0,0.0
2013-11-05 00:00:00-05:00,18.73194902388964,18.890978534700274,18.572921109520415,18.84075927734375,481000,0.0,0.0
2013-11-06 00:00:00-05:00,18.99978404077533,18.99978404077533,18.62313571360908,18.740314483642578,264200,0.0,0.0
2013-11-07 00:00:00-05:00,18.782173163009613,18.849132716677815,18.49759466080934,18.56455421447754,344100,0.0,0.0
2013-11-08 00:00:00-05:00,18.53107646310681,18.757065589837854,17.853110679355616,18.271608352661133,698100,0.0,0.0
2013-11-11 00:00:00-05:00,18.204639816284182,18.94956479675602,18.154420567242777,18.832386016845703,593200,0.0,0.0
2013-11-12 00:00:00-05:00,18.815650093906413,19.376436893512523,18.731950261819836,19.28436851501465,440400,0.0,0.0
2013-11-13 00:00:00-05:00,19.125340212725018,20.004184514546996,19.066750805462434,19.552207946777344,351200,0.0,0.0
2013-11-14 00:00:00-05:00,19.50198831282482,19.56894786768441,18.95794173003544,19.125341415405273,283500,0.0,0.0
2013-11-15 00:00:00-05:00,19.091859835543374,19.585687125323712,18.99979145023021,19.568946838378906,271800,0.0,0.0
2013-11-18 00:00:00-05:00,19.644279652057644,19.920488044733258,19.46014125575453,19.535470962524414,272500,0.0,0.0
2013-11-19 00:00:00-05:00,19.518731413104998,20.020928945134443,19.23415286483638,19.30948257446289,376300,0.0,0.0
2013-11-20 00:00:00-05:00,19.326218692256944,19.661016442514605,19.24251885558213,19.401548385620117,121000,0.0,0.0
2013-11-21 00:00:00-05:00,19.40155295192003,19.619171939916157,19.20067425448714,19.2174129486084,289500,0.0,0.0
2013-11-22 00:00:00-05:00,19.200676859472544,19.301115423594656,19.116976991742654,19.16719627380371,316400,0.0,0.0
2013-11-25 00:00:00-05:00,19.242517125459656,19.401546641199072,19.167187438869483,19.33458709716797,280100,0.0,0.0
2013-11-26 00:00:00-05:00,19.35969715739865,19.51035654014317,19.225778060834973,19.384807586669922,202600,0.0,0.0
2013-11-27 00:00:00-05:00,19.460138150741695,19.602427396776825,19.393178599457023,19.527097702026367,179600,0.0,0.0
2013-11-29 00:00:00-05:00,19.669384906583737,19.92885294132655,19.55220610310791,19.85352325439453,116300,0.0,0.0
2013-12-02 00:00:00-05:00,19.88700499700448,19.88700499700448,19.24251834701582,19.384807586669922,773400,0.0,0.0
2013-12-03 00:00:00-05:00,19.267624596841216,19.46013305683824,18.974676037987667,19.259254455566406,230600,0.0,0.0
2013-12-04 00:00:00-05:00,19.22577840211724,19.736345964605455,19.091859303176328,19.468507766723633,175500,0.0,0.0
2013-12-05 00:00:00-05:00,19.43503503948378,20.029302677819963,19.401556049454232,19.769834518432617,190200,0.0,0.0
2013-12-06 00:00:00-05:00,20.046033365275473,20.28039097250808,19.88700384862373,20.071142196655273,211400,0.0,0.0
2013-12-09 00:00:00-05:00,20.087881429816914,20.313870479048287,19.95396234800011,19.995811462402344,151600,0.0,0.0
2013-12-10 00:00:00-05:00,19.92048227074875,20.037662667560245,19.786563185628264,19.970703125,197400,0.0,0.0
2013-12-11 00:00:00-05:00,20.000028369350325,20.083814387322573,19.824074215753722,19.924619674682617,233100,0.025,0.0
2013-12-12 00:00:00-05:00,19.89948487558379,20.22625485266994,19.874348108840238,19.933000564575195,296200,0.0,0.0
2013-12-13 00:00:00-05:00,19.97488975551308,20.117328210239002,19.849209142076255,20.016782760620117,233200,0.0,0.0
2013-12-16 00:00:00-05:00,20.092193664490818,20.477616066073953,19.966513037191316,20.10057258605957,224200,0.0,0.0
2013-12-17 00:00:00-05:00,20.058677796138674,20.293281186779293,20.00002694847852,20.117328643798828,517200,0.0,0.0
2013-12-18 00:00:00-05:00,20.08381510246647,20.31004119452504,20.025164248551114,20.192739486694336,731000,0.0,0.0
2013-12-19 00:00:00-05:00,20.19273824148955,20.628432555301682,20.14246631239302,20.49437141418457,390100,0.0,0.0
2013-12-20 00:00:00-05:00,20.511133647372827,20.76249654289596,20.435724938527503,20.661951065063477,675800,0.0,0.0
2013-12-23 00:00:00-05:00,20.75411588559498,20.854659756909424,20.494374088781296,20.68708610534668,314300,0.0,0.0
2013-12-24 00:00:00-05:00,20.74573097364986,20.821139654421916,20.611671451858548,20.653564453125,76300,0.0,0.0
2013-12-26 00:00:00-05:00,20.695464725666632,20.77925075116744,20.553026244952868,20.645191192626953,147800,0.0,0.0
2013-12-27 00:00:00-05:00,20.6954626942643,20.787627632891763,20.485994454841045,20.586538314819336,209100,0.0,0.0
2013-12-30 00:00:00-05:00,20.56140105695956,20.67032382720685,20.385446922725414,20.519506454467773,226100,0.0,0.0
2013-12-31 00:00:00-05:00,20.561410554879966,20.57816680550121,20.310047618164344,20.511137008666992,275900,0.0,0.0
2014-01-02 00:00:00-05:00,20.435725384275525,20.477620000167935,20.07543967818172,20.150848388671875,254300,0.0,0.0
2014-01-03 00:00:00-05:00,20.159226989929397,20.175984836018756,19.857593750901724,19.974895477294922,192800,0.0,0.0
2014-01-06 00:00:00-05:00,19.958136834456845,20.167605107863178,19.673259854774944,19.690017700195312,231400,0.0,0.0
2014-01-07 00:00:00-05:00,19.740287482506215,19.874347034996358,19.371624512216293,19.6564998626709,269500,0.0,0.0
2014-01-08 00:00:00-05:00,19.65649501878103,19.65649501878103,19.170528861230444,19.31296730041504,394500,0.0,0.0
2014-01-09 00:00:00-05:00,19.33811347910916,19.463794140051544,19.01972236484737,19.162160873413086,477500,0.0,0.0
2014-01-10 00:00:00-05:00,19.220802249377336,19.396754768175523,19.05322705213719,19.254316329956055,317700,0.0,0.0
2014-01-13 00:00:00-05:00,19.137019575984674,19.67325778817806,18.9024145590921,18.97782325744629,462500,0.0,0.0
2014-01-14 00:00:00-05:00,19.019720789550174,19.472171451092052,18.877282292781842,19.338111877441406,271700,0.0,0.0
2014-01-15 00:00:00-05:00,19.363248191449003,19.430277976698054,18.961067881838552,19.187294006347656,483200,0.0,0.0
2014-01-16 00:00:00-05:00,19.12026484677167,19.505687323153015,19.036477212939534,19.363248825073242,346500,0.0,0.0
2014-01-17 00:00:00-05:00,19.338110210686526,19.53919955383057,19.17053495900847,19.371625900268555,533300,0.0,0.0
2014-01-21 00:00:00-05:00,19.46379509885402,19.70677910701302,19.287842484490376,19.564340591430664,262200,0.0,0.0
2014-01-22 00:00:00-05:00,19.539203502345618,19.597854372850392,19.22919130164428,19.430280685424805,392800,0.0,0.0
2014-01-23 00:00:00-05:00,19.338111373670063,19.438656850346856,18.827008263618968,19.137022018432617,410900,0.0,0.0
2014-01-24 00:00:00-05:00,18.986203986893347,18.994582909521093,18.533753351807754,18.877281188964844,324600,0.0,0.0
2014-01-27 00:00:00-05:00,18.97782901928008,19.23756928240616,18.508620441155067,19.028100967407227,278800,0.0,0.0
2014-01-28 00:00:00-05:00,19.053232247275,19.447031990614338,18.927551614134018,19.103504180908203,317500,0.0,0.0
2014-01-29 00:00:00-05:00,19.002956926163268,19.262697068101996,18.55888373023553,18.609155654907227,310000,0.0,0.0
2014-01-30 00:00:00-05:00,18.77673627649387,19.17891498594398,18.57564692176882,19.086750030517578,343000,0.0,0.0
2014-01-31 00:00:00-05:00,18.810251115870987,19.120263257734504,18.743221333999195,18.793493270874023,398400,0.0,0.0
2014-02-03 00:00:00-05:00,18.910796653934096,19.028098383004284,17.804804356654614,17.964000701904297,674200,0.0,0.0
2014-02-04 00:00:00-05:00,17.972376109043836,18.349417992198028,17.712634333895167,18.04778480529785,511300,0.0,0.0
2014-02-05 00:00:00-05:00,17.930485600899154,18.290771321355916,17.637229670426237,18.22374153137207,327400,0.0,0.0
2014-02-06 00:00:00-05:00,18.26562821087724,18.86889770945518,18.26562821087724,18.692943572998047,289000,0.0,0.0
2014-02-07 00:00:00-05:00,18.827010468097733,18.902419184905995,18.483482579578457,18.55889129638672,204800,0.0,0.0
2014-02-10 00:00:00-05:00,18.542134693170905,18.542134693170905,18.07292611118342,18.240501403808594,219500,0.0,0.0
2014-02-11 00:00:00-05:00,18.232117610976882,18.315905234916272,17.863453024513166,17.922103881835938,692800,0.0,0.0
2014-02-12 00:00:00-05:00,17.947242510828506,18.156710793355394,17.653986595667625,17.87183380126953,558900,0.0,0.0
2014-02-13 00:00:00-05:00,17.82994156837996,18.3410431135108,17.762911778947252,18.114818572998047,590400,0.0,0.0
2014-02-14 00:00:00-05:00,18.09805952960891,18.584025870396843,17.846696637267208,18.475101470947266,332300,0.0,0.0
2014-02-18 00:00:00-05:00,18.50861542630281,18.751597774845717,18.449964569693,18.542129516601562,479300,0.0,0.0
2014-02-19 00:00:00-05:00,18.810248910129737,19.673257050765866,18.57564390203086,19.396759033203125,1337900,0.0,0.0
2014-02-20 00:00:00-05:00,19.312982756219682,19.564345754943997,19.23757401641407,19.296226501464844,321100,0.0,0.0
2014-02-21 00:00:00-05:00,19.279456665726965,19.31297075252326,18.87727803547652,19.178911209106445,320600,0.0,0.0
2014-02-24 00:00:00-05:00,19.245945262094356,19.547580100939065,19.04485590223661,19.32973289489746,422300,0.0,0.0
2014-02-25 00:00:00-05:00,19.354868899899,19.76542652649455,19.271081270404455,19.706775665283203,262700,0.0,0.0
2014-02-26 00:00:00-05:00,19.798941768014508,20.368695763891104,19.71515573177541,20.217878341674805,477000,0.0,0.0
2014-02-27 00:00:00-05:00,20.167600753979496,20.444098751259425,20.050299057592785,20.22625160217285,302500,0.0,0.0
2014-02-28 00:00:00-05:00,20.310042292489854,20.360314227404164,19.85759168202905,19.90786361694336,465900,0.0,0.0
2014-03-03 00:00:00-05:00,19.790559154875158,19.924618694776644,19.413515700079866,19.66487693786621,312900,0.0,0.0
2014-03-04 00:00:00-05:00,19.891107028003923,20.444103141311054,19.798940476414035,20.34355926513672,572000,0.0,0.0
2014-03-05 00:00:00-05:00,20.31842023854984,20.44410086885583,20.117330910437072,20.209497451782227,171800,0.0,0.0
2014-03-06 00:00:00-05:00,20.301665976030105,20.318423822524405,19.84083638425026,20.217878341674805,177400,0.0,0.0
2014-03-07 00:00:00-05:00,20.39382916365902,20.645190427072585,20.259769610089663,20.36869239807129,238200,0.0,0.0
2014-03-10 00:00:00-04:00,20.360311633091943,20.38544839640417,20.067057385028264,20.335176467895508,128400,0.0,0.0
2014-03-11 00:00:00-04:00,20.377072363789132,20.511131924225953,19.907863902260257,20.033544540405273,171300,0.0,0.0
2014-03-12 00:00:00-04:00,19.979025030639637,20.121612596676652,19.727400666945467,19.777725219726562,166000,0.025,0.0
2014-03-13 00:00:00-04:00,19.79450537862812,20.012580626333925,19.24093036513996,19.442230224609375,237700,0.0,0.0
2014-03-14 00:00:00-04:00,19.38351450216708,19.69385113014459,19.24931461983268,19.568038940429688,179800,0.0,0.0
2014-03-17 00:00:00-04:00,19.685461503438344,19.844824447973913,19.42544945693509,19.526100158691406,140800,0.0,0.0
2014-03-18 00:00:00-04:00,19.559651429355675,19.995801850885062,19.500939180263025,19.895151138305664,186800,0.0,0.0
2014-03-19 00:00:00-04:00,19.920310753617,19.920310753617,19.53448655534017,19.635135650634766,117900,0.0,0.0
2014-03-20 00:00:00-04:00,19.568038940429688,19.895150953646194,19.467388228784493,19.568038940429688,217700,0.0,0.0
2014-03-21 00:00:00-04:00,19.685464842834495,19.777727868446682,19.450615831878242,19.601591110229492,312200,0.0,0.0
2014-03-24 00:00:00-04:00,19.685460198282065,19.811273967083096,19.383511312609752,19.635135650634766,171200,0.0,0.0
2014-03-25 00:00:00-04:00,19.735783424696944,19.828044815096966,19.131882543156422,19.140270233154297,324500,0.0,0.0
2014-03-26 00:00:00-04:00,19.2828609179267,19.2828609179267,18.527986292303236,18.586698532104492,595000,0.0,0.0
2014-03-27 00:00:00-04:00,18.595085608531765,18.66218553748399,18.25119827267806,18.4776611328125,413700,0.0,0.0
2014-03-28 00:00:00-04:00,18.469280302697534,19.06479219339601,18.469280302697534,18.611867904663086,200300,0.0,0.0
2014-03-31 00:00:00-04:00,18.687349692171534,19.00607397319158,18.611862067758363,18.855098724365234,390100,0.0,0.0
2014-04-01 00:00:00-04:00,18.905425911172713,19.266087070083493,18.846712066905273,19.19059944152832,222600,0.0,0.0
2014-04-02 00:00:00-04:00,19.240926204658482,19.777725713837654,19.240926204658482,19.702238082885742,221200,0.0,0.0
2014-04-03 00:00:00-04:00,19.71062329001229,20.02934755845447,19.601586503378748,19.677072525024414,197300,0.0,0.0
2014-04-04 00:00:00-04:00,19.769340770853116,20.071291336652994,19.584816313858163,19.752565383911133,394800,0.0,0.0
2014-04-07 00:00:00-04:00,19.68546368180524,19.76933900925226,19.02285195453027,19.064788818359375,366700,0.0,0.0
2014-04-08 00:00:00-04:00,19.04801197170125,19.4422255005247,18.93058748215657,19.333187103271484,172600,0.0,0.0
2014-04-09 00:00:00-04:00,19.41705998170107,19.74417353252255,19.257697051802836,19.668685913085938,217300,0.0,0.0
2014-04-10 00:00:00-04:00,19.635135426880932,19.685459973954753,19.333184944860996,19.349960327148438,270400,0.0,0.0
2014-04-11 00:00:00-04:00,19.089951068511347,19.526101472486967,18.729288295984922,19.056400299072266,333700,0.0,0.0
2014-04-14 00:00:00-04:00,19.23254363478049,19.417068115260196,18.964143808704865,19.14866828918457,362500,0.0,0.0
2014-04-15 00:00:00-04:00,19.20737179562747,19.341571647491282,18.804772240036044,19.115110397338867,227000,0.0,0.0
2014-04-16 00:00:00-04:00,19.274480304353222,19.459006382675476,19.022855870009053,19.30803108215332,313200,0.0,0.0
2014-04-17 00:00:00-04:00,19.358353245689884,19.677077596274906,19.240928737546287,19.467390060424805,233400,0.0,0.0
2014-04-21 00:00:00-04:00,19.42544771485007,19.618359809478193,19.17382338270804,19.408672332763672,277500,0.0,0.0
2014-04-22 00:00:00-04:00,19.375125079806455,20.247424237104354,18.905425533569126,20.197099685668945,572000,0.0,0.0
2014-04-23 00:00:00-04:00,20.130006790161133,20.33130666608804,19.99580687287653,20.130006790161133,584600,0.0,0.0
2014-04-24 00:00:00-04:00,20.205487091360364,20.800998807646042,20.029348764148185,20.557762145996094,602600,0.0,0.0
2014-04-25 00:00:00-04:00,20.42356532182545,20.42356532182545,19.962251805441774,20.16355323791504,328400,0.0,0.0
2014-04-28 00:00:00-04:00,20.22226533439496,20.608089610807088,19.937090173660415,20.406789779663086,383700,0.0,0.0
2014-04-29 00:00:00-04:00,20.465499136514065,20.68357432269701,20.390011510535793,20.557762145996094,275800,0.0,0.0
2014-04-30 00:00:00-04:00,20.532602805256666,20.549378191811567,20.239039939701577,20.415178298950195,403000,0.0,0.0
2014-05-01 00:00:00-04:00,20.49905580191639,20.51582959045801,20.06290530405264,20.356468200683594,482300,0.0,0.0
2014-05-02 00:00:00-04:00,20.373234645730825,20.700346575641056,20.247420888268383,20.423559188842773,384500,0.0,0.0
2014-05-05 00:00:00-04:00,20.314527579409713,20.46550285882598,20.21387845965814,20.415178298950195,306600,0.0,0.0
2014-05-06 00:00:00-04:00,20.31453127648016,20.31453127648016,19.97903148326865,20.130006790161133,331900,0.0,0.0
2014-05-07 00:00:00-04:00,20.146775672961542,20.146775672961542,19.542874640433634,19.777725219726562,296400,0.0,0.0
2014-05-08 00:00:00-04:00,19.811275025105946,20.557761987596415,19.786111950044198,19.97063636779785,229100,0.0,0.0
2014-05-09 00:00:00-04:00,19.920315594103048,20.46550285882598,19.878378727504714,20.415178298950195,235100,0.0,0.0
2014-05-12 00:00:00-04:00,20.457111608226068,21.228761657889848,20.398399365282405,21.186824798583984,472400,0.0,0.0
2014-05-13 00:00:00-04:00,21.17843764345076,21.295862132313754,20.75906264061015,20.7674503326416,710200,0.0,0.0
2014-05-14 00:00:00-04:00,20.75906051129909,20.81777274970832,20.423560863397412,20.48227310180664,296300,0.0,0.0
2014-05-15 00:00:00-04:00,20.348079997757115,20.532604465413936,20.088067884288623,20.431955337524414,326500,0.0,0.0
2014-05-16 00:00:00-04:00,20.390006218498055,20.700344333617632,20.289357143175312,20.683568954467773,533300,0.0,0.0
2014-05-19 00:00:00-04:00,20.641637929391436,21.02746215995006,20.599699469685937,20.868099212646484,244900,0.0,0.0
2014-05-20 00:00:00-04:00,20.75906075186132,20.859711447292447,20.398398026266857,20.809385299682617,514400,0.0,0.0
2014-05-21 00:00:00-04:00,20.943588344914243,21.153275859139697,20.700351660302882,21.0861759185791,270500,0.0,0.0
2014-05-22 00:00:00-04:00,21.119724977944664,21.438449269841943,21.052625042819518,21.371349334716797,367800,0.0,0.0
2014-05-23 00:00:00-04:00,21.37973520282051,21.857822399778367,21.287472199973024,21.815885543823242,398700,0.0,0.0
2014-05-27 00:00:00-04:00,21.87459354448398,22.41139287570453,21.87459354448398,22.23525619506836,551900,0.0,0.0
2014-05-28 00:00:00-04:00,22.151381257338073,22.268805712991792,21.882981587393445,22.059118270874023,234500,0.0,0.0
2014-05-29 00:00:00-04:00,22.050732647475336,22.277193873914154,21.97524503873298,22.24364471435547,318300,0.0,0.0
2014-05-30 00:00:00-04:00,22.243657446719435,22.327532793309132,22.02558218550189,22.07590675354004,133200,0.0,0.0
2014-06-02 00:00:00-04:00,22.126219624859626,22.14299500526733,21.76555854482399,22.134607315063477,229400,0.0,0.0
2014-06-03 00:00:00-04:00,22.04235188728288,22.63786365481292,22.008801117388295,22.562376022338867,415600,0.0,0.0
2014-06-04 00:00:00-04:00,22.428174581347573,22.87271265277862,22.32752547824647,22.646249771118164,548600,0.0,0.0
2014-06-05 00:00:00-04:00,22.713347699815962,22.713347699815962,22.243648194000016,22.545597076416016,391700,0.0,0.0
2014-06-06 00:00:00-04:00,22.688186729533474,23.048849483424355,22.679800637395754,22.788837432861328,349900,0.0,0.0
2014-06-09 00:00:00-04:00,22.74690047400792,22.84754957710902,22.570762143898012,22.646249771118164,180900,0.0,0.0
2014-06-10 00:00:00-04:00,22.62947572033805,22.721738736772732,22.520438918924217,22.6210880279541,124500,0.0,0.0
2014-06-11 00:00:00-04:00,22.474169242592577,22.558122378903512,22.180334066140745,22.306262969970703,157600,0.025,0.0
2014-06-12 00:00:00-04:00,22.239102469476443,22.297869188973557,21.508713811050885,21.525503158569336,195700,0.0,0.0
2014-06-13 00:00:00-04:00,21.559085056152263,21.63464272444084,21.198087663500846,21.525503158569336,353400,0.0,0.0
2014-06-16 00:00:00-04:00,21.59266314842784,22.23070472591936,21.59266314842784,22.121566772460938,203000,0.0,0.0
2014-06-17 00:00:00-04:00,22.10477695647072,22.591703237725632,22.004032870123215,22.289472579956055,247700,0.0,0.0
2014-06-18 00:00:00-04:00,22.314659916622794,22.583308689531815,22.23070677477048,22.549728393554688,177900,0.0,0.0
2014-06-19 00:00:00-04:00,22.600101364662315,22.650472613112555,22.331452571230216,22.373428344726562,235900,0.0,0.0
2014-06-20 00:00:00-04:00,21.726993782437606,22.13836409799664,21.324020544109544,21.777366638183594,1053400,0.0,0.0
2014-06-23 00:00:00-04:00,21.760578010737763,21.953669174570166,21.51711398577853,21.58427619934082,399000,0.0,0.0
2014-06-24 00:00:00-04:00,21.584268201083844,21.978847460661484,21.525501486152592,21.57587432861328,227800,0.0,0.0
2014-06-25 00:00:00-04:00,21.449949506835736,21.861319822891634,21.382787300366605,21.852924346923828,208600,0.0,0.0
2014-06-26 00:00:00-04:00,21.861319571066907,22.029224284668953,21.60106462288281,22.004037857055664,134500,0.0,0.0
2014-06-27 00:00:00-04:00,21.911684647729963,22.31465776829759,21.911684647729963,22.297866821289062,362800,0.0,0.0
2014-06-30 00:00:00-04:00,22.281081436017256,22.574915054531242,22.13836156362198,22.39861488342285,371700,0.0,0.0
2014-07-01 00:00:00-04:00,22.490963420490274,22.860354711277505,22.47417247056182,22.65047264099121,343300,0.0,0.0
2014-07-02 00:00:00-04:00,22.642075457092815,22.851957511538043,22.499355596019143,22.826772689819336,348200,0.0,0.0
2014-07-03 00:00:00-04:00,22.851964300617695,23.36407717801479,22.843568823792918,23.347286224365234,229800,0.0,0.0
2014-07-07 00:00:00-04:00,23.313696995524147,23.39765013036719,22.633678044441062,22.75121307373047,238400,0.0,0.0
2014-07-08 00:00:00-04:00,22.658865605917786,22.91072502312546,22.465774506949625,22.591703414916992,282100,0.0,0.0
2014-07-09 00:00:00-04:00,22.68405409490297,22.877145211464835,22.54972970066227,22.69244956970215,217900,0.0,0.0
2014-07-10 00:00:00-04:00,22.30626877162409,22.768010340792486,22.062806374400243,22.532941818237305,186200,0.0,0.0
2014-07-11 00:00:00-04:00,22.532936476285958,22.532936476285958,22.18873005063386,22.21391487121582,142300,0.0,0.0
2014-07-14 00:00:00-04:00,22.390211045498454,22.60848851006122,22.297862456302372,22.440582275390625,244900,0.0,0.0
2014-07-15 00:00:00-04:00,22.507746951137957,22.6084910233943,21.99563592088025,22.04600715637207,191300,0.0,0.0
2014-07-16 00:00:00-04:00,22.171939840049742,22.255892981084916,21.83612887718201,21.9704532623291,141000,0.0,0.0
2014-07-17 00:00:00-04:00,21.70179995343158,21.987239612492004,21.533893706476277,21.559080123901367,273900,0.0,0.0
2014-07-18 00:00:00-04:00,21.542293222397877,22.146752942602117,21.4331552622828,22.13835906982422,161300,0.0,0.0
2014-07-21 00:00:00-04:00,22.02082394714114,22.062801317229045,21.794150952485246,21.98724365234375,200400,0.0,0.0
2014-07-22 00:00:00-04:00,20.03953817789444,21.777361238398026,19.796074239309963,20.853879928588867,1165600,0.0,0.0
2014-07-23 00:00:00-04:00,20.86227337478389,20.87906432090386,20.232627306739744,20.828691482543945,928900,0.0,0.0
2014-07-24 00:00:00-04:00,20.837099826505067,21.15612159475057,20.417335521857424,20.568450927734375,691500,0.0,0.0
2014-07-25 00:00:00-04:00,20.299798802958904,20.669191780702256,20.131892467273698,20.476099014282227,524700,0.0,0.0
2014-07-28 00:00:00-04:00,20.450910455683204,20.81190789068858,20.324979926245458,20.425724029541016,550100,0.0,0.0
2014-07-29 00:00:00-04:00,20.57683293853715,20.618808701019475,20.400531213311467,20.417322158813477,358200,0.0,0.0
2014-07-30 00:00:00-04:00,20.585238576432282,20.837096478240912,20.392147411627434,20.753143310546875,292300,0.0,0.0
2014-07-31 00:00:00-04:00,20.55164652028414,20.727948245509825,20.299788742844818,20.417322158813477,382600,0.0,0.0
2014-08-01 00:00:00-04:00,20.375348321547797,20.593625829880306,20.089908626133962,20.29139518737793,413100,0.0,0.0
2014-08-04 00:00:00-04:00,20.509673621035734,20.895855813858326,20.509673621035734,20.879066467285156,465400,0.0,0.0
2014-08-05 00:00:00-04:00,20.744738353216842,21.114131161492445,20.50127603956827,20.828691482543945,388600,0.0,0.0
2014-08-06 00:00:00-04:00,20.602019244451245,20.72794813248424,20.123486907889564,20.266206741333008,520600,0.0,0.0
2014-08-07 00:00:00-04:00,20.324974614493957,20.492880875681344,19.821259033477364,19.854839324951172,437600,0.0,0.0
2014-08-08 00:00:00-04:00,19.8968255188426,20.501285445017054,19.863243611196165,20.476099014282227,223100,0.0,0.0
2014-08-11 00:00:00-04:00,20.711154260581445,20.94622265929444,20.56003897578541,20.7027587890625,319400,0.0,0.0
2014-08-12 00:00:00-04:00,20.65239777079397,20.77832670328651,20.291400323381634,20.50967788696289,139200,0.0,0.0
2014-08-13 00:00:00-04:00,20.551653743898072,20.618815948239963,20.14868051784672,20.182262420654297,393500,0.0,0.0
2014-08-14 00:00:00-04:00,20.2830029969317,20.61041851179099,20.1906543742696,20.585233688354492,204900,0.0,0.0
2014-08-15 00:00:00-04:00,20.744740780151403,20.761531728235756,20.140281060571258,20.4089298248291,375400,0.0,0.0
2014-08-18 00:00:00-04:00,20.560045485729233,20.879067099371255,20.534859063197608,20.811904907226562,240900,0.0,0.0
2014-08-19 00:00:00-04:00,20.8370933238905,21.156114992579177,20.711164392049497,20.76153564453125,210600,0.0,0.0
2014-08-20 00:00:00-04:00,20.677580739033317,20.988206905799313,20.476094144890414,20.86227798461914,242100,0.0,0.0
2014-08-21 00:00:00-04:00,20.8370933238905,21.030184459464927,20.685977965171997,20.76153564453125,202700,0.0,0.0
2014-08-22 00:00:00-04:00,20.744743506279164,20.81190730744276,20.543256906607837,20.644001007080078,171200,0.0,0.0
2014-08-25 00:00:00-04:00,20.736345803120162,20.99659907947669,20.694368435144682,20.971412658691406,110700,0.0,0.0
2014-08-26 00:00:00-04:00,20.93783450465386,21.315621247391807,20.93783450465386,21.22327423095703,210000,0.0,0.0
2014-08-27 00:00:00-04:00,21.206489049855165,21.29044221594399,21.013397888742286,21.021793365478516,203300,0.0,0.0
2014-08-28 00:00:00-04:00,20.895862648047625,20.92104907805422,20.62721379973769,20.769933700561523,129700,0.0,0.0
2014-08-29 00:00:00-04:00,20.87067350220486,20.996602423642496,20.719558155970446,20.73634910583496,291800,0.0,0.0
2014-09-02 00:00:00-04:00,20.84548396748886,21.46673460833408,20.803508200363012,21.147714614868164,465600,0.0,0.0
2014-09-03 00:00:00-04:00,21.307231397181393,21.307231397181393,20.761538223892657,20.769933700561523,283400,0.0,0.0
2014-09-04 00:00:00-04:00,20.769928094004044,21.105739063743894,20.68597495125083,20.795114517211914,292100,0.0,0.0
2014-09-05 00:00:00-04:00,20.719566333611326,20.73635729010293,20.392150688393762,20.568450927734375,200600,0.0,0.0
2014-09-08 00:00:00-04:00,20.543255524991878,20.551650999572697,20.140282352750777,20.35016441345215,205600,0.0,0.0
2014-09-09 00:00:00-04:00,20.37534952993334,20.70276501121347,20.215838725677894,20.4089298248291,326600,0.0,0.0
2014-09-10 00:00:00-04:00,20.40893001456917,20.576836294427803,20.215838913622814,20.383745193481445,285500,0.0,0.0
2014-09-11 00:00:00-04:00,20.22826948733583,20.53921575993437,20.22826948733583,20.43836784362793,244300,0.025,0.0
2014-09-12 00:00:00-04:00,20.446776776569855,20.530816459426205,20.144234559456436,20.16944694519043,260900,0.0,0.0
2014-09-15 00:00:00-04:00,20.169446581299795,20.303909430274572,19.99296469311675,20.0097713470459,262100,0.0,0.0
2014-09-16 00:00:00-04:00,19.950942050511195,20.396351194906384,19.83328747018635,20.30390739440918,207800,0.0,0.0
2014-09-17 00:00:00-04:00,20.337517430989816,20.556018266919846,20.261881909735987,20.530807495117188,185300,0.0,0.0
2014-09-18 00:00:00-04:00,20.58964166112703,20.614854044295143,20.15263663708719,20.211463928222656,169200,0.0,0.0
2014-09-19 00:00:00-04:00,20.236679228514696,20.320718914932623,20.04338907180005,20.194660186767578,537200,0.0,0.0
2014-09-22 00:00:00-04:00,20.11902103360357,20.42156160654475,20.06859626901053,20.228271484375,395200,0.0,0.0
2014-09-23 00:00:00-04:00,20.06859984883752,20.27869826334887,19.850098908318568,19.858501434326172,547600,0.0,0.0
2014-09-24 00:00:00-04:00,19.89211633585924,19.94253950243162,19.58117000232848,19.77446174621582,216500,0.0,0.0
2014-09-25 00:00:00-04:00,19.78286600678751,19.86690408399574,19.41309237596173,19.564363479614258,216300,0.0,0.0
2014-09-26 00:00:00-04:00,19.58957200209077,19.782863724976174,19.438300915886277,19.572765350341797,205500,0.0,0.0
2014-09-29 00:00:00-04:00,19.900521525766734,21.11909133430323,19.85009835650436,21.035053253173828,1018300,0.0,0.0
2014-09-30 00:00:00-04:00,21.119090389014232,21.35440117324556,20.589643128148225,20.598047256469727,479300,0.0,0.0
2014-10-01 00:00:00-04:00,20.589644629131033,20.589644629131033,20.16104367103093,20.194660186767578,394000,0.0,0.0
2014-10-02 00:00:00-04:00,20.80814481203571,21.186320953628055,20.64006545826788,20.74091339111328,618400,0.0,0.0
2014-10-03 00:00:00-04:00,20.984627853972597,21.480460211854254,20.858569133121446,21.379613876342773,355500,0.0,0.0
2014-10-06 00:00:00-04:00,21.472060792815398,21.698967501868456,21.152711856422318,21.236751556396484,311900,0.0,0.0
2014-10-07 00:00:00-04:00,21.110685421795296,21.211531744141517,20.57283249189633,20.732507705688477,358200,0.0,0.0
2014-10-08 00:00:00-04:00,20.757719493394408,21.060260054694023,20.48879223468325,20.99302864074707,423900,0.0,0.0
2014-10-09 00:00:00-04:00,20.934206264910653,20.984629436468914,20.186256408922173,20.270296096801758,448800,0.0,0.0
2014-10-10 00:00:00-04:00,20.177850087474212,20.656874172539986,20.08540628055852,20.354331970214844,471800,0.0,0.0
2014-10-13 00:00:00-04:00,19.992957737315628,19.992957737315628,18.34578600606094,18.37099838256836,977500,0.0,0.0
2014-10-14 00:00:00-04:00,18.497054805196317,19.27862074953069,18.28695650200634,18.87523078918457,588900,0.0,0.0
2014-10-15 00:00:00-04:00,18.589504841926455,19.52234053275549,18.328981703989864,19.320646286010742,634800,0.0,0.0
2014-10-16 00:00:00-04:00,18.976090869275225,19.57277126713171,18.976090869275225,19.110553741455078,499100,0.0,0.0
2014-10-17 00:00:00-04:00,19.3290604992107,19.46352340053649,19.135770278920408,19.186193466186523,523900,0.0,0.0
2014-10-20 00:00:00-04:00,19.118958904004668,19.53915580299378,19.026515073291392,19.253421783447266,439500,0.0,0.0
2014-10-21 00:00:00-04:00,19.345864377749525,19.61479011944745,18.29537219741461,18.99289894104004,882000,0.0,0.0
2014-10-22 00:00:00-04:00,18.90885925989252,19.236612307461687,18.67354843427238,18.824819564819336,414500,0.0,0.0
2014-10-23 00:00:00-04:00,18.992897136433477,19.83329080085156,18.95087649145835,19.73244285583496,451200,0.0,0.0
2014-10-24 00:00:00-04:00,19.799670823645993,19.925729530687356,19.228202975273497,19.808074951171875,330100,0.0,0.0
2014-10-27 00:00:00-04:00,19.74084296232239,19.774459471452598,19.4214941402023,19.698823928833008,204800,0.0,0.0
2014-10-28 00:00:00-04:00,19.908919465734613,20.782927740597554,19.824879807805466,20.715696334838867,591500,0.0,0.0
2014-10-29 00:00:00-04:00,20.7493200802879,20.984629281100055,20.42156546027657,20.48039436340332,305900,0.0,0.0
2014-10-30 00:00:00-04:00,20.42156412126292,20.816550144596714,20.37954508185123,20.673683166503906,467900,0.0,0.0
2014-10-31 00:00:00-04:00,21.026644778276598,21.228339016559612,20.841757190991345,20.91739273071289,475000,0.0,0.0
2014-11-03 00:00:00-05:00,20.95101078364816,21.127492654064724,20.740912402910293,20.841758728027344,296600,0.0,0.0
2014-11-04 00:00:00-05:00,20.774528403862867,20.84175982512106,20.312312583078253,20.362735748291016,242800,0.0,0.0
2014-11-05 00:00:00-05:00,20.564430246664415,20.799741025214264,20.522411208995013,20.648469924926758,308700,0.0,0.0
2014-11-06 00:00:00-05:00,20.614853492048855,20.900587415272486,20.539217947494162,20.808143615722656,370700,0.0,0.0
2014-11-07 00:00:00-05:00,20.79973824299485,21.287166388208703,20.707294448979408,21.253551483154297,263100,0.0,0.0
2014-11-10 00:00:00-05:00,21.30398058085398,21.505674876174318,20.89218786087616,21.11909294128418,169400,0.0,0.0
2014-11-11 00:00:00-05:00,21.110688721977017,21.44684585388736,21.018244909605304,21.40482521057129,154000,0.0,0.0
2014-11-12 00:00:00-05:00,21.312381699787625,22.051927344833672,21.312381699787625,21.85023307800293,289100,0.0,0.0
2014-11-13 00:00:00-05:00,21.825020438244376,21.850232822399615,21.320785578527822,21.396419525146484,127100,0.0,0.0
2014-11-14 00:00:00-05:00,21.379610369934586,21.631727770287846,21.19472278028041,21.203126907348633,166800,0.0,0.0
2014-11-17 00:00:00-05:00,21.127495099932258,21.32078685080972,20.875377655029297,20.875377655029297,206900,0.0,0.0
2014-11-18 00:00:00-05:00,20.908990160964805,21.295572015324044,20.749316545592684,20.925798416137695,134100,0.0,0.0
2014-11-19 00:00:00-05:00,20.976221228521112,21.144300571596922,20.72410381683081,20.934202194213867,142300,0.0,0.0
2014-11-20 00:00:00-05:00,20.85016500467489,21.455249429438187,20.749318669163404,21.379613876342773,152000,0.0,0.0
2014-11-21 00:00:00-05:00,21.707362032569144,21.79980582195195,21.110683472175666,21.564495086669922,235900,0.0,0.0
2014-11-24 00:00:00-05:00,21.598117526158564,21.766195295026836,21.438442283248573,21.68215560913086,173900,0.0,0.0
2014-11-25 00:00:00-05:00,21.766198407923053,22.035124158911692,21.59812061501711,21.78300666809082,167700,0.0,0.0
2014-11-26 00:00:00-05:00,21.74098274687679,21.799810041352636,21.404824030574428,21.640134811401367,166900,0.0,0.0
2014-11-28 00:00:00-05:00,21.690558484923994,22.228411481831653,21.640135317468886,21.673751831054688,172900,0.0,0.0
2014-12-01 00:00:00-05:00,21.539289783531814,21.623329473951987,21.329191358943262,21.371212005615234,201300,0.0,0.0
2014-12-02 00:00:00-05:00,21.48046001118183,22.085544430292373,21.48046001118183,22.04352378845215,294800,0.0,0.0
2014-12-03 00:00:00-05:00,22.018310086020698,22.749451524911112,22.018310086020698,22.690624237060547,345000,0.0,0.0
2014-12-04 00:00:00-05:00,22.732650569901146,22.74945882980515,22.186394946412136,22.6149959564209,237600,0.0,0.0
2014-12-05 00:00:00-05:00,22.63179777509461,22.74945235508922,22.39648701218196,22.547758102416992,147300,0.0,0.0
2014-12-08 00:00:00-05:00,22.47213016525895,22.623401306706956,22.119164702854924,22.220012664794922,230800,0.0,0.0
2014-12-09 00:00:00-05:00,22.001507385041183,22.598186144334758,21.875448650267423,22.522550582885742,179400,0.0,0.0
2014-12-10 00:00:00-05:00,22.4637230451046,22.673821468503462,22.06033445688049,22.0771427154541,253000,0.0,0.0
2014-12-11 00:00:00-05:00,22.199114955238304,22.762715146889004,22.199114955238304,22.33370590209961,218900,0.025,0.0
2014-12-12 00:00:00-05:00,22.0813467794753,22.737478804239046,22.0813467794753,22.476707458496094,362200,0.0,0.0
2014-12-15 00:00:00-05:00,22.569241929818865,22.69542074791864,21.971994775402926,22.11499786376953,219100,0.0,0.0
2014-12-16 00:00:00-05:00,22.014051907382832,22.443061134690858,21.585042680074803,21.610279083251953,291000,0.0,0.0
2014-12-17 00:00:00-05:00,21.669161687485754,22.316881573761677,21.425214611699815,22.24958610534668,263000,0.0,0.0
2014-12-18 00:00:00-05:00,22.611300367533367,22.670185311817487,22.064524434786243,22.560829162597656,199300,0.0,0.0
2014-12-19 00:00:00-05:00,22.644945041513008,22.998246624653902,22.443058651782554,22.897302627563477,646100,0.0,0.0
2014-12-22 00:00:00-05:00,22.97301186459663,23.01507253490854,22.619710256229155,22.92254066467285,128100,0.0,0.0
2014-12-23 00:00:00-05:00,23.065545671850824,23.14966541508841,22.661772829651184,22.712244033813477,207400,0.0,0.0
2014-12-24 00:00:00-05:00,22.687006053017537,23.132839538080926,22.687006053017537,22.98142433166504,164700,0.0,0.0
2014-12-26 00:00:00-05:00,23.00665519735036,23.20012942367486,22.973006668711236,23.023479461669922,68600,0.0,0.0
2014-12-29 00:00:00-05:00,22.973010638080638,23.317900093972277,22.855243976395816,23.2506046295166,173000,0.0,0.0
2014-12-30 00:00:00-05:00,23.12441727390157,23.41883542357482,23.01506278631142,23.158065795898438,99400,0.0,0.0
2014-12-31 00:00:00-05:00,23.24219466494063,23.259018933737252,22.7290673022483,22.745891571044922,234100,0.0,0.0
2015-01-02 00:00:00-05:00,22.922535573942536,22.998243159240012,22.19069611755034,22.493526458740234,122700,0.0,0.0
2015-01-05 00:00:00-05:00,22.367345457991433,22.45987729846545,22.056103015592473,22.308462142944336,169100,0.0,0.0
2015-01-06 00:00:00-05:00,22.325287829389623,22.779531720471084,21.786922619376277,21.955162048339844,324500,0.0,0.0
2015-01-07 00:00:00-05:00,22.23276198553236,22.476707458496094,21.98881490811809,22.476707458496094,131500,0.0,0.0
2015-01-08 00:00:00-05:00,22.712243942928676,22.96460156718096,22.199114955238304,22.33370590209961,190900,0.0,0.0
2015-01-09 00:00:00-05:00,22.26640944649808,22.29164584959039,21.820577556354642,21.94675636291504,177700,0.0,0.0
2015-01-12 00:00:00-05:00,21.92151658029377,22.005636306515914,21.60186354599001,21.753278732299805,201500,0.0,0.0
2015-01-13 00:00:00-05:00,21.896283920780597,22.350527919555716,21.534570185867725,21.854223251342773,248200,0.0,0.0
2015-01-14 00:00:00-05:00,21.58504098224623,21.702807645575177,21.122384858210697,21.50092124938965,153500,0.0,0.0
2015-01-15 00:00:00-05:00,21.60186732606864,21.60186732606864,20.819556462872836,20.82796859741211,124900,0.0,0.0
2015-01-16 00:00:00-05:00,20.769082938969895,21.509333046740217,20.525135877945885,21.44203758239746,131600,0.0,0.0
2015-01-20 00:00:00-05:00,21.46727218906521,21.542979780679843,21.08873423099204,21.39997673034668,133300,0.0,0.0
2015-01-21 00:00:00-05:00,21.223322289864484,21.458857165880346,21.05508446795322,21.15602684020996,190000,0.0,0.0
2015-01-22 00:00:00-05:00,21.28220726265146,21.660745199174396,21.130793692492492,21.517742156982422,157900,0.0,0.0
2015-01-23 00:00:00-05:00,21.54298057587557,22.064519999082705,21.44203658184658,22.0224609375,138000,0.0,0.0
2015-01-26 00:00:00-05:00,22.11499393003937,22.375763654987615,21.963578733472502,22.157052993774414,204100,0.0,0.0
2015-01-27 00:00:00-05:00,21.786925160047648,22.056106994219775,21.55139185737218,21.862632751464844,162400,0.0,0.0
2015-01-28 00:00:00-05:00,21.91309960613804,22.005631444985102,21.442031489593855,21.509326934814453,172800,0.0,0.0
2015-01-29 00:00:00-05:00,21.601859473292752,21.92992457881214,21.374736736648547,21.90468978881836,137200,0.0,0.0
2015-01-30 00:00:00-05:00,21.812162089712096,21.812162089712096,20.58401793583834,20.718608856201172,400400,0.0,0.0
2015-02-02 00:00:00-05:00,20.74384795224703,20.92049956097034,19.995185659842463,20.79431915283203,271000,0.0,0.0
2015-02-03 00:00:00-05:00,21.071911897124757,21.36633015768018,20.86161336879237,21.273799896240234,248800,0.0,0.0
2015-02-04 00:00:00-05:00,21.24015521337527,21.770106894918985,21.20650667260387,21.627103805541992,146200,0.0,0.0
2015-02-05 00:00:00-05:00,21.795337722244227,21.988811968810193,21.51774374972992,21.669158935546875,200300,0.0,0.0
2015-02-06 00:00:00-05:00,21.71963439114321,22.056111756509555,21.685987456831892,21.896286010742188,151600,0.0,0.0
2015-02-09 00:00:00-05:00,21.761696163725713,21.91310978245012,21.484102122721552,21.526161193847656,110100,0.0,0.0
2015-02-10 00:00:00-05:00,21.744861480549204,21.98880686427396,21.467267572476235,21.91309928894043,137500,0.0,0.0
2015-02-11 00:00:00-05:00,21.887871048156306,21.955166512535055,21.58504065622672,21.65233612060547,156700,0.0,0.0
2015-02-12 00:00:00-05:00,21.79533550286424,21.854218823697,21.391562784768027,21.820571899414062,153400,0.0,0.0
2015-02-13 00:00:00-05:00,21.871046727022083,21.871046727022083,21.69439673513234,21.778514862060547,131100,0.0,0.0
2015-02-17 00:00:00-05:00,21.85422510349281,21.87946150729429,21.669162955633777,21.770105361938477,484500,0.0,0.0
2015-02-18 00:00:00-05:00,21.711220696425144,21.778516164663,21.42521455530164,21.534570693969727,172900,0.0,0.0
2015-02-19 00:00:00-05:00,21.492508738043455,21.78692699564345,21.442037540996445,21.778514862060547,201600,0.0,0.0
2015-02-20 00:00:00-05:00,21.685985777313004,21.812164578996857,21.450450837572763,21.786928176879883,124500,0.0,0.0
2015-02-23 00:00:00-05:00,21.778515197515837,21.871047063902648,21.63551213330461,21.837398529052734,176800,0.0,0.0
2015-02-24 00:00:00-05:00,21.534567469904513,22.056106869552547,20.38213094386241,21.021438598632812,700300,0.0,0.0
2015-02-25 00:00:00-05:00,20.912084756758084,21.16444233191279,20.40736800199833,21.139205932617188,643400,0.0,0.0
2015-02-26 00:00:00-05:00,21.13079134809846,21.559798822627165,20.83637316396207,21.038259506225586,284500,0.0,0.0
2015-02-27 00:00:00-05:00,20.970968106202267,21.181266620537308,20.78590438673922,20.8027286529541,164300,0.0,0.0
2015-03-02 00:00:00-05:00,20.80272874564409,21.265386441912824,20.6176666298068,21.09714698791504,368000,0.0,0.0
2015-03-03 00:00:00-05:00,20.97938519940728,21.071915476565145,20.743850230063035,20.93732452392578,156900,0.0,0.0
2015-03-04 00:00:00-05:00,20.777496278181758,20.945734146575422,20.365309730158547,20.483078002929688,278400,0.0,0.0
2015-03-05 00:00:00-05:00,20.466250270322654,20.59242905137157,20.197068442898228,20.205480575561523,191400,0.0,0.0
2015-03-06 00:00:00-05:00,20.062483260581434,20.28119395895702,19.776477086124956,19.784889221191406,159100,0.0,0.0
2015-03-09 00:00:00-04:00,19.826946258544922,19.894241727723735,19.6923553201873,19.826946258544922,135000,0.0,0.0
2015-03-10 00:00:00-04:00,19.641881072892733,19.641881072892733,19.423170430871732,19.482053756713867,159900,0.0,0.0
2015-03-11 00:00:00-04:00,19.410477194118965,19.69679239699295,19.410477194118965,19.654687881469727,312600,0.025,0.0
2015-03-12 00:00:00-04:00,19.80626706258373,20.496791409132566,19.679951907563584,20.404159545898438,154000,0.0,0.0
2015-03-13 00:00:00-04:00,20.36205163494593,20.471524322730083,20.117840983927646,20.2946834564209,134200,0.0,0.0
2015-03-16 00:00:00-04:00,20.44626061833042,20.538890852501428,20.176786319678193,20.2862606048584,203300,0.0,0.0
2015-03-17 00:00:00-04:00,20.25257831582243,20.934682963178126,20.25257831582243,20.82520866394043,375800,0.0,0.0
2015-03-18 00:00:00-04:00,20.749421440154784,21.061000317453377,20.54731687360339,21.01889419555664,238400,0.0,0.0
2015-03-19 00:00:00-04:00,20.968360536619173,21.128360527033045,20.968360536619173,21.08625602722168,195000,0.0,0.0
2015-03-20 00:00:00-04:00,21.22100102386828,21.397841922744735,20.90100091230464,21.364158630371094,545600,0.0,0.0
2015-03-23 00:00:00-04:00,21.33889359329887,21.473629966555063,20.85889506280065,20.943105697631836,370400,0.0,0.0
2015-03-24 00:00:00-04:00,20.917846727353748,21.22100443841774,20.858899751576775,21.069425582885742,274600,0.0,0.0
2015-03-25 00:00:00-04:00,21.04415230722929,21.11994170042978,20.555732665594956,20.606258392333984,385300,0.0,0.0
2015-03-26 00:00:00-04:00,20.513629137484614,20.597838150663488,20.168367043662528,20.227313995361328,369500,0.0,0.0
2015-03-27 00:00:00-04:00,20.244161588805078,20.89257982857642,20.210476690019874,20.850475311279297,288000,0.0,0.0
2015-03-30 00:00:00-04:00,21.010468918784184,21.069415867379604,20.791521962441287,20.96836280822754,229300,0.0,0.0
2015-03-31 00:00:00-04:00,20.82520524470272,21.044152201045616,20.82520524470272,20.96836280822754,237800,0.0,0.0
2015-04-01 00:00:00-04:00,20.943102548724447,20.993628279552638,20.420997976219713,20.81678581237793,227100,0.0,0.0
2015-04-02 00:00:00-04:00,20.985209089633162,21.263103045384884,20.93468335391035,21.17047119140625,333300,0.0,0.0
2015-04-06 00:00:00-04:00,21.03573729416795,21.414684372023743,21.03573729416795,21.364158630371094,232200,0.0,0.0
2015-04-07 00:00:00-04:00,21.355734666272237,21.406260401443575,20.90099823117772,20.92626190185547,173800,0.0,0.0
2015-04-08 00:00:00-04:00,20.89257631418242,21.145208194022437,20.85889302724755,21.04415512084961,130100,0.0,0.0
2015-04-09 00:00:00-04:00,21.035735950380303,21.1031041370084,20.690473793138278,20.943105697631836,114700,0.0,0.0
2015-04-10 00:00:00-04:00,21.06100111013367,21.17889504351312,20.833632861886695,20.850475311279297,139800,0.0,0.0
2015-04-13 00:00:00-04:00,20.81678642544456,21.060997076310343,20.606260666912288,21.01047134399414,352900,0.0,0.0
2015-04-14 00:00:00-04:00,21.018894553040532,21.044158226608253,20.639949086630782,20.757843017578125,236600,0.0,0.0
2015-04-15 00:00:00-04:00,20.842054086582998,20.91784350266532,20.690475254418345,20.850475311279297,120000,0.0,0.0
2015-04-16 00:00:00-04:00,20.808367198952265,21.027314201576175,20.547315683055544,20.698894500732422,170800,0.0,0.0
2015-04-17 00:00:00-04:00,20.463105095408377,20.463105095408377,20.06731720874562,20.244159698486328,297700,0.0,0.0
2015-04-20 00:00:00-04:00,20.353627483651675,20.673625884062503,20.303101758572875,20.471521377563477,320000,0.0,0.0
2015-04-21 00:00:00-04:00,19.789432288137228,20.639957017518512,19.789432288137228,20.3957462310791,578100,0.0,0.0
2015-04-22 00:00:00-04:00,20.53047583932965,20.943107831425145,20.43784557714353,20.581003189086914,638300,0.0,0.0
2015-04-23 00:00:00-04:00,20.52205832002135,20.926267522324657,20.52205832002135,20.623109817504883,221600,0.0,0.0
2015-04-24 00:00:00-04:00,20.63152138086081,20.690468327816713,20.42099565248468,20.471521377563477,198800,0.0,0.0
2015-04-27 00:00:00-04:00,20.522057184854393,20.65679357816929,19.991531230765553,20.10100555419922,197600,0.0,0.0
2015-04-28 00:00:00-04:00,20.092578821125663,20.202051508366495,19.823106108362936,20.143104553222656,174400,0.0,0.0
2015-04-29 00:00:00-04:00,19.99152669532021,20.11784183462295,19.70521152293579,19.814685821533203,455700,0.0,0.0
2015-04-30 00:00:00-04:00,19.747315630680294,19.856788311953668,19.393632312912818,19.663105010986328,376700,0.0,0.0
2015-05-01 00:00:00-04:00,19.705220633379685,19.898904043603082,19.50311599581811,19.873641967773438,154300,0.0,0.0
2015-05-04 00:00:00-04:00,19.9578470132984,20.15995159393171,19.94942578833229,19.966266632080078,147300,0.0,0.0
2015-05-05 00:00:00-04:00,19.924163953532773,20.168374681550734,19.68837445125866,20.025217056274414,375600,0.0,0.0
2015-05-06 00:00:00-04:00,20.025211101033605,20.09257928076541,19.806264115359223,19.97468376159668,399100,0.0,0.0
2015-05-07 00:00:00-04:00,19.941003240308955,20.370476047978983,19.898897118272096,20.159950256347656,595800,0.0,0.0
2015-05-08 00:00:00-04:00,20.311530427073897,20.63995016976725,20.311530427073897,20.37889862060547,185200,0.0,0.0
2015-05-11 00:00:00-04:00,20.328368373091465,20.56415781993334,20.28626386045522,20.3031063079834,232800,0.0,0.0
2015-05-12 00:00:00-04:00,20.210479652212488,20.37890095845477,19.949428073103103,20.261005401611328,633700,0.0,0.0
2015-05-13 00:00:00-04:00,20.269417984154988,20.311524095852764,20.151524083769065,20.18520736694336,404600,0.0,0.0
2015-05-14 00:00:00-04:00,20.294683636746424,20.311526083073353,19.890474562004687,20.13468360900879,361300,0.0,0.0
2015-05-15 00:00:00-04:00,20.151530500550088,20.269424438476562,20.016794112581422,20.269424438476562,179400,0.0,0.0
2015-05-18 00:00:00-04:00,20.2609987079152,20.395735065921862,20.084157840350482,20.387313842773438,206200,0.0,0.0
2015-05-19 00:00:00-04:00,20.41258177964516,20.41258177964516,20.016793846030705,20.075740814208984,338900,0.0,0.0
2015-05-20 00:00:00-04:00,20.13468658312554,20.395738115016776,19.86521382682693,20.159950256347656,240800,0.0,0.0
2015-05-21 00:00:00-04:00,20.14311100431918,20.353636829361736,20.01679583053056,20.025217056274414,93400,0.0,0.0
2015-05-22 00:00:00-04:00,19.98311471079996,20.092589060011363,19.764167618562034,19.873641967773438,164000,0.0,0.0
2015-05-26 00:00:00-04:00,19.848367866694204,19.907314820933347,19.54521026639685,19.68836784362793,199300,0.0,0.0
2015-05-27 00:00:00-04:00,19.747314055364935,19.898891231301437,19.570471607496575,19.856786727905273,311300,0.0,0.0
2015-05-28 00:00:00-04:00,19.856799513097084,19.873641967773438,19.663116102873687,19.873641967773438,250700,0.0,0.0
2015-05-29 00:00:00-04:00,19.848368283128366,19.89047439859977,19.477842497900355,19.578895568847656,263800,0.0,0.0
2015-06-01 00:00:00-04:00,19.705210422334765,19.713631645309146,19.376790757254135,19.587316513061523,271500,0.0,0.0
2015-06-02 00:00:00-04:00,19.50310691087492,19.873632710231806,19.43573872973586,19.865211486816406,437400,0.0,0.0
2015-06-03 00:00:00-04:00,19.949418919555562,20.378891607848928,19.831523416807034,20.3115234375,264000,0.0,0.0
2015-06-04 00:00:00-04:00,20.168372815046258,20.623107719838252,20.058898496692187,20.37889862060547,220400,0.0,0.0
2015-06-05 00:00:00-04:00,20.387314104739968,20.665209653656625,20.353630817897532,20.63994598388672,203500,0.0,0.0
2015-06-08 00:00:00-04:00,20.572580971810083,20.968368888711254,20.49679155701432,20.707317352294922,263800,0.0,0.0
2015-06-09 00:00:00-04:00,20.6988926745289,20.900997211538897,20.36205177951224,20.387313842773438,337700,0.0,0.0
2015-06-10 00:00:00-04:00,20.463109739273932,20.76626744409371,20.40416276471111,20.623109817504883,150400,0.0,0.0
2015-06-11 00:00:00-04:00,20.694761359912714,20.93922164209206,20.416583360641056,20.74534034729004,210700,0.025,0.0
2015-06-12 00:00:00-04:00,20.686327229897955,20.821201275408132,20.48401455380724,20.79591178894043,178000,0.0,0.0
2015-06-15 00:00:00-04:00,20.686329321531602,20.762194572954687,20.39129171421174,20.433439254760742,303500,0.0,0.0
2015-06-16 00:00:00-04:00,20.425010402884595,20.5177369259222,20.247988794713553,20.290136337280273,264900,0.0,0.0
2015-06-17 00:00:00-04:00,20.382858276367188,20.484012998908653,20.23955441291234,20.382858276367188,131200,0.0,0.0
2015-06-18 00:00:00-04:00,20.42501116522273,20.635752101573342,20.332286246549973,20.509307861328125,207400,0.0,0.0
2015-06-19 00:00:00-04:00,20.484017605608276,20.652610991526522,20.188981591989876,20.290136337280273,609200,0.0,0.0
2015-06-22 00:00:00-04:00,20.39129043053219,20.41657831013942,20.113112500074127,20.12997055053711,229200,0.0,0.0
2015-06-23 00:00:00-04:00,20.188977051641608,20.467154950368627,20.037243360004084,20.382858276367188,239800,0.0,0.0
2015-06-24 00:00:00-04:00,20.357573625481656,20.450300149682576,20.10468515125732,20.264848709106445,484500,0.0,0.0
2015-06-25 00:00:00-04:00,20.315427027614092,20.391293894976435,20.070966764374138,20.096256256103516,361600,0.0,0.0
2015-06-26 00:00:00-04:00,20.138399860914475,20.669467828543024,19.969808105849033,20.61888885498047,1102600,0.0,0.0
2015-06-29 00:00:00-04:00,20.475593777685145,20.618896096296808,20.02882233459679,20.06254005432129,247500,0.0,0.0
2015-06-30 00:00:00-04:00,20.20583826519025,20.20583826519025,19.961379640902344,20.08782386779785,160300,0.0,0.0
2015-07-01 00:00:00-04:00,20.231126988863046,20.3828606985316,19.995096595175788,20.18054962158203,168000,0.0,0.0
2015-07-02 00:00:00-04:00,20.23112791391896,20.357572141815837,19.98666767986949,20.0119571685791,145700,0.0,0.0
2015-07-06 00:00:00-04:00,19.86865392799281,20.146831881547023,19.86865392799281,20.020387649536133,221800,0.0,0.0
2015-07-07 00:00:00-04:00,20.01195636082943,20.12997075439298,19.632623692449943,20.07939338684082,295800,0.0,0.0
2015-07-08 00:00:00-04:00,19.927663969815942,20.129975091438467,19.43874502393838,19.691635131835938,329000,0.0,0.0
2015-07-09 00:00:00-04:00,19.87708659136678,19.87708659136678,19.582048936065902,19.691635131835938,260800,0.0,0.0
2015-07-10 00:00:00-04:00,19.860220006644376,19.9445166798938,19.725345972575422,19.885509490966797,169700,0.0,0.0
2015-07-13 00:00:00-04:00,20.113110314391182,20.720043476392114,20.113110314391182,20.568309783935547,269900,0.0,0.0
2015-07-14 00:00:00-04:00,20.52616390637452,20.635748466529886,20.425007567301865,20.45872688293457,175600,0.0,0.0
2015-07-15 00:00:00-04:00,20.467164810138314,20.77063073177849,20.382868095528114,20.543031692504883,299400,0.0,0.0
2015-07-16 00:00:00-04:00,20.635745767886682,21.015079980019813,20.543020877673783,20.812768936157227,299200,0.0,0.0
2015-07-17 00:00:00-04:00,20.829630645061215,21.065661041632712,20.694756592113368,20.888639450073242,582700,0.0,0.0
2015-07-20 00:00:00-04:00,20.770621390736057,20.770621390736057,20.096251192786983,20.39128875732422,270300,0.0,0.0
2015-07-21 00:00:00-04:00,20.365995538256843,20.47558168022394,19.818069651896618,20.028810501098633,403600,0.0,0.0
2015-07-22 00:00:00-04:00,20.298567366461175,20.576745344181177,20.045678880470547,20.096256256103516,753600,0.0,0.0
2015-07-23 00:00:00-04:00,20.31542526767581,20.779054654436045,20.180551205788262,20.332284927368164,441800,0.0,0.0
2015-07-24 00:00:00-04:00,20.3744374457509,20.3744374457509,19.4977542215039,19.5651912689209,513500,0.0,0.0
2015-07-27 00:00:00-04:00,19.421880648766773,19.472458010755393,18.53676797092655,18.823375701904297,860000,0.0,0.0
2015-07-28 00:00:00-04:00,18.975110653340696,19.11841452832756,18.705362561089057,19.10155487060547,626300,0.0,0.0
2015-07-29 00:00:00-04:00,19.126841178609006,19.506173767364224,18.91610031558104,19.371299743652344,352800,0.0,0.0
2015-07-30 00:00:00-04:00,19.35445029476453,19.598910596542414,19.244865695646673,19.5651912689209,295400,0.0,0.0
2015-07-31 00:00:00-04:00,19.624193843264308,19.868652459372427,19.45560047449452,19.63262367248535,291600,0.0,0.0
2015-08-03 00:00:00-04:00,19.657911794739334,19.657911794739334,19.084696263243927,19.14370346069336,298300,0.0,0.0
2015-08-04 00:00:00-04:00,19.16899073247948,19.379731617763323,18.95824984719563,19.008827209472656,124300,0.0,0.0
2015-08-05 00:00:00-04:00,19.160560461553086,19.346013465327456,18.798085889985355,19.236427307128906,189400,0.0,0.0
2015-08-06 00:00:00-04:00,19.261715446721425,19.261715446721425,18.840233715317567,18.932958602905273,172800,0.0,0.0
2015-08-07 00:00:00-04:00,18.848664074321277,18.983538103547257,18.747507748489163,18.755937576293945,270400,0.0,0.0
2015-08-10 00:00:00-04:00,18.857099159323326,19.10998763266886,18.7390831449798,18.983543395996094,306700,0.0,0.0
2015-08-11 00:00:00-04:00,18.814943451508963,18.84023293316037,18.536765584644048,18.739076614379883,256700,0.0,0.0
2015-08-12 00:00:00-04:00,18.56206126438786,18.57049109441982,18.047852887218298,18.536771774291992,361500,0.0,0.0
2015-08-13 00:00:00-04:00,18.47776543070522,18.58735001056257,18.334461529152833,18.494625091552734,276300,0.0,0.0
2015-08-14 00:00:00-04:00,18.48619303948988,18.70536378069077,18.376606864976655,18.6463565826416,134500,0.0,0.0
2015-08-17 00:00:00-04:00,18.578923231190185,18.907678604125977,18.46933703499434,18.907678604125977,266400,0.0,0.0
2015-08-18 00:00:00-04:00,18.857093954444668,19.059404998844947,18.65478130221913,18.781227111816406,218000,0.0,0.0
2015-08-19 00:00:00-04:00,18.680073698623755,18.730651065654406,18.342888572043552,18.5114803314209,255300,0.0,0.0
2015-08-20 00:00:00-04:00,18.385034760780066,18.570487772659185,18.241730891521378,18.334457397460938,364700,0.0,0.0
2015-08-21 00:00:00-04:00,17.727524953032177,18.34288799051008,17.727524953032177,17.955123901367188,414100,0.0,0.0
2015-08-24 00:00:00-04:00,17.272324046478282,18.199584332092137,17.06158314555811,17.617938995361328,397800,0.0,0.0
2015-08-25 00:00:00-04:00,18.10685611634809,18.241730151612018,17.584219631656705,17.592649459838867,341300,0.0,0.0
2015-08-26 00:00:00-04:00,17.946699142456055,17.955127365131943,17.43249073663538,17.946699142456055,217100,0.0,0.0
2015-08-27 00:00:00-04:00,18.098428074253338,18.469332511745403,17.938266146462283,18.089998245239258,278800,0.0,0.0
2015-08-28 00:00:00-04:00,18.047850252554042,18.376605536679524,18.03099059495134,18.317598342895508,262300,0.0,0.0
2015-08-31 00:00:00-04:00,18.26702087977327,18.46090211768639,18.039420326835902,18.13214683532715,189400,0.0,0.0
2015-09-01 00:00:00-04:00,17.84553793437692,17.98884179830783,17.601077739743175,17.752811431884766,278300,0.0,0.0
2015-09-02 00:00:00-04:00,17.86240000746272,18.030991771009692,17.676946977387843,17.83711051940918,162300,0.0,0.0
2015-09-03 00:00:00-04:00,17.85397033604813,17.93826702248008,17.66008908273254,17.76124382019043,230100,0.0,0.0
2015-09-04 00:00:00-04:00,17.52521173980744,17.727522784594832,17.52521173980744,17.558929443359375,183200,0.0,0.0
2015-09-08 00:00:00-04:00,17.820251680547223,18.1405787793269,17.668517960896388,18.081571578979492,183000,0.0,0.0
2015-09-09 00:00:00-04:00,18.165865053703072,18.401895442038263,17.887687128226997,17.92983627319336,168600,0.0,0.0
2015-09-10 00:00:00-04:00,17.870828378549373,18.0225604710126,17.853968721222763,17.896116256713867,140700,0.0,0.0
2015-09-11 00:00:00-04:00,17.84969837068916,18.001610957543523,17.70622555085126,17.97629165649414,179300,0.025,0.0
2015-09-14 00:00:00-04:00,17.976288598155698,18.00160789489746,17.815937881286597,18.00160789489746,232900,0.0,0.0
2015-09-15 00:00:00-04:00,18.026935111299426,18.136648892605557,17.86658271426302,18.08601188659668,220500,0.0,0.0
2015-09-16 00:00:00-04:00,18.086007763414525,18.406710874653207,18.05224869395728,18.372953414916992,162400,0.0,0.0
2015-09-17 00:00:00-04:00,18.406708554574486,19.014358850445213,18.381390865393758,18.803369522094727,533900,0.0,0.0
2015-09-18 00:00:00-04:00,18.567067447158767,18.803376157804127,18.550187908600943,18.769617080688477,461200,0.0,0.0
2015-09-21 00:00:00-04:00,18.828689223315536,18.929964820023276,18.567062878925288,18.583942413330078,268300,0.0,0.0
2015-09-22 00:00:00-04:00,18.29699370016974,18.372949982537584,17.908772522542883,17.94253158569336,244800,0.0,0.0
2015-09-23 00:00:00-04:00,17.94253208904498,17.976289543421746,17.73154276759768,17.95941162109375,258400,0.0,0.0
2015-09-24 00:00:00-04:00,17.75686113194317,18.018487426058638,17.72310206962082,18.00160789489746,228100,0.0,0.0
2015-09-25 00:00:00-04:00,18.136647191858522,18.195723961615908,17.959416882586364,18.01849365234375,152300,0.0,0.0
2015-09-28 00:00:00-04:00,17.950971554634332,17.959411320517468,17.27580477147038,17.284244537353516,330200,0.0,0.0
2015-09-29 00:00:00-04:00,17.326448361590636,17.638711740681273,17.115458982851095,17.174535751342773,522400,0.0,0.0
2015-09-30 00:00:00-04:00,17.343323906798833,17.51211603049927,17.090137330969167,17.233610153198242,596600,0.0,0.0
2015-10-01 00:00:00-04:00,17.26737222027018,17.52056047338949,17.107021430654843,17.495241165161133,265700,0.0,0.0
2015-10-02 00:00:00-04:00,17.343321520789416,17.883455276489258,17.1576514980393,17.883455276489258,335200,0.0,0.0
2015-10-05 00:00:00-04:00,18.00161120848882,18.524865502756874,18.00161120848882,18.3560733795166,328200,0.0,0.0
2015-10-06 00:00:00-04:00,18.313875852188037,18.4657868289392,18.0691274384894,18.271677017211914,247700,0.0,0.0
2015-10-07 00:00:00-04:00,18.330751357676363,18.516422987629625,18.026927834543223,18.25479507446289,293400,0.0,0.0
2015-10-08 00:00:00-04:00,18.2294758209365,18.651454420450214,18.2294758209365,18.63457489013672,244500,0.0,0.0
2015-10-09 00:00:00-04:00,18.62613877898083,18.62613877898083,18.39826990420808,18.406709671020508,169500,0.0,0.0
2015-10-12 00:00:00-04:00,18.423584743169656,18.507980781135558,18.271672196775132,18.448904037475586,81200,0.0,0.0
2015-10-13 00:00:00-04:00,18.389837142092727,18.4826713848221,18.052252809443164,18.08601188659668,184000,0.0,0.0
2015-10-14 00:00:00-04:00,18.136647191858522,18.38139564910626,17.85814127034424,18.01849365234375,167400,0.0,0.0
2015-10-15 00:00:00-04:00,18.094449283693866,18.600824106560825,17.984733907050078,18.592384338378906,175800,0.0,0.0
2015-10-16 00:00:00-04:00,18.643025632397425,18.710542183684865,18.39827712790447,18.693662643432617,140900,0.0,0.0
2015-10-19 00:00:00-04:00,18.651459240958722,18.811811600939105,18.52486595033043,18.668338775634766,187100,0.0,0.0
2015-10-20 00:00:00-04:00,18.64301668286706,18.86244577164529,18.64301668286706,18.786489486694336,153400,0.0,0.0
2015-10-21 00:00:00-04:00,18.80337183360108,18.811811600939105,18.592382479313585,18.668338775634766,218800,0.0,0.0
2015-10-22 00:00:00-04:00,18.786498082182902,19.115641061084432,18.744299232502247,18.904651641845703,211300,0.0,0.0
2015-10-23 00:00:00-04:00,19.056557904283256,19.056557904283256,18.702095734188383,19.02280044555664,228400,0.0,0.0
2015-10-26 00:00:00-04:00,19.022805142018157,19.039683070687893,18.803375972097754,18.913089752197266,265400,0.0,0.0
2015-10-27 00:00:00-04:00,18.79492952163145,18.904643262729632,18.34763157160173,18.499544143676758,365100,0.0,0.0
2015-10-28 00:00:00-04:00,16.668161516719767,21.014542552299908,16.668161516719767,20.288740158081055,1194000,0.0,0.0
2015-10-29 00:00:00-04:00,20.516604904393837,20.989222229533066,20.322495079633654,20.947023391723633,532900,0.0,0.0
2015-10-30 00:00:00-04:00,20.930138958886115,21.368997111083704,20.811985460110105,21.048294067382812,451000,0.0,0.0
2015-11-02 00:00:00-05:00,21.048303802917914,21.233973902547433,20.92171048000136,21.065181732177734,524300,0.0,0.0
2015-11-03 00:00:00-05:00,21.022980363643953,21.402761867491844,20.913266601266294,21.352123260498047,483400,0.0,0.0
2015-11-04 00:00:00-05:00,21.352123842351467,21.43651991325317,20.989223474000124,21.073617935180664,245500,0.0,0.0
2015-11-05 00:00:00-05:00,21.098935076493426,21.166451604349362,20.88794572572849,20.98078155517578,143300,0.0,0.0
2015-11-06 00:00:00-05:00,20.87107172427485,21.394326161164365,20.769797710503607,21.20021629333496,167000,0.0,0.0
2015-11-09 00:00:00-05:00,21.529358586611043,21.7487877559554,20.567247436942317,20.80355453491211,264200,0.0,0.0
2015-11-10 00:00:00-05:00,20.803548525758494,21.19176974698956,20.710714311109186,21.09049415588379,185700,0.0,0.0
2015-11-11 00:00:00-05:00,21.1073745406064,21.1073745406064,20.74447260494632,20.896385192871094,205100,0.0,0.0
2015-11-12 00:00:00-05:00,20.67695369344032,20.921702081253148,20.482843902243058,20.499723434448242,194500,0.0,0.0
2015-11-13 00:00:00-05:00,20.330935803054242,20.330935803054242,19.486978323839775,19.554494857788086,182200,0.0,0.0
2015-11-16 00:00:00-05:00,19.546058803167924,20.103070716492283,19.503861565079074,20.086191177368164,191100,0.0,0.0
2015-11-17 00:00:00-05:00,20.204340180361203,20.685395630654405,20.111504353209547,20.136823654174805,237500,0.0,0.0
2015-11-18 00:00:00-05:00,20.06086029992475,20.254970043172257,20.027101243853675,20.23809051513672,151000,0.0,0.0
2015-11-19 00:00:00-05:00,20.145264022652352,20.474406896423332,20.145264022652352,20.390010833740234,187900,0.0,0.0
2015-11-20 00:00:00-05:00,20.550363901367987,20.69383672996636,20.27185801170304,20.339374542236328,193800,0.0,0.0
2015-11-23 00:00:00-05:00,20.28029578867209,20.59255910809371,20.28029578867209,20.558801651000977,205300,0.0,0.0
2015-11-24 00:00:00-05:00,20.432206619028957,20.820427836099505,20.36469009558898,20.702274322509766,171100,0.0,0.0
2015-11-25 00:00:00-05:00,20.676956974858566,20.989221931327567,20.60100067760181,20.862627029418945,241200,0.0,0.0
2015-11-27 00:00:00-05:00,20.854187214475445,20.989221883518464,20.719154155153465,20.786670684814453,94500,0.0,0.0
2015-11-30 00:00:00-05:00,20.81199953598176,20.81199953598176,20.28030682216695,20.474416732788086,233600,0.0,0.0
2015-12-01 00:00:00-05:00,20.491283932011843,20.676953959495574,20.204338319714648,20.592557907104492,180700,0.0,0.0
2015-12-02 00:00:00-05:00,20.601008874445533,20.651645889524094,20.280305632652414,20.347822189331055,160000,0.0,0.0
2015-12-03 00:00:00-05:00,20.373130167046035,20.44908645826754,19.571371640415915,19.74860191345215,274300,0.0,0.0
2015-12-04 00:00:00-05:00,19.799239413521857,20.221218104617083,19.723284730068,20.136823654174805,125900,0.0,0.0
2015-12-07 00:00:00-05:00,20.119948524623187,20.119948524623187,19.63045320018694,19.942716598510742,248900,0.0,0.0
2015-12-08 00:00:00-05:00,19.70640366401167,20.16213977790829,19.70640366401167,20.01022720336914,236700,0.0,0.0
2015-12-09 00:00:00-05:00,19.925834906220377,20.339373842729575,19.858318378009102,19.934274673461914,359200,0.0,0.0
2015-12-10 00:00:00-05:00,19.934271127718603,20.128380910584255,19.782358563833927,20.0271053314209,338000,0.0,0.0
2015-12-11 00:00:00-05:00,19.67039098003995,20.033875034958488,19.64503106493991,19.695749282836914,455700,0.038,0.0
2015-12-14 00:00:00-05:00,19.754930435539286,19.923991767909943,19.57741418240081,19.746477127075195,600200,0.0,0.0
2015-12-15 00:00:00-05:00,19.890168187562104,20.03387112044404,19.50977759690322,19.653480529785156,538200,0.0,0.0
2015-12-16 00:00:00-05:00,19.830992832950447,20.135305271243112,19.585853511672248,20.118398666381836,423100,0.0,0.0
2015-12-17 00:00:00-05:00,20.135311470752495,20.143764775785844,19.687297590106645,19.695749282836914,455200,0.0,0.0
2015-12-18 00:00:00-05:00,19.492873412936408,19.754921013428458,19.247734033611895,19.281545639038086,1297800,0.0,0.0
2015-12-21 00:00:00-05:00,19.30691114093674,19.382989290546046,19.044865076895483,19.222379684448242,458200,0.0,0.0
2015-12-22 00:00:00-05:00,19.273091396439792,19.611217108060362,19.17165497279593,19.560497283935547,239200,0.0,0.0
2015-12-23 00:00:00-05:00,19.661937675006605,19.788734025900656,19.45060988608216,19.695749282836914,214700,0.0,0.0
2015-12-24 00:00:00-05:00,19.661935223462958,19.687295135401005,19.399889249314647,19.50977897644043,85600,0.0,0.0
2015-12-28 00:00:00-05:00,19.45060372434289,19.526681833239223,19.2477293047202,19.51822853088379,191500,0.0,0.0
2015-12-29 00:00:00-05:00,19.619665648558644,19.797181779877917,19.5266825438701,19.72110366821289,317200,0.0,0.0
2015-12-30 00:00:00-05:00,19.712659550361852,19.788737697474325,19.492878415626187,19.594316482543945,226100,0.0,0.0
2015-12-31 00:00:00-05:00,19.535143779522823,19.568955391602984,19.22237790318914,19.23928451538086,308400,0.0,0.0
2016-01-04 00:00:00-05:00,18.82507918434511,18.985687137609276,18.61375140260519,18.892704010009766,243600,0.0,0.0
2016-01-05 00:00:00-05:00,18.96032962039102,18.96032962039102,18.419330992683317,18.58839225769043,243200,0.0,0.0
2016-01-06 00:00:00-05:00,18.03048776797352,18.047394378866702,17.40495767565409,17.675457000732422,679900,0.0,0.0
2016-01-07 00:00:00-05:00,17.345785736600654,17.861424458133424,16.830145402764767,17.01611328125,643200,0.0,0.0
2016-01-08 00:00:00-05:00,17.05837693990885,17.05837693990885,16.12853447918592,16.187705993652344,679700,0.0,0.0
2016-01-11 00:00:00-05:00,16.24688122927596,16.41594411987576,15.832678920839989,16.0947265625,869200,0.0,0.0
2016-01-12 00:00:00-05:00,16.280690501677345,16.280690501677345,15.350848053618593,15.807316780090332,2445600,0.0,0.0
2016-01-13 00:00:00-05:00,15.807318007122825,15.925661043630171,15.29167772696433,15.401567459106445,604800,0.0,0.0
2016-01-14 00:00:00-05:00,15.435381220918794,15.688973911607269,14.962007445892235,15.511459350585938,437000,0.0,0.0
2016-01-15 00:00:00-05:00,15.071894125079842,15.232503656503205,14.784488274028636,15.164878845214844,584500,0.0,0.0
2016-01-19 00:00:00-05:00,15.37621001753576,15.37621001753576,14.235039661308097,14.54780387878418,601500,0.0,0.0
2016-01-20 00:00:00-05:00,14.370288511092404,15.612895231328391,14.17586734760092,15.401567459106445,2143700,0.0,0.0
2016-01-21 00:00:00-05:00,15.688974395198242,15.98483361832292,15.317038652364472,15.410021781921387,692400,0.0,0.0
2016-01-22 00:00:00-05:00,15.748146425225443,16.12853709755342,15.511460328935241,15.553725242614746,658000,0.0,0.0
2016-01-25 00:00:00-05:00,15.418469613568034,15.56217252165649,15.114157193544838,15.173330307006836,334700,0.0,0.0
2016-01-26 00:00:00-05:00,15.274767295858556,15.519908224197083,15.232502396911764,15.359298706054688,328500,0.0,0.0
2016-01-27 00:00:00-05:00,15.27476997844537,15.333941492283722,13.922272014686403,14.235037803649902,751700,0.0,0.0
2016-01-28 00:00:00-05:00,14.302663669424842,14.353381883245735,13.626415444136436,14.006804466247559,627500,0.0,0.0
2016-01-29 00:00:00-05:00,13.989899590834597,14.539353155797436,13.989899590834597,14.471728324890137,518400,0.0,0.0
2016-02-01 00:00:00-05:00,14.378741618211107,14.573162779035535,14.108242331446176,14.463273048400879,194300,0.0,0.0
2016-02-02 00:00:00-05:00,14.268846318564094,14.336471121503166,13.63486318639686,13.939175605773926,372100,0.0,0.0
2016-02-03 00:00:00-05:00,14.082882236239346,14.158960361194174,13.482711346891923,13.922272682189941,418200,0.0,0.0
2016-02-04 00:00:00-05:00,13.829288093609852,14.209677065711881,13.7532099767289,14.01525592803955,477100,0.0,0.0
2016-02-05 00:00:00-05:00,13.998347106807804,14.167409920306724,13.803925999895782,13.939175605773926,390100,0.0,0.0
2016-02-08 00:00:00-05:00,13.727849542319278,14.175864923239107,13.727849542319278,13.871552467346191,519300,0.0,0.0
2016-02-09 00:00:00-05:00,13.710941515987866,14.074425442356958,13.702488213944106,13.73630142211914,619200,0.0,0.0
2016-02-10 00:00:00-05:00,13.846192522484037,14.260396302948337,13.812380923196693,13.8292875289917,511800,0.0,0.0
2016-02-11 00:00:00-05:00,13.668677677837104,13.837740507215115,13.254475519393875,13.516521453857422,513300,0.0,0.0
2016-02-12 00:00:00-05:00,13.702492922013523,13.736306141806516,13.381275395495395,13.44890022277832,420800,0.0,0.0
2016-02-16 00:00:00-05:00,13.533432024746004,14.209680315803256,13.533432024746004,14.099790573120117,509200,0.0,0.0
2016-02-17 00:00:00-05:00,14.22658563956923,14.666147795156041,14.22658563956923,14.336475372314453,455900,0.0,0.0
2016-02-18 00:00:00-05:00,14.387193513495236,14.412551811456732,14.032162831309359,14.091334342956543,362200,0.0,0.0
2016-02-19 00:00:00-05:00,14.040614927213376,14.040614927213376,13.736302479424666,13.787020683288574,257700,0.0,0.0
2016-02-22 00:00:00-05:00,13.981443272079304,14.184317697681694,13.685584130129003,13.964536666870117,607000,0.0,0.0
2016-02-23 00:00:00-05:00,14.412549908870362,15.418470310990255,14.412549908870362,15.139517784118652,1037000,0.0,0.0
2016-02-24 00:00:00-05:00,14.962010144848625,15.81577310991588,14.902837001531092,15.503008842468262,1014100,0.0,0.0
2016-02-25 00:00:00-05:00,15.45228666534183,16.34831593216877,15.283223809426007,16.314502716064453,536200,0.0,0.0
2016-02-26 00:00:00-05:00,16.415949059446575,16.517387146789893,16.28915265949521,16.48357391357422,392400,0.0,0.0
2016-02-29 00:00:00-05:00,16.559643300402083,16.627268118692687,16.187705993652344,16.187705993652344,327200,0.0,0.0
2016-03-01 00:00:00-05:00,16.432841550775006,16.669527530620275,16.018639473743473,16.272232055664062,454800,0.0,0.0
2016-03-02 00:00:00-05:00,16.28069194347064,16.56809784581926,16.17925390228167,16.500473022460938,450400,0.0,0.0
2016-03-03 00:00:00-05:00,16.5089249404477,16.7287060009801,16.44130012276872,16.644174575805664,254700,0.0,0.0
2016-03-04 00:00:00-05:00,16.694894310241782,17.058378343066156,16.559644662535455,16.593456268310547,383100,0.0,0.0
2016-03-07 00:00:00-05:00,16.508931536791728,16.948492221185504,16.432853384967068,16.93158721923828,294400,0.0,0.0
2016-03-08 00:00:00-05:00,16.644175908355518,16.90622189630339,16.30605179289004,16.492019653320312,477700,0.0,0.0
2016-03-09 00:00:00-05:00,16.55119142243963,16.644176160213277,16.356770254642893,16.601909637451172,277900,0.0,0.0
2016-03-10 00:00:00-05:00,16.669536568021627,16.703349790504138,16.365225627194985,16.62727165222168,335800,0.0,0.0
2016-03-11 00:00:00-05:00,16.796761545245992,17.203544490599732,16.62726945955447,17.17812156677246,371300,0.05,0.0
2016-03-14 00:00:00-04:00,17.101846356101355,17.101846356101355,16.21200701150973,16.313703536987305,290300,0.0,0.0
2016-03-15 00:00:00-04:00,16.169638026038836,16.288282652010192,15.517089350372784,15.601836204528809,283800,0.0,0.0
2016-03-16 00:00:00-04:00,15.567935485405945,15.644205861653951,15.330644661975121,15.559460639953613,326700,0.0,0.0
2016-03-17 00:00:00-04:00,15.50013944125528,15.822175509303912,15.305221214803407,15.737428665161133,327600,0.0,0.0
2016-03-18 00:00:00-04:00,15.82217838008861,16.22896136608695,15.788278989716133,16.118791580200195,1137500,0.0,0.0
2016-03-21 00:00:00-04:00,16.00861840909415,16.2035366493754,15.966245792222246,16.14421272277832,203900,0.0,0.0
2016-03-22 00:00:00-04:00,16.000147667903086,16.17811626053571,15.89845271475199,15.91540241241455,190300,0.0,0.0
2016-03-23 00:00:00-04:00,15.915400475018169,15.966247945404007,15.47471808790906,15.627262115478516,308100,0.0,0.0
2016-03-24 00:00:00-04:00,15.550988826031103,15.80522777351677,15.389969963870552,15.720480918884277,182200,0.0,0.0
2016-03-28 00:00:00-04:00,15.720483757255417,15.881502648488317,15.517092239261697,15.58488941192627,187300,0.0,0.0
2016-03-29 00:00:00-04:00,15.584880597539001,16.135734132354404,15.474710860422633,16.110309600830078,211100,0.0,0.0
2016-03-30 00:00:00-04:00,16.178112062140496,16.254384065416478,16.059467442116404,16.084890365600586,158200,0.0,0.0
2016-03-31 00:00:00-04:00,16.03404570395992,16.195064585279784,15.440819267357465,15.661160469055176,797800,0.0,0.0
2016-04-01 00:00:00-04:00,15.559461485431642,15.559461485431642,14.983184894650977,15.195051193237305,540600,0.0,0.0
2016-04-04 00:00:00-04:00,15.195055011997052,15.288276724054846,14.508608484657627,14.525556564331055,745500,0.0,0.0
2016-04-05 00:00:00-04:00,14.373012968148553,15.093358909498317,14.245893476477896,14.686575889587402,824900,0.0,0.0
2016-04-06 00:00:00-04:00,14.7035251988048,15.11030820799853,14.635728030605845,14.873017311096191,668400,0.0,0.0
2016-04-07 00:00:00-04:00,15.067932752993565,15.084880829550023,13.923854340230617,14.008601188659668,671400,0.0,0.0
2016-04-08 00:00:00-04:00,14.135724648830367,14.135724648830367,13.720466752200295,13.881484031677246,458600,0.0,0.0
2016-04-11 00:00:00-04:00,13.881478253506097,14.08487130913101,13.737409115345145,13.822155952453613,423000,0.0,0.0
2016-04-12 00:00:00-04:00,13.822156426889395,14.101819867458557,13.822156426889395,13.906903266906738,250600,0.0,0.0
2016-04-13 00:00:00-04:00,14.000127484414508,14.720473330215293,14.000127484414508,14.703523635864258,425600,0.0,0.0
2016-04-14 00:00:00-04:00,14.661146622020613,14.87301291202907,14.627248856153248,14.669621467590332,244900,0.0,0.0
2016-04-15 00:00:00-04:00,14.661143859829064,14.957756933240656,14.644195788294192,14.80521297454834,316000,0.0,0.0
2016-04-18 00:00:00-04:00,14.80522193813927,14.99166538560303,14.695052132611567,14.983190536499023,153600,0.0,0.0
2016-04-19 00:00:00-04:00,15.008604834873921,15.178098486641716,14.75436597363349,15.000131607055664,258900,0.0,0.0
2016-04-20 00:00:00-04:00,15.000134482605988,15.212000779725216,14.9577602533352,15.076406478881836,257300,0.0,0.0
2016-04-21 00:00:00-04:00,14.966237981809007,14.974712829295488,14.0933480876439,14.373011589050293,480600,0.0,0.0
2016-04-22 00:00:00-04:00,14.050976424749035,14.70352517799806,13.991654104710394,14.584878921508789,466100,0.0,0.0
2016-04-25 00:00:00-04:00,14.550976965995508,14.550976965995508,13.915378091446627,14.00012493133545,579800,0.0,0.0
2016-04-26 00:00:00-04:00,14.118773605856505,16.237437131542197,14.04250158961886,16.1357421875,968500,0.0,0.0
2016-04-27 00:00:00-04:00,16.20353460871881,16.381501516861917,15.669630651466461,15.949294090270996,499000,0.0,0.0
2016-04-28 00:00:00-04:00,15.889971257217947,16.262856368649206,15.762851810442498,15.97471809387207,440800,0.0,0.0
2016-04-29 00:00:00-04:00,15.9662470599915,16.16116369933801,15.652684174441674,15.898449897766113,324900,0.0,0.0
2016-05-02 00:00:00-04:00,16.000142931866247,16.11031431765007,15.57641031419974,15.728954315185547,264800,0.0,0.0
2016-05-03 00:00:00-04:00,15.610304223902414,15.80522077171981,15.067927180789283,15.296741485595703,342100,0.0,0.0
2016-05-04 00:00:00-04:00,15.203527983706918,15.373020074407355,15.034034276594694,15.101831436157227,201400,0.0,0.0
2016-05-05 00:00:00-04:00,15.093352619256256,15.161149760986557,14.72046914794528,14.737417221069336,293400,0.0,0.0
2016-05-06 00:00:00-04:00,14.669625759451268,15.025561295457232,14.669625759451268,14.966238975524902,233600,0.0,0.0
2016-05-09 00:00:00-04:00,14.940809270993913,15.186574930299779,14.923861197161195,15.017081260681152,143900,0.0,0.0
2016-05-10 00:00:00-04:00,15.059456001498903,15.322169743625333,14.940809782142221,15.254372596740723,142200,0.0,0.0
2016-05-11 00:00:00-04:00,15.084878434289227,15.084878434289227,14.356059532913367,14.364534378051758,370900,0.0,0.0
2016-05-12 00:00:00-04:00,14.440809831182856,14.627251619706945,14.339113281544012,14.47470760345459,313100,0.0,0.0
2016-05-13 00:00:00-04:00,14.381486436536775,14.703524175375579,14.347588663002727,14.373011589050293,294700,0.0,0.0
2016-05-16 00:00:00-04:00,14.305211487237926,14.517077781646384,14.262838874920854,14.330636024475098,289600,0.0,0.0
2016-05-17 00:00:00-04:00,14.279787537760736,14.449279591231129,14.050971568343702,14.195040702819824,279200,0.0,0.0
2016-05-18 00:00:00-04:00,14.152671766915738,14.152671766915738,13.686564861967248,13.788261413574219,434100,0.0,0.0
2016-05-19 00:00:00-04:00,13.745889178892995,14.152673828154384,13.652669077455919,13.966230392456055,461400,0.0,0.0
2016-05-20 00:00:00-04:00,14.000126492809892,14.271315117571351,13.847582487278643,14.262840270996094,180400,0.0,0.0
2016-05-23 00:00:00-04:00,14.27978839313613,14.398432999313494,13.906903266906737,13.906903266906738,321700,0.0,0.0
2016-05-24 00:00:00-04:00,13.93233204768257,14.381487688689596,13.839110333626612,14.29674243927002,365800,0.0,0.0
2016-05-25 00:00:00-04:00,14.31368923214635,14.728947059325836,14.220469142885241,14.695049285888672,246700,0.0,0.0
2016-05-26 00:00:00-04:00,14.69504878868874,14.889965424490182,14.618776780520903,14.703523635864258,207300,0.0,0.0
2016-05-27 00:00:00-04:00,14.72047350110116,14.983187300944692,14.669624417457761,14.940813064575195,209700,0.0,0.0
2016-05-31 00:00:00-04:00,15.017087341093719,15.178106230786753,14.932342088382516,15.135733604431152,314300,0.0,0.0
2016-06-01 00:00:00-04:00,15.076412260230905,15.076412260230905,14.695052132611567,14.983190536499023,336100,0.0,0.0
2016-06-02 00:00:00-04:00,14.949284477959226,15.07640554145584,14.678095893134524,14.813690185546875,268700,0.0,0.0
2016-06-03 00:00:00-04:00,14.830643654849052,14.830643654849052,14.271316652036266,14.373011589050293,318400,0.0,0.0
2016-06-06 00:00:00-04:00,14.3475881287149,14.508606992138144,14.161144723778992,14.47470760345459,249100,0.0,0.0
2016-06-07 00:00:00-04:00,14.474708545689404,14.873016690178217,14.457758850244282,14.85606861114502,259500,0.0,0.0
2016-06-08 00:00:00-04:00,14.93234074782801,15.017085992931188,14.728947633626955,14.881491661071777,250700,0.0,0.0
2016-06-09 00:00:00-04:00,14.830642675836856,14.830642675836856,14.195043704015276,14.4492826461792,522200,0.0,0.0
2016-06-10 00:00:00-04:00,14.203517961380987,14.28826481072187,13.864532180429162,14.262840270996094,960100,0.0,0.0
2016-06-13 00:00:00-04:00,14.186342903066292,14.27134228332827,13.880345782614505,14.220341682434082,663300,0.05,0.0
2016-06-14 00:00:00-04:00,14.109842674726512,14.313840200908968,14.058843698487953,14.26284122467041,494700,0.0,0.0
2016-06-15 00:00:00-04:00,14.330840484633239,14.764335838289673,14.245841109581898,14.47533893585205,309500,0.0,0.0
2016-06-16 00:00:00-04:00,14.364841799769609,14.577339464326048,14.01634575959533,14.551840782165527,283200,0.0,0.0
2016-06-17 00:00:00-04:00,14.58583873319211,15.027834239344216,14.52633964990787,14.942834854125977,672000,0.0,0.0
2016-06-20 00:00:00-04:00,15.146826200118277,15.46132331020487,15.053326752562956,15.265824317932129,236500,0.0,0.0
2016-06-21 00:00:00-04:00,15.121337894100028,15.231835990487728,14.543343860739444,14.68784236907959,355600,0.0,0.0
2016-06-22 00:00:00-04:00,14.67083890782093,14.79833718189452,14.313842767677764,14.339343070983887,255400,0.0,0.0
2016-06-23 00:00:00-04:00,14.50083934797387,14.95983505541531,14.50083934797387,14.942834854125977,250900,0.0,0.0
2016-06-24 00:00:00-04:00,14.373339730401382,14.71333561810368,14.11834321993173,14.602837562561035,642300,0.0,0.0
2016-06-27 00:00:00-04:00,14.398839701770621,14.679336505385649,13.667847343949783,13.727346420288086,359200,0.0,0.0
2016-06-28 00:00:00-04:00,13.897345252108078,14.092842681570385,13.71034630111957,13.973844528198242,404000,0.0,0.0
2016-06-29 00:00:00-04:00,14.075842359912993,14.526337912839224,14.050343682256567,14.466838836669922,233900,0.0,0.0
2016-06-30 00:00:00-04:00,14.483840646523506,14.560338309227522,14.220342392432505,14.543339729309082,296800,0.0,0.0
2016-07-01 00:00:00-04:00,14.60283520796147,15.214827707146322,14.551836238336401,14.959831237792969,228800,0.0,0.0
2016-07-05 00:00:00-04:00,14.866335007789349,14.866335007789349,14.007844329859434,14.17784309387207,190200,0.0,0.0
2016-07-06 00:00:00-04:00,14.194841851650413,14.517837524968716,13.948343831010808,14.500837326049805,208100,0.0,0.0
2016-07-07 00:00:00-04:00,14.526337336930244,14.90883369889456,14.432837865954928,14.568836212158203,205700,0.0,0.0
2016-07-08 00:00:00-04:00,14.755839768913575,15.58033020327913,14.755839768913575,15.512331008911133,248700,0.0,0.0
2016-07-11 00:00:00-04:00,15.665324497217062,15.792822742459933,15.444326782222948,15.57182502746582,406900,0.0,0.0
2016-07-12 00:00:00-04:00,15.707824127067477,16.073320303236166,15.707824127067477,15.869322776794434,244700,0.0,0.0
2016-07-13 00:00:00-04:00,15.911822238092611,15.911822238092611,15.588826548000405,15.741825103759766,211800,0.0,0.0
2016-07-14 00:00:00-04:00,15.92882089554115,16.10731973371951,15.84382152599089,15.877821922302246,201900,0.0,0.0
2016-07-15 00:00:00-04:00,15.954324366239442,15.996823248853934,15.78432559332457,15.818325996398926,164600,0.0,0.0
2016-07-18 00:00:00-04:00,15.869318693781507,16.06481607033517,15.792819438394803,15.954318046569824,361200,0.0,0.0
2016-07-19 00:00:00-04:00,15.954324667152097,15.988323449639248,15.665327720483148,15.758827209472656,175500,0.0,0.0
2016-07-20 00:00:00-04:00,15.86082182061814,16.12431840872132,15.716323377872241,16.081819534301758,151300,0.0,0.0
2016-07-21 00:00:00-04:00,16.081820486623783,16.404816166532534,16.081820486623783,16.10732078552246,154300,0.0,0.0
2016-07-22 00:00:00-04:00,16.17531871734766,16.183818816326827,15.92032061165695,16.149818420410156,305800,0.0,0.0
2016-07-25 00:00:00-04:00,16.141320590174967,16.362318331011352,16.073321410012106,16.31131935119629,343100,0.0,0.0
2016-07-26 00:00:00-04:00,16.251820205818007,16.251820205818007,15.682326466284776,16.047821044921875,325500,0.0,0.0
2016-07-27 00:00:00-04:00,15.962821778175709,15.996820554294741,15.410326669880769,15.503826141357422,374300,0.0,0.0
2016-07-28 00:00:00-04:00,15.478326420769546,15.639825071737189,15.36782836772531,15.393328666687012,579100,0.0,0.0
2016-07-29 00:00:00-04:00,15.359330824111735,15.622827472319806,15.325332041066424,15.45283031463623,405400,0.0,0.0
2016-08-01 00:00:00-04:00,15.367828955727324,15.54632781283247,15.061831841391816,15.21483039855957,310100,0.0,0.0
2016-08-02 00:00:00-04:00,15.19783089104375,15.19783089104375,14.29684132817297,14.347840309143066,441400,0.0,0.0
2016-08-03 00:00:00-04:00,14.245838954196397,14.5093355178833,14.050341556016694,14.5093355178833,331000,0.0,0.0
2016-08-04 00:00:00-04:00,14.483840646523506,14.721836977665811,14.449840244229797,14.543339729309082,377500,0.0,0.0
2016-08-05 00:00:00-04:00,14.679334360556169,14.976831320007994,14.679334360556169,14.747333526611328,315500,0.0,0.0
2016-08-08 00:00:00-04:00,14.798337290653372,15.197832318014278,14.577339524061639,14.704837799072266,331500,0.0,0.0
2016-08-09 00:00:00-04:00,14.662335297640633,14.747334667089971,14.3818385133175,14.449837684631348,322800,0.0,0.0
2016-08-10 00:00:00-04:00,14.458338070367157,14.526337243029234,14.33083982427928,14.390338897705078,308900,0.0,0.0
2016-08-11 00:00:00-04:00,14.458336116347366,14.891831391442514,14.441335920172355,14.84083080291748,421100,0.0,0.0
2016-08-12 00:00:00-04:00,14.798336325167632,14.917334491249967,14.62833755542565,14.738837242126465,237900,0.0,0.0
2016-08-15 00:00:00-04:00,14.789829000716376,14.968327783883593,14.738830043194726,14.891828536987305,128000,0.0,0.0
2016-08-16 00:00:00-04:00,14.849331465080068,15.027830289242363,14.645333966914588,14.747333526611328,129800,0.0,0.0
2016-08-17 00:00:00-04:00,14.653838404304363,14.670838606158888,14.254343388093929,14.381841659545898,277900,0.0,0.0
2016-08-18 00:00:00-04:00,14.46683460586432,14.50933347034845,14.203336458133881,14.322336196899414,227400,0.0,0.0
2016-08-19 00:00:00-04:00,14.279841721457844,14.398841510309428,14.143843352394697,14.21184253692627,222800,0.0,0.0
2016-08-22 00:00:00-04:00,14.203338347832373,14.339338298976921,14.186339772513783,14.305337905883789,479200,0.0,0.0
2016-08-23 00:00:00-04:00,14.441334314437185,14.475334703006697,14.279835711187523,14.322336196899414,225100,0.0,0.0
2016-08-24 00:00:00-04:00,14.296840669309727,14.432839026448146,14.279840469360352,14.279840469360352,312300,0.0,0.0
2016-08-25 00:00:00-04:00,14.713330954684743,14.959828908408573,14.339336407364655,14.789830207824707,782700,0.0,0.0
2016-08-26 00:00:00-04:00,14.934336919505418,14.934336919505418,14.381843267297747,14.424342155456543,340500,0.0,0.0
2016-08-29 00:00:00-04:00,14.424338052142906,14.54333782334708,14.339340300004753,14.500837326049805,503100,0.0,0.0
2016-08-30 00:00:00-04:00,14.432836534617723,14.568834868276017,14.245839231144572,14.45833683013916,594100,0.0,0.0
2016-08-31 00:00:00-04:00,14.492338467667533,14.60283814887509,14.364840207313563,14.483839988708496,514200,0.0,0.0
2016-09-01 00:00:00-04:00,14.475337981834587,14.628334901369646,14.373338414249755,14.449837684631348,256300,0.0,0.0
2016-09-02 00:00:00-04:00,14.534839628735655,14.594338711521232,14.432840043082942,14.543339729309082,406100,0.0,0.0
2016-09-06 00:00:00-04:00,14.56883430380525,14.636833467999763,14.390337105755135,14.560334205627441,300400,0.0,0.0
2016-09-07 00:00:00-04:00,14.5773368548606,15.18933105681731,14.509337679224103,15.146830558776855,628700,0.0,0.0
2016-09-08 00:00:00-04:00,15.087334935592462,15.172334329897858,14.976836857855467,15.027835845947266,218600,0.0,0.0
2016-09-09 00:00:00-04:00,14.883332717620263,14.883332717620263,14.526336669921875,14.526336669921875,337900,0.0,0.0
2016-09-12 00:00:00-04:00,14.39884074467478,14.91733389119734,14.364840343602689,14.900335311889648,393600,0.0,0.0
2016-09-13 00:00:00-04:00,14.729844848282402,14.994095071368946,14.678698385079795,14.925901412963867,322200,0.05,0.0
2016-09-14 00:00:00-04:00,14.917379116429215,15.04524204082555,14.721322523963817,14.823612213134766,223000,0.0,0.0
2016-09-15 00:00:00-04:00,14.772464608694596,15.104908475189546,14.695746543216533,15.019667625427246,182500,0.0,0.0
2016-09-16 00:00:00-04:00,14.951478931576421,15.028195396646979,14.62755774187615,14.755420684814453,491100,0.0,0.0
2016-09-19 00:00:00-04:00,14.874765919308023,14.960006826460207,14.644611567918522,14.704280853271484,129400,0.0,0.0
2016-09-20 00:00:00-04:00,14.780997264415639,14.798046094224777,14.550842939589973,14.746899604797363,205300,0.0,0.0
2016-09-21 00:00:00-04:00,14.806563593596119,14.891804451097533,14.627554215939842,14.832135200500488,149200,0.0,0.0
2016-09-22 00:00:00-04:00,14.977051252200742,15.343592898241678,14.917381984401631,15.292448043823242,198000,0.0,0.0
2016-09-23 00:00:00-04:00,15.249827824612883,15.60784510065108,15.181634135170645,15.582273483276367,257900,0.0,0.0
2016-09-26 00:00:00-04:00,15.479984498268418,15.62489631367847,15.479984498268418,15.556702613830566,454600,0.0,0.0
2016-09-27 00:00:00-04:00,15.52260091620062,15.718659174934924,15.52260091620062,15.658989906311035,251600,0.0,0.0
2016-09-28 00:00:00-04:00,15.667510291393544,15.837995283489144,15.318017520876406,15.633414268493652,272200,0.0,0.0
2016-09-29 00:00:00-04:00,15.67603826897534,15.897668158761428,15.599320167669935,15.684562683105469,342300,0.0,0.0
2016-09-30 00:00:00-04:00,15.812420638546826,16.119292946640492,15.624888464636939,16.02552604675293,244200,0.0,0.0
2016-10-03 00:00:00-04:00,15.948814363488786,16.11929940874593,15.803904188645866,16.110774993896484,288600,0.0,0.0
2016-10-04 00:00:00-04:00,16.196010119683365,16.332397443253594,16.076671618025703,16.20453453063965,306800,0.0,0.0
2016-10-05 00:00:00-04:00,16.272736926669324,16.61370541860665,16.272736926669324,16.5369873046875,150700,0.0,0.0
2016-10-06 00:00:00-04:00,16.519929652489253,16.639269780342868,16.264203826552496,16.36649513244629,148200,0.0,0.0
2016-10-07 00:00:00-04:00,16.40912008740133,16.417644500732422,16.178965805058606,16.417644500732422,190400,0.0,0.0
2016-10-10 00:00:00-04:00,16.502887933388877,16.65632413021954,16.41764542116454,16.528459548950195,218700,0.0,0.0
2016-10-11 00:00:00-04:00,16.51992839366052,16.51992839366052,16.196008930432484,16.255678176879883,223400,0.0,0.0
2016-10-12 00:00:00-04:00,16.196010603464202,16.392067183719544,16.196010603464202,16.32387351989746,159600,0.0,0.0
2016-10-13 00:00:00-04:00,16.196018254979766,16.281260781494957,15.829476529070618,16.0340576171875,326400,0.0,0.0
2016-10-14 00:00:00-04:00,16.07667611445087,16.264208330343827,15.923239926054086,16.12782096862793,281500,0.0,0.0
2016-10-17 00:00:00-04:00,16.11076738418428,16.323872777165196,16.068146955934143,16.238630294799805,119500,0.0,0.0
2016-10-18 00:00:00-04:00,16.45174104574256,16.45174104574256,16.025530120973418,16.15339469909668,261500,0.0,0.0
2016-10-19 00:00:00-04:00,16.110767680644383,16.409115561480696,15.940284338641595,16.36649513244629,190600,0.0,0.0
2016-10-20 00:00:00-04:00,16.15339567450022,16.2386365639087,15.59932013815063,15.81242561340332,572000,0.0,0.0
2016-10-21 00:00:00-04:00,15.684565597812128,15.855050660364912,15.514082161125396,15.556702613830566,209500,0.0,0.0
2016-10-24 00:00:00-04:00,15.727184269667394,15.965861354501417,15.641941756855656,15.855047225952148,128700,0.0,0.0
2016-10-25 00:00:00-04:00,15.72718767638335,15.72718767638335,15.258354567296221,15.556702613830566,193400,0.0,0.0
2016-10-26 00:00:00-04:00,15.428834182703293,15.684560060382465,15.343591681521744,15.471454620361328,109800,0.0,0.0
2016-10-27 00:00:00-04:00,15.556701297491369,15.556701297491369,15.045247778976004,15.13049030303955,110300,0.0,0.0
2016-10-28 00:00:00-04:00,15.087867925517559,15.428836352325689,14.91738289918064,15.25835132598877,100600,0.0,0.0
2016-10-31 00:00:00-04:00,15.300973395505853,15.34359383915723,15.087867925517559,15.25835132598877,167800,0.0,0.0
2016-11-01 00:00:00-04:00,14.363304874610058,15.045241532249102,14.150199465864702,14.44854736328125,416700,0.0,0.0
2016-11-02 00:00:00-04:00,14.320687051554751,14.661657107054495,14.192824093675206,14.405929565429688,341300,0.0,0.0
2016-11-03 00:00:00-04:00,14.405929565429688,14.53379252330923,14.320687051554751,14.405929565429688,300400,0.0,0.0
2016-11-04 00:00:00-04:00,14.363309121425079,14.619035037184167,14.278066607550143,14.405929565429688,354800,0.0,0.0
2016-11-07 00:00:00-05:00,14.66165870748347,14.789521679320208,14.405931137944098,14.746899604797363,416400,0.0,0.0
2016-11-08 00:00:00-05:00,14.789520540558541,14.789520540558541,14.491172545334386,14.576415061950684,151600,0.0,0.0
2016-11-09 00:00:00-05:00,14.23544664684221,15.641942482999486,14.19282457552485,15.599320411682129,513500,0.0,0.0
2016-11-10 00:00:00-05:00,15.897661560040351,16.45173524159059,15.769798652892614,16.281251907348633,587900,0.0,0.0
2016-11-11 00:00:00-05:00,16.409116744995117,16.536979667185662,16.025526352558217,16.409116744995117,372400,0.0,0.0
2016-11-14 00:00:00-05:00,16.57960878188742,17.730377197265625,16.57960878188742,17.730377197265625,381000,0.0,0.0
2016-11-15 00:00:00-05:00,17.64512676051598,17.687747187730743,16.835325636514803,17.474641799926758,239800,0.0,0.0
2016-11-16 00:00:00-05:00,17.34678530496643,17.730374169295033,17.133679838384207,17.43202781677246,173500,0.0,0.0
2016-11-17 00:00:00-05:00,17.43202781677246,17.64513328335469,17.218922350190233,17.43202781677246,210500,0.0,0.0
2016-11-18 00:00:00-05:00,17.346785280785152,17.645133258757514,17.091057745723553,17.559890747070312,192200,0.0,0.0
2016-11-21 00:00:00-05:00,17.645136296767948,17.900862249992894,17.432030793791842,17.730377197265625,221000,0.0,0.0
2016-11-22 00:00:00-05:00,17.815617260904247,18.412313237100022,17.815617260904247,18.156585693359375,192700,0.0,0.0
2016-11-23 00:00:00-05:00,18.113964080810547,18.199206589893368,17.7133264017466,18.113964080810547,159600,0.0,0.0
2016-11-25 00:00:00-05:00,18.199205867107683,18.2418263070236,17.986100415796976,18.02872085571289,94900,0.0,0.0
2016-11-28 00:00:00-05:00,18.0287266340553,18.45493767328056,17.68775812784831,17.900863647460938,272700,0.0,0.0
2016-11-29 00:00:00-05:00,17.986104776356527,18.182161448886713,17.602514220653152,17.730377197265625,174600,0.0,0.0
2016-11-30 00:00:00-05:00,17.772994964486266,18.182157040795094,17.602509953091474,18.02872085571289,209200,0.0,0.0
2016-12-01 00:00:00-05:00,17.98610253878232,18.881144889587183,17.98610253878232,18.28445053100586,328900,0.0,0.0
2016-12-02 00:00:00-05:00,18.36968806217442,18.36968806217442,17.7303717496737,17.85823631286621,126500,0.0,0.0
2016-12-05 00:00:00-05:00,18.071343812189298,18.88114359156382,18.071343812189298,18.753280639648438,280200,0.0,0.0
2016-12-06 00:00:00-05:00,18.923760654453698,19.179486490649605,18.795896110490528,19.0942440032959,388200,0.0,0.0
2016-12-07 00:00:00-05:00,19.136872658915674,19.733567024420644,18.966387625419525,19.690946578979492,242900,0.0,0.0
2016-12-08 00:00:00-05:00,19.818808268392747,20.245019198895818,19.605702803141213,20.15977668762207,408700,0.0,0.0
2016-12-09 00:00:00-05:00,20.117155608279337,20.2450185582107,19.477839232756892,19.563081741333008,244800,0.0,0.0
2016-12-12 00:00:00-05:00,19.47783632970888,19.64831969558603,18.625414622727007,18.96638298034668,272500,0.0,0.0
2016-12-13 00:00:00-05:00,19.094536341782213,19.137252772780826,18.607561858477524,18.880950927734375,196200,0.05,0.0
2016-12-14 00:00:00-05:00,18.92366787993767,18.92366787993767,18.45378060790152,18.66736602783203,217900,0.0,0.0
2016-12-15 00:00:00-05:00,18.795516994990088,19.265404268053864,18.75280056272154,19.05181884765625,189900,0.0,0.0
2016-12-16 00:00:00-05:00,19.137255535601767,19.436275484343344,19.051821031743085,19.179973602294922,602500,0.0,0.0
2016-12-19 00:00:00-05:00,19.2654126706513,19.73530177818435,19.13726168842525,19.4789981842041,164700,0.0,0.0
2016-12-20 00:00:00-05:00,19.60714056413513,20.4871113778692,19.521706077391656,20.418764114379883,245200,0.0,0.0
2016-12-21 00:00:00-05:00,20.46148735695533,20.675072813167695,20.119749323393386,20.50420379638672,317700,0.0,0.0
2016-12-22 00:00:00-05:00,20.504202430463202,20.76050430903295,20.077031546495217,20.162466049194336,534300,0.0,0.0
2016-12-23 00:00:00-05:00,20.290624528569737,20.418775515476113,19.60715151205025,19.778018951416016,178100,0.0,0.0
2016-12-27 00:00:00-05:00,19.82072885891458,20.3760506595012,19.77801079454482,20.119747161865234,111300,0.0,0.0
2016-12-28 00:00:00-05:00,20.162462719486516,20.162462719486516,19.564422928882923,19.82072639465332,242100,0.0,0.0
2016-12-29 00:00:00-05:00,19.863453485863005,20.11975545967576,19.350847908709287,19.778018951416016,163400,0.0,0.0
2016-12-30 00:00:00-05:00,19.82073186598846,19.82073186598846,19.35084286379776,19.564428329467773,192700,0.0,0.0
2017-01-03 00:00:00-05:00,19.948880873580222,19.991597310736356,19.39355904291236,19.692577362060547,274900,0.0,0.0
2017-01-04 00:00:00-05:00,19.82072913663746,20.54691831629569,19.76092384568182,20.247900009155273,367000,0.0,0.0
2017-01-05 00:00:00-05:00,20.034311801364986,20.034311801364986,19.436272010761392,19.82072639465332,186900,0.0,0.0
2017-01-06 00:00:00-05:00,19.90616533063806,19.90616533063806,19.308126986993624,19.35084342956543,139800,0.0,0.0
2017-01-09 00:00:00-05:00,19.30812534824105,19.649861748394546,19.179974401874446,19.607145309448242,239900,0.0,0.0
2017-01-10 00:00:00-05:00,19.393556653778894,20.162463834559365,19.393556653778894,19.906160354614258,408100,0.0,0.0
2017-01-11 00:00:00-05:00,19.90616117875355,20.05994294718188,19.393557456695767,19.94887924194336,253800,0.0,0.0
2017-01-12 00:00:00-05:00,19.820737033403613,19.820737033403613,19.265413374262298,19.778018951416016,206600,0.0,0.0
2017-01-13 00:00:00-05:00,19.863443922720453,20.33333119166201,19.82072749082665,19.906160354614258,114100,0.0,0.0
2017-01-17 00:00:00-05:00,20.0343113683252,20.974085833921514,20.0343113683252,20.418764114379883,265800,0.0,0.0
2017-01-18 00:00:00-05:00,20.418768744117983,20.589637756347656,20.16246685530114,20.589637756347656,272600,0.0,0.0
2017-01-19 00:00:00-05:00,20.589636933162318,20.632353369748074,19.863446104511226,20.162466049194336,183300,0.0,0.0
2017-01-20 00:00:00-05:00,20.247908076110345,20.504210049923103,19.56443343006265,19.778018951416016,169800,0.0,0.0
2017-01-23 00:00:00-05:00,19.649859842905485,19.90616171078454,19.564425343769955,19.735294342041016,151300,0.0,0.0
2017-01-24 00:00:00-05:00,19.90616118810028,20.24789917566925,19.863444754417905,20.077030181884766,223700,0.0,0.0
2017-01-25 00:00:00-05:00,20.290610238456004,20.546912031762517,20.119741289900286,20.46147918701172,120100,0.0,0.0
2017-01-26 00:00:00-05:00,20.376051200366813,20.589636639302466,19.607143946103978,19.649860382080078,268500,0.0,0.0
2017-01-27 00:00:00-05:00,19.73530259391425,19.77801904657917,19.393566084010217,19.521717071533203,183700,0.0,0.0
2017-01-30 00:00:00-05:00,19.436275480068495,19.948880873580222,19.137255531392686,19.692577362060547,249500,0.0,0.0
2017-01-31 00:00:00-05:00,19.52171078320542,20.10266347767007,19.30812532962446,19.99159812927246,290200,0.0,0.0
2017-02-01 00:00:00-05:00,20.077039103818276,20.29062462619932,19.521717071533203,19.521717071533203,182200,0.0,0.0
2017-02-02 00:00:00-05:00,19.52170559971584,19.906158336363365,19.3935546875,19.3935546875,158700,0.0,0.0
2017-02-03 00:00:00-05:00,19.436277375971322,19.735297353814897,19.137257398127744,19.564428329467773,234000,0.0,0.0
2017-02-06 00:00:00-05:00,19.43627932326934,19.649864810338233,19.0945428698647,19.308128356933594,179000,0.0,0.0
2017-02-07 00:00:00-05:00,19.393562877666742,19.607148364735636,19.1372593154673,19.308128356933594,160100,0.0,0.0
2017-02-08 00:00:00-05:00,19.2654008027374,19.521704238829052,19.09453347487011,19.436269760131836,189900,0.0,0.0
2017-02-09 00:00:00-05:00,19.478998895615664,20.03432255475698,19.478998895615664,19.778018951416016,356500,0.0,0.0
2017-02-10 00:00:00-05:00,19.90616494099686,20.37605394772832,19.820732057525504,20.333335876464844,158100,0.0,0.0
2017-02-13 00:00:00-05:00,20.376050106243866,20.54691747050086,19.94887925131015,20.077030181884766,167600,0.0,0.0
2017-02-14 00:00:00-05:00,19.94888301226034,20.37605394772832,19.94888301226034,20.333335876464844,173700,0.0,0.0
2017-02-15 00:00:00-05:00,20.162469794447652,20.54692268371582,20.11975172039925,20.54692268371582,418700,0.0,0.0
2017-02-16 00:00:00-05:00,20.504202430463202,20.632353369748074,19.948880607210345,20.162466049194336,188100,0.0,0.0
2017-02-17 00:00:00-05:00,20.16246604984672,20.290616989135742,19.8207296685668,20.290616989135742,262400,0.0,0.0
2017-02-21 00:00:00-05:00,20.50419918040607,23.45167846440038,19.991593874990446,22.170166015625,904800,0.0,0.0
2017-02-22 00:00:00-05:00,21.999301098360874,22.212886545917776,21.48669569831878,21.57213020324707,429700,0.0,0.0
2017-02-23 00:00:00-05:00,20.9313777327516,21.401265152491984,19.222693836200445,19.308128356933594,480900,0.0,0.0
2017-02-24 00:00:00-05:00,19.1372593154673,19.73529933107138,18.966391903528955,19.308128356933594,329100,0.0,0.0
2017-02-27 00:00:00-05:00,19.350847201978052,19.8634527604104,19.09454523752595,19.4789981842041,329000,0.0,0.0
2017-02-28 00:00:00-05:00,19.350838705302078,19.436273199115764,18.411062532406376,18.539215087890625,410200,0.0,0.0
2017-03-01 00:00:00-05:00,18.838230060027435,19.009099017614606,18.39397370344966,18.581928253173828,266400,0.0,0.0
2017-03-02 00:00:00-05:00,18.49649811435572,18.880952544370775,18.49649811435572,18.624649047851562,166700,0.0,0.0
2017-03-03 00:00:00-05:00,18.624644677807048,18.675906342799486,18.026606585306247,18.581928253173828,245200,0.0,0.0
2017-03-06 00:00:00-05:00,18.45377691684839,18.496493340479546,17.855737208849582,18.06932258605957,178700,0.0,0.0
2017-03-07 00:00:00-05:00,18.41105989367251,18.453777949220576,17.68487087415455,17.77030372619629,263300,0.0,0.0
2017-03-08 00:00:00-05:00,17.813028320878878,18.069330230146512,17.795941092386958,17.941179275512695,244900,0.0,0.0
2017-03-09 00:00:00-05:00,17.81302421333646,18.026609631650977,17.514004301790642,17.556720733642578,169700,0.0,0.0
2017-03-10 00:00:00-05:00,17.684872753691632,17.85574010546198,17.471287341833172,17.642154693603516,170100,0.0,0.0
2017-03-13 00:00:00-04:00,17.599330994708573,17.72779457629807,17.25676525526194,17.38522720336914,184000,0.05,0.0
2017-03-14 00:00:00-04:00,17.342418247480012,17.856268003731646,17.213956216787942,17.68498420715332,177800,0.0,0.0
2017-03-15 00:00:00-04:00,17.727800077702362,18.156007793265385,17.55651633808403,17.89908218383789,238000,0.0,0.0
2017-03-16 00:00:00-04:00,17.941898345947266,18.156002137027865,17.710665859544466,17.941898345947266,212000,0.0,0.0
2017-03-17 00:00:00-04:00,17.941903944394927,18.113186050615525,17.684978334839826,17.813440322875977,419200,0.0,0.0
2017-03-20 00:00:00-04:00,17.77062260919477,17.984726496052538,17.342414835479236,17.428056716918945,291100,0.0,0.0
2017-03-21 00:00:00-04:00,17.556511098900245,17.556511098900245,16.78573776759621,17.042661666870117,451900,0.0,0.0
2017-03-22 00:00:00-04:00,17.128310928594278,17.556518701809136,16.828565160647276,17.51369857788086,620000,0.0,0.0
2017-03-23 00:00:00-04:00,17.59933499588536,17.77061872129087,17.25676917855701,17.342411041259766,239100,0.0,0.0
2017-03-24 00:00:00-04:00,17.342411179404262,17.599335136076437,17.17112745263436,17.299591064453125,180800,0.0,0.0
2017-03-27 00:00:00-04:00,16.957019822618044,17.359536000558098,16.871379611848283,17.042661666870117,363000,0.0,0.0
2017-03-28 00:00:00-04:00,17.042661463922506,17.428048941726406,16.95701962069027,17.38522720336914,260200,0.0,0.0
2017-03-29 00:00:00-04:00,17.34240709849417,17.68497283794081,17.171123412029708,17.38522720336914,278600,0.0,0.0
2017-03-30 00:00:00-04:00,17.38523115586981,17.642156743978074,17.128307201244212,17.342411041259766,222700,0.0,0.0
2017-03-31 00:00:00-04:00,17.34241489752543,17.51369866101766,17.12831100990166,17.171131134033203,267200,0.0,0.0
2017-04-03 00:00:00-04:00,17.1711259286521,17.1711259286521,16.5288144604958,16.657278060913086,311300,0.0,0.0
2017-04-04 00:00:00-04:00,16.571638274576014,16.571638274576014,15.972146842706659,16.100608825683594,251800,0.0,0.0
2017-04-05 00:00:00-04:00,16.229067874305,16.357529821125,15.800860295916818,15.929322242736816,383300,0.0,0.0
2017-04-06 00:00:00-04:00,16.057794275570146,16.48600212291868,15.886510483237407,16.44318199157715,292100,0.0,0.0
2017-04-07 00:00:00-04:00,16.400352744154794,16.443174489442374,16.143428806359548,16.22907066345215,155500,0.0,0.0
2017-04-10 00:00:00-04:00,16.271892258002925,16.68297124932715,16.18625039310637,16.614458084106445,166000,0.0,0.0
2017-04-11 00:00:00-04:00,16.528819844117464,16.8713873788316,16.314715951662663,16.742923736572266,193200,0.0,0.0
2017-04-12 00:00:00-04:00,16.657276123284372,16.742916335623903,16.40035058581875,16.485992431640625,216400,0.0,0.0
2017-04-13 00:00:00-04:00,16.443174485501217,16.528814709090735,16.057786945418158,16.143428802490234,186600,0.0,0.0
2017-04-17 00:00:00-04:00,16.14342668183547,16.52881253781039,16.10060494218336,16.485992431640625,155800,0.0,0.0
2017-04-18 00:00:00-04:00,16.4003506008023,16.657276138502656,16.4003506008023,16.57163429260254,159800,0.0,0.0
2017-04-19 00:00:00-04:00,16.614457658510354,17.539386182038236,16.614457658510354,17.342411041259766,358500,0.0,0.0
2017-04-20 00:00:00-04:00,17.51369857788086,17.899084593684417,17.47087682046956,17.51369857788086,243300,0.0,0.0
2017-04-21 00:00:00-04:00,17.47086538070107,17.47086538070107,16.91419596672058,17.128299713134766,182500,0.0,0.0
2017-04-24 00:00:00-04:00,17.556522176461247,17.984730034423716,17.25677634919085,17.68498420715332,302800,0.0,0.0
2017-04-25 00:00:00-04:00,17.77062610544248,17.941909902020807,17.25677634919085,17.68498420715332,343700,0.0,0.0
2017-04-26 00:00:00-04:00,17.941900369796983,18.070362332239416,16.871381293639224,17.72779655456543,339300,0.0,0.0
2017-04-27 00:00:00-04:00,17.899082499126962,17.941904251527244,17.342412785785957,17.556516647338867,270900,0.0,0.0
2017-04-28 00:00:00-04:00,17.38523554399594,17.42805730289709,16.657283610990245,16.78574562072754,425600,0.0,0.0
2017-05-01 00:00:00-04:00,16.828561779665336,17.085487372065817,16.443175841288646,16.914203643798828,287400,0.0,0.0
2017-05-02 00:00:00-04:00,16.828562240529887,16.914204107008757,16.057788709185527,16.100608825683594,396300,0.0,0.0
2017-05-03 00:00:00-04:00,16.014966837461923,16.27189077525717,15.88650323508174,16.22907066345215,462500,0.0,0.0
2017-05-04 00:00:00-04:00,16.271890771357068,16.4003527402239,15.929324976551325,16.143428802490234,254100,0.0,0.0
2017-05-05 00:00:00-04:00,16.229068542484413,16.700096244711542,15.929322898575172,16.57163429260254,435700,0.0,0.0
2017-05-08 00:00:00-04:00,16.614458232792067,16.614458232792067,16.289021103452008,16.400354385375977,258900,0.0,0.0
2017-05-09 00:00:00-04:00,16.400354385375977,16.485996251038955,16.186250537959886,16.400354385375977,306600,0.0,0.0
2017-05-10 00:00:00-04:00,16.314712519712995,16.485996251038955,16.186250537959886,16.400354385375977,266200,0.0,0.0
2017-05-11 00:00:00-04:00,16.22907065956231,16.357532628429144,15.612450595429415,16.143428802490234,334000,0.0,0.0
2017-05-12 00:00:00-04:00,16.014970650747436,16.27189464971823,15.80086677377746,15.972148895263672,235200,0.0,0.0
2017-05-15 00:00:00-04:00,15.972144964134706,16.57163632549458,15.972144964134706,16.357532501220703,239400,0.0,0.0
2017-05-16 00:00:00-04:00,16.357536186354164,16.400356307462722,15.972148562445508,16.314714431762695,363100,0.0,0.0
2017-05-17 00:00:00-04:00,16.314715299723115,16.314715299723115,15.415479640739827,15.501121520996094,262200,0.0,0.0
2017-05-18 00:00:00-04:00,15.415472821974543,16.186246136376813,15.415472821974543,15.929322242736816,260400,0.0,0.0
2017-05-19 00:00:00-04:00,15.972148895263674,16.143432650232832,15.672403140809116,15.972148895263672,248200,0.0,0.0
2017-05-22 00:00:00-04:00,16.014970650747436,16.27189464971823,15.860815597971783,15.972148895263672,266000,0.0,0.0
2017-05-23 00:00:00-04:00,16.014965269981317,16.22906907501592,15.54393591881575,15.58675765991211,275200,0.0,0.0
2017-05-24 00:00:00-04:00,15.50111663494274,15.972144377656674,15.415474781681345,15.71522045135498,318600,0.0,0.0
2017-05-25 00:00:00-04:00,15.843689116038536,16.040664318418187,15.629585209065043,15.80086898803711,296600,0.0,0.0
2017-05-26 00:00:00-04:00,15.71522694858219,15.92933085351251,15.62958505991343,15.84368896484375,225500,0.0,0.0
2017-05-30 00:00:00-04:00,15.843689116038536,15.972151133525998,15.67240533706647,15.80086898803711,197800,0.0,0.0
2017-05-31 00:00:00-04:00,15.843684859729722,16.100608825683594,15.415477160818106,16.100608825683594,427800,0.0,0.0
2017-06-01 00:00:00-04:00,16.100610389977977,16.61446000529278,16.014970148661256,16.528818130493164,313800,0.0,0.0
2017-06-02 00:00:00-04:00,16.52881457124573,16.785740140319277,15.92932484370587,16.186248779296875,295700,0.0,0.0
2017-06-05 00:00:00-04:00,16.22907052421707,16.400352603450226,15.92932484370587,16.186248779296875,270300,0.0,0.0
2017-06-06 00:00:00-04:00,16.05778898931538,16.143430857288283,15.629581282933637,16.014968872070312,208200,0.0,0.0
2017-06-07 00:00:00-04:00,16.100607061071965,16.400352744154794,16.014966837461923,16.22907066345215,121900,0.0,0.0
2017-06-08 00:00:00-04:00,16.143427939164926,16.31471001066662,15.586758348190095,15.672398567199707,220700,0.0,0.0
2017-06-09 00:00:00-04:00,15.6723994053351,16.18624891428499,15.543937436468266,16.143428802490234,145000,0.0,0.0
2017-06-12 00:00:00-04:00,16.186253942886395,16.8713873788316,16.186253942886395,16.742923736572266,190200,0.0,0.0
2017-06-13 00:00:00-04:00,16.828780160955812,16.871710066686987,16.356543009558262,16.78584861755371,170300,0.05,0.0
2017-06-14 00:00:00-04:00,16.78585217099614,16.91464519079606,16.44240793942933,16.871713638305664,190900,0.0,0.0
2017-06-15 00:00:00-04:00,16.657064159238264,16.95757853679168,16.596961611261904,16.7429256439209,137700,0.0,0.0
2017-06-16 00:00:00-04:00,16.35654726985312,16.442408741350235,15.068630110410469,15.412075996398926,438200,0.0,0.0
2017-06-19 00:00:00-04:00,15.45499923757329,16.013096104729307,15.240346470384772,15.970166206359863,251300,0.0,0.0
2017-06-20 00:00:00-04:00,15.970173104623138,15.970173104623138,15.326214524901813,15.412075996398926,385400,0.0,0.0
2017-06-21 00:00:00-04:00,15.712584571808321,15.712584571808321,15.025696255209953,15.154487609863281,331900,0.0,0.0
2017-06-22 00:00:00-04:00,15.154486395945082,15.626723508740962,14.98276514938632,15.497930526733398,241800,0.0,0.0
2017-06-23 00:00:00-04:00,15.455007010951334,15.626729966141603,15.283284055761063,15.5837984085083,346600,0.0,0.0
2017-06-26 00:00:00-04:00,15.626726019377099,16.270684482192017,15.626726019377099,16.141891479492188,190600,0.0,0.0
2017-06-27 00:00:00-04:00,16.14189597207485,16.52827181236763,16.05603612994002,16.270689010620117,199600,0.0,0.0
2017-06-28 00:00:00-04:00,16.399475344881036,16.699989612523687,16.313613891601562,16.313613891601562,243200,0.0,0.0
2017-06-29 00:00:00-04:00,16.35654330881915,16.69998911163597,16.1848220450817,16.485336303710938,263700,0.0,0.0
2017-06-30 00:00:00-04:00,16.528272078515684,16.828786443841185,16.399480675568054,16.699995040893555,141500,0.0,0.0
2017-07-03 00:00:00-04:00,16.82878388668713,17.215158036820007,16.82878388668713,17.086366653442383,76100,0.0,0.0
2017-07-05 00:00:00-04:00,16.95757107802548,17.38687667493752,16.18482133111799,16.356542587280273,288400,0.0,0.0
2017-07-06 00:00:00-04:00,16.313610545834948,16.356540444834664,15.54086090014532,15.62672233581543,242200,0.0,0.0
2017-07-07 00:00:00-04:00,15.669653396606446,16.14188887129887,15.540862052387675,16.09895896911621,186900,0.0,0.0
2017-07-10 00:00:00-04:00,16.056027876495296,16.056027876495296,15.497929363474931,15.62672233581543,570300,0.0,0.0
2017-07-11 00:00:00-04:00,15.712587106225353,15.927239944494394,15.497934267956312,15.84138011932373,375800,0.0,0.0
2017-07-12 00:00:00-04:00,16.056029059982645,16.571194436634705,16.056029059982645,16.399473190307617,388700,0.0,0.0
2017-07-13 00:00:00-04:00,16.44240913057923,16.871714860556082,16.44240913057923,16.828784942626953,246500,0.0,0.0
2017-07-14 00:00:00-04:00,16.87171567753273,16.914647235212122,16.35654844908036,16.57120132446289,298300,0.0,0.0
2017-07-17 00:00:00-04:00,16.528272751050118,17.00050846029719,16.39948134286197,16.7429256439209,230800,0.0,0.0
2017-07-18 00:00:00-04:00,16.657058067048446,16.657058067048446,16.056031169434153,16.313613891601562,170800,0.0,0.0
2017-07-19 00:00:00-04:00,16.356543009558262,16.957571515820263,16.356543009558262,16.78584861755371,224500,0.0,0.0
2017-07-20 00:00:00-04:00,16.82878372348654,16.957575105615184,16.485339491919728,16.871713638305664,120800,0.0,0.0
2017-07-21 00:00:00-04:00,16.914640680417744,16.914640680417744,16.3994736516039,16.52826499938965,139600,0.0,0.0
2017-07-24 00:00:00-04:00,16.48533679816051,16.48533679816051,16.098961077238386,16.313613891601562,157000,0.0,0.0
2017-07-25 00:00:00-04:00,16.184826581694246,16.571200761657547,16.056035188373144,16.22775650024414,230900,0.0,0.0
2017-07-26 00:00:00-04:00,16.227755388238574,16.356546772734255,15.97017261924721,16.056034088134766,193700,0.0,0.0
2017-07-27 00:00:00-04:00,16.14189597207485,16.356548852754948,15.84138324925992,16.270689010620117,357500,0.0,0.0
2017-07-28 00:00:00-04:00,15.326212989706923,16.6141300201416,15.197421614197694,16.6141300201416,354200,0.0,0.0
2017-07-31 00:00:00-04:00,16.528271386711843,16.742924261863944,15.240354135799231,15.5837984085083,448500,0.0,0.0
2017-08-01 00:00:00-04:00,15.62672691483763,15.62672691483763,14.8969069542922,15.369142532348633,329800,0.0,0.0
2017-08-02 00:00:00-04:00,15.197420161093762,15.497932795991334,14.768114525330333,14.853974342346191,539200,0.0,0.0
2017-08-03 00:00:00-04:00,14.89690423077664,15.326209818766337,14.768112881913902,14.811042785644531,263600,0.0,0.0
2017-08-04 00:00:00-04:00,14.939835797033084,15.068627160227905,14.55346170744862,14.853974342346191,401500,0.0,0.0
2017-08-07 00:00:00-04:00,14.811044433838262,15.025697251719976,14.68225307064344,14.853974342346191,430500,0.0,0.0
2017-08-08 00:00:00-04:00,14.853975187535546,15.025698106680343,14.252948245871009,14.381739616394043,443500,0.0,0.0
2017-08-09 00:00:00-04:00,14.252947495323443,14.768114587958467,14.167086040272432,14.596391677856445,315400,0.0,0.0
2017-08-10 00:00:00-04:00,14.467597961425781,14.55345940251419,14.210013638160557,14.467597961425781,323600,0.0,0.0
2017-08-11 00:00:00-04:00,14.338810138812386,14.596392887643507,14.124157302229394,14.510531425476074,264800,0.0,0.0
2017-08-14 00:00:00-04:00,14.639322799891634,14.639322799891634,14.338810138812386,14.510531425476074,188500,0.0,0.0
2017-08-15 00:00:00-04:00,14.553459897199948,14.553459897199948,14.210014121172271,14.338807106018066,243900,0.0,0.0
2017-08-16 00:00:00-04:00,14.42466952734468,14.725183817012512,14.338809705443408,14.381739616394043,398000,0.0,0.0
2017-08-17 00:00:00-04:00,14.381740665413034,14.510532045330244,14.124157905578613,14.124157905578613,287700,0.0,0.0
2017-08-18 00:00:00-04:00,13.952431426822345,14.39890962552166,13.694847913637004,14.338807106018066,330000,0.0,0.0
2017-08-21 00:00:00-04:00,14.252948245871009,14.682253906061876,13.952433956203176,14.381739616394043,183900,0.0,0.0
2017-08-22 00:00:00-04:00,14.424668312072754,14.596391216749973,14.295876952400334,14.424668312072754,149800,0.0,0.0
2017-08-23 00:00:00-04:00,14.295878410339355,14.510531244241362,13.995364115342317,14.295878410339355,269000,0.0,0.0
2017-08-24 00:00:00-04:00,14.467601075966442,14.682253906061876,14.252948245871009,14.381739616394043,238900,0.0,0.0
2017-08-25 00:00:00-04:00,14.42466642204619,14.55345940251419,14.295875079248965,14.467597961425781,262500,0.0,0.0
2017-08-28 00:00:00-04:00,14.553462606311738,14.553462606311738,14.038295484043235,14.081225395202637,265700,0.0,0.0
2017-08-29 00:00:00-04:00,13.952435652414959,14.252949978616623,13.90950573624529,14.167088508605957,251900,0.0,0.0
2017-08-30 00:00:00-04:00,14.424673210674166,14.725187577078119,14.167090403854521,14.639326095581055,303600,0.0,0.0
2017-08-31 00:00:00-04:00,14.76811509767005,15.62672640247247,14.72518354982727,15.540864944458008,418000,0.0,0.0
2017-09-01 00:00:00-04:00,15.540860671982827,16.18481897354838,15.45499923757329,15.970166206359863,355500,0.0,0.0
2017-09-05 00:00:00-04:00,15.927236099636492,16.14188888608804,15.326209280174638,15.497930526733398,286600,0.0,0.0
2017-09-06 00:00:00-04:00,15.669654169383882,15.669654169383882,15.154487129431606,15.326210021972656,209200,0.0,0.0
2017-09-07 00:00:00-04:00,15.369142532348633,15.540865454007964,15.154489699110044,15.369142532348633,211300,0.0,0.0
2017-09-08 00:00:00-04:00,15.369139182396628,15.497930526733398,15.11155649372309,15.497930526733398,195300,0.0,0.0
2017-09-11 00:00:00-04:00,15.5837984085083,15.626729966141603,15.412077090989502,15.5837984085083,189100,0.0,0.0
2017-09-12 00:00:00-04:00,15.626728481621416,15.8843112522653,15.566624306644616,15.75551986694336,131700,0.0,0.0
2017-09-13 00:00:00-04:00,15.755514838642558,16.14188887129887,15.712583298789106,16.09895896911621,260100,0.0,0.0
2017-09-14 00:00:00-04:00,16.098959518464593,16.098959518464593,15.797641778205712,15.883732795715332,155000,0.05,0.0
2017-09-15 00:00:00-04:00,15.926777483445353,16.012868500954973,15.711550760696092,15.883732795715332,639600,0.0,0.0
2017-09-18 00:00:00-04:00,15.969824416894413,16.055915446510383,15.711552970096317,15.754597663879395,169100,0.0,0.0
2017-09-19 00:00:00-04:00,15.84068775177002,15.96982346749198,15.668507344823979,15.84068775177002,137000,0.0,0.0
2017-09-20 00:00:00-04:00,15.840687192549172,16.185049636334004,15.711551481386067,16.0559139251709,151900,0.0,0.0
2017-09-21 00:00:00-04:00,16.05591561147841,16.52941545820636,15.926779886752547,16.400278091430664,380100,0.0,0.0
2017-09-22 00:00:00-04:00,16.529409752537568,17.175089795339048,16.27113675018742,17.088998794555664,396100,0.0,0.0
2017-09-25 00:00:00-04:00,17.00292140640415,17.3903303990665,17.00292140640415,17.132057189941406,350800,0.0,0.0
2017-09-26 00:00:00-04:00,17.13205274542593,17.43337059020996,17.08900804276399,17.43337059020996,184800,0.0,0.0
2017-09-27 00:00:00-04:00,17.605551720759692,17.691641121368736,17.218142849818744,17.519460678100586,366500,0.0,0.0
2017-09-28 00:00:00-04:00,17.476410881704577,17.562501907348633,17.2611841386193,17.562501907348633,165600,0.0,0.0
2017-09-29 00:00:00-04:00,17.562501907348633,17.648592932992692,17.34727516426336,17.562501907348633,195900,0.0,0.0
2017-10-02 00:00:00-04:00,17.60555027135431,18.165139539494316,17.433368200211266,18.122093200683594,304800,0.0,0.0
2017-10-03 00:00:00-04:00,18.25123283094505,18.552549029613612,17.863823944013852,18.337322235107422,252800,0.0,0.0
2017-10-04 00:00:00-04:00,18.165139551396543,18.33731998060248,18.079048515768612,18.294275283813477,260200,0.0,0.0
2017-10-05 00:00:00-04:00,18.25123283094505,18.509504327532426,18.122095440601232,18.337322235107422,254800,0.0,0.0
2017-10-06 00:00:00-04:00,18.29427847540095,18.55254998529241,18.251233771102445,18.42341423034668,339200,0.0,0.0
2017-10-09 00:00:00-04:00,18.552549029613612,18.552549029613612,18.165141784732548,18.337322235107422,317300,0.0,0.0
2017-10-10 00:00:00-04:00,18.552548064236518,18.638639105969297,18.251231881246866,18.59559440612793,305000,0.0,0.0
2017-10-11 00:00:00-04:00,18.552545026923397,18.681682389405978,17.820775397120904,17.94991111755371,216700,0.0,0.0
2017-10-12 00:00:00-04:00,18.595589141074107,18.595589141074107,17.26118247715781,17.39031982421875,313400,0.0,0.0
2017-10-13 00:00:00-04:00,17.43336963544148,17.648596421064212,17.30423389247785,17.519460678100586,156300,0.0,0.0
2017-10-16 00:00:00-04:00,17.51946163758399,17.648597387619958,17.13205274542593,17.43337059020996,181000,0.0,0.0
2017-10-17 00:00:00-04:00,17.43336749235529,17.820776315672017,17.347276460279367,17.691638946533203,229000,0.0,0.0
2017-10-18 00:00:00-04:00,17.691636108808204,18.036000181876165,17.691636108808204,17.777727127075195,120700,0.0,0.0
2017-10-19 00:00:00-04:00,15.410236813249387,16.529417032231176,14.80760282645918,16.357234954833984,460000,0.0,0.0
2017-10-20 00:00:00-04:00,16.443323865770935,16.787686333954927,16.22809711789972,16.701595306396484,234500,0.0,0.0
2017-10-23 00:00:00-04:00,16.744642839721504,16.916823265112665,16.314189313168768,16.44332504272461,283100,0.0,0.0
2017-10-24 00:00:00-04:00,16.098964474178835,17.54528711695103,16.098964474178835,17.175098419189453,447900,0.0,0.0
2017-10-25 00:00:00-04:00,16.95987230414339,17.820779494362846,16.70159916184746,17.261188507080078,333900,0.0,0.0
2017-10-26 00:00:00-04:00,17.304230873339908,18.12209153078086,17.26118453849579,17.94991111755371,254300,0.0,0.0
2017-10-27 00:00:00-04:00,17.77772865043391,17.949910701722025,17.390321498110254,17.562501907348633,244400,0.0,0.0
2017-10-30 00:00:00-04:00,17.433373134605954,17.47641784355026,17.175101596839358,17.304237365722656,215000,0.0,0.0
2017-10-31 00:00:00-04:00,17.26117915407317,17.64858783657376,17.00290779377228,17.088998794555664,277000,0.0,0.0
2017-11-01 00:00:00-04:00,17.347278592782374,17.519460678100586,16.985697527254178,17.519460678100586,243600,0.0,0.0
2017-11-02 00:00:00-04:00,17.691638034638327,18.294273586057788,17.605548649049638,17.94991111755371,363600,0.0,0.0
2017-11-03 00:00:00-04:00,17.992955393519185,18.122091110960405,17.562501907348633,17.562501907348633,183600,0.0,0.0
2017-11-06 00:00:00-05:00,17.648594270269555,18.036003093997856,17.648594270269555,17.863821029663086,173700,0.0,0.0
2017-11-07 00:00:00-05:00,17.777723516724205,17.777723516724205,16.9168167929889,17.088998794555664,299400,0.0,0.0
2017-11-08 00:00:00-05:00,17.002916331167718,17.347278865161098,16.873780586176462,17.175098419189453,180800,0.0,0.0
2017-11-09 00:00:00-05:00,17.08900738511242,17.45058845652818,16.787689551924277,16.830734252929688,272600,0.0,0.0
2017-11-10 00:00:00-05:00,16.87377715435436,17.433366363539506,16.87377715435436,17.045957565307617,211200,0.0,0.0
2017-11-13 00:00:00-05:00,16.9168252969906,17.045961042056923,16.744644850918863,16.830734252929688,282600,0.0,0.0
2017-11-14 00:00:00-05:00,16.830732359954663,17.045959124875054,16.74464296762643,17.002914428710938,159300,0.0,0.0
2017-11-15 00:00:00-05:00,16.787687663790546,17.175096497467212,16.572460898870155,17.002914428710938,197600,0.0,0.0
2017-11-16 00:00:00-05:00,17.045957565307617,17.304230644812126,16.916821846580238,17.045957565307617,261000,0.0,0.0
2017-11-17 00:00:00-05:00,17.04596103214811,17.390325208191577,16.916825287156854,17.175098419189453,220600,0.0,0.0
2017-11-20 00:00:00-05:00,17.132046657837307,17.390319708186354,17.045955641054295,17.35588264465332,135600,0.0,0.0
2017-11-21 00:00:00-05:00,17.390324935136956,17.648596421064212,17.175098149514223,17.519460678100586,249200,0.0,0.0
2017-11-22 00:00:00-05:00,17.64859669817409,17.64859669817409,17.132052076158974,17.175098419189453,200800,0.0,0.0
2017-11-24 00:00:00-05:00,17.218143804389165,17.450589139840456,17.045961709525212,17.261188507080078,69600,0.0,0.0
2017-11-27 00:00:00-05:00,17.347274780273438,17.605547851488616,17.218139065690696,17.347274780273438,158700,0.0,0.0
2017-11-28 00:00:00-05:00,17.4333709013429,17.863824503845194,17.390326197912746,17.82077980041504,166100,0.0,0.0
2017-11-29 00:00:00-05:00,17.90686474454591,19.155180537518724,17.90686474454591,18.853862762451172,379700,0.0,0.0
2017-11-30 00:00:00-05:00,18.896910891159067,19.11213765920393,18.251230587024473,18.294275283813477,207700,0.0,0.0
2017-12-01 00:00:00-05:00,18.380369526048174,18.55254998529241,17.648598058622095,18.42341423034668,166700,0.0,0.0
2017-12-04 00:00:00-05:00,18.681685792759367,19.198228768592287,18.552548406751065,18.638639450073242,920200,0.0,0.0
2017-12-05 00:00:00-05:00,18.767775824119806,18.767775824119806,18.208186486813734,18.337322235107422,243700,0.0,0.0
2017-12-06 00:00:00-05:00,18.3803655997715,18.3803655997715,17.93269354567448,18.03600311279297,180400,0.0,0.0
2017-12-07 00:00:00-05:00,18.079051669808,18.4664605766954,17.863824864215047,18.42341423034668,195600,0.0,0.0
2017-12-08 00:00:00-05:00,18.466458664553787,18.724730147702072,18.294276581088234,18.59559440612793,162700,0.0,0.0
2017-12-11 00:00:00-05:00,18.59558997176316,18.681680992966392,18.440626462007273,18.55254364013672,144900,0.0,0.0
2017-12-12 00:00:00-05:00,18.59559079044354,18.810817531902266,18.208181998997954,18.25122833251953,157900,0.0,0.0
2017-12-13 00:00:00-05:00,18.165139539494316,18.50950203973048,18.122093200683594,18.122093200683594,185000,0.0,0.0
2017-12-14 00:00:00-05:00,18.165241093545923,18.29468593823707,17.129693857733745,17.302284240722656,344500,0.05,0.0
2017-12-15 00:00:00-05:00,17.38858413696289,17.69061943206824,17.215993715445506,17.38858413696289,665700,0.0,0.0
2017-12-18 00:00:00-05:00,17.604314893571605,18.07894202685885,17.604314893571605,17.690610885620117,225500,0.0,0.0
2017-12-19 00:00:00-05:00,17.82005868160853,17.82005868160853,17.302284240722656,17.302284240722656,167500,0.0,0.0
2017-12-20 00:00:00-05:00,17.431729085413803,17.47487626967114,17.198730340121223,17.302284240722656,156700,0.0,0.0
2017-12-21 00:00:00-05:00,17.34543022950857,17.34543022950857,16.913951873779297,16.913951873779297,176000,0.0,0.0
2017-12-22 00:00:00-05:00,16.8276557257756,16.91395172535605,16.266734197441604,16.482473373413086,300700,0.0,0.0
2017-12-26 00:00:00-05:00,16.48247994222431,16.65507036420889,16.439331102258205,16.52562713623047,118100,0.0,0.0
2017-12-27 00:00:00-05:00,16.52562231670842,16.698214334318322,16.26673593625304,16.30988311767578,162900,0.0,0.0
2017-12-28 00:00:00-05:00,16.309884100739726,16.35303293072269,16.094144888703596,16.18044090270996,282800,0.0,0.0
2017-12-29 00:00:00-05:00,16.266737951120096,16.335774437523312,15.835259499610064,15.921555519104004,264300,0.0,0.0
2018-01-02 00:00:00-05:00,16.050993741686355,16.050993741686355,15.490072258075958,15.878401756286621,440400,0.0,0.0
2018-01-03 00:00:00-05:00,15.87841044925048,16.051002529139314,15.403784698496276,15.8352632522583,587300,0.0,0.0
2018-01-04 00:00:00-05:00,15.964699781310706,16.741360522560974,15.76622012500574,16.4393253326416,677700,0.0,0.0
2018-01-05 00:00:00-05:00,16.56877229109744,17.12969391822135,16.482476276318472,17.043397903442383,266700,0.0,0.0
2018-01-08 00:00:00-05:00,17.3454315693217,18.147981636323006,17.095173313607557,18.07894515991211,554500,0.0,0.0
2018-01-09 00:00:00-05:00,18.20839020056481,18.20839020056481,17.518023720235576,17.64746856689453,452100,0.0,0.0
2018-01-10 00:00:00-05:00,17.60431973602168,18.035798168992603,17.561172551108427,17.64746856689453,289800,0.0,0.0
2018-01-11 00:00:00-05:00,17.604320733738113,18.812460085335495,17.604320733738113,18.639869689941406,482200,0.0,0.0
2018-01-12 00:00:00-05:00,18.726161063574857,19.459672942402474,18.726161063574857,19.200786590576172,339200,0.0,0.0
2018-01-16 00:00:00-05:00,19.28708439564865,19.63226677905554,18.657126340186142,18.769309997558594,383500,0.0,0.0
2018-01-17 00:00:00-05:00,18.726165710618297,19.010941426680247,18.510426481905917,18.639869689941406,378500,0.0,0.0
2018-01-18 00:00:00-05:00,18.683020657320647,18.683020657320647,18.29469095464582,18.553577423095703,208400,0.0,0.0
2018-01-19 00:00:00-05:00,18.51042563041664,19.028198438740777,18.380980782375993,18.941904067993164,202300,0.0,0.0
2018-01-22 00:00:00-05:00,18.855604319928375,19.37337867174915,18.812455497133723,19.28708267211914,178200,0.0,0.0
2018-01-23 00:00:00-05:00,19.157643286781425,19.243937657529038,18.639868832497676,18.941904067993164,152900,0.0,0.0
2018-01-24 00:00:00-05:00,19.02820020635545,19.243939445184694,18.855609802867917,19.1144962310791,160800,0.0,0.0
2018-01-25 00:00:00-05:00,19.243932899214894,19.243932899214894,18.708900690651102,19.157638549804688,247100,0.0,0.0
2018-01-26 00:00:00-05:00,19.24393771989919,19.459676939386668,18.94190412938442,19.373382568359375,161500,0.0,0.0
2018-01-29 00:00:00-05:00,19.33023347456309,19.502825506194743,18.985051057259387,19.0281982421875,136100,0.0,0.0
2018-01-30 00:00:00-05:00,18.812459025627735,19.071347073075213,18.683015824883793,19.0281982421875,154700,0.0,0.0
2018-01-31 00:00:00-05:00,19.200790204388124,19.200790204388124,18.20839014099369,18.59671974182129,273400,0.0,0.0
2018-02-01 00:00:00-05:00,18.596723576687648,18.596723576687648,17.647472148277924,18.165245056152344,394800,0.0,0.0
2018-02-02 00:00:00-05:00,18.078939833989352,18.208382983381853,17.259130477905273,17.259130477905273,357000,0.0,0.0
2018-02-05 00:00:00-05:00,17.043398650895732,17.345433892888348,16.223588943481445,16.223588943481445,381400,0.0,0.0
2018-02-06 00:00:00-05:00,15.964701029406667,17.345432258439143,15.878405018974732,17.0002498626709,550500,0.0,0.0
2018-02-07 00:00:00-05:00,16.91395385223896,17.43172826887108,16.827657841807028,17.0002498626709,528100,0.0,0.0
2018-02-08 00:00:00-05:00,17.172842025756836,18.035798928015566,17.00025163288089,17.172842025756836,489800,0.0,0.0
2018-02-09 00:00:00-05:00,17.345432372815,17.992649986383025,16.844917484160774,17.77691078186035,458700,0.0,0.0
2018-02-12 00:00:00-05:00,17.863206673134574,18.208389068865394,17.345432256558592,17.949501037597656,404000,0.0,0.0
2018-02-13 00:00:00-05:00,17.82005868160853,18.165241093545923,16.827658630053687,17.302284240722656,355900,0.0,0.0
2018-02-14 00:00:00-05:00,17.086542449865476,17.733759991844614,17.086542449865476,17.431726455688477,268400,0.0,0.0
2018-02-15 00:00:00-05:00,17.604316731358104,17.604316731358104,17.129691194481904,17.345430374145508,238500,0.0,0.0
2018-02-16 00:00:00-05:00,17.302283544334763,18.208389190905702,17.302283544334763,17.77691078186035,279500,0.0,0.0
2018-02-20 00:00:00-05:00,17.604314893571605,18.07894202685885,17.604314893571605,17.690610885620117,336100,0.0,0.0
2018-02-21 00:00:00-05:00,17.733756996442228,17.90634897020128,17.388574694883168,17.474870681762695,193000,0.0,0.0
2018-02-22 00:00:00-05:00,17.64746829861962,17.690615482876954,17.25913705646532,17.302284240722656,146900,0.0,0.0
2018-02-23 00:00:00-05:00,17.431723511302454,17.56116666864222,17.215984367083163,17.474870681762695,146800,0.0,0.0
2018-02-26 00:00:00-05:00,17.604318547189923,17.690614557148397,17.25913615331551,17.518022537231445,162900,0.0,0.0
2018-02-27 00:00:00-05:00,18.29468593823707,18.85560756338028,16.870805814311023,17.302284240722656,398300,0.0,0.0
2018-02-28 00:00:00-05:00,17.431726229846284,17.690612584900126,16.827655873441582,16.913951873779297,285800,0.0,0.0
2018-03-01 00:00:00-05:00,16.91395657253357,17.043399786020256,16.525625286113762,16.611921310424805,304500,0.0,0.0
2018-03-02 00:00:00-05:00,16.439326524412714,16.698214554237172,16.145921078187357,16.568771362304688,231900,0.0,0.0
2018-03-05 00:00:00-05:00,16.439324694901515,17.043395051306216,16.26673434018539,16.913951873779297,218100,0.0,0.0
2018-03-06 00:00:00-05:00,17.000245106485814,17.302278589557964,16.698209977454628,17.129688262939453,202500,0.0,0.0
2018-03-07 00:00:00-05:00,16.91394912019704,17.215984249228224,16.698209977454628,17.129688262939453,148800,0.0,0.0
2018-03-08 00:00:00-05:00,17.215989796740267,17.215989796740267,16.827658556288252,16.870805740356445,201000,0.0,0.0
2018-03-09 00:00:00-05:00,16.957096406444585,17.60431383910246,16.698210091765052,17.474870681762695,185900,0.0,0.0
2018-03-12 00:00:00-04:00,17.431732976812192,17.6215829342693,17.276400445274586,17.38858413696289,161500,0.0,0.0
2018-03-13 00:00:00-04:00,17.431729085413803,17.64746829861962,17.215989872207988,17.302284240722656,136200,0.0,0.0
2018-03-14 00:00:00-04:00,17.310936442684792,17.613878160611687,17.181104749544566,17.397491455078125,143300,0.06,0.0
2018-03-15 00:00:00-04:00,17.397487150400774,17.613873802393574,17.18110049840798,17.310932159423828,149200,0.0,0.0
2018-03-16 00:00:00-04:00,17.31094060942594,17.657159091434472,16.705057027736057,17.05127716064453,710000,0.0,0.0
2018-03-19 00:00:00-04:00,16.964716072301346,17.224379428402646,16.79160606763424,17.181102752685547,227700,0.0,0.0
2018-03-20 00:00:00-04:00,16.661778081672665,16.748333103185974,15.649088127036313,15.752954483032227,506600,0.0,0.0
2018-03-21 00:00:00-04:00,15.752953710303109,16.272280512109,15.752953710303109,16.012617111206055,197700,0.0,0.0
2018-03-22 00:00:00-04:00,15.926064900516181,16.18572999807836,15.75295648637466,15.796233177185059,188800,0.0,0.0
2018-03-23 00:00:00-04:00,15.882786792144849,15.882786792144849,15.623121717758142,15.709676742553711,277800,0.0,0.0
2018-03-26 00:00:00-04:00,15.969340919338435,16.081861289618303,15.666399175031533,15.92606258392334,556100,0.0,0.0
2018-03-27 00:00:00-04:00,15.969338314473537,16.055891669386053,15.536564936313273,15.579841613769531,249200,0.0,0.0
2018-03-28 00:00:00-04:00,15.536568343862356,16.142450215631772,15.493290006014679,15.709676742553711,211200,0.0,0.0
2018-03-29 00:00:00-04:00,15.7962331979703,16.531948499014657,15.7962331979703,16.402116775512695,367800,0.0,0.0
2018-04-02 00:00:00-04:00,16.40211623769788,16.53194795694274,15.276904152142684,15.493290901184082,237000,0.0,0.0
2018-04-03 00:00:00-04:00,15.623120839616437,16.09917262378434,15.536567470585629,15.92606258392334,283000,0.0,0.0
2018-04-04 00:00:00-04:00,15.536570351045812,16.705057558594664,15.536570351045812,16.575225830078125,251500,0.0,0.0
2018-04-05 00:00:00-04:00,16.661779896837743,17.051276710630273,16.358838113987986,16.9647216796875,166200,0.0,0.0
2018-04-06 00:00:00-04:00,16.878167018168487,17.05127708384301,16.402116813913455,16.61850357055664,215600,0.0,0.0
2018-04-09 00:00:00-04:00,16.74832990182619,16.74832990182619,16.142446517944336,16.142446517944336,133100,0.0,0.0
2018-04-10 00:00:00-04:00,16.40211416403606,16.92144097535884,16.272280810305695,16.878164291381836,158800,0.0,0.0
2018-04-11 00:00:00-04:00,16.748336349324436,16.92144477500296,16.488671234456593,16.661781311035156,101600,0.0,0.0
2018-04-12 00:00:00-04:00,16.748332977294922,16.921441368120625,16.53194625058801,16.748332977294922,90800,0.0,0.0
2018-04-13 00:00:00-04:00,16.834890327199826,16.834890327199826,16.48867019585078,16.61850357055664,89000,0.0,0.0
2018-04-16 00:00:00-04:00,16.791612060963175,17.267663918262354,16.531948612181765,17.05127716064453,165500,0.0,0.0
2018-04-17 00:00:00-04:00,17.224379428402646,17.310934430736197,17.051271074634897,17.181102752685547,149300,0.0,0.0
2018-04-18 00:00:00-04:00,17.2676597619379,17.613878160611687,17.22438143029146,17.397491455078125,143600,0.0,0.0
2018-04-19 00:00:00-04:00,17.267663462537257,17.527326904465678,16.878166648744727,16.9647216796875,184900,0.0,0.0
2018-04-20 00:00:00-04:00,16.92144477500296,17.094554851581524,16.531949579051254,16.661781311035156,167500,0.0,0.0
2018-04-23 00:00:00-04:00,16.661785077445114,17.181113773675435,16.61850837396776,17.094558715820312,130000,0.0,0.0
2018-04-24 00:00:00-04:00,17.26766264673801,17.873544532913137,17.13782928100779,17.224384307861328,503800,0.0,0.0
2018-04-25 00:00:00-04:00,17.26766648677731,18.089935297495156,16.921446302369592,17.87354850769043,244900,0.0,0.0
2018-04-26 00:00:00-04:00,17.830271352539864,17.960103092910998,16.964724215532105,17.354219436645508,246300,0.0,0.0
2018-04-27 00:00:00-04:00,17.354216022691727,17.440771049545265,17.007997566177394,17.224384307861328,196400,0.0,0.0
2018-04-30 00:00:00-04:00,17.224380017500888,17.26765834559752,16.70505163663716,17.13782501220703,202400,0.0,0.0
2018-05-01 00:00:00-04:00,17.008000912022435,17.48405282791679,16.531950647028225,17.354219436645508,210400,0.0,0.0
2018-05-02 00:00:00-04:00,17.354215481700923,17.657157240794657,17.094552060134735,17.48404884338379,153400,0.0,0.0
2018-05-03 00:00:00-04:00,17.397497784035984,17.57060622089745,17.26766604366485,17.354219436645508,92800,0.0,0.0
2018-05-04 00:00:00-04:00,17.39749719523937,17.830270749096567,17.224387113336455,17.61388397216797,88600,0.0,0.0
2018-05-07 00:00:00-04:00,17.700436237087477,17.743712925325898,17.397494466719017,17.65715789794922,57400,0.0,0.0
2018-05-08 00:00:00-04:00,17.613879766579817,17.873543176535417,17.57060143098742,17.743711471557617,72400,0.0,0.0
2018-05-09 00:00:00-04:00,17.78698961356432,17.916822980079253,17.267662751103916,17.65715789794922,114400,0.0,0.0
2018-05-10 00:00:00-04:00,17.65716170727726,17.74371675332719,17.39749822002767,17.44077491760254,74100,0.0,0.0
2018-05-11 00:00:00-04:00,17.484049494095697,17.65715789794922,17.397494466719017,17.65715789794922,72400,0.0,0.0
2018-05-14 00:00:00-04:00,17.613878797246645,18.046652223955903,17.613878797246645,17.916820526123047,128400,0.0,0.0
2018-05-15 00:00:00-04:00,17.83026885986328,17.986067586887998,17.70043713764266,17.83026885986328,88200,0.0,0.0
2018-05-16 00:00:00-04:00,17.916827289998764,18.765063130354974,17.916827289998764,18.609264373779297,216900,0.0,0.0
2018-05-17 00:00:00-04:00,18.6092606457797,19.258420900865037,18.6092606457797,19.042034149169922,256900,0.0,0.0
2018-05-18 00:00:00-04:00,19.085311665770245,19.085311665770245,18.609261451782316,18.782371520996094,118300,0.0,0.0
2018-05-21 00:00:00-04:00,18.868924087453873,19.128589180027948,18.82564739747481,19.042034149169922,106500,0.0,0.0
2018-05-22 00:00:00-04:00,19.17186136600744,19.21513969671913,18.392869573091694,18.522701263427734,117700,0.0,0.0
2018-05-23 00:00:00-04:00,18.392874622601397,18.5659846911741,18.1764878623355,18.349597930908203,130700,0.0,0.0
2018-05-24 00:00:00-04:00,18.263040604537977,18.609259047331637,18.176485581114623,18.479427337646484,50000,0.0,0.0
2018-05-25 00:00:00-04:00,18.479431169410756,18.695817947387695,18.39287612803996,18.695817947387695,91100,0.0,0.0
2018-05-29 00:00:00-04:00,18.522708897819488,18.912205780263665,18.522708897819488,18.73909568786621,100300,0.0,0.0
2018-05-30 00:00:00-04:00,19.085308074951172,19.388249813628107,18.955476372918106,19.085308074951172,199700,0.0,0.0
2018-05-31 00:00:00-04:00,19.042039039935585,19.128594093024446,18.436155319213867,18.436155319213867,200400,0.0,0.0
2018-06-01 00:00:00-04:00,18.47942965688775,18.695816417153647,18.219764554028693,18.349597930908203,286600,0.0,0.0
2018-06-04 00:00:00-04:00,18.436149999803646,18.548672031623113,17.960099821520863,18.306318283081055,268800,0.0,0.0
2018-06-05 00:00:00-04:00,18.263037882755658,18.652532953763775,18.176482872231794,18.522701263427734,244600,0.0,0.0
2018-06-06 00:00:00-04:00,18.609261451782316,18.86892490470301,18.349597998861622,18.782371520996094,176800,0.0,0.0
2018-06-07 00:00:00-04:00,18.82564968399384,19.30169993518307,18.565986210781553,18.695817947387695,131800,0.0,0.0
2018-06-08 00:00:00-04:00,18.69581942197692,18.782374470174545,18.5659876751306,18.609264373779297,124800,0.0,0.0
2018-06-11 00:00:00-04:00,18.652537031249643,19.82102580150725,18.609260341977087,19.604639053344727,269600,0.0,0.0
2018-06-12 00:00:00-04:00,19.647914421871562,19.864301137306715,19.34497269008243,19.561359405517578,117100,0.0,0.0
2018-06-13 00:00:00-04:00,19.561362683418174,19.561362683418174,18.9554791183119,19.042034149169922,112300,0.0,0.0
2018-06-14 00:00:00-04:00,19.094109984574207,19.094109984574207,18.746944679573993,18.833736419677734,170400,0.06,0.0
2018-06-15 00:00:00-04:00,18.79033660888672,18.92052336976666,18.660149848006775,18.79033660888672,352500,0.0,0.0
2018-06-18 00:00:00-04:00,18.703547789958233,19.267693267138316,18.703547789958233,19.22429656982422,123200,0.0,0.0
2018-06-19 00:00:00-04:00,18.963919635786276,19.91862528655675,18.963919635786276,19.70164680480957,285600,0.0,0.0
2018-06-20 00:00:00-04:00,19.8752353210107,20.179005629309106,19.658256765856837,20.135610580444336,193600,0.0,0.0
2018-06-21 00:00:00-04:00,20.092211475172878,20.222398261625052,19.87523294594765,19.962024688720703,143800,0.0,0.0
2018-06-22 00:00:00-04:00,20.309180240100716,20.482763642190964,20.092201815194908,20.265785217285156,416200,0.0,0.0
2018-06-25 00:00:00-04:00,20.09221387616456,20.265797382453652,19.701653470136613,20.135610580444336,268200,0.0,0.0
2018-06-26 00:00:00-04:00,20.222397296333842,20.222397296333842,19.831836955620236,20.00541877746582,117500,0.0,0.0
2018-06-27 00:00:00-04:00,20.04881371972486,20.04881371972486,19.51070631164729,19.614856719970703,115000,0.0,0.0
2018-06-28 00:00:00-04:00,19.528063794425698,19.571458829580852,18.703544883161932,18.79033660888672,373600,0.0,0.0
2018-06-29 00:00:00-04:00,18.877129066298235,18.877129066298235,17.748841554386455,17.8790283203125,279300,0.0,0.0
2018-07-02 00:00:00-04:00,17.792235247456585,18.18279717115189,17.53186173526933,18.139400482177734,182800,0.0,0.0
2018-07-03 00:00:00-04:00,18.182796499198243,18.399774969807225,18.09600477987178,18.26958656311035,65100,0.0,0.0
2018-07-05 00:00:00-04:00,18.443170956202916,18.486565990404674,17.748840476488112,18.226192474365234,342500,0.0,0.0
2018-07-06 00:00:00-04:00,18.226196784750137,18.66015385105371,18.226196784750137,18.3997802734375,138200,0.0,0.0
2018-07-09 00:00:00-04:00,18.486569459262764,18.877131462022227,18.312987634470034,18.833736419677734,103400,0.0,0.0
2018-07-10 00:00:00-04:00,17.74884389507585,18.096009201800427,17.27149014984164,17.662052154541016,703900,0.0,0.0
2018-07-11 00:00:00-04:00,17.575252890586853,17.748836297350863,17.271482756456862,17.358274459838867,191500,0.0,0.0
2018-07-12 00:00:00-04:00,17.48846983769873,17.618656629460283,16.96772101523764,17.31488800048828,241000,0.0,0.0
2018-07-13 00:00:00-04:00,17.358284236504012,17.61865783788558,17.314889188078748,17.44507598876953,93300,0.0,0.0
2018-07-16 00:00:00-04:00,17.488466262817383,17.531862954810272,17.18469604052529,17.488466262817383,86500,0.0,0.0
2018-07-17 00:00:00-04:00,17.488473383268122,17.92243054739594,17.488473383268122,17.70545196533203,138100,0.0,0.0
2018-07-18 00:00:00-04:00,15.796033767105062,17.011112905632896,15.796033767105062,16.967716217041016,895600,0.0,0.0
2018-07-19 00:00:00-04:00,16.837526976204607,16.924318685160053,16.66394521370787,16.707340240478516,193800,0.0,0.0
2018-07-20 00:00:00-04:00,16.620552819473517,16.620552819473517,15.752638816833494,15.752638816833496,349300,0.0,0.0
2018-07-23 00:00:00-04:00,15.752639839298665,16.212634886504276,15.665848102318307,16.14320182800293,240800,0.0,0.0
2018-07-24 00:00:00-04:00,16.099801732883698,16.360176888855477,15.839428232326265,15.96961498260498,274400,0.0,0.0
2018-07-25 00:00:00-04:00,15.882825316431182,15.882825316431182,15.145099751046574,15.622451782226562,280600,0.0,0.0
2018-07-26 00:00:00-04:00,15.665846814236716,16.09980380804288,15.362078242904046,15.579056739807129,288700,0.0,0.0
2018-07-27 00:00:00-04:00,16.794138103055865,16.967719929155564,15.665848784041385,16.013015747070312,243000,0.0,0.0
2018-07-30 00:00:00-04:00,16.143203563804548,17.358283045937174,16.143203563804548,17.31488800048828,234900,0.0,0.0
2018-07-31 00:00:00-04:00,17.40167693293651,17.70544719710105,17.097908324186733,17.662052154541016,344400,0.0,0.0
2018-08-01 00:00:00-04:00,17.705438322100413,17.705438322100413,16.924316359660413,17.228086471557617,225700,0.0,0.0
2018-08-02 00:00:00-04:00,17.09790596736858,17.70544475653823,17.09790596736858,17.488466262817383,153600,0.0,0.0
2018-08-03 00:00:00-04:00,17.097905288694665,17.792235778875227,17.097905288694665,17.531862258911133,107300,0.0,0.0
2018-08-06 00:00:00-04:00,17.575256768829068,18.18279717115189,17.401673323761283,18.139400482177734,202400,0.0,0.0
2018-08-07 00:00:00-04:00,18.226193538931913,18.746942256841447,18.226193538931913,18.6601505279541,201200,0.0,0.0
2018-08-08 00:00:00-04:00,18.573361144244487,18.816377684730792,18.443174362182617,18.443174362182617,177200,0.0,0.0
2018-08-09 00:00:00-04:00,18.486569404398324,18.87713140599868,18.22619584027459,18.443174362182617,114100,0.0,0.0
2018-08-10 00:00:00-04:00,18.31298874382589,18.486570579133783,18.00921846276851,18.096010208129883,106600,0.0,0.0
2018-08-13 00:00:00-04:00,18.0092196519392,18.226198201962564,17.531867504053785,17.74884605407715,173600,0.0,0.0
2018-08-14 00:00:00-04:00,17.879031672433875,18.31298874382589,17.748844882099245,18.096010208129883,158200,0.0,0.0
2018-08-15 00:00:00-04:00,17.57525728641063,18.399776191642594,17.57525728641063,18.312984466552734,260300,0.0,0.0
2018-08-16 00:00:00-04:00,18.443174362182617,18.703547926306356,18.22619584027459,18.443174362182617,117000,0.0,0.0
2018-08-17 00:00:00-04:00,18.486563868602897,18.963917467106036,18.477886187090082,18.920520782470703,116500,0.0,0.0
2018-08-20 00:00:00-04:00,19.007318049497954,19.311088309037675,18.9205263102845,19.22429656982422,96500,0.0,0.0
2018-08-21 00:00:00-04:00,19.354482216271155,19.614857418646896,19.354482216271155,19.571460723876953,96300,0.0,0.0
2018-08-22 00:00:00-04:00,19.61485688817891,19.745043658138663,19.26769161648137,19.311086654663086,152400,0.0,0.0
2018-08-23 00:00:00-04:00,19.267692048995578,19.267692048995578,18.920525114090363,19.09410858154297,86300,0.0,0.0
2018-08-24 00:00:00-04:00,19.05071590474911,19.180902693774915,18.703548926793857,18.877132415771484,133200,0.0,0.0
2018-08-27 00:00:00-04:00,19.007312496327117,19.137499239404608,18.703542325536798,18.920520782470703,143400,0.0,0.0
2018-08-28 00:00:00-04:00,19.05071590474911,19.180902693774915,18.8337373712345,18.877132415771484,164600,0.0,0.0
2018-08-29 00:00:00-04:00,18.92052336976666,18.963920060336296,18.660149848006775,18.79033660888672,136800,0.0,0.0
2018-08-30 00:00:00-04:00,18.74694680891589,18.92052865342464,18.48657155903036,18.52996826171875,78100,0.0,0.0
2018-08-31 00:00:00-04:00,18.399776996706606,18.703545564690504,18.399776996706606,18.6601505279541,80200,0.0,0.0
2018-09-04 00:00:00-04:00,18.660151819770228,19.267692308626284,18.573360084874412,19.18090057373047,265500,0.0,0.0
2018-09-05 00:00:00-04:00,18.96392288515177,19.09410966542399,18.269590631342066,18.356382369995117,122500,0.0,0.0
2018-09-06 00:00:00-04:00,18.356379232384956,18.486565990404674,18.139400750547274,18.226192474365234,100800,0.0,0.0
2018-09-07 00:00:00-04:00,18.182796499198243,18.399774969807225,18.009213060545317,18.26958656311035,138900,0.0,0.0
2018-09-10 00:00:00-04:00,18.39977837097264,18.790338697014555,18.312986635602883,18.486568450927734,236700,0.0,0.0
2018-09-11 00:00:00-04:00,18.486566261317986,18.55599931030698,18.09600598153532,18.312984466552734,159400,0.0,0.0
2018-09-12 00:00:00-04:00,18.312984466552734,18.52996295157015,18.139401016373014,18.312984466552734,129300,0.0,0.0
2018-09-13 00:00:00-04:00,18.365212183571348,18.53928902494537,18.365212183571348,18.452251434326172,85600,0.06,0.0
2018-09-14 00:00:00-04:00,18.539283308494834,19.148556215778186,18.278167296879175,18.974477767944336,176000,0.0,0.0
2018-09-17 00:00:00-04:00,18.974478957230545,19.148557415975315,18.687250662396323,18.756881713867188,80000,0.0,0.0
2018-09-18 00:00:00-04:00,18.669850045044974,18.974484953922243,18.669850045044974,18.887447357177734,83500,0.0,0.0
2018-09-19 00:00:00-04:00,18.80040336465777,19.018000621979887,18.452248084969455,18.53928565979004,177700,0.0,0.0
2018-09-20 00:00:00-04:00,18.669846083845762,18.669846083845762,18.26076216134503,18.365209579467773,168800,0.0,0.0
2018-09-21 00:00:00-04:00,18.365206211698045,18.452245434150043,17.973530540731595,18.060569763183594,389600,0.0,0.0
2018-09-24 00:00:00-04:00,18.060572892536793,18.060572892536793,17.53833912747251,17.712417602539062,123300,0.0,0.0
2018-09-25 00:00:00-04:00,17.712422740227296,17.808164435163025,17.320746887785237,17.364267349243164,86400,0.0,0.0
2018-09-26 00:00:00-04:00,17.40777393009034,17.494813131767728,17.14665798519286,17.2772159576416,99200,0.0,0.0
2018-09-27 00:00:00-04:00,17.27722533536252,17.27722533536252,16.711472707582686,16.885549545288086,103000,0.0,0.0
2018-09-28 00:00:00-04:00,16.929064979947242,17.016102542923445,16.71146775223653,16.842025756835938,123300,0.0,0.0
2018-10-01 00:00:00-04:00,16.946471413270434,17.11184577035657,16.398127132590737,16.467758178710938,108800,0.0,0.0
2018-10-02 00:00:00-04:00,16.64183567147119,16.82461653452336,16.07608158647733,16.232751846313477,211600,0.0,0.0
2018-10-03 00:00:00-04:00,16.337201215118885,16.44164696088283,16.015156568720453,16.345905303955078,126500,0.0,0.0
2018-10-04 00:00:00-04:00,16.224054241604296,16.380724564045348,16.015161031728116,16.05868148803711,128800,0.0,0.0
2018-10-05 00:00:00-04:00,16.10219887511371,16.10219887511371,15.675708401421554,15.884601593017578,90300,0.0,0.0
2018-10-08 00:00:00-04:00,15.841081523575255,15.989047729877296,15.579963810029394,15.832377433776855,103100,0.0,0.0
2018-10-09 00:00:00-04:00,15.884598170579643,16.189234631905464,15.814967121716755,16.049972534179688,140600,0.0,0.0
2018-10-10 00:00:00-04:00,16.032570510138644,16.163128569347098,15.858491991103511,15.867196083068848,97900,0.0,0.0
2018-10-11 00:00:00-04:00,15.867194303957339,15.928121280747451,15.240514693941828,15.501630783081055,258500,0.0,0.0
2018-10-12 00:00:00-04:00,15.736634846072837,15.754043026488176,15.040324230813823,15.196992874145508,196200,0.0,0.0
2018-10-15 00:00:00-04:00,15.1882884501914,15.50162735585585,15.10124921967646,15.405885696411133,160500,0.0,0.0
2018-10-16 00:00:00-04:00,15.536445021172772,15.867192132835076,15.118658671661851,15.832377433776855,208100,0.0,0.0
2018-10-17 00:00:00-04:00,15.797558673363373,15.797558673363373,15.196989849642927,15.527738571166992,95800,0.0,0.0
2018-10-18 00:00:00-04:00,15.45810832198941,15.45810832198941,14.935874607436247,15.144767761230469,163300,0.0,0.0
2018-10-19 00:00:00-04:00,15.10124738054603,15.449402600069893,15.066431028526125,15.301436424255371,94700,0.0,0.0
2018-10-22 00:00:00-04:00,15.371071826857987,15.658300171929957,15.257921970978032,15.614781379699707,90700,0.0,0.0
2018-10-23 00:00:00-04:00,15.431996303470946,15.954230026425352,15.344957072956005,15.405885696411133,287200,0.0,0.0
2018-10-24 00:00:00-04:00,15.440704849756122,15.971642815039752,15.388481960426235,15.510335922241211,208000,0.0,0.0
2018-10-25 00:00:00-04:00,15.0142110354315,16.772397305839153,14.57901651266537,16.42424201965332,312100,0.0,0.0
2018-10-26 00:00:00-04:00,16.093496787081065,16.694065825231405,16.0151616229686,16.293685913085938,261500,0.0,0.0
2018-10-29 00:00:00-04:00,16.51998097422013,16.528685062463026,15.980340784241161,16.224048614501953,176100,0.0,0.0
2018-10-30 00:00:00-04:00,16.258871723827514,16.58961891382378,16.145720189784953,16.476469039916992,228600,0.0,0.0
2018-10-31 00:00:00-04:00,16.615727813648686,16.615727813648686,15.405887513233326,15.771450996398926,315400,0.0,0.0
2018-11-01 00:00:00-04:00,15.884600925397944,16.36331426183521,15.754042893654638,15.910713195800781,194200,0.0,0.0
2018-11-02 00:00:00-04:00,16.04997424966681,16.23275514991758,15.832376991195702,16.03256607055664,171500,0.0,0.0
2018-11-05 00:00:00-05:00,16.02386181234467,16.25886724745243,15.266624290511196,15.623483657836914,266100,0.0,0.0
2018-11-06 00:00:00-05:00,15.58866701207668,15.623483369287541,15.23180765134178,15.597371101379395,190100,0.0,0.0
2018-11-07 00:00:00-05:00,15.59737156257892,15.928118665185552,15.196991743491592,15.902008056640625,185600,0.0,0.0
2018-11-08 00:00:00-05:00,15.936827158655742,16.12831386162155,15.675711040238834,15.867196083068848,119900,0.0,0.0
2018-11-09 00:00:00-05:00,15.86718617702967,15.86718617702967,15.266619147583482,15.579957962036133,159700,0.0,0.0
2018-11-12 00:00:00-05:00,15.571261273882019,15.910714169347633,15.353663987616992,15.536446571350098,109300,0.0,0.0
2018-11-13 00:00:00-05:00,15.623481644283231,15.858485388968402,15.466811374403049,15.484219551086426,116300,0.0,0.0
2018-11-14 00:00:00-05:00,15.432001881016065,15.928123516087267,15.310147910334953,15.414593696594238,149500,0.0,0.0
2018-11-15 00:00:00-05:00,15.257918823460027,15.275325340680075,14.439752749251806,15.083840370178223,204100,0.0,0.0
2018-11-16 00:00:00-05:00,14.979394594935858,14.979394594935858,14.579016433042638,14.796613693237305,267600,0.0,0.0
2018-11-19 00:00:00-05:00,14.857541675993794,14.9793956187883,14.692167282104492,14.692167282104492,183000,0.0,0.0
2018-11-20 00:00:00-05:00,14.49197273465613,14.753090362569159,14.091594696044922,14.091594696044922,213600,0.0,0.0
2018-11-21 00:00:00-05:00,14.187342296793352,14.639945047351079,14.161231685119024,14.265677452087402,275100,0.0,0.0
2018-11-23 00:00:00-05:00,14.248270938600912,14.674761417575805,14.204750485561311,14.509387016296387,73600,0.0,0.0
2018-11-26 00:00:00-05:00,14.613831659068802,14.718277406192632,14.431049111399274,14.518088340759277,154100,0.0,0.0
2018-11-27 00:00:00-05:00,14.500681477913973,14.674759952420999,14.1438220992964,14.178638458251953,98200,0.0,0.0
2018-11-28 00:00:00-05:00,14.152525951969015,14.187340650206025,13.482325994519336,14.048078536987305,217000,0.0,0.0
2018-11-29 00:00:00-05:00,14.07418931375185,14.300490638775743,13.68251445432901,13.717329978942871,95700,0.0,0.0
2018-11-30 00:00:00-05:00,13.665107391115578,13.804369500925178,13.49973384323359,13.74344253540039,253000,0.0,0.0
2018-12-03 00:00:00-05:00,13.821778249566696,14.239565426288802,13.62158833591069,14.178638458251953,240200,0.0,0.0
2018-12-04 00:00:00-05:00,14.16993714291273,14.283087011401692,12.838241034560333,12.899168014526367,301300,0.0,0.0
2018-12-06 00:00:00-05:00,12.716386439341429,13.06454263178778,12.542308758152183,12.794721603393555,317200,0.0,0.0
2018-12-07 00:00:00-05:00,12.820831765443252,13.055837234089395,12.394341281679266,12.498787879943848,202100,0.0,0.0
2018-12-10 00:00:00-05:00,12.5336043104595,12.611939472285895,12.133225240066242,12.359526634216309,152000,0.0,0.0
2018-12-11 00:00:00-05:00,12.533603697578146,12.672866661830708,12.272487611015606,12.403045654296875,131200,0.0,0.0
2018-12-12 00:00:00-05:00,12.498787380003183,12.603233974089992,12.054889562651182,12.176743507385254,253900,0.0,0.0
2018-12-13 00:00:00-05:00,12.237932205200195,12.430242801844802,12.176742810939945,12.237932205200195,186400,0.06,0.0
2018-12-14 00:00:00-05:00,12.124292273620085,12.508913406963984,11.757154297993111,11.800861358642578,230400,0.0,0.0
2018-12-17 00:00:00-05:00,11.783378456505023,12.570103064330818,11.72218907045429,12.29911994934082,324100,0.0,0.0
2018-12-18 00:00:00-05:00,12.369051782623115,12.605069431629786,12.089327902594102,12.19422435760498,221600,0.0,0.0
2018-12-19 00:00:00-05:00,12.194224367454412,12.73618980226984,12.028138521963767,12.447724342346191,338500,0.0,0.0
2018-12-20 00:00:00-05:00,12.412761714681734,12.526399775605059,12.054365202192926,12.124296188354492,258700,0.0,0.0
2018-12-21 00:00:00-05:00,12.124297152877743,12.517659189740435,11.713451951262266,11.765900611877441,578800,0.0,0.0
2018-12-24 00:00:00-05:00,11.765901117143482,11.765901117143482,11.381280646140329,11.52988338470459,177600,0.0,0.0
2018-12-26 00:00:00-05:00,11.617292370829091,11.844568419292045,11.381275577150518,11.800861358642578,272500,0.0,0.0
2018-12-27 00:00:00-05:00,11.660999834954152,11.783378608635605,11.171482239299719,11.564844131469727,217600,0.0,0.0
2018-12-28 00:00:00-05:00,11.538624471950312,11.862055517088221,11.538624471950312,11.765900611877441,230700,0.0,0.0
2018-12-31 00:00:00-05:00,11.809602741061829,12.0718442669537,11.573585117666296,12.02813720703125,167100,0.0,0.0
2019-01-02 00:00:00-05:00,11.844570756001737,12.52639820225941,11.739674289934634,12.473950386047363,169300,0.0,0.0
2019-01-03 00:00:00-05:00,12.377797146214057,12.605073285038081,12.16800417205796,12.412762641906738,166600,0.0,0.0
2019-01-04 00:00:00-05:00,12.412758401617118,12.893534428387255,12.412758401617118,12.867310523986816,231300,0.0,0.0
2019-01-07 00:00:00-05:00,12.98969306313593,13.575365710808255,12.832348757510934,13.409279823303223,246500,0.0,0.0
2019-01-08 00:00:00-05:00,13.566623137910117,13.689001933198597,13.29563997157716,13.549139976501465,151200,0.0,0.0
2019-01-09 00:00:00-05:00,13.610328075071939,14.056138644724744,13.610328075071939,13.890052795410156,126400,0.0,0.0
2019-01-10 00:00:00-05:00,13.56662324083145,13.785157758239356,13.479209100411078,13.68900203704834,117000,0.0,0.0
2019-01-11 00:00:00-05:00,13.689000190527107,13.907534678456704,13.66277628539557,13.758931159973145,99400,0.0,0.0
2019-01-14 00:00:00-05:00,13.55788339004773,13.846348923142946,13.251934693180374,13.76767635345459,163500,0.0,0.0
2019-01-15 00:00:00-05:00,13.828865028185195,13.828865028185195,13.487951689085236,13.793899536132812,91800,0.0,0.0
2019-01-16 00:00:00-05:00,13.758931940773541,14.064880574694307,13.72396645406628,13.80263900756836,181900,0.0,0.0
2019-01-17 00:00:00-05:00,13.741450362802862,13.872570736687099,13.654036224451366,13.811381340026855,149500,0.0,0.0
2019-01-18 00:00:00-05:00,13.890057221721749,14.038659958651293,13.750194400161416,13.863832473754883,163400,0.0,0.0
2019-01-22 00:00:00-05:00,13.767675231179712,13.79389914105714,13.3043822663442,13.522916793823242,121100,0.0,0.0
2019-01-23 00:00:00-05:00,13.592848874568327,13.689003774319332,13.365572747546173,13.409279823303223,113400,0.0,0.0
2019-01-24 00:00:00-05:00,13.400536079999778,13.505432544711669,13.243190966110443,13.348088264465332,88900,0.0,0.0
2019-01-25 00:00:00-05:00,13.54914015302862,13.776416252444072,13.409278194509273,13.505433082580566,132900,0.0,0.0
2019-01-28 00:00:00-05:00,13.356830985129665,13.522917704032933,13.164521188226997,13.452986717224121,71900,0.0,0.0
2019-01-29 00:00:00-05:00,13.44424469867988,13.540399594007292,13.251934074381959,13.28689956665039,69900,0.0,0.0
2019-01-30 00:00:00-05:00,13.278158416558973,13.514176122271051,13.19074509986952,13.452986717224121,95900,0.0,0.0
2019-01-31 00:00:00-05:00,13.42675925983454,13.531655718859465,13.365569867147407,13.374311447143555,90300,0.0,0.0
2019-02-01 00:00:00-05:00,13.374311447143555,13.479207906168478,13.260673408122482,13.374311447143555,246800,0.0,0.0
2019-02-04 00:00:00-05:00,13.32186358847468,13.741450283025701,13.208225542734674,13.7064847946167,241100,0.0,0.0
2019-02-05 00:00:00-05:00,13.811381366484595,13.994950390459984,13.636553923089703,13.846346855163574,282900,0.0,0.0
2019-02-06 00:00:00-05:00,13.855086929136384,13.907534739630151,13.601586955368726,13.828862190246582,107500,0.0,0.0
2019-02-07 00:00:00-05:00,13.627813202047692,13.654037111800179,13.03339902337094,13.129554748535156,94200,0.0,0.0
2019-02-08 00:00:00-05:00,13.059619536761602,13.216964621642546,12.596326694620075,12.893533706665039,258300,0.0,0.0
2019-02-11 00:00:00-05:00,12.919759291059265,13.3917937734929,12.841086738379834,13.374311447143555,171100,0.0,0.0
2019-02-12 00:00:00-05:00,13.43550302907907,13.662779144154728,13.050882616649034,13.470468521118164,165600,0.0,0.0
2019-02-13 00:00:00-05:00,13.54039921800739,13.82012398203033,13.339347851457626,13.662778854370117,226800,0.0,0.0
2019-02-14 00:00:00-05:00,13.627813082053551,13.994951149927912,13.514175029269293,13.85508918762207,280800,0.0,0.0
2019-02-15 00:00:00-05:00,13.994949658640287,14.20474257974373,13.767673577290076,13.872570037841797,180200,0.0,0.0
2019-02-19 00:00:00-05:00,13.243191491510247,13.286898561951617,12.02814010182695,13.216967582702637,754400,0.0,0.0
2019-02-20 00:00:00-05:00,12.709966793265815,14.01243307825478,12.683742886053226,13.933759689331055,344800,0.0,0.0
2019-02-21 00:00:00-05:00,13.785157026962509,13.785157026962509,12.867311935810667,12.919759750366211,321900,0.0,0.0
2019-02-22 00:00:00-05:00,12.928501932742313,13.435501943152362,12.797381556604307,13.007174491882324,299300,0.0,0.0
2019-02-25 00:00:00-05:00,13.120813167403307,13.30438220295683,12.858571568949266,13.129554748535156,265700,0.0,0.0
2019-02-26 00:00:00-05:00,13.1470374596332,13.38305515520105,13.007175492026956,13.077106475830078,233900,0.0,0.0
2019-02-27 00:00:00-05:00,13.094583903360945,13.365566989395269,12.963463566222165,13.155774116516113,185100,0.0,0.0
2019-02-28 00:00:00-05:00,13.155776425592979,13.391793240596561,12.989689746847016,13.138293266296387,341400,0.0,0.0
2019-03-01 00:00:00-05:00,13.243190737878846,13.470466824325927,13.12955352829829,13.20822525024414,176600,0.0,0.0
2019-03-04 00:00:00-05:00,13.25193325175338,13.260674832688618,12.867312860676375,12.884795188903809,197700,0.0,0.0
2019-03-05 00:00:00-05:00,12.945984706258296,12.945984706258296,12.552621922344917,12.65751838684082,208900,0.0,0.0
2019-03-06 00:00:00-05:00,12.56136474600821,12.911020495910002,12.56136474600821,12.613813400268555,227700,0.0,0.0
2019-03-07 00:00:00-05:00,12.54388263800003,12.596330459541262,12.21171004488089,12.316606521606445,253200,0.0,0.0
2019-03-08 00:00:00-05:00,12.272899355590724,12.272899355590724,12.05436482231194,12.17674446105957,199800,0.0,0.0
2019-03-11 00:00:00-04:00,12.202969348045848,12.718711021233412,12.185486183835959,12.570107460021973,165600,0.0,0.0
2019-03-12 00:00:00-04:00,12.578845679508719,12.692483715565443,12.334086447859038,12.369051933288574,130400,0.0,0.0
2019-03-13 00:00:00-04:00,12.438984742255967,12.605071447821086,12.438984742255967,12.55262279510498,135800,0.0,0.0
2019-03-14 00:00:00-04:00,12.517413302347926,12.517413302347926,12.156503495907446,12.209319114685059,163300,0.1,0.0
2019-03-15 00:00:00-04:00,12.200517284708374,12.438190108187692,12.147701661372436,12.191715240478516,1145300,0.0,0.0
2019-03-18 00:00:00-04:00,12.209316879927066,12.904728556133083,12.138895508120555,12.825504302978516,552600,0.0,0.0
2019-03-19 00:00:00-04:00,12.931137974435842,13.098389382965252,12.719873832651501,12.763887405395508,130000,0.0,0.0
2019-03-20 00:00:00-04:00,12.728675387481177,12.781491837162978,12.22692289320452,12.244527816772461,214600,0.0,0.0
2019-03-21 00:00:00-04:00,12.262135921659073,12.711072051992007,12.262135921659073,12.675861358642578,178500,0.0,0.0
2019-03-22 00:00:00-04:00,12.614242755661358,12.649453448733071,12.059673710165027,12.103687286376953,168600,0.0,0.0
2019-03-25 00:00:00-04:00,12.112486423536785,12.526211729305947,12.059669980518976,12.34135627746582,150200,0.0,0.0
2019-03-26 00:00:00-04:00,12.438189024875461,12.781493904615491,12.438189024875461,12.667058944702148,169000,0.0,0.0
2019-03-27 00:00:00-04:00,12.71987335702874,13.10719177530646,12.614241290086376,12.975151062011719,262800,0.0,0.0
2019-03-28 00:00:00-04:00,13.027964805892756,13.17761041281262,12.517409502103414,12.649449348449707,268200,0.0,0.0
2019-03-29 00:00:00-04:00,12.807897167339663,13.08958260590746,12.737475807697713,13.03676700592041,153600,0.0,0.0
2019-04-01 00:00:00-04:00,13.204021309757326,13.362469834110916,13.036770742542256,13.292048454284668,123500,0.0,0.0
2019-04-02 00:00:00-04:00,13.33606060860729,13.353666372544735,13.054375101520419,13.098388671875,117400,0.0,0.0
2019-04-03 00:00:00-04:00,13.29204835708224,13.538523184671678,13.115994069315011,13.309653282165527,132500,0.0,0.0
2019-04-04 00:00:00-04:00,13.292047746856689,13.855418755482992,13.292047746856689,13.608943939208984,160900,0.0,0.0
2019-04-05 00:00:00-04:00,13.635353253373406,13.802604669673343,13.520918294717953,13.564931869506836,126700,0.0,0.0
2019-04-08 00:00:00-04:00,13.538524543930818,13.723380893054618,13.397681771167758,13.573735237121582,94200,0.0,0.0
2019-04-09 00:00:00-04:00,13.494509362510543,13.52972005151329,13.160007397239928,13.195218086242676,140100,0.0,0.0
2019-04-10 00:00:00-04:00,13.221626367258377,13.908235203583398,13.221626367258377,13.811405181884766,247000,0.0,0.0
2019-04-11 00:00:00-04:00,13.86422204866423,14.225131821644544,13.820208477437328,14.075486183166504,212600,0.0,0.0
2019-04-12 00:00:00-04:00,14.216331478465234,14.577241315902192,14.172318738866927,14.471610069274902,222500,0.0,0.0
2019-04-15 00:00:00-04:00,14.506818349860598,14.506818349860598,13.64415598717465,13.652958869934082,136700,0.0,0.0
2019-04-16 00:00:00-04:00,13.714576341196006,14.01386761664652,13.64415496338283,13.908235549926758,159000,0.0,0.0
2019-04-17 00:00:00-04:00,14.02266833154633,14.207523790119778,13.917036281151967,13.996259689331055,149200,0.0,0.0
2019-04-18 00:00:00-04:00,13.952247906360489,14.075484887060991,13.600140208457267,13.79379940032959,126400,0.0,0.0
2019-04-22 00:00:00-04:00,13.767392584825796,13.97865671505088,13.239231419774056,13.300849914550781,194400,0.0,0.0
2019-04-23 00:00:00-04:00,13.397679022791767,13.608943138598013,13.36246833682406,13.538521766662598,126900,0.0,0.0
2019-04-24 00:00:00-04:00,13.600141788175407,14.14590790185519,13.600141788175407,13.952249526977539,299700,0.0,0.0
2019-04-25 00:00:00-04:00,14.52442715677976,15.721592599096565,14.17232016756263,15.64236831665039,389000,0.0,0.0
2019-04-26 00:00:00-04:00,16.39939832898766,18.36239799046799,16.13531850029346,18.159934997558594,552700,0.0,0.0
2019-04-29 00:00:00-04:00,18.133521721206904,18.81132850604351,17.596557686598942,18.274364471435547,553300,0.0,0.0
2019-04-30 00:00:00-04:00,18.23914848612196,18.3007686433907,17.631764903842875,17.807817459106445,270800,0.0,0.0
2019-05-01 00:00:00-04:00,17.913450804110006,18.151123522860463,17.464514006129477,17.799015045166016,505000,0.0,0.0
2019-05-02 00:00:00-04:00,17.64057723347307,17.82543276737318,17.18283732241778,17.270864486694336,400100,0.0,0.0
2019-05-03 00:00:00-04:00,17.438110225010856,17.763810153927615,17.420506139403614,17.543743133544922,334200,0.0,0.0
2019-05-06 00:00:00-04:00,17.47332527226011,18.33598776289395,17.38529811058802,18.01909065246582,407800,0.0,0.0
2019-05-07 00:00:00-04:00,17.790213646128322,17.939859257911206,17.666976676063996,17.84303092956543,208600,0.0,0.0
2019-05-08 00:00:00-04:00,17.605363677147807,18.054300652392474,17.605363677147807,17.675785064697266,199400,0.0,0.0
2019-05-09 00:00:00-04:00,17.34128312858538,17.51733575020345,16.997977410320395,17.14762306213379,230700,0.0,0.0
2019-05-10 00:00:00-04:00,17.244445858027106,17.57014399476611,17.006773155664565,17.44690704345703,248900,0.0,0.0
2019-05-13 00:00:00-04:00,17.182831382199048,17.314871243477572,16.716288748105132,16.865934371948242,140000,0.0,0.0
2019-05-14 00:00:00-04:00,16.95396344413099,17.156424699837213,16.830726450045137,17.103609085083008,135500,0.0,0.0
2019-05-15 00:00:00-04:00,16.93636037336934,17.13882166127808,16.67228057861693,16.95396614074707,130500,0.0,0.0
2019-05-16 00:00:00-04:00,16.830726120714655,17.041990254575747,16.64586895422489,16.804317474365234,132300,0.0,0.0
2019-05-17 00:00:00-04:00,16.66347296536835,16.909946922786823,16.51382734308803,16.53143310546875,189100,0.0,0.0
2019-05-20 00:00:00-04:00,16.364181479686952,16.566642707148333,16.232141621732914,16.328969955444336,174500,0.0,0.0
2019-05-21 00:00:00-04:00,16.337773736589675,16.92755336832268,16.337773736589675,16.892343521118164,212600,0.0,0.0
2019-05-22 00:00:00-04:00,16.689877445911318,16.91874728586297,16.44340352517697,16.469810485839844,120400,0.0,0.0
2019-05-23 00:00:00-04:00,16.337777191248016,16.452212996560853,16.144118793228728,16.152921676635742,207700,0.0,0.0
2019-05-24 00:00:00-04:00,16.276156098075475,16.566644488398907,16.170524871945897,16.196931838989258,165500,0.0,0.0
2019-05-28 00:00:00-04:00,16.22333559454765,16.601851011862397,16.188124077133455,16.284954071044922,185800,0.0,0.0
2019-05-29 00:00:00-04:00,16.14411673547626,16.170525382331213,15.492718557190443,15.800812721252441,183800,0.0,0.0
2019-05-30 00:00:00-04:00,15.844825600369584,16.06489262259694,15.818416953270173,15.932852745056152,86100,0.0,0.0
2019-05-31 00:00:00-04:00,15.677571099230319,15.72158550237597,15.281451544786298,15.343070030212402,252200,0.0,0.0
2019-06-03 00:00:00-04:00,15.36948380399407,16.381793698230137,15.360682598442557,16.047290802001953,220400,0.0,0.0
2019-06-04 00:00:00-04:00,16.31136971106741,18.27436731716802,16.117709640112256,18.25676155090332,695500,0.0,0.0
2019-06-05 00:00:00-04:00,19.858843434753776,20.66868997321068,18.837732800913916,19.577157974243164,920700,0.0,0.0
2019-06-06 00:00:00-04:00,19.418713094019726,19.524346000843344,18.476826530669687,19.207448959350586,495800,0.0,0.0
2019-06-07 00:00:00-04:00,19.36589681701933,19.36589681701933,18.86414430448759,19.048999786376953,206700,0.0,0.0
2019-06-10 00:00:00-04:00,19.286676336804238,20.017298883567133,19.13703067402252,19.9644832611084,331800,0.0,0.0
2019-06-11 00:00:00-04:00,20.334194432539313,20.92397415531828,20.334194432539313,20.800735473632812,402700,0.0,0.0
2019-06-12 00:00:00-04:00,21.126431900799048,21.1704446290012,20.642285174663588,20.695100784301758,296900,0.0,0.0
2019-06-13 00:00:00-04:00,20.79234419930301,20.969148832125132,20.385690340127088,20.6685791015625,199100,0.1,0.0
2019-06-14 00:00:00-04:00,20.58902622092887,20.916115847843063,20.44758009835842,20.730470657348633,259300,0.0,0.0
2019-06-17 00:00:00-04:00,20.898433091886478,21.03987751625978,20.323814907101124,20.41221809387207,299000,0.0,0.0
2019-06-18 00:00:00-04:00,20.48293241835415,20.907265528069022,20.235403927945526,20.38568878173828,231900,0.0,0.0
2019-06-19 00:00:00-04:00,20.37685047874644,20.37685047874644,19.95251732361599,20.067441940307617,192500,0.0,0.0
2019-06-20 00:00:00-04:00,20.29728958301917,20.50061737974793,19.84643661996249,20.076282501220703,204200,0.0,0.0
2019-06-21 00:00:00-04:00,20.076281651268296,20.491776026595126,19.793392868326716,19.899477005004883,830900,0.0,0.0
2019-06-24 00:00:00-04:00,19.899474867775634,20.56249601389195,19.811071711063466,19.872953414916992,279700,0.0,0.0
2019-06-25 00:00:00-04:00,19.846434070181502,19.864113352979857,19.439780215119274,19.598905563354492,172500,0.0,0.0
2019-06-26 00:00:00-04:00,19.678468814253474,20.21772657993418,19.616587107270455,20.04092025756836,291000,0.0,0.0
2019-06-27 00:00:00-04:00,20.014399216159518,20.544816508046626,19.979038962647092,20.465253829956055,266000,0.0,0.0
2019-06-28 00:00:00-04:00,20.518299916216243,21.075238794846907,20.350335721461395,20.642065048217773,500400,0.0,0.0
2019-07-01 00:00:00-04:00,20.969154636867096,21.216683214719666,20.288453998535875,20.642065048217773,274300,0.0,0.0
2019-07-02 00:00:00-04:00,20.686260029309622,20.774663188618856,19.828753262155107,20.31496810913086,183200,0.0,0.0
2019-07-03 00:00:00-04:00,20.394533836676604,20.659743354302538,20.350333093480753,20.50061798095703,105700,0.0,0.0
2019-07-05 00:00:00-04:00,20.412211399445265,20.792343797586035,20.385689946266844,20.57133674621582,154500,0.0,0.0
2019-07-08 00:00:00-04:00,20.465254034663264,20.465254034663264,19.890635998600384,20.138164520263672,196500,0.0,0.0
2019-07-09 00:00:00-04:00,20.208890744525746,20.969154058847362,19.987883633797864,20.880752563476562,380700,0.0,0.0
2019-07-10 00:00:00-04:00,20.960312395537546,21.17248069373929,20.217730096432838,20.332653045654297,271100,0.0,0.0
2019-07-11 00:00:00-04:00,20.438731121795737,21.057549801538478,20.438731121795737,20.96030616760254,216700,0.0,0.0
2019-07-12 00:00:00-04:00,20.986830188050583,21.137115056101727,20.518294614444063,20.71278190612793,195300,0.0,0.0
2019-07-15 00:00:00-04:00,20.969152222238527,20.986833194224253,20.30613094812641,20.91611099243164,222000,0.0,0.0
2019-07-16 00:00:00-04:00,20.71277896554061,21.119431088329037,20.71277896554061,20.86306381225586,138800,0.0,0.0
2019-07-17 00:00:00-04:00,20.78350413145219,21.18131582789067,20.4564129406405,21.06639289855957,189500,0.0,0.0
2019-07-18 00:00:00-04:00,21.216674327438234,21.252036260669193,20.854222942569816,21.13711166381836,181300,0.0,0.0
2019-07-19 00:00:00-04:00,21.190151913362907,21.473042307889717,20.96914489917458,20.977985382080078,201400,0.0,0.0
2019-07-22 00:00:00-04:00,20.99567008118832,21.110593007095137,20.72162180698744,20.942628860473633,247600,0.0,0.0
2019-07-23 00:00:00-04:00,21.198997742671924,21.915061863261815,21.031033583555896,21.579130172729492,291000,0.0,0.0
2019-07-24 00:00:00-04:00,21.53492799214928,23.090817862654077,21.526087507605787,23.00241470336914,498100,0.0,0.0
2019-07-25 00:00:00-04:00,24.151651979812502,25.309728537228228,23.55935297359528,23.921804428100586,561300,0.0,0.0
2019-07-26 00:00:00-04:00,24.089767686620387,24.44337861818483,23.868760643623872,24.116289138793945,469300,0.0,0.0
2019-07-29 00:00:00-04:00,24.15164974000354,25.062199377401164,24.027886333694134,24.87655258178711,487700,0.0,0.0
2019-07-30 00:00:00-04:00,24.620181242233855,24.620181242233855,23.842235623074295,24.50525665283203,322300,0.0,0.0
2019-07-31 00:00:00-04:00,24.57598578523241,25.177125292159996,24.363819197990352,24.37265968322754,438800,0.0,0.0
2019-08-01 00:00:00-04:00,24.443381240417995,24.770472441048447,23.541672003582804,23.921804428100586,264100,0.0,0.0
2019-08-02 00:00:00-04:00,23.904123355665146,24.443379411496288,23.842239965251753,24.257734298706055,188700,0.0,0.0
2019-08-05 00:00:00-04:00,23.7450068530125,24.15165916741987,23.090825943215474,23.806888580322266,241500,0.0,0.0
2019-08-06 00:00:00-04:00,23.93948539157899,24.178173428232,23.506311743292105,23.89528465270996,303200,0.0,0.0
2019-08-07 00:00:00-04:00,23.585873191335047,24.42569898907058,23.585873191335047,24.34613800048828,346200,0.0,0.0
2019-08-08 00:00:00-04:00,24.346134430593505,24.770467509512184,24.045564744822,24.3991756439209,241100,0.0,0.0
2019-08-09 00:00:00-04:00,24.434541083634194,24.779313258908353,24.001367429410376,24.31077766418457,369300,0.0,0.0
2019-08-12 00:00:00-04:00,24.178170189084597,24.76162863197045,24.10744800467873,24.682065963745117,208000,0.0,0.0
2019-08-13 00:00:00-04:00,24.575984816667642,25.601457457664413,24.390339692453608,24.858875274658203,325900,0.0,0.0
2019-08-14 00:00:00-04:00,24.496423180280466,24.73511122397494,24.14281220044615,24.381500244140625,302000,0.0,0.0
2019-08-15 00:00:00-04:00,23.771517771407964,23.89528286605751,23.258781482574083,23.61239242553711,331900,0.0,0.0
2019-08-16 00:00:00-04:00,23.736157019065427,24.125129891187694,23.568191192397865,23.8510799407959,283300,0.0,0.0
2019-08-19 00:00:00-04:00,24.301935706121593,24.549464216168293,24.010206459279065,24.063247680664062,267000,0.0,0.0
2019-08-20 00:00:00-04:00,23.930643667063332,24.187012660445106,23.51515101030496,23.700796127319336,267000,0.0,0.0
2019-08-21 00:00:00-04:00,23.824566902090275,23.886448622507846,22.993579704403324,23.69196128845215,270300,0.0,0.0
2019-08-22 00:00:00-04:00,23.824563909645935,24.30193832587196,23.62123611447631,23.842243194580078,197600,0.0,0.0
2019-08-23 00:00:00-04:00,23.59471514196358,23.64775636636423,22.480839312649156,22.569242477416992,301300,0.0,0.0
2019-08-26 00:00:00-04:00,22.83444734390646,23.904122296110394,22.728363222621397,23.762676239013672,225400,0.0,0.0
2019-08-27 00:00:00-04:00,23.904126668529063,24.116293263757697,23.25878471112298,23.497472763061523,142500,0.0,0.0
2019-08-28 00:00:00-04:00,23.42675026827547,24.32845955120212,23.42675026827547,24.142812728881836,355300,0.0,0.0
2019-08-29 00:00:00-04:00,24.213533477473227,24.743950770169647,24.13397079926126,24.222373962402344,194000,0.0,0.0
2019-08-30 00:00:00-04:00,24.381492953472474,24.416854883956894,23.709631449615372,23.789194107055664,184500,0.0,0.0
2019-09-03 00:00:00-04:00,23.585874329663312,23.921804327740556,23.073138004503246,23.55935287475586,327000,0.0,0.0
2019-09-04 00:00:00-04:00,23.912962153859937,24.42569844280675,23.568191695163797,24.257734298706055,162700,0.0,0.0
2019-09-05 00:00:00-04:00,24.743951143488278,25.610298445811527,24.69975040432591,25.31856918334961,243400,0.0,0.0
2019-09-06 00:00:00-04:00,25.47769309442242,25.619137475084653,24.673227547099717,24.726268768310547,259200,0.0,0.0
2019-09-09 00:00:00-04:00,24.858875549869975,25.67218162099047,24.850035064883325,25.592618942260742,358700,0.0,0.0
2019-09-10 00:00:00-04:00,26.105359493927356,28.89004864175575,26.105359493927356,28.49223518371582,925700,0.0,0.0
2019-09-11 00:00:00-04:00,28.341943606867595,28.59830920654996,27.65240104519316,28.377302169799805,529100,0.0,0.0
2019-09-12 00:00:00-04:00,28.288624436300196,28.61673775627997,27.667871929452332,28.146738052368164,395500,0.1,0.0
2019-09-13 00:00:00-04:00,27.109194648641914,27.80089208571868,26.825421861559924,27.313156127929688,341400,0.0,0.0
2019-09-16 00:00:00-04:00,27.162402923225454,27.26881856918335,26.133725675116146,26.60372543334961,320500,0.0,0.0
2019-09-17 00:00:00-04:00,26.585994129957232,26.585994129957232,25.805618783735227,26.399768829345703,229500,0.0,0.0
2019-09-18 00:00:00-04:00,26.532782486751117,26.727875866215854,25.539575983523083,25.885425567626953,181500,0.0,0.0
2019-09-19 00:00:00-04:00,25.956367064847704,25.956367064847704,25.326744718694613,25.379953384399414,276700,0.0,0.0
2019-09-20 00:00:00-04:00,25.41542455695353,26.02731069132078,25.3444813595935,25.548442840576172,432500,0.0,0.0
2019-09-23 00:00:00-04:00,25.282404818819533,26.045045415129092,24.93655696301364,25.796743392944336,186200,0.0,0.0
2019-09-24 00:00:00-04:00,26.16033025946802,26.594857576061745,25.344482604058346,25.885425567626953,484500,0.0,0.0
2019-09-25 00:00:00-04:00,26.009580077532796,26.683541443487943,25.947504977885018,26.497314453125,208500,0.0,0.0
2019-09-26 00:00:00-04:00,26.373161709578053,26.798820944458612,26.107125110632566,26.621463775634766,241800,0.0,0.0
2019-09-27 00:00:00-04:00,26.594855636777165,27.47277831747975,26.594855636777165,27.25994873046875,290700,0.0,0.0
2019-09-30 00:00:00-04:00,27.348630654130595,28.066930787544905,27.259951228561324,27.854101181030273,362400,0.0,0.0
2019-10-01 00:00:00-04:00,28.093534094792386,28.625607245902504,26.559386346825,26.798818588256836,302300,0.0,0.0
2019-10-02 00:00:00-04:00,26.50617706676073,26.71014024082563,24.92769048977536,25.876556396484375,344700,0.0,0.0
2019-10-03 00:00:00-04:00,25.725804047401084,25.929765547155675,25.03410654091492,25.3710880279541,160500,0.0,0.0
2019-10-04 00:00:00-04:00,25.592787841177405,25.93863577694914,24.635053664762218,25.6193904876709,285900,0.0,0.0
2019-10-07 00:00:00-04:00,25.566179284037855,25.79674510030822,25.042972564697266,25.042972564697266,250400,0.0,0.0
2019-10-08 00:00:00-04:00,24.732592475345786,24.785801136014264,23.730519712622954,24.723724365234375,435700,0.0,0.0
2019-10-09 00:00:00-04:00,24.989764746703433,25.716932924280144,24.936557772871264,25.14938735961914,275400,0.0,0.0
2019-10-10 00:00:00-04:00,25.3178780764154,25.672595769347463,25.149389032833916,25.55731201171875,210700,0.0,0.0
2019-10-11 00:00:00-04:00,25.965233921306233,26.701270180469418,25.903157147649825,26.186931610107422,195800,0.0,0.0
2019-10-14 00:00:00-04:00,26.124855017356303,26.364288928860173,24.980895814758604,25.583913803100586,298700,0.0,0.0
2019-10-15 00:00:00-04:00,25.77900822996165,25.86768764805488,25.13165135329374,25.592782974243164,355800,0.0,0.0
2019-10-16 00:00:00-04:00,25.74353726916684,26.25787586024064,25.521839571438147,26.00070571899414,223200,0.0,0.0
2019-10-17 00:00:00-04:00,26.124857813336618,26.577121352996045,25.814482366783476,25.885425567626953,171100,0.0,0.0
2019-10-18 00:00:00-04:00,25.672594491416895,25.88542408173031,24.98089705433387,25.841083526611328,195000,0.0,0.0
2019-10-21 00:00:00-04:00,26.346555275612626,26.90523445690778,26.249009432522143,26.60372543334961,209000,0.0,0.0
2019-10-22 00:00:00-04:00,26.6037273933639,26.6037273933639,25.47750252777083,26.178068161010742,287200,0.0,0.0
2019-10-23 00:00:00-04:00,26.38202851160222,27.56146030681707,26.186935128158485,27.233346939086914,531400,0.0,0.0
2019-10-24 00:00:00-04:00,28.90937974207796,29.902587908600218,27.942779292239447,29.18428611755371,695200,0.0,0.0
2019-10-25 00:00:00-04:00,29.503535001963186,30.062214241778907,28.217687461426873,29.166553497314453,589400,0.0,0.0
2019-10-28 00:00:00-04:00,29.26408877262007,31.401253908276697,29.25522235537992,30.186351776123047,747400,0.0,0.0
2019-10-29 00:00:00-04:00,30.230699969147537,30.541075411020657,29.91145472445598,30.071077346801758,834400,0.0,0.0
2019-10-30 00:00:00-04:00,29.97352768364515,30.638620768561115,29.237493095414095,29.530132293701172,422800,0.0,0.0
2019-10-31 00:00:00-04:00,29.299568152059532,29.556738289868456,28.35956870843297,28.581266403198242,396800,0.0,0.0
2019-11-01 00:00:00-04:00,28.785233343662693,29.49466542508735,28.359574094807897,29.086742401123047,489600,0.0,0.0
2019-11-04 00:00:00-05:00,29.379382245310655,29.68975769429835,28.909380787479556,29.21088981628418,367800,0.0,0.0
2019-11-05 00:00:00-05:00,29.086742401123047,29.547874099758825,28.70542202307498,29.086742401123047,193100,0.0,0.0
2019-11-06 00:00:00-05:00,29.015804274860766,29.228632232737347,28.82957558316951,29.051273345947266,241400,0.0,0.0
2019-11-07 00:00:00-05:00,29.32617166535662,29.485794280963347,28.395041996209677,28.554664611816406,208900,0.0,0.0
2019-11-08 00:00:00-05:00,28.448250035147257,28.99805937520496,28.262023090572157,28.794097900390625,218200,0.0,0.0
2019-11-11 00:00:00-05:00,28.49258541136808,29.44145116553611,28.324094709068834,29.335037231445312,286100,0.0,0.0
2019-11-12 00:00:00-05:00,29.24635783809884,30.07993990558326,29.210885397055716,29.547866821289062,535600,0.0,0.0
2019-11-13 00:00:00-05:00,29.19315615668388,29.35277879670591,28.847308230915814,29.069005966186523,183400,0.0,0.0
2019-11-14 00:00:00-05:00,29.7518333189656,31.037680770303044,29.228626564952656,30.54107666015625,504700,0.0,0.0
2019-11-15 00:00:00-05:00,30.594281718733008,30.851451855206456,30.142019912209303,30.328245162963867,257600,0.0,0.0
2019-11-18 00:00:00-05:00,30.221824238001314,30.700688574664756,29.97352057816511,30.283899307250977,232300,0.0,0.0
2019-11-19 00:00:00-05:00,30.150885900441665,30.62975372368281,29.955790850342318,30.19522476196289,229400,0.0,0.0
2019-11-20 00:00:00-05:00,29.893725768154756,30.283915998885902,29.30844380489747,29.707500457763672,245700,0.0,0.0
2019-11-21 00:00:00-05:00,29.849383157219183,29.849383157219183,28.989194855644843,29.086742401123047,290500,0.0,0.0
2019-11-22 00:00:00-05:00,29.326176150981897,29.326176150981897,28.732027844219115,29.069005966186523,309900,0.0,0.0
2019-11-25 00:00:00-05:00,29.095605880432377,29.66315142220388,29.095605880432377,29.618812561035156,314200,0.0,0.0
2019-11-26 00:00:00-05:00,29.530134419040582,29.68089062154769,28.918249954701228,29.35277557373047,278600,0.0,0.0
2019-11-27 00:00:00-05:00,29.441457091856346,29.840513653571062,29.370512199623217,29.716360092163086,193000,0.0,0.0
2019-11-29 00:00:00-05:00,30.062219088834013,30.062219088834013,29.01580533950113,29.042407989501953,120500,0.0,0.0
2019-12-02 00:00:00-05:00,28.998063486777085,29.051268776457842,27.712215988349875,28.306365966796875,322400,0.0,0.0
2019-12-03 00:00:00-05:00,27.76542007008166,27.89843835465159,26.940704337761144,27.561458587646484,260500,0.0,0.0
2019-12-04 00:00:00-05:00,27.871837404427996,28.439383021800356,27.854101181030273,27.854101181030273,218300,0.0,0.0
2019-12-05 00:00:00-05:00,28.04919092706487,28.24428597630355,27.641267990327876,27.65900421142578,217700,0.0,0.0
2019-12-06 00:00:00-05:00,28.13787392435134,28.776364433831368,28.093535057379384,28.705419540405273,307700,0.0,0.0
2019-12-09 00:00:00-05:00,28.652217429036124,29.19315707859461,28.492594783973264,28.714292526245117,268300,0.0,0.0
2019-12-10 00:00:00-05:00,28.687682919640704,28.89164779399587,28.297496159718527,28.324100494384766,355700,0.0,0.0
2019-12-11 00:00:00-05:00,28.226555521852973,29.583346267488775,28.1290079773048,29.556743621826172,308000,0.0,0.0
2019-12-12 00:00:00-05:00,29.414421791867973,30.383932663875587,29.12090195717816,30.339460372924805,340600,0.1,0.0
2019-12-13 00:00:00-05:00,30.339463230272315,30.339463230272315,28.70285766081377,28.765119552612305,495200,0.0,0.0
2019-12-16 00:00:00-05:00,28.80959061685627,28.987483182831003,28.418229686126644,28.560543060302734,315000,0.0,0.0
2019-12-17 00:00:00-05:00,28.50717762135685,28.951907392027064,28.222550839569426,28.78291130065918,231500,0.0,0.0
2019-12-18 00:00:00-05:00,28.9963770150001,29.28100377052507,28.60501607440791,29.067535400390625,216600,0.0,0.0
2019-12-19 00:00:00-05:00,29.129800068334188,29.21874466553376,28.258130122306607,28.347076416015625,330800,0.0,0.0
2019-12-20 00:00:00-05:00,28.347076520628796,28.400443618447376,27.911239849497132,28.284812927246094,807300,0.0,0.0
2019-12-23 00:00:00-05:00,28.373758456609323,28.373758456609323,26.46142082063819,26.532577514648438,396200,0.0,0.0
2019-12-24 00:00:00-05:00,26.657098733945265,27.23524872558868,26.541469753522126,27.092933654785156,121600,0.0,0.0
2019-12-26 00:00:00-05:00,27.075149610516114,27.146306307795008,26.54147353266967,26.995098114013672,363400,0.0,0.0
2019-12-27 00:00:00-05:00,27.11961740108465,27.46650603058018,27.048460715636615,27.199668884277344,184600,0.0,0.0
2019-12-30 00:00:00-05:00,27.172988911626724,27.866767979993043,27.003992816513097,27.430932998657227,292800,0.0,0.0
2019-12-31 00:00:00-05:00,27.288619218132226,28.026870575491966,27.288619218132226,27.573246002197266,308500,0.0,0.0
2020-01-02 00:00:00-05:00,27.724456577763927,28.160291590411607,27.413145369727125,27.982398986816406,363600,0.0,0.0
2020-01-03 00:00:00-05:00,27.64440569151305,28.160292217617805,27.20857066915814,27.324199676513672,358000,0.0,0.0
2020-01-06 00:00:00-05:00,26.915042132807997,27.03956590816999,26.221263177557184,26.408050537109375,555300,0.0,0.0
2020-01-07 00:00:00-05:00,26.408053724257858,27.08404316560991,26.390264126627944,26.532577514648438,473300,0.0,0.0
2020-01-08 00:00:00-05:00,26.59483620015236,26.870568144100716,26.39026094162646,26.408050537109375,368900,0.0,0.0
2020-01-09 00:00:00-05:00,26.47031726456537,26.568158361101244,25.394070292199277,25.88327407836914,295100,0.0,0.0
2020-01-10 00:00:00-05:00,25.829902864747098,26.070055623389543,25.563064015742146,25.945531845092773,329000,0.0,0.0
2020-01-13 00:00:00-05:00,26.061165397821934,27.27972578676747,26.061165397821934,27.26193618774414,249000,0.0,0.0
2020-01-14 00:00:00-05:00,27.10183335269909,27.768928051503877,26.932837250488753,27.359777450561523,275200,0.0,0.0
2020-01-15 00:00:00-05:00,27.15519545953334,27.52876846668266,26.959513310330422,27.270824432373047,305900,0.0,0.0
2020-01-16 00:00:00-05:00,27.519876170757378,28.03576258975952,27.395350692715976,27.582138061523438,116500,0.0,0.0
2020-01-17 00:00:00-05:00,27.70666579540809,27.813401692310972,27.36867189881643,27.777822494506836,139100,0.0,0.0
2020-01-21 00:00:00-05:00,27.697770188369937,27.733349385136687,27.172988911626724,27.430932998657227,403700,0.0,0.0
2020-01-22 00:00:00-05:00,27.58214018237196,27.77782066789861,27.11072602152347,27.34198570251465,240900,0.0,0.0
2020-01-23 00:00:00-05:00,27.084044673183445,27.76003245565346,26.772733483369134,27.6444034576416,303400,0.0,0.0
2020-01-24 00:00:00-05:00,27.724450737661616,27.724450737661616,26.799412108239544,27.092933654785156,169400,0.0,0.0
2020-01-27 00:00:00-05:00,26.523681621954797,27.413141108654873,25.998900389081005,27.21746063232422,247800,0.0,0.0
2020-01-28 00:00:00-05:00,27.41314286779249,27.768926346001752,26.932835596337352,27.733348846435547,252500,0.0,0.0
2020-01-29 00:00:00-05:00,27.884553908822166,29.405530440253543,27.564347966097824,29.369951248168945,631500,0.0,0.0
2020-01-30 00:00:00-05:00,28.89854148603372,29.556739635032073,28.89854148603372,29.458898544311523,273000,0.0,0.0
2020-01-31 00:00:00-05:00,29.361055458043193,29.361055458043193,28.0001835618344,28.133602142333984,277500,0.0,0.0
2020-02-03 00:00:00-05:00,28.347079057711714,28.898544772891768,28.275922355415215,28.791807174682617,336400,0.0,0.0
2020-02-04 00:00:00-05:00,29.20095837085522,29.556740151580062,28.578336013313148,28.78291130065918,279000,0.0,0.0
2020-02-05 00:00:00-05:00,29.20095172942009,29.83246704581605,28.738432465955718,29.761308670043945,253800,0.0,0.0
2020-02-06 00:00:00-05:00,29.868054425189474,29.868054425189474,28.791805751086613,28.82738494873047,179200,0.0,0.0
2020-02-07 00:00:00-05:00,28.640595462647287,28.702857353779805,27.866764981334814,28.133602142333984,154200,0.0,0.0
2020-02-10 00:00:00-05:00,27.991285812463047,28.489382585517887,27.742238274190186,28.46269989013672,191900,0.0,0.0
2020-02-11 00:00:00-05:00,29.005272958075874,29.618998751814086,28.64059472243111,29.11200714111328,231200,0.0,0.0
2020-02-12 00:00:00-05:00,29.316583932045702,29.54784529918884,28.08023578568553,28.542755126953125,246600,0.0,0.0
2020-02-13 00:00:00-05:00,28.204757104732973,28.72953829287389,28.195864003552245,28.231441497802734,284300,0.0,0.0
2020-02-14 00:00:00-05:00,28.213661910870943,29.227647152601023,27.920140269017185,28.267030715942383,485700,0.0,0.0
2020-02-18 00:00:00-05:00,28.035764352458013,28.418232215792827,26.950622657134236,27.484298706054688,406200,0.0,0.0
2020-02-19 00:00:00-05:00,27.217462981952792,27.7333494609139,23.730781425229946,25.749855041503906,1825000,0.0,0.0
2020-02-20 00:00:00-05:00,25.616438459243028,26.92394529267019,25.56307135272857,25.829910278320312,355700,0.0,0.0
2020-02-21 00:00:00-05:00,25.7320599588277,25.785427046240102,24.904862469644478,24.99380874633789,247800,0.0,0.0
2020-02-24 00:00:00-05:00,23.864201915295233,26.603737520491848,23.855307115372987,26.47921371459961,560600,0.0,0.0
2020-02-25 00:00:00-05:00,26.683785790384764,26.683785790384764,25.554171784762882,25.74095916748047,299800,0.0,0.0
2020-02-26 00:00:00-05:00,25.972217777905186,26.14121385946186,24.415663670926502,24.6825008392334,557800,0.0,0.0
2020-02-27 00:00:00-05:00,24.01540622195682,25.35849025498812,23.597360872540193,24.6825008392334,726900,0.0,0.0
2020-02-28 00:00:00-05:00,23.784146124391295,25.002706349887635,23.597360449229072,24.904865264892578,794600,0.0,0.0
2020-03-02 00:00:00-05:00,24.940448155231486,25.100549459170704,23.979830152538817,24.451244354248047,322700,0.0,0.0
2020-03-03 00:00:00-05:00,24.3534010589739,24.904866711185726,23.268261048729908,23.801937103271484,404800,0.0,0.0
2020-03-04 00:00:00-05:00,24.219986529765613,24.735873073121464,23.819730694141587,24.709190368652344,404100,0.0,0.0
2020-03-05 00:00:00-05:00,24.095456808332187,24.38897836106841,22.75237282565756,23.028104782104492,347000,0.0,0.0
2020-03-06 00:00:00-05:00,22.23649110866414,22.912480641948687,21.80065608651548,22.503328323364258,518600,0.0,0.0
2020-03-09 00:00:00-04:00,21.240293301644392,21.604973277831938,20.555410737681544,21.124664306640625,813700,0.0,0.0
2020-03-10 00:00:00-04:00,21.951862417537562,22.521115998378246,20.528726768926358,21.25808334350586,762900,0.0,0.0
2020-03-11 00:00:00-04:00,20.50203769145756,20.671035445886254,18.86543232359312,19.087797164916992,394300,0.0,0.0
2020-03-12 00:00:00-04:00,17.87247268026154,17.87247268026154,15.263091600765284,15.459688186645508,603000,0.1,0.0
2020-03-13 00:00:00-04:00,16.451614346162348,16.469487231583415,14.816282828082484,16.263954162597656,544400,0.0,0.0
2020-03-16 00:00:00-04:00,14.003084014285347,15.146923010212086,12.242645015366513,12.278389930725098,475000,0.0,0.0
2020-03-17 00:00:00-04:00,12.939668364174752,13.47584282550333,11.286465337492297,11.974555015563965,841300,0.0,0.0
2020-03-18 00:00:00-04:00,11.063060776267307,11.259658215882489,8.462616117684796,9.77624225616455,675800,0.0,0.0
2020-03-19 00:00:00-04:00,9.552835951146394,11.769022932076718,8.042612435466046,11.054123878479004,820600,0.0,0.0
2020-03-20 00:00:00-04:00,11.125615378239742,11.76008826691242,9.624328076485098,9.838797569274902,893600,0.0,0.0
2020-03-23 00:00:00-04:00,9.838796539443251,9.954967715601203,8.703894100825812,8.918363571166992,547900,0.0,0.0
2020-03-24 00:00:00-04:00,9.811989651684078,9.928160856674149,9.195389558364912,9.561775207519531,895300,0.0,0.0
2020-03-25 00:00:00-04:00,9.66900739674759,12.305197785081608,9.66900739674759,12.081791877746582,1318300,0.0,0.0
2020-03-26 00:00:00-04:00,12.27838960598546,13.824359071864883,12.215836218818852,13.029033660888672,873600,0.0,0.0
2020-03-27 00:00:00-04:00,12.349876369410733,12.823497433109177,11.706468069675477,12.430302619934082,807100,0.0,0.0
2020-03-30 00:00:00-04:00,12.269450397810234,12.430302902513612,10.991569356505387,12.028172492980957,512600,0.0,0.0
2020-03-31 00:00:00-04:00,11.83157515415831,12.323068258688126,11.509870995013275,11.86732006072998,554500,0.0,0.0
2020-04-01 00:00:00-04:00,11.13455094743211,11.965621232135508,10.875400117566935,11.295403480529785,566400,0.0,0.0
2020-04-02 00:00:00-04:00,11.009443065928524,11.679660801641235,10.55369565333558,10.696675300598145,557600,0.0,0.0
2020-04-03 00:00:00-04:00,10.616250609202204,10.857528586656821,9.59751919314948,9.910287857055664,480000,0.0,0.0
2020-04-06 00:00:00-04:00,10.634120859996974,11.929875805751365,10.634120859996974,11.572425842285156,447300,0.0,0.0
2020-04-07 00:00:00-04:00,12.412431484413288,13.377544855531186,12.153280687580256,12.7966890335083,795500,0.0,0.0
2020-04-08 00:00:00-04:00,13.082650363842822,14.387340909084902,12.483922458354789,14.04776382446289,467100,0.0,0.0
2020-04-09 00:00:00-04:00,14.825217650345753,16.201397292755495,14.726918495726492,14.977133750915527,501800,0.0,0.0
2020-04-13 00:00:00-04:00,14.995005482607594,14.995005482607594,13.922656419253201,14.566064834594727,319700,0.0,0.0
2020-04-14 00:00:00-04:00,15.182662575162093,15.280961702444527,14.083506114364273,14.44095516204834,237100,0.0,0.0
2020-04-15 00:00:00-04:00,13.708185363593174,13.949463278411885,12.930732979048264,13.243500709533691,422000,0.0,0.0
2020-04-16 00:00:00-04:00,13.198821002335691,13.413290462147055,12.59115668064428,12.912860870361328,531100,0.0,0.0
2020-04-17 00:00:00-04:00,13.583078653616777,14.717980191153968,13.47584392306234,14.628619194030762,363300,0.0,0.0
2020-04-20 00:00:00-04:00,14.18180633854042,14.324786829490757,13.761803010617898,14.07457160949707,445600,0.0,0.0
2020-04-21 00:00:00-04:00,13.690314930098376,13.976275096093726,13.08265138833846,13.314992904663086,308500,0.0,0.0
2020-04-22 00:00:00-04:00,13.699251349205541,14.012019987296473,12.886053912840296,13.681379318237305,356500,0.0,0.0
2020-04-23 00:00:00-04:00,13.761803865010592,15.066495279936943,13.761803865010592,14.709044456481934,390000,0.0,0.0
2020-04-24 00:00:00-04:00,14.717982070610374,15.602669349826648,14.717982070610374,15.30777359008789,507900,0.0,0.0
2020-04-27 00:00:00-04:00,15.51331029737638,16.469487526656444,15.51331029737638,16.12990951538086,387300,0.0,0.0
2020-04-28 00:00:00-04:00,16.853739912184743,17.827789672600712,16.514162024533384,16.737567901611328,401100,0.0,0.0
2020-04-29 00:00:00-04:00,17.586514065655923,22.34059170851578,17.586514065655923,20.115468978881836,963200,0.0,0.0
2020-04-30 00:00:00-04:00,19.400564042752354,19.615035168031824,18.07800176208713,19.15035057067871,765900,0.0,0.0
2020-05-01 00:00:00-04:00,18.766098022460938,18.909077680561627,17.738431090692757,18.766098022460938,782000,0.0,0.0
2020-05-04 00:00:00-04:00,18.194176244466032,19.105670981156546,17.800981400442637,18.882265090942383,453200,0.0,0.0
2020-05-05 00:00:00-04:00,19.68653220336664,19.775893216517485,18.078008399870384,18.337160110473633,513600,0.0,0.0
2020-05-06 00:00:00-04:00,18.462263287747575,18.578435309284764,17.434596497092944,17.79204559326172,681600,0.0,0.0
2020-05-07 00:00:00-04:00,18.185237488506285,19.76695139886605,18.176301049501536,19.17715835571289,377100,0.0,0.0
2020-05-08 00:00:00-04:00,19.83844801165335,21.33973448595804,19.436316640753496,21.22356414794922,517600,0.0,0.0
2020-05-11 00:00:00-04:00,21.053772744830898,21.053772744830898,19.579294061254895,19.615039825439453,727900,0.0,0.0
2020-05-12 00:00:00-04:00,19.659721634626134,20.06185298620609,17.93502760033071,18.06907081604004,539200,0.0,0.0
2020-05-13 00:00:00-04:00,17.908220182505833,18.408648988894335,16.826934594050762,17.148639678955078,404800,0.0,0.0
2020-05-14 00:00:00-04:00,16.460552405833624,17.89035099538038,16.18352947240312,17.658008575439453,368000,0.0,0.0
2020-05-15 00:00:00-04:00,17.52395943777013,18.408646602099875,17.309489977125203,18.265666961669922,277900,0.0,0.0
2020-05-18 00:00:00-04:00,19.56142112200801,21.61675653641484,19.373760973942936,21.455904006958008,558600,0.0,0.0
2020-05-19 00:00:00-04:00,21.357607952143212,22.2780410570357,20.329940948389755,20.80356216430664,485000,0.0,0.0
2020-05-20 00:00:00-04:00,21.545269175812397,22.08144206269592,21.28611746996026,21.57207679748535,273900,0.0,0.0
2020-05-21 00:00:00-04:00,21.446965237448772,22.18867271706581,21.295049165505446,21.652498245239258,327200,0.0,0.0
2020-05-22 00:00:00-04:00,21.75080020480738,21.875906972841413,20.973346864069892,21.732927322387695,262200,0.0,0.0
2020-05-26 00:00:00-04:00,23.109112402889618,25.79892029075603,22.698044561646658,24.869550704956055,679600,0.0,0.0
2020-05-27 00:00:00-04:00,24.99465202244287,25.70955194067477,23.779325059016674,25.057207107543945,591700,0.0,0.0
2020-05-28 00:00:00-04:00,25.4682699483384,25.727421583493335,24.1457075671071,24.440603256225586,389000,0.0,0.0
2020-05-29 00:00:00-04:00,24.13676929248116,24.619325063237543,23.269955170233676,23.484424591064453,327200,0.0,0.0
2020-06-01 00:00:00-04:00,23.546978731040227,24.136770083773254,22.805271320515274,22.83207893371582,303200,0.0,0.0
2020-06-02 00:00:00-04:00,23.314634780132337,24.59251652239611,23.109101805986086,24.199321746826172,383300,0.0,0.0
2020-06-03 00:00:00-04:00,24.84273720976338,25.798915963227856,24.708694000879238,25.638063430786133,408800,0.0,0.0
2020-06-04 00:00:00-04:00,25.200187721161004,26.13849187595293,25.10188857380975,25.736360549926758,397600,0.0,0.0
2020-06-05 00:00:00-04:00,27.4163686024463,28.998082568999322,26.692534061860762,28.747865676879883,756000,0.0,0.0
2020-06-08 00:00:00-04:00,29.05170446981849,30.508312029376768,28.167018931556434,28.292125701904297,552700,0.0,0.0
2020-06-09 00:00:00-04:00,27.61297015924448,28.694255650904516,27.058924456453244,28.345741271972656,481500,0.0,0.0
2020-06-10 00:00:00-04:00,28.0508456597558,28.149144806090547,26.24572719297085,26.281471252441406,395100,0.0,0.0
2020-06-11 00:00:00-04:00,24.047412425530318,25.843596177050486,23.520174332596206,24.976781845092773,515500,0.0,0.0
2020-06-12 00:00:00-04:00,26.37583988468079,26.743541019811428,25.24583089236273,25.828771591186523,349200,0.1,0.0
2020-06-15 00:00:00-04:00,24.61804606864319,27.33544670483448,24.61804606864319,26.761474609375,360100,0.0,0.0
2020-06-16 00:00:00-04:00,30.707540320487848,30.707540320487848,26.86909564221198,28.043947219848633,589800,0.0,0.0
2020-06-17 00:00:00-04:00,28.16053854071414,28.465461710049137,27.263706092216417,27.694185256958008,477700,0.0,0.0
2020-06-18 00:00:00-04:00,27.505845132051896,29.353319085145138,27.505845132051896,27.98116683959961,470200,0.0,0.0
2020-06-19 00:00:00-04:00,28.384746073180825,28.50133524702501,26.635923860667038,26.949813842773438,895600,0.0,0.0
2020-06-22 00:00:00-04:00,26.528295823416844,27.25472941046051,26.008133227293833,27.12020492553711,268400,0.0,0.0
2020-06-23 00:00:00-04:00,27.73005490093555,27.77489583189521,26.54623653365303,27.299575805664062,331100,0.0,0.0
2020-06-24 00:00:00-04:00,26.752508821845453,26.84219239859031,25.57765892714648,25.86464500427246,438400,0.0,0.0
2020-06-25 00:00:00-04:00,25.43416594895444,27.407196089164763,25.43416594895444,27.31751251220703,1364400,0.0,0.0
2020-06-26 00:00:00-04:00,27.138145348982615,27.53275203624525,26.28615398773708,26.96774673461914,603200,0.0,0.0
2020-06-29 00:00:00-04:00,27.487914002422677,28.851098014090837,26.7794172628114,28.56411361694336,330300,0.0,0.0
2020-06-30 00:00:00-04:00,28.34886712443033,28.761409126052577,27.927354884735223,28.617916107177734,334800,0.0,0.0
2020-07-01 00:00:00-04:00,28.653794900758772,29.389197170339695,27.487911793617798,28.32196617126465,448600,0.0,0.0
2020-07-02 00:00:00-04:00,29.353321313477405,30.93174810662516,29.353321313477405,29.954200744628906,567100,0.0,0.0
2020-07-06 00:00:00-04:00,30.644762536050266,31.039370995363303,29.53269223705441,30.716510772705078,567600,0.0,0.0
2020-07-07 00:00:00-04:00,30.214285971829273,30.904847413730515,29.801743839102144,30.68960952758789,252100,0.0,0.0
2020-07-08 00:00:00-04:00,31.048338431840182,31.523661956270672,30.312936097224284,31.120086669921875,547400,0.0,0.0
2020-07-09 00:00:00-04:00,31.120084179323314,31.344292273668376,29.299512126863483,30.27705955505371,506400,0.0,0.0
2020-07-10 00:00:00-04:00,30.581983554610833,31.86445416378588,30.330871576694864,31.792709350585938,317600,0.0,0.0
2020-07-13 00:00:00-04:00,32.34873915721185,33.0482672211957,31.281510005602712,31.416032791137695,499400,0.0,0.0
2020-07-14 00:00:00-04:00,31.290487251017332,34.23209693236893,31.27255018940608,34.00788879394531,686200,0.0,0.0
2020-07-15 00:00:00-04:00,35.03026874905982,36.85083711308601,34.53700827700429,35.84638595581055,633500,0.0,0.0
2020-07-16 00:00:00-04:00,35.69393339027485,36.563862024042834,35.09305724775294,35.622188568115234,326200,0.0,0.0
2020-07-17 00:00:00-04:00,35.82845235295699,35.82845235295699,35.012335067561374,35.164794921875,461400,0.0,0.0
2020-07-20 00:00:00-04:00,35.15582921184505,35.29035201321844,34.04375557964773,34.42939376831055,411300,0.0,0.0
2020-07-21 00:00:00-04:00,34.99439980143358,35.32622682338593,34.734317590729084,35.09305191040039,392400,0.0,0.0
2020-07-22 00:00:00-04:00,35.5414590847386,37.35306043941338,35.25447307024984,37.3082160949707,645000,0.0,0.0
2020-07-23 00:00:00-04:00,37.388934264150045,38.070528671637746,36.56385025851524,37.78354263305664,551500,0.0,0.0
2020-07-24 00:00:00-04:00,37.657986366125535,37.657986366125535,36.82393212909601,37.18266296386719,259400,0.0,0.0
2020-07-27 00:00:00-04:00,37.254408206313855,37.38893097567385,36.35757605934131,37.227500915527344,321100,0.0,0.0
2020-07-28 00:00:00-04:00,37.021241682143625,37.86426635739044,36.83290769257989,37.46965789794922,355700,0.0,0.0
2020-07-29 00:00:00-04:00,38.11537581292022,38.83284102634639,37.06608357974895,38.536888122558594,330100,0.0,0.0
2020-07-30 00:00:00-04:00,37.90911251051113,39.012216142627366,35.362107917457024,36.23203659057617,590200,0.0,0.0
2020-07-31 00:00:00-04:00,36.36655111454813,36.99433444388527,33.53256102490474,34.18724822998047,977500,0.0,0.0
2020-08-03 00:00:00-04:00,34.608762942371115,35.90020038502603,34.50114401076924,35.7208366394043,428700,0.0,0.0
2020-08-04 00:00:00-04:00,36.043690691505006,37.137827246490076,35.38900349059975,35.92710494995117,373700,0.0,0.0
2020-08-05 00:00:00-04:00,36.40241727037012,36.99432635520772,35.478681246448325,36.96742248535156,344900,0.0,0.0
2020-08-06 00:00:00-04:00,36.62663615576785,37.227512234790964,36.42933192867647,37.14679718017578,324400,0.0,0.0
2020-08-07 00:00:00-04:00,36.886710865134035,37.0391707032727,35.864322662353516,35.864322662353516,295600,0.0,0.0
2020-08-10 00:00:00-04:00,36.16027157104711,36.33963868307701,35.406932437436,35.6042366027832,343900,0.0,0.0
2020-08-11 00:00:00-04:00,36.097505609768824,38.50998363505822,35.98988667518804,37.63108825683594,379800,0.0,0.0
2020-08-12 00:00:00-04:00,38.10639951092421,41.70269492260266,37.92703239692095,40.787925720214844,930000,0.0,0.0
2020-08-13 00:00:00-04:00,39.19157312904787,41.42468369347277,39.11085808327686,40.68928146362305,580000,0.0,0.0
2020-08-14 00:00:00-04:00,40.39333449729562,40.44714225493408,38.886655702821415,39.57721710205078,524800,0.0,0.0
2020-08-17 00:00:00-04:00,39.57721157593679,40.267772878744,39.39784442618336,39.46958923339844,316900,0.0,0.0
2020-08-18 00:00:00-04:00,39.5861674695378,40.64442959778216,39.1467216661143,40.15117263793945,412500,0.0,0.0
2020-08-19 00:00:00-04:00,40.249837164250025,40.42023408057052,39.25435269999921,39.33506774902344,310700,0.0,0.0
2020-08-20 00:00:00-04:00,38.931504392912174,40.35746841370903,38.770074245565745,39.478572845458984,375100,0.0,0.0
2020-08-21 00:00:00-04:00,38.958400989665094,39.51443958035661,37.67593029294348,38.61760711669922,424300,0.0,0.0
2020-08-24 00:00:00-04:00,39.13775511364301,39.451648423921945,37.76560299664509,38.67140197753906,236200,0.0,0.0
2020-08-25 00:00:00-04:00,39.04807780114599,39.04807780114599,38.0256895621881,38.39339065551758,183900,0.0,0.0
2020-08-26 00:00:00-04:00,38.518951418803255,38.518951418803255,36.93155769510656,37.317195892333984,286800,0.0,0.0
2020-08-27 00:00:00-04:00,38.11537109748048,39.47855654491583,37.891163032201185,38.65346908569336,292700,0.0,0.0
2020-08-28 00:00:00-04:00,38.78799528753366,39.953876542583416,38.5637872222878,39.53236770629883,280500,0.0,0.0
2020-08-31 00:00:00-04:00,39.17363880448239,39.21847973945091,37.675926944296535,37.9001350402832,307100,0.0,0.0
2020-09-01 00:00:00-04:00,37.64005221783175,40.258800856344024,37.48758894989443,40.24086380004883,250900,0.0,0.0
2020-09-02 00:00:00-04:00,40.25878944985063,40.339504469738245,38.68933339070253,39.10187530517578,267400,0.0,0.0
2020-09-03 00:00:00-04:00,38.958400867191884,39.04808616596229,36.357588783448215,37.514503479003906,567600,0.0,0.0
2020-09-04 00:00:00-04:00,38.37545332174133,38.787995341291015,36.46519964527894,38.23196029663086,258100,0.0,0.0
2020-09-08 00:00:00-04:00,37.711786337015994,40.68030160050179,37.28130737132964,39.10187530517578,293400,0.0,0.0
2020-09-09 00:00:00-04:00,39.532373564227036,40.016660456850865,38.73418985991589,39.864200592041016,203300,0.0,0.0
2020-09-10 00:00:00-04:00,40.187060356262464,41.00317768880818,37.78354929359384,37.9001350402832,251400,0.0,0.0
2020-09-11 00:00:00-04:00,38.375457257136176,38.42926500885584,36.321710344952,36.41139221191406,308200,0.0,0.0
2020-09-14 00:00:00-04:00,37.23851895648311,37.49924336661501,36.186635786049116,37.15760803222656,285800,0.1,0.0
2020-09-15 00:00:00-04:00,38.29938318194913,38.80285050463271,37.37336629607541,38.2364501953125,270900,0.0,0.0
2020-09-16 00:00:00-04:00,38.38030114915043,38.38030114915043,36.13268447171993,36.753028869628906,279700,0.0,0.0
2020-09-17 00:00:00-04:00,36.213608423713595,36.905874955704306,35.55730459121139,36.411399841308594,236200,0.0,0.0
2020-09-18 00:00:00-04:00,36.681097706519,36.88787799669023,35.23363224573004,35.377479553222656,639700,0.0,0.0
2020-09-21 00:00:00-04:00,34.253685715882746,35.233646979722955,33.840124962597606,34.32561111450195,368600,0.0,0.0
2020-09-22 00:00:00-04:00,34.72118336759918,36.114705097740554,34.57733602957667,35.656192779541016,229300,0.0,0.0
2020-09-23 00:00:00-04:00,35.898934469816325,36.5462491816286,35.14373511589897,35.16171646118164,296100,0.0,0.0
2020-09-24 00:00:00-04:00,34.80209904457549,34.92796504147445,33.71425329470167,34.3885383605957,482400,0.0,0.0
2020-09-25 00:00:00-04:00,34.091852085391736,35.296574901909196,34.091852085391736,35.06282424926758,501800,0.0,0.0
2020-09-28 00:00:00-04:00,35.84499165363245,36.860915404329965,35.74609596600821,36.78899002075195,280700,0.0,0.0
2020-09-29 00:00:00-04:00,36.93284456142491,36.93284456142491,35.521337916013444,36.1866340637207,425200,0.0,0.0
2020-09-30 00:00:00-04:00,36.2675492236273,36.95981569359577,35.512349749988196,36.10572052001953,346100,0.0,0.0
2020-10-01 00:00:00-04:00,36.53726264471576,37.445301864139964,35.8449961736432,37.36438751220703,241300,0.0,0.0
2020-10-02 00:00:00-04:00,36.30350648176336,39.11752016605434,36.25855483295956,39.06357955932617,257300,0.0,0.0
2020-10-05 00:00:00-04:00,39.49513007651529,41.185339186767685,39.49513007651529,40.84370040893555,240100,0.0,0.0
2020-10-06 00:00:00-04:00,41.80566742543384,42.11134341045935,40.124451222588874,40.825706481933594,575300,0.0,0.0
2020-10-07 00:00:00-04:00,41.70677463505294,42.012450641227474,39.656949316936,40.43013000488281,415000,0.0,0.0
2020-10-08 00:00:00-04:00,40.906617339741324,40.96955032281985,36.95081121417195,37.697021484375,920900,0.0,0.0
2020-10-09 00:00:00-04:00,38.17351241012914,38.623035646507276,37.11263729790955,37.310428619384766,350100,0.0,0.0
2020-10-12 00:00:00-04:00,37.400346487968925,37.77794793724875,36.375433657853115,36.510292053222656,421400,0.0,0.0
2020-10-13 00:00:00-04:00,36.132687656049825,36.98678275466196,35.512346633061824,35.548309326171875,425100,0.0,0.0
2020-10-14 00:00:00-04:00,35.970857528349306,36.096726949201575,35.197680234945906,35.305564880371094,223300,0.0,0.0
2020-10-15 00:00:00-04:00,34.748157248141354,37.67904805883031,34.73916486033198,37.04072570800781,322600,0.0,0.0
2020-10-16 00:00:00-04:00,36.833944857191405,36.833944857191405,35.37748671566838,35.58427047729492,225800,0.0,0.0
2020-10-19 00:00:00-04:00,36.43836054161161,37.220533616049046,35.43142922862367,35.593257904052734,244700,0.0,0.0
2020-10-20 00:00:00-04:00,35.93490890658163,36.753041521619416,35.638221756824606,36.14168930053711,159400,0.0,0.0
2020-10-21 00:00:00-04:00,36.63616828714261,37.598148382523505,36.63616828714261,37.09468078613281,202000,0.0,0.0
2020-10-22 00:00:00-04:00,37.40033165160806,37.59812297179703,35.853974060644624,36.42936325073242,234900,0.0,0.0
2020-10-23 00:00:00-04:00,36.90586089893017,37.06768955539906,35.10776776446741,35.49435806274414,201300,0.0,0.0
2020-10-26 00:00:00-04:00,34.99089050292969,35.54830183997537,33.93900767291302,34.99089050292969,346400,0.0,0.0
2020-10-27 00:00:00-04:00,34.66725118440686,35.38648804931325,32.43761518840111,32.45559310913086,680800,0.0,0.0
2020-10-28 00:00:00-04:00,31.529566648335884,33.435544640891344,31.169946606152184,33.300689697265625,753900,0.0,0.0
2020-10-29 00:00:00-04:00,33.17483033084899,33.957000134637624,30.612544735609347,33.030982971191406,617500,0.0,0.0
2020-10-30 00:00:00-04:00,32.92308439763555,32.92308439763555,31.32278260222905,32.419620513916016,230200,0.0,0.0
2020-11-02 00:00:00-05:00,32.824193755340275,34.23570024020098,32.55448042922593,34.199737548828125,215100,0.0,0.0
2020-11-03 00:00:00-05:00,34.9279670715332,35.512348867776204,34.352577663929175,34.9279670715332,199800,0.0,0.0
2020-11-04 00:00:00-05:00,34.04690108518923,34.838063223188506,33.80415803956702,34.50541687011719,186700,0.0,0.0
2020-11-05 00:00:00-05:00,34.883000065056066,36.92383582982106,34.883000065056066,36.11469268798828,223000,0.0,0.0
2020-11-06 00:00:00-05:00,36.285524058529795,36.40240108562082,35.0628200416753,35.08979034423828,141500,0.0,0.0
2020-11-09 00:00:00-05:00,37.7599733093368,38.74892361941117,36.4293841852255,36.49231719970703,242500,0.0,0.0
2020-11-10 00:00:00-05:00,36.762025248973046,38.02069221427484,35.63821668337914,37.75996780395508,244900,0.0,0.0
2020-11-11 00:00:00-05:00,37.85885647254909,37.85885647254909,36.051770714246814,37.17557907104492,117600,0.0,0.0
2020-11-12 00:00:00-05:00,36.780008459221186,36.99578122375701,34.63128692178115,35.35951614379883,208500,0.0,0.0
2020-11-13 00:00:00-05:00,35.566288863592945,36.92384787832668,35.20666880996746,36.213600158691406,149400,0.0,0.0
2020-11-16 00:00:00-05:00,36.88787896583069,38.41625879158814,36.05176539731603,37.741973876953125,177100,0.0,0.0
2020-11-17 00:00:00-05:00,38.47021155703975,38.47021155703975,37.1396227681647,38.16453552246094,213000,0.0,0.0
2020-11-18 00:00:00-05:00,38.29937595273113,39.43217635754924,37.7149978400398,37.93076705932617,193300,0.0,0.0
2020-11-19 00:00:00-05:00,37.85885102531818,38.32635564603131,36.6721098456581,37.2115364074707,161900,0.0,0.0
2020-11-20 00:00:00-05:00,36.869898791895295,37.40932879845598,36.06974788323367,36.22258758544922,183800,0.0,0.0
2020-11-23 00:00:00-05:00,36.61817540979149,38.353335991921895,36.56423136764339,38.28141403198242,199900,0.0,0.0
2020-11-24 00:00:00-05:00,38.865787621510705,40.87066130928266,38.36232024532398,40.502052307128906,286900,0.0,0.0
2020-11-25 00:00:00-05:00,40.23234057859116,40.268303270366616,37.92179079067958,38.578094482421875,126400,0.0,0.0
2020-11-27 00:00:00-05:00,38.46120456838321,38.632025582313545,37.60711321709115,38.0836067199707,52200,0.0,0.0
2020-11-30 00:00:00-05:00,38.029672877843154,38.0656355671991,36.18662791823625,36.303504943847656,152800,0.0,0.0
2020-12-01 00:00:00-05:00,36.923849829802236,38.12857261465053,36.582211103761054,37.813907623291016,125400,0.0,0.0
2020-12-02 00:00:00-05:00,36.84293543640103,38.24544960230825,36.42038236605392,37.91279983520508,154400,0.0,0.0
2020-12-03 00:00:00-05:00,37.98472749631318,39.063584347807215,37.06769934402282,37.94876480102539,133300,0.0,0.0
2020-12-04 00:00:00-05:00,38.2724159088386,39.558052902538364,37.4452946307164,39.35127258300781,111300,0.0,0.0
2020-12-07 00:00:00-05:00,39.72887580216936,39.79180880213058,38.91074337308218,39.59402084350586,204300,0.0,0.0
2020-12-08 00:00:00-05:00,39.08156589350741,39.55805960491555,38.03867173201602,38.29939270019531,205100,0.0,0.0
2020-12-09 00:00:00-05:00,38.45222871634084,39.4861303890166,38.3353516821806,38.9287223815918,211200,0.0,0.0
2020-12-10 00:00:00-05:00,38.4791969256352,38.65001798847512,37.454284266959206,37.50822830200195,115900,0.0,0.0
2020-12-11 00:00:00-05:00,37.004755333637675,37.804906203004066,36.9058596658121,37.292449951171875,110700,0.0,0.0
2020-12-14 00:00:00-05:00,38.15762705118426,38.59922604112303,35.886553898382616,36.102848052978516,283300,0.1,0.0
2020-12-15 00:00:00-05:00,36.34618147775812,37.98640057506074,36.129887300607756,36.6075325012207,285500,0.0,0.0
2020-12-16 00:00:00-05:00,36.80580142522888,37.1753012516697,35.670266463299306,36.29210662841797,382200,0.0,0.0
2020-12-17 00:00:00-05:00,36.283088957499814,37.085177054420164,35.607174455447534,36.968017578125,257300,0.0,0.0
2020-12-18 00:00:00-05:00,36.99505288139703,37.60788230202787,35.28273821376998,35.59816360473633,1229100,0.0,0.0
2020-12-21 00:00:00-05:00,34.97632852365079,36.04877844474538,34.39954518071616,35.70631408691406,306000,0.0,0.0
2020-12-22 00:00:00-05:00,35.823469631767104,35.823469631767104,34.138190387797025,34.3454704284668,239200,0.0,0.0
2020-12-23 00:00:00-05:00,34.65188333913308,34.79607829197551,33.92189445656141,34.417564392089844,170200,0.0,0.0
2020-12-24 00:00:00-05:00,34.453625085406685,34.895224204508516,34.00301528292235,34.43560028076172,93100,0.0,0.0
2020-12-28 00:00:00-05:00,34.73301045314732,35.08448561027226,34.03005670101688,34.33647155761719,227400,0.0,0.0
2020-12-29 00:00:00-05:00,34.678930357790556,34.77806506545887,33.56141996088233,34.42658996582031,277400,0.0,0.0
2020-12-30 00:00:00-05:00,34.52571406028606,36.59851784914187,34.52571406028606,35.24668884277344,217000,0.0,0.0
2020-12-31 00:00:00-05:00,34.95830202575636,35.20163168099792,33.84078843552246,34.760032653808594,300800,0.0,0.0
2021-01-04 00:00:00-05:00,35.120521436095444,36.634570316833674,33.822763288103125,34.77805709838867,269200,0.0,0.0
2021-01-05 00:00:00-05:00,34.751020302069705,36.02173948200399,33.99399589032933,35.69729995727539,229800,0.0,0.0
2021-01-06 00:00:00-05:00,36.41827383815478,38.33787201848367,35.97667484347669,38.13960266113281,316200,0.0,0.0
2021-01-07 00:00:00-05:00,38.31083945566128,39.121938381307,38.004424687959514,38.87860870361328,257900,0.0,0.0
2021-01-08 00:00:00-05:00,39.17600460885813,39.22106488690087,37.878246598802434,38.563175201416016,232600,0.0,0.0
2021-01-11 00:00:00-05:00,37.97739296865293,39.40132157088957,37.97739296865293,39.22107696533203,139400,0.0,0.0
2021-01-12 00:00:00-05:00,39.284151807946344,41.26683507581461,39.284151807946344,40.53684616088867,239300,0.0,0.0
2021-01-13 00:00:00-05:00,40.2033985355116,40.2304340177611,37.96837480540035,38.88761901855469,202900,0.0,0.0
2021-01-14 00:00:00-05:00,39.10390905188829,42.43842150547498,39.01378848741804,41.825592041015625,497400,0.0,0.0
2021-01-15 00:00:00-05:00,41.9067006111145,44.105674631351576,41.36597036547755,43.25852966308594,679100,0.0,0.0
2021-01-19 00:00:00-05:00,43.84432314841818,44.19579814803018,42.222125553472004,42.9431037902832,333600,0.0,0.0
2021-01-20 00:00:00-05:00,43.18643471899602,44.349008643340824,43.09631414846919,43.58297348022461,195800,0.0,0.0
2021-01-21 00:00:00-05:00,43.438775899386286,43.9885202851151,42.98816619801896,43.357666015625,143700,0.0,0.0
2021-01-22 00:00:00-05:00,42.77186892299268,43.10532255306516,41.014490527689055,42.28520965576172,282500,0.0,0.0
2021-01-25 00:00:00-05:00,41.888678334918424,42.24916747898118,38.68935007340871,39.72575378417969,256500,0.0,0.0
2021-01-26 00:00:00-05:00,40.23944988247767,42.411388622961496,39.302180827876676,39.824886322021484,233000,0.0,0.0
2021-01-27 00:00:00-05:00,38.76144817031126,38.86058286278369,35.62520480474091,37.55381393432617,592100,0.0,0.0
2021-01-28 00:00:00-05:00,37.86924912448482,38.94169924256451,35.95866447858787,38.6442985534668,390500,0.0,0.0
2021-01-29 00:00:00-05:00,38.64428796279274,38.752433325746814,36.147909868565414,36.88690948486328,335800,0.0,0.0
2021-02-01 00:00:00-05:00,37.20234171465093,38.71639082516623,37.1572814249803,38.29281997680664,186100,0.0,0.0
2021-02-02 00:00:00-05:00,39.11293159355661,40.131307255306055,37.28345348751805,37.689002990722656,372000,0.0,0.0
2021-02-03 00:00:00-05:00,37.76109195316644,38.55416250196645,36.517408293718795,37.98639678955078,248100,0.0,0.0
2021-02-04 00:00:00-05:00,37.87824869043279,38.617248292353565,37.3915928476677,37.94133377075195,611800,0.0,0.0
2021-02-05 00:00:00-05:00,38.50009000972755,39.311185325713865,37.130236246465756,38.734405517578125,244600,0.0,0.0
2021-02-08 00:00:00-05:00,38.98675595203482,40.663024853559875,38.96873458649302,40.32957458496094,268500,0.0,0.0
2021-02-09 00:00:00-05:00,40.311552919990106,41.69943195058332,40.07723733302709,41.032527923583984,230900,0.0,0.0
2021-02-10 00:00:00-05:00,41.122641765896645,43.6550660538689,40.473762704382175,42.177066802978516,612400,0.0,0.0
2021-02-11 00:00:00-05:00,42.663730263796474,43.48383985198717,41.780535587120305,42.68175506591797,317400,0.0,0.0
2021-02-12 00:00:00-05:00,42.123002267168,42.44743840955062,40.87931835545576,41.555233001708984,228000,0.0,0.0
2021-02-16 00:00:00-05:00,42.07793648243999,43.709144986586324,39.74377788069267,39.770816802978516,301800,0.0,0.0
2021-02-17 00:00:00-05:00,38.554180633875454,39.02281532649776,35.78743621691498,37.184326171875,715500,0.0,0.0
2021-02-18 00:00:00-05:00,38.09455614218421,38.57220147065748,35.4629928988313,35.49904251098633,577300,0.0,0.0
2021-02-19 00:00:00-05:00,35.372869040749286,37.74307753398422,35.372869040749286,37.17530822753906,442300,0.0,0.0
2021-02-22 00:00:00-05:00,36.89592327563368,39.88797159327693,36.75172830024892,39.13094711303711,571100,0.0,0.0
2021-02-23 00:00:00-05:00,38.62626094582102,39.68068590933583,37.18430795838027,37.49973678588867,673500,0.0,0.0
2021-02-24 00:00:00-05:00,37.35555393176281,39.71674837325217,37.20234480868495,39.671688079833984,579000,0.0,0.0
2021-02-25 00:00:00-05:00,40.01415035305309,41.98781997716418,39.32922155344388,40.104270935058594,677800,0.0,0.0
2021-02-26 00:00:00-05:00,39.96007402400581,42.095963343559696,39.725758459305084,41.555233001708984,692300,0.0,0.0
2021-03-01 00:00:00-05:00,42.35731912859316,43.25853868452068,41.338940067788734,42.852989196777344,522700,0.0,0.0
2021-03-02 00:00:00-05:00,42.880017499072146,43.123343693562155,42.08694352370809,42.64569854736328,316500,0.0,0.0
2021-03-03 00:00:00-05:00,43.11433506182106,43.74518931225253,42.10497032385817,42.726810455322266,301500,0.0,0.0
2021-03-04 00:00:00-05:00,42.3302815318028,43.00619616505298,40.51882838947973,42.104976654052734,426600,0.0,0.0
2021-03-05 00:00:00-05:00,42.78088461275206,43.32161485983718,41.23979687658924,43.078285217285156,491100,0.0,0.0
2021-03-08 00:00:00-05:00,43.51087515669398,45.376399195077205,43.33063401198174,45.069984436035156,552900,0.0,0.0
2021-03-09 00:00:00-05:00,45.43046976652941,45.77293410075901,43.94345638301286,45.07899475097656,390500,0.0,0.0
2021-03-10 00:00:00-05:00,45.06097346718181,48.224252291911014,45.042948665249405,47.6474723815918,304600,0.0,0.0
2021-03-11 00:00:00-05:00,47.50327395582555,48.656837130608125,46.80933460225736,47.62944412231445,317100,0.0,0.0
2021-03-12 00:00:00-05:00,47.93643990126031,48.622663554688934,47.11477569198831,47.90032196044922,438500,0.1,0.0
2021-03-15 00:00:00-04:00,47.71071347328563,48.47820086038654,46.88001796023356,48.21635437011719,306100,0.0,0.0
2021-03-16 00:00:00-04:00,47.90935566500702,50.049293825855045,47.64750574707296,49.164424896240234,493600,0.0,0.0
2021-03-17 00:00:00-04:00,48.98383695230908,50.220847169899514,48.31566881290904,49.73326873779297,451400,0.0,0.0
2021-03-18 00:00:00-04:00,49.94094129547337,50.62716495517258,48.080908659462615,48.306640625,212500,0.0,0.0
2021-03-19 00:00:00-04:00,48.947725541185704,48.947725541185704,47.39469173962564,47.49401092529297,505200,0.0,0.0
2021-03-22 00:00:00-04:00,47.35856606995928,48.32469858673847,44.812309827405265,46.35631561279297,186200,0.0,0.0
2021-03-23 00:00:00-04:00,45.597853289155445,45.77843953561549,44.5053114924466,44.53239822387695,294100,0.0,0.0
2021-03-24 00:00:00-04:00,44.97483806444169,45.715238636030236,42.95227813720703,42.95227813720703,165300,0.0,0.0
2021-03-25 00:00:00-04:00,42.49179279048204,45.48048225695944,42.21188387135219,45.20057678222656,191600,0.0,0.0
2021-03-26 00:00:00-04:00,45.69718406975698,47.03351702152731,44.78522491201037,46.80778503417969,336500,0.0,0.0
2021-03-29 00:00:00-04:00,46.61817442800851,48.02673992847878,44.55046844482422,44.55046844482422,235700,0.0,0.0
2021-03-30 00:00:00-04:00,44.55046034041565,46.247965666033565,44.24346473306343,45.74232482910156,274700,0.0,0.0
2021-03-31 00:00:00-04:00,45.72427714285229,46.7897325463438,44.740085403843935,44.75814437866211,343100,0.0,0.0
2021-04-01 00:00:00-04:00,44.58657743587165,44.92065977023438,42.780721766716496,44.35181427001953,323800,0.0,0.0
2021-04-05 00:00:00-04:00,44.81230707340927,45.615912253456216,44.135111232552255,45.399208068847656,188900,0.0,0.0
2021-04-06 00:00:00-04:00,45.27280054078974,45.86873276680826,43.999672446823084,45.13736343383789,171300,0.0,0.0
2021-04-07 00:00:00-04:00,44.812305634366325,45.11930121013891,44.243460181882654,44.50531005859375,266000,0.0,0.0
2021-04-08 00:00:00-04:00,44.676871601831465,45.4624179020162,43.674621092425134,45.308921813964844,134700,0.0,0.0
2021-04-09 00:00:00-04:00,45.32697882231302,46.3021391105916,44.487255645086144,46.0312614440918,219300,0.0,0.0
2021-04-12 00:00:00-04:00,46.03126751467497,46.25699950726032,44.54143843024985,44.84843063354492,298100,0.0,0.0
2021-04-13 00:00:00-04:00,44.613662640789855,44.8032766529022,43.88228987984712,44.171226501464844,241100,0.0,0.0
2021-04-14 00:00:00-04:00,44.01772759177468,45.3901781782201,44.01772759177468,44.694923400878906,422600,0.0,0.0
2021-04-15 00:00:00-04:00,45.07416370684759,45.507572174072266,43.84618453103415,45.507572174072266,172000,0.0,0.0
2021-04-16 00:00:00-04:00,45.97708485040607,46.934189619334965,44.92968867348612,45.588829040527344,132200,0.0,0.0
2021-04-19 00:00:00-04:00,45.60689162547067,45.60689162547067,44.36988123367182,45.20057678222656,268800,0.0,0.0
2021-04-20 00:00:00-04:00,45.17348007798914,46.10349812306904,43.11480564370097,43.665592193603516,172300,0.0,0.0
2021-04-21 00:00:00-04:00,43.83714960093578,44.7581364879114,42.672371763490446,44.62269592285156,190100,0.0,0.0
2021-04-22 00:00:00-04:00,44.938725420157915,45.543685505938775,44.20735252545268,44.28861618041992,256800,0.0,0.0
2021-04-23 00:00:00-04:00,44.532401181740916,46.32019790720977,43.575296423008616,45.76038360595703,156500,0.0,0.0
2021-04-26 00:00:00-04:00,46.202826437381106,47.051581004610405,45.534661612537974,45.733306884765625,209500,0.0,0.0
2021-04-27 00:00:00-04:00,45.76038776376368,46.789725052766,45.7333010280731,46.013206481933594,140100,0.0,0.0
2021-04-28 00:00:00-04:00,46.229905139294836,46.58204643849733,44.82133649808858,46.139610290527344,148600,0.0,0.0
2021-04-29 00:00:00-04:00,47.59332709225306,47.59332709225306,44.740075167351065,46.112525939941406,355600,0.0,0.0
2021-04-30 00:00:00-04:00,46.20282492292906,46.78070174643154,44.03579975128361,44.55046844482422,340200,0.0,0.0
2021-05-03 00:00:00-04:00,44.947757888709084,46.26603547886433,44.42406140308347,45.931949615478516,310600,0.0,0.0
2021-05-04 00:00:00-04:00,46.03126468277462,48.10799819791716,45.435332396787686,47.95450210571289,393600,0.0,0.0
2021-05-05 00:00:00-04:00,48.43305010557574,48.43305010557574,46.600107642662195,46.86195755004883,260700,0.0,0.0
2021-05-06 00:00:00-04:00,46.7445796082145,47.94547197067658,45.751356813077805,47.28633499145508,180300,0.0,0.0
2021-05-07 00:00:00-04:00,47.00642974717454,47.00642974717454,45.940974503538165,46.57302474975586,160900,0.0,0.0
2021-05-10 00:00:00-04:00,46.54593012183671,47.54818058952394,45.9138799360127,46.18476104736328,265400,0.0,0.0
2021-05-11 00:00:00-04:00,45.290853776089435,45.290853776089435,43.46693938935667,43.95452117919922,215900,0.0,0.0
2021-05-12 00:00:00-04:00,43.5482163455236,44.1983255975621,43.1328702986754,43.5211296081543,296400,0.0,0.0
2021-05-13 00:00:00-04:00,43.74684928403354,44.758127378974656,43.232180752583396,44.306663513183594,158200,0.0,0.0
2021-05-14 00:00:00-04:00,44.803281457922836,45.98611824754857,44.21638038924177,45.832618713378906,124500,0.0,0.0
2021-05-17 00:00:00-04:00,45.633986791935484,46.7175011958592,44.97484969527792,46.654293060302734,156000,0.0,0.0
2021-05-18 00:00:00-04:00,46.68137036512859,46.96127579320306,45.25474271397551,45.31794738769531,165600,0.0,0.0
2021-05-19 00:00:00-04:00,44.198321328565434,44.49628574403889,42.437611237287996,43.55724334716797,338000,0.0,0.0
2021-05-20 00:00:00-04:00,43.737829294871744,43.855210894512005,42.60916934093764,43.30442428588867,183000,0.0,0.0
2021-05-21 00:00:00-04:00,43.8913278810001,44.11705986685639,43.349569048306954,43.80103302001953,162200,0.0,0.0
2021-05-24 00:00:00-04:00,43.999671472131666,44.35181276456057,43.394711496809435,43.593353271484375,142600,0.0,0.0
2021-05-25 00:00:00-04:00,43.68365138659375,44.96580731078388,43.31345109706315,43.35859680175781,193000,0.0,0.0
2021-05-26 00:00:00-04:00,43.99966468617156,44.38792385753246,43.602377753698036,43.96354675292969,98800,0.0,0.0
2021-05-27 00:00:00-04:00,44.37890292737404,44.694926280894606,44.06287612945726,44.171226501464844,119700,0.0,0.0
2021-05-28 00:00:00-04:00,44.351823156114214,44.532409448090306,43.096753765695794,43.5482177734375,132800,0.0,0.0
2021-06-01 00:00:00-04:00,43.99968266779648,46.563998421217605,43.83715534618269,46.19379806518555,287900,0.0,0.0
2021-06-02 00:00:00-04:00,46.2299016128467,46.2299016128467,43.15994587685607,43.50305938720703,335000,0.0,0.0
2021-06-03 00:00:00-04:00,43.421806978604316,44.099002968012115,43.12383908995436,43.5211296081543,195600,0.0,0.0
2021-06-04 00:00:00-04:00,43.71975709572564,43.71975709572564,42.71751025313562,43.006446838378906,232000,0.0,0.0
2021-06-07 00:00:00-04:00,42.97936152622256,43.078684134457,42.22090204308234,43.06965637207031,187200,0.0,0.0
2021-06-08 00:00:00-04:00,43.259273991414695,43.43082904624612,42.5279011788032,43.37665557861328,151600,0.0,0.0
2021-06-09 00:00:00-04:00,43.34054088332577,43.34054088332577,42.11255834052807,42.25702667236328,145400,0.0,0.0
2021-06-10 00:00:00-04:00,42.6904274436022,42.925190612352296,41.877794449088846,42.00420379638672,186300,0.0,0.0
2021-06-11 00:00:00-04:00,42.18479739663174,42.62723018917927,41.98615213379171,42.15770721435547,111400,0.0,0.0
2021-06-14 00:00:00-04:00,42.30254282524855,42.682751515036166,41.0623451138358,41.34297180175781,166100,0.12,0.0
2021-06-15 00:00:00-04:00,41.587383271013344,41.7503293290024,40.26571275912107,41.17096710205078,179400,0.0,0.0
2021-06-16 00:00:00-04:00,41.01708787332613,41.397293154282515,40.31098692497924,41.22529602050781,119100,0.0,0.0
2021-06-17 00:00:00-04:00,41.10761135878767,41.10761135878767,39.378575206253196,39.849308013916016,255100,0.0,0.0
2021-06-18 00:00:00-04:00,39.10699986857242,40.19330609194682,39.10699986857242,39.7044677734375,717700,0.0,0.0
2021-06-21 00:00:00-04:00,40.057500887970065,41.26149070782261,39.9488713440033,40.338130950927734,278500,0.0,0.0
2021-06-22 00:00:00-04:00,40.44677422770243,40.44677422770243,39.0979434068382,40.08467102050781,293900,0.0,0.0
2021-06-23 00:00:00-04:00,40.338141775282544,40.519189912719376,39.686357430039955,40.13898468017578,170100,0.0,0.0
2021-06-24 00:00:00-04:00,40.33814174375234,40.437716837956025,39.77688146766688,40.38340377807617,222900,0.0,0.0
2021-06-25 00:00:00-04:00,40.73645511886254,42.103387982300205,40.73645511886254,41.478763580322266,699000,0.0,0.0
2021-06-28 00:00:00-04:00,41.33391639859965,41.33391639859965,39.55056409825361,40.066558837890625,261800,0.0,0.0
2021-06-29 00:00:00-04:00,40.274773650979185,40.9265545334738,39.46909425670264,39.76782989501953,182900,0.0,0.0
2021-06-30 00:00:00-04:00,39.469094174807864,40.60971676003244,39.23372952808713,40.5010871887207,263500,0.0,0.0
2021-07-01 00:00:00-04:00,40.83604027653175,42.356868456503015,40.654988644959424,42.25728988647461,273100,0.0,0.0
2021-07-02 00:00:00-04:00,42.356857287057196,42.68274944729553,41.886124550409804,42.2844352722168,207000,0.0,0.0
2021-07-06 00:00:00-04:00,42.121499192083974,42.365918370289826,39.83120595473399,39.921730041503906,294100,0.0,0.0
2021-07-07 00:00:00-04:00,39.58677324917195,40.745497739582746,39.58677324917195,40.17518997192383,211000,0.0,0.0
2021-07-08 00:00:00-04:00,39.33330843340483,40.84508177998609,38.31942436759642,40.1118278503418,338800,0.0,0.0
2021-07-09 00:00:00-04:00,40.89939643020969,42.47453724334234,40.89939643020969,42.40211868286133,211800,0.0,0.0
2021-07-12 00:00:00-04:00,42.040019468384955,43.72379346026048,42.040019468384955,43.09011459350586,234400,0.0,0.0
2021-07-13 00:00:00-04:00,42.74611816047623,43.434110054042264,42.25727990666067,43.0267448425293,180300,0.0,0.0
2021-07-14 00:00:00-04:00,43.18063991244011,44.21262947968256,42.98148281936812,43.09916687011719,199200,0.0,0.0
2021-07-15 00:00:00-04:00,43.02674860683553,44.42989595294615,42.97243554272997,43.27116775512695,241300,0.0,0.0
2021-07-16 00:00:00-04:00,43.7962170248747,43.7962170248747,41.904234837113115,42.1667594909668,292500,0.0,0.0
2021-07-19 00:00:00-04:00,41.25244013104531,41.913275386991444,40.15708320488546,41.17096710205078,254600,0.0,0.0
2021-07-20 00:00:00-04:00,41.42444717579223,44.30315695491321,41.17097700385799,43.90484619140625,252800,0.0,0.0
2021-07-21 00:00:00-04:00,44.16736439032022,46.213237879060046,44.01346934179135,44.64714813232422,314700,0.0,0.0
2021-07-22 00:00:00-04:00,44.348420824965274,44.592836508529125,43.714741965013715,43.96821212768555,132700,0.0,0.0
2021-07-23 00:00:00-04:00,44.35747116659157,44.466100741307905,43.40695461796185,44.33031463623047,303100,0.0,0.0
2021-07-26 00:00:00-04:00,44.89157521238028,45.26272945578684,44.09495020704221,44.674312591552734,167800,0.0,0.0
2021-07-27 00:00:00-04:00,44.64715892818036,45.823989279005495,44.21263711187289,45.6972541809082,254500,0.0,0.0
2021-07-28 00:00:00-04:00,46.41240072626459,47.779333563581815,44.73767775363895,45.588619232177734,258100,0.0,0.0
2021-07-29 00:00:00-04:00,47.9784926279868,49.32732346847751,45.16315033823611,48.3949089050293,815200,0.0,0.0
2021-07-30 00:00:00-04:00,48.195756261325336,49.7890028325264,48.1595452486618,49.38163757324219,451200,0.0,0.0
2021-08-02 00:00:00-04:00,49.78900587505504,52.504769831876224,49.64416526882214,50.84815216064453,731600,0.0,0.0
2021-08-03 00:00:00-04:00,51.137824816956964,51.472767992722474,49.30921043441098,49.39973449707031,469000,0.0,0.0
2021-08-04 00:00:00-04:00,48.86563519850795,49.381629962990075,46.00503125111148,46.149871826171875,459400,0.0,0.0
2021-08-05 00:00:00-04:00,46.330931120367545,47.761231605511746,46.330931120367545,47.08229064941406,354100,0.0,0.0
2021-08-06 00:00:00-04:00,47.779337352160496,48.53975136494191,46.66587459295777,47.49871063232422,299100,0.0,0.0
2021-08-09 00:00:00-04:00,47.01892412123785,47.82460364066838,46.21324805507968,46.892189025878906,241500,0.0,0.0
2021-08-10 00:00:00-04:00,46.59344721832854,48.3315340887842,46.358079129659565,48.00564193725586,173600,0.0,0.0
2021-08-11 00:00:00-04:00,47.887975415582964,47.96944847740167,46.95556071848606,47.67976379394531,102200,0.0,0.0
2021-08-12 00:00:00-04:00,47.553017040571525,48.00564428353382,45.00019966652594,47.23617935180664,275300,0.0,0.0
2021-08-13 00:00:00-04:00,47.209027192722694,47.29955126838683,46.08651000681789,46.18608856201172,126300,0.0,0.0
2021-08-16 00:00:00-04:00,45.724399137448216,48.087113721143254,45.27177192841151,47.99658966064453,206000,0.0,0.0
2021-08-17 00:00:00-04:00,47.326709635475076,48.53975094407842,45.32609778758571,45.46188735961914,272500,0.0,0.0
2021-08-18 00:00:00-04:00,45.54336566116427,45.778730366106664,44.149272580267954,44.98210525512695,311100,0.0,0.0
2021-08-19 00:00:00-04:00,44.19453413713868,45.16315638898704,43.84148535698663,44.6109504699707,318500,0.0,0.0
2021-08-20 00:00:00-04:00,44.4479962784029,45.52525138493398,44.02252899526198,45.48904037475586,247700,0.0,0.0
2021-08-23 00:00:00-04:00,45.41662186675982,46.02314424769762,44.94589251112772,45.46188735961914,194000,0.0,0.0
2021-08-24 00:00:00-04:00,45.887356531186185,46.765454638425766,45.31704859343797,45.67009735107422,210500,0.0,0.0
2021-08-25 00:00:00-04:00,45.93262209776017,46.16798678546188,45.262732142609686,45.35325622558594,140100,0.0,0.0
2021-08-26 00:00:00-04:00,44.909678113691605,45.52525147484742,44.764837525965056,45.07262420654297,218600,0.0,0.0
2021-08-27 00:00:00-04:00,44.98210239808017,46.439562939785205,44.86442177971982,46.04125213623047,276200,0.0,0.0
2021-08-30 00:00:00-04:00,46.213243222341916,46.213243222341916,45.12693709200886,45.90545654296875,165500,0.0,0.0
2021-08-31 00:00:00-04:00,45.90545180836012,46.16797642465807,44.99114634370347,45.75156021118164,220300,0.0,0.0
2021-09-01 00:00:00-04:00,46.41240692138672,47.50776423329691,45.28988962139928,46.41240692138672,269100,0.0,0.0
2021-09-02 00:00:00-04:00,46.49387650463743,46.91029278913037,44.99115401659018,45.09073257446289,245500,0.0,0.0
2021-09-03 00:00:00-04:00,44.6290432165112,45.44377359409671,44.013469920840286,45.26272201538086,283400,0.0,0.0
2021-09-07 00:00:00-04:00,45.11788970809808,45.498094985105766,43.98632145042434,44.0406379699707,292300,0.0,0.0
2021-09-08 00:00:00-04:00,44.01346935728842,44.71957015991211,43.50652908730091,44.71957015991211,267900,0.0,0.0
2021-09-09 00:00:00-04:00,44.45705384445188,45.6429351573148,43.95916450638386,45.534305572509766,538600,0.0,0.0
2021-09-10 00:00:00-04:00,45.63388100344209,46.28566537414937,45.23557025093876,45.24462127685547,207200,0.0,0.0
2021-09-13 00:00:00-04:00,45.75157879418235,46.267573758131746,44.70148335574302,46.068416595458984,234200,0.0,0.0
2021-09-14 00:00:00-04:00,46.440437775858584,46.48580679586064,45.46952620979033,45.678226470947266,215400,0.12,0.0
2021-09-15 00:00:00-04:00,45.67822188442767,46.531171143699034,44.788976028225434,46.331546783447266,247900,0.0,0.0
2021-09-16 00:00:00-04:00,46.34970337460509,48.63633400741995,46.34970337460509,48.10097122192383,345900,0.0,0.0
2021-09-17 00:00:00-04:00,48.43670359754355,50.015567574713934,48.13726184861878,49.10817337036133,1010900,0.0,0.0
2021-09-20 00:00:00-04:00,47.99207650116298,48.73613943440318,46.68543015871448,47.50208282470703,245100,0.0,0.0
2021-09-21 00:00:00-04:00,48.55467046690437,49.07188843434836,47.25709972233432,48.79966735839844,204400,0.0,0.0
2021-09-22 00:00:00-04:00,49.652614523480224,51.376661523557836,49.54372472112506,49.91575622558594,902500,0.0,0.0
2021-09-23 00:00:00-04:00,50.478343589595134,51.97554203985384,50.0609395998293,51.08629608154297,628100,0.0,0.0
2021-09-24 00:00:00-04:00,51.086292156830616,51.36758560158325,49.86131138605243,50.63259506225586,294600,0.0,0.0
2021-09-27 00:00:00-04:00,51.09537319628711,51.893877671132074,50.63260017469099,51.37666320800781,512100,0.0,0.0
2021-09-28 00:00:00-04:00,51.367585628569074,52.628862998320045,49.371317719104596,49.761497497558594,344700,0.0,0.0
2021-09-29 00:00:00-04:00,50.142602954095715,51.08629377138014,49.217063897974185,50.31501007080078,360500,0.0,0.0
2021-09-30 00:00:00-04:00,49.398542730285044,49.888536466011985,46.866915351898065,47.674495697021484,608200,0.0,0.0
2021-10-01 00:00:00-04:00,47.73801189464982,48.89040300386042,46.422289544043444,48.064674377441406,677400,0.0,0.0
2021-10-04 00:00:00-04:00,48.06467076060541,51.095367456375236,47.81967391694758,50.71426010131836,427900,0.0,0.0
2021-10-05 00:00:00-04:00,50.81407495716397,50.895740573231066,48.9266933686952,49.64353561401367,415300,0.0,0.0
2021-10-06 00:00:00-04:00,49.0446532461154,50.10630620439467,48.581883751411205,48.872249603271484,227700,0.0,0.0
2021-10-07 00:00:00-04:00,49.81594642081339,50.215198650397284,49.289656086810865,49.57094955444336,329500,0.0,0.0
2021-10-08 00:00:00-04:00,49.071887267575164,50.18798188355446,49.026514781705814,49.18984603881836,231400,0.0,0.0
2021-10-11 00:00:00-04:00,49.84316398883135,51.131662099251216,49.24428395161304,49.94297790527344,342700,0.0,0.0
2021-10-12 00:00:00-04:00,50.29686061593314,51.086292598110724,50.03371546806257,50.96833038330078,211300,0.0,0.0
2021-10-13 00:00:00-04:00,51.04092800371009,51.866656656068294,47.53838554598154,47.783382415771484,403300,0.0,0.0
2021-10-14 00:00:00-04:00,48.02837417875894,48.44577467041884,46.331548032969955,47.493011474609375,356200,0.0,0.0
2021-10-15 00:00:00-04:00,48.12819216594462,48.61818589489792,47.2480186300212,47.30246353149414,272300,0.0,0.0
2021-10-18 00:00:00-04:00,47.17542441346061,47.17542441346061,46.349695857355734,46.549320220947266,265600,0.0,0.0
2021-10-19 00:00:00-04:00,46.68542815344602,47.692636180198406,46.222655213970334,46.349693298339844,278800,0.0,0.0
2021-10-20 00:00:00-04:00,47.09376700521314,48.454858497139135,45.9504482135919,46.62192153930664,320700,0.0,0.0
2021-10-21 00:00:00-04:00,47.33875345342963,48.463923777351944,47.03024275035558,48.31874084472656,409700,0.0,0.0
2021-10-22 00:00:00-04:00,47.955786361061044,48.30059715700521,46.685436444659885,47.21172332763672,307200,0.0,0.0
2021-10-25 00:00:00-04:00,47.139129984451664,48.745218154340265,47.139129984451664,48.72706985473633,367600,0.0,0.0
2021-10-26 00:00:00-04:00,48.6544775630453,49.04465735821566,45.39693214426778,45.49674606323242,451300,0.0,0.0
2021-10-27 00:00:00-04:00,45.37877893956782,45.74173797631174,44.507681405103106,45.01582336425781,538700,0.0,0.0
2021-10-28 00:00:00-04:00,44.4532460009065,46.12285156576296,43.78177273030184,44.462318420410156,743700,0.0,0.0
2021-10-29 00:00:00-04:00,44.52582705011622,46.295246191306774,44.416940730154344,44.85248947143555,535200,0.0,0.0
2021-11-01 00:00:00-04:00,45.15193509228273,46.95765112223653,45.15193509228273,46.29525375366211,277900,0.0,0.0
2021-11-02 00:00:00-04:00,45.95044264099764,46.69450562276691,44.925086205560774,45.805259704589844,266400,0.0,0.0
2021-11-03 00:00:00-04:00,45.932293923690104,47.93763775772445,45.932293923690104,47.1754264831543,465600,0.0,0.0
2021-11-04 00:00:00-04:00,47.52023721173292,47.710792640169835,46.549325614414336,47.55653381347656,357600,0.0,0.0
2021-11-05 00:00:00-04:00,48.40040646949521,48.47299620510406,46.5493214821084,46.83968734741211,280100,0.0,0.0
2021-11-08 00:00:00-05:00,46.93950266917523,48.38225962001285,46.440436539569546,46.71265411376953,285800,0.0,0.0
2021-11-09 00:00:00-05:00,46.812471058204636,48.02837953223987,46.567474187156364,46.9848747253418,212300,0.0,0.0
2021-11-10 00:00:00-05:00,46.76709556231567,47.58374822465617,45.72359089987425,46.331546783447266,242000,0.0,0.0
2021-11-11 00:00:00-05:00,46.576554876289684,46.86692079903857,45.94137812223843,46.06841278076172,191800,0.0,0.0
2021-11-12 00:00:00-05:00,46.33154832127569,46.567469286288976,45.877851228882825,46.277103424072266,222700,0.0,0.0
2021-11-15 00:00:00-05:00,46.630977938376894,47.18448884208455,46.150060217452825,46.51301574707031,172200,0.0,0.0
2021-11-16 00:00:00-05:00,46.395065258945245,47.520232100500735,45.85970255583017,46.658206939697266,175500,0.0,0.0
2021-11-17 00:00:00-05:00,44.88878629179773,45.49673866453985,41.97604866128829,42.83807373046875,942600,0.0,0.0
2021-11-18 00:00:00-05:00,42.72919121512224,43.926951231713524,41.731059021774186,43.70917510986328,589500,0.0,0.0
2021-11-19 00:00:00-05:00,43.228263391898516,43.672888116722454,41.94883758234002,42.4388313293457,424900,0.0,0.0
2021-11-22 00:00:00-05:00,42.87437444395237,44.76175597514274,42.87437444395237,43.972320556640625,417900,0.0,0.0
2021-11-23 00:00:00-05:00,43.84529517935346,44.453251200237034,43.38252557898458,43.65474319458008,316500,0.0,0.0
2021-11-24 00:00:00-05:00,43.083077838739214,43.76362351461503,42.72919464111328,42.72919464111328,249000,0.0,0.0
2021-11-26 00:00:00-05:00,41.24106860798726,42.63845655842739,41.05051664968205,42.50234603881836,165700,0.0,0.0
2021-11-29 00:00:00-05:00,42.70196704364779,43.30084700349836,41.558648553929764,41.812721252441406,270400,0.0,0.0
2021-11-30 00:00:00-05:00,41.277369936573336,42.42975769915442,40.42441704399134,40.75107955932617,318700,0.0,0.0
2021-12-01 00:00:00-05:00,41.858093066570625,42.021424290320944,39.89812184300072,39.92534255981445,275700,0.0,0.0
2021-12-02 00:00:00-05:00,40.252012886230304,42.69290237893615,39.97979528050731,41.96698760986328,681400,0.0,0.0
2021-12-03 00:00:00-05:00,42.0032782950418,43.582142262620046,40.887183845840866,43.2010383605957,543400,0.0,0.0
2021-12-06 00:00:00-05:00,43.899733744100985,46.75802348701993,43.79991982513634,45.49674606323242,458300,0.0,0.0
2021-12-07 00:00:00-05:00,46.213586522041126,46.277103838630396,45.033974763539334,45.514892578125,331100,0.0,0.0
2021-12-08 00:00:00-05:00,45.669154050290416,46.01396137144423,43.76362405734628,44.353431701660156,280800,0.0,0.0
2021-12-09 00:00:00-05:00,43.981394925428425,45.179154909282346,43.50954955884446,44.89786148071289,384800,0.0,0.0
2021-12-10 00:00:00-05:00,45.333412963164236,45.805258357976534,43.80899044498116,45.669151306152344,199500,0.0,0.0
2021-12-13 00:00:00-05:00,45.68729505039805,45.81433314173446,42.90159522690835,43.32807159423828,297500,0.0,0.0
2021-12-14 00:00:00-05:00,43.109745773809706,45.55678782642644,42.918713757330586,43.33716583251953,307200,0.12,0.0
2021-12-15 00:00:00-05:00,43.53730467282316,45.02917997954693,42.65491357085505,44.54705047607422,289300,0.0,0.0
2021-12-16 00:00:00-05:00,44.665307794948696,45.41124547110549,43.30078714780987,43.43724060058594,261100,0.0,0.0
2021-12-17 00:00:00-05:00,43.66465014244036,44.20136160591404,42.68219384856123,43.03697204589844,875300,0.0,0.0
2021-12-20 00:00:00-05:00,42.67310330747149,42.67310330747149,41.081162761085096,42.51845932006836,388300,0.0,0.0
2021-12-21 00:00:00-05:00,42.955113139331296,43.48272601034278,41.93626850883392,43.45543670654297,431700,0.0,0.0
2021-12-22 00:00:00-05:00,43.59188461303711,44.29233896173056,42.90052901194598,43.59188461303711,201600,0.0,0.0
2021-12-23 00:00:00-05:00,43.84659473519616,44.1558862012637,42.76407286888215,43.97394943237305,149100,0.0,0.0
2021-12-27 00:00:00-05:00,44.13769043898181,44.237755831438314,43.0278793155988,43.99214172363281,189300,0.0,0.0
2021-12-28 00:00:00-05:00,43.801113146909216,44.60162940951439,43.62827164804133,44.19227600097656,123100,0.0,0.0
2021-12-29 00:00:00-05:00,43.973951175621735,44.58343538488853,43.537304995067444,44.19227600097656,156500,0.0,0.0
2021-12-30 00:00:00-05:00,44.35601391977409,45.074662254720614,44.04672245094617,44.55614471435547,159700,0.0,0.0
2021-12-31 00:00:00-05:00,44.47426994468413,45.25659556904212,44.03762381088886,44.98369216918945,255900,0.0,0.0
2022-01-03 00:00:00-05:00,45.24750935337002,46.430093302974825,44.947313124310774,45.202022552490234,193500,0.0,0.0
2022-01-04 00:00:00-05:00,45.72052565780333,47.075950692533674,45.35665565724848,46.05710983276367,250700,0.0,0.0
2022-01-05 00:00:00-05:00,46.18446608311146,47.20330697766267,45.28388112094644,45.37485122680664,219900,0.0,0.0
2022-01-06 00:00:00-05:00,45.775110032426696,46.12078950005204,44.90181782278297,45.602272033691406,497200,0.0,0.0
2022-01-07 00:00:00-05:00,45.320276426458385,46.79395767602315,45.08376105362662,45.220211029052734,206200,0.0,0.0
2022-01-10 00:00:00-05:00,44.73809011365495,45.393061225771184,43.66466677775597,45.211124420166016,227700,0.0,0.0
2022-01-11 00:00:00-05:00,45.056465531505346,45.57498304080823,44.265044617857,45.32937240600586,193600,0.0,0.0
2022-01-12 00:00:00-05:00,45.211113116780815,45.77511395000872,43.49181784747852,43.6828498840332,258600,0.0,0.0
2022-01-13 00:00:00-05:00,44.0831104774893,44.96550155845109,43.72833568374535,44.283241271972656,204700,0.0,0.0
2022-01-14 00:00:00-05:00,43.9011788825113,44.51976189278804,42.691305636340054,43.837501525878906,261300,0.0,0.0
2022-01-18 00:00:00-05:00,43.837497365109115,45.00189064048993,43.46452853873812,43.88298416137695,282300,0.0,0.0
2022-01-19 00:00:00-05:00,43.89207506465356,44.07401182112872,41.990843073305896,42.51845932006836,423000,0.0,0.0
2022-01-20 00:00:00-05:00,42.536644502226544,43.719231534933236,40.58083415997041,40.68999481201172,383400,0.0,0.0
2022-01-21 00:00:00-05:00,40.41709912091706,42.60033339720627,40.180580281405526,41.74523162841797,396300,0.0,0.0
2022-01-24 00:00:00-05:00,41.31767588676752,45.24749781613401,40.96290113936234,44.810848236083984,548500,0.0,0.0
2022-01-25 00:00:00-05:00,44.19227106231192,46.49376113287288,43.801108251958595,45.8478889465332,402600,0.0,0.0
2022-01-26 00:00:00-05:00,46.284537076521914,46.44827981676951,44.72898104416977,44.96549987792969,451800,0.0,0.0
2022-01-27 00:00:00-05:00,45.21111818625047,46.26634734907351,45.1747301361156,45.547698974609375,377200,0.0,0.0
2022-01-28 00:00:00-05:00,45.565885261132514,45.86607794837423,43.89207341090527,45.00188446044922,324600,0.0,0.0
2022-01-31 00:00:00-05:00,44.59253923326423,46.46648234222455,44.59253923326423,46.402801513671875,375300,0.0,0.0
2022-02-01 00:00:00-05:00,46.33911376341798,46.78485864239081,45.21111212178692,46.39369583129883,334100,0.0,0.0
2022-02-02 00:00:00-05:00,46.10260181644115,46.48466590937571,45.10195478909852,45.92976379394531,200400,0.0,0.0
2022-02-03 00:00:00-05:00,45.73872259407085,46.54833747434773,44.95639701128269,45.165626525878906,223300,0.0,0.0
2022-02-04 00:00:00-05:00,45.00188251914092,45.00188251914092,42.91871393967141,44.11949157714844,279300,0.0,0.0
2022-02-07 00:00:00-05:00,44.38330767689559,44.829049130894695,43.40994992369961,43.64646530151367,202500,0.0,0.0
2022-02-08 00:00:00-05:00,43.45543093657872,45.30208094515618,43.45543093657872,44.61072540283203,185600,0.0,0.0
2022-02-09 00:00:00-05:00,45.27479067288145,46.24814835336459,45.038271842580734,45.247501373291016,275800,0.0,0.0
2022-02-10 00:00:00-05:00,44.892724023471594,45.27479157613554,43.6555616585704,43.9830436706543,259600,0.0,0.0
2022-02-11 00:00:00-05:00,44.310529177788354,44.70169200733197,43.682850983247626,44.21956253051758,234600,0.0,0.0
2022-02-14 00:00:00-05:00,44.44698293040623,45.010983781779814,43.85568930853597,43.86478805541992,216300,0.0,0.0
2022-02-15 00:00:00-05:00,44.38330645792514,45.993441142767736,44.38330645792514,45.92976379394531,268800,0.0,0.0
2022-02-16 00:00:00-05:00,49.34105280046037,49.34105280046037,46.89401097915663,48.71337127685547,622200,0.0,0.0
2022-02-17 00:00:00-05:00,48.67699243128719,49.85048087776709,47.02137452531068,47.603572845458984,354200,0.0,0.0
2022-02-18 00:00:00-05:00,47.36704258664941,48.81343408620411,47.09413925035034,47.48530197143555,286800,0.0,0.0
2022-02-22 00:00:00-05:00,47.07595846065413,47.794606775306185,45.484017836380794,45.78421401977539,293900,0.0,0.0
2022-02-23 00:00:00-05:00,46.43009221234481,47.58538683040875,45.93886392368979,46.0753173828125,261200,0.0,0.0
2022-02-24 00:00:00-05:00,44.792662426582915,47.294283415092565,44.43788417146392,47.11234664916992,320800,0.0,0.0
2022-02-25 00:00:00-05:00,46.62111794709512,49.17732098037707,46.28453718916929,48.995384216308594,349800,0.0,0.0
2022-02-28 00:00:00-05:00,48.18576719343656,49.040865436686104,47.99473169077183,48.85892868041992,344800,0.0,0.0
2022-03-01 00:00:00-05:00,48.68609073809721,49.177318939650895,46.257242499407305,47.057762145996094,295200,0.0,0.0
2022-03-02 00:00:00-05:00,47.558084763824525,50.67828845667717,47.47621339837937,50.15977096557617,363000,0.0,0.0
2022-03-03 00:00:00-05:00,50.12338407613597,50.49635286728115,47.82189398469046,48.622413635253906,300900,0.0,0.0
2022-03-04 00:00:00-05:00,48.12208877520865,48.64970153943405,45.99343675576118,46.63930892944336,486500,0.0,0.0
2022-03-07 00:00:00-05:00,46.812147112360385,47.51260135539775,45.44762667089524,45.65685272216797,353300,0.0,0.0
2022-03-08 00:00:00-05:00,45.41123875956612,47.79460363616522,44.710787984627885,46.439178466796875,308400,0.0,0.0
2022-03-09 00:00:00-05:00,46.57563452374452,46.821248634187015,44.965499890947136,45.08375930786133,354600,0.0,0.0
2022-03-10 00:00:00-05:00,44.06491955966708,44.55614783339661,43.0369831540898,44.21046829223633,286700,0.0,0.0
2022-03-11 00:00:00-05:00,43.464524987032064,43.901171128311056,42.86413610900407,43.01878356933594,283100,0.0,0.0
2022-03-14 00:00:00-04:00,43.274848476021546,43.274848476021546,41.125739673351895,41.50983428955078,396900,0.25,0.0
2022-03-15 00:00:00-04:00,41.2446249739186,42.54323808387613,41.034286943216586,42.506656646728516,378800,0.0,0.0
2022-03-16 00:00:00-04:00,42.84502220561748,43.81440926764109,42.11341097418341,42.9913444519043,398100,0.0,0.0
2022-03-17 00:00:00-04:00,43.247410035320975,43.96073053399379,42.4060545214784,43.93329620361328,277500,0.0,0.0
2022-03-18 00:00:00-04:00,43.34800837735751,44.390554822544495,42.067686100596006,44.353973388671875,533900,0.0,0.0
2022-03-21 00:00:00-04:00,44.582598315188385,45.52454748118894,43.96987504876786,44.64661407470703,249000,0.0,0.0
2022-03-22 00:00:00-04:00,44.747214144466824,45.4422439305076,43.46689189451055,44.52772903442383,259300,0.0,0.0
2022-03-23 00:00:00-04:00,44.152780934828726,44.65576695122779,43.448604000467746,43.82355499267578,225300,0.0,0.0
2022-03-24 00:00:00-04:00,43.62236270999199,44.52773053399054,43.0827987635877,43.393733978271484,189500,0.0,0.0
2022-03-25 00:00:00-04:00,43.668091733906195,43.668091733906195,41.93051181921213,42.13170623779297,259000,0.0,0.0
2022-03-28 00:00:00-04:00,42.17742941769852,42.23230157176523,40.531303170272565,41.10744857788086,256400,0.0,0.0
2022-03-29 00:00:00-04:00,41.765889320055024,43.366290223066144,41.326922633860775,43.14680862426758,344400,0.0,0.0
2022-03-30 00:00:00-04:00,42.82672758344173,43.20167849285483,41.144020297359226,41.15316390991211,248900,0.0,0.0
2022-03-31 00:00:00-04:00,40.96112647900262,41.44581829835399,38.7388548154668,38.87602996826172,438700,0.0,0.0
2022-04-01 00:00:00-04:00,38.97662232320674,39.616783422381154,37.76946298812234,38.263301849365234,487000,0.0,0.0
2022-04-04 00:00:00-04:00,38.601674461889395,39.91857819733482,38.42791788061706,39.415592193603516,453500,0.0,0.0
2022-04-05 00:00:00-04:00,38.90346451856871,39.497897107893735,38.14441548025529,38.208431243896484,546700,0.0,0.0
2022-04-06 00:00:00-04:00,37.934076341879326,39.03149488223653,37.54083466917968,38.373043060302734,884900,0.0,0.0
2022-04-07 00:00:00-04:00,37.54083375481655,37.8334782266377,35.33685311407758,36.214786529541016,828900,0.0,0.0
2022-04-08 00:00:00-04:00,36.397691228953875,38.08954583629184,35.894708746782136,37.50425338745117,524300,0.0,0.0
2022-04-11 00:00:00-04:00,37.04699691974753,39.571059987532834,37.04699691974753,38.501075744628906,747900,0.0,0.0
2022-04-12 00:00:00-04:00,38.86688973981144,40.23866231886361,37.98895612648159,38.85774612426758,907000,0.0,0.0
2022-04-13 00:00:00-04:00,39.168678095142674,39.86370794189367,38.50107909272159,39.36072540283203,571300,0.0,0.0
2022-04-14 00:00:00-04:00,39.56191196651161,40.72334627665735,39.50704330670147,39.64421844482422,456400,0.0,0.0
2022-04-18 00:00:00-04:00,39.461323329433,40.55873852976661,39.461323329433,39.96430587768555,605800,0.0,0.0
2022-04-19 00:00:00-04:00,40.33925493566168,42.296316367234866,39.946013228727146,41.866493225097656,716900,0.0,0.0
2022-04-20 00:00:00-04:00,42.09511527411668,43.183390122605424,40.769071600380464,40.9153938293457,499000,0.0,0.0
2022-04-21 00:00:00-04:00,41.19889006875594,41.35435939515271,39.38815122617512,39.91857147216797,489400,0.0,0.0
2022-04-22 00:00:00-04:00,39.598495092608594,40.586172874607804,39.040640436693955,39.78139877319336,342400,0.0,0.0
2022-04-25 00:00:00-04:00,39.342431113147,40.79650993247424,39.01320519351103,40.63189697265625,380800,0.0,0.0
2022-04-26 00:00:00-04:00,40.27523938040659,40.62275255086862,39.5619153445895,39.62593460083008,400600,0.0,0.0
2022-04-27 00:00:00-04:00,39.763112303366015,40.60446792848196,38.84859729136055,39.30585479736328,572300,0.0,0.0
2022-04-28 00:00:00-04:00,38.51937173285826,40.330111056988564,37.03785837467854,39.12295150756836,558700,0.0,0.0
2022-04-29 00:00:00-04:00,37.79690327156264,39.45217304202098,37.79690327156264,38.9126091003418,621700,0.0,0.0
2022-05-02 00:00:00-04:00,39.37902014201066,40.51301687438695,38.89432478300961,40.439857482910156,487700,0.0,0.0
2022-05-03 00:00:00-04:00,40.46728118565908,42.9821969655588,40.33924966776702,42.7901496887207,751200,0.0,0.0
2022-05-04 00:00:00-04:00,42.74442923278083,44.88439430199626,42.52494411526747,44.856956481933594,526900,0.0,0.0
2022-05-05 00:00:00-04:00,44.36311347314337,44.408842006144596,42.534083788207234,43.29313278198242,334700,0.0,0.0
2022-05-06 00:00:00-04:00,43.430309535752095,43.777822649152576,41.82076152862425,42.36947250366211,299700,0.0,0.0
2022-05-09 00:00:00-04:00,41.88478354946201,42.808445592370425,41.00685004442644,41.17146301269531,380500,0.0,0.0
2022-05-10 00:00:00-04:00,41.40923717759398,41.54641582003159,39.20525621536209,40.247802734375,288200,0.0,0.0
2022-05-11 00:00:00-04:00,40.45813528564104,42.04938904464302,39.78139281540774,40.69590759277344,356300,0.0,0.0
2022-05-12 00:00:00-04:00,40.8147929881838,42.28716224764355,40.44898570422725,41.40922546386719,304500,0.0,0.0
2022-05-13 00:00:00-04:00,41.77504140267363,43.576636893225015,41.77504140267363,43.08279800415039,323700,0.0,0.0
2022-05-16 00:00:00-04:00,43.06451641491301,43.51263035114769,41.98538831240328,42.34204864501953,256200,0.0,0.0
2022-05-17 00:00:00-04:00,42.98220213319022,43.64979762003146,42.25973449411359,43.60407257080078,284600,0.0,0.0
2022-05-18 00:00:00-04:00,43.11023064977788,43.11023064977788,39.305848909281764,40.028316497802734,469000,0.0,0.0
2022-05-19 00:00:00-04:00,39.7082364792827,40.430704109303136,39.17781963537994,39.699092864990234,373600,0.0,0.0
2022-05-20 00:00:00-04:00,40.15635054479157,40.23865702825691,38.06211051219386,39.415592193603516,448400,0.0,0.0
2022-05-23 00:00:00-04:00,39.616781214150556,40.128910762663565,38.747991448596956,39.470458984375,386400,0.0,0.0
2022-05-24 00:00:00-04:00,39.08637177975381,40.26609345260653,39.08637177975381,40.247802734375,222300,0.0,0.0
2022-05-25 00:00:00-04:00,40.00088012532945,42.68955246467038,39.61678208336805,42.49750518798828,356400,0.0,0.0
2022-05-26 00:00:00-04:00,42.79016058589991,44.39056194431225,42.15914296045168,42.5798225402832,253000,0.0,0.0
2022-05-27 00:00:00-04:00,42.78100337362758,43.57663380132787,42.22314875946896,43.1010856628418,241800,0.0,0.0
2022-05-31 00:00:00-04:00,43.06450293587335,43.320565968661604,41.07086035277202,41.711021423339844,406800,0.0,0.0
2022-06-01 00:00:00-04:00,42.02195891820379,42.058540350218394,40.906249661939874,41.674442291259766,276900,0.0,0.0
2022-06-02 00:00:00-04:00,42.01281468253629,42.378622050447525,41.48239783652236,41.647010803222656,214400,0.0,0.0
2022-06-03 00:00:00-04:00,40.988554055886276,41.656149457525274,39.82711981294812,41.427520751953125,266200,0.0,0.0
2022-06-06 00:00:00-04:00,41.75674914362793,42.23229729829224,40.54044617130746,41.87563705444336,294200,0.0,0.0
2022-06-07 00:00:00-04:00,41.48239823085693,41.68359263398044,40.650189775115564,41.464107513427734,195900,0.0,0.0
2022-06-08 00:00:00-04:00,41.30863954791696,41.56470611193418,40.39412457730718,40.723350524902344,326400,0.0,0.0
2022-06-09 00:00:00-04:00,40.668476160129664,41.500684527215824,40.156346592462306,40.869667053222656,240100,0.0,0.0
2022-06-10 00:00:00-04:00,40.02832056687535,40.732497510847445,38.59253234624322,38.866886138916016,332100,0.0,0.0
2022-06-13 00:00:00-04:00,37.87920643547334,38.08954793772555,36.068467306596595,36.2879524230957,383600,0.0,0.0
2022-06-14 00:00:00-04:00,35.92903115305435,37.65001599691341,35.8462028177501,36.80332946777344,328800,0.25,0.0
2022-06-15 00:00:00-04:00,37.40153334483342,37.52117506129502,36.030268442705946,36.49042510986328,283900,0.0,0.0
2022-06-16 00:00:00-04:00,35.66214083546825,35.726562486442724,31.54833920792167,31.870450973510742,522700,0.0,0.0
2022-06-17 00:00:00-04:00,31.723198420455596,33.646653227283586,31.612758304238397,33.619041442871094,867000,0.0,0.0
2022-06-21 00:00:00-04:00,34.42891883879077,34.962702213534975,33.18649734486976,33.34294891357422,323400,0.0,0.0
2022-06-22 00:00:00-04:00,32.93800672603716,33.76628641047432,32.73553672039622,33.47178649902344,236900,0.0,0.0
2022-06-23 00:00:00-04:00,33.59143485031681,34.06079308022239,32.965621536631666,33.7570915222168,211400,0.0,0.0
2022-06-24 00:00:00-04:00,33.88593533618415,35.54249856969196,33.88593533618415,35.22039031982422,460300,0.0,0.0
2022-06-27 00:00:00-04:00,35.46886479011079,35.61611473353288,34.7602233402934,35.2848014831543,386500,0.0,0.0
2022-06-28 00:00:00-04:00,35.57011178013108,36.13149996513327,34.493343353271484,34.493343353271484,612100,0.0,0.0
2022-06-29 00:00:00-04:00,34.705012080791036,34.72341876721802,33.821512196594796,34.64979553222656,240700,0.0,0.0
2022-06-30 00:00:00-04:00,34.12522421070704,34.12522421070704,32.597500522391734,33.711082458496094,399100,0.0,0.0
2022-07-01 00:00:00-04:00,33.56382344517548,34.585371656386606,33.260118404775966,34.52094650268555,316700,0.0,0.0
2022-07-05 00:00:00-04:00,33.60984131810375,34.81545297557702,32.98402800849955,34.63138961791992,486500,0.0,0.0
2022-07-06 00:00:00-04:00,34.43812240852629,34.91668575147741,32.09132416788878,32.34901428222656,337100,0.0,0.0
2022-07-07 00:00:00-04:00,32.76315684360746,34.456533702466636,32.450250135642705,34.06079864501953,280300,0.0,0.0
2022-07-08 00:00:00-04:00,34.11601314109457,34.68660639390753,33.49019982740943,33.7570915222168,245700,0.0,0.0
2022-07-11 00:00:00-04:00,33.51780185060122,33.7662868121027,32.477850561858915,32.50545883178711,262500,0.0,0.0
2022-07-12 00:00:00-04:00,32.634305810876036,34.06999569231368,32.634305810876036,33.637447357177734,202200,0.0,0.0
2022-07-13 00:00:00-04:00,33.25092220273477,33.545422192852094,32.56068719263788,33.186500549316406,291200,0.0,0.0
2022-07-14 00:00:00-04:00,31.91646666596975,32.62510835359188,31.447104900187302,32.33060836791992,310600,0.0,0.0
2022-07-15 00:00:00-04:00,32.78155852105953,33.72027850141743,32.01770031326973,33.665061950683594,365800,0.0,0.0
2022-07-18 00:00:00-04:00,34.162020629869644,35.81858347576436,34.162020629869644,34.97189712524414,387400,0.0,0.0
2022-07-19 00:00:00-04:00,35.763376785878066,36.77572005082913,35.52409335260229,36.39839172363281,285100,0.0,0.0
2022-07-20 00:00:00-04:00,35.892216109316486,36.45360774351016,35.06393279481494,36.0578727722168,418800,0.0,0.0
2022-07-21 00:00:00-04:00,35.43205608830649,35.800182750653235,34.465727988041344,35.524085998535156,314800,0.0,0.0
2022-07-22 00:00:00-04:00,35.726559835904915,36.58245143331526,35.109951647833164,35.873809814453125,251500,0.0,0.0
2022-07-25 00:00:00-04:00,36.113094948193115,36.149904811550535,35.39524819661653,35.662139892578125,264000,0.0,0.0
2022-07-26 00:00:00-04:00,35.33082349224794,36.21432332932709,34.843058615453124,35.386043548583984,198300,0.0,0.0
2022-07-27 00:00:00-04:00,36.03026546430398,36.97818699685984,35.03632546026304,36.72970199584961,315700,0.0,0.0
2022-07-28 00:00:00-04:00,37.29109969162903,38.607148145156444,36.067081174560954,37.88930130004883,641100,0.0,0.0
2022-07-29 00:00:00-04:00,37.73284138169161,39.08570291563512,37.38312138100708,38.515106201171875,489100,0.0,0.0
2022-08-01 00:00:00-04:00,37.097828884234374,40.05203361500423,37.07021709906547,39.59187698364258,735300,0.0,0.0
2022-08-02 00:00:00-04:00,38.79119509869987,39.26055319299218,37.999725341796875,37.999725341796875,402100,0.0,0.0
2022-08-03 00:00:00-04:00,38.19300448222519,40.25450795561976,38.19300448222519,39.665504455566406,419100,0.0,0.0
2022-08-04 00:00:00-04:00,39.61948691693214,41.174818642913614,39.61948691693214,40.33733367919922,623900,0.0,0.0
2022-08-05 00:00:00-04:00,39.536655064404705,41.33126654444845,39.536655064404705,40.6778450012207,379200,0.0,0.0
2022-08-08 00:00:00-04:00,41.08279463985343,43.530828442887355,40.70546624012436,41.588966369628906,523400,0.0,0.0
2022-08-09 00:00:00-04:00,40.91712682771613,41.542940127372276,40.512190255880704,41.41409683227539,403500,0.0,0.0
2022-08-10 00:00:00-04:00,42.90500871298729,45.01252719184877,42.90500871298729,43.98177719116211,583300,0.0,0.0
2022-08-11 00:00:00-04:00,44.39591447620313,46.098492651585914,44.39591447620313,44.94810104370117,525600,0.0,0.0
2022-08-12 00:00:00-04:00,45.08615355124165,46.0432767881139,44.64440004411059,45.97885513305664,316600,0.0,0.0
2022-08-15 00:00:00-04:00,45.47267441172589,46.40218918552273,44.708816292382544,46.01565933227539,381900,0.0,0.0
2022-08-16 00:00:00-04:00,46.19972651630027,50.58962120319438,46.19972651630027,49.052696228027344,823100,0.0,0.0
2022-08-17 00:00:00-04:00,48.34405144600502,50.12946130726857,48.29803648798319,49.55886459350586,519900,0.0,0.0
2022-08-18 00:00:00-04:00,49.586478663524765,50.203086853027344,48.22441548111408,50.203086853027344,688500,0.0,0.0
2022-08-19 00:00:00-04:00,49.37481154487007,49.926998138427734,48.693778136146655,49.926998138427734,631100,0.0,0.0
2022-08-22 00:00:00-04:00,48.99748002985885,50.39635311055263,48.767401712404194,48.96066665649414,514700,0.0,0.0
2022-08-23 00:00:00-04:00,49.36560057495294,50.51599210032271,49.089507311007466,50.065040588378906,634500,0.0,0.0
2022-08-24 00:00:00-04:00,49.927001764893134,50.85651675073143,48.767408429907874,50.10186004638672,750500,0.0,0.0
2022-08-25 00:00:00-04:00,50.230701164863646,53.9487641965737,50.230701164863646,53.79231262207031,742300,0.0,0.0
2022-08-26 00:00:00-04:00,53.84753656865596,54.473349974057726,51.81364475645877,51.97930145263672,584700,0.0,0.0
2022-08-29 00:00:00-04:00,51.32586747314211,52.20936730063982,50.62642747666925,51.65718078613281,344700,0.0,0.0
2022-08-30 00:00:00-04:00,52.21857473283449,52.21857473283449,50.49758644794944,50.64483642578125,307800,0.0,0.0
2022-08-31 00:00:00-04:00,50.58041670865051,50.95774501065273,48.86863345688357,48.95146179199219,457200,0.0,0.0
2022-09-01 00:00:00-04:00,48.187597641753186,49.29197413641066,47.893097711273334,48.22441101074219,479200,0.0,0.0
2022-09-02 00:00:00-04:00,48.868629715818734,48.896241499218846,47.48815991016605,47.56178665161133,365300,0.0,0.0
2022-09-06 00:00:00-04:00,47.497361908083974,47.52497017896585,43.862124288324814,43.97256088256836,788500,0.0,0.0
2022-09-07 00:00:00-04:00,43.889737695636946,45.178177651890245,43.4387861684498,45.15977096557617,472900,0.0,0.0
2022-09-08 00:00:00-04:00,44.39590965637386,44.62598795297242,42.92340645171333,44.01858139038086,424300,0.0,0.0
2022-09-09 00:00:00-04:00,42.81296814138309,44.754829448785635,42.46324816152883,43.62284469604492,573300,0.0,0.0
2022-09-12 00:00:00-04:00,43.84371959846558,45.564704272466244,43.84371959846558,45.40825271606445,691400,0.0,0.0
2022-09-13 00:00:00-04:00,43.567633967677025,44.239462289396734,42.223977324237595,42.27919387817383,789000,0.0,0.0
2022-09-14 00:00:00-04:00,42.48276533778195,42.85290628779605,41.1225014058947,42.60306167602539,598800,0.25,0.0
2022-09-15 00:00:00-04:00,42.612316951485504,44.15765147951121,42.584557613532525,43.028724670410156,539600,0.0,0.0
2022-09-16 00:00:00-04:00,41.640695431875216,43.39885953985792,41.56666583452098,42.7140998840332,1196100,0.0,0.0
2022-09-19 00:00:00-04:00,42.436497941642656,45.036725896815604,42.436497941642656,44.028099060058594,612100,0.0,0.0
2022-09-20 00:00:00-04:00,43.32484193809784,43.85229061054525,42.76037845672481,43.223052978515625,600000,0.0,0.0
2022-09-21 00:00:00-04:00,43.70422546963641,44.10212575486951,42.14963912963867,42.14963912963867,399200,0.0,0.0
2022-09-22 00:00:00-04:00,41.94606964343657,42.02009572395542,40.752368649457416,41.205787658691406,425900,0.0,0.0
2022-09-23 00:00:00-04:00,40.5487890506201,40.5487890506201,39.13300634451609,40.46550750732422,410400,0.0,0.0
2022-09-26 00:00:00-04:00,40.391474384018615,41.270552873330246,40.26192259377051,40.400726318359375,325300,0.0,0.0
2022-09-27 00:00:00-04:00,40.73386013331983,42.334713351206005,40.62281925061398,42.24217987060547,501300,0.0,0.0
2022-09-28 00:00:00-04:00,42.778877255356086,45.194038338034154,42.72335505313707,44.74061584472656,451500,0.0,0.0
2022-09-29 00:00:00-04:00,42.288438930842325,42.47350938835851,37.80049533825783,39.521644592285156,957200,0.0,0.0
2022-09-30 00:00:00-04:00,39.01270695215778,42.06635741809083,38.57779186779321,40.067604064941406,726500,0.0,0.0
2022-10-03 00:00:00-04:00,40.780128266144814,41.79801070721254,40.35446859296566,40.75236892700195,424000,0.0,0.0
2022-10-04 00:00:00-04:00,41.69621029866503,42.38096630416721,40.826380332317854,41.927547454833984,473400,0.0,0.0
2022-10-05 00:00:00-04:00,40.835641360807486,40.844893295148246,39.151506916761,40.400726318359375,393400,0.0,0.0
2022-10-06 00:00:00-04:00,41.64069966287111,41.844277546354746,40.243424405128806,41.26130676269531,494200,0.0,0.0
2022-10-07 00:00:00-04:00,40.724607564616626,41.45563411511748,40.372977489377405,40.770877838134766,367800,0.0,0.0
2022-10-10 00:00:00-04:00,40.30819745325993,41.08549063378866,39.382848596912666,40.36371612548828,326900,0.0,0.0
2022-10-11 00:00:00-04:00,40.289696207519775,42.02934978166955,39.93806260001023,41.612945556640625,412600,0.0,0.0
2022-10-12 00:00:00-04:00,41.57593117190394,42.44575796781506,41.076241860881524,41.66846466064453,357300,0.0,0.0
2022-10-13 00:00:00-04:00,41.00221289597766,43.954074750557496,40.33596052807707,43.139766693115234,438900,0.0,0.0
2022-10-14 00:00:00-04:00,43.59319228980063,43.98183717842274,41.58518310880746,41.66846466064453,314800,0.0,0.0
2022-10-17 00:00:00-04:00,42.51052970241941,43.1027559984856,41.01146538438662,41.08549499511719,308300,0.0,0.0
2022-10-18 00:00:00-04:00,42.03859753349417,42.714101754263716,41.58517505466017,42.64007568359375,379400,0.0,0.0
2022-10-19 00:00:00-04:00,41.742490264267836,42.10337577757316,39.11449919541568,40.012088775634766,399200,0.0,0.0
2022-10-20 00:00:00-04:00,39.79925503391606,40.53028151941022,37.587671705583325,38.022586822509766,500100,0.0,0.0
2022-10-21 00:00:00-04:00,38.22616836604102,39.188528640912104,37.78200127073292,38.59630584716797,559700,0.0,0.0
2022-10-24 00:00:00-04:00,38.86466155997579,39.89179960884912,38.21691649465753,39.743743896484375,451100,0.0,0.0
2022-10-25 00:00:00-04:00,39.70672245433542,41.3630978866028,39.61418897328432,41.12250518798828,322200,0.0,0.0
2022-10-26 00:00:00-04:00,41.825771303004515,42.36247183351097,40.56729622467773,41.37234878540039,195600,0.0,0.0
2022-10-27 00:00:00-04:00,41.02072161214892,45.17553651855857,40.576550999372714,43.49140167236328,495700,0.0,0.0
2022-10-28 00:00:00-04:00,43.66721034295753,44.4537589722855,41.55741612438147,43.72273254394531,382600,0.0,0.0
2022-10-31 00:00:00-04:00,43.17677401044695,44.23167105673633,42.899170081937974,43.26005554199219,330500,0.0,0.0
2022-11-01 00:00:00-04:00,43.95407072788213,45.12926420040818,43.213792347924006,44.74061584472656,440100,0.0,0.0
2022-11-02 00:00:00-04:00,44.250179842035635,44.518531844301094,41.890541080908754,42.13113021850586,364700,0.0,0.0
2022-11-03 00:00:00-04:00,41.501894317657424,42.704850641007496,41.25205323565316,41.575923919677734,368200,0.0,0.0
2022-11-04 00:00:00-04:00,42.75111942662817,43.23230127304903,40.91892904790601,41.86278533935547,277500,0.0,0.0
2022-11-07 00:00:00-05:00,42.71410451629043,43.55617186292515,41.52040360394014,43.37110137939453,194100,0.0,0.0
2022-11-08 00:00:00-05:00,44.00960223894815,44.60182506818076,43.24156083046263,44.30571365356445,260200,0.0,0.0
2022-11-09 00:00:00-05:00,43.72273226122897,44.703603292783214,43.17677630978591,43.24155044555664,233300,0.0,0.0
2022-11-10 00:00:00-05:00,45.342093980404705,47.81277373354403,45.342093980404705,47.4889030456543,458000,0.0,0.0
2022-11-11 00:00:00-05:00,47.3778693164692,48.3587369933928,47.24832102177562,47.673980712890625,204600,0.0,0.0
2022-11-14 00:00:00-05:00,46.905934227855504,48.17366475585158,46.905934227855504,47.08175277709961,237200,0.0,0.0
2022-11-15 00:00:00-05:00,48.062618045789584,49.55243026055202,47.55367688377108,47.79426956176758,317700,0.0,0.0
2022-11-16 00:00:00-05:00,46.69310877066703,47.5999503491665,46.110141453727095,47.01698303222656,250100,0.0,0.0
2022-11-17 00:00:00-05:00,45.94357506949555,47.729498758919306,45.619700831094164,47.52592086791992,251000,0.0,0.0
2022-11-18 00:00:00-05:00,48.71962289609616,48.71962289609616,46.47102469905012,47.72949981689453,174400,0.0,0.0
2022-11-21 00:00:00-05:00,47.17428702503169,47.331598175349285,46.30446032009485,46.59131622314453,350000,0.0,0.0
2022-11-22 00:00:00-05:00,47.27607564871812,48.16440974941651,46.85041600004089,46.89668273925781,187000,0.0,0.0
2022-11-23 00:00:00-05:00,46.82265166925341,47.48890398891823,46.51728837602425,47.33159637451172,147900,0.0,0.0
2022-11-25 00:00:00-05:00,47.54442883371734,47.979340428838825,47.00772476196289,47.00772476196289,94300,0.0,0.0
2022-11-28 00:00:00-05:00,46.600576359784476,47.50741795920953,46.600576359784476,47.368614196777344,214000,0.0,0.0
2022-11-29 00:00:00-05:00,47.618450795420344,49.311840878940586,47.618450795420344,48.24768829345703,268300,0.0,0.0
2022-11-30 00:00:00-05:00,48.256945076342426,49.27482742335215,47.840537378047244,49.173038482666016,318600,0.0,0.0
2022-12-01 00:00:00-05:00,49.09901557099144,50.09839058134463,47.9145665384465,47.94232940673828,284700,0.0,0.0
2022-12-02 00:00:00-05:00,47.368603778792206,48.43275631025842,46.739366312696184,48.145896911621094,224900,0.0,0.0
2022-12-05 00:00:00-05:00,47.840543319123675,47.840543319123675,46.46177177575156,46.80415344238281,272700,0.0,0.0
2022-12-06 00:00:00-05:00,46.97071461119119,47.80353013955108,46.32297312238502,47.7850227355957,226300,0.0,0.0
2022-12-07 00:00:00-05:00,47.80352496825372,48.11814374160742,46.711612962492396,46.952205657958984,212100,0.0,0.0
2022-12-08 00:00:00-05:00,47.257571094216345,47.97934215327824,46.674600261167654,47.74800491333008,414100,0.0,0.0
2022-12-09 00:00:00-05:00,47.17428729162807,48.238439956491796,47.07249834612838,47.52592086791992,236100,0.0,0.0
2022-12-12 00:00:00-05:00,47.96083739320575,48.543804685544174,47.10026259412399,47.87755584716797,311600,0.0,0.0
2022-12-13 00:00:00-05:00,49.96883826575491,49.96883826575491,45.15702350454892,45.527164459228516,446200,0.0,0.0
2022-12-14 00:00:00-05:00,45.49924777781672,47.51874990841017,45.49924777781672,46.727699279785156,307500,0.28,0.0
2022-12-15 00:00:00-05:00,46.16000242603242,46.84868146482549,45.91803622599314,46.374053955078125,359600,0.0,0.0
2022-12-16 00:00:00-05:00,45.44340987652083,46.23445692967364,44.93155214199026,45.331729888916016,1202400,0.0,0.0
2022-12-19 00:00:00-05:00,45.5830020444703,46.41127571488834,43.59142185939102,44.04743957519531,407200,0.0,0.0
2022-12-20 00:00:00-05:00,43.917147491573246,43.917147491573246,41.59053439718778,41.785972595214844,473500,0.0,0.0
2022-12-21 00:00:00-05:00,42.269913251012426,43.47044669423809,41.46956117232585,43.23778533935547,306200,0.0,0.0
2022-12-22 00:00:00-05:00,40.73435043886543,43.37738357233726,40.101511269574246,43.23778533935547,815800,0.0,0.0
2022-12-23 00:00:00-05:00,43.144716679581265,44.57791129373076,43.144716679581265,44.18703842163086,470000,0.0,0.0
2022-12-27 00:00:00-05:00,43.87061482039675,45.04322977812164,43.87061482039675,44.5313720703125,345800,0.0,0.0
2022-12-28 00:00:00-05:00,44.791958859785595,45.28519972808321,43.479749141190204,43.898536682128906,318100,0.0,0.0
2022-12-29 00:00:00-05:00,44.24287373574561,45.694677978147126,44.24287373574561,45.32242202758789,523200,0.0,0.0
2022-12-30 00:00:00-05:00,44.95947146328832,46.616018804368096,44.950163023097,45.85289001464844,505000,0.0,0.0
2023-01-03 00:00:00-05:00,46.35544425321018,46.71839535674756,43.54489498589778,43.93576431274414,418000,0.0,0.0
2023-01-04 00:00:00-05:00,44.382467691299404,45.39687108716467,43.79616377956536,44.94085693359375,248500,0.0,0.0
2023-01-05 00:00:00-05:00,44.33594043304464,44.70819996393682,43.842699572223005,44.10327911376953,214000,0.0,0.0
2023-01-06 00:00:00-05:00,44.34524686617849,45.53647163089334,43.870615808273165,45.1549072265625,230600,0.0,0.0
2023-01-09 00:00:00-05:00,45.39687108402609,45.94595188633959,44.73611385331329,45.722599029541016,331100,0.0,0.0
2023-01-10 00:00:00-05:00,45.78774587632545,46.634632890851414,45.35964992395625,46.47642135620117,216900,0.0,0.0
2023-01-11 00:00:00-05:00,46.44850820131602,47.30470374956475,46.0576388674263,46.75562286376953,300400,0.0,0.0
2023-01-12 00:00:00-05:00,47.267474704011725,47.66765245910604,45.89012011327342,46.978973388671875,289900,0.0,0.0
2023-01-13 00:00:00-05:00,45.918035022198794,46.13208299550313,44.72681028376427,45.89942169189453,193800,0.0,0.0
2023-01-17 00:00:00-05:00,44.31733398294627,45.973885247497655,44.252189087444144,45.13630294799805,224400,0.0,0.0
2023-01-18 00:00:00-05:00,45.48993937846965,46.89521209956505,44.605825708844435,44.77334213256836,244200,0.0,0.0
2023-01-19 00:00:00-05:00,44.15911375721592,45.32242021262135,43.28430503066812,45.294498443603516,280900,0.0,0.0
2023-01-20 00:00:00-05:00,45.61092927906902,45.843590627983154,44.78265544495558,45.834285736083984,262600,0.0,0.0
2023-01-23 00:00:00-05:00,45.95526470469528,46.3368291256988,45.322425633255804,45.47132873535156,215900,0.0,0.0
2023-01-24 00:00:00-05:00,45.12699446241172,45.63884869351157,44.54068689944922,44.987396240234375,174000,0.0,0.0
2023-01-25 00:00:00-05:00,44.99669708241781,46.19723032469069,44.39177979105616,46.160003662109375,103700,0.0,0.0
2023-01-26 00:00:00-05:00,46.37405641534818,47.5094412528706,45.750522226182795,47.46290969848633,161700,0.0,0.0
2023-01-27 00:00:00-05:00,47.52805719731137,48.35633098132453,46.22515230214961,47.33262252807617,291700,0.0,0.0
2023-01-30 00:00:00-05:00,46.87659427044672,48.21672553162734,46.87659427044672,47.76070785522461,193200,0.0,0.0
2023-01-31 00:00:00-05:00,47.92823336970234,50.36652308301776,47.92823336970234,49.98495864868164,373100,0.0,0.0
2023-02-01 00:00:00-05:00,49.7336832596473,52.34879781521883,49.61270192745688,51.79971694946289,322900,0.0,0.0
2023-02-02 00:00:00-05:00,52.116132671280596,55.34547274248899,52.116132671280596,54.191471099853516,335000,0.0,0.0
2023-02-03 00:00:00-05:00,53.28875549102417,55.941097083227596,52.655919867935495,54.870853424072266,251100,0.0,0.0
2023-02-06 00:00:00-05:00,54.83361391774652,55.39200317228269,53.68892073862249,54.10771179199219,202900,0.0,0.0
2023-02-07 00:00:00-05:00,53.88436075186745,54.033263848084886,52.79550397629692,53.79129409790039,208900,0.0,0.0
2023-02-08 00:00:00-05:00,53.40042551552278,54.23800411164452,52.76758646060596,53.73545837402344,171700,0.0,0.0
2023-02-09 00:00:00-05:00,54.526508975875046,55.233797850986946,53.772684995055805,54.07979965209961,243200,0.0,0.0
2023-02-10 00:00:00-05:00,53.99603779255015,54.656795067548266,53.1863774196633,54.36829376220703,189200,0.0,0.0
2023-02-13 00:00:00-05:00,54.30315320177636,56.12722073378761,53.98673364980677,56.11791229248047,274200,0.0,0.0
2023-02-14 00:00:00-05:00,55.792177154429346,57.32773951364716,55.298932813476675,57.039241790771484,285400,0.0,0.0
2023-02-15 00:00:00-05:00,56.304044019493205,57.941978283457495,55.4757702209463,56.43433380126953,439100,0.0,0.0
2023-02-16 00:00:00-05:00,54.40551738062401,55.53159721729478,53.577243723070644,54.89876174926758,421500,0.0,0.0
2023-02-17 00:00:00-05:00,54.74986136897933,56.229583897744305,52.218505171088815,55.838714599609375,909600,0.0,0.0
2023-02-21 00:00:00-05:00,53.6889202029036,53.80990507269869,50.11524250002393,51.427452087402344,921800,0.0,0.0
2023-02-22 00:00:00-05:00,51.82763749500193,54.945301501354315,51.65081615917057,53.81922149658203,640400,0.0,0.0
2023-02-23 00:00:00-05:00,53.977426981734524,54.11702519570483,52.88857369323437,53.16776657104492,625800,0.0,0.0
2023-02-24 00:00:00-05:00,51.97653590056084,53.605165091448434,51.771796359223295,52.367408752441406,418600,0.0,0.0
2023-02-27 00:00:00-05:00,52.94440479880714,53.94950331770811,52.62798528916755,52.795501708984375,414200,0.0,0.0
2023-02-28 00:00:00-05:00,52.85134150255603,53.977421337039,52.85134150255603,52.94440460205078,509300,0.0,0.0
2023-03-01 00:00:00-05:00,52.637304850843115,54.331079186749385,52.637304850843115,53.77268981933594,440800,0.0,0.0
2023-03-02 00:00:00-05:00,53.391125398122455,54.684721931114325,53.27944894458953,54.4055290222168,356600,0.0,0.0
2023-03-03 00:00:00-05:00,54.66609999393577,55.81079315101879,54.498583575813406,55.39200210571289,266600,0.0,0.0
2023-03-06 00:00:00-05:00,55.21518445263211,55.63397197552931,54.684713393377855,54.7591667175293,417800,0.0,0.0
2023-03-07 00:00:00-05:00,54.65679768053211,55.652587860918196,54.358991470517395,54.82431411743164,287000,0.0,0.0
2023-03-08 00:00:00-05:00,55.04766666928596,56.024843448891374,54.5544222842409,54.58234405517578,406000,0.0,0.0
2023-03-09 00:00:00-05:00,54.73124865818276,54.94529664055743,53.16776434766958,53.43764877319336,464500,0.0,0.0
2023-03-10 00:00:00-05:00,52.88856948693338,52.88856948693338,50.18969693243969,52.09751892089844,604700,0.0,0.0
2023-03-13 00:00:00-04:00,50.57126385178691,51.650812217388385,49.58477859265127,49.77090835571289,722600,0.0,0.0
2023-03-14 00:00:00-04:00,51.221001637432686,52.446564787868816,49.49024775848831,49.939308166503906,552900,0.28,0.0
2023-03-15 00:00:00-04:00,48.564056808097384,49.0505397949073,46.20648705762535,48.526634216308594,623000,0.0,0.0
2023-03-16 00:00:00-04:00,47.47882575428369,48.33017007333205,46.365530435163436,48.00273132324219,467700,0.0,0.0
2023-03-17 00:00:00-04:00,47.198169046737966,47.31979069780574,45.879052889203265,46.337467193603516,1809200,0.0,0.0
2023-03-20 00:00:00-04:00,47.0297638336625,48.95698438668986,46.80523186319913,47.5162467956543,414300,0.0,0.0
2023-03-21 00:00:00-04:00,48.81665584165488,49.920597360511096,47.787559509277344,47.787559509277344,592300,0.0,0.0
2023-03-22 00:00:00-04:00,48.292749320411026,48.85407750183568,47.216876551439746,47.24494171142578,330200,0.0,0.0
2023-03-23 00:00:00-04:00,47.4881730458009,48.2178991960095,45.91646369406244,46.99233627319336,517100,0.0,0.0
2023-03-24 00:00:00-04:00,46.56199102735696,48.23661441094473,45.93517515306033,48.20854568481445,437900,0.0,0.0
2023-03-27 00:00:00-04:00,48.928924977377115,49.181522153944854,48.292755103535846,48.891502380371094,295300,0.0,0.0
2023-03-28 00:00:00-04:00,48.70439316483635,49.658647909607105,48.489218600154956,48.863433837890625,258000,0.0,0.0
2023-03-29 00:00:00-04:00,49.28442082934756,49.3405547115511,48.21790204918132,49.20957565307617,173100,0.0,0.0
2023-03-30 00:00:00-04:00,49.696061041252676,50.26674304759279,49.35926486906411,49.639930725097656,202100,0.0,0.0
2023-03-31 00:00:00-04:00,50.09834889615018,50.94033939275031,49.49024782088555,50.83742904663086,253900,0.0,0.0
2023-04-03 00:00:00-04:00,50.743874387818565,51.42682062543108,49.93930651181034,50.36965560913086,227900,0.0,0.0
2023-04-04 00:00:00-04:00,50.78129171394608,50.98711239222898,48.83536340870518,48.985050201416016,197000,0.0,0.0
2023-04-05 00:00:00-04:00,48.40502100631898,48.489220061890364,46.77717378821059,47.54431915283203,262600,0.0,0.0
2023-04-06 00:00:00-04:00,47.47883372373317,47.69400830545481,46.94557420189794,47.35721206665039,284000,0.0,0.0
2023-04-10 00:00:00-04:00,47.113968126328935,48.255332263137035,46.79588321453725,47.69400405883789,349800,0.0,0.0
2023-04-11 00:00:00-04:00,48.461148468802904,50.397723063759315,48.05886451247718,49.883174896240234,266000,0.0,0.0
2023-04-12 00:00:00-04:00,50.416435847183465,50.4445010086057,48.73245835436364,49.17216491699219,177500,0.0,0.0
2023-04-13 00:00:00-04:00,49.63057454545817,49.92994813522068,48.70438861738499,49.53702163696289,140000,0.0,0.0
2023-04-14 00:00:00-04:00,50.004790105370404,50.818711777209906,49.9860788111102,50.69709014892578,234200,0.0,0.0
2023-04-17 00:00:00-04:00,50.51934640609158,50.5661228649268,49.26571803770633,49.74284362792969,246700,0.0,0.0
2023-04-18 00:00:00-04:00,50.163838299704985,50.9309836357059,49.85511082000462,50.10770797729492,219800,0.0,0.0
2023-04-19 00:00:00-04:00,49.1253819813375,50.145124422152584,47.572380092178406,49.99543762207031,293900,0.0,0.0
2023-04-20 00:00:00-04:00,49.359270108962576,50.11706157683274,48.30210859591759,49.21894073486328,361800,0.0,0.0
2023-04-21 00:00:00-04:00,49.321853822739904,49.86446718992294,48.115001866866756,49.59315872192383,178800,0.0,0.0
2023-04-24 00:00:00-04:00,49.40605459747516,50.43515104239691,49.40605459747516,49.47154235839844,160600,0.0,0.0
2023-04-25 00:00:00-04:00,49.11602798327685,49.91123843738493,48.021443929823505,48.49856948852539,443300,0.0,0.0
2023-04-26 00:00:00-04:00,48.54535333521921,49.30314488139273,48.086939002785435,48.80730438232422,436300,0.0,0.0
2023-04-27 00:00:00-04:00,45.008996263143224,45.37385764016715,42.20236589364835,43.100486755371094,1046500,0.0,0.0
2023-04-28 00:00:00-04:00,43.03499436321076,43.455989587048585,41.407147353976065,41.650390625,442200,0.0,0.0
2023-05-01 00:00:00-04:00,41.13583923352005,43.50276259392141,40.65871016137324,43.128543853759766,575500,0.0,0.0
2023-05-02 00:00:00-04:00,42.81046401875301,42.87595533945845,39.66704122155864,40.6119384765625,441100,0.0,0.0
2023-05-03 00:00:00-04:00,40.67743070435,40.91131657792756,39.002806993019085,39.05894088745117,409200,0.0,0.0
2023-05-04 00:00:00-04:00,38.67537018413511,38.825057008160954,36.60781981202344,37.40303039550781,390100,0.0,0.0
2023-05-05 00:00:00-04:00,37.973708899215794,38.909252352195914,37.374961660318924,37.9924201965332,282800,0.0,0.0
2023-05-08 00:00:00-04:00,38.198234006841886,38.637936923621226,36.95395972582742,37.6275520324707,242600,0.0,0.0
2023-05-09 00:00:00-04:00,37.262698485976856,37.384316568714226,36.51426084763685,37.010101318359375,199200,0.0,0.0
2023-05-10 00:00:00-04:00,37.48722524369492,38.347927061716405,37.197205493384914,38.0391960144043,250500,0.0,0.0
2023-05-11 00:00:00-04:00,37.42174230696486,38.17017643934106,37.42174230696486,37.964359283447266,349800,0.0,0.0
2023-05-12 00:00:00-04:00,38.1795246969746,38.67536152134616,37.54335494515488,38.067256927490234,349100,0.0,0.0
2023-05-15 00:00:00-04:00,38.18888344571234,38.21694860726665,36.963320238158545,37.983062744140625,211000,0.0,0.0
2023-05-16 00:00:00-04:00,37.32817648688441,37.32817648688441,36.50489744119448,36.551673889160156,206700,0.0,0.0
2023-05-17 00:00:00-04:00,37.169138253214534,38.114039070484445,36.7949230405495,37.90821838378906,299900,0.0,0.0
2023-05-18 00:00:00-04:00,37.93628051901318,38.787624788636094,37.824016321044915,38.759559631347656,326400,0.0,0.0
2023-05-19 00:00:00-04:00,38.90924952011059,39.12442407037632,37.67433253756787,37.90821838378906,349900,0.0,0.0
2023-05-22 00:00:00-04:00,38.1701730220747,38.563103136903955,37.66497868964357,38.2263069152832,309200,0.0,0.0
2023-05-23 00:00:00-04:00,38.245018415734776,41.1358479082154,37.81466570315212,39.704463958740234,687900,0.0,0.0
2023-05-24 00:00:00-04:00,39.751244643519414,40.031906978049435,38.35728326671851,39.05894088745117,285200,0.0,0.0
2023-05-25 00:00:00-04:00,38.918604340373165,39.29282313105199,38.02048352532183,39.040225982666016,277000,0.0,0.0
2023-05-26 00:00:00-04:00,39.17119682117087,39.4518590963292,38.666006153411644,39.105709075927734,209400,0.0,0.0
2023-05-30 00:00:00-04:00,39.5641337568636,40.20030359479814,39.133784622029964,40.07868194580078,318100,0.0,0.0
2023-05-31 00:00:00-04:00,39.030871661672926,39.910281170007764,38.14210472083255,38.768917083740234,543200,0.0,0.0
2023-06-01 00:00:00-04:00,39.12442283673868,39.12442283673868,38.37598886619279,38.60051727294922,255500,0.0,0.0
2023-06-02 00:00:00-04:00,39.264747716140704,40.96743598829341,39.20861384155479,40.79903793334961,354800,0.0,0.0
2023-06-05 00:00:00-04:00,40.462250945147346,40.593226446560585,38.98409070047851,39.76059341430664,227300,0.0,0.0
2023-06-06 00:00:00-04:00,39.56413117467516,42.20236327264621,39.45186339732098,41.79072189331055,229700,0.0,0.0
2023-06-07 00:00:00-04:00,42.4549628584601,43.82085544210359,41.99654499662123,43.41857147216797,265600,0.0,0.0
2023-06-08 00:00:00-04:00,43.39050294040088,43.96118497290522,42.32398405878314,43.680519104003906,178800,0.0,0.0
2023-06-09 00:00:00-04:00,43.717941160688746,43.717941160688746,42.46431290475002,42.810462951660156,220500,0.0,0.0
2023-06-12 00:00:00-04:00,42.97886191881801,43.371791997185696,42.35204956248894,43.044349670410156,189800,0.0,0.0
2023-06-13 00:00:00-04:00,43.25017695721785,44.67220355086447,42.8853155515825,43.437286376953125,258800,0.0,0.0
2023-06-14 00:00:00-04:00,43.3243066348807,43.3243066348807,41.71447343313938,42.22283935546875,231200,0.29,0.0
2023-06-15 00:00:00-04:00,41.97807860139534,43.11720029912562,41.893350333475546,43.088958740234375,208800,0.0,0.0
2023-06-16 00:00:00-04:00,43.32430986562941,43.72912225759904,41.81803011211001,42.18518829345703,713400,0.0,0.0
2023-06-20 00:00:00-04:00,42.20401107551241,43.18308864341758,41.96865523482696,43.1077766418457,281200,0.0,0.0
2023-06-21 00:00:00-04:00,42.97598553150588,43.569079769025905,42.524099077330014,43.19251251220703,179000,0.0,0.0
2023-06-22 00:00:00-04:00,42.994809374921765,44.105689388441895,42.32639955409484,43.81385040283203,270500,0.0,0.0
2023-06-23 00:00:00-04:00,44.15276201575995,45.018869881150174,43.62556358166664,44.18100357055664,758300,0.0,0.0
2023-06-26 00:00:00-04:00,44.359877456916216,45.301301023606904,43.860924115768846,44.218666076660156,177600,0.0,0.0
2023-06-27 00:00:00-04:00,44.30338965733971,45.40485339011761,43.80443277769861,45.30129623413086,180300,0.0,0.0
2023-06-28 00:00:00-04:00,45.27305494182893,46.51573363838449,45.075356874478175,46.33686447143555,234300,0.0,0.0
2023-06-29 00:00:00-04:00,46.54397817442671,47.419502347336525,46.04502485118087,46.12975311279297,223600,0.0,0.0
2023-06-30 00:00:00-04:00,46.628699292144496,46.628699292144496,44.80233921095269,44.87765121459961,290000,0.0,0.0
2023-07-03 00:00:00-04:00,45.16950030183891,46.383937511076304,45.16950030183891,45.85673904418945,143000,0.0,0.0
2023-07-05 00:00:00-04:00,45.66844878767798,45.790834838533165,45.169495521396236,45.2071533203125,201200,0.0,0.0
2023-07-06 00:00:00-04:00,45.00945731667971,45.25422583831365,44.444601080897066,44.96238327026367,275500,0.0,0.0
2023-07-07 00:00:00-04:00,45.02828323582884,45.988531949718045,45.02828323582884,45.50840759277344,179100,0.0,0.0
2023-07-10 00:00:00-04:00,45.41427795812657,46.45925518152031,45.41427795812657,45.93206024169922,249800,0.0,0.0
2023-07-11 00:00:00-04:00,46.553394394105254,47.56071728644495,46.40276677257537,47.16531753540039,232700,0.0,0.0
2023-07-12 00:00:00-04:00,48.04084182118972,49.368248861318996,47.84314374082374,48.539798736572266,247600,0.0,0.0
2023-07-13 00:00:00-04:00,48.407996623929364,49.217621441606205,48.219714789233564,48.64335250854492,225500,0.0,0.0
2023-07-14 00:00:00-04:00,48.351508261923065,48.72807548168768,47.65485333892813,47.89020919799805,228800,0.0,0.0
2023-07-17 00:00:00-04:00,47.91846136287353,48.64335435470498,47.306534603150325,48.46448516845703,156700,0.0,0.0
2023-07-18 00:00:00-04:00,48.191468154496356,49.942516456621775,48.191468154496356,49.34941864013672,165200,0.0,0.0
2023-07-19 00:00:00-04:00,50.836867368030234,51.54293497036399,49.0199197840584,49.678916931152344,343300,0.0,0.0
2023-07-20 00:00:00-04:00,49.66950068535706,49.83895719721681,48.72807721557872,49.678916931152344,233400,0.0,0.0
2023-07-21 00:00:00-04:00,49.9519326276968,49.9519326276968,47.42891733893854,47.61720275878906,331200,0.0,0.0
2023-07-24 00:00:00-04:00,47.654857714408465,48.72807995570704,45.47075542900364,47.31594467163086,332500,0.0,0.0
2023-07-25 00:00:00-04:00,47.01468739759517,47.231214367502766,46.026193459757664,46.270965576171875,199500,0.0,0.0
2023-07-26 00:00:00-04:00,46.19564447123759,48.23853505125947,46.19564447123759,48.0784912109375,245400,0.0,0.0
2023-07-27 00:00:00-04:00,48.17264207155311,50.601516591755406,46.72285251157342,47.83373260498047,467300,0.0,0.0
2023-07-28 00:00:00-04:00,48.295028118908164,48.67159898103738,46.03561371987056,46.289794921875,398300,0.0,0.0
2023-07-31 00:00:00-04:00,46.261553475256655,46.72285260291054,44.70820674554628,45.084774017333984,390300,0.0,0.0
2023-08-01 00:00:00-04:00,44.67054464795039,47.193559850562984,44.67054464795039,46.694602966308594,467900,0.0,0.0
2023-08-02 00:00:00-04:00,46.52514530363713,47.410085647477146,46.52514530363713,46.892303466796875,246700,0.0,0.0
2023-08-03 00:00:00-04:00,46.88289223237342,47.372432911000104,46.30862329030661,46.60987854003906,270600,0.0,0.0
2023-08-04 00:00:00-04:00,46.656948787729974,47.306529693660195,46.41217667274487,46.525146484375,289200,0.0,0.0
2023-08-07 00:00:00-04:00,46.43100876636541,47.22180468465187,46.17682397928271,47.184146881103516,207300,0.0,0.0
2023-08-08 00:00:00-04:00,46.675774613390146,47.11824117614584,45.197736548721174,45.86614990234375,274900,0.0,0.0
2023-08-09 00:00:00-04:00,46.22389335101447,47.259461376765245,45.87556765449851,47.127662658691406,258900,0.0,0.0
2023-08-10 00:00:00-04:00,47.315943115408224,48.26678285317732,46.4592478815619,47.240631103515625,226200,0.0,0.0
2023-08-11 00:00:00-04:00,46.864063560452315,48.81281003789707,46.66636547520334,48.25736999511719,200100,0.0,0.0
2023-08-14 00:00:00-04:00,48.01260425794947,48.21971860198643,47.11825110744433,47.861976623535156,236000,0.0,0.0
2023-08-15 00:00:00-04:00,47.96552803880295,47.97494069365399,46.92996003415155,47.428916931152344,287000,0.0,0.0
2023-08-16 00:00:00-04:00,47.44774696171053,48.01259963860762,47.01468941209397,47.400672912597656,323300,0.0,0.0
2023-08-17 00:00:00-04:00,47.5230598449707,49.095239023448364,47.30653286182627,47.5230598449707,384400,0.0,0.0
2023-08-18 00:00:00-04:00,47.0335180095458,48.87870723948094,46.72285011663375,48.756324768066406,310600,0.0,0.0
2023-08-21 00:00:00-04:00,48.49272426308716,49.23644971081716,48.12556966240282,48.436241149902344,286200,0.0,0.0
2023-08-22 00:00:00-04:00,48.29502762414388,48.53038351275203,47.61720510699958,48.069087982177734,263500,0.0,0.0
2023-08-23 00:00:00-04:00,47.76783175789163,49.34000733793346,47.40067356250414,49.3211784362793,278800,0.0,0.0
2023-08-24 00:00:00-04:00,49.04815563441576,49.79188095094072,48.60568909712789,48.73748779296875,302900,0.0,0.0
2023-08-25 00:00:00-04:00,48.991684925160435,49.89545071777198,48.13498959422212,48.7751579284668,263200,0.0,0.0
2023-08-28 00:00:00-04:00,48.94460688247613,50.02724169825544,48.94460688247613,49.72598648071289,280500,0.0,0.0
2023-08-29 00:00:00-04:00,49.80129931759804,50.7427227179969,49.80129931759804,50.37556457519531,156800,0.0,0.0
2023-08-30 00:00:00-04:00,50.14021805914687,50.836873085278526,50.14021805914687,50.53561782836914,183300,0.0,0.0
2023-08-31 00:00:00-04:00,50.47912738333971,50.89335602435371,50.07431498848276,50.19670104980469,145100,0.0,0.0
2023-09-01 00:00:00-04:00,50.42264132167592,50.516782230265164,49.99900005053339,50.31908416748047,129100,0.0,0.0
2023-09-05 00:00:00-04:00,49.67892059733887,50.62034413659204,48.67159769763765,50.27201843261719,237900,0.0,0.0
2023-09-06 00:00:00-04:00,50.19669871440251,50.83686695596242,49.18937589720438,49.40590286254883,273800,0.0,0.0
2023-09-07 00:00:00-04:00,49.292938820876174,49.622435634687136,48.57745489482104,48.80339813232422,301200,0.0,0.0
2023-09-08 00:00:00-04:00,48.95402099277662,49.951931175093165,48.351510539772505,49.019920349121094,263600,0.0,0.0
2023-09-11 00:00:00-04:00,49.57536226071665,49.82013079498432,48.39858286448691,48.58686828613281,287900,0.0,0.0
2023-09-12 00:00:00-04:00,48.276194528963345,49.72598753876339,48.276194528963345,48.831634521484375,265600,0.0,0.0
2023-09-13 00:00:00-04:00,49.21762031871401,49.31176482515982,48.266784146708495,48.58686828613281,313900,0.0,0.0
2023-09-14 00:00:00-04:00,49.02236390865087,51.27561383554681,49.02236390865087,51.190406799316406,377800,0.29,0.0
2023-09-15 00:00:00-04:00,50.7454441183275,51.23775111314377,49.32532903727498,49.760833740234375,700700,0.0,0.0
2023-09-18 00:00:00-04:00,49.85550158715265,50.19632974994727,49.16437941772537,49.476802825927734,197200,0.0,0.0
2023-09-19 00:00:00-04:00,49.59041342370066,49.97857801939016,48.75727833604796,48.92769241333008,169500,0.0,0.0
2023-09-20 00:00:00-04:00,49.06023485768325,49.46733474353883,48.53005733826836,48.64366912841797,146000,0.0,0.0
2023-09-21 00:00:00-04:00,48.1797647306472,48.48272228999914,47.734794235300726,47.8105354309082,173100,0.0,0.0
2023-09-22 00:00:00-04:00,47.99988388314023,48.30284143665235,46.11586321141899,46.532432556152344,234000,0.0,0.0
2023-09-25 00:00:00-04:00,46.49456383396133,47.450772973629334,46.49456383396133,46.835391998291016,179600,0.0,0.0
2023-09-26 00:00:00-04:00,46.712312096937936,46.72177794036032,45.803439443756375,46.26734161376953,194500,0.0,0.0
2023-09-27 00:00:00-04:00,46.50402722078361,46.89219180708602,46.087461492800664,46.60816955566406,211300,0.0,0.0
2023-09-28 00:00:00-04:00,44.733618922077575,46.96793358788365,44.55373900328566,46.532432556152344,290800,0.0,0.0
2023-09-29 00:00:00-04:00,47.07207693654131,47.337163898681446,45.02711160057983,45.21645736694336,293300,0.0,0.0
2023-10-02 00:00:00-04:00,45.30166175526071,45.907580451396775,44.03302569255811,44.11823272705078,237600,0.0,0.0
2023-10-03 00:00:00-04:00,43.88155400753115,44.10877400671667,42.328895449638054,42.71706008911133,192200,0.0,0.0
2023-10-04 00:00:00-04:00,42.76439911076933,42.97268382160364,41.98806978507366,42.55611801147461,249000,0.0,0.0
2023-10-05 00:00:00-04:00,42.404635058333575,42.404635058333575,40.160850742597624,40.378604888916016,292500,0.0,0.0
2023-10-06 00:00:00-04:00,40.0472373421375,41.05078645194422,39.30877878884014,40.435401916503906,189600,0.0,0.0
2023-10-09 00:00:00-04:00,39.876825602955144,40.93718066783795,39.48866100592059,40.833038330078125,165800,0.0,0.0
2023-10-10 00:00:00-04:00,40.94664717862855,41.71351054154999,40.70996135678677,41.410552978515625,325400,0.0,0.0
2023-10-11 00:00:00-04:00,41.59043166498474,42.04486799600958,40.40700259100166,41.12652587890625,210500,0.0,0.0
2023-10-12 00:00:00-04:00,41.07919319594343,41.07919319594343,38.996357112899524,40.25552749633789,250000,0.0,0.0
2023-10-13 00:00:00-04:00,40.37859960263824,40.51114307501767,39.37505049363308,39.61173629760742,228300,0.0,0.0
2023-10-16 00:00:00-04:00,40.39753857233314,41.63777370892258,40.29339983350114,41.59990310668945,370300,0.0,0.0
2023-10-17 00:00:00-04:00,41.382150663952494,43.644866676324135,41.382150663952494,43.550193786621094,307200,0.0,0.0
2023-10-18 00:00:00-04:00,43.067357502252676,43.86262207773353,42.83067165968741,43.49338912963867,230800,0.0,0.0
2023-10-19 00:00:00-04:00,43.332440526304225,44.2318473680849,42.8401335854186,43.22829818725586,225800,0.0,0.0
2023-10-20 00:00:00-04:00,43.34190177410596,43.843678117081836,42.79279260581328,43.038944244384766,341300,0.0,0.0
2023-10-23 00:00:00-04:00,42.90640689477413,43.644865527327056,42.29102229328726,43.218833923339844,334200,0.0,0.0
2023-10-24 00:00:00-04:00,42.546642937931935,43.47445094587622,41.19279971931448,41.647239685058594,384700,0.0,0.0
2023-10-25 00:00:00-04:00,41.56203570910024,41.97860149496824,40.30286528372161,41.02239227294922,441400,0.0,0.0
2023-10-26 00:00:00-04:00,44.970306896120654,48.42592139696451,43.862618965060236,46.541900634765625,911400,0.0,0.0
2023-10-27 00:00:00-04:00,46.8069853560897,47.19514994724828,44.932434139406354,46.532432556152344,572500,0.0,0.0
2023-10-30 00:00:00-04:00,46.97740837666448,47.20462839083451,44.58214863450597,44.998714447021484,308300,0.0,0.0
2023-10-31 00:00:00-04:00,44.72415587026785,45.40580860244955,43.900486584425465,45.301666259765625,349300,0.0,0.0
2023-11-01 00:00:00-04:00,45.57622506698577,46.96793897086911,44.58214525487166,46.788055419921875,187500,0.0,0.0
2023-11-02 00:00:00-04:00,47.11940974159028,48.956090258955314,46.79751690746046,48.29336929321289,326000,0.0,0.0
2023-11-03 00:00:00-04:00,48.90875702772406,50.69810122446998,48.90875702772406,50.139522552490234,228900,0.0,0.0
2023-11-06 00:00:00-05:00,49.7229615480343,49.7229615480343,48.94663228413923,49.552547454833984,364100,0.0,0.0
2023-11-07 00:00:00-05:00,49.76083553688663,49.76083553688663,48.36912155151367,48.36912155151367,294900,0.0,0.0
2023-11-08 00:00:00-05:00,48.35017679074589,48.586862599829836,47.40343355441009,47.6779899597168,231600,0.0,0.0
2023-11-09 00:00:00-05:00,47.76320221396756,47.76320221396756,45.642495543793814,45.97385787963867,238300,0.0,0.0
2023-11-10 00:00:00-05:00,46.248406826454335,47.06260660825389,45.462611798313574,46.579769134521484,284800,0.0,0.0
2023-11-13 00:00:00-05:00,46.5513689395027,47.337167656133374,46.16320430918398,46.986873626708984,238100,0.0,0.0
2023-11-14 00:00:00-05:00,49.10757369862862,51.976208338220594,49.10757369862862,51.55963897705078,280200,0.0,0.0
2023-11-15 00:00:00-05:00,51.777388210382824,53.25430901385442,51.50283540645879,52.22235870361328,357900,0.0,0.0
2023-11-16 00:00:00-05:00,51.815265831280556,52.72413862820702,47.630661738219445,48.25551223754883,441500,0.0,0.0
2023-11-17 00:00:00-05:00,49.486276827039966,50.59396484633398,48.927698089269484,49.66615676879883,258700,0.0,0.0
2023-11-20 00:00:00-05:00,49.29692230435582,50.49928670343023,49.22118471995044,49.89337158203125,168500,0.0,0.0
2023-11-21 00:00:00-05:00,49.26852371532248,49.836568268192046,48.86142379486826,49.391597747802734,184900,0.0,0.0
2023-11-22 00:00:00-05:00,49.92177107333096,50.32887095921761,49.164377196636785,49.46733474731445,132400,0.0,0.0
2023-11-24 00:00:00-05:00,49.344260575685965,50.06378751768082,48.45432315957563,49.978580474853516,78800,0.0,0.0
2023-11-27 00:00:00-05:00,49.69455492397093,49.81762894651558,48.918222134130666,49.12650680541992,163100,0.0,0.0
2023-11-28 00:00:00-05:00,49.969106030851854,49.969106030851854,48.67206882977567,48.700469970703125,136200,0.0,0.0
2023-11-29 00:00:00-05:00,49.23065444791736,49.940711963993095,48.77621807101361,49.72296142578125,166500,0.0,0.0
2023-11-30 00:00:00-05:00,49.85549654258514,50.29099754585083,48.44484759187311,48.53952407836914,213900,0.0,0.0
2023-12-01 00:00:00-05:00,48.47325555542923,50.72650552179351,48.47325555542923,50.60342788696289,184500,0.0,0.0
2023-12-04 00:00:00-05:00,50.054311708407845,51.43655951787692,50.054311708407845,50.74543380737305,138900,0.0,0.0
2023-12-05 00:00:00-05:00,50.016446740466854,50.016446740466854,47.58331330867443,48.236568450927734,268400,0.0,0.0
2023-12-06 00:00:00-05:00,48.993971468797376,49.18332087311029,47.43184339764021,47.573856353759766,217000,0.0,0.0
2023-12-07 00:00:00-05:00,47.60225860770864,47.91468567382366,46.82592928235199,47.905216217041016,430900,0.0,0.0
2023-12-08 00:00:00-05:00,47.86734811102176,48.64367741831916,47.223562303281554,47.573856353759766,130500,0.0,0.0
2023-12-11 00:00:00-05:00,47.687455083033875,48.29337016729467,47.18568233104393,47.706390380859375,166900,0.0,0.0
2023-12-12 00:00:00-05:00,47.48864198028006,47.48864198028006,45.973854202415836,46.02119064331055,159100,0.0,0.0
2023-12-13 00:00:00-05:00,46.07799162060516,50.78330666514277,45.793969371755274,50.48981857299805,364400,0.0,0.0
2023-12-14 00:00:00-05:00,51.965580171015624,53.05097276336212,51.44192266420767,52.736778259277344,388300,0.3,0.0
2023-12-15 00:00:00-05:00,53.10809500418387,53.10809500418387,51.2705431610773,51.994140625,708500,0.0,0.0
2023-12-18 00:00:00-05:00,53.07001585778482,53.25091341481339,51.85132630063116,52.20360565185547,283200,0.0,0.0
2023-12-19 00:00:00-05:00,52.63204290715821,54.05067232113302,52.63204290715821,53.90785598754883,182300,0.0,0.0
2023-12-20 00:00:00-05:00,53.6603118861004,54.479117785212225,51.97509585392218,52.05126190185547,219500,0.0,0.0
2023-12-21 00:00:00-05:00,53.8983302074024,53.92689201794699,52.82245721592861,53.81264114379883,158400,0.0,0.0
2023-12-22 00:00:00-05:00,53.50797801568921,54.26965668131357,53.25091078504654,53.69839859008789,88100,0.0,0.0
2023-12-26 00:00:00-05:00,53.964990765037875,55.44074401245185,53.18426959848414,55.012298583984375,178300,0.0,0.0
2023-12-27 00:00:00-05:00,55.031330982796064,55.87869865810264,54.612408657916994,55.26935577392578,101300,0.0,0.0
2023-12-28 00:00:00-05:00,55.05038104391811,55.231278602779334,54.460080496923574,54.78379440307617,159500,0.0,0.0
2023-12-29 00:00:00-05:00,54.850434510571084,55.18366777181374,53.45084754941163,53.517494201660156,155400,0.0,0.0
2024-01-02 00:00:00-05:00,52.95574976241768,54.55527650585804,52.95574976241768,53.441322326660156,222000,0.0,0.0
2024-01-03 00:00:00-05:00,52.62252287511715,52.774858600840425,51.01347654516696,51.194374084472656,170900,0.0,0.0
2024-01-04 00:00:00-05:00,50.91826977487518,51.946538755086586,50.51838981499557,51.18485641479492,249000,0.0,0.0
2024-01-05 00:00:00-05:00,50.642156507928085,52.34641499361925,50.642156507928085,51.67042541503906,174800,0.0,0.0
2024-01-08 00:00:00-05:00,51.45144250618097,52.63204350016048,51.41335766586672,52.27024841308594,118100,0.0,0.0
2024-01-09 00:00:00-05:00,51.72754980590333,52.01317883137323,51.0134754262435,51.841800689697266,101900,0.0,0.0
2024-01-10 00:00:00-05:00,51.56569616873996,51.65138524807088,50.86114111291125,51.546653747558594,75700,0.0,0.0
2024-01-11 00:00:00-05:00,50.96587392663534,51.12773269486226,49.347308036189524,50.34701156616211,245100,0.0,0.0
2024-01-12 00:00:00-05:00,50.76593275796605,50.78497517919205,47.576401658005665,48.23334884643555,173200,0.0,0.0
2024-01-16 00:00:00-05:00,47.82394377396875,48.566580009382044,47.119392379338265,48.09053039550781,193200,0.0,0.0
2024-01-17 00:00:00-05:00,47.34789395030333,48.54754100585432,47.34789395030333,48.42376708984375,123900,0.0,0.0
2024-01-18 00:00:00-05:00,49.04262181910348,49.04262181910348,48.14764999494612,48.842681884765625,107700,0.0,0.0
2024-01-19 00:00:00-05:00,48.97597777936249,49.69005212452488,47.938189585781004,48.385677337646484,162500,0.0,0.0
2024-01-22 00:00:00-05:00,48.66179289099274,50.44221745845643,48.66179289099274,50.11850357055664,129200,0.0,0.0
2024-01-23 00:00:00-05:00,51.11820553208933,51.40383820208871,49.29969617720734,49.44251251220703,112900,0.0,0.0
2024-01-24 00:00:00-05:00,50.45174157202449,51.746593519557344,46.56717483351455,48.014366149902344,320000,0.0,0.0
2024-01-25 00:00:00-05:00,48.87125420416935,49.97568914275096,48.49041306729145,49.642452239990234,239700,0.0,0.0
2024-01-26 00:00:00-05:00,50.21371053401707,50.356523226666546,49.15687990134887,49.24256896972656,98400,0.0,0.0
2024-01-29 00:00:00-05:00,49.09023306615568,50.727841120560235,48.85220828066962,50.613590240478516,162200,0.0,0.0
2024-01-30 00:00:00-05:00,50.23274887512598,50.79448751129151,49.87095381804782,50.32796096801758,97800,0.0,0.0
2024-01-31 00:00:00-05:00,49.28065006930519,50.17562558865257,47.79537772991165,48.13813400268555,213100,0.0,0.0
2024-02-01 00:00:00-05:00,48.452323852389725,49.40442297664802,47.99531670858213,49.20448303222656,157300,0.0,0.0
2024-02-02 00:00:00-05:00,48.204792395155145,49.48060570351501,47.662096041715664,48.77605056762695,126200,0.0,0.0
2024-02-05 00:00:00-05:00,47.77634163292296,48.93790390391568,47.41454289356989,48.23334884643555,117700,0.0,0.0
2024-02-06 00:00:00-05:00,47.88106904886527,49.83287165838781,47.74777574362522,49.8043098449707,156700,0.0,0.0
2024-02-07 00:00:00-05:00,49.97569284559886,50.9087497049154,49.53772441614781,50.81353759765625,182300,0.0,0.0
2024-02-08 00:00:00-05:00,50.66119863913368,52.803421884751316,50.15658721461868,52.555877685546875,445200,0.0,0.0
2024-02-09 00:00:00-05:00,52.68916597859792,54.75521934653356,51.98461102461036,54.50767517089844,271200,0.0,0.0
2024-02-12 00:00:00-05:00,54.79330764807867,57.35445679317088,54.79330764807867,56.630859375,460400,0.0,0.0
2024-02-13 00:00:00-05:00,54.60288894229566,55.92630991205509,53.29851402478762,54.69810104370117,433400,0.0,0.0
2024-02-14 00:00:00-05:00,49.509160122930375,53.6698327547711,47.97627977647055,53.54606246948242,656500,0.0,0.0
2024-02-15 00:00:00-05:00,53.94593823458981,54.26013270058558,51.384792802920664,51.470481872558594,346000,0.0,0.0
2024-02-16 00:00:00-05:00,51.02299581225197,51.90844835080893,49.842391216852626,50.156585693359375,303500,0.0,0.0
2024-02-20 00:00:00-05:00,49.366347474261886,49.47107897884826,48.56658391338572,48.64275360107422,239600,0.0,0.0
2024-02-21 00:00:00-05:00,48.46185032123173,50.17562814028364,48.46185032123173,48.985504150390625,242300,0.0,0.0
2024-02-22 00:00:00-05:00,49.24257354943379,50.20419217779908,48.737958485625555,48.92837905883789,287500,0.0,0.0
2024-02-23 00:00:00-05:00,48.890293923756204,49.69005742086164,48.34759765414576,49.32826232910156,190400,0.0,0.0
2024-02-26 00:00:00-05:00,49.00454645248153,49.785267497420435,48.27142964063008,48.433284759521484,214600,0.0,0.0
2024-02-27 00:00:00-05:00,48.88077093801086,49.7471810268845,48.756997030466046,48.99502182006836,253400,0.0,0.0
2024-02-28 00:00:00-05:00,48.38568465491579,49.00455063376769,48.319037996512726,48.78556823730469,254900,0.0,0.0
2024-02-29 00:00:00-05:00,49.34729813515054,50.86113221864992,49.15687758860683,49.98520278930664,321600,0.0,0.0
2024-03-01 00:00:00-05:00,49.785262849822175,50.194665753701706,49.423464174586115,49.98520278930664,208000,0.0,0.0
2024-03-04 00:00:00-05:00,49.8614365131455,50.461260055282644,48.880775451660156,48.880775451660156,270400,0.0,0.0
2024-03-05 00:00:00-05:00,48.385682944424744,49.72814272361121,48.385682944424744,48.79508590698242,215300,0.0,0.0
2024-03-06 00:00:00-05:00,49.156882295492835,49.870956689428645,48.61418604665923,48.985504150390625,397900,0.0,0.0
2024-03-07 00:00:00-05:00,49.23305142344551,51.756115892711406,49.23305142344551,51.30862808227539,262100,0.0,0.0
2024-03-08 00:00:00-05:00,52.17503657038975,52.87959159180741,49.46155524405682,49.661495208740234,232700,0.0,0.0
2024-03-11 00:00:00-04:00,49.40442473525683,50.16610333538234,49.09975329520663,49.68053436279297,108300,0.0,0.0
2024-03-12 00:00:00-04:00,49.851916718705866,50.56599114772025,49.404428914293,49.8328742980957,108200,0.0,0.0
2024-03-13 00:00:00-04:00,49.62340411407058,50.794485572155104,49.62340411407058,49.98520278930664,142400,0.0,0.0
2024-03-14 00:00:00-04:00,50.09054122178944,50.186296862366355,48.96060712933287,49.57345199584961,191700,0.3,0.0
2024-03-15 00:00:00-04:00,49.362783685210026,50.54059556173609,49.362783685210026,50.49271774291992,364100,0.0,0.0
2024-03-18 00:00:00-04:00,50.75126609176779,51.49817034835929,49.90860253763654,49.93733215332031,248200,0.0,0.0
2024-03-19 00:00:00-04:00,49.41066417043349,50.80872066407708,49.41066417043349,50.22460174560547,214300,0.0,0.0
2024-03-20 00:00:00-04:00,50.18629675447132,52.04398320871182,49.97562996224278,51.69926071166992,130600,0.0,0.0
2024-03-21 00:00:00-04:00,51.79501396337505,52.90579614353277,51.27792476239386,52.225921630859375,202900,0.0,0.0
2024-03-22 00:00:00-04:00,52.091869258666534,52.407865821930095,51.373690934252075,52.00568771362305,211800,0.0,0.0
2024-03-25 00:00:00-04:00,52.20677132777736,52.647253110837056,51.498167180941074,51.77586364746094,96000,0.0,0.0
2024-03-26 00:00:00-04:00,52.225930532001996,52.580230828832896,51.68968938186671,51.81417465209961,120400,0.0,0.0
2024-03-27 00:00:00-04:00,52.31210362776805,54.007004699658594,52.22592209350774,53.805912017822266,193800,0.0,0.0
2024-03-28 00:00:00-04:00,53.81548557465007,55.00287145088463,53.81548557465007,54.524085998535156,147800,0.0,0.0
2024-04-01 00:00:00-04:00,54.56239994555978,54.56239994555978,53.54737328116896,53.786766052246094,123700,0.0,0.0
2024-04-02 00:00:00-04:00,52.963252515464475,52.963252515464475,51.7854406418089,52.235496520996094,163800,0.0,0.0
2024-04-03 00:00:00-04:00,52.12059079135315,52.972828412744626,51.50774592441292,51.957801818847656,124000,0.0,0.0
2024-04-04 00:00:00-04:00,52.36955724833975,52.38870910689065,50.4256892659674,50.84701919555664,147800,0.0,0.0
2024-04-05 00:00:00-04:00,50.645931485444216,50.732113024756885,49.78411974516118,50.521446228027344,203300,0.0,0.0
2024-04-08 00:00:00-04:00,50.97150982634596,51.02896540805924,49.841575622558594,49.841575622558594,141100,0.0,0.0
2024-04-09 00:00:00-04:00,49.89902516801956,51.46944101643826,49.84156959325664,50.83744430541992,288700,0.0,0.0
2024-04-10 00:00:00-04:00,49.362784716446754,49.67878490235315,48.26158024929606,48.84569549560547,212800,0.0,0.0
2024-04-11 00:00:00-04:00,48.405213484687685,48.52012098228381,47.160371911006465,48.204124450683594,351100,0.0,0.0
2024-04-12 00:00:00-04:00,47.91686578579577,48.30946984856961,47.26571704955949,47.782806396484375,240300,0.0,0.0
2024-04-15 00:00:00-04:00,48.23284924179002,48.47224198679988,46.94970398242344,47.256126403808594,265400,0.0,0.0
2024-04-16 00:00:00-04:00,46.78692152731942,47.6391591671614,46.30813600805147,47.45722198486328,197300,0.0,0.0
2024-04-17 00:00:00-04:00,47.99346267296756,47.99346267296756,46.53795415765979,46.557106018066406,188400,0.0,0.0
2024-04-18 00:00:00-04:00,46.70074096900642,47.476374841541706,46.02086639404297,46.02086639404297,187100,0.0,0.0
2024-04-19 00:00:00-04:00,45.79104986602123,47.131650871733186,45.79104986602123,46.557106018066406,205400,0.0,0.0
2024-04-22 00:00:00-04:00,46.87310492806496,47.52425355235166,46.547530615921616,47.265708923339844,318800,0.0,0.0
2024-04-23 00:00:00-04:00,47.65831531048896,48.90315704192122,47.65831531048896,48.74037170410156,161700,0.0,0.0
2024-04-24 00:00:00-04:00,48.31902645757925,49.35320477695665,48.31902645757925,48.95102310180664,217700,0.0,0.0
2024-04-25 00:00:00-04:00,53.07816267030459,55.29972717542761,51.94822855873503,54.26554870605469,600000,0.0,0.0
2024-04-26 00:00:00-04:00,56.975475323225176,61.93569346712168,55.97960059215359,59.656673431396484,817300,0.0,0.0
2024-04-29 00:00:00-04:00,59.97267980727209,60.34613195674562,57.76068922205606,57.80856704711914,349100,0.0,0.0
2024-04-30 00:00:00-04:00,56.81269251510342,56.81269251510342,55.22312105515444,55.38591003417969,373300,0.0,0.0
2024-05-01 00:00:00-04:00,55.26142242432541,56.43923433497465,54.17936980692623,54.849666595458984,280400,0.0,0.0
2024-05-02 00:00:00-04:00,55.39548384345687,55.39548384345687,54.26554971096281,54.65815734863281,213300,0.0,0.0
2024-05-03 00:00:00-04:00,55.424210961343256,55.66360371332385,53.959124835288435,54.03573226928711,143600,0.0,0.0
2024-05-06 00:00:00-04:00,54.34216406435039,55.45294647884713,54.30386034075019,55.2901611328125,144800,0.0,0.0
2024-05-07 00:00:00-04:00,55.385906539395776,56.046629211428915,54.86881732501673,54.878395080566406,121800,0.0,0.0
2024-05-08 00:00:00-04:00,54.23682592398366,55.63487883794946,53.52822536335719,55.57742691040039,122600,0.0,0.0
2024-05-09 00:00:00-04:00,55.74978366856559,56.429658188220436,55.452935349507385,56.01790237426758,338100,0.0,0.0
2024-05-10 00:00:00-04:00,56.218995683848306,56.49669216609294,53.93997920617878,55.59657669067383,191900,0.0,0.0
2024-05-13 00:00:00-04:00,55.88384512789661,58.01922805713378,55.673178335279395,55.701904296875,252500,0.0,0.0
2024-05-14 00:00:00-04:00,56.31475704851553,57.502143153059535,55.95087901196774,56.72651290893555,302400,0.0,0.0
2024-05-15 00:00:00-04:00,57.14784230985986,57.415961043177354,55.66360786738355,57.06166076660156,217800,0.0,0.0
2024-05-16 00:00:00-04:00,57.272319072602905,57.40637841936452,56.19026289070189,57.13825607299805,113300,0.0,0.0
2024-05-17 00:00:00-04:00,57.14784047588133,57.14784047588133,55.92215070251454,56.487117767333984,108100,0.0,0.0
2024-05-20 00:00:00-04:00,56.39136463837796,56.39136463837796,55.108219146728516,55.108219146728516,124400,0.0,0.0
2024-05-21 00:00:00-04:00,55.52953848677141,55.53911258858743,54.811360306746565,54.9071159362793,95600,0.0,0.0
2024-05-22 00:00:00-04:00,54.63901057655639,54.95500715335345,54.13149538830048,54.24640655517578,151200,0.0,0.0
2024-05-23 00:00:00-04:00,54.48580150932619,54.48580150932619,52.90580760390889,53.54737854003906,198400,0.0,0.0
2024-05-24 00:00:00-04:00,53.94955379147495,54.37088374382713,53.47076826036596,54.19852066040039,102400,0.0,0.0
2024-05-28 00:00:00-04:00,54.5145228301372,54.849671252861754,53.700588859038255,53.92082977294922,134700,0.0,0.0
2024-05-29 00:00:00-04:00,53.07816308670716,53.39415963070994,52.26422916311959,52.695133209228516,163400,0.0,0.0
2024-05-30 00:00:00-04:00,53.17391455611648,53.8920927803875,53.03985520537415,53.499488830566406,156300,0.0,0.0
2024-05-31 00:00:00-04:00,53.9016743434326,54.74433422272506,53.65270382917159,54.26554870605469,145300,0.0,0.0
2024-06-03 00:00:00-04:00,54.782640314211925,56.113663523767464,54.40918817948411,55.654029846191406,153700,0.0,0.0
2024-06-04 00:00:00-04:00,55.175242632839534,55.55827251227367,54.09318998119886,54.86882019042969,154000,0.0,0.0
2024-06-05 00:00:00-04:00,55.12736361635052,55.63487509068439,54.294277847406875,54.983726501464844,121100,0.0,0.0
2024-06-06 00:00:00-04:00,54.79221813893561,55.194396237500186,54.05488797205679,54.88797378540039,187500,0.0,0.0
2024-06-07 00:00:00-04:00,54.12191945908002,54.92627933586293,53.69101172993848,54.14107131958008,183400,0.0,0.0
2024-06-10 00:00:00-04:00,54.75391595952158,56.42966538970284,54.33258598924265,54.734764099121094,181800,0.0,0.0
2024-06-11 00:00:00-04:00,54.42833689164644,54.47621471205022,53.623977089194774,54.25597381591797,238800,0.0,0.0
2024-06-12 00:00:00-04:00,56.104088517219715,57.530871002998815,55.539121446051304,56.02748107910156,146900,0.0,0.0
2024-06-13 00:00:00-04:00,55.81681438030794,55.81681438030794,54.035731738609144,54.370880126953125,173500,0.0,0.0
2024-06-14 00:00:00-04:00,53.629634101207664,54.284241319922394,52.87876262713616,54.09170913696289,158000,0.3,0.0
2024-06-17 00:00:00-04:00,53.7547890489643,55.4298145309707,53.34084607560198,55.40093231201172,131400,0.0,0.0
2024-06-18 00:00:00-04:00,55.23728142607075,55.680102938998026,54.88109555188248,54.890724182128906,119900,0.0,0.0
2024-06-20 00:00:00-04:00,54.44789930059749,54.46715288765268,52.657356099173604,53.369720458984375,139400,0.0,0.0
2024-06-21 00:00:00-04:00,53.292704451727694,53.52374012878518,52.44556506727652,52.695858001708984,424300,0.0,0.0
2024-06-24 00:00:00-04:00,52.38780660212316,54.120592617035804,52.31079593048596,53.3504638671875,162800,0.0,0.0
2024-06-25 00:00:00-04:00,53.15793853377317,53.15793853377317,51.74283109430772,51.94498825073242,96300,0.0,0.0
2024-06-26 00:00:00-04:00,51.5791774853422,52.09900961213286,51.16523457191441,51.67544174194336,135600,0.0,0.0
2024-06-27 00:00:00-04:00,51.64656117362852,52.22415403507199,51.09784685358347,52.1663932800293,121300,0.0,0.0
2024-06-28 00:00:00-04:00,52.64772953965485,53.177194023875714,51.8968579762091,52.43594741821289,343200,0.0,0.0
2024-07-01 00:00:00-04:00,52.44557078239531,52.840260139937484,51.357766973658585,51.7620849609375,117200,0.0,0.0
2024-07-02 00:00:00-04:00,51.742827085117256,52.108637867622306,51.35776271698079,51.771705627441406,85200,0.0,0.0
2024-07-03 00:00:00-04:00,52.031625630114426,52.67660792199985,51.598429116496774,51.723575592041016,54700,0.0,0.0
2024-07-05 00:00:00-04:00,51.579180660433785,51.579180660433785,50.077433928188135,50.26996612548828,90600,0.0,0.0
2024-07-08 00:00:00-04:00,50.529886245800405,51.540675735422624,50.37586121568889,50.75129699707031,224700,0.0,0.0
2024-07-09 00:00:00-04:00,50.53950408191936,50.53950408191936,49.35543614124104,49.403568267822266,144200,0.0,0.0
2024-07-10 00:00:00-04:00,49.87527657616173,50.847558843922805,49.37469433406081,50.09668731689453,136500,0.0,0.0
2024-07-11 00:00:00-04:00,51.434779371518665,53.273454651139794,51.434779371518665,53.05204391479492,175800,0.0,0.0
2024-07-12 00:00:00-04:00,53.34083986238817,54.95810439034196,53.0231648688148,54.57304000854492,234000,0.0,0.0
2024-07-15 00:00:00-04:00,54.46715569658825,56.13255250416301,53.841426937886894,54.370887756347656,250900,0.0,0.0
2024-07-16 00:00:00-04:00,55.208395802055264,56.48873179961347,55.208395802055264,56.122920989990234,240300,0.0,0.0
2024-07-17 00:00:00-04:00,55.46831556139178,57.57653751126968,54.75595117778867,57.05670166015625,166200,0.0,0.0
2024-07-18 00:00:00-04:00,56.8064044789138,58.10599401030497,55.61271150813164,55.997772216796875,174400,0.0,0.0
2024-07-19 00:00:00-04:00,55.83412840712268,56.296203511891356,54.621181716135716,54.967735290527344,154200,0.0,0.0
2024-07-22 00:00:00-04:00,55.275778061829776,55.33353881939164,53.995445816632895,54.871463775634766,100800,0.0,0.0
2024-07-23 00:00:00-04:00,54.3420027952833,54.42864209514879,53.11942764040192,53.18681335449219,236400,0.0,0.0
2024-07-24 00:00:00-04:00,53.196439967509214,55.141008124397736,53.196439967509214,54.303497314453125,195300,0.0,0.0
2024-07-25 00:00:00-04:00,54.43826865056022,55.11212948349762,53.610382799143935,54.92922592163086,171700,0.0,0.0
2024-07-26 00:00:00-04:00,55.689724461784586,56.86416756664294,53.889556302625856,56.122920989990234,159000,0.0,0.0
2024-07-29 00:00:00-04:00,56.04591397318579,56.83529273289997,54.33238133554703,54.62118148803711,182200,0.0,0.0
2024-07-30 00:00:00-04:00,54.823334669718975,55.68009909010322,54.05320955433125,55.33354187011719,133400,0.0,0.0
2024-07-31 00:00:00-04:00,55.362419258075924,59.16491629667684,54.84258711120023,57.31661605834961,203400,0.0,0.0
2024-08-01 00:00:00-04:00,57.730558957876006,58.14450188708317,54.80407990979386,56.16142654418945,216400,0.0,0.0
2024-08-02 00:00:00-04:00,53.658521084600125,54.13984974865477,52.45519942446351,53.80291748046875,285900,0.0,0.0
2024-08-05 00:00:00-04:00,52.29154756753379,59.299691982075515,51.87760460843072,55.62234115600586,562700,0.0,0.0
2024-08-06 00:00:00-04:00,57.51877451275972,57.51877451275972,55.34317059886041,55.42018127441406,164600,0.0,0.0
2024-08-07 00:00:00-04:00,55.92076225075251,57.4802660358866,55.14100852206239,56.604248046875,242400,0.0,0.0
2024-08-08 00:00:00-04:00,57.26847755443265,58.50067757617845,57.11445255171443,57.64391326904297,200700,0.0,0.0
2024-08-09 00:00:00-04:00,57.84607364130759,57.855698597909864,56.83528427475597,57.56690216064453,222000,0.0,0.0
2024-08-12 00:00:00-04:00,57.36474409020815,58.163747676075,55.52606894037474,55.631961822509766,236200,0.0,0.0
2024-08-13 00:00:00-04:00,56.38283663829479,56.7101402606312,55.218022209956374,55.911136627197266,147200,0.0,0.0
2024-08-14 00:00:00-04:00,56.12291879251494,56.864165340144375,54.678932869865776,54.842586517333984,147800,0.0,0.0
2024-08-15 00:00:00-04:00,56.62350333056679,58.423671492707236,56.62350333056679,57.364749908447266,225100,0.0,0.0
2024-08-16 00:00:00-04:00,57.075955580321086,59.06865601561698,57.05670199251069,58.558448791503906,153600,0.0,0.0
2024-08-19 00:00:00-04:00,58.62582961253953,59.04939749222556,58.028979457043576,58.76060104370117,249700,0.0,0.0
2024-08-20 00:00:00-04:00,59.74251190648095,59.74251190648095,58.27927240541184,58.76060104370117,177200,0.0,0.0
2024-08-21 00:00:00-04:00,59.453715547226,59.77139423127396,58.59695110442461,58.67396545410156,142400,0.0,0.0
2024-08-22 00:00:00-04:00,58.48143163117065,59.24193178804266,57.432135015507534,57.557281494140625,93600,0.0,0.0
2024-08-23 00:00:00-04:00,57.82682064088333,60.62815308796501,57.82682064088333,60.223838806152344,170400,0.0,0.0
2024-08-26 00:00:00-04:00,60.647409727405275,61.398281244149615,60.098695361746536,60.685916900634766,184900,0.0,0.0
2024-08-27 00:00:00-04:00,60.64741105014366,61.01322185930998,60.24309673915423,60.38749313354492,110300,0.0,0.0
2024-08-28 00:00:00-04:00,60.04093511671456,60.81106022667697,59.26118504948532,59.69437789916992,101700,0.0,0.0
2024-08-29 00:00:00-04:00,60.30085333133774,60.493385527852425,58.90499949691402,59.95429611206055,127600,0.0,0.0
2024-08-30 00:00:00-04:00,60.16608328437479,60.377869072654605,59.5499831791022,60.01205825805664,150400,0.0,0.0
2024-09-03 00:00:00-04:00,59.2323018673998,59.2323018673998,57.96159453861936,58.02898025512695,185000,0.0,0.0
2024-09-04 00:00:00-04:00,57.865330730332516,57.865330730332516,56.729394825698186,56.864166259765625,89900,0.0,0.0
2024-09-05 00:00:00-04:00,57.384001127116825,57.384001127116825,56.11329380955251,56.35395812988281,125800,0.0,0.0
2024-09-06 00:00:00-04:00,55.911136551514694,56.507983036527506,54.93885064284055,55.55495071411133,169900,0.0,0.0
2024-09-09 00:00:00-04:00,55.439439783429556,55.70898268016742,55.0254968078698,55.2180290222168,237100,0.0,0.0
2024-09-10 00:00:00-04:00,56.47910636352949,56.47910636352949,50.67428357408328,52.06051254272461,329700,0.0,0.0
2024-09-11 00:00:00-04:00,51.51178627379507,51.89685063104762,50.59726485175054,51.54066848754883,192600,0.0,0.0
2024-09-12 00:00:00-04:00,52.59958997901758,53.27345076830943,51.65618634290734,52.33967208862305,158700,0.0,0.0
2024-09-13 00:00:00-04:00,53.152795617108566,55.24367215583601,52.881757228283874,54.169193267822266,157600,0.3,0.0
2024-09-16 00:00:00-04:00,54.29502615822338,55.02102490145548,53.63678700228329,53.733585357666016,94200,0.0,0.0
2024-09-17 00:00:00-04:00,54.333750129014454,55.572786874361434,54.02399094267771,54.720947265625,225800,0.0,0.0
2024-09-18 00:00:00-04:00,54.66287101957683,56.83118537524344,53.75295015713777,54.69190979003906,186300,0.0,0.0
2024-09-19 00:00:00-04:00,56.59887435667144,56.782792745187464,55.34047333300809,56.656951904296875,116800,0.0,0.0
2024-09-20 00:00:00-04:00,56.11486747623219,56.92798626612193,55.301748686342464,55.776065826416016,402700,0.0,0.0
2024-09-23 00:00:00-04:00,55.80511020425703,56.05678816786592,54.517670537485245,55.379188537597656,108400,0.0,0.0
2024-09-24 00:00:00-04:00,55.95999161328815,55.95999161328815,54.98231111285189,55.601829528808594,82100,0.0,0.0
2024-09-25 00:00:00-04:00,57.247427919534324,57.247427919534324,55.20495059288732,55.24367141723633,157600,0.0,0.0
2024-09-26 00:00:00-04:00,54.60479309551114,56.33751122877719,54.556393910933764,56.20199203491211,194700,0.0,0.0
2024-09-27 00:00:00-04:00,57.111905491620234,57.84758264947098,56.27942627838067,57.169986724853516,211200,0.0,0.0
2024-09-30 00:00:00-04:00,56.618233078119715,57.102232321181496,56.17295096811079,56.608551025390625,169200,0.0,0.0
2024-10-01 00:00:00-04:00,56.31814481799557,57.12158153574525,55.87286645911642,56.163265228271484,112000,0.0,0.0
2024-10-02 00:00:00-04:00,55.717991104116955,56.07614949020856,54.624151841456644,54.65319061279297,91700,0.0,0.0
2024-10-03 00:00:00-04:00,54.159509591958255,54.19823041302436,53.123751630474715,53.67551040649414,107700,0.0,0.0
2024-10-04 00:00:00-04:00,54.72094941912794,56.16326868752421,54.72094941912794,55.553428649902344,176200,0.0,0.0
2024-10-07 00:00:00-04:00,55.16623020623286,55.16623020623286,53.89815097828016,53.99494934082031,124800,0.0,0.0
2024-10-08 00:00:00-04:00,54.03367233276367,54.61446991656988,53.094712669410015,54.03367233276367,138100,0.0,0.0
2024-10-09 00:00:00-04:00,53.97559053741415,54.11111341867599,52.01055491687925,52.02023696899414,122600,0.0,0.0
2024-10-10 00:00:00-04:00,51.623362673774025,52.388078695659345,50.90704214658349,51.90407943725586,190100,0.0,0.0
2024-10-11 00:00:00-04:00,52.146079054456386,53.036639609876914,51.93312189179035,52.87207794189453,135400,0.0,0.0
2024-10-14 00:00:00-04:00,52.591355084715524,53.21087347272639,52.29127425000114,53.19151306152344,111600,0.0,0.0
2024-10-15 00:00:00-04:00,52.83336140366155,54.40151798428509,52.83336140366155,53.12376022338867,129200,0.0,0.0
2024-10-16 00:00:00-04:00,53.820709903173885,55.31142833482632,53.62711317604676,54.953269958496094,119500,0.0,0.0
2024-10-17 00:00:00-04:00,54.98230444048852,55.52438483497712,54.45958445572671,54.96294403076172,124100,0.0,0.0
2024-10-18 00:00:00-04:00,55.37918822906007,55.37918822906007,54.701588602566964,54.856468200683594,116000,0.0,0.0
2024-10-21 00:00:00-04:00,54.96295642799736,55.13719646221888,53.07536221163323,53.09471893310547,174800,0.0,0.0
2024-10-22 00:00:00-04:00,53.08503441777233,53.143115653319455,52.32999681876457,52.53327560424805,113400,0.0,0.0
2024-10-23 00:00:00-04:00,52.82367375037274,54.70158936529928,52.82367375037274,53.69487380981445,251900,0.0,0.0
2024-10-24 00:00:00-04:00,55.50503116104825,58.61230529318042,54.78871068471017,55.601829528808594,389900,0.0,0.0
2024-10-25 00:00:00-04:00,55.61151259893273,56.163271429031006,54.79839373995298,55.050071716308594,226800,0.0,0.0
2024-10-28 00:00:00-04:00,55.42758813300839,57.92502583936489,55.30175099657656,57.75078582763672,272300,0.0,0.0
2024-10-29 00:00:00-04:00,56.93767083710222,57.58623174500381,56.143912371399026,56.95703125,145200,0.0,0.0
2024-10-30 00:00:00-04:00,56.666630849346106,58.28318650836058,56.666630849346106,57.08287048339844,156800,0.0,0.0
2024-10-31 00:00:00-04:00,56.86991201383539,57.169992878911614,54.837116635921255,54.914554595947266,196000,0.0,0.0
2024-11-01 00:00:00-04:00,55.66958774857306,56.4343073898869,54.9339105709662,55.28239059448242,149400,0.0,0.0
2024-11-04 00:00:00-05:00,54.95326764881139,56.9473456109492,54.95326764881139,55.44694519042969,162400,0.0,0.0
2024-11-05 00:00:00-05:00,55.44694998024798,56.59887049790123,55.17591159615123,56.569828033447266,124500,0.0,0.0
2024-11-06 00:00:00-05:00,57.876623615050626,63.53941262075207,57.876623615050626,62.59077835083008,400900,0.0,0.0
2024-11-07 00:00:00-05:00,62.53269577026367,64.12989462282387,61.87445655646124,62.53269577026367,276300,0.0,0.0
2024-11-08 00:00:00-05:00,62.213254522703274,63.25869457731451,61.62277859477014,62.53269577026367,206300,0.0,0.0
2024-11-11 00:00:00-05:00,63.05542259804509,64.41062199441215,63.036065877275846,64.40093994140625,183700,0.0,0.0
2024-11-12 00:00:00-05:00,64.29445748816232,64.42997668500458,62.13582500614458,62.77470016479492,215600,0.0,0.0
2024-11-13 00:00:00-05:00,63.85886018181821,65.00109867065235,63.413581772305534,63.50069808959961,303600,0.0,0.0
2024-11-14 00:00:00-05:00,63.74269908353233,64.1492566768364,62.14550009813217,62.67790222167969,108900,0.0,0.0
2024-11-15 00:00:00-05:00,63.065102330305855,63.065102330305855,61.1775045593357,61.90350341796875,113700,0.0,0.0
2024-11-18 00:00:00-05:00,62.07773863820404,63.181256292799546,61.39046061720103,61.400142669677734,141800,0.0,0.0
2024-11-19 00:00:00-05:00,60.528940462089174,61.53565971245505,60.093344124011345,60.56766128540039,96200,0.0,0.0
2024-11-20 00:00:00-05:00,60.141746292558395,60.16110670517514,59.076945754364,59.706146240234375,102700,0.0,0.0
2024-11-21 00:00:00-05:00,59.79327108121503,61.77766737698095,59.79327108121503,61.17750930786133,158400,0.0,0.0
2024-11-22 00:00:00-05:00,62.44559198785288,64.59455006954397,62.34879360453881,64.43966674804688,169100,0.0,0.0
2024-11-25 00:00:00-05:00,65.40765143318023,68.61172376609399,65.37861266288968,67.40172576904297,239100,0.0,0.0
2024-11-26 00:00:00-05:00,66.19172859850157,67.41140866262633,65.05917223157805,67.2081298828125,139700,0.0,0.0
2024-11-27 00:00:00-05:00,67.42110026041489,68.07933956763637,66.89838015892347,67.692138671875,166200,0.0,0.0
2024-11-29 00:00:00-05:00,67.9728540654153,68.51493084789276,66.68541432178907,66.92741394042969,101100,0.0,0.0
2024-12-02 00:00:00-05:00,66.68540683062693,67.47916519519093,65.66900559241773,67.10164642333984,117400,0.0,0.0
2024-12-03 00:00:00-05:00,67.03389566309053,67.34365488554639,66.34661761905545,66.89837646484375,113800,0.0,0.0
2024-12-04 00:00:00-05:00,66.72414072364805,67.55662007216782,65.41734415081817,66.09494018554688,173600,0.0,0.0
2024-12-05 00:00:00-05:00,66.03685768610649,66.79189532114148,65.27213799837448,65.50445556640625,74800,0.0,0.0
2024-12-06 00:00:00-05:00,65.9690950256701,66.43373014016699,64.96237576393752,65.3979721069336,122100,0.0,0.0
2024-12-09 00:00:00-05:00,65.84325934183398,66.00782471116861,64.98174120718602,65.02046203613281,83100,0.0,0.0
2024-12-10 00:00:00-05:00,65.0494984571082,65.78517940998384,64.27510406192995,65.07854461669922,127600,0.0,0.0
2024-12-11 00:00:00-05:00,65.43668505859117,66.24012543792152,64.37188838195294,65.04948425292969,171200,0.0,0.0
2024-12-12 00:00:00-05:00,65.27212606450097,65.66900152960837,64.47836774904519,65.427001953125,121100,0.0,0.0
2024-12-13 00:00:00-05:00,65.71892717852324,66.41951508421512,64.11341446526004,64.72642517089844,99700,0.35,0.0
2024-12-16 00:00:00-05:00,64.22045032170217,65.69946348693247,64.05503579195167,65.35890197753906,75400,0.0,0.0
2024-12-17 00:00:00-05:00,65.15454978321817,65.82594761825146,63.617149703072414,63.64634704589844,97200,0.0,0.0
2024-12-18 00:00:00-05:00,64.19125673218699,64.81399986344637,61.26241307119029,61.6905517578125,118500,0.0,0.0
2024-12-19 00:00:00-05:00,62.77062788804471,63.02361219902132,60.92185584001713,61.34999084472656,195900,0.0,0.0
2024-12-20 00:00:00-05:00,60.80509090075955,62.751161417355654,60.80509090075955,61.30133819580078,445100,0.0,0.0
2024-12-23 00:00:00-05:00,61.272143058550085,61.885153715841106,60.79535327992648,61.2818717956543,118200,0.0,0.0
2024-12-24 00:00:00-05:00,61.787857092744225,62.53709240839273,61.641900040071796,62.4300651550293,81300,0.0,0.0
2024-12-26 00:00:00-05:00,62.20625808370695,62.6538542299666,61.79758059793469,62.624664306640625,71500,0.0,0.0
2024-12-27 00:00:00-05:00,62.14787643709558,62.478709188387164,61.29160649056359,61.87542724609375,71500,0.0,0.0
2024-12-30 00:00:00-05:00,61.583516566017835,62.284104438688345,60.48398364626369,61.60297775268555,99500,0.0,0.0
2024-12-31 00:00:00-05:00,62.07976654844739,62.48844406265135,61.019155955663535,61.64189910888672,76000,0.0,0.0
2025-01-02 00:00:00-05:00,61.68082473713961,62.41060260428389,60.561834234623696,60.66886520385742,133100,0.0,0.0
2025-01-03 00:00:00-05:00,60.970500902049245,61.88515438524826,60.250451857773015,61.39863586425781,132500,0.0,0.0
2025-01-06 00:00:00-05:00,61.73920418393986,62.94577181033468,61.71974299669327,61.92407989501953,190300,0.0,0.0
2025-01-07 00:00:00-05:00,62.274374447662375,63.636627873441775,62.10895992221992,62.683048248291016,202600,0.0,0.0
2025-01-08 00:00:00-05:00,62.22571729008283,63.023603626393594,61.51540072096385,62.91657638549805,148700,0.0,0.0
2025-01-10 00:00:00-05:00,61.81704632625642,62.20626265446273,61.11646213206385,61.67109298706055,163700,0.0,0.0
2025-01-13 00:00:00-05:00,60.941313594998896,62.49817515611478,60.941313594998896,62.264644622802734,160500,0.0,0.0
2025-01-14 00:00:00-05:00,62.97496601435821,64.9210403291471,62.790086578874266,64.82373809814453,191700,0.0,0.0
2025-01-15 00:00:00-05:00,66.43896603566684,67.80121933810763,66.10813701473523,66.64330291748047,176500,0.0,0.0
2025-01-16 00:00:00-05:00,66.21516833070538,67.10062810710919,66.04974640492374,66.48761749267578,191000,0.0,0.0
2025-01-17 00:00:00-05:00,66.93521593233176,66.93521593233176,66.17624826225855,66.46815490722656,146400,0.0,0.0
2025-01-21 00:00:00-05:00,67.27578012677391,68.43369657608122,67.05198576558489,68.19043731689453,188100,0.0,0.0
2025-01-22 00:00:00-05:00,67.73310347298002,67.9860951615604,65.57296023100932,66.45842742919922,153800,0.0,0.0
2025-01-23 00:00:00-05:00,66.22490794095802,67.35363463049737,66.04003592529415,67.25633239746094,94000,0.0,0.0
2025-01-24 00:00:00-05:00,67.95690128026754,69.26077473523449,66.46815584132774,69.18292999267578,126800,0.0,0.0
2025-01-27 00:00:00-05:00,69.31915809513124,70.71060138826726,69.14401112733498,70.62303161621094,166100,0.0,0.0
2025-01-28 00:00:00-05:00,70.55490957978728,71.45983421787477,70.15596087677717,71.12899780273438,134500,0.0,0.0
2025-01-29 00:00:00-05:00,70.62304546119194,71.70311740372622,69.83488023975457,71.27497863769531,189200,0.0,0.0
2025-01-30 00:00:00-05:00,72.12150699366958,73.6297099287981,72.12150699366958,73.2113037109375,282400,0.0,0.0
2025-01-31 00:00:00-05:00,72.71506982864985,73.63945215603302,71.90744720865904,72.24800872802734,199800,0.0,0.0
2025-02-03 00:00:00-05:00,69.72783930244496,71.79067311906364,69.55269233464868,70.62303161621094,213500,0.0,0.0
2025-02-04 00:00:00-05:00,70.4868148518685,72.57883882490358,70.34085779187701,72.42315673828125,122400,0.0,0.0
2025-02-05 00:00:00-05:00,72.49125720994573,73.40591437448208,72.26745543133333,73.00696563720703,114400,0.0,0.0
2025-02-06 00:00:00-05:00,73.22104500925387,74.42760898791762,72.77344881432514,72.95832824707031,172400,0.0,0.0
2025-02-07 00:00:00-05:00,72.68585989966421,72.68585989966421,70.94413022720737,71.00251007080078,238100,0.0,0.0
2025-02-10 00:00:00-05:00,71.10954033063557,71.15818772272387,69.76674462165778,71.12899780273438,209800,0.0,0.0
2025-02-11 00:00:00-05:00,70.58411153420431,72.92912706526592,70.58411153420431,72.74425506591797,353000,0.0,0.0
2025-02-12 00:00:00-05:00,74.70978485865501,74.70978485865501,68.91048482690252,69.85433197021484,492500,0.0,0.0
2025-02-13 00:00:00-05:00,72.3939644631438,73.71729556309543,70.88575393161997,71.58634185791016,358500,0.0,0.0
2025-02-14 00:00:00-05:00,72.209076561071,72.5009906373436,70.92466798810155,71.46956634521484,174100,0.0,0.0
2025-02-18 00:00:00-05:00,71.14847840354273,72.32585245299781,71.09982357703196,72.07286071777344,141200,0.0,0.0
2025-02-19 00:00:00-05:00,71.59607432537206,71.59607432537206,70.26301077509564,70.27274322509766,161500,0.0,0.0
2025-02-20 00:00:00-05:00,70.06840672691766,71.13874609918837,69.85433736772666,70.36031341552734,175600,0.0,0.0
2025-02-21 00:00:00-05:00,71.19711972068495,71.19711972068495,66.36112435677457,66.74060821533203,209500,0.0,0.0
2025-02-24 00:00:00-05:00,67.4509269713821,67.94717793787913,66.47788993635139,66.87683868408203,179800,0.0,0.0
2025-02-25 00:00:00-05:00,67.40227395416113,68.27800879386427,66.91575542362423,67.6260757446289,236100,0.0,0.0
2025-02-26 00:00:00-05:00,67.9569093419363,69.06617849578136,66.98387221557168,67.10063934326172,179800,0.0,0.0
2025-02-27 00:00:00-05:00,67.0033287171005,67.27577789054409,66.03029171269728,66.52654266357422,161400,0.0,0.0
2025-02-28 00:00:00-05:00,66.64330881985055,67.11036989370719,65.50485719591016,66.32221221923828,187900,0.0,0.0
2025-03-03 00:00:00-05:00,66.75033654671572,67.23685504548725,64.03556243272867,64.32747650146484,205000,0.0,0.0
2025-03-04 00:00:00-05:00,63.86041777189748,64.71669511167428,62.22571897215477,64.30801391601562,330400,0.0,0.0
2025-03-05 00:00:00-05:00,64.31774881861632,65.69945967582424,63.412824046901676,65.57296752929688,141900,0.0,0.0
2025-03-06 00:00:00-05:00,65.07671756242162,66.36112621747982,64.2593699745136,64.86265563964844,187000,0.0,0.0
2025-03-07 00:00:00-05:00,64.59020614263197,65.16430194631863,62.79008882188467,64.80427551269531,135100,0.0,0.0
2025-03-10 00:00:00-04:00,63.34470863993462,64.8821089161959,62.556551027786966,64.16206359863281,217300,0.0,0.0
2025-03-11 00:00:00-04:00,64.78481062743646,64.99887997302199,62.87765883973128,63.549049377441406,271800,0.0,0.0
2025-03-12 00:00:00-04:00,63.052806193406305,63.597704586429366,61.77812627344951,62.53709030151367,365800,0.0,0.0
2025-03-13 00:00:00-04:00,62.459250709501504,62.81926966738829,58.041661604981186,58.061119079589844,210900,0.0,0.0
2025-03-14 00:00:00-04:00,58.9616010222241,58.9616010222241,56.592955812117324,57.58152389526367,222600,0.35,0.0
2025-03-17 00:00:00-04:00,57.581526085958494,59.33353631113631,56.90616670566631,58.62881851196289,218800,0.0,0.0
2025-03-18 00:00:00-04:00,58.09048489665715,58.92244861005568,57.33682896549433,58.54072570800781,260100,0.0,0.0
2025-03-19 00:00:00-04:00,58.707113833624895,60.067614884300916,57.728335669542304,59.46077346801758,274200,0.0,0.0
2025-03-20 00:00:00-04:00,58.72669245188104,60.22422191460639,57.99260879623253,59.36289978027344,129800,0.0,0.0
2025-03-21 00:00:00-04:00,58.52114948222548,59.75440837155004,57.728337795968066,59.57822799682617,450800,0.0,0.0
2025-03-24 00:00:00-04:00,60.54722035153393,61.888145446777344,60.05783124909185,61.888145446777344,227200,0.0,0.0
2025-03-25 00:00:00-04:00,61.60430265658095,62.269872175497966,61.09533751071836,61.516212463378906,223600,0.0,0.0
2025-03-26 00:00:00-04:00,61.87835376881423,62.1621965851794,60.380820710441405,60.517852783203125,177900,0.0,0.0
2025-03-27 00:00:00-04:00,59.911013283562724,59.911013283562724,55.48693533033362,55.5358772277832,413700,0.0,0.0
2025-03-28 00:00:00-04:00,55.28138902928411,55.66311190738392,53.35319489414758,53.94046401977539,515100,0.0,0.0
2025-03-31 00:00:00-04:00,53.079137771240035,55.937171864737415,52.36463018130126,55.75120162963867,489900,0.0,0.0
2025-04-01 00:00:00-04:00,55.58481441436721,56.93552563090113,54.81157874666428,56.63210678100586,236400,0.0,0.0
2025-04-02 00:00:00-04:00,56.074203933111725,58.94202435571494,56.074203933111725,58.64838790893555,224300,0.0,0.0
2025-04-03 00:00:00-04:00,55.1932983493579,55.89801980025873,53.31404612527874,55.00733184814453,387500,0.0,0.0
2025-04-04 00:00:00-04:00,52.25696201782077,56.13292238705829,50.89646105996281,54.968177795410156,398400,0.0,0.0
2025-04-07 00:00:00-04:00,53.47065609348518,58.61902797347707,52.00248873906351,55.97632598876953,359700,0.0,0.0
2025-04-08 00:00:00-04:00,57.698972580554816,59.16713980278908,54.32218722266756,55.32054138183594,309400,0.0,0.0
2025-04-09 00:00:00-04:00,54.70391339746617,62.85713765481245,54.70391339746617,60.85063934326172,693100,0.0,0.0
2025-04-10 00:00:00-04:00,58.462421195719756,58.65817758165717,56.27974626681248,58.198150634765625,445700,0.0,0.0
2025-04-11 00:00:00-04:00,58.20794118658916,58.95181098133722,57.00404443958355,58.804996490478516,249600,0.0,0.0
2025-04-14 00:00:00-04:00,59.265020673519665,59.52929124185734,56.14271948536881,57.522796630859375,400800,0.0,0.0
2025-04-15 00:00:00-04:00,57.650033170565244,57.953452000323196,56.70061719263094,57.190006256103516,211200,0.0,0.0
2025-04-16 00:00:00-04:00,56.573376769780076,57.238946215732746,55.70226480680324,56.96488952636719,207500,0.0,0.0
2025-04-17 00:00:00-04:00,56.83764912288974,58.19815020787442,56.455926226670144,57.483642578125,190600,0.0,0.0
2025-04-21 00:00:00-04:00,57.434702941169185,57.806639688800736,55.90780766174154,56.935523986816406,176200,0.0,0.0
2025-04-22 00:00:00-04:00,58.5407264807486,59.245444257776775,57.10192130750583,58.481998443603516,307100,0.0,0.0
2025-04-23 00:00:00-04:00,59.4803507707765,61.46726929220627,57.76748894644257,57.77727508544922,254300,0.0,0.0
2025-04-24 00:00:00-04:00,56.84744195706349,59.94038104533396,54.752853387647754,58.844146728515625,338100,0.0,0.0
2025-04-25 00:00:00-04:00,57.71854874315488,59.030111614478436,57.24873567885511,58.96159744262695,254500,0.0,0.0
2025-04-28 00:00:00-04:00,58.96160047702128,59.911012793141914,58.57987384224913,59.764198303222656,208200,0.0,0.0
2025-04-29 00:00:00-04:00,59.11820363799863,60.08719194649122,57.70876066747495,60.03825378417969,210100,0.0,0.0
2025-04-30 00:00:00-04:00,59.53907793938235,59.53907793938235,57.473855400991255,59.43141174316406,219800,0.0,0.0
2025-05-01 00:00:00-04:00,59.98931482049677,60.92894096579887,59.588015920915105,60.46891403198242,226300,0.0,0.0
2025-05-02 00:00:00-04:00,60.97787785844893,62.044746188852635,60.635307000231265,61.40854263305664,184500,0.0,0.0
2025-05-05 00:00:00-04:00,61.22257239538792,62.50477311309549,61.12469607410925,61.40854263305664,226000,0.0,0.0
2025-05-06 00:00:00-04:00,60.449344426223604,62.0251780412909,60.234015745363074,61.48685073852539,153800,0.0,0.0
2025-05-07 00:00:00-04:00,62.162198496530046,62.77882977482008,61.41832874737656,61.78047561645508,210900,0.0,0.0
2025-05-08 00:00:00-04:00,62.35795562089714,65.04959555845383,62.04474690868084,64.06102752685547,241400,0.0,0.0
2025-05-09 00:00:00-04:00,64.10017813929593,64.61892935741643,63.34652225905164,63.51291275024414,132900,0.0,0.0
2025-05-12 00:00:00-04:00,67.31056740396205,70.27627135281084,65.87176985356047,66.74288177490234,301100,0.0,0.0
2025-05-13 00:00:00-04:00,67.26164440793589,68.7983260045308,66.65479918774139,67.6727294921875,239100,0.0,0.0
2025-05-14 00:00:00-04:00,67.2029122756295,67.94677830313805,66.6254292761985,66.66458129882812,179100,0.0,0.0
2025-05-15 00:00:00-04:00,66.53734645306002,67.41824087405027,65.66622697016172,67.33015441894531,151000,0.0,0.0
2025-05-16 00:00:00-04:00,67.41823642404948,67.89784309513684,66.9484270928629,67.839111328125,98500,0.0,0.0
2025-05-19 00:00:00-04:00,66.20455894549208,67.7901823679601,65.9305022356178,67.53569793701172,131800,0.0,0.0
2025-05-20 00:00:00-04:00,67.37908866384348,67.63357309036601,66.59607057317552,67.43782043457031,147600,0.0,0.0
2025-05-21 00:00:00-04:00,66.49818798762927,67.87826125633642,65.18662142126732,65.46067810058594,187500,0.0,0.0
2025-05-22 00:00:00-04:00,65.49983719477068,66.15561681502592,64.60915289080174,65.78368377685547,159700,0.0,0.0
2025-05-23 00:00:00-04:00,64.22742468699586,65.8424026553711,64.17848279265768,65.71516418457031,159500,0.0,0.0
2025-05-27 00:00:00-04:00,66.60586154958226,68.35786801018688,66.14583458660803,67.90763092041016,167200,0.0,0.0
2025-05-28 00:00:00-04:00,68.51447720384495,68.96471430080054,67.63357528915557,68.48511505126953,226100,0.0,0.0
2025-05-29 00:00:00-04:00,68.51447511374603,68.51447511374603,67.31057462248245,67.70208740234375,189300,0.0,0.0
2025-05-30 00:00:00-04:00,67.41824088391593,68.70044542579532,67.41824088391593,68.44596099853516,191300,0.0,0.0
2025-06-02 00:00:00-04:00,67.64336587839526,69.18983731527379,66.90928218629936,69.17025756835938,225800,0.0,0.0
2025-06-03 00:00:00-04:00,69.17025700116426,70.06094879132998,68.8374759812026,69.49325561523438,193200,0.0,0.0
2025-06-04 00:00:00-04:00,69.27791716440429,69.83582041847043,68.43616734704347,69.00386047363281,184200,0.0,0.0
2025-06-05 00:00:00-04:00,68.95491882584327,70.38394151996575,68.7102242842789,70.01200103759766,168500,0.0,0.0
2025-06-06 00:00:00-04:00,70.60905300343636,71.75422161202991,70.52096655699891,71.47037506103516,202800,0.0,0.0
2025-06-09 00:00:00-04:00,71.74444933981326,72.94834241605642,71.74444933981326,72.78195190429688,144600,0.0,0.0
2025-06-10 00:00:00-04:00,73.29091034273291,74.68078108885578,72.69385503180676,74.39693450927734,183700,0.0,0.0
2025-06-11 00:00:00-04:00,74.77864651576722,76.11956770098199,73.8781724778523,75.0037612915039,236100,0.0,0.0
2025-06-12 00:00:00-04:00,73.97605396331089,75.44422118025548,73.55517906242072,75.17994689941406,157400,0.0,0.0
2025-06-13 00:00:00-04:00,74.32451504930555,75.05213182504113,73.77389262586706,73.8328857421875,188400,0.35,0.0
2025-06-16 00:00:00-04:00,75.07179955154668,76.80233694803624,74.59000489346217,75.77974700927734,203200,0.0,0.0
2025-06-17 00:00:00-04:00,75.40610029817849,75.71090804692474,74.75714605697593,75.5142593383789,153200,0.0,0.0
2025-06-18 00:00:00-04:00,75.21928144119867,76.63517619827253,75.21928144119867,76.3205337524414,135800,0.0,0.0
2025-06-20 00:00:00-04:00,77.39228737580049,77.60860547888433,76.20254531050759,76.89082336425781,429300,0.0,0.0
2025-06-23 00:00:00-04:00,76.58601179423256,79.29980763212988,76.56634992295602,78.8868408203125,178100,0.0,0.0
2025-06-24 00:00:00-04:00,79.10315703282521,81.14833686765276,79.07366047298021,80.48955535888672,135500,0.0,0.0
2025-06-25 00:00:00-04:00,80.51905229412958,80.92219195167294,79.02450240889125,79.27031707763672,180200,0.0,0.0
2025-06-26 00:00:00-04:00,79.72260636528614,80.2240628329569,77.93307607447848,78.60169219970703,106900,0.0,0.0
2025-06-27 00:00:00-04:00,78.75901327925116,79.968424672106,78.70002016309606,79.21131134033203,255200,0.0,0.0
2025-06-30 00:00:00-04:00,79.26047403875869,79.5062886816027,77.74625493863942,78.59185791015625,168800,0.0,0.0
2025-07-01 00:00:00-04:00,78.44437599521275,81.91527792229657,78.44437599521275,81.3449935913086,167700,0.0,0.0
2025-07-02 00:00:00-04:00,81.07950244933545,85.13053054164195,81.07950244933545,84.97320556640625,245500,0.0,0.0
2025-07-03 00:00:00-04:00,84.67823611372432,86.5562562005377,84.23576522819138,86.10395812988281,118500,0.0,0.0
2025-07-07 00:00:00-04:00,84.9928726359798,86.22194584044888,84.06860718568544,85.7204818725586,257900,0.0,0.0
2025-07-08 00:00:00-04:00,85.81881428872121,87.0872188550625,84.29476787304098,84.84539031982422,283700,0.0,0.0
2025-07-09 00:00:00-04:00,85.60248985669024,86.05478790478237,84.9142118490865,85.68115234375,205000,0.0,0.0
2025-07-10 00:00:00-04:00,85.16003544970067,88.119646196943,85.16003544970067,85.99580383300781,233500,0.0,0.0
2025-07-11 00:00:00-04:00,85.96629603147882,86.92005803306633,84.34391791034206,86.77256774902344,241600,0.0,0.0
2025-07-14 00:00:00-04:00,86.76274152119677,87.73617298977602,85.16986730291838,87.27404022216797,215000,0.0,0.0
2025-07-15 00:00:00-04:00,87.14621334263617,87.88365734616124,83.40983489244344,83.42949676513672,232100,0.0,0.0
2025-07-16 00:00:00-04:00,83.98012046033851,84.97320624316924,82.97719248939251,83.74413299560547,210700,0.0,0.0
2025-07-17 00:00:00-04:00,81.08934035573795,81.87594275814901,74.79648362810939,75.02263641357422,511000,0.0,0.0
2025-07-18 00:00:00-04:00,75.69125538012575,75.7600831866524,74.491678607803,75.65192413330078,219700,0.0,0.0
2025-07-21 00:00:00-04:00,75.86823943430112,76.73350432744714,74.57033084208007,75.88790130615234,129400,0.0,0.0
2025-07-22 00:00:00-04:00,76.0845515001971,77.11697608151617,75.386438760147,76.54668426513672,222200,0.0,0.0
2025-07-23 00:00:00-04:00,76.6843404251021,79.07365925750803,75.88790331485622,78.61152648925781,318600,0.0,0.0
2025-07-24 00:00:00-04:00,80.97135437647971,80.97135437647971,74.07870862456787,74.16720581054688,437700,0.0,0.0
2025-07-25 00:00:00-04:00,76.14354872831751,78.75901271525893,74.37368023965955,77.49060821533203,351100,0.0,0.0
2025-07-28 00:00:00-04:00,77.02847470867914,78.0215679898019,74.90464004497557,75.08162689208984,274300,0.0,0.0
2025-07-29 00:00:00-04:00,74.87514936898023,75.17995715674947,71.18792934918477,72.52516174316406,482100,0.0,0.0
2025-07-30 00:00:00-04:00,72.88896147907359,72.99712053138246,70.37182171988847,70.99127197265625,365000,0.0,0.0
2025-07-31 00:00:00-04:00,70.33248407373603,72.09251780827788,70.29315283086906,71.13875579833984,316500,0.0,0.0
2025-08-01 00:00:00-04:00,70.6471339628909,70.71596176974728,69.15258408472306,70.45048522949219,291800,0.0,0.0
2025-08-04 00:00:00-04:00,70.98144405759317,70.98144405759317,68.62162180678243,69.1034164428711,208600,0.0,0.0
2025-08-05 00:00:00-04:00,69.90968914481971,71.69921960388348,69.50655699555338,71.33541870117188,246900,0.0,0.0
2025-08-06 00:00:00-04:00,71.68938861008658,73.31175930968938,71.15842806230704,73.1544418334961,257900,0.0,0.0
2025-08-07 00:00:00-04:00,73.6952341987412,74.20653290726308,71.83687591552734,71.83687591552734,176500,0.0,0.0
2025-08-08 00:00:00-04:00,72.55465232677874,73.47891780281022,72.06302303130117,73.00695037841797,166800,0.0,0.0
2025-08-11 00:00:00-04:00,73.15444054986757,74.37367910022618,72.78079748483756,74.04920196533203,163400,0.0,0.0
2025-08-12 00:00:00-04:00,75.20945422985045,77.4021243839851,74.44251366076652,77.18580627441406,217500,0.0,0.0
2025-08-13 00:00:00-04:00,77.55943445054572,80.14540932904094,77.26446137617431,79.78160095214844,338300,0.0,0.0
2025-08-14 00:00:00-04:00,78.66068921749748,78.91633855792136,77.49060906485347,77.99207305908203,178100,0.0,0.0
2025-08-15 00:00:00-04:00,78.30670986433744,78.30670986433744,76.59584209780053,77.59876251220703,285100,0.0,0.0
2025-08-18 00:00:00-04:00,77.49060562932172,78.08056677363145,76.57617485764271,77.02847290039062,181500,0.0,0.0
2025-08-19 00:00:00-04:00,77.26446072911179,78.58202362060547,76.99897671256642,78.58202362060547,112200,0.0,0.0
2025-08-20 00:00:00-04:00,77.0186459928265,77.69708930855421,75.93706306048202,76.85149383544922,154600,0.0,0.0
2025-08-21 00:00:00-04:00,76.33036322182578,77.57910585791991,75.31760805341945,76.95964813232422,152900,0.0,0.0
2025-08-22 00:00:00-04:00,77.57910333470133,81.84644196408028,77.1759637167641,80.83368682861328,239300,0.0,0.0
2025-08-25 00:00:00-04:00,80.52888178264892,82.22991497961974,79.82093438209796,81.11883544921875,185900,0.0,0.0
2025-08-26 00:00:00-04:00,81.08934321719744,83.65564893027123,80.9615147898147,81.88578033447266,258700,0.0,0.0
2025-08-27 00:00:00-04:00,81.69894885815705,83.18367136075445,81.69894885815705,83.1541748046875,119800,0.0,0.0
2025-08-28 00:00:00-04:00,83.45898534840076,83.45898534840076,81.51213756609921,82.91819763183594,245900,0.0,0.0
2025-08-29 00:00:00-04:00,83.14434393516636,83.56714542875662,80.27323065396486,80.81402587890625,137900,0.0,0.0
2025-09-02 00:00:00-04:00,79.29981203641273,80.88285907130238,78.96550019280171,80.86318969726562,166200,0.0,0.0
2025-09-03 00:00:00-04:00,80.27323242813318,81.48264382079219,79.65378220360124,80.25357055664062,209400,0.0,0.0
2025-09-04 00:00:00-04:00,80.74519680901835,81.93493878352824,79.64394450538066,81.70878601074219,170700,0.0,0.0
2025-09-05 00:00:00-04:00,82.0824354082522,83.58681994258643,80.7353683570611,81.73828887939453,114400,0.0,0.0
2025-09-08 00:00:00-04:00,81.43347875430014,82.34790957260594,79.70294147953119,81.62030029296875,146200,0.0,0.0
2025-09-09 00:00:00-04:00,81.32532280129364,81.92511118353218,80.33222945504599,81.89561462402344,178100,0.0,0.0
2025-09-10 00:00:00-04:00,81.13849241938254,81.7186188659945,79.42762463917805,79.84059143066406,160400,0.0,0.0
2025-09-11 00:00:00-04:00,80.22406903651462,82.23975225419983,79.69311597106075,81.58097076416016,234400,0.0,0.0
2025-09-12 00:00:00-04:00,81.41381626576239,81.71862403566563,78.13956327970067,78.51319885253906,153700,0.0,0.0
2025-09-15 00:00:00-04:00,79.26404918346334,79.26404918346334,77.45608023078586,77.89077758789062,179100,0.38,0.0
2025-09-16 00:00:00-04:00,77.99945153761047,78.53295092797211,76.65582511837475,78.35511779785156,180500,0.0,0.0
2025-09-17 00:00:00-04:00,78.88862105674147,79.66911052512529,76.89294475422531,77.0707778930664,206800,0.0,0.0
2025-09-18 00:00:00-04:00,77.99945537245272,80.13345303881724,77.00162098983688,78.91825866699219,235500,0.0,0.0
2025-09-19 00:00:00-04:00,78.7997087301948,78.7997087301948,76.7447496773423,77.65367126464844,250500,0.0,0.0
2025-09-22 00:00:00-04:00,77.59439441859726,78.08837451481634,76.7447480500974,77.6635513305664,206700,0.0,0.0
2025-09-23 00:00:00-04:00,77.57462993774067,79.0170584320988,77.31776571823075,77.94017791748047,188100,0.0,0.0
2025-09-24 00:00:00-04:00,77.8314991939689,79.08621280199141,77.27824392352368,77.59439086914062,142900,0.0,0.0
2025-09-25 00:00:00-04:00,74.79846868115025,76.19149623412807,72.73363540266865,74.0377426147461,216600,0.0,0.0
2025-09-26 00:00:00-04:00,74.22544749400578,74.78858450939879,73.64255459102802,74.09701538085938,179900,0.0,0.0
2025-09-29 00:00:00-04:00,74.7589477953991,75.11461407644612,72.47676210662921,74.85774230957031,286400,0.0,0.0
2025-09-30 00:00:00-04:00,74.53172105027605,75.48016195240896,73.2967707812168,75.17388916015625,121700,0.0,0.0
2025-10-01 00:00:00-04:00,74.99606589333457,76.94234124646002,74.61075446285167,76.55703735351562,126100,0.0,0.0
2025-10-02 00:00:00-04:00,76.10256732731592,76.70522360739704,74.39340052973841,75.52954864501953,111800,0.0,0.0
2025-10-03 00:00:00-04:00,75.69751370519276,76.37920112187845,74.81822972476336,75.2232894897461,140400,0.0,0.0
2025-10-06 00:00:00-04:00,75.3122161486532,75.47028587537652,72.74351336716532,72.7533950805664,124000,0.0,0.0
2025-10-07 00:00:00-04:00,72.75338638177197,73.03989573583634,70.89602397400131,71.58759307861328,123600,0.0,0.0
2025-10-08 00:00:00-04:00,71.69627421264362,72.88182348393077,70.56011843076269,71.15289306640625,138100,0.0,0.0
2025-10-09 00:00:00-04:00,71.03434373095769,71.59748077392578,69.83891272878117,71.59748077392578,127100,0.0,0.0
2025-10-10 00:00:00-04:00,71.82469801953955,72.36807910290402,69.47335563728636,69.8487777709961,216400,0.0,0.0
2025-10-13 00:00:00-04:00,70.23408607609886,71.51843733421934,69.93770254252048,70.99481964111328,139200,0.0,0.0
2025-10-14 00:00:00-04:00,70.32300494455025,75.75678585964955,70.32300494455025,75.01581573486328,179700,0.0,0.0
2025-10-15 00:00:00-04:00,74.5712368778266,75.38136391496147,74.2946016989555,74.3835220336914,124500,0.0,0.0
2025-10-16 00:00:00-04:00,74.68978484798237,74.75894175606928,73.3757960567934,73.72158813476562,120500,0.0,0.0
2025-10-17 00:00:00-04:00,73.78086894770696,74.52183910684802,73.30664472933985,73.95870208740234,116800,0.0,0.0
2025-10-20 00:00:00-04:00,74.17605754908162,76.1717339421404,73.30664770306356,74.88739013671875,145400,0.0,0.0
2025-10-21 00:00:00-04:00,75.02570349470899,76.79415323958794,74.85774452435648,76.55703735351562,178800,0.0,0.0
2025-10-22 00:00:00-04:00,76.0828230998544,77.11030269321655,75.26281426031458,76.90282440185547,242900,0.0,0.0
2025-10-23 00:00:00-04:00,74.3440026588695,74.3440026588695,64.65211582060242,64.69163513183594,463300,0.0,0.0
2025-10-24 00:00:00-04:00,64.69163668527919,66.87502780497996,63.54559924460111,63.55548095703125,341900,0.0,0.0
2025-10-27 00:00:00-04:00,63.92102430659195,64.54344407980685,62.35017114808249,64.0791015625,342200,0.0,0.0
2025-10-28 00:00:00-04:00,63.54559994005641,64.16801215428181,62.972584982215224,63.506080627441406,342100,0.0,0.0
2025-10-29 00:00:00-04:00,62.725596613504656,64.29645352876703,61.599318786390604,62.211856842041016,314200,0.0,0.0
2025-10-30 00:00:00-04:00,61.70799335157246,62.84414909210104,60.90774799945687,61.50052261352539,317400,0.0,0.0
2025-10-31 00:00:00-04:00,61.25353212271784,63.328247025818406,60.73979236879115,62.76511001586914,241700,0.0,0.0
2025-11-03 00:00:00-05:00,62.13281509160929,62.50824101511,60.937384178806155,62.32052993774414,254400,0.0,0.0
2025-11-04 00:00:00-05:00,61.85618993300929,62.4390866131436,60.384127548002596,60.66075897216797,263700,0.0,0.0
2025-11-05 00:00:00-05:00,60.759553126905274,61.3720874039862,59.2479752063396,60.324851989746094,281700,0.0,0.0
2025-11-06 00:00:00-05:00,59.366531292755305,59.52460478125767,57.914228526110996,58.96146774291992,347700,0.0,0.0
2025-11-07 00:00:00-05:00,60.72991455647046,61.37208642369124,59.73207264631819,61.00654220581055,252300,0.0,0.0
2025-11-10 00:00:00-05:00,61.05593771213331,61.55979950901289,59.50484054775387,61.33256912231445,219900,0.0,0.0
2025-11-11 00:00:00-05:00,61.95498393927524,62.142698791413736,61.04606235398881,61.36220932006836,204000,0.0,0.0
2025-11-12 00:00:00-05:00,61.75739052159416,64.08898096830553,61.668473952731304,63.101016998291016,301000,0.0,0.0
2025-11-13 00:00:00-05:00,63.180055974116726,64.09885549910776,63.03186043559963,63.595001220703125,245100,0.0,0.0
2025-11-14 00:00:00-05:00,63.37765059465864,63.69379756841647,62.557641790445444,63.11090087890625,176600,0.0,0.0
2025-11-17 00:00:00-05:00,62.80463113025785,63.44680678328453,60.4236471414689,60.43352508544922,157000,0.0,0.0
2025-11-18 00:00:00-05:00,60.2655701757099,61.13497617776233,59.77159009230244,60.9275016784668,124900,0.0,0.0
2025-11-19 00:00:00-05:00,60.957144949681116,61.24365431150852,60.3248510261786,61.00654220581055,123500,0.0,0.0
2025-11-20 00:00:00-05:00,61.342450238709596,61.70799446502204,58.9713442021135,59.06026077270508,210800,0.0,0.0
2025-11-21 00:00:00-05:00,59.741954768950585,61.569679639670944,59.28749021064019,61.18437576293945,209400,0.0,0.0
2025-11-24 00:00:00-05:00,61.1053378124425,61.470885805639085,59.86050959934866,60.008705139160156,240200,0.0,0.0
2025-11-25 00:00:00-05:00,60.59160226434273,63.35788636524928,59.68267689974163,62.03402328491211,266000,0.0,0.0
2025-11-26 00:00:00-05:00,61.55980466836565,62.92318710282193,61.54992295533334,62.113059997558594,206700,0.0,0.0
2025-11-28 00:00:00-05:00,62.053780928983,62.85402627136507,61.52028152154893,62.2711296081543,100000,0.0,0.0
2025-12-01 00:00:00-05:00,61.352327435561584,62.61691906510603,61.332571547909936,61.836429595947266,350900,0.0,0.0
2025-12-02 00:00:00-05:00,62.45884654229669,62.45884654229669,60.937386893440824,61.87594985961914,174800,0.0,0.0
2025-12-03 00:00:00-05:00,62.3699256800959,63.68391072732226,61.53015728655016,63.45668411254883,198700,0.0,0.0
2025-12-04 00:00:00-05:00,63.0614971550197,64.99789811293381,62.93306128235911,64.11861419677734,119200,0.0,0.0
2025-12-05 00:00:00-05:00,64.08898132406796,64.3260896631724,63.22945323069939,63.595001220703125,104600,0.0,0.0
2025-12-08 00:00:00-05:00,63.94078521781886,64.09885492997225,62.91330570743843,63.01210021972656,271700,0.0,0.0
2025-12-09 00:00:00-05:00,62.63667735850527,64.66199121917715,62.63667735850527,64.50392150878906,134700,0.0,0.0
2025-12-10 00:00:00-05:00,64.58296225996574,66.62803961275755,62.32053245288542,65.79814910888672,227800,0.0,0.0
2025-12-11 00:00:00-05:00,66.15380971811109,67.74442613805573,65.67959307445392,66.59839630126953,221200,0.0,0.0
2025-12-12 00:00:00-05:00,66.95405602814931,67.54683814799508,63.73331136717871,64.56319427490234,322700,0.0,0.0
2025-12-15 00:00:00-05:00,65.06006726361248,66.11342775201227,64.45388611193461,65.2588119506836,194200,0.38,0.0
2025-12-16 00:00:00-05:00,65.49732161574323,65.49732161574323,64.36445251815907,64.53339385986328,198700,0.0,0.0
2025-12-17 00:00:00-05:00,64.18557715508226,65.36812860032532,63.93714248719922,64.42407989501953,156300,0.0,0.0
2025-12-18 00:00:00-05:00,64.4240797988504,65.37806801230226,62.913596565478834,63.1024055480957,164500,0.0,0.0
2025-12-19 00:00:00-05:00,62.71484702672241,63.46015101682135,62.42666190742258,63.19184112548828,513300,0.0,0.0
2025-12-22 00:00:00-05:00,63.23159172161954,64.24520560529895,63.23159172161954,63.648963928222656,121700,0.0,0.0
2025-12-23 00:00:00-05:00,63.688706007873854,64.52345041066364,63.152090021526256,63.7880859375,160300,0.0,0.0
2025-12-24 00:00:00-05:00,63.62908332485122,65.03025843363027,63.46014957718433,63.927207946777344,87200,0.0,0.0
2025-12-26 00:00:00-05:00,63.73839807499683,64.53339204848261,63.63902572371721,63.89739990234375,118400,0.0,0.0
2025-12-29 00:00:00-05:00,63.98683209422238,64.18557679476336,62.91359630621482,63.340904235839844,132600,0.0,0.0
2025-12-30 00:00:00-05:00,63.211717821224276,63.211717821224276,62.25772960154104,62.45647430419922,86400,0.0,0.0
2025-12-31 00:00:00-05:00,62.456474493385876,62.5558506358282,61.12486451115653,61.47267532348633,109300,0.0,0.0
2026-01-02 00:00:00-05:00,61.532296823927545,61.68135914122994,60.46899674688626,61.254051208496094,153000,0.0,0.0
2026-01-05 00:00:00-05:00,60.94599318526236,63.62908450590332,60.7373051878781,62.5657844543457,141900,0.0,0.0
2026-01-06 00:00:00-05:00,61.89998241527705,63.132216238269045,61.11492795933779,63.05271911621094,174100,0.0,0.0
2026-01-07 00:00:00-05:00,62.8639037154319,63.83776711250603,61.99935217357838,62.55584716796875,83600,0.0,0.0
2026-01-08 00:00:00-05:00,62.02916275521618,64.85138437456627,62.02916275521618,64.06632995605469,146100,0.0,0.0
2026-01-09 00:00:00-05:00,64.20545117795093,64.36444541057895,62.704903777850554,64.34457397460938,116500,0.0,0.0
2026-01-12 00:00:00-05:00,63.589338244190174,64.8811977383969,62.45647299244579,63.648963928222656,156700,0.0,0.0
2026-01-13 00:00:00-05:00,63.698645909632035,64.38432800383151,61.89998138035425,62.85396957397461,189200,0.0,0.0
2026-01-14 00:00:00-05:00,62.57572317022812,62.87384400309558,61.621731197915395,62.70490646362305,167000,0.0,0.0
2026-01-15 00:00:00-05:00,62.31734952514934,64.30482681537241,62.049039636071775,63.9570198059082,304500,0.0,0.0
2026-01-16 00:00:00-05:00,63.529713488585784,63.88746001638455,62.15835306229457,62.52603530883789,168200,0.0,0.0
2026-01-20 00:00:00-05:00,61.43292302126015,62.01922897621631,60.011876448922536,61.989418029785156,207600,0.0,0.0
2026-01-21 00:00:00-05:00,62.22791328145286,63.9272092561514,62.22791328145286,63.599273681640625,162300,0.0,0.0
2026-01-22 00:00:00-05:00,63.947079100242405,65.01037912735393,62.37697404156293,63.01296615600586,159400,0.0,0.0
2026-01-23 00:00:00-05:00,62.217979086104876,62.685037476698724,60.11125415525152,60.84661865234375,155400,0.0,0.0
2026-01-26 00:00:00-05:00,61.144737118819926,61.70123212020742,60.05162613449356,60.687618255615234,127800,0.0,0.0
2026-01-27 00:00:00-05:00,60.64786820043775,61.29379983504496,59.972125619585064,60.90624237060547,82200,0.0,0.0
2026-01-28 00:00:00-05:00,60.92611746317831,62.29747405879623,60.75717992293397,61.31367492675781,215100,0.0,0.0
2026-01-29 00:00:00-05:00,60.67768214396656,61.03542486667001,59.59450688507222,59.89262771606445,163800,0.0,0.0
2026-01-30 00:00:00-05:00,59.40569476497929,59.96218976881017,58.650455065534295,59.58456802368164,228700,0.0,0.0
2026-02-02 00:00:00-05:00,59.57463177739539,60.2901210150535,59.33613283763466,60.061561584472656,168100,0.0,0.0
2026-02-03 00:00:00-05:00,59.43550924948773,61.413047014456794,58.62064387033283,59.82306671142578,244500,0.0,0.0
2026-02-04 00:00:00-05:00,60.449124905566464,62.188167572021484,58.72995367652764,62.188167572021484,168500,0.0,0.0
2026-02-05 00:00:00-05:00,64.702324406994,64.702324406994,59.594508328922714,60.02181625366211,320200,0.0,0.0
2026-02-06 00:00:00-05:00,60.20069035352337,62.17822818085884,60.20069035352337,62.06891632080078,187600,0.0,0.0
2026-02-09 00:00:00-05:00,62.39684938351001,62.605533585667345,60.81680481281069,61.16461181640625,134600,0.0,0.0
2026-02-10 00:00:00-05:00,60.816806562606644,61.69129764213716,59.53488278536511,59.614383697509766,222800,0.0,0.0
2026-02-11 00:00:00-05:00,59.60444259364569,61.383235651771564,59.60444259364569,60.468994140625,152100,0.0,0.0
2026-02-12 00:00:00-05:00,61.12486295177126,61.71116890938066,59.5746330773419,60.30999755859375,164300,0.0,0.0
2026-02-13 00:00:00-05:00,60.42924895040977,60.49881035296622,59.19701135075881,59.7336311340332,262000,0.0,0.0
2026-02-17 00:00:00-05:00,59.62432038430785,60.75718186507975,57.050537069419406,57.91508865356445,363100,0.0,0.0
2026-02-18 00:00:00-05:00,53.77119926582367,62.75459762304078,53.77119926582367,62.49622344970703,486100,0.0,0.0
2026-02-19 00:00:00-05:00,63.47008631896503,64.27501598768303,60.52862083380203,64.1259536743164,521000,0.0,0.0
2026-02-20 00:00:00-05:00,63.68870949958164,66.64011464495741,61.731046842767604,66.21280670166016,502400,0.0,0.0
2026-02-23 00:00:00-05:00,65.407878849071,65.42775028652375,60.985741016647005,62.35710144042969,492900,0.0,0.0
2026-02-24 00:00:00-05:00,62.74465943019068,63.90733186215234,61.92979401869305,62.45647430419922,311600,0.0,0.0
2026-02-25 00:00:00-05:00,61.800606307786424,62.57572504544437,60.46899634298266,62.188167572021484,379400,0.0,0.0
2026-02-26 00:00:00-05:00,62.635347556596486,64.59301396204451,62.34716622147542,63.03284454345703,432700,0.0,0.0
2026-02-27 00:00:00-05:00,62.26766389737664,63.67877475703803,61.91985688486087,62.32728958129883,404500,0.0,0.0
2026-03-02 00:00:00-05:00,61.66148379824047,62.28754022260961,60.07150344042764,61.08511734008789,344100,0.0,0.0
2026-03-03 00:00:00-05:00,59.415634508055376,62.605534649446554,58.411956353518995,62.22791290283203,426400,0.0,0.0
2026-03-04 00:00:00-05:00,63.321027282180225,64.15576409965571,62.43660050011133,63.73839569091797,330000,0.0,0.0
2026-03-05 00:00:00-05:00,62.91359712810565,64.59301413081442,61.631673322483785,62.049041748046875,283800,0.0,0.0
2026-03-06 00:00:00-05:00,60.67768200378304,61.442861202409595,59.60444246571606,60.876426696777344,317800,0.0,0.0
2026-03-09 00:00:00-04:00,59.03801304477719,61.18448837714142,57.98464871108644,60.8366813659668,423500,0.0,0.0
2026-03-10 00:00:00-04:00,60.79693119118373,61.70123321522968,59.78331730860277,60.02181625366211,414800,0.0,0.0
2026-03-11 00:00:00-04:00,60.518684118734505,61.591919868540195,59.23676037548955,61.04536437988281,438500,0.0,0.0
2026-03-12 00:00:00-04:00,60.031751948478146,61.52235992977538,59.49513216541623,60.30999755859375,313800,0.0,0.0
2026-03-13 00:00:00-04:00,60.97999954223633,61.13999938964844,59.40999984741211,59.88999938964844,371800,0.38,0.0
2026-03-16 00:00:00-04:00,60.2599983215332,61.47999954223633,59.33000183105469,60.84000015258789,396900,0.0,0.0
2026-03-17 00:00:00-04:00,61.310001373291016,62.0099983215332,59.720001220703125,60.5,375500,0.0,0.0
2026-03-18 00:00:00-04:00,60.0099983215332,61.540000915527344,60.0,60.54999923706055,402000,0.0,0.0
2026-03-19 00:00:00-04:00,60.290000915527344,62.79999923706055,59.22999954223633,60.970001220703125,555600,0.0,0.0
2026-03-20 00:00:00-04:00,60.9900016784668,61.709999084472656,59.84000015258789,60.040000915527344,988700,0.0,0.0
2026-03-23 00:00:00-04:00,61.849998474121094,64.56999969482422,61.52000045776367,62.83000183105469,502700,0.0,0.0
2026-03-24 00:00:00-04:00,62.36000061035156,64.80000305175781,62.349998474121094,64.29000091552734,366100,0.0,0.0
2026-03-25 00:00:00-04:00,64.83000183105469,65.58000183105469,64.01000213623047,65.30999755859375,321400,0.0,0.0
2026-03-26 00:00:00-04:00,64.95999908447266,66.87999725341797,64.95999908447266,66.80000305175781,388300,0.0,0.0
2026-03-27 00:00:00-04:00,66.5199966430664,67.22000122070312,65.66000366210938,65.93000030517578,375900,0.0,0.0
2026-03-30 00:00:00-04:00,66.93000030517578,67.66999816894531,66.25,66.73999786376953,361100,0.0,0.0
2026-03-31 00:00:00-04:00,67.87000274658203,69.56999969482422,66.75,68.56999969482422,424400,0.0,0.0
2026-04-01 00:00:00-04:00,68.3499984741211,68.70999908447266,65.23999786376953,65.25,296600,0.0,0.0
2026-04-02 00:00:00-04:00,64.79000091552734,65.5,62.959999084472656,64.87000274658203,229300,0.0,0.0
2026-04-06 00:00:00-04:00,64.30999755859375,64.7699966430664,61.45000076293945,63.310001373291016,234100,0.0,0.0
2026-04-07 00:00:00-04:00,63.15999984741211,63.91999816894531,62.029998779296875,63.5,225000,0.0,0.0
2026-04-08 00:00:00-04:00,65.38999938964844,66.91999816894531,65.08000183105469,65.95999908447266,188800,0.0,0.0
2026-04-09 00:00:00-04:00,65.56999969482422,68.33999633789062,65.5,67.83000183105469,164400,0.0,0.0
2026-04-10 00:00:00-04:00,67.83000183105469,68.30999755859375,66.77999877929688,68.05999755859375,143000,0.0,0.0
2026-04-13 00:00:00-04:00,67.33999633789062,68.19999694824219,65.87000274658203,68.06999969482422,181800,0.0,0.0
2026-04-14 00:00:00-04:00,68.0,68.33999633789062,66.95999908447266,68.2300033569336,177300,0.0,0.0
2026-04-15 00:00:00-04:00,68.23999786376953,68.23999786376953,65.55999755859375,65.88999938964844,153800,0.0,0.0
2026-04-16 00:00:00-04:00,65.93000030517578,67.76000213623047,65.4000015258789,67.37000274658203,161900,0.0,0.0
2026-04-17 00:00:00-04:00,68.30999755859375,71.51000213623047,67.43000030517578,70.69999694824219,165200,0.0,0.0
2026-04-20 00:00:00-04:00,70.72000122070312,72.36000061035156,69.73999786376953,71.77999877929688,178900,0.0,0.0
2026-04-21 00:00:00-04:00,72.0999984741211,72.29000091552734,69.13999938964844,70.06999969482422,158900,0.0,0.0
2026-04-22 00:00:00-04:00,70.31999969482422,71.05999755859375,69.29000091552734,71.0199966430664,187200,0.0,0.0
2026-04-23 00:00:00-04:00,71.25,71.5199966430664,69.98999786376953,71.22000122070312,180200,0.0,0.0
2026-04-24 00:00:00-04:00,70.76000213623047,72.0,69.91999816894531,71.83999633789062,127800,0.0,0.0
2026-04-27 00:00:00-04:00,71.76000213623047,72.73999786376953,70.97000122070312,71.58000183105469,187400,0.0,0.0
2026-04-28 00:00:00-04:00,72.05000305175781,73.25,69.80999755859375,72.38999938964844,209200,0.0,0.0
2026-04-29 00:00:00-04:00,73.4000015258789,77.2699966430664,73.2300033569336,73.30999755859375,349700,0.0,0.0
2026-04-30 00:00:00-04:00,74.75,81.47000122070312,71.0999984741211,78.75,456400,0.0,0.0
2026-05-01 00:00:00-04:00,78.77999877929688,79.68000030517578,74.93000030517578,76.43000030517578,367900,0.0,0.0
2026-05-04 00:00:00-04:00,76.55000305175781,77.43000030517578,74.4000015258789,75.58999633789062,325800,0.0,0.0
2026-05-05 00:00:00-04:00,76.44999694824219,79.76000213623047,76.44999694824219,78.79000091552734,242700,0.0,0.0
2026-05-06 00:00:00-04:00,80.44000244140625,81.56999969482422,79.0,79.0,314600,0.0,0.0
2026-05-07 00:00:00-04:00,79.0,81.55999755859375,79.0,80.12999725341797,313200,0.0,0.0
2026-05-08 00:00:00-04:00,80.80000305175781,81.45999908447266,79.9800033569336,81.19999694824219,271300,0.0,0.0
2026-05-11 00:00:00-04:00,81.44999694824219,83.30999755859375,80.19999694824219,80.81999969482422,290100,0.0,0.0
2026-05-12 00:00:00-04:00,80.43000030517578,80.43000030517578,78.41999816894531,78.58000183105469,245800,0.0,0.0
2026-05-13 00:00:00-04:00,77.7699966430664,79.08999633789062,76.0,76.12000274658203,390300,0.0,0.0
2026-05-14 00:00:00-04:00,76.62999725341797,78.7300033569336,76.13999938964844,77.83999633789062,294200,0.0,0.0
2026-05-15 00:00:00-04:00,77.41999816894531,77.97000122070312,73.75,73.95999908447266,404600,0.0,0.0
2026-05-18 00:00:00-04:00,73.4800033569336,74.97000122070312,72.33999633789062,74.05999755859375,376900,0.0,0.0
2026-05-19 00:00:00-04:00,73.5199966430664,75.08000183105469,72.51000213623047,72.87000274658203,382200,0.0,0.0
2026-05-20 00:00:00-04:00,73.37999725341797,74.55000305175781,70.87999725341797,73.69000244140625,403000,0.0,0.0
2026-05-21 00:00:00-04:00,72.66999816894531,76.63999938964844,71.80000305175781,75.9000015258789,359000,0.0,0.0
2026-05-22 00:00:00-04:00,76.37000274658203,78.19000244140625,76.16999816894531,78.16000366210938,231300,0.0,0.0
2026-05-26 00:00:00-04:00,78.41000366210938,80.62000274658203,78.06999969482422,78.69000244140625,315700,0.0,0.0
2026-05-27 00:00:00-04:00,80.26000213623047,84.4800033569336,80.26000213623047,83.58000183105469,249200,0.0,0.0
2026-05-28 00:00:00-04:00,83.56999969482422,85.0,82.62000274658203,83.73999786376953,200900,0.0,0.0
2026-05-29 00:00:00-04:00,83.0,83.5999984741211,81.45999908447266,82.62000274658203,241000,0.0,0.0
