Date,Open,High,Low,Close,Volume,Dividends,Stock Splits,Capital Gains
2005-03-03 00:00:00-05:00,10.3817378699334,10.402322758335195,10.326844397940745,10.374876022338867,17600,0.0,0.0,0.0
2005-03-04 00:00:00-05:00,10.470937745426198,10.498384475708008,10.470937745426198,10.498384475708008,2900,0.0,0.0,0.0
2005-03-07 00:00:00-05:00,10.525832363474697,10.587587676995177,10.525832363474697,10.573863983154297,8500,0.0,0.0,0.0
2005-03-08 00:00:00-05:00,10.525831205989817,10.532693052155686,10.498384475708008,10.498384475708008,4700,0.0,0.0,0.0
2005-03-09 00:00:00-05:00,10.498386371468511,10.498386371468511,10.429769206182515,10.470939636230469,4900,0.0,0.0,0.0
2005-03-10 00:00:00-05:00,10.443494174390292,10.4572172164917,10.361153958636246,10.4572172164917,3100,0.0,0.0,0.0
2005-03-11 00:00:00-05:00,10.477804509319792,10.484665704324277,10.457218961160416,10.464080810546875,2100,0.0,0.0,0.0
2005-03-14 00:00:00-05:00,10.505251888461872,10.560145378112793,10.505251888461872,10.560145378112793,5400,0.0,0.0,0.0
2005-03-15 00:00:00-05:00,10.608173335778236,10.608173335778236,10.525833129882812,10.525833129882812,10400,0.0,0.0,0.0
2005-03-16 00:00:00-05:00,10.457215443726074,10.457215443726074,10.39546012878418,10.39546012878418,6300,0.0,0.0,0.0
2005-03-17 00:00:00-05:00,10.402322608375968,10.429769343976625,10.368014025279699,10.409184455871582,29800,0.0,0.0,0.0
2005-03-18 00:00:00-05:00,10.361086798064571,10.361086798064571,10.292379063483047,10.306120872497559,11000,0.02,0.0,0.0
2005-03-21 00:00:00-05:00,10.32673834829513,10.32673834829513,10.29238446298194,10.29925537109375,2200,0.0,0.0,0.0
2005-03-22 00:00:00-05:00,10.34047496708456,10.381699084543216,10.203060150146484,10.203060150146484,5700,0.0,0.0,0.0
2005-03-23 00:00:00-05:00,10.168710404533117,10.189322471618652,10.168710404533117,10.189322471618652,5200,0.0,0.0,0.0
2005-03-24 00:00:00-05:00,10.168711670791046,10.244289696346558,10.168711670791046,10.196194648742676,8400,0.0,0.0,0.0
2005-03-28 00:00:00-05:00,10.223672208875811,10.230543113534099,10.182447436171623,10.203060150146484,4600,0.0,0.0,0.0
2005-03-29 00:00:00-05:00,10.182449942424675,10.223674725275709,10.141225814819336,10.141225814819336,6400,0.0,0.0,0.0
2005-03-30 00:00:00-05:00,10.141225196637462,10.18244932172989,10.141225196637462,10.175579071044922,17500,0.0,0.0,0.0
2005-03-31 00:00:00-05:00,10.230543814310304,10.312992710120769,10.230543814310304,10.27863883972168,10000,0.0,0.0,0.0
2005-04-01 00:00:00-05:00,10.333605068894549,10.381700095695832,10.237414360046387,10.237414360046387,9000,0.0,0.0,0.0
2005-04-04 00:00:00-04:00,10.24428404242329,10.306120872497559,10.22367198414704,10.306120872497559,21100,0.0,0.0,0.0
2005-04-05 00:00:00-04:00,10.354220706068764,10.374833429171067,10.354220706068764,10.361091613769531,26200,0.0,0.0,0.0
2005-04-06 00:00:00-04:00,10.361088137241149,10.409183164517215,10.361088137241149,10.395442008972168,13400,0.0,0.0,0.0
2005-04-07 00:00:00-04:00,10.374829948031797,10.395442008972168,10.374829948031797,10.395442008972168,2300,0.0,0.0,0.0
2005-04-08 00:00:00-04:00,10.395442288153946,10.395442288153946,10.32673454284668,10.32673454284668,34100,0.0,0.0,0.0
2005-04-11 00:00:00-04:00,10.3610900232246,10.367960929870605,10.340477958532306,10.367960929870605,6200,0.0,0.0,0.0
2005-04-12 00:00:00-04:00,10.347347983080281,10.47789192199707,10.292381389843792,10.47789192199707,32900,0.0,0.0,0.0
2005-04-13 00:00:00-04:00,10.388573929937532,10.395444837202184,10.292383193969727,10.292383193969727,12100,0.0,0.0,0.0
2005-04-14 00:00:00-04:00,10.271769115994577,10.285510927832949,10.120612462000736,10.127483367919922,13900,0.0,0.0,0.0
2005-04-15 00:00:00-04:00,10.038165675758567,10.058778397867462,9.928233778827632,9.941975593566895,13900,0.0,0.0,0.0
2005-04-18 00:00:00-04:00,9.907621711964529,9.948845845690734,9.900750804594898,9.941975593566895,2600,0.0,0.0,0.0
2005-04-19 00:00:00-04:00,10.038163819820479,10.051905632019043,10.017551756768304,10.051905632019043,23100,0.0,0.0,0.0
2005-04-20 00:00:00-04:00,10.072520521348533,10.072520521348533,9.873268775280435,9.893880844116211,23100,0.0,0.0,0.0
2005-04-21 00:00:00-04:00,9.983202613051933,10.02442741394043,9.935107558053671,10.02442741394043,34000,0.0,0.0,0.0
2005-04-22 00:00:00-04:00,10.045036263550697,10.045036263550697,9.935104370117188,9.935104370117188,15200,0.0,0.0,0.0
2005-04-25 00:00:00-04:00,10.058774015090835,10.072515168597054,10.058774015090835,10.065644264221191,4800,0.0,0.0,0.0
2005-04-26 00:00:00-04:00,10.010683680979518,10.010683680979518,9.996942520141602,9.996942520141602,1600,0.0,0.0,0.0
2005-04-27 00:00:00-04:00,9.85952511245565,9.95571517944336,9.852654206172046,9.95571517944336,10500,0.0,0.0,0.0
2005-04-28 00:00:00-04:00,9.921362834575742,9.921362834575742,9.859526634216309,9.859526634216309,11200,0.0,0.0,0.0
2005-04-29 00:00:00-04:00,9.84578296870311,9.921360969543457,9.818299999738832,9.921360969543457,27500,0.0,0.0,0.0
2005-05-02 00:00:00-04:00,9.983197529811724,9.990068435668945,9.96945637334293,9.990068435668945,3100,0.0,0.0,0.0
2005-05-03 00:00:00-04:00,10.045034390352495,10.051905296222245,10.01755142211914,10.01755142211914,4400,0.0,0.0,0.0
2005-05-04 00:00:00-04:00,10.154965083777522,10.175577798992588,10.12748211873634,10.168706893920898,12800,0.0,0.0,0.0
2005-05-05 00:00:00-04:00,10.216803516497018,10.216803516497018,10.148096420773363,10.161837577819824,2600,0.0,0.0,0.0
2005-05-06 00:00:00-04:00,10.203065881070328,10.216807042859594,10.182453155517578,10.182453155517578,6200,0.0,0.0,0.0
2005-05-09 00:00:00-04:00,10.209933311393904,10.264899253845215,10.182450340168248,10.264899253845215,7600,0.0,0.0,0.0
2005-05-10 00:00:00-04:00,10.209931013859885,10.216801918931575,10.168706893920898,10.168706893920898,2300,0.0,0.0,0.0
2005-05-11 00:00:00-04:00,10.168707568843038,10.216802597045898,10.16183666331531,10.216802597045898,8100,0.0,0.0,0.0
2005-05-12 00:00:00-04:00,10.182451183426235,10.182451183426235,10.045036315917969,10.045036315917969,12800,0.0,0.0,0.0
2005-05-13 00:00:00-04:00,10.051905901676758,10.051905901676758,9.95571517944336,9.95571517944336,7800,0.0,0.0,0.0
2005-05-16 00:00:00-04:00,9.969454223941133,10.065644264221191,9.969454223941133,10.065644264221191,5800,0.0,0.0,0.0
2005-05-17 00:00:00-04:00,10.058780078430585,10.182453155517578,10.058780078430585,10.182453155517578,3900,0.0,0.0,0.0
2005-05-18 00:00:00-04:00,10.244288153608714,10.31986682302834,10.244288153608714,10.292383193969727,5600,0.0,0.0,0.0
2005-05-19 00:00:00-04:00,10.292379063483047,10.312991777004815,10.292379063483047,10.306120872497559,6000,0.0,0.0,0.0
2005-05-20 00:00:00-04:00,10.26489610069954,10.312991777004815,10.26489610069954,10.306120872497559,1300,0.0,0.0,0.0
2005-05-23 00:00:00-04:00,10.354217231845823,10.395442008972168,10.333605170905452,10.395442008972168,20300,0.0,0.0,0.0
2005-05-24 00:00:00-04:00,10.367961264605775,10.381702423095703,10.340478292380173,10.381702423095703,9900,0.0,0.0,0.0
2005-05-25 00:00:00-04:00,10.299251575772896,10.34734725958623,10.299251575772896,10.32673454284668,2500,0.0,0.0,0.0
2005-05-26 00:00:00-04:00,10.37483024597168,10.388571401911339,10.36795934037904,10.37483024597168,2100,0.0,0.0,0.0
2005-05-27 00:00:00-04:00,10.388573024687075,10.422926902770996,10.388573024687075,10.422926902770996,2800,0.0,0.0,0.0
2005-05-31 00:00:00-04:00,10.38857175758111,10.416054725646973,10.38857175758111,10.416054725646973,7400,0.0,0.0,0.0
2005-06-01 00:00:00-04:00,10.484766321646742,10.484766321646742,10.443541526794434,10.443541526794434,3000,0.0,0.0,0.0
2005-06-02 00:00:00-04:00,10.471021332910253,10.484763145446777,10.471021332910253,10.484763145446777,2600,0.0,0.0,0.0
2005-06-03 00:00:00-04:00,10.464153596597646,10.464153596597646,10.422929456991222,10.443541526794434,6800,0.0,0.0,0.0
2005-06-06 00:00:00-04:00,10.416055060548574,10.450408935546875,10.416055060548574,10.450408935546875,6000,0.0,0.0,0.0
2005-06-07 00:00:00-04:00,10.512245814518952,10.560340846529416,10.498504002375581,10.505374908447266,7000,0.0,0.0,0.0
2005-06-08 00:00:00-04:00,10.505378391449954,10.505378391449954,10.443541526794434,10.443541526794434,2900,0.0,0.0,0.0
2005-06-09 00:00:00-04:00,10.416055060548574,10.464150092398796,10.40918415449978,10.450408935546875,15500,0.0,0.0,0.0
2005-06-10 00:00:00-04:00,10.484763145446777,10.484763145446777,10.464150426641991,10.484763145446777,3900,0.0,0.0,0.0
2005-06-13 00:00:00-04:00,10.450408970365116,10.539728783560026,10.450408970365116,10.505374908447266,22500,0.0,0.0,0.0
2005-06-14 00:00:00-04:00,10.546600375919937,10.608436568851907,10.546600375919937,10.580953598022461,9200,0.0,0.0,0.0
2005-06-15 00:00:00-04:00,10.62904928551924,10.62904928551924,10.560341530841445,10.601566314697266,7600,0.0,0.0,0.0
2005-06-16 00:00:00-04:00,10.615305603650866,10.656530380249023,10.615305603650866,10.656530380249023,7100,0.0,0.0,0.0
2005-06-17 00:00:00-04:00,10.690303032086284,10.72476577758789,10.690303032086284,10.72476577758789,5200,0.049,0.0,0.0
2005-06-20 00:00:00-04:00,10.63516348820686,10.655840873718262,10.63516348820686,10.655840873718262,3400,0.0,0.0,0.0
2005-06-21 00:00:00-04:00,10.662733258856486,10.690303324547582,10.628270512412062,10.669625282287598,5700,0.0,0.0,0.0
2005-06-22 00:00:00-04:00,10.717879131482233,10.717879131482233,10.655846286117594,10.683416366577148,5900,0.0,0.0,0.0
2005-06-23 00:00:00-04:00,10.635168700271784,10.662738780239227,10.566243171691895,10.566243171691895,3800,0.0,0.0,0.0
2005-06-24 00:00:00-04:00,10.538668452855621,10.545561134144128,10.47663563590359,10.504205703735352,23200,0.0,0.0,0.0
2005-06-27 00:00:00-04:00,10.483529267409379,10.51799201965332,10.483529267409379,10.51799201965332,16900,0.0,0.0,0.0
2005-06-28 00:00:00-04:00,10.57313020169609,10.669625101317145,10.57313020169609,10.66273307800293,15100,0.0,0.0,0.0
2005-06-29 00:00:00-04:00,10.690303324547582,10.69719600530091,10.662733258856486,10.669625282287598,12000,0.0,0.0,0.0
2005-06-30 00:00:00-04:00,10.690304099629751,10.690304099629751,10.648948669433594,10.648948669433594,3000,0.0,0.0,0.0
2005-07-01 00:00:00-04:00,10.655846286117594,10.683416366577148,10.655846286117594,10.683416366577148,13400,0.0,0.0,0.0
2005-07-05 00:00:00-04:00,10.662736161511809,10.773016454297164,10.662736161511809,10.76612377166748,4100,0.0,0.0,0.0
2005-07-06 00:00:00-04:00,10.76612054633206,10.786797930704143,10.71098041645837,10.72476577758789,9300,0.0,0.0,0.0
2005-07-07 00:00:00-04:00,10.642057939354125,10.74544620513916,10.621380549126071,10.74544620513916,16300,0.0,0.0,0.0
2005-07-08 00:00:00-04:00,10.75233923590389,10.814371408597156,10.731661187683729,10.800586700439453,8200,0.0,0.0,0.0
2005-07-11 00:00:00-04:00,10.835047602923753,10.883295059204102,10.835047602923753,10.883295059204102,7000,0.0,0.0,0.0
2005-07-12 00:00:00-04:00,10.883296664378893,10.931544127775249,10.835049200982537,10.910866737365723,4300,0.0,0.0,0.0
2005-07-13 00:00:00-04:00,10.917755126953125,10.917755126953125,10.903969767219081,10.917755126953125,6500,0.0,0.0,0.0
2005-07-14 00:00:00-04:00,10.938437940858035,10.966008016694278,10.8970831557649,10.93154525756836,22300,0.0,0.0,0.0
2005-07-15 00:00:00-04:00,10.938438415527344,10.938438415527344,10.890190945050852,10.938438415527344,10700,0.0,0.0,0.0
2005-07-18 00:00:00-04:00,10.94532823496293,10.966005622995965,10.931542871392699,10.952220916748047,30700,0.0,0.0,0.0
2005-07-19 00:00:00-04:00,10.95222144723499,11.034931660695634,10.95222144723499,11.02803897857666,51200,0.0,0.0,0.0
2005-07-20 00:00:00-04:00,11.028039677573098,11.138319969177246,11.014254312461386,11.138319969177246,17600,0.0,0.0,0.0
2005-07-21 00:00:00-04:00,11.117639774595796,11.117639774595796,11.021144866737373,11.034930229187012,24400,0.0,0.0,0.0
2005-07-22 00:00:00-04:00,11.03493248240207,11.10385799407959,11.02803979976984,11.10385799407959,9600,0.0,0.0,0.0
2005-07-25 00:00:00-04:00,11.117639774388527,11.152103180511979,11.048715591430664,11.048715591430664,4600,0.0,0.0,0.0
2005-07-26 00:00:00-04:00,11.0625061946957,11.076291565314067,11.0625061946957,11.069398880004883,1500,0.0,0.0,0.0
2005-07-27 00:00:00-04:00,11.083179949201828,11.090072631835938,11.048717850676077,11.090072631835938,9700,0.0,0.0,0.0
2005-07-28 00:00:00-04:00,11.110751371900776,11.200353622436523,11.110751371900776,11.200353622436523,17200,0.0,0.0,0.0
2005-07-29 00:00:00-04:00,11.200352797535178,11.21413816264689,11.138319969177246,11.138319969177246,10800,0.0,0.0,0.0
2005-08-01 00:00:00-04:00,11.138316631948273,11.152101992929657,11.117638590476197,11.145209312438965,5300,0.0,0.0,0.0
2005-08-02 00:00:00-04:00,11.145208257019794,11.234810465624955,11.145208257019794,11.221026420593262,11600,0.0,0.0,0.0
2005-08-03 00:00:00-04:00,11.207245577063771,11.303740504391149,11.207245577063771,11.289955139160156,15800,0.0,0.0,0.0
2005-08-04 00:00:00-04:00,11.193456761229427,11.193456761229427,11.138316631948273,11.145209312438965,3800,0.0,0.0,0.0
2005-08-05 00:00:00-04:00,11.124535170721272,11.124535170721272,10.972900090702852,10.986684799194336,11200,0.0,0.0,0.0
2005-08-08 00:00:00-04:00,11.028038925526143,11.041824289697775,10.924651323528273,10.945328712463379,16800,0.0,0.0,0.0
2005-08-09 00:00:00-04:00,10.972900090702852,10.986684799194336,10.966007407795901,10.986684799194336,9400,0.0,0.0,0.0
2005-08-10 00:00:00-04:00,11.055610970941435,11.103858436645258,10.979792773609805,10.986684799194336,8400,0.0,0.0,0.0
2005-08-11 00:00:00-04:00,10.959113474015927,11.014253616333008,10.959113474015927,11.014253616333008,6900,0.0,0.0,0.0
2005-08-12 00:00:00-04:00,11.007361591535131,11.02803898057345,10.94532876709783,11.014253616333008,5800,0.0,0.0,0.0
2005-08-15 00:00:00-04:00,10.993576227294689,11.048717026934115,10.959113474015927,11.014253616333008,7900,0.0,0.0,0.0
2005-08-16 00:00:00-04:00,11.007356170161476,11.007356170161476,10.869505882263184,10.869505882263184,5200,0.0,0.0,0.0
2005-08-17 00:00:00-04:00,10.890185064807168,10.93843250923206,10.890185064807168,10.917755126953125,9600,0.0,0.0,0.0
2005-08-18 00:00:00-04:00,10.883296189898688,10.917758943960347,10.855726118113832,10.903973579406738,6300,0.0,0.0,0.0
2005-08-19 00:00:00-04:00,10.924647806820147,10.931539829365038,10.910862447086103,10.917755126953125,6400,0.0,0.0,0.0
2005-08-22 00:00:00-04:00,10.945329015745202,10.97979176980686,10.890188872175491,10.903973579406738,10100,0.0,0.0,0.0
2005-08-23 00:00:00-04:00,10.9246459974225,10.9246459974225,10.855720524812343,10.869505882263184,9200,0.0,0.0,0.0
2005-08-24 00:00:00-04:00,10.855723492299353,10.917756303141188,10.79369068145752,10.79369068145752,8700,0.0,0.0,0.0
2005-08-25 00:00:00-04:00,10.841940400193636,10.876403153132065,10.828155693411667,10.862618446350098,6400,0.0,0.0,0.0
2005-08-26 00:00:00-04:00,10.876402018591412,10.876402018591412,10.786799133227097,10.828154563903809,32200,0.0,0.0,0.0
2005-08-29 00:00:00-04:00,10.731662645353001,10.876405715942383,10.731662645353001,10.876405715942383,9800,0.0,0.0,0.0
2005-08-30 00:00:00-04:00,10.848834341053047,10.848834341053047,10.752339410415795,10.821264266967773,10600,0.0,0.0,0.0
2005-08-31 00:00:00-04:00,10.821263364052173,10.917758943960347,10.786800609990514,10.903973579406738,7400,0.0,0.0,0.0
2005-09-01 00:00:00-04:00,10.952221569773338,10.979791641235352,10.890188744653218,10.979791641235352,4300,0.0,0.0,0.0
2005-09-02 00:00:00-04:00,10.972896689334547,10.972896689334547,10.903971196275329,10.924649238586426,1800,0.0,0.0,0.0
2005-09-06 00:00:00-04:00,10.966006276843167,10.986683666109089,10.966006276843167,10.979791641235352,800,0.0,0.0,0.0
2005-09-07 00:00:00-04:00,10.945328413009737,10.99357587164576,10.945328413009737,10.972898483276367,4900,0.0,0.0,0.0
2005-09-08 00:00:00-04:00,10.972897947526388,10.972897947526388,10.883295059204102,10.883295059204102,5700,0.0,0.0,0.0
2005-09-09 00:00:00-04:00,10.917757572576082,11.000467777541383,10.917757572576082,10.993575096130371,6500,0.0,0.0,0.0
2005-09-12 00:00:00-04:00,10.98668211773071,11.048715591430664,10.98668211773071,11.048715591430664,19000,0.0,0.0,0.0
2005-09-13 00:00:00-04:00,11.014253561354511,11.014253561354511,10.945328712463379,10.945328712463379,7900,0.0,0.0,0.0
2005-09-14 00:00:00-04:00,10.959114200762079,10.959114200762079,10.910866737365723,10.910866737365723,11200,0.0,0.0,0.0
2005-09-15 00:00:00-04:00,10.972898304781081,10.972898304781081,10.924650846929897,10.952220916748047,7400,0.0,0.0,0.0
2005-09-16 00:00:00-04:00,11.006144904306394,11.006144904306394,10.964664168787811,10.999231338500977,2100,0.048,0.0,0.0
2005-09-19 00:00:00-04:00,10.999235456580793,10.999235456580793,10.950841796452279,10.964668273925781,12000,0.0,0.0,0.0
2005-09-20 00:00:00-04:00,11.061452327358628,11.061452327358628,10.881703568803706,10.895530700683594,8300,0.0,0.0,0.0
2005-09-21 00:00:00-04:00,10.854050459400025,10.867877591910553,10.79874324798584,10.79874324798584,30800,0.0,0.0,0.0
2005-09-22 00:00:00-04:00,10.771091059168468,10.826398277858074,10.72961097480829,10.81948471069336,8900,0.0,0.0,0.0
2005-09-23 00:00:00-04:00,10.79183185916363,10.840226173400879,10.778005383177343,10.840226173400879,2000,0.0,0.0,0.0
2005-09-26 00:00:00-04:00,10.874787233879172,10.902441490597502,10.82639360324963,10.84713363647461,19900,0.0,0.0,0.0
2005-09-27 00:00:00-04:00,10.854050636291504,10.874790676081338,10.791829857608025,10.854050636291504,18700,0.0,0.0,0.0
2005-09-28 00:00:00-04:00,10.923181240434635,10.930094804434853,10.847133355059725,10.88170051574707,8400,0.0,0.0,0.0
2005-09-29 00:00:00-04:00,10.874790836360663,10.992318829091882,10.867877929204818,10.985405921936035,8900,0.0,0.0,0.0
2005-09-30 00:00:00-04:00,11.006143663309453,11.061450864888789,10.992316533257695,11.033797264099121,9300,0.0,0.0,0.0
2005-10-03 00:00:00-04:00,11.00614641346892,11.047626495361328,11.00614641346892,11.047626495361328,3900,0.0,0.0,0.0
2005-10-04 00:00:00-04:00,11.068367424421593,11.068367424421593,10.923185816169013,10.943925857543945,13600,0.0,0.0,0.0
2005-10-05 00:00:00-04:00,10.847135172493825,10.847135172493825,10.736520767211914,10.736520767211914,9100,0.0,0.0,0.0
2005-10-06 00:00:00-04:00,10.695041664164094,10.729608833775929,10.549860079245525,10.618993759155273,20100,0.0,0.0,0.0
2005-10-07 00:00:00-04:00,10.681214524933754,10.69504165649414,10.646647355346708,10.69504165649414,4300,0.0,0.0,0.0
2005-10-10 00:00:00-04:00,10.695045425001126,10.695045425001126,10.591343879699707,10.591343879699707,15900,0.0,0.0,0.0
2005-10-11 00:00:00-04:00,10.618994256442662,10.632821388660489,10.556774139404297,10.556774139404297,39300,0.0,0.0,0.0
2005-10-12 00:00:00-04:00,10.570601498030433,10.584428631406851,10.38393981264685,10.453073501586914,31300,0.0,0.0,0.0
2005-10-13 00:00:00-04:00,10.453073518764224,10.453073518764224,10.328631955428005,10.411593437194824,12000,0.0,0.0,0.0
2005-10-14 00:00:00-04:00,10.453071776792179,10.51529254809139,10.40467813658786,10.508378982543945,23100,0.0,0.0,0.0
2005-10-17 00:00:00-04:00,10.508378215460803,10.563685417175293,10.508378215460803,10.563685417175293,7000,0.0,0.0,0.0
2005-10-18 00:00:00-04:00,10.536035369781889,10.542948937156385,10.480728149414062,10.480728149414062,14900,0.0,0.0,0.0
2005-10-19 00:00:00-04:00,10.356284489827736,10.542946815490723,10.356284489827736,10.542946815490723,53400,0.0,0.0,0.0
2005-10-20 00:00:00-04:00,10.570600919109395,10.58442805172854,10.439246455797369,10.446159362792969,21500,0.0,0.0,0.0
2005-10-21 00:00:00-04:00,10.508379363222213,10.556773664493573,10.45307215546688,10.501465797424316,15400,0.0,0.0,0.0
2005-10-24 00:00:00-04:00,10.681213564570958,10.75726146268767,10.632819927088589,10.736520767211914,71500,0.0,0.0,0.0
2005-10-25 00:00:00-04:00,10.778000928389005,10.778000928389005,10.660472964169058,10.688126564025879,3300,0.0,0.0,0.0
2005-10-26 00:00:00-04:00,10.74343529832765,10.74343529832765,10.69504165649414,10.69504165649414,7800,0.0,0.0,0.0
2005-10-27 00:00:00-04:00,10.681214452979546,10.681214452979546,10.549860000610352,10.549860000610352,3700,0.0,0.0,0.0
2005-10-28 00:00:00-04:00,10.667387093567651,10.736520767211914,10.667387093567651,10.736520767211914,6500,0.0,0.0,0.0
2005-10-31 00:00:00-05:00,10.812566853686132,10.923181240434635,10.812566853686132,10.88170051574707,14400,0.0,0.0,0.0
2005-11-01 00:00:00-05:00,10.902445204703943,10.93701171875,10.902445204703943,10.93701171875,6600,0.0,0.0,0.0
2005-11-02 00:00:00-05:00,10.94392526946868,11.019972523299693,10.94392526946868,11.013059616088867,14300,0.0,0.0,0.0
2005-11-03 00:00:00-05:00,11.061454905596758,11.068368473148137,10.971580505371094,10.971580505371094,12700,0.0,0.0,0.0
2005-11-04 00:00:00-05:00,10.985404303256711,10.985404303256711,10.923183532824304,10.950837135314941,56300,0.0,0.0,0.0
2005-11-07 00:00:00-05:00,10.971579465815198,10.971579465815198,10.923185816169013,10.943925857543945,6700,0.0,0.0,0.0
2005-11-08 00:00:00-05:00,10.923184305129432,10.930097871069377,10.88861713474365,10.895530700683594,7600,0.0,0.0,0.0
2005-11-09 00:00:00-05:00,10.88861796930033,10.999232395561714,10.874790836360663,10.985405921936035,25500,0.0,0.0,0.0
2005-11-10 00:00:00-05:00,10.978492994748024,11.061453819274902,10.909358644651945,11.061453819274902,45600,0.0,0.0,0.0
2005-11-11 00:00:00-05:00,11.05453949032674,11.07528018951416,11.01305941057986,11.07528018951416,34400,0.0,0.0,0.0
2005-11-14 00:00:00-05:00,11.206633759223115,11.268854536847513,11.206633759223115,11.220460891723633,63800,0.0,0.0,0.0
2005-11-15 00:00:00-05:00,11.21354542675334,11.261940382310737,11.17897891998291,11.17897891998291,67800,0.0,0.0,0.0
2005-11-16 00:00:00-05:00,11.192808341697136,11.192808341697136,11.158240509221764,11.172067642211914,22800,0.0,0.0,0.0
2005-11-17 00:00:00-05:00,11.227377669543284,11.296512033193691,11.21355053308754,11.28959846496582,24400,0.0,0.0,0.0
2005-11-18 00:00:00-05:00,11.337991331852283,11.344904899597168,11.275770540776538,11.344904899597168,30900,0.0,0.0,0.0
2005-11-21 00:00:00-05:00,11.289599388898605,11.331079483032227,11.248119294764983,11.331079483032227,39200,0.0,0.0,0.0
2005-11-22 00:00:00-05:00,11.310339303513551,11.386385917663574,11.275771461965062,11.386385917663574,106600,0.0,0.0,0.0
2005-11-23 00:00:00-05:00,11.379471584368035,11.448605944189124,11.379471584368035,11.400212287902832,28500,0.0,0.0,0.0
2005-11-25 00:00:00-05:00,11.400210189869611,11.420950889587402,11.37946949015182,11.420950889587402,9600,0.0,0.0,0.0
2005-11-28 00:00:00-05:00,11.420951481724837,11.420951481724837,11.344903564111439,11.35181713104248,8200,0.0,0.0,0.0
2005-11-29 00:00:00-05:00,11.386382866302897,11.427864265044759,11.379469299845919,11.407123565673828,13800,0.0,0.0,0.0
2005-11-30 00:00:00-05:00,11.414036572805403,11.420950138923592,11.358729362487793,11.358729362487793,21000,0.0,0.0,0.0
2005-12-01 00:00:00-05:00,11.344897689555369,11.531559944152832,11.344897689555369,11.531559944152832,24300,0.0,0.0,0.0
2005-12-02 00:00:00-05:00,11.199720332668003,11.849579668250056,11.116758865025721,11.517736434936523,30500,0.0,0.0,0.0
2005-12-05 00:00:00-05:00,11.137498272332035,12.264382949498073,11.11675757816543,11.524648666381836,167700,0.0,0.0,0.0
2005-12-06 00:00:00-05:00,11.545391090133922,11.559216903021895,11.469343185424805,11.469343185424805,32200,0.0,0.0,0.0
2005-12-07 00:00:00-05:00,11.483171493956979,11.49008506042352,11.365643501281738,11.365643501281738,93300,0.0,0.0,0.0
2005-12-08 00:00:00-05:00,11.407119372180784,11.46242656487656,11.407119372180784,11.414032936096191,3900,0.0,0.0,0.0
2005-12-09 00:00:00-05:00,11.455514722007866,11.510821923012852,11.407121085956963,11.476255416870117,22400,0.0,0.0,0.0
2005-12-12 00:00:00-05:00,11.497003022803515,11.497003022803515,11.400215681420116,11.448609352111816,15500,0.0,0.0,0.0
2005-12-13 00:00:00-05:00,11.462430559171128,11.559217850459175,11.45551699284656,11.545392036437988,50500,0.0,0.0,0.0
2005-12-14 00:00:00-05:00,11.566127035134073,11.669827853461227,11.566127035134073,11.656002044677734,4400,0.0,0.0,0.0
2005-12-15 00:00:00-05:00,11.628347394654122,11.628347394654122,11.579953768987991,11.586867332458496,27500,0.0,0.0,0.0
2005-12-16 00:00:00-05:00,11.64467580487708,11.651640483590347,11.58199502483432,11.602889060974121,21200,0.123,0.0,0.0
2005-12-19 00:00:00-05:00,11.477531435537333,11.568070961471298,11.477531435537333,11.484496116638184,9100,0.0,0.0,0.0
2005-12-20 00:00:00-05:00,11.498423558379475,11.526280949753058,11.463600158691406,11.463600158691406,4900,0.0,0.0,0.0
2005-12-21 00:00:00-05:00,11.526284219453878,11.58896502829641,11.512356184004508,11.533248901367188,32700,0.0,0.0,0.0
2005-12-22 00:00:00-05:00,11.595924938471816,11.595924938471816,11.55413819256451,11.56806755065918,46300,0.0,0.0,0.0
2005-12-23 00:00:00-05:00,11.6237840397186,11.714322213579777,11.533244537480678,11.581995964050293,23100,0.0,0.0,0.0
2005-12-27 00:00:00-05:00,11.623787474488124,11.637715508783144,11.505390548529059,11.526283264160156,90800,0.0,0.0,0.0
2005-12-28 00:00:00-05:00,11.547175404064573,11.56110476443981,11.533246043689335,11.540210723876953,18900,0.0,0.0,0.0
2005-12-29 00:00:00-05:00,11.575033738216272,11.581997089794399,11.519317626953125,11.519317626953125,15000,0.0,0.0,0.0
2005-12-30 00:00:00-05:00,11.4148454999998,11.456633567810059,11.4148454999998,11.456633567810059,16100,0.0,0.0,0.0
2006-01-03 00:00:00-05:00,11.533243997437781,11.637711524963379,11.428776469912181,11.637711524963379,60600,0.0,0.0,0.0
2006-01-04 00:00:00-05:00,11.651640347362939,11.70039176940918,11.651640347362939,11.70039176940918,14700,0.0,0.0,0.0
2006-01-05 00:00:00-05:00,11.735217090664806,11.735217090664806,11.700393691784132,11.728252410888672,16700,0.0,0.0,0.0
2006-01-06 00:00:00-05:00,11.790931142576751,11.818788528442383,11.728250363908318,11.818788528442383,19800,0.0,0.0,0.0
2006-01-09 00:00:00-05:00,11.811821030329373,11.874501794035531,11.804857681807613,11.860573768615723,10300,0.0,0.0,0.0
2006-01-10 00:00:00-05:00,11.839684494062901,11.867543212846277,11.804862423960504,11.85361385345459,26700,0.0,0.0,0.0
2006-01-11 00:00:00-05:00,11.85361100345446,11.874503709141871,11.818787613347935,11.86754035949707,12300,0.0,0.0,0.0
2006-01-12 00:00:00-05:00,11.839682559140181,11.874504623551715,11.79789581617102,11.811823844909668,23600,0.0,0.0,0.0
2006-01-13 00:00:00-05:00,11.777001396526888,11.853611529786434,11.777001396526888,11.797895431518555,84000,0.0,0.0,0.0
2006-01-17 00:00:00-05:00,11.783966074857444,11.797895431518555,11.728249976589563,11.797895431518555,30600,0.0,0.0,0.0
2006-01-18 00:00:00-05:00,11.749144933496202,11.797896357258884,11.67253479422532,11.756108283996582,42700,0.0,0.0,0.0
2006-01-19 00:00:00-05:00,11.749145902920002,11.804862010156878,11.749145902920002,11.783967971801758,20100,0.0,0.0,0.0
2006-01-20 00:00:00-05:00,11.776996252500819,11.776996252500819,11.616812705993652,11.616812705993652,24700,0.0,0.0,0.0
2006-01-23 00:00:00-05:00,11.630748178963437,11.69342896117879,11.630748178963437,11.644676208496094,23000,0.0,0.0,0.0
2006-01-24 00:00:00-05:00,11.679499061890288,11.735215162568366,11.679499061890288,11.70039176940918,43900,0.0,0.0,0.0
2006-01-25 00:00:00-05:00,11.73522051371514,11.742185195522806,11.630752943354624,11.65164566040039,78700,0.0,0.0,0.0
2006-01-26 00:00:00-05:00,11.756107356348425,11.811823454591723,11.749144006397508,11.79093074798584,13900,0.0,0.0,0.0
2006-01-27 00:00:00-05:00,11.804858606760545,11.867539375377968,11.804858606760545,11.83271598815918,58900,0.0,0.0,0.0
2006-01-30 00:00:00-05:00,11.860581776577705,11.895403856202643,11.83968773177643,11.874509811401367,13000,0.0,0.0,0.0
2006-01-31 00:00:00-05:00,11.80486010984911,11.839682173125324,11.777001396526888,11.797895431518555,33100,0.0,0.0,0.0
2006-02-01 00:00:00-05:00,11.770041463364976,11.825757584095172,11.763076782226562,11.763076782226562,11000,0.0,0.0,0.0
2006-02-02 00:00:00-05:00,11.75610841501746,11.75610841501746,11.623783500008766,11.644676208496094,32000,0.0,0.0,0.0
2006-02-03 00:00:00-05:00,11.568069842027972,11.651643350396576,11.568069842027972,11.58896255493164,17300,0.0,0.0,0.0
2006-02-06 00:00:00-05:00,11.616812705993652,11.623777381282135,11.581989329551234,11.616812705993652,23100,0.0,0.0,0.0
2006-02-07 00:00:00-05:00,11.62378364563632,11.62378364563632,11.540208825509895,11.55413818359375,32000,0.0,0.0,0.0
2006-02-08 00:00:00-05:00,11.547173896036782,11.61681936044055,11.533244537480678,11.581995964050293,38800,0.0,0.0,0.0
2006-02-09 00:00:00-05:00,11.595924929468612,11.67253507055311,11.55413818359375,11.55413818359375,34900,0.0,0.0,0.0
2006-02-10 00:00:00-05:00,11.595929153627777,11.6377159147247,11.533248347793801,11.623787879943848,216500,0.0,0.0,0.0
2006-02-13 00:00:00-05:00,11.595926837000983,11.595926837000983,11.540210723876955,11.540210723876953,21600,0.0,0.0,0.0
2006-02-14 00:00:00-05:00,11.554136577688734,11.742178900554736,11.554136577688734,11.721284866333008,27000,0.0,0.0,0.0
2006-02-15 00:00:00-05:00,11.714323051336402,11.749146450217074,11.69343034038484,11.728252410888672,22700,0.0,0.0,0.0
2006-02-16 00:00:00-05:00,11.77004280693073,11.825758934020996,11.714326679840466,11.825758934020996,20800,0.0,0.0,0.0
2006-02-17 00:00:00-05:00,11.79789581617102,11.853611916255439,11.790931137613391,11.811823844909668,15800,0.0,0.0,0.0
2006-02-21 00:00:00-05:00,11.860573768615723,11.874501794035531,11.832715061023523,11.860573768615723,47200,0.0,0.0,0.0
2006-02-22 00:00:00-05:00,11.93022102185412,11.99290180206299,11.923257671499037,11.992901802062988,47900,0.0,0.0,0.0
2006-02-23 00:00:00-05:00,11.958082586364617,12.013798701118786,11.930223864799054,11.985939979553223,15600,0.0,0.0,0.0
2006-02-24 00:00:00-05:00,11.985940547279094,11.999869908721655,11.958083152770996,11.958083152770996,51700,0.0,0.0,0.0
2006-02-27 00:00:00-05:00,12.006834020727394,12.013798701118786,11.965047266756008,11.985939979553223,20500,0.0,0.0,0.0
2006-02-28 00:00:00-05:00,11.937186388222091,11.937186388222091,11.825754178848797,11.846648216247559,17500,0.0,0.0,0.0
2006-03-01 00:00:00-05:00,11.83968164741185,11.895397743205786,11.818787613347935,11.86754035949707,79500,0.0,0.0,0.0
2006-03-02 00:00:00-05:00,11.846648216247559,11.846648216247559,11.825754178848797,11.846648216247559,27600,0.0,0.0,0.0
2006-03-03 00:00:00-05:00,11.818792917339524,11.867545685367737,11.790935521129075,11.804864883422852,18700,0.0,0.0,0.0
2006-03-06 00:00:00-05:00,11.797897880273176,11.797897880273176,11.69343034038484,11.728252410888672,25200,0.0,0.0,0.0
2006-03-07 00:00:00-05:00,11.651643767334836,11.686467170715332,11.62378637300745,11.686467170715332,19000,0.0,0.0,0.0
2006-03-08 00:00:00-05:00,11.637710612304833,11.707356067985689,11.602888548652695,11.693428039550781,15000,0.0,0.0,0.0
2006-03-09 00:00:00-05:00,11.700392884984655,11.728251602168198,11.60985471089164,11.630748748779297,20000,0.0,0.0,0.0
2006-03-10 00:00:00-05:00,11.616818282580374,11.72825048393653,11.6028889253167,11.70039176940918,17900,0.0,0.0,0.0
2006-03-13 00:00:00-05:00,11.790935506780212,11.811828221818347,11.74914874832684,11.763076782226562,57000,0.0,0.0,0.0
2006-03-14 00:00:00-05:00,11.78396785058535,11.930222132436404,11.78396785058535,11.923258781433105,29700,0.0,0.0,0.0
2006-03-15 00:00:00-05:00,11.92326107754162,11.985940547279094,11.8954023546565,11.958083152770996,30100,0.0,0.0,0.0
2006-03-16 00:00:00-05:00,11.992901417311847,12.041654166869847,11.978973388671875,11.978973388671875,16900,0.0,0.0,0.0
2006-03-17 00:00:00-05:00,11.988737190039899,12.009671268888773,11.97478025013595,12.002694129943848,25800,0.034,0.0,0.0
2006-03-20 00:00:00-05:00,12.002702565196696,12.016658183901319,11.960831716058879,11.974788665771484,17200,0.0,0.0,0.0
2006-03-21 00:00:00-05:00,11.988748253563669,12.009682351731065,11.89105224609375,11.89105224609375,32500,0.0,0.0,0.0
2006-03-22 00:00:00-05:00,11.904999993773549,11.967804908752441,11.898021521997295,11.967804908752441,17300,0.0,0.0,0.0
2006-03-23 00:00:00-05:00,11.953847783936599,11.953847783936599,11.89802134158049,11.918956756591797,18000,0.0,0.0,0.0
2006-03-24 00:00:00-05:00,11.939892352654821,11.967804908752441,11.918956937326058,11.967804908752441,4500,0.0,0.0,0.0
2006-03-27 00:00:00-05:00,11.960825380169474,11.960825380169474,11.911977413059086,11.932912826538086,24400,0.0,0.0,0.0
2006-03-28 00:00:00-05:00,11.93989538503103,11.95385100112045,11.842198086358675,11.877090454101562,29600,0.0,0.0,0.0
2006-03-29 00:00:00-05:00,11.870111558499572,11.94687343379685,11.8212635764041,11.90500259399414,17600,0.0,0.0,0.0
2006-03-30 00:00:00-05:00,11.94687343379685,11.953850576089614,11.86313308519912,11.90500259399414,34200,0.0,0.0,0.0
2006-03-31 00:00:00-05:00,11.877095293309967,11.911986344261146,11.835224434958622,11.89105224609375,20000,0.0,0.0,0.0
2006-04-03 00:00:00-04:00,11.932912826538086,12.002696207127475,11.911977413059086,11.932912826538086,12500,0.0,0.0,0.0
2006-04-04 00:00:00-04:00,11.953847609503171,12.0026969104834,11.93989199737332,11.988739967346191,6300,0.0,0.0,0.0
2006-04-05 00:00:00-04:00,12.030610600954063,12.07248010330912,11.981762626371916,12.037589073181152,23300,0.0,0.0,0.0
2006-04-06 00:00:00-04:00,12.037588295507588,12.037588295507588,11.967804908752441,11.967804908752441,18900,0.0,0.0,0.0
2006-04-07 00:00:00-04:00,11.960834347996105,12.023639304514848,11.877095293309967,11.89105224609375,13200,0.0,0.0,0.0
2006-04-10 00:00:00-04:00,11.88406892765014,11.932916911482451,11.842198086358675,11.877090454101562,15400,0.0,0.0,0.0
2006-04-11 00:00:00-04:00,11.905002155939679,11.905002155939679,11.744501268958123,11.772415161132812,29700,0.0,0.0,0.0
2006-04-12 00:00:00-04:00,11.800333165262382,11.8282470703125,11.786376212737323,11.8282470703125,16800,0.0,0.0,0.0
2006-04-13 00:00:00-04:00,11.793353153662068,11.835222674778139,11.772419058608072,11.807310104370117,20000,0.0,0.0,0.0
2006-04-17 00:00:00-04:00,11.814284150642727,11.849175183324403,11.7445007542718,11.765436172485352,11500,0.0,0.0,0.0
2006-04-18 00:00:00-04:00,11.828239644150008,12.037588476556724,11.828239644150008,12.016653060913086,11200,0.0,0.0,0.0
2006-04-19 00:00:00-04:00,12.016653060913086,12.016653060913086,11.939892532234579,12.016653060913086,22700,0.0,0.0,0.0
2006-04-20 00:00:00-04:00,12.023637916502482,12.107378292529882,12.009680965329894,12.051551818847656,33400,0.0,0.0,0.0
2006-04-21 00:00:00-04:00,12.037588476556724,12.05852389220036,11.967805088752012,12.016653060913086,22400,0.0,0.0,0.0
2006-04-24 00:00:00-04:00,11.960829734802246,11.967808208502598,11.939895644708956,11.960829734802246,11000,0.0,0.0,0.0
2006-04-25 00:00:00-04:00,11.953847783936599,11.974783198947906,11.891044200917431,11.918956756591797,16900,0.0,0.0,0.0
2006-04-26 00:00:00-04:00,11.981767654418945,12.016658699188644,11.974789179263398,11.981767654418945,13400,0.0,0.0,0.0
2006-04-27 00:00:00-04:00,11.918965121963115,12.05155351474431,11.918965121963115,12.009682655334473,18600,0.0,0.0,0.0
2006-04-28 00:00:00-04:00,11.995721394764224,12.051547850061821,11.967807501611585,12.02363395690918,26900,0.0,0.0,0.0
2006-05-01 00:00:00-04:00,12.086444115372924,12.086444115372924,11.981769632772606,11.995726585388184,32300,0.0,0.0,0.0
2006-05-02 00:00:00-04:00,11.988745335752373,12.03759332759875,11.946875818599475,12.030614852905273,33200,0.0,0.0,0.0
2006-05-03 00:00:00-04:00,12.058528751679175,12.058528751679175,12.002702285139325,12.030614852905273,14600,0.0,0.0,0.0
2006-05-04 00:00:00-04:00,12.121333561898322,12.128310705508433,12.086441188808083,12.114355087280273,14800,0.0,0.0,0.0
2006-05-05 00:00:00-04:00,12.149248785833969,12.219032216264878,12.121336212266543,12.20507526397705,18200,0.0,0.0,0.0
2006-05-08 00:00:00-04:00,12.219027080988141,12.246939642824785,12.198091661354905,12.226005554199219,14000,0.0,0.0,0.0
2006-05-09 00:00:00-04:00,12.212052272265513,12.212052272265513,12.170182751442862,12.198095321655273,32000,0.0,0.0,0.0
2006-05-10 00:00:00-04:00,12.198088128477533,12.212045070857403,12.16319710353514,12.191109657287598,7800,0.0,0.0,0.0
2006-05-11 00:00:00-04:00,12.170177383480896,12.170177383480896,12.037589073181152,12.037589073181152,28200,0.0,0.0,0.0
2006-05-12 00:00:00-04:00,12.037588112974449,12.037588112974449,11.918956756591797,11.918956756591797,16700,0.0,0.0,0.0
2006-05-15 00:00:00-04:00,11.95385176151494,11.974787183492392,11.884069683605734,11.946874618530273,31100,0.0,0.0,0.0
2006-05-16 00:00:00-04:00,11.974787183492392,11.981765657484877,11.918960722560337,11.946874618530273,24400,0.0,0.0,0.0
2006-05-17 00:00:00-04:00,11.891050477610337,11.90500609731031,11.744505157191972,11.807310104370117,27100,0.0,0.0,0.0
2006-05-18 00:00:00-04:00,11.779391092929139,11.807304982235896,11.709609031677246,11.709609031677246,12900,0.0,0.0,0.0
2006-05-19 00:00:00-04:00,11.73752463596215,11.814286520468583,11.702633596281688,11.779394149780273,17600,0.0,0.0,0.0
2006-05-22 00:00:00-04:00,11.751484870910645,11.758463347000058,11.632853439407068,11.751484870910645,32000,0.0,0.0,0.0
2006-05-23 00:00:00-04:00,11.828240859590528,11.842196473779582,11.723565101623535,11.723565101623535,82000,0.0,0.0,0.0
2006-05-24 00:00:00-04:00,11.674722964935325,11.76544182308947,11.604939535049418,11.751484870910645,23800,0.0,0.0,0.0
2006-05-25 00:00:00-04:00,11.779397736474793,11.835224215566779,11.758463638695456,11.8282470703125,10700,0.0,0.0,0.0
2006-05-26 00:00:00-04:00,11.870116816918076,11.89105224609375,11.842202911350514,11.89105224609375,72600,0.0,0.0,0.0
2006-05-30 00:00:00-04:00,11.891045781967703,11.891045781967703,11.716587960032784,11.723565101623535,16600,0.0,0.0,0.0
2006-05-31 00:00:00-04:00,11.73752376179088,11.849176677662243,11.73752376179088,11.793350219726562,5200,0.0,0.0,0.0
2006-06-01 00:00:00-04:00,11.877092679799208,11.974788665771484,11.877092679799208,11.974788665771484,7500,0.0,0.0,0.0
2006-06-02 00:00:00-04:00,12.002705509774477,12.023639608471084,11.939900551668032,12.009682655334473,11700,0.0,0.0,0.0
2006-06-05 00:00:00-04:00,11.981763870213259,11.981763870213259,11.744501113891602,11.744501113891602,23100,0.0,0.0,0.0
2006-06-06 00:00:00-04:00,11.77241659927322,11.779393742161595,11.646806731157652,11.667740821838379,21700,0.0,0.0,0.0
2006-06-07 00:00:00-04:00,11.709608335154432,11.793347336078655,11.65378189086914,11.65378189086914,18600,0.0,0.0,0.0
2006-06-08 00:00:00-04:00,11.59795538729954,11.688672859671641,11.444431668044183,11.660758972167969,45300,0.0,0.0,0.0
2006-06-09 00:00:00-04:00,11.695651391331253,11.744499363704954,11.65378189086914,11.65378189086914,9300,0.0,0.0,0.0
2006-06-12 00:00:00-04:00,11.646807319085589,11.646807319085589,11.437457084655762,11.437457084655762,8400,0.0,0.0,0.0
2006-06-13 00:00:00-04:00,11.416524299959066,11.486306388416931,11.297892886169466,11.395588874816895,40900,0.0,0.0,0.0
2006-06-14 00:00:00-04:00,11.297892217211595,11.353718683277167,11.242065751146024,11.339761734008789,16800,0.0,0.0,0.0
2006-06-15 00:00:00-04:00,11.437453527644845,11.625868280732952,11.437453527644845,11.618889808654785,61900,0.0,0.0,0.0
2006-06-16 00:00:00-04:00,11.627291364028006,11.627291364028006,11.536288339279851,11.571290016174316,9500,0.052,0.0,0.0
2006-06-19 00:00:00-04:00,11.613294374348799,11.613294374348799,11.438289939937487,11.494291305541992,15500,0.0,0.0,0.0
2006-06-20 00:00:00-04:00,11.508290438690311,11.564291796790943,11.45228908058968,11.487289428710938,35100,0.0,0.0,0.0
2006-06-21 00:00:00-04:00,11.55728907447,11.669291767551615,11.55728907447,11.620290756225586,28000,0.0,0.0,0.0
2006-06-22 00:00:00-04:00,11.58529140933454,11.58529140933454,11.508290376846025,11.550291061401367,20400,0.0,0.0,0.0
2006-06-23 00:00:00-04:00,11.508292428196404,11.606294488020277,11.494291752456443,11.529292106628418,12500,0.0,0.0,0.0
2006-06-26 00:00:00-04:00,11.620290756225586,11.64829076190728,11.578290080114336,11.620290756225586,5300,0.0,0.0,0.0
2006-06-27 00:00:00-04:00,11.683294786867258,11.683294786867258,11.550291061401367,11.550291061401367,23800,0.0,0.0,0.0
2006-06-28 00:00:00-04:00,11.57829475402832,11.606294771013031,11.536292725784316,11.57829475402832,7800,0.0,0.0,0.0
2006-06-29 00:00:00-04:00,11.711294639072982,11.851298699259,11.676294291615312,11.844298362731934,11300,0.0,0.0,0.0
2006-06-30 00:00:00-04:00,11.893299102783203,11.907299775507184,11.872298093697232,11.893299102783203,35900,0.0,0.0,0.0
2006-07-03 00:00:00-04:00,11.928297143242766,11.970297813415527,11.914296474792767,11.970297813415527,3500,0.0,0.0,0.0
2006-07-05 00:00:00-04:00,11.914299302305254,11.914299302305254,11.802296598479153,11.872297286987305,21600,0.0,0.0,0.0
2006-07-06 00:00:00-04:00,11.91430377960205,11.949304137008973,11.865302745161141,11.91430377960205,19800,0.0,0.0,0.0
2006-07-07 00:00:00-04:00,11.851301193237305,11.949303254884391,11.837300517236878,11.851301193237305,13300,0.0,0.0,0.0
2006-07-10 00:00:00-04:00,11.893298369886825,11.942299386223546,11.886298033956212,11.907299041748047,6400,0.0,0.0,0.0
2006-07-11 00:00:00-04:00,11.851297689480713,11.907299041748047,11.802296673143992,11.907299041748047,16000,0.0,0.0,0.0
2006-07-12 00:00:00-04:00,11.921301605185123,11.94230128113146,11.781297534713298,11.802298545837402,33600,0.0,0.0,0.0
2006-07-13 00:00:00-04:00,11.725294223208369,11.725294223208369,11.57829117532501,11.59929084777832,24300,0.0,0.0,0.0
2006-07-14 00:00:00-04:00,11.56429401327213,11.592294030100248,11.452291275603757,11.543292999267578,42600,0.0,0.0,0.0
2006-07-17 00:00:00-04:00,11.501288559041805,11.515289230483086,11.431286537012914,11.480287551879883,11500,0.0,0.0,0.0
2006-07-18 00:00:00-04:00,11.508291980737587,11.536291995950902,11.403289587126375,11.494291305541992,46000,0.0,0.0,0.0
2006-07-19 00:00:00-04:00,11.571287769299618,11.760291447119801,11.571287769299618,11.746292114257812,28500,0.0,0.0,0.0
2006-07-20 00:00:00-04:00,11.718292778877643,11.746294119736758,11.620290756225586,11.620290756225586,7600,0.0,0.0,0.0
2006-07-21 00:00:00-04:00,11.585290953426595,11.585290953426595,11.48728891492817,11.515290260314941,11700,0.0,0.0,0.0
2006-07-24 00:00:00-04:00,11.54328733236253,11.648289680480957,11.54328733236253,11.648289680480957,52300,0.0,0.0,0.0
2006-07-25 00:00:00-04:00,11.634291156194031,11.732293176567847,11.613290151037905,11.669291496276855,45800,0.0,0.0,0.0
2006-07-26 00:00:00-04:00,11.67629879579094,11.732300174432552,11.66229811733599,11.725299835205078,39600,0.0,0.0,0.0
2006-07-27 00:00:00-04:00,11.753295474696928,11.753295474696928,11.536289069743036,11.557290077209473,15700,0.0,0.0,0.0
2006-07-28 00:00:00-04:00,11.683290219596772,11.732291221618652,11.627288883689312,11.732291221618652,15000,0.0,0.0,0.0
2006-07-31 00:00:00-04:00,11.697294087551674,11.718295097351076,11.669294076330157,11.718295097351074,9100,0.0,0.0,0.0
2006-08-01 00:00:00-04:00,11.697294956638496,11.697294956638496,11.634294592914856,11.676295280456543,23300,0.0,0.0,0.0
2006-08-02 00:00:00-04:00,11.753292448277403,11.788292783198164,11.711290444159857,11.746292114257812,12400,0.0,0.0,0.0
2006-08-03 00:00:00-04:00,11.711295282348594,11.809298663932985,11.704294945437013,11.788297653198242,13100,0.0,0.0,0.0
2006-08-04 00:00:00-04:00,11.89329788886265,11.942298903217527,11.77429485321045,11.77429485321045,17200,0.0,0.0,0.0
2006-08-07 00:00:00-04:00,11.746294259337223,11.788294935947635,11.739293924039247,11.767293930053711,9500,0.0,0.0,0.0
2006-08-08 00:00:00-04:00,11.788300519814067,11.802301197041839,11.683298110961914,11.683298110961914,7800,0.0,0.0,0.0
2006-08-09 00:00:00-04:00,11.76029236316425,11.774293032293986,11.62028967739878,11.648289680480957,18400,0.0,0.0,0.0
2006-08-10 00:00:00-04:00,11.6132919037307,11.704293602786564,11.599291231513615,11.69029426574707,9000,0.0,0.0,0.0
2006-08-11 00:00:00-04:00,11.669294420689061,11.669294420689061,11.599292387802995,11.606292724609375,7700,0.0,0.0,0.0
2006-08-14 00:00:00-04:00,11.683294576508626,11.753296606292265,11.613292546724988,11.634293556213379,10700,0.0,0.0,0.0
2006-08-15 00:00:00-04:00,11.704295162436019,11.802298545837402,11.704295162436019,11.802298545837402,8200,0.0,0.0,0.0
2006-08-16 00:00:00-04:00,11.865299762534004,11.942300796508789,11.85129908901942,11.942300796508789,12900,0.0,0.0,0.0
2006-08-17 00:00:00-04:00,11.921304118119046,11.942303798491977,11.879302087017079,11.91430377960205,11200,0.0,0.0,0.0
2006-08-18 00:00:00-04:00,11.942300122139496,11.942300122139496,11.865299092512881,11.893299102783203,12200,0.0,0.0,0.0
2006-08-21 00:00:00-04:00,11.87930275161614,11.886303090524773,11.84430239225109,11.85830307006836,11000,0.0,0.0,0.0
2006-08-22 00:00:00-04:00,11.85830035884817,11.872299698286579,11.816298334999486,11.837299346923828,6500,0.0,0.0,0.0
2006-08-23 00:00:00-04:00,11.872296881920201,11.872296881920201,11.74629484579802,11.77429485321045,10300,0.0,0.0,0.0
2006-08-24 00:00:00-04:00,11.795294441717662,11.802294776523324,11.725292428838381,11.739293098449707,30700,0.0,0.0,0.0
2006-08-25 00:00:00-04:00,11.739295887054682,11.753296559991789,11.67629419401536,11.704294204711914,24300,0.0,0.0,0.0
2006-08-28 00:00:00-04:00,11.690293495795661,11.795295860152898,11.676292824500695,11.77429485321045,6100,0.0,0.0,0.0
2006-08-29 00:00:00-04:00,11.802299362516196,11.830299377441406,11.73929765996215,11.830299377441406,10300,0.0,0.0,0.0
2006-08-30 00:00:00-04:00,11.816298334999486,11.851300021540057,11.816298334999486,11.837299346923828,9800,0.0,0.0,0.0
2006-08-31 00:00:00-04:00,11.851298200392069,11.879298210144043,11.830297191694878,11.879298210144043,5900,0.0,0.0,0.0
2006-09-01 00:00:00-04:00,11.900301644901067,11.956303010999367,11.893301307241542,11.949302673339844,5400,0.0,0.0,0.0
2006-09-05 00:00:00-04:00,11.914304649889898,11.991305708845326,11.914304649889898,11.977306365966797,22100,0.0,0.0,0.0
2006-09-06 00:00:00-04:00,11.907301302151504,11.907301302151504,11.788298239095472,11.79529857635498,8200,0.0,0.0,0.0
2006-09-07 00:00:00-04:00,11.697298904622487,11.816302005470453,11.697298904622487,11.753301620483398,11300,0.0,0.0,0.0
2006-09-08 00:00:00-04:00,11.774298378931137,11.837300083446342,11.774298378931137,11.823299407958984,3400,0.0,0.0,0.0
2006-09-11 00:00:00-04:00,11.844297864159673,11.90729955507363,11.802297181942906,11.879298210144043,18000,0.0,0.0,0.0
2006-09-12 00:00:00-04:00,11.837294673016805,12.047299368629465,11.837294673016805,12.040300369262695,6700,0.0,0.0,0.0
2006-09-13 00:00:00-04:00,12.04730335481192,12.145306735678602,12.04730335481192,12.124305725097656,25700,0.0,0.0,0.0
2006-09-14 00:00:00-04:00,12.068304147233587,12.124305505926037,12.068304147233587,12.110304832458496,11600,0.0,0.0,0.0
2006-09-15 00:00:00-04:00,12.15099533814049,12.158011085061077,12.108902194733872,12.136963844299316,15800,0.038,0.0,0.0
2006-09-18 00:00:00-04:00,12.136966531860333,12.186076771179215,12.136966531860333,12.165029525756836,5700,0.0,0.0,0.0
2006-09-19 00:00:00-04:00,12.150991651263956,12.150991651263956,12.066805389994672,12.129945755004883,13800,0.0,0.0,0.0
2006-09-20 00:00:00-04:00,12.122933955272117,12.214135991012327,12.122933955272117,12.172042846679688,18700,0.0,0.0,0.0
2006-09-21 00:00:00-04:00,12.228166640953809,12.235182387544386,12.073822892194825,12.087854385375977,32700,0.0,0.0,0.0
2006-09-22 00:00:00-04:00,12.052779369158841,12.052779369158841,11.98963897549973,12.0247163772583,14400,0.0,0.0,0.0
2006-09-25 00:00:00-04:00,12.059789645202816,12.143975906472098,11.989633535400749,12.129945755004883,6000,0.0,0.0,0.0
2006-09-26 00:00:00-04:00,12.115920784380712,12.2632474899292,12.115920784380712,12.2632474899292,11200,0.0,0.0,0.0
2006-09-27 00:00:00-04:00,12.235184364023903,12.305340503145887,12.235184364023903,12.270261764526367,9700,0.0,0.0,0.0
2006-09-28 00:00:00-04:00,12.277275437996536,12.298322677612305,12.242198043420421,12.298322677612305,11900,0.0,0.0,0.0
2006-09-29 00:00:00-04:00,12.242202413755384,12.25623257372435,12.221155166625977,12.221155166625977,6200,0.0,0.0,0.0
2006-10-02 00:00:00-04:00,12.22816718241512,12.242198676217583,12.179058292223397,12.207119941711426,9000,0.0,0.0,0.0
2006-10-03 00:00:00-04:00,12.150996338297125,12.221152475160688,12.143980590799066,12.193089485168457,8600,0.0,0.0,0.0
2006-10-04 00:00:00-04:00,12.129950011697314,12.31235408782959,12.129950011697314,12.31235408782959,26600,0.0,0.0,0.0
2006-10-05 00:00:00-04:00,12.354444792675817,12.438631057739258,12.33339755735168,12.438631057739258,8600,0.0,0.0,0.0
2006-10-06 00:00:00-04:00,12.347433304978892,12.41057369460564,12.347433304978892,12.375494956970215,12500,0.0,0.0,0.0
2006-10-09 00:00:00-04:00,12.354448066369716,12.466697341609265,12.34743231940263,12.445650100708008,11500,0.0,0.0,0.0
2006-10-10 00:00:00-04:00,12.396542720036706,12.494760513305666,12.396542720036706,12.494760513305664,23800,0.0,0.0,0.0
2006-10-11 00:00:00-04:00,12.508789498032437,12.522820990859167,12.452664864842328,12.5158052444458,14100,0.0,0.0,0.0
2006-10-12 00:00:00-04:00,12.543867514305132,12.628055137325392,12.543867514305132,12.621039390563965,62600,0.0,0.0,0.0
2006-10-13 00:00:00-04:00,12.61402407850336,12.67014871641206,12.61402407850336,12.628055572509766,13100,0.0,0.0,0.0
2006-10-16 00:00:00-04:00,12.663134362007483,12.761353492736816,12.663134362007483,12.761353492736816,17700,0.0,0.0,0.0
2006-10-17 00:00:00-04:00,12.733287673483963,12.733287673483963,12.635069902686562,12.691194534301758,75600,0.0,0.0,0.0
2006-10-18 00:00:00-04:00,12.740303419700458,12.740303419700458,12.649101395119551,12.691194534301758,55600,0.0,0.0,0.0
2006-10-19 00:00:00-04:00,12.649101994283365,12.670147895812988,12.628054754636912,12.670147895812988,11500,0.0,0.0,0.0
2006-10-20 00:00:00-04:00,12.635074668577163,12.635074668577163,12.564918518066406,12.564918518066406,27600,0.0,0.0,0.0
2006-10-23 00:00:00-04:00,12.550880256941772,12.663129502023372,12.550880256941772,12.649099349975586,12900,0.0,0.0,0.0
2006-10-24 00:00:00-04:00,12.578942947432632,12.684176445007324,12.578942947432632,12.684176445007324,11100,0.0,0.0,0.0
2006-10-25 00:00:00-04:00,12.670153185390863,12.67716893486864,12.621044277163817,12.663137435913086,23800,0.0,0.0,0.0
2006-10-26 00:00:00-04:00,12.698211452261573,12.719257354736328,12.585962178673238,12.719257354736328,18600,0.0,0.0,0.0
2006-10-27 00:00:00-04:00,12.628056176036504,12.684180816627542,12.58596303012247,12.607008934020996,17900,0.0,0.0,0.0
2006-10-30 00:00:00-05:00,12.585962861859572,12.656118996189692,12.578947114614863,12.635071754455566,9000,0.0,0.0,0.0
2006-10-31 00:00:00-05:00,12.649103418052011,12.670149321950536,12.564915788106962,12.607008934020996,12800,0.0,0.0,0.0
2006-11-01 00:00:00-05:00,12.592979909290497,12.649104554925895,12.51580801974791,12.529839515686035,12600,0.0,0.0,0.0
2006-11-02 00:00:00-05:00,12.501776090562435,12.529839081466168,12.501776090562435,12.522823333740234,7700,0.0,0.0,0.0
2006-11-03 00:00:00-05:00,12.543869409940145,12.543869409940145,12.452667364492836,12.494760513305664,8600,0.0,0.0,0.0
2006-11-06 00:00:00-05:00,12.522826460709725,12.670153185390863,12.522826460709725,12.663137435913086,11900,0.0,0.0,0.0
2006-11-07 00:00:00-05:00,12.69821088200826,12.719256783537883,12.649101994283365,12.670147895812988,21100,0.0,0.0,0.0
2006-11-08 00:00:00-05:00,12.642087464965734,12.726273755423682,12.642087464965734,12.705227851867676,25300,0.0,0.0,0.0
2006-11-09 00:00:00-05:00,12.705227367220472,12.712243114177175,12.628055488813645,12.64208698272705,25200,0.0,0.0,0.0
2006-11-10 00:00:00-05:00,12.642091525597147,12.684184684346416,12.621044277163817,12.663137435913086,11400,0.0,0.0,0.0
2006-11-13 00:00:00-05:00,12.677168445049814,12.7332931005861,12.677168445049814,12.726277351379395,25100,0.0,0.0,0.0
2006-11-14 00:00:00-05:00,12.775379020413736,12.803442001342773,12.677161263395261,12.803442001342773,45200,0.0,0.0,0.0
2006-11-15 00:00:00-05:00,12.838518857377144,12.922706458559063,12.838518857377144,12.880613327026367,29400,0.0,0.0,0.0
2006-11-16 00:00:00-05:00,12.880618828190169,12.922711977700365,12.866587332314404,12.901664733886719,11900,0.0,0.0,0.0
2006-11-17 00:00:00-05:00,12.894648985948836,12.901664733886719,12.845540088500758,12.901664733886719,6300,0.0,0.0,0.0
2006-11-20 00:00:00-05:00,12.880623067659267,12.950777893894331,12.880623067659267,12.908684730529785,16500,0.0,0.0,0.0
2006-11-21 00:00:00-05:00,12.922710334826526,12.936741828918455,12.901663093688631,12.936741828918457,18600,0.0,0.0,0.0
2006-11-22 00:00:00-05:00,12.915694587780562,12.985850720123283,12.908678840734597,12.936741828918457,23900,0.0,0.0,0.0
2006-11-24 00:00:00-05:00,12.838523139755905,12.950772420028976,12.838523139755905,12.943758010864258,39000,0.0,0.0,0.0
2006-11-27 00:00:00-05:00,12.93674581322847,12.93674581322847,12.719261602172692,12.726277351379395,17300,0.0,0.0,0.0
2006-11-28 00:00:00-05:00,12.726276310656418,12.75433930518831,12.670151659709866,12.740307807922363,13000,0.0,0.0,0.0
2006-11-29 00:00:00-05:00,12.78940998090291,12.880613327026367,12.78940998090291,12.880613327026367,21000,0.0,0.0,0.0
2006-11-30 00:00:00-05:00,12.9086784065427,12.943757140592629,12.845538023369711,12.929725646972656,21900,0.0,0.0,0.0
2006-12-01 00:00:00-05:00,12.894647732808538,12.97181961450835,12.789414200201408,12.887633323669434,17400,0.0,0.0,0.0
2006-12-04 00:00:00-05:00,12.950774491254064,13.056009379192696,12.943760080967529,13.041977882385254,59400,0.0,0.0,0.0
2006-12-05 00:00:00-05:00,13.070034382353702,13.105113110535358,13.041972737925036,13.091081619262695,36200,0.0,0.0,0.0
2006-12-06 00:00:00-05:00,13.08406696448254,13.154223088578313,13.08406696448254,13.13317584991455,27800,0.0,0.0,0.0
2006-12-07 00:00:00-05:00,13.168255234916506,13.175270981486142,13.112130600476263,13.119146347045898,11900,0.0,0.0,0.0
2006-12-08 00:00:00-05:00,13.077053634485925,13.133178276509241,13.077053634485925,13.1261625289917,22800,0.0,0.0,0.0
2006-12-11 00:00:00-05:00,13.133176502068332,13.147207995207602,13.098099107336994,13.119146347045898,28000,0.0,0.0,0.0
2006-12-12 00:00:00-05:00,13.11914659661262,13.11914659661262,13.020927480886137,13.077052116394043,16300,0.0,0.0,0.0
2006-12-13 00:00:00-05:00,13.063016091594399,13.133170850869506,13.063016091594399,13.105109214782715,12700,0.0,0.0,0.0
2006-12-14 00:00:00-05:00,13.133179703684291,13.20333584836652,13.133179703684291,13.18930435180664,18600,0.0,0.0,0.0
2006-12-15 00:00:00-05:00,13.233055114512391,13.233055114512391,13.16247855134113,13.1836519241333,10800,0.112,0.0,0.0
2006-12-18 00:00:00-05:00,13.197770280205862,13.204826726483896,13.106020324956312,13.113078117370605,9500,0.0,0.0,0.0
2006-12-19 00:00:00-05:00,13.05661368033041,13.176593427454558,13.05661368033041,13.169535636901855,16700,0.0,0.0,0.0
2006-12-20 00:00:00-05:00,13.183656089285774,13.211885915791427,13.169540502964747,13.190713882446289,45100,0.0,0.0,0.0
2006-12-21 00:00:00-05:00,13.197773063625966,13.197773063625966,13.077793259551674,13.091907501220703,10300,0.0,0.0,0.0
2006-12-22 00:00:00-05:00,13.09190308886057,13.09190308886057,13.014270074367634,13.04955768585205,12000,0.0,0.0,0.0
2006-12-26 00:00:00-05:00,13.007215483800424,13.091906310659102,13.007215483800424,13.056618690490723,10900,0.0,0.0,0.0
2006-12-27 00:00:00-05:00,13.14836571310142,13.211884498596191,13.14130926683423,13.211884498596191,13300,0.0,0.0,0.0
2006-12-28 00:00:00-05:00,13.190713882446289,13.218943708951942,13.190713882446289,13.190713882446289,13700,0.0,0.0,0.0
2006-12-29 00:00:00-05:00,13.233060076859163,13.233060076859163,13.09896469116211,13.09896469116211,8100,0.0,0.0,0.0
2007-01-03 00:00:00-05:00,13.22600369397395,13.22600369397395,13.056620668460052,13.127197265625,49100,0.0,0.0,0.0
2007-01-04 00:00:00-05:00,13.127195980700249,13.127195980700249,13.028388215886238,13.070734977722168,49800,0.0,0.0,0.0
2007-01-05 00:00:00-05:00,13.091907894832431,13.091907894832431,12.957813845057535,13.00015926361084,13000,0.0,0.0,0.0
2007-01-08 00:00:00-05:00,12.964873767552493,13.035449028015135,12.922526995910742,13.035449028015137,50500,0.0,0.0,0.0
2007-01-09 00:00:00-05:00,13.042503821921294,13.056619409220236,12.957812990400626,13.021331787109375,31000,0.0,0.0,0.0
2007-01-10 00:00:00-05:00,12.957811776092488,13.09896359744475,12.957811776092488,13.08484935760498,15600,0.0,0.0,0.0
2007-01-11 00:00:00-05:00,13.127195438719177,13.218944059969354,13.127195438719177,13.197772026062012,17100,0.0,0.0,0.0
2007-01-12 00:00:00-05:00,13.218940588121983,13.261287337087518,13.211882796627728,13.254229545593262,10000,0.0,0.0,0.0
2007-01-16 00:00:00-05:00,13.282459968589457,13.282459968589457,13.190711367270007,13.247172355651855,25000,0.0,0.0,0.0
2007-01-17 00:00:00-05:00,13.240120887756348,13.275408517548488,13.218947502198992,13.240120887756348,18700,0.0,0.0,0.0
2007-01-18 00:00:00-05:00,13.218943708951942,13.247174881593997,13.15542491664372,13.190713882446289,20600,0.0,0.0,0.0
2007-01-19 00:00:00-05:00,13.22599837961624,13.254229545593263,13.197768559775302,13.254229545593262,17900,0.0,0.0,0.0
2007-01-22 00:00:00-05:00,13.261286278235286,13.261286278235286,13.127190942823487,13.1836519241333,15500,0.0,0.0,0.0
2007-01-23 00:00:00-05:00,13.211889076261217,13.296581268310547,13.197774832700267,13.296581268310547,170200,0.0,0.0,0.0
2007-01-24 00:00:00-05:00,13.254236164549278,13.36010039755787,13.254236164549278,13.353042602539062,263600,0.0,0.0,0.0
2007-01-25 00:00:00-05:00,13.402435529261734,13.402435529261734,13.268340219155125,13.28951358795166,23600,0.0,0.0,0.0
2007-01-26 00:00:00-05:00,13.338924172347076,13.338924172347076,13.218944374847245,13.30363655090332,22900,0.0,0.0,0.0
2007-01-29 00:00:00-05:00,13.310686956748194,13.395377739662887,13.268340219155125,13.28951358795166,22500,0.0,0.0,0.0
2007-01-30 00:00:00-05:00,13.324800709611731,13.367147445678711,13.282455319680425,13.367147445678711,16800,0.0,0.0,0.0
2007-01-31 00:00:00-05:00,13.381269378519287,13.734150971996733,13.381269378519287,13.48713493347168,33600,0.0,0.0,0.0
2007-02-01 00:00:00-05:00,13.614172121434741,13.628286361694336,13.480076742945528,13.628286361694336,44000,0.0,0.0,0.0
2007-02-02 00:00:00-05:00,13.705915696146818,13.705915696146818,13.600051529413898,13.642396926879883,36700,0.0,0.0,0.0
2007-02-05 00:00:00-05:00,13.465966678199045,13.642407542088518,13.465966678199045,13.614177703857422,19800,0.0,0.0,0.0
2007-02-06 00:00:00-05:00,13.55064973849143,13.720032691955566,13.40949660420329,13.720032691955566,41100,0.0,0.0,0.0
2007-02-07 00:00:00-05:00,13.727092994601207,13.974109005591979,13.670631999783845,13.712977409362793,28700,0.0,0.0,0.0
2007-02-08 00:00:00-05:00,13.727092994601207,13.727092994601207,13.642400829307014,13.712977409362793,15900,0.0,0.0,0.0
2007-02-09 00:00:00-05:00,13.677686096011819,13.70591726163765,13.543592097697319,13.5859375,13400,0.0,0.0,0.0
2007-02-12 00:00:00-05:00,13.642402395623849,13.656517982482908,13.564768014035476,13.65651798248291,18800,0.0,0.0,0.0
2007-02-13 00:00:00-05:00,13.698870700871348,13.882369389467376,13.684755106486152,13.769447326660156,106400,0.0,0.0,0.0
2007-02-14 00:00:00-05:00,13.832959990589892,13.910593032836916,13.783556778395448,13.910593032836914,32500,0.0,0.0,0.0
2007-02-15 00:00:00-05:00,13.903533812831107,13.98116683959961,13.903533812831107,13.98116683959961,29400,0.0,0.0,0.0
2007-02-16 00:00:00-05:00,14.002342849162853,14.185841453883851,13.903536425904067,13.945881843566895,69800,0.0,0.0,0.0
2007-02-20 00:00:00-05:00,13.931767506154607,14.065862911282668,13.910594122354384,14.05174732208252,28700,0.0,0.0,0.0
2007-02-21 00:00:00-05:00,14.079973556114346,14.185837745666504,14.016454773155813,14.185837745666504,25100,0.0,0.0,0.0
2007-02-22 00:00:00-05:00,14.15055156029648,14.256417116747434,14.051745143487823,14.115263938903809,38300,0.0,0.0,0.0
2007-02-23 00:00:00-05:00,14.171724335138132,14.397568333126562,13.96705371676227,14.122321128845215,36300,0.0,0.0,0.0
2007-02-26 00:00:00-05:00,14.136440212680462,14.221131059810862,13.99528700594747,14.065863609313965,41500,0.0,0.0,0.0
2007-02-27 00:00:00-05:00,13.825896412434094,13.938818377676288,13.47301493451824,13.543591499328613,63500,0.0,0.0,0.0
2007-02-28 00:00:00-05:00,13.677690544308232,13.677690544308232,13.409501114321857,13.57888412475586,44000,0.0,0.0,0.0
2007-03-01 00:00:00-05:00,13.233057874107832,13.614170587027541,13.233057874107832,13.53653621673584,75800,0.0,0.0,0.0
2007-03-02 00:00:00-05:00,13.61416735131637,13.63533937735573,13.430668830871582,13.430668830871582,26500,0.0,0.0,0.0
2007-03-05 00:00:00-05:00,13.402442758737056,13.522422554364846,13.296578549921112,13.48713493347168,117500,0.0,0.0,0.0
2007-03-06 00:00:00-05:00,13.480077140065758,13.508306967552999,13.338923964220198,13.48713493347168,30400,0.0,0.0,0.0
2007-03-07 00:00:00-05:00,13.501251339277507,13.54359810650399,13.444790329112195,13.473021507263184,29600,0.0,0.0,0.0
2007-03-08 00:00:00-05:00,13.663580841006187,13.97411579020218,13.55065879654638,13.59300422668457,107000,0.0,0.0,0.0
2007-03-09 00:00:00-05:00,13.720031277347452,13.720031277347452,13.59299373881358,13.642396926879883,28600,0.0,0.0,0.0
2007-03-12 00:00:00-04:00,13.741209163540223,14.115264148073301,13.642402745267386,13.663576126098633,38600,0.0,0.0,0.0
2007-03-13 00:00:00-04:00,13.607109560591269,13.776492499585856,13.310689080816756,13.430668830871582,40600,0.0,0.0,0.0
2007-03-14 00:00:00-04:00,13.515370057968415,13.762387539442209,13.254238330287501,13.458909034729004,32200,0.0,0.0,0.0
2007-03-15 00:00:00-04:00,13.550651701314687,13.557708147528777,13.46595953924686,13.515362739562988,14000,0.0,0.0,0.0
2007-03-16 00:00:00-04:00,13.530919674652408,13.56626771489358,13.439017466805085,13.5167818069458,33500,0.032,0.0,0.0
2007-03-19 00:00:00-04:00,13.679375440100747,13.679375440100747,13.566264435451616,13.608680725097656,32900,0.0,0.0,0.0
2007-03-20 00:00:00-04:00,13.71472261447694,13.721792221069338,13.615750818962551,13.721792221069336,35800,0.0,0.0,0.0
2007-03-21 00:00:00-04:00,13.71472141693416,13.926805551018541,13.693513947398348,13.905596733093262,82900,0.0,0.0,0.0
2007-03-22 00:00:00-04:00,14.032847925201043,14.032847925201043,13.849042202163263,13.898528099060059,60000,0.0,0.0,0.0
2007-03-23 00:00:00-04:00,13.870251264704233,13.969223060232705,13.870251264704233,13.955083847045898,59000,0.0,0.0,0.0
2007-03-26 00:00:00-04:00,13.940945269005793,13.940945269005793,13.81369638969586,13.926807403564453,42400,0.0,0.0,0.0
2007-03-27 00:00:00-04:00,13.799557069432712,13.870251789652746,13.799557069432712,13.820764541625977,26400,0.0,0.0,0.0
2007-03-28 00:00:00-04:00,13.778345774294053,13.799554591067904,13.714720672361892,13.735929489135742,16900,0.0,0.0,0.0
2007-03-29 00:00:00-04:00,13.834905409663358,13.834905409663358,13.721794383141855,13.771280288696289,12300,0.0,0.0,0.0
2007-03-30 00:00:00-04:00,13.806628327227882,13.8136979349342,13.707655167729216,13.771280288696289,9300,0.0,0.0,0.0
2007-04-02 00:00:00-04:00,13.778348248849811,13.849042969069846,13.735931956073646,13.820764541625977,84200,0.0,0.0,0.0
2007-04-03 00:00:00-04:00,13.905598938213977,13.969224053689882,13.8985293311178,13.940945625305176,23300,0.0,0.0,0.0
2007-04-04 00:00:00-04:00,13.948009523957415,13.948009523957415,13.8561073660989,13.933870315551758,77500,0.0,0.0,0.0
2007-04-05 00:00:00-04:00,13.90559884176105,13.983363170889913,13.90559884176105,13.976293563842773,86800,0.0,0.0,0.0
2007-04-09 00:00:00-04:00,14.018709857735939,14.018709857735939,13.948015135654215,13.976293563842773,45500,0.0,0.0,0.0
2007-04-10 00:00:00-04:00,13.976299241465625,13.99043846130371,13.071409397681437,13.990438461303711,78300,0.0,0.0,0.0
2007-04-11 00:00:00-04:00,13.96215518453429,13.96215518453429,13.877321243286133,13.877321243286133,21400,0.0,0.0,0.0
2007-04-12 00:00:00-04:00,13.841973726726465,13.976293563842773,13.841973726726465,13.976293563842773,27900,0.0,0.0,0.0
2007-04-13 00:00:00-04:00,13.990435932195858,14.011643409729004,13.948018280349611,14.011643409729004,27400,0.0,0.0,0.0
2007-04-16 00:00:00-04:00,14.096477713287019,14.174240713479666,14.096477713287019,14.160102844238281,147300,0.0,0.0,0.0
2007-04-17 00:00:00-04:00,14.138891495725531,14.188377400218208,14.124752280616262,14.181307792663574,29200,0.0,0.0,0.0
2007-04-18 00:00:00-04:00,14.188375435286353,14.237861332925783,14.167167963949215,14.2025146484375,31800,0.0,0.0,0.0
2007-04-19 00:00:00-04:00,14.138898105313192,14.336843164208119,14.138898105313192,14.195453643798828,44500,0.0,0.0,0.0
2007-04-20 00:00:00-04:00,14.315627078513378,14.322696685791016,14.273210783237275,14.322696685791016,36000,0.0,0.0,0.0
2007-04-23 00:00:00-04:00,14.393387523406949,14.393387523406949,14.33683202884774,14.343901634216309,34400,0.0,0.0,0.0
2007-04-24 00:00:00-04:00,14.308557471235742,14.343905507623925,14.209585666128259,14.322696685791016,25700,0.0,0.0,0.0
2007-04-25 00:00:00-04:00,14.435810358610336,14.48529627025909,14.372185229807664,14.478226661682129,28900,0.0,0.0,0.0
2007-04-26 00:00:00-04:00,14.485286398188432,14.485286398188432,14.400453849860265,14.449939727783203,25500,0.0,0.0,0.0
2007-04-27 00:00:00-04:00,14.442879676818848,14.47822637060305,14.386324157730161,14.442879676818848,22200,0.0,0.0,0.0
2007-04-30 00:00:00-04:00,14.400460020234764,14.47115339133624,14.329765300743667,14.336834907531738,20600,0.0,0.0,0.0
2007-05-01 00:00:00-04:00,14.350973090797972,14.39339073246656,14.294417583629503,14.3651123046875,49200,0.0,0.0,0.0
2007-05-02 00:00:00-04:00,14.421666354809997,14.513569887417116,14.421666354809997,14.492361068725586,21400,0.0,0.0,0.0
2007-05-03 00:00:00-04:00,14.506497691527908,14.563053182886351,14.464080061717121,14.541844367980957,27600,0.0,0.0,0.0
2007-05-04 00:00:00-04:00,14.54892451325402,14.563063733434435,14.492368980922615,14.527715682983398,19800,0.0,0.0,0.0
2007-05-07 00:00:00-04:00,14.57719074450009,14.60546781278723,14.563051536161959,14.598398208618164,21700,0.0,0.0,0.0
2007-05-08 00:00:00-04:00,14.555984695941909,14.63374900817871,14.520638016773933,14.633749008178711,36800,0.0,0.0,0.0
2007-05-09 00:00:00-04:00,14.584262948608092,14.711513161322873,14.56305547874862,14.697375297546387,20700,0.0,0.0,0.0
2007-05-10 00:00:00-04:00,14.612543801892247,14.647890489793152,14.548918684958851,14.563057899475098,18300,0.0,0.0,0.0
2007-05-11 00:00:00-04:00,14.59133933276797,14.662034078047991,14.577201462424057,14.647894859313965,15000,0.0,0.0,0.0
2007-05-14 00:00:00-04:00,14.66203123457141,14.697379274551267,14.591336503001548,14.640822410583496,25900,0.0,0.0,0.0
2007-05-15 00:00:00-04:00,14.683239763724565,14.73272567031285,14.605475425720215,14.605475425720215,43400,0.0,0.0,0.0
2007-05-16 00:00:00-04:00,14.640816924498136,14.704442024230957,14.584261430112223,14.704442024230957,20500,0.0,0.0,0.0
2007-05-17 00:00:00-04:00,14.683239278305864,14.739794790878475,14.647891240204368,14.718585968017578,46700,0.0,0.0,0.0
2007-05-18 00:00:00-04:00,14.739792115794515,14.796347618103027,14.711513690445493,14.796347618103027,24400,0.0,0.0,0.0
2007-05-21 00:00:00-04:00,14.76806924861647,14.810486886800458,14.753931384278017,14.775138854980469,15500,0.0,0.0,0.0
2007-05-22 00:00:00-04:00,14.824622766324977,14.838761977159924,14.739790198094004,14.803415298461914,23500,0.0,0.0,0.0
2007-05-23 00:00:00-04:00,14.84583648522403,15.01550302610553,14.753934281226064,14.761002540588379,42600,0.0,0.0,0.0
2007-05-24 00:00:00-04:00,14.775140984390395,14.824626887680802,14.60547445237054,14.612544059753418,33600,0.0,0.0,0.0
2007-05-25 00:00:00-04:00,14.690307895286626,14.73979379690186,14.669099073855943,14.7327241897583,41400,0.0,0.0,0.0
2007-05-29 00:00:00-04:00,14.746862040648448,14.824625015258789,14.746862040648448,14.824625015258789,20800,0.0,0.0,0.0
2007-05-30 00:00:00-04:00,14.775141176184551,14.90946102142334,14.761001961235257,14.90946102142334,22100,0.0,0.0,0.0
2007-05-31 00:00:00-04:00,14.944809851295641,14.9730882852452,14.930671982710809,14.966018676757812,25800,0.0,0.0,0.0
2007-06-01 00:00:00-04:00,15.008433595798182,15.064989110094006,15.001363987962478,15.0579195022583,109000,0.0,0.0,0.0
2007-06-04 00:00:00-04:00,15.050846369694113,15.107401865678565,15.015498341960466,15.100332260131836,59100,0.0,0.0,0.0
2007-06-05 00:00:00-04:00,15.057915632626788,15.093263662721466,15.01549934490265,15.079124450683594,20500,0.0,0.0,0.0
2007-06-06 00:00:00-04:00,14.973086140305412,14.973086140305412,14.874114332439857,14.90946102142334,21500,0.0,0.0,0.0
2007-06-07 00:00:00-04:00,14.88118657486496,14.88118657486496,14.647894859313965,14.647894859313965,32600,0.0,0.0,0.0
2007-06-08 00:00:00-04:00,14.570124705602096,14.782207489013672,14.555985493804137,14.782207489013672,64900,0.0,0.0,0.0
2007-06-11 00:00:00-04:00,14.718585155267442,14.867044210316356,14.718585155267442,14.8104887008667,24500,0.0,0.0,0.0
2007-06-12 00:00:00-04:00,14.753933749316472,14.838766342503929,14.669099807739258,14.669099807739258,21300,0.0,0.0,0.0
2007-06-13 00:00:00-04:00,14.690301129786791,14.888244645086443,14.690301129786791,14.88117504119873,26100,0.0,0.0,0.0
2007-06-14 00:00:00-04:00,14.916530112536092,14.944807193066067,14.8104887008667,14.8104887008667,19200,0.0,0.0,0.0
2007-06-15 00:00:00-04:00,15.020708382305354,15.05621914459841,14.978096822150764,14.985198974609375,24300,0.096,0.0,0.0
2007-06-18 00:00:00-04:00,14.985195726985626,14.985195726985626,14.928379874227067,14.935482025146484,14500,0.0,0.0,0.0
2007-06-19 00:00:00-04:00,14.914179455446995,15.027811190549297,14.914179455446995,15.020709037780762,250900,0.0,0.0,0.0
2007-06-20 00:00:00-04:00,15.056216580259175,15.08462383065829,14.899971961975098,14.899971961975098,14800,0.0,0.0,0.0
2007-06-21 00:00:00-04:00,14.828956041427352,14.928384832727943,14.743732911280825,14.857364654541016,22500,0.0,0.0,0.0
2007-06-22 00:00:00-04:00,14.843156292199499,14.89286999696727,14.757933185339565,14.800544738769531,40900,0.0,0.0,0.0
2007-06-25 00:00:00-04:00,14.779237221751828,14.89997107661694,14.69401412102161,14.736625671386719,49700,0.0,0.0,0.0
2007-06-26 00:00:00-04:00,14.76503484413402,14.793442093940747,14.686912536621096,14.686912536621094,22600,0.0,0.0,0.0
2007-06-27 00:00:00-04:00,14.63009420669427,14.80764389038086,14.622992056795217,14.80764389038086,14800,0.0,0.0,0.0
2007-06-28 00:00:00-04:00,14.765037180436414,14.921280465588147,14.765037180436414,14.892871856689453,7800,0.0,0.0,0.0
2007-06-29 00:00:00-04:00,14.907074299642879,14.949685853072847,14.743728882663957,14.800544738769531,11400,0.0,0.0,0.0
2007-07-02 00:00:00-04:00,14.892873136148738,15.013607025146484,14.892873136148738,15.013607025146484,80000,0.0,0.0,0.0
2007-07-03 00:00:00-04:00,15.084623489686198,15.105929942951557,15.056216239929201,15.0562162399292,16300,0.0,0.0,0.0
2007-07-05 00:00:00-04:00,15.05621914459841,15.05621914459841,14.95679036477493,14.985198974609375,26500,0.0,0.0,0.0
2007-07-06 00:00:00-04:00,14.978096482879481,15.105932515044696,14.978096482879481,15.091728210449219,17900,0.0,0.0,0.0
2007-07-09 00:00:00-04:00,15.127232425103918,15.15564102454397,15.07041658082039,15.113029479980469,42800,0.0,0.0,0.0
2007-07-10 00:00:00-04:00,14.978091424168396,14.992295723966503,14.80764389038086,14.80764389038086,30100,0.0,0.0,0.0
2007-07-11 00:00:00-04:00,14.821853043636773,14.921280465588147,14.8147508914121,14.892871856689453,49900,0.0,0.0,0.0
2007-07-12 00:00:00-04:00,14.94258194712989,15.120131629840483,14.94258194712989,15.113029479980469,22600,0.0,0.0,0.0
2007-07-13 00:00:00-04:00,15.105933702658286,15.191156827737224,15.098831549802183,15.148545265197754,20000,0.0,0.0,0.0
2007-07-16 00:00:00-04:00,15.148539818488302,15.162744119093304,15.09882612096746,15.1343355178833,45000,0.0,0.0,0.0
2007-07-17 00:00:00-04:00,15.127237319946289,15.169850232894971,15.105932218068963,15.127237319946289,34500,0.0,0.0,0.0
2007-07-18 00:00:00-04:00,15.049115459170993,15.184052278348124,14.907075133661772,15.034911155700684,45400,0.0,0.0,0.0
2007-07-19 00:00:00-04:00,15.084619804768764,15.084619804768764,14.985192423012478,15.049110412597656,75500,0.0,0.0,0.0
2007-07-20 00:00:00-04:00,14.956787600564684,14.963889751710726,14.729524182278688,14.772135734558105,30800,0.0,0.0,0.0
2007-07-23 00:00:00-04:00,14.864462885582325,14.878667188391114,14.793442726135254,14.793442726135254,25300,0.0,0.0,0.0
2007-07-24 00:00:00-04:00,14.70111719501797,14.729524445512979,14.445445167578644,14.509363174438477,440200,0.0,0.0,0.0
2007-07-25 00:00:00-04:00,14.615892734339246,14.651402136107219,14.388629311991776,14.509363174438477,68800,0.0,0.0,0.0
2007-07-26 00:00:00-04:00,14.395732292036964,14.417037392485557,14.026428532162832,14.218182563781738,41600,0.0,0.0,0.0
2007-07-27 00:00:00-04:00,14.168468861145852,14.274998427213738,13.898592515537153,13.941204071044922,102200,0.0,0.0,0.0
2007-07-30 00:00:00-04:00,13.955411783083079,14.154268015019044,13.863086497832574,14.118757247924805,114800,0.0,0.0,0.0
2007-07-31 00:00:00-04:00,14.19687651722664,14.2963039344394,13.969613075256348,13.969613075256348,103400,0.0,0.0,0.0
2007-08-01 00:00:00-04:00,14.047729492399947,14.06193243561118,13.770751103536751,13.998014450073242,178100,0.0,0.0,0.0
2007-08-02 00:00:00-04:00,14.17557312067833,14.203981734353722,14.040636269511994,14.118757247924805,43300,0.0,0.0,0.0
2007-08-03 00:00:00-04:00,14.061938801098423,14.11165386592989,13.650023460388182,13.650023460388184,55000,0.0,0.0,0.0
2007-08-06 00:00:00-04:00,13.713941731643908,13.962511642067504,13.557698445896207,13.685534477233887,64200,0.0,0.0,0.0
2007-08-07 00:00:00-04:00,13.905699950531114,14.047740328986178,13.81337465275353,13.962515830993652,34000,0.0,0.0,0.0
2007-08-08 00:00:00-04:00,14.033531087635113,14.0761426443553,13.784961190006246,13.969613075256348,74900,0.0,0.0,0.0
2007-08-09 00:00:00-04:00,13.713940535412373,13.74234914194142,13.351738929748535,13.351738929748535,170600,0.0,0.0,0.0
2007-08-10 00:00:00-04:00,13.138673361039418,13.65001583662522,13.124469064735194,13.628710746765137,61000,0.0,0.0,0.0
2007-08-13 00:00:00-04:00,13.77075729681959,13.934104085878392,13.70683928253506,13.721043586730957,45600,0.0,0.0,0.0
2007-08-14 00:00:00-04:00,13.756551609202889,13.756551609202889,13.394350051879885,13.394350051879883,20500,0.0,0.0,0.0
2007-08-15 00:00:00-04:00,13.330432422513816,13.472471376377069,13.131576261589135,13.145780563354492,72100,0.0,0.0,0.0
2007-08-16 00:00:00-04:00,13.046353679641507,13.195494790325611,12.726763650180104,13.188392639160156,222500,0.0,0.0,0.0
2007-08-17 00:00:00-04:00,13.664224661445335,13.72104051089555,13.380145414194262,13.5718994140625,85700,0.0,0.0,0.0
2007-08-20 00:00:00-04:00,13.593208033564165,13.69263681181581,13.4795763052169,13.607412338256836,36900,0.0,0.0,0.0
2007-08-21 00:00:00-04:00,13.607411090201843,13.749451414906686,13.593206786811972,13.64292049407959,25200,0.0,0.0,0.0
2007-08-22 00:00:00-04:00,13.898592515537153,13.955408374413155,13.792062949469267,13.941204071044922,39900,0.0,0.0,0.0
2007-08-23 00:00:00-04:00,13.990918082103974,14.111651942472877,13.784959762523036,13.855979919433594,72100,0.0,0.0,0.0
2007-08-24 00:00:00-04:00,13.806261579522634,14.019320624107475,13.806261579522634,14.012218475341797,24500,0.0,0.0,0.0
2007-08-27 00:00:00-04:00,14.005124694002465,14.019329000020248,13.934105873107908,13.93410587310791,52800,0.0,0.0,0.0
2007-08-28 00:00:00-04:00,13.75654698636525,13.75654698636525,13.465364324543454,13.522181510925293,26200,0.0,0.0,0.0
2007-08-29 00:00:00-04:00,13.571903880054835,13.96961495707778,13.543495268683195,13.813371658325195,26700,0.0,0.0,0.0
2007-08-30 00:00:00-04:00,13.706835620975701,13.792060068787745,13.628714677961026,13.692632675170898,43300,0.0,0.0,0.0
2007-08-31 00:00:00-04:00,13.834675092123119,13.96961327065427,13.792063534806907,13.870185852050781,29800,0.0,0.0,0.0
2007-09-04 00:00:00-04:00,13.863077415051682,14.03352492163883,13.855975266286006,14.012218475341797,78000,0.0,0.0,0.0
2007-09-05 00:00:00-04:00,13.912799088931646,13.912799088931646,13.770758741267734,13.813371658325195,36000,0.0,0.0,0.0
2007-09-06 00:00:00-04:00,13.848879417923433,13.85598156992016,13.721043391176314,13.820470809936523,34900,0.0,0.0,0.0
2007-09-07 00:00:00-04:00,13.678431008797286,13.678431008797286,13.54349283819205,13.586104393005371,44500,0.0,0.0,0.0
2007-09-10 00:00:00-04:00,13.593203028979959,13.593203028979959,13.373041805688114,13.479571342468262,24700,0.0,0.0,0.0
2007-09-11 00:00:00-04:00,13.5079834349471,13.593206544573741,13.50088128337873,13.586104393005371,187200,0.0,0.0,0.0
2007-09-12 00:00:00-04:00,13.515086274945444,13.63582014856387,13.515086274945444,13.579004287719727,13100,0.0,0.0,0.0
2007-09-13 00:00:00-04:00,13.600302154156688,13.699730873690005,13.56479276799238,13.628710746765137,26700,0.0,0.0,0.0
2007-09-14 00:00:00-04:00,13.550592789404428,13.671326637268066,13.550592789404428,13.671326637268066,17000,0.0,0.0,0.0
2007-09-17 00:00:00-04:00,13.621615150847225,13.642920250955433,13.571901444465533,13.586104393005371,18400,0.0,0.0,0.0
2007-09-18 00:00:00-04:00,13.650027097399025,14.019330978393556,13.635824143974135,14.019330978393555,56300,0.0,0.0,0.0
2007-09-19 00:00:00-04:00,14.218178490591582,14.253687884231208,14.097444655781695,14.161362648010254,28400,0.0,0.0,0.0
2007-09-20 00:00:00-04:00,14.097446189338074,14.154262038099974,13.990916642234096,14.040630340576172,75800,0.0,0.0,0.0
2007-09-21 00:00:00-04:00,14.119668230786926,14.119668230786926,14.055584907531737,14.055584907531738,25600,0.051,0.0,0.0
2007-09-24 00:00:00-04:00,14.06270604270208,14.084067604088157,13.941659911048477,13.984381675720215,42300,0.0,0.0,0.0
2007-09-25 00:00:00-04:00,13.849088869402143,13.991495132446289,13.841968352534977,13.991495132446289,31900,0.0,0.0,0.0
2007-09-26 00:00:00-04:00,14.062704086303711,14.098305325560592,14.019982327575407,14.062704086303711,36500,0.0,0.0,0.0
2007-09-27 00:00:00-04:00,14.112548423451882,14.16239070892334,14.098307382431345,14.16239070892334,18800,0.0,0.0,0.0
2007-09-28 00:00:00-04:00,14.162393204765467,14.197995813591065,14.08407018155047,14.126791954040527,20000,0.0,0.0,0.0
2007-10-01 00:00:00-04:00,14.197990017672211,14.32615664092273,14.197990017672211,14.29055404663086,22500,0.0,0.0,0.0
2007-10-02 00:00:00-04:00,14.311918080281654,14.311918080281654,14.084066869778122,14.297677040100098,36600,0.0,0.0,0.0
2007-10-03 00:00:00-04:00,14.247829638840585,14.269191191438495,14.18374633914671,14.226468086242676,16000,0.0,0.0,0.0
2007-10-04 00:00:00-04:00,14.25495494742011,14.25495494742011,14.169510066410563,14.183751106262207,24500,0.0,0.0,0.0
2007-10-05 00:00:00-04:00,14.29055478473526,14.397359856927118,14.276313746282964,14.35463809967041,12800,0.0,0.0,0.0
2007-10-08 00:00:00-04:00,14.36888143566685,14.376001956031548,14.311918630849654,14.347519874572754,28500,0.0,0.0,0.0
2007-10-09 00:00:00-04:00,14.354642266329504,14.383124351501465,14.297679454086156,14.383124351501465,16700,0.0,0.0,0.0
2007-10-10 00:00:00-04:00,14.390236285993476,14.390236285993476,14.283431236451543,14.340394020080566,15300,0.0,0.0,0.0
2007-10-11 00:00:00-04:00,14.44008107891746,14.44008107891746,14.126785064546864,14.276311874389648,26300,0.0,0.0,0.0
2007-10-12 00:00:00-04:00,14.269202761789675,14.319045066833496,14.133915535170049,14.319045066833496,37000,0.0,0.0,0.0
2007-10-15 00:00:00-04:00,14.240709121307948,14.283430868403913,14.148145109583382,14.226468086242676,21400,0.0,0.0,0.0
2007-10-16 00:00:00-04:00,14.169508555848708,14.176629075015436,14.098304722281595,14.133907318115234,18000,0.0,0.0,0.0
2007-10-17 00:00:00-04:00,14.219351988742352,14.233593028234399,14.041343069392596,14.155268669128418,20600,0.0,0.0,0.0
2007-10-18 00:00:00-04:00,14.091185561215033,14.169508555848708,14.076944522881577,14.133907318115234,10500,0.0,0.0,0.0
2007-10-19 00:00:00-04:00,14.098299385165888,14.098299385165888,13.841967582702637,13.841967582702637,29300,0.0,0.0,0.0
2007-10-22 00:00:00-04:00,13.785008958785909,13.970138368467131,13.785008958785909,13.955897331237793,66500,0.0,0.0,0.0
2007-10-23 00:00:00-04:00,13.998624801635744,14.048467094193148,13.93454146603319,13.998624801635742,39100,0.0,0.0,0.0
2007-10-24 00:00:00-04:00,13.998624215844714,14.034225463867188,13.813494738306618,14.034225463867188,16500,0.0,0.0,0.0
2007-10-25 00:00:00-04:00,13.977263649667817,14.076949595825905,13.863338018144848,13.948782920837402,57200,0.0,0.0,0.0
2007-10-26 00:00:00-04:00,14.00574263902173,14.04846440186913,13.95590035601637,14.012863159179688,25400,0.0,0.0,0.0
2007-10-29 00:00:00-04:00,14.098306670335079,14.11254771063631,14.019983664879012,14.055584907531738,46800,0.0,0.0,0.0
2007-10-30 00:00:00-04:00,13.948780642330794,14.019984489926802,13.913179397583008,13.913179397583008,45800,0.0,0.0,0.0
2007-10-31 00:00:00-04:00,13.998624915687751,14.098309501614727,13.977263350945988,14.091190338134766,10500,0.0,0.0,0.0
2007-11-01 00:00:00-04:00,14.012855903711355,14.019976420182507,13.82060603328918,13.841967582702637,38300,0.0,0.0,0.0
2007-11-02 00:00:00-04:00,13.841975439245603,13.84909595975828,13.671087021242624,13.777892112731934,16300,0.0,0.0,0.0
2007-11-05 00:00:00-05:00,13.649728921495676,13.756534040072484,13.578525056410882,13.70669174194336,29000,0.0,0.0,0.0
2007-11-06 00:00:00-05:00,13.76365351665591,13.827736854553223,13.663968927971496,13.827736854553223,20400,0.0,0.0,0.0
2007-11-07 00:00:00-05:00,13.742284597553201,13.742284597553201,13.493073259200115,13.557156562805176,58600,0.0,0.0,0.0
2007-11-08 00:00:00-05:00,13.628370676642172,13.628370676642172,13.372038601193529,13.62125015258789,32600,0.0,0.0,0.0
2007-11-09 00:00:00-05:00,13.478836657349374,13.564280184864211,13.350670007976737,13.45035457611084,54400,0.0,0.0,0.0
2007-11-12 00:00:00-05:00,13.372026664207034,13.528673979261471,13.258101097240193,13.272340774536133,34900,0.0,0.0,0.0
2007-11-13 00:00:00-05:00,13.407631220940246,13.599881172180174,13.407631220940246,13.599881172180176,9300,0.0,0.0,0.0
2007-11-14 00:00:00-05:00,13.699562847849807,13.756525633487646,13.557156562805176,13.557156562805176,13100,0.0,0.0,0.0
2007-11-15 00:00:00-05:00,13.471712506153047,13.52867529517716,13.343545891323787,13.379148483276367,33400,0.0,0.0,0.0
2007-11-16 00:00:00-05:00,13.436116293961668,13.436116293961668,13.229625257762061,13.315070152282715,23000,0.0,0.0,0.0
2007-11-19 00:00:00-05:00,13.315068956144424,13.315068956144424,13.080097214946601,13.0872163772583,25100,0.0,0.0,0.0
2007-11-20 00:00:00-05:00,13.137061720956018,13.243866824764487,12.944811719240429,13.108579635620117,22100,0.0,0.0,0.0
2007-11-21 00:00:00-05:00,13.05873958972522,13.05873958972522,12.894971645186986,12.923452377319336,77300,0.0,0.0,0.0
2007-11-23 00:00:00-05:00,12.823764831359735,13.158421166104977,12.823764831359735,13.080098152160645,12000,0.0,0.0,0.0
2007-11-26 00:00:00-05:00,13.165540509720977,13.165540509720977,12.766800880432129,12.766800880432129,32400,0.0,0.0,0.0
2007-11-27 00:00:00-05:00,12.923449672770689,12.994653525351625,12.845126657222135,12.980412483215332,60100,0.0,0.0,0.0
2007-11-28 00:00:00-05:00,13.172656603981855,13.386266708374023,13.15841556819573,13.386266708374023,58100,0.0,0.0,0.0
2007-11-29 00:00:00-05:00,13.158416487470413,13.436111272300481,13.158416487470413,13.379148483276367,14500,0.0,0.0,0.0
2007-11-30 00:00:00-05:00,13.542916328032069,13.557157364808974,13.407629194851513,13.421870231628418,26300,0.0,0.0,0.0
2007-12-03 00:00:00-05:00,13.421873135839942,13.436114175698307,13.329307734860873,13.343548774719238,25800,0.0,0.0,0.0
2007-12-04 00:00:00-05:00,13.307949611447032,13.421875231904856,13.307949611447032,13.357791900634766,207000,0.0,0.0,0.0
2007-12-05 00:00:00-05:00,13.514437900797159,13.514437900797159,13.379152089215271,13.45035457611084,35600,0.0,0.0,0.0
2007-12-06 00:00:00-05:00,13.578519977466007,13.699566095403524,13.507316139014481,13.678204536437988,57700,0.0,0.0,0.0
2007-12-07 00:00:00-05:00,13.813493000456841,13.813493000456841,13.542920018464866,13.749409675598145,36400,0.0,0.0,0.0
2007-12-10 00:00:00-05:00,13.713801002421187,13.870448290487598,13.713801002421187,13.841967582702637,19300,0.0,0.0,0.0
2007-12-11 00:00:00-05:00,13.785013599542438,13.88469817750673,13.436116218566895,13.436116218566895,181700,0.0,0.0,0.0
2007-12-12 00:00:00-05:00,13.621239705987877,13.628360224581186,13.300824517889293,13.414750099182129,21500,0.0,0.0,0.0
2007-12-13 00:00:00-05:00,13.436108219128478,13.436108219128478,13.250978857343222,13.407626152038574,15400,0.0,0.0,0.0
2007-12-14 00:00:00-05:00,13.243862588063699,13.364908695817567,13.072974205017088,13.07297420501709,29600,0.0,0.0,0.0
2007-12-17 00:00:00-05:00,13.065857732338857,13.15842179253447,12.98041283530397,13.008894920349121,16800,0.0,0.0,0.0
2007-12-18 00:00:00-05:00,13.023129845523744,13.144174575805666,12.923443952791683,13.144174575805664,15200,0.0,0.0,0.0
2007-12-19 00:00:00-05:00,13.00889834435723,13.094341905780734,12.959056040510033,13.016018867492676,66700,0.0,0.0,0.0
2007-12-20 00:00:00-05:00,13.058731668598679,13.094332901694427,12.923444538254858,13.03024959564209,93200,0.0,0.0,0.0
2007-12-21 00:00:00-05:00,13.192300213222618,13.299380302429197,13.16374615817956,13.2993803024292,45600,0.047,0.0,0.0
2007-12-24 00:00:00-05:00,13.377903604575744,13.420735359191893,13.335071849959595,13.420735359191895,5000,0.0,0.0,0.0
2007-12-26 00:00:00-05:00,13.306521611096167,13.356492237836953,13.277967550786057,13.34935474395752,54200,0.0,0.0,0.0
2007-12-27 00:00:00-05:00,13.299380376868356,13.30651923106838,13.17088508605957,13.17088508605957,24800,0.0,0.0,0.0
2007-12-28 00:00:00-05:00,13.242267921410793,13.292239889552384,13.09235610177675,13.149465560913086,25800,0.0,0.0,0.0
2007-12-31 00:00:00-05:00,13.106637001037598,13.206578238482566,13.09235929237482,13.106637001037598,20500,0.0,0.0,0.0
2008-01-02 00:00:00-05:00,13.063811273762191,13.1637539294071,12.856789827293898,12.89248275756836,33400,0.0,0.0,0.0
2008-01-03 00:00:00-05:00,12.878203468382848,12.892479820281253,12.656902993986332,12.771121978759766,66400,0.0,0.0,0.0
2008-01-04 00:00:00-05:00,12.60693073749297,12.656901366706983,12.506989479064941,12.506989479064941,84400,0.0,0.0,0.0
2008-01-07 00:00:00-05:00,12.535540081690144,12.685453289562167,12.478430612404884,12.564095497131348,170600,0.0,0.0,0.0
2008-01-08 00:00:00-05:00,12.578380135737143,12.664043706068432,12.257138343000065,12.278554916381836,39400,0.0,0.0,0.0
2008-01-09 00:00:00-05:00,12.242856124314883,12.264272689819336,12.000140494987342,12.264272689819336,55900,0.0,0.0,0.0
2008-01-10 00:00:00-05:00,12.171464390735494,12.578370813841302,12.171464390735494,12.485567092895508,13200,0.0,0.0,0.0
2008-01-11 00:00:00-05:00,12.357073626413056,12.457016225382509,12.271410097693227,12.34279727935791,12300,0.0,0.0,0.0
2008-01-14 00:00:00-05:00,12.371350672839153,12.528401374816895,12.349934111006982,12.528401374816895,28600,0.0,0.0,0.0
2008-01-15 00:00:00-05:00,12.257132767914534,12.285686824504683,12.135774963812517,12.142913818359375,108300,0.0,0.0,0.0
2008-01-16 00:00:00-05:00,12.17146762375209,12.249993660549604,12.128635858952196,12.157191276550293,42400,0.0,0.0,0.0
2008-01-17 00:00:00-05:00,12.19288777057912,12.19288777057912,11.793121337890625,11.793121337890625,56500,0.0,0.0,0.0
2008-01-18 00:00:00-05:00,11.914473971693889,11.92161282507382,11.578954670822403,11.686036109924316,34700,0.0,0.0,0.0
2008-01-22 00:00:00-05:00,8.959057730537769,11.785979516633223,8.959057730537769,11.721731185913086,48900,0.0,0.0,0.0
2008-01-23 00:00:00-05:00,11.450459604857683,12.107217788696289,11.443320751346773,12.107217788696289,33000,0.0,0.0,0.0
2008-01-24 00:00:00-05:00,12.092941873612824,12.221438518187718,11.978722936567838,12.035832405090332,24200,0.0,0.0,0.0
2008-01-25 00:00:00-05:00,12.142915631874192,12.228579176035561,11.907338843034198,11.921616554260254,36000,0.0,0.0,0.0
2008-01-28 00:00:00-05:00,11.850227932639285,12.150053024291992,11.850227932639285,12.150053024291992,17200,0.0,0.0,0.0
2008-01-29 00:00:00-05:00,12.207161678588998,12.46415362441382,12.207161678588998,12.37135124206543,65300,0.0,0.0,0.0
2008-01-30 00:00:00-05:00,12.307097649341017,12.556951995584733,12.242849349975588,12.242849349975586,38000,0.0,0.0,0.0
2008-01-31 00:00:00-05:00,12.128636245579724,12.564096846651221,12.128636245579724,12.464154243469238,27000,0.0,0.0,0.0
2008-02-01 00:00:00-05:00,12.46415223334883,12.66403604587981,12.46415223334883,12.649758338928223,17400,0.0,0.0,0.0
2008-02-04 00:00:00-05:00,12.628344332479676,12.628344332479676,12.549818298428516,12.585511207580566,33600,0.0,0.0,0.0
2008-02-05 00:00:00-05:00,12.428461060569573,12.49984824368453,12.314242112224548,12.328519821166992,23700,0.0,0.0,0.0
2008-02-06 00:00:00-05:00,12.371357161011739,12.449883233982282,12.235721588134766,12.235721588134766,7600,0.0,0.0,0.0
2008-02-07 00:00:00-05:00,12.178607346163902,12.328520576044253,12.178607346163902,12.285687446594238,5700,0.0,0.0,0.0
2008-02-08 00:00:00-05:00,12.242857938196604,12.299967426405662,12.142916674230154,12.192887306213379,36500,0.0,0.0,0.0
2008-02-11 00:00:00-05:00,12.164330381999948,12.164330381999948,12.057248925394365,12.142913818359375,12900,0.0,0.0,0.0
2008-02-12 00:00:00-05:00,12.221441171965477,12.342798989127191,12.164331691042165,12.249995231628418,38800,0.0,0.0,0.0
2008-02-13 00:00:00-05:00,12.392766952514648,12.407043298480552,12.271409161423078,12.392766952514648,24500,0.0,0.0,0.0
2008-02-14 00:00:00-05:00,12.357072439068517,12.357072439068517,12.200021743774416,12.200021743774414,27400,0.0,0.0,0.0
2008-02-15 00:00:00-05:00,12.164330644715854,12.235716468531605,12.135775225911706,12.228577613830566,21300,0.0,0.0,0.0
2008-02-19 00:00:00-05:00,12.32138023303227,12.32138023303227,12.164329528808594,12.164329528808594,26000,0.0,0.0,0.0
2008-02-20 00:00:00-05:00,12.128637164819263,12.264272689819336,12.057249974735152,12.264272689819336,15800,0.0,0.0,0.0
2008-02-21 00:00:00-05:00,12.378495957100624,12.378495957100624,12.107224812696607,12.114363670349121,19600,0.0,0.0,0.0
2008-02-22 00:00:00-05:00,12.14291108051528,12.221437101228286,11.964443841874427,12.214298248291016,28000,0.0,0.0,0.0
2008-02-25 00:00:00-05:00,12.150053833277397,12.457017800121962,12.150053833277397,12.435601234436035,45900,0.0,0.0,0.0
2008-02-26 00:00:00-05:00,12.442738549050317,12.571235204061072,12.42132198601611,12.542679786682129,26000,0.0,0.0,0.0
2008-02-27 00:00:00-05:00,12.564095497131348,12.628343820276909,12.499847173985788,12.564095497131348,25100,0.0,0.0,0.0
2008-02-28 00:00:00-05:00,12.471298597927323,12.478437455702645,12.357079596717982,12.378496170043945,19100,0.0,0.0,0.0
2008-02-29 00:00:00-05:00,12.171469336082033,12.20002475769742,11.957309120356419,12.014418601989746,12800,0.0,0.0,0.0
2008-03-03 00:00:00-05:00,11.971586230525691,12.042973419385074,11.893060186620634,12.021556854248047,27700,0.0,0.0,0.0
2008-03-04 00:00:00-05:00,11.914478298622932,12.014419559043086,11.82881338855026,11.964448928833008,35800,0.0,0.0,0.0
2008-03-05 00:00:00-05:00,12.057253501273127,12.078670073041557,11.90734158368751,12.000144004821777,8100,0.0,0.0,0.0
2008-03-06 00:00:00-05:00,11.857369957796864,11.900201736171736,11.678902626037598,11.678902626037598,27300,0.0,0.0,0.0
2008-03-07 00:00:00-05:00,11.193469343617783,11.743148957826994,11.193469343617783,11.607513427734375,40200,0.0,0.0,0.0
2008-03-10 00:00:00-04:00,11.678896174682086,11.678896174682086,11.457595825195312,11.457595825195312,12700,0.0,0.0,0.0
2008-03-11 00:00:00-04:00,12.0286935342129,12.0286935342129,11.48615290322249,11.72886848449707,23200,0.0,0.0,0.0
2008-03-12 00:00:00-04:00,11.707450160193481,11.800253883433287,11.693172454833984,11.693172454833984,12400,0.0,0.0,0.0
2008-03-13 00:00:00-04:00,11.464737759181302,11.70745337045938,11.414767138317693,11.650343894958496,16500,0.0,0.0,0.0
2008-03-14 00:00:00-04:00,11.686035027400717,11.71458907667831,11.350515757609708,11.457595825195312,26300,0.0,0.0,0.0
2008-03-17 00:00:00-04:00,11.143496974670995,11.364796706517419,11.136358800713623,11.271993637084961,40100,0.0,0.0,0.0
2008-03-18 00:00:00-04:00,11.457599493977817,11.59323501586914,11.35765824710914,11.59323501586914,31300,0.0,0.0,0.0
2008-03-19 00:00:00-04:00,11.686037341284916,11.728869104480639,11.514707565307617,11.514707565307617,9300,0.0,0.0,0.0
2008-03-20 00:00:00-04:00,11.214462411571763,11.69457045339255,11.214462411571763,11.515425682067871,7800,0.061,0.0,0.0
2008-03-24 00:00:00-04:00,11.32194594583747,11.880877256461508,11.32194594583747,11.852214813232422,85800,0.0,0.0,0.0
2008-03-25 00:00:00-04:00,11.88087935720836,11.89521126473988,11.773392784253836,11.888045310974121,17100,0.0,0.0,0.0
2008-03-26 00:00:00-04:00,11.809223040022113,11.809223040022113,11.6874045404141,11.701736450195312,39700,0.0,0.0,0.0
2008-03-27 00:00:00-04:00,11.716068501017956,11.759062864113027,11.601415954920327,11.61574649810791,13000,0.0,0.0,0.0
2008-03-28 00:00:00-04:00,11.608580487678479,11.637242937308242,11.493927955627441,11.493927955627441,70300,0.0,0.0,0.0
2008-03-31 00:00:00-04:00,11.50109184145949,11.665906042150374,11.493927254563541,11.65157413482666,20500,0.0,0.0,0.0
2008-04-01 00:00:00-04:00,11.902380115362424,12.009866714477539,11.759063738698096,12.009866714477539,56300,0.0,0.0,0.0
2008-04-02 00:00:00-04:00,12.160345981832743,12.332324789755313,12.017030991946969,12.038527488708496,14000,0.0,0.0,0.0
2008-04-03 00:00:00-04:00,11.959707517869331,12.067194127097013,11.959707517869331,12.045696258544922,14900,0.0,0.0,0.0
2008-04-04 00:00:00-04:00,11.995533037462605,12.117351529663157,11.995533037462605,12.05285930633545,21600,0.0,0.0,0.0
2008-04-07 00:00:00-04:00,12.103017851600741,12.153178158686565,12.05285754451492,12.09585189819336,8000,0.0,0.0,0.0
2008-04-08 00:00:00-04:00,12.002701901473804,12.04569627185912,11.974038076705998,11.98120403289795,9900,0.0,0.0,0.0
2008-04-09 00:00:00-04:00,12.009866728984035,12.009866728984035,11.852219807875866,11.880882263183594,20400,0.0,0.0,0.0
2008-04-10 00:00:00-04:00,11.866549260334352,11.981201804548895,11.866549260334352,11.96687126159668,9900,0.0,0.0,0.0
2008-04-11 00:00:00-04:00,11.866551317153279,11.93104355529811,11.794893122907203,11.816390991210938,33300,0.0,0.0,0.0
2008-04-14 00:00:00-04:00,11.823553085327148,11.859381487364193,11.665906202891854,11.823553085327148,11700,0.0,0.0,0.0
2008-04-15 00:00:00-04:00,11.830716955736342,11.852214813232422,11.780556655011178,11.852214813232422,14200,0.0,0.0,0.0
2008-04-16 00:00:00-04:00,11.931039070121123,12.103017851600741,11.931039070121123,12.09585189819336,15300,0.0,0.0,0.0
2008-04-17 00:00:00-04:00,12.124515711822893,12.146013572045042,12.045691591107536,12.09585189819336,28900,0.0,0.0,0.0
2008-04-18 00:00:00-04:00,12.29649934716446,12.346659674050333,12.246339020278587,12.282167434692383,26500,0.0,0.0,0.0
2008-04-21 00:00:00-04:00,12.174679896793782,12.203343719553331,12.117353618040982,12.153182029724121,15400,0.0,0.0,0.0
2008-04-22 00:00:00-04:00,12.103016730027216,12.103016730027216,11.744727293455508,11.988364219665527,29700,0.0,0.0,0.0
2008-04-23 00:00:00-04:00,11.995535932023095,12.074360083281045,11.966873474053363,12.045696258544922,27600,0.0,0.0,0.0
2008-04-24 00:00:00-04:00,12.009862260564647,12.210504840132227,11.981198449155384,12.160343170166016,34700,0.0,0.0,0.0
2008-04-25 00:00:00-04:00,12.174674099496777,12.232000350952148,12.110181895763779,12.232000350952148,14300,0.0,0.0,0.0
2008-04-28 00:00:00-04:00,12.224840078648064,12.246337945469405,12.146017300502377,12.17467975616455,21000,0.0,0.0,0.0
2008-04-29 00:00:00-04:00,12.153176954166792,12.203338623046875,12.138846415538206,12.203338623046875,5500,0.0,0.0,0.0
2008-04-30 00:00:00-04:00,12.42547966950421,12.42547966950421,12.088688039667021,12.131682395935059,25000,0.0,0.0,0.0
2008-05-01 00:00:00-04:00,12.088687270303142,12.368152618408203,12.088687270303142,12.368152618408203,18700,0.0,0.0,0.0
2008-05-02 00:00:00-04:00,12.43264761520142,12.446979525175557,12.289331248992383,12.382487297058105,11900,0.0,0.0,0.0
2008-05-05 00:00:00-04:00,12.30366329684488,12.360989570617676,12.260668933206826,12.360989570617676,16800,0.0,0.0,0.0
2008-05-06 00:00:00-04:00,12.232005112937339,12.389653390887164,12.232005112937339,12.360989570617676,11400,0.0,0.0,0.0
2008-05-07 00:00:00-04:00,12.411144969497697,12.432642826177979,12.246332168579102,12.246332168579102,30400,0.0,0.0,0.0
2008-05-08 00:00:00-04:00,12.253498943278348,12.28216138734362,12.189006735674326,12.267830848693848,54200,0.0,0.0,0.0
2008-05-09 00:00:00-04:00,12.23200106706977,12.418311736898621,12.196172670349721,12.203338623046875,10900,0.0,0.0,0.0
2008-05-12 00:00:00-04:00,12.217671368635946,12.418313980102539,12.217671368635946,12.418313980102539,15100,0.0,0.0,0.0
2008-05-13 00:00:00-04:00,12.411144993131463,12.454139339808265,12.382482550935476,12.446974754333496,12800,0.0,0.0,0.0
2008-05-14 00:00:00-04:00,12.518633708469133,12.640452184094881,12.518633708469133,12.540131568908691,8800,0.0,0.0,0.0
2008-05-15 00:00:00-04:00,12.575962021386719,12.647620201110838,12.532967660258684,12.64762020111084,11400,0.0,0.0,0.0
2008-05-16 00:00:00-04:00,12.697777362478666,12.697777362478666,12.532964546792611,12.626120567321777,24300,0.0,0.0,0.0
2008-05-19 00:00:00-04:00,12.647618238458923,12.712110453526147,12.590291976928711,12.590291976928711,7500,0.0,0.0,0.0
2008-05-20 00:00:00-04:00,12.597458970103919,12.597458970103919,12.468474529324691,12.511468887329102,36800,0.0,0.0,0.0
2008-05-21 00:00:00-04:00,12.497137045769266,12.561629259449797,12.35382071164234,12.368152618408203,15800,0.0,0.0,0.0
2008-05-22 00:00:00-04:00,12.375319622918973,12.468474291277694,12.375319622918973,12.418313980102539,27000,0.0,0.0,0.0
2008-05-23 00:00:00-04:00,12.353824482928717,12.353824482928717,12.260669794044725,12.310830116271973,8100,0.0,0.0,0.0
2008-05-27 00:00:00-04:00,12.282162544578878,12.382484525174068,12.282162544578878,12.368152618408203,18700,0.0,0.0,0.0
2008-05-28 00:00:00-04:00,12.411150021089773,12.475642250614644,12.346657791564903,12.468476295471191,13200,0.0,0.0,0.0
2008-05-29 00:00:00-04:00,12.518633708469133,12.604623783461493,12.439810953722501,12.540131568908691,9100,0.0,0.0,0.0
2008-05-30 00:00:00-04:00,12.540131568908691,12.583125923021933,12.504303168275303,12.540131568908691,35900,0.0,0.0,0.0
2008-06-02 00:00:00-04:00,12.489972974691378,12.504304883617136,12.375320436817436,12.439812660217285,14200,0.0,0.0,0.0
2008-06-03 00:00:00-04:00,12.461309248401921,12.51863551776011,12.303662349358424,12.425480842590332,38800,0.0,0.0,0.0
2008-06-04 00:00:00-04:00,12.360984694214256,12.51146559096588,12.360984694214256,12.446974754333496,25300,0.0,0.0,0.0
2008-06-05 00:00:00-04:00,12.504304080535656,12.618956611046107,12.432645907275129,12.611790657043457,22600,0.0,0.0,0.0
2008-06-06 00:00:00-04:00,12.525801329250129,12.554465146984963,12.317994117736816,12.317994117736816,17100,0.0,0.0,0.0
2008-06-09 00:00:00-04:00,12.325160072170526,12.41831474627662,12.267833803466916,12.317994117736816,31500,0.0,0.0,0.0
2008-06-10 00:00:00-04:00,12.260666128188417,12.425478956733246,12.232002314476691,12.289328575134277,15200,0.0,0.0,0.0
2008-06-11 00:00:00-04:00,12.260669588258178,12.260669588258178,12.088690757751465,12.088690757751465,16200,0.0,0.0,0.0
2008-06-12 00:00:00-04:00,12.14601252609745,12.210504734444326,11.773391181596775,12.110182762145996,53900,0.0,0.0,0.0
2008-06-13 00:00:00-04:00,12.16751166678064,12.23200388916859,12.14601517049535,12.2105073928833,8000,0.0,0.0,0.0
2008-06-16 00:00:00-04:00,12.16751166678064,12.239169843519033,12.16751166678064,12.2105073928833,20500,0.0,0.0,0.0
2008-06-17 00:00:00-04:00,12.303663075381591,12.303663075381591,12.138850212097168,12.138850212097168,28600,0.0,0.0,0.0
2008-06-18 00:00:00-04:00,12.09585252027134,12.09585252027134,11.995531900940302,12.017029762268066,36800,0.0,0.0,0.0
2008-06-19 00:00:00-04:00,11.916709761433577,11.98120198939501,11.87371539838134,11.938207626342773,14500,0.0,0.0,0.0
2008-06-20 00:00:00-04:00,11.86124487989333,11.875631194662137,11.767736577805056,11.796507835388184,10600,0.063,0.0,0.0
2008-06-23 00:00:00-04:00,11.803693739680293,11.803693739680293,11.731763581990133,11.760536193847656,6300,0.0,0.0,0.0
2008-06-24 00:00:00-04:00,11.767733962686387,11.78211890230397,11.659837997852309,11.681417465209961,22800,0.0,0.0,0.0
2008-06-25 00:00:00-04:00,11.681416539753869,11.875627614723884,11.681416539753869,11.77492618560791,26500,0.0,0.0,0.0
2008-06-26 00:00:00-04:00,11.724574703257854,11.724574703257854,11.530364990234375,11.530364990234375,13000,0.0,0.0,0.0
2008-06-27 00:00:00-04:00,11.494398230310908,11.515977695227336,11.400889959581107,11.436854362487793,15900,0.0,0.0,0.0
2008-06-30 00:00:00-04:00,11.422470760757784,11.49440026528259,11.343348099987358,11.357733726501465,43000,0.0,0.0,0.0
2008-07-01 00:00:00-04:00,11.113168571833212,11.379309099376213,11.113168571833212,11.364923477172852,20800,0.0,0.0,0.0
2008-07-02 00:00:00-04:00,11.480014334992582,11.51597942929187,11.249838829040527,11.249838829040527,19000,0.0,0.0,0.0
2008-07-03 00:00:00-04:00,11.25703129911869,11.285803237362698,11.192294952552514,11.249838829040527,11900,0.0,0.0,0.0
2008-07-07 00:00:00-04:00,11.32896409443841,11.32896409443841,11.091595377814073,11.185104370117188,6400,0.0,0.0,0.0
2008-07-08 00:00:00-04:00,11.185102377556845,11.444049835205078,11.149137281389192,11.444049835205078,13200,0.0,0.0,0.0
2008-07-09 00:00:00-04:00,11.508785306185445,11.523171617087165,11.271416664123535,11.271416664123535,34400,0.0,0.0,0.0
2008-07-10 00:00:00-04:00,11.27860708716223,11.300185862309968,11.185098146886173,11.257027626037598,6000,0.0,0.0,0.0
2008-07-11 00:00:00-04:00,11.134750923742835,11.264224995034732,11.06282141767401,11.221067428588867,18200,0.0,0.0,0.0
2008-07-14 00:00:00-04:00,11.271415095358424,11.292993872730593,11.120362281799316,11.120362281799316,10300,0.0,0.0,0.0
2008-07-15 00:00:00-04:00,11.026851769407855,11.163518940679124,10.890185284113453,10.990886688232422,20300,0.0,0.0,0.0
2008-07-16 00:00:00-04:00,10.990890830975346,11.235452651977539,10.926153797653926,11.235452651977539,23800,0.0,0.0,0.0
2008-07-17 00:00:00-04:00,11.307385991390275,11.357736726454643,11.185105046824823,11.321771621704102,31200,0.0,0.0,0.0
2008-07-18 00:00:00-04:00,11.328961258633655,11.40808391571045,11.321768102723826,11.40808391571045,14400,0.0,0.0,0.0
2008-07-21 00:00:00-04:00,11.379313045205027,11.393699358373837,11.278611596932027,11.30738353729248,9300,0.0,0.0,0.0
2008-07-22 00:00:00-04:00,11.307379189237286,11.573519706726074,11.271414106122172,11.573519706726074,112700,0.0,0.0,0.0
2008-07-23 00:00:00-04:00,11.68142141928567,11.717387210389248,11.595106264546379,11.667035102844238,14600,0.0,0.0,0.0
2008-07-24 00:00:00-04:00,11.60229309198437,11.652645178008862,11.458434104919434,11.458434104919434,43800,0.0,0.0,0.0
2008-07-25 00:00:00-04:00,11.57352361203015,11.57352361203015,11.336154943741736,11.357733726501465,7500,0.0,0.0,0.0
2008-07-28 00:00:00-04:00,11.422470458504568,11.422470458504568,11.249838829040527,11.249838829040527,4900,0.0,0.0,0.0
2008-07-29 00:00:00-04:00,11.314574946813998,11.40808391571045,11.314574946813998,11.40808391571045,9600,0.0,0.0,0.0
2008-07-30 00:00:00-04:00,11.508783751343692,11.544748151785068,11.400889178065633,11.515976905822754,18400,0.0,0.0,0.0
2008-07-31 00:00:00-04:00,11.515978520660525,11.537557987123709,11.451241493225098,11.451241493225098,18700,0.0,0.0,0.0
2008-08-01 00:00:00-04:00,11.415275583548379,11.436854362487793,11.35053856075312,11.436854362487793,9500,0.0,0.0,0.0
2008-08-04 00:00:00-04:00,11.36492455290488,11.3936964860119,11.271415598812814,11.328959465026855,6500,0.0,0.0,0.0
2008-08-05 00:00:00-04:00,11.364924496894194,11.544748563444083,11.350538187423087,11.523170471191406,16800,0.0,0.0,0.0
2008-08-06 00:00:00-04:00,11.415276706970454,11.580715857726185,11.415276706970454,11.559136390686035,8600,0.0,0.0,0.0
2008-08-07 00:00:00-04:00,11.436855711163853,11.515979053233913,11.379311836554953,11.400891304016113,19800,0.0,0.0,0.0
2008-08-08 00:00:00-04:00,11.429663186497844,11.681417465209961,11.42247003071196,11.681417465209961,20800,0.0,0.0,0.0
2008-08-11 00:00:00-04:00,11.688610922975233,11.861242550433898,11.688610922975233,11.789312362670898,15100,0.0,0.0,0.0
2008-08-12 00:00:00-04:00,11.746153402460983,11.789310961206704,11.652645129852912,11.695802688598633,36300,0.0,0.0,0.0
2008-08-13 00:00:00-04:00,11.652645939116285,11.710189812091624,11.55194313244383,11.65983772277832,27100,0.0,0.0,0.0
2008-08-14 00:00:00-04:00,11.616679241198673,11.789310846455301,11.616679241198673,11.75334644317627,14800,0.0,0.0,0.0
2008-08-15 00:00:00-04:00,11.839667041662292,11.85405335841647,11.803702621731524,11.825282096862793,6700,0.0,0.0,0.0
2008-08-18 00:00:00-04:00,11.796504529853317,11.825277151328468,11.645452382971088,11.702996253967285,9100,0.0,0.0,0.0
2008-08-19 00:00:00-04:00,11.595103672341684,11.595103672341684,11.508787164944689,11.551944732666016,13700,0.0,0.0,0.0
2008-08-20 00:00:00-04:00,11.508783233741188,11.616677802166736,11.480011303095912,11.566327095031738,42400,0.0,0.0,0.0
2008-08-21 00:00:00-04:00,11.501591006984746,11.573521182386296,11.494397852249193,11.523170471191406,9700,0.0,0.0,0.0
2008-08-22 00:00:00-04:00,11.616679078553787,11.674222946166992,11.616679078553787,11.674222946166992,13000,0.0,0.0,0.0
2008-08-25 00:00:00-04:00,11.631064633579877,11.631064633579877,11.487204973883474,11.515976905822754,12100,0.0,0.0,0.0
2008-08-26 00:00:00-04:00,11.436855057159093,11.537557860931726,11.436855057159093,11.48720645904541,5800,0.0,0.0,0.0
2008-08-27 00:00:00-04:00,11.501589030353472,11.659834291478099,11.501589030353472,11.623869895935059,12900,0.0,0.0,0.0
2008-08-28 00:00:00-04:00,11.695800980557097,11.818081855773926,11.695800980557097,11.818081855773926,5900,0.0,0.0,0.0
2008-08-29 00:00:00-04:00,11.774925630004214,11.7893105678034,11.717381762945443,11.731766700744629,10200,0.0,0.0,0.0
2008-09-02 00:00:00-04:00,11.854050067330787,11.890015849230913,11.652647176507267,11.724575996398926,24600,0.0,0.0,0.0
2008-09-03 00:00:00-04:00,11.63825936070106,11.71018954325745,11.62387304979896,11.688610076904297,17100,0.0,0.0,0.0
2008-09-04 00:00:00-04:00,11.595100590056486,11.595100590056486,11.386503219604492,11.386503219604492,24700,0.0,0.0,0.0
2008-09-05 00:00:00-04:00,11.285803401599196,11.386505529907245,11.221067054090945,11.372119903564453,43600,0.0,0.0,0.0
2008-09-08 00:00:00-04:00,11.623874255134933,11.623874255134933,11.494400187498462,11.616681098937988,3000,0.0,0.0,0.0
2008-09-09 00:00:00-04:00,11.595103074632418,11.595103074632418,11.33615493774414,11.33615493774414,6800,0.0,0.0,0.0
2008-09-10 00:00:00-04:00,11.314574806125668,11.400891304016113,11.314574806125668,11.400891304016113,500,0.0,0.0,0.0
2008-09-11 00:00:00-04:00,11.213874559626719,11.321769164484122,11.12755873854536,11.30738353729248,15000,0.0,0.0,0.0
2008-09-12 00:00:00-04:00,11.372119794293424,11.472821235656738,11.350540326020896,11.472821235656738,10700,0.0,0.0,0.0
2008-09-15 00:00:00-04:00,10.775098920092082,11.37931020270977,10.775098920092082,11.070012092590332,23800,0.0,0.0,0.0
2008-09-16 00:00:00-04:00,10.789486806663977,11.04124177321031,10.609662026552911,11.005276679992676,43700,0.0,0.0,0.0
2008-09-17 00:00:00-04:00,10.875801808249886,10.890188118855598,10.595274925231934,10.595274925231934,22400,0.0,0.0,0.0
2008-09-18 00:00:00-04:00,10.595276484140184,10.940540443729251,10.285978306357123,10.90457534790039,34600,0.0,0.0,0.0
2008-09-19 00:00:00-04:00,11.289816856384277,11.289816856384277,11.289816856384277,11.289816856384277,49400,0.073,0.0,0.0
2008-09-22 00:00:00-04:00,10.9934785218669,11.138034314241613,10.848922729492188,10.848922729492188,18600,0.0,0.0,0.0
2008-09-23 00:00:00-04:00,10.957337238696795,10.957337238696795,10.726048016548974,10.74773120880127,15000,0.0,0.0,0.0
2008-09-24 00:00:00-04:00,10.733277384681868,10.791099697801936,10.6754550715618,10.726049423217773,39000,0.0,0.0,0.0
2008-09-25 00:00:00-04:00,10.64653924858268,10.928423436714573,10.64653924858268,10.89951229095459,39900,0.0,0.0,0.0
2008-09-26 00:00:00-04:00,10.451389069967908,11.484963725579055,10.451389069967908,10.913968086242676,53000,0.0,0.0,0.0
2008-09-29 00:00:00-04:00,10.653771648856289,10.827238595733773,10.191193123849661,10.212876319885254,43500,0.0,0.0,0.0
2008-09-30 00:00:00-04:00,10.65376889448825,10.65376889448825,10.212873679503891,10.415251731872559,19700,0.0,0.0,0.0
2008-10-01 00:00:00-04:00,11.188626088036779,11.188626088036779,10.277924461526418,10.335746765136719,20500,0.0,0.0,0.0
2008-10-02 00:00:00-04:00,10.32852061679735,10.32852061679735,9.894852574345324,9.902080535888672,15400,0.0,0.0,0.0
2008-10-03 00:00:00-04:00,9.894850375330188,10.133368228178437,9.757522583007812,9.757522583007812,38600,0.0,0.0,0.0
2008-10-06 00:00:00-04:00,9.504553765217214,9.547920855006245,8.948013696919796,9.244353294372559,88100,0.0,0.0,0.0
2008-10-07 00:00:00-04:00,9.222667103622449,9.352766952210885,8.781771142700357,8.81068229675293,28300,0.0,0.0,0.0
2008-10-08 00:00:00-04:00,8.615527783185012,8.868500769038828,8.311960475878807,8.861272811889648,28400,0.0,0.0,0.0
2008-10-09 00:00:00-04:00,8.752858460641926,8.752858460641926,7.769878705159114,7.81324577331543,30800,0.0,0.0,0.0
2008-10-10 00:00:00-04:00,7.422946002653679,7.834930108556103,7.1193785490530725,7.791563034057617,35500,0.0,0.0,0.0
2008-10-13 00:00:00-04:00,8.644442201851973,8.644442201851973,7.8421572649274545,8.50711441040039,48300,0.0,0.0,0.0
2008-10-14 00:00:00-04:00,9.135929919354416,9.135929919354416,8.478200226358497,8.52879524230957,21200,0.0,0.0,0.0
2008-10-15 00:00:00-04:00,8.355331430398694,8.355331430398694,7.878296375274658,7.878296375274658,16600,0.0,0.0,0.0
2008-10-16 00:00:00-04:00,7.806016796008654,8.030077999264549,7.502449426381379,7.921661376953125,39100,0.0,0.0,0.0
2008-10-17 00:00:00-04:00,7.842159504620114,8.297510079072284,7.842159504620114,7.96503210067749,23600,0.0,0.0,0.0
2008-10-20 00:00:00-04:00,7.9722587356497945,8.398698806762695,7.9722587356497945,8.398698806762695,13900,0.0,0.0,0.0
2008-10-21 00:00:00-04:00,8.06621847369599,8.449291385487967,8.037307323547468,8.283052444458008,10400,0.0,0.0,0.0
2008-10-22 00:00:00-04:00,7.9505738329175175,8.030079323100065,7.6686896034219965,7.683145523071289,35300,0.0,0.0,0.0
2008-10-23 00:00:00-04:00,7.769878786897097,7.806017895858178,7.278388559337203,7.574728012084961,18200,0.0,0.0,0.0
2008-10-24 00:00:00-04:00,6.7507599846941115,7.545816943905205,6.7507599846941115,7.466311454772949,22900,0.0,0.0,0.0
2008-10-27 00:00:00-04:00,7.198882786367112,7.3723496753648385,7.025415897369385,7.025415897369385,37900,0.0,0.0,0.0
2008-10-28 00:00:00-04:00,7.38680913896534,7.480770587921143,6.953141019061095,7.480770587921143,49000,0.0,0.0,0.0
2008-10-29 00:00:00-04:00,7.480768087817518,7.834929876775648,7.480768087817518,7.567501544952393,34500,0.0,0.0,0.0
2008-10-30 00:00:00-04:00,7.813250159822208,7.87107249029574,7.589188112264858,7.849388599395752,20200,0.0,0.0,0.0
2008-10-31 00:00:00-04:00,7.740968164886713,7.899979841569324,7.596412408491711,7.748196125030518,101000,0.0,0.0,0.0
2008-11-03 00:00:00-05:00,7.842159013387418,8.087903500812349,7.842159013387418,8.015625953674316,48200,0.0,0.0,0.0
2008-11-04 00:00:00-05:00,8.124039903974296,8.254140410358037,8.080673528043794,8.225229263305664,75200,0.0,0.0,0.0
2008-11-05 00:00:00-05:00,8.152952526791218,8.283053056724432,7.9433465003967285,7.9433465003967285,43600,0.0,0.0,0.0
2008-11-06 00:00:00-05:00,7.9072084539083445,7.972258727646205,7.538591384887694,7.538591384887695,17100,0.0,0.0,0.0
2008-11-07 00:00:00-05:00,7.639780284705628,7.7843367586645735,7.632553012444763,7.76265287399292,24000,0.0,0.0,0.0
2008-11-10 00:00:00-05:00,7.85661206197223,7.85661206197223,7.560272615744253,7.668689250946045,12600,0.0,0.0,0.0
2008-11-11 00:00:00-05:00,7.49522309612441,7.581956550676057,7.3362114181316125,7.415717601776123,44300,0.0,0.0,0.0
2008-11-12 00:00:00-05:00,7.292847131574822,7.336213526666669,7.068785125945537,7.076013088226318,28600,0.0,0.0,0.0
2008-11-13 00:00:00-05:00,7.141061317714464,7.415717601776123,6.82303796172887,7.415717601776123,41200,0.0,0.0,0.0
2008-11-14 00:00:00-05:00,7.2928467241600705,7.451858438971976,7.191657325771334,7.263935565948486,27400,0.0,0.0,0.0
2008-11-17 00:00:00-05:00,7.112152210333806,7.263935971748116,7.076013088226318,7.076013088226318,35900,0.0,0.0,0.0
2008-11-18 00:00:00-05:00,6.996505847939629,7.141061611472214,6.830266202904967,7.032644271850586,31200,0.0,0.0,0.0
2008-11-19 00:00:00-05:00,7.054328159573588,7.126605696755493,6.635116100311279,6.635116100311279,68900,0.0,0.0,0.0
2008-11-20 00:00:00-05:00,6.541153722631466,6.591748060170958,6.0785746574401855,6.0785746574401855,60300,0.0,0.0,0.0
2008-11-21 00:00:00-05:00,6.129168697610084,6.295408310354044,5.919562708878044,6.288180351257324,65900,0.0,0.0,0.0
2008-11-24 00:00:00-05:00,6.439966063570049,6.917000484679484,6.411054907420881,6.8230390548706055,49600,0.0,0.0,0.0
2008-11-25 00:00:00-05:00,6.909770896001326,7.025415481826268,6.750759245843979,7.018187522888184,38000,0.0,0.0,0.0
2008-11-26 00:00:00-05:00,6.895319107008266,7.343442490062043,6.851952016707862,7.314531326293945,36400,0.0,0.0,0.0
2008-11-28 00:00:00-05:00,7.31452640542579,7.408487796783447,7.31452640542579,7.408487796783447,11100,0.0,0.0,0.0
2008-12-01 00:00:00-05:00,7.278388187788574,7.28561614707105,6.779670715332031,6.779670715332031,33100,0.0,0.0,0.0
2008-12-02 00:00:00-05:00,6.851947913792752,7.03264275146825,6.80858153875645,7.018187522888184,38400,0.0,0.0,0.0
2008-12-03 00:00:00-05:00,7.097696527977968,7.220569133758546,6.974823922197391,7.220569133758545,13300,0.0,0.0,0.0
2008-12-04 00:00:00-05:00,7.126607682525235,7.300075336548877,6.93145751953125,6.93145751953125,18500,0.0,0.0,0.0
2008-12-05 00:00:00-05:00,6.9097721055767405,7.415717601776123,6.7941268102116545,7.415717601776123,93000,0.0,0.0,0.0
2008-12-08 00:00:00-05:00,7.502450231395072,7.740967377509978,7.502450231395072,7.654233932495117,53600,0.0,0.0,0.0
2008-12-09 00:00:00-05:00,7.545816359982994,7.798789416558307,7.502449983556219,7.553044319152832,158500,0.0,0.0,0.0
2008-12-10 00:00:00-05:00,7.603640529040369,7.74819628848489,7.603640529040369,7.704829216003418,63500,0.0,0.0,0.0
2008-12-11 00:00:00-05:00,7.65423756016425,7.762654245492075,7.43017553737788,7.480770587921143,290200,0.0,0.0,0.0
2008-12-12 00:00:00-05:00,7.350665764033235,7.581954926629057,7.256704369404663,7.560271739959717,52300,0.0,0.0,0.0
2008-12-15 00:00:00-05:00,7.6397769513278035,7.6397769513278035,7.321754363829314,7.408487796783447,25000,0.0,0.0,0.0
2008-12-16 00:00:00-05:00,7.878296375274658,7.885524335798414,7.473540236091922,7.878296375274658,45000,0.0,0.0,0.0
2008-12-17 00:00:00-05:00,7.820475299051136,7.97225904742904,7.748197750340358,7.899981498718262,45200,0.0,0.0,0.0
2008-12-18 00:00:00-05:00,7.936118175148644,8.037307548144234,7.777107189536416,7.856612682342529,36200,0.0,0.0,0.0
2008-12-19 00:00:00-05:00,7.96297856635664,8.057689279624118,7.9265512620548355,7.984834671020508,47200,0.086,0.0,0.0
2008-12-22 00:00:00-05:00,7.955694769635025,7.955694769635025,7.605993541790846,7.744417190551758,21300,0.0,0.0,0.0
2008-12-23 00:00:00-05:00,7.831843104529016,7.853699216325121,7.686134534566198,7.707990646362305,54500,0.0,0.0,0.0
2008-12-24 00:00:00-05:00,7.729844291552939,7.788127700939738,7.715273786602761,7.758985996246338,26700,0.0,0.0,0.0
2008-12-26 00:00:00-05:00,7.831841463081727,7.868268771636079,7.7517019400966465,7.839127063751221,11000,0.0,0.0,0.0
2008-12-29 00:00:00-05:00,7.809984500554571,7.817269405633137,7.686132081909363,7.758985996246338,19200,0.0,0.0,0.0
2008-12-30 00:00:00-05:00,7.8027053903795665,8.086837768554688,7.8027053903795665,8.086837768554688,108400,0.0,0.0,0.0
2008-12-31 00:00:00-05:00,8.050405682411744,8.268968867798979,8.050405682411744,8.239827156066895,60700,0.0,0.0,0.0
2009-01-02 00:00:00-05:00,8.261685856218456,8.516675740115593,8.159689485783543,8.509390830993652,18300,0.0,0.0,0.0
2009-01-05 00:00:00-05:00,8.502107782371429,8.545820029414434,8.37096965165513,8.538535118103027,54600,0.0,0.0,0.0
2009-01-06 00:00:00-05:00,8.58952778432816,8.662382411796932,8.545814868888254,8.633240699768066,79200,0.0,0.0,0.0
2009-01-07 00:00:00-05:00,8.502105228100888,8.502105228100888,8.21797292850809,8.254400253295898,21900,0.0,0.0,0.0
2009-01-08 00:00:00-05:00,8.19611613211613,8.363680839538574,8.159688810348051,8.363680839538574,13800,0.0,0.0,0.0
2009-01-09 00:00:00-05:00,8.378251508189807,8.378251508189807,8.130546569824219,8.130546569824219,12900,0.0,0.0,0.0
2009-01-12 00:00:00-05:00,8.108687536687635,8.108687536687635,7.780843169447633,7.846412181854248,32100,0.0,0.0,0.0
2009-01-13 00:00:00-05:00,7.882839278181948,7.911980986066806,7.75898684597302,7.839127063751221,15100,0.0,0.0,0.0
2009-01-14 00:00:00-05:00,7.715278008627521,7.715278008627521,7.496714756426326,7.5404276847839355,46200,0.0,0.0,0.0
2009-01-15 00:00:00-05:00,7.5549930081463375,7.729843211884473,7.380142804408202,7.671559810638428,84300,0.0,0.0,0.0
2009-01-16 00:00:00-05:00,7.773559563162492,7.802701276730009,7.5695675681898775,7.7808451652526855,50800,0.0,0.0,0.0
2009-01-20 00:00:00-05:00,7.693418782178703,7.693418782178703,7.329147074012523,7.336431980133057,70800,0.0,0.0,0.0
2009-01-21 00:00:00-05:00,7.423858319227445,7.627851009368897,7.278149751121593,7.6278510093688965,45700,0.0,0.0,0.0
2009-01-22 00:00:00-05:00,7.482141513531155,7.584137151161895,7.351003471099435,7.46028470993042,102300,0.0,0.0,0.0
2009-01-23 00:00:00-05:00,7.263579248660666,7.569567589372491,7.241722442328923,7.482142448425293,82400,0.0,0.0,0.0
2009-01-26 00:00:00-05:00,7.452999300707642,7.635135166646263,7.40928708196656,7.489426612854004,70400,0.0,0.0,0.0
2009-01-27 00:00:00-05:00,7.540424460125573,7.642420091352576,7.496711550461765,7.620563983917236,36600,0.0,0.0,0.0
2009-01-28 00:00:00-05:00,7.758990048672503,7.94112597183189,7.758990048672503,7.890128135681152,114800,0.0,0.0,0.0
2009-01-29 00:00:00-05:00,7.780842845170208,7.780842845170208,7.547708511352539,7.547708511352539,29100,0.0,0.0,0.0
2009-01-30 00:00:00-05:00,7.540424922305507,7.540424922305507,7.27814883783307,7.314576148986816,32700,0.0,0.0,0.0
2009-02-02 00:00:00-05:00,7.183437834911535,7.380144890821982,7.1761529287910015,7.336431980133057,45500,0.0,0.0,0.0
2009-02-03 00:00:00-05:00,7.329147551079115,7.525853925000367,7.329147551079115,7.489426612854004,38600,0.0,0.0,0.0
2009-02-04 00:00:00-05:00,7.6132778933809195,7.6132778933809195,7.431142055286672,7.452998161315918,54400,0.0,0.0,0.0
2009-02-05 00:00:00-05:00,7.474857497072662,7.7225624320514425,7.474857497072662,7.649707794189453,30900,0.0,0.0,0.0
2009-02-06 00:00:00-05:00,7.795414347760178,7.897410675282028,7.788128746910087,7.868268966674805,14200,0.0,0.0,0.0
2009-02-09 00:00:00-05:00,7.831841651340389,7.955694086526432,7.817270449651142,7.87555456161499,14300,0.0,0.0,0.0
2009-02-10 00:00:00-05:00,7.839130495048416,7.8828427286126,7.5404276847839355,7.5404276847839355,10000,0.0,0.0,0.0
2009-02-11 00:00:00-05:00,7.584138759072327,7.693420715865311,7.554997042886195,7.649707794189453,10800,0.0,0.0,0.0
2009-02-12 00:00:00-05:00,7.53314045264221,7.656992912292481,7.467571421675212,7.6569929122924805,20600,0.0,0.0,0.0
2009-02-13 00:00:00-05:00,7.6497056979258,7.737130822526919,7.591422281525053,7.613278388977051,14000,0.0,0.0,0.0
2009-02-17 00:00:00-05:00,7.190721171560926,7.358286465845679,7.190721171560926,7.27086067199707,34300,0.0,0.0,0.0
2009-02-18 00:00:00-05:00,7.300006309409279,7.300006309409279,7.103299228054704,7.198009967803955,49900,0.0,0.0,0.0
2009-02-19 00:00:00-05:00,7.292723007082049,7.292723007082049,7.008590698242187,7.0085906982421875,36400,0.0,0.0,0.0
2009-02-20 00:00:00-05:00,6.892021364022788,6.994017701576709,6.797310628035548,6.928448677062988,46300,0.0,0.0,0.0
2009-02-23 00:00:00-05:00,6.972162230546117,6.972162230546117,6.571463794835962,6.57874870300293,46900,0.0,0.0,0.0
2009-02-24 00:00:00-05:00,6.60060370093185,6.855593481443157,6.556890789956488,6.833737373352051,31100,0.0,0.0,0.0
2009-02-25 00:00:00-05:00,6.782740328126642,6.782740328126642,6.578747646750175,6.644316673278809,28700,0.0,0.0,0.0
2009-02-26 00:00:00-05:00,6.658887197140917,6.688028906535254,6.425752827193067,6.462180137634277,14100,0.0,0.0,0.0
2009-02-27 00:00:00-05:00,6.3601813251079875,6.513175413416061,6.309183527269592,6.374752521514893,36500,0.0,0.0,0.0
2009-03-02 00:00:00-05:00,6.2290482248470465,6.2290482248470465,5.974057674407959,5.974057674407959,44500,0.0,0.0,0.0
2009-03-03 00:00:00-05:00,6.039625653265111,6.097909078319113,5.864775378103106,5.886631488800049,30600,0.0,0.0,0.0
2009-03-04 00:00:00-05:00,5.959487421594215,6.185335569401204,5.944916214745566,6.090624809265137,14100,0.0,0.0,0.0
2009-03-05 00:00:00-05:00,5.9522010196064326,5.959486622053301,5.689925237262145,5.733637809753418,22500,0.0,0.0,0.0
2009-03-06 00:00:00-05:00,5.80649189856215,5.857490071755323,5.595214298385144,5.7117815017700195,70300,0.0,0.0,0.0
2009-03-09 00:00:00-04:00,5.653500239694812,5.813779728083503,5.609787304555676,5.631643772125244,29200,0.0,0.0,0.0
2009-03-10 00:00:00-04:00,5.762779317161494,6.003198630901468,5.762779317161494,5.995913028717041,23100,0.0,0.0,0.0
2009-03-11 00:00:00-04:00,6.054197521667695,6.119765860957836,6.0250558059409745,6.0614824295043945,10900,0.0,0.0,0.0
2009-03-12 00:00:00-04:00,6.097906042919671,6.403894219535816,6.097906042919671,6.374752521514893,260400,0.0,0.0,0.0
2009-03-13 00:00:00-04:00,6.425753307956582,6.476751824307158,6.338328173232578,6.45489501953125,33400,0.0,0.0,0.0
2009-03-16 00:00:00-04:00,6.505892166267702,6.629744588085051,6.411181449890137,6.411181449890137,11500,0.0,0.0,0.0
2009-03-17 00:00:00-04:00,6.447610560540623,6.622460842132568,6.447610560540623,6.622460842132568,9300,0.0,0.0,0.0
2009-03-18 00:00:00-04:00,6.615175233385907,6.935734777442215,6.556891806247171,6.90659236907959,11700,0.0,0.0,0.0
2009-03-19 00:00:00-04:00,6.972161769449922,6.972161769449922,6.819167591368265,6.841024398803711,15700,0.0,0.0,0.0
2009-03-20 00:00:00-04:00,6.854162326200108,6.87606041267605,6.627879778856651,6.700874328613281,14800,0.018,0.0,0.0
2009-03-23 00:00:00-04:00,6.854165081766236,7.14614200592041,6.854165081766236,7.14614200592041,25500,0.0,0.0,0.0
2009-03-24 00:00:00-04:00,7.102342708448153,7.182636857431813,7.0220492555921545,7.029348850250244,25500,0.0,0.0,0.0
2009-03-25 00:00:00-04:00,7.080442585500135,7.2191320596302635,6.919855029817473,7.124239444732666,27500,0.0,0.0,0.0
2009-03-26 00:00:00-04:00,7.1826366232137175,7.343224219816785,7.1826366232137175,7.3359246253967285,12500,0.0,0.0,0.0
2009-03-27 00:00:00-04:00,7.2191380247244,7.270233822609362,7.1753411293029785,7.1753411293029785,37500,0.0,0.0,0.0
2009-03-30 00:00:00-04:00,6.970953798993525,6.9855522928391,6.905258836369208,6.927156925201416,33000,0.0,0.0,0.0
2009-03-31 00:00:00-04:00,7.051247253207673,7.182637178414275,6.985552290604371,7.0658464431762695,5900,0.0,0.0,0.0
2009-04-01 00:00:00-04:00,6.941757241000725,7.211836034158776,6.9052599562760575,7.204536437988281,12300,0.0,0.0,0.0
2009-04-02 00:00:00-04:00,7.4016190197034,7.5695055018237385,7.4016190197034,7.43811559677124,31400,0.0,0.0,0.0
2009-04-03 00:00:00-04:00,7.489212219845793,7.511110305786133,7.430816859919821,7.511110305786133,14500,0.0,0.0,0.0
2009-04-06 00:00:00-04:00,7.496509699605285,7.540305859134002,7.408915988293043,7.460012435913086,4500,0.0,0.0,0.0
2009-04-07 00:00:00-04:00,7.314028267507385,7.372423644418885,7.299429075215608,7.343225955963135,36300,0.0,0.0,0.0
2009-04-08 00:00:00-04:00,7.379720197327429,7.416217470321161,7.350522518157959,7.350522518157959,3500,0.0,0.0,0.0
2009-04-09 00:00:00-04:00,7.562208796781978,7.7519941329956055,7.562208796781978,7.7519941329956055,10700,0.0,0.0,0.0
2009-04-13 00:00:00-04:00,7.664397929924441,7.7738890504723335,7.6279006576992865,7.744691371917725,8500,0.0,0.0,0.0
2009-04-14 00:00:00-04:00,7.657098892340326,7.693596167216045,7.525709677366403,7.533008575439453,9000,0.0,0.0,0.0
2009-04-15 00:00:00-04:00,7.5476082352280125,7.649799775909274,7.51111095807285,7.642500877380371,8300,0.0,0.0,0.0
2009-04-16 00:00:00-04:00,7.74469360128465,7.86148504524993,7.7008974189094666,7.83958625793457,2200,0.0,0.0,0.0
2009-04-17 00:00:00-04:00,7.839584510409744,7.919878653745461,7.788488743652552,7.91257905960083,8600,0.0,0.0,0.0
2009-04-20 00:00:00-04:00,7.678998681227078,7.708196365728304,7.649800300598144,7.6498003005981445,14700,0.0,0.0,0.0
2009-04-21 00:00:00-04:00,7.664397003796967,7.824984564506504,7.606001653743951,7.773888111114502,9400,0.0,0.0,0.0
2009-04-22 00:00:00-04:00,7.759293260672858,7.992874770431621,7.759293260672858,7.810389041900635,18800,0.0,0.0,0.0
2009-04-23 00:00:00-04:00,7.744691588442268,7.934476852416992,7.744691588442268,7.934476852416992,11100,0.0,0.0,0.0
2009-04-24 00:00:00-04:00,8.022071056422332,8.080466423651083,7.919879511835862,8.014771461486816,27000,0.0,0.0,0.0
2009-04-27 00:00:00-04:00,7.941778533959752,8.051269686350892,7.93447893816627,7.956377029418945,5700,0.0,0.0,0.0
2009-04-28 00:00:00-04:00,7.868785338831173,8.058570685751052,7.868785338831173,7.978277206420898,7400,0.0,0.0,0.0
2009-04-29 00:00:00-04:00,7.978275176100776,8.219156248919449,7.978275176100776,8.160760879516602,16600,0.0,0.0,0.0
2009-04-30 00:00:00-04:00,8.306749829635573,8.306749829635573,8.116964518980899,8.138862609863281,16100,0.0,0.0,0.0
2009-05-01 00:00:00-04:00,8.138862616159358,8.219156776336472,8.10966492958434,8.168060302734375,19900,0.0,0.0,0.0
2009-05-04 00:00:00-04:00,8.22645118676102,8.335942268371582,8.197252822462396,8.335942268371582,49600,0.0,0.0,0.0
2009-05-05 00:00:00-04:00,8.387044126118724,8.387044126118724,8.299451057766968,8.379744529724121,14900,0.0,0.0,0.0
2009-05-06 00:00:00-04:00,8.438137696638229,8.438137696638229,8.233753244795242,8.321346282958984,20400,0.0,0.0,0.0
2009-05-07 00:00:00-04:00,8.460033284121128,9.116981224433477,8.241050405307883,8.284847259521484,40900,0.0,0.0,0.0
2009-05-08 00:00:00-04:00,8.50382902591419,8.533026695251465,8.365140270593967,8.533026695251465,10000,0.0,0.0,0.0
2009-05-11 00:00:00-04:00,8.554925888144446,8.554925888144446,8.284847259521484,8.284847259521484,10800,0.0,0.0,0.0
2009-05-12 00:00:00-04:00,8.16076408039733,8.241057570787676,8.109667590032576,8.233757972717285,8600,0.0,0.0,0.0
2009-05-13 00:00:00-04:00,8.029369139643048,8.058566817760285,7.927176918168944,7.949075698852539,8900,0.0,0.0,0.0
2009-05-14 00:00:00-04:00,8.051266483114143,8.087763751433158,8.014769214795127,8.02936840057373,13200,0.0,0.0,0.0
2009-05-15 00:00:00-04:00,8.029372559859846,8.080468344298042,7.949079084867275,7.9855756759643555,24800,0.0,0.0,0.0
2009-05-18 00:00:00-04:00,8.08046579162774,8.189957618713379,8.051268110297096,8.189957618713379,13000,0.0,0.0,0.0
2009-05-19 00:00:00-04:00,8.233755888254786,8.284852365683927,8.175360510731036,8.211857795715332,6100,0.0,0.0,0.0
2009-05-20 00:00:00-04:00,8.255656427330111,8.357848011599971,8.102368354797363,8.102368354797363,18200,0.0,0.0,0.0
2009-05-21 00:00:00-04:00,8.05856701907019,8.05856701907019,7.919878218580644,8.000171661376953,6700,0.0,0.0,0.0
2009-05-22 00:00:00-04:00,7.970973982530334,8.065866612813739,7.970973982530334,8.000171661376953,11100,0.0,0.0,0.0
2009-05-26 00:00:00-04:00,8.036668877083766,8.248352221255358,8.036668877083766,8.241052627563477,7900,0.0,0.0,0.0
2009-05-27 00:00:00-04:00,8.226454424421329,8.29214868156636,8.102364111823613,8.109663009643555,29000,0.0,0.0,0.0
2009-05-28 00:00:00-04:00,8.146162986755371,8.175360676107877,8.022072632975263,8.146162986755371,13100,0.0,0.0,0.0
2009-05-29 00:00:00-04:00,8.204553664865974,8.292146682739258,8.146158319617118,8.292146682739258,19500,0.0,0.0,0.0
2009-06-01 00:00:00-04:00,8.40164129754142,8.584126986734965,8.40164129754142,8.562228202819824,3200,0.0,0.0,0.0
2009-06-02 00:00:00-04:00,8.554929008051621,8.715515907768896,8.554929008051621,8.693617820739746,12100,0.0,0.0,0.0
2009-06-03 00:00:00-04:00,8.65711982432963,8.65711982432963,8.445436477661133,8.445436477661133,21100,0.0,0.0,0.0
2009-06-04 00:00:00-04:00,8.540330115032344,8.598725479884065,8.511132432606484,8.562228202819824,13000,0.0,0.0,0.0
2009-06-05 00:00:00-04:00,8.62062039939064,8.62062039939064,8.50382902591419,8.533026695251465,10300,0.0,0.0,0.0
2009-06-08 00:00:00-04:00,8.47463607788086,8.518432954350121,8.394342616502904,8.47463607788086,4800,0.0,0.0,0.0
2009-06-09 00:00:00-04:00,8.496532440185547,8.533029014682056,8.460035169561502,8.496532440185547,5200,0.0,0.0,0.0
2009-06-10 00:00:00-04:00,8.467337781071867,8.540331652210893,8.394343213805058,8.460038185119629,12800,0.0,0.0,0.0
2009-06-11 00:00:00-04:00,8.481935516711781,8.61332544756598,8.481935516711781,8.54033088684082,11400,0.0,0.0,0.0
2009-06-12 00:00:00-04:00,8.489230539309226,8.533026695251465,8.474631356576914,8.533026695251465,6600,0.0,0.0,0.0
2009-06-15 00:00:00-04:00,8.474634273777431,8.474634273777431,8.284849705819783,8.321346282958984,20400,0.0,0.0,0.0
2009-06-16 00:00:00-04:00,8.379742199298747,8.379742199298747,8.189957618713379,8.189957618713379,11000,0.0,0.0,0.0
2009-06-17 00:00:00-04:00,8.22645699633509,8.292151274018734,8.219157400105415,8.27025318145752,5700,0.0,0.0,0.0
2009-06-18 00:00:00-04:00,8.241056268561584,8.292152054724353,8.23375667164465,8.248355865478516,24100,0.0,0.0,0.0
2009-06-19 00:00:00-04:00,8.377062310000474,8.39912636836816,8.229966717139177,8.27409553527832,100600,0.085,0.0,0.0
2009-06-22 00:00:00-04:00,8.156419447719305,8.156419447719305,7.876938809223715,8.046097755432129,27000,0.0,0.0,0.0
2009-06-23 00:00:00-04:00,8.082871500664858,8.082871500664858,7.994614569339202,8.024033546447754,17300,0.0,0.0,0.0
2009-06-24 00:00:00-04:00,8.16377507749936,8.178484216908002,8.11229133605957,8.11229133605957,4800,0.0,0.0,0.0
2009-06-25 00:00:00-04:00,8.171128942028421,8.288805559211687,8.171128942028421,8.266740798950195,4400,0.0,0.0,0.0
2009-06-26 00:00:00-04:00,8.252027812510402,8.33292979153572,8.244672895852611,8.32557487487793,5600,0.0,0.0,0.0
2009-06-29 00:00:00-04:00,8.310870247329666,8.421191251374974,8.310870247329666,8.391772270202637,40800,0.0,0.0,0.0
2009-06-30 00:00:00-04:00,8.413835407265903,8.413835407265903,8.281450357222294,8.36235237121582,21400,0.0,0.0,0.0
2009-07-01 00:00:00-04:00,8.428542093894873,8.54621796164712,8.428542093894873,8.487380027770996,11100,0.0,0.0,0.0
2009-07-02 00:00:00-04:00,8.399124273719002,8.42854324467374,8.24467450085573,8.252029418945312,8100,0.0,0.0,0.0
2009-07-06 00:00:00-04:00,8.171131529443524,8.193196296691895,8.141712541183036,8.193196296691895,8800,0.0,0.0,0.0
2009-07-07 00:00:00-04:00,8.193193534761443,8.193193534761443,8.104936599731445,8.104936599731445,12000,0.0,0.0,0.0
2009-07-08 00:00:00-04:00,8.104937999385813,8.11964714039574,8.00197120670077,8.031390190124512,9900,0.0,0.0,0.0
2009-07-09 00:00:00-04:00,8.046096409910454,8.141708246675659,8.046096409910454,8.090225219726562,8000,0.0,0.0,0.0
2009-07-10 00:00:00-04:00,8.024031770203534,8.090224629395891,8.009322635607225,8.075514793395996,7200,0.0,0.0,0.0
2009-07-13 00:00:00-04:00,8.075518271437138,8.200549125671387,8.068164051673392,8.200549125671387,8500,0.0,0.0,0.0
2009-07-14 00:00:00-04:00,8.266738119302202,8.274093037005283,8.193191046482067,8.259383201599121,5400,0.0,0.0,0.0
2009-07-15 00:00:00-04:00,8.399122948234046,8.494734764099121,8.399122948234046,8.494734764099121,4700,0.0,0.0,0.0
2009-07-16 00:00:00-04:00,8.43590127489419,8.590351104736328,8.43590127489419,8.590351104736328,10200,0.0,0.0,0.0
2009-07-17 00:00:00-04:00,8.568283824564753,8.612412635011333,8.568283824564753,8.605057716369629,6400,0.0,0.0,0.0
2009-07-20 00:00:00-04:00,8.634478899357537,8.715381622314453,8.627123978833486,8.715381622314453,14000,0.0,0.0,0.0
2009-07-21 00:00:00-04:00,8.781573178496929,8.781573178496929,8.634478285492682,8.730090141296387,17300,0.0,0.0,0.0
2009-07-22 00:00:00-04:00,8.744797272938115,8.796280294193794,8.722732519768343,8.752151489257812,32000,0.0,0.0,0.0
2009-07-23 00:00:00-04:00,8.766861405963864,8.98750402988178,8.759506488172434,8.958085060119629,31500,0.0,0.0,0.0
2009-07-24 00:00:00-04:00,8.958084243701354,9.009567260742188,8.877181558176039,9.009567260742188,17600,0.0,0.0,0.0
2009-07-27 00:00:00-04:00,9.038986409354695,9.038986409354695,8.936019671801626,9.002212524414062,22600,0.0,0.0,0.0
2009-07-28 00:00:00-04:00,8.958088402910938,9.031635504059297,8.921314501634846,8.994861602783203,10900,0.0,0.0,0.0
2009-07-29 00:00:00-04:00,8.921313620268911,8.972796656126965,8.899249562244567,8.936022758483887,13400,0.0,0.0,0.0
2009-07-30 00:00:00-04:00,9.031632830982087,9.119889747081162,9.031632830982087,9.05369758605957,5800,0.0,0.0,0.0
2009-07-31 00:00:00-04:00,9.031632830982087,9.075761639733434,9.016923695667383,9.05369758605957,8900,0.0,0.0,0.0
2009-08-03 00:00:00-04:00,9.119890741167037,9.193438529968262,9.038988734608647,9.193438529968262,17800,0.0,0.0,0.0
2009-08-04 00:00:00-04:00,9.193440548988665,9.27434257331438,9.193440548988665,9.24492359161377,7600,0.0,0.0,0.0
2009-08-05 00:00:00-04:00,9.325825104531813,9.325825104531813,9.230213251088067,9.311115264892578,8200,0.0,0.0,0.0
2009-08-06 00:00:00-04:00,9.347885578306824,9.347885578306824,9.193435828334662,9.215499877929688,5700,0.0,0.0,0.0
2009-08-07 00:00:00-04:00,9.355242294830187,9.414080239336998,9.244920622827197,9.36259651184082,20400,0.0,0.0,0.0
2009-08-10 00:00:00-04:00,9.377307739974105,9.39201757898511,9.333178924344821,9.355243682861328,19300,0.0,0.0,0.0
2009-08-11 00:00:00-04:00,9.325825137248836,9.325825137248836,9.25963226144758,9.281696319580078,9600,0.0,0.0,0.0
2009-08-12 00:00:00-04:00,9.244924206965475,9.39937404652498,9.23021506583804,9.369955062866211,4100,0.0,0.0,0.0
2009-08-13 00:00:00-04:00,9.39937349127792,9.414083332940303,9.340535527436108,9.392019271850586,7300,0.0,0.0,0.0
2009-08-14 00:00:00-04:00,9.200793083755721,9.222857138958423,9.200793083755721,9.208148002624512,2700,0.0,0.0,0.0
2009-08-17 00:00:00-04:00,9.134599556927506,9.134599556927506,9.046342641088065,9.08311653137207,26700,0.0,0.0,0.0
2009-08-18 00:00:00-04:00,9.083116452239032,9.17137336730957,9.068406615692135,9.17137336730957,7600,0.0,0.0,0.0
2009-08-19 00:00:00-04:00,9.164018370720184,9.289049174685834,9.164018370720184,9.25963020324707,34300,0.0,0.0,0.0
2009-08-20 00:00:00-04:00,9.281693615836232,9.303757667541504,9.266984481833903,9.303757667541504,9700,0.0,0.0,0.0
2009-08-21 00:00:00-04:00,9.41408129980707,9.509693145751953,9.355243348672326,9.509693145751953,21000,0.0,0.0,0.0
2009-08-24 00:00:00-04:00,9.56117754103634,9.575887381619452,9.46556568145752,9.46556568145752,16800,0.0,0.0,0.0
2009-08-25 00:00:00-04:00,9.524402404767898,9.612659332599904,9.524402404767898,9.561176300048828,5100,0.0,0.0,0.0
2009-08-26 00:00:00-04:00,9.575889230005895,9.597953293735678,9.517050557719912,9.524405479431152,5200,0.0,0.0,0.0
2009-08-27 00:00:00-04:00,9.428793561793485,9.568534268104349,9.428793561793485,9.553824424743652,6000,0.0,0.0,0.0
2009-08-28 00:00:00-04:00,9.575886943108753,9.575886943108753,9.480275087908307,9.53911304473877,24400,0.0,0.0,0.0
2009-08-31 00:00:00-04:00,9.41408362803799,9.436147689819336,9.384664645194905,9.436147689819336,13700,0.0,0.0,0.0
2009-09-01 00:00:00-04:00,9.399373420892934,9.494985286770877,9.222859530689275,9.24492359161377,23100,0.0,0.0,0.0
2009-09-02 00:00:00-04:00,9.208147178580134,9.25963020324707,9.193437342158948,9.25963020324707,14200,0.0,0.0,0.0
2009-09-03 00:00:00-04:00,9.208147152681414,9.28904914855957,9.193437316301601,9.28904914855957,14300,0.0,0.0,0.0
2009-09-04 00:00:00-04:00,9.311112918818344,9.436143718633419,9.303758000851909,9.414079666137695,7400,0.0,0.0,0.0
2009-09-08 00:00:00-04:00,9.539112121319326,9.539112121319326,9.480274170184583,9.509693145751953,6500,0.0,0.0,0.0
2009-09-09 00:00:00-04:00,9.561174343477619,9.642076335417144,9.561174343477619,9.620012283325195,12100,0.0,0.0,0.0
2009-09-10 00:00:00-04:00,9.620013709593664,9.752399444580078,9.620013709593664,9.752399444580078,5200,0.0,0.0,0.0
2009-09-11 00:00:00-04:00,9.759754912941059,9.759754912941059,9.70091625965406,9.730335235595703,9300,0.0,0.0,0.0
2009-09-14 00:00:00-04:00,9.730336852164031,9.840658556326487,9.730336852164031,9.825948715209961,4700,0.0,0.0,0.0
2009-09-15 00:00:00-04:00,9.825943546036228,9.899491310119629,9.818589330750656,9.899491310119629,3900,0.0,0.0,0.0
2009-09-16 00:00:00-04:00,9.892140693008987,10.002462387084961,9.870076634755298,10.002462387084961,9500,0.0,0.0,0.0
2009-09-17 00:00:00-04:00,10.024526289837803,10.024526289837803,9.892140539561714,9.914204597473145,18500,0.0,0.0,0.0
2009-09-18 00:00:00-04:00,9.962133407592773,9.962133407592773,9.755663818597734,9.962133407592773,9000,0.035,0.0,0.0
2009-09-21 00:00:00-04:00,9.881021621121198,9.940012740399624,9.844152698994392,9.925265312194824,6400,0.0,0.0,0.0
2009-09-22 00:00:00-04:00,9.932638045313466,9.99162915667743,9.917889915857716,9.97688102722168,14500,0.0,0.0,0.0
2009-09-23 00:00:00-04:00,9.925264933397534,10.035873102015822,9.888395309448242,9.888395309448242,6800,0.0,0.0,0.0
2009-09-24 00:00:00-04:00,9.917889969320079,9.917889969320079,9.733542569506584,9.777786254882812,26000,0.0,0.0,0.0
2009-09-25 00:00:00-04:00,9.777784972966485,9.777784972966485,9.69667167761601,9.718793869018555,8300,0.0,0.0,0.0
2009-09-28 00:00:00-04:00,9.785161206265728,9.895769374884017,9.785161206265728,9.888395309448242,10700,0.0,0.0,0.0
2009-09-29 00:00:00-04:00,9.917892389027624,9.991631648235291,9.910518322460918,9.940013885498047,13800,0.0,0.0,0.0
2009-09-30 00:00:00-04:00,9.81466047955976,9.910520553588867,9.785164909882377,9.910520553588867,16700,0.0,0.0,0.0
2009-10-01 00:00:00-04:00,9.888392662892993,9.888392662892993,9.704045295715332,9.704045295715332,8500,0.0,0.0,0.0
2009-10-02 00:00:00-04:00,9.60818928073179,9.60818928073179,9.549198150634766,9.549198150634766,2700,0.0,0.0,0.0
2009-10-05 00:00:00-04:00,9.622933593770556,9.726167678833008,9.578689912151319,9.726167678833008,23500,0.0,0.0,0.0
2009-10-06 00:00:00-04:00,9.814660330627119,9.858903332856901,9.807286262512207,9.807286262512207,7000,0.0,0.0,0.0
2009-10-07 00:00:00-04:00,9.80728187603308,9.844151496887207,9.80728187603308,9.844151496887207,8600,0.0,0.0,0.0
2009-10-08 00:00:00-04:00,9.895767919968094,9.991628646850586,9.895767919968094,9.991628646850586,9500,0.0,0.0,0.0
2009-10-09 00:00:00-04:00,9.976882294230426,10.035873413085938,9.969508931795694,10.035873413085938,4800,0.0,0.0,0.0
2009-10-12 00:00:00-04:00,10.139107385959877,10.139107385959877,10.065368141861077,10.080116271972656,3500,0.0,0.0,0.0
2009-10-13 00:00:00-04:00,10.080115378832744,10.080115378832744,10.006376141267545,10.05799388885498,9100,0.0,0.0,0.0
2009-10-14 00:00:00-04:00,10.15385456424649,10.168601989746094,10.102236816924172,10.168601989746094,13900,0.0,0.0,0.0
2009-10-15 00:00:00-04:00,10.124362361270569,10.161231994628906,10.094866795229851,10.161231994628906,14100,0.0,0.0,0.0
2009-10-16 00:00:00-04:00,10.139110005075109,10.139110005075109,10.028501813584365,10.087492942810059,7100,0.0,0.0,0.0
2009-10-19 00:00:00-04:00,10.109613659599612,10.198100346603477,10.109613659599612,10.190726280212402,1200,0.0,0.0,0.0
2009-10-20 00:00:00-04:00,10.109612720796633,10.109612720796633,10.057995667311747,10.102238655090332,6000,0.0,0.0,0.0
2009-10-21 00:00:00-04:00,10.146480482086996,10.183350100615566,9.991628646850586,9.991628646850586,12600,0.0,0.0,0.0
2009-10-22 00:00:00-04:00,9.954761109452765,10.094864845275879,9.932639615002723,10.094864845275879,6600,0.0,0.0,0.0
2009-10-23 00:00:00-04:00,10.109612475285042,10.109612475285042,9.925265056482054,9.932639122009277,6400,0.0,0.0,0.0
2009-10-26 00:00:00-04:00,9.954764405025907,10.05062518368411,9.844156192928676,9.866277694702148,8500,0.0,0.0,0.0
2009-10-27 00:00:00-04:00,9.84415220312946,9.851525565245646,9.151005531678397,9.755664825439453,29100,0.0,0.0,0.0
2009-10-28 00:00:00-04:00,9.637683515662314,9.637683515662314,9.423840522766113,9.423840522766113,38100,0.0,0.0,0.0
2009-10-29 00:00:00-04:00,9.460709371458858,9.62293529510498,9.460709371458858,9.62293529510498,7500,0.0,0.0,0.0
2009-10-30 00:00:00-04:00,9.593442538871994,9.61556403843982,9.401721000671387,9.401721000671387,11100,0.0,0.0,0.0
2009-11-02 00:00:00-05:00,9.43859030727202,9.504955506897872,9.37959917498899,9.4312162399292,23100,0.0,0.0,0.0
2009-11-03 00:00:00-05:00,9.45333657625119,9.519701767716114,9.45333657625119,9.50495433807373,9000,0.0,0.0,0.0
2009-11-04 00:00:00-05:00,9.60081445329526,9.622935947901896,9.475458145141602,9.475458145141602,12400,0.0,0.0,0.0
2009-11-05 00:00:00-05:00,9.50495111851997,9.645054817199707,9.50495111851997,9.645054817199707,3700,0.0,0.0,0.0
2009-11-06 00:00:00-05:00,9.637679743535358,9.66717529296875,9.630306383599036,9.66717529296875,1700,0.0,0.0,0.0
2009-11-09 00:00:00-05:00,9.82202803862483,9.873645782470703,9.82202803862483,9.873645782470703,16400,0.0,0.0,0.0
2009-11-10 00:00:00-05:00,9.88101978236792,9.910515336518323,9.844150867102028,9.903141975402832,130700,0.0,0.0,0.0
2009-11-11 00:00:00-05:00,9.999005714801996,9.999005714801996,9.917892389027624,9.940013885498047,16700,0.0,0.0,0.0
2009-11-12 00:00:00-05:00,9.932641242091444,9.932641242091444,9.851527910437877,9.858901977539062,2200,0.0,0.0,0.0
2009-11-13 00:00:00-05:00,9.903143818272817,9.940012740399624,9.873648258633605,9.925265312194824,12600,0.0,0.0,0.0
2009-11-16 00:00:00-05:00,10.065368141861077,10.116985894022056,10.065368141861077,10.080116271972656,17300,0.0,0.0,0.0
2009-11-17 00:00:00-05:00,10.057994463921315,10.116985576054498,10.035872269449225,10.109611511230469,9800,0.0,0.0,0.0
2009-11-18 00:00:00-05:00,10.028500050651203,10.080117103842374,10.021125984986863,10.035873413085938,4800,0.0,0.0,0.0
2009-11-19 00:00:00-05:00,9.954759019358665,9.954759019358665,9.851524228217517,9.903141975402832,13300,0.0,0.0,0.0
2009-11-20 00:00:00-05:00,9.903144073795055,9.917891502380371,9.873648513394794,9.917891502380371,8500,0.0,0.0,0.0
2009-11-23 00:00:00-05:00,10.043244419459029,10.087488096738317,10.021122932434082,10.021122932434082,8600,0.0,0.0,0.0
2009-11-24 00:00:00-05:00,9.99900214342076,10.028497695922852,9.954758463052904,10.028497695922852,7800,0.0,0.0,0.0
2009-11-25 00:00:00-05:00,10.028499223041225,10.087490337028447,10.028499223041225,10.080116271972656,3200,0.0,0.0,0.0
2009-11-27 00:00:00-05:00,9.881022759423791,9.940013885498047,9.785162706975397,9.940013885498047,2700,0.0,0.0,0.0
2009-11-30 00:00:00-05:00,9.903143059537767,9.903143059537767,9.792534191942874,9.85152530670166,5900,0.0,0.0,0.0
2009-12-01 00:00:00-05:00,9.910515851129839,10.013750647631538,9.910515851129839,9.97688102722168,10200,0.0,0.0,0.0
2009-12-02 00:00:00-05:00,10.021125984986863,10.080117103842374,10.021125984986863,10.035873413085938,9500,0.0,0.0,0.0
2009-12-03 00:00:00-05:00,10.043247809888888,10.043247809888888,9.917891502380371,9.917891502380371,5400,0.0,0.0,0.0
2009-12-04 00:00:00-05:00,10.11698551052973,10.124358872076478,9.925264045723843,10.043246269226074,7700,0.0,0.0,0.0
2009-12-07 00:00:00-05:00,9.999003982151615,10.080116590640914,9.586065467957068,10.050621032714844,9500,0.0,0.0,0.0
2009-12-08 00:00:00-05:00,9.95475985292631,9.95475985292631,9.932638361268522,9.947385787963867,2600,0.0,0.0,0.0
2009-12-09 00:00:00-05:00,9.962135184885671,10.006378173828125,9.888395932342076,10.006378173828125,1700,0.0,0.0,0.0
2009-12-10 00:00:00-05:00,10.043244419459029,10.050618482877143,10.021122932434082,10.021122932434082,5200,0.0,0.0,0.0
2009-12-11 00:00:00-05:00,10.057996550711302,10.131735104561978,10.057996550711302,10.124361038208008,4100,0.0,0.0,0.0
2009-12-14 00:00:00-05:00,10.175977262341483,10.249715805053711,10.161229131861298,10.249715805053711,7000,0.0,0.0,0.0
2009-12-15 00:00:00-05:00,10.212845043670445,10.27183614849442,10.19809691584973,10.227592468261719,6700,0.0,0.0,0.0
2009-12-16 00:00:00-05:00,10.271842189233508,10.33820739699637,10.271842189233508,10.286589622497559,67400,0.0,0.0,0.0
2009-12-17 00:00:00-05:00,10.234966532172075,10.257088020673706,10.190722851939373,10.227592468261719,9900,0.0,0.0,0.0
2009-12-18 00:00:00-05:00,10.2678363998302,10.275287830607361,10.170969931549743,10.238031387329102,7500,0.144,0.0,0.0
2009-12-21 00:00:00-05:00,10.319988783890793,10.387049484090475,10.319988783890793,10.357244491577148,11000,0.0,0.0,0.0
2009-12-22 00:00:00-05:00,10.387053509007245,10.439212799072266,10.387053509007245,10.439212799072266,12300,0.0,0.0,0.0
2009-12-23 00:00:00-05:00,10.416857344013106,10.498821628942066,10.416857344013106,10.49137020111084,4000,0.0,0.0,0.0
2009-12-24 00:00:00-05:00,10.5286226272583,10.5286226272583,10.5286226272583,10.5286226272583,800,0.0,0.0,0.0
2009-12-28 00:00:00-05:00,10.57333321535779,10.580784642794313,10.513723217080084,10.536077499389648,4700,0.0,0.0,0.0
2009-12-29 00:00:00-05:00,10.57333587583552,10.57333587583552,10.521177291870117,10.521177291870117,5900,0.0,0.0,0.0
2009-12-30 00:00:00-05:00,10.483919757840658,10.506274043433665,10.364699743773965,10.476469039916992,87500,0.0,0.0,0.0
2009-12-31 00:00:00-05:00,10.528623731484092,10.528623731484092,10.357244491577148,10.357244491577148,27800,0.0,0.0,0.0
2010-01-04 00:00:00-05:00,10.528626042617763,10.550979614257812,10.469016044506144,10.550979614257812,7500,0.0,0.0,0.0
2010-01-05 00:00:00-05:00,10.56588515713147,10.57333587583552,10.506275143854607,10.521177291870117,23100,0.0,0.0,0.0
2010-01-06 00:00:00-05:00,10.550977121456047,11.080016262659903,10.543525695800781,10.543525695800781,31600,0.0,0.0,0.0
2010-01-07 00:00:00-05:00,10.528624328117559,10.580782890319824,10.521172901915202,10.580782890319824,10400,0.0,0.0,0.0
2010-01-08 00:00:00-05:00,10.543525695800781,10.550977121456047,10.543525695800781,10.543525695800781,5300,0.0,0.0,0.0
2010-01-11 00:00:00-05:00,10.61058887269241,10.640393869670477,10.580783875714344,10.632943153381348,5200,0.0,0.0,0.0
2010-01-12 00:00:00-05:00,10.595687685111631,10.595687685111631,10.483918403408238,10.498821258544922,4800,0.0,0.0,0.0
2010-01-13 00:00:00-05:00,10.543530624856452,10.655299930115936,10.52862847718629,10.640397071838379,6100,0.0,0.0,0.0
2010-01-14 00:00:00-05:00,10.610588635030965,10.700003623962402,10.610588635030965,10.700003623962402,5200,0.0,0.0,0.0
2010-01-15 00:00:00-05:00,10.55843107109198,10.55843107109198,10.521174644516606,10.536077499389648,2400,0.0,0.0,0.0
2010-01-19 00:00:00-05:00,10.588237132263664,10.72981071472168,10.588237132263664,10.72981071472168,5600,0.0,0.0,0.0
2010-01-20 00:00:00-05:00,10.647843934082424,10.662746785968098,10.528623961425389,10.588233947753906,8800,0.0,0.0,0.0
2010-01-21 00:00:00-05:00,10.513722256107643,10.513722256107643,10.40195369720459,10.40195369720459,16400,0.0,0.0,0.0
2010-01-22 00:00:00-05:00,10.312537563955463,10.372147550171974,10.156061172485352,10.156061172485352,9900,0.0,0.0,0.0
2010-01-25 00:00:00-05:00,10.223122748909887,10.245476316448514,10.178414903225534,10.20076847076416,5400,0.0,0.0,0.0
2010-01-26 00:00:00-05:00,10.200767542355432,10.25292680934116,10.18586540222168,10.18586540222168,7300,0.0,0.0,0.0
2010-01-27 00:00:00-05:00,10.148609746556517,10.156061172485352,10.059194767231752,10.156061172485352,5800,0.0,0.0,0.0
2010-01-28 00:00:00-05:00,10.089002821416106,10.133710679946718,10.044294962885491,10.10390567779541,6000,0.0,0.0,0.0
2010-01-29 00:00:00-05:00,10.096450995880698,10.178414547731045,9.969779599907476,9.9772310256958,17500,0.0,0.0,0.0
2010-02-01 00:00:00-05:00,9.999584567355415,10.148609529712493,9.999584567355415,10.141158103942871,16700,0.0,0.0,0.0
2010-02-02 00:00:00-05:00,10.17841434835451,10.342342159451233,10.17841434835451,10.327439308166504,7600,0.0,0.0,0.0
2010-02-03 00:00:00-05:00,10.297635690700211,10.297635690700211,10.252928552092776,10.29018497467041,17600,0.0,0.0,0.0
2010-02-04 00:00:00-05:00,10.223124126487628,10.223124126487628,9.962329864501953,9.962329864501953,3900,0.0,0.0,0.0
2010-02-05 00:00:00-05:00,9.91761965845512,9.91761965845512,9.716435453850416,9.865460395812988,12600,0.0,0.0,0.0
2010-02-08 00:00:00-05:00,9.880363245312733,9.969778210490277,9.865460395812988,9.865460395812988,2000,0.0,0.0,0.0
2010-02-09 00:00:00-05:00,9.932524866898492,10.007037716210741,9.895268442242369,9.962329864501953,2800,0.0,0.0,0.0
2010-02-10 00:00:00-05:00,9.954877853393555,9.999585702479319,9.89526786168397,9.954877853393555,8500,0.0,0.0,0.0
2010-02-11 00:00:00-05:00,9.92507041604977,10.08899820822976,9.92507041604977,10.081546783447266,38000,0.0,0.0,0.0
2010-02-12 00:00:00-05:00,9.93997705609735,10.066648483276367,9.925074200849348,10.066648483276367,7900,0.0,0.0,0.0
2010-02-16 00:00:00-05:00,10.141161320213335,10.26783275604248,10.141161320213335,10.26783275604248,7700,0.0,0.0,0.0
2010-02-17 00:00:00-05:00,10.342342159451233,10.349793585093598,10.3199885931312,10.327439308166504,4200,0.0,0.0,0.0
2010-02-18 00:00:00-05:00,10.33488984493344,10.454109802529254,10.33488984493344,10.446659088134766,6900,0.0,0.0,0.0
2010-02-19 00:00:00-05:00,10.44666345506685,10.498822030666686,10.424309170717809,10.469017028808594,7200,0.0,0.0,0.0
2010-02-22 00:00:00-05:00,10.513720715106142,10.513720715106142,10.461562156677246,10.461562156677246,13400,0.0,0.0,0.0
2010-02-23 00:00:00-05:00,10.424309399819514,10.439212256379736,10.319992246327198,10.349797248840332,5100,0.0,0.0,0.0
2010-02-24 00:00:00-05:00,10.327439308166504,10.342342159451233,10.327439308166504,10.327439308166504,4200,0.0,0.0,0.0
2010-02-25 00:00:00-05:00,10.267831434440586,10.41685642487953,10.238026436352797,10.409405708312988,10300,0.0,0.0,0.0
2010-02-26 00:00:00-05:00,10.401956366342208,10.439212799072266,10.387053509007245,10.439212799072266,10700,0.0,0.0,0.0
2010-03-01 00:00:00-05:00,10.469016044506144,10.565882469089333,10.469016044506144,10.550979614257812,41600,0.0,0.0,0.0
2010-03-02 00:00:00-05:00,10.618040299588722,10.640393869670477,10.618040299588722,10.632943153381348,2700,0.0,0.0,0.0
2010-03-03 00:00:00-05:00,10.647845451822398,10.67765044923505,10.595686884002054,10.610589027404785,9800,0.0,0.0,0.0
2010-03-04 00:00:00-05:00,10.618039715786331,10.62549114227295,10.618039715786331,10.62549114227295,1800,0.0,0.0,0.0
2010-03-05 00:00:00-05:00,10.722356985917232,10.767064121250773,10.722356985917232,10.752161979675293,2000,0.0,0.0,0.0
2010-03-08 00:00:00-05:00,10.796870417684936,10.826675415039062,10.789418990694607,10.826675415039062,5900,0.0,0.0,0.0
2010-03-09 00:00:00-05:00,10.834130868519166,10.878838736469568,10.811777289847692,10.841582298278809,6700,0.0,0.0,0.0
2010-03-10 00:00:00-05:00,10.841573547933955,10.893732092938851,10.841573547933955,10.878829956054688,2300,0.0,0.0,0.0
2010-03-11 00:00:00-05:00,10.841576778166566,10.938443183898926,10.811771784911,10.938443183898926,9500,0.0,0.0,0.0
2010-03-12 00:00:00-05:00,10.97570114806225,10.97570114806225,10.893737577417387,10.94589614868164,8100,0.0,0.0,0.0
2010-03-15 00:00:00-04:00,10.938442036944316,10.938442036944316,10.86392920631493,10.908637046813965,10500,0.0,0.0,0.0
2010-03-16 00:00:00-04:00,10.945897883342905,11.035313606262207,10.945897883342905,11.035313606262207,3800,0.0,0.0,0.0
2010-03-17 00:00:00-04:00,11.057665211226954,11.169433779048045,11.057665211226954,11.132177352905273,9900,0.0,0.0,0.0
2010-03-18 00:00:00-04:00,11.117273330688477,11.124724756779651,11.087468336930884,11.117273330688477,6500,0.0,0.0,0.0
2010-03-19 00:00:00-04:00,11.020408630371094,11.04276220150005,11.020408630371094,11.020408630371094,1900,0.0,0.0,0.0
2010-03-22 00:00:00-04:00,10.97570056711908,11.16198198103983,10.97570056711908,11.139628410339355,9600,0.0,0.0,0.0
2010-03-23 00:00:00-04:00,11.184338569641113,11.191789998280878,11.132179279770112,11.184338569641113,3300,0.0,0.0,0.0
2010-03-24 00:00:00-04:00,11.191788861362932,11.199239578638469,11.154532432556152,11.154532432556152,4300,0.0,0.0,0.0
2010-03-25 00:00:00-04:00,11.184338569641113,11.229045720265004,11.14708213704964,11.184338569641113,9200,0.0,0.0,0.0
2010-03-26 00:00:00-04:00,11.117274866968422,11.132177010602973,11.042762016974068,11.05766487121582,11100,0.0,0.0,0.0
2010-03-29 00:00:00-04:00,11.132176983236798,11.147079837441915,11.132176983236798,11.139628410339355,800,0.0,0.0,0.0
2010-03-30 00:00:00-04:00,11.17688600559731,11.191788861362932,11.124727431632184,11.154532432556152,2900,0.0,0.0,0.0
2010-03-31 00:00:00-04:00,11.117277189896326,11.16943576942646,11.035313606262207,11.035313606262207,28500,0.0,0.0,0.0
2010-04-01 00:00:00-04:00,11.214142799377441,11.229044945020792,11.184337797483446,11.214142799377441,13700,0.0,0.0,0.0
2010-04-05 00:00:00-04:00,11.25885066820775,11.340814961622716,11.25885066820775,11.33336353302002,7900,0.0,0.0,0.0
2010-04-06 00:00:00-04:00,11.296105962883008,11.392972393139747,11.296105962883008,11.37061882019043,6700,0.0,0.0,0.0
2010-04-07 00:00:00-04:00,11.363165851514166,11.370617278355963,11.281202288075926,11.296104431152344,7300,0.0,0.0,0.0
2010-04-08 00:00:00-04:00,11.236491202591107,11.34825973061065,11.221589063805087,11.31845474243164,5300,0.0,0.0,0.0
2010-04-09 00:00:00-04:00,11.37806681430433,11.430225372314453,11.34826111189048,11.430225372314453,4700,0.0,0.0,0.0
2010-04-12 00:00:00-04:00,11.430225372314453,11.467481789724708,11.430225372314453,11.430225372314453,4700,0.0,0.0,0.0
2010-04-13 00:00:00-04:00,11.452580821359751,11.452580821359751,11.363165831239254,11.44512939453125,13200,0.0,0.0,0.0
2010-04-14 00:00:00-04:00,11.460034541752925,11.556900978088379,11.460034541752925,11.556900978088379,3200,0.0,0.0,0.0
2010-04-15 00:00:00-04:00,11.57925341008943,11.609058409820902,11.57180198250475,11.594156265258789,5300,0.0,0.0,0.0
2010-04-16 00:00:00-04:00,11.586702914889175,11.59415434123731,11.407872946176735,11.460031509399414,5800,0.0,0.0,0.0
2010-04-19 00:00:00-04:00,11.40042302074385,11.437679446782361,11.30355659728661,11.415325164794922,8900,0.0,0.0,0.0
2010-04-20 00:00:00-04:00,11.482386404457047,11.51964282989502,11.482386404457047,11.51964282989502,5600,0.0,0.0,0.0
2010-04-21 00:00:00-04:00,11.556900207141078,11.594156635647431,11.534545923672907,11.586705207824707,6000,0.0,0.0,0.0
2010-04-22 00:00:00-04:00,11.527096144884768,11.661218303576417,11.527096144884768,11.653767585754395,5300,0.0,0.0,0.0
2010-04-23 00:00:00-04:00,11.772985982211319,11.884754550880674,11.750632410598895,11.877303123474121,6800,0.0,0.0,0.0
2010-04-26 00:00:00-04:00,11.92946317931751,11.936914607207898,11.847498893737793,11.847498893737793,12900,0.0,0.0,0.0
2010-04-27 00:00:00-04:00,11.832596796312176,11.832596796312176,11.631412506103516,11.631412506103516,8700,0.0,0.0,0.0
2010-04-28 00:00:00-04:00,11.65376604997555,11.65376604997555,11.549448197534058,11.579253196716309,21000,0.0,0.0,0.0
2010-04-29 00:00:00-04:00,11.691021181763405,11.772985458374023,11.691021181763405,11.772985458374023,7000,0.0,0.0,0.0
2010-04-30 00:00:00-04:00,11.765534432080722,11.765534432080722,11.482386589050293,11.482386589050293,12800,0.0,0.0,0.0
2010-05-03 00:00:00-04:00,11.53454381754039,11.653764509113248,11.519641675223246,11.638861656188965,8100,0.0,0.0,0.0
2010-05-04 00:00:00-04:00,11.497288132454441,11.497288132454441,11.311006734122294,11.340811729431152,12600,0.0,0.0,0.0
2010-05-05 00:00:00-04:00,11.258845914936222,11.378066590424613,11.176882366732055,11.266297340393066,16300,0.0,0.0,0.0
2010-05-06 00:00:00-04:00,11.281206263121726,11.281206263121726,8.866997832461543,10.930996894836426,86100,0.0,0.0,0.0
2010-05-07 00:00:00-04:00,10.878832018698722,10.960795563619248,10.670196377907722,10.774514198303223,7600,0.0,0.0,0.0
2010-05-10 00:00:00-04:00,11.243942627287602,11.31845474243164,11.199234789715602,11.31845474243164,7700,0.0,0.0,0.0
2010-05-11 00:00:00-04:00,11.169432446418002,11.415323834772767,11.169432446418002,11.355713844299316,3200,0.0,0.0,0.0
2010-05-12 00:00:00-04:00,11.40042283697928,11.53454497370588,11.40042283697928,11.51964282989502,7000,0.0,0.0,0.0
2010-05-13 00:00:00-04:00,11.460033018162578,11.489838016871943,11.415325164794922,11.415325164794922,3300,0.0,0.0,0.0
2010-05-14 00:00:00-04:00,11.31100768066219,11.31100768066219,11.080018414733292,11.139628410339355,11800,0.0,0.0,0.0
2010-05-17 00:00:00-04:00,11.20669174194336,11.20669174194336,10.96080029053255,11.20669174194336,9400,0.0,0.0,0.0
2010-05-18 00:00:00-04:00,11.318454093537435,11.333356942076035,11.01295280456543,11.01295280456543,6700,0.0,0.0,0.0
2010-05-19 00:00:00-04:00,10.90863819064336,10.938443183898926,10.819223210876665,10.938443183898926,14300,0.0,0.0,0.0
2010-05-20 00:00:00-04:00,10.640392886509744,10.662747165133169,10.431757926940918,10.431757926940918,44200,0.0,0.0,0.0
2010-05-21 00:00:00-04:00,10.364698765489868,10.62549305460089,10.364698765489868,10.558431625366211,4300,0.0,0.0,0.0
2010-05-24 00:00:00-04:00,10.55097964365546,10.677651067647394,10.536077499389648,10.536077499389648,3800,0.0,0.0,0.0
2010-05-25 00:00:00-04:00,10.252930195369725,10.498821628942066,10.200770911158402,10.49137020111084,13400,0.0,0.0,0.0
2010-05-26 00:00:00-04:00,10.506269062869482,10.69255042419265,10.491366212872268,10.5286226272583,25100,0.0,0.0,0.0
2010-05-27 00:00:00-04:00,10.75961399334048,10.826675415039062,10.714906852612884,10.826675415039062,12300,0.0,0.0,0.0
2010-05-28 00:00:00-04:00,10.834128600291585,10.871385030682358,10.75961573951004,10.781970024108887,6100,0.0,0.0,0.0
2010-06-01 00:00:00-04:00,10.655298233032227,10.819226094939353,10.655298233032227,10.655298233032227,22600,0.0,0.0,0.0
2010-06-02 00:00:00-04:00,10.618037245173435,10.767062187194824,10.61058582042062,10.767062187194824,1100,0.0,0.0,0.0
2010-06-03 00:00:00-04:00,10.767062810739532,10.923539186575633,10.767062810739532,10.908637046813965,64500,0.0,0.0,0.0
2010-06-04 00:00:00-04:00,10.558432621936008,10.767067646552722,10.476469039916992,10.476469039916992,41300,0.0,0.0,0.0
2010-06-07 00:00:00-04:00,10.513720685583262,10.521172111225626,10.327439308166504,10.327439308166504,54000,0.0,0.0,0.0
2010-06-08 00:00:00-04:00,10.342344284963662,10.409405708312988,10.275282861614334,10.409405708312988,11900,0.0,0.0,0.0
2010-06-09 00:00:00-04:00,10.491369275402606,10.603137840580013,10.40195428113924,10.409405708312988,19800,0.0,0.0,0.0
2010-06-10 00:00:00-04:00,10.640395708336516,10.72981071472168,10.640395708336516,10.72981071472168,5500,0.0,0.0,0.0
2010-06-11 00:00:00-04:00,10.737261218198544,10.737261218198544,10.7149076461792,10.7149076461792,2200,0.0,0.0,0.0
2010-06-14 00:00:00-04:00,10.901188266286512,10.968249688000835,10.878834695917467,10.893736839294434,9400,0.0,0.0,0.0
2010-06-15 00:00:00-04:00,10.953347178008856,11.102372169494629,10.945895750782764,11.102372169494629,3400,0.0,0.0,0.0
2010-06-16 00:00:00-04:00,11.065117222622257,11.147080795976823,11.050214367135649,11.0725679397583,3300,0.0,0.0,0.0
2010-06-17 00:00:00-04:00,11.03530996325833,11.147078514099121,11.03530996325833,11.147078514099121,50500,0.0,0.0,0.0
2010-06-18 00:00:00-04:00,11.24571434225258,11.24571434225258,11.118686284316754,11.14110279083252,87100,0.042,0.0,0.0
2010-06-21 00:00:00-04:00,11.283075067746934,11.305491573083033,11.051435470581055,11.051435470581055,10800,0.0,0.0,0.0
2010-06-22 00:00:00-04:00,11.051433104073245,11.096266817752797,10.84221076965332,10.84221076965332,8700,0.0,0.0,0.0
2010-06-23 00:00:00-04:00,10.789908040659434,10.827269361692817,10.774963939810839,10.797380447387695,13200,0.0,0.0,0.0
2010-06-24 00:00:00-04:00,10.722656388810398,10.767489395061956,10.61804485321045,10.61804485321045,5800,0.0,0.0,0.0
2010-06-25 00:00:00-04:00,10.61056976554738,10.64045866636158,10.565736770629883,10.565736770629883,6900,0.0,0.0,0.0
2010-06-28 00:00:00-04:00,10.655405245520155,10.745071962878148,10.625516339734157,10.685294151306152,4700,0.0,0.0,0.0
2010-06-29 00:00:00-04:00,10.468600779157978,10.468600779157978,10.236961194481276,10.274322509765625,128000,0.0,0.0,0.0
2010-06-30 00:00:00-04:00,10.304211414650302,10.356516828459226,10.19212818145752,10.19212818145752,8700,0.0,0.0,0.0
2010-07-01 00:00:00-04:00,10.18466129252918,10.18466129252918,9.915660959594485,10.109938621520996,40700,0.0,0.0,0.0
2010-07-02 00:00:00-04:00,10.00532243418196,10.02026653289795,10.00532243418196,10.02026653289795,3700,0.0,0.0,0.0
2010-07-06 00:00:00-04:00,10.11740781233163,10.19213045956711,9.967963230468648,10.035213470458984,10600,0.0,0.0,0.0
2010-07-07 00:00:00-04:00,10.132350944736157,10.36398983001709,10.10246203332546,10.36398983001709,21300,0.0,0.0,0.0
2010-07-08 00:00:00-04:00,10.491019617934686,10.491019617934686,10.386408054380041,10.48354721069336,9900,0.0,0.0,0.0
2010-07-09 00:00:00-04:00,10.513439539848452,10.573217391967773,10.491023023455758,10.573217391967773,3100,0.0,0.0,0.0
2010-07-12 00:00:00-04:00,10.580686404315388,10.588158811583062,10.468603145732175,10.535853385925293,7600,0.0,0.0,0.0
2010-07-13 00:00:00-04:00,10.655409024267154,10.707714449789886,10.655409024267154,10.700242042541504,14100,0.0,0.0,0.0
2010-07-14 00:00:00-04:00,10.722659264286655,10.76001987531262,10.647936617018772,10.700242042541504,16200,0.0,0.0,0.0
2010-07-15 00:00:00-04:00,10.677823066711426,10.677823066711426,10.558267428787842,10.677823066711426,3700,0.0,0.0,0.0
2010-07-16 00:00:00-04:00,10.580685213655402,10.62551893960827,10.37146282196045,10.37146282196045,7200,0.0,0.0,0.0
2010-07-19 00:00:00-04:00,10.393881246852047,10.438714981079102,10.341575817427172,10.438714981079102,6500,0.0,0.0,0.0
2010-07-20 00:00:00-04:00,10.296741677188663,10.565742646727944,10.289269982285463,10.543325424194336,13800,0.0,0.0,0.0
2010-07-21 00:00:00-04:00,10.58815527789221,10.58815527789221,10.393877029418945,10.393877029418945,11400,0.0,0.0,0.0
2010-07-22 00:00:00-04:00,10.535850919471923,10.647934151816338,10.535850919471923,10.59562873840332,7800,0.0,0.0,0.0
2010-07-23 00:00:00-04:00,10.588158031037745,10.745075009051314,10.588158031037745,10.730130195617676,11900,0.0,0.0,0.0
2010-07-26 00:00:00-04:00,10.774960555437847,10.84968317403453,10.774960555437847,10.84221076965332,2900,0.0,0.0,0.0
2010-07-27 00:00:00-04:00,10.864627250559113,10.87957205929453,10.834738345695985,10.857154846191406,5100,0.0,0.0,0.0
2010-07-28 00:00:00-04:00,10.797377941896128,10.81979444427132,10.707711219787598,10.707711219787598,6000,0.0,0.0,0.0
2010-07-29 00:00:00-04:00,10.677823039252436,10.677823039252436,10.565739807139261,10.610572814941406,1600,0.0,0.0,0.0
2010-07-30 00:00:00-04:00,10.535850897735227,10.610572814941406,10.528378492232266,10.610572814941406,2000,0.0,0.0,0.0
2010-08-02 00:00:00-04:00,10.745072951464568,10.767489454714537,10.707711637642761,10.752545356750488,15400,0.0,0.0,0.0
2010-08-03 00:00:00-04:00,10.70771043070431,10.70771043070431,10.67034912109375,10.67034912109375,3600,0.0,0.0,0.0
2010-08-04 00:00:00-04:00,10.640461757036084,10.760017395019531,10.640461757036084,10.760017395019531,66000,0.0,0.0,0.0
2010-08-05 00:00:00-04:00,10.677822729106873,10.752545356750488,10.677822729106873,10.752545356750488,9900,0.0,0.0,0.0
2010-08-06 00:00:00-04:00,10.707711219787598,10.707711219787598,10.595627995303875,10.707711219787598,8300,0.0,0.0,0.0
2010-08-09 00:00:00-04:00,10.774961860000456,10.774961860000456,10.73012814089273,10.752545356750488,8200,0.0,0.0,0.0
2010-08-10 00:00:00-04:00,10.632990319024273,10.685296449857317,10.588157307004955,10.662879943847656,11600,0.0,0.0,0.0
2010-08-11 00:00:00-04:00,10.498491278308416,10.498491278308416,10.34904670715332,10.34904670715332,4400,0.0,0.0,0.0
2010-08-12 00:00:00-04:00,10.177185818073056,10.296741485595703,10.169713410700894,10.296741485595703,3200,0.0,0.0,0.0
2010-08-13 00:00:00-04:00,10.289268469972503,10.356517989865011,10.289268469972503,10.30421257019043,39400,0.0,0.0,0.0
2010-08-16 00:00:00-04:00,10.259377917027953,10.334100549187472,10.259377917027953,10.289267539978027,13200,0.0,0.0,0.0
2010-08-17 00:00:00-04:00,10.36398701023523,10.483542623349923,10.36398701023523,10.43123722076416,19700,0.0,0.0,0.0
2010-08-18 00:00:00-04:00,10.371463952505364,10.498492025176013,10.371463952505364,10.48354721069336,13000,0.0,0.0,0.0
2010-08-19 00:00:00-04:00,10.37893560462928,10.408824518812049,10.236962727805185,10.2817964553833,4600,0.0,0.0,0.0
2010-08-20 00:00:00-04:00,10.222016899318822,10.259377501276745,10.184655584753093,10.244433403015137,4300,0.0,0.0,0.0
2010-08-23 00:00:00-04:00,10.259377698608759,10.296739013893106,10.24443360005971,10.274322509765625,7200,0.0,0.0,0.0
2010-08-24 00:00:00-04:00,10.080044919179713,10.08751732526135,10.042683601379395,10.042683601379395,4700,0.0,0.0,0.0
2010-08-25 00:00:00-04:00,9.938073364001736,10.117406845092773,9.930600957470967,10.117406845092773,34500,0.0,0.0,0.0
2010-08-26 00:00:00-04:00,10.162238677091837,10.162238677091837,10.102460861206055,10.102460861206055,4500,0.0,0.0,0.0
2010-08-27 00:00:00-04:00,10.03520954838816,10.229487072576372,10.03520954838816,10.222015380859375,3500,0.0,0.0,0.0
2010-08-30 00:00:00-04:00,10.22201820288804,10.22201820288804,10.087517738342285,10.087517738342285,600,0.0,0.0,0.0
2010-08-31 00:00:00-04:00,9.997849494040171,10.065099716186523,9.982904683515297,10.065099716186523,4700,0.0,0.0,0.0
2010-09-01 00:00:00-04:00,10.192130067992766,10.356518745422363,10.192130067992766,10.356518745422363,2600,0.0,0.0,0.0
2010-09-02 00:00:00-04:00,10.416292412820992,10.438709624735745,10.408820721457072,10.43123722076416,20500,0.0,0.0,0.0
2010-09-03 00:00:00-04:00,10.5582674016363,10.618045220444367,10.5582674016363,10.610572814941406,5400,0.0,0.0,0.0
2010-09-07 00:00:00-04:00,10.580689094045733,10.580689094045733,10.505967140197754,10.505967140197754,3600,0.0,0.0,0.0
2010-09-08 00:00:00-04:00,10.513432922534896,10.558266639709473,10.513432922534896,10.558266639709473,3000,0.0,0.0,0.0
2010-09-09 00:00:00-04:00,10.603103078758272,10.610575486142404,10.580686569213867,10.580686569213867,5400,0.0,0.0,0.0
2010-09-10 00:00:00-04:00,10.565739807139261,10.63298931884248,10.565739807139261,10.610572814941406,3500,0.0,0.0,0.0
2010-09-13 00:00:00-04:00,10.707711981553725,10.760017395019531,10.707711981553725,10.760017395019531,2000,0.0,0.0,0.0
2010-09-14 00:00:00-04:00,10.760017784994787,10.782435002385009,10.737601280212402,10.737601280212402,4400,0.0,0.0,0.0
2010-09-15 00:00:00-04:00,10.685297196895476,10.797380447387695,10.685297196895476,10.797380447387695,9900,0.0,0.0,0.0
2010-09-16 00:00:00-04:00,10.752545920806043,10.774962425231934,10.745073515128137,10.774962425231934,2500,0.0,0.0,0.0
2010-09-17 00:00:00-04:00,10.813149280955985,10.813149280955985,10.745754904134744,10.775708198547363,9800,0.031,0.0,0.0
2010-09-20 00:00:00-04:00,10.81315345349835,10.947943687438965,10.81315345349835,10.947943687438965,5600,0.0,0.0,0.0
2010-09-21 00:00:00-04:00,10.985384333655185,10.985384333655185,10.9179892238308,10.932966232299805,9200,0.0,0.0,0.0
2010-09-22 00:00:00-04:00,10.95542951557366,10.95542951557366,10.843104110021475,10.850592613220215,3900,0.0,0.0,0.0
2010-09-23 00:00:00-04:00,10.73078245922861,10.798177578828042,10.73078245922861,10.753247261047363,1900,0.0,0.0,0.0
2010-09-24 00:00:00-04:00,10.93296739152509,10.947943687438965,10.910501876439556,10.947943687438965,3400,0.0,0.0,0.0
2010-09-27 00:00:00-04:00,10.947945647554809,10.947945647554809,10.903016037625854,10.925480842590332,1500,0.0,0.0,0.0
2010-09-28 00:00:00-04:00,10.91799197702075,10.977898597717285,10.91799197702075,10.977898597717285,1700,0.0,0.0,0.0
2010-09-29 00:00:00-04:00,11.007848531668063,11.037801832828864,10.99287223815918,10.99287223815918,1300,0.0,0.0,0.0
2010-09-30 00:00:00-04:00,11.00785059761889,11.045292409632719,10.970408785605061,11.030315399169922,2400,0.0,0.0,0.0
2010-10-01 00:00:00-04:00,11.120175265507969,11.127663056078966,11.000361332511515,11.052780151367188,2400,0.0,0.0,0.0
2010-10-04 00:00:00-04:00,11.030314442996303,11.030314442996303,10.917989730834961,10.917989730834961,1200,0.0,0.0,0.0
2010-10-05 00:00:00-04:00,11.022830613254834,11.195061995673752,11.022830613254834,11.165108680725098,5200,0.0,0.0,0.0
2010-10-06 00:00:00-04:00,11.157615006093653,11.157615006093653,11.090220614278659,11.12766170501709,6100,0.0,0.0,0.0
2010-10-07 00:00:00-04:00,11.157616712314837,11.157616712314837,11.105198605950841,11.112687110900879,4300,0.0,0.0,0.0
2010-10-08 00:00:00-04:00,11.112688996176155,11.225013732910156,11.112688996176155,11.225013732910156,4100,0.0,0.0,0.0
2010-10-11 00:00:00-04:00,11.239990541641065,11.239990541641065,11.210037231445312,11.210037231445312,3100,0.0,0.0,0.0
2010-10-12 00:00:00-04:00,11.202550210694117,11.284921646118164,11.18757319653883,11.284921646118164,3600,0.0,0.0,0.0
2010-10-13 00:00:00-04:00,11.352312042498323,11.397242352064644,11.352312042498323,11.374776840209961,1800,0.0,0.0,0.0
2010-10-14 00:00:00-04:00,11.254966188929501,11.269943200233064,11.180083274841309,11.180083274841309,12200,0.0,0.0,0.0
2010-10-15 00:00:00-04:00,11.284920149863073,11.284920149863073,11.157618402995308,11.210037231445312,6500,0.0,0.0,0.0
2010-10-18 00:00:00-04:00,11.23999082753623,11.307385955726717,11.23999082753623,11.29240894317627,4600,0.0,0.0,0.0
2010-10-19 00:00:00-04:00,11.225009193648939,11.225009193648939,11.07524270051965,11.105195999145508,4900,0.0,0.0,0.0
2010-10-20 00:00:00-04:00,11.150129311293275,11.28491883439025,11.150129311293275,11.26245403289795,4300,0.0,0.0,0.0
2010-10-21 00:00:00-04:00,11.292405727475488,11.292405727475488,11.232499122619629,11.232499122619629,4500,0.0,0.0,0.0
2010-10-22 00:00:00-04:00,11.284919621574714,11.3373384475708,11.284919621574714,11.3373384475708,30400,0.0,0.0,0.0
2010-10-25 00:00:00-04:00,11.38226618978123,11.472126101446769,11.38226618978123,11.427196502685547,8100,0.0,0.0,0.0
2010-10-26 00:00:00-04:00,11.292408770851832,11.374780196192498,11.262455460351292,11.367292404174805,11300,0.0,0.0,0.0
2010-10-27 00:00:00-04:00,11.225013307623337,11.307385444641113,11.217524801686586,11.307385444641113,8700,0.0,0.0,0.0
2010-10-28 00:00:00-04:00,11.41221807630719,11.41221807630719,11.277428582620873,11.299893379211426,4000,0.0,0.0,0.0
2010-10-29 00:00:00-04:00,11.292404875633572,11.314869672224123,11.269940079043021,11.299893379211426,2300,0.0,0.0,0.0
2010-11-01 00:00:00-04:00,11.389753279716638,11.41221807630719,11.239986778874616,11.299893379211426,11500,0.0,0.0,0.0
2010-11-02 00:00:00-04:00,11.39724465810474,11.419709460361753,11.39724465810474,11.41222095489502,5100,0.0,0.0,0.0
2010-11-03 00:00:00-04:00,11.374777540204303,11.4122193481232,11.3148709331913,11.3822660446167,4400,0.0,0.0,0.0
2010-11-04 00:00:00-04:00,11.517054372084996,11.614402770996094,11.517054372084996,11.614402770996094,3200,0.0,0.0,0.0
2010-11-05 00:00:00-04:00,11.629379380553917,11.69677448272705,11.629379380553917,11.69677448272705,1100,0.0,0.0,0.0
2010-11-08 00:00:00-05:00,11.629384738404832,11.651850258908109,11.584455125684917,11.636873245239258,4900,0.0,0.0,0.0
2010-11-09 00:00:00-05:00,11.64436076728618,11.64436076728618,11.532035316699348,11.547012329101562,23500,0.0,0.0,0.0
2010-11-10 00:00:00-05:00,11.464638361648605,11.53203276008769,11.464638361648605,11.517056465148926,4100,0.0,0.0,0.0
2010-11-11 00:00:00-05:00,11.449665015111556,11.509571642315876,11.427200208445768,11.472129821777344,5300,0.0,0.0,0.0
2010-11-12 00:00:00-05:00,11.412222012853986,11.42719902517588,11.32236208135237,11.367292404174805,10200,0.0,0.0,0.0
2010-11-15 00:00:00-05:00,11.382267047166554,11.457150669600098,11.35980224609375,11.35980224609375,3200,0.0,0.0,0.0
2010-11-16 00:00:00-05:00,11.239986266886394,11.277428068927154,11.142637867237607,11.195055961608887,14200,0.0,0.0,0.0
2010-11-17 00:00:00-05:00,11.172592072699889,11.247475682858232,11.172592072699889,11.217521667480469,3900,0.0,0.0,0.0
2010-11-18 00:00:00-05:00,11.359804797174958,11.397246616800071,11.359804797174958,11.389758110046387,2200,0.0,0.0,0.0
2010-11-19 00:00:00-05:00,11.352312885892717,11.427196502685547,11.314871077496303,11.427196502685547,5100,0.0,0.0,0.0
2010-11-22 00:00:00-05:00,11.359800840739013,11.464637756347656,11.359800840739013,11.464637756347656,1600,0.0,0.0,0.0
2010-11-23 00:00:00-05:00,11.31486772177307,11.35230951906513,11.299891431341976,11.322356224060059,6600,0.0,0.0,0.0
2010-11-24 00:00:00-05:00,11.494592172955794,11.51705697342692,11.487103668084375,11.502079963684082,5700,0.0,0.0,0.0
2010-11-26 00:00:00-05:00,11.479615211486816,11.479615211486816,11.479615211486816,11.479615211486816,300,0.0,0.0,0.0
2010-11-29 00:00:00-05:00,11.307381150067059,11.434682846069336,11.292404143881868,11.434682846069336,15500,0.0,0.0,0.0
2010-11-30 00:00:00-05:00,11.34482688569196,11.389757208514395,11.32236208135237,11.367292404174805,3700,0.0,0.0,0.0
2010-12-01 00:00:00-05:00,11.509570767044847,11.547012584736033,11.494594468454336,11.53952407836914,1800,0.0,0.0,0.0
2010-12-02 00:00:00-05:00,11.591939515169503,11.681800142514339,11.591939515169503,11.674311637878418,8600,0.0,0.0,0.0
2010-12-03 00:00:00-05:00,11.689285979342705,11.69677448272705,11.651844890706954,11.69677448272705,1600,0.0,0.0,0.0
2010-12-06 00:00:00-05:00,11.696776089496336,11.726729393005371,11.689287585083305,11.726729393005371,2900,0.0,0.0,0.0
2010-12-07 00:00:00-05:00,11.74170761150083,11.786637214321635,11.719242095947266,11.719242095947266,14800,0.0,0.0,0.0
2010-12-08 00:00:00-05:00,11.711751937866211,11.764170035277417,11.659333126311989,11.711751937866211,4200,0.0,0.0,0.0
2010-12-09 00:00:00-05:00,11.779149155610229,11.779149155610229,11.696777737887798,11.734219551086426,5400,0.0,0.0,0.0
2010-12-10 00:00:00-05:00,11.771660755845035,11.7941255569458,11.771660755845035,11.7941255569458,3700,0.0,0.0,0.0
2010-12-13 00:00:00-05:00,11.84654431588632,11.84654431588632,11.794126205720053,11.824079513549805,3100,0.0,0.0,0.0
2010-12-14 00:00:00-05:00,11.854031562805176,11.869008572201498,11.854031562805176,11.854031562805176,700,0.0,0.0,0.0
2010-12-15 00:00:00-05:00,11.794126205720053,11.824079513549805,11.794126205720053,11.824079513549805,2700,0.0,0.0,0.0
2010-12-16 00:00:00-05:00,11.816589753457485,11.854031562805176,11.816589753457485,11.854031562805176,1800,0.0,0.0,0.0
2010-12-17 00:00:00-05:00,11.875101760413788,11.890152931213379,11.84500013649393,11.890152931213379,4200,0.078,0.0,0.0
2010-12-20 00:00:00-05:00,11.83747754075131,11.875104759574045,11.83747754075131,11.845003128051758,2800,0.0,0.0,0.0
2010-12-21 00:00:00-05:00,11.882625876198357,11.912727496395318,11.867575424939496,11.90520191192627,2700,0.0,0.0,0.0
2010-12-22 00:00:00-05:00,11.920254189065561,11.935304641723633,11.920254189065561,11.935304641723633,1500,0.0,0.0,0.0
2010-12-23 00:00:00-05:00,11.905203384333646,11.905203384333646,11.890152931213379,11.890152931213379,600,0.0,0.0,0.0
2010-12-27 00:00:00-05:00,11.829952815181322,11.875104904174805,11.829952815181322,11.875104904174805,1100,0.0,0.0,0.0
2010-12-28 00:00:00-05:00,11.882627345813583,11.890152931213379,11.86005130729352,11.890152931213379,3200,0.0,0.0,0.0
2010-12-29 00:00:00-05:00,11.897680714753402,11.920256757444472,11.897680714753402,11.912731170654297,5700,0.0,0.0,0.0
2010-12-30 00:00:00-05:00,11.875101760413788,11.897678516613176,11.875101760413788,11.890152931213379,2700,0.0,0.0,0.0
2010-12-31 00:00:00-05:00,11.8600543039812,11.882630348205566,11.8600543039812,11.882630348205566,2700,0.0,0.0,0.0
2011-01-03 00:00:00-05:00,11.957879644111866,11.995506129080363,11.912726857398793,11.965404510498047,11400,0.0,0.0,0.0
2011-01-04 00:00:00-05:00,11.995511431730113,11.995511431730113,11.867580034462234,11.875104904174805,8000,0.0,0.0,0.0
2011-01-05 00:00:00-05:00,11.897680860840797,11.942832946777344,11.867579230989945,11.942832946777344,3500,0.0,0.0,0.0
2011-01-06 00:00:00-05:00,11.957880020141602,11.972930471066439,11.927778400612704,11.957880020141602,7100,0.0,0.0,0.0
2011-01-07 00:00:00-05:00,11.965405152320193,11.965405152320193,11.890151460667408,11.90520191192627,2800,0.0,0.0,0.0
2011-01-10 00:00:00-05:00,11.852527911691807,11.912731170654297,11.829951869000736,11.912731170654297,11900,0.0,0.0,0.0
2011-01-11 00:00:00-05:00,11.912732125196012,11.957884931875608,11.860054448802748,11.950359344482422,8100,0.0,0.0,0.0
2011-01-12 00:00:00-05:00,12.018083572387695,12.048185192701032,12.010557987889552,12.018083572387695,5900,0.0,0.0,0.0
2011-01-13 00:00:00-05:00,12.040664529344696,12.040664529344696,12.010562896728516,12.010562896728516,2600,0.0,0.0,0.0
2011-01-14 00:00:00-05:00,12.025609043322646,12.100863456726074,12.018084176125722,12.100863456726074,5600,0.0,0.0,0.0
2011-01-18 00:00:00-05:00,12.085814489204797,12.1610689163208,12.085814489204797,12.1610689163208,10400,0.0,0.0,0.0
2011-01-19 00:00:00-05:00,12.085814992037392,12.085814992037392,12.025611734911582,12.033137321472168,2100,0.0,0.0,0.0
2011-01-20 00:00:00-05:00,12.040664529344696,12.040664529344696,12.010562896728516,12.010562896728516,1100,0.0,0.0,0.0
2011-01-21 00:00:00-05:00,12.093336463476716,12.093336463476716,12.033133226836867,12.048184394836426,1700,0.0,0.0,0.0
2011-01-24 00:00:00-05:00,12.04818579795124,12.11591462647847,12.04818579795124,12.100863456726074,8200,0.0,0.0,0.0
2011-01-25 00:00:00-05:00,12.055712774647901,12.153542518615723,12.055712774647901,12.153542518615723,4100,0.0,0.0,0.0
2011-01-26 00:00:00-05:00,12.266427993774414,12.266427993774414,12.243852663506324,12.266427993774414,1300,0.0,0.0,0.0
2011-01-27 00:00:00-05:00,12.273950816377589,12.311578750610352,12.273950816377589,12.311578750610352,1000,0.0,0.0,0.0
2011-01-28 00:00:00-05:00,12.32662885094976,12.32662885094976,12.040663719177246,12.040663719177246,6100,0.0,0.0,0.0
2011-01-31 00:00:00-05:00,12.11591462647847,12.138489945748514,12.055711382827436,12.100863456726074,5600,0.0,0.0,0.0
2011-02-01 00:00:00-05:00,12.251375686052999,12.326628684997559,12.236324512120508,12.326628684997559,24200,0.0,0.0,0.0
2011-02-02 00:00:00-05:00,12.289003753883094,12.296529341809777,12.243851661682129,12.243851661682129,3900,0.0,0.0,0.0
2011-02-03 00:00:00-05:00,12.228796393413525,12.258898735046387,12.206219637188877,12.258898735046387,1900,0.0,0.0,0.0
2011-02-04 00:00:00-05:00,12.273948022296736,12.334151268005371,12.266422437163332,12.334151268005371,2800,0.0,0.0,0.0
2011-02-07 00:00:00-05:00,12.379306705801017,12.416933201966478,12.379306705801017,12.409407615661621,1500,0.0,0.0,0.0
2011-02-08 00:00:00-05:00,12.386832331896063,12.431985855102539,12.371782592852897,12.431985855102539,13900,0.0,0.0,0.0
2011-02-09 00:00:00-05:00,12.394354007372351,12.394354007372351,12.341676348949141,12.386828422546387,2900,0.0,0.0,0.0
2011-02-10 00:00:00-05:00,12.319103821322717,12.371781491682619,12.304052648260212,12.364255905151367,4800,0.0,0.0,0.0
2011-02-11 00:00:00-05:00,12.349201960933371,12.462082862854004,12.349201960933371,12.462082862854004,7300,0.0,0.0,0.0
2011-02-14 00:00:00-05:00,12.416933201966478,12.416933201966478,12.364255533191303,12.409407615661621,2800,0.0,0.0,0.0
2011-02-15 00:00:00-05:00,12.386828422546387,12.409405177024281,12.379304273078963,12.386828422546387,7000,0.0,0.0,0.0
2011-02-16 00:00:00-05:00,12.462084628324753,12.492186971959331,12.431983720048922,12.469610214233398,2500,0.0,0.0,0.0
2011-02-17 00:00:00-05:00,12.469614022527429,12.544868469238281,12.469614022527429,12.544868469238281,3500,0.0,0.0,0.0
2011-02-18 00:00:00-05:00,12.537340689276988,12.574967188375027,12.537340689276988,12.559917449951172,2400,0.0,0.0,0.0
2011-02-22 00:00:00-05:00,12.469607823564186,12.507235745893395,12.326624589430134,12.341675758361816,12000,0.0,0.0,0.0
2011-02-23 00:00:00-05:00,12.37178132646425,12.37178132646425,12.168594798910474,12.221272468566895,4100,0.0,0.0,0.0
2011-02-24 00:00:00-05:00,12.183646780050857,12.243850040131992,12.115917933039713,12.228798866271973,6800,0.0,0.0,0.0
2011-02-25 00:00:00-05:00,12.289001758809288,12.349205017089844,12.266424998694493,12.349205017089844,22800,0.0,0.0,0.0
2011-02-28 00:00:00-05:00,12.40188474481009,12.447038272525814,12.386833568904848,12.416935920715332,6000,0.0,0.0,0.0
2011-03-01 00:00:00-05:00,12.45456340125782,12.45456340125782,12.228801486421432,12.266427993774414,9300,0.0,0.0,0.0
2011-03-02 00:00:00-05:00,12.34167846278338,12.356729635013213,12.27394962310791,12.27394962310791,4100,0.0,0.0,0.0
2011-03-03 00:00:00-05:00,12.356729452496323,12.537339210510254,12.356729452496323,12.537339210510254,6700,0.0,0.0,0.0
2011-03-04 00:00:00-05:00,12.514758285008117,12.514758285008117,12.364250921129093,12.401877403259277,2100,0.0,0.0,0.0
2011-03-07 00:00:00-05:00,12.492184117170254,12.492184117170254,12.243845580371786,12.288997650146484,3900,0.0,0.0,0.0
2011-03-08 00:00:00-05:00,12.326627841626907,12.447035789489746,12.243849261379696,12.447035789489746,6700,0.0,0.0,0.0
2011-03-09 00:00:00-05:00,12.431984616587034,12.462085527033606,12.379306946786397,12.447035789489746,2500,0.0,0.0,0.0
2011-03-10 00:00:00-05:00,12.288998515724117,12.304049685161953,12.191168785095215,12.191168785095215,3200,0.0,0.0,0.0
2011-03-11 00:00:00-05:00,12.221269636342756,12.296524047851562,12.206218466969291,12.296524047851562,4500,0.0,0.0,0.0
2011-03-14 00:00:00-04:00,12.168594076445189,12.183645248413086,12.078288479996568,12.183645248413086,11900,0.0,0.0,0.0
2011-03-15 00:00:00-04:00,11.927783586453902,12.070766879640408,11.732122615608963,12.010562896728516,19000,0.0,0.0,0.0
2011-03-16 00:00:00-04:00,12.010558306981345,12.010558306981345,11.860050201416016,11.860050201416016,4000,0.0,0.0,0.0
2011-03-17 00:00:00-04:00,12.003035112000939,12.01808628439368,11.950357443985146,11.987984657287598,5000,0.0,0.0,0.0
2011-03-18 00:00:00-04:00,12.11591625213623,12.11591625213623,12.11591625213623,12.11591625213623,900,0.0,0.0,0.0
2011-03-21 00:00:00-04:00,12.221273279341963,12.251375627062002,12.198696518551936,12.228798866271973,24700,0.0,0.0,0.0
2011-03-22 00:00:00-04:00,12.236320858050206,12.243846442769124,12.176117615657377,12.191168785095215,2300,0.0,0.0,0.0
2011-03-23 00:00:00-04:00,12.078289197100291,12.221272468566895,12.078289197100291,12.221272468566895,900,0.0,0.0,0.0
2011-03-24 00:00:00-04:00,12.273950816377589,12.311578750610352,12.273950816377589,12.311578750610352,1100,0.0,0.0,0.0
2011-03-25 00:00:00-04:00,12.356730318620114,12.409407988980016,12.356730318620114,12.364255905151367,3400,0.0,0.0,0.0
2011-03-28 00:00:00-04:00,12.364255905151367,12.386831229386258,12.349204732088861,12.364255905151367,6500,0.0,0.0,0.0
2011-03-29 00:00:00-04:00,12.319101029829788,12.394354007372351,12.319101029829788,12.386828422546387,2300,0.0,0.0,0.0
2011-03-30 00:00:00-04:00,12.522288422898985,12.567441940307617,12.499713099553478,12.567441940307617,5300,0.0,0.0,0.0
2011-03-31 00:00:00-04:00,12.559917645679995,12.590018558355721,12.529815297645312,12.574967384338379,3500,0.0,0.0,0.0
2011-04-01 00:00:00-04:00,12.680318577024547,12.710419476430392,12.642690658569336,12.642690658569336,8500,0.0,0.0,0.0
2011-04-04 00:00:00-04:00,12.650217869320516,12.695371377274373,12.650217869320516,12.657743453979492,6600,0.0,0.0,0.0
2011-04-05 00:00:00-04:00,12.657745802515244,12.710423469543457,12.635170479708167,12.710423469543457,1600,0.0,0.0,0.0
2011-04-06 00:00:00-04:00,12.732998989253984,12.740524574577304,12.67279574202606,12.725473403930664,4500,0.0,0.0,0.0
2011-04-07 00:00:00-04:00,12.732997865210747,12.732997865210747,12.642692284661539,12.657743453979492,4900,0.0,0.0,0.0
2011-04-08 00:00:00-04:00,12.702897796516668,12.702897796516668,12.507238301853981,12.537339210510254,4000,0.0,0.0,0.0
2011-04-11 00:00:00-04:00,12.61259143338466,12.61259143338466,12.52228585246313,12.552388191223145,1500,0.0,0.0,0.0
2011-04-12 00:00:00-04:00,12.529815765178295,12.529815765178295,12.492189264089916,12.499714851379395,4200,0.0,0.0,0.0
2011-04-13 00:00:00-04:00,12.529808256494222,12.537333839273877,12.46960502961514,12.492181777954102,3300,0.0,0.0,0.0
2011-04-14 00:00:00-04:00,12.416935489733376,12.454561992831358,12.394358726659135,12.439512252807617,8200,0.0,0.0,0.0
2011-04-15 00:00:00-04:00,12.447034524283454,12.522287510430054,12.447034524283454,12.514761924743652,6500,0.0,0.0,0.0
2011-04-18 00:00:00-04:00,12.401881572866795,12.401881572866795,12.25889974441388,12.281475067138672,4200,0.0,0.0,0.0
2011-04-19 00:00:00-04:00,12.394355207829404,12.431983135603684,12.349203129858946,12.424457550048828,4100,0.0,0.0,0.0
2011-04-20 00:00:00-04:00,12.612591884397586,12.620117469356698,12.590015129520255,12.605066299438477,3900,0.0,0.0,0.0
2011-04-21 00:00:00-04:00,12.665272043860984,12.665272043860984,12.65022087097168,12.65022087097168,400,0.0,0.0,0.0
2011-04-25 00:00:00-04:00,12.612592025494314,12.620117610537612,12.5674399505931,12.597540855407715,5800,0.0,0.0,0.0
2011-04-26 00:00:00-04:00,12.69537616054568,12.740528250153105,12.69537616054568,12.733002662658691,2300,0.0,0.0,0.0
2011-04-27 00:00:00-04:00,12.778147280259507,12.800724029541016,12.740520800148534,12.800724029541016,11300,0.0,0.0,0.0
2011-04-28 00:00:00-04:00,12.830830957308947,12.860933303833008,12.823306806036816,12.860933303833008,8400,0.0,0.0,0.0
2011-04-29 00:00:00-04:00,12.860929770200833,12.860929770200833,12.845878601074219,12.845878601074219,1600,0.0,0.0,0.0
2011-05-02 00:00:00-04:00,12.913610546090958,12.921136132472084,12.868458463163043,12.883509635925293,3200,0.0,0.0,0.0
2011-05-03 00:00:00-04:00,12.770625480511947,12.838354313063189,12.702896647960705,12.725473403930664,9200,0.0,0.0,0.0
2011-05-04 00:00:00-04:00,12.665269038638467,12.665269038638467,12.63516813536107,12.657743453979492,1100,0.0,0.0,0.0
2011-05-05 00:00:00-04:00,12.657743093181416,12.755574255601008,12.657743093181416,12.702895164489746,600,0.0,0.0,0.0
2011-05-06 00:00:00-04:00,12.853404973358222,12.906082633171229,12.740524068707696,12.77815055847168,6000,0.0,0.0,0.0
2011-05-09 00:00:00-04:00,12.868455214067033,12.875980798548058,12.85340404510498,12.85340404510498,700,0.0,0.0,0.0
2011-05-10 00:00:00-04:00,12.883510790346934,12.973814964294435,12.883510790346934,12.973814964294434,3000,0.0,0.0,0.0
2011-05-11 00:00:00-04:00,12.943708839783586,12.943708839783586,12.875980018913776,12.92113208770752,4200,0.0,0.0,0.0
2011-05-12 00:00:00-04:00,12.868452719001892,12.988859176635742,12.845875969936221,12.988859176635742,4100,0.0,0.0,0.0
2011-05-13 00:00:00-04:00,12.92865739190657,12.936182975769043,12.906080640319153,12.936182975769043,4200,0.0,0.0,0.0
2011-05-16 00:00:00-04:00,12.89856000663238,13.011442372532814,12.89856000663238,12.951237678527832,9100,0.0,0.0,0.0
2011-05-17 00:00:00-04:00,12.838353016510913,12.868455354764139,12.793200944489561,12.845878601074219,13800,0.0,0.0,0.0
2011-05-18 00:00:00-04:00,12.943713340030587,13.049068682298545,12.92866216674691,13.011442184448242,7200,0.0,0.0,0.0
2011-05-19 00:00:00-04:00,13.10174243195612,13.10174243195612,13.01143829000073,13.041539192199707,1900,0.0,0.0,0.0
2011-05-20 00:00:00-04:00,12.921137290265232,12.981340551349888,12.921137290265232,12.973814964294434,900,0.0,0.0,0.0
2011-05-23 00:00:00-04:00,12.755577526357392,12.84588169212964,12.733000767234913,12.808255195617676,11200,0.0,0.0,0.0
2011-05-24 00:00:00-04:00,12.710420748934212,12.74804867115654,12.702895164489746,12.702895164489746,24700,0.0,0.0,0.0
2011-05-25 00:00:00-04:00,12.650218483772129,12.793201728520703,12.642692898747617,12.77815055847168,2500,0.0,0.0,0.0
2011-05-26 00:00:00-04:00,12.778150276815936,12.793201446533203,12.76309910709867,12.793201446533203,1300,0.0,0.0,0.0
2011-05-27 00:00:00-04:00,12.90608237585462,12.90608237585462,12.85340471709188,12.86845588684082,3400,0.0,0.0,0.0
2011-05-31 00:00:00-04:00,12.951234535717552,12.973811290490833,12.913608046453975,12.966285705566406,7600,0.0,0.0,0.0
2011-06-01 00:00:00-04:00,12.97381146303326,12.97381146303326,12.778150558471678,12.77815055847168,2300,0.0,0.0,0.0
2011-06-02 00:00:00-04:00,12.710422233284024,12.732998989253984,12.665270156702741,12.725473403930664,9200,0.0,0.0,0.0
2011-06-03 00:00:00-04:00,12.552390767838073,12.627645194826986,12.544865181603301,12.567441940307617,1400,0.0,0.0,0.0
2011-06-06 00:00:00-04:00,12.469610141028372,12.469610141028372,12.341678052049955,12.371780395507812,15500,0.0,0.0,0.0
2011-06-07 00:00:00-04:00,12.364255773883684,12.484662286387673,12.364255773883684,12.447035789489746,4600,0.0,0.0,0.0
2011-06-08 00:00:00-04:00,12.304055936486645,12.319107113571537,12.266427993774414,12.266427993774414,3900,0.0,0.0,0.0
2011-06-09 00:00:00-04:00,12.319101029829788,12.394354007372351,12.319101029829788,12.386828422546387,3300,0.0,0.0,0.0
2011-06-10 00:00:00-04:00,12.289000494811864,12.304051666673624,12.168593990635287,12.213746070861816,192200,0.0,0.0,0.0
2011-06-13 00:00:00-04:00,12.206218519174532,12.251372027488044,12.183643200376297,12.191168785095215,8900,0.0,0.0,0.0
2011-06-14 00:00:00-04:00,12.341679870807901,12.477137565612793,12.334154283834414,12.477137565612793,1700,0.0,0.0,0.0
2011-06-15 00:00:00-04:00,12.213749453605823,12.236326217651367,12.213749453605823,12.236326217651367,500,0.0,0.0,0.0
2011-06-16 00:00:00-04:00,12.138494866067703,12.243851661682129,12.123445125573468,12.243851661682129,7300,0.0,0.0,0.0
2011-06-17 00:00:00-04:00,12.351051415697789,12.577537104167778,12.290655136108398,12.290655136108398,2700,0.052,0.0,0.0
2011-06-20 00:00:00-04:00,12.23780378928204,12.366146028353546,12.23780378928204,12.358597755432129,1900,0.0,0.0,0.0
2011-06-21 00:00:00-04:00,12.539791630796682,12.562439338667724,12.524692198908602,12.547341346740723,2900,0.0,0.0,0.0
2011-06-22 00:00:00-04:00,12.46429407355743,12.607735775422718,12.46429407355743,12.554887771606445,46800,0.0,0.0,0.0
2011-06-23 00:00:00-04:00,12.328400709354021,12.366147839331013,12.298203293364569,12.343500137329102,24900,0.0,0.0,0.0
2011-06-24 00:00:00-04:00,12.373702480360436,12.373702480360436,12.3661527633667,12.3661527633667,4100,0.0,0.0,0.0
2011-06-27 00:00:00-04:00,12.351052958882505,12.456746101379395,12.328403811221285,12.456746101379395,3400,0.0,0.0,0.0
2011-06-28 00:00:00-04:00,12.577537536621094,12.577537536621094,12.554888391010994,12.577537536621094,2000,0.0,0.0,0.0
2011-06-29 00:00:00-04:00,12.592635848327072,12.698328971862793,12.592635848327072,12.698328971862793,500,0.0,0.0,0.0
2011-06-30 00:00:00-04:00,12.804021251659426,12.811570965694594,12.788923263549805,12.788923263549805,1400,0.0,0.0,0.0
2011-07-01 00:00:00-04:00,12.796473418030248,13.007859658447856,12.796473418030248,13.000309944152832,2100,0.0,0.0,0.0
2011-07-05 00:00:00-04:00,12.909716855979026,12.947463989257812,12.902167141331102,12.947463989257812,4800,0.0,0.0,0.0
2011-07-06 00:00:00-04:00,12.909721180418021,12.96256776069496,12.894621746064235,12.955018043518066,4900,0.0,0.0,0.0
2011-07-07 00:00:00-04:00,13.068258044738986,13.136204044413827,13.068258044738986,13.106006622314453,5100,0.0,0.0,0.0
2011-07-08 00:00:00-04:00,12.90972127109169,12.970117568969727,12.90217155386177,12.970117568969727,3100,0.0,0.0,0.0
2011-07-11 00:00:00-04:00,12.743630263109702,12.75117998027514,12.713432834409272,12.720982551574707,700,0.0,0.0,0.0
2011-07-12 00:00:00-04:00,12.68323197084052,12.743628258703149,12.68323197084052,12.705881118774414,4100,0.0,0.0,0.0
2011-07-13 00:00:00-04:00,12.834217199889908,12.841766912214501,12.713424682617188,12.713424682617188,9500,0.0,0.0,0.0
2011-07-14 00:00:00-04:00,12.728531763314196,12.728531763314196,12.562440872192383,12.562440872192383,1600,0.0,0.0,0.0
2011-07-15 00:00:00-04:00,12.585088729858398,12.600188162038458,12.554889865498279,12.585088729858398,3100,0.0,0.0,0.0
2011-07-18 00:00:00-04:00,12.517139239160397,12.517139239160397,12.335950423341561,12.343500137329102,2200,0.0,0.0,0.0
2011-07-19 00:00:00-04:00,12.366148146456586,12.615282954390084,12.366148146456586,12.607734680175781,11300,0.0,0.0,0.0
2011-07-20 00:00:00-04:00,12.607735028022516,12.660581588745117,12.607735028022516,12.660581588745117,1600,0.0,0.0,0.0
2011-07-21 00:00:00-04:00,12.743627458605085,12.819123173683705,12.743627458605085,12.804023742675781,8600,0.0,0.0,0.0
2011-07-22 00:00:00-04:00,12.788926274761474,12.81157398223877,12.751177695697555,12.81157398223877,1600,0.0,0.0,0.0
2011-07-25 00:00:00-04:00,12.736079272621728,12.773826410445977,12.660583557012224,12.743627548217773,14600,0.0,0.0,0.0
2011-07-26 00:00:00-04:00,12.660581839160267,12.713428400928128,12.637932695562265,12.698328971862793,6100,0.0,0.0,0.0
2011-07-27 00:00:00-04:00,12.547341345869556,12.547341345869556,12.396349906921387,12.396349906921387,2400,0.0,0.0,0.0
2011-07-28 00:00:00-04:00,12.396347987447273,12.426545406584433,12.320852279663086,12.320852279663086,2200,0.0,0.0,0.0
2011-07-29 00:00:00-04:00,12.154766829578623,12.290658859816258,12.117018243422988,12.275559425354004,4700,0.0,0.0,0.0
2011-08-01 00:00:00-04:00,12.169861599965602,12.169861599965602,12.064167039198379,12.139662742614746,3400,0.0,0.0,0.0
2011-08-02 00:00:00-04:00,12.041520341049319,12.041520341049319,11.89052963256836,11.89052963256836,4800,0.0,0.0,0.0
2011-08-03 00:00:00-04:00,11.747089582050261,11.815034866333008,11.550801285285308,11.815034866333008,15300,0.0,0.0,0.0
2011-08-04 00:00:00-04:00,11.618746777395762,11.618746777395762,11.14312548849857,11.173323631286621,3900,0.0,0.0,0.0
2011-08-05 00:00:00-04:00,11.29411376328508,11.29411376328508,10.712798740184205,11.060077667236328,206300,0.0,0.0,0.0
2011-08-08 00:00:00-04:00,10.569357920286748,10.60710577114099,10.02579073993464,10.033340454101562,34000,0.0,0.0,0.0
2011-08-09 00:00:00-04:00,10.237179386348124,10.584458351135254,10.033341404416783,10.584458351135254,11000,0.0,0.0,0.0
2011-08-10 00:00:00-04:00,10.365521164293778,10.425918164679493,10.176782608032227,10.176782608032227,6300,0.0,0.0,0.0
2011-08-11 00:00:00-04:00,10.441017284135143,10.795845985412598,10.433467568793382,10.795845985412598,3800,0.0,0.0,0.0
2011-08-12 00:00:00-04:00,10.697702362221882,10.818494933598023,10.697702362221882,10.727900505065918,2700,0.0,0.0,0.0
2011-08-15 00:00:00-04:00,10.924188860554281,11.052531148423846,10.826044715713994,11.037431716918945,7100,0.0,0.0,0.0
2011-08-16 00:00:00-04:00,10.901538943889399,10.999683081802878,10.863791807752305,10.916638374328613,15000,0.0,0.0,0.0
2011-08-17 00:00:00-04:00,10.871340708242188,10.909088564030762,10.863791713068846,10.901538848876953,2900,0.0,0.0,0.0
2011-08-18 00:00:00-04:00,10.516511985903541,10.516511985903541,10.327773440399058,10.380620002746582,5900,0.0,0.0,0.0
2011-08-19 00:00:00-04:00,10.297577429567445,10.395721579905631,10.18433384687851,10.229631423950195,7300,0.0,0.0,0.0
2011-08-22 00:00:00-04:00,10.12393613739712,10.244728699337832,10.108837427144762,10.191882133483887,4400,0.0,0.0,0.0
2011-08-23 00:00:00-04:00,10.350425992065516,10.456119878892213,10.123939503140134,10.433470726013184,33600,0.0,0.0,0.0
2011-08-24 00:00:00-04:00,10.463667054838647,10.712801933288574,10.463667054838647,10.712801933288574,2300,0.0,0.0,0.0
2011-08-25 00:00:00-04:00,10.712801933288574,10.712801933288574,10.712801933288574,10.712801933288574,0,0.0,0.0,0.0
2011-08-26 00:00:00-04:00,10.561808137322865,10.690150397403073,10.546709429067741,10.67505168914795,8000,0.0,0.0,0.0
2011-08-29 00:00:00-04:00,11.014781265700776,11.128024101257324,11.014781265700776,11.128024101257324,1600,0.0,0.0,0.0
2011-08-30 00:00:00-04:00,11.120478048519262,11.218622207641602,11.082730904225047,11.218622207641602,4100,0.0,0.0,0.0
2011-08-31 00:00:00-04:00,11.32431569848252,11.32431569848252,11.16577524990454,11.19597339630127,1900,0.0,0.0,0.0
2011-09-01 00:00:00-04:00,11.218618062629261,11.241267204814223,11.060077667236328,11.060077667236328,4300,0.0,0.0,0.0
2011-09-02 00:00:00-04:00,10.765648409520844,10.818494979728115,10.697702407836914,10.697702407836914,600,0.0,0.0,0.0
2011-09-06 00:00:00-04:00,10.425919819828477,10.508964538574219,10.425919819828477,10.508964538574219,1000,0.0,0.0,0.0
2011-09-07 00:00:00-04:00,10.76564529413509,11.022329795114237,10.76564529413509,10.98458194732666,1900,0.0,0.0,0.0
2011-09-08 00:00:00-04:00,11.007230813846668,11.007230813846668,10.871338844299316,10.871338844299316,800,0.0,0.0,0.0
2011-09-09 00:00:00-04:00,10.614656490682812,10.667503054895928,10.584458351135254,10.584458351135254,800,0.0,0.0,0.0
2011-09-12 00:00:00-04:00,10.524063830980886,10.524063830980886,10.357974384337519,10.410820960998535,3500,0.0,0.0,0.0
2011-09-13 00:00:00-04:00,10.63730452864541,10.863790927008743,10.561808822530828,10.780745506286621,35800,0.0,0.0,0.0
2011-09-14 00:00:00-04:00,10.788296564578138,10.886440706758796,10.758098422367203,10.878890991210938,4500,0.0,0.0,0.0
2011-09-15 00:00:00-04:00,10.99213477163712,11.112927342757224,10.99213477163712,11.097827911376953,2900,0.0,0.0,0.0
2011-09-16 00:00:00-04:00,11.220396013448221,11.220396013448221,11.099339933927588,11.152301788330078,137500,0.032,0.0,0.0
2011-09-19 00:00:00-04:00,10.902623089074623,11.000981330871582,10.85722742150749,11.000981330871582,12700,0.0,0.0,0.0
2011-09-20 00:00:00-04:00,10.978282319468274,11.084206013463435,10.887490272521973,10.887490272521973,5000,0.0,0.0,0.0
2011-09-21 00:00:00-04:00,10.872357090562224,10.88748945803008,10.690773010253906,10.690773010253906,30800,0.0,0.0,0.0
2011-09-22 00:00:00-04:00,10.183852702066641,10.236814557880841,9.987136206826515,10.130890846252441,14900,0.0,0.0,0.0
2011-09-23 00:00:00-04:00,10.191416776328488,10.214114606753656,10.168718224352302,10.198982238769531,1600,0.0,0.0,0.0
2011-09-26 00:00:00-04:00,10.176285867511607,10.448662757873535,10.176285867511607,10.448662757873535,2300,0.0,0.0,0.0
2011-09-27 00:00:00-04:00,10.66808061831589,10.804268387188989,10.615118026733398,10.615118026733398,7900,0.0,0.0,0.0
2011-09-28 00:00:00-04:00,10.645379192011717,10.645379192011717,10.373003005981445,10.373003005981445,11900,0.0,0.0,0.0
2011-09-29 00:00:00-04:00,10.516756293940697,10.562152683002592,10.38056856985726,10.456228256225586,4000,0.0,0.0,0.0
2011-09-30 00:00:00-04:00,10.312472833997406,10.380567046823927,10.198982238769531,10.198982238769531,8600,0.0,0.0,0.0
2011-10-03 00:00:00-04:00,9.888778732504202,9.888778732504202,9.714760780334473,9.714760780334473,2100,0.0,0.0,0.0
2011-10-04 00:00:00-04:00,9.563437824408549,10.055228233337402,9.480211244569105,10.055228233337402,27800,0.0,0.0,0.0
2011-10-05 00:00:00-04:00,9.987136384344982,10.176286697387695,9.987136384344982,10.176286697387695,1800,0.0,0.0,0.0
2011-10-06 00:00:00-04:00,10.388132784376813,10.456226999006692,10.388132784376813,10.441095352172852,1800,0.0,0.0,0.0
2011-10-07 00:00:00-04:00,10.592416006668412,10.599982191274005,10.463793754577637,10.463793754577637,3900,0.0,0.0,0.0
2011-10-10 00:00:00-04:00,10.690773010253906,10.690773010253906,10.690773010253906,10.690773010253906,200,0.0,0.0,0.0
2011-10-11 00:00:00-04:00,10.751302719116211,10.758868904033905,10.713472516078847,10.751302719116211,1700,0.0,0.0,0.0
2011-10-12 00:00:00-04:00,10.879925908686117,11.000981991536676,10.879925908686117,10.925321578979492,2900,0.0,0.0,0.0
2011-10-13 00:00:00-04:00,10.78913283764783,10.864792521578849,10.774000467930964,10.849660873413086,7100,0.0,0.0,0.0
2011-10-14 00:00:00-04:00,10.955588317952637,11.016117095947266,10.955588317952637,11.016117095947266,1600,0.0,0.0,0.0
2011-10-17 00:00:00-04:00,10.879928279657419,10.879928279657419,10.79670238494873,10.79670238494873,1800,0.0,0.0,0.0
2011-10-18 00:00:00-04:00,10.872357116125254,11.099337577819824,10.872357116125254,11.099337577819824,2200,0.0,0.0,0.0
2011-10-19 00:00:00-04:00,11.129605646385244,11.129605646385244,10.970719337463379,10.970719337463379,1400,0.0,0.0,0.0
2011-10-20 00:00:00-04:00,10.917760322522405,11.038816452026367,10.902627945558686,11.038816452026367,5400,0.0,0.0,0.0
2011-10-21 00:00:00-04:00,11.296056095416175,11.311187744140625,11.258225891278354,11.311187744140625,1500,0.0,0.0,0.0
2011-10-24 00:00:00-04:00,11.35658518762908,11.613829733784486,11.35658518762908,11.583565711975098,3200,0.0,0.0,0.0
2011-10-25 00:00:00-04:00,11.432246158498819,11.454944718554966,11.356586456298828,11.356586456298828,1200,0.0,0.0,0.0
2011-10-26 00:00:00-04:00,11.470078043123564,11.500342072727397,11.470078043123564,11.485210418701172,3500,0.0,0.0,0.0
2011-10-27 00:00:00-04:00,11.825678039547567,12.052658566832115,11.825678039547567,11.931602478027344,2600,0.0,0.0,0.0
2011-10-28 00:00:00-04:00,11.893768199459831,11.939163856450172,11.848371820918535,11.924032211303711,50100,0.0,0.0,0.0
2011-10-31 00:00:00-04:00,11.742452456299391,11.787848129975377,11.636528015136719,11.636528015136719,7400,0.0,0.0,0.0
2011-11-01 00:00:00-04:00,11.311189528471937,11.409547786125756,11.27335931836643,11.341453552246094,35000,0.0,0.0,0.0
2011-11-02 00:00:00-04:00,11.417113889420865,11.523037611084412,11.417113889420865,11.507905960083008,3900,0.0,0.0,0.0
2011-11-03 00:00:00-04:00,11.538168723368907,11.734885215759277,11.538168723368907,11.734885215759277,4300,0.0,0.0,0.0
2011-11-04 00:00:00-04:00,11.606265642188259,11.742454125680068,11.606265642188259,11.697057723999023,3000,0.0,0.0,0.0
2011-11-07 00:00:00-05:00,11.591136235939338,11.666796684265137,11.591136235939338,11.666796684265137,4600,0.0,0.0,0.0
2011-11-08 00:00:00-05:00,11.772717524422587,11.848377227783203,11.689490912709237,11.848377227783203,14500,0.0,0.0,0.0
2011-11-09 00:00:00-05:00,11.58356493911872,11.591130402902902,11.35658442991686,11.386848449707031,2900,0.0,0.0,0.0
2011-11-10 00:00:00-05:00,11.553300291011292,11.553300291011292,11.417111848586448,11.470073699951172,5900,0.0,0.0,0.0
2011-11-11 00:00:00-05:00,11.712186813354492,11.712186813354492,11.712186813354492,11.712186813354492,700,0.0,0.0,0.0
2011-11-14 00:00:00-05:00,11.606266021728516,11.606266021728516,11.576001993468587,11.606266021728516,4300,0.0,0.0,0.0
2011-11-15 00:00:00-05:00,11.58356482225632,11.689488529677721,11.53060224699448,11.659224510192871,3300,0.0,0.0,0.0
2011-11-16 00:00:00-05:00,11.507905837607886,11.65922595376767,11.507905837607886,11.538169860839844,2900,0.0,0.0,0.0
2011-11-17 00:00:00-05:00,11.439810395572929,11.447376580968855,11.243093904585749,11.288490295410156,3400,0.0,0.0,0.0
2011-11-18 00:00:00-05:00,11.333888179082704,11.364152926579496,11.303624153137207,11.303624153137207,900,0.0,0.0,0.0
2011-11-21 00:00:00-05:00,11.099342220832494,11.129606246948242,10.993417768651723,11.129606246948242,3800,0.0,0.0,0.0
2011-11-22 00:00:00-05:00,11.09934122890838,11.09934122890838,10.993416786193848,10.993416786193848,2000,0.0,0.0,0.0
2011-11-23 00:00:00-05:00,10.826961431260642,10.88748945803008,10.690773010253906,10.690773010253906,10600,0.0,0.0,0.0
2011-11-25 00:00:00-05:00,10.766434669494629,10.766434669494629,10.766434669494629,10.766434669494629,100,0.0,0.0,0.0
2011-11-28 00:00:00-05:00,11.016115344915614,11.069077205497262,10.925322553131023,10.993416786193848,3500,0.0,0.0,0.0
2011-11-29 00:00:00-05:00,11.091776710395902,11.091776710395902,11.053946495056152,11.053946495056152,1000,0.0,0.0,0.0
2011-11-30 00:00:00-05:00,11.432245960373065,11.49277400970459,11.42468049537007,11.49277400970459,7300,0.0,0.0,0.0
2011-12-01 00:00:00-05:00,11.576000070267597,11.63652811673151,11.538169860839844,11.538169860839844,2500,0.0,0.0,0.0
2011-12-02 00:00:00-05:00,11.59869739618953,11.613829767914293,11.575999560153585,11.591131210327148,2500,0.0,0.0,0.0
2011-12-05 00:00:00-05:00,11.772716925779616,11.772716925779616,11.636528456483891,11.68949031829834,9300,0.0,0.0,0.0
2011-12-06 00:00:00-05:00,11.719755564063883,11.734887938474673,11.628963482253118,11.697057723999023,3300,0.0,0.0,0.0
2011-12-07 00:00:00-05:00,11.66679069545187,11.712186363903571,11.651658324933875,11.659224510192871,2100,0.0,0.0,0.0
2011-12-08 00:00:00-05:00,11.492772582963463,11.492772582963463,11.371716499328613,11.371716499328613,2100,0.0,0.0,0.0
2011-12-09 00:00:00-05:00,11.500334680603796,11.598692893981934,11.500334680603796,11.598692893981934,1700,0.0,0.0,0.0
2011-12-12 00:00:00-05:00,11.439814567565918,11.439814567565918,11.439814567565918,11.439814567565918,600,0.0,0.0,0.0
2011-12-13 00:00:00-05:00,11.545734733993218,11.545734733993218,11.386848449707031,11.386848449707031,3400,0.0,0.0,0.0
2011-12-14 00:00:00-05:00,11.212830096024476,11.243094116627802,11.152302054817822,11.159868240356445,7200,0.0,0.0,0.0
2011-12-15 00:00:00-05:00,11.243094023701145,11.28092422953042,11.159868148117669,11.25822639465332,3300,0.0,0.0,0.0
2011-12-16 00:00:00-05:00,11.332100255345429,11.446334845558837,11.286405983488578,11.301637649536133,10400,0.097,0.0,0.0
2011-12-19 00:00:00-05:00,11.370175474973683,11.385406410423135,11.10362720489502,11.10362720489502,5300,0.0,0.0,0.0
2011-12-20 00:00:00-05:00,11.30925167703917,11.492027282714844,11.30925167703917,11.492027282714844,9900,0.0,0.0,0.0
2011-12-21 00:00:00-05:00,11.522492618227929,11.530108451843262,11.431104793701543,11.530108451843262,5100,0.0,0.0,0.0
2011-12-22 00:00:00-05:00,11.636724014067086,11.720496708203852,11.621493077314918,11.705265045166016,6200,0.0,0.0,0.0
2011-12-23 00:00:00-05:00,11.72049984113635,11.766193389892578,11.72049984113635,11.766193389892578,200,0.0,0.0,0.0
2011-12-27 00:00:00-05:00,11.773807187983039,11.827116561077762,11.773807187983039,11.804269790649414,17900,0.0,0.0,0.0
2011-12-28 00:00:00-05:00,11.644340108325167,11.644340108325167,11.621493339538574,11.621493339538574,1700,0.0,0.0,0.0
2011-12-29 00:00:00-05:00,11.651956694025822,11.758575439453125,11.651956694025822,11.758575439453125,2600,0.0,0.0,0.0
2011-12-30 00:00:00-05:00,11.750965864760078,11.781428481547517,11.7433500289917,11.7433500289917,3400,0.0,0.0,0.0
2012-01-03 00:00:00-05:00,11.971814749329624,11.971814749329624,11.857579441936323,11.865195274353027,2200,0.0,0.0,0.0
2012-01-04 00:00:00-05:00,11.773807187983039,11.83473239331579,11.773807187983039,11.804269790649414,2100,0.0,0.0,0.0
2012-01-05 00:00:00-05:00,11.766191422742711,11.88804183410204,11.659572675946169,11.857579231262207,7900,0.0,0.0,0.0
2012-01-06 00:00:00-05:00,11.834732477261605,11.888041850734462,11.834732477261605,11.849964141845703,9300,0.0,0.0,0.0
2012-01-09 00:00:00-05:00,11.842347762294818,11.880426195709637,11.81950099276021,11.872810363769531,21800,0.0,0.0,0.0
2012-01-10 00:00:00-05:00,12.032740382552344,12.032740382552344,12.025124549865723,12.025124549865723,13800,0.0,0.0,0.0
2012-01-11 00:00:00-05:00,11.971815592043827,12.040356636047363,11.971815592043827,12.040356636047363,900,0.0,0.0,0.0
2012-01-12 00:00:00-05:00,12.032740109214261,12.108896255493164,12.032740109214261,12.108896255493164,7400,0.0,0.0,0.0
2012-01-13 00:00:00-05:00,11.971815173630928,12.025124549865723,11.956583508257683,12.025124549865723,3700,0.0,0.0,0.0
2012-01-17 00:00:00-05:00,12.063202775808834,12.078433714629634,12.002277567954104,12.017508506774902,7300,0.0,0.0,0.0
2012-01-18 00:00:00-05:00,12.093666008842376,12.185053825378418,12.093666008842376,12.185053825378418,1400,0.0,0.0,0.0
2012-01-19 00:00:00-05:00,12.192668560478992,12.25359376601721,12.192668560478992,12.230746269226074,17100,0.0,0.0,0.0
2012-01-20 00:00:00-05:00,12.223129304172401,12.238360967288216,12.200283262070021,12.20789909362793,2900,0.0,0.0,0.0
2012-01-23 00:00:00-05:00,12.230746900528104,12.32975127249509,12.200285022472414,12.253594398498535,40600,0.0,0.0,0.0
2012-01-24 00:00:00-05:00,12.223131067871293,12.253594398498535,12.223131067871293,12.253594398498535,15200,0.0,0.0,0.0
2012-01-25 00:00:00-05:00,12.26120783649552,12.413520102169917,12.21551430205033,12.405905723571777,4000,0.0,0.0,0.0
2012-01-26 00:00:00-05:00,12.4896807065968,12.497296540049986,12.344982776129704,12.367830276489258,2700,0.0,0.0,0.0
2012-01-27 00:00:00-05:00,12.390679359436035,12.390679359436035,12.390679359436035,12.390679359436035,700,0.0,0.0,0.0
2012-01-30 00:00:00-05:00,12.291666885565961,12.337361862087626,12.284051056145683,12.32213020324707,5300,0.0,0.0,0.0
2012-01-31 00:00:00-05:00,12.2459776811555,12.306902885437012,12.2459776811555,12.306902885437012,2300,0.0,0.0,0.0
2012-02-01 00:00:00-05:00,12.48967943493881,12.565836309144908,12.48967943493881,12.527758598327637,3100,0.0,0.0,0.0
2012-02-02 00:00:00-05:00,12.550603655564428,12.550603655564428,12.542987823486328,12.542987823486328,1800,0.0,0.0,0.0
2012-02-03 00:00:00-05:00,12.725763071105805,12.809535768993728,12.718148691817268,12.801919937133789,4500,0.0,0.0,0.0
2012-02-06 00:00:00-05:00,12.756226648960627,12.756226648960627,12.725763320922852,12.725763320922852,1500,0.0,0.0,0.0
2012-02-07 00:00:00-05:00,12.740994626849384,12.832383155822754,12.740994626849384,12.832383155822754,3800,0.0,0.0,0.0
2012-02-08 00:00:00-05:00,12.847612776230312,12.878074645996094,12.817149453893371,12.878074645996094,1300,0.0,0.0,0.0
2012-02-09 00:00:00-05:00,12.908543913408014,12.908543913408014,12.824771190970768,12.885696411132812,5600,0.0,0.0,0.0
2012-02-10 00:00:00-05:00,12.763844218143765,12.763844218143765,12.702919006347656,12.702919006347656,700,0.0,0.0,0.0
2012-02-13 00:00:00-05:00,12.878074962712551,12.878074962712551,12.809533938339936,12.85522747039795,28000,0.0,0.0,0.0
2012-02-14 00:00:00-05:00,12.771458062265436,12.801919937133789,12.718148691817268,12.801919937133789,49500,0.0,0.0,0.0
2012-02-15 00:00:00-05:00,12.81714921476335,12.87807440572939,12.718146324157715,12.718146324157715,700,0.0,0.0,0.0
2012-02-16 00:00:00-05:00,12.878076413660484,12.9237699508667,12.878076413660484,12.9237699508667,7000,0.0,0.0,0.0
2012-02-17 00:00:00-05:00,12.984695787581586,12.999927451587128,12.94661808013916,12.94661808013916,5000,0.0,0.0,0.0
2012-02-21 00:00:00-05:00,12.969463479399773,12.969463479399773,12.85522747039795,12.85522747039795,59200,0.0,0.0,0.0
2012-02-22 00:00:00-05:00,12.878079717179018,12.878079717179018,12.771460952157272,12.78669261932373,29500,0.0,0.0,0.0
2012-02-23 00:00:00-05:00,12.809533623309138,12.923768176930345,12.763840092374886,12.878074645996094,42800,0.0,0.0,0.0
2012-02-24 00:00:00-05:00,12.893312245224546,12.969469133570058,12.885696411132812,12.885696411132812,7100,0.0,0.0,0.0
2012-02-27 00:00:00-05:00,12.9237726019907,12.931388435182573,12.916156768798828,12.916156768798828,800,0.0,0.0,0.0
2012-02-28 00:00:00-05:00,12.885692666470066,12.93900203704834,12.885692666470066,12.93900203704834,1500,0.0,0.0,0.0
2012-02-29 00:00:00-05:00,12.95423253386063,12.961848365053106,12.832382139923572,12.931385040283203,2000,0.0,0.0,0.0
2012-03-01 00:00:00-05:00,12.900926650412837,12.954236030578613,12.900926650412837,12.954236030578613,3700,0.0,0.0,0.0
2012-03-02 00:00:00-05:00,12.893306307164563,12.908537968333032,12.862842984827623,12.878074645996094,13800,0.0,0.0,0.0
2012-03-05 00:00:00-05:00,12.847613122354351,12.847613122354351,12.756224605452617,12.839997291564941,21500,0.0,0.0,0.0
2012-03-06 00:00:00-05:00,12.718149338324631,12.725763718000232,12.58868309526726,12.603913307189941,5600,0.0,0.0,0.0
2012-03-07 00:00:00-05:00,12.641993647608617,12.748612403869629,12.641993647608617,12.748612403869629,9300,0.0,0.0,0.0
2012-03-08 00:00:00-05:00,12.809540677906375,12.908545077454955,12.779078791364322,12.89331340789795,29700,0.0,0.0,0.0
2012-03-09 00:00:00-05:00,13.007542218098228,13.007542218098228,12.977080345153809,12.977080345153809,1200,0.0,0.0,0.0
2012-03-12 00:00:00-04:00,13.015161629488379,13.022777462962157,12.954236414269854,12.984698295593262,19600,0.0,0.0,0.0
2012-03-13 00:00:00-04:00,13.060850434045793,13.12177562713623,13.060850434045793,13.12177562713623,6600,0.0,0.0,0.0
2012-03-14 00:00:00-04:00,13.213168292729456,13.26647767185431,13.144627247405605,13.167474746704102,9100,0.0,0.0,0.0
2012-03-15 00:00:00-04:00,13.243628181626427,13.266475677490234,13.243628181626427,13.266475677490234,6300,0.0,0.0,0.0
2012-03-16 00:00:00-04:00,13.281749728719232,13.281749728719232,13.258837923499426,13.266475677490234,9100,0.05,0.0,0.0
2012-03-19 00:00:00-04:00,13.251200834276995,13.373401990755122,13.251200834276995,13.30466365814209,54200,0.0,0.0,0.0
2012-03-20 00:00:00-04:00,13.159548699941054,13.190099716186523,13.151910945879687,13.190099716186523,1800,0.0,0.0,0.0
2012-03-21 00:00:00-04:00,13.23592714367496,13.23592714367496,13.182464312465974,13.205377578735352,3400,0.0,0.0,0.0
2012-03-22 00:00:00-04:00,13.09081084044108,13.106086349112601,13.0449857711792,13.0449857711792,2700,0.0,0.0,0.0
2012-03-23 00:00:00-04:00,13.06789874657407,13.083172798156738,12.945697593396801,13.083172798156738,111500,0.0,0.0,0.0
2012-03-26 00:00:00-04:00,13.220655148048404,13.243568420410156,13.197743332439934,13.243568420410156,1000,0.0,0.0,0.0
2012-03-27 00:00:00-04:00,13.258838653564453,13.27411270563448,13.25120089915309,13.258838653564453,4200,0.0,0.0,0.0
2012-03-28 00:00:00-04:00,13.251205529304077,13.251205529304077,13.090815544128418,13.090815544128418,1900,0.0,0.0,0.0
2012-03-29 00:00:00-04:00,12.983883181892669,13.128997578286864,12.983883181892669,13.121359825134277,1800,0.0,0.0,0.0
2012-03-30 00:00:00-04:00,13.197735899907668,13.197735899907668,13.060259256666058,13.121359825134277,6300,0.0,0.0,0.0
2012-04-02 00:00:00-04:00,13.083178427384455,13.243568420410156,13.07554212668382,13.243568420410156,14700,0.0,0.0,0.0
2012-04-03 00:00:00-04:00,13.167184155949478,13.182459661406197,13.11372134360334,13.128996849060059,1500,0.0,0.0,0.0
2012-04-04 00:00:00-04:00,12.99916215931223,13.067900499287958,12.976248893736036,13.029711723327637,15700,0.0,0.0,0.0
2012-04-05 00:00:00-04:00,12.99152815368783,13.02971548391679,12.930427551269531,12.930427551269531,6500,0.0,0.0,0.0
2012-04-09 00:00:00-04:00,12.747122913614295,12.800585746765137,12.73184740221321,12.800585746765137,10200,0.0,0.0,0.0
2012-04-10 00:00:00-04:00,12.678384397292309,12.693659908486435,12.487444877624512,12.487444877624512,2700,0.0,0.0,0.0
2012-04-11 00:00:00-04:00,12.640195121175037,12.655470631767177,12.602007801447556,12.632558822631836,1300,0.0,0.0,0.0
2012-04-12 00:00:00-04:00,12.663105887416533,12.8693208694458,12.663105887416533,12.8693208694458,8200,0.0,0.0,0.0
2012-04-13 00:00:00-04:00,12.754759565952916,12.770033619279758,12.739484055873255,12.747121810913086,3600,0.0,0.0,0.0
2012-04-16 00:00:00-04:00,12.75475962957666,12.75475962957666,12.663108025394333,12.716570854187012,2300,0.0,0.0,0.0
2012-04-17 00:00:00-04:00,12.876962070871024,12.953336715698242,12.876962070871024,12.953336715698242,400,0.0,0.0,0.0
2012-04-18 00:00:00-04:00,12.83876895904541,12.83876895904541,12.83876895904541,12.83876895904541,200,0.0,0.0,0.0
2012-04-19 00:00:00-04:00,12.823496879533684,12.89987151032147,12.785308107387088,12.792945861816406,12600,0.0,0.0,0.0
2012-04-20 00:00:00-04:00,12.915146219173113,12.915146219173113,12.838770136363612,12.846407890319824,500,0.0,0.0,0.0
2012-04-23 00:00:00-04:00,12.663107872009277,12.663107872009277,12.663107872009277,12.663107872009277,300,0.0,0.0,0.0
2012-04-24 00:00:00-04:00,12.747118220927117,12.777667775729912,12.731842715149515,12.754755973815918,4700,0.0,0.0,0.0
2012-04-25 00:00:00-04:00,12.861687514269375,12.938063621520996,12.861687514269375,12.938063621520996,1900,0.0,0.0,0.0
2012-04-26 00:00:00-04:00,12.953336715698242,12.953336715698242,12.953336715698242,12.953336715698242,300,0.0,0.0,0.0
2012-04-27 00:00:00-04:00,13.06789779663086,13.06789779663086,13.06789779663086,13.06789779663086,200,0.0,0.0,0.0
2012-04-30 00:00:00-04:00,13.113724680996551,13.113724680996551,12.983885765075684,12.983885765075684,9900,0.0,0.0,0.0
2012-05-01 00:00:00-04:00,13.220650741029692,13.220650741029692,13.174825668334961,13.174825668334961,1800,0.0,0.0,0.0
2012-05-02 00:00:00-04:00,12.991520935045253,13.121359825134277,12.991520935045253,13.121359825134277,8500,0.0,0.0,0.0
2012-05-03 00:00:00-04:00,13.083178328938644,13.106091601127982,12.930427551269531,12.930427551269531,6000,0.0,0.0,0.0
2012-05-04 00:00:00-04:00,12.838773068514898,12.84641082421544,12.754760669314836,12.800585746765137,2100,0.0,0.0,0.0
2012-05-07 00:00:00-04:00,12.739485223831771,12.770034790039062,12.739485223831771,12.770034790039062,1700,0.0,0.0,0.0
2012-05-08 00:00:00-04:00,12.68602012068748,12.693657875061035,12.548543455468891,12.693657875061035,2800,0.0,0.0,0.0
2012-05-09 00:00:00-04:00,12.647832293786124,12.716570631531113,12.624920485706328,12.708932876586914,5800,0.0,0.0,0.0
2012-05-10 00:00:00-04:00,12.77003317282415,12.77003317282415,12.708932591394474,12.73184585571289,1600,0.0,0.0,0.0
2012-05-11 00:00:00-04:00,12.60200722087373,12.762395704443506,12.60200722087373,12.708932876586914,2900,0.0,0.0,0.0
2012-05-14 00:00:00-04:00,12.556180793892876,12.579092599501845,12.502717971801758,12.502717971801758,6300,0.0,0.0,0.0
2012-05-15 00:00:00-04:00,12.487442647818137,12.52562996223165,12.365241493591695,12.395791053771973,15000,0.0,0.0,0.0
2012-05-16 00:00:00-04:00,12.487444191383767,12.487444191383767,12.311780192563617,12.334692001342773,5800,0.0,0.0,0.0
2012-05-17 00:00:00-04:00,12.166665926166484,12.166665926166484,11.952813148498535,11.952813148498535,2400,0.0,0.0,0.0
2012-05-18 00:00:00-04:00,12.006277210598107,12.006277210598107,11.80006217956543,11.80006217956543,2500,0.0,0.0,0.0
2012-05-21 00:00:00-04:00,11.998637360409692,12.044463157653809,11.998637360409692,12.044463157653809,1100,0.0,0.0,0.0
2012-05-22 00:00:00-04:00,12.082650917506488,12.204852076825555,12.067376136779785,12.067376136779785,8100,0.0,0.0,0.0
2012-05-23 00:00:00-04:00,11.884074397801184,12.067376136779785,11.884074397801184,12.067376136779785,1100,0.0,0.0,0.0
2012-05-24 00:00:00-04:00,12.120839564295453,12.136115074157715,12.03682644518222,12.136115074157715,1400,0.0,0.0,0.0
2012-05-25 00:00:00-04:00,12.204850196838379,12.204850196838379,12.204850196838379,12.204850196838379,800,0.0,0.0,0.0
2012-05-29 00:00:00-04:00,12.388153424508138,12.388153424508138,12.281227777669521,12.319415092468262,1500,0.0,0.0,0.0
2012-05-30 00:00:00-04:00,12.128476364126186,12.14375114440918,12.105563829513526,12.14375114440918,1000,0.0,0.0,0.0
2012-05-31 00:00:00-04:00,11.983365062521354,12.10556697845459,11.968090278265032,12.10556697845459,700,0.0,0.0,0.0
2012-06-01 00:00:00-04:00,11.838245326342625,11.838245326342625,11.708406448364258,11.708406448364258,3500,0.0,0.0,0.0
2012-06-04 00:00:00-04:00,11.609121230631079,11.609121230631079,11.517470359802246,11.517470359802246,1100,0.0,0.0,0.0
2012-06-05 00:00:00-04:00,11.647310781012154,11.754237174987793,11.647310781012154,11.754237174987793,7800,0.0,0.0,0.0
2012-06-06 00:00:00-04:00,11.800058802939501,11.990998268127441,11.800058802939501,11.990998268127441,2900,0.0,0.0,0.0
2012-06-07 00:00:00-04:00,12.044463157653809,12.097925980791663,12.044463157653809,12.044463157653809,5600,0.0,0.0,0.0
2012-06-08 00:00:00-04:00,12.021550052879418,12.097926139831543,12.021550052879418,12.097926139831543,600,0.0,0.0,0.0
2012-06-11 00:00:00-04:00,12.189576646219042,12.189576646219042,11.86879825592041,11.86879825592041,3900,0.0,0.0,0.0
2012-06-12 00:00:00-04:00,11.968086526937388,11.968086526937388,11.891710444465824,11.937536239624023,3600,0.0,0.0,0.0
2012-06-13 00:00:00-04:00,11.991001860930892,12.029189911085824,11.98336410522461,11.98336410522461,900,0.0,0.0,0.0
2012-06-14 00:00:00-04:00,11.899347412242381,11.990998268127441,11.899347412242381,11.990998268127441,1000,0.0,0.0,0.0
2012-06-15 00:00:00-04:00,12.065544128417969,12.065544128417969,12.065544128417969,12.065544128417969,800,0.097,0.0,0.0
2012-06-18 00:00:00-04:00,12.119339619772072,12.18082003935394,12.119339619772072,12.134709358215332,1100,0.0,0.0,0.0
2012-06-19 00:00:00-04:00,12.349891983689725,12.372947692871094,12.342206747295936,12.372947692871094,3600,0.0,0.0,0.0
2012-06-20 00:00:00-04:00,12.426742881818656,12.426742881818656,12.342206747295936,12.372947692871094,2100,0.0,0.0,0.0
2012-06-21 00:00:00-04:00,12.296095642843834,12.296095642843834,12.134709358215332,12.134709358215332,2000,0.0,0.0,0.0
2012-06-22 00:00:00-04:00,12.096283810398594,12.12702401992942,12.096283810398594,12.111654281616211,4800,0.0,0.0,0.0
2012-06-25 00:00:00-04:00,11.973324254300389,11.973324254300389,11.873418379401834,11.904158592224121,1300,0.0,0.0,0.0
2012-06-26 00:00:00-04:00,11.92721567372796,11.950270652770996,11.92721567372796,11.950270652770996,900,0.0,0.0,0.0
2012-06-27 00:00:00-04:00,12.01943365302373,12.111654281616211,12.01943365302373,12.111654281616211,4100,0.0,0.0,0.0
2012-06-28 00:00:00-04:00,12.07323159968202,12.07323159968202,12.042491383115667,12.050176620483398,700,0.0,0.0,0.0
2012-06-29 00:00:00-04:00,12.457480551850175,12.511277198791504,12.457480551850175,12.511277198791504,3800,0.0,0.0,0.0
2012-07-02 00:00:00-04:00,12.580449009398786,12.580449009398786,12.526652336120605,12.526652336120605,800,0.0,0.0,0.0
2012-07-03 00:00:00-04:00,12.680351257324219,12.68803649458939,12.680351257324219,12.680351257324219,1000,0.0,0.0,0.0
2012-07-05 00:00:00-04:00,12.680351029380546,12.718775749206543,12.60350012391945,12.718775749206543,2300,0.0,0.0,0.0
2012-07-06 00:00:00-04:00,12.580445289611816,12.580445289611816,12.580445289611816,12.580445289611816,100,0.0,0.0,0.0
2012-07-09 00:00:00-04:00,12.442114707063494,12.49590990185859,12.442114707063494,12.465168952941895,1500,0.0,0.0,0.0
2012-07-10 00:00:00-04:00,12.465167476858982,12.465167476858982,12.396001815795898,12.396001815795898,2000,0.0,0.0,0.0
2012-07-11 00:00:00-04:00,12.349892417246243,12.349892417246243,12.30378246307373,12.30378246307373,600,0.0,0.0,0.0
2012-07-12 00:00:00-04:00,12.211558658435655,12.28840880645008,12.211558658435655,12.280723571777344,900,0.0,0.0,0.0
2012-07-13 00:00:00-04:00,12.31914882050798,12.43442440032959,12.31146358641207,12.43442440032959,93700,0.0,0.0,0.0
2012-07-16 00:00:00-04:00,12.349891983689725,12.411372409031078,12.349891983689725,12.372947692871094,1800,0.0,0.0,0.0
2012-07-17 00:00:00-04:00,12.426742754826615,12.47285270690918,12.426742754826615,12.47285270690918,2300,0.0,0.0,0.0
2012-07-18 00:00:00-04:00,12.572759836922394,12.572759836922394,12.54201889038086,12.54201889038086,700,0.0,0.0,0.0
2012-07-19 00:00:00-04:00,12.565074920654297,12.565074920654297,12.565074920654297,12.565074920654297,700,0.0,0.0,0.0
2012-07-20 00:00:00-04:00,12.42674414230612,12.449799853826109,12.396003193612803,12.403688430786133,2000,0.0,0.0,0.0
2012-07-23 00:00:00-04:00,12.226931147047146,12.226931147047146,12.219245910644531,12.219245910644531,700,0.0,0.0,0.0
2012-07-24 00:00:00-04:00,12.273041101501889,12.273041101501889,12.034803917543067,12.065544128417969,3400,0.0,0.0,0.0
2012-07-25 00:00:00-04:00,12.080917454620378,12.103972434997559,12.042491998722003,12.103972434997559,1700,0.0,0.0,0.0
2012-07-26 00:00:00-04:00,12.196191781498714,12.234617233276367,12.157766329721062,12.234617233276367,1200,0.0,0.0,0.0
2012-07-27 00:00:00-04:00,12.33451971903035,12.511277198791504,12.33451971903035,12.511277198791504,2500,0.0,0.0,0.0
2012-07-30 00:00:00-04:00,12.503591110912955,12.534330584117459,12.44979593344859,12.495905876159668,4600,0.0,0.0,0.0
2012-07-31 00:00:00-04:00,12.449796782381592,12.511277198791504,12.449796782381592,12.511277198791504,600,0.0,0.0,0.0
2012-08-01 00:00:00-04:00,12.47285270690918,12.47285270690918,12.47285270690918,12.47285270690918,400,0.0,0.0,0.0
2012-08-02 00:00:00-04:00,12.380634217443829,12.380634217443829,12.226932405193617,12.319153785705566,1600,0.0,0.0,0.0
2012-08-03 00:00:00-04:00,12.580445819061017,12.611185301615132,12.565075344879412,12.572760581970215,4300,0.0,0.0,0.0
2012-08-06 00:00:00-04:00,12.641925266199951,12.67266474636196,12.641925266199951,12.657294273376465,1600,0.0,0.0,0.0
2012-08-07 00:00:00-04:00,12.71877489063114,12.810996264120913,12.71877489063114,12.780255317687988,7400,0.0,0.0,0.0
2012-08-08 00:00:00-04:00,12.810997009277344,12.810997009277344,12.810997009277344,12.810997009277344,300,0.0,0.0,0.0
2012-08-09 00:00:00-04:00,12.864792823791506,12.880163298643874,12.864792823791506,12.864792823791504,500,0.0,0.0,0.0
2012-08-10 00:00:00-04:00,12.826365999410713,12.826365999410713,12.80331029091246,12.818680763244629,1400,0.0,0.0,0.0
2012-08-13 00:00:00-04:00,12.864792823791506,12.87247806121769,12.80331239019119,12.864792823791504,900,0.0,0.0,0.0
2012-08-14 00:00:00-04:00,12.88016202316947,12.887847259834613,12.84173583984375,12.84173583984375,700,0.0,0.0,0.0
2012-08-15 00:00:00-04:00,12.864792823791506,12.864792823791506,12.864792823791506,12.864792823791504,300,0.0,0.0,0.0
2012-08-16 00:00:00-04:00,12.887848606654755,13.018494711997096,12.880163369186478,13.003124237060547,3000,0.0,0.0,0.0
2012-08-17 00:00:00-04:00,13.033862962542496,13.049233436584473,13.026179191330591,13.049233436584473,1100,0.0,0.0,0.0
2012-08-20 00:00:00-04:00,13.072290759663998,13.072290759663998,13.018495559692383,13.018495559692383,3200,0.0,0.0,0.0
2012-08-21 00:00:00-04:00,13.118400294818908,13.126085532537543,12.987754185220563,13.010809898376465,13900,0.0,0.0,0.0
2012-08-22 00:00:00-04:00,13.018493436689894,13.018493436689894,12.926272061913876,12.980067253112793,11900,0.0,0.0,0.0
2012-08-23 00:00:00-04:00,12.957012609213168,12.957012609213168,12.887846946716309,12.887846946716309,1200,0.0,0.0,0.0
2012-08-24 00:00:00-04:00,12.849419171351549,12.99543571472168,12.849419171351549,12.99543571472168,2100,0.0,0.0,0.0
2012-08-27 00:00:00-04:00,13.04923334435299,13.04923334435299,12.972382440495373,12.987752914428711,2600,0.0,0.0,0.0
2012-08-28 00:00:00-04:00,12.926265937115554,13.010802035120768,12.926265937115554,12.972375869750977,8200,0.0,0.0,0.0
2012-08-29 00:00:00-04:00,13.00312453652939,13.03386402130127,13.00312453652939,13.03386402130127,2000,0.0,0.0,0.0
2012-08-30 00:00:00-04:00,12.94932163633743,12.972375869750975,12.926265937115554,12.972375869750977,1500,0.0,0.0,0.0
2012-08-31 00:00:00-04:00,13.033864569820512,13.033864569820512,12.949329883783372,13.018495559692383,11100,0.0,0.0,0.0
2012-09-04 00:00:00-04:00,12.933957708854209,13.079974279460336,12.933957708854209,13.064603805541992,5300,0.0,0.0,0.0
2012-09-05 00:00:00-04:00,13.064603910626447,13.064603910626447,13.049233436584473,13.049233436584473,4400,0.0,0.0,0.0
2012-09-06 00:00:00-04:00,13.14914303005842,13.364323852143775,13.14914303005842,13.325899124145508,8000,0.0,0.0,0.0
2012-09-07 00:00:00-04:00,13.448859449288904,13.448859449288904,13.41043472290039,13.41043472290039,7700,0.0,0.0,0.0
2012-09-10 00:00:00-04:00,13.433485890247725,13.433485890247725,13.372005462646484,13.372005462646484,1100,0.0,0.0,0.0
2012-09-11 00:00:00-04:00,13.433485776272974,13.464226722717285,13.433485776272974,13.464226722717285,3000,0.0,0.0,0.0
2012-09-12 00:00:00-04:00,13.487279465771735,13.556445121765137,13.487279465771735,13.556445121765137,3800,0.0,0.0,0.0
2012-09-13 00:00:00-04:00,13.50265035491609,13.717832565307617,13.50265035491609,13.717832565307617,2900,0.0,0.0,0.0
2012-09-14 00:00:00-04:00,13.894591968459801,13.894591968459801,13.871536254882812,13.871536254882812,400,0.0,0.0,0.0
2012-09-17 00:00:00-04:00,13.80236169521125,13.80236169521125,13.763936996459961,13.763936996459961,3400,0.0,0.0,0.0
2012-09-18 00:00:00-04:00,13.664042050144102,13.664042050144102,13.625615857040774,13.656356811523438,1900,0.0,0.0,0.0
2012-09-19 00:00:00-04:00,13.648663424048951,13.748568534851074,13.648663424048951,13.748568534851074,1500,0.0,0.0,0.0
2012-09-20 00:00:00-04:00,13.564135413884836,13.656356811523438,13.564135413884836,13.656356811523438,2800,0.0,0.0,0.0
2012-09-21 00:00:00-04:00,13.721181668793106,13.721181668793106,13.667160034179688,13.667160034179688,4700,0.074,0.0,0.0
2012-09-24 00:00:00-04:00,13.597703001372961,13.651723149787884,13.582268252700512,13.64400577545166,6300,0.0,0.0,0.0
2012-09-25 00:00:00-04:00,13.605421987447789,13.620856739618535,13.466513633728027,13.466513633728027,5000,0.0,0.0,0.0
2012-09-26 00:00:00-04:00,13.381620383863325,13.427923156032314,13.335317611694336,13.335317611694336,2800,0.0,0.0,0.0
2012-09-27 00:00:00-04:00,13.36618709564209,13.36618709564209,13.36618709564209,13.36618709564209,300,0.0,0.0,0.0
2012-09-28 00:00:00-04:00,13.389337539672852,13.389337539672852,13.389337539672852,13.389337539672852,300,0.0,0.0,0.0
2012-10-01 00:00:00-04:00,13.458797471350177,13.458797471350177,13.381625175476074,13.381625175476074,600,0.0,0.0,0.0
2012-10-02 00:00:00-04:00,13.389337804230022,13.427923202514648,13.389337804230022,13.427923202514648,2200,0.0,0.0,0.0
2012-10-03 00:00:00-04:00,13.435644867805546,13.528251913980693,13.435644867805546,13.489665031433105,3600,0.0,0.0,0.0
2012-10-04 00:00:00-04:00,13.56683277203931,13.589984893798828,13.551398024199631,13.589984893798828,1000,0.0,0.0,0.0
2012-10-05 00:00:00-04:00,13.589984893798828,13.589984893798828,13.589984893798828,13.589984893798828,0,0.0,0.0,0.0
2012-10-08 00:00:00-04:00,13.597702980041504,13.597702980041504,13.597702980041504,13.597702980041504,800,0.0,0.0,0.0
2012-10-09 00:00:00-04:00,13.597706830627287,13.613140111707256,13.489665031433105,13.489665031433105,5600,0.0,0.0,0.0
2012-10-10 00:00:00-04:00,13.42792821524346,13.435645592169049,13.420210838317871,13.420210838317871,1300,0.0,0.0,0.0
2012-10-11 00:00:00-04:00,13.528248075003114,13.528248075003114,13.520530700683594,13.520530700683594,600,0.0,0.0,0.0
2012-10-12 00:00:00-04:00,13.38933828634899,13.41248893737793,13.38933828634899,13.41248893737793,500,0.0,0.0,0.0
2012-10-15 00:00:00-04:00,13.451071297807422,13.512808799743654,13.389333795871192,13.512808799743652,26400,0.0,0.0,0.0
2012-10-16 00:00:00-04:00,13.62085222943634,13.65172172355622,13.62085222943634,13.628569602966309,15100,0.0,0.0,0.0
2012-10-17 00:00:00-04:00,13.79063201799955,13.79063201799955,13.728894499393729,13.76747989654541,4500,0.0,0.0,0.0
2012-10-18 00:00:00-04:00,13.78291440279666,13.798347678223914,13.77519702911377,13.77519702911377,800,0.0,0.0,0.0
2012-10-19 00:00:00-04:00,13.70574114917295,13.70574114917295,13.620851516723633,13.620851516723633,1900,0.0,0.0,0.0
2012-10-22 00:00:00-04:00,13.582268714904785,13.582268714904785,13.582268714904785,13.582268714904785,200,0.0,0.0,0.0
2012-10-23 00:00:00-04:00,13.335315525076302,13.435638427734375,13.335315525076302,13.435638427734375,4900,0.0,0.0,0.0
2012-10-24 00:00:00-04:00,13.451075324648581,13.451075324648581,13.427923202514648,13.427923202514648,4100,0.0,0.0,0.0
2012-10-25 00:00:00-04:00,13.497378096977853,13.505095471022496,13.427923202514648,13.427923202514648,1800,0.0,0.0,0.0
2012-10-26 00:00:00-04:00,13.350754463105611,13.350754463105611,13.343038558959961,13.343038558959961,300,0.0,0.0,0.0
2012-10-31 00:00:00-04:00,13.435638427734375,13.443355800544742,13.389335662810522,13.435638427734375,8800,0.0,0.0,0.0
2012-11-01 00:00:00-04:00,13.466514136228858,13.667160034179688,13.466514136228858,13.667160034179688,1900,0.0,0.0,0.0
2012-11-02 00:00:00-04:00,13.5899846637871,13.620852687005444,13.566832542419434,13.566832542419434,600,0.0,0.0,0.0
2012-11-05 00:00:00-05:00,13.4973783493042,13.4973783493042,13.4973783493042,13.4973783493042,500,0.0,0.0,0.0
2012-11-06 00:00:00-05:00,13.620857689395534,13.736615394869899,13.620857689395534,13.713464736938477,2900,0.0,0.0,0.0
2012-11-07 00:00:00-05:00,13.54367942195921,13.57454891483891,13.381619000156082,13.44335651397705,2800,0.0,0.0,0.0
2012-11-08 00:00:00-05:00,13.42020553820678,13.42020553820678,13.234992980957031,13.234992980957031,3300,0.0,0.0,0.0
2012-11-09 00:00:00-05:00,13.150101493853183,13.335314004365992,13.150101493853183,13.2504243850708,7900,0.0,0.0,0.0
2012-11-12 00:00:00-05:00,13.219559669494629,13.2658639177919,13.211843766717138,13.219559669494629,22300,0.0,0.0,0.0
2012-11-13 00:00:00-05:00,13.25814654307569,13.25814654307569,13.219559669494629,13.219559669494629,8600,0.0,0.0,0.0
2012-11-14 00:00:00-05:00,13.219560082121028,13.219560082121028,12.934024568402277,12.941741943359375,2700,0.0,0.0,0.0
2012-11-15 00:00:00-05:00,12.926306462370983,12.972609237556048,12.841416814582795,12.887721061706543,4800,0.0,0.0,0.0
2012-11-16 00:00:00-05:00,12.903150587001155,12.98804021010626,12.84913045300273,12.98032283782959,800,0.0,0.0,0.0
2012-11-19 00:00:00-05:00,13.20412684285495,13.20412684285495,13.188692092895508,13.188692092895508,1700,0.0,0.0,0.0
2012-11-20 00:00:00-05:00,13.258143424987793,13.258143424987793,13.258143424987793,13.258143424987793,1300,0.0,0.0,0.0
2012-11-21 00:00:00-05:00,13.258143424987793,13.258143424987793,13.258143424987793,13.258143424987793,0,0.0,0.0,0.0
2012-11-23 00:00:00-05:00,13.451075553894043,13.451075553894043,13.451075553894043,13.451075553894043,1000,0.0,0.0,0.0
2012-11-26 00:00:00-05:00,13.443360796129024,13.458795547485352,13.443360796129024,13.458795547485352,600,0.0,0.0,0.0
2012-11-27 00:00:00-05:00,13.45879054616548,13.466507918975847,13.435638427734375,13.435638427734375,600,0.0,0.0,0.0
2012-11-28 00:00:00-05:00,13.358470428545214,13.528249740600586,13.358470428545214,13.528249740600586,2600,0.0,0.0,0.0
2012-11-29 00:00:00-05:00,13.620853631075212,13.620853631075212,13.597702980041504,13.597702980041504,1000,0.0,0.0,0.0
2012-11-30 00:00:00-05:00,13.628569602966309,13.628569602966309,13.589984207254954,13.628569602966309,1500,0.0,0.0,0.0
2012-12-03 00:00:00-05:00,13.674871656668317,13.674871656668317,13.597700869283578,13.620851516723633,2600,0.0,0.0,0.0
2012-12-04 00:00:00-05:00,13.605420565186419,13.605420565186419,13.574552536010742,13.574552536010742,900,0.0,0.0,0.0
2012-12-05 00:00:00-05:00,13.551398755355613,13.65944052412411,13.551398755355613,13.64400577545166,3400,0.0,0.0,0.0
2012-12-06 00:00:00-05:00,13.605417010892742,13.651721250467931,13.605417010892742,13.613134384155273,3300,0.0,0.0,0.0
2012-12-07 00:00:00-05:00,13.667155942712817,13.667155942712817,13.659440040588379,13.659440040588379,1100,0.0,0.0,0.0
2012-12-10 00:00:00-05:00,13.698027610778809,13.698027610778809,13.698027610778809,13.698027610778809,200,0.0,0.0,0.0
2012-12-11 00:00:00-05:00,13.782917526211177,13.798350805135843,13.736613273620605,13.736613273620605,1100,0.0,0.0,0.0
2012-12-12 00:00:00-05:00,13.806070083831491,13.852374342805431,13.806070083831491,13.813787460327148,1500,0.0,0.0,0.0
2012-12-13 00:00:00-05:00,13.775198689250788,13.775198689250788,13.705743789672852,13.705743789672852,2500,0.0,0.0,0.0
2012-12-14 00:00:00-05:00,13.736613273620605,13.744330649052367,13.736613273620605,13.736613273620605,1900,0.0,0.0,0.0
2012-12-17 00:00:00-05:00,13.744323094212632,13.890950202941895,13.744323094212632,13.890950202941895,9000,0.0,0.0,0.0
2012-12-18 00:00:00-05:00,13.952698229229863,14.060738563537598,13.952698229229863,14.060738563537598,2000,0.0,0.0,0.0
2012-12-19 00:00:00-05:00,14.083890694577466,14.091608071590755,14.060738563537598,14.060738563537598,6600,0.0,0.0,0.0
2012-12-20 00:00:00-05:00,14.022145057017658,14.107034683227539,14.022145057017658,14.107034683227539,1300,0.0,0.0,0.0
2012-12-21 00:00:00-05:00,14.006598843720584,14.006598843720584,13.913170443388791,13.959884643554688,2100,0.161,0.0,0.0
2012-12-24 00:00:00-05:00,13.959884643554688,13.959884643554688,13.959884643554688,13.959884643554688,200,0.0,0.0,0.0
2012-12-26 00:00:00-05:00,13.936530151032612,13.936530151032612,13.850887677644632,13.858672142028809,3800,0.0,0.0,0.0
2012-12-27 00:00:00-05:00,13.687385938102855,13.819744110107422,13.679599988571052,13.819744110107422,5400,0.0,0.0,0.0
2012-12-28 00:00:00-05:00,13.75745635483774,13.796384612826742,13.695170251044624,13.702956199645996,6400,0.0,0.0,0.0
2012-12-31 00:00:00-05:00,13.710744199900233,13.874244689941406,13.710744199900233,13.874244689941406,2400,0.0,0.0,0.0
2013-01-02 00:00:00-05:00,14.279106704244096,14.325820922851562,14.271320753639813,14.325820922851562,700,0.0,0.0,0.0
2013-01-03 00:00:00-05:00,14.333609516802195,14.411467552185059,14.302467193660155,14.411467552185059,4500,0.0,0.0,0.0
2013-01-04 00:00:00-05:00,14.419245348151211,14.465959548950195,14.403673452878994,14.465959548950195,35100,0.0,0.0,0.0
2013-01-07 00:00:00-05:00,14.427031165140335,14.427031165140335,14.364745069633177,14.39588737487793,1400,0.0,0.0,0.0
2013-01-08 00:00:00-05:00,14.333604508221354,14.349176406860352,14.333604508221354,14.349176406860352,400,0.0,0.0,0.0
2013-01-09 00:00:00-05:00,14.411459270009132,14.419245217574733,14.388101427312327,14.39588737487793,14900,0.0,0.0,0.0
2013-01-10 00:00:00-05:00,14.489320409885481,14.489320409885481,14.403676453066897,14.458176612854004,19500,0.0,0.0,0.0
2013-01-11 00:00:00-05:00,14.473753372642397,14.473753372642397,14.411467242677494,14.42703914642334,6900,0.0,0.0,0.0
2013-01-14 00:00:00-05:00,14.434821848857966,14.473750114440918,14.434821848857966,14.473750114440918,8300,0.0,0.0,0.0
2013-01-15 00:00:00-05:00,14.489316571195015,14.536030769348145,14.489316571195015,14.536030769348145,6700,0.0,0.0,0.0
2013-01-16 00:00:00-05:00,14.567179455501238,14.567179455501238,14.543823088700226,14.55160903930664,1700,0.0,0.0,0.0
2013-01-17 00:00:00-05:00,14.668390202325712,14.738462248277724,14.652818306554662,14.699532508850098,14500,0.0,0.0,0.0
2013-01-18 00:00:00-05:00,14.738462448120117,14.738462448120117,14.683962297200177,14.738462448120117,12600,0.0,0.0,0.0
2013-01-22 00:00:00-05:00,14.761819385945715,14.785177230834961,14.761819385945715,14.785177230834961,400,0.0,0.0,0.0
2013-01-23 00:00:00-05:00,14.761820005608092,14.886393698562214,14.761820005608092,14.878607749938965,1500,0.0,0.0,0.0
2013-01-24 00:00:00-05:00,14.956463887666583,15.003179578223946,14.917535630553266,14.925321578979492,1100,0.0,0.0,0.0
2013-01-25 00:00:00-05:00,14.92532234887588,15.010966300964355,14.92532234887588,15.010966300964355,2400,0.0,0.0,0.0
2013-01-28 00:00:00-05:00,15.049894560085718,15.049894560085718,14.972036556825095,15.010966300964355,15200,0.0,0.0,0.0
2013-01-29 00:00:00-05:00,14.995394176931434,15.049894332885742,14.987608228221124,15.049894332885742,5700,0.0,0.0,0.0
2013-01-30 00:00:00-05:00,15.01875114440918,15.042107504155807,15.01875114440918,15.01875114440918,3900,0.0,0.0,0.0
2013-01-31 00:00:00-05:00,14.979816880290901,15.034317016601564,14.964244988482902,15.034317016601562,22000,0.0,0.0,0.0
2013-02-01 00:00:00-05:00,15.1199669288818,15.190038984771457,15.1199669288818,15.174467086791992,4900,0.0,0.0,0.0
2013-02-04 00:00:00-05:00,15.034322314328659,15.08882246984384,14.979822158813477,14.979822158813477,3600,0.0,0.0,0.0
2013-02-05 00:00:00-05:00,15.096609612841663,15.127753409895877,15.081039199332533,15.119967460632324,1900,0.0,0.0,0.0
2013-02-06 00:00:00-05:00,15.04210892400241,15.182253035781725,15.04210892400241,15.174467086791992,1400,0.0,0.0,0.0
2013-02-07 00:00:00-05:00,15.236754304344586,15.29125446622746,15.096610182349748,15.166682243347168,37900,0.0,0.0,0.0
2013-02-08 00:00:00-05:00,15.213396646750107,15.267896803997594,15.213396646750107,15.260110855102539,8300,0.0,0.0,0.0
2013-02-11 00:00:00-05:00,15.236745095687947,15.283459279780821,15.236745095687947,15.275674819946289,3500,0.0,0.0,0.0
2013-02-12 00:00:00-05:00,15.40025440106347,15.423610761875183,15.392468452453613,15.392468452453613,4300,0.0,0.0,0.0
2013-02-13 00:00:00-05:00,15.408042332891386,15.439184646321381,15.392470433667366,15.415826797485352,3100,0.0,0.0,0.0
2013-02-14 00:00:00-05:00,15.446966752947306,15.501466901654469,15.446966752947306,15.493680953979492,2600,0.0,0.0,0.0
2013-02-15 00:00:00-05:00,15.501471753089263,15.540400018629699,15.431399687101967,15.462543487548828,24000,0.0,0.0,0.0
2013-02-19 00:00:00-05:00,15.501473373771171,15.587117348935992,15.501473373771171,15.579331398010254,5900,0.0,0.0,0.0
2013-02-20 00:00:00-05:00,15.555969102539303,15.555969102539303,15.306824684143066,15.306824684143066,2300,0.0,0.0,0.0
2013-02-21 00:00:00-05:00,15.24453628764193,15.24453628764193,15.073249897000613,15.096606254577637,30300,0.0,0.0,0.0
2013-02-22 00:00:00-05:00,15.190039823460562,15.283468246459961,15.190039823460562,15.283468246459961,2300,0.0,0.0,0.0
2013-02-25 00:00:00-05:00,15.400251380181036,15.400251380181036,14.987605094909668,14.987605094909668,1400,0.0,0.0,0.0
2013-02-26 00:00:00-05:00,15.034326891423781,15.065470695495605,14.97204076829845,15.065470695495605,6000,0.0,0.0,0.0
2013-02-27 00:00:00-05:00,15.314612044138432,15.314612044138432,15.283468246459961,15.283468246459961,1400,0.0,0.0,0.0
2013-02-28 00:00:00-05:00,15.306824684143066,15.408040532252707,15.29903873544095,15.306824684143066,2700,0.0,0.0,0.0
2013-03-01 00:00:00-05:00,15.236754299680701,15.369112472077754,15.236754299680701,15.345754623413086,2100,0.0,0.0,0.0
2013-03-04 00:00:00-05:00,15.330180149431524,15.431394496804433,15.330180149431524,15.408038139343262,3900,0.0,0.0,0.0
2013-03-05 00:00:00-05:00,15.571545447084516,15.618259667620647,15.55597354523304,15.579331398010254,11500,0.0,0.0,0.0
2013-03-06 00:00:00-05:00,15.610471725463867,15.65718742505936,15.594901310616809,15.610471725463867,19200,0.0,0.0,0.0
2013-03-07 00:00:00-05:00,15.641611228190222,15.719469221109087,15.62603933260291,15.71168327331543,3400,0.0,0.0,0.0
2013-03-08 00:00:00-05:00,15.812895176963904,15.867395318065876,15.758395035861932,15.844038963317871,11100,0.0,0.0,0.0
2013-03-11 00:00:00-04:00,15.820689642443972,15.921905517578125,15.812903691663017,15.921905517578125,24300,0.0,0.0,0.0
2013-03-12 00:00:00-04:00,15.898541450500488,15.91411334597535,15.85182724909359,15.898541450500488,5600,0.0,0.0,0.0
2013-03-13 00:00:00-04:00,15.914115678308411,15.984187733197187,15.90632972942989,15.953043937683105,10500,0.0,0.0,0.0
2013-03-14 00:00:00-04:00,16.03090065293306,16.046472549438477,16.023114704680353,16.046472549438477,1400,0.0,0.0,0.0
2013-03-15 00:00:00-04:00,16.08630255963193,16.094111622956195,16.023831542464343,16.0706844329834,9400,0.061,0.0,0.0
2013-03-18 00:00:00-04:00,15.914497812183837,16.04724884033203,15.914497812183837,16.04724884033203,10400,0.0,0.0,0.0
2013-03-19 00:00:00-04:00,16.04725112283306,16.094105484909107,15.836412451194706,15.906692504882812,9300,0.0,0.0,0.0
2013-03-20 00:00:00-04:00,15.992588104152034,16.1253391421702,15.992588104152034,16.101913452148438,12300,0.0,0.0,0.0
2013-03-21 00:00:00-04:00,16.00820651289393,16.07067750312331,15.906691712305898,15.914499282836914,16300,0.0,0.0,0.0
2013-03-22 00:00:00-04:00,15.992595317286668,15.992595317286668,15.945742426685232,15.969169616699219,64400,0.0,0.0,0.0
2013-03-25 00:00:00-04:00,16.000399573968025,16.101915877439065,15.891075698930988,15.930119514465332,4700,0.0,0.0,0.0
2013-03-26 00:00:00-04:00,15.992589606429998,16.039443969726562,15.969163914207721,16.039443969726562,4100,0.0,0.0,0.0
2013-03-27 00:00:00-04:00,15.945742773913167,16.062875747680664,15.945742773913167,16.062875747680664,14100,0.0,0.0,0.0
2013-03-28 00:00:00-04:00,16.101913443538436,16.156575372794478,16.031633394658993,16.133148193359375,22400,0.0,0.0,0.0
2013-04-01 00:00:00-04:00,16.13314241738545,16.156569588433175,15.992582369949751,16.031627655029297,2500,0.0,0.0,0.0
2013-04-02 00:00:00-04:00,16.109727707513656,16.109727707513656,15.930123725496706,15.961359977722168,2100,0.0,0.0,0.0
2013-04-03 00:00:00-04:00,16.00820782300713,16.00820782300713,15.71147096748908,15.734896659851074,4400,0.0,0.0,0.0
2013-04-04 00:00:00-04:00,15.742701737495752,15.789554599791842,15.742701737495752,15.758319854736328,700,0.0,0.0,0.0
2013-04-05 00:00:00-04:00,15.617765633403254,15.80517864227295,15.547485568898843,15.80517864227295,7400,0.0,0.0,0.0
2013-04-08 00:00:00-04:00,15.75832464091769,15.930119514465334,15.75832464091769,15.930119514465332,700,0.0,0.0,0.0
2013-04-09 00:00:00-04:00,15.961354853658294,16.062869661948838,15.961354853658294,16.039443969726562,16700,0.0,0.0,0.0
2013-04-10 00:00:00-04:00,16.10191573823575,16.20343055140309,16.10191573823575,16.195621490478516,3200,0.0,0.0,0.0
2013-04-11 00:00:00-04:00,16.18781357989706,16.35180089211433,16.18781357989706,16.312755584716797,5700,0.0,0.0,0.0
2013-04-12 00:00:00-04:00,16.304939228700682,16.304939228700682,16.172188221791856,16.20342445373535,9700,0.0,0.0,0.0
2013-04-15 00:00:00-04:00,16.078488073883573,16.101915255955618,15.781749725341797,15.781749725341797,6000,0.0,0.0,0.0
2013-04-16 00:00:00-04:00,15.93011819649487,15.93011819649487,15.891074384190796,15.906692504882812,4400,0.0,0.0,0.0
2013-04-17 00:00:00-04:00,15.891076250309313,15.891076250309313,15.617765063807454,15.695854187011719,10600,0.0,0.0,0.0
2013-04-18 00:00:00-04:00,15.703667829095396,15.703667829095396,15.570916727751976,15.609960556030273,2700,0.0,0.0,0.0
2013-04-19 00:00:00-04:00,15.719283872748848,15.81299114227295,15.672430982700057,15.81299114227295,2100,0.0,0.0,0.0
2013-04-22 00:00:00-04:00,15.867650408664284,15.883268532511403,15.68804645270121,15.859841346740723,13100,0.0,0.0,0.0
2013-04-23 00:00:00-04:00,16.023823152051957,16.04724884033203,16.023823152051957,16.04724884033203,1700,0.0,0.0,0.0
2013-04-24 00:00:00-04:00,16.078486272700808,16.140957261801955,16.055059093253178,16.101913452148438,10100,0.0,0.0,0.0
2013-04-25 00:00:00-04:00,16.20343056751909,16.343990685449114,16.1878124456544,16.265901565551758,4300,0.0,0.0,0.0
2013-04-26 00:00:00-04:00,16.187811294009343,16.250282287597656,16.14876748155139,16.250282287597656,4700,0.0,0.0,0.0
2013-04-29 00:00:00-04:00,16.26590270526594,16.359609953593836,16.26590270526594,16.312755584716797,6400,0.0,0.0,0.0
2013-04-30 00:00:00-04:00,16.289329916068127,16.3518009185791,16.24247554711526,16.3518009185791,3200,0.0,0.0,0.0
2013-05-01 00:00:00-04:00,16.33618354908875,16.33618354908875,16.140961471059217,16.16438865661621,3200,0.0,0.0,0.0
2013-05-02 00:00:00-04:00,16.195626053573484,16.328377147841568,16.195626053573484,16.320568084716797,2800,0.0,0.0,0.0
2013-05-03 00:00:00-04:00,16.523592778308252,16.578254709320635,16.523592778308252,16.547019958496094,7700,0.0,0.0,0.0
2013-05-06 00:00:00-04:00,16.539218892554118,16.617308041498205,16.539218892554118,16.609498977661133,5400,0.0,0.0,0.0
2013-05-07 00:00:00-04:00,16.687583155517522,16.73443603515625,16.617303091346333,16.73443603515625,7600,0.0,0.0,0.0
2013-05-08 00:00:00-04:00,16.664154462761473,16.796905517578125,16.664154462761473,16.796905517578125,1200,0.0,0.0,0.0
2013-05-09 00:00:00-04:00,16.804715330291483,16.812524391444935,16.664155208381572,16.679773330688477,19800,0.0,0.0,0.0
2013-05-10 00:00:00-04:00,16.742239406754223,16.812519447040476,16.73443034789734,16.804710388183594,4100,0.0,0.0,0.0
2013-05-13 00:00:00-04:00,16.765670776367188,16.781288899374477,16.765670776367188,16.765670776367188,1800,0.0,0.0,0.0
2013-05-14 00:00:00-04:00,16.812524433492147,16.999937433365364,16.812524433492147,16.992128372192383,16900,0.0,0.0,0.0
2013-05-15 00:00:00-04:00,17.062413396388067,17.132693477961656,17.038986206054688,17.038986206054688,2100,0.0,0.0,0.0
2013-05-16 00:00:00-04:00,17.03117220254817,17.062408447265625,17.03117220254817,17.062408447265625,2800,0.0,0.0,0.0
2013-05-17 00:00:00-04:00,17.11707193684765,17.210779190063477,17.11707193684765,17.210779190063477,1800,0.0,0.0,0.0
2013-05-20 00:00:00-04:00,17.25763052217975,17.304483399867024,17.202968583306905,17.234203338623047,12700,0.0,0.0,0.0
2013-05-21 00:00:00-04:00,17.28886527749589,17.29667433868146,17.18735046093577,17.234203338623047,4800,0.0,0.0,0.0
2013-05-22 00:00:00-04:00,17.351331972403813,17.413802956962147,16.874991273681186,16.99993324279785,10500,0.0,0.0,0.0
2013-05-23 00:00:00-04:00,16.7578625074177,16.929658889770508,16.632920496302702,16.929658889770508,3800,0.0,0.0,0.0
2013-05-24 00:00:00-04:00,16.78128778691504,16.859376907348633,16.77347872592907,16.859376907348633,3600,0.0,0.0,0.0
2013-05-28 00:00:00-04:00,17.12487940499974,17.12487940499974,16.953083038330078,16.953083038330078,12500,0.0,0.0,0.0
2013-05-29 00:00:00-04:00,16.757861378481355,16.88280487060547,16.757861378481355,16.88280487060547,3500,0.0,0.0,0.0
2013-05-30 00:00:00-04:00,16.945277004351002,17.031173706054688,16.945277004351002,17.031173706054688,1800,0.0,0.0,0.0
2013-05-31 00:00:00-04:00,16.98431851330455,17.054598571134377,16.890611273056095,16.898420333862305,7900,0.0,0.0,0.0
2013-06-03 00:00:00-04:00,16.898417628605504,16.898417628605504,16.625107991272422,16.74224090576172,78100,0.0,0.0,0.0
2013-06-04 00:00:00-04:00,16.85156246526519,16.914033443778408,16.671958588217898,16.75004768371582,4500,0.0,0.0,0.0
2013-06-05 00:00:00-04:00,16.59387280534007,16.60168186539134,16.461121763320314,16.47673988342285,11000,0.0,0.0,0.0
2013-06-06 00:00:00-04:00,16.515778379017146,16.5704402923584,16.414263609872737,16.5704402923584,1600,0.0,0.0,0.0
2013-06-07 00:00:00-04:00,16.711004688279704,16.8437557220459,16.648533701179485,16.8437557220459,1400,0.0,0.0,0.0
2013-06-10 00:00:00-04:00,16.843764107741983,16.86719129810251,16.79691121644748,16.82814598083496,8800,0.0,0.0,0.0
2013-06-11 00:00:00-04:00,16.664153677601,16.695388429919447,16.656344617164894,16.67196273803711,75900,0.0,0.0,0.0
2013-06-12 00:00:00-04:00,16.742244287432214,16.742244287432214,16.46893310546875,16.46893310546875,13100,0.0,0.0,0.0
2013-06-13 00:00:00-04:00,16.500172762920343,16.835955044288472,16.500172762920343,16.82814598083496,1400,0.0,0.0,0.0
2013-06-14 00:00:00-04:00,16.812521695676466,16.859374565658538,16.750050705891745,16.757858276367188,7500,0.0,0.0,0.0
2013-06-17 00:00:00-04:00,16.85157317119549,16.875000361556022,16.75005832515298,16.82814598083496,9700,0.0,0.0,0.0
2013-06-18 00:00:00-04:00,16.851567848666487,16.976509845606884,16.851567848666487,16.960891723632812,30900,0.0,0.0,0.0
2013-06-19 00:00:00-04:00,16.914041123963063,16.914041123963063,16.711009979248047,16.711009979248047,3000,0.0,0.0,0.0
2013-06-20 00:00:00-04:00,16.47675026955523,16.47675026955523,16.219057083129883,16.219057083129883,9000,0.0,0.0,0.0
2013-06-21 00:00:00-04:00,16.325790417958313,16.325790417958313,16.12956696823734,16.2237548828125,16700,0.106,0.0,0.0
2013-06-24 00:00:00-04:00,16.051082588661323,16.137419908987752,15.886254073371829,16.082477569580078,45100,0.0,0.0,0.0
2013-06-25 00:00:00-04:00,16.129565447044147,16.231602469632875,16.129565447044147,16.215904235839844,900,0.0,0.0,0.0
2013-06-26 00:00:00-04:00,16.333639148869995,16.435676178666032,16.333639148869995,16.404279708862305,13100,0.0,0.0,0.0
2013-06-27 00:00:00-04:00,16.482776587001233,16.663301876039043,16.482776587001233,16.58481216430664,2800,0.0,0.0,0.0
2013-06-28 00:00:00-04:00,16.482777723718698,16.655453903785023,16.482777723718698,16.60051155090332,900,0.0,0.0,0.0
2013-07-01 00:00:00-04:00,16.74963800664172,16.79673122725751,16.68684654679851,16.71039390563965,10200,0.0,0.0,0.0
2013-07-02 00:00:00-04:00,16.796729680208735,16.804578799099513,16.63190267470149,16.663297653198242,21700,0.0,0.0,0.0
2013-07-03 00:00:00-04:00,16.576959195591932,16.694692976696317,16.553411840544555,16.647598266601562,10500,0.0,0.0,0.0
2013-07-05 00:00:00-04:00,16.773183033451087,16.804578010474497,16.639751012702447,16.781030654907227,1200,0.0,0.0,0.0
2013-07-08 00:00:00-04:00,16.938007354736328,16.938007354736328,16.938007354736328,16.938007354736328,500,0.0,0.0,0.0
2013-07-09 00:00:00-04:00,17.08714409039538,17.126388194671858,16.992956144238576,17.102842330932617,15100,0.0,0.0,0.0
2013-07-10 00:00:00-04:00,17.134234623256987,17.149932861328125,17.06359404900324,17.149932861328125,10000,0.0,0.0,0.0
2013-07-11 00:00:00-04:00,17.3461528671566,17.440339282561098,17.299059659454354,17.38539695739746,7200,0.0,0.0,0.0
2013-07-12 00:00:00-04:00,17.37754708528393,17.401094436645508,17.369697968163404,17.401094436645508,2700,0.0,0.0,0.0
2013-07-15 00:00:00-04:00,17.424652445646135,17.49529304587157,17.39325595796064,17.487443923950195,29800,0.0,0.0,0.0
2013-07-16 00:00:00-04:00,17.416798010006723,17.416798010006723,17.32261007275311,17.36970329284668,5700,0.0,0.0,0.0
2013-07-17 00:00:00-04:00,17.408948118055502,17.487437812773223,17.408948118055502,17.45604133605957,17500,0.0,0.0,0.0
2013-07-18 00:00:00-04:00,17.628718190204516,17.660114668206568,17.58162497026791,17.652265548706055,3000,0.0,0.0,0.0
2013-07-19 00:00:00-04:00,17.550230390214026,17.660115071598245,17.550230390214026,17.613021850585938,2200,0.0,0.0,0.0
2013-07-22 00:00:00-04:00,17.61302449371424,17.68366508436675,17.61302449371424,17.667966842651367,10200,0.0,0.0,0.0
2013-07-23 00:00:00-04:00,17.69151114620862,17.69935876864266,17.620870567770474,17.652265548706055,16200,0.0,0.0,0.0
2013-07-24 00:00:00-04:00,17.5816269143743,17.589476034742738,17.503137207756563,17.510986328125,3700,0.0,0.0,0.0
2013-07-25 00:00:00-04:00,17.57377660781543,17.636568069458008,17.526683385850127,17.636568069458008,8000,0.0,0.0,0.0
2013-07-26 00:00:00-04:00,17.51098212921967,17.5894718170166,17.503133010733347,17.5894718170166,500,0.0,0.0,0.0
2013-07-29 00:00:00-04:00,17.558079882713233,17.57377662533963,17.5423816430203,17.565927505493164,5800,0.0,0.0,0.0
2013-07-30 00:00:00-04:00,17.628711700439453,17.667957283494303,17.581618497839557,17.628711700439453,3100,0.0,0.0,0.0
2013-07-31 00:00:00-04:00,17.746455381036018,17.809246846680022,17.699360659003045,17.72290802001953,2700,0.0,0.0,0.0
2013-08-01 00:00:00-04:00,17.989770107337293,18.036863327026367,17.958373629500272,18.036863327026367,6000,0.0,0.0,0.0
2013-08-02 00:00:00-04:00,17.950529451553397,17.997622680278976,17.950529451553397,17.974075317382812,4500,0.0,0.0,0.0
2013-08-05 00:00:00-04:00,17.997622680278976,18.02116854610839,17.926982088657233,17.974075317382812,22100,0.0,0.0,0.0
2013-08-06 00:00:00-04:00,17.950530691114132,17.950530691114132,17.77785301208496,17.77785301208496,5600,0.0,0.0,0.0
2013-08-07 00:00:00-04:00,17.667962269550028,17.69935724778793,17.644414913071845,17.68366050720215,18100,0.0,0.0,0.0
2013-08-08 00:00:00-04:00,17.73074989212078,17.78569221496582,17.73074989212078,17.78569221496582,1200,0.0,0.0,0.0
2013-08-09 00:00:00-04:00,17.785693366286004,17.8013916015625,17.769995131009512,17.8013916015625,3000,0.0,0.0,0.0
2013-08-12 00:00:00-04:00,17.667963758964778,17.801395796123487,17.667963758964778,17.793546676635742,11700,0.0,0.0,0.0
2013-08-13 00:00:00-04:00,17.83279421744,17.83279421744,17.74645688055093,17.76215362548828,900,0.0,0.0,0.0
2013-08-14 00:00:00-04:00,17.691513061523438,17.69936068480708,17.691513061523438,17.691513061523438,12500,0.0,0.0,0.0
2013-08-15 00:00:00-04:00,17.581620421059352,17.581620421059352,17.42464256286621,17.42464256286621,4900,0.0,0.0,0.0
2013-08-16 00:00:00-04:00,17.440339282561098,17.448188400022488,17.377547839936074,17.38539695739746,2500,0.0,0.0,0.0
2013-08-19 00:00:00-04:00,17.291212845205923,17.291212845205923,17.189175801682484,17.20487403869629,1200,0.0,0.0,0.0
2013-08-20 00:00:00-04:00,17.212720116950937,17.424641788007087,17.212720116950937,17.401094436645508,26900,0.0,0.0,0.0
2013-08-21 00:00:00-04:00,17.314759838894886,17.330458076937937,17.251968383789062,17.251968383789062,6000,0.0,0.0,0.0
2013-08-22 00:00:00-04:00,17.393252542514748,17.510986354082558,17.377554301754603,17.479591369628906,11200,0.0,0.0,0.0
2013-08-23 00:00:00-04:00,17.416793445396642,17.42464256286621,17.416793445396642,17.42464256286621,400,0.0,0.0,0.0
2013-08-26 00:00:00-04:00,17.51098098515913,17.57377243188101,17.432491302490234,17.432491302490234,2400,0.0,0.0,0.0
2013-08-27 00:00:00-04:00,17.189176959437578,17.189176959437578,17.04004669189453,17.04004669189453,400,0.0,0.0,0.0
2013-08-28 00:00:00-04:00,17.06359062558117,17.071439743041992,17.047892390659523,17.071439743041992,800,0.0,0.0,0.0
2013-08-29 00:00:00-04:00,17.181326688721775,17.197024925740646,17.102838497759986,17.134233474731445,3800,0.0,0.0,0.0
2013-08-30 00:00:00-04:00,17.04004823580974,17.04004823580974,16.977256774902344,16.977256774902344,2100,0.0,0.0,0.0
2013-09-03 00:00:00-04:00,17.110683843764182,17.110683843764182,16.969404220581055,16.969404220581055,1100,0.0,0.0,0.0
2013-09-04 00:00:00-04:00,17.024344634249978,17.197020707907253,17.024344634249978,17.173473358154297,3500,0.0,0.0,0.0
2013-09-05 00:00:00-04:00,17.244124632825926,17.259822875755805,17.22842788696289,17.22842788696289,2500,0.0,0.0,0.0
2013-09-06 00:00:00-04:00,17.071440875704617,17.314757544869465,17.06359175772302,17.259815216064453,8300,0.0,0.0,0.0
2013-09-09 00:00:00-04:00,17.369702887010906,17.52668227974367,17.369702887010906,17.51883316040039,16300,0.0,0.0,0.0
2013-09-10 00:00:00-04:00,17.683668519355013,17.683668519355013,17.675819396972656,17.675819396972656,400,0.0,0.0,0.0
2013-09-11 00:00:00-04:00,17.620871693372123,17.738605499267578,17.620871693372123,17.738605499267578,2400,0.0,0.0,0.0
2013-09-12 00:00:00-04:00,17.777854993809257,17.777854993809257,17.660121152207942,17.675819396972656,2300,0.0,0.0,0.0
2013-09-13 00:00:00-04:00,17.683663915392014,17.72290802001953,17.63656919335904,17.72290802001953,3200,0.0,0.0,0.0
2013-09-16 00:00:00-04:00,17.989765918559357,17.989765918559357,17.832786560058594,17.832786560058594,16300,0.0,0.0,0.0
2013-09-17 00:00:00-04:00,17.895586743468527,18.013322068373945,17.895586743468527,17.989774703979492,8100,0.0,0.0,0.0
2013-09-18 00:00:00-04:00,17.9976180615857,18.162445068359375,17.86418603355,18.162445068359375,10300,0.0,0.0,0.0
2013-09-19 00:00:00-04:00,18.240939770303886,18.303731242090585,18.146753311157227,18.146753311157227,12500,0.0,0.0,0.0
2013-09-20 00:00:00-04:00,18.089287769582494,18.11290356874812,17.979083709644986,17.986955642700195,11200,0.067,0.0,0.0
2013-09-23 00:00:00-04:00,17.860997849709968,17.908227920532227,17.813766277470826,17.908227920532227,1400,0.0,0.0,0.0
2013-09-24 00:00:00-04:00,17.66420511559234,18.057792564237516,17.66420511559234,18.010560989379883,2900,0.0,0.0,0.0
2013-09-25 00:00:00-04:00,17.90822892386104,18.01843292909291,17.90822892386104,17.93184471130371,600,0.0,0.0,0.0
2013-09-26 00:00:00-04:00,17.9712088763649,17.9712088763649,17.908234923503784,17.963336944580078,2300,0.0,0.0,0.0
2013-09-27 00:00:00-04:00,17.900358208023725,17.900358208023725,17.861000061035156,17.861000061035156,2800,0.0,0.0,0.0
2013-09-30 00:00:00-04:00,17.758672468644168,17.876748450867577,17.758672468644168,17.853134155273438,18800,0.0,0.0,0.0
2013-10-01 00:00:00-04:00,17.813764488062414,18.0341739654541,17.813764488062414,18.0341739654541,12200,0.0,0.0,0.0
2013-10-02 00:00:00-04:00,17.9712088763649,18.018438965656372,17.963336944580078,17.963336944580078,1800,0.0,0.0,0.0
2013-10-03 00:00:00-04:00,17.88461685180664,17.900360713372418,17.87674492102375,17.88461685180664,900,0.0,0.0,0.0
2013-10-04 00:00:00-04:00,17.986943899376143,18.0341739654541,17.986943899376143,18.0341739654541,400,0.0,0.0,0.0
2013-10-07 00:00:00-04:00,17.900360713372418,17.93972036728686,17.86100256087525,17.88461685180664,11400,0.0,0.0,0.0
2013-10-08 00:00:00-04:00,17.74293356623744,17.74293356623744,17.569754023873816,17.609113693237305,2000,0.0,0.0,0.0
2013-10-09 00:00:00-04:00,17.467412330340164,17.640590276544202,17.45954040077402,17.561872482299805,3100,0.0,0.0,0.0
2013-10-10 00:00:00-04:00,17.829512635199194,17.900358502076067,17.829512635199194,17.892486572265625,3000,0.0,0.0,0.0
2013-10-11 00:00:00-04:00,17.916105613355892,18.07353973388672,17.916105613355892,18.07353973388672,1000,0.0,0.0,0.0
2013-10-14 00:00:00-04:00,18.049922028986504,18.112895965576172,18.049922028986504,18.112895965576172,2500,0.0,0.0,0.0
2013-10-15 00:00:00-04:00,18.136516811937213,18.136516811937213,18.042055130004883,18.042055130004883,11500,0.0,0.0,0.0
2013-10-16 00:00:00-04:00,17.97907873202269,18.21523065262796,17.97907873202269,18.183744430541992,6500,0.0,0.0,0.0
2013-10-17 00:00:00-04:00,18.160132158560202,18.35692596435547,18.160132158560202,18.35692596435547,18300,0.0,0.0,0.0
2013-10-18 00:00:00-04:00,18.435644431719457,18.467130661010742,18.396286269750938,18.467130661010742,3100,0.0,0.0,0.0
2013-10-21 00:00:00-04:00,18.474999096359912,18.474999096359912,18.419897079467773,18.419897079467773,1500,0.0,0.0,0.0
2013-10-22 00:00:00-04:00,18.498618120619827,18.608822173650736,18.475002322934227,18.600950241088867,7900,0.0,0.0,0.0
2013-10-23 00:00:00-04:00,18.498616868019994,18.506488800048828,18.419899049149173,18.506488800048828,29100,0.0,0.0,0.0
2013-10-24 00:00:00-04:00,18.52223683119003,18.5852108001709,18.482877162190828,18.5852108001709,2600,0.0,0.0,0.0
2013-10-25 00:00:00-04:00,18.600953166352728,18.600953166352728,18.5852108001709,18.5852108001709,600,0.0,0.0,0.0
2013-10-28 00:00:00-04:00,18.5852108001709,18.65605670295161,18.5852108001709,18.5852108001709,1300,0.0,0.0,0.0
2013-10-29 00:00:00-04:00,18.69540786743164,18.69540786743164,18.69540786743164,18.69540786743164,600,0.0,0.0,0.0
2013-10-30 00:00:00-04:00,18.782002073669673,18.782002073669673,18.640310287475586,18.640310287475586,200,0.0,0.0,0.0
2013-10-31 00:00:00-04:00,18.62456414738424,18.632436079146686,18.553718262939704,18.56159019470215,800,0.0,0.0,0.0
2013-11-01 00:00:00-04:00,18.5458511311717,18.5852108001709,18.5458511311717,18.5852108001709,1600,0.0,0.0,0.0
2013-11-04 00:00:00-05:00,18.67966908861055,18.75838691712397,18.632438992069577,18.75051498413086,4100,0.0,0.0,0.0
2013-11-05 00:00:00-05:00,18.624561991189044,18.726895590836037,18.57733190749974,18.69540786743164,24400,0.0,0.0,0.0
2013-11-06 00:00:00-05:00,18.74263533762108,18.74263533762108,18.656047113167563,18.663917541503906,2200,0.0,0.0,0.0
2013-11-07 00:00:00-05:00,18.593079144986216,18.593079144986216,18.325439453125,18.325439453125,700,0.0,0.0,0.0
2013-11-08 00:00:00-05:00,18.270336281367616,18.616693801329433,18.270336281367616,18.608821868896484,10900,0.0,0.0,0.0
2013-11-11 00:00:00-05:00,18.624559489384893,18.711149215698242,18.624559489384893,18.711149215698242,2200,0.0,0.0,0.0
2013-11-12 00:00:00-05:00,18.687540359227764,18.695412291941857,18.585208236779845,18.679668426513672,7500,0.0,0.0,0.0
2013-11-13 00:00:00-05:00,18.600945052101757,18.892200469970703,18.600945052101757,18.892200469970703,2200,0.0,0.0,0.0
2013-11-14 00:00:00-05:00,18.860713718550098,18.99453353881836,18.860713718550098,18.99453353881836,9600,0.0,0.0,0.0
2013-11-15 00:00:00-05:00,18.97092154019576,19.03389549255371,18.97092154019576,19.03389549255371,2300,0.0,0.0,0.0
2013-11-18 00:00:00-05:00,19.104745182984637,19.104745182984637,18.892207488399876,18.90795135498047,5200,0.0,0.0,0.0
2013-11-19 00:00:00-05:00,18.884328154978714,18.96304595561708,18.742636414113086,18.8134822845459,1400,0.0,0.0,0.0
2013-11-20 00:00:00-05:00,18.868582691495305,18.87645462103206,18.766250610351562,18.766250610351562,7800,0.0,0.0,0.0
2013-11-21 00:00:00-05:00,18.915819150704213,18.970921170265754,18.915819150704213,18.955177307128906,1100,0.0,0.0,0.0
2013-11-22 00:00:00-05:00,18.986665100604757,19.041767120361328,18.939433511027037,19.041767120361328,3300,0.0,0.0,0.0
2013-11-25 00:00:00-05:00,19.03389419195791,19.065380415276685,19.018150329589844,19.018150329589844,2700,0.0,0.0,0.0
2013-11-26 00:00:00-05:00,19.033897704731555,19.049641570005203,18.98666761032823,19.026025772094727,5100,0.0,0.0,0.0
2013-11-27 00:00:00-05:00,19.065382997804655,19.088998794555664,19.02602483797053,19.088998794555664,3100,0.0,0.0,0.0
2013-11-29 00:00:00-05:00,19.128349403536053,19.175580978393555,19.120478975810098,19.175580978393555,4600,0.0,0.0,0.0
2013-12-02 00:00:00-05:00,19.01815162910986,19.159843397269608,19.010279697387933,19.03389549255371,5700,0.0,0.0,0.0
2013-12-03 00:00:00-05:00,18.915812747142706,18.970914748050593,18.805607243910014,18.844966888427734,12400,0.0,0.0,0.0
2013-12-04 00:00:00-05:00,18.892207462479828,18.947309494018555,18.774131466122878,18.947309494018555,3500,0.0,0.0,0.0
2013-12-05 00:00:00-05:00,18.89220230510553,18.89220230510553,18.805612564086914,18.805612564086914,1300,0.0,0.0,0.0
2013-12-06 00:00:00-05:00,18.955178969827983,19.049640655517578,18.955178969827983,19.049640655517578,2400,0.0,0.0,0.0
2013-12-09 00:00:00-05:00,18.955175386381867,19.073251345108616,18.955175386381867,18.99453353881836,7100,0.0,0.0,0.0
2013-12-10 00:00:00-05:00,19.05750748356711,19.05750748356711,18.99453353881836,18.99453353881836,7100,0.0,0.0,0.0
2013-12-11 00:00:00-05:00,19.026020532050868,19.026020532050868,18.70327888991693,18.719022750854492,2000,0.0,0.0,0.0
2013-12-12 00:00:00-05:00,18.671793962061997,18.758383708758533,18.671793962061997,18.73476791381836,7800,0.0,0.0,0.0
2013-12-13 00:00:00-05:00,18.695409840927447,18.781999588012695,18.687537909245385,18.781999588012695,4400,0.0,0.0,0.0
2013-12-16 00:00:00-05:00,18.860719400707243,18.892207133276543,18.829233169555664,18.829233169555664,800,0.0,0.0,0.0
2013-12-17 00:00:00-05:00,18.884331138651948,18.923690795898438,18.78987096409519,18.923690795898438,3500,0.0,0.0,0.0
2013-12-18 00:00:00-05:00,18.77412239816221,19.06537628173828,18.766250468684877,19.06537628173828,2300,0.0,0.0,0.0
2013-12-19 00:00:00-05:00,19.088999731771704,19.088999731771704,19.018153839457902,19.026025772094727,2600,0.0,0.0,0.0
2013-12-20 00:00:00-05:00,19.082167397721015,19.27196235683911,19.082167397721015,19.24823760986328,6600,0.111,0.0,0.0
2013-12-23 00:00:00-05:00,19.390582274683112,19.390582274683112,19.358949280020994,19.366857528686523,1200,0.0,0.0,0.0
2013-12-24 00:00:00-05:00,19.351045187575934,19.469667434692383,19.351045187575934,19.469667434692383,900,0.0,0.0,0.0
2013-12-26 00:00:00-05:00,19.501300428226696,19.517116930171742,19.48548392628165,19.50920867919922,2600,0.0,0.0,0.0
2013-12-27 00:00:00-05:00,19.517109678441354,19.53292617450966,19.453845202512213,19.501293182373047,1100,0.0,0.0,0.0
2013-12-30 00:00:00-05:00,19.477568428587865,19.572465896606445,19.477568428587865,19.572465896606445,1800,0.0,0.0,0.0
2013-12-31 00:00:00-05:00,19.61200562841347,19.627822124473916,19.572465896606445,19.572465896606445,9400,0.0,0.0,0.0
2014-01-02 00:00:00-05:00,19.485485145329466,19.525026402665855,19.382680892944336,19.382680892944336,1200,0.0,0.0,0.0
2014-01-03 00:00:00-05:00,19.501293182373047,19.54874116223388,19.461753450546365,19.501293182373047,3700,0.0,0.0,0.0
2014-01-06 00:00:00-05:00,19.532934654133133,19.532934654133133,19.37477264147706,19.382680892944336,9200,0.0,0.0,0.0
2014-01-07 00:00:00-05:00,19.501296233390764,19.58828546703201,19.47757148557652,19.517112731933594,4600,0.0,0.0,0.0
2014-01-08 00:00:00-05:00,19.453855084025054,19.580384100153278,19.453855084025054,19.532936096191406,6500,0.0,0.0,0.0
2014-01-09 00:00:00-05:00,19.509201420708752,19.572465896606445,19.509201420708752,19.572465896606445,1900,0.0,0.0,0.0
2014-01-10 00:00:00-05:00,19.683177947998047,19.683177947998047,19.683177947998047,19.683177947998047,700,0.0,0.0,0.0
2014-01-13 00:00:00-05:00,19.667370305138864,19.667370305138864,19.477575302124023,19.477575302124023,2200,0.0,0.0,0.0
2014-01-14 00:00:00-05:00,19.469664723910757,19.588285446166992,19.469664723910757,19.588285446166992,1900,0.0,0.0,0.0
2014-01-15 00:00:00-05:00,19.69108582823959,19.69108582823959,19.659454345703125,19.659454345703125,700,0.0,0.0,0.0
2014-01-16 00:00:00-05:00,19.60410076551766,19.67527198791504,19.60410076551766,19.67527198791504,2500,0.0,0.0,0.0
2014-01-17 00:00:00-05:00,19.659460833545605,19.659460833545605,19.643644332885742,19.643644332885742,1700,0.0,0.0,0.0
2014-01-21 00:00:00-05:00,19.75435643591439,19.75435643591439,19.580379457079268,19.651552200317383,7600,0.0,0.0,0.0
2014-01-22 00:00:00-05:00,19.71481590462613,19.73853914586005,19.675274655328874,19.698999404907227,2200,0.0,0.0,0.0
2014-01-23 00:00:00-05:00,19.59619793155233,19.59619793155233,19.461760681708725,19.50920867919922,5800,0.0,0.0,0.0
2014-01-24 00:00:00-05:00,19.295689518271665,19.295689518271665,19.003091787806184,19.03472328186035,32900,0.0,0.0,0.0
2014-01-27 00:00:00-05:00,19.026816581057044,19.042633083544718,18.78166682587685,19.011001586914062,10300,0.0,0.0,0.0
2014-01-28 00:00:00-05:00,18.947732868529346,19.105894854108666,18.947732868529346,19.090078353881836,5000,0.0,0.0,0.0
2014-01-29 00:00:00-05:00,18.963546388902756,18.963546388902756,18.852833921400823,18.939823150634766,3900,0.0,0.0,0.0
2014-01-30 00:00:00-05:00,19.050540887128275,19.169161636309035,19.018907882896254,19.121713638305664,6300,0.0,0.0,0.0
2014-01-31 00:00:00-05:00,19.153339401628433,19.184972396392748,19.07425993140606,19.08216667175293,2000,0.0,0.0,0.0
2014-02-03 00:00:00-05:00,19.026820814377754,19.026820814377754,18.457440173240887,18.481164932250977,5500,0.0,0.0,0.0
2014-02-04 00:00:00-05:00,18.5602325341967,18.694669732286073,18.50487630704415,18.623497009277344,6100,0.0,0.0,0.0
2014-02-05 00:00:00-05:00,18.536518068317353,18.591874321658754,18.43371230495923,18.56814956665039,5300,0.0,0.0,0.0
2014-02-06 00:00:00-05:00,18.84492567237741,18.90028190612793,18.797477687497572,18.90028190612793,5500,0.0,0.0,0.0
2014-02-07 00:00:00-05:00,18.931913731088553,19.082165925308956,18.931913731088553,19.06635093688965,18200,0.0,0.0,0.0
2014-02-10 00:00:00-05:00,19.113805770874023,19.129622273307483,19.0030932705292,19.113805770874023,8100,0.0,0.0,0.0
2014-02-11 00:00:00-05:00,19.16124571467112,19.335224151611328,19.137522479338593,19.335224151611328,1600,0.0,0.0,0.0
2014-02-12 00:00:00-05:00,19.351044460614503,19.37476921081543,19.295688218490145,19.37476921081543,6100,0.0,0.0,0.0
2014-02-13 00:00:00-05:00,19.30359867894756,19.517116930171742,19.30359867894756,19.50920867919922,3600,0.0,0.0,0.0
2014-02-14 00:00:00-05:00,19.469666977632553,19.63573570634579,19.469666977632553,19.612010955810547,55900,0.0,0.0,0.0
2014-02-18 00:00:00-05:00,19.683184404525658,19.754357150337764,19.683184404525658,19.738540649414062,1200,0.0,0.0,0.0
2014-02-19 00:00:00-05:00,19.770173290998812,19.770173290998812,19.71481704711914,19.71481704711914,2400,0.0,0.0,0.0
2014-02-20 00:00:00-05:00,19.651547975043123,19.76226043701172,19.651547975043123,19.76226043701172,3500,0.0,0.0,0.0
2014-02-21 00:00:00-05:00,19.785993163226127,19.865074171534665,19.785993163226127,19.825532913208008,3400,0.0,0.0,0.0
2014-02-24 00:00:00-05:00,19.936244223773404,19.99160198210958,19.920429229736328,19.920429229736328,2000,0.0,0.0,0.0
2014-02-25 00:00:00-05:00,19.904612727354564,19.944152474964287,19.904612727354564,19.920429229736328,1700,0.0,0.0,0.0
2014-02-26 00:00:00-05:00,19.920421205816826,20.03904190921042,19.920421205816826,19.9599609375,4100,0.0,0.0,0.0
2014-02-27 00:00:00-05:00,19.97578044812328,20.078584671020508,19.95996394972546,20.078584671020508,8800,0.0,0.0,0.0
2014-02-28 00:00:00-05:00,20.078586573135542,20.205115555616032,20.015322081895295,20.118127822875977,3300,0.0,0.0,0.0
2014-03-03 00:00:00-05:00,20.173487234465803,20.173487234465803,19.841348226172194,19.920429229736328,6500,0.0,0.0,0.0
2014-03-04 00:00:00-05:00,20.197206479127782,20.26047096305438,20.197206479127782,20.228837966918945,4800,0.0,0.0,0.0
2014-03-05 00:00:00-05:00,20.30000840377279,20.30000840377279,20.205110934444484,20.236743927001953,4600,0.0,0.0,0.0
2014-03-06 00:00:00-05:00,20.292102813720703,20.32373581042182,20.268378066194867,20.292102813720703,4400,0.0,0.0,0.0
2014-03-07 00:00:00-05:00,20.355373795562073,20.355373795562073,20.236753036761545,20.315834045410156,5300,0.0,0.0,0.0
2014-03-10 00:00:00-04:00,20.30791665191216,20.30791665191216,20.165571202091748,20.236743927001953,39900,0.0,0.0,0.0
2014-03-11 00:00:00-04:00,20.22092861937865,20.236745116587134,20.039043426513672,20.039043426513672,4200,0.0,0.0,0.0
2014-03-12 00:00:00-04:00,20.0469505325016,20.094398513078467,20.015317539887622,20.062767028808594,4000,0.0,0.0,0.0
2014-03-13 00:00:00-04:00,20.039041548931436,20.062766292521246,19.849248125245143,19.86506462097168,3900,0.0,0.0,0.0
2014-03-14 00:00:00-04:00,19.865068416243208,19.952056142670287,19.865068416243208,19.896699905395508,3100,0.0,0.0,0.0
2014-03-17 00:00:00-04:00,20.007412317138527,20.102309800986205,20.007412317138527,20.070676803588867,2400,0.0,0.0,0.0
2014-03-18 00:00:00-04:00,20.284193437116638,20.284193437116638,20.236745453046503,20.244653701782227,1900,0.0,0.0,0.0
2014-03-19 00:00:00-04:00,20.276287124537635,20.276287124537635,20.12603490924411,20.133941650390625,5400,0.0,0.0,0.0
2014-03-20 00:00:00-04:00,20.236746215952802,20.26047096305438,20.228837966918945,20.228837966918945,1300,0.0,0.0,0.0
2014-03-21 00:00:00-04:00,20.344550654775098,20.415879546782104,20.241520872794815,20.24944496154785,5800,0.056,0.0,0.0
2014-03-24 00:00:00-04:00,20.25737031763304,20.25737031763304,20.09886284637098,20.130563735961914,3300,0.0,0.0,0.0
2014-03-25 00:00:00-04:00,20.13057022676182,20.146421432495117,20.08301812121611,20.146421432495117,6400,0.0,0.0,0.0
2014-03-26 00:00:00-04:00,20.162264539815606,20.20189102657822,20.003755569458008,20.003755569458008,5400,0.0,0.0,0.0
2014-03-27 00:00:00-04:00,19.869023353601378,19.91657543994061,19.821471267262144,19.90865135192871,3300,0.0,0.0,0.0
2014-03-28 00:00:00-04:00,20.051314364728782,20.05923996706379,20.01961346704283,20.04339027404785,3000,0.0,0.0,0.0
2014-03-31 00:00:00-04:00,20.241521302259514,20.352476687000685,20.23359570168461,20.34455108642578,2300,0.0,0.0,0.0
2014-04-01 00:00:00-04:00,20.400034921194347,20.487215042114258,20.352482815080847,20.487215042114258,2900,0.0,0.0,0.0
2014-04-02 00:00:00-04:00,20.59023496706338,20.614011764526367,20.558534082099538,20.614011764526367,2700,0.0,0.0,0.0
2014-04-03 00:00:00-04:00,20.503058633067358,20.574386009919056,20.503058633067358,20.534759521484375,3900,0.0,0.0,0.0
2014-04-04 00:00:00-04:00,20.46343420735403,20.46343420735403,20.37625410358551,20.415882110595703,4700,0.0,0.0,0.0
2014-04-07 00:00:00-04:00,20.265295899224412,20.265295899224412,19.979980334901093,20.083011627197266,4500,0.0,0.0,0.0
2014-04-08 00:00:00-04:00,20.090942030101544,20.217748641967773,20.090942030101544,20.217748641967773,5300,0.0,0.0,0.0
2014-04-09 00:00:00-04:00,20.217743168026928,20.36832654571799,20.217743168026928,20.336624145507812,1000,0.0,0.0,0.0
2014-04-10 00:00:00-04:00,20.439661122617764,20.439661122617764,20.06716537475586,20.06716537475586,4300,0.0,0.0,0.0
2014-04-11 00:00:00-04:00,19.916575543892737,19.916575543892737,19.68673919900887,19.758068084716797,12000,0.0,0.0,0.0
2014-04-14 00:00:00-04:00,19.829407111696042,19.92451133350965,19.797704696655273,19.797704696655273,10700,0.0,0.0,0.0
2014-04-15 00:00:00-04:00,19.987902111010552,20.03545570373535,19.678811316566353,20.03545570373535,2400,0.0,0.0,0.0
2014-04-16 00:00:00-04:00,20.1543382946516,20.257368063926812,20.090935010869885,20.209815979003906,7700,0.0,0.0,0.0
2014-04-17 00:00:00-04:00,20.209816234950257,20.344548403649398,20.209816234950257,20.328697204589844,12300,0.0,0.0,0.0
2014-04-21 00:00:00-04:00,20.249442720945602,20.360399602708956,20.249442720945602,20.328697204589844,4800,0.0,0.0,0.0
2014-04-22 00:00:00-04:00,20.392105884431356,20.534763690404077,20.392105884431356,20.455509185791016,4200,0.0,0.0,0.0
2014-04-23 00:00:00-04:00,20.534758180066337,20.534758180066337,20.4872060947203,20.526832580566406,1500,0.0,0.0,0.0
2014-04-24 00:00:00-04:00,20.606087841793084,20.606087841793084,20.471355668515216,20.54268455505371,5800,0.0,0.0,0.0
2014-04-25 00:00:00-04:00,20.400027434274527,20.407953034327072,20.304923256951277,20.336624145507812,6900,0.0,0.0,0.0
2014-04-28 00:00:00-04:00,20.368329243353312,20.407955737210628,20.1622681496568,20.4000301361084,9200,0.0,0.0,0.0
2014-04-29 00:00:00-04:00,20.344553006256092,20.415881906507494,20.344553006256092,20.392105102539062,3500,0.0,0.0,0.0
2014-04-30 00:00:00-04:00,20.400030353901922,20.518911348396912,20.37625355034138,20.471359252929688,1900,0.0,0.0,0.0
2014-05-01 00:00:00-04:00,20.447578097220653,20.62193826291202,20.447578097220653,20.526832580566406,10500,0.0,0.0,0.0
2014-05-02 00:00:00-04:00,20.677420580895536,20.677420580895536,20.558539585066306,20.590240478515625,6500,0.0,0.0,0.0
2014-05-05 00:00:00-04:00,20.455509965267268,20.566466880615245,20.415883467277705,20.51891326904297,20700,0.0,0.0,0.0
2014-05-06 00:00:00-04:00,20.47928596922987,20.47928596922987,20.36040496826172,20.36040496826172,3900,0.0,0.0,0.0
2014-05-07 00:00:00-04:00,20.368326456074357,20.534759521484375,20.368326456074357,20.534759521484375,14700,0.0,0.0,0.0
2014-05-08 00:00:00-04:00,20.606089321582683,20.6457158117704,20.39210264660013,20.447580337524414,15500,0.0,0.0,0.0
2014-05-09 00:00:00-04:00,20.38418371527178,20.487215042114258,20.33663160915828,20.487215042114258,7000,0.0,0.0,0.0
2014-05-12 00:00:00-04:00,20.582319098055134,20.780454635620117,20.582319098055134,20.780454635620117,18900,0.0,0.0,0.0
2014-05-13 00:00:00-04:00,20.82007767671386,20.82007767671386,20.701196684903493,20.748748779296875,13400,0.0,0.0,0.0
2014-05-14 00:00:00-04:00,20.701192746257775,20.701192746257775,20.526832580566406,20.526832580566406,2400,0.0,0.0,0.0
2014-05-15 00:00:00-04:00,20.518911129334196,20.518911129334196,20.20189464351412,20.4000301361084,5800,0.0,0.0,0.0
2014-05-16 00:00:00-04:00,20.44758320847951,20.50306241884709,20.376254306803684,20.439659118652344,6400,0.0,0.0,0.0
2014-05-19 00:00:00-04:00,20.54268591412576,20.598163604736328,20.54268591412576,20.598163604736328,9200,0.0,0.0,0.0
2014-05-20 00:00:00-04:00,20.574386100469585,20.590237300574675,20.296997656898732,20.336624145507812,11700,0.0,0.0,0.0
2014-05-21 00:00:00-04:00,20.407956712728012,20.455508809960595,20.320776608090018,20.439659118652344,8000,0.0,0.0,0.0
2014-05-22 00:00:00-04:00,20.400027344491374,20.582311609936717,20.400027344491374,20.534759521484375,11900,0.0,0.0,0.0
2014-05-23 00:00:00-04:00,20.582313963044147,20.677419662475586,20.582313963044147,20.677419662475586,12200,0.0,0.0,0.0
2014-05-27 00:00:00-04:00,20.732895896404752,20.828001589134846,20.732895896404752,20.82007598876953,24900,0.0,0.0,0.0
2014-05-28 00:00:00-04:00,20.835934058139568,20.851783752441406,20.74082833405754,20.851783752441406,6300,0.0,0.0,0.0
2014-05-29 00:00:00-04:00,20.875553150535286,20.923105239868164,20.82007546103798,20.923105239868164,4300,0.0,0.0,0.0
2014-05-30 00:00:00-04:00,20.938955873387382,20.962732673237024,20.835926097346174,20.9310302734375,10900,0.0,0.0,0.0
2014-06-02 00:00:00-04:00,20.98651695251465,20.99444255586003,20.88348713233322,20.98651695251465,5600,0.0,0.0,0.0
2014-06-03 00:00:00-04:00,21.00235592885575,21.00235592885575,20.891400569941823,20.970653533935547,4600,0.0,0.0,0.0
2014-06-04 00:00:00-04:00,20.986506308722458,21.121238473952886,20.970655110070997,21.049909591674805,8100,0.0,0.0,0.0
2014-06-05 00:00:00-04:00,21.18464322975852,21.295600116379486,20.99443336767722,21.279748916625977,6200,0.0,0.0,0.0
2014-06-06 00:00:00-04:00,21.41448877715658,21.41448877715658,21.35108546703989,21.374860763549805,4500,0.0,0.0,0.0
2014-06-09 00:00:00-04:00,21.382775695179234,21.422403689009627,21.382775695179234,21.390701293945312,4000,0.0,0.0,0.0
2014-06-10 00:00:00-04:00,21.319372416704002,21.40655249147747,21.303521219171845,21.390701293945312,12100,0.0,0.0,0.0
2014-06-11 00:00:00-04:00,21.35900474927458,21.35900474927458,21.23219816656539,21.287675857543945,7000,0.0,0.0,0.0
2014-06-12 00:00:00-04:00,21.319376084120297,21.319376084120297,21.113315015715266,21.121240615844727,5900,0.0,0.0,0.0
2014-06-13 00:00:00-04:00,21.18464794572219,21.232201555568743,21.09746935097807,21.19257354736328,15300,0.0,0.0,0.0
2014-06-16 00:00:00-04:00,21.24012259751454,21.24012259751454,21.176719305138374,21.20842170715332,7700,0.0,0.0,0.0
2014-06-17 00:00:00-04:00,21.279751611835717,21.374855799095087,21.271826010955138,21.343154907226562,7900,0.0,0.0,0.0
2014-06-18 00:00:00-04:00,21.327303391771657,21.517513275146484,21.311452190243646,21.517513275146484,7100,0.0,0.0,0.0
2014-06-19 00:00:00-04:00,21.57298869755892,21.57298869755892,21.43825652206345,21.549213409423828,7700,0.0,0.0,0.0
2014-06-20 00:00:00-04:00,21.52773876793713,21.607294648626777,21.43227292503133,21.58342742919922,8300,0.103,0.0,0.0
2014-06-23 00:00:00-04:00,21.615249057245766,21.64707049712055,21.527737442136402,21.575471878051758,8100,0.0,0.0,0.0
2014-06-24 00:00:00-04:00,21.670934592327765,21.670934592327765,21.416357040405273,21.416357040405273,4300,0.0,0.0,0.0
2014-06-25 00:00:00-04:00,21.35271874101308,21.527740478515625,21.35271874101308,21.527740478515625,5400,0.0,0.0,0.0
2014-06-26 00:00:00-04:00,21.511825953284617,21.559558868408203,21.4004471281269,21.559558868408203,6700,0.0,0.0,0.0
2014-06-27 00:00:00-04:00,21.575468832561317,21.6232017443368,21.559557356168852,21.607290267944336,3800,0.0,0.0,0.0
2014-06-30 00:00:00-04:00,21.599331879086012,21.686843471103266,21.591376141866107,21.639110565185547,8600,0.0,0.0,0.0
2014-07-01 00:00:00-04:00,21.686842800398693,21.86186446161862,21.686842800398693,21.8459529876709,11200,0.0,0.0,0.0
2014-07-02 00:00:00-04:00,21.798219648727045,21.806175385542325,21.734575271606445,21.734575271606445,6100,0.0,0.0,0.0
2014-07-03 00:00:00-04:00,21.869828794173824,21.89369601447603,21.790272910568735,21.82209587097168,35800,0.0,0.0,0.0
2014-07-07 00:00:00-04:00,21.74253615269867,21.74253615269867,21.686847499217432,21.69480323791504,6100,0.0,0.0,0.0
2014-07-08 00:00:00-04:00,21.710715437329767,21.710715437329767,21.464092081708213,21.53569221496582,5800,0.0,0.0,0.0
2014-07-09 00:00:00-04:00,21.59138032254647,21.670936192748005,21.527735929865646,21.62320327758789,3200,0.0,0.0,0.0
2014-07-10 00:00:00-04:00,21.36066995175758,21.599336044777523,21.273158342862658,21.559558868408203,10200,0.0,0.0,0.0
2014-07-11 00:00:00-04:00,21.49591294703572,21.54364585876465,21.464089994281828,21.54364585876465,3600,0.0,0.0,0.0
2014-07-14 00:00:00-04:00,21.718667755969957,21.718667755969957,21.551601804608026,21.599334716796875,3600,0.0,0.0,0.0
2014-07-15 00:00:00-04:00,21.623203826147794,21.623203826147794,21.464092081708213,21.53569221496582,5700,0.0,0.0,0.0
2014-07-16 00:00:00-04:00,21.527734589812642,21.607290455062003,21.527734589812642,21.599334716796875,2500,0.0,0.0,0.0
2014-07-17 00:00:00-04:00,21.55160228930745,21.559558027751503,21.320890426635742,21.320890426635742,5800,0.0,0.0,0.0
2014-07-18 00:00:00-04:00,21.400443526475684,21.55955523997881,21.39248778906035,21.551599502563477,8800,0.0,0.0,0.0
2014-07-21 00:00:00-04:00,21.487956627081186,21.519778061571635,21.360667854315658,21.503868103027344,16100,0.0,0.0,0.0
2014-07-22 00:00:00-04:00,21.639113220729264,21.639113220729264,21.591378791551872,21.607290267944336,4100,0.0,0.0,0.0
2014-07-23 00:00:00-04:00,21.58342724060701,21.62320593930536,21.56751727852987,21.59138298034668,8000,0.0,0.0,0.0
2014-07-24 00:00:00-04:00,21.599334529748106,21.69480187070098,21.591378791551872,21.607290267944336,10900,0.0,0.0,0.0
2014-07-25 00:00:00-04:00,21.519779205322266,21.5356906821141,21.48000203074463,21.519779205322266,3900,0.0,0.0,0.0
2014-07-28 00:00:00-04:00,21.487957000732422,21.51977843577621,21.360668225753486,21.487957000732422,5400,0.0,0.0,0.0
2014-07-29 00:00:00-04:00,21.559554810548576,21.57546628506231,21.440221786499023,21.440221786499023,4800,0.0,0.0,0.0
2014-07-30 00:00:00-04:00,21.49592248409086,21.49592248409086,21.30498923506224,21.35272216796875,13900,0.0,0.0,0.0
2014-07-31 00:00:00-04:00,21.27315973001175,21.27315973001175,20.97084922464706,20.986759185791016,66700,0.0,0.0,0.0
2014-08-01 00:00:00-04:00,21.026537114642796,21.04244859260806,20.843559670248446,20.954936981201172,8300,0.0,0.0,0.0
2014-08-04 00:00:00-04:00,20.970840531661292,21.098129272460938,20.827640318911325,21.098129272460938,9100,0.0,0.0,0.0
2014-08-05 00:00:00-04:00,21.042442253992764,21.13790805822306,20.71626464096965,20.91515350341797,11700,0.0,0.0,0.0
2014-08-06 00:00:00-04:00,20.90720234845924,21.01857965026913,20.90720234845924,20.946979522705078,6100,0.0,0.0,0.0
2014-08-07 00:00:00-04:00,21.07426708615121,21.07426708615121,20.7799123719382,20.787866592407227,9500,0.0,0.0,0.0
2014-08-08 00:00:00-04:00,20.851510517008954,21.06631088256836,20.827644821325784,21.06631088256836,3400,0.0,0.0,0.0
2014-08-11 00:00:00-04:00,21.193607330322266,21.233386033210927,21.1617858854137,21.193607330322266,1700,0.0,0.0,0.0
2014-08-12 00:00:00-04:00,21.106085193403246,21.161773828315944,21.090173721313477,21.090173721313477,3100,0.0,0.0,0.0
2014-08-13 00:00:00-04:00,21.15382806098895,21.304984082270874,21.15382806098895,21.26520538330078,2500,0.0,0.0,0.0
2014-08-14 00:00:00-04:00,21.392489825886827,21.424312778578088,21.344756914251835,21.416357040405273,4600,0.0,0.0,0.0
2014-08-15 00:00:00-04:00,21.472044526221897,21.472044526221897,21.185644037133805,21.384532928466797,11400,0.0,0.0,0.0
2014-08-18 00:00:00-04:00,21.43227292503133,21.59933890881759,21.43227292503133,21.58342742919922,5500,0.0,0.0,0.0
2014-08-19 00:00:00-04:00,21.750488095088443,21.76639956970648,21.710710925945083,21.75844383239746,6100,0.0,0.0,0.0
2014-08-20 00:00:00-04:00,21.70275234328587,21.790262407408555,21.70275234328587,21.782306671142578,8300,0.0,0.0,0.0
2014-08-21 00:00:00-04:00,21.845954495871645,21.861865970917865,21.72662146782856,21.798221588134766,14000,0.0,0.0,0.0
2014-08-22 00:00:00-04:00,21.750490770300168,21.83004663577363,21.71866781715001,21.790267944335938,4800,0.0,0.0,0.0
2014-08-25 00:00:00-04:00,22.02098155562602,22.02098155562602,21.806181156967327,21.86186981201172,7600,0.0,0.0,0.0
2014-08-26 00:00:00-04:00,21.893688201904297,21.93346537081157,21.869820990118896,21.893688201904297,5700,0.0,0.0,0.0
2014-08-27 00:00:00-04:00,21.949376845335173,21.957332582596973,21.8777767273807,21.893688201904297,4200,0.0,0.0,0.0
2014-08-28 00:00:00-04:00,21.9016439391661,21.93346537081157,21.790265134902622,21.893688201904297,6400,0.0,0.0,0.0
2014-08-29 00:00:00-04:00,21.941421508789062,21.965288721010353,21.917554296567776,21.941421508789062,9200,0.0,0.0,0.0
2014-09-02 00:00:00-04:00,22.060754535091988,22.060754535091988,21.893688601748245,21.941421508789062,7900,0.0,0.0,0.0
2014-09-03 00:00:00-04:00,22.036892483176572,22.06871392066358,21.92551365846703,21.94938087463379,11400,0.0,0.0,0.0
2014-09-04 00:00:00-04:00,22.044845352554237,22.10849125842906,21.901646616541626,21.925512313842773,8200,0.0,0.0,0.0
2014-09-05 00:00:00-04:00,21.97324695096737,21.99711264849412,21.909602561892815,21.981201171875,2700,0.0,0.0,0.0
2014-09-08 00:00:00-04:00,22.036892483176572,22.036892483176572,21.909603698424526,21.94938087463379,9900,0.0,0.0,0.0
2014-09-09 00:00:00-04:00,21.8380017900192,21.85391174876685,21.742534450523863,21.750490188598633,10400,0.0,0.0,0.0
2014-09-10 00:00:00-04:00,21.7186674443719,21.83004626108382,21.670934532867875,21.80617904663086,8900,0.0,0.0,0.0
2014-09-11 00:00:00-04:00,21.71866935976362,21.901648318569624,21.71866935976362,21.86982536315918,6700,0.0,0.0,0.0
2014-09-12 00:00:00-04:00,21.77435794439163,21.830046594898207,21.623201952015272,21.662979125976562,15000,0.0,0.0,0.0
2014-09-15 00:00:00-04:00,21.63911324171015,21.670934677124023,21.63911324171015,21.670934677124023,1900,0.0,0.0,0.0
2014-09-16 00:00:00-04:00,21.647067111028527,21.79026736157059,21.615245676131337,21.750490188598633,4100,0.0,0.0,0.0
2014-09-17 00:00:00-04:00,21.814139746487417,21.822095486447964,21.758451084165817,21.774362564086914,2200,0.0,0.0,0.0
2014-09-18 00:00:00-04:00,21.814130157384447,21.814130157384447,21.702752881700714,21.710708618164062,2300,0.0,0.0,0.0
2014-09-19 00:00:00-04:00,21.642860451205152,21.658825992559432,21.56302665362161,21.594959259033203,7800,0.095,0.0,0.0
2014-09-22 00:00:00-04:00,21.610919727558127,21.610919727558127,21.307553216570074,21.323518753051758,5400,0.0,0.0,0.0
2014-09-23 00:00:00-04:00,21.267636165416047,21.307553814496853,21.171836853027344,21.171836853027344,11100,0.0,0.0,0.0
2014-09-24 00:00:00-04:00,21.076035377107342,21.187803268432617,21.076035377107342,21.187803268432617,4000,0.0,0.0,0.0
2014-09-25 00:00:00-04:00,21.084022123647692,21.084022123647692,20.900405483550863,20.924354553222656,9800,0.0,0.0,0.0
2014-09-26 00:00:00-04:00,20.924353877921376,20.988222122192383,20.924353877921376,20.988222122192383,4100,0.0,0.0,0.0
2014-09-29 00:00:00-04:00,20.97225509080863,20.97225509080863,20.900404838604807,20.94032096862793,4100,0.0,0.0,0.0
2014-09-30 00:00:00-04:00,21.052095712699085,21.052095712699085,20.78066167679404,20.876461029052734,7100,0.0,0.0,0.0
2014-10-01 00:00:00-04:00,20.676876135269573,20.676876135269573,20.461325320448275,20.469308853149414,9100,0.0,0.0,0.0
2014-10-02 00:00:00-04:00,20.429387615580946,20.589055184363232,20.25375450808266,20.501237869262695,5800,0.0,0.0,0.0
2014-10-03 00:00:00-04:00,20.70880889892578,20.756708569267232,20.676874770229436,20.70880889892578,8700,0.0,0.0,0.0
2014-10-06 00:00:00-04:00,20.65292887453372,20.74074469655585,20.59704414071544,20.700828552246094,8600,0.0,0.0,0.0
2014-10-07 00:00:00-04:00,20.429387198964847,20.541153581211525,20.365520477294922,20.365520477294922,5600,0.0,0.0,0.0
2014-10-08 00:00:00-04:00,20.22181997652305,20.549137115478516,20.22181997652305,20.549137115478516,4100,0.0,0.0,0.0
2014-10-09 00:00:00-04:00,20.557115893813634,20.565099422516102,20.04618223847488,20.070131301879883,12900,0.0,0.0,0.0
2014-10-10 00:00:00-04:00,20.12601828003004,20.12601828003004,19.83861880599013,19.91046905517578,15000,0.0,0.0,0.0
2014-10-13 00:00:00-04:00,19.78273797119069,19.78273797119069,19.623070393400763,19.631053924560547,4900,0.0,0.0,0.0
2014-10-14 00:00:00-04:00,19.567184654101226,19.758784808917927,19.4793673454634,19.647018432617188,6000,0.0,0.0,0.0
2014-10-15 00:00:00-04:00,19.415504851340476,19.5751724431106,18.89658746214208,19.55122184753418,15200,0.0,0.0,0.0
2014-10-16 00:00:00-04:00,19.088189282006912,19.7827413857615,19.088189282006912,19.678956985473633,32500,0.0,0.0,0.0
2014-10-17 00:00:00-04:00,19.966357145390663,20.00627328353588,19.782740473597766,19.846607208251953,14800,0.0,0.0,0.0
2014-10-20 00:00:00-04:00,19.958366213530304,20.062149047851562,19.94239915511088,20.062149047851562,6200,0.0,0.0,0.0
2014-10-21 00:00:00-04:00,20.46132380519602,20.605024337768555,20.45334179578915,20.605024337768555,4400,0.0,0.0,0.0
2014-10-22 00:00:00-04:00,20.684851733063578,20.724767858553907,20.41341781616211,20.41341781616211,11500,0.0,0.0,0.0
2014-10-23 00:00:00-04:00,20.668884908991274,20.73275162412413,20.66090137926184,20.676868438720703,7000,0.0,0.0,0.0
2014-10-24 00:00:00-04:00,20.652919593568807,20.75670243575845,20.613001944493856,20.732751846313477,12100,0.0,0.0,0.0
2014-10-27 00:00:00-04:00,20.620986743706794,20.724769592285156,20.620986743706794,20.724769592285156,2000,0.0,0.0,0.0
2014-10-28 00:00:00-04:00,20.732750168312904,21.04410171508789,20.732750168312904,21.04410171508789,2600,0.0,0.0,0.0
2014-10-29 00:00:00-04:00,21.052085265762443,21.09998491812195,20.916368315158422,20.996200561523438,3100,0.0,0.0,0.0
2014-10-30 00:00:00-04:00,21.0121690939841,21.21973629904049,21.004185564247017,21.092002868652344,17100,0.0,0.0,0.0
2014-10-31 00:00:00-04:00,21.37142244481046,21.419322105295738,21.259654540074468,21.379405975341797,12700,0.0,0.0,0.0
2014-11-03 00:00:00-05:00,21.339488322685103,21.46722176578102,21.3075557232625,21.379405975341797,16500,0.0,0.0,0.0
2014-11-04 00:00:00-05:00,21.33948536324759,21.37940301036836,21.20376840844206,21.21175193786621,7200,0.0,0.0,0.0
2014-11-05 00:00:00-05:00,21.371421182647733,21.411337310244292,21.307554464871643,21.36343765258789,22500,0.0,0.0,0.0
2014-11-06 00:00:00-05:00,21.459236120117335,21.523102835370263,21.459236120117335,21.507137298583984,2000,0.0,0.0,0.0
2014-11-07 00:00:00-05:00,21.46721985833205,21.66680353577345,21.45125432139073,21.586971282958984,14400,0.0,0.0,0.0
2014-11-10 00:00:00-05:00,21.690755640836514,21.690755640836514,21.578989260924722,21.61092185974121,6400,0.0,0.0,0.0
2014-11-11 00:00:00-05:00,21.634870951914134,21.634870951914134,21.547053646523423,21.563020706176758,6500,0.0,0.0,0.0
2014-11-12 00:00:00-05:00,21.563023687545403,21.682773606097143,21.563023687545403,21.658823013305664,5800,0.0,0.0,0.0
2014-11-13 00:00:00-05:00,21.65083673104742,21.72268544983275,21.523101784078154,21.571002960205078,17200,0.0,0.0,0.0
2014-11-14 00:00:00-05:00,21.523101784078154,21.642853201692933,21.523101784078154,21.571002960205078,4800,0.0,0.0,0.0
2014-11-17 00:00:00-05:00,21.507142179791057,21.650842702399704,21.507142179791057,21.602941513061523,12000,0.0,0.0,0.0
2014-11-18 00:00:00-05:00,21.674786468868565,21.794536367496057,21.674786468868565,21.7386531829834,39200,0.0,0.0,0.0
2014-11-19 00:00:00-05:00,21.626893387147838,21.682776588645407,21.571010185650266,21.594959259033203,4000,0.0,0.0,0.0
2014-11-20 00:00:00-05:00,21.76260823847921,21.79454084073938,21.72269058227539,21.72269058227539,7300,0.0,0.0,0.0
2014-11-21 00:00:00-05:00,21.962186599228847,21.98613718711441,21.882352828979492,21.882352828979492,4600,0.0,0.0,0.0
2014-11-24 00:00:00-05:00,21.890340373917123,22.002106759147534,21.890340373917123,21.962190628051758,7200,0.0,0.0,0.0
2014-11-25 00:00:00-05:00,22.002105712890625,22.04202336479101,21.930255462172656,22.002105712890625,6500,0.0,0.0,0.0
2014-11-26 00:00:00-05:00,21.99412450744051,21.99412450744051,21.938241311575457,21.954208374023438,2600,0.0,0.0,0.0
2014-11-28 00:00:00-05:00,21.970173726499993,21.970173726499993,21.85042381286621,21.85042381286621,3000,0.0,0.0,0.0
2014-12-01 00:00:00-05:00,21.76261100010176,21.76261100010176,21.563027261864622,21.626893997192383,3400,0.0,0.0,0.0
2014-12-02 00:00:00-05:00,21.714701340610194,21.714701340610194,21.698734283447266,21.698734283447266,600,0.0,0.0,0.0
2014-12-03 00:00:00-05:00,21.69874125586925,21.906308497577463,21.69874125586925,21.898324966430664,2700,0.0,0.0,0.0
2014-12-04 00:00:00-05:00,21.826471107246082,21.834454637075527,21.770587921142578,21.770587921142578,3700,0.0,0.0,0.0
2014-12-05 00:00:00-05:00,21.89832053169429,21.914287590754324,21.850420877216745,21.86638641357422,4300,0.0,0.0,0.0
2014-12-08 00:00:00-05:00,21.802520084151112,21.858403269143214,21.610919940162795,21.634870529174805,12500,0.0,0.0,0.0
2014-12-09 00:00:00-05:00,21.555040767207643,21.738657415701837,21.555040767207643,21.690757751464844,2300,0.0,0.0,0.0
2014-12-10 00:00:00-05:00,21.65881938240833,21.65881938240833,21.323518753051758,21.323518753051758,4000,0.0,0.0,0.0
2014-12-11 00:00:00-05:00,21.45923572434534,21.63487033007862,21.41931959906191,21.531085968017578,6100,0.0,0.0,0.0
2014-12-12 00:00:00-05:00,21.259655833144993,21.267639364161912,21.14788944431382,21.163856506347656,3700,0.0,0.0,0.0
2014-12-15 00:00:00-05:00,21.099989385301626,21.123938455200506,20.948305344229848,21.004188537597656,8700,0.0,0.0,0.0
2014-12-16 00:00:00-05:00,21.107970986196484,21.131920053905624,20.82056999206543,20.82056999206543,5400,0.0,0.0,0.0
2014-12-17 00:00:00-05:00,20.916372919242193,21.339489399841597,20.89242232643922,21.291589736938477,13500,0.0,0.0,0.0
2014-12-18 00:00:00-05:00,21.531092711060033,21.706727371798042,21.499160105373246,21.674793243408203,17300,0.0,0.0,0.0
2014-12-19 00:00:00-05:00,21.84106364040911,21.889259746635613,21.680407910151974,21.833030700683594,10500,0.167,0.0,0.0
2014-12-22 00:00:00-05:00,21.849098886854133,21.921393819889726,21.800901243412568,21.897294998168945,12600,0.0,0.0,0.0
2014-12-23 00:00:00-05:00,22.04992008998884,22.13827938120211,22.04992008998884,22.082050323486328,61500,0.0,0.0,0.0
2014-12-24 00:00:00-05:00,22.13024777755969,22.162379545126438,22.106150484011632,22.11418342590332,6300,0.0,0.0,0.0
2014-12-26 00:00:00-05:00,22.170409739798064,22.2427046757379,22.170409739798064,22.226638793945312,3800,0.0,0.0,0.0
2014-12-29 00:00:00-05:00,22.114182834821257,22.363197898299706,22.114182834821257,22.331066131591797,12600,0.0,0.0,0.0
2014-12-30 00:00:00-05:00,22.25876192073234,22.32302542739073,22.250730514526367,22.250730514526367,22900,0.0,0.0,0.0
2014-12-31 00:00:00-05:00,22.37925789221899,22.37925789221899,22.186471939086914,22.186471939086914,5300,0.0,0.0,0.0
2015-01-02 00:00:00-05:00,22.041885131822358,22.041885131822358,21.913361145338115,22.001720428466797,4900,0.0,0.0,0.0
2015-01-05 00:00:00-05:00,22.10614677368623,22.10614677368623,21.51975590315674,21.575984954833984,8800,0.0,0.0,0.0
2015-01-06 00:00:00-05:00,21.60008300633282,21.60008300633282,21.230576921060408,21.326969146728516,6200,0.0,0.0,0.0
2015-01-07 00:00:00-05:00,21.511725672751897,21.592052024052535,21.455495081863734,21.584020614624023,6000,0.0,0.0,0.0
2015-01-08 00:00:00-05:00,21.784840404766243,21.961560529481446,21.784840404766243,21.91336441040039,6000,0.0,0.0,0.0
2015-01-09 00:00:00-05:00,21.953530797965296,21.953530797965296,21.704515692150544,21.808940887451172,6500,0.0,0.0,0.0
2015-01-12 00:00:00-05:00,21.527788822133207,21.592050818863008,21.503691530938816,21.5117244720459,5200,0.0,0.0,0.0
2015-01-13 00:00:00-05:00,21.752704243250637,21.841065053822867,21.32696760300689,21.447460174560547,18600,0.0,0.0,0.0
2015-01-14 00:00:00-05:00,21.28680079580498,21.383194530148028,21.174342715843448,21.351062774658203,9500,0.0,0.0,0.0
2015-01-15 00:00:00-05:00,21.423363212306093,21.423363212306093,21.174348171604695,21.190412521362305,4600,0.0,0.0,0.0
2015-01-16 00:00:00-05:00,21.094021699348488,21.423364639282227,21.094021699348488,21.423364639282227,5400,0.0,0.0,0.0
2015-01-20 00:00:00-05:00,21.31090232720027,21.359098434448242,21.206475640681937,21.359098434448242,7200,0.0,0.0,0.0
2015-01-21 00:00:00-05:00,21.42336664413861,21.52779182886175,21.36713758066253,21.503694534301758,5200,0.0,0.0,0.0
2015-01-22 00:00:00-05:00,21.60812148136149,21.921400125335747,21.567958299067783,21.865169525146484,6500,0.0,0.0,0.0
2015-01-23 00:00:00-05:00,21.768768592373224,21.86516080428321,21.752702713012695,21.752702713012695,6000,0.0,0.0,0.0
2015-01-26 00:00:00-05:00,21.712546262931973,21.953528399374893,21.640251315573686,21.921398162841797,8300,0.0,0.0,0.0
2015-01-27 00:00:00-05:00,21.792868188903256,21.92942511368691,21.688443026245988,21.816967010498047,21500,0.0,0.0,0.0
2015-01-28 00:00:00-05:00,21.825007084866428,21.825007084866428,21.47156524658203,21.47156524658203,2600,0.0,0.0,0.0
2015-01-29 00:00:00-05:00,21.487622922844558,21.62417984008789,21.35909894568927,21.62417984008789,5600,0.0,0.0,0.0
2015-01-30 00:00:00-05:00,21.47958946863148,21.56795027535828,21.351065494552476,21.359098434448242,9600,0.0,0.0,0.0
2015-02-02 00:00:00-05:00,21.471561891824912,21.471561891824912,21.14221893446954,21.294841766357422,9100,0.0,0.0,0.0
2015-02-03 00:00:00-05:00,21.656309365530422,21.96958789029087,21.656309365530422,21.937456130981445,42900,0.0,0.0,0.0
2015-02-04 00:00:00-05:00,21.86516672353333,22.065985673525056,21.86516672353333,22.033855438232422,5700,0.0,0.0,0.0
2015-02-05 00:00:00-05:00,22.057946873169193,22.194503784179688,22.00975076696743,22.194503784179688,9500,0.0,0.0,0.0
2015-02-06 00:00:00-05:00,22.290900524084535,22.290900524084535,22.06598277804164,22.12221336364746,4300,0.0,0.0,0.0
2015-02-09 00:00:00-05:00,21.889267158459187,22.17844695798923,21.889267158459187,22.049922943115234,8600,0.0,0.0,0.0
2015-02-10 00:00:00-05:00,22.154343858005475,22.226638793945312,22.07401598116934,22.226638793945312,23000,0.0,0.0,0.0
2015-02-11 00:00:00-05:00,22.170406059960932,22.218602165212314,22.114177015146563,22.186471939086914,5100,0.0,0.0,0.0
2015-02-12 00:00:00-05:00,22.24270367805766,22.435489654541016,22.24270367805766,22.435489654541016,2100,0.0,0.0,0.0
2015-02-13 00:00:00-05:00,22.483691071850444,22.491724014282227,22.427462006955075,22.491724014282227,3400,0.0,0.0,0.0
2015-02-17 00:00:00-05:00,22.45958640144685,22.604176263348073,22.45958640144685,22.53188133239746,6000,0.0,0.0,0.0
2015-02-18 00:00:00-05:00,22.531884441398187,22.620245265224877,22.52385303207478,22.60417938232422,7500,0.0,0.0,0.0
2015-02-19 00:00:00-05:00,22.59615135192871,22.604184295124924,22.55598816807491,22.59615135192871,5100,0.0,0.0,0.0
2015-02-20 00:00:00-05:00,22.596139879057663,22.65237045288086,22.443518632202707,22.65237045288086,16400,0.0,0.0,0.0
2015-02-23 00:00:00-05:00,22.56401659606088,22.668441772460938,22.56401659606088,22.668441772460938,5900,0.0,0.0,0.0
2015-02-24 00:00:00-05:00,22.644349098817564,22.684512282826933,22.59615143945361,22.67647933959961,7700,0.0,0.0,0.0
2015-02-25 00:00:00-05:00,22.67646773810718,22.708599494577577,22.628271635528062,22.65237045288086,11400,0.0,0.0,0.0
2015-02-26 00:00:00-05:00,22.5640177255087,22.5640177255087,22.515821605690586,22.539918899536133,3300,0.0,0.0,0.0
2015-02-27 00:00:00-05:00,22.539916599292543,22.54794954046362,22.47565460205078,22.47565460205078,9300,0.0,0.0,0.0
2015-03-02 00:00:00-05:00,22.531888905542914,22.588119506835938,22.51582455158642,22.588119506835938,4200,0.0,0.0,0.0
2015-03-03 00:00:00-05:00,22.491721295953116,22.523853061796828,22.427459296392612,22.483688354492188,9800,0.0,0.0,0.0
2015-03-04 00:00:00-05:00,22.32304081320923,22.427466019249948,22.298941981602578,22.395334243774414,8100,0.0,0.0,0.0
2015-03-05 00:00:00-05:00,22.403362936546507,22.427461763580343,22.35516681460593,22.387298583984375,2600,0.0,0.0,0.0
2015-03-06 00:00:00-05:00,22.347135649150392,22.347135649150392,22.090087602192508,22.10615348815918,6400,0.0,0.0,0.0
2015-03-09 00:00:00-04:00,22.154341839090037,22.194505007784645,22.14630889892578,22.14630889892578,9000,0.0,0.0,0.0
2015-03-10 00:00:00-04:00,21.913362546300522,21.913362546300522,21.857131958007812,21.857131958007812,1700,0.0,0.0,0.0
2015-03-11 00:00:00-04:00,21.865169525146484,21.905334239567388,21.816973399968596,21.865169525146484,9000,0.0,0.0,0.0
2015-03-12 00:00:00-04:00,22.09007984990266,22.154341839090037,22.057948089245635,22.14630889892578,4300,0.0,0.0,0.0
2015-03-13 00:00:00-04:00,22.07401536238003,22.082048303051142,21.905328204667004,22.001720428466797,4200,0.0,0.0,0.0
2015-03-16 00:00:00-04:00,22.186469630470146,22.250731608160713,22.16237081428878,22.242698669433594,5700,0.0,0.0,0.0
2015-03-17 00:00:00-04:00,22.234672128938154,22.32303294823673,22.234672128938154,22.29090118408203,7600,0.0,0.0,0.0
2015-03-18 00:00:00-04:00,22.315000588115296,22.708605516495826,22.306967646867506,22.636310577392578,4100,0.0,0.0,0.0
2015-03-19 00:00:00-04:00,22.523854685495017,22.56401786356802,22.427460913141974,22.499755859375,6800,0.0,0.0,0.0
2015-03-20 00:00:00-04:00,22.742530822753906,22.758607798169443,22.71841305963412,22.742530822753906,9200,0.022,0.0,0.0
2015-03-23 00:00:00-04:00,22.750578461194685,22.86312653815116,22.750578461194685,22.855087280273438,4000,0.0,0.0,0.0
2015-03-24 00:00:00-04:00,22.734499363506774,22.734499363506774,22.662147582670677,22.678224563598633,7500,0.0,0.0,0.0
2015-03-25 00:00:00-04:00,22.629987630310076,22.629987630310076,22.412932315845776,22.44508934020996,3100,0.0,0.0,0.0
2015-03-26 00:00:00-04:00,22.2039122169339,22.308419453220313,22.2039122169339,22.268224716186523,4600,0.0,0.0,0.0
2015-03-27 00:00:00-04:00,22.28430314291945,22.348615646362305,22.23606914867006,22.348615646362305,5400,0.0,0.0,0.0
2015-03-30 00:00:00-04:00,22.388807826245895,22.67821327216442,22.388807826245895,22.670175552368164,8100,0.0,0.0,0.0
2015-03-31 00:00:00-04:00,22.605871798392563,22.63802728999871,22.557636260986328,22.557636260986328,7700,0.0,0.0,0.0
2015-04-01 00:00:00-04:00,22.45312806344061,22.509401321411133,22.41293178393932,22.509401321411133,11800,0.0,0.0,0.0
2015-04-02 00:00:00-04:00,22.718421551892938,22.718421551892938,22.573717985745283,22.60587501525879,6500,0.0,0.0,0.0
2015-04-06 00:00:00-04:00,22.533514809042053,22.78272556128923,22.533514809042053,22.742530822753906,5500,0.0,0.0,0.0
2015-04-07 00:00:00-04:00,22.65409873150439,22.72645048169944,22.621941716603985,22.662137985229492,5300,0.0,0.0,0.0
2015-04-08 00:00:00-04:00,22.573706846731273,22.654097847514475,22.573706846731273,22.629980087280273,9300,0.0,0.0,0.0
2015-04-09 00:00:00-04:00,22.59783575788041,22.60587501525879,22.541562489563336,22.60587501525879,14700,0.0,0.0,0.0
2015-04-10 00:00:00-04:00,22.654104951545236,22.694299697875977,22.629987183748018,22.694299697875977,14800,0.0,0.0,0.0
2015-04-13 00:00:00-04:00,22.702343037136185,22.702343037136185,22.60587501525879,22.60587501525879,1600,0.0,0.0,0.0
2015-04-14 00:00:00-04:00,22.557639037388793,22.597835323508026,22.4852872557057,22.58979606628418,7500,0.0,0.0,0.0
2015-04-15 00:00:00-04:00,22.734496633666737,22.79880914965079,22.71841812133789,22.71841812133789,6800,0.0,0.0,0.0
2015-04-16 00:00:00-04:00,22.646067919701977,22.702341183424178,22.557637629091985,22.621950149536133,10700,0.0,0.0,0.0
2015-04-17 00:00:00-04:00,22.565674992788946,22.565674992788946,22.308424932592956,22.356658935546875,39000,0.0,0.0,0.0
2015-04-20 00:00:00-04:00,22.477243860948505,22.525479395412557,22.477243860948505,22.493322372436523,3300,0.0,0.0,0.0
2015-04-21 00:00:00-04:00,22.541555555356084,22.541555555356084,22.469203794539023,22.47724151611328,3400,0.0,0.0,0.0
2015-04-22 00:00:00-04:00,22.477245231973946,22.557636260986328,22.46920750907092,22.557636260986328,8700,0.0,0.0,0.0
2015-04-23 00:00:00-04:00,22.533512113005077,22.69429258124067,22.533512113005077,22.629980087280273,2100,0.0,0.0,0.0
2015-04-24 00:00:00-04:00,22.654107176423928,22.654107176423928,22.621950149536133,22.621950149536133,4300,0.0,0.0,0.0
2015-04-27 00:00:00-04:00,22.654104957407103,22.678221191879278,22.42901039123535,22.42901039123535,7300,0.0,0.0,0.0
2015-04-28 00:00:00-04:00,22.509394134324445,22.52547264099121,22.493315627657683,22.52547264099121,4400,0.0,0.0,0.0
2015-04-29 00:00:00-04:00,22.412929030631144,22.44508605028186,22.32450029325387,22.380773544311523,3600,0.0,0.0,0.0
2015-04-30 00:00:00-04:00,22.171759902953983,22.28430641718284,22.12352590161751,22.147642135620117,7700,0.0,0.0,0.0
2015-05-01 00:00:00-04:00,22.2762647637778,22.380773544311523,22.2762647637778,22.380773544311523,4000,0.0,0.0,0.0
2015-05-04 00:00:00-04:00,22.517438010536022,22.52547726551988,22.453125503996258,22.485280990600586,11000,0.0,0.0,0.0
2015-05-05 00:00:00-04:00,22.412931442967604,22.412931442967604,22.12352590161751,22.147642135620117,4600,0.0,0.0,0.0
2015-05-06 00:00:00-04:00,22.123519748429096,22.123519748429096,21.970776997792626,22.03508949279785,7800,0.0,0.0,0.0
2015-05-07 00:00:00-04:00,22.099406887146092,22.244110416320705,22.099406887146092,22.1717586517334,19600,0.0,0.0,0.0
2015-05-08 00:00:00-04:00,22.43704996269095,22.43704996269095,22.356658935546875,22.356658935546875,5300,0.0,0.0,0.0
2015-05-11 00:00:00-04:00,22.316470978426246,22.461174564645383,22.316470978426246,22.396862030029297,5500,0.0,0.0,0.0
2015-05-12 00:00:00-04:00,22.300380926939102,22.324498689945038,22.219989916916962,22.308420181274414,4200,0.0,0.0,0.0
2015-05-13 00:00:00-04:00,22.33253794428035,22.33253794428035,22.29234167260379,22.308420181274414,3000,0.0,0.0,0.0
2015-05-14 00:00:00-04:00,22.380773742472638,22.52547726551988,22.316461235932877,22.485280990600586,12600,0.0,0.0,0.0
2015-05-15 00:00:00-04:00,22.52548076938018,22.573714773455073,22.477245231973946,22.557636260986328,1800,0.0,0.0,0.0
2015-05-18 00:00:00-04:00,22.581749604443775,22.702335357666016,22.581749604443775,22.702335357666016,3200,0.0,0.0,0.0
2015-05-19 00:00:00-04:00,22.646060723283462,22.750567960795816,22.62998221494896,22.63802146911621,9300,0.0,0.0,0.0
2015-05-20 00:00:00-04:00,22.66214420747764,22.750572956071533,22.66214420747764,22.694299697875977,7800,0.0,0.0,0.0
2015-05-21 00:00:00-04:00,22.718420849247305,22.742538620636513,22.646069068411208,22.678224563598633,14900,0.0,0.0,0.0
2015-05-22 00:00:00-04:00,22.694299697875977,22.694299697875977,22.62194792781561,22.694299697875977,6500,0.0,0.0,0.0
2015-05-26 00:00:00-04:00,22.4531353061519,22.4531353061519,22.396862030029297,22.396862030029297,5600,0.0,0.0,0.0
2015-05-27 00:00:00-04:00,22.589783957474157,22.589783957474157,22.541549973317487,22.56566619873047,1300,0.0,0.0,0.0
2015-05-28 00:00:00-04:00,22.485284923004215,22.6139099585787,22.485284923004215,22.573715209960938,1900,0.0,0.0,0.0
2015-05-29 00:00:00-04:00,22.420968265106918,22.573711041646394,22.420968265106918,22.47724151611328,3800,0.0,0.0,0.0
2015-06-01 00:00:00-04:00,22.533517928880666,22.565673417494757,22.453126907348633,22.453126907348633,2500,0.0,0.0,0.0
2015-06-02 00:00:00-04:00,22.42096988540334,22.477243140476403,22.39685365227557,22.453126907348633,5300,0.0,0.0,0.0
2015-06-03 00:00:00-04:00,22.549595629313334,22.549595629313334,22.445088371303722,22.493322372436523,10600,0.0,0.0,0.0
2015-06-04 00:00:00-04:00,22.380774070592988,22.396852580796427,22.31646156311035,22.31646156311035,3400,0.0,0.0,0.0
2015-06-05 00:00:00-04:00,22.24410695396769,22.30038019914737,22.24410695396769,22.268224716186523,5200,0.0,0.0,0.0
2015-06-08 00:00:00-04:00,22.260185308621093,22.276262283325195,22.228028292551052,22.276262283325195,8300,0.0,0.0,0.0
2015-06-09 00:00:00-04:00,22.21998971017541,22.252146727217458,22.20391273498535,22.20391273498535,2000,0.0,0.0,0.0
2015-06-10 00:00:00-04:00,22.388815208258894,22.46920623270465,22.388815208258894,22.412931442260742,5300,0.0,0.0,0.0
2015-06-11 00:00:00-04:00,22.461166600680205,22.485282834278085,22.461166600680205,22.469205856323242,2300,0.0,0.0,0.0
2015-06-12 00:00:00-04:00,22.348617489273142,22.348617489273142,22.33254051208496,22.33254051208496,4400,0.0,0.0,0.0
2015-06-15 00:00:00-04:00,22.179791893549705,22.316456130346875,22.179791893549705,22.244104385375977,5100,0.0,0.0,0.0
2015-06-16 00:00:00-04:00,22.244109800525997,22.34057932841551,22.244109800525997,22.31646156311035,2400,0.0,0.0,0.0
2015-06-17 00:00:00-04:00,22.404894471832105,22.404894471832105,22.252151673591495,22.356658935546875,5700,0.0,0.0,0.0
2015-06-18 00:00:00-04:00,22.445081640988178,22.52547264099121,22.429003134321416,22.52547264099121,5100,0.0,0.0,0.0
2015-06-19 00:00:00-04:00,22.545641130795214,22.545641130795214,22.432710221536453,22.440776824951172,3900,0.095,0.0,0.0
2015-06-22 00:00:00-04:00,22.49724812434093,22.529514547485903,22.47304984552994,22.489181518554688,4700,0.0,0.0,0.0
2015-06-23 00:00:00-04:00,22.497239378545558,22.513372583846266,22.44077469854022,22.481107711791992,3700,0.0,0.0,0.0
2015-06-24 00:00:00-04:00,22.448843781650456,22.448843781650456,22.303647994995117,22.303647994995117,2400,0.0,0.0,0.0
2015-06-25 00:00:00-04:00,22.2955904750164,22.2955904750164,22.12619634726963,22.182661056518555,2600,0.0,0.0,0.0
2015-06-26 00:00:00-04:00,22.142326608375228,22.16652488708496,22.093926973860302,22.16652488708496,6500,0.0,0.0,0.0
2015-06-29 00:00:00-04:00,21.98098954891769,21.98098954891769,21.74706268310547,21.74706268310547,7200,0.0,0.0,0.0
2015-06-30 00:00:00-04:00,21.932600656238183,21.932600656238183,21.755138397216797,21.755138397216797,3600,0.0,0.0,0.0
2015-07-01 00:00:00-04:00,22.182659293848175,22.182659293848175,21.755138397216797,21.755138397216797,3000,0.0,0.0,0.0
2015-07-02 00:00:00-04:00,21.94065789521726,21.94065789521726,21.81966039261594,21.851926803588867,2400,0.0,0.0,0.0
2015-07-06 00:00:00-04:00,21.75513666402576,21.77126987511473,21.658340474587312,21.722871780395508,3700,0.0,0.0,0.0
2015-07-07 00:00:00-04:00,21.76319638062669,21.956790236770885,21.529271048074328,21.940658569335938,5700,0.0,0.0,0.0
2015-07-08 00:00:00-04:00,21.82773007748315,21.82773007748315,21.593804719087274,21.634136199951172,11200,0.0,0.0,0.0
2015-07-09 00:00:00-04:00,21.747065148627307,21.747065148627307,21.642202377319336,21.642202377319336,1600,0.0,0.0,0.0
2015-07-10 00:00:00-04:00,21.755131787483787,21.755131787483787,21.70673370361328,21.70673370361328,1400,0.0,0.0,0.0
2015-07-13 00:00:00-04:00,21.779335668586537,21.868066787719727,21.779335668586537,21.868066787719727,5000,0.0,0.0,0.0
2015-07-14 00:00:00-04:00,21.924530029296875,21.924530029296875,21.916463424589075,21.924530029296875,2900,0.0,0.0,0.0
2015-07-15 00:00:00-04:00,21.81160101387849,21.835799289868607,21.77126798964904,21.78740119934082,2800,0.0,0.0,0.0
2015-07-16 00:00:00-04:00,21.78740119934082,21.78740119934082,21.78740119934082,21.78740119934082,0,0.0,0.0,0.0
2015-07-17 00:00:00-04:00,21.787397143110304,21.787397143110304,21.69059944152832,21.69059944152832,1400,0.0,0.0,0.0
2015-07-20 00:00:00-04:00,21.52121146951973,21.61800765991211,21.52121146951973,21.61800765991211,2000,0.0,0.0,0.0
2015-07-21 00:00:00-04:00,21.521215430871088,21.60994657051969,21.432484291222487,21.456684112548828,11900,0.0,0.0,0.0
2015-07-22 00:00:00-04:00,21.51314907346296,21.51314907346296,21.44861775439169,21.48088264465332,2600,0.0,0.0,0.0
2015-07-23 00:00:00-04:00,21.408282379739106,21.408282379739106,21.174355428879057,21.222753524780273,5800,0.0,0.0,0.0
2015-07-24 00:00:00-04:00,21.303411834349486,21.303411834349486,21.13401777879459,21.166282653808594,30700,0.0,0.0,0.0
2015-07-27 00:00:00-04:00,21.05336084318892,21.150157041535373,21.02916102432839,21.037227630615234,2700,0.0,0.0,0.0
2015-07-28 00:00:00-04:00,21.093692569515646,21.287286506898855,21.093692569515646,21.26308822631836,3700,0.0,0.0,0.0
2015-07-29 00:00:00-04:00,21.287283211505514,21.51314353942871,21.287283211505514,21.51314353942871,4400,0.0,0.0,0.0
2015-07-30 00:00:00-04:00,21.58574275608438,21.593809361700934,21.497011632849993,21.553476333618164,3700,0.0,0.0,0.0
2015-07-31 00:00:00-04:00,21.642208956980287,21.642208956980287,21.626075744628906,21.626075744628906,800,0.0,0.0,0.0
2015-08-03 00:00:00-04:00,21.44054310611176,21.488941192626953,21.43247650193466,21.488941192626953,1800,0.0,0.0,0.0
2015-08-04 00:00:00-04:00,21.50507817833288,21.521211389520875,21.359882354736328,21.359882354736328,2200,0.0,0.0,0.0
2015-08-05 00:00:00-04:00,21.480876641542835,21.585740967320447,21.392147064208984,21.392147064208984,8600,0.0,0.0,0.0
2015-08-06 00:00:00-04:00,21.440548563876902,21.46474838256836,21.367950646350348,21.46474838256836,4800,0.0,0.0,0.0
2015-08-07 00:00:00-04:00,21.456674799654273,21.464741403261886,21.392143509340695,21.41634178161621,6700,0.0,0.0,0.0
2015-08-10 00:00:00-04:00,21.69867283767656,21.771270751953125,21.690606231807195,21.771270751953125,1200,0.0,0.0,0.0
2015-08-11 00:00:00-04:00,21.58573916638294,21.658337066311212,21.57767256210786,21.650270462036133,5900,0.0,0.0,0.0
2015-08-12 00:00:00-04:00,21.65027239426627,21.71480369567871,21.62607257928126,21.71480369567871,7500,0.0,0.0,0.0
2015-08-13 00:00:00-04:00,21.674469420729658,21.674469420729658,21.569605107833482,21.66640281677246,1600,0.0,0.0,0.0
2015-08-14 00:00:00-04:00,21.650269641918644,21.730934143066406,21.585738348709917,21.730934143066406,17300,0.0,0.0,0.0
2015-08-17 00:00:00-04:00,21.63413965725727,21.835800170898438,21.63413965725727,21.835800170898438,1900,0.0,0.0,0.0
2015-08-18 00:00:00-04:00,21.84386037826329,21.84386037826329,21.71479781041764,21.74706268310547,2800,0.0,0.0,0.0
2015-08-19 00:00:00-04:00,21.440545631830098,21.52121014455607,21.440545631830098,21.51314353942871,800,0.0,0.0,0.0
2015-08-20 00:00:00-04:00,21.416350429598523,21.416350429598523,21.238889694213867,21.238889694213867,5800,0.0,0.0,0.0
2015-08-21 00:00:00-04:00,21.045291660113634,21.045291660113634,20.87589602592642,20.883962631225586,10100,0.0,0.0,0.0
2015-08-24 00:00:00-04:00,17.221807244134183,20.464508497902088,12.865939922771643,19.899858474731445,15400,0.0,0.0,0.0
2015-08-25 00:00:00-04:00,19.770791721772163,20.31124181717322,19.60946273803711,19.60946273803711,4000,0.0,0.0,0.0
2015-08-26 00:00:00-04:00,19.859524199428318,19.86758926448412,19.64173051778597,19.851457595825195,10600,0.0,0.0,0.0
2015-08-27 00:00:00-04:00,20.157984477301277,20.44837610522249,20.157984477301277,20.375778198242188,3000,0.0,0.0,0.0
2015-08-28 00:00:00-04:00,20.63390601577272,20.641972621851668,20.545174887452102,20.59357452392578,4100,0.0,0.0,0.0
2015-08-31 00:00:00-04:00,20.367717145581498,20.601644140410038,20.367717145581498,20.537111282348633,2600,0.0,0.0,0.0
2015-09-01 00:00:00-04:00,20.25478185151002,20.25478185151002,19.835327626951123,19.956323623657227,17800,0.0,0.0,0.0
2015-09-02 00:00:00-04:00,20.117650785594602,20.117650785594602,19.851459002024853,20.085384368896484,8600,0.0,0.0,0.0
2015-09-03 00:00:00-04:00,20.278975548917156,20.31124196131203,20.157979579530824,20.23057746887207,10200,0.0,0.0,0.0
2015-09-04 00:00:00-04:00,19.940187158364903,19.940187158364903,19.851457595825195,19.851457595825195,800,0.0,0.0,0.0
2015-09-08 00:00:00-04:00,20.21444957571984,20.303180694580078,20.21444957571984,20.303180694580078,1100,0.0,0.0,0.0
2015-09-09 00:00:00-04:00,20.496776078585697,20.496776078585697,20.157986327759993,20.24671745300293,4000,0.0,0.0,0.0
2015-09-10 00:00:00-04:00,20.053113563475083,20.182176115024568,20.053113563475083,20.12571144104004,800,0.0,0.0,0.0
2015-09-11 00:00:00-04:00,20.020858526980035,20.06119155883789,19.972460427298458,20.06119155883789,1800,0.0,0.0,0.0
2015-09-14 00:00:00-04:00,20.117656264891036,20.13378793908633,20.06119155883789,20.06119155883789,5800,0.0,0.0,0.0
2015-09-15 00:00:00-04:00,20.15798487773519,20.32738051023677,20.15798487773519,20.303180694580078,7200,0.0,0.0,0.0
2015-09-16 00:00:00-04:00,20.408043176351278,20.63390350341797,20.408043176351278,20.63390350341797,3600,0.0,0.0,0.0
2015-09-17 00:00:00-04:00,20.68230249623244,20.74683380126953,20.650037612987735,20.74683380126953,1200,0.0,0.0,0.0
2015-09-18 00:00:00-04:00,20.341152357142448,20.40619194974404,20.25172233581543,20.25172233581543,2400,0.201,0.0,0.0
2015-09-21 00:00:00-04:00,20.414319260196237,20.414319260196237,20.31675910949707,20.31675910949707,3500,0.0,0.0,0.0
2015-09-22 00:00:00-04:00,20.178554180903493,20.18668432444881,19.99156553136026,20.080995559692383,2600,0.0,0.0,0.0
2015-09-23 00:00:00-04:00,20.129767625780115,20.186677059449803,20.015948758440736,20.032207489013672,5000,0.0,0.0,0.0
2015-09-24 00:00:00-04:00,19.959044957179003,20.080995559692383,19.910265646573446,20.080995559692383,1200,0.0,0.0,0.0
2015-09-25 00:00:00-04:00,20.186681771171322,20.186681771171322,20.072862877265766,20.11351203918457,2100,0.0,0.0,0.0
2015-09-28 00:00:00-04:00,19.812702621552077,19.837091496100726,19.617582321166992,19.617582321166992,2800,0.0,0.0,0.0
2015-09-29 00:00:00-04:00,19.69888189875176,19.74766274846504,19.65823274132332,19.7232723236084,7800,0.0,0.0,0.0
2015-09-30 00:00:00-04:00,19.877741240411627,19.975299835205078,19.772050953608503,19.975299835205078,16300,0.0,0.0,0.0
2015-10-01 00:00:00-04:00,19.975296778483823,19.975296778483823,19.828957358021345,19.853347778320312,4700,0.0,0.0,0.0
2015-10-02 00:00:00-04:00,19.71513948901538,20.137897491455078,19.71513948901538,20.137897491455078,36900,0.0,0.0,0.0
2015-10-05 00:00:00-04:00,20.471230915628276,20.63382911682129,20.4631007729687,20.63382911682129,5900,0.0,0.0,0.0
2015-10-06 00:00:00-04:00,20.698861810193264,20.76390292979697,20.698861810193264,20.731382369995117,3700,0.0,0.0,0.0
2015-10-07 00:00:00-04:00,21.00780105700228,21.00780105700228,20.796422068965484,20.93463134765625,53100,0.0,0.0,0.0
2015-10-08 00:00:00-04:00,20.92650495000213,21.30048370361328,20.92650495000213,21.30048370361328,2900,0.0,0.0,0.0
2015-10-09 00:00:00-04:00,21.21105589311353,21.21105589311353,21.146016305407525,21.194795608520508,1500,0.0,0.0,0.0
2015-10-12 00:00:00-04:00,21.170405473544193,21.170405473544193,21.0891056060791,21.0891056060791,2700,0.0,0.0,0.0
2015-10-13 00:00:00-04:00,21.186664361806596,21.186664361806596,20.999675750732422,20.999675750732422,1200,0.0,0.0,0.0
2015-10-14 00:00:00-04:00,20.983410768761125,20.991540908813477,20.959021899269736,20.991540908813477,3200,0.0,0.0,0.0
2015-10-15 00:00:00-04:00,20.96715888910035,21.040327072143555,20.902117747433206,21.040327072143555,1800,0.0,0.0,0.0
2015-10-16 00:00:00-04:00,21.284219119471413,21.284219119471413,21.137879704182115,21.243568420410156,1700,0.0,0.0,0.0
2015-10-19 00:00:00-04:00,21.0891056060791,21.146015048104868,21.072845322452885,21.0891056060791,4100,0.0,0.0,0.0
2015-10-20 00:00:00-04:00,21.24357284898299,21.284223556518555,21.24357284898299,21.284223556518555,1100,0.0,0.0,0.0
2015-10-21 00:00:00-04:00,21.276094215782614,21.276094215782614,21.0891056060791,21.0891056060791,700,0.0,0.0,0.0
2015-10-22 00:00:00-04:00,21.30048370361328,21.39804229974424,21.276093279247576,21.30048370361328,3200,0.0,0.0,0.0
2015-10-23 00:00:00-04:00,21.43869059344409,21.43869059344409,21.267960743436852,21.316740036010742,2700,0.0,0.0,0.0
2015-10-26 00:00:00-04:00,21.18666444458462,21.251704029154357,21.17853430268015,21.202924728393555,3000,0.0,0.0,0.0
2015-10-27 00:00:00-04:00,21.007807686794212,21.03219811449541,20.910247526655567,20.942768096923828,19300,0.0,0.0,0.0
2015-10-28 00:00:00-04:00,20.959026673923532,21.267964312963297,20.959026673923532,21.202924728393555,9000,0.0,0.0,0.0
2015-10-29 00:00:00-04:00,21.267964312963297,21.3167436137241,21.129755001919346,21.202924728393555,7000,0.0,0.0,0.0
2015-10-30 00:00:00-04:00,21.194791659354678,21.292351798068626,21.178531377791387,21.21105194091797,4500,0.0,0.0,0.0
2015-11-02 00:00:00-05:00,21.178536110080692,21.49560546875,21.178536110080692,21.49560546875,6100,0.0,0.0,0.0
2015-11-03 00:00:00-05:00,21.495599253311262,21.674457686758732,21.495599253311262,21.58502769470215,3100,0.0,0.0,0.0
2015-11-04 00:00:00-05:00,21.58502921534231,21.58502921534231,21.46308020437034,21.487470626831055,15300,0.0,0.0,0.0
2015-11-05 00:00:00-05:00,21.568779170725367,21.568779170725367,21.414309534263147,21.47934913635254,900,0.0,0.0,0.0
2015-11-06 00:00:00-05:00,21.398042709997153,21.398042709997153,21.202923963328402,21.2517032623291,1200,0.0,0.0,0.0
2015-11-09 00:00:00-05:00,21.048450469970703,21.10535990002692,20.999671180017614,21.048450469970703,2000,0.0,0.0,0.0
2015-11-10 00:00:00-05:00,21.12162194298567,21.21105194091797,21.048452226616657,21.21105194091797,2600,0.0,0.0,0.0
2015-11-11 00:00:00-05:00,21.1460140099622,21.1704044342041,21.1460140099622,21.1704044342041,1600,0.0,0.0,0.0
2015-11-12 00:00:00-05:00,20.8452091217041,20.8452091217041,20.8452091217041,20.8452091217041,800,0.0,0.0,0.0
2015-11-13 00:00:00-05:00,20.65821951984089,20.812689128853854,20.65821951984089,20.706998825073242,1700,0.0,0.0,0.0
2015-11-16 00:00:00-05:00,20.7476465459993,21.00780487060547,20.739516404522114,21.00780487060547,6100,0.0,0.0,0.0
2015-11-17 00:00:00-05:00,21.097237982913445,21.097237982913445,20.877728782702903,20.910247802734375,3500,0.0,0.0,0.0
2015-11-18 00:00:00-05:00,21.00780334014335,21.178531646728516,20.991543058373576,21.178531646728516,2500,0.0,0.0,0.0
2015-11-19 00:00:00-05:00,21.178531646728516,21.178531646728516,21.146012633854784,21.178531646728516,3900,0.0,0.0,0.0
2015-11-20 00:00:00-05:00,21.219181328573903,21.219181328573903,21.170402036281136,21.186660766601562,2500,0.0,0.0,0.0
2015-11-23 00:00:00-05:00,21.194793307780085,21.251702747011937,21.15414415137617,21.1704044342041,2500,0.0,0.0,0.0
2015-11-24 00:00:00-05:00,21.162271757122337,21.276090621948242,21.162271757122337,21.276090621948242,8100,0.0,0.0,0.0
2015-11-25 00:00:00-05:00,21.243568420410156,21.243568420410156,21.243568420410156,21.243568420410156,700,0.0,0.0,0.0
2015-11-27 00:00:00-05:00,21.219191480373105,21.22732162475586,21.219191480373105,21.22732162475586,1800,0.0,0.0,0.0
2015-11-30 00:00:00-05:00,21.22732162475586,21.22732162475586,21.22732162475586,21.22732162475586,0,0.0,0.0,0.0
2015-12-01 00:00:00-05:00,21.308612280266505,21.373653411865234,21.27609326513307,21.373653411865234,7200,0.0,0.0,0.0
2015-12-02 00:00:00-05:00,21.31674247887125,21.31674247887125,21.015934997750236,21.080974578857422,4900,0.0,0.0,0.0
2015-12-03 00:00:00-05:00,20.861469296754215,20.861469296754215,20.74765039628334,20.788299560546875,3100,0.0,0.0,0.0
2015-12-04 00:00:00-05:00,20.942766172114585,21.032196181466826,20.942766172114585,21.01593589782715,6300,0.0,0.0,0.0
2015-12-07 00:00:00-05:00,20.690735393016137,20.723254405566184,20.658214829800283,20.698863983154297,6700,0.0,0.0,0.0
2015-12-08 00:00:00-05:00,20.52000121480617,20.552521771171378,20.47935207001514,20.544391632080078,5300,0.0,0.0,0.0
2015-12-09 00:00:00-05:00,20.666348589407793,20.73951831879012,20.381799814106074,20.438709259033203,1900,0.0,0.0,0.0
2015-12-10 00:00:00-05:00,20.324889352921918,20.44683837890625,20.324889352921918,20.44683837890625,4900,0.0,0.0,0.0
2015-12-11 00:00:00-05:00,20.23545135012904,20.23545135012904,20.097242095098082,20.129762649536133,3300,0.0,0.0,0.0
2015-12-14 00:00:00-05:00,20.015944939541704,20.015944939541704,19.902124543252672,19.959033966064453,9600,0.0,0.0,0.0
2015-12-15 00:00:00-05:00,20.24358912872317,20.316758853157854,20.227328845367467,20.27610969543457,1500,0.0,0.0,0.0
2015-12-16 00:00:00-05:00,20.357407743157157,20.552526473999023,20.357407743157157,20.552526473999023,9200,0.0,0.0,0.0
2015-12-17 00:00:00-05:00,20.341155366920823,20.389934680923098,20.284245908807097,20.373674392700195,4700,0.0,0.0,0.0
2015-12-18 00:00:00-05:00,20.069780191035193,20.12742805480957,20.0615445575265,20.12742805480957,3900,0.321,0.0,0.0
2015-12-21 00:00:00-05:00,20.13565986812653,20.13565986812653,19.987421634667157,20.00389289855957,3500,0.0,0.0,0.0
2015-12-22 00:00:00-05:00,20.102717794325528,20.325075149536133,20.045069940186384,20.325075149536133,12700,0.0,0.0,0.0
2015-12-23 00:00:00-05:00,20.580372310306537,20.662727056231674,20.563901046964283,20.654491424560547,5800,0.0,0.0,0.0
2015-12-24 00:00:00-05:00,20.69567548973967,20.712146759033203,20.67920579123284,20.712146759033203,1400,0.0,0.0,0.0
2015-12-28 00:00:00-05:00,20.588612058221088,20.588612058221088,20.423902533440742,20.539199829101562,8300,0.0,0.0,0.0
2015-12-29 00:00:00-05:00,20.638026769255532,20.687440575103974,20.638026769255532,20.6792049407959,4600,0.0,0.0,0.0
2015-12-30 00:00:00-05:00,20.580377280999112,20.605084181979848,20.572141647338867,20.572141647338867,900,0.0,0.0,0.0
2015-12-31 00:00:00-05:00,20.481553598478737,20.572142430617557,20.37449192760572,20.407434463500977,11400,0.0,0.0,0.0
2016-01-04 00:00:00-05:00,20.143896401344875,20.201545832043063,20.135662339174363,20.152132034301758,8600,0.0,0.0,0.0
2016-01-05 00:00:00-05:00,20.308606646397113,20.35801887512207,20.168604022687706,20.35801887512207,6200,0.0,0.0,0.0
2016-01-06 00:00:00-05:00,20.036841457213978,20.045077092284654,19.946251042223327,20.012134552001953,2100,0.0,0.0,0.0
2016-01-07 00:00:00-05:00,19.822716538575357,19.855659073674452,19.633301674115128,19.658008575439453,6000,0.0,0.0,0.0
2016-01-08 00:00:00-05:00,19.666240558539165,19.666240558539165,19.476825714111328,19.476825714111328,27800,0.0,0.0,0.0
2016-01-11 00:00:00-05:00,19.51800713702014,19.559183737626807,19.213294951856255,19.33682632446289,11200,0.0,0.0,0.0
2016-01-12 00:00:00-05:00,19.51800450520252,19.51800450520252,19.09799663834474,19.246234893798828,4500,0.0,0.0,0.0
2016-01-13 00:00:00-05:00,19.0815259401371,19.08976157355047,18.883875450575655,18.908580780029297,3000,0.0,0.0,0.0
2016-01-14 00:00:00-05:00,18.93328653976322,19.147408283253103,18.809755187576926,19.106231689453125,5200,0.0,0.0,0.0
2016-01-15 00:00:00-05:00,18.6779859972693,18.735633850097656,18.57092435277134,18.735633850097656,9100,0.0,0.0,0.0
2016-01-19 00:00:00-05:00,18.743874477628072,18.743874477628072,18.513281434071196,18.653284072875977,3700,0.0,0.0,0.0
2016-01-20 00:00:00-05:00,18.01915730329376,18.38151741027832,17.945039725588614,18.38151741027832,8700,0.0,0.0,0.0
2016-01-21 00:00:00-05:00,18.340340803688033,18.54622697821317,18.340340803688033,18.38151741027832,3200,0.0,0.0,0.0
2016-01-22 00:00:00-05:00,18.645049754350282,18.81799494191778,18.620344420974003,18.752111434936523,8700,0.0,0.0,0.0
2016-01-25 00:00:00-05:00,18.743870801720114,18.743870801720114,18.47210121154785,18.47210121154785,4700,0.0,0.0,0.0
2016-01-26 00:00:00-05:00,18.529749641747447,18.859167098999023,18.529749641747447,18.859167098999023,36500,0.0,0.0,0.0
2016-01-27 00:00:00-05:00,18.925056161326914,19.05682318301517,18.908584890919183,18.916820526123047,5900,0.0,0.0,0.0
2016-01-28 00:00:00-05:00,19.081522734993786,19.15564185247777,18.94975576408586,19.040346145629883,7900,0.0,0.0,0.0
2016-01-29 00:00:00-05:00,19.270944003427875,19.386241319616772,19.270944003427875,19.369770050048828,2000,0.0,0.0,0.0
2016-02-01 00:00:00-05:00,19.46035839034933,19.559184434427312,19.46035839034933,19.542713165283203,3300,0.0,0.0,0.0
2016-02-02 00:00:00-05:00,19.14740914097662,19.188585736621135,19.13917350769043,19.13917350769043,3200,0.0,0.0,0.0
2016-02-03 00:00:00-05:00,19.320355319943626,19.46859359741211,19.114469172523325,19.46859359741211,1400,0.0,0.0,0.0
2016-02-04 00:00:00-05:00,19.575653808478236,19.715656441076344,19.575653808478236,19.658008575439453,900,0.0,0.0,0.0
2016-02-05 00:00:00-05:00,19.443885206621278,19.476826168218057,19.427413940429688,19.427413940429688,900,0.0,0.0,0.0
2016-02-08 00:00:00-05:00,19.065053652858285,19.065053652858285,18.908579767952446,18.933286666870117,1600,0.0,0.0,0.0
2016-02-09 00:00:00-05:00,18.949766159057617,18.974473068700753,18.84270445472442,18.949766159057617,1900,0.0,0.0,0.0
2016-02-10 00:00:00-05:00,18.98269917964056,19.065053939819336,18.98269917964056,19.065053939819336,1800,0.0,0.0,0.0
2016-02-11 00:00:00-05:00,18.55445947086617,18.612107338642705,18.43092653044607,18.587400436401367,2300,0.0,0.0,0.0
2016-02-12 00:00:00-05:00,18.686226162548845,18.8179931640625,18.686226162548845,18.8179931640625,2700,0.0,0.0,0.0
2016-02-16 00:00:00-05:00,19.081527709960938,19.097998978315395,18.95799633887573,19.081527709960938,4000,0.0,0.0,0.0
2016-02-17 00:00:00-05:00,19.41094665318197,19.452124827101837,19.369770050048828,19.369770050048828,2900,0.0,0.0,0.0
2016-02-18 00:00:00-05:00,19.443886101144464,19.45212173461914,19.443886101144464,19.45212173461914,700,0.0,0.0,0.0
2016-02-19 00:00:00-05:00,19.246240271007046,19.402712632559705,19.246240271007046,19.361536026000977,3900,0.0,0.0,0.0
2016-02-22 00:00:00-05:00,19.707422810261832,19.732128143310547,19.69918717565003,19.732128143310547,1800,0.0,0.0,0.0
2016-02-23 00:00:00-05:00,19.50976999639623,19.55094659382366,19.50976999639623,19.534475326538086,2400,0.0,0.0,0.0
2016-02-24 00:00:00-05:00,19.369765655259577,19.59212303161621,19.369765655259577,19.59212303161621,1100,0.0,0.0,0.0
2016-02-25 00:00:00-05:00,19.765061750908163,19.880357441803614,19.765061750908163,19.872121810913086,900,0.0,0.0,0.0
2016-02-26 00:00:00-05:00,19.855655670166016,19.855655670166016,19.84742003780293,19.855655670166016,700,0.0,0.0,0.0
2016-02-29 00:00:00-05:00,19.929780496226467,20.069783144906904,19.929780496226467,19.97919273376465,4100,0.0,0.0,0.0
2016-03-01 00:00:00-05:00,19.995663540112645,20.135666185550658,19.995663540112645,20.02860450744629,3800,0.0,0.0,0.0
2016-03-02 00:00:00-05:00,20.094484330841684,20.456844329833984,20.094484330841684,20.456844329833984,3500,0.0,0.0,0.0
2016-03-03 00:00:00-05:00,20.45684807492169,20.70391082763672,20.45684807492169,20.70391082763672,1100,0.0,0.0,0.0
2016-03-04 00:00:00-05:00,20.73685388608784,21.14862619813633,20.73685388608784,21.08274269104004,3300,0.0,0.0,0.0
2016-03-07 00:00:00-05:00,21.041562452430124,21.189800721545954,21.041562452430124,21.14038848876953,2800,0.0,0.0,0.0
2016-03-08 00:00:00-05:00,20.82744199353335,20.89332549334184,20.769792556762695,20.769792556762695,1600,0.0,0.0,0.0
2016-03-09 00:00:00-05:00,20.918031692504883,20.918031692504883,20.918031692504883,20.918031692504883,1000,0.0,0.0,0.0
2016-03-10 00:00:00-05:00,20.662730138063676,20.934499740600586,20.654494505164212,20.934499740600586,2900,0.0,0.0,0.0
2016-03-11 00:00:00-05:00,21.148626583867976,21.280393600463867,21.148626583867976,21.280393600463867,3500,0.0,0.0,0.0
2016-03-14 00:00:00-04:00,21.21450979645857,21.272157669067383,21.165097558620552,21.272157669067383,900,0.0,0.0,0.0
2016-03-15 00:00:00-04:00,21.082737115795084,21.14862060546875,21.082737115795084,21.14862060546875,900,0.0,0.0,0.0
2016-03-16 00:00:00-04:00,21.206272527758014,21.40392303466797,21.123917757182216,21.40392303466797,18300,0.0,0.0,0.0
2016-03-17 00:00:00-04:00,21.37921462292594,21.774517179624812,21.37921462292594,21.7251033782959,3800,0.0,0.0,0.0
2016-03-18 00:00:00-04:00,21.695434995914848,21.703678131103516,21.645977757000114,21.703678131103516,5800,0.024,0.0,0.0
2016-03-21 00:00:00-04:00,21.645975003689113,21.68718910217285,21.645975003689113,21.68718910217285,300,0.0,0.0,0.0
2016-03-22 00:00:00-04:00,21.464623926412454,21.703668451402347,21.464623926412454,21.621238708496094,4300,0.0,0.0,0.0
2016-03-23 00:00:00-04:00,21.45638645919493,21.530573090173508,21.45638645919493,21.497600555419922,1200,0.0,0.0,0.0
2016-03-24 00:00:00-04:00,21.225584051401913,21.472871780395508,21.225584051401913,21.472871780395508,64000,0.0,0.0,0.0
2016-03-28 00:00:00-04:00,21.497597169123733,21.580026920806393,21.497597169123733,21.505840301513672,153300,0.0,0.0,0.0
2016-03-29 00:00:00-04:00,21.423409582332276,21.76961326599121,21.373952362442907,21.76961326599121,8000,0.0,0.0,0.0
2016-03-30 00:00:00-04:00,21.852044631040766,21.852044631040766,21.753128611725394,21.843801498413086,2300,0.0,0.0,0.0
2016-03-31 00:00:00-04:00,21.802590589705282,21.909748185071813,21.802590589705282,21.868534088134766,3700,0.0,0.0,0.0
2016-04-01 00:00:00-04:00,21.654216478994975,21.852046966552734,21.654216478994975,21.852046966552734,2300,0.0,0.0,0.0
2016-04-04 00:00:00-04:00,21.753130168332426,21.753130168332426,21.67070198059082,21.67070198059082,2400,0.0,0.0,0.0
2016-04-05 00:00:00-04:00,21.58827015425025,21.58827015425025,21.43989691497028,21.46462631225586,206700,0.0,0.0,0.0
2016-04-06 00:00:00-04:00,21.398685265184934,21.555301666259766,21.398685265184934,21.555301666259766,7200,0.0,0.0,0.0
2016-04-07 00:00:00-04:00,21.423415076082197,21.423415076082197,21.283284940280577,21.31625747680664,6700,0.0,0.0,0.0
2016-04-08 00:00:00-04:00,21.67070450858336,21.67070450858336,21.481115566897255,21.52233123779297,7100,0.0,0.0,0.0
2016-04-11 00:00:00-04:00,21.670706111096017,21.728406482399773,21.596519470214844,21.596519470214844,64100,0.0,0.0,0.0
2016-04-12 00:00:00-04:00,21.876775833928647,21.893260528327335,21.860289567313043,21.88501739501953,4500,0.0,0.0,0.0
2016-04-13 00:00:00-04:00,22.01690537931791,22.10757827758789,21.950961882089835,22.10757827758789,5700,0.0,0.0,0.0
2016-04-14 00:00:00-04:00,22.107574756911724,22.107574756911724,21.992174048194634,22.033388137817383,24200,0.0,0.0,0.0
2016-04-15 00:00:00-04:00,22.091091583275556,22.107577850318197,22.07460688844988,22.099334716796875,3300,0.0,0.0,0.0
2016-04-18 00:00:00-04:00,22.115824485000548,22.214740530698844,22.074610383086295,22.173524856567383,4100,0.0,0.0,0.0
2016-04-19 00:00:00-04:00,22.494996794675036,22.494996794675036,22.38783763335406,22.453781127929688,3800,0.0,0.0,0.0
2016-04-20 00:00:00-04:00,22.462025422422965,22.52796892040745,22.396081924438477,22.396081924438477,2300,0.0,0.0,0.0
2016-04-21 00:00:00-04:00,22.264194673085942,22.264194673085942,22.074607315082346,22.10757827758789,5700,0.0,0.0,0.0
2016-04-22 00:00:00-04:00,22.31365141309962,22.379594908880033,22.27243731781822,22.338380813598633,11900,0.0,0.0,0.0
2016-04-25 00:00:00-04:00,22.214738192179016,22.239466021837615,22.115822156893497,22.165279388427734,266900,0.0,0.0,0.0
2016-04-26 00:00:00-04:00,22.297165891353238,22.40432505821366,22.28892432979506,22.396081924438477,5100,0.0,0.0,0.0
2016-04-27 00:00:00-04:00,22.494997024536133,22.494997024536133,22.494997024536133,22.494997024536133,800,0.0,0.0,0.0
2016-04-28 00:00:00-04:00,22.56918333844173,22.668099372935487,22.437296340594738,22.445539474487305,4300,0.0,0.0,0.0
2016-04-29 00:00:00-04:00,22.404327392578125,22.404327392578125,22.19001060874407,22.404327392578125,5600,0.0,0.0,0.0
2016-05-02 00:00:00-04:00,22.371350343687993,22.610396483229433,22.371350343687993,22.593910217285156,5500,0.0,0.0,0.0
2016-05-03 00:00:00-04:00,22.36310554612988,22.36310554612988,22.181761350891666,22.27243423461914,10200,0.0,0.0,0.0
2016-05-04 00:00:00-04:00,22.18176121644628,22.231218438081168,22.12406086250279,22.190004348754883,260600,0.0,0.0,0.0
2016-05-05 00:00:00-04:00,22.330132437218726,22.330132437218726,22.173516081930757,22.231216430664062,2200,0.0,0.0,0.0
2016-05-06 00:00:00-04:00,22.198247615608796,22.305405191836662,22.1735182185331,22.27243423461914,9700,0.0,0.0,0.0
2016-05-09 00:00:00-04:00,22.29716311190714,22.29716311190714,22.222976489395176,22.255949020385742,1000,0.0,0.0,0.0
2016-05-10 00:00:00-04:00,22.379597026792407,22.429054260253906,22.379597026792407,22.429054260253906,2600,0.0,0.0,0.0
2016-05-11 00:00:00-04:00,22.453781233393876,22.48675376694502,22.412567138671875,22.412567138671875,2200,0.0,0.0,0.0
2016-05-12 00:00:00-04:00,22.37135177538036,22.37135177538036,22.33013768009896,22.338380813598633,2000,0.0,0.0,0.0
2016-05-13 00:00:00-04:00,22.26419020590886,22.330133689905768,22.13230323791504,22.13230323791504,3600,0.0,0.0,0.0
2016-05-16 00:00:00-04:00,22.437296021097403,22.437296021097403,22.338381560229173,22.396081924438477,5300,0.0,0.0,0.0
2016-05-17 00:00:00-04:00,22.346620853629485,22.346620853629485,22.247704837543445,22.27243423461914,500,0.0,0.0,0.0
2016-05-18 00:00:00-04:00,22.173516421754353,22.222973639681353,21.992172241210938,21.992172241210938,11600,0.0,0.0,0.0
2016-05-19 00:00:00-04:00,21.819071705047097,21.983931210178948,21.728400392219665,21.95920181274414,110500,0.0,0.0,0.0
2016-05-20 00:00:00-04:00,22.049875064753024,22.132304818690788,22.04163193213757,22.082847595214844,4200,0.0,0.0,0.0
2016-05-23 00:00:00-04:00,22.04987844748093,22.124065080184394,22.000421216417628,22.074607849121094,3700,0.0,0.0,0.0
2016-05-24 00:00:00-04:00,22.16527740985749,22.28067970275879,22.16527740985749,22.28067970275879,11400,0.0,0.0,0.0
2016-05-25 00:00:00-04:00,22.44553822393633,22.50323858575249,22.44553822393633,22.494997024536133,2100,0.0,0.0,0.0
2016-05-26 00:00:00-04:00,22.503241437953008,22.552700244821526,22.486756741213977,22.51972770690918,10100,0.0,0.0,0.0
2016-05-27 00:00:00-04:00,22.552699506575486,22.585670471191406,22.51972696974247,22.585670471191406,3800,0.0,0.0,0.0
2016-05-31 00:00:00-04:00,22.635129521259955,22.701074600219727,22.585672284257345,22.701074600219727,14900,0.0,0.0,0.0
2016-06-01 00:00:00-04:00,22.536209663409647,22.676339778287986,22.52796653050894,22.626882553100586,6200,0.0,0.0,0.0
2016-06-02 00:00:00-04:00,22.70931170943644,22.77525520324707,22.585667855068625,22.77525520324707,3300,0.0,0.0,0.0
2016-06-03 00:00:00-04:00,22.8082289123809,22.84119987487793,22.692828185315822,22.84119987487793,6300,0.0,0.0,0.0
2016-06-06 00:00:00-04:00,22.890656168805826,23.039029414327576,22.890656168805826,22.98957061767578,8100,0.0,0.0,0.0
2016-06-07 00:00:00-04:00,22.99781810787408,23.146191381508288,22.99781810787408,23.08024787902832,4700,0.0,0.0,0.0
2016-06-08 00:00:00-04:00,23.195644183428907,23.22861671447754,23.1214575607863,23.22861671447754,7800,0.0,0.0,0.0
2016-06-09 00:00:00-04:00,23.154431764006805,23.187402725219727,23.055515735934186,23.187402725219727,3100,0.0,0.0,0.0
2016-06-10 00:00:00-04:00,22.923626240862557,22.923626240862557,22.832954928275626,22.84943962097168,1300,0.0,0.0,0.0
2016-06-13 00:00:00-04:00,22.783503009186294,22.91539002385636,22.668102264404297,22.668102264404297,5200,0.0,0.0,0.0
2016-06-14 00:00:00-04:00,22.659856477875458,22.717556843514544,22.527969478638393,22.61039924621582,7500,0.0,0.0,0.0
2016-06-15 00:00:00-04:00,22.701073636552515,22.76701714049575,22.692830502032468,22.725801467895508,1800,0.0,0.0,0.0
2016-06-16 00:00:00-04:00,22.51972339760823,22.626882553100586,22.47026617242083,22.626882553100586,3100,0.0,0.0,0.0
2016-06-17 00:00:00-04:00,22.71882119641999,22.776798248291016,22.66912680621,22.776798248291016,9600,0.131,0.0,0.0
2016-06-20 00:00:00-04:00,23.008703548266027,23.050115268738683,22.94244384765625,22.94244384765625,7100,0.0,0.0,0.0
2016-06-21 00:00:00-04:00,22.859622302266548,22.992141723632812,22.83477431835183,22.992141723632812,7800,0.0,0.0,0.0
2016-06-22 00:00:00-04:00,22.95901107841319,22.992141723632812,22.95901107841319,22.992141723632812,1000,0.0,0.0,0.0
2016-06-23 00:00:00-04:00,23.116379408872664,23.190921783844086,23.116379408872664,23.17435646057129,8000,0.0,0.0,0.0
2016-06-24 00:00:00-04:00,22.53660645501091,22.83477596445741,22.379240618141907,22.64427947998047,15100,0.0,0.0,0.0
2016-06-27 00:00:00-04:00,22.296404041374554,22.296404041374554,21.733195961527308,21.799455642700195,4400,0.0,0.0,0.0
2016-06-28 00:00:00-04:00,22.114194573407573,22.354385371523986,22.081063936560778,22.337820053100586,8100,0.0,0.0,0.0
2016-06-29 00:00:00-04:00,22.536604855649855,22.801645278435455,22.536604855649855,22.76851463317871,7300,0.0,0.0,0.0
2016-06-30 00:00:00-04:00,22.818203951971174,23.050113677978516,22.702249878845386,23.050113677978516,7200,0.0,0.0,0.0
2016-07-01 00:00:00-04:00,23.083247174413756,23.2488956451416,23.083247174413756,23.2488956451416,1200,0.0,0.0,0.0
2016-07-05 00:00:00-04:00,22.809926661453623,22.843055725097656,22.627711282265338,22.843055725097656,22600,0.0,0.0,0.0
2016-07-06 00:00:00-04:00,22.73538586595981,22.892751693725586,22.611147524373166,22.892751693725586,1300,0.0,0.0,0.0
2016-07-07 00:00:00-04:00,23.02526985284115,23.09981222179814,22.693971312896768,22.809926986694336,7300,0.0,0.0,0.0
2016-07-08 00:00:00-04:00,23.0335534248091,23.224051475098047,23.016989681973804,23.199203491210938,10300,0.0,0.0,0.0
2016-07-11 00:00:00-04:00,23.35657215209319,23.35657215209319,23.290312437921195,23.331724166870117,6200,0.0,0.0,0.0
2016-07-12 00:00:00-04:00,23.497368510815424,23.845232320308217,23.497368510815424,23.762407302856445,15000,0.0,0.0,0.0
2016-07-13 00:00:00-04:00,23.613323846680142,23.671300888061523,23.596758526355206,23.671300888061523,4100,0.0,0.0,0.0
2016-07-14 00:00:00-04:00,23.894933411213806,23.894933411213806,23.754131315919757,23.77069664001465,20500,0.0,0.0,0.0
2016-07-15 00:00:00-04:00,23.79553985595703,23.845235821578598,23.687868423289064,23.79553985595703,7300,0.0,0.0,0.0
2016-07-18 00:00:00-04:00,23.78725211670906,23.853511810302734,23.646450070353037,23.853511810302734,2900,0.0,0.0,0.0
2016-07-19 00:00:00-04:00,23.64645290757412,23.720995269280436,23.64645290757412,23.671300888061523,5100,0.0,0.0,0.0
2016-07-20 00:00:00-04:00,23.654732398038103,23.79553444242101,23.522213012707805,23.72927474975586,5100,0.0,0.0,0.0
2016-07-21 00:00:00-04:00,23.812110002201507,23.85352173552018,23.62161350132542,23.62989616394043,4300,0.0,0.0,0.0
2016-07-22 00:00:00-04:00,23.67130532634363,23.745847702026367,23.67130532634363,23.745847702026367,700,0.0,0.0,0.0
2016-07-25 00:00:00-04:00,23.646460862245064,23.646460862245064,23.58020113841144,23.638179779052734,3600,0.0,0.0,0.0
2016-07-26 00:00:00-04:00,23.77069664001465,23.77069664001465,23.629894544720596,23.77069664001465,3000,0.0,0.0,0.0
2016-07-27 00:00:00-04:00,23.853515632434107,23.878363613921604,23.53878243237229,23.66301918029785,3900,0.0,0.0,0.0
2016-07-28 00:00:00-04:00,23.56363136655217,23.70443344116211,23.56363136655217,23.70443344116211,20000,0.0,0.0,0.0
2016-07-29 00:00:00-04:00,23.646455120593345,23.845235823584233,23.580195412848397,23.828670501708984,25500,0.0,0.0,0.0
2016-08-01 00:00:00-04:00,23.696148543324334,23.712712283666043,23.49736944142099,23.513933181762695,35800,0.0,0.0,0.0
2016-08-02 00:00:00-04:00,23.5801948093043,23.5801948093043,23.190919233735894,23.340003967285156,7200,0.0,0.0,0.0
2016-08-03 00:00:00-04:00,23.364848463155052,23.530498504638672,23.364848463155052,23.530498504638672,14400,0.0,0.0,0.0
2016-08-04 00:00:00-04:00,23.530497232551465,23.62160490841765,23.530497232551465,23.571908950805664,4800,0.0,0.0,0.0
2016-08-05 00:00:00-04:00,23.712715777203705,23.820388793945312,23.712715777203705,23.820388793945312,4700,0.0,0.0,0.0
2016-08-08 00:00:00-04:00,23.886650707366417,24.044018126479976,23.886650707366417,23.94462776184082,3400,0.0,0.0,0.0
2016-08-09 00:00:00-04:00,24.044013335135826,24.052295995518257,23.886645947381478,23.919775009155273,9800,0.0,0.0,0.0
2016-08-10 00:00:00-04:00,23.961191204868946,23.96947386625168,23.712716102655353,23.720998764038086,12800,0.0,0.0,0.0
2016-08-11 00:00:00-04:00,23.886650086208373,23.886650086208373,23.76241331845732,23.870084762573242,8000,0.0,0.0,0.0
2016-08-12 00:00:00-04:00,23.903211911227913,23.919775652682464,23.77069250105562,23.803821563720703,13300,0.0,0.0,0.0
2016-08-15 00:00:00-04:00,23.944627430405887,24.093712185422905,23.944627430405887,24.010887145996094,9800,0.0,0.0,0.0
2016-08-16 00:00:00-04:00,23.994315784944963,23.994315784944963,23.870079046942088,23.903209686279297,8600,0.0,0.0,0.0
2016-08-17 00:00:00-04:00,23.936335873068376,23.936335873068376,23.663014450363224,23.878358840942383,10600,0.0,0.0,0.0
2016-08-18 00:00:00-04:00,23.961192423675165,24.093711853027344,23.961192423675165,24.093711853027344,13400,0.0,0.0,0.0
2016-08-19 00:00:00-04:00,24.10199484734121,24.10199484734121,23.894933038652294,24.010887145996094,5900,0.0,0.0,0.0
2016-08-22 00:00:00-04:00,23.911493293738967,23.911493293738967,23.795537631219176,23.861797332763672,9100,0.0,0.0,0.0
2016-08-23 00:00:00-04:00,24.0191707611084,24.0937131415751,24.0108880988614,24.0191707611084,10000,0.0,0.0,0.0
2016-08-24 00:00:00-04:00,24.09370579290772,24.09370579290772,23.762407302856445,23.762407302856445,11300,0.0,0.0,0.0
2016-08-25 00:00:00-04:00,23.894929250622646,23.894929250622646,23.778973581904907,23.803821563720703,3600,0.0,0.0,0.0
2016-08-26 00:00:00-04:00,23.911493293505412,24.027447376268174,23.58019320603027,23.671300888061523,9500,0.0,0.0,0.0
2016-08-29 00:00:00-04:00,23.845233592194468,23.903210633576418,23.795537631219176,23.861797332763672,5300,0.0,0.0,0.0
2016-08-30 00:00:00-04:00,23.88664659001738,23.98603535776861,23.75412717984509,23.803821563720703,7100,0.0,0.0,0.0
2016-08-31 00:00:00-04:00,23.84523551577205,23.84523551577205,23.580195108457556,23.70443344116211,4800,0.0,0.0,0.0
2016-09-01 00:00:00-04:00,23.68787068545845,23.68787068545845,23.48080888152919,23.55535125732422,3200,0.0,0.0,0.0
2016-09-02 00:00:00-04:00,23.68786620861783,23.861797332763672,23.68786620861783,23.861797332763672,3200,0.0,0.0,0.0
2016-09-06 00:00:00-04:00,23.886647853664456,23.95290756225586,23.82038814507305,23.95290756225586,4100,0.0,0.0,0.0
2016-09-07 00:00:00-04:00,23.952906918181476,24.101991653442383,23.952906918181476,24.101991653442383,2800,0.0,0.0,0.0
2016-09-08 00:00:00-04:00,24.035729408994808,24.2096605285986,24.035729408994808,24.201377868652344,7400,0.0,0.0,0.0
2016-09-09 00:00:00-04:00,23.79554182969357,23.79554182969357,23.431114196777344,23.431114196777344,4600,0.0,0.0,0.0
2016-09-12 00:00:00-04:00,23.21576501014984,23.596757888793945,23.207482350211162,23.596757888793945,22400,0.0,0.0,0.0
2016-09-13 00:00:00-04:00,23.4393927479248,23.4393927479248,23.000422787544316,23.13294219970703,9600,0.0,0.0,0.0
2016-09-14 00:00:00-04:00,23.058406224389742,23.224056325387213,22.950733184814453,22.950733184814453,4000,0.0,0.0,0.0
2016-09-15 00:00:00-04:00,23.11637845801002,23.282028524411857,23.074966731287613,23.199203491210938,11300,0.0,0.0,0.0
2016-09-16 00:00:00-04:00,23.071723779746947,23.146713256835938,23.038394416937845,23.146713256835938,6800,0.167,0.0,0.0
2016-09-19 00:00:00-04:00,23.18003242946977,23.380003764430615,23.18003242946977,23.271686553955078,7200,0.0,0.0,0.0
2016-09-20 00:00:00-04:00,23.296681235958165,23.296681235958165,23.188364028930664,23.188364028930664,6400,0.0,0.0,0.0
2016-09-21 00:00:00-04:00,23.196700685421124,23.554983311826756,23.196700685421124,23.538318634033203,8600,0.0,0.0,0.0
2016-09-22 00:00:00-04:00,23.76328489053987,23.829942006519367,23.72995553793462,23.80494499206543,1900,0.0,0.0,0.0
2016-09-23 00:00:00-04:00,23.888268809328732,23.91326582590164,23.671632766723633,23.671632766723633,9200,0.0,0.0,0.0
2016-09-26 00:00:00-04:00,23.621638383705857,23.721623263327434,23.613306045532227,23.613306045532227,9500,0.0,0.0,0.0
2016-09-27 00:00:00-04:00,23.55498174673364,23.55498174673364,23.488324629219566,23.504987716674805,2600,0.0,0.0,0.0
2016-09-28 00:00:00-04:00,23.671639903373727,23.938268470278082,23.43833911271661,23.896608352661133,10100,0.0,0.0,0.0
2016-09-29 00:00:00-04:00,23.921598434448242,24.096574385593488,23.921598434448242,23.921598434448242,2700,0.0,0.0,0.0
2016-09-30 00:00:00-04:00,24.13823399617644,24.13823399617644,23.93826261987031,24.029916763305664,4000,0.0,0.0,0.0
2016-10-03 00:00:00-04:00,23.838273133626448,23.854936219851542,23.7716160210333,23.829940795898438,8800,0.0,0.0,0.0
2016-10-04 00:00:00-04:00,23.821608551154142,23.846605564435738,23.51331841093815,23.696626663208008,32400,0.0,0.0,0.0
2016-10-05 00:00:00-04:00,23.829950187604773,23.96326446533203,23.829950187604773,23.96326446533203,2500,0.0,0.0,0.0
2016-10-06 00:00:00-04:00,23.85494750881098,23.98826338631773,23.8299520730292,23.90494155883789,11100,0.0,0.0,0.0
2016-10-07 00:00:00-04:00,24.04657960918676,24.04657960918676,23.738289434275934,23.838275909423828,4800,0.0,0.0,0.0
2016-10-10 00:00:00-04:00,24.046579878697095,24.121569338590707,23.996585845947266,23.996585845947266,14500,0.0,0.0,0.0
2016-10-11 00:00:00-04:00,23.78828037948549,23.804945055832754,23.57164594389507,23.613306045532227,12300,0.0,0.0,0.0
2016-10-12 00:00:00-04:00,23.621640322808958,23.754954566068847,23.60497564509369,23.671632766723633,7100,0.0,0.0,0.0
2016-10-13 00:00:00-04:00,23.538315424219746,23.696626663208008,23.405001198513084,23.696626663208008,4700,0.0,0.0,0.0
2016-10-14 00:00:00-04:00,23.688301416143304,23.788286320736642,23.55498715053125,23.596647262573242,5800,0.0,0.0,0.0
2016-10-17 00:00:00-04:00,23.554986778494083,23.629976250370376,23.52998975812486,23.571651458740234,5600,0.0,0.0,0.0
2016-10-18 00:00:00-04:00,23.688301108474743,23.754958240415014,23.613311636388016,23.746625900268555,6700,0.0,0.0,0.0
2016-10-19 00:00:00-04:00,23.91326992991858,24.021587175195066,23.829948116273602,23.97992706298828,7600,0.0,0.0,0.0
2016-10-20 00:00:00-04:00,23.938268470278082,23.946600811647794,23.88827601129142,23.896608352661133,7900,0.0,0.0,0.0
2016-10-21 00:00:00-04:00,23.763291311557023,23.9216010115154,23.738294290348705,23.888273239135742,10400,0.0,0.0,0.0
2016-10-24 00:00:00-04:00,24.07157873486791,24.07157873486791,23.829947232414202,23.91326904296875,6800,0.0,0.0,0.0
2016-10-25 00:00:00-04:00,23.921598179138922,23.929930518555125,23.738291479676196,23.763288497924805,7600,0.0,0.0,0.0
2016-10-26 00:00:00-04:00,23.596640199312546,23.729954425019212,23.596640199312546,23.696626663208008,4700,0.0,0.0,0.0
2016-10-27 00:00:00-04:00,23.596643417079488,23.596643417079488,23.538318634033203,23.538318634033203,1300,0.0,0.0,0.0
2016-10-28 00:00:00-04:00,23.896604384406828,23.896604384406828,23.39667510986328,23.39667510986328,5800,0.0,0.0,0.0
2016-10-31 00:00:00-04:00,23.471659746106774,23.513319848225045,23.438330393027336,23.463327407836914,3600,0.0,0.0,0.0
2016-11-01 00:00:00-04:00,23.629975314633416,23.629975314633416,23.105049032286235,23.296688079833984,8100,0.0,0.0,0.0
2016-11-02 00:00:00-04:00,23.23836367274293,23.23836367274293,22.896745681762695,22.896745681762695,1100,0.0,0.0,0.0
2016-11-03 00:00:00-04:00,23.080055746100193,23.080055746100193,22.955072226824726,22.971736907958984,2000,0.0,0.0,0.0
2016-11-04 00:00:00-04:00,23.030058800219255,23.096715927124023,22.913409225443726,23.096715927124023,3900,0.0,0.0,0.0
2016-11-07 00:00:00-05:00,23.646638404988334,23.646638404988334,23.296688079833984,23.296688079833984,3700,0.0,0.0,0.0
2016-11-08 00:00:00-05:00,23.255028358168712,23.471664428710938,23.255028358168712,23.471664428710938,3300,0.0,0.0,0.0
2016-11-09 00:00:00-05:00,23.5133229924891,23.954927444458008,23.5133229924891,23.954927444458008,8900,0.0,0.0,0.0
2016-11-10 00:00:00-05:00,24.054917636794407,24.163234887026118,24.004923592781477,24.146570205688477,2400,0.0,0.0,0.0
2016-11-11 00:00:00-05:00,24.038249847172974,24.17156410217285,23.89660325258169,24.17156410217285,6400,0.0,0.0,0.0
2016-11-14 00:00:00-05:00,24.196560733158826,24.513181686401367,24.196560733158826,24.513181686401367,1700,0.0,0.0,0.0
2016-11-15 00:00:00-05:00,24.696482970695772,24.846461869583543,24.663155209404547,24.82146644592285,7600,0.0,0.0,0.0
2016-11-16 00:00:00-05:00,24.754814991470013,24.754814991470013,24.638165408956997,24.704822540283203,4100,0.0,0.0,0.0
2016-11-17 00:00:00-05:00,24.73814776792543,24.863129669629263,24.73814776792543,24.796472549438477,11000,0.0,0.0,0.0
2016-11-18 00:00:00-05:00,24.796474657924993,24.8547994443975,24.796474657924993,24.838134765625,5500,0.0,0.0,0.0
2016-11-21 00:00:00-05:00,25.146425595562054,25.146425595562054,25.013111340506867,25.113096237182617,8600,0.0,0.0,0.0
2016-11-22 00:00:00-05:00,25.171418829212843,25.263072967529297,25.104761707500277,25.263072967529297,13200,0.0,0.0,0.0
2016-11-23 00:00:00-05:00,25.138089235188794,25.37972068786621,25.138089235188794,25.37972068786621,22000,0.0,0.0,0.0
2016-11-25 00:00:00-05:00,25.338061418736228,25.413050876329457,25.329729080200195,25.329729080200195,8700,0.0,0.0,0.0
2016-11-28 00:00:00-05:00,25.471370857632294,25.471370857632294,25.196410094674537,25.204742431640625,4100,0.0,0.0,0.0
2016-11-29 00:00:00-05:00,25.146421604034742,25.21307872098176,25.088096825359983,25.129756927490234,7900,0.0,0.0,0.0
2016-11-30 00:00:00-05:00,25.41305911480443,25.713017042418528,25.41305911480443,25.663022994995117,10600,0.0,0.0,0.0
2016-12-01 00:00:00-05:00,25.779671220880736,25.879656125775643,25.62969227430697,25.67135238647461,4000,0.0,0.0,0.0
2016-12-02 00:00:00-05:00,25.788005828857422,25.854662967726068,25.696351666951205,25.788005828857422,10500,0.0,0.0,0.0
2016-12-05 00:00:00-05:00,26.06295672468469,26.087952148899678,26.012962697792833,26.0712890625,7300,0.0,0.0,0.0
2016-12-06 00:00:00-05:00,26.021302887869737,26.25460364940707,26.021302887869737,26.22960662841797,8000,0.0,0.0,0.0
2016-12-07 00:00:00-05:00,26.154611758015175,26.537891387939453,26.154611758015175,26.537891387939453,10700,0.0,0.0,0.0
2016-12-08 00:00:00-05:00,26.554556510845337,26.854512759699713,26.554556510845337,26.77119255065918,22200,0.0,0.0,0.0
2016-12-09 00:00:00-05:00,26.921175329361503,26.921175329361503,26.696206918543904,26.82952117919922,11900,0.0,0.0,0.0
2016-12-12 00:00:00-05:00,27.046152832786554,27.104477617070664,26.629545414493,26.671205520629883,14300,0.0,0.0,0.0
2016-12-13 00:00:00-05:00,26.679542191792713,26.746197732771947,26.52123091158084,26.712871551513672,10200,0.0,0.0,0.0
2016-12-14 00:00:00-05:00,26.66287494212965,26.66287494212965,26.27126453854035,26.287927627563477,8800,0.0,0.0,0.0
2016-12-15 00:00:00-05:00,26.354582528793976,26.454569000656548,26.354582528793976,26.379579544067383,8700,0.0,0.0,0.0
2016-12-16 00:00:00-05:00,26.528034582391935,26.56177369356794,26.384639739990234,26.384639739990234,7300,0.386,0.0,0.0
2016-12-19 00:00:00-05:00,26.359342159586074,26.53647616665214,26.359342159586074,26.502737045288086,32400,0.0,0.0,0.0
2016-12-20 00:00:00-05:00,26.65456197157039,26.72204181012743,26.61238606694333,26.68830108642578,21300,0.0,0.0,0.0
2016-12-21 00:00:00-05:00,26.553343090690184,26.69673795780955,26.553343090690184,26.58708381652832,6000,0.0,0.0,0.0
2016-12-22 00:00:00-05:00,26.502729277396973,26.511164457477296,26.393075154044965,26.485858917236328,8100,0.0,0.0,0.0
2016-12-23 00:00:00-05:00,26.4942962795741,26.52803700267452,26.45212198454481,26.519601821899414,12100,0.0,0.0,0.0
2016-12-27 00:00:00-05:00,26.772652064352332,26.772652064352332,26.56177736163168,26.629257202148438,13100,0.0,0.0,0.0
2016-12-28 00:00:00-05:00,26.570214255565137,26.570214255565137,26.241250212946134,26.300294876098633,15900,0.0,0.0,0.0
2016-12-29 00:00:00-05:00,26.39307641474988,26.39307641474988,26.2075056618109,26.334030151367188,8100,0.0,0.0,0.0
2016-12-30 00:00:00-05:00,26.468991489250804,26.468991489250804,26.2159424941933,26.266551971435547,9200,0.0,0.0,0.0
2017-01-03 00:00:00-05:00,26.595517226939098,26.705171360918236,26.426816826675225,26.603952407836914,17300,0.0,0.0,0.0
2017-01-04 00:00:00-05:00,26.77265328929355,27.084748571491925,26.77265328929355,26.966657638549805,480300,0.0,0.0,0.0
2017-01-05 00:00:00-05:00,27.00039270471899,27.00039270471899,26.77264927225505,26.865434646606445,19800,0.0,0.0,0.0
2017-01-06 00:00:00-05:00,26.831696214594185,26.991961436097974,26.82326103358385,26.949787139892578,16300,0.0,0.0,0.0
2017-01-09 00:00:00-05:00,26.924481969811506,26.924481969811506,26.603953131210332,26.61238670349121,13900,0.0,0.0,0.0
2017-01-10 00:00:00-05:00,26.75578194932085,26.78952267431425,26.57864796964444,26.69673728942871,11900,0.0,0.0,0.0
2017-01-11 00:00:00-05:00,26.789524320362712,26.865439347416054,26.688303748009453,26.857004165649414,60300,0.0,0.0,0.0
2017-01-12 00:00:00-05:00,26.89074163160182,26.89074163160182,26.4858625847589,26.69673728942871,29500,0.0,0.0,0.0
2017-01-13 00:00:00-05:00,26.629256453660094,26.8654366932534,26.629256453660094,26.65456199645996,30500,0.0,0.0,0.0
2017-01-17 00:00:00-05:00,26.528036978409297,26.738911671055327,26.528036978409297,26.553340911865234,21900,0.0,0.0,0.0
2017-01-18 00:00:00-05:00,26.367766341478497,26.646120814200078,26.367766341478497,26.62081527709961,92500,0.0,0.0,0.0
2017-01-19 00:00:00-05:00,26.747345909931532,26.755781090909256,26.418381896031676,26.443687438964844,12600,0.0,0.0,0.0
2017-01-20 00:00:00-05:00,26.840130120942437,26.840130120942437,26.553340415596097,26.64612579345703,27700,0.0,0.0,0.0
2017-01-23 00:00:00-05:00,26.553339797127094,26.65456035324018,26.35933547416035,26.460556030273438,64800,0.0,0.0,0.0
2017-01-24 00:00:00-05:00,26.46899448522856,26.840134447655004,26.46899448522856,26.781089782714844,16100,0.0,0.0,0.0
2017-01-25 00:00:00-05:00,27.093175647527232,27.093175647527232,26.890736165257636,26.99195671081543,13900,0.0,0.0,0.0
2017-01-26 00:00:00-05:00,26.932915618879765,27.10161601413428,26.87387096319455,26.924480438232422,64400,0.0,0.0,0.0
2017-01-27 00:00:00-05:00,26.865437833637497,26.899176949956548,26.679867062920554,26.713607788085938,10700,0.0,0.0,0.0
2017-01-30 00:00:00-05:00,26.671432109259534,26.671432109259534,26.190636453629473,26.359336853027344,41600,0.0,0.0,0.0
2017-01-31 00:00:00-05:00,26.31716508187021,26.528039796920943,26.291859536879418,26.51116943359375,11800,0.0,0.0,0.0
2017-02-01 00:00:00-05:00,26.789523609768903,26.789523609768903,26.350903822616562,26.42681884765625,31100,0.0,0.0,0.0
2017-02-02 00:00:00-05:00,26.654564304182106,26.654564304182106,26.384644926332587,26.51116943359375,25200,0.0,0.0,0.0
2017-02-03 00:00:00-05:00,26.603956055211878,26.814830780029297,26.603956055211878,26.814830780029297,26800,0.0,0.0,0.0
2017-02-06 00:00:00-05:00,26.679866543662314,26.755781564960596,26.58708276895598,26.61238670349121,10200,0.0,0.0,0.0
2017-02-07 00:00:00-05:00,26.62925570268404,26.62925570268404,26.393077078597507,26.45212173461914,9900,0.0,0.0,0.0
2017-02-08 00:00:00-05:00,26.308732673116708,26.519607410393398,26.249688004094686,26.502737045288086,15700,0.0,0.0,0.0
2017-02-09 00:00:00-05:00,26.68830694157689,26.772657160490358,26.570217600406,26.705177307128906,13600,0.0,0.0,0.0
2017-02-10 00:00:00-05:00,26.873867136729988,26.99195643128615,26.831691239498518,26.958215713500977,11400,0.0,0.0,0.0
2017-02-13 00:00:00-05:00,26.97508925688433,27.126919287149665,26.97508925688433,27.034133911132812,12500,0.0,0.0,0.0
2017-02-14 00:00:00-05:00,27.118486219792135,27.17753087513849,26.983524939055364,27.16909408569336,6800,0.0,0.0,0.0
2017-02-15 00:00:00-05:00,27.1016151362664,27.185963722315257,27.02570012174551,27.160659790039062,8900,0.0,0.0,0.0
2017-02-16 00:00:00-05:00,27.059440705761528,27.278748958989702,27.059440705761528,27.143789291381836,17100,0.0,0.0,0.0
2017-02-17 00:00:00-05:00,27.017262198213412,27.101613998413086,26.949783975745838,27.101613998413086,12800,0.0,0.0,0.0
2017-02-21 00:00:00-05:00,27.270322869508924,27.354671478271484,27.236582138926632,27.354671478271484,17000,0.0,0.0,0.0
2017-02-22 00:00:00-05:00,27.287185585420026,27.287185585420026,27.084747670190374,27.202836990356445,8200,0.0,0.0,0.0
2017-02-23 00:00:00-05:00,27.287183396386066,27.287183396386066,27.042571203247913,27.16909408569336,12000,0.0,0.0,0.0
2017-02-24 00:00:00-05:00,27.02570210966507,27.118487491759172,27.01726531982422,27.01726531982422,6500,0.0,0.0,0.0
2017-02-27 00:00:00-05:00,27.169090828922545,27.270312983976225,27.034131173209644,27.236572265625,11600,0.0,0.0,0.0
2017-02-28 00:00:00-05:00,27.371538309021332,27.379971881731276,26.932918521170897,26.966657638549805,23000,0.0,0.0,0.0
2017-03-01 00:00:00-05:00,27.261882546442184,27.388408660888672,27.261882546442184,27.388408660888672,9100,0.0,0.0,0.0
2017-03-02 00:00:00-05:00,27.245006953165454,27.245006953165454,27.05943943001113,27.067873001098633,2600,0.0,0.0,0.0
2017-03-03 00:00:00-05:00,27.0931757875531,27.0931757875531,26.873867553928747,27.008827209472656,10400,0.0,0.0,0.0
2017-03-06 00:00:00-05:00,26.98352956502274,26.98352956502274,26.68830462883239,26.848569869995117,24700,0.0,0.0,0.0
2017-03-07 00:00:00-05:00,26.924482107726607,26.924482107726607,26.553342180461296,26.629257202148438,9100,0.0,0.0,0.0
2017-03-08 00:00:00-05:00,26.637693854276687,26.637693854276687,26.23281478881836,26.23281478881836,21900,0.0,0.0,0.0
2017-03-09 00:00:00-05:00,26.148459856085356,26.376204892567873,25.903844459379073,26.047239303588867,10800,0.0,0.0,0.0
2017-03-10 00:00:00-05:00,26.232814545154355,26.241249726712184,25.962895170689286,26.165334701538086,21000,0.0,0.0,0.0
2017-03-13 00:00:00-04:00,26.224384042798537,26.291863898455198,26.123163454890214,26.190643310546875,122300,0.0,0.0,0.0
2017-03-14 00:00:00-04:00,25.979762554840995,26.038808822631836,25.89541396140381,26.038808822631836,5000,0.0,0.0,0.0
2017-03-15 00:00:00-04:00,26.080981828252312,26.502731209945367,26.07254664755691,26.45212173461914,105200,0.0,0.0,0.0
2017-03-16 00:00:00-04:00,26.452114434909134,26.452114434909134,26.317154798718434,26.342458724975586,7300,0.0,0.0,0.0
2017-03-17 00:00:00-04:00,26.383824705157302,26.451345624800044,26.350063440423074,26.400705337524414,5000,0.019,0.0,0.0
2017-03-20 00:00:00-04:00,26.451346591352735,26.451346591352735,26.1475016369448,26.27410316467285,7500,0.0,0.0,0.0
2017-03-21 00:00:00-04:00,26.4344559228241,26.4344559228241,25.80144691467285,25.80144691467285,8100,0.0,0.0,0.0
2017-03-22 00:00:00-04:00,25.87740812443701,25.87740812443701,25.708605078333285,25.80144691467285,13000,0.0,0.0,0.0
2017-03-23 00:00:00-04:00,25.801459777372667,26.046224155261974,25.801459777372667,25.86054039001465,9000,0.0,0.0,0.0
2017-03-24 00:00:00-04:00,26.079977021574223,26.079977021574223,25.750812774130033,25.84365463256836,10400,0.0,0.0,0.0
2017-03-27 00:00:00-04:00,25.438531370471864,25.76769727721014,25.438531370471864,25.74237632751465,13000,0.0,0.0,0.0
2017-03-28 00:00:00-04:00,25.632651885927352,26.079977333219837,25.632651885927352,26.071537017822266,7800,0.0,0.0,0.0
2017-03-29 00:00:00-04:00,25.91961374347671,26.274098929875624,25.91961374347671,26.240339279174805,20100,0.0,0.0,0.0
2017-03-30 00:00:00-04:00,26.16438231701305,26.442906322446287,26.16438231701305,26.417585372924805,40200,0.0,0.0,0.0
2017-03-31 00:00:00-04:00,26.442908043297678,26.510428969923325,26.417587092128358,26.476669311523438,11500,0.0,0.0,0.0
2017-04-03 00:00:00-04:00,26.58638499935769,26.58638499935769,26.130617626652434,26.316301345825195,13700,0.0,0.0,0.0
2017-04-04 00:00:00-04:00,26.316303605364535,26.468226075977142,26.231902053932455,26.451345443725586,423000,0.0,0.0,0.0
2017-04-05 00:00:00-04:00,26.586385177891206,26.746747951937582,26.25722092416626,26.265661239624023,22000,0.0,0.0,0.0
2017-04-06 00:00:00-04:00,26.206580926841806,26.501985549926758,26.206580926841806,26.501985549926758,15700,0.0,0.0,0.0
2017-04-07 00:00:00-04:00,26.32473982935946,26.47666227635601,26.32473982935946,26.459781646728516,10400,0.0,0.0,0.0
2017-04-10 00:00:00-04:00,26.527304412391086,26.696105891006212,26.527304412391086,26.552623748779297,5200,0.0,0.0,0.0
2017-04-11 00:00:00-04:00,26.45978901278542,26.611711502075195,26.392268085303957,26.611711502075195,12200,0.0,0.0,0.0
2017-04-12 00:00:00-04:00,26.56950454697568,26.57794486243344,26.265661239624023,26.265661239624023,4400,0.0,0.0,0.0
2017-04-13 00:00:00-04:00,26.181261905023575,26.265663456900597,26.01245880126953,26.01245880126953,6800,0.0,0.0,0.0
2017-04-17 00:00:00-04:00,25.95337718537324,26.231901168823242,25.95337718537324,26.231901168823242,8500,0.0,0.0,0.0
2017-04-18 00:00:00-04:00,26.113736982031245,26.113736982031245,25.96181453390874,26.063095092773438,3300,0.0,0.0,0.0
2017-04-19 00:00:00-04:00,26.1812594413749,26.22345940842955,25.911175788643785,25.928054809570312,7400,0.0,0.0,0.0
2017-04-20 00:00:00-04:00,26.11374074050083,26.22346163003362,26.012458557233444,26.16438102722168,7200,0.0,0.0,0.0
2017-04-21 00:00:00-04:00,26.096856896635366,26.18969875238582,26.088416581583008,26.147497177124023,27100,0.0,0.0,0.0
2017-04-24 00:00:00-04:00,26.30785924782792,26.392260786294248,26.274097988511212,26.35849952697754,6300,0.0,0.0,0.0
2017-04-25 00:00:00-04:00,26.544189453125,26.58638942733329,26.46822821168941,26.544189453125,3600,0.0,0.0,0.0
2017-04-26 00:00:00-04:00,26.527304412391086,26.71298652181539,26.527304412391086,26.552623748779297,51100,0.0,0.0,0.0
2017-04-27 00:00:00-04:00,26.501982978816145,26.501982978816145,26.215018699639476,26.375381469726562,13100,0.0,0.0,0.0
2017-04-28 00:00:00-04:00,26.400704327132406,26.409144642992942,26.130619049072266,26.130619049072266,11100,0.0,0.0,0.0
2017-05-01 00:00:00-04:00,26.11374074050083,26.307863181118826,26.11374074050083,26.16438102722168,8300,0.0,0.0,0.0
2017-05-02 00:00:00-04:00,26.139057931177295,26.22345947532747,25.987137083497647,26.071537017822266,6700,0.0,0.0,0.0
2017-05-03 00:00:00-04:00,25.928058508842113,25.928058508842113,25.852097269445565,25.8858585357666,1800,0.0,0.0,0.0
2017-05-04 00:00:00-04:00,25.877416136105516,25.877416136105516,25.63265341428405,25.70017433166504,3900,0.0,0.0,0.0
2017-05-05 00:00:00-04:00,25.784572733607,26.071537017822266,25.784572733607,26.071537017822266,4200,0.0,0.0,0.0
2017-05-08 00:00:00-04:00,25.936496258132493,26.02933812149973,25.868975341999672,25.995576858520508,15500,0.0,0.0,0.0
2017-05-09 00:00:00-04:00,26.09686203793436,26.09686203793436,25.83521865906729,25.919618606567383,14200,0.0,0.0,0.0
2017-05-10 00:00:00-04:00,25.936495191112208,26.071537017822266,25.936495191112208,26.071537017822266,6200,0.0,0.0,0.0
2017-05-11 00:00:00-04:00,25.919617594112207,25.919617594112207,25.742375779494342,25.902738571166992,19600,0.0,0.0,0.0
2017-05-12 00:00:00-04:00,25.826779985042457,25.826779985042457,25.64953654240206,25.69173812866211,4900,0.0,0.0,0.0
2017-05-15 00:00:00-04:00,25.868977421683592,26.06309986994333,25.860537105260242,25.94493865966797,4700,0.0,0.0,0.0
2017-05-16 00:00:00-04:00,26.046219593166427,26.046219593166427,25.818335890182667,25.835216522216797,6400,0.0,0.0,0.0
2017-05-17 00:00:00-04:00,25.615772245830822,25.69173347752125,25.362567603587518,25.371007919311523,7400,0.0,0.0,0.0
2017-05-18 00:00:00-04:00,25.362563155932662,25.489166259765625,25.303482566050793,25.489166259765625,5600,0.0,0.0,0.0
2017-05-19 00:00:00-04:00,25.438530075461784,25.894297487824012,25.438530075461784,25.725494384765625,5500,0.0,0.0,0.0
2017-05-22 00:00:00-04:00,25.89429724282904,25.89429724282904,25.826776324209664,25.877416610717773,2000,0.0,0.0,0.0
2017-05-23 00:00:00-04:00,25.86897272918892,25.995574232922788,25.86897272918892,25.97025489807129,45400,0.0,0.0,0.0
2017-05-24 00:00:00-04:00,25.928056357755512,26.088419139824584,25.877416072301045,26.037778854370117,130300,0.0,0.0,0.0
2017-05-25 00:00:00-04:00,26.012449917389933,26.16437233691826,25.80144691467285,25.80144691467285,5600,0.0,0.0,0.0
2017-05-26 00:00:00-04:00,25.902729064300118,25.902729064300118,25.742366331484092,25.80144691467285,1300,0.0,0.0,0.0
2017-05-30 00:00:00-04:00,25.615769621253268,25.65796958572389,25.582008361816406,25.582008361816406,1800,0.0,0.0,0.0
2017-05-31 00:00:00-04:00,25.33724529935169,25.497606449853286,25.33724529935169,25.44696617126465,3000,0.0,0.0,0.0
2017-06-01 00:00:00-04:00,25.72549182823989,25.885854599226395,25.691732176878567,25.84365463256836,2800,0.0,0.0,0.0
2017-06-02 00:00:00-04:00,25.953380058293305,25.953380058293305,25.750817285163773,25.86897850036621,2400,0.0,0.0,0.0
2017-06-05 00:00:00-04:00,25.767695249046028,25.818335534625355,25.70017433166504,25.70017433166504,13400,0.0,0.0,0.0
2017-06-06 00:00:00-04:00,25.615777480944956,25.7508193404764,25.49761464648548,25.67485809326172,20000,0.0,0.0,0.0
2017-06-07 00:00:00-04:00,25.66641289122287,25.78457409336907,25.48917108800357,25.50605010986328,13400,0.0,0.0,0.0
2017-06-08 00:00:00-04:00,25.522935003273727,25.73393810509625,25.522935003273727,25.69173812866211,7700,0.0,0.0,0.0
2017-06-09 00:00:00-04:00,25.691736494560995,26.01246048060846,25.691736494560995,25.919618606567383,35000,0.0,0.0,0.0
2017-06-12 00:00:00-04:00,25.97869873046875,26.223461456184936,25.96181809839848,25.97869873046875,24500,0.0,0.0,0.0
2017-06-13 00:00:00-04:00,26.063098249865934,26.206580400492513,26.063098249865934,26.18126106262207,13700,0.0,0.0,0.0
2017-06-14 00:00:00-04:00,26.12218148377011,26.12218148377011,25.843657487512182,25.96181869506836,10500,0.0,0.0,0.0
2017-06-15 00:00:00-04:00,25.72549313404273,26.004017113669793,25.72549313404273,25.852094650268555,22900,0.0,0.0,0.0
2017-06-16 00:00:00-04:00,25.835940809363724,25.954962372216485,25.81893911883483,25.86994743347168,106000,0.221,0.0,0.0
2017-06-19 00:00:00-04:00,25.9889692950103,26.099489210001906,25.9889692950103,26.02297592163086,5000,0.0,0.0,0.0
2017-06-20 00:00:00-04:00,25.920951804606002,25.920951804606002,25.72541861030809,25.767925262451172,13700,0.0,0.0,0.0
2017-06-21 00:00:00-04:00,25.72542826075418,25.759433270920066,25.436378377479663,25.48738670349121,8200,0.0,0.0,0.0
2017-06-22 00:00:00-04:00,25.597899172518314,25.6064008279627,25.538389205932617,25.538389205932617,4000,0.0,0.0,0.0
2017-06-23 00:00:00-04:00,25.606401256815484,25.708417880806678,25.606401256815484,25.63190460205078,17500,0.0,0.0,0.0
2017-06-26 00:00:00-04:00,25.682921217062667,25.895457810867658,25.682921217062667,25.878456115722656,13600,0.0,0.0,0.0
2017-06-27 00:00:00-04:00,25.87845169706474,25.87845169706474,25.657413482666016,25.657413482666016,6600,0.0,0.0,0.0
2017-06-28 00:00:00-04:00,25.699917458692184,25.912453993987075,25.699917458692184,25.84444236755371,9500,0.0,0.0,0.0
2017-06-29 00:00:00-04:00,25.784937516948972,25.827444183838004,25.57240093945301,25.699922561645508,3700,0.0,0.0,0.0
2017-06-30 00:00:00-04:00,25.827442968986645,25.827442968986645,25.674418002468762,25.7169246673584,2800,0.0,0.0,0.0
2017-07-03 00:00:00-04:00,25.878449097165976,25.946460723876953,25.844442473047945,25.946460723876953,2100,0.0,0.0,0.0
2017-07-05 00:00:00-04:00,25.8529448102214,25.8529448102214,25.665913237219787,25.733924865722656,3800,0.0,0.0,0.0
2017-07-06 00:00:00-04:00,25.512884026647487,25.512884026647487,25.402364128317988,25.410865783691406,2400,0.0,0.0,0.0
2017-07-07 00:00:00-04:00,25.436377874105766,25.44487953186035,25.308856250837763,25.44487953186035,27600,0.0,0.0,0.0
2017-07-10 00:00:00-04:00,25.40236421469077,25.419367525495424,25.3598575592041,25.3598575592041,1700,0.0,0.0,0.0
2017-07-11 00:00:00-04:00,25.359864078650478,25.3768673938263,25.32585906982422,25.32585906982422,2700,0.0,0.0,0.0
2017-07-12 00:00:00-04:00,25.521390215622766,25.631908512059695,25.50438690185547,25.50438690185547,8700,0.0,0.0,0.0
2017-07-13 00:00:00-04:00,25.39386430642807,25.546889239852025,25.39386430642807,25.538389205932617,10300,0.0,0.0,0.0
2017-07-14 00:00:00-04:00,25.66591694861295,25.733928586950572,25.631910318681456,25.708423614501953,1800,0.0,0.0,0.0
2017-07-17 00:00:00-04:00,25.589401659801638,25.81894152938577,25.589401659801638,25.759429931640625,8700,0.0,0.0,0.0
2017-07-18 00:00:00-04:00,25.674417908462022,25.69141960144043,25.66591625121016,25.69141960144043,2600,0.0,0.0,0.0
2017-07-19 00:00:00-04:00,25.72542612696095,25.92095937839127,25.72542612696095,25.89545440673828,6100,0.0,0.0,0.0
2017-07-20 00:00:00-04:00,25.886957055035765,26.01447868347168,25.886957055035765,26.01447868347168,4500,0.0,0.0,0.0
2017-07-21 00:00:00-04:00,25.85294282917648,25.937957763671875,25.85294282917648,25.937957763671875,800,0.0,0.0,0.0
2017-07-24 00:00:00-04:00,25.93796087855362,25.963465848422626,25.912455908684617,25.920957565307617,3200,0.0,0.0,0.0
2017-07-25 00:00:00-04:00,26.014470279373988,26.218505143262124,26.014470279373988,26.124988555908203,31100,0.0,0.0,0.0
2017-07-26 00:00:00-04:00,26.201505145912318,26.201505145912318,26.073983542546895,26.08248519897461,3600,0.0,0.0,0.0
2017-07-27 00:00:00-04:00,26.065484301980202,26.073985959195888,26.022977637427083,26.048480987548828,3300,0.0,0.0,0.0
2017-07-28 00:00:00-04:00,26.065487010540952,26.065487010540952,26.01447868347168,26.01447868347168,700,0.0,0.0,0.0
2017-07-31 00:00:00-04:00,26.073980245317408,26.124988555908203,26.014470279373988,26.124988555908203,1800,0.0,0.0,0.0
2017-08-01 00:00:00-04:00,26.141999685556954,26.176006317138672,26.09099135970982,26.176006317138672,2200,0.0,0.0,0.0
2017-08-02 00:00:00-04:00,25.980468939350732,26.03997891739152,25.980468939350732,26.031478881835938,3200,0.0,0.0,0.0
2017-08-03 00:00:00-04:00,26.01447547449156,26.02297713154198,25.8869538617859,25.929460525512695,5000,0.0,0.0,0.0
2017-08-04 00:00:00-04:00,26.06548258338135,26.06548258338135,25.96346594657009,26.02297592163086,7300,0.0,0.0,0.0
2017-08-07 00:00:00-04:00,25.98047205107518,26.031481999669932,25.954968698303286,26.01447868347168,13400,0.0,0.0,0.0
2017-08-08 00:00:00-04:00,25.988969802856445,26.056981435901356,25.963466453917878,25.988969802856445,6900,0.0,0.0,0.0
2017-08-09 00:00:00-04:00,25.912453469039068,25.912453469039068,25.682913626404705,25.725421905517578,5300,0.0,0.0,0.0
2017-08-10 00:00:00-04:00,25.767931779147574,25.767931779147574,25.478881931204523,25.50438690185547,2500,0.0,0.0,0.0
2017-08-11 00:00:00-04:00,25.48738036885007,25.48738036885007,25.376862086372384,25.419368743896484,4600,0.0,0.0,0.0
2017-08-14 00:00:00-04:00,25.716920249695004,25.793433530573125,25.699916938049856,25.725421905517578,4500,0.0,0.0,0.0
2017-08-15 00:00:00-04:00,25.657409568811083,25.657409568811083,25.56389297888165,25.63190460205078,6800,0.0,0.0,0.0
2017-08-16 00:00:00-04:00,25.699921352792412,25.7169246673584,25.66591634518577,25.7169246673584,8400,0.0,0.0,0.0
2017-08-17 00:00:00-04:00,25.606400614230147,25.699915580287843,25.410865783691406,25.410865783691406,6100,0.0,0.0,0.0
2017-08-18 00:00:00-04:00,25.3003488942174,25.36836051940918,25.266342270858985,25.36836051940918,2800,0.0,0.0,0.0
2017-08-21 00:00:00-04:00,25.22384010475324,25.334358407297795,25.22384010475324,25.308855056762695,4000,0.0,0.0,0.0
2017-08-22 00:00:00-04:00,25.410870392790784,25.48738368350481,25.351360415907706,25.453378677368164,22200,0.0,0.0,0.0
2017-08-23 00:00:00-04:00,25.470378879898966,25.546892166137695,25.470378879898966,25.546892166137695,2100,0.0,0.0,0.0
2017-08-24 00:00:00-04:00,25.546890446232222,25.597900381307316,25.49588213268218,25.521387100219727,4800,0.0,0.0,0.0
2017-08-25 00:00:00-04:00,25.61490389665441,25.682915526742295,25.61490389665441,25.648910522460938,1700,0.0,0.0,0.0
2017-08-28 00:00:00-04:00,25.674409219699672,25.674409219699672,25.504379375254732,25.529884338378906,6400,0.0,0.0,0.0
2017-08-29 00:00:00-04:00,25.478878820990484,25.546890446232222,25.478878820990484,25.521387100219727,8200,0.0,0.0,0.0
2017-08-30 00:00:00-04:00,25.529887978059584,25.63190460205078,25.529887978059584,25.63190460205078,8100,0.0,0.0,0.0
2017-08-31 00:00:00-04:00,25.71692326906219,25.759429931640625,25.71692326906219,25.759429931640625,4300,0.0,0.0,0.0
2017-09-01 00:00:00-04:00,25.852950536033443,25.8869571685791,25.852950536033443,25.8869571685791,800,0.0,0.0,0.0
2017-09-05 00:00:00-04:00,25.538391625188513,25.614903288385964,25.538391625188513,25.58089828491211,1000,0.0,0.0,0.0
2017-09-06 00:00:00-04:00,25.682913518176534,25.69991682975003,25.614901893407588,25.623403549194336,2900,0.0,0.0,0.0
2017-09-07 00:00:00-04:00,25.546889239852025,25.56389255074079,25.478877617821944,25.538389205932617,7100,0.0,0.0,0.0
2017-09-08 00:00:00-04:00,25.546894865882578,25.597904809782467,25.529893172774617,25.58940315246582,2000,0.0,0.0,0.0
2017-09-11 00:00:00-04:00,25.784935598706202,25.97196718923949,25.784935598706202,25.929460525512695,13000,0.0,0.0,0.0
2017-09-12 00:00:00-04:00,25.997466941128515,26.05697690700889,25.954960285935375,25.971961975097656,2800,0.0,0.0,0.0
2017-09-13 00:00:00-04:00,25.937955755236484,25.963460720067697,25.912450790405273,25.912450790405273,2900,0.0,0.0,0.0
2017-09-14 00:00:00-04:00,25.929456108069836,25.963462730477996,25.903951141263715,25.937957763671875,3600,0.0,0.0,0.0
2017-09-15 00:00:00-04:00,25.9294598266328,25.988969802856445,25.878451507230427,25.988969802856445,4000,0.0,0.0,0.0
2017-09-18 00:00:00-04:00,26.012052541058047,26.063341047297833,25.952215678706263,25.969310760498047,3900,0.167,0.0,0.0
2017-09-19 00:00:00-04:00,26.020598499515984,26.020598499515984,25.952213287353516,25.952213287353516,5600,0.0,0.0,0.0
2017-09-20 00:00:00-04:00,26.063343333808977,26.080440047532853,25.960766312330424,26.02060317993164,3700,0.0,0.0,0.0
2017-09-21 00:00:00-04:00,25.96930301731445,25.96930301731445,25.918014526367188,25.918014526367188,6000,0.0,0.0,0.0
2017-09-22 00:00:00-04:00,25.900922012795093,25.977855576887976,25.900922012795093,25.92656707763672,4000,0.0,0.0,0.0
2017-09-25 00:00:00-04:00,26.06333885221822,26.08898391839437,25.994953639513902,26.054790496826172,8100,0.0,0.0,0.0
2017-09-26 00:00:00-04:00,26.080437566466248,26.183014578186512,26.080437566466248,26.148822784423828,6000,0.0,0.0,0.0
2017-09-27 00:00:00-04:00,26.08898849845349,26.097536855346245,25.96931313238723,26.07189178466797,5600,0.0,0.0,0.0
2017-09-28 00:00:00-04:00,26.029147543494176,26.114627838134766,26.029147543494176,26.114627838134766,3000,0.0,0.0,0.0
2017-09-29 00:00:00-04:00,26.097533898662324,26.19156255296509,26.097533898662324,26.140274047851562,4300,0.0,0.0,0.0
2017-10-02 00:00:00-04:00,26.157370195936107,26.27704391543243,26.157370195936107,26.268495559692383,5600,0.0,0.0,0.0
2017-10-03 00:00:00-04:00,26.234297295028544,26.29413414001465,26.234297295028544,26.29413414001465,18800,0.0,0.0,0.0
2017-10-04 00:00:00-04:00,26.21720563504618,26.37107276916504,26.21720563504618,26.37107276916504,4900,0.0,0.0,0.0
2017-10-05 00:00:00-04:00,26.46509693880161,26.48219364646274,26.43090515391114,26.448001861572266,2700,0.0,0.0,0.0
2017-10-06 00:00:00-04:00,26.336882306169223,26.336882306169223,26.25994873046875,26.25994873046875,1500,0.0,0.0,0.0
2017-10-09 00:00:00-04:00,26.285593799179654,26.285593799179654,26.25994873046875,26.25994873046875,3900,0.0,0.0,0.0
2017-10-10 00:00:00-04:00,26.31978416442871,26.362524310212727,26.302687453942283,26.31978416442871,5100,0.0,0.0,0.0
2017-10-11 00:00:00-04:00,26.35397605948369,26.362524414760802,26.328330993652344,26.328330993652344,7200,0.0,0.0,0.0
2017-10-12 00:00:00-04:00,26.37107391466545,26.3796222703136,26.336880492072837,26.35397720336914,3400,0.0,0.0,0.0
2017-10-13 00:00:00-04:00,26.45655239469406,26.48219582786628,26.36252212524414,26.36252212524414,14200,0.0,0.0,0.0
2017-10-16 00:00:00-04:00,26.465096321341836,26.465096321341836,26.29413414001465,26.29413414001465,4100,0.0,0.0,0.0
2017-10-17 00:00:00-04:00,26.251397323185685,26.33687924518806,26.22575388788741,26.277042388916016,6200,0.0,0.0,0.0
2017-10-18 00:00:00-04:00,26.285595994829077,26.285595994829077,26.20011405575129,26.21721076965332,2900,0.0,0.0,0.0
2017-10-19 00:00:00-04:00,26.336880011035948,26.336880011035948,26.123176015031753,26.25139808654785,19100,0.0,0.0,0.0
2017-10-20 00:00:00-04:00,26.31977920090801,26.31977920090801,26.29413414001465,26.29413414001465,11400,0.0,0.0,0.0
2017-10-23 00:00:00-04:00,26.33687519811794,26.33687519811794,26.174461364746094,26.174461364746094,2500,0.0,0.0,0.0
2017-10-24 00:00:00-04:00,26.22575836661868,26.251401806296244,26.19156493980549,26.20011329650879,6500,0.0,0.0,0.0
2017-10-25 00:00:00-04:00,26.200109277626854,26.200109277626854,25.909471716025486,26.054790496826172,2700,0.0,0.0,0.0
2017-10-26 00:00:00-04:00,26.063339515385138,26.063339515385138,25.969309234112124,25.97785758972168,4500,0.0,0.0,0.0
2017-10-27 00:00:00-04:00,25.909476264570287,26.08898849845349,25.909476264570287,26.07189178466797,7000,0.0,0.0,0.0
2017-10-30 00:00:00-04:00,25.909467927380064,26.0975284576416,25.909467927380064,26.0975284576416,7700,0.0,0.0,0.0
2017-10-31 00:00:00-04:00,26.11462337417059,26.200105284631242,26.11462337417059,26.191556930541992,17200,0.0,0.0,0.0
2017-11-01 00:00:00-04:00,26.20865315003371,26.30268341283032,26.140267949026672,26.174461364746094,9100,0.0,0.0,0.0
2017-11-02 00:00:00-04:00,26.08043604636495,26.14882126033669,26.08043604636495,26.114627838134766,2700,0.0,0.0,0.0
2017-11-03 00:00:00-04:00,26.063343512303575,26.19156560524607,26.063343512303575,26.165922164916992,5000,0.0,0.0,0.0
2017-11-06 00:00:00-05:00,26.20865793951985,26.277043153023907,26.20865793951985,26.25139808654785,4800,0.0,0.0,0.0
2017-11-07 00:00:00-05:00,26.10607910050726,26.14881924453273,26.054788971158313,26.063337326049805,3000,0.0,0.0,0.0
2017-11-08 00:00:00-05:00,26.08043604636495,26.114627838134766,26.020599187943695,26.114627838134766,2600,0.0,0.0,0.0
2017-11-09 00:00:00-05:00,25.95220969809034,26.165913660346202,25.95220969809034,26.0975284576416,10800,0.0,0.0,0.0
2017-11-10 00:00:00-05:00,26.10608187431216,26.131725311279297,26.0718884511131,26.131725311279297,2600,0.0,0.0,0.0
2017-11-13 00:00:00-05:00,26.106076650513177,26.191556930541992,26.106076650513177,26.191556930541992,3600,0.0,0.0,0.0
2017-11-14 00:00:00-05:00,26.20865717669898,26.31978416442871,26.16591703091496,26.31978416442871,3100,0.0,0.0,0.0
2017-11-15 00:00:00-05:00,26.11462765953973,26.25139808654785,26.11462765953973,26.25139808654785,2700,0.0,0.0,0.0
2017-11-16 00:00:00-05:00,26.217206773862944,26.388170625961756,26.217206773862944,26.35397720336914,4600,0.0,0.0,0.0
2017-11-17 00:00:00-05:00,26.430906295776367,26.430906295776367,26.396712878976892,26.430906295776367,1400,0.0,0.0,0.0
2017-11-20 00:00:00-05:00,26.36252441388821,26.37107276916504,26.353976058611376,26.37107276916504,1800,0.0,0.0,0.0
2017-11-21 00:00:00-05:00,26.439453237708552,26.5163867909661,26.439453237708552,26.490741729736328,28700,0.0,0.0,0.0
2017-11-22 00:00:00-05:00,26.473643882031908,26.54202907860085,26.473643882031908,26.507837295532227,5300,0.0,0.0,0.0
2017-11-24 00:00:00-05:00,26.542030982831708,26.542030982831708,26.465097427368164,26.465097427368164,1600,0.0,0.0,0.0
2017-11-27 00:00:00-05:00,26.45655021540283,26.473645292632174,26.422356800080575,26.448001861572266,3700,0.0,0.0,0.0
2017-11-28 00:00:00-05:00,26.584773476721136,26.73009223761712,26.55912841405766,26.712995529174805,21700,0.0,0.0,0.0
2017-11-29 00:00:00-05:00,26.755736273780848,26.866863250732422,26.755736273780848,26.866863250732422,3900,0.0,0.0,0.0
2017-11-30 00:00:00-05:00,26.92670249938965,27.037827855806558,26.90960578903873,26.92670249938965,22700,0.0,0.0,0.0
2017-12-01 00:00:00-05:00,26.969444274902344,27.012186053363013,26.704451770174742,26.969444274902344,6400,0.0,0.0,0.0
2017-12-04 00:00:00-05:00,27.072020339296774,27.17459896741907,26.995086775813046,27.046375274658203,5100,0.0,0.0,0.0
2017-12-05 00:00:00-05:00,26.977991454711784,26.977991454711784,26.712998961534343,26.7471923828125,3300,0.0,0.0,0.0
2017-12-06 00:00:00-05:00,26.67880582105755,26.70445088728609,26.618968963623047,26.618968963623047,2100,0.0,0.0,0.0
2017-12-07 00:00:00-05:00,26.499293562159128,26.789931105856077,26.499293562159128,26.764286041259766,2900,0.0,0.0,0.0
2017-12-08 00:00:00-05:00,26.74719296813573,26.87541503987064,26.74719296813573,26.858318328857422,1800,0.0,0.0,0.0
2017-12-11 00:00:00-05:00,26.969441116946033,26.969441116946033,26.90960426453976,26.93524932861328,2800,0.0,0.0,0.0
2017-12-12 00:00:00-05:00,26.986537060625867,27.054922265782984,26.91815185546875,26.91815185546875,3600,0.0,0.0,0.0
2017-12-13 00:00:00-05:00,26.875416286423825,26.960898215022674,26.866867930520723,26.89251136779785,12300,0.0,0.0,0.0
2017-12-14 00:00:00-05:00,26.815574038921717,26.82412076267581,26.644610216066596,26.661706924438477,3200,0.0,0.0,0.0
2017-12-15 00:00:00-05:00,26.96943665463661,27.012178421020508,26.943793225237943,27.012178421020508,1600,0.0,0.0,0.0
2017-12-18 00:00:00-05:00,27.05273122595902,27.14762170075576,27.05273122595902,27.087236404418945,3500,0.287,0.0,0.0
2017-12-19 00:00:00-05:00,27.05272934826808,27.05272934826808,26.837066650390625,26.837066650390625,3000,0.0,0.0,0.0
2017-12-20 00:00:00-05:00,26.862949140122534,26.90608267337682,26.85432243347168,26.85432243347168,2500,0.0,0.0,0.0
2017-12-21 00:00:00-05:00,26.87158002345088,26.96647216598343,26.87158002345088,26.94921875,2800,0.0,0.0,0.0
2017-12-22 00:00:00-05:00,26.914703806173367,26.966462389983597,26.914703806173367,26.940582275390625,1400,0.0,0.0,0.0
2017-12-26 00:00:00-05:00,27.02684646760937,27.069978344622573,26.966461181640625,26.966461181640625,2500,0.0,0.0,0.0
2017-12-27 00:00:00-05:00,27.095861075569804,27.095861075569804,26.97509049196564,26.99234390258789,4600,0.0,0.0,0.0
2017-12-28 00:00:00-05:00,27.009596921995236,27.138994216918945,27.009596921995236,27.138994216918945,3200,0.0,0.0,0.0
2017-12-29 00:00:00-05:00,27.173499748388416,27.173499748388416,27.00096893310547,27.00096893310547,6700,0.0,0.0,0.0
2018-01-02 00:00:00-05:00,27.052727345192903,27.182124625263203,27.052727345192903,27.164871215820312,16800,0.0,0.0,0.0
2018-01-03 00:00:00-05:00,27.156249768525356,27.2770220126313,27.14762306213379,27.14762306213379,7700,0.0,0.0,0.0
2018-01-04 00:00:00-05:00,27.182124858481984,27.27701696585635,27.173498153686523,27.173498153686523,3000,0.0,0.0,0.0
2018-01-05 00:00:00-05:00,27.21662735489107,27.22525405883789,27.14761536869204,27.22525405883789,9100,0.0,0.0,0.0
2018-01-08 00:00:00-05:00,27.087232377876557,27.320148468017578,27.087232377876557,27.320148468017578,3000,0.0,0.0,0.0
2018-01-09 00:00:00-05:00,27.311524960191694,27.33740507725078,27.216632843017578,27.216632843017578,12600,0.0,0.0,0.0
2018-01-10 00:00:00-05:00,27.121744674549095,27.156249854849047,27.069984436035156,27.069984436035156,5900,0.0,0.0,0.0
2018-01-11 00:00:00-05:00,27.25113853417608,27.4150426446592,27.23388512351979,27.406415939331055,4800,0.0,0.0,0.0
2018-01-12 00:00:00-05:00,27.40641828011078,27.449550165059588,27.337406276967126,27.432296752929688,26200,0.0,0.0,0.0
2018-01-16 00:00:00-05:00,27.440923741067525,27.509935744920572,27.14762231334808,27.19075584411621,10900,0.0,0.0,0.0
2018-01-17 00:00:00-05:00,27.208009835373943,27.363285613315394,27.208009835373943,27.302900314331055,8200,0.0,0.0,0.0
2018-01-18 00:00:00-05:00,27.16487366592354,27.38053636728404,27.095861667303215,27.104488372802734,3900,0.0,0.0,0.0
2018-01-19 00:00:00-05:00,27.173492610623654,27.28563645933726,27.173492610623654,27.25975799560547,1600,0.0,0.0,0.0
2018-01-22 00:00:00-05:00,27.42367169224068,27.475430283254436,27.363284749786033,27.432296752929688,8700,0.0,0.0,0.0
2018-01-23 00:00:00-05:00,27.406419779996114,27.639335920368847,27.406419779996114,27.578948974609375,5000,0.0,0.0,0.0
2018-01-24 00:00:00-05:00,27.665214394604018,27.665214394604018,27.535817087300067,27.578948974609375,4300,0.0,0.0,0.0
2018-01-25 00:00:00-05:00,27.535813944807014,27.61345100402832,27.535813944807014,27.61345100402832,3100,0.0,0.0,0.0
2018-01-26 00:00:00-05:00,27.561687382229728,27.647951126098633,27.535807271843787,27.647951126098633,3900,0.0,0.0,0.0
2018-01-29 00:00:00-05:00,27.604825693899294,27.604825693899294,27.415043109589035,27.423669815063477,4700,0.0,0.0,0.0
2018-01-30 00:00:00-05:00,27.19075226226793,27.208005672302384,27.13899203216457,27.199378967285156,4400,0.0,0.0,0.0
2018-01-31 00:00:00-05:00,27.268392953788204,27.268392953788204,27.052730248732306,27.121742248535156,3700,0.0,0.0,0.0
2018-02-01 00:00:00-05:00,27.018221599895192,27.16487229523565,27.000968189766727,27.04410171508789,7800,0.0,0.0,0.0
2018-02-02 00:00:00-05:00,26.86294351735506,26.86294351735506,26.759426349964397,26.76805305480957,1200,0.0,0.0,0.0
2018-02-05 00:00:00-05:00,26.466124616030797,26.664533888713557,25.862268447875977,25.862268447875977,3900,0.0,0.0,0.0
2018-02-06 00:00:00-05:00,25.35330093580388,25.79325294494629,25.09450641060268,25.79325294494629,9900,0.0,0.0,0.0
2018-02-07 00:00:00-05:00,26.0348030090303,26.095188305485323,25.870898886241,25.939910888671875,13900,0.0,0.0,0.0
2018-02-08 00:00:00-05:00,25.525839166918868,25.620731288365896,25.45682716369629,25.45682716369629,1000,0.0,0.0,0.0
2018-02-09 00:00:00-05:00,25.456822952919026,25.52583494472643,24.9047270184598,25.36193084716797,113300,0.0,0.0,0.0
2018-02-12 00:00:00-05:00,25.413691269460315,25.82776489565656,25.361932683201708,25.681114196777344,4700,0.0,0.0,0.0
2018-02-13 00:00:00-05:00,25.68973845845955,25.827762438937626,25.594846354865016,25.741497039794922,8500,0.0,0.0,0.0
2018-02-14 00:00:00-05:00,25.49133211587893,26.10381507873535,25.49133211587893,26.10381507873535,23100,0.0,0.0,0.0
2018-02-15 00:00:00-05:00,26.17282108460792,26.414363861083984,26.146940972543344,26.414363861083984,8900,0.0,0.0,0.0
2018-02-16 00:00:00-05:00,26.4920113641409,26.63866209964552,26.45750617980957,26.45750617980957,2700,0.0,0.0,0.0
2018-02-20 00:00:00-05:00,26.31947953889856,26.44887684670365,26.25909423828125,26.25909423828125,2200,0.0,0.0,0.0
2018-02-21 00:00:00-05:00,26.535133311983973,26.586891888563375,26.293590545654297,26.293590545654297,900,0.0,0.0,0.0
2018-02-22 00:00:00-05:00,26.19870376586914,26.276340818925306,26.19870376586914,26.19870376586914,1400,0.0,0.0,0.0
2018-02-23 00:00:00-05:00,26.155575658644203,26.440250396728516,26.155575658644203,26.440250396728516,1700,0.0,0.0,0.0
2018-02-26 00:00:00-05:00,26.500631054114773,26.561017990112305,26.405740588298762,26.561017990112305,8900,0.0,0.0,0.0
2018-02-27 00:00:00-05:00,26.595521844152962,26.595521844152962,26.18144989013672,26.18144989013672,5100,0.0,0.0,0.0
2018-02-28 00:00:00-05:00,26.241838260976944,26.27634343851122,25.983043670654297,25.983043670654297,2500,0.0,0.0,0.0
2018-03-01 00:00:00-05:00,26.095184539482183,26.095184539482183,25.715617758202704,25.862268447875977,3400,0.0,0.0,0.0
2018-03-02 00:00:00-05:00,25.681114709436855,25.87089729309082,25.681114709436855,25.87089729309082,6000,0.0,0.0,0.0
2018-03-05 00:00:00-05:00,26.276342344601623,26.345355987548828,26.25046387387223,26.345355987548828,3200,0.0,0.0,0.0
2018-03-06 00:00:00-05:00,26.276340878069707,26.4402449801699,26.241835703897713,26.371232986450195,3800,0.0,0.0,0.0
2018-03-07 00:00:00-05:00,26.20733001098162,26.448872822072175,26.20733001098162,26.422992706298828,4300,0.0,0.0,0.0
2018-03-08 00:00:00-05:00,26.39711065848867,26.457495941733775,26.362603842134003,26.431615829467773,1400,0.0,0.0,0.0
2018-03-09 00:00:00-05:00,26.509257655738963,26.66453505694615,26.509257655738963,26.647281646728516,5000,0.0,0.0,0.0
2018-03-12 00:00:00-04:00,26.768049446506975,26.793927912178397,26.690410758741727,26.785301208496094,4100,0.0,0.0,0.0
2018-03-13 00:00:00-04:00,26.85431763321284,26.85431763321284,26.647281646728516,26.647281646728516,3300,0.0,0.0,0.0
2018-03-14 00:00:00-04:00,26.699039124937187,26.699039124937187,26.526508331298828,26.526508331298828,3400,0.0,0.0,0.0
2018-03-15 00:00:00-04:00,26.68178716592574,26.68178716592574,26.4574977801621,26.50925636291504,1800,0.0,0.0,0.0
2018-03-16 00:00:00-04:00,26.647275398821225,26.733540784307245,26.647275398821225,26.707660675048828,5400,0.0,0.0,0.0
2018-03-19 00:00:00-04:00,26.55466953490829,26.55466953490829,26.32128013251794,26.442296981811523,1600,0.063,0.0,0.0
2018-03-20 00:00:00-04:00,26.468226313802887,26.468226313802887,26.329919241969414,26.355852127075195,3100,0.0,0.0,0.0
2018-03-21 00:00:00-04:00,26.49416130289435,26.571958320500418,26.433652877807617,26.433652877807617,3700,0.0,0.0,0.0
2018-03-22 00:00:00-04:00,26.338567569005367,26.407720291142898,25.975515365600586,25.975515365600586,7200,0.0,0.0,0.0
2018-03-23 00:00:00-04:00,26.03602671130934,26.03602671130934,25.56060028076172,25.56060028076172,5700,0.0,0.0,0.0
2018-03-26 00:00:00-04:00,25.76805719918799,25.975515365600586,25.681615884333336,25.975515365600586,5900,0.0,0.0,0.0
2018-03-27 00:00:00-04:00,26.001443495259856,26.08788479429192,25.768052482492475,25.79398536682129,2900,0.0,0.0,0.0
2018-03-28 00:00:00-04:00,25.854495237161075,25.984156368643912,25.854495237161075,25.88907241821289,2400,0.0,0.0,0.0
2018-03-29 00:00:00-04:00,26.079243013789366,26.165684321155148,26.079243013789366,26.139751434326172,3700,0.0,0.0,0.0
2018-04-02 00:00:00-04:00,26.03602398672038,26.10517670499765,25.59517478942871,25.59517478942871,2600,0.0,0.0,0.0
2018-04-03 00:00:00-04:00,25.59517478942871,25.59517478942871,25.59517478942871,25.59517478942871,0,0.0,0.0,0.0
2018-04-04 00:00:00-04:00,25.89771772292918,26.226194381713867,25.89771772292918,26.226194381713867,2300,0.0,0.0,0.0
2018-04-05 00:00:00-04:00,26.36449966158936,26.38178825378418,26.33856677329713,26.38178825378418,1500,0.0,0.0,0.0
2018-04-06 00:00:00-04:00,26.450936986641317,26.459581281435693,25.940935134887695,25.940935134887695,3800,0.0,0.0,0.0
2018-04-09 00:00:00-04:00,26.079241130135262,26.20890225745336,25.915002822875977,25.915002822875977,1600,0.0,0.0,0.0
2018-04-10 00:00:00-04:00,26.182974852201962,26.303991702241394,26.182974852201962,26.28670310974121,2800,0.0,0.0,0.0
2018-04-11 00:00:00-04:00,26.217550772204664,26.321280679993084,26.217550772204664,26.2694149017334,3000,0.0,0.0,0.0
2018-04-12 00:00:00-04:00,26.26076743297856,26.26076743297856,26.234836195712237,26.252124786376953,1200,0.0,0.0,0.0
2018-04-13 00:00:00-04:00,26.338564634260692,26.338564634260692,26.1656836725454,26.243480682373047,2900,0.0,0.0,0.0
2018-04-16 00:00:00-04:00,26.321284030242047,26.520097926016923,26.29535113781139,26.51145362854004,2400,0.0,0.0,0.0
2018-04-17 00:00:00-04:00,26.67568524137387,26.710260773811953,26.528735518867848,26.69297218322754,9400,0.0,0.0,0.0
2018-04-18 00:00:00-04:00,26.675686801092564,26.969586263288814,26.675686801092564,26.85721206665039,3800,0.0,0.0,0.0
2018-04-19 00:00:00-04:00,26.75348566107822,26.75348566107822,26.56331443786621,26.56331443786621,1000,0.0,0.0,0.0
2018-04-20 00:00:00-04:00,26.641111041846816,26.641111041846816,26.433652877807617,26.433652877807617,2800,0.0,0.0,0.0
2018-04-23 00:00:00-04:00,26.528737265646843,26.528737265646843,26.45958454748659,26.476871490478516,9200,0.0,0.0,0.0
2018-04-24 00:00:00-04:00,26.537381061806254,26.537381061806254,26.425006866455078,26.425006866455078,1700,0.0,0.0,0.0
2018-04-25 00:00:00-04:00,26.373142740994208,26.48551528761456,26.338565558199747,26.425006866455078,4700,0.0,0.0,0.0
2018-04-26 00:00:00-04:00,26.329927261139176,26.632471084594727,26.329927261139176,26.632471084594727,1300,0.0,0.0,0.0
2018-04-27 00:00:00-04:00,26.718904495239258,26.805345797574002,26.718904495239258,26.718904495239258,3700,0.0,0.0,0.0
2018-04-30 00:00:00-04:00,26.632463144077025,26.73619303643469,26.57195472717285,26.57195472717285,1300,0.0,0.0,0.0
2018-05-01 00:00:00-04:00,26.407717775841657,26.407717775841657,26.312633822416018,26.37314224243164,2600,0.0,0.0,0.0
2018-05-02 00:00:00-04:00,26.502806068142775,26.502806068142775,26.33856773376465,26.33856773376465,600,0.0,0.0,0.0
2018-05-03 00:00:00-04:00,25.984153743719517,26.321274629995763,25.984153743719517,26.208900451660156,3100,0.0,0.0,0.0
2018-05-04 00:00:00-04:00,26.31264011705995,26.494165420532227,26.31264011705995,26.494165420532227,2600,0.0,0.0,0.0
2018-05-07 00:00:00-04:00,26.511444217292592,26.606529807052915,26.511444217292592,26.580596923828125,2100,0.0,0.0,0.0
2018-05-08 00:00:00-04:00,26.511448559605785,26.511448559605785,26.407718658447266,26.407718658447266,1900,0.0,0.0,0.0
2018-05-09 00:00:00-04:00,26.442292907236094,26.571954032746604,26.425004317506517,26.52873420715332,3200,0.0,0.0,0.0
2018-05-10 00:00:00-04:00,26.736189587421986,26.796697996520475,26.736189587421986,26.779409408569336,900,0.0,0.0,0.0
2018-05-11 00:00:00-04:00,26.796697996520475,26.822630878447182,26.779409408569336,26.779409408569336,1100,0.0,0.0,0.0
2018-05-14 00:00:00-04:00,26.86585919304799,26.883147786464797,26.744842336592377,26.75348663330078,4000,0.0,0.0,0.0
2018-05-15 00:00:00-04:00,26.73619659936216,26.73619659936216,26.65839958190918,26.65839958190918,1200,0.0,0.0,0.0
2018-05-16 00:00:00-04:00,26.710256137601927,26.805341720581055,26.684324904957045,26.805341720581055,1400,0.0,0.0,0.0
2018-05-17 00:00:00-04:00,26.88314139366977,26.88314139366977,26.7448359766863,26.770767211914062,2700,0.0,0.0,0.0
2018-05-18 00:00:00-04:00,26.770767211914062,26.770767211914062,26.770767211914062,26.770767211914062,0,0.0,0.0,0.0
2018-05-21 00:00:00-04:00,26.831281019658565,26.85721225850587,26.78805954036163,26.848567962646484,4400,0.0,0.0,0.0
2018-05-22 00:00:00-04:00,26.848567962646484,26.848567962646484,26.848567962646484,26.848567962646484,0,0.0,0.0,0.0
2018-05-23 00:00:00-04:00,26.935006279509693,26.935006279509693,26.805345153488457,26.822633743286133,1900,0.0,0.0,0.0
2018-05-24 00:00:00-04:00,26.79670268952698,26.900432586669922,26.788058394037506,26.900432586669922,2200,0.0,0.0,0.0
2018-05-25 00:00:00-04:00,26.805341720581055,26.805341720581055,26.762120251622154,26.805341720581055,3500,0.0,0.0,0.0
2018-05-29 00:00:00-04:00,26.416360264038182,26.692971107316488,26.416360264038182,26.66703987121582,1800,0.0,0.0,0.0
2018-05-30 00:00:00-04:00,26.995518677211212,27.081959990219985,26.995518677211212,27.038740158081055,2500,0.0,0.0,0.0
2018-05-31 00:00:00-04:00,26.77076683086237,26.788055419921875,26.77076683086237,26.788055419921875,1900,0.0,0.0,0.0
2018-06-01 00:00:00-04:00,26.91771558470875,26.91771558470875,26.831275939941406,26.831275939941406,1000,0.0,0.0,0.0
2018-06-04 00:00:00-04:00,26.718901763774998,26.831275939941406,26.718901763774998,26.831275939941406,600,0.0,0.0,0.0
2018-06-05 00:00:00-04:00,26.658397448980608,26.891788482666016,26.658397448980608,26.891788482666016,2000,0.0,0.0,0.0
2018-06-06 00:00:00-04:00,26.900436508132536,26.969589233398438,26.900436508132536,26.969589233398438,600,0.0,0.0,0.0
2018-06-07 00:00:00-04:00,27.021448014918395,27.021448014918395,26.952295303344727,26.952295303344727,5900,0.0,0.0,0.0
2018-06-08 00:00:00-04:00,27.01280632245467,27.01280632245467,26.99551773071289,26.99551773071289,1100,0.0,0.0,0.0
2018-06-11 00:00:00-04:00,27.09925038718063,27.09925038718063,26.952300639899207,26.969589233398438,2200,0.0,0.0,0.0
2018-06-12 00:00:00-04:00,27.133821560893242,27.133821560893242,27.047381904763203,27.0560245513916,800,0.0,0.0,0.0
2018-06-13 00:00:00-04:00,27.02144808588086,27.02144808588086,26.87449836730957,26.87449836730957,7600,0.0,0.0,0.0
2018-06-14 00:00:00-04:00,27.298056863679435,27.298056863679435,26.94364903670683,27.03009033203125,1500,0.0,0.0,0.0
2018-06-15 00:00:00-04:00,26.97822653972817,26.97822653972817,26.952295303344727,26.952295303344727,1800,0.0,0.0,0.0
2018-06-18 00:00:00-04:00,27.005401726233675,27.057636080109322,26.996695723837707,27.040224075317383,3300,0.221,0.0,0.0
2018-06-19 00:00:00-04:00,26.953161972793936,27.04022032417633,26.874811283099714,27.022809982299805,4600,0.0,0.0,0.0
2018-06-20 00:00:00-04:00,27.048930052986616,27.153400421142578,27.048930052986616,27.153400421142578,900,0.0,0.0,0.0
2018-06-21 00:00:00-04:00,27.34492490081314,27.34492490081314,27.00539914235701,27.06633949279785,2000,0.0,0.0,0.0
2018-06-22 00:00:00-04:00,27.075046721060733,27.10986906839035,27.031516711273607,27.092458724975586,3700,0.0,0.0,0.0
2018-06-25 00:00:00-04:00,26.93575905781612,27.00540542602539,26.86611268960685,27.00540542602539,4500,0.0,0.0,0.0
2018-06-26 00:00:00-04:00,26.96186656298788,27.10115925371014,26.96186656298788,26.979278564453125,3600,0.0,0.0,0.0
2018-06-27 00:00:00-04:00,26.979279121521568,27.17080616009437,26.900926773809996,26.918338775634766,13600,0.0,0.0,0.0
2018-06-28 00:00:00-04:00,26.82257784537544,27.04022291443026,26.691991136042574,26.996694564819336,8400,0.0,0.0,0.0
2018-06-29 00:00:00-04:00,27.08375495220117,27.179517660614618,27.031518936157227,27.031518936157227,6100,0.0,0.0,0.0
2018-07-02 00:00:00-04:00,26.64845883911272,26.979278564453125,26.64845883911272,26.979278564453125,7500,0.0,0.0,0.0
2018-07-03 00:00:00-04:00,27.05763974850266,27.28399085998535,27.05763974850266,27.28399085998535,4300,0.0,0.0,0.0
2018-07-05 00:00:00-04:00,26.987989047288764,27.344926834106445,26.987989047288764,27.344926834106445,1000,0.0,0.0,0.0
2018-07-06 00:00:00-04:00,27.379751231340908,27.5451602935791,27.231752513206626,27.5451602935791,3700,0.0,0.0,0.0
2018-07-09 00:00:00-04:00,27.8237428075194,27.8237428075194,27.49292305723412,27.519041061401367,4800,0.0,0.0,0.0
2018-07-10 00:00:00-04:00,27.536455334823962,27.55386734008789,27.501632984796316,27.55386734008789,1800,0.0,0.0,0.0
2018-07-11 00:00:00-04:00,27.440690630919672,27.440690630919672,27.379750277428748,27.405866622924805,2100,0.0,0.0,0.0
2018-07-12 00:00:00-04:00,27.449402720237998,27.449402720237998,27.440696716308594,27.440696716308594,1000,0.0,0.0,0.0
2018-07-13 00:00:00-04:00,27.41457575646478,27.475516116916864,27.41457575646478,27.431987762451172,1300,0.0,0.0,0.0
2018-07-16 00:00:00-04:00,27.301401250552026,27.336223602294922,27.257871235248032,27.336223602294922,3700,0.0,0.0,0.0
2018-07-17 00:00:00-04:00,27.240466870969783,27.388463973999023,27.240466870969783,27.388463973999023,4200,0.0,0.0,0.0
2018-07-18 00:00:00-04:00,27.31010609718117,27.31010609718117,27.292694091796875,27.292694091796875,1000,0.0,0.0,0.0
2018-07-19 00:00:00-04:00,27.362341399005892,27.431987762451172,27.33622339002631,27.431987762451172,2800,0.0,0.0,0.0
2018-07-20 00:00:00-04:00,27.318811416625977,27.3536354286403,27.301401071119106,27.318811416625977,2000,0.0,0.0,0.0
2018-07-23 00:00:00-04:00,27.135992980190633,27.292697728529628,27.135992980190633,27.275285720825195,7200,0.0,0.0,0.0
2018-07-24 00:00:00-04:00,27.475515263166415,27.475515263166415,27.083755103647547,27.162107467651367,3400,0.0,0.0,0.0
2018-07-25 00:00:00-04:00,26.927052199265464,27.214343666569444,26.866111836579822,27.179519653320312,4200,0.0,0.0,0.0
2018-07-26 00:00:00-04:00,27.466809068751726,27.47551507141364,27.37975236313304,27.423280715942383,3900,0.0,0.0,0.0
2018-07-27 00:00:00-04:00,27.31010487112565,27.31010487112565,27.26657485961914,27.26657485961914,900,0.0,0.0,0.0
2018-07-30 00:00:00-04:00,27.344923203033236,27.362335205078125,27.310100859443367,27.362335205078125,800,0.0,0.0,0.0
2018-07-31 00:00:00-04:00,27.588690962527895,27.649631319594192,27.579984960018397,27.632219314575195,4500,0.0,0.0,0.0
2018-08-01 00:00:00-04:00,27.58868934389767,27.58868934389767,27.31880826343773,27.405866622924805,1900,0.0,0.0,0.0
2018-08-02 00:00:00-04:00,27.388455097244478,27.501631464704232,27.388455097244478,27.475513458251953,7000,0.0,0.0,0.0
2018-08-03 00:00:00-04:00,27.649634271871694,27.649634271871694,27.632222264993537,27.640928268432617,1200,0.0,0.0,0.0
2018-08-06 00:00:00-04:00,27.68445185620788,27.806334222859167,27.68445185620788,27.780216217041016,5100,0.0,0.0,0.0
2018-08-07 00:00:00-04:00,27.919512976537995,27.919512976537995,27.667045525678137,27.68445587158203,1400,0.0,0.0,0.0
2018-08-08 00:00:00-04:00,27.55386846364627,27.710573196411133,27.55386846364627,27.710573196411133,4700,0.0,0.0,0.0
2018-08-09 00:00:00-04:00,27.701867193424164,27.771513556819624,27.701867193424164,27.710573196411133,5800,0.0,0.0,0.0
2018-08-10 00:00:00-04:00,27.54515722188839,27.562569224550764,27.44068852691408,27.501628875732422,2500,0.0,0.0,0.0
2018-08-13 00:00:00-04:00,27.33622083192795,27.35363283628494,27.2926924815356,27.344926834106445,1100,0.0,0.0,0.0
2018-08-14 00:00:00-04:00,27.458102550323435,27.553865251014102,27.458102550323435,27.536453247070312,1900,0.0,0.0,0.0
2018-08-15 00:00:00-04:00,27.379750820888074,27.45810317993164,27.353632814373505,27.45810317993164,3900,0.0,0.0,0.0
2018-08-16 00:00:00-04:00,27.45810317993164,27.45810317993164,27.45810317993164,27.45810317993164,0,0.0,0.0,0.0
2018-08-17 00:00:00-04:00,27.79763236086198,27.928220748901367,27.79763236086198,27.928220748901367,2700,0.0,0.0,0.0
2018-08-20 00:00:00-04:00,28.03269084421456,28.04139518737793,28.03269084421456,28.04139518737793,800,0.0,0.0,0.0
2018-08-21 00:00:00-04:00,27.98915788286137,28.058802579715934,27.98915788286137,28.032686233520508,2800,0.0,0.0,0.0
2018-08-22 00:00:00-04:00,27.81504070451015,27.945625754352786,27.81504070451015,27.849863052368164,4400,0.0,0.0,0.0
2018-08-23 00:00:00-04:00,27.736691205372036,27.75410155084569,27.710573196411133,27.710573196411133,1100,0.0,0.0,0.0
2018-08-24 00:00:00-04:00,27.867275009807663,27.867275009807663,27.797630310058594,27.797630310058594,1000,0.0,0.0,0.0
2018-08-27 00:00:00-04:00,27.6844556235852,27.93692473268377,27.6844556235852,27.893396377563477,4400,0.0,0.0,0.0
2018-08-28 00:00:00-04:00,27.893396377563477,27.893396377563477,27.893396377563477,27.893396377563477,0,0.0,0.0,0.0
2018-08-29 00:00:00-04:00,27.797633549892797,28.03269066581776,27.797633549892797,28.023983001708984,1300,0.0,0.0,0.0
2018-08-30 00:00:00-04:00,28.023983001708984,28.023983001708984,28.023983001708984,28.023983001708984,0,0.0,0.0,0.0
2018-08-31 00:00:00-04:00,27.77151182645387,27.77151182645387,27.684453462508838,27.727983474731445,1200,0.0,0.0,0.0
2018-09-04 00:00:00-04:00,27.980454280927837,27.980454280927837,27.658340454101562,27.658340454101562,600,0.0,0.0,0.0
2018-09-05 00:00:00-04:00,27.58868963168267,27.849863052368164,27.58868963168267,27.849863052368164,1200,0.0,0.0,0.0
2018-09-06 00:00:00-04:00,27.893394678088928,27.893394678088928,27.780218304871223,27.797630310058594,1400,0.0,0.0,0.0
2018-09-07 00:00:00-04:00,27.614806084520747,27.614806084520747,27.60610008239746,27.60610008239746,300,0.0,0.0,0.0
2018-09-10 00:00:00-04:00,27.66704588353198,27.72798624623464,27.66704588353198,27.719280242919922,1200,0.0,0.0,0.0
2018-09-11 00:00:00-04:00,27.649629890696318,27.719276246672877,27.649629890696318,27.70186424255371,1300,0.0,0.0,0.0
2018-09-12 00:00:00-04:00,27.84986661142145,27.84986661142145,27.64963351927392,27.68445587158203,1400,0.0,0.0,0.0
2018-09-13 00:00:00-04:00,27.84987050493223,27.84987050493223,27.745401772902472,27.83245849609375,3700,0.0,0.0,0.0
2018-09-14 00:00:00-04:00,27.727983655397896,27.74539566040039,27.69315964539291,27.74539566040039,1600,0.0,0.0,0.0
2018-09-17 00:00:00-04:00,27.832450568177233,27.832450568177233,27.780216217041016,27.780216217041016,2300,0.0,0.0,0.0
2018-09-18 00:00:00-04:00,27.70186366066321,27.90209672232732,27.70186366066321,27.875980377197266,3000,0.0,0.0,0.0
2018-09-19 00:00:00-04:00,27.754100799560547,27.754100799560547,27.754100799560547,27.754100799560547,500,0.0,0.0,0.0
2018-09-20 00:00:00-04:00,27.77151001517682,27.96303707496422,27.77151001517682,27.875980377197266,7600,0.0,0.0,0.0
2018-09-21 00:00:00-04:00,28.015277862548828,28.015277862548828,28.015277862548828,28.015277862548828,600,0.0,0.0,0.0
2018-09-24 00:00:00-04:00,27.77678802979467,27.77678802979467,27.60142885225518,27.62773323059082,3600,0.228,0.0,0.0
2018-09-25 00:00:00-04:00,27.496217773093164,27.513752354938056,27.452377137607815,27.487449645996094,1300,0.0,0.0,0.0
2018-09-26 00:00:00-04:00,27.40853649643039,27.452375456882525,27.40853649643039,27.443607330322266,3200,0.0,0.0,0.0
2018-09-27 00:00:00-04:00,27.28578331265359,27.417301853072065,27.27701518697916,27.329622268676758,4200,0.0,0.0,0.0
2018-09-28 00:00:00-04:00,27.557593500286067,27.557593500286067,27.320859081332937,27.434843063354492,3900,0.0,0.0,0.0
2018-10-01 00:00:00-04:00,27.382229807029393,27.46990939288694,27.285783767700195,27.285783767700195,2600,0.0,0.0,0.0
2018-10-02 00:00:00-04:00,27.43484329169065,27.43484329169065,27.391002655029297,27.391002655029297,1700,0.0,0.0,0.0
2018-10-03 00:00:00-04:00,27.434838237085074,27.434838237085074,27.28578344459697,27.30331802368164,1700,0.0,0.0,0.0
2018-10-04 00:00:00-04:00,27.19810286358853,27.22440556742664,27.171798487401503,27.215639114379883,4000,0.0,0.0,0.0
2018-10-05 00:00:00-04:00,27.07534817827846,27.07534817827846,27.06658172607422,27.06658172607422,300,0.0,0.0,0.0
2018-10-08 00:00:00-04:00,27.189338894868136,27.382232666015625,27.189338894868136,27.382232666015625,3000,0.0,0.0,0.0
2018-10-09 00:00:00-04:00,27.320854687115418,27.320854687115418,27.22440697512486,27.268247604370117,2700,0.0,0.0,0.0
2018-10-10 00:00:00-04:00,27.075354507843905,27.084122634446683,26.75971031188965,26.75971031188965,3500,0.0,0.0,0.0
2018-10-11 00:00:00-04:00,27.031514216117408,27.031514216117408,26.110882708697584,26.216096878051758,1700,0.0,0.0,0.0
2018-10-12 00:00:00-04:00,26.189797786358124,26.189797786358124,25.90922272721016,26.02320671081543,2500,0.0,0.0,0.0
2018-10-15 00:00:00-04:00,26.242399278079517,26.470365524291992,26.242399278079517,26.470365524291992,5000,0.0,0.0,0.0
2018-10-16 00:00:00-04:00,26.680795669555664,26.680795669555664,26.680795669555664,26.680795669555664,200,0.0,0.0,0.0
2018-10-17 00:00:00-04:00,26.715867407677525,26.873690328412216,26.654492199024926,26.7860107421875,3800,0.0,0.0,0.0
2018-10-18 00:00:00-04:00,26.996441722727536,26.996441722727536,26.549277349613053,26.63695526123047,1500,0.0,0.0,0.0
2018-10-19 00:00:00-04:00,26.777246655088558,26.777246655088558,26.636958301321773,26.74217414855957,2000,0.0,0.0,0.0
2018-10-22 00:00:00-04:00,26.496671676635742,26.514207929937783,26.36515312156877,26.496671676635742,5600,0.0,0.0,0.0
2018-10-23 00:00:00-04:00,25.96183210081287,26.382692190888317,25.96183210081287,26.1810302734375,7700,0.0,0.0,0.0
2018-10-24 00:00:00-04:00,26.32131001835018,26.32131001835018,26.084575653076172,26.084575653076172,2200,0.0,0.0,0.0
2018-10-25 00:00:00-04:00,25.961824052503346,25.988126754760742,25.900448850771,25.988126754760742,2600,0.0,0.0,0.0
2018-10-26 00:00:00-04:00,25.81277201968451,25.81277201968451,25.51466243183799,25.6724853515625,3700,0.0,0.0,0.0
2018-10-29 00:00:00-04:00,25.78646344590664,25.78646344590664,25.646176800614256,25.69878387451172,800,0.0,0.0,0.0
2018-10-30 00:00:00-04:00,25.98813749557802,26.075817108154297,25.98813749557802,26.075817108154297,1300,0.0,0.0,0.0
2018-10-31 00:00:00-04:00,25.97936181680925,26.303775787353516,25.97936181680925,26.303775787353516,600,0.0,0.0,0.0
2018-11-01 00:00:00-04:00,26.47036561203999,26.47036561203999,26.426524984344795,26.452829360961914,1200,0.0,0.0,0.0
2018-11-02 00:00:00-04:00,26.610655695944292,26.610655695944292,26.321314205365884,26.487903594970703,1200,0.0,0.0,0.0
2018-11-05 00:00:00-05:00,26.69832992553711,26.69832992553711,26.69832992553711,26.69832992553711,300,0.0,0.0,0.0
2018-11-06 00:00:00-05:00,26.78601069800963,26.79477882385254,26.78601069800963,26.79477882385254,500,0.0,0.0,0.0
2018-11-07 00:00:00-05:00,27.066581234701612,27.127956433109645,27.005204363944852,27.11918830871582,1300,0.0,0.0,0.0
2018-11-08 00:00:00-05:00,27.30332021685044,27.30332021685044,27.057819366455078,27.057819366455078,1400,0.0,0.0,0.0
2018-11-09 00:00:00-05:00,26.943833529694878,26.943833529694878,26.812314987182617,26.812314987182617,154000,0.0,0.0,0.0
2018-11-12 00:00:00-05:00,26.68956498073219,26.777244567871094,26.68956498073219,26.777244567871094,600,0.0,0.0,0.0
2018-11-13 00:00:00-05:00,26.81232014274241,26.81232014274241,26.645729064941406,26.645729064941406,2300,0.0,0.0,0.0
2018-11-14 00:00:00-05:00,26.645729064941406,26.72464054009192,26.52297862464031,26.645729064941406,2400,0.0,0.0,0.0
2018-11-15 00:00:00-05:00,26.435296507324402,26.619423822610205,26.435296507324402,26.487903594970703,2500,0.0,0.0,0.0
2018-11-16 00:00:00-05:00,26.75094218528687,26.75971031188965,26.75094218528687,26.75971031188965,600,0.0,0.0,0.0
2018-11-19 00:00:00-05:00,26.759713050091847,26.759713050091847,26.540514879640273,26.645729064941406,1500,0.0,0.0,0.0
2018-11-20 00:00:00-05:00,26.400223500392165,26.400223500392165,26.303775787353516,26.303775787353516,1200,0.0,0.0,0.0
2018-11-21 00:00:00-05:00,26.452833010231632,26.46160113698027,26.251171112060547,26.251171112060547,1300,0.0,0.0,0.0
2018-11-23 00:00:00-05:00,26.259938276105032,26.34761619567871,26.259938276105032,26.34761619567871,700,0.0,0.0,0.0
2018-11-26 00:00:00-05:00,26.496669680636156,26.514205932617188,26.461598849023133,26.514205932617188,1300,0.0,0.0,0.0
2018-11-27 00:00:00-05:00,26.40899176542908,26.540510310588733,26.40899176542908,26.514205932617188,800,0.0,0.0,0.0
2018-11-28 00:00:00-05:00,26.400222341054153,26.75093900168104,26.400222341054153,26.680795669555664,1600,0.0,0.0,0.0
2018-11-29 00:00:00-05:00,27.0315149933038,27.0315149933038,26.82108497619629,26.82108497619629,1100,0.0,0.0,0.0
2018-11-30 00:00:00-05:00,26.82108497619629,26.82108497619629,26.82108497619629,26.82108497619629,100,0.0,0.0,0.0
2018-12-03 00:00:00-05:00,27.347159790339617,27.347159790339617,27.05781831903906,27.17180061340332,8800,0.0,0.0,0.0
2018-12-04 00:00:00-05:00,26.82108497619629,26.82108497619629,26.82108497619629,26.82108497619629,1000,0.0,0.0,0.0
2018-12-06 00:00:00-05:00,26.382686943329734,26.79477882385254,26.040738397201213,26.79477882385254,19100,0.0,0.0,0.0
2018-12-07 00:00:00-05:00,26.452830081201615,26.452830081201615,26.347614244217347,26.356382369995117,6300,0.0,0.0,0.0
2018-12-10 00:00:00-05:00,26.408997510524305,26.408997510524305,25.979367605271232,26.277477264404297,2200,0.0,0.0,0.0
2018-12-11 00:00:00-05:00,26.435295060173324,26.44406318635924,26.13718545924846,26.20732879638672,36200,0.0,0.0,0.0
2018-12-12 00:00:00-05:00,26.522979167272045,26.522979167272045,26.128421783447266,26.128421783447266,6000,0.0,0.0,0.0
2018-12-13 00:00:00-05:00,26.20732934431562,26.321313314766574,26.128417879341608,26.145954132080078,1500,0.0,0.0,0.0
2018-12-14 00:00:00-05:00,26.023201796553014,26.023201796553014,25.909217834472656,25.909217834472656,1100,0.0,0.0,0.0
2018-12-17 00:00:00-05:00,25.79523779047863,25.856613003550322,25.181482315063477,25.181482315063477,3300,0.0,0.0,0.0
2018-12-18 00:00:00-05:00,25.330542782468097,25.391918009258166,25.111344588303854,25.199024200439453,5200,0.0,0.0,0.0
2018-12-19 00:00:00-05:00,25.2691628949939,25.383146871451643,24.848302841186523,24.848302841186523,1500,0.0,0.0,0.0
2018-12-20 00:00:00-05:00,24.646638228512305,24.804461149407427,24.418671973035913,24.488815307617188,9700,0.0,0.0,0.0
2018-12-21 00:00:00-05:00,24.532651748244653,24.813225057790877,24.076719284057617,24.076719284057617,11300,0.0,0.0,0.0
2018-12-24 00:00:00-05:00,25.280508391808212,25.298222950510848,23.314048767089844,23.314048767089844,4000,0.279,0.0,0.0
2018-12-26 00:00:00-05:00,23.26090639390157,24.17327308654785,23.26090639390157,24.17327308654785,2500,0.0,0.0,0.0
2018-12-27 00:00:00-05:00,23.748092671380995,24.226421356201172,23.624082281767546,24.226421356201172,3900,0.0,0.0,0.0
2018-12-28 00:00:00-05:00,24.252994447563875,24.722465013831734,24.252994447563875,24.297285079956055,133100,0.0,0.0,0.0
2018-12-31 00:00:00-05:00,24.447870345201448,24.447870345201448,24.146700796906867,24.403579711914062,159700,0.0,0.0,0.0
2019-01-02 00:00:00-05:00,24.120124129734748,24.35043033244555,24.120124129734748,24.332714080810547,1600,0.0,0.0,0.0
2019-01-03 00:00:00-05:00,24.235280590914595,24.48330138148453,24.226422464177823,24.244138717651367,3000,0.0,0.0,0.0
2019-01-04 00:00:00-05:00,24.580741940279324,24.926200475551923,24.580741940279324,24.855337142944336,5300,0.0,0.0,0.0
2019-01-07 00:00:00-05:00,25.00591780044195,25.307087336595508,24.864191158665548,25.13878631591797,35200,0.0,0.0,0.0
2019-01-08 00:00:00-05:00,25.24508206450347,25.4222412109375,25.156502491286457,25.4222412109375,4000,0.0,0.0,0.0
2019-01-09 00:00:00-05:00,25.510826110839844,25.590547579709337,25.50196967164572,25.510826110839844,7100,0.0,0.0,0.0
2019-01-10 00:00:00-05:00,25.572833674835614,25.74113305613224,25.53740115907927,25.69684410095215,4400,0.0,0.0,0.0
2019-01-11 00:00:00-05:00,25.7145497167136,25.847418216780813,25.705691591440498,25.758838653564453,17500,0.0,0.0,0.0
2019-01-14 00:00:00-05:00,25.572825675501704,25.68797793665883,25.54625129699707,25.54625129699707,1700,0.0,0.0,0.0
2019-01-15 00:00:00-05:00,25.687982960053777,25.723415471655603,25.625977754265726,25.67912483215332,3800,0.0,0.0,0.0
2019-01-16 00:00:00-05:00,25.856277872710027,25.96257200325041,25.811987243722584,25.927141189575195,3800,0.0,0.0,0.0
2019-01-17 00:00:00-05:00,26.015727280535966,26.06887435913086,26.015727280535966,26.06887435913086,700,0.0,0.0,0.0
2019-01-18 00:00:00-05:00,26.290317934832807,26.3700393836667,26.24602730241682,26.28145980834961,14100,0.0,0.0,0.0
2019-01-22 00:00:00-05:00,26.095442121967842,26.095442121967842,25.918284663626952,25.971431732177734,10400,0.0,0.0,0.0
2019-01-23 00:00:00-05:00,26.015722766003936,26.0511535824138,25.865137994853544,26.042295455932617,12900,0.0,0.0,0.0
2019-01-24 00:00:00-05:00,26.148591288163637,26.210596484026475,26.148591288163637,26.201738357543945,700,0.0,0.0,0.0
2019-01-25 00:00:00-05:00,26.44090230748867,26.502907502421607,26.370038986206055,26.370038986206055,1700,0.0,0.0,0.0
2019-01-28 00:00:00-05:00,26.361177867198798,26.538335305536087,26.361177867198798,26.511762619018555,8700,0.0,0.0,0.0
2019-01-29 00:00:00-05:00,26.662351299321557,26.671209425970794,26.600346102291805,26.62691879272461,1300,0.0,0.0,0.0
2019-01-30 00:00:00-05:00,26.644636855984867,26.839510586961072,26.644636855984867,26.750932693481445,1600,0.0,0.0,0.0
2019-01-31 00:00:00-05:00,26.777502382467993,27.052099227905273,26.777502382467993,27.052099227905273,3300,0.0,0.0,0.0
2019-02-01 00:00:00-05:00,27.22039945292067,27.22039945292067,26.919229908327086,26.990093231201172,2200,0.0,0.0,0.0
2019-02-04 00:00:00-05:00,26.95466321104806,27.131820678710938,26.95466321104806,27.131820678710938,5000,0.0,0.0,0.0
2019-02-05 00:00:00-05:00,27.14954183947628,27.229263305664062,27.14954183947628,27.229263305664062,700,0.0,0.0,0.0
2019-02-06 00:00:00-05:00,27.238113395173897,27.238113395173897,27.15839195251465,27.15839195251465,800,0.0,0.0,0.0
2019-02-07 00:00:00-05:00,27.1406736977349,27.1406736977349,26.981230824184482,27.12295913696289,1700,0.0,0.0,0.0
2019-02-08 00:00:00-05:00,27.158394567944725,27.158394567944725,26.910372090284604,27.105247497558594,4100,0.0,0.0,0.0
2019-02-11 00:00:00-05:00,27.12295913696289,27.12295913696289,27.105242886676262,27.12295913696289,1400,0.0,0.0,0.0
2019-02-12 00:00:00-05:00,27.21154124057586,27.317837069309284,27.202683114055166,27.273548126220703,9300,0.0,0.0,0.0
2019-02-13 00:00:00-05:00,27.282405362244088,27.335554122924805,27.282405362244088,27.335554122924805,1800,0.0,0.0,0.0
2019-02-14 00:00:00-05:00,27.291263090071816,27.370984540412568,27.255832272984204,27.344411849975586,2800,0.0,0.0,0.0
2019-02-15 00:00:00-05:00,27.432995929151197,27.53929178343509,27.432995929151197,27.530433654785156,5200,0.0,0.0,0.0
2019-02-19 00:00:00-05:00,27.60129125578346,27.743017905684887,27.60129125578346,27.689870834350586,2400,0.0,0.0,0.0
2019-02-20 00:00:00-05:00,27.81388322815238,27.81388322815238,27.78731053533432,27.805025100708008,900,0.0,0.0,0.0
2019-02-21 00:00:00-05:00,27.778451212243983,27.787309339307082,27.698729758191078,27.751876831054688,2200,0.0,0.0,0.0
2019-02-22 00:00:00-05:00,27.849311833112584,27.937891405621297,27.849311833112584,27.929033279418945,1900,0.0,0.0,0.0
2019-02-25 00:00:00-05:00,28.0707604074606,28.0707604074606,27.79616355895996,27.79616355895996,2800,0.0,0.0,0.0
2019-02-26 00:00:00-05:00,27.893602279824606,27.893602279824606,27.698728561401367,27.698728561401367,4300,0.0,0.0,0.0
2019-02-27 00:00:00-05:00,27.654439122875583,27.760734958117787,27.654439122875583,27.751876831054688,800,0.0,0.0,0.0
2019-02-28 00:00:00-05:00,27.689870125594023,27.805022392123362,27.66329574584961,27.66329574584961,2600,0.0,0.0,0.0
2019-03-01 00:00:00-05:00,27.813881228731518,27.849313735961914,27.716445212877794,27.849313735961914,1300,0.0,0.0,0.0
2019-03-04 00:00:00-05:00,27.557000905399356,27.79616355895996,27.557000905399356,27.79616355895996,700,0.0,0.0,0.0
2019-03-05 00:00:00-05:00,27.769594192504883,27.79616688523879,27.769594192504883,27.769594192504883,1600,0.0,0.0,0.0
2019-03-06 00:00:00-05:00,27.530433654785156,27.530433654785156,27.530433654785156,27.530433654785156,200,0.0,0.0,0.0
2019-03-07 00:00:00-05:00,27.583574511482936,27.583574511482936,27.344411849975586,27.344411849975586,3100,0.0,0.0,0.0
2019-03-08 00:00:00-05:00,27.300120109651143,27.32669448852539,27.300120109651143,27.32669448852539,200,0.0,0.0,0.0
2019-03-11 00:00:00-04:00,27.477283547299574,27.672157287597656,27.30012437283579,27.672157287597656,3000,0.0,0.0,0.0
2019-03-12 00:00:00-04:00,27.831591349781082,27.831591349781082,27.778444290161133,27.778444290161133,300,0.0,0.0,0.0
2019-03-13 00:00:00-04:00,27.937892913622175,27.937892913622175,27.858171463012695,27.858171463012695,600,0.0,0.0,0.0
2019-03-14 00:00:00-04:00,27.93788988763071,27.93788988763071,27.796161565608607,27.840452194213867,2200,0.0,0.0,0.0
2019-03-15 00:00:00-04:00,27.955607477468238,27.955607477468238,27.858171463012695,27.858171463012695,400,0.0,0.0,0.0
2019-03-18 00:00:00-04:00,27.822673831158262,27.964671391394766,27.813798772050426,27.911422729492188,2400,0.06,0.0,0.0
2019-03-19 00:00:00-04:00,28.017920153158876,28.017920153158876,27.72504997253418,27.72504997253418,2300,0.0,0.0,0.0
2019-03-20 00:00:00-04:00,27.68955122921551,27.68955122921551,27.627425815686845,27.64517593383789,10000,0.0,0.0,0.0
2019-03-21 00:00:00-04:00,27.813796533443565,28.044542973442258,27.813796533443565,28.009042739868164,3600,0.0,0.0,0.0
2019-03-22 00:00:00-04:00,27.733922586979105,27.77829618602055,27.66292381286621,27.66292381286621,500,0.0,0.0,0.0
2019-03-25 00:00:00-04:00,27.494303315042856,27.751674949999742,27.494303315042856,27.64517593383789,4500,0.0,0.0,0.0
2019-03-26 00:00:00-04:00,27.813789042046523,27.90253790933373,27.804913986043417,27.831539154052734,7300,0.0,0.0,0.0
2019-03-27 00:00:00-04:00,27.85817320417776,27.920296927037587,27.85817320417776,27.867048263549805,1800,0.0,0.0,0.0
2019-03-28 00:00:00-04:00,27.95579404150575,27.95579404150575,27.80492143452436,27.9202938079834,1700,0.0,0.0,0.0
2019-03-29 00:00:00-04:00,28.053418909759927,28.053418909759927,27.964670015791626,27.97354507446289,900,0.0,0.0,0.0
2019-04-01 00:00:00-04:00,28.390658739075047,28.390658739075047,28.133288844271064,28.23978614807129,2100,0.0,0.0,0.0
2019-04-02 00:00:00-04:00,28.381790149467935,28.381790149467935,28.106670077086328,28.21316909790039,2000,0.0,0.0,0.0
2019-04-03 00:00:00-04:00,28.257540245654827,28.35516419851788,28.15104123410019,28.230915069580078,1300,0.0,0.0,0.0
2019-04-04 00:00:00-04:00,28.31078512925966,28.319660186767578,28.248661419448357,28.319660186767578,1300,0.0,0.0,0.0
2019-04-05 00:00:00-04:00,28.399535354470196,28.53265953063965,28.399535354470196,28.53265953063965,11800,0.0,0.0,0.0
2019-04-08 00:00:00-04:00,28.47940984162014,28.497159957885742,28.47940984162014,28.497159957885742,400,0.0,0.0,0.0
2019-04-09 00:00:00-04:00,28.248661205511997,28.248661205511997,28.23978614807129,28.23978614807129,400,0.0,0.0,0.0
2019-04-10 00:00:00-04:00,28.319662837203847,28.514910735163053,28.319662837203847,28.461660385131836,3300,0.0,0.0,0.0
2019-04-11 00:00:00-04:00,28.568153709168357,28.568153709168357,28.461656409470567,28.550403594970703,1000,0.0,0.0,0.0
2019-04-12 00:00:00-04:00,28.63915617436507,28.727903366088867,28.60365594348021,28.727903366088867,3800,0.0,0.0,0.0
2019-04-15 00:00:00-04:00,28.719033330009264,28.772280297020192,28.648032860009693,28.674659729003906,900,0.0,0.0,0.0
2019-04-16 00:00:00-04:00,28.559283341669087,28.57703345772934,28.48828287742808,28.514909744262695,2800,0.0,0.0,0.0
2019-04-17 00:00:00-04:00,28.461656024222066,28.461656024222066,28.399532318115234,28.399532318115234,1000,0.0,0.0,0.0
2019-04-18 00:00:00-04:00,28.390660744986164,28.4439094006485,28.3817856869184,28.417285919189453,11900,0.0,0.0,0.0
2019-04-22 00:00:00-04:00,28.408406117981322,28.408406117981322,28.1865364610878,28.204286575317383,2200,0.0,0.0,0.0
2019-04-23 00:00:00-04:00,28.151039787768525,28.47941017150879,28.151039787768525,28.47941017150879,1300,0.0,0.0,0.0
2019-04-24 00:00:00-04:00,28.58590213618728,28.63027572631836,28.57702877235623,28.63027572631836,800,0.0,0.0,0.0
2019-04-25 00:00:00-04:00,28.648035706751227,28.648035706751227,28.36404056950998,28.44391441345215,900,0.0,0.0,0.0
2019-04-26 00:00:00-04:00,28.461657002209524,28.656904876961775,28.461657002209524,28.62140464782715,900,0.0,0.0,0.0
2019-04-29 00:00:00-04:00,28.62140502664431,28.62140502664431,28.612531661987305,28.612531661987305,900,0.0,0.0,0.0
2019-04-30 00:00:00-04:00,28.55928272464658,28.719030380249023,28.55928272464658,28.719030380249023,700,0.0,0.0,0.0
2019-05-01 00:00:00-04:00,28.727904698361545,28.798905163423957,28.497159957885742,28.497159957885742,1700,0.0,0.0,0.0
2019-05-02 00:00:00-04:00,28.31966511360604,28.497162909155865,28.293039936450235,28.452789306640625,2100,0.0,0.0,0.0
2019-05-03 00:00:00-04:00,28.65691062537961,28.790031433105472,28.621410389123835,28.79003143310547,39000,0.0,0.0,0.0
2019-05-06 00:00:00-04:00,28.585911852962074,28.710159301757812,28.585911852962074,28.710159301757812,2100,0.0,0.0,0.0
2019-05-07 00:00:00-04:00,28.364037768063724,28.488285205149023,28.310789108276367,28.310789108276367,400,0.0,0.0,0.0
2019-05-08 00:00:00-04:00,28.204288930598683,28.319661297237346,28.08891487121582,28.08891487121582,1600,0.0,0.0,0.0
2019-05-09 00:00:00-04:00,27.91142056362129,28.248664319827434,27.90254550520214,28.186540603637695,1800,0.0,0.0,0.0
2019-05-10 00:00:00-04:00,28.133293011403712,28.310789108276367,28.133293011403712,28.310789108276367,700,0.0,0.0,0.0
2019-05-13 00:00:00-04:00,27.95579387615616,27.95579387615616,27.929168701171875,27.929168701171875,700,0.0,0.0,0.0
2019-05-14 00:00:00-04:00,27.94691424262803,28.142160415649414,27.94691424262803,28.142160415649414,1600,0.0,0.0,0.0
2019-05-15 00:00:00-04:00,27.884795715493507,28.168790817260742,27.884795715493507,28.168790817260742,1000,0.0,0.0,0.0
2019-05-16 00:00:00-04:00,28.346289139826297,28.4172879166146,28.230915069580078,28.230915069580078,2100,0.0,0.0,0.0
2019-05-17 00:00:00-04:00,28.293035626548523,28.293035626548523,28.11553955078125,28.11553955078125,600,0.0,0.0,0.0
2019-05-20 00:00:00-04:00,27.95579387615616,27.95579387615616,27.929168701171875,27.929168701171875,500,0.0,0.0,0.0
2019-05-21 00:00:00-04:00,28.13328781114312,28.230910053917693,28.13328781114312,28.204286575317383,1600,0.0,0.0,0.0
2019-05-22 00:00:00-04:00,27.955789299503188,28.142160415649414,27.955789299503188,28.142160415649414,500,0.0,0.0,0.0
2019-05-23 00:00:00-04:00,27.840422211821874,27.964669646088282,27.840422211821874,27.902545928955078,1100,0.0,0.0,0.0
2019-05-24 00:00:00-04:00,28.31078812130849,28.31078812130849,27.991294480978116,28.000167846679688,1300,0.0,0.0,0.0
2019-05-28 00:00:00-04:00,27.95579659931277,27.964671658505377,27.716175079345703,27.716175079345703,2000,0.0,0.0,0.0
2019-05-29 00:00:00-04:00,27.494300303946442,27.494300303946442,27.3700528759852,27.43217658996582,1100,0.0,0.0,0.0
2019-05-30 00:00:00-04:00,27.41442942315141,27.44992965938493,27.325682218056475,27.387805938720703,1600,0.0,0.0,0.0
2019-05-31 00:00:00-04:00,27.325678530392878,27.325678530392878,27.236929644530377,27.290178298950195,1900,0.0,0.0,0.0
2019-06-03 00:00:00-04:00,27.414429277439915,27.5653018951416,27.343430498094676,27.5653018951416,2900,0.0,0.0,0.0
2019-06-04 00:00:00-04:00,27.565306807767822,27.955801010131836,27.565306807767822,27.955801010131836,400,0.0,0.0,0.0
2019-06-05 00:00:00-04:00,27.920291340337844,28.133289337158203,27.920291340337844,28.133289337158203,2300,0.0,0.0,0.0
2019-06-06 00:00:00-04:00,28.142166175408608,28.390662740539852,28.142166175408608,28.230915069580078,2200,0.0,0.0,0.0
2019-06-07 00:00:00-04:00,28.44391022710786,28.44391022710786,28.37291145324707,28.37291145324707,900,0.0,0.0,0.0
2019-06-10 00:00:00-04:00,28.443911271634736,28.443911271634736,28.32853889465332,28.32853889465332,900,0.0,0.0,0.0
2019-06-11 00:00:00-04:00,28.381783403003208,28.381783403003208,28.33740980897943,28.346284866333008,2200,0.0,0.0,0.0
2019-06-12 00:00:00-04:00,28.399532974096104,28.399532974096104,28.364032745361328,28.364032745361328,1400,0.0,0.0,0.0
2019-06-13 00:00:00-04:00,28.488283207008685,28.506033323274288,28.399536011169186,28.497159957885742,1000,0.0,0.0,0.0
2019-06-14 00:00:00-04:00,28.488284073411837,28.577034657438983,28.461660590948,28.541534423828125,6400,0.0,0.0,0.0
2019-06-17 00:00:00-04:00,28.55040364564917,28.603653988336646,28.532656916908135,28.559280395507812,2400,0.0,0.0,0.0
2019-06-18 00:00:00-04:00,28.470533752237273,28.807775772551647,28.470533752237273,28.62140464782715,1700,0.0,0.0,0.0
2019-06-19 00:00:00-04:00,28.73678195062799,28.83440589904785,28.603657769057524,28.83440589904785,2600,0.0,0.0,0.0
2019-06-20 00:00:00-04:00,28.976404724373136,29.03852844238281,28.861030654288573,29.038528442382812,1900,0.0,0.0,0.0
2019-06-21 00:00:00-04:00,28.8344029561279,28.896526665056644,28.8344029561279,28.87877655029297,1400,0.0,0.0,0.0
2019-06-24 00:00:00-04:00,29.019220713343774,29.0550035569185,28.509328842163086,28.509328842163086,16000,0.257,0.0,0.0
2019-06-25 00:00:00-04:00,28.437766352834988,28.491438914792386,28.375146373294715,28.393037796020508,1500,0.0,0.0,0.0
2019-06-26 00:00:00-04:00,28.60772705078125,28.67034531819318,28.554054493888138,28.60772705078125,4900,0.0,0.0,0.0
2019-06-27 00:00:00-04:00,28.840314367768535,29.037113189697266,28.822422945331393,29.037113189697266,3100,0.0,0.0,0.0
2019-06-28 00:00:00-04:00,29.377043737896887,29.45755343359442,29.180241501205145,29.403879165649414,7300,0.0,0.0,0.0
2019-07-01 00:00:00-04:00,29.743812707786535,29.761704132441952,29.36810302734375,29.36810302734375,1100,0.0,0.0,0.0
2019-07-02 00:00:00-04:00,29.287592542451772,29.287592542451772,29.02817201051915,29.072898864746094,1600,0.0,0.0,0.0
2019-07-03 00:00:00-04:00,29.32336856442982,29.32336856442982,29.287589132677986,29.305477142333984,1000,0.0,0.0,0.0
2019-07-05 00:00:00-04:00,29.287590482826392,29.394935607910156,29.15340651714169,29.394935607910156,1200,0.0,0.0,0.0
2019-07-08 00:00:00-04:00,29.189188574193007,29.189188574193007,28.96555091238861,29.037113189697266,11500,0.0,0.0,0.0
2019-07-09 00:00:00-04:00,28.840313894696436,28.992385864257812,28.813475055261016,28.992385864257812,3300,0.0,0.0,0.0
2019-07-10 00:00:00-04:00,29.06395447688448,29.06395447688448,28.849260802000554,28.89398765563965,4000,0.0,0.0,0.0
2019-07-11 00:00:00-04:00,28.92976573624028,28.92976573624028,28.65245382947134,28.741910934448242,4500,0.0,0.0,0.0
2019-07-12 00:00:00-04:00,28.768745312817344,29.216020584106445,28.768745312817344,29.216020584106445,2200,0.0,0.0,0.0
2019-07-15 00:00:00-04:00,28.911876170831246,28.992385864257812,28.90293216597934,28.992385864257812,3900,0.0,0.0,0.0
2019-07-16 00:00:00-04:00,28.956603478337396,29.18024114001349,28.956603478337396,29.0997314453125,2200,0.0,0.0,0.0
2019-07-17 00:00:00-04:00,28.974495018650273,28.974495018650273,28.598783677257018,28.66140365600586,2500,0.0,0.0,0.0
2019-07-18 00:00:00-04:00,28.527222598744164,28.580896871709463,28.455658607677236,28.563005447387695,7100,0.0,0.0,0.0
2019-07-19 00:00:00-04:00,28.804536297157608,28.938716869016318,28.715079170144662,28.885046005249023,3200,0.0,0.0,0.0
2019-07-22 00:00:00-04:00,28.777690420138537,28.777690420138537,28.607727039010317,28.670345306396484,800,0.0,0.0,0.0
2019-07-23 00:00:00-04:00,28.57195095372598,29.02817203332374,28.57195095372598,29.01028060913086,4900,0.0,0.0,0.0
2019-07-24 00:00:00-04:00,28.759804483370104,29.6096248626709,28.759804483370104,29.6096248626709,3300,0.0,0.0,0.0
2019-07-25 00:00:00-04:00,29.43071900619084,29.511228704624898,29.189189910888672,29.189189910888672,900,0.0,0.0,0.0
2019-07-26 00:00:00-04:00,29.34125891851691,29.538061141967773,29.34125891851691,29.538061141967773,2300,0.0,0.0,0.0
2019-07-29 00:00:00-04:00,29.33231642933248,29.403878706368086,29.260750739856977,29.296533584594727,2100,0.0,0.0,0.0
2019-07-30 00:00:00-04:00,29.287587623782144,29.54700469970703,29.287587623782144,29.54700469970703,1000,0.0,0.0,0.0
2019-07-31 00:00:00-04:00,29.529114739228294,29.770643818366317,29.332315921457923,29.377042770385742,5200,0.0,0.0,0.0
2019-08-01 00:00:00-04:00,29.1981342507842,29.1981342507842,28.419876098632812,28.419876098632812,1600,0.0,0.0,0.0
2019-08-02 00:00:00-04:00,28.124671936035156,28.124671936035156,28.124671936035156,28.124671936035156,3200,0.0,0.0,0.0
2019-08-05 00:00:00-04:00,27.310632933042648,27.382196919346885,27.095940974129935,27.36430549621582,1400,0.0,0.0,0.0
2019-08-06 00:00:00-04:00,27.301681268557545,27.373245239257812,27.051206517996775,27.373245239257812,5200,0.0,0.0,0.0
2019-08-07 00:00:00-04:00,26.943871290040683,27.355363845825195,26.845470154431226,27.355363845825195,3300,0.0,0.0,0.0
2019-08-08 00:00:00-04:00,27.686344825662324,27.927872217744685,27.686344825662324,27.847362518310547,55800,0.0,0.0,0.0
2019-08-09 00:00:00-04:00,27.59688576164622,27.66844973986849,27.35535669531364,27.400083541870117,6200,0.0,0.0,0.0
2019-08-12 00:00:00-04:00,27.104883471227755,27.104883471227755,26.970701217651367,26.970701217651367,2000,0.0,0.0,0.0
2019-08-13 00:00:00-04:00,26.84546476491328,27.72212397784514,26.84546476491328,27.40903091430664,2000,0.0,0.0,0.0
2019-08-14 00:00:00-04:00,26.46975134711093,26.57709645939647,26.46975134711093,26.53236961364746,1300,0.0,0.0,0.0
2019-08-15 00:00:00-04:00,26.38924989300875,26.38924989300875,26.058265330054407,26.20139503479004,3800,0.0,0.0,0.0
2019-08-16 00:00:00-04:00,26.487648338121424,26.800739736645667,26.425030058416578,26.79179573059082,6900,0.0,0.0,0.0
2019-08-19 00:00:00-04:00,27.24800867478897,27.364301200665683,27.24800867478897,27.3195743560791,1600,0.0,0.0,0.0
2019-08-20 00:00:00-04:00,27.176443849023162,27.176443849023162,27.0154261898199,27.024370193481445,2600,0.0,0.0,0.0
2019-08-21 00:00:00-04:00,27.292744451057704,27.292744451057704,27.131725037966238,27.203289031982422,3000,0.0,0.0,0.0
2019-08-22 00:00:00-04:00,27.2659000951115,27.34640978034315,27.2659000951115,27.3195743560791,1100,0.0,0.0,0.0
2019-08-23 00:00:00-04:00,27.12277558999599,27.12277558999599,26.380298614501953,26.380298614501953,1500,0.0,0.0,0.0
2019-08-26 00:00:00-04:00,26.505533882611218,26.639717839386055,26.505533882611218,26.61288070678711,10800,0.0,0.0,0.0
2019-08-27 00:00:00-04:00,26.657611612498112,26.675503036954026,26.09404539189802,26.102991104125977,4900,0.0,0.0,0.0
2019-08-28 00:00:00-04:00,26.48764608414419,26.603936921383067,26.48764608414419,26.550264358520508,6000,0.0,0.0,0.0
2019-08-29 00:00:00-04:00,26.845462930779412,27.239065661085256,26.845462930779412,27.221174240112305,10600,0.0,0.0,0.0
2019-08-30 00:00:00-04:00,27.051210143853034,27.212229526066068,27.051210143853034,27.122774124145508,6800,0.0,0.0,0.0
2019-09-03 00:00:00-04:00,26.64866419699422,26.845464722169677,26.639718485910798,26.782846450805664,11400,0.0,0.0,0.0
2019-09-04 00:00:00-04:00,27.024375583852933,27.194340693058937,26.98859444341064,27.167505264282227,2400,0.0,0.0,0.0
2019-09-05 00:00:00-04:00,27.83841800079334,27.927871704101562,27.77579801976955,27.927871704101562,3200,0.0,0.0,0.0
2019-09-06 00:00:00-04:00,27.68634360150214,27.99943496743585,27.68634360150214,27.89208984375,2100,0.0,0.0,0.0
2019-09-09 00:00:00-04:00,27.936813203268866,28.63456153869629,27.936813203268866,28.63456153869629,8800,0.0,0.0,0.0
2019-09-10 00:00:00-04:00,28.759808356622408,29.171300888061523,28.71507808858048,29.171300888061523,1700,0.0,0.0,0.0
2019-09-11 00:00:00-04:00,29.421769558253832,29.636463210077576,29.26969758972688,29.62751579284668,4400,0.0,0.0,0.0
2019-09-12 00:00:00-04:00,29.788539538448987,29.788539538448987,29.242863030453382,29.430721282958984,2800,0.0,0.0,0.0
2019-09-13 00:00:00-04:00,29.62751726250526,29.63646468017999,29.457553863525394,29.45755386352539,1000,0.0,0.0,0.0
2019-09-16 00:00:00-04:00,29.350205426638976,29.529112810665712,29.350205426638976,29.439659118652344,1900,0.0,0.0,0.0
2019-09-17 00:00:00-04:00,29.09973380063929,29.09973380063929,29.046062941454455,29.090789794921875,800,0.0,0.0,0.0
2019-09-18 00:00:00-04:00,28.76875344635243,28.95660829441891,28.76875344635243,28.885046005249023,1200,0.0,0.0,0.0
2019-09-19 00:00:00-04:00,28.99238068770476,29.02816352560311,28.777687072753906,28.777687072753906,5200,0.0,0.0,0.0
2019-09-20 00:00:00-04:00,28.89399106251191,28.938717921424715,28.670353355507263,28.724027633666992,2800,0.0,0.0,0.0
2019-09-23 00:00:00-04:00,28.68718428761685,28.956715553431003,28.68718428761685,28.830934524536133,900,0.139,0.0,0.0
2019-09-24 00:00:00-04:00,28.786019602196017,28.795002494562425,28.40867471818691,28.47156524658203,6400,0.0,0.0,0.0
2019-09-25 00:00:00-04:00,28.651243711113356,29.001634672978028,28.651243711113356,28.983665466308594,2300,0.0,0.0,0.0
2019-09-26 00:00:00-04:00,28.732109955493232,28.893829424985483,28.72312535011719,28.8758602142334,12300,0.0,0.0,0.0
2019-09-27 00:00:00-04:00,28.920770963427458,28.938740167615833,28.75006866455078,28.75006866455078,5100,0.0,0.0,0.0
2019-09-30 00:00:00-04:00,29.01062133545977,29.118433149484666,28.83991558370493,29.082494735717773,2600,0.0,0.0,0.0
2019-10-01 00:00:00-04:00,29.1903114991125,29.1903114991125,28.399683491393432,28.462574005126953,9000,0.0,0.0,0.0
2019-10-02 00:00:00-04:00,28.130150192138686,28.184057814981248,27.81569591344223,27.959447860717773,7500,0.0,0.0,0.0
2019-10-03 00:00:00-04:00,27.887576121219492,28.09421689289398,27.680933635906847,28.013357162475586,9200,0.0,0.0,0.0
2019-10-04 00:00:00-04:00,27.986398550319713,28.291868209838867,27.905538833762417,28.291868209838867,12700,0.0,0.0,0.0
2019-10-07 00:00:00-04:00,28.20202381266194,28.363743245333474,28.14811790631738,28.175071716308594,5900,0.0,0.0,0.0
2019-10-08 00:00:00-04:00,27.806709853742916,27.87858496236907,27.71686553955078,27.71686553955078,7700,0.0,0.0,0.0
2019-10-09 00:00:00-04:00,27.86960551467566,28.031324967407475,27.86960551467566,27.94148063659668,2400,0.0,0.0,0.0
2019-10-10 00:00:00-04:00,28.354761974897738,28.354761974897738,28.1660904236959,28.246950149536133,3500,0.0,0.0,0.0
2019-10-11 00:00:00-04:00,28.920781527475356,29.00164126222148,28.8758602142334,28.8758602142334,2300,0.0,0.0,0.0
2019-10-14 00:00:00-04:00,28.723121643066406,28.723121643066406,28.723121643066406,28.723121643066406,200,0.0,0.0,0.0
2019-10-15 00:00:00-04:00,28.857884222695183,29.118432576464155,28.857884222695183,29.037572860717773,1400,0.0,0.0,0.0
2019-10-16 00:00:00-04:00,29.19929286682228,29.19929286682228,29.055542639030495,29.082494735717773,4200,0.0,0.0,0.0
2019-10-17 00:00:00-04:00,29.280154107327085,29.44187355041504,29.280154107327085,29.44187355041504,4900,0.0,0.0,0.0
2019-10-18 00:00:00-04:00,29.495785074420485,29.495785074420485,29.396956131989064,29.423908233642578,600,0.0,0.0,0.0
2019-10-21 00:00:00-04:00,29.73835625186829,29.73835625186829,29.684452056884766,29.684452056884766,700,0.0,0.0,0.0
2019-10-22 00:00:00-04:00,29.558671032222048,29.792263874127684,29.558671032222048,29.684452056884766,4800,0.0,0.0,0.0
2019-10-23 00:00:00-04:00,29.67546364524987,29.8192138671875,29.67546364524987,29.8192138671875,1400,0.0,0.0,0.0
2019-10-24 00:00:00-04:00,29.85515373524311,29.927030563354492,29.702420616420124,29.927030563354492,2900,0.0,0.0,0.0
2019-10-25 00:00:00-04:00,30.02586097442642,30.34031700795656,30.02586097442642,30.286409378051758,3400,0.0,0.0,0.0
2019-10-28 00:00:00-04:00,30.5649298838848,30.600868307222047,30.412193298339844,30.412193298339844,3500,0.0,0.0,0.0
2019-10-29 00:00:00-04:00,30.50202230397873,30.735615070523227,30.50202230397873,30.564912796020508,7300,0.0,0.0,0.0
2019-10-30 00:00:00-04:00,30.51101286927363,30.51101286927363,30.17859112378792,30.277420043945312,5000,0.0,0.0,0.0
2019-10-31 00:00:00-04:00,30.430155076892486,30.430155076892486,29.855154153057654,30.007890701293945,4800,0.0,0.0,0.0
2019-11-01 00:00:00-04:00,30.555934830942906,30.57390403747559,30.54695194131442,30.573904037475586,1000,0.0,0.0,0.0
2019-11-04 00:00:00-05:00,30.57390403747559,30.57390403747559,30.57390403747559,30.573904037475586,0,0.0,0.0,0.0
2019-11-05 00:00:00-05:00,31.13992768941352,31.2207874198221,31.041098749216776,31.050085067749023,1300,0.0,0.0,0.0
2019-11-06 00:00:00-05:00,30.78055191040039,30.78055191040039,30.76258612697674,30.78055191040039,800,0.0,0.0,0.0
2019-11-07 00:00:00-05:00,31.17586777843442,31.229771983409115,30.93328857421875,30.93328857421875,2900,0.0,0.0,0.0
2019-11-08 00:00:00-05:00,30.88836090159173,30.906330108642578,30.843439597602515,30.906330108642578,1800,0.0,0.0,0.0
2019-11-11 00:00:00-05:00,30.888369639301928,30.888369639301928,30.744619369506836,30.744619369506836,3300,0.0,0.0,0.0
2019-11-12 00:00:00-05:00,30.69968793057619,30.8434415962984,30.618831634521484,30.618831634521484,1300,0.0,0.0,0.0
2019-11-13 00:00:00-05:00,30.546955829931118,30.654767655575906,30.546955829931118,30.555938720703125,3100,0.0,0.0,0.0
2019-11-14 00:00:00-05:00,30.72664864981898,30.780552856299433,30.645788912821697,30.65477180480957,4000,0.0,0.0,0.0
2019-11-15 00:00:00-05:00,30.816492080688477,30.95125945494964,30.789539976746923,30.816492080688477,3800,0.0,0.0,0.0
2019-11-18 00:00:00-05:00,30.77156597957819,30.78953518850364,30.65476783520086,30.690706253051758,2800,0.0,0.0,0.0
2019-11-19 00:00:00-05:00,30.690709506186103,30.744617138676514,30.627818981918885,30.645788192749023,3900,0.0,0.0,0.0
2019-11-20 00:00:00-05:00,30.484067510813848,30.591879344232627,30.259457525280162,30.403207778930664,4400,0.0,0.0,0.0
2019-11-21 00:00:00-05:00,30.36726513169253,30.412186437091115,30.196562800267536,30.322343826293945,11500,0.0,0.0,0.0
2019-11-22 00:00:00-05:00,30.349302771138003,30.466100933345714,30.349302771138003,30.412193298339844,2400,0.0,0.0,0.0
2019-11-25 00:00:00-05:00,30.699692175887957,30.879380855612972,30.699692175887957,30.78055191040039,6200,0.0,0.0,0.0
2019-11-26 00:00:00-05:00,30.93328857421875,31.00516198994385,30.816490417979388,30.93328857421875,176200,0.0,0.0,0.0
2019-11-27 00:00:00-05:00,31.229760183660662,31.229760183660662,30.951246090453534,31.086009979248047,119600,0.0,0.0,0.0
2019-11-29 00:00:00-05:00,31.10398795717214,31.13992637523178,30.762583267434113,30.82547378540039,87600,0.0,0.0,0.0
2019-12-02 00:00:00-05:00,31.1668783728131,31.1668783728131,30.627815812793056,30.67273712158203,170900,0.0,0.0,0.0
2019-12-03 00:00:00-05:00,30.43914794921875,30.573911891921192,30.178599528473473,30.43914794921875,81400,0.0,0.0,0.0
2019-12-04 00:00:00-05:00,30.654765625799982,30.96023530096396,30.63679641816964,30.76258087158203,36200,0.0,0.0,0.0
2019-12-05 00:00:00-05:00,30.951251412631795,31.01414192367186,30.816484073388338,30.906330108642578,21400,0.0,0.0,0.0
2019-12-06 00:00:00-05:00,31.337583851202027,31.436412785978828,31.21180281685924,31.26570701599121,13400,0.0,0.0,0.0
2019-12-09 00:00:00-05:00,31.31062633796841,31.409455266475362,31.247735824786883,31.283674240112305,37800,0.0,0.0,0.0
2019-12-10 00:00:00-05:00,31.37351471277307,31.436408648943754,31.274689218277857,31.33757972717285,17700,0.0,0.0,0.0
2019-12-11 00:00:00-05:00,31.38251240852595,31.472355046015817,31.265714237967575,31.355560302734375,9800,0.0,0.0,0.0
2019-12-12 00:00:00-05:00,31.43640628831998,31.8586706124383,31.391481561960738,31.813749313354492,123100,0.0,0.0,0.0
2019-12-13 00:00:00-05:00,31.95750948090189,31.95750948090189,31.346570026695677,31.47235107421875,42300,0.0,0.0,0.0
2019-12-16 00:00:00-05:00,31.687969504961018,31.84070261308471,31.616092681884766,31.616092681884766,14300,0.0,0.0,0.0
2019-12-17 00:00:00-05:00,31.849696255022717,32.05633702798088,31.768836524102014,31.957508087158203,15300,0.0,0.0,0.0
2019-12-18 00:00:00-05:00,32.065309090209475,32.101247497876315,31.957497294484146,31.98444938659668,118400,0.0,0.0,0.0
2019-12-19 00:00:00-05:00,32.0653060083462,32.0653060083462,31.876634527141686,31.894603729248047,12800,0.0,0.0,0.0
2019-12-20 00:00:00-05:00,32.1281981140778,32.23601333212548,32.02937263844664,32.0653076171875,15300,0.0,0.0,0.0
2019-12-23 00:00:00-05:00,32.23225722101206,32.23225722101206,31.853264737600373,31.92545509338379,20100,0.155,0.0,0.0
2019-12-24 00:00:00-05:00,32.20518239072895,32.20518239072895,31.817167854749346,31.898380279541016,7700,0.0,0.0,0.0
2019-12-26 00:00:00-05:00,31.89837568781892,31.934470858580582,31.744976375419267,31.844236373901367,11300,0.0,0.0,0.0
2019-12-27 00:00:00-05:00,31.97958886328907,32.096896449948524,31.763024718006257,31.79009437561035,16000,0.0,0.0,0.0
2019-12-30 00:00:00-05:00,31.898376194486502,31.99763619454523,31.69985963659405,31.808141708374023,15900,0.0,0.0,0.0
2019-12-31 00:00:00-05:00,31.80814330258243,31.970568139505545,31.80814330258243,31.81716537475586,13400,0.0,0.0,0.0
2020-01-02 00:00:00-05:00,32.0427633624956,32.0427633624956,31.573539758703845,31.799129486083984,36900,0.0,0.0,0.0
2020-01-03 00:00:00-05:00,31.501344680899958,31.717912301364656,31.420132253503887,31.60962677001953,22600,0.0,0.0,0.0
2020-01-06 00:00:00-05:00,31.41111151267051,31.573536374352056,31.41111151267051,31.52841567993164,14900,0.0,0.0,0.0
2020-01-07 00:00:00-05:00,31.53743381653623,31.600598643274584,31.429151748159743,31.510360717773438,29200,0.0,0.0,0.0
2020-01-08 00:00:00-05:00,31.564509519738504,31.77205162481167,31.51036675406594,31.60962677001953,10500,0.0,0.0,0.0
2020-01-09 00:00:00-05:00,31.66377227735581,31.708889531543395,31.483299818379624,31.564512252807617,20700,0.0,0.0,0.0
2020-01-10 00:00:00-05:00,31.60962676990532,31.627674358462773,31.49232260762018,31.501344680786133,26800,0.0,0.0,0.0
2020-01-13 00:00:00-05:00,31.564506921289333,31.78107452392578,31.50134208765063,31.78107452392578,9700,0.0,0.0,0.0
2020-01-14 00:00:00-05:00,31.83521296132789,31.898377793217417,31.7359529562943,31.81716537475586,12900,0.0,0.0,0.0
2020-01-15 00:00:00-05:00,31.790099271852768,31.934476538352992,31.71791235971543,31.835216522216797,12400,0.0,0.0,0.0
2020-01-16 00:00:00-05:00,32.27738047458665,32.27738047458665,32.05179073415109,32.12397766113281,5100,0.0,0.0,0.0
2020-01-17 00:00:00-05:00,32.53003305167125,32.53003305167125,31.979593649834136,32.0878791809082,10100,0.0,0.0,0.0
2020-01-21 00:00:00-05:00,32.069833970174756,32.069833970174756,31.808149080681765,31.826196670532227,4500,0.0,0.0,0.0
2020-01-22 00:00:00-05:00,31.87131169939824,31.997641377307744,31.781077198670182,31.835216522216797,8100,0.0,0.0,0.0
2020-01-23 00:00:00-05:00,31.871313659987976,31.997643345668752,31.672793615503462,31.952526092529297,3900,0.0,0.0,0.0
2020-01-24 00:00:00-05:00,32.08787984027544,32.08787984027544,31.36599005384986,31.582557678222656,5700,0.0,0.0,0.0
2020-01-27 00:00:00-05:00,31.203559473050536,31.34793669948316,31.095273971557617,31.095273971557617,7100,0.0,0.0,0.0
2020-01-28 00:00:00-05:00,31.248687166354465,31.483298946971733,31.221614060810577,31.3840389251709,13900,0.0,0.0,0.0
2020-01-29 00:00:00-05:00,31.42013495336606,31.43818254347437,31.068215551818625,31.122358322143555,9700,0.0,0.0,0.0
2020-01-30 00:00:00-05:00,30.83359919589518,31.068214416503906,30.78848194338603,31.068214416503906,8100,0.0,0.0,0.0
2020-01-31 00:00:00-05:00,30.869690286280576,30.869690286280576,30.219994363300724,30.274133682250977,12700,0.0,0.0,0.0
2020-02-03 00:00:00-05:00,30.33730515402541,30.635085242310858,30.33730515402541,30.57192039489746,18600,0.0,0.0,0.0
2020-02-04 00:00:00-05:00,30.869693814160637,31.014071084903275,30.86067174071295,30.878719329833984,4700,0.0,0.0,0.0
2020-02-05 00:00:00-05:00,31.176492765567172,31.402082443237305,31.176492765567172,31.402082443237305,2400,0.0,0.0,0.0
2020-02-06 00:00:00-05:00,31.58256559934503,31.58256559934503,31.221620615604785,31.23064613342285,7100,0.0,0.0,0.0
2020-02-07 00:00:00-05:00,31.18552229078946,31.18552229078946,30.86067256241263,30.941884994506836,6900,0.0,0.0,0.0
2020-02-10 00:00:00-05:00,30.923837910954138,31.023097934274247,30.851647551366494,31.01407241821289,7700,0.0,0.0,0.0
2020-02-11 00:00:00-05:00,31.07724333723587,31.474283508136324,31.07724333723587,31.34795379638672,29100,0.0,0.0,0.0
2020-02-12 00:00:00-05:00,31.420126876475603,31.60059928894043,31.356962048446654,31.60059928894043,2700,0.0,0.0,0.0
2020-02-13 00:00:00-05:00,31.546460658400957,31.69986343383789,31.546460658400957,31.69986343383789,2600,0.0,0.0,0.0
2020-02-14 00:00:00-05:00,31.826191633065296,31.826191633065296,31.51036402401029,31.546459197998047,8600,0.0,0.0,0.0
2020-02-18 00:00:00-05:00,31.609627283840286,31.609627283840286,31.39306310208084,31.46525001525879,205800,0.0,0.0,0.0
2020-02-19 00:00:00-05:00,31.60962328052652,31.78107363178321,31.60962328052652,31.70888328552246,2800,0.0,0.0,0.0
2020-02-20 00:00:00-05:00,31.591591966672723,32.078866728250674,31.591591966672723,31.87132453918457,44800,0.0,0.0,0.0
2020-02-21 00:00:00-05:00,31.510366753952084,31.636699873854276,31.501344680786133,31.501344680786133,700,0.0,0.0,0.0
2020-02-24 00:00:00-05:00,30.508750342656825,30.598984840074422,30.319252390519193,30.42753791809082,3600,0.0,0.0,0.0
2020-02-25 00:00:00-05:00,30.608008497694208,30.608008497694208,29.245448239677856,29.290565490722656,11000,0.0,0.0,0.0
2020-02-26 00:00:00-05:00,29.137169078055535,29.42592364444317,28.62282307042546,28.66794204711914,54800,0.0,0.0,0.0
2020-02-27 00:00:00-05:00,27.92800568014947,28.433326128620898,27.603155959861425,27.66632080078125,8000,0.0,0.0,0.0
2020-02-28 00:00:00-05:00,26.375943627332198,27.27830230131096,26.375943627332198,27.106855392456055,25000,0.0,0.0,0.0
2020-03-02 00:00:00-05:00,26.998573758916514,28.11749839782715,26.763960278338246,28.11749839782715,38800,0.0,0.0,0.0
2020-03-03 00:00:00-05:00,28.11749696297214,28.505511479469686,27.359515517049648,27.512916564941406,10200,0.0,0.0,0.0
2020-03-04 00:00:00-05:00,27.792649823818575,28.279924392700195,27.494871494317405,28.279924392700195,5200,0.0,0.0,0.0
2020-03-05 00:00:00-05:00,27.458774724551745,27.458774724551745,26.890287796122077,27.106855392456055,5300,0.0,0.0,0.0
2020-03-06 00:00:00-05:00,26.538374111650256,26.79103521373358,26.466185471214015,26.754940032958984,3100,0.0,0.0,0.0
2020-03-09 00:00:00-04:00,24.444903230284943,25.193861063502236,24.174196243286133,24.174196243286133,9600,0.0,0.0,0.0
2020-03-10 00:00:00-04:00,24.571230085560117,25.13971710205078,24.18321552026617,25.13971710205078,12700,0.0,0.0,0.0
2020-03-11 00:00:00-04:00,24.30954526306965,24.30954526306965,23.289878909390968,23.51546859741211,78800,0.0,0.0,0.0
2020-03-12 00:00:00-04:00,20.943741643524184,21.90024296966339,20.53768131852914,21.133237838745117,181000,0.0,0.0,0.0
2020-03-13 00:00:00-04:00,22.107787434402052,22.613107808134007,21.214452556851562,22.604084014892578,29900,0.0,0.0,0.0
2020-03-16 00:00:00-04:00,20.456476682103414,20.934727526892782,15.367172949719748,19.969202041625977,41300,0.0,0.0,0.0
2020-03-17 00:00:00-04:00,20.212838034767163,20.853513717651367,19.617281327360963,20.853513717651367,47900,0.0,0.0,0.0
2020-03-18 00:00:00-04:00,19.37364184065548,19.74360879233325,17.614043301944484,18.922462463378906,14800,0.0,0.0,0.0
2020-03-19 00:00:00-04:00,18.164482440204978,19.662399677272195,17.406502608532175,19.63532829284668,25800,0.0,0.0,0.0
2020-03-20 00:00:00-04:00,19.770682555058098,19.770682555058098,18.363003210375222,18.45323944091797,44200,0.0,0.0,0.0
2020-03-23 00:00:00-04:00,18.63578074807021,18.63578074807021,17.15545219802756,17.6458683013916,15300,0.131,0.0,0.0
2020-03-24 00:00:00-04:00,19.089863950501726,19.77099609375,18.92639195896876,19.77099609375,115000,0.0,0.0,0.0
2020-03-25 00:00:00-04:00,19.934474101902914,21.233164991945078,19.353239986334536,20.379480361938477,147000,0.0,0.0,0.0
2020-03-26 00:00:00-04:00,20.31590669135205,21.442045211791992,20.31590669135205,21.442045211791992,125900,0.0,0.0,0.0
2020-03-27 00:00:00-04:00,20.23417090837025,20.969793310724604,20.23417090837025,20.515705108642578,45100,0.0,0.0,0.0
2020-03-30 00:00:00-04:00,20.29774883573042,20.869899373256295,19.75284248957607,20.842655181884766,48700,0.0,0.0,0.0
2020-03-31 00:00:00-04:00,20.67009476122425,20.96979289943187,20.361314651288033,20.597440719604492,19600,0.0,0.0,0.0
2020-04-01 00:00:00-04:00,18.735683990754012,19.807332741414708,18.735683990754012,19.326000213623047,17900,0.0,0.0,0.0
2020-04-02 00:00:00-04:00,19.207928971479028,19.979879195945987,19.117110992328406,19.58936309814453,19200,0.0,0.0,0.0
2020-04-03 00:00:00-04:00,19.335076453976036,19.507628723379153,18.635780207840185,18.871906280517578,11300,0.0,0.0,0.0
2020-04-06 00:00:00-04:00,19.580284496887852,20.48846098027869,19.580284496887852,20.470298767089844,23300,0.0,0.0,0.0
2020-04-07 00:00:00-04:00,21.078776794595147,21.85072720489514,20.82448847040877,20.942550659179688,21700,0.0,0.0,0.0
2020-04-08 00:00:00-04:00,21.287657934990534,22.095934476693607,21.269493989012904,21.950626373291016,10000,0.0,0.0,0.0
2020-04-09 00:00:00-04:00,22.359303738439426,23.131252292957644,22.359303738439426,22.84971809387207,12700,0.0,0.0,0.0
2020-04-13 00:00:00-04:00,22.867884125368533,22.867884125368533,21.814399543376187,21.98695182800293,7400,0.0,0.0,0.0
2020-04-14 00:00:00-04:00,22.304811194993604,22.68624534024308,22.05052291963326,22.150421142578125,1000,0.0,0.0,0.0
2020-04-15 00:00:00-04:00,21.40571743442349,21.40571743442349,21.03336524963379,21.03336524963379,7300,0.0,0.0,0.0
2020-04-16 00:00:00-04:00,20.842649056289137,20.92438507080078,20.642849139834443,20.92438507080078,4300,0.0,0.0,0.0
2020-04-17 00:00:00-04:00,21.796232784155052,21.859804852622073,21.57827066417858,21.82347869873047,284200,0.0,0.0,0.0
2020-04-20 00:00:00-04:00,21.396639731454464,21.759910016871217,21.278577538272526,21.296741485595703,6200,0.0,0.0,0.0
2020-04-21 00:00:00-04:00,20.679177831187747,20.92438588425537,20.679177831187747,20.760913848876953,5300,0.0,0.0,0.0
2020-04-22 00:00:00-04:00,20.942553437262905,20.942553437262905,20.815409258303717,20.842655181884766,3700,0.0,0.0,0.0
2020-04-23 00:00:00-04:00,21.3875555782007,21.423883469144904,21.142349243164062,21.142349243164062,1300,0.0,0.0,0.0
2020-04-24 00:00:00-04:00,21.469291131720396,21.678173035669158,21.23316504236769,21.614599227905273,10500,0.0,0.0,0.0
2020-04-27 00:00:00-04:00,21.714498250926354,22.76798276863669,21.714498250926354,22.640838623046875,10300,0.0,0.0,0.0
2020-04-28 00:00:00-04:00,22.931457105204803,23.20390936802651,22.840639106861154,23.013193130493164,14700,0.0,0.0,0.0
2020-04-29 00:00:00-04:00,23.458192942307207,24.311879119578848,23.458192942307207,24.084835052490234,7100,0.0,0.0,0.0
2020-04-30 00:00:00-04:00,23.549011059326723,23.667073212761593,23.25839492883279,23.44002914428711,10500,0.0,0.0,0.0
2020-05-01 00:00:00-04:00,22.631758001033845,22.858802121536907,22.25032380930033,22.4410400390625,9800,0.0,0.0,0.0
2020-05-04 00:00:00-04:00,22.05052416335923,22.422876358032227,21.94154223048001,22.422876358032227,8500,0.0,0.0,0.0
2020-05-05 00:00:00-04:00,22.659007659579125,22.96778785301265,22.3956356048584,22.3956356048584,4800,0.0,0.0,0.0
2020-05-06 00:00:00-04:00,22.341139201980404,22.395629299536377,21.914295196533203,21.914295196533203,7300,0.0,0.0,0.0
2020-05-07 00:00:00-04:00,21.959708192829773,22.3956324999914,21.959708192829773,22.186752319335938,2500,0.0,0.0,0.0
2020-05-08 00:00:00-04:00,22.804312131509338,23.176664352416992,22.804312131509338,23.176664352416992,3700,0.0,0.0,0.0
2020-05-11 00:00:00-04:00,22.886048979671276,22.97686524583558,22.767985062122893,22.840639114379883,2300,0.0,0.0,0.0
2020-05-12 00:00:00-04:00,23.049520302921803,23.049520302921803,21.832565307617188,21.832565307617188,5800,0.0,0.0,0.0
2020-05-13 00:00:00-04:00,21.578274815832856,21.578274815832856,20.65193432854846,20.89714241027832,4600,0.0,0.0,0.0
2020-05-14 00:00:00-04:00,20.28865707609563,21.096933364868164,20.28865707609563,21.096933364868164,9600,0.0,0.0,0.0
2020-05-15 00:00:00-04:00,21.03336135325986,21.378469290779364,21.03336135325986,21.269487380981445,2200,0.0,0.0,0.0
2020-05-18 00:00:00-04:00,22.032359680011652,22.84971809387207,22.032359680011652,22.84971809387207,10600,0.0,0.0,0.0
2020-05-19 00:00:00-04:00,22.631757762700175,22.804311777483917,22.350223541259766,22.350223541259766,13800,0.0,0.0,0.0
2020-05-20 00:00:00-04:00,22.15042463283041,23.076765093287158,22.15042463283041,22.967784881591797,3200,0.0,0.0,0.0
2020-05-21 00:00:00-04:00,23.113092798503693,23.43095319022029,23.085846879695463,23.312891006469727,13200,0.0,0.0,0.0
2020-05-22 00:00:00-04:00,23.185746997788957,23.26748302252619,23.058601108081465,23.249319076538086,4900,0.0,0.0,0.0
2020-05-26 00:00:00-04:00,24.366372799391648,24.520762857039145,24.339126883733023,24.384536743164062,2300,0.0,0.0,0.0
2020-05-27 00:00:00-04:00,24.911280742043733,25.356287002563477,24.602500604995885,25.356287002563477,4100,0.0,0.0,0.0
2020-05-28 00:00:00-04:00,25.4925137202735,25.4925137202735,24.73872730513492,24.75689125061035,4300,0.0,0.0,0.0
2020-05-29 00:00:00-04:00,24.520763540050353,24.520763540050353,24.266473516780493,24.457191467285156,4900,0.0,0.0,0.0
2020-06-01 00:00:00-04:00,24.357288681529678,24.92035876340268,24.357288681529678,24.684232711791992,3000,0.0,0.0,0.0
2020-06-02 00:00:00-04:00,24.929446061793758,25.065672192777647,24.874954223632812,24.874954223632812,1200,0.0,0.0,0.0
2020-06-03 00:00:00-04:00,25.38353382121275,25.946602280140322,25.38353382121275,25.864866256713867,2500,0.0,0.0,0.0
2020-06-04 00:00:00-04:00,25.537923345127048,26.010173797607422,25.537923345127048,26.010173797607422,4800,0.0,0.0,0.0
2020-06-05 00:00:00-04:00,27.563157373499777,27.563157373499777,27.145395278930664,27.145395278930664,3200,0.0,0.0,0.0
2020-06-08 00:00:00-04:00,27.708462180156996,27.87193420935936,27.608562221820215,27.799280166625977,8500,0.0,0.0,0.0
2020-06-09 00:00:00-04:00,26.954675011155462,27.26345511636158,26.93651106797652,27.054574966430664,3500,0.0,0.0,0.0
2020-06-10 00:00:00-04:00,26.409768466099006,26.409768466099006,25.928434371948242,25.928434371948242,3100,0.0,0.0,0.0
2020-06-11 00:00:00-04:00,24.39362022415116,24.738726516131816,23.667078018188477,23.667078018188477,15800,0.0,0.0,0.0
2020-06-12 00:00:00-04:00,24.86586925152052,24.86586925152052,24.066674775852853,24.42994499206543,3100,0.0,0.0,0.0
2020-06-15 00:00:00-04:00,23.36738149333811,24.784138114728016,23.176665255194806,24.63882827758789,6300,0.0,0.0,0.0
2020-06-16 00:00:00-04:00,25.456187792745787,25.764967939795984,25.274551800760072,25.36536979675293,5500,0.0,0.0,0.0
2020-06-17 00:00:00-04:00,25.2473027266323,25.2473027266323,24.811378479003906,24.811378479003906,1900,0.0,0.0,0.0
2020-06-18 00:00:00-04:00,25.074748670196357,25.074748670196357,24.656986663569114,24.747804641723633,2400,0.0,0.0,0.0
2020-06-19 00:00:00-04:00,24.920360263937926,24.929442235570832,24.575252270723446,24.593416213989258,13000,0.0,0.0,0.0
2020-06-22 00:00:00-04:00,24.204903780166124,24.670030376809727,24.204903780166124,24.6335506439209,2500,0.114,0.0,0.0
2020-06-23 00:00:00-04:00,24.788584405881096,24.788584405881096,24.59706022440088,24.642662048339844,5300,0.0,0.0,0.0
2020-06-24 00:00:00-04:00,24.20489951010616,24.20489951010616,23.53000630563308,23.685049057006836,3400,0.0,0.0,0.0
2020-06-25 00:00:00-04:00,23.62120994075756,24.06809749423167,23.539128375881482,24.058977127075195,2600,0.0,0.0,0.0
2020-06-26 00:00:00-04:00,24.07721817585003,24.07721817585003,23.365846923676013,23.53000831604004,5300,0.0,0.0,0.0
2020-06-29 00:00:00-04:00,24.259625053955464,24.387306732600088,24.104582270087388,24.26874542236328,5300,0.0,0.0,0.0
2020-06-30 00:00:00-04:00,24.29610149988655,24.69738895785932,24.259621770724756,24.56058692932129,4200,0.0,0.0,0.0
2020-07-01 00:00:00-04:00,24.432902658589256,24.48762311625404,23.986013412475586,23.986013412475586,4800,0.0,0.0,0.0
2020-07-02 00:00:00-04:00,24.733868001058678,24.733868001058678,24.049856185913086,24.049856185913086,3200,0.0,0.0,0.0
2020-07-06 00:00:00-04:00,24.396420281888005,24.396420281888005,24.23225717549786,24.3781795501709,4100,0.0,0.0,0.0
2020-07-07 00:00:00-04:00,24.077221188153278,24.086341556569916,23.685054043899846,23.767135620117188,3500,0.0,0.0,0.0
2020-07-08 00:00:00-04:00,23.65769055173459,23.88569450378418,23.639449818082916,23.88569450378418,2900,0.0,0.0,0.0
2020-07-09 00:00:00-04:00,23.758015420233,23.758015420233,23.101364545368583,23.20168685913086,3400,0.0,0.0,0.0
2020-07-10 00:00:00-04:00,23.037517172157617,23.940412521362305,23.037517172157617,23.940412521362305,1600,0.0,0.0,0.0
2020-07-13 00:00:00-04:00,24.09546044459482,24.487627564754046,23.931297302246094,23.931297302246094,3500,0.0,0.0,0.0
2020-07-14 00:00:00-04:00,23.61208746409083,24.305219650268555,23.61208746409083,24.305219650268555,7200,0.0,0.0,0.0
2020-07-15 00:00:00-04:00,24.989229600120265,25.31755580572264,24.87978869127406,25.308435440063477,12000,0.0,0.0,0.0
2020-07-16 00:00:00-04:00,24.93450801087921,25.38139547064824,24.93450801087921,25.290193557739258,4600,0.0,0.0,0.0
2020-07-17 00:00:00-04:00,25.22635593158331,25.32667822242669,25.198994832390017,25.217235565185547,3600,0.0,0.0,0.0
2020-07-20 00:00:00-04:00,24.93451110270037,24.93451110270037,24.74298688788977,24.80682945251465,3700,0.0,0.0,0.0
2020-07-21 00:00:00-04:00,25.28107496213896,25.518199256487993,25.180754416495386,25.381397247314453,2900,0.0,0.0,0.0
2020-07-22 00:00:00-04:00,25.180752929871062,25.70060157775879,25.180752929871062,25.70060157775879,1800,0.0,0.0,0.0
2020-07-23 00:00:00-04:00,25.97421334942076,25.97421334942076,25.828290939331055,25.828290939331055,500,0.0,0.0,0.0
2020-07-24 00:00:00-04:00,25.600284391078738,25.67324558881317,25.600284391078738,25.62764549255371,2200,0.0,0.0,0.0
2020-07-27 00:00:00-04:00,25.673247374238933,25.80093078380296,25.673247374238933,25.782690048217773,1900,0.0,0.0,0.0
2020-07-28 00:00:00-04:00,25.600286422872724,25.66412725851563,25.472604751586914,25.472604751586914,2900,0.0,0.0,0.0
2020-07-29 00:00:00-04:00,25.344921473528288,26.13837429412005,25.344921473528288,26.074533462524414,12200,0.0,0.0,0.0
2020-07-30 00:00:00-04:00,25.56380369999366,25.636764894982512,25.44524067092921,25.582042694091797,10000,0.0,0.0,0.0
2020-07-31 00:00:00-04:00,25.390525055734923,25.509086367896483,25.062198745853003,25.40876579284668,8800,0.0,0.0,0.0
2020-08-03 00:00:00-04:00,25.42700303253527,25.819170155663514,25.42700303253527,25.727968215942383,15000,0.0,0.0,0.0
2020-08-04 00:00:00-04:00,25.481724518651493,25.846530527675355,25.481724518651493,25.810049057006836,6600,0.0,0.0,0.0
2020-08-05 00:00:00-04:00,25.99244563825208,26.34813117980957,25.99244563825208,26.34813117980957,18000,0.0,0.0,0.0
2020-08-06 00:00:00-04:00,26.24781779287476,26.329899361675903,26.120134386110617,26.183975219726562,7400,0.0,0.0,0.0
2020-08-07 00:00:00-04:00,25.983330551327096,26.74942398071289,25.983330551327096,26.74942398071289,5000,0.0,0.0,0.0
2020-08-10 00:00:00-04:00,26.75854391376671,27.488155863478184,26.75854391376671,27.36959457397461,16900,0.0,0.0,0.0
2020-08-11 00:00:00-04:00,27.6431948145886,27.94415991985216,27.43343162536621,27.43343162536621,13300,0.0,0.0,0.0
2020-08-12 00:00:00-04:00,27.75264063354611,27.75264063354611,27.442555127286102,27.579357147216797,4800,0.0,0.0,0.0
2020-08-13 00:00:00-04:00,27.396951231165932,27.396951231165932,27.296628952026367,27.296628952026367,800,0.0,0.0,0.0
2020-08-14 00:00:00-04:00,27.04126794095489,27.561116665147495,27.04126794095489,27.333112716674805,2700,0.0,0.0,0.0
2020-08-17 00:00:00-04:00,27.323989686920175,27.37871188168334,27.30575069486436,27.351350784301758,2200,0.0,0.0,0.0
2020-08-18 00:00:00-04:00,27.132470042979225,27.168951509945188,26.959186553955078,26.959186553955078,4900,0.0,0.0,0.0
2020-08-19 00:00:00-04:00,26.90446533658223,27.11422854714247,26.90446533658223,26.977426528930664,2600,0.0,0.0,0.0
2020-08-20 00:00:00-04:00,26.831502871174198,26.950064150790574,26.767662048339844,26.767662048339844,700,0.0,0.0,0.0
2020-08-21 00:00:00-04:00,26.47581738781241,26.612619400024414,26.466697021727345,26.612619400024414,12900,0.0,0.0,0.0
2020-08-24 00:00:00-04:00,26.621741996714974,27.21455192565918,26.621741996714974,27.21455192565918,7500,0.0,0.0,0.0
2020-08-25 00:00:00-04:00,26.940949733537714,27.150712966918945,26.940949733537714,27.150712966918945,1000,0.0,0.0,0.0
2020-08-26 00:00:00-04:00,27.214549538656406,27.214549538656406,26.995665972069194,27.050386428833008,3100,0.0,0.0,0.0
2020-08-27 00:00:00-04:00,27.25102801471222,27.25102801471222,27.114226009304808,27.18718719482422,1600,0.0,0.0,0.0
2020-08-28 00:00:00-04:00,27.12334889132451,27.260150909423828,27.12334889132451,27.260150909423828,7400,0.0,0.0,0.0
2020-08-31 00:00:00-04:00,27.241917166250467,27.241917166250467,27.03215217590332,27.03215217590332,6600,0.0,0.0,0.0
2020-09-01 00:00:00-04:00,26.776784647392525,27.36959457397461,26.67646235198266,27.36959457397461,2500,0.0,0.0,0.0
2020-09-02 00:00:00-04:00,27.360475162893774,27.761762619018555,27.360475162893774,27.761762619018555,4400,0.0,0.0,0.0
2020-09-03 00:00:00-04:00,27.81648256140173,27.81648256140173,27.004789036752094,27.095989227294922,2500,0.0,0.0,0.0
2020-09-04 00:00:00-04:00,26.950065859025436,27.269271732962086,26.877104665514096,27.077749252319336,5000,0.0,0.0,0.0
2020-09-08 00:00:00-04:00,26.466701694516548,26.639983462130346,26.339018286314687,26.439340591430664,6200,0.0,0.0,0.0
2020-09-09 00:00:00-04:00,26.448463380041304,26.922712106412586,26.43934301151119,26.795028686523438,6300,0.0,0.0,0.0
2020-09-10 00:00:00-04:00,26.90446186269558,26.90446186269558,26.35725212097168,26.35725212097168,2500,0.0,0.0,0.0
2020-09-11 00:00:00-04:00,26.35725962338686,26.603504338184273,26.35725962338686,26.51230239868164,5500,0.0,0.0,0.0
2020-09-14 00:00:00-04:00,26.54878483615905,27.03215217590332,26.54878483615905,27.03215217590332,2200,0.0,0.0,0.0
2020-09-15 00:00:00-04:00,26.940945128095056,26.940945128095056,26.73118019104004,26.73118019104004,300,0.0,0.0,0.0
2020-09-16 00:00:00-04:00,27.077752073903124,27.077752073903124,26.96830940246582,26.96830940246582,400,0.0,0.0,0.0
2020-09-17 00:00:00-04:00,26.968310895837643,26.968310895837643,26.86798858642578,26.86798858642578,700,0.0,0.0,0.0
2020-09-18 00:00:00-04:00,26.74030448902544,26.74030448902544,26.576141357421875,26.576141357421875,1600,0.0,0.0,0.0
2020-09-21 00:00:00-04:00,25.791807761809093,25.791807761809093,25.317559122592236,25.427000045776367,5100,0.0,0.0,0.0
2020-09-22 00:00:00-04:00,25.65500290470387,25.810045655547743,25.3540377694813,25.56380271911621,2200,0.0,0.0,0.0
2020-09-23 00:00:00-04:00,25.655005878257885,25.873891219727966,24.952754974365234,24.952754974365234,1400,0.0,0.0,0.0
2020-09-24 00:00:00-04:00,25.308434989386054,25.308434989386054,24.879788248229723,24.92538833618164,1600,0.0,0.0,0.0
2020-09-25 00:00:00-04:00,24.970994451934388,25.217239161192722,24.970994451934388,25.18075942993164,2400,0.0,0.0,0.0
2020-09-28 00:00:00-04:00,25.32667656338392,25.94684752155092,25.32667656338392,25.91036605834961,2100,0.0,0.0,0.0
2020-09-29 00:00:00-04:00,25.354044625469008,25.72797105399438,25.354044625469008,25.709732055664062,11700,0.0,0.0,0.0
2020-09-30 00:00:00-04:00,25.91949326634596,25.965093367853147,25.837411692007127,25.86477279663086,600,0.0,0.0,0.0
2020-10-01 00:00:00-04:00,25.873886244124197,26.12012916174358,25.819164049513752,26.06540870666504,2700,0.0,0.0,0.0
2020-10-02 00:00:00-04:00,25.892126000227943,26.785902737057036,25.892126000227943,26.703821182250977,1800,0.0,0.0,0.0
2020-10-05 00:00:00-04:00,26.840622520688207,27.415191650390625,26.840622520688207,27.415191650390625,7600,0.0,0.0,0.0
2020-10-06 00:00:00-04:00,27.615832392707453,27.88943637093517,27.196304321289062,27.196304321289062,3500,0.0,0.0,0.0
2020-10-07 00:00:00-04:00,27.83471941483028,27.83471941483028,27.697917408555742,27.75263786315918,2400,0.0,0.0,0.0
2020-10-08 00:00:00-04:00,28.199530948405155,28.199530948405155,28.08096964994917,28.126569747924805,1200,0.0,0.0,0.0
2020-10-09 00:00:00-04:00,28.217772258742404,28.236011254585193,28.117449953711855,28.135690689086914,1000,0.0,0.0,0.0
2020-10-12 00:00:00-04:00,28.026245290824683,28.473132826860297,28.026245290824683,28.372812271118164,2100,0.0,0.0,0.0
2020-10-13 00:00:00-04:00,28.153928903664443,28.153928903664443,28.062726974487305,28.062726974487305,600,0.0,0.0,0.0
2020-10-14 00:00:00-04:00,28.22688621550808,28.22688621550808,27.998882293701172,27.998882293701172,4200,0.0,0.0,0.0
2020-10-15 00:00:00-04:00,28.354572296142578,28.354572296142578,28.354572296142578,28.354572296142578,100,0.0,0.0,0.0
2020-10-16 00:00:00-04:00,28.327209824144788,28.46401184412898,28.299850463867188,28.299850463867188,6200,0.0,0.0,0.0
2020-10-19 00:00:00-04:00,28.31808846438223,28.31808846438223,27.907682418823242,27.907682418823242,800,0.0,0.0,0.0
2020-10-20 00:00:00-04:00,28.2177716834083,28.2177716834083,28.05360854744445,28.126569747924805,700,0.0,0.0,0.0
2020-10-21 00:00:00-04:00,28.099207462685662,28.163048292977294,28.04448699951172,28.04448699951172,3400,0.0,0.0,0.0
2020-10-22 00:00:00-04:00,28.245128264247864,28.299850463867188,28.1904078041606,28.299850463867188,7400,0.0,0.0,0.0
2020-10-23 00:00:00-04:00,28.418407884120402,28.53697089429888,28.354567066115912,28.51873016357422,2200,0.0,0.0,0.0
2020-10-26 00:00:00-04:00,27.93503995834793,27.93503995834793,27.64319521442042,27.75263786315918,3400,0.0,0.0,0.0
2020-10-27 00:00:00-04:00,27.314873108289188,27.314873108289188,27.260150909423828,27.260150909423828,300,0.0,0.0,0.0
2020-10-28 00:00:00-04:00,26.676457635146622,26.740298452016756,26.439333358534835,26.475814819335938,8700,0.0,0.0,0.0
2020-10-29 00:00:00-04:00,26.430218662369338,26.90446731731481,26.430218662369338,26.758544921875,1900,0.0,0.0,0.0
2020-10-30 00:00:00-04:00,26.639978271389847,26.858863574363077,26.639978271389847,26.73118019104004,4900,0.0,0.0,0.0
2020-11-02 00:00:00-05:00,27.333109343767735,27.43343162536621,27.150707251217256,27.43343162536621,1900,0.0,0.0,0.0
2020-11-03 00:00:00-05:00,27.871203609344267,28.254250332083064,27.871203609344267,28.23600959777832,35200,0.0,0.0,0.0
2020-11-04 00:00:00-05:00,27.597597345983434,27.953282938821733,27.57935661313736,27.634077072143555,500,0.0,0.0,0.0
2020-11-05 00:00:00-05:00,27.743525964739277,28.70114204045543,27.743525964739277,28.491378784179688,2000,0.0,0.0,0.0
2020-11-06 00:00:00-05:00,28.491375750326558,28.518736852831275,28.126569747924805,28.126569747924805,2800,0.0,0.0,0.0
2020-11-09 00:00:00-05:00,29.540194765815816,30.10564365583114,29.540194765815816,29.68611717224121,9800,0.0,0.0,0.0
2020-11-10 00:00:00-05:00,29.841151552041826,30.50692252270462,29.841151552041826,30.48868179321289,3200,0.0,0.0,0.0
2020-11-11 00:00:00-05:00,30.50692804382342,30.50692804382342,30.014438695606625,30.169483184814453,3100,0.0,0.0,0.0
2020-11-12 00:00:00-05:00,29.759078897958105,29.850279093595027,29.540193557739258,29.540193557739258,400,0.0,0.0,0.0
2020-11-13 00:00:00-05:00,29.5857977483061,30.4613357512345,29.5857977483061,30.333650588989258,24800,0.0,0.0,0.0
2020-11-16 00:00:00-05:00,31.008535510807047,31.23653944838651,30.98117615159799,31.200057983398438,9600,0.0,0.0,0.0
2020-11-17 00:00:00-05:00,30.880852364627373,31.373341680887616,30.8534930067453,31.23653793334961,1900,0.0,0.0,0.0
2020-11-18 00:00:00-05:00,31.181823974282047,31.50103164315876,30.89910125732422,30.89910125732422,8500,0.0,0.0,0.0
2020-11-19 00:00:00-05:00,30.652858450247646,30.96294403076172,30.652858450247646,30.96294403076172,3500,0.0,0.0,0.0
2020-11-20 00:00:00-05:00,31.0085356524767,31.0085356524767,30.598127867145823,30.85349464416504,6000,0.0,0.0,0.0
2020-11-23 00:00:00-05:00,31.245659808487883,31.573986053466797,31.245659808487883,31.573986053466797,2600,0.0,0.0,0.0
2020-11-24 00:00:00-05:00,31.66518415802444,32.358314514160156,31.66518415802444,32.358314514160156,4000,0.0,0.0,0.0
2020-11-25 00:00:00-05:00,32.285363586260154,32.285363586260154,31.601351675356884,31.83847427368164,2000,0.0,0.0,0.0
2020-11-27 00:00:00-05:00,31.884076631240593,31.884076631240593,31.66519475251765,31.719913482666016,4400,0.0,0.0,0.0
2020-11-30 00:00:00-05:00,31.300386330774444,31.400708639377033,31.01766014099121,31.01766014099121,3200,0.0,0.0,0.0
2020-12-01 00:00:00-05:00,31.738140394555334,31.738140394555334,31.528377235870945,31.646940231323242,4300,0.0,0.0,0.0
2020-12-02 00:00:00-05:00,31.820233151271648,31.820233151271648,31.674310751217615,31.801992416381836,1100,0.0,0.0,0.0
2020-12-03 00:00:00-05:00,31.756387476246683,32.28535827019655,31.756387476246683,32.00263214111328,7700,0.0,0.0,0.0
2020-12-04 00:00:00-05:00,32.075593971308145,32.978491142836965,32.075593971308145,32.887290954589844,6400,0.0,0.0,0.0
2020-12-07 00:00:00-05:00,33.24297063574241,33.24297063574241,32.62279972479312,32.668399810791016,3400,0.0,0.0,0.0
2020-12-08 00:00:00-05:00,32.45864312826465,32.859928836048915,32.45864312826465,32.80521011352539,3500,0.0,0.0,0.0
2020-12-09 00:00:00-05:00,33.23384615606258,33.23384615606258,32.859919911100654,33.06968307495117,3200,0.0,0.0,0.0
2020-12-10 00:00:00-05:00,32.65016802753862,33.252098373219944,32.65016802753862,33.0970573425293,3300,0.0,0.0,0.0
2020-12-11 00:00:00-05:00,32.90553292638402,33.07881468220031,32.814329255640466,33.00585174560547,7300,0.0,0.0,0.0
2020-12-14 00:00:00-05:00,33.02409730323661,33.315942134114074,32.61368942260742,32.61368942260742,2100,0.0,0.0,0.0
2020-12-15 00:00:00-05:00,33.13353523003918,33.480098724365234,33.13353523003918,33.480098724365234,1200,0.0,0.0,0.0
2020-12-16 00:00:00-05:00,33.571305775790094,33.571305775790094,33.27033886561372,33.407142639160156,49600,0.0,0.0,0.0
2020-12-17 00:00:00-05:00,33.689862798462315,33.689862798462315,33.46185884576249,33.68074417114258,20000,0.0,0.0,0.0
2020-12-18 00:00:00-05:00,33.72634718248664,33.72634718248664,33.28857997293307,33.352420806884766,2800,0.0,0.0,0.0
2020-12-21 00:00:00-05:00,32.7865928725224,33.22606645439267,32.7865928725224,33.1985969543457,7500,0.142,0.0,0.0
2020-12-22 00:00:00-05:00,33.143667648619456,33.226069170244614,33.07957796431388,33.18944549560547,2800,0.0,0.0,0.0
2020-12-23 00:00:00-05:00,33.326782645614756,33.59229555611151,33.326782645614756,33.52820587158203,73500,0.0,0.0,0.0
2020-12-24 00:00:00-05:00,33.55568294034321,33.58314895629883,33.473281399849704,33.58314895629883,900,0.0,0.0,0.0
2020-12-28 00:00:00-05:00,33.738781441908685,33.98598596866331,33.573978424072266,33.573978424072266,2300,0.0,0.0,0.0
2020-12-29 00:00:00-05:00,33.34508790858671,33.3725574084362,33.18028837261746,33.28099822998047,3300,0.0,0.0,0.0
2020-12-30 00:00:00-05:00,33.473275272467724,33.5373649597168,33.473275272467724,33.5373649597168,800,0.0,0.0,0.0
2020-12-31 00:00:00-05:00,33.67469616143165,33.67469616143165,33.49158477783203,33.49158477783203,4300,0.0,0.0,0.0
2021-01-04 00:00:00-05:00,33.473271095502945,33.509891274628465,32.70419145185775,32.777435302734375,449900,0.0,0.0,0.0
2021-01-05 00:00:00-05:00,33.0978826109446,33.729625144404196,33.0978826109446,33.445796966552734,118800,0.0,0.0,0.0
2021-01-06 00:00:00-05:00,34.29728269130649,35.59739509508369,34.29728269130649,35.27694320678711,97900,0.0,0.0,0.0
2021-01-07 00:00:00-05:00,35.817132767329305,35.817132767329305,35.460060673781,35.6889533996582,102400,0.0,0.0,0.0
2021-01-08 00:00:00-05:00,36.06433964874285,36.06433964874285,34.91987594578642,35.34103775024414,23200,0.0,0.0,0.0
2021-01-11 00:00:00-05:00,34.80084463244308,35.52414640394513,34.80084463244308,35.350189208984375,10400,0.0,0.0,0.0
2021-01-12 00:00:00-05:00,35.3776596424413,36.08264966701633,35.3776596424413,35.972782135009766,8200,0.0,0.0,0.0
2021-01-13 00:00:00-05:00,35.82629131006106,35.89953516797098,35.43259553249576,35.46921920776367,12100,0.0,0.0,0.0
2021-01-14 00:00:00-05:00,35.88121179301337,36.03686061654138,35.78050195734793,35.83543395996094,28100,0.0,0.0,0.0
2021-01-15 00:00:00-05:00,35.36850437261249,35.64317494041929,35.22201317027382,35.51499557495117,17900,0.0,0.0,0.0
2021-01-19 00:00:00-05:00,35.7805085745499,35.89037609271945,35.634013893489914,35.71641540527344,9600,0.0,0.0,0.0
2021-01-20 00:00:00-05:00,35.76219379774896,36.36647033691406,35.76219379774896,36.36647033691406,149900,0.0,0.0,0.0
2021-01-21 00:00:00-05:00,36.696091114478634,36.696091114478634,36.00941279415644,36.11012268066406,11600,0.0,0.0,0.0
2021-01-22 00:00:00-05:00,36.046024880552224,36.27491760253906,35.70726462994691,36.27491760253906,15300,0.0,0.0,0.0
2021-01-25 00:00:00-05:00,36.238305567597166,36.238305567597166,35.75305051291677,36.11012268066406,10900,0.0,0.0,0.0
2021-01-26 00:00:00-05:00,36.54042376536772,36.54042376536772,35.753032463416645,35.83543395996094,6700,0.0,0.0,0.0
2021-01-27 00:00:00-05:00,35.22201075405701,35.487523638901564,34.84662685552624,35.07551956176758,10600,0.0,0.0,0.0
2021-01-28 00:00:00-05:00,35.524150981558435,35.524150981558435,35.01143350186872,35.102989196777344,20100,0.0,0.0,0.0
2021-01-29 00:00:00-05:00,34.84663078653246,34.974810157667285,34.20573043823242,34.20573043823242,11500,0.0,0.0,0.0
2021-02-01 00:00:00-05:00,34.81000574493878,35.16707783412158,34.2789729509356,35.03889846801758,470800,0.0,0.0,0.0
2021-02-02 00:00:00-05:00,35.59740844027498,35.59740844027498,35.16708886822853,35.4875373840332,114700,0.0,0.0,0.0
2021-02-03 00:00:00-05:00,35.5790901184082,35.5790901184082,35.24948399495981,35.5790901184082,11000,0.0,0.0,0.0
2021-02-04 00:00:00-05:00,35.661486364268214,36.1467378115277,35.661486364268214,36.07349395751953,9400,0.0,0.0,0.0
2021-02-05 00:00:00-05:00,36.348164408945024,36.54043345432161,36.0734938451748,36.49465560913086,100700,0.0,0.0,0.0
2021-02-08 00:00:00-05:00,36.870032176047665,37.30035151881204,36.870032176047665,37.22710418701172,6200,0.0,0.0,0.0
2021-02-09 00:00:00-05:00,37.41022848208688,37.59334336525849,37.117246066062656,37.49263000488281,9700,0.0,0.0,0.0
2021-02-10 00:00:00-05:00,37.62081495564849,37.62081495564849,37.02569237022208,37.36445617675781,13300,0.0,0.0,0.0
2021-02-11 00:00:00-05:00,37.593348941517746,37.72152833096309,37.071473717275204,37.36445617675781,4100,0.0,0.0,0.0
2021-02-12 00:00:00-05:00,37.17217917746016,37.52925478180933,37.17217917746016,37.50178527832031,11900,0.0,0.0,0.0
2021-02-16 00:00:00-05:00,37.794772069695426,37.794772069695426,37.33698654174805,37.33698654174805,5100,0.0,0.0,0.0
2021-02-17 00:00:00-05:00,36.943288064907485,37.06231327159261,36.851732362919634,37.034847259521484,2200,0.0,0.0,0.0
2021-02-18 00:00:00-05:00,36.94328803866889,36.94328803866889,36.430570519699245,36.641151428222656,6900,0.0,0.0,0.0
2021-02-19 00:00:00-05:00,36.98906724316824,37.36445118754509,36.98906724316824,37.272891998291016,5200,0.0,0.0,0.0
2021-02-22 00:00:00-05:00,37.30036070387983,37.849701857155324,37.30036070387983,37.57503128051758,15300,0.0,0.0,0.0
2021-02-23 00:00:00-05:00,37.419388590526836,37.6208153432312,37.016538577744555,37.565879821777344,22000,0.0,0.0,0.0
2021-02-24 00:00:00-05:00,37.84054483273853,38.60046682058267,37.84054483273853,38.5089111328125,15500,0.0,0.0,0.0
2021-02-25 00:00:00-05:00,38.673712559088436,38.673712559088436,37.29119867983458,37.346134185791016,15900,0.0,0.0,0.0
2021-02-26 00:00:00-05:00,37.35528352503727,37.639111696826006,36.58620400425893,37.22710418701172,5500,0.0,0.0,0.0
2021-03-01 00:00:00-05:00,37.739841818721196,38.57301137911278,37.739841818721196,38.3349609375,22500,0.0,0.0,0.0
2021-03-02 00:00:00-05:00,38.1701527438084,38.38073364923789,37.932105826730826,37.959571838378906,17500,0.0,0.0,0.0
2021-03-03 00:00:00-05:00,37.83138969968395,38.69202509723576,37.83138969968395,38.023658752441406,15400,0.0,0.0,0.0
2021-03-04 00:00:00-05:00,38.04197147194878,38.49060276474588,36.778482609651206,37.35529327392578,33200,0.0,0.0,0.0
2021-03-05 00:00:00-05:00,38.03281842125548,38.83851834934428,37.19049132400224,38.6554069519043,25700,0.0,0.0,0.0
2021-03-08 00:00:00-05:00,39.268837517447615,40.03791725575524,39.18643599217801,39.49773025512695,36900,0.0,0.0,0.0
2021-03-09 00:00:00-05:00,40.156942711615585,40.156942711615585,39.36955113019159,39.41532897949219,60600,0.0,0.0,0.0
2021-03-10 00:00:00-05:00,39.882277205510434,40.34921691608179,39.67169627779187,40.239349365234375,61700,0.0,0.0,0.0
2021-03-11 00:00:00-05:00,40.88939116694388,40.88939116694388,40.385827933121064,40.651344299316406,34400,0.0,0.0,0.0
2021-03-12 00:00:00-05:00,40.962651840352564,41.36550186002049,40.89855865124767,41.25563430786133,85100,0.0,0.0,0.0
2021-03-15 00:00:00-04:00,41.56691752425623,41.59438353181024,40.83445805831073,41.45704650878906,31400,0.0,0.0,0.0
2021-03-16 00:00:00-04:00,41.77749568545684,41.77749568545684,40.86192490510353,41.099971771240234,50100,0.0,0.0,0.0
2021-03-17 00:00:00-04:00,41.246463120806276,41.484513480517236,40.6513442067796,41.4387321472168,33600,0.0,0.0,0.0
2021-03-18 00:00:00-04:00,41.59438799998145,42.1345749932004,40.72459491020504,40.87108612060547,49000,0.0,0.0,0.0
2021-03-19 00:00:00-04:00,41.026728767505574,41.2373096321963,40.32173883304075,40.8802375793457,36700,0.0,0.0,0.0
2021-03-22 00:00:00-04:00,40.751839908823435,40.751839908823435,40.100618463243784,40.403297424316406,36100,0.08,0.0,0.0
2021-03-23 00:00:00-04:00,40.22902193673707,40.22902193673707,38.825685101374866,39.036643981933594,36400,0.0,0.0,0.0
2021-03-24 00:00:00-04:00,39.421871457332045,39.944683345172976,38.92657487972643,38.94491958618164,13500,0.0,0.0,0.0
2021-03-25 00:00:00-04:00,38.74313933833592,40.18316572376876,38.523006334055914,40.082271575927734,17500,0.0,0.0,0.0
2021-03-26 00:00:00-04:00,40.61424640854034,41.14623236005924,40.128123969244946,41.13705825805664,20900,0.0,0.0,0.0
2021-03-29 00:00:00-04:00,41.20126102091165,41.4213939728939,40.311565608099194,40.36659622192383,31400,0.0,0.0,0.0
2021-03-30 00:00:00-04:00,40.65093687877533,41.32050288774012,40.65093687877533,41.2838134765625,23800,0.0,0.0,0.0
2021-03-31 00:00:00-04:00,41.65071382001683,41.76995269477038,40.861908723624964,40.96280288696289,34100,0.0,0.0,0.0
2021-04-01 00:00:00-04:00,41.274635207389906,41.32049521339706,40.760994042984926,41.24711990356445,22600,0.0,0.0,0.0
2021-04-05 00:00:00-04:00,41.889178241104155,41.889178241104155,41.46726047423806,41.733253479003906,140600,0.0,0.0,0.0
2021-04-06 00:00:00-04:00,41.87084425284099,41.96256430531618,41.54981707138638,41.6690559387207,41100,0.0,0.0,0.0
2021-04-07 00:00:00-04:00,41.861652545025215,41.861652545025215,41.192086646607265,41.384700775146484,54400,0.0,0.0,0.0
2021-04-08 00:00:00-04:00,41.59566368693554,41.59566368693554,40.80686239283425,41.39387893676758,33500,0.0,0.0,0.0
2021-04-09 00:00:00-04:00,41.219605263454966,41.834140602471756,41.219605263454966,41.8157958984375,62600,0.0,0.0,0.0
2021-04-12 00:00:00-04:00,41.82497193084006,42.17351435495064,41.6873918810639,42.05427551269531,35500,0.0,0.0,0.0
2021-04-13 00:00:00-04:00,42.23771537271985,42.23771537271985,41.283811716146936,41.5498046875,84900,0.0,0.0,0.0
2021-04-14 00:00:00-04:00,41.82497898914566,42.25607091543021,41.66905420664011,41.962562561035156,101100,0.0,0.0,0.0
2021-04-15 00:00:00-04:00,42.44868633713385,42.44868633713385,41.73326014009316,42.127662658691406,57100,0.0,0.0,0.0
2021-04-16 00:00:00-04:00,42.191855699490226,42.7054969415209,42.191855699490226,42.6046028137207,57300,0.0,0.0,0.0
2021-04-19 00:00:00-04:00,42.687161632412014,42.687161632412014,42.08180023125983,42.3477897644043,15300,0.0,0.0,0.0
2021-04-20 00:00:00-04:00,42.503707343476016,42.503707343476016,41.04533658518624,41.430564880371094,29800,0.0,0.0,0.0
2021-04-21 00:00:00-04:00,41.577332285991766,42.23772430419922,41.38471459423982,42.23772430419922,19200,0.0,0.0,0.0
2021-04-22 00:00:00-04:00,42.11848936114977,42.45786125502869,41.71491622924805,41.71491622924805,15000,0.0,0.0,0.0
2021-04-23 00:00:00-04:00,42.054273322935934,43.00817701351897,42.054273322935934,42.778873443603516,31200,0.0,0.0,0.0
2021-04-26 00:00:00-04:00,43.081564399425176,43.34755393424236,42.907291412353516,42.907291412353516,29400,0.0,0.0,0.0
2021-04-27 00:00:00-04:00,43.0999058929162,43.15493651723686,42.84308348347052,42.989837646484375,21200,0.0,0.0,0.0
2021-04-28 00:00:00-04:00,43.23748343166703,43.255828138336085,42.84308098551995,43.1457633972168,36800,0.0,0.0,0.0
2021-04-29 00:00:00-04:00,43.677738562780654,43.677738562780654,42.999002024441495,43.21913146972656,53500,0.0,0.0,0.0
2021-04-30 00:00:00-04:00,43.228316800692305,43.228316800692305,42.531231878782556,42.65047073364258,59800,0.0,0.0,0.0
2021-05-03 00:00:00-04:00,43.22830246313075,43.64104951698445,42.89810482004779,43.29250717163086,10500,0.0,0.0,0.0
2021-05-04 00:00:00-04:00,43.29251666091553,43.54933555120809,42.76053067514385,43.540164947509766,66800,0.0,0.0,0.0
2021-05-05 00:00:00-04:00,43.88870218769423,44.026285730158904,43.3475456189719,43.83367156982422,141600,0.0,0.0,0.0
2021-05-06 00:00:00-04:00,44.03546031757502,44.37483215332031,43.51264840714003,44.37483215332031,77700,0.0,0.0,0.0
2021-05-07 00:00:00-04:00,44.31980513621007,44.89765126102001,43.93457671893392,44.87013244628906,368400,0.0,0.0,0.0
2021-05-10 00:00:00-04:00,45.22783920372204,45.40210866424525,44.48489434779585,44.57661437988281,109000,0.0,0.0,0.0
2021-05-11 00:00:00-04:00,43.61354320659998,44.31979870129205,43.36589490335248,43.971256256103516,75700,0.0,0.0,0.0
2021-05-12 00:00:00-04:00,43.56768226007638,43.93456940498244,42.24689483642578,42.24689483642578,45600,0.0,0.0,0.0
2021-05-13 00:00:00-04:00,42.29276420974633,43.769480221236904,42.29276420974633,43.59520721435547,64300,0.0,0.0,0.0
2021-05-14 00:00:00-04:00,44.09049321132065,44.22807676240113,43.65023074631617,44.20973205566406,118000,0.0,0.0,0.0
2021-05-17 00:00:00-04:00,44.05380061831991,44.3748277147063,43.69608761000219,44.29227828979492,34900,0.0,0.0,0.0
2021-05-18 00:00:00-04:00,44.3656588235818,44.3656588235818,43.439273834228516,43.439273834228516,51900,0.0,0.0,0.0
2021-05-19 00:00:00-04:00,42.80638989418313,42.91645812988281,42.05427444470978,42.91645812988281,35200,0.0,0.0,0.0
2021-05-20 00:00:00-04:00,43.035695364857276,43.035695364857276,42.439508140263946,42.677982330322266,61100,0.0,0.0,0.0
2021-05-21 00:00:00-04:00,43.00817816073765,43.30168645814701,42.78804868712808,42.91645812988281,20600,0.0,0.0,0.0
2021-05-24 00:00:00-04:00,43.34754799942462,43.34754799942462,42.96231965760024,43.127418518066406,19600,0.0,0.0,0.0
2021-05-25 00:00:00-04:00,43.255822746645826,43.255822746645826,42.448673248291016,42.448673248291016,48700,0.0,0.0,0.0
2021-05-26 00:00:00-04:00,42.80639157218184,43.1457633972168,42.67798212439349,43.1457633972168,27600,0.0,0.0,0.0
2021-05-27 00:00:00-04:00,43.56767325691159,43.741942690337254,43.56767325691159,43.62270736694336,16800,0.0,0.0,0.0
2021-05-28 00:00:00-04:00,44.08131795629585,44.08131795629585,43.237479029901024,43.586021423339844,1338700,0.0,0.0,0.0
2021-06-01 00:00:00-04:00,44.127181315004606,44.127181315004606,43.842843617362384,44.053802490234375,61600,0.0,0.0,0.0
2021-06-02 00:00:00-04:00,44.37483744253629,44.37483744253629,43.43927825474608,43.521827697753906,34500,0.0,0.0,0.0
2021-06-03 00:00:00-04:00,43.52182061606103,43.69609007898978,43.035694642383994,43.61354064941406,26000,0.0,0.0,0.0
2021-06-04 00:00:00-04:00,44.017109741601686,44.017109741601686,43.20078618782194,43.62270736694336,24700,0.0,0.0,0.0
2021-06-07 00:00:00-04:00,43.58602354353386,43.677743573108216,43.237481133140584,43.356719970703125,25000,0.0,0.0,0.0
2021-06-08 00:00:00-04:00,43.57684804978979,43.83367042240813,43.01735028901975,43.69608688354492,31000,0.0,0.0,0.0
2021-06-09 00:00:00-04:00,43.84283399464725,43.84283399464725,43.19161281277009,43.28333282470703,50000,0.0,0.0,0.0
2021-06-10 00:00:00-04:00,43.54933277252915,43.54933277252915,42.81556206215819,43.16410446166992,221600,0.0,0.0,0.0
2021-06-11 00:00:00-04:00,42.934797311325475,43.35671499720057,42.934797311325475,43.21913146972656,33800,0.0,0.0,0.0
2021-06-14 00:00:00-04:00,43.182455785361704,43.28334643064923,42.34778731944769,42.494544982910156,20000,0.0,0.0,0.0
2021-06-15 00:00:00-04:00,42.79721717484992,42.85225128997899,42.30192063537247,42.65963363647461,24500,0.0,0.0,0.0
2021-06-16 00:00:00-04:00,42.72384689912767,42.72384689912767,41.99007260632916,42.26523971557617,80500,0.0,0.0,0.0
2021-06-17 00:00:00-04:00,42.411997138071094,42.411997138071094,40.65094359829017,41.146240234375,95000,0.0,0.0,0.0
2021-06-18 00:00:00-04:00,40.41246476088141,40.62342363754815,39.84378935536758,39.97220230102539,70500,0.0,0.0,0.0
2021-06-21 00:00:00-04:00,40.24238135739833,41.170555296099,40.24238135739833,41.09703826904297,54000,0.084,0.0,0.0
2021-06-22 00:00:00-04:00,40.97757461226422,41.262461455961606,40.69268776856683,41.1338005065918,43500,0.0,0.0,0.0
2021-06-23 00:00:00-04:00,41.16136587997068,41.446249172454635,41.12460561460118,41.188934326171875,45500,0.0,0.0,0.0
2021-06-24 00:00:00-04:00,41.35436390241242,41.758716420756535,41.17975785019282,41.657630920410156,15800,0.0,0.0,0.0
2021-06-25 00:00:00-04:00,41.84142214262891,42.273346588274464,41.84142214262891,42.080360412597656,19800,0.0,0.0,0.0
2021-06-28 00:00:00-04:00,41.96089112006888,41.96089112006888,41.29922022805829,41.39112091064453,20300,0.0,0.0,0.0
2021-06-29 00:00:00-04:00,41.46462015753441,41.82302390168909,41.25325393676758,41.25325393676758,29200,0.0,0.0,0.0
2021-06-30 00:00:00-04:00,41.24408408073231,41.68519684828019,41.24408408073231,41.66681671142578,30000,0.0,0.0,0.0
2021-07-01 00:00:00-04:00,42.06197104934168,42.21819691757643,41.78627607232918,42.07115936279297,51100,0.0,0.0,0.0
2021-07-02 00:00:00-04:00,41.92412530255169,41.92412530255169,41.76789942129489,41.89655685424805,52500,0.0,0.0,0.0
2021-07-06 00:00:00-04:00,41.823035622438965,41.823035622438965,40.43536882568091,40.959190368652344,222900,0.0,0.0,0.0
2021-07-07 00:00:00-04:00,40.68349641242559,41.10622898322637,40.50889039552583,41.01433181762695,388300,0.0,0.0,0.0
2021-07-08 00:00:00-04:00,40.02181924464195,40.61916124310814,39.52556621566864,40.26075744628906,73500,0.0,0.0,0.0
2021-07-09 00:00:00-04:00,40.84891399191737,41.43706426354629,40.81215372352752,41.308406829833984,21900,0.0,0.0,0.0
2021-07-12 00:00:00-04:00,41.1981292248282,41.7678993580373,40.940810853659485,41.67599868774414,31100,0.0,0.0,0.0
2021-07-13 00:00:00-04:00,41.547339132774695,41.57491108528034,40.88567186872209,41.02351760864258,36300,0.0,0.0,0.0
2021-07-14 00:00:00-04:00,41.17055540438688,41.61166808483919,40.73863454337322,40.80296325683594,25400,0.0,0.0,0.0
2021-07-15 00:00:00-04:00,40.46293990102504,40.904052623452834,40.26076542761165,40.65592956542969,87800,0.0,0.0,0.0
2021-07-16 00:00:00-04:00,40.793766791988745,40.876475629258294,39.838021007018746,39.86559295654297,45300,0.0,0.0,0.0
2021-07-19 00:00:00-04:00,39.056888079894286,39.41529190372314,38.670915809817636,38.9557991027832,62100,0.0,0.0,0.0
2021-07-20 00:00:00-04:00,39.17636381660652,40.47213359421724,38.97418582818489,40.2515754699707,20800,0.0,0.0,0.0
2021-07-21 00:00:00-04:00,40.591601709306715,41.34517330175772,40.591601709306715,41.00514602661133,26000,0.0,0.0,0.0
2021-07-22 00:00:00-04:00,40.94081942420949,40.94081942420949,40.4169977636641,40.52727508544922,23300,0.0,0.0,0.0
2021-07-23 00:00:00-04:00,40.88567585826637,40.96838471255,40.609977340219395,40.95000457763672,7800,0.0,0.0,0.0
2021-07-26 00:00:00-04:00,40.88567328100386,41.335974288211226,40.88567328100386,41.10622787475586,13700,0.0,0.0,0.0
2021-07-27 00:00:00-04:00,40.94080931334389,41.097038694138384,40.6283540574069,40.977569580078125,19000,0.0,0.0,0.0
2021-07-28 00:00:00-04:00,41.17973692789919,41.48300028616428,40.61915527446707,41.25325393676758,26000,0.0,0.0,0.0
2021-07-29 00:00:00-04:00,41.51057672620064,42.22738785830491,41.51057672620064,41.942501068115234,36400,0.0,0.0,0.0
2021-07-30 00:00:00-04:00,41.71276049130512,42.310102600416336,41.71276049130512,41.83222961425781,16600,0.0,0.0,0.0
2021-08-02 00:00:00-04:00,42.016020426626234,42.71444790145494,41.4921989440918,41.4921989440918,50500,0.0,0.0,0.0
2021-08-03 00:00:00-04:00,41.70357637671088,42.080360412597656,41.01433703016293,42.080360412597656,1389900,0.0,0.0,0.0
2021-08-04 00:00:00-04:00,41.66679806681186,41.960873113587546,41.25325393676758,41.25325393676758,30600,0.0,0.0,0.0
2021-08-05 00:00:00-04:00,41.72195286609118,41.93331915987724,41.56572347159138,41.78628158569336,43100,0.0,0.0,0.0
2021-08-06 00:00:00-04:00,42.11712189166177,42.45714566411154,42.11712189166177,42.23658752441406,53900,0.0,0.0,0.0
2021-08-09 00:00:00-04:00,42.14468279037004,42.34686075671604,41.87817610848705,42.089542388916016,12400,0.0,0.0,0.0
2021-08-10 00:00:00-04:00,42.10792338411362,42.65931338732503,42.01602621879576,42.58579635620117,17600,0.0,0.0,0.0
2021-08-11 00:00:00-04:00,42.677689093056905,43.29341125488281,42.457134516919105,43.29341125488281,50500,0.0,0.0,0.0
2021-08-12 00:00:00-04:00,43.37611668481755,43.44044538993447,42.93500406159383,43.1739387512207,28000,0.0,0.0,0.0
2021-08-13 00:00:00-04:00,43.302601891297186,43.302601891297186,42.90743779006111,42.99014663696289,21800,0.0,0.0,0.0
2021-08-16 00:00:00-04:00,42.71445599230299,43.02691127840718,42.402000706198805,42.9442024230957,14100,0.0,0.0,0.0
2021-08-17 00:00:00-04:00,42.53065191638167,42.53065191638167,41.77708401422111,42.11711120605469,14000,0.0,0.0,0.0
2021-08-18 00:00:00-04:00,42.089542507320225,42.503086755258565,41.795467376708984,41.795467376708984,18200,0.0,0.0,0.0
2021-08-19 00:00:00-04:00,41.3267929969618,41.66681676507455,41.0694745863214,41.29922103881836,18200,0.0,0.0,0.0
2021-08-20 00:00:00-04:00,41.584091279811254,41.97925530060189,41.43705374921366,41.95168685913086,14000,0.0,0.0,0.0
2021-08-23 00:00:00-04:00,42.3468693860791,42.383626155553266,42.071170828279755,42.29172897338867,8900,0.0,0.0,0.0
2021-08-24 00:00:00-04:00,42.49389870273407,43.05447701377676,42.49389870273407,42.85230255126953,21600,0.0,0.0,0.0
2021-08-25 00:00:00-04:00,43.23826833946763,43.56910369005552,43.17393963303683,43.30259704589844,21300,0.0,0.0,0.0
2021-08-26 00:00:00-04:00,43.34854759851141,43.34854759851141,42.787969346278864,42.82472610473633,18800,0.0,0.0,0.0
2021-08-27 00:00:00-04:00,42.92582115941089,43.86318699307958,42.92582115941089,43.77128982543945,10300,0.0,0.0,0.0
2021-08-30 00:00:00-04:00,43.899945965512664,43.899945965512664,43.39450454711914,43.39450454711914,26700,0.0,0.0,0.0
2021-08-31 00:00:00-04:00,43.192328850422115,43.39450683067964,43.054479590127926,43.238277435302734,12300,0.0,0.0,0.0
2021-09-01 00:00:00-04:00,43.43126236319496,43.43126236319496,42.73283477812548,43.08205032348633,21800,0.0,0.0,0.0
2021-09-02 00:00:00-04:00,43.35773525507711,43.40368382797674,42.98095134825788,43.16474914550781,15500,0.0,0.0,0.0
2021-09-03 00:00:00-04:00,43.275030289861455,43.275030289861455,42.85229777235543,43.01771545410156,9100,0.0,0.0,0.0
2021-09-07 00:00:00-04:00,43.04528975477273,43.13718692128758,42.53984832763672,42.53984832763672,23200,0.0,0.0,0.0
2021-09-08 00:00:00-04:00,42.42037171155584,42.42037171155584,41.90573855530555,42.09872817993164,21300,0.0,0.0,0.0
2021-09-09 00:00:00-04:00,42.08954146692641,42.4203768570993,41.924123771839966,42.1079216003418,17900,0.0,0.0,0.0
2021-09-10 00:00:00-04:00,42.46633338350302,42.46633338350302,41.66681671142578,41.66681671142578,9900,0.0,0.0,0.0
2021-09-13 00:00:00-04:00,42.01602247078157,42.098731314450504,41.82303283178617,42.07115936279297,14000,0.0,0.0,0.0
2021-09-14 00:00:00-04:00,42.18144204013853,42.18144204013853,41.29921316642335,41.34516525268555,103100,0.0,0.0,0.0
2021-09-15 00:00:00-04:00,41.39111392540187,42.1079216003418,41.39111392540187,42.1079216003418,55800,0.0,0.0,0.0
2021-09-16 00:00:00-04:00,42.1906280991398,42.319285520233144,41.868984546406445,42.0435905456543,16100,0.0,0.0,0.0
2021-09-17 00:00:00-04:00,41.988453523862844,41.988453523862844,41.584101095685405,41.795467376708984,17400,0.0,0.0,0.0
2021-09-20 00:00:00-04:00,40.73863496812202,40.73863496812202,40.049395740419406,40.683494567871094,61400,0.0,0.0,0.0
2021-09-21 00:00:00-04:00,41.05108105016222,41.05108105016222,40.223996194529455,40.573211669921875,12300,0.0,0.0,0.0
2021-09-22 00:00:00-04:00,40.96838445795818,41.5473429286935,40.96838445795818,41.17055892944336,12700,0.0,0.0,0.0
2021-09-23 00:00:00-04:00,41.43705970316406,42.264148122649075,41.43705970316406,41.942501068115234,22600,0.0,0.0,0.0
2021-09-24 00:00:00-04:00,41.81385161988073,42.21820408779635,41.81385161988073,41.97007751464844,34600,0.0,0.0,0.0
2021-09-27 00:00:00-04:00,42.20901243031982,43.054477570552095,42.20901243031982,42.80635452270508,51000,0.0,0.0,0.0
2021-09-28 00:00:00-04:00,42.815548347784954,42.815548347784954,42.052788454891974,42.080360412597656,101800,0.0,0.0,0.0
2021-09-29 00:00:00-04:00,42.32849015918984,42.32849015918984,41.91494581924642,42.052791595458984,21500,0.0,0.0,0.0
2021-09-30 00:00:00-04:00,42.13549758099869,42.13549758099869,41.05109405517578,41.05109405517578,18700,0.0,0.0,0.0
2021-10-01 00:00:00-04:00,41.17056115515509,41.997649737564664,40.89486612956939,41.7495231628418,34800,0.0,0.0,0.0
2021-10-04 00:00:00-04:00,41.731133933220015,42.1906267109501,41.611664829427724,41.8138427734375,27200,0.0,0.0,0.0
2021-10-05 00:00:00-04:00,41.98844729463366,42.26414575612581,41.81384130725332,41.878170013427734,93200,0.0,0.0,0.0
2021-10-06 00:00:00-04:00,41.49220399096896,41.64842987060547,40.904050223258345,41.64842987060547,25900,0.0,0.0,0.0
2021-10-07 00:00:00-04:00,42.365243238371,42.659318408786525,42.33767478666097,42.346866607666016,24400,0.0,0.0,0.0
2021-10-08 00:00:00-04:00,42.3192974269075,42.63175275418101,42.25496869826172,42.29172897338867,32700,0.0,0.0,0.0
2021-10-11 00:00:00-04:00,42.32847733925512,42.72364142155713,42.0435905456543,42.0435905456543,29000,0.0,0.0,0.0
2021-10-12 00:00:00-04:00,42.08953618846409,42.300902437755475,41.933310332503666,42.172245025634766,10100,0.0,0.0,0.0
2021-10-13 00:00:00-04:00,41.786275833271645,42.135487832852135,41.60247801443087,42.11711120605469,8700,0.0,0.0,0.0
2021-10-14 00:00:00-04:00,42.47551795375013,42.72364450044794,42.346860523385054,42.67769241333008,25100,0.0,0.0,0.0
2021-10-15 00:00:00-04:00,43.127995436746076,43.29341312883541,42.74201965332031,42.74201965332031,17900,0.0,0.0,0.0
2021-10-18 00:00:00-04:00,42.52146861781192,42.89825261332875,42.51227679767734,42.7879753112793,22500,0.0,0.0,0.0
2021-10-19 00:00:00-04:00,43.036101870129734,43.036101870129734,42.68688632371221,42.7879753112793,8000,0.0,0.0,0.0
2021-10-20 00:00:00-04:00,42.7971633685223,43.51397108601357,42.7971633685223,43.37612533569336,17000,0.0,0.0,0.0
2021-10-21 00:00:00-04:00,43.4772108177911,43.6518168230486,43.247464413459255,43.55072784423828,20900,0.0,0.0,0.0
2021-10-22 00:00:00-04:00,43.65181965952404,44.01941533260194,43.60587107680233,43.716148376464844,25800,0.0,0.0,0.0
2021-10-25 00:00:00-04:00,43.83561498705252,44.18483050592334,43.83561498705252,44.09292984008789,12200,0.0,0.0,0.0
2021-10-26 00:00:00-04:00,44.22159230106755,44.249164256783125,43.48640441894531,43.48640441894531,20800,0.0,0.0,0.0
2021-10-27 00:00:00-04:00,43.53234606725033,43.53234606725033,42.484703063964844,42.484703063964844,17800,0.0,0.0,0.0
2021-10-28 00:00:00-04:00,42.65931137546941,43.118804191692824,42.65931137546941,43.06366729736328,12100,0.0,0.0,0.0
2021-10-29 00:00:00-04:00,43.183137891292596,43.33017545729781,42.87987093947752,42.99934005737305,9900,0.0,0.0,0.0
2021-11-01 00:00:00-04:00,43.23827116929555,44.03778764844143,43.23827116929555,43.98265075683594,8800,0.0,0.0,0.0
2021-11-02 00:00:00-04:00,44.102125115094225,44.102125115094225,43.61506031213253,43.69776916503906,51200,0.0,0.0,0.0
2021-11-03 00:00:00-04:00,43.63344127082247,44.84650213259398,43.63344127082247,44.56161880493164,74400,0.0,0.0,0.0
2021-11-04 00:00:00-04:00,44.95677825824316,44.95677825824316,44.32267939437322,44.43295669555664,28300,0.0,0.0,0.0
2021-11-05 00:00:00-04:00,44.92002129873948,45.407082590353305,44.92002129873948,45.24166488647461,8700,0.0,0.0,0.0
2021-11-08 00:00:00-05:00,45.67358009972198,45.7287169861637,45.1865154003608,45.30598449707031,23900,0.0,0.0,0.0
2021-11-09 00:00:00-05:00,45.416264128056426,45.416264128056426,45.15894929626287,45.37031555175781,26900,0.0,0.0,0.0
2021-11-10 00:00:00-05:00,45.14977019161711,45.46222548208566,44.800554630351705,45.01192092895508,22400,0.0,0.0,0.0
2021-11-11 00:00:00-05:00,45.34274710710898,45.45302439135598,45.34274710710898,45.37031555175781,18900,0.0,0.0,0.0
2021-11-12 00:00:00-05:00,45.58168848170843,45.6276405703874,45.3519420609223,45.53573989868164,6600,0.0,0.0,0.0
2021-11-15 00:00:00-05:00,45.72872512433263,45.72872512433263,45.40708154400933,45.55411911010742,148000,0.0,0.0,0.0
2021-11-16 00:00:00-05:00,45.53574075620064,45.83900772006244,45.453031902933986,45.664398193359375,10600,0.0,0.0,0.0
2021-11-17 00:00:00-05:00,45.66439902317997,45.66439902317997,44.85569411615707,45.03030014038086,10000,0.0,0.0,0.0
2021-11-18 00:00:00-05:00,45.37951131331772,45.45302834065288,45.09462450647059,45.44384002685547,21600,0.0,0.0,0.0
2021-11-19 00:00:00-05:00,45.094627444168644,45.296805417402176,44.828120753206655,44.94758987426758,21800,0.0,0.0,0.0
2021-11-22 00:00:00-05:00,45.19571403577131,45.91252171284735,45.19571403577131,45.397891998291016,15600,0.0,0.0,0.0
2021-11-23 00:00:00-05:00,45.42545362959714,45.82061767578125,45.296796220263055,45.82061767578125,7100,0.0,0.0,0.0
2021-11-24 00:00:00-05:00,45.664392079999644,45.664392079999644,45.39788892684299,45.453025817871094,19800,0.0,0.0,0.0
2021-11-26 00:00:00-05:00,44.249160758822455,44.249160758822455,43.33017510240373,43.88156509399414,40200,0.0,0.0,0.0
2021-11-29 00:00:00-05:00,44.54323745329979,44.54323745329979,43.41288547687192,43.67020034790039,26000,0.0,0.0,0.0
2021-11-30 00:00:00-05:00,43.293412480472654,43.293412480472654,42.291718029222814,42.39280700683594,18900,0.0,0.0,0.0
2021-12-01 00:00:00-05:00,43.201508992322445,43.72533397895233,41.933311462402344,41.933311462402344,11000,0.0,0.0,0.0
2021-12-02 00:00:00-05:00,42.11710483296806,43.53233976089201,42.11710483296806,43.22907638549805,11700,0.0,0.0,0.0
2021-12-03 00:00:00-05:00,43.50477509925732,43.56910380585911,42.512269044855636,42.86148452758789,24400,0.0,0.0,0.0
2021-12-06 00:00:00-05:00,43.36693673780852,44.194025323791884,43.36693673780852,43.7896728515625,14200,0.0,0.0,0.0
2021-12-07 00:00:00-05:00,44.47890736665009,44.8740714810834,44.33186980120877,44.35024642944336,12100,0.0,0.0,0.0
2021-12-08 00:00:00-05:00,44.53404623895864,44.68108381092509,44.313491633835085,44.38700866699219,21400,0.0,0.0,0.0
2021-12-09 00:00:00-05:00,44.1388798971383,44.39619826443591,44.028602600097656,44.028602600097656,8600,0.0,0.0,0.0
2021-12-10 00:00:00-05:00,44.44215457579593,44.44215457579593,43.99184998394364,44.249168395996094,32100,0.0,0.0,0.0
2021-12-13 00:00:00-05:00,44.23996172924002,44.23996172924002,43.37611661502331,43.468013763427734,9700,0.0,0.0,0.0
2021-12-14 00:00:00-05:00,43.4128856047063,43.95508730286442,43.37612533569336,43.37612533569336,22000,0.0,0.0,0.0
2021-12-15 00:00:00-05:00,43.47721358146904,43.86318588256836,43.01772074359719,43.86318588256836,14900,0.0,0.0,0.0
2021-12-16 00:00:00-05:00,44.23996911842627,44.304297834184176,43.33936359216342,43.440452575683594,12200,0.0,0.0,0.0
2021-12-17 00:00:00-05:00,43.09123919366472,43.47721501312595,42.77878391339697,43.036102294921875,19800,0.0,0.0,0.0
2021-12-20 00:00:00-05:00,42.55871027080006,42.55871027080006,41.29367691388185,41.92157745361328,31700,0.223,0.0,0.0
2021-12-21 00:00:00-05:00,42.42943496978499,43.2050765640629,42.42943496978499,43.16814041137695,26500,0.0,0.0,0.0
2021-12-22 00:00:00-05:00,43.186616374678394,43.71294431808493,42.965002940515944,43.64830780029297,21000,0.0,0.0,0.0
2021-12-23 00:00:00-05:00,43.90684315239914,44.23002918488494,43.86067472559408,44.11922073364258,17000,0.0,0.0,0.0
2021-12-27 00:00:00-05:00,44.146935036925825,44.80253601074219,43.953021962654304,44.80253601074219,20000,0.0,0.0,0.0
2021-12-28 00:00:00-05:00,44.85794024945206,45.033381721727615,44.737899493460354,44.80253601074219,59600,0.0,0.0,0.0
2021-12-29 00:00:00-05:00,44.9595040358095,45.19958551912999,44.95027175833976,45.0703125,17800,0.0,0.0,0.0
2021-12-30 00:00:00-05:00,45.134950272159855,45.40272859538035,44.86716842651367,44.86716842651367,18900,0.0,0.0,0.0
2021-12-31 00:00:00-05:00,44.95950488166214,45.27345515792393,44.95950488166214,45.11648178100586,62400,0.0,0.0,0.0
2022-01-03 00:00:00-05:00,45.338089421951736,45.91058923539282,45.1903483299985,45.39349365234375,39700,0.0,0.0,0.0
2022-01-04 00:00:00-05:00,45.707441612584425,46.473850910185845,45.707441612584425,46.1599006652832,41200,0.0,0.0,0.0
2022-01-05 00:00:00-05:00,46.43691856004805,46.78780146298639,45.615108489990234,45.615108489990234,76700,0.0,0.0,0.0
2022-01-06 00:00:00-05:00,45.96598634443453,46.20606780157719,45.522763103277164,46.058326721191406,34200,0.0,0.0,0.0
2022-01-07 00:00:00-05:00,46.20607744818889,46.279946242591045,45.57817684485388,45.8459587097168,68200,0.0,0.0,0.0
2022-01-10 00:00:00-05:00,45.84595474471576,45.91059125513726,45.024141141994775,45.725914001464844,95600,0.0,0.0,0.0
2022-01-11 00:00:00-05:00,45.71668297954963,46.132205963134766,45.24575927977048,46.132205963134766,43200,0.0,0.0,0.0
2022-01-12 00:00:00-05:00,46.35381669659178,46.68623506410736,45.799784909923865,46.11373519897461,40000,0.0,0.0,0.0
2022-01-13 00:00:00-05:00,46.45538739568108,46.972479481051586,46.37228280732858,46.390750885009766,38600,0.0,0.0,0.0
2022-01-14 00:00:00-05:00,45.94752154316347,46.446149045905635,45.7997804522501,46.42768096923828,48100,0.0,0.0,0.0
2022-01-18 00:00:00-05:00,46.15991002889952,46.15991002889952,45.365800217622464,45.46737289428711,91600,0.0,0.0,0.0
2022-01-19 00:00:00-05:00,45.790554515310454,45.790554515310454,44.423948354534495,44.4516487121582,43900,0.0,0.0,0.0
2022-01-20 00:00:00-05:00,44.58092742661301,45.18112774941876,43.44516682773912,43.519039154052734,52200,0.0,0.0,0.0
2022-01-21 00:00:00-05:00,43.38051821887945,43.69446847340214,42.54947591391381,42.55870819091797,92000,0.0,0.0,0.0
2022-01-24 00:00:00-05:00,41.96774708011833,43.6390676187229,41.49681990070465,43.537498474121094,51600,0.0,0.0,0.0
2022-01-25 00:00:00-05:00,43.075804658432176,43.398987196671236,41.958508906751106,42.90959548950195,56200,0.0,0.0,0.0
2022-01-26 00:00:00-05:00,43.48209318289738,43.796043454061554,42.023146769126924,42.52177429199219,30000,0.0,0.0,0.0
2022-01-27 00:00:00-05:00,43.06657311028221,43.491328351734914,41.61686240005276,41.81077194213867,69500,0.0,0.0,0.0
2022-01-28 00:00:00-05:00,41.90310086364407,42.30015563964844,41.173627807968614,42.30015563964844,28900,0.0,0.0,0.0
2022-01-31 00:00:00-05:00,42.217055011778115,43.08503341674805,41.97697355518684,43.08503341674805,15800,0.0,0.0,0.0
2022-02-01 00:00:00-05:00,43.029627910274115,43.79603716187448,42.7341457589746,43.71293258666992,75900,0.0,0.0,0.0
2022-02-02 00:00:00-05:00,43.74064141873007,43.980722914727444,43.41745885384027,43.75910949707031,326100,0.0,0.0,0.0
2022-02-03 00:00:00-05:00,43.648300289829045,44.12845971253938,43.417454616742845,43.463623046875,34700,0.0,0.0,0.0
2022-02-04 00:00:00-05:00,43.278952275862046,43.79604792897484,42.82649666151106,43.48209762573242,32800,0.0,0.0,0.0
2022-02-07 00:00:00-05:00,43.66676254293522,43.82373588893554,43.334344254434576,43.435916900634766,153300,0.0,0.0,0.0
2022-02-08 00:00:00-05:00,43.62060393297285,44.74712852560201,43.62060393297285,44.67325973510742,36700,0.0,0.0,0.0
2022-02-09 00:00:00-05:00,45.01490855703548,45.38426306185833,45.01490855703548,45.24575424194336,36300,0.0,0.0,0.0
2022-02-10 00:00:00-05:00,45.005676679647266,45.79055060634202,44.562449860948924,44.75636291503906,39200,0.0,0.0,0.0
2022-02-11 00:00:00-05:00,44.67326590996653,44.85794319536822,43.62984224150929,43.85145568847656,50800,0.0,0.0,0.0
2022-02-14 00:00:00-05:00,43.86991331342758,44.29467205944849,43.44515808983236,43.7775764465332,35100,0.0,0.0,0.0
2022-02-15 00:00:00-05:00,44.20232509874017,45.2919168737517,44.15615667215666,45.218048095703125,25900,0.0,0.0,0.0
2022-02-16 00:00:00-05:00,45.04261382413117,45.65204635785207,45.00568118756172,45.53200912475586,176900,0.0,0.0,0.0
2022-02-17 00:00:00-05:00,45.291911241070885,45.291911241070885,44.266956095228764,44.39623260498047,53300,0.0,0.0,0.0
2022-02-18 00:00:00-05:00,44.368539309192435,44.72865800898279,44.128461350140725,44.28543472290039,30200,0.0,0.0,0.0
2022-02-22 00:00:00-05:00,44.14693123904979,44.44241344189729,43.260481108081606,43.472862243652344,66900,0.0,0.0,0.0
2022-02-23 00:00:00-05:00,43.92531895562363,43.92531895562363,42.56794512970859,42.604881286621094,20100,0.0,0.0,0.0
2022-02-24 00:00:00-05:00,41.18287081439478,42.82649456743781,41.00742935326539,42.78955841064453,50000,0.0,0.0,0.0
2022-02-25 00:00:00-05:00,43.08504036314339,44.488582611083984,43.08504036314339,44.488582611083984,87300,0.0,0.0,0.0
2022-02-28 00:00:00-05:00,43.888380169922115,44.645553729146805,43.888380169922115,44.525516510009766,219600,0.0,0.0,0.0
2022-03-01 00:00:00-05:00,44.405475823627256,44.599385352405506,42.98346556773556,43.25124740600586,537700,0.0,0.0,0.0
2022-03-02 00:00:00-05:00,43.6390702772478,45.0980168153851,43.6390702772478,44.88563919067383,63100,0.0,0.0,0.0
2022-03-03 00:00:00-05:00,45.116480613172044,45.116480613172044,44.15616173153188,44.590152740478516,70300,0.0,0.0,0.0
2022-03-04 00:00:00-05:00,44.02689049338497,44.02689049338497,43.057339295140025,43.472862243652344,29200,0.0,0.0,0.0
2022-03-07 00:00:00-05:00,43.491327767447615,43.491327767447615,41.39525194509168,41.45988845825195,29100,0.0,0.0,0.0
2022-03-08 00:00:00-05:00,41.57069623009453,42.48484327684581,41.12747288584755,41.53376007080078,46700,0.0,0.0,0.0
2022-03-09 00:00:00-05:00,42.632580664289655,43.232780871847446,42.632580664289655,42.98346710205078,43900,0.0,0.0,0.0
2022-03-10 00:00:00-05:00,42.5771846982025,43.23278569050352,42.47561201891691,43.149681091308594,21500,0.0,0.0,0.0
2022-03-11 00:00:00-05:00,43.352819917721554,43.57442980056636,43.13120651245117,43.13120651245117,18200,0.0,0.0,0.0
2022-03-14 00:00:00-04:00,43.57442508394729,43.74063423930273,42.89112390964176,43.08503341674805,14600,0.0,0.0,0.0
2022-03-15 00:00:00-04:00,43.149676722997285,43.59290003302459,43.057339854317924,43.58366775512695,28300,0.0,0.0,0.0
2022-03-16 00:00:00-04:00,44.23002864517289,44.97796630859375,44.036115619077535,44.97796630859375,29400,0.0,0.0,0.0
2022-03-17 00:00:00-04:00,44.69173284026345,45.27346151902808,44.59016015978596,45.2549934387207,53500,0.0,0.0,0.0
2022-03-18 00:00:00-04:00,45.09801708691088,45.43966774416203,44.60862531930037,45.36579895019531,52900,0.0,0.0,0.0
2022-03-21 00:00:00-04:00,45.63823391212054,45.94403494272159,45.05443419411995,45.34170150756836,43300,0.174,0.0,0.0
2022-03-22 00:00:00-04:00,45.730900178384715,46.06450002610868,45.350967804020236,45.58263397216797,37200,0.0,0.0,0.0
2022-03-23 00:00:00-04:00,45.48996339834095,45.49922848856659,44.693031311035156,44.693031311035156,58800,0.0,0.0,0.0
2022-03-24 00:00:00-04:00,45.07296871487064,45.35096740722656,44.841302548749844,45.35096740722656,35000,0.0,0.0,0.0
2022-03-25 00:00:00-04:00,45.5270348634022,45.80503354908742,45.25830126876362,45.7957649230957,75100,0.0,0.0,0.0
2022-03-28 00:00:00-04:00,45.610426291008224,45.62896000457979,44.980294169352824,45.443626403808594,130500,0.0,0.0,0.0
2022-03-29 00:00:00-04:00,45.88843990803767,46.13863982053158,45.638239995543756,46.008907318115234,25200,0.0,0.0,0.0
2022-03-30 00:00:00-04:00,46.11084106966328,46.11084106966328,45.063712341385894,45.286109924316406,30500,0.0,0.0,0.0
2022-03-31 00:00:00-04:00,45.33242583644475,45.45289321174268,44.655961172754836,44.66522979736328,31300,0.0,0.0,0.0
2022-04-01 00:00:00-04:00,45.11930039953275,45.11930039953275,44.1370381358668,44.5077018737793,48200,0.0,0.0,0.0
2022-04-04 00:00:00-04:00,44.609636240752906,44.609636240752906,44.02583651420057,44.28530502319336,18400,0.0,0.0,0.0
2022-04-05 00:00:00-04:00,44.16483374379781,44.248233697400124,43.39570398052741,43.41423416137695,26200,0.0,0.0,0.0
2022-04-06 00:00:00-04:00,43.23817011197823,43.23817011197823,42.62657161713024,42.700706481933594,27600,0.0,0.0,0.0
2022-04-07 00:00:00-04:00,42.64511067443708,42.64511067443708,41.93157841859028,42.45051193237305,76800,0.0,0.0,0.0
2022-04-08 00:00:00-04:00,42.40417286570513,42.83970638276842,42.25590666297328,42.459774017333984,21900,0.0,0.0,0.0
2022-04-11 00:00:00-04:00,42.40417586859511,43.18257437179659,42.29297709240786,42.45051193237305,71200,0.0,0.0,0.0
2022-04-12 00:00:00-04:00,42.94164312490943,43.293776707135535,42.302245742793545,42.41344451904297,76200,0.0,0.0,0.0
2022-04-13 00:00:00-04:00,42.37637933864488,43.09917672517527,42.37637933864488,43.0435791015625,62400,0.0,0.0,0.0
2022-04-14 00:00:00-04:00,43.22889969940866,43.395699589736424,42.86749758040217,42.876766204833984,43900,0.0,0.0,0.0
2022-04-18 00:00:00-04:00,42.830437954282,43.210370290112046,42.71923565968918,43.0343017578125,92900,0.0,0.0,0.0
2022-04-19 00:00:00-04:00,43.238181588412054,44.15558134165604,43.210382774204795,44.14631271362305,28800,0.0,0.0,0.0
2022-04-20 00:00:00-04:00,44.47064019389245,44.720836550371274,44.3779716035806,44.45210647583008,23400,0.0,0.0,0.0
2022-04-21 00:00:00-04:00,44.785700451046814,44.971030537447575,43.460569830601514,43.636634826660156,36400,0.0,0.0,0.0
2022-04-22 00:00:00-04:00,43.59030915817902,43.59030915817902,42.320775950084354,42.37637710571289,26000,0.0,0.0,0.0
2022-04-25 00:00:00-04:00,42.07057884815057,42.719241311029585,41.36631169567435,42.672908782958984,28600,0.0,0.0,0.0
2022-04-26 00:00:00-04:00,42.36711273530671,42.36711273530671,41.35704803466797,41.35704803466797,68800,0.0,0.0,0.0
2022-04-27 00:00:00-04:00,41.4960395162418,41.93157300794872,41.36630703827248,41.523841857910156,35100,0.0,0.0,0.0
2022-04-28 00:00:00-04:00,41.922313326801905,42.617311864126606,41.31997984714235,42.45051193237305,21900,0.0,0.0,0.0
2022-04-29 00:00:00-04:00,42.37636693115836,42.747034143127436,41.292171168807265,41.366302490234375,58500,0.0,0.0,0.0
2022-05-02 00:00:00-04:00,41.440443137955505,41.72770690917969,40.91224458479715,41.72770690917969,28100,0.0,0.0,0.0
2022-05-03 00:00:00-04:00,41.699905903574454,42.48756937888626,41.62577104075014,42.274436950683594,88900,0.0,0.0,0.0
2022-05-04 00:00:00-04:00,42.42271338502424,43.55324557146619,41.92231707991079,43.516178131103516,26800,0.0,0.0,0.0
2022-05-05 00:00:00-04:00,43.080643900380565,43.080643900380565,41.699911927838414,42.107643127441406,35100,0.0,0.0,0.0
2022-05-06 00:00:00-04:00,41.82964399347758,41.996443922277464,41.14391409502942,41.533111572265625,30300,0.0,0.0,0.0
2022-05-09 00:00:00-04:00,41.01417105443443,41.292173244860656,40.309907558218235,40.476707458496094,42000,0.0,0.0,0.0
2022-05-10 00:00:00-04:00,41.01417648113246,41.01417648113246,39.503715623683206,40.18944549560547,45500,0.0,0.0,0.0
2022-05-11 00:00:00-04:00,40.54157813786161,40.967843025324306,39.41104614203481,39.45738220214844,32700,0.0,0.0,0.0
2022-05-12 00:00:00-04:00,39.1515827549558,39.86511498320404,38.77165037731143,39.51298141479492,38200,0.0,0.0,0.0
2022-05-13 00:00:00-04:00,40.04117856628719,40.91224559721937,40.04117856628719,40.48597717285156,38200,0.0,0.0,0.0
2022-05-16 00:00:00-04:00,40.291375313647634,40.56937397927487,39.96704412624,40.26357650756836,11800,0.0,0.0,0.0
2022-05-17 00:00:00-04:00,40.97710896168571,41.709171295166016,40.97710896168571,41.709171295166016,20900,0.0,0.0,0.0
2022-05-18 00:00:00-04:00,41.218041449404836,41.218041449404836,39.828044533703455,39.97631072998047,21300,0.0,0.0,0.0
2022-05-19 00:00:00-04:00,39.90218466891371,40.32844959763581,39.448117394443365,39.837318420410156,46600,0.0,0.0,0.0
2022-05-20 00:00:00-04:00,40.17091086662313,40.27284454296097,38.53998265005299,39.45738220214844,36500,0.0,0.0,0.0
2022-05-23 00:00:00-04:00,39.96704368819047,40.4118422553079,39.78171006815535,40.06897735595703,32900,0.0,0.0,0.0
2022-05-24 00:00:00-04:00,39.55931394183541,39.55931394183541,38.79018409511667,39.51298141479492,58300,0.0,0.0,0.0
2022-05-25 00:00:00-04:00,39.88364946153067,40.578647985226254,39.73538325120676,40.430381774902344,14500,0.0,0.0,0.0
2022-05-26 00:00:00-04:00,40.708374161445796,41.62577009081969,40.708374161445796,41.505306243896484,18700,0.0,0.0,0.0
2022-05-27 00:00:00-04:00,41.75550890539855,42.330039978027344,41.7462402796614,42.330039978027344,23900,0.0,0.0,0.0
2022-05-31 00:00:00-04:00,41.82963904303669,42.30223996368691,41.597972895447924,42.052040100097656,37400,0.0,0.0,0.0
2022-06-01 00:00:00-04:00,42.079838880754814,42.079838880754814,41.01417318852371,41.59797286987305,22800,0.0,0.0,0.0
2022-06-02 00:00:00-04:00,41.6443062355803,42.51537322998047,41.6443062355803,42.51537322998047,474000,0.0,0.0,0.0
2022-06-03 00:00:00-04:00,42.29297135700866,42.29297135700866,41.90377392566012,42.01497268676758,136500,0.0,0.0,0.0
2022-06-06 00:00:00-04:00,42.330044553119556,42.66364441681319,42.2559096789897,42.41344451904297,12000,0.0,0.0,0.0
2022-06-07 00:00:00-04:00,42.14470870595667,42.88603973388672,42.14470870595667,42.88603973388672,10000,0.0,0.0,0.0
2022-06-08 00:00:00-04:00,42.50610460709569,42.561705756192396,41.84817358337031,42.02423858642578,83700,0.0,0.0,0.0
2022-06-09 00:00:00-04:00,41.76477888159295,41.82964512956074,41.088314056396484,41.088314056396484,15300,0.0,0.0,0.0
2022-06-10 00:00:00-04:00,40.40257713279401,40.56011196071204,39.726112365722656,39.726112365722656,32900,0.0,0.0,0.0
2022-06-13 00:00:00-04:00,38.651186347286,38.651186347286,37.65039024320577,37.79865646362305,28700,0.0,0.0,0.0
2022-06-14 00:00:00-04:00,37.96545526220273,38.2805214129866,37.54845542514386,37.863521575927734,24500,0.0,0.0,0.0
2022-06-15 00:00:00-04:00,38.354650856157996,38.65118327340972,37.62258490452924,38.224918365478516,14800,0.0,0.0,0.0
2022-06-16 00:00:00-04:00,37.38165512757702,37.38165512757702,35.769256951577546,36.03799057006836,29400,0.0,0.0,0.0
2022-06-17 00:00:00-04:00,36.278926140964394,36.649589917590845,35.93605764052946,36.50132369995117,28600,0.0,0.0,0.0
2022-06-21 00:00:00-04:00,37.00559908026807,37.31320044187828,36.8005291353297,36.92170715332031,17100,0.231,0.0,0.0
2022-06-22 00:00:00-04:00,36.30650973512629,36.921716164288924,36.073476942931386,36.55818557739258,23900,0.0,0.0,0.0
2022-06-23 00:00:00-04:00,36.60478386335435,36.60478386335435,35.896362330170895,36.33446502685547,19300,0.0,0.0,0.0
2022-06-24 00:00:00-04:00,36.707322206988984,37.79791384244315,36.707322206988984,37.76062774658203,13500,0.0,0.0,0.0
2022-06-27 00:00:00-04:00,38.04026999043509,38.170767770428014,37.630130046688386,37.87248611450195,19600,0.0,0.0,0.0
2022-06-28 00:00:00-04:00,38.17077123236857,38.487695965008584,37.313208726955196,37.3411750793457,42000,0.0,0.0,0.0
2022-06-29 00:00:00-04:00,37.33185227161368,37.33185227161368,36.6980027979292,36.99628448486328,17100,0.0,0.0,0.0
2022-06-30 00:00:00-04:00,36.55817078943496,36.96830705770852,36.08278209440738,36.65138244628906,29600,0.0,0.0,0.0
2022-07-01 00:00:00-04:00,36.47429393582061,36.93103622110557,35.95229919683954,36.8751106262207,744000,0.0,0.0,0.0
2022-07-05 00:00:00-04:00,36.2132944847694,36.55818557739258,35.64469745868433,36.55818557739258,79300,0.0,0.0,0.0
2022-07-06 00:00:00-04:00,36.51157139291443,36.51157139291443,35.80315336196455,36.2598991394043,12900,0.0,0.0,0.0
2022-07-07 00:00:00-04:00,36.940357023478505,37.229315392951605,36.940357023478505,37.05221176147461,14700,0.0,0.0,0.0
2022-07-08 00:00:00-04:00,37.08017705765324,37.21067485341559,36.69800341757852,36.97764205932617,20800,0.0,0.0,0.0
2022-07-11 00:00:00-04:00,36.679353307735596,36.91238605697355,36.64207077026367,36.64207077026367,5400,0.0,0.0,0.0
2022-07-12 00:00:00-04:00,36.492941146233285,37.30389436669664,36.492941146233285,36.753936767578125,9400,0.0,0.0,0.0
2022-07-13 00:00:00-04:00,36.25058039569422,36.7725751275735,36.25058039569422,36.670040130615234,16500,0.0,0.0,0.0
2022-07-14 00:00:00-04:00,35.96162182334792,36.14804521052153,35.68197963099114,36.12940216064453,15500,0.0,0.0,0.0
2022-07-15 00:00:00-04:00,36.57682216241139,36.85646075245876,36.269217224300974,36.847137451171875,15900,0.0,0.0,0.0
2022-07-18 00:00:00-04:00,37.275926493616566,37.51827902962943,36.884429559074945,37.00560760498047,14200,0.0,0.0,0.0
2022-07-19 00:00:00-04:00,37.546228263824815,38.32921829427445,37.546228263824815,38.26396942138672,13000,0.0,0.0,0.0
2022-07-20 00:00:00-04:00,38.02162935944894,38.67412185668945,38.02162935944894,38.67412185668945,10600,0.0,0.0,0.0
2022-07-21 00:00:00-04:00,38.497010960058184,38.8978275887986,38.291944550696314,38.88850784301758,13600,0.0,0.0,0.0
2022-07-22 00:00:00-04:00,39.046971467377844,39.17746925331011,38.44108838186407,38.58090591430664,4400,0.0,0.0,0.0
2022-07-25 00:00:00-04:00,38.74869268263906,38.981725476523486,38.57158903937426,38.93511962890625,5000,0.0,0.0,0.0
2022-07-26 00:00:00-04:00,38.683437436234875,38.74868632335025,38.32922665203878,38.45972442626953,8700,0.0,0.0,0.0
2022-07-27 00:00:00-04:00,38.720727475227044,39.326610568137085,38.52498079393909,39.22407913208008,8800,0.0,0.0,0.0
2022-07-28 00:00:00-04:00,39.29865044498037,39.79267883300781,39.158829345524396,39.79267883300781,9800,0.0,0.0,0.0
2022-07-29 00:00:00-04:00,39.96978478494328,40.575667900136445,39.96978478494328,40.48245620727539,77200,0.0,0.0,0.0
2022-08-01 00:00:00-04:00,40.21213397026952,40.77141474824332,40.21213397026952,40.57566452026367,40800,0.0,0.0,0.0
2022-08-02 00:00:00-04:00,40.370596154962605,40.398558947983496,39.969779527940574,39.97909927368164,61800,0.0,0.0,0.0
2022-08-03 00:00:00-04:00,40.22145551368984,40.52905690569826,40.0257052942688,40.40787887573242,9700,0.0,0.0,0.0
2022-08-04 00:00:00-04:00,40.5197353626075,40.5197353626075,40.09095240385478,40.1375617980957,32100,0.0,0.0,0.0
2022-08-05 00:00:00-04:00,39.839284209299805,40.454490584277394,39.75539226926659,40.34263229370117,32000,0.0,0.0,0.0
2022-08-08 00:00:00-04:00,40.64091941939664,41.09766527781125,40.6222799242599,40.734134674072266,14000,0.0,0.0,0.0
2022-08-09 00:00:00-04:00,40.53838322632219,40.53838322632219,40.25874105083692,40.435848236083984,16800,0.0,0.0,0.0
2022-08-10 00:00:00-04:00,41.079017348143466,41.61965509365833,41.079017348143466,41.41458511352539,19000,0.0,0.0,0.0
2022-08-11 00:00:00-04:00,41.871328134802866,42.13232726591659,41.778116445275266,41.82472229003906,15400,0.0,0.0,0.0
2022-08-12 00:00:00-04:00,41.91793651403721,42.50517654418945,41.91793651403721,42.50517654418945,11000,0.0,0.0,0.0
2022-08-15 00:00:00-04:00,42.14164264018177,42.53313951833393,42.12299959305094,42.495853424072266,8700,0.0,0.0,0.0
2022-08-16 00:00:00-04:00,42.49585264324895,43.306805621652494,42.49585264324895,43.064453125,10400,0.0,0.0,0.0
2022-08-17 00:00:00-04:00,42.533144146647274,42.533144146647274,42.28146831669101,42.365360260009766,4600,0.0,0.0,0.0
2022-08-18 00:00:00-04:00,42.49585855329798,42.738211083655294,42.365360763428804,42.6729621887207,12500,0.0,0.0,0.0
2022-08-19 00:00:00-04:00,42.30011078091532,42.30011078091532,41.880651070121935,41.945899963378906,5900,0.0,0.0,0.0
2022-08-22 00:00:00-04:00,41.38661724485097,41.38661724485097,40.929871496673016,41.013763427734375,16400,0.0,0.0,0.0
2022-08-23 00:00:00-04:00,41.08833376595934,41.57303872829985,41.08833376595934,41.17222213745117,15100,0.0,0.0,0.0
2022-08-24 00:00:00-04:00,40.957844711214534,41.20020082075339,40.957844711214534,41.153594970703125,7700,0.0,0.0,0.0
2022-08-25 00:00:00-04:00,41.34001375104145,42.03911209106445,41.34001375104145,42.03911209106445,10100,0.0,0.0,0.0
2022-08-26 00:00:00-04:00,42.17893674798062,42.17893674798062,40.967166900634766,40.967166900634766,24900,0.0,0.0,0.0
2022-08-29 00:00:00-04:00,40.715479469077465,40.92986915713593,40.43584090012283,40.640907287597656,21100,0.0,0.0,0.0
2022-08-30 00:00:00-04:00,40.584978565258,40.584978565258,39.93248625101392,39.96977233886719,29800,0.0,0.0,0.0
2022-08-31 00:00:00-04:00,40.09095426963085,40.09095426963085,39.61556900610854,39.643531799316406,15200,0.0,0.0,0.0
2022-09-01 00:00:00-04:00,39.23339266978158,39.2520357158774,38.77664692992779,39.17746353149414,11000,0.0,0.0,0.0
2022-09-02 00:00:00-04:00,39.718104163807716,39.718104163807716,38.91647090087405,38.99104309082031,16600,0.0,0.0,0.0
2022-09-06 00:00:00-04:00,39.20542722222096,39.20542722222096,38.51564878660078,38.59954071044922,8300,0.0,0.0,0.0
2022-09-07 00:00:00-04:00,38.450406416468255,39.57828415129318,38.450406416468255,39.50371551513672,13700,0.0,0.0,0.0
2022-09-08 00:00:00-04:00,39.22407437445799,40.00706100463867,39.22407437445799,40.00706100463867,11000,0.0,0.0,0.0
2022-09-09 00:00:00-04:00,40.39856166914058,40.8925900100407,40.39856166914058,40.883270263671875,9300,0.0,0.0,0.0
2022-09-12 00:00:00-04:00,41.19086686531374,41.37729377310325,40.92055158260633,41.12561798095703,11200,0.0,0.0,0.0
2022-09-13 00:00:00-04:00,39.913850562313314,40.04434833805053,39.429141998291016,39.429141998291016,6300,0.0,0.0,0.0
2022-09-14 00:00:00-04:00,39.46643499875886,39.46643499875886,38.66480160090781,39.019012451171875,4400,0.0,0.0,0.0
2022-09-15 00:00:00-04:00,38.91647196479665,39.46642943539335,38.91647196479665,39.06561279296875,5000,0.0,0.0,0.0
2022-09-16 00:00:00-04:00,38.562269625840464,38.618198782101224,38.18941925149788,38.49702072143555,38800,0.0,0.0,0.0
2022-09-19 00:00:00-04:00,38.18606023292411,39.20697784423828,38.18606023292411,39.20697784423828,11500,0.198,0.0,0.0
2022-09-20 00:00:00-04:00,38.84169055427341,38.84169055427341,38.24225343066807,38.52323913574219,9500,0.0,0.0,0.0
2022-09-21 00:00:00-04:00,38.71992243076755,39.21633054753171,38.092384338378906,38.092384338378906,10700,0.0,0.0,0.0
2022-09-22 00:00:00-04:00,38.02683206463545,38.02683206463545,37.38992914885572,37.42739486694336,5500,0.0,0.0,0.0
2022-09-23 00:00:00-04:00,36.80922369556106,36.80922369556106,36.022461504182814,36.49077224731445,21000,0.0,0.0,0.0
2022-09-26 00:00:00-04:00,36.1910499598813,36.55633173053451,35.900699615478516,35.900699615478516,10900,0.0,0.0,0.0
2022-09-27 00:00:00-04:00,36.52823578211778,36.52823578211778,35.67591042345212,36.12548828125,12000,0.0,0.0,0.0
2022-09-28 00:00:00-04:00,36.25661388391161,37.34309457540528,36.25661388391161,37.221336364746094,5700,0.0,0.0,0.0
2022-09-29 00:00:00-04:00,36.65000588708035,36.65000588708035,36.08803075758379,36.397117614746094,6000,0.0,0.0,0.0
2022-09-30 00:00:00-04:00,36.256611559203414,36.968445785221924,36.200416564941406,36.200416564941406,9400,0.0,0.0,0.0
2022-10-03 00:00:00-04:00,36.63126912339389,37.58662352613549,36.63126912339389,37.38056564331055,10500,0.0,0.0,0.0
2022-10-04 00:00:00-04:00,38.05493275509335,38.991554260253906,38.05493275509335,38.991554260253906,23100,0.0,0.0,0.0
2022-10-05 00:00:00-04:00,38.42957593439126,38.94472057661676,38.23288629259272,38.73866271972656,205600,0.0,0.0,0.0
2022-10-06 00:00:00-04:00,38.738667050431765,38.738667050431765,38.30782200415704,38.48577880859375,22400,0.0,0.0,0.0
2022-10-07 00:00:00-04:00,38.09239317597193,38.09239317597193,37.57725208603226,37.71774673461914,4300,0.0,0.0,0.0
2022-10-10 00:00:00-04:00,37.85824001985682,37.99873467664361,37.5772542792108,37.8863410949707,8100,0.0,0.0,0.0
2022-10-11 00:00:00-04:00,37.642816840560556,38.26098688833014,37.57725362132193,37.81140899658203,19800,0.0,0.0,0.0
2022-10-12 00:00:00-04:00,37.802040572226865,37.961264496470974,37.605350934186326,37.614715576171875,19400,0.0,0.0,0.0
2022-10-13 00:00:00-04:00,36.902884087060116,38.88852042762342,36.88415123056375,38.776126861572266,11900,0.0,0.0,0.0
2022-10-14 00:00:00-04:00,39.05711799176876,39.05711799176876,37.8863410949707,37.8863410949707,7200,0.0,0.0,0.0
2022-10-17 00:00:00-04:00,38.50451424747848,38.97282504382743,38.50451424747848,38.794864654541016,18700,0.0,0.0,0.0
2022-10-18 00:00:00-04:00,39.544159389574915,39.99373726395472,39.20697509055823,39.48796081542969,7600,0.0,0.0,0.0
2022-10-19 00:00:00-04:00,39.206974082000706,39.37556622717219,38.55133835888127,38.94472122192383,44300,0.0,0.0,0.0
2022-10-20 00:00:00-04:00,38.95408504648976,39.338099686223906,38.28908469501087,38.345279693603516,38500,0.0,0.0,0.0
2022-10-21 00:00:00-04:00,38.39211326871802,39.338099323212084,38.39211326871802,39.25380325317383,17900,0.0,0.0,0.0
2022-10-24 00:00:00-04:00,39.450490140525716,39.80640725285311,39.33809657929013,39.731475830078125,14800,0.0,0.0,0.0
2022-10-25 00:00:00-04:00,39.59098867119856,40.527610110575125,39.59098867119856,40.45267868041992,14300,0.0,0.0,0.0
2022-10-26 00:00:00-04:00,40.565068174406655,41.08020915431416,40.51823425292969,40.51823425292969,132800,0.0,0.0,0.0
2022-10-27 00:00:00-04:00,40.892888717454,41.1083112029924,40.593170166015625,40.593170166015625,17300,0.0,0.0,0.0
2022-10-28 00:00:00-04:00,40.705564306877825,41.426763198044455,40.705564306877825,41.38929748535156,18500,0.0,0.0,0.0
2022-10-31 00:00:00-04:00,41.16450880682232,41.5110577038801,41.16450880682232,41.29563522338867,21400,0.0,0.0,0.0
2022-11-01 00:00:00-04:00,41.67029014165154,41.67965478412176,41.17387834047481,41.445499420166016,22700,0.0,0.0,0.0
2022-11-02 00:00:00-04:00,40.95845287225458,41.39866606799171,40.2091564763711,40.21852111816406,7800,0.0,0.0,0.0
2022-11-03 00:00:00-04:00,39.82514298279533,40.340284046307836,39.384929774538584,40.10612869262695,18800,0.0,0.0,0.0
2022-11-04 00:00:00-04:00,40.79923175996759,41.23944141308239,40.349653891487854,40.98655319213867,53700,0.0,0.0,0.0
2022-11-07 00:00:00-05:00,41.239440904835725,41.31437233512252,40.82732875704012,41.30500411987305,6300,0.0,0.0,0.0
2022-11-08 00:00:00-05:00,41.52041781547655,41.8669666449055,41.00527331817193,41.417388916015625,13500,0.0,0.0,0.0
2022-11-09 00:00:00-05:00,41.098946569441985,41.46422833077091,40.48077661036374,40.52760696411133,8800,0.0,0.0,0.0
2022-11-10 00:00:00-05:00,42.00746553412225,42.8597908078517,42.00746553412225,42.794227600097656,12100,0.0,0.0,0.0
2022-11-11 00:00:00-05:00,43.1033222126056,43.44987117003088,43.05649185180664,43.05649185180664,9800,0.0,0.0,0.0
2022-11-14 00:00:00-05:00,42.86916082909086,43.3655690152753,42.80359761857318,42.822330474853516,21200,0.0,0.0,0.0
2022-11-15 00:00:00-05:00,43.47796320430699,43.77768533616894,43.28127356992979,43.29064178466797,50600,0.0,0.0,0.0
2022-11-16 00:00:00-05:00,43.2063455684776,43.2063455684776,42.55070988320846,42.635005950927734,19400,0.0,0.0,0.0
2022-11-17 00:00:00-05:00,42.03557192466358,42.681839442726336,42.03557192466358,42.625640869140625,7700,0.0,0.0,0.0
2022-11-18 00:00:00-05:00,43.159517418786805,43.281275632769905,42.56944491460454,43.00028991699219,16000,0.0,0.0,0.0
2022-11-21 00:00:00-05:00,42.962818823752436,43.056483099237674,42.68183314315027,43.037750244140625,45100,0.0,0.0,0.0
2022-11-22 00:00:00-05:00,43.24381260181952,44.03994301435011,43.24381260181952,44.030574798583984,10200,0.0,0.0,0.0
2022-11-23 00:00:00-05:00,43.95564496883228,44.05867390008151,43.60909603247994,43.86198425292969,19200,0.0,0.0,0.0
2022-11-25 00:00:00-05:00,43.80578943123233,44.20853697537457,43.80578943123233,44.058677673339844,3200,0.0,0.0,0.0
2022-11-28 00:00:00-05:00,43.67465143134462,43.908806752119474,43.196972576125006,43.20634078979492,12100,0.0,0.0,0.0
2022-11-29 00:00:00-05:00,43.60909541922165,43.60909541922165,43.40303755962092,43.52479934692383,7300,0.0,0.0,0.0
2022-11-30 00:00:00-05:00,43.51543545122436,44.12424087524414,42.92536645949422,44.12424087524414,11500,0.0,0.0,0.0
2022-12-01 00:00:00-05:00,44.29283191291324,44.349026916646174,43.861986877299145,44.105506896972656,19900,0.0,0.0,0.0
2022-12-02 00:00:00-05:00,43.65593167144396,44.30219926437567,43.65593167144396,44.08677673339844,59100,0.0,0.0,0.0
2022-12-05 00:00:00-05:00,43.918175063064666,43.918175063064666,42.65373765438325,42.87852478027344,42700,0.0,0.0,0.0
2022-12-06 00:00:00-05:00,42.60691495884177,42.92536642186211,42.24162956099359,42.61627960205078,33300,0.0,0.0,0.0
2022-12-07 00:00:00-05:00,42.672472786176954,42.87852706707779,42.49451243135202,42.65373992919922,15700,0.0,0.0,0.0
2022-12-08 00:00:00-05:00,42.841064231336894,43.15951564894013,42.6443710227238,42.70993423461914,10800,0.0,0.0,0.0
2022-12-09 00:00:00-05:00,42.522616755685966,42.6818406927845,42.119869232177734,42.119869232177734,13200,0.0,0.0,0.0
2022-12-12 00:00:00-05:00,42.110500470926915,42.68184013980041,41.94190832034368,42.5694465637207,13600,0.0,0.0,0.0
2022-12-13 00:00:00-05:00,43.8713491492166,43.8713491492166,42.49451446533203,42.49451446533203,16500,0.0,0.0,0.0
2022-12-14 00:00:00-05:00,42.57881213441617,42.812967507226986,42.15733174877121,42.39148712158203,14100,0.0,0.0,0.0
2022-12-15 00:00:00-05:00,41.68901447308774,41.68901447308774,41.19260630382171,41.29563522338867,17600,0.0,0.0,0.0
2022-12-16 00:00:00-05:00,40.76176292868261,41.08957898285224,40.71493257421938,40.99591827392578,45200,0.0,0.0,0.0
2022-12-19 00:00:00-05:00,41.02413042899837,41.24979404176315,40.41295126961504,40.63861846923828,9300,0.17,0.0,0.0
2022-12-20 00:00:00-05:00,40.54459454788785,41.108760831063634,40.54459454788785,40.91130065917969,15400,0.0,0.0,0.0
2022-12-21 00:00:00-05:00,41.38142502486175,41.86096640109067,41.38142502486175,41.74813461303711,12000,0.0,0.0,0.0
2022-12-22 00:00:00-05:00,41.38143065410995,41.49426604437074,40.45996315479696,41.1463623046875,150000,0.0,0.0,0.0
2022-12-23 00:00:00-05:00,41.13696777470571,41.76694933093463,41.00533005172408,41.71993637084961,11400,0.0,0.0,0.0
2022-12-27 00:00:00-05:00,41.73873262451053,41.88917621412351,41.49426313646124,41.64470672607422,30300,0.0,0.0,0.0
2022-12-28 00:00:00-05:00,41.70112357514124,41.70112357514124,40.72324197172224,40.732643127441406,47800,0.0,0.0,0.0
2022-12-29 00:00:00-05:00,41.14636758116308,41.65411614187359,41.14636758116308,41.59770202636719,33900,0.0,0.0,0.0
2022-12-30 00:00:00-05:00,41.249785323264625,41.40963363647461,41.127552386709716,41.40963363647461,66100,0.0,0.0,0.0
2023-01-03 00:00:00-05:00,41.484859521035574,41.64470785694777,40.572796803490014,40.807865142822266,6900,0.0,0.0,0.0
2023-01-04 00:00:00-05:00,40.89249489989382,41.57889410444028,40.89249489989382,41.32501983642578,20600,0.0,0.0,0.0
2023-01-05 00:00:00-05:00,41.01472460290827,41.26859885070751,40.89249164374661,41.1463623046875,17300,0.0,0.0,0.0
2023-01-06 00:00:00-05:00,41.53187472689024,42.40632928364152,41.53187472689024,42.30290222167969,35400,0.0,0.0,0.0
2023-01-09 00:00:00-05:00,42.603786727462314,42.603786727462314,42.0302194107692,42.077232360839844,10800,0.0,0.0,0.0
2023-01-10 00:00:00-05:00,42.16185958217878,42.50035858154297,41.87977827832808,42.50035858154297,41000,0.0,0.0,0.0
2023-01-11 00:00:00-05:00,42.76362873535717,43.06451590076231,42.697809892103415,43.05511474609375,10200,0.0,0.0,0.0
2023-01-12 00:00:00-05:00,43.25257790999936,43.64749103009424,43.25257790999936,43.497047424316406,6900,0.0,0.0,0.0
2023-01-13 00:00:00-05:00,43.25257510555105,43.685099995760574,43.064519713807435,43.66629409790039,15400,0.0,0.0,0.0
2023-01-17 00:00:00-05:00,43.57226838328487,43.807336727263134,43.421824786613115,43.46883773803711,7900,0.0,0.0,0.0
2023-01-18 00:00:00-05:00,43.44062974098085,43.957779369128374,42.62259292602539,42.62259292602539,41900,0.0,0.0,0.0
2023-01-19 00:00:00-05:00,42.36872294492899,42.622597206832005,42.07723688418289,42.509761810302734,12400,0.0,0.0,0.0
2023-01-20 00:00:00-05:00,42.56618439510647,43.29019546508789,42.490960788784726,43.29019546508789,31000,0.0,0.0,0.0
2023-01-23 00:00:00-05:00,43.3654091252424,44.05180829140613,43.3654091252424,43.741519927978516,10300,0.0,0.0,0.0
2023-01-24 00:00:00-05:00,43.638099589029004,43.87316799956824,43.309005249017794,43.70391845703125,15500,0.0,0.0,0.0
2023-01-25 00:00:00-05:00,43.4218213048787,44.02359564331306,43.39361425365771,44.01419448852539,6700,0.0,0.0,0.0
2023-01-26 00:00:00-05:00,44.28687911918108,44.719407642535586,44.089422550805835,44.71000289916992,7000,0.0,0.0,0.0
2023-01-27 00:00:00-05:00,44.578361447248014,44.99208044916437,44.5031414409261,44.64418029785156,7000,0.0,0.0,0.0
2023-01-30 00:00:00-05:00,44.25867357933641,44.71000443116993,44.14584176309272,44.155242919921875,39200,0.0,0.0,0.0
2023-01-31 00:00:00-05:00,44.324486311246496,45.23655263253689,44.258667461963505,45.21774673461914,18900,0.0,0.0,0.0
2023-02-01 00:00:00-05:00,45.20834631512659,45.77250891441114,44.775817829692876,45.650272369384766,11500,0.0,0.0,0.0
2023-02-02 00:00:00-05:00,45.91354739974979,46.308460467834394,45.77250496865785,46.04518508911133,14500,0.0,0.0,0.0
2023-02-03 00:00:00-05:00,46.29906183677243,46.66576787337139,46.09220054972349,46.20503234863281,11700,0.0,0.0,0.0
2023-02-06 00:00:00-05:00,46.026385973869125,46.05459302950023,45.56565040636263,45.74430465698242,7000,0.0,0.0,0.0
2023-02-07 00:00:00-05:00,45.63147200957319,46.18623352050781,45.377597733024245,46.18623352050781,11400,0.0,0.0,0.0
2023-02-08 00:00:00-05:00,46.0733949823872,46.0733949823872,45.424607650434794,45.6126594543457,9600,0.0,0.0,0.0
2023-02-09 00:00:00-05:00,45.81952673596764,45.81952673596764,44.97328274710705,45.01089096069336,45700,0.0,0.0,0.0
2023-02-10 00:00:00-05:00,45.02029811492414,45.434017181396484,44.83224268948801,45.434017181396484,9600,0.0,0.0,0.0
2023-02-13 00:00:00-05:00,45.49982446424382,45.93234932188406,45.161325501966076,45.828922271728516,12200,0.0,0.0,0.0
2023-02-14 00:00:00-05:00,45.70669141355929,46.120410426125915,45.349386510471774,46.03578567504883,9200,0.0,0.0,0.0
2023-02-15 00:00:00-05:00,45.706695130465086,46.12981892025928,45.584458571889265,46.10160827636719,16500,0.0,0.0,0.0
2023-02-16 00:00:00-05:00,45.828922774371556,46.33666763649904,45.828922774371556,45.91354751586914,6900,0.0,0.0,0.0
2023-02-17 00:00:00-05:00,45.499829949608525,45.71609240450079,45.42460994162176,45.622066497802734,5700,0.0,0.0,0.0
2023-02-21 00:00:00-05:00,45.29296452763556,45.29296452763556,44.39030299281295,44.46552658081055,13100,0.0,0.0,0.0
2023-02-22 00:00:00-05:00,44.653580837211976,44.80402442255296,44.24926302907219,44.427913665771484,28500,0.0,0.0,0.0
2023-02-23 00:00:00-05:00,44.9732803873245,44.9732803873245,44.27747646303592,44.71940612792969,12400,0.0,0.0,0.0
2023-02-24 00:00:00-05:00,44.155239977956775,44.653587341308594,43.82614570798168,44.653587341308594,10900,0.0,0.0,0.0
2023-02-27 00:00:00-05:00,44.99209078426123,45.104926199950945,44.606578747802644,44.67239761352539,14300,0.0,0.0,0.0
2023-02-28 00:00:00-05:00,44.84163899885388,45.00148734859403,44.55015652845595,44.587764739990234,24500,0.0,0.0,0.0
2023-03-01 00:00:00-05:00,44.36209997765084,44.91686143561255,44.36209997765084,44.81343078613281,8900,0.0,0.0,0.0
2023-03-02 00:00:00-05:00,44.44672316450768,44.95447165125606,44.44672316450768,44.88865280151367,9100,0.0,0.0,0.0
2023-03-03 00:00:00-05:00,44.93566363751877,45.659674537455,44.93566363751877,45.556243896484375,15300,0.0,0.0,0.0
2023-03-06 00:00:00-05:00,45.45282304037799,45.462224197554555,44.662993123767535,44.75701904296875,10600,0.0,0.0,0.0
2023-03-07 00:00:00-05:00,44.757009087531415,44.757009087531415,44.051804089806495,44.13642883300781,13400,0.0,0.0,0.0
2023-03-08 00:00:00-05:00,44.13643069909637,44.46552853073045,43.64748811624496,43.995391845703125,9200,0.0,0.0,0.0
2023-03-09 00:00:00-05:00,43.97659141322708,43.98599256987835,42.56618118286133,42.56618118286133,198700,0.0,0.0,0.0
2023-03-10 00:00:00-05:00,42.40632698792137,42.51916237335772,41.10875233712719,41.41904067993164,30500,0.0,0.0,0.0
2023-03-13 00:00:00-04:00,40.66681991601575,40.779651706838216,39.64192188332854,40.03683853149414,12100,0.0,0.0,0.0
2023-03-14 00:00:00-04:00,41.2968001527479,41.475454369014145,40.17787625661729,40.67621994018555,16200,0.0,0.0,0.0
2023-03-15 00:00:00-04:00,39.275222641773276,39.50088626230949,38.83329297017354,39.4068603515625,13900,0.0,0.0,0.0
2023-03-16 00:00:00-04:00,38.852100369234655,40.28131650627432,38.72046265436473,40.14027404785156,4000,0.0,0.0,0.0
2023-03-17 00:00:00-04:00,39.679534080588105,39.707741131866925,38.97432910375369,39.0495491027832,7400,0.0,0.0,0.0
2023-03-20 00:00:00-04:00,39.7242255310195,40.33841808837716,39.69587563129581,39.78091812133789,4600,0.204,0.0,0.0
2023-03-21 00:00:00-04:00,40.61244079887396,40.924264437077085,40.593542068870974,40.8392219543457,16000,0.0,0.0,0.0
2023-03-22 00:00:00-04:00,40.839227163564104,40.924269657143014,39.743125915527344,39.743125915527344,15600,0.0,0.0,0.0
2023-03-23 00:00:00-04:00,39.98880182886971,40.423461856352844,38.98719064832785,39.31791305541992,17000,0.0,0.0,0.0
2023-03-24 00:00:00-04:00,38.958842919296075,39.62028410458662,38.694267887005644,39.5446891784668,6500,0.0,0.0,0.0
2023-03-27 00:00:00-04:00,40.31007075854858,40.395113246407796,39.705325780244934,40.149436950683594,15700,0.0,0.0,0.0
2023-03-28 00:00:00-04:00,40.00770369651085,40.451814927193965,40.00770369651085,40.300628662109375,19000,0.0,0.0,0.0
2023-03-29 00:00:00-04:00,40.70693495245244,40.84867002238195,40.37621258015515,40.725830078125,22700,0.0,0.0,0.0
2023-03-30 00:00:00-04:00,40.94316896498244,41.31168524081541,40.499057758432606,40.64079284667969,50200,0.0,0.0,0.0
2023-03-31 00:00:00-04:00,40.9526194629275,41.292789466394126,40.82033192926047,41.24554443359375,13300,0.0,0.0,0.0
2023-04-03 00:00:00-04:00,41.46286845817385,41.63295343525371,41.11324733608502,41.396724700927734,71300,0.0,0.0,0.0
2023-04-04 00:00:00-04:00,41.52901284114872,41.52901284114872,40.0738429506798,40.36676788330078,215300,0.0,0.0,0.0
2023-04-05 00:00:00-04:00,40.20613572286475,40.2344856262207,39.913214356517905,40.2344856262207,10100,0.0,0.0,0.0
2023-04-06 00:00:00-04:00,40.215583597806955,40.35731868471629,40.06439734236486,40.121089935302734,23000,0.0,0.0,0.0
2023-04-10 00:00:00-04:00,39.960454363784265,40.90536932000769,39.960454363784265,40.74473190307617,18300,0.0,0.0,0.0
2023-04-11 00:00:00-04:00,40.87701890350056,41.36837510707337,40.84867260863282,41.04710388183594,28500,0.0,0.0,0.0
2023-04-12 00:00:00-04:00,41.39672552979162,41.45341812024374,40.735284339522316,40.74473190307617,11700,0.0,0.0,0.0
2023-04-13 00:00:00-04:00,40.87701818531394,41.179394278369934,40.631341890126166,40.97151184082031,20300,0.0,0.0,0.0
2023-04-14 00:00:00-04:00,41.1699428981581,41.264432948612644,40.52740046228696,40.82977294921875,13400,0.0,0.0,0.0
2023-04-17 00:00:00-04:00,40.80142093525607,41.16993712675853,40.7730746450063,41.1226921081543,17000,0.0,0.0,0.0
2023-04-18 00:00:00-04:00,41.311685629362906,41.311685629362906,40.73528689320207,41.06600570678711,10500,0.0,0.0,0.0
2023-04-19 00:00:00-04:00,40.933709138116015,41.13214038242882,40.65023541701716,41.056549072265625,49500,0.0,0.0,0.0
2023-04-20 00:00:00-04:00,40.76362991375796,41.01875737997356,40.584097372894135,40.71638488769531,24100,0.0,0.0,0.0
2023-04-21 00:00:00-04:00,40.81087764307698,40.81087764307698,40.20613261846301,40.404563903808594,18100,0.0,0.0,0.0
2023-04-24 00:00:00-04:00,40.40456863500783,40.631349848075494,40.34787603516473,40.48016357421875,129500,0.0,0.0,0.0
2023-04-25 00:00:00-04:00,40.168332901620744,40.168332901620744,39.34625790515339,39.49744415283203,17200,0.0,0.0,0.0
2023-04-26 00:00:00-04:00,39.3084571313726,39.6297283312015,38.958839638917794,39.147823333740234,13100,0.0,0.0,0.0
2023-04-27 00:00:00-04:00,39.213970590767055,39.91320924273128,39.13837566425655,39.78091812133789,14700,0.0,0.0,0.0
2023-04-28 00:00:00-04:00,39.72422736318086,40.27227618740118,39.72422736318086,40.1683349609375,39400,0.0,0.0,0.0
2023-05-01 00:00:00-04:00,40.01714871549888,40.319521226433444,39.913211093573906,40.0265998840332,19300,0.0,0.0,0.0
2023-05-02 00:00:00-04:00,39.84706828746579,39.84706828746579,38.50529056721659,39.13838195800781,15100,0.0,0.0,0.0
2023-05-03 00:00:00-04:00,39.15727668942848,40.03604793648035,38.85490417480469,38.85490417480469,13000,0.0,0.0,0.0
2023-05-04 00:00:00-04:00,38.580878795953836,38.580878795953836,37.90053888453707,38.15566635131836,27900,0.0,0.0,0.0
2023-05-05 00:00:00-04:00,38.87380256676696,39.4974463232822,38.87380256676696,39.39350509643555,31300,0.0,0.0,0.0
2023-05-08 00:00:00-04:00,39.69587595025262,39.69587595025262,39.195072174072266,39.195072174072266,117400,0.0,0.0,0.0
2023-05-09 00:00:00-04:00,38.987189012369,39.32735896901729,38.64702266028516,39.166725158691406,34500,0.0,0.0,0.0
2023-05-10 00:00:00-04:00,39.554136285225475,39.554136285225475,38.694263914005965,39.119476318359375,12800,0.0,0.0,0.0
2023-05-11 00:00:00-04:00,38.78875897357725,38.949396393579654,38.69426891797436,38.845455169677734,8900,0.0,0.0,0.0
2023-05-12 00:00:00-04:00,39.06277679541936,39.06277679541936,38.580871847994175,38.911590576171875,6200,0.0,0.0,0.0
2023-05-15 00:00:00-04:00,39.02498739476761,39.629732396585354,39.02498739476761,39.384056091308594,16800,0.0,0.0,0.0
2023-05-16 00:00:00-04:00,39.30846148414794,39.31791265244592,38.91159892518247,38.939945220947266,13400,0.0,0.0,0.0
2023-05-17 00:00:00-04:00,39.23287114496927,40.149439846383935,39.23287114496927,39.97935485839844,16800,0.0,0.0,0.0
2023-05-18 00:00:00-04:00,39.94155329749835,40.51795196383403,39.8659583752281,40.470706939697266,11600,0.0,0.0,0.0
2023-05-19 00:00:00-04:00,40.744741273429064,40.744741273429064,39.87542104397082,39.93211364746094,7800,0.0,0.0,0.0
2023-05-22 00:00:00-04:00,40.177781807179166,40.42345809411078,40.036043130965055,40.28172302246094,12200,0.0,0.0,0.0
2023-05-23 00:00:00-04:00,40.234475400374556,40.74472667175369,40.1021842956543,40.1021842956543,7300,0.0,0.0,0.0
2023-05-24 00:00:00-04:00,40.05494453326237,40.13053946016953,39.67698071242012,39.82816696166992,11300,0.0,0.0,0.0
2023-05-25 00:00:00-04:00,39.61083478863209,39.941557199023265,39.38405720879808,39.743125915527344,33300,0.0,0.0,0.0
2023-05-26 00:00:00-04:00,39.87541075596339,40.16833207726173,39.77146953696162,40.149436950683594,15100,0.0,0.0,0.0
2023-05-30 00:00:00-04:00,40.196682490579306,40.196682490579306,39.67697999348523,39.894309997558594,20800,0.0,0.0,0.0
2023-05-31 00:00:00-04:00,39.478546467865876,39.55414139599144,38.91159892518247,38.939945220947266,45300,0.0,0.0,0.0
2023-06-01 00:00:00-04:00,39.00608845931956,39.487997108266136,38.977742163933705,39.24231719970703,16100,0.0,0.0,0.0
2023-06-02 00:00:00-04:00,39.7336719879198,41.04710316066102,39.7336719879198,40.97151184082031,27900,0.0,0.0,0.0
2023-06-05 00:00:00-04:00,40.848674378322436,40.9242693073307,40.26282809676686,40.4234619140625,11500,0.0,0.0,0.0
2023-06-06 00:00:00-04:00,40.37621574171602,41.784140615804276,40.37621574171602,41.566810607910156,17700,0.0,0.0,0.0
2023-06-07 00:00:00-04:00,41.906981501437194,42.747958933319154,41.746347671304676,42.70071029663086,86000,0.0,0.0,0.0
2023-06-08 00:00:00-04:00,42.71016914182666,42.71016914182666,42.058175325824394,42.558982849121094,9900,0.0,0.0,0.0
2023-06-09 00:00:00-04:00,42.483379185609344,42.483379185609344,42.086516600380165,42.19990539550781,7100,0.0,0.0,0.0
2023-06-12 00:00:00-04:00,42.11485457424102,42.502269518541034,42.09595584469418,42.31328582763672,14200,0.0,0.0,0.0
2023-06-13 00:00:00-04:00,42.65345643231051,43.12591386484309,42.65345643231051,42.974727630615234,9500,0.0,0.0,0.0
2023-06-14 00:00:00-04:00,43.201513670324694,43.201513670324694,42.313291289784566,42.417232513427734,9700,0.0,0.0,0.0
2023-06-15 00:00:00-04:00,42.34163640121238,43.05977011265366,42.34163640121238,42.974727630615234,12000,0.0,0.0,0.0
2023-06-16 00:00:00-04:00,42.795205602764426,42.89914684015157,42.63456816192111,42.80465316772461,5600,0.0,0.0,0.0
2023-06-20 00:00:00-04:00,42.67265741638455,42.67265741638455,42.264351758342066,42.492244720458984,13300,0.221,0.0,0.0
2023-06-21 00:00:00-04:00,42.2548634832152,42.70115196451307,42.2548634832152,42.47325897216797,13400,0.0,0.0,0.0
2023-06-22 00:00:00-04:00,42.26435455005953,42.444770880138016,42.02696769236551,42.188392639160156,23800,0.0,0.0,0.0
2023-06-23 00:00:00-04:00,41.875042306149126,42.18839471237723,41.82756565672443,41.95100784301758,6000,0.0,0.0,0.0
2023-06-26 00:00:00-04:00,41.932014571074745,42.45426493570771,41.894031804350455,42.226375579833984,7500,0.0,0.0,0.0
2023-06-27 00:00:00-04:00,42.17889245921439,42.91004436917249,42.06494778897965,42.8245849609375,153800,0.0,0.0,0.0
2023-06-28 00:00:00-04:00,42.843576855033696,43.01449567354631,42.61568751184075,42.97651290893555,13300,0.0,0.0,0.0
2023-06-29 00:00:00-04:00,43.09046413611553,43.58422924296064,43.09046413611553,43.55574035644531,42400,0.0,0.0,0.0
2023-06-30 00:00:00-04:00,43.7171623441212,43.94505168738827,43.7171623441212,43.78363037109375,13100,0.0,0.0,0.0
2023-07-03 00:00:00-04:00,43.631702531781535,44.134961480563526,43.631702531781535,43.96404266357422,10700,0.0,0.0,0.0
2023-07-05 00:00:00-04:00,43.84059308175108,43.84059308175108,43.413299733726106,43.489261627197266,10700,0.0,0.0,0.0
2023-07-06 00:00:00-04:00,42.95752863554273,42.967022516348095,42.44477213838667,42.862571716308594,13600,0.0,0.0,0.0
2023-07-07 00:00:00-04:00,42.81508991411238,43.764637258739185,42.81508991411238,43.28986358642578,31200,0.0,0.0,0.0
2023-07-10 00:00:00-04:00,43.22339906755167,43.86909160404321,43.22339906755167,43.76464080810547,10200,0.0,0.0,0.0
2023-07-11 00:00:00-04:00,43.86909163086534,44.36285672508642,43.86909163086534,44.35335922241211,9000,0.0,0.0,0.0
2023-07-12 00:00:00-04:00,44.88510609350939,44.89459997373848,44.638221740722656,44.638221740722656,23400,0.0,0.0,0.0
2023-07-13 00:00:00-04:00,44.86611465166521,44.9990507081124,44.74267247543458,44.89459991455078,35500,0.0,0.0,0.0
2023-07-14 00:00:00-04:00,44.980058531133565,44.980058531133565,44.22042134896709,44.37234878540039,19600,0.0,0.0,0.0
2023-07-17 00:00:00-04:00,44.1919385737281,44.72368282005355,44.1919385737281,44.543270111083984,15500,0.0,0.0,0.0
2023-07-18 00:00:00-04:00,44.619229895096765,45.435837542760034,44.619229895096765,45.331390380859375,36900,0.0,0.0,0.0
2023-07-19 00:00:00-04:00,45.46433074348996,45.530798772028724,45.274420538135246,45.52130126953125,13100,0.0,0.0,0.0
2023-07-20 00:00:00-04:00,45.48332071301949,45.48332071301949,45.20795110492306,45.35987854003906,12300,0.0,0.0,0.0
2023-07-21 00:00:00-04:00,45.69221486069697,45.69221486069697,45.075011291754386,45.10349655151367,11400,0.0,0.0,0.0
2023-07-24 00:00:00-04:00,45.226944301701,45.540293064471875,45.226944301701,45.34088897705078,4700,0.0,0.0,0.0
2023-07-25 00:00:00-04:00,45.21744333458319,45.6447403622005,45.21744333458319,45.454830169677734,7300,0.0,0.0,0.0
2023-07-26 00:00:00-04:00,45.38836210318973,45.78717386933819,45.38836210318973,45.71120834350586,16200,0.0,0.0,0.0
2023-07-27 00:00:00-04:00,46.024563341556686,46.03405722171194,45.3693733215332,45.3693733215332,11400,0.0,0.0,0.0
2023-07-28 00:00:00-04:00,45.83465212344365,45.90112014976618,45.67322718649195,45.87263488769531,8400,0.0,0.0,0.0
2023-07-31 00:00:00-04:00,46.14799880981445,46.14799880981445,45.95809224151772,46.14799880981445,10700,0.0,0.0,0.0
2023-08-01 00:00:00-04:00,45.910615946219494,46.18598556518555,45.825156534203686,46.18598556518555,4400,0.0,0.0,0.0
2023-08-02 00:00:00-04:00,45.73969667789109,45.891627739764225,45.62575200372213,45.777679443359375,6300,0.0,0.0,0.0
2023-08-03 00:00:00-04:00,45.52130126953125,45.711211474885964,45.122493098298655,45.52130126953125,3600,0.0,0.0,0.0
2023-08-04 00:00:00-04:00,45.67322575805219,46.19547969458959,45.67322575805219,45.74919128417969,18200,0.0,0.0,0.0
2023-08-07 00:00:00-04:00,45.92960971127806,46.17649407978882,45.91061832737446,46.06254577636719,9000,0.0,0.0,0.0
2023-08-08 00:00:00-04:00,45.521293426649244,46.00556454798029,45.492808168536335,45.99606704711914,10300,0.0,0.0,0.0
2023-08-09 00:00:00-04:00,45.97708352871403,46.12901459058716,45.777679443359375,45.777679443359375,13200,0.0,0.0,0.0
2023-08-10 00:00:00-04:00,46.081530136830644,46.38538498850456,45.59726259892394,45.66373062133789,8300,0.0,0.0,0.0
2023-08-11 00:00:00-04:00,45.378880502041156,45.88213956902573,45.378880502041156,45.682735443115234,7000,0.0,0.0,0.0
2023-08-14 00:00:00-04:00,45.54029531941164,45.73969941670628,45.32189983824569,45.73020553588867,10600,0.0,0.0,0.0
2023-08-15 00:00:00-04:00,45.39786687794071,45.39786687794071,44.8946042442661,45.00855255126953,7700,0.0,0.0,0.0
2023-08-16 00:00:00-04:00,44.98956325365972,45.435848132297814,44.77116775512695,44.77116775512695,14900,0.0,0.0,0.0
2023-08-17 00:00:00-04:00,44.932587182058604,45.16048017468535,44.38185151841803,44.49579620361328,11100,0.0,0.0,0.0
2023-08-18 00:00:00-04:00,44.087486131538796,44.714187271498844,44.087486131538796,44.638221740722656,10200,0.0,0.0,0.0
2023-08-21 00:00:00-04:00,44.65721170775089,44.65721170775089,44.201429404250014,44.47679901123047,9400,0.0,0.0,0.0
2023-08-22 00:00:00-04:00,44.52428231025411,44.65721838253195,44.172950744628906,44.172950744628906,7600,0.0,0.0,0.0
2023-08-23 00:00:00-04:00,44.011511663032294,44.24889846514625,43.68866546726792,44.22041320800781,8900,0.0,0.0,0.0
2023-08-24 00:00:00-04:00,44.04949895431092,44.51477872812463,44.03050757351898,44.15394973754883,7200,0.0,0.0,0.0
2023-08-25 00:00:00-04:00,44.31538011758622,44.533779230308184,43.97354606002355,44.277400970458984,11200,0.0,0.0,0.0
2023-08-28 00:00:00-04:00,44.41983008946721,44.95157798387853,44.41983008946721,44.60024642944336,11300,0.0,0.0,0.0
2023-08-29 00:00:00-04:00,44.71418626151004,45.141483306884766,44.49579079881535,45.141483306884766,17400,0.0,0.0,0.0
2023-08-30 00:00:00-04:00,45.027535013294305,45.483320943184545,45.027535013294305,45.141483306884766,9600,0.0,0.0,0.0
2023-08-31 00:00:00-04:00,45.32189468239924,45.4358393504286,45.20795001436988,45.350379943847656,14000,0.0,0.0,0.0
2023-09-01 00:00:00-04:00,45.587767778043585,45.95809429614368,45.587767778043585,45.87263488769531,9400,0.0,0.0,0.0
2023-09-05 00:00:00-04:00,45.58777077260756,45.58777077260756,44.733180254223434,44.79964828491211,9600,0.0,0.0,0.0
2023-09-06 00:00:00-04:00,44.71417981105272,45.11298791437997,44.457801620812944,44.67619705200195,8400,0.0,0.0,0.0
2023-09-07 00:00:00-04:00,44.391340735199044,44.50528540842165,44.25840467940004,44.26789855957031,5100,0.0,0.0,0.0
2023-09-08 00:00:00-04:00,44.41033404950262,44.72368282005355,44.2868918685045,44.543270111083984,8600,0.0,0.0,0.0
2023-09-11 00:00:00-04:00,44.65721008782557,44.79014613541164,44.277393326470445,44.315372467041016,12400,0.0,0.0,0.0
2023-09-12 00:00:00-04:00,44.29638592944969,44.77115961091331,44.29638592944969,44.619232177734375,16900,0.0,0.0,0.0
2023-09-13 00:00:00-04:00,44.76165573896542,44.76165573896542,44.07798057583368,44.448307037353516,9100,0.0,0.0,0.0
2023-09-14 00:00:00-04:00,44.80913739229907,45.08450698852539,44.676201345082404,45.08450698852539,24600,0.0,0.0,0.0
2023-09-15 00:00:00-04:00,44.742674203456026,44.75217170627528,44.35335989929518,44.543270111083984,8600,0.0,0.0,0.0
2023-09-18 00:00:00-04:00,44.48512024130715,44.799672881338914,44.48512024130715,44.54231262207031,9800,0.179,0.0,0.0
2023-09-19 00:00:00-04:00,44.513720333982434,44.57090908131289,44.370741193435116,44.523250579833984,7700,0.0,0.0,0.0
2023-09-20 00:00:00-04:00,44.618575727707935,44.94265866106865,44.10385513305664,44.10385513305664,6400,0.0,0.0,0.0
2023-09-21 00:00:00-04:00,43.913219119642974,44.008536135809635,43.674922943115234,43.674922943115234,151000,0.0,0.0,0.0
2023-09-22 00:00:00-04:00,43.84649127450491,43.87508564873722,43.52240836746632,43.61772537231445,10900,0.0,0.0,0.0
2023-09-25 00:00:00-04:00,43.63678926561961,43.9418080428246,43.56053638937368,43.82742691040039,107400,0.0,0.0,0.0
2023-09-26 00:00:00-04:00,43.541471408282746,43.75117317704449,43.14113199847492,43.17926025390625,8300,0.0,0.0,0.0
2023-09-27 00:00:00-04:00,43.360367659375,43.60819404751595,43.18879414600413,43.455684661865234,10200,0.0,0.0,0.0
2023-09-28 00:00:00-04:00,43.45568161350611,44.12291149246415,43.45568161350611,43.932273864746094,12500,0.0,0.0,0.0
2023-09-29 00:00:00-04:00,44.20869399581404,44.20869399581404,43.598656554613406,43.693973541259766,7600,0.0,0.0,0.0
2023-10-02 00:00:00-04:00,43.26505720885219,43.34131373768976,42.84565720857984,42.95050811767578,8100,0.0,0.0,0.0
2023-10-03 00:00:00-04:00,42.7884586184617,42.7884586184617,41.94012485655014,42.17842102050781,34200,0.0,0.0,0.0
2023-10-04 00:00:00-04:00,42.07356703345345,42.159353791615835,41.616038868624265,42.1021614074707,18300,0.0,0.0,0.0
2023-10-05 00:00:00-04:00,41.99731588116979,42.16888940453688,41.76854997131008,42.1212272644043,14500,0.0,0.0,0.0
2023-10-06 00:00:00-04:00,41.9877842914084,42.55016339623972,41.739957875296234,42.4453125,15500,0.0,0.0,0.0
2023-10-09 00:00:00-04:00,42.34045721068845,42.90283625716963,42.19748170565055,42.693138122558594,5900,0.0,0.0,0.0
2023-10-10 00:00:00-04:00,43.0934770694345,43.465218500428705,43.0934770694345,43.11254119873047,10900,0.0,0.0,0.0
2023-10-11 00:00:00-04:00,43.055343273411424,43.360365666806516,42.88377340403538,43.09347152709961,12300,0.0,0.0,0.0
2023-10-12 00:00:00-04:00,43.32223625569664,43.32223625569664,42.19747825471761,42.37858200073242,5900,0.0,0.0,0.0
2023-10-13 00:00:00-04:00,42.6168800916228,42.6168800916228,42.111693446833854,42.18794631958008,10300,0.0,0.0,0.0
2023-10-16 00:00:00-04:00,42.67407583862528,42.93143612214684,42.67407583862528,42.8837776184082,26600,0.0,0.0,0.0
2023-10-17 00:00:00-04:00,42.69314536086944,43.67492447913678,42.69314536086944,43.3508415222168,16700,0.0,0.0,0.0
2023-10-18 00:00:00-04:00,43.02674999968154,43.02674999968154,42.52156335180195,42.53109359741211,102600,0.0,0.0,0.0
2023-10-19 00:00:00-04:00,42.41671707341479,42.73126975434862,42.0068473815918,42.0068473815918,8500,0.0,0.0,0.0
2023-10-20 00:00:00-04:00,42.12121847993676,42.27372784266682,41.68275451660156,41.68275451660156,5600,0.0,0.0,0.0
2023-10-23 00:00:00-04:00,41.41586844878602,41.73995133359365,41.234761061442974,41.26335906982422,21300,0.0,0.0,0.0
2023-10-24 00:00:00-04:00,41.48259610604017,41.70182813763041,41.27289432099261,41.320552825927734,32100,0.0,0.0,0.0
2023-10-25 00:00:00-04:00,41.18710673341015,41.206170862224845,40.83442944061516,40.94881057739258,8800,0.0,0.0,0.0
2023-10-26 00:00:00-04:00,40.90115183216424,41.52072328859981,40.90115183216424,41.158512115478516,6600,0.0,0.0,0.0
2023-10-27 00:00:00-04:00,41.26336555359785,41.26336555359785,40.4817544090891,40.65332794189453,14200,0.0,0.0,0.0
2023-10-30 00:00:00-04:00,41.006000277350545,41.16803990749337,40.6723834991162,40.93927764892578,18300,0.0,0.0,0.0
2023-10-31 00:00:00-04:00,40.94880726432288,41.45399754676172,40.94880726432288,41.35867691040039,60600,0.0,0.0,0.0
2023-11-01 00:00:00-04:00,41.26336465311475,41.68276459298055,41.158513759120574,41.625572204589844,9900,0.0,0.0,0.0
2023-11-02 00:00:00-04:00,42.13076503077817,42.57875937321517,42.08310652236288,42.56922912597656,10600,0.0,0.0,0.0
2023-11-03 00:00:00-04:00,43.455690564635894,43.713050869650544,43.284117027959454,43.43662643432617,13000,0.0,0.0,0.0
2023-11-06 00:00:00-05:00,43.512879018559545,43.512879018559545,42.778926430542384,42.988624572753906,9800,0.0,0.0,0.0
2023-11-07 00:00:00-05:00,42.83611608133779,42.84564996388614,42.53109728978544,42.635948181152344,6000,0.0,0.0,0.0
2023-11-08 00:00:00-05:00,42.49297321569448,42.81705250429954,42.28327143025745,42.3213996887207,12100,0.0,0.0,0.0
2023-11-09 00:00:00-05:00,42.44530782867377,42.44530782867377,41.797142028808594,41.797142028808594,7100,0.0,0.0,0.0
2023-11-10 00:00:00-05:00,42.168894415015814,42.67408116267219,42.05450962843944,42.55970001220703,10000,0.0,0.0,0.0
2023-11-13 00:00:00-05:00,42.35952157053945,42.69313835634261,42.35952157053945,42.483436584472656,8800,0.0,0.0,0.0
2023-11-14 00:00:00-05:00,43.57007099524234,44.284959507623256,43.43662572137566,44.132450103759766,32300,0.0,0.0,0.0
2023-11-15 00:00:00-05:00,44.218234061887635,44.64716786929193,44.04666053892592,44.22776794433594,31700,0.0,0.0,0.0
2023-11-16 00:00:00-05:00,44.14198233843854,44.23729934875221,43.41755997005551,43.66539001464844,29200,0.0,0.0,0.0
2023-11-17 00:00:00-05:00,43.95133502634768,44.14197264120608,43.8655482814669,44.027587890625,16000,0.0,0.0,0.0
2023-11-20 00:00:00-05:00,43.9799395149377,44.26589418496334,43.93228100928524,44.075260162353516,29200,0.0,0.0,0.0
2023-11-21 00:00:00-05:00,44.07526241045961,44.07526241045961,43.60820030457636,43.674922943115234,30100,0.0,0.0,0.0
2023-11-22 00:00:00-05:00,43.655856175934254,44.113384370900405,43.655856175934254,44.0085334777832,15000,0.0,0.0,0.0
2023-11-24 00:00:00-05:00,43.932278039965325,44.35167795191557,43.932278039965325,44.17057418823242,5100,0.0,0.0,0.0
2023-11-27 00:00:00-05:00,43.85601844368275,44.17057108261233,43.78929581774807,44.09431457519531,9500,0.0,0.0,0.0
2023-11-28 00:00:00-05:00,44.14198190932039,44.208704543113505,43.82742923334358,43.87508773803711,9000,0.0,0.0,0.0
2023-11-29 00:00:00-05:00,44.16103974522982,44.22776236951459,43.856017359214746,43.932273864746094,5300,0.0,0.0,0.0
2023-11-30 00:00:00-05:00,44.189638316427065,44.30401944948429,43.89414978357603,44.17057418823242,12300,0.0,0.0,0.0
2023-12-01 00:00:00-05:00,44.103854425954815,45.26674086868338,44.103854425954815,45.07610321044922,12800,0.0,0.0,0.0
2023-12-04 00:00:00-05:00,45.07610183466548,45.40018475293883,45.07610183466548,45.29533386230469,8800,0.0,0.0,0.0
2023-12-05 00:00:00-05:00,44.799674631631135,44.91405576151583,44.799674631631135,44.83780288696289,5600,0.0,0.0,0.0
2023-12-06 00:00:00-05:00,45.14282466789813,45.190483172185814,44.4088720663133,44.466064453125,8900,0.0,0.0,0.0
2023-12-07 00:00:00-05:00,44.771087646484375,44.78061789383475,44.58044997447641,44.771087646484375,3500,0.0,0.0,0.0
2023-12-08 00:00:00-05:00,44.72342203666193,45.13329172708741,44.69482766071485,45.00938034057617,25500,0.0,0.0,0.0
2023-12-11 00:00:00-05:00,45.06656071195175,45.36204920752941,44.914051341743004,45.257198333740234,29000,0.0,0.0,0.0
2023-12-12 00:00:00-05:00,45.19048124253332,45.21907561666278,44.99031335140584,44.99984359741211,7400,0.0,0.0,0.0
2023-12-13 00:00:00-05:00,44.96171605570761,46.0292854309082,44.87593293195596,46.0292854309082,8800,0.0,0.0,0.0
2023-12-14 00:00:00-05:00,46.58213441198588,47.63063974431969,46.58213441198588,47.47813034057617,27100,0.0,0.0,0.0
2023-12-15 00:00:00-05:00,47.44953013875558,47.478128150464606,46.93481319743388,47.0491943359375,14000,0.0,0.0,0.0
2023-12-18 00:00:00-05:00,47.512255618395976,47.62706471914431,47.32090468400509,47.45484924316406,10900,0.184,0.0,0.0
2023-12-19 00:00:00-05:00,47.71317758272065,48.33506727386862,47.502694817023524,48.22982406616211,22100,0.0,0.0,0.0
2023-12-20 00:00:00-05:00,48.21068535913864,48.5933872432606,47.646202087402344,47.646202087402344,96700,0.0,0.0,0.0
2023-12-21 00:00:00-05:00,48.06717864812423,48.18198776245117,47.70361219475363,48.18198776245117,26800,0.0,0.0,0.0
2023-12-22 00:00:00-05:00,48.469009858136346,48.55511760184253,48.220256181716124,48.34463119506836,13000,0.0,0.0,0.0
2023-12-26 00:00:00-05:00,48.49771026908789,48.89954761505316,48.38290116297596,48.74646759033203,14600,0.0,0.0,0.0
2023-12-27 00:00:00-05:00,48.72733258829141,48.80387077651238,48.4785752647129,48.62208938598633,17000,0.0,0.0,0.0
2023-12-28 00:00:00-05:00,48.612523939628595,48.79430533186927,48.39247162805861,48.497711181640625,20000,0.0,0.0,0.0
2023-12-29 00:00:00-05:00,48.39247512381433,48.43074239619224,48.10544685782592,48.1628532409668,15300,0.0,0.0,0.0
2024-01-02 00:00:00-05:00,48.00019649083824,48.40203381348468,47.76100873798443,48.03846740722656,23400,0.0,0.0,0.0
2024-01-03 00:00:00-05:00,47.55053440375637,47.59837123284113,47.005186522814675,47.07215881347656,38000,0.0,0.0,0.0
2024-01-04 00:00:00-05:00,47.02431533382801,47.24436763626918,46.84253029941289,46.89993667602539,12800,0.0,0.0,0.0
2024-01-05 00:00:00-05:00,46.68945392398378,47.29220815147746,46.68945392398378,47.12955856323242,15400,0.0,0.0,0.0
2024-01-08 00:00:00-05:00,46.90950863851322,47.607936553773655,46.82340088733229,47.5026969909668,18800,0.0,0.0,0.0
2024-01-09 00:00:00-05:00,47.196536907283345,47.28264100874521,47.01475184939878,47.043453216552734,9500,0.0,0.0,0.0
2024-01-10 00:00:00-05:00,47.16782917228416,47.16782917228416,46.84253364765948,47.02431869506836,12000,0.0,0.0,0.0
2024-01-11 00:00:00-05:00,46.976477220975994,46.98604677574979,46.622480338376675,46.96691131591797,8500,0.0,0.0,0.0
2024-01-12 00:00:00-05:00,47.52182604813082,47.52182604813082,46.708589061671375,46.79469680786133,9900,0.0,0.0,0.0
2024-01-16 00:00:00-05:00,46.411996869660335,46.66075421351447,46.239785019697635,46.45026779174805,52800,0.0,0.0,0.0
2024-01-17 00:00:00-05:00,45.924055490676615,46.345024685443384,45.924055490676615,46.144107818603516,13200,0.0,0.0,0.0
2024-01-18 00:00:00-05:00,46.39286417813667,46.60334694619367,46.230214587207776,46.54594421386719,11300,0.0,0.0,0.0
2024-01-19 00:00:00-05:00,46.50767033934397,46.928639498443054,46.23021165166435,46.83296585083008,24100,0.0,0.0,0.0
2024-01-22 00:00:00-05:00,46.9190716166261,47.40701303843792,46.9190716166261,47.330474853515625,11800,0.0,0.0,0.0
2024-01-23 00:00:00-05:00,47.579235659598666,47.579235659598666,47.0051864124966,47.14869689941406,35200,0.0,0.0,0.0
2024-01-24 00:00:00-05:00,47.58879669575462,47.58879669575462,46.90950070697661,46.93820571899414,20500,0.0,0.0,0.0
2024-01-25 00:00:00-05:00,47.48355671592336,47.52182398501189,47.110424381871404,47.44528579711914,10600,0.0,0.0,0.0
2024-01-26 00:00:00-05:00,47.68448163330743,47.76101983415048,47.48356475016356,47.703617095947266,7200,0.0,0.0,0.0
2024-01-29 00:00:00-05:00,47.550533082003376,48.019339103605255,47.43572396544806,47.933231353759766,8300,0.0,0.0,0.0
2024-01-30 00:00:00-05:00,47.85668984940234,48.37333631274268,47.837554389680584,48.26809310913086,14600,0.0,0.0,0.0
2024-01-31 00:00:00-05:00,47.87582660224937,47.990635713965176,46.99561367985251,47.02431869506836,18700,0.0,0.0,0.0
2024-02-01 00:00:00-05:00,47.34960976321481,47.71317252438285,46.871234251421114,47.53139114379883,28900,0.0,0.0,0.0
2024-02-02 00:00:00-05:00,47.091287927789935,47.588798912589176,46.842530610532506,47.38787841796875,15300,0.0,0.0,0.0
2024-02-05 00:00:00-05:00,47.11041917025671,47.11041917025671,46.45025866791936,46.82339096069336,11900,0.0,0.0,0.0
2024-02-06 00:00:00-05:00,46.823395713133685,47.215663503006986,46.69902070272884,46.80426025390625,13600,0.0,0.0,0.0
2024-02-07 00:00:00-05:00,46.92863616508315,47.09128573413099,46.74685478764422,46.93820571899414,7800,0.0,0.0,0.0
2024-02-08 00:00:00-05:00,46.92864736168228,47.34962024103417,46.92864736168228,47.32091522216797,11200,0.0,0.0,0.0
2024-02-09 00:00:00-05:00,47.44528475933884,47.60793068612566,47.07215243344848,47.540958404541016,10700,0.0,0.0,0.0
2024-02-12 00:00:00-05:00,47.67491124005075,48.40204050335136,47.67491124005075,48.210689544677734,22900,0.0,0.0,0.0
2024-02-13 00:00:00-05:00,47.25393874967546,47.25393874967546,46.478972653417564,46.909507751464844,13100,0.0,0.0,0.0
2024-02-14 00:00:00-05:00,47.28263954670618,47.40701821672082,46.78513216607952,47.34004592895508,11400,0.0,0.0,0.0
2024-02-15 00:00:00-05:00,47.627072730144555,48.18199016824516,47.627072730144555,48.095882415771484,10200,0.0,0.0,0.0
2024-02-16 00:00:00-05:00,47.77058164757893,48.162849443825365,47.66533844497598,47.780147552490234,13000,0.0,0.0,0.0
2024-02-20 00:00:00-05:00,47.35917861489102,47.35917861489102,47.09128947952391,47.24436950683594,6700,0.0,0.0,0.0
2024-02-21 00:00:00-05:00,47.387885627157,47.74188619789984,47.29221196732801,47.58880615234375,11000,0.0,0.0,0.0
2024-02-22 00:00:00-05:00,47.66534272019461,47.96193689506736,47.59837043066141,47.88539505004883,12300,0.0,0.0,0.0
2024-02-23 00:00:00-05:00,47.9236654524538,48.287231912914045,47.84712360826595,48.1628532409668,8000,0.0,0.0,0.0
2024-02-26 00:00:00-05:00,47.98107089995003,48.31593233745193,47.923664517928586,48.18198776245117,10800,0.0,0.0,0.0
2024-02-27 00:00:00-05:00,48.162849864254284,48.497711284808844,48.162849864254284,48.421173095703125,7400,0.0,0.0,0.0
2024-02-28 00:00:00-05:00,47.99063680542897,48.42117554629994,47.99063680542897,48.18198776245117,9400,0.0,0.0,0.0
2024-02-29 00:00:00-05:00,48.59338427772724,48.72732883408092,48.43073470950102,48.69862747192383,30900,0.0,0.0,0.0
2024-03-01 00:00:00-05:00,48.66992565186685,48.9378184318583,48.39247061681651,48.82300567626953,15300,0.0,0.0,0.0
2024-03-04 00:00:00-05:00,49.17700619809472,49.23440892617343,48.82300567626953,48.82300567626953,12700,0.0,0.0,0.0
2024-03-05 00:00:00-05:00,48.851714090530606,49.18657552668461,48.69863405547221,48.794307708740234,10100,0.0,0.0,0.0
2024-03-06 00:00:00-05:00,49.119596571051076,49.119596571051076,48.66992243236342,48.851707458496094,8600,0.0,0.0,0.0
2024-03-07 00:00:00-05:00,49.24398026018077,49.693650795148216,49.24398026018077,49.47359848022461,34400,0.0,0.0,0.0
2024-03-08 00:00:00-05:00,49.78932767487377,49.94240770351678,49.339653493984265,49.44489669799805,8500,0.0,0.0,0.0
2024-03-11 00:00:00-04:00,49.138735166404366,49.33965201364851,48.98565514235421,49.28224563598633,13600,0.0,0.0,0.0
2024-03-12 00:00:00-04:00,49.320519445325104,49.645814971713186,49.24398125367161,49.531005859375,9100,0.0,0.0,0.0
2024-03-13 00:00:00-04:00,49.655384954972924,50.076354136987305,49.57884311294345,49.789329528808594,10500,0.0,0.0,0.0
2024-03-14 00:00:00-04:00,49.88500766478116,49.88500766478116,49.02393376286058,49.20571517944336,8800,0.0,0.0,0.0
2024-03-15 00:00:00-04:00,49.664943720833264,49.75105145588014,49.43532187746982,49.511863708496094,24300,0.0,0.0,0.0
2024-03-18 00:00:00-04:00,49.55410143091367,49.573297725552095,49.275760650634766,49.275760650634766,8400,0.164,0.0,0.0
2024-03-19 00:00:00-04:00,49.09339702432593,49.832434165631426,49.09339702432593,49.72686004638672,13500,0.0,0.0,0.0
2024-03-20 00:00:00-04:00,49.68847306630114,50.677058466163565,49.68847306630114,50.600276947021484,8900,0.0,0.0,0.0
2024-03-21 00:00:00-04:00,50.69625561244991,51.24333721780362,50.69625561244991,51.15695571899414,11500,0.0,0.0,0.0
2024-03-22 00:00:00-04:00,51.10896134444989,51.10896134444989,50.63866130983064,50.667457580566406,9700,0.0,0.0,0.0
2024-03-25 00:00:00-04:00,50.77303019031783,51.14734871987664,50.77303019031783,50.94579315185547,6100,0.0,0.0,0.0
2024-03-26 00:00:00-04:00,51.18574884084203,51.18574884084203,50.80183027837034,50.84981918334961,12100,0.0,0.0,0.0
2024-03-27 00:00:00-04:00,51.00338623014828,51.76162338256836,51.00338623014828,51.76162338256836,10800,0.0,0.0,0.0
2024-03-28 00:00:00-04:00,51.943982009192744,52.23191909862723,51.87679681036865,52.11674499511719,14200,0.0,0.0,0.0
2024-04-01 00:00:00-04:00,52.24152206956204,52.52945917549404,51.62725526722205,51.94398498535156,24800,0.0,0.0,0.0
2024-04-02 00:00:00-04:00,51.44488589593687,51.44488589593687,51.0225784371719,51.137752532958984,9100,0.0,0.0,0.0
2024-04-03 00:00:00-04:00,50.91700086241882,51.66564164134919,50.91700086241882,51.61764907836914,116100,0.0,0.0,0.0
2024-04-04 00:00:00-04:00,52.05915784086151,52.05915784086151,50.84981698429797,50.85941696166992,26900,0.0,0.0,0.0
2024-04-05 00:00:00-04:00,50.97459722543935,51.44489365661862,50.84982313374484,51.32971954345703,12800,0.0,0.0,0.0
2024-04-08 00:00:00-04:00,51.512068998388564,51.550461582531334,51.281720816168665,51.33930969238281,10300,0.0,0.0,0.0
2024-04-09 00:00:00-04:00,51.387305350503674,51.531272067996426,50.95539787538775,51.31052017211914,8000,0.0,0.0,0.0
2024-04-10 00:00:00-04:00,50.533087829142055,50.78263232366613,50.18756186647901,50.4083137512207,23000,0.0,0.0,0.0
2024-04-11 00:00:00-04:00,50.619471542570224,50.619471542570224,50.053193670299535,50.35072708129883,6800,0.0,0.0,0.0
2024-04-12 00:00:00-04:00,50.09158012467741,50.09158012467741,49.47731337721838,49.640480041503906,8900,0.0,0.0,0.0
2024-04-15 00:00:00-04:00,50.197156083064954,50.197156083064954,49.02621151129497,49.05500411987305,13300,0.0,0.0,0.0
2024-04-16 00:00:00-04:00,48.86305087534756,49.064606482872975,48.54632115799605,48.949432373046875,12900,0.0,0.0,0.0
2024-04-17 00:00:00-04:00,49.11259447560429,49.14139074851377,48.5079276642883,48.536720275878906,6200,0.0,0.0,0.0
2024-04-18 00:00:00-04:00,48.63269949668279,48.76707356440656,48.19119568669018,48.25838088989258,4400,0.0,0.0,0.0
2024-04-19 00:00:00-04:00,48.02802677401851,48.73827130966181,48.02802677401851,48.555912017822266,9200,0.0,0.0,0.0
2024-04-22 00:00:00-04:00,48.584707134093996,49.42932576456059,48.584707134093996,49.1221923828125,9900,0.0,0.0,0.0
2024-04-23 00:00:00-04:00,49.08379691550696,49.78444513035214,49.08379691550696,49.63087844848633,17500,0.0,0.0,0.0
2024-04-24 00:00:00-04:00,49.707676589241,49.707676589241,49.2469764234429,49.54450988769531,7700,0.0,0.0,0.0
2024-04-25 00:00:00-04:00,49.122196251416014,49.50611483949587,48.795866549943845,49.410133361816406,5700,0.0,0.0,0.0
2024-04-26 00:00:00-04:00,49.53490383051684,49.86123350813021,49.53490383051684,49.79404830932617,335600,0.0,0.0,0.0
2024-04-29 00:00:00-04:00,49.86123420560624,50.07238612137886,49.77485271146146,49.918819427490234,28200,0.0,0.0,0.0
2024-04-30 00:00:00-04:00,49.54450440976166,49.659682184466035,48.8150634765625,48.8150634765625,64700,0.0,0.0,0.0
2024-05-01 00:00:00-04:00,48.815061893069824,49.49651389536299,48.50792849312589,48.7094841003418,7000,0.0,0.0,0.0
2024-05-02 00:00:00-04:00,49.083802085992005,49.3045539855957,48.91103909302931,49.3045539855957,43300,0.0,0.0,0.0
2024-05-03 00:00:00-04:00,49.8036499569649,49.96681664389713,49.49651654060683,49.65968322753906,24300,0.0,0.0,0.0
2024-05-06 00:00:00-04:00,50.16836790065915,50.44670867919922,50.16836790065915,50.44670867919922,4200,0.0,0.0,0.0
2024-05-07 00:00:00-04:00,50.73464576023715,50.85941984391333,50.43710868726128,50.49469757080078,17700,0.0,0.0,0.0
2024-05-08 00:00:00-04:00,50.2547501950464,50.72504660361779,50.2547501950464,50.715450286865234,10400,0.0,0.0,0.0
2024-05-09 00:00:00-04:00,50.81142741476177,51.07057189941406,50.75384219238492,51.07057189941406,10300,0.0,0.0,0.0
2024-05-10 00:00:00-04:00,51.29131541361252,51.29131541361252,50.792222820428044,50.94579315185547,8500,0.0,0.0,0.0
2024-05-13 00:00:00-04:00,51.32971873301646,51.4065039147912,50.96499644222444,51.10896682739258,5900,0.0,0.0,0.0
2024-05-14 00:00:00-04:00,51.54087362067194,51.54087362067194,51.24333653731953,51.464088439941406,8200,0.0,0.0,0.0
2024-05-15 00:00:00-04:00,51.6368530708546,51.87680127625942,51.45449375282179,51.85760498046875,14600,0.0,0.0,0.0
2024-05-16 00:00:00-04:00,51.81921453144206,51.81921453144206,51.47368853997504,51.5600700378418,10800,0.0,0.0,0.0
2024-05-17 00:00:00-04:00,51.646449304966325,51.665645599365234,51.48328263323496,51.665645599365234,6000,0.0,0.0,0.0
2024-05-20 00:00:00-04:00,51.800016599291396,51.800016599291396,51.454490618743286,51.59845733642578,15600,0.0,0.0,0.0
2024-05-21 00:00:00-04:00,51.37769861520724,51.540865267154814,51.281720816168665,51.33930969238281,9100,0.0,0.0,0.0
2024-05-22 00:00:00-04:00,51.156951801550214,51.32011846961508,50.77303690615521,50.96499252319336,16300,0.0,0.0,0.0
2024-05-23 00:00:00-04:00,51.01298255064608,51.01298255064608,50.32193064747184,50.398712158203125,12800,0.0,0.0,0.0
2024-05-24 00:00:00-04:00,50.725045114705985,50.86901549100047,50.725045114705985,50.80183029174805,10000,0.0,0.0,0.0
2024-05-28 00:00:00-04:00,50.75383979650448,51.02258058509382,50.55228054374383,50.696250915527344,20000,0.0,0.0,0.0
2024-05-29 00:00:00-04:00,50.38911875575406,50.38911875575406,49.79404828323631,49.8900260925293,8200,0.0,0.0,0.0
2024-05-30 00:00:00-04:00,50.033995910568464,50.47549968650925,50.033995910568464,50.38911819458008,5000,0.0,0.0,0.0
2024-05-31 00:00:00-04:00,50.715445083988236,51.11855624998013,50.5714747182377,51.08976364135742,10000,0.0,0.0,0.0
2024-06-03 00:00:00-04:00,51.588863940903934,51.588863940903934,50.57148223627358,50.75384521484375,10000,0.0,0.0,0.0
2024-06-04 00:00:00-04:00,50.51388898399247,50.55227790799035,49.84203338623047,49.84203338623047,32000,0.0,0.0,0.0
2024-06-05 00:00:00-04:00,50.10117733337725,50.379518082099864,49.89962175450299,50.29313659667969,8900,0.0,0.0,0.0
2024-06-06 00:00:00-04:00,50.273947857873445,50.4563071716851,49.899629251917496,50.05319595336914,12900,0.0,0.0,0.0
2024-06-07 00:00:00-04:00,50.02439798467086,50.02439798467086,49.707668275485915,49.803646087646484,10000,0.0,0.0,0.0
2024-06-10 00:00:00-04:00,49.62128162752402,50.14916686223118,49.62128162752402,50.033992767333984,3900,0.0,0.0,0.0
2024-06-11 00:00:00-04:00,49.62128287980533,49.62128287980533,49.28535324100956,49.56369400024414,9900,0.0,0.0,0.0
2024-06-12 00:00:00-04:00,50.677052842746676,50.71544542871691,49.93801203875288,50.01479721069336,24200,0.0,0.0,0.0
2024-06-13 00:00:00-04:00,49.90923222528027,49.90923222528027,49.2469764234429,49.54450988769531,7400,0.0,0.0,0.0
2024-06-14 00:00:00-04:00,49.54450830274491,49.54450830274491,48.45034498631225,48.7670783996582,23600,0.0,0.0,0.0
2024-06-17 00:00:00-04:00,48.83425919031561,49.35254452503193,48.63269991764476,49.26616668701172,6800,0.0,0.0,0.0
2024-06-18 00:00:00-04:00,49.44852291443726,49.45811923095605,49.102996938660645,49.24696731567383,11300,0.0,0.0,0.0
2024-06-20 00:00:00-04:00,49.170183582473356,49.534905863318926,49.16058726567271,49.3045539855957,48800,0.0,0.0,0.0
2024-06-21 00:00:00-04:00,49.21816721123805,49.438919087169566,49.12218940824817,49.34294128417969,14400,0.0,0.0,0.0
2024-06-24 00:00:00-04:00,49.62311879947181,50.15266239658983,49.62311879947181,50.00823974609375,16200,0.161,0.0,0.0
2024-06-25 00:00:00-04:00,49.78679921107825,49.78679921107825,49.02618003385342,49.237998962402344,62500,0.0,0.0,0.0
2024-06-26 00:00:00-04:00,48.98767070612424,49.103206634521484,48.814364977117904,49.103206634521484,25200,0.0,0.0,0.0
2024-06-27 00:00:00-04:00,49.02617441619885,49.23799332047654,48.910638501511244,49.209110260009766,12400,0.0,0.0,0.0
2024-06-28 00:00:00-04:00,49.623119179347775,49.9889835305163,49.57497951975408,49.719398498535156,9400,0.0,0.0,0.0
2024-07-01 00:00:00-04:00,49.8156859140267,49.8156859140267,49.315025329589844,49.315025329589844,46900,0.0,0.0,0.0
2024-07-02 00:00:00-04:00,49.54609857176693,49.70977784088477,49.48833244263678,49.690521240234375,36700,0.0,0.0,0.0
2024-07-03 00:00:00-04:00,49.632747657533145,49.931219435646774,49.565351396801155,49.61349105834961,5400,0.0,0.0,0.0
2024-07-05 00:00:00-04:00,49.392050578875164,49.392050578875164,48.65068796442614,48.78548049926758,24800,0.0,0.0,0.0
2024-07-08 00:00:00-04:00,49.26687859804069,49.30539179560989,48.78547464688773,48.949153900146484,14800,0.0,0.0,0.0
2024-07-09 00:00:00-04:00,48.958786236298316,49.286141109265145,48.5929218339633,48.78548049926758,17500,0.0,0.0,0.0
2024-07-10 00:00:00-04:00,48.95878372850667,49.33428192138672,48.84324780067792,49.33428192138672,8100,0.0,0.0,0.0
2024-07-11 00:00:00-04:00,50.017868700011455,51.086586004537544,50.017868700011455,51.06732940673828,13900,0.0,0.0,0.0
2024-07-12 00:00:00-04:00,51.34654798401065,51.558363228263275,51.25026498860425,51.413944244384766,5900,0.0,0.0,0.0
2024-07-15 00:00:00-04:00,51.82795314263461,52.35749677475862,51.80869654310745,51.962745666503906,28700,0.0,0.0,0.0
2024-07-16 00:00:00-04:00,52.29972871370364,53.503238677978516,52.29972871370364,53.503238677978516,116800,0.0,0.0,0.0
2024-07-17 00:00:00-04:00,53.089231189501405,53.926873099924066,53.089231189501405,53.291419982910156,16100,0.0,0.0,0.0
2024-07-18 00:00:00-04:00,53.647662657394854,53.647662657394854,52.40563946235178,52.50191879272461,167400,0.0,0.0,0.0
2024-07-19 00:00:00-04:00,52.49228892759609,52.51154552698714,52.030141560673336,52.174560546875,8200,0.0,0.0,0.0
2024-07-22 00:00:00-04:00,52.51154849800033,52.86778642483806,51.94349163869752,52.82927322387695,9800,0.0,0.0,0.0
2024-07-23 00:00:00-04:00,52.713740658777986,53.25291448818843,52.36712917364421,53.13737487792969,12800,0.0,0.0,0.0
2024-07-24 00:00:00-04:00,53.22401352346353,53.22401352346353,50.239310839802656,52.309349060058594,14400,0.0,0.0,0.0
2024-07-25 00:00:00-04:00,52.42489339955794,53.7439392573213,52.42489339955794,53.14699935913086,14000,0.0,0.0,0.0
2024-07-26 00:00:00-04:00,53.55137413688589,53.89798556703089,53.50323447665923,53.792076110839844,9500,0.0,0.0,0.0
2024-07-29 00:00:00-04:00,53.792082167552586,53.878735034845505,53.4647272992039,53.53212356567383,17800,0.0,0.0,0.0
2024-07-30 00:00:00-04:00,53.85947195794951,54.28310977947484,53.73430957688122,54.15794372558594,64000,0.0,0.0,0.0
2024-07-31 00:00:00-04:00,54.514183222701504,55.217032561251195,54.01352266520979,54.417903900146484,34400,0.0,0.0,0.0
2024-08-01 00:00:00-04:00,54.67786643308121,54.860798628294866,52.588571192575436,52.90629959106445,18600,0.0,0.0,0.0
2024-08-02 00:00:00-04:00,51.77981474452806,51.77981474452806,50.7688670462953,51.096221923828125,17000,0.0,0.0,0.0
2024-08-05 00:00:00-04:00,49.026178000356374,50.19117838623287,48.37147198738269,49.401676177978516,18100,0.0,0.0,0.0
2024-08-06 00:00:00-04:00,49.46907163964675,50.53778901162066,49.46907163964675,50.01787185668945,65200,0.0,0.0,0.0
2024-08-07 00:00:00-04:00,50.85551414440043,50.85551414440043,49.536468319697285,49.65200424194336,12800,0.0,0.0,0.0
2024-08-08 00:00:00-04:00,50.220061647705144,50.807375074595676,50.06601252530933,50.68220901489258,8100,0.0,0.0,0.0
2024-08-09 00:00:00-04:00,50.730350494384766,50.990309086394525,50.55704476637826,50.730350494384766,8600,0.0,0.0,0.0
2024-08-12 00:00:00-04:00,50.95179263136053,50.95179263136053,50.23931683757714,50.32596969604492,6500,0.0,0.0,0.0
2024-08-13 00:00:00-04:00,50.53779160783574,51.048078653063655,50.13341035339745,50.942169189453125,12700,0.0,0.0,0.0
2024-08-14 00:00:00-04:00,51.22138435554935,51.22138435554935,50.865146437703025,50.99993896484375,4400,0.0,0.0,0.0
2024-08-15 00:00:00-04:00,51.72204350228634,52.261213595893814,51.72204350228634,52.059024810791016,12000,0.0,0.0,0.0
2024-08-16 00:00:00-04:00,51.99162835432649,52.37675299644981,51.99162835432649,52.193817138671875,8200,0.0,0.0,0.0
2024-08-19 00:00:00-04:00,52.32861306861263,52.5500621395853,52.213077137581564,52.482662200927734,12200,0.0,0.0,0.0
2024-08-20 00:00:00-04:00,52.405638683256555,52.405638683256555,51.7220458984375,51.7220458984375,11400,0.0,0.0,0.0
2024-08-21 00:00:00-04:00,52.22270747761805,52.38638307448084,51.96274887717035,52.347869873046875,33700,0.0,0.0,0.0
2024-08-22 00:00:00-04:00,52.33824360489197,52.55968900473412,52.19382093538485,52.23233413696289,6500,0.0,0.0,0.0
2024-08-23 00:00:00-04:00,52.66559830298829,53.869108302266724,52.66559830298829,53.80171203613281,10900,0.0,0.0,0.0
2024-08-26 00:00:00-04:00,54.10980669285264,54.27348227888281,53.58988952636719,53.58988952636719,8700,0.0,0.0,0.0
2024-08-27 00:00:00-04:00,53.406963559479536,53.406963559479536,53.12774834428311,53.27217102050781,12200,0.0,0.0,0.0
2024-08-28 00:00:00-04:00,53.22402188046275,53.378071004333606,53.01220663065334,53.301048278808594,8400,0.0,0.0,0.0
2024-08-29 00:00:00-04:00,53.78245203680356,53.95575775957386,53.1277423447426,53.4743537902832,17100,0.0,0.0,0.0
2024-08-30 00:00:00-04:00,53.62840629351288,53.82096862792969,53.34919109224956,53.82096862792969,6300,0.0,0.0,0.0
2024-09-03 00:00:00-04:00,53.33955866875673,53.33955866875673,52.453773498535156,52.453773498535156,9300,0.0,0.0,0.0
2024-09-04 00:00:00-04:00,52.41526474868087,52.752249743057014,51.8953512343987,51.972373962402344,12500,0.0,0.0,0.0
2024-09-05 00:00:00-04:00,52.16494059594689,52.16494059594689,51.5102308261994,51.606510162353516,6600,0.0,0.0,0.0
2024-09-06 00:00:00-04:00,51.914600109457396,51.914600109457396,50.691837310791016,50.691837310791016,9200,0.0,0.0,0.0
2024-09-09 00:00:00-04:00,50.84588623730283,51.21175059282904,50.826629638671875,50.826629638671875,10100,0.0,0.0,0.0
2024-09-10 00:00:00-04:00,50.90365681187021,50.90365681187021,49.81568644023371,50.36448669433594,10100,0.0,0.0,0.0
2024-09-11 00:00:00-04:00,50.22006243727558,50.23931903698041,49.16097516325577,50.123783111572266,29200,0.0,0.0,0.0
2024-09-12 00:00:00-04:00,50.22006162512333,50.80737505174977,50.22006162512333,50.7399787902832,11500,0.0,0.0,0.0
2024-09-13 00:00:00-04:00,51.28877961472123,51.81832324932714,51.23100981586899,51.7124137878418,17100,0.0,0.0,0.0
2024-09-16 00:00:00-04:00,51.876090420351325,52.367120830848854,51.84720368597808,52.3189811706543,14300,0.0,0.0,0.0
2024-09-17 00:00:00-04:00,52.44414880861985,53.00257549481188,52.44414880861985,52.617454528808594,11900,0.0,0.0,0.0
2024-09-18 00:00:00-04:00,52.80038814660799,53.84984895945204,52.492289896307064,52.915924072265625,26300,0.0,0.0,0.0
2024-09-19 00:00:00-04:00,54.032787515969375,54.07130072000127,53.54175701943727,53.93650817871094,25500,0.0,0.0,0.0
2024-09-20 00:00:00-04:00,53.78244819375373,53.78244819375373,53.32030085699615,53.49360656738281,13500,0.0,0.0,0.0
2024-09-23 00:00:00-04:00,53.72378517066889,53.72378517066889,53.33693744070628,53.6657600402832,7400,0.248,0.0,0.0
2024-09-24 00:00:00-04:00,53.77214384699678,53.77214384699678,53.30792433009089,53.443321228027344,18200,0.0,0.0,0.0
2024-09-25 00:00:00-04:00,53.44331617814607,53.44331617814607,52.72764587402344,52.72764587402344,10400,0.0,0.0,0.0
2024-09-26 00:00:00-04:00,53.20153750248364,53.307921828523945,53.00811547981609,53.08548355102539,15600,0.0,0.0,0.0
2024-09-27 00:00:00-04:00,53.61740094103156,53.80115702568171,53.14351182536115,53.4529914855957,12800,0.0,0.0,0.0
2024-09-30 00:00:00-04:00,53.33693708736973,53.607730865478516,53.07581293449833,53.607730865478516,5100,0.0,0.0,0.0
2024-10-01 00:00:00-04:00,53.60773091629239,53.60773091629239,52.8533747112523,52.911399841308594,7000,0.0,0.0,0.0
2024-10-02 00:00:00-04:00,53.056469053267534,53.11449418223919,52.83403078386976,52.84370040893555,17300,0.0,0.0,0.0
2024-10-03 00:00:00-04:00,52.90173241346785,52.911402039116034,52.25375681637852,52.83403396606445,33700,0.0,0.0,0.0
2024-10-04 00:00:00-04:00,53.73346061225148,53.73346061225148,53.25956778937459,53.48200607299805,20900,0.0,0.0,0.0
2024-10-07 00:00:00-04:00,53.404631849326776,53.41430147389737,53.00811083474348,53.28857421875,12000,0.0,0.0,0.0
2024-10-08 00:00:00-04:00,53.288576053079844,53.36594780946103,52.87271208575198,53.15317916870117,17400,0.0,0.0,0.0
2024-10-09 00:00:00-04:00,53.085481580276564,53.75280007728725,52.95008469372033,53.54003143310547,14500,0.0,0.0,0.0
2024-10-10 00:00:00-04:00,53.21121135097732,53.327265303599766,53.03712857739935,53.30792236328125,13300,0.0,0.0,0.0
2024-10-11 00:00:00-04:00,53.394962789700095,54.34274471252843,53.394962789700095,54.3137321472168,5800,0.0,0.0,0.0
2024-10-14 00:00:00-04:00,54.188007825551075,54.5458467005123,54.14932563279721,54.51683044433594,6900,0.0,0.0,0.0
2024-10-15 00:00:00-04:00,54.3911076168611,55.08743505685333,54.3911076168611,54.52650451660156,6600,0.0,0.0,0.0
2024-10-16 00:00:00-04:00,54.8166407504237,55.39691422659895,54.71025641895753,55.27119064331055,8300,0.0,0.0,0.0
2024-10-17 00:00:00-04:00,55.280861015043804,55.60001401374819,55.23250550625827,55.55165481567383,7200,0.0,0.0,0.0
2024-10-18 00:00:00-04:00,55.56132575619289,55.56132575619289,55.164804698237596,55.4646110534668,17000,0.0,0.0,0.0
2024-10-21 00:00:00-04:00,55.348552383254024,55.348552383254024,54.11063380815201,54.217018127441406,12400,0.0,0.0,0.0
2024-10-22 00:00:00-04:00,54.11063789311918,54.30406360740322,53.84951373222902,54.168663024902344,10800,0.0,0.0,0.0
2024-10-23 00:00:00-04:00,54.12998511103172,54.33308046689944,53.70444776812153,54.0139274597168,10500,0.0,0.0,0.0
2024-10-24 00:00:00-04:00,54.12031127264052,54.294394058642325,53.98491437003665,54.27505111694336,5400,0.0,0.0,0.0
2024-10-25 00:00:00-04:00,54.46847298712689,54.46847298712689,53.73345970106507,53.79148483276367,7600,0.0,0.0,0.0
2024-10-28 00:00:00-04:00,53.96557125825062,54.62321651678717,53.96557125825062,54.59420394897461,10500,0.0,0.0,0.0
2024-10-29 00:00:00-04:00,54.02359507286021,54.32340141722213,54.02359507286021,54.25570297241211,7100,0.0,0.0,0.0
2024-10-30 00:00:00-04:00,54.33307414502601,55.10677328399114,54.226689821676715,54.72959518432617,10800,0.0,0.0,0.0
2024-10-31 00:00:00-04:00,54.584527708298396,54.61354396384485,53.8011589050293,53.8011589050293,12600,0.0,0.0,0.0
2024-11-01 00:00:00-04:00,54.1396483906089,54.33307409750312,53.54970164476133,53.65608596801758,11900,0.0,0.0,0.0
2024-11-04 00:00:00-05:00,53.44331526414269,54.013919048405924,53.44331526414269,53.733455657958984,18800,0.0,0.0,0.0
2024-11-05 00:00:00-05:00,53.54003585057074,54.62321472167969,53.54003585057074,54.62321472167969,8000,0.0,0.0,0.0
2024-11-06 00:00:00-05:00,56.973326117222186,58.43368305207199,56.973326117222186,58.34664535522461,14900,0.0,0.0,0.0
2024-11-07 00:00:00-05:00,58.24026073629303,58.24026073629303,57.47623120508132,57.59228515625,21600,0.0,0.0,0.0
2024-11-08 00:00:00-05:00,57.42787801319584,57.950122659139446,57.42787801319584,57.78571319580078,17500,0.0,0.0,0.0
2024-11-11 00:00:00-05:00,58.50138670441714,58.926920331401284,58.46270082306712,58.636783599853516,32200,0.0,0.0,0.0
2024-11-12 00:00:00-05:00,58.30796188609817,58.56908605530445,57.708341783792434,57.84374237060547,22800,0.0,0.0,0.0
2024-11-13 00:00:00-05:00,58.24993181850012,58.24993181850012,57.505245208740234,57.505245208740234,12900,0.0,0.0,0.0
2024-11-14 00:00:00-05:00,57.92110966739629,57.92110966739629,57.08938166315773,57.35050582885742,13400,0.0,0.0,0.0
2024-11-15 00:00:00-05:00,57.369847298339344,57.49557456510875,56.68318952241709,56.953983306884766,15100,0.0,0.0,0.0
2024-11-18 00:00:00-05:00,57.00234153818488,57.27313902488857,56.9733289711158,57.099056243896484,21200,0.0,0.0,0.0
2024-11-19 00:00:00-05:00,56.41239859697327,56.89596105905209,56.41239859697327,56.779903411865234,71600,0.0,0.0,0.0
2024-11-20 00:00:00-05:00,56.683190326667834,56.86694272740828,56.55746305811455,56.85727310180664,22500,0.0,0.0,0.0
2024-11-21 00:00:00-05:00,57.118399255871594,58.13387968672555,57.118399255871594,57.95979690551758,15200,0.0,0.0,0.0
2024-11-22 00:00:00-05:00,58.02748962233245,58.92691600662168,58.02748962233245,58.89790344238281,14900,0.0,0.0,0.0
2024-11-25 00:00:00-05:00,59.55554994341983,60.44530303321019,59.55554994341983,59.990753173828125,16700,0.0,0.0,0.0
2024-11-26 00:00:00-05:00,59.671602408672825,59.74897047620176,59.19770962138755,59.59423065185547,12500,0.0,0.0,0.0
2024-11-27 00:00:00-05:00,59.82634598505315,60.11648271273746,59.21705627441406,59.21705627441406,11800,0.0,0.0,0.0
2024-11-29 00:00:00-05:00,59.55554989816634,59.96174056338238,59.42014932047248,59.5071907043457,7800,0.0,0.0,0.0
2024-12-02 00:00:00-05:00,59.478179040117205,59.49752198008065,58.90757522370551,59.19771194458008,13400,0.0,0.0,0.0
2024-12-03 00:00:00-05:00,59.25574830180742,59.25574830180742,58.71415698180614,58.92692565917969,11700,0.0,0.0,0.0
2024-12-04 00:00:00-05:00,58.85922147797906,58.91724661031544,58.211245882343,58.68513870239258,6900,0.0,0.0,0.0
2024-12-05 00:00:00-05:00,58.675464270306556,58.946261743445525,58.34664535522461,58.34664535522461,50100,0.0,0.0,0.0
2024-12-06 00:00:00-05:00,58.095193398051826,58.095193398051826,57.776044094262005,58.00815200805664,15800,0.0,0.0,0.0
2024-12-09 00:00:00-05:00,58.317630214097825,58.3950019762691,57.55360066445552,57.611629486083984,9400,0.0,0.0,0.0
2024-12-10 00:00:00-05:00,57.74702169136438,57.8824185748808,57.09904983759625,57.22477340698242,8300,0.0,0.0,0.0
2024-12-11 00:00:00-05:00,57.57294660429474,57.8727566643942,57.49557852738161,57.708343505859375,9600,0.0,0.0,0.0
2024-12-12 00:00:00-05:00,57.64064378401861,57.64064378401861,57.15708132378594,57.205440521240234,11600,0.0,0.0,0.0
2024-12-13 00:00:00-05:00,57.28280437545831,57.28280437545831,56.509105233955246,56.66384506225586,11800,0.0,0.0,0.0
2024-12-16 00:00:00-05:00,56.61549301723312,56.818588362546535,56.53812125371063,56.60581970214844,12500,0.0,0.0,0.0
2024-12-17 00:00:00-05:00,56.31568224477561,56.43173619928119,55.47428461835489,55.735408782958984,18500,0.0,0.0,0.0
2024-12-18 00:00:00-05:00,55.832118366477225,55.96751525814648,53.269239671608354,53.56904602050781,11100,0.0,0.0,0.0
2024-12-19 00:00:00-05:00,54.20734920779997,54.20734920779997,53.22088137981199,53.25956726074219,9000,0.0,0.0,0.0
2024-12-20 00:00:00-05:00,53.0274584538308,54.19767866244488,52.99844219898125,53.56904602050781,31300,0.0,0.0,0.0
2024-12-23 00:00:00-05:00,53.66808994251794,53.804031678963035,53.21171093805123,53.76519012451172,12700,0.222,0.0,0.0
2024-12-24 00:00:00-05:00,53.96911003083143,54.23128128051758,53.79432672828416,54.23128128051758,12500,0.0,0.0,0.0
2024-12-26 00:00:00-05:00,54.1050454472908,54.54199994841058,54.1050454472908,54.532291412353516,9400,0.0,0.0,0.0
2024-12-27 00:00:00-05:00,54.279833798409854,54.54200504191131,53.677800790889265,53.93997573852539,44400,0.0,0.0,0.0
2024-12-30 00:00:00-05:00,53.7749066233999,53.84287749700478,53.17287359413555,53.716644287109375,28900,0.0,0.0,0.0
2024-12-31 00:00:00-05:00,54.03708069134662,54.03708069134662,53.59041019540532,53.813743591308594,15500,0.0,0.0,0.0
2025-01-02 00:00:00-05:00,54.182731340756035,54.182731340756035,53.27968550973221,53.337947845458984,15800,0.0,0.0,0.0
2025-01-03 00:00:00-05:00,53.59040607025634,53.89142255676451,53.25055173398458,53.8622932434082,14400,0.0,0.0,0.0
2025-01-06 00:00:00-05:00,54.095333584073224,54.36722074931176,53.51272510909728,53.59040451049805,11000,0.0,0.0,0.0
2025-01-07 00:00:00-05:00,53.72634906971983,53.823449245922134,53.036924483800036,53.25054931640625,13900,0.0,0.0,0.0
2025-01-08 00:00:00-05:00,52.94953620010051,53.357365115098396,52.71649428078845,53.299102783203125,43800,0.0,0.0,0.0
2025-01-10 00:00:00-05:00,52.68736228749316,52.68736228749316,52.04649144071888,52.28924560546875,25500,0.0,0.0,0.0
2025-01-13 00:00:00-05:00,51.9396786067202,52.82330354827216,51.91054559044567,52.774749755859375,24200,0.0,0.0,0.0
2025-01-14 00:00:00-05:00,53.1728721087875,53.98852627339609,53.1728721087875,53.89142608642578,15800,0.0,0.0,0.0
2025-01-15 00:00:00-05:00,55.32852868772759,55.32852868772759,54.62939550915775,54.95954132080078,15300,0.0,0.0,0.0
2025-01-16 00:00:00-05:00,55.04693603515625,55.056648276585626,54.6196900156336,55.04693603515625,13700,0.0,0.0,0.0
2025-01-17 00:00:00-05:00,55.42563428645065,55.532443010575456,55.173167873449145,55.21200942993164,9700,0.0,0.0,0.0
2025-01-21 00:00:00-05:00,55.61983436954343,56.12476348876953,55.61983436954343,56.12476348876953,13900,0.0,0.0,0.0
2025-01-22 00:00:00-05:00,55.95969309777164,55.97911387614274,55.503314066387645,55.61012649536133,18100,0.0,0.0,0.0
2025-01-23 00:00:00-05:00,55.43533867112786,55.87229688848887,55.309105474082585,55.687801361083984,29600,0.0,0.0,0.0
2025-01-24 00:00:00-05:00,55.50331219140366,55.72664557892467,55.377078988323234,55.38679122924805,15800,0.0,0.0,0.0
2025-01-27 00:00:00-05:00,55.31882045488022,56.1538953773964,55.31882045488022,55.81403732299805,12900,0.0,0.0,0.0
2025-01-28 00:00:00-05:00,55.96939937814152,56.04708248849364,55.513020365159235,55.87229919433594,56600,0.0,0.0,0.0
2025-01-29 00:00:00-05:00,55.62954562244009,56.16360404732091,55.47418310421777,55.80432891845703,111600,0.0,0.0,0.0
2025-01-30 00:00:00-05:00,56.34809798118555,56.7753477003285,56.21215623568907,56.4452018737793,10600,0.0,0.0,0.0
2025-01-31 00:00:00-05:00,56.34809823572177,56.61027319070704,55.89172290294129,55.96940231323242,19000,0.0,0.0,0.0
2025-02-03 00:00:00-05:00,54.67795189057547,55.5324439224128,54.45461849333608,55.10519790649414,13500,0.0,0.0,0.0
2025-02-04 00:00:00-05:00,55.085774140763235,55.53244091102036,55.037224049063035,55.45476150512695,13900,0.0,0.0,0.0
2025-02-05 00:00:00-05:00,55.65867227353418,56.12475980589665,55.55185985284257,56.11505126953125,38700,0.0,0.0,0.0
2025-02-06 00:00:00-05:00,56.24128003942247,56.41606332482665,55.8820049323736,56.19272994995117,9700,0.0,0.0,0.0
2025-02-07 00:00:00-05:00,56.16359862375388,56.16359862375388,55.39649464354943,55.53243637084961,19400,0.0,0.0,0.0
2025-02-10 00:00:00-05:00,55.88200871863126,55.88200871863126,55.29940019723256,55.30910873413086,17100,0.0,0.0,0.0
2025-02-11 00:00:00-05:00,55.19259005320179,55.60041529421982,55.12461917969878,55.49360656738281,11500,0.0,0.0,0.0
2025-02-12 00:00:00-05:00,55.12461696276998,55.144037740723334,54.79447114583212,54.86244201660156,13400,0.0,0.0,0.0
2025-02-13 00:00:00-05:00,55.2022961537761,55.493604117798476,54.89157111601123,55.328529357910156,27700,0.0,0.0,0.0
2025-02-14 00:00:00-05:00,55.50331161843233,55.949978388863315,55.39649919416958,55.44504928588867,8900,0.0,0.0,0.0
2025-02-18 00:00:00-05:00,55.37708212178153,55.959694373795344,55.30911124800014,55.901432037353516,13500,0.0,0.0,0.0
2025-02-19 00:00:00-05:00,55.60040708222683,55.639248633958864,55.250844229041256,55.551856994628906,11600,0.0,0.0,0.0
2025-02-20 00:00:00-05:00,55.250845732088315,55.53243772947039,54.55171259842942,54.9304084777832,10700,0.0,0.0,0.0
2025-02-21 00:00:00-05:00,55.114902634575564,55.114902634575564,53.76519010307379,53.77490234375,11400,0.0,0.0,0.0
2025-02-24 00:00:00-05:00,54.14388879502941,54.31867209488373,53.88171754938263,53.89142608642578,19000,0.0,0.0,0.0
2025-02-25 00:00:00-05:00,54.0856288174375,54.328382982951915,53.677799893223295,54.04678726196289,13800,0.0,0.0,0.0
2025-02-26 00:00:00-05:00,54.29925228611275,54.64881889206249,53.88171851137807,54.22157287597656,10900,0.0,0.0,0.0
2025-02-27 00:00:00-05:00,54.65852522587575,54.65852522587575,53.920550536601695,54.01765441894531,11300,0.0,0.0,0.0
2025-02-28 00:00:00-05:00,53.94968352479629,54.48374191293305,53.80402955342519,54.46432113647461,13100,0.0,0.0,0.0
2025-03-03 00:00:00-05:00,54.609979391490214,54.75562967015186,53.22142525093488,53.522438049316406,9500,0.0,0.0,0.0
2025-03-04 00:00:00-05:00,52.99808791251744,52.99808791251744,51.832867249348325,52.20185089111328,13000,0.0,0.0,0.0
2025-03-05 00:00:00-05:00,52.25040737207836,52.89127821416515,51.871707766365404,52.78446578979492,11500,0.0,0.0,0.0
2025-03-06 00:00:00-05:00,52.21156313144805,52.49315883500634,51.978517517160476,52.20185089111328,6000,0.0,0.0,0.0
2025-03-07 00:00:00-05:00,52.24069764653558,52.4931640625,51.33765182046042,52.4931640625,6900,0.0,0.0,0.0
2025-03-10 00:00:00-04:00,51.72605626104418,52.14359370776194,51.03663534358349,51.1434440612793,17800,0.0,0.0,0.0
2025-03-11 00:00:00-04:00,51.289093322261074,51.289093322261074,50.49286005616762,50.803585052490234,28300,0.0,0.0,0.0
2025-03-12 00:00:00-04:00,51.46387659570931,51.46387659570931,50.54141014231788,50.803585052490234,6800,0.0,0.0,0.0
2025-03-13 00:00:00-04:00,50.842432586439735,50.99779510288482,49.939386802060575,50.10445785522461,30000,0.0,0.0,0.0
2025-03-14 00:00:00-04:00,50.58996804126525,51.22113037109375,50.5317094105415,51.22113037109375,16200,0.0,0.0,0.0
2025-03-17 00:00:00-04:00,51.13373760505803,51.949391754604115,51.13373760505803,51.794029235839844,12000,0.0,0.0,0.0
2025-03-18 00:00:00-04:00,51.73576501934699,51.755185796502545,51.43475223377221,51.57069396972656,10500,0.0,0.0,0.0
2025-03-19 00:00:00-04:00,51.696928837995245,52.580553854357284,51.696928837995245,52.26011657714844,11600,0.0,0.0,0.0
2025-03-20 00:00:00-04:00,51.87171005226408,52.55142247937283,51.87171005226408,52.075626373291016,15300,0.0,0.0,0.0
2025-03-21 00:00:00-04:00,51.463881241551505,51.82315635645752,51.20170630771162,51.609535217285156,6200,0.0,0.0,0.0
2025-03-24 00:00:00-04:00,52.35777948423064,53.003326416015625,52.32843762906457,53.003326416015625,8700,0.385,0.0,0.0
2025-03-25 00:00:00-04:00,53.11092009328655,53.14026568066414,52.79792785644531,52.79792785644531,6800,0.0,0.0,0.0
2025-03-26 00:00:00-04:00,53.13048312974273,53.21851243047192,52.62186980676983,52.68055725097656,4900,0.0,0.0,0.0
2025-03-27 00:00:00-04:00,52.44581038763575,52.55340216808974,52.1719431145978,52.28931427001953,6800,0.0,0.0,0.0
2025-03-28 00:00:00-04:00,52.23063421555784,52.23063421555784,51.17428254930156,51.41880798339844,23800,0.0,0.0,0.0
2025-03-31 00:00:00-04:00,50.71456939931299,51.95675895086257,50.71456939931299,51.5850830078125,70500,0.0,0.0,0.0
2025-04-01 00:00:00-04:00,51.51661099266319,52.19150350440951,51.154714434769495,51.98610305786133,12000,0.0,0.0,0.0
2025-04-02 00:00:00-04:00,51.53617781711917,52.72946309869037,51.53617781711917,52.690338134765625,12900,0.0,0.0,0.0
2025-04-03 00:00:00-04:00,49.5897525252317,49.95164907731573,49.012672424316406,49.012672424316406,52000,0.0,0.0,0.0
2025-04-04 00:00:00-04:00,47.349900602527605,47.49661734210581,45.86318565070441,46.851070404052734,41200,0.0,0.0,0.0
2025-04-07 00:00:00-04:00,45.188297652398795,47.20318469360469,44.679684339048855,46.1566162109375,54800,0.0,0.0,0.0
2025-04-08 00:00:00-04:00,47.95632212481155,47.96610523064363,45.20785890953695,45.520851135253906,38900,0.0,0.0,0.0
2025-04-09 00:00:00-04:00,44.894866943359375,49.48216230961168,44.767712684938765,49.38435363769531,45700,0.0,0.0,0.0
2025-04-10 00:00:00-04:00,48.15194313190993,48.20084746751759,46.430485892853575,47.379241943359375,18000,0.0,0.0,0.0
2025-04-11 00:00:00-04:00,47.056470215807934,47.83895077689337,46.30333150977519,47.69223403930664,12300,0.0,0.0,0.0
2025-04-14 00:00:00-04:00,48.43559892844266,48.60187443436936,47.868298124584875,48.52362823486328,16900,0.0,0.0,0.0
2025-04-15 00:00:00-04:00,48.30843864725708,48.944206195780794,48.30843864725708,48.582305908203125,11500,0.0,0.0,0.0
2025-04-16 00:00:00-04:00,48.37690605212582,48.7877106797135,47.63355044999991,48.1030387878418,19400,0.0,0.0,0.0
2025-04-17 00:00:00-04:00,48.357342188871876,48.94420539276406,48.357342188871876,48.55296325683594,23300,0.0,0.0,0.0
2025-04-21 00:00:00-04:00,48.17150315119668,48.239969963781604,47.18362219021313,47.65311050415039,39100,0.0,0.0,0.0
2025-04-22 00:00:00-04:00,48.1812884237269,49.139831379583995,48.1812884237269,49.09092330932617,14100,0.0,0.0,0.0
2025-04-23 00:00:00-04:00,50.284207474666424,50.82216265516334,49.687564849853516,49.687564849853516,15800,0.0,0.0,0.0
2025-04-24 00:00:00-04:00,49.726687494951946,50.55807239595404,49.57997075658139,50.421138763427734,10200,0.0,0.0,0.0
2025-04-25 00:00:00-04:00,50.13749170506253,50.421142094699874,49.99077868816045,50.17661666870117,8300,0.0,0.0,0.0
2025-04-28 00:00:00-04:00,50.11792726688707,50.55806999880663,49.93208557627427,50.38201141357422,16700,0.0,0.0,0.0
2025-04-29 00:00:00-04:00,50.33310908876088,50.714568128266535,50.03967934538434,50.58741760253906,4700,0.0,0.0,0.0
2025-04-30 00:00:00-04:00,49.80493327301271,50.22551727294922,49.31588245738063,50.22551727294922,14900,0.0,0.0,0.0
2025-05-01 00:00:00-04:00,50.03968217008949,50.97865889436363,49.9320903875069,50.50917053222656,6500,0.0,0.0,0.0
2025-05-02 00:00:00-04:00,51.24274518932526,51.72201664274271,51.24274518932526,51.5850830078125,27100,0.0,0.0,0.0
2025-05-05 00:00:00-04:00,51.2329692058714,51.99588735450541,51.2329692058714,51.38946533203125,9200,0.0,0.0,0.0
2025-05-06 00:00:00-04:00,51.20362440742134,51.604645970093735,51.01778642072604,51.41880798339844,15300,0.0,0.0,0.0
2025-05-07 00:00:00-04:00,51.487275124579384,51.86873420714153,51.46771264199132,51.56552505493164,19400,0.0,0.0,0.0
2025-05-08 00:00:00-04:00,52.035010512896605,52.670774370972666,51.800264466223005,52.41646957397461,8800,0.0,0.0,0.0
2025-05-09 00:00:00-04:00,52.592522864458324,52.592522864458324,52.0643471111587,52.09368896484375,19300,0.0,0.0,0.0
2025-05-12 00:00:00-04:00,54.05967855027871,54.10858288646228,53.56084462018596,54.02055358886719,11100,0.0,0.0,0.0
2025-05-13 00:00:00-04:00,53.99121499162873,54.37267406050704,53.99121499162873,54.1379280090332,11300,0.0,0.0,0.0
2025-05-14 00:00:00-04:00,53.834719262121425,54.16727399430138,53.76625244059867,53.92274856567383,6900,0.0,0.0,0.0
2025-05-15 00:00:00-04:00,53.88361916078516,54.06945712800793,53.66843560735549,53.9912109375,8200,0.0,0.0,0.0
2025-05-16 00:00:00-04:00,54.14770946416952,54.490043558834756,53.844496600921886,54.441139221191406,8400,0.0,0.0,0.0
2025-05-19 00:00:00-04:00,54.04011703071587,54.47048042041194,54.04011703071587,54.09880447387695,21400,0.0,0.0,0.0
2025-05-20 00:00:00-04:00,54.28464388003367,54.45091937663645,53.89340171095608,54.0596809387207,7400,0.0,0.0,0.0
2025-05-21 00:00:00-04:00,53.71734093910497,53.71734093910497,52.62186813354492,52.62186813354492,12500,0.0,0.0,0.0
2025-05-22 00:00:00-04:00,52.50449752807617,52.73923983756561,52.308876449393814,52.50449752807617,7300,0.0,0.0,0.0
2025-05-23 00:00:00-04:00,51.69266813531682,52.60230292300249,51.69266813531682,52.387123107910156,9000,0.0,0.0,0.0
2025-05-27 00:00:00-04:00,53.12070183116676,53.668436365949326,52.76858464099987,53.6097526550293,7500,0.0,0.0,0.0
2025-05-28 00:00:00-04:00,53.44347514254774,53.44347514254774,52.944644927978516,52.944644927978516,34800,0.0,0.0,0.0
2025-05-29 00:00:00-04:00,53.365228723711986,53.365228723711986,52.83705292380745,53.20873260498047,13200,0.0,0.0,0.0
2025-05-30 00:00:00-04:00,53.00332385397632,53.0620112926333,52.63164793596648,52.866390228271484,7800,0.0,0.0,0.0
2025-06-02 00:00:00-04:00,52.660993974581956,52.700118936795796,52.12303880320779,52.651214599609375,3800,0.0,0.0,0.0
2025-06-03 00:00:00-04:00,52.729461303692624,53.45325818701344,52.670773859803326,53.306541442871094,9400,0.0,0.0,0.0
2025-06-04 00:00:00-04:00,53.208732910601306,53.37500840532532,52.954424384225774,52.99354934692383,11600,0.0,0.0,0.0
2025-06-05 00:00:00-04:00,52.81749232205345,52.95442596442101,52.318662091834184,52.64143371582031,6700,0.0,0.0,0.0
2025-06-06 00:00:00-04:00,53.30654319416383,53.41413497924805,53.14026769442416,53.41413497924805,7600,0.0,0.0,0.0
2025-06-09 00:00:00-04:00,53.5021622197428,53.785812600181735,53.3065411390552,53.521724700927734,13100,0.0,0.0,0.0
2025-06-10 00:00:00-04:00,53.619533316856085,53.96186740931243,53.45325782370923,53.88362121582031,15500,0.0,0.0,0.0
2025-06-11 00:00:00-04:00,54.04989837255036,54.04989837255036,53.43369698716309,53.58041000366211,17000,0.0,0.0,0.0
2025-06-12 00:00:00-04:00,53.22829437547695,53.66844090037336,53.20873562429222,53.59019470214844,8900,0.0,0.0,0.0
2025-06-13 00:00:00-04:00,52.944641951158005,53.22828858643152,52.51427484866018,52.61208724975586,34200,0.0,0.0,0.0
2025-06-16 00:00:00-04:00,53.23807446125457,53.57062917995427,53.09135771756049,53.20873260498047,10100,0.0,0.0,0.0
2025-06-17 00:00:00-04:00,52.817490092275555,53.13048232766277,52.50449785688835,52.651214599609375,6500,0.0,0.0,0.0
2025-06-18 00:00:00-04:00,52.69033394131411,53.31631838964225,52.69033394131411,52.85661315917969,12800,0.0,0.0,0.0
2025-06-20 00:00:00-04:00,53.09135779874079,53.3261038427779,52.915299198503405,53.25763702392578,22600,0.0,0.0,0.0
2025-06-23 00:00:00-04:00,53.138545037384844,54.024349212646484,53.138545037384844,54.024349212646484,3600,0.339,0.0,0.0
2025-06-24 00:00:00-04:00,54.30977878378256,54.82157852413091,54.29993438720703,54.29993438720703,9800,0.0,0.0,0.0
2025-06-25 00:00:00-04:00,54.22119600669571,54.22119600669571,53.63065988800032,53.67987060546875,14700,0.0,0.0,0.0
2025-06-26 00:00:00-04:00,53.94561685123888,54.486942291259766,53.87672109093826,54.486942291259766,12200,0.0,0.0,0.0
2025-06-27 00:00:00-04:00,54.78220599649737,55.04794837409182,54.4672529018381,54.71331024169922,11300,0.0,0.0,0.0
2025-06-30 00:00:00-04:00,54.97905020968687,54.97905020968687,54.585356981348944,54.75267791748047,16000,0.0,0.0,0.0
2025-07-01 00:00:00-04:00,54.72315066255491,56.1010732620337,54.72315066255491,55.80580520629883,7500,0.0,0.0,0.0
2025-07-02 00:00:00-04:00,55.884543346433524,56.3372917175293,55.64833039628865,56.3372917175293,7900,0.0,0.0,0.0
2025-07-03 00:00:00-04:00,56.701452059959884,56.967194428469824,56.681767022899486,56.829402923583984,5300,0.0,0.0,0.0
2025-07-07 00:00:00-04:00,56.612874020651674,56.97703783761737,56.00265286028321,56.13059997558594,16200,0.0,0.0,0.0
2025-07-08 00:00:00-04:00,56.39634493120465,56.84908956264226,56.39634493120465,56.524295806884766,8200,0.0,0.0,0.0
2025-07-09 00:00:00-04:00,56.74082551616215,56.81956191455995,56.42587241349665,56.71129608154297,11000,0.0,0.0,0.0
2025-07-10 00:00:00-04:00,56.68177007420175,57.29199123777582,56.66208503608167,56.99672317504883,5500,0.0,0.0,0.0
2025-07-11 00:00:00-04:00,56.809720611563186,56.809720611563186,56.2880764907829,56.504608154296875,10900,0.0,0.0,0.0
2025-07-14 00:00:00-04:00,56.484922578523815,56.730979919433594,56.4553968990665,56.730979919433594,4500,0.0,0.0,0.0
2025-07-15 00:00:00-04:00,56.87861653478523,56.87861653478523,55.38258743286133,55.38258743286133,64100,0.0,0.0,0.0
2025-07-16 00:00:00-04:00,55.62864049913069,55.85501278763749,55.038100666274985,55.63848114013672,15500,0.0,0.0,0.0
2025-07-17 00:00:00-04:00,55.72706719853804,56.18965621485058,55.60896072260998,56.081390380859375,13300,0.0,0.0,0.0
2025-07-18 00:00:00-04:00,56.50460448881386,56.50460448881386,55.91406840513135,56.160125732421875,28600,0.0,0.0,0.0
2025-07-21 00:00:00-04:00,56.504605257842364,56.652241158040745,56.0026499553343,56.02233123779297,12400,0.0,0.0,0.0
2025-07-22 00:00:00-04:00,56.09123042168913,56.80971737247609,56.09123042168913,56.681766510009766,8800,0.0,0.0,0.0
2025-07-23 00:00:00-04:00,56.977036133903724,56.977036133903724,56.52429153666941,56.780189514160156,9100,0.0,0.0,0.0
2025-07-24 00:00:00-04:00,56.711291220834035,56.711291220834035,56.012489318847656,56.012489318847656,13400,0.0,0.0,0.0
2025-07-25 00:00:00-04:00,56.14044479967604,56.30776199228713,55.618800674601815,56.24871063232422,7400,0.0,0.0,0.0
2025-07-28 00:00:00-04:00,56.31760814068775,56.33729317946683,55.78612335726418,56.002655029296875,12000,0.0,0.0,0.0
2025-07-29 00:00:00-04:00,56.17981250160761,56.19949378440535,55.77627486805159,55.91407012939453,10000,0.0,0.0,0.0
2025-07-30 00:00:00-04:00,56.061702378159,56.288074676108714,55.51053634994646,55.56958770751953,11000,0.0,0.0,0.0
2025-07-31 00:00:00-04:00,55.54990261395723,55.8058043449716,55.12668369727245,55.166053771972656,11900,0.0,0.0,0.0
2025-08-01 00:00:00-04:00,54.61488945682972,54.61488945682972,53.463339140230836,54.1424560546875,18700,0.0,0.0,0.0
2025-08-04 00:00:00-04:00,54.37867002006755,54.91999539605677,54.349144341870456,54.84125900268555,21400,0.0,0.0,0.0
2025-08-05 00:00:00-04:00,54.78220448136586,55.077472530125455,54.36882996400982,55.0184211730957,18200,0.0,0.0,0.0
2025-08-06 00:00:00-04:00,54.988891148207934,55.018420580941935,54.654253028672194,54.84125900268555,10100,0.0,0.0,0.0
2025-08-07 00:00:00-04:00,55.087317858295485,55.087317858295485,54.39835656317171,54.53614807128906,7300,0.0,0.0,0.0
2025-08-08 00:00:00-04:00,54.979053574306036,55.17590020052165,54.860947100391506,55.00857925415039,7400,0.0,0.0,0.0
2025-08-11 00:00:00-04:00,55.03810322363815,55.16605408988269,54.8806266784668,54.8806266784668,7700,0.0,0.0,0.0
2025-08-12 00:00:00-04:00,55.38258919192106,56.31760787963867,55.38258919192106,56.31760787963867,11500,0.0,0.0,0.0
2025-08-13 00:00:00-04:00,56.66208589973042,57.26246643066406,56.66208589973042,57.26246643066406,7400,0.0,0.0,0.0
2025-08-14 00:00:00-04:00,56.59318705307098,57.09514236450195,56.59318705307098,57.09514236450195,7800,0.0,0.0,0.0
2025-08-15 00:00:00-04:00,57.02624649697143,57.02624649697143,56.2880744934082,56.2880744934082,13500,0.0,0.0,0.0
2025-08-18 00:00:00-04:00,56.16996712292085,56.55381595788937,56.09123072949657,56.396339416503906,16700,0.0,0.0,0.0
2025-08-19 00:00:00-04:00,56.52429348339944,57.03609321054461,56.38650197119442,56.59318923950195,33000,0.0,0.0,0.0
2025-08-20 00:00:00-04:00,56.70145664024622,56.70145664024622,56.356974095667745,56.691612243652344,5000,0.0,0.0,0.0
2025-08-21 00:00:00-04:00,56.46523666381836,56.70145335941968,56.28807508075162,56.46523666381836,9300,0.0,0.0,0.0
2025-08-22 00:00:00-04:00,56.632558948966214,58.53212193671888,56.632558948966214,58.43369674682617,8500,0.0,0.0,0.0
2025-08-25 00:00:00-04:00,58.41400932965095,58.41400932965095,57.92189466384248,58.099056243896484,10500,0.0,0.0,0.0
2025-08-26 00:00:00-04:00,59.29981515190373,59.752559727493335,59.25060443795474,59.37855529785156,23900,0.0,0.0,0.0
2025-08-27 00:00:00-04:00,59.38840000150738,60.392314403797805,59.38840000150738,60.24467849731445,91400,0.0,0.0,0.0
2025-08-28 00:00:00-04:00,60.44152657980443,60.44152657980443,59.496667268211596,59.91004180908203,10500,0.0,0.0,0.0
2025-08-29 00:00:00-04:00,60.11673213670751,60.29388997035615,59.79193464018794,60.077362060546875,19000,0.0,0.0,0.0
2025-09-02 00:00:00-04:00,59.79193115234375,60.07735855605284,59.575399500628315,59.79193115234375,16900,0.0,0.0,0.0
2025-09-03 00:00:00-04:00,59.88051304333324,60.42183842804769,59.62461506758099,60.116729736328125,13000,0.0,0.0,0.0
2025-09-04 00:00:00-04:00,60.382471210451534,61.012381170063065,60.382471210451534,61.00253677368164,11200,0.0,0.0,0.0
2025-09-05 00:00:00-04:00,61.16001040745352,61.53401860682667,60.61868502294896,60.89426803588867,10000,0.0,0.0,0.0
2025-09-08 00:00:00-04:00,61.58323131056161,61.58323131056161,60.96316575689579,61.48480987548828,21400,0.0,0.0,0.0
2025-09-09 00:00:00-04:00,61.543861680343014,61.74070830645208,61.032061954274276,61.632442474365234,17700,0.0,0.0,0.0
2025-09-10 00:00:00-04:00,61.50449823070508,61.73087054721298,61.12064560232669,61.33717727661133,25000,0.0,0.0,0.0
2025-09-11 00:00:00-04:00,61.29779994193723,61.858810345680446,61.07142765222829,61.82928466796875,19400,0.0,0.0,0.0
2025-09-12 00:00:00-04:00,61.82929206379372,61.82929206379372,61.33717735220381,61.366703033447266,36700,0.0,0.0,0.0
2025-09-15 00:00:00-04:00,61.455278299737564,61.504492770096284,60.80568708909417,60.8352165222168,20500,0.0,0.0,0.0
2025-09-16 00:00:00-04:00,60.27420934591376,60.37263078285448,59.870675447197364,60.28404998779297,15500,0.0,0.0,0.0
2025-09-17 00:00:00-04:00,60.18562562429336,61.24859135880702,60.18562562429336,60.54978942871094,13900,0.0,0.0,0.0
2025-09-18 00:00:00-04:00,60.61868263068389,61.30764389038086,60.61868263068389,61.30764389038086,12900,0.0,0.0,0.0
2025-09-19 00:00:00-04:00,61.23875128594296,61.23875128594296,60.71710717797544,61.10095977783203,13100,0.0,0.0,0.0
2025-09-22 00:00:00-04:00,61.00994241739664,61.00994241739664,60.61422589314074,60.72304916381836,11000,0.318,0.0,0.0
2025-09-23 00:00:00-04:00,61.049517059243165,61.415559666997964,60.86155198754344,60.98026657104492,11000,0.0,0.0,0.0
2025-09-24 00:00:00-04:00,61.14844813706217,61.257267635603974,60.732941440029,60.94069290161133,14500,0.0,0.0,0.0
2025-09-25 00:00:00-04:00,60.59443728981192,60.762615957363586,60.26796748969166,60.624114990234375,26200,0.0,0.0,0.0
2025-09-26 00:00:00-04:00,60.97037398353105,61.4155583796658,60.85165562864945,61.26716232299805,17100,0.0,0.0,0.0
2025-09-29 00:00:00-04:00,61.534272506092115,61.534272506092115,60.693367814301254,60.901123046875,14900,0.0,0.0,0.0
2025-09-30 00:00:00-04:00,61.17812652494672,61.40566438168822,60.44604508571309,60.970375061035156,16600,0.0,0.0,0.0
2025-10-01 00:00:00-04:00,60.91101532266601,61.227590057298094,60.81208713329418,61.11876678466797,41100,0.0,0.0,0.0
2025-10-02 00:00:00-04:00,61.03962574972994,61.168235416613214,60.525190856065436,60.98026657104492,31300,0.0,0.0,0.0
2025-10-03 00:00:00-04:00,61.267161437953334,61.50459059654972,61.059409980714385,61.22758865356445,15800,0.0,0.0,0.0
2025-10-06 00:00:00-04:00,61.672772597384196,61.68266390647569,61.04951445630498,61.207801818847656,17100,0.0,0.0,0.0
2025-10-07 00:00:00-04:00,61.296838103719374,61.47491185659238,60.45593720593892,60.66368865966797,190400,0.0,0.0,0.0
2025-10-08 00:00:00-04:00,60.9406913586897,60.9406913586897,60.52518844604492,60.52518844604492,119500,0.0,0.0,0.0
2025-10-09 00:00:00-04:00,60.366901142132086,60.366901142132086,59.88214396970371,60.0107536315918,17400,0.0,0.0,0.0
2025-10-10 00:00:00-04:00,60.00086328435214,60.21850605349597,58.31905766532176,58.328948974609375,21000,0.0,0.0,0.0
2025-10-13 00:00:00-04:00,58.94231240265009,59.239100724367844,58.70487948095493,59.20941925048828,5200,0.0,0.0,0.0
2025-10-14 00:00:00-04:00,58.71477177605325,60.446041418004405,58.71477177605325,60.28775405883789,9500,0.0,0.0,0.0
2025-10-15 00:00:00-04:00,60.594438976704794,60.594438976704794,59.634819715068474,59.66450119018555,7300,0.0,0.0,0.0
2025-10-16 00:00:00-04:00,59.65460669053353,59.65460669053353,57.55729816539163,57.79472732543945,21000,0.0,0.0,0.0
2025-10-17 00:00:00-04:00,57.86397969448861,58.398197174072266,57.86397969448861,58.398197174072266,10000,0.0,0.0,0.0
2025-10-20 00:00:00-04:00,58.724667629061635,59.367708383042626,58.714772546183006,59.28856658935547,14300,0.0,0.0,0.0
2025-10-21 00:00:00-04:00,59.15006562000167,59.60514131184084,59.15006562000167,59.28856658935547,7800,0.0,0.0,0.0
2025-10-22 00:00:00-04:00,59.34792696718789,59.52599695005811,58.94231535992057,59.16985321044922,11000,0.0,0.0,0.0
2025-10-23 00:00:00-04:00,59.061030381255996,59.40728281424242,58.93242071734598,59.189640045166016,9800,0.0,0.0,0.0
2025-10-24 00:00:00-04:00,59.7733201126889,59.892038464281576,59.40728129661577,59.46664047241211,20700,0.0,0.0,0.0
2025-10-27 00:00:00-04:00,59.852468229067256,60.08990116849464,59.62493037296147,59.7535400390625,13000,0.0,0.0,0.0
2025-10-28 00:00:00-04:00,59.674394666856806,59.674394666856806,59.07092289375821,59.417179107666016,14800,0.0,0.0,0.0
2025-10-29 00:00:00-04:00,59.13028247320958,59.59525327344519,58.74445724487305,58.74445724487305,53600,0.0,0.0,0.0
2025-10-30 00:00:00-04:00,58.41798742159224,59.308356236113916,58.41798742159224,58.74445724487305,12300,0.0,0.0,0.0
2025-10-31 00:00:00-04:00,58.82359776854669,59.436964615870764,58.655419092707454,59.37760543823242,17300,0.0,0.0,0.0
2025-11-03 00:00:00-05:00,58.8928496497966,59.26878356933594,58.37841475302399,59.26878356933594,28500,0.0,0.0,0.0
2025-11-04 00:00:00-05:00,58.81370305308248,59.15995546791545,58.76423896151609,59.05113220214844,21200,0.0,0.0,0.0
2025-11-05 00:00:00-05:00,59.07091916945216,59.67439090450305,58.97199098535491,59.248992919921875,21900,0.0,0.0,0.0
2025-11-06 00:00:00-05:00,59.53589247815244,59.72385754550672,59.05113529810297,59.189640045166016,16300,0.0,0.0,0.0
2025-11-07 00:00:00-05:00,59.03134754209541,59.990966796875,59.03134754209541,59.990966796875,13600,0.0,0.0,0.0
2025-11-10 00:00:00-05:00,60.44604121631399,60.53507809141484,59.96128783155141,60.277862548828125,23000,0.0,0.0,0.0
2025-11-11 00:00:00-05:00,60.248188419950615,60.535081679955304,60.12947006353295,60.26797103881836,14200,0.0,0.0,0.0
2025-11-12 00:00:00-05:00,60.40647278240447,60.78240290408346,60.34711360714909,60.47572326660156,11700,0.0,0.0,0.0
2025-11-13 00:00:00-05:00,60.297650325347405,60.564760956785115,59.82278823852539,59.82278823852539,13900,0.0,0.0,0.0
2025-11-14 00:00:00-05:00,59.278672204610935,59.90193034791163,59.278672204610935,59.66450119018555,22700,0.0,0.0,0.0
2025-11-17 00:00:00-05:00,59.56556731879756,59.61503141058139,58.180553879508906,58.200340270996094,15800,0.0,0.0,0.0
2025-11-18 00:00:00-05:00,58.12119549941511,59.169851619358866,58.12119549941511,58.75434494018555,16600,0.0,0.0,0.0
2025-11-19 00:00:00-05:00,58.78402157904802,59.25888742491651,58.68509339591525,59.05113220214844,10300,0.0,0.0,0.0
2025-11-20 00:00:00-05:00,59.535891648365016,60.020645047789706,58.6356315612793,58.6356315612793,9400,0.0,0.0,0.0
2025-11-21 00:00:00-05:00,59.10060287038157,60.46582997692634,58.80381075917157,60.04043197631836,15900,0.0,0.0,0.0
2025-11-24 00:00:00-05:00,60.188829603838144,60.69336941310867,59.87225486589025,60.45594024658203,16000,0.0,0.0,0.0
2025-11-25 00:00:00-05:00,60.77250977465707,61.85084356268318,60.43614867268925,61.771697998046875,30100,0.0,0.0,0.0
2025-11-26 00:00:00-05:00,61.45512624232907,62.1476348707233,61.45512624232907,61.73213195800781,17800,0.0,0.0,0.0
2025-11-28 00:00:00-05:00,61.712345252126866,62.03881128561938,61.712345252126866,61.890419006347656,2600,0.0,0.0,0.0
2025-12-01 00:00:00-05:00,61.58373470940665,62.216884149186434,61.58373470940665,61.85084533691406,56700,0.0,0.0,0.0
2025-12-02 00:00:00-05:00,62.206992504857965,62.206992504857965,61.662879943847656,61.662879943847656,22300,0.0,0.0,0.0
2025-12-03 00:00:00-05:00,61.78159626531981,62.26634966516674,61.623308901755934,62.08827590942383,19000,0.0,0.0,0.0
2025-12-04 00:00:00-05:00,62.17731323032647,62.38506846275247,61.989348164088945,62.108062744140625,10800,0.0,0.0,0.0
2025-12-05 00:00:00-05:00,62.18720976535307,62.87971841724853,62.117959277550376,62.691749572753906,15600,0.0,0.0,0.0
2025-12-08 00:00:00-05:00,62.97864660728994,62.97864660728994,62.62249908495121,62.691749572753906,21900,0.0,0.0,0.0
2025-12-09 00:00:00-05:00,62.67196298293139,63.21607934805405,62.67196298293139,63.02811050415039,14300,0.0,0.0,0.0
2025-12-10 00:00:00-05:00,63.196293640577494,64.97702749211263,63.196293640577494,64.95724487304688,24500,0.0,0.0,0.0
2025-12-11 00:00:00-05:00,65.0462758173557,65.72889314234978,65.0462758173557,65.2045669555664,38900,0.0,0.0,0.0
2025-12-12 00:00:00-05:00,65.74867859699624,65.74867859699624,64.85830977549494,64.98692321777344,20300,0.0,0.0,0.0
2025-12-15 00:00:00-05:00,65.63985021865376,65.64974530138373,64.79894933228593,65.10562896728516,29600,0.0,0.0,0.0
2025-12-16 00:00:00-05:00,65.2936004528775,65.31338307140442,64.37355396276838,64.87809753417969,16700,0.0,0.0,0.0
2025-12-17 00:00:00-05:00,64.86820132414238,64.99680721167555,64.60109446611601,64.82862854003906,16900,0.0,0.0,0.0
2025-12-18 00:00:00-05:00,65.12542330919695,65.41232034487139,64.6010971069336,64.6010971069336,29300,0.0,0.0,0.0
2025-12-19 00:00:00-05:00,65.0462779804485,65.30349731472617,64.76927602710505,64.95724487304688,31800,0.0,0.0,0.0
2025-12-22 00:00:00-05:00,65.23942678117317,65.3387847276671,64.87179404056762,64.89166259765625,24900,0.284,0.0,0.0
2025-12-23 00:00:00-05:00,64.9910249431676,65.1201895092342,64.81217761602346,64.93140411376953,22400,0.0,0.0,0.0
2025-12-24 00:00:00-05:00,64.97114738500775,65.01089207689522,64.76249343799229,64.90159606933594,10700,0.0,0.0,0.0
2025-12-26 00:00:00-05:00,64.92146476797342,65.00095415192335,64.60351481269853,64.85191345214844,18800,0.0,0.0,0.0
2025-12-29 00:00:00-05:00,64.85191780099117,64.85191780099117,64.3948651834173,64.46441650390625,19100,0.0,0.0,0.0
2025-12-30 00:00:00-05:00,64.56378286421722,64.56378286421722,64.21601867675781,64.21601867675781,37500,0.0,0.0,0.0
2025-12-31 00:00:00-05:00,64.35511677877211,64.35511677877211,63.66954168219667,63.74903106689453,28200,0.0,0.0,0.0
2026-01-02 00:00:00-05:00,64.02723734669948,64.50415850138891,63.59999137283912,64.35511779785156,35800,0.0,0.0,0.0
2026-01-05 00:00:00-05:00,64.30544410963434,65.49775460455804,64.28556797242129,65.28910064697266,30000,0.0,0.0,0.0
2026-01-06 00:00:00-05:00,65.03075962793957,65.67659759521484,64.79229906082362,65.67659759521484,24900,0.0,0.0,0.0
2026-01-07 00:00:00-05:00,65.63685950595172,65.77596214913791,64.7525608826143,65.07051086425781,37700,0.0,0.0,0.0
2026-01-08 00:00:00-05:00,64.87179169694794,66.36218358209004,64.87179169694794,66.06410217285156,104900,0.0,0.0,0.0
2026-01-09 00:00:00-05:00,66.37211946853758,66.45160127193307,65.80577087402344,65.80577087402344,51000,0.0,0.0,0.0
2026-01-12 00:00:00-05:00,65.68654094288571,65.76603033182177,65.33878434194715,65.46794891357422,28500,0.0,0.0,0.0
2026-01-13 00:00:00-05:00,65.78589666486832,65.78589666486832,65.18974142905189,65.20960998535156,82400,0.0,0.0,0.0
2026-01-14 00:00:00-05:00,65.11025075125472,65.80577149634823,65.11025075125472,65.60704803466797,60100,0.0,0.0,0.0
2026-01-15 00:00:00-05:00,65.81570479409449,66.35224679275187,65.7660296119472,66.14359283447266,17000,0.0,0.0,0.0
2026-01-16 00:00:00-05:00,66.15352902524488,66.15352902524488,65.7262830521749,65.78589630126953,35200,0.0,0.0,0.0
2026-01-20 00:00:00-05:00,65.21954711323737,65.53749707312267,64.86185246080078,65.03076171875,46000,0.0,0.0,0.0
2026-01-21 00:00:00-05:00,65.5275615546001,66.70000349864652,65.5275615546001,66.57083892822266,41800,0.0,0.0,0.0
2026-01-22 00:00:00-05:00,66.82917485595574,66.9583394248457,66.2032054070059,66.3423080444336,38800,0.0,0.0,0.0
2026-01-23 00:00:00-05:00,66.38204833053052,66.38204833053052,65.04069722695274,65.34870910644531,31600,0.0,0.0,0.0
2026-01-26 00:00:00-05:00,65.38845952463817,65.87532634647752,65.13013038138399,65.46794891357422,55000,0.0,0.0,0.0
2026-01-27 00:00:00-05:00,66.0243600684072,66.0243600684072,65.49775612789283,65.74615478515625,18500,0.0,0.0,0.0
2026-01-28 00:00:00-05:00,65.83558007895752,65.84551056694323,65.33878278076547,65.48782348632812,23800,0.0,0.0,0.0
2026-01-29 00:00:00-05:00,65.87532752547256,66.06410535191763,65.52756333778457,66.02436065673828,28300,0.0,0.0,0.0
2026-01-30 00:00:00-05:00,65.75608953282143,65.93493686023899,65.22948561890448,65.83557891845703,35900,0.0,0.0,0.0
2026-02-02 00:00:00-05:00,65.72628128814196,66.60064176700475,65.72628128814196,66.3323745727539,30600,0.0,0.0,0.0
2026-02-03 00:00:00-05:00,66.41185663715032,67.34583794770664,66.17339606570877,67.1868667602539,38600,0.0,0.0,0.0
2026-02-04 00:00:00-05:00,67.66378828993501,68.7070656143086,67.66378828993501,68.4686050415039,35000,0.0,0.0,0.0
2026-02-05 00:00:00-05:00,68.3891183813121,68.58783426981097,67.92212770476203,68.1009750366211,35400,0.0,0.0,0.0
2026-02-06 00:00:00-05:00,68.71700781660726,69.6807882339951,68.71700781660726,69.51187896728516,98600,0.0,0.0,0.0
2026-02-09 00:00:00-05:00,69.23367042094934,69.3529044991652,68.64744567871094,68.64744567871094,45100,0.0,0.0,0.0
2026-02-10 00:00:00-05:00,68.69712735353023,68.82629191749464,68.24007476505051,68.51828002929688,23300,0.0,0.0,0.0
2026-02-11 00:00:00-05:00,68.9852714879946,69.23367013117756,68.54808745022457,68.74681091308594,25000,0.0,0.0,0.0
2026-02-12 00:00:00-05:00,69.18398595022491,69.44232265637943,67.5644295589048,68.24007415771484,88600,0.0,0.0,0.0
2026-02-13 00:00:00-05:00,68.11091569346299,68.93559348454426,67.62404886124662,68.68719482421875,65900,0.0,0.0,0.0
2026-02-17 00:00:00-05:00,68.94552660247659,69.04488454336672,68.31956475239629,68.7964859008789,48400,0.0,0.0,0.0
2026-02-18 00:00:00-05:00,68.77661611601626,69.11443462511158,68.25994270377949,68.71700286865234,21600,0.0,0.0,0.0
2026-02-19 00:00:00-05:00,68.71700273473577,68.71700273473577,67.85257274701935,68.28975677490234,24500,0.0,0.0,0.0
2026-02-20 00:00:00-05:00,68.31956381569373,68.81636109385796,67.85257316133536,68.61763763427734,26600,0.0,0.0,0.0
2026-02-23 00:00:00-05:00,68.6176419672182,68.6176419672182,66.76955536930565,67.32597351074219,89500,0.0,0.0,0.0
2026-02-24 00:00:00-05:00,67.3359045877353,67.6240479394482,67.0775754424965,67.60417938232422,40700,0.0,0.0,0.0
2026-02-25 00:00:00-05:00,67.67373119272881,67.67373119272881,66.85898389529274,67.45513916015625,305500,0.0,0.0,0.0
2026-02-26 00:00:00-05:00,67.80289362334757,68.36924224414707,67.66379098529332,68.1009750366211,16000,0.0,0.0,0.0
2026-02-27 00:00:00-05:00,67.68366390712458,67.68366390712458,66.50128395930757,66.7596206665039,30700,0.0,0.0,0.0
2026-03-02 00:00:00-05:00,66.40192929018072,67.32597257631201,66.01442800056358,67.14712524414062,37600,0.0,0.0,0.0
2026-03-03 00:00:00-05:00,66.01442744378825,66.70994062940801,65.12019079047343,66.3919906616211,108900,0.0,0.0,0.0
2026-03-04 00:00:00-05:00,66.69007029051932,67.2663493801202,66.07403892791666,66.93846893310547,52300,0.0,0.0,0.0
2026-03-05 00:00:00-05:00,66.44167484351154,66.91859601512095,65.95480802264835,66.42179870605469,106300,0.0,0.0,0.0
2026-03-06 00:00:00-05:00,65.14999550905051,65.14999550905051,64.32531019842995,65.130126953125,108800,0.0,0.0,0.0
2026-03-09 00:00:00-04:00,64.43460589024967,65.07050580408627,63.28203634885521,64.75255584716797,38400,0.0,0.0,0.0
2026-03-10 00:00:00-04:00,64.75255523770532,65.26922865066261,64.28556458463714,64.47434997558594,18900,0.0,0.0,0.0
2026-03-11 00:00:00-04:00,64.3153829790492,64.49423031356716,63.82851615809594,64.13653564453125,18300,0.0,0.0,0.0
2026-03-12 00:00:00-04:00,63.65960566761435,64.26569897956924,63.58012007061479,63.81858444213867,19400,0.0,0.0,0.0
2026-03-13 00:00:00-04:00,64.30544238751817,64.30544238751817,63.73909378051758,63.73909378051758,9400,0.0,0.0,0.0
2026-03-16 00:00:00-04:00,64.35511767716068,64.6233924591298,63.92787170410156,63.92787170410156,20800,0.0,0.0,0.0
2026-03-17 00:00:00-04:00,64.29550533939798,64.76249601198002,64.29550533939798,64.58364868164062,16800,0.0,0.0,0.0
2026-03-18 00:00:00-04:00,64.20608380264032,64.37499306010976,63.69934844970703,63.69934844970703,40600,0.0,0.0,0.0
2026-03-19 00:00:00-04:00,63.19261246308453,64.00735969858893,63.19261246308453,63.659603118896484,24800,0.0,0.0,0.0
2026-03-20 00:00:00-04:00,63.58011773140904,63.808644025986034,62.88460077950461,63.132999420166016,39700,0.0,0.0,0.0
2026-03-23 00:00:00-04:00,64.16999816894531,64.9000015258789,64.12999725341797,64.33999633789062,26200,0.407,0.0,0.0
2026-03-24 00:00:00-04:00,64.0999984741211,65.33000183105469,63.880001068115234,64.93000030517578,31800,0.0,0.0,0.0
2026-03-25 00:00:00-04:00,65.47000122070312,65.4800033569336,64.7300033569336,65.18000030517578,17400,0.0,0.0,0.0
2026-03-26 00:00:00-04:00,64.7699966430664,65.41000366210938,64.7699966430664,65.22000122070312,26800,0.0,0.0,0.0
2026-03-27 00:00:00-04:00,64.98999786376953,64.98999786376953,64.0199966430664,64.4000015258789,30400,0.0,0.0,0.0
2026-03-30 00:00:00-04:00,64.69999694824219,64.77999877929688,63.91999816894531,64.16999816894531,20700,0.0,0.0,0.0
2026-03-31 00:00:00-04:00,64.77999877929688,65.41000366210938,64.44999694824219,65.12000274658203,80300,0.0,0.0,0.0
2026-04-01 00:00:00-04:00,65.41000366210938,65.69999694824219,65.41000366210938,65.4800033569336,20600,0.0,0.0,0.0
2026-04-02 00:00:00-04:00,65.19999694824219,65.72000122070312,64.66999816894531,65.72000122070312,24300,0.0,0.0,0.0
2026-04-06 00:00:00-04:00,65.6500015258789,66.16000366210938,65.19000244140625,66.16000366210938,15600,0.0,0.0,0.0
2026-04-07 00:00:00-04:00,66.02999877929688,66.43000030517578,65.87999725341797,66.22000122070312,19800,0.0,0.0,0.0
2026-04-08 00:00:00-04:00,67.23999786376953,67.63999938964844,67.16999816894531,67.41999816894531,17000,0.0,0.0,0.0
2026-04-09 00:00:00-04:00,67.26000213623047,67.9800033569336,67.26000213623047,67.62999725341797,30500,0.0,0.0,0.0
2026-04-10 00:00:00-04:00,67.88999938964844,67.88999938964844,67.18000030517578,67.30999755859375,18400,0.0,0.0,0.0
2026-04-13 00:00:00-04:00,67.23999786376953,67.62999725341797,66.69999694824219,67.37000274658203,24500,0.0,0.0,0.0
2026-04-14 00:00:00-04:00,67.51000213623047,67.69999694824219,66.98999786376953,67.38999938964844,10900,0.0,0.0,0.0
2026-04-15 00:00:00-04:00,67.44000244140625,67.56999969482422,67.04000091552734,67.37000274658203,11800,0.0,0.0,0.0
2026-04-16 00:00:00-04:00,67.37000274658203,67.5,67.29000091552734,67.5,17500,0.0,0.0,0.0
2026-04-17 00:00:00-04:00,67.86000061035156,68.91000366210938,67.86000061035156,68.5199966430664,10200,0.0,0.0,0.0
2026-04-20 00:00:00-04:00,68.38999938964844,69.02999877929688,68.38999938964844,68.8499984741211,13400,0.0,0.0,0.0
2026-04-21 00:00:00-04:00,69.0199966430664,69.1500015258789,68.41000366210938,68.55999755859375,13600,0.0,0.0,0.0
2026-04-22 00:00:00-04:00,68.93000030517578,68.93000030517578,68.16999816894531,68.41000366210938,11000,0.0,0.0,0.0
2026-04-23 00:00:00-04:00,68.61000061035156,69.05999755859375,68.51000213623047,69.0,15000,0.0,0.0,0.0
2026-04-24 00:00:00-04:00,69.11000061035156,69.11000061035156,68.51000213623047,68.62999725341797,16000,0.0,0.0,0.0
2026-04-27 00:00:00-04:00,68.91000366210938,69.33999633789062,68.91000366210938,69.12999725341797,73500,0.0,0.0,0.0
2026-04-28 00:00:00-04:00,69.54000091552734,69.54000091552734,68.94000244140625,69.18000030517578,13000,0.0,0.0,0.0
2026-04-29 00:00:00-04:00,69.19000244140625,69.26000213623047,68.5199966430664,68.98999786376953,12900,0.0,0.0,0.0
2026-04-30 00:00:00-04:00,69.01000213623047,69.86000061035156,68.97000122070312,69.69999694824219,15700,0.0,0.0,0.0
2026-05-01 00:00:00-04:00,69.9000015258789,70.12000274658203,69.2699966430664,69.38999938964844,31900,0.0,0.0,0.0
2026-05-04 00:00:00-04:00,69.05000305175781,69.55999755859375,68.55000305175781,68.7300033569336,29900,0.0,0.0,0.0
2026-05-05 00:00:00-04:00,68.91000366210938,69.51000213623047,68.91000366210938,69.12999725341797,22200,0.0,0.0,0.0
2026-05-06 00:00:00-04:00,69.61000061035156,69.9800033569336,69.5999984741211,69.69000244140625,19700,0.0,0.0,0.0
2026-05-07 00:00:00-04:00,69.7699966430664,69.7699966430664,68.88999938964844,68.98999786376953,15400,0.0,0.0,0.0
2026-05-08 00:00:00-04:00,69.3499984741211,69.55000305175781,69.01000213623047,69.25,16100,0.0,0.0,0.0
2026-05-11 00:00:00-04:00,69.62000274658203,69.62000274658203,68.47000122070312,68.5,11900,0.0,0.0,0.0
2026-05-12 00:00:00-04:00,68.63999938964844,68.63999938964844,67.80999755859375,68.26000213623047,16200,0.0,0.0,0.0
2026-05-13 00:00:00-04:00,68.30999755859375,68.30999755859375,67.72000122070312,67.87000274658203,22600,0.0,0.0,0.0
2026-05-14 00:00:00-04:00,68.19000244140625,68.7300033569336,68.19000244140625,68.36000061035156,13500,0.0,0.0,0.0
2026-05-15 00:00:00-04:00,68.12000274658203,68.37999725341797,67.47000122070312,67.69999694824219,82700,0.0,0.0,0.0
2026-05-18 00:00:00-04:00,67.81999969482422,68.63999938964844,67.75,68.41000366210938,13800,0.0,0.0,0.0
2026-05-19 00:00:00-04:00,68.06999969482422,68.19000244140625,67.33999633789062,67.69000244140625,21600,0.0,0.0,0.0
2026-05-20 00:00:00-04:00,67.91999816894531,68.80000305175781,67.91999816894531,68.44999694824219,15700,0.0,0.0,0.0
2026-05-21 00:00:00-04:00,68.2300033569336,68.73999786376953,67.81999969482422,68.66999816894531,35600,0.0,0.0,0.0
2026-05-22 00:00:00-04:00,68.66000366210938,68.97000122070312,68.54000091552734,68.83999633789062,40200,0.0,0.0,0.0
2026-05-26 00:00:00-04:00,68.94999694824219,69.4800033569336,68.93000030517578,69.27999877929688,13600,0.0,0.0,0.0
2026-05-27 00:00:00-04:00,69.25,69.55999755859375,68.94999694824219,69.19000244140625,32500,0.0,0.0,0.0
2026-05-28 00:00:00-04:00,69.08000183105469,69.08000183105469,68.63999938964844,68.9800033569336,24300,0.0,0.0,0.0
2026-05-29 00:00:00-04:00,68.95999908447266,68.98999786376953,68.68000030517578,68.69999694824219,24700,0.0,0.0,0.0
