Date,Open,High,Low,Close,Volume,Dividends,Stock Splits
2020-12-03 00:00:00+09:00,14517.280521174305,18388.555326820784,13839.80743018617,14783.4306640625,10941808,0.0,0.0
2020-12-04 00:00:00+09:00,15073.776725960462,15194.754067260305,13501.0712890625,13501.0712890625,2389748,0.0,0.0
2020-12-07 00:00:00+09:00,13307.507724449282,13452.68053598873,11758.997734695184,11807.388671875,1514078,0.0,0.0
2020-12-08 00:00:00+09:00,11783.192951190358,15339.9267578125,11758.997483118099,15339.9267578125,3984078,0.0,0.0
2020-12-09 00:00:00+09:00,19937.06640625,19937.06640625,15485.100121359224,19937.06640625,21193010,0.0,0.0
2020-12-10 00:00:00+09:00,19356.373712039047,24582.59461428959,19114.419040638557,22308.220703125,23281490,0.0,0.0
2020-12-11 00:00:00+09:00,22477.589196512417,28986.169921875,21001.665686300083,28986.169921875,20206744,0.0,0.0
2020-12-14 00:00:00+09:00,29905.599145816854,35760.902538444425,27873.179786392408,30583.072265625,14885956,0.0,0.0
2020-12-15 00:00:00+09:00,29518.471648783623,33486.52849337421,28599.04384332971,30583.072265625,5981098,0.0,0.0
2020-12-16 00:00:00+09:00,29760.42720526756,32470.319763795986,28550.6537416388,28937.78125,2922894,0.0,0.0
2020-12-17 00:00:00+09:00,28550.651757471638,29615.252331479056,27002.141831642668,27728.005859375,2391402,0.0,0.0
2020-12-18 00:00:00+09:00,27969.960557637765,32518.708468395464,27050.53278844206,29857.20703125,8051022,0.0,0.0
2020-12-21 00:00:00+09:00,29082.952462694637,29953.989308499134,27582.833450475777,27969.9609375,1544886,0.0,0.0
2020-12-22 00:00:00+09:00,27195.70746947534,28260.308117746616,24534.205848797148,25018.115234375,2497048,0.0,0.0
2020-12-23 00:00:00+09:00,25840.759852430554,27340.87887008102,22840.52181712963,26131.10546875,2816816,0.0,0.0
2020-12-24 00:00:00+09:00,24921.332244103178,25840.7600356332,23759.949770591575,23977.708984375,1287650,0.0,0.0
2020-12-28 00:00:00+09:00,23493.800561915104,24437.423859458555,22211.440696022728,22622.763671875,926580,0.0,0.0
2020-12-29 00:00:00+09:00,22840.521499515504,25792.368557715603,22743.739628754847,24969.72265625,2190858,0.0,0.0
2020-12-30 00:00:00+09:00,24872.94104781133,26808.578483438672,24147.077009451077,25840.759765625,1722352,0.0,0.0
2021-01-04 00:00:00+09:00,25066.504746835442,29179.734290235083,24727.76819620253,26760.1875,3811320,0.0,0.0
2021-01-05 00:00:00+09:00,26469.841503090178,34744.69140625,25985.932152028203,34744.69140625,13739238,0.0,0.0
2021-01-06 00:00:00+09:00,37019.065155807366,38374.01133144476,33341.35410764872,34164.0,9999538,0.0,0.0
2021-01-07 00:00:00+09:00,33776.874052329884,35325.384037536984,31889.627507858728,32712.2734375,3866482,0.0,0.0
2021-01-08 00:00:00+09:00,33292.96541030535,34841.47542938931,31696.064453125,31696.064453125,3485362,0.0,0.0
2021-01-11 00:00:00+09:00,31454.109455477417,32663.8828960727,29470.081012901148,30534.681640625,1638540,0.0,0.0
2021-01-12 00:00:00+09:00,30292.726510027984,33534.91928346548,30099.162762360076,32421.927734375,3663998,0.0,0.0
2021-01-13 00:00:00+09:00,32034.79981689453,33680.09165039063,30970.19921875,30970.19921875,1448054,0.0,0.0
2021-01-14 00:00:00+09:00,31647.67320597266,31986.40976933934,30341.117890129754,30534.681640625,642848,0.0,0.0
2021-01-15 00:00:00+09:00,30341.11678871081,31260.544570186896,30002.380237640675,30099.162109375,581730,0.0,0.0
2021-01-18 00:00:00+09:00,30244.3349237673,30583.071474913493,27824.788129865916,27969.9609375,638576,0.0,0.0
2021-01-19 00:00:00+09:00,27776.3982845863,28357.0895379226,26518.233902357653,27195.70703125,673630,0.0,0.0
2021-01-20 00:00:00+09:00,27195.70578897968,28066.742629196113,26615.01456216873,27389.26953125,496790,0.0,0.0
2021-01-21 00:00:00+09:00,27921.569707438804,33389.74540404294,27873.178772070627,30147.552734375,6227190,0.0,0.0
2021-01-22 00:00:00+09:00,29953.988877754142,30050.770748118455,27679.614924192843,27728.005859375,979368,0.0,0.0
2021-01-25 00:00:00+09:00,27582.832132975258,29712.033209906684,26663.404395209418,27873.177734375,817486,0.0,0.0
2021-01-26 00:00:00+09:00,28066.74294800885,28744.216053650445,27292.487970132745,27340.87890625,345818,0.0,0.0
2021-01-27 00:00:00+09:00,27195.70679428998,27969.961791992188,25792.369610954735,26324.669921875,361686,0.0,0.0
2021-01-28 00:00:00+09:00,25211.67618959566,26179.494853303746,24292.248459072976,24534.203125,436228,0.0,0.0
2021-01-29 00:00:00+09:00,24776.15925542916,25405.241424024043,23082.47649382756,23397.017578125,351052,0.0,0.0
2021-02-01 00:00:00+09:00,23155.06252784496,25405.24101801171,22671.153175120926,23759.94921875,438238,0.0,0.0
2021-02-02 00:00:00+09:00,24001.904878526646,30873.41796875,23856.732066761364,30873.41796875,5490778,0.0,0.0
2021-02-03 00:00:00+09:00,30776.636339366007,30873.41821464703,26808.579452843973,26905.361328125,3884260,0.0,0.0
2021-02-04 00:00:00+09:00,26711.79815965583,26905.361914435947,25260.06999880497,25308.4609375,887466,0.0,0.0
2021-02-05 00:00:00+09:00,25598.803867112234,26808.577206767823,24969.72173049133,25114.89453125,1145106,0.0,0.0
2021-02-08 00:00:00+09:00,24969.72305362284,25840.759904330615,24340.640883667227,25211.677734375,455308,0.0,0.0
2021-02-09 00:00:00+09:00,25211.67787663017,25840.760050135337,24485.813830278054,24582.595703125,483996,0.0,0.0
2021-02-10 00:00:00+09:00,24630.986723309827,25114.896089190177,24582.59578672179,24872.94140625,261394,0.0,0.0
2021-02-15 00:00:00+09:00,25405.24142795139,26711.79670138889,24824.5501953125,26131.10546875,946516,0.0,0.0
2021-02-16 00:00:00+09:00,26856.969851230053,27969.96139461436,26615.01516788564,27292.48828125,1068656,0.0,0.0
2021-02-17 00:00:00+09:00,27292.488586198888,27292.488586198888,25937.542344330857,26034.32421875,382000,0.0,0.0
2021-02-18 00:00:00+09:00,26082.715882646276,26227.88869831963,24824.55148014386,25018.115234375,387722,0.0,0.0
2021-02-19 00:00:00+09:00,24485.814074382128,25792.369370841254,24485.814074382128,25453.6328125,251220,0.0,0.0
2021-02-22 00:00:00+09:00,25405.241301111248,25453.632236922887,24582.59539231336,24630.986328125,184308,0.0,0.0
2021-02-23 00:00:00+09:00,24243.860001252506,24437.423753757514,23759.95061998998,24147.078125,162376,0.0,0.0
2021-02-24 00:00:00+09:00,23856.732267574065,24872.941958484927,23227.65007796258,23276.041015625,251044,0.0,0.0
2021-02-25 00:00:00+09:00,23929.317398920746,23977.70833400451,23324.430710373712,23469.603515625,137774,0.0,0.0
2021-02-26 00:00:00+09:00,22501.78459639658,23227.64861563518,21388.793100230727,22284.025390625,202888,0.0,0.0
2021-03-02 00:00:00+09:00,22284.02580690164,22429.198613461263,20324.192918346776,21001.666015625,450236,0.0,0.0
2021-03-03 00:00:00+09:00,20275.80249584341,21654.944193054715,19791.893128400847,20009.65234375,586220,0.0,0.0
2021-03-04 00:00:00+09:00,19622.524562719555,21364.598260026345,19453.156286592504,20662.9296875,484318,0.0,0.0
2021-03-05 00:00:00+09:00,20614.53921383172,20638.734682392555,19695.111408519977,19985.45703125,161188,0.0,0.0
2021-03-08 00:00:00+09:00,19961.26109676568,21219.42543256182,19816.088288789204,20058.04296875,250962,0.0,0.0
2021-03-09 00:00:00+09:00,20324.193116706876,20324.193116706876,19816.088288789204,20058.04296875,126618,0.0,0.0
2021-03-10 00:00:00+09:00,20275.80289312654,20566.148519281094,19646.720703125,19646.720703125,132082,0.0,0.0
2021-03-11 00:00:00+09:00,19380.571539769255,20058.044702208128,19380.571539769255,19791.89453125,115746,0.0,0.0
2021-03-12 00:00:00+09:00,19985.456746511958,22017.876076665718,19985.456746511958,21243.62109375,655980,0.0,0.0
2021-03-15 00:00:00+09:00,21243.620924088675,25066.50487170372,21243.620924088675,23397.017578125,1534214,0.0,0.0
2021-03-16 00:00:00+09:00,23155.0618364383,23227.64823717949,21824.311156183227,22646.95703125,511356,0.0,0.0
2021-03-17 00:00:00+09:00,22501.784975165563,22646.957781456953,21921.09375,21921.09375,182696,0.0,0.0
2021-03-18 00:00:00+09:00,21921.093883167614,24679.377219460228,21921.093883167614,23421.212890625,778278,0.0,0.0
2021-03-19 00:00:00+09:00,22840.521150914632,24437.421994092987,22259.829935213413,23808.33984375,424260,0.0,0.0
2021-03-22 00:00:00+09:00,24243.8596875,25066.505624999998,24098.686875,24195.46875,315998,0.0,0.0
2021-03-23 00:00:00+09:00,24389.032889851485,25163.287902227723,24243.860075030938,24437.423828125,196494,0.0,0.0
2021-03-24 00:00:00+09:00,27582.83345768961,28889.388726738063,25550.4141502809,25840.759765625,1405222,0.0,0.0
2021-03-25 00:00:00+09:00,25840.761189857352,26566.625268224132,24824.55148014386,25018.115234375,326686,0.0,0.0
2021-03-26 00:00:00+09:00,25356.850365299608,25453.632236922887,24485.81352069008,24630.986328125,176648,0.0,0.0
2021-03-29 00:00:00+09:00,24243.860075030938,24872.94227258663,24243.860075030938,24437.423828125,119094,0.0,0.0
2021-03-30 00:00:00+09:00,24437.42359161377,25405.242347717285,24437.42359161377,24776.16015625,143182,0.0,0.0
2021-03-31 00:00:00+09:00,24824.550071371563,25163.286622053045,24582.59539231336,24630.986328125,84156,0.0,0.0
2021-04-01 00:00:00+09:00,24679.37618731003,24872.939922112462,23663.166579597266,23880.92578125,195358,0.0,0.0
2021-04-02 00:00:00+09:00,24122.881107390873,24679.376860119046,23759.949094742064,24389.03125,133510,0.0,0.0
2021-04-05 00:00:00+09:00,24122.88091892149,24727.767601943597,23711.55797446646,23808.33984375,217726,0.0,0.0
2021-04-06 00:00:00+09:00,25163.288121414913,30002.38199091778,24921.33342793977,25308.4609375,619755,0.0,2.0
2021-04-07 00:00:00+09:00,25211.67778884462,25598.80527888446,24195.46812749004,24292.25,106233,0.0,0.0
2021-04-08 00:00:00+09:00,24437.422217300256,24485.81315238402,23324.430710373712,23469.603515625,78141,0.0,0.0
2021-04-09 00:00:00+09:00,23759.948812853654,23808.339747299382,23421.21227173354,23517.994140625,37409,0.0,0.0
2021-04-12 00:00:00+09:00,23566.386794022565,24389.032739604463,23227.650228194725,23856.732421875,60373,0.0,0.0
2021-04-13 00:00:00+09:00,24243.85929214015,24243.85929214015,23808.340861742425,23953.513671875,43427,0.0,0.0
2021-04-14 00:00:00+09:00,23953.512512672947,28744.215015207537,23759.948775196804,25356.849609375,474318,0.0,0.0
2021-04-15 00:00:00+09:00,25647.19647686298,26034.323970853366,24824.550552133413,25163.287109375,71987,0.0,0.0
2021-04-16 00:00:00+09:00,25163.287127293577,28453.870828555046,25018.114316943807,26373.060546875,713299,0.0,0.0
2021-04-19 00:00:00+09:00,26324.670076438848,27679.6163303732,26276.279138798334,26905.361328125,187822,0.0,0.0
2021-04-20 00:00:00+09:00,26905.360217664533,27244.096767167503,26276.278054301874,26469.841796875,86207,0.0,0.0
2021-04-21 00:00:00+09:00,26421.45155061787,26905.360919676805,25405.241875594103,25453.6328125,79245,0.0,0.0
2021-04-22 00:00:00+09:00,25405.241708718386,25840.7601380107,24582.59578672179,24872.94140625,78560,0.0,0.0
2021-04-23 00:00:00+09:00,23711.558283477596,24389.03137729124,23517.994542387984,23759.94921875,264822,0.0,0.0
2021-04-26 00:00:00+09:00,23808.342295371338,24050.29699349503,23130.869140625,23130.869140625,150707,0.0,0.0
2021-04-27 00:00:00+09:00,23130.86900650483,23130.86900650483,22356.61397699839,22550.177734375,112924,0.0,0.0
2021-04-28 00:00:00+09:00,22550.176264412996,25840.759925314465,21872.703157756812,23082.4765625,532766,0.0,0.0
2021-04-29 00:00:00+09:00,23130.866782835623,24098.685476678118,22695.3483706065,22888.912109375,182064,0.0,0.0
2021-04-30 00:00:00+09:00,23421.211972489316,23905.12131076389,22646.95703125,22646.95703125,133287,0.0,0.0
2021-05-03 00:00:00+09:00,22259.831819145926,22695.35026778139,21388.794921875,21388.794921875,98832,0.0,0.0
2021-05-04 00:00:00+09:00,21340.402742257567,22550.17614034473,20420.974959711322,21582.357421875,109610,0.0,0.0
2021-05-06 00:00:00+09:00,21292.01048704955,22066.26541385135,21243.619554124438,21485.57421875,50462,0.0,0.0
2021-05-07 00:00:00+09:00,21630.749373608018,22017.876879175947,21485.576559020043,21727.53125,54198,0.0,0.0
2021-05-10 00:00:00+09:00,21727.529491763828,22308.220703125,21582.356688923537,22308.220703125,80238,0.0,0.0
2021-05-11 00:00:00+09:00,21872.70229460412,24630.985548569686,21727.529491763828,22308.220703125,641452,0.0,0.0
2021-05-12 00:00:00+09:00,22163.04961731095,22308.22243139814,21146.83991870062,21437.185546875,109542,0.0,0.0
2021-05-13 00:00:00+09:00,20904.88539244186,21292.0128997093,20662.93070039971,20808.103515625,69914,0.0,0.0
2021-05-14 00:00:00+09:00,20856.494140625,21292.01257975638,20662.930389899942,20856.494140625,50915,0.0,0.0
2021-05-17 00:00:00+09:00,20904.88405373832,21195.229665595794,20711.3203125,20711.3203125,41212,0.0,0.0
2021-05-18 00:00:00+09:00,20662.930627211084,21098.44907134434,20324.194059551886,20517.7578125,55870,0.0,0.0
2021-05-20 00:00:00+09:00,20566.14812573357,20808.102809565728,20372.58437866784,20614.5390625,27020,0.0,0.0
2021-05-21 00:00:00+09:00,20662.929284841528,20856.49302521475,20372.583674281694,20420.974609375,41269,0.0,0.0
2021-05-24 00:00:00+09:00,20227.412109375,21630.749313135468,20130.63023325359,20227.412109375,78740,0.0,0.0
2021-05-25 00:00:00+09:00,20227.410775991586,20517.756385216344,20130.62890625,20130.62890625,36990,0.0,0.0
2021-05-26 00:00:00+09:00,20324.192645733172,20517.756385216344,20130.62890625,20130.62890625,37149,0.0,0.0
2021-05-27 00:00:00+09:00,20179.021171314293,20420.975861617822,20130.63023325359,20227.412109375,34974,0.0,0.0
2021-05-28 00:00:00+09:00,20275.80319313227,21001.66726925872,20275.80319313227,20808.103515625,64584,0.0,0.0
2021-05-31 00:00:00+09:00,20808.103202943734,21292.01257975638,20711.321327581205,20856.494140625,43521,0.0,0.0
2021-06-01 00:00:00+09:00,20566.147506571262,20904.88405373832,20566.147506571262,20711.3203125,41655,0.0,0.0
2021-06-02 00:00:00+09:00,20953.274895401362,20953.274895401362,20324.192739188387,20420.974609375,51974,0.0,0.0
2021-06-03 00:00:00+09:00,20179.019933908472,20614.53834974822,20179.019933908472,20420.974609375,57408,0.0,0.0
2021-06-04 00:00:00+09:00,20179.020549665176,20420.97523251488,20130.629613095236,20324.193359375,54560,0.0,0.0
2021-06-07 00:00:00+09:00,22259.830010775862,22259.830010775862,20517.75635775862,21050.056640625,235148,0.0,0.0
2021-06-08 00:00:00+09:00,20614.53834974822,20711.320219934834,20275.801804095085,20420.974609375,86096,0.0,0.0
2021-06-09 00:00:00+09:00,20566.148206922746,21292.012261284723,20566.148206922746,20904.884765625,142521,0.0,0.0
2021-06-10 00:00:00+09:00,21001.66619079316,21630.748357798486,21001.66619079316,21582.357421875,116056,0.0,0.0
2021-06-11 00:00:00+09:00,22259.830613938055,22501.785294524336,21533.966572179204,21872.703125,202330,0.0,0.0
2021-06-14 00:00:00+09:00,22550.175566530128,23566.385195064748,22356.61182776163,22888.912109375,328662,0.0,0.0
2021-06-15 00:00:00+09:00,22598.56693814679,22695.348809402236,21872.702903730937,22211.439453125,120470,0.0,0.0
2021-06-16 00:00:00+09:00,21727.530096847768,23856.731264467595,21727.530096847768,22211.439453125,295214,0.0,0.0
2021-06-17 00:00:00+09:00,22114.656966004608,22550.175374525486,21727.529491763828,22308.220703125,58669,0.0,0.0
2021-06-18 00:00:00+09:00,22356.611328125,22695.347863399624,22163.04759368236,22356.611328125,53476,0.0,0.0
2021-06-21 00:00:00+09:00,22356.6125733488,22743.7400637964,21969.485082901203,22163.048828125,59780,0.0,0.0
2021-06-22 00:00:00+09:00,22453.394176136364,23614.776633522728,22308.221368963066,23421.212890625,249680,0.0,0.0
2021-06-23 00:00:00+09:00,23372.823114979958,24437.423753757514,22985.69560996994,24147.078125,342262,0.0,0.0
2021-06-24 00:00:00+09:00,24534.20563001002,25260.069701903805,23759.95061998998,24147.078125,306120,0.0,0.0
2021-06-25 00:00:00+09:00,24147.077964782715,25163.287658691406,23711.559524536133,24776.16015625,172126,0.0,0.0
2021-06-28 00:00:00+09:00,24824.548828125,25308.45816200658,24389.03042763158,24824.548828125,116353,0.0,0.0
2021-06-29 00:00:00+09:00,26711.79555084746,26905.359286723164,25356.849399717514,25695.5859375,835727,0.0,0.0
2021-06-30 00:00:00+09:00,26808.579449494406,29470.081019390058,26324.67007314974,28115.134765625,3296049,0.0,0.0
2021-07-01 00:00:00+09:00,28115.13374513408,28744.215911548443,27534.44251459775,27969.9609375,468168,0.0,0.0
2021-07-02 00:00:00+09:00,27873.179560260585,30147.553586879072,27534.44300310464,29712.03515625,937764,0.0,0.0
2021-07-05 00:00:00+09:00,29421.688614262563,30244.334513016613,29131.343002937603,29857.20703125,424304,0.0,0.0
2021-07-06 00:00:00+09:00,29760.426897321428,29760.426897321428,27582.834685322297,27776.3984375,634098,0.0,0.0
2021-07-07 00:00:00+09:00,27824.78748760956,29228.1245956803,27728.005618087438,28986.169921875,547870,0.0,0.0
2021-07-08 00:00:00+09:00,28695.823810188136,28937.778479751272,27050.532057158798,28453.869140625,447758,0.0,0.0
2021-07-09 00:00:00+09:00,27728.006428760593,28695.825152277543,27292.48800317797,28550.65234375,299806,0.0,0.0
2021-07-12 00:00:00+09:00,28695.825152277543,28695.825152277543,27873.179237288135,28550.65234375,229319,0.0,0.0
2021-07-13 00:00:00+09:00,28744.217566483858,29324.908830453227,28115.13536385037,29228.126953125,366118,0.0,0.0
2021-07-14 00:00:00+09:00,29518.47020424666,29518.47020424666,28744.2152480697,28986.169921875,238810,0.0,0.0
2021-07-15 00:00:00+09:00,29082.95255310895,29179.734425165883,28066.742896511132,28260.306640625,304563,0.0,0.0
2021-07-16 00:00:00+09:00,28260.30781794425,28308.698755988677,27147.316242922472,27776.3984375,318965,0.0,0.0
2021-07-19 00:00:00+09:00,27389.269896119506,27582.83364096841,26421.451171875,26421.451171875,298791,0.0,0.0
2021-07-20 00:00:00+09:00,25598.805477446662,27002.142639726346,25550.414540816328,26082.71484375,233449,0.0,0.0
2021-07-21 00:00:00+09:00,26179.497906574907,26421.4526007207,25260.07006882089,25598.806640625,171991,0.0,0.0
2021-07-22 00:00:00+09:00,25356.85093868821,25937.542181558932,25163.28719106464,25453.6328125,142520,0.0,0.0
2021-07-23 00:00:00+09:00,25550.414700544465,26856.969997731398,25550.414700544465,26663.40625,234970,0.0,0.0
2021-07-26 00:00:00+09:00,27340.879920637104,28211.91680306448,26615.015851947624,27486.052734375,471648,0.0,0.0
2021-07-27 00:00:00+09:00,27776.39747509058,27776.39747509058,26615.015002264492,26711.796875,829563,0.0,0.0
2021-07-28 00:00:00+09:00,26615.015146683672,27389.270132769016,25937.542033858997,26082.71484375,243964,0.0,0.0
2021-07-29 00:00:00+09:00,26953.751111141784,27631.224209087897,26131.105206492935,27389.26953125,312130,0.0,0.0
2021-07-30 00:00:00+09:00,27147.315302309784,27147.315302309784,26276.278447690216,26711.796875,184016,0.0,0.0
2021-08-02 00:00:00+09:00,26663.405675766622,26663.405675766622,25743.977893843636,25840.759765625,206306,0.0,0.0
2021-08-03 00:00:00+09:00,25743.978673598347,26518.233671300553,25598.805861529185,26324.669921875,147679,0.0,0.0
2021-08-04 00:00:00+09:00,26373.0609375,27824.7890625,25937.5425,27824.7890625,439053,0.0,0.0
2021-08-05 00:00:00+09:00,27437.660009521078,29324.90646520242,27389.269074760017,28986.169921875,714775,0.0,0.0
2021-08-06 00:00:00+09:00,28986.17116924895,29470.080537683825,28405.479927127104,28792.607421875,346078,0.0,0.0
2021-08-09 00:00:00+09:00,28937.7809505662,29905.599711454703,27292.489057055747,27776.3984375,597368,0.0,0.0
2021-08-10 00:00:00+09:00,27534.442793251812,27728.006538722828,26082.714702219204,26711.796875,511248,0.0,0.0
2021-08-11 00:00:00+09:00,26373.059616645758,27292.48738309763,26227.886811416513,26518.232421875,244273,0.0,0.0
2021-08-12 00:00:00+09:00,26276.277746492928,27002.14177263914,25889.150265881613,26518.232421875,225962,0.0,0.0
2021-08-13 00:00:00+09:00,26518.23318773452,26566.62412420849,25066.50509351548,25792.369140625,294825,0.0,0.0
2021-08-17 00:00:00+09:00,25695.587812499998,25695.587812499998,24195.46875,24195.46875,314847,0.0,0.0
2021-08-18 00:00:00+09:00,23856.731522162907,25211.677734375,23082.476543755998,25211.677734375,248061,0.0,0.0
2021-08-19 00:00:00+09:00,24872.941625064832,24969.723499092324,23276.040703611256,23324.431640625,310688,0.0,0.0
2021-08-20 00:00:00+09:00,23905.124036011268,23905.124036011268,22259.832098310086,22550.177734375,202107,0.0,0.0
2021-08-23 00:00:00+09:00,22743.74017446319,24969.7232553681,22743.74017446319,23663.16796875,211470,0.0,0.0
2021-08-24 00:00:00+09:00,23808.341483899592,24389.032739604463,23517.99585604716,23856.732421875,138115,0.0,0.0
2021-08-25 00:00:00+09:00,24001.903895112016,24147.076700929225,23469.60360711558,23759.94921875,86028,0.0,0.0
2021-08-26 00:00:00+09:00,24582.595617529878,25695.587151394422,24292.25,24292.25,347631,0.0,0.0
2021-08-27 00:00:00+09:00,24921.33172086967,27389.269425266473,24389.031431686046,24969.72265625,1043077,0.0,0.0
2021-08-30 00:00:00+09:00,24872.94123505976,25502.0234063745,24292.25,24292.25,206870,0.0,0.0
2021-08-31 00:00:00+09:00,24292.24919016768,24437.421994092987,22888.9120855564,23808.33984375,277237,0.0,0.0
2021-09-01 00:00:00+09:00,23808.341172191296,24485.814294977226,23614.777422823885,23905.123046875,83494,0.0,0.0
2021-09-02 00:00:00+09:00,23856.731629302536,23905.122565670288,23324.431329257248,23372.822265625,97959,0.0,0.0
2021-09-03 00:00:00+09:00,23421.21227173354,23614.776009516463,23130.86666505916,23517.994140625,66521,0.0,0.0
2021-09-06 00:00:00+09:00,23614.777262707466,23663.168199721214,23227.64976659751,23324.431640625,76080,0.0,0.0
2021-09-07 00:00:00+09:00,23372.821140723892,23421.212074762658,22743.738998219935,22937.302734375,122528,0.0,0.0
2021-09-08 00:00:00+09:00,22985.695152200326,22985.695152200326,22356.612969087473,22405.00390625,123211,0.0,0.0
2021-09-09 00:00:00+09:00,22405.002261735663,22792.12973062094,22259.829460903682,22356.611328125,87184,0.0,0.0
2021-09-10 00:00:00+09:00,22646.95692978896,22743.738797010283,21727.52919118642,22356.611328125,92036,0.0,0.0
2021-09-13 00:00:00+09:00,22743.738797010283,22792.12973062094,22211.43852729302,22356.611328125,71466,0.0,0.0
2021-09-14 00:00:00+09:00,22550.176318572598,22646.958191184498,22114.65789181905,22163.048828125,61330,0.0,0.0
2021-09-15 00:00:00+09:00,22163.04842715232,22163.04842715232,21679.139072847684,21921.09375,74040,0.0,0.0
2021-09-16 00:00:00+09:00,22066.268136160714,22066.268136160714,21679.140625,21679.140625,56707,0.0,0.0
2021-09-17 00:00:00+09:00,21679.139606741574,21775.921479985955,21195.230240519664,21533.966796875,73695,0.0,0.0
2021-09-23 00:00:00+09:00,21533.966796875,22550.17646594101,21533.966796875,21533.966796875,83041,0.0,0.0
2021-09-24 00:00:00+09:00,21485.576727350915,22114.658928827408,21098.44921875,21098.44921875,71189,0.0,0.0
2021-09-27 00:00:00+09:00,21098.449053452114,22356.613446547883,20953.276238864142,21727.53125,140611,0.0,0.0
2021-09-28 00:00:00+09:00,22114.658600901028,22114.658600901028,21146.83984375,21146.83984375,69410,0.0,0.0
2021-09-29 00:00:00+09:00,20227.411648220488,21050.0575764974,20033.847900390625,20904.884765625,77354,0.0,0.0
2021-09-30 00:00:00+09:00,21195.22957086789,21195.22957086789,20324.192739188387,20420.974609375,77041,0.0,0.0
2021-10-01 00:00:00+09:00,20324.19254954268,20711.32002667683,19791.892268483232,19840.283203125,85991,0.0,0.0
2021-10-05 00:00:00+09:00,19356.374104817707,19598.32878112793,18340.164464314777,18582.119140625,148750,0.0,0.0
2021-10-06 00:00:00+09:00,18775.6844698219,19937.067014346965,18291.77507626979,18340.166015625,138859,0.0,0.0
2021-10-07 00:00:00+09:00,18485.33735977564,19017.637650240384,18436.946424278845,18872.46484375,66847,0.0,0.0
2021-10-08 00:00:00+09:00,18872.466025904603,19066.029780016448,18340.165702097038,18388.556640625,67010,0.0,0.0
2021-10-12 00:00:00+09:00,18146.600538684474,18340.164277763775,17662.69119098622,18001.427734375,71287,0.0,0.0
2021-10-13 00:00:00+09:00,17904.646261604776,18388.555620026524,17904.646261604776,18243.3828125,43044,0.0,0.0
2021-10-14 00:00:00+09:00,18340.166081574676,18727.293597808442,18194.993262987013,18630.51171875,44880,0.0,0.0
2021-10-15 00:00:00+09:00,18872.463919370228,19549.936983142492,18678.900186863866,19017.63671875,111436,0.0,0.0
2021-10-18 00:00:00+09:00,19404.764390432098,19888.673726851852,19066.02785493827,19598.328125,87649,0.0,0.0
2021-10-19 00:00:00+09:00,19695.11030321782,19840.283106435643,19356.37376237624,19549.9375,56879,0.0,0.0
2021-10-20 00:00:00+09:00,19888.673726851852,20324.19212962963,19501.54625771605,19598.328125,89586,0.0,0.0
2021-10-21 00:00:00+09:00,19598.328968394886,19646.719904119316,19162.810546875,19162.810546875,42083,0.0,0.0
2021-10-22 00:00:00+09:00,18824.07338940798,19598.328336016017,18824.07338940798,19259.591796875,45716,0.0,0.0
2021-10-25 00:00:00+09:00,19259.593046081853,19356.37492068528,18872.465547668147,19066.029296875,30280,0.0,0.0
2021-10-26 00:00:00+09:00,19356.37335526316,19501.546155427633,19066.02775493421,19307.982421875,31261,0.0,0.0
2021-10-27 00:00:00+09:00,19356.37492068528,19646.720544495558,19017.638359573288,19066.029296875,33561,0.0,0.0
2021-10-28 00:00:00+09:00,19114.420153431056,19211.202027625644,18727.292656652706,18775.68359375,52869,0.0,0.0
2021-10-29 00:00:00+09:00,18678.90091765873,18920.855592757936,18098.209697420636,18291.7734375,70064,0.0,0.0
2021-11-01 00:00:00+09:00,18291.774690842245,18291.774690842245,17904.647184157755,18098.2109375,53255,0.0,0.0
2021-11-02 00:00:00+09:00,17953.03856534091,18872.466416396102,17953.03856534091,18630.51171875,37498,0.0,0.0
2021-11-03 00:00:00+09:00,18436.947894335422,18824.075409177112,18291.77507626979,18340.166015625,37418,0.0,0.0
2021-11-04 00:00:00+09:00,18582.120320855614,18630.511259191175,17904.647184157755,18098.2109375,45830,0.0,0.0
2021-11-05 00:00:00+09:00,18001.428986922554,18291.774615743885,17711.083358101223,17807.865234375,41004,0.0,0.0
2021-11-08 00:00:00+09:00,17807.8639952957,18049.818669144825,17469.127451906923,18001.427734375,47301,0.0,0.0
2021-11-09 00:00:00+09:00,18146.60140108471,18146.60140108471,17469.128282110883,17565.91015625,45234,0.0,0.0
2021-11-10 00:00:00+09:00,17420.738800578034,17565.911623916185,16549.701860549132,16743.265625,78418,0.0,0.0
2021-11-11 00:00:00+09:00,16452.918365036232,17372.346156023552,16356.136492300724,16694.873046875,57422,0.0,0.0
2021-11-12 00:00:00+09:00,16888.43757152289,17178.783203125,16694.87381712148,17178.783203125,40283,0.0,0.0
2021-11-15 00:00:00+09:00,17178.782355339972,17953.037334735578,16743.263929429944,17614.30078125,68603,0.0,0.0
2021-11-16 00:00:00+09:00,17614.301575931233,17759.474391117477,16743.264684813752,16888.4375,91489,0.0,0.0
2021-11-17 00:00:00+09:00,16743.263362301874,17130.390838886888,16598.090558582495,16791.654296875,71944,0.0,0.0
2021-11-18 00:00:00+09:00,16791.65388569079,17081.999486019737,16452.917351973687,16549.69921875,49695,0.0,0.0
2021-11-19 00:00:00+09:00,16452.92003284801,17130.393210671165,16452.92003284801,17033.611328125,67417,0.0,0.0
2021-11-22 00:00:00+09:00,17178.781962700206,17565.90944354979,16888.43635206302,17372.345703125,89097,0.0,0.0
2021-11-23 00:00:00+09:00,17517.5196991404,17517.5196991404,16888.4375,16888.4375,36741,0.0,0.0
2021-11-24 00:00:00+09:00,16888.43844833815,17082.00221278902,16501.310919436415,16743.265625,45696,0.0,0.0
2021-11-25 00:00:00+09:00,17178.781962700206,18098.209729717964,17033.609157381616,17372.345703125,126517,0.0,0.0
2021-11-26 00:00:00+09:00,17614.301167332847,17711.083041878635,16549.700547329216,16646.482421875,85175,0.0,0.0
2021-11-29 00:00:00+09:00,16017.400078830948,16356.136636389307,15872.227268448794,16065.791015625,80826,0.0,0.0
2021-11-30 00:00:00+09:00,16259.354788306451,16307.745725176412,15001.1904296875,15001.1904296875,116857,0.0,0.0
2021-12-01 00:00:00+09:00,15001.190470247604,15291.536092252396,14420.49922623802,15146.36328125,69390,0.0,0.0
2021-12-02 00:00:00+09:00,15001.190287587075,15969.009015818498,14565.671859882934,15630.2724609375,103706,0.0,0.0
2021-12-03 00:00:00+09:00,15533.490111573727,16307.745070406063,15436.708241719685,16162.572265625,64159,0.0,0.0
2021-12-06 00:00:00+09:00,16065.790931748466,16114.181868289877,15388.317820168711,15775.4453125,44570,0.0,0.0
2021-12-07 00:00:00+09:00,15872.22615131579,16646.481085526317,15775.444284539475,16549.69921875,55682,0.0,0.0
2021-12-08 00:00:00+09:00,16549.70078356825,16646.48265949555,16210.964217822699,16307.74609375,35525,0.0,0.0
2021-12-09 00:00:00+09:00,16452.919978323698,16840.047507225434,16162.574331647398,16743.265625,51179,0.0,0.0
2021-12-10 00:00:00+09:00,16743.263983242752,16936.827728713768,16452.918365036232,16694.873046875,32294,0.0,0.0
2021-12-13 00:00:00+09:00,16452.919921875,16694.874626608456,16452.919921875,16452.919921875,29328,0.0,0.0
2021-12-14 00:00:00+09:00,16404.5279696773,16549.70078356825,16162.573279859049,16307.74609375,24600,0.0,0.0
2021-12-15 00:00:00+09:00,16162.572620210192,16501.309172130765,16065.790748232886,16259.3544921875,32916,0.0,0.0
2021-12-16 00:00:00+09:00,16549.700108119418,16549.700108119418,16162.572620210192,16259.3544921875,20937,0.0,0.0
2021-12-17 00:00:00+09:00,16259.354804104478,16259.354804104478,16065.791056436567,16210.9638671875,25773,0.0,0.0
2021-12-20 00:00:00+09:00,16259.35495923913,16259.35495923913,15581.8818359375,15581.8818359375,51140,0.0,0.0
2021-12-21 00:00:00+09:00,15823.835892288773,15823.835892288773,15339.92653778453,15678.6630859375,35228,0.0,0.0
2021-12-22 00:00:00+09:00,16888.436240204872,17807.86400113293,15678.662870562688,16017.3994140625,537294,0.0,0.0
2021-12-23 00:00:00+09:00,16162.573124999999,17323.955625,16065.791249999998,16936.828125,306938,0.0,0.0
2021-12-24 00:00:00+09:00,16936.829445578835,17565.911682128906,16694.874739213425,17033.611328125,147312,0.0,0.0
2021-12-27 00:00:00+09:00,17033.609462290504,17807.864437849163,16743.263846456004,17323.955078125,149015,0.0,0.0
2021-12-28 00:00:00+09:00,17469.12747875354,17565.909348441928,17033.609065155808,17082.0,92569,0.0,0.0
2021-12-29 00:00:00+09:00,17276.666666666668,17374.0,16790.0,17228.0,51667,100.0,0.0
2021-12-30 00:00:00+09:00,17130.66795774648,17374.001309419014,16790.001265404928,17276.66796875,55967,0.0,0.0
2022-01-04 00:00:00+09:00,17666.001331426054,17714.66800176056,17130.66795774648,17276.66796875,60436,0.0,0.0
2022-01-05 00:00:00+09:00,17228.001332189306,17228.001332189306,16790.001298320087,16838.66796875,62070,0.0,0.0
2022-01-06 00:00:00+09:00,16254.66728794643,17033.333984375,16206.000619419643,17033.333984375,93328,0.0,0.0
2022-01-07 00:00:00+09:00,16838.667925104746,17471.33463905377,16838.667925104746,17422.66796875,71117,0.0,0.0
2022-01-10 00:00:00+09:00,17325.334576072386,18298.66797922252,17033.334555127345,18152.66796875,214605,0.0,0.0
2022-01-11 00:00:00+09:00,18104.001341759005,18152.66801203255,17374.001287655818,17568.66796875,121498,0.0,0.0
2022-01-12 00:00:00+09:00,17812.0,18201.333333333336,17617.333333333336,17958.0,74804,0.0,0.0
2022-01-13 00:00:00+09:00,18201.333989639486,18201.333989639486,17520.000631738545,18055.333984375,72586,0.0,0.0
2022-01-14 00:00:00+09:00,18055.333940208857,19612.66732588725,18006.667271906408,19369.333984375,590380,0.0,0.0
2022-01-17 00:00:00+09:00,19320.667998952962,19807.33469917848,18785.334628704895,18882.66796875,217313,0.0,0.0
2022-01-18 00:00:00+09:00,19174.66734169408,19320.66734683388,18298.667310855264,18493.333984375,141709,0.0,0.0
2022-01-19 00:00:00+09:00,17909.333973930483,18542.00066322694,17860.667305523064,18201.333984375,79938,0.0,0.0
2022-01-20 00:00:00+09:00,18250.00125845683,19077.334648840206,18006.667908344072,18882.66796875,105501,0.0,0.0
2022-01-21 00:00:00+09:00,18785.33399991711,18882.667336704246,18201.333979194296,18347.333984375,78681,0.0,0.0
2022-01-24 00:00:00+09:00,18006.666666666668,18250.0,17228.0,17228.0,92477,0.0,0.0
2022-01-25 00:00:00+09:00,17520.00069341716,17666.000699195636,15914.000629853921,16449.333984375,129573,0.0,0.0
2022-01-26 00:00:00+09:00,16449.333333333336,16887.333333333336,16108.666666666668,16644.0,81444,0.0,0.0
2022-01-27 00:00:00+09:00,16644.000682994632,16984.66736364072,15670.667309720091,15865.333984375,70426,0.0,0.0
2022-01-28 00:00:00+09:00,15622.000315686368,16400.66699808818,15476.000312736027,16108.6669921875,62517,0.0,0.0
2022-02-03 00:00:00+09:00,16449.334605310694,16936.001309609826,16254.66792359104,16838.66796875,59124,0.0,0.0
2022-02-04 00:00:00+09:00,17422.66792652027,18298.667989864865,17422.66792652027,18006.66796875,276420,0.0,0.0
2022-02-07 00:00:00+09:00,18152.667321217992,19174.667358069408,17909.333979110514,18055.333984375,217654,0.0,0.0
2022-02-08 00:00:00+09:00,18055.333984375,18055.333984375,18055.333984375,18055.333984375,0,0.0,0.0
2022-02-09 00:00:00+09:00,18201.334649493245,18493.33467060811,17909.33462837838,18006.66796875,53603,0.0,0.0
2022-02-10 00:00:00+09:00,18104.0,18493.333333333336,17958.0,17958.0,67275,0.0,0.0
2022-02-11 00:00:00+09:00,17714.66800176056,17812.001342429576,17130.66795774648,17276.66796875,67728,0.0,0.0
2022-02-14 00:00:00+09:00,16644.001243889663,18639.334726344274,16449.33456267458,17422.66796875,188312,0.0,0.0
2022-02-15 00:00:00+09:00,17860.666666666668,18055.333333333336,17422.666666666668,17666.0,100226,0.0,0.0
2022-02-16 00:00:00+09:00,18055.333333333336,18396.0,17909.333333333336,18104.0,89403,0.0,0.0
2022-02-17 00:00:00+09:00,18298.666666666668,18396.0,17082.0,18104.0,185673,0.0,0.0
2022-02-18 00:00:00+09:00,17714.666666666668,18298.666666666668,17714.666666666668,17958.0,57198,0.0,0.0
2022-02-21 00:00:00+09:00,17860.66793758311,18347.334638879653,17568.667916805185,18298.66796875,113147,0.0,0.0
2022-02-22 00:00:00+09:00,18298.66796875,18298.66796875,18298.66796875,18298.66796875,0,0.0,0.0
2022-02-23 00:00:00+09:00,18298.666666666668,18590.666666666668,17812.0,18542.0,123627,0.0,0.0
2022-02-24 00:00:00+09:00,18639.334010912025,18688.000679347824,17714.667310631794,17909.333984375,123914,0.0,0.0
2022-02-25 00:00:00+09:00,18201.33399498981,18396.000668733017,17520.000636888588,17909.333984375,141492,0.0,0.0
2022-02-28 00:00:00+09:00,17909.333984375,17909.333984375,17909.333984375,17909.333984375,0,0.0,0.0
2022-03-02 00:00:00+09:00,19466.668009020617,19466.668009020617,18688.001288659794,18882.66796875,197394,0.0,0.0
2022-03-03 00:00:00+09:00,18980.000657788212,19126.000662848124,18639.33397931509,18785.333984375,102966,0.0,0.0
2022-03-04 00:00:00+09:00,18785.333984375,18785.333984375,18785.333984375,18785.333984375,0,0.0,0.0
2022-03-07 00:00:00+09:00,18688.001308900522,18688.001308900522,18152.667938072645,18590.66796875,72319,0.0,0.0
2022-03-08 00:00:00+09:00,18104.0,18688.0,18104.0,18396.0,66563,0.0,0.0
2022-03-10 00:00:00+09:00,18396.0,18396.0,18396.0,18396.0,0,0.0,0.0
2022-03-11 00:00:00+09:00,18931.333333333336,19028.666666666668,18688.0,18834.0,120964,0.0,0.0
2022-03-14 00:00:00+09:00,18736.66733685662,18736.66733685662,18152.66731596758,18201.333984375,76031,0.0,0.0
2022-03-15 00:00:00+09:00,18201.333989639486,18396.00066332547,17909.333979110514,18055.333984375,47726,0.0,0.0
2022-03-16 00:00:00+09:00,18055.333984375,18055.333984375,18055.333984375,18055.333984375,0,0.0,0.0
2022-03-17 00:00:00+09:00,18055.333984375,18055.333984375,18055.333984375,18055.333984375,0,0.0,0.0
2022-03-18 00:00:00+09:00,19174.666666666668,19320.666666666668,18785.333333333336,19272.0,110276,0.0,0.0
2022-03-21 00:00:00+09:00,19272.0,19272.0,19272.0,19272.0,0,0.0,0.0
2022-03-22 00:00:00+09:00,18980.000657788212,19028.667326141516,18590.667310961788,18785.333984375,77519,0.0,0.0
2022-03-23 00:00:00+09:00,18104.0,18639.333333333336,17812.0,17958.0,259382,0.0,0.0
2022-03-24 00:00:00+09:00,17958.0,17958.0,17033.333333333336,17666.0,169730,0.0,0.0
2022-03-25 00:00:00+09:00,17666.000652840125,17763.333989770374,17422.667310514502,17617.333984375,67479,0.0,0.0
2022-03-28 00:00:00+09:00,17617.333984375,17617.333984375,17617.333984375,17617.333984375,0,0.0,0.0
2022-03-29 00:00:00+09:00,17568.667315909875,17812.000658235498,17422.667310514502,17617.333984375,63233,0.0,0.0
2022-03-30 00:00:00+09:00,17617.333984375,17617.333984375,17617.333984375,17617.333984375,0,0.0,0.0
2022-03-31 00:00:00+09:00,17617.333984375,17617.333984375,17617.333984375,17617.333984375,0,0.0,0.0
2022-04-01 00:00:00+09:00,17617.333984375,17617.333984375,17617.333984375,17617.333984375,0,0.0,0.0
2022-04-04 00:00:00+09:00,17617.333984375,17617.333984375,17617.333984375,17617.333984375,0,0.0,0.0
2022-04-05 00:00:00+09:00,17617.333984375,17617.333984375,17617.333984375,17617.333984375,0,0.0,0.0
2022-04-06 00:00:00+09:00,17617.333984375,17617.333984375,17617.333984375,17617.333984375,0,0.0,0.0
2022-04-07 00:00:00+09:00,17617.333984375,17617.333984375,17617.333984375,17617.333984375,0,0.0,0.0
2022-04-08 00:00:00+09:00,17617.333984375,17617.333984375,17617.333984375,17617.333984375,0,0.0,0.0
2022-04-11 00:00:00+09:00,17617.333984375,17617.333984375,17617.333984375,17617.333984375,0,0.0,0.0
2022-04-12 00:00:00+09:00,17617.333984375,17617.333984375,17617.333984375,17617.333984375,0,0.0,0.0
2022-04-13 00:00:00+09:00,17617.333984375,17617.333984375,17617.333984375,17617.333984375,0,0.0,0.0
2022-04-14 00:00:00+09:00,17617.333984375,17617.333984375,17617.333984375,17617.333984375,0,0.0,0.0
2022-04-15 00:00:00+09:00,17617.333984375,17617.333984375,17617.333984375,17617.333984375,0,0.0,0.0
2022-04-18 00:00:00+09:00,17617.333984375,17617.333984375,17617.333984375,17617.333984375,0,0.0,0.0
2022-04-19 00:00:00+09:00,17617.333984375,17617.333984375,17617.333984375,17617.333984375,0,0.0,0.0
2022-04-20 00:00:00+09:00,17617.333984375,17617.333984375,17617.333984375,17617.333984375,0,0.0,0.0
2022-04-21 00:00:00+09:00,17617.333984375,17617.333984375,17617.333984375,17617.333984375,0,0.0,0.0
2022-04-22 00:00:00+09:00,17617.333984375,17617.333984375,17617.333984375,17617.333984375,0,0.0,0.0
2022-04-25 00:00:00+09:00,17617.333984375,17617.333984375,17617.333984375,17617.333984375,0,0.0,0.0
2022-04-26 00:00:00+09:00,17617.333984375,17617.333984375,17617.333984375,17617.333984375,0,0.0,0.0
2022-04-27 00:00:00+09:00,17617.333984375,17617.333984375,17617.333984375,17617.333984375,0,0.0,0.0
2022-04-28 00:00:00+09:00,17617.333984375,17617.333984375,17617.333984375,17617.333984375,0,0.0,0.0
2022-04-29 00:00:00+09:00,17617.333984375,17617.333984375,17617.333984375,17617.333984375,0,0.0,0.0
2022-05-02 00:00:00+09:00,17617.333984375,17617.333984375,17617.333984375,17617.333984375,0,0.0,0.0
2022-05-03 00:00:00+09:00,17617.333984375,17617.333984375,17617.333984375,17617.333984375,0,0.0,0.0
2022-05-04 00:00:00+09:00,17617.333984375,17617.333984375,17617.333984375,17617.333984375,0,0.0,0.0
2022-05-06 00:00:00+09:00,17617.333984375,17617.333984375,17617.333984375,17617.333984375,0,0.0,0.0
2022-05-10 00:00:00+09:00,17617.333984375,17617.333984375,17617.333984375,17617.333984375,0,0.0,0.0
2022-05-11 00:00:00+09:00,17617.333984375,17617.333984375,17617.333984375,17617.333984375,0,0.0,0.0
2022-05-12 00:00:00+09:00,17617.333984375,17617.333984375,17617.333984375,17617.333984375,0,0.0,0.0
2022-05-13 00:00:00+09:00,17617.333984375,17617.333984375,17617.333984375,17617.333984375,0,0.0,0.0
2022-05-16 00:00:00+09:00,17617.333984375,17617.333984375,17617.333984375,17617.333984375,0,0.0,0.0
2022-05-17 00:00:00+09:00,17617.333984375,17617.333984375,17617.333984375,17617.333984375,0,0.0,0.0
2022-05-18 00:00:00+09:00,17617.333984375,17617.333984375,17617.333984375,17617.333984375,0,0.0,0.0
2022-05-19 00:00:00+09:00,17617.333984375,17617.333984375,17617.333984375,17617.333984375,0,0.0,0.0
2022-05-20 00:00:00+09:00,17617.333984375,17617.333984375,17617.333984375,17617.333984375,0,0.0,0.0
2022-05-23 00:00:00+09:00,17617.333984375,17617.333984375,17617.333984375,17617.333984375,0,0.0,0.0
2022-05-24 00:00:00+09:00,17617.333984375,17617.333984375,17617.333984375,17617.333984375,0,0.0,0.0
2022-05-25 00:00:00+09:00,17617.333984375,17617.333984375,17617.333984375,17617.333984375,0,0.0,0.0
2022-05-26 00:00:00+09:00,17617.333984375,17617.333984375,17617.333984375,17617.333984375,0,0.0,0.0
2022-05-27 00:00:00+09:00,17617.333984375,17617.333984375,17617.333984375,17617.333984375,0,0.0,0.0
2022-05-30 00:00:00+09:00,17617.333984375,17617.333984375,17617.333984375,17617.333984375,0,0.0,0.0
2022-05-31 00:00:00+09:00,17617.333984375,17617.333984375,17617.333984375,17617.333984375,0,0.0,0.0
2022-06-02 00:00:00+09:00,17617.333984375,17617.333984375,17617.333984375,17617.333984375,0,0.0,0.0
2022-06-03 00:00:00+09:00,17617.333984375,17617.333984375,17617.333984375,17617.333984375,0,0.0,0.0
2022-06-07 00:00:00+09:00,17617.333984375,17617.333984375,17617.333984375,17617.333984375,0,0.0,0.0
2022-06-08 00:00:00+09:00,17617.333984375,17617.333984375,17617.333984375,17617.333984375,0,0.0,0.0
2022-06-09 00:00:00+09:00,17617.333984375,17617.333984375,17617.333984375,17617.333984375,0,0.0,0.0
2022-06-10 00:00:00+09:00,17617.333984375,17617.333984375,17617.333984375,17617.333984375,0,0.0,0.0
2022-06-13 00:00:00+09:00,17617.333984375,17617.333984375,17617.333984375,17617.333984375,0,0.0,0.0
2022-06-14 00:00:00+09:00,17617.333984375,17617.333984375,17617.333984375,17617.333984375,0,0.0,0.0
2022-06-15 00:00:00+09:00,17617.333984375,17617.333984375,17617.333984375,17617.333984375,0,0.0,0.0
2022-06-16 00:00:00+09:00,17617.333984375,17617.333984375,17617.333984375,17617.333984375,0,0.0,0.0
2022-06-17 00:00:00+09:00,17617.333984375,17617.333984375,17617.333984375,17617.333984375,0,0.0,0.0
2022-06-20 00:00:00+09:00,17617.333984375,17617.333984375,17617.333984375,17617.333984375,0,0.0,0.0
2022-06-21 00:00:00+09:00,17617.333984375,17617.333984375,17617.333984375,17617.333984375,0,0.0,0.0
2022-06-22 00:00:00+09:00,17617.333984375,17617.333984375,17617.333984375,17617.333984375,0,0.0,0.0
2022-06-23 00:00:00+09:00,17617.333984375,17617.333984375,17617.333984375,17617.333984375,0,0.0,0.0
2022-06-24 00:00:00+09:00,17617.333984375,17617.333984375,17617.333984375,17617.333984375,0,0.0,0.0
2022-06-27 00:00:00+09:00,17617.333984375,17617.333984375,17617.333984375,17617.333984375,0,0.0,0.0
2022-06-28 00:00:00+09:00,17617.333984375,17617.333984375,17617.333984375,17617.333984375,0,0.0,0.0
2022-06-29 00:00:00+09:00,17617.333984375,17617.333984375,17617.333984375,17617.333984375,0,0.0,0.0
2022-06-30 00:00:00+09:00,17617.333984375,17617.333984375,17617.333984375,17617.333984375,0,0.0,0.0
2022-07-01 00:00:00+09:00,17617.333984375,17617.333984375,17617.333984375,17617.333984375,0,0.0,0.0
2022-07-04 00:00:00+09:00,17617.333984375,17617.333984375,17617.333984375,17617.333984375,0,0.0,0.0
2022-07-05 00:00:00+09:00,17617.333984375,17617.333984375,17617.333984375,17617.333984375,0,0.0,0.0
2022-07-06 00:00:00+09:00,17617.333984375,17617.333984375,17617.333984375,17617.333984375,0,0.0,0.0
2022-07-07 00:00:00+09:00,17617.333984375,17617.333984375,17617.333984375,17617.333984375,0,0.0,0.0
2022-07-08 00:00:00+09:00,17617.333984375,17617.333984375,17617.333984375,17617.333984375,0,0.0,0.0
2022-07-11 00:00:00+09:00,17617.333984375,17617.333984375,17617.333984375,17617.333984375,0,0.0,0.0
2022-07-12 00:00:00+09:00,17617.333984375,17617.333984375,17617.333984375,17617.333984375,0,0.0,0.0
2022-07-13 00:00:00+09:00,17617.333984375,17617.333984375,17617.333984375,17617.333984375,0,0.0,0.0
2022-07-14 00:00:00+09:00,17617.333984375,17617.333984375,17617.333984375,17617.333984375,0,0.0,0.0
2022-07-15 00:00:00+09:00,17617.333984375,17617.333984375,17617.333984375,17617.333984375,0,0.0,0.0
2022-07-18 00:00:00+09:00,17617.333984375,17617.333984375,17617.333984375,17617.333984375,0,0.0,0.0
2022-07-19 00:00:00+09:00,17617.333984375,17617.333984375,17617.333984375,17617.333984375,0,0.0,0.0
2022-07-20 00:00:00+09:00,17617.333984375,17617.333984375,17617.333984375,17617.333984375,0,0.0,0.0
2022-07-21 00:00:00+09:00,17617.333984375,17617.333984375,17617.333984375,17617.333984375,0,0.0,0.0
2022-07-22 00:00:00+09:00,17617.333984375,17617.333984375,17617.333984375,17617.333984375,0,0.0,0.0
2022-07-25 00:00:00+09:00,17617.333984375,17617.333984375,17617.333984375,17617.333984375,0,0.0,0.0
2022-07-26 00:00:00+09:00,17617.333984375,17617.333984375,17617.333984375,17617.333984375,0,0.0,0.0
2022-07-27 00:00:00+09:00,17617.333984375,17617.333984375,17617.333984375,17617.333984375,0,0.0,0.0
2022-07-28 00:00:00+09:00,17617.333984375,17617.333984375,17617.333984375,17617.333984375,0,0.0,0.0
2022-07-29 00:00:00+09:00,17617.333984375,17617.333984375,17617.333984375,17617.333984375,0,0.0,0.0
2022-08-01 00:00:00+09:00,17617.333984375,17617.333984375,17617.333984375,17617.333984375,0,0.0,0.0
2022-08-02 00:00:00+09:00,17617.333984375,17617.333984375,17617.333984375,17617.333984375,0,0.0,0.0
2022-08-03 00:00:00+09:00,17617.333984375,17617.333984375,17617.333984375,17617.333984375,0,0.0,0.0
2022-08-04 00:00:00+09:00,17617.333984375,17617.333984375,17617.333984375,17617.333984375,0,0.0,0.0
2022-08-05 00:00:00+09:00,17617.333984375,17617.333984375,17617.333984375,17617.333984375,0,0.0,0.0
2022-08-08 00:00:00+09:00,17617.333984375,17617.333984375,17617.333984375,17617.333984375,0,0.0,0.0
2022-08-09 00:00:00+09:00,17617.333984375,17617.333984375,17617.333984375,17617.333984375,0,0.0,0.0
2022-08-10 00:00:00+09:00,17617.333984375,17617.333984375,17617.333984375,17617.333984375,0,0.0,0.0
2022-08-11 00:00:00+09:00,17617.333984375,17617.333984375,17617.333984375,17617.333984375,0,0.0,0.0
2022-08-12 00:00:00+09:00,17617.333984375,17617.333984375,17617.333984375,17617.333984375,0,0.0,0.0
2022-08-16 00:00:00+09:00,17617.333984375,17617.333984375,17617.333984375,17617.333984375,0,0.0,0.0
2022-08-17 00:00:00+09:00,17617.333984375,17617.333984375,17617.333984375,17617.333984375,0,0.0,0.0
2022-08-18 00:00:00+09:00,17617.333984375,17617.333984375,17617.333984375,17617.333984375,0,0.0,0.0
2022-08-19 00:00:00+09:00,17617.333984375,17617.333984375,17617.333984375,17617.333984375,0,0.0,0.0
2022-08-22 00:00:00+09:00,17617.333984375,17617.333984375,17617.333984375,17617.333984375,0,0.0,0.0
2022-08-23 00:00:00+09:00,17617.333984375,17617.333984375,17617.333984375,17617.333984375,0,0.0,0.0
2022-08-24 00:00:00+09:00,17617.333984375,17617.333984375,17617.333984375,17617.333984375,0,0.0,0.0
2022-08-25 00:00:00+09:00,17617.333984375,17617.333984375,17617.333984375,17617.333984375,0,0.0,0.0
2022-08-26 00:00:00+09:00,17617.333984375,17617.333984375,17617.333984375,17617.333984375,0,0.0,0.0
2022-08-29 00:00:00+09:00,17617.333984375,17617.333984375,17617.333984375,17617.333984375,0,0.0,0.0
2022-08-30 00:00:00+09:00,17617.333984375,17617.333984375,17617.333984375,17617.333984375,0,0.0,0.0
2022-08-31 00:00:00+09:00,17617.333984375,17617.333984375,17617.333984375,17617.333984375,0,0.0,0.0
2022-09-01 00:00:00+09:00,17617.333984375,17617.333984375,17617.333984375,17617.333984375,0,0.0,0.0
2022-09-02 00:00:00+09:00,17617.333984375,17617.333984375,17617.333984375,17617.333984375,0,0.0,0.0
2022-09-05 00:00:00+09:00,17617.333984375,17617.333984375,17617.333984375,17617.333984375,0,0.0,0.0
2022-09-06 00:00:00+09:00,17617.333984375,17617.333984375,17617.333984375,17617.333984375,0,0.0,0.0
2022-09-07 00:00:00+09:00,17617.333984375,17617.333984375,17617.333984375,17617.333984375,0,0.0,0.0
2022-09-08 00:00:00+09:00,17617.333984375,17617.333984375,17617.333984375,17617.333984375,0,0.0,0.0
2022-09-13 00:00:00+09:00,17617.333984375,17617.333984375,17617.333984375,17617.333984375,0,0.0,0.0
2022-09-14 00:00:00+09:00,17617.333984375,17617.333984375,17617.333984375,17617.333984375,0,0.0,0.0
2022-09-15 00:00:00+09:00,17617.333984375,17617.333984375,17617.333984375,17617.333984375,0,0.0,0.0
2022-09-16 00:00:00+09:00,17617.333984375,17617.333984375,17617.333984375,17617.333984375,0,0.0,0.0
2022-09-19 00:00:00+09:00,17617.333984375,17617.333984375,17617.333984375,17617.333984375,0,0.0,0.0
2022-09-20 00:00:00+09:00,17617.333984375,17617.333984375,17617.333984375,17617.333984375,0,0.0,0.0
2022-09-21 00:00:00+09:00,17617.333984375,17617.333984375,17617.333984375,17617.333984375,0,0.0,0.0
2022-09-22 00:00:00+09:00,17617.333984375,17617.333984375,17617.333984375,17617.333984375,0,0.0,0.0
2022-09-23 00:00:00+09:00,17617.333984375,17617.333984375,17617.333984375,17617.333984375,0,0.0,0.0
2022-09-26 00:00:00+09:00,17617.333984375,17617.333984375,17617.333984375,17617.333984375,0,0.0,0.0
2022-09-27 00:00:00+09:00,17617.333984375,17617.333984375,17617.333984375,17617.333984375,0,0.0,0.0
2022-09-28 00:00:00+09:00,17617.333984375,17617.333984375,17617.333984375,17617.333984375,0,0.0,0.0
2022-09-29 00:00:00+09:00,17617.333984375,17617.333984375,17617.333984375,17617.333984375,0,0.0,0.0
2022-09-30 00:00:00+09:00,17617.333984375,17617.333984375,17617.333984375,17617.333984375,0,0.0,0.0
2022-10-04 00:00:00+09:00,17617.333984375,17617.333984375,17617.333984375,17617.333984375,0,0.0,0.0
2022-10-05 00:00:00+09:00,17617.333984375,17617.333984375,17617.333984375,17617.333984375,0,0.0,0.0
2022-10-06 00:00:00+09:00,17617.333984375,17617.333984375,17617.333984375,17617.333984375,0,0.0,0.0
2022-10-07 00:00:00+09:00,17617.333984375,17617.333984375,17617.333984375,17617.333984375,0,0.0,0.0
2022-10-11 00:00:00+09:00,17617.333984375,17617.333984375,17617.333984375,17617.333984375,0,0.0,0.0
2022-10-12 00:00:00+09:00,17617.333984375,17617.333984375,17617.333984375,17617.333984375,0,0.0,0.0
2022-10-13 00:00:00+09:00,17617.333984375,17617.333984375,17617.333984375,17617.333984375,0,0.0,0.0
2022-10-14 00:00:00+09:00,17617.333984375,17617.333984375,17617.333984375,17617.333984375,0,0.0,0.0
2022-10-17 00:00:00+09:00,17617.333984375,17617.333984375,17617.333984375,17617.333984375,0,0.0,0.0
2022-10-18 00:00:00+09:00,17617.333984375,17617.333984375,17617.333984375,17617.333984375,0,0.0,0.0
2022-10-19 00:00:00+09:00,17617.333984375,17617.333984375,17617.333984375,17617.333984375,0,0.0,0.0
2022-10-20 00:00:00+09:00,17617.333984375,17617.333984375,17617.333984375,17617.333984375,0,0.0,0.0
2022-10-21 00:00:00+09:00,17617.333984375,17617.333984375,17617.333984375,17617.333984375,0,0.0,0.0
2022-10-24 00:00:00+09:00,17617.333984375,17617.333984375,17617.333984375,17617.333984375,0,0.0,0.0
2022-10-25 00:00:00+09:00,17617.333984375,17617.333984375,17617.333984375,17617.333984375,0,0.0,0.0
2022-10-26 00:00:00+09:00,17617.333984375,17617.333984375,17617.333984375,17617.333984375,0,0.0,0.0
2022-10-27 00:00:00+09:00,17617.333984375,17617.333984375,17617.333984375,17617.333984375,0,0.0,0.0
2022-10-28 00:00:00+09:00,17617.333984375,17617.333984375,17617.333984375,17617.333984375,0,0.0,0.0
2022-10-31 00:00:00+09:00,17617.333984375,17617.333984375,17617.333984375,17617.333984375,0,0.0,0.0
2022-11-01 00:00:00+09:00,17617.333984375,17617.333984375,17617.333984375,17617.333984375,0,0.0,0.0
2022-11-02 00:00:00+09:00,17617.333984375,17617.333984375,17617.333984375,17617.333984375,0,0.0,0.0
2022-11-03 00:00:00+09:00,17617.333984375,17617.333984375,17617.333984375,17617.333984375,0,0.0,0.0
2022-11-04 00:00:00+09:00,17617.333984375,17617.333984375,17617.333984375,17617.333984375,0,0.0,0.0
2022-11-07 00:00:00+09:00,17617.333984375,17617.333984375,17617.333984375,17617.333984375,0,0.0,0.0
2022-11-08 00:00:00+09:00,17617.333984375,17617.333984375,17617.333984375,17617.333984375,0,0.0,0.0
2022-11-09 00:00:00+09:00,17617.333984375,17617.333984375,17617.333984375,17617.333984375,0,0.0,0.0
2022-11-10 00:00:00+09:00,17617.333984375,17617.333984375,17617.333984375,17617.333984375,0,0.0,0.0
2022-11-11 00:00:00+09:00,17617.333984375,17617.333984375,17617.333984375,17617.333984375,0,0.0,0.0
2022-11-14 00:00:00+09:00,17617.333984375,17617.333984375,17617.333984375,17617.333984375,0,0.0,0.0
2022-11-15 00:00:00+09:00,17617.333984375,17617.333984375,17617.333984375,17617.333984375,0,0.0,0.0
2022-11-16 00:00:00+09:00,17617.333984375,17617.333984375,17617.333984375,17617.333984375,0,0.0,0.0
2022-11-17 00:00:00+09:00,17617.333984375,17617.333984375,17617.333984375,17617.333984375,0,0.0,0.0
2022-11-18 00:00:00+09:00,17617.333984375,17617.333984375,17617.333984375,17617.333984375,0,0.0,0.0
2022-11-21 00:00:00+09:00,17617.333984375,17617.333984375,17617.333984375,17617.333984375,0,0.0,0.0
2022-11-22 00:00:00+09:00,17617.333984375,17617.333984375,17617.333984375,17617.333984375,0,0.0,0.0
2022-11-23 00:00:00+09:00,17617.333984375,17617.333984375,17617.333984375,17617.333984375,0,0.0,0.0
2022-11-24 00:00:00+09:00,17617.333984375,17617.333984375,17617.333984375,17617.333984375,0,0.0,0.0
2022-11-25 00:00:00+09:00,17617.333984375,17617.333984375,17617.333984375,17617.333984375,0,0.0,0.0
2022-11-28 00:00:00+09:00,17617.333984375,17617.333984375,17617.333984375,17617.333984375,0,0.0,0.0
2022-11-29 00:00:00+09:00,17617.333984375,17617.333984375,17617.333984375,17617.333984375,0,0.0,0.0
2022-11-30 00:00:00+09:00,17617.333984375,17617.333984375,17617.333984375,17617.333984375,0,0.0,0.0
2022-12-01 00:00:00+09:00,17617.333984375,17617.333984375,17617.333984375,17617.333984375,0,0.0,0.0
2022-12-02 00:00:00+09:00,17617.333984375,17617.333984375,17617.333984375,17617.333984375,0,0.0,0.0
2022-12-05 00:00:00+09:00,17617.333984375,17617.333984375,17617.333984375,17617.333984375,0,0.0,0.0
2022-12-06 00:00:00+09:00,17617.333984375,17617.333984375,17617.333984375,17617.333984375,0,0.0,0.0
2022-12-07 00:00:00+09:00,17617.333984375,17617.333984375,17617.333984375,17617.333984375,0,0.0,0.0
2022-12-08 00:00:00+09:00,17617.333984375,17617.333984375,17617.333984375,17617.333984375,0,0.0,0.0
2022-12-09 00:00:00+09:00,17617.333984375,17617.333984375,17617.333984375,17617.333984375,0,0.0,0.0
2022-12-12 00:00:00+09:00,17617.333984375,17617.333984375,17617.333984375,17617.333984375,0,0.0,0.0
2022-12-13 00:00:00+09:00,17617.333984375,17617.333984375,17617.333984375,17617.333984375,0,0.0,0.0
2022-12-14 00:00:00+09:00,17617.333984375,17617.333984375,17617.333984375,17617.333984375,0,0.0,0.0
2022-12-15 00:00:00+09:00,17617.333984375,17617.333984375,17617.333984375,17617.333984375,0,0.0,0.0
2022-12-16 00:00:00+09:00,17617.333984375,17617.333984375,17617.333984375,17617.333984375,0,0.0,0.0
2022-12-19 00:00:00+09:00,17617.333984375,17617.333984375,17617.333984375,17617.333984375,0,0.0,0.0
2022-12-20 00:00:00+09:00,17617.333984375,17617.333984375,17617.333984375,17617.333984375,0,0.0,0.0
2022-12-21 00:00:00+09:00,17617.333984375,17617.333984375,17617.333984375,17617.333984375,0,0.0,0.0
2022-12-22 00:00:00+09:00,17617.333984375,17617.333984375,17617.333984375,17617.333984375,0,0.0,0.0
2022-12-23 00:00:00+09:00,17617.333984375,17617.333984375,17617.333984375,17617.333984375,0,0.0,0.0
2022-12-26 00:00:00+09:00,17617.333984375,17617.333984375,17617.333984375,17617.333984375,0,0.0,0.0
2022-12-27 00:00:00+09:00,17617.333984375,17617.333984375,17617.333984375,17617.333984375,0,0.0,0.0
2022-12-28 00:00:00+09:00,17617.333984375,17617.333984375,17617.333984375,17617.333984375,0,0.0,0.0
2022-12-29 00:00:00+09:00,17617.333984375,17617.333984375,17617.333984375,17617.333984375,0,0.0,0.0
2023-01-02 00:00:00+09:00,17617.333984375,17617.333984375,17617.333984375,17617.333984375,0,0.0,0.0
2023-01-03 00:00:00+09:00,17617.333984375,17617.333984375,17617.333984375,17617.333984375,0,0.0,0.0
2023-01-04 00:00:00+09:00,17617.333984375,17617.333984375,17617.333984375,17617.333984375,0,0.0,0.0
2023-01-05 00:00:00+09:00,17617.333984375,17617.333984375,17617.333984375,17617.333984375,0,0.0,0.0
2023-01-06 00:00:00+09:00,17617.333984375,17617.333984375,17617.333984375,17617.333984375,0,0.0,0.0
2023-01-09 00:00:00+09:00,17617.333984375,17617.333984375,17617.333984375,17617.333984375,0,0.0,0.0
2023-01-10 00:00:00+09:00,17617.333984375,17617.333984375,17617.333984375,17617.333984375,0,0.0,0.0
2023-01-11 00:00:00+09:00,17617.333984375,17617.333984375,17617.333984375,17617.333984375,0,0.0,0.0
2023-01-12 00:00:00+09:00,17617.333984375,17617.333984375,17617.333984375,17617.333984375,0,0.0,0.0
2023-01-13 00:00:00+09:00,17617.333984375,17617.333984375,17617.333984375,17617.333984375,0,0.0,0.0
2023-01-16 00:00:00+09:00,17617.333984375,17617.333984375,17617.333984375,17617.333984375,0,0.0,0.0
2023-01-17 00:00:00+09:00,17617.333984375,17617.333984375,17617.333984375,17617.333984375,0,0.0,0.0
2023-01-18 00:00:00+09:00,17617.333984375,17617.333984375,17617.333984375,17617.333984375,0,0.0,0.0
2023-01-19 00:00:00+09:00,17617.333984375,17617.333984375,17617.333984375,17617.333984375,0,0.0,0.0
2023-01-20 00:00:00+09:00,17617.333984375,17617.333984375,17617.333984375,17617.333984375,0,0.0,0.0
2023-01-25 00:00:00+09:00,17617.333984375,17617.333984375,17617.333984375,17617.333984375,0,0.0,0.0
2023-01-26 00:00:00+09:00,17617.333984375,17617.333984375,17617.333984375,17617.333984375,0,0.0,0.0
2023-01-27 00:00:00+09:00,17617.333984375,17617.333984375,17617.333984375,17617.333984375,0,0.0,0.0
2023-01-30 00:00:00+09:00,17617.333984375,17617.333984375,17617.333984375,17617.333984375,0,0.0,0.0
2023-01-31 00:00:00+09:00,17617.333984375,17617.333984375,17617.333984375,17617.333984375,0,0.0,0.0
2023-02-01 00:00:00+09:00,17617.333984375,17617.333984375,17617.333984375,17617.333984375,0,0.0,0.0
2023-02-02 00:00:00+09:00,17617.333984375,17617.333984375,17617.333984375,17617.333984375,0,0.0,0.0
2023-02-03 00:00:00+09:00,17617.333984375,17617.333984375,17617.333984375,17617.333984375,0,0.0,0.0
2023-02-06 00:00:00+09:00,17617.333984375,17617.333984375,17617.333984375,17617.333984375,0,0.0,0.0
2023-02-07 00:00:00+09:00,17617.333984375,17617.333984375,17617.333984375,17617.333984375,0,0.0,0.0
2023-02-08 00:00:00+09:00,17617.333984375,17617.333984375,17617.333984375,17617.333984375,0,0.0,0.0
2023-02-09 00:00:00+09:00,17617.333984375,17617.333984375,17617.333984375,17617.333984375,0,0.0,0.0
2023-02-10 00:00:00+09:00,17617.333984375,17617.333984375,17617.333984375,17617.333984375,0,0.0,0.0
2023-02-13 00:00:00+09:00,17617.333984375,17617.333984375,17617.333984375,17617.333984375,0,0.0,0.0
2023-02-14 00:00:00+09:00,17617.333984375,17617.333984375,17617.333984375,17617.333984375,0,0.0,0.0
2023-02-15 00:00:00+09:00,17617.333984375,17617.333984375,17617.333984375,17617.333984375,0,0.0,0.0
2023-02-16 00:00:00+09:00,17617.333984375,17617.333984375,17617.333984375,17617.333984375,0,0.0,0.0
2023-02-17 00:00:00+09:00,17617.333984375,17617.333984375,17617.333984375,17617.333984375,0,0.0,0.0
2023-02-20 00:00:00+09:00,17617.333984375,17617.333984375,17617.333984375,17617.333984375,0,0.0,0.0
2023-02-21 00:00:00+09:00,17617.333984375,17617.333984375,17617.333984375,17617.333984375,0,0.0,0.0
2023-02-22 00:00:00+09:00,17617.333984375,17617.333984375,17617.333984375,17617.333984375,0,0.0,0.0
2023-02-23 00:00:00+09:00,17617.333984375,17617.333984375,17617.333984375,17617.333984375,0,0.0,0.0
2023-02-24 00:00:00+09:00,17617.333984375,17617.333984375,17617.333984375,17617.333984375,0,0.0,0.0
2023-02-27 00:00:00+09:00,17617.333984375,17617.333984375,17617.333984375,17617.333984375,0,0.0,0.0
2023-02-28 00:00:00+09:00,17617.333984375,17617.333984375,17617.333984375,17617.333984375,0,0.0,0.0
2023-03-02 00:00:00+09:00,17617.333984375,17617.333984375,17617.333984375,17617.333984375,0,0.0,0.0
2023-03-03 00:00:00+09:00,17617.333984375,17617.333984375,17617.333984375,17617.333984375,0,0.0,0.0
2023-03-06 00:00:00+09:00,17617.333984375,17617.333984375,17617.333984375,17617.333984375,0,0.0,0.0
2023-03-07 00:00:00+09:00,17617.333984375,17617.333984375,17617.333984375,17617.333984375,0,0.0,0.0
2023-03-08 00:00:00+09:00,17617.333984375,17617.333984375,17617.333984375,17617.333984375,0,0.0,0.0
2023-03-09 00:00:00+09:00,17617.333984375,17617.333984375,17617.333984375,17617.333984375,0,0.0,0.0
2023-03-10 00:00:00+09:00,17617.333984375,17617.333984375,17617.333984375,17617.333984375,0,0.0,0.0
2023-03-13 00:00:00+09:00,17617.333984375,17617.333984375,17617.333984375,17617.333984375,0,0.0,0.0
2023-03-14 00:00:00+09:00,17617.333984375,17617.333984375,17617.333984375,17617.333984375,0,0.0,0.0
2023-03-15 00:00:00+09:00,17617.333984375,17617.333984375,17617.333984375,17617.333984375,0,0.0,0.0
2023-03-16 00:00:00+09:00,17617.333984375,17617.333984375,17617.333984375,17617.333984375,0,0.0,0.0
2023-03-17 00:00:00+09:00,17617.333984375,17617.333984375,17617.333984375,17617.333984375,0,0.0,0.0
2023-03-20 00:00:00+09:00,17617.333984375,17617.333984375,17617.333984375,17617.333984375,0,0.0,0.0
2023-03-21 00:00:00+09:00,17617.333984375,17617.333984375,17617.333984375,17617.333984375,0,0.0,0.0
2023-03-22 00:00:00+09:00,17617.333984375,17617.333984375,17617.333984375,17617.333984375,0,0.0,0.0
2023-03-23 00:00:00+09:00,17617.333984375,17617.333984375,17617.333984375,17617.333984375,0,0.0,0.0
2023-03-24 00:00:00+09:00,17617.333984375,17617.333984375,17617.333984375,17617.333984375,0,0.0,0.0
2023-03-27 00:00:00+09:00,17617.333984375,17617.333984375,17617.333984375,17617.333984375,0,0.0,0.0
2023-03-28 00:00:00+09:00,17617.333984375,17617.333984375,17617.333984375,17617.333984375,0,0.0,0.0
2023-03-29 00:00:00+09:00,17617.333984375,17617.333984375,17617.333984375,17617.333984375,0,0.0,0.0
2023-03-30 00:00:00+09:00,17617.333984375,17617.333984375,17617.333984375,17617.333984375,0,0.0,0.0
2023-03-31 00:00:00+09:00,17617.333984375,17617.333984375,17617.333984375,17617.333984375,0,0.0,0.0
2023-04-03 00:00:00+09:00,17617.333984375,17617.333984375,17617.333984375,17617.333984375,0,0.0,0.0
2023-04-04 00:00:00+09:00,17617.333984375,17617.333984375,17617.333984375,17617.333984375,0,0.0,0.0
2023-04-05 00:00:00+09:00,17617.333984375,17617.333984375,17617.333984375,17617.333984375,0,0.0,0.0
2023-04-06 00:00:00+09:00,17617.333984375,17617.333984375,17617.333984375,17617.333984375,0,0.0,0.0
2023-04-07 00:00:00+09:00,17617.333984375,17617.333984375,17617.333984375,17617.333984375,0,0.0,0.0
2023-04-10 00:00:00+09:00,17617.333984375,17617.333984375,17617.333984375,17617.333984375,0,0.0,0.0
2023-04-11 00:00:00+09:00,17617.333984375,17617.333984375,17617.333984375,17617.333984375,0,0.0,0.0
2023-04-12 00:00:00+09:00,17617.333984375,17617.333984375,17617.333984375,17617.333984375,0,0.0,0.0
2023-04-13 00:00:00+09:00,17617.333984375,17617.333984375,17617.333984375,17617.333984375,0,0.0,0.0
2023-04-14 00:00:00+09:00,17617.333984375,17617.333984375,17617.333984375,17617.333984375,0,0.0,0.0
2023-04-17 00:00:00+09:00,17617.333984375,17617.333984375,17617.333984375,17617.333984375,0,0.0,0.0
2023-04-18 00:00:00+09:00,17617.333984375,17617.333984375,17617.333984375,17617.333984375,0,0.0,0.0
2023-04-19 00:00:00+09:00,17617.333984375,17617.333984375,17617.333984375,17617.333984375,0,0.0,0.0
2023-04-20 00:00:00+09:00,17617.333984375,17617.333984375,17617.333984375,17617.333984375,0,0.0,0.0
2023-04-21 00:00:00+09:00,17617.333984375,17617.333984375,17617.333984375,17617.333984375,0,0.0,0.0
2023-04-24 00:00:00+09:00,17617.333984375,17617.333984375,17617.333984375,17617.333984375,0,0.0,0.0
2023-04-25 00:00:00+09:00,17617.333984375,17617.333984375,17617.333984375,17617.333984375,0,0.0,0.0
2023-04-26 00:00:00+09:00,17617.333984375,17617.333984375,17617.333984375,17617.333984375,0,0.0,0.0
2023-04-27 00:00:00+09:00,17617.333984375,17617.333984375,17617.333984375,17617.333984375,0,0.0,0.0
2023-04-28 00:00:00+09:00,17617.333984375,17617.333984375,17617.333984375,17617.333984375,0,0.0,0.0
2023-05-02 00:00:00+09:00,17617.333984375,17617.333984375,17617.333984375,17617.333984375,0,0.0,0.0
2023-05-03 00:00:00+09:00,17617.333984375,17617.333984375,17617.333984375,17617.333984375,0,0.0,0.0
2023-05-04 00:00:00+09:00,17617.333984375,17617.333984375,17617.333984375,17617.333984375,0,0.0,0.0
2023-05-08 00:00:00+09:00,17617.333984375,17617.333984375,17617.333984375,17617.333984375,0,0.0,0.0
2023-05-09 00:00:00+09:00,17617.333984375,17617.333984375,17617.333984375,17617.333984375,0,0.0,0.0
2023-05-10 00:00:00+09:00,17617.333984375,17617.333984375,17617.333984375,17617.333984375,0,0.0,0.0
2023-05-11 00:00:00+09:00,17617.333984375,17617.333984375,17617.333984375,17617.333984375,0,0.0,0.0
2023-05-12 00:00:00+09:00,17617.333984375,17617.333984375,17617.333984375,17617.333984375,0,0.0,0.0
2023-05-15 00:00:00+09:00,17617.333984375,17617.333984375,17617.333984375,17617.333984375,0,0.0,0.0
2023-05-16 00:00:00+09:00,17617.333984375,17617.333984375,17617.333984375,17617.333984375,0,0.0,0.0
2023-05-17 00:00:00+09:00,17617.333984375,17617.333984375,17617.333984375,17617.333984375,0,0.0,0.0
2023-05-18 00:00:00+09:00,17617.333984375,17617.333984375,17617.333984375,17617.333984375,0,0.0,0.0
2023-05-19 00:00:00+09:00,17617.333984375,17617.333984375,17617.333984375,17617.333984375,0,0.0,0.0
2023-05-22 00:00:00+09:00,17617.333984375,17617.333984375,17617.333984375,17617.333984375,0,0.0,0.0
2023-05-23 00:00:00+09:00,17617.333984375,17617.333984375,17617.333984375,17617.333984375,0,0.0,0.0
2023-05-24 00:00:00+09:00,17617.333984375,17617.333984375,17617.333984375,17617.333984375,0,0.0,0.0
2023-05-25 00:00:00+09:00,17617.333984375,17617.333984375,17617.333984375,17617.333984375,0,0.0,0.0
2023-05-26 00:00:00+09:00,17617.333984375,17617.333984375,17617.333984375,17617.333984375,0,0.0,0.0
2023-05-30 00:00:00+09:00,17617.333984375,17617.333984375,17617.333984375,17617.333984375,0,0.0,0.0
2023-05-31 00:00:00+09:00,17617.333984375,17617.333984375,17617.333984375,17617.333984375,0,0.0,0.0
2023-06-01 00:00:00+09:00,17617.333984375,17617.333984375,17617.333984375,17617.333984375,0,0.0,0.0
2023-06-02 00:00:00+09:00,17617.333984375,17617.333984375,17617.333984375,17617.333984375,0,0.0,0.0
2023-06-05 00:00:00+09:00,17617.333984375,17617.333984375,17617.333984375,17617.333984375,0,0.0,0.0
2023-06-07 00:00:00+09:00,17617.333984375,17617.333984375,17617.333984375,17617.333984375,0,0.0,0.0
2023-06-08 00:00:00+09:00,17617.333984375,17617.333984375,17617.333984375,17617.333984375,0,0.0,0.0
2023-06-09 00:00:00+09:00,17617.333984375,17617.333984375,17617.333984375,17617.333984375,0,0.0,0.0
2023-06-12 00:00:00+09:00,17617.333984375,17617.333984375,17617.333984375,17617.333984375,0,0.0,0.0
2023-06-13 00:00:00+09:00,17617.333984375,17617.333984375,17617.333984375,17617.333984375,0,0.0,0.0
2023-06-14 00:00:00+09:00,17617.333984375,17617.333984375,17617.333984375,17617.333984375,0,0.0,0.0
2023-06-15 00:00:00+09:00,17617.333984375,17617.333984375,17617.333984375,17617.333984375,0,0.0,0.0
2023-06-16 00:00:00+09:00,17617.333984375,17617.333984375,17617.333984375,17617.333984375,0,0.0,0.0
2023-06-19 00:00:00+09:00,17617.333984375,17617.333984375,17617.333984375,17617.333984375,0,0.0,0.0
2023-06-20 00:00:00+09:00,17617.333984375,17617.333984375,17617.333984375,17617.333984375,0,0.0,0.0
2023-06-21 00:00:00+09:00,17617.333984375,17617.333984375,17617.333984375,17617.333984375,0,0.0,0.0
2023-06-22 00:00:00+09:00,17617.333984375,17617.333984375,17617.333984375,17617.333984375,0,0.0,0.0
2023-06-23 00:00:00+09:00,17617.333984375,17617.333984375,17617.333984375,17617.333984375,0,0.0,0.0
2023-06-26 00:00:00+09:00,17617.333984375,17617.333984375,17617.333984375,17617.333984375,0,0.0,0.0
2023-06-27 00:00:00+09:00,17617.333984375,17617.333984375,17617.333984375,17617.333984375,0,0.0,0.0
2023-06-28 00:00:00+09:00,17617.333984375,17617.333984375,17617.333984375,17617.333984375,0,0.0,0.0
2023-06-29 00:00:00+09:00,17617.333984375,17617.333984375,17617.333984375,17617.333984375,0,0.0,0.0
2023-06-30 00:00:00+09:00,17617.333984375,17617.333984375,17617.333984375,17617.333984375,0,0.0,0.0
2023-07-03 00:00:00+09:00,17617.333984375,17617.333984375,17617.333984375,17617.333984375,0,0.0,0.0
2023-07-04 00:00:00+09:00,17617.333984375,17617.333984375,17617.333984375,17617.333984375,0,0.0,0.0
2023-07-05 00:00:00+09:00,17617.333984375,17617.333984375,17617.333984375,17617.333984375,0,0.0,0.0
2023-07-06 00:00:00+09:00,17617.333984375,17617.333984375,17617.333984375,17617.333984375,0,0.0,0.0
2023-07-07 00:00:00+09:00,17617.333984375,17617.333984375,17617.333984375,17617.333984375,0,0.0,0.0
2023-07-10 00:00:00+09:00,17617.333984375,17617.333984375,17617.333984375,17617.333984375,0,0.0,0.0
2023-07-11 00:00:00+09:00,17617.333984375,17617.333984375,17617.333984375,17617.333984375,0,0.0,0.0
2023-07-12 00:00:00+09:00,17617.333984375,17617.333984375,17617.333984375,17617.333984375,0,0.0,0.0
2023-07-13 00:00:00+09:00,17617.333984375,17617.333984375,17617.333984375,17617.333984375,0,0.0,0.0
2023-07-14 00:00:00+09:00,17617.333984375,17617.333984375,17617.333984375,17617.333984375,0,0.0,0.0
2023-07-17 00:00:00+09:00,17617.333984375,17617.333984375,17617.333984375,17617.333984375,0,0.0,0.0
2023-07-18 00:00:00+09:00,17617.333984375,17617.333984375,17617.333984375,17617.333984375,0,0.0,0.0
2023-07-19 00:00:00+09:00,17617.333984375,17617.333984375,17617.333984375,17617.333984375,0,0.0,0.0
2023-07-20 00:00:00+09:00,17617.333984375,17617.333984375,17617.333984375,17617.333984375,0,0.0,0.0
2023-07-21 00:00:00+09:00,17617.333984375,17617.333984375,17617.333984375,17617.333984375,0,0.0,0.0
2023-07-24 00:00:00+09:00,17617.333984375,17617.333984375,17617.333984375,17617.333984375,0,0.0,0.0
2023-07-25 00:00:00+09:00,17617.333984375,17617.333984375,17617.333984375,17617.333984375,0,0.0,0.0
2023-07-26 00:00:00+09:00,17617.333984375,17617.333984375,17617.333984375,17617.333984375,0,0.0,0.0
2023-07-27 00:00:00+09:00,17617.333984375,17617.333984375,17617.333984375,17617.333984375,0,0.0,0.0
2023-07-28 00:00:00+09:00,17617.333984375,17617.333984375,17617.333984375,17617.333984375,0,0.0,0.0
2023-07-31 00:00:00+09:00,17617.333984375,17617.333984375,17617.333984375,17617.333984375,0,0.0,0.0
2023-08-01 00:00:00+09:00,17617.333984375,17617.333984375,17617.333984375,17617.333984375,0,0.0,0.0
2023-08-02 00:00:00+09:00,17617.333984375,17617.333984375,17617.333984375,17617.333984375,0,0.0,0.0
2023-08-03 00:00:00+09:00,17617.333984375,17617.333984375,17617.333984375,17617.333984375,0,0.0,0.0
2023-08-04 00:00:00+09:00,17617.333984375,17617.333984375,17617.333984375,17617.333984375,0,0.0,0.0
2023-08-07 00:00:00+09:00,17617.333984375,17617.333984375,17617.333984375,17617.333984375,0,0.0,0.0
2023-08-08 00:00:00+09:00,17617.333984375,17617.333984375,17617.333984375,17617.333984375,0,0.0,0.0
2023-08-09 00:00:00+09:00,17617.333984375,17617.333984375,17617.333984375,17617.333984375,0,0.0,0.0
2023-08-10 00:00:00+09:00,17617.333984375,17617.333984375,17617.333984375,17617.333984375,0,0.0,0.0
2023-08-11 00:00:00+09:00,17617.333984375,17617.333984375,17617.333984375,17617.333984375,0,0.0,0.0
2023-08-14 00:00:00+09:00,17617.333984375,17617.333984375,17617.333984375,17617.333984375,0,0.0,0.0
2023-08-16 00:00:00+09:00,17617.333984375,17617.333984375,17617.333984375,17617.333984375,0,0.0,0.0
2023-08-17 00:00:00+09:00,17617.333984375,17617.333984375,17617.333984375,17617.333984375,0,0.0,0.0
2023-08-18 00:00:00+09:00,17617.333984375,17617.333984375,17617.333984375,17617.333984375,0,0.0,0.0
2023-08-21 00:00:00+09:00,17617.333984375,17617.333984375,17617.333984375,17617.333984375,0,0.0,0.0
2023-08-22 00:00:00+09:00,17617.333984375,17617.333984375,17617.333984375,17617.333984375,0,0.0,0.0
2023-08-23 00:00:00+09:00,17617.333984375,17617.333984375,17617.333984375,17617.333984375,0,0.0,0.0
2023-08-24 00:00:00+09:00,17617.333984375,17617.333984375,17617.333984375,17617.333984375,0,0.0,0.0
2023-08-25 00:00:00+09:00,17617.333984375,17617.333984375,17617.333984375,17617.333984375,0,0.0,0.0
2023-08-28 00:00:00+09:00,17617.333984375,17617.333984375,17617.333984375,17617.333984375,0,0.0,0.0
2023-08-29 00:00:00+09:00,17617.333984375,17617.333984375,17617.333984375,17617.333984375,0,0.0,0.0
2023-08-30 00:00:00+09:00,17617.333984375,17617.333984375,17617.333984375,17617.333984375,0,0.0,0.0
2023-08-31 00:00:00+09:00,17617.333984375,17617.333984375,17617.333984375,17617.333984375,0,0.0,0.0
2023-09-01 00:00:00+09:00,17617.333984375,17617.333984375,17617.333984375,17617.333984375,0,0.0,0.0
2023-09-04 00:00:00+09:00,17617.333984375,17617.333984375,17617.333984375,17617.333984375,0,0.0,0.0
2023-09-05 00:00:00+09:00,17617.333984375,17617.333984375,17617.333984375,17617.333984375,0,0.0,0.0
2023-09-06 00:00:00+09:00,17617.333984375,17617.333984375,17617.333984375,17617.333984375,0,0.0,0.0
2023-09-07 00:00:00+09:00,17617.333984375,17617.333984375,17617.333984375,17617.333984375,0,0.0,0.0
2023-09-08 00:00:00+09:00,17617.333984375,17617.333984375,17617.333984375,17617.333984375,0,0.0,0.0
2023-09-11 00:00:00+09:00,17617.333984375,17617.333984375,17617.333984375,17617.333984375,0,0.0,0.0
2023-09-12 00:00:00+09:00,17617.333984375,17617.333984375,17617.333984375,17617.333984375,0,0.0,0.0
2023-09-13 00:00:00+09:00,17617.333984375,17617.333984375,17617.333984375,17617.333984375,0,0.0,0.0
2023-09-14 00:00:00+09:00,17617.333984375,17617.333984375,17617.333984375,17617.333984375,0,0.0,0.0
2023-09-15 00:00:00+09:00,17617.333984375,17617.333984375,17617.333984375,17617.333984375,0,0.0,0.0
2023-09-18 00:00:00+09:00,17617.333984375,17617.333984375,17617.333984375,17617.333984375,0,0.0,0.0
2023-09-19 00:00:00+09:00,17617.333984375,17617.333984375,17617.333984375,17617.333984375,0,0.0,0.0
2023-09-20 00:00:00+09:00,17617.333984375,17617.333984375,17617.333984375,17617.333984375,0,0.0,0.0
2023-09-21 00:00:00+09:00,17617.333984375,17617.333984375,17617.333984375,17617.333984375,0,0.0,0.0
2023-09-22 00:00:00+09:00,17617.333984375,17617.333984375,17617.333984375,17617.333984375,0,0.0,0.0
2023-09-25 00:00:00+09:00,17617.333984375,17617.333984375,17617.333984375,17617.333984375,0,0.0,0.0
2023-09-26 00:00:00+09:00,17617.333984375,17617.333984375,17617.333984375,17617.333984375,0,0.0,0.0
2023-09-27 00:00:00+09:00,17617.333984375,17617.333984375,17617.333984375,17617.333984375,0,0.0,0.0
2023-10-04 00:00:00+09:00,17617.333984375,17617.333984375,17617.333984375,17617.333984375,0,0.0,0.0
2023-10-05 00:00:00+09:00,17617.333984375,17617.333984375,17617.333984375,17617.333984375,0,0.0,0.0
2023-10-06 00:00:00+09:00,17617.333984375,17617.333984375,17617.333984375,17617.333984375,0,0.0,0.0
2023-10-10 00:00:00+09:00,17617.333984375,17617.333984375,17617.333984375,17617.333984375,0,0.0,0.0
2023-10-11 00:00:00+09:00,17617.333984375,17617.333984375,17617.333984375,17617.333984375,0,0.0,0.0
2023-10-12 00:00:00+09:00,17617.333984375,17617.333984375,17617.333984375,17617.333984375,0,0.0,0.0
2023-10-13 00:00:00+09:00,17617.333984375,17617.333984375,17617.333984375,17617.333984375,0,0.0,0.0
2023-10-16 00:00:00+09:00,17617.333984375,17617.333984375,17617.333984375,17617.333984375,0,0.0,0.0
2023-10-17 00:00:00+09:00,17617.333984375,17617.333984375,17617.333984375,17617.333984375,0,0.0,0.0
2023-10-18 00:00:00+09:00,17617.333984375,17617.333984375,17617.333984375,17617.333984375,0,0.0,0.0
2023-10-19 00:00:00+09:00,17617.333984375,17617.333984375,17617.333984375,17617.333984375,0,0.0,0.0
2023-10-20 00:00:00+09:00,17617.333984375,17617.333984375,17617.333984375,17617.333984375,0,0.0,0.0
2023-10-23 00:00:00+09:00,17617.333984375,17617.333984375,17617.333984375,17617.333984375,0,0.0,0.0
2023-10-24 00:00:00+09:00,17617.333984375,17617.333984375,17617.333984375,17617.333984375,0,0.0,0.0
2023-10-25 00:00:00+09:00,17617.333984375,17617.333984375,17617.333984375,17617.333984375,0,0.0,0.0
2023-10-26 00:00:00+09:00,17617.333984375,17617.333984375,17617.333984375,17617.333984375,0,0.0,0.0
2023-10-27 00:00:00+09:00,17617.333984375,17617.333984375,17617.333984375,17617.333984375,0,0.0,0.0
2023-10-30 00:00:00+09:00,17617.333984375,17617.333984375,17617.333984375,17617.333984375,0,0.0,0.0
2023-10-31 00:00:00+09:00,17617.333984375,17617.333984375,17617.333984375,17617.333984375,0,0.0,0.0
2023-11-01 00:00:00+09:00,17617.333984375,17617.333984375,17617.333984375,17617.333984375,0,0.0,0.0
2023-11-02 00:00:00+09:00,17617.333984375,17617.333984375,17617.333984375,17617.333984375,0,0.0,0.0
2023-11-03 00:00:00+09:00,17617.333984375,17617.333984375,17617.333984375,17617.333984375,0,0.0,0.0
2023-11-06 00:00:00+09:00,17617.333984375,17617.333984375,17617.333984375,17617.333984375,0,0.0,0.0
2023-11-07 00:00:00+09:00,17617.333984375,17617.333984375,17617.333984375,17617.333984375,0,0.0,0.0
2023-11-08 00:00:00+09:00,17617.333984375,17617.333984375,17617.333984375,17617.333984375,0,0.0,0.0
2023-11-09 00:00:00+09:00,17617.333984375,17617.333984375,17617.333984375,17617.333984375,0,0.0,0.0
2023-11-10 00:00:00+09:00,17617.333984375,17617.333984375,17617.333984375,17617.333984375,0,0.0,0.0
2023-11-13 00:00:00+09:00,17617.333984375,17617.333984375,17617.333984375,17617.333984375,0,0.0,0.0
2023-11-14 00:00:00+09:00,17617.333984375,17617.333984375,17617.333984375,17617.333984375,0,0.0,0.0
2023-11-15 00:00:00+09:00,17617.333984375,17617.333984375,17617.333984375,17617.333984375,0,0.0,0.0
2023-11-16 00:00:00+09:00,17617.333984375,17617.333984375,17617.333984375,17617.333984375,0,0.0,0.0
2023-11-17 00:00:00+09:00,17617.333984375,17617.333984375,17617.333984375,17617.333984375,0,0.0,0.0
2023-11-20 00:00:00+09:00,17617.333984375,17617.333984375,17617.333984375,17617.333984375,0,0.0,0.0
2023-11-21 00:00:00+09:00,17617.333984375,17617.333984375,17617.333984375,17617.333984375,0,0.0,0.0
2023-11-22 00:00:00+09:00,17617.333984375,17617.333984375,17617.333984375,17617.333984375,0,0.0,0.0
2023-11-23 00:00:00+09:00,17617.333984375,17617.333984375,17617.333984375,17617.333984375,0,0.0,0.0
2023-11-24 00:00:00+09:00,17617.333984375,17617.333984375,17617.333984375,17617.333984375,0,0.0,0.0
2023-11-27 00:00:00+09:00,17617.333984375,17617.333984375,17617.333984375,17617.333984375,0,0.0,0.0
2023-11-28 00:00:00+09:00,17617.333984375,17617.333984375,17617.333984375,17617.333984375,0,0.0,0.0
2023-11-29 00:00:00+09:00,17617.333984375,17617.333984375,17617.333984375,17617.333984375,0,0.0,0.0
2023-11-30 00:00:00+09:00,17617.333984375,17617.333984375,17617.333984375,17617.333984375,0,0.0,0.0
2023-12-01 00:00:00+09:00,17617.333984375,17617.333984375,17617.333984375,17617.333984375,0,0.0,0.0
2023-12-04 00:00:00+09:00,17617.333984375,17617.333984375,17617.333984375,17617.333984375,0,0.0,0.0
2023-12-05 00:00:00+09:00,17617.333984375,17617.333984375,17617.333984375,17617.333984375,0,0.0,0.0
2023-12-06 00:00:00+09:00,17617.333984375,17617.333984375,17617.333984375,17617.333984375,0,0.0,0.0
2023-12-07 00:00:00+09:00,17617.333984375,17617.333984375,17617.333984375,17617.333984375,0,0.0,0.0
2023-12-08 00:00:00+09:00,17617.333984375,17617.333984375,17617.333984375,17617.333984375,0,0.0,0.0
2023-12-11 00:00:00+09:00,17617.333984375,17617.333984375,17617.333984375,17617.333984375,0,0.0,0.0
2023-12-12 00:00:00+09:00,17617.333984375,17617.333984375,17617.333984375,17617.333984375,0,0.0,0.0
2023-12-13 00:00:00+09:00,17617.333984375,17617.333984375,17617.333984375,17617.333984375,0,0.0,0.0
2023-12-14 00:00:00+09:00,17617.333984375,17617.333984375,17617.333984375,17617.333984375,0,0.0,0.0
2023-12-15 00:00:00+09:00,17617.333984375,17617.333984375,17617.333984375,17617.333984375,0,0.0,0.0
2023-12-18 00:00:00+09:00,17617.333984375,17617.333984375,17617.333984375,17617.333984375,0,0.0,0.0
2023-12-19 00:00:00+09:00,17617.333984375,17617.333984375,17617.333984375,17617.333984375,0,0.0,0.0
2023-12-20 00:00:00+09:00,17617.333984375,17617.333984375,17617.333984375,17617.333984375,0,0.0,0.0
2023-12-21 00:00:00+09:00,17617.333984375,17617.333984375,17617.333984375,17617.333984375,0,0.0,0.0
2023-12-22 00:00:00+09:00,17617.333984375,17617.333984375,17617.333984375,17617.333984375,0,0.0,0.0
2023-12-26 00:00:00+09:00,17617.333984375,17617.333984375,17617.333984375,17617.333984375,0,0.0,0.0
2023-12-27 00:00:00+09:00,17617.333984375,17617.333984375,17617.333984375,17617.333984375,0,0.0,0.0
2023-12-28 00:00:00+09:00,17617.333984375,17617.333984375,17617.333984375,17617.333984375,0,0.0,0.0
2024-01-02 00:00:00+09:00,17617.333984375,17617.333984375,17617.333984375,17617.333984375,0,0.0,0.0
2024-01-03 00:00:00+09:00,17617.333984375,17617.333984375,17617.333984375,17617.333984375,0,0.0,0.0
2024-01-04 00:00:00+09:00,17617.333984375,17617.333984375,17617.333984375,17617.333984375,0,0.0,0.0
2024-01-05 00:00:00+09:00,17617.333984375,17617.333984375,17617.333984375,17617.333984375,0,0.0,0.0
2024-01-08 00:00:00+09:00,17617.333984375,17617.333984375,17617.333984375,17617.333984375,0,0.0,0.0
2024-01-09 00:00:00+09:00,17617.333984375,17617.333984375,17617.333984375,17617.333984375,0,0.0,0.0
2024-01-10 00:00:00+09:00,17617.333984375,17617.333984375,17617.333984375,17617.333984375,0,0.0,0.0
2024-01-11 00:00:00+09:00,17617.333984375,17617.333984375,17617.333984375,17617.333984375,0,0.0,0.0
2024-01-12 00:00:00+09:00,17617.333984375,17617.333984375,17617.333984375,17617.333984375,0,0.0,0.0
2024-01-15 00:00:00+09:00,17617.333984375,17617.333984375,17617.333984375,17617.333984375,0,0.0,0.0
2024-01-16 00:00:00+09:00,17617.333984375,17617.333984375,17617.333984375,17617.333984375,0,0.0,0.0
2024-01-17 00:00:00+09:00,17617.333984375,17617.333984375,17617.333984375,17617.333984375,0,0.0,0.0
2024-01-18 00:00:00+09:00,17617.333984375,17617.333984375,17617.333984375,17617.333984375,0,0.0,0.0
2024-01-19 00:00:00+09:00,17617.333984375,17617.333984375,17617.333984375,17617.333984375,0,0.0,0.0
2024-01-22 00:00:00+09:00,17617.333984375,17617.333984375,17617.333984375,17617.333984375,0,0.0,0.0
2024-01-23 00:00:00+09:00,17617.333984375,17617.333984375,17617.333984375,17617.333984375,0,0.0,0.0
2024-01-24 00:00:00+09:00,17617.333984375,17617.333984375,17617.333984375,17617.333984375,0,0.0,0.0
2024-01-25 00:00:00+09:00,17617.333984375,17617.333984375,17617.333984375,17617.333984375,0,0.0,0.0
2024-01-26 00:00:00+09:00,17617.333984375,17617.333984375,17617.333984375,17617.333984375,0,0.0,0.0
2024-01-29 00:00:00+09:00,17617.333984375,17617.333984375,17617.333984375,17617.333984375,0,0.0,0.0
2024-01-30 00:00:00+09:00,17617.333984375,17617.333984375,17617.333984375,17617.333984375,0,0.0,0.0
2024-01-31 00:00:00+09:00,17617.333984375,17617.333984375,17617.333984375,17617.333984375,0,0.0,0.0
2024-02-01 00:00:00+09:00,17617.333984375,17617.333984375,17617.333984375,17617.333984375,0,0.0,0.0
2024-02-02 00:00:00+09:00,17617.333984375,17617.333984375,17617.333984375,17617.333984375,0,0.0,0.0
2024-02-05 00:00:00+09:00,17617.333984375,17617.333984375,17617.333984375,17617.333984375,0,0.0,0.0
2024-02-06 00:00:00+09:00,17617.333984375,17617.333984375,17617.333984375,17617.333984375,0,0.0,0.0
2024-02-07 00:00:00+09:00,17617.333984375,17617.333984375,17617.333984375,17617.333984375,0,0.0,0.0
2024-02-08 00:00:00+09:00,17617.333984375,17617.333984375,17617.333984375,17617.333984375,0,0.0,0.0
2024-02-13 00:00:00+09:00,17617.333984375,17617.333984375,17617.333984375,17617.333984375,0,0.0,0.0
2024-02-14 00:00:00+09:00,17617.333984375,17617.333984375,17617.333984375,17617.333984375,0,0.0,0.0
2024-02-15 00:00:00+09:00,17617.333984375,17617.333984375,17617.333984375,17617.333984375,0,0.0,0.0
2024-02-16 00:00:00+09:00,17617.333984375,17617.333984375,17617.333984375,17617.333984375,0,0.0,0.0
2024-02-19 00:00:00+09:00,17617.333984375,17617.333984375,17617.333984375,17617.333984375,0,0.0,0.0
2024-02-20 00:00:00+09:00,17617.333984375,17617.333984375,17617.333984375,17617.333984375,0,0.0,0.0
2024-02-21 00:00:00+09:00,17617.333984375,17617.333984375,17617.333984375,17617.333984375,0,0.0,0.0
2024-02-22 00:00:00+09:00,17617.333984375,17617.333984375,17617.333984375,17617.333984375,0,0.0,0.0
2024-02-23 00:00:00+09:00,17617.333984375,17617.333984375,17617.333984375,17617.333984375,0,0.0,0.0
2024-02-26 00:00:00+09:00,17617.333984375,17617.333984375,17617.333984375,17617.333984375,0,0.0,0.0
2024-02-27 00:00:00+09:00,17617.333984375,17617.333984375,17617.333984375,17617.333984375,0,0.0,0.0
2024-02-28 00:00:00+09:00,17617.333984375,17617.333984375,17617.333984375,17617.333984375,0,0.0,0.0
2024-02-29 00:00:00+09:00,17617.333984375,17617.333984375,17617.333984375,17617.333984375,0,0.0,0.0
2024-03-04 00:00:00+09:00,17617.333984375,17617.333984375,17617.333984375,17617.333984375,0,0.0,0.0
2024-03-05 00:00:00+09:00,17617.333984375,17617.333984375,17617.333984375,17617.333984375,0,0.0,0.0
2024-03-06 00:00:00+09:00,17617.333984375,17617.333984375,17617.333984375,17617.333984375,0,0.0,0.0
2024-03-07 00:00:00+09:00,17617.333984375,17617.333984375,17617.333984375,17617.333984375,0,0.0,0.0
2024-03-08 00:00:00+09:00,17617.333984375,17617.333984375,17617.333984375,17617.333984375,0,0.0,0.0
2024-03-11 00:00:00+09:00,17617.333984375,17617.333984375,17617.333984375,17617.333984375,0,0.0,0.0
2024-03-12 00:00:00+09:00,17617.333984375,17617.333984375,17617.333984375,17617.333984375,0,0.0,0.0
2024-03-13 00:00:00+09:00,17617.333984375,17617.333984375,17617.333984375,17617.333984375,0,0.0,0.0
2024-03-14 00:00:00+09:00,17617.333984375,17617.333984375,17617.333984375,17617.333984375,0,0.0,0.0
2024-03-15 00:00:00+09:00,17617.333984375,17617.333984375,17617.333984375,17617.333984375,0,0.0,0.0
2024-03-18 00:00:00+09:00,17617.333984375,17617.333984375,17617.333984375,17617.333984375,0,0.0,0.0
2024-03-19 00:00:00+09:00,17617.333984375,17617.333984375,17617.333984375,17617.333984375,0,0.0,0.0
2024-03-20 00:00:00+09:00,17617.333984375,17617.333984375,17617.333984375,17617.333984375,0,0.0,0.0
2024-03-21 00:00:00+09:00,17617.333984375,17617.333984375,17617.333984375,17617.333984375,0,0.0,0.0
2024-03-22 00:00:00+09:00,17617.333984375,17617.333984375,17617.333984375,17617.333984375,0,0.0,0.0
2024-03-25 00:00:00+09:00,17617.333984375,17617.333984375,17617.333984375,17617.333984375,0,0.0,0.0
2024-03-26 00:00:00+09:00,17617.333984375,17617.333984375,17617.333984375,17617.333984375,0,0.0,0.0
2024-03-27 00:00:00+09:00,17617.333984375,17617.333984375,17617.333984375,17617.333984375,0,0.0,0.0
2024-03-28 00:00:00+09:00,17617.333984375,17617.333984375,17617.333984375,17617.333984375,0,0.0,0.0
2024-03-29 00:00:00+09:00,17617.333984375,17617.333984375,17617.333984375,17617.333984375,0,0.0,0.0
2024-04-01 00:00:00+09:00,17617.333984375,17617.333984375,17617.333984375,17617.333984375,0,0.0,0.0
2024-04-02 00:00:00+09:00,17617.333984375,17617.333984375,17617.333984375,17617.333984375,0,0.0,0.0
2024-04-03 00:00:00+09:00,17617.333984375,17617.333984375,17617.333984375,17617.333984375,0,0.0,0.0
2024-04-04 00:00:00+09:00,17617.333984375,17617.333984375,17617.333984375,17617.333984375,0,0.0,0.0
2024-04-05 00:00:00+09:00,17617.333984375,17617.333984375,17617.333984375,17617.333984375,0,0.0,0.0
2024-04-08 00:00:00+09:00,17617.333984375,17617.333984375,17617.333984375,17617.333984375,0,0.0,0.0
2024-04-09 00:00:00+09:00,17617.333984375,17617.333984375,17617.333984375,17617.333984375,0,0.0,0.0
2024-04-11 00:00:00+09:00,17617.333984375,17617.333984375,17617.333984375,17617.333984375,0,0.0,0.0
2024-04-12 00:00:00+09:00,17617.333984375,17617.333984375,17617.333984375,17617.333984375,0,0.0,0.0
2024-04-15 00:00:00+09:00,17617.333984375,17617.333984375,17617.333984375,17617.333984375,0,0.0,0.0
2024-04-16 00:00:00+09:00,17617.333984375,17617.333984375,17617.333984375,17617.333984375,0,0.0,0.0
2024-04-17 00:00:00+09:00,17617.333984375,17617.333984375,17617.333984375,17617.333984375,0,0.0,0.0
2024-04-18 00:00:00+09:00,17617.333984375,17617.333984375,17617.333984375,17617.333984375,0,0.0,0.0
2024-04-19 00:00:00+09:00,17617.333984375,17617.333984375,17617.333984375,17617.333984375,0,0.0,0.0
2024-04-22 00:00:00+09:00,17617.333984375,17617.333984375,17617.333984375,17617.333984375,0,0.0,0.0
2024-04-23 00:00:00+09:00,17617.333984375,17617.333984375,17617.333984375,17617.333984375,0,0.0,0.0
2024-04-24 00:00:00+09:00,11193.333484280494,11680.00015751008,9285.600125220513,9655.466796875,1865736,0.0,0.0
2024-04-25 00:00:00+09:00,9606.799703197172,9723.599699588627,8370.666408054272,8429.06640625,1013230,0.0,0.0
2024-04-26 00:00:00+09:00,8380.399736523208,8779.46639064336,7971.599749375734,8283.06640625,389799,0.0,0.0
2024-04-29 00:00:00+09:00,8283.066929243188,8448.533601155214,8039.733588196091,8214.93359375,147982,0.0,0.0
2024-04-30 00:00:00+09:00,8107.866666666667,8263.6,7523.866666666667,7592.0,554552,0.0,0.0
2024-05-02 00:00:00+09:00,7416.800160030241,7562.800163180444,7163.733487903226,7543.33349609375,262775,0.0,0.0
2024-05-03 00:00:00+09:00,7592.000411184211,7592.000411184211,7202.667056764508,7212.400390625,227547,0.0,0.0
2024-05-07 00:00:00+09:00,7261.067008692781,7329.200345235475,6832.800321852993,6910.6669921875,231953,0.0,0.0
2024-05-08 00:00:00+09:00,6871.7336438978045,7231.866993507179,6813.333641258446,7202.6669921875,166743,0.0,0.0
2024-05-09 00:00:00+09:00,7202.666797405021,7280.533465485075,7037.2001277349045,7173.466796875,87807,0.0,0.0
2024-05-10 00:00:00+09:00,7173.4671004378915,7222.133770047375,6939.86708631237,6998.26708984375,61334,0.0,0.0
2024-05-13 00:00:00+09:00,6969.066941273933,6988.5336087076585,6579.733592599411,6608.93359375,170340,0.0,0.0
2024-05-14 00:00:00+09:00,6618.666791902405,6881.466796875,6618.666791902405,6881.466796875,89179,0.0,0.0
2024-05-16 00:00:00+09:00,6920.40029672476,7154.000306740785,6628.4002842047275,6832.80029296875,78249,0.0,0.0
2024-05-17 00:00:00+09:00,6813.333697651708,6910.667036189589,6628.400354429733,6696.53369140625,66380,0.0,0.0
2024-05-20 00:00:00+09:00,6696.53363327753,6823.066972278413,6433.733621506464,6540.80029296875,79881,0.0,0.0
2024-05-21 00:00:00+09:00,6521.333333333334,7154.0,6433.733333333334,6716.0,283860,0.0,0.0
2024-05-22 00:00:00+09:00,6696.53362672853,6813.333631845888,6550.533620331832,6686.80029296875,43648,0.0,0.0
2024-05-23 00:00:00+09:00,6628.400231260479,6686.800233298016,6385.066889437407,6531.06689453125,52962,0.0,0.0
2024-05-24 00:00:00+09:00,6482.400165493797,6521.333499821088,6326.666828184637,6375.33349609375,58301,0.0,0.0
2024-05-27 00:00:00+09:00,6132.000035480644,6170.933369039252,5372.800031087803,5625.86669921875,361282,0.0,0.0
2024-05-28 00:00:00+09:00,5664.79993674353,5898.399934135016,5479.866605475271,5830.2666015625,132684,0.0,0.0
2024-05-29 00:00:00+09:00,5830.267005774457,5878.933675271739,5577.200324388587,5596.6669921875,90561,0.0,0.0
2024-05-30 00:00:00+09:00,5596.6666008759885,5713.466599502965,5450.666602592267,5538.2666015625,50171,0.0,0.0
2024-05-31 00:00:00+09:00,5616.133265526286,5616.133265526286,5353.3332686992335,5392.2666015625,48222,0.0,0.0
2024-06-03 00:00:00+09:00,5392.266889700199,5557.733563210854,5333.866887284673,5509.06689453125,47324,0.0,0.0
2024-06-04 00:00:00+09:00,5479.866915587861,6073.600275891341,5411.733579159592,5732.93359375,211530,0.0,0.0
2024-06-05 00:00:00+09:00,5732.933463985307,5917.86680153322,5586.933460658007,5713.466796875,64993,0.0,0.0
2024-06-07 00:00:00+09:00,5820.533709490741,6180.667066098028,5762.1337057165865,6044.400390625,135143,0.0,0.0
2024-06-10 00:00:00+09:00,6034.666832095287,6122.2668344966705,5840.000160092213,5937.33349609375,42354,0.0,0.0
2024-06-11 00:00:00+09:00,5937.333333333334,6024.933333333333,5830.266666666667,5840.0,50938,0.0,0.0
2024-06-12 00:00:00+09:00,5791.333698776533,5986.000377727005,5655.067023511203,5674.53369140625,37352,0.0,0.0
2024-06-13 00:00:00+09:00,5820.533604638502,5820.533604638502,5450.666920731707,5586.93359375,59695,0.0,0.0
2024-06-14 00:00:00+09:00,5586.933300950498,5655.066633888919,5499.333301458243,5616.13330078125,14212,0.0,0.0
2024-06-17 00:00:00+09:00,5742.666892237311,5927.600232834784,5645.333555080746,5801.06689453125,50941,0.0,0.0
2024-06-18 00:00:00+09:00,5742.667066786024,5781.600402832031,5577.200388590495,5606.400390625,34499,0.0,0.0
2024-06-19 00:00:00+09:00,5606.39993231047,5645.333265173736,5353.3332686992335,5392.2666015625,48403,0.0,0.0
2024-06-20 00:00:00+09:00,5402.000229518772,5440.933564506296,5324.133559543728,5363.06689453125,29209,0.0,0.0
2024-06-21 00:00:00+09:00,5353.333333333334,5382.533333333334,5071.066666666667,5110.0,60557,0.0,0.0
2024-06-24 00:00:00+09:00,5071.067033902867,5110.000370055672,4944.53369140625,4944.53369140625,38401,0.0,0.0
2024-06-25 00:00:00+09:00,4876.400289501665,5032.13363208056,4876.400289501665,4934.80029296875,15091,0.0,0.0
2024-06-26 00:00:00+09:00,4964.000294702293,5002.933630347017,4861.800288634893,4934.80029296875,25966,0.0,0.0
2024-06-27 00:00:00+09:00,4964.000033504667,5041.866700696897,4798.533365721178,4822.86669921875,31032,0.0,0.0
2024-06-28 00:00:00+09:00,4783.933397846837,4915.333399618826,4769.33339764995,4827.7333984375,21981,0.0,0.0
2024-07-01 00:00:00+09:00,4759.6003551676595,4866.667029823783,4735.267020018541,4798.53369140625,16780,0.0,0.0
2024-07-02 00:00:00+09:00,4774.199934360548,4886.133266154933,4691.466602164696,4735.2666015625,27125,0.0,0.0
2024-07-03 00:00:00+09:00,4691.466666666667,4964.0,4691.466666666667,4818.0,35032,0.0,0.0
2024-07-04 00:00:00+09:00,4818.000100394275,4886.133435147326,4686.60009765625,4686.60009765625,30840,0.0,0.0
2024-07-05 00:00:00+09:00,4686.600267357409,4725.53360291178,4355.666915145256,4564.93359375,49961,0.0,0.0
2024-07-08 00:00:00+09:00,4550.333431198921,4710.933434653001,4477.333429628885,4540.60009765625,73077,0.0,0.0
2024-07-09 00:00:00+09:00,4540.599934545056,4569.799934124125,4428.666602825297,4516.2666015625,21946,0.0,0.0
2024-07-10 00:00:00+09:00,4526.000266726322,4526.000266726322,4384.866925075716,4418.93359375,33071,0.0,0.0
2024-07-11 00:00:00+09:00,4443.266760717464,4925.066770915743,4443.266760717464,4613.60009765625,133072,0.0,0.0
2024-07-12 00:00:00+09:00,4691.466571286094,4925.066566536854,4691.466571286094,4803.39990234375,60901,0.0,0.0
2024-07-15 00:00:00+09:00,4866.6669921875,4944.5336640625,4720.666982421875,4866.6669921875,25940,0.0,0.0
2024-07-16 00:00:00+09:00,4861.800325195312,4934.800330078125,4818.000322265625,4866.6669921875,29614,0.0,0.0
2024-07-17 00:00:00+09:00,4866.666827815594,4934.800163405012,4818.000159537438,4915.33349609375,18058,0.0,0.0
2024-07-18 00:00:00+09:00,4915.333638698078,4915.333638698078,4706.066959030733,4715.80029296875,31254,0.0,0.0
2024-07-19 00:00:00+09:00,4672.000164473684,4715.800166015625,4603.866828741776,4623.33349609375,12799,0.0,0.0
2024-07-22 00:00:00+09:00,4574.666832965353,4623.3335014011545,4414.066827127208,4477.33349609375,36241,0.0,0.0
2024-07-23 00:00:00+09:00,4487.067023192832,4555.200361939795,4380.0003480190335,4506.53369140625,32287,0.0,0.0
2024-07-24 00:00:00+09:00,4506.533300353871,4560.066633295439,4350.799968160216,4448.13330078125,25011,0.0,0.0
2024-07-25 00:00:00+09:00,4345.933621145317,4579.533636615614,4297.266951255672,4423.80029296875,21675,0.0,0.0
2024-07-26 00:00:00+09:00,4433.533594610408,4521.133599772853,4341.066922494493,4418.93359375,14804,0.0,0.0
2024-07-29 00:00:00+09:00,4560.066968659757,4564.933635648721,4423.80029296875,4423.80029296875,7976,0.0,0.0
2024-07-30 00:00:00+09:00,4491.9336024986,4521.13360424832,4326.466925916853,4345.93359375,21097,0.0,0.0
2024-07-31 00:00:00+09:00,4350.800202798345,4380.000204159408,4185.33352841899,4190.2001953125,42683,0.0,0.0
2024-08-01 00:00:00+09:00,4238.866820758322,4822.866841987941,4234.0001539147415,4477.33349609375,348561,0.0,0.0
2024-08-02 00:00:00+09:00,4428.666633716282,4428.666633716282,4214.533301976155,4375.13330078125,42702,0.0,0.0
2024-08-05 00:00:00+09:00,4311.866761538857,4316.733428312603,3528.333410965769,3698.666748046875,112873,0.0,0.0
2024-08-06 00:00:00+09:00,3713.266666666667,3869.0,3703.5333333333333,3869.0,27631,0.0,0.0
2024-08-07 00:00:00+09:00,3869.0000482815417,3976.0667162843015,3844.6667146445507,3912.800048828125,20198,0.0,0.0
2024-08-08 00:00:00+09:00,3907.933349919198,3907.933349919198,3718.133349113658,3834.933349609375,15143,0.0,0.0
2024-08-09 00:00:00+09:00,3834.9335320601162,4185.333550217893,3834.9335320601162,4083.133544921875,61740,0.0,0.0
2024-08-12 00:00:00+09:00,4083.13330440198,4866.666632183528,4083.13330440198,4594.13330078125,316643,0.0,0.0
2024-08-13 00:00:00+09:00,4618.466597865047,4754.73326250174,4360.533268374164,4370.2666015625,41724,0.0,0.0
2024-08-14 00:00:00+09:00,4428.666699005526,4467.600032623158,4316.733364854837,4457.86669921875,25017,0.0,0.0
2024-08-16 00:00:00+09:00,4457.866666666667,4477.333333333334,4336.2,4380.0,26405,0.0,0.0
2024-08-19 00:00:00+09:00,4384.866800897455,4428.666802238273,4248.600130059353,4253.466796875,35594,0.0,0.0
2024-08-20 00:00:00+09:00,4263.200324041193,4375.1336658824575,4253.466989968039,4282.6669921875,15054,0.0,0.0
2024-08-21 00:00:00+09:00,4238.8665702283515,4350.799901015093,4224.266570560516,4292.39990234375,18065,0.0,0.0
2024-08-22 00:00:00+09:00,4292.400000000001,4355.666666666667,4146.400000000001,4161.0,32559,0.0,0.0
2024-08-23 00:00:00+09:00,4151.266928618809,4185.333597435141,4102.600258881191,4126.93359375,20407,0.0,0.0
2024-08-26 00:00:00+09:00,4131.800082744667,4141.533416272923,4049.066747754491,4063.666748046875,17464,0.0,0.0
2024-08-27 00:00:00+09:00,4058.8001665548313,4058.8001665548313,3912.80016056365,3966.33349609375,17288,0.0,0.0
2024-08-28 00:00:00+09:00,3927.40004901032,3985.8000497390976,3912.800048828125,3912.800048828125,14156,0.0,0.0
2024-08-29 00:00:00+09:00,3893.333414208075,4005.266749866557,3893.333414208075,3917.666748046875,12075,0.0,0.0
2024-08-30 00:00:00+09:00,3917.666698977921,4019.866699820823,3917.666698977921,3946.86669921875,10617,0.0,0.0
2024-09-02 00:00:00+09:00,3912.8000644627464,3985.80006566541,3912.8000644627464,3951.7333984375,13597,0.0,0.0
2024-09-03 00:00:00+09:00,3961.4666371923668,4749.866631326474,3961.4666371923668,4375.13330078125,299665,0.0,0.0
2024-09-04 00:00:00+09:00,4292.400241558368,4360.533578725962,4044.2002275907075,4049.06689453125,60193,0.0,0.0
2024-09-05 00:00:00+09:00,3971.2001629601227,4058.8001665548313,3942.0001617618864,3966.33349609375,25645,0.0,0.0
2024-09-06 00:00:00+09:00,3912.7999836833696,3980.9333167325826,3791.1333175240607,3903.066650390625,21191,0.0,0.0
2024-09-09 00:00:00+09:00,3903.066794955467,3985.8001310081386,3805.7334584229116,3961.466796875,10977,0.0,0.0
2024-09-10 00:00:00+09:00,3961.4668292273773,4049.066832822086,3844.6668244344323,3966.33349609375,16230,0.0,0.0
2024-09-11 00:00:00+09:00,4000.400167236328,4063.6668365478513,3893.33349609375,3893.33349609375,10110,0.0,0.0
2024-09-12 00:00:00+09:00,3893.3333819185327,4029.600050285681,3893.3333819185327,3912.800048828125,7814,0.0,0.0
2024-09-13 00:00:00+09:00,3893.3334464174936,4039.33345065815,3883.60011280145,3922.533447265625,9825,0.0,0.0
2024-09-19 00:00:00+09:00,3927.3999833103358,4039.3333161680034,3815.466650452668,3830.066650390625,16778,0.0,0.0
2024-09-20 00:00:00+09:00,3922.5333333333338,3922.5333333333338,3796.0,3796.0,18306,0.0,0.0
2024-09-23 00:00:00+09:00,3810.6000995635986,3932.2667694091797,3713.266763687134,3737.60009765625,19104,0.0,0.0
2024-09-24 00:00:00+09:00,3727.866666666667,3873.866666666667,3708.4,3796.0,7171,0.0,0.0
2024-09-25 00:00:00+09:00,3903.066884502367,3903.066884502367,3650.0002037116897,3791.133544921875,16552,0.0,0.0
2024-09-26 00:00:00+09:00,3878.7333333333336,3878.7333333333336,3757.066666666667,3869.0,10210,0.0,0.0
2024-09-27 00:00:00+09:00,3893.333513950189,3893.333513950189,3810.6001767787475,3859.266845703125,8599,0.0,0.0
2024-09-30 00:00:00+09:00,3859.2668133359966,3922.5334824070783,3796.0001442649145,3854.400146484375,15096,0.0,0.0
2024-10-02 00:00:00+09:00,3854.4001788106875,3927.4001821972533,3810.6001767787475,3859.266845703125,10436,0.0,0.0
2024-10-04 00:00:00+09:00,3927.400196775515,3927.400196775515,3830.066858565465,3898.2001953125,13624,0.0,0.0
2024-10-07 00:00:00+09:00,3942.0001103889426,4141.533449309864,3907.9334427682975,4068.533447265625,50200,0.0,0.0
2024-10-08 00:00:00+09:00,4068.5333496679923,4229.133350312782,3942.000015826643,4053.933349609375,14948,0.0,0.0
2024-10-10 00:00:00+09:00,4063.666570958957,4253.466566488776,4058.79990440691,4146.39990234375,36145,0.0,0.0
2024-10-11 00:00:00+09:00,4136.666795510769,4263.200132785216,4126.933461874272,4180.466796875,17711,0.0,0.0
2024-10-14 00:00:00+09:00,4180.466666666667,4336.2,4156.133333333333,4234.0,16707,0.0,0.0
2024-10-15 00:00:00+09:00,4282.666699555109,4282.666699555109,4151.266698546032,4238.86669921875,11368,0.0,0.0
2024-10-16 00:00:00+09:00,4238.866634039665,4302.133300219361,4156.133301343139,4229.13330078125,7839,0.0,0.0
2024-10-17 00:00:00+09:00,4282.6667323681195,4341.066733264049,4175.600064058916,4243.7333984375,9627,0.0,0.0
2024-10-18 00:00:00+09:00,4243.733430877721,4277.800098327427,4165.8667624212485,4248.60009765625,7256,0.0,0.0
2024-10-21 00:00:00+09:00,4229.133202673932,4282.666534353349,4122.066539315098,4214.533203125,15770,0.0,0.0
2024-10-22 00:00:00+09:00,4214.533203125,4282.666534353349,4083.133207184613,4214.533203125,1395867,0.0,0.0
2024-10-23 00:00:00+09:00,4195.066827008929,4316.733498325893,4141.533491629464,4258.33349609375,20782,0.0,0.0
2024-10-24 00:00:00+09:00,4248.600334329044,4248.600334329044,4136.6669921875,4136.6669921875,12206,0.0,0.0
2024-10-25 00:00:00+09:00,4088.000016713783,4131.800016892859,3971.200016236247,3980.933349609375,8047,0.0,0.0
2024-10-28 00:00:00+09:00,3980.9335396258566,4180.4668832990355,3927.4002035184185,4083.133544921875,14969,0.0,0.0
2024-10-29 00:00:00+09:00,4044.200016534707,4131.800016892859,3951.733349489991,3980.933349609375,9441,0.0,0.0
2024-10-30 00:00:00+09:00,4058.8000506500703,4058.8000506500703,3893.3333819185327,3912.800048828125,15697,0.0,0.0
2024-10-31 00:00:00+09:00,3912.8001960440074,3956.60019823853,3761.93352181843,3898.2001953125,20033,0.0,0.0
2024-11-01 00:00:00+09:00,3883.600165455812,3942.000167943869,3771.666827353702,3820.33349609375,10408,0.0,0.0
2024-11-04 00:00:00+09:00,3723.000190094227,3893.333532124682,3723.000190094227,3825.2001953125,13317,0.0,0.0
2024-11-05 00:00:00+09:00,3825.2001305404974,3869.0001320352358,3771.6667953802616,3815.466796875,5498,0.0,0.0
2024-11-06 00:00:00+09:00,3781.4001493679257,3878.733486545993,3703.5334796254715,3708.400146484375,16869,0.0,0.0
2024-11-07 00:00:00+09:00,3796.000067528258,3844.6667350606717,3620.800064411569,3659.7333984375,14099,0.0,0.0
2024-11-08 00:00:00+09:00,3659.733399762551,3747.333401352612,3504.0000636024424,3586.7333984375,18658,0.0,0.0
2024-11-11 00:00:00+09:00,3538.066666666667,3552.666666666667,3382.3333333333335,3431.0,26814,0.0,0.0
2024-11-12 00:00:00+09:00,3435.8668737096473,3435.8668737096473,3231.466861392643,3241.2001953125,39084,0.0,0.0
2024-11-13 00:00:00+09:00,3367.7335509762484,3367.7335509762484,3022.2001953125,3022.2001953125,38923,0.0,0.0
2024-11-14 00:00:00+09:00,3022.2001953125,3129.2668688984504,2920.0001887077296,3022.2001953125,20265,0.0,0.0
2024-11-15 00:00:00+09:00,3075.7334016818936,3129.2667362048383,2910.2667313382476,2929.7333984375,25904,0.0,0.0
2024-11-18 00:00:00+09:00,2939.466697825872,3075.7333659370047,2939.466697825872,3070.86669921875,16817,0.0,0.0
2024-11-19 00:00:00+09:00,3085.466814786433,3134.1334837893737,2968.666809179376,3051.400146484375,9627,0.0,0.0
2024-11-20 00:00:00+09:00,3041.666732614972,3085.4667335646272,3002.7333984375,3002.7333984375,6980,0.0,0.0
2024-11-21 00:00:00+09:00,3017.3335331580033,3017.3335331580033,2915.133526389748,2949.2001953125,11651,0.0,0.0
2024-11-22 00:00:00+09:00,2949.200016222502,2963.8000163028114,2861.6000157406456,2958.933349609375,18062,0.0,0.0
2024-11-25 00:00:00+09:00,2958.9334612277867,3027.0667975060583,2929.7334599656706,3012.466796875,9148,0.0,0.0
2024-11-26 00:00:00+09:00,3061.1333333333337,3090.3333333333335,3012.4666666666667,3066.0,13244,0.0,0.0
2024-11-27 00:00:00+09:00,3066.0000801086426,3173.066749572754,3066.0000801086426,3114.666748046875,8772,0.0,0.0
2024-11-28 00:00:00+09:00,3114.6667950693372,3265.5334679555085,3066.000126396379,3158.466796875,7170,0.0,0.0
2024-11-29 00:00:00+09:00,3129.266801923465,3129.266801923465,2973.533461858845,3012.466796875,20459,0.0,0.0
2024-12-02 00:00:00+09:00,3017.3335189564173,3041.666853786711,2881.0668439067726,2910.266845703125,22713,0.0,0.0
2024-12-03 00:00:00+09:00,2920.0000160618833,2968.6666829962483,2900.5333492881373,2958.933349609375,9009,0.0,0.0
2024-12-04 00:00:00+09:00,2783.7334911281782,2958.933501059322,2783.7334911281782,2871.33349609375,16542,0.0,0.0
2024-12-05 00:00:00+09:00,2871.33339877023,2920.0000665459966,2783.73339677385,2856.7333984375,22163,0.0,0.0
2024-12-06 00:00:00+09:00,2856.7334849847057,2939.466822709987,2754.5334795593585,2759.400146484375,16584,0.0,0.0
2024-12-09 00:00:00+09:00,2754.53349216505,2754.53349216505,2540.400146484375,2540.400146484375,31051,0.0,0.0
2024-12-10 00:00:00+09:00,2540.400079402745,2647.466749415888,2520.9334121276283,2603.666748046875,37703,0.0,0.0
2024-12-11 00:00:00+09:00,2603.6667743588505,2778.866781605427,2603.6667743588505,2754.533447265625,16592,0.0,0.0
2024-12-12 00:00:00+09:00,2764.2666990477233,2817.8000330081545,2730.200031981994,2778.86669921875,10655,0.0,0.0
2024-12-13 00:00:00+09:00,2822.666698885452,2851.86669921875,2769.133364941073,2851.86669921875,7228,0.0,0.0
2024-12-16 00:00:00+09:00,2861.600180571934,2954.066853073408,2822.6668447818397,2837.266845703125,15019,0.0,0.0
2024-12-17 00:00:00+09:00,2866.4667644889987,2920.0000996492345,2808.0667624960142,2861.60009765625,11673,0.0,0.0
2024-12-18 00:00:00+09:00,2861.60009765625,2910.266765983737,2817.8000961615116,2861.60009765625,7012,0.0,0.0
2024-12-19 00:00:00+09:00,2910.2667635131634,3085.466769343387,2861.60009522699,2934.60009765625,38823,0.0,0.0
2024-12-20 00:00:00+09:00,2934.600033496427,3012.466701051888,2851.86669921875,2851.86669921875,6344,0.0,0.0
2024-12-23 00:00:00+09:00,2842.1333657743176,2890.8000329964802,2701.0000308300446,2851.86669921875,8749,0.0,0.0
2024-12-24 00:00:00+09:00,2822.666682193154,3100.066683719033,2822.666682193154,2958.933349609375,23921,0.0,0.0
2024-12-26 00:00:00+09:00,2958.933299443493,2963.79996605442,2837.2666341703234,2842.13330078125,10404,0.0,0.0
2024-12-27 00:00:00+09:00,2842.1333497783307,2876.200016642112,2759.40001596629,2812.933349609375,5464,0.0,0.0
2024-12-30 00:00:00+09:00,2817.800016304201,2847.0000164731564,2701.000015628379,2812.933349609375,3915,0.0,0.0
2025-01-02 00:00:00+09:00,2856.733513598172,2856.733513598172,2803.200176886792,2837.266845703125,8184,0.0,0.0
2025-01-03 00:00:00+09:00,2871.333380638085,2983.266715815502,2851.8667136507083,2963.800048828125,15375,0.0,0.0
2025-01-06 00:00:00+09:00,2963.8000939536437,3095.200098119076,2934.600093027992,3080.60009765625,16210,0.0,0.0
2025-01-07 00:00:00+09:00,3051.399967551421,3173.066632924285,3027.0666344768483,3061.13330078125,16914,0.0,0.0
2025-01-08 00:00:00+09:00,3061.1333813973247,3139.0000492866047,3036.8000476819248,3109.800048828125,6467,0.0,0.0
2025-01-09 00:00:00+09:00,3104.9334894854323,3289.866832119361,3066.000154194079,3236.33349609375,17356,0.0,0.0
2025-01-10 00:00:00+09:00,3236.333300484873,3294.733299892119,3109.79996843584,3207.13330078125,15555,0.0,0.0
2025-01-13 00:00:00+09:00,3207.1334686760647,3207.1334686760647,3051.400128770702,3085.466796875,12670,0.0,0.0
2025-01-14 00:00:00+09:00,3085.4667622130596,3212.000099464699,3066.000094943576,3153.60009765625,7510,0.0,0.0
2025-01-15 00:00:00+09:00,3114.666682260479,3285.0000164465987,3114.666682260479,3250.933349609375,15153,0.0,0.0
2025-01-16 00:00:00+09:00,3250.9334614322534,3323.9334643087263,3226.600127140096,3304.466796875,15216,0.0,0.0
2025-01-17 00:00:00+09:00,3304.466633873099,3357.999966675167,3177.933301795484,3280.13330078125,21436,0.0,0.0
2025-01-20 00:00:00+09:00,3280.1333333333337,3387.2000000000003,3212.0,3212.0,15055,0.0,0.0
2025-01-21 00:00:00+09:00,3211.999968124073,3309.333300491469,3148.733302085265,3280.13330078125,18084,0.0,0.0
2025-01-22 00:00:00+09:00,3246.066682918343,3289.866683137631,3216.866682772151,3250.933349609375,20304,0.0,0.0
2025-01-23 00:00:00+09:00,3221.73339994687,3270.4000676197834,3148.7333984375,3148.7333984375,12196,0.0,0.0
2025-01-24 00:00:00+09:00,3148.733365935807,3270.400033862229,2973.533364121759,3143.86669921875,16444,0.0,0.0
2025-01-31 00:00:00+09:00,3143.866632418058,3187.66663194091,2915.1333015764967,2988.13330078125,15761,0.0,0.0
2025-02-03 00:00:00+09:00,2958.933366264559,2958.933366264559,2837.2666982438122,2924.86669921875,16413,0.0,0.0
2025-02-04 00:00:00+09:00,2900.5335117710074,2993.0001841261237,2842.1335081783027,2910.266845703125,43274,0.0,0.0
2025-02-05 00:00:00+09:00,2910.2667313382476,2978.400066185631,2876.200063914556,2929.7333984375,31015,0.0,0.0
2025-02-06 00:00:00+09:00,2929.73341171875,3041.666748046875,2910.26674453125,3041.666748046875,14786,0.0,0.0
2025-02-07 00:00:00+09:00,3041.6667654290554,3056.266765903115,2983.2667635328175,3007.60009765625,12872,0.0,0.0
2025-02-10 00:00:00+09:00,2997.866814108456,3007.6001479204965,2954.066811954274,2978.400146484375,7879,0.0,0.0
2025-02-11 00:00:00+09:00,2978.400146484375,2993.0001472024355,2963.8001457663145,2978.400146484375,6805,0.0,0.0
2025-02-12 00:00:00+09:00,2968.66678041249,3041.666783209518,2920.0001118811374,2973.533447265625,6638,0.0,0.0
2025-02-13 00:00:00+09:00,2973.5333169500364,2973.5333169500364,2905.3999839920975,2954.066650390625,13769,0.0,0.0
2025-02-14 00:00:00+09:00,2954.0667827017355,2983.2667838487046,2900.533447265625,2900.533447265625,8969,0.0,0.0
2025-02-17 00:00:00+09:00,2900.5334128457994,3002.733415647413,2890.8000792456455,2968.666748046875,12363,0.0,0.0
2025-02-18 00:00:00+09:00,2968.666666666667,3012.4666666666667,2924.866666666667,2993.0,11638,0.0,0.0
2025-02-19 00:00:00+09:00,2978.40011411876,2988.1334478250305,2924.866778734273,2973.533447265625,17766,0.0,0.0
2025-02-20 00:00:00+09:00,2973.5333169500364,3012.466650068858,2949.1999837507724,2954.066650390625,11147,0.0,0.0
2025-02-21 00:00:00+09:00,2954.0668299651343,2958.9334969008264,2924.8668283509815,2944.33349609375,5280,0.0,0.0
2025-02-24 00:00:00+09:00,2944.333414046491,2968.666748046875,2915.1334132460297,2968.666748046875,8453,0.0,0.0
2025-02-25 00:00:00+09:00,2949.200130639487,2958.933464403973,2920.0001293460264,2939.466796875,4426,0.0,0.0
2025-02-26 00:00:00+09:00,2939.4667319871264,2968.6667326360052,2920.000064887874,2929.7333984375,17442,0.0,0.0
2025-02-27 00:00:00+09:00,2929.7333984375,3002.733400059697,2900.533397788621,2929.7333984375,12140,0.0,0.0
2025-02-28 00:00:00+09:00,2929.733463110513,2997.8667994619204,2910.2667955815396,2939.466796875,13146,0.0,0.0
2025-03-04 00:00:00+09:00,2939.4666666666667,2939.4666666666667,2885.9333333333334,2920.0,11269,0.0,0.0
2025-03-05 00:00:00+09:00,2881.0666666666666,2939.4666666666667,2881.0666666666666,2920.0,11902,0.0,0.0
2025-03-06 00:00:00+09:00,2919.9999673935727,2919.9999673935727,2881.066634494992,2915.13330078125,6257,0.0,0.0
2025-03-07 00:00:00+09:00,2915.1334478391095,2915.1334478391095,2837.266778113858,2900.533447265625,6460,0.0,0.0
2025-03-10 00:00:00+09:00,2900.5333333333333,2900.5333333333333,2837.266666666667,2847.0,11443,0.0,0.0
2025-03-11 00:00:00+09:00,2847.0001613810914,2910.2668316340046,2764.266823358051,2871.33349609375,11615,0.0,0.0
2025-03-12 00:00:00+09:00,2856.7333659409665,2905.400033163129,2851.86669921875,2851.86669921875,10156,0.0,0.0
2025-03-13 00:00:00+09:00,2910.2667505724676,2910.2667505724676,2817.8000812398977,2822.666748046875,7532,0.0,0.0
2025-03-14 00:00:00+09:00,2822.666840314068,2958.9335153637126,2803.2001724498327,2910.266845703125,15931,0.0,0.0
2025-03-17 00:00:00+09:00,2910.2667313382476,2944.3333987619394,2900.533397788621,2929.7333984375,6667,0.0,0.0
2025-03-18 00:00:00+09:00,2944.3335002317267,2993.000169657045,2837.266827496028,2871.33349609375,39704,0.0,0.0
2025-03-19 00:00:00+09:00,2871.3334461186555,2920.0001146969375,2871.3334461186555,2900.533447265625,6450,0.0,0.0
2025-03-20 00:00:00+09:00,2900.533397788621,2929.7333984375,2871.333397139743,2929.7333984375,5470,0.0,0.0
2025-03-21 00:00:00+09:00,2910.266845703125,2954.0668483976538,2876.200176940714,2910.266845703125,4961,0.0,0.0
2025-03-24 00:00:00+09:00,2915.1335172833137,2939.4668521521226,2837.266845703125,2837.266845703125,22828,0.0,0.0
2025-03-25 00:00:00+09:00,2837.266748467807,2876.200082923626,2808.0667476259428,2822.666748046875,11856,0.0,0.0
2025-03-26 00:00:00+09:00,2822.6666829990268,2847.0000164731564,2774.000016050768,2812.933349609375,13002,0.0,0.0
2025-03-27 00:00:00+09:00,2812.933464449042,2842.1334658101046,2774.000129300958,2793.466796875,12696,0.0,0.0
2025-03-28 00:00:00+09:00,2793.4668613009985,2808.066862318251,2754.533525254991,2803.2001953125,5688,0.0,0.0
2025-03-31 00:00:00+09:00,2788.6001002814182,2788.6001002814182,2657.2000955561157,2715.60009765625,15171,0.0,0.0
2025-04-01 00:00:00+09:00,2696.133365768323,2739.933366295245,2696.133365768323,2705.86669921875,11233,0.0,0.0
2025-04-02 00:00:00+09:00,2769.1333666465266,2769.1333666465266,2691.2666990431094,2705.86669921875,14432,0.0,0.0
2025-04-03 00:00:00+09:00,2705.866746750553,2774.0000821003873,2662.0667454542313,2749.666748046875,3194,0.0,0.0
2025-04-04 00:00:00+09:00,2730.2001768300233,2778.86684664874,2701.000174938793,2764.266845703125,4724,0.0,0.0
2025-04-07 00:00:00+09:00,2764.266768819061,2764.266768819061,2637.7334308097375,2642.60009765625,9157,0.0,0.0
2025-04-08 00:00:00+09:00,2628.000097116713,2681.5334324283494,2628.000097116713,2642.60009765625,7455,0.0,0.0
2025-04-09 00:00:00+09:00,2642.600067080764,2652.3334006611717,2564.7333984375,2564.7333984375,10666,0.0,0.0
2025-04-10 00:00:00+09:00,2579.3334459902635,2623.1334479033058,2520.9334434395405,2608.533447265625,23062,0.0,0.0
2025-04-11 00:00:00+09:00,2671.799949516684,2671.799949516684,2569.59995144774,2584.199951171875,7053,0.0,0.0
2025-04-14 00:00:00+09:00,2584.200015771128,2842.133350678604,2584.200015771128,2666.933349609375,25370,0.0,0.0
2025-04-15 00:00:00+09:00,2666.933304280334,3075.7332998269544,2564.733305393679,2988.13330078125,178852,0.0,0.0
2025-04-16 00:00:00+09:00,3017.333500129132,3017.333500129132,2881.066825929752,2944.33349609375,50096,0.0,0.0
2025-04-17 00:00:00+09:00,2910.2666826750105,2973.5333496896847,2876.200015820955,2958.933349609375,42309,0.0,0.0
2025-04-18 00:00:00+09:00,2958.933414446721,2968.666748046875,2900.5334128457994,2968.666748046875,13983,0.0,0.0
2025-04-21 00:00:00+09:00,2968.6666503101833,3007.5999834290055,2861.5999842334227,2954.066650390625,11425,0.0,0.0
2025-04-22 00:00:00+09:00,2929.7335059884363,3839.8002262871696,2920.000172081498,3314.2001953125,1253357,0.0,0.0
2025-04-23 00:00:00+09:00,3314.199983000024,3314.199983000024,3129.2666506152946,3173.066650390625,108466,0.0,0.0
2025-04-24 00:00:00+09:00,3207.133476983933,3304.466814676921,3197.4001432146347,3270.400146484375,71328,0.0,0.0
2025-04-25 00:00:00+09:00,3270.4000156697707,3474.800016649131,3231.466682149892,3396.933349609375,77480,0.0,0.0
2025-04-28 00:00:00+09:00,3396.933418114506,3455.3334195720618,3231.466747318097,3260.666748046875,70142,0.0,0.0
2025-04-29 00:00:00+09:00,3338.533459317701,3486.4801315673485,3241.200122311354,3450.466796875,107625,0.0,0.0
2025-04-30 00:00:00+09:00,3450.4666666666667,3562.4,3396.9333333333334,3504.0,55552,0.0,0.0
2025-05-02 00:00:00+09:00,3465.0667477054194,3577.0000836565778,3367.7334120957166,3479.666748046875,41473,0.0,0.0
2025-05-07 00:00:00+09:00,3479.6666837052753,3479.6666837052753,3275.266682704406,3323.933349609375,46068,0.0,0.0
2025-05-08 00:00:00+09:00,3323.9334295804024,3396.933431694174,3289.8667619273087,3372.60009765625,35112,0.0,0.0
2025-05-09 00:00:00+09:00,3377.4668291928956,3465.0668334082734,3260.6668235723923,3382.33349609375,39147,0.0,0.0
2025-05-12 00:00:00+09:00,3377.4668146436043,3445.6001509620633,3280.133477045806,3343.400146484375,28793,0.0,0.0
2025-05-13 00:00:00+09:00,3358.0001978937225,3382.333532661068,3289.8668605451544,3314.2001953125,29939,0.0,0.0
2025-05-14 00:00:00+09:00,3396.933433870299,3396.933433870299,3265.533429981333,3299.60009765625,25005,0.0,0.0
2025-05-15 00:00:00+09:00,3323.933316666862,3323.933316666862,3231.466650463831,3246.066650390625,36759,0.0,0.0
2025-05-16 00:00:00+09:00,3255.8000812587456,3319.0667495044313,3212.0000801655783,3260.666748046875,53804,0.0,0.0
2025-05-19 00:00:00+09:00,3260.666724671709,4238.866742073222,3173.0667231133643,3659.7333984375,2113508,0.0,0.0
2025-05-20 00:00:00+09:00,3645.133432445164,3645.133432445164,3440.7334268874915,3591.60009765625,187384,0.0,0.0
2025-05-21 00:00:00+09:00,3562.4002067861315,3684.066880515166,3513.7335372945176,3645.133544921875,92040,0.0,0.0
2025-05-22 00:00:00+09:00,3591.6002127416127,3640.266882290957,3528.333542327465,3572.133544921875,51547,0.0,0.0
2025-05-23 00:00:00+09:00,3577.0000802878567,3747.3334174444212,3562.400079960151,3625.666748046875,72296,0.0,0.0
2025-05-26 00:00:00+09:00,3625.666581274758,4253.466566488776,3552.6665829940584,4146.39990234375,646110,0.0,0.0
2025-05-27 00:00:00+09:00,4141.533301455516,4233.999967410457,4044.199968871368,4229.13330078125,119605,0.0,0.0
2025-05-28 00:00:00+09:00,4214.533659230491,4399.467006864162,4195.066991058526,4209.6669921875,59716,0.0,0.0
2025-05-29 00:00:00+09:00,4292.400065850774,4292.400065850774,4195.066731024226,4243.7333984375,39634,0.0,0.0
2025-05-30 00:00:00+09:00,4229.133525886158,4229.133525886158,3927.4001788148785,3932.266845703125,114215,0.0,0.0
2025-06-02 00:00:00+09:00,3942.0001417590724,4175.60015015961,3942.0001417590724,4073.400146484375,80372,0.0,0.0
2025-06-04 00:00:00+09:00,4073.400320542279,4161.000327435661,4034.4669841452205,4136.6669921875,52620,0.0,0.0
2025-06-05 00:00:00+09:00,4195.066761463612,4375.133432199289,4131.800093367293,4321.60009765625,131044,0.0,0.0
2025-06-09 00:00:00+09:00,4380.000262458007,4467.6002677071665,4229.13358675112,4345.93359375,76692,0.0,0.0
2025-06-10 00:00:00+09:00,4380.000332919034,4394.600334028764,4258.333657004617,4282.6669921875,32938,0.0,0.0
2025-06-11 00:00:00+09:00,4292.400284266708,4457.866961891502,4268.066949321886,4423.80029296875,100012,0.0,0.0
2025-06-12 00:00:00+09:00,4457.866600257516,4457.866600257516,4336.199935403327,4370.2666015625,32269,0.0,0.0
2025-06-13 00:00:00+09:00,4428.666632578755,4443.266632466377,4170.733301230761,4229.13330078125,51212,0.0,0.0
2025-06-16 00:00:00+09:00,4229.133497797057,4282.66683321221,4146.400161246366,4185.33349609375,42136,0.0,0.0
2025-06-17 00:00:00+09:00,4185.333268829205,4272.9332674791185,4131.799936320925,4224.2666015625,44412,0.0,0.0
2025-06-18 00:00:00+09:00,4224.266634152043,4272.933300444117,4185.333301118383,4229.13330078125,26753,0.0,0.0
2025-06-19 00:00:00+09:00,4229.133634266955,4818.000342835771,4161.000296085439,4574.6669921875,266149,0.0,0.0
2025-06-20 00:00:00+09:00,4487.066761644581,4618.46676442593,4428.666760408425,4613.60009765625,51146,0.0,0.0
2025-06-23 00:00:00+09:00,4613.6003341074065,4983.467027559055,4477.333657572589,4944.53369140625,242545,0.0,0.0
2025-06-24 00:00:00+09:00,4983.466856060606,5158.6668627189865,4886.1335190281725,5139.2001953125,114580,0.0,0.0
2025-06-25 00:00:00+09:00,5139.200324292453,5713.467027196344,5100.266988502359,5674.53369140625,275122,0.0,0.0
2025-06-26 00:00:00+09:00,5606.400225903614,5742.666898060994,5421.466885118599,5655.06689453125,126643,0.0,0.0
2025-06-27 00:00:00+09:00,5674.533333333334,5732.933333333333,5207.333333333334,5256.0,148317,0.0,0.0
2025-06-30 00:00:00+09:00,5401.999965055307,5401.999965055307,4866.666635184962,5032.13330078125,66789,0.0,0.0
2025-07-01 00:00:00+09:00,5109.999900640443,5275.466564089753,4963.999903479288,5022.39990234375,72088,0.0,0.0
2025-07-02 00:00:00+09:00,5032.133669921875,5256.0003515625,4672.0003125,4866.6669921875,69294,0.0,0.0
2025-07-03 00:00:00+09:00,4866.666567724164,4905.599900265957,4720.66657069244,4803.39990234375,76213,0.0,0.0
2025-07-04 00:00:00+09:00,4822.866731705204,5012.666734264742,4803.40006477602,4827.7333984375,63493,0.0,0.0
2025-07-07 00:00:00+09:00,4827.733429439484,4964.000098818825,4710.933427114335,4905.60009765625,44907,0.0,0.0
2025-07-08 00:00:00+09:00,4895.866571470749,5080.799901208213,4876.399905182595,5022.39990234375,29385,0.0,0.0
2025-07-09 00:00:00+09:00,5100.266632687998,5100.266632687998,4822.866634536074,4886.13330078125,32691,0.0,0.0
2025-07-10 00:00:00+09:00,4886.133587670233,5061.333596789883,4886.133587670233,5002.93359375,36527,0.0,0.0
2025-07-11 00:00:00+09:00,5090.533466339111,5197.600135803223,4886.133460998535,4983.466796875,35894,0.0,0.0
2025-07-14 00:00:00+09:00,4973.733500510364,4973.733500510364,4808.266828282035,4842.33349609375,34458,0.0,0.0
2025-07-15 00:00:00+09:00,4842.333333333334,4842.333333333334,4599.0,4672.0,62442,0.0,0.0
2025-07-16 00:00:00+09:00,4637.933617072376,4895.866966185531,4599.000281357184,4788.80029296875,51786,0.0,0.0
2025-07-17 00:00:00+09:00,4788.80013087334,4905.600134065373,4667.13346088164,4764.466796875,32411,0.0,0.0
2025-07-18 00:00:00+09:00,4876.400033940882,4876.400033940882,4637.933365614432,4676.86669921875,54336,0.0,0.0
2025-07-21 00:00:00+09:00,4676.866831311678,4788.800168585526,4603.866828741776,4623.33349609375,21054,0.0,0.0
2025-07-22 00:00:00+09:00,4623.3335643593255,4701.200234916956,4472.466890153915,4560.06689453125,35694,0.0,0.0
2025-07-23 00:00:00+09:00,4560.066898238375,4594.133566635032,4418.933557737934,4487.06689453125,41297,0.0,0.0
2025-07-24 00:00:00+09:00,4487.066698392904,4735.266700147827,4433.533364681059,4603.86669921875,47268,0.0,0.0
2025-07-25 00:00:00+09:00,4594.1333653095735,4749.866699726847,4545.466698304175,4676.86669921875,28876,0.0,0.0
2025-07-28 00:00:00+09:00,4676.866889658382,4818.000229720914,4676.866889658382,4779.06689453125,47596,0.0,0.0
2025-07-29 00:00:00+09:00,4842.333601013688,4842.333601013688,4657.400257457386,4710.93359375,25303,0.0,0.0
2025-07-30 00:00:00+09:00,4681.733656169458,4856.933668250645,4672.000322164949,4720.6669921875,33023,0.0,0.0
2025-07-31 00:00:00+09:00,4759.600064185358,4842.333398634388,4696.333396665512,4827.7333984375,32617,0.0,0.0
2025-08-01 00:00:00+09:00,4783.933333333333,4852.066666666667,4652.533333333334,4672.0,35858,0.0,0.0
2025-08-04 00:00:00+09:00,4525.999936798669,4686.599934556041,4525.999936798669,4662.2666015625,14246,0.0,0.0
2025-08-05 00:00:00+09:00,4608.733490613042,4783.933496591996,4608.733490613042,4769.33349609375,26170,0.0,0.0
2025-08-06 00:00:00+09:00,4827.7332698919445,5002.933267589637,4759.599937453953,4954.2666015625,61341,0.0,0.0
2025-08-07 00:00:00+09:00,4915.333234897393,4973.733233727857,4788.799904098054,4876.39990234375,37027,0.0,0.0
2025-08-08 00:00:00+09:00,4876.400032913408,4934.800033307581,4813.133365819721,4822.86669921875,17941,0.0,0.0
2025-08-11 00:00:00+09:00,4915.333432661442,4925.066766191465,4720.66676206099,4832.60009765625,12708,0.0,0.0
2025-08-12 00:00:00+09:00,4832.600130077339,4915.3334656375755,4740.13346092178,4837.466796875,45293,0.0,0.0
2025-08-13 00:00:00+09:00,4837.466831752232,4837.466831752232,4681.733493104273,4769.33349609375,18118,0.0,0.0
2025-08-14 00:00:00+09:00,4861.800134935815,4861.800134935815,4628.200128452412,4691.466796875,35814,0.0,0.0
2025-08-18 00:00:00+09:00,4696.333333333334,4725.533333333334,4423.8,4453.0,40342,0.0,0.0
2025-08-19 00:00:00+09:00,4438.400063707081,4647.666733377481,4190.200060144514,4535.7333984375,44742,0.0,0.0
2025-08-20 00:00:00+09:00,4501.666731281854,4535.7333984375,4370.266729395788,4535.7333984375,19969,0.0,0.0
2025-08-21 00:00:00+09:00,4525.999900416324,4764.466561836109,4438.39990234375,4438.39990234375,43081,0.0,0.0
2025-08-22 00:00:00+09:00,4438.400097017974,4560.0667663441245,4380.000095741421,4467.60009765625,20479,0.0,0.0
2025-08-25 00:00:00+09:00,4633.066835088315,4633.066835088315,4418.933493970788,4477.33349609375,11622,0.0,0.0
2025-08-26 00:00:00+09:00,4370.266885047025,4599.000229810065,4370.266885047025,4560.06689453125,36614,0.0,0.0
2025-08-27 00:00:00+09:00,4560.066797293228,4599.000131741836,4457.866794365632,4545.466796875,7359,0.0,0.0
2025-08-28 00:00:00+09:00,4530.866831373131,4535.733498216712,4311.866823412024,4477.33349609375,23271,0.0,0.0
2025-08-29 00:00:00+09:00,4506.533526559161,4560.066862187834,4404.33352217715,4555.2001953125,10156,0.0,0.0
2025-09-01 00:00:00+09:00,4555.2,4555.2,4307.0,4380.0,26264,0.0,0.0
2025-09-02 00:00:00+09:00,4380.0,4472.466666666667,4316.733333333334,4380.0,28262,0.0,0.0
2025-09-03 00:00:00+09:00,4380.000134081808,4453.000136316505,4238.86679642806,4253.466796875,50205,0.0,0.0
2025-09-04 00:00:00+09:00,4302.133654853352,4380.000327339385,4243.733650488826,4355.6669921875,30586,0.0,0.0
2025-09-05 00:00:00+09:00,4355.666986821772,4467.600328382555,4088.0003004807695,4428.6669921875,16344,0.0,0.0
2025-09-08 00:00:00+09:00,4501.666997553228,4501.666997553228,4316.7336506267175,4428.6669921875,16940,0.0,0.0
2025-09-09 00:00:00+09:00,4457.867020872705,4535.733693726377,4316.733676325425,4506.53369140625,27830,0.0,0.0
2025-09-10 00:00:00+09:00,4574.666666666667,4594.133333333333,4380.0,4453.0,22043,0.0,0.0
2025-09-11 00:00:00+09:00,4453.000129641594,4526.000131766867,4394.600127941377,4472.466796875,18055,0.0,0.0
2025-09-12 00:00:00+09:00,4472.466601134652,4525.999933683598,4414.066601990347,4443.2666015625,8983,0.0,0.0
2025-09-15 00:00:00+09:00,4448.133237046589,4550.333234834311,4433.533237362628,4511.39990234375,27263,0.0,0.0
2025-09-16 00:00:00+09:00,4545.466699323644,4589.266699638326,4482.200032202437,4530.86669921875,15347,0.0,0.0
2025-09-17 00:00:00+09:00,4623.333547237833,4944.533562098567,4540.6002100767355,4925.06689453125,70554,0.0,0.0
2025-09-18 00:00:00+09:00,4925.066599981023,4993.199932391827,4788.7999351594135,4808.2666015625,31593,0.0,0.0
2025-09-22 00:00:00+09:00,4895.866599354445,4915.333265753468,4725.533268362988,4735.2666015625,21755,0.0,0.0
2025-09-23 00:00:00+09:00,4735.2666015625,4808.266600558839,4715.799935163476,4735.2666015625,11140,0.0,0.0
2025-09-24 00:00:00+09:00,4749.866666666667,4754.733333333334,4599.0,4599.0,18302,0.0,0.0
2025-09-25 00:00:00+09:00,4574.6669921875,4672.000332446809,4555.200324135638,4574.6669921875,8846,0.0,0.0
2025-09-26 00:00:00+09:00,4618.467039675666,4618.467039675666,4433.53369140625,4433.53369140625,11928,0.0,0.0
2025-09-29 00:00:00+09:00,4433.533333333334,4506.533333333334,4428.666666666667,4453.0,6196,0.0,0.0
2025-09-30 00:00:00+09:00,4404.333234806125,4448.1332338262955,4365.39990234375,4365.39990234375,7449,0.0,0.0
2025-10-01 00:00:00+09:00,4418.933234479515,4482.199899730874,4341.066569554766,4365.39990234375,9211,0.0,0.0
2025-10-02 00:00:00+09:00,4365.400129200083,4487.066799467644,4331.333461525166,4399.466796875,15086,0.0,0.0
2025-10-10 00:00:00+09:00,4365.400062659268,4535.7333984375,4287.533394874933,4535.7333984375,26538,0.0,0.0
2025-10-13 00:00:00+09:00,4530.866933679791,4603.866937981828,4418.93359375,4418.93359375,11759,0.0,0.0
2025-10-14 00:00:00+09:00,4375.13363817003,4603.866987440321,4204.80029296875,4204.80029296875,55146,0.0,0.0
2025-10-15 00:00:00+09:00,4409.19993431584,4525.999932575863,4302.133269244154,4370.2666015625,21474,0.0,0.0
2025-10-16 00:00:00+09:00,4345.933658126745,4501.6670030988125,4302.133654853352,4355.6669921875,21868,0.0,0.0
2025-10-17 00:00:00+09:00,4375.133500558036,4375.133500558036,4209.6668275669645,4258.33349609375,35335,0.0,0.0
2025-10-20 00:00:00+09:00,4258.333657004617,4307.000327370383,4165.866983309659,4282.6669921875,13697,0.0,0.0
2025-10-21 00:00:00+09:00,4282.666827598315,4350.800163491925,4219.400158554248,4331.33349609375,14461,0.0,0.0
2025-10-22 00:00:00+09:00,4321.600230722634,4535.73357548817,4199.933557560397,4268.06689453125,24973,0.0,0.0
2025-10-23 00:00:00+09:00,4263.2002643395135,4263.2002643395135,4136.6669231604865,4199.93359375,8534,0.0,0.0
2025-10-24 00:00:00+09:00,4350.799899302552,4350.799899302552,4160.999903695393,4219.39990234375,20296,0.0,0.0
2025-10-27 00:00:00+09:00,4219.39990062445,4282.666565801056,4131.7999026876105,4146.39990234375,26606,0.0,0.0
2025-10-28 00:00:00+09:00,4370.266666666667,4370.266666666667,4136.666666666667,4234.0,18911,0.0,0.0
2025-10-29 00:00:00+09:00,4287.533506094691,4287.533506094691,4039.33349609375,4039.33349609375,26177,0.0,0.0
2025-10-30 00:00:00+09:00,4088.0000686166877,4088.0000686166877,3869.0000649407934,3878.7333984375,25613,0.0,0.0
2025-10-31 00:00:00+09:00,3878.733397234837,4263.20007023553,3796.0000625384855,3951.7333984375,24214,0.0,0.0
2025-11-03 00:00:00+09:00,3917.6668519164723,3917.6668519164723,3659.733506386568,3786.266845703125,28323,0.0,0.0
2025-11-04 00:00:00+09:00,3791.1334323883057,3990.6667709350586,3703.5334300994873,3737.60009765625,19077,0.0,0.0
2025-11-05 00:00:00+09:00,3737.600138121547,3737.600138121547,3523.466796875,3523.466796875,38693,0.0,0.0
2025-11-06 00:00:00+09:00,3523.466796875,3873.866809823895,3523.466796875,3523.466796875,33242,0.0,0.0
2025-11-07 00:00:00+09:00,3698.6669558647714,4579.53369140625,3591.6002808265807,4579.53369140625,435422,0.0,0.0
2025-11-10 00:00:00+09:00,5158.666842713648,5664.8001933195155,4676.866826271525,4769.33349609375,2300053,0.0,0.0
2025-11-11 00:00:00+09:00,4934.8,5148.933333333333,4599.0,4818.0,382314,0.0,0.0
2025-11-12 00:00:00+09:00,4803.400100090051,5100.2667729426275,4599.000095830899,4686.60009765625,391417,0.0,0.0
2025-11-13 00:00:00+09:00,4720.666666666667,4895.866666666667,4530.866666666667,4672.0,154571,0.0,0.0
2025-11-14 00:00:00+09:00,4623.333605795705,4672.000275330397,4370.266924215309,4418.93359375,94039,0.0,0.0
2025-11-17 00:00:00+09:00,4409.199935394989,4720.666597497946,4272.933270724945,4443.2666015625,93248,0.0,0.0
2025-11-18 00:00:00+09:00,4535.733537633278,4608.7335409213665,4336.2001953125,4336.2001953125,84943,0.0,0.0
2025-11-19 00:00:00+09:00,4282.666927676538,4414.066935684795,4156.1335866315485,4272.93359375,56035,0.0,0.0
2025-11-20 00:00:00+09:00,4272.933333333333,4272.933333333333,4053.9333333333334,4161.0,24476,0.0,0.0
2025-11-21 00:00:00+09:00,4141.533515147207,4161.000182668463,4000.400175618101,4078.266845703125,33306,0.0,0.0
2025-11-24 00:00:00+09:00,4078.2667808715237,4151.2667829157635,3932.266776783044,4068.533447265625,46658,0.0,0.0
2025-11-25 00:00:00+09:00,4068.5334796426973,4122.0668149011535,3980.9334764924956,4073.400146484375,25506,0.0,0.0
2025-11-26 00:00:00+09:00,4068.5336479407515,4214.533659230491,4024.7336445538294,4209.6669921875,30301,0.0,0.0
2025-11-27 00:00:00+09:00,4209.666534316246,4277.799865507491,4141.533203125,4141.533203125,31298,0.0,0.0
2025-11-28 00:00:00+09:00,4156.133268152843,4258.333266550044,4087.9999358880423,4151.2666015625,25807,0.0,0.0
2025-12-01 00:00:00+09:00,4185.33352841899,4399.46687173345,4126.933525696864,4190.2001953125,41092,0.0,0.0
2025-12-02 00:00:00+09:00,4190.199967747591,4268.066633814909,4087.9999685342345,4229.13330078125,23300,0.0,0.0
2025-12-03 00:00:00+09:00,4229.13330078125,4292.399966960947,4180.466634489176,4229.13330078125,25821,0.0,0.0
2025-12-04 00:00:00+09:00,4365.400245666504,4365.400245666504,4039.3335606501655,4049.06689453125,29579,0.0,0.0
2025-12-05 00:00:00+09:00,4136.66686290263,4136.66686290263,3990.666855976655,4117.2001953125,14669,0.0,0.0
2025-12-08 00:00:00+09:00,4117.200148059476,4175.60015015961,4034.4668117509523,4073.400146484375,12291,0.0,0.0
2025-12-09 00:00:00+09:00,4073.4001612194897,4165.866831545858,3995.5334914709692,4112.33349609375,14468,0.0,0.0
2025-12-10 00:00:00+09:00,4170.733434409911,4170.733434409911,3956.600095887115,4029.60009765625,24798,0.0,0.0
2025-12-11 00:00:00+09:00,4000.4000160611117,4063.6666829817864,4000.4000160611117,4053.933349609375,11570,0.0,0.0
2025-12-12 00:00:00+09:00,4034.4668437802993,4092.866846344067,3990.666841857473,4078.266845703125,15394,0.0,0.0
2025-12-15 00:00:00+09:00,4112.333382805475,4112.333382805475,3995.5333814003484,4058.800048828125,12082,0.0,0.0
2025-12-16 00:00:00+09:00,4175.600103061578,4175.600103061578,3922.5334301487546,3956.60009765625,17332,0.0,0.0
2025-12-17 00:00:00+09:00,3956.600065184344,4078.2667338554497,3844.6667300069275,3951.7333984375,23870,0.0,0.0
2025-12-18 00:00:00+09:00,3951.733432702851,3956.600099491894,3849.53343013295,3883.60009765625,14149,0.0,0.0
2025-12-19 00:00:00+09:00,3888.466811698904,3951.733480725294,3839.8001432170654,3927.400146484375,18090,0.0,0.0
2025-12-22 00:00:00+09:00,3971.2000980166054,3971.2000980166054,3898.2000962148295,3956.60009765625,12861,0.0,0.0
2025-12-23 00:00:00+09:00,3971.2000165395393,3971.2000165395393,3883.6000161746965,3907.933349609375,6469,0.0,0.0
2025-12-24 00:00:00+09:00,3859.266877988724,3932.2668819859887,3859.266877988724,3864.133544921875,9008,0.0,0.0
2025-12-26 00:00:00+09:00,3971.2000000000003,3971.2000000000003,3236.3333333333335,3650.0,143204,0.0,0.0
2025-12-29 00:00:00+09:00,3785.0,3850.0,3555.0,3790.0,18493,100.0,0.0
2025-12-30 00:00:00+09:00,3790.0,3935.0,3735.0,3835.0,19209,0.0,0.0
2026-01-02 00:00:00+09:00,3835.0,3980.0,3795.0,3930.0,15708,0.0,0.0
2026-01-05 00:00:00+09:00,3900.0,4040.0,3895.0,4030.0,16420,0.0,0.0
2026-01-06 00:00:00+09:00,4030.0,4050.0,3960.0,3970.0,11798,0.0,0.0
2026-01-07 00:00:00+09:00,3970.0,3970.0,3805.0,3825.0,19523,0.0,0.0
2026-01-08 00:00:00+09:00,3825.0,3930.0,3735.0,3750.0,13229,0.0,0.0
2026-01-09 00:00:00+09:00,3750.0,3830.0,3700.0,3805.0,16386,0.0,0.0
2026-01-12 00:00:00+09:00,3805.0,3985.0,3800.0,3835.0,11550,0.0,0.0
2026-01-13 00:00:00+09:00,3960.0,3960.0,3745.0,3775.0,10941,0.0,0.0
2026-01-14 00:00:00+09:00,3755.0,3765.0,3610.0,3625.0,24595,0.0,0.0
2026-01-15 00:00:00+09:00,3625.0,3800.0,3480.0,3615.0,31218,0.0,0.0
2026-01-16 00:00:00+09:00,3615.0,3760.0,3505.0,3605.0,41148,0.0,0.0
2026-01-19 00:00:00+09:00,3585.0,3730.0,3390.0,3475.0,30374,0.0,0.0
2026-01-20 00:00:00+09:00,3475.0,3530.0,3445.0,3530.0,18448,0.0,0.0
2026-01-21 00:00:00+09:00,3505.0,3505.0,3335.0,3445.0,48124,0.0,0.0
2026-01-22 00:00:00+09:00,3420.0,3500.0,3360.0,3375.0,35122,0.0,0.0
2026-01-23 00:00:00+09:00,3375.0,3495.0,3375.0,3460.0,21512,0.0,0.0
2026-01-26 00:00:00+09:00,3465.0,3725.0,3465.0,3665.0,40506,0.0,0.0
2026-01-27 00:00:00+09:00,3665.0,3740.0,3445.0,3730.0,35626,0.0,0.0
2026-01-28 00:00:00+09:00,3730.0,3730.0,3550.0,3635.0,27275,0.0,0.0
2026-01-29 00:00:00+09:00,3635.0,3635.0,3400.0,3580.0,32971,0.0,0.0
2026-01-30 00:00:00+09:00,3550.0,3555.0,3415.0,3415.0,33222,0.0,0.0
2026-02-02 00:00:00+09:00,3415.0,3545.0,3270.0,3290.0,40786,0.0,0.0
2026-02-03 00:00:00+09:00,3365.0,3370.0,3290.0,3370.0,18738,0.0,0.0
2026-02-04 00:00:00+09:00,3370.0,3670.0,3335.0,3595.0,59754,0.0,0.0
2026-02-05 00:00:00+09:00,3685.0,3685.0,3430.0,3475.0,32889,0.0,0.0
2026-02-06 00:00:00+09:00,3475.0,3590.0,3290.0,3505.0,33988,0.0,0.0
2026-02-09 00:00:00+09:00,3585.0,4460.0,3570.0,4010.0,700413,0.0,0.0
2026-02-10 00:00:00+09:00,3955.0,4080.0,3830.0,3900.0,71369,0.0,0.0
2026-02-11 00:00:00+09:00,3900.0,4050.0,3835.0,3980.0,39917,0.0,0.0
2026-02-12 00:00:00+09:00,3985.0,4130.0,3930.0,4055.0,41072,0.0,0.0
2026-02-13 00:00:00+09:00,4075.0,4075.0,3940.0,4010.0,24362,0.0,0.0
2026-02-19 00:00:00+09:00,3980.0,4140.0,3860.0,3985.0,36907,0.0,0.0
2026-02-20 00:00:00+09:00,3980.0,4075.0,3890.0,3925.0,29736,0.0,0.0
2026-02-23 00:00:00+09:00,3925.0,4060.0,3875.0,4000.0,27423,0.0,0.0
2026-02-24 00:00:00+09:00,4000.0,4020.0,3930.0,3985.0,16394,0.0,0.0
2026-02-25 00:00:00+09:00,3900.0,3965.0,3900.0,3910.0,21280,0.0,0.0
2026-02-26 00:00:00+09:00,3900.0,3910.0,3755.0,3790.0,40225,0.0,0.0
2026-02-27 00:00:00+09:00,3790.0,3805.0,3710.0,3730.0,21510,0.0,0.0
2026-03-03 00:00:00+09:00,3715.0,3730.0,3600.0,3600.0,32919,0.0,0.0
2026-03-04 00:00:00+09:00,3570.0,3575.0,3105.0,3175.0,58422,0.0,0.0
2026-03-05 00:00:00+09:00,3270.0,3440.0,3205.0,3300.0,39740,0.0,0.0
2026-03-06 00:00:00+09:00,3450.0,3450.0,3300.0,3310.0,23278,0.0,0.0
2026-03-09 00:00:00+09:00,3200.0,3305.0,3105.0,3265.0,36521,0.0,0.0
2026-03-10 00:00:00+09:00,3350.0,3360.0,3275.0,3320.0,9541,0.0,0.0
2026-03-11 00:00:00+09:00,3385.0,3430.0,3290.0,3395.0,10741,0.0,0.0
2026-03-12 00:00:00+09:00,3375.0,3450.0,3370.0,3425.0,11589,0.0,0.0
2026-03-13 00:00:00+09:00,3425.0,3450.0,3365.0,3450.0,13349,0.0,0.0
2026-03-16 00:00:00+09:00,3450.0,3555.0,3420.0,3480.0,18497,0.0,0.0
2026-03-17 00:00:00+09:00,3495.0,3600.0,3410.0,3480.0,14409,0.0,0.0
2026-03-18 00:00:00+09:00,3550.0,3555.0,3475.0,3490.0,11488,0.0,0.0
2026-03-19 00:00:00+09:00,3490.0,3650.0,3455.0,3575.0,35911,0.0,0.0
2026-03-20 00:00:00+09:00,3560.0,3625.0,3550.0,3600.0,9359,0.0,0.0
2026-03-23 00:00:00+09:00,3595.0,3620.0,3450.0,3485.0,20060,0.0,0.0
2026-03-24 00:00:00+09:00,3600.0,3600.0,3385.0,3455.0,16163,0.0,0.0
2026-03-25 00:00:00+09:00,3455.0,3510.0,3405.0,3485.0,5519,0.0,0.0
2026-03-26 00:00:00+09:00,3480.0,3505.0,3350.0,3400.0,17863,0.0,0.0
2026-03-27 00:00:00+09:00,3400.0,3450.0,3200.0,3420.0,14318,0.0,0.0
2026-03-30 00:00:00+09:00,3420.0,3690.0,3325.0,3600.0,29957,0.0,0.0
2026-03-31 00:00:00+09:00,3695.0,3695.0,3370.0,3380.0,29661,0.0,0.0
2026-04-01 00:00:00+09:00,3515.0,3515.0,3375.0,3510.0,18733,0.0,0.0
2026-04-02 00:00:00+09:00,3560.0,3560.0,3390.0,3500.0,15151,0.0,0.0
2026-04-03 00:00:00+09:00,3462.0,3500.0,3390.0,3400.0,18189,0.0,0.0
2026-04-06 00:00:00+09:00,3420.0,3435.0,3300.0,3340.0,9036,0.0,0.0
2026-04-07 00:00:00+09:00,3360.0,3375.0,3290.0,3330.0,6854,0.0,0.0
2026-04-08 00:00:00+09:00,3335.0,3415.0,3300.0,3335.0,13690,0.0,0.0
2026-04-09 00:00:00+09:00,3335.0,3350.0,3275.0,3345.0,34422,0.0,0.0
2026-04-10 00:00:00+09:00,3400.0,3400.0,3270.0,3340.0,33979,0.0,0.0
2026-04-13 00:00:00+09:00,3345.0,3365.0,3285.0,3355.0,18979,0.0,0.0
2026-04-14 00:00:00+09:00,3355.0,3455.0,3330.0,3430.0,25473,0.0,0.0
2026-04-15 00:00:00+09:00,3430.0,3460.0,3360.0,3430.0,22760,0.0,0.0
2026-04-16 00:00:00+09:00,3450.0,3510.0,3425.0,3510.0,17159,0.0,0.0
2026-04-17 00:00:00+09:00,3510.0,3510.0,3430.0,3495.0,17715,0.0,0.0
2026-04-20 00:00:00+09:00,3495.0,3590.0,3415.0,3555.0,35173,0.0,0.0
2026-04-21 00:00:00+09:00,3575.0,3600.0,3530.0,3585.0,22241,0.0,0.0
2026-04-22 00:00:00+09:00,3560.0,3585.0,3520.0,3570.0,25200,0.0,0.0
2026-04-23 00:00:00+09:00,3590.0,3655.0,3585.0,3650.0,38594,0.0,0.0
2026-04-24 00:00:00+09:00,3645.0,3715.0,3605.0,3685.0,46672,0.0,0.0
2026-04-27 00:00:00+09:00,3725.0,3750.0,3660.0,3665.0,37704,0.0,0.0
2026-04-28 00:00:00+09:00,3670.0,3670.0,3600.0,3630.0,19066,0.0,0.0
2026-04-29 00:00:00+09:00,3600.0,3715.0,3595.0,3710.0,17149,0.0,0.0
2026-04-30 00:00:00+09:00,3755.0,3755.0,3670.0,3725.0,15062,0.0,0.0
2026-05-04 00:00:00+09:00,3755.0,3805.0,3725.0,3795.0,31061,0.0,0.0
2026-05-06 00:00:00+09:00,3790.0,3790.0,3665.0,3680.0,28551,0.0,0.0
2026-05-07 00:00:00+09:00,3680.0,3680.0,3550.0,3570.0,22825,0.0,0.0
2026-05-08 00:00:00+09:00,3575.0,3645.0,3550.0,3640.0,27042,0.0,0.0
2026-05-11 00:00:00+09:00,3640.0,3640.0,3370.0,3400.0,53025,0.0,0.0
2026-05-12 00:00:00+09:00,3510.0,3510.0,3260.0,3295.0,55016,0.0,0.0
2026-05-13 00:00:00+09:00,3295.0,3440.0,3200.0,3260.0,29854,0.0,0.0
2026-05-14 00:00:00+09:00,3260.0,3315.0,3150.0,3200.0,33025,0.0,0.0
2026-05-15 00:00:00+09:00,3200.0,3220.0,3080.0,3080.0,49937,0.0,0.0
2026-05-18 00:00:00+09:00,3080.0,3080.0,2895.0,3015.0,56099,0.0,0.0
2026-05-19 00:00:00+09:00,3000.0,3080.0,2890.0,2960.0,33725,0.0,0.0
2026-05-20 00:00:00+09:00,2960.0,3195.0,2850.0,2940.0,41270,0.0,0.0
2026-05-21 00:00:00+09:00,3140.0,3140.0,2900.0,2955.0,20357,0.0,0.0
2026-05-22 00:00:00+09:00,2955.0,3245.0,2805.0,3055.0,69014,0.0,0.0
2026-05-26 00:00:00+09:00,3075.0,3180.0,3055.0,3135.0,40828,0.0,0.0
2026-05-27 00:00:00+09:00,3135.0,3135.0,2930.0,2960.0,29666,0.0,0.0
2026-05-28 00:00:00+09:00,2965.0,2995.0,2800.0,2910.0,36572,0.0,0.0
2026-05-29 00:00:00+09:00,2910.0,2930.0,2685.0,2700.0,61792,0.0,0.0
2026-06-01 00:00:00+09:00,2815.0,2815.0,2510.0,2525.0,51204,0.0,0.0
2026-06-02 00:00:00+09:00,2515.0,2630.0,2400.0,2565.0,21788,0.0,0.0
2026-06-04 00:00:00+09:00,2575.0,2650.0,2500.0,2515.0,31223,0.0,0.0
2026-06-05 00:00:00+09:00,2590.0,2590.0,2395.0,2500.0,11437,0.0,0.0
2026-06-08 00:00:00+09:00,2405.0,2505.0,2320.0,2350.0,26533,0.0,0.0
2026-06-09 00:00:00+09:00,2350.0,2465.0,2305.0,2390.0,13262,0.0,0.0
2026-06-10 00:00:00+09:00,2390.0,2405.0,2320.0,2380.0,4,0.0,0.0
2026-06-11 00:00:00+09:00,2380.0,2485.0,2320.0,2435.0,15060,0.0,0.0
2026-06-12 00:00:00+09:00,2435.0,2555.0,2410.0,2550.0,18460,0.0,0.0
2026-06-15 00:00:00+09:00,2550.0,2575.0,2475.0,2505.0,15262,0.0,0.0
2026-06-16 00:00:00+09:00,2515.0,2565.0,2400.0,2500.0,35802,0.0,0.0
2026-06-17 00:00:00+09:00,2480.0,2575.0,2470.0,2525.0,6952,0.0,0.0
2026-06-18 00:00:00+09:00,2525.0,2530.0,2410.0,2440.0,8596,0.0,0.0
2026-06-19 00:00:00+09:00,2445.0,2450.0,2240.0,2370.0,32551,0.0,0.0
2026-06-22 00:00:00+09:00,2355.0,2355.0,2185.0,2225.0,30311,0.0,0.0
2026-06-23 00:00:00+09:00,2195.0,2225.0,2070.0,2070.0,37414,0.0,0.0
2026-06-24 00:00:00+09:00,2055.0,2110.0,1998.0,2025.0,17170,0.0,0.0
2026-06-25 00:00:00+09:00,2025.0,2080.0,1980.0,1995.0,16028,0.0,0.0
2026-06-26 00:00:00+09:00,1982.0,1992.0,1888.0,1916.0,24446,0.0,0.0
2026-06-29 00:00:00+09:00,1916.0,2070.0,1916.0,2070.0,25117,0.0,0.0
2026-06-30 00:00:00+09:00,2070.0,2095.0,2000.0,2030.0,8966,0.0,0.0
2026-07-01 00:00:00+09:00,2030.0,2100.0,1984.0,2100.0,10952,0.0,0.0
2026-07-02 00:00:00+09:00,2085.0,2085.0,1995.0,2025.0,19020,0.0,0.0
2026-07-03 00:00:00+09:00,2025.0,2045.0,1925.0,2040.0,10500,0.0,0.0
