Date,Open,High,Low,Close,Volume,Dividends,Stock Splits
2001-01-01 00:00:00+09:00,1918.462646484375,1918.462646484375,1918.462646484375,1918.462646484375,0,0.0,0.0
2001-01-02 00:00:00+09:00,1918.462646484375,1918.462646484375,1918.462646484375,1918.462646484375,0,0.0,0.0
2001-01-03 00:00:00+09:00,1918.462646484375,1918.462646484375,1918.462646484375,1918.462646484375,0,0.0,0.0
2001-01-04 00:00:00+09:00,1945.1699429346254,1954.0722353999167,1869.4996745439585,1900.657958984375,208800,0.0,0.0
2001-01-05 00:00:00+09:00,1865.0488992154076,1869.5000463332574,1807.1833346534906,1829.4393310546875,297900,0.0,0.0
2001-01-08 00:00:00+09:00,1829.4393310546875,1829.4393310546875,1829.4393310546875,1829.4393310546875,0,0.0,0.0
2001-01-09 00:00:00+09:00,1780.4762058693057,1807.183349609375,1766.2324828119188,1807.183349609375,227700,0.0,0.0
2001-01-10 00:00:00+09:00,1762.6712771407267,1762.6712771407267,1695.903425733881,1740.415283203125,300600,0.0,0.0
2001-01-11 00:00:00+09:00,1713.708090935283,1716.3788049109776,1675.4279442209665,1682.5498046875,375300,0.0,0.0
2001-01-12 00:00:00+09:00,1709.2569740856613,1709.2569740856613,1655.8426936454846,1664.7451171875,245700,0.0,0.0
2001-01-15 00:00:00+09:00,1673.6481700729944,1709.25775,1660.2945939011192,1669.197021484375,307800,0.0,0.0
2001-01-16 00:00:00+09:00,1664.7449120158267,1690.5617675781248,1587.29421492299,1690.561767578125,639000,0.0,0.0
2001-01-17 00:00:00+09:00,1722.609908244453,1722.609908244453,1673.6467924484546,1703.9149169921875,394200,0.0,0.0
2001-01-18 00:00:00+09:00,1757.3299446128344,1842.7927990620908,1753.7689488754597,1784.9273681640625,525600,0.0,0.0
2001-01-19 00:00:00+09:00,1873.9510377849008,1887.3046084351636,1842.7927497362753,1847.243896484375,631800,0.0,0.0
2001-01-22 00:00:00+09:00,1882.8528511336376,1949.6206827341214,1882.8528511336376,1940.71826171875,558900,0.0,0.0
2001-01-23 00:00:00+09:00,1922.913620331044,1989.6814543703163,1887.30406537479,1954.0718994140625,610200,0.0,0.0
2001-01-24 00:00:00+09:00,1954.0722353999167,1954.0722353999167,1878.4020974151983,1900.657958984375,294300,0.0,0.0
2001-01-25 00:00:00+09:00,1869.499770877006,1869.499770877006,1811.6343452470837,1824.9879150390625,210600,0.0,0.0
2001-01-26 00:00:00+09:00,1789.3782153589693,1869.499627986983,1789.3782153589693,1820.5364990234375,192600,0.0,0.0
2001-01-29 00:00:00+09:00,1793.8294569834586,1922.9140054474224,1793.8294569834586,1887.304443359375,135000,0.0,0.0
2001-01-30 00:00:00+09:00,1905.109235622969,1922.9139509595002,1851.6949592074275,1900.657958984375,250200,0.0,0.0
2001-01-31 00:00:00+09:00,1931.8172015417972,1985.2315008433584,1922.9147748562023,1945.1707763671875,306000,0.0,0.0
2001-02-01 00:00:00+09:00,1945.1703691578653,1945.1703691578653,1851.6953649485442,1936.2679443359375,325800,0.0,0.0
2001-02-02 00:00:00+09:00,1958.5237924218043,1976.328510307268,1909.5606552293198,1931.816650390625,333000,0.0,0.0
2001-02-05 00:00:00+09:00,1869.500078712855,1873.951225907798,1798.2810715638811,1811.6346435546875,405900,0.0,0.0
2001-02-06 00:00:00+09:00,1780.4759558273329,1798.2808027575973,1745.756673841061,1758.2200927734375,313200,0.0,0.0
2001-02-07 00:00:00+09:00,1704.8062523980486,1770.683837890625,1682.5502531992365,1770.683837890625,431100,0.0,0.0
2001-02-08 00:00:00+09:00,1733.293510080498,1733.293510080498,1693.2327972126898,1714.5985107421875,312300,0.0,0.0
2001-02-09 00:00:00+09:00,1741.3052085762592,1816.0851868586753,1740.4149272709194,1789.3780517578125,333000,0.0,0.0
2001-02-12 00:00:00+09:00,1789.3780517578125,1789.3780517578125,1789.3780517578125,1789.3780517578125,0,0.0,0.0
2001-02-13 00:00:00+09:00,1780.4764355213174,1807.1835827061673,1753.7692883364678,1759.1107177734375,218700,0.0,0.0
2001-02-14 00:00:00+09:00,1780.476044292944,1789.3784682004064,1764.4517595030895,1765.342041015625,158400,0.0,0.0
2001-02-15 00:00:00+09:00,1765.3420872174522,1789.3785150313056,1753.7689488754597,1784.9273681640625,297900,0.0,0.0
2001-02-16 00:00:00+09:00,1789.3782689381233,1789.3782689381233,1740.4151385084801,1741.305419921875,181800,0.0,0.0
2001-02-19 00:00:00+09:00,1714.5988528161488,1731.5134228702266,1691.452702010036,1710.147705078125,242100,0.0,0.0
2001-02-20 00:00:00+09:00,1709.2573644638176,1727.0620852083198,1703.915935199868,1718.1597900390625,161100,0.0,0.0
2001-02-21 00:00:00+09:00,1701.2450871582055,1731.5132274156554,1701.2450871582055,1724.3912353515625,103500,0.0,0.0
2001-02-22 00:00:00+09:00,1713.70845037731,1728.842586351194,1700.3548776979908,1715.489013671875,113400,0.0,0.0
2001-02-23 00:00:00+09:00,1727.061820286079,1780.4761047321017,1718.159526482387,1762.67138671875,176400,0.0,0.0
2001-02-26 00:00:00+09:00,1735.9639922534031,1780.4758460220203,1735.9639922534031,1741.305419921875,108000,0.0,0.0
2001-02-27 00:00:00+09:00,1741.3058821872517,1766.232594726078,1709.257307668468,1731.5133056640625,90000,0.0,0.0
2001-02-28 00:00:00+09:00,1704.8055740054642,1705.6957249431257,1656.7327287579508,1659.4034423828125,139500,0.0,0.0
2001-03-01 00:00:00+09:00,1621.123252701807,1646.940108919239,1595.306396484375,1595.306396484375,208800,0.0,0.0
2001-03-02 00:00:00+09:00,1622.0134293503422,1622.0134293503422,1584.6234391159671,1589.0745849609375,293400,0.0,0.0
2001-03-05 00:00:00+09:00,1562.3674490792412,1602.4281529017858,1562.3674490792412,1589.0745849609375,272700,0.0,0.0
2001-03-06 00:00:00+09:00,1615.7819447410068,1673.6473703677632,1614.891663286272,1661.18408203125,207900,0.0,0.0
2001-03-07 00:00:00+09:00,1741.305304499761,1743.9760181569693,1634.476758211432,1691.4520263671875,206100,0.0,0.0
2001-03-08 00:00:00+09:00,1691.4522881681555,1735.0738643836253,1683.440145956421,1728.84228515625,159300,0.0,0.0
2001-03-09 00:00:00+09:00,1755.5493787744936,1793.8295258220526,1744.8665227787178,1758.2200927734375,407700,0.0,0.0
2001-03-12 00:00:00+09:00,1759.1103537082295,1759.1103537082295,1665.6353579068261,1677.20849609375,198000,0.0,0.0
2001-03-13 00:00:00+09:00,1646.0501286722706,1646.0501286722706,1611.3308461828487,1637.147705078125,323100,0.0,0.0
2001-03-14 00:00:00+09:00,1637.147705078125,1637.147705078125,1637.147705078125,1637.147705078125,0,0.0,0.0
2001-03-15 00:00:00+09:00,1602.4283638361924,1691.4522052957434,1584.6236477066639,1683.4400634765625,109800,0.0,0.0
2001-03-16 00:00:00+09:00,1727.0614548593371,1730.6224498709282,1678.988609029589,1691.4520263671875,126900,0.0,0.0
2001-03-19 00:00:00+09:00,1691.4520697324772,1718.1592069892745,1662.07421875,1662.07421875,117900,0.0,0.0
2001-03-20 00:00:00+09:00,1662.07421875,1662.07421875,1662.07421875,1662.07421875,0,0.0,0.0
2001-03-21 00:00:00+09:00,1688.7811779603703,1807.1827203785922,1670.0861838516057,1780.4755859375,266400,0.0,0.0
2001-03-22 00:00:00+09:00,1780.475976165811,1802.7319698798947,1735.9641191436021,1751.9884033203125,177300,0.0,0.0
2001-03-23 00:00:00+09:00,1735.9645163725522,1776.0252359811498,1728.84265413302,1739.5255126953125,238500,0.0,0.0
2001-03-26 00:00:00+09:00,1755.5497123400344,1851.6954345703123,1755.5497123400344,1851.6954345703125,466200,0.0,0.0
2001-03-27 00:00:00+09:00,1857.962888992455,1875.8710528941222,1835.577880859375,1835.577880859375,169200,20.0,0.0
2001-03-28 00:00:00+09:00,1862.4403489445501,1871.3943014317138,1817.6700618579546,1826.6241455078125,192600,0.0,0.0
2001-03-29 00:00:00+09:00,1835.5781463961428,1871.394217055331,1781.8539092446722,1790.807861328125,180000,0.0,0.0
2001-03-30 00:00:00+09:00,1781.8534760583284,1822.1466441262605,1719.1751708984373,1719.1751708984375,203400,0.0,0.0
2001-04-02 00:00:00+09:00,1729.025484311443,1759.4692711463342,1720.0715296609126,1746.0382080078125,140400,0.0,0.0
2001-04-03 00:00:00+09:00,1739.7695915149316,1788.1213981555566,1710.2212652345497,1740.6650390625,176400,0.0,0.0
2001-04-04 00:00:00+09:00,1710.2207867598015,1744.246210095937,1701.266838439878,1718.2794189453125,170100,0.0,0.0
2001-04-05 00:00:00+09:00,1719.1754353945807,1752.3054224017226,1703.95361328125,1703.95361328125,271800,0.0,0.0
2001-04-06 00:00:00+09:00,1784.539549975712,1790.8072881956557,1732.6060936292504,1737.978515625,210600,0.0,0.0
2001-04-09 00:00:00+09:00,1719.175300569254,1737.0833328959616,1719.175300569254,1720.966064453125,374400,0.0,0.0
2001-04-10 00:00:00+09:00,1667.2417986147805,1675.3004326539967,1611.7268078432883,1635.9027099609375,564300,0.0,0.0
2001-04-11 00:00:00+09:00,1643.0661133519213,1692.3133715899837,1614.4132322628259,1649.333984375,416700,0.0,0.0
2001-04-12 00:00:00+09:00,1622.471499435518,1660.078454720447,1621.576052017374,1647.5428466796875,648900,0.0,0.0
2001-04-13 00:00:00+09:00,1656.4967962105225,1683.358907128329,1629.6346852927159,1647.5428466796875,362700,0.0,0.0
2001-04-16 00:00:00+09:00,1636.798422062984,1659.1834327932688,1636.798422062984,1643.066162109375,120600,0.0,0.0
2001-04-17 00:00:00+09:00,1629.6348586866648,1629.6348586866648,1607.2498513151509,1620.680908203125,349200,0.0,0.0
2001-04-18 00:00:00+09:00,1622.471384352629,1691.4174204303977,1622.471384352629,1671.7186279296875,428400,0.0,0.0
2001-04-19 00:00:00+09:00,1745.1415262303494,1745.1415262303494,1683.3586794747646,1718.2794189453125,449100,0.0,0.0
2001-04-20 00:00:00+09:00,1727.2338916570543,1727.2338916570543,1620.680885555656,1706.6396484375,423000,0.0,0.0
2001-04-23 00:00:00+09:00,1719.17505898435,1719.17505898435,1653.810546875,1653.810546875,257400,0.0,0.0
2001-04-24 00:00:00+09:00,1654.7067989608615,1665.4516483047632,1629.6354401041872,1660.0792236328125,207000,0.0,0.0
2001-04-25 00:00:00+09:00,1633.2165184931137,1656.4969733910966,1633.2165184931137,1644.8568115234375,262800,0.0,0.0
2001-04-26 00:00:00+09:00,1633.2165184931137,1656.4969733910966,1633.2165184931137,1644.8568115234375,262800,0.0,0.0
2001-04-27 00:00:00+09:00,1700.37164241438,1701.26708984375,1656.4968169776955,1701.26708984375,360900,0.0,0.0
2001-04-30 00:00:00+09:00,1701.26708984375,1701.26708984375,1701.26708984375,1701.26708984375,0,0.0,0.0
2001-05-01 00:00:00+09:00,1701.267225757385,1714.698282457673,1693.208591737212,1706.6396484375,216000,0.0,0.0
2001-05-02 00:00:00+09:00,1732.6061963113293,1759.4683078820476,1719.1751405259702,1754.9913330078125,555300,0.0,0.0
2001-05-03 00:00:00+09:00,1754.9913330078125,1754.9913330078125,1754.9913330078125,1754.9913330078125,0,0.0,0.0
2001-05-04 00:00:00+09:00,1754.9913330078125,1754.9913330078125,1754.9913330078125,1754.9913330078125,0,0.0,0.0
2001-05-07 00:00:00+09:00,1768.4230054474074,1781.8540659162163,1737.9792246638738,1780.9586181640625,3840,0.0,0.0
2001-05-08 00:00:00+09:00,1780.9581975339934,1780.9581975339934,1732.606391266102,1759.468505859375,5370,0.0,0.0
2001-05-09 00:00:00+09:00,1753.2010283067852,1753.2010283067852,1697.6860227602094,1720.0711669921875,4350,0.0,0.0
2001-05-10 00:00:00+09:00,1718.2795347207139,1718.2795347207139,1692.3128729831233,1695.89453125,2760,0.0,0.0
2001-05-11 00:00:00+09:00,1702.1625080136741,1719.1752232142858,1667.241761292134,1692.3131103515625,4920,0.0,0.0
2001-05-14 00:00:00+09:00,1674.405111272753,1674.405111272753,1637.6934688739582,1656.4969482421875,4020,0.0,0.0
2001-05-15 00:00:00+09:00,1638.5890503873904,1662.7649544094995,1630.5304157133542,1661.8695068359375,653400,0.0,0.0
2001-05-16 00:00:00+09:00,1688.7313504831814,1719.17512029258,1664.555450354067,1701.26708984375,729000,0.0,0.0
2001-05-17 00:00:00+09:00,1719.175855295654,1726.3390443051496,1703.058581652257,1723.65283203125,801000,0.0,0.0
2001-05-18 00:00:00+09:00,1719.1752653301887,1719.1752653301887,1701.2672333705536,1708.430419921875,237600,0.0,0.0
2001-05-21 00:00:00+09:00,1710.2217706617528,1728.1299399295551,1710.2217706617528,1723.65283203125,361800,0.0,0.0
2001-05-22 00:00:00+09:00,1722.7573462648204,1728.1297702852276,1673.5100823568555,1679.7779541015625,295200,0.0,0.0
2001-05-23 00:00:00+09:00,1656.4972598360816,1671.7192143916402,1645.752412461658,1659.1834716796875,388800,0.0,0.0
2001-05-24 00:00:00+09:00,1656.4969724626135,1656.4969724626135,1612.6222740703406,1620.680908203125,476100,0.0,0.0
2001-05-25 00:00:00+09:00,1647.5429606466744,1647.5429606466744,1615.3084253155178,1619.785400390625,245700,0.0,0.0
2001-05-28 00:00:00+09:00,1617.9954121019841,1620.6816246670883,1606.3551139322917,1611.7275390625,170100,0.0,0.0
2001-05-29 00:00:00+09:00,1608.145922656115,1617.100008506072,1591.1333300527415,1603.6689453125,198000,0.0,0.0
2001-05-30 00:00:00+09:00,1589.3416067480418,1589.3416067480418,1583.0738679626124,1586.6553955078125,165600,0.0,0.0
2001-05-31 00:00:00+09:00,1575.0154293181552,1575.9107457340172,1558.0027123020118,1568.74755859375,417600,0.0,0.0
2001-06-01 00:00:00+09:00,1568.7474905406139,1577.7015724495207,1526.6635547778228,1541.8853759765625,500400,0.0,0.0
2001-06-04 00:00:00+09:00,1540.09466632124,1540.09466632124,1526.6636085660045,1539.19921875,327600,0.0,0.0
2001-06-05 00:00:00+09:00,1540.0940783842107,1548.1527099609373,1532.9307628742602,1548.1527099609375,294300,0.0,0.0
2001-06-06 00:00:00+09:00,1540.09388888739,1549.0478354291781,1531.1398111829947,1543.6754150390625,192600,0.0,0.0
2001-06-07 00:00:00+09:00,1540.9900844653444,1549.0487196505135,1531.1406851821428,1532.0361328125,242100,0.0,0.0
2001-06-08 00:00:00+09:00,1532.036204197064,1584.864993596036,1531.1407565249838,1560.6890869140625,430200,0.0,0.0
2001-06-11 00:00:00+09:00,1560.6882283168557,1575.9100433919598,1507.8594679811042,1517.7088623046875,246600,0.0,0.0
2001-06-12 00:00:00+09:00,1517.7094226515858,1517.7094226515858,1468.4621705260738,1475.62548828125,304200,0.0,0.0
2001-06-13 00:00:00+09:00,1502.4877258925278,1528.4543941996321,1488.1612203630864,1522.1865234375,427500,0.0,0.0
2001-06-14 00:00:00+09:00,1529.3499935699185,1529.3499935699185,1504.2786391957598,1508.755615234375,183600,0.0,0.0
2001-06-15 00:00:00+09:00,1521.2910213538714,1521.2910213538714,1486.3702749573522,1498.9058837890625,403200,0.0,0.0
2001-06-18 00:00:00+09:00,1506.964804819468,1545.4672172909493,1488.1613224063908,1490.8475341796875,202500,0.0,0.0
2001-06-19 00:00:00+09:00,1490.8467585470823,1543.6755188828338,1490.8467585470823,1517.7088623046875,360000,0.0,0.0
2001-06-20 00:00:00+09:00,1562.4796751381837,1562.4796751381837,1522.186501872477,1539.19921875,222300,0.0,0.0
2001-06-21 00:00:00+09:00,1541.8856820924675,1553.5259777687677,1532.9315984058755,1540.990234375,163800,0.0,0.0
2001-06-22 00:00:00+09:00,1540.989394450987,1552.629683782689,1526.6630257563327,1548.1527099609375,145800,0.0,0.0
2001-06-25 00:00:00+09:00,1558.0019131335735,1562.4788864044676,1540.09388888739,1543.6754150390625,65700,0.0,0.0
2001-06-26 00:00:00+09:00,1544.5717690913434,1571.433886814671,1534.722369647018,1565.166015625,119700,0.0,0.0
2001-06-27 00:00:00+09:00,1575.0155864754993,1581.2833266626342,1554.421208252948,1558.8983154296875,136800,0.0,0.0
2001-06-28 00:00:00+09:00,1584.8647255218305,1584.8647255218305,1547.2577659331769,1551.7347412109375,75600,0.0,0.0
2001-06-29 00:00:00+09:00,1578.5968681322788,1593.8188202941385,1576.8061042390407,1583.073974609375,240300,0.0,0.0
2001-07-02 00:00:00+09:00,1600.087374618259,1606.3552481815734,1553.5264403736592,1558.00341796875,177300,0.0,0.0
2001-07-03 00:00:00+09:00,1558.0021048338401,1577.701025742269,1540.989394450987,1548.1527099609375,156600,0.0,0.0
2001-07-04 00:00:00+09:00,1569.643328623332,1569.643328623332,1538.3040997259777,1550.83984375,88200,0.0,0.0
2001-07-05 00:00:00+09:00,1550.8391750365445,1552.6299386266508,1523.9770653717235,1529.3494873046875,75600,0.0,0.0
2001-07-06 00:00:00+09:00,1522.1869624053954,1522.1869624053954,1499.801946815935,1502.4881591796875,218700,0.0,0.0
2001-07-09 00:00:00+09:00,1455.031222432026,1472.0439394187053,1450.5542468724468,1468.4622802734375,300600,0.0,0.0
2001-07-10 00:00:00+09:00,1490.8474739763546,1506.0692963561212,1468.4623330486095,1489.9520263671875,138600,0.0,0.0
2001-07-11 00:00:00+09:00,1468.461783893783,1477.4158631488951,1456.8216251410297,1466.6710205078125,117900,0.0,0.0
2001-07-12 00:00:00+09:00,1467.5673709157672,1477.4167723438225,1459.5087339757101,1462.1949462890625,171000,0.0,0.0
2001-07-13 00:00:00+09:00,1469.357557953381,1486.3702729729355,1468.4621104799332,1474.72998046875,141300,0.0,0.0
2001-07-16 00:00:00+09:00,1456.8216251410297,1468.461783893783,1450.553756546188,1466.6710205078125,167400,0.0,0.0
2001-07-17 00:00:00+09:00,1459.5081926004625,1465.7759315649193,1459.5081926004625,1464.880615234375,99000,0.0,0.0
2001-07-18 00:00:00+09:00,1462.1944039174189,1472.043801692038,1460.4035089310066,1464.880615234375,171000,0.0,0.0
2001-07-19 00:00:00+09:00,1458.6128815772938,1468.4622802734375,1458.6128815772938,1468.4622802734375,136800,0.0,0.0
2001-07-20 00:00:00+09:00,1468.4622802734375,1468.4622802734375,1468.4622802734375,1468.4622802734375,0,0.0,0.0
2001-07-23 00:00:00+09:00,1441.6003511500269,1441.6003511500269,1398.62096049549,1421.006103515625,160200,0.0,0.0
2001-07-24 00:00:00+09:00,1421.0060489294665,1424.5877084006568,1414.7381776455552,1423.6922607421875,130500,0.0,0.0
2001-07-25 00:00:00+09:00,1415.633679683808,1432.646398872126,1407.5750439360822,1421.006103515625,234000,0.0,0.0
2001-07-26 00:00:00+09:00,1423.6925950094917,1437.1236572265625,1417.4247222539532,1437.1236572265625,58500,0.0,0.0
2001-07-27 00:00:00+09:00,1437.1227425099323,1453.2400069119128,1414.7376093418593,1415.633056640625,124200,0.0,0.0
2001-07-30 00:00:00+09:00,1403.9931022916994,1412.9471839335863,1399.5161270520882,1404.8885498046875,75600,0.0,0.0
2001-07-31 00:00:00+09:00,1387.8761815061096,1388.7716292432842,1361.0140610178448,1373.5498046875,312300,0.0,0.0
2001-08-01 00:00:00+09:00,1400.4115798419666,1400.4115798419666,1369.9678070749678,1384.2943115234375,325800,0.0,0.0
2001-08-02 00:00:00+09:00,1396.8298520688659,1455.0310521841823,1396.8298520688659,1450.5540771484375,468900,0.0,0.0
2001-08-03 00:00:00+09:00,1422.7967114500852,1422.7967114500852,1401.3070184833743,1408.4703369140625,179100,0.0,0.0
2001-08-06 00:00:00+09:00,1426.378520049459,1426.378520049459,1414.7382247525152,1419.21533203125,63000,0.0,0.0
2001-08-07 00:00:00+09:00,1401.30681752662,1441.5999860608936,1398.6206062910019,1424.58740234375,375300,0.0,0.0
2001-08-08 00:00:00+09:00,1424.5872510277457,1432.645883878633,1407.574537954991,1413.8424072265625,178200,0.0,0.0
2001-08-09 00:00:00+09:00,1365.4911685410207,1379.81754535963,1364.595720803846,1373.5498046875,302400,0.0,0.0
2001-08-10 00:00:00+09:00,1369.967800027073,1369.967800027073,1334.15160467149,1356.5367431640625,1069200,0.0,0.0
2001-08-13 00:00:00+09:00,1343.1060655828023,1343.1060655828023,1310.871520008815,1311.7669677734375,178200,0.0,0.0
2001-08-14 00:00:00+09:00,1374.4448580455328,1378.0265171456194,1335.0471325952687,1340.4195556640625,246600,0.0,0.0
2001-08-15 00:00:00+09:00,1326.0927557582854,1351.1641015624998,1326.0927557582854,1343.10546875,74700,0.0,0.0
2001-08-16 00:00:00+09:00,1329.6741713180008,1330.569618521243,1314.4523558386006,1320.7200927734375,103500,0.0,0.0
2001-08-17 00:00:00+09:00,1329.6748793937081,1347.5829148565654,1316.243820005893,1334.15185546875,195300,0.0,0.0
2001-08-20 00:00:00+09:00,1307.2889831751975,1309.0798775030992,1275.9499063882863,1280.4268798828125,259200,0.0,0.0
2001-08-21 00:00:00+09:00,1262.5193350507052,1273.264180455392,1244.611303097115,1256.25146484375,233100,0.0,0.0
2001-08-22 00:00:00+09:00,1256.251660068999,1279.532249505469,1255.356343587916,1262.51953125,141300,0.0,0.0
2001-08-23 00:00:00+09:00,1262.5192366119873,1272.368633744104,1234.7616777599173,1244.6112060546875,203400,0.0,0.0
2001-08-24 00:00:00+09:00,1234.761881827335,1240.1343049986833,1208.7952135533765,1226.7032470703125,245700,0.0,0.0
2001-08-27 00:00:00+09:00,1217.7490773144527,1226.7030268844023,1211.4812076853666,1215.0628662109375,239400,0.0,0.0
2001-08-28 00:00:00+09:00,1204.3181418170282,1204.3181418170282,1177.4560281048466,1190.8870849609375,462600,0.0,0.0
2001-08-29 00:00:00+09:00,1177.4561444549308,1186.4100958019976,1157.7572153985639,1163.129638671875,127800,0.0,0.0
2001-08-30 00:00:00+09:00,1155.0711899909422,1164.0252739443297,1112.091796875,1112.091796875,358200,0.0,0.0
2001-08-31 00:00:00+09:00,1104.033005806884,1141.639969508335,1101.3467941139231,1121.9410400390625,254700,0.0,0.0
2001-09-03 00:00:00+09:00,1092.3928327340589,1097.765256394093,1062.844502603871,1070.0076904296875,325800,0.0,0.0
2001-09-04 00:00:00+09:00,1052.0995143825967,1064.6351241896302,1030.609822620442,1038.66845703125,286200,0.0,0.0
2001-09-05 00:00:00+09:00,1040.458950403146,1040.458950403146,1015.3876717271132,1028.8187255859375,270000,0.0,0.0
2001-09-06 00:00:00+09:00,1010.9106593652684,1021.6555027441068,1010.015277610805,1016.2830810546875,260100,0.0,0.0
2001-09-07 00:00:00+09:00,1012.7015098828657,1025.2371826171875,1004.6428771782275,1025.2371826171875,293400,0.0,0.0
2001-09-10 00:00:00+09:00,1026.1329634529059,1049.4134888471904,1025.237581331284,1037.773193359375,248400,0.0,0.0
2001-09-11 00:00:00+09:00,1019.8648218475242,1074.4844249205437,1019.8648218475242,1070.90283203125,351000,0.0,0.0
2001-09-12 00:00:00+09:00,1008.2245554719026,1038.6683253289323,1002.8521332125829,1010.9107666015625,211500,0.0,0.0
2001-09-13 00:00:00+09:00,998.3752791664006,1035.0867919921875,995.6890677117657,1035.0867919921875,321300,0.0,0.0
2001-09-14 00:00:00+09:00,1070.9031120844022,1070.9031120844022,1039.5639529682371,1059.2628173828125,363600,0.0,0.0
2001-09-17 00:00:00+09:00,1054.7859329118817,1054.7859329118817,1010.0157110916941,1020.7605590820312,108900,0.0,0.0
2001-09-18 00:00:00+09:00,1056.5766400336029,1060.1582995575295,1039.563986829655,1049.4134521484375,227700,0.0,0.0
2001-09-19 00:00:00+09:00,1070.0076904296875,1095.974426646967,1064.6352667696533,1070.0076904296875,218700,0.0,0.0
2001-09-20 00:00:00+09:00,1034.1917140852202,1066.4262610177466,1030.6101196198351,1061.94921875,90900,0.0,0.0
2001-09-21 00:00:00+09:00,1038.668588525698,1038.668588525698,1012.7018524986191,1017.1788940429688,178200,0.0,0.0
2001-09-24 00:00:00+09:00,1017.1788940429688,1017.1788940429688,1017.1788940429688,1017.1788940429688,0,0.0,0.0
2001-09-25 00:00:00+09:00,1057.8659311109302,1075.949131494711,994.5748291015626,994.5748291015625,198000,18.333332,0.0
2001-09-26 00:00:00+09:00,999.9996517582406,1021.699462890625,999.9996517582406,1021.699462890625,262800,0.0,0.0
2001-09-27 00:00:00+09:00,1052.4407376510555,1052.4407376510555,1021.6993636082876,1029.8367919921875,239400,0.0,0.0
2001-09-28 00:00:00+09:00,1029.8367919921875,1029.8367919921875,1029.8367919921875,1029.8367919921875,0,0.0,0.0
2001-10-01 00:00:00+09:00,1080.469915512131,1094.032299665934,1047.920193543003,1086.799072265625,125100,0.0,0.0
2001-10-02 00:00:00+09:00,1076.8531013257575,1107.5944776101546,1062.3865829959059,1074.140625,204300,0.0,0.0
2001-10-03 00:00:00+09:00,1103.0736106562342,1107.5943599036893,1089.51123046875,1089.51123046875,124200,0.0,0.0
2001-10-04 00:00:00+09:00,1095.8404912802225,1143.7608646548226,1095.8404912802225,1121.156982421875,121500,0.0,0.0
2001-10-05 00:00:00+09:00,1130.19873046875,1134.719613863998,1094.9365949232797,1130.19873046875,145800,0.0,0.0
2001-10-08 00:00:00+09:00,1130.19873046875,1130.19873046875,1130.19873046875,1130.19873046875,0,0.0,0.0
2001-10-09 00:00:00+09:00,1129.2942428403142,1135.6232653448835,1122.965087890625,1122.965087890625,132300,0.0,0.0
2001-10-10 00:00:00+09:00,1086.798961869799,1131.1027235310366,1065.0991494279567,1093.1280517578125,176400,0.0,0.0
2001-10-11 00:00:00+09:00,1085.8950769000762,1112.1157133541685,1075.9493707664415,1110.307373046875,146700,0.0,0.0
2001-10-12 00:00:00+09:00,1164.5566283002106,1164.5566283002106,1112.1153715114524,1129.29443359375,226800,0.0,0.0
2001-10-15 00:00:00+09:00,1129.2942408394629,1154.610595703125,1111.21097885671,1154.610595703125,110700,0.0,0.0
2001-10-16 00:00:00+09:00,1139.2404124336128,1141.9528896060738,1119.3488690205074,1132.9112548828125,81000,0.0,0.0
2001-10-17 00:00:00+09:00,1132.910980651497,1133.815183638505,1113.0195744984603,1129.29443359375,223200,0.0,0.0
2001-10-18 00:00:00+09:00,1129.2945709801968,1129.2945709801968,1106.690553116202,1111.2113037109375,201600,0.0,0.0
2001-10-19 00:00:00+09:00,1111.211510089226,1120.2531454031014,1108.4990989621733,1110.307373046875,103500,0.0,0.0
2001-10-22 00:00:00+09:00,1128.3903178746928,1128.3903178746928,1090.4156437154484,1103.97802734375,80100,0.0,0.0
2001-10-23 00:00:00+09:00,1114.8279653629977,1157.3233911027396,1114.8279653629977,1151.8984375,150300,0.0,0.0
2001-10-24 00:00:00+09:00,1174.5020017843642,1201.6267593313473,1174.5020017843642,1177.2144775390625,269100,0.0,0.0
2001-10-25 00:00:00+09:00,1195.298274534133,1220.6147732385857,1186.2567719180408,1210.6690673828125,313200,0.0,0.0
2001-10-26 00:00:00+09:00,1234.1768965287642,1238.69764687316,1187.1605896554752,1193.48974609375,137700,0.0,0.0
2001-10-29 00:00:00+09:00,1188.9691604149782,1192.5857082133061,1161.844389701672,1165.4609375,117000,0.0,0.0
2001-10-30 00:00:00+09:00,1157.32365439882,1157.32365439882,1115.7324222790703,1120.253173828125,187200,0.0,0.0
2001-10-31 00:00:00+09:00,1138.3357393857193,1157.323071756026,1120.2526098480864,1154.610595703125,243000,0.0,0.0
2001-11-01 00:00:00+09:00,1136.5278359480196,1138.3361097565898,1103.073975818493,1107.5947265625,299700,0.0,0.0
2001-11-02 00:00:00+09:00,1122.0606757598412,1130.1981024150982,1105.785888671875,1105.785888671875,138600,0.0,0.0
2001-11-05 00:00:00+09:00,1103.073975818493,1107.5947265625,1088.6073880144424,1107.5947265625,141300,0.0,0.0
2001-11-06 00:00:00+09:00,1089.5115429336415,1102.169723923872,1086.799066118224,1100.3614501953125,223200,0.0,0.0
2001-11-07 00:00:00+09:00,1100.3614314755994,1100.3614314755994,1044.3035561697823,1063.2908935546875,215100,0.0,0.0
2001-11-08 00:00:00+09:00,1044.3035716681088,1060.5784325252741,1044.3035716681088,1051.536865234375,193500,0.0,0.0
2001-11-09 00:00:00+09:00,1051.536865234375,1051.536865234375,1051.536865234375,1051.536865234375,0,0.0,0.0
2001-11-12 00:00:00+09:00,1035.2617724736892,1038.8783853353948,1013.5619628583285,1028.9326171875,108900,0.0,0.0
2001-11-13 00:00:00+09:00,1003.6163977131735,1010.8496911222354,964.737586362441,999.0955810546875,373500,0.0,0.0
2001-11-14 00:00:00+09:00,999.0949341532038,1008.1365616158347,931.2830592961416,959.31201171875,489600,0.0,0.0
2001-11-15 00:00:00+09:00,969.2582362295352,1057.8658229620883,969.2582362295352,1049.7283935546875,372600,0.0,0.0
2001-11-16 00:00:00+09:00,1044.3033447265625,1071.4281069272524,1023.5076716318455,1044.3033447265625,234000,0.0,0.0
2001-11-19 00:00:00+09:00,990.0539325145966,1026.2202641395695,985.5331162280106,1019.8911743164062,311400,0.0,0.0
2001-11-20 00:00:00+09:00,1019.8911805717365,1019.8911805717365,988.2455988166853,997.2872314453125,297000,0.0,0.0
2001-11-21 00:00:00+09:00,981.0121975268133,1041.5908074851852,974.6830425690681,1035.26171875,186300,0.0,0.0
2001-11-22 00:00:00+09:00,1003.6164036432142,1021.6996041614285,976.4916359771814,985.533203125,155700,0.0,0.0
2001-11-23 00:00:00+09:00,985.5332031249999,985.5332031249999,985.5332031249999,985.533203125,0,0.0,0.0
2001-11-26 00:00:00+09:00,995.4787817378187,1034.3575858350441,995.4787817378187,1012.6577758789062,251100,0.0,0.0
2001-11-27 00:00:00+09:00,1030.7409636262175,1065.0990178212794,1021.6993983001755,1044.3033447265625,359100,0.0,0.0
2001-11-28 00:00:00+09:00,1021.6992854160806,1027.124237256834,985.5328956626867,990.0537109375,317700,0.0,0.0
2001-11-29 00:00:00+09:00,985.5330429510636,994.5746748519666,981.0122932231787,984.62890625,148500,0.0,0.0
2001-11-30 00:00:00+09:00,990.9581033989836,996.383056640625,971.9707670532384,996.383056640625,283500,0.0,0.0
2001-12-03 00:00:00+09:00,1005.4245870842141,1005.4245870842141,962.9291022802848,966.5457153320312,207000,0.0,0.0
2001-12-04 00:00:00+09:00,972.8749371316658,972.8749371316658,949.3667851397296,952.9833984375,267300,0.0,0.0
2001-12-05 00:00:00+09:00,959.3126087667703,982.8206958662728,950.2709756768922,962.0250854492188,203400,0.0,0.0
2001-12-06 00:00:00+09:00,994.5747378262902,1003.616304077119,967.4499728512328,975.58740234375,142200,0.0,0.0
2001-12-07 00:00:00+09:00,968.3542100945208,968.3542100945208,943.9419190837345,947.5585327148438,309600,0.0,0.0
2001-12-10 00:00:00+09:00,965.6416453640697,966.5457821338531,908.6796381937173,915.0087280273438,306900,0.0,0.0
2001-12-11 00:00:00+09:00,902.350333011287,902.350333011287,886.0754777038043,886.9796142578125,263700,0.0,0.0
2001-12-12 00:00:00+09:00,904.1587243512919,924.0502609210288,900.5421114397781,905.0629272460938,235800,0.0,0.0
2001-12-13 00:00:00+09:00,905.0630191977407,905.0630191977407,878.8423908132776,886.07568359375,171000,0.0,0.0
2001-12-14 00:00:00+09:00,849.9090712878672,858.9507015358331,820.0718371591994,833.6342163085938,828900,0.0,0.0
2001-12-17 00:00:00+09:00,841.7720159072227,863.4718321387522,841.7720159072227,849.0053100585938,181800,0.0,0.0
2001-12-18 00:00:00+09:00,867.0885123257297,870.7051262901233,845.3886960942001,849.0053100585938,182700,0.0,0.0
2001-12-19 00:00:00+09:00,839.96361157358,849.0051781915245,839.96361157358,847.1968383789062,138600,0.0,0.0
2001-12-20 00:00:00+09:00,837.251156590351,876.1299668964992,835.4428167310272,875.225830078125,226800,0.0,0.0
2001-12-21 00:00:00+09:00,866.1842567176849,869.8009366856617,841.7719649354503,850.8135986328125,146700,0.0,0.0
2001-12-24 00:00:00+09:00,850.8135986328125,850.8135986328125,850.8135986328125,850.8135986328125,0,0.0,0.0
2001-12-25 00:00:00+09:00,877.9380812714843,877.9380812714843,845.3883694989789,849.9091186523438,144000,0.0,0.0
2001-12-26 00:00:00+09:00,858.0466767669625,867.9924456138101,844.4842948042467,856.2384033203125,93600,0.0,0.0
2001-12-27 00:00:00+09:00,865.2800161361695,871.6091059877398,857.142586517334,867.9924926757812,70200,0.0,0.0
2001-12-28 00:00:00+09:00,878.8423239449475,891.5005687920058,870.7048950195312,870.7048950195312,125100,0.0,0.0
2001-12-31 00:00:00+09:00,870.7048950195312,870.7048950195312,870.7048950195312,870.7048950195312,0,0.0,0.0
2002-01-01 00:00:00+09:00,870.7048950195312,870.7048950195312,870.7048950195312,870.7048950195312,0,0.0,0.0
2002-01-02 00:00:00+09:00,870.7048950195312,870.7048950195312,870.7048950195312,870.7048950195312,0,0.0,0.0
2002-01-03 00:00:00+09:00,870.7048950195312,870.7048950195312,870.7048950195312,870.7048950195312,0,0.0,0.0
2002-01-04 00:00:00+09:00,886.0755991446679,901.4462537822077,884.2672595662541,896.0213012695312,67500,0.0,0.0
2002-01-07 00:00:00+09:00,894.2130799495591,894.2130799495591,870.7049289524579,885.1714477539062,227700,0.0,0.0
2002-01-08 00:00:00+09:00,876.1299821058446,945.750240116208,875.2258452717747,930.3795166015625,663300,0.0,0.0
2002-01-09 00:00:00+09:00,894.2131594828293,926.7628793480577,891.5006828273936,897.8297729492188,405900,0.0,0.0
2002-01-10 00:00:00+09:00,904.1589159706613,926.7629335701682,893.309008714123,920.4337768554688,483300,0.0,0.0
2002-01-11 00:00:00+09:00,923.1459745761155,925.8584505701907,892.4046020507812,892.4046020507812,220500,0.0,0.0
2002-01-14 00:00:00+09:00,892.4046020507812,892.4046020507812,892.4046020507812,892.4046020507812,0,0.0,0.0
2002-01-15 00:00:00+09:00,886.075483104476,887.883756223514,855.3340454101564,855.3340454101562,175500,0.0,0.0
2002-01-16 00:00:00+09:00,841.7718769907347,849.909306734649,830.9219706655155,836.346923828125,461700,0.0,0.0
2002-01-17 00:00:00+09:00,845.3884687652163,849.9092184494114,836.3468369516944,841.7717895507812,115200,0.0,0.0
2002-01-18 00:00:00+09:00,846.2927095928668,861.6634325891508,831.8261896227357,858.0467529296875,277200,0.0,0.0
2002-01-21 00:00:00+09:00,857.1426126732016,868.8966559626724,829.1137096494296,862.5675659179688,315000,0.0,0.0
2002-01-22 00:00:00+09:00,850.8135986328125,853.5260754975053,837.2512143093488,850.8135986328125,213300,0.0,0.0
2002-01-23 00:00:00+09:00,850.8135399788417,886.0757367889175,850.8135399788417,875.225830078125,217800,0.0,0.0
2002-01-24 00:00:00+09:00,877.9382669614469,890.5964467352297,847.1968218592376,854.4301147460938,405900,0.0,0.0
2002-01-25 00:00:00+09:00,879.7463544438069,879.7463544438069,839.0592147281752,849.9091186523438,211500,0.0,0.0
2002-01-28 00:00:00+09:00,877.0338228200318,877.0338228200318,857.1423556285744,869.8005981445312,150300,0.0,0.0
2002-01-29 00:00:00+09:00,877.0339843317773,877.0339843317773,862.567466094115,870.7048950195312,144900,0.0,0.0
2002-01-30 00:00:00+09:00,872.5133089826583,872.5133089826583,855.3342467500689,867.9924926757812,268200,0.0,0.0
2002-01-31 00:00:00+09:00,867.9924926757814,867.9924926757814,867.9924926757814,867.9924926757812,0,0.0,0.0
2002-02-01 00:00:00+09:00,836.3467423843642,836.3467423843642,793.8513293115993,813.7427978515625,272700,0.0,0.0
2002-02-04 00:00:00+09:00,822.7844010689192,828.2093533094232,786.6180748730798,805.6054077148438,180900,0.0,0.0
2002-02-05 00:00:00+09:00,785.7141230513921,793.8515533261847,742.3144949191646,758.58935546875,499500,0.0,0.0
2002-02-06 00:00:00+09:00,760.3975980854552,762.2059379245924,742.3144645843817,748.6435546875,313200,0.0,0.0
2002-02-07 00:00:00+09:00,748.6436862103584,753.164503491138,741.4103918056283,750.4520263671875,408600,0.0,0.0
2002-02-08 00:00:00+09:00,732.3686575876468,754.0684696643178,714.2854587828973,747.7393798828125,420300,0.0,0.0
2002-02-11 00:00:00+09:00,747.7393798828125,747.7393798828125,747.7393798828125,747.7393798828125,0,0.0,0.0
2002-02-12 00:00:00+09:00,764.0139926831677,775.7680316952765,760.3973143544035,765.822265625,157500,0.0,0.0
2002-02-13 00:00:00+09:00,775.768090060013,792.0429450962371,772.1514776817037,783.905517578125,236700,0.0,0.0
2002-02-14 00:00:00+09:00,790.2347550064222,809.2220894671692,772.1516234778985,778.480712890625,190800,0.0,0.0
2002-02-15 00:00:00+09:00,773.0556280452877,780.2889191538148,750.4516843871546,767.6306762695312,165600,0.0,0.0
2002-02-18 00:00:00+09:00,768.5350939132582,769.4392970216302,760.3976632733911,764.0143432617188,166500,0.0,0.0
2002-02-19 00:00:00+09:00,759.4937431600413,760.3978803038893,728.7523518206202,734.1773071289062,288900,0.0,0.0
2002-02-20 00:00:00+09:00,741.4103995428715,741.4103995428715,733.2729680860988,736.8896484375,135000,0.0,0.0
2002-02-21 00:00:00+09:00,742.3143813217988,758.5892393808207,737.7935653423259,749.547607421875,121500,0.0,0.0
2002-02-22 00:00:00+09:00,741.4103918056283,759.4935947061607,741.4103918056283,750.4520263671875,89100,0.0,0.0
2002-02-25 00:00:00+09:00,786.6183612611709,840.8679034171137,786.6183612611709,823.6889038085938,795600,0.0,0.0
2002-02-26 00:00:00+09:00,850.8134213643032,862.5674632548025,831.8260872674992,841.7717895507812,432900,0.0,0.0
2002-02-27 00:00:00+09:00,858.9507535313718,894.2129414543509,852.6215987301571,892.4046020507812,535500,0.0,0.0
2002-02-28 00:00:00+09:00,911.3923374820918,952.983632396166,910.4882004913253,946.654541015625,964800,0.0,0.0
2002-03-01 00:00:00+09:00,971.9704915701936,1037.0699120189333,954.7914999148501,995.4786376953125,1678500,0.0,0.0
2002-03-04 00:00:00+09:00,1103.978111512669,1156.4193763553521,1093.1282037828148,1103.073974609375,1356300,0.0,0.0
2002-03-05 00:00:00+09:00,1115.7321114726033,1115.7321114726033,1057.865898516481,1080.4698486328125,862200,0.0,0.0
2002-03-06 00:00:00+09:00,1062.3868283392621,1094.0323486328125,1062.3868283392621,1094.0323486328125,923400,0.0,0.0
2002-03-07 00:00:00+09:00,1121.1572285685922,1135.6236845869123,1103.0740261005233,1130.19873046875,793800,0.0,0.0
2002-03-08 00:00:00+09:00,1148.2819703652276,1151.898518056535,1131.1029052734375,1131.1029052734375,825300,0.0,0.0
2002-03-11 00:00:00+09:00,1130.1985041356154,1157.3232692944314,1121.1570040461052,1129.29443359375,382500,0.0,0.0
2002-03-12 00:00:00+09:00,1116.6364057955927,1116.6364057955927,1085.89501953125,1085.89501953125,454500,0.0,0.0
2002-03-13 00:00:00+09:00,1067.8115330050048,1073.2364856430954,1045.20751953125,1045.20751953125,319500,0.0,0.0
2002-03-14 00:00:00+09:00,1057.8660530416428,1133.8154106959146,1045.207804691736,1130.19873046875,1022400,0.0,0.0
2002-03-15 00:00:00+09:00,1238.6972801577283,1311.0300589248986,1229.6557821456659,1264.91796875,1462500,0.0,0.0
2002-03-18 00:00:00+09:00,1247.7393878214598,1267.6309294568562,1225.1353692560167,1238.69775390625,723600,0.0,0.0
2002-03-19 00:00:00+09:00,1238.69790237659,1282.0975384592173,1220.6147648238882,1224.2314453125,893700,0.0,0.0
2002-03-20 00:00:00+09:00,1266.726702669366,1270.3433826569228,1216.9979157323887,1221.518798828125,413100,0.0,0.0
2002-03-21 00:00:00+09:00,1221.518798828125,1221.518798828125,1221.518798828125,1221.518798828125,0,0.0,0.0
2002-03-22 00:00:00+09:00,1246.8350088041675,1250.4516883490753,1229.6560789674286,1249.5474853515625,266400,0.0,0.0
2002-03-25 00:00:00+09:00,1247.7387441229496,1256.7803733736546,1184.4476042582032,1198.9141845703125,416700,0.0,0.0
2002-03-26 00:00:00+09:00,1208.943938098066,1283.7052216233353,1204.3853704811545,1277.3231201171875,413100,18.333332,0.0
2002-03-27 00:00:00+09:00,1274.5874802502012,1274.5874802502012,1258.1764826504132,1265.47021484375,252900,0.0,0.0
2002-03-28 00:00:00+09:00,1257.264841676744,1260.9117749143545,1233.5601095149107,1253.6180419921875,271800,0.0,0.0
2002-03-29 00:00:00+09:00,1258.1765480809563,1258.1765480809563,1210.7669524761654,1222.619384765625,213300,0.0,0.0
2002-04-01 00:00:00+09:00,1210.76718213379,1218.9726829168194,1195.267947394647,1200.73828125,255600,0.0,0.0
2002-04-02 00:00:00+09:00,1210.7671799348875,1239.9423828125,1205.2968460894692,1239.9423828125,342000,0.0,0.0
2002-04-03 00:00:00+09:00,1258.1766116133026,1284.6165103831438,1239.9422124844175,1276.4110107421875,1231200,0.0,0.0
2002-04-04 00:00:00+09:00,1294.6456566172974,1340.2317252017078,1290.998723051441,1338.4083251953125,2215800,0.0,0.0
2002-04-05 00:00:00+09:00,1329.2910323276326,1329.2910323276326,1301.9393649957883,1317.4385986328125,447300,0.0,0.0
2002-04-08 00:00:00+09:00,1318.3505542162845,1318.3505542162845,1299.2043843417741,1302.851318359375,231300,0.0,0.0
2002-04-09 00:00:00+09:00,1321.0855035198717,1326.55583686778,1262.7352366244957,1273.6759033203125,363600,0.0,0.0
2002-04-10 00:00:00+09:00,1249.9713322506163,1263.6471673955905,1213.5023940129934,1215.325927734375,720000,0.0,0.0
2002-04-11 00:00:00+09:00,1270.02928290895,1270.02928290895,1239.9424452442613,1242.6776123046875,584100,0.0,0.0
2002-04-12 00:00:00+09:00,1235.3840093005415,1247.2364469545078,1221.708171066391,1236.2957763671875,370800,0.0,0.0
2002-04-15 00:00:00+09:00,1226.266747442154,1228.0901478358678,1198.9150737709765,1225.35498046875,356400,0.0,0.0
2002-04-16 00:00:00+09:00,1226.2664542554105,1244.5008544921875,1218.0609541159017,1244.5008544921875,464400,0.0,0.0
2002-04-17 00:00:00+09:00,1280.9697537652482,1292.8220534987145,1267.2939205704345,1285.5283203125,581400,0.0,0.0
2002-04-18 00:00:00+09:00,1276.4110925625723,1299.2041930995501,1268.2055923956277,1289.17529296875,572400,0.0,0.0
2002-04-19 00:00:00+09:00,1289.1748224833118,1289.1748224833118,1260.9113988164645,1282.792724609375,304200,0.0,0.0
2002-04-22 00:00:00+09:00,1280.0576236529378,1394.0228234063593,1278.234224262274,1376.7001953125,1190700,0.0,0.0
2002-04-23 00:00:00+09:00,1367.5825998255314,1431.4031656683856,1358.4653379756985,1404.051513671875,782100,0.0,0.0
2002-04-24 00:00:00+09:00,1385.8176784960235,1394.0231781717625,1358.4660129102265,1372.141845703125,342000,0.0,0.0
2002-04-25 00:00:00+09:00,1394.9350158670532,1394.9350158670532,1367.5833488892677,1385.8177490234375,290700,0.0,0.0
2002-04-26 00:00:00+09:00,1385.8177310766985,1385.8177310766985,1349.3489312806405,1358.466064453125,217800,0.0,0.0
2002-04-29 00:00:00+09:00,1358.4660644531252,1358.4660644531252,1358.4660644531252,1358.466064453125,0,0.0,0.0
2002-04-30 00:00:00+09:00,1340.2316645550961,1367.5833311786694,1340.2316645550961,1358.466064453125,199800,0.0,0.0
2002-05-01 00:00:00+09:00,1367.5834754354848,1377.6123764043205,1365.7600753192621,1373.965576171875,313200,0.0,0.0
2002-05-02 00:00:00+09:00,1382.1707763671875,1386.729342442677,1372.1417440268476,1382.1707763671875,224100,0.0,0.0
2002-05-03 00:00:00+09:00,1382.1707763671875,1382.1707763671875,1382.1707763671875,1382.1707763671875,0,0.0,0.0
2002-05-06 00:00:00+09:00,1382.1707763671875,1382.1707763671875,1382.1707763671875,1382.1707763671875,0,0.0,0.0
2002-05-07 00:00:00+09:00,1379.4359219380117,1379.4359219380117,1340.2318174539791,1351.1724853515625,320400,0.0,0.0
2002-05-08 00:00:00+09:00,1332.9378580593225,1364.8480895156174,1332.9378580593225,1339.31982421875,276300,0.0,0.0
2002-05-09 00:00:00+09:00,1367.5833930629672,1372.1419598554885,1326.555891271078,1338.4083251953125,208800,0.0,0.0
2002-05-10 00:00:00+09:00,1356.6426609302173,1358.466060849265,1340.2316609996096,1352.9957275390625,200700,0.0,0.0
2002-05-13 00:00:00+09:00,1334.7609279141102,1337.4960937499998,1319.2616993617426,1337.49609375,239400,0.0,0.0
2002-05-14 00:00:00+09:00,1312.8799998062318,1312.8799998062318,1260.9118331472353,1268.20556640625,720000,0.0,0.0
2002-05-15 00:00:00+09:00,1267.2937422339198,1298.2922040779501,1267.2937422339198,1288.2633056640625,392400,0.0,0.0
2002-05-16 00:00:00+09:00,1292.8222831992432,1303.7629516989634,1277.3230473423337,1302.851318359375,226800,0.0,0.0
2002-05-17 00:00:00+09:00,1302.8510469476655,1302.8510469476655,1277.3227812487075,1281.88134765625,243900,0.0,0.0
2002-05-20 00:00:00+09:00,1281.8812925796133,1285.5282256807877,1271.8523934926943,1272.76416015625,216000,0.0,0.0
2002-05-21 00:00:00+09:00,1258.1764637936826,1278.234393966044,1258.1764637936826,1271.852294921875,192600,0.0,0.0
2002-05-22 00:00:00+09:00,1258.1764637936826,1273.675694554621,1258.1764637936826,1271.852294921875,199800,0.0,0.0
2002-05-23 00:00:00+09:00,1271.8525048029971,1271.8525048029971,1250.8829381303838,1256.353271484375,363600,0.0,0.0
2002-05-24 00:00:00+09:00,1267.2940079770772,1275.4995084599077,1259.0885074942466,1270.0291748046875,315900,0.0,0.0
2002-05-27 00:00:00+09:00,1282.7931927656612,1310.1448599888095,1276.4110925625723,1289.17529296875,726300,0.0,0.0
2002-05-28 00:00:00+09:00,1285.5281260500672,1290.0866919084517,1262.7350296520674,1271.852294921875,297000,0.0,0.0
2002-05-29 00:00:00+09:00,1267.2937480568644,1270.9405473770128,1262.7350485771187,1265.47021484375,252000,0.0,0.0
2002-05-30 00:00:00+09:00,1266.382131784764,1267.2938984995587,1241.765632462814,1252.706298828125,180000,0.0,0.0
2002-05-31 00:00:00+09:00,1258.1767187136882,1261.8236522711265,1253.6181519316895,1254.52978515625,175500,0.0,0.0
2002-06-03 00:00:00+09:00,1255.4414258682646,1262.735158697673,1242.6773600285371,1249.059326171875,139500,0.0,0.0
2002-06-04 00:00:00+09:00,1239.9421427994005,1250.8828083724743,1238.118609501857,1245.4124755859375,219600,0.0,0.0
2002-06-05 00:00:00+09:00,1249.0594211631162,1251.7945878762857,1238.1187543104377,1244.5008544921875,223200,0.0,0.0
2002-06-06 00:00:00+09:00,1249.0591906092175,1253.617889991754,1232.648193359375,1232.648193359375,211500,0.0,0.0
2002-06-07 00:00:00+09:00,1213.502298995104,1232.6484666989122,1194.356131291296,1219.8843994140625,274500,0.0,0.0
2002-06-10 00:00:00+09:00,1249.0594468689765,1256.353313956246,1226.2664794921875,1226.2664794921875,213300,0.0,0.0
2002-06-11 00:00:00+09:00,1230.8249076574493,1248.1476730977188,1198.9146767914208,1221.7076416015625,180000,0.0,0.0
2002-06-12 00:00:00+09:00,1220.7960944290346,1220.7960944290346,1160.6224280405738,1167.00439453125,329400,0.0,0.0
2002-06-13 00:00:00+09:00,1160.622489264961,1171.5631564581795,1146.0348884896473,1146.9466552734375,322200,0.0,0.0
2002-06-14 00:00:00+09:00,1128.712137903698,1132.3590715406813,1104.095703125,1104.095703125,700200,0.0,0.0
2002-06-17 00:00:00+09:00,1094.0667949805782,1094.0667949805782,1054.8627570859535,1056.6861572265625,408600,0.0,0.0
2002-06-18 00:00:00+09:00,1093.154950440809,1104.0956169447152,1086.772850462511,1094.066650390625,211500,0.0,0.0
2002-06-19 00:00:00+09:00,1109.565972386382,1109.565972386382,1055.774338740912,1062.1563720703125,216900,0.0,0.0
2002-06-20 00:00:00+09:00,1080.3908111490014,1080.3908111490014,1045.7453451571103,1057.5977783203125,365400,0.0,0.0
2002-06-21 00:00:00+09:00,1075.8321337328396,1075.8321337328396,1042.0984358461794,1048.48046875,269100,0.0,0.0
2002-06-24 00:00:00+09:00,1021.128761602125,1048.4804254555438,1012.0115625764931,1047.5687255859375,148500,0.0,0.0
2002-06-25 00:00:00+09:00,1084.0376765061508,1084.0376765061508,1053.950843823859,1083.1259765625,282600,0.0,0.0
2002-06-26 00:00:00+09:00,1070.3619116723214,1070.3619116723214,1026.5992431640625,1026.5992431640625,233100,0.0,0.0
2002-06-27 00:00:00+09:00,1026.598869692436,1067.6263564933306,1026.598869692436,1043.921630859375,106200,0.0,0.0
2002-06-28 00:00:00+09:00,1089.5083111993645,1089.5083111993645,1069.450439453125,1069.450439453125,204300,0.0,0.0
2002-07-01 00:00:00+09:00,1072.1852441200995,1106.8307079406447,1072.1852441200995,1100.4486083984375,220500,0.0,0.0
2002-07-02 00:00:00+09:00,1092.2427803085359,1101.3600435454657,1063.979424537664,1098.6248779296875,126900,0.0,0.0
2002-07-03 00:00:00+09:00,1112.3013098745876,1123.241911500825,1099.5371744791667,1107.74267578125,184500,0.0,0.0
2002-07-04 00:00:00+09:00,1125.9771394128552,1125.9771394128552,1099.5372338625464,1105.007568359375,100800,0.0,0.0
2002-07-05 00:00:00+09:00,1105.9186508133193,1127.8000433554746,1094.0662882824286,1122.3297119140625,123300,0.0,0.0
2002-07-08 00:00:00+09:00,1144.2117014118687,1146.035101765716,1117.771728515625,1117.771728515625,155700,0.0,0.0
2002-07-09 00:00:00+09:00,1128.7124203216736,1156.0640955601077,1127.800786849127,1144.2117919921875,131400,0.0,0.0
2002-07-10 00:00:00+09:00,1138.7412555040291,1150.593556975307,1131.4473876953125,1131.4473876953125,141300,0.0,0.0
2002-07-11 00:00:00+09:00,1119.5944364663164,1125.064834474377,1096.8014119270008,1098.6248779296875,131400,0.0,0.0
2002-07-12 00:00:00+09:00,1099.536920303689,1129.6237514562774,1089.5079543273177,1091.3314208984375,116100,0.0,0.0
2002-07-15 00:00:00+09:00,1092.243176328594,1098.6252762637355,1075.8321766837075,1083.1259765625,118800,0.0,0.0
2002-07-16 00:00:00+09:00,1079.4793441427116,1115.948217893454,1079.4793441427116,1103.18408203125,265500,0.0,0.0
2002-07-17 00:00:00+09:00,1120.5066072381564,1120.5066072381564,1073.0970722217328,1085.8612060546875,439200,0.0,0.0
2002-07-18 00:00:00+09:00,1104.0956282652978,1168.8279280026368,1096.8018282623989,1167.00439453125,365400,0.0,0.0
2002-07-19 00:00:00+09:00,1119.5946987222676,1130.5354305246615,1104.095467786626,1115.0361328125,192600,0.0,0.0
2002-07-22 00:00:00+09:00,1084.9496388676432,1122.3302781693142,1084.9496388676432,1107.74267578125,296100,0.0,0.0
2002-07-23 00:00:00+09:00,1098.6253139543544,1113.212847435866,1093.154980551721,1112.3011474609375,162900,0.0,0.0
2002-07-24 00:00:00+09:00,1113.2128167724609,1113.2128167724609,1091.3314837646483,1094.066650390625,197100,0.0,0.0
2002-07-25 00:00:00+09:00,1138.740834079794,1138.740834079794,1096.8015771362911,1099.5367431640625,192600,0.0,0.0
2002-07-26 00:00:00+09:00,1102.2721502685545,1102.2721502685545,1080.390817260742,1094.066650390625,306900,0.0,0.0
2002-07-29 00:00:00+09:00,1080.3908099550188,1101.3604428712165,1076.743943403887,1083.1259765625,260100,0.0,0.0
2002-07-30 00:00:00+09:00,1095.890042576482,1139.6526388409284,1095.890042576482,1125.976806640625,190800,0.0,0.0
2002-07-31 00:00:00+09:00,1112.3009713630659,1174.298095703125,1112.3009713630659,1174.298095703125,131400,0.0,0.0
2002-08-01 00:00:00+09:00,1121.4182170386453,1136.917448691416,1109.5658516377282,1126.8885498046875,308700,0.0,0.0
2002-08-02 00:00:00+09:00,1125.977240626004,1157.8876170946266,1120.5069056374516,1145.1234130859375,189900,0.0,0.0
2002-08-05 00:00:00+09:00,1146.0350158774063,1166.0929524788733,1145.1232489922684,1157.887451171875,162000,0.0,0.0
2002-08-06 00:00:00+09:00,1125.9769975126626,1145.1231658386848,1103.1839622405291,1139.65283203125,252900,0.0,0.0
2002-08-07 00:00:00+09:00,1157.887412380918,1176.1218146012293,1152.4170783595168,1154.240478515625,278100,0.0,0.0
2002-08-08 00:00:00+09:00,1153.3286221007709,1180.6802900838175,1136.9176213109429,1146.9466552734375,129600,0.0,0.0
2002-08-09 00:00:00+09:00,1157.8875816147142,1179.7689208984375,1153.3288802285413,1179.7689208984375,375300,0.0,0.0
2002-08-12 00:00:00+09:00,1176.1215977511379,1176.1215977511379,1157.8871988928354,1164.2691650390625,90000,0.0,0.0
2002-08-13 00:00:00+09:00,1164.2692600577225,1164.2692600577225,1146.9466264721639,1159.710693359375,54900,0.0,0.0
2002-08-14 00:00:00+09:00,1157.887261386553,1167.00439453125,1150.5933946071243,1167.00439453125,87300,0.0,0.0
2002-08-15 00:00:00+09:00,1167.0041902954056,1176.1214553975615,1154.240125994816,1170.651123046875,144000,0.0,0.0
2002-08-16 00:00:00+09:00,1157.887261386553,1172.4747278392917,1151.5051613428177,1167.00439453125,135900,0.0,0.0
2002-08-19 00:00:00+09:00,1145.1226266214103,1145.1226266214103,1089.507614692758,1098.6248779296875,301500,0.0,0.0
2002-08-20 00:00:00+09:00,1171.562831760318,1208.031623261701,1171.562831760318,1201.649658203125,967500,0.0,0.0
2002-08-21 00:00:00+09:00,1199.8267544526068,1201.650288471244,1184.3275166127873,1189.7978515625,300600,0.0,0.0
2002-08-22 00:00:00+09:00,1208.0323263846942,1215.3261957727173,1191.6213205913032,1214.4144287109375,309600,0.0,0.0
2002-08-23 00:00:00+09:00,1214.4144287109375,1214.4144287109375,1214.4144287109375,1214.4144287109375,0,0.0,0.0
2002-08-26 00:00:00+09:00,1239.9420634542912,1260.9116266098047,1230.8247982091368,1238.1185302734375,332100,0.0,0.0
2002-08-27 00:00:00+09:00,1256.3531724821019,1256.3531724821019,1218.9724751401016,1221.7076416015625,258300,0.0,0.0
2002-08-28 00:00:00+09:00,1230.8250937232808,1230.8250937232808,1217.1492593485775,1224.4429931640625,272700,0.0,0.0
2002-08-29 00:00:00+09:00,1239.030374841281,1239.9421414890892,1203.4732117663657,1211.6787109375,386100,0.0,0.0
2002-08-30 00:00:00+09:00,1229.9134284279082,1232.6485955286025,1213.5024258237415,1230.8251953125,212400,0.0,0.0
2002-09-02 00:00:00+09:00,1241.7655221822215,1249.0592545936574,1230.8248567885457,1235.3834228515625,139500,0.0,0.0
2002-09-03 00:00:00+09:00,1245.4127404046749,1245.4127404046749,1194.356201171875,1194.356201171875,257400,0.0,0.0
2002-09-04 00:00:00+09:00,1198.9148718600873,1198.9148718600873,1171.5632027952418,1184.3272705078125,342900,0.0,0.0
2002-09-05 00:00:00+09:00,1220.796312116865,1224.443112603804,1206.2087095098602,1218.9727783203125,290700,0.0,0.0
2002-09-06 00:00:00+09:00,1218.972519002483,1218.972519002483,1197.0911865234375,1197.0911865234375,234900,0.0,0.0
2002-09-09 00:00:00+09:00,1233.5601678142878,1256.353267908735,1228.089834475865,1250.8829345703125,404100,0.0,0.0
2002-09-10 00:00:00+09:00,1258.1771175418278,1259.0888846084738,1235.3840093005415,1236.2957763671875,208800,0.0,0.0
2002-09-11 00:00:00+09:00,1241.7657597529424,1263.6470947265625,1241.7657597529424,1263.6470947265625,386100,0.0,0.0
2002-09-12 00:00:00+09:00,1249.059342056911,1260.0000082166885,1244.5007756746882,1253.6180419921875,183600,0.0,0.0
2002-09-13 00:00:00+09:00,1229.9133128962985,1248.1478475567922,1225.3547460077093,1241.7657470703125,402300,0.0,0.0
2002-09-16 00:00:00+09:00,1241.7657470703125,1241.7657470703125,1241.7657470703125,1241.7657470703125,0,0.0,0.0
2002-09-17 00:00:00+09:00,1271.8520724596985,1299.2037299319502,1265.4699745318349,1293.7333984375,581400,0.0,0.0
2002-09-18 00:00:00+09:00,1285.5283203125,1285.5283203125,1265.470387109087,1285.5283203125,312300,0.0,0.0
2002-09-19 00:00:00+09:00,1303.7630259802177,1317.438862384042,1218.061206884979,1277.3231201171875,611100,0.0,0.0
2002-09-20 00:00:00+09:00,1275.4996762090743,1283.7051777710633,1261.8238402724262,1262.7354736328125,200700,0.0,0.0
2002-09-23 00:00:00+09:00,1262.7354736328125,1262.7354736328125,1262.7354736328125,1262.7354736328125,0,0.0,0.0
2002-09-24 00:00:00+09:00,1266.3819481630517,1288.2632777209446,1252.7061171893688,1283.7047119140625,271800,0.0,0.0
2002-09-25 00:00:00+09:00,1290.137267273742,1307.5964347047855,1273.5970458984377,1273.5970458984375,339300,18.333332,0.0
2002-09-26 00:00:00+09:00,1309.4339048715344,1323.217419659656,1291.9747412717018,1296.5693359375,304200,0.0,0.0
2002-09-27 00:00:00+09:00,1303.9206536462693,1307.5963028940396,1283.704784690513,1304.839599609375,288900,0.0,0.0
2002-09-30 00:00:00+09:00,1268.083373472455,1281.8668884015035,1258.8943186515435,1269.0023193359375,241200,0.0,0.0
2002-10-01 00:00:00+09:00,1251.5434672261333,1269.9214468399377,1240.5166525369161,1254.3001708984375,202500,0.0,0.0
2002-10-02 00:00:00+09:00,1257.056747934653,1265.3268581184336,1212.0305476214057,1222.1385498046875,197100,0.0,0.0
2002-10-03 00:00:00+09:00,1240.516588517479,1240.516588517479,1203.7604965820728,1205.598388671875,198000,0.0,0.0
2002-10-04 00:00:00+09:00,1206.5172913399506,1240.5166823160982,1199.166126238895,1230.4088134765625,323100,0.0,0.0
2002-10-07 00:00:00+09:00,1231.3274401874164,1231.3274401874164,1203.7604069399022,1212.949462890625,228600,0.0,0.0
2002-10-08 00:00:00+09:00,1212.9496256510415,1212.9496256510415,1148.62649457405,1157.8155517578125,423000,0.0,0.0
2002-10-09 00:00:00+09:00,1139.4373532682525,1139.4373532682525,1084.30322265625,1084.30322265625,257400,0.0,0.0
2002-10-10 00:00:00+09:00,1065.925734888478,1070.5201974015106,1019.980638641672,1069.601318359375,505800,0.0,0.0
2002-10-11 00:00:00+09:00,1120.1404535743472,1139.4374445814976,1075.1143206972063,1091.654541015625,422100,0.0,0.0
2002-10-14 00:00:00+09:00,1091.654541015625,1091.654541015625,1091.654541015625,1091.654541015625,0,0.0,0.0
2002-10-15 00:00:00+09:00,1146.7883625373543,1186.3011474609375,1146.7883625373543,1186.3011474609375,361800,0.0,0.0
2002-10-16 00:00:00+09:00,1222.1385498046875,1240.5165275670918,1208.3550328317197,1222.1385498046875,366300,0.0,0.0
2002-10-17 00:00:00+09:00,1208.354736790238,1217.543656117867,1194.571223194169,1207.435791015625,197100,0.0,0.0
2002-10-18 00:00:00+09:00,1219.381729159725,1230.4085416778094,1189.0579947349925,1190.895751953125,140400,0.0,0.0
2002-10-21 00:00:00+09:00,1203.7604443782802,1213.8684466198426,1189.0581159254493,1191.8148193359375,147600,0.0,0.0
2002-10-22 00:00:00+09:00,1199.1661165990793,1212.949635180678,1191.8149515571179,1194.5716552734375,309600,0.0,0.0
2002-10-23 00:00:00+09:00,1157.815550971159,1188.139291591832,1143.1130864080628,1158.7344970703125,236700,0.0,0.0
2002-10-24 00:00:00+09:00,1190.8955961089293,1190.8955961089293,1164.2475142123553,1183.54443359375,153900,0.0,0.0
2002-10-25 00:00:00+09:00,1192.7339054580393,1202.8419100277727,1182.6260354929957,1199.166259765625,218700,0.0,0.0
2002-10-28 00:00:00+09:00,1203.7607799912255,1221.219951326885,1199.1663178943452,1215.70654296875,162000,0.0,0.0
2002-10-29 00:00:00+09:00,1216.625324629284,1245.1111742225849,1216.625324629284,1238.678955078125,180900,0.0,0.0
2002-10-30 00:00:00+09:00,1239.5978466186534,1268.0838326552243,1239.5978466186534,1259.813720703125,306900,0.0,0.0
2002-10-31 00:00:00+09:00,1266.2458614148943,1267.1646728515625,1229.4897696222413,1267.1646728515625,234000,0.0,0.0
2002-11-01 00:00:00+09:00,1214.7874339748842,1249.705771968551,1213.8686224414096,1236.841064453125,199800,0.0,0.0
2002-11-04 00:00:00+09:00,1236.841064453125,1236.841064453125,1236.841064453125,1236.841064453125,0,0.0,0.0
2002-11-05 00:00:00+09:00,1255.2190045823788,1277.2726319858486,1249.7055977315113,1257.9757080078125,398700,0.0,0.0
2002-11-06 00:00:00+09:00,1258.8944785943092,1286.4615119548025,1238.6787438663841,1245.1109619140625,243000,0.0,0.0
2002-11-07 00:00:00+09:00,1229.489908311632,1244.1923736080992,1229.489908311632,1240.5167236328125,231300,0.0,0.0
2002-11-08 00:00:00+09:00,1212.9494523241742,1222.1385081948479,1190.8958259182803,1210.1927490234375,349200,0.0,0.0
2002-11-11 00:00:00+09:00,1189.0581540557412,1189.0581540557412,1133.9240840779582,1134.8428955078125,434700,0.0,0.0
2002-11-12 00:00:00+09:00,1134.8425052569553,1144.950504346708,1099.9243178136173,1114.626708984375,604800,0.0,0.0
2002-11-13 00:00:00+09:00,1113.7085400827418,1113.7085400827418,1056.7366286344911,1074.19580078125,508500,0.0,0.0
2002-11-14 00:00:00+09:00,1073.2761538487302,1092.5730714017607,1033.7634403409133,1052.1414794921875,590400,0.0,0.0
2002-11-15 00:00:00+09:00,1053.0605672143506,1077.8708947141652,1045.7093366321506,1073.2763671875,330300,0.0,0.0
2002-11-18 00:00:00+09:00,1110.0322321512788,1110.0322321512788,1042.9524262653968,1052.1414794921875,221400,0.0,0.0
2002-11-19 00:00:00+09:00,1052.1419325632353,1067.763208631426,1051.2229864634573,1058.57421875,247500,0.0,0.0
2002-11-20 00:00:00+09:00,1076.952449233662,1088.898144844251,1056.7365738282372,1075.1146240234375,175500,0.0,0.0
2002-11-21 00:00:00+09:00,1088.897795385244,1098.0867838826564,1078.789860926462,1080.627685546875,206100,0.0,0.0
2002-11-22 00:00:00+09:00,1130.2483420198855,1130.2483420198855,1084.3032650321231,1095.330078125,420300,0.0,0.0
2002-11-25 00:00:00+09:00,1125.6536964969864,1143.11279296875,1111.8701815712996,1143.11279296875,362700,0.0,0.0
2002-11-26 00:00:00+09:00,1130.2483388744572,1148.6263157765563,1096.2490210334804,1110.951416015625,378900,0.0,0.0
2002-11-27 00:00:00+09:00,1111.8702893582374,1146.7885529891305,1110.95141070822,1141.275146484375,305100,0.0,0.0
2002-11-28 00:00:00+09:00,1153.2209486141078,1166.0855194052058,1150.46424525854,1151.383056640625,210600,0.0,0.0
2002-11-29 00:00:00+09:00,1154.139862900279,1185.382548583891,1151.383159298921,1178.9501953125,171000,0.0,0.0
2002-12-02 00:00:00+09:00,1178.9501953125,1178.9501953125,1178.9501953125,1178.9501953125,0,0.0,0.0
2002-12-03 00:00:00+09:00,1137.5992078078666,1148.6260180115119,1112.788952151973,1114.626708984375,288000,0.0,0.0
2002-12-04 00:00:00+09:00,1103.6001720912318,1130.2483257836539,1094.4111837466112,1122.8970947265625,198000,0.0,0.0
2002-12-05 00:00:00+09:00,1104.5194395739857,1118.3029597545997,1104.5194395739857,1111.87060546875,176400,0.0,0.0
2002-12-06 00:00:00+09:00,1112.7889746359942,1125.6535419319714,1103.599921079085,1120.14013671875,321300,0.0,0.0
2002-12-09 00:00:00+09:00,1126.5732526247955,1135.7622451188226,1121.059843667908,1128.4110107421875,225900,0.0,0.0
2002-12-10 00:00:00+09:00,1134.8432069310695,1156.8968409741328,1133.0054489623808,1154.14013671875,342000,0.0,0.0
2002-12-11 00:00:00+09:00,1172.518015534255,1172.518015534255,1158.7344970703125,1158.7344970703125,210600,0.0,0.0
2002-12-12 00:00:00+09:00,1141.2752099444629,1157.8154303784404,1141.2752099444629,1156.896484375,207900,0.0,0.0
2002-12-13 00:00:00+09:00,1157.8154946152642,1157.8154946152642,1125.6539306640625,1125.6539306640625,406800,0.0,0.0
2002-12-16 00:00:00+09:00,1111.87060546875,1125.654125649364,1108.195022521368,1111.87060546875,141300,0.0,0.0
2002-12-17 00:00:00+09:00,1121.0594696012715,1130.2484590291865,1121.0594696012715,1125.6539306640625,175500,0.0,0.0
2002-12-18 00:00:00+09:00,1111.8704527694636,1117.3838600845227,1090.7357695966275,1103.600341796875,198000,0.0,0.0
2002-12-19 00:00:00+09:00,1093.4923657073366,1107.275882639352,1081.546606164704,1091.654541015625,334800,0.0,0.0
2002-12-20 00:00:00+09:00,1075.1144956775695,1090.73583984375,1075.1144956775695,1090.73583984375,218700,0.0,0.0
2002-12-23 00:00:00+09:00,1090.73583984375,1090.73583984375,1090.73583984375,1090.73583984375,0,0.0,0.0
2002-12-24 00:00:00+09:00,1102.6814630118101,1110.032695199334,1090.7357695966275,1103.600341796875,161100,0.0,0.0
2002-12-25 00:00:00+09:00,1111.870195303693,1118.3025472166703,1088.8976925779277,1101.7623291015625,160200,0.0,0.0
2002-12-26 00:00:00+09:00,1104.5194395739857,1118.3029597545997,1104.5194395739857,1111.87060546875,154800,0.0,0.0
2002-12-27 00:00:00+09:00,1116.4650256104296,1133.9241943359375,1112.7894430219565,1133.9241943359375,135000,0.0,0.0
2002-12-30 00:00:00+09:00,1115.546081770418,1129.329532499422,1098.0869140625,1098.0869140625,45900,0.0,0.0
2002-12-31 00:00:00+09:00,1098.0869140625,1098.0869140625,1098.0869140625,1098.0869140625,0,0.0,0.0
2003-01-01 00:00:00+09:00,1098.0869140625,1098.0869140625,1098.0869140625,1098.0869140625,0,0.0,0.0
2003-01-02 00:00:00+09:00,1098.0869140625,1098.0869140625,1098.0869140625,1098.0869140625,0,0.0,0.0
2003-01-03 00:00:00+09:00,1098.0869140625,1098.0869140625,1098.0869140625,1098.0869140625,0,0.0,0.0
2003-01-06 00:00:00+09:00,1134.843046736473,1144.9510506491633,1129.3296390039807,1144.0321044921875,56700,0.0,0.0
2003-01-07 00:00:00+09:00,1162.4098908544272,1163.3288368576054,1109.1136474609375,1109.1136474609375,128700,0.0,0.0
2003-01-08 00:00:00+09:00,1127.4918629938825,1127.4918629938825,1105.438232421875,1105.438232421875,117000,0.0,0.0
2003-01-09 00:00:00+09:00,1087.060078482953,1109.1137069039248,1079.7089138775177,1093.492431640625,104400,0.0,0.0
2003-01-10 00:00:00+09:00,1111.870544727876,1116.4650736378658,1095.3303214147224,1096.249267578125,164700,0.0,0.0
2003-01-13 00:00:00+09:00,1096.249267578125,1096.249267578125,1096.249267578125,1096.249267578125,0,0.0,0.0
2003-01-14 00:00:00+09:00,1097.1677908056192,1115.5458331862185,1093.492209250427,1099.005615234375,108900,0.0,0.0
2003-01-15 00:00:00+09:00,1111.8702626000718,1117.3836689721422,1097.1678680419923,1102.6812744140625,168300,0.0,0.0
2003-01-16 00:00:00+09:00,1102.6812744140625,1109.1135594140367,1084.3032307397202,1102.6812744140625,101700,0.0,0.0
2003-01-17 00:00:00+09:00,1087.060078482953,1104.5192458511108,1087.060078482953,1093.492431640625,161100,0.0,0.0
2003-01-20 00:00:00+09:00,1088.8977823632686,1093.4923102081925,1071.4386842362783,1092.5733642578125,174600,0.0,0.0
2003-01-21 00:00:00+09:00,1092.5730546784116,1108.194391083004,1090.7352979030288,1107.2755126953125,168300,0.0,0.0
2003-01-22 00:00:00+09:00,1108.194905803431,1115.5461382262895,1096.2492120058316,1097.1680908203125,264600,0.0,0.0
2003-01-23 00:00:00+09:00,1088.897884903747,1130.2484374950284,1088.897884903747,1121.0594482421875,297000,0.0,0.0
2003-01-24 00:00:00+09:00,1121.9781877204048,1125.6537695048733,1082.4654648048179,1085.22216796875,286200,0.0,0.0
2003-01-27 00:00:00+09:00,1066.843994140625,1090.7354410774487,1065.0061698216955,1066.843994140625,129600,0.0,0.0
2003-01-28 00:00:00+09:00,1064.0873794364904,1083.384300825235,1064.0873794364904,1073.2763671875,147600,0.0,0.0
2003-01-29 00:00:00+09:00,1073.276357502251,1079.7087094420008,1052.141679135416,1055.8172607421875,129600,0.0,0.0
2003-01-30 00:00:00+09:00,1041.11475722099,1052.1415681807805,1040.1958114394654,1043.8714599609375,103500,0.0,0.0
2003-01-31 00:00:00+09:00,1034.682844676289,1047.5474853515625,1022.7371501721834,1047.5474853515625,198000,0.0,0.0
2003-02-03 00:00:00+09:00,1047.547269974418,1080.6277100788734,1047.547269974418,1070.519775390625,189900,0.0,0.0
2003-02-04 00:00:00+09:00,1070.5197062262293,1095.330034701619,1067.7630030622972,1085.22216796875,129600,0.0,0.0
2003-02-05 00:00:00+09:00,1086.1411510587125,1130.248405924041,1083.3844476296294,1112.789306640625,263700,0.0,0.0
2003-02-06 00:00:00+09:00,1113.7081853495429,1120.1404709166266,1107.275899782459,1112.789306640625,196200,0.0,0.0
2003-02-07 00:00:00+09:00,1111.8703508658132,1111.8703508658132,1102.6813619503368,1109.1136474609375,117000,0.0,0.0
2003-02-10 00:00:00+09:00,1090.7356696299846,1109.1136474609375,1090.7356696299846,1109.1136474609375,67500,0.0,0.0
2003-02-11 00:00:00+09:00,1109.1136474609375,1109.1136474609375,1109.1136474609375,1109.1136474609375,0,0.0,0.0
2003-02-12 00:00:00+09:00,1111.8705589219817,1121.0596168592683,1109.113855001264,1116.465087890625,142200,0.0,0.0
2003-02-13 00:00:00+09:00,1116.4645331190854,1117.3834115352863,1106.356601331641,1114.626708984375,188100,0.0,0.0
2003-02-14 00:00:00+09:00,1102.6818736783532,1121.059927340446,1102.6818736783532,1118.30322265625,246600,0.0,0.0
2003-02-17 00:00:00+09:00,1120.140980910807,1122.897685595003,1113.7086924151367,1118.30322265625,267300,0.0,0.0
2003-02-18 00:00:00+09:00,1119.2212478377812,1137.59922017545,1114.6267211022096,1133.0047607421875,314100,0.0,0.0
2003-02-19 00:00:00+09:00,1146.788827454634,1156.8966969309583,1143.1131773702057,1150.4644775390625,235800,0.0,0.0
2003-02-20 00:00:00+09:00,1155.058747061056,1165.166614856059,1150.4642861732657,1163.328857421875,315900,0.0,0.0
2003-02-21 00:00:00+09:00,1165.1664824525728,1174.3555377886175,1155.9775617211735,1159.653076171875,350100,0.0,0.0
2003-02-24 00:00:00+09:00,1157.8152508802816,1182.625577684859,1157.8152508802816,1174.35546875,338400,0.0,0.0
2003-02-25 00:00:00+09:00,1170.6803209476775,1170.6803209476775,1134.8431668920884,1144.951171875,219600,0.0,0.0
2003-02-26 00:00:00+09:00,1144.950684695267,1155.9774966358164,1139.4372787249922,1143.11279296875,100800,0.0,0.0
2003-02-27 00:00:00+09:00,1144.0319133501257,1164.247783193207,1144.0319133501257,1156.896484375,149400,0.0,0.0
2003-02-28 00:00:00+09:00,1175.2748189791794,1217.544189453125,1175.2748189791794,1217.544189453125,435600,0.0,0.0
2003-03-03 00:00:00+09:00,1254.3003234392183,1286.461825325841,1254.3003234392183,1261.6514892578125,1157400,0.0,0.0
2003-03-04 00:00:00+09:00,1243.2730054533884,1245.1107625148938,1202.8414078678309,1226.7327880859375,790200,0.0,0.0
2003-03-05 00:00:00+09:00,1216.6251015933744,1218.4628589256479,1203.7603964535006,1210.1927490234375,253800,0.0,0.0
2003-03-06 00:00:00+09:00,1203.7603865656572,1222.1384981560443,1195.4902767313786,1206.51708984375,270900,0.0,0.0
2003-03-07 00:00:00+09:00,1198.2474714161722,1200.0853640917303,1166.085964850394,1175.2750244140625,301500,0.0,0.0
2003-03-10 00:00:00+09:00,1167.004911188173,1175.2750244140625,1155.978093553654,1175.2750244140625,127800,0.0,0.0
2003-03-11 00:00:00+09:00,1139.4372667703476,1162.4097016690469,1131.1671579017031,1142.1939697265625,301500,0.0,0.0
2003-03-12 00:00:00+09:00,1131.1674973525062,1142.1943124863903,1111.8705035658704,1117.3839111328125,515700,0.0,0.0
2003-03-13 00:00:00+09:00,1132.0860048803495,1146.788465979064,1119.221435546875,1119.221435546875,164700,0.0,0.0
2003-03-14 00:00:00+09:00,1135.7618415423299,1146.7886555378866,1133.0051380434409,1134.8428955078125,376200,0.0,0.0
2003-03-17 00:00:00+09:00,1131.1673702191856,1144.0319415612928,1110.0326211538227,1132.086181640625,264600,0.0,0.0
2003-03-18 00:00:00+09:00,1140.3565134293817,1171.5992037304222,1140.3565134293817,1160.5723876953125,334800,0.0,0.0
2003-03-19 00:00:00+09:00,1161.4910818205676,1191.8148193359375,1146.7886187630777,1191.8148193359375,180000,0.0,0.0
2003-03-20 00:00:00+09:00,1210.1925268122561,1211.111472611986,1181.7065530669167,1186.3011474609375,153000,0.0,0.0
2003-03-21 00:00:00+09:00,1186.3011474609375,1186.3011474609375,1186.3011474609375,1186.3011474609375,0,0.0,0.0
2003-03-24 00:00:00+09:00,1197.3283893027765,1222.1387233777825,1189.9770894700268,1202.841796875,257400,0.0,0.0
2003-03-25 00:00:00+09:00,1203.7604443782802,1212.9495006147938,1168.842246046983,1191.8148193359375,145800,0.0,0.0
2003-03-26 00:00:00+09:00,1206.665771484375,1219.6605878282533,1191.8144556860557,1206.665771484375,113400,21.666668,0.0
2003-03-27 00:00:00+09:00,1178.8198247857708,1215.019802265352,1178.8198247857708,1203.88134765625,187200,0.0,0.0
2003-03-28 00:00:00+09:00,1204.8096794424644,1204.8096794424644,1188.1019945073572,1200.168701171875,248400,0.0,0.0
2003-03-31 00:00:00+09:00,1192.7431672519826,1200.1687600426642,1163.9687742409133,1177.891845703125,146700,0.0,0.0
2003-04-01 00:00:00+09:00,1160.2558839271294,1189.0302762950173,1160.2558839271294,1174.178955078125,158400,0.0,0.0
2003-04-02 00:00:00+09:00,1192.7430419921875,1192.7430419921875,1176.0353579921452,1192.7430419921875,144900,0.0,0.0
2003-04-03 00:00:00+09:00,1211.306748185594,1211.306748185594,1162.1119600568588,1206.665771484375,126900,0.0,0.0
2003-04-04 00:00:00+09:00,1169.5376652464945,1170.4659150652071,1134.2658717286117,1166.7530517578125,292500,0.0,0.0
2003-04-07 00:00:00+09:00,1170.4660235737026,1187.1737060546875,1170.4660235737026,1187.1737060546875,84600,0.0,0.0
2003-04-08 00:00:00+09:00,1180.6762431961783,1184.389106893499,1144.4762640415786,1151.90185546875,156600,0.0,0.0
2003-04-09 00:00:00+09:00,1151.90185546875,1160.2556968121191,1137.050604630672,1151.90185546875,324900,0.0,0.0
2003-04-10 00:00:00+09:00,1168.6097730218642,1169.5380231246208,1140.7636296141352,1147.2611083984375,127800,0.0,0.0
2003-04-11 00:00:00+09:00,1137.0506890679724,1137.0506890679724,1085.9994552842336,1108.2763671875,315000,0.0,0.0
2003-04-14 00:00:00+09:00,1086.9274069493408,1101.778723726794,1065.5787495553056,1070.2197265625,459900,0.0,0.0
2003-04-15 00:00:00+09:00,1090.640587153166,1114.773864959852,1073.004651851651,1074.861083984375,461700,0.0,0.0
2003-04-16 00:00:00+09:00,1149.1175250952376,1213.163657856808,1147.261160772476,1204.809814453125,1355400,0.0,0.0
2003-04-17 00:00:00+09:00,1167.6817106616286,1176.963668230769,1160.2559814453125,1160.2559814453125,275400,0.0,0.0
2003-04-18 00:00:00+09:00,1146.3326553958977,1160.2557246353924,1137.9788818359375,1137.9788818359375,233100,0.0,0.0
2003-04-21 00:00:00+09:00,1139.8353741670803,1189.9584970602136,1139.8353741670803,1185.3173828125,207000,0.0,0.0
2003-04-22 00:00:00+09:00,1183.460939847506,1183.460939847506,1155.6148000863882,1158.3994140625,187200,0.0,0.0
2003-04-23 00:00:00+09:00,1176.9635905342245,1205.737983421043,1175.1072263364438,1202.953369140625,279900,0.0,0.0
2003-04-24 00:00:00+09:00,1203.8811582701553,1228.942677198133,1183.4606160433964,1206.665771484375,434700,0.0,0.0
2003-04-25 00:00:00+09:00,1252.1481084128916,1303.1994127831606,1245.6507660881662,1275.353271484375,1359000,0.0,0.0
2003-04-28 00:00:00+09:00,1238.2247411964106,1238.2247411964106,1197.3837890625,1197.3837890625,467100,0.0,0.0
2003-04-29 00:00:00+09:00,1197.3837890625,1197.3837890625,1197.3837890625,1197.3837890625,0,0.0,0.0
2003-04-30 00:00:00+09:00,1213.1635877568128,1234.5123880887447,1201.0970164048465,1212.2354736328125,342900,0.0,0.0
2003-05-01 00:00:00+09:00,1230.7991680607133,1242.8658718935978,1213.163237223029,1241.9376220703125,276300,0.0,0.0
2003-05-02 00:00:00+09:00,1238.2252226601247,1238.2252226601247,1220.5894211824382,1228.0150146484375,232200,0.0,0.0
2003-05-05 00:00:00+09:00,1228.0150146484375,1228.0150146484375,1228.0150146484375,1228.0150146484375,0,0.0,0.0
2003-05-06 00:00:00+09:00,1248.4351248608998,1248.4351248608998,1217.804375697504,1220.5889892578125,186300,0.0,0.0
2003-05-07 00:00:00+09:00,1225.2305258688382,1228.9433909667055,1211.3074517112377,1217.804931640625,215100,0.0,0.0
2003-05-08 00:00:00+09:00,1212.23541668288,1236.3686942205445,1208.5225524588204,1229.8712158203125,172800,0.0,0.0
2003-05-09 00:00:00+09:00,1262.3580828632046,1262.3580828632046,1227.086223522249,1235.4400634765625,312300,0.0,0.0
2003-05-12 00:00:00+09:00,1247.5068088004325,1262.3581256562547,1232.65549194461,1248.43505859375,286200,0.0,0.0
2003-05-13 00:00:00+09:00,1248.4350182767037,1268.8554253306183,1248.4350182767037,1250.2913818359375,235800,0.0,0.0
2003-05-14 00:00:00+09:00,1260.501585362895,1269.783675093959,1246.5785187500226,1250.2913818359375,154800,0.0,0.0
2003-05-15 00:00:00+09:00,1250.2916695905901,1250.2916695905901,1215.9480520521715,1218.732666015625,115200,0.0,0.0
2003-05-16 00:00:00+09:00,1218.7326916090974,1239.1532397590818,1215.948077587167,1232.65576171875,142200,0.0,0.0
2003-05-19 00:00:00+09:00,1232.655735832892,1232.655735832892,1211.307074102242,1218.732666015625,156600,0.0,0.0
2003-05-20 00:00:00+09:00,1144.4761962890625,1160.2556281254674,1118.486491865072,1144.4761962890625,1071900,0.0,0.0
2003-05-21 00:00:00+09:00,1144.4765448037713,1184.389397447085,1141.6919303395284,1160.2559814453125,659700,0.0,0.0
2003-05-22 00:00:00+09:00,1161.183769001574,1174.1785860020505,1148.188952001098,1153.7581787109375,142200,0.0,0.0
2003-05-23 00:00:00+09:00,1163.0401741746293,1175.1068777999571,1133.3376759824232,1157.470947265625,226800,0.0,0.0
2003-05-26 00:00:00+09:00,1174.17900170341,1174.17900170341,1145.4047441604214,1147.2611083984375,213300,0.0,0.0
2003-05-27 00:00:00+09:00,1146.3328901379002,1152.830369102686,1128.697021484375,1128.697021484375,145800,0.0,0.0
2003-05-28 00:00:00+09:00,1154.6867289645213,1160.2559577794104,1143.548271334743,1146.3328857421875,234000,0.0,0.0
2003-05-29 00:00:00+09:00,1160.255589779358,1201.0966787799143,1157.4709762551136,1186.245361328125,217800,0.0,0.0
2003-05-30 00:00:00+09:00,1186.2453067555145,1197.3837603400734,1176.963216779232,1183.460693359375,211500,0.0,0.0
2003-06-02 00:00:00+09:00,1214.0918539640086,1214.0918539640086,1190.8866891085584,1202.025146484375,314100,0.0,0.0
2003-06-03 00:00:00+09:00,1220.5888242398687,1226.1580506075525,1207.5938720703125,1207.5938720703125,488700,0.0,0.0
2003-06-04 00:00:00+09:00,1225.2306307002916,1227.0869954242964,1184.3896549994595,1199.2408447265625,280800,0.0,0.0
2003-06-05 00:00:00+09:00,1234.5125198776975,1243.7944779135569,1225.230425874328,1231.7279052734375,450900,0.0,0.0
2003-06-06 00:00:00+09:00,1241.009708909273,1257.7173944561482,1216.8764306640626,1253.076416015625,488700,0.0,0.0
2003-06-09 00:00:00+09:00,1234.512153165133,1242.865994496399,1217.804470502601,1227.08642578125,280800,0.0,0.0
2003-06-10 00:00:00+09:00,1192.7429064220607,1217.8044295735692,1189.9582927385597,1198.3121337890625,372600,0.0,0.0
2003-06-11 00:00:00+09:00,1235.4403080710633,1237.2968079623172,1219.6608748002484,1225.2301025390625,397800,0.0,0.0
2003-06-12 00:00:00+09:00,1243.794053389327,1248.4351667906901,1219.6607803786005,1224.3017578125,380700,0.0,0.0
2003-06-13 00:00:00+09:00,1205.7381488851788,1212.2356284203054,1189.0304609098646,1196.4560546875,574200,0.0,0.0
2003-06-16 00:00:00+09:00,1198.312422453892,1205.7380154095113,1174.179007405008,1181.604736328125,164700,0.0,0.0
2003-06-17 00:00:00+09:00,1193.6713565815476,1232.6559591320686,1193.6713565815476,1204.809814453125,518400,0.0,0.0
2003-06-18 00:00:00+09:00,1223.3736439061981,1243.794053389327,1215.9479168510027,1224.3017578125,297900,0.0,0.0
2003-06-19 00:00:00+09:00,1223.3736006318538,1225.2299643462559,1176.0351701912032,1180.6761474609375,580500,0.0,0.0
2003-06-20 00:00:00+09:00,1196.45546646025,1196.45546646025,1147.2606769305326,1164.8966064453125,698400,0.0,0.0
2003-06-23 00:00:00+09:00,1156.5430500675852,1165.8250060096384,1155.6148000863882,1158.3994140625,373500,0.0,0.0
2003-06-24 00:00:00+09:00,1142.6197096564201,1157.4708900344797,1132.4094381668497,1137.0504150390625,383400,0.0,0.0
2003-06-25 00:00:00+09:00,1152.8303646820584,1158.3995934969475,1138.9072926448355,1146.3328857421875,194400,0.0,0.0
2003-06-26 00:00:00+09:00,1147.2611358671693,1149.1175001496322,1136.1226782373908,1146.3328857421875,176400,0.0,0.0
2003-06-27 00:00:00+09:00,1155.6150108111467,1182.5329054995075,1139.835506074563,1179.748291015625,579600,0.0,0.0
2003-06-30 00:00:00+09:00,1188.1019572506862,1188.1019572506862,1169.5379087829747,1176.9635009765625,209700,0.0,0.0
2003-07-01 00:00:00+09:00,1169.5380584629456,1173.2509230186618,1151.9021217826707,1170.46630859375,324900,0.0,0.0
2003-07-02 00:00:00+09:00,1188.1017242017592,1197.383814598653,1166.7530658531061,1176.03515625,430200,0.0,0.0
2003-07-03 00:00:00+09:00,1183.4610817448229,1183.4610817448229,1141.6918670950056,1142.6201171875,937800,0.0,0.0
2003-07-04 00:00:00+09:00,1161.1836844316153,1161.1836844316153,1130.5529397583593,1139.8349609375,819000,0.0,0.0
2003-07-07 00:00:00+09:00,1150.0454916038245,1155.6147191660707,1141.6916502604554,1151.90185546875,432000,0.0,0.0
2003-07-08 00:00:00+09:00,1164.8965768561357,1169.5375535716375,1148.1888975193979,1150.9735107421875,827100,0.0,0.0
2003-07-09 00:00:00+09:00,1155.614979089503,1160.2559577794104,1142.6201571772617,1146.3328857421875,362700,0.0,0.0
2003-07-10 00:00:00+09:00,1153.7583281296222,1178.8198515695199,1149.1172146254044,1163.040283203125,750600,0.0,0.0
2003-07-11 00:00:00+09:00,1125.9123682928932,1138.9072577912061,1104.563703811645,1120.3431396484375,760500,0.0,0.0
2003-07-14 00:00:00+09:00,1153.7586464777264,1182.5329054995075,1143.5483027251555,1179.748291015625,1134000,0.0,0.0
2003-07-15 00:00:00+09:00,1188.1018346233498,1188.1018346233498,1150.9737415200223,1151.90185546875,664200,0.0,0.0
2003-07-16 00:00:00+09:00,1146.3327105512783,1153.758438481277,1128.6968446606206,1133.337890625,443700,0.0,0.0
2003-07-17 00:00:00+09:00,1150.9737415200223,1155.6147191660707,1139.835218411795,1151.90185546875,703800,0.0,0.0
2003-07-18 00:00:00+09:00,1148.1892105175177,1148.1892105175177,1133.337890625,1133.337890625,489600,0.0,0.0
2003-07-21 00:00:00+09:00,1133.337890625,1133.337890625,1133.337890625,1133.337890625,0,0.0,0.0
2003-07-22 00:00:00+09:00,1140.763598561213,1169.5379912884262,1137.0508022024987,1168.6097412109375,650700,0.0,0.0
2003-07-23 00:00:00+09:00,1205.737939843304,1224.3019890526523,1200.1687114837507,1219.6610107421875,1530900,0.0,0.0
2003-07-24 00:00:00+09:00,1238.2249219404703,1238.2249219404703,1225.2301025390625,1225.2301025390625,824400,0.0,0.0
2003-07-25 00:00:00+09:00,1226.1584761320942,1234.5123185827274,1209.450791230828,1215.02001953125,389700,0.0,0.0
2003-07-28 00:00:00+09:00,1206.6660563292648,1220.5891256870352,1206.6660563292648,1210.3787841796875,357300,0.0,0.0
2003-07-29 00:00:00+09:00,1224.3018525934353,1229.8710803322492,1210.3787832464006,1225.2301025390625,238500,0.0,0.0
2003-07-30 00:00:00+09:00,1208.522134971374,1220.5888375554737,1204.8092720299337,1206.665771484375,270000,0.0,0.0
2003-07-31 00:00:00+09:00,1219.660848031026,1233.5839170724762,1202.0249152560323,1221.5172119140625,464400,0.0,0.0
2003-08-01 00:00:00+09:00,1225.2298008904584,1225.2298008904584,1201.096531952975,1207.5938720703125,188100,0.0,0.0
2003-08-04 00:00:00+09:00,1211.3071177830207,1220.5892099850787,1191.8148193359375,1191.8148193359375,163800,0.0,0.0
2003-08-05 00:00:00+09:00,1173.2504165245045,1175.1067800172168,1137.0503766445183,1150.9735107421875,525600,0.0,0.0
2003-08-06 00:00:00+09:00,1126.8404831014686,1134.2660750800642,1104.5635711982022,1108.2763671875,866700,0.0,0.0
2003-08-07 00:00:00+09:00,1108.2761367588384,1128.6966124298365,1105.4915233498966,1110.132568359375,437400,0.0,0.0
2003-08-08 00:00:00+09:00,1123.1276174615368,1141.6917333479535,1115.702025493962,1125.9122314453125,414000,0.0,0.0
2003-08-11 00:00:00+09:00,1127.7684045699486,1139.8350397353815,1113.845337846863,1121.27099609375,499500,0.0,0.0
2003-08-12 00:00:00+09:00,1122.1994782581942,1132.4097525826676,1107.348225772931,1109.20458984375,525600,0.0,0.0
2003-08-13 00:00:00+09:00,1115.7021206916047,1126.840577577099,1108.276460106693,1119.4149169921875,639900,0.0,0.0
2003-08-14 00:00:00+09:00,1113.8454200031395,1145.404418892381,1111.9889883085577,1140.7633056640625,440100,0.0,0.0
2003-08-15 00:00:00+09:00,1116.630126953125,1116.630126953125,1116.630126953125,1116.630126953125,540900,0.0,0.0
2003-08-18 00:00:00+09:00,1120.343030861486,1129.6251230234398,1118.4866668160885,1122.199462890625,668700,0.0,0.0
2003-08-19 00:00:00+09:00,1137.050550661329,1141.6915960708284,1127.7685278260622,1138.906982421875,372600,0.0,0.0
2003-08-20 00:00:00+09:00,1149.1173485224558,1162.1123046875,1149.1173485224558,1162.1123046875,543600,0.0,0.0
2003-08-21 00:00:00+09:00,1150.0457502746137,1154.6867289645213,1139.835474786067,1146.3328857421875,652500,0.0,0.0
2003-08-22 00:00:00+09:00,1157.470947265625,1164.8966737892667,1153.7582199712579,1157.470947265625,665100,0.0,0.0
2003-08-25 00:00:00+09:00,1160.2555749617356,1175.106892223859,1160.2555749617356,1166.7530517578125,310500,0.0,0.0
2003-08-26 00:00:00+09:00,1170.46587616654,1186.2453067555145,1163.0401497985333,1183.460693359375,315900,0.0,0.0
2003-08-27 00:00:00+09:00,1194.5992159788061,1202.0248068084804,1189.9582387061923,1195.5274658203125,461700,0.0,0.0
2003-08-28 00:00:00+09:00,1195.5276157816459,1205.7378214491002,1161.1839989475168,1184.38916015625,567900,0.0,0.0
2003-08-29 00:00:00+09:00,1189.0303248684213,1202.0251464843748,1167.6816602206052,1202.025146484375,278100,0.0,0.0
2003-09-01 00:00:00+09:00,1220.5894468563984,1231.7279052734375,1214.0919674572885,1231.7279052734375,687600,0.0,0.0
2003-09-02 00:00:00+09:00,1243.7945008683573,1296.7021793257297,1239.1535217647763,1285.563720703125,1674900,0.0,0.0
2003-09-03 00:00:00+09:00,1308.768582021844,1323.6199020339473,1294.845512000335,1307.84033203125,1573200,0.0,0.0
2003-09-04 00:00:00+09:00,1307.8400300987373,1307.8400300987373,1279.0657826755291,1279.993896484375,1043100,0.0,0.0
2003-09-05 00:00:00+09:00,1273.4972420849097,1274.425356393803,1239.1536134677892,1252.1484375,677700,0.0,0.0
2003-09-08 00:00:00+09:00,1237.2971043592238,1292.9893950885585,1237.2971043592238,1287.420166015625,828000,0.0,0.0
2003-09-09 00:00:00+09:00,1297.630208134424,1311.553279037154,1292.9892298226773,1299.486572265625,717300,0.0,0.0
2003-09-10 00:00:00+09:00,1299.4865362321646,1305.984014462433,1266.0711669921875,1266.0711669921875,558000,0.0,0.0
2003-09-11 00:00:00+09:00,1259.5736356746777,1291.13250013064,1248.4351809331697,1273.4967041015625,494100,0.0,0.0
2003-09-12 00:00:00+09:00,1292.0609212239583,1345.8968382641176,1290.204557176878,1336.61474609375,1420200,0.0,0.0
2003-09-15 00:00:00+09:00,1336.61474609375,1336.61474609375,1336.61474609375,1336.61474609375,0,0.0,0.0
2003-09-16 00:00:00+09:00,1351.465593332707,1449.8551648368464,1351.465593332707,1426.650146484375,2025900,0.0,0.0
2003-09-17 00:00:00+09:00,1454.4964467238135,1489.768171186429,1439.6451299128669,1455.424560546875,1205100,0.0,0.0
2003-09-18 00:00:00+09:00,1435.0045439888088,1448.9276148038118,1380.2403748048046,1434.0762939453125,1178100,0.0,0.0
2003-09-19 00:00:00+09:00,1712.537353515625,1712.537353515625,1712.537353515625,1712.537353515625,625500,0.0,0.0
2003-09-22 00:00:00+09:00,1545.4604240991027,1734.8141337184522,1440.5733655638091,1672.6243896484375,3156300,0.0,0.0
2003-09-23 00:00:00+09:00,1672.6243896484375,1672.6243896484375,1672.6243896484375,1672.6243896484375,0,0.0,0.0
2003-09-24 00:00:00+09:00,1670.7682290481628,1670.7682290481628,1568.665771484375,1568.665771484375,839700,0.0,0.0
2003-09-25 00:00:00+09:00,1580.8187845060902,1623.8215895773164,1545.2948114975843,1579.884033203125,1139400,20.0,0.0
2003-09-26 00:00:00+09:00,1578.9490971463804,1645.3228738191272,1548.0992924063978,1608.864013671875,900000,0.0,0.0
2003-09-29 00:00:00+09:00,1580.8188301797097,1603.2550531364404,1565.8614395017808,1567.7310791015625,385200,0.0,0.0
2003-09-30 00:00:00+09:00,1569.601029984331,1618.2129016778908,1567.7313900137626,1603.25537109375,503100,0.0,0.0
2003-10-01 00:00:00+09:00,1603.2547895210391,1612.603259862499,1589.2321524787565,1591.1019287109375,569700,0.0,0.0
2003-10-02 00:00:00+09:00,1635.0397189299,1664.0198853808722,1619.1474402644426,1659.3455810546875,376200,0.0,0.0
2003-10-03 00:00:00+09:00,1659.3452117458546,1719.1751708984377,1621.951607097819,1719.1751708984375,616500,0.0,0.0
2003-10-06 00:00:00+09:00,1719.1755635976335,1748.1557302184308,1633.1700889337603,1687.390869140625,816300,0.0,0.0
2003-10-07 00:00:00+09:00,1659.3456387764322,1736.0027808301948,1648.1275271070933,1731.32861328125,671400,0.0,0.0
2003-10-08 00:00:00+09:00,1675.238158391714,1686.4562707538464,1654.671573414522,1668.6942138671875,718200,0.0,0.0
2003-10-09 00:00:00+09:00,1654.6712457908359,1673.3680503791536,1641.5834962729957,1664.9544677734375,343800,0.0,0.0
2003-10-10 00:00:00+09:00,1678.0424716624266,1737.8723053079316,1666.8243607364157,1716.3709716796875,608400,0.0,0.0
2003-10-13 00:00:00+09:00,1716.3709716796875,1716.3709716796875,1716.3709716796875,1716.3709716796875,0,0.0,0.0
2003-10-14 00:00:00+09:00,1757.5040503700309,1804.2462718764625,1748.1557156206122,1790.2236328125,1083600,0.0,0.0
2003-10-15 00:00:00+09:00,1776.2009439410197,1776.2009439410197,1700.478695118995,1722.9149169921875,699300,0.0,0.0
2003-10-16 00:00:00+09:00,1776.2010029391422,1789.288753819949,1763.1131151185,1781.81005859375,635400,0.0,0.0
2003-10-17 00:00:00+09:00,1865.9453860483852,1995.8883820877757,1850.9878627232144,1963.1689453125,1680300,0.0,0.0
2003-10-20 00:00:00+09:00,1963.1694051069016,2094.0473198007517,1963.1694051069016,1981.8662109375,852300,0.0,0.0
2003-10-21 00:00:00+09:00,2056.6537890604336,2066.0021238736363,1949.1468431899175,2000.563232421875,908100,0.0,0.0
2003-10-22 00:00:00+09:00,1888.3823708024365,1888.3823708024365,1822.9433336900229,1869.6854248046875,1135800,0.0,0.0
2003-10-23 00:00:00+09:00,1804.246047610677,1879.0334010092138,1796.7672164129508,1809.8551025390625,768600,0.0,0.0
2003-10-24 00:00:00+09:00,1865.9456434347644,1865.9456434347644,1801.4415120483002,1818.2686767578125,288000,0.0,0.0
2003-10-27 00:00:00+09:00,1819.203427948463,1860.3365885315936,1805.180790690536,1818.2686767578125,354600,0.0,0.0
2003-10-28 00:00:00+09:00,1794.897282392687,1822.9425524300727,1744.4157963253926,1764.0474853515625,831600,0.0,0.0
2003-10-29 00:00:00+09:00,1623.820884399414,1695.8036873991985,1623.820884399414,1682.7159423828125,2487600,0.0,0.0
2003-10-30 00:00:00+09:00,1867.8155598835608,1963.1695073851238,1813.5946421282163,1925.7757568359375,2598300,0.0,0.0
2003-10-31 00:00:00+09:00,1930.4501214764482,1930.4501214764482,1868.7505064620323,1888.3822021484375,540900,0.0,0.0
2003-11-03 00:00:00+09:00,1888.3822021484373,1888.3822021484373,1888.3822021484373,1888.3822021484375,0,0.0,0.0
2003-11-04 00:00:00+09:00,1953.8206182351817,2075.350178860077,1949.1464517672346,2066.001708984375,1354500,0.0,0.0
2003-11-05 00:00:00+09:00,2056.653483698798,2056.653483698798,1991.2144650232597,2037.95654296875,639000,0.0,0.0
2003-11-06 00:00:00+09:00,2042.6310368208474,2047.305203968687,1995.8888175831382,2028.6083984375,495900,0.0,0.0
2003-11-07 00:00:00+09:00,2033.2823762561454,2037.9565429687498,1981.8659946582354,2037.95654296875,542700,0.0,0.0
2003-11-10 00:00:00+09:00,2009.9107804910484,2028.60771667854,1949.1460802311556,2014.5850830078125,446400,0.0,0.0
2003-11-11 00:00:00+09:00,1981.8668190239348,1981.8668190239348,1916.4279100686267,1953.821533203125,402300,0.0,0.0
2003-11-12 00:00:00+09:00,1897.7305458232177,1925.7758255001118,1869.6852661463236,1916.427490234375,597600,0.0,0.0
2003-11-13 00:00:00+09:00,1953.821533203125,1967.84417611353,1935.1247216358759,1953.821533203125,657000,0.0,0.0
2003-11-14 00:00:00+09:00,1949.1469254791346,1953.8210930830703,1897.7305340764765,1911.753173828125,371700,0.0,0.0
2003-11-17 00:00:00+09:00,1874.3592021635866,1888.3818392447608,1825.7473479689102,1866.88037109375,648000,0.0,0.0
2003-11-18 00:00:00+09:00,1865.0109090952094,1865.0109090952094,1815.4642990114698,1852.85791015625,368100,0.0,0.0
2003-11-19 00:00:00+09:00,1846.3139126502106,1846.3139126502106,1794.8975314667966,1815.464111328125,530100,0.0,0.0
2003-11-20 00:00:00+09:00,1822.9423669500168,1838.8346393742693,1793.962211880115,1833.2255859375,913500,0.0,0.0
2003-11-21 00:00:00+09:00,1839.7703386116775,1902.404841924441,1839.7703386116775,1888.3822021484375,597600,0.0,0.0
2003-11-24 00:00:00+09:00,1888.3822021484373,1888.3822021484373,1888.3822021484373,1888.3822021484375,0,0.0,0.0
2003-11-25 00:00:00+09:00,1953.82109647656,1958.4954010284555,1851.923338730828,1888.3822021484375,773100,0.0,0.0
2003-11-26 00:00:00+09:00,1893.0563697604914,1897.7305373725453,1883.7078975965417,1888.3822021484375,943200,0.0,0.0
2003-11-27 00:00:00+09:00,1893.0563781903493,1935.1242977056904,1893.0563781903493,1916.427490234375,452700,0.0,0.0
2003-11-28 00:00:00+09:00,1939.7984653385588,1939.7984653385588,1897.7305458232177,1916.427490234375,306000,0.0,0.0
2003-12-01 00:00:00+09:00,1879.0338898802831,1953.8212627363635,1869.6854169208282,1949.1470947265625,318600,0.0,0.0
2003-12-02 00:00:00+09:00,1930.4499341961257,2005.2372934327905,1930.4499341961257,1977.1920166015625,461700,0.0,0.0
2003-12-03 00:00:00+09:00,1939.7981225264857,1949.14659307995,1907.0786809990877,1921.101318359375,346500,0.0,0.0
2003-12-04 00:00:00+09:00,1925.7752161609883,1958.4947900577145,1916.4268838531798,1939.7978515625,278100,0.0,0.0
2003-12-05 00:00:00+09:00,1944.4725897107996,1944.4725897107996,1911.7530084934228,1930.449951171875,134100,0.0,0.0
2003-12-08 00:00:00+09:00,1893.0561561993418,1893.0561561993418,1836.965603423065,1841.6397705078125,433800,0.0,0.0
2003-12-09 00:00:00+09:00,1869.685046895951,1869.685046895951,1809.8552152278064,1841.6397705078125,275400,0.0,0.0
2003-12-10 00:00:00+09:00,1863.141163381538,1863.141163381538,1797.7021421998356,1812.65966796875,387000,0.0,0.0
2003-12-11 00:00:00+09:00,1795.832427488292,1837.9003385673527,1766.8522653205562,1807.050537109375,547200,0.0,0.0
2003-12-12 00:00:00+09:00,1823.8777804303659,1865.9456933290176,1813.594421539704,1842.5745849609375,454500,0.0,0.0
2003-12-15 00:00:00+09:00,1869.6851536798297,1888.3820969663168,1845.3792917351973,1865.010986328125,460800,0.0,0.0
2003-12-16 00:00:00+09:00,1854.7278277241994,1854.7278277241994,1823.878020865046,1836.0308837890625,304200,0.0,0.0
2003-12-17 00:00:00+09:00,1860.3366938504523,1865.9457490711675,1818.268779695089,1828.552001953125,276300,0.0,0.0
2003-12-18 00:00:00+09:00,1801.4419809909025,1874.3597137137122,1801.4419809909025,1856.59765625,283500,0.0,0.0
2003-12-19 00:00:00+09:00,1862.2065622532834,1888.3822021484373,1859.4020342980825,1888.3822021484375,361800,0.0,0.0
2003-12-22 00:00:00+09:00,1861.271286187152,1879.0333385162485,1846.3138981687887,1855.6622314453125,304200,0.0,0.0
2003-12-23 00:00:00+09:00,1855.6622314453127,1855.6622314453127,1855.6622314453127,1855.6622314453125,0,0.0,0.0
2003-12-24 00:00:00+09:00,1827.6177373739424,1854.728271484375,1827.6177373739424,1854.728271484375,206100,0.0,0.0
2003-12-25 00:00:00+09:00,1860.33700882515,1860.33700882515,1837.9007841435998,1849.118896484375,171900,0.0,0.0
2003-12-26 00:00:00+09:00,1858.46636717772,1874.3587768904333,1850.052786837972,1857.5316162109375,162000,0.0,0.0
2003-12-29 00:00:00+09:00,1850.0534232862576,1879.0335889616294,1849.1186719979055,1868.7503662109375,344700,0.0,0.0
2003-12-30 00:00:00+09:00,1897.73069885934,1953.8212627363635,1893.056530849539,1949.1470947265625,199800,0.0,0.0
2003-12-31 00:00:00+09:00,1949.1470947265625,1949.1470947265625,1949.1470947265625,1949.1470947265625,0,0.0,0.0
2004-01-01 00:00:00+09:00,1949.1470947265625,1949.1470947265625,1949.1470947265625,1949.1470947265625,0,0.0,0.0
2004-01-02 00:00:00+09:00,1949.1470947265625,1949.1470947265625,1949.1470947265625,1949.1470947265625,0,0.0,0.0
2004-01-05 00:00:00+09:00,2009.9118009464341,2019.2602737865075,1977.1923514159553,1995.88916015625,232200,0.0,0.0
2004-01-06 00:00:00+09:00,1977.1918678005247,1986.540338353989,1916.427151552552,1921.101318359375,418500,0.0,0.0
2004-01-07 00:00:00+09:00,1888.3823708024365,1921.1018208887165,1860.337088745667,1869.6854248046875,501300,0.0,0.0
2004-01-08 00:00:00+09:00,1907.079171818795,1963.1697356958184,1893.056530849539,1949.1470947265625,406800,0.0,0.0
2004-01-09 00:00:00+09:00,1986.5402713223407,2033.2823486328125,1953.8206939591785,2033.2823486328125,625500,0.0,0.0
2004-01-12 00:00:00+09:00,2033.2823486328125,2033.2823486328125,2033.2823486328125,2033.2823486328125,0,0.0,0.0
2004-01-13 00:00:00+09:00,2042.6313874167647,2042.6313874167647,1977.1923514159553,1995.88916015625,504000,0.0,0.0
2004-01-14 00:00:00+09:00,2000.5629201741122,2000.5629201741122,1977.1918129091953,1986.540283203125,333900,0.0,0.0
2004-01-15 00:00:00+09:00,2005.2371556712153,2051.97923486543,1991.214518218969,2023.9339599609375,622800,0.0,0.0
2004-01-16 00:00:00+09:00,2042.6310734477377,2224.9253757000124,2042.6310734477377,2215.576904296875,1662300,0.0,0.0
2004-01-19 00:00:00+09:00,2192.2062679779065,2201.554741401177,2136.115701318004,2159.48681640625,501300,0.0,0.0
2004-01-20 00:00:00+09:00,2196.8805951047148,2196.8805951047148,2131.4415543678533,2136.11572265625,365400,0.0,0.0
2004-01-21 00:00:00+09:00,2131.4407681267003,2145.463404759113,2103.3954948618752,2126.7666015625,346500,0.0,0.0
2004-01-22 00:00:00+09:00,2145.463623046875,2187.531537224265,2126.766817947977,2145.463623046875,610200,0.0,0.0
2004-01-23 00:00:00+09:00,2145.4637639749844,2145.4637639749844,2084.6990407072713,2098.7216796875,538200,0.0,0.0
2004-01-26 00:00:00+09:00,2098.722376914735,2122.0933583527526,2084.6997332759724,2117.419189453125,341100,0.0,0.0
2004-01-27 00:00:00+09:00,2103.3958348605747,2122.092641079391,2089.373195961504,2094.04736328125,238500,0.0,0.0
2004-01-28 00:00:00+09:00,2094.047458548018,2103.3959305526428,2084.699123483232,2089.373291015625,167400,0.0,0.0
2004-01-29 00:00:00+09:00,2084.6991718684317,2098.7218117309103,2014.585972556039,2047.305419921875,257400,0.0,0.0
2004-01-30 00:00:00+09:00,2009.9113495174738,2023.9339871581535,1972.517740435542,2005.2371826171875,438300,0.0,0.0
2004-02-02 00:00:00+09:00,2080.024296137424,2145.463309840152,2056.653327410582,2131.440673828125,489600,0.0,0.0
2004-02-03 00:00:00+09:00,2145.463309840152,2154.8117794947716,2075.3501297800162,2131.440673828125,479700,0.0,0.0
2004-02-04 00:00:00+09:00,2145.4636385441827,2150.137805617714,2117.418362223344,2122.092529296875,528300,0.0,0.0
2004-02-05 00:00:00+09:00,2117.4184063908533,2117.4184063908533,2075.350491032095,2080.024658203125,129600,0.0,0.0
2004-02-06 00:00:00+09:00,2080.024753322279,2084.6990576468934,2066.002114228107,2075.3505859375,127800,0.0,0.0
2004-02-09 00:00:00+09:00,2056.6535386427245,2094.047147222169,1995.888685056445,2023.9339599609375,300600,0.0,0.0
2004-02-10 00:00:00+09:00,2023.9342813870874,2075.3506725241646,2023.9342813870874,2042.6312255859375,151200,0.0,0.0
2004-02-11 00:00:00+09:00,2042.6312255859375,2042.6312255859375,2042.6312255859375,2042.6312255859375,0,0.0,0.0
2004-02-12 00:00:00+09:00,2023.9336876930627,2061.327428181966,1963.16897922092,2019.259521484375,259200,0.0,0.0
2004-02-13 00:00:00+09:00,2000.5630157169012,2028.6082909982606,1981.8660742361146,2005.2371826171875,211500,0.0,0.0
2004-02-16 00:00:00+09:00,1977.191880766723,2028.6082637382322,1977.191880766723,2023.9339599609375,166500,0.0,0.0
2004-02-17 00:00:00+09:00,2019.260185606866,2131.4413070294695,2019.260185606866,2084.69921875,307800,0.0,0.0
2004-02-18 00:00:00+09:00,2047.305013333774,2089.3729245666595,2023.9339058911212,2037.95654296875,237600,0.0,0.0
2004-02-19 00:00:00+09:00,2075.350569073841,2122.092653361325,2066.0020974404106,2098.7216796875,291600,0.0,0.0
2004-02-20 00:00:00+09:00,2117.4189236187626,2150.138375688105,2117.4189236187626,2140.7900390625,414000,0.0,0.0
2004-02-23 00:00:00+09:00,2103.39627075775,2150.1383644613015,2094.047797241095,2136.11572265625,316800,0.0,0.0
2004-02-24 00:00:00+09:00,2140.789403514309,2140.789403514309,2103.3956572935936,2108.06982421875,187200,0.0,0.0
2004-02-25 00:00:00+09:00,2084.699028641758,2117.418473759645,2070.6763897426877,2094.04736328125,256500,0.0,0.0
2004-02-26 00:00:00+09:00,2098.7216675408285,2098.7216675408285,2042.6311119445468,2094.04736328125,404100,0.0,0.0
2004-02-27 00:00:00+09:00,2122.0926706047962,2122.0926706047962,2066.002114228107,2075.3505859375,411300,0.0,0.0
2004-03-01 00:00:00+09:00,2140.789604724175,2168.8348827906934,2122.092661386607,2150.137939453125,430200,0.0,0.0
2004-03-02 00:00:00+09:00,2164.1601122095867,2164.1601122095867,2112.74387145869,2131.440673828125,323100,0.0,0.0
2004-03-03 00:00:00+09:00,2145.4636385441827,2145.4636385441827,2122.092529296875,2122.092529296875,387000,0.0,0.0
2004-03-04 00:00:00+09:00,2084.6990407072713,2122.092653361325,2084.6990407072713,2098.7216796875,449100,0.0,0.0
2004-03-05 00:00:00+09:00,2131.4407681267003,2131.4407681267003,2112.7439649300873,2126.7666015625,234900,0.0,0.0
2004-03-08 00:00:00+09:00,2112.744873046875,2131.4416842799,2089.3737563006916,2112.744873046875,323100,0.0,0.0
2004-03-09 00:00:00+09:00,2108.0701944198117,2117.418666851644,2066.0022738863354,2084.69921875,290700,0.0,0.0
2004-03-10 00:00:00+09:00,2061.327842352034,2084.698951970889,2005.2372888186455,2028.6083984375,405900,0.0,0.0
2004-03-11 00:00:00+09:00,1972.5181834658442,2009.9118009464341,1967.843878575882,1995.88916015625,454500,0.0,0.0
2004-03-12 00:00:00+09:00,1972.5178449041116,2037.9567327331797,1972.5178449041116,2028.6083984375,354600,0.0,0.0
2004-03-15 00:00:00+09:00,2051.9786815032317,2066.0013151739595,2014.5850830078123,2014.5850830078125,149400,0.0,0.0
2004-03-16 00:00:00+09:00,2037.9565274702018,2042.6308310870736,1972.5176462321376,1986.540283203125,369900,0.0,0.0
2004-03-17 00:00:00+09:00,1972.5178098640079,2000.5630861325017,1949.1467006603211,1967.843505859375,717300,0.0,0.0
2004-03-18 00:00:00+09:00,1977.1923564385468,1981.8665244005313,1958.495547650757,1972.5181884765625,559800,0.0,0.0
2004-03-19 00:00:00+09:00,1977.1921947696433,2061.3280328449473,1972.518027189851,2042.6312255859375,776700,0.0,0.0
2004-03-22 00:00:00+09:00,2009.9113495174738,2019.2598202578672,1981.8660742361146,2005.2371826171875,440100,0.0,0.0
2004-03-23 00:00:00+09:00,1977.1923514159553,2005.2376329963233,1977.1923514159553,1995.88916015625,238500,0.0,0.0
2004-03-24 00:00:00+09:00,2042.6307525272748,2094.0469948168775,2028.6081160955996,2070.676025390625,1029600,0.0,0.0
2004-03-25 00:00:00+09:00,2098.722376914735,2117.419189453125,2080.025427436465,2117.419189453125,526500,0.0,0.0
2004-03-26 00:00:00+09:00,2142.7937156234384,2175.687432912132,2142.7937156234384,2166.289306640625,387900,20.0,0.0
2004-03-29 00:00:00+09:00,2161.5908203125,2170.989087359653,2156.8917556235515,2161.5908203125,369000,0.0,0.0
2004-03-30 00:00:00+09:00,2166.2900226707043,2180.387354406806,2147.4934885763982,2161.5908203125,419400,0.0,0.0
2004-03-31 00:00:00+09:00,2185.0850950641398,2387.146819290379,2185.0850950641398,2283.766357421875,990000,0.0,0.0
2004-04-01 00:00:00+09:00,2246.174086526477,2283.7670049252715,2217.9794321446834,2269.669677734375,471600,0.0,0.0
2004-04-02 00:00:00+09:00,2330.758599469057,2504.6254820078875,2307.263004106635,2420.04150390625,1082700,0.0,0.0
2004-04-05 00:00:00+09:00,2532.8194070523077,2556.3151332720117,2499.9258308861467,2504.624755859375,835200,0.0,0.0
2004-04-06 00:00:00+09:00,2509.324516971997,2523.421845719031,2387.1477596105224,2434.138671875,479700,0.0,0.0
2004-04-07 00:00:00+09:00,2490.527515807389,2523.421368441777,2481.1293901997356,2518.72216796875,573300,0.0,0.0
2004-04-08 00:00:00+09:00,2490.5270707972527,2532.8190414825176,2490.5270707972527,2528.1201171875,450900,0.0,0.0
2004-04-09 00:00:00+09:00,2518.72216796875,2537.518694522457,2504.6248418880696,2518.72216796875,569700,0.0,0.0
2004-04-12 00:00:00+09:00,2490.527515807389,2532.8194940494304,2490.527515807389,2518.72216796875,348300,0.0,0.0
2004-04-13 00:00:00+09:00,2523.4212477825627,2556.3150988441066,2523.4212477825627,2542.2177734375,324900,0.0,0.0
2004-04-14 00:00:00+09:00,2528.120519162627,2532.8194442047807,2504.624792598277,2514.023193359375,387000,0.0,0.0
2004-04-15 00:00:00+09:00,2514.0229101341897,2514.0229101341897,2429.43896484375,2429.43896484375,423900,0.0,0.0
2004-04-16 00:00:00+09:00,2401.2448097554743,2476.4303707906884,2387.1474826440694,2471.7314453125,459900,0.0,0.0
2004-04-19 00:00:00+09:00,2476.4298436418076,2499.925567384978,2415.341622721633,2462.33251953125,146700,0.0,0.0
2004-04-20 00:00:00+09:00,2396.545251639922,2467.031876688155,2373.049801736637,2448.2353515625,523800,0.0,0.0
2004-04-21 00:00:00+09:00,2448.23505702482,2462.3323803384724,2405.9430870838632,2443.5361328125,313200,0.0,0.0
2004-04-22 00:00:00+09:00,2481.1290624999997,2509.3237109375,2467.0317382812495,2467.03173828125,402300,0.0,0.0
2004-04-23 00:00:00+09:00,2467.0321479132417,2565.7134338297715,2467.0321479132417,2532.819580078125,500400,0.0,0.0
2004-04-26 00:00:00+09:00,2561.0140582452404,2561.0140582452404,2504.624755859375,2504.624755859375,196200,0.0,0.0
2004-04-27 00:00:00+09:00,2467.031670694297,2514.0228419155455,2457.63354658539,2495.226318359375,154800,0.0,0.0
2004-04-28 00:00:00+09:00,2518.7229815814662,2518.7229815814662,2490.5283203125,2490.5283203125,145800,0.0,0.0
2004-04-29 00:00:00+09:00,2490.5283203125,2490.5283203125,2490.5283203125,2490.5283203125,0,0.0,0.0
2004-04-30 00:00:00+09:00,2481.1289032027903,2485.8281027534567,2405.9430870838632,2443.5361328125,481500,0.0,0.0
2004-05-03 00:00:00+09:00,2443.5361328125,2443.5361328125,2443.5361328125,2443.5361328125,0,0.0,0.0
2004-05-04 00:00:00+09:00,2443.5361328125,2443.5361328125,2443.5361328125,2443.5361328125,0,0.0,0.0
2004-05-05 00:00:00+09:00,2443.5361328125,2443.5361328125,2443.5361328125,2443.5361328125,0,0.0,0.0
2004-05-06 00:00:00+09:00,2443.536110174139,2471.7307565402316,2401.244140625,2401.244140625,287100,0.0,0.0
2004-05-07 00:00:00+09:00,2363.6515976796554,2368.3507981856815,2311.961493466975,2321.359619140625,447300,0.0,0.0
2004-05-10 00:00:00+09:00,2170.989087359653,2194.4846861429073,2128.697092151348,2161.5908203125,823500,0.0,0.0
2004-05-11 00:00:00+09:00,2170.9882250720916,2260.271244715626,2161.589961757804,2222.678466796875,618300,0.0,0.0
2004-05-12 00:00:00+09:00,2264.9705167960515,2279.067843378456,2180.3865573016246,2213.2802734375,325800,0.0,0.0
2004-05-13 00:00:00+09:00,2250.8733525554035,2250.8733525554035,2189.7848411795726,2199.18310546875,199800,0.0,0.0
2004-05-14 00:00:00+09:00,2161.5908203125,2180.387354406806,2138.095359198501,2161.5908203125,302400,0.0,0.0
2004-05-17 00:00:00+09:00,2091.103204676492,2123.9970554536244,1978.324602398763,2001.8201904296875,333900,0.0,0.0
2004-05-18 00:00:00+09:00,2077.006188244002,2119.2981703869964,2034.7142061010072,2091.103515625,282600,0.0,0.0
2004-05-19 00:00:00+09:00,2095.8028090231755,2147.492919921875,2067.608153016896,2147.492919921875,177300,0.0,0.0
2004-05-20 00:00:00+09:00,2133.3958413377663,2180.3870319548664,2119.298511686483,2128.69677734375,202500,0.0,0.0
2004-05-21 00:00:00+09:00,2138.0948010176307,2203.8822401651632,2105.200943774645,2189.784912109375,161100,0.0,0.0
2004-05-24 00:00:00+09:00,2241.474841593252,2255.5721676410085,2170.988211354471,2180.386474609375,199800,0.0,0.0
2004-05-25 00:00:00+09:00,2161.589844975126,2175.687170350332,2138.094394462579,2142.79345703125,184500,0.0,0.0
2004-05-26 00:00:00+09:00,2199.182791739054,2264.9703570397833,2189.784528790609,2208.5810546875,365400,0.0,0.0
2004-05-27 00:00:00+09:00,2208.581287870035,2208.581287870035,2161.5901058356617,2166.289306640625,95400,0.0,0.0
2004-05-28 00:00:00+09:00,2227.3785716977504,2241.4759044300145,2194.484841212222,2232.07763671875,178200,0.0,0.0
2004-05-31 00:00:00+09:00,2227.37783281455,2227.37783281455,2161.590255997798,2189.784912109375,285300,0.0,0.0
2004-06-01 00:00:00+09:00,2166.289061136707,2199.1827746975805,2156.8907982610885,2185.08544921875,191700,0.0,0.0
2004-06-02 00:00:00+09:00,2138.094394462579,2156.8907824064554,2109.899743712168,2142.79345703125,519300,0.0,0.0
2004-06-03 00:00:00+09:00,2142.7939319349316,2166.2895253239594,2048.8116960480443,2058.2099609375,437400,0.0,0.0
2004-06-04 00:00:00+09:00,2039.4132809489392,2058.2096704053724,1987.723037857243,2011.2186279296875,771300,0.0,0.0
2004-06-07 00:00:00+09:00,2067.608401532311,2128.6967843320053,2053.5110718347482,2109.900390625,621000,0.0,0.0
2004-06-08 00:00:00+09:00,2119.2977641317602,2147.4924134890307,2048.811140738584,2105.200439453125,594000,0.0,0.0
2004-06-09 00:00:00+09:00,2142.7935592589583,2199.1828634499834,2123.9971704183495,2180.386474609375,897300,0.0,0.0
2004-06-10 00:00:00+09:00,2194.4838145232115,2236.7757929337067,2185.0855512089233,2222.678466796875,485100,0.0,0.0
2004-06-11 00:00:00+09:00,2185.0855042866683,2189.784567008305,2114.598875116131,2133.395263671875,902700,0.0,0.0
2004-06-14 00:00:00+09:00,2114.598701795277,2142.7933511525475,2067.6076654228887,2105.200439453125,634500,0.0,0.0
2004-06-15 00:00:00+09:00,2067.6077343885568,2105.200509672711,2062.908534226144,2077.005859375,259200,0.0,0.0
2004-06-16 00:00:00+09:00,2095.802314780159,2123.9969641374296,2086.404052438007,2105.200439453125,265500,0.0,0.0
2004-06-17 00:00:00+09:00,2123.9968948480605,2128.6959570312497,2091.1030465581894,2114.5986328125,245700,0.0,0.0
2004-06-18 00:00:00+09:00,2133.3949288167555,2133.3949288167555,2077.0056343311217,2081.704833984375,318600,0.0,0.0
2004-06-21 00:00:00+09:00,2119.2986821857944,2119.2986821857944,2091.1040206149446,2095.80322265625,144000,0.0,0.0
2004-06-22 00:00:00+09:00,2105.200843005998,2114.5991071497347,2067.6080617694784,2091.103515625,246600,0.0,0.0
2004-06-23 00:00:00+09:00,2077.005985576145,2086.404248802828,2030.0149447811298,2039.4132080078125,279000,0.0,0.0
2004-06-24 00:00:00+09:00,2091.103615718857,2194.4841132407837,2086.404552256667,2189.784912109375,1297800,0.0,0.0
2004-06-25 00:00:00+09:00,2199.1828634499834,2199.1828634499834,2170.988211354471,2180.386474609375,320400,0.0,0.0
2004-06-28 00:00:00+09:00,2217.9792663051307,2222.678466796875,2180.38648838638,2222.678466796875,233100,0.0,0.0
2004-06-29 00:00:00+09:00,2203.881436848324,2227.377020933549,2189.784113931023,2217.978759765625,314100,0.0,0.0
2004-06-30 00:00:00+09:00,2180.386547570222,2189.78467347041,2142.793630961858,2152.19189453125,609300,0.0,0.0
2004-07-01 00:00:00+09:00,2180.387354406806,2189.7854837847035,2152.1926909346025,2161.5908203125,227700,0.0,0.0
2004-07-02 00:00:00+09:00,2170.988107781661,2185.0854331568667,2133.395194224715,2142.79345703125,299700,0.0,0.0
2004-07-05 00:00:00+09:00,2123.997371293471,2123.997371293471,2086.4044523877383,2091.103515625,158400,0.0,0.0
2004-07-06 00:00:00+09:00,2072.306886501831,2081.705149563907,2048.8112976812386,2053.510498046875,323100,0.0,0.0
2004-07-07 00:00:00+09:00,2039.4132080078125,2044.1122707865543,1987.7229667648562,2039.4132080078125,334800,0.0,0.0
2004-07-08 00:00:00+09:00,2020.617224445586,2020.617224445586,1964.2279052734373,1964.2279052734375,456300,0.0,0.0
2004-07-09 00:00:00+09:00,1964.227381000934,1992.4220330615656,1959.5283182138953,1978.32470703125,521100,0.0,0.0
2004-07-12 00:00:00+09:00,2044.112412145994,2053.5106760226085,2006.5194943087454,2020.6168212890625,516600,0.0,0.0
2004-07-13 00:00:00+09:00,2039.412910967602,2058.209297014077,2025.3155870154508,2048.81103515625,472500,0.0,0.0
2004-07-14 00:00:00+09:00,2048.811475249697,2048.811475249697,2020.6168212890625,2020.6168212890625,438300,0.0,0.0
2004-07-15 00:00:00+09:00,2044.112412145994,2044.112412145994,2001.8204312050425,2020.6168212890625,398700,0.0,0.0
2004-07-16 00:00:00+09:00,2015.9176044711028,2015.9176044711028,1987.7229526603182,1997.1212158203125,423900,0.0,0.0
2004-07-19 00:00:00+09:00,1997.1212158203125,1997.1212158203125,1997.1212158203125,1997.1212158203125,0,0.0,0.0
2004-07-20 00:00:00+09:00,1959.5285644531252,1983.0241566792324,1940.7321732737694,1959.528564453125,433800,0.0,0.0
2004-07-21 00:00:00+09:00,1992.4223300891313,1992.4223300891313,1968.926874982068,1987.7232666015625,260100,0.0,0.0
2004-07-22 00:00:00+09:00,1912.5373535156252,1936.0328060558836,1845.8099158681266,1912.537353515625,615600,0.0,0.0
2004-07-23 00:00:00+09:00,1874.943987982619,1893.7403730501142,1809.1564337426278,1847.689208984375,1177200,0.0,0.0
2004-07-26 00:00:00+09:00,1763.1046791187916,1785.6603887123406,1723.6321873300808,1753.7064208984375,2265300,0.0,0.0
2004-07-27 00:00:00+09:00,1776.2629457586088,1832.6522456239616,1766.8646832246536,1792.2398681640625,1457100,0.0,0.0
2004-07-28 00:00:00+09:00,1876.823206409031,1877.7630736569324,1850.5083001592343,1872.1241455078125,1032300,0.0,0.0
2004-07-29 00:00:00+09:00,1870.2454246090128,1871.1851546278917,1785.6614627573874,1834.5321044921875,907200,0.0,0.0
2004-07-30 00:00:00+09:00,1862.726806640625,1884.3428003414915,1851.4489447685944,1862.726806640625,633600,0.0,0.0
2004-08-02 00:00:00+09:00,1872.1249286529683,1874.9443939069636,1847.689609008075,1852.388671875,528300,0.0,0.0
2004-08-03 00:00:00+09:00,1834.531587903358,1858.027172135718,1811.036141340168,1827.0130615234375,421200,0.0,0.0
2004-08-04 00:00:00+09:00,1798.8188913480985,1798.8188913480985,1744.3091820841782,1752.767578125,1062000,0.0,0.0
2004-08-05 00:00:00+09:00,1931.3343018455041,2034.7146808720602,1921.936035508819,2006.52001953125,4130100,0.0,0.0
2004-08-06 00:00:00+09:00,1931.3337318187398,2011.2186279296875,1926.6346688719325,2011.2186279296875,1187100,0.0,0.0
2004-08-09 00:00:00+09:00,1973.6258638822117,2020.6169099896688,1940.732145373913,2015.9178466796875,625500,0.0,0.0
2004-08-10 00:00:00+09:00,2015.9173442814624,2081.704902571983,2001.820020195578,2072.306640625,687600,0.0,0.0
2004-08-11 00:00:00+09:00,2156.891439858969,2180.3870352025156,2119.298514843142,2170.98876953125,1172700,0.0,0.0
2004-08-12 00:00:00+09:00,2170.9883909147397,2250.873291015625,2161.5901268825146,2250.873291015625,1290600,0.0,0.0
2004-08-13 00:00:00+09:00,2194.483289711504,2199.182351410265,2156.8903831139137,2175.686767578125,885600,0.0,0.0
2004-08-16 00:00:00+09:00,2156.891117425929,2161.5901807244827,2119.2981980298564,2138.0947265625,459900,0.0,0.0
2004-08-17 00:00:00+09:00,2152.19189453125,2175.6873469509237,2142.793630961858,2152.19189453125,594000,0.0,0.0
2004-08-18 00:00:00+09:00,2166.2900226707043,2166.2900226707043,2138.095359198501,2161.5908203125,281700,0.0,0.0
2004-08-19 00:00:00+09:00,2199.182482910156,2279.067362580806,2194.4834209304154,2255.57177734375,1442700,0.0,0.0
2004-08-20 00:00:00+09:00,2227.377685546875,2236.775949519088,2217.979421574662,2227.377685546875,462600,0.0,0.0
2004-08-23 00:00:00+09:00,2227.377685546875,2246.174075822091,2208.581295271659,2227.377685546875,453600,0.0,0.0
2004-08-24 00:00:00+09:00,2227.377020933549,2246.173405600227,2208.5806362668704,2217.978759765625,545400,0.0,0.0
2004-08-25 00:00:00+09:00,2213.2802734375,2222.6785370488383,2199.182946855096,2213.2802734375,674100,0.0,0.0
2004-08-26 00:00:00+09:00,2227.377064646026,2316.660203320568,2227.377064646026,2283.766357421875,1170900,0.0,0.0
2004-08-27 00:00:00+09:00,2288.466088735543,2354.253662109375,2283.767025519274,2354.253662109375,1021500,0.0,0.0
2004-08-30 00:00:00+09:00,2354.253399580211,2368.3507253262,2335.4568734727604,2349.55419921875,486900,0.0,0.0
2004-08-31 00:00:00+09:00,2354.2529962713065,2354.2529962713065,2316.660225834846,2326.058349609375,270000,0.0,0.0
2004-09-01 00:00:00+09:00,2354.2540877501347,2401.2452790855173,2349.5548860150543,2387.14794921875,801000,0.0,0.0
2004-09-02 00:00:00+09:00,2387.1473570169437,2387.1473570169437,2363.651629508819,2368.350830078125,464400,0.0,0.0
2004-09-03 00:00:00+09:00,2373.04971708489,2387.147041591655,2344.85506807136,2358.952392578125,450000,0.0,0.0
2004-09-06 00:00:00+09:00,2349.5548860150543,2387.14794921875,2344.855959618448,2387.14794921875,333000,0.0,0.0
2004-09-07 00:00:00+09:00,2377.748779296875,2377.748779296875,2344.8552037697623,2377.748779296875,640800,0.0,0.0
2004-09-08 00:00:00+09:00,2368.350517136512,2377.7486416948987,2344.85506807136,2358.952392578125,384300,0.0,0.0
2004-09-09 00:00:00+09:00,2344.8552741956823,2358.952599941672,2340.1560738342214,2349.55419921875,452700,0.0,0.0
2004-09-10 00:00:00+09:00,2349.5546989344384,2354.2539002953504,2288.4663202656184,2311.9619140625,722700,0.0,0.0
2004-09-13 00:00:00+09:00,2311.9615246000744,2377.748955878332,2311.9615246000744,2368.350830078125,523800,0.0,0.0
2004-09-14 00:00:00+09:00,2382.4477737781613,2434.137870384427,2382.4477737781613,2424.73974609375,633600,0.0,0.0
2004-09-15 00:00:00+09:00,2434.1385388998347,2462.3331948536493,2415.34228515625,2415.34228515625,1117800,0.0,0.0
2004-09-16 00:00:00+09:00,2358.952599941672,2368.3507253262,2340.1560738342214,2349.55419921875,785700,0.0,0.0
2004-09-17 00:00:00+09:00,2340.1557407496166,2340.1557407496166,2288.465507815221,2297.86376953125,466200,0.0,0.0
2004-09-20 00:00:00+09:00,2297.86376953125,2297.86376953125,2297.86376953125,2297.86376953125,0,0.0,0.0
2004-09-21 00:00:00+09:00,2279.068192882247,2335.457370190155,2274.368991521335,2311.9619140625,558000,0.0,0.0
2004-09-22 00:00:00+09:00,2311.961529660663,2349.554308282181,2297.8642032602934,2330.758056640625,581400,0.0,0.0
2004-09-23 00:00:00+09:00,2330.758056640625,2330.758056640625,2330.758056640625,2330.758056640625,0,0.0,0.0
2004-09-24 00:00:00+09:00,2274.3683206799255,2288.465645266101,2236.7755468962478,2260.27099609375,771300,0.0,0.0
2004-09-27 00:00:00+09:00,2229.101777626162,2257.4378177585268,2219.6565231550876,2224.379150390625,527400,20.0,0.0
2004-09-28 00:00:00+09:00,2191.3203418187786,2210.2109879032255,2153.5389112903226,2196.04296875,598500,0.0,0.0
2004-09-29 00:00:00+09:00,2238.546845299558,2266.882881316008,2205.48818273355,2233.82421875,532800,0.0,0.0
2004-09-30 00:00:00+09:00,2323.555010832968,2337.723029191706,2295.218974115493,2314.109619140625,693900,0.0,0.0
2004-10-01 00:00:00+09:00,2318.832101584993,2361.336013121965,2318.832101584993,2356.613525390625,264600,0.0,0.0
2004-10-04 00:00:00+09:00,2418.0083374327455,2469.957921768392,2394.395066101427,2451.067138671875,612900,0.0,0.0
2004-10-05 00:00:00+09:00,2460.5122938280106,2484.1258409376146,2446.3442762498858,2479.403076171875,685800,0.0,0.0
2004-10-06 00:00:00+09:00,2474.6809898211195,2493.57177734375,2465.2357344193892,2493.57177734375,359100,0.0,0.0
2004-10-07 00:00:00+09:00,2488.8481925828964,2488.8481925828964,2474.68017578125,2474.68017578125,332100,0.0,0.0
2004-10-08 00:00:00+09:00,2469.9580315215712,2474.6805199662176,2441.6219939772286,2446.344482421875,750600,0.0,0.0
2004-10-11 00:00:00+09:00,2446.344482421875,2446.344482421875,2446.344482421875,2446.344482421875,0,0.0,0.0
2004-10-12 00:00:00+09:00,2436.899329639409,2460.512602996981,2384.9500175651,2418.008544921875,675900,0.0,0.0
2004-10-13 00:00:00+09:00,2408.563300056719,2413.286065433795,2328.277948961205,2347.16845703125,719100,0.0,0.0
2004-10-14 00:00:00+09:00,2328.278675053032,2394.396027355659,2295.2198605421113,2323.555908203125,453600,0.0,0.0
2004-10-15 00:00:00+09:00,2266.883155162068,2337.7232537608825,2257.43776256237,2333.00048828125,738900,0.0,0.0
2004-10-18 00:00:00+09:00,2347.168719552496,2351.891485457794,2290.4967739251415,2304.664794921875,500400,0.0,0.0
2004-10-19 00:00:00+09:00,2333.0005715482494,2370.7821432955006,2323.555316971009,2351.891357421875,441000,0.0,0.0
2004-10-20 00:00:00+09:00,2361.3371006744555,2366.059867300018,2299.9423797785535,2328.278564453125,551700,0.0,0.0
2004-10-21 00:00:00+09:00,2366.058865784997,2366.058865784997,2299.94140625,2299.94140625,356400,0.0,0.0
2004-10-22 00:00:00+09:00,2304.6641708764914,2304.6641708764914,2257.4373547688324,2299.94140625,649800,0.0,0.0
2004-10-25 00:00:00+09:00,2266.882881316008,2266.882881316008,2214.933435832666,2233.82421875,505800,0.0,0.0
2004-10-26 00:00:00+09:00,2224.3790070564514,2224.3790070564514,2181.874949596774,2196.04296875,654300,0.0,0.0
2004-10-27 00:00:00+09:00,2200.766194644242,2252.715658464549,2186.598171635031,2243.270263671875,693900,0.0,0.0
2004-10-28 00:00:00+09:00,2318.832621650772,2318.832621650772,2271.605796711856,2290.49658203125,737100,0.0,0.0
2004-10-29 00:00:00+09:00,2229.101453840891,2252.714863307783,2210.2108092831077,2233.82421875,423900,0.0,0.0
2004-11-01 00:00:00+09:00,2214.932830336659,2233.823608089823,2205.487579819591,2210.210205078125,391500,0.0,0.0
2004-11-02 00:00:00+09:00,2210.21072324366,2224.37874070035,2200.765332152685,2214.933349609375,549900,0.0,0.0
2004-11-03 00:00:00+09:00,2214.933349609375,2214.933349609375,2214.933349609375,2214.933349609375,0,0.0,0.0
2004-11-04 00:00:00+09:00,2290.496387748638,2314.109659855622,2266.8829772820973,2276.328369140625,537300,0.0,0.0
2004-11-05 00:00:00+09:00,2333.000264165757,2333.000264165757,2304.664365807836,2314.109619140625,374400,0.0,0.0
2004-11-08 00:00:00+09:00,2351.8912734806454,2380.2273129201712,2318.832606921055,2333.00048828125,420300,0.0,0.0
2004-11-09 00:00:00+09:00,2351.891357421875,2370.7821432955006,2342.4461028446344,2351.891357421875,461700,0.0,0.0
2004-11-10 00:00:00+09:00,2356.6140389602783,2356.6140389602783,2318.832606921055,2333.00048828125,237600,0.0,0.0
2004-11-11 00:00:00+09:00,2347.16824950292,2394.395068940662,2337.722996303013,2380.22705078125,477900,0.0,0.0
2004-11-12 00:00:00+09:00,2394.395213407629,2408.563232421875,2394.395213407629,2408.563232421875,320400,0.0,0.0
2004-11-15 00:00:00+09:00,2418.007990016619,2460.5120383375306,2418.007990016619,2455.78955078125,488700,0.0,0.0
2004-11-16 00:00:00+09:00,2451.0681474117505,2455.790914309316,2399.118818415403,2403.84130859375,320400,0.0,0.0
2004-11-17 00:00:00+09:00,2403.8407929993336,2427.454345703125,2399.1183038339027,2427.454345703125,214200,0.0,0.0
2004-11-18 00:00:00+09:00,2436.8987703989346,2455.78955078125,2432.1760061235896,2455.78955078125,305100,0.0,0.0
2004-11-19 00:00:00+09:00,2455.7902064952805,2469.9582263852167,2446.3446754225643,2460.5126953125,306900,0.0,0.0
2004-11-22 00:00:00+09:00,2446.344855803168,2446.344855803168,2427.454345703125,2427.454345703125,324000,0.0,0.0
2004-11-23 00:00:00+09:00,2427.454345703125,2427.454345703125,2427.454345703125,2427.454345703125,0,0.0,0.0
2004-11-24 00:00:00+09:00,2418.008673061991,2422.731438671435,2389.6726328436116,2399.1181640625,333000,0.0,0.0
2004-11-25 00:00:00+09:00,2399.117870297518,2422.731142015077,2399.117870297518,2413.285888671875,263700,0.0,0.0
2004-11-26 00:00:00+09:00,2427.454191843334,2484.1262719897218,2427.454191843334,2469.958251953125,484200,0.0,0.0
2004-11-29 00:00:00+09:00,2484.1272126213094,2569.135365029804,2474.6816778742013,2564.41259765625,882900,0.0,0.0
2004-11-30 00:00:00+09:00,2531.3525390625,2559.688575980062,2521.9072856630164,2531.3525390625,420300,0.0,0.0
2004-12-01 00:00:00+09:00,2531.353075669841,2531.353075669841,2479.4037558815694,2493.57177734375,484200,0.0,0.0
2004-12-02 00:00:00+09:00,2526.62999151112,2545.5204978673914,2507.7392084357443,2521.9072265625,693900,0.0,0.0
2004-12-03 00:00:00+09:00,2526.62999151112,2545.5204978673914,2503.0164434871244,2521.9072265625,773100,0.0,0.0
2004-12-06 00:00:00+09:00,2408.563290922672,2436.899329639409,2342.445959489994,2418.008544921875,2003400,0.0,0.0
2004-12-07 00:00:00+09:00,2413.2859976663312,2422.7312514361215,2389.672448163173,2408.563232421875,414000,0.0,0.0
2004-12-08 00:00:00+09:00,2399.1177245448634,2399.1177245448634,2380.226942287015,2384.94970703125,314100,0.0,0.0
2004-12-09 00:00:00+09:00,2389.6727050693107,2389.6727050693107,2337.723388671875,2337.723388671875,689400,0.0,0.0
2004-12-10 00:00:00+09:00,2356.6138191796867,2361.336307499759,2328.277782382813,2342.44580078125,1316700,0.0,0.0
2004-12-13 00:00:00+09:00,2347.168643457095,2361.3366639945,2328.2781338866553,2337.723388671875,1023300,0.0,0.0
2004-12-14 00:00:00+09:00,2337.7231373506434,2427.4540166805773,2337.7231373506434,2408.563232421875,2981700,0.0,0.0
2004-12-15 00:00:00+09:00,2408.56312364072,2455.789943794947,2389.6723402352072,2413.285888671875,1265400,0.0,0.0
2004-12-16 00:00:00+09:00,2408.5628917605377,2451.066942791606,2394.3948747501818,2436.89892578125,576000,0.0,0.0
2004-12-17 00:00:00+09:00,2427.4541667154085,2498.2942661650886,2427.4541667154085,2460.5126953125,996300,0.0,0.0
2004-12-20 00:00:00+09:00,2465.23486328125,2479.402879736889,2455.789611217181,2465.23486328125,421200,0.0,0.0
2004-12-21 00:00:00+09:00,2432.176065978401,2469.9576276728203,2432.176065978401,2465.23486328125,670500,0.0,0.0
2004-12-22 00:00:00+09:00,2427.4536733473733,2455.7897073680856,2403.8401271840585,2436.89892578125,5151600,0.0,0.0
2004-12-23 00:00:00+09:00,2436.89892578125,2436.89892578125,2436.89892578125,2436.89892578125,0,0.0,0.0
2004-12-24 00:00:00+09:00,2455.789611217181,2465.23486328125,2446.3440824340405,2465.23486328125,1111500,0.0,0.0
2004-12-27 00:00:00+09:00,2465.23505859375,2479.403076171875,2436.8990234375,2479.403076171875,648900,0.0,0.0
2004-12-28 00:00:00+09:00,2465.23486328125,2469.9576276728203,2451.066846825611,2465.23486328125,436500,0.0,0.0
2004-12-29 00:00:00+09:00,2474.68017578125,2484.1257047950667,2460.5121589796036,2474.68017578125,576000,0.0,0.0
2004-12-30 00:00:00+09:00,2479.4029402881583,2493.570957089805,2465.2349234865114,2474.68017578125,335700,0.0,0.0
2004-12-31 00:00:00+09:00,2474.68017578125,2474.68017578125,2474.68017578125,2474.68017578125,0,0.0,0.0
2005-01-03 00:00:00+09:00,2474.68017578125,2474.68017578125,2474.68017578125,2474.68017578125,0,0.0,0.0
2005-01-04 00:00:00+09:00,2484.1265219420193,2498.2945434042,2474.6809898211195,2493.57177734375,314100,0.0,0.0
2005-01-05 00:00:00+09:00,2474.6809898211195,2493.57177734375,2474.6809898211195,2493.57177734375,405000,0.0,0.0
2005-01-06 00:00:00+09:00,2460.513153623312,2493.5719650972865,2460.513153623312,2484.126708984375,484200,0.0,0.0
2005-01-07 00:00:00+09:00,2493.572077445905,2512.4628672420477,2484.126820907435,2503.017333984375,619200,0.0,0.0
2005-01-10 00:00:00+09:00,2503.017333984375,2503.017333984375,2503.017333984375,2503.017333984375,0,0.0,0.0
2005-01-11 00:00:00+09:00,2540.7986689650957,2583.302734375,2531.3531366167776,2583.302734375,1166400,0.0,0.0
2005-01-12 00:00:00+09:00,2583.3027099935452,2583.3027099935452,2569.134688323963,2573.857177734375,636300,0.0,0.0
2005-01-13 00:00:00+09:00,2550.243223529867,2573.856494470999,2536.075205621368,2559.6884765625,676800,0.0,0.0
2005-01-14 00:00:00+09:00,2583.3031887351394,2677.7565917968745,2559.689630430287,2677.756591796875,1237500,0.0,0.0
2005-01-17 00:00:00+09:00,2701.3680107876658,2710.8135382846,2631.4726569369436,2674.921142578125,558000,0.0,0.0
2005-01-18 00:00:00+09:00,2693.812980691142,2697.591027144908,2631.4736922487177,2639.02978515625,383850,0.0,0.0
2005-01-19 00:00:00+09:00,2663.5875312248522,2663.5875312248522,2622.0279172213545,2640.918701171875,316350,0.0,0.0
2005-01-20 00:00:00+09:00,2622.0278597571983,2640.9186432937095,2616.3606523681556,2629.584228515625,291150,0.0,0.0
2005-01-21 00:00:00+09:00,2591.803308527081,2620.139349521476,2580.4688921293227,2606.915771484375,214650,0.0,0.0
2005-01-24 00:00:00+09:00,2608.804775652103,2623.917237697185,2597.4703599385084,2622.028076171875,227250,0.0,0.0
2005-01-25 00:00:00+09:00,2637.1405669916808,2639.0294516202644,2608.804530371853,2625.80615234375,268650,0.0,0.0
2005-01-26 00:00:00+09:00,2616.3606798756314,2654.1422473458756,2616.3606798756314,2637.140625,287100,0.0,0.0
2005-01-27 00:00:00+09:00,2623.917209143629,2635.251624733882,2601.2483779631225,2616.36083984375,390150,0.0,0.0
2005-01-28 00:00:00+09:00,2550.2442214662665,2572.913058990411,2544.5770120852303,2567.245849609375,635850,0.0,0.0
2005-01-31 00:00:00+09:00,2561.577724837683,2593.6918076143816,2540.7980567726554,2576.690185546875,378450,0.0,0.0
2005-02-01 00:00:00+09:00,2578.579561342752,2599.35923113584,2567.2451456884983,2572.912353515625,270450,0.0,0.0
2005-02-02 00:00:00+09:00,2625.80615234375,2674.921856911749,2614.471737695819,2625.80615234375,604350,0.0,0.0
2005-02-03 00:00:00+09:00,2625.805695777974,2642.80731479369,2622.0273737395532,2627.694580078125,207000,0.0,0.0
2005-02-04 00:00:00+09:00,2640.918861267577,2642.8080227928876,2616.3608683150774,2622.028076171875,590400,0.0,0.0
2005-02-07 00:00:00+09:00,2642.8081927703706,2673.0331188045107,2640.919031123555,2656.031494140625,204750,0.0,0.0
2005-02-08 00:00:00+09:00,2665.476634219263,2667.3655188695366,2625.806182495967,2629.584228515625,179550,0.0,0.0
2005-02-09 00:00:00+09:00,2629.5842848971265,2644.6967460188985,2629.5842848971265,2642.807861328125,182250,0.0,0.0
2005-02-10 00:00:00+09:00,2656.0314376860497,2671.1441771010464,2635.2517668893615,2644.697021484375,319950,0.0,0.0
2005-02-11 00:00:00+09:00,2644.697021484375,2644.697021484375,2644.697021484375,2644.697021484375,0,0.0,0.0
2005-02-14 00:00:00+09:00,2663.587832810142,2667.3658793403697,2654.1425781249995,2654.142578125,285300,0.0,0.0
2005-02-15 00:00:00+09:00,2680.589629008979,2695.7020928172287,2674.9224204909897,2684.36767578125,420300,0.0,0.0
2005-02-16 00:00:00+09:00,2693.8128312727895,2710.8144544504175,2691.9236697911215,2708.92529296875,262800,0.0,0.0
2005-02-17 00:00:00+09:00,2710.814453125,2724.037753332827,2705.147245401895,2710.814453125,260550,0.0,0.0
2005-02-18 00:00:00+09:00,2712.703554024262,2712.703554024262,2703.2582993062347,2705.1474609375,400050,0.0,0.0
2005-02-21 00:00:00+09:00,2716.481203184304,2729.704501164313,2708.9248352535265,2712.702880859375,220950,0.0,0.0
2005-02-22 00:00:00+09:00,2712.7041808159306,2712.7041808159306,2663.588457526805,2682.479248046875,273600,0.0,0.0
2005-02-23 00:00:00+09:00,2667.3658524259254,2669.255014031551,2642.808135148519,2646.586181640625,341100,0.0,0.0
2005-02-24 00:00:00+09:00,2657.919994416784,2769.3749694625126,2656.0308332400487,2765.596923828125,980100,0.0,0.0
2005-02-25 00:00:00+09:00,2841.1600866923673,2909.1665759212874,2829.8256718208804,2873.274169921875,1578600,0.0,0.0
2005-02-28 00:00:00+09:00,2873.2740827287944,2903.499280375242,2824.1583786825336,2856.2724609375,731250,0.0,0.0
2005-03-01 00:00:00+09:00,2856.272274616824,2875.163056503456,2843.0486996242726,2869.495849609375,449550,0.0,0.0
2005-03-02 00:00:00+09:00,2871.385123126404,2918.611945882002,2869.4962383851844,2895.943115234375,443700,0.0,0.0
2005-03-03 00:00:00+09:00,2928.0574165736657,2937.5029478557194,2878.941705439737,2892.165283203125,511650,0.0,0.0
2005-03-04 00:00:00+09:00,2911.055803732858,2979.0623009781616,2903.499710740588,2941.281005859375,676800,0.0,0.0
2005-03-07 00:00:00+09:00,2982.8400302602818,2982.8400302602818,2954.503995383582,2969.616455078125,465750,0.0,0.0
2005-03-08 00:00:00+09:00,2969.6164942728483,2969.6164942728483,2926.167999128147,2929.946044921875,297450,0.0,0.0
2005-03-09 00:00:00+09:00,2886.4974841233093,2975.283633649667,2886.4974841233093,2962.06005859375,461700,0.0,0.0
2005-03-10 00:00:00+09:00,2914.8342019370657,2933.7247116228755,2899.7214621254343,2907.27783203125,653850,0.0,0.0
2005-03-11 00:00:00+09:00,2907.2780501602597,2914.8344206330194,2886.4983772591377,2899.7216796875,988650,0.0,0.0
2005-03-14 00:00:00+09:00,2843.049445671497,2880.8310193590587,2814.713403765405,2824.158935546875,786150,0.0,0.0
2005-03-15 00:00:00+09:00,2861.940700847641,2903.500328017177,2833.604654304595,2867.60791015625,455400,0.0,0.0
2005-03-16 00:00:00+09:00,2824.1586082450194,2831.7147007315016,2799.6006158661335,2803.378662109375,948150,0.0,0.0
2005-03-17 00:00:00+09:00,2833.603630721132,2873.274081551228,2833.603630721132,2858.16162109375,402750,0.0,0.0
2005-03-18 00:00:00+09:00,2858.162299692465,2890.276389558952,2835.493465264551,2844.938720703125,388800,0.0,0.0
2005-03-21 00:00:00+09:00,2844.938720703125,2844.938720703125,2844.938720703125,2844.938720703125,0,0.0,0.0
2005-03-22 00:00:00+09:00,2843.0486704038017,2888.3863250904756,2843.0486704038017,2863.82861328125,501750,0.0,0.0
2005-03-23 00:00:00+09:00,2852.4942581291075,2894.053591298434,2848.7159356816487,2875.1630859375,578250,0.0,0.0
2005-03-24 00:00:00+09:00,2873.2739247137706,2903.4991206979907,2867.6067177616724,2875.1630859375,444600,0.0,0.0
2005-03-25 00:00:00+09:00,2877.053331359291,2882.720540992119,2835.4939785313654,2850.6064453125,220950,0.0,0.0
2005-03-28 00:00:00+09:00,2861.019157095139,2887.5277930250536,2859.125881216159,2879.953857421875,189000,11.666667,0.0
2005-03-29 00:00:00+09:00,2878.060434969118,2906.46234806869,2849.6585218695463,2861.019287109375,301500,0.0,0.0
2005-03-30 00:00:00+09:00,2859.126011144359,2862.9128404368244,2830.7240980447873,2861.019287109375,407250,0.0,0.0
2005-03-31 00:00:00+09:00,2885.6345361802187,2925.397216796875,2885.6345361802187,2925.397216796875,534600,0.0,0.0
2005-04-01 00:00:00+09:00,2940.544102123483,2976.5199445434664,2932.9704449336623,2967.052734375,747450,0.0,0.0
2005-04-04 00:00:00+09:00,2972.7331366178137,3006.8154262961234,2972.7331366178137,3003.0283203125,592200,0.0,0.0
2005-04-05 00:00:00+09:00,2999.2420933524622,3044.685155372954,2987.8813278473394,3023.857177734375,361350,0.0,0.0
2005-04-06 00:00:00+09:00,3025.750244175077,3116.636361921136,3018.176585937852,3099.59521484375,417150,0.0,0.0
2005-04-07 00:00:00+09:00,3101.4886035240033,3207.5223094809453,3086.3410104908417,3184.80078125,1335600,0.0,0.0
2005-04-08 00:00:00+09:00,3207.523122646063,3211.3102298862573,3190.481972152614,3199.949462890625,661050,0.0,0.0
2005-04-11 00:00:00+09:00,3190.481142097283,3190.481142097283,3129.89049300504,3145.0380859375,479700,0.0,0.0
2005-04-12 00:00:00+09:00,3148.825570603486,3177.2274841165586,3124.210486438011,3129.890869140625,722250,0.0,0.0
2005-04-13 00:00:00+09:00,3152.6123999510833,3160.186336008715,3129.890869140625,3129.890869140625,367650,0.0,0.0
2005-04-14 00:00:00+09:00,3114.7434451110357,3133.677870249281,3107.1695086382665,3120.423828125,320400,0.0,0.0
2005-04-15 00:00:00+09:00,3063.619982617896,3112.849876037823,3057.939599632425,3078.767578125,540450,0.0,0.0
2005-04-18 00:00:00+09:00,2965.160538126036,2984.0952444890563,2944.33255528047,2950.012939453125,868050,0.0,0.0
2005-04-19 00:00:00+09:00,2959.4788956218745,3029.5370297509944,2959.4788956218745,3014.38916015625,356850,0.0,0.0
2005-04-20 00:00:00+09:00,3127.99738991004,3162.0796869333785,3109.0629653609253,3141.251708984375,779400,0.0,0.0
2005-04-21 00:00:00+09:00,3029.537407666633,3158.2926511090222,2974.626858920123,3148.825439453125,807300,0.0,0.0
2005-04-22 00:00:00+09:00,3175.3340227074304,3207.522766500167,3175.3340227074304,3182.907958984375,615150,0.0,0.0
2005-04-25 00:00:00+09:00,3163.972670111414,3173.439880679759,3114.742786848671,3127.996826171875,615150,0.0,0.0
2005-04-26 00:00:00+09:00,3152.6118020450367,3190.4809204262842,3146.9314204197303,3186.694091796875,353700,0.0,0.0
2005-04-27 00:00:00+09:00,3129.8907182965963,3181.01416015625,3127.9971650328384,3181.01416015625,581850,0.0,0.0
2005-04-28 00:00:00+09:00,3181.0142938783115,3181.0142938783115,3139.358061861474,3165.86669921875,587250,0.0,0.0
2005-04-29 00:00:00+09:00,3165.86669921875,3165.86669921875,3165.86669921875,3165.86669921875,0,0.0,0.0
2005-05-02 00:00:00+09:00,3145.038759949922,3179.121059373928,3137.465100541785,3177.227783203125,529200,0.0,0.0
2005-05-03 00:00:00+09:00,3177.227783203125,3177.227783203125,3177.227783203125,3177.227783203125,0,0.0,0.0
2005-05-04 00:00:00+09:00,3177.227783203125,3177.227783203125,3177.227783203125,3177.227783203125,0,0.0,0.0
2005-05-05 00:00:00+09:00,3177.227783203125,3177.227783203125,3177.227783203125,3177.227783203125,0,0.0,0.0
2005-05-06 00:00:00+09:00,3211.3100480076146,3347.639244233941,3181.014578614278,3285.155029296875,963000,0.0,0.0
2005-05-09 00:00:00+09:00,3228.3514006586383,3311.663600029111,3228.3514006586383,3277.581298828125,576900,0.0,0.0
2005-05-10 00:00:00+09:00,3243.4990069429914,3328.7047601901804,3243.4990069429914,3315.450439453125,673200,0.0,0.0
2005-05-11 00:00:00+09:00,3313.5568383947143,3393.0822002972877,3302.196072408632,3379.827880859375,804150,0.0,0.0
2005-05-12 00:00:00+09:00,3039.004896003753,3097.702279284144,2953.7991512559843,3076.8740234375,4510800,0.0,0.0
2005-05-13 00:00:00+09:00,3074.9802259327703,3175.3335491648227,3074.9802259327703,3145.0380859375,1679850,0.0,0.0
2005-05-16 00:00:00+09:00,3143.145469940378,3143.145469940378,3129.8911499908004,3135.571533203125,592200,0.0,0.0
2005-05-17 00:00:00+09:00,3148.825536756742,3199.9489805307467,3048.471925180962,3050.365478515625,1478250,0.0,0.0
2005-05-18 00:00:00+09:00,3086.3415527343755,3103.3827019015666,3052.259254399992,3086.341552734375,1058850,0.0,0.0
2005-05-19 00:00:00+09:00,3124.210242894669,3126.103796102077,3039.004508997542,3057.939208984375,1472850,0.0,0.0
2005-05-20 00:00:00+09:00,3059.832913565997,3099.5955949561103,3057.9396374557227,3086.341552734375,1046250,0.0,0.0
2005-05-23 00:00:00+09:00,3065.5131091667545,3067.4066625236924,3018.1767715052356,3054.15234375,1397250,0.0,0.0
2005-05-24 00:00:00+09:00,3057.940219623036,3080.661756171659,3044.6858975155033,3059.83349609375,504900,0.0,0.0
2005-05-25 00:00:00+09:00,3061.7264146466123,3073.0871805636684,3029.5376703357697,3039.0048828125,601200,0.0,0.0
2005-05-26 00:00:00+09:00,3029.537107776209,3035.2174896799374,2995.454816353835,3027.6435546875,391050,0.0,0.0
2005-05-27 00:00:00+09:00,3048.4725574779645,3082.5548603964603,3044.6857273856285,3073.087646484375,491400,0.0,0.0
2005-05-30 00:00:00+09:00,3122.31773592033,3162.0804250627584,3120.424459440934,3143.14599609375,768150,0.0,0.0
2005-05-31 00:00:00+09:00,3171.5467444352507,3209.415865736114,3143.144834119002,3188.587890625,2399400,0.0,0.0
2005-06-01 00:00:00+09:00,3190.4819590500542,3196.1623425245425,3139.3585077796606,3156.399658203125,733950,0.0,0.0
2005-06-02 00:00:00+09:00,3190.4820435098422,3216.9906853341845,3188.588767209876,3209.416748046875,1057950,0.0,0.0
2005-06-03 00:00:00+09:00,3222.6708118259253,3247.285620661352,3154.506213766358,3171.54736328125,757350,0.0,0.0
2005-06-06 00:00:00+09:00,3152.6132812500005,3188.589140877595,3129.891744087838,3152.61328125,583200,0.0,0.0
2005-06-07 00:00:00+09:00,3152.6132812500005,3152.6132812500005,3127.9981902034865,3152.61328125,319950,0.0,0.0
2005-06-08 00:00:00+09:00,3152.6123999510833,3152.6123999510833,3112.8497210327814,3129.890869140625,669600,0.0,0.0
2005-06-09 00:00:00+09:00,3101.4887333731062,3126.1038157746507,3082.554033267117,3097.701904296875,365400,0.0,0.0
2005-06-10 00:00:00+09:00,3092.0212766929503,3116.63607977924,3073.0865780891627,3095.80810546875,1035450,0.0,0.0
2005-06-13 00:00:00+09:00,3086.341139705765,3116.6363270404477,3084.4475864864407,3097.701904296875,510300,0.0,0.0
2005-06-14 00:00:00+09:00,3099.5950464458365,3110.955810546875,3082.553900294279,3110.955810546875,287100,0.0,0.0
2005-06-15 00:00:00+09:00,3141.2517016832235,3215.0966783954873,3116.6366169916546,3213.203125,903600,0.0,0.0
2005-06-16 00:00:00+09:00,3218.8832838944454,3218.8832838944454,3150.71869474824,3181.01416015625,571050,0.0,0.0
2005-06-17 00:00:00+09:00,3199.948367793227,3199.948367793227,3133.6770647566486,3179.1201171875,562500,0.0,0.0
2005-06-20 00:00:00+09:00,3218.883470594768,3247.285384386376,3190.48155680316,3207.522705078125,709650,0.0,0.0
2005-06-21 00:00:00+09:00,3203.735273429829,3207.5221021026855,3175.3333649774368,3190.48095703125,362700,0.0,0.0
2005-06-22 00:00:00+09:00,3190.4818258485966,3192.3753793818623,3169.653846432525,3177.227783203125,408150,0.0,0.0
2005-06-23 00:00:00+09:00,3199.949268758747,3247.285610127137,3184.8013954418993,3245.392333984375,429300,0.0,0.0
2005-06-24 00:00:00+09:00,3247.2867266031885,3275.6886521343026,3213.2044159658517,3268.114990234375,530100,0.0,0.0
2005-06-27 00:00:00+09:00,3224.563779734697,3237.8180983223247,3186.6946546646036,3198.055419921875,593100,0.0,0.0
2005-06-28 00:00:00+09:00,3152.611762390297,3218.8827880644944,3148.8249338085193,3179.1201171875,817200,0.0,0.0
2005-06-29 00:00:00+09:00,3196.161866591519,3209.4161851791464,3186.6946546646036,3198.055419921875,404550,0.0,0.0
2005-06-30 00:00:00+09:00,3192.374885864983,3194.26843910552,3143.1449978728065,3173.440185546875,512550,0.0,0.0
2005-07-01 00:00:00+09:00,3156.399333137517,3226.457481228673,3150.7189502480296,3218.883544921875,489150,0.0,0.0
2005-07-04 00:00:00+09:00,3234.0312326406124,3234.0312326406124,3186.6946188137163,3194.2685546875,229950,0.0,0.0
2005-07-05 00:00:00+09:00,3188.5887195531436,3192.3755494589595,3145.038927505112,3162.080078125,456750,0.0,0.0
2005-07-06 00:00:00+09:00,3163.9728811247155,3211.3094918482234,3163.9728811247155,3196.16162109375,297450,0.0,0.0
2005-07-07 00:00:00+09:00,3181.014758777079,3199.949462890625,3156.399671165717,3199.949462890625,286650,0.0,0.0
2005-07-08 00:00:00+09:00,3171.547386002,3194.2689188512986,3105.2760636165735,3135.571533203125,523800,0.0,0.0
2005-07-11 00:00:00+09:00,3135.5712667519074,3173.440392495248,3105.2757997397716,3167.760009765625,974250,0.0,0.0
2005-07-12 00:00:00+09:00,3171.547044498227,3181.014256378543,3148.825514095523,3160.186279296875,357300,0.0,0.0
2005-07-13 00:00:00+09:00,3171.54736328125,3179.1210226017843,3152.6126602549944,3171.54736328125,272250,0.0,0.0
2005-07-14 00:00:00+09:00,3203.7358595073833,3205.629412871404,3163.973180400022,3167.760009765625,369900,0.0,0.0
2005-07-15 00:00:00+09:00,3198.055383943177,3211.309702381691,3167.759917810472,3194.2685546875,489150,0.0,0.0
2005-07-18 00:00:00+09:00,3194.2685546875,3194.2685546875,3194.2685546875,3194.2685546875,0,0.0,0.0
2005-07-19 00:00:00+09:00,3184.8007843412297,3194.26827268825,3171.5467444352507,3188.587890625,189900,0.0,0.0
2005-07-20 00:00:00+09:00,3218.884384770791,3305.9837042557565,3215.097554310581,3237.819091796875,1083600,0.0,0.0
2005-07-21 00:00:00+09:00,3264.3260537984756,3281.3671995735763,3163.972732243683,3175.33349609375,705150,0.0,0.0
2005-07-22 00:00:00+09:00,3194.269453562587,3194.269453562587,3135.5720580886423,3143.14599609375,392850,0.0,0.0
2005-07-25 00:00:00+09:00,3162.079385404889,3165.866491843537,3086.341139705765,3097.701904296875,534150,0.0,0.0
2005-07-26 00:00:00+09:00,3143.145651233443,3165.8671853932933,3114.7437335336303,3162.080078125,359550,0.0,0.0
2005-07-27 00:00:00+09:00,3143.1462806201253,3239.712820136067,3143.1462806201253,3228.35205078125,517950,0.0,0.0
2005-07-28 00:00:00+09:00,3226.457409366898,3232.137792129868,3198.055495552049,3211.309814453125,1219050,0.0,0.0
2005-07-29 00:00:00+09:00,3171.546816501952,3201.8420032860745,3156.398945747479,3196.16162109375,929250,0.0,0.0
2005-08-01 00:00:00+09:00,3243.49782593683,3315.4492322483784,3237.8174444553297,3281.366943359375,1175850,0.0,0.0
2005-08-02 00:00:00+09:00,3394.9754464312755,3550.239339325249,3389.295063488355,3487.755126953125,2102850,0.0,0.0
2005-08-03 00:00:00+09:00,3483.9679032464887,3502.9023260055606,3429.0573561028964,3465.033203125,938250,0.0,0.0
2005-08-04 00:00:00+09:00,3429.0572774193856,3461.2462946235455,3357.1058623886006,3377.933837890625,767250,0.0,0.0
2005-08-05 00:00:00+09:00,3264.3264700549776,3357.1061457822934,3264.3264700549776,3309.76953125,529650,0.0,0.0
2005-08-08 00:00:00+09:00,3305.983153205116,3334.3850703288713,3241.6053819371136,3304.089599609375,552600,0.0,0.0
2005-08-09 00:00:00+09:00,3305.9829019498425,3379.827880859375,3302.196072408632,3379.827880859375,465300,0.0,0.0
2005-08-10 00:00:00+09:00,3379.828376710428,3453.673366453681,3379.828376710428,3417.697509765625,503100,0.0,0.0
2005-08-11 00:00:00+09:00,3427.1650010512926,3466.927687836121,3415.8042333984845,3417.697509765625,549000,0.0,0.0
2005-08-12 00:00:00+09:00,3419.589473516941,3438.5241699218755,3404.441882810411,3438.524169921875,353700,0.0,0.0
2005-08-15 00:00:00+09:00,3415.804335582751,3434.7387639955296,3360.893772043193,3398.76318359375,630450,0.0,0.0
2005-08-16 00:00:00+09:00,3398.7627308412666,3408.2299437865195,3377.934474054263,3402.549560546875,303750,0.0,0.0
2005-08-17 00:00:00+09:00,3404.4437853415156,3508.5839803602025,3402.5502314341243,3470.71484375,585000,0.0,0.0
2005-08-18 00:00:00+09:00,3472.608397657391,3504.7971499079376,3463.1409054829523,3470.71484375,413550,0.0,0.0
2005-08-19 00:00:00+09:00,3453.6732673267325,3466.9275883287482,3427.164902685184,3442.3125,258300,0.0,0.0
2005-08-22 00:00:00+09:00,3461.247563326397,3512.3710215942037,3461.247563326397,3499.11669921875,257400,0.0,0.0
2005-08-23 00:00:00+09:00,3540.7722772489387,3554.0263197703453,3506.689978143962,3512.370361328125,423900,0.0,0.0
2005-08-24 00:00:00+09:00,3540.7718757261055,3650.5924199246506,3531.304386584472,3637.33837890625,1135350,0.0,0.0
2005-08-25 00:00:00+09:00,3644.9128146792395,3682.782224596743,3637.3391545857294,3678.9951171875,877050,0.0,0.0
2005-08-26 00:00:00+09:00,3678.994948050034,3701.716482010945,3656.273414089123,3694.142822265625,490500,0.0,0.0
2005-08-29 00:00:00+09:00,3750.945607475133,3750.945607475133,3684.674300393352,3718.756591796875,553050,0.0,0.0
2005-08-30 00:00:00+09:00,3749.051668098174,3785.027508882532,3749.051668098174,3771.773193359375,500400,0.0,0.0
2005-08-31 00:00:00+09:00,3758.5201179124483,3760.413671429759,3730.1182019650937,3737.692138671875,279450,0.0,0.0
2005-09-01 00:00:00+09:00,3786.9210662103687,3805.8557644578214,3754.7323288158505,3775.560302734375,744750,0.0,0.0
2005-09-02 00:00:00+09:00,3783.136197104146,3815.3249511718755,3773.6689817577626,3815.324951171875,504000,0.0,0.0
2005-09-05 00:00:00+09:00,3815.323356499372,3834.258056640625,3771.7738512731485,3834.258056640625,279450,0.0,0.0
2005-09-06 00:00:00+09:00,3843.724310966198,3843.724310966198,3758.5185975898858,3767.986083984375,289350,0.0,0.0
2005-09-07 00:00:00+09:00,3769.8811056336503,3786.922256202606,3767.98782936764,3773.668212890625,605250,0.0,0.0
2005-09-08 00:00:00+09:00,3773.6665889255282,3773.6665889255282,3711.1823970622286,3747.157958984375,413550,0.0,0.0
2005-09-09 00:00:00+09:00,3749.0533309177035,3769.8813125241936,3678.995171168613,3766.094482421875,625500,0.0,0.0
2005-09-12 00:00:00+09:00,3815.3237834218844,3862.660400390625,3815.3237834218844,3862.660400390625,451800,0.0,0.0
2005-09-13 00:00:00+09:00,3938.3984780543165,4184.54819224605,3928.9309893345003,4165.61376953125,1035450,0.0,0.0
2005-09-14 00:00:00+09:00,4033.071589665395,4108.810115728277,4023.604377918445,4080.408203125,773100,0.0,0.0
2005-09-15 00:00:00+09:00,4070.940657407683,4203.48300683407,4061.4734457923782,4108.81005859375,792900,0.0,0.0
2005-09-16 00:00:00+09:00,4070.9402654356477,4070.9402654356477,3872.1268991201,3900.52880859375,1362150,0.0,0.0
2005-09-19 00:00:00+09:00,3900.52880859375,3900.52880859375,3900.52880859375,3900.52880859375,0,0.0,0.0
2005-09-20 00:00:00+09:00,3843.726200117281,3862.66090485012,3781.241979597647,3786.92236328125,1618650,0.0,0.0
2005-09-21 00:00:00+09:00,3750.9467926783354,3777.4551574695743,3673.3146972656245,3673.314697265625,1680300,0.0,0.0
2005-09-22 00:00:00+09:00,3599.468250517678,3675.2067615509036,3599.468250517678,3635.444091796875,1328850,0.0,0.0
2005-09-23 00:00:00+09:00,3635.444091796875,3635.444091796875,3635.444091796875,3635.444091796875,0,0.0,0.0
2005-09-26 00:00:00+09:00,3620.2966638804505,3786.9210073642002,3620.2966638804505,3733.904296875,1150200,0.0,0.0
2005-09-27 00:00:00+09:00,3771.8511621297503,3889.4845354399627,3758.5701810238384,3879.997802734375,877500,13.333333,0.0
2005-09-28 00:00:00+09:00,3927.430041477169,4145.620691979063,3917.9435881253135,4088.701416015625,1377900,0.0,0.0
2005-09-29 00:00:00+09:00,4012.8108387822695,4174.082289011358,3842.052930748981,3927.431884765625,619500,0.0,0.0
2005-09-30 00:00:00+09:00,3927.430632483731,3993.836371791874,3842.0517056906065,3879.997802734375,523500,0.0,0.0
2005-10-03 00:00:00+09:00,3917.9454269614257,3955.8915361045065,3898.972233426744,3927.431884765625,198900,0.0,0.0
2005-10-04 00:00:00+09:00,3965.378075044835,4003.3244628906245,3936.918423123637,4003.324462890625,237900,0.0,0.0
2005-10-05 00:00:00+09:00,4031.781857858997,4117.160765828297,3955.8894025775744,4041.268310546875,552900,0.0,0.0
2005-10-06 00:00:00+09:00,3955.889983462591,3965.3764375434653,3870.511062956204,3898.970703125,276600,0.0,0.0
2005-10-07 00:00:00+09:00,3889.484341050625,3898.9707953559027,3804.105418524583,3842.051513671875,237300,0.0,0.0
2005-10-10 00:00:00+09:00,3842.051513671875,3842.051513671875,3842.051513671875,3842.051513671875,0,0.0,0.0
2005-10-11 00:00:00+09:00,3766.159045451111,3842.051513671875,3754.7751891143057,3842.051513671875,412500,0.0,0.0
2005-10-12 00:00:00+09:00,3766.1585597936037,3823.0778341377195,3713.034089023192,3788.92626953125,696600,0.0,0.0
2005-10-13 00:00:00+09:00,3788.9267068439917,3813.5918212153038,3654.217834657052,3768.056396484375,721500,0.0,0.0
2005-10-14 00:00:00+09:00,3769.955028554075,3823.0795227895424,3768.0576259291415,3794.619873046875,357000,0.0,0.0
2005-10-17 00:00:00+09:00,3870.5107823687363,3898.970420474389,3842.051144263084,3851.53759765625,366600,0.0,0.0
2005-10-18 00:00:00+09:00,3898.971318860249,3898.971318860249,3861.025218618037,3889.48486328125,325200,0.0,0.0
2005-10-19 00:00:00+09:00,3898.970703125,3917.9438892129215,3879.997517037078,3898.970703125,391500,0.0,0.0
2005-10-20 00:00:00+09:00,3955.890044949579,4022.2957804001985,3955.890044949579,4012.809326171875,541200,0.0,0.0
2005-10-21 00:00:00+09:00,4079.2150646761347,4240.486454235424,4012.8093291758046,4231.0,818100,0.0,0.0
2005-10-24 00:00:00+09:00,4221.5120381219585,4221.5120381219585,4136.133141095271,4164.5927734375,366900,0.0,0.0
2005-10-25 00:00:00+09:00,4316.379290549995,4411.2446747850245,4231.000361360607,4240.48681640625,556800,0.0,0.0
2005-10-26 00:00:00+09:00,4306.893241331321,4430.2185661345475,4249.973946168678,4278.43359375,480600,0.0,0.0
2005-10-27 00:00:00+09:00,4458.67680790281,4468.163261463439,4335.351521983832,4354.32470703125,328200,0.0,0.0
2005-10-28 00:00:00+09:00,4230.999551573637,4287.918826805901,4183.566729571368,4212.0263671875,390300,0.0,0.0
2005-10-31 00:00:00+09:00,4031.7822082824364,4212.026492574895,3946.403292892405,4202.5400390625,890100,0.0,0.0
2005-11-01 00:00:00+09:00,4335.35181465207,4401.757827837849,4316.37890625,4316.37890625,354000,0.0,0.0
2005-11-02 00:00:00+09:00,4325.8645460882535,4563.028079876489,4259.458823329817,4458.67626953125,832500,0.0,0.0
2005-11-03 00:00:00+09:00,4458.677111910528,4989.923828125,4458.677111910528,4989.923828125,832500,0.0,0.0
2005-11-04 00:00:00+09:00,4989.924189613724,5046.843474834213,4781.21995852113,4847.6259765625,1258200,0.0,0.0
2005-11-07 00:00:00+09:00,4695.842108669051,4895.059652673192,4695.842108669051,4724.3017578125,490800,0.0,0.0
2005-11-08 00:00:00+09:00,4800.192289727933,4999.409763987326,4800.192289727933,4923.517578125,615900,0.0,0.0
2005-11-09 00:00:00+09:00,4933.005053627462,4980.43760746201,4885.571943940501,4904.54541015625,469500,0.0,0.0
2005-11-10 00:00:00+09:00,4838.1386007836245,4895.057878439902,4743.272952739054,4790.7060546875,338700,0.0,0.0
2005-11-11 00:00:00+09:00,4847.625486267056,4876.085125998854,4743.2731033489035,4800.1923828125,292800,0.0,0.0
2005-11-14 00:00:00+09:00,4762.246817693596,4904.5450238412905,4762.246817693596,4781.2197265625,200700,0.0,0.0
2005-11-15 00:00:00+09:00,4809.678961955486,4847.625332343778,4771.732591567193,4790.7060546875,177300,0.0,0.0
2005-11-16 00:00:00+09:00,4762.24560546875,4800.191413547489,4657.893521547765,4762.24560546875,342600,0.0,0.0
2005-11-17 00:00:00+09:00,4686.35434111853,4695.84107402696,4629.4353332989485,4676.8681640625,569700,0.0,0.0
2005-11-18 00:00:00+09:00,4714.815539878218,4847.6276210145625,4714.815539878218,4819.16796875,487500,0.0,0.0
2005-11-21 00:00:00+09:00,4885.5703155029905,4923.516679433956,4724.299241537785,4762.24560546875,276300,0.0,0.0
2005-11-22 00:00:00+09:00,4838.139039439209,5046.84326171875,4800.192665610464,5046.84326171875,607500,0.0,0.0
2005-11-23 00:00:00+09:00,5046.84326171875,5046.84326171875,5046.84326171875,5046.84326171875,0,0.0,0.0
2005-11-24 00:00:00+09:00,5046.843455416233,5056.329632348219,4885.57177734375,4885.57177734375,260700,0.0,0.0
2005-11-25 00:00:00+09:00,4847.626123213828,4904.54541015625,4800.193013526867,4904.54541015625,193200,0.0,0.0
2005-11-28 00:00:00+09:00,4933.004630327225,4989.923912385415,4933.004630327225,4951.9775390625,183300,0.0,0.0
2005-11-29 00:00:00+09:00,4876.085139387049,4904.544779196988,4705.327300527413,4714.8134765625,706200,0.0,0.0
2005-11-30 00:00:00+09:00,4714.813248076557,4714.813248076557,4610.46142578125,4610.46142578125,510900,0.0,0.0
2005-12-01 00:00:00+09:00,4619.94820047048,4667.381027128067,4553.542465490797,4638.92138671875,411300,0.0,0.0
2005-12-02 00:00:00+09:00,4743.2747535280205,4762.248223851624,4695.8421894240755,4733.78857421875,387000,0.0,0.0
2005-12-05 00:00:00+09:00,4724.302275917266,4828.654148936465,4724.302275917266,4819.16796875,307500,0.0,0.0
2005-12-06 00:00:00+09:00,4743.27392578125,4771.733570447643,4733.787748127409,4743.27392578125,246900,0.0,0.0
2005-12-07 00:00:00+09:00,4743.2747535280205,4743.2747535280205,4686.355454262274,4733.78857421875,382200,0.0,0.0
2005-12-08 00:00:00+09:00,4667.381474601787,4676.868207598528,4591.489000258878,4657.89501953125,354600,0.0,0.0
2005-12-09 00:00:00+09:00,4733.785885368279,4771.731692756722,4638.92025519274,4752.7587890625,572400,0.0,0.0
2005-12-12 00:00:00+09:00,4809.680407342845,4838.140054723572,4781.220759962118,4828.6533203125,294600,0.0,0.0
2005-12-13 00:00:00+09:00,4838.1408849755135,4847.6276210145625,4800.194496671904,4819.16796875,223800,0.0,0.0
2005-12-14 00:00:00+09:00,4809.679645518523,4819.166378426953,4648.408243263409,4676.8681640625,196200,0.0,0.0
2005-12-15 00:00:00+09:00,4638.922091678277,4686.354647617835,4572.5163466071635,4591.4892578125,171900,0.0,0.0
2005-12-16 00:00:00+09:00,4629.4346107104675,4638.921064211999,4553.542148919753,4610.46142578125,286500,0.0,0.0
2005-12-19 00:00:00+09:00,4619.948088027045,4619.948088027045,4449.19024972716,4563.02880859375,367800,0.0,0.0
2005-12-20 00:00:00+09:00,4600.975920254129,4714.814219505945,4591.489186871818,4695.84130859375,197400,0.0,0.0
2005-12-21 00:00:00+09:00,4771.734403160894,4809.680787955568,4705.328924585877,4733.78857421875,214200,0.0,0.0
2005-12-22 00:00:00+09:00,4733.78857421875,4733.78857421875,4733.78857421875,4733.78857421875,0,0.0,0.0
2005-12-23 00:00:00+09:00,4733.78857421875,4733.78857421875,4733.78857421875,4733.78857421875,0,0.0,0.0
2005-12-26 00:00:00+09:00,4733.78857421875,4733.78857421875,4733.78857421875,4733.78857421875,0,0.0,0.0
2005-12-27 00:00:00+09:00,4819.1661001526745,4819.1661001526745,4724.300444103423,4781.2197265625,225600,0.0,0.0
2005-12-28 00:00:00+09:00,4752.759436251849,4838.138348280326,4686.353430501159,4809.6787109375,238800,0.0,0.0
2005-12-29 00:00:00+09:00,4904.545073395886,4951.9776239735775,4857.111966965821,4914.03125,336000,0.0,0.0
2005-12-30 00:00:00+09:00,4904.545242912508,4951.977795129619,4857.112134843005,4885.57177734375,103200,0.0,0.0
2006-01-02 00:00:00+09:00,4885.57177734375,4885.57177734375,4885.57177734375,4885.57177734375,0,0.0,0.0
2006-01-03 00:00:00+09:00,4885.57177734375,4885.57177734375,4885.57177734375,4885.57177734375,0,0.0,0.0
2006-01-04 00:00:00+09:00,5027.869202106692,5312.465582525038,4999.409564064857,5293.49267578125,540300,0.0,0.0
2006-01-05 00:00:00+09:00,5265.034569809117,5530.658120777337,5217.602011221119,5521.17138671875,596700,0.0,0.0
2006-01-06 00:00:00+09:00,5502.196889376201,5995.4969129679785,5492.710158050561,5938.57763671875,852600,0.0,0.0
2006-01-09 00:00:00+09:00,5938.577636718749,5938.577636718749,5938.577636718749,5938.57763671875,0,0.0,0.0
2006-01-10 00:00:00+09:00,5957.551597230733,5995.497413999737,5445.278068177999,5464.2509765625,855000,0.0,0.0
2006-01-11 00:00:00+09:00,5691.927657969004,5748.846934548694,5473.737283030962,5597.06201171875,483300,0.0,0.0
2006-01-12 00:00:00+09:00,5843.712312187139,5976.523766150841,5805.765944260817,5919.6044921875,609000,0.0,0.0
2006-01-13 00:00:00+09:00,5938.579607855784,6355.988142798166,5919.60669475931,6299.06884765625,675600,0.0,0.0
2006-01-16 00:00:00+09:00,6128.309655202349,6204.201847254673,6014.4710891976765,6090.36328125,314700,0.0,0.0
2006-01-17 00:00:00+09:00,6014.472260246957,6374.9609375,5957.552966162137,5976.52587890625,404100,0.0,0.0
2006-01-18 00:00:00+09:00,5710.901763478493,5729.875230222069,5027.870301168012,5483.224609375,679200,0.0,0.0
2006-01-19 00:00:00+09:00,5881.66020348072,6242.149436586244,5881.66020348072,5976.52587890625,681900,0.0,0.0
2006-01-20 00:00:00+09:00,6355.987137823985,6355.987137823985,6204.202189494123,6337.013671875,648300,0.0,0.0
2006-01-23 00:00:00+09:00,6166.253558747052,6299.065548417395,5786.792160451732,5843.71142578125,621900,0.0,0.0
2006-01-24 00:00:00+09:00,5919.606789949616,5976.526086006824,5653.9832230651455,5682.44287109375,525000,0.0,0.0
2006-01-25 00:00:00+09:00,5691.927666870417,5729.874036600323,5511.68310546875,5511.68310546875,805500,0.0,0.0
2006-01-26 00:00:00+09:00,5559.117226299763,5691.928710937501,5559.117226299763,5691.9287109375,545700,0.0,0.0
2006-01-27 00:00:00+09:00,6071.38873706401,6090.361641004248,5748.846034966626,5862.6845703125,329400,0.0,0.0
2006-01-30 00:00:00+09:00,5995.49774804179,5995.49774804179,5862.686270245914,5881.6591796875,180900,0.0,0.0
2006-01-31 00:00:00+09:00,5900.630934045199,5995.496009598612,5862.6845703125,5862.6845703125,282000,0.0,0.0
2006-02-01 00:00:00+09:00,5597.062970924529,5663.468990265376,5340.926182420064,5378.87255859375,1267800,0.0,0.0
2006-02-02 00:00:00+09:00,5454.7655780008745,5597.063815303963,5274.521514651956,5587.57763671875,885900,0.0,0.0
2006-02-03 00:00:00+09:00,5587.576491186512,5635.0090419457,5511.683742948959,5616.0361328125,242100,0.0,0.0
2006-02-06 00:00:00+09:00,5625.520830790809,5625.520830790809,5378.870853481382,5568.6015625,513300,0.0,0.0
2006-02-07 00:00:00+09:00,5644.496931639985,5644.496931639985,5530.658341797514,5587.57763671875,247800,0.0,0.0
2006-02-08 00:00:00+09:00,5587.576198858542,5597.062375002661,5369.38525390625,5369.38525390625,293700,0.0,0.0
2006-02-09 00:00:00+09:00,5445.278339830651,5483.224158492686,5340.9259488791,5359.8994140625,250200,0.0,0.0
2006-02-10 00:00:00+09:00,5284.005871557628,5284.005871557628,5160.681145646577,5246.06005859375,388200,0.0,0.0
2006-02-13 00:00:00+09:00,5198.627487559111,5198.627487559111,4942.490722656251,4942.49072265625,490800,0.0,0.0
2006-02-14 00:00:00+09:00,4933.004760761314,5141.708429924789,4743.2734449824,5094.27587890625,603900,0.0,0.0
2006-02-15 00:00:00+09:00,5246.0608203589045,5246.0608203589045,5056.329504579991,5094.27587890625,430500,0.0,0.0
2006-02-16 00:00:00+09:00,4942.491667512569,5132.223011316834,4819.166905477503,5027.87060546875,621600,0.0,0.0
2006-02-17 00:00:00+09:00,4876.086738528401,4933.006036815299,4724.3017578125,4724.3017578125,730800,0.0,0.0
2006-02-20 00:00:00+09:00,4572.515793636245,4591.488702547119,4411.244400336713,4544.05615234375,812400,0.0,0.0
2006-02-21 00:00:00+09:00,4676.868120901031,4885.57179614123,4676.868120901031,4847.6259765625,576600,0.0,0.0
2006-02-22 00:00:00+09:00,4923.517898033406,4999.41008882687,4876.085348269035,4951.9775390625,494100,0.0,0.0
2006-02-23 00:00:00+09:00,5103.764468954326,5236.5759936541135,5027.8716926808065,5132.22412109375,511200,0.0,0.0
2006-02-24 00:00:00+09:00,5056.329091905058,5217.600752740102,4961.463997610444,5189.14111328125,430200,0.0,0.0
2006-02-27 00:00:00+09:00,5312.466140220511,5369.385422279489,5293.493231484973,5340.92578125,588600,0.0,0.0
2006-02-28 00:00:00+09:00,5369.3858255872265,5435.791844928075,5274.520718931622,5378.87255859375,529800,0.0,0.0
2006-03-01 00:00:00+09:00,5227.086985539472,5445.277927666578,5198.627345770923,5321.95263671875,374400,0.0,0.0
2006-03-02 00:00:00+09:00,5265.033357181651,5378.871916255849,5208.114077644553,5321.95263671875,416700,0.0,0.0
2006-03-03 00:00:00+09:00,5312.466734760903,5340.9263789754295,5075.303403541461,5265.0341796875,515700,0.0,0.0
2006-03-06 00:00:00+09:00,5151.1951434795665,5198.627694323246,5037.356576772836,5179.65478515625,344700,0.0,0.0
2006-03-07 00:00:00+09:00,5122.736296106557,5208.115234375,5094.2766500170765,5208.115234375,261300,0.0,0.0
2006-03-08 00:00:00+09:00,5132.221521542083,5151.194428074094,4970.9498705369415,5075.30224609375,299400,0.0,0.0
2006-03-09 00:00:00+09:00,5075.303318833756,5302.98046875,5046.843675094225,5302.98046875,202200,0.0,0.0
2006-03-10 00:00:00+09:00,5302.979728823831,5426.304463919319,5217.600809518181,5321.95263671875,256500,0.0,0.0
2006-03-13 00:00:00+09:00,5416.819509467854,5426.305687628413,5388.35986328125,5388.35986328125,174000,0.0,0.0
2006-03-14 00:00:00+09:00,5426.305920801364,5435.79265522204,5369.386625982284,5407.3330078125,271200,0.0,0.0
2006-03-15 00:00:00+09:00,5416.818373784373,5426.304549956071,5302.979812905209,5331.439453125,195600,0.0,0.0
2006-03-16 00:00:00+09:00,5407.331227948589,5407.331227948589,5284.005944483203,5293.49267578125,146700,0.0,0.0
2006-03-17 00:00:00+09:00,5293.494765750243,5293.494765750243,5113.250135037296,5170.16943359375,259500,0.0,0.0
2006-03-20 00:00:00+09:00,5160.681145646577,5312.465509206686,5160.681145646577,5246.06005859375,200400,0.0,0.0
2006-03-21 00:00:00+09:00,5246.06005859375,5246.06005859375,5246.06005859375,5246.06005859375,0,0.0,0.0
2006-03-22 00:00:00+09:00,5198.627694323246,5246.060801019301,5122.735501802884,5179.65478515625,352200,0.0,0.0
2006-03-23 00:00:00+09:00,5227.088086735599,5293.494112136154,5141.709149443081,5160.6826171875,217200,0.0,0.0
2006-03-24 00:00:00+09:00,5217.601908715846,5217.601908715846,5122.7362375511175,5160.6826171875,170100,0.0,0.0
2006-03-27 00:00:00+09:00,5160.681895014107,5160.681895014107,5084.789146361591,5094.27587890625,130500,0.0,0.0
2006-03-28 00:00:00+09:00,5160.80553135596,5293.864788523549,5132.292793613662,5265.35205078125,180600,16.666668,0.0
2006-03-29 00:00:00+09:00,5341.385946180002,5578.991703058781,5331.8815154246795,5559.9833984375,438900,0.0,0.0
2006-03-30 00:00:00+09:00,5588.497077361845,5588.497077361845,5436.428944048711,5569.48876953125,272100,0.0,0.0
2006-03-31 00:00:00+09:00,5617.009817552467,5693.0436057643055,5569.48876953125,5569.48876953125,356700,0.0,0.0
2006-04-03 00:00:00+09:00,5655.027783154549,5683.540527343749,5607.5061715795255,5683.54052734375,219900,0.0,0.0
2006-04-04 00:00:00+09:00,5683.540085723715,5873.624846585319,5655.02734375,5655.02734375,395400,0.0,0.0
2006-04-05 00:00:00+09:00,5607.5061715795255,5759.574326218439,5598.002294776149,5683.54052734375,272400,0.0,0.0
2006-04-06 00:00:00+09:00,5702.547075320514,5702.547075320514,5493.453496928973,5559.9833984375,441900,0.0,0.0
2006-04-07 00:00:00+09:00,5512.463371572691,5540.976112189637,5398.412409104907,5531.4716796875,376200,0.0,0.0
2006-04-10 00:00:00+09:00,5379.404208901406,5559.985107421875,5369.90033211422,5417.42138671875,302700,0.0,0.0
2006-04-11 00:00:00+09:00,5531.470947488921,5674.034631702553,5341.386220833876,5379.40283203125,1045800,0.0,0.0
2006-04-12 00:00:00+09:00,5341.385474869952,5360.393777813989,5160.804647789,5208.32568359375,584700,0.0,0.0
2006-04-13 00:00:00+09:00,5208.32568359375,5303.368312092563,5198.821810566388,5208.32568359375,356400,0.0,0.0
2006-04-14 00:00:00+09:00,5255.848267560896,5265.352142380725,5189.318359375,5189.318359375,153600,0.0,0.0
2006-04-17 00:00:00+09:00,5132.29260942327,5141.797040626073,5018.241662547197,5027.74609375,356700,0.0,0.0
2006-04-18 00:00:00+09:00,4980.223930217863,5132.292027781918,4951.711196730186,5122.78759765625,302100,0.0,0.0
2006-04-19 00:00:00+09:00,5170.309647435347,5265.351729517778,5132.29248046875,5132.29248046875,219300,0.0,0.0
2006-04-20 00:00:00+09:00,5208.326017747234,5312.873082870207,5189.3177135836695,5303.36865234375,493800,0.0,0.0
2006-04-21 00:00:00+09:00,5255.848218710567,5284.360956683881,5189.318311143032,5236.83935546875,254100,0.0,0.0
2006-04-24 00:00:00+09:00,5084.771567188036,5113.284303907054,4999.233357030982,5027.74609375,343200,0.0,0.0
2006-04-25 00:00:00+09:00,4942.207883592945,5075.267135985234,4932.703452390143,5027.74609375,293400,0.0,0.0
2006-04-26 00:00:00+09:00,5008.73828125,5046.755457140783,4904.191743662229,5008.73828125,417900,0.0,0.0
2006-04-27 00:00:00+09:00,5027.74629550802,5046.754601787019,4866.173743023593,4923.19921875,597900,0.0,0.0
2006-04-28 00:00:00+09:00,4885.181640625,4894.685513441332,4809.147316758536,4885.181640625,247200,0.0,0.0
2006-05-01 00:00:00+09:00,4913.69527037683,5046.7545261134865,4913.69527037683,4942.2080078125,332100,0.0,0.0
2006-05-02 00:00:00+09:00,4999.23245683512,5027.745188419941,4932.702564174107,4989.72802734375,215400,0.0,0.0
2006-05-03 00:00:00+09:00,4989.72802734375,4989.72802734375,4989.72802734375,4989.72802734375,0,0.0,0.0
2006-05-04 00:00:00+09:00,4989.72802734375,4989.72802734375,4989.72802734375,4989.72802734375,0,0.0,0.0
2006-05-05 00:00:00+09:00,4989.72802734375,4989.72802734375,4989.72802734375,4989.72802734375,0,0.0,0.0
2006-05-08 00:00:00+09:00,5018.241788677818,5018.241788677818,4856.6697955054915,4942.2080078125,445500,0.0,0.0
2006-05-09 00:00:00+09:00,4894.686161483924,4894.686161483924,4761.6269124348955,4790.1396484375,756300,0.0,0.0
2006-05-10 00:00:00+09:00,4780.6362947149655,5065.763718990003,4704.6025005381225,5037.2509765625,1686600,0.0,0.0
2006-05-11 00:00:00+09:00,5103.778916792437,5160.804379549893,4999.232420700193,5018.24072265625,1284600,0.0,0.0
2006-05-12 00:00:00+09:00,4999.233525540293,4999.233525540293,4818.652667936538,4913.6953125,751200,0.0,0.0
2006-05-15 00:00:00+09:00,4837.661047215357,4970.720862993302,4828.157172437944,4894.6865234375,468000,0.0,0.0
2006-05-16 00:00:00+09:00,4894.6865234375,4894.6865234375,4894.6865234375,4894.6865234375,468000,0.0,0.0
2006-05-17 00:00:00+09:00,4856.6704866823775,4894.687104080668,4799.645003695459,4837.66162109375,392700,0.0,0.0
2006-05-18 00:00:00+09:00,4761.627275653312,4866.173796674576,4685.593492809611,4856.669921875,595350,0.0,0.0
2006-05-19 00:00:00+09:00,4856.669910549015,4923.199261548572,4771.131696215801,4894.6865234375,476550,0.0,0.0
2006-05-22 00:00:00+09:00,4894.6865234375,4894.6865234375,4894.6865234375,4894.6865234375,392700,0.0,0.0
2006-05-23 00:00:00+09:00,4866.174974605653,4875.679408595339,4714.107372107995,4742.6201171875,566100,0.0,0.0
2006-05-24 00:00:00+09:00,4771.131343398889,4818.6523844401045,4714.105871393681,4790.1396484375,275400,0.0,0.0
2006-05-25 00:00:00+09:00,4894.688063336354,4894.688063336354,4818.654256749267,4828.15869140625,226500,0.0,0.0
2006-05-26 00:00:00+09:00,4904.190386733385,4989.728591153153,4894.685956168071,4951.71142578125,289200,0.0,0.0
2006-05-29 00:00:00+09:00,4951.711999659644,4970.720862993302,4866.1737853264285,4894.6865234375,318600,0.0,0.0
2006-05-30 00:00:00+09:00,4942.208174294024,4961.2164809283095,4780.635618789617,4847.16552734375,336000,0.0,0.0
2006-05-31 00:00:00+09:00,4847.165075876217,4847.165075876217,4657.080078125,4657.080078125,607500,0.0,0.0
2006-06-01 00:00:00+09:00,4771.131214930757,4818.652254692414,4495.508014845488,4533.52490234375,796200,0.0,0.0
2006-06-02 00:00:00+09:00,4533.526175518504,4552.534763828259,4314.928384512965,4495.50927734375,679800,0.0,0.0
2006-06-05 00:00:00+09:00,4495.508629390093,4495.508629390093,4428.978719117519,4447.9873046875,335400,0.0,0.0
2006-06-06 00:00:00+09:00,4352.94349694049,4362.447647366064,4210.379848333757,4257.90087890625,875700,0.0,0.0
2006-06-07 00:00:00+09:00,4219.885095915754,4238.8936801536975,4153.35546875,4153.35546875,465300,0.0,0.0
2006-06-08 00:00:00+09:00,4001.2876038660015,4029.8003427972194,3887.23664814113,3982.279296875,951000,0.0,0.0
2006-06-09 00:00:00+09:00,4134.346303684552,4200.87592150367,3982.2784864788573,4058.312255859375,720900,0.0,0.0
2006-06-12 00:00:00+09:00,4001.2876687320404,4105.83447265625,3944.262189945148,4105.83447265625,481200,0.0,0.0
2006-06-13 00:00:00+09:00,4001.28752576432,4029.800264138994,3877.732418955637,3887.236572265625,409500,0.0,0.0
2006-06-14 00:00:00+09:00,3887.2365722656245,3887.2365722656245,3887.2365722656245,3887.236572265625,409500,0.0,0.0
2006-06-15 00:00:00+09:00,4029.8000488281255,4029.8000488281255,4029.8000488281255,4029.800048828125,409500,0.0,0.0
2006-06-16 00:00:00+09:00,4219.884805484694,4257.901692899392,4153.355182897801,4191.3720703125,420300,0.0,0.0
2006-06-19 00:00:00+09:00,4191.370882229029,4191.370882229029,4134.345428049042,4172.3623046875,288300,0.0,0.0
2006-06-20 00:00:00+09:00,4134.346381832374,4134.346381832374,3982.278561752278,4001.286865234375,624000,0.0,0.0
2006-06-21 00:00:00+09:00,4029.8004255821306,4048.8090114083443,3906.2453138235437,3944.26220703125,443100,0.0,0.0
2006-06-22 00:00:00+09:00,4086.8251594412804,4105.833741801548,4020.2955388473492,4096.32958984375,300300,0.0,0.0
2006-06-23 00:00:00+09:00,4162.8590939528785,4219.88456099333,4058.312311563832,4181.86767578125,567300,0.0,0.0
2006-06-26 00:00:00+09:00,4257.90094865812,4276.909528265287,4086.8245675275084,4200.87548828125,329700,0.0,0.0
2006-06-27 00:00:00+09:00,4229.388712685183,4238.8931428217,4134.3463604326535,4181.86767578125,272700,0.0,0.0
2006-06-28 00:00:00+09:00,4086.8251178812748,4181.86775027143,4039.3040801308657,4143.8505859375,315300,0.0,0.0
2006-06-29 00:00:00+09:00,4143.850914755631,4314.927332499367,4134.34676214032,4238.8935546875,402300,0.0,0.0
2006-06-30 00:00:00+09:00,4390.960975796569,4428.977861127106,4333.935508578432,4362.4482421875,356100,0.0,0.0
2006-07-03 00:00:00+09:00,4409.97016731621,4505.0125330034925,4400.46573583619,4457.4912109375,463500,0.0,0.0
2006-07-04 00:00:00+09:00,4476.499881388783,4495.508466269031,4362.448928996712,4400.4658203125,309900,0.0,0.0
2006-07-05 00:00:00+09:00,4314.927209835189,4362.448528450194,4276.910322009995,4324.431640625,248400,0.0,0.0
2006-07-06 00:00:00+09:00,4267.406491469415,4305.423382161459,4257.902059962877,4276.91064453125,303300,0.0,0.0
2006-07-07 00:00:00+09:00,4286.4145550480935,4314.927291064921,4248.39766650722,4267.40625,279000,0.0,0.0
2006-07-10 00:00:00+09:00,4267.405837616714,4267.405837616714,4210.38037109375,4210.38037109375,279000,0.0,0.0
2006-07-11 00:00:00+09:00,4210.380409301475,4267.405876341925,4124.8422087408,4181.86767578125,321600,0.0,0.0
2006-07-12 00:00:00+09:00,4191.370882229029,4276.909063499009,4143.849577597506,4172.3623046875,439500,0.0,0.0
2006-07-13 00:00:00+09:00,4067.81640625,4153.3545997568135,4039.303675081062,4067.81640625,482700,0.0,0.0
2006-07-14 00:00:00+09:00,4029.799142517977,4029.799142517977,3963.2695309759447,3972.773681640625,269100,0.0,0.0
2006-07-17 00:00:00+09:00,3972.774618866648,3991.783203125,3972.774618866648,3991.783203125,269100,0.0,0.0
2006-07-18 00:00:00+09:00,3991.78362678079,3991.78362678079,3858.7240797398545,3877.732666015625,345300,0.0,0.0
2006-07-19 00:00:00+09:00,3925.252649872588,4029.799142517977,3906.2440700985926,3972.773681640625,519000,0.0,0.0
2006-07-20 00:00:00+09:00,4124.842971043358,4181.868448622553,4058.313061571154,4162.85986328125,582300,0.0,0.0
2006-07-21 00:00:00+09:00,4172.364553377612,4172.364553377612,4115.339068463819,4134.34765625,234900,0.0,0.0
2006-07-24 00:00:00+09:00,4067.8172573463025,4162.859621646622,4058.312826004981,4153.35546875,234600,0.0,0.0
2006-07-25 00:00:00+09:00,4276.91007915296,4352.944128930569,4257.901497097391,4333.935546875,399300,0.0,0.0
2006-07-26 00:00:00+09:00,4371.9518694118615,4381.45629843776,4162.858607511546,4200.87548828125,734400,0.0,0.0
2006-07-27 00:00:00+09:00,4276.91007915296,4390.961014597039,4210.3804596254695,4333.935546875,596250,0.0,0.0
2006-07-28 00:00:00+09:00,4343.4396602998995,4447.986443014706,4257.901459472694,4362.4482421875,312600,0.0,0.0
2006-07-31 00:00:00+09:00,4742.6185239331,5103.779654647051,4685.593052931457,4866.17333984375,1739100,0.0,0.0
2006-08-01 00:00:00+09:00,4866.173388543571,4875.677819435418,4733.114140504558,4799.64404296875,823500,0.0,0.0
2006-08-02 00:00:00+09:00,4695.096086669397,4837.659738662286,4695.096086669397,4761.6259765625,546000,0.0,0.0
2006-08-03 00:00:00+09:00,4866.173263982618,4951.711469151585,4866.173263982618,4904.1904296875,368700,0.0,0.0
2006-08-04 00:00:00+09:00,4932.70374253217,4932.70374253217,4799.644482313325,4847.16552734375,265500,0.0,0.0
2006-08-07 00:00:00+09:00,4856.670129249733,4904.191175944968,4752.123046874999,4752.123046875,240600,0.0,0.0
2006-08-08 00:00:00+09:00,4742.6186073962845,4904.190592447917,4704.6014404296875,4790.1396484375,357300,0.0,0.0
2006-08-09 00:00:00+09:00,4799.644439901553,4875.67822265625,4761.627270079496,4875.67822265625,321000,0.0,0.0
2006-08-10 00:00:00+09:00,4856.669351092212,4961.21585982659,4847.164920520231,4932.703125,304500,0.0,0.0
2006-08-11 00:00:00+09:00,4970.720615648334,5151.300910106433,4961.216184454449,5046.75439453125,514500,0.0,0.0
2006-08-14 00:00:00+09:00,5122.788451189104,5255.848267560896,5084.7718381309505,5189.318359375,454500,0.0,0.0
2006-08-15 00:00:00+09:00,5113.285064949502,5217.831596183091,5056.259583024003,5170.310546875,317700,0.0,0.0
2006-08-16 00:00:00+09:00,5322.377326732707,5398.4116624546205,5322.377326732707,5369.89892578125,594000,0.0,0.0
2006-08-17 00:00:00+09:00,5493.453746772931,5521.966483446301,5360.394494593664,5369.89892578125,749100,0.0,0.0
2006-08-18 00:00:00+09:00,5445.934130859376,5493.455185463906,5379.404208901406,5417.42138671875,602100,0.0,0.0
2006-08-21 00:00:00+09:00,5417.420634501689,5417.420634501689,5227.335885587589,5274.85693359375,509700,0.0,0.0
2006-08-22 00:00:00+09:00,5227.335834602182,5331.8823619518125,5208.326970073558,5322.3779296875,462000,0.0,0.0
2006-08-23 00:00:00+09:00,5331.881387033771,5360.394121723791,5303.368652343751,5303.36865234375,211800,0.0,0.0
2006-08-24 00:00:00+09:00,5293.864345553637,5293.864345553637,5179.813404127783,5198.822265625,275100,0.0,0.0
2006-08-25 00:00:00+09:00,5189.31880229679,5322.378073136117,5189.31880229679,5217.83154296875,306600,0.0,0.0
2006-08-28 00:00:00+09:00,5227.337551105246,5274.858614252417,5141.799303306559,5160.8076171875,165600,0.0,0.0
2006-08-29 00:00:00+09:00,5236.83935546875,5303.369263036286,5217.831049116346,5236.83935546875,226800,0.0,0.0
2006-08-30 00:00:00+09:00,5198.8222257994585,5293.864305000026,5189.3177951236585,5227.3349609375,223800,0.0,0.0
2006-08-31 00:00:00+09:00,5255.84935555172,5426.92582039547,5208.327744057656,5417.42138671875,456000,0.0,0.0
2006-09-01 00:00:00+09:00,5417.420042164605,5417.420042164605,5303.369093908508,5350.89013671875,508800,0.0,0.0
2006-09-04 00:00:00+09:00,5426.923234123727,5540.9741563337575,5426.923234123727,5512.46142578125,410100,0.0,0.0
2006-09-05 00:00:00+09:00,5521.965403601408,5521.965403601408,5445.931639637623,5464.93994140625,202200,0.0,0.0
2006-09-06 00:00:00+09:00,5493.453241210533,5521.965975259877,5350.889570963812,5407.9150390625,373500,0.0,0.0
2006-09-07 00:00:00+09:00,5284.36100579922,5284.36100579922,5160.805621136676,5189.318359375,707400,0.0,0.0
2006-09-08 00:00:00+09:00,5179.813283057213,5369.898552250247,5151.300548367193,5303.36865234375,555600,0.0,0.0
2006-09-11 00:00:00+09:00,5246.345864986188,5265.354178867129,5141.799303306559,5160.8076171875,511500,0.0,0.0
2006-09-12 00:00:00+09:00,5094.276461417508,5113.285327628843,5018.242667240664,5037.2509765625,305400,0.0,0.0
2006-09-13 00:00:00+09:00,5160.807140249281,5303.370873405338,5122.789959111137,5141.798828125,596700,0.0,0.0
2006-09-14 00:00:00+09:00,5056.258872347854,5056.258872347854,4923.199061964099,4999.2333984375,863100,0.0,0.0
2006-09-15 00:00:00+09:00,4932.7037047187,4942.208136407694,4818.652752008441,4856.669921875,553500,0.0,0.0
2006-09-18 00:00:00+09:00,4856.669921875,4856.669921875,4856.669921875,4856.669921875,0,0.0,0.0
2006-09-19 00:00:00+09:00,4942.208124882231,4980.224737770715,4885.182648660088,4894.6865234375,462300,0.0,0.0
2006-09-20 00:00:00+09:00,4904.190966541135,4904.190966541135,4752.122843964317,4856.669921875,533100,0.0,0.0
2006-09-21 00:00:00+09:00,4828.156936716872,5046.754399266216,4809.148074311268,5027.74609375,877200,0.0,0.0
2006-09-22 00:00:00+09:00,4951.711924813858,4989.729094017124,4885.182574819902,4913.6953125,417300,0.0,0.0
2006-09-25 00:00:00+09:00,4942.208174294024,4942.208174294024,4771.131743917185,4847.16552734375,460200,0.0,0.0
2006-09-26 00:00:00+09:00,4923.348942947955,4970.963348413356,4866.211433196077,4904.302734375,458400,16.666668,0.0
2006-09-27 00:00:00+09:00,4951.919187431336,5018.579263538492,4932.87297312901,4970.96484375,509400,0.0,0.0
2006-09-28 00:00:00+09:00,5056.669580944423,5056.669580944423,4980.486421086649,5009.05517578125,216900,0.0,0.0
2006-09-29 00:00:00+09:00,4970.963534330147,4990.009185631927,4904.302917798648,4961.4404296875,318300,0.0,0.0
2006-10-02 00:00:00+09:00,4990.010593272552,5104.285649286302,4990.010593272552,5066.1943359375,356700,0.0,0.0
2006-10-03 00:00:00+09:00,5104.284303221725,5104.284303221725,4990.00927734375,4990.00927734375,314400,0.0,0.0
2006-10-04 00:00:00+09:00,5028.0997390156035,5037.622841182439,4790.026648711696,4837.6416015625,793200,0.0,0.0
2006-10-05 00:00:00+09:00,4913.826503799471,4970.964021285511,4885.25774505645,4923.349609375,516900,0.0,0.0
2006-10-06 00:00:00+09:00,4942.393200640154,4951.916302242769,4847.16385856401,4894.77880859375,252900,0.0,0.0
2006-10-09 00:00:00+09:00,4894.77880859375,4894.77880859375,4894.77880859375,4894.77880859375,0,0.0,0.0
2006-10-10 00:00:00+09:00,4847.16385856401,4894.77880859375,4809.072568120221,4894.77880859375,457800,0.0,0.0
2006-10-11 00:00:00+09:00,5028.100557609385,5047.1462070603875,4713.844272758798,4780.5048828125,1698000,0.0,0.0
2006-10-12 00:00:00+09:00,4761.459319451435,4761.459319451435,4599.569882260785,4647.1845703125,955800,0.0,0.0
2006-10-13 00:00:00+09:00,4742.41455078125,4742.41455078125,4742.41455078125,4742.41455078125,955800,0.0,0.0
2006-10-16 00:00:00+09:00,4770.981729664522,4866.211091899816,4761.458626045956,4856.68798828125,704100,0.0,0.0
2006-10-17 00:00:00+09:00,4856.688038599974,4894.779895485441,4761.458675378037,4780.5048828125,943200,0.0,0.0
2006-10-18 00:00:00+09:00,4780.505861270342,4847.165926984342,4770.982755603954,4818.59716796875,482100,0.0,0.0
2006-10-19 00:00:00+09:00,4894.780280135884,4999.532197323397,4894.780280135884,4932.87158203125,890400,0.0,0.0
2006-10-20 00:00:00+09:00,4932.8728891047995,4970.964759076951,4885.258470127348,4942.39599609375,280500,0.0,0.0
2006-10-23 00:00:00+09:00,5018.577814633971,5047.146569855765,4951.917757772118,5037.6240234375,272400,0.0,0.0
2006-10-24 00:00:00+09:00,5104.28475470769,5123.330966027718,5066.193448034783,5094.76220703125,303900,0.0,0.0
2006-10-25 00:00:00+09:00,5094.761478294021,5132.852779518479,5056.669619086068,5113.80712890625,579000,0.0,0.0
2006-10-26 00:00:00+09:00,5189.989649827345,5189.989649827345,5151.898353296502,5161.4208984375,829200,0.0,0.0
2006-10-27 00:00:00+09:00,5085.23989762931,5123.331768250301,4923.350423961508,4970.96484375,951300,0.0,0.0
2006-10-30 00:00:00+09:00,4923.348648653676,4923.348648653676,4751.936129644265,4780.5048828125,1130700,0.0,0.0
2006-10-31 00:00:00+09:00,4723.368582571915,4856.689278738839,4723.368582571915,4799.5517578125,544500,0.0,0.0
2006-11-01 00:00:00+09:00,4856.688447700068,4875.734098755369,4780.505285495353,4790.02783203125,632700,0.0,0.0
2006-11-02 00:00:00+09:00,4742.41423688616,4799.551757812499,4647.185128339529,4799.5517578125,409200,0.0,0.0
2006-11-03 00:00:00+09:00,4799.551757812499,4799.551757812499,4799.551757812499,4799.5517578125,0,0.0,0.0
2006-11-06 00:00:00+09:00,4770.981153499445,4828.11865234375,4761.458051030932,4828.11865234375,437700,0.0,0.0
2006-11-07 00:00:00+09:00,4847.164154429507,4866.210358797297,4713.843513771832,4732.88916015625,673200,0.0,0.0
2006-11-08 00:00:00+09:00,4704.3218965633605,4751.936864529698,4656.70748658057,4675.75341796875,382200,0.0,0.0
2006-11-09 00:00:00+09:00,4732.8897247892155,4809.073435382337,4580.523140578127,4637.66064453125,601800,0.0,0.0
2006-11-10 00:00:00+09:00,4685.277098038852,4732.891516699169,4599.570809660093,4704.32275390625,773400,0.0,0.0
2006-11-13 00:00:00+09:00,4647.184915588408,4647.184915588408,4551.955532409638,4571.00146484375,391800,0.0,0.0
2006-11-14 00:00:00+09:00,4628.139177859598,4713.845458931072,4609.093244624226,4694.7998046875,589500,0.0,0.0
2006-11-15 00:00:00+09:00,4770.981002361397,4856.687247912799,4751.935356011098,4837.6416015625,1035300,0.0,0.0
2006-11-16 00:00:00+09:00,4875.73388671875,4942.394499488621,4866.21134059697,4875.73388671875,938100,0.0,0.0
2006-11-17 00:00:00+09:00,4875.734685999935,4875.734685999935,4742.413996588361,4818.59716796875,585600,0.0,0.0
2006-11-20 00:00:00+09:00,4894.779042813513,4894.779042813513,4618.6143839646265,4628.13720703125,681300,0.0,0.0
2006-11-21 00:00:00+09:00,4790.02863388896,4799.5517400025465,4647.18511109497,4694.7998046875,596700,0.0,0.0
2006-11-22 00:00:00+09:00,4742.413425401242,4818.596587605956,4704.321565307131,4790.02783203125,502800,0.0,0.0
2006-11-23 00:00:00+09:00,4790.02783203125,4790.02783203125,4790.02783203125,4790.02783203125,0,0.0,0.0
2006-11-24 00:00:00+09:00,4732.891113174644,4761.459873531802,4628.139177859598,4694.7998046875,273900,0.0,0.0
2006-11-27 00:00:00+09:00,4694.798927978824,4761.458984375,4628.138313599153,4761.458984375,532500,0.0,0.0
2006-11-28 00:00:00+09:00,4609.092797606006,4675.75341796875,4590.047145209599,4675.75341796875,495600,0.0,0.0
2006-11-29 00:00:00+09:00,4751.936129644265,4809.073635980735,4732.889922209802,4780.5048828125,374400,0.0,0.0
2006-11-30 00:00:00+09:00,4837.642796644765,4837.642796644765,4713.844669826536,4790.02783203125,571500,0.0,0.0
2006-12-01 00:00:00+09:00,4790.02783203125,4790.02783203125,4790.02783203125,4790.02783203125,571500,0.0,0.0
2006-12-04 00:00:00+09:00,4742.41455078125,4761.460206356106,4713.8457884271465,4742.41455078125,220200,0.0,0.0
2006-12-05 00:00:00+09:00,4742.411723428144,4818.594858291992,4723.366079208008,4770.98046875,517200,0.0,0.0
2006-12-06 00:00:00+09:00,4761.460206356106,4770.983313135354,4704.322681647898,4742.41455078125,333300,0.0,0.0
2006-12-07 00:00:00+09:00,4799.550930002547,4818.596581031864,4742.413418931088,4751.9365234375,530100,0.0,0.0
2006-12-08 00:00:00+09:00,4694.7998046875,4732.891113174644,4656.707938216756,4694.7998046875,829500,0.0,0.0
2006-12-11 00:00:00+09:00,4685.275970643939,4732.890377847036,4609.092528530526,4713.8447265625,445800,0.0,0.0
2006-12-12 00:00:00+09:00,4751.936438023258,4790.0277393972165,4723.367683001041,4761.458984375,449700,0.0,0.0
2006-12-13 00:00:00+09:00,4761.458984375,4761.458984375,4761.458984375,4761.458984375,449700,0.0,0.0
2006-12-14 00:00:00+09:00,4742.413425401242,4799.550936550655,4723.36777434594,4790.02783203125,399300,0.0,0.0
2006-12-15 00:00:00+09:00,4761.459069960405,4799.550930002547,4742.413418931088,4751.9365234375,381300,0.0,0.0
2006-12-18 00:00:00+09:00,4761.458984375,4799.550843732454,4742.41333368802,4761.458984375,425700,0.0,0.0
2006-12-19 00:00:00+09:00,4685.276153358811,4704.321805386083,4637.661465307096,4647.1845703125,547800,0.0,0.0
2006-12-20 00:00:00+09:00,4685.276153358811,4694.799258364215,4637.661465307096,4647.1845703125,313500,0.0,0.0
2006-12-21 00:00:00+09:00,4704.321529817872,4723.3677387129965,4666.229949002876,4685.27587890625,376800,0.0,0.0
2006-12-22 00:00:00+09:00,4704.32275390625,4723.368967757295,4656.708335245933,4704.32275390625,309900,0.0,0.0
2006-12-25 00:00:00+09:00,4761.458977096984,4780.505185738348,4704.321467139886,4723.36767578125,211200,0.0,0.0
2006-12-26 00:00:00+09:00,4704.321558888946,4751.9365234375,4694.799012366041,4751.9365234375,208200,0.0,0.0
2006-12-27 00:00:00+09:00,4761.457908724565,4770.981010908459,4732.889160156251,4732.88916015625,242100,0.0,0.0
2006-12-28 00:00:00+09:00,4742.412262340145,4751.93536452404,4704.320411587936,4732.88916015625,174600,0.0,0.0
2006-12-29 00:00:00+09:00,4751.936438023258,4799.550843732454,4732.890229352783,4761.458984375,221100,0.0,0.0
2007-01-04 00:00:00+09:00,4847.16552734375,4847.16552734375,4847.16552734375,4847.16552734375,369000,0.0,0.0
2007-01-05 00:00:00+09:00,4923.348968156561,4970.963373865757,4732.890229352783,4761.458984375,804900,0.0,0.0
2007-01-09 00:00:00+09:00,4913.824453815644,4923.34755541826,4818.595111739501,4894.77880859375,583500,0.0,0.0
2007-01-10 00:00:00+09:00,4913.824744947067,4913.824744947067,4770.981002361397,4837.6416015625,573900,0.0,0.0
2007-01-11 00:00:00+09:00,4894.78166049168,5009.05671437099,4885.258553340517,4970.96484375,961500,0.0,0.0
2007-01-12 00:00:00+09:00,5056.6709834752455,5113.808508712254,5047.147876607863,5085.23974609375,820200,0.0,0.0
2007-01-15 00:00:00+09:00,5037.624030339007,5075.715332031249,5037.624030339007,5075.71533203125,368700,0.0,0.0
2007-01-16 00:00:00+09:00,5113.807375811956,5180.467993148519,5104.284271054298,5132.85302734375,755400,0.0,0.0
2007-01-17 00:00:00+09:00,5180.466374057512,5313.787009079392,5094.760131975587,5285.21826171875,1100400,0.0,0.0
2007-01-18 00:00:00+09:00,5275.6972633770165,5361.403539630344,5237.60595703125,5237.60595703125,682500,0.0,0.0
2007-01-19 00:00:00+09:00,5266.174472325471,5294.743229755837,5209.036957464737,5256.6513671875,343800,0.0,0.0
2007-01-22 00:00:00+09:00,5332.834196549819,5332.834196549819,5237.605383136248,5247.1279296875,447000,0.0,0.0
2007-01-23 00:00:00+09:00,5294.74136350008,5313.787009079392,5256.649514358109,5285.21826171875,352200,0.0,0.0
2007-01-24 00:00:00+09:00,5294.743966833601,5304.266515313655,5256.6520989625205,5275.69775390625,230700,0.0,0.0
2007-01-25 00:00:00+09:00,5532.814991456976,5551.861198824438,5428.063082869765,5456.6318359375,1078500,0.0,0.0
2007-01-26 00:00:00+09:00,5532.814533582252,5704.227037803218,5485.200135070899,5666.1357421875,1584900,0.0,0.0
2007-01-29 00:00:00+09:00,5609.0003298484435,5666.137852536259,5561.385355619517,5656.61474609375,594900,0.0,0.0
2007-01-30 00:00:00+09:00,5675.659798877456,5751.843526368134,5542.339112744111,5561.384765625,966600,0.0,0.0
2007-01-31 00:00:00+09:00,5618.520347249359,5628.0434494018555,5437.585312235504,5485.19970703125,822300,0.0,0.0
2007-02-01 00:00:00+09:00,5551.860852048718,5637.567105898612,5542.337748959811,5589.9521484375,441300,0.0,0.0
2007-02-02 00:00:00+09:00,5637.568335032977,5637.568335032977,5570.90771484375,5570.90771484375,482400,0.0,0.0
2007-02-05 00:00:00+09:00,5551.860306131988,5551.860306131988,5447.107856404632,5485.19970703125,425100,0.0,0.0
2007-02-06 00:00:00+09:00,5437.586518625079,5485.200923984616,5428.063414359775,5466.1552734375,426300,0.0,0.0
2007-02-07 00:00:00+09:00,5466.153418870195,5475.67596192118,5342.355337357669,5389.9697265625,449100,0.0,0.0
2007-02-08 00:00:00+09:00,5466.154844368935,5532.814895043072,5399.494235711349,5428.06298828125,582300,0.0,0.0
2007-02-09 00:00:00+09:00,5389.970990634978,5494.7234526290995,5361.402238815387,5475.67724609375,426300,0.0,0.0
2007-02-13 00:00:00+09:00,5428.063033766642,5532.81494140625,5389.97117735976,5532.81494140625,391200,0.0,0.0
2007-02-14 00:00:00+09:00,5628.044002809705,5637.567105898612,5570.906500243109,5589.9521484375,476100,0.0,0.0
2007-02-15 00:00:00+09:00,5618.5212352693325,5628.044338926978,5570.906832948023,5599.4755859375,229800,0.0,0.0
2007-02-16 00:00:00+09:00,5580.4299366056675,5628.044338926978,5523.292430626714,5599.4755859375,353100,0.0,0.0
2007-02-19 00:00:00+09:00,5580.4299366056675,5608.998689595145,5561.383729290378,5599.4755859375,150900,0.0,0.0
2007-02-20 00:00:00+09:00,5608.998689595145,5637.567442584622,5580.4299366056675,5599.4755859375,150000,0.0,0.0
2007-02-21 00:00:00+09:00,5599.4755859375,5637.567442584622,5542.338079958547,5599.4755859375,187800,0.0,0.0
2007-02-22 00:00:00+09:00,5608.999601739626,5656.614011804067,5599.476496533319,5637.568359375,284400,0.0,0.0
2007-02-23 00:00:00+09:00,5637.569248150988,5732.798083292919,5589.954272596387,5647.091796875,471300,0.0,0.0
2007-02-26 00:00:00+09:00,5647.091796875,5666.138010290294,5589.954272596387,5647.091796875,321300,0.0,0.0
2007-02-27 00:00:00+09:00,5656.612499999999,5808.979352661133,5656.612499999999,5713.75,665100,0.0,0.0
2007-02-28 00:00:00+09:00,5313.786841199805,5532.813711383849,5294.741196222207,5513.76806640625,789900,0.0,0.0
2007-03-01 00:00:00+09:00,5513.76806640625,5513.76806640625,5513.76806640625,5513.76806640625,789900,0.0,0.0
2007-03-02 00:00:00+09:00,5513.769004171528,5513.769004171528,5418.5396471205495,5447.1083984375,321300,0.0,0.0
2007-03-05 00:00:00+09:00,5313.788852609864,5313.788852609864,5151.8994140625,5151.8994140625,518700,0.0,0.0
2007-03-06 00:00:00+09:00,5332.83527672106,5332.83527672106,5237.606444018791,5275.69775390625,510000,0.0,0.0
2007-03-07 00:00:00+09:00,5380.449684762442,5428.064096102151,5304.265957038634,5313.7890625,541800,0.0,0.0
2007-03-08 00:00:00+09:00,5313.7890625,5313.7890625,5313.7890625,5313.7890625,541800,0.0,0.0
2007-03-09 00:00:00+09:00,5332.835291946636,5389.972814924577,5304.266530457665,5342.3583984375,396600,0.0,0.0
2007-03-12 00:00:00+09:00,5418.539537853022,5428.062640761109,5380.4482421875,5380.4482421875,209100,0.0,0.0
2007-03-13 00:00:00+09:00,5380.4482421875,5380.4482421875,5380.4482421875,5380.4482421875,209100,0.0,0.0
2007-03-14 00:00:00+09:00,5266.1738896033285,5313.788294057377,5189.990172896672,5228.08203125,412800,0.0,0.0
2007-03-15 00:00:00+09:00,5266.173351956561,5342.356502901864,5228.081497492198,5304.2646484375,377700,0.0,0.0
2007-03-16 00:00:00+09:00,5237.606458972483,5399.495921415441,5237.606458972483,5342.3583984375,540600,0.0,0.0
2007-03-19 00:00:00+09:00,5304.26453488963,5399.4938900202615,5294.741989964957,5380.4482421875,330000,0.0,0.0
2007-03-20 00:00:00+09:00,5523.291167886714,5808.978632467349,5513.76806640625,5513.76806640625,570300,0.0,0.0
2007-03-22 00:00:00+09:00,5637.566423068639,5713.749564602216,5589.951471374717,5675.65771484375,600600,0.0,0.0
2007-03-23 00:00:00+09:00,5732.795210489771,5770.887060248238,5647.088967020739,5675.65771484375,420600,0.0,0.0
2007-03-26 00:00:00+09:00,5713.749226485149,5808.978566254342,5647.088632848381,5770.88671875,327000,0.0,0.0
2007-03-27 00:00:00+09:00,6002.985351562499,6002.985351562499,6002.985351562499,6002.9853515625,218000,30.0,1.5
2007-03-28 00:00:00+09:00,5874.042753858496,5960.004355134474,5831.061953220507,5859.7158203125,485200,0.0,0.0
2007-03-29 00:00:00+09:00,5730.773628048781,5888.369902820123,5699.254373094513,5874.04296875,606800,0.0,0.0
2007-03-30 00:00:00+09:00,6103.2750808678875,6117.602017677436,5917.02490234375,5917.02490234375,416000,0.0,0.0
2007-04-02 00:00:00+09:00,5931.348386254641,5974.329171662283,5788.0791015625,5788.0791015625,563000,0.0,0.0
2007-04-03 00:00:00+09:00,5831.06103515625,5917.022622898111,5802.407172575629,5831.06103515625,548400,0.0,0.0
2007-04-04 00:00:00+09:00,5945.6764330704245,6002.984157726525,5888.368708414324,5988.6572265625,473400,0.0,0.0
2007-04-05 00:00:00+09:00,5988.659586391495,5988.659586391495,5888.371028724652,5917.02490234375,532000,0.0,0.0
2007-04-06 00:00:00+09:00,5874.042753858496,5902.696620950489,5788.081152582518,5859.7158203125,348600,0.0,0.0
2007-04-09 00:00:00+09:00,5859.7158203125,5859.7158203125,5859.7158203125,5859.7158203125,348600,0.0,0.0
2007-04-10 00:00:00+09:00,5945.6767578125,5974.330621705572,5917.022893919428,5945.6767578125,286400,0.0,0.0
2007-04-11 00:00:00+09:00,6002.985867352553,6160.582155039612,5988.658932108275,6103.2744140625,754000,0.0,0.0
2007-04-12 00:00:00+09:00,6074.619785567917,6160.581386307085,5960.004317915691,6117.6005859375,895000,0.0,0.0
2007-04-13 00:00:00+09:00,6117.600585937501,6117.600585937501,6117.600585937501,6117.6005859375,895000,0.0,0.0
2007-04-16 00:00:00+09:00,6103.273212485599,6260.869469146025,6088.946280061924,6217.888671875,504000,0.0,0.0
2007-04-17 00:00:00+09:00,6131.925119485294,6203.559758731618,6045.963552389706,6088.9443359375,542200,0.0,0.0
2007-04-18 00:00:00+09:00,6088.945855034723,6103.272786458333,5931.349609375,6060.2919921875,624800,0.0,0.0
2007-04-19 00:00:00+09:00,6045.966153602327,6060.293087615602,5945.677615509397,6002.9853515625,474000,0.0,0.0
2007-04-20 00:00:00+09:00,6017.311953865521,6074.619686759478,6002.9850206420315,6045.9658203125,302200,0.0,0.0
2007-04-23 00:00:00+09:00,6189.234596108491,6217.888459979364,6060.292208689564,6074.619140625,655600,0.0,0.0
2007-04-24 00:00:00+09:00,5931.3486328125,6002.983278136323,5831.060129359149,5931.3486328125,567200,0.0,0.0
2007-04-25 00:00:00+09:00,5931.3486328125,5931.3486328125,5931.3486328125,5931.3486328125,567200,0.0,0.0
2007-04-26 00:00:00+09:00,6088.946719024444,6174.908319763613,6031.638985198332,6117.6005859375,693800,0.0,0.0
2007-04-27 00:00:00+09:00,5931.3486328125,5931.3486328125,5931.3486328125,5931.3486328125,693800,0.0,0.0
2007-05-01 00:00:00+09:00,5773.7538031956665,5788.080735709799,5684.926821608041,5702.119140625,882800,0.0,0.0
2007-05-02 00:00:00+09:00,5673.465236158675,5704.984487470668,5530.195912013254,5647.6767578125,888600,0.0,0.0
2007-05-07 00:00:00+09:00,5704.9834987792965,5730.77197265625,5699.252726806641,5730.77197265625,612200,0.0,0.0
2007-05-08 00:00:00+09:00,5699.2549779354495,5699.2549779354495,5604.697203037576,5633.35107421875,553600,0.0,0.0
2007-05-09 00:00:00+09:00,5530.195193838063,5544.522124392047,5510.1374910624845,5541.65673828125,1030400,0.0,0.0
2007-05-10 00:00:00+09:00,5524.464735465862,5619.022482494064,5515.868576645116,5581.7724609375,1289000,0.0,0.0
2007-05-11 00:00:00+09:00,5547.388476767876,5547.388476767876,5392.657599833235,5449.96533203125,840600,0.0,0.0
2007-05-14 00:00:00+09:00,5444.234558811449,5470.0230383005555,5432.773012371846,5449.96533203125,605200,0.0,0.0
2007-05-15 00:00:00+09:00,5395.521686521351,5395.521686521351,5358.271669567141,5364.00244140625,488800,0.0,0.0
2007-05-16 00:00:00+09:00,5206.407691038055,5321.02316029591,5206.407691038055,5289.50390625,1021400,0.0,0.0
2007-05-17 00:00:00+09:00,5472.887650383395,5530.195374471179,5401.252995273665,5418.4453125,1368400,0.0,0.0
2007-05-18 00:00:00+09:00,5513.003715651233,5513.003715651233,5424.176732706748,5461.4267578125,634200,0.0,0.0
2007-05-21 00:00:00+09:00,5702.118836674824,5745.099631926142,5662.003427773594,5707.849609375,1217640,0.0,0.0
2007-05-22 00:00:00+09:00,5702.119028879042,5802.407554512593,5673.465164412313,5759.4267578125,989400,0.0,0.0
2007-05-23 00:00:00+09:00,5788.080338997624,5816.734202061968,5707.8495224174585,5727.9072265625,1060600,0.0,0.0
2007-05-24 00:00:00+09:00,5704.9846794086225,5727.907772043111,5696.388519670689,5699.25390625,385800,0.0,0.0
2007-05-25 00:00:00+09:00,5576.041483716979,5621.887662411466,5570.310711380169,5613.29150390625,693000,0.0,0.0
2007-05-28 00:00:00+09:00,5587.502811240564,5601.829741525797,5570.310494898286,5598.96435546875,498000,0.0,0.0
2007-05-29 00:00:00+09:00,5650.542814056911,5659.138974524543,5604.696624896206,5607.56201171875,573200,0.0,0.0
2007-05-30 00:00:00+09:00,5584.638303843992,5590.369076859737,5527.330573686537,5573.1767578125,393000,0.0,0.0
2007-05-31 00:00:00+09:00,5607.561210565572,5607.561210565572,5567.44580078125,5567.44580078125,552200,0.0,0.0
2007-06-01 00:00:00+09:00,5647.677795132303,5690.658600270296,5647.677795132303,5664.8701171875,475200,0.0,0.0
2007-06-04 00:00:00+09:00,5816.734502677782,5831.061434950388,5639.080542497476,5676.33056640625,534600,0.0,0.0
2007-06-05 00:00:00+09:00,5644.810126300765,5664.867827257163,5636.213968748023,5662.00244140625,323800,0.0,0.0
2007-06-06 00:00:00+09:00,5627.620600536616,5716.447605942234,5624.755213265466,5673.466796875,507000,0.0,0.0
2007-06-07 00:00:00+09:00,5676.330273046679,5802.407270529796,5676.330273046679,5727.9072265625,924200,0.0,0.0
2007-06-08 00:00:00+09:00,5699.255282315341,5702.120669586489,5641.94753689236,5673.466796875,434400,0.0,0.0
2007-06-11 00:00:00+09:00,5684.927210559797,5713.581077548505,5604.696382991413,5630.48486328125,333200,0.0,0.0
2007-06-12 00:00:00+09:00,5527.330390996928,5578.9073464339135,5524.4650045837625,5567.44580078125,588200,0.0,0.0
2007-06-13 00:00:00+09:00,5461.426637659522,5475.753570077307,5438.503545791066,5472.88818359375,721000,0.0,0.0
2007-06-14 00:00:00+09:00,5492.947354610836,5541.6589378285635,5487.216580114632,5518.73583984375,793200,0.0,0.0
2007-06-15 00:00:00+09:00,5859.71549084117,5945.677087283829,5831.061625360285,5902.6962890625,1309800,0.0,0.0
2007-06-18 00:00:00+09:00,6074.620543573944,6117.6013493067785,6060.293608329665,6103.2744140625,796000,0.0,0.0
2007-06-19 00:00:00+09:00,6017.311953865521,6045.965820312499,6002.9850206420315,6045.9658203125,329600,0.0,0.0
2007-06-20 00:00:00+09:00,5960.00427827381,6031.638945079985,5945.677344912575,6017.31201171875,489200,0.0,0.0
2007-06-21 00:00:00+09:00,5960.004008313539,6045.965604587293,5960.004008313539,6031.638671875,295000,0.0,0.0
2007-06-22 00:00:00+09:00,6031.638671875,6045.965604587293,5974.330941025832,6031.638671875,353400,0.0,0.0
2007-06-25 00:00:00+09:00,6045.96591865486,6160.581386307085,6045.96591865486,6117.6005859375,555400,0.0,0.0
2007-06-26 00:00:00+09:00,6131.92724609375,6146.254178911726,6074.619514821846,6131.92724609375,450000,0.0,0.0
2007-06-27 00:00:00+09:00,6002.984806450416,6060.292537299584,5960.004008313539,6031.638671875,505400,0.0,0.0
2007-06-28 00:00:00+09:00,6074.618280157342,6160.579859593531,6045.96442034528,6146.2529296875,398000,0.0,0.0
2007-06-29 00:00:00+09:00,6160.580673042385,6246.542263829023,6103.272945851293,6232.21533203125,534800,0.0,0.0
2007-07-02 00:00:00+09:00,6447.119030898877,6518.753686797753,6375.484375,6375.484375,873200,0.0,0.0
2007-07-03 00:00:00+09:00,6318.176593937286,6318.176593937286,6146.253421313143,6275.19580078125,547600,0.0,0.0
2007-07-04 00:00:00+09:00,6389.81360470871,6461.448286375848,6332.505859374999,6332.505859375,531400,0.0,0.0
2007-07-05 00:00:00+09:00,6346.831720627145,6346.831720627145,6232.216249374284,6260.8701171875,299800,0.0,0.0
2007-07-06 00:00:00+09:00,6289.523333993376,6361.157996111751,6203.561739451325,6217.888671875,438600,0.0,0.0
2007-07-09 00:00:00+09:00,6318.176065083867,6461.445363611846,6260.868345672676,6432.79150390625,523000,0.0,0.0
2007-07-10 00:00:00+09:00,6418.466582774048,6418.466582774048,6303.851108081655,6404.1396484375,298400,0.0,0.0
2007-07-11 00:00:00+09:00,6404.137543330919,6590.38762848372,6375.483684076642,6490.09912109375,707400,0.0,0.0
2007-07-12 00:00:00+09:00,6547.406942728633,6547.406942728633,6389.810714347856,6432.79150390625,308600,0.0,0.0
2007-07-13 00:00:00+09:00,6547.409517397439,6619.044194830672,6490.101775450853,6504.4287109375,331200,0.0,0.0
2007-07-17 00:00:00+09:00,6504.4255129635985,6547.406298291552,6490.098584520948,6518.75244140625,273200,0.0,0.0
2007-07-18 00:00:00+09:00,6432.7912348090285,6447.1181640625,6418.464305555556,6447.1181640625,240400,0.0,0.0
2007-07-19 00:00:00+09:00,6518.754122550027,6547.407986824972,6518.754122550027,6533.0810546875,303600,0.0,0.0
2007-07-20 00:00:00+09:00,6705.002220790952,6705.002220790952,6676.348365146547,6690.67529296875,378200,0.0,0.0
2007-07-23 00:00:00+09:00,6662.026156721444,6676.353094692888,6619.045342807111,6647.69921875,237800,0.0,0.0
2007-07-24 00:00:00+09:00,6662.023983784422,6690.677850381344,6633.3701171875,6633.3701171875,326800,0.0,0.0
2007-07-25 00:00:00+09:00,6547.409542985697,6604.71728515625,6533.082607443059,6604.71728515625,411400,0.0,0.0
2007-07-26 00:00:00+09:00,5570.311103592519,5593.2341945538055,5458.56103515625,5458.56103515625,4162400,0.0,0.0
2007-07-27 00:00:00+09:00,5375.464871158719,5541.657281887506,5292.368665794324,5513.00341796875,2157400,0.0,0.0
2007-07-30 00:00:00+09:00,5530.1965267443775,5530.1965267443775,5226.46552579365,5415.5810546875,1312800,0.0,0.0
2007-07-31 00:00:00+09:00,5335.347807378425,5343.9439638887025,5257.982398785935,5332.482421875,807200,0.0,0.0
2007-08-01 00:00:00+09:00,5157.696725495916,5186.350596193116,4876.888792663361,4911.2734375,1861600,0.0,0.0
2007-08-02 00:00:00+09:00,4922.733238516461,5094.656401677687,4862.560131410031,5091.791015625,1702000,0.0,0.0
2007-08-03 00:00:00+09:00,5183.484279785157,5226.465078125,5143.368868001303,5157.69580078125,908000,0.0,0.0
2007-08-06 00:00:00+09:00,5240.791665430958,5335.34941554535,5077.464642506101,5283.7724609375,1116000,0.0,0.0
2007-08-07 00:00:00+09:00,5378.329128629682,5384.059900210535,5203.540595413693,5220.73291015625,747000,0.0,0.0
2007-08-08 00:00:00+09:00,5372.5999401461695,5510.138498613912,5300.965274277554,5329.619140625,1009600,0.0,0.0
2007-08-09 00:00:00+09:00,5561.713592099472,5636.213619608275,5470.021250550177,5492.9443359375,1470800,0.0,0.0
2007-08-10 00:00:00+09:00,5490.080326833744,5644.81119199503,5467.157235698739,5513.00341796875,1321400,0.0,0.0
2007-08-13 00:00:00+09:00,5229.330784889626,5289.50390625,5206.407691038055,5289.50390625,886000,0.0,0.0
2007-08-14 00:00:00+09:00,5212.137543462397,5252.25295061384,5183.483681211367,5215.0029296875,608400,0.0,0.0
2007-08-15 00:00:00+09:00,5246.521978617508,5286.637384243201,5149.098850669395,5163.42578125,680200,0.0,0.0
2007-08-16 00:00:00+09:00,4951.389715234596,5100.389868702304,4876.889638500742,5068.87060546875,748000,0.0,0.0
2007-08-17 00:00:00+09:00,4917.004405069694,4977.177535900966,4756.542722852967,4779.4658203125,804600,0.0,0.0
2007-08-20 00:00:00+09:00,4842.502404415247,4977.1755482066765,4765.136981386127,4917.00244140625,608800,0.0,0.0
2007-08-21 00:00:00+09:00,5088.924700233447,5134.7708687040185,5040.213146233465,5063.13623046875,529200,0.0,0.0
2007-08-22 00:00:00+09:00,5051.67564851335,5111.848756067961,5014.425629550971,5017.291015625,401800,0.0,0.0
2007-08-23 00:00:00+09:00,4991.50514116821,5071.735993035437,4991.50514116821,5068.87060546875,610000,0.0,0.0
2007-08-24 00:00:00+09:00,4954.25259314643,4977.175682067871,4851.098692999945,4951.38720703125,544600,0.0,0.0
2007-08-27 00:00:00+09:00,4891.215238860977,4911.272946343125,4842.503663547188,4865.4267578125,489600,0.0,0.0
2007-08-28 00:00:00+09:00,4865.427062988281,4868.292449951172,4782.330841064453,4813.85009765625,408600,0.0,0.0
2007-08-29 00:00:00+09:00,4464.272171403895,4570.29147200848,4455.676011895415,4561.6953125,1425200,0.0,0.0
2007-08-30 00:00:00+09:00,4598.9452565668535,4664.849144978715,4567.426005587267,4627.59912109375,732000,0.0,0.0
2007-08-31 00:00:00+09:00,4736.484950287265,4808.11962890625,4736.484950287265,4808.11962890625,712400,0.0,0.0
2007-09-03 00:00:00+09:00,4894.0787301936625,4939.92490096831,4833.905631051937,4882.6171875,516000,0.0,0.0
2007-09-04 00:00:00+09:00,4885.484894736721,4948.5234095075175,4839.638702176141,4848.23486328125,346000,0.0,0.0
2007-09-05 00:00:00+09:00,4928.464286717345,4928.464286717345,4759.406500138088,4782.32958984375,383200,0.0,0.0
2007-09-06 00:00:00+09:00,4610.406942541158,4753.67626953125,4607.541556001356,4753.67626953125,340000,0.0,0.0
2007-09-07 00:00:00+09:00,4696.368959845735,4785.195950544465,4682.042025862069,4736.484375,282200,0.0,0.0
2007-09-10 00:00:00+09:00,4564.559588824095,4656.251934613405,4550.232659794515,4610.40576171875,459400,0.0,0.0
2007-09-11 00:00:00+09:00,4587.48486328125,4613.273347834362,4533.042507002459,4587.48486328125,287800,0.0,0.0
2007-09-12 00:00:00+09:00,4616.137008408368,4659.11779992055,4492.925406073446,4564.56005859375,378000,0.0,0.0
2007-09-13 00:00:00+09:00,4481.4638671875,4515.848500439578,4455.675392248441,4481.4638671875,285400,0.0,0.0
2007-09-14 00:00:00+09:00,4481.4638671875,4481.4638671875,4481.4638671875,4481.4638671875,285400,0.0,0.0
2007-09-18 00:00:00+09:00,4427.023619619122,4441.350556899442,4404.100519970608,4432.75439453125,720800,0.0,0.0
2007-09-19 00:00:00+09:00,4521.579600258783,4567.42578125,4510.118055010978,4567.42578125,566800,0.0,0.0
2007-09-20 00:00:00+09:00,4567.425683285686,4573.156455786672,4533.0410482797715,4541.63720703125,524000,0.0,0.0
2007-09-21 00:00:00+09:00,4461.406809095946,4553.09917768366,4452.810649540848,4524.4453125,393200,0.0,0.0
2007-09-25 00:00:00+09:00,4527.317628664754,4570.407580714228,4346.3398300569625,4507.208984375,614200,20.0,0.0
2007-09-26 00:00:00+09:00,4570.408090023739,4668.078658886597,4553.172107283234,4613.498046875,312200,0.0,0.0
2007-09-27 00:00:00+09:00,5475.297742939506,5475.297742939506,5279.956585269051,5371.8818359375,2913800,0.0,0.0
2007-09-28 00:00:00+09:00,5463.804737647804,5486.786040434967,5262.718338260135,5314.42626953125,816600,0.0,0.0
2007-10-01 00:00:00+09:00,5288.572786601262,5386.243332361416,5185.156914619924,5233.9921875,616800,0.0,0.0
2007-10-02 00:00:00+09:00,5354.645411264181,5371.88139434765,5305.81012586102,5317.30078125,498600,0.0,0.0
2007-10-03 00:00:00+09:00,5340.281071746698,5567.221472321195,5328.790418553053,5492.5322265625,815000,0.0,0.0
2007-10-04 00:00:00+09:00,5466.679026264392,5492.532999588816,5400.607761101974,5458.06103515625,467200,0.0,0.0
2007-10-05 00:00:00+09:00,5561.476530066165,5610.31180951406,5483.91461564892,5535.62255859375,617600,0.0,0.0
2007-10-09 00:00:00+09:00,5369.007298160217,5584.457029226036,5314.426699623542,5544.23974609375,507600,0.0,0.0
2007-10-10 00:00:00+09:00,5607.439678220936,5745.327539160795,5593.0763593730335,5707.98291015625,804000,0.0,0.0
2007-10-11 00:00:00+09:00,5621.804404951147,5817.145590202388,5584.459766594293,5788.4189453125,680000,0.0,0.0
2007-10-12 00:00:00+09:00,5888.9602524486945,5888.9602524486945,5774.0537109375,5774.0537109375,482600,0.0,0.0
2007-10-15 00:00:00+09:00,5903.323841768152,5975.140433517156,5860.23388671875,5860.23388671875,353800,0.0,0.0
2007-10-16 00:00:00+09:00,5846.46309678631,5846.46309678631,5817.144531249999,5817.14453125,407400,0.0,0.0
2007-10-17 00:00:00+09:00,5802.892527323554,5802.892527323554,5759.69091796875,5759.69091796875,572600,0.0,0.0
2007-10-18 00:00:00+09:00,5900.148411001478,5900.148411001478,5831.50634765625,5831.50634765625,309000,0.0,0.0
2007-10-19 00:00:00+09:00,5728.09026037054,5728.09026037054,5676.38232421875,5676.38232421875,424200,0.0,0.0
2007-10-22 00:00:00+09:00,5371.882508691865,5535.624381951457,5348.901193146658,5512.64306640625,394000,0.0,0.0
2007-10-23 00:00:00+09:00,5535.62217603867,5535.62217603867,5492.5322265625,5492.5322265625,275200,0.0,0.0
2007-10-24 00:00:00+09:00,5546.750202174748,5546.750202174748,5535.622558593749,5535.62255859375,363400,0.0,0.0
2007-10-25 00:00:00+09:00,5437.9530703125,5437.9530703125,5386.2451171875,5386.2451171875,866800,0.0,0.0
2007-10-26 00:00:00+09:00,5366.135766459545,5432.20703125,5366.135766459545,5432.20703125,549200,0.0,0.0
2007-10-29 00:00:00+09:00,5458.060967167721,5521.259567840189,5432.206994165348,5446.5703125,574800,0.0,0.0
2007-10-30 00:00:00+09:00,5475.297167215616,5587.3310546875,5475.297167215616,5587.3310546875,487400,0.0,0.0
2007-10-31 00:00:00+09:00,5624.676242223576,5673.51153135422,5538.496320228322,5598.822265625,364600,0.0,0.0
2007-11-01 00:00:00+09:00,5598.821111935985,5630.42041015625,5598.821111935985,5630.42041015625,520000,0.0,0.0
2007-11-02 00:00:00+09:00,5452.315153634763,5452.315153634763,5406.3525390625,5406.3525390625,496200,0.0,0.0
2007-11-05 00:00:00+09:00,5409.225280894117,5435.079251965835,5233.992810296909,5297.19140625,489200,0.0,0.0
2007-11-06 00:00:00+09:00,5320.172469336895,5320.172469336895,5277.08251953125,5277.08251953125,370600,0.0,0.0
2007-11-07 00:00:00+09:00,5294.31928388193,5389.1171875,5294.31928388193,5389.1171875,759400,0.0,0.0
2007-11-08 00:00:00+09:00,5254.10121296824,5277.08251953125,5254.10121296824,5277.08251953125,405400,0.0,0.0
2007-11-09 00:00:00+09:00,5277.084847858973,5277.084847858973,5147.81494140625,5147.81494140625,527800,0.0,0.0
2007-11-12 00:00:00+09:00,5173.668647545611,5173.668647545611,4969.70947265625,4969.70947265625,430600,0.0,0.0
2007-11-13 00:00:00+09:00,4940.981340336287,4995.561948165583,4895.01872321688,4943.85400390625,444800,0.0,0.0
2007-11-14 00:00:00+09:00,4959.920687709536,5107.59521484375,4959.920687709536,5107.59521484375,465200,0.0,0.0
2007-11-15 00:00:00+09:00,5113.341369968368,5165.04931640625,5113.341369968368,5165.04931640625,307000,0.0,0.0
2007-11-16 00:00:00+09:00,5181.835580505113,5181.835580505113,5053.01513671875,5053.01513671875,381200,0.0,0.0
2007-11-19 00:00:00+09:00,4998.434293884136,4998.434293884136,4952.4716796875,4952.4716796875,383000,0.0,0.0
2007-11-20 00:00:00+09:00,4728.402804307285,4958.2158203125,4728.402804307285,4958.2158203125,596400,0.0,0.0
2007-11-21 00:00:00+09:00,4975.45317252411,4975.45317252411,4840.43798828125,4840.43798828125,512200,0.0,0.0
2007-11-22 00:00:00+09:00,4768.620885724852,4854.80078125,4768.620885724852,4854.80078125,412200,0.0,0.0
2007-11-26 00:00:00+09:00,4889.273671013494,5024.2888663940075,4889.273671013494,4949.599609375,492000,0.0,0.0
2007-11-27 00:00:00+09:00,4800.5192804920425,4926.619140625,4800.5192804920425,4926.619140625,335000,0.0,0.0
2007-11-28 00:00:00+09:00,4932.363454419513,4963.962754360465,4872.037518168604,4940.9814453125,359200,0.0,0.0
2007-11-29 00:00:00+09:00,5130.57876629229,5179.4140625,5130.57876629229,5179.4140625,387600,0.0,0.0
2007-11-30 00:00:00+09:00,5193.776235818476,5317.30078125,5193.776235818476,5317.30078125,459400,0.0,0.0
2007-12-03 00:00:00+09:00,5317.30078125,5317.30078125,5317.30078125,5317.30078125,408200,0.0,0.0
2007-12-04 00:00:00+09:00,5331.664283288043,5331.664283288043,5285.70166015625,5285.70166015625,306200,0.0,0.0
2007-12-05 00:00:00+09:00,5285.701246584699,5285.701246584699,5256.974609375,5256.974609375,346400,0.0,0.0
2007-12-06 00:00:00+09:00,5248.357155750148,5455.18896484375,5248.357155750148,5455.18896484375,276800,0.0,0.0
2007-12-07 00:00:00+09:00,5561.4778162087205,5567.223144531251,5561.4778162087205,5567.22314453125,491400,0.0,0.0
2007-12-10 00:00:00+09:00,5549.985990598656,5549.985990598656,5452.3154296875,5452.3154296875,473600,0.0,0.0
2007-12-11 00:00:00+09:00,5616.056816195264,5616.056816195264,5584.45751953125,5584.45751953125,535800,0.0,0.0
2007-12-12 00:00:00+09:00,5518.386613827963,5521.25927734375,5518.386613827963,5521.25927734375,356600,0.0,0.0
2007-12-13 00:00:00+09:00,5531.196827974126,5531.196827974126,5377.62548828125,5377.62548828125,465800,0.0,0.0
2007-12-14 00:00:00+09:00,5386.244849821107,5386.244849821107,5193.7763671875,5193.7763671875,742000,0.0,0.0
2007-12-17 00:00:00+09:00,5222.501956398394,5222.501956398394,5142.0673828125,5142.0673828125,339200,0.0,0.0
2007-12-18 00:00:00+09:00,5024.288673703977,5096.105264237195,4918.000119714813,5061.63330078125,593400,0.0,0.0
2007-12-19 00:00:00+09:00,5087.486572265625,5087.486572265625,5027.16064453125,5027.16064453125,422200,0.0,0.0
2007-12-20 00:00:00+09:00,5136.323760431464,5136.323760431464,5055.88916015625,5055.88916015625,362000,0.0,0.0
2007-12-21 00:00:00+09:00,5055.888819095478,5144.94140625,5055.888819095478,5144.94140625,258000,0.0,0.0
2007-12-25 00:00:00+09:00,5307.6631683643445,5314.42626953125,5307.6631683643445,5314.42626953125,315400,0.0,0.0
2007-12-26 00:00:00+09:00,5354.645124630971,5371.8811067918,5337.409142470142,5351.7724609375,175000,0.0,0.0
2007-12-27 00:00:00+09:00,5357.518871729407,5357.518871729407,5348.90087890625,5348.90087890625,189000,0.0,0.0
2007-12-28 00:00:00+09:00,5228.2470703125,5228.2470703125,5228.2470703125,5228.2470703125,151200,0.0,0.0
2008-01-04 00:00:00+09:00,5044.39697265625,5044.39697265625,5044.39697265625,5044.39697265625,420600,0.0,0.0
2008-01-07 00:00:00+09:00,4808.837819868077,4808.837819868077,4797.34716796875,4797.34716796875,890600,0.0,0.0
2008-01-08 00:00:00+09:00,4797.348690665729,4849.056640625,4797.348690665729,4849.056640625,626000,0.0,0.0
2008-01-09 00:00:00+09:00,4849.055897380541,4989.81640625,4849.055897380541,4989.81640625,581000,0.0,0.0
2008-01-10 00:00:00+09:00,4915.128767903646,4998.43603515625,4915.128767903646,4998.43603515625,468000,0.0,0.0
2008-01-11 00:00:00+09:00,5001.306749462356,5001.306749462356,4716.9130859375,4716.9130859375,650000,0.0,0.0
2008-01-15 00:00:00+09:00,4722.659961940389,4722.659961940389,4475.61083984375,4475.61083984375,634800,0.0,0.0
2008-01-16 00:00:00+09:00,4308.995363780978,4392.302607480744,4240.051437960482,4288.88671875,725800,0.0,0.0
2008-01-17 00:00:00+09:00,4369.320698067356,4492.84521484375,4369.320698067356,4492.84521484375,595600,0.0,0.0
2008-01-18 00:00:00+09:00,4311.868328159547,4547.4267578125,4311.868328159547,4547.4267578125,956400,0.0,0.0
2008-01-21 00:00:00+09:00,4283.140903647562,4329.103515625,4283.140903647562,4329.103515625,698800,0.0,0.0
2008-01-22 00:00:00+09:00,4082.150394458495,4082.150394458495,4018.8566894531255,4018.856689453125,707000,0.0,0.0
2008-01-23 00:00:00+09:00,4072.013913379609,4136.63623046875,4072.013913379609,4136.63623046875,710600,0.0,0.0
2008-01-24 00:00:00+09:00,4145.2540115589245,4145.2540115589245,4142.38134765625,4142.38134765625,756600,0.0,0.0
2008-01-25 00:00:00+09:00,4145.25316436531,4446.8828125,4145.25316436531,4446.8828125,660800,0.0,0.0
2008-01-28 00:00:00+09:00,4400.919877516346,4400.919877516346,4173.9794921875,4173.9794921875,499600,0.0,0.0
2008-01-29 00:00:00+09:00,4254.414271161662,4329.103515625,4254.414271161662,4329.103515625,1023800,0.0,0.0
2008-01-30 00:00:00+09:00,4331.9760767163525,4492.84521484375,4331.9760767163525,4492.84521484375,964200,0.0,0.0
2008-01-31 00:00:00+09:00,4498.591606595694,4570.408203125,4498.591606595694,4570.408203125,491800,0.0,0.0
2008-02-01 00:00:00+09:00,4570.407538062774,4602.0068359375,4570.407538062774,4602.0068359375,510200,0.0,0.0
2008-02-04 00:00:00+09:00,4659.460584619441,4682.44189453125,4659.460584619441,4682.44189453125,556000,0.0,0.0
2008-02-05 00:00:00+09:00,4604.879499380657,4604.879499380657,4602.0068359375,4602.0068359375,1066600,0.0,0.0
2008-02-06 00:00:00+09:00,4512.954311314929,4512.954311314929,4507.208984375,4507.208984375,2641600,0.0,0.0
2008-02-07 00:00:00+09:00,4507.208984375,4507.208984375,4507.208984375,4507.208984375,4403600,0.0,0.0
2008-02-08 00:00:00+09:00,4504.336320905035,4507.208984375,4504.336320905035,4507.208984375,4383000,0.0,0.0
2008-02-12 00:00:00+09:00,4510.083130275321,4510.083130275321,4466.9931640625,4466.9931640625,791400,0.0,0.0
2008-02-13 00:00:00+09:00,4538.808213109026,4538.808213109026,4495.71826171875,4495.71826171875,584000,0.0,0.0
2008-02-14 00:00:00+09:00,4734.150870192308,4734.150870192308,4668.07958984375,4668.07958984375,1103400,0.0,0.0
2008-02-15 00:00:00+09:00,4570.408156723117,4647.970080187306,4564.662829059103,4624.98876953125,1428000,0.0,0.0
2008-02-18 00:00:00+09:00,4642.226244321741,4642.226244321741,4584.77294921875,4584.77294921875,740000,0.0,0.0
2008-02-19 00:00:00+09:00,4567.535396568762,4587.64404296875,4567.535396568762,4587.64404296875,460800,0.0,0.0
2008-02-20 00:00:00+09:00,4570.408555597106,4570.408555597106,4441.138671875,4441.138671875,418200,0.0,0.0
2008-02-21 00:00:00+09:00,4527.317453903257,4527.317453903257,4498.5908203125,4498.5908203125,700200,0.0,0.0
2008-02-22 00:00:00+09:00,4504.3362880608975,4504.3362880608975,4481.35498046875,4481.35498046875,587800,0.0,0.0
2008-02-25 00:00:00+09:00,4512.954725288454,4535.93603515625,4512.954725288454,4535.93603515625,829600,0.0,0.0
2008-02-26 00:00:00+09:00,4538.808070041404,4553.17138671875,4538.808070041404,4553.17138671875,764400,0.0,0.0
2008-02-27 00:00:00+09:00,4556.044771073319,4613.498046875,4556.044771073319,4613.498046875,1163200,0.0,0.0
2008-02-28 00:00:00+09:00,4596.146421331936,4596.146421331936,4590.51611328125,4590.51611328125,435600,0.0,0.0
2008-02-29 00:00:00+09:00,4585.926087051455,4585.926087051455,4426.77490234375,4426.77490234375,445000,0.0,0.0
2008-03-03 00:00:00+09:00,4426.775304010452,4426.775304010452,4242.9248046875,4242.9248046875,466800,0.0,0.0
2008-03-04 00:00:00+09:00,4211.8810740065155,4211.8810740065155,4199.8349609375,4199.8349609375,456000,0.0,0.0
2008-03-05 00:00:00+09:00,4188.34423828125,4188.34423828125,4188.34423828125,4188.34423828125,723000,0.0,0.0
2008-03-06 00:00:00+09:00,4320.48640394913,4320.48640394913,4291.759765625,4291.759765625,500400,0.0,0.0
2008-03-07 00:00:00+09:00,4291.759252209163,4291.759252209163,4185.470703125,4185.470703125,634000,0.0,0.0
2008-03-10 00:00:00+09:00,4110.782747558246,4110.782747558246,4030.34814453125,4030.34814453125,440800,0.0,0.0
2008-03-11 00:00:00+09:00,4030.34685160535,4059.073486328125,4030.34685160535,4059.073486328125,624400,0.0,0.0
2008-03-12 00:00:00+09:00,4036.0926723957405,4036.0926723957405,4018.8566894531255,4018.856689453125,570600,0.0,0.0
2008-03-13 00:00:00+09:00,3929.803958486407,3929.803958486407,3909.6953125,3909.6953125,514600,0.0,0.0
2008-03-14 00:00:00+09:00,3909.6947564222146,3909.6947564222146,3837.8781738281255,3837.878173828125,571800,0.0,0.0
2008-03-17 00:00:00+09:00,3852.242081202281,3852.242081202281,3668.3916015625,3668.3916015625,606800,0.0,0.0
2008-03-18 00:00:00+09:00,3656.9015051800275,3766.062744140625,3656.9015051800275,3766.062744140625,612000,0.0,0.0
2008-03-19 00:00:00+09:00,3766.062281064549,3812.0249023437505,3766.062281064549,3812.02490234375,383000,0.0,0.0
2008-03-21 00:00:00+09:00,3812.024436031613,3958.5302734375,3812.024436031613,3958.5302734375,538800,0.0,0.0
2008-03-24 00:00:00+09:00,3958.531050541041,3958.531050541041,3924.05908203125,3924.05908203125,424600,0.0,0.0
2008-03-25 00:00:00+09:00,4357.831265470297,4357.831265470297,4352.0859375,4352.0859375,1763800,0.0,0.0
2008-03-26 00:00:00+09:00,4349.203578521134,4349.203578521134,4291.56005859375,4291.56005859375,1014400,25.0,0.0
2008-03-27 00:00:00+09:00,4274.267500356968,4415.494140625,4274.267500356968,4415.494140625,866800,0.0,0.0
2008-03-28 00:00:00+09:00,4398.201154222483,4464.4912109375,4398.201154222483,4464.4912109375,860800,0.0,0.0
2008-03-31 00:00:00+09:00,4418.375212296196,4441.4326171875,4418.375212296196,4441.4326171875,530800,0.0,0.0
2008-04-01 00:00:00+09:00,4484.6655945616885,4484.6655945616885,4438.55078125,4438.55078125,553000,0.0,0.0
2008-04-02 00:00:00+09:00,4438.55054285742,4651.83154296875,4438.55054285742,4651.83154296875,801400,0.0,0.0
2008-04-03 00:00:00+09:00,4663.361546001108,4715.24072265625,4663.361546001108,4715.24072265625,598200,0.0,0.0
2008-04-04 00:00:00+09:00,4669.124298474333,4669.124298474333,4646.06689453125,4646.06689453125,457600,0.0,0.0
2008-04-07 00:00:00+09:00,4646.068166078476,4746.9443359375,4646.068166078476,4746.9443359375,492800,0.0,0.0
2008-04-08 00:00:00+09:00,4686.417458713645,4686.417458713645,4657.595703125,4657.595703125,481800,0.0,0.0
2008-04-09 00:00:00+09:00,4657.595593730334,4657.595593730334,4579.77685546875,4579.77685546875,886200,0.0,0.0
2008-04-10 00:00:00+09:00,4406.846084144467,4406.846084144467,4395.3173828125,4395.3173828125,736200,0.0,0.0
2008-04-11 00:00:00+09:00,4395.317705145984,4562.48388671875,4395.317705145984,4562.48388671875,376600,0.0,0.0
2008-04-14 00:00:00+09:00,4550.95654296875,4550.95654296875,4550.95654296875,4550.95654296875,429000,0.0,0.0
2008-04-15 00:00:00+09:00,4453.008502522765,4527.89892578125,4453.008502522765,4527.89892578125,393600,0.0,0.0
2008-04-16 00:00:00+09:00,4530.780123951145,4594.18798828125,4530.780123951145,4594.18798828125,401400,0.0,0.0
2008-04-17 00:00:00+09:00,4712.55564103569,4712.55564103569,4689.2998046875,4689.2998046875,484600,0.0,0.0
2008-04-18 00:00:00+09:00,4660.478361603398,4723.88623046875,4660.478361603398,4723.88623046875,372600,0.0,0.0
2008-04-21 00:00:00+09:00,4761.354323773613,4761.354323773613,4729.650390625,4729.650390625,444600,0.0,0.0
2008-04-22 00:00:00+09:00,4683.534260514785,4683.534260514785,4666.2412109375,4666.2412109375,234600,0.0,0.0
2008-04-23 00:00:00+09:00,4677.771527777778,4677.771527777778,4669.125,4669.125,387200,0.0,0.0
2008-04-24 00:00:00+09:00,4674.889189095996,4674.889189095996,4571.130859375,4571.130859375,474600,0.0,0.0
2008-04-25 00:00:00+09:00,4553.8372115992415,4559.6015625,4553.8372115992415,4559.6015625,543200,0.0,0.0
2008-04-28 00:00:00+09:00,4548.0743531907265,4548.0743531907265,4522.134765625,4522.134765625,599600,0.0,0.0
2008-04-30 00:00:00+09:00,4522.132807936624,4625.89111328125,4522.132807936624,4625.89111328125,749000,0.0,0.0
2008-05-01 00:00:00+09:00,5150.446269132653,5225.3828125,5150.446269132653,5225.3828125,3001000,0.0,0.0
2008-05-02 00:00:00+09:00,5338.236694872665,5415.607910156251,5338.236694872665,5415.60791015625,1526200,0.0,0.0
2008-05-07 00:00:00+09:00,5637.536009107879,5637.536009107879,5597.185546875,5597.185546875,1157200,0.0,0.0
2008-05-08 00:00:00+09:00,5551.070844200955,5551.070844200955,5542.424316406249,5542.42431640625,958800,0.0,0.0
2008-05-09 00:00:00+09:00,5530.894477112207,5530.894477112207,5406.9609375,5406.9609375,602000,0.0,0.0
2008-05-12 00:00:00+09:00,5317.615511154746,5389.669921875,5317.615511154746,5389.669921875,459200,0.0,0.0
2008-05-13 00:00:00+09:00,5476.132879072168,5496.30810546875,5476.132879072168,5496.30810546875,464000,0.0,0.0
2008-05-14 00:00:00+09:00,5409.845713216663,5438.66748046875,5409.845713216663,5438.66748046875,815600,0.0,0.0
2008-05-15 00:00:00+09:00,5625.862125,5625.862125,5548.1875,5548.1875,670000,0.0,0.0
2008-05-16 00:00:00+09:00,5666.3578921827075,5666.3578921827075,5637.5361328125,5637.5361328125,680400,0.0,0.0
2008-05-19 00:00:00+09:00,5597.183798216219,5657.70947265625,5597.183798216219,5657.70947265625,824600,0.0,0.0
2008-05-20 00:00:00+09:00,5634.6544008123565,5646.183105468751,5634.6544008123565,5646.18310546875,284600,0.0,0.0
2008-05-21 00:00:00+09:00,5470.369652478448,5470.369652478448,5432.9013671875,5432.9013671875,616200,0.0,0.0
2008-05-22 00:00:00+09:00,5386.7853824013155,5476.1328125,5386.7853824013155,5476.1328125,521200,0.0,0.0
2008-05-23 00:00:00+09:00,5680.76867817223,5721.119140625001,5680.76867817223,5721.119140625,914600,0.0,0.0
2008-05-26 00:00:00+09:00,5672.120895127119,5672.120895127119,5441.546875,5441.546875,409200,0.0,0.0
2008-05-27 00:00:00+09:00,5441.5478945623345,5441.5478945623345,5432.9013671875,5432.9013671875,395800,0.0,0.0
2008-05-28 00:00:00+09:00,5588.5385532092405,5588.5385532092405,5559.716796875,5559.716796875,758800,0.0,0.0
2008-05-29 00:00:00+09:00,5801.819168113427,5836.405273437501,5801.819168113427,5836.4052734375,773400,0.0,0.0
2008-05-30 00:00:00+09:00,5833.521949314024,5908.45849609375,5833.521949314024,5908.45849609375,483000,0.0,0.0
2008-06-02 00:00:00+09:00,5873.874590841697,5922.87158203125,5873.874590841697,5922.87158203125,499000,0.0,0.0
2008-06-03 00:00:00+09:00,5924.992221688994,5937.28369140625,5924.992221688994,5937.28369140625,621200,0.0,0.0
2008-06-04 00:00:00+09:00,6208.204710718969,6208.204710718969,6182.265136718751,6182.26513671875,813400,0.0,0.0
2008-06-05 00:00:00+09:00,6213.969834165219,6225.49853515625,6213.969834165219,6225.49853515625,535400,0.0,0.0
2008-06-06 00:00:00+09:00,6038.159485433704,6167.857421875,6038.159485433704,6167.857421875,729000,0.0,0.0
2008-06-09 00:00:00+09:00,5937.28369140625,5937.28369140625,5937.28369140625,5937.28369140625,616400,0.0,0.0
2008-06-10 00:00:00+09:00,5937.282089156721,5937.282089156721,5735.52978515625,5735.52978515625,460200,0.0,0.0
2008-06-11 00:00:00+09:00,5735.530145130017,5922.87158203125,5735.530145130017,5922.87158203125,543200,0.0,0.0
2008-06-12 00:00:00+09:00,5937.283414273649,5937.283414273649,5865.22900390625,5865.22900390625,356600,0.0,0.0
2008-06-13 00:00:00+09:00,6058.333453180671,6066.97998046875,6058.333453180671,6066.97998046875,743400,0.0,0.0
2008-06-16 00:00:00+09:00,6046.80551522943,6046.80551522943,5692.2978515625,5692.2978515625,1588000,0.0,0.0
2008-06-17 00:00:00+09:00,5689.415423258719,5689.415423258719,5516.484863281251,5516.48486328125,1708800,0.0,0.0
2008-06-18 00:00:00+09:00,5646.181705447689,5666.35693359375,5646.181705447689,5666.35693359375,933400,0.0,0.0
2008-06-19 00:00:00+09:00,5577.010402206547,5579.892578125,5577.010402206547,5579.892578125,683200,0.0,0.0
2008-06-20 00:00:00+09:00,5493.426822399967,5493.426822399967,5447.312011718751,5447.31201171875,866800,0.0,0.0
2008-06-23 00:00:00+09:00,5424.255475170666,5435.7841796875,5424.255475170666,5435.7841796875,1025200,0.0,0.0
2008-06-24 00:00:00+09:00,5504.956896902684,5530.896484375,5504.956896902684,5530.896484375,701800,0.0,0.0
2008-06-25 00:00:00+09:00,5510.719543857161,5715.35400390625,5510.719543857161,5715.35400390625,1185200,0.0,0.0
2008-06-26 00:00:00+09:00,5715.355200046446,5715.355200046446,5672.12255859375,5672.12255859375,1690400,0.0,0.0
2008-06-27 00:00:00+09:00,5539.542297844884,5539.542297844884,5479.0166015625,5479.0166015625,1196400,0.0,0.0
2008-06-30 00:00:00+09:00,5479.014870649326,5479.014870649326,5294.5556640625,5294.5556640625,1042600,0.0,0.0
2008-07-01 00:00:00+09:00,5294.557672936146,5294.557672936146,5124.50927734375,5124.50927734375,1396000,0.0,0.0
2008-07-02 00:00:00+09:00,5124.5092436594205,5124.5092436594205,4971.75390625,4971.75390625,1348400,0.0,0.0
2008-07-03 00:00:00+09:00,4974.635670364398,4974.635670364398,4859.3486328125,4859.3486328125,1471800,0.0,0.0
2008-07-04 00:00:00+09:00,4865.1133568548385,4914.1103515625,4865.1133568548385,4914.1103515625,820800,0.0,0.0
2008-07-07 00:00:00+09:00,4914.109623589657,5061.100585937499,4914.109623589657,5061.1005859375,604200,0.0,0.0
2008-07-08 00:00:00+09:00,4994.810920283479,4994.810920283479,4888.17041015625,4888.17041015625,1088800,0.0,0.0
2008-07-09 00:00:00+09:00,4859.348559244001,4859.348559244001,4744.0615234375,4744.0615234375,960400,0.0,0.0
2008-07-10 00:00:00+09:00,4648.949639589088,4695.064453125,4648.949639589088,4695.064453125,1405400,0.0,0.0
2008-07-11 00:00:00+09:00,4692.182927718575,4692.182927718575,4631.6572265625,4631.6572265625,1209200,0.0,0.0
2008-07-14 00:00:00+09:00,4827.6430069921635,4827.6430069921635,4666.2412109375,4666.2412109375,1050600,0.0,0.0
2008-07-15 00:00:00+09:00,4490.429859314359,4490.429859314359,4455.84375,4455.84375,918800,0.0,0.0
2008-07-16 00:00:00+09:00,4412.612062569709,4522.134765625,4412.612062569709,4522.134765625,995800,0.0,0.0
2008-07-17 00:00:00+09:00,4746.942977859063,4758.4716796875,4746.942977859063,4758.4716796875,1065400,0.0,0.0
2008-07-18 00:00:00+09:00,4758.471212437091,4758.471212437091,4617.24462890625,4617.24462890625,843400,0.0,0.0
2008-07-22 00:00:00+09:00,4634.538591179159,4729.650390625,4562.484197659583,4729.650390625,587400,0.0,0.0
2008-07-23 00:00:00+09:00,4807.470419945182,4830.52783203125,4807.470419945182,4830.52783203125,711000,0.0,0.0
2008-07-24 00:00:00+09:00,4914.109161502836,4914.109161502836,4891.0517578125,4891.0517578125,782800,0.0,0.0
2008-07-25 00:00:00+09:00,4764.236243360082,4781.529296875,4764.236243360082,4781.529296875,740800,0.0,0.0
2008-07-28 00:00:00+09:00,4902.5813158004685,4902.5813158004685,4850.7021484375,4850.7021484375,1198000,0.0,0.0
2008-07-29 00:00:00+09:00,4732.532566365783,4732.532566365783,4729.650390625,4729.650390625,1071800,0.0,0.0
2008-07-30 00:00:00+09:00,4709.47514046693,4709.47514046693,4700.82861328125,4700.82861328125,740800,0.0,0.0
2008-07-31 00:00:00+09:00,4508.521926254875,4591.3056640625,4508.521926254875,4591.3056640625,895000,0.0,0.0
2008-08-01 00:00:00+09:00,4597.069656121926,4597.069656121926,4395.3173828125,4395.3173828125,840400,0.0,0.0
2008-08-04 00:00:00+09:00,4395.318518236963,4395.318518236963,4331.91064453125,4331.91064453125,812000,0.0,0.0
2008-08-05 00:00:00+09:00,4331.909512471475,4331.909512471475,4262.7373046875,4262.7373046875,940400,0.0,0.0
2008-08-06 00:00:00+09:00,4259.855573898895,4470.25439453125,4259.855573898895,4470.25439453125,838600,0.0,0.0
2008-08-07 00:00:00+09:00,4514.281982816592,4514.281982816592,4481.78515625,4481.78515625,744600,0.0,0.0
2008-08-08 00:00:00+09:00,4493.313205329542,4545.1923828125,4493.313205329542,4545.1923828125,489800,0.0,0.0
2008-08-11 00:00:00+09:00,4571.131018518518,4669.125,4571.131018518518,4669.125,922800,0.0,0.0
2008-08-12 00:00:00+09:00,4628.774159704873,4628.774159704873,4614.36328125,4614.36328125,451600,0.0,0.0
2008-08-13 00:00:00+09:00,4611.480783045977,4611.480783045977,4513.48681640625,4513.48681640625,546200,0.0,0.0
2008-08-14 00:00:00+09:00,4513.486793812259,4513.486793812259,4484.6650390625,4484.6650390625,581200,0.0,0.0
2008-08-15 00:00:00+09:00,4496.193849198516,4562.48388671875,4496.193849198516,4562.48388671875,347000,0.0,0.0
2008-08-18 00:00:00+09:00,4576.8957884197,4576.8957884197,4553.83837890625,4553.83837890625,296600,0.0,0.0
2008-08-19 00:00:00+09:00,4427.021269633508,4427.021269633508,4403.9638671875,4403.9638671875,526000,0.0,0.0
2008-08-20 00:00:00+09:00,4401.083214576547,4424.140625,4401.083214576547,4424.140625,366400,0.0,0.0
2008-08-21 00:00:00+09:00,4412.6112229222945,4412.6112229222945,4401.08251953125,4401.08251953125,300400,0.0,0.0
2008-08-22 00:00:00+09:00,4403.965680430054,4403.965680430054,4305.9716796875,4305.9716796875,275600,0.0,0.0
2008-08-25 00:00:00+09:00,4308.852332028702,4418.375,4308.852332028702,4418.375,302800,0.0,0.0
2008-08-26 00:00:00+09:00,4291.561238035968,4314.61865234375,4291.561238035968,4314.61865234375,353400,0.0,0.0
2008-08-27 00:00:00+09:00,4184.918266957531,4190.6826171875,4184.918266957531,4190.6826171875,608200,0.0,0.0
2008-08-28 00:00:00+09:00,4204.061277974407,4228.1513671875,4204.061277974407,4228.1513671875,451000,0.0,0.0
2008-08-29 00:00:00+09:00,4308.853922747786,4308.853922747786,4231.03515625,4231.03515625,423600,0.0,0.0
2008-09-01 00:00:00+09:00,4231.034469869955,4231.034469869955,4141.68701171875,4141.68701171875,329600,0.0,0.0
2008-09-02 00:00:00+09:00,4136.267199200998,4136.267199200998,4081.16162109375,4081.16162109375,437200,0.0,0.0
2008-09-03 00:00:00+09:00,4089.807044613487,4107.10009765625,4089.807044613487,4107.10009765625,760600,0.0,0.0
2008-09-04 00:00:00+09:00,4107.100999481824,4107.100999481824,3530.665771484375,3530.665771484375,354000,0.0,0.0
2008-09-05 00:00:00+09:00,3475.90344612972,3568.133056640625,3475.90344612972,3568.133056640625,3255600,0.0,0.0
2008-09-08 00:00:00+09:00,3694.948994425359,3694.948994425359,3657.4807128906245,3657.480712890625,1097000,0.0,0.0
2008-09-09 00:00:00+09:00,3645.508884795887,3645.508884795887,3614.2485351562495,3614.24853515625,744600,0.0,0.0
2008-09-10 00:00:00+09:00,3230.919258828832,3262.623194464084,3181.922267392534,3184.804443359375,2439000,0.0,0.0
2008-09-11 00:00:00+09:00,3184.80354657425,3219.3896484375,3184.80354657425,3219.3896484375,2303200,0.0,0.0
2008-09-12 00:00:00+09:00,3392.320014558412,3392.320014558412,3282.79736328125,3282.79736328125,1327600,0.0,0.0
2008-09-16 00:00:00+09:00,3282.798046174597,3282.798046174597,2813.00341796875,2813.00341796875,1583200,0.0,0.0
2008-09-17 00:00:00+09:00,2965.7583465576167,2965.7583465576167,2905.2326660156245,2905.232666015625,1145400,0.0,0.0
2008-09-18 00:00:00+09:00,2905.232565789474,2905.232565789474,2738.06640625,2738.06640625,988000,0.0,0.0
2008-09-19 00:00:00+09:00,2873.5289228524953,3017.6376953125,2873.5289228524953,3017.6376953125,1217800,0.0,0.0
2008-09-22 00:00:00+09:00,3161.747026811079,3170.3935546875,3161.747026811079,3170.3935546875,1164600,0.0,0.0
2008-09-24 00:00:00+09:00,3170.393432027476,3170.393432027476,2983.052001953125,2983.052001953125,1171800,0.0,0.0
2008-09-25 00:00:00+09:00,2896.1665733791624,2896.1665733791624,2870.10107421875,2870.10107421875,1904400,25.0,0.0
2008-09-26 00:00:00+09:00,2939.608949714875,2939.608949714875,2884.581787109375,2884.581787109375,1024600,0.0,0.0
2008-09-29 00:00:00+09:00,2887.4779368651334,2887.4779368651334,2797.69677734375,2797.69677734375,877600,0.0,0.0
2008-09-30 00:00:00+09:00,2673.162571818473,2681.85107421875,2673.162571818473,2681.85107421875,872000,0.0,0.0
2008-10-01 00:00:00+09:00,2681.8504176185634,2713.708251953125,2681.8504176185634,2713.708251953125,1244200,0.0,0.0
2008-10-02 00:00:00+09:00,2716.604586387878,2716.604586387878,2537.042236328125,2537.042236328125,1215800,0.0,0.0
2008-10-03 00:00:00+09:00,2531.2496411783063,2531.2496411783063,2392.233642578125,2392.233642578125,1086800,0.0,0.0
2008-10-06 00:00:00+09:00,2377.7526403933157,2377.7526403933157,2270.594482421875,2270.594482421875,2025600,0.0,0.0
2008-10-07 00:00:00+09:00,2115.6398043137024,2166.332763671875,2115.6398043137024,2166.332763671875,1380400,0.0,0.0
2008-10-08 00:00:00+09:00,2166.3327423609785,2166.3327423609785,1891.1968994140625,1891.1968994140625,1338000,0.0,0.0
2008-10-09 00:00:00+09:00,1956.8965984220333,1992.5628662109373,1956.8965984220333,1992.5628662109375,1160800,0.0,0.0
2008-10-10 00:00:00+09:00,1992.5628662109373,1992.5628662109373,1992.5628662109373,1992.5628662109375,1456400,0.0,0.0
2008-10-14 00:00:00+09:00,2273.4904565181832,2282.178955078125,2273.4904565181832,2282.178955078125,1063400,0.0,0.0
2008-10-15 00:00:00+09:00,2111.305564510012,2111.305564510012,2088.13623046875,2088.13623046875,1232800,0.0,0.0
2008-10-16 00:00:00+09:00,2088.135982259115,2088.135982259115,1824.5848388671875,1824.5848388671875,759800,0.0,0.0
2008-10-17 00:00:00+09:00,1841.961989358207,1859.3389892578125,1841.961989358207,1859.3389892578125,959200,0.0,0.0
2008-10-20 00:00:00+09:00,1870.9235555546077,1989.6663818359373,1870.9235555546077,1989.6663818359375,876200,0.0,0.0
2008-10-21 00:00:00+09:00,2032.5444753636748,2050.486572265625,2032.5444753636748,2050.486572265625,526200,0.0,0.0
2008-10-22 00:00:00+09:00,1986.7700413161058,1986.7700413161058,1882.508056640625,1882.508056640625,737200,0.0,0.0
2008-10-23 00:00:00+09:00,1763.765489809981,1859.3389892578125,1763.765489809981,1859.3389892578125,1002800,0.0,0.0
2008-10-24 00:00:00+09:00,1850.650880708026,1850.650880708026,1569.7226562500002,1569.72265625,1466000,0.0,0.0
2008-10-27 00:00:00+09:00,1561.0336726999938,1561.0336726999938,1474.148681640625,1474.148681640625,1321800,0.0,0.0
2008-10-28 00:00:00+09:00,1439.3946112714877,1647.9185791015625,1439.3946112714877,1647.9185791015625,1508200,0.0,0.0
2008-10-29 00:00:00+09:00,1647.9190669574805,1662.39990234375,1647.9190669574805,1662.39990234375,2423600,0.0,0.0
2008-10-30 00:00:00+09:00,1827.4810791015625,1827.4810791015625,1827.4810791015625,1827.4810791015625,2031200,0.0,0.0
2008-10-31 00:00:00+09:00,1830.377753363715,1830.377753363715,1668.1923828125,1668.1923828125,1791400,0.0,0.0
2008-11-04 00:00:00+09:00,1671.0880190894718,1824.5848388671875,1671.0880190894718,1824.5848388671875,1765400,0.0,0.0
2008-11-05 00:00:00+09:00,1824.5847718144807,2056.278076171875,1824.5847718144807,2056.278076171875,2010600,0.0,0.0
2008-11-06 00:00:00+09:00,2056.278617870642,2056.278617870642,1879.6124267578123,1879.6124267578125,1329200,0.0,0.0
2008-11-07 00:00:00+09:00,1879.6124550955637,1879.6124550955637,1784.0389404296875,1784.0389404296875,1027400,0.0,0.0
2008-11-10 00:00:00+09:00,1908.5738748529905,1908.5738748529905,1885.404541015625,1885.404541015625,690800,0.0,0.0
2008-11-11 00:00:00+09:00,1888.3007765398916,1888.3007765398916,1801.415771484375,1801.415771484375,748200,0.0,0.0
2008-11-12 00:00:00+09:00,1769.5580816205763,1769.5580816205763,1749.284912109375,1749.284912109375,536000,0.0,0.0
2008-11-13 00:00:00+09:00,1749.2850265221405,1749.2850265221405,1569.7226562500002,1569.72265625,1444800,0.0,0.0
2008-11-14 00:00:00+09:00,1569.7225333108595,1627.6458740234373,1569.7225333108595,1627.6458740234375,874800,0.0,0.0
2008-11-17 00:00:00+09:00,1627.6455950938027,1717.4267578125,1627.6455950938027,1717.4267578125,913200,0.0,0.0
2008-11-18 00:00:00+09:00,1720.3232663557833,1726.1156005859375,1720.3232663557833,1726.1156005859375,824200,0.0,0.0
2008-11-19 00:00:00+09:00,1662.3994622089058,1662.3994622089058,1659.5032958984373,1659.5032958984375,765800,0.0,0.0
2008-11-20 00:00:00+09:00,1659.5039992913967,1659.5039992913967,1424.9144287109375,1424.9144287109375,1408000,0.0,0.0
2008-11-21 00:00:00+09:00,1424.9138533736493,1474.148681640625,1424.9138533736493,1474.148681640625,1625800,0.0,0.0
2008-11-25 00:00:00+09:00,1477.0453148344125,1477.0453148344125,1453.8759765625,1453.8759765625,1355800,0.0,0.0
2008-11-26 00:00:00+09:00,1453.876201467803,1453.876201467803,1433.60302734375,1433.60302734375,777200,0.0,0.0
2008-11-27 00:00:00+09:00,1514.6952153087798,1520.4875488281252,1514.6952153087798,1520.487548828125,809200,0.0,0.0
2008-11-28 00:00:00+09:00,1555.2417950831423,1578.4111328125,1549.4494606508028,1578.4111328125,857200,0.0,0.0
2008-12-01 00:00:00+09:00,1578.4108897816052,1592.8917236328125,1578.4108897816052,1592.8917236328125,517200,0.0,0.0
2008-12-02 00:00:00+09:00,1592.8913807917515,1592.8913807917515,1422.017578125,1422.017578125,1042400,0.0,0.0
2008-12-03 00:00:00+09:00,1433.6025587178892,1433.6025587178892,1366.99072265625,1366.99072265625,1239800,0.0,0.0
2008-12-04 00:00:00+09:00,1366.9904213340121,1422.017578125,1366.9904213340121,1422.017578125,1216800,0.0,0.0
2008-12-05 00:00:00+09:00,1424.9141858772753,1424.9141858772753,1352.510009765625,1352.510009765625,901800,0.0,0.0
2008-12-08 00:00:00+09:00,1352.5099161124904,1430.7064208984375,1352.5099161124904,1430.7064208984375,724200,0.0,0.0
2008-12-09 00:00:00+09:00,1464.7585101811624,1464.7585101811624,1424.9144287109375,1424.9144287109375,775200,0.0,0.0
2008-12-10 00:00:00+09:00,1427.8104724538637,1439.3951416015625,1427.8104724538637,1439.3951416015625,1357200,0.0,0.0
2008-12-11 00:00:00+09:00,1456.7715457643253,1497.31787109375,1456.7715457643253,1497.31787109375,1745000,0.0,0.0
2008-12-12 00:00:00+09:00,1497.3180475017793,1497.3180475017793,1398.848388671875,1398.848388671875,1019600,0.0,0.0
2008-12-15 00:00:00+09:00,1375.6795227757752,1500.2147216796875,1375.6795227757752,1500.2147216796875,663800,0.0,0.0
2008-12-16 00:00:00+09:00,1439.3948954556756,1439.3948954556756,1410.4332275390625,1410.4332275390625,929000,0.0,0.0
2008-12-17 00:00:00+09:00,1413.3295419330636,1413.3295419330636,1387.2640380859375,1387.2640380859375,1232800,0.0,0.0
2008-12-18 00:00:00+09:00,1401.74482421875,1401.74482421875,1332.23681640625,1332.23681640625,975600,0.0,0.0
2008-12-19 00:00:00+09:00,1332.236494828951,1332.236494828951,1314.8594970703125,1314.8594970703125,809400,0.0,0.0
2008-12-22 00:00:00+09:00,1314.8592854994238,1335.1324462890623,1314.8592854994238,1335.1324462890625,389600,0.0,0.0
2008-12-24 00:00:00+09:00,1335.1331098577948,1335.1331098577948,1288.79443359375,1288.79443359375,471000,0.0,0.0
2008-12-25 00:00:00+09:00,1315.6484478393184,1315.6484478393184,1314.8594970703125,1314.8594970703125,197800,0.0,0.0
2008-12-26 00:00:00+09:00,1300.3790037442097,1309.0675048828125,1271.4173332822006,1309.0675048828125,672400,0.0,0.0
2008-12-29 00:00:00+09:00,1346.7177734375,1346.7177734375,1346.7177734375,1346.7177734375,713600,0.0,0.0
2008-12-30 00:00:00+09:00,1332.2370347090982,1358.3025419099286,1323.5485323088217,1340.925537109375,199600,0.0,0.0
2009-01-05 00:00:00+09:00,1445.1871337890625,1445.1871337890625,1445.1871337890625,1445.1871337890625,502000,0.0,0.0
2009-01-06 00:00:00+09:00,1676.8806152343752,1676.8806152343752,1676.8806152343752,1676.880615234375,1026800,0.0,0.0
2009-01-07 00:00:00+09:00,1676.8805291364733,1798.51953125,1676.8805291364733,1798.51953125,3104200,0.0,0.0
2009-01-08 00:00:00+09:00,1798.519413614768,1798.519413614768,1673.9842529296875,1673.9842529296875,1148600,0.0,0.0
2009-01-09 00:00:00+09:00,1575.5146291517058,1613.1647949218752,1575.5146291517058,1613.164794921875,1014400,0.0,0.0
2009-01-13 00:00:00+09:00,1618.9568470820236,1618.9568470820236,1497.31787109375,1497.31787109375,1217600,0.0,0.0
2009-01-14 00:00:00+09:00,1494.4217898027086,1543.6566162109375,1494.4217898027086,1543.6566162109375,774600,0.0,0.0
2009-01-15 00:00:00+09:00,1543.65667448812,1543.65667448812,1474.148681640625,1474.148681640625,1496800,0.0,0.0
2009-01-16 00:00:00+09:00,1471.252541001523,1604.4761962890625,1471.252541001523,1604.4761962890625,838200,0.0,0.0
2009-01-19 00:00:00+09:00,1645.0225575585248,1645.0225575585248,1639.2302246093752,1639.230224609375,1798200,0.0,0.0
2009-01-20 00:00:00+09:00,1581.3070565518467,1592.8917236328125,1581.3070565518467,1592.8917236328125,1282800,0.0,0.0
2009-01-21 00:00:00+09:00,1592.8915923496463,1592.8915923496463,1534.96826171875,1534.96826171875,1645800,0.0,0.0
2009-01-22 00:00:00+09:00,1534.968852230969,1534.968852230969,1514.6956787109375,1514.6956787109375,634200,0.0,0.0
2009-01-23 00:00:00+09:00,1514.6950815429689,1514.6950815429689,1448.083251953125,1448.083251953125,617200,0.0,0.0
2009-01-26 00:00:00+09:00,1448.0833003898422,1448.0833003898422,1445.1871337890625,1445.1871337890625,723600,0.0,0.0
2009-01-27 00:00:00+09:00,1488.629713322566,1506.0067138671873,1488.629713322566,1506.0067138671875,1034400,0.0,0.0
2009-01-28 00:00:00+09:00,1506.0069702794312,1642.1268310546875,1506.0069702794312,1642.1268310546875,2199600,0.0,0.0
2009-01-29 00:00:00+09:00,1642.1267304073106,1749.284912109375,1642.1267304073106,1749.284912109375,4079400,0.0,0.0
2009-01-30 00:00:00+09:00,1694.2574298915576,1746.388427734375,1694.2574298915576,1746.388427734375,1464600,0.0,0.0
2009-02-02 00:00:00+09:00,1746.3883251542804,1746.3883251542804,1723.218994140625,1723.218994140625,1431200,0.0,0.0
2009-02-03 00:00:00+09:00,1723.2190307419344,1786.9346923828125,1723.2190307419344,1786.9346923828125,1641400,0.0,0.0
2009-02-04 00:00:00+09:00,1786.935284479147,1917.2628173828125,1786.935284479147,1917.2628173828125,1614000,0.0,0.0
2009-02-05 00:00:00+09:00,1821.6891128738205,1821.6891128738205,1784.0389404296875,1784.0389404296875,1616800,0.0,0.0
2009-02-06 00:00:00+09:00,1791.1751087830044,1879.6124267578123,1791.1751087830044,1879.6124267578125,1144000,0.0,0.0
2009-02-09 00:00:00+09:00,1888.300980294586,1888.300980294586,1818.79296875,1818.79296875,978400,0.0,0.0
2009-02-10 00:00:00+09:00,1789.8306118011476,1865.1309288024904,1766.661283493042,1853.5462646484375,1023600,0.0,0.0
2009-02-12 00:00:00+09:00,1766.661489791229,1766.661489791229,1723.218994140625,1723.218994140625,840200,0.0,0.0
2009-02-13 00:00:00+09:00,1730.4595002171077,1730.4595002171077,1673.9842529296875,1673.9842529296875,1086000,0.0,0.0
2009-02-16 00:00:00+09:00,1673.9843529190218,1697.1536865234373,1673.9843529190218,1697.1536865234375,714800,0.0,0.0
2009-02-17 00:00:00+09:00,1630.5418435515257,1630.5418435515257,1610.2686767578123,1610.2686767578125,814000,0.0,0.0
2009-02-18 00:00:00+09:00,1714.5313263977466,1714.5313263977466,1702.9466552734375,1702.9466552734375,1846400,0.0,0.0
2009-02-19 00:00:00+09:00,1803.9377822265938,1850.650634765625,1803.9377822265938,1850.650634765625,2175200,0.0,0.0
2009-02-20 00:00:00+09:00,1847.7547825066617,1868.0279541015625,1847.7547825066617,1868.0279541015625,1749400,0.0,0.0
2009-02-23 00:00:00+09:00,1873.820305034543,1873.820305034543,1752.1812744140627,1752.1812744140625,1493200,0.0,0.0
2009-02-24 00:00:00+09:00,1752.1812744140627,1752.1812744140627,1752.1812744140627,1752.1812744140625,1625000,0.0,0.0
2009-02-25 00:00:00+09:00,1801.4155430706,1888.300537109375,1801.4155430706,1888.300537109375,1619200,0.0,0.0
2009-02-26 00:00:00+09:00,1888.3009721300787,1978.0821533203125,1888.3009721300787,1978.0821533203125,2047800,0.0,0.0
2009-02-27 00:00:00+09:00,1978.082314188166,1978.082314188166,1868.0279541015625,1868.0279541015625,1768200,0.0,0.0
2009-03-02 00:00:00+09:00,1868.0278102607483,1868.0278102607483,1818.79296875,1818.79296875,1194400,0.0,0.0
2009-03-03 00:00:00+09:00,1792.727080766826,1827.4810791015625,1792.727080766826,1827.4810791015625,1832200,0.0,0.0
2009-03-04 00:00:00+09:00,1966.49658203125,1966.49658203125,1966.49658203125,1966.49658203125,2129600,0.0,0.0
2009-03-05 00:00:00+09:00,1992.5626673282868,1992.5626673282868,1960.7048339843752,1960.704833984375,1497400,0.0,0.0
2009-03-06 00:00:00+09:00,1905.6773865685097,1905.6773865685097,1882.508056640625,1882.508056640625,1327600,0.0,0.0
2009-03-09 00:00:00+09:00,1882.5080189993469,2009.9393310546873,1882.5080189993469,2009.9393310546875,1744600,0.0,0.0
2009-03-10 00:00:00+09:00,1943.3278808593748,1943.3278808593748,1943.3278808593748,1943.327880859375,1473400,0.0,0.0
2009-03-11 00:00:00+09:00,2070.7591338309344,2093.928466796875,2070.7591338309344,2093.928466796875,2259200,0.0,0.0
2009-03-12 00:00:00+09:00,2093.928710063071,2093.928710063071,2021.5245361328125,2021.5245361328125,1166000,0.0,0.0
2009-03-13 00:00:00+09:00,2062.070997343972,2062.070997343972,2036.0054931640625,2036.0054931640625,1594600,0.0,0.0
2009-03-16 00:00:00+09:00,2117.098045720754,2117.098045720754,2021.5245361328125,2021.5245361328125,1579400,0.0,0.0
2009-03-17 00:00:00+09:00,2024.4199961635045,2027.316162109375,2024.4199961635045,2027.316162109375,1831400,0.0,0.0
2009-03-18 00:00:00+09:00,2001.2509704679471,2001.2509704679471,1972.289306640625,1972.289306640625,1713000,0.0,0.0
2009-03-19 00:00:00+09:00,1972.2890673045165,1986.7698974609373,1972.2890673045165,1986.7698974609375,855000,0.0,0.0
2009-03-23 00:00:00+09:00,2038.9013010027663,2093.928466796875,2038.9013010027663,2093.928466796875,1368600,0.0,0.0
2009-03-24 00:00:00+09:00,2146.059185993946,2264.802001953125,2146.059185993946,2264.802001953125,2083800,0.0,0.0
2009-03-25 00:00:00+09:00,2154.7486864172893,2154.7486864172893,2131.579345703125,2131.579345703125,1241400,0.0,0.0
2009-03-26 00:00:00+09:00,2125.7470136309003,2125.7470136309003,2084.92333984375,2084.92333984375,1930200,25.0,0.0
2009-03-27 00:00:00+09:00,2087.8394483156635,2131.5791015625,2087.8394483156635,2131.5791015625,1903200,0.0,0.0
2009-03-30 00:00:00+09:00,2131.5788097018553,2131.5788097018553,1991.6119384765623,1991.6119384765625,977000,0.0,0.0
2009-03-31 00:00:00+09:00,1991.611569240559,2000.3594970703125,1991.611569240559,2000.3594970703125,1361200,0.0,0.0
2009-04-01 00:00:00+09:00,2059.093846093455,2079.091064453125,2059.093846093455,2079.091064453125,789000,0.0,0.0
2009-04-02 00:00:00+09:00,2082.0074611200353,2184.066650390625,2082.0074611200353,2184.066650390625,1251400,0.0,0.0
2009-04-03 00:00:00+09:00,2239.4699803149606,2239.4699803149606,2221.97412109375,2221.97412109375,1349000,0.0,0.0
2009-04-06 00:00:00+09:00,2361.9419275728387,2361.9419275728387,2326.9501953125,2326.9501953125,1262800,0.0,0.0
2009-04-07 00:00:00+09:00,2324.03311815138,2324.03311815138,2245.3017578125,2245.3017578125,1061600,0.0,0.0
2009-04-08 00:00:00+09:00,2233.638126454455,2233.638126454455,2192.814453125,2192.814453125,1082600,0.0,0.0
2009-04-09 00:00:00+09:00,2224.8899674152008,2321.1171875,2224.8899674152008,2321.1171875,912400,0.0,0.0
2009-04-10 00:00:00+09:00,2391.1005859375,2391.1005859375,2391.1005859375,2391.1005859375,797800,0.0,0.0
2009-04-13 00:00:00+09:00,2466.915976331361,2466.915976331361,2464.0,2464.0,795400,0.0,0.0
2009-04-14 00:00:00+09:00,2434.8402450252347,2446.504150390625,2434.8402450252347,2446.504150390625,807800,0.0,0.0
2009-04-15 00:00:00+09:00,2446.5038434977423,2446.5038434977423,2280.293212890625,2280.293212890625,1320800,0.0,0.0
2009-04-16 00:00:00+09:00,2280.294251878956,2303.6220703125,2280.294251878956,2303.6220703125,1186800,0.0,0.0
2009-04-17 00:00:00+09:00,2306.5372412803613,2461.083984375,2306.5372412803613,2461.083984375,1169600,0.0,0.0
2009-04-20 00:00:00+09:00,2437.7557745070685,2449.419677734375,2437.7557745070685,2449.419677734375,1072000,0.0,0.0
2009-04-21 00:00:00+09:00,2369.3306685105813,2405.680419921875,2369.3306685105813,2405.680419921875,513800,0.0,0.0
2009-04-22 00:00:00+09:00,2391.2464841703313,2434.84033203125,2391.2464841703313,2434.84033203125,688800,0.0,0.0
2009-04-23 00:00:00+09:00,2423.1764651941908,2437.75634765625,2423.1764651941908,2437.75634765625,502600,0.0,0.0
2009-04-24 00:00:00+09:00,2573.114192655054,2573.114192655054,2542.73193359375,2542.73193359375,1861800,0.0,0.0
2009-04-27 00:00:00+09:00,2535.8659605813436,2551.479248046875,2535.8659605813436,2551.479248046875,1016200,0.0,0.0
2009-04-28 00:00:00+09:00,2475.6641015625,2475.6641015625,2259.8818359375,2259.8818359375,2246000,0.0,0.0
2009-04-30 00:00:00+09:00,2274.4622972705697,2303.6220703125,2274.4622972705697,2303.6220703125,1930800,0.0,0.0
2009-05-01 00:00:00+09:00,2309.4531400240385,2309.4531400240385,2274.46142578125,2274.46142578125,1689400,0.0,0.0
2009-05-07 00:00:00+09:00,2281.6260936374283,2431.92431640625,2281.6260936374283,2431.92431640625,1442200,0.0,0.0
2009-05-08 00:00:00+09:00,2531.067948545259,2536.89990234375,2531.067948545259,2536.89990234375,1108600,0.0,0.0
2009-05-11 00:00:00+09:00,2539.8157452978626,2539.8157452978626,2490.244140625,2490.244140625,1169200,0.0,0.0
2009-05-12 00:00:00+09:00,2490.2441361810293,2563.1435546875,2490.2441361810293,2563.1435546875,1287000,0.0,0.0
2009-05-13 00:00:00+09:00,2560.227698132645,2560.227698132645,2443.588623046875,2443.588623046875,1226600,0.0,0.0
2009-05-14 00:00:00+09:00,2361.94100581091,2361.94100581091,2350.277099609375,2350.277099609375,801200,0.0,0.0
2009-05-15 00:00:00+09:00,2359.0248601501976,2446.504150390625,2359.0248601501976,2446.504150390625,503400,0.0,0.0
2009-05-18 00:00:00+09:00,2321.117829589844,2332.78173828125,2321.117829589844,2332.78173828125,596600,0.0,0.0
2009-05-19 00:00:00+09:00,2420.2602144432294,2420.2602144432294,2417.34423828125,2417.34423828125,734800,0.0,0.0
2009-05-20 00:00:00+09:00,2420.2604147719003,2504.82373046875,2420.2604147719003,2504.82373046875,1333600,0.0,0.0
2009-05-21 00:00:00+09:00,2533.9836917453345,2533.9836917453345,2519.40380859375,2519.40380859375,1301600,0.0,0.0
2009-05-22 00:00:00+09:00,2513.5726778252183,2513.5726778252183,2507.7407226562505,2507.74072265625,547400,0.0,0.0
2009-05-25 00:00:00+09:00,2501.9077321586883,2501.9077321586883,2466.9160156250005,2466.916015625,596200,0.0,0.0
2009-05-26 00:00:00+09:00,2417.3441524070568,2429.008056640625,2417.3441524070568,2429.008056640625,610800,0.0,0.0
2009-05-27 00:00:00+09:00,2487.3280369726335,2498.991943359375,2487.3280369726335,2498.991943359375,626200,0.0,0.0
2009-05-28 00:00:00+09:00,2501.907728206065,2557.311279296875,2501.907728206065,2557.311279296875,711000,0.0,0.0
2009-05-29 00:00:00+09:00,2560.2274781609,2665.20263671875,2560.2274781609,2665.20263671875,1461200,0.0,0.0
2009-06-01 00:00:00+09:00,2691.4464061234476,2700.1943359375,2691.4464061234476,2700.1943359375,528200,0.0,0.0
2009-06-02 00:00:00+09:00,2703.109419220699,2703.109419220699,2688.529541015625,2688.529541015625,808600,0.0,0.0
2009-06-03 00:00:00+09:00,2819.7492602392285,2910.1445312500005,2819.7492602392285,2910.14453125,2427600,0.0,0.0
2009-06-04 00:00:00+09:00,2980.1275340445895,2980.1275340445895,2950.9677734374995,2950.9677734375,1417400,0.0,0.0
2009-06-05 00:00:00+09:00,2941.938506020413,2941.938506020413,2866.405029296875,2866.405029296875,1407000,0.0,0.0
2009-06-08 00:00:00+09:00,2901.396601797345,2910.1445312500005,2901.396601797345,2910.14453125,640000,0.0,0.0
2009-06-09 00:00:00+09:00,2898.480516640072,2898.480516640072,2883.900634765625,2883.900634765625,557800,0.0,0.0
2009-06-10 00:00:00+09:00,2895.5649304089247,2913.0607910156255,2895.5649304089247,2913.060791015625,505600,0.0,0.0
2009-06-11 00:00:00+09:00,2901.3962967595444,2988.875582088978,2895.564344404249,2959.7158203125,980800,0.0,0.0
2009-06-12 00:00:00+09:00,3093.8507116999203,3152.1702350118885,3076.3548547063297,3085.102783203125,1202400,0.0,0.0
2009-06-15 00:00:00+09:00,3009.288641650343,3012.2046190162832,2977.2128906250005,2977.212890625,620000,0.0,0.0
2009-06-16 00:00:00+09:00,2918.892548896897,2933.4724317585196,2886.816806601327,2898.480712890625,796000,0.0,0.0
2009-06-17 00:00:00+09:00,2915.976714346453,3032.6157829203107,2915.976714346453,3000.5400390625,530200,0.0,0.0
2009-06-18 00:00:00+09:00,2968.464101791382,2997.623867034912,2915.9765243530273,2985.9599609375,673800,0.0,0.0
2009-06-19 00:00:00+09:00,2965.5479867117747,2974.2959158761164,2910.144435337612,2939.30419921875,638400,0.0,0.0
2009-06-22 00:00:00+09:00,2825.5799955738535,2866.403648760679,2822.664020346223,2837.243896484375,1041000,0.0,0.0
2009-06-23 00:00:00+09:00,2668.119024979441,2726.4385665090463,2659.37109375,2714.774658203125,1888800,0.0,0.0
2009-06-24 00:00:00+09:00,2700.194621886562,2793.505883118063,2697.2786449730775,2758.51416015625,882400,0.0,0.0
2009-06-25 00:00:00+09:00,2831.4136532199,2936.3888247090003,2816.833768290858,2892.649169921875,1025800,0.0,0.0
2009-06-26 00:00:00+09:00,3061.775303067926,3108.430926733723,3020.951632360354,3073.439208984375,1490600,0.0,0.0
2009-06-29 00:00:00+09:00,3131.758369075583,3163.834106561459,3038.4471327530327,3064.69091796875,980400,0.0,0.0
2009-06-30 00:00:00+09:00,3149.2556915001155,3163.835578960764,3114.2639615945586,3155.087646484375,741400,0.0,0.0
2009-07-01 00:00:00+09:00,3120.095537118649,3187.1630112810126,3053.028062956286,3070.52392578125,811000,0.0,0.0
2009-07-02 00:00:00+09:00,3146.337743955845,3175.497500619013,3070.5223766316076,3082.186279296875,774400,0.0,0.0
2009-07-03 00:00:00+09:00,2991.7919436368074,3085.1031933408794,2974.296084317294,3079.271240234375,625800,0.0,0.0
2009-07-06 00:00:00+09:00,3047.195131988093,3155.0862514938917,3047.195131988093,3088.018798828125,558800,0.0,0.0
2009-07-07 00:00:00+09:00,3029.699305319671,3096.766758661685,2942.2200183518266,3018.035400390625,743000,0.0,0.0
2009-07-08 00:00:00+09:00,2901.3968839444915,2939.304581925676,2875.153093034441,2913.060791015625,747800,0.0,0.0
2009-07-09 00:00:00+09:00,2872.2367292660674,2980.1278551369755,2831.413060017616,2883.900634765625,545600,0.0,0.0
2009-07-10 00:00:00+09:00,2854.7410643057565,2936.3884083308444,2854.7410643057565,2898.480712890625,476200,0.0,0.0
2009-07-13 00:00:00+09:00,2869.3212305303628,2886.8170916921335,2735.186294956789,2773.093994140625,486800,0.0,0.0
2009-07-14 00:00:00+09:00,2802.25354339196,2898.4807722493324,2802.25354339196,2866.405029296875,616600,0.0,0.0
2009-07-15 00:00:00+09:00,2950.9682320817783,2965.5481146513525,2878.0688192339085,2930.556396484375,547600,0.0,0.0
2009-07-16 00:00:00+09:00,3035.531321947139,3041.3632745349337,2962.6319145997054,2968.4638671875,544600,0.0,0.0
2009-07-17 00:00:00+09:00,3026.783474039411,3143.422528915689,2983.0438284608067,3137.590576171875,1060600,0.0,0.0
2009-07-21 00:00:00+09:00,3204.6587436124214,3245.482421875,3152.1711572748204,3245.482421875,1211800,0.0,0.0
2009-07-22 00:00:00+09:00,3222.1547081291083,3233.8186165748243,3143.4233261205236,3216.32275390625,1019800,0.0,0.0
2009-07-23 00:00:00+09:00,3216.322091545857,3353.372987559144,3190.078302947568,3312.54931640625,1079400,0.0,0.0
2009-07-24 00:00:00+09:00,3347.540942930213,3356.288872223585,3219.2379799607625,3251.313720703125,904600,0.0,0.0
2009-07-27 00:00:00+09:00,3277.5577971041475,3315.4654940457435,3158.0027529037293,3181.33056640625,1111000,0.0,0.0
2009-07-28 00:00:00+09:00,3207.5748356668755,3207.5748356668755,3149.255293200205,3198.826904296875,619000,0.0,0.0
2009-07-29 00:00:00+09:00,3090.935930198598,3172.583294392523,3082.1879983206773,3120.095703125,949600,0.0,0.0
2009-07-30 00:00:00+09:00,3134.67448917243,3289.2212314293033,3108.4307027514515,3201.741943359375,1372000,0.0,0.0
2009-07-31 00:00:00+09:00,3239.649634856344,3260.061468739327,3163.8342518624063,3201.741943359375,619200,0.0,0.0
2009-08-03 00:00:00+09:00,3204.6583799087707,3227.986193411291,3152.170799528099,3181.33056640625,386600,0.0,0.0
2009-08-04 00:00:00+09:00,3213.4057344894554,3225.069639151849,3067.6069262095343,3085.102783203125,663200,0.0,0.0
2009-08-05 00:00:00+09:00,3032.615055770649,3070.5227439677824,2948.0517513308905,2965.547607421875,1092000,0.0,0.0
2009-08-06 00:00:00+09:00,3023.8673843120205,3105.5147196647076,3003.4555504738487,3038.447265625,790400,0.0,0.0
2009-08-07 00:00:00+09:00,3079.2712203379674,3093.851103010022,2980.128018167995,3041.363525390625,630000,0.0,0.0
2009-08-10 00:00:00+09:00,3111.3465686935106,3123.010473355904,3055.9430215471407,3085.102783203125,564600,0.0,0.0
2009-08-11 00:00:00+09:00,3032.615595787392,3050.111454993858,2988.875947771228,3041.363525390625,1002200,0.0,0.0
2009-08-12 00:00:00+09:00,3088.0193819014053,3178.414661258292,3082.1874283945094,3131.759033203125,1358000,0.0,0.0
2009-08-13 00:00:00+09:00,3111.3470509464582,3160.9186534451364,3076.3553315356266,3102.59912109375,945200,0.0,0.0
2009-08-14 00:00:00+09:00,3085.103398992891,3111.347189721564,3070.5235152547393,3076.35546875,448000,0.0,0.0
2009-08-17 00:00:00+09:00,3032.6157829203107,3053.027619920736,2994.708085633807,3000.5400390625,546400,0.0,0.0
2009-08-18 00:00:00+09:00,2974.2954322440446,3047.194830093163,2953.8836008462913,3029.698974609375,465400,0.0,0.0
2009-08-19 00:00:00+09:00,3035.5322698463956,3041.3642242553224,2918.8931816678596,2927.64111328125,631000,0.0,0.0
2009-08-20 00:00:00+09:00,2927.6402680692618,3000.5396771347314,2869.320740816886,2991.791748046875,817200,0.0,0.0
2009-08-21 00:00:00+09:00,2962.632010323661,2983.0438450404577,2895.564553397043,2939.30419921875,778800,0.0,0.0
2009-08-24 00:00:00+09:00,2974.2959201809053,3015.1195896735844,2953.884085434566,3012.20361328125,574200,0.0,0.0
2009-08-25 00:00:00+09:00,2974.2965922856356,3009.288316900761,2959.7167070293335,2971.380615234375,389600,0.0,0.0
2009-08-26 00:00:00+09:00,2930.556949114635,2962.632696816387,2913.061086731861,2953.884765625,789000,0.0,0.0
2009-08-27 00:00:00+09:00,2904.312197825948,2921.808054439357,2805.169010349962,2845.99267578125,1097400,0.0,0.0
2009-08-28 00:00:00+09:00,2872.237999148485,2904.3137534536963,2857.6581108279343,2869.322021484375,764000,0.0,0.0
2009-08-31 00:00:00+09:00,2910.1442461665374,2936.38803195361,2802.2531268196817,2816.8330078125,607600,0.0,0.0
2009-09-02 00:00:00+09:00,2799.3375483247423,2834.3292676788014,2796.4215717119037,2828.497314453125,613600,0.0,0.0
2009-09-03 00:00:00+09:00,2822.665696383249,2889.7331664419416,2787.6739728743655,2872.2373046875,857400,0.0,0.0
2009-09-04 00:00:00+09:00,2857.656486680058,2872.2363667141403,2752.6813504346683,2767.26123046875,890200,0.0,0.0
2009-09-07 00:00:00+09:00,2790.590166846742,2816.8339615192817,2706.0268284574468,2741.0185546875,955000,0.0,0.0
2009-09-08 00:00:00+09:00,2746.849555064599,2784.7572453149596,2700.1939362949242,2778.92529296875,714200,0.0,0.0
2009-09-09 00:00:00+09:00,2720.6070253107337,2749.766800501631,2685.6152950816568,2708.943115234375,758600,0.0,0.0
2009-09-10 00:00:00+09:00,2720.6061133646276,2749.765878781183,2703.1102541146943,2732.27001953125,692000,0.0,0.0
2009-09-11 00:00:00+09:00,2755.597841909241,2840.1611619255036,2741.017959147817,2787.673583984375,1022800,0.0,0.0
2009-09-14 00:00:00+09:00,2738.101664335472,2752.6815454022208,2688.530068708525,2691.446044921875,517800,0.0,0.0
2009-09-15 00:00:00+09:00,2706.026190312843,2714.774119807389,2638.9587308546584,2656.45458984375,592000,0.0,0.0
2009-09-16 00:00:00+09:00,2743.9338864057495,2802.253416403746,2697.278262407352,2729.35400390625,1012600,0.0,0.0
2009-09-17 00:00:00+09:00,2770.1776008141264,2778.9255300798554,2598.1349919214595,2633.126708984375,1493000,0.0,0.0
2009-09-18 00:00:00+09:00,2662.2860092040737,2668.117961031465,2545.64697265625,2545.64697265625,1353200,0.0,0.0
2009-09-21 00:00:00+09:00,2545.64697265625,2545.64697265625,2545.64697265625,2545.64697265625,0,0.0,0.0
2009-09-24 00:00:00+09:00,2583.5546079609726,2595.218511382918,2548.5628976951357,2577.72265625,1075200,0.0,0.0
2009-09-25 00:00:00+09:00,2639.306989014476,2697.95825543702,2615.8464824454586,2671.565185546875,2181800,25.0,0.0
2009-09-28 00:00:00+09:00,2554.2622596153847,2554.2622596153847,2454.5551220414204,2478.015625,1355800,0.0,0.0
2009-09-29 00:00:00+09:00,2466.285893660325,2486.8138380784253,2398.836933429425,2439.892822265625,1577400,0.0,0.0
2009-09-30 00:00:00+09:00,2428.163096668956,2457.4887379330735,2369.51181414072,2401.77001953125,1113800,0.0,0.0
2009-10-01 00:00:00+09:00,2431.0946190828404,2501.47612795858,2416.431804733728,2478.015625,1215800,0.0,0.0
2009-10-02 00:00:00+09:00,2442.825356515401,2480.948681406998,2410.5671585302034,2451.623046875,1117800,0.0,0.0
2009-10-05 00:00:00+09:00,2489.746768465909,2504.409588068182,2413.500106534091,2419.365234375,846600,0.0,0.0
2009-10-06 00:00:00+09:00,2469.218365328253,2527.869632913247,2451.6229850527548,2501.4765625,1156400,0.0,0.0
2009-10-07 00:00:00+09:00,2604.116094427874,2709.6883685263015,2598.2509680890726,2703.8232421875,2023600,0.0,0.0
2009-10-08 00:00:00+09:00,2700.891048211787,2774.2051374683506,2689.1607939307373,2750.74462890625,977800,0.0,0.0
2009-10-09 00:00:00+09:00,2747.811657663119,2777.1372890149137,2721.4185894465045,2768.339599609375,816400,0.0,0.0
2009-10-13 00:00:00+09:00,2797.6657115912485,2838.721602537032,2771.2726388403876,2821.126220703125,590800,0.0,0.0
2009-10-14 00:00:00+09:00,2832.856582578287,2832.856582578287,2750.744797576018,2826.991455078125,812800,0.0,0.0
2009-10-15 00:00:00+09:00,2841.6545290003273,2859.249913080825,2788.8683767588354,2800.5986328125,756200,0.0,0.0
2009-10-16 00:00:00+09:00,2812.327990363626,2824.0582426696265,2774.2046703691244,2791.800048828125,592600,0.0,0.0
2009-10-19 00:00:00+09:00,2756.6092376708984,2815.260498046875,2736.081296539307,2815.260498046875,476400,0.0,0.0
2009-10-20 00:00:00+09:00,2873.9130456668818,2882.710738663821,2826.9920163498714,2844.58740234375,927800,0.0,0.0
2009-10-21 00:00:00+09:00,2800.5984040408925,2856.317115744324,2800.5984040408925,2841.654296875,374800,0.0,0.0
2009-10-22 00:00:00+09:00,2815.2608418367345,2873.912109375,2794.732898198342,2873.912109375,577600,0.0,0.0
2009-10-23 00:00:00+09:00,2912.035788976976,2912.035788976976,2862.182205479888,2879.777587890625,505400,0.0,0.0
2009-10-26 00:00:00+09:00,2873.9120769212614,2923.7656537658136,2865.11438688987,2912.035400390625,546000,0.0,0.0
2009-10-27 00:00:00+09:00,2917.900572765486,2997.0797842877655,2885.6423754786315,2967.754150390625,1371200,0.0,0.0
2009-10-28 00:00:00+09:00,3079.1917754382625,3093.85459341654,2879.777450933689,2885.642578125,2271400,0.0,0.0
2009-10-29 00:00:00+09:00,2835.789015049471,2835.789015049471,2736.081852162519,2806.46337890625,1677800,0.0,0.0
2009-10-30 00:00:00+09:00,2894.4402571809505,2979.484601110279,2862.182057759481,2938.4287109375,1076400,0.0,0.0
2009-11-02 00:00:00+09:00,2865.11458517149,2873.91227581173,2826.991259063783,2856.31689453125,594200,0.0,0.0
2009-11-04 00:00:00+09:00,2815.260774155227,2912.035363266813,2753.676944720581,2777.137451171875,1018400,0.0,0.0
2009-11-05 00:00:00+09:00,2777.1377427630287,2850.451833121081,2750.74467023413,2806.46337890625,621000,0.0,0.0
2009-11-06 00:00:00+09:00,2835.789960536307,2944.2948504430738,2826.9922667600827,2926.699462890625,936200,0.0,0.0
2009-11-09 00:00:00+09:00,2897.373816969877,2970.6879317717467,2885.643558601578,2926.699462890625,1105600,0.0,0.0
2009-11-10 00:00:00+09:00,2979.485625547971,2979.485625547971,2917.9017691144004,2926.699462890625,561600,0.0,0.0
2009-11-11 00:00:00+09:00,2956.024104420732,3014.6753763338415,2947.2264136337653,3005.877685546875,971800,0.0,0.0
2009-11-12 00:00:00+09:00,2994.147394576307,3055.7312293325285,2920.833305580805,2923.765869140625,826600,0.0,0.0
2009-11-13 00:00:00+09:00,2950.159979627223,2958.9576734034476,2876.8458648253536,2926.699462890625,987600,0.0,0.0
2009-11-16 00:00:00+09:00,2900.305018905766,2917.900398191342,2826.9909385491997,2838.72119140625,756400,0.0,0.0
2009-11-17 00:00:00+09:00,2882.7100616393677,2976.552098233935,2856.3169888471457,2914.96826171875,1136000,0.0,0.0
2009-11-18 00:00:00+09:00,2891.5086877857275,2956.025108811373,2885.643558601578,2926.699462890625,650800,0.0,0.0
2009-11-19 00:00:00+09:00,2909.102729250757,2923.765545426416,2868.0468439589117,2906.170166015625,772200,0.0,0.0
2009-11-20 00:00:00+09:00,2847.519649733647,2894.440673828125,2847.519649733647,2894.440673828125,441600,0.0,0.0
2009-11-24 00:00:00+09:00,2953.0907100080008,3017.6070909615023,2900.304580136954,2920.83251953125,1170600,0.0,0.0
2009-11-25 00:00:00+09:00,2909.1032865308152,2970.6871262658424,2865.114829577224,2950.1591796875,649600,0.0,0.0
2009-11-26 00:00:00+09:00,2891.5086877857275,2953.092544219298,2868.0481710491295,2926.699462890625,781400,0.0,0.0
2009-11-27 00:00:00+09:00,2897.3738625209194,2923.766944264531,2809.3969233755474,2847.520263671875,1693400,0.0,0.0
2009-11-30 00:00:00+09:00,2964.8214731179323,3014.675048828125,2964.8214731179323,3014.675048828125,641600,0.0,0.0
2009-12-01 00:00:00+09:00,3005.876746544471,3134.909504444917,2970.685994389804,3126.11181640625,1025200,0.0,0.0
2009-12-02 00:00:00+09:00,3131.9768925294325,3187.6955825650684,3096.786140927978,3175.96533203125,946800,0.0,0.0
2009-12-03 00:00:00+09:00,3255.1455852549566,3299.1340391097533,3214.0896949904795,3272.740966796875,1110200,0.0,0.0
2009-12-04 00:00:00+09:00,3243.4152050781254,3255.145458984375,3175.966245117188,3225.81982421875,970400,0.0,0.0
2009-12-07 00:00:00+09:00,3310.864990234375,3334.32550389414,3296.2021691970217,3310.864990234375,804400,0.0,0.0
2009-12-08 00:00:00+09:00,3225.819920131138,3328.4596448625834,3225.819920131138,3284.47119140625,1023200,0.0,0.0
2009-12-09 00:00:00+09:00,3219.954593879132,3222.887157261536,3173.033579760675,3193.5615234375,779800,0.0,0.0
2009-12-10 00:00:00+09:00,3272.740206677436,3348.9868423168746,3164.2353790366965,3205.291259765625,1605200,0.0,0.0
2009-12-11 00:00:00+09:00,3263.942812759264,3328.4592025891866,3240.4823073665652,3313.79638671875,1158600,0.0,0.0
2009-12-14 00:00:00+09:00,3343.1230278564244,3478.020974594491,3307.9322591421464,3463.358154296875,1631800,0.0,0.0
2009-12-15 00:00:00+09:00,3516.1438384876506,3527.8740931615043,3343.1225820483082,3357.785400390625,1556800,0.0,0.0
2009-12-16 00:00:00+09:00,3407.6385191792733,3413.5036457183082,3293.268551668093,3319.66162109375,912600,0.0,0.0
2009-12-17 00:00:00+09:00,3369.515084846905,3439.896600979478,3337.2568899528096,3340.189453125,717000,0.0,0.0
2009-12-18 00:00:00+09:00,3357.786145277426,3392.976917105661,3263.944087068799,3331.39306640625,758400,0.0,0.0
2009-12-21 00:00:00+09:00,3331.392843666145,3354.8533566497094,3266.8764329613427,3278.606689453125,812400,0.0,0.0
2009-12-22 00:00:00+09:00,3337.257688948765,3398.8415303089796,3302.066922457214,3384.1787109375,723600,0.0,0.0
2009-12-24 00:00:00+09:00,3577.726881500385,3821.129611963116,3574.794318482762,3806.466796875,2870800,0.0,0.0
2009-12-25 00:00:00+09:00,3826.9961680536685,3856.3218091881795,3739.019244650136,3777.142578125,938200,0.0,0.0
2009-12-28 00:00:00+09:00,3797.670998339159,3806.468691771605,3715.5591929696634,3762.480224609375,751400,0.0,0.0
2009-12-29 00:00:00+09:00,3888.5793949083013,3894.4445222007726,3759.5465944739385,3797.669921875,1373400,0.0,0.0
2009-12-30 00:00:00+09:00,3747.8160297624904,3753.6811565696303,3715.5578323232203,3727.2880859375,443200,0.0,0.0
2010-01-04 00:00:00+09:00,3791.805192302044,3903.2426225475797,3762.4795527637452,3900.31005859375,699000,0.0,0.0
2010-01-05 00:00:00+09:00,3953.096907003733,3967.759729359088,3809.4012479212533,3829.92919921875,930600,0.0,0.0
2010-01-06 00:00:00+09:00,3862.1866437678755,3926.703049358531,3841.658696534485,3909.107666015625,795600,0.0,0.0
2010-01-07 00:00:00+09:00,3873.9166857411337,3894.444631842714,3788.872337606014,3803.53515625,858000,0.0,0.0
2010-01-08 00:00:00+09:00,3800.6028538465143,3912.0402832031255,3794.7377259856403,3912.040283203125,907400,0.0,0.0
2010-01-12 00:00:00+09:00,3891.5119628906255,3926.7027266846626,3850.456071797582,3891.511962890625,596200,0.0,0.0
2010-01-13 00:00:00+09:00,3809.400483387056,3888.5797082149625,3762.479461266815,3774.209716796875,846000,0.0,0.0
2010-01-14 00:00:00+09:00,3762.478858695978,3844.590634255984,3762.478858695978,3821.130126953125,493800,0.0,0.0
2010-01-15 00:00:00+09:00,3818.197547149658,3853.388307952881,3733.1532085418703,3753.68115234375,749000,0.0,0.0
2010-01-18 00:00:00+09:00,3733.152963287614,3785.9391010245954,3703.8273312115134,3780.073974609375,480200,0.0,0.0
2010-01-19 00:00:00+09:00,3741.9515261336273,3753.6817817014444,3633.44666213132,3653.974609375,723200,0.0,0.0
2010-01-20 00:00:00+09:00,3695.0289332613033,3721.421997070313,3560.1310515708115,3583.591552734375,977000,0.0,0.0
2010-01-21 00:00:00+09:00,3583.5930901705087,3917.905375178232,3571.862834556203,3856.321533203125,2409400,0.0,0.0
2010-01-22 00:00:00+09:00,3818.1980136303196,3873.9167250427436,3744.8839196666036,3859.25390625,1279800,0.0,0.0
2010-01-25 00:00:00+09:00,3818.1978910006014,3873.9166006234977,3744.8837993915267,3812.332763671875,896400,0.0,0.0
2010-01-26 00:00:00+09:00,3865.1185615539553,3935.5000831604,3727.288081741333,3753.68115234375,949800,0.0,0.0
2010-01-27 00:00:00+09:00,3700.894451012206,3703.8270139686338,3501.480169975098,3551.333740234375,1878800,0.0,0.0
2010-01-28 00:00:00+09:00,3727.288499301272,3870.9841220123362,3724.355935572475,3803.53515625,2658200,0.0,0.0
2010-01-29 00:00:00+09:00,3777.1421816834836,3841.6585854078908,3706.7606503477664,3741.951416015625,1059400,0.0,0.0
2010-02-01 00:00:00+09:00,3744.8831778140943,3744.8831778140943,3539.603755381059,3592.389892578125,1101800,0.0,0.0
2010-02-02 00:00:00+09:00,3648.108562512621,3706.759825575525,3612.917804674879,3630.51318359375,847400,0.0,0.0
2010-02-03 00:00:00+09:00,3604.120462266938,3618.78327944459,3480.9527979746586,3489.75048828125,1643000,0.0,0.0
2010-02-04 00:00:00+09:00,3636.378289217973,3636.378289217973,3460.4245010300065,3536.671142578125,2368400,0.0,0.0
2010-02-05 00:00:00+09:00,3401.7737887935673,3457.492497403117,3395.908661571509,3407.638916015625,1469600,0.0,0.0
2010-02-08 00:00:00+09:00,3384.1785202752976,3457.4926130022322,3357.785446893601,3387.111083984375,811400,0.0,0.0
2010-02-09 00:00:00+09:00,3422.301398927845,3513.2108619670594,3387.1106390416976,3469.222412109375,921400,0.0,0.0
2010-02-10 00:00:00+09:00,3533.738852197834,3557.1993591003925,3483.885275029898,3524.941162109375,592800,0.0,0.0
2010-02-12 00:00:00+09:00,3607.053120513741,3621.715938076805,3507.345961084906,3574.794921875,706400,0.0,0.0
2010-02-15 00:00:00+09:00,3577.72780591864,3580.6603696939833,3480.9532013323164,3498.548583984375,401000,0.0,0.0
2010-02-16 00:00:00+09:00,3475.0872387633817,3539.6036263184824,3469.222112622009,3492.6826171875,429600,0.0,0.0
2010-02-17 00:00:00+09:00,3557.198784766912,3571.8615992136015,3516.142904316181,3560.13134765625,678600,0.0,0.0
2010-02-18 00:00:00+09:00,3557.19831841792,3571.8611309423136,3504.4121933301026,3522.007568359375,527800,0.0,0.0
2010-02-19 00:00:00+09:00,3557.1993801719264,3665.7042252390006,3542.53656327097,3565.9970703125,1434400,0.0,0.0
2010-02-22 00:00:00+09:00,3621.7148697308467,3677.433560034398,3589.456680607738,3609.984619140625,768200,0.0,0.0
2010-02-23 00:00:00+09:00,3563.065451715225,3577.728272504177,3492.6839119282577,3510.279296875,1315400,0.0,0.0
2010-02-24 00:00:00+09:00,3425.234238114316,3439.897055914463,3381.2457847138758,3431.099365234375,1167400,0.0,0.0
2010-02-25 00:00:00+09:00,3401.7732819413714,3436.96404003042,3284.470754977876,3313.79638671875,1208600,0.0,0.0
2010-02-26 00:00:00+09:00,3310.8646140801015,3419.369477429051,3252.213336594183,3384.1787109375,1087000,0.0,0.0
2010-03-01 00:00:00+09:00,3401.773058484484,3419.368436373197,3334.3241099110846,3354.85205078125,759200,0.0,0.0
2010-03-02 00:00:00+09:00,3346.055770006288,3384.1791048091645,3328.460384712653,3351.9208984375,627000,0.0,0.0
2010-03-03 00:00:00+09:00,3346.0555500190144,3434.0324707031255,3346.0555500190144,3434.032470703125,708000,0.0,0.0
2010-03-04 00:00:00+09:00,3431.0987951566494,3478.019804321185,3404.7057275015986,3439.896484375,965400,0.0,0.0
2010-03-05 00:00:00+09:00,3489.750625147964,3524.941387754498,3428.1667905865293,3483.885498046875,666800,0.0,0.0
2010-03-08 00:00:00+09:00,3545.4682408944077,3609.984619140625,3519.0751770664097,3609.984619140625,1142600,0.0,0.0
2010-03-09 00:00:00+09:00,3630.513046765537,3674.501492404861,3621.7153576376722,3662.771240234375,884600,0.0,0.0
2010-03-10 00:00:00+09:00,3574.79550972198,3703.828325495374,3551.334997763181,3674.502685546875,1007400,0.0,0.0
2010-03-11 00:00:00+09:00,3674.5015714621245,3744.883085999308,3674.5015714621245,3706.759765625,674600,0.0,0.0
2010-03-12 00:00:00+09:00,3759.5476601318933,3809.4012562490866,3741.952273267001,3762.480224609375,1057800,0.0,0.0
2010-03-15 00:00:00+09:00,3812.333176861959,3826.995996772967,3785.9401010221454,3794.73779296875,745200,0.0,0.0
2010-03-16 00:00:00+09:00,3777.141816224845,3821.130269053551,3750.748744527622,3788.8720703125,441200,0.0,0.0
2010-03-17 00:00:00+09:00,3809.4002534483693,3821.130508270381,3794.7374349208544,3815.265380859375,400000,0.0,0.0
2010-03-18 00:00:00+09:00,3809.3998569488526,3865.1185615539553,3739.018335342407,3753.68115234375,715200,0.0,0.0
2010-03-19 00:00:00+09:00,3800.6019601951357,3900.30911038544,3791.8042704724617,3888.578857421875,1119200,0.0,0.0
2010-03-23 00:00:00+09:00,3829.9292239091983,3891.513078198703,3824.0640949292456,3885.64794921875,656800,0.0,0.0
2010-03-24 00:00:00+09:00,3897.3766365840515,3917.904579741379,3812.3323006465516,3826.9951171875,2163800,0.0,0.0
2010-03-25 00:00:00+09:00,3783.00673597441,3788.8718626968507,3668.6367648868113,3724.35546875,2111400,0.0,0.0
2010-03-26 00:00:00+09:00,3739.0175792658442,3785.9385841821213,3706.7593883859035,3765.41064453125,1055800,0.0,0.0
2010-03-29 00:00:00+09:00,3800.767788668291,3897.9967320993405,3791.928793810923,3853.8017578125,785000,30.0,0.0
2010-03-30 00:00:00+09:00,3874.425877621299,3924.5135125411184,3871.4795461554277,3918.620849609375,646200,0.0,0.0
2010-03-31 00:00:00+09:00,3915.675074410058,3921.567738178922,3871.480096143579,3880.319091796875,529600,0.0,0.0
2010-04-01 00:00:00+09:00,3892.103824331741,3933.352464407929,3871.479504293647,3921.567138671875,664800,0.0,0.0
2010-04-02 00:00:00+09:00,3948.083658141867,4048.2589151394964,3936.2983337892047,4039.419921875,977200,0.0,0.0
2010-04-05 00:00:00+09:00,4048.2584736843614,4077.721781353098,4001.1171814143836,4018.795166015625,488800,0.0,0.0
2010-04-06 00:00:00+09:00,4042.3660796166882,4045.312410578508,3953.976150762096,3965.761474609375,608000,0.0,0.0
2010-04-07 00:00:00+09:00,3992.279898396719,3995.226230425056,3903.889937546607,3951.03125,880600,0.0,0.0
2010-04-08 00:00:00+09:00,3909.7806786852193,3956.9219679534663,3897.995356368158,3915.67333984375,453400,0.0,0.0
2010-04-09 00:00:00+09:00,3906.8345977714002,3915.6735900740505,3868.532297793249,3897.99560546875,492600,0.0,0.0
2010-04-12 00:00:00+09:00,3962.8160999312386,3992.2794166593517,3924.5137881846913,3933.352783203125,489200,0.0,0.0
2010-04-13 00:00:00+09:00,3900.942602966727,3903.8889342378498,3839.069646273146,3868.532958984375,472200,0.0,0.0
2010-04-14 00:00:00+09:00,3897.9962956638856,3915.6742833993226,3856.7476576145323,3900.942626953125,599400,0.0,0.0
2010-04-15 00:00:00+09:00,3968.708677418837,3992.279330291406,3927.4600348918407,3939.245361328125,621200,0.0,0.0
2010-04-16 00:00:00+09:00,3918.619952161277,3927.458944534573,3806.6593820995263,3809.605712890625,889000,0.0,0.0
2010-04-19 00:00:00+09:00,3730.0546403212147,3765.4106084759183,3712.3766562438627,3750.678955078125,593000,0.0,0.0
2010-04-20 00:00:00+09:00,3771.3040580568722,3797.8210397150847,3727.1090886265183,3730.055419921875,427400,0.0,0.0
2010-04-21 00:00:00+09:00,3830.2312626729486,3865.58724355916,3812.5532722298426,3859.694580078125,768400,0.0,0.0
2010-04-22 00:00:00+09:00,3859.693992820946,3859.693992820946,3771.304054054054,3815.4990234375,403200,0.0,0.0
2010-04-23 00:00:00+09:00,3844.9622425187667,3889.15721082358,3812.552599095237,3839.069580078125,466600,0.0,0.0
2010-04-26 00:00:00+09:00,3850.8551011654276,3933.352379537755,3850.8551011654276,3927.459716796875,608400,0.0,0.0
2010-04-27 00:00:00+09:00,3930.405454603196,3986.3857421875,3889.156821646341,3986.3857421875,701800,0.0,0.0
2010-04-28 00:00:00+09:00,3930.405318410773,4107.185167814556,3906.8346718236016,4030.58056640625,1916400,0.0,0.0
2010-04-30 00:00:00+09:00,4107.185997544024,4269.23422556764,4104.239666125412,4245.66357421875,1923200,0.0,0.0
2010-05-06 00:00:00+09:00,4151.38064978424,4222.092598396604,4033.527402096965,4080.668701171875,1419800,0.0,0.0
2010-05-07 00:00:00+09:00,3836.122414203584,3942.1903150571393,3833.1760836243184,3915.67333984375,1189000,0.0,0.0
2010-05-10 00:00:00+09:00,3874.4255615970847,3980.4934857168523,3874.4255615970847,3906.835205078125,951000,0.0,0.0
2010-05-11 00:00:00+09:00,4057.098224346454,4060.044555664062,3803.7137310321514,3830.230712890625,1178200,0.0,0.0
2010-05-12 00:00:00+09:00,3895.049610117633,3983.4395407557035,3836.1229896922528,3874.42529296875,1016200,0.0,0.0
2010-05-13 00:00:00+09:00,3945.136749493634,3995.224370659722,3906.8344509548606,3977.54638671875,702600,0.0,0.0
2010-05-14 00:00:00+09:00,3909.781699970508,4004.0643031348304,3906.835368621623,3980.49365234375,801800,0.0,0.0
2010-05-17 00:00:00+09:00,3918.620657331825,3921.5669886531273,3730.055452768489,3744.787109375,1535800,0.0,0.0
2010-05-18 00:00:00+09:00,3747.7330904263445,3777.196400885671,3591.5775449919133,3615.148193359375,1798200,0.0,0.0
2010-05-19 00:00:00+09:00,3550.3286515201435,3679.9672080901732,3514.9726815464987,3668.181884765625,1179400,0.0,0.0
2010-05-20 00:00:00+09:00,3656.3967582056925,3724.16237096857,3550.328842576841,3585.684814453125,985600,0.0,0.0
2010-05-21 00:00:00+09:00,3388.2808952657588,3464.885506810898,3320.5152773604436,3447.20751953125,2289000,0.0,0.0
2010-05-24 00:00:00+09:00,3447.20713632318,3503.1874231523598,3397.1195112654927,3491.402099609375,921200,0.0,0.0
2010-05-25 00:00:00+09:00,3470.7779947916665,3476.670656922043,3279.266475554435,3288.10546875,1034200,0.0,0.0
2010-05-26 00:00:00+09:00,3338.1938595708325,3385.335167384719,3229.17958525122,3320.515869140625,1366000,0.0,0.0
2010-05-27 00:00:00+09:00,3243.9110251761767,3488.45654296875,3238.018362096838,3488.45654296875,1261400,0.0,0.0
2010-05-28 00:00:00+09:00,3544.436388881551,3588.631356323964,3438.368467019759,3485.509765625,1130600,0.0,0.0
2010-05-31 00:00:00+09:00,3523.8115651150624,3582.7381799163177,3500.240919194561,3520.865234375,1090200,0.0,0.0
2010-06-01 00:00:00+09:00,3535.5983695072528,3544.437365431021,3447.2084102695717,3453.10107421875,612400,0.0,0.0
2010-06-02 00:00:00+09:00,3388.280724966398,3400.0660492271504,3252.749495967742,3288.10546875,2093000,0.0,0.0
2010-06-03 00:00:00+09:00,3370.6034270744226,3444.26171875,3347.0327737382377,3444.26171875,1011000,0.0,0.0
2010-06-04 00:00:00+09:00,3426.5832668498406,3538.5438551046077,3420.690604310116,3476.6708984375,996800,0.0,0.0
2010-06-07 00:00:00+09:00,3364.710222362417,3391.2272030990734,3326.4079168539133,3329.354248046875,710000,0.0,0.0
2010-06-08 00:00:00+09:00,3279.2668982397154,3329.3545328040236,3208.5549435606918,3258.642578125,987800,0.0,0.0
2010-06-09 00:00:00+09:00,3243.91029376784,3243.91029376784,3078.915764747859,3096.59375,1764200,0.0,0.0
2010-06-10 00:00:00+09:00,3117.218072947817,3117.218072947817,2975.794190621262,3078.915771484375,1683800,0.0,0.0
2010-06-11 00:00:00+09:00,3214.446800224783,3217.3931309307636,3134.895871163308,3143.73486328125,1326800,0.0,0.0
2010-06-14 00:00:00+09:00,3161.413120588257,3208.5544159558353,3137.8424729044673,3176.144775390625,1228400,0.0,0.0
2010-06-15 00:00:00+09:00,3199.716420608669,3329.355023285263,3196.7700887296555,3326.40869140625,1549800,0.0,0.0
2010-06-16 00:00:00+09:00,3394.1733897379913,3447.2073489526474,3364.710079063182,3373.549072265625,1294000,0.0,0.0
2010-06-17 00:00:00+09:00,3376.496654002096,3394.1746469549867,3282.2140249200133,3338.1943359375,689600,0.0,0.0
2010-06-18 00:00:00+09:00,3338.1943359375,3358.8186610492057,3299.8920178729036,3338.1943359375,796600,0.0,0.0
2010-06-21 00:00:00+09:00,3367.657067582233,3403.0130472943824,3332.301087870084,3361.764404296875,1004000,0.0,0.0
2010-06-22 00:00:00+09:00,3323.461777498351,3376.4957420328988,3323.461777498351,3349.978759765625,1263400,0.0,0.0
2010-06-23 00:00:00+09:00,3293.9993683136263,3414.7989873662727,3217.3947318412165,3270.4287109375,2880600,0.0,0.0
2010-06-24 00:00:00+09:00,3205.6087282455314,3208.555059797228,3111.326118591251,3131.950439453125,1864800,0.0,0.0
2010-06-25 00:00:00+09:00,3078.915610674587,3108.3789179537694,3049.452303395404,3073.02294921875,1745800,0.0,0.0
2010-06-28 00:00:00+09:00,3137.843167550223,3143.7358307756695,3037.667892717634,3093.648193359375,1821600,0.0,0.0
2010-06-29 00:00:00+09:00,3070.07698833759,3155.52058974046,3049.4526707575874,3064.184326171875,1055600,0.0,0.0
2010-06-30 00:00:00+09:00,2952.2239985484557,3034.7212759530034,2910.975359846182,3028.82861328125,1209600,0.0,0.0
2010-07-01 00:00:00+09:00,2969.9022162462907,2996.419200319918,2940.438900608927,2978.7412109375,936000,0.0,0.0
2010-07-02 00:00:00+09:00,3019.989401383166,3073.0233616025776,2990.5260901501592,3061.238037109375,969000,0.0,0.0
2010-07-05 00:00:00+09:00,3078.9159164933017,3140.7888679252246,3070.0769234315985,3120.16455078125,864600,0.0,0.0
2010-07-06 00:00:00+09:00,3055.345057635441,3152.5739746093755,2969.901463931075,3152.573974609375,1097000,0.0,0.0
2010-07-07 00:00:00+09:00,3111.3264977097397,3129.0044891739994,3022.93654038844,3055.34619140625,1072000,0.0,0.0
2010-07-08 00:00:00+09:00,3152.5746425412735,3161.4136368661557,3096.5943451503535,3123.111328125,1186800,0.0,0.0
2010-07-09 00:00:00+09:00,3096.593427743702,3123.1104028623445,3058.2911303501073,3084.80810546875,1712000,0.0,0.0
2010-07-12 00:00:00+09:00,3049.453200693206,3073.0238534521873,2990.5265687957526,2993.472900390625,1197200,0.0,0.0
2010-07-13 00:00:00+09:00,3014.096492084704,3099.5400876569975,3005.2574994392944,3078.915771484375,1114400,0.0,0.0
2010-07-14 00:00:00+09:00,3167.3061481420546,3261.588749761167,3146.6818290378737,3252.749755859375,1236200,0.0,0.0
2010-07-15 00:00:00+09:00,3193.8226635831616,3258.641942733373,3164.3593548785198,3217.393310546875,1018800,0.0,0.0
2010-07-16 00:00:00+09:00,3170.252158371821,3182.0374823806383,3058.291580288058,3070.076904296875,723600,0.0,0.0
2010-07-21 00:00:00+09:00,3099.5399128991,3114.271566477518,2969.9013614090236,2987.579345703125,655600,0.0,0.0
2010-07-22 00:00:00+09:00,2969.9027183219177,3019.990363372982,2946.332061827299,3011.1513671875,1033600,0.0,0.0
2010-07-23 00:00:00+09:00,3123.1110497506343,3193.822998046875,3105.433062676574,3193.822998046875,1247400,0.0,0.0
2010-07-26 00:00:00+09:00,3220.339854250672,3338.1930968581987,3217.393523185484,3288.10546875,1168600,0.0,0.0
2010-07-27 00:00:00+09:00,3314.6222292721923,3329.3538836245134,3176.1446783603765,3217.393310546875,1346800,0.0,0.0
2010-07-28 00:00:00+09:00,3299.8922318262407,3332.301887674534,3240.9655848293437,3323.462890625,1021200,0.0,0.0
2010-07-29 00:00:00+09:00,3305.78370598181,3379.441988200656,3285.159386960533,3355.871337890625,665600,0.0,0.0
2010-07-30 00:00:00+09:00,3320.5155054797483,3323.4618368954357,3223.286568762063,3243.910888671875,871800,0.0,0.0
2010-08-02 00:00:00+09:00,3232.1255951203666,3293.9985554645123,3220.340269340529,3258.642578125,614400,0.0,0.0
2010-08-03 00:00:00+09:00,3347.032235204646,3349.978566397608,3288.105611345409,3329.354248046875,567000,0.0,0.0
2010-08-04 00:00:00+09:00,3299.891595364914,3314.623254272793,3232.12596438867,3249.803955078125,611800,0.0,0.0
2010-08-05 00:00:00+09:00,3314.6229728323515,3323.461967426571,3211.5013692331227,3235.072021484375,634800,0.0,0.0
2010-08-06 00:00:00+09:00,3214.44710533065,3226.232429273201,3167.3058095604483,3208.554443359375,702600,0.0,0.0
2010-08-09 00:00:00+09:00,3182.0378970403744,3238.0181933771955,3173.198902881929,3229.17919921875,420000,0.0,0.0
2010-08-10 00:00:00+09:00,3235.0723637292144,3270.428345846474,3179.092058710221,3211.501708984375,619600,0.0,0.0
2010-08-11 00:00:00+09:00,3176.1454900398107,3176.1454900398107,3058.2922251032683,3075.97021484375,851000,0.0,0.0
2010-08-12 00:00:00+09:00,2987.5802056287093,2990.5265371924456,2919.814579662772,2978.7412109375,1381200,0.0,0.0
2010-08-13 00:00:00+09:00,2966.956401163934,3061.2390276160154,2919.8150879378936,3043.56103515625,990800,0.0,0.0
2010-08-16 00:00:00+09:00,2955.1698029785157,2984.633111083984,2925.7064948730467,2946.330810546875,717800,0.0,0.0
2010-08-17 00:00:00+09:00,2860.8885283821714,2881.5128535095405,2804.9082173221705,2837.31787109375,1846200,0.0,0.0
2010-08-18 00:00:00+09:00,2828.4780696037537,2869.7267081188083,2775.4441057986833,2825.53173828125,1596200,0.0,0.0
2010-08-19 00:00:00+09:00,2801.96142578125,2810.8004208152606,2748.9274555771885,2801.96142578125,1846400,0.0,0.0
2010-08-20 00:00:00+09:00,2757.7656065742926,2831.423875980657,2737.1412911405105,2810.799560546875,1535400,0.0,0.0
2010-08-23 00:00:00+09:00,2784.283454879158,2854.9954156379936,2743.0348111031703,2834.37109375,1331800,0.0,0.0
2010-08-24 00:00:00+09:00,2790.1759095058815,2890.351179752133,2781.336915072389,2849.1025390625,1431800,0.0,0.0
2010-08-25 00:00:00+09:00,2804.906875333511,2810.7995368363127,2743.0339295540953,2760.7119140625,1100000,0.0,0.0
2010-08-26 00:00:00+09:00,2787.2289972385443,2828.4776293329833,2763.658350327436,2804.906982421875,751200,0.0,0.0
2010-08-27 00:00:00+09:00,2760.712955712283,2852.0492434679722,2751.8739601230227,2840.263916015625,675000,0.0,0.0
2010-08-30 00:00:00+09:00,2893.297111233236,2943.384739431775,2878.5654558807246,2910.97509765625,943800,0.0,0.0
2010-08-31 00:00:00+09:00,2866.77964868657,2872.6723098349494,2766.6044091641206,2772.4970703125,898200,0.0,0.0
2010-09-01 00:00:00+09:00,2796.068461038421,2919.814378176054,2781.336804236322,2908.029052734375,1250200,0.0,0.0
2010-09-02 00:00:00+09:00,2964.0100808196435,2972.8490770845133,2878.5664502592363,2925.707763671875,1090800,0.0,0.0
2010-09-03 00:00:00+09:00,2952.223785547251,3061.238037109375,2931.5994676841465,3061.238037109375,1365000,0.0,0.0
2010-09-06 00:00:00+09:00,3084.8085710552377,3155.520515377421,3075.969578014965,3137.842529296875,1295200,0.0,0.0
2010-09-07 00:00:00+09:00,3179.09102263274,3214.4469932273582,3149.6277138038918,3182.037353515625,1645200,0.0,0.0
2010-09-08 00:00:00+09:00,3134.8957251372967,3170.2516919621535,3075.9691137625355,3084.80810546875,1584000,0.0,0.0
2010-09-09 00:00:00+09:00,3129.004497111345,3158.467816293184,3096.5948460113214,3155.521484375,857800,0.0,0.0
2010-09-10 00:00:00+09:00,3187.9301264599117,3211.500774345013,3161.413147589173,3208.554443359375,1049600,0.0,0.0
2010-09-13 00:00:00+09:00,3243.9108330933177,3249.8034958237326,3170.2525489631334,3196.76953125,1073800,0.0,0.0
2010-09-14 00:00:00+09:00,3190.8757008164284,3196.7683613904196,3134.8954253635084,3140.7880859375,969000,0.0,0.0
2010-09-16 00:00:00+09:00,3308.730511398451,3358.8181504846257,3279.267194288937,3305.7841796875,1774800,0.0,0.0
2010-09-17 00:00:00+09:00,3338.193751155442,3361.764404296875,3308.730434728651,3361.764404296875,1295200,0.0,0.0
2010-09-21 00:00:00+09:00,3417.7447684757817,3444.261753748439,3370.6034613243914,3391.227783203125,1672000,0.0,0.0
2010-09-22 00:00:00+09:00,3394.1737400530506,3426.5833851403627,3329.3544498784263,3332.30078125,1728400,0.0,0.0
2010-09-24 00:00:00+09:00,3161.4136616460105,3335.24721806457,3149.6283357871253,3291.05224609375,2260600,0.0,0.0
2010-09-27 00:00:00+09:00,3370.6027385752686,3562.1142578125,3338.1930968581987,3562.1142578125,8988000,0.0,0.0
2010-09-28 00:00:00+09:00,3502.8934968202584,3511.776574157926,3417.0237492228052,3422.94580078125,2837000,30.0,0.0
2010-09-29 00:00:00+09:00,3422.947385714667,3491.0510101709274,3387.4150599114,3467.36279296875,2363400,0.0,0.0
2010-09-30 00:00:00+09:00,3449.5959097220316,3482.167201573484,3369.648193359375,3369.648193359375,1607600,0.0,0.0
2010-10-01 00:00:00+09:00,3387.4155153086485,3411.1037356954225,3340.039074535101,3363.727294921875,1026800,0.0,0.0
2010-10-04 00:00:00+09:00,3334.115545606069,3419.9853065497423,3331.154519366632,3372.60888671875,840800,0.0,0.0
2010-10-05 00:00:00+09:00,3331.1558520700046,3396.298455399374,3307.467632677507,3384.454345703125,1083000,0.0,0.0
2010-10-06 00:00:00+09:00,3446.6355722402595,3464.401734983766,3390.3760568858224,3419.986328125,1399400,0.0,0.0
2010-10-07 00:00:00+09:00,3390.375530740489,3411.1027173913044,3357.804237432065,3405.1806640625,877600,0.0,0.0
2010-10-08 00:00:00+09:00,3405.18096358189,3405.18096358189,3345.960425084814,3354.843505859375,957400,0.0,0.0
2010-10-12 00:00:00+09:00,3369.6478365045928,3384.452967596441,3280.8170499535054,3283.778076171875,1002000,0.0,0.0
2010-10-13 00:00:00+09:00,3325.232906281002,3396.2975454179073,3319.3108530195937,3357.80419921875,955200,0.0,0.0
2010-10-14 00:00:00+09:00,3402.219792105031,3425.9080064974073,3363.72644371742,3408.141845703125,1102200,0.0,0.0
2010-10-15 00:00:00+09:00,3328.1941335321635,3390.3756965252023,3328.1941335321635,3342.999267578125,785200,0.0,0.0
2010-10-18 00:00:00+09:00,3357.805239825181,3381.493460211955,3298.584688858247,3363.727294921875,668000,0.0,0.0
2010-10-19 00:00:00+09:00,3366.686810286223,3366.686810286223,3274.894997516766,3283.778076171875,877600,0.0,0.0
2010-10-20 00:00:00+09:00,3245.2842835771276,3248.245309383311,3197.907870678191,3200.868896484375,913600,0.0,0.0
2010-10-21 00:00:00+09:00,3212.7132857473275,3245.284572515273,3150.5317382812505,3150.53173828125,950800,0.0,0.0
2010-10-22 00:00:00+09:00,3177.1813944573773,3218.6357649349197,3165.337288606651,3209.752685546875,684600,0.0,0.0
2010-10-25 00:00:00+09:00,3271.934060224951,3322.271507305335,3209.7525079491825,3215.674560546875,913600,0.0,0.0
2010-10-26 00:00:00+09:00,3245.2849589463626,3251.2070117911553,3194.947509765625,3194.947509765625,688400,0.0,0.0
2010-10-27 00:00:00+09:00,3197.9078864514995,3286.7386610751523,3141.6483958565195,3159.41455078125,1472400,0.0,0.0
2010-10-28 00:00:00+09:00,3180.141845703125,3230.479286463789,3129.804404942461,3180.141845703125,2166400,0.0,0.0
2010-10-29 00:00:00+09:00,3180.142705727911,3230.4801601016306,3055.779583157546,3070.584716796875,1351200,0.0,0.0
2010-11-01 00:00:00+09:00,3014.3251485824585,3067.6236286163335,2987.6759085655212,3032.09130859375,1351000,0.0,0.0
2010-11-02 00:00:00+09:00,3014.3245058323555,3049.8568182783165,2981.7532194235578,2996.558349609375,923600,0.0,0.0
2010-11-04 00:00:00+09:00,3061.700633160945,3180.1416634573065,3032.0903755868544,3153.492431640625,1231400,0.0,0.0
2010-11-05 00:00:00+09:00,3218.635694454176,3301.54443359375,3203.8305624649665,3301.54443359375,1053000,0.0,0.0
2010-11-08 00:00:00+09:00,3340.0378191312993,3348.9208984374995,3283.778316858698,3348.9208984375,830400,0.0,0.0
2010-11-09 00:00:00+09:00,3449.596078838417,3502.8945590264784,3422.9468387443862,3461.440185546875,1607000,0.0,0.0
2010-11-10 00:00:00+09:00,3499.933635708456,3517.699796295809,3449.5961807109575,3514.73876953125,1015000,0.0,0.0
2010-11-11 00:00:00+09:00,3482.1668156013457,3538.426313472456,3479.205789397603,3520.66015625,471800,0.0,0.0
2010-11-12 00:00:00+09:00,3508.8157080120327,3508.8157080120327,3425.906982421875,3425.906982421875,617800,0.0,0.0
2010-11-15 00:00:00+09:00,3476.245899357208,3476.245899357208,3419.986383098446,3458.479736328125,386600,0.0,0.0
2010-11-16 00:00:00+09:00,3482.1673294539305,3505.855542579467,3434.7909032028565,3446.635009765625,525400,0.0,0.0
2010-11-17 00:00:00+09:00,3378.531659845028,3437.7521972656245,3369.6485792319386,3437.752197265625,495400,0.0,0.0
2010-11-18 00:00:00+09:00,3405.179963003778,3526.58203125,3396.2968848394207,3526.58203125,663000,0.0,0.0
2010-11-19 00:00:00+09:00,3576.9191161087865,3582.841167625523,3514.7375751830546,3538.42578125,433800,0.0,0.0
2010-11-22 00:00:00+09:00,3582.8417531008045,3662.7894616410704,3576.9197006163404,3633.17919921875,767000,0.0,0.0
2010-11-24 00:00:00+09:00,3544.3491210937505,3588.7645236137223,3502.894745408443,3544.34912109375,647800,0.0,0.0
2010-11-25 00:00:00+09:00,3585.802578811015,3612.4518135007747,3568.036422351175,3582.841552734375,381000,0.0,0.0
2010-11-26 00:00:00+09:00,3603.5687352708546,3633.178996037255,3565.0753962745353,3582.841552734375,445400,0.0,0.0
2010-11-29 00:00:00+09:00,3603.5687352708546,3633.178996037255,3573.958474504455,3582.841552734375,456600,0.0,0.0
2010-11-30 00:00:00+09:00,3576.9199268617026,3603.569164727394,3473.284001828458,3479.2060546875,697000,0.0,0.0
2010-12-01 00:00:00+09:00,3411.1025648066784,3414.0635913386286,3334.115874975972,3369.648193359375,1142200,0.0,0.0
2010-12-02 00:00:00+09:00,3434.7914055834044,3473.284757542529,3387.4149724029435,3470.32373046875,759400,0.0,0.0
2010-12-03 00:00:00+09:00,3520.6606757829277,3526.582729064312,3437.7519298435486,3446.635009765625,550600,0.0,0.0
2010-12-06 00:00:00+09:00,3488.089983020655,3494.0120373211994,3455.518684367661,3467.36279296875,594000,0.0,0.0
2010-12-07 00:00:00+09:00,3470.323492846953,3470.323492846953,3399.258847942237,3437.752197265625,622800,0.0,0.0
2010-12-08 00:00:00+09:00,3482.1676593111156,3499.9338208382133,3467.362524705201,3476.24560546875,477000,0.0,0.0
2010-12-09 00:00:00+09:00,3508.8158724510063,3520.6599766618115,3476.244585871292,3494.0107421875,366600,0.0,0.0
2010-12-10 00:00:00+09:00,3514.738598821096,3514.738598821096,3425.9078001988273,3455.51806640625,1684200,0.0,0.0
2010-12-13 00:00:00+09:00,3455.517841615725,3517.6993966062396,3443.6737359032463,3511.77734375,506600,0.0,0.0
2010-12-14 00:00:00+09:00,3508.816118034071,3559.153564453125,3499.933039254238,3559.153564453125,536000,0.0,0.0
2010-12-15 00:00:00+09:00,3562.115092568769,3588.7643326627995,3449.596078838417,3461.440185546875,1162800,0.0,0.0
2010-12-16 00:00:00+09:00,3399.2591382575756,3434.791463744589,3378.5319483901512,3419.986328125,1183000,0.0,0.0
2010-12-17 00:00:00+09:00,3411.101369257951,3417.0234202462457,3345.958808386705,3351.880859375,1077200,0.0,0.0
2010-12-20 00:00:00+09:00,3348.92102753804,3405.1805319794394,3334.115894790303,3393.33642578125,845400,0.0,0.0
2010-12-21 00:00:00+09:00,3393.3370265505014,3470.32373046875,3384.453945329165,3470.32373046875,807600,0.0,0.0
2010-12-22 00:00:00+09:00,3488.0888688151044,3556.1924715169275,3488.0888688151044,3553.2314453125,1291200,0.0,0.0
2010-12-24 00:00:00+09:00,3544.348231062105,3562.1143876087817,3485.1277092398473,3508.81591796875,875400,0.0,0.0
2010-12-27 00:00:00+09:00,3494.011664904449,3547.310147928415,3494.011664904449,3544.34912109375,524600,0.0,0.0
2010-12-28 00:00:00+09:00,3535.464755491632,3559.1529615585773,3529.5427039748956,3538.42578125,398600,0.0,0.0
2010-12-29 00:00:00+09:00,3517.698974609375,3520.6600006822787,3491.0497399532433,3517.698974609375,481600,0.0,0.0
2010-12-30 00:00:00+09:00,3494.0119470589802,3502.8950282803166,3440.713459730962,3470.32373046875,404000,0.0,0.0
2011-01-04 00:00:00+09:00,3485.127642621051,3514.7379029661747,3464.4004603794647,3502.893798828125,574800,0.0,0.0
2011-01-05 00:00:00+09:00,3520.6599791404283,3529.5430573047856,3496.971770702141,3526.58203125,408800,0.0,0.0
2011-01-06 00:00:00+09:00,3556.192944067197,3576.920130252435,3485.1283057178107,3496.972412109375,1327800,0.0,0.0
2011-01-07 00:00:00+09:00,3499.93281590179,3508.8158941147385,3440.7122944821317,3485.127685546875,908400,0.0,0.0
2011-01-11 00:00:00+09:00,3455.51825046374,3485.128518248348,3414.063875565289,3417.02490234375,1381400,0.0,0.0
2011-01-12 00:00:00+09:00,3443.6748941843694,3464.4020861528047,3381.4933182790624,3384.454345703125,1085800,0.0,0.0
2011-01-13 00:00:00+09:00,3419.9854855421113,3437.751643908564,3390.375221598024,3399.25830078125,968600,0.0,0.0
2011-01-14 00:00:00+09:00,3345.9601307744565,3434.7909307065215,3345.9601307744565,3405.1806640625,1353400,0.0,0.0
2011-01-17 00:00:00+09:00,3417.025081210666,3437.752269744873,3384.453784942627,3411.10302734375,803200,0.0,0.0
2011-01-18 00:00:00+09:00,3384.452619626796,3440.712111991546,3366.6864641431907,3425.906982421875,688600,0.0,0.0
2011-01-19 00:00:00+09:00,3428.8679454666058,3458.4782040630357,3411.1017903087477,3452.55615234375,735800,0.0,0.0
2011-01-20 00:00:00+09:00,3411.1023827452664,3458.47880472784,3408.141356371356,3440.712646484375,849200,0.0,0.0
2011-01-21 00:00:00+09:00,3455.517778353929,3470.322910223483,3425.9075146148207,3440.712646484375,932000,0.0,0.0
2011-01-24 00:00:00+09:00,3443.673299291578,3508.8158724510063,3428.868169028072,3494.0107421875,717400,0.0,0.0
2011-01-25 00:00:00+09:00,3508.816515007275,3532.504727766818,3491.0503554376182,3529.543701171875,851400,0.0,0.0
2011-01-26 00:00:00+09:00,3553.2303809325563,3656.866267043089,3553.2303809325563,3556.19140625,1440800,0.0,0.0
2011-01-27 00:00:00+09:00,3645.022931766127,3692.3993468012677,3615.4126723691643,3686.477294921875,1441800,0.0,0.0
2011-01-28 00:00:00+09:00,3730.893658238173,3778.270085644372,3624.2966965742253,3630.21875,1479800,0.0,0.0
2011-01-31 00:00:00+09:00,3541.387880345395,3680.5561331683325,3529.543773722166,3656.867919921875,948000,0.0,0.0
2011-02-01 00:00:00+09:00,3642.062476056948,3689.4388985097216,3615.4132384272634,3683.516845703125,577000,0.0,0.0
2011-02-02 00:00:00+09:00,3739.7773337850767,3781.2317143654336,3733.8552794164543,3772.3486328125,895000,0.0,0.0
2011-02-03 00:00:00+09:00,3807.879635967786,3813.801688278778,3727.9319297693955,3742.737060546875,530400,0.0,0.0
2011-02-04 00:00:00+09:00,3796.0360006174196,3798.9970271389625,3769.386761923538,3784.19189453125,684800,0.0,0.0
2011-02-07 00:00:00+09:00,3819.723367713167,3852.2946522440548,3804.9182383809457,3828.6064453125,743200,0.0,0.0
2011-02-08 00:00:00+09:00,3804.9180775745876,3804.9180775745876,3739.7755112659174,3793.073974609375,714400,0.0,0.0
2011-02-09 00:00:00+09:00,3796.035644147079,3810.840775364501,3745.698198007843,3763.46435546875,599600,0.0,0.0
2011-02-10 00:00:00+09:00,3742.737060546875,3754.581165168859,3722.0098774584035,3742.737060546875,661400,0.0,0.0
2011-02-14 00:00:00+09:00,3787.1526983803947,3816.7629618548312,3763.464487600846,3807.8798828125,503600,0.0,0.0
2011-02-15 00:00:00+09:00,3840.450930325708,3947.0478721080717,3828.606825683223,3905.593505859375,679200,0.0,0.0
2011-02-16 00:00:00+09:00,3952.9692790632057,4003.3067155756207,3914.475945259594,3935.203125,932400,0.0,0.0
2011-02-17 00:00:00+09:00,3961.8531605113635,3982.580344460227,3908.5546874999995,3941.1259765625,612600,0.0,0.0
2011-02-18 00:00:00+09:00,3938.165795585673,3950.0099032415696,3908.555526445931,3929.28271484375,457600,0.0,0.0
2011-02-21 00:00:00+09:00,3967.7748652229534,4077.3328279194084,3958.8917871664844,4050.68359375,969800,0.0,0.0
2011-02-22 00:00:00+09:00,3994.424668597407,4071.411356057402,3982.5805628343314,4047.72314453125,946600,0.0,0.0
2011-02-23 00:00:00+09:00,3997.385052272252,4035.878389812651,3950.008636837914,3979.618896484375,911800,0.0,0.0
2011-02-24 00:00:00+09:00,3908.554552801724,3914.4766051544543,3796.035558099856,3864.13916015625,986600,0.0,0.0
2011-02-25 00:00:00+09:00,3887.8270297053996,4044.761403334026,3881.9049778703575,4006.26806640625,829000,0.0,0.0
2011-02-28 00:00:00+09:00,3944.086937723706,4041.800803297942,3902.6325705103936,4032.917724609375,930600,0.0,0.0
2011-03-01 00:00:00+09:00,4035.87916493741,4127.670987470837,4015.151979204056,4124.7099609375,702800,0.0,0.0
2011-03-02 00:00:00+09:00,4041.80084731804,4062.5280311504403,3911.5156918000957,3950.009033203125,1576400,0.0,0.0
2011-03-03 00:00:00+09:00,3941.1263269377782,3997.3858312291513,3935.2042738544756,3994.4248046875,906600,0.0,0.0
2011-03-04 00:00:00+09:00,4115.826594742291,4130.631726378054,4012.190673291945,4044.761962890625,730200,0.0,0.0
2011-03-07 00:00:00+09:00,4000.3457315434853,4009.228808667564,3905.5929088866446,3917.43701171875,738400,0.0,0.0
2011-03-08 00:00:00+09:00,3920.398502109078,3985.5410754069626,3887.8272154601354,3893.749267578125,698400,0.0,0.0
2011-03-09 00:00:00+09:00,3923.360114791445,3944.087300303551,3784.1918692101635,3825.646240234375,1227800,0.0,0.0
2011-03-10 00:00:00+09:00,3828.6071985642056,3870.0615688502835,3790.113854727133,3852.29541015625,1033400,0.0,0.0
2011-03-11 00:00:00+09:00,3781.231871709573,3870.0626909353264,3769.3877624794727,3831.5693359375,1876400,0.0,0.0
2011-03-14 00:00:00+09:00,3565.0753699622164,3645.023073441436,3479.2056143734258,3526.58203125,1038200,0.0,0.0
2011-03-15 00:00:00+09:00,3437.75126953125,3464.400504178779,3023.2076194585757,3183.10302734375,1757000,0.0,0.0
2011-03-16 00:00:00+09:00,3254.168304177989,3496.972490658967,3242.3241975203805,3405.1806640625,1717200,0.0,0.0
2011-03-17 00:00:00+09:00,3227.5187093246655,3348.920789216694,3197.9084459363658,3263.051025390625,1230400,0.0,0.0
2011-03-18 00:00:00+09:00,3529.5443729795256,3529.5443729795256,3378.531987893992,3434.79150390625,1080200,0.0,0.0
2011-03-22 00:00:00+09:00,3508.8162509815115,3568.0367784242376,3446.6346971666494,3505.855224609375,1378400,0.0,0.0
2011-03-23 00:00:00+09:00,3428.8683406113537,3464.4006550218337,3369.6478165938865,3390.375,1137200,0.0,0.0
2011-03-24 00:00:00+09:00,3417.025301001082,3485.1289248511903,3375.5709212662337,3419.986328125,1119800,0.0,0.0
2011-03-25 00:00:00+09:00,3440.7127161777585,3440.7127161777585,3337.0767909916813,3381.4921875,825000,0.0,0.0
2011-03-28 00:00:00+09:00,3399.2582349600775,3405.180287634224,3328.19360287032,3360.764892578125,433600,0.0,0.0
2011-03-29 00:00:00+09:00,3336.929556371467,3399.496985553432,3310.1149438649104,3372.682373046875,942800,35.0,0.0
2011-03-30 00:00:00+09:00,3396.517289082549,3500.7963286596446,3384.5996845594523,3482.919921875,639400,0.0,0.0
2011-03-31 00:00:00+09:00,3512.714753388954,3524.632360694769,3459.085520512787,3509.7353515625,462400,0.0,0.0
2011-04-01 00:00:00+09:00,3521.652417998953,3539.5288262121458,3465.04379199051,3468.023193359375,427400,0.0,0.0
2011-04-04 00:00:00+09:00,3405.4563355135792,3423.332746723624,3360.7653074884665,3390.559326171875,695600,0.0,0.0
2011-04-05 00:00:00+09:00,3414.3931886903456,3426.3107914431916,3363.7433769907507,3402.4755859375,620800,0.0,0.0
2011-04-06 00:00:00+09:00,3426.312255859375,3465.044481360394,3417.3740499745245,3426.312255859375,712800,0.0,0.0
2011-04-07 00:00:00+09:00,3450.147216149287,3479.9412335599022,3369.7033691406245,3369.703369140625,334800,0.0,0.0
2011-04-08 00:00:00+09:00,3378.640733924279,3509.734377921341,3342.8879219250803,3485.899169921875,952000,0.0,0.0
2011-04-11 00:00:00+09:00,3465.043917320515,3473.9821217504045,3408.4352892645475,3456.105712890625,539800,0.0,0.0
2011-04-12 00:00:00+09:00,3396.5178379045265,3408.4354443533143,3313.094592763012,3348.847412109375,663200,0.0,0.0
2011-04-13 00:00:00+09:00,3316.0739943752087,3360.765018558163,3301.176986314224,3348.847412109375,606600,0.0,0.0
2011-04-14 00:00:00+09:00,3256.4860398359797,3313.09467181849,3247.54783478611,3295.21826171875,842000,0.0,0.0
2011-04-15 00:00:00+09:00,3289.2593478633457,3298.197552612974,3241.588922531993,3259.46533203125,756400,0.0,0.0
2011-04-18 00:00:00+09:00,3226.691914615945,3304.1563557793934,3214.7743082831066,3259.46533203125,674800,0.0,0.0
2011-04-19 00:00:00+09:00,3226.692093675154,3289.259530394617,3208.8156831838787,3265.42431640625,721800,0.0,0.0
2011-04-20 00:00:00+09:00,3336.929805660587,3387.5796330679354,3325.0121992117997,3348.847412109375,675200,0.0,0.0
2011-04-21 00:00:00+09:00,3381.6197811200195,3411.4137880021344,3360.763976302539,3402.4755859375,443400,0.0,0.0
2011-04-22 00:00:00+09:00,3393.5378997936,3429.29071348765,3381.6202952289163,3411.414306640625,342400,0.0,0.0
2011-04-25 00:00:00+09:00,3411.414619613849,3435.2498309299285,3381.62060546875,3381.62060546875,247200,0.0,0.0
2011-04-26 00:00:00+09:00,3363.744620328336,3378.6416292757604,3304.1565845386403,3307.135986328125,386200,0.0,0.0
2011-04-27 00:00:00+09:00,3336.9304715253106,3393.5391134529723,3319.0540582849962,3354.806884765625,640800,0.0,0.0
2011-04-28 00:00:00+09:00,3491.858859969082,3655.725956639986,3468.0236459078596,3643.808349609375,1564400,0.0,0.0
2011-05-02 00:00:00+09:00,3593.157316984954,3634.868927629887,3572.3015116624874,3619.971923828125,657800,0.0,0.0
2011-05-06 00:00:00+09:00,3473.982404524905,3524.6322337503966,3447.1677890525857,3521.65283203125,982200,0.0,0.0
2011-05-09 00:00:00+09:00,3503.7765220083843,3515.6941292261,3402.476860657802,3420.353271484375,797000,0.0,0.0
2011-05-10 00:00:00+09:00,3411.4141214670667,3453.125735179328,3393.5377155903834,3429.29052734375,490800,0.0,0.0
2011-05-11 00:00:00+09:00,3473.983116997613,3473.983116997613,3396.5186564127603,3432.271484375,494600,0.0,0.0
2011-05-12 00:00:00+09:00,3384.600111607143,3420.3529296875,3336.9296875,3336.9296875,433800,0.0,0.0
2011-05-13 00:00:00+09:00,3345.868562259776,3351.827366466828,3295.2187264998324,3342.88916015625,709600,0.0,0.0
2011-05-16 00:00:00+09:00,3307.135412231778,3307.135412231778,3265.4237944198458,3280.32080078125,411200,0.0,0.0
2011-05-17 00:00:00+09:00,3307.1357698260613,3369.7032033092573,3295.21816344831,3316.073974609375,711000,0.0,0.0
2011-05-18 00:00:00+09:00,3375.6624701104884,3408.435892150396,3316.074430037929,3387.580078125,556200,0.0,0.0
2011-05-19 00:00:00+09:00,3429.290662349385,3438.2288656396095,3336.9292283504005,3345.867431640625,366600,0.0,0.0
2011-05-20 00:00:00+09:00,3366.7239315409056,3399.497350343516,3348.847521284936,3384.600341796875,291400,0.0,0.0
2011-05-23 00:00:00+09:00,3348.8472935267855,3378.64130859375,3333.9502859933036,3336.9296875,330600,0.0,0.0
2011-05-24 00:00:00+09:00,3333.950656685778,3348.8476658756163,3310.1154419820373,3325.012451171875,373400,0.0,0.0
2011-05-25 00:00:00+09:00,3336.929110879838,3360.764318814694,3301.176298977554,3310.114501953125,302400,0.0,0.0
2011-05-26 00:00:00+09:00,3336.9296875,3441.208740234375,3319.0532784598213,3441.208740234375,809000,0.0,0.0
2011-05-27 00:00:00+09:00,3384.6013833774255,3426.3130201444005,3360.766162367725,3378.642578125,649200,0.0,0.0
2011-05-30 00:00:00+09:00,3357.7854003906255,3372.68240749085,3310.1149776699067,3357.785400390625,435600,0.0,0.0
2011-05-31 00:00:00+09:00,3360.7652353957974,3432.270878702091,3339.909422764795,3420.353271484375,986000,0.0,0.0
2011-06-01 00:00:00+09:00,3423.3320649687225,3426.311466243717,3381.620447118799,3408.43505859375,673400,0.0,0.0
2011-06-02 00:00:00+09:00,3277.341461875853,3319.0530804815453,3274.3620605468745,3274.362060546875,1061000,0.0,0.0
2011-06-03 00:00:00+09:00,3274.3618126570263,3319.052829208305,3247.547202726259,3298.197021484375,986000,0.0,0.0
2011-06-06 00:00:00+09:00,3292.238885734967,3292.238885734967,3223.712646484375,3223.712646484375,515800,0.0,0.0
2011-06-07 00:00:00+09:00,3241.589102417883,3283.3007268975252,3229.6714954237,3265.42431640625,401800,0.0,0.0
2011-06-08 00:00:00+09:00,3271.3833538552985,3310.1155793563175,3262.445147970448,3289.259765625,359200,0.0,0.0
2011-06-09 00:00:00+09:00,3330.9704336219797,3330.9704336219797,3274.3618126570263,3298.197021484375,423600,0.0,0.0
2011-06-10 00:00:00+09:00,3301.175872155818,3313.0934745823733,3229.6702575964864,3232.649658203125,1227600,0.0,0.0
2011-06-13 00:00:00+09:00,3187.9588629917625,3205.8352678309684,3149.2266525068158,3176.041259765625,497000,0.0,0.0
2011-06-14 00:00:00+09:00,3184.9800596008863,3235.6298828125,3167.1036514085517,3235.6298828125,683200,0.0,0.0
2011-06-15 00:00:00+09:00,3277.341558994391,3280.3209604116587,3220.732932066306,3253.50634765625,371800,0.0,0.0
2011-06-16 00:00:00+09:00,3235.6297392003676,3277.3413564644607,3190.9387207031245,3190.938720703125,427600,0.0,0.0
2011-06-17 00:00:00+09:00,3226.69120342189,3226.69120342189,3101.5563645080215,3116.453369140625,847400,0.0,0.0
2011-06-20 00:00:00+09:00,3182.0010209937795,3193.918627813981,3125.3923885978224,3143.268798828125,538400,0.0,0.0
2011-06-21 00:00:00+09:00,3232.650813264667,3235.6302149358785,3122.4129514298347,3158.165771484375,651200,0.0,0.0
2011-06-22 00:00:00+09:00,3158.1660362039033,3158.1660362039033,3077.722184338332,3110.49560546875,1456400,0.0,0.0
2011-06-23 00:00:00+09:00,2979.4012814549696,2988.3394852993347,2946.627867358965,2952.586669921875,3057000,0.0,0.0
2011-06-24 00:00:00+09:00,2982.3810950469215,3021.1133170605176,2967.4840865801534,3006.21630859375,1568400,0.0,0.0
2011-06-27 00:00:00+09:00,3036.0095831796953,3068.7829937930187,3012.1743754609147,3030.05078125,1338800,0.0,0.0
2011-06-28 00:00:00+09:00,3053.8867909097908,3056.86619265702,3009.1957647013546,3024.0927734375,635800,0.0,0.0
2011-06-29 00:00:00+09:00,3041.968903425628,3044.948304898131,3024.09249459061,3038.989501953125,692400,0.0,0.0
2011-06-30 00:00:00+09:00,3050.9069200779727,3098.577340704191,3044.9481174996954,3056.86572265625,1046000,0.0,0.0
2011-07-01 00:00:00+09:00,3098.577301642204,3113.4743079000996,3083.680295384309,3095.597900390625,679000,0.0,0.0
2011-07-04 00:00:00+09:00,3140.2889429873517,3143.268344261533,3125.3919366164437,3128.371337890625,374200,0.0,0.0
2011-07-05 00:00:00+09:00,3152.2072017826836,3196.8982301633455,3143.268996106551,3182.001220703125,712800,0.0,0.0
2011-07-06 00:00:00+09:00,3187.9598175888764,3250.527253261181,3170.083407396789,3247.5478515625,669600,0.0,0.0
2011-07-07 00:00:00+09:00,3244.568449863819,3271.3830651519497,3229.671441370413,3247.5478515625,567200,0.0,0.0
2011-07-08 00:00:00+09:00,3310.114974584335,3310.114974584335,3253.50634765625,3253.50634765625,563200,0.0,0.0
2011-07-11 00:00:00+09:00,3220.7330357401925,3247.547649358751,3193.918422121634,3208.8154296875,606000,0.0,0.0
2011-07-12 00:00:00+09:00,3143.2685614497523,3167.1037732901295,3107.5157436891864,3119.433349609375,739800,0.0,0.0
2011-07-13 00:00:00+09:00,3083.680352169931,3125.3919704601526,3074.7421482505983,3113.474365234375,654000,0.0,0.0
2011-07-14 00:00:00+09:00,3092.618475175553,3101.5566788610313,3036.0098518341892,3062.824462890625,648400,0.0,0.0
2011-07-15 00:00:00+09:00,3065.803989171982,3074.742193222046,3027.071771621704,3050.906982421875,514600,0.0,0.0
2011-07-19 00:00:00+09:00,3021.1140675730517,3027.0728724400597,2976.423031070492,2982.3818359375,526600,0.0,0.0
2011-07-20 00:00:00+09:00,3018.1339153671643,3044.948530607346,3000.257505207043,3006.21630859375,659000,0.0,0.0
2011-07-21 00:00:00+09:00,2991.319245388833,3006.2162535830007,2973.4428355558325,2988.33984375,775200,0.0,0.0
2011-07-22 00:00:00+09:00,2997.2778813380824,3053.8865093156405,2994.298479865579,3038.989501953125,725400,0.0,0.0
2011-07-25 00:00:00+09:00,3038.9894456129805,3047.9276498647837,3012.174832857572,3021.113037109375,379400,0.0,0.0
2011-07-26 00:00:00+09:00,3024.092917246361,3044.94873046875,3000.25770213506,3044.94873046875,420800,0.0,0.0
2011-07-27 00:00:00+09:00,2958.545195430158,3003.2362104668673,2928.751185405685,2967.4833984375,1171800,0.0,0.0
2011-07-28 00:00:00+09:00,2904.9164411843494,2925.772251531314,2878.1018278811093,2910.875244140625,853400,0.0,0.0
2011-07-29 00:00:00+09:00,2898.957610269347,2919.8134204151693,2890.0194059211367,2901.93701171875,660000,0.0,0.0
2011-08-01 00:00:00+09:00,2910.876177533404,3003.2376529720277,2910.876177533404,2982.3818359375,752000,0.0,0.0
2011-08-02 00:00:00+09:00,2952.5868931361606,2952.5868931361606,2907.8958705357145,2919.8134765625,444600,0.0,0.0
2011-08-03 00:00:00+09:00,2842.348876953125,2857.2458836457513,2821.493067583448,2842.348876953125,495200,0.0,0.0
2011-08-04 00:00:00+09:00,2830.4312095482483,2878.101629919587,2809.5754006357874,2848.3076171875,725400,0.0,0.0
2011-08-05 00:00:00+09:00,2681.461677094668,2744.029116226877,2663.585265914037,2738.0703125,951800,0.0,0.0
2011-08-08 00:00:00+09:00,2693.3791956018517,2705.296802662037,2633.7911603009256,2654.64697265625,783400,0.0,0.0
2011-08-09 00:00:00+09:00,2568.2439699742813,2645.7084052635287,2562.285167259724,2642.72900390625,940400,0.0,0.0
2011-08-10 00:00:00+09:00,2714.2351074218755,2714.2351074218755,2714.2351074218755,2714.235107421875,561000,0.0,0.0
2011-08-11 00:00:00+09:00,2595.0589934108098,2595.0589934108098,2478.862322064057,2511.6357421875,1496600,0.0,0.0
2011-08-12 00:00:00+09:00,2460.9850820605834,2460.9850820605834,2380.541259765625,2380.541259765625,1820600,0.0,0.0
2011-08-15 00:00:00+09:00,2407.3565277884027,2440.12994586473,2386.5007162852853,2434.171142578125,1217800,0.0,0.0
2011-08-16 00:00:00+09:00,2472.9028613398486,2496.7380696419195,2446.0882520000187,2481.841064453125,1077000,0.0,0.0
2011-08-17 00:00:00+09:00,2446.088930681948,2460.9859400040064,2410.3361083090085,2440.130126953125,898400,0.0,0.0
2011-08-18 00:00:00+09:00,2332.87158203125,2332.87158203125,2332.87158203125,2332.87158203125,1210400,0.0,0.0
2011-08-19 00:00:00+09:00,2255.4070988377043,2261.365902269244,2180.9220559434607,2186.880859375,1723000,0.0,0.0
2011-08-22 00:00:00+09:00,2180.9219378745715,2225.6129611916735,2160.0661269932575,2174.963134765625,1263600,0.0,0.0
2011-08-23 00:00:00+09:00,2189.85998254345,2204.756989227419,2171.983574522687,2201.777587890625,1021800,0.0,0.0
2011-08-24 00:00:00+09:00,2225.6134333206433,2240.510444253178,2106.437345860368,2109.416748046875,1254800,0.0,0.0
2011-08-25 00:00:00+09:00,2180.9218893038446,2264.345130971205,2169.004283351365,2237.530517578125,1685200,0.0,0.0
2011-08-26 00:00:00+09:00,2216.674249188312,2297.118072747565,2195.818443080357,2294.138671875,1065200,0.0,0.0
2011-08-29 00:00:00+09:00,2294.138824803712,2329.891637657796,2243.4890065937598,2299.655517578125,768200,0.0,0.0
2011-08-30 00:00:00+09:00,2335.850983796296,2359.6861979166665,2323.933376736111,2332.87158203125,632600,0.0,0.0
2011-08-31 00:00:00+09:00,2309.0360199079973,2317.974223856028,2276.2626054318835,2296.907470703125,816200,0.0,0.0
2011-09-01 00:00:00+09:00,2326.912377251519,2377.5621985233192,2312.0153709951073,2359.685791015625,781800,0.0,0.0
2011-09-02 00:00:00+09:00,2347.7681960273035,2362.6652023472734,2306.056578331387,2312.015380859375,674200,0.0,0.0
2011-09-05 00:00:00+09:00,2255.4069048907304,2258.3863063502954,2189.8600727802996,2204.757080078125,929000,0.0,0.0
2011-09-06 00:00:00+09:00,2174.963297638913,2177.9426994165005,2121.334065642337,2148.148681640625,954800,0.0,0.0
2011-09-07 00:00:00+09:00,2204.7569268724696,2225.612735640182,2186.8805193572875,2207.736328125,766800,0.0,0.0
2011-09-08 00:00:00+09:00,2234.550968293221,2246.4685734574514,2177.942343763126,2216.674560546875,605000,0.0,0.0
2011-09-09 00:00:00+09:00,2204.757495005101,2231.5721131875957,2169.0046707617753,2190.23291015625,1452200,0.0,0.0
2011-09-12 00:00:00+09:00,2160.065695580016,2243.4889224437957,2118.354082148126,2240.509521484375,1263200,0.0,0.0
2011-09-13 00:00:00+09:00,2234.55094799553,2317.974183387363,2222.6333429395536,2312.015380859375,1023800,0.0,0.0
2011-09-14 00:00:00+09:00,2288.1801954170846,2326.9124122665926,2228.5921694947647,2243.98583984375,812800,0.0,0.0
2011-09-15 00:00:00+09:00,2288.1804415787415,2312.0156545118534,2267.324630262269,2287.28662109375,655000,0.0,0.0
2011-09-16 00:00:00+09:00,2380.5419129986803,2455.0269540812424,2359.686101495563,2434.171142578125,1171000,0.0,0.0
2011-09-20 00:00:00+09:00,2359.6858648255816,2371.6034702034885,2282.221429869186,2306.056640625,1320400,0.0,0.0
2011-09-21 00:00:00+09:00,2317.973904492435,2383.520724413815,2264.344688193124,2350.747314453125,1344400,0.0,0.0
2011-09-22 00:00:00+09:00,2288.180314171123,2291.1597156218663,2207.7364750010443,2228.59228515625,1036000,0.0,0.0
2011-09-26 00:00:00+09:00,2094.5193003212535,2097.498701886433,1948.5286236274535,1954.4874267578125,2344400,0.0,0.0
2011-09-27 00:00:00+09:00,1996.1990614149304,2031.951880425347,1981.3020534939235,2011.0960693359375,1303400,0.0,0.0
2011-09-28 00:00:00+09:00,2071.308576864193,2119.4785437680116,2056.25546220675,2089.372314453125,1224000,35.0,0.0
2011-09-29 00:00:00+09:00,2059.2660364729636,2146.5740994228404,2023.1385621488764,2143.5634765625,883000,0.0,0.0
2011-09-30 00:00:00+09:00,2164.637836584884,2164.637836584884,2107.436002238413,2143.5634765625,670400,0.0,0.0
2011-10-03 00:00:00+09:00,2107.436230902136,2107.436230902136,1993.0325497960196,2035.1812744140625,1143800,0.0,0.0
2011-10-04 00:00:00+09:00,1990.0211163201002,1996.0423602424,1956.904274747451,1993.03173828125,833800,0.0,0.0
2011-10-05 00:00:00+09:00,2023.1385973282443,2023.1385973282443,1950.8836474236641,1971.9580078125,747600,0.0,0.0
2011-10-06 00:00:00+09:00,2011.096415986647,2083.351377040059,2005.0751692321958,2029.16015625,1021800,0.0,0.0
2011-10-07 00:00:00+09:00,2056.2553604325876,2128.5103072120637,2056.2553604325876,2068.2978515625,584200,0.0,0.0
2011-10-11 00:00:00+09:00,2107.4359756427457,2191.7334146684557,2107.4359756427457,2173.669677734375,616600,0.0,0.0
2011-10-12 00:00:00+09:00,2173.669580078125,2306.136978310033,2164.6377120168586,2288.0732421875,1221000,0.0,0.0
2011-10-13 00:00:00+09:00,2312.1581681585676,2369.359997839574,2303.1263003141985,2354.306884765625,890400,0.0,0.0
2011-10-14 00:00:00+09:00,2360.3281708958875,2360.3281708958875,2300.115717556707,2306.136962890625,896000,0.0,0.0
2011-10-17 00:00:00+09:00,2417.5299145507815,2447.636140136719,2405.4874243164063,2408.498046875,801600,0.0,0.0
2011-10-18 00:00:00+09:00,2245.9249666045985,2339.254288273154,2218.829357087921,2324.201171875,1396200,0.0,0.0
2011-10-19 00:00:00+09:00,2345.275057561092,2372.370661563724,2276.030736221034,2306.136962890625,827600,0.0,0.0
2011-10-20 00:00:00+09:00,2260.9774709848257,2266.998715914213,2173.669419508714,2191.733154296875,957800,0.0,0.0
2011-10-21 00:00:00+09:00,2200.765587541008,2294.0949079428838,2200.765587541008,2236.89306640625,873600,0.0,0.0
2011-10-24 00:00:00+09:00,2345.275484811231,2393.4454562579317,2318.179875872462,2372.37109375,1027400,0.0,0.0
2011-10-25 00:00:00+09:00,2387.4237284757655,2402.4768415178573,2315.1687858737246,2360.328125,722800,0.0,0.0
2011-10-26 00:00:00+09:00,2306.137301575904,2477.7428187949986,2288.0735629212622,2456.66845703125,1254400,0.0,0.0
2011-10-27 00:00:00+09:00,2185.71277725099,2315.169594636379,2158.6171643098614,2282.052734375,2734800,0.0,0.0
2011-10-28 00:00:00+09:00,2297.105465040681,2309.14795764902,2167.648669501036,2179.691162109375,2248400,0.0,0.0
2011-10-31 00:00:00+09:00,2137.5428075697814,2233.8827650940534,2122.489689206614,2170.65966796875,856400,0.0,0.0
2011-11-01 00:00:00+09:00,2137.5423731161345,2179.691095966312,2113.457388630319,2122.4892578125,587600,0.0,0.0
2011-11-02 00:00:00+09:00,2101.4146967695483,2134.5315472917046,2074.319091796875,2074.319091796875,665800,0.0,0.0
2011-11-04 00:00:00+09:00,2134.531863455045,2152.5956027790653,2101.415008027675,2131.521240234375,571000,0.0,0.0
2011-11-07 00:00:00+09:00,2116.4678106432557,2131.520924516963,2053.2447323736847,2074.319091796875,731400,0.0,0.0
2011-11-08 00:00:00+09:00,2065.2870084010337,2077.329498245938,2023.13829394387,2038.19140625,604800,0.0,0.0
2011-11-09 00:00:00+09:00,2047.223098624466,2122.4886537209536,2047.223098624466,2113.456787109375,640000,0.0,0.0
2011-11-10 00:00:00+09:00,2017.1165755111306,2041.2015495470844,1996.042223229671,2020.127197265625,571400,0.0,0.0
2011-11-11 00:00:00+09:00,2038.1918234831937,2143.563631196505,2032.1705773281474,2110.44677734375,972000,0.0,0.0
2011-11-14 00:00:00+09:00,2167.648669501036,2276.031102976088,2164.6380463489513,2179.691162109375,1186600,0.0,0.0
2011-11-15 00:00:00+09:00,2167.648364388369,2282.052028064422,2155.6058734751005,2251.94580078125,1232000,0.0,0.0
2011-11-16 00:00:00+09:00,2236.892329724203,2282.0516634333053,2230.8710852296563,2242.91357421875,1172400,0.0,0.0
2011-11-17 00:00:00+09:00,2182.701433545304,2312.1582082245427,2167.648320210509,2306.136962890625,1168800,0.0,0.0
2011-11-18 00:00:00+09:00,2260.978368754123,2297.105852675627,2224.8508848326187,2282.052734375,1124200,0.0,0.0
2011-11-21 00:00:00+09:00,2339.253434477609,2366.3490341047627,2306.1365904888653,2315.16845703125,828000,0.0,0.0
2011-11-22 00:00:00+09:00,2285.0624951877667,2327.2112105140236,2263.9881375246387,2291.083740234375,670400,0.0,0.0
2011-11-24 00:00:00+09:00,2248.9353426903795,2351.2965229467018,2236.8928508955178,2336.243408203125,1215600,0.0,0.0
2011-11-25 00:00:00+09:00,2303.126492329781,2366.3495725113826,2254.956526477132,2273.020263671875,1209200,0.0,0.0
2011-11-28 00:00:00+09:00,2318.1795257762737,2408.4982085987263,2309.147657494029,2363.3388671875,1396600,0.0,0.0
2011-11-29 00:00:00+09:00,2372.3709226999226,2429.572759668575,2366.349676703222,2423.551513671875,1137400,0.0,0.0
2011-11-30 00:00:00+09:00,2378.3916459517045,2387.4235129616477,2303.1260875355115,2318.17919921875,2240800,0.0,0.0
2011-12-01 00:00:00+09:00,2393.4450735931587,2450.6469055406683,2381.402582656841,2387.423828125,1406000,0.0,0.0
2011-12-02 00:00:00+09:00,2384.4135803995255,2408.4985660601264,2363.339217946499,2378.392333984375,919600,0.0,0.0
2011-12-05 00:00:00+09:00,2372.370833005353,2411.508930504172,2357.31771858273,2390.4345703125,760600,0.0,0.0
2011-12-06 00:00:00+09:00,2393.444629476228,2405.487118177995,2294.0940976866486,2321.189697265625,649200,0.0,0.0
2011-12-07 00:00:00+09:00,2321.190180177676,2333.232671384824,2282.052083754447,2327.21142578125,1205600,0.0,0.0
2011-12-08 00:00:00+09:00,2330.2219088040865,2372.3706255008015,2294.0944373497596,2348.28564453125,695200,0.0,0.0
2011-12-09 00:00:00+09:00,2309.147470536738,2345.274940740703,2288.073112917759,2297.10498046875,1543600,0.0,0.0
2011-12-12 00:00:00+09:00,2339.2536206515333,2411.508558741156,2318.1792637087265,2393.44482421875,884400,0.0,0.0
2011-12-13 00:00:00+09:00,2339.2537766676683,2354.306889773638,2324.2006635616985,2348.28564453125,815400,0.0,0.0
2011-12-14 00:00:00+09:00,2363.338374873432,2414.518951144576,2342.2640199382545,2369.359619140625,911400,0.0,0.0
2011-12-15 00:00:00+09:00,2357.317435747064,2363.3386807936718,2285.0624951877667,2291.083740234375,714400,0.0,0.0
2011-12-16 00:00:00+09:00,2309.1476326192765,2312.1582553475937,2236.8926871396643,2251.94580078125,866200,0.0,0.0
2011-12-19 00:00:00+09:00,2188.7228834040334,2215.8184899386088,2137.5422932831684,2206.78662109375,980600,0.0,0.0
2011-12-20 00:00:00+09:00,2206.7865070499784,2257.967094525899,2185.7121475010704,2197.754638671875,957200,0.0,0.0
2011-12-21 00:00:00+09:00,2254.9566738752515,2297.1053967514245,2230.8716893745814,2245.9248046875,794000,0.0,0.0
2011-12-22 00:00:00+09:00,2236.8927295455514,2239.9033523309427,2194.744010550077,2203.77587890625,564000,0.0,0.0
2011-12-26 00:00:00+09:00,2248.9358741136216,2297.105852675627,2230.8721321528697,2282.052734375,788800,0.0,0.0
2011-12-27 00:00:00+09:00,2282.052012314531,2297.1051258522257,2260.9776533617583,2270.009521484375,350400,0.0,0.0
2011-12-28 00:00:00+09:00,2273.0195384019225,2288.0726479277632,2248.934563160578,2260.97705078125,504600,0.0,0.0
2011-12-29 00:00:00+09:00,2254.9565485248286,2254.9565485248286,2224.850319572561,2248.935302734375,396800,0.0,0.0
2011-12-30 00:00:00+09:00,2276.031230776329,2309.1480873087885,2270.0099841340634,2294.094970703125,381000,0.0,0.0
2012-01-04 00:00:00+09:00,2345.2751150022714,2384.413210631321,2333.232624039487,2381.402587890625,777600,0.0,0.0
2012-01-05 00:00:00+09:00,2339.25370060724,2348.2855681771516,2288.073117711071,2291.083740234375,697600,0.0,0.0
2012-01-06 00:00:00+09:00,2282.051901884805,2303.1262598177777,2233.8819408951517,2254.956298828125,651600,0.0,0.0
2012-01-10 00:00:00+09:00,2248.9355783449587,2248.9355783449587,2206.7868526463917,2218.829345703125,589000,0.0,0.0
2012-01-11 00:00:00+09:00,2248.935167677859,2273.0201493932846,2242.9139222490026,2263.98828125,375200,0.0,0.0
2012-01-12 00:00:00+09:00,2251.94580078125,2263.988291694519,2236.8926871396643,2251.94580078125,222600,0.0,0.0
2012-01-13 00:00:00+09:00,2288.0732735210563,2288.0732735210563,2251.94580078125,2251.94580078125,597800,0.0,0.0
2012-01-16 00:00:00+09:00,2233.882210572776,2251.945948124577,2218.8290959462747,2224.850341796875,351600,0.0,0.0
2012-01-17 00:00:00+09:00,2239.902951971477,2248.934818713297,2212.8073517460152,2242.91357421875,488600,0.0,0.0
2012-01-18 00:00:00+09:00,2242.9146267933706,2315.169594636379,2230.8721321528697,2282.052734375,626800,0.0,0.0
2012-01-19 00:00:00+09:00,2303.1261831911215,2360.3280099631884,2303.1261831911215,2351.296142578125,612000,0.0,0.0
2012-01-20 00:00:00+09:00,2384.413324543451,2408.498307619647,2363.338964351779,2390.4345703125,683200,0.0,0.0
2012-01-23 00:00:00+09:00,2390.4348268146755,2402.4773196449764,2372.3710875692245,2378.392333984375,463400,0.0,0.0
2012-01-24 00:00:00+09:00,2381.4026037519902,2393.445094794984,2351.296376144506,2363.3388671875,525800,0.0,0.0
2012-01-25 00:00:00+09:00,2378.39225619447,2462.689703249464,2360.3285175398287,2456.66845703125,711200,0.0,0.0
2012-01-26 00:00:00+09:00,2324.200587990719,2333.2324555606315,2266.9987600479426,2291.083740234375,1668000,0.0,0.0
2012-01-27 00:00:00+09:00,2294.0942796276463,2294.0942796276463,2230.8712089292467,2239.903076171875,1305200,0.0,0.0
2012-01-30 00:00:00+09:00,2080.3406412153104,2116.4681197892373,2008.0856840674558,2017.1175537109375,2769800,0.0,0.0
2012-01-31 00:00:00+09:00,2017.1179419827747,2020.128565776779,1965.9373374847044,1999.05419921875,1434800,0.0,0.0
2012-02-01 00:00:00+09:00,2008.085202702505,2035.1808051377711,1977.9789777744315,2011.0958251953125,1064400,0.0,0.0
2012-02-02 00:00:00+09:00,2011.0958691406252,2017.1171142578125,1944.8621728515627,1956.9046630859375,1182600,0.0,0.0
2012-02-03 00:00:00+09:00,1956.9046461781775,1996.042739101741,1941.8515335152683,1977.97900390625,885200,0.0,0.0
2012-02-06 00:00:00+09:00,2011.0959653637951,2038.191569687559,1980.9897383373911,1990.0216064453125,837800,0.0,0.0
2012-02-07 00:00:00+09:00,2017.1175537109375,2068.2981483573344,1996.04319120948,2017.1175537109375,1304000,0.0,0.0
2012-02-08 00:00:00+09:00,2029.1597712176485,2050.234130859375,2011.0960343818833,2050.234130859375,701000,0.0,0.0
2012-02-09 00:00:00+09:00,2053.244761779245,2065.2872530506775,2032.1704020542381,2041.2022705078125,721600,0.0,0.0
2012-02-10 00:00:00+09:00,2041.202539426889,2047.223785855877,2011.0963072819495,2017.1175537109375,744000,0.0,0.0
2012-02-13 00:00:00+09:00,2017.1171798819419,2047.223406447344,2011.0959345688614,2026.1490478515625,478000,0.0,0.0
2012-02-14 00:00:00+09:00,2008.0855654501236,2026.1493036700647,1996.0430733034962,2014.1068115234375,738200,0.0,0.0
2012-02-15 00:00:00+09:00,2044.212501061481,2086.3612124235733,2032.170012100883,2077.329345703125,935400,0.0,0.0
2012-02-16 00:00:00+09:00,2095.393661956134,2137.5423850414586,2092.383038878611,2110.44677734375,979200,0.0,0.0
2012-02-17 00:00:00+09:00,2152.5953341862346,2167.648448411313,2140.5528428061716,2155.60595703125,1030200,0.0,0.0
2012-02-20 00:00:00+09:00,2230.871755694816,2233.882378846901,2170.6592926531207,2179.691162109375,848400,0.0,0.0
2012-02-21 00:00:00+09:00,2167.6490442961162,2209.797775712985,2158.617173278216,2170.65966796875,744400,0.0,0.0
2012-02-22 00:00:00+09:00,2170.658910498247,2206.7863819628506,2167.6482878761967,2200.76513671875,695600,0.0,0.0
2012-02-23 00:00:00+09:00,2221.8397132780874,2236.892827866692,2194.7441070185982,2230.87158203125,755800,0.0,0.0
2012-02-24 00:00:00+09:00,2257.967122395833,2303.12646484375,2230.871516927083,2303.12646484375,1020200,0.0,0.0
2012-02-27 00:00:00+09:00,2345.275567162381,2357.3180604469117,2288.0737240608596,2294.094970703125,728400,0.0,0.0
2012-02-28 00:00:00+09:00,2263.9886443808105,2273.020513972755,2224.8505428157164,2266.999267578125,838800,0.0,0.0
2012-02-29 00:00:00+09:00,2309.1476009971216,2360.3281866776315,2279.0413741262337,2288.0732421875,894800,0.0,0.0
2012-03-01 00:00:00+09:00,2306.137137743683,2333.2327438007237,2242.914056943922,2248.935302734375,719200,0.0,0.0
2012-03-02 00:00:00+09:00,2294.0949079428838,2294.0949079428838,2218.829326973629,2236.89306640625,831200,0.0,0.0
2012-03-05 00:00:00+09:00,2224.850117695152,2227.8607403172023,2188.722646230549,2200.76513671875,819800,0.0,0.0
2012-03-06 00:00:00+09:00,2236.8928505766116,2251.9459653180425,2191.733506352319,2206.78662109375,603800,0.0,0.0
2012-03-07 00:00:00+09:00,2155.606300786653,2194.744404013226,2149.5850541364107,2176.6806640625,642600,0.0,0.0
2012-03-08 00:00:00+09:00,2227.8604629823826,2266.998552196938,2218.828596240562,2242.91357421875,664400,0.0,0.0
2012-03-09 00:00:00+09:00,2333.232194286282,2333.232194286282,2282.0516171212926,2309.147216796875,1546000,0.0,0.0
2012-03-12 00:00:00+09:00,2315.1691351269274,2321.1903812520945,2242.9141816249166,2245.9248046875,822400,0.0,0.0
2012-03-13 00:00:00+09:00,2288.0726479277632,2300.1151355484353,2248.934563160578,2260.97705078125,730400,0.0,0.0
2012-03-14 00:00:00+09:00,2318.179079212045,2330.2215679352244,2303.1259683080707,2315.16845703125,550400,0.0,0.0
2012-03-15 00:00:00+09:00,2339.254054069519,2345.27530002594,2300.115955352783,2312.158447265625,486200,0.0,0.0
2012-03-16 00:00:00+09:00,2297.1053323745728,2318.179693222046,2288.0734634399414,2312.158447265625,567200,0.0,0.0
2012-03-19 00:00:00+09:00,2312.1582393899207,2321.1901075125375,2263.988276069297,2270.009521484375,655800,0.0,0.0
2012-03-21 00:00:00+09:00,2263.988307572439,2270.009553071302,2209.7970980826735,2233.882080078125,1065200,0.0,0.0
2012-03-22 00:00:00+09:00,2176.679884778733,2257.9666854551174,2176.679884778733,2242.91357421875,978800,0.0,0.0
2012-03-23 00:00:00+09:00,2239.9032308054034,2239.9032308054034,2185.7120236084984,2200.76513671875,719400,0.0,0.0
2012-03-26 00:00:00+09:00,2155.605842665235,2188.722692203388,2128.510238497655,2146.573974609375,1152400,0.0,0.0
2012-03-27 00:00:00+09:00,2167.6484054815573,2206.7865016916408,2143.5634231984286,2203.77587890625,801000,0.0,0.0
2012-03-28 00:00:00+09:00,2222.0393208463715,2264.653773574932,2206.8198734433145,2249.434326171875,871200,40.0,0.0
2012-03-29 00:00:00+09:00,2222.039369885968,2222.039369885968,2173.337137121344,2185.5126953125,713200,0.0,0.0
2012-03-30 00:00:00+09:00,2188.556884765625,2209.8641145199495,2173.3374349411074,2188.556884765625,629600,0.0,0.0
2012-04-02 00:00:00+09:00,2209.863889723558,2209.863889723558,2170.2933242050917,2176.381103515625,537400,0.0,0.0
2012-04-03 00:00:00+09:00,2182.4691048358177,2203.7763345901426,2173.3374349411074,2188.556884765625,499200,0.0,0.0
2012-04-04 00:00:00+09:00,2185.513111643866,2188.557001771504,2124.6353090911125,2127.67919921875,737600,0.0,0.0
2012-04-05 00:00:00+09:00,2112.4591163238347,2118.546894757045,2085.06411337439,2106.371337890625,847400,0.0,0.0
2012-04-06 00:00:00+09:00,2103.327601485628,2130.7226064253828,2066.800928232621,2088.108154296875,458000,0.0,0.0
2012-04-09 00:00:00+09:00,2057.668814239952,2085.0638132461054,2048.5371479045675,2063.756591796875,516200,0.0,0.0
2012-04-10 00:00:00+09:00,2072.8885229999305,2091.1518580043353,2039.405742158522,2051.581298828125,504200,0.0,0.0
2012-04-11 00:00:00+09:00,2018.0990205223882,2051.5818097014926,2008.9673507462687,2039.40625,648600,0.0,0.0
2012-04-12 00:00:00+09:00,2045.493777452416,2088.1082311493415,2012.0109924048318,2078.9765625,878200,0.0,0.0
2012-04-13 00:00:00+09:00,2082.0198943682467,2082.0198943682467,2039.4054520858558,2042.4493408203125,1045800,0.0,0.0
2012-04-16 00:00:00+09:00,2030.274435788438,2036.3622152060946,2015.0549872442969,2018.098876953125,541800,0.0,0.0
2012-04-17 00:00:00+09:00,2030.2740302274294,2057.6690321345463,2002.8790283203127,2002.8790283203125,553600,0.0,0.0
2012-04-18 00:00:00+09:00,1999.8350071619614,2033.3177850596503,1942.0011180659533,1969.3961181640625,1481400,0.0,0.0
2012-04-19 00:00:00+09:00,1954.1769973101973,1954.1769973101973,1887.211430424178,1920.6942138671875,1630800,0.0,0.0
2012-04-20 00:00:00+09:00,1917.6501636773767,1957.220722610402,1908.518496231294,1945.045166015625,697600,0.0,0.0
2012-04-23 00:00:00+09:00,1945.0453996821982,1972.4404053115247,1935.9137311390891,1951.1331787109375,712400,0.0,0.0
2012-04-24 00:00:00+09:00,1951.132684475038,2036.3615692883002,1948.0887957317073,1996.791015625,1195400,0.0,0.0
2012-04-25 00:00:00+09:00,2027.2311122911867,2045.4944556451615,1969.3971916702671,1981.57275390625,1071600,0.0,0.0
2012-04-26 00:00:00+09:00,2051.581405295465,2063.756962596922,1996.7913974389098,2024.1864013671875,1052400,0.0,0.0
2012-04-27 00:00:00+09:00,2027.230170688746,2033.3179489791025,1948.0890529141102,1984.61572265625,787200,0.0,0.0
2012-05-01 00:00:00+09:00,1935.914178016202,1938.9580682332085,1798.9391182509046,1814.1585693359375,1818400,0.0,0.0
2012-05-02 00:00:00+09:00,1841.553002182318,1847.640780701929,1753.280213647959,1789.806884765625,1584600,0.0,0.0
2012-05-07 00:00:00+09:00,1716.7536517571223,1753.2803251987632,1707.621983396712,1722.8414306640625,1016400,0.0,0.0
2012-05-08 00:00:00+09:00,1735.0170028023097,1759.368118631114,1731.9731133237092,1750.2364501953125,916000,0.0,0.0
2012-05-09 00:00:00+09:00,1741.1046904176737,1741.1046904176737,1683.2707933583454,1731.9730224609375,1119000,0.0,0.0
2012-05-10 00:00:00+09:00,1713.710103567023,1771.5440146998355,1701.5345433285363,1735.017333984375,690800,0.0,0.0
2012-05-11 00:00:00+09:00,1722.8415731163511,1731.9732422318089,1671.0954481287574,1677.1832275390625,889600,0.0,0.0
2012-05-14 00:00:00+09:00,1677.1835030754694,1707.6224051276558,1661.9640520493763,1692.4029541015625,567600,0.0,0.0
2012-05-15 00:00:00+09:00,1677.1834071471378,1677.1834071471378,1628.4811666492174,1646.7445068359375,598800,0.0,0.0
2012-05-16 00:00:00+09:00,1631.5245361328123,1674.1389829721022,1619.3489798930152,1631.5245361328125,835200,0.0,0.0
2012-05-17 00:00:00+09:00,1634.5690402024086,1701.5346247172185,1628.4812597919713,1692.4029541015625,916200,0.0,0.0
2012-05-18 00:00:00+09:00,1643.7000739370849,1649.7878519887038,1594.9978495241342,1604.1295166015625,831000,0.0,0.0
2012-05-21 00:00:00+09:00,1625.4370436234908,1631.524822813092,1588.9103684858842,1607.1737060546875,656800,0.0,0.0
2012-05-22 00:00:00+09:00,1619.3493656839894,1655.8760431054327,1613.2615861137488,1652.8321533203125,842800,0.0,0.0
2012-05-23 00:00:00+09:00,1637.612504395487,1637.612504395487,1534.1202643407535,1555.427490234375,1573200,0.0,0.0
2012-05-24 00:00:00+09:00,1558.4714460784314,1561.5153356215535,1518.9008820178462,1552.3836669921875,1305000,0.0,0.0
2012-05-25 00:00:00+09:00,1567.6029174804687,1570.646806640625,1515.8568017578125,1521.944580078125,1012000,0.0,0.0
2012-05-28 00:00:00+09:00,1531.0762475585939,1531.0762475585939,1500.6373559570313,1521.944580078125,681200,0.0,0.0
2012-05-29 00:00:00+09:00,1494.5494945563892,1546.2956074025371,1494.5494945563892,1537.1639404296875,776800,0.0,0.0
2012-05-30 00:00:00+09:00,1512.8132659849955,1518.9010457273898,1458.0232483034463,1494.5499267578125,1738000,0.0,0.0
2012-05-31 00:00:00+09:00,1454.9790661870215,1506.7251836037149,1448.8912876674106,1491.5057373046875,1498000,0.0,0.0
2012-06-01 00:00:00+09:00,1482.3740234375,1512.8129150891941,1458.0229101161447,1482.3740234375,1633800,0.0,0.0
2012-06-04 00:00:00+09:00,1430.6282298336582,1436.716009535078,1357.5748734166202,1366.70654296875,1956800,0.0,0.0
2012-06-05 00:00:00+09:00,1391.0574441456438,1427.5841166396215,1391.0574441456438,1421.496337890625,1194000,0.0,0.0
2012-06-06 00:00:00+09:00,1433.671900282345,1464.110794131227,1409.3207852032394,1454.9791259765625,1108800,0.0,0.0
2012-06-07 00:00:00+09:00,1454.9791259765625,1454.9791259765625,1454.9791259765625,1454.9791259765625,1101000,0.0,0.0
2012-06-08 00:00:00+09:00,1433.6717059795674,1439.7594839242788,1378.8817044771636,1384.969482421875,2428000,0.0,0.0
2012-06-11 00:00:00+09:00,1409.3213479040037,1445.8480351066994,1400.18967610333,1439.76025390625,884200,0.0,0.0
2012-06-12 00:00:00+09:00,1391.0572603665867,1418.4522611177886,1375.8378155048078,1384.969482421875,1212200,0.0,0.0
2012-06-13 00:00:00+09:00,1397.1448887227157,1430.6276638337176,1388.0132227833515,1403.232666015625,1076000,0.0,0.0
2012-06-14 00:00:00+09:00,1378.881871652395,1400.189097042167,1372.794092969603,1394.101318359375,804800,0.0,0.0
2012-06-15 00:00:00+09:00,1409.321000878689,1412.3648907293987,1351.4870937152004,1366.70654296875,1228400,0.0,0.0
2012-06-18 00:00:00+09:00,1415.4087251703788,1464.110960875166,1415.4087251703788,1430.628173828125,1457000,0.0,0.0
2012-06-19 00:00:00+09:00,1439.7598333575959,1491.505958446558,1418.4526053797879,1470.19873046875,1684800,0.0,0.0
2012-06-20 00:00:00+09:00,1491.5055021692494,1491.5055021692494,1451.9349480300652,1485.417724609375,1341200,0.0,0.0
2012-06-21 00:00:00+09:00,1485.4179587850765,1497.5935158242985,1451.9351769272162,1491.5057373046875,1601800,0.0,0.0
2012-06-22 00:00:00+09:00,1467.1545751953126,1524.9884692382814,1458.0229077148438,1521.944580078125,1730000,0.0,0.0
2012-06-25 00:00:00+09:00,1576.735048144933,1582.8228282536008,1473.2427862975821,1479.33056640625,1406600,0.0,0.0
2012-06-26 00:00:00+09:00,1391.0573561532156,1412.3645804268972,1357.5745751517159,1363.662353515625,2537000,0.0,0.0
2012-06-27 00:00:00+09:00,1369.7505319355341,1381.9260922194055,1345.3994113677913,1378.8822021484375,1137000,0.0,0.0
2012-06-28 00:00:00+09:00,1394.1015850856966,1403.2332548570002,1375.8382455430892,1381.926025390625,789000,0.0,0.0
2012-06-29 00:00:00+09:00,1378.8820483917884,1448.89151221742,1372.7942689286901,1430.628173828125,1222600,0.0,0.0
2012-07-02 00:00:00+09:00,1439.7600690870513,1445.847849506024,1409.3211669921875,1409.3211669921875,526800,0.0,0.0
2012-07-03 00:00:00+09:00,1415.4085591416288,1445.8474528866102,1415.4085591416288,1421.496337890625,570400,0.0,0.0
2012-07-04 00:00:00+09:00,1436.7157484442641,1442.8035270393668,1403.2329661711985,1406.27685546875,493400,0.0,0.0
2012-07-05 00:00:00+09:00,1400.1894963637285,1421.496727830133,1397.1456061542422,1409.3211669921875,549400,0.0,0.0
2012-07-06 00:00:00+09:00,1409.3204521229065,1412.3643407883987,1388.013231464461,1397.1448974609375,621200,0.0,0.0
2012-07-09 00:00:00+09:00,1378.8819517255406,1391.0575097981723,1360.618614616593,1376.7286376953125,560200,0.0,0.0
2012-07-10 00:00:00+09:00,1363.662695449026,1384.9699250654169,1354.5310256134296,1367.177734375,831000,0.0,0.0
2012-07-11 00:00:00+09:00,1342.3552909157493,1348.4430700128728,1324.0919536243784,1339.3114013671875,771400,0.0,0.0
2012-07-12 00:00:00+09:00,1324.0918118405966,1327.1357010632187,1254.082359720289,1262.0667724609375,1767400,0.0,0.0
2012-07-13 00:00:00+09:00,1251.0385536285767,1287.5652267272212,1247.9946642036896,1263.214111328125,1045400,0.0,0.0
2012-07-17 00:00:00+09:00,1269.30185427782,1278.4335222942073,1244.9507395674543,1247.99462890625,659400,0.0,0.0
2012-07-18 00:00:00+09:00,1260.1702987522756,1266.258077973301,1235.8191818681735,1254.08251953125,811000,0.0,0.0
2012-07-19 00:00:00+09:00,1260.1701738632694,1278.4335097163603,1254.0823952455726,1260.112060546875,861600,0.0,0.0
2012-07-20 00:00:00+09:00,1251.0386299207373,1269.3019675838136,1238.8630714786864,1254.08251953125,689800,0.0,0.0
2012-07-23 00:00:00+09:00,1217.5557861328125,1226.6874545288088,1205.3802282714844,1217.5557861328125,986000,0.0,0.0
2012-07-24 00:00:00+09:00,1208.4242827839057,1241.9070714756513,1202.3365030217703,1226.6876220703125,1472000,0.0,0.0
2012-07-25 00:00:00+09:00,1232.775082187798,1232.775082187798,1187.1167458104724,1196.2484130859375,1410600,0.0,0.0
2012-07-26 00:00:00+09:00,1123.195093150004,1211.4678782485137,1098.8439800193805,1184.0728759765625,2017000,0.0,0.0
2012-07-27 00:00:00+09:00,1190.1608790029393,1235.81922474474,1184.0730995706992,1229.7314453125,1811200,0.0,0.0
2012-07-30 00:00:00+09:00,1247.9946130766834,1272.3457274781797,1205.3801628740648,1220.599609375,1034000,0.0,0.0
2012-07-31 00:00:00+09:00,1220.5995796923683,1278.433474989513,1214.5118012400374,1259.579345703125,1307600,0.0,0.0
2012-08-01 00:00:00+09:00,1232.775117080577,1260.1701196823676,1229.7312279026003,1251.0384521484375,562000,0.0,0.0
2012-08-02 00:00:00+09:00,1257.1263427734375,1272.3457900225105,1247.9946744239935,1257.1263427734375,620800,0.0,0.0
2012-08-03 00:00:00+09:00,1235.81910803129,1238.8629974599385,1177.9852088869684,1190.1607666015625,826200,0.0,0.0
2012-08-06 00:00:00+09:00,1214.5116702555956,1238.862781438665,1202.3361146640607,1216.3267822265625,704400,0.0,0.0
2012-08-07 00:00:00+09:00,1199.2924323774746,1229.7313266002532,1199.2924323774746,1220.630126953125,464800,0.0,0.0
2012-08-08 00:00:00+09:00,1244.9504500417215,1296.696556767172,1238.862672779904,1253.060302734375,1146400,0.0,0.0
2012-08-09 00:00:00+09:00,1235.8190062585538,1275.3895655722513,1229.7312279026003,1251.0384521484375,907400,0.0,0.0
2012-08-10 00:00:00+09:00,1235.8192008594895,1266.2580974323835,1229.7314215449107,1239.5281982421875,725800,0.0,0.0
2012-08-13 00:00:00+09:00,1238.8631067519852,1266.2581140265993,1238.8631067519852,1255.5853271484375,824800,0.0,0.0
2012-08-14 00:00:00+09:00,1272.3459126486707,1278.433692135028,1211.468117785098,1223.6436767578125,925200,0.0,0.0
2012-08-15 00:00:00+09:00,1226.6872844551913,1226.6872844551913,1196.24839402206,1208.4239501953125,949600,0.0,0.0
2012-08-16 00:00:00+09:00,1223.6434041878929,1260.170072969621,1217.5556260576047,1255.039306640625,639800,0.0,0.0
2012-08-17 00:00:00+09:00,1269.3018040248326,1302.7845854259672,1263.2140255882628,1278.4334716796875,740600,0.0,0.0
2012-08-20 00:00:00+09:00,1281.477294921875,1311.9161855375964,1272.3456277371586,1281.477294921875,674400,0.0,0.0
2012-08-21 00:00:00+09:00,1269.3017475429215,1275.3895257085949,1244.9506348802274,1248.2608642578125,523200,0.0,0.0
2012-08-22 00:00:00+09:00,1244.9508056640625,1260.170253166068,1232.775247662458,1244.9508056640625,645800,0.0,0.0
2012-08-23 00:00:00+09:00,1229.7314026471481,1260.1702987522756,1223.6436234261225,1254.08251953125,643400,0.0,0.0
2012-08-24 00:00:00+09:00,1238.8630123901369,1244.9507913208008,1211.4680072021486,1217.5557861328125,628400,0.0,0.0
2012-08-27 00:00:00+09:00,1232.7752546830611,1232.7752546830611,1196.2485804702296,1205.3802490234375,489800,0.0,0.0
2012-08-28 00:00:00+09:00,1211.4679153364928,1220.599583040034,1187.1168014603822,1199.2923583984375,997600,0.0,0.0
2012-08-29 00:00:00+09:00,1187.1169252748841,1241.906937210648,1184.0730357228972,1232.7752685546875,871800,0.0,0.0
2012-08-30 00:00:00+09:00,1223.643414912333,1229.7311930959763,1190.160634902294,1196.2484130859375,638600,0.0,0.0
2012-08-31 00:00:00+09:00,1177.985374204574,1184.0731539162255,1132.3270263671875,1132.3270263671875,605400,0.0,0.0
2012-09-03 00:00:00+09:00,1138.4148849032435,1156.678225302761,1111.0198743039678,1123.1954345703125,905600,0.0,0.0
2012-09-04 00:00:00+09:00,1117.107576773621,1174.941484018032,1114.0636869186521,1165.809814453125,976600,0.0,0.0
2012-09-05 00:00:00+09:00,1150.590174288916,1150.590174288916,1111.0196127392971,1135.3707275390625,1156400,0.0,0.0
2012-09-06 00:00:00+09:00,1135.3707729907746,1150.5902203499004,1123.195215103474,1144.50244140625,910200,0.0,0.0
2012-09-07 00:00:00+09:00,1174.941244522327,1205.3801368674651,1165.8095768187857,1199.2923583984375,931400,0.0,0.0
2012-09-10 00:00:00+09:00,1202.3362735738779,1226.6873879753741,1190.1607163731298,1220.599609375,892400,0.0,0.0
2012-09-11 00:00:00+09:00,1199.2926131407025,1229.7315119513803,1190.1609434974991,1226.6876220703125,1239600,0.0,0.0
2012-09-12 00:00:00+09:00,1229.7314026471481,1260.1702987522756,1223.6436234261225,1254.08251953125,887000,0.0,0.0
2012-09-13 00:00:00+09:00,1266.2579117349883,1339.3112527966223,1263.2140225240869,1318.0040283203125,1475800,0.0,0.0
2012-09-14 00:00:00+09:00,1342.355199555643,1418.4524330905433,1342.355199555643,1394.101318359375,2239200,0.0,0.0
2012-09-18 00:00:00+09:00,1384.9693427989687,1415.408229453891,1366.7060108060152,1397.1448974609375,1083200,0.0,0.0
2012-09-19 00:00:00+09:00,1372.7942107539848,1384.9697691642198,1333.2236459207215,1360.61865234375,1743000,0.0,0.0
2012-09-20 00:00:00+09:00,1363.6627902809635,1394.1016918497348,1266.2583052608945,1327.1361083984375,2029600,0.0,0.0
2012-09-21 00:00:00+09:00,1339.3112400599887,1384.9695777893066,1327.1356833321706,1363.662353515625,1783000,0.0,0.0
2012-09-24 00:00:00+09:00,1351.487049598865,1369.7503881069579,1339.31149059347,1357.5748291015625,1075800,0.0,0.0
2012-09-25 00:00:00+09:00,1360.6185506644154,1360.6185506644154,1278.4335375370345,1348.4429931640625,1920800,0.0,0.0
2012-09-26 00:00:00+09:00,1370.1423134491822,1373.242182936624,1317.4445321626752,1326.744140625,1281800,40.0,0.0
2012-09-27 00:00:00+09:00,1311.244462371412,1382.5414425949166,1308.1445936660423,1370.1419677734375,1233800,0.0,0.0
2012-09-28 00:00:00+09:00,1367.0423949345636,1376.3420030633702,1323.6442236667997,1336.043701171875,905600,0.0,0.0
2012-10-01 00:00:00+09:00,1305.0447244248633,1351.542754986319,1305.0447244248633,1345.343017578125,631800,0.0,0.0
2012-10-02 00:00:00+09:00,1360.8425921560704,1367.0423306169182,1342.2433767735274,1348.443115234375,628400,0.0,0.0
2012-10-03 00:00:00+09:00,1339.143390739051,1345.3431286591394,1270.946273618081,1274.046142578125,1580800,0.0,0.0
2012-10-04 00:00:00+09:00,1267.8464315257352,1342.2432881433822,1267.8464315257352,1317.4443359375,919000,0.0,0.0
2012-10-05 00:00:00+09:00,1305.0448598345588,1323.6440739889706,1295.745252757353,1317.4443359375,784200,0.0,0.0
2012-10-09 00:00:00+09:00,1314.344733605018,1323.6443425692046,1289.5457763671875,1289.5457763671875,851000,0.0,0.0
2012-10-10 00:00:00+09:00,1264.7467743844695,1270.9465134745894,1224.44847029869,1227.54833984375,1285200,0.0,0.0
2012-10-11 00:00:00+09:00,1218.2487743084248,1295.7455156766453,1215.148904653696,1289.5457763671875,1628600,0.0,0.0
2012-10-12 00:00:00+09:00,1301.945200435451,1323.644287109375,1289.5457223360656,1323.644287109375,1481200,0.0,0.0
2012-10-15 00:00:00+09:00,1332.9441049936654,1385.6418951910894,1320.5446249472127,1376.34228515625,1103800,0.0,0.0
2012-10-16 00:00:00+09:00,1382.5415758358536,1444.5389559181788,1382.5415758358536,1441.4390869140625,1553600,0.0,0.0
2012-10-17 00:00:00+09:00,1472.4375768685443,1509.6359998631178,1466.237839702782,1481.7371826171875,2513600,0.0,0.0
2012-10-18 00:00:00+09:00,1494.1366599387968,1537.5348201859817,1460.0381054588656,1531.3350830078125,1874600,0.0,0.0
2012-10-19 00:00:00+09:00,1531.33523685676,1534.4351057572799,1487.9370722494834,1500.3365478515625,1353600,0.0,0.0
2012-10-22 00:00:00+09:00,1466.2379615420386,1466.2379615420386,1401.1407158921807,1432.139404296875,2784000,0.0,0.0
2012-10-23 00:00:00+09:00,1438.3397323876095,1456.9389530650355,1373.2424600166187,1413.540771484375,1798000,0.0,0.0
2012-10-24 00:00:00+09:00,1385.6418951910894,1429.040075353674,1363.9428051097973,1376.34228515625,1905600,0.0,0.0
2012-10-25 00:00:00+09:00,1286.4457736213515,1295.7453816234336,1246.147472278996,1267.8465576171875,3209600,0.0,0.0
2012-10-26 00:00:00+09:00,1267.846482450739,1270.9463516009853,1239.9476600985222,1258.546875,2245200,0.0,0.0
2012-10-29 00:00:00+09:00,1255.4471169378523,1258.5469863623903,1215.1488144188595,1236.847900390625,1809400,0.0,0.0
2012-10-30 00:00:00+09:00,1246.1478271484375,1274.0466590995218,1227.5486058477145,1246.1478271484375,1890400,0.0,0.0
2012-10-31 00:00:00+09:00,1246.1473983990147,1277.1460899014778,1246.1473983990147,1258.546875,1045200,0.0,0.0
2012-11-01 00:00:00+09:00,1243.047607421875,1258.5469541478335,1221.348522005533,1243.047607421875,1131800,0.0,0.0
2012-11-02 00:00:00+09:00,1255.4469748104318,1283.345796472886,1252.3471057368258,1264.74658203125,828200,0.0,0.0
2012-11-05 00:00:00+09:00,1264.74668828316,1280.2460349532969,1258.5469496151054,1267.8465576171875,627000,0.0,0.0
2012-11-06 00:00:00+09:00,1270.946273618081,1301.944963218522,1261.6466667379486,1274.046142578125,1238400,0.0,0.0
2012-11-07 00:00:00+09:00,1298.84482273911,1332.9433741714015,1289.5452178030303,1329.843505859375,1421200,0.0,0.0
2012-11-08 00:00:00+09:00,1305.0451246408315,1314.344733605018,1286.4459067124587,1289.5457763671875,1035600,0.0,0.0
2012-11-09 00:00:00+09:00,1280.2461674030012,1295.7455156766453,1264.746819129357,1289.5457763671875,927400,0.0,0.0
2012-11-12 00:00:00+09:00,1277.1462083899457,1292.645555579144,1267.8466000764267,1283.345947265625,758000,0.0,0.0
2012-11-13 00:00:00+09:00,1280.2458804982132,1289.5454873783456,1249.2471908977723,1274.046142578125,630400,0.0,0.0
2012-11-14 00:00:00+09:00,1277.1460688164893,1314.344498005319,1267.846461519282,1311.24462890625,757400,0.0,0.0
2012-11-15 00:00:00+09:00,1317.4445735940205,1354.6430086131459,1305.0450952543122,1342.2435302734375,1220000,0.0,0.0
2012-11-16 00:00:00+09:00,1367.0424272655387,1407.340730110101,1360.8426883663751,1401.1409912109375,1339000,0.0,0.0
2012-11-19 00:00:00+09:00,1422.83972086769,1444.5388015780904,1388.7411654656319,1398.040771484375,1103000,0.0,0.0
2012-11-20 00:00:00+09:00,1407.3409852723817,1413.5407252956081,1367.0426751214104,1376.34228515625,629200,0.0,0.0
2012-11-21 00:00:00+09:00,1388.7413615088105,1432.1395290559608,1379.4417541772784,1407.340576171875,1061000,0.0,0.0
2012-11-22 00:00:00+09:00,1441.4391620342547,1460.0383770282451,1429.0396853715945,1450.73876953125,1319800,0.0,0.0
2012-11-26 00:00:00+09:00,1487.937416888298,1522.0359826919882,1456.9387207031252,1456.938720703125,1215800,0.0,0.0
2012-11-27 00:00:00+09:00,1435.2395981135462,1456.9386849100795,1413.5405113170132,1416.640380859375,1085600,0.0,0.0
2012-11-28 00:00:00+09:00,1435.2394392189174,1491.037084804102,1432.1395700197404,1447.638916015625,2001600,0.0,0.0
2012-11-29 00:00:00+09:00,1456.9387207031252,1460.0385903216425,1435.2396333735041,1456.938720703125,813600,0.0,0.0
2012-11-30 00:00:00+09:00,1460.0385903216425,1472.4380687957116,1441.4393726105386,1456.938720703125,1065600,0.0,0.0
2012-12-03 00:00:00+09:00,1463.1383958003694,1478.6377432135089,1453.8387873524855,1469.338134765625,732800,0.0,0.0
2012-12-04 00:00:00+09:00,1438.3394574652777,1438.3394574652777,1391.8414146592881,1394.9412841796875,1512200,0.0,0.0
2012-12-05 00:00:00+09:00,1379.4422002424274,1432.1399921618008,1376.342330129523,1413.540771484375,1097200,0.0,0.0
2012-12-06 00:00:00+09:00,1425.939697265625,1432.1394350798234,1410.440352730129,1425.939697265625,788400,0.0,0.0
2012-12-07 00:00:00+09:00,1422.8398130338257,1444.53889514981,1422.8398130338257,1429.03955078125,784400,0.0,0.0
2012-12-10 00:00:00+09:00,1453.838486180161,1460.0382238610998,1429.0395354564055,1432.139404296875,872400,0.0,0.0
2012-12-11 00:00:00+09:00,1422.840381823088,1432.1399921618008,1404.2411611456619,1413.540771484375,561000,0.0,0.0
2012-12-12 00:00:00+09:00,1432.1399921618008,1444.5394726134182,1410.4409013714705,1413.540771484375,1014200,0.0,0.0
2012-12-13 00:00:00+09:00,1432.1397009740904,1481.7376126961367,1429.0398314914623,1469.338134765625,1649400,0.0,0.0
2012-12-14 00:00:00+09:00,1441.4388278420902,1463.137906970896,1419.7397487132846,1444.5386962890625,1813600,0.0,0.0
2012-12-17 00:00:00+09:00,1484.8373143698361,1491.0370526344282,1444.5390156499866,1453.838623046875,1069000,0.0,0.0
2012-12-18 00:00:00+09:00,1469.3377990722656,1487.93701171875,1453.8384552001953,1463.1380615234375,1140400,0.0,0.0
2012-12-19 00:00:00+09:00,1487.9375547970942,1546.8350830078125,1478.6379450796123,1546.8350830078125,1366800,0.0,0.0
2012-12-20 00:00:00+09:00,1525.1360588304924,1568.5342393663193,1515.8364487156723,1534.4356689453125,1421400,0.0,0.0
2012-12-21 00:00:00+09:00,1556.1342040510158,1577.8332865776235,1484.8372186064473,1497.2366943359375,1442000,0.0,0.0
2012-12-25 00:00:00+09:00,1546.8347519950632,1553.0344904800136,1500.3367133579372,1515.8360595703125,729200,0.0,0.0
2012-12-26 00:00:00+09:00,1518.9358818240282,1534.4352275569265,1512.736143530869,1525.1356201171875,782600,0.0,0.0
2012-12-27 00:00:00+09:00,1534.4356975405235,1590.2333592692698,1525.1360872523992,1574.7340087890625,1517200,0.0,0.0
2012-12-28 00:00:00+09:00,1518.935837637962,1549.9345282020022,1503.4364923559422,1509.63623046875,1650800,0.0,0.0
2013-01-04 00:00:00+09:00,1543.7352131019852,1562.3344325369487,1537.5354732903306,1546.8350830078125,1300600,0.0,0.0
2013-01-07 00:00:00+09:00,1565.4338734840221,1565.4338734840221,1503.4364923559422,1509.63623046875,1255800,0.0,0.0
2013-01-08 00:00:00+09:00,1503.436196781535,1503.436196781535,1441.4388278420902,1444.5386962890625,1396000,0.0,0.0
2013-01-09 00:00:00+09:00,1438.339439939346,1481.7376126961367,1435.2395704567182,1469.338134765625,1292800,0.0,0.0
2013-01-10 00:00:00+09:00,1497.236756517892,1503.4364946401192,1478.6375421512103,1484.8372802734375,1156400,0.0,0.0
2013-01-11 00:00:00+09:00,1487.9369654605264,1503.43630885074,1463.1380160361841,1472.4376220703125,1404000,0.0,0.0
2013-01-15 00:00:00+09:00,1487.9369197829499,1491.036788365831,1463.1379711199008,1481.7371826171875,1080000,0.0,0.0
2013-01-16 00:00:00+09:00,1475.5376966031113,1481.7374348241326,1394.941099729832,1407.340576171875,2118200,0.0,0.0
2013-01-17 00:00:00+09:00,1410.4406970926464,1413.5405667565863,1357.7429128056683,1382.5418701171875,1952000,0.0,0.0
2013-01-18 00:00:00+09:00,1419.7397911658654,1422.839659705529,1394.9408428485578,1410.440185546875,1483000,0.0,0.0
2013-01-21 00:00:00+09:00,1394.9409329161351,1401.1406703957625,1360.8423767781853,1367.0421142578125,1818800,0.0,0.0
2013-01-22 00:00:00+09:00,1373.2422261227086,1376.3420957076357,1326.744182348802,1342.2435302734375,1889800,0.0,0.0
2013-01-23 00:00:00+09:00,1320.5442677404988,1323.6441369135985,1301.9450527019003,1305.044921875,1777000,0.0,0.0
2013-01-24 00:00:00+09:00,1292.645492042651,1311.244707755495,1264.7466684733852,1295.745361328125,1784800,0.0,0.0
2013-01-25 00:00:00+09:00,1317.4443596961514,1385.6414794921875,1317.4443596961514,1385.6414794921875,2031600,0.0,0.0
2013-01-28 00:00:00+09:00,1422.8399767645474,1422.8399767645474,1342.2433767735274,1348.443115234375,2027200,0.0,0.0
2013-01-29 00:00:00+09:00,1323.644494958826,1382.5420251794762,1320.5446249472127,1376.34228515625,1360000,0.0,0.0
2013-01-30 00:00:00+09:00,1351.5430078994987,1398.0410471620962,1339.1435307628062,1391.84130859375,2315200,0.0,0.0
2013-01-31 00:00:00+09:00,1370.1422435413706,1385.6415901877663,1342.2434195778585,1363.9425048828125,1534600,0.0,0.0
2013-02-01 00:00:00+09:00,1370.1421522724029,1376.3418905179794,1342.2433301673088,1357.74267578125,1235800,0.0,0.0
2013-02-04 00:00:00+09:00,1370.142281168081,1410.4405835553773,1357.7428035104513,1404.2408447265625,1533400,0.0,0.0
2013-02-05 00:00:00+09:00,1385.641342163086,1413.5401611328125,1376.3417358398438,1388.7412109375,1495000,0.0,0.0
2013-02-06 00:00:00+09:00,1401.1411378019243,1438.339575088701,1376.3421796107398,1419.7403564453125,3279200,0.0,0.0
2013-02-07 00:00:00+09:00,1419.7398986816406,1425.9396362304688,1367.0421295166016,1388.7412109375,2683200,0.0,0.0
2013-02-08 00:00:00+09:00,1370.1419534281458,1416.6399835218613,1370.1419534281458,1398.040771484375,2700400,0.0,0.0
2013-02-12 00:00:00+09:00,1419.740052613918,1429.0396599454502,1401.1408379508534,1407.340576171875,1874600,0.0,0.0
2013-02-13 00:00:00+09:00,1410.440524298789,1413.540393582962,1382.5417007412304,1391.84130859375,1987600,0.0,0.0
2013-02-14 00:00:00+09:00,1391.841079711914,1404.2405548095703,1382.5414733886719,1388.7412109375,2157800,0.0,0.0
2013-02-15 00:00:00+09:00,1388.741609445067,1391.841479109007,1363.942652133548,1382.5418701171875,1454600,0.0,0.0
2013-02-18 00:00:00+09:00,1398.0408470517114,1438.3391419778138,1394.9409782112418,1432.139404296875,2222200,0.0,0.0
2013-02-19 00:00:00+09:00,1438.3394936217603,1491.0372767932472,1435.2396240234375,1435.2396240234375,2319400,0.0,0.0
2013-02-20 00:00:00+09:00,1460.0383009387601,1469.337907951109,1432.1394799017137,1441.4390869140625,1406800,0.0,0.0
2013-02-21 00:00:00+09:00,1432.1396857067548,1435.2395551563366,1394.9412523117742,1401.1409912109375,1007200,0.0,0.0
2013-02-22 00:00:00+09:00,1394.9410867371014,1401.1408249003773,1379.4417413289113,1385.6414794921875,860600,0.0,0.0
2013-02-25 00:00:00+09:00,1419.7398530050039,1432.1393277037375,1401.1406409569036,1422.8397216796875,1381400,0.0,0.0
2013-02-26 00:00:00+09:00,1398.0409688403429,1413.5403143928966,1382.5416232877892,1407.340576171875,1179400,0.0,0.0
2013-02-27 00:00:00+09:00,1410.4405835553773,1422.8400612130072,1401.1409753121552,1404.2408447265625,915800,0.0,0.0
2013-02-28 00:00:00+09:00,1429.0401220488966,1435.2398622747053,1404.2411611456619,1413.540771484375,1247200,0.0,0.0
2013-03-01 00:00:00+09:00,1410.4402461760324,1410.4402461760324,1382.5414281198032,1398.040771484375,856800,0.0,0.0
2013-03-04 00:00:00+09:00,1407.34067549272,1413.5404141512784,1354.6428968949751,1363.9425048828125,1530600,0.0,0.0
2013-03-05 00:00:00+09:00,1363.9424140268263,1367.0422831496146,1348.4430684128852,1357.74267578125,1034200,0.0,0.0
2013-03-06 00:00:00+09:00,1370.1422435413706,1370.1422435413706,1354.6428968949751,1363.9425048828125,1636200,0.0,0.0
2013-03-07 00:00:00+09:00,1379.4417596407677,1388.7413670091323,1351.5429375356734,1357.74267578125,1264600,0.0,0.0
2013-03-08 00:00:00+09:00,1367.0423306169182,1370.142199847342,1345.3432460039512,1348.443115234375,2817000,0.0,0.0
2013-03-11 00:00:00+09:00,1351.5429375356734,1360.8425449040383,1339.1434610445206,1357.74267578125,2882600,0.0,0.0
2013-03-12 00:00:00+09:00,1376.3421469013344,1407.3408439036166,1373.2422772011062,1379.4420166015625,1594000,0.0,0.0
2013-03-13 00:00:00+09:00,1370.1419677734375,1379.4415738895468,1367.0420990680677,1370.1419677734375,580800,0.0,0.0
2013-03-14 00:00:00+09:00,1382.5418701171875,1391.841479109007,1373.2422611253678,1382.5418701171875,933000,0.0,0.0
2013-03-15 00:00:00+09:00,1388.7412109375,1391.841079711914,1370.1419982910156,1388.7412109375,1190400,0.0,0.0
2013-03-18 00:00:00+09:00,1379.441851529208,1385.6415901877663,1360.8426355535332,1363.9425048828125,1135600,0.0,0.0
2013-03-19 00:00:00+09:00,1373.2418364788073,1382.5414425949166,1367.0420990680677,1370.1419677734375,1031800,0.0,0.0
2013-03-21 00:00:00+09:00,1379.4420166015625,1398.041234802932,1373.2422772011062,1379.4420166015625,1173400,0.0,0.0
2013-03-22 00:00:00+09:00,1379.4416046142578,1404.2405548095703,1379.4416046142578,1388.7412109375,2010800,0.0,0.0
2013-03-25 00:00:00+09:00,1404.2405997915537,1435.239288528674,1404.2405997915537,1429.03955078125,1539800,0.0,0.0
2013-03-26 00:00:00+09:00,1484.8371889126377,1500.336533264544,1466.23797569035,1478.637451171875,3167800,0.0,0.0
2013-03-27 00:00:00+09:00,1500.7070382828574,1538.5399888278034,1475.4850712528935,1532.2344970703125,2266200,40.0,0.0
2013-03-28 00:00:00+09:00,1529.081572506106,1529.081572506106,1453.4156802583811,1472.3321533203125,1942600,0.0,0.0
2013-03-29 00:00:00+09:00,1472.3318905371502,1510.1648299085543,1472.3318905371502,1507.0120849609375,1550800,0.0,0.0
2013-04-01 00:00:00+09:00,1507.01201475741,1510.1647595581578,1466.0263323476897,1469.1790771484375,1005400,0.0,0.0
2013-04-02 00:00:00+09:00,1450.2626433446508,1450.2626433446508,1412.4297048226163,1421.887939453125,1411400,0.0,0.0
2013-04-03 00:00:00+09:00,1431.3466368943118,1431.3466368943118,1380.9027025544242,1402.971923828125,1192200,0.0,0.0
2013-04-04 00:00:00+09:00,1384.0552579807222,1409.2772216796875,1371.4442761312396,1409.2772216796875,1535600,0.0,0.0
2013-04-05 00:00:00+09:00,1434.4992695607054,1440.8047608554778,1352.5278827286652,1358.8333740234375,3288200,0.0,0.0
2013-04-08 00:00:00+09:00,1384.0550537109375,1402.9715236933193,1371.444073722683,1384.0550537109375,1455200,0.0,0.0
2013-04-09 00:00:00+09:00,1396.666085933071,1409.2770663929632,1380.9023603582057,1390.360595703125,1439800,0.0,0.0
2013-04-10 00:00:00+09:00,1393.5132016782409,1450.262608081427,1387.2077120778868,1447.10986328125,1777600,0.0,0.0
2013-04-11 00:00:00+09:00,1481.7905062261011,1516.4707095633075,1472.3322689523175,1494.4014892578125,2163200,0.0,0.0
2013-04-12 00:00:00+09:00,1494.4013358874197,1503.8595721905047,1466.026626978165,1475.48486328125,1301000,0.0,0.0
2013-04-15 00:00:00+09:00,1475.484707919034,1481.7901981238163,1443.957256895123,1456.5682373046875,783800,0.0,0.0
2013-04-16 00:00:00+09:00,1431.3466578321165,1456.5686253710085,1425.0411659473934,1443.9576416015625,1088000,0.0,0.0
2013-04-17 00:00:00+09:00,1453.4155626379925,1456.5683078931727,1440.8045816172726,1450.2628173828125,715200,0.0,0.0
2013-04-18 00:00:00+09:00,1450.2629805033187,1453.4157261131086,1409.2772875760509,1425.041015625,1543200,0.0,0.0
2013-04-19 00:00:00+09:00,1428.1935659147912,1453.41552734375,1418.7353303789316,1453.41552734375,747400,0.0,0.0
2013-04-22 00:00:00+09:00,1478.6375732421873,1488.0958093183633,1472.3320825247367,1478.6375732421875,865800,0.0,0.0
2013-04-23 00:00:00+09:00,1481.7902699346128,1484.9430151897927,1447.1100721276325,1450.2628173828125,974200,0.0,0.0
2013-04-24 00:00:00+09:00,1462.8737205038267,1560.6088182099013,1462.8737205038267,1544.8450927734375,2223600,0.0,0.0
2013-04-25 00:00:00+09:00,1592.1362606956845,1696.176848028274,1579.5252804129466,1655.191162109375,6214400,0.0,0.0
2013-04-26 00:00:00+09:00,1642.5803577129657,1664.6495755709134,1629.9693760798527,1639.4276123046875,2928200,0.0,0.0
2013-04-30 00:00:00+09:00,1513.3177923387095,1570.0672095514112,1478.6375929309474,1563.76171875,3765600,0.0,0.0
2013-05-01 00:00:00+09:00,1566.9145089068184,1570.0672543975766,1507.0123445824129,1516.4705810546875,1592400,0.0,0.0
2013-05-02 00:00:00+09:00,1519.6232752152923,1522.7760205995564,1488.0958213726512,1510.1650390625,1064200,0.0,0.0
2013-05-07 00:00:00+09:00,1551.1507637908276,1607.900181978297,1551.1507637908276,1604.7474365234375,1703000,0.0,0.0
2013-05-08 00:00:00+09:00,1617.35815290708,1699.3295212805383,1617.35815290708,1661.49658203125,1994000,0.0,0.0
2013-05-09 00:00:00+09:00,1680.4133026123047,1696.1770296536959,1639.4276123046875,1639.4276123046875,961000,0.0,0.0
2013-05-10 00:00:00+09:00,1699.3294677734375,1702.482212611607,1658.343784877232,1677.26025390625,1109000,0.0,0.0
2013-05-13 00:00:00+09:00,1708.787828311012,1715.093318452381,1648.885671968006,1655.191162109375,1117600,0.0,0.0
2013-05-14 00:00:00+09:00,1674.1080074310303,1866.4254998101128,1674.1080074310303,1815.9815673828125,3157400,0.0,0.0
2013-05-15 00:00:00+09:00,1866.425121274657,1879.0361018238102,1825.4394344899094,1838.0504150390625,1386000,0.0,0.0
2013-05-16 00:00:00+09:00,1869.5780739824584,1872.7308194697812,1806.523164236001,1863.2725830078125,1309000,0.0,0.0
2013-05-17 00:00:00+09:00,1872.7307375432615,1961.0076073264454,1838.0505386998677,1935.78564453125,1457600,0.0,0.0
2013-05-20 00:00:00+09:00,1986.2290930673248,2030.3675173577096,1979.923603882984,2011.4510498046875,1583200,0.0,0.0
2013-05-21 00:00:00+09:00,1992.5355672763055,2080.812459497408,1964.1608519195227,2052.437744140625,1454000,0.0,0.0
2013-05-22 00:00:00+09:00,2027.215329467576,2030.368074925535,1942.0912021026857,1951.5494384765625,2533400,0.0,0.0
2013-05-23 00:00:00+09:00,1954.702206964362,2042.9790808272687,1841.203369140625,1841.203369140625,2390200,0.0,0.0
2013-05-24 00:00:00+09:00,1869.578304576225,1932.6332220998752,1778.1486741669326,1853.8145751953125,2010400,0.0,0.0
2013-05-27 00:00:00+09:00,1812.828410501445,1815.9811555631868,1715.093313587454,1721.3988037109375,2460600,0.0,0.0
2013-05-28 00:00:00+09:00,1696.1770598105084,1803.3704055977894,1683.566077953181,1756.0792236328125,1052800,0.0,0.0
2013-05-29 00:00:00+09:00,1765.5377639549367,1781.3014939902487,1724.5520658631256,1740.3157958984375,1158000,0.0,0.0
2013-05-30 00:00:00+09:00,1696.1768669963112,1708.7878474200757,1626.816474665607,1642.5802001953125,1820000,0.0,0.0
2013-05-31 00:00:00+09:00,1661.4966708309591,1670.9549061487824,1626.816474665607,1642.5802001953125,981200,0.0,0.0
2013-06-03 00:00:00+09:00,1604.7469644376547,1617.3579425471844,1560.6085410543008,1592.135986328125,982200,0.0,0.0
2013-06-04 00:00:00+09:00,1592.136431180514,1652.0385939378004,1576.3727041391226,1639.4276123046875,1183200,0.0,0.0
2013-06-05 00:00:00+09:00,1636.2750809053541,1645.7333183672347,1560.6091812103089,1566.9146728515625,1017000,0.0,0.0
2013-06-06 00:00:00+09:00,1547.998011395214,1601.5946838875127,1529.0815387508733,1551.1507568359375,1082800,0.0,0.0
2013-06-07 00:00:00+09:00,1516.470767676585,1570.0674476152583,1497.554292404112,1532.2344970703125,1377400,0.0,0.0
2013-06-10 00:00:00+09:00,1557.4557965269182,1592.135986328125,1535.3865848352414,1592.135986328125,2014800,0.0,0.0
2013-06-11 00:00:00+09:00,1585.8308679771033,1604.7473395633112,1547.9979248046873,1547.9979248046875,1002200,0.0,0.0
2013-06-12 00:00:00+09:00,1538.5398502989399,1614.205744575937,1522.7761223245654,1598.4420166015625,1025400,0.0,0.0
2013-06-13 00:00:00+09:00,1557.455986328125,1557.455986328125,1497.5538330078125,1497.5538330078125,904000,0.0,0.0
2013-06-14 00:00:00+09:00,1538.5395168585526,1557.455986328125,1494.401088096217,1497.5538330078125,1230600,0.0,0.0
2013-06-17 00:00:00+09:00,1494.4014649410171,1585.831090433189,1491.2487192343906,1582.6783447265625,652400,0.0,0.0
2013-06-18 00:00:00+09:00,1595.2889937897644,1601.594483883795,1566.9142883666261,1579.5252685546875,492200,0.0,0.0
2013-06-19 00:00:00+09:00,1611.0528598361543,1626.8165864490327,1570.067170642671,1588.983642578125,548200,0.0,0.0
2013-06-20 00:00:00+09:00,1582.6784683070232,1585.831214259826,1522.7762952037695,1529.081787109375,827600,0.0,0.0
2013-06-21 00:00:00+09:00,1500.7070382828574,1538.5399888278034,1478.637817131639,1532.2344970703125,1211800,0.0,0.0
2013-06-24 00:00:00+09:00,1554.3036586584421,1560.6091501742978,1491.2487434998845,1494.4014892578125,645000,0.0,0.0
2013-06-25 00:00:00+09:00,1494.4009830936504,1516.4701959241474,1459.7207915028696,1484.9427490234375,931800,0.0,0.0
2013-06-26 00:00:00+09:00,1494.401494140625,1503.8597314453125,1412.4301041666665,1418.735595703125,1012200,0.0,0.0
2013-06-27 00:00:00+09:00,1437.6515786723726,1488.0954937135086,1406.1241317716626,1484.9427490234375,719200,0.0,0.0
2013-06-28 00:00:00+09:00,1503.8594083608307,1538.539604360766,1500.7066632699275,1522.77587890625,750000,0.0,0.0
2013-07-01 00:00:00+09:00,1525.9290053128213,1538.5399888278034,1497.554292404112,1532.2344970703125,617200,0.0,0.0
2013-07-02 00:00:00+09:00,1544.845073037519,1598.4417388367797,1541.6923279905034,1579.5252685546875,632600,0.0,0.0
2013-07-03 00:00:00+09:00,1582.6784019546972,1592.1366394165777,1560.6091812103089,1566.9146728515625,392600,0.0,0.0
2013-07-04 00:00:00+09:00,1570.0671612310705,1573.2199065347472,1529.0814722832713,1535.386962890625,410400,0.0,0.0
2013-07-05 00:00:00+09:00,1541.6928752524582,1576.373083080223,1538.5401290862976,1573.2203369140625,569800,0.0,0.0
2013-07-08 00:00:00+09:00,1598.4418521597365,1601.5945974302685,1519.623220396436,1525.9287109375,1145200,0.0,0.0
2013-07-09 00:00:00+09:00,1541.6928977272726,1560.6093749999998,1538.5401515151514,1560.609375,516400,0.0,0.0
2013-07-10 00:00:00+09:00,1563.7617385988312,1570.0672294802782,1535.3870296323203,1551.1507568359375,465000,0.0,0.0
2013-07-11 00:00:00+09:00,1532.2342492155808,1554.303466796875,1529.0815038468245,1554.303466796875,365200,0.0,0.0
2013-07-12 00:00:00+09:00,1547.9978180845342,1585.8307586487183,1535.3868378964728,1579.5252685546875,897000,0.0,0.0
2013-07-16 00:00:00+09:00,1595.2891565907075,1595.2891565907075,1551.1507214281187,1554.303466796875,792800,0.0,0.0
2013-07-17 00:00:00+09:00,1557.4562279485885,1582.6781911542337,1554.303482547883,1563.76171875,496000,0.0,0.0
2013-07-18 00:00:00+09:00,1566.9142715883063,1570.0670166015625,1544.8450564955133,1570.0670166015625,4336800,0.0,0.0
2013-07-19 00:00:00+09:00,1573.2198003607014,1573.2198003607014,1500.7066632699275,1522.77587890625,1292400,0.0,0.0
2013-07-22 00:00:00+09:00,1529.0815232477794,1551.1507411090874,1507.012305386471,1541.6925048828125,886800,0.0,0.0
2013-07-23 00:00:00+09:00,1522.7760131093116,1566.9144482719005,1519.6232677405553,1554.303466796875,1093600,0.0,0.0
2013-07-24 00:00:00+09:00,1547.998390151515,1560.6093749999998,1529.0819128787878,1560.609375,698000,0.0,0.0
2013-07-25 00:00:00+09:00,1670.9551925795174,1812.8287466664576,1670.9551925795174,1768.6903076171875,10664200,0.0,0.0
2013-07-26 00:00:00+09:00,1730.8574719375438,1730.8574719375438,1670.9553007775924,1683.5662841796875,2256000,0.0,0.0
2013-07-29 00:00:00+09:00,1642.5804340638758,1652.0386707283512,1604.7474874059747,1611.052978515625,1741600,0.0,0.0
2013-07-30 00:00:00+09:00,1617.35815290708,1677.2603067184534,1617.35815290708,1661.49658203125,1016600,0.0,0.0
2013-07-31 00:00:00+09:00,1645.7328573440464,1677.2603067184534,1598.4416832824359,1661.49658203125,1631800,0.0,0.0
2013-08-01 00:00:00+09:00,1642.5799546297421,1642.5799546297421,1541.6921263223492,1620.5107421875,1636800,0.0,0.0
2013-08-02 00:00:00+09:00,1626.816474665607,1658.343925725018,1607.9000040299604,1642.5802001953125,1069800,0.0,0.0
2013-08-05 00:00:00+09:00,1633.1217388101425,1667.8019301748368,1623.6635048015896,1629.968994140625,663200,0.0,0.0
2013-08-06 00:00:00+09:00,1623.6641058303019,1652.038818359375,1595.2893933012285,1652.038818359375,593600,0.0,0.0
2013-08-07 00:00:00+09:00,1614.2054640718563,1614.2054640718563,1579.5252685546875,1579.5252685546875,800800,0.0,0.0
2013-08-08 00:00:00+09:00,1585.8309365549394,1611.0528997605845,1554.303482547883,1563.76171875,548200,0.0,0.0
2013-08-09 00:00:00+09:00,1557.4559326171875,1576.3724014344002,1541.6922086028435,1557.4559326171875,801800,0.0,0.0
2013-08-12 00:00:00+09:00,1554.303359044949,1604.7472814480307,1547.997868744564,1585.830810546875,450400,0.0,0.0
2013-08-13 00:00:00+09:00,1598.4418052985654,1623.6637667233947,1585.8308245861506,1617.3582763671875,927800,0.0,0.0
2013-08-14 00:00:00+09:00,1633.122343339993,1664.64980170563,1614.2058683206108,1652.038818359375,1111000,0.0,0.0
2013-08-15 00:00:00+09:00,1636.2750391466866,1674.107988028691,1623.6640561860186,1645.7332763671875,871600,0.0,0.0
2013-08-16 00:00:00+09:00,1629.9693958371186,1655.1913594090663,1614.2056686046512,1626.816650390625,749000,0.0,0.0
2013-08-19 00:00:00+09:00,1626.8163194854678,1667.802001953125,1626.8163194854678,1667.802001953125,502200,0.0,0.0
2013-08-20 00:00:00+09:00,1639.4276885090508,1645.733179618701,1607.9002329607997,1611.052978515625,678200,0.0,0.0
2013-08-21 00:00:00+09:00,1607.9002685546875,1614.2057598039216,1582.6783035577512,1607.9002685546875,474400,0.0,0.0
2013-08-22 00:00:00+09:00,1607.9002685546875,1617.3585054285386,1588.9837948069853,1607.9002685546875,344400,0.0,0.0
2013-08-23 00:00:00+09:00,1639.4276478203276,1652.0386297266377,1629.969411390595,1636.27490234375,822000,0.0,0.0
2013-08-26 00:00:00+09:00,1642.5805517955175,1648.8860433571126,1620.5113313299348,1633.122314453125,327000,0.0,0.0
2013-08-27 00:00:00+09:00,1617.3580846101333,1642.5800430445995,1614.2053398058251,1623.66357421875,329200,0.0,0.0
2013-08-28 00:00:00+09:00,1604.7478390190545,1620.5115702471396,1585.8313615453526,1601.5950927734375,638600,0.0,0.0
2013-08-29 00:00:00+09:00,1614.205252918288,1633.1217207259242,1604.74701901447,1620.5107421875,829600,0.0,0.0
2013-08-30 00:00:00+09:00,1623.6643164927566,1636.2753014752245,1601.5950927734375,1601.5950927734375,459800,0.0,0.0
2013-09-02 00:00:00+09:00,1607.9002329607997,1617.3584696252751,1595.2892507414995,1611.052978515625,315200,0.0,0.0
2013-09-03 00:00:00+09:00,1620.5113104458514,1655.1915135876886,1617.3585647056843,1645.7332763671875,474400,0.0,0.0
2013-09-04 00:00:00+09:00,1636.2746225317242,1664.6493269686905,1633.1218775942837,1661.49658203125,458400,0.0,0.0
2013-09-05 00:00:00+09:00,1670.9551493326821,1680.413386027018,1642.5804392496743,1664.649658203125,778200,0.0,0.0
2013-09-06 00:00:00+09:00,1670.9550233644861,1689.8714953271028,1652.0385514018692,1686.71875,1103000,0.0,0.0
2013-09-09 00:00:00+09:00,1727.704345703125,1743.4680714850879,1708.7878747647696,1727.704345703125,720400,0.0,0.0
2013-09-10 00:00:00+09:00,1749.7737327041489,1774.9956964188034,1743.4682417754852,1756.0792236328125,720400,0.0,0.0
2013-09-11 00:00:00+09:00,1778.148265941723,1781.3010110941018,1746.6208144179334,1749.7735595703125,436200,0.0,0.0
2013-09-12 00:00:00+09:00,1749.7737834022807,1771.8430022920393,1746.621037846601,1762.384765625,414000,0.0,0.0
2013-09-13 00:00:00+09:00,1727.7044392523364,1730.8571845794393,1652.0385514018692,1686.71875,2008800,0.0,0.0
2013-09-17 00:00:00+09:00,1702.482476635514,1730.8571845794393,1683.5660046728972,1686.71875,607000,0.0,0.0
2013-09-18 00:00:00+09:00,1705.6354058804416,1749.7738452193068,1702.4826602133796,1724.5518798828125,902400,0.0,0.0
2013-09-19 00:00:00+09:00,1730.8573654670577,1749.7738394065884,1721.3991284972924,1746.62109375,652200,0.0,0.0
2013-09-20 00:00:00+09:00,1749.7737730265967,1752.9265185635816,1724.5518087307178,1730.8572998046875,591200,0.0,0.0
2013-09-24 00:00:00+09:00,1724.5516218757273,1724.5516218757273,1670.9549535541782,1693.024169921875,822400,0.0,0.0
2013-09-25 00:00:00+09:00,1702.482630364776,1727.7045952590688,1702.482630364776,1705.6353759765625,612400,0.0,0.0
2013-09-26 00:00:00+09:00,1696.0348051831238,1708.8350678637512,1660.8340828113987,1702.4349365234375,901800,40.0,0.0
2013-09-27 00:00:00+09:00,1702.43525390625,1702.43525390625,1667.2345249720981,1680.0347900390625,790000,0.0,0.0
2013-09-30 00:00:00+09:00,1664.034458705357,1692.8350551060266,1664.034458705357,1680.0347900390625,606200,0.0,0.0
2013-10-01 00:00:00+09:00,1683.234426944814,1686.4344923952794,1651.2337724401598,1654.433837890625,814200,0.0,0.0
2013-10-02 00:00:00+09:00,1648.0340807642526,1660.8343454692179,1590.43288959191,1603.233154296875,1125000,0.0,0.0
2013-10-03 00:00:00+09:00,1587.2328035667879,1587.2328035667879,1536.0317453872142,1539.2318115234375,1648200,0.0,0.0
2013-10-04 00:00:00+09:00,1516.8315362587539,1526.4317358553283,1491.2310040012221,1513.6314697265625,1369800,0.0,0.0
2013-10-07 00:00:00+09:00,1516.8314815398185,1523.2316143733199,1484.830817372312,1488.0308837890625,1352600,0.0,0.0
2013-10-08 00:00:00+09:00,1491.2306758193804,1491.2306758193804,1459.2300175399946,1475.2303466796875,1010400,0.0,0.0
2013-10-09 00:00:00+09:00,1462.4299184228205,1507.2308349609375,1462.4299184228205,1507.2308349609375,1050200,0.0,0.0
2013-10-10 00:00:00+09:00,1510.4310892740887,1536.0316162109375,1491.2306940714518,1536.0316162109375,1684200,0.0,0.0
2013-10-11 00:00:00+09:00,1548.83202417346,1564.8323550016983,1536.0317595108695,1545.6319580078125,984400,0.0,0.0
2013-10-15 00:00:00+09:00,1548.8316860320463,1548.8316860320463,1500.8307040269208,1507.2308349609375,1379400,0.0,0.0
2013-10-16 00:00:00+09:00,1491.230950205813,1497.6310830393145,1478.4306845388105,1488.0308837890625,1038200,0.0,0.0
2013-10-17 00:00:00+09:00,1507.2308349609375,1513.6309658949542,1491.2305076258958,1507.2308349609375,1039000,0.0,0.0
2013-10-18 00:00:00+09:00,1520.0315756075927,1532.831841507446,1491.2309773329225,1500.8311767578125,1047400,0.0,0.0
2013-10-21 00:00:00+09:00,1507.2313097077392,1520.0315756075927,1488.030910857959,1500.8311767578125,858400,0.0,0.0
2013-10-22 00:00:00+09:00,1504.0312701299881,1516.8315362587539,1491.2310040012221,1513.6314697265625,639200,0.0,0.0
2013-10-23 00:00:00+09:00,1536.0316506410256,1574.4324419070513,1494.4307934361645,1497.630859375,2373200,0.0,0.0
2013-10-24 00:00:00+09:00,1497.6308447056063,1507.2310424280781,1459.230053815719,1491.230712890625,1616600,0.0,0.0
2013-10-25 00:00:00+09:00,1494.430908203125,1507.2311729414814,1475.2305110955901,1494.430908203125,1141200,0.0,0.0
2013-10-28 00:00:00+09:00,1558.4320732855028,1593.6327977334302,1526.4314146964782,1587.232666015625,2472600,0.0,0.0
2013-10-29 00:00:00+09:00,1593.6330580600472,1676.834783982861,1593.6330580600472,1651.2342529296875,2535600,0.0,0.0
2013-10-30 00:00:00+09:00,1654.4339218139648,1657.6339874267578,1625.6333312988281,1638.43359375,1303800,0.0,0.0
2013-10-31 00:00:00+09:00,1641.6338457380023,1651.2340436662946,1603.2330540248327,1612.833251953125,754000,0.0,0.0
2013-11-01 00:00:00+09:00,1616.0331499337194,1622.4332812205855,1577.6323622125221,1593.6326904296875,750600,0.0,0.0
2013-11-05 00:00:00+09:00,1612.8331373762376,1622.4333346225249,1580.8324798886138,1616.033203125,748600,0.0,0.0
2013-11-06 00:00:00+09:00,1632.033379737367,1664.0340342420213,1625.6332488364362,1654.433837890625,914800,0.0,0.0
2013-11-07 00:00:00+09:00,1660.8340530395508,1670.4342498779297,1625.6333312988281,1638.43359375,784600,0.0,0.0
2013-11-08 00:00:00+09:00,1616.033522731574,1654.434319311334,1612.8334563499272,1651.2342529296875,540800,0.0,0.0
2013-11-11 00:00:00+09:00,1670.4348274988072,1689.6352278148854,1660.834627340768,1676.8349609375,889400,0.0,0.0
2013-11-12 00:00:00+09:00,1670.4346323821503,1702.4352958377472,1651.2342343087923,1699.2352294921875,865600,0.0,0.0
2013-11-13 00:00:00+09:00,1699.2351635878072,1734.4358920237128,1692.8350311449153,1724.835693359375,1126400,0.0,0.0
2013-11-14 00:00:00+09:00,1728.0357875086327,1750.4362514207814,1718.43558868914,1737.635986328125,817600,0.0,0.0
2013-11-15 00:00:00+09:00,1753.6363525390625,1763.236551549313,1740.8360871920622,1753.6363525390625,876000,0.0,0.0
2013-11-18 00:00:00+09:00,1763.2361680474473,1766.4362336881868,1724.8353803585737,1747.23583984375,710400,0.0,0.0
2013-11-19 00:00:00+09:00,1670.4343778613836,1718.4353657309637,1670.4343778613836,1692.8348388671875,1301000,0.0,0.0
2013-11-20 00:00:00+09:00,1692.835238224558,1724.8359043535668,1692.835238224558,1708.8355712890625,691800,0.0,0.0
2013-11-21 00:00:00+09:00,1715.2352219626168,1721.6353533878505,1683.2345648364487,1712.03515625,743000,0.0,0.0
2013-11-22 00:00:00+09:00,1728.0353694175606,1766.4361554046175,1708.834976424032,1715.235107421875,891400,0.0,0.0
2013-11-25 00:00:00+09:00,1728.035759580821,1728.035759580821,1689.6349649234694,1724.835693359375,637600,0.0,0.0
2013-11-26 00:00:00+09:00,1724.8355567406454,1744.035952548519,1712.0352928687296,1718.4354248046875,498400,0.0,0.0
2013-11-27 00:00:00+09:00,1718.435082329644,1744.0356049714267,1715.2350169994213,1728.0352783203125,488800,0.0,0.0
2013-11-28 00:00:00+09:00,1744.0357742030105,1753.635971125229,1737.6356429215316,1747.23583984375,667000,0.0,0.0
2013-11-29 00:00:00+09:00,1747.2361194312896,1766.436516348117,1734.4358548200714,1763.2364501953125,758000,0.0,0.0
2013-12-02 00:00:00+09:00,1776.0367148065307,1776.0367148065307,1750.4361855840943,1763.2364501953125,588400,0.0,0.0
2013-12-03 00:00:00+09:00,1763.2362986674475,1766.4363645452468,1744.0359034006513,1750.43603515625,572600,0.0,0.0
2013-12-04 00:00:00+09:00,1728.035262437558,1740.835523640799,1696.034609429455,1721.6351318359375,618400,0.0,0.0
2013-12-05 00:00:00+09:00,1699.2353448831811,1715.2356776975237,1686.435078631707,1696.0352783203125,824000,0.0,0.0
2013-12-06 00:00:00+09:00,1676.8345095773277,1692.8348388671877,1670.4343778613836,1692.8348388671875,670200,0.0,0.0
2013-12-09 00:00:00+09:00,1712.0351028442383,1750.435890197754,1712.0351028442383,1740.835693359375,665400,0.0,0.0
2013-12-10 00:00:00+09:00,1753.6362375839597,1769.6365682188498,1744.0360392030254,1756.8363037109375,636200,0.0,0.0
2013-12-11 00:00:00+09:00,1756.8361669118487,1769.6364304230462,1734.4357057672532,1750.43603515625,559600,0.0,0.0
2013-12-12 00:00:00+09:00,1718.4356275655455,1718.4356275655455,1673.63469872771,1699.2352294921875,941400,0.0,0.0
2013-12-13 00:00:00+09:00,1699.2346351723731,1724.8351569828799,1686.43437426712,1705.634765625,1233200,0.0,0.0
2013-12-16 00:00:00+09:00,1718.435696253585,1718.435696253585,1670.4346991515297,1673.634765625,443000,0.0,0.0
2013-12-17 00:00:00+09:00,1680.0347900390623,1692.8350551060266,1676.8347237723212,1680.0347900390625,606600,0.0,0.0
2013-12-18 00:00:00+09:00,1689.6351451945757,1708.8355445717866,1686.435078631707,1696.0352783203125,796200,0.0,0.0
2013-12-19 00:00:00+09:00,1718.4354248046875,1728.0356227086243,1705.635160932772,1718.4354248046875,764000,0.0,0.0
2013-12-20 00:00:00+09:00,1696.0353048374589,1718.435771127765,1696.0353048374589,1708.8355712890625,659400,0.0,0.0
2013-12-24 00:00:00+09:00,1728.0362609750462,1740.8365295748613,1724.8361938250923,1731.236328125,601400,0.0,0.0
2013-12-25 00:00:00+09:00,1731.2356886766033,1731.2356886766033,1705.635160932772,1718.4354248046875,478000,0.0,0.0
2013-12-26 00:00:00+09:00,1724.8353803585737,1750.4359054844895,1718.4352490770948,1747.23583984375,402200,0.0,0.0
2013-12-27 00:00:00+09:00,1756.8365209736955,1756.8365209736955,1728.0359222692089,1744.0362548828125,473400,0.0,0.0
2013-12-30 00:00:00+09:00,1750.4361926092618,1795.2371189283288,1747.236126443614,1766.4365234375,844400,0.0,0.0
2014-01-06 00:00:00+09:00,1750.435890197754,1760.0360870361328,1731.235496520996,1740.835693359375,810000,0.0,0.0
2014-01-07 00:00:00+09:00,1724.8351971367476,1744.0355889416094,1712.0349359335064,1721.6351318359375,584800,0.0,0.0
2014-01-08 00:00:00+09:00,1737.635920972876,1766.436516348117,1731.235788667267,1763.2364501953125,523000,0.0,0.0
2014-01-09 00:00:00+09:00,1699.2346351723731,1731.2352874355065,1680.0342438144933,1705.634765625,1310800,0.0,0.0
2014-01-10 00:00:00+09:00,1689.6350979923518,1692.8351644658221,1667.2346326780591,1673.634765625,1428200,0.0,0.0
2014-01-14 00:00:00+09:00,1648.033920793738,1657.6341183905945,1632.0335914656434,1641.6337890625,1122200,0.0,0.0
2014-01-15 00:00:00+09:00,1660.8340455259724,1689.6346359108159,1651.2338487310246,1686.4345703125,778600,0.0,0.0
2014-01-16 00:00:00+09:00,1689.635214619253,1702.4354813966715,1667.2347477587705,1670.434814453125,638600,0.0,0.0
2014-01-17 00:00:00+09:00,1670.4343778613836,1699.2349705831316,1670.4343778613836,1692.8348388671875,564200,0.0,0.0
2014-01-20 00:00:00+09:00,1699.2351876395087,1702.43525390625,1673.6346575055802,1680.0347900390625,839200,0.0,0.0
2014-01-21 00:00:00+09:00,1702.4349365234375,1715.2351992040649,1696.0348051831238,1702.4349365234375,788400,0.0,0.0
2014-01-22 00:00:00+09:00,1696.0348051831238,1718.4352648742217,1680.0344768323398,1702.4349365234375,663800,0.0,0.0
2014-01-23 00:00:00+09:00,1702.4348196476064,1715.2350814494682,1654.4338378906252,1654.433837890625,1133000,0.0,0.0
2014-01-24 00:00:00+09:00,1654.4340525249756,1673.6344477186892,1628.8335256000244,1641.6337890625,1153800,0.0,0.0
2014-01-27 00:00:00+09:00,1603.233024902344,1619.2333544921876,1600.032958984375,1600.032958984375,856000,0.0,0.0
2014-01-28 00:00:00+09:00,1596.8332253196022,1609.6334916548296,1584.032958984375,1584.032958984375,571400,0.0,0.0
2014-01-29 00:00:00+09:00,1536.0317665289256,1561.6322959710742,1459.2301782024792,1548.83203125,2478200,0.0,0.0
2014-01-30 00:00:00+09:00,1523.2316693231369,1568.0326007738174,1507.2313366621795,1513.6314697265625,1672400,0.0,0.0
2014-01-31 00:00:00+09:00,1516.83124015055,1526.4314378730219,1478.4304492606627,1491.230712890625,1294000,0.0,0.0
2014-02-03 00:00:00+09:00,1504.03092394727,1510.4310555385348,1465.63013439968,1468.8302001953125,1014400,0.0,0.0
2014-02-04 00:00:00+09:00,1433.6293244589979,1436.8293899153796,1398.4286044387993,1404.8287353515625,1288000,0.0,0.0
2014-02-05 00:00:00+09:00,1427.2296142578125,1443.2299462562185,1411.2292822594065,1427.2296142578125,1016000,0.0,0.0
2014-02-06 00:00:00+09:00,1427.229470694307,1449.6299332388367,1414.4292063831474,1417.6292724609375,808200,0.0,0.0
2014-02-07 00:00:00+09:00,1440.02960803462,1481.6304633778425,1427.2293448520902,1468.8302001953125,986400,0.0,0.0
2014-02-10 00:00:00+09:00,1472.029989053915,1472.029989053915,1446.4294675051513,1456.0296630859375,687200,0.0,0.0
2014-02-12 00:00:00+09:00,1478.430799286941,1488.0309992823109,1446.4301326357086,1484.8309326171875,1110600,0.0,0.0
2014-02-13 00:00:00+09:00,1494.4309608242445,1510.4312923105854,1452.8300989597578,1462.4302978515625,1304000,0.0,0.0
2014-02-14 00:00:00+09:00,1475.2303731100899,1491.2307025364466,1424.0293189457484,1433.6295166015625,1033600,0.0,0.0
2014-02-17 00:00:00+09:00,1440.0299004297744,1446.4300333205733,1414.4293688665784,1436.829833984375,645600,0.0,0.0
2014-02-18 00:00:00+09:00,1443.2299204950748,1484.8307829483697,1440.0298541525137,1472.030517578125,799400,0.0,0.0
2014-02-19 00:00:00+09:00,1462.4300686040474,1475.2303317865774,1452.82987121715,1468.8302001953125,646600,0.0,0.0
2014-02-20 00:00:00+09:00,1452.830145455262,1459.2302782546244,1420.8294814584501,1427.2296142578125,1375000,0.0,0.0
2014-02-21 00:00:00+09:00,1433.6297011761487,1465.6303641488307,1433.6297011761487,1462.4302978515625,662600,0.0,0.0
2014-02-24 00:00:00+09:00,1456.0300220371869,1472.0303519496833,1430.4294941771923,1452.8299560546875,840800,0.0,0.0
2014-02-25 00:00:00+09:00,1472.0301666920318,1481.6303634313276,1462.429969952736,1478.4302978515625,839200,0.0,0.0
2014-02-26 00:00:00+09:00,1472.0303174456815,1504.0309765205875,1468.8302515381909,1491.230712890625,801200,0.0,0.0
2014-02-27 00:00:00+09:00,1497.6310830393145,1507.2312822895665,1481.630750955561,1488.0308837890625,600000,0.0,0.0
2014-02-28 00:00:00+09:00,1510.431070787012,1513.6311366149505,1465.6301491958718,1475.2303466796875,800600,0.0,0.0
2014-03-03 00:00:00+09:00,1462.4301540021854,1475.2304179321827,1433.6295601596917,1452.8299560546875,769000,0.0,0.0
2014-03-04 00:00:00+09:00,1433.6295601596917,1462.4301540021854,1433.6295601596917,1452.8299560546875,512800,0.0,0.0
2014-03-05 00:00:00+09:00,1516.8315362587539,1555.2323346450514,1497.6311370656051,1513.6314697265625,1915800,0.0,0.0
2014-03-06 00:00:00+09:00,1507.2308427196438,1532.8313665874934,1494.430580785719,1510.430908203125,1214000,0.0,0.0
2014-03-07 00:00:00+09:00,1520.0318291846743,1526.431963202294,1497.6313601230054,1504.031494140625,799000,0.0,0.0
2014-03-10 00:00:00+09:00,1507.2310571915064,1507.2310571915064,1484.8305956196582,1497.630859375,731000,0.0,0.0
2014-03-11 00:00:00+09:00,1507.2310088728264,1532.8315355628106,1507.2310088728264,1529.6314697265625,726200,0.0,0.0
2014-03-12 00:00:00+09:00,1516.8310313619627,1532.8313586970044,1504.0307694939293,1507.2308349609375,1176800,0.0,0.0
2014-03-13 00:00:00+09:00,1513.6311405453223,1558.4320622527948,1513.6311405453223,1529.6314697265625,1059800,0.0,0.0
2014-03-14 00:00:00+09:00,1513.6312327968421,1529.631562953257,1507.2311007342762,1516.831298828125,1697800,0.0,0.0
2014-03-17 00:00:00+09:00,1513.6314697265625,1536.0319354519027,1504.0312701299881,1513.6314697265625,1100000,0.0,0.0
2014-03-18 00:00:00+09:00,1539.2317756204045,1548.831973805147,1523.2314453125,1523.2314453125,509200,0.0,0.0
2014-03-19 00:00:00+09:00,1539.231489631021,1539.231489631021,1497.6306385599125,1507.2308349609375,692200,0.0,0.0
2014-03-20 00:00:00+09:00,1516.831255008013,1520.0313209468484,1491.230727497329,1497.630859375,730000,0.0,0.0
2014-03-24 00:00:00+09:00,1510.431369357639,1571.2326321072048,1504.031236436632,1555.2322998046875,1548400,0.0,0.0
2014-03-25 00:00:00+09:00,1552.0319230501507,1564.8321863330384,1523.231330663653,1526.431396484375,866800,0.0,0.0
2014-03-26 00:00:00+09:00,1526.4315113740809,1587.2327665441176,1526.4315113740809,1577.632568359375,1432200,0.0,0.0
2014-03-27 00:00:00+09:00,1577.632905254214,1662.2070403812438,1571.1272025521346,1652.448486328125,1734800,40.0,0.0
2014-03-28 00:00:00+09:00,1645.9424336163297,1697.9880441654625,1623.172479001084,1688.2294921875,1374000,0.0,0.0
2014-03-31 00:00:00+09:00,1691.4825542902543,1737.0224692134534,1688.2297032243116,1727.263916015625,1902400,0.0,0.0
2014-04-01 00:00:00+09:00,1740.27490234375,1759.7920040522781,1733.7692017742409,1740.27490234375,1457400,0.0,0.0
2014-04-02 00:00:00+09:00,1737.022187260013,1750.0335894117734,1714.2522334944322,1720.7579345703125,1483600,0.0,0.0
2014-04-03 00:00:00+09:00,1710.999703806751,1740.2753641380452,1707.7468526588295,1724.0111083984375,715200,0.0,0.0
2014-04-04 00:00:00+09:00,1724.010371625088,1740.274620414004,1714.2518223517384,1733.7689208984375,659400,0.0,0.0
2014-04-07 00:00:00+09:00,1720.758107561384,1733.7695110212055,1697.9881515066966,1707.7467041015625,568800,0.0,0.0
2014-04-08 00:00:00+09:00,1697.9881515066966,1724.0109584263394,1694.735300641741,1707.7467041015625,863600,0.0,0.0
2014-04-09 00:00:00+09:00,1701.240611447126,1704.4934615646157,1678.4706606246978,1681.7235107421875,865000,0.0,0.0
2014-04-10 00:00:00+09:00,1707.7463116821054,1714.252011917085,1678.4706606246978,1681.7235107421875,524000,0.0,0.0
2014-04-11 00:00:00+09:00,1658.9540229002948,1665.4597249508843,1645.942618799116,1655.701171875,1086200,0.0,0.0
2014-04-14 00:00:00+09:00,1645.9422849662571,1681.7236389872628,1639.4365842351654,1671.965087890625,600200,0.0,0.0
2014-04-15 00:00:00+09:00,1717.5051419005104,1759.7922003185154,1707.7465899578938,1753.2864990234375,1573800,0.0,0.0
2014-04-16 00:00:00+09:00,1753.2867184381416,1785.8152289843038,1746.7810163289091,1782.5623779296875,1308800,0.0,0.0
2014-04-17 00:00:00+09:00,1772.8041310759877,1772.8041310759877,1746.7813181427623,1759.792724609375,646800,0.0,0.0
2014-04-18 00:00:00+09:00,1756.5393426761416,1763.0450439453125,1737.0222388686288,1763.0450439453125,486200,0.0,0.0
2014-04-21 00:00:00+09:00,1753.286570512129,1779.3093767534963,1753.286570512129,1766.2979736328125,529200,0.0,0.0
2014-04-22 00:00:00+09:00,1779.3092971182398,1785.8149983874107,1763.0450439453125,1763.0450439453125,835000,0.0,0.0
2014-04-23 00:00:00+09:00,1776.0566758204552,1789.06808003892,1763.0452716019902,1782.5623779296875,749200,0.0,0.0
2014-04-24 00:00:00+09:00,1779.3095351472907,1782.5623862170298,1740.2753223104214,1772.8038330078125,720200,0.0,0.0
2014-04-25 00:00:00+09:00,1766.2977850615089,1772.803485927297,1727.2635798667795,1743.52783203125,674800,0.0,0.0
2014-04-28 00:00:00+09:00,1623.1728241687686,1655.7013376791647,1577.632905254214,1652.448486328125,1820600,0.0,0.0
2014-04-30 00:00:00+09:00,1652.4483899439504,1655.7012411052574,1610.1613248469594,1623.1727294921875,941400,0.0,0.0
2014-05-01 00:00:00+09:00,1636.184229572927,1658.9541890302044,1632.9313782218874,1652.448486328125,667000,0.0,0.0
2014-05-02 00:00:00+09:00,1658.9539137620193,1694.735272686298,1658.9539137620193,1691.482421875,872200,0.0,0.0
2014-05-07 00:00:00+09:00,1652.4479736328126,1658.9536743164062,1626.4251708984375,1626.4251708984375,709000,0.0,0.0
2014-05-08 00:00:00+09:00,1629.6779304126703,1652.4478815362006,1626.425080252166,1642.6893310546875,486600,0.0,0.0
2014-05-09 00:00:00+09:00,1626.425693709537,1652.4485048088895,1626.425693709537,1632.931396484375,446800,0.0,0.0
2014-05-12 00:00:00+09:00,1626.425134130271,1632.9308346667922,1610.1608827889684,1619.91943359375,401600,0.0,0.0
2014-05-13 00:00:00+09:00,1642.6894894812467,1658.9537418523482,1642.6894894812467,1649.1951904296875,390000,0.0,0.0
2014-05-14 00:00:00+09:00,1655.700891378128,1658.9537418523482,1636.1837885328061,1649.1951904296875,356400,0.0,0.0
2014-05-15 00:00:00+09:00,1649.195233371418,1649.195233371418,1629.67813001791,1645.9423828125,392800,0.0,0.0
2014-05-16 00:00:00+09:00,1636.1842478717942,1642.6899506466323,1623.172842322118,1632.931396484375,487200,0.0,0.0
2014-05-19 00:00:00+09:00,1642.6899506466323,1642.6899506466323,1619.919990934699,1632.931396484375,565000,0.0,0.0
2014-05-20 00:00:00+09:00,1632.9308346667922,1632.9308346667922,1613.413733057229,1619.91943359375,432800,0.0,0.0
2014-05-21 00:00:00+09:00,1610.1608827889684,1626.425134130271,1610.1608827889684,1619.91943359375,357000,0.0,0.0
2014-05-22 00:00:00+09:00,1623.1728241687686,1655.7013376791647,1619.9199728177289,1652.448486328125,369000,0.0,0.0
2014-05-23 00:00:00+09:00,1652.4483208497054,1668.7125759761789,1649.1954698244108,1655.701171875,380200,0.0,0.0
2014-05-26 00:00:00+09:00,1665.459282178218,1665.459282178218,1626.425080252166,1642.6893310546875,497600,0.0,0.0
2014-05-27 00:00:00+09:00,1649.1949730734223,1684.976323574029,1642.6892729824028,1675.2177734375,516200,0.0,0.0
2014-05-28 00:00:00+09:00,1678.4706234830096,1684.976323574029,1665.4592233009707,1675.2177734375,277600,0.0,0.0
2014-05-29 00:00:00+09:00,1675.2178105072082,1691.4820610946567,1665.459260154739,1681.7235107421875,592000,0.0,0.0
2014-05-30 00:00:00+09:00,1671.9654270014737,1681.7239800773577,1649.1954698244108,1655.701171875,756000,0.0,0.0
2014-06-02 00:00:00+09:00,1671.965523856027,1697.9883335658483,1665.4598214285716,1684.9769287109375,663200,0.0,0.0
2014-06-03 00:00:00+09:00,1710.9992922771764,1724.0106937393602,1668.712237525079,1671.965087890625,498200,0.0,0.0
2014-06-04 00:00:00+09:00,1671.9649824992266,1678.4706828202352,1629.6779304126703,1642.6893310546875,626400,0.0,0.0
2014-06-05 00:00:00+09:00,1658.9536499977112,1675.217901468277,1652.4479494094849,1665.4593505859375,758400,0.0,0.0
2014-06-06 00:00:00+09:00,1675.217901468277,1684.9764523506165,1658.9536499977112,1665.4593505859375,703800,0.0,0.0
2014-06-09 00:00:00+09:00,1671.9654891139778,1681.7240425523862,1665.4597868217056,1678.47119140625,346800,0.0,0.0
2014-06-10 00:00:00+09:00,1678.4706234830096,1697.987723756068,1665.4592233009707,1675.2177734375,450000,0.0,0.0
2014-06-11 00:00:00+09:00,1665.459387159533,1681.7236389872628,1658.953686428441,1671.965087890625,370800,0.0,0.0
2014-06-12 00:00:00+09:00,1655.7010067210476,1665.4595588235293,1642.6896039177389,1658.953857421875,399800,0.0,0.0
2014-06-13 00:00:00+09:00,1642.6895968491108,1671.96525303058,1639.4367461622808,1668.71240234375,695800,0.0,0.0
2014-06-16 00:00:00+09:00,1681.7238971819197,1730.51666015625,1675.218195452009,1707.7467041015625,831400,0.0,0.0
2014-06-17 00:00:00+09:00,1704.4935550546288,1740.2749083095925,1704.4935550546288,1730.516357421875,568800,0.0,0.0
2014-06-18 00:00:00+09:00,1746.780868951787,1779.3093767534963,1746.780868951787,1766.2979736328125,546800,0.0,0.0
2014-06-19 00:00:00+09:00,1772.8036811321813,1821.5964429982046,1772.8036811321813,1811.837890625,1114000,0.0,0.0
2014-06-20 00:00:00+09:00,1824.849293789273,1828.102144580341,1802.0793382517952,1811.837890625,794200,0.0,0.0
2014-06-23 00:00:00+09:00,1818.3436433816257,1821.5964942642404,1789.0679854380933,1798.8265380859375,697600,0.0,0.0
2014-06-24 00:00:00+09:00,1818.34357012961,1860.6306299000662,1811.837868626463,1841.113525390625,1140000,0.0,0.0
2014-06-25 00:00:00+09:00,1818.3436556335882,1850.872164678912,1805.3322520154588,1834.60791015625,611800,0.0,0.0
2014-06-26 00:00:00+09:00,1841.1138478973764,1847.6195505401233,1831.355293933256,1844.36669921875,395000,0.0,0.0
2014-06-27 00:00:00+09:00,1837.8605461455818,1873.641901911248,1834.6076956214304,1850.8719482421875,881000,0.0,0.0
2014-06-30 00:00:00+09:00,1841.113234904661,1925.687341101695,1841.113234904661,1919.181640625,1129600,0.0,0.0
2014-07-01 00:00:00+09:00,1915.929261482802,1948.4577718645135,1906.1707083682888,1938.69921875,674200,0.0,0.0
2014-07-02 00:00:00+09:00,1948.4574766031901,1964.7217293294273,1935.4460744222006,1951.7103271484375,635400,0.0,0.0
2014-07-03 00:00:00+09:00,1951.710543592437,1958.216245404412,1925.6877363445378,1935.4462890625,599800,0.0,0.0
2014-07-04 00:00:00+09:00,1964.7213134765625,1987.4912624738076,1961.4684636198133,1964.7213134765625,636400,0.0,0.0
2014-07-07 00:00:00+09:00,1967.9747619114278,1974.4804636036968,1922.4348500655433,1928.9405517578125,492600,0.0,0.0
2014-07-08 00:00:00+09:00,1906.1707594587997,1932.1935684616503,1893.1593549573745,1925.6878662109375,658000,0.0,0.0
2014-07-09 00:00:00+09:00,1909.4235405954375,1912.6763916015625,1873.6421795280614,1912.6763916015625,756400,0.0,0.0
2014-07-10 00:00:00+09:00,1912.6766738891602,1912.6766738891602,1863.8839015960693,1873.6424560546875,642600,0.0,0.0
2014-07-11 00:00:00+09:00,1854.1250045985394,1902.9177678774483,1850.8721537132787,1899.6649169921875,758600,0.0,0.0
2014-07-14 00:00:00+09:00,1902.9173894332628,1922.4344908633475,1886.6531382415255,1919.181640625,572200,0.0,0.0
2014-07-15 00:00:00+09:00,1919.1820936138129,1928.9406466321882,1902.9178385831872,1912.6763916015625,465200,0.0,0.0
2014-07-16 00:00:00+09:00,1899.6649169921877,1919.1820223037512,1893.1592152216665,1899.6649169921875,549800,0.0,0.0
2014-07-17 00:00:00+09:00,1902.9176961964574,1909.4233977219155,1880.1477408573546,1886.6534423828125,702600,0.0,0.0
2014-07-18 00:00:00+09:00,1863.8833731348839,1886.6533270824305,1854.1248214430782,1876.894775390625,629000,0.0,0.0
2014-07-22 00:00:00+09:00,1899.6648380547813,1919.1819425553442,1896.4119873046875,1896.4119873046875,380800,0.0,0.0
2014-07-23 00:00:00+09:00,1906.17041015625,1922.4346628026344,1896.4118585684193,1906.17041015625,669400,0.0,0.0
2014-07-24 00:00:00+09:00,1928.9405310997597,1948.4576359675482,1899.664873798077,1902.917724609375,980200,0.0,0.0
2014-07-25 00:00:00+09:00,1922.4346656609532,1967.9745731385392,1902.9175624562733,1961.4688720703125,1038800,0.0,0.0
2014-07-28 00:00:00+09:00,1961.4689150585289,1974.480317480144,1948.4575126369134,1958.216064453125,542000,0.0,0.0
2014-07-29 00:00:00+09:00,1958.216209373024,1961.4690602191586,1922.4348500655433,1928.9405517578125,655200,0.0,0.0
2014-07-30 00:00:00+09:00,1896.4118585684193,1919.1818122733575,1883.4004564513118,1906.17041015625,947000,0.0,0.0
2014-07-31 00:00:00+09:00,1909.4234262319712,1915.9291278545672,1893.1591721754808,1902.917724609375,706800,0.0,0.0
2014-08-01 00:00:00+09:00,1876.895326848616,1880.148178368284,1847.6196631716011,1854.1253662109375,907400,0.0,0.0
2014-08-04 00:00:00+09:00,1854.1248349592272,1870.389087897466,1837.8605820209884,1857.377685546875,582000,0.0,0.0
2014-08-05 00:00:00+09:00,1870.389270106106,1883.4006737242355,1828.1022083471853,1834.60791015625,814600,0.0,0.0
2014-08-06 00:00:00+09:00,1837.8606819979461,1854.1249358209368,1818.3435774103573,1831.35498046875,657400,0.0,0.0
2014-08-07 00:00:00+09:00,1831.35537160954,1857.378183284276,1831.35537160954,1847.61962890625,597600,0.0,0.0
2014-08-08 00:00:00+09:00,1717.5054408482144,1772.803911481585,1652.4484165736608,1684.9769287109375,1944600,0.0,0.0
2014-08-11 00:00:00+09:00,1684.976323574029,1684.976323574029,1655.7006731644417,1675.2177734375,1031000,0.0,0.0
2014-08-12 00:00:00+09:00,1675.21810371741,1678.4709544042398,1655.7009995964304,1668.71240234375,632600,0.0,0.0
2014-08-13 00:00:00+09:00,1665.459387159533,1684.9764893528088,1658.953686428441,1671.965087890625,545400,0.0,0.0
2014-08-14 00:00:00+09:00,1688.2295989118304,1724.0109584263394,1688.2295989118304,1707.7467041015625,842800,0.0,0.0
2014-08-15 00:00:00+09:00,1704.493445334779,1724.0105458538794,1688.229194902195,1710.9991455078125,452000,0.0,0.0
2014-08-18 00:00:00+09:00,1717.5049254328746,1724.0106259079992,1707.7463747201878,1714.2520751953125,355400,0.0,0.0
2014-08-19 00:00:00+09:00,1730.5163574218752,1750.0334591973099,1727.2635071259695,1730.516357421875,478800,0.0,0.0
2014-08-20 00:00:00+09:00,1753.2862780460596,1753.2862780460596,1710.9992249577501,1714.2520751953125,317400,0.0,0.0
2014-08-21 00:00:00+09:00,1704.493445334779,1714.2519955943292,1691.482044988712,1710.9991455078125,603600,0.0,0.0
2014-08-22 00:00:00+09:00,1707.7462954212956,1720.7576957673627,1704.493445334779,1710.9991455078125,452000,0.0,0.0
2014-08-25 00:00:00+09:00,1727.2635071259695,1737.0220580136868,1717.504956238252,1730.516357421875,309800,0.0,0.0
2014-08-26 00:00:00+09:00,1733.7689208984375,1740.274620414004,1720.7575218673048,1733.7689208984375,482200,0.0,0.0
2014-08-27 00:00:00+09:00,1724.0111083984373,1733.7696618422021,1714.2525549546726,1724.0111083984375,373000,0.0,0.0
2014-08-28 00:00:00+09:00,1717.505126953125,1724.0108281915836,1701.240873856978,1717.505126953125,247400,0.0,0.0
2014-08-29 00:00:00+09:00,1694.73538680651,1707.7467909278653,1678.4711316548162,1701.2410888671875,544200,0.0,0.0
2014-09-01 00:00:00+09:00,1704.4935550546288,1737.0220580136868,1704.4935550546288,1730.516357421875,464200,0.0,0.0
2014-09-02 00:00:00+09:00,1737.0223166112742,1772.8036751931545,1733.7694658311034,1766.2979736328125,469400,0.0,0.0
2014-09-03 00:00:00+09:00,1763.0446024047399,1766.2974522246748,1746.780353305065,1750.033203125,557600,0.0,0.0
2014-09-04 00:00:00+09:00,1746.7803907606337,1769.550339988426,1737.0218410915797,1756.5389404296875,438600,0.0,0.0
2014-09-05 00:00:00+09:00,1782.5621477528252,1789.0678490219962,1759.792193310727,1763.0450439453125,395600,0.0,0.0
2014-09-08 00:00:00+09:00,1782.561975052942,1782.561975052942,1772.8034240946229,1776.0562744140625,391600,0.0,0.0
2014-09-09 00:00:00+09:00,1776.0566758204552,1785.8152289843038,1766.2981226566064,1782.5623779296875,427400,0.0,0.0
2014-09-10 00:00:00+09:00,1769.550930669399,1789.0680365223702,1766.2980796939037,1785.815185546875,393600,0.0,0.0
2014-09-11 00:00:00+09:00,1789.067942485052,1808.5850473121616,1789.067942485052,1802.079345703125,427200,0.0,0.0
2014-09-12 00:00:00+09:00,1824.8492789395536,1844.3663835271425,1821.5964281749555,1831.35498046875,1060600,0.0,0.0
2014-09-16 00:00:00+09:00,1841.1135039517528,1847.6192053791442,1805.3321461011003,1815.0906982421875,410400,0.0,0.0
2014-09-17 00:00:00+09:00,1824.8493451468553,1828.10219602947,1792.320836320708,1798.8265380859375,370400,0.0,0.0
2014-09-18 00:00:00+09:00,1821.596653293919,1821.596653293919,1795.5738439611487,1805.3323974609375,468800,0.0,0.0
2014-09-19 00:00:00+09:00,1815.0908989266547,1834.6080053667263,1811.8380478533095,1818.34375,514200,0.0,0.0
2014-09-22 00:00:00+09:00,1818.343758342935,1831.355162696015,1795.573800725045,1808.585205078125,284800,0.0,0.0
2014-09-24 00:00:00+09:00,1795.5731391059028,1795.5731391059028,1750.0332406503182,1756.5389404296875,641000,0.0,0.0
2014-09-25 00:00:00+09:00,1779.3095881281672,1808.585248627534,1769.5510346283784,1805.3323974609375,505600,0.0,0.0
2014-09-26 00:00:00+09:00,1782.2290891759535,1808.6324830896713,1775.628240697524,1795.4307861328125,579200,40.0,0.0
2014-09-29 00:00:00+09:00,1795.4307002314815,1805.331972475405,1765.7268834997108,1782.22900390625,520600,0.0,0.0
2014-09-30 00:00:00+09:00,1782.2295525368681,1792.1308278287395,1759.1265768558346,1762.427001953125,534800,0.0,0.0
2014-10-01 00:00:00+09:00,1772.3276116548834,1775.6280355127137,1729.4221015030892,1736.02294921875,541400,0.0,0.0
2014-10-02 00:00:00+09:00,1706.319119140625,1706.319119140625,1637.01021875,1650.2119140625,1143800,0.0,0.0
2014-10-03 00:00:00+09:00,1650.2119475719976,1686.5166104185814,1646.9115236768537,1683.2161865234375,773600,0.0,0.0
2014-10-06 00:00:00+09:00,1686.5169118245444,1689.8173363095239,1660.113515944708,1663.4139404296875,637200,0.0,0.0
2014-10-07 00:00:00+09:00,1660.113185546875,1663.4136093749999,1637.01021875,1650.2119140625,627000,0.0,0.0
2014-10-08 00:00:00+09:00,1627.109310079649,1630.409734643705,1604.0063381312564,1607.3067626953125,799600,0.0,0.0
2014-10-09 00:00:00+09:00,1623.8090286726804,1627.1094535277061,1600.7060546875,1600.7060546875,560800,0.0,0.0
2014-10-10 00:00:00+09:00,1584.203369140625,1604.0059112548827,1574.302098083496,1584.203369140625,802400,0.0,0.0
2014-10-14 00:00:00+09:00,1557.8008020279256,1571.0025037400267,1547.8995257438498,1551.199951171875,770200,0.0,0.0
2014-10-15 00:00:00+09:00,1571.0020942527028,1577.6029433882186,1554.499971413914,1564.4012451171875,967800,0.0,0.0
2014-10-16 00:00:00+09:00,1524.7960578218817,1524.7960578218817,1498.392662881243,1511.5943603515625,1099000,0.0,0.0
2014-10-17 00:00:00+09:00,1518.1948671445741,1541.2978325141655,1498.39232539921,1501.6927490234375,928400,0.0,0.0
2014-10-20 00:00:00+09:00,1528.0968017578125,1531.3972268156049,1501.6934012954746,1528.0968017578125,1132600,0.0,0.0
2014-10-21 00:00:00+09:00,1528.0961380172562,1544.5982561383928,1495.0919017749827,1501.6927490234375,981000,0.0,0.0
2014-10-22 00:00:00+09:00,1518.195547866015,1561.10107421875,1511.5946976579019,1561.10107421875,698400,0.0,0.0
2014-10-23 00:00:00+09:00,1561.10107421875,1574.3027746349762,1547.8993738025238,1561.10107421875,479800,0.0,0.0
2014-10-24 00:00:00+09:00,1594.104640197754,1594.104640197754,1564.400827026367,1584.203369140625,782600,0.0,0.0
2014-10-27 00:00:00+09:00,1577.6028771033655,1597.4054236778848,1564.4011793870193,1587.504150390625,614200,0.0,0.0
2014-10-28 00:00:00+09:00,1577.6026881167763,1584.2035361842106,1557.8001439144737,1567.701416015625,513000,0.0,0.0
2014-10-29 00:00:00+09:00,1574.3024341275232,1604.0062536393632,1574.3024341275232,1594.10498046875,593200,0.0,0.0
2014-10-30 00:00:00+09:00,1607.3065947245777,1643.6112611351944,1604.0061705054306,1623.8087158203125,1152800,0.0,0.0
2014-10-31 00:00:00+09:00,1633.710047006607,1696.4181094169617,1627.1091983318329,1689.8172607421875,1035800,0.0,0.0
2014-11-04 00:00:00+09:00,1782.2292012379583,1792.1304745781692,1716.220712303219,1755.8258056640625,1749200,0.0,0.0
2014-11-05 00:00:00+09:00,1742.6246757216127,1769.0280798992128,1712.9208460218124,1729.4229736328125,853600,0.0,0.0
2014-11-06 00:00:00+09:00,1742.6233793218084,1749.2242254556031,1699.7178794521426,1706.3187255859375,809600,0.0,0.0
2014-11-07 00:00:00+09:00,1706.3194298377405,1729.4224008413462,1696.418156550481,1716.220703125,658400,0.0,0.0
2014-11-10 00:00:00+09:00,1696.4183349609373,1719.5213083942576,1686.5170606323716,1696.4183349609375,435200,0.0,0.0
2014-11-11 00:00:00+09:00,1706.3194391915795,1729.422410321833,1696.4181658500422,1712.9202880859375,703800,0.0,0.0
2014-11-12 00:00:00+09:00,1732.7230519261852,1765.7273005343031,1676.615829292385,1722.82177734375,833200,0.0,0.0
2014-11-13 00:00:00+09:00,1726.1217041015627,1729.4221280099787,1709.6195845594827,1726.1217041015625,549200,0.0,0.0
2014-11-14 00:00:00+09:00,1749.2246714604746,1752.5250953688906,1699.7183128342347,1726.1217041015625,998000,0.0,0.0
2014-11-17 00:00:00+09:00,1729.4221485145465,1729.4221485145465,1666.7140935111565,1673.31494140625,776400,0.0,0.0
2014-11-18 00:00:00+09:00,1686.516692421653,1749.224749478427,1686.516692421653,1742.6239013671875,698400,0.0,0.0
2014-11-19 00:00:00+09:00,1739.323626999628,1762.4265973772322,1726.121929640997,1732.7227783203125,381800,0.0,0.0
2014-11-20 00:00:00+09:00,1729.4216870542189,1736.0225331880138,1699.7178794521426,1706.3187255859375,447200,0.0,0.0
2014-11-21 00:00:00+09:00,1706.319134498277,1742.6237969344106,1696.417862924786,1736.02294921875,516400,0.0,0.0
2014-11-25 00:00:00+09:00,1749.224966160546,1752.525390625,1736.0232683027307,1752.525390625,500600,0.0,0.0
2014-11-26 00:00:00+09:00,1736.0236011748011,1772.3282772449966,1736.0236011748011,1762.427001953125,485200,0.0,0.0
2014-11-27 00:00:00+09:00,1762.427001953125,1772.3282772449966,1752.5257266612537,1762.427001953125,533600,0.0,0.0
2014-11-28 00:00:00+09:00,1755.8257042760129,1792.13037109375,1755.8257042760129,1792.13037109375,521400,0.0,0.0
2014-12-01 00:00:00+09:00,1778.9288877829529,1805.3322850042211,1778.9288877829529,1802.0318603515625,414000,0.0,0.0
2014-12-02 00:00:00+09:00,1782.2293124356113,1811.9331343095382,1775.6284631302942,1802.0318603515625,583800,0.0,0.0
2014-12-03 00:00:00+09:00,1802.031992277093,1811.9332669599341,1792.1307175942518,1798.7315673828125,456600,0.0,0.0
2014-12-04 00:00:00+09:00,1798.7310347123578,1821.8340021306817,1798.7310347123578,1815.233154296875,455800,0.0,0.0
2014-12-05 00:00:00+09:00,1815.2332582335541,1825.1345305511918,1798.7311377041583,1821.8341064453125,565800,0.0,0.0
2014-12-08 00:00:00+09:00,1825.1348683400197,1838.3365672068553,1818.534018906602,1831.7357177734375,452200,0.0,0.0
2014-12-09 00:00:00+09:00,1815.2336720356777,1821.834521752171,1792.1306980279508,1805.3323974609375,533600,0.0,0.0
2014-12-10 00:00:00+09:00,1808.6326618506125,1844.9373320702416,1805.3322372851917,1818.533935546875,935000,0.0,0.0
2014-12-11 00:00:00+09:00,1782.2290129652713,1785.529437063355,1732.7226514940137,1778.9285888671875,830200,0.0,0.0
2014-12-12 00:00:00+09:00,1782.2289858884917,1811.9328023199666,1782.2289858884917,1788.829833984375,1009000,0.0,0.0
2014-12-15 00:00:00+09:00,1762.4268700715538,1775.628569472839,1745.9247458199475,1765.727294921875,577400,0.0,0.0
2014-12-16 00:00:00+09:00,1726.1212639873215,1745.9238023887058,1706.3187255859375,1706.3187255859375,748400,0.0,0.0
2014-12-17 00:00:00+09:00,1689.8170411089868,1736.0229758268106,1683.2161932921547,1726.1217041015625,736200,0.0,0.0
2014-12-18 00:00:00+09:00,1759.1261926907212,1782.2291633264342,1742.624070808069,1769.0274658203125,866200,0.0,0.0
2014-12-19 00:00:00+09:00,1798.7312103720271,1808.6324830896713,1775.628240697524,1795.4307861328125,893200,0.0,0.0
2014-12-22 00:00:00+09:00,1811.9327630179268,1851.5378507341659,1798.731067112514,1848.2374267578125,1225400,0.0,0.0
2014-12-24 00:00:00+09:00,1871.3409822779058,1881.242257316413,1851.5384322008908,1858.1392822265625,720400,0.0,0.0
2014-12-25 00:00:00+09:00,1851.5377547916432,1861.4390262076413,1828.4347881543142,1838.3360595703125,405400,0.0,0.0
2014-12-26 00:00:00+09:00,1841.660731473415,1848.309326171875,1825.039244727265,1848.309326171875,293400,20.0,0.0
2014-12-29 00:00:00+09:00,1858.2824421382256,1858.2824421382256,1801.769380391625,1818.390869140625,500000,0.0,0.0
2014-12-30 00:00:00+09:00,1818.3910277200403,1831.6882198788705,1805.09383556121,1811.742431640625,433000,0.0,0.0
2015-01-05 00:00:00+09:00,1808.417975891225,1828.3637623900252,1798.445082641825,1818.390869140625,449200,0.0,0.0
2015-01-06 00:00:00+09:00,1785.1483776296368,1785.1483776296368,1738.6081964623836,1741.9324951171875,580800,0.0,0.0
2015-01-07 00:00:00+09:00,1728.6345650641795,1755.2289429882437,1725.3102678236714,1731.9588623046875,433600,0.0,0.0
2015-01-08 00:00:00+09:00,1741.931779739092,1785.1476445036117,1741.931779739092,1761.8775634765625,500600,0.0,0.0
2015-01-09 00:00:00+09:00,1761.8778295991979,1761.8778295991979,1728.634851682232,1735.283447265625,665400,0.0,0.0
2015-01-13 00:00:00+09:00,1721.9860839843748,1721.9860839843748,1692.0674068495111,1721.986083984375,624200,0.0,0.0
2015-01-14 00:00:00+09:00,1708.6885343472634,1712.0128311066937,1678.769863512389,1685.41845703125,639400,0.0,0.0
2015-01-15 00:00:00+09:00,1698.7166126047382,1751.9053910815987,1698.7166126047382,1741.9324951171875,659800,0.0,0.0
2015-01-16 00:00:00+09:00,1708.6891725525375,1725.3106625579123,1682.0947885439377,1715.3377685546875,683200,0.0,0.0
2015-01-19 00:00:00+09:00,1741.9318226959745,1771.8504990399892,1731.9589305813029,1765.201904296875,492600,0.0,0.0
2015-01-20 00:00:00+09:00,1765.2020487467448,1805.093620469835,1765.2020487467448,1795.1207275390625,595200,0.0,0.0
2015-01-21 00:00:00+09:00,1805.0936129266324,1818.390803445429,1775.1749342593403,1785.1478271484375,680200,0.0,0.0
2015-01-22 00:00:00+09:00,1778.4989541359869,1805.0933310202633,1775.1746570254522,1791.796142578125,488200,0.0,0.0
2015-01-23 00:00:00+09:00,1805.093183629653,1828.3632615033318,1795.120293112362,1808.41748046875,488000,0.0,0.0
2015-01-26 00:00:00+09:00,1775.1746570254522,1818.3905194624015,1771.8503599149176,1791.796142578125,529400,0.0,0.0
2015-01-27 00:00:00+09:00,1825.0390561785016,1881.5521052769252,1821.7147591727119,1861.6063232421875,1112800,0.0,0.0
2015-01-28 00:00:00+09:00,1841.6602545785822,1958.010631672897,1841.6602545785822,1931.416259765625,1200400,0.0,0.0
2015-01-29 00:00:00+09:00,1918.1192351111272,1997.9023575420927,1914.7949383431703,1971.3079833984375,1249400,0.0,0.0
2015-01-30 00:00:00+09:00,1974.632500143612,2037.7941457711013,1951.3624201755897,2034.4698486328125,1313600,0.0,0.0
2015-02-02 00:00:00+09:00,1994.578605920226,2014.5243919794284,1977.9571175375575,1984.605712890625,777000,0.0,0.0
2015-02-03 00:00:00+09:00,2004.550995797822,2034.469667376894,1961.3351368502736,1974.63232421875,745200,0.0,0.0
2015-02-04 00:00:00+09:00,1997.9030867776432,2004.5516827402976,1944.7143190764082,1951.3629150390625,969200,0.0,0.0
2015-02-05 00:00:00+09:00,1964.6599769069721,1974.632870190764,1934.741297055597,1941.389892578125,606000,0.0,0.0
2015-02-06 00:00:00+09:00,1921.4442332071178,1954.6872130203897,1911.471339263136,1951.3629150390625,581600,0.0,0.0
2015-02-09 00:00:00+09:00,1861.6064453124998,1874.9036342075892,1775.1747174944196,1815.0662841796875,1451200,0.0,0.0
2015-02-10 00:00:00+09:00,1844.9851863048566,1884.8767579006374,1838.3365910388932,1841.660888671875,1305000,0.0,0.0
2015-02-12 00:00:00+09:00,1898.173671329625,1924.7680485111257,1894.8493741819373,1904.822265625,1157000,0.0,0.0
2015-02-13 00:00:00+09:00,1881.5527283040076,1891.5256226236402,1858.2826415581983,1871.579833984375,795800,0.0,0.0
2015-02-16 00:00:00+09:00,1881.5521052769252,1891.524996294294,1851.6334322248185,1861.6063232421875,515200,0.0,0.0
2015-02-17 00:00:00+09:00,1851.6340453451098,1884.8770264105517,1844.9854491320216,1871.579833984375,532600,0.0,0.0
2015-02-18 00:00:00+09:00,1884.8763771259678,1898.1735649716538,1861.6062983960178,1878.227783203125,1036200,0.0,0.0
2015-02-19 00:00:00+09:00,1894.8496673425316,1931.4169416245804,1891.525369680527,1918.1197509765625,746800,0.0,0.0
2015-02-20 00:00:00+09:00,1941.3895250822368,1951.3624164782073,1891.525068102385,1894.849365234375,547800,0.0,0.0
2015-02-23 00:00:00+09:00,1918.1195332987324,1924.7681278682255,1891.5251550207606,1901.498046875,649400,0.0,0.0
2015-02-24 00:00:00+09:00,1914.7953204719386,1964.6597819425622,1911.4710230405638,1954.6868896484375,1619800,0.0,0.0
2015-02-25 00:00:00+09:00,1954.6872130203897,1961.335808983044,1938.0657231137536,1951.3629150390625,873800,0.0,0.0
2015-02-26 00:00:00+09:00,1948.0382947856876,1958.0111870798123,1938.065402491563,1954.6868896484375,699000,0.0,0.0
2015-02-27 00:00:00+09:00,1981.2812148894752,1994.5784042511495,1967.984025527801,1987.9298095703125,691000,0.0,0.0
2015-03-02 00:00:00+09:00,1984.605363052446,2017.848333957847,1954.686689237585,1958.010986328125,782800,0.0,0.0
2015-03-03 00:00:00+09:00,1987.92998046875,1997.9028733473558,1938.0655160757212,1944.714111328125,663600,0.0,0.0
2015-03-04 00:00:00+09:00,1934.7409579420337,1938.0652551206283,1911.4708776918717,1924.76806640625,894600,0.0,0.0
2015-03-05 00:00:00+09:00,1924.7680485111257,1938.0652371018762,1894.8493741819373,1904.822265625,812800,0.0,0.0
2015-03-06 00:00:00+09:00,1928.0925647775193,1938.0654573539548,1908.1467796246486,1921.4439697265625,864800,0.0,0.0
2015-03-09 00:00:00+09:00,1901.4979319852944,1904.8222290691847,1851.6334757269387,1864.9306640625,885600,0.0,0.0
2015-03-10 00:00:00+09:00,1891.5251378574978,1921.4438131487411,1868.2550570754197,1881.55224609375,898200,0.0,0.0
2015-03-11 00:00:00+09:00,1868.2551102672548,1871.579407616485,1841.660731473415,1848.309326171875,837600,0.0,0.0
2015-03-12 00:00:00+09:00,1848.309135219029,1868.2549172537667,1841.6605412074498,1861.6063232421875,564600,0.0,0.0
2015-03-13 00:00:00+09:00,1881.5523081115832,1884.876605475738,1858.2822265625,1858.2822265625,1215000,0.0,0.0
2015-03-16 00:00:00+09:00,1861.6063669786097,1878.2278523980617,1858.2820698947194,1864.9306640625,717000,0.0,0.0
2015-03-17 00:00:00+09:00,1898.1735649716538,1898.1735649716538,1871.579189280282,1878.227783203125,391800,0.0,0.0
2015-03-18 00:00:00+09:00,1868.2548923188606,1878.227783203125,1858.2820014345962,1878.227783203125,536200,0.0,0.0
2015-03-19 00:00:00+09:00,1871.5793892069066,1888.2008757895612,1861.6064972573138,1874.9036865234375,810200,0.0,0.0
2015-03-20 00:00:00+09:00,1888.200857736014,1911.4709387292396,1881.552263166521,1901.498046875,1277800,0.0,0.0
2015-03-23 00:00:00+09:00,1924.7678715869633,1977.956621060869,1918.1192779027251,1974.63232421875,1414800,0.0,0.0
2015-03-24 00:00:00+09:00,1991.2538233380856,2034.4696826091958,1984.6052296040684,2031.1453857421875,1231000,0.0,0.0
2015-03-25 00:00:00+09:00,2024.4973427592845,2067.7132137869867,2011.2001516738376,2064.388916015625,1225800,0.0,0.0
2015-03-26 00:00:00+09:00,2037.7943388286387,2044.4429337350944,2014.5242566560441,2021.1728515625,1355000,0.0,0.0
2015-03-27 00:00:00+09:00,2041.1182610611322,2041.1182610611322,1941.389355797559,1974.63232421875,820400,0.0,0.0
2015-03-30 00:00:00+09:00,1954.6870042067308,1958.0113018329328,1924.7683255709135,1944.714111328125,707400,0.0,0.0
2015-03-31 00:00:00+09:00,1971.3087029270257,1977.95729888968,1948.0386170577353,1951.3629150390625,939000,0.0,0.0
2015-04-01 00:00:00+09:00,1938.0653971924257,1948.0382894592822,1894.8495307027147,1898.173828125,1157400,0.0,0.0
2015-04-02 00:00:00+09:00,1904.8223441597465,1918.1195332987324,1881.552263166521,1901.498046875,923400,0.0,0.0
2015-04-03 00:00:00+09:00,1898.1738281250002,1898.1738281250002,1868.255151324431,1898.173828125,521200,0.0,0.0
2015-04-06 00:00:00+09:00,1884.8766384358582,1904.822422969571,1881.552341013573,1898.173828125,446600,0.0,0.0
2015-04-07 00:00:00+09:00,1898.1737580672554,1921.4438391644023,1888.2008661684783,1911.470947265625,800600,0.0,0.0
2015-04-08 00:00:00+09:00,1928.0929141723418,1941.390106683875,1881.552740381975,1891.525634765625,1140600,0.0,0.0
2015-04-09 00:00:00+09:00,1888.2009358581438,1904.822422969571,1878.2280435912874,1898.173828125,1009400,0.0,0.0
2015-04-10 00:00:00+09:00,1901.4978619330752,1908.146455855918,1878.227783203125,1878.227783203125,806200,0.0,0.0
2015-04-13 00:00:00+09:00,2061.064335643797,2210.65771484375,2057.7400383282425,2210.65771484375,3913000,0.0,0.0
2015-04-14 00:00:00+09:00,2144.1719138405538,2366.8998490767044,2144.1719138405538,2194.036376953125,7240400,0.0,0.0
2015-04-15 00:00:00+09:00,2164.1174926757812,2336.9809483119416,2164.1174926757812,2327.008056640625,2728800,0.0,0.0
2015-04-16 00:00:00+09:00,2320.3596350929956,2413.4399642944336,2297.089552792636,2340.305419921875,2330000,0.0,0.0
2015-04-17 00:00:00+09:00,2317.0352289414946,2340.305310150376,2200.6848228970866,2210.65771484375,2448200,0.0,0.0
2015-04-20 00:00:00+09:00,2180.7388663010593,2230.603322085382,2147.495895778177,2197.3603515625,1306200,0.0,0.0
2015-04-21 00:00:00+09:00,2197.3603515625,2207.3332427193645,2170.7659751441943,2197.3603515625,724400,0.0,0.0
2015-04-22 00:00:00+09:00,2197.3603607545415,2220.630440217903,2180.7388754235694,2207.333251953125,596800,0.0,0.0
2015-04-23 00:00:00+09:00,2230.603767010154,2290.4411258867303,2230.603767010154,2240.57666015625,1161800,0.0,0.0
2015-04-24 00:00:00+09:00,2273.8194694348995,2287.116659314636,2223.9550073858886,2237.252197265625,828600,0.0,0.0
2015-04-27 00:00:00+09:00,2253.8735856681037,2323.683829471983,2240.5763963721265,2313.7109375,1282000,0.0,0.0
2015-04-28 00:00:00+09:00,2327.008135226663,2346.9539192428915,2280.46797252213,2323.683837890625,1003400,0.0,0.0
2015-04-30 00:00:00+09:00,2243.9011486336653,2297.089916601278,2217.3067646498594,2283.792724609375,1618600,0.0,0.0
2015-05-01 00:00:00+09:00,2227.2793364451927,2240.5765265135224,2147.4961960352157,2174.090576171875,1504000,0.0,0.0
2015-05-07 00:00:00+09:00,2147.4958775644086,2190.711738877624,2140.8472835162215,2177.41455078125,952000,0.0,0.0
2015-05-08 00:00:00+09:00,2160.792910780536,2194.0358786386983,2157.4686139947203,2184.06298828125,666400,0.0,0.0
2015-05-11 00:00:00+09:00,2200.68505859375,2207.3336539369334,2177.4149748926075,2200.68505859375,706600,0.0,0.0
2015-05-12 00:00:00+09:00,2200.684598692483,2247.2247563687592,2200.684598692483,2230.603271484375,697200,0.0,0.0
2015-05-13 00:00:00+09:00,2174.0902537571565,2204.0089269739983,2160.7930656607823,2177.41455078125,907400,0.0,0.0
2015-05-14 00:00:00+09:00,2160.793230010242,2184.063310948814,2154.1446354563645,2180.739013671875,437200,0.0,0.0
2015-05-15 00:00:00+09:00,2194.0365207414684,2197.3608185001676,2160.7935431544765,2167.442138671875,421600,0.0,0.0
2015-05-18 00:00:00+09:00,2170.7659751441943,2204.0089456670767,2154.1444898827535,2197.3603515625,452000,0.0,0.0
2015-05-19 00:00:00+09:00,2207.33407487855,2240.57705793395,2190.7125833508503,2223.95556640625,687200,0.0,0.0
2015-05-20 00:00:00+09:00,2220.6309172563642,2220.6309172563642,2187.387939453125,2187.387939453125,729000,0.0,0.0
2015-05-21 00:00:00+09:00,2197.3611690469456,2220.6312570701357,2194.0368707579187,2204.009765625,467800,0.0,0.0
2015-05-22 00:00:00+09:00,2194.0364408858154,2200.685036161227,2164.1177621464635,2170.766357421875,579000,0.0,0.0
2015-05-25 00:00:00+09:00,2170.765928475111,2170.765928475111,2144.1715526285557,2147.495849609375,632200,0.0,0.0
2015-05-26 00:00:00+09:00,2147.4956160017814,2170.765692336166,2124.225539667397,2157.468505859375,607200,0.0,0.0
2015-05-27 00:00:00+09:00,2150.820020423088,2190.7115818528823,2137.522833279823,2184.06298828125,737200,0.0,0.0
2015-05-28 00:00:00+09:00,2204.009285041878,2250.549450940198,2197.360689913546,2213.982177734375,744800,0.0,0.0
2015-05-29 00:00:00+09:00,2194.036463250566,2227.279439966484,2194.036463250566,2200.68505859375,645600,0.0,0.0
2015-06-01 00:00:00+09:00,2180.7391867897727,2204.0092695756393,2174.090591708097,2194.036376953125,410800,0.0,0.0
2015-06-02 00:00:00+09:00,2194.036361274369,2200.684956308534,2164.1176836206278,2174.090576171875,579600,0.0,0.0
2015-06-03 00:00:00+09:00,2160.7930656607823,2180.7388478053435,2160.7930656607823,2177.41455078125,443200,0.0,0.0
2015-06-04 00:00:00+09:00,2200.684598692483,2240.5761624150055,2197.360301715606,2230.603271484375,668200,0.0,0.0
2015-06-05 00:00:00+09:00,2213.982249280117,2233.9280353096674,2194.036463250566,2200.68505859375,521200,0.0,0.0
2015-06-08 00:00:00+09:00,2213.9817865999903,2237.251865438129,2213.9817865999903,2230.603271484375,717400,0.0,0.0
2015-06-09 00:00:00+09:00,2213.9817187500003,2220.6303125,2160.79296875,2160.79296875,534200,0.0,0.0
2015-06-10 00:00:00+09:00,2184.0637675507023,2184.0637675507023,2130.875,2130.875,660200,0.0,0.0
2015-06-11 00:00:00+09:00,2154.1454182056764,2154.1454182056764,2124.2267318417084,2137.52392578125,483000,0.0,0.0
2015-06-12 00:00:00+09:00,2117.577157974243,2137.522939682007,2104.2799701690674,2127.550048828125,1123000,0.0,0.0
2015-06-15 00:00:00+09:00,2114.2531575520834,2117.577454969618,2081.010183376736,2094.307373046875,472400,0.0,0.0
2015-06-16 00:00:00+09:00,2094.3068700946164,2177.4142855745617,2094.3068700946164,2157.468505859375,1256600,0.0,0.0
2015-06-17 00:00:00+09:00,2164.117135677697,2164.117135677697,2100.9554988453224,2114.252685546875,631200,0.0,0.0
2015-06-18 00:00:00+09:00,2120.901752387153,2124.2260498046876,2084.334480794271,2094.307373046875,472800,0.0,0.0
2015-06-19 00:00:00+09:00,2110.9285254994775,2110.9285254994775,2071.0369628128733,2087.658447265625,958200,0.0,0.0
2015-06-22 00:00:00+09:00,2081.0096558012237,2100.9554352497976,2047.7666900536003,2054.415283203125,897600,0.0,0.0
2015-06-23 00:00:00+09:00,2087.6587782118054,2100.9559678819446,2061.064398871528,2094.307373046875,908800,0.0,0.0
2015-06-24 00:00:00+09:00,2081.010070899384,2124.225934991544,2047.7670985208,2057.739990234375,1810800,0.0,0.0
2015-06-25 00:00:00+09:00,2061.0640721412224,2104.2799317183767,2061.0640721412224,2087.658447265625,800400,0.0,0.0
2015-06-26 00:00:00+09:00,2114.595651647287,2185.306652737403,2114.595651647287,2171.837890625,1362600,40.0,0.0
2015-06-29 00:00:00+09:00,2114.5962593340832,2124.697833821348,2050.61962091474,2057.35400390625,874200,0.0,0.0
2015-06-30 00:00:00+09:00,2111.2287845734627,2134.7991218813004,2067.455301001764,2087.658447265625,1168800,0.0,0.0
2015-07-01 00:00:00+09:00,2121.3305207724884,2185.3071555259444,2091.0257990471673,2161.73681640625,1399400,0.0,0.0
2015-07-02 00:00:00+09:00,2175.2058484902377,2181.940231922096,2124.6979727513003,2144.901123046875,600000,0.0,0.0
2015-07-03 00:00:00+09:00,2151.635553817018,2171.838704557084,2101.1276769668534,2107.862060546875,751000,0.0,0.0
2015-07-06 00:00:00+09:00,2064.088152835244,2087.65849063271,2040.5178150377776,2047.252197265625,889600,0.0,0.0
2015-07-07 00:00:00+09:00,2064.088152835244,2070.822535063091,2030.4162416960064,2047.252197265625,843400,0.0,0.0
2015-07-08 00:00:00+09:00,2027.049400303372,2033.7837836930844,1956.338374711394,1959.70556640625,1058400,0.0,0.0
2015-07-09 00:00:00+09:00,1899.0961158988403,1959.70556640625,1851.955432170855,1959.70556640625,1268000,0.0,0.0
2015-07-10 00:00:00+09:00,1990.0101556239986,1996.7445385533522,1946.2366665831998,1969.8070068359375,1272200,0.0,0.0
2015-07-13 00:00:00+09:00,2003.4787935120255,2006.8459847616255,1949.6037335184249,1973.174072265625,594000,0.0,0.0
2015-07-14 00:00:00+09:00,2013.5804212961766,2080.92424809538,2013.5804212961766,2033.7835693359375,806400,0.0,0.0
2015-07-15 00:00:00+09:00,2013.5803149414062,2030.4162707519529,1990.0099768066405,2020.314697265625,513400,0.0,0.0
2015-07-16 00:00:00+09:00,2033.7834805015757,2037.150671694459,1993.377186186975,2003.478759765625,554200,0.0,0.0
2015-07-17 00:00:00+09:00,2023.6818884277343,2040.517844238281,1996.7443591308593,2020.314697265625,619800,0.0,0.0
2015-07-21 00:00:00+09:00,2040.5179714400304,2050.61954555607,2006.8460577198978,2016.9476318359375,454200,0.0,0.0
2015-07-22 00:00:00+09:00,1990.0103166564438,2047.2525761880167,1976.5415497078384,2037.1510009765625,660200,0.0,0.0
2015-07-23 00:00:00+09:00,2033.783699517234,2043.8852741837104,2023.6821248507579,2027.04931640625,330000,0.0,0.0
2015-07-24 00:00:00+09:00,2006.8464767222104,2010.2136687972477,1969.8073638968006,1976.541748046875,600400,0.0,0.0
2015-07-27 00:00:00+09:00,1956.3381576936142,1969.8069229789403,1926.0334358016305,1936.135009765625,449800,0.0,0.0
2015-07-28 00:00:00+09:00,1919.2994073771933,1952.9713268048636,1905.8306396061255,1942.8697509765625,607600,0.0,0.0
2015-07-29 00:00:00+09:00,1966.4397688311349,2040.517979300801,1942.8694291362413,2010.2132568359375,1268400,0.0,0.0
2015-07-30 00:00:00+09:00,1979.9085343710742,2016.9476396059072,1969.8069602161197,2010.2132568359375,970800,0.0,0.0
2015-07-31 00:00:00+09:00,2053.9868488501866,2128.0650630710134,2010.2133586287894,2027.04931640625,1379400,0.0,0.0
2015-08-03 00:00:00+09:00,2020.3150339142298,2053.986951146134,1996.7446918518972,2043.8853759765625,544600,0.0,0.0
2015-08-04 00:00:00+09:00,2043.8856719356256,2043.8856719356256,1979.9090199310508,2006.8465576171875,870400,0.0,0.0
2015-08-05 00:00:00+09:00,2013.5803149414062,2037.1506530761717,1990.0099768066405,2020.314697265625,554600,0.0,0.0
2015-08-06 00:00:00+09:00,2050.6195475260415,2148.268097408234,2037.1507820250497,2121.33056640625,1294000,0.0,0.0
2015-08-07 00:00:00+09:00,2121.330558680281,2144.900898221173,2107.861793228343,2128.06494140625,461200,0.0,0.0
2015-08-10 00:00:00+09:00,2097.7600203975553,2101.127211441532,2064.0881099577873,2087.658447265625,678800,0.0,0.0
2015-08-11 00:00:00+09:00,2087.658926911676,2117.9636532700715,2074.190159641278,2094.393310546875,419000,0.0,0.0
2015-08-12 00:00:00+09:00,2077.5571528807795,2097.7603018553086,2040.5180464274754,2057.35400390625,478600,0.0,0.0
2015-08-13 00:00:00+09:00,2043.8852300099409,2080.924336319841,2030.4164640790682,2064.08837890625,521800,0.0,0.0
2015-08-14 00:00:00+09:00,2067.455084507761,2084.291037964665,2043.8847496680962,2060.720703125,561800,0.0,0.0
2015-08-17 00:00:00+09:00,2084.291037964665,2084.291037964665,2043.8847496680962,2060.720703125,576200,0.0,0.0
2015-08-18 00:00:00+09:00,2060.7211196721096,2064.088311044123,2006.8460577198978,2016.9476318359375,530800,0.0,0.0
2015-08-19 00:00:00+09:00,2006.8464582672377,2016.9480343994555,1976.541729870585,1990.010498046875,569800,0.0,0.0
2015-08-20 00:00:00+09:00,1993.3777084220615,2003.4792846471732,1973.1745559718377,1976.541748046875,565400,0.0,0.0
2015-08-21 00:00:00+09:00,1939.5024757922536,1959.7056265817562,1905.830557809749,1912.56494140625,742600,0.0,0.0
2015-08-24 00:00:00+09:00,1865.4240119111582,1885.6271600546004,1808.181758838072,1811.5489501953125,1005600,0.0,0.0
2015-08-25 00:00:00+09:00,1767.7752861609827,1831.7519155649038,1717.2674208420974,1750.9393310546875,1390800,0.0,0.0
2015-08-26 00:00:00+09:00,1727.3688323573815,1801.4470278970741,1700.431306706584,1794.712646484375,1027400,0.0,0.0
2015-08-27 00:00:00+09:00,1814.9160487912734,1825.017622346698,1767.7753721992924,1784.611328125,957000,0.0,0.0
2015-08-28 00:00:00+09:00,1825.0175853587964,1855.3223054108798,1794.712865306713,1818.283203125,1915800,0.0,0.0
2015-08-31 00:00:00+09:00,1828.3852857902868,1851.9556301743237,1801.4477493513875,1804.81494140625,893400,0.0,0.0
2015-09-01 00:00:00+09:00,1821.6503315737782,1838.4862865790813,1757.673702553627,1761.0408935546875,945400,0.0,0.0
2015-09-02 00:00:00+09:00,1734.103365546203,1801.4471855674146,1720.6346015419606,1761.0408935546875,1039800,0.0,0.0
2015-09-03 00:00:00+09:00,1787.9783335201075,1865.4237227309598,1784.6111426848531,1848.5877685546875,1206000,0.0,0.0
2015-09-04 00:00:00+09:00,1851.9552115766394,1865.4239767517422,1818.2832986388823,1841.8536376953125,1387400,0.0,0.0
2015-09-07 00:00:00+09:00,1821.6508970917714,1828.3852811845322,1784.6117845815877,1808.18212890625,863600,0.0,0.0
2015-09-08 00:00:00+09:00,1835.1194857510654,1875.5257863547586,1828.3851023171167,1851.9554443359375,1021600,0.0,0.0
2015-09-09 00:00:00+09:00,1929.4005358886718,2023.6818884277343,1919.2989624023437,2020.314697265625,1458000,0.0,0.0
2015-09-10 00:00:00+09:00,1966.439868407392,2027.04931640625,1959.7054852964077,2027.04931640625,1438600,0.0,0.0
2015-09-11 00:00:00+09:00,1993.3773654869067,2084.2915358722894,1990.0101739911518,2057.35400390625,1802800,0.0,0.0
2015-09-14 00:00:00+09:00,2064.0883130270336,2144.9009060329863,2064.0883130270336,2121.33056640625,1473000,0.0,0.0
2015-09-15 00:00:00+09:00,2121.33056640625,2161.736862909226,2091.025844029018,2121.33056640625,1358600,0.0,0.0
2015-09-16 00:00:00+09:00,2121.330827706919,2155.002745607029,2094.3932933868314,2107.862060546875,1081800,0.0,0.0
2015-09-17 00:00:00+09:00,2134.7993595129415,2161.7368908632625,2084.2914882310897,2097.76025390625,834400,0.0,0.0
2015-09-18 00:00:00+09:00,2087.65849063271,2091.0256817466334,2043.8850061517014,2047.252197265625,907600,0.0,0.0
2015-09-24 00:00:00+09:00,2047.2523740004208,2057.3539482142387,2000.1116943359375,2000.1116943359375,874200,0.0,0.0
2015-09-25 00:00:00+09:00,2053.9867369280832,2084.2914592762027,1976.5413353717786,2016.9476318359375,972600,0.0,0.0
2015-09-28 00:00:00+09:00,2030.416545076676,2033.7837366937185,1983.2758624380797,1996.74462890625,508600,0.0,0.0
2015-09-29 00:00:00+09:00,1952.9713722511574,1956.33856427228,1902.463491934317,1909.1978759765625,710000,0.0,0.0
2015-09-30 00:00:00+09:00,1952.9712083604602,1963.0727835761177,1919.2992909749348,1939.50244140625,810000,0.0,0.0
2015-10-01 00:00:00+09:00,1936.1352496676975,1956.3384000990127,1899.0961405436199,1939.50244140625,761200,0.0,0.0
2015-10-02 00:00:00+09:00,1959.704952913942,1996.7440499621437,1939.5018090694684,1963.0721435546875,583400,0.0,0.0
2015-10-05 00:00:00+09:00,1905.8305115905655,1969.8071542057967,1905.8305115905655,1949.60400390625,794000,0.0,0.0
2015-10-06 00:00:00+09:00,1952.9709663722826,1963.0725403362771,1929.400627122962,1936.135009765625,1143800,0.0,0.0
2015-10-07 00:00:00+09:00,1929.4009313405268,1993.3775765333191,1915.9321639315178,1983.2760009765625,601600,0.0,0.0
2015-10-08 00:00:00+09:00,1996.7444110128254,2000.1116022624253,1963.072498516825,1973.174072265625,449200,0.0,0.0
2015-10-09 00:00:00+09:00,1990.0104935104782,2010.2136457288589,1963.0729572193043,1993.377685546875,934400,0.0,0.0
2015-10-13 00:00:00+09:00,2010.2131129022855,2050.6194066289645,2006.8459217583957,2030.416259765625,686200,0.0,0.0
2015-10-14 00:00:00+09:00,1996.7448039227222,2010.213571571442,1942.8697333278426,1956.3385009765625,665600,0.0,0.0
2015-10-15 00:00:00+09:00,1942.869475118523,1973.1741983006143,1926.033517795139,1969.8070068359375,714200,0.0,0.0
2015-10-16 00:00:00+09:00,1990.0097689353813,2006.8457229872881,1976.5410056938558,1986.642578125,424200,0.0,0.0
2015-10-19 00:00:00+09:00,1986.6431257459853,1990.0103174845378,1936.1352496676975,1939.50244140625,568400,0.0,0.0
2015-10-20 00:00:00+09:00,1939.502581402972,1942.8697733845745,1899.0962776237434,1926.0338134765625,584000,0.0,0.0
2015-10-21 00:00:00+09:00,1922.6661962392377,1986.6428297393174,1922.6661962392377,1979.908447265625,482800,0.0,0.0
2015-10-22 00:00:00+09:00,1969.8065248361788,1990.0096686806523,1952.9705716324509,1963.0721435546875,368400,0.0,0.0
2015-10-23 00:00:00+09:00,1996.7443591308593,2040.517844238281,1993.3771679687497,2020.314697265625,835800,0.0,0.0
2015-10-26 00:00:00+09:00,2043.8851706857859,2043.8851706857859,2000.1116826809832,2010.2132568359375,448400,0.0,0.0
2015-10-27 00:00:00+09:00,2016.9471938066172,2020.314384447363,1959.704952913942,1963.0721435546875,509200,0.0,0.0
2015-10-28 00:00:00+09:00,1969.8065248361788,1979.9080967584157,1939.5018090694684,1963.0721435546875,469400,0.0,0.0
2015-10-29 00:00:00+09:00,1996.7447001307467,2043.8853844508653,1990.0103166564438,2037.1510009765625,815600,0.0,0.0
2015-10-30 00:00:00+09:00,2003.4788740659678,2027.0492137608617,1973.1741516011045,2010.2132568359375,694600,0.0,0.0
2015-11-02 00:00:00+09:00,2144.9004704095178,2181.939568014706,2057.353512433619,2060.720703125,1558400,0.0,0.0
2015-11-04 00:00:00+09:00,2101.1274453250403,2121.330593837781,2084.2914882310897,2097.76025390625,809200,0.0,0.0
2015-11-05 00:00:00+09:00,2107.861568761214,2144.9006698097337,2094.3928047435707,2111.228759765625,700000,0.0,0.0
2015-11-06 00:00:00+09:00,2128.0651192370756,2188.6745688356,2124.6979275927133,2181.940185546875,904000,0.0,0.0
2015-11-09 00:00:00+09:00,2195.408156343563,2262.7519648203593,2188.673775495883,2249.283203125,1092200,0.0,0.0
2015-11-10 00:00:00+09:00,2225.713559577525,2282.9558145137094,2225.713559577525,2279.588623046875,739400,0.0,0.0
2015-11-11 00:00:00+09:00,2256.018294608911,2276.2214435158567,2239.1823371864566,2269.487060546875,655600,0.0,0.0
2015-11-12 00:00:00+09:00,2256.017832148379,2266.1194045311327,2218.9787334116145,2245.916259765625,786600,0.0,0.0
2015-11-13 00:00:00+09:00,2212.2448407395445,2245.9167561237077,2202.143266124295,2239.182373046875,700600,0.0,0.0
2015-11-16 00:00:00+09:00,2272.8544536389804,2319.9951386033445,2262.7528782894738,2303.1591796875,1416800,0.0,0.0
2015-11-17 00:00:00+09:00,2326.7294879538476,2353.667021823067,2323.362296220195,2330.0966796875,795200,0.0,0.0
2015-11-18 00:00:00+09:00,2336.83058055933,2357.0337267889495,2319.99462536798,2323.36181640625,670000,0.0,0.0
2015-11-19 00:00:00+09:00,2336.8307389825122,2417.643329379602,2336.8307389825122,2400.807373046875,1189600,0.0,0.0
2015-11-20 00:00:00+09:00,2367.135746360844,2370.502938034188,2323.362254607372,2363.7685546875,1032000,0.0,0.0
2015-11-24 00:00:00+09:00,2363.7682840323077,2400.8073881980563,2360.4010927445124,2387.338623046875,569800,0.0,0.0
2015-11-25 00:00:00+09:00,2367.135746360844,2380.60451305422,2333.463829627404,2363.7685546875,938800,0.0,0.0
2015-11-26 00:00:00+09:00,2373.870129707532,2390.706088074252,2360.4013630141562,2363.7685546875,478600,0.0,0.0
2015-11-27 00:00:00+09:00,2363.768393361096,2363.768393361096,2276.2214158292036,2293.057373046875,1255800,0.0,0.0
2015-11-30 00:00:00+09:00,2299.791259765625,2319.994404068105,2269.4865433119053,2299.791259765625,1073200,0.0,0.0
2015-12-01 00:00:00+09:00,2326.728785502265,2330.0959762193447,2282.9553061802253,2299.791259765625,852000,0.0,0.0
2015-12-02 00:00:00+09:00,2293.05744595765,2296.4246375082485,2218.9792318444806,2232.447998046875,1156000,0.0,0.0
2015-12-03 00:00:00+09:00,2175.2057696086604,2212.2448771406966,2138.1666620766246,2208.877685546875,1340600,0.0,0.0
2015-12-04 00:00:00+09:00,2175.2055551208587,2198.775893953438,2168.4711725972647,2185.30712890625,668800,0.0,0.0
2015-12-07 00:00:00+09:00,2218.9792318444806,2245.9167642492694,2212.2448487432835,2232.447998046875,867000,0.0,0.0
2015-12-08 00:00:00+09:00,2218.97900390625,2239.1821511345315,2212.2446214968227,2218.97900390625,549800,0.0,0.0
2015-12-09 00:00:00+09:00,2198.77587890625,2218.9790263387727,2188.6743051899884,2198.77587890625,798600,0.0,0.0
2015-12-10 00:00:00+09:00,2195.408702691641,2218.9790415242196,2178.5727463826556,2185.30712890625,419800,0.0,0.0
2015-12-11 00:00:00+09:00,2151.6347474563954,2181.9394622093023,2148.2675569282947,2171.837890625,1024600,0.0,0.0
2015-12-14 00:00:00+09:00,2124.6975167521614,2138.1662807252337,2097.7599888060167,2117.963134765625,1008400,0.0,0.0
2015-12-15 00:00:00+09:00,2074.190101485276,2077.5572932084665,2003.4790752982778,2043.8853759765625,1541600,0.0,0.0
2015-12-16 00:00:00+09:00,2047.2521722560975,2084.2912740567835,2030.4162168921494,2070.822509765625,951600,0.0,0.0
2015-12-17 00:00:00+09:00,2121.3303292632863,2124.697520262117,2097.759992271472,2114.595947265625,986800,0.0,0.0
2015-12-18 00:00:00+09:00,2104.494409653747,2144.900702319099,2070.8224990992867,2080.924072265625,1117200,0.0,0.0
2015-12-21 00:00:00+09:00,2070.8224990992867,2084.291263321071,2047.252161711165,2080.924072265625,518200,0.0,0.0
2015-12-22 00:00:00+09:00,2074.189700838415,2074.189700838415,2047.2521722560975,2070.822509765625,431000,0.0,0.0
2015-12-24 00:00:00+09:00,2097.760289692335,2107.86186412103,2060.7211834537866,2067.45556640625,582000,0.0,0.0
2015-12-25 00:00:00+09:00,2067.45556640625,2067.45556640625,2067.45556640625,2067.45556640625,0,0.0,0.0
2015-12-28 00:00:00+09:00,2064.0441231978566,2087.9256254497327,2053.809193661338,2074.279052734375,391800,40.0,0.0
2015-12-29 00:00:00+09:00,2067.45567890242,2094.7488231783595,2053.8091067644505,2087.925537109375,331600,0.0,0.0
2015-12-30 00:00:00+09:00,2115.2186591940253,2125.453588190125,2084.513872205725,2091.337158203125,412400,0.0,0.0
2016-01-04 00:00:00+09:00,2057.2205092486215,2087.92529296875,2023.1040828929229,2029.9273681640625,722600,0.0,0.0
2016-01-05 00:00:00+09:00,2026.5161802030457,2046.986040609137,2012.8696065989848,2016.28125,605800,0.0,0.0
2016-01-06 00:00:00+09:00,2033.3388571714745,2036.750499549279,1985.5758638822117,1995.810791015625,571800,0.0,0.0
2016-01-07 00:00:00+09:00,1995.8114587000377,2016.28131981491,1961.6950235085842,1968.518310546875,656000,0.0,0.0
2016-01-08 00:00:00+09:00,1948.048049150887,2040.1624052403336,1948.048049150887,2012.8692626953125,1167200,0.0,0.0
2016-01-12 00:00:00+09:00,1982.1647735595704,1988.9880602155415,1910.5202636718752,1910.520263671875,2137400,0.0,0.0
2016-01-13 00:00:00+09:00,1896.8733620068706,1934.4014321185173,1879.8151483197585,1924.16650390625,1742800,0.0,0.0
2016-01-14 00:00:00+09:00,1866.168627622316,1903.6966987445198,1845.6987706465686,1896.8734130859375,828200,0.0,0.0
2016-01-15 00:00:00+09:00,1910.520174050633,1924.1667467224233,1883.2270287070526,1886.638671875,1027200,0.0,0.0
2016-01-18 00:00:00+09:00,1859.3455810546877,1879.815440662629,1811.5825753028241,1859.3455810546875,1120000,0.0,0.0
2016-01-19 00:00:00+09:00,1872.9920555320946,1903.6968433277027,1859.345483178491,1893.4619140625,877200,0.0,0.0
2016-01-20 00:00:00+09:00,1893.4616328893082,1893.4616328893082,1821.817138671875,1821.817138671875,774800,0.0,0.0
2016-01-21 00:00:00+09:00,1890.05029296875,1985.5763005556182,1883.227006712545,1890.05029296875,1888600,0.0,0.0
2016-01-22 00:00:00+09:00,1944.6364783912434,1988.987836670342,1920.754977779421,1982.16455078125,1135200,0.0,0.0
2016-01-25 00:00:00+09:00,2012.8696065989848,2036.7511104060914,1975.3415291878173,2016.28125,1007600,0.0,0.0
2016-01-26 00:00:00+09:00,1982.1642215044071,2023.103930038061,1965.1060096153847,1995.810791015625,887600,0.0,0.0
2016-01-27 00:00:00+09:00,2043.5736462544053,2074.2784255804313,2023.1037933703878,2057.22021484375,1059800,0.0,0.0
2016-01-28 00:00:00+09:00,2023.1047137225114,2070.8677255135995,2012.8697826244213,2026.516357421875,732600,0.0,0.0
2016-01-29 00:00:00+09:00,2060.632763434461,2118.6307054516565,2012.869752361477,2104.984130859375,1505400,0.0,0.0
2016-02-01 00:00:00+09:00,2128.8651472929937,2149.335004478503,2087.9254329219743,2142.51171875,896200,0.0,0.0
2016-02-02 00:00:00+09:00,2108.395241979251,2149.334955415741,2091.3370280473796,2111.806884765625,838600,0.0,0.0
2016-02-03 00:00:00+09:00,2091.3366363171126,2104.9832049064576,2050.3969305490778,2057.22021484375,971600,0.0,0.0
2016-02-04 00:00:00+09:00,2040.1626864346592,2234.626353870739,1954.8716042258525,2139.100341796875,2385800,0.0,0.0
2016-02-05 00:00:00+09:00,2091.3367442255435,2125.453167459239,2060.6319633152175,2118.6298828125,1357400,0.0,0.0
2016-02-08 00:00:00+09:00,2067.4555114121163,2084.513725202645,1968.517871427048,1999.22265625,1635800,0.0,0.0
2016-02-09 00:00:00+09:00,1937.8130607809705,1951.4596316315406,1890.0500628039747,1907.1082763671875,1465800,0.0,0.0
2016-02-10 00:00:00+09:00,1934.4012917381372,1954.8711466771651,1811.5821621039697,1849.1102294921875,1140600,0.0,0.0
2016-02-12 00:00:00+09:00,1804.7590943567961,1814.9940230582524,1743.3495221480584,1756.99609375,1784800,0.0,0.0
2016-02-15 00:00:00+09:00,1825.229081876673,1842.2872975951466,1777.466077864947,1832.0523681640625,1201000,0.0,0.0
2016-02-16 00:00:00+09:00,1821.8173800116515,1838.8755951802998,1774.0543775394358,1784.289306640625,2028200,0.0,0.0
2016-02-17 00:00:00+09:00,1787.7012265402634,1821.8176621612608,1777.466295853964,1797.9361572265625,1307800,0.0,0.0
2016-02-18 00:00:00+09:00,1859.3454152443726,1886.6385589543818,1845.698843389368,1866.168701171875,909000,0.0,0.0
2016-02-19 00:00:00+09:00,1838.8754610519552,1852.5220321914874,1794.5241048484759,1804.759033203125,779200,0.0,0.0
2016-02-22 00:00:00+09:00,1797.9353204024465,1832.0517401444283,1797.9353204024465,1814.9935302734375,583000,0.0,0.0
2016-02-23 00:00:00+09:00,1821.817117224007,1855.933542640187,1811.582189599153,1825.228759765625,764000,0.0,0.0
2016-02-24 00:00:00+09:00,1811.582652077746,1838.8757993783522,1797.9360784274427,1828.640869140625,676400,0.0,0.0
2016-02-25 00:00:00+09:00,1862.7571262668919,1903.6968433277027,1855.9338400900901,1893.4619140625,936200,0.0,0.0
2016-02-26 00:00:00+09:00,1900.2847196744074,1920.754573028171,1849.1100862899978,1852.521728515625,664400,0.0,0.0
2016-02-29 00:00:00+09:00,1862.757156457315,1893.4619447505672,1832.0523681640625,1832.0523681640625,684800,0.0,0.0
2016-03-01 00:00:00+09:00,1832.0525229519264,1862.7573138393889,1797.9360886325237,1845.6990966796875,851200,0.0,0.0
2016-03-02 00:00:00+09:00,1893.461770256646,1934.4014842081413,1879.8151989394812,1896.8734130859375,837800,0.0,0.0
2016-03-03 00:00:00+09:00,1896.8735925507128,1948.0482398317572,1896.8735925507128,1944.6365966796875,588400,0.0,0.0
2016-03-04 00:00:00+09:00,1961.6943672375803,2006.0457181490385,1954.8710824819714,1995.810791015625,552000,0.0,0.0
2016-03-07 00:00:00+09:00,1988.9881160084794,1988.9881160084794,1930.9901778058309,1958.2833251953125,698200,0.0,0.0
2016-03-08 00:00:00+09:00,1958.282989125193,1965.1062748015875,1893.461775199446,1934.4014892578125,870800,0.0,0.0
2016-03-09 00:00:00+09:00,1913.931974181581,1913.931974181581,1866.1689659132348,1900.285400390625,729600,0.0,0.0
2016-03-10 00:00:00+09:00,1924.1667377672698,1954.8715261358964,1913.9318083110609,1944.6365966796875,661800,0.0,0.0
2016-03-11 00:00:00+09:00,1910.5203707214037,1982.1648846234564,1907.1087272022583,1968.518310546875,1137400,0.0,0.0
2016-03-14 00:00:00+09:00,2016.2812059540108,2023.1044926069856,1968.5181993831882,1985.576416015625,512600,0.0,0.0
2016-03-15 00:00:00+09:00,1988.988171661747,1995.8114587000377,1958.2833799894388,1968.518310546875,431600,0.0,0.0
2016-03-16 00:00:00+09:00,1958.2833925370787,1975.3416102421056,1937.8135312910465,1948.0484619140625,601000,0.0,0.0
2016-03-17 00:00:00+09:00,1965.1067119565216,2002.6347915251358,1930.9902759850543,1961.695068359375,480000,0.0,0.0
2016-03-18 00:00:00+09:00,1951.4599274111467,1975.3414300193251,1930.990068032708,1937.8133544921875,391000,0.0,0.0
2016-03-22 00:00:00+09:00,1968.517906059653,2012.8692626953125,1961.6946204233977,2012.8692626953125,799600,0.0,0.0
2016-03-23 00:00:00+09:00,2006.0457238706283,2012.8690086456984,1968.5176576077424,1975.3409423828125,448600,0.0,0.0
2016-03-24 00:00:00+09:00,1975.3409423828125,1995.810796708023,1951.459445670067,1975.3409423828125,549600,0.0,0.0
2016-03-25 00:00:00+09:00,2016.2806728059445,2016.2806728059445,1961.6943940159358,1971.9293212890625,396800,0.0,0.0
2016-03-28 00:00:00+09:00,1982.1645507812498,1988.987836670342,1961.6946931139737,1982.16455078125,487000,0.0,0.0
2016-03-29 00:00:00+09:00,1978.7531293626503,2002.6346326480616,1971.9298427096755,1985.576416015625,551400,0.0,0.0
2016-03-30 00:00:00+09:00,1988.9875334109402,1988.9875334109402,1954.8711091671848,1971.9293212890625,492600,0.0,0.0
2016-03-31 00:00:00+09:00,1975.34162012736,2002.6347685919868,1965.106689453125,1965.106689453125,537200,0.0,0.0
2016-04-01 00:00:00+09:00,1978.7527877050088,1992.3993586546985,1907.1082902191379,1924.16650390625,738800,0.0,0.0
2016-04-04 00:00:00+09:00,1917.343270061685,1930.9898413788499,1883.2268417687724,1896.8734130859375,606600,0.0,0.0
2016-04-05 00:00:00+09:00,1883.226682973131,1890.0499680563669,1818.405474682389,1825.228759765625,706200,0.0,0.0
2016-04-06 00:00:00+09:00,1818.4053688331885,1876.4032886646412,1814.9937264901619,1842.286865234375,832000,0.0,0.0
2016-04-07 00:00:00+09:00,1835.4636017581747,1869.5800255826762,1828.6403169932746,1838.875244140625,552200,0.0,0.0
2016-04-08 00:00:00+09:00,1818.4054201886952,1896.8731962943987,1808.1704928705599,1872.99169921875,773800,0.0,0.0
2016-04-11 00:00:00+09:00,1852.5222945187072,1866.1688675906682,1814.9942185708144,1859.3455810546875,483800,0.0,0.0
2016-04-12 00:00:00+09:00,1832.0518543019014,1879.8148449168484,1821.8169277415554,1855.933349609375,627600,0.0,0.0
2016-04-13 00:00:00+09:00,1890.0501323612489,1948.0480606106014,1883.2268466848545,1934.4014892578125,760800,0.0,0.0
2016-04-14 00:00:00+09:00,1975.3408738739638,2012.8689388352998,1968.517589335539,2006.045654296875,663400,0.0,0.0
2016-04-15 00:00:00+09:00,2006.0456542968752,2019.6922233737246,1992.3990852200257,2006.045654296875,479800,0.0,0.0
2016-04-18 00:00:00+09:00,1965.1060152202074,1988.9875119329529,1954.871088057602,1975.3409423828125,819800,0.0,0.0
2016-04-19 00:00:00+09:00,2009.4573704252307,2033.3388671875,1999.2224432414012,2033.3388671875,565800,0.0,0.0
2016-04-20 00:00:00+09:00,2050.3974390378426,2081.102225978509,2046.9857960444353,2053.80908203125,542000,0.0,0.0
2016-04-21 00:00:00+09:00,2087.926140020078,2087.926140020078,2057.2213438433123,2070.867919921875,501600,0.0,0.0
2016-04-22 00:00:00+09:00,2040.1622038029443,2064.043701171875,2019.6923489152894,2064.043701171875,656200,0.0,0.0
2016-04-25 00:00:00+09:00,2091.337158203125,2101.5720871992253,2060.6323712148246,2091.337158203125,509600,0.0,0.0
2016-04-26 00:00:00+09:00,2067.455610060534,2077.69053882321,2040.162466693398,2060.63232421875,457600,0.0,0.0
2016-04-27 00:00:00+09:00,2074.279052734375,2091.337268628572,2053.809193661338,2074.279052734375,596800,0.0,0.0
2016-04-28 00:00:00+09:00,2098.1600623497598,2122.0415589943914,1975.3409367487982,1995.810791015625,848000,0.0,0.0
2016-05-02 00:00:00+09:00,1722.8796649909364,1726.2913078919084,1654.6468069714933,1661.4700927734375,2287200,0.0,0.0
2016-05-06 00:00:00+09:00,1712.6445098937625,1726.2910796937128,1671.7048004939115,1716.05615234375,1849000,0.0,0.0
2016-05-09 00:00:00+09:00,1733.1148458604493,1753.584706244628,1726.2915590657233,1736.5264892578125,1319400,0.0,0.0
2016-05-10 00:00:00+09:00,1743.3497423275496,1770.6428889784702,1712.644952345264,1760.407958984375,963400,0.0,0.0
2016-05-11 00:00:00+09:00,1780.877864140017,1797.9360812294808,1750.1730733789823,1753.584716796875,860800,0.0,0.0
2016-05-12 00:00:00+09:00,1743.3497865431968,1760.4080036326604,1733.1148562895185,1753.584716796875,641200,0.0,0.0
2016-05-13 00:00:00+09:00,1770.6428213044414,1770.6428213044414,1722.8798164908342,1733.11474609375,745600,0.0,0.0
2016-05-16 00:00:00+09:00,1739.9380989961846,1791.1127489666605,1733.1148123334544,1760.407958984375,684800,0.0,0.0
2016-05-17 00:00:00+09:00,1774.0547642031847,1787.70133931244,1760.4081890939296,1780.8780517578125,505200,0.0,0.0
2016-05-18 00:00:00+09:00,1835.4638182670722,1835.4638182670722,1791.1124620635928,1804.759033203125,683200,0.0,0.0
2016-05-19 00:00:00+09:00,1818.4057369779218,1821.8173800116515,1774.0543775394358,1784.289306640625,608800,0.0,0.0
2016-05-20 00:00:00+09:00,1794.523947172619,1801.3472321428571,1780.8773772321429,1791.1123046875,553600,0.0,0.0
2016-05-23 00:00:00+09:00,1774.054509943182,1814.9942294034092,1760.4079367897727,1801.34765625,695000,0.0,0.0
2016-05-24 00:00:00+09:00,1797.9356405993972,1838.8753515807878,1791.1123554358321,1821.817138671875,917600,0.0,0.0
2016-05-25 00:00:00+09:00,1825.2287295386905,1838.8752994791666,1780.8773772321429,1791.1123046875,668600,0.0,0.0
2016-05-26 00:00:00+09:00,1797.9356905280865,1814.993903910706,1784.2891198219909,1794.5240478515625,435400,0.0,0.0
2016-05-27 00:00:00+09:00,1794.5245136644628,1811.5827314749615,1787.7012265402634,1797.9361572265625,429000,0.0,0.0
2016-05-30 00:00:00+09:00,1808.170246325041,1821.8168142218337,1791.1120364540502,1814.9935302734375,400600,0.0,0.0
2016-05-31 00:00:00+09:00,1801.3472831811798,1832.0520664172227,1797.9356405993972,1821.817138671875,592200,0.0,0.0
2016-06-01 00:00:00+09:00,1801.347499701813,1808.1707856855319,1777.4659987587966,1787.700927734375,702400,0.0,0.0
2016-06-02 00:00:00+09:00,1787.7011402182588,1794.5244270129851,1726.2915590657233,1736.5264892578125,1136000,0.0,0.0
2016-06-03 00:00:00+09:00,1726.2909944372536,1743.3492058447364,1712.6444253112675,1729.70263671875,500800,0.0,0.0
2016-06-06 00:00:00+09:00,1705.8210618425123,1729.7025567083076,1702.4094197188274,1722.8792724609375,497600,0.0,0.0
2016-06-07 00:00:00+09:00,1716.0564055721045,1729.7029773857992,1688.7632619447152,1695.5865478515625,1031800,0.0,0.0
2016-06-08 00:00:00+09:00,1688.763054944798,1722.8794802972182,1685.351412409556,1709.23291015625,822000,0.0,0.0
2016-06-09 00:00:00+09:00,1698.998190804986,1705.8214767118334,1678.528333084444,1695.5865478515625,712000,0.0,0.0
2016-06-10 00:00:00+09:00,1705.8213616582868,1705.8213616582868,1658.0583635318549,1675.1165771484375,851400,0.0,0.0
2016-06-13 00:00:00+09:00,1641.0002177050158,1641.0002177050158,1606.8837890625,1606.8837890625,526600,0.0,0.0
2016-06-14 00:00:00+09:00,1606.8836740801412,1620.530244560652,1583.0021757392474,1586.413818359375,771800,0.0,0.0
2016-06-15 00:00:00+09:00,1569.3558583361037,1613.7072195499502,1562.532571995512,1603.4722900390625,987400,0.0,0.0
2016-06-16 00:00:00+09:00,1596.648977980582,1596.648977980582,1531.8277587890625,1531.8277587890625,882200,0.0,0.0
2016-06-17 00:00:00+09:00,1555.70925051511,1569.3558228880495,1542.0626781421704,1552.297607421875,1040400,0.0,0.0
2016-06-20 00:00:00+09:00,1572.767105822911,1596.648602006773,1562.53217888697,1589.8253173828125,1769800,0.0,0.0
2016-06-21 00:00:00+09:00,1579.590920020794,1596.6491372996363,1562.5327027419519,1583.0025634765625,1330000,0.0,0.0
2016-06-22 00:00:00+09:00,1579.5904969982882,1579.5904969982882,1559.1206417456108,1572.7672119140625,1167000,0.0,0.0
2016-06-23 00:00:00+09:00,1583.002182904412,1583.002182904412,1548.8857565487133,1565.9439697265625,1241800,0.0,0.0
2016-06-24 00:00:00+09:00,1583.0024736512382,1596.649046699956,1443.1250999018832,1446.5367431640625,1506800,0.0,0.0
2016-06-27 00:00:00+09:00,1473.829821977459,1487.4763944031763,1432.8901047003073,1456.7716064453125,971400,0.0,0.0
2016-06-28 00:00:00+09:00,1432.4341806265024,1463.7252185528096,1401.1431427001953,1446.34130859375,1265200,40.0,0.0
2016-06-29 00:00:00+09:00,1456.7715612764382,1484.5858154296875,1435.9108706615011,1484.5858154296875,834600,0.0,0.0
2016-06-30 00:00:00+09:00,1495.0162339154413,1508.9233616727943,1474.1555422794117,1477.63232421875,873400,0.0,0.0
2016-07-01 00:00:00+09:00,1481.1091562906902,1505.446630689833,1477.6323742336697,1501.9698486328125,605400,0.0,0.0
2016-07-04 00:00:00+09:00,1484.5860829694716,1508.923559739463,1474.1557357823326,1505.44677734375,444600,0.0,0.0
2016-07-05 00:00:00+09:00,1495.016138205119,1501.969701638631,1484.5857930548507,1498.492919921875,378000,0.0,0.0
2016-07-06 00:00:00+09:00,1474.155517578125,1481.109081340286,1449.8180444105617,1474.155517578125,654600,0.0,0.0
2016-07-07 00:00:00+09:00,1484.5858880974265,1495.0162339154413,1463.7251964613972,1477.63232421875,675600,0.0,0.0
2016-07-08 00:00:00+09:00,1477.6321484141372,1501.9696190938996,1453.294677734375,1453.294677734375,1128400,0.0,0.0
2016-07-11 00:00:00+09:00,1453.294677734375,1453.294677734375,1453.294677734375,1453.294677734375,0,0.0,0.0
2016-07-12 00:00:00+09:00,1543.69091796875,1568.0283873961853,1529.7837925816443,1543.69091796875,747800,0.0,0.0
2016-07-13 00:00:00+09:00,1592.3661616810582,1599.3197257058664,1574.982251619038,1585.41259765625,615200,0.0,0.0
2016-07-14 00:00:00+09:00,1588.88899765835,1616.7032470703125,1585.4122164818548,1616.7032470703125,566400,0.0,0.0
2016-07-15 00:00:00+09:00,1634.087075237588,1651.4709802933069,1602.7960461372936,1606.2728271484375,907400,0.0,0.0
2016-07-19 00:00:00+09:00,1627.133816875989,1658.4248518159118,1623.6570352159974,1647.9945068359375,846200,0.0,0.0
2016-07-20 00:00:00+09:00,1644.5173984249261,1651.470960363298,1602.7960267946955,1620.179931640625,749400,0.0,0.0
2016-07-21 00:00:00+09:00,1654.948265980866,1658.4250480522544,1630.6107914811473,1641.0411376953125,833600,0.0,0.0
2016-07-22 00:00:00+09:00,1616.7032977804638,1634.0872042082108,1609.749735209365,1623.6568603515625,625400,0.0,0.0
2016-07-25 00:00:00+09:00,1623.6568856524607,1637.5640110113682,1613.22654163328,1627.1336669921875,461800,0.0,0.0
2016-07-26 00:00:00+09:00,1613.2268537554826,1620.1804177802906,1578.459033631442,1585.41259765625,478200,0.0,0.0
2016-07-27 00:00:00+09:00,1592.3661151754443,1634.0874981058055,1585.4125513537176,1613.226806640625,802600,0.0,0.0
2016-07-28 00:00:00+09:00,1613.2266164079088,1665.3783389210955,1599.3194904043924,1637.5640869140625,813000,0.0,0.0
2016-07-29 00:00:00+09:00,1613.226832613032,1647.9946522814162,1599.319704745678,1634.0875244140625,589400,0.0,0.0
2016-08-01 00:00:00+09:00,1557.598361545139,1574.982271830241,1498.4930665757922,1501.9698486328125,1160200,0.0,0.0
2016-08-02 00:00:00+09:00,1488.062720404731,1533.260887145996,1484.5859383477105,1501.9698486328125,891800,0.0,0.0
2016-08-03 00:00:00+09:00,1481.1092285156249,1515.8770507812499,1477.6324462890625,1495.016357421875,846200,0.0,0.0
2016-08-04 00:00:00+09:00,1505.4465866427952,1568.0286618381076,1505.4465866427952,1564.5518798828125,992400,0.0,0.0
2016-08-05 00:00:00+09:00,1564.5518075048396,1599.3196254493917,1564.5518075048396,1571.50537109375,701400,0.0,0.0
2016-08-08 00:00:00+09:00,1595.8426596960787,1637.5640364201593,1592.3658783024055,1630.6104736328125,564600,0.0,0.0
2016-08-09 00:00:00+09:00,1620.180179409667,1644.5176499158208,1620.180179409667,1637.5640869140625,448000,0.0,0.0
2016-08-10 00:00:00+09:00,1620.1800790660131,1634.0872042082108,1616.7032977804638,1623.6568603515625,454600,0.0,0.0
2016-08-12 00:00:00+09:00,1647.9944314166999,1647.9944314166999,1616.7033979087878,1637.5640869140625,485600,0.0,0.0
2016-08-15 00:00:00+09:00,1609.749760293553,1627.1336669921875,1602.7961976140994,1627.1336669921875,397600,0.0,0.0
2016-08-16 00:00:00+09:00,1627.133909287257,1644.517818574514,1609.75,1609.75,421400,0.0,0.0
2016-08-17 00:00:00+09:00,1599.319587787829,1654.9480951891449,1588.8892426500822,1651.4713134765625,522800,0.0,0.0
2016-08-18 00:00:00+09:00,1620.1799316406248,1641.0406174557402,1606.2728077638812,1620.179931640625,587400,0.0,0.0
2016-08-19 00:00:00+09:00,1641.0412351464022,1665.37871109137,1630.6108883128445,1654.9483642578125,442600,0.0,0.0
2016-08-22 00:00:00+09:00,1665.37871109137,1665.37871109137,1637.5644528685496,1654.9483642578125,300800,0.0,0.0
2016-08-23 00:00:00+09:00,1634.0872296716414,1637.5640110113682,1613.22654163328,1627.1336669921875,497600,0.0,0.0
2016-08-24 00:00:00+09:00,1623.65670598348,1679.2852012634278,1623.65670598348,1668.8548583984375,816600,0.0,0.0
2016-08-25 00:00:00+09:00,1679.2854295976322,1703.622899591801,1668.8550853144172,1700.1461181640625,877200,0.0,0.0
2016-08-26 00:00:00+09:00,1727.9603951590402,1752.297865513393,1696.6693618463012,1703.6229248046875,1238600,0.0,0.0
2016-08-29 00:00:00+09:00,1738.3909450741264,1783.5891096460537,1734.9141631839782,1766.2052001953125,610600,0.0,0.0
2016-08-30 00:00:00+09:00,1755.7744651057076,1776.6351518198348,1748.8209028676654,1762.72802734375,413400,0.0,0.0
2016-08-31 00:00:00+09:00,1783.5890167765533,1818.3568338677144,1776.6354533583212,1804.44970703125,637400,0.0,0.0
2016-09-01 00:00:00+09:00,1790.5425801947856,1807.926488740366,1773.1586716492052,1804.44970703125,501200,0.0,0.0
2016-09-02 00:00:00+09:00,1794.0195302944594,1794.0195302944594,1759.2517099399156,1776.6356201171875,477000,0.0,0.0
2016-09-05 00:00:00+09:00,1797.4963865762554,1800.9731687553196,1780.1124756809338,1787.0660400390625,296600,0.0,0.0
2016-09-06 00:00:00+09:00,1787.0658207865597,1807.9265113015779,1783.5890390340567,1790.5426025390625,432400,0.0,0.0
2016-09-07 00:00:00+09:00,1766.2053469646764,1804.449950934384,1766.2053469646764,1787.0660400390625,623800,0.0,0.0
2016-09-08 00:00:00+09:00,1797.4963623989504,1804.4499266635498,1780.112451737452,1800.97314453125,466600,0.0,0.0
2016-09-09 00:00:00+09:00,1814.8804690311601,1821.8340340466052,1794.019773984825,1811.4036865234375,755000,0.0,0.0
2016-09-12 00:00:00+09:00,1787.0658683776855,1800.9729957580566,1773.1587409973145,1780.1123046875,560200,0.0,0.0
2016-09-13 00:00:00+09:00,1790.5424768784467,1794.0192583869486,1762.728224810432,1773.1585693359375,362400,0.0,0.0
2016-09-14 00:00:00+09:00,1752.2975112159654,1776.6349766495205,1745.3439496635212,1755.7742919921875,528400,0.0,0.0
2016-09-15 00:00:00+09:00,1759.2513315054086,1863.5547701322116,1759.2513315054086,1807.92626953125,1252800,0.0,0.0
2016-09-16 00:00:00+09:00,1780.1123046875,1807.9265594482422,1769.6819591522217,1780.1123046875,621400,0.0,0.0
2016-09-20 00:00:00+09:00,1762.7285410759532,1811.4034909281493,1745.3446304144547,1800.97314453125,604600,0.0,0.0
2016-09-21 00:00:00+09:00,1790.5423676990326,1825.3101806640623,1759.2513360305059,1825.3101806640625,1003000,0.0,0.0
2016-09-23 00:00:00+09:00,1832.2637432570684,1835.7405245535713,1800.9727115885416,1825.3101806640625,482200,0.0,0.0
2016-09-26 00:00:00+09:00,1807.9265594482422,1811.403341293335,1776.6355228424072,1780.1123046875,530600,0.0,0.0
2016-09-27 00:00:00+09:00,1769.6820110291924,1821.8337402343748,1766.2052290821803,1821.833740234375,522800,0.0,0.0
2016-09-28 00:00:00+09:00,1818.3566180710563,1825.3101806640623,1800.9727115885416,1825.3101806640625,463400,0.0,0.0
2016-09-29 00:00:00+09:00,1835.7409667968748,1849.6480953332148,1821.833838260535,1835.740966796875,374400,0.0,0.0
2016-09-30 00:00:00+09:00,1814.8798321063703,1814.8798321063703,1794.0191443810097,1807.92626953125,470600,0.0,0.0
2016-10-03 00:00:00+09:00,1804.4497776031494,1811.403341293335,1776.6355228424072,1780.1123046875,488800,0.0,0.0
2016-10-04 00:00:00+09:00,1797.496313287306,1814.880223473837,1780.112403100775,1794.01953125,616200,0.0,0.0
2016-10-05 00:00:00+09:00,1807.926904015715,1821.8340340466052,1790.5429914771023,1811.4036865234375,427800,0.0,0.0
2016-10-06 00:00:00+09:00,1835.7409667968748,1839.21774893096,1818.3570561264498,1835.740966796875,377000,0.0,0.0
2016-10-07 00:00:00+09:00,1839.217061884263,1894.8455552493826,1839.217061884263,1891.3687744140625,686600,0.0,0.0
2016-10-11 00:00:00+09:00,1891.3690482954546,1919.1832990056819,1887.8922669566762,1912.229736328125,556600,0.0,0.0
2016-10-12 00:00:00+09:00,1901.799090924623,1908.7526525002158,1887.8919677734375,1887.8919677734375,416600,0.0,0.0
2016-10-13 00:00:00+09:00,1884.4155447496482,1887.8923261975258,1849.6477302708724,1853.12451171875,560800,0.0,0.0
2016-10-14 00:00:00+09:00,1828.787402528705,1846.1713131991298,1818.3570561264498,1835.740966796875,605200,0.0,0.0
2016-10-17 00:00:00+09:00,1842.6938175320845,1894.8455293490304,1835.7402559564916,1887.8919677734375,500400,0.0,0.0
2016-10-18 00:00:00+09:00,1891.3687744140627,1905.2758977553426,1863.554527731503,1891.3687744140625,501000,0.0,0.0
2016-10-19 00:00:00+09:00,1898.3227141624272,1946.9976555512073,1884.4155880513472,1943.5208740234375,652800,0.0,0.0
2016-10-20 00:00:00+09:00,1940.043975180768,1964.3814444034658,1922.6600685931267,1960.9046630859375,652000,0.0,0.0
2016-10-21 00:00:00+09:00,1981.7654273623514,1992.19577171689,1964.381520104787,1971.3350830078125,594600,0.0,0.0
2016-10-24 00:00:00+09:00,1974.8117470907998,1995.672434560069,1967.8581846010436,1988.7188720703125,513800,0.0,0.0
2016-10-25 00:00:00+09:00,1992.1961430858698,2013.0568356836277,1992.1961430858698,2006.103271484375,667200,0.0,0.0
2016-10-26 00:00:00+09:00,1988.7188878982572,1995.672450443356,1936.5671688100163,1957.4278564453125,855600,0.0,0.0
2016-10-27 00:00:00+09:00,1971.3350830078125,1978.2886459108383,1940.0440499441966,1971.3350830078125,462400,0.0,0.0
2016-10-28 00:00:00+09:00,1999.1499023437498,2002.6266847826087,1971.3356428328802,1999.14990234375,444800,0.0,0.0
2016-10-31 00:00:00+09:00,1992.1961178220092,1995.672899877545,1960.905079322187,1985.2425537109375,445000,0.0,0.0
2016-11-01 00:00:00+09:00,1964.3814189904115,1974.8117628080597,1919.1832624472693,1957.4278564453125,677800,0.0,0.0
2016-11-02 00:00:00+09:00,1946.9976555512073,1971.3351262455974,1933.0905294401273,1943.5208740234375,438200,0.0,0.0
2016-11-04 00:00:00+09:00,1946.9975378158244,1960.9046630859375,1926.136849910655,1960.9046630859375,480400,0.0,0.0
2016-11-07 00:00:00+09:00,1974.8120614035088,2013.0566611842105,1971.3352796052632,1981.765625,450400,0.0,0.0
2016-11-08 00:00:00+09:00,1981.765376538302,1981.765376538302,1960.9046883642145,1964.3814697265625,340800,0.0,0.0
2016-11-09 00:00:00+09:00,1971.335363955898,1985.2424917439466,1783.589138817241,1821.833740234375,800800,0.0,0.0
2016-11-10 00:00:00+09:00,1943.521020943778,1953.9513663155692,1919.1835484095982,1946.997802734375,545400,0.0,0.0
2016-11-11 00:00:00+09:00,1971.3347096290454,1978.2882712150385,1929.6133401130867,1953.9508056640625,632400,0.0,0.0
2016-11-14 00:00:00+09:00,1929.6140880316077,1985.2426022811676,1919.1837416098151,1974.812255859375,456600,0.0,0.0
2016-11-15 00:00:00+09:00,1971.33542463215,1988.7193349022748,1957.4282964160502,1967.858642578125,319400,0.0,0.0
2016-11-16 00:00:00+09:00,1995.672899877545,1999.1496819330807,1981.7657716554017,1985.2425537109375,416800,0.0,0.0
2016-11-17 00:00:00+09:00,1999.1497308435576,1999.1497308435576,1960.905127296985,1974.812255859375,487000,0.0,0.0
2016-11-18 00:00:00+09:00,1988.7189020599046,2013.0563711410573,1985.242120762597,2009.57958984375,625600,0.0,0.0
2016-11-21 00:00:00+09:00,2013.0567639494595,2033.9174558038583,2009.5799819737265,2030.440673828125,336400,0.0,0.0
2016-11-22 00:00:00+09:00,2051.301025390625,2054.777806789592,2033.9171183957892,2051.301025390625,383400,0.0,0.0
2016-11-24 00:00:00+09:00,2033.916952252187,2065.207982286836,2020.009827792343,2061.731201171875,430200,0.0,0.0
2016-11-25 00:00:00+09:00,2075.6384530466134,2103.452703673704,2068.6848903898413,2079.115234375,721600,0.0,0.0
2016-11-28 00:00:00+09:00,2086.068771592337,2093.022334164311,2058.2545213044386,2075.638427734375,337000,0.0,0.0
2016-11-29 00:00:00+09:00,2065.208276982668,2075.6386218159137,2054.777932149422,2068.68505859375,360400,0.0,0.0
2016-11-30 00:00:00+09:00,2089.5456370869624,2134.7437956262806,2089.5456370869624,2120.836669921875,563600,0.0,0.0
2016-12-01 00:00:00+09:00,2155.604857405996,2166.0352034902185,2134.7441652375505,2138.220947265625,524600,0.0,0.0
2016-12-02 00:00:00+09:00,2127.7906011814025,2148.6512933498475,2117.3602550971796,2138.220947265625,367200,0.0,0.0
2016-12-05 00:00:00+09:00,2134.744384765625,2148.651514308072,2117.3604728375662,2134.744384765625,292400,0.0,0.0
2016-12-06 00:00:00+09:00,2162.558112422122,2207.7562723280507,2159.081330890897,2197.325927734375,801600,0.0,0.0
2016-12-07 00:00:00+09:00,2186.8954909752156,2218.1865234375,2179.941928205819,2218.1865234375,590000,0.0,0.0
2016-12-08 00:00:00+09:00,2228.616918182373,2287.722203063965,2221.663355255127,2225.14013671875,1085200,0.0,0.0
2016-12-09 00:00:00+09:00,2252.9546640985022,2266.861791654666,2242.5243184313795,2263.385009765625,754200,0.0,0.0
2016-12-12 00:00:00+09:00,2287.722803331661,2312.060279962849,2252.9549795728212,2273.815673828125,622600,0.0,0.0
2016-12-13 00:00:00+09:00,2263.3849641976476,2294.676000569044,2232.0939278262517,2291.19921875,483000,0.0,0.0
2016-12-14 00:00:00+09:00,2277.291555186929,2291.198679188071,2263.384431185788,2284.2451171875,492200,0.0,0.0
2016-12-15 00:00:00+09:00,2291.1995116448797,2312.060205225865,2270.3388180638945,2298.153076171875,602800,0.0,0.0
2016-12-16 00:00:00+09:00,2315.5366955402183,2325.967041015625,2301.6295682396767,2325.967041015625,485000,0.0,0.0
2016-12-19 00:00:00+09:00,2312.059764372997,2315.5365459735576,2291.1990747696314,2305.106201171875,383200,0.0,0.0
2016-12-20 00:00:00+09:00,2273.8151540326107,2273.8151540326107,2228.6169934784457,2235.570556640625,656400,0.0,0.0
2016-12-21 00:00:00+09:00,2256.431246127163,2256.431246127163,2221.6634303162664,2235.570556640625,475600,0.0,0.0
2016-12-22 00:00:00+09:00,2242.5240946261683,2249.4776577102803,2221.6634053738317,2232.09375,405400,0.0,0.0
2016-12-26 00:00:00+09:00,2232.0934803407763,2239.0470425848284,2214.7095747306457,2228.61669921875,292000,0.0,0.0
2016-12-27 00:00:00+09:00,2252.9540501644738,2266.8611739309213,2242.5237073396383,2246.00048828125,407600,0.0,0.0
2016-12-28 00:00:00+09:00,2246.0003930625976,2263.6022770207683,2235.439262687695,2256.5615234375,265200,40.0,0.0
2016-12-29 00:00:00+09:00,2228.3990234375,2249.5212890625003,2203.756380208333,2217.837890625,579800,0.0,0.0
2016-12-30 00:00:00+09:00,2196.715641070016,2231.9194173692144,2186.154508180256,2224.878662109375,393600,0.0,0.0
2017-01-04 00:00:00+09:00,2235.440079366266,2298.806884765625,2235.440079366266,2298.806884765625,372400,0.0,0.0
2017-01-05 00:00:00+09:00,2288.2448367659154,2295.2855901098105,2274.163330078125,2274.163330078125,357800,0.0,0.0
2017-01-06 00:00:00+09:00,2260.081900229134,2270.6430306040365,2242.4800162709635,2256.5615234375,376000,0.0,0.0
2017-01-10 00:00:00+09:00,2235.439811249261,2267.1232101488567,2224.8786782827287,2231.91943359375,521400,0.0,0.0
2017-01-11 00:00:00+09:00,2249.5211097454203,2260.0822417160557,2235.439600451239,2246.000732421875,353800,0.0,0.0
2017-01-12 00:00:00+09:00,2246.000549413134,2249.5209264498317,2221.35791015625,2221.35791015625,388400,0.0,0.0
2017-01-13 00:00:00+09:00,2214.317674243356,2246.001074987697,2203.756540661909,2235.43994140625,587200,0.0,0.0
2017-01-16 00:00:00+09:00,2217.837692481884,2224.8784470611918,2182.633919585346,2186.154296875,550600,0.0,0.0
2017-01-17 00:00:00+09:00,2179.1141986753273,2186.154955375409,2143.910415174918,2150.951171875,497800,0.0,0.0
2017-01-18 00:00:00+09:00,2129.82870587267,2175.593620213736,2122.7879498201987,2172.0732421875,517400,0.0,0.0
2017-01-19 00:00:00+09:00,2179.1141729110327,2207.2771993783804,2179.1141729110327,2196.716064453125,356800,0.0,0.0
2017-01-20 00:00:00+09:00,2210.7968474911972,2253.0413732394363,2210.7968474911972,2249.52099609375,652000,0.0,0.0
2017-01-23 00:00:00+09:00,2224.8786458333334,2235.4397786458335,2200.2360026041665,2217.837890625,463000,0.0,0.0
2017-01-24 00:00:00+09:00,2186.1545248447596,2200.2360354717794,2175.5933918744954,2179.11376953125,661600,0.0,0.0
2017-01-25 00:00:00+09:00,2214.3169266550167,2281.20408342202,2214.3169266550167,2274.163330078125,754000,0.0,0.0
2017-01-26 00:00:00+09:00,2305.847362840032,2341.051139371941,2291.7658522272686,2337.53076171875,652400,0.0,0.0
2017-01-27 00:00:00+09:00,2341.0509452250467,2362.1732093924907,2323.4490584188434,2358.65283203125,529600,0.0,0.0
2017-01-30 00:00:00+09:00,2365.6936510180994,2365.6936510180994,2326.9694989925056,2334.01025390625,353000,0.0,0.0
2017-01-31 00:00:00+09:00,2302.3270021781395,2319.928890573997,2281.2047361031105,2291.765869140625,541600,0.0,0.0
2017-02-01 00:00:00+09:00,2270.6435226812596,2316.4084308903393,2263.6027675721707,2309.36767578125,372000,0.0,0.0
2017-02-02 00:00:00+09:00,2302.326820894798,2319.928707904697,2263.60266947302,2267.123046875,501200,0.0,0.0
2017-02-03 00:00:00+09:00,2302.327392578125,2319.929283958692,2270.6439880931052,2302.327392578125,510000,0.0,0.0
2017-02-06 00:00:00+09:00,2411.4589471926633,2481.866507694639,2411.4589471926633,2450.18310546875,1375000,0.0,0.0
2017-02-07 00:00:00+09:00,2446.6624997201825,2478.3458989971346,2439.6217443253045,2457.2236328125,566000,0.0,0.0
2017-02-08 00:00:00+09:00,2464.2637612786093,2510.028659702355,2453.7026308731297,2499.467529296875,871000,0.0,0.0
2017-02-09 00:00:00+09:00,2481.8663568011784,2506.509001478637,2467.7848455569165,2492.427490234375,576600,0.0,0.0
2017-02-10 00:00:00+09:00,2545.2328466127997,2576.9162430436645,2524.1105823255566,2569.87548828125,706600,0.0,0.0
2017-02-13 00:00:00+09:00,2580.4368836896356,2587.4776391703713,2502.988573401543,2524.11083984375,979800,0.0,0.0
2017-02-14 00:00:00+09:00,2534.671573229614,2538.191950414655,2457.223275158709,2460.74365234375,1189200,0.0,0.0
2017-02-15 00:00:00+09:00,2481.8663409614023,2495.9478521157935,2460.744074229816,2485.38671875,733200,0.0,0.0
2017-02-16 00:00:00+09:00,2478.346092644979,2488.9072265625,2460.7442027824436,2488.9072265625,628000,0.0,0.0
2017-02-17 00:00:00+09:00,2460.744010509939,2481.8662766945736,2453.7032551150605,2457.2236328125,481400,0.0,0.0
2017-02-20 00:00:00+09:00,2471.3053212267287,2488.907210979056,2446.6626755734706,2481.866455078125,373200,0.0,0.0
2017-02-21 00:00:00+09:00,2478.3453808180534,2510.028773470557,2471.304626895275,2495.947265625,458800,0.0,0.0
2017-02-22 00:00:00+09:00,2499.4680666790327,2527.6310871486558,2495.94768912033,2520.59033203125,503200,0.0,0.0
2017-02-23 00:00:00+09:00,2520.5906905594406,2527.6314466783215,2481.8665319055945,2517.0703125,488600,0.0,0.0
2017-02-24 00:00:00+09:00,2390.336805477717,2464.2647479151724,2379.775670843795,2453.70361328125,938200,0.0,0.0
2017-02-27 00:00:00+09:00,2443.1423184609826,2464.2645863439307,2414.979294617052,2436.1015625,569000,0.0,0.0
2017-02-28 00:00:00+09:00,2471.3051436022565,2499.468165181769,2453.7032551150605,2457.2236328125,581000,0.0,0.0
2017-03-01 00:00:00+09:00,2460.74365234375,2460.74365234375,2422.0195033082978,2460.74365234375,614400,0.0,0.0
2017-03-02 00:00:00+09:00,2495.947982507514,2502.988738452528,2481.866470617486,2488.9072265625,533000,0.0,0.0
2017-03-03 00:00:00+09:00,2488.9066870848565,2510.028950341588,2453.702914990304,2467.784423828125,494200,0.0,0.0
2017-03-06 00:00:00+09:00,2478.3459151785714,2485.3866706194194,2460.744026576451,2464.264404296875,334800,0.0,0.0
2017-03-07 00:00:00+09:00,2450.1826977433066,2460.7438300611657,2429.0604331075883,2432.580810546875,443000,0.0,0.0
2017-03-08 00:00:00+09:00,2450.182224025974,2474.82486133658,2432.580340232684,2439.62109375,565800,0.0,0.0
2017-03-09 00:00:00+09:00,2450.1828774176215,2464.264388207378,2443.1421220227435,2457.2236328125,465400,0.0,0.0
2017-03-10 00:00:00+09:00,2464.264549808855,2485.3868173786454,2457.2237939522583,2474.82568359375,606600,0.0,0.0
2017-03-13 00:00:00+09:00,2488.906835382635,2492.4272128018465,2467.784570867365,2478.345703125,288800,0.0,0.0
2017-03-14 00:00:00+09:00,2495.9475433221205,2520.590184793566,2485.3864112629294,2510.029052734375,437000,0.0,0.0
2017-03-15 00:00:00+09:00,2492.427474327196,2495.9478521157935,2467.7848298070116,2485.38671875,355000,0.0,0.0
2017-03-16 00:00:00+09:00,2467.785019667832,2520.5906905594406,2464.2646416083917,2517.0703125,404800,0.0,0.0
2017-03-17 00:00:00+09:00,2492.427838523632,2548.753891371624,2492.427838523632,2541.713134765625,715400,0.0,0.0
2017-03-21 00:00:00+09:00,2485.3860220895685,2513.5490365041815,2474.824891684089,2499.467529296875,721600,0.0,0.0
2017-03-22 00:00:00+09:00,2453.702600784632,2485.3859916125543,2439.62109375,2439.62109375,536400,0.0,0.0
2017-03-23 00:00:00+09:00,2464.264029528791,2510.028932934326,2446.6621436035857,2460.74365234375,586600,0.0,0.0
2017-03-24 00:00:00+09:00,2460.744026576451,2499.468181501116,2453.703271135603,2464.264404296875,451000,0.0,0.0
2017-03-27 00:00:00+09:00,2425.539742376235,2436.1008733299777,2404.41748046875,2404.41748046875,304800,0.0,0.0
2017-03-28 00:00:00+09:00,2439.6221004360204,2460.744369703865,2432.5813440134057,2453.70361328125,406800,0.0,0.0
2017-03-29 00:00:00+09:00,2467.7851261264796,2485.3870171830167,2450.183235069943,2453.70361328125,350400,0.0,0.0
2017-03-30 00:00:00+09:00,2450.1823633672907,2457.223117285013,2393.856332025514,2397.376708984375,496600,0.0,0.0
2017-03-31 00:00:00+09:00,2407.938264707931,2422.0197750278603,2369.214111328125,2369.214111328125,728400,0.0,0.0
2017-04-03 00:00:00+09:00,2365.693863594214,2390.3365080066533,2348.0919747281855,2372.734619140625,569800,0.0,0.0
2017-04-04 00:00:00+09:00,2379.7750792360594,2383.2954565722075,2337.5305512022833,2351.612060546875,563800,0.0,0.0
2017-04-05 00:00:00+09:00,2344.571730735085,2355.132864657315,2312.888328968395,2323.449462890625,669400,0.0,0.0
2017-04-06 00:00:00+09:00,2298.806362628202,2323.449003575212,2281.204476237481,2284.724853515625,670200,0.0,0.0
2017-04-07 00:00:00+09:00,2302.326969577135,2334.0103682410404,2277.684326171875,2277.684326171875,713600,0.0,0.0
2017-04-10 00:00:00+09:00,2298.806688415805,2334.0104661863384,2288.2455550846453,2319.928955078125,426600,0.0,0.0
2017-04-11 00:00:00+09:00,2298.8064793375283,2337.530631363122,2295.286101880656,2334.01025390625,520600,0.0,0.0
2017-04-12 00:00:00+09:00,2312.88841245229,2326.96992485687,2291.7661438454197,2305.84765625,607200,0.0,0.0
2017-04-13 00:00:00+09:00,2246.000782463121,2277.6841790809394,2231.9192728552016,2267.123046875,826000,0.0,0.0
2017-04-14 00:00:00+09:00,2253.041699526814,2263.602832493346,2228.3990559382396,2231.91943359375,723800,0.0,0.0
2017-04-17 00:00:00+09:00,2214.317529219615,2249.521305518814,2203.7563963298553,2224.878662109375,384600,0.0,0.0
2017-04-18 00:00:00+09:00,2249.5207698542317,2277.6837841873053,2242.4800162709635,2256.5615234375,499000,0.0,0.0
2017-04-19 00:00:00+09:00,2235.439374923706,2270.643144607544,2235.439374923706,2253.041259765625,394800,0.0,0.0
2017-04-20 00:00:00+09:00,2242.4800162709635,2288.2449145622077,2242.4800162709635,2256.5615234375,322400,0.0,0.0
2017-04-21 00:00:00+09:00,2291.7657553081863,2323.4491528470094,2277.684245290932,2295.2861328125,633200,0.0,0.0
2017-04-24 00:00:00+09:00,2330.490418787032,2334.010797063145,2288.2458794736717,2302.327392578125,426600,0.0,0.0
2017-04-25 00:00:00+09:00,2323.4490748814173,2369.213980901809,2298.8064331781297,2365.693603515625,452200,0.0,0.0
2017-04-26 00:00:00+09:00,2397.377435092268,2457.2238615189476,2393.8570570671695,2450.18310546875,751000,0.0,0.0
2017-04-27 00:00:00+09:00,2429.060302734375,2439.6214344853943,2411.458416482677,2429.060302734375,458000,0.0,0.0
2017-04-28 00:00:00+09:00,2443.141942864734,2460.7438300611657,2414.978923350443,2432.580810546875,540000,0.0,0.0
2017-05-01 00:00:00+09:00,2731.8129553918393,2752.9352205108485,2675.486915074482,2717.7314453125,1522600,0.0,0.0
2017-05-02 00:00:00+09:00,2721.251351605398,2738.8532361565326,2700.1290901440366,2724.771728515625,887200,0.0,0.0
2017-05-08 00:00:00+09:00,2735.3332828691046,2738.8536603245348,2689.568375948515,2696.609130859375,1106400,0.0,0.0
2017-05-09 00:00:00+09:00,2689.568027810013,2700.129158809267,2633.241995813992,2654.3642578125,1019000,0.0,0.0
2017-05-10 00:00:00+09:00,2650.8445967004654,2679.0076203041885,2636.7630848986037,2647.32421875,709200,0.0,0.0
2017-05-11 00:00:00+09:00,2668.4466476944353,2682.5281603471763,2657.8855132048798,2664.92626953125,539000,0.0,0.0
2017-05-12 00:00:00+09:00,2671.9666015625003,2693.0888671875,2633.2424479166666,2640.283203125,539600,0.0,0.0
2017-05-15 00:00:00+09:00,2622.681396484375,2636.762907337982,2598.038752490562,2622.681396484375,401600,0.0,0.0
2017-05-16 00:00:00+09:00,2643.803126813246,2661.4050118120026,2619.160487814987,2654.3642578125,605800,0.0,0.0
2017-05-17 00:00:00+09:00,2636.7628255208333,2654.364713541667,2626.201692708333,2640.283203125,360600,0.0,0.0
2017-05-18 00:00:00+09:00,2569.875716324691,2594.5183601798594,2548.7534501631185,2562.8349609375,511800,0.0,0.0
2017-05-19 00:00:00+09:00,2573.396028645833,2650.8443359375,2573.396028645833,2640.283203125,712000,0.0,0.0
2017-05-22 00:00:00+09:00,2626.20164374895,2640.2831539031,2598.03862344065,2619.160888671875,488600,0.0,0.0
2017-05-23 00:00:00+09:00,2619.161101140203,2633.2426124366552,2598.0388341955236,2605.07958984375,511400,0.0,0.0
2017-05-24 00:00:00+09:00,2640.283431598847,2650.8445653252425,2619.1611641460563,2633.24267578125,440200,0.0,0.0
2017-05-25 00:00:00+09:00,2615.640179010827,2693.0884750246064,2612.1198019192916,2682.52734375,582600,0.0,0.0
2017-05-26 00:00:00+09:00,2671.9668644032577,2675.487242353723,2643.8038407995346,2647.32421875,362800,0.0,0.0
2017-05-29 00:00:00+09:00,2700.1290901440366,2745.893989976986,2689.5679594133558,2724.771728515625,726400,0.0,0.0
2017-05-30 00:00:00+09:00,2710.6910477970982,2721.2521817495544,2689.568779892186,2714.21142578125,493200,0.0,0.0
2017-05-31 00:00:00+09:00,2693.088802673656,2731.8129553918393,2675.486915074482,2717.7314453125,598400,0.0,0.0
2017-06-01 00:00:00+09:00,2689.568166599026,2731.812692775974,2686.0477894176133,2710.6904296875,615800,0.0,0.0
2017-06-02 00:00:00+09:00,2717.7313350154664,2784.618505177764,2717.7313350154664,2774.057373046875,831800,0.0,0.0
2017-06-05 00:00:00+09:00,2774.05743929609,2823.342723750589,2767.0166843740185,2802.220458984375,575000,0.0,0.0
2017-06-06 00:00:00+09:00,2802.2208220653047,2805.741199982472,2742.3743974734575,2745.894775390625,528400,0.0,0.0
2017-06-07 00:00:00+09:00,2742.3743974734575,2763.4966649764624,2735.3336416391226,2745.894775390625,431000,0.0,0.0
2017-06-08 00:00:00+09:00,2724.7720863569293,2752.9351053373625,2714.210954239267,2721.251708984375,493000,0.0,0.0
2017-06-09 00:00:00+09:00,2724.77220035217,2738.853710431509,2710.6906902728306,2717.7314453125,594600,0.0,0.0
2017-06-12 00:00:00+09:00,2693.088753403945,2707.1702632256647,2675.4868661267947,2696.609130859375,409600,0.0,0.0
2017-06-13 00:00:00+09:00,2682.52734375,2707.1699833907483,2675.486589566929,2682.52734375,356800,0.0,0.0
2017-06-14 00:00:00+09:00,2689.5685713918588,2707.170459948088,2675.487060546875,2675.487060546875,281000,0.0,0.0
2017-06-15 00:00:00+09:00,2700.129888006981,2700.129888006981,2636.7630848986037,2647.32421875,428000,0.0,0.0
2017-06-16 00:00:00+09:00,2851.5059592507105,2900.7912474352906,2763.49651606396,2788.13916015625,2178200,0.0,0.0
2017-06-19 00:00:00+09:00,2774.057076456602,2798.699715460658,2749.414437452546,2752.934814453125,633200,0.0,0.0
2017-06-20 00:00:00+09:00,2781.098210614427,2833.903872841283,2756.455568241894,2809.26123046875,649600,0.0,0.0
2017-06-21 00:00:00+09:00,2886.709211204921,2939.5148675074497,2872.6277028575796,2879.66845703125,748400,0.0,0.0
2017-06-22 00:00:00+09:00,2865.587257514566,2907.831787109375,2847.9853701833954,2907.831787109375,615200,0.0,0.0
2017-06-23 00:00:00+09:00,2883.1892578125003,2907.8319010416667,2883.1892578125003,2904.3115234375,702400,0.0,0.0
2017-06-26 00:00:00+09:00,2904.31129612398,2928.9539374244255,2897.2705414667093,2911.35205078125,384200,0.0,0.0
2017-06-27 00:00:00+09:00,2928.9539374244255,2939.515069410331,2907.8316734526147,2911.35205078125,361000,0.0,0.0
2017-06-28 00:00:00+09:00,2839.3970134976184,2913.4682399366866,2811.179403425592,2846.451416015625,993300,8.0,0.2
2017-06-29 00:00:00+09:00,2892.3054993268356,2945.213526753546,2892.3054993268356,2906.414306640625,810100,0.0,0.0
2017-06-30 00:00:00+09:00,2878.196918987148,2895.8329295201574,2864.0881105607405,2881.72412109375,566800,0.0,0.0
2017-07-03 00:00:00+09:00,2853.5062281702403,2878.1966405277085,2832.343017578125,2832.343017578125,718400,0.0,0.0
2017-07-04 00:00:00+09:00,2842.9242757161455,2853.505879720052,2786.489054361979,2793.54345703125,867700,0.0,0.0
2017-07-05 00:00:00+09:00,2765.326189159292,2842.9246281408027,2758.271785615518,2790.0166015625,863900,0.0,0.0
2017-07-06 00:00:00+09:00,2800.597942118742,2846.4515608184192,2754.744323419065,2765.325927734375,866100,0.0,0.0
2017-07-07 00:00:00+09:00,2751.21722341954,2772.3804328304595,2744.162820282567,2761.798828125,617100,0.0,0.0
2017-07-10 00:00:00+09:00,2793.5442547184407,2874.6699085802134,2793.5442547184407,2849.9794921875,802100,0.0,0.0
2017-07-11 00:00:00+09:00,2864.088071558666,2888.7784859686544,2864.088071558666,2874.669677734375,448700,0.0,0.0
2017-07-12 00:00:00+09:00,2867.6149723630388,2888.7781824911795,2835.870157170828,2842.924560546875,295600,0.0,0.0
2017-07-13 00:00:00+09:00,2991.067054249416,3026.3390713985837,2952.2678353853316,3019.28466796875,1479900,0.0,0.0
2017-07-14 00:00:00+09:00,3015.7574303416345,3019.2846320145486,2955.795001902093,2969.90380859375,778700,0.0,0.0
2017-07-17 00:00:00+09:00,2969.90380859375,2969.90380859375,2969.90380859375,2969.90380859375,0,0.0,0.0
2017-07-18 00:00:00+09:00,2959.3222035750077,2984.012615285407,2924.0501868458655,2969.90380859375,468400,0.0,0.0
2017-07-19 00:00:00+09:00,2938.1588336752475,2955.794841080261,2906.414020346223,2941.68603515625,495300,0.0,0.0
2017-07-20 00:00:00+09:00,2927.5772328317903,2941.686038773148,2857.033203125,2857.033203125,999400,0.0,0.0
2017-07-21 00:00:00+09:00,2832.343428247712,2853.5066419083423,2800.5986077567663,2818.234619140625,708000,0.0,0.0
2017-07-24 00:00:00+09:00,2779.4349165144536,2786.4893198558607,2719.472488112492,2775.90771484375,779100,0.0,0.0
2017-07-25 00:00:00+09:00,2779.4350188354806,2793.543826037691,2754.744606231612,2772.380615234375,491900,0.0,0.0
2017-07-26 00:00:00+09:00,2772.3804731041005,2811.179690921079,2754.744465005474,2768.853271484375,440200,0.0,0.0
2017-07-27 00:00:00+09:00,2726.5267726297416,2779.434795384523,2687.7275559429017,2754.744384765625,786800,0.0,0.0
2017-07-28 00:00:00+09:00,2765.3262404502602,2765.3262404502602,2712.418212890625,2712.418212890625,626500,0.0,0.0
2017-07-31 00:00:00+09:00,2730.053631638627,2761.7984413088434,2715.944827340753,2758.271240234375,754600,0.0,0.0
2017-08-01 00:00:00+09:00,2821.761067708333,2835.869873046875,2737.108235677083,2793.54345703125,1126500,0.0,0.0
2017-08-02 00:00:00+09:00,2804.1257642663045,2927.5778419384055,2797.0713598278985,2920.5234375,1213600,0.0,0.0
2017-08-03 00:00:00+09:00,2881.7240732693467,2934.6321039903264,2853.5064568848243,2916.99609375,851200,0.0,0.0
2017-08-04 00:00:00+09:00,2909.941689653869,2945.213710134522,2888.7784773654776,2916.99609375,510000,0.0,0.0
2017-08-07 00:00:00+09:00,2916.9962877207477,2962.8499173947134,2895.8330740250713,2952.268310546875,470700,0.0,0.0
2017-08-08 00:00:00+09:00,2948.740888155424,2980.4857063293457,2931.1048780588003,2934.632080078125,375100,0.0,0.0
2017-08-09 00:00:00+09:00,2927.5779705558093,2945.2139824266274,2874.6699349433547,2899.3603515625,518300,0.0,0.0
2017-08-10 00:00:00+09:00,2927.5774499031586,2959.322265625,2888.7782306875743,2959.322265625,615500,0.0,0.0
2017-08-11 00:00:00+09:00,2959.322265625,2959.322265625,2959.322265625,2959.322265625,0,0.0,0.0
2017-08-14 00:00:00+09:00,2909.941520690918,2924.0503280639646,2821.761474609375,2821.761474609375,674100,0.0,0.0
2017-08-15 00:00:00+09:00,2853.505818533631,2895.8322336416704,2842.9242147566215,2846.451416015625,465000,0.0,0.0
2017-08-16 00:00:00+09:00,2825.2887393276546,2846.451950858199,2807.6527297188677,2811.179931640625,687900,0.0,0.0
2017-08-17 00:00:00+09:00,2860.5609326292138,2881.7241454476793,2821.7617091286943,2864.088134765625,520700,0.0,0.0
2017-08-18 00:00:00+09:00,2814.707468769338,2881.724313263846,2811.180266427522,2849.9794921875,614200,0.0,0.0
2017-08-21 00:00:00+09:00,2853.5066419083423,2867.6154510154292,2814.7074168638533,2818.234619140625,374200,0.0,0.0
2017-08-22 00:00:00+09:00,2818.234671111154,2857.0338968711326,2814.707468769338,2849.9794921875,346900,0.0,0.0
2017-08-23 00:00:00+09:00,2934.6319212682038,2969.9039395526775,2895.832701155283,2906.414306640625,609000,0.0,0.0
2017-08-24 00:00:00+09:00,2955.794927873541,2984.012540550138,2871.14208984375,2871.14208984375,691800,0.0,0.0
2017-08-25 00:00:00+09:00,2874.6694112638147,2906.414226848323,2857.0334026057544,2892.305419921875,461800,0.0,0.0
2017-08-28 00:00:00+09:00,2892.3051351906324,2895.8323365750116,2857.0331213468444,2885.250732421875,363400,0.0,0.0
2017-08-29 00:00:00+09:00,2846.452100027731,2913.468940053167,2839.397695814527,2881.72412109375,471600,0.0,0.0
2017-08-30 00:00:00+09:00,2888.77801294121,2941.68603515625,2885.250811460207,2941.68603515625,528100,0.0,0.0
2017-08-31 00:00:00+09:00,2927.577511728095,2959.3223281203273,2916.9959062640173,2948.74072265625,626300,0.0,0.0
2017-09-01 00:00:00+09:00,2948.7408485504516,2952.268050522402,2888.7784150272964,2927.57763671875,559500,0.0,0.0
2017-09-04 00:00:00+09:00,2909.941762538966,2924.0505710846096,2857.033730492803,2864.088134765625,354500,0.0,0.0
2017-09-05 00:00:00+09:00,2842.9244801813825,2864.087689711269,2818.234069063182,2828.815673828125,593300,0.0,0.0
2017-09-06 00:00:00+09:00,2779.4349739419754,2828.815798352112,2761.7989652240694,2807.652587890625,552000,0.0,0.0
2017-09-07 00:00:00+09:00,2825.288818359375,2842.9248284614937,2779.435192093867,2825.288818359375,623300,0.0,0.0
2017-09-08 00:00:00+09:00,2867.6149501965165,2885.250958500308,2828.815731928175,2860.560546875,834900,0.0,0.0
2017-09-11 00:00:00+09:00,2895.8330219655795,2920.5234375,2892.3058197463765,2920.5234375,363800,0.0,0.0
2017-09-12 00:00:00+09:00,2948.740888155424,2962.849696232722,2927.5776760394756,2934.632080078125,406200,0.0,0.0
2017-09-13 00:00:00+09:00,2959.3221019957555,2991.0669159623367,2952.2676988920707,2973.430908203125,553200,0.0,0.0
2017-09-14 00:00:00+09:00,2973.431050232801,3008.7030674360376,2966.376646792154,2976.958251953125,664100,0.0,0.0
2017-09-15 00:00:00+09:00,2973.4307453466276,3001.6483562158724,2959.3219399120057,2987.53955078125,600800,0.0,0.0
2017-09-18 00:00:00+09:00,2987.53955078125,2987.53955078125,2987.53955078125,2987.53955078125,0,0.0,0.0
2017-09-19 00:00:00+09:00,3008.70318761489,3012.230389476103,2976.9583708639707,2998.12158203125,686000,0.0,0.0
2017-09-20 00:00:00+09:00,2962.8496413934427,3015.75767070404,2931.1048238070844,3012.23046875,557700,0.0,0.0
2017-09-21 00:00:00+09:00,3019.2847931985298,3019.2847931985298,2984.0127745863974,2998.12158203125,346900,0.0,0.0
2017-09-22 00:00:00+09:00,3022.811932151231,3058.083950029308,2991.0671160609613,3008.703125,503200,0.0,0.0
2017-09-25 00:00:00+09:00,3029.8661304139255,3054.5565412554824,3005.1757195723685,3015.75732421875,423600,0.0,0.0
2017-09-26 00:00:00+09:00,3001.648816709165,3058.084047105577,2998.121614809389,3047.50244140625,554900,0.0,0.0
2017-09-27 00:00:00+09:00,3058.0841102733016,3058.0841102733016,3019.2848885743324,3036.9208984375,300500,0.0,0.0
2017-09-28 00:00:00+09:00,3058.0840634193814,3082.7744768495263,3043.975255745013,3072.19287109375,531200,0.0,0.0
2017-09-29 00:00:00+09:00,3058.0840634193814,3082.7744768495263,3036.920851907829,3072.19287109375,495500,0.0,0.0
2017-10-02 00:00:00+09:00,3075.7193589419744,3100.4097666399034,3040.4473479449334,3054.55615234375,299300,0.0,0.0
2017-10-03 00:00:00+09:00,3082.7741273905895,3128.6277471343856,3068.6653213155755,3118.046142578125,541200,0.0,0.0
2017-10-04 00:00:00+09:00,3114.5192706661137,3135.6824820183183,3082.7744536378063,3089.828857421875,372400,0.0,0.0
2017-10-05 00:00:00+09:00,3103.937338732798,3110.9917417753727,3065.138121998638,3075.7197265625,275800,0.0,0.0
2017-10-06 00:00:00+09:00,3072.1929181638357,3082.774524081736,3036.9208984375,3036.9208984375,384700,0.0,0.0
2017-10-09 00:00:00+09:00,3036.9208984375,3036.9208984375,3036.9208984375,3036.9208984375,0,0.0,0.0
2017-10-10 00:00:00+09:00,3033.3934053829275,3121.5734462370824,3026.339002114595,3114.51904296875,498100,0.0,0.0
2017-10-11 00:00:00+09:00,3100.40966796875,3121.5728738934513,3093.3552659938496,3100.40966796875,369100,0.0,0.0
2017-10-12 00:00:00+09:00,3096.8824669813,3121.5728738934513,3082.773663031499,3100.40966796875,240200,0.0,0.0
2017-10-13 00:00:00+09:00,3082.7747500662076,3132.1555813029663,3075.7203456038137,3121.573974609375,576600,0.0,0.0
2017-10-16 00:00:00+09:00,3132.155352263173,3153.318564102789,3121.5737463433647,3146.26416015625,370200,0.0,0.0
2017-10-17 00:00:00+09:00,3163.899843782992,3185.063053440403,3128.6278276873063,3132.155029296875,494900,0.0,0.0
2017-10-18 00:00:00+09:00,3114.51894329666,3121.5733463392344,3072.1925250412123,3075.7197265625,541800,0.0,0.0
2017-10-19 00:00:00+09:00,3075.720370205966,3121.5739995783024,3075.720370205966,3103.93798828125,405900,0.0,0.0
2017-10-20 00:00:00+09:00,3100.410236432085,3128.627849505415,3096.883034797919,3114.51904296875,393100,0.0,0.0
2017-10-23 00:00:00+09:00,3135.682107878478,3156.8453167055545,3121.5733019937607,3153.318115234375,519900,0.0,0.0
2017-10-24 00:00:00+09:00,3142.737090221426,3202.699526286257,3110.99227112828,3192.117919921875,474800,0.0,0.0
2017-10-25 00:00:00+09:00,3241.4980674426456,3283.824483992495,3213.2804564094126,3223.862060546875,649900,0.0,0.0
2017-10-26 00:00:00+09:00,3223.8624635642623,3255.607279945092,3206.2264544638015,3252.080078125,491400,0.0,0.0
2017-10-27 00:00:00+09:00,3297.9340430420184,3304.988447412162,3255.607616821158,3290.879638671875,509100,0.0,0.0
2017-10-30 00:00:00+09:00,3269.7157990942696,3301.4606126777094,3245.0253885293723,3287.351806640625,746100,0.0,0.0
2017-10-31 00:00:00+09:00,3280.297795895257,3301.461007481678,3241.498574653485,3248.552978515625,763500,0.0,0.0
2017-11-01 00:00:00+09:00,3259.1346238488622,3262.6618258227245,3216.8082001625135,3255.607421875,742200,0.0,0.0
2017-11-02 00:00:00+09:00,3276.770383522727,3312.0424005681816,3230.9167613636364,3297.93359375,649400,0.0,0.0
2017-11-03 00:00:00+09:00,3297.93359375,3297.93359375,3297.93359375,3297.93359375,0,0.0,0.0
2017-11-06 00:00:00+09:00,3326.1510232426067,3326.1510232426067,3280.297403622083,3287.351806640625,607700,0.0,0.0
2017-11-07 00:00:00+09:00,3276.770858168476,3347.314902477808,3269.716453737543,3340.260498046875,552400,0.0,0.0
2017-11-08 00:00:00+09:00,3319.096653259907,3470.76631966817,3290.879040904881,3421.385498046875,1118500,0.0,0.0
2017-11-09 00:00:00+09:00,3396.6950730393874,3410.8038791579306,3266.1886164428583,3312.042236328125,1230500,0.0,0.0
2017-11-10 00:00:00+09:00,3255.6070940814648,3304.987916743589,3248.5526908440183,3283.82470703125,762300,0.0,0.0
2017-11-13 00:00:00+09:00,3269.716166749629,3304.9881858084163,3266.18896484375,3266.18896484375,340200,0.0,0.0
2017-11-14 00:00:00+09:00,3245.025390625,3276.77020422894,3230.9165845788043,3245.025390625,456000,0.0,0.0
2017-11-15 00:00:00+09:00,3206.2261568634676,3206.2261568634676,3153.318134472981,3178.008544921875,710100,0.0,0.0
2017-11-16 00:00:00+09:00,3181.536164795988,3245.0258000136464,3160.3729530567684,3230.9169921875,488100,0.0,0.0
2017-11-17 00:00:00+09:00,3259.1340539295065,3273.242859357773,3195.6444295023084,3199.171630859375,706800,0.0,0.0
2017-11-20 00:00:00+09:00,3178.0091114360325,3216.8083347720994,3163.90030295019,3192.117919921875,371100,0.0,0.0
2017-11-21 00:00:00+09:00,3213.281132650639,3227.3899411364814,3185.0635156789535,3192.117919921875,336300,0.0,0.0
2017-11-22 00:00:00+09:00,3234.443786090353,3287.351808763587,3227.3893830672555,3245.025390625,502900,0.0,0.0
2017-11-23 00:00:00+09:00,3245.025390625,3245.025390625,3245.025390625,3245.025390625,0,0.0,0.0
2017-11-24 00:00:00+09:00,3209.753317488181,3213.28051893597,3132.1548856368186,3170.9541015625,452700,0.0,0.0
2017-11-27 00:00:00+09:00,3188.59027728624,3199.171882188739,3100.410236432085,3114.51904296875,566000,0.0,0.0
2017-11-28 00:00:00+09:00,3089.829007857659,3110.9922202402454,3043.975381028721,3051.02978515625,723000,0.0,0.0
2017-11-29 00:00:00+09:00,3061.6109633301917,3079.246971183476,3033.3933507649363,3040.44775390625,444700,0.0,0.0
2017-11-30 00:00:00+09:00,3068.665323519925,3089.828532647649,3026.338905264478,3075.7197265625,1237900,0.0,0.0
2017-12-01 00:00:00+09:00,3110.9920687740796,3125.100876342216,3065.138444177636,3089.828857421875,435900,0.0,0.0
2017-12-04 00:00:00+09:00,3110.9917417753727,3114.51894329666,3068.665323519925,3075.7197265625,398700,0.0,0.0
2017-12-05 00:00:00+09:00,3054.5569872200144,3061.6113913475433,3033.393774837428,3051.02978515625,270100,0.0,0.0
2017-12-06 00:00:00+09:00,3012.2301036906692,3022.811708270379,2976.9580884249704,2991.06689453125,627500,0.0,0.0
2017-12-07 00:00:00+09:00,2991.0665898575203,3012.2297968612293,2984.012187522951,3001.648193359375,613400,0.0,0.0
2017-12-08 00:00:00+09:00,2952.2676963404606,3033.3933319627195,2952.2676963404606,3015.75732421875,1042300,0.0,0.0
2017-12-11 00:00:00+09:00,3065.137919888809,3132.1547443742948,3061.610718600099,3125.100341796875,650500,0.0,0.0
2017-12-12 00:00:00+09:00,3132.155280126284,3135.6824820183183,3086.3016555298404,3089.828857421875,363600,0.0,0.0
2017-12-13 00:00:00+09:00,3110.991994458576,3121.573599881904,3029.866352879724,3033.3935546875,417600,0.0,0.0
2017-12-14 00:00:00+09:00,3026.338603526941,3079.246621071118,3015.7570000181054,3043.974609375,408800,0.0,0.0
2017-12-15 00:00:00+09:00,3043.9751428780773,3068.665555392731,3001.6487214243843,3008.703125,478200,0.0,0.0
2017-12-18 00:00:00+09:00,3026.3385435461173,3061.6105545431583,3022.811342446413,3054.55615234375,534100,0.0,0.0
2017-12-19 00:00:00+09:00,3068.664896342779,3086.3009014941745,3054.5560922216628,3065.1376953125,349900,0.0,0.0
2017-12-20 00:00:00+09:00,3061.6108802532326,3082.7740891029093,3058.0836787782864,3068.665283203125,332500,0.0,0.0
2017-12-21 00:00:00+09:00,3065.138081728179,3082.7740891029093,3040.447671403556,3068.665283203125,305800,0.0,0.0
2017-12-22 00:00:00+09:00,3082.774169921875,3093.355774624124,3072.192565219626,3082.774169921875,277900,0.0,0.0
2017-12-25 00:00:00+09:00,3075.720049853738,3096.883261205943,3068.66564606967,3089.828857421875,162100,0.0,0.0
2017-12-26 00:00:00+09:00,3082.7744768495263,3089.828880686711,3061.6112653379737,3072.19287109375,255400,0.0,0.0
2017-12-27 00:00:00+09:00,3068.6249774205203,3093.602157469292,3057.9204716853324,3086.4658203125,223100,50.0,0.0
2017-12-28 00:00:00+09:00,3086.465212237307,3093.6015479881444,3047.2153656076994,3061.488037109375,211500,0.0,0.0
2017-12-29 00:00:00+09:00,3082.897429142442,3100.7382707462757,3068.624755859375,3068.624755859375,216700,0.0,0.0
2018-01-01 00:00:00+09:00,3068.624755859375,3068.624755859375,3068.624755859375,3068.624755859375,0,0.0,0.0
2018-01-02 00:00:00+09:00,3068.624755859375,3068.624755859375,3068.624755859375,3068.624755859375,0,0.0,0.0
2018-01-03 00:00:00+09:00,3068.624755859375,3068.624755859375,3068.624755859375,3068.624755859375,0,0.0,0.0
2018-01-04 00:00:00+09:00,3118.5785925033247,3189.9419470228513,3100.7377538734427,3186.373779296875,604900,0.0,0.0
2018-01-05 00:00:00+09:00,3193.5101147488276,3207.7827856527333,3143.555766585159,3186.373779296875,420600,0.0,0.0
2018-01-08 00:00:00+09:00,3186.373779296875,3186.373779296875,3186.373779296875,3186.373779296875,0,0.0,0.0
2018-01-09 00:00:00+09:00,3218.4875686968717,3261.305585131863,3193.5103924431264,3200.646728515625,538400,0.0,0.0
2018-01-10 00:00:00+09:00,3211.3509533787096,3218.4872888306622,3164.964772941017,3186.373779296875,371500,0.0,0.0
2018-01-11 00:00:00+09:00,3168.532956277716,3222.055472431056,3161.396620790604,3218.4873046875,534700,0.0,0.0
2018-01-12 00:00:00+09:00,3218.487482194666,3225.6238180753635,3168.533131029782,3189.942138671875,639800,0.0,0.0
2018-01-15 00:00:00+09:00,3186.37409637692,3214.9194410253135,3154.2605836474777,3164.965087890625,404800,0.0,0.0
2018-01-16 00:00:00+09:00,3172.101974129277,3200.647323727741,3157.8292993300456,3193.510986328125,331400,0.0,0.0
2018-01-17 00:00:00+09:00,3175.6695650955435,3239.896590007588,3168.5332289942053,3232.76025390625,544100,0.0,0.0
2018-01-18 00:00:00+09:00,3268.4416477654568,3325.5323315692203,3268.4416477654568,3318.39599609375,1054300,0.0,0.0
2018-01-19 00:00:00+09:00,3350.5095553999868,3396.8957366781547,3329.1005486562167,3364.7822265625,797500,0.0,0.0
2018-01-22 00:00:00+09:00,3350.5094010097528,3350.5094010097528,3257.7370427283327,3275.577880859375,517700,0.0,0.0
2018-01-23 00:00:00+09:00,3272.0101083153927,3314.828125,3257.7374360871904,3314.828125,383900,0.0,0.0
2018-01-24 00:00:00+09:00,3296.9876019941767,3311.260275595883,3286.2830967928967,3293.41943359375,294400,0.0,0.0
2018-01-25 00:00:00+09:00,3275.577863938737,3275.577863938737,3225.6235174298677,3243.46435546875,371800,0.0,0.0
2018-01-26 00:00:00+09:00,3264.8735877773697,3272.0099234883583,3239.896412788909,3261.305419921875,426000,0.0,0.0
2018-01-29 00:00:00+09:00,3247.0331817793713,3282.7148650956283,3225.6241717896173,3264.8740234375,369100,0.0,0.0
2018-01-30 00:00:00+09:00,3236.32832189641,3254.1691615981545,3186.3739707315262,3189.942138671875,623600,0.0,0.0
2018-01-31 00:00:00+09:00,3211.351232624373,3261.305585131863,3200.646728515625,3200.646728515625,470900,0.0,0.0
2018-02-01 00:00:00+09:00,3222.055908203125,3236.3285811076794,3189.9423941678783,3222.055908203125,311600,0.0,0.0
2018-02-02 00:00:00+09:00,3204.215023152212,3211.351359506671,3157.8288368482267,3175.669677734375,378300,0.0,0.0
2018-02-05 00:00:00+09:00,3118.57845684721,3118.57845684721,3029.374267578125,3029.374267578125,741300,0.0,0.0
2018-02-06 00:00:00+09:00,2679.694024107819,2683.2621919162184,2529.8309761550513,2651.148681640625,2607200,0.0,0.0
2018-02-07 00:00:00+09:00,2701.1029830165417,2708.2393185066776,2547.6717699786136,2554.80810546875,1869500,0.0,0.0
2018-02-08 00:00:00+09:00,2540.5359640580737,2544.104132546919,2479.877099747698,2519.126953125,1413800,0.0,0.0
2018-02-09 00:00:00+09:00,2383.5356858145046,2451.3308625068335,2379.9675186201716,2447.7626953125,1263400,0.0,0.0
2018-02-12 00:00:00+09:00,2447.7626953125,2447.7626953125,2447.7626953125,2447.7626953125,0,0.0,0.0
2018-02-13 00:00:00+09:00,2462.036321752893,2469.172658917394,2344.286758538624,2351.423095703125,1380000,0.0,0.0
2018-02-14 00:00:00+09:00,2365.695051181816,2408.5130611579575,2340.7178786957334,2383.535888671875,1337400,0.0,0.0
2018-02-15 00:00:00+09:00,2383.536064749053,2390.672400272254,2330.0135483250474,2354.99072265625,1094700,0.0,0.0
2018-02-16 00:00:00+09:00,2383.536533089571,2476.3089131200036,2376.4001961641534,2454.89990234375,1027400,0.0,0.0
2018-02-19 00:00:00+09:00,2483.444843297757,2490.58117905436,2447.763164514743,2465.60400390625,479400,0.0,0.0
2018-02-20 00:00:00+09:00,2454.899731946481,2462.036068376558,2419.218049796096,2433.49072265625,451700,0.0,0.0
2018-02-21 00:00:00+09:00,2426.3544282459075,2447.763437906901,2394.2409137544178,2397.80908203125,875400,0.0,0.0
2018-02-22 00:00:00+09:00,2319.308925003589,2362.126935926732,2301.468087118946,2330.013427734375,1003200,0.0,0.0
2018-02-23 00:00:00+09:00,2344.2859407750575,2354.9904427877286,2326.4451040872714,2340.7177734375,577400,0.0,0.0
2018-02-26 00:00:00+09:00,2383.5360461701125,2394.2405493714755,2347.8543688322366,2372.83154296875,636800,0.0,0.0
2018-02-27 00:00:00+09:00,2404.9452129260294,2404.9452129260294,2354.9908613222246,2362.127197265625,755900,0.0,0.0
2018-02-28 00:00:00+09:00,2351.422786308324,2376.3999630976386,2322.87744140625,2322.87744140625,944500,0.0,0.0
2018-03-01 00:00:00+09:00,2333.581859447338,2340.7181954089506,2272.92300377363,2312.1728515625,1156600,0.0,0.0
2018-03-02 00:00:00+09:00,2258.6506569248854,2265.78699391359,2233.6734774644206,2240.809814453125,913900,0.0,0.0
2018-03-05 00:00:00+09:00,2222.96868410188,2222.96868410188,2183.7188357469513,2194.42333984375,749400,0.0,0.0
2018-03-06 00:00:00+09:00,2244.3773890904017,2258.6500592912944,2187.28670828683,2197.9912109375,811700,0.0,0.0
2018-03-07 00:00:00+09:00,2183.718682093336,2194.423185436931,2148.0370042813533,2155.17333984375,971700,0.0,0.0
2018-03-08 00:00:00+09:00,2187.28670828683,2226.536551339286,2183.718540736607,2197.9912109375,878900,0.0,0.0
2018-03-09 00:00:00+09:00,2205.127546037946,2237.241053989955,2180.1503731863836,2197.9912109375,1156300,0.0,0.0
2018-03-12 00:00:00+09:00,2247.945643420468,2308.6044941159407,2244.377475732499,2258.650146484375,663800,0.0,0.0
2018-03-13 00:00:00+09:00,2265.786272704695,2287.1952768562355,2240.8091011945644,2272.922607421875,701800,0.0,0.0
2018-03-14 00:00:00+09:00,2251.513811108437,2297.899991052034,2240.80930804453,2258.650146484375,786800,0.0,0.0
2018-03-15 00:00:00+09:00,2265.7867798624156,2276.4912843342067,2205.1279211889337,2255.082275390625,797600,0.0,0.0
2018-03-16 00:00:00+09:00,2258.6505498976935,2276.4913915240577,2240.8097082713293,2247.946044921875,778700,0.0,0.0
2018-03-19 00:00:00+09:00,2255.0821896114862,2269.354861697635,2222.968677417652,2244.377685546875,735900,0.0,0.0
2018-03-20 00:00:00+09:00,2212.264466498308,2251.5143199361814,2208.6962980039557,2240.809814453125,622200,0.0,0.0
2018-03-21 00:00:00+09:00,2240.809814453125,2240.809814453125,2240.809814453125,2240.809814453125,0,0.0,0.0
2018-03-22 00:00:00+09:00,2230.1046832714205,2237.241018257889,2180.1503383661407,2183.718505859375,843800,0.0,0.0
2018-03-23 00:00:00+09:00,2116.63728919396,2130.909961407001,2074.5329061654897,2078.10107421875,1763200,0.0,0.0
2018-03-26 00:00:00+09:00,2069.5377522786457,2144.469291585286,2058.8332466634115,2140.901123046875,1137000,0.0,0.0
2018-03-27 00:00:00+09:00,2190.8554555321953,2255.0824884305334,2176.582781554787,2240.809814453125,949700,0.0,0.0
2018-03-28 00:00:00+09:00,2190.854771882585,2212.2637761680826,2180.1502697398364,2205.12744140625,701000,0.0,0.0
2018-03-29 00:00:00+09:00,2233.6728146201685,2237.240982055664,2155.173131039268,2169.44580078125,821000,0.0,0.0
2018-03-30 00:00:00+09:00,2201.5597530316704,2280.0594524914704,2201.5597530316704,2255.082275390625,689700,0.0,0.0
2018-04-02 00:00:00+09:00,2230.1049470517564,2255.0821224587357,2215.832275390625,2215.832275390625,398500,0.0,0.0
2018-04-03 00:00:00+09:00,2176.5823279069173,2180.150495657584,2158.741489153582,2173.01416015625,623000,0.0,0.0
2018-04-04 00:00:00+09:00,2169.4462991772466,2169.4462991772466,2130.9100820208087,2135.905517578125,1220700,0.0,0.0
2018-04-05 00:00:00+09:00,2162.309756661383,2226.5367791364733,2158.7415887461,2215.832275390625,893000,0.0,0.0
2018-04-06 00:00:00+09:00,2205.127810614004,2222.968650505703,2173.0142988089456,2180.150634765625,676400,0.0,0.0
2018-04-09 00:00:00+09:00,2169.446395420792,2183.719069074876,2140.901048112624,2162.31005859375,439700,0.0,0.0
2018-04-10 00:00:00+09:00,2169.4465258518226,2265.787078809058,2158.7420199676853,2251.514404296875,994500,0.0,0.0
2018-04-11 00:00:00+09:00,2233.6729746188407,2255.081980765347,2201.559465399081,2208.69580078125,766200,0.0,0.0
2018-04-12 00:00:00+09:00,2205.128156738281,2205.128156738281,2140.187489339193,2140.901123046875,665600,0.0,0.0
2018-04-13 00:00:00+09:00,2173.015110475621,2226.537650142508,2162.3106025422435,2190.85595703125,784400,0.0,0.0
2018-04-16 00:00:00+09:00,2226.5372239005546,2255.082572924921,2212.2645493883715,2251.514404296875,769700,0.0,0.0
2018-04-17 00:00:00+09:00,2247.945853568412,2272.923029719172,2219.4005093961146,2244.377685546875,766300,0.0,0.0
2018-04-18 00:00:00+09:00,2262.21826171875,2276.490932139688,2240.809256087342,2262.21826171875,616900,0.0,0.0
2018-04-19 00:00:00+09:00,2247.9462356688296,2280.0597533212413,2240.8098984127378,2251.514404296875,674000,0.0,0.0
2018-04-20 00:00:00+09:00,2276.4915846931954,2276.4915846931954,2226.5372239005546,2251.514404296875,629400,0.0,0.0
2018-04-23 00:00:00+09:00,2276.4913168853186,2312.1729989681603,2258.6504758438973,2269.35498046875,710800,0.0,0.0
2018-04-24 00:00:00+09:00,2305.0365883895543,2308.6047564830365,2280.059411735178,2290.763916015625,433400,0.0,0.0
2018-04-25 00:00:00+09:00,2280.0596678909983,2287.1960048797023,2212.264466498308,2240.809814453125,765900,0.0,0.0
2018-04-26 00:00:00+09:00,2244.3773357570653,2258.6500056187956,2197.9911587064425,2201.559326171875,743700,0.0,0.0
2018-04-27 00:00:00+09:00,2237.241729784692,2262.2189101810122,2215.8327180164174,2251.514404296875,1023500,0.0,0.0
2018-04-30 00:00:00+09:00,2251.514404296875,2251.514404296875,2251.514404296875,2251.514404296875,0,0.0,0.0
2018-05-01 00:00:00+09:00,2208.69580078125,2247.9456453831785,2205.1276330901655,2208.69580078125,634800,0.0,0.0
2018-05-02 00:00:00+09:00,2222.9687937610556,2276.4913168853186,2219.400625552771,2269.35498046875,589700,0.0,0.0
2018-05-03 00:00:00+09:00,2269.35498046875,2269.35498046875,2269.35498046875,2269.35498046875,0,0.0,0.0
2018-05-04 00:00:00+09:00,2269.35498046875,2269.35498046875,2269.35498046875,2269.35498046875,0,0.0,0.0
2018-05-07 00:00:00+09:00,2272.9226940020967,2283.6271964856232,2215.832014089956,2233.6728515625,448800,0.0,0.0
2018-05-08 00:00:00+09:00,2258.650741552967,2290.7642592053785,2247.9462356688296,2251.514404296875,618900,0.0,0.0
2018-05-09 00:00:00+09:00,2262.218486373973,2294.3319980101965,2258.6503184143926,2280.059326171875,632000,0.0,0.0
2018-05-10 00:00:00+09:00,2272.923265044834,2301.4686121725554,2251.514254699043,2294.332275390625,618200,0.0,0.0
2018-05-11 00:00:00+09:00,2283.6274941314555,2290.763830050616,2251.5139824952316,2280.059326171875,739200,0.0,0.0
2018-05-14 00:00:00+09:00,2269.354751090116,2308.6045974140015,2255.082079699612,2301.46826171875,458300,0.0,0.0
2018-05-15 00:00:00+09:00,2301.4681587400028,2301.4681587400028,2251.513811108437,2258.650146484375,580500,0.0,0.0
2018-05-16 00:00:00+09:00,2240.8091865515175,2247.945521540535,2222.9683490789735,2233.6728515625,504600,0.0,0.0
2018-05-17 00:00:00+09:00,2233.6733716207837,2265.786886548239,2230.105203295511,2247.946044921875,424800,0.0,0.0
2018-05-18 00:00:00+09:00,2283.6271094976455,2283.6271094976455,2258.649937987515,2272.922607421875,495400,0.0,0.0
2018-05-21 00:00:00+09:00,2276.491433435799,2301.4686121725554,2265.7869282629035,2294.332275390625,545600,0.0,0.0
2018-05-22 00:00:00+09:00,2326.4454899189636,2330.013657848287,2287.1956426964043,2297.900146484375,418100,0.0,0.0
2018-05-23 00:00:00+09:00,2305.0368473514627,2305.0368473514627,2240.809814453125,2240.809814453125,707800,0.0,0.0
2018-05-24 00:00:00+09:00,2237.241322419062,2237.241322419062,2169.4461308306054,2180.150634765625,616800,0.0,0.0
2018-05-25 00:00:00+09:00,2169.4461834016392,2190.855191790471,2155.1735111424177,2176.58251953125,449100,0.0,0.0
2018-05-28 00:00:00+09:00,2158.7415938400945,2165.8779296875,2148.037090068987,2165.8779296875,337400,0.0,0.0
2018-05-29 00:00:00+09:00,2158.7415370291365,2162.3097048589366,2119.491690901334,2136.618896484375,520100,0.0,0.0
2018-05-30 00:00:00+09:00,2119.491630892705,2120.918897984215,2074.5327175101324,2090.9462890625,588800,0.0,0.0
2018-05-31 00:00:00+09:00,2108.787874051226,2128.769620404334,2084.524324908166,2106.64697265625,901400,0.0,0.0
2018-06-01 00:00:00+09:00,2089.518920857239,2122.346062373439,2083.809852767465,2114.49609375,555000,0.0,0.0
2018-06-04 00:00:00+09:00,2140.901091914849,2148.0374288878984,2110.2148429307363,2126.62841796875,507700,0.0,0.0
2018-06-05 00:00:00+09:00,2129.482292455012,2135.191360263202,2098.796052985989,2121.63232421875,499700,0.0,0.0
2018-06-06 00:00:00+09:00,2176.5828032516556,2240.809836790229,2176.5828032516556,2222.968994140625,1042800,0.0,0.0
2018-06-07 00:00:00+09:00,2244.377423692577,2297.899937771096,2244.377423692577,2262.21826171875,860600,0.0,0.0
2018-06-08 00:00:00+09:00,2262.218532456809,2272.9230365536077,2190.8551718114836,2194.42333984375,715100,0.0,0.0
2018-06-11 00:00:00+09:00,2208.6957827837036,2233.672956417768,2194.423112135667,2226.53662109375,402100,0.0,0.0
2018-06-12 00:00:00+09:00,2247.945714339115,2247.945714339115,2212.2640363337323,2237.2412109375,378400,0.0,0.0
2018-06-13 00:00:00+09:00,2262.2186235496297,2308.6048098369247,2258.6504553736836,2287.19580078125,775600,0.0,0.0
2018-06-14 00:00:00+09:00,2276.4908795214074,2297.8998846579725,2262.218209430364,2265.786376953125,712100,0.0,0.0
2018-06-15 00:00:00+09:00,2301.4684943433076,2308.604830759876,2244.3778030107605,2269.35498046875,647000,0.0,0.0
2018-06-18 00:00:00+09:00,2255.0821224587357,2262.2184582893015,2205.1277716447767,2215.832275390625,549300,0.0,0.0
2018-06-19 00:00:00+09:00,2197.991157493781,2208.695659884173,2128.768708702581,2151.60498046875,959300,0.0,0.0
2018-06-20 00:00:00+09:00,2148.0371290043972,2148.0371290043972,2065.969265271671,2130.1962890625,1139800,0.0,0.0
2018-06-21 00:00:00+09:00,2120.9190943685007,2144.469003558999,2105.932788520002,2127.341796875,705300,0.0,0.0
2018-06-22 00:00:00+09:00,2101.651249091951,2128.7693297253954,2082.3831391681874,2125.914794921875,964000,0.0,0.0
2018-06-25 00:00:00+09:00,2131.623461522655,2190.8550474973385,2126.6280265609344,2136.618896484375,488800,0.0,0.0
2018-06-26 00:00:00+09:00,2116.637378925367,2205.127950397635,2097.3692706209217,2187.287109375,759800,0.0,0.0
2018-06-27 00:00:00+09:00,2201.7959568995047,2209.050638800327,2147.385842643339,2151.01318359375,594300,50.0,0.0
2018-06-28 00:00:00+09:00,2147.3860425420166,2174.9538363314077,2140.1313599658615,2158.26806640625,642300,0.0,0.0
2018-06-29 00:00:00+09:00,2172.777576793324,2241.6970658735795,2160.4446155894884,2234.4423828125,695300,0.0,0.0
2018-07-02 00:00:00+09:00,2219.9331390197635,2256.206556324008,2172.7776965242456,2174.9541015625,595800,0.0,0.0
2018-07-03 00:00:00+09:00,2183.6598213770058,2194.541847064931,2124.896882662209,2158.993896484375,600100,0.0,0.0
2018-07-04 00:00:00+09:00,2148.8372043431623,2183.659684359527,2140.131584339071,2161.170166015625,456000,0.0,0.0
2018-07-05 00:00:00+09:00,2163.3461654234125,2187.2866159462064,2137.9547785052973,2167.698974609375,399500,0.0,0.0
2018-07-06 00:00:00+09:00,2190.9141311146855,2230.814885158165,2180.0321072846455,2219.932861328125,672800,0.0,0.0
2018-07-09 00:00:00+09:00,2248.951694758858,2310.6164992925687,2248.951694758858,2303.36181640625,815400,0.0,0.0
2018-07-10 00:00:00+09:00,2321.4986349453975,2354.1447094993173,2310.616610094091,2325.1259765625,705800,0.0,0.0
2018-07-11 00:00:00+09:00,2296.107177734375,2317.871226812426,2259.83376260429,2296.107177734375,573900,0.0,0.0
2018-07-12 00:00:00+09:00,2303.3620868027688,2314.2441124097113,2238.069933161116,2259.833984375,505700,0.0,0.0
2018-07-13 00:00:00+09:00,2288.8521372233854,2303.3615010092703,2248.951386812201,2274.3427734375,570100,0.0,0.0
2018-07-16 00:00:00+09:00,2274.3427734375,2274.3427734375,2274.3427734375,2274.3427734375,0,0.0,0.0
2018-07-17 00:00:00+09:00,2288.852719326846,2296.1074030648074,2256.2066425060193,2259.833984375,455800,0.0,0.0
2018-07-18 00:00:00+09:00,2288.852974083773,2306.9896854473527,2274.343604992909,2277.970947265625,412900,0.0,0.0
2018-07-19 00:00:00+09:00,2299.7342877522533,2328.7530169352467,2299.7342877522533,2314.24365234375,386300,0.0,0.0
2018-07-20 00:00:00+09:00,2317.871518964813,2321.4988609350235,2270.71607335207,2288.852783203125,535900,0.0,0.0
2018-07-23 00:00:00+09:00,2270.71607335207,2292.4801251733356,2252.579363501015,2288.852783203125,427200,0.0,0.0
2018-07-24 00:00:00+09:00,2306.9894930541795,2310.6168350243906,2267.088731381859,2288.852783203125,326100,0.0,0.0
2018-07-25 00:00:00+09:00,2292.4796735922987,2343.262451171875,2292.4796735922987,2343.262451171875,708000,0.0,0.0
2018-07-26 00:00:00+09:00,2383.1631986177886,2441.200658553686,2383.1631986177886,2404.92724609375,852300,0.0,0.0
2018-07-27 00:00:00+09:00,2397.6729414894885,2401.300283307173,2350.517497859589,2383.16357421875,562400,0.0,0.0
2018-07-30 00:00:00+09:00,2412.181972671024,2426.6913379201733,2361.399194299003,2397.672607421875,635100,0.0,0.0
2018-07-31 00:00:00+09:00,2510.120562803398,2633.4501858313106,2502.865879095874,2615.3134765625,2050300,0.0,0.0
2018-08-01 00:00:00+09:00,2626.194968069243,2629.8223091853606,2542.766122398535,2622.567626953125,1044700,0.0,0.0
2018-08-02 00:00:00+09:00,2629.8225767127815,2691.4873819598397,2626.1952352276603,2658.84130859375,904900,0.0,0.0
2018-08-03 00:00:00+09:00,2647.959216729526,2655.2138995150863,2611.685802801724,2629.822509765625,671000,0.0,0.0
2018-08-06 00:00:00+09:00,2608.0585381705,2629.8225871677505,2586.2944891732495,2597.176513671875,419600,0.0,0.0
2018-08-07 00:00:00+09:00,2600.8031123234678,2640.703857421875,2597.175771859976,2640.703857421875,258900,0.0,0.0
2018-08-08 00:00:00+09:00,2622.567815144857,2629.822497897678,2600.8037668863935,2611.685791015625,386700,0.0,0.0
2018-08-09 00:00:00+09:00,2593.5491721723333,2615.3132211695834,2564.5304401759995,2597.176513671875,412200,0.0,0.0
2018-08-10 00:00:00+09:00,2604.431218927557,2608.0585604580965,2535.511729847301,2553.6484375,835300,0.0,0.0
2018-08-13 00:00:00+09:00,2535.5114042997016,2557.27545068854,2499.2379936516368,2506.49267578125,907900,0.0,0.0
2018-08-14 00:00:00+09:00,2513.747691510931,2575.412497796192,2499.2383253261637,2571.78515625,652900,0.0,0.0
2018-08-15 00:00:00+09:00,2582.667101629849,2597.1764673693424,2506.492931497508,2524.629638671875,565000,0.0,0.0
2018-08-16 00:00:00+09:00,2499.2384359076254,2524.6298278544373,2452.082993720689,2513.747802734375,749100,0.0,0.0
2018-08-17 00:00:00+09:00,2513.747514683566,2542.766245011803,2495.610808228417,2521.002197265625,445300,0.0,0.0
2018-08-20 00:00:00+09:00,2510.1204268973215,2550.0211851283484,2502.8657435825894,2539.13916015625,379200,0.0,0.0
2018-08-21 00:00:00+09:00,2521.0023969215163,2539.139104813038,2488.3563227167774,2528.257080078125,405200,0.0,0.0
2018-08-22 00:00:00+09:00,2513.747483473558,2564.5302609174682,2499.2381184895835,2546.3935546875,479800,0.0,0.0
2018-08-23 00:00:00+09:00,2539.139194681187,2539.139194681187,2502.8657776143127,2513.747802734375,514300,0.0,0.0
2018-08-24 00:00:00+09:00,2513.7478671652107,2550.0212851618226,2510.1205253655494,2542.7666015625,491200,0.0,0.0
2018-08-27 00:00:00+09:00,2542.7662134415064,2557.275578425481,2528.256848457532,2546.3935546875,403400,0.0,0.0
2018-08-28 00:00:00+09:00,2568.157602163462,2579.0396259014424,2535.5115309495195,2546.3935546875,395400,0.0,0.0
2018-08-29 00:00:00+09:00,2557.2756703694663,2637.0771806504995,2553.6483289930557,2611.685791015625,702800,0.0,0.0
2018-08-30 00:00:00+09:00,2622.5681602700242,2626.1955021237864,2571.7853743173546,2615.3134765625,704100,0.0,0.0
2018-08-31 00:00:00+09:00,2582.6671918767506,2618.940607492997,2557.275800945378,2589.921875,525400,0.0,0.0
2018-09-03 00:00:00+09:00,2579.039587029203,2579.039587029203,2473.8466924808954,2491.9833984375,495700,0.0,0.0
2018-09-04 00:00:00+09:00,2491.9833984375,2524.629469159389,2473.8466924808954,2491.9833984375,507000,0.0,0.0
2018-09-05 00:00:00+09:00,2481.1011747262773,2502.8652201186133,2466.591811131387,2484.728515625,522500,0.0,0.0
2018-09-06 00:00:00+09:00,2495.6106525868304,2539.138745364508,2488.3559704572176,2506.49267578125,589300,0.0,0.0
2018-09-07 00:00:00+09:00,2481.1017416327663,2484.7290833602997,2426.691615719767,2452.0830078125,397800,0.0,0.0
2018-09-10 00:00:00+09:00,2452.0824475364966,2491.9831974224453,2437.573083941606,2484.728515625,339600,0.0,0.0
2018-09-11 00:00:00+09:00,2484.729069080876,2521.0024861477496,2473.8470439608136,2513.747802734375,468900,0.0,0.0
2018-09-12 00:00:00+09:00,2517.3749536350147,2524.6296364985164,2437.5734421364987,2444.828125,422100,0.0,0.0
2018-09-13 00:00:00+09:00,2423.063864552099,2462.9646168126874,2404.927158979104,2419.4365234375,498800,0.0,0.0
2018-09-14 00:00:00+09:00,2423.06387765067,2470.2193123953684,2419.436536516462,2437.5732421875,721500,0.0,0.0
2018-09-17 00:00:00+09:00,2437.5732421875,2437.5732421875,2437.5732421875,2437.5732421875,0,0.0,0.0
2018-09-18 00:00:00+09:00,2452.0830815153304,2513.7478927368697,2452.0830815153304,2499.238525390625,574400,0.0,0.0
2018-09-19 00:00:00+09:00,2528.2571695611246,2535.5118529744996,2502.8657776143127,2513.747802734375,422200,0.0,0.0
2018-09-20 00:00:00+09:00,2510.1202007671736,2510.1202007671736,2412.181984841287,2415.809326171875,849300,0.0,0.0
2018-09-21 00:00:00+09:00,2448.455378439574,2488.3561327548855,2444.828037138182,2459.33740234375,776300,0.0,0.0
2018-09-24 00:00:00+09:00,2459.33740234375,2459.33740234375,2459.33740234375,2459.33740234375,0,0.0,0.0
2018-09-25 00:00:00+09:00,2499.238181180732,2517.3748878656434,2477.4741331588393,2495.61083984375,592100,0.0,0.0
2018-09-26 00:00:00+09:00,2510.1203391335225,2564.5304620916195,2506.492997602983,2553.6484375,458000,0.0,0.0
2018-09-27 00:00:00+09:00,2550.020927593863,2571.7849753400405,2513.747514683566,2521.002197265625,476200,0.0,0.0
2018-09-28 00:00:00+09:00,2568.1576827469407,2600.8037549852493,2539.138951868444,2593.549072265625,689100,0.0,0.0
2018-10-01 00:00:00+09:00,2593.549361262382,2608.058728318395,2550.021260094342,2586.294677734375,437400,0.0,0.0
2018-10-02 00:00:00+09:00,2593.5492718003616,2626.1953465502966,2586.2945885225986,2600.803955078125,426900,0.0,0.0
2018-10-03 00:00:00+09:00,2593.549361262382,2640.704804194425,2579.0399942063686,2586.294677734375,337400,0.0,0.0
2018-10-04 00:00:00+09:00,2597.1766134392433,2626.1953465502966,2597.1766134392433,2600.803955078125,429100,0.0,0.0
2018-10-05 00:00:00+09:00,2604.4313815369896,2684.2329001913263,2597.176698022959,2666.09619140625,764300,0.0,0.0
2018-10-08 00:00:00+09:00,2666.09619140625,2666.09619140625,2666.09619140625,2666.09619140625,0,0.0,0.0
2018-10-09 00:00:00+09:00,2615.3134573334214,2637.077508295974,2575.412697235408,2579.0400390625,531300,0.0,0.0
2018-10-10 00:00:00+09:00,2582.6670362015843,2593.549060230524,2513.747550684969,2575.412353515625,458100,0.0,0.0
2018-10-11 00:00:00+09:00,2513.747521864629,2528.256887070197,2437.5733545353983,2459.33740234375,487000,0.0,0.0
2018-10-12 00:00:00+09:00,2459.337426473928,2495.61083984375,2437.573378452035,2495.61083984375,549900,0.0,0.0
2018-10-15 00:00:00+09:00,2452.0830078125,2473.8470581776996,2433.9462991748337,2452.0830078125,389700,0.0,0.0
2018-10-16 00:00:00+09:00,2444.828235581342,2495.6110179227944,2437.573552389706,2466.59228515625,442100,0.0,0.0
2018-10-17 00:00:00+09:00,2470.219604139383,2521.0023860159636,2470.219604139383,2510.120361328125,501000,0.0,0.0
2018-10-18 00:00:00+09:00,2524.6298986331003,2524.6298986331003,2448.4557206571017,2462.965087890625,617000,0.0,0.0
2018-10-19 00:00:00+09:00,2397.6729414894885,2401.300283307173,2354.144839677274,2383.16357421875,752600,0.0,0.0
2018-10-22 00:00:00+09:00,2350.517278343023,2350.517278343023,2292.4798146802323,2339.63525390625,867200,0.0,0.0
2018-10-23 00:00:00+09:00,2317.871518964813,2339.6355707860785,2285.225441232914,2288.852783203125,649200,0.0,0.0
2018-10-24 00:00:00+09:00,2306.989259402993,2314.2439426086626,2216.3057193321206,2227.187744140625,712800,0.0,0.0
2018-10-25 00:00:00+09:00,2164.071850977345,2198.1688596920403,2156.817168272091,2172.052001953125,655000,0.0,0.0
2018-10-26 00:00:00+09:00,2173.503144345743,2176.4050177026797,2118.3675505639417,2138.6806640625,553600,0.0,0.0
2018-10-29 00:00:00+09:00,2155.365706247613,2183.65896190014,2125.6215144077773,2137.22900390625,474600,0.0,0.0
2018-10-30 00:00:00+09:00,1995.0380453211367,2022.605843765574,1907.9818397071233,2001.5672607421875,2049000,0.0,0.0
2018-10-31 00:00:00+09:00,2018.2527560725805,2071.2119405417748,1992.1358979781833,2066.859130859375,1076600,0.0,0.0
2018-11-01 00:00:00+09:00,2071.212535565328,2121.2698612935264,2057.428634277853,2088.623779296875,1002700,0.0,0.0
2018-11-02 00:00:00+09:00,2083.54456946619,2151.7385769626458,2045.8202248936823,2143.032958984375,865900,0.0,0.0
2018-11-05 00:00:00+09:00,2114.014566076807,2147.386106927711,2104.58347844503,2107.4853515625,412000,0.0,0.0
2018-11-06 00:00:00+09:00,2118.3676031013665,2144.4844639615203,2096.6035523845717,2110.387451171875,551500,0.0,0.0
2018-11-07 00:00:00+09:00,2125.6220818792303,2190.9142277390015,2124.8966135918995,2143.7587890625,732600,0.0,0.0
2018-11-08 00:00:00+09:00,2176.404970573183,2190.914337043671,2124.1712512794265,2126.34765625,551700,0.0,0.0
2018-11-09 00:00:00+09:00,2135.778693181818,2171.326640181108,2135.778693181818,2154.640869140625,402300,0.0,0.0
2018-11-12 00:00:00+09:00,2128.523867844013,2162.620875951943,2114.0145026917016,2158.26806640625,294400,0.0,0.0
2018-11-13 00:00:00+09:00,2100.2306092822214,2103.8579505763187,2051.6242359413204,2077.015625,726000,0.0,0.0
2018-11-14 00:00:00+09:00,2079.1917911305145,2111.1123908547793,2069.0352366727943,2096.60302734375,480800,0.0,0.0
2018-11-15 00:00:00+09:00,2089.348647467599,2142.3078319346596,2079.91755982278,2127.072998046875,572700,0.0,0.0
2018-11-16 00:00:00+09:00,2127.073287052029,2141.582654630829,2098.78002027337,2100.23095703125,541500,0.0,0.0
2018-11-19 00:00:00+09:00,2085.7213932079276,2114.014657324487,2084.2704565865656,2112.563720703125,415700,0.0,0.0
2018-11-20 00:00:00+09:00,2083.544811698718,2140.1313351362182,2079.9174704527245,2121.99462890625,394600,0.0,0.0
2018-11-21 00:00:00+09:00,2085.721890971039,2138.681090289608,2084.270954003407,2129.25,461000,0.0,0.0
2018-11-22 00:00:00+09:00,2157.5427741427206,2161.170115726686,2099.5053087992715,2109.661865234375,556800,0.0,0.0
2018-11-23 00:00:00+09:00,2109.661865234375,2109.661865234375,2109.661865234375,2109.661865234375,0,0.0,0.0
2018-11-26 00:00:00+09:00,2120.5435417614467,2169.8753792023563,2119.818073563786,2167.698974609375,543400,0.0,0.0
2018-11-27 00:00:00+09:00,2172.7773002840318,2190.9140056286396,2130.7001438845414,2180.031982421875,457800,0.0,0.0
2018-11-28 00:00:00+09:00,2216.3058631984095,2245.3245979047715,2180.032444815457,2223.560546875,616000,0.0,0.0
2018-11-29 00:00:00+09:00,2252.578699541633,2285.224767650932,2230.8146541354336,2238.0693359375,412900,0.0,0.0
2018-11-30 00:00:00+09:00,2238.069859038806,2252.5792260341955,2209.0511250480276,2212.678466796875,1016400,0.0,0.0
2018-12-03 00:00:00+09:00,2234.442065625,2299.73420390625,2234.442065625,2267.088134765625,509500,0.0,0.0
2018-12-04 00:00:00+09:00,2267.0884336968857,2270.7157751908003,2194.541603818585,2198.1689453125,365500,0.0,0.0
2018-12-05 00:00:00+09:00,2156.8170986847226,2190.914106299315,2137.22945601251,2183.659423828125,393500,0.0,0.0
2018-12-06 00:00:00+09:00,2161.895759959117,2163.3466967107674,2080.643301866694,2101.681884765625,469900,0.0,0.0
2018-12-07 00:00:00+09:00,2135.052982788505,2153.915156608587,2096.6031669244917,2114.014404296875,431800,0.0,0.0
2018-12-10 00:00:00+09:00,2100.23095703125,2120.5440716415696,2087.89799458927,2100.23095703125,433300,0.0,0.0
2018-12-11 00:00:00+09:00,2080.6430041281483,2087.8976868482605,2024.056478911274,2030.585693359375,459300,0.0,0.0
2018-12-12 00:00:00+09:00,2047.2714469840937,2114.0145274669203,2032.0366133956222,2093.701416015625,546800,0.0,0.0
2018-12-13 00:00:00+09:00,2118.367205243733,2159.718893839244,2114.7398641388636,2156.091552734375,456000,0.0,0.0
2018-12-14 00:00:00+09:00,2138.680615974195,2161.8956023077008,2095.1525165988724,2106.760009765625,667900,0.0,0.0
2018-12-17 00:00:00+09:00,2093.70146015788,2121.9947231329866,2079.19209452962,2086.44677734375,386900,0.0,0.0
2018-12-18 00:00:00+09:00,2050.1732697456678,2076.2901266851027,2018.978135068009,2061.78076171875,401600,0.0,0.0
2018-12-19 00:00:00+09:00,2058.878920340054,2071.9373490102867,2030.585658221216,2036.389404296875,326400,0.0,0.0
2018-12-20 00:00:00+09:00,1984.881090867266,2016.8016932057747,1929.020036774876,1946.4312744140625,509700,0.0,0.0
2018-12-21 00:00:00+09:00,1922.4913741909431,1950.0591750283982,1899.2763840120338,1915.962158203125,772400,0.0,0.0
2018-12-24 00:00:00+09:00,1915.9621582031248,1915.9621582031248,1915.9621582031248,1915.962158203125,0,0.0,0.0
2018-12-25 00:00:00+09:00,1826.0038747651452,1849.2188624459097,1812.219975829691,1831.0821533203125,494300,0.0,0.0
2018-12-26 00:00:00+09:00,1893.9929169646514,1902.1343480262422,1827.3812082789075,1863.6475830078125,431200,50.0,0.0
2018-12-27 00:00:00+09:00,1915.4568559362533,1960.6047957400058,1905.0950336862118,1948.0225830078125,303700,0.0,0.0
2018-12-28 00:00:00+09:00,1949.5028525379746,2015.374437152963,1949.5028525379746,1993.1705322265625,414200,0.0,0.0
2018-12-31 00:00:00+09:00,1993.1705322265625,1993.1705322265625,1993.1705322265625,1993.1705322265625,0,0.0,0.0
2019-01-04 00:00:00+09:00,1845.1442838127598,1899.173779487983,1812.5785603920774,1891.0323486328125,594100,0.0,0.0
2019-01-07 00:00:00+09:00,1942.8413954357172,2012.4136206437008,1938.4006151032927,1985.02880859375,371900,0.0,0.0
2019-01-08 00:00:00+09:00,2033.1375008107993,2040.5388022334814,1990.9500827015108,2005.752685546875,358200,0.0,0.0
2019-01-09 00:00:00+09:00,1977.6275104452839,2020.5550537109375,1976.8873803889794,2020.5550537109375,341500,0.0,0.0
2019-01-10 00:00:00+09:00,2015.374377396362,2024.9960692458487,1985.7691717056332,2005.752685546875,296100,0.0,0.0
2019-01-11 00:00:00+09:00,2029.4370721939506,2038.3186348731363,1980.5884774584288,2016.8548583984375,516900,0.0,0.0
2019-01-15 00:00:00+09:00,2023.5156256884475,2107.1503241898354,2016.8544550113456,2099.7490234375,352800,0.0,0.0
2019-01-16 00:00:00+09:00,2124.173499141179,2132.314930670989,2078.285430518617,2087.1669921875,318100,0.0,0.0
2019-01-17 00:00:00+09:00,2112.33123471647,2124.1733159202063,2085.6865520080632,2099.7490234375,370800,0.0,0.0
2019-01-18 00:00:00+09:00,2151.558247961312,2156.7391587751163,2133.7951251711256,2145.63720703125,470400,0.0,0.0
2019-01-21 00:00:00+09:00,2173.762373344305,2193.0057583313505,2167.1012016180202,2187.084716796875,336800,0.0,0.0
2019-01-22 00:00:00+09:00,2195.9661773691996,2220.3904725674415,2176.722793273615,2181.16357421875,421800,0.0,0.0
2019-01-23 00:00:00+09:00,2155.258670291385,2203.3671227532463,2137.49554938239,2190.784912109375,428100,0.0,0.0
2019-01-24 00:00:00+09:00,2208.548396688433,2238.8937332381065,2198.926704611707,2231.492431640625,334600,0.0,0.0
2019-01-25 00:00:00+09:00,2253.6960994387136,2290.7026035345875,2242.5941482099515,2287.001953125,487300,0.0,0.0
2019-01-28 00:00:00+09:00,2290.7026955381084,2290.7026955381084,2235.1929371648102,2242.59423828125,300900,0.0,0.0
2019-01-29 00:00:00+09:00,2231.4923658323364,2242.594317901154,2197.4463794879625,2224.091064453125,457300,0.0,0.0
2019-01-30 00:00:00+09:00,2257.3971354166665,2261.0977864583333,2220.390625,2220.390625,470200,0.0,0.0
2019-01-31 00:00:00+09:00,2211.5087082212335,2257.3967737867342,2200.4067568747414,2235.19287109375,672700,0.0,0.0
2019-02-01 00:00:00+09:00,2246.2951418844796,2253.6964438346754,2164.140690237304,2171.5419921875,534000,0.0,0.0
2019-02-04 00:00:00+09:00,2168.58148482053,2211.509036397182,2155.259141227776,2206.328125,494300,0.0,0.0
2019-02-05 00:00:00+09:00,2206.328151041667,2242.59453125,2193.7459375,2220.390625,427600,0.0,0.0
2019-02-06 00:00:00+09:00,2057.5614760617696,2191.5250110139928,2025.7358848852748,2090.127197265625,1467100,0.0,0.0
2019-02-07 00:00:00+09:00,2099.749320737092,2153.038693699049,2083.4664567764944,2127.874267578125,731200,0.0,0.0
2019-02-08 00:00:00+09:00,2111.591389139437,2123.433471938677,2079.7657916164803,2093.088134765625,583200,0.0,0.0
2019-02-12 00:00:00+09:00,2135.2757712344073,2158.9599392342348,2118.252775484532,2139.716552734375,565700,0.0,0.0
2019-02-13 00:00:00+09:00,2155.999116380226,2186.3444523814583,2143.4169038919104,2177.462890625,532100,0.0,0.0
2019-02-14 00:00:00+09:00,2164.8808659167275,2181.903860759833,2144.897350231342,2154.51904296875,448900,0.0,0.0
2019-02-15 00:00:00+09:00,2164.880345767959,2169.3211259644063,2118.252153705265,2140.4560546875,443500,0.0,0.0
2019-02-18 00:00:00+09:00,2168.581728495923,2203.3678517857893,2156.739643971713,2201.1474609375,312600,0.0,0.0
2019-02-19 00:00:00+09:00,2205.5878435812915,2242.594351023931,2198.9266722416164,2227.791748046875,368000,0.0,0.0
2019-02-20 00:00:00+09:00,2238.89358772303,2264.7981416305693,2231.4922866065904,2242.59423828125,444800,0.0,0.0
2019-02-21 00:00:00+09:00,2161.1801297778925,2261.0977042710488,2155.259088326446,2238.893798828125,809700,0.0,0.0
2019-02-22 00:00:00+09:00,2205.58787604944,2238.8937332381065,2193.74579349347,2231.492431640625,379700,0.0,0.0
2019-02-25 00:00:00+09:00,2257.397313576927,2275.9005702455906,2242.5947082419966,2268.499267578125,254200,0.0,0.0
2019-02-26 00:00:00+09:00,2253.6964024567405,2264.7983551782027,2224.0911951995095,2238.893798828125,343400,0.0,0.0
2019-02-27 00:00:00+09:00,2261.097770075036,2264.798421089889,2227.791910941361,2246.295166015625,291300,0.0,0.0
2019-02-28 00:00:00+09:00,2235.1930495354027,2242.594351023931,2205.5878435812915,2227.791748046875,330000,0.0,0.0
2019-03-01 00:00:00+09:00,2242.5945474725017,2264.7984538831206,2235.193245335629,2249.995849609375,366500,0.0,0.0
2019-03-04 00:00:00+09:00,2287.001886541193,2287.001886541193,2242.594082919034,2279.6005859375,274000,0.0,0.0
2019-03-05 00:00:00+09:00,2268.498891946326,2272.1995426672825,2246.294987620587,2253.6962890625,274100,0.0,0.0
2019-03-06 00:00:00+09:00,2246.295166015625,2268.4990721047416,2227.791910941361,2246.295166015625,404200,0.0,0.0
2019-03-07 00:00:00+09:00,2253.6963032567223,2261.09760474525,2209.2884943255553,2227.791748046875,492100,0.0,0.0
2019-03-08 00:00:00+09:00,2193.0055933200456,2246.2949631206,2167.8411686920062,2168.581298828125,668600,0.0,0.0
2019-03-11 00:00:00+09:00,2166.3606538357662,2197.446115899689,2150.817922803805,2194.485595703125,180500,0.0,0.0
2019-03-12 00:00:00+09:00,2215.209424150423,2246.29488883947,2212.248903703847,2242.59423828125,160900,0.0,0.0
2019-03-13 00:00:00+09:00,2238.893497800364,2249.995449029126,2204.8475140321602,2210.7685546875,150900,0.0,0.0
2019-03-14 00:00:00+09:00,2227.7918409309477,2238.893793626617,2188.56494140625,2188.56494140625,228100,0.0,0.0
2019-03-15 00:00:00+09:00,2161.1800628454507,2187.8247485517645,2160.439932686942,2175.982666015625,631300,0.0,0.0
2019-03-18 00:00:00+09:00,2202.6272987181633,2208.54833984375,2185.6043054821025,2208.54833984375,174000,0.0,0.0
2019-03-19 00:00:00+09:00,2219.6503936441186,2231.4924764378184,2191.5254470090813,2214.469482421875,163400,0.0,0.0
2019-03-20 00:00:00+09:00,2214.468964167087,2238.8932542130474,2198.9262341378394,2200.406494140625,404300,0.0,0.0
2019-03-22 00:00:00+09:00,2217.4301602540386,2231.492634568066,2173.7624768578476,2187.824951171875,587500,0.0,0.0
2019-03-25 00:00:00+09:00,2147.1177044277715,2147.1177044277715,2093.0881999730223,2100.489501953125,302600,0.0,0.0
2019-03-26 00:00:00+09:00,2140.4561669511554,2203.3672230337447,2121.9529151621587,2201.886962890625,214100,0.0,0.0
2019-03-27 00:00:00+09:00,2216.689763073913,2231.4923658323364,2195.9661192121202,2224.091064453125,240800,0.0,0.0
2019-03-28 00:00:00+09:00,2210.768465493462,2215.2092458058023,2171.541572734455,2173.761962890625,170100,0.0,0.0
2019-03-29 00:00:00+09:00,2178.2035132127075,2182.6442950948945,2155.259473488075,2172.282470703125,442000,0.0,0.0
2019-04-01 00:00:00+09:00,2205.5878110050953,2242.594317901154,2187.8246876949875,2224.091064453125,296100,0.0,0.0
2019-04-02 00:00:00+09:00,2272.1997556242477,2309.206266302167,2264.7984534886637,2305.505615234375,301200,0.0,0.0
2019-04-03 00:00:00+09:00,2298.1045057724314,2331.41036817493,2290.7032030163205,2327.709716796875,246300,0.0,0.0
2019-04-04 00:00:00+09:00,2349.9136250652077,2372.1175333335405,2320.308414040764,2327.709716796875,155100,0.0,0.0
2019-04-05 00:00:00+09:00,2331.410221148141,2349.913476871539,2320.308267714102,2338.8115234375,202900,0.0,0.0
2019-04-08 00:00:00+09:00,2349.9134280478784,2353.61407911567,2301.804964166583,2305.505615234375,105600,0.0,0.0
2019-04-09 00:00:00+09:00,2301.8044877485795,2316.607088955966,2279.6005859375,2279.6005859375,162500,0.0,0.0
2019-04-10 00:00:00+09:00,2275.9004066920393,2309.206266302167,2272.1997556242477,2305.505615234375,164100,0.0,0.0
2019-04-11 00:00:00+09:00,2316.6073890625,2316.6073890625,2287.0021828125,2312.90673828125,136900,0.0,0.0
2019-04-12 00:00:00+09:00,2309.206168094758,2316.6074699155747,2290.702913542717,2294.403564453125,298000,0.0,0.0
2019-04-15 00:00:00+09:00,2353.614095310024,2372.1173507762974,2327.7095376572406,2335.11083984375,285500,0.0,0.0
2019-04-16 00:00:00+09:00,2324.008690625,2324.008690625,2305.50543671875,2312.90673828125,299000,0.0,0.0
2019-04-17 00:00:00+09:00,2324.008367435516,2346.2122690352185,2312.9064166356648,2331.40966796875,228500,0.0,0.0
2019-04-18 00:00:00+09:00,2346.2122120634563,2346.2122120634563,2294.4031095888686,2298.103759765625,183900,0.0,0.0
2019-04-19 00:00:00+09:00,2283.3018224959615,2309.2063812600973,2275.9005199919225,2290.703125,260900,0.0,0.0
2019-04-22 00:00:00+09:00,2261.0977540652993,2272.19970703125,2242.594499122048,2272.19970703125,215100,0.0,0.0
2019-04-23 00:00:00+09:00,2268.499447786671,2287.0027059252247,2257.397492903539,2261.09814453125,232800,0.0,0.0
2019-04-24 00:00:00+09:00,2290.70291152828,2290.70291152828,2238.893798828125,2238.893798828125,280100,0.0,0.0
2019-04-25 00:00:00+09:00,2261.0973673964245,2294.403220598663,2253.696066684816,2283.30126953125,305300,0.0,0.0
2019-04-26 00:00:00+09:00,2261.097867971952,2279.601123847336,2235.193309746414,2257.397216796875,294200,0.0,0.0
2019-05-07 00:00:00+09:00,2287.002499295264,2312.9070583487705,2147.1178804063306,2153.779052734375,911000,0.0,0.0
2019-05-08 00:00:00+09:00,2117.5121860010577,2117.5121860010577,2078.2852912586404,2087.906982421875,474800,0.0,0.0
2019-05-09 00:00:00+09:00,2077.545422455526,2078.2855526380895,2050.9007358832428,2056.82177734375,344500,0.0,0.0
2019-05-10 00:00:00+09:00,2043.4993573960382,2084.946646064701,2041.2789669316455,2070.14404296875,354100,0.0,0.0
2019-05-13 00:00:00+09:00,2082.726621199515,2083.466751484234,2043.4997161094034,2050.160888671875,426300,0.0,0.0
2019-05-14 00:00:00+09:00,1999.0918044074695,2044.9798798881295,1989.4701111615245,2039.058837890625,508300,0.0,0.0
2019-05-15 00:00:00+09:00,2030.9171378309363,2035.357918744561,1997.6112809787526,2019.815185546875,394400,0.0,0.0
2019-05-16 00:00:00+09:00,2013.8943442496281,2018.3351256040926,1995.3910886060264,2006.4930419921875,406700,0.0,0.0
2019-05-17 00:00:00+09:00,1999.831795450697,2038.3185657554477,1995.3910142616874,2014.6343994140625,324500,0.0,0.0
2019-05-20 00:00:00+09:00,2010.1936035156252,2035.358030069208,1999.831780817091,2010.193603515625,314800,0.0,0.0
2019-05-21 00:00:00+09:00,1985.0292431367843,2002.7923683550107,1976.1476805276711,1987.2496337890625,389300,0.0,0.0
2019-05-22 00:00:00+09:00,1991.690271898136,2016.1145673171766,1981.3284495991488,1993.1705322265625,370100,0.0,0.0
2019-05-23 00:00:00+09:00,1984.288928259259,1993.1704900418442,1968.7461951397347,1974.667236328125,305300,0.0,0.0
2019-05-24 00:00:00+09:00,1942.1013595397212,1973.9269534651055,1936.9204489007052,1965.7855224609375,331900,0.0,0.0
2019-05-27 00:00:00+09:00,1956.1639074364605,1968.7461194782386,1942.101435154473,1952.4632568359375,221700,0.0,0.0
2019-05-28 00:00:00+09:00,1945.062206810807,1968.0062434969316,1936.9207744383114,1967.26611328125,654100,0.0,0.0
2019-05-29 00:00:00+09:00,1931.7396258192664,1968.7461320610148,1916.1968931977322,1962.0849609375,398000,0.0,0.0
2019-05-30 00:00:00+09:00,1925.078806898965,1979.1083158968984,1925.078806898965,1972.4471435546875,326500,0.0,0.0
2019-05-31 00:00:00+09:00,1948.0224149860128,1961.344756729838,1930.9994227577915,1934.7000732421875,363700,0.0,0.0
2019-06-03 00:00:00+09:00,1904.354771937901,1910.2758128145056,1888.8120396368145,1902.87451171875,336000,0.0,0.0
2019-06-04 00:00:00+09:00,1903.6147995988986,1933.2200064355843,1901.394409086147,1931.73974609375,460700,0.0,0.0
2019-06-05 00:00:00+09:00,1986.5092364728011,2005.012489420573,1976.1474148220489,1998.351318359375,330900,0.0,0.0
2019-06-06 00:00:00+09:00,1982.0686582016422,1983.5489185886486,1949.5029296875,1949.5029296875,306100,0.0,0.0
2019-06-07 00:00:00+09:00,1958.3849375368513,1967.266501879422,1950.9836339180424,1961.345458984375,260000,0.0,0.0
2019-06-10 00:00:00+09:00,1982.8087926225076,2009.4534796454304,1977.6278812569392,1999.831787109375,333300,0.0,0.0
2019-06-11 00:00:00+09:00,2004.2724495157163,2032.3973952622441,1990.2099766424524,2024.99609375,314800,0.0,0.0
2019-06-12 00:00:00+09:00,2017.594988621703,2027.2166815241542,1996.131212147004,2016.8548583984375,309400,0.0,0.0
2019-06-13 00:00:00+09:00,2003.5322244104725,2006.4927448750614,1972.4467595322901,1973.1868896484375,293500,0.0,0.0
2019-06-14 00:00:00+09:00,1961.3448405435406,1987.9895251697924,1953.9435392584705,1976.8875732421875,485200,0.0,0.0
2019-06-17 00:00:00+09:00,1953.2033538876312,1964.3053055012404,1943.58166248917,1948.7625732421875,337800,0.0,0.0
2019-06-18 00:00:00+09:00,1948.7623348498967,1968.0057152927743,1930.2590844240526,1933.2196044921875,325800,0.0,0.0
2019-06-19 00:00:00+09:00,1967.2661179185582,1990.210154658767,1962.8253366140016,1987.2496337890625,405500,0.0,0.0
2019-06-20 00:00:00+09:00,1993.1705827836774,2000.5718846135464,1975.4074583919923,1996.131103515625,339400,0.0,0.0
2019-06-21 00:00:00+09:00,2004.272626802664,2033.8778354703547,1995.3910642023568,2017.594970703125,542500,0.0,0.0
2019-06-24 00:00:00+09:00,2017.594542372257,2044.2392245165715,2012.413631955307,2040.53857421875,377900,0.0,0.0
2019-06-25 00:00:00+09:00,2040.5388900621804,2047.9401918034287,2006.4929020524378,2007.2330322265625,348800,0.0,0.0
2019-06-26 00:00:00+09:00,2011.0032557857135,2047.1967901980547,2011.0032557857135,2019.297607421875,318600,50.0,0.0
2019-06-27 00:00:00+09:00,2050.2130681331637,2066.0477405975976,2038.902587801425,2063.78564453125,423800,0.0,0.0
2019-06-28 00:00:00+09:00,2062.2773654891616,2064.5394613196795,2041.918503014497,2057.753173828125,512700,0.0,0.0
2019-07-01 00:00:00+09:00,2111.289356940955,2113.5514526805346,2085.652271892386,2100.73291015625,391100,0.0,0.0
2019-07-02 00:00:00+09:00,2121.846124681376,2137.680797253625,2112.0437083271263,2135.418701171875,399500,0.0,0.0
2019-07-03 00:00:00+09:00,2115.059466116769,2122.599785069057,2099.978828212193,2111.289306640625,290100,0.0,0.0
2019-07-04 00:00:00+09:00,2125.615855390375,2130.140046639876,2112.0432816418734,2123.353759765625,237700,0.0,0.0
2019-07-05 00:00:00+09:00,2128.631949304125,2130.8940448931835,2098.470674783344,2104.5029296875,324000,0.0,0.0
2019-07-08 00:00:00+09:00,2081.882198524337,2096.2088054681844,2064.5394638028374,2082.63623046875,422400,0.0,0.0
2019-07-09 00:00:00+09:00,2084.144531607584,2086.4066276983303,2053.229218367385,2059.261474609375,363500,0.0,0.0
2019-07-10 00:00:00+09:00,2060.7691472055617,2077.35784871984,2053.982860222448,2064.539306640625,424000,0.0,0.0
2019-07-11 00:00:00+09:00,2065.2931708249557,2074.341552734375,2053.2286616123965,2074.341552734375,260000,0.0,0.0
2019-07-12 00:00:00+09:00,2078.8661509715726,2080.374214918596,2054.7371278192004,2066.047607421875,369000,0.0,0.0
2019-07-16 00:00:00+09:00,2073.5877396951864,2077.357899221905,2047.9506549135003,2053.98291015625,303400,0.0,0.0
2019-07-17 00:00:00+09:00,2036.6400393887457,2048.7045490630217,2016.2811793134047,2031.36181640625,421600,0.0,0.0
2019-07-18 00:00:00+09:00,2018.543189401196,2019.2972212239085,1964.2528981659007,1971.0391845703125,573200,0.0,0.0
2019-07-19 00:00:00+09:00,1971.7934672796903,2023.0676377481489,1971.7934672796903,2020.8055419921875,430700,0.0,0.0
2019-07-22 00:00:00+09:00,2024.5758056640625,2038.1483808975647,2015.5274221750612,2024.5758056640625,321200,0.0,0.0
2019-07-23 00:00:00+09:00,2045.6885591974692,2079.619994937936,2042.6724315760944,2053.98291015625,603400,0.0,0.0
2019-07-24 00:00:00+09:00,2071.325884537574,2106.76538820458,2065.2936285942537,2105.25732421875,532500,0.0,0.0
2019-07-25 00:00:00+09:00,2097.716657065729,2120.3376131088535,2087.1602109122714,2101.48681640625,352000,0.0,0.0
2019-07-26 00:00:00+09:00,2084.898333563321,2084.898333563321,2060.0152793110283,2081.128173828125,403500,0.0,0.0
2019-07-29 00:00:00+09:00,2056.244663501075,2064.5390130788205,2034.377741887019,2048.704345703125,472900,0.0,0.0
2019-07-30 00:00:00+09:00,1935.5998202848398,1958.2207765016474,1879.8014616167143,1916.7490234375,2172100,0.0,0.0
2019-07-31 00:00:00+09:00,1885.8337828471074,1891.866038050137,1842.0999326251433,1851.1483154296875,1031200,0.0,0.0
2019-08-01 00:00:00+09:00,1840.5916881869914,1866.9828021101969,1834.559433575973,1863.9666748046875,727500,0.0,0.0
2019-08-02 00:00:00+09:00,1828.5271665910184,1831.5432938761169,1778.7610663868916,1787.8094482421875,804000,0.0,0.0
2019-08-05 00:00:00+09:00,1761.4185906236407,1771.975037656488,1707.8823235284872,1733.5194091796875,709900,0.0,0.0
2019-08-06 00:00:00+09:00,1659.6241758499248,1707.1281845180506,1659.6241758499248,1704.8660888671875,659100,0.0,0.0
2019-08-07 00:00:00+09:00,1692.8015994123916,1698.0798226622298,1672.442738305873,1674.704833984375,732800,0.0,0.0
2019-08-08 00:00:00+09:00,1675.45898075078,1698.0799390867492,1661.8864057491985,1676.2130126953125,531800,0.0,0.0
2019-08-09 00:00:00+09:00,1683.7532636670098,1686.0153594086134,1655.1000509400299,1664.9024658203125,717900,0.0,0.0
2019-08-13 00:00:00+09:00,1634.7410515173158,1643.0354018709552,1602.3176819530886,1616.644287109375,753300,0.0,0.0
2019-08-14 00:00:00+09:00,1643.0354373497257,1664.1483296148897,1615.1362582850447,1661.1322021484375,889200,0.0,0.0
2019-08-15 00:00:00+09:00,1623.4304141249286,1655.8537805008561,1618.9062234678224,1651.32958984375,631700,0.0,0.0
2019-08-16 00:00:00+09:00,1634.7413668667314,1657.3623267403484,1628.7091109004334,1652.838134765625,455100,0.0,0.0
2019-08-19 00:00:00+09:00,1683.7532636670098,1688.2774551502173,1664.1484339064446,1664.9024658203125,406600,0.0,0.0
2019-08-20 00:00:00+09:00,1699.5877164261835,1706.3740027828098,1670.1804755474695,1684.507080078125,569800,0.0,0.0
2019-08-21 00:00:00+09:00,1651.3295485992849,1669.4263107757154,1642.2811675110695,1660.3779296875,596600,0.0,0.0
2019-08-22 00:00:00+09:00,1671.6886198336265,1682.2450657865677,1658.116046465559,1667.1644287109375,455100,0.0,0.0
2019-08-23 00:00:00+09:00,1655.8541115500711,1667.1645904541017,1650.5758880615235,1658.8702392578125,444200,0.0,0.0
2019-08-26 00:00:00+09:00,1603.8260205306826,1613.6284362650028,1595.5316687554887,1609.8582763671875,558000,0.0,0.0
2019-08-27 00:00:00+09:00,1619.6604656000895,1643.03545369767,1619.6604656000895,1631.7249755859375,401100,0.0,0.0
2019-08-28 00:00:00+09:00,1637.0032094154903,1645.29756008503,1627.2007949878528,1629.462890625,346500,0.0,0.0
2019-08-29 00:00:00+09:00,1630.2171447782073,1652.0840722521054,1622.6768249596216,1633.9873046875,341300,0.0,0.0
2019-08-30 00:00:00+09:00,1658.8700994720805,1670.1805774230265,1654.3459082917022,1662.6402587890625,558400,0.0,0.0
2019-09-02 00:00:00+09:00,1666.410684832772,1675.4590686418187,1655.8542370555508,1658.1163330078125,327500,0.0,0.0
2019-09-03 00:00:00+09:00,1658.8701395414892,1682.2451278713918,1655.8540120150499,1679.9830322265625,482200,0.0,0.0
2019-09-04 00:00:00+09:00,1676.212883492802,1678.4749791520364,1650.5757993548104,1677.720947265625,693400,0.0,0.0
2019-09-05 00:00:00+09:00,1695.817594425885,1747.8457909645183,1691.2934034225257,1728.9949951171875,713300,0.0,0.0
2019-09-06 00:00:00+09:00,1744.829733175876,1750.8619880874608,1735.781350808499,1740.3055419921875,488300,0.0,0.0
2019-09-09 00:00:00+09:00,1735.7815328881047,1753.124267578125,1723.717021799395,1753.124267578125,402400,0.0,0.0
2019-09-10 00:00:00+09:00,1787.055497901421,1826.2651543954605,1787.055497901421,1822.4949951171875,896000,0.0,0.0
2019-09-11 00:00:00+09:00,1842.8539438251503,1885.079729772044,1842.8539438251503,1881.3095703125,876800,0.0,0.0
2019-09-12 00:00:00+09:00,1896.390592313971,1910.7172011624662,1876.0317271082145,1878.2938232421875,851100,0.0,0.0
2019-09-13 00:00:00+09:00,1884.3253604123556,1902.42212257718,1858.6882806788542,1901.6680908203125,873300,0.0,0.0
2019-09-17 00:00:00+09:00,1873.01505023351,1883.5714957662271,1832.2973317501728,1839.0836181640625,1260500,0.0,0.0
2019-09-18 00:00:00+09:00,1814.9547439842447,1817.970871518909,1793.8418512415944,1808.16845703125,1331000,0.0,0.0
2019-09-19 00:00:00+09:00,1824.7571048665432,1855.6724111886624,1817.2167862513923,1819.4788818359375,1143000,0.0,0.0
2019-09-20 00:00:00+09:00,1830.7897394580818,1846.6244118339548,1822.495387261196,1842.1002197265625,768100,0.0,0.0
2019-09-24 00:00:00+09:00,1843.608205615616,1863.9670692359111,1828.527565896879,1833.0517578125,722700,0.0,0.0
2019-09-25 00:00:00+09:00,1796.8581419889592,1835.3137715489413,1793.0879822281768,1824.75732421875,810800,0.0,0.0
2019-09-26 00:00:00+09:00,1839.8380826298535,1858.6888826567986,1822.4953466050638,1825.511474609375,1088600,0.0,0.0
2019-09-27 00:00:00+09:00,1820.9871402267029,1837.5758429534058,1786.3016708890514,1804.3984375,982600,0.0,0.0
2019-09-30 00:00:00+09:00,1798.366263543508,1838.3299582889194,1787.0557838985803,1812.69287109375,804800,0.0,0.0
2019-10-01 00:00:00+09:00,1815.7090089077697,1874.5235033823567,1815.7090089077697,1860.950927734375,584100,0.0,0.0
2019-10-02 00:00:00+09:00,1832.2971123143247,1841.345493115877,1819.478572845459,1833.80517578125,549900,0.0,0.0
2019-10-03 00:00:00+09:00,1773.482957688053,1793.0877863019516,1770.4668302089917,1789.317626953125,616200,0.0,0.0
2019-10-04 00:00:00+09:00,1772.7287458739715,1788.5634135317143,1765.942459734939,1775.744873046875,736000,0.0,0.0
2019-10-07 00:00:00+09:00,1775.744925474509,1781.023148182926,1741.0594619620558,1764.4344482421875,776300,0.0,0.0
2019-10-08 00:00:00+09:00,1768.2048694873067,1805.9064658516418,1768.2048694873067,1786.3016357421875,794900,0.0,0.0
2019-10-09 00:00:00+09:00,1741.8136057200836,1768.2047209582668,1732.7652233527067,1740.3055419921875,1568300,0.0,0.0
2019-10-10 00:00:00+09:00,1753.8784369482464,1777.2534290141946,1737.2897329014443,1774.9913330078125,952200,0.0,0.0
2019-10-11 00:00:00+09:00,1794.5958654790236,1819.4789173953293,1778.761196077738,1811.9385986328125,1010600,0.0,0.0
2019-10-15 00:00:00+09:00,1848.8862121304944,1860.1966905896938,1822.4950957256954,1827.019287109375,868500,0.0,0.0
2019-10-16 00:00:00+09:00,1858.688477567194,1863.966700424383,1814.20059919946,1832.29736328125,891100,0.0,0.0
2019-10-17 00:00:00+09:00,1845.1163476952795,1845.1163476952795,1791.5800744274557,1792.3341064453125,951800,0.0,0.0
2019-10-18 00:00:00+09:00,1798.3659880398802,1810.430497812894,1785.5474464060528,1793.841796875,930700,0.0,0.0
2019-10-21 00:00:00+09:00,1802.8903976062113,1829.2815159316892,1796.8581419889592,1824.75732421875,656800,0.0,0.0
2019-10-23 00:00:00+09:00,1851.9025946470983,1860.950978660032,1820.9872826029082,1825.511474609375,1094900,0.0,0.0
2019-10-24 00:00:00+09:00,1842.1002197265627,1851.902635959246,1824.7574833148922,1842.1002197265625,798600,0.0,0.0
2019-10-25 00:00:00+09:00,1839.083572656742,1842.8537316822785,1784.7932826890153,1796.103759765625,1346400,0.0,0.0
2019-10-28 00:00:00+09:00,1822.4950284590789,1853.4103351065023,1817.9708372423827,1841.3458251953125,944400,0.0,0.0
2019-10-29 00:00:00+09:00,1865.474383069798,1894.8816186962015,1840.5913375397643,1888.849365234375,1503300,0.0,0.0
2019-10-30 00:00:00+09:00,1839.0837830872413,1847.3781338924728,1790.8257420386215,1830.035400390625,1888300,0.0,0.0
2019-10-31 00:00:00+09:00,1829.281135326384,1861.704502523018,1829.281135326384,1854.1641845703125,982700,0.0,0.0
2019-11-01 00:00:00+09:00,1808.9223597717287,1832.2973464965821,1804.3981687927246,1809.6763916015625,819500,0.0,0.0
2019-11-05 00:00:00+09:00,1867.736878567155,1896.3900886541762,1862.4586556563877,1880.555419921875,1323100,0.0,0.0
2019-11-06 00:00:00+09:00,1899.4066457683846,1903.1768058433518,1885.8340694985034,1893.3743896484375,668000,0.0,0.0
2019-11-07 00:00:00+09:00,1878.2935334003619,1879.8015972569658,1832.2975857739377,1836.82177734375,1083900,0.0,0.0
2019-11-08 00:00:00+09:00,1839.8378866792928,1867.7370677477902,1815.7088652146463,1866.22900390625,1818700,0.0,0.0
2019-11-11 00:00:00+09:00,1876.0315504507932,1895.6363817657934,1865.4751028196392,1889.6041259765625,755200,0.0,0.0
2019-11-12 00:00:00+09:00,1882.063520775417,1898.6522216796875,1873.0151384639967,1898.6522216796875,773600,0.0,0.0
2019-11-13 00:00:00+09:00,1888.8497250751386,1893.3739160334023,1854.1642610617828,1863.9666748046875,910600,0.0,0.0
2019-11-14 00:00:00+09:00,1845.870194316757,1845.870194316757,1802.8903736157542,1804.3984375,1271700,0.0,0.0
2019-11-15 00:00:00+09:00,1802.1363944437967,1827.0194492624767,1802.1363944437967,1818.72509765625,785900,0.0,0.0
2019-11-18 00:00:00+09:00,1818.7248855190776,1824.0031086528395,1807.4144073753023,1811.9385986328125,690400,0.0,0.0
2019-11-19 00:00:00+09:00,1804.3982930802392,1804.3982930802392,1775.7450815729057,1783.285400390625,853300,0.0,0.0
2019-11-20 00:00:00+09:00,1775.745365572715,1805.9066456673681,1775.745365572715,1799.8743896484375,1065300,0.0,0.0
2019-11-21 00:00:00+09:00,1787.0554304425104,1792.333653232847,1748.5998072557727,1784.7933349609375,894500,0.0,0.0
2019-11-22 00:00:00+09:00,1783.2853508236128,1814.2006571169609,1779.5151915195459,1793.841796875,844800,0.0,0.0
2019-11-25 00:00:00+09:00,1811.9390058230397,1815.7091660515518,1802.1365892289075,1803.6446533203125,749100,0.0,0.0
2019-11-26 00:00:00+09:00,1805.906447657237,1822.4951498904143,1780.2693623877817,1790.07177734375,7522300,0.0,0.0
2019-11-27 00:00:00+09:00,1813.4465159847862,1831.543279553865,1790.8255615234375,1790.8255615234375,1241700,0.0,0.0
2019-11-28 00:00:00+09:00,1792.3340431093816,1803.6445229775518,1776.4993712939433,1780.26953125,829300,0.0,0.0
2019-11-29 00:00:00+09:00,1774.9910848174616,1787.055595164564,1743.3217451563173,1750.1080322265625,1818700,0.0,0.0
2019-12-02 00:00:00+09:00,1768.204830394072,1803.6443301930149,1765.9427346622244,1794.595947265625,1012700,0.0,0.0
2019-12-03 00:00:00+09:00,1757.6482518221685,1781.7772711522025,1747.0918058652785,1771.2208251953125,1734500,0.0,0.0
2019-12-04 00:00:00+09:00,1741.8137063543243,1753.8782168745272,1735.02741918671,1744.829833984375,1251700,0.0,0.0
2019-12-05 00:00:00+09:00,1762.9266646618496,1773.483111755633,1755.386345309147,1756.8944091796875,1281400,0.0,0.0
2019-12-06 00:00:00+09:00,1771.2210050305737,1775.7451966143044,1758.4024622100033,1759.156494140625,929100,0.0,0.0
2019-12-09 00:00:00+09:00,1785.5476569043133,1807.4145834457934,1767.450890111364,1800.6282958984375,1188500,0.0,0.0
2019-12-10 00:00:00+09:00,1794.5958866633423,1808.922492481243,1788.563631582121,1807.4144287109375,925800,0.0,0.0
2019-12-11 00:00:00+09:00,1805.9063649406323,1811.9386200218537,1793.8418547781896,1807.4144287109375,632500,0.0,0.0
2019-12-12 00:00:00+09:00,1807.4145834457934,1816.4629668422679,1791.579912501963,1800.6282958984375,1032800,0.0,0.0
2019-12-13 00:00:00+09:00,1858.688793595827,1875.2774968246742,1839.0839625071894,1843.608154296875,1465500,0.0,0.0
2019-12-16 00:00:00+09:00,1843.6075883162648,1845.869683516653,1824.7567949796978,1833.80517578125,605900,0.0,0.0
2019-12-17 00:00:00+09:00,1832.2975900341003,1839.083877404597,1796.8580893215067,1810.4306640625,1431100,0.0,0.0
2019-12-18 00:00:00+09:00,1822.4951736493456,1869.9991852090927,1820.2330778607864,1861.704833984375,1437000,0.0,0.0
2019-12-19 00:00:00+09:00,1853.4105643979965,1882.0637789818547,1848.1323406588647,1869.999267578125,1024000,0.0,0.0
2019-12-20 00:00:00+09:00,1875.2776212885958,1896.3905177084112,1860.951013003721,1893.3743896484375,1242100,0.0,0.0
2019-12-23 00:00:00+09:00,1893.3745833836244,1894.1286154757724,1874.5237810799244,1879.0479736328125,678800,0.0,0.0
2019-12-24 00:00:00+09:00,1896.3901866011408,1900.1603460178428,1879.0474532843111,1885.833740234375,524600,0.0,0.0
2019-12-25 00:00:00+09:00,1883.5716481445313,1889.6039032226563,1869.99907421875,1885.0797119140625,667600,0.0,0.0
2019-12-26 00:00:00+09:00,1877.5393401310885,1896.39013671875,1873.0151489500497,1896.39013671875,764400,0.0,0.0
2019-12-27 00:00:00+09:00,1899.467472363878,1911.0073719529657,1883.3116129391547,1888.6968994140625,658600,50.0,0.0
2019-12-30 00:00:00+09:00,1874.080123732589,1886.389352788304,1860.2322410449099,1877.9267578125,574200,0.0,0.0
2020-01-06 00:00:00+09:00,1842.537245645432,1854.846471503606,1827.1507133227144,1851.7691650390625,804300,0.0,0.0
2020-01-07 00:00:00+09:00,1857.9240582575565,1885.6198206166753,1857.1547315253588,1877.1572265625,603400,0.0,0.0
2020-01-08 00:00:00+09:00,1848.6920392495012,1853.30799939744,1804.8404178440824,1807.917724609375,1439600,0.0,0.0
2020-01-09 00:00:00+09:00,1838.690692671539,1840.2293459708458,1819.457526430205,1824.073486328125,627500,0.0,0.0
2020-01-10 00:00:00+09:00,1831.7667060910094,1833.3053593510606,1811.764213710343,1820.226806640625,711700,0.0,0.0
2020-01-14 00:00:00+09:00,1825.6122817993164,1830.2282420567103,1798.685846964518,1809.4564208984375,638200,0.0,0.0
2020-01-15 00:00:00+09:00,1804.8404442293804,1810.2257311473709,1784.0686232599887,1797.91650390625,816300,0.0,0.0
2020-01-16 00:00:00+09:00,1784.8380222869257,1795.6085965593468,1771.7594678132716,1791.761962890625,681000,0.0,0.0
2020-01-17 00:00:00+09:00,1794.8393949408958,1828.689773585302,1782.53016634293,1824.8431396484375,752600,0.0,0.0
2020-01-20 00:00:00+09:00,1823.3041018075596,1842.537267438441,1814.0721823047365,1839.4599609375,498600,0.0,0.0
2020-01-21 00:00:00+09:00,1804.840163856908,1872.5409031661184,1804.840163856908,1827.150634765625,1526500,0.0,0.0
2020-01-22 00:00:00+09:00,1802.5321439487316,1808.6867564760855,1784.0683063666704,1801.7628173828125,855400,0.0,0.0
2020-01-23 00:00:00+09:00,1786.3765499569954,1794.0698167526757,1760.98876953125,1760.98876953125,957100,0.0,0.0
2020-01-24 00:00:00+09:00,1757.9116545317988,1760.2196348222126,1736.370505154604,1752.5263671875,701300,0.0,0.0
2020-01-27 00:00:00+09:00,1722.5221947022033,1731.7541135661722,1707.9049898342525,1708.67431640625,651000,0.0,0.0
2020-01-28 00:00:00+09:00,1692.5185330938345,1707.1357386069176,1689.4412266700276,1704.8277587890625,717900,0.0,0.0
2020-01-29 00:00:00+09:00,1700.2118675595239,1705.597154017857,1690.2106212797619,1696.365234375,793200,0.0,0.0
2020-01-30 00:00:00+09:00,1705.5972290885597,1705.5972290885597,1655.59099548876,1664.0535888671875,737500,0.0,0.0
2020-01-31 00:00:00+09:00,1664.822905332376,1686.3640519817782,1656.3603120058249,1657.129638671875,651200,0.0,0.0
2020-02-03 00:00:00+09:00,1628.664613558636,1658.6683546681243,1620.20201991237,1644.0511474609375,879500,0.0,0.0
2020-02-04 00:00:00+09:00,1635.5885409514844,1667.9002618922007,1629.4339274389672,1663.2843017578125,855100,0.0,0.0
2020-02-05 00:00:00+09:00,1701.7503550733375,1720.9835191225388,1679.4398847762639,1694.826416015625,1112800,0.0,0.0
2020-02-06 00:00:00+09:00,1769.4512011015554,1801.762918686888,1671.7467217363826,1709.4437255859375,2215700,0.0,0.0
2020-02-07 00:00:00+09:00,1706.3665135030424,1715.5984333236179,1674.8241207827427,1690.97998046875,1214400,0.0,0.0
2020-02-10 00:00:00+09:00,1666.3615643307674,1666.3615643307674,1631.741864240793,1633.280517578125,1312700,0.0,0.0
2020-02-12 00:00:00+09:00,1652.5137375380007,1657.1296976987214,1607.1234626242474,1613.278076171875,1317100,0.0,0.0
2020-02-13 00:00:00+09:00,1603.2768918550933,1614.816792708177,1590.9676642784707,1600.1995849609375,848700,0.0,0.0
2020-02-14 00:00:00+09:00,1589.4287045250194,1612.508501783369,1584.043418498071,1610.9698486328125,859600,0.0,0.0
2020-02-17 00:00:00+09:00,1590.9674897670977,1599.4300827977738,1571.7343237882885,1591.73681640625,620900,0.0,0.0
2020-02-18 00:00:00+09:00,1587.1209321132926,1594.0448721952218,1574.0423786252045,1587.8902587890625,518200,0.0,0.0
2020-02-19 00:00:00+09:00,1589.4286489789226,1594.044608269278,1575.5807711078576,1576.35009765625,1004600,0.0,0.0
2020-02-20 00:00:00+09:00,1604.0461956985719,1614.8167696744856,1580.966394321614,1584.043701171875,789800,0.0,0.0
2020-02-21 00:00:00+09:00,1581.73574448192,1597.122278961316,1570.9651703463426,1571.7344970703125,828300,0.0,0.0
2020-02-25 00:00:00+09:00,1502.4949893951416,1541.7306496404833,1497.1097026948007,1526.3441162109375,1180500,0.0,0.0
2020-02-26 00:00:00+09:00,1504.0334975737671,1511.7267635460114,1487.1083124348295,1510.1881103515625,978300,0.0,0.0
2020-02-27 00:00:00+09:00,1500.187148057021,1506.3417619977677,1474.7993655514406,1480.9539794921875,1380700,0.0,0.0
2020-02-28 00:00:00+09:00,1431.7170825315843,1441.718330287044,1393.2507450105852,1402.482666015625,1380000,0.0,0.0
2020-03-02 00:00:00+09:00,1391.712006403759,1418.6384410218527,1370.9401854126581,1399.4052734375,1208000,0.0,0.0
2020-03-03 00:00:00+09:00,1422.4849552436162,1425.5622617990377,1375.5560302734375,1375.5560302734375,834900,0.0,0.0
2020-03-04 00:00:00+09:00,1357.8616088595618,1391.7119832447293,1350.9376686444139,1383.2493896484375,708500,0.0,0.0
2020-03-05 00:00:00+09:00,1407.098604157815,1407.098604157815,1380.1721683210062,1386.3267822265625,768100,0.0,0.0
2020-03-06 00:00:00+09:00,1364.016177506397,1367.8628108326982,1319.3952309213034,1324.780517578125,964000,0.0,0.0
2020-03-09 00:00:00+09:00,1278.620968059937,1289.3915417981073,1211.689545544164,1219.3828125,1130100,0.0,0.0
2020-03-10 00:00:00+09:00,1185.5324475748384,1203.2269617177465,1132.4489051461144,1197.8416748046875,1609500,0.0,0.0
2020-03-11 00:00:00+09:00,1202.4576682995212,1246.3092915196573,1191.6870941752773,1192.4564208984375,1243300,0.0,0.0
2020-03-12 00:00:00+09:00,1159.3754451191874,1175.5313073272184,1116.293145897771,1127.063720703125,1321500,0.0,0.0
2020-03-13 00:00:00+09:00,1080.9039690621858,1103.9837691133355,1011.6645689087361,1051.6695556640625,1672400,0.0,0.0
2020-03-16 00:00:00+09:00,1074.7495021197492,1090.9053643563382,1035.5138366880333,1037.052490234375,1238300,0.0,0.0
2020-03-17 00:00:00+09:00,1009.3567173497013,1064.7482445213313,999.355469388157,1030.1285400390625,1519700,0.0,0.0
2020-03-18 00:00:00+09:00,1040.8988632261521,1055.516068252979,987.0460026010002,988.5846557617188,1894300,0.0,0.0
2020-03-19 00:00:00+09:00,1019.3576985578321,1031.666923597021,947.0410014525972,950.8876342773438,1895600,0.0,0.0
2020-03-23 00:00:00+09:00,970.1208701558633,1020.8964271981209,962.4276039373393,1010.1258544921875,1490700,0.0,0.0
2020-03-24 00:00:00+09:00,1033.2056484360826,1060.901406696469,1013.2031563591369,1060.132080078125,1214000,0.0,0.0
2020-03-25 00:00:00+09:00,1175.5311140800213,1185.5323604694456,1112.4463291621146,1166.2991943359375,1566700,0.0,0.0
2020-03-26 00:00:00+09:00,1140.9115386427495,1157.0673999451753,1089.3666478207238,1140.1422119140625,1179300,0.0,0.0
2020-03-27 00:00:00+09:00,1180.1473956930226,1183.2247031133434,1133.2184575331305,1160.1448974609375,1324300,0.0,0.0
2020-03-30 00:00:00+09:00,1106.2918132379632,1152.451416015625,1091.6746056917036,1152.451416015625,900300,0.0,0.0
2020-03-31 00:00:00+09:00,1143.2195232243828,1167.0686519053759,1105.5225133737806,1113.985107421875,903700,0.0,0.0
2020-04-01 00:00:00+09:00,1097.829228313975,1112.4464359789822,1030.1284770234145,1043.20703125,1108000,0.0,0.0
2020-04-02 00:00:00+09:00,1020.1269531249999,1042.4374219339177,1005.5097494226055,1020.126953125,892500,0.0,0.0
2020-04-03 00:00:00+09:00,1093.212982455588,1112.4461454122309,991.6618820445129,1013.9723510742188,977800,0.0,0.0
2020-04-06 00:00:00+09:00,997.047365419708,1068.5947458086223,980.1221786610402,1053.9775390625,1042700,0.0,0.0
2020-04-07 00:00:00+09:00,1095.520968172507,1110.9074986243681,1061.6706011784127,1103.2142333984375,751000,0.0,0.0
2020-04-08 00:00:00+09:00,1113.9850846673528,1113.9850846673528,1049.3616405291914,1097.8292236328125,985800,0.0,0.0
2020-04-09 00:00:00+09:00,1107.0609352043743,1129.3714057540108,1094.7517100735404,1120.9088134765625,931000,0.0,0.0
2020-04-10 00:00:00+09:00,1127.8329842550713,1140.9115386427495,1105.5225091231496,1140.1422119140625,733200,0.0,0.0
2020-04-13 00:00:00+09:00,1131.6796058074463,1136.29556613025,1102.4451904296875,1102.4451904296875,499400,0.0,0.0
2020-04-14 00:00:00+09:00,1096.2904473839355,1127.0635125736599,1085.5198745675318,1123.9862060546875,762000,0.0,0.0
2020-04-15 00:00:00+09:00,1103.9838039695833,1103.9838039695833,1069.3641027998053,1074.7493896484375,1265500,0.0,0.0
2020-04-16 00:00:00+09:00,1058.5937471549528,1063.9790351128631,1045.5151906857418,1056.2857666015625,620800,0.0,0.0
2020-04-17 00:00:00+09:00,1076.2881082024373,1099.367910379759,1071.672147766973,1092.4439697265625,566000,0.0,0.0
2020-04-20 00:00:00+09:00,1075.5186544847286,1091.674514101452,1072.441347891067,1087.827880859375,484800,0.0,0.0
2020-04-21 00:00:00+09:00,1069.3641593744314,1071.67213957452,1054.7469514405363,1057.054931640625,679500,0.0,0.0
2020-04-22 00:00:00+09:00,1047.0535245094613,1049.3615043577554,1021.6657461782253,1031.6669921875,1000400,0.0,0.0
2020-04-23 00:00:00+09:00,1041.668281954451,1088.5972075077905,1041.668281954451,1087.827880859375,724800,0.0,0.0
2020-04-24 00:00:00+09:00,1087.8279102466724,1092.4438702618634,1070.9027235243054,1080.1346435546875,644300,0.0,0.0
2020-04-27 00:00:00+09:00,1100.1370068559218,1130.140743406538,1090.1357613390498,1127.832763671875,820700,0.0,0.0
2020-04-28 00:00:00+09:00,1139.3728323598689,1140.911485745905,1115.5237048763065,1131.6795654296875,964400,0.0,0.0
2020-04-30 00:00:00+09:00,1196.3030116324921,1233.2306930205048,1188.6097446766562,1219.3828125,1402300,0.0,0.0
2020-05-01 00:00:00+09:00,1192.4563002775085,1193.9949535681892,1165.529867690597,1166.2991943359375,1104600,0.0,0.0
2020-05-07 00:00:00+09:00,1152.4514588216146,1163.222033203125,1146.296844889323,1153.9901123046875,854800,0.0,0.0
2020-05-08 00:00:00+09:00,1167.837882759446,1221.6907495533599,1157.8366360691477,1217.8441162109375,767700,0.0,0.0
2020-05-11 00:00:00+09:00,1230.9227130856966,1253.233187260375,1223.9987728245897,1247.847900390625,809700,0.0,0.0
2020-05-12 00:00:00+09:00,1229.3838171970935,1234.76910300459,1206.3040208792506,1221.6905517578125,797100,0.0,0.0
2020-05-13 00:00:00+09:00,1190.9175527492655,1221.6906161277996,1183.224286904632,1210.9200439453125,571800,0.0,0.0
2020-05-14 00:00:00+09:00,1192.4563578686684,1201.6882780586193,1177.06982421875,1177.06982421875,755100,0.0,0.0
2020-05-15 00:00:00+09:00,1207.842842185245,1213.9974553938323,1177.8391027933822,1199.3802490234375,607300,0.0,0.0
2020-05-18 00:00:00+09:00,1193.995074344758,1203.9963217458417,1180.9165200510333,1192.4564208984375,560200,0.0,0.0
2020-05-19 00:00:00+09:00,1247.84788367907,1260.9264373304538,1233.2306766569354,1236.3079833984375,928600,0.0,0.0
2020-05-20 00:00:00+09:00,1230.9229018397941,1274.7745302178369,1221.6909800759956,1270.1585693359375,988500,0.0,0.0
2020-05-21 00:00:00+09:00,1283.2369921518157,1291.6995862247593,1258.6185366668888,1263.2344970703125,735600,0.0,0.0
2020-05-22 00:00:00+09:00,1267.0811912642719,1267.8505180349243,1213.997644089266,1217.074951171875,749800,0.0,0.0
2020-05-25 00:00:00+09:00,1250.1558202820775,1254.7717802338882,1225.5373672057535,1234.769287109375,426700,0.0,0.0
2020-05-26 00:00:00+09:00,1250.9252073208634,1280.1596217600963,1244.00126705894,1276.31298828125,681300,0.0,0.0
2020-05-27 00:00:00+09:00,1284.7754688016396,1315.548533922637,1274.0048960092906,1309.3939208984375,842000,0.0,0.0
2020-05-28 00:00:00+09:00,1327.0885537846298,1354.0149882092453,1309.394039734168,1335.5511474609375,990100,0.0,0.0
2020-05-29 00:00:00+09:00,1312.4712344310321,1332.4737268666752,1285.5448023061283,1314.0098876953125,1231400,0.0,0.0
2020-06-01 00:00:00+09:00,1317.856370208705,1340.166839990405,1306.3164720457564,1321.7030029296875,638400,0.0,0.0
2020-06-02 00:00:00+09:00,1340.1669921875,1352.4762182925515,1314.0098867142651,1340.1669921875,698600,0.0,0.0
2020-06-03 00:00:00+09:00,1383.2493568483812,1396.327910277982,1367.0934967294625,1388.6346435546875,869700,0.0,0.0
2020-06-04 00:00:00+09:00,1427.1007998492496,1427.8701264259878,1370.9399597473655,1382.4798583984375,1027300,0.0,0.0
2020-06-05 00:00:00+09:00,1405.55983803489,1421.7156982421875,1391.7119578572062,1421.7156982421875,804400,0.0,0.0
2020-06-08 00:00:00+09:00,1452.488952764675,1474.03010248788,1447.103665333874,1467.87548828125,914200,0.0,0.0
2020-06-09 00:00:00+09:00,1462.489802813289,1467.1057622119633,1437.1020261205808,1447.103271484375,878500,0.0,0.0
2020-06-10 00:00:00+09:00,1438.6408702928356,1473.2605703800964,1425.562316926537,1467.10595703125,664700,0.0,0.0
2020-06-11 00:00:00+09:00,1416.3302420774648,1424.7928345070422,1365.5546875,1365.5546875,1483700,0.0,0.0
2020-06-12 00:00:00+09:00,1324.010938254642,1350.1680398819854,1293.237877516591,1344.013427734375,1244700,0.0,0.0
2020-06-15 00:00:00+09:00,1358.6309853921587,1394.7893411755288,1330.9352235155347,1332.473876953125,1318000,0.0,0.0
2020-06-16 00:00:00+09:00,1390.9426536060316,1414.7917809632147,1375.556119827204,1409.406494140625,917100,0.0,0.0
2020-06-17 00:00:00+09:00,1408.6372239685902,1408.6372239685902,1381.7107887753075,1391.7120361328125,657200,0.0,0.0
2020-06-18 00:00:00+09:00,1386.32676940577,1391.7120565233286,1368.632254590935,1377.0948486328125,659700,0.0,0.0
2020-06-19 00:00:00+09:00,1387.0961297206911,1390.1734367195168,1364.7856539792047,1371.7095947265625,1027100,0.0,0.0
2020-06-22 00:00:00+09:00,1383.2493568483812,1404.0211770012768,1370.1708034187802,1388.6346435546875,647300,0.0,0.0
2020-06-23 00:00:00+09:00,1412.483956817209,1425.5625119729239,1388.634826827376,1404.0213623046875,841900,0.0,0.0
2020-06-24 00:00:00+09:00,1403.2516434832316,1408.636929395722,1386.326459186833,1387.8651123046875,864200,0.0,0.0
2020-06-25 00:00:00+09:00,1364.016192409832,1378.6333992094862,1355.553598999506,1362.4775390625,1059900,0.0,0.0
2020-06-26 00:00:00+09:00,1384.787852112676,1385.5571786971832,1360.9387279929579,1365.5546875,1337000,0.0,0.0
2020-06-29 00:00:00+09:00,1348.9307889921172,1352.8889192415072,1316.474120947119,1318.057373046875,888500,50.0,0.0
2020-06-30 00:00:00+09:00,1345.7642833132418,1365.5549345384366,1333.889892578125,1333.889892578125,752400,0.0,0.0
2020-07-01 00:00:00+09:00,1333.8898950919897,1337.8480253444882,1298.2667228195032,1306.974609375,527300,0.0,0.0
2020-07-02 00:00:00+09:00,1296.683470061888,1333.0982683664345,1283.225827210208,1314.0992431640625,772600,0.0,0.0
2020-07-03 00:00:00+09:00,1326.765259595533,1339.4312763935811,1302.224852049315,1318.057373046875,529800,0.0,0.0
2020-07-06 00:00:00+09:00,1330.723028412131,1366.346190981165,1322.8067700634567,1363.9713134765625,745900,0.0,0.0
2020-07-07 00:00:00+09:00,1361.5969303871268,1361.5969303871268,1322.0156242712221,1325.9737548828125,735800,0.0,0.0
2020-07-08 00:00:00+09:00,1322.0155016995777,1355.2637957542977,1306.1829807211395,1335.47314453125,797600,0.0,0.0
2020-07-09 00:00:00+09:00,1333.8897705078125,1335.4730224609375,1315.682373046875,1316.4739990234375,841600,0.0,0.0
2020-07-10 00:00:00+09:00,1312.5159933840737,1312.5159933840737,1289.558837890625,1289.558837890625,896400,0.0,0.0
2020-07-13 00:00:00+09:00,1318.0573703931725,1356.0554207108135,1317.2657443448884,1347.3475341796875,660600,0.0,0.0
2020-07-14 00:00:00+09:00,1341.8059078419703,1349.7221668852858,1321.22363432935,1337.8477783203125,555800,0.0,0.0
2020-07-15 00:00:00+09:00,1356.846801328994,1371.0960676206637,1341.8059091322316,1352.0970458984375,785200,0.0,0.0
2020-07-16 00:00:00+09:00,1369.5131844434272,1397.220098579566,1352.8890359617442,1364.763427734375,950100,0.0,0.0
2020-07-17 00:00:00+09:00,1356.0552978515625,1367.1380615234375,1352.09716796875,1358.43017578125,587300,0.0,0.0
2020-07-20 00:00:00+09:00,1345.76416015625,1370.3045654296875,1342.59765625,1368.7213134765625,398200,0.0,0.0
2020-07-21 00:00:00+09:00,1360.8051744467646,1379.0125735231318,1354.4721660723758,1375.8460693359375,594400,0.0,0.0
2020-07-22 00:00:00+09:00,1394.0533447265625,1399.5947265625,1374.2626953125,1374.2626953125,648900,0.0,0.0
2020-07-27 00:00:00+09:00,1349.7225314890425,1367.9299322070765,1332.306756889184,1364.763427734375,471400,0.0,0.0
2020-07-28 00:00:00+09:00,1369.5130646348919,1371.8879427816576,1333.0982663844843,1335.47314453125,643400,0.0,0.0
2020-07-29 00:00:00+09:00,1331.5150168652106,1338.6396513193051,1307.7662353515625,1307.7662353515625,403100,0.0,0.0
2020-07-30 00:00:00+09:00,1312.515744744449,1314.8906224490531,1277.6842050769244,1287.975341796875,1085500,0.0,0.0
2020-07-31 00:00:00+09:00,1351.3055419921875,1375.0543212890625,1339.43115234375,1358.43017578125,1881500,0.0,0.0
2020-08-03 00:00:00+09:00,1376.6375732421875,1416.2188720703125,1374.2626953125,1405.927734375,1177200,0.0,0.0
2020-08-04 00:00:00+09:00,1415.42724609375,1428.8848876953125,1394.844970703125,1425.7183837890625,1261300,0.0,0.0
2020-08-05 00:00:00+09:00,1410.6776121678374,1425.718507022601,1399.5948475380114,1412.2608642578125,476800,0.0,0.0
2020-08-06 00:00:00+09:00,1456.591796875,1495.3814697265625,1443.92578125,1461.341552734375,1318700,0.0,0.0
2020-08-07 00:00:00+09:00,1462.1331787109375,1468.4661865234375,1421.76025390625,1436.8011474609375,905200,0.0,0.0
2020-08-11 00:00:00+09:00,1451.842041015625,1466.09130859375,1439.9676513671875,1458.9666748046875,744800,0.0,0.0
2020-08-12 00:00:00+09:00,1472.4245547797736,1508.8393555969078,1469.2580503608924,1508.0477294921875,1070200,0.0,0.0
2020-08-13 00:00:00+09:00,1527.838134765625,1531.004638671875,1487.4652099609375,1489.840087890625,1027400,0.0,0.0
2020-08-14 00:00:00+09:00,1495.3813469412482,1499.3394764990599,1481.9237064446886,1486.6734619140625,580100,0.0,0.0
2020-08-17 00:00:00+09:00,1486.6737050874108,1504.0894779904581,1482.7155748821729,1498.548095703125,725800,0.0,0.0
2020-08-18 00:00:00+09:00,1513.5888671875,1514.3804931640625,1466.09130859375,1472.42431640625,921600,0.0,0.0
2020-08-19 00:00:00+09:00,1468.4663080043547,1490.631837181779,1456.5919173735917,1475.5909423828125,767100,0.0,0.0
2020-08-20 00:00:00+09:00,1471.6328130275863,1477.9658213676728,1459.7584223899244,1465.2998046875,620300,0.0,0.0
2020-08-21 00:00:00+09:00,1473.216065112608,1481.132325537716,1464.5081786449891,1465.2998046875,625600,0.0,0.0
2020-08-24 00:00:00+09:00,1468.4661865234375,1469.2578125,1449.4671630859375,1460.5499267578125,530400,0.0,0.0
2020-08-25 00:00:00+09:00,1476.382567128305,1500.9229744103304,1468.4663067147483,1491.4234619140625,1089000,0.0,0.0
2020-08-26 00:00:00+09:00,1491.423457661613,1548.4205324767065,1490.6318316225145,1545.2540283203125,1371300,0.0,0.0
2020-08-27 00:00:00+09:00,1568.2111835176672,1569.0028095567977,1534.962889874183,1544.46240234375,1070000,0.0,0.0
2020-08-28 00:00:00+09:00,1532.587890625,1588.001708984375,1532.587890625,1549.2120361328125,1189000,0.0,0.0
2020-08-31 00:00:00+09:00,1577.7105712890625,1598.2928466796875,1564.2529296875,1564.2529296875,686900,0.0,0.0
2020-09-01 00:00:00+09:00,1559.503173828125,1569.7943115234375,1549.2120361328125,1566.6278076171875,416800,0.0,0.0
2020-09-02 00:00:00+09:00,1580.8771978182572,1588.0018321599518,1561.0865468691052,1573.7525634765625,550800,0.0,0.0
2020-09-03 00:00:00+09:00,1598.2929704045675,1600.667848518096,1576.9190673828125,1576.9190673828125,503100,0.0,0.0
2020-09-04 00:00:00+09:00,1546.0455322265625,1576.9189453125,1540.504150390625,1576.1273193359375,413500,0.0,0.0
2020-09-07 00:00:00+09:00,1580.085689744262,1613.333985821045,1578.5024375501296,1603.83447265625,562100,0.0,0.0
2020-09-08 00:00:00+09:00,1612.5422360888888,1619.666870416233,1596.7097153614575,1615.708740234375,462300,0.0,0.0
2020-09-09 00:00:00+09:00,1599.08435278166,1628.37451171875,1589.5848417750365,1628.37451171875,520200,0.0,0.0
2020-09-10 00:00:00+09:00,1642.6237824489253,1693.287841281085,1637.082401014158,1686.1632080078125,1110200,0.0,0.0
2020-09-11 00:00:00+09:00,1698.0379650107031,1698.8295911016173,1662.4147909195697,1690.1217041015625,812100,0.0,0.0
2020-09-14 00:00:00+09:00,1710.7037353515625,1717.0367431640625,1693.2879638671875,1698.829345703125,485700,0.0,0.0
2020-09-15 00:00:00+09:00,1695.662841796875,1697.24609375,1671.1224365234375,1679.0386962890625,765700,0.0,0.0
2020-09-16 00:00:00+09:00,1673.497314453125,1678.2470703125,1658.4564208984375,1660.831298828125,434000,0.0,0.0
2020-09-17 00:00:00+09:00,1649.7484117236777,1659.2479227316835,1628.3745119556647,1631.541015625,675600,0.0,0.0
2020-09-18 00:00:00+09:00,1644.2073959423594,1654.49853515625,1637.0827611019736,1654.49853515625,534700,0.0,0.0
2020-09-23 00:00:00+09:00,1629.9580077532426,1640.2491462189018,1619.6668692875835,1630.7496337890625,470300,0.0,0.0
2020-09-24 00:00:00+09:00,1622.833251953125,1626.7913818359375,1603.834228515625,1606.2091064453125,608600,0.0,0.0
2020-09-25 00:00:00+09:00,1626.7912581404285,1633.1242654713888,1595.126221485627,1605.4173583984375,735800,0.0,0.0
2020-09-28 00:00:00+09:00,1619.6668684691795,1642.6240234963573,1606.2092258670405,1641.8323974609375,624700,0.0,0.0
2020-09-29 00:00:00+09:00,1646.5821539693088,1656.0816663960547,1622.833372902444,1637.874267578125,465000,0.0,0.0
2020-09-30 00:00:00+09:00,1600.667724609375,1603.0426025390625,1550.003662109375,1550.003662109375,1078100,0.0,0.0
2020-10-02 00:00:00+09:00,1567.419557988613,1567.419557988613,1531.0047601767562,1538.12939453125,841000,0.0,0.0
2020-10-05 00:00:00+09:00,1549.2120361328125,1580.8770751953125,1547.6287841796875,1580.8770751953125,568800,0.0,0.0
2020-10-06 00:00:00+09:00,1586.41845703125,1591.9598388671875,1578.502197265625,1580.8770751953125,446500,0.0,0.0
2020-10-07 00:00:00+09:00,1563.461424861122,1581.6688237329224,1557.9200425957915,1575.3358154296875,418200,0.0,0.0
2020-10-08 00:00:00+09:00,1582.4603271484375,1584.0435791015625,1567.41943359375,1578.502197265625,488700,0.0,0.0
2020-10-09 00:00:00+09:00,1578.502197265625,1583.251953125,1565.0445556640625,1568.2110595703125,533000,0.0,0.0
2020-10-12 00:00:00+09:00,1575.3355702996375,1575.3355702996375,1555.5449224315516,1562.6695556640625,326400,0.0,0.0
2020-10-13 00:00:00+09:00,1565.8363033417734,1572.9609376845822,1550.003782579976,1570.5860595703125,266100,0.0,0.0
2020-10-14 00:00:00+09:00,1564.2531763244504,1564.2531763244504,1542.8792715872235,1548.420654296875,491400,0.0,0.0
2020-10-15 00:00:00+09:00,1546.0456549251319,1559.503297594731,1532.5880122555325,1538.12939453125,427200,0.0,0.0
2020-10-16 00:00:00+09:00,1529.421263821489,1542.8789043416575,1513.5887455624675,1519.130126953125,411500,0.0,0.0
2020-10-19 00:00:00+09:00,1534.9627685546875,1549.2120361328125,1534.171142578125,1546.837158203125,331600,0.0,0.0
2020-10-20 00:00:00+09:00,1550.7954109717248,1556.3367932467643,1535.7545162251895,1540.5042724609375,349200,0.0,0.0
2020-10-21 00:00:00+09:00,1556.336789737269,1586.4185791625061,1551.5870335122315,1585.626953125,572800,0.0,0.0
2020-10-22 00:00:00+09:00,1557.1282958984375,1572.169189453125,1553.170166015625,1557.919921875,500000,0.0,0.0
2020-10-23 00:00:00+09:00,1576.9190668337706,1587.2102053221436,1567.4195543829646,1584.043701171875,336100,0.0,0.0
2020-10-26 00:00:00+09:00,1584.0438204678621,1602.251220703125,1578.5024377875648,1602.251220703125,371500,0.0,0.0
2020-10-27 00:00:00+09:00,1580.8771978799698,1585.6269541079516,1569.0028073100152,1572.9609375,512600,0.0,0.0
2020-10-28 00:00:00+09:00,1549.2120361328125,1563.4613037109375,1531.004638671875,1546.0455322265625,788700,0.0,0.0
2020-10-29 00:00:00+09:00,1607.000732421875,1672.7056884765625,1588.7933349609375,1663.2061767578125,1899100,0.0,0.0
2020-10-30 00:00:00+09:00,1676.6639447254172,1687.7467092325728,1607.000853537581,1619.6668701171875,1186900,0.0,0.0
2020-11-02 00:00:00+09:00,1606.2092267954895,1645.7905285893655,1599.8762185084693,1629.1663818359375,976300,0.0,0.0
2020-11-04 00:00:00+09:00,1685.3718237551975,1729.7028815899985,1681.413693591376,1719.4117431640625,1355700,0.0,0.0
2020-11-05 00:00:00+09:00,1725.74462890625,1725.74462890625,1672.7056884765625,1694.07958984375,1091200,0.0,0.0
2020-11-06 00:00:00+09:00,1694.0797114594245,1707.5373540270928,1668.7476783908724,1700.4127197265625,500900,0.0,0.0
2020-11-09 00:00:00+09:00,1728.9111328125,1742.3687744140625,1702.7874755859375,1728.9111328125,756600,0.0,0.0
2020-11-10 00:00:00+09:00,1781.1585705966547,1805.6989775693196,1744.7437731533453,1762.951171875,1139700,0.0,0.0
2020-11-11 00:00:00+09:00,1789.074829263818,1803.3240978154768,1762.159544221796,1786.699951171875,787100,0.0,0.0
2020-11-12 00:00:00+09:00,1769.2840576171875,1771.658935546875,1745.5352783203125,1764.5343017578125,709700,0.0,0.0
2020-11-13 00:00:00+09:00,1763.74267578125,1770.07568359375,1747.91015625,1764.5343017578125,675300,0.0,0.0
2020-11-16 00:00:00+09:00,1781.1582013764548,1785.1163307128468,1760.5759288272156,1768.4921875,774300,0.0,0.0
2020-11-17 00:00:00+09:00,1776.4089365299917,1783.533571302171,1755.8266582992521,1769.2843017578125,508200,0.0,0.0
2020-11-18 00:00:00+09:00,1752.6600348449208,1758.9930431009097,1741.5772703969403,1743.1605224609375,409000,0.0,0.0
2020-11-19 00:00:00+09:00,1738.41064453125,1747.1185302734375,1717.828369140625,1731.2860107421875,497300,0.0,0.0
2020-11-20 00:00:00+09:00,1717.82848932782,1749.4935306057523,1715.4536112319752,1744.7437744140625,407400,0.0,0.0
2020-11-24 00:00:00+09:00,1780.3669445652783,1781.1585705966547,1762.1595458436236,1762.951171875,423800,0.0,0.0
2020-11-25 00:00:00+09:00,1796.1994638667538,1815.1984886057587,1781.1585692817082,1781.9501953125,719800,0.0,0.0
2020-11-26 00:00:00+09:00,1770.075447478509,1831.8222654138058,1765.3256922527169,1830.239013671875,809900,0.0,0.0
2020-11-27 00:00:00+09:00,1836.5725088221877,1857.1547869382985,1818.3651089502437,1843.6971435546875,1079800,0.0,0.0
2020-11-30 00:00:00+09:00,1883.2785800194972,1883.2785800194972,1806.4908447265627,1806.4908447265625,1024500,0.0,0.0
2020-12-01 00:00:00+09:00,1827.8645011652357,1841.3221436597394,1808.8654764671128,1839.7388916015625,539500,0.0,0.0
2020-12-02 00:00:00+09:00,1852.4046625620308,1852.4046625620308,1829.4475107610483,1844.4884033203125,645100,0.0,0.0
2020-12-03 00:00:00+09:00,1850.8212915431836,1877.7365712320066,1841.3217810647755,1869.8203125,594900,0.0,0.0
2020-12-04 00:00:00+09:00,1876.1540426459194,1917.318603919163,1870.612659397598,1915.7353515625,789900,0.0,0.0
2020-12-07 00:00:00+09:00,1939.483768928892,1940.2753949570263,1872.1955565374815,1873.77880859375,813300,0.0,0.0
2020-12-08 00:00:00+09:00,1861.1126708984375,1895.9442138671875,1845.2801513671875,1886.4447021484375,516900,0.0,0.0
2020-12-09 00:00:00+09:00,1891.986449889116,1914.1519815196161,1891.1948237594552,1893.5697021484375,605400,0.0,0.0
2020-12-10 00:00:00+09:00,1901.485595703125,1914.9432373046875,1884.06982421875,1885.653076171875,668500,0.0,0.0
2020-12-11 00:00:00+09:00,1883.2783200564802,1888.8197022508455,1863.4876693623178,1887.2364501953125,757000,0.0,0.0
2020-12-14 00:00:00+09:00,1835.780885698898,1866.6543029228121,1789.866572904359,1821.5316162109375,2176200,0.0,0.0
2020-12-15 00:00:00+09:00,1831.0310034283139,1879.3201911538335,1823.906369173729,1868.2374267578125,1558900,0.0,0.0
2020-12-16 00:00:00+09:00,1884.0697030647284,1910.1933586114242,1880.9031993620986,1898.3189697265625,963600,0.0,0.0
2020-12-17 00:00:00+09:00,1897.5278346470425,1903.8608436905035,1879.3204336470917,1884.0701904296875,595800,0.0,0.0
2020-12-18 00:00:00+09:00,1895.9445845667628,1900.6943413548215,1871.4041744951262,1872.9874267578125,719900,0.0,0.0
2020-12-21 00:00:00+09:00,1881.69470059801,1884.8612040908129,1857.154298528789,1869.8203125,502900,0.0,0.0
2020-12-22 00:00:00+09:00,1850.0296609785519,1868.237056015996,1833.4055176834943,1834.1971435546875,639200,0.0,0.0
2020-12-23 00:00:00+09:00,1833.40576171875,1836.572265625,1786.6998291015625,1810.4486083984375,885000,0.0,0.0
2020-12-24 00:00:00+09:00,1825.489501953125,1837.3638916015625,1804.1156005859375,1810.4486083984375,957500,0.0,0.0
2020-12-25 00:00:00+09:00,1790.657958984375,1799.3658447265625,1777.2003173828125,1792.2412109375,1121800,0.0,0.0
2020-12-28 00:00:00+09:00,1801.740966368558,1821.531618459601,1792.2414533648575,1804.907470703125,882900,0.0,0.0
2020-12-29 00:00:00+09:00,1806.5259078049648,1846.185302734375,1800.0509045511835,1846.185302734375,754300,50.0,0.0
2020-12-30 00:00:00+09:00,1840.5195620922332,1840.5195620922332,1818.6664274499772,1825.9508056640625,510700,0.0,0.0
2021-01-04 00:00:00+09:00,1823.5229208148837,1823.5229208148837,1769.2947647143078,1787.910400390625,553300,0.0,0.0
2021-01-05 00:00:00+09:00,1760.3915882759354,1784.6728515625,1757.963461947279,1784.6728515625,949600,0.0,0.0
2021-01-06 00:00:00+09:00,1783.8633085990864,1796.0039391022563,1762.8195490602586,1777.3883056640625,781500,0.0,0.0
2021-01-07 00:00:00+09:00,1806.5259560032894,1860.7541097005208,1806.5259560032894,1845.3759765625,1012400,0.0,0.0
2021-01-08 00:00:00+09:00,1861.5633272009045,1882.6070865518711,1852.6601982447262,1868.038330078125,678400,0.0,0.0
2021-01-12 00:00:00+09:00,1861.5635001069043,1869.6572544551952,1843.7572405406643,1863.1822509765625,466000,0.0,0.0
2021-01-13 00:00:00+09:00,1860.7539933306698,1887.4633807947464,1851.8508641759777,1883.41650390625,667100,0.0,0.0
2021-01-14 00:00:00+09:00,1897.9856908290362,1900.4138175123996,1857.51691277298,1866.4200439453125,699000,0.0,0.0
2021-01-15 00:00:00+09:00,1872.894736797216,1904.4603784286298,1846.1853477244813,1853.4697265625,1004700,0.0,0.0
2021-01-18 00:00:00+09:00,1822.7134065407058,1829.188409761099,1805.7165230871733,1816.2384033203125,481100,0.0,0.0
2021-01-19 00:00:00+09:00,1817.0479860048035,1836.472997881915,1795.1948476430532,1796.8135986328125,404000,0.0,0.0
2021-01-20 00:00:00+09:00,1813.0008997054247,1825.950906131892,1804.0977702872283,1820.2852783203125,402600,0.0,0.0
2021-01-21 00:00:00+09:00,1837.2825228957322,1854.2794096714194,1823.5231383630328,1832.42626953125,484700,0.0,0.0
2021-01-22 00:00:00+09:00,1821.094895424627,1826.7605239881702,1806.52613626123,1824.3323974609375,314600,0.0,0.0
2021-01-25 00:00:00+09:00,1832.4260040810534,1838.901007629043,1818.6666215415755,1826.7603759765625,310000,0.0,0.0
2021-01-26 00:00:00+09:00,1827.5696958650117,1846.1853304995977,1821.0946925138514,1839.7103271484375,404300,0.0,0.0
2021-01-27 00:00:00+09:00,1841.3292654428276,1880.1792895049182,1841.3292654428276,1852.6605224609375,422000,0.0,0.0
2021-01-28 00:00:00+09:00,1813.000994748809,1886.6541601604795,1810.572868416556,1868.847900390625,624100,0.0,0.0
2021-01-29 00:00:00+09:00,1872.0852361940872,1906.0790018318526,1855.897728747532,1857.5164794921875,842500,0.0,0.0
2021-02-01 00:00:00+09:00,1860.7544529104616,1915.7919921875,1853.47007271203,1915.7919921875,761700,0.0,0.0
2021-02-02 00:00:00+09:00,1927.1229999367308,1953.023015055578,1919.0292452120912,1923.885498046875,810800,0.0,0.0
2021-02-03 00:00:00+09:00,1974.8758657776546,2016.9633842286537,1967.5914875842122,2004.82275390625,2771800,0.0,0.0
2021-02-04 00:00:00+09:00,1978.9226786918127,1998.347686580812,1964.3539227750632,1983.7789306640625,1038900,0.0,0.0
2021-02-05 00:00:00+09:00,1993.491645027006,1999.1572729259865,1944.1197447644613,1956.2603759765625,1415200,0.0,0.0
2021-02-08 00:00:00+09:00,1958.6889698221478,2000.7765014051029,1958.6889698221478,1984.5889892578125,921200,0.0,0.0
2021-02-09 00:00:00+09:00,1974.8758517201954,1981.3508545127206,1911.7445744930744,1924.694580078125,1214400,0.0,0.0
2021-02-10 00:00:00+09:00,1917.4103918063586,1938.454152965905,1897.1760060760257,1933.597900390625,918000,0.0,0.0
2021-02-12 00:00:00+09:00,1942.5013222158377,1950.5950777250705,1908.5075490770607,1936.835693359375,508200,0.0,0.0
2021-02-15 00:00:00+09:00,1947.357271992479,1960.3072787887713,1930.3603880723451,1953.832275390625,351200,0.0,0.0
2021-02-16 00:00:00+09:00,1959.497877633123,1970.8291334310838,1943.3103693503213,1956.2603759765625,431500,0.0,0.0
2021-02-17 00:00:00+09:00,1950.5948011032024,1998.3479518356044,1949.7854256670598,1993.49169921875,490800,0.0,0.0
2021-02-18 00:00:00+09:00,2017.7730874354147,2080.0949998832793,2016.9637119490787,2031.532470703125,1157800,0.0,0.0
2021-02-19 00:00:00+09:00,2015.3447067593258,2027.4853375229363,1987.8259436951423,2005.6322021484375,559300,0.0,0.0
2021-02-22 00:00:00+09:00,2043.6728851781854,2059.0510177795263,2024.2478755764919,2025.0572509765625,684100,0.0,0.0
2021-02-24 00:00:00+09:00,2044.4824045854318,2046.9105309566735,1987.8261225897943,1988.635498046875,467200,0.0,0.0
2021-02-25 00:00:00+09:00,2015.3451215942284,2026.6763793060034,2004.0138638824537,2008.8701171875,374700,0.0,0.0
2021-02-26 00:00:00+09:00,1968.4011820821236,1982.9699408310867,1951.404296875,1951.404296875,815100,0.0,0.0
2021-03-01 00:00:00+09:00,1981.3510655135738,2004.0135777008206,1974.8760620315034,1997.53857421875,421800,0.0,0.0
2021-03-02 00:00:00+09:00,2012.1073386701232,2022.6292193630884,1978.1135702774664,1985.39794921875,342900,0.0,0.0
2021-03-03 00:00:00+09:00,2010.4883017906777,2035.578936796922,1995.9195459806003,2020.2008056640625,481800,0.0,0.0
2021-03-04 00:00:00+09:00,2023.4386187706848,2026.676120560718,1954.6417057324816,1987.0167236328125,621800,0.0,0.0
2021-03-05 00:00:00+09:00,1985.3978137540664,2013.7259521484377,1965.9728045693548,2013.7259521484375,419600,0.0,0.0
2021-03-08 00:00:00+09:00,2037.1979877801966,2051.7667457381003,2003.204219211755,2011.2979736328125,451400,0.0,0.0
2021-03-09 00:00:00+09:00,2031.5322582067304,2038.8166368218142,2008.0603715581267,2016.9635009765625,360000,0.0,0.0
2021-03-10 00:00:00+09:00,2015.3447521840133,2023.4385062088486,1991.8728655119905,2012.9166259765625,343900,0.0,0.0
2021-03-11 00:00:00+09:00,2012.9166239681826,2034.7697598134343,2011.2978731648307,2016.9635009765625,387600,0.0,0.0
2021-03-12 00:00:00+09:00,2016.9637278717971,2050.1481230735403,2007.251221959092,2045.2918701171875,697300,0.0,0.0
2021-03-15 00:00:00+09:00,2059.860306026808,2086.569693099061,2045.2915494419424,2052.575927734375,406500,0.0,0.0
2021-03-16 00:00:00+09:00,2055.813765048794,2067.9543975195543,2034.7700020994753,2063.09814453125,405700,0.0,0.0
2021-03-17 00:00:00+09:00,2047.7199496081364,2058.241830772131,2029.9136891767614,2042.0543212890625,479200,0.0,0.0
2021-03-18 00:00:00+09:00,2061.4793442670034,2070.3824745327815,2041.244957299326,2063.907470703125,608200,0.0,0.0
2021-03-19 00:00:00+09:00,2063.907314616328,2097.0917067336886,2056.622935858859,2082.52294921875,650200,0.0,0.0
2021-03-22 00:00:00+09:00,2096.282230347626,2101.947857997214,2069.5728428567104,2088.1884765625,720300,0.0,0.0
2021-03-23 00:00:00+09:00,2097.0914238235005,2104.3758015982635,2046.1007794001578,2050.95703125,575800,0.0,0.0
2021-03-24 00:00:00+09:00,2024.2480986386836,2038.8168574453596,1996.7293320038514,2019.391845703125,640400,0.0,0.0
2021-03-25 00:00:00+09:00,2030.7231112481297,2064.7168819425983,2029.9137357554043,2045.2918701171875,379900,0.0,0.0
2021-03-26 00:00:00+09:00,2072.001292760541,2080.9044233153713,2028.2950154913733,2034.77001953125,516200,0.0,0.0
2021-03-29 00:00:00+09:00,2072.001272513704,2095.473161928898,2050.1481340926607,2067.14501953125,1078700,0.0,0.0
2021-03-30 00:00:00+09:00,2066.3351922732177,2101.947706358616,2056.6226884317452,2098.710205078125,488700,0.0,0.0
2021-03-31 00:00:00+09:00,2105.9954836363913,2119.7548699629933,2074.4298326518333,2076.048583984375,655100,0.0,0.0
2021-04-01 00:00:00+09:00,2076.0481077179197,2087.379364446205,2047.7199658972074,2055.813720703125,587300,0.0,0.0
2021-04-02 00:00:00+09:00,2152.9389262027876,2206.357711589774,2122.182655828462,2137.560791015625,2209500,0.0,0.0
2021-04-05 00:00:00+09:00,2167.5072866161167,2168.3166620032025,2132.704144971422,2144.035400390625,1117300,0.0,0.0
2021-04-06 00:00:00+09:00,2144.8452176128308,2153.7483487048084,2122.182702105978,2140.79833984375,577700,0.0,0.0
2021-04-07 00:00:00+09:00,2142.416632501479,2185.3135276743456,2130.276001792177,2180.457275390625,1018000,0.0,0.0
2021-04-08 00:00:00+09:00,2182.885695317577,2186.932572765329,2161.0325570997147,2179.648193359375,553800,0.0,0.0
2021-04-09 00:00:00+09:00,2186.122950413211,2220.1167171356674,2181.266698024289,2183.69482421875,619200,0.0,0.0
2021-04-12 00:00:00+09:00,2186.1229107442327,2196.644790729303,2152.9385200220877,2164.269775390625,442800,0.0,0.0
2021-04-13 00:00:00+09:00,2158.60433078342,2194.2168506763596,2156.176204427083,2185.313720703125,718800,0.0,0.0
2021-04-14 00:00:00+09:00,2161.841449828375,2183.6945831662133,2147.272694269816,2175.600830078125,432400,0.0,0.0
2021-04-15 00:00:00+09:00,2172.363757815384,2196.6450218744235,2171.554382346749,2192.59814453125,447100,0.0,0.0
2021-04-16 00:00:00+09:00,2193.407325012117,2199.0729527889007,2175.6010662850813,2191.78857421875,499900,0.0,0.0
2021-04-19 00:00:00+09:00,2193.407121828674,2231.44776194895,2188.550869898426,2211.21337890625,455500,0.0,0.0
2021-04-20 00:00:00+09:00,2182.0764133943444,2186.9326665398808,2165.079527384967,2186.123291015625,468600,0.0,0.0
2021-04-21 00:00:00+09:00,2144.8446332391213,2150.5102605722054,2123.8008745733787,2134.32275390625,715900,0.0,0.0
2021-04-22 00:00:00+09:00,2169.935598441151,2184.504356655228,2144.035583838347,2165.079345703125,528500,0.0,0.0
2021-04-23 00:00:00+09:00,2144.035637382988,2175.6012809684685,2138.370009047133,2156.17626953125,315000,0.0,0.0
2021-04-26 00:00:00+09:00,2169.935652632613,2171.5544035857147,2150.5106411953943,2156.17626953125,453800,0.0,0.0
2021-04-27 00:00:00+09:00,2162.651710264513,2175.601720505618,2156.9860807840296,2161.032958984375,411100,0.0,0.0
2021-04-28 00:00:00+09:00,2161.0322643730897,2184.504150390625,2130.2759999363193,2184.504150390625,734000,0.0,0.0
2021-04-30 00:00:00+09:00,2263.8229604732096,2330.1917422961637,2237.922948054496,2240.35107421875,1919900,0.0,0.0
2021-05-06 00:00:00+09:00,2220.117080821162,2249.2545999278195,2203.929570206352,2233.87646484375,928600,0.0,0.0
2021-05-07 00:00:00+09:00,2233.876169332972,2258.1574320431127,2224.1636642489157,2238.732421875,658600,0.0,0.0
2021-05-10 00:00:00+09:00,2258.1575177137393,2272.7262758925376,2250.8731386243403,2261.39501953125,549100,0.0,0.0
2021-05-11 00:00:00+09:00,2238.7325721834773,2268.679464869952,2228.2106909693107,2232.257568359375,491100,0.0,0.0
2021-05-12 00:00:00+09:00,2246.017289099571,2250.0641670979485,2145.654714739806,2174.792236328125,838000,0.0,0.0
2021-05-13 00:00:00+09:00,2139.179110135377,2157.7947437082535,2117.3259750715647,2120.5634765625,843100,0.0,0.0
2021-05-14 00:00:00+09:00,2141.6071219857286,2164.2696312130906,2118.1352374288176,2158.60400390625,662300,0.0,0.0
2021-05-17 00:00:00+09:00,2188.551489074248,2193.407742378407,2126.2295716708763,2152.93896484375,586000,0.0,0.0
2021-05-18 00:00:00+09:00,2167.50733026955,2177.2198351101906,2135.1323141340827,2155.36669921875,483400,0.0,0.0
2021-05-19 00:00:00+09:00,2135.9416582210233,2152.938541442941,2116.5166488245454,2119.754150390625,585900,0.0,0.0
2021-05-20 00:00:00+09:00,2106.8043916116685,2135.941909129156,2097.0918857725064,2111.66064453125,556600,0.0,0.0
2021-05-21 00:00:00+09:00,2120.563519940561,2138.369778504947,2106.804138322626,2131.894775390625,479600,0.0,0.0
2021-05-24 00:00:00+09:00,2135.132551096907,2174.7919502643626,2135.132551096907,2163.460693359375,436700,0.0,0.0
2021-05-25 00:00:00+09:00,2174.7918983223103,2177.2200247439578,2158.60438884466,2168.31689453125,335300,0.0,0.0
2021-05-26 00:00:00+09:00,2143.2262642793344,2170.745030512528,2134.3231340274187,2152.12939453125,395100,0.0,0.0
2021-05-27 00:00:00+09:00,2153.748098461776,2163.4606039790783,2139.988715645598,2148.891845703125,465700,0.0,0.0
2021-05-28 00:00:00+09:00,2170.744883613744,2186.123016644565,2146.463620933501,2150.510498046875,473100,0.0,0.0
2021-05-31 00:00:00+09:00,2131.8951234446513,2131.8951234446513,2111.6607354089197,2122.1826171875,727800,0.0,0.0
2021-06-01 00:00:00+09:00,2144.8448250300935,2157.7948315208414,2128.6573169166586,2143.22607421875,527500,0.0,0.0
2021-06-02 00:00:00+09:00,2135.1324009330788,2181.26680080161,2125.4198956975983,2173.982421875,677700,0.0,0.0
2021-06-03 00:00:00+09:00,2191.788530719307,2201.5010352867484,2175.601023106904,2180.457275390625,543100,0.0,0.0
2021-06-04 00:00:00+09:00,2193.407564478994,2219.3075800005176,2179.648181233185,2199.882568359375,492300,0.0,0.0
2021-06-07 00:00:00+09:00,2233.876425831129,2240.351429963973,2207.1670337831483,2218.498291015625,483000,0.0,0.0
2021-06-08 00:00:00+09:00,2201.501702724359,2224.9735958784054,2199.8829514723557,2209.595458984375,470600,0.0,0.0
2021-06-09 00:00:00+09:00,2209.5951364865805,2214.451389533804,2171.554487616665,2178.8388671875,551900,0.0,0.0
2021-06-10 00:00:00+09:00,2169.1259273883347,2178.0290561947795,2156.9852971977284,2169.935302734375,490000,0.0,0.0
2021-06-11 00:00:00+09:00,2177.219936876412,2180.4574386412837,2148.082420992564,2149.701171875,516100,0.0,0.0
2021-06-14 00:00:00+09:00,2175.601084303417,2177.2198351101906,2141.6073173611762,2155.36669921875,310900,0.0,0.0
2021-06-15 00:00:00+09:00,2152.9387676250467,2162.651273343656,2130.2762542816254,2156.17626953125,1297800,0.0,0.0
2021-06-16 00:00:00+09:00,2167.507570825442,2181.2669542100693,2148.0825589883207,2163.460693359375,613800,0.0,0.0
2021-06-17 00:00:00+09:00,2150.510498046875,2152.9386243148992,2132.7042387480296,2150.510498046875,668800,0.0,0.0
2021-06-18 00:00:00+09:00,2139.988717939269,2151.3199743882665,2122.1824578051296,2144.844970703125,809500,0.0,0.0
2021-06-21 00:00:00+09:00,2107.614128210492,2107.614128210492,2067.9547225721226,2085.760986328125,1013800,0.0,0.0
2021-06-22 00:00:00+09:00,2135.9417057713617,2137.560456590438,2113.2791943042917,2122.99169921875,739800,0.0,0.0
2021-06-23 00:00:00+09:00,2139.988715645598,2156.9856003008767,2134.3230874271717,2148.891845703125,757400,0.0,0.0
2021-06-24 00:00:00+09:00,2152.9387184128755,2164.2699748255745,2144.844963832376,2156.985595703125,720800,0.0,0.0
2021-06-25 00:00:00+09:00,2166.6982732566685,2196.645167582592,2156.9857669888015,2194.217041015625,817900,0.0,0.0
2021-06-28 00:00:00+09:00,2203.120065459758,2212.023195775723,2194.2169351437924,2207.976318359375,943700,0.0,0.0
2021-06-29 00:00:00+09:00,2195.608818865463,2196.4333058421303,2128.8253737553982,2147.78857421875,2191300,50.0,0.0
2021-06-30 00:00:00+09:00,2147.7889413650923,2170.0500935404693,2145.3154800122725,2151.911376953125,581200,0.0,0.0
2021-07-01 00:00:00+09:00,2155.2092217129452,2159.3316571026025,2123.878712751548,2130.474609375,657600,0.0,0.0
2021-07-02 00:00:00+09:00,2132.9479524877356,2145.315257971816,2128.0010302941037,2142.841796875,456300,0.0,0.0
2021-07-05 00:00:00+09:00,2137.0700723001537,2150.261862869908,2128.8252031940574,2145.31494140625,393100,0.0,0.0
2021-07-06 00:00:00+09:00,2135.421194263015,2152.735420162445,2129.6497856298715,2142.01708984375,284000,0.0,0.0
2021-07-07 00:00:00+09:00,2113.984780387441,2123.878624913435,2073.584915239631,2083.478759765625,763600,0.0,0.0
2021-07-08 00:00:00+09:00,2057.0948834958554,2071.9356481864065,2026.5888671875,2026.5888671875,844100,0.0,0.0
2021-07-09 00:00:00+09:00,1998.556694501558,2023.2913070572704,1977.1200302866073,2017.5198974609375,873700,0.0,0.0
2021-07-12 00:00:00+09:00,2053.7974154372387,2072.760619192781,2041.4301086401456,2068.63818359375,518300,0.0,0.0
2021-07-13 00:00:00+09:00,2077.707257231405,2099.9684064160274,2075.2337962108913,2095.021484375,469900,0.0,0.0
2021-07-14 00:00:00+09:00,2068.6382095785343,2089.250387832605,2066.989235318209,2076.05859375,330100,0.0,0.0
2021-07-15 00:00:00+09:00,2069.462005419609,2084.3027688050884,2054.62124203413,2057.919189453125,279300,0.0,0.0
2021-07-16 00:00:00+09:00,2036.4829693418562,2079.356295012211,2034.8339952776118,2067.8134765625,318600,0.0,0.0
2021-07-19 00:00:00+09:00,2061.217574827924,2063.6910359177177,2037.30745095992,2051.32373046875,443000,0.0,0.0
2021-07-20 00:00:00+09:00,2019.9930901620903,2031.5359078201595,2010.099246455174,2018.3441162109375,455800,0.0,0.0
2021-07-21 00:00:00+09:00,2075.233908346531,2097.495058734038,2060.393141421526,2066.16455078125,750100,0.0,0.0
2021-07-26 00:00:00+09:00,2101.617499103078,2103.2664732098674,2076.8828875012373,2082.654296875,505000,0.0,0.0
2021-07-27 00:00:00+09:00,2093.3721227447427,2107.38839926568,2085.9517410571875,2099.968017578125,522400,0.0,0.0
2021-07-28 00:00:00+09:00,2093.372157484779,2100.792539295477,2061.21716963842,2073.58447265625,533400,0.0,0.0
2021-07-29 00:00:00+09:00,2087.6010086686642,2107.388695954623,2056.2705037992296,2106.564208984375,1426300,0.0,0.0
2021-07-30 00:00:00+09:00,2091.7236663510103,2091.7236663510103,2016.6953440656566,2040.60546875,1358000,0.0,0.0
2021-08-02 00:00:00+09:00,2057.0949261988308,2066.98876953125,2039.780700367097,2066.98876953125,835200,0.0,0.0
2021-08-03 00:00:00+09:00,2037.307698632347,2078.5320551404884,2036.483211502184,2076.05859375,509000,0.0,0.0
2021-08-04 00:00:00+09:00,2073.5845079548744,2076.882455482437,2047.200927734375,2047.200927734375,350200,0.0,0.0
2021-08-05 00:00:00+09:00,2036.4830668956968,2072.760498046875,2033.185118609226,2072.760498046875,419500,0.0,0.0
2021-08-06 00:00:00+09:00,2058.743766134768,2066.164148151273,2038.9560807574212,2042.2540283203125,358000,0.0,0.0
2021-08-10 00:00:00+09:00,2059.5688090812255,2059.5688090812255,1996.083301355343,1998.5567626953125,818800,0.0,0.0
2021-08-11 00:00:00+09:00,2022.4666720065143,2025.764620105995,2005.1524444842407,2014.2218017578125,363700,0.0,0.0
2021-08-12 00:00:00+09:00,2008.4504610985825,2019.9932798405282,1996.9076423566366,1999.381103515625,449300,0.0,0.0
2021-08-13 00:00:00+09:00,2013.397456502245,2017.5198919168688,1992.7852794291261,1996.90771484375,602600,0.0,0.0
2021-08-16 00:00:00+09:00,1996.907532659953,2000.2054806907704,1948.2627992053958,1965.5770263671875,1013900,0.0,0.0
2021-08-17 00:00:00+09:00,1989.4872335428445,2019.9932541151966,1989.4872335428445,1996.0831298828125,506500,0.0,0.0
2021-08-18 00:00:00+09:00,1979.5933467132656,2018.3442368821634,1978.7688596883954,2014.2218017578125,404200,0.0,0.0
2021-08-19 00:00:00+09:00,1996.0828201383779,2001.0297416257097,1956.5074482397235,1960.6298828125,788300,0.0,0.0
2021-08-20 00:00:00+09:00,1945.7895391302873,1949.0874875016946,1898.7937748377337,1900.4427490234375,849000,0.0,0.0
2021-08-23 00:00:00+09:00,1915.2830889738882,1940.8421831444396,1915.2830889738882,1931.7728271484375,403100,0.0,0.0
2021-08-24 00:00:00+09:00,1933.4219248575082,1963.1034554736577,1932.5974378959486,1935.8953857421875,431400,0.0,0.0
2021-08-25 00:00:00+09:00,1914.4591306910747,1944.1406676010138,1902.916310781654,1913.6346435546875,705500,0.0,0.0
2021-08-26 00:00:00+09:00,1916.9323959449284,1925.1772664651216,1906.2140642686772,1911.9854736328125,451400,0.0,0.0
2021-08-27 00:00:00+09:00,1908.6874503165382,1924.3527036884666,1897.9691190620608,1906.2139892578125,502800,0.0,0.0
2021-08-30 00:00:00+09:00,1926.8261760789521,1944.9648906162806,1922.703740956832,1939.1934814453125,430300,0.0,0.0
2021-08-31 00:00:00+09:00,1925.1768861161902,1949.9114927900598,1921.0544516705452,1937.544189453125,674400,0.0,0.0
2021-09-01 00:00:00+09:00,1931.7730413424993,1986.1891833521472,1929.2995803420608,1982.8912353515625,566400,0.0,0.0
2021-09-02 00:00:00+09:00,1965.5768487822274,1977.9441527804377,1942.4912146522347,1950.736083984375,675600,0.0,0.0
2021-09-03 00:00:00+09:00,1962.2790798156918,1969.699462890625,1946.6138266574992,1969.699462890625,539500,0.0,0.0
2021-09-06 00:00:00+09:00,2016.6955063704881,2016.6955063704881,1994.4343540107157,2010.099609375,685500,0.0,0.0
2021-09-07 00:00:00+09:00,2039.7810987324617,2049.67494399713,2019.1689210977358,2019.993408203125,631600,0.0,0.0
2021-09-08 00:00:00+09:00,2019.9929792328742,2047.2010479327455,2006.801188348088,2043.07861328125,662100,0.0,0.0
2021-09-09 00:00:00+09:00,2015.870806659626,2043.0788788967495,2013.39734554716,2034.009521484375,529800,0.0,0.0
2021-09-10 00:00:00+09:00,2038.1315938666985,2050.49889722754,2030.7112118501936,2042.2540283203125,625700,0.0,0.0
2021-09-13 00:00:00+09:00,2042.2543731395072,2051.32373046875,2029.8870676905397,2051.32373046875,500100,0.0,0.0
2021-09-14 00:00:00+09:00,2062.041656506275,2074.4089595241053,2054.6212746955766,2073.58447265625,524600,0.0,0.0
2021-09-15 00:00:00+09:00,2068.6380003146746,2073.5849225952197,2023.2912127430097,2029.0626220703125,684000,0.0,0.0
2021-09-16 00:00:00+09:00,2037.307609821188,2043.079019480738,1991.9608196390086,2008.4505615234375,621500,0.0,0.0
2021-09-17 00:00:00+09:00,2008.4500209550683,2011.7479684443215,2000.205152231936,2001.8541259765625,478200,0.0,0.0
2021-09-21 00:00:00+09:00,1960.6298943706524,1998.556292663777,1955.682972854158,1985.364501953125,640200,0.0,0.0
2021-09-22 00:00:00+09:00,1969.6995083909603,1974.6464305551904,1952.3852808161548,1959.8056640625,558900,0.0,0.0
2021-09-24 00:00:00+09:00,2017.5194144163565,2017.5194144163565,1964.7522535979474,1979.593017578125,819500,0.0,0.0
2021-09-27 00:00:00+09:00,1979.593407948812,1988.6627655029297,1967.2261021931968,1978.7689208984375,565900,0.0,0.0
2021-09-28 00:00:00+09:00,1980.4176663950664,2018.3440663343558,1972.1727968430469,2015.87060546875,943900,0.0,0.0
2021-09-29 00:00:00+09:00,1977.9443148664418,2001.029950888226,1971.3484188602179,1987.013671875,882500,0.0,0.0
2021-09-30 00:00:00+09:00,2184.890260858051,2212.0983282574152,2121.404770259534,2189.0126953125,4118200,0.0,0.0
2021-10-01 00:00:00+09:00,2189.0128809969187,2275.5840118838028,2179.943524427817,2224.4658203125,3101100,0.0,0.0
2021-10-04 00:00:00+09:00,2220.3435309186193,2232.710836140966,2129.649959288078,2152.735595703125,2036900,0.0,0.0
2021-10-05 00:00:00+09:00,2156.8579731054006,2175.8211739392787,2100.7928575965448,2129.64990234375,1346500,0.0,0.0
2021-10-06 00:00:00+09:00,2212.098945973332,2297.845606570136,2167.576641432683,2193.1357421875,2589100,0.0,0.0
2021-10-07 00:00:00+09:00,2189.0132562283475,2215.39684349739,2179.1194110024567,2186.539794921875,1064300,0.0,0.0
2021-10-08 00:00:00+09:00,2191.4865773708807,2237.6578521386646,2191.4865773708807,2207.976318359375,926500,0.0,0.0
2021-10-11 00:00:00+09:00,2234.359919100107,2265.6904271908097,2210.449794504571,2257.445556640625,1015100,0.0,0.0
2021-10-12 00:00:00+09:00,2246.7269410948825,2284.653340834466,2244.2534802423006,2275.583984375,904100,0.0,0.0
2021-10-13 00:00:00+09:00,2275.5840599024214,2306.0900780967654,2252.498424512107,2281.35546875,878400,0.0,0.0
2021-10-14 00:00:00+09:00,2287.9513265235632,2318.457344210544,2283.828891700998,2307.739013671875,916100,0.0,0.0
2021-10-15 00:00:00+09:00,2325.052905630219,2369.5751953125,2320.10598455441,2369.5751953125,1074900,0.0,0.0
2021-10-18 00:00:00+09:00,2362.1552793611895,2387.714376624783,2358.8573313271772,2378.64501953125,845500,0.0,0.0
2021-10-19 00:00:00+09:00,2362.9798597165077,2391.0124191130053,2361.330885634361,2367.102294921875,666500,0.0,0.0
2021-10-20 00:00:00+09:00,2374.522719267348,2390.18797331807,2340.71875,2340.71875,790900,0.0,0.0
2021-10-21 00:00:00+09:00,2330.8249731063843,2360.5065079602327,2320.106641075828,2321.755615234375,546100,0.0,0.0
2021-10-22 00:00:00+09:00,2306.090386908877,2345.665767163302,2294.5475676680035,2329.176025390625,428600,0.0,0.0
2021-10-25 00:00:00+09:00,2323.4044232110946,2352.2614689216653,2318.4575010892827,2335.771728515625,403800,0.0,0.0
2021-10-26 00:00:00+09:00,2353.9103106717016,2389.363250552221,2348.1389018539426,2373.697998046875,719500,0.0,0.0
2021-10-27 00:00:00+09:00,2386.8897755416397,2405.852975830917,2372.0490100978573,2399.257080078125,818800,0.0,0.0
2021-10-28 00:00:00+09:00,2374.522590361446,2400.906174698795,2365.453233245482,2395.134765625,761400,0.0,0.0
2021-10-29 00:00:00+09:00,2400.906002325982,2408.326384888116,2364.628576466661,2392.6611328125,771400,0.0,0.0
2021-11-01 00:00:00+09:00,2415.747156050341,2419.869591470222,2334.947421820671,2371.224853515625,1087800,0.0,0.0
2021-11-02 00:00:00+09:00,2364.628685068759,2364.628685068759,2284.6534471148993,2297.020751953125,1419000,0.0,0.0
2021-11-04 00:00:00+09:00,2298.6696091379195,2311.036913347772,2268.1635920869503,2309.387939453125,1212900,0.0,0.0
2021-11-05 00:00:00+09:00,2309.3877545836344,2310.2122414649566,2269.812384280166,2282.1796875,792300,0.0,0.0
2021-11-08 00:00:00+09:00,2290.4250633677384,2292.8985245592803,2251.674171366916,2256.62109375,656500,0.0,0.0
2021-11-09 00:00:00+09:00,2256.621148667842,2258.270122835667,2179.9438498640025,2188.188720703125,1069100,0.0,0.0
2021-11-10 00:00:00+09:00,2202.20494270908,2206.3273780192803,2153.5602060487145,2156.858154296875,558400,0.0,0.0
2021-11-11 00:00:00+09:00,2160.1560222568796,2225.2904977371445,2156.8580741312967,2209.625244140625,586300,0.0,0.0
2021-11-12 00:00:00+09:00,2226.1147673233695,2287.126801687047,2223.641306470788,2275.583984375,897300,0.0,0.0
2021-11-15 00:00:00+09:00,2277.233100023631,2282.1800220367163,2250.8495159538425,2262.392333984375,464500,0.0,0.0
2021-11-16 00:00:00+09:00,2279.7067195065906,2332.4738913143383,2276.4087712686064,2298.669921875,814800,0.0,0.0
2021-11-17 00:00:00+09:00,2282.179918037482,2288.775813754353,2236.0086480193822,2249.200439453125,648600,0.0,0.0
2021-11-18 00:00:00+09:00,2233.5353471656545,2481.7059412951717,2218.694580739305,2435.53466796875,4244300,0.0,0.0
2021-11-19 00:00:00+09:00,2593.011681906224,2617.7462925444393,2416.5714593536222,2485.828369140625,4890900,0.0,0.0
2021-11-22 00:00:00+09:00,2498.19594140625,2593.0119589843753,2477.583763671875,2576.522216796875,2024800,0.0,0.0
2021-11-24 00:00:00+09:00,2593.0119589843753,2625.991443359375,2564.15491015625,2576.522216796875,1277800,0.0,0.0
2021-11-25 00:00:00+09:00,2576.521355239525,2601.255960249824,2543.5418818924586,2564.154052734375,1036000,0.0,0.0
2021-11-26 00:00:00+09:00,2535.297596160034,2539.4200312757416,2443.7795365913303,2502.318115234375,1173000,0.0,0.0
2021-11-29 00:00:00+09:00,2447.0774891141614,2510.562990010991,2433.061209695381,2443.779541015625,797900,0.0,0.0
2021-11-30 00:00:00+09:00,2481.705811959053,2518.807726091331,2422.342749347408,2423.167236328125,965600,0.0,0.0
2021-12-01 00:00:00+09:00,2391.012501880588,2418.2205751778497,2351.4371225391164,2397.6083984375,1174500,0.0,0.0
2021-12-02 00:00:00+09:00,2377.8203985060304,2402.55500736705,2349.787841796875,2349.787841796875,941100,0.0,0.0
2021-12-03 00:00:00+09:00,2375.3470714972377,2380.293993548256,2325.0533639785526,2378.64501953125,801400,0.0,0.0
2021-12-06 00:00:00+09:00,2382.7673821700246,2400.081608822471,2352.2613637823806,2381.118408203125,489100,0.0,0.0
2021-12-07 00:00:00+09:00,2407.5021091634226,2442.130564158239,2388.538907618642,2435.53466796875,625100,0.0,0.0
2021-12-08 00:00:00+09:00,2472.6366436800217,2481.7060011593417,2435.534726719168,2466.865234375,694900,0.0,0.0
2021-12-09 00:00:00+09:00,2451.1999779438347,2477.5835633101997,2444.6040816022437,2458.620361328125,501500,0.0,0.0
2021-12-10 00:00:00+09:00,2485.828314887153,2522.930230034722,2462.742678795332,2470.987548828125,749900,0.0,0.0
2021-12-13 00:00:00+09:00,2471.8120897789695,2506.440544672471,2471.8120897789695,2485.828369140625,403800,0.0,0.0
2021-12-14 00:00:00+09:00,2463.5673369140627,2481.706052246094,2437.183750976563,2473.461181640625,514300,0.0,0.0
2021-12-15 00:00:00+09:00,2465.216193608779,2494.073239353363,2452.0244012683975,2485.828369140625,454800,0.0,0.0
2021-12-16 00:00:00+09:00,2518.8078556972046,2522.930290812912,2477.583504540131,2502.318115234375,391800,0.0,0.0
2021-12-17 00:00:00+09:00,2514.685293033423,2535.297467566484,2485.828248687138,2489.95068359375,621400,0.0,0.0
2021-12-20 00:00:00+09:00,2477.583275010388,2485.828144477977,2411.6243192696793,2418.22021484375,648300,0.0,0.0
2021-12-21 00:00:00+09:00,2441.3057400685434,2452.848556806456,2402.554855305551,2447.0771484375,450400,0.0,0.0
2021-12-22 00:00:00+09:00,2458.620162069918,2461.9181099734324,2442.1304225523463,2448.726318359375,283900,0.0,0.0
2021-12-23 00:00:00+09:00,2469.33886921862,2481.7061757422525,2460.2695111012895,2477.583740234375,334100,0.0,0.0
2021-12-24 00:00:00+09:00,2477.5836193807104,2481.7060546875,2460.2693910921926,2481.7060546875,345700,0.0,0.0
2021-12-27 00:00:00+09:00,2481.7060546875,2489.9509253010797,2473.4611840739203,2481.7060546875,203400,0.0,0.0
2021-12-28 00:00:00+09:00,2502.3178782861087,2522.930051912848,2494.0730088354135,2518.8076171875,581700,0.0,0.0
2021-12-29 00:00:00+09:00,2493.57762328733,2510.39770843598,2475.0755296238153,2507.03369140625,593000,60.0,0.0
2021-12-30 00:00:00+09:00,2481.8035905643333,2491.895641762833,2457.414466834626,2480.12158203125,666200,0.0,0.0
2022-01-04 00:00:00+09:00,2493.5780204511475,2513.7621258443437,2472.5529106665676,2478.43994140625,510300,0.0,0.0
2022-01-05 00:00:00+09:00,2492.7368019872065,2512.079901327863,2479.280732880663,2506.19287109375,583200,0.0,0.0
2022-01-06 00:00:00+09:00,2501.9875330987084,2517.1256089292215,2449.0042676919124,2454.05029296875,548200,0.0,0.0
2022-01-07 00:00:00+09:00,2464.1423081740145,2478.439379586628,2416.2050687317214,2426.297119140625,396400,0.0,0.0
2022-01-11 00:00:00+09:00,2411.1593672714394,2426.2974449173707,2397.7032982528335,2406.954345703125,340800,0.0,0.0
2022-01-12 00:00:00+09:00,2425.456027597924,2457.414186075289,2417.886990063811,2455.732177734375,456800,0.0,0.0
2022-01-13 00:00:00+09:00,2424.6152611770317,2470.870495087797,2424.6152611770317,2459.096435546875,681000,0.0,0.0
2022-01-14 00:00:00+09:00,2441.4351916077144,2446.4812168056637,2390.974939628223,2429.6611328125,618000,0.0,0.0
2022-01-17 00:00:00+09:00,2437.2304224810723,2450.686491066199,2418.728328176523,2422.933349609375,257800,0.0,0.0
2022-01-18 00:00:00+09:00,2438.912201194403,2467.506344242889,2397.7029950362908,2406.113037109375,409200,0.0,0.0
2022-01-19 00:00:00+09:00,2392.656982421875,2426.297150891778,2380.8829234574087,2392.656982421875,724800,0.0,0.0
2022-01-20 00:00:00+09:00,2367.426677062258,2412.840901062742,2365.744668765944,2390.1337890625,449000,0.0,0.0
2022-01-21 00:00:00+09:00,2353.129515206473,2375.8366263253347,2322.0123629324776,2354.8115234375,645500,0.0,0.0
2022-01-24 00:00:00+09:00,2350.6067875414824,2382.564947801438,2331.2636905420354,2375.8369140625,443000,0.0,0.0
2022-01-25 00:00:00+09:00,2370.791053367821,2392.6571645375843,2313.6027626161317,2333.786865234375,541300,0.0,0.0
2022-01-26 00:00:00+09:00,2333.7867546150624,2348.0838266253168,2295.1005597637854,2322.0126953125,393300,0.0,0.0
2022-01-27 00:00:00+09:00,2353.1301641319005,2382.5653162922354,2308.5569337176794,2319.489990234375,845100,0.0,0.0
2022-01-28 00:00:00+09:00,2338.8327539691863,2353.970830046657,2310.2386102672976,2348.9248046875,563800,0.0,0.0
2022-01-31 00:00:00+09:00,2367.4270941592717,2404.4312831976404,2343.878973862128,2396.021240234375,579400,0.0,0.0
2022-02-01 00:00:00+09:00,2396.862168422965,2407.7952239280526,2344.7199037063956,2350.60693359375,497600,0.0,0.0
2022-02-02 00:00:00+09:00,2372.4727019512006,2401.0668429885422,2343.037556765702,2390.1337890625,900900,0.0,0.0
2022-02-03 00:00:00+09:00,2350.6065981110096,2358.175635457342,2273.2342163485005,2315.284423828125,1435300,0.0,0.0
2022-02-04 00:00:00+09:00,2305.1932690492727,2358.1765510449327,2271.553090004409,2279.963134765625,987400,0.0,0.0
2022-02-07 00:00:00+09:00,2250.527644952308,2364.9042367735015,2243.7996101392964,2364.063232421875,817300,0.0,0.0
2022-02-08 00:00:00+09:00,2364.063136307566,2404.431343544408,2364.063136307566,2396.8623046875,633900,0.0,0.0
2022-02-09 00:00:00+09:00,2418.7281753838,2458.2553743556496,2397.70306954771,2454.891357421875,664700,0.0,0.0
2022-02-10 00:00:00+09:00,2464.141940255677,2475.915997308093,2413.681695745322,2421.250732421875,589500,0.0,0.0
2022-02-14 00:00:00+09:00,2401.067353721965,2442.2765657473155,2395.180323432629,2427.9794921875,651200,0.0,0.0
2022-02-15 00:00:00+09:00,2447.322488035831,2457.414539532886,2395.180221967714,2409.477294921875,426500,0.0,0.0
2022-02-16 00:00:00+09:00,2437.2305252648125,2442.2765511970374,2420.410438824061,2441.435546875,348500,0.0,0.0
2022-02-17 00:00:00+09:00,2459.0963342849595,2472.552401777627,2422.9331528984158,2437.230224609375,481500,0.0,0.0
2022-02-18 00:00:00+09:00,2400.2261776134933,2437.2303653552567,2384.247096543186,2418.728271484375,408800,0.0,0.0
2022-02-21 00:00:00+09:00,2377.519106597468,2385.9291494223617,2333.7868839080206,2374.99609375,363800,0.0,0.0
2022-02-22 00:00:00+09:00,2332.9458108580175,2337.150832146514,2283.3265596537553,2322.853759765625,574500,0.0,0.0
2022-02-24 00:00:00+09:00,2305.192697333591,2321.1717784168954,2279.121565039778,2295.941650390625,519500,0.0,0.0
2022-02-25 00:00:00+09:00,2296.7828728535455,2320.3309945818132,2287.531825031726,2319.489990234375,388100,0.0,0.0
2022-02-28 00:00:00+09:00,2322.853759765625,2338.832840661913,2301.828653323141,2322.853759765625,308200,0.0,0.0
2022-03-01 00:00:00+09:00,2354.812172826777,2364.9042249960344,2314.4439641497465,2319.489990234375,334900,0.0,0.0
2022-03-02 00:00:00+09:00,2279.9625668473727,2285.8495967138174,2237.912353515625,2237.912353515625,748500,0.0,0.0
2022-03-03 00:00:00+09:00,2270.711438879704,2272.393447352948,2248.004324490907,2257.25537109375,353500,0.0,0.0
2022-03-04 00:00:00+09:00,2249.6863898880983,2255.573419693413,2175.678015192714,2200.067138671875,807900,0.0,0.0
2022-03-07 00:00:00+09:00,2171.4727676907305,2185.7698385856734,2105.033438237761,2115.12548828125,597900,0.0,0.0
2022-03-08 00:00:00+09:00,2080.644119468138,2121.0123158038173,2058.778013119645,2061.301025390625,548800,0.0,0.0
2022-03-09 00:00:00+09:00,2076.4396229619565,2119.3308423913045,2058.778532608696,2089.0546875,495100,0.0,0.0
2022-03-10 00:00:00+09:00,2152.9708509412217,2202.5901010215075,2131.10474073635,2189.134033203125,644700,0.0,0.0
2022-03-11 00:00:00+09:00,2163.903793058384,2190.8159272899693,2153.8117427215398,2180.723876953125,469300,0.0,0.0
2022-03-14 00:00:00+09:00,2193.339262911464,2244.6405263461265,2191.657254274262,2222.7744140625,429800,0.0,0.0
2022-03-15 00:00:00+09:00,2215.205143313436,2278.28046060596,2211.8411263911685,2274.075439453125,351800,0.0,0.0
2022-03-16 00:00:00+09:00,2288.3729461975213,2290.054954978262,2259.7787969249316,2269.870849609375,411800,0.0,0.0
2022-03-17 00:00:00+09:00,2310.2387834770343,2312.7617963457756,2278.2806204729836,2296.78271484375,421700,0.0,0.0
2022-03-18 00:00:00+09:00,2270.711519008321,2304.3516896602964,2270.711519008321,2299.3056640625,428100,0.0,0.0
2022-03-22 00:00:00+09:00,2322.8534641147917,2332.1045097720194,2299.3053478963943,2311.92041015625,835300,0.0,0.0
2022-03-23 00:00:00+09:00,2335.4690728356995,2337.151081530576,2306.874925022803,2319.489990234375,754500,0.0,0.0
2022-03-24 00:00:00+09:00,2305.192544485103,2327.899658203125,2288.3724602495317,2327.899658203125,432200,0.0,0.0
2022-03-25 00:00:00+09:00,2343.878680665123,2345.5606890473728,2303.510479491127,2323.694580078125,518100,0.0,0.0
2022-03-28 00:00:00+09:00,2337.150710926885,2339.6737235691235,2316.125605574898,2321.171630859375,328000,0.0,0.0
2022-03-29 00:00:00+09:00,2315.2848484166648,2332.104934493066,2300.9877752517236,2317.807861328125,400500,0.0,0.0
2022-03-30 00:00:00+09:00,2335.4688236311154,2349.7658960120043,2300.1466448077426,2322.853759765625,359000,0.0,0.0
2022-03-31 00:00:00+09:00,2292.57776777804,2305.1928325310373,2284.167724609375,2284.167724609375,451600,0.0,0.0
2022-04-01 00:00:00+09:00,2266.5065043862915,2304.3516964817954,2260.6194745047687,2292.57763671875,302400,0.0,0.0
2022-04-04 00:00:00+09:00,2295.941917267184,2300.146939093681,2270.711786308204,2275.7578125,422500,0.0,0.0
2022-04-05 00:00:00+09:00,2300.1468858446597,2302.669898882149,2263.142694628146,2268.188720703125,360300,0.0,0.0
2022-04-06 00:00:00+09:00,2254.732279010961,2254.732279010961,2209.318051832076,2211.841064453125,585700,0.0,0.0
2022-04-07 00:00:00+09:00,2183.2473939385673,2184.92940271664,2158.8582666565108,2167.268310546875,501400,0.0,0.0
2022-04-08 00:00:00+09:00,2182.4060934605354,2189.975131934965,2142.878892538514,2156.3349609375,536200,0.0,0.0
2022-04-11 00:00:00+09:00,2147.0833074136417,2170.63142046009,2141.1962791520295,2154.65234375,403800,0.0,0.0
2022-04-12 00:00:00+09:00,2142.8787793045226,2165.585893527922,2136.9917496910484,2147.9248046875,420200,0.0,0.0
2022-04-13 00:00:00+09:00,2152.9708704924387,2173.9959766495917,2147.083840768436,2168.949951171875,368100,0.0,0.0
2022-04-14 00:00:00+09:00,2168.9502144790276,2207.6364145046327,2166.4272014338794,2206.79541015625,335600,0.0,0.0
2022-04-15 00:00:00+09:00,2181.5647431061784,2218.5689253331143,2177.359722398572,2199.225830078125,293200,0.0,0.0
2022-04-18 00:00:00+09:00,2184.0878303422032,2200.907913748766,2167.2677469356404,2183.246826171875,344600,0.0,0.0
2022-04-19 00:00:00+09:00,2197.5442285082213,2228.661387503554,2197.5442285082213,2218.5693359375,318500,0.0,0.0
2022-04-20 00:00:00+09:00,2248.0044863384906,2248.0044863384906,2214.3643144516445,2218.5693359375,322200,0.0,0.0
2022-04-21 00:00:00+09:00,2220.2512706723523,2241.276377402204,2213.5232365187994,2231.184326171875,415500,0.0,0.0
2022-04-22 00:00:00+09:00,2218.5693359375,2227.8203832063828,2196.7032242110504,2218.5693359375,529700,0.0,0.0
2022-04-25 00:00:00+09:00,2190.8160515817976,2195.8620770364964,2171.4729540054514,2179.0419921875,511700,0.0,0.0
2022-04-26 00:00:00+09:00,2181.5649950552847,2202.5901010215075,2175.6779653847425,2189.134033203125,579900,0.0,0.0
2022-04-27 00:00:00+09:00,2180.7240307951624,2184.08804781143,2141.196830854024,2148.765869140625,869300,0.0,0.0
2022-04-28 00:00:00+09:00,2153.812077524096,2214.364388957807,2146.243038594882,2205.954345703125,583000,0.0,0.0
2022-05-02 00:00:00+09:00,2248.0042137574615,2267.347310246957,2168.1088152138927,2245.481201171875,1170100,0.0,0.0
2022-05-06 00:00:00+09:00,2246.3223332386624,2301.82861328125,2231.184256863411,2301.82861328125,682400,0.0,0.0
2022-05-09 00:00:00+09:00,2275.757607604243,2307.7157706082935,2272.3935904459217,2296.78271484375,480100,0.0,0.0
2022-05-10 00:00:00+09:00,2295.941785045506,2295.941785045506,2255.5735778359144,2284.167724609375,553000,0.0,0.0
2022-05-11 00:00:00+09:00,2282.485545537243,2285.0085582994434,2253.050396644906,2271.552490234375,558600,0.0,0.0
2022-05-12 00:00:00+09:00,2253.0507618019697,2288.3729461975213,2242.9587091175263,2269.870849609375,418900,0.0,0.0
2022-05-13 00:00:00+09:00,2260.6195721293607,2314.44384765625,2258.0965592140374,2314.44384765625,499900,0.0,0.0
2022-05-16 00:00:00+09:00,2337.150901754608,2337.150901754608,2255.573486328125,2255.573486328125,656000,0.0,0.0
2022-05-17 00:00:00+09:00,2251.3682058971076,2273.2343147328656,2235.389126363284,2272.393310546875,426200,0.0,0.0
2022-05-18 00:00:00+09:00,2282.4857340736276,2285.008747044232,2258.937613014651,2267.34765625,544400,0.0,0.0
2022-05-19 00:00:00+09:00,2211.8410091555447,2278.28033984881,2211.8410091555447,2272.393310546875,509100,0.0,0.0
2022-05-20 00:00:00+09:00,2259.7781135110295,2291.7362706801473,2251.3680721507353,2287.53125,352000,0.0,0.0
2022-05-23 00:00:00+09:00,2287.531523612146,2294.259557505123,2249.686332964151,2257.25537109375,573200,0.0,0.0
2022-05-24 00:00:00+09:00,2279.121663441745,2290.8957236956876,2255.57354293386,2259.778564453125,539300,0.0,0.0
2022-05-25 00:00:00+09:00,2269.870576670795,2269.870576670795,2236.2304051010165,2238.75341796875,473700,0.0,0.0
2022-05-26 00:00:00+09:00,2238.7531075104203,2261.4602201711195,2238.7531075104203,2244.64013671875,340400,0.0,0.0
2022-05-27 00:00:00+09:00,2267.3470337543754,2282.485107421875,2259.777996920626,2282.485107421875,333500,0.0,0.0
2022-05-30 00:00:00+09:00,2296.782824151155,2315.2849194024648,2288.3727808551057,2308.556884765625,508600,0.0,0.0
2022-05-31 00:00:00+09:00,2321.1717175476365,2333.7867812299605,2290.895564710059,2295.1005859375,760600,0.0,0.0
2022-06-01 00:00:00+09:00,2302.6695978868615,2325.376712256089,2289.2135301125045,2322.0126953125,420800,0.0,0.0
2022-06-02 00:00:00+09:00,2316.12548828125,2337.991596739969,2311.079463252315,2316.12548828125,413100,0.0,0.0
2022-06-03 00:00:00+09:00,2329.581810092418,2369.950014743839,2321.1717674567053,2367.427001953125,619400,0.0,0.0
2022-06-06 00:00:00+09:00,2354.811751994681,2380.8828821060506,2345.5607058261303,2371.6318359375,470000,0.0,0.0
2022-06-07 00:00:00+09:00,2386.7701262145483,2412.8412586714376,2374.996066395308,2401.908203125,487800,0.0,0.0
2022-06-08 00:00:00+09:00,2405.272259591396,2430.5023881885086,2399.385229585403,2422.933349609375,540800,0.0,0.0
2022-06-09 00:00:00+09:00,2421.251287688784,2435.5483602454733,2413.682249276419,2415.3642578125,433500,0.0,0.0
2022-06-10 00:00:00+09:00,2396.8623833368288,2407.795439822225,2376.678279056098,2380.88330078125,567400,0.0,0.0
2022-06-13 00:00:00+09:00,2328.7405837471447,2356.4937217983024,2322.853554463566,2347.24267578125,542400,0.0,0.0
2022-06-14 00:00:00+09:00,2311.9203956083256,2334.62750753318,2294.259308555661,2328.740478515625,722100,0.0,0.0
2022-06-15 00:00:00+09:00,2337.9918935077476,2349.7659534031104,2322.012812221184,2327.058837890625,450500,0.0,0.0
2022-06-16 00:00:00+09:00,2347.2431113204025,2364.0631981087968,2336.3100549079463,2339.674072265625,326600,0.0,0.0
2022-06-17 00:00:00+09:00,2269.0293508078016,2287.5314433644257,2253.0502708725353,2276.598388671875,663200,0.0,0.0
2022-06-20 00:00:00+09:00,2279.9626496309943,2285.8496797111925,2207.636280074275,2218.5693359375,723000,0.0,0.0
2022-06-21 00:00:00+09:00,2238.7529456233383,2310.238295126713,2237.9119415115338,2293.418212890625,490300,0.0,0.0
2022-06-22 00:00:00+09:00,2306.0332971576413,2308.55630951777,2261.4600787953673,2266.506103515625,646500,0.0,0.0
2022-06-23 00:00:00+09:00,2265.6657263407033,2281.6448090431804,2246.3226262271783,2251.36865234375,393500,0.0,0.0
2022-06-24 00:00:00+09:00,2247.163552485163,2271.552677867674,2235.389491955675,2267.34765625,411300,0.0,0.0
2022-06-27 00:00:00+09:00,2309.397658110801,2324.5357345295897,2282.485522255176,2295.1005859375,687800,0.0,0.0
2022-06-28 00:00:00+09:00,2296.782690686305,2328.7408533542216,2295.94168640557,2320.330810546875,1031400,0.0,0.0
2022-06-29 00:00:00+09:00,2298.837956284032,2301.417056459369,2247.2559527772846,2269.608154296875,1615900,60.0,0.0
2022-06-30 00:00:00+09:00,2273.9067172232985,2279.9246177981804,2228.34261287062,2232.64111328125,862900,0.0,0.0
2022-07-01 00:00:00+09:00,2235.220940584685,2261.0119514375856,2190.516521772992,2199.113525390625,692200,0.0,0.0
2022-07-04 00:00:00+09:00,2203.411216569467,2217.166417297173,2193.094816023687,2207.709716796875,690900,0.0,0.0
2022-07-05 00:00:00+09:00,2233.5011405739574,2248.975744319274,2224.9041384932266,2236.93994140625,434400,0.0,0.0
2022-07-06 00:00:00+09:00,2211.1489276752814,2234.360833214641,2200.8325252133436,2216.30712890625,663600,0.0,0.0
2022-07-07 00:00:00+09:00,2235.220460016087,2252.4144635546722,2202.551853292775,2237.799560546875,607500,0.0,0.0
2022-07-08 00:00:00+09:00,2244.6768526019473,2293.6797559333572,2241.238052368164,2269.608154296875,829400,0.0,0.0
2022-07-11 00:00:00+09:00,2297.978425062647,2297.978425062647,2271.327721292748,2278.205322265625,480300,0.0,0.0
2022-07-12 00:00:00+09:00,2274.7666639403824,2274.7666639403824,2227.483154296875,2227.483154296875,501500,0.0,0.0
2022-07-13 00:00:00+09:00,2235.220293367962,2248.1157950604693,2224.0441919011223,2229.202392578125,383300,0.0,0.0
2022-07-14 00:00:00+09:00,2202.5516962864444,2251.5546028782974,2199.1128958238583,2244.677001953125,514400,0.0,0.0
2022-07-15 00:00:00+09:00,2239.5187072990293,2249.8351082539575,2208.569504434244,2219.74560546875,498500,0.0,0.0
2022-07-19 00:00:00+09:00,2234.360442264611,2254.9932435783276,2225.7634417172285,2251.554443359375,491900,0.0,0.0
2022-07-20 00:00:00+09:00,2283.363695505041,2305.7159003556176,2271.3278928931923,2302.277099609375,662900,0.0,0.0
2022-07-21 00:00:00+09:00,2297.9784405397277,2312.5933427055247,2293.6799399027286,2311.733642578125,321200,0.0,0.0
2022-07-22 00:00:00+09:00,2308.294921875,2315.1725231319833,2299.697920303771,2308.294921875,328400,0.0,0.0
2022-07-25 00:00:00+09:00,2291.10065575802,2298.837956284032,2268.748454238429,2269.608154296875,409700,0.0,0.0
2022-07-26 00:00:00+09:00,2281.644527549498,2281.644527549498,2261.8714212444343,2268.7490234375,366700,0.0,0.0
2022-07-27 00:00:00+09:00,2263.5908269208176,2287.6624346510807,2244.6774208470397,2286.802734375,720300,0.0,0.0
2022-07-28 00:00:00+09:00,2286.8021554657907,2286.8021554657907,2249.835052952622,2269.608154296875,1204700,0.0,0.0
2022-07-29 00:00:00+09:00,2277.345454822887,2291.10065575802,2261.011153712417,2269.608154296875,828300,0.0,0.0
2022-08-01 00:00:00+09:00,2192.2350884623283,2195.6738886010926,2138.9336863114795,2158.706787109375,2756300,0.0,0.0
2022-08-02 00:00:00+09:00,2173.322178404107,2181.9191806920976,2147.531171540134,2156.128173828125,1121000,0.0,0.0
2022-08-03 00:00:00+09:00,2165.584716796875,2170.7429177896424,2133.775810674809,2165.584716796875,1038000,0.0,0.0
2022-08-04 00:00:00+09:00,2177.620355025845,2177.620355025845,2150.109951804042,2164.724853515625,689800,0.0,0.0
2022-08-05 00:00:00+09:00,2149.250496976405,2175.901203138912,2142.3728953860805,2172.46240234375,694400,0.0,0.0
2022-08-08 00:00:00+09:00,2167.3041276718504,2193.9548329308063,2159.566826145057,2191.375732421875,703300,0.0,0.0
2022-08-09 00:00:00+09:00,2193.9546745300295,2209.4292764663696,2178.480072593689,2200.832275390625,562500,0.0,0.0
2022-08-10 00:00:00+09:00,2185.357836457013,2205.1309404060735,2167.304132851349,2204.271240234375,532200,0.0,0.0
2022-08-12 00:00:00+09:00,2235.220300681013,2244.677001953125,2220.6053987150217,2244.677001953125,857800,0.0,0.0
2022-08-15 00:00:00+09:00,2241.2382846097335,2257.5725874127966,2233.500983281967,2248.9755859375,596600,0.0,0.0
2022-08-16 00:00:00+09:00,2248.115958504951,2248.115958504951,2218.88615254351,2227.483154296875,560700,0.0,0.0
2022-08-17 00:00:00+09:00,2234.3606823155856,2251.5546852576063,2223.184580403272,2246.396484375,622700,0.0,0.0
2022-08-18 00:00:00+09:00,2231.78142103848,2248.975422741396,2229.2023207830425,2248.11572265625,390500,0.0,0.0
2022-08-19 00:00:00+09:00,2253.273846261161,2258.4320465959822,2242.0977455357142,2256.712646484375,538300,0.0,0.0
2022-08-22 00:00:00+09:00,2232.6411979104187,2247.2560998605445,2223.1844966485723,2239.518798828125,540000,0.0,0.0
2022-08-23 00:00:00+09:00,2226.6230603087984,2254.133461053926,2220.6051601458016,2249.8349609375,524100,0.0,0.0
2022-08-24 00:00:00+09:00,2270.46834696107,2300.5578555349575,2262.731044756356,2282.504150390625,914200,0.0,0.0
2022-08-25 00:00:00+09:00,2279.065027158122,2295.3993295028995,2272.1874261708476,2288.521728515625,431200,0.0,0.0
2022-08-26 00:00:00+09:00,2301.41748046875,2326.3487867569806,2297.1189793845724,2301.41748046875,521000,0.0,0.0
2022-08-29 00:00:00+09:00,2247.2558608676445,2254.133461053926,2236.079760564936,2249.8349609375,881200,0.0,0.0
2022-08-30 00:00:00+09:00,2265.309815656244,2274.7665169739744,2256.7128144583075,2267.888916015625,408700,0.0,0.0
2022-08-31 00:00:00+09:00,2246.396653010128,2273.0473595709063,2243.817552375214,2262.73095703125,881700,0.0,0.0
2022-09-01 00:00:00+09:00,2256.713215897723,2260.1520169886144,2236.080409352372,2255.853515625,539000,0.0,0.0
2022-09-02 00:00:00+09:00,2236.0799995843618,2244.6770007361665,2225.7635982021966,2242.097900390625,656900,0.0,0.0
2022-09-05 00:00:00+09:00,2239.5188887551135,2264.4501930829056,2230.062187113537,2259.2919921875,422200,0.0,0.0
2022-09-06 00:00:00+09:00,2265.3098180542916,2273.047119140625,2254.1337164851434,2273.047119140625,247800,0.0,0.0
2022-09-07 00:00:00+09:00,2261.871170685071,2267.029371758469,2242.0980665703783,2250.695068359375,407300,0.0,0.0
2022-09-08 00:00:00+09:00,2262.7304848733584,2291.1005859375,2254.133484550891,2291.1005859375,603600,0.0,0.0
2022-09-09 00:00:00+09:00,2303.996659841348,2303.996659841348,2278.205652455064,2292.820556640625,468700,0.0,0.0
2022-09-12 00:00:00+09:00,2316.891750632217,2317.751450725216,2287.661947470252,2289.38134765625,294000,0.0,0.0
2022-09-13 00:00:00+09:00,2297.1187333278735,2301.417233951616,2282.5038312071497,2296.259033203125,299100,0.0,0.0
2022-09-14 00:00:00+09:00,2242.0978285408746,2267.8888311697956,2241.238128453244,2261.01123046875,491900,0.0,0.0
2022-09-15 00:00:00+09:00,2264.4501155364505,2267.888916015625,2250.6949136197522,2267.888916015625,318200,0.0,0.0
2022-09-16 00:00:00+09:00,2243.8175468182144,2259.2921505893746,2240.378745980179,2247.25634765625,405800,0.0,0.0
2022-09-20 00:00:00+09:00,2278.2053932172485,2285.9426945527034,2248.9755881721967,2254.1337890625,407700,0.0,0.0
2022-09-21 00:00:00+09:00,2243.817456582967,2244.677156757903,2223.184652384503,2224.904052734375,461000,0.0,0.0
2022-09-22 00:00:00+09:00,2216.306888446137,2228.342690012563,2205.1307869915986,2224.044189453125,475400,0.0,0.0
2022-09-26 00:00:00+09:00,2201.6924530806814,2204.2715539628534,2146.671634261016,2159.567138671875,949800,0.0,0.0
2022-09-27 00:00:00+09:00,2162.1457494231704,2179.3397514066546,2153.548748431428,2156.987548828125,407500,0.0,0.0
2022-09-28 00:00:00+09:00,2150.109935272697,2157.84723611934,2112.283131133553,2131.196533203125,719200,0.0,0.0
2022-09-29 00:00:00+09:00,2160.4268389659323,2169.8835422005623,2144.9522336729015,2159.567138671875,540300,0.0,0.0
2022-09-30 00:00:00+09:00,2149.2503227787806,2156.9876239407845,2126.03841929277,2143.232421875,824700,0.0,0.0
2022-10-03 00:00:00+09:00,2140.653173344678,2178.479976407797,2123.4591719523514,2170.74267578125,571400,0.0,0.0
2022-10-04 00:00:00+09:00,2202.5519237369995,2225.763829256476,2193.0952214883237,2211.14892578125,550200,0.0,0.0
2022-10-05 00:00:00+09:00,2236.9399376357387,2240.3787384622347,2218.8862332966337,2226.62353515625,509700,0.0,0.0
2022-10-06 00:00:00+09:00,2235.220461045424,2248.9756638826266,2231.7816603361234,2240.378662109375,334100,0.0,0.0
2022-10-07 00:00:00+09:00,2208.569587439149,2237.7993912433258,2173.321882851759,2224.044189453125,518300,0.0,0.0
2022-10-11 00:00:00+09:00,2194.814691191036,2205.1310939698424,2175.041585864991,2176.760986328125,554200,0.0,0.0
2022-10-12 00:00:00+09:00,2164.7252559913536,2169.8834575544784,2140.6536486967716,2150.1103515625,755400,0.0,0.0
2022-10-13 00:00:00+09:00,2147.5310122636997,2169.0235163896373,2142.372811273475,2163.005615234375,411500,0.0,0.0
2022-10-14 00:00:00+09:00,2192.2355155974697,2207.7101192369814,2159.566907914056,2195.67431640625,661300,0.0,0.0
2022-10-17 00:00:00+09:00,2181.0592497702205,2198.2532525275737,2176.7607490808823,2192.2353515625,438200,0.0,0.0
2022-10-18 00:00:00+09:00,2213.727938956244,2213.727938956244,2187.9369338421907,2196.533935546875,445300,0.0,0.0
2022-10-19 00:00:00+09:00,2196.533935546875,2207.710037762965,2187.9369338421907,2196.533935546875,344000,0.0,0.0
2022-10-20 00:00:00+09:00,2171.602540220937,2184.4980422412514,2162.145838739373,2174.181640625,586600,0.0,0.0
2022-10-21 00:00:00+09:00,2166.4441767825356,2183.6381781855716,2166.4441767825356,2173.32177734375,335000,0.0,0.0
2022-10-24 00:00:00+09:00,2199.112868944929,2206.8501698911778,2185.3576672627087,2187.936767578125,306800,0.0,0.0
2022-10-25 00:00:00+09:00,2196.5337748527527,2207.709876251221,2190.5158740997317,2200.832275390625,367000,0.0,0.0
2022-10-26 00:00:00+09:00,2205.1307721887556,2212.868073143804,2193.094970703125,2193.094970703125,486300,0.0,0.0
2022-10-27 00:00:00+09:00,2193.9545858115416,2193.9545858115416,2173.3217840640973,2186.21728515625,445300,0.0,0.0
2022-10-28 00:00:00+09:00,2171.602615811841,2186.217518610258,2160.426513671875,2160.426513671875,967800,0.0,0.0
2022-10-31 00:00:00+09:00,2183.6385211101147,2222.32503034238,2183.6385211101147,2216.30712890625,823900,0.0,0.0
2022-11-01 00:00:00+09:00,2110.5636709081064,2170.74267578125,2087.3517690284652,2170.74267578125,2024900,0.0,0.0
2022-11-02 00:00:00+09:00,2170.7430777177096,2177.6206795481025,2142.3729701673396,2156.128173828125,1052000,0.0,0.0
2022-11-04 00:00:00+09:00,2131.1970187134234,2140.6537219025513,2111.423912045247,2120.880615234375,1015000,0.0,0.0
2022-11-07 00:00:00+09:00,2122.5998490387187,2129.477450817702,2103.6864441465145,2109.704345703125,951200,0.0,0.0
2022-11-08 00:00:00+09:00,2123.4589069044587,2129.476806640625,2103.68580777134,2129.476806640625,900000,0.0,0.0
2022-11-09 00:00:00+09:00,2133.7759678793486,2156.128173828125,2126.8983660489557,2156.128173828125,602800,0.0,0.0
2022-11-10 00:00:00+09:00,2145.811851814918,2178.4804617383825,2143.2327510314867,2155.2685546875,657000,0.0,0.0
2022-11-11 00:00:00+09:00,2188.7964563347027,2188.7964563347027,2156.987552609493,2164.724853515625,753100,0.0,0.0
2022-11-14 00:00:00+09:00,2175.0415841266454,2187.9370875898467,2163.865481125204,2171.602783203125,568100,0.0,0.0
2022-11-15 00:00:00+09:00,2170.7429293928476,2193.954833984375,2163.0056278623383,2193.954833984375,420500,0.0,0.0
2022-11-16 00:00:00+09:00,2185.3575127845065,2205.13061380498,2175.900812296454,2202.551513671875,410000,0.0,0.0
2022-11-17 00:00:00+09:00,2202.5517679968134,2225.763671875,2191.3756661295383,2225.763671875,581800,0.0,0.0
2022-11-18 00:00:00+09:00,2230.0617627614242,2242.957262546089,2218.0259629624034,2222.324462890625,457900,0.0,0.0
2022-11-21 00:00:00+09:00,2229.202554647548,2232.641355348894,2216.3070520175006,2227.483154296875,296100,0.0,0.0
2022-11-22 00:00:00+09:00,2218.8866337111817,2222.3254351582355,2194.8150235818084,2199.113525390625,873800,0.0,0.0
2022-11-24 00:00:00+09:00,2203.4115358549975,2209.4294370453936,2192.235433644262,2193.954833984375,753200,0.0,0.0
2022-11-25 00:00:00+09:00,2203.4112137162433,2204.2709137606116,2190.5157130507173,2202.551513671875,389400,0.0,0.0
2022-11-28 00:00:00+09:00,2213.727851516381,2223.1845530180044,2184.498046875,2184.498046875,680300,0.0,0.0
2022-11-29 00:00:00+09:00,2179.3396778348124,2181.059077975116,2167.303876852687,2173.32177734375,527300,0.0,0.0
2022-11-30 00:00:00+09:00,2169.0236842440204,2181.919187717528,2158.7072814652142,2176.760986328125,608800,0.0,0.0
2022-12-01 00:00:00+09:00,2197.3935489226683,2203.4114498782465,2184.498046875,2184.498046875,414100,0.0,0.0
2022-12-02 00:00:00+09:00,2150.969482421875,2158.7067827183564,2136.354581861854,2150.969482421875,931600,0.0,0.0
2022-12-05 00:00:00+09:00,2151.829345703125,2161.2860467829228,2147.5308452123077,2151.829345703125,455700,0.0,0.0
2022-12-06 00:00:00+09:00,2142.372638273086,2151.829339324853,2133.7756373169336,2138.933837890625,956900,0.0,0.0
2022-12-07 00:00:00+09:00,2123.45971955108,2147.5313277079345,2115.7224169292344,2133.776123046875,629500,0.0,0.0
2022-12-08 00:00:00+09:00,2137.2144338616254,2137.2144338616254,2111.423431039482,2131.196533203125,714000,0.0,0.0
2022-12-09 00:00:00+09:00,2137.2148492034803,2157.8476554709314,2137.2148492034803,2155.2685546875,651700,0.0,0.0
2022-12-12 00:00:00+09:00,2157.8474099643695,2157.8474099643695,2148.390708167713,2152.689208984375,492200,0.0,0.0
2022-12-13 00:00:00+09:00,2157.847653122498,2163.865554943955,2147.53125,2147.53125,496400,0.0,0.0
2022-12-14 00:00:00+09:00,2157.847252710174,2168.16365391835,2150.109951804042,2164.724853515625,542600,0.0,0.0
2022-12-15 00:00:00+09:00,2156.128179047283,2179.340085281046,2152.6893781237627,2171.602783203125,360400,0.0,0.0
2022-12-16 00:00:00+09:00,2149.250571997732,2164.725176116116,2148.3908717689333,2156.128173828125,679100,0.0,0.0
2022-12-19 00:00:00+09:00,2144.9515792651055,2152.6888795510317,2138.9336790427183,2145.811279296875,436600,0.0,0.0
2022-12-20 00:00:00+09:00,2141.5128460557175,2145.8113463488844,2105.405443593116,2119.16064453125,959000,0.0,0.0
2022-12-21 00:00:00+09:00,2110.563954776095,2119.1609566285438,2084.77294921875,2084.77294921875,1233500,0.0,0.0
2022-12-22 00:00:00+09:00,2094.2296482111446,2101.966949867097,2067.578942507308,2077.03564453125,1170900,0.0,0.0
2022-12-23 00:00:00+09:00,2069.298182730535,2089.930985549618,2059.841481438455,2081.333984375,865300,0.0,0.0
2022-12-26 00:00:00+09:00,2081.3342365938074,2104.546142578125,2081.3342365938074,2104.546142578125,459600,0.0,0.0
2022-12-27 00:00:00+09:00,2109.7041759577132,2114.002676723723,2089.931072434067,2093.369873046875,590300,0.0,0.0
2022-12-28 00:00:00+09:00,2088.2112624845554,2090.7903624382207,2077.894862669893,2087.3515625,1251100,0.0,0.0
2022-12-29 00:00:00+09:00,2075.0109811025122,2079.418396100606,2048.56649111395,2059.144287109375,1115900,60.0,0.0
2022-12-30 00:00:00+09:00,2059.14442459471,2079.4185349396066,2059.14442459471,2066.1962890625,686900,0.0,0.0
2023-01-04 00:00:00+09:00,2051.211371002066,2059.1447196651593,2023.0039090888445,2046.803955078125,749100,0.0,0.0
2023-01-05 00:00:00+09:00,2052.97386971253,2111.151746655865,2049.4479377765706,2110.270263671875,902100,0.0,0.0
2023-01-06 00:00:00+09:00,2101.4557585002085,2114.6780053028524,2095.2853766589747,2112.9150390625,365100,0.0,0.0
2023-01-10 00:00:00+09:00,2112.9150375289532,2119.966902485245,2100.5742738554427,2104.981689453125,425600,0.0,0.0
2023-01-11 00:00:00+09:00,2112.033555942324,2114.6780053028524,2106.744657221266,2112.9150390625,330400,0.0,0.0
2023-01-12 00:00:00+09:00,2104.1001545986696,2121.7298165559273,2103.218671500807,2116.44091796875,366400,0.0,0.0
2023-01-13 00:00:00+09:00,2117.3224500181304,2121.729865609342,2084.7075746431633,2089.114990234375,545200,0.0,0.0
2023-01-16 00:00:00+09:00,2062.6703280447687,2066.1962602294607,2044.1591840751362,2060.02587890625,595300,0.0,0.0
2023-01-17 00:00:00+09:00,2062.6703854410357,2079.4185637843602,2062.6703854410357,2072.36669921875,355300,0.0,0.0
2023-01-18 00:00:00+09:00,2076.7741768623273,2124.3742641078984,2071.485278279486,2108.507568359375,553400,0.0,0.0
2023-01-19 00:00:00+09:00,2102.3371814300344,2104.981630714852,2084.70751953125,2084.70751953125,471000,0.0,0.0
2023-01-20 00:00:00+09:00,2082.0631268225884,2097.929822962642,2074.1297787525614,2097.04833984375,378600,0.0,0.0
2023-01-23 00:00:00+09:00,2113.7963557655726,2113.7963557655726,2094.403728648457,2099.692626953125,485100,0.0,0.0
2023-01-24 00:00:00+09:00,2112.9149607188665,2128.781656293727,2110.27051145639,2126.13720703125,606900,0.0,0.0
2023-01-25 00:00:00+09:00,2122.6111948472394,2135.8334406623176,2113.796364303854,2131.426025390625,431300,0.0,0.0
2023-01-26 00:00:00+09:00,2140.2410472362717,2148.1743954344292,2131.4262159049854,2134.9521484375,495600,0.0,0.0
2023-01-27 00:00:00+09:00,2135.8334406623176,2135.8334406623176,2120.8482287385623,2131.426025390625,618600,0.0,0.0
2023-01-30 00:00:00+09:00,2117.322508439328,2120.8484410095853,2099.6928455880434,2109.38916015625,599400,0.0,0.0
2023-01-31 00:00:00+09:00,2114.677898421258,2121.7297630262474,2107.6260338162683,2119.966796875,624200,0.0,0.0
2023-02-01 00:00:00+09:00,2123.4925084317238,2128.7814063356636,2103.2183997999555,2110.270263671875,513600,0.0,0.0
2023-02-02 00:00:00+09:00,2111.1516313733555,2112.0331143092108,2082.0626944901314,2093.52197265625,735200,0.0,0.0
2023-02-03 00:00:00+09:00,2081.1811820365288,2097.9293575802367,2076.7737674197638,2087.3515625,557700,0.0,0.0
2023-02-06 00:00:00+09:00,2047.6849461015754,2119.085066908389,2042.3960482640337,2112.033203125,1526100,0.0,0.0
2023-02-07 00:00:00+09:00,2111.1519602911126,2113.7964095106836,2087.3519173149703,2096.166748046875,731200,0.0,0.0
2023-02-08 00:00:00+09:00,2096.166855180314,2106.7446525992223,2080.3001590519516,2089.114990234375,568600,0.0,0.0
2023-02-09 00:00:00+09:00,2075.892688581858,2089.9964181008854,2069.7223069172833,2084.70751953125,824600,0.0,0.0
2023-02-10 00:00:00+09:00,2083.826009733444,2096.166772904455,2071.485246562434,2086.470458984375,772000,0.0,0.0
2023-02-13 00:00:00+09:00,2082.0632312805465,2082.0632312805465,2067.07801750757,2074.1298828125,585100,0.0,0.0
2023-02-14 00:00:00+09:00,2089.114990234375,2090.8779564708598,2075.89274346074,2089.114990234375,391900,0.0,0.0
2023-02-15 00:00:00+09:00,2094.4037109375,2133.18896484375,2091.759261807528,2133.18896484375,653100,0.0,0.0
2023-02-16 00:00:00+09:00,2132.307648753964,2156.107692787183,2127.9002331922566,2154.3447265625,812600,0.0,0.0
2023-02-17 00:00:00+09:00,2140.24073041306,2167.56670349494,2136.714798402495,2164.040771484375,830300,0.0,0.0
2023-02-20 00:00:00+09:00,2167.5669811428097,2196.6559239560315,2159.63363310284,2194.011474609375,707000,0.0,0.0
2023-02-21 00:00:00+09:00,2203.7076429346234,2261.0040416509237,2192.2483631913638,2260.12255859375,1667000,0.0,0.0
2023-02-22 00:00:00+09:00,2249.544945787668,2249.544945787668,2217.8115531354906,2231.915283203125,913800,0.0,0.0
2023-02-24 00:00:00+09:00,2249.544489544632,2265.411182652706,2245.1370747923897,2253.951904296875,837400,0.0,0.0
2023-02-27 00:00:00+09:00,2260.1226119995117,2271.58189201355,2249.5448150634766,2256.5966796875,677300,0.0,0.0
2023-02-28 00:00:00+09:00,2268.9370514132793,2273.344466043064,2228.388836819258,2233.677734375,723000,0.0,0.0
2023-03-01 00:00:00+09:00,2223.9816723890203,2261.8854424693723,2221.337223313647,2257.47802734375,628700,0.0,0.0
2023-03-02 00:00:00+09:00,2265.41137456987,2278.633619946737,2244.255781966883,2257.47802734375,1115500,0.0,0.0
2023-03-03 00:00:00+09:00,2257.4778127699997,2266.292642183393,2250.4259492392853,2263.648193359375,758000,0.0,0.0
2023-03-06 00:00:00+09:00,2270.700335036637,2288.3299960229465,2268.9373689380063,2285.685546875,584000,0.0,0.0
2023-03-07 00:00:00+09:00,2283.0413708407195,2305.0784497098384,2277.752471912131,2299.78955078125,769600,0.0,0.0
2023-03-08 00:00:00+09:00,2300.670873473865,2313.89311987314,2291.856042541015,2310.3671875,543400,0.0,0.0
2023-03-09 00:00:00+09:00,2324.4708613124462,2324.4708613124462,2295.3819199308346,2305.959716796875,647800,0.0,0.0
2023-03-10 00:00:00+09:00,2288.3301349976055,2310.367212568846,2283.0412363805076,2300.6708984375,671000,0.0,0.0
2023-03-13 00:00:00+09:00,2262.767578029558,2267.1749944261874,2243.374945884388,2254.834228515625,467500,0.0,0.0
2023-03-14 00:00:00+09:00,2219.574203293045,2219.574203293045,2156.1074270273184,2171.97412109375,738600,0.0,0.0
2023-03-15 00:00:00+09:00,2200.181640625,2214.285369090545,2193.1297763922275,2200.181640625,465500,0.0,0.0
2023-03-16 00:00:00+09:00,2156.10775062861,2179.0263121643193,2142.885503588778,2174.618896484375,497900,0.0,0.0
2023-03-17 00:00:00+09:00,2186.078504355445,2193.130370498527,2154.3451067115757,2169.330322265625,679200,0.0,0.0
2023-03-20 00:00:00+09:00,2150.8185453485676,2155.225960400511,2134.0703681511814,2138.477783203125,534100,0.0,0.0
2023-03-22 00:00:00+09:00,2169.3294809729105,2173.736895603087,2152.5813053782394,2168.447998046875,464200,0.0,0.0
2023-03-23 00:00:00+09:00,2155.2266438802085,2183.4341091579863,2145.530327690972,2181.671142578125,374400,0.0,0.0
2023-03-24 00:00:00+09:00,2179.907958984375,2186.959824601793,2167.5671941538935,2179.907958984375,315400,0.0,0.0
2023-03-27 00:00:00+09:00,2194.8923829702007,2195.773865854928,2179.907173929842,2183.43310546875,315100,0.0,0.0
2023-03-28 00:00:00+09:00,2186.077989595929,2196.6557863197804,2178.1446420530406,2186.95947265625,254500,0.0,0.0
2023-03-29 00:00:00+09:00,2198.4187342214796,2223.100259705923,2190.485386744337,2220.455810546875,391800,0.0,0.0
2023-03-30 00:00:00+09:00,2243.374046560527,2243.374046560527,2216.9295587818174,2233.677734375,346900,0.0,0.0
2023-03-31 00:00:00+09:00,2246.0189075372696,2284.804163397411,2242.492975186348,2246.900390625,581300,0.0,0.0
2023-04-03 00:00:00+09:00,2270.700272720617,2270.700272720617,2250.4261631427544,2257.47802734375,414100,0.0,0.0
2023-04-04 00:00:00+09:00,2264.5301095975174,2266.2930758175235,2250.4263798374704,2259.2412109375,405100,0.0,0.0
2023-04-05 00:00:00+09:00,2242.4928038677463,2245.137252928911,2216.0483132560985,2217.811279296875,415300,0.0,0.0
2023-04-06 00:00:00+09:00,2203.7074903479743,2209.8778713209485,2194.011177390443,2197.537109375,388900,0.0,0.0
2023-04-07 00:00:00+09:00,2194.8930408305428,2210.7597375112455,2192.248591383759,2204.58935546875,238900,0.0,0.0
2023-04-10 00:00:00+09:00,2221.3373161764703,2227.507697610294,2201.944688813025,2202.826171875,233300,0.0,0.0
2023-04-11 00:00:00+09:00,2225.744817824591,2228.3892671130952,2206.3521897088913,2221.33740234375,300300,0.0,0.0
2023-04-12 00:00:00+09:00,2222.2190501918453,2237.204263937685,2218.6931175457657,2234.559814453125,313000,0.0,0.0
2023-04-13 00:00:00+09:00,2223.981662863552,2231.033527034344,2210.759417543317,2225.74462890625,289400,0.0,0.0
2023-04-14 00:00:00+09:00,2240.7301427804377,2242.4931090611462,2224.8634462540617,2238.085693359375,493700,0.0,0.0
2023-04-17 00:00:00+09:00,2243.374349692927,2251.3076970985207,2230.1521040169373,2246.018798828125,390000,0.0,0.0
2023-04-18 00:00:00+09:00,2248.6632746526416,2253.952172985811,2241.6114102084152,2244.255859375,364200,0.0,0.0
2023-04-19 00:00:00+09:00,2238.9670428354257,2247.7818737127304,2230.152211958121,2246.900390625,492000,0.0,0.0
2023-04-20 00:00:00+09:00,2243.3748126933488,2281.2785914539827,2239.848879785383,2279.515625,581700,0.0,0.0
2023-04-21 00:00:00+09:00,2279.515110116101,2290.9743894786334,2269.8187968093425,2281.278076171875,469700,0.0,0.0
2023-04-24 00:00:00+09:00,2281.278373978086,2281.278373978086,2260.1227785470683,2277.75244140625,331700,0.0,0.0
2023-04-25 00:00:00+09:00,2291.856006654868,2305.0782528471077,2268.9374465883193,2272.46337890625,682500,0.0,0.0
2023-04-26 00:00:00+09:00,2252.189262387146,2259.241127005188,2239.8484993055727,2248.663330078125,475100,0.0,0.0
2023-04-27 00:00:00+09:00,2249.5447598153132,2259.241073435207,2238.9669631390657,2252.189208984375,528100,0.0,0.0
2023-04-28 00:00:00+09:00,2271.5818711299607,2290.0930155978417,2270.700388060062,2282.15966796875,650600,0.0,0.0
2023-05-01 00:00:00+09:00,2168.448620854592,2201.9449816645406,2155.226373166454,2159.6337890625,2331700,0.0,0.0
2023-05-02 00:00:00+09:00,2161.397026909722,2184.3155924479165,2157.87109375,2181.671142578125,1134300,0.0,0.0
2023-05-08 00:00:00+09:00,2177.262889602421,2189.6036509200057,2166.685094187349,2188.72216796875,708500,0.0,0.0
2023-05-09 00:00:00+09:00,2197.5370592024456,2210.7593038426526,2185.196297538252,2208.996337890625,566300,0.0,0.0
2023-05-10 00:00:00+09:00,2215.1670473566883,2221.3374291041996,2205.470733182027,2219.574462890625,423900,0.0,0.0
2023-05-11 00:00:00+09:00,2219.574543363729,2224.8634421962083,2208.1152625600243,2214.28564453125,437300,0.0,0.0
2023-05-12 00:00:00+09:00,2209.877820866639,2217.8111676507633,2199.300025154473,2208.996337890625,519200,0.0,0.0
2023-05-15 00:00:00+09:00,2224.863496187201,2224.863496187201,2194.0115855823865,2210.759765625,479600,0.0,0.0
2023-05-16 00:00:00+09:00,2212.5224609375,2224.8632236678286,2202.8261473636703,2212.5224609375,588300,0.0,0.0
2023-05-17 00:00:00+09:00,2216.0485037667413,2229.2707502092635,2207.2336728050595,2221.33740234375,496500,0.0,0.0
2023-05-18 00:00:00+09:00,2238.9666352026393,2246.8999815478455,2233.6777376391688,2241.611083984375,479000,0.0,0.0
2023-05-19 00:00:00+09:00,2247.781845080768,2250.426294310275,2228.3892173977183,2240.72998046875,479000,0.0,0.0
2023-05-22 00:00:00+09:00,2238.967230260725,2241.6116797452846,2215.1671848996857,2234.559814453125,807700,0.0,0.0
2023-05-23 00:00:00+09:00,2243.374265075106,2267.174306394174,2229.270536886029,2235.44091796875,714400,0.0,0.0
2023-05-24 00:00:00+09:00,2244.2558084288908,2260.1225030682153,2227.5076307540485,2255.715087890625,500000,0.0,0.0
2023-05-25 00:00:00+09:00,2299.789426838553,2356.204345703125,2284.8042140151515,2356.204345703125,1954600,0.0,0.0
2023-05-26 00:00:00+09:00,2342.9819559902744,2346.5078882039543,2320.9448796547754,2325.352294921875,850300,0.0,0.0
2023-05-29 00:00:00+09:00,2357.967035870019,2360.61148488221,2335.0484777643665,2342.100341796875,850000,0.0,0.0
2023-05-30 00:00:00+09:00,2328.8781375065905,2333.285552604067,2279.5150884148534,2298.90771484375,621800,0.0,0.0
2023-05-31 00:00:00+09:00,2286.567043883339,2286.567043883339,2234.5595436562317,2236.322509765625,950600,0.0,0.0
2023-06-01 00:00:00+09:00,2230.152019897846,2240.729816039654,2224.863121826942,2235.44091796875,505600,0.0,0.0
2023-06-02 00:00:00+09:00,2228.389056360511,2256.5965127701375,2227.50757334771,2243.374267578125,765700,0.0,0.0
2023-06-05 00:00:00+09:00,2271.5816224497703,2274.226071369968,2256.5964119019836,2266.292724609375,753000,0.0,0.0
2023-06-06 00:00:00+09:00,2253.9520473029784,2281.2780205006293,2246.4594417487842,2276.87060546875,482400,0.0,0.0
2023-06-07 00:00:00+09:00,2291.4153028849673,2291.8560444319737,2247.7818897313587,2257.9189453125,768500,0.0,0.0
2023-06-08 00:00:00+09:00,2285.6856047595684,2288.770795510304,2237.6447773552504,2245.578125,705100,0.0,0.0
2023-06-09 00:00:00+09:00,2239.8483500174734,2250.426146239516,2230.1520368139345,2246.45947265625,873100,0.0,0.0
2023-06-12 00:00:00+09:00,2266.2930774362426,2278.633840985098,2260.563437217131,2267.174560546875,367000,0.0,0.0
2023-06-13 00:00:00+09:00,2291.855763190955,2293.1779876697187,2274.666844967023,2280.396484375,647400,0.0,0.0
2023-06-14 00:00:00+09:00,2300.6708431426946,2308.1634493368374,2289.652304621896,2296.263427734375,633500,0.0,0.0
2023-06-15 00:00:00+09:00,2300.6706568137884,2316.978092503848,2283.481738113456,2308.60400390625,741900,0.0,0.0
2023-06-16 00:00:00+09:00,2307.7228682668583,2307.7228682668583,2271.5820594055363,2277.75244140625,1053100,0.0,0.0
2023-06-19 00:00:00+09:00,2285.244928266362,2297.5856916205485,2275.9893557507216,2289.65234375,654200,0.0,0.0
2023-06-20 00:00:00+09:00,2287.8891988810287,2287.8891988810287,2266.7336062117374,2281.278076171875,611400,0.0,0.0
2023-06-21 00:00:00+09:00,2270.700792730085,2284.363782748453,2267.174859822119,2279.515625,572000,0.0,0.0
2023-06-22 00:00:00+09:00,2277.752006116764,2288.770543298056,2272.0223667824916,2274.22607421875,609200,0.0,0.0
2023-06-23 00:00:00+09:00,2274.2260537027314,2279.9556929853156,2245.1371158065335,2255.274169921875,995100,0.0,0.0
2023-06-26 00:00:00+09:00,2266.733683616143,2288.770760065843,2260.122560681233,2268.055908203125,805000,0.0,0.0
2023-06-27 00:00:00+09:00,2278.6337566375732,2281.7189474105835,2241.61146736145,2256.5966796875,903500,0.0,0.0
2023-06-28 00:00:00+09:00,2268.93722801755,2311.248411756805,2266.2927790338467,2307.28173828125,1673200,0.0,0.0
2023-06-29 00:00:00+09:00,2308.184112344012,2319.461150219447,2283.3746290180557,2285.178955078125,1492200,60.0,0.0
2023-06-30 00:00:00+09:00,2285.6298286876668,2288.7873990055696,2256.309532878569,2282.92333984375,944100,0.0,0.0
2023-07-03 00:00:00+09:00,2288.787714870674,2295.1028563780033,2278.863921073442,2290.592041015625,836000,0.0,0.0
2023-07-04 00:00:00+09:00,2308.634883263399,2309.53704617206,2284.7275661838835,2286.080810546875,604700,0.0,0.0
2023-07-05 00:00:00+09:00,2257.6627331008,2268.939769729675,2252.2497555189398,2264.428955078125,694200,0.0,0.0
2023-07-06 00:00:00+09:00,2259.4673658715346,2267.135751820789,2248.641409237293,2263.527099609375,828300,0.0,0.0
2023-07-07 00:00:00+09:00,2254.0541806147767,2276.6082548654745,2249.994447249651,2261.271484375,760100,0.0,0.0
2023-07-10 00:00:00+09:00,2282.4725237192984,2282.923605245725,2261.722773503668,2263.527099609375,700300,0.0,0.0
2023-07-11 00:00:00+09:00,2275.706192364085,2278.4126813936555,2258.114013671875,2258.114013671875,579400,0.0,0.0
2023-07-12 00:00:00+09:00,2269.390860372606,2269.390860372606,2242.7770538208297,2260.8203125,926100,0.0,0.0
2023-07-13 00:00:00+09:00,2260.3694768387195,2261.722721386817,2241.875134681388,2248.641357421875,890100,0.0,0.0
2023-07-14 00:00:00+09:00,2257.211985053401,2272.9998386658845,2255.40765892626,2264.88037109375,643700,0.0,0.0
2023-07-18 00:00:00+09:00,2264.880063621404,2269.841959797432,2255.8584342104446,2265.7822265625,748700,0.0,0.0
2023-07-19 00:00:00+09:00,2279.7660841459174,2295.553937914241,2275.2552687835396,2290.592041015625,626300,0.0,0.0
2023-07-20 00:00:00+09:00,2284.2765663675746,2288.7873810720916,2270.2930407835706,2277.96142578125,357800,0.0,0.0
2023-07-21 00:00:00+09:00,2274.3529275405713,2289.6896985711896,2266.2334605243614,2277.510498046875,402300,0.0,0.0
2023-07-24 00:00:00+09:00,2283.3747511827173,2313.146132766688,2280.2171804086597,2307.733154296875,740400,0.0,0.0
2023-07-25 00:00:00+09:00,2305.477438701485,2320.814208984375,2300.9666239124,2320.814208984375,471000,0.0,0.0
2023-07-26 00:00:00+09:00,2345.624062741873,2349.2327151460913,2322.1678221144543,2331.189453125,926200,0.0,0.0
2023-07-27 00:00:00+09:00,2315.401657962799,2316.3038210868835,2291.9454167366025,2309.53759765625,614100,0.0,0.0
2023-07-28 00:00:00+09:00,2289.689632942581,2311.792625853177,2277.5104327673544,2302.77099609375,679300,0.0,0.0
2023-07-31 00:00:00+09:00,2309.9884144563025,2333.895734504376,2301.8689472701644,2328.933837890625,743400,0.0,0.0
2023-08-01 00:00:00+09:00,2296.0047956472768,2326.678337121543,2252.7009723894894,2259.01611328125,1834700,0.0,0.0
2023-08-02 00:00:00+09:00,2249.9945985764166,2282.021386166418,2244.581620392191,2272.999755859375,1278700,0.0,0.0
2023-08-03 00:00:00+09:00,2272.5485507237822,2272.9996322145967,2236.9131129494313,2238.266357421875,946100,0.0,0.0
2023-08-04 00:00:00+09:00,2231.9511734713424,2239.619558667182,2204.8862845448507,2207.5927734375,752000,0.0,0.0
2023-08-07 00:00:00+09:00,2227.4402665344164,2245.0324436091114,2206.690519215546,2243.67919921875,774700,0.0,0.0
2023-08-08 00:00:00+09:00,2245.0328417988385,2257.6631250157097,2230.5982324081288,2243.228515625,776700,0.0,0.0
2023-08-09 00:00:00+09:00,2255.4073172685466,2255.4073172685466,2226.989185070963,2243.67919921875,511400,0.0,0.0
2023-08-10 00:00:00+09:00,2244.1305232605823,2258.114050139191,2233.755648479679,2255.858642578125,506900,0.0,0.0
2023-08-14 00:00:00+09:00,2270.7442049161778,2272.9996123505402,2248.641212059425,2257.662841796875,540300,0.0,0.0
2023-08-15 00:00:00+09:00,2257.6630493895022,2264.4292723147455,2249.99466340756,2259.91845703125,559500,0.0,0.0
2023-08-16 00:00:00+09:00,2245.9348717873054,2245.9348717873054,2220.2232253338257,2224.282958984375,663300,0.0,0.0
2023-08-17 00:00:00+09:00,2216.614736272571,2223.832041071179,2199.924718925789,2220.223388671875,751900,0.0,0.0
2023-08-18 00:00:00+09:00,2208.9460976621926,2225.1850316045734,2205.7885271733962,2223.831787109375,523400,0.0,0.0
2023-08-21 00:00:00+09:00,2231.0489188341594,2234.6575705427467,2213.9078232183692,2219.32080078125,633300,0.0,0.0
2023-08-22 00:00:00+09:00,2228.793845297737,2233.7557421401325,2217.065725488439,2231.951416015625,398000,0.0,0.0
2023-08-23 00:00:00+09:00,2233.3044867882363,2258.1139690692607,2226.989345843975,2251.798828125,482900,0.0,0.0
2023-08-24 00:00:00+09:00,2249.092212152225,2268.9397968563358,2246.385723328937,2265.7822265625,451100,0.0,0.0
2023-08-25 00:00:00+09:00,2253.6033595382787,2273.4509471723227,2251.347951852592,2266.233642578125,601600,0.0,0.0
2023-08-28 00:00:00+09:00,2273.9021404436,2294.20081061221,2273.9021404436,2292.396484375,1069600,0.0,0.0
2023-08-29 00:00:00+09:00,2305.4778566223995,2317.205977200013,2291.945409802076,2300.967041015625,603500,0.0,0.0
2023-08-30 00:00:00+09:00,2296.455737752215,2319.4608924615773,2294.2003304277678,2313.145751953125,467600,0.0,0.0
2023-08-31 00:00:00+09:00,2312.6949588237035,2328.933893584315,2309.988469696935,2319.461181640625,538500,0.0,0.0
2023-09-01 00:00:00+09:00,2332.993299477668,2370.884141928582,2329.8357292734254,2351.938720703125,1305300,0.0,0.0
2023-09-04 00:00:00+09:00,2353.29226326778,2360.5095675062857,2342.015225395115,2354.6455078125,546300,0.0,0.0
2023-09-05 00:00:00+09:00,2354.6456034848466,2375.846435546875,2347.4282989530925,2375.846435546875,707100,0.0,0.0
2023-09-06 00:00:00+09:00,2365.9225691144206,2387.5744820443524,2361.8628354400585,2380.357177734375,675600,0.0,0.0
2023-09-07 00:00:00+09:00,2380.80810546875,2402.911098490343,2373.139720134728,2380.80810546875,466100,0.0,0.0
2023-09-08 00:00:00+09:00,2368.1778446320563,2371.335415091566,2341.112954979119,2349.232421875,517400,0.0,0.0
2023-09-11 00:00:00+09:00,2363.6670202711607,2367.2756722105064,2346.074842066853,2352.841064453125,381700,0.0,0.0
2023-09-12 00:00:00+09:00,2361.8630412692874,2383.063874527434,2358.7054703584995,2382.61279296875,415900,0.0,0.0
2023-09-13 00:00:00+09:00,2385.3187752158833,2396.59581178555,2379.00363473687,2389.82958984375,434400,0.0,0.0
2023-09-14 00:00:00+09:00,2385.318953265082,2415.541413527707,2382.6124642863397,2415.09033203125,656800,0.0,0.0
2023-09-15 00:00:00+09:00,2409.226569651134,2432.6828103592147,2405.6179172345064,2417.797119140625,723100,0.0,0.0
2023-09-19 00:00:00+09:00,2408.7753501082375,2436.291323208725,2394.7918227948753,2435.38916015625,828800,0.0,0.0
2023-09-20 00:00:00+09:00,2452.0793428876646,2474.6334207287946,2440.351222410277,2464.258544921875,990800,0.0,0.0
2023-09-21 00:00:00+09:00,2457.491907049445,2462.002721856805,2446.2148700310468,2459.747314453125,638400,0.0,0.0
2023-09-22 00:00:00+09:00,2453.8834891732286,2479.1440545029527,2439.4488804133857,2463.356201171875,713700,0.0,0.0
2023-09-25 00:00:00+09:00,2498.9914633786425,2511.621745143011,2473.279818358321,2507.56201171875,705100,0.0,0.0
2023-09-26 00:00:00+09:00,2520.6434279020255,2541.3931769506103,2496.736108346047,2522.44775390625,1020000,0.0,0.0
2023-09-27 00:00:00+09:00,2518.388021710748,2524.7031627288297,2496.2850281474616,2510.2685546875,922100,0.0,0.0
2023-09-28 00:00:00+09:00,2500.34477106753,2531.469394773765,2498.5404450555743,2506.659912109375,702200,0.0,0.0
2023-09-29 00:00:00+09:00,2506.208721656553,2527.8606328587693,2504.8554772064144,2513.426025390625,790800,0.0,0.0
2023-10-02 00:00:00+09:00,2526.9586386968263,2569.360300966998,2526.9586386968263,2542.29541015625,916300,0.0,0.0
2023-10-03 00:00:00+09:00,2528.7627620058797,2532.3714138246537,2466.964599609375,2466.964599609375,883100,0.0,0.0
2023-10-04 00:00:00+09:00,2434.9381055157523,2460.6497527951888,2411.9329474236247,2436.742431640625,963400,0.0,0.0
2023-10-05 00:00:00+09:00,2450.2747972571333,2498.9916010317597,2450.2747972571333,2489.969970703125,862100,0.0,0.0
2023-10-06 00:00:00+09:00,2498.0893934245028,2505.757779067012,2482.752622139484,2483.65478515625,412100,0.0,0.0
2023-10-10 00:00:00+09:00,2506.208829251265,2526.5074968747904,2503.95342173754,2518.839111328125,380300,0.0,0.0
2023-10-11 00:00:00+09:00,2511.6216099102776,2511.6216099102776,2483.654558937857,2488.616455078125,551200,0.0,0.0
2023-10-12 00:00:00+09:00,2508.9153088745643,2523.8009984094188,2502.1490863587214,2522.44775390625,399600,0.0,0.0
2023-10-13 00:00:00+09:00,2508.0132488332806,2514.3283901073214,2487.7145804524357,2494.931884765625,356400,0.0,0.0
2023-10-16 00:00:00+09:00,2488.616274197147,2497.637902887367,2480.0457269414383,2487.714111328125,362700,0.0,0.0
2023-10-17 00:00:00+09:00,2494.4808205556715,2509.3665108049186,2483.6548640107644,2499.893798828125,336000,0.0,0.0
2023-10-18 00:00:00+09:00,2505.757795061384,2516.132669820414,2498.5404908811893,2500.7958984375,299900,0.0,0.0
2023-10-19 00:00:00+09:00,2487.263003931515,2517.9365411580916,2483.6543524930944,2510.71923828125,368600,0.0,0.0
2023-10-20 00:00:00+09:00,2509.366574504315,2519.7414497898803,2498.540617684595,2498.99169921875,300500,0.0,0.0
2023-10-23 00:00:00+09:00,2498.9916550383978,2516.132753033246,2492.225432145695,2492.676513671875,548800,0.0,0.0
2023-10-24 00:00:00+09:00,2493.578539139712,2520.6434292172057,2483.2036646100064,2510.2685546875,545300,0.0,0.0
2023-10-25 00:00:00+09:00,2522.4473554561177,2539.5884497886163,2501.697609685198,2510.71923828125,641500,0.0,0.0
2023-10-26 00:00:00+09:00,2514.779663638292,2533.274007352941,2485.0082810732465,2492.2255859375,542300,0.0,0.0
2023-10-27 00:00:00+09:00,2498.5407124920994,2521.0947900556675,2498.089630940828,2520.192626953125,378600,0.0,0.0
2023-10-30 00:00:00+09:00,2504.855673974842,2505.306755493656,2450.725891717147,2462.0029296875,1063300,0.0,0.0
2023-10-31 00:00:00+09:00,2687.5436346766396,2733.5539486640546,2678.522004483029,2712.80419921875,3545900,0.0,0.0
2023-11-01 00:00:00+09:00,2739.8692179700497,2750.6951747088187,2682.1307820299503,2711.0,1721000,0.0,0.0
2023-11-02 00:00:00+09:00,2710.99975790891,2711.9019208899113,2683.4837869883704,2686.641357421875,904800,0.0,0.0
2023-11-06 00:00:00+09:00,2710.999990344721,2727.238925395039,2698.820789056983,2714.608642578125,1062100,0.0,0.0
2023-11-07 00:00:00+09:00,2752.4994327533846,2757.912410988888,2720.0215633403654,2736.260498046875,1058900,0.0,0.0
2023-11-08 00:00:00+09:00,2701.9785683029872,2706.0383023789013,2633.865252140424,2671.756103515625,1409300,0.0,0.0
2023-11-09 00:00:00+09:00,2680.777512811259,2706.038078303002,2677.1688605981526,2697.467529296875,558800,0.0,0.0
2023-11-10 00:00:00+09:00,2680.326455906822,2715.5108153078204,2674.9134775374378,2711.0,574800,0.0,0.0
2023-11-13 00:00:00+09:00,2728.1411447911455,2747.0865694077506,2697.9186817122754,2705.135986328125,541700,0.0,0.0
2023-11-14 00:00:00+09:00,2727.2387225965585,2779.564176089976,2727.2387225965585,2745.281982421875,1009900,0.0,0.0
2023-11-15 00:00:00+09:00,2745.282061781536,2771.4447892845474,2729.0431274693215,2761.52099609375,685800,0.0,0.0
2023-11-16 00:00:00+09:00,2769.6404280865777,2793.096666239754,2738.064722880379,2751.59716796875,703600,0.0,0.0
2023-11-17 00:00:00+09:00,2760.6190719999795,2789.4882910535744,2745.2822993777577,2785.879638671875,414000,0.0,0.0
2023-11-20 00:00:00+09:00,2784.9776290848545,2832.792275777921,2752.499755859375,2752.499755859375,1090200,0.0,0.0
2023-11-21 00:00:00+09:00,2753.4013515936877,2759.716492308352,2711.90185546875,2711.90185546875,741200,0.0,0.0
2023-11-22 00:00:00+09:00,2722.7279799300013,2757.010174508311,2711.902023747377,2740.771240234375,314200,0.0,0.0
2023-11-24 00:00:00+09:00,2753.4013394587346,2790.3900206244643,2752.499176503473,2764.227294921875,353300,0.0,0.0
2023-11-27 00:00:00+09:00,2765.1297212770473,2786.78163426584,2749.7929495766525,2757.01025390625,529100,0.0,0.0
2023-11-28 00:00:00+09:00,2761.5207329486384,2793.9985984782534,2753.4012665662344,2793.096435546875,495900,0.0,0.0
2023-11-29 00:00:00+09:00,2784.9771564190205,2822.8680020845854,2779.564178466797,2814.74853515625,625100,0.0,0.0
2023-11-30 00:00:00+09:00,2811.139883188101,2821.965839092548,2793.998786339393,2814.74853515625,432300,0.0,0.0
2023-12-01 00:00:00+09:00,2804.8247351740347,2812.9442020819038,2790.390127337822,2793.998779296875,520400,0.0,0.0
2023-12-04 00:00:00+09:00,2775.9556523893507,2784.0751196859073,2732.651826807716,2743.477783203125,844200,0.0,0.0
2023-12-05 00:00:00+09:00,2745.2817747370023,2774.150988273507,2730.84716796875,2730.84716796875,730300,0.0,0.0
2023-12-06 00:00:00+09:00,2733.553986431256,2785.879442277135,2733.553986431256,2767.836181640625,488100,0.0,0.0
2023-12-07 00:00:00+09:00,2748.8907709859645,2758.8145643830258,2736.260488480614,2739.869140625,497600,0.0,0.0
2023-12-08 00:00:00+09:00,2739.868987956375,2743.477639899683,2712.804098381567,2728.140869140625,676500,0.0,0.0
2023-12-11 00:00:00+09:00,2757.9123090099897,2771.4447540983606,2747.988515945184,2751.59716796875,404100,0.0,0.0
2023-12-12 00:00:00+09:00,2774.1512336056453,2777.7598856168397,2750.6949955328823,2755.205810546875,405700,0.0,0.0
2023-12-13 00:00:00+09:00,2759.7168506146413,2773.249296760185,2749.7930567745752,2762.42333984375,359000,0.0,0.0
2023-12-14 00:00:00+09:00,2766.9339741978215,2777.759930405964,2751.5972029029526,2761.52099609375,549300,0.0,0.0
2023-12-15 00:00:00+09:00,2761.5209463701285,2812.9442374328846,2761.5209463701285,2803.922607421875,632900,0.0,0.0
2023-12-18 00:00:00+09:00,2800.3138773261508,2800.3138773261508,2745.281935793646,2763.3251953125,502500,0.0,0.0
2023-12-19 00:00:00+09:00,2757.9122619827717,2772.346869830899,2730.8473722675335,2769.640380859375,709800,0.0,0.0
2023-12-20 00:00:00+09:00,2778.662093423309,2794.9010277355233,2761.52099609375,2761.52099609375,519900,0.0,0.0
2023-12-21 00:00:00+09:00,2756.1077202247434,2759.7163719042524,2743.477439346463,2758.814208984375,483900,0.0,0.0
2023-12-22 00:00:00+09:00,2768.7380912303925,2781.3683725198107,2753.401321093241,2771.444580078125,413000,0.0,0.0
2023-12-25 00:00:00+09:00,2777.7601023734355,2777.7601023734355,2754.3038624703145,2766.031982421875,251200,0.0,0.0
2023-12-26 00:00:00+09:00,2763.325221249467,2777.7598290000356,2757.912243343004,2776.857666015625,319600,0.0,0.0
2023-12-27 00:00:00+09:00,2762.423330129087,2777.7601023734355,2752.4995363239204,2766.031982421875,650800,0.0,0.0
2023-12-28 00:00:00+09:00,2735.2060102688206,2778.9140962192896,2735.2060102688206,2771.552734375,640200,60.0,0.0
2023-12-29 00:00:00+09:00,2771.55289740391,2789.0361328125,2762.351194557283,2789.0361328125,452600,0.0,0.0
2024-01-04 00:00:00+09:00,2769.7125451474544,2850.6875298560844,2751.7692246722468,2844.246337890625,976900,0.0,0.0
2024-01-05 00:00:00+09:00,2856.208479126448,2870.011032988206,2833.204222690185,2859.88916015625,1089800,0.0,0.0
2024-01-09 00:00:00+09:00,2879.212729509147,2938.1036258621625,2877.372388998115,2914.17919921875,1265500,0.0,0.0
2024-01-10 00:00:00+09:00,2928.90191478976,2950.9860008579203,2905.89765846876,2916.01953125,642500,0.0,0.0
2024-01-11 00:00:00+09:00,2928.901893543611,2958.347341420895,2919.70019108196,2920.620361328125,731600,0.0,0.0
2024-01-12 00:00:00+09:00,2963.8688096362343,2973.9906838697016,2921.540971932643,2930.74267578125,807400,0.0,0.0
2024-01-15 00:00:00+09:00,2929.8220850426,2929.8220850426,2915.09936099716,2916.01953125,85300,0.0,0.0
2024-01-16 00:00:00+09:00,2929.8224000455916,2929.8224000455916,2885.654223160482,2901.297119140625,525400,0.0,0.0
2024-01-17 00:00:00+09:00,2902.217257312893,2912.339131070167,2854.3683995512342,2856.208740234375,804100,0.0,0.0
2024-01-18 00:00:00+09:00,2845.1663897808794,2872.7714970555967,2836.884857598464,2870.010986328125,694000,0.0,0.0
2024-01-19 00:00:00+09:00,2870.010885657985,2895.775651543982,2866.3302048171286,2892.094970703125,471000,0.0,0.0
2024-01-22 00:00:00+09:00,2915.0993694742656,2918.7800504963293,2901.2968156415277,2914.17919921875,503100,0.0,0.0
2024-01-23 00:00:00+09:00,2912.3388544718428,2918.7800462510854,2853.4479582044814,2915.099365234375,995900,0.0,0.0
2024-01-24 00:00:00+09:00,2915.0993061557197,2939.9439025150014,2893.015220503025,2927.981689453125,909900,0.0,0.0
2024-01-25 00:00:00+09:00,2923.3806193853807,2925.220959718642,2890.2544933866793,2922.46044921875,751300,0.0,0.0
2024-01-26 00:00:00+09:00,2906.817837174623,2926.1414125404563,2894.855623852917,2914.17919921875,493500,0.0,0.0
2024-01-29 00:00:00+09:00,2918.7804607780613,2955.587276172488,2917.8602903932006,2930.74267578125,711800,0.0,0.0
2024-01-30 00:00:00+09:00,2943.6243663969494,2981.3513432716836,2932.582324384832,2975.830322265625,1765900,0.0,0.0
2024-01-31 00:00:00+09:00,2974.910167607104,3026.439697265625,2960.187444847527,3026.439697265625,709300,0.0,0.0
2024-02-01 00:00:00+09:00,3013.5575748252,3032.8811501141554,2983.191956513984,3022.75927734375,560500,0.0,0.0
2024-02-02 00:00:00+09:00,3024.5993320401412,3034.7212038540874,3001.595077917536,3031.960693359375,510300,0.0,0.0
2024-02-05 00:00:00+09:00,3056.8057994730466,3165.3858971063455,3052.204947878415,3132.259765625,923800,0.0,0.0
2024-02-06 00:00:00+09:00,3181.948839803647,3358.6215342057003,3180.1084992369592,3316.293701171875,2187000,0.0,0.0
2024-02-07 00:00:00+09:00,3296.970228495667,3330.0963597336918,3222.4364332101104,3241.760009765625,963000,0.0,0.0
2024-02-08 00:00:00+09:00,3241.759907346327,3319.9743814094654,3238.079226213944,3263.843994140625,942600,0.0,0.0
2024-02-09 00:00:00+09:00,3312.6129648189103,3342.058413395079,3276.7263243667057,3328.255859375,944400,0.0,0.0
2024-02-13 00:00:00+09:00,3377.0250947652858,3410.151226485054,3350.340155324361,3388.067138671875,1474000,0.0,0.0
2024-02-14 00:00:00+09:00,3393.5882474356567,3399.109269530183,3351.2604113776197,3369.663818359375,800800,0.0,0.0
2024-02-15 00:00:00+09:00,3404.6298453046725,3414.7517178177404,3273.045502634789,3306.171630859375,847000,0.0,0.0
2024-02-16 00:00:00+09:00,3311.6924159900623,3346.6588821772316,3301.5705441990394,3304.3310546875,543100,0.0,0.0
2024-02-19 00:00:00+09:00,3305.251721841042,3323.6551278646557,3288.6886564197894,3302.4912109375,295400,0.0,0.0
2024-02-20 00:00:00+09:00,3303.411209089358,3330.096146432977,3258.322866681175,3286.84814453125,539900,0.0,0.0
2024-02-21 00:00:00+09:00,3308.9321753508543,3314.453196778025,3274.8858765499695,3298.810302734375,490900,0.0,0.0
2024-02-22 00:00:00+09:00,3342.9786652442544,3354.9408790202456,3300.6508318830556,3310.772705078125,618600,0.0,0.0
2024-02-26 00:00:00+09:00,3320.894418254786,3349.4196958845723,3285.927948902145,3292.369140625,644200,0.0,0.0
2024-02-27 00:00:00+09:00,3293.2893874264837,3314.4533035792665,3256.482576725992,3275.80615234375,436100,0.0,0.0
2024-02-28 00:00:00+09:00,3289.6088139251506,3323.655114936404,3289.6088139251506,3305.251708984375,454800,0.0,0.0
2024-02-29 00:00:00+09:00,3311.692798783294,3332.8567149744626,3291.4490528613064,3327.335693359375,645200,0.0,0.0
2024-03-01 00:00:00+09:00,3318.1340931507953,3318.1340931507953,3288.6886436275495,3305.251708984375,433200,0.0,0.0
2024-03-04 00:00:00+09:00,3318.133638395873,3406.4699748589906,3313.5327875384187,3405.5498046875,1055200,0.0,0.0
2024-03-05 00:00:00+09:00,3428.5545333059213,3540.815309758772,3422.113341214364,3514.13037109375,1657700,0.0,0.0
2024-03-06 00:00:00+09:00,3476.40328201846,3512.2899225686765,3459.840217149129,3484.684814453125,981900,0.0,0.0
2024-03-07 00:00:00+09:00,3496.6469315323493,3515.050336435151,3438.6762060885235,3452.478759765625,789700,0.0,0.0
2024-03-08 00:00:00+09:00,3454.319331646346,3481.9244408497,3447.8781394988973,3455.239501953125,697800,0.0,0.0
2024-03-11 00:00:00+09:00,3382.546035649355,3392.6679089878053,3321.814795618654,3353.1005859375,536000,0.0,0.0
2024-03-12 00:00:00+09:00,3331.936376191855,3387.1465895504607,3303.4110992899086,3364.142333984375,466800,0.0,0.0
2024-03-13 00:00:00+09:00,3408.31044522735,3413.831466466919,3346.6590413854947,3377.024658203125,432000,0.0,0.0
2024-03-14 00:00:00+09:00,3374.2640998454963,3376.1044402326497,3286.8479314557167,3333.776611328125,443600,0.0,0.0
2024-03-15 00:00:00+09:00,3347.579232392565,3395.42808343281,3337.457360057128,3372.423828125,569500,0.0,0.0
2024-03-18 00:00:00+09:00,3404.6302305601366,3420.273126214062,3377.025120582622,3382.546142578125,375200,0.0,0.0
2024-03-19 00:00:00+09:00,3361.3816364559407,3413.8313362309173,3353.1001049125234,3405.5498046875,280000,0.0,0.0
2024-03-21 00:00:00+09:00,3424.8736608072913,3454.3191087239584,3411.99127734375,3450.638427734375,392800,0.0,0.0
2024-03-22 00:00:00+09:00,3462.60051039015,3485.60476570765,3434.9954040091493,3479.16357421875,461600,0.0,0.0
2024-03-25 00:00:00+09:00,3468.121484348847,3481.0038671508855,3432.234846543168,3435.91552734375,324900,0.0,0.0
2024-03-26 00:00:00+09:00,3429.474600863796,3458.9200495430664,3414.7518765241607,3431.31494140625,288700,0.0,0.0
2024-03-27 00:00:00+09:00,3446.0375091666183,3485.604829031549,3434.9954664136144,3465.361083984375,440400,0.0,0.0
2024-03-28 00:00:00+09:00,3588.6639835858587,3612.5884101430975,3543.5756412279848,3552.77734375,941300,0.0,0.0
2024-03-29 00:00:00+09:00,3542.655697288365,3570.260806617885,3517.8110988917974,3556.458251953125,228900,0.0,0.0
2024-04-01 00:00:00+09:00,3597.865518646563,3600.6260292746806,3468.121519125037,3481.924072265625,659600,0.0,0.0
2024-04-02 00:00:00+09:00,3482.8443724913286,3556.457991989164,3469.9619890792073,3506.768798828125,607000,0.0,0.0
2024-04-03 00:00:00+09:00,3464.441001103672,3545.4159833339836,3459.8401498405865,3499.407470703125,454500,0.0,0.0
2024-04-04 00:00:00+09:00,3528.8527580326777,3554.6175239322647,3514.1300346614853,3534.373779296875,455300,0.0,0.0
2024-04-05 00:00:00+09:00,3491.1259893137117,3517.8109270285504,3465.361221864902,3488.365478515625,518200,0.0,0.0
2024-04-08 00:00:00+09:00,3501.2478112083595,3513.2100244923827,3464.441001103672,3499.407470703125,335000,0.0,0.0
2024-04-09 00:00:00+09:00,3496.646674411553,3518.730758670994,3469.9617392647274,3508.60888671875,320000,0.0,0.0
2024-04-10 00:00:00+09:00,3487.4453679600624,3508.609284441087,3467.201621760822,3475.483154296875,334200,0.0,0.0
2024-04-11 00:00:00+09:00,3450.638430620198,3511.3696669991136,3419.352642182575,3503.088134765625,259300,0.0,0.0
2024-04-12 00:00:00+09:00,3538.054502243723,3541.7351831303226,3506.7687147076276,3525.172119140625,278500,0.0,0.0
2024-04-15 00:00:00+09:00,3495.7266971124386,3519.651123046875,3469.9619307215075,3519.651123046875,214100,0.0,0.0
2024-04-16 00:00:00+09:00,3478.2435908022812,3495.7268257825044,3411.9913319298566,3438.67626953125,528100,0.0,0.0
2024-04-17 00:00:00+09:00,3469.042056554802,3469.042056554802,3422.1133709091,3455.239501953125,422500,0.0,0.0
2024-04-18 00:00:00+09:00,3455.2391247891946,3547.2561454227284,3445.1172525195057,3538.054443359375,495700,0.0,0.0
2024-04-19 00:00:00+09:00,3515.0505237471357,3525.1723969830564,3396.3485557986064,3412.91162109375,593200,0.0,0.0
2024-04-22 00:00:00+09:00,3426.71402234229,3447.8779381623413,3405.550106522238,3446.03759765625,342300,0.0,0.0
2024-04-23 00:00:00+09:00,3452.4787386461935,3481.0040160710423,3443.2770362510814,3457.07958984375,302600,0.0,0.0
2024-04-24 00:00:00+09:00,3469.0418177742954,3560.138671875,3469.0418177742954,3560.138671875,478200,0.0,0.0
2024-04-25 00:00:00+09:00,3538.0547117720453,3538.0547117720453,3473.642792441995,3480.083984375,418400,0.0,0.0
2024-04-26 00:00:00+09:00,3480.0839270941474,3545.416015625,3466.2813731791784,3545.416015625,488800,0.0,0.0
2024-04-30 00:00:00+09:00,3549.096470352692,3615.348724919815,3524.251874890021,3595.10498046875,623700,0.0,0.0
2024-05-01 00:00:00+09:00,3595.1052720083203,3595.1052720083203,3423.0334302203614,3426.714111328125,1268800,0.0,0.0
2024-05-02 00:00:00+09:00,3446.9576584014358,3482.8442971301215,3406.470168553688,3416.592041015625,525100,0.0,0.0
2024-05-07 00:00:00+09:00,3432.2350540885773,3440.5165863906677,3350.339901323461,3390.827392578125,731100,0.0,0.0
2024-05-08 00:00:00+09:00,3396.3485902017874,3406.4704635402372,3353.1005859375,3353.1005859375,418800,0.0,0.0
2024-05-09 00:00:00+09:00,3355.860873657126,3379.7852999568477,3331.936447357404,3348.49951171875,432000,0.0,0.0
2024-05-10 00:00:00+09:00,3363.2224770454663,3375.1846910541094,3285.9281711434637,3296.97021484375,660400,0.0,0.0
2024-05-13 00:00:00+09:00,3285.0078735858356,3330.0962169487784,3257.402765404442,3324.5751953125,423900,0.0,0.0
2024-05-14 00:00:00+09:00,3304.331453545149,3324.575199570767,3272.125493958939,3323.655029296875,491200,0.0,0.0
2024-05-15 00:00:00+09:00,3335.617515443128,3373.344499755726,3331.016663697689,3369.663818359375,366400,0.0,0.0
2024-05-16 00:00:00+09:00,3378.865272765663,3382.5459538906803,3332.85675870295,3370.583740234375,340700,0.0,0.0
2024-05-17 00:00:00+09:00,3332.856903454593,3366.9032053396895,3322.735029921186,3339.298095703125,314900,0.0,0.0
2024-05-20 00:00:00+09:00,3331.016348928855,3366.902989152122,3325.495327356045,3332.856689453125,302400,0.0,0.0
2024-05-21 00:00:00+09:00,3355.860835627506,3392.6676449022793,3339.2977714538574,3356.781005859375,296200,0.0,0.0
2024-05-22 00:00:00+09:00,3331.0164600749963,3336.537481832027,3305.2516918755214,3308.932373046875,332600,0.0,0.0
2024-05-23 00:00:00+09:00,3308.9320161015557,3333.776611328125,3277.6462295199503,3333.776611328125,568300,0.0,0.0
2024-05-24 00:00:00+09:00,3291.4490781493464,3338.377762238141,3289.6087375968445,3321.814697265625,1098800,0.0,0.0
2024-05-27 00:00:00+09:00,3321.8146759919605,3335.6172300473286,3288.6885462590767,3326.41552734375,481600,0.0,0.0
2024-05-28 00:00:00+09:00,3318.1338016659292,3335.617035784524,3306.1715888479434,3315.373291015625,234600,0.0,0.0
2024-05-29 00:00:00+09:00,3308.932099498248,3350.3397592528145,3298.810227113798,3315.373291015625,320500,0.0,0.0
2024-05-30 00:00:00+09:00,3303.41088452468,3305.2512248503203,3262.003227197769,3304.3310546875,325000,0.0,0.0
2024-05-31 00:00:00+09:00,3323.6551611129908,3401.8696374957713,3321.8148204922195,3400.029296875,452900,0.0,0.0
2024-06-03 00:00:00+09:00,3400.949297188755,3464.4410454317267,3399.108956659973,3436.8359375,457400,0.0,0.0
2024-06-04 00:00:00+09:00,3413.8317104879875,3442.3569889314185,3409.230859126144,3430.394775390625,1166700,0.0,0.0
2024-06-05 00:00:00+09:00,3412.9115486902633,3456.1595515989834,3404.6300162183807,3428.554443359375,489500,0.0,0.0
2024-06-06 00:00:00+09:00,3436.8359139675745,3436.8359139675745,3388.987060546875,3388.987060546875,307500,0.0,0.0
2024-06-07 00:00:00+09:00,3386.2266740770683,3431.315018378638,3386.2266740770683,3414.751953125,229800,0.0,0.0
2024-06-10 00:00:00+09:00,3413.831735946106,3441.4368443230287,3405.5502034330293,3424.873779296875,273400,0.0,0.0
2024-06-11 00:00:00+09:00,3430.394771135023,3469.962092797793,3426.714090050114,3431.31494140625,309000,0.0,0.0
2024-06-12 00:00:00+09:00,3404.629961228529,3410.150982787278,3334.697021484375,3334.697021484375,346000,0.0,0.0
2024-06-13 00:00:00+09:00,3367.823112355491,3369.663452854046,3313.5330676481212,3342.978515625,321600,0.0,0.0
2024-06-14 00:00:00+09:00,3307.091605586796,3390.82709142664,3307.091605586796,3349.41943359375,478800,0.0,0.0
2024-06-17 00:00:00+09:00,3333.7768004766785,3361.381907850209,3304.3313526115794,3345.739013671875,326700,0.0,0.0
2024-06-18 00:00:00+09:00,3386.2265201558266,3396.3483929062922,3365.982774654895,3395.42822265625,276600,0.0,0.0
2024-06-19 00:00:00+09:00,3396.348330096869,3434.075309650912,3336.537264950216,3355.86083984375,253900,0.0,0.0
2024-06-20 00:00:00+09:00,3340.217950081211,3371.5037380434037,3340.217950081211,3354.940673828125,265600,0.0,0.0
2024-06-21 00:00:00+09:00,3354.9405857457564,3381.625521836438,3342.9783730154504,3374.26416015625,545000,0.0,0.0
2024-06-24 00:00:00+09:00,3377.024788230956,3401.869384765625,3359.541553632485,3401.869384765625,329900,0.0,0.0
2024-06-25 00:00:00+09:00,3412.9114744504122,3416.592155468962,3383.466026302013,3391.74755859375,286300,0.0,0.0
2024-06-26 00:00:00+09:00,3404.629634516009,3422.1128677743345,3389.906911772156,3405.5498046875,474300,0.0,0.0
2024-06-27 00:00:00+09:00,3395.2472425146975,3474.8599364771108,3390.5641428698495,3455.19091796875,548800,65.0,0.0
2024-06-28 00:00:00+09:00,3428.9655249950893,3446.7613034640613,3419.5993258008934,3427.09228515625,392500,0.0,0.0
2024-07-01 00:00:00+09:00,3427.092312983319,3443.9514716697636,3410.233154296875,3410.233154296875,475900,0.0,0.0
2024-07-02 00:00:00+09:00,3401.8034276270605,3416.7893458104395,3383.0710298978365,3409.29638671875,756000,0.0,0.0
2024-07-03 00:00:00+09:00,3414.9161151222884,3417.7259747891467,3360.5921615630195,3378.387939453125,691700,0.0,0.0
2024-07-04 00:00:00+09:00,3377.451722102379,3419.599622128615,3363.4024220936335,3388.691162109375,543900,0.0,0.0
2024-07-05 00:00:00+09:00,3390.564031415206,3394.31051100793,3365.275294164319,3366.2119140625,396600,0.0,0.0
2024-07-08 00:00:00+09:00,3371.8316808269124,3427.09225559602,3371.8316808269124,3403.6767578125,611600,0.0,0.0
2024-07-09 00:00:00+09:00,3424.2825559669877,3464.5572140377153,3390.564237582192,3454.25439453125,399800,0.0,0.0
2024-07-10 00:00:00+09:00,3418.66259765625,3436.458375561858,3398.9935799711043,3418.66259765625,467200,0.0,0.0
2024-07-11 00:00:00+09:00,3437.394977483349,3484.2259717269917,3432.711878058985,3480.4794921875,421100,0.0,0.0
2024-07-12 00:00:00+09:00,3439.268737192623,3474.860298198429,3428.029296875,3428.029296875,405700,0.0,0.0
2024-07-16 00:00:00+09:00,3418.6629327801265,3436.4587124302147,3398.9939131668707,3413.043212890625,371400,0.0,0.0
2024-07-17 00:00:00+09:00,3439.268208045086,3449.571026751103,3419.599190515416,3435.521728515625,343600,0.0,0.0
2024-07-18 00:00:00+09:00,3410.23287283539,3428.0286499800955,3382.13427734375,3382.13427734375,341300,0.0,0.0
2024-07-19 00:00:00+09:00,3382.1346691042877,3398.0572083938955,3363.402269940044,3383.0712890625,387200,0.0,0.0
2024-07-22 00:00:00+09:00,3377.45166015625,3408.360119608595,3367.1488403388016,3377.45166015625,346000,0.0,0.0
2024-07-23 00:00:00+09:00,3414.9163051357054,3443.0149033677603,3402.7402459018153,3412.1064453125,429600,0.0,0.0
2024-07-24 00:00:00+09:00,3404.61322384869,3445.8244980850977,3398.056884765625,3398.056884765625,428000,0.0,0.0
2024-07-25 00:00:00+09:00,3360.5923236720737,3372.7683828158133,3312.82470703125,3312.82470703125,587300,0.0,0.0
2024-07-26 00:00:00+09:00,3312.8246850174464,3351.226102061754,3312.8246850174464,3334.366943359375,467500,0.0,0.0
2024-07-29 00:00:00+09:00,3394.310593784116,3445.824689440332,3378.38805512674,3431.775390625,633500,0.0,0.0
2024-07-30 00:00:00+09:00,3366.2119331619365,3380.2612317143653,3196.683730629296,3304.39501953125,2596200,0.0,0.0
2024-07-31 00:00:00+09:00,3325.0007396144556,3384.9444149201813,3282.8528429151174,3369.95849609375,827900,0.0,0.0
2024-08-01 00:00:00+09:00,3329.683894086677,3336.2402336812215,3258.500778488762,3295.965576171875,685000,0.0,0.0
2024-08-02 00:00:00+09:00,3207.923174338034,3230.4020520560234,3183.5710568102127,3192.937255859375,809700,0.0,0.0
2024-08-05 00:00:00+09:00,3072.1132164621376,3086.1625147081536,2777.0779532958045,2795.342041015625,1188600,0.0,0.0
2024-08-06 00:00:00+09:00,2940.9866046762622,3158.2824302446993,2940.9866046762622,3125.500732421875,1124200,0.0,0.0
2024-08-07 00:00:00+09:00,2999.057111677991,3173.2684242239334,2997.1838717581422,3105.831787109375,712100,0.0,0.0
2024-08-08 00:00:00+09:00,3086.162666283944,3164.8387403257802,3077.7330869223188,3102.085205078125,456700,0.0,0.0
2024-08-09 00:00:00+09:00,3174.2050213128555,3202.3036199081303,3130.183883513592,3167.648681640625,992900,0.0,0.0
2024-08-13 00:00:00+09:00,3154.535957117799,3183.5711752504153,3130.183838683992,3170.45849609375,512900,0.0,0.0
2024-08-14 00:00:00+09:00,3184.5074706037367,3223.8455040641356,3165.775073717832,3221.03564453125,430700,0.0,0.0
2024-08-15 00:00:00+09:00,3221.035929502532,3278.1697450592796,3218.2260697210527,3253.817626953125,386400,0.0,0.0
2024-08-16 00:00:00+09:00,3300.648549546227,3300.648549546227,3259.4372736722103,3273.486572265625,346600,0.0,0.0
2024-08-19 00:00:00+09:00,3273.4866629524263,3289.4092017994053,3254.754264308922,3267.866943359375,379200,0.0,0.0
2024-08-20 00:00:00+09:00,3280.04301410336,3294.092313135784,3249.134556232026,3277.233154296875,284900,0.0,0.0
2024-08-21 00:00:00+09:00,3235.0853020080986,3276.296579740686,3213.543043193337,3274.42333984375,625200,0.0,0.0
2024-08-22 00:00:00+09:00,3276.296441724437,3283.789400996534,3231.3386860918545,3242.578125,390700,0.0,0.0
2024-08-23 00:00:00+09:00,3254.754274862784,3272.5500536318177,3236.95849609375,3236.95849609375,301200,0.0,0.0
2024-08-26 00:00:00+09:00,3236.958327200471,3240.704806745842,3181.69775390625,3181.69775390625,307300,0.0,0.0
2024-08-27 00:00:00+09:00,3177.0149780020706,3177.0149780020706,3148.916378550401,3166.712158203125,391300,0.0,0.0
2024-08-28 00:00:00+09:00,3169.5217700031076,3213.542905697595,3139.5499329345203,3202.303466796875,230400,0.0,0.0
2024-08-29 00:00:00+09:00,3201.36669306695,3215.4159910177996,3181.6976759357603,3196.68359375,217600,0.0,0.0
2024-08-30 00:00:00+09:00,3196.6840458570555,3263.1840655628425,3191.0643258819186,3249.134765625,410800,0.0,0.0
2024-09-02 00:00:00+09:00,3245.3881437340565,3248.1980035987613,3192.000806304665,3212.6064453125,550700,0.0,0.0
2024-09-03 00:00:00+09:00,3204.1767636559125,3229.465501632735,3175.14154597882,3208.85986328125,526400,0.0,0.0
2024-09-04 00:00:00+09:00,3079.606473982225,3106.768453223552,3056.190974636253,3062.747314453125,591400,0.0,0.0
2024-09-05 00:00:00+09:00,3020.59945504699,3081.4797541409603,2991.5642354790966,3055.25439453125,473900,0.0,0.0
2024-09-06 00:00:00+09:00,3061.8103625254544,3072.1131811206765,2996.2469714649524,3032.775146484375,424100,0.0,0.0
2024-09-09 00:00:00+09:00,2983.13435546875,3055.254087139423,2978.4512560096155,3044.0146484375,303400,0.0,0.0
2024-09-10 00:00:00+09:00,3038.3949503820304,3055.2541085530775,3022.472412109375,3022.472412109375,308300,0.0,0.0
2024-09-11 00:00:00+09:00,3017.7895683618212,3026.219148161714,2981.2613892289496,2991.564208984375,410700,0.0,0.0
2024-09-12 00:00:00+09:00,3072.1132824710844,3075.859762083854,2992.5005906997303,2996.2470703125,276100,0.0,0.0
2024-09-13 00:00:00+09:00,3013.1062859281183,3013.1062859281183,2978.4513488503003,3002.803466796875,349500,0.0,0.0
2024-09-17 00:00:00+09:00,3029.9653652955994,3033.7118448817455,2985.0076102618473,3017.789306640625,361200,0.0,0.0
2024-09-18 00:00:00+09:00,3021.5357922109833,3042.1414299755966,3008.4231136335025,3022.472412109375,194300,0.0,0.0
2024-09-19 00:00:00+09:00,3057.127554911531,3088.9726336085264,3038.395155678005,3070.240234375,302600,0.0,0.0
2024-09-20 00:00:00+09:00,3092.719198304145,3128.3107578243016,3083.3529984304196,3100.212158203125,534600,0.0,0.0
2024-09-24 00:00:00+09:00,3137.676628194439,3178.887903311023,3114.2611309691074,3150.789306640625,509100,0.0,0.0
2024-09-25 00:00:00+09:00,3174.205009849612,3178.8881095985785,3146.106411355812,3158.282470703125,310800,0.0,0.0
2024-09-26 00:00:00+09:00,3195.7469087352792,3221.972264375545,3176.0778920050793,3221.03564453125,445300,0.0,0.0
2024-09-27 00:00:00+09:00,3232.275430824862,3271.6134685225275,3216.352891756759,3265.05712890625,407400,0.0,0.0
2024-09-30 00:00:00+09:00,3113.3247018027773,3178.888098050128,3101.148642499698,3148.916259765625,352500,0.0,0.0
2024-10-01 00:00:00+09:00,3175.141771194069,3213.5431908456785,3162.029091313031,3194.810791015625,429800,0.0,0.0
2024-10-02 00:00:00+09:00,3187.3173501508295,3237.894822060364,3177.951151649064,3199.493408203125,371500,0.0,0.0
2024-10-03 00:00:00+09:00,3250.0710842720973,3274.4232019064125,3242.578125,3242.578125,340400,0.0,0.0
2024-10-04 00:00:00+09:00,3253.8173501857345,3285.6624250004484,3250.0708707957683,3265.993408203125,510300,0.0,0.0
2024-10-07 00:00:00+09:00,3307.2048732769476,3325.0006514112615,3289.409095142634,3299.7119140625,465300,0.0,0.0
2024-10-08 00:00:00+09:00,3250.0709815215623,3269.739998988984,3224.782244777735,3238.83154296875,206200,0.0,0.0
2024-10-09 00:00:00+09:00,3246.324334933133,3254.753913413917,3209.7961615164013,3223.845458984375,242400,0.0,0.0
2024-10-10 00:00:00+09:00,3250.071180994474,3251.944420868246,3222.9092028247796,3241.6416015625,167900,0.0,0.0
2024-10-11 00:00:00+09:00,3245.3879032051723,3245.3879032051723,3210.732967442231,3217.289306640625,264400,0.0,0.0
2024-10-15 00:00:00+09:00,3228.5289845458274,3238.831804049745,3211.6698253575987,3212.6064453125,239300,0.0,0.0
2024-10-16 00:00:00+09:00,3176.078289599652,3208.8599882537333,3166.7120899842007,3191.064208984375,160700,0.0,0.0
2024-10-17 00:00:00+09:00,3175.1416015625,3192.9373804503134,3171.3951217966446,3175.1416015625,291300,0.0,0.0
2024-10-18 00:00:00+09:00,3173.2685036386038,3179.8248435221544,3152.662864004587,3171.395263671875,303600,0.0,0.0
2024-10-21 00:00:00+09:00,3175.1414693590077,3176.0780892614735,3147.9794921875,3147.9794921875,203500,0.0,0.0
2024-10-22 00:00:00+09:00,3147.0430881857014,3150.789568052589,3095.528990015995,3124.564208984375,312700,0.0,0.0
2024-10-23 00:00:00+09:00,3109.5781483907185,3160.1556242982783,3106.768288618076,3128.310546875,143500,0.0,0.0
2024-10-24 00:00:00+09:00,3123.627326871142,3142.3597246334875,3103.0216893325614,3110.5146484375,260500,0.0,0.0
2024-10-25 00:00:00+09:00,3112.388155463538,3118.944495243329,3059.0008172566704,3088.97265625,246700,0.0,0.0
2024-10-28 00:00:00+09:00,3085.226131165427,3145.1698082736802,3079.606411436528,3132.05712890625,209900,0.0,0.0
2024-10-29 00:00:00+09:00,3107.7047169546677,3144.2328917470827,3105.8314772217236,3130.18359375,217800,0.0,0.0
2024-10-30 00:00:00+09:00,3181.6980206247026,3207.923379640744,3134.867022381772,3200.430419921875,681000,0.0,0.0
2024-10-31 00:00:00+09:00,3134.8669784554604,3290.3458904433915,3072.113441689247,3283.78955078125,1018700,0.0,0.0
2024-11-01 00:00:00+09:00,3155.4724514072263,3178.8879489688707,3123.6273747233895,3147.9794921875,994300,0.0,0.0
2024-11-05 00:00:00+09:00,3147.9797419130414,3163.902281518076,3107.7050829120712,3152.662841796875,597900,0.0,0.0
2024-11-06 00:00:00+09:00,3159.2190462115777,3236.0218810142305,3147.9796069721647,3201.366943359375,461500,0.0,0.0
2024-11-07 00:00:00+09:00,3213.542973283115,3218.226072923574,3150.7894381009614,3177.951416015625,582800,0.0,0.0
2024-11-08 00:00:00+09:00,3177.951274360879,3191.063952769677,3154.535777202311,3181.69775390625,376800,0.0,0.0
2024-11-11 00:00:00+09:00,3157.3458392831412,3161.0923190687045,3141.423300194499,3148.916259765625,325300,0.0,0.0
2024-11-12 00:00:00+09:00,3147.0428362353646,3158.2822749362053,3111.4512803493694,3119.880859375,368300,0.0,0.0
2024-11-13 00:00:00+09:00,3109.5781033830017,3141.423180345358,3107.704863561687,3131.120361328125,291400,0.0,0.0
2024-11-14 00:00:00+09:00,3131.1206637908226,3147.979823811234,3097.40234375,3097.40234375,309100,0.0,0.0
2024-11-15 00:00:00+09:00,3127.373851920985,3136.7400509384183,3106.768214082632,3107.704833984375,323000,0.0,0.0
2024-11-18 00:00:00+09:00,3100.211983609978,3191.0641172686387,3084.2894447213466,3156.4091796875,540300,0.0,0.0
2024-11-19 00:00:00+09:00,3154.53576519597,3188.2540809759744,3128.3104084781885,3172.33154296875,411000,0.0,0.0
2024-11-20 00:00:00+09:00,3172.3314631494527,3231.338514279779,3172.3314631494527,3222.908935546875,516300,0.0,0.0
2024-11-21 00:00:00+09:00,3208.85986328125,3220.09930238206,3186.38098507963,3208.85986328125,642000,0.0,0.0
2024-11-22 00:00:00+09:00,3229.4655366120514,3248.197935316298,3216.352857519079,3236.95849609375,722800,0.0,0.0
2024-11-25 00:00:00+09:00,3257.5640075256774,3278.16964529611,3214.4794921875,3214.4794921875,459600,0.0,0.0
2024-11-26 00:00:00+09:00,3214.4794348768246,3223.845633696396,3176.0780197165827,3207.923095703125,334700,0.0,0.0
2024-11-27 00:00:00+09:00,3194.810386962891,3212.606164550781,3164.8385510253906,3184.507568359375,258300,0.0,0.0
2024-11-28 00:00:00+09:00,3184.508038123541,3226.6559386281174,3178.8883180562643,3210.7333984375,308600,0.0,0.0
2024-11-29 00:00:00+09:00,3195.7470822983632,3216.3527199919636,3194.8104624032,3205.11328125,263900,0.0,0.0
2024-12-02 00:00:00+09:00,3202.303466796875,3212.6062857892016,3178.8879690870413,3202.303466796875,287000,0.0,0.0
2024-12-03 00:00:00+09:00,3180.761400659844,3216.352959324471,3179.8247806949853,3200.430419921875,402400,0.0,0.0
2024-12-04 00:00:00+09:00,3201.3669259258836,3216.352844830159,3183.571147227056,3187.317626953125,239800,0.0,0.0
2024-12-05 00:00:00+09:00,3190.1275948909174,3199.4937945235974,3155.47265625,3155.47265625,338600,0.0,0.0
2024-12-06 00:00:00+09:00,3147.042724609375,3161.0920224870956,3121.7539884294783,3147.042724609375,311600,0.0,0.0
2024-12-09 00:00:00+09:00,3191.06387456966,3226.6554293784793,3180.76105607237,3196.68359375,457200,0.0,0.0
2024-12-10 00:00:00+09:00,3200.4303688060486,3205.1134685555453,3184.50782965776,3198.55712890625,342900,0.0,0.0
2024-12-11 00:00:00+09:00,3206.986406066608,3224.7821834367205,3175.1413307727225,3192.00048828125,342900,0.0,0.0
2024-12-12 00:00:00+09:00,3193.8740348592837,3218.2261536001465,3187.3176951982823,3203.240234375,519900,0.0,0.0
2024-12-13 00:00:00+09:00,3203.2399266202688,3218.2258444056265,3180.7610499422317,3192.00048828125,440000,0.0,0.0
2024-12-16 00:00:00+09:00,3184.507749663334,3197.6204286325355,3170.4584507677605,3173.268310546875,370000,0.0,0.0
2024-12-17 00:00:00+09:00,3173.268257307714,3183.5710763249467,3127.373881685495,3131.120361328125,443600,0.0,0.0
2024-12-18 00:00:00+09:00,3131.120231948866,3192.937143497961,3131.120231948866,3144.23291015625,284900,0.0,0.0
2024-12-19 00:00:00+09:00,3123.6273747233895,3171.3949897491443,3121.754134918458,3147.9794921875,227300,0.0,0.0
2024-12-20 00:00:00+09:00,3165.775321803914,3181.6978604047026,3149.852783203125,3149.852783203125,443700,0.0,0.0
2024-12-23 00:00:00+09:00,3149.8527949288236,3168.5851933524264,3129.2471566628606,3159.218994140625,219400,0.0,0.0
2024-12-24 00:00:00+09:00,3156.4091226269793,3177.0147608162356,3141.423203943884,3149.852783203125,227900,0.0,0.0
2024-12-25 00:00:00+09:00,3147.043298839206,3150.7897789568715,3111.4517377213815,3136.740478515625,334000,0.0,0.0
2024-12-26 00:00:00+09:00,3137.676780994993,3156.4091796875,3119.881002237111,3156.4091796875,407600,0.0,0.0
2024-12-27 00:00:00+09:00,3165.9596398110034,3211.8015893467286,3162.139477349693,3201.296142578125,397700,65.0,0.0
2024-12-30 00:00:00+09:00,3207.981163946042,3239.4975016686444,3207.026123408994,3219.441650390625,320000,0.0,0.0
2025-01-06 00:00:00+09:00,3213.7116883120643,3239.497785068209,3209.891525829673,3220.39697265625,414500,0.0,0.0
2025-01-07 00:00:00+09:00,3247.1379390319507,3333.0915903592672,3234.722411618005,3321.631103515625,621400,0.0,0.0
2025-01-08 00:00:00+09:00,3343.597148479115,3379.888691364635,3331.181620649858,3361.742919921875,733100,0.0,0.0
2025-01-09 00:00:00+09:00,3321.6308410154006,3359.8324608085622,3314.945557551597,3327.361083984375,324700,0.0,0.0
2025-01-10 00:00:00+09:00,3331.181376198431,3335.001538327099,3287.24951171875,3287.24951171875,291000,0.0,0.0
2025-01-14 00:00:00+09:00,3252.868467303241,3274.8344023437503,3194.6109874131944,3223.26220703125,273900,0.0,0.0
2025-01-15 00:00:00+09:00,3243.3177584134614,3251.913123497596,3201.2959735576924,3215.62158203125,228400,0.0,0.0
2025-01-16 00:00:00+09:00,3199.3861197563797,3222.307094942694,3159.2744131803297,3171.68994140625,316200,0.0,0.0
2025-01-17 00:00:00+09:00,3162.139610968183,3176.4652208034363,3148.769041788614,3161.1845703125,254600,0.0,0.0
2025-01-20 00:00:00+09:00,3164.0493729371683,3196.520751953125,3161.18425125929,3196.520751953125,392100,0.0,0.0
2025-01-21 00:00:00+09:00,3201.2960109393557,3223.261944188641,3194.6107269069644,3216.57666015625,235900,0.0,0.0
2025-01-22 00:00:00+09:00,3199.3859479231755,3254.7783016484123,3193.6557044343576,3248.093017578125,309500,0.0,0.0
2025-01-23 00:00:00+09:00,3216.5765671774607,3288.204608311163,3208.936242789866,3270.058837890625,316900,0.0,0.0
2025-01-24 00:00:00+09:00,3270.059100389828,3297.7552785181297,3253.823409762893,3276.744384765625,285700,0.0,0.0
2025-01-27 00:00:00+09:00,3313.9910407045822,3335.956975556515,3294.8902277898583,3328.316650390625,475500,0.0,0.0
2025-01-28 00:00:00+09:00,3276.7441403381977,3301.575194738895,3238.5425181832784,3251.9130859375,411100,0.0,0.0
2025-01-29 00:00:00+09:00,3264.328727054115,3266.2388082285174,3207.0262918220355,3217.53173828125,434100,0.0,0.0
2025-01-30 00:00:00+09:00,3231.8575333180147,3257.6436306583178,3197.47607019761,3247.13818359375,399600,0.0,0.0
2025-01-31 00:00:00+09:00,3245.227782327546,3245.227782327546,3194.610633280059,3195.565673828125,261400,0.0,0.0
2025-02-03 00:00:00+09:00,3175.5098214349246,3184.105186365124,3127.7577940449255,3145.903564453125,626500,0.0,0.0
2025-02-04 00:00:00+09:00,3196.521068721065,3223.26220703125,3159.2744832175927,3223.26220703125,566800,0.0,0.0
2025-02-05 00:00:00+09:00,3242.362811915042,3250.003136655932,3211.8015129514833,3236.632568359375,634500,0.0,0.0
2025-02-06 00:00:00+09:00,3487.8082727136516,3571.851845550125,3458.202014100803,3535.560302734375,2994700,0.0,0.0
2025-02-07 00:00:00+09:00,3521.234758344218,3524.099880198037,3381.798828125,3381.798828125,1061500,0.0,0.0
2025-02-10 00:00:00+09:00,3371.2932504347655,3399.9444678605564,3346.462195332413,3372.248291015625,484300,0.0,0.0
2025-02-12 00:00:00+09:00,3407.5846594539903,3415.224983802542,3349.3271862962847,3362.69775390625,454100,0.0,0.0
2025-02-13 00:00:00+09:00,3419.045484179416,3446.741662682545,3405.6749152468706,3433.37109375,679000,0.0,0.0
2025-02-14 00:00:00+09:00,3398.0342922619257,3419.0451844569125,3366.517953969446,3388.48388671875,440100,0.0,0.0
2025-02-17 00:00:00+09:00,3395.1691132373408,3397.0791943137046,3339.776762022779,3356.012451171875,289000,0.0,0.0
2025-02-18 00:00:00+09:00,3338.821927455357,3356.9676988002234,3312.0807907366075,3342.64208984375,282500,0.0,0.0
2025-02-19 00:00:00+09:00,3377.023474639961,3429.5507062873585,3367.4730688858886,3415.22509765625,454000,0.0,0.0
2025-02-20 00:00:00+09:00,3403.764742527651,3421.9105141628993,3337.8669402733276,3399.944580078125,531900,0.0,0.0
2025-02-21 00:00:00+09:00,3406.6298436687325,3464.8873206700764,3406.6298436687325,3442.92138671875,759500,0.0,0.0
2025-02-25 00:00:00+09:00,3419.0454983515497,3504.0441154893397,3416.180376425557,3489.718505859375,754200,0.0,0.0
2025-02-26 00:00:00+09:00,3486.853234903702,3486.853234903702,3413.3151086129365,3461.067138671875,626800,0.0,0.0
2025-02-27 00:00:00+09:00,3455.3367638221152,3457.246844951923,3413.314978966346,3439.10107421875,1059600,0.0,0.0
2025-02-28 00:00:00+09:00,3394.214205688372,3409.494854897999,3330.2264871230595,3353.1474609375,573000,0.0,0.0
2025-03-03 00:00:00+09:00,3372.2480690326424,3445.7861889180895,3355.0573397087715,3441.010986328125,515300,0.0,0.0
2025-03-04 00:00:00+09:00,3428.5956468953577,3460.11198571083,3377.023456106402,3408.539794921875,529600,0.0,0.0
2025-03-05 00:00:00+09:00,3366.5180853464008,3377.9785724454523,3348.372314106236,3360.787841796875,457000,0.0,0.0
2025-03-06 00:00:00+09:00,3361.7427884615386,3422.8653846153848,3354.1024639423076,3401.8544921875,373800,0.0,0.0
2025-03-07 00:00:00+09:00,3367.473182048749,3394.2143190587785,3357.922775973738,3368.42822265625,367700,0.0,0.0
2025-03-10 00:00:00+09:00,3364.607891268979,3379.888540221663,3317.8109038513862,3345.507080078125,428300,0.0,0.0
2025-03-11 00:00:00+09:00,3305.3955243890937,3361.742919921875,3263.37373789007,3361.742919921875,574500,0.0,0.0
2025-03-12 00:00:00+09:00,3313.990704597484,3374.1582591766314,3308.2604613042317,3356.967529296875,363100,0.0,0.0
2025-03-13 00:00:00+09:00,3377.978553719836,3377.978553719836,3344.552133199566,3354.1025390625,289200,0.0,0.0
2025-03-14 00:00:00+09:00,3372.2484976706355,3394.214432376505,3355.0577661616944,3371.29345703125,435300,0.0,0.0
2025-03-17 00:00:00+09:00,3390.3942698189626,3390.3942698189626,3366.518253834322,3371.29345703125,329900,0.0,0.0
2025-03-18 00:00:00+09:00,3434.325871394231,3438.146033653846,3385.6188025841348,3401.8544921875,796300,0.0,0.0
2025-03-19 00:00:00+09:00,3371.2933240251873,3440.0562473480804,3371.2933240251873,3411.405029296875,444800,0.0,0.0
2025-03-21 00:00:00+09:00,3417.135122393279,3445.7863391824903,3398.034311200471,3407.584716796875,533100,0.0,0.0
2025-03-24 00:00:00+09:00,3398.0341982454866,3400.8993198291673,3376.0682661039336,3392.303955078125,249100,0.0,0.0
2025-03-25 00:00:00+09:00,3389.438852480068,3420.00014954385,3383.708609280609,3398.9892578125,247100,0.0,0.0
2025-03-26 00:00:00+09:00,3400.8994328793924,3444.8312986228498,3395.1691895215504,3407.584716796875,394900,0.0,0.0
2025-03-27 00:00:00+09:00,3393.2592019917056,3409.494891953388,3364.607984412265,3403.7646484375,310000,0.0,0.0
2025-03-28 00:00:00+09:00,3406.6296760994187,3419.0452033742413,3361.7427697981366,3382.753662109375,288600,0.0,0.0
2025-03-31 00:00:00+09:00,3353.1472910122643,3356.9674531210794,3281.5192514719856,3330.226318359375,473200,0.0,0.0
2025-04-01 00:00:00+09:00,3357.9226072819665,3357.9226072819665,3306.3504170677384,3333.091552734375,412800,0.0,0.0
2025-04-02 00:00:00+09:00,3343.597265837604,3343.597265837604,3283.4297057839713,3290.114990234375,299700,0.0,0.0
2025-04-03 00:00:00+09:00,3191.745717433182,3221.3519763321733,3162.139458534191,3207.0263671875,516100,0.0,0.0
2025-04-04 00:00:00+09:00,3115.342530956669,3129.6681403878006,3033.2090368848503,3090.511474609375,778100,0.0,0.0
2025-04-07 00:00:00+09:00,2923.379036452965,2980.6814677457382,2866.0766051601922,2895.682861328125,869600,0.0,0.0
2025-04-08 00:00:00+09:00,3013.15292585997,3065.680155946277,2977.8164256200907,3009.332763671875,396500,0.0,0.0
2025-04-09 00:00:00+09:00,2942.4799422512283,2949.165226118725,2864.6441372225117,2891.86279296875,489100,0.0,0.0
2025-04-10 00:00:00+09:00,3080.005652163209,3089.556057286196,3034.163707572873,3068.545166015625,388900,0.0,0.0
2025-04-11 00:00:00+09:00,2942.480181186066,3034.1640816709287,2910.9638403943945,3028.433837890625,365300,0.0,0.0
2025-04-14 00:00:00+09:00,3064.725078287301,3080.005726854642,3042.7591459717487,3045.624267578125,291100,0.0,0.0
2025-04-15 00:00:00+09:00,3045.6243990738285,3065.6802511843807,3037.9840744602852,3042.75927734375,232300,0.0,0.0
2025-04-16 00:00:00+09:00,3042.7591825817103,3053.264628598157,2992.1420335933767,2996.917236328125,210600,0.0,0.0
2025-04-17 00:00:00+09:00,2979.7265625,2997.872333233173,2973.9963191105767,2992.14208984375,282000,0.0,0.0
2025-04-18 00:00:00+09:00,2992.142108504673,3023.658447343056,2992.142108504673,3011.242919921875,152900,0.0,0.0
2025-04-21 00:00:00+09:00,3004.5577119917866,3015.063158537212,2967.3111287852767,2975.906494140625,155500,0.0,0.0
2025-04-22 00:00:00+09:00,2971.131122775521,3039.894041721145,2968.2660011527864,2990.23193359375,375200,0.0,0.0
2025-04-23 00:00:00+09:00,3079.0507054716836,3079.0507054716836,3036.0738811087103,3052.3095703125,284900,0.0,0.0
2025-04-24 00:00:00+09:00,3119.162390729439,3164.049295923647,3102.9267016166405,3107.701904296875,528800,0.0,0.0
2025-04-25 00:00:00+09:00,3140.17347138984,3175.5099733489105,3119.1625783330956,3137.308349609375,436400,0.0,0.0
2025-04-28 00:00:00+09:00,3138.263427734375,3161.1844022522155,3128.7130216852747,3138.263427734375,317400,0.0,0.0
2025-04-30 00:00:00+09:00,3151.633788465944,3170.7345993051313,3119.162410039325,3126.802734375,654600,0.0,0.0
2025-05-01 00:00:00+09:00,3299.66541891659,3371.293467084099,3242.3629803825825,3247.13818359375,1076500,0.0,0.0
2025-05-02 00:00:00+09:00,3250.003173828125,3282.4745543483004,3233.7674835680373,3250.003173828125,413100,0.0,0.0
2025-05-07 00:00:00+09:00,3232.8123682746113,3261.4635857186995,3218.4867595525675,3248.093017578125,349100,0.0,0.0
2025-05-08 00:00:00+09:00,3233.7672964076346,3252.8681073728303,3214.666485442439,3232.812255859375,202300,0.0,0.0
2025-05-09 00:00:00+09:00,3272.924072265625,3293.9349650551912,3242.3627736626195,3272.924072265625,448500,0.0,0.0
2025-05-12 00:00:00+09:00,3281.5193438175434,3313.99072265625,3259.553411073712,3313.99072265625,351600,0.0,0.0
2025-05-13 00:00:00+09:00,3342.6419583296024,3356.9675667224437,3324.4961876986704,3333.091552734375,298400,0.0,0.0
2025-05-14 00:00:00+09:00,3333.0914593803464,3349.3271484375,3295.844878602171,3349.3271484375,359500,0.0,0.0
2025-05-15 00:00:00+09:00,3344.5519065361805,3344.5519065361805,3280.564191591028,3311.12548828125,389300,0.0,0.0
2025-05-16 00:00:00+09:00,3301.5752141304984,3308.260498046875,3266.2387134296514,3308.260498046875,287800,0.0,0.0
2025-05-19 00:00:00+09:00,3267.1936978958665,3312.0806034208904,3251.913049206497,3288.20458984375,388200,0.0,0.0
2025-05-20 00:00:00+09:00,3288.2047979695076,3304.4404882295953,3239.497727189245,3250.003173828125,342600,0.0,0.0
2025-05-21 00:00:00+09:00,3250.0033055204503,3272.924280934053,3239.497858455882,3247.13818359375,298300,0.0,0.0
2025-05-22 00:00:00+09:00,3229.9470030369134,3243.3175701695322,3199.3857067337844,3235.67724609375,356100,0.0,0.0
2025-05-23 00:00:00+09:00,3228.0369965946106,3259.5533341353275,3223.2617939369266,3225.171875,298000,0.0,0.0
2025-05-26 00:00:00+09:00,3233.7671650748043,3246.1826916979503,3220.3965979421855,3235.67724609375,173000,0.0,0.0
2025-05-27 00:00:00+09:00,3228.0371844507686,3251.913199128659,3218.4867785796123,3229.947265625,176600,0.0,0.0
2025-05-28 00:00:00+09:00,3258.598688493695,3281.5196640282347,3252.86844461006,3266.239013671875,259200,0.0,0.0
2025-05-29 00:00:00+09:00,3271.9691052288335,3325.451378986222,3270.0590240232123,3312.080810546875,422900,0.0,0.0
2025-05-30 00:00:00+09:00,3294.89009863789,3315.9009920205085,3277.699367688475,3306.3505859375,401700,0.0,0.0
2025-06-02 00:00:00+09:00,3288.204627414752,3295.844951846735,3269.1038163347944,3289.15966796875,314500,0.0,0.0
2025-06-03 00:00:00+09:00,3282.47461080649,3292.0250170061017,3253.823392207655,3257.6435546875,390500,0.0,0.0
2025-06-04 00:00:00+09:00,3270.0591933139535,3313.9910633175873,3252.8684615734014,3285.33984375,423600,0.0,0.0
2025-06-05 00:00:00+09:00,3271.013934795673,3290.11474609375,3255.7332857572114,3277.69921875,340300,0.0,0.0
2025-06-06 00:00:00+09:00,3266.238882652126,3280.564491786565,3253.823354735612,3256.6884765625,241400,0.0,0.0
2025-06-09 00:00:00+09:00,3265.2837286720564,3297.755108249374,3265.2837286720564,3291.06982421875,311100,0.0,0.0
2025-06-10 00:00:00+09:00,3309.2155010191445,3321.631028151395,3296.7999738868934,3307.305419921875,260800,0.0,0.0
2025-06-11 00:00:00+09:00,3307.305550609326,3360.7878234462078,3298.71018533197,3341.68701171875,365100,0.0,0.0
2025-06-12 00:00:00+09:00,3312.080716886426,3325.451284947675,3283.429499612322,3291.06982421875,303100,0.0,0.0
2025-06-13 00:00:00+09:00,3276.7440844214975,3283.429368184526,3263.373516895441,3281.519287109375,461600,0.0,0.0
2025-06-16 00:00:00+09:00,3282.474478294225,3286.294640619851,3256.6883825962486,3260.508544921875,435600,0.0,0.0
2025-06-17 00:00:00+09:00,3256.688307972556,3351.237323365307,3251.913105174942,3333.091552734375,563200,0.0,0.0
2025-06-18 00:00:00+09:00,3299.6652449684584,3323.541259765625,3296.8001231927983,3323.541259765625,286100,0.0,0.0
2025-06-19 00:00:00+09:00,3324.496168751126,3325.4512093052053,3286.2945465879416,3313.99072265625,303300,0.0,0.0
2025-06-20 00:00:00+09:00,3275.788951070627,3311.125449959727,3269.1036674970132,3297.7548828125,747500,0.0,0.0
2025-06-23 00:00:00+09:00,3291.06982421875,3318.7660009170504,3278.654296733305,3291.06982421875,468100,0.0,0.0
2025-06-24 00:00:00+09:00,3302.5303490827023,3310.1706737769364,3276.744253239662,3279.609375,409500,0.0,0.0
2025-06-25 00:00:00+09:00,3280.5644912117937,3292.024978517337,3267.1939226886598,3269.10400390625,420700,0.0,0.0
2025-06-26 00:00:00+09:00,3270.058689740532,3313.035512473687,3270.058689740532,3303.485107421875,514300,0.0,0.0
2025-06-27 00:00:00+09:00,3323.9553841925863,3337.602121840298,3307.3843456203654,3335.652587890625,638000,70.0,0.0
2025-06-30 00:00:00+09:00,3360.99663191404,3371.7190689648096,3335.6526897940385,3339.5517578125,504700,0.0,0.0
2025-07-01 00:00:00+09:00,3339.551782834233,3370.744327215639,3320.0564425958546,3328.829345703125,616300,0.0,0.0
2025-07-02 00:00:00+09:00,3309.334081533004,3346.3752288373494,3306.409780430029,3343.450927734375,434300,0.0,0.0
2025-07-03 00:00:00+09:00,3323.955546806828,3360.021926640216,3307.3845074239202,3351.2490234375,435000,0.0,0.0
2025-07-04 00:00:00+09:00,3356.122806526712,3358.0723405415397,3323.9554952820467,3325.905029296875,275900,0.0,0.0
2025-07-07 00:00:00+09:00,3320.056610179228,3349.2996220128675,3312.2584736902572,3314.2080078125,351800,0.0,0.0
2025-07-08 00:00:00+09:00,3352.223932273904,3417.5333255458877,3351.249165210143,3394.138916015625,785600,0.0,0.0
2025-07-09 00:00:00+09:00,3424.356688836089,3507.2118891068167,3421.432387650063,3471.1455078125,794500,0.0,0.0
2025-07-10 00:00:00+09:00,3479.9182225024606,3513.060300812008,3458.473348302165,3466.271484375,682300,0.0,0.0
2025-07-11 00:00:00+09:00,3517.934198080157,3517.934198080157,3476.9939829736545,3477.96875,415100,0.0,0.0
2025-07-14 00:00:00+09:00,3481.8679248876774,3514.035237743583,3481.8679248876774,3498.43896484375,437900,0.0,0.0
2025-07-15 00:00:00+09:00,3499.4137315642615,3554.0006867084394,3487.716526890509,3545.227783203125,477700,0.0,0.0
2025-07-16 00:00:00+09:00,3553.0257598961957,3553.0257598961957,3499.41357421875,3499.41357421875,350100,0.0,0.0
2025-07-17 00:00:00+09:00,3490.64058163469,3528.656494140625,3484.7919797107,3528.656494140625,266600,0.0,0.0
2025-07-18 00:00:00+09:00,3546.202253233393,3547.1770202078937,3519.883544921875,3519.883544921875,226100,0.0,0.0
2025-07-22 00:00:00+09:00,3516.959246792074,3545.2274890750477,3481.867635682175,3489.665771484375,245800,0.0,0.0
2025-07-23 00:00:00+09:00,3526.7071336959298,3596.8903602371424,3509.1613270606267,3577.39501953125,457300,0.0,0.0
2025-07-24 00:00:00+09:00,3596.8904825075288,3616.3858238761336,3575.445607002064,3600.78955078125,451500,0.0,0.0
2025-07-25 00:00:00+09:00,3600.789373594044,3655.376326740028,3582.2688002052278,3629.0576171875,485100,0.0,0.0
2025-07-28 00:00:00+09:00,3612.486729366507,3676.8213554156673,3600.789524630296,3658.30078125,580500,0.0,0.0
2025-07-29 00:00:00+09:00,3646.6034249219992,3684.619338734338,3635.880987692878,3675.846435546875,546400,0.0,0.0
2025-07-30 00:00:00+09:00,3673.896916828651,3686.5688881522838,3652.452042280964,3678.770751953125,574700,0.0,0.0
2025-07-31 00:00:00+09:00,3700.215523370068,3990.6960886925863,3682.6697174109895,3952.68017578125,1971200,0.0,0.0
2025-08-01 00:00:00+09:00,3899.068090095986,3951.7055093122817,3883.471817735602,3909.79052734375,985700,0.0,0.0
2025-08-04 00:00:00+09:00,3880.547497350056,3956.579324728429,3863.0016910319696,3937.083984375,794300,0.0,0.0
2025-08-05 00:00:00+09:00,3947.8065135298557,3982.8981269834544,3905.891530793613,3954.6298828125,588900,0.0,0.0
2025-08-06 00:00:00+09:00,3952.680138486112,4012.140924786396,3950.7306045090536,4007.26708984375,499500,0.0,0.0
2025-08-07 00:00:00+09:00,3978.9991398129687,4038.4599304863127,3965.352400969906,4032.611328125,474100,0.0,0.0
2025-08-08 00:00:00+09:00,4021.888799481979,4082.3243558484073,3999.4691576041105,4061.854248046875,505800,0.0,0.0
2025-08-12 00:00:00+09:00,4061.8544044729992,4122.289963166862,4061.8544044729992,4107.66845703125,503200,0.0,0.0
2025-08-13 00:00:00+09:00,4175.902161679026,4209.044242327272,4139.83577979711,4140.810546875,745200,0.0,0.0
2025-08-14 00:00:00+09:00,4120.340398520118,4138.860972821486,4076.4758804379308,4101.81982421875,549400,0.0,0.0
2025-08-15 00:00:00+09:00,4104.743478220814,4160.305192364387,4097.920109817217,4133.01171875,438900,0.0,0.0
2025-08-18 00:00:00+09:00,4177.851699033084,4210.019012628065,4164.204959932182,4204.17041015625,439400,0.0,0.0
2025-08-19 00:00:00+09:00,4177.851404864999,4200.271046095026,4155.4317636349715,4178.826171875,320600,0.0,0.0
2025-08-20 00:00:00+09:00,4178.826416879534,4198.321758222569,4117.416091648974,4132.03759765625,348700,0.0,0.0
2025-08-21 00:00:00+09:00,4098.895280881035,4148.6083984375,4085.248542728281,4148.6083984375,521600,0.0,0.0
2025-08-22 00:00:00+09:00,4191.498271377257,4265.58056640625,4167.1290953808775,4265.58056640625,830700,0.0,0.0
2025-08-25 00:00:00+09:00,4326.990362870066,4332.83896439681,4256.807144549128,4259.7314453125,419800,0.0,0.0
2025-08-26 00:00:00+09:00,4279.227360943158,4323.091878310456,4220.741337786759,4307.49560546875,447000,0.0,0.0
2025-08-27 00:00:00+09:00,4303.596506747642,4320.167546524473,4276.303029468156,4301.64697265625,294600,0.0,0.0
2025-08-28 00:00:00+09:00,4301.6469477617675,4362.082504245164,4301.6469477617675,4359.158203125,540000,0.0,0.0
2025-08-29 00:00:00+09:00,4386.45143762099,4431.290718983339,4386.45143762099,4405.94677734375,667500,0.0,0.0
2025-09-01 00:00:00+09:00,4400.098255977326,4411.795460025117,4356.23374079811,4390.3505859375,468800,0.0,0.0
2025-09-02 00:00:00+09:00,4390.350570532937,4415.694512547559,4365.006628518315,4387.42626953125,298000,0.0,0.0
2025-09-03 00:00:00+09:00,4398.148805628272,4528.767586646488,4394.249737538176,4468.33203125,926100,0.0,0.0
2025-09-04 00:00:00+09:00,4483.928381256656,4599.925658945687,4449.811534877529,4576.53125,756800,0.0,0.0
2025-09-05 00:00:00+09:00,4628.193994577226,4693.503387508285,4606.749119286429,4687.65478515625,1051900,0.0,0.0
2025-09-08 00:00:00+09:00,4688.629359690086,4712.99853515625,4643.7900768323425,4712.99853515625,426400,0.0,0.0
2025-09-09 00:00:00+09:00,4712.998430721435,4733.468537659419,4635.017070957689,4662.310546875,437400,0.0,0.0
2025-09-10 00:00:00+09:00,4677.906868940841,4678.881635948331,4625.2694505364225,4640.86572265625,332000,0.0,0.0
2025-09-11 00:00:00+09:00,4747.114995496454,4811.449613505236,4712.023385673482,4793.90380859375,632500,0.0,0.0
2025-09-12 00:00:00+09:00,4825.096764935052,4842.642571352998,4779.28271484375,4779.28271484375,633800,0.0,0.0
2025-09-16 00:00:00+09:00,4747.115640909615,4790.00539208005,4716.897861675898,4762.7119140625,359900,0.0,0.0
2025-09-17 00:00:00+09:00,4752.964013843343,4760.762150043251,4701.301361518959,4718.84716796875,311400,0.0,0.0
2025-09-18 00:00:00+09:00,4767.585495256696,4789.030369698661,4691.553667689732,4776.3583984375,344200,0.0,0.0
2025-09-19 00:00:00+09:00,4795.853665308251,4808.525636375122,4684.73022672184,4731.51904296875,593400,0.0,0.0
2025-09-22 00:00:00+09:00,4773.434035880281,4797.803211068561,4740.29195762422,4764.6611328125,383500,0.0,0.0
2025-09-24 00:00:00+09:00,4776.3586589212155,4780.2577272142125,4699.352060134526,4732.494140625,355400,0.0,0.0
2025-09-25 00:00:00+09:00,4737.367656601627,4773.434035880281,4718.847083458533,4764.6611328125,610700,0.0,0.0
2025-09-26 00:00:00+09:00,4790.005330821065,4790.980097880655,4721.771636649825,4751.0146484375,378600,0.0,0.0
2025-09-29 00:00:00+09:00,4744.191269147888,4747.11557032057,4703.251052730339,4717.87255859375,280900,0.0,0.0
2025-09-30 00:00:00+09:00,4699.3519035729,4746.140721530066,4699.3519035729,4733.46875,382700,0.0,0.0
2025-10-01 00:00:00+09:00,4712.023610559152,4718.846979461493,4663.28526125672,4713.97314453125,413800,0.0,0.0
2025-10-02 00:00:00+09:00,4687.654764663983,4743.216486765427,4685.705230555161,4714.9482421875,287300,0.0,0.0
2025-10-03 00:00:00+09:00,4688.629294742416,4733.468576979038,4681.805925706409,4731.51904296875,332100,0.0,0.0
2025-10-06 00:00:00+09:00,4839.718107368446,4867.011583099828,4799.752660761778,4810.47509765625,405800,0.0,0.0
2025-10-07 00:00:00+09:00,4810.475443476824,4864.087631803313,4802.67730699297,4814.37451171875,490300,0.0,0.0
2025-10-08 00:00:00+09:00,4792.929433605633,4824.121978221329,4786.106064470949,4806.576171875,336300,0.0,0.0
2025-10-09 00:00:00+09:00,4844.591951171875,4873.8349609375,4818.273242382812,4873.8349609375,383500,0.0,0.0
2025-10-10 00:00:00+09:00,4837.768576692018,4837.768576692018,4765.635819352665,4780.25732421875,353500,0.0,0.0
2025-10-14 00:00:00+09:00,4678.881820669168,4759.787485484906,4658.411712703741,4675.95751953125,745100,0.0,0.0
2025-10-15 00:00:00+09:00,4729.569812891102,4790.980138161535,4717.872608077686,4790.00537109375,284200,0.0,0.0
2025-10-16 00:00:00+09:00,4794.879212138254,4819.248388861868,4759.78759765625,4759.78759765625,182200,0.0,0.0
2025-10-17 00:00:00+09:00,4691.553832881628,4731.519282112492,4688.629531718395,4714.9482421875,254300,0.0,0.0
2025-10-20 00:00:00+09:00,4783.181980900318,4824.122197569936,4748.090366612075,4817.298828125,263500,0.0,0.0
2025-10-21 00:00:00+09:00,4825.096741091672,4877.734160085399,4819.248138981257,4836.7939453125,450900,0.0,0.0
2025-10-22 00:00:00+09:00,4872.86028231921,4921.5986328125,4826.07146584565,4921.5986328125,565300,0.0,0.0
2025-10-23 00:00:00+09:00,4920.624028303767,4920.624028303767,4866.037073948574,4890.40625,235500,0.0,0.0
2025-10-24 00:00:00+09:00,4893.330446349666,4963.513671875,4888.45661124374,4963.513671875,280100,0.0,0.0
2025-10-27 00:00:00+09:00,5014.201409968061,5018.1004779384875,4953.765856426456,4997.63037109375,356900,0.0,0.0
2025-10-28 00:00:00+09:00,4997.630619683848,5000.554920807127,4900.153915574547,4920.6240234375,323100,0.0,0.0
2025-10-29 00:00:00+09:00,4957.665012177535,4974.236051345254,4921.5986328125,4921.5986328125,399200,0.0,0.0
2025-10-30 00:00:00+09:00,4974.236055086097,5029.797774690233,4932.3210736303445,5015.17626953125,373400,0.0,0.0
2025-10-31 00:00:00+09:00,5049.292747145432,5072.687153695913,4999.5796332256605,5068.7880859375,465800,0.0,0.0
2025-11-04 00:00:00+09:00,5260.8176411855375,5344.647605451233,5190.634415288677,5216.953125,1025400,0.0,0.0
2025-11-05 00:00:00+09:00,5208.180156417276,5258.868041151263,5092.182881737572,5235.4736328125,897000,0.0,0.0
2025-11-06 00:00:00+09:00,5312.480161638176,5428.477434892293,5249.1203064993715,5377.78955078125,616300,0.0,0.0
2025-11-07 00:00:00+09:00,5325.152193529995,5410.931690698335,5318.32882443706,5389.48681640625,1177300,0.0,0.0
2025-11-10 00:00:00+09:00,5429.452479041857,5457.720723546743,5360.244018357482,5430.42724609375,418500,0.0,0.0
2025-11-11 00:00:00+09:00,5458.695309661156,5458.695309661156,5308.581188645474,5365.11767578125,561100,0.0,0.0
2025-11-12 00:00:00+09:00,5361.218896106815,5425.553522860097,5323.202980298058,5420.6796875,324900,0.0,0.0
2025-11-13 00:00:00+09:00,5518.156326132647,5570.7937473676175,5415.805784842429,5532.77783203125,455500,0.0,0.0
2025-11-14 00:00:00+09:00,5497.686152103054,5497.686152103054,5400.209447278532,5457.720703125,431400,0.0,0.0
2025-11-17 00:00:00+09:00,5479.1655883680705,5508.408599869768,5403.133758463657,5490.86279296875,338200,0.0,0.0
2025-11-18 00:00:00+09:00,5490.862870449979,5519.131115300512,5383.638493430718,5411.90673828125,673400,0.0,0.0
2025-11-19 00:00:00+09:00,5435.300520976341,5468.442597323758,5278.363041801809,5325.15185546875,717800,0.0,0.0
2025-11-20 00:00:00+09:00,5458.695382882883,5472.34212134009,5399.234593890766,5409.95703125,393100,0.0,0.0
2025-11-21 00:00:00+09:00,5316.379324802133,5404.108356564544,5308.581188645474,5365.11767578125,508700,0.0,0.0
2025-11-25 00:00:00+09:00,5560.071118273542,5560.071118273542,5434.326171875,5434.326171875,538100,0.0,0.0
2025-11-26 00:00:00+09:00,5506.459146166774,5590.2891136956005,5466.493696530938,5568.84423828125,470900,0.0,0.0
2025-11-27 00:00:00+09:00,5638.05209545744,5653.648366814169,5513.281924603611,5548.37353515625,537700,0.0,0.0
2025-11-28 00:00:00+09:00,5536.676679579592,5675.093596569082,5527.903776390118,5645.8505859375,509600,0.0,0.0
2025-12-01 00:00:00+09:00,5643.901245244212,5667.295654550923,5556.1722103440425,5620.5068359375,852200,0.0,0.0
2025-12-02 00:00:00+09:00,5641.951824560971,6196.594289691447,5593.21347085882,6175.1494140625,2213500,0.0,0.0
2025-12-03 00:00:00+09:00,6467.579093529314,6889.653207696337,6228.76117673735,6280.423828125,4668200,0.0,0.0
2025-12-04 00:00:00+09:00,6223.8873414709415,6305.767770082306,6104.965766583008,6156.62841796875,1903900,0.0,0.0
2025-12-05 00:00:00+09:00,6126.410797626559,6277.499687623714,6059.151872402019,6155.65380859375,1023700,0.0,0.0
2025-12-08 00:00:00+09:00,6155.653423417841,6320.389041558397,6123.486113366726,6236.55908203125,575400,0.0,0.0
2025-12-09 00:00:00+09:00,6238.508800901461,6325.263063913997,6209.265790897235,6271.65087890625,638500,0.0,0.0
2025-12-10 00:00:00+09:00,6314.540384188036,6315.515151150707,6118.612224691001,6134.20849609375,463000,0.0,0.0
2025-12-11 00:00:00+09:00,6185.871408379997,6185.871408379997,6049.404027798024,6060.12646484375,528700,0.0,0.0
2025-12-12 00:00:00+09:00,6138.108211903976,6141.03251310069,5939.255730527382,6039.65673828125,602000,0.0,0.0
2025-12-15 00:00:00+09:00,5949.00302945515,5987.018942636986,5874.920737100801,5906.11328125,631600,0.0,0.0
2025-12-16 00:00:00+09:00,5897.340667825997,5992.867838974253,5825.207905938538,5868.09765625,660400,0.0,0.0
2025-12-17 00:00:00+09:00,5910.987193107919,5939.255436610579,5805.712355235944,5920.73486328125,345900,0.0,0.0
2025-12-18 00:00:00+09:00,5895.39111328125,5935.35656229655,5853.4761301676435,5895.39111328125,414900,0.0,0.0
2025-12-19 00:00:00+09:00,5992.867818196615,6031.858500162761,5920.735056559245,5988.96875,519900,0.0,0.0
2025-12-22 00:00:00+09:00,6051.353948702352,6074.74835829785,5985.069788181771,6009.43896484375,376300,0.0,0.0
2025-12-23 00:00:00+09:00,5989.943036201673,6082.5458984375,5965.573861929087,6082.5458984375,244600,0.0,0.0
2025-12-24 00:00:00+09:00,6088.394999298165,6101.066970958568,6022.11083984375,6022.11083984375,306000,0.0,0.0
2025-12-25 00:00:00+09:00,6055.252618065664,6066.949822092835,5988.968461911693,6026.984375,147300,0.0,0.0
2025-12-26 00:00:00+09:00,6025.035274185031,6033.808177836167,5981.170755929356,5985.06982421875,247600,0.0,0.0
2025-12-29 00:00:00+09:00,6087.783818718603,6136.177947063381,6043.340231463195,6094.697265625,385500,80.0,0.0
2025-12-30 00:00:00+09:00,6060.129949609058,6116.425159375634,6035.4390681324885,6078.89501953125,308300,0.0,0.0
2026-01-05 00:00:00+09:00,6245.805375489851,6248.7682812657,6126.301509197272,6143.09130859375,480600,0.0,0.0
2026-01-06 00:00:00+09:00,6143.09151201807,6168.770029592421,6070.99413575162,6135.1904296875,411000,0.0,0.0
2026-01-07 00:00:00+09:00,6100.623194491257,6227.040511780375,6057.167241673123,6135.1904296875,482900,0.0,0.0
2026-01-08 00:00:00+09:00,6136.177818738974,6199.3864748470205,6066.055715869109,6087.78369140625,453400,0.0,0.0
2026-01-09 00:00:00+09:00,6064.080417242527,6088.771298420224,5871.4915440564855,6029.51318359375,803000,0.0,0.0
2026-01-13 00:00:00+09:00,6171.732579609375,6246.792857421875,6122.350817890625,6172.72021484375,595600,0.0,0.0
2026-01-14 00:00:00+09:00,6224.077371996937,6567.774440460112,6213.213384200686,6467.03564453125,846800,0.0,0.0
2026-01-15 00:00:00+09:00,6373.210280470658,6531.2319207736655,6316.915071112712,6469.99853515625,504000,0.0,0.0
2026-01-16 00:00:00+09:00,6467.035607995166,6724.808407886238,6449.258173519919,6665.55029296875,643600,0.0,0.0
2026-01-19 00:00:00+09:00,6543.08359042826,6641.847116321516,6450.245876088598,6620.119140625,367600,0.0,0.0
2026-01-20 00:00:00+09:00,6583.576822423603,6627.032775046861,6488.763834881949,6520.3681640625,356700,0.0,0.0
2026-01-21 00:00:00+09:00,6370.247620457438,6566.787043166125,6370.247620457438,6548.02197265625,412000,0.0,0.0
2026-01-22 00:00:00+09:00,6549.009613511335,6692.21673068207,6533.207448858013,6673.45166015625,528800,0.0,0.0
2026-01-23 00:00:00+09:00,6584.564114417221,6647.772769482874,6511.479106997562,6619.13134765625,687700,0.0,0.0
2026-01-26 00:00:00+09:00,6559.873595686983,6588.515019094831,6453.208984375,6453.208984375,555800,0.0,0.0
2026-01-27 00:00:00+09:00,6453.208796641791,6617.15625,6440.369538246269,6617.15625,394700,0.0,0.0
2026-01-28 00:00:00+09:00,6593.4530700601845,6702.092949884423,6567.774553010819,6635.92138671875,525400,0.0,0.0
2026-01-29 00:00:00+09:00,6685.302885083562,6734.684646681166,6614.193148383013,6655.673828125,463000,0.0,0.0
2026-01-30 00:00:00+09:00,6655.673979507471,6707.031012737088,6506.5410560906985,6626.044921875,455400,0.0,0.0
2026-02-02 00:00:00+09:00,6724.808327535779,6775.177724613812,6496.664587829396,6521.35546875,522300,0.0,0.0
2026-02-03 00:00:00+09:00,6665.55052889734,6841.349609375,6621.106941136134,6841.349609375,578000,0.0,0.0
2026-02-04 00:00:00+09:00,6883.81784071616,6975.667920943793,6819.621548083944,6889.74365234375,516600,0.0,0.0
2026-02-05 00:00:00+09:00,6983.569064802578,6989.494876482513,6799.8689027246155,6877.89208984375,508600,0.0,0.0
2026-02-06 00:00:00+09:00,6759.3754793628705,7011.222461717858,6758.387844137949,6921.34765625,668100,0.0,0.0
2026-02-09 00:00:00+09:00,6674.438857277617,6819.621235498956,6150.9921875,6150.9921875,2950500,0.0,0.0
2026-02-10 00:00:00+09:00,6162.844201394654,6214.201236406276,5857.664897190976,5948.52734375,2620900,0.0,0.0
2026-02-12 00:00:00+09:00,6067.043172437682,6067.043172437682,5906.058631153725,5930.74951171875,1448400,0.0,0.0
2026-02-13 00:00:00+09:00,5861.615282774808,5875.442176449425,5590.015585594846,5629.52099609375,1880300,0.0,0.0
2026-02-16 00:00:00+09:00,5662.112717789748,5746.061711512428,5642.360013384411,5676.92724609375,937000,0.0,0.0
2026-02-17 00:00:00+09:00,5746.062092389824,5785.567503819111,5604.830246530122,5667.05126953125,874300,0.0,0.0
2026-02-18 00:00:00+09:00,5728.284684030097,5927.7870126808,5688.779272416096,5914.94775390625,982500,0.0,0.0
2026-02-19 00:00:00+09:00,5945.564271228946,6013.711104238049,5851.738921433805,5981.119140625,1159100,0.0,0.0
2026-02-20 00:00:00+09:00,5981.119164644013,6125.313913329288,5945.564295105178,6103.5859375,968300,0.0,0.0
2026-02-24 00:00:00+09:00,6201.361552784502,6368.2719051368795,6135.189992976163,6349.5068359375,1246200,0.0,0.0
2026-02-25 00:00:00+09:00,6412.715780339669,6633.946079861629,6342.593676473334,6611.23046875,1481900,0.0,0.0
2026-02-26 00:00:00+09:00,6709.99376486947,6763.326067386831,6599.378618907536,6719.8701171875,1074200,0.0,0.0
2026-02-27 00:00:00+09:00,6706.043334020434,6839.37409250243,6674.4390060839605,6793.94287109375,919400,0.0,0.0
2026-03-02 00:00:00+09:00,6737.647699791003,6977.64306640625,6568.762071432126,6977.64306640625,1075400,0.0,0.0
2026-03-03 00:00:00+09:00,6913.446568182233,7096.159084627049,6723.820605169235,6762.33837890625,831200,0.0,0.0
2026-03-04 00:00:00+09:00,6466.047808287256,6521.355380803536,6106.548586931435,6218.1513671875,1546700,0.0,0.0
2026-03-05 00:00:00+09:00,6652.711080072329,6961.840914998494,6596.415870517086,6656.66162109375,1448000,0.0,0.0
2026-03-06 00:00:00+09:00,6420.61683273257,6556.910498771194,6309.014048222683,6458.14697265625,728000,0.0,0.0
2026-03-09 00:00:00+09:00,6123.338621459485,6216.176336042903,5830.99858404787,6075.93212890625,1132400,0.0,0.0
2026-03-10 00:00:00+09:00,6273.459334712717,6445.307874423046,6104.5737008594615,6205.3125,908200,0.0,0.0
2026-03-11 00:00:00+09:00,6402.839310115454,6548.021691510946,6400.864039620277,6411.72802734375,613500,0.0,0.0
2026-03-12 00:00:00+09:00,6360.370969801087,6371.234957482424,6173.7079087308375,6225.06494140625,560100,0.0,0.0
2026-03-13 00:00:00+09:00,6126.301291864769,6256.669141377287,6108.523857840335,6153.955078125,766000,0.0,0.0
2026-03-16 00:00:00+09:00,6154.942892621805,6194.448302715655,6049.265920620757,6182.5966796875,556800,0.0,0.0
2026-03-17 00:00:00+09:00,6277.4095262297205,6364.321426529943,6176.670732699917,6209.2626953125,466100,0.0,0.0
2026-03-18 00:00:00+09:00,6337.655550986842,6473.94921875,6287.2861520308925,6473.94921875,529000,0.0,0.0
2026-03-19 00:00:00+09:00,6375.185696931412,6428.518001754695,6174.695736206845,6250.74365234375,816600,0.0,0.0
2026-03-23 00:00:00+09:00,5914.9473334076065,5945.564025231891,5762.851509506326,5869.51611328125,619100,0.0,0.0
2026-03-24 00:00:00+09:00,6067.043420637617,6123.338630628882,5940.626106973021,6042.3525390625,517400,0.0,0.0
2026-03-25 00:00:00+09:00,6210.250321748747,6307.03857421875,6188.522346704461,6307.03857421875,412400,0.0,0.0
2026-03-26 00:00:00+09:00,6299.137863606922,6388.025039480962,6269.5088049822425,6361.35888671875,371200,0.0,0.0
2026-03-27 00:00:00+09:00,6202.349439415112,6228.027956202499,6078.8950317834415,6140.12841796875,552700,0.0,0.0
2026-03-30 00:00:00+09:00,5843.8378780446155,5941.61376953125,5796.431385202611,5941.61376953125,561000,0.0,0.0
2026-03-31 00:00:00+09:00,5770.752739841636,5943.588907815671,5743.09895296579,5839.88720703125,587300,0.0,0.0
2026-04-01 00:00:00+09:00,6131.239868630573,6204.324879951235,6056.179586733679,6202.349609375,451800,0.0,0.0
2026-04-02 00:00:00+09:00,6290.248956616018,6323.828555379552,6137.165491664617,6271.48388671875,704600,0.0,0.0
2026-04-03 00:00:00+09:00,6324.816263732911,6369.259850845337,6283.335582427979,6320.86572265625,264200,0.0,0.0
2026-04-06 00:00:00+09:00,6320.865668167003,6422.592100014065,6320.865668167003,6363.333984375,230200,0.0,0.0
2026-04-07 00:00:00+09:00,6373.210376620945,6397.901258290792,6319.878072214075,6323.82861328125,276900,0.0,0.0
2026-04-08 00:00:00+09:00,6620.118971406768,6845.2998046875,6548.021599347587,6845.2998046875,670200,0.0,0.0
2026-04-09 00:00:00+09:00,6814.683146400032,7030.975263655338,6806.782064491163,6998.38330078125,768000,0.0,0.0
2026-04-10 00:00:00+09:00,7047.765324681917,7354.919895306367,6984.556667061452,7296.6494140625,832300,0.0,0.0
2026-04-13 00:00:00+09:00,7287.760675645911,7441.831778153129,7183.071336762801,7268.99560546875,675400,0.0,0.0
2026-04-14 00:00:00+09:00,7417.140704557026,7436.893409495927,7260.106700292769,7273.93359375,430700,0.0,0.0
2026-04-15 00:00:00+09:00,7343.06797922083,7372.697036299059,7151.46674344829,7193.93505859375,436700,0.0,0.0
2026-04-16 00:00:00+09:00,7209.73716055708,7334.17919921875,7144.553235543824,7334.17919921875,476100,0.0,0.0
2026-04-17 00:00:00+09:00,7378.623068036675,7441.831725024274,7289.735894147865,7406.27685546875,454000,0.0,0.0
2026-04-20 00:00:00+09:00,7405.289180894764,7473.436013847783,7348.006335803821,7445.7822265625,400500,0.0,0.0
2026-04-21 00:00:00+09:00,7407.264449576553,7874.415927529847,7397.388096977117,7827.9970703125,758800,0.0,0.0
2026-04-22 00:00:00+09:00,7827.996981691839,7827.996981691839,7613.680132710369,7781.578125,525400,0.0,0.0
2026-04-23 00:00:00+09:00,7830.960054422595,7980.092980165792,7726.27071582141,7907.99560546875,719200,0.0,0.0
2026-04-24 00:00:00+09:00,7997.870332151014,8018.610672602381,7798.368009714053,7892.193359375,593700,0.0,0.0
2026-04-27 00:00:00+09:00,7950.4639416569435,8137.127008113237,7938.612318389877,8094.65869140625,629800,0.0,0.0
2026-04-28 00:00:00+09:00,8242.80386793191,8273.420560947236,7917.87186786606,8084.7822265625,761200,0.0,0.0
2026-04-30 00:00:00+09:00,7979.105136395028,8158.854750805709,7940.5873618784535,8044.2890625,822700,0.0,0.0
2026-05-01 00:00:00+09:00,7634.420693042742,7831.947748490161,6895.669505669395,6945.05126953125,2036900,0.0,0.0
2026-05-07 00:00:00+09:00,7093.196574017733,7342.080664334145,6927.273847140125,7101.09765625,1430600,0.0,0.0
2026-05-08 00:00:00+09:00,7071.46818792932,7132.701571679546,6762.338363512857,6829.49755859375,1293200,0.0,0.0
2026-05-11 00:00:00+09:00,6730.7344619541955,7024.0621413673125,6666.538168479944,6777.1533203125,1065400,0.0,0.0
2026-05-12 00:00:00+09:00,6875.916679090019,6949.001688319071,6608.267523670112,6650.73583984375,884900,0.0,0.0
2026-05-13 00:00:00+09:00,6551.972495379399,6882.830316596176,6536.170330783971,6804.80712890625,752400,0.0,0.0
2026-05-14 00:00:00+09:00,6824.559553909938,7229.490005010238,6814.683201444076,7114.92431640625,715600,0.0,0.0
2026-05-15 00:00:00+09:00,7145.541209292235,7216.650949039165,6869.99096777288,6917.3974609375,581800,0.0,0.0
2026-05-18 00:00:00+09:00,6949.001512489579,6993.445098058372,6765.301358805233,6811.72021484375,511300,0.0,0.0
2026-05-19 00:00:00+09:00,6910.484021681563,6959.865785449474,6686.290814175243,6789.0048828125,572600,0.0,0.0
2026-05-20 00:00:00+09:00,6629.007587332127,6646.785021267165,6333.7046569667655,6545.05859375,950100,0.0,0.0
2026-05-21 00:00:00+09:00,6643.822346040812,6679.377215144048,6453.2087422373515,6500.615234375,714200,0.0,0.0
2026-05-22 00:00:00+09:00,6467.035684287843,6673.451453685546,6467.035684287843,6586.53955078125,825900,0.0,0.0
2026-05-25 00:00:00+09:00,6784.066490231511,7016.160772543988,6724.808375598538,6735.67236328125,810000,0.0,0.0
2026-05-26 00:00:00+09:00,6737.647538015295,6784.066393818098,6556.910290953319,6594.4404296875,693100,0.0,0.0
2026-05-27 00:00:00+09:00,6595.428077980324,6841.349250699267,6530.244152681327,6719.8701171875,732100,0.0,0.0
2026-05-28 00:00:00+09:00,6621.106942358154,6662.587624276269,6324.816357228761,6492.71435546875,905800,0.0,0.0
2026-05-29 00:00:00+09:00,6541.1082054273675,6706.043290782398,6451.2333984375,6451.2333984375,771400,0.0,0.0
2026-06-01 00:00:00+09:00,6514.442052471236,6893.693985180295,6499.627523849788,6802.83154296875,989700,0.0,0.0
2026-06-02 00:00:00+09:00,6426.542557714985,6511.479189029492,5881.3679009056,6124.326171875,2020000,0.0,0.0
2026-06-03 00:00:00+09:00,6256.669139105638,6486.788146116153,6152.967440667423,6474.9365234375,885300,0.0,0.0
2026-06-04 00:00:00+09:00,6384.074281744168,6414.690974617632,6233.953723138798,6308.0263671875,706700,0.0,0.0
2026-06-05 00:00:00+09:00,6377.1607418856265,6466.047913446677,6185.559505409583,6390.0,656500,0.0,0.0
2026-06-08 00:00:00+09:00,6018.649217412461,6143.091258993356,5933.712585857248,6057.1669921875,795800,0.0,0.0
2026-06-09 00:00:00+09:00,6024.574893323293,6151.979837788655,5862.602715863453,6148.029296875,872900,0.0,0.0
2026-06-10 00:00:00+09:00,5950.5026131546365,5979.144036520858,5648.286214876575,5758.9013671875,1245500,0.0,0.0
2026-06-11 00:00:00+09:00,5594.953659768415,5843.837741367998,5509.029393501892,5809.2705078125,608200,0.0,0.0
2026-06-12 00:00:00+09:00,6056.179533915986,6164.8194146613805,5948.5272884500955,5990.99560546875,642000,0.0,0.0
2026-06-15 00:00:00+09:00,6152.967661179913,6185.559624714253,6090.746639887083,6143.09130859375,497500,0.0,0.0
2026-06-16 00:00:00+09:00,6184.571798780488,6371.234856904013,6143.091119197483,6276.421875,697900,0.0,0.0
2026-06-17 00:00:00+09:00,6281.3600122107355,6523.330641611936,6266.545483880051,6508.51611328125,740200,0.0,0.0
2026-06-18 00:00:00+09:00,6492.714204256745,6784.066606181865,6410.740477613405,6681.3525390625,782400,0.0,0.0
2026-06-19 00:00:00+09:00,6732.7094424562365,6903.57033926494,6649.7480821560575,6738.63525390625,1033400,0.0,0.0
2026-06-22 00:00:00+09:00,6738.635297204922,6927.273629575747,6684.3153585641085,6793.94287109375,484900,0.0,0.0
2026-06-23 00:00:00+09:00,6834.436007462687,6866.040335820896,6615.180979477612,6617.15625,853200,0.0,0.0
2026-06-24 00:00:00+09:00,6509.503825019801,6638.8840406286,6378.148338943692,6429.50537109375,736800,0.0,0.0
2026-06-25 00:00:00+09:00,6598.391195159679,6660.612216757503,6510.491656711961,6614.193359375,501200,0.0,0.0
2026-06-26 00:00:00+09:00,6515.429675425039,6543.083462132921,6301.11282843895,6390.0,603300,0.0,0.0
2026-06-29 00:00:00+09:00,6375.0,6579.0,6248.0,6486.0,1377000,80.0,0.0
2026-06-30 00:00:00+09:00,6603.0,6649.0,6478.0,6547.0,605600,0.0,0.0
2026-07-01 00:00:00+09:00,6598.0,6599.0,6271.0,6342.0,707400,0.0,0.0
2026-07-02 00:00:00+09:00,6350.0,6480.0,6261.0,6284.0,580800,0.0,0.0
2026-07-03 00:00:00+09:00,6288.0,6379.0,6129.0,6355.0,780700,0.0,0.0
2026-07-06 00:00:00+09:00,6392.0,6400.0,6245.0,6319.0,533600,0.0,0.0
2026-07-07 00:00:00+09:00,6251.0,6378.0,6036.0,6036.0,566200,0.0,0.0
2026-07-08 00:00:00+09:00,5981.0,6095.0,5947.0,5972.0,599100,0.0,0.0
2026-07-09 00:00:00+09:00,5972.0,6109.0,5930.0,5955.0,526700,0.0,0.0
2026-07-10 00:00:00+09:00,6034.0,6050.0,5900.0,5927.0,515500,0.0,0.0
2026-07-13 00:00:00+09:00,5967.0,5992.0,5803.0,5849.0,512200,0.0,0.0
2026-07-14 00:00:00+09:00,5800.0,5842.0,5702.0,5813.0,393900,0.0,0.0
2026-07-15 00:00:00+09:00,5866.0,5920.0,5813.0,5920.0,433600,0.0,0.0
2026-07-16 00:00:00+09:00,5800.0,5844.0,5730.0,5764.0,496900,0.0,0.0
2026-07-17 00:00:00+09:00,5664.0,5705.0,5431.0,5576.0,818200,0.0,0.0
2026-07-21 00:00:00+09:00,5656.0,5662.0,5506.0,5638.0,536900,0.0,0.0
2026-07-22 00:00:00+09:00,5700.0,5799.0,5667.0,5718.0,485600,0.0,0.0
2026-07-23 00:00:00+09:00,5723.0,5748.0,5603.0,5635.0,465400,0.0,0.0
2026-07-24 00:00:00+09:00,5563.0,5576.0,5472.0,5517.0,731500,0.0,0.0
2026-07-27 00:00:00+09:00,5555.0,5607.0,5497.0,5607.0,609900,0.0,0.0
2026-07-28 00:00:00+09:00,5555.0,5605.0,5325.0,5384.0,680900,0.0,0.0
2026-07-29 00:00:00+09:00,5397.0,5423.0,5027.0,5159.0,794100,0.0,0.0
2026-07-30 00:00:00+09:00,5182.0,5261.0,5090.0,5130.0,1002500,0.0,0.0
2026-07-31 00:00:00+09:00,5330.0,5397.0,5200.0,5323.0,874200,0.0,0.0
2026-08-03 00:00:00+09:00,4433.0,4566.0,4323.0,4394.0,2303700,0.0,0.0
2026-08-04 00:00:00+09:00,4395.0,4708.0,4395.0,4635.0,1253300,0.0,0.0
2026-08-05 00:00:00+09:00,4812.0,4947.0,4765.0,4930.0,1091600,0.0,0.0
2026-08-06 00:00:00+09:00,4885.0,5021.0,4880.0,4897.0,822100,0.0,0.0
2026-08-07 00:00:00+09:00,4950.0,4985.0,4836.0,4928.0,897300,0.0,0.0
2026-08-10 00:00:00+09:00,4998.0,5035.0,4936.0,4958.0,560200,0.0,0.0
2026-08-12 00:00:00+09:00,4973.0,5039.0,4912.0,5024.0,567800,0.0,0.0
2026-08-13 00:00:00+09:00,4930.0,5124.0,4930.0,5075.0,650500,0.0,0.0
2026-08-14 00:00:00+09:00,5175.0,5221.0,5092.0,5145.0,626000,0.0,0.0
2026-08-17 00:00:00+09:00,5170.0,5205.0,5122.0,5194.0,459300,0.0,0.0
2026-08-18 00:00:00+09:00,5180.0,5226.0,5054.0,5075.0,612900,0.0,0.0
2026-08-19 00:00:00+09:00,4895.0,4914.0,4755.0,4778.0,758200,0.0,0.0
2026-08-20 00:00:00+09:00,4851.0,4894.0,4815.0,4850.0,433300,0.0,0.0
2026-08-21 00:00:00+09:00,4750.0,4819.0,4695.0,4795.0,597600,0.0,0.0
