Date,Open,High,Low,Close,Volume,Dividends,Stock Splits
2001-01-01 00:00:00+09:00,449.62512207031244,449.62512207031244,449.62512207031244,449.6251220703125,0,0.0,0.0
2001-01-02 00:00:00+09:00,449.62512207031244,449.62512207031244,449.62512207031244,449.6251220703125,0,0.0,0.0
2001-01-03 00:00:00+09:00,449.62512207031244,449.62512207031244,449.62512207031244,449.6251220703125,0,0.0,0.0
2001-01-04 00:00:00+09:00,456.3864218222128,456.3864218222128,446.92062936960394,450.30126953125,7900,0.0,0.0
2001-01-05 00:00:00+09:00,439.4832763671875,440.15940448467546,419.875560960036,439.4832763671875,20800,0.0,0.0
2001-01-08 00:00:00+09:00,439.4832763671875,439.4832763671875,439.4832763671875,439.4832763671875,0,0.0,0.0
2001-01-09 00:00:00+09:00,412.4382003834873,415.8188413702372,395.53499544973783,407.0291748046875,34600,0.0,0.0
2001-01-10 00:00:00+09:00,412.4381907629588,425.9607543945312,409.0575498550657,425.96075439453125,12500,0.0,0.0
2001-01-11 00:00:00+09:00,438.8072244262695,438.8072244262695,398.9156585693359,405.67694091796875,8800,0.0,0.0
2001-01-12 00:00:00+09:00,406.35301803839013,412.43817138671875,405.67688988857583,412.43817138671875,8500,0.0,0.0
2001-01-15 00:00:00+09:00,412.4380911550214,425.9606515207598,412.4380911550214,419.1993713378906,5700,0.0,0.0
2001-01-16 00:00:00+09:00,419.1995344146379,425.9608172277772,412.43825160149856,413.1143798828125,5000,0.0,0.0
2001-01-17 00:00:00+09:00,406.35294443359373,422.58001708984375,406.35294443359373,422.58001708984375,5900,0.0,0.0
2001-01-18 00:00:00+09:00,436.1026937460183,490.19295033467176,436.1026937460183,472.6136169433594,15800,0.0,0.0
2001-01-19 00:00:00+09:00,486.81223493303577,486.81223493303577,473.2896728515625,473.2896728515625,18700,0.0,0.0
2001-01-22 00:00:00+09:00,486.8122751603675,490.1929159600923,486.8122751603675,487.4884033203125,13400,0.0,0.0
2001-01-23 00:00:00+09:00,486.81219482421875,490.1928350660536,485.4599387274848,486.81219482421875,8500,0.0,0.0
2001-01-24 00:00:00+09:00,486.13606677585176,486.81219482421875,474.64188995361326,486.81219482421875,3100,0.0,0.0
2001-01-25 00:00:00+09:00,490.1927753480906,490.1927753480906,473.28957619815645,477.3463439941406,6700,0.0,0.0
2001-01-26 00:00:00+09:00,440.8355238560268,473.2896728515625,440.8355238560268,473.2896728515625,11500,0.0,0.0
2001-01-29 00:00:00+09:00,471.2612615288628,471.2612615288628,448.9490353732639,456.3864440917969,8700,0.0,0.0
2001-01-30 00:00:00+09:00,457.0625060562016,457.0625060562016,436.1025390625,436.1025390625,7900,0.0,0.0
2001-01-31 00:00:00+09:00,449.6251860558087,456.38646704912907,446.24454555914843,447.5968017578125,8600,0.0,0.0
2001-02-01 00:00:00+09:00,453.0058898925781,473.2897357086637,449.6252489232305,453.0058898925781,5400,0.0,0.0
2001-02-02 00:00:00+09:00,453.68196597654776,465.17614395210853,446.9206848144531,446.9206848144531,6800,0.0,0.0
2001-02-05 00:00:00+09:00,446.9207695956709,452.329795551443,439.4833589064842,450.9775390625,3400,0.0,0.0
2001-02-06 00:00:00+09:00,446.2444789660031,448.9489909597365,442.86383897383644,444.2160949707031,2500,0.0,0.0
2001-02-07 00:00:00+09:00,443.5400450721154,446.2445575420673,438.1310201322115,439.4832763671875,10700,0.0,0.0
2001-02-08 00:00:00+09:00,439.4832897034178,439.4832897034178,423.9323425292969,423.9323425292969,21000,0.0,0.0
2001-02-09 00:00:00+09:00,450.97739293913077,491.5450744628906,450.97739293913077,491.5450744628906,23100,0.0,0.0
2001-02-12 00:00:00+09:00,491.5450744628906,491.5450744628906,491.5450744628906,491.5450744628906,0,0.0,0.0
2001-02-13 00:00:00+09:00,559.1578369140625,559.1578369140625,559.1578369140625,559.1578369140625,18000,0.0,0.0
2001-02-14 00:00:00+09:00,565.9191643691645,584.8507493181927,552.3966036912872,554.4249877929688,73300,0.0,0.0
2001-02-15 00:00:00+09:00,527.3798636104284,547.6637045185217,520.6185833077305,541.5785522460938,21100,0.0,0.0
2001-02-16 00:00:00+09:00,534.8173336866425,536.1695899032965,523.9992839534108,526.7037963867188,4900,0.0,0.0
2001-02-19 00:00:00+09:00,507.09604662518166,523.9992481793544,500.3347660035126,523.3231201171875,12200,0.0,0.0
2001-02-20 00:00:00+09:00,520.6187299513659,523.9993710549462,510.476806640625,510.476806640625,5100,0.0,0.0
2001-02-21 00:00:00+09:00,510.4766591739786,510.4766591739786,491.5450744628906,491.5450744628906,6900,0.0,0.0
2001-02-22 00:00:00+09:00,466.52835337320965,494.2496033562554,466.52835337320965,486.81219482421875,9500,0.0,0.0
2001-02-23 00:00:00+09:00,498.98249969482424,498.98249969482424,483.4315545823839,486.81219482421875,16400,0.0,0.0
2001-02-26 00:00:00+09:00,493.573545418948,493.573545418948,486.81226397485284,488.1645202636719,13200,0.0,0.0
2001-02-27 00:00:00+09:00,493.5734753078885,493.5734753078885,486.81219482421875,486.81219482421875,9500,0.0,0.0
2001-02-28 00:00:00+09:00,490.1928350660536,493.5734753078885,483.4315545823839,486.81219482421875,9000,0.0,0.0
2001-03-01 00:00:00+09:00,480.05092530655094,486.8122059446714,480.05092530655094,486.1360778808594,8100,0.0,0.0
2001-03-02 00:00:00+09:00,490.19276826278025,490.19276826278025,466.5282897949219,466.5282897949219,9300,0.0,0.0
2001-03-05 00:00:00+09:00,459.7670102326766,469.9089295760445,442.86381132706356,466.5282897949219,18100,0.0,0.0
2001-03-06 00:00:00+09:00,473.2897656112068,478.6987915039063,463.1478420623952,478.69879150390625,14200,0.0,0.0
2001-03-07 00:00:00+09:00,478.69874169162176,478.69874169162176,473.2897163617729,478.0226135253906,12000,0.0,0.0
2001-03-08 00:00:00+09:00,477.3463439941406,477.3463439941406,467.20442450418017,477.3463439941406,4100,0.0,0.0
2001-03-09 00:00:00+09:00,484.10761665675955,484.10761665675955,465.17603388247284,466.5282897949219,11800,0.0,0.0
2001-03-12 00:00:00+09:00,466.5283650716146,472.6135176595052,453.00580376519093,456.3864440917969,7300,0.0,0.0
2001-03-13 00:00:00+09:00,421.90386550996936,455.71026498993484,421.90386550996936,440.83544921875,6800,0.0,0.0
2001-03-14 00:00:00+09:00,440.83544921875006,440.83544921875006,440.83544921875006,440.83544921875,0,0.0,0.0
2001-03-15 00:00:00+09:00,440.83552207946775,440.83552207946775,406.35298891067504,432.72198486328125,14300,0.0,0.0
2001-03-16 00:00:00+09:00,459.76717183127334,459.76717183127334,439.48332601518774,453.0058898925781,3700,0.0,0.0
2001-03-19 00:00:00+09:00,453.00584920247394,455.710361735026,446.2445678710937,446.24456787109375,2700,0.0,0.0
2001-03-20 00:00:00+09:00,446.2445678710937,446.2445678710937,446.2445678710937,446.24456787109375,0,0.0,0.0
2001-03-21 00:00:00+09:00,439.4832676478795,473.2896728515625,439.4832676478795,473.2896728515625,4000,0.0,0.0
2001-03-22 00:00:00+09:00,473.2896228169286,473.2896228169286,464.49995839318564,465.17608642578125,7100,0.0,0.0
2001-03-23 00:00:00+09:00,475.9941266140603,476.6702546348189,446.2444937006815,471.26123046875,6000,0.0,0.0
2001-03-26 00:00:00+09:00,480.05091698615104,492.2212219238281,455.0341790587037,492.2212219238281,13400,0.0,0.0
2001-03-27 00:00:00+09:00,496.95419891787253,506.41999318297485,480.05099487304693,480.0509948730469,11000,0.0,0.0
2001-03-28 00:00:00+09:00,500.3347778320312,500.3347778320312,480.0509354874894,500.33477783203125,4400,0.0,0.0
2001-03-29 00:00:00+09:00,500.33483972683763,500.33483972683763,473.2897132551167,480.0509948730469,7700,0.0,0.0
2001-03-30 00:00:00+09:00,480.0509538922991,480.0509538922991,470.5851604352679,473.2896728515625,4200,0.0,0.0
2001-04-02 00:00:00+09:00,473.289625627281,473.289625627281,461.1193209682938,463.147705078125,3300,0.0,0.0
2001-04-03 00:00:00+09:00,463.1478463665042,473.2897700095664,463.1478463665042,463.823974609375,4000,0.0,0.0
2001-04-04 00:00:00+09:00,464.5000784550614,473.2897451507175,464.5000784550614,472.6136169433594,3700,0.0,0.0
2001-04-05 00:00:00+09:00,473.2895981181752,482.7553900805387,469.2328301343051,475.9941101074219,7700,0.0,0.0
2001-04-06 00:00:00+09:00,473.2897905308566,475.9943036196043,469.9091491699219,469.9091491699219,8400,0.0,0.0
2001-04-09 00:00:00+09:00,470.5852774421088,473.2897905308566,469.9091491699219,469.9091491699219,2900,0.0,0.0
2001-04-10 00:00:00+09:00,473.2896446684305,492.8973585189798,469.9090043493703,486.1360778808594,7800,0.0,0.0
2001-04-11 00:00:00+09:00,490.8690454617353,490.8690454617353,473.2897132551167,480.0509948730469,5300,0.0,0.0
2001-04-12 00:00:00+09:00,490.19288391808834,492.8973963810847,474.6419372558593,474.6419372558594,7300,0.0,0.0
2001-04-13 00:00:00+09:00,473.2896728515625,477.3464414760045,473.2896728515625,473.2896728515625,5500,0.0,0.0
2001-04-16 00:00:00+09:00,473.28963917699355,490.1928405761719,473.28963917699355,490.1928405761719,3400,0.0,0.0
2001-04-17 00:00:00+09:00,490.86894052239916,490.86894052239916,473.2896120739386,480.7270202636719,3900,0.0,0.0
2001-04-18 00:00:00+09:00,480.727042388916,486.81219482421875,477.34640214708116,486.81219482421875,1900,0.0,0.0
2001-04-19 00:00:00+09:00,480.05092530655094,486.8122059446714,476.67028498749073,486.1360778808594,5700,0.0,0.0
2001-04-20 00:00:00+09:00,486.13606677585176,487.48832287258574,478.6986582438151,486.81219482421875,8100,0.0,0.0
2001-04-23 00:00:00+09:00,489.51670701768666,490.1928350660536,484.10768263075084,486.81219482421875,3100,0.0,0.0
2001-04-24 00:00:00+09:00,487.48832835230337,490.1928405761719,486.81220029633624,490.1928405761719,5400,0.0,0.0
2001-04-25 00:00:00+09:00,493.57355675981705,500.3348383592666,487.4884033203125,487.4884033203125,10300,0.0,0.0
2001-04-26 00:00:00+09:00,493.57355675981705,500.3348383592666,487.4884033203125,487.4884033203125,10300,0.0,0.0
2001-04-27 00:00:00+09:00,499.6586608886718,500.3347889818906,494.9257642361404,499.6586608886719,7900,0.0,0.0
2001-04-30 00:00:00+09:00,499.6586608886718,499.6586608886718,499.6586608886718,499.6586608886719,0,0.0,0.0
2001-05-01 00:00:00+09:00,505.7439916828335,507.096248345087,499.65883670269244,503.7156066894531,8300,0.0,0.0
2001-05-02 00:00:00+09:00,507.0960100959329,552.3965869978363,507.0960100959329,551.720458984375,15100,0.0,0.0
2001-05-03 00:00:00+09:00,551.720458984375,551.720458984375,551.720458984375,551.720458984375,0,0.0,0.0
2001-05-04 00:00:00+09:00,551.720458984375,551.720458984375,551.720458984375,551.720458984375,0,0.0,0.0
2001-05-07 00:00:00+09:00,574.0327065207741,574.0327065207741,554.4249933416193,565.2430419921875,100,0.0,0.0
2001-05-08 00:00:00+09:00,564.5670583894213,564.5670583894213,544.2832119802206,563.8909301757812,100,0.0,0.0
2001-05-09 00:00:00+09:00,561.1863721537793,561.1863721537793,547.663808969351,553.7489624023438,100,0.0,0.0
2001-05-10 00:00:00+09:00,551.04449793623,552.3967543728834,549.01611328125,549.01611328125,53,0.0,0.0
2001-05-11 00:00:00+09:00,547.6637073029252,548.3398353366325,539.5501708984375,539.5501708984375,84,0.0,0.0
2001-05-14 00:00:00+09:00,527.3799856085526,534.141267475329,513.857421875,513.857421875,61,0.0,0.0
2001-05-15 00:00:00+09:00,523.999335420176,547.6638215359259,523.999335420176,545.6354370117188,3300,0.0,0.0
2001-05-16 00:00:00+09:00,551.0443309709137,560.5101231593711,547.6636909036075,551.720458984375,21700,0.0,0.0
2001-05-17 00:00:00+09:00,554.4250900268555,554.4250900268555,540.9025268554688,540.9025268554688,4000,0.0,0.0
2001-05-18 00:00:00+09:00,540.9025268554688,553.0728337097169,540.9025268554688,540.9025268554688,2900,0.0,0.0
2001-05-21 00:00:00+09:00,540.9024407996894,546.9875932586859,540.9024407996894,544.2830810546875,2000,0.0,0.0
2001-05-22 00:00:00+09:00,547.6637074540301,559.8340120641196,543.6069392506669,554.4249877929688,11100,0.0,0.0
2001-05-23 00:00:00+09:00,553.749053014339,554.4251812841977,548.3400268554688,548.3400268554688,2200,0.0,0.0
2001-05-24 00:00:00+09:00,547.6638793945312,552.3967771176938,547.6638793945312,547.6638793945312,5000,0.0,0.0
2001-05-25 00:00:00+09:00,554.4249737541321,554.4249737541321,544.2830535025321,549.6920776367188,10200,0.0,0.0
2001-05-28 00:00:00+09:00,554.4250797320016,554.4250797320016,534.1412353515625,534.1412353515625,5500,0.0,0.0
2001-05-29 00:00:00+09:00,534.1411633613782,547.6637244591345,527.3798828125,527.3798828125,2400,0.0,0.0
2001-05-30 00:00:00+09:00,527.3798828125,527.3798828125,525.3514986478365,527.3798828125,1100,0.0,0.0
2001-05-31 00:00:00+09:00,520.6186311848959,520.6186311848959,507.09606933593756,507.0960693359375,5300,0.0,0.0
2001-06-01 00:00:00+09:00,520.6186197537398,520.6186197537398,507.0960582016946,507.7721862792969,2400,0.0,0.0
2001-06-04 00:00:00+09:00,507.7721862792969,514.5334670553194,507.0960582016946,507.7721862792969,2100,0.0,0.0
2001-06-05 00:00:00+09:00,501.0109252929687,507.0960782317497,500.3347971886597,501.01092529296875,4000,0.0,0.0
2001-06-06 00:00:00+09:00,501.68722169607275,520.6188149676227,501.68722169607275,503.7156066894531,3400,0.0,0.0
2001-06-07 00:00:00+09:00,503.7154178136833,509.8005705121036,503.7154178136833,507.7721862792969,1000,0.0,0.0
2001-06-08 00:00:00+09:00,507.77218304802386,517.2379760742188,507.77218304802386,517.2379760742188,12600,0.0,0.0
2001-06-11 00:00:00+09:00,507.7721974283855,507.7721974283855,494.2496355794271,507.0960693359375,5200,0.0,0.0
2001-06-12 00:00:00+09:00,494.2496501481452,504.39157183381167,494.2496501481452,496.95416259765625,2600,0.0,0.0
2001-06-13 00:00:00+09:00,496.95414851579676,499.6586608886718,496.95414851579676,499.6586608886719,1800,0.0,0.0
2001-06-14 00:00:00+09:00,500.3347778320312,514.5334674732105,500.3347778320312,500.33477783203125,4900,0.0,0.0
2001-06-15 00:00:00+09:00,501.01088947164607,501.01088947164607,490.1928405761719,490.1928405761719,7400,0.0,0.0
2001-06-18 00:00:00+09:00,487.4883630371094,490.19287545340404,473.2896728515625,473.2896728515625,7800,0.0,0.0
2001-06-19 00:00:00+09:00,466.52849657782195,473.96590739283073,459.7672140187231,470.58526611328125,5700,0.0,0.0
2001-06-20 00:00:00+09:00,470.5851134808394,471.2612415174498,460.44319293168337,463.147705078125,3300,0.0,0.0
2001-06-21 00:00:00+09:00,496.95419891787253,496.95419891787253,466.52843163718643,480.0509948730469,3300,0.0,0.0
2001-06-22 00:00:00+09:00,480.72705534462614,507.0960499415887,480.72705534462614,506.419921875,5000,0.0,0.0
2001-06-25 00:00:00+09:00,505.0676679611206,526.0276381174723,505.0676679611206,519.266357421875,7200,0.0,0.0
2001-06-26 00:00:00+09:00,513.8573328653971,519.266357421875,512.5050767262776,519.266357421875,5600,0.0,0.0
2001-06-27 00:00:00+09:00,507.77229706784516,508.44842529296875,507.77229706784516,508.44842529296875,600,0.0,0.0
2001-06-28 00:00:00+09:00,510.4766957007289,526.7037694713481,509.8005676269531,509.8005676269531,2100,0.0,0.0
2001-06-29 00:00:00+09:00,527.3798296145428,527.3798296145428,482.75538249331225,521.294677734375,7500,0.0,0.0
2001-07-02 00:00:00+09:00,520.6185328617956,521.2946608265512,494.2495422363281,494.2495422363281,4800,0.0,0.0
2001-07-03 00:00:00+09:00,519.266375,519.266375,507.09606933593756,507.0960693359375,2600,0.0,0.0
2001-07-04 00:00:00+09:00,507.09606933593756,507.09606933593756,500.33478841145836,507.0960693359375,1800,0.0,0.0
2001-07-05 00:00:00+09:00,513.1812488441572,513.1812488441572,496.2780456542969,496.2780456542969,2200,0.0,0.0
2001-07-06 00:00:00+09:00,493.5734970505173,503.03929014463677,493.5734970505173,500.33477783203125,1100,0.0,0.0
2001-07-09 00:00:00+09:00,480.0509538922991,480.0509538922991,468.5567761230469,473.2896728515625,1500,0.0,0.0
2001-07-10 00:00:00+09:00,473.28977913692086,473.28977913692086,469.9091378573714,470.58526611328125,4900,0.0,0.0
2001-07-11 00:00:00+09:00,493.5735581089074,493.5735581089074,479.3748667112539,480.0509948730469,1800,0.0,0.0
2001-07-12 00:00:00+09:00,480.05093097017993,482.0793151855469,469.90900989334517,482.0793151855469,1900,0.0,0.0
2001-07-13 00:00:00+09:00,469.9091378573714,476.6704204164703,467.2046248337318,470.58526611328125,5100,0.0,0.0
2001-07-16 00:00:00+09:00,470.5851604352679,478.6986976841518,463.8238793945313,473.2896728515625,5500,0.0,0.0
2001-07-17 00:00:00+09:00,473.2897096133714,475.3180940831429,467.2045562040566,469.2329406738281,1900,0.0,0.0
2001-07-18 00:00:00+09:00,466.52848758085827,467.20461582372906,453.0059227234421,463.823974609375,4600,0.0,0.0
2001-07-19 00:00:00+09:00,464.49995839318564,466.5283424909725,453.6819098716558,465.17608642578125,3900,0.0,0.0
2001-07-20 00:00:00+09:00,465.17608642578125,465.17608642578125,465.17608642578125,465.17608642578125,0,0.0,0.0
2001-07-23 00:00:00+09:00,465.1761973822295,465.1761973822295,453.0058898925781,453.0058898925781,4300,0.0,0.0
2001-07-24 00:00:00+09:00,463.14768831810414,463.14768831810414,453.00576813595586,460.44317626953125,1800,0.0,0.0
2001-07-25 00:00:00+09:00,467.20445639096346,467.20445639096346,453.00576813595586,460.44317626953125,9400,0.0,0.0
2001-07-26 00:00:00+09:00,463.8238468941925,473.28963968795154,463.8238468941925,467.880615234375,2500,0.0,0.0
2001-07-27 00:00:00+09:00,479.3747889340579,492.2212219238281,471.26125230893985,492.2212219238281,6100,0.0,0.0
2001-07-30 00:00:00+09:00,490.8690454617353,490.8690454617353,480.05099487304693,480.0509948730469,800,0.0,0.0
2001-07-31 00:00:00+09:00,486.13610682896206,486.13610682896206,473.2896728515625,473.2896728515625,2600,0.0,0.0
2001-08-01 00:00:00+09:00,473.2896728515625,473.2896728515625,466.5283918108259,473.2896728515625,2300,0.0,0.0
2001-08-02 00:00:00+09:00,483.4315323326658,483.4315323326658,473.96574009118706,480.7270202636719,5900,0.0,0.0
2001-08-03 00:00:00+09:00,490.19292051755053,490.19292051755053,478.0226135253906,478.0226135253906,1200,0.0,0.0
2001-08-06 00:00:00+09:00,478.69868937057885,478.69868937057885,471.9374084472656,471.9374084472656,1300,0.0,0.0
2001-08-07 00:00:00+09:00,471.9373804834598,485.4599415288311,457.73869138581983,484.7838134765625,3600,0.0,0.0
2001-08-08 00:00:00+09:00,476.6703540640818,480.05099487304693,476.6703540640818,480.0509948730469,2700,0.0,0.0
2001-08-09 00:00:00+09:00,479.37478082830256,483.4315490722656,475.994140625,483.4315490722656,2300,0.0,0.0
2001-08-10 00:00:00+09:00,482.7554663085938,482.7554663085938,473.2896728515625,473.2896728515625,1200,0.0,0.0
2001-08-13 00:00:00+09:00,459.7670421170113,463.14768213257753,446.2444820547462,449.6251220703125,5200,0.0,0.0
2001-08-14 00:00:00+09:00,459.0910436374038,459.0910436374038,439.48332601518774,453.0058898925781,9000,0.0,0.0
2001-08-15 00:00:00+09:00,459.76711818150113,459.76711818150113,453.0058370317732,454.35809326171875,4200,0.0,0.0
2001-08-16 00:00:00+09:00,453.68197838734767,458.4148753302857,438.13103128912263,438.8071594238281,11500,0.0,0.0
2001-08-17 00:00:00+09:00,440.1593516523864,440.1593516523864,432.7219432527301,433.3980712890625,4800,0.0,0.0
2001-08-20 00:00:00+09:00,436.1025834343921,438.80709557972165,433.3980712890625,433.3980712890625,2000,0.0,0.0
2001-08-21 00:00:00+09:00,438.8071377754211,438.8071377754211,430.01747245788573,432.72198486328125,2600,0.0,0.0
2001-08-22 00:00:00+09:00,428.6652333529263,431.36974586619397,426.63684896797554,427.9891052246094,6900,0.0,0.0
2001-08-23 00:00:00+09:00,427.3128746826942,430.01738654777455,426.6367467164241,428.6651306152344,3800,0.0,0.0
2001-08-24 00:00:00+09:00,437.4549465688469,437.4549465688469,426.6368953399419,430.69366455078125,2900,0.0,0.0
2001-08-27 00:00:00+09:00,432.7219825454905,436.7787511318545,427.3129577636719,427.3129577636719,5100,0.0,0.0
2001-08-28 00:00:00+09:00,434.07415694102247,434.07415694102247,426.6367492675782,426.6367492675781,8000,0.0,0.0
2001-08-29 00:00:00+09:00,427.31294090497846,432.0458374023437,426.6368128339263,432.04583740234375,1900,0.0,0.0
2001-08-30 00:00:00+09:00,432.72204109251965,433.3981692817267,427.9891437680702,429.3414001464844,5500,0.0,0.0
2001-08-31 00:00:00+09:00,426.6367492675782,429.34126114883065,426.6367492675782,426.6367492675781,6900,0.0,0.0
2001-09-03 00:00:00+09:00,426.6368825761098,429.3413953024243,425.9607543945312,425.96075439453125,4300,0.0,0.0
2001-09-04 00:00:00+09:00,405.67694091796875,419.19950561523433,398.9156585693359,405.67694091796875,4300,0.0,0.0
2001-09-05 00:00:00+09:00,412.4382003834873,413.1143285808373,405.67691840998754,407.0291748046875,1700,0.0,0.0
2001-09-06 00:00:00+09:00,402.9724279785156,405.67694091796875,402.9724279785156,405.67694091796875,4800,0.0,0.0
2001-09-07 00:00:00+09:00,404.3245893918018,404.3245893918018,372.5465698242187,372.54656982421875,10900,0.0,0.0
2001-09-10 00:00:00+09:00,371.87047099687186,371.87047099687186,339.41632080078125,339.41632080078125,31100,0.0,0.0
2001-09-11 00:00:00+09:00,339.41632967013476,358.34791777922595,339.41632967013476,353.6150207519531,13100,0.0,0.0
2001-09-12 00:00:00+09:00,333.3311976715151,340.0924795715458,326.5699157714844,326.5699157714844,12100,0.0,0.0
2001-09-13 00:00:00+09:00,319.8085687230322,323.189208984375,304.25762352085513,323.189208984375,8600,0.0,0.0
2001-09-14 00:00:00+09:00,326.56990014501366,342.7969759286168,326.56990014501366,336.7118225097656,13400,0.0,0.0
2001-09-17 00:00:00+09:00,333.33111846301017,342.12078284438775,331.302734375,331.302734375,7200,0.0,0.0
2001-09-18 00:00:00+09:00,329.27440083821614,340.09245096842443,324.54150390625,324.54150390625,11600,0.0,0.0
2001-09-19 00:00:00+09:00,325.8937582190768,339.41632080078125,325.8937582190768,339.41632080078125,2500,0.0,0.0
2001-09-20 00:00:00+09:00,331.3027852376302,348.2059885660807,326.56988830566405,344.8253479003906,9600,0.0,0.0
2001-09-21 00:00:00+09:00,344.1491783447266,344.1491783447266,336.7117697753906,338.06402587890625,2900,0.0,0.0
2001-09-24 00:00:00+09:00,338.06402587890625,338.06402587890625,338.06402587890625,338.06402587890625,0,0.0,0.0
2001-09-25 00:00:00+09:00,405.67690291494694,405.67690291494694,358.3479309082031,358.3479309082031,8900,0.0,0.0
2001-09-26 00:00:00+09:00,360.376277818039,360.376277818039,342.1208190917969,342.1208190917969,3400,0.0,0.0
2001-09-27 00:00:00+09:00,350.23437296549474,350.23437296549474,341.4447072347005,344.8253479003906,1900,0.0,0.0
2001-09-28 00:00:00+09:00,344.8253479003906,344.8253479003906,344.8253479003906,344.8253479003906,0,0.0,0.0
2001-10-01 00:00:00+09:00,399.59160293752217,419.1993127263346,379.3077652249576,417.1709289550781,6600,0.0,0.0
2001-10-02 00:00:00+09:00,419.1993629430876,419.1993629430876,404.32454683865546,417.84710693359375,5000,0.0,0.0
2001-10-03 00:00:00+09:00,411.08582120462887,419.19935714945706,409.7335652138242,414.4664611816406,4800,0.0,0.0
2001-10-04 00:00:00+09:00,411.762013721466,437.45488157272337,411.762013721466,432.72198486328125,8800,0.0,0.0
2001-10-05 00:00:00+09:00,435.4265538493479,435.4265538493479,429.3414001464844,429.3414001464844,10100,0.0,0.0
2001-10-08 00:00:00+09:00,429.3414001464844,429.3414001464844,429.3414001464844,429.3414001464844,0,0.0,0.0
2001-10-09 00:00:00+09:00,422.5800114293252,425.9606515207598,419.1993713378906,419.1993713378906,4600,0.0,0.0
2001-10-10 00:00:00+09:00,432.72200096701954,437.4548978525963,405.6768759065808,415.1426696777344,6200,0.0,0.0
2001-10-11 00:00:00+09:00,413.79042768634736,425.9607343830046,412.43817138671875,412.43817138671875,5800,0.0,0.0
2001-10-12 00:00:00+09:00,425.9607178310178,430.0174865722656,421.22782096622876,430.0174865722656,6000,0.0,0.0
2001-10-15 00:00:00+09:00,425.28452919921875,425.9606572265625,419.87550498046875,422.58001708984375,4500,0.0,0.0
2001-10-16 00:00:00+09:00,424.608498031374,425.9607543945312,420.55172894190224,425.96075439453125,2400,0.0,0.0
2001-10-17 00:00:00+09:00,415.8188792025105,425.9608030854986,415.8188792025105,421.2279052734375,2100,0.0,0.0
2001-10-18 00:00:00+09:00,418.52332849472094,423.2562255859375,418.52332849472094,423.2562255859375,700,0.0,0.0
2001-10-19 00:00:00+09:00,416.4949723128434,431.3697927525878,416.4949723128434,430.69366455078125,4000,0.0,0.0
2001-10-22 00:00:00+09:00,430.6936005592346,436.1026253700256,430.6936005592346,432.72198486328125,10200,0.0,0.0
2001-10-23 00:00:00+09:00,436.1025390625,448.94897044573645,429.3412593871124,436.1025390625,27600,0.0,0.0
2001-10-24 00:00:00+09:00,442.8640568880427,503.7156066894531,436.10277357677484,503.7156066894531,110300,0.0,0.0
2001-10-25 00:00:00+09:00,517.238041804387,561.1863721537793,507.0961194160657,553.7489624023438,214700,0.0,0.0
2001-10-26 00:00:00+09:00,540.9022582850707,546.3112808679215,507.09586714225384,525.351318359375,80800,0.0,0.0
2001-10-29 00:00:00+09:00,523.9993676661187,523.9993676661187,507.7722904738776,512.5051879882812,27300,0.0,0.0
2001-10-30 00:00:00+09:00,500.3347745940919,510.4766957007289,500.3347745940919,509.8005676269531,26100,0.0,0.0
2001-10-31 00:00:00+09:00,503.03927363954745,508.4482980872845,486.1360722403691,490.1928405761719,34200,0.0,0.0
2001-11-01 00:00:00+09:00,482.755507520219,486.8122764909771,473.2897132551167,480.0509948730469,20200,0.0,0.0
2001-11-02 00:00:00+09:00,486.8122182250494,513.1812133789062,486.8122182250494,513.1812133789062,25000,0.0,0.0
2001-11-05 00:00:00+09:00,507.7721834056257,524.6753852500207,503.0392868891951,509.8005676269531,21700,0.0,0.0
2001-11-06 00:00:00+09:00,523.3230785345262,523.9992065429688,510.47664637411793,523.9992065429688,10200,0.0,0.0
2001-11-07 00:00:00+09:00,526.7038257454016,534.1412353515625,511.82900653307956,534.1412353515625,35000,0.0,0.0
2001-11-08 00:00:00+09:00,513.8573414597744,528.7321592388731,513.1812133789062,513.1812133789062,19100,0.0,0.0
2001-11-09 00:00:00+09:00,513.1812133789062,513.1812133789062,513.1812133789062,513.1812133789062,0,0.0,0.0
2001-11-12 00:00:00+09:00,493.5734894821764,496.9541298210954,483.43156846541933,484.1076965332031,10100,0.0,0.0
2001-11-13 00:00:00+09:00,475.9942037175211,484.1077412808879,473.2896911963988,481.4032287597656,10600,0.0,0.0
2001-11-14 00:00:00+09:00,480.727053370363,490.1928462637316,466.52836403031006,486.1360778808594,12600,0.0,0.0
2001-11-15 00:00:00+09:00,486.8121976333682,492.89735010378536,480.0509171106826,484.7838134765625,9400,0.0,0.0
2001-11-16 00:00:00+09:00,486.13606958109966,486.8121976333682,473.96576464026543,484.7838134765625,12200,0.0,0.0
2001-11-19 00:00:00+09:00,491.545185126774,491.545185126774,467.88069891021684,479.3748779296875,7800,0.0,0.0
2001-11-20 00:00:00+09:00,465.8522200150923,473.28962846235794,461.11932373046875,461.11932373046875,6800,0.0,0.0
2001-11-21 00:00:00+09:00,461.11945248214454,461.7955807115905,453.682041958239,457.06268310546875,8200,0.0,0.0
2001-11-22 00:00:00+09:00,457.0626590557953,457.0626590557953,449.6252489232305,453.0058898925781,14500,0.0,0.0
2001-11-23 00:00:00+09:00,453.0058898925781,453.0058898925781,453.0058898925781,453.0058898925781,0,0.0,0.0
2001-11-26 00:00:00+09:00,453.00583917954384,469.90904213400444,452.32971106136546,459.7671203613281,33400,0.0,0.0
2001-11-27 00:00:00+09:00,462.5284315198435,468.7415000029459,457.00570397930807,457.696044921875,5400,14.0,0.0
2001-11-28 00:00:00+09:00,462.52845089296176,462.52845089296176,448.7216314633211,460.4574279785156,6400,0.0,0.0
2001-11-29 00:00:00+09:00,459.7670992985825,459.7670992985825,445.26993850988845,450.1023254394531,6000,0.0,0.0
2001-11-30 00:00:00+09:00,442.50857435657133,442.50857435657133,428.01141357421875,428.01141357421875,6500,0.0,0.0
2001-12-03 00:00:00+09:00,428.01147360879867,446.6506829433754,421.1080627441406,421.1080627441406,12700,0.0,0.0
2001-12-04 00:00:00+09:00,414.8949287543862,416.27561071363544,400.3977681822696,407.3011779785156,6800,0.0,0.0
2001-12-05 00:00:00+09:00,407.3011779785156,414.20458777476165,407.3011779785156,407.3011779785156,7100,0.0,0.0
2001-12-06 00:00:00+09:00,417.6562947591146,431.46311442057294,410.06254394531254,414.20458984375,7000,0.0,0.0
2001-12-07 00:00:00+09:00,421.1079996744792,421.1079996744792,414.20458984375,414.20458984375,4700,0.0,0.0
2001-12-10 00:00:00+09:00,414.89499587887417,420.41772460937494,414.20465478756154,420.417724609375,1900,0.0,0.0
2001-12-11 00:00:00+09:00,418.3467090503589,418.3467090503589,381.0682894320101,383.1393127441406,12700,0.0,0.0
2001-12-12 00:00:00+09:00,383.8295428620667,414.20454265690654,383.8295428620667,410.7528381347656,4300,0.0,0.0
2001-12-13 00:00:00+09:00,414.20453074964115,414.20453074964115,390.7329406738281,390.7329406738281,2500,0.0,0.0
2001-12-14 00:00:00+09:00,386.5910220315271,401.08818535770934,386.5910220315271,389.3523864746094,14400,0.0,0.0
2001-12-17 00:00:00+09:00,390.0426277325308,390.0426277325308,383.8295593261719,383.8295593261719,3700,0.0,0.0
2001-12-18 00:00:00+09:00,382.4489716400971,385.2103360562711,372.7841961834882,383.1393127441406,13400,0.0,0.0
2001-12-19 00:00:00+09:00,410.75292563649407,410.75292563649407,390.0426940917969,390.0426940917969,4700,0.0,0.0
2001-12-20 00:00:00+09:00,376.2358034264643,398.3267129854494,376.2358034264643,392.8039855957031,8000,0.0,0.0
2001-12-21 00:00:00+09:00,392.80404953217845,393.4943905682631,380.37791088265436,392.11370849609375,5700,0.0,0.0
2001-12-24 00:00:00+09:00,392.11370849609375,392.11370849609375,392.11370849609375,392.11370849609375,0,0.0,0.0
2001-12-25 00:00:00+09:00,393.49440822397685,396.25577249221527,381.0682690169039,387.9716796875,12300,0.0,0.0
2001-12-26 00:00:00+09:00,387.97160493041116,387.97160493041116,383.8295593261719,383.8295593261719,8100,0.0,0.0
2001-12-27 00:00:00+09:00,369.3324625470997,390.0426940917969,352.0739362598521,390.0426940917969,3800,0.0,0.0
2001-12-28 00:00:00+09:00,383.13921812350156,393.4943321268394,383.13921812350156,391.4233093261719,2800,0.0,0.0
2001-12-31 00:00:00+09:00,391.4233093261719,391.4233093261719,391.4233093261719,391.4233093261719,0,0.0,0.0
2002-01-01 00:00:00+09:00,391.4233093261719,391.4233093261719,391.4233093261719,391.4233093261719,0,0.0,0.0
2002-01-02 00:00:00+09:00,391.4233093261719,391.4233093261719,391.4233093261719,391.4233093261719,0,0.0,0.0
2002-01-03 00:00:00+09:00,391.4233093261719,391.4233093261719,391.4233093261719,391.4233093261719,0,0.0,0.0
2002-01-04 00:00:00+09:00,392.11370428677264,405.9205248602505,392.11370428677264,400.3977966308594,600,0.0,0.0
2002-01-07 00:00:00+09:00,400.39773281182767,401.08807373046875,400.39773281182767,401.08807373046875,5700,0.0,0.0
2002-01-08 00:00:00+09:00,407.3012371348859,415.58533009356154,407.3012371348859,414.8949890136719,4400,0.0,0.0
2002-01-09 00:00:00+09:00,414.2046619193953,414.2046619193953,402.4688631650124,404.5398864746094,9000,0.0,0.0
2002-01-10 00:00:00+09:00,412.8239338159965,414.89495689534095,405.9205235515149,407.9915466308594,7900,0.0,0.0
2002-01-11 00:00:00+09:00,400.3977966308594,402.46881971688106,400.3977966308594,400.3977966308594,19600,0.0,0.0
2002-01-14 00:00:00+09:00,400.3977966308594,400.3977966308594,400.3977966308594,400.3977966308594,0,0.0,0.0
2002-01-15 00:00:00+09:00,411.4432530896417,411.4432530896417,400.3977966308594,400.3977966308594,16300,0.0,0.0
2002-01-16 00:00:00+09:00,400.39772727272725,400.39772727272725,387.28125,387.28125,6600,0.0,0.0
2002-01-17 00:00:00+09:00,388.6620316802478,421.1080627441406,387.971690593782,421.1080627441406,10600,0.0,0.0
2002-01-18 00:00:00+09:00,421.1080036778604,430.0824365431263,414.204593781502,428.01141357421875,16500,0.0,0.0
2002-01-21 00:00:00+09:00,393.49436035156253,421.1079996744792,393.49436035156253,414.20458984375,13000,0.0,0.0
2002-01-22 00:00:00+09:00,414.20458984375,414.20458984375,393.49436035156253,414.20458984375,9600,0.0,0.0
2002-01-23 00:00:00+09:00,393.4943863441204,410.7529120609678,393.4943863441204,400.3977966308594,5200,0.0,0.0
2002-01-24 00:00:00+09:00,399.7074024537967,413.5142211914063,385.21024277930667,413.51422119140625,10400,0.0,0.0
2002-01-25 00:00:00+09:00,410.75288287663864,412.82390581551243,400.3977681822696,407.3011779785156,6500,0.0,0.0
2002-01-28 00:00:00+09:00,406.61078155932785,406.61078155932785,400.39771358983046,405.9204406738281,5100,0.0,0.0
2002-01-29 00:00:00+09:00,400.3977966308594,400.3977966308594,393.4943863441204,400.3977966308594,3400,0.0,0.0
2002-01-30 00:00:00+09:00,379.68753480074696,393.4943542480469,379.68753480074696,393.4943542480469,1600,0.0,0.0
2002-01-31 00:00:00+09:00,393.4943542480469,393.4943542480469,393.4943542480469,393.4943542480469,0,0.0,0.0
2002-02-01 00:00:00+09:00,382.44886084693314,385.9005653672123,379.6874972307098,380.3778381347656,3800,0.0,0.0
2002-02-04 00:00:00+09:00,379.68755271750535,379.68755271750535,358.2869815643369,359.66766357421875,5300,0.0,0.0
2002-02-05 00:00:00+09:00,359.667700361772,379.6875915527344,350.6932663796165,379.6875915527344,17400,0.0,0.0
2002-02-06 00:00:00+09:00,348.6221937172313,365.8807181586784,348.6221937172313,363.1193542480469,11600,0.0,0.0
2002-02-07 00:00:00+09:00,363.80972728444567,372.0938197463306,363.1193862459553,370.0227966308594,1400,0.0,0.0
2002-02-08 00:00:00+09:00,383.829602479494,383.829602479494,370.02278224641867,373.4744873046875,5700,0.0,0.0
2002-02-11 00:00:00+09:00,373.4744873046875,373.4744873046875,373.4744873046875,373.4744873046875,0,0.0,0.0
2002-02-12 00:00:00+09:00,367.2614673511402,383.1393127441406,367.2614673511402,383.1393127441406,4400,0.0,0.0
2002-02-13 00:00:00+09:00,383.1392436916545,412.13356483588785,369.33242409916244,407.3011779785156,8400,0.0,0.0
2002-02-14 00:00:00+09:00,407.3011620285619,410.7528667915158,396.2557067871094,396.2557067871094,3700,0.0,0.0
2002-02-15 00:00:00+09:00,375.545488966557,406.61083272298174,375.545488966557,393.4943542480469,4000,0.0,0.0
2002-02-18 00:00:00+09:00,392.8038870675223,392.8038870675223,386.5908203125,386.5908203125,1400,0.0,0.0
2002-02-19 00:00:00+09:00,379.687508719308,379.687508719308,359.66762189592635,362.4289855957031,5500,0.0,0.0
2002-02-20 00:00:00+09:00,362.4290076169101,386.59094145803743,362.4290076169101,364.5000305175781,3200,0.0,0.0
2002-02-21 00:00:00+09:00,365.1903750397438,385.9006042480469,365.1903750397438,385.9006042480469,3900,0.0,0.0
2002-02-22 00:00:00+09:00,370.02281194395016,407.301229565169,370.02281194395016,387.9716796875,4300,0.0,0.0
2002-02-25 00:00:00+09:00,413.5141682976844,414.2045091462615,407.3011006604905,411.4431457519531,21300,0.0,0.0
2002-02-26 00:00:00+09:00,412.82393514698947,412.82393514698947,396.94609148748987,400.3977966308594,4000,0.0,0.0
2002-02-27 00:00:00+09:00,399.7074279785156,399.7074279785156,390.73299522597557,399.7074279785156,5600,0.0,0.0
2002-02-28 00:00:00+09:00,412.8239078776042,414.20458984375,407.3011800130208,414.20458984375,8200,0.0,0.0
2002-03-01 00:00:00+09:00,414.20458984375,416.96595377604166,403.84947509765624,414.20458984375,5600,0.0,0.0
2002-03-04 00:00:00+09:00,404.5398766689613,424.5597681764696,404.5398766689613,421.1080627441406,6100,0.0,0.0
2002-03-05 00:00:00+09:00,426.6307275390625,426.6307275390625,414.20458984375,414.20458984375,11400,0.0,0.0
2002-03-06 00:00:00+09:00,414.20458777476165,416.27561071363544,407.3011779785156,407.3011779785156,2800,0.0,0.0
2002-03-07 00:00:00+09:00,407.99152099609375,415.58527180989586,407.3011800130208,414.20458984375,7900,0.0,0.0
2002-03-08 00:00:00+09:00,414.20459747314453,421.1080074310303,414.20459747314453,419.7273254394531,20000,0.0,0.0
2002-03-11 00:00:00+09:00,424.5597403390067,434.91485595703125,420.4176940917969,434.91485595703125,13000,0.0,0.0
2002-03-12 00:00:00+09:00,447.3409441692073,448.7216260956555,421.79832852991615,424.5596923828125,8800,0.0,0.0
2002-03-13 00:00:00+09:00,421.7983406575521,423.1790226236979,414.20458984375,414.20458984375,11300,0.0,0.0
2002-03-14 00:00:00+09:00,414.20467177289737,414.8950128925188,407.3012605766824,409.3722839355469,4400,0.0,0.0
2002-03-15 00:00:00+09:00,409.37221610192023,418.3466491699219,409.37221610192023,418.3466491699219,1300,0.0,0.0
2002-03-18 00:00:00+09:00,419.7274050245098,429.39218079810047,419.7274050245098,422.48876953125,5900,0.0,0.0
2002-03-19 00:00:00+09:00,434.9148545740594,470.81258860239444,434.22451353505295,457.0057678222656,34500,0.0,0.0
2002-03-20 00:00:00+09:00,463.9090965757979,465.98011932836846,445.26989180266315,454.24432373046875,8900,0.0,0.0
2002-03-21 00:00:00+09:00,454.2443237304688,454.2443237304688,454.2443237304688,454.24432373046875,0,0.0,0.0
2002-03-22 00:00:00+09:00,454.93466484021843,454.93466484021843,428.0113690454255,439.05682373046875,4900,0.0,0.0
2002-03-25 00:00:00+09:00,460.457444190979,460.457444190979,441.8182373046875,441.8182373046875,14400,0.0,0.0
2002-03-26 00:00:00+09:00,434.9148883526142,448.7217102050781,434.9148883526142,448.7217102050781,1900,0.0,0.0
2002-03-27 00:00:00+09:00,445.26994228363037,448.72164726257324,434.91482734680176,441.8182373046875,2600,0.0,0.0
2002-03-28 00:00:00+09:00,414.20461255450584,445.26995849609375,414.20461255450584,445.26995849609375,10900,0.0,0.0
2002-03-29 00:00:00+09:00,441.12795425164893,441.12795425164893,421.1080627441406,421.1080627441406,5700,0.0,0.0
2002-04-01 00:00:00+09:00,423.86936360677083,423.86936360677083,414.20458984375,414.20458984375,4500,0.0,0.0
2002-04-02 00:00:00+09:00,417.656308164691,419.03699017515277,414.89494414376736,418.3466491699219,2200,0.0,0.0
2002-04-03 00:00:00+09:00,414.2046765882486,429.3921813964844,407.3012653117778,429.3921813964844,7600,0.0,0.0
2002-04-04 00:00:00+09:00,430.08248835024625,445.2699919516996,416.2756668943796,444.57965087890625,11000,0.0,0.0
2002-04-05 00:00:00+09:00,441.8182824803149,441.8182824803149,434.91487181656004,438.3665771484375,3800,0.0,0.0
2002-04-08 00:00:00+09:00,437.6762201218378,437.6762201218378,428.01144554501485,434.91485595703125,3100,0.0,0.0
2002-04-09 00:00:00+09:00,441.8182333669355,448.72164326329386,428.01141357421875,428.01141357421875,2200,0.0,0.0
2002-04-10 00:00:00+09:00,434.9148912238781,448.72171316749325,430.77284464079355,448.0313720703125,3700,0.0,0.0
2002-04-11 00:00:00+09:00,448.7216423506215,452.17334729178015,435.60516357421875,435.60516357421875,4600,0.0,0.0
2002-04-12 00:00:00+09:00,435.6051711677945,441.1278991699218,435.6051711677945,441.1278991699219,800,0.0,0.0
2002-04-15 00:00:00+09:00,448.03125,448.03125,415.58522727272725,425.25,3100,0.0,0.0
2002-04-16 00:00:00+09:00,425.2500404333843,439.0568599279747,421.1079945850072,437.6761779785156,2300,0.0,0.0
2002-04-17 00:00:00+09:00,444.57953131953377,444.57953131953377,429.39203180240685,436.2954406738281,2100,0.0,0.0
2002-04-18 00:00:00+09:00,425.25011992872805,438.36660090055574,421.10807330604564,432.8438720703125,4900,0.0,0.0
2002-04-19 00:00:00+09:00,432.84386521741527,432.84386521741527,416.27567898899747,427.3211364746094,9700,0.0,0.0
2002-04-22 00:00:00+09:00,430.77276611328125,434.9148119412936,428.0114022279397,430.77276611328125,3400,0.0,0.0
2002-04-23 00:00:00+09:00,429.3920791253811,439.05685261051826,423.8693514195884,424.5596923828125,6800,0.0,0.0
2002-04-24 00:00:00+09:00,423.8694230522372,425.9404462919061,414.8949890136719,414.8949890136719,11200,0.0,0.0
2002-04-25 00:00:00+09:00,414.20458134134014,422.48867296816695,414.20458134134014,416.2756042480469,9500,0.0,0.0
2002-04-26 00:00:00+09:00,416.96595377604166,417.6562947591146,414.20458984375,414.20458984375,5600,0.0,0.0
2002-04-29 00:00:00+09:00,414.20458984375,414.20458984375,414.20458984375,414.20458984375,0,0.0,0.0
2002-04-30 00:00:00+09:00,410.75291385432115,421.7983703613281,408.6818907592573,421.7983703613281,17200,0.0,0.0
2002-05-01 00:00:00+09:00,414.2045649397732,416.96592870603837,410.7528602319418,412.8238830566406,7700,0.0,0.0
2002-05-02 00:00:00+09:00,414.20460313853647,421.10801319084544,414.20460313853647,418.3466491699219,4600,0.0,0.0
2002-05-03 00:00:00+09:00,418.3466491699219,418.3466491699219,418.3466491699219,418.3466491699219,0,0.0,0.0
2002-05-06 00:00:00+09:00,418.3466491699219,418.3466491699219,418.3466491699219,418.3466491699219,0,0.0,0.0
2002-05-07 00:00:00+09:00,414.20456212828674,414.20456212828674,411.44319838076484,413.51422119140625,4000,0.0,0.0
2002-05-08 00:00:00+09:00,413.51424886067707,418.3466357421875,412.8239078776042,414.20458984375,2200,0.0,0.0
2002-05-09 00:00:00+09:00,414.8949890136719,423.17908197234755,414.20464793378227,414.8949890136719,4500,0.0,0.0
2002-05-10 00:00:00+09:00,421.1079714970915,421.1079714970915,413.5142211914063,413.51422119140625,5700,0.0,0.0
2002-05-13 00:00:00+09:00,420.41761079676013,420.41761079676013,410.7528381347656,410.7528381347656,2300,0.0,0.0
2002-05-14 00:00:00+09:00,405.2301550396418,408.6818599377648,405.2301550396418,407.3011779785156,2300,0.0,0.0
2002-05-15 00:00:00+09:00,414.20462321245134,414.20462321245134,399.0171203613281,399.0171203613281,6400,0.0,0.0
2002-05-16 00:00:00+09:00,401.08812956146846,421.1080189888051,400.3977885467327,416.9659729003906,3100,0.0,0.0
2002-05-17 00:00:00+09:00,414.20458984375,420.41765869140625,414.20458984375,414.20458984375,2300,0.0,0.0
2002-05-20 00:00:00+09:00,414.20454265690654,420.41761079676013,410.7528381347656,410.7528381347656,4000,0.0,0.0
2002-05-21 00:00:00+09:00,407.9915821012903,421.1080627441406,407.9915821012903,421.1080627441406,4600,0.0,0.0
2002-05-22 00:00:00+09:00,421.10798756669203,431.4631020150533,421.10798756669203,424.5596923828125,8800,0.0,0.0
2002-05-23 00:00:00+09:00,438.3665284187563,440.4375513876638,428.01141357421875,428.01141357421875,11000,0.0,0.0
2002-05-24 00:00:00+09:00,441.1278963088989,443.19891929626465,435.60516834259033,441.8182373046875,6900,0.0,0.0
2002-05-27 00:00:00+09:00,442.50859101562503,443.19893203125,431.46313476562506,431.463134765625,7700,0.0,0.0
2002-05-28 00:00:00+09:00,438.3665771484375,438.3665771484375,428.7018022191806,438.3665771484375,4000,0.0,0.0
2002-05-29 00:00:00+09:00,438.3665771484375,438.3665771484375,431.4631664846826,438.3665771484375,3800,0.0,0.0
2002-05-30 00:00:00+09:00,438.3665116472942,438.3665116472942,423.8693514195884,424.5596923828125,5800,0.0,0.0
2002-05-31 00:00:00+09:00,424.55965909090907,434.9147727272727,424.55965909090907,425.25,5600,0.0,0.0
2002-06-03 00:00:00+09:00,425.25003334603656,428.0113971989329,424.5596923828125,424.5596923828125,8900,0.0,0.0
2002-06-04 00:00:00+09:00,423.86930962183965,423.86930962183965,412.1335144042969,412.1335144042969,9200,0.0,0.0
2002-06-05 00:00:00+09:00,414.8948779848952,418.34658246064305,412.1335144042969,412.1335144042969,4100,0.0,0.0
2002-06-06 00:00:00+09:00,412.133519943622,415.58522446576285,410.7528381347656,410.7528381347656,7200,0.0,0.0
2002-06-07 00:00:00+09:00,410.7528849283854,414.89493082682293,407.3011800130208,414.20458984375,9100,0.0,0.0
2002-06-10 00:00:00+09:00,410.7528326139977,413.514196194596,410.7528326139977,412.1335144042969,3500,0.0,0.0
2002-06-11 00:00:00+09:00,408.68183463324294,414.20456212828674,408.68183463324294,413.51422119140625,1100,0.0,0.0
2002-06-12 00:00:00+09:00,414.20467177289737,414.20467177289737,409.3722839355469,409.3722839355469,2900,0.0,0.0
2002-06-13 00:00:00+09:00,404.53980056553667,405.92048247872964,401.08809578255426,403.15911865234375,2600,0.0,0.0
2002-06-14 00:00:00+09:00,403.15916074555497,405.23018383157665,400.3977966308594,400.3977966308594,22000,0.0,0.0
2002-06-17 00:00:00+09:00,400.397840345228,400.397840345228,380.37794832796664,383.1393127441406,25600,0.0,0.0
2002-06-18 00:00:00+09:00,383.1392396625719,397.63640008223683,383.1392396625719,393.4943542480469,6000,0.0,0.0
2002-06-19 00:00:00+09:00,383.13931647767413,396.9461386930858,383.13931647767413,389.3523864746094,5100,0.0,0.0
2002-06-20 00:00:00+09:00,376.9262493668822,393.49443615223964,376.9262493668822,388.66204833984375,5300,0.0,0.0
2002-06-21 00:00:00+09:00,392.8039638493337,405.9204406738281,380.37782791033897,405.9204406738281,9500,0.0,0.0
2002-06-24 00:00:00+09:00,383.13922823392426,403.8494567871094,383.13922823392426,403.8494567871094,3500,0.0,0.0
2002-06-25 00:00:00+09:00,412.8238010308346,412.8238010308346,398.3266441384474,402.46868896484375,4500,0.0,0.0
2002-06-26 00:00:00+09:00,399.7074229993318,400.3977639716968,390.04264938622185,393.4943542480469,3800,0.0,0.0
2002-06-27 00:00:00+09:00,388.66204833984375,395.5654595004093,388.66204833984375,388.66204833984375,2300,0.0,0.0
2002-06-28 00:00:00+09:00,400.3977639716968,400.3977639716968,393.4943542480469,393.4943542480469,3200,0.0,0.0
2002-07-01 00:00:00+09:00,394.8750248819278,408.68184393374344,394.8750248819278,396.2557067871094,2400,0.0,0.0
2002-07-02 00:00:00+09:00,396.2556738158566,412.82385529944645,395.565332920707,412.1335144042969,11600,0.0,0.0
2002-07-03 00:00:00+09:00,407.30112813824985,412.1335144042969,403.15908276735234,412.1335144042969,3700,0.0,0.0
2002-07-04 00:00:00+09:00,416.96596715946004,426.63074123269257,414.89494414376736,418.3466491699219,11000,0.0,0.0
2002-07-05 00:00:00+09:00,432.1535201275935,432.1535201275935,417.6563573118116,421.1080627441406,6100,0.0,0.0
2002-07-08 00:00:00+09:00,430.7728217006715,430.7728217006715,415.58531837148115,417.6563415527344,3100,0.0,0.0
2002-07-09 00:00:00+09:00,419.7272671694811,419.7272671694811,414.20453996988266,419.03692626953125,3200,0.0,0.0
2002-07-10 00:00:00+09:00,418.3466652028884,421.7983703613281,414.89496004444874,421.7983703613281,4300,0.0,0.0
2002-07-11 00:00:00+09:00,417.65635333323047,420.417717652789,414.20464793378227,414.8949890136719,3500,0.0,0.0
2002-07-12 00:00:00+09:00,414.8949890136719,421.1080587326786,414.20464793378227,414.8949890136719,5800,0.0,0.0
2002-07-15 00:00:00+09:00,401.0881419651945,401.0881419651945,390.04268538783975,392.11370849609375,7800,0.0,0.0
2002-07-16 00:00:00+09:00,399.0170598750492,399.70740080908905,383.139218392132,383.8295593261719,7400,0.0,0.0
2002-07-17 00:00:00+09:00,381.0682690169039,387.9716796875,381.0682690169039,387.9716796875,3200,0.0,0.0
2002-07-18 00:00:00+09:00,386.5908561897961,388.66187863367,383.13915211667296,385.2101745605469,7700,0.0,0.0
2002-07-19 00:00:00+09:00,381.7586305360536,383.1393127441406,380.37794832796664,383.1393127441406,4500,0.0,0.0
2002-07-22 00:00:00+09:00,373.474380711928,392.1135827067932,373.474380711928,385.2101745605469,3900,0.0,0.0
2002-07-23 00:00:00+09:00,371.4034225134541,386.5909230623314,360.35796756881604,383.8295593261719,4200,0.0,0.0
2002-07-24 00:00:00+09:00,370.7131298900356,376.23585808206593,350.0028991699219,350.0028991699219,32800,0.0,0.0
2002-07-25 00:00:00+09:00,358.977357108638,365.8807678222656,352.07394639501035,365.8807678222656,25600,0.0,0.0
2002-07-26 00:00:00+09:00,365.88077004172584,379.6875915527344,352.76428960626777,379.6875915527344,8700,0.0,0.0
2002-07-29 00:00:00+09:00,378.30692870228006,392.11375091769173,361.73874204378603,389.3523864746094,11500,0.0,0.0
2002-07-30 00:00:00+09:00,393.4943042121591,396.25566775049003,390.7329406738281,390.7329406738281,3400,0.0,0.0
2002-07-31 00:00:00+09:00,366.57107257125966,394.18471268962196,359.6676625416691,367.26141357421875,2400,0.0,0.0
2002-08-01 00:00:00+09:00,360.3579988497849,361.04833984375,359.6676578558198,361.04833984375,2800,0.0,0.0
2002-08-02 00:00:00+09:00,372.09379072968596,374.16481368365453,348.62219725137555,354.83526611328125,6800,0.0,0.0
2002-08-05 00:00:00+09:00,350.6932202053441,358.9773120212184,350.6932202053441,354.83526611328125,2900,0.0,0.0
2002-08-06 00:00:00+09:00,358.97735177654107,358.97735177654107,352.07394116545373,352.7642822265625,1800,0.0,0.0
2002-08-07 00:00:00+09:00,350.6932475531279,370.0227966308594,350.6932475531279,370.0227966308594,7900,0.0,0.0
2002-08-08 00:00:00+09:00,372.093813632397,372.093813632397,356.90631103515625,356.90631103515625,3200,0.0,0.0
2002-08-09 00:00:00+09:00,370.713118589014,370.713118589014,365.88073156830063,367.26141357421875,4700,0.0,0.0
2002-08-12 00:00:00+09:00,369.33243177133124,369.33243177133124,359.6676578558198,361.04833984375,3000,0.0,0.0
2002-08-13 00:00:00+09:00,367.9517477827462,367.9517477827462,349.31254104703487,354.1449279785156,6200,0.0,0.0
2002-08-14 00:00:00+09:00,348.62223991980915,359.6676970261794,348.62223991980915,358.97735595703125,6400,0.0,0.0
2002-08-15 00:00:00+09:00,369.33247501909847,369.33247501909847,348.62224277503685,358.2870178222656,4000,0.0,0.0
2002-08-16 00:00:00+09:00,365.1903492954799,365.1903492954799,355.5255763462612,362.4289855957031,3200,0.0,0.0
2002-08-19 00:00:00+09:00,363.11933821135875,363.11933821135875,350.00286021513097,352.0738830566406,4100,0.0,0.0
2002-08-20 00:00:00+09:00,353.45458984375,358.28697681427,353.45458984375,353.45458984375,5700,0.0,0.0
2002-08-21 00:00:00+09:00,352.07390785217285,358.28697681427,352.07390785217285,353.45458984375,16300,0.0,0.0
2002-08-22 00:00:00+09:00,356.2159729003906,358.9773370314014,352.07392670387446,356.2159729003906,3600,0.0,0.0
2002-08-23 00:00:00+09:00,356.2159729003906,356.2159729003906,356.2159729003906,356.2159729003906,0,0.0,0.0
2002-08-26 00:00:00+09:00,358.9773588970677,365.8807696450882,352.0739481490471,358.2870178222656,12100,0.0,0.0
2002-08-27 00:00:00+09:00,355.5255625567099,356.9062443530466,350.69317626953125,350.69317626953125,8100,0.0,0.0
2002-08-28 00:00:00+09:00,357.5966504339636,357.5966504339636,348.62221712191433,350.0028991699219,4500,0.0,0.0
2002-08-29 00:00:00+09:00,355.52563030258,355.52563030258,349.31256103515625,349.31256103515625,5900,0.0,0.0
2002-08-30 00:00:00+09:00,348.62221712191433,350.0028991699219,346.55119404990296,350.0028991699219,8000,0.0,0.0
2002-09-02 00:00:00+09:00,352.0738406297637,352.76418149374365,338.95736421414506,339.647705078125,6700,0.0,0.0
2002-09-03 00:00:00+09:00,341.0284205118815,345.17046610514325,331.3636474609375,331.3636474609375,40400,0.0,0.0
2002-09-04 00:00:00+09:00,334.81533807038255,335.5056789736205,324.46022452181404,327.2215881347656,5300,0.0,0.0
2002-09-05 00:00:00+09:00,330.6733484989455,333.4347125782686,327.91198441962234,328.6023254394531,8500,0.0,0.0
2002-09-06 00:00:00+09:00,329.29263024749116,333.43467591098164,328.6022893035761,329.98297119140625,4100,0.0,0.0
2002-09-09 00:00:00+09:00,329.98299031237843,334.8153771997982,329.98299031237843,332.7443542480469,4400,0.0,0.0
2002-09-10 00:00:00+09:00,332.05400198477287,342.4091163917824,332.05400198477287,335.5057067871094,4500,0.0,0.0
2002-09-11 00:00:00+09:00,335.5056818181818,342.4090909090909,334.125,334.125,1900,0.0,0.0
2002-09-12 00:00:00+09:00,334.1249947134904,350.69317626953125,334.1249947134904,350.69317626953125,7600,0.0,0.0
2002-09-13 00:00:00+09:00,343.78977833219767,344.48011925254343,330.67330084562786,340.33807373046875,27400,0.0,0.0
2002-09-16 00:00:00+09:00,340.33807373046875,340.33807373046875,340.33807373046875,340.33807373046875,0,0.0,0.0
2002-09-17 00:00:00+09:00,339.6477736816406,345.1705017089844,339.6477736816406,345.1705017089844,5800,0.0,0.0
2002-09-18 00:00:00+09:00,341.7187720608999,344.4801358755334,341.7187720608999,343.789794921875,2400,0.0,0.0
2002-09-19 00:00:00+09:00,338.26705356241456,351.3835311495286,338.26705356241456,347.2414855957031,6600,0.0,0.0
2002-09-20 00:00:00+09:00,340.338032405861,352.07382662675275,340.338032405861,343.0993957519531,6300,0.0,0.0
2002-09-23 00:00:00+09:00,343.0993957519531,343.0993957519531,343.0993957519531,343.0993957519531,0,0.0,0.0
2002-09-24 00:00:00+09:00,332.05398523167634,347.9318265213407,332.05398523167634,347.2414855957031,4000,0.0,0.0
2002-09-25 00:00:00+09:00,354.1449201829363,354.1449201829363,334.8153728825031,348.6221923828125,6900,0.0,0.0
2002-09-26 00:00:00+09:00,345.1705017089844,345.1705017089844,341.0284556884766,345.1705017089844,2100,0.0,0.0
2002-09-27 00:00:00+09:00,353.45460589941973,358.9773341165982,345.86085460079937,356.90631103515625,7700,0.0,0.0
2002-09-30 00:00:00+09:00,352.7642102966928,357.59659673911324,339.647732810123,340.33807373046875,8300,0.0,0.0
2002-10-01 00:00:00+09:00,340.3380901535831,343.789794921875,340.3380901535831,343.789794921875,3700,0.0,0.0
2002-10-02 00:00:00+09:00,343.7898312230264,343.7898312230264,342.4091491699219,342.4091491699219,2000,0.0,0.0
2002-10-03 00:00:00+09:00,343.78977833219767,345.1704601728892,340.33807373046875,340.33807373046875,4200,0.0,0.0
2002-10-04 00:00:00+09:00,337.57671004908565,343.09943741185185,336.19602820839407,340.33807373046875,4800,0.0,0.0
2002-10-07 00:00:00+09:00,336.195999729887,336.195999729887,317.5567964594415,324.460205078125,3500,0.0,0.0
2002-10-08 00:00:00+09:00,324.4603668801024,324.4603668801024,314.1052487881842,322.38934326171875,9400,0.0,0.0
2002-10-09 00:00:00+09:00,322.38921872061763,322.38921872061763,315.4858093261719,315.4858093261719,1900,0.0,0.0
2002-10-10 00:00:00+09:00,314.10514519431376,314.10514519431376,286.4915060563521,303.7500305175781,15300,0.0,0.0
2002-10-11 00:00:00+09:00,307.89206404133415,322.3892240074059,307.2017230905688,321.6988830566406,10400,0.0,0.0
2002-10-14 00:00:00+09:00,321.6988830566406,321.6988830566406,321.6988830566406,321.6988830566406,0,0.0,0.0
2002-10-15 00:00:00+09:00,327.91194835966104,329.98297119140625,324.46024364008565,329.98297119140625,2700,0.0,0.0
2002-10-16 00:00:00+09:00,333.4347525792192,333.4347525792192,326.5313415527344,326.5313415527344,5500,0.0,0.0
2002-10-17 00:00:00+09:00,329.9829740064449,334.81536065507487,327.2216102072278,329.2926330566406,4300,0.0,0.0
2002-10-18 00:00:00+09:00,329.9830470659768,332.74441147657075,323.7699771421404,326.5313415527344,4700,0.0,0.0
2002-10-21 00:00:00+09:00,332.05406436317844,332.05406436317844,324.4603123715049,327.9120178222656,5600,0.0,0.0
2002-10-22 00:00:00+09:00,328.6023648606798,329.9830470659768,326.5313415527344,326.5313415527344,1900,0.0,0.0
2002-10-23 00:00:00+09:00,322.38929493684344,326.5313415527344,321.00861273154646,326.5313415527344,4600,0.0,0.0
2002-10-24 00:00:00+09:00,324.460205078125,324.460205078125,318.2471373213099,324.460205078125,2100,0.0,0.0
2002-10-25 00:00:00+09:00,333.43468671975677,334.81536865234375,332.7443457534633,334.81536865234375,5400,0.0,0.0
2002-10-28 00:00:00+09:00,334.8154049827939,335.5057460239955,326.5313124883742,333.4347229003906,3700,0.0,0.0
2002-10-29 00:00:00+09:00,336.8864580924617,336.8864580924617,325.1506593474374,326.5313415527344,2100,0.0,0.0
2002-10-30 00:00:00+09:00,333.4347329275949,338.2671203613281,332.74439186563296,338.2671203613281,3900,0.0,0.0
2002-10-31 00:00:00+09:00,338.2670997170841,338.2670997170841,328.6023254394531,328.6023254394531,3000,0.0,0.0
2002-11-01 00:00:00+09:00,335.5057758871647,335.5057758871647,326.5313415527344,326.5313415527344,12300,0.0,0.0
2002-11-04 00:00:00+09:00,326.5313415527344,326.5313415527344,326.5313415527344,326.5313415527344,0,0.0,0.0
2002-11-05 00:00:00+09:00,333.4347229003906,334.12506394159226,327.9119945707775,333.4347229003906,2600,0.0,0.0
2002-11-06 00:00:00+09:00,334.8153858543189,337.5767498613648,330.67333984375,330.67333984375,6800,0.0,0.0
2002-11-07 00:00:00+09:00,331.3636808455115,336.19606785784185,327.9119758367041,330.67333984375,5600,0.0,0.0
2002-11-08 00:00:00+09:00,327.91194835966104,336.886380630557,327.91194835966104,329.98297119140625,8700,0.0,0.0
2002-11-11 00:00:00+09:00,327.9119093874668,330.6732728349402,324.460205078125,324.460205078125,6400,0.0,0.0
2002-11-12 00:00:00+09:00,324.460205078125,324.460205078125,322.38918249252,324.460205078125,1800,0.0,0.0
2002-11-13 00:00:00+09:00,321.69884706154846,323.07952880859375,321.69884706154846,323.07952880859375,2100,0.0,0.0
2002-11-14 00:00:00+09:00,317.55689062926444,318.9375727624352,313.4148442297523,316.17620849609375,4000,0.0,0.0
2002-11-15 00:00:00+09:00,323.76991889260034,323.76991889260034,303.7500305175781,303.7500305175781,5700,0.0,0.0
2002-11-18 00:00:00+09:00,303.7500411803464,303.7500411803464,276.1364010730422,286.49151611328125,25300,0.0,0.0
2002-11-19 00:00:00+09:00,283.7300736276727,284.42041443941883,270.6135982044956,275.44598388671875,20500,0.0,0.0
2002-11-20 00:00:00+09:00,276.13641357421875,278.2074366760254,272.684708404541,276.13641357421875,15500,0.0,0.0
2002-11-21 00:00:00+09:00,283.0398431154761,283.0398431154761,276.82677338855103,278.8977966308594,8800,0.0,0.0
2002-11-22 00:00:00+09:00,282.34947009718564,286.49151611328125,279.5881060864552,286.49151611328125,18100,0.0,0.0
2002-11-25 00:00:00+09:00,289.94319278492645,303.7500114889706,287.87216997931984,293.3948974609375,66800,0.0,0.0
2002-11-26 00:00:00+09:00,299.0781506024874,302.6301476405217,294.81575415684625,295.5261535644531,36400,12.0,0.0
2002-11-27 00:00:00+09:00,291.97411281147333,306.1820988363625,290.5533142089844,290.5533142089844,16300,0.0,0.0
2002-11-28 00:00:00+09:00,294.10530229048294,301.9196943803267,294.10530229048294,296.9468994140625,6500,0.0,0.0
2002-11-29 00:00:00+09:00,296.9469102520809,306.18210124078195,296.9469102520809,304.0509033203125,10300,0.0,0.0
2002-12-02 00:00:00+09:00,304.0509033203125,304.0509033203125,304.0509033203125,304.0509033203125,0,0.0,0.0
2002-12-03 00:00:00+09:00,316.83813295407924,316.83813295407924,305.47174253420195,311.1549377441406,9000,0.0,0.0
2002-12-04 00:00:00+09:00,311.8652242741115,311.8652242741115,296.2364431031993,302.6300354003906,17200,0.0,0.0
2002-12-05 00:00:00+09:00,298.3677034851507,305.4716964252733,298.3677034851507,300.4989013671875,5900,0.0,0.0
2002-12-06 00:00:00+09:00,305.4717019339588,305.4717019339588,301.20930609301985,304.0509033203125,10400,0.0,0.0
2002-12-09 00:00:00+09:00,301.919705399843,306.18210124078195,301.919705399843,304.0509033203125,5000,0.0,0.0
2002-12-10 00:00:00+09:00,301.9196888185897,305.4716851576319,291.26369980146296,301.20928955078125,6100,0.0,0.0
2002-12-11 00:00:00+09:00,302.63009077862995,302.63009077862995,291.2637023925781,291.2637023925781,4100,0.0,0.0
2002-12-12 00:00:00+09:00,291.97408530694975,301.9196745874785,291.97408530694975,296.2364807128906,38700,0.0,0.0
2002-12-13 00:00:00+09:00,296.2364807128906,298.36767841586106,296.2364807128906,296.2364807128906,17700,0.0,0.0
2002-12-16 00:00:00+09:00,284.1597401707393,287.00133757244674,275.63494796561713,283.4493408203125,9200,0.0,0.0
2002-12-17 00:00:00+09:00,290.55332290649415,290.55332290649415,284.15972900390625,284.15972900390625,5800,0.0,0.0
2002-12-18 00:00:00+09:00,282.0284890981821,284.15968674879804,277.0556945800781,277.0556945800781,14900,0.0,0.0
2002-12-19 00:00:00+09:00,277.0556945800781,279.8972914475661,275.63489614633414,277.0556945800781,5400,0.0,0.0
2002-12-20 00:00:00+09:00,277.05573577880864,284.15972900390625,277.05573577880864,284.15972900390625,10100,0.0,0.0
2002-12-23 00:00:00+09:00,284.15972900390625,284.15972900390625,284.15972900390625,284.15972900390625,0,0.0,0.0
2002-12-24 00:00:00+09:00,284.15972900390625,288.4221249389649,282.73893035888676,284.15972900390625,15800,0.0,0.0
2002-12-25 00:00:00+09:00,294.81571001645113,294.81571001645113,287.7117170040065,290.5533142089844,5600,0.0,0.0
2002-12-26 00:00:00+09:00,290.5533031184499,294.10529948909107,289.1325045701934,291.2637023925781,1800,0.0,0.0
2002-12-27 00:00:00+09:00,287.7117951933321,304.7613830566406,287.7117951933321,304.7613830566406,32800,0.0,0.0
2002-12-30 00:00:00+09:00,294.1053706577846,299.78856622605093,294.1053706577846,298.3677673339844,7300,0.0,0.0
2002-12-31 00:00:00+09:00,298.3677673339844,298.3677673339844,298.3677673339844,298.3677673339844,0,0.0,0.0
2003-01-01 00:00:00+09:00,298.3677673339844,298.3677673339844,298.3677673339844,298.3677673339844,0,0.0,0.0
2003-01-02 00:00:00+09:00,298.3677673339844,298.3677673339844,298.3677673339844,298.3677673339844,0,0.0,0.0
2003-01-03 00:00:00+09:00,298.3677673339844,298.3677673339844,298.3677673339844,298.3677673339844,0,0.0,0.0
2003-01-06 00:00:00+09:00,309.0236955894948,309.0236955894948,301.9197025874374,306.1820983886719,3200,0.0,0.0
2003-01-07 00:00:00+09:00,300.4989013671875,304.0508978372488,299.078102779163,300.4989013671875,5800,0.0,0.0
2003-01-08 00:00:00+09:00,300.49896567208424,301.20936511811755,298.3677673339844,298.3677673339844,4600,0.0,0.0
2003-01-09 00:00:00+09:00,295.5261535644531,295.5261535644531,294.10535474923944,295.5261535644531,3400,0.0,0.0
2003-01-10 00:00:00+09:00,291.97414851534194,298.3677430083786,291.97414851534194,294.1053466796875,4000,0.0,0.0
2003-01-13 00:00:00+09:00,294.1053466796875,294.1053466796875,294.1053466796875,294.1053466796875,0,0.0,0.0
2003-01-14 00:00:00+09:00,298.36771168428305,301.9197082519531,294.81571511661303,301.9197082519531,6100,0.0,0.0
2003-01-15 00:00:00+09:00,301.9197850794225,305.4717825509452,294.8157901363773,304.7613830566406,5000,0.0,0.0
2003-01-16 00:00:00+09:00,297.6573881135954,304.7613830566406,296.2365891249864,304.7613830566406,4500,0.0,0.0
2003-01-17 00:00:00+09:00,297.657293211739,304.050886622015,297.657293211739,301.20928955078125,5400,0.0,0.0
2003-01-20 00:00:00+09:00,299.78851559661155,305.4717102050781,295.52611964026164,305.4717102050781,7100,0.0,0.0
2003-01-21 00:00:00+09:00,301.9197406724749,309.02373457065084,301.9197406724749,307.6029357910156,9200,0.0,0.0
2003-01-22 00:00:00+09:00,313.28609690534955,313.28609690534955,309.7341003417969,309.7341003417969,3700,0.0,0.0
2003-01-23 00:00:00+09:00,302.6301072146914,312.575697592639,302.6301072146914,309.7341003417969,9200,0.0,0.0
2003-01-24 00:00:00+09:00,316.8380934689023,316.8380934689023,309.7341003417969,309.7341003417969,5800,0.0,0.0
2003-01-27 00:00:00+09:00,302.6301400622925,319.67972541791465,302.6301400622925,307.6029357910156,17900,0.0,0.0
2003-01-28 00:00:00+09:00,309.73410366835753,309.73410366835753,299.78851318359375,299.78851318359375,9200,0.0,0.0
2003-01-29 00:00:00+09:00,300.49889864634315,300.49889864634315,294.8157043457031,294.8157043457031,2500,0.0,0.0
2003-01-30 00:00:00+09:00,292.6845397949219,298.3677347423961,292.6845397949219,292.6845397949219,3600,0.0,0.0
2003-01-31 00:00:00+09:00,289.8429710463722,291.97416936288965,287.0013732910156,287.0013732910156,4600,0.0,0.0
2003-02-03 00:00:00+09:00,287.00136538978995,299.7885549368598,287.00136538978995,299.0781555175781,3000,0.0,0.0
2003-02-04 00:00:00+09:00,298.36775609829647,299.0781555175781,291.97416132476155,299.0781555175781,5300,0.0,0.0
2003-02-05 00:00:00+09:00,293.39495534163257,295.5261535644531,287.7117600807777,295.5261535644531,3400,0.0,0.0
2003-02-06 00:00:00+09:00,299.7885775691285,300.49897704204113,296.23658020456537,297.6573791503906,6800,0.0,0.0
2003-02-07 00:00:00+09:00,297.6573436202634,297.6573436202634,287.7117521866508,294.1053466796875,5700,0.0,0.0
2003-02-10 00:00:00+09:00,295.52614545591786,295.52614545591786,289.8429503509964,294.1053466796875,2200,0.0,0.0
2003-02-11 00:00:00+09:00,294.1053466796875,294.1053466796875,294.1053466796875,294.1053466796875,0,0.0,0.0
2003-02-12 00:00:00+09:00,296.9468994140625,300.49889581853694,296.9468994140625,296.9468994140625,4500,0.0,0.0
2003-02-13 00:00:00+09:00,298.36771168428305,301.9197082519531,298.36771168428305,301.9197082519531,6900,0.0,0.0
2003-02-14 00:00:00+09:00,301.9197135747865,305.4717102050781,301.9197135747865,305.4717102050781,8400,0.0,0.0
2003-02-17 00:00:00+09:00,308.3133075093114,310.44450548748637,305.4717102050781,305.4717102050781,12100,0.0,0.0
2003-02-18 00:00:00+09:00,306.8925747575431,309.7341726719648,306.1821752789377,309.0237731933594,6800,0.0,0.0
2003-02-19 00:00:00+09:00,312.5757315197388,312.5757315197388,306.8925364011981,307.6029357910156,3600,0.0,0.0
2003-02-20 00:00:00+09:00,307.6029357910156,309.02373457065084,306.18213701138046,307.6029357910156,5500,0.0,0.0
2003-02-21 00:00:00+09:00,305.4717019339588,306.8925005476051,300.4989067861967,304.0509033203125,6300,0.0,0.0
2003-02-24 00:00:00+09:00,303.3404730561254,303.3404730561254,294.81568224424365,296.2364807128906,20000,0.0,0.0
2003-02-25 00:00:00+09:00,303.3405470481286,303.3405470481286,294.81575415684625,295.5261535644531,8500,0.0,0.0
2003-02-26 00:00:00+09:00,302.63007382180194,302.63007382180194,296.2364807128906,296.2364807128906,9600,0.0,0.0
2003-02-27 00:00:00+09:00,299.78856622605093,299.78856622605093,295.52616954985115,298.3677673339844,2600,0.0,0.0
2003-02-28 00:00:00+09:00,298.3677673339844,301.91976456415085,298.3677673339844,298.3677673339844,3300,0.0,0.0
2003-03-03 00:00:00+09:00,292.6844473825374,303.340434544523,292.6844473825374,302.6300354003906,17200,0.0,0.0
2003-03-04 00:00:00+09:00,305.4716319769201,305.4716319769201,302.6300354003906,302.6300354003906,1900,0.0,0.0
2003-03-05 00:00:00+09:00,302.63009924922426,302.63009924922426,300.4989013671875,300.4989013671875,2000,0.0,0.0
2003-03-06 00:00:00+09:00,305.47170481962314,305.47170481962314,298.36771168428305,301.9197082519531,3700,0.0,0.0
2003-03-07 00:00:00+09:00,294.8157379002247,301.9197315845675,291.2637410580533,292.6845397949219,9300,0.0,0.0
2003-03-10 00:00:00+09:00,291.26371351022885,295.5261093176956,289.1325156064955,290.5533142089844,6000,0.0,0.0
2003-03-11 00:00:00+09:00,289.132529628424,289.132529628424,285.58053294994215,287.71173095703125,3600,0.0,0.0
2003-03-12 00:00:00+09:00,284.15972900390625,290.55332290649415,284.15972900390625,284.15972900390625,5300,0.0,0.0
2003-03-13 00:00:00+09:00,284.1597068369092,290.55330024073965,284.1597068369092,285.58050537109375,1500,0.0,0.0
2003-03-14 00:00:00+09:00,282.73897665798074,287.7117727298548,282.73897665798074,287.0013732910156,21200,0.0,0.0
2003-03-17 00:00:00+09:00,287.00133223945113,287.00133223945113,279.8973388671875,279.8973388671875,6400,0.0,0.0
2003-03-18 00:00:00+09:00,280.6077783414633,287.0013732910156,277.7661805861067,287.0013732910156,22400,0.0,0.0
2003-03-19 00:00:00+09:00,287.00132629394534,287.00132629394534,284.15972900390625,284.15972900390625,2100,0.0,0.0
2003-03-20 00:00:00+09:00,285.58053294994215,289.132529628424,279.18693892867475,287.71173095703125,15200,0.0,0.0
2003-03-21 00:00:00+09:00,287.71173095703125,287.71173095703125,287.71173095703125,287.71173095703125,0,0.0,0.0
2003-03-24 00:00:00+09:00,288.4221860025265,299.7885775691285,279.1869928546623,297.6573791503906,15200,0.0,0.0
2003-03-25 00:00:00+09:00,301.20927535315496,301.20927535315496,291.97408530694975,296.2364807128906,7000,0.0,0.0
2003-03-26 00:00:00+09:00,298.3677673339844,298.3677673339844,293.3949712117513,298.3677673339844,4300,0.0,0.0
2003-03-27 00:00:00+09:00,287.7117756434849,298.3677673339844,287.7117756434849,298.3677673339844,5600,0.0,0.0
2003-03-28 00:00:00+09:00,301.20930066119973,301.20930066119973,296.94690489712616,300.4989013671875,5600,0.0,0.0
2003-03-31 00:00:00+09:00,300.49889295624524,301.9196915045017,291.2637023925781,291.2637023925781,4700,0.0,0.0
2003-04-01 00:00:00+09:00,291.2636860726263,296.2364807128906,290.5532868383028,296.2364807128906,1600,0.0,0.0
2003-04-02 00:00:00+09:00,289.1325233784897,299.78851318359375,289.1325233784897,299.78851318359375,2300,0.0,0.0
2003-04-03 00:00:00+09:00,299.78847688450804,299.78847688450804,293.3948837755967,296.2364807128906,2100,0.0,0.0
2003-04-04 00:00:00+09:00,299.78849653764206,299.78849653764206,296.2365001331676,296.9468994140625,3200,0.0,0.0
2003-04-07 00:00:00+09:00,298.36777862330325,298.36777862330325,292.68458284000224,297.6573791503906,1600,0.0,0.0
2003-04-08 00:00:00+09:00,294.10532731986797,295.52612600257265,291.97412929581094,293.3949279785156,2000,0.0,0.0
2003-04-09 00:00:00+09:00,293.3949084270648,300.4989013671875,293.3949084270648,300.4989013671875,6200,0.0,0.0
2003-04-10 00:00:00+09:00,300.49889864634315,300.49889864634315,294.8157043457031,294.8157043457031,1300,0.0,0.0
2003-04-11 00:00:00+09:00,295.526137268659,295.526137268659,291.9741404264876,292.6845397949219,2700,0.0,0.0
2003-04-14 00:00:00+09:00,292.68452630690587,298.36772099247685,287.71173095703125,287.71173095703125,4900,0.0,0.0
2003-04-15 00:00:00+09:00,291.2637728736514,299.78856622605093,288.4221750895182,298.3677673339844,3300,0.0,0.0
2003-04-16 00:00:00+09:00,288.4221860025265,298.36777862330325,288.4221860025265,297.6573791503906,7500,0.0,0.0
2003-04-17 00:00:00+09:00,298.36775119488055,298.36775119488055,294.81575415684625,295.5261535644531,1500,0.0,0.0
2003-04-18 00:00:00+09:00,298.36775119488055,298.36775119488055,291.263757118812,295.5261535644531,2700,0.0,0.0
2003-04-21 00:00:00+09:00,299.0780972567471,299.78849653764206,296.2365001331676,296.9468994140625,4700,0.0,0.0
2003-04-22 00:00:00+09:00,297.6573566790148,299.7885549368598,295.52615842116984,299.0781555175781,4000,0.0,0.0
2003-04-23 00:00:00+09:00,299.7885500100943,299.7885500100943,294.81575415684625,295.5261535644531,900,0.0,0.0
2003-04-24 00:00:00+09:00,296.23658020456537,297.6573791503906,295.52618073165274,297.6573791503906,2300,0.0,0.0
2003-04-25 00:00:00+09:00,299.78853347926463,299.78853347926463,292.6845397949219,292.6845397949219,7800,0.0,0.0
2003-04-28 00:00:00+09:00,291.2637666519503,291.97416608280867,288.4221689285166,289.132568359375,2900,0.0,0.0
2003-04-29 00:00:00+09:00,289.132568359375,289.132568359375,289.132568359375,289.132568359375,0,0.0,0.0
2003-04-30 00:00:00+09:00,298.3677347423961,298.3677347423961,287.71174421588194,292.6845397949219,6500,0.0,0.0
2003-05-01 00:00:00+09:00,288.4221750895182,298.3677673339844,288.4221750895182,298.3677673339844,3300,0.0,0.0
2003-05-02 00:00:00+09:00,289.84291490773995,297.657307221429,289.84291490773995,290.5533142089844,1300,0.0,0.0
2003-05-05 00:00:00+09:00,290.5533142089844,290.5533142089844,290.5533142089844,290.5533142089844,0,0.0,0.0
2003-05-06 00:00:00+09:00,291.9741833670896,298.36777862330325,291.9741833670896,297.6573791503906,4400,0.0,0.0
2003-05-07 00:00:00+09:00,298.36775119488055,298.36775119488055,295.5261535644531,295.5261535644531,1900,0.0,0.0
2003-05-08 00:00:00+09:00,289.1325156064955,294.1053107152067,289.1325156064955,290.5533142089844,10600,0.0,0.0
2003-05-09 00:00:00+09:00,296.9468799472141,296.9468799472141,290.5532868383028,296.2364807128906,6800,0.0,0.0
2003-05-12 00:00:00+09:00,296.23655297206,296.23655297206,294.81575415684625,295.5261535644531,22300,0.0,0.0
2003-05-13 00:00:00+09:00,298.3677673339844,299.0781667800176,294.8157701038179,298.3677673339844,8400,0.0,0.0
2003-05-14 00:00:00+09:00,296.94695237966687,299.0781506024874,294.81575415684625,295.5261535644531,7000,0.0,0.0
2003-05-15 00:00:00+09:00,296.2364807128906,299.0780776501845,296.2364807128906,296.2364807128906,3300,0.0,0.0
2003-05-16 00:00:00+09:00,297.6573566790148,299.0781555175781,296.94695725973315,299.0781555175781,2500,0.0,0.0
2003-05-19 00:00:00+09:00,298.36775609829647,299.0781555175781,296.2365578404515,299.0781555175781,4500,0.0,0.0
2003-05-20 00:00:00+09:00,299.0781555175781,299.0781555175781,299.0781555175781,299.0781555175781,2000,0.0,0.0
2003-05-21 00:00:00+09:00,299.07803967972876,304.76123283278775,299.07803967972876,302.6300354003906,3300,0.0,0.0
2003-05-22 00:00:00+09:00,302.6300354003906,304.05083368865536,298.3676405355964,302.6300354003906,4000,0.0,0.0
2003-05-23 00:00:00+09:00,307.602948548958,307.602948548958,298.36775609829647,299.0781555175781,3900,0.0,0.0
2003-05-26 00:00:00+09:00,301.9197082519531,301.9197082519531,301.9197082519531,301.9197082519531,700,0.0,0.0
2003-05-27 00:00:00+09:00,301.9197025874374,306.1820983886719,301.9197025874374,306.1820983886719,3200,0.0,0.0
2003-05-28 00:00:00+09:00,306.18216124035064,306.8925606863839,298.3677673339844,298.3677673339844,4300,0.0,0.0
2003-05-29 00:00:00+09:00,296.23651896632,308.3133075093114,296.23651896632,305.4717102050781,8000,0.0,0.0
2003-05-30 00:00:00+09:00,305.4716990884661,310.44449418990627,304.7612997882604,306.1820983886719,4000,0.0,0.0
2003-06-02 00:00:00+09:00,310.444533350286,313.28613090955633,307.6029357910156,307.6029357910156,8000,0.0,0.0
2003-06-03 00:00:00+09:00,312.57567252161283,313.28607177734375,309.0236762429581,313.28607177734375,6000,0.0,0.0
2003-06-04 00:00:00+09:00,316.8381266550975,318.2589254293356,310.44453217102597,315.4173278808594,2300,0.0,0.0
2003-06-05 00:00:00+09:00,308.31332097173555,312.57571711420195,308.31332097173555,310.44451904296875,4300,0.0,0.0
2003-06-06 00:00:00+09:00,308.3133013765817,317.5484924316406,308.3133013765817,317.5484924316406,8300,0.0,0.0
2003-06-09 00:00:00+09:00,316.1277272679784,316.1277272679784,312.57573033238316,315.4173278808594,2000,0.0,0.0
2003-06-10 00:00:00+09:00,316.1277770996094,316.83817659870965,311.15498060590767,316.1277770996094,5300,0.0,0.0
2003-06-11 00:00:00+09:00,316.83813295407924,316.83813295407924,309.73413894165594,311.1549377441406,4900,0.0,0.0
2003-06-12 00:00:00+09:00,313.9965128118342,316.83811021284623,312.5757141113281,312.5757141113281,6100,0.0,0.0
2003-06-13 00:00:00+09:00,316.1277211507161,319.6797180175781,314.7069224039713,319.6797180175781,18800,0.0,0.0
2003-06-16 00:00:00+09:00,319.6797292322783,319.6797292322783,313.28613464763276,318.9693298339844,7000,0.0,0.0
2003-06-17 00:00:00+09:00,313.28607177734375,315.41726954453657,312.57567252161283,313.28607177734375,5900,0.0,0.0
2003-06-18 00:00:00+09:00,313.28612365722654,323.23171488444007,312.57572428385413,319.6797180175781,18500,0.0,0.0
2003-06-19 00:00:00+09:00,323.23172622374807,323.23172622374807,316.12773224080854,318.9693298339844,5300,0.0,0.0
2003-06-20 00:00:00+09:00,312.5757414600381,316.127738522084,312.5757414600381,314.7069396972656,2200,0.0,0.0
2003-06-23 00:00:00+09:00,316.1277335528369,319.67973055904855,310.4445383428983,311.1549377441406,6500,0.0,0.0
2003-06-24 00:00:00+09:00,304.0509499443902,309.0237458546956,304.0509499443902,306.8925476074219,3600,0.0,0.0
2003-06-25 00:00:00+09:00,310.4445000143612,312.57569795496323,301.9197082519531,301.9197082519531,7300,0.0,0.0
2003-06-26 00:00:00+09:00,299.7885020731752,303.34049854323655,299.7885020731752,300.4989013671875,6100,0.0,0.0
2003-06-27 00:00:00+09:00,314.7069121620872,314.7069121620872,305.47172060879797,312.5757141113281,7800,0.0,0.0
2003-06-30 00:00:00+09:00,305.4716799643034,313.99647103307467,304.7612807085725,313.28607177734375,8500,0.0,0.0
2003-07-01 00:00:00+09:00,302.6301018876432,309.0236955894948,302.6301018876432,306.1820983886719,6000,0.0,0.0
2003-07-02 00:00:00+09:00,309.0237203288133,313.2861164712797,309.0237203288133,310.44451904296875,6400,0.0,0.0
2003-07-03 00:00:00+09:00,319.67970761385834,319.67970761385834,312.5757141113281,312.5757141113281,19500,0.0,0.0
2003-07-04 00:00:00+09:00,310.4445446862115,314.706941180759,306.8925476074219,306.8925476074219,5300,0.0,0.0
2003-07-07 00:00:00+09:00,312.57567252161283,317.5484673117294,309.73407549868904,313.28607177734375,5200,0.0,0.0
2003-07-08 00:00:00+09:00,319.6797745951106,322.5213725915116,316.1277770996094,316.1277770996094,9700,0.0,0.0
2003-07-09 00:00:00+09:00,318.2589755969101,318.2589755969101,315.41737760050916,316.1277770996094,3700,0.0,0.0
2003-07-10 00:00:00+09:00,312.5756972481474,319.67969036742346,312.5756972481474,317.5484924316406,10400,0.0,0.0
2003-07-11 00:00:00+09:00,323.23172188217126,331.7565145471956,321.1005237159152,328.9149169921875,34500,0.0,0.0
2003-07-14 00:00:00+09:00,344.5436652501424,344.5436652501424,336.0188735326131,340.9916687011719,16500,0.0,0.0
2003-07-15 00:00:00+09:00,337.43971158491325,340.991708548965,330.33571765680983,334.5981140136719,19800,0.0,0.0
2003-07-16 00:00:00+09:00,340.991708548965,340.991708548965,333.8877146208615,334.5981140136719,7400,0.0,0.0
2003-07-17 00:00:00+09:00,333.88765914849773,333.88765914849773,321.10047220238505,322.5212707519531,8000,0.0,0.0
2003-07-18 00:00:00+09:00,319.6796650789222,323.2316613575769,312.57567252161283,313.28607177734375,16000,0.0,0.0
2003-07-21 00:00:00+09:00,313.28607177734375,313.28607177734375,313.28607177734375,313.28607177734375,0,0.0,0.0
2003-07-22 00:00:00+09:00,306.1821009607684,311.86529541015625,306.1821009607684,311.86529541015625,7700,0.0,0.0
2003-07-23 00:00:00+09:00,312.57577960410816,316.1277770996094,309.02378210860695,316.1277770996094,7000,0.0,0.0
2003-07-24 00:00:00+09:00,323.23169827995815,324.6524969537162,316.8381042480469,316.8381042480469,6300,0.0,0.0
2003-07-25 00:00:00+09:00,323.9420865960077,323.9420865960077,309.7341003417969,309.7341003417969,8300,0.0,0.0
2003-07-28 00:00:00+09:00,320.39017409421086,320.39017409421086,312.57577960410816,316.1277770996094,4000,0.0,0.0
2003-07-29 00:00:00+09:00,323.9420976168372,323.9420976168372,316.8381042480469,316.8381042480469,9800,0.0,0.0
2003-07-30 00:00:00+09:00,320.3901286305723,320.3901286305723,313.9965340459267,318.9693298339844,6100,0.0,0.0
2003-07-31 00:00:00+09:00,319.67972541791465,319.67972541791465,307.6029357910156,307.6029357910156,8900,0.0,0.0
2003-08-01 00:00:00+09:00,309.02369818546237,318.25888916571756,309.02369818546237,311.86529541015625,5400,0.0,0.0
2003-08-04 00:00:00+09:00,318.25888916571756,318.25888916571756,309.73409749163585,311.86529541015625,3900,0.0,0.0
2003-08-05 00:00:00+09:00,309.0237731933594,311.15497162917563,309.0237731933594,309.0237731933594,13600,0.0,0.0
2003-08-06 00:00:00+09:00,309.0236955894948,309.0236955894948,302.6301018876432,306.1820983886719,8300,0.0,0.0
2003-08-07 00:00:00+09:00,302.6300354003906,304.76123283278775,302.6300354003906,302.6300354003906,2000,0.0,0.0
2003-08-08 00:00:00+09:00,301.919699955212,306.1820957192856,300.4989013671875,300.4989013671875,5200,0.0,0.0
2003-08-11 00:00:00+09:00,300.4989096248851,301.9197082519531,298.36771168428305,301.9197082519531,2700,0.0,0.0
2003-08-12 00:00:00+09:00,304.7613055060891,304.7613055060891,301.2093089384191,301.9197082519531,2500,0.0,0.0
2003-08-13 00:00:00+09:00,301.9197135747865,305.4717102050781,300.4989149226699,305.4717102050781,3300,0.0,0.0
2003-08-14 00:00:00+09:00,311.8653177571242,313.9965158283574,310.44451904296875,310.44451904296875,15100,0.0,0.0
2003-08-15 00:00:00+09:00,319.6797180175781,319.6797180175781,319.6797180175781,319.6797180175781,12500,0.0,0.0
2003-08-18 00:00:00+09:00,312.57572428385413,319.6797180175781,312.57572428385413,319.6797180175781,8800,0.0,0.0
2003-08-19 00:00:00+09:00,319.67969036742346,319.67969036742346,317.5484924316406,317.5484924316406,3700,0.0,0.0
2003-08-20 00:00:00+09:00,312.57577960410816,317.54857609780987,312.57577960410816,316.1277770996094,9200,0.0,0.0
2003-08-21 00:00:00+09:00,313.99647945454467,322.5212707519531,313.99647945454467,322.5212707519531,5600,0.0,0.0
2003-08-22 00:00:00+09:00,321.8109056646174,325.36290241588244,311.8653147610751,312.5757141113281,18200,0.0,0.0
2003-08-25 00:00:00+09:00,322.52132175204986,322.52132175204986,314.7069284937403,315.4173278808594,4800,0.0,0.0
2003-08-26 00:00:00+09:00,312.57568631853377,318.96927990232194,312.57568631853377,318.2588806152344,3300,0.0,0.0
2003-08-27 00:00:00+09:00,318.2588665674603,318.9692658231913,313.28607177734375,313.28607177734375,7500,0.0,0.0
2003-08-28 00:00:00+09:00,319.67972420357364,319.67972420357364,315.4173278808594,315.4173278808594,6800,0.0,0.0
2003-08-29 00:00:00+09:00,316.83817659870965,320.39017409421086,313.2861791032084,316.1277770996094,7300,0.0,0.0
2003-09-01 00:00:00+09:00,323.2316672828057,324.6524658203125,316.1276745952715,324.6524658203125,12300,0.0,0.0
2003-09-02 00:00:00+09:00,327.494090735394,330.33568805197007,326.78369140625,326.78369140625,12200,0.0,0.0
2003-09-03 00:00:00+09:00,326.7837200333587,327.4941194247356,317.5485279454594,321.10052490234375,46700,0.0,0.0
2003-09-04 00:00:00+09:00,326.07326435781937,330.33565997033986,324.6524658203125,324.6524658203125,5900,0.0,0.0
2003-09-05 00:00:00+09:00,328.9148698528348,329.62526913977393,324.65247413119977,326.0732727050781,44300,0.0,0.0
2003-09-08 00:00:00+09:00,323.23174547793263,333.8877370870952,323.23174547793263,333.1773376464844,7600,0.0,0.0
2003-09-09 00:00:00+09:00,333.88769306661766,334.5980924135679,326.7836995971151,328.2044982910156,12300,0.0,0.0
2003-09-10 00:00:00+09:00,331.7564502765181,331.7564502765181,326.78365551862595,331.0460510253906,12200,0.0,0.0
2003-09-11 00:00:00+09:00,333.1772937196674,333.1772937196674,327.4940989440654,328.2044982910156,9400,0.0,0.0
2003-09-12 00:00:00+09:00,328.20450345351816,333.17729896038963,328.20450345351816,331.7565002441406,18900,0.0,0.0
2003-09-15 00:00:00+09:00,331.7565002441406,331.7565002441406,331.7565002441406,331.7565002441406,0,0.0,0.0
2003-09-16 00:00:00+09:00,334.59809767663864,339.5708931835101,328.91490281164266,331.7565002441406,3300,0.0,0.0
2003-09-17 00:00:00+09:00,331.75646139165406,331.75646139165406,327.4940657420825,330.3356628417969,11600,0.0,0.0
2003-09-18 00:00:00+09:00,332.46692074046416,339.5709147733801,330.3357225305894,338.1501159667969,13700,0.0,0.0
2003-09-19 00:00:00+09:00,340.99170539952536,340.99170539952536,333.8877115370352,336.72930908203125,6800,0.0,0.0
2003-09-22 00:00:00+09:00,340.9916940789474,340.9916940789474,333.8877004523026,337.439697265625,9100,0.0,0.0
2003-09-23 00:00:00+09:00,337.439697265625,337.439697265625,337.439697265625,337.439697265625,0,0.0,0.0
2003-09-24 00:00:00+09:00,340.9917066009719,340.9917066009719,328.9149169921875,328.9149169921875,12300,0.0,0.0
2003-09-25 00:00:00+09:00,332.46687185353244,332.46687185353244,326.7836774628738,329.6252746582031,5600,0.0,0.0
2003-09-26 00:00:00+09:00,327.4940657420825,333.8876592164399,326.7836664671539,330.3356628417969,9000,0.0,0.0
2003-09-29 00:00:00+09:00,328.2044982910156,333.88769306661766,326.7836995971151,328.2044982910156,5400,0.0,0.0
2003-09-30 00:00:00+09:00,328.9148532720083,332.46684952764554,328.9148532720083,331.0460510253906,8800,0.0,0.0
2003-10-01 00:00:00+09:00,331.0461201464009,333.88771774422406,331.0461201464009,332.4669189453125,6900,0.0,0.0
2003-10-02 00:00:00+09:00,332.46686066658265,332.46686066658265,326.7836664671539,330.3356628417969,8400,0.0,0.0
2003-10-03 00:00:00+09:00,328.2045156625601,330.33571381621306,323.2317199707031,323.2317199707031,20900,0.0,0.0
2003-10-06 00:00:00+09:00,324.65247956637677,329.6252746582031,323.2316809687121,329.6252746582031,9100,0.0,0.0
2003-10-07 00:00:00+09:00,329.62529698491613,329.62529698491613,319.67970612761263,328.2044982910156,17600,0.0,0.0
2003-10-08 00:00:00+09:00,328.2045400623644,328.91493949972886,323.9421434381779,327.494140625,6800,0.0,0.0
2003-10-09 00:00:00+09:00,326.0733002501649,329.62529698491613,325.36290090321467,328.2044982910156,5300,0.0,0.0
2003-10-10 00:00:00+09:00,324.65247956637677,329.6252746582031,319.67968447455047,329.6252746582031,13400,0.0,0.0
2003-10-13 00:00:00+09:00,329.6252746582031,329.6252746582031,329.6252746582031,329.6252746582031,0,0.0,0.0
2003-10-14 00:00:00+09:00,331.7565094393934,331.7565094393934,323.2317169056189,325.3629150390625,11200,0.0,0.0
2003-10-15 00:00:00+09:00,326.0732727050781,328.9148698528348,323.2316755573214,326.0732727050781,13300,0.0,0.0
2003-10-16 00:00:00+09:00,325.36289274796195,328.9148893936821,325.36289274796195,326.78369140625,8100,0.0,0.0
2003-10-17 00:00:00+09:00,328.2045176034355,331.04611515844357,326.0733194371794,328.9149169921875,13000,0.0,0.0
2003-10-20 00:00:00+09:00,331.75646139165406,332.46686066658265,329.6252635668683,330.3356628417969,8100,0.0,0.0
2003-10-21 00:00:00+09:00,329.6252635668683,331.75646139165406,329.6252635668683,330.3356628417969,12700,0.0,0.0
2003-10-22 00:00:00+09:00,333.88775634765625,335.30855531083773,333.17735686606545,333.88775634765625,19000,0.0,0.0
2003-10-23 00:00:00+09:00,334.5980584913685,336.01885704122566,327.4940657420825,330.3356628417969,25700,0.0,0.0
2003-10-24 00:00:00+09:00,334.598155829247,334.598155829247,329.6253594581117,333.88775634765625,19400,0.0,0.0
2003-10-27 00:00:00+09:00,334.5981171436799,336.72931534204724,332.4669189453125,332.4669189453125,12300,0.0,0.0
2003-10-28 00:00:00+09:00,331.04613932465185,333.8877370870952,331.04613932465185,333.1773376464844,8400,0.0,0.0
2003-10-29 00:00:00+09:00,336.7293542740193,337.43975375561,331.0461584212932,333.88775634765625,9800,0.0,0.0
2003-10-30 00:00:00+09:00,333.8877146208615,335.30851340648223,333.8877146208615,334.5981140136719,11600,0.0,0.0
2003-10-31 00:00:00+09:00,333.88769831851414,333.88769831851414,331.0461008860161,331.7565002441406,6100,0.0,0.0
2003-11-03 00:00:00+09:00,331.7565002441406,331.7565002441406,331.7565002441406,331.7565002441406,0,0.0,0.0
2003-11-04 00:00:00+09:00,336.01893540892775,336.01893540892775,330.335739884041,333.1773376464844,7300,0.0,0.0
2003-11-05 00:00:00+09:00,330.33572074694507,333.88771774422406,330.33572074694507,332.4669189453125,5600,0.0,0.0
2003-11-06 00:00:00+09:00,333.17725994151124,334.5980584913685,330.3356628417969,330.3356628417969,3300,0.0,0.0
2003-11-07 00:00:00+09:00,331.04613932465185,333.8877370870952,330.335739884041,333.1773376464844,7300,0.0,0.0
2003-11-10 00:00:00+09:00,333.88764802990045,335.3084465321553,330.33565177426317,331.0460510253906,5900,0.0,0.0
2003-11-11 00:00:00+09:00,328.2044650170111,334.5980584913685,326.7836664671539,330.3356628417969,8000,0.0,0.0
2003-11-12 00:00:00+09:00,331.75646700059144,331.75646700059144,326.0732727050781,326.0732727050781,7700,0.0,0.0
2003-11-13 00:00:00+09:00,326.7836774628738,329.6252746582031,326.7836774628738,329.6252746582031,4000,0.0,0.0
2003-11-14 00:00:00+09:00,330.33565177426317,333.88764802990045,330.33565177426317,331.0460510253906,5300,0.0,0.0
2003-11-17 00:00:00+09:00,331.75646700059144,331.75646700059144,325.3628734181389,326.0732727050781,3500,0.0,0.0
2003-11-18 00:00:00+09:00,323.23174420525044,323.9421436430642,309.73415488678944,313.9965515136719,8500,0.0,0.0
2003-11-19 00:00:00+09:00,311.8653177571242,316.1277138995906,309.0237203288133,310.44451904296875,10900,0.0,0.0
2003-11-20 00:00:00+09:00,311.8653298178872,323.2317199707031,311.8653298178872,323.2317199707031,15800,0.0,0.0
2003-11-21 00:00:00+09:00,319.67969036742346,333.88767660597557,317.5484924316406,317.5484924316406,47300,0.0,0.0
2003-11-24 00:00:00+09:00,317.5484924316406,317.5484924316406,317.5484924316406,317.5484924316406,0,0.0,0.0
2003-11-25 00:00:00+09:00,324.8484691273082,324.8484691273082,319.00849664861505,321.198486328125,13200,12.0,0.0
2003-11-26 00:00:00+09:00,325.5784446494425,326.3084411621094,321.9284620861079,326.3084411621094,8000,0.0,0.0
2003-11-27 00:00:00+09:00,322.658463320224,325.57844941361964,319.73847722682825,321.928466796875,4400,0.0,0.0
2003-11-28 00:00:00+09:00,329.2284336654906,329.2284336654906,320.4684753417969,320.4684753417969,9000,0.0,0.0
2003-12-01 00:00:00+09:00,309.51852743717967,321.1984718687714,309.51852743717967,320.4684753417969,4800,0.0,0.0
2003-12-02 00:00:00+09:00,319.7384788148224,321.1984718687714,318.2784857608734,320.4684753417969,4400,0.0,0.0
2003-12-03 00:00:00+09:00,313.8985523241296,320.46852202393694,312.4385590575057,319.738525390625,7100,0.0,0.0
2003-12-04 00:00:00+09:00,312.43854845148314,316.81852810267213,311.70855184295164,316.0885314941406,4200,0.0,0.0
2003-12-05 00:00:00+09:00,313.8985757894449,313.8985757894449,310.2485923500328,313.1685791015625,2200,0.0,0.0
2003-12-08 00:00:00+09:00,310.248494490482,310.248494490482,305.1385192871094,305.1385192871094,46600,0.0,0.0
2003-12-09 00:00:00+09:00,305.86854157357845,311.70851372772796,305.86854157357845,309.5185241699219,4300,0.0,0.0
2003-12-10 00:00:00+09:00,310.24852068919057,311.70851372772796,307.32853461211585,309.5185241699219,6000,0.0,0.0
2003-12-11 00:00:00+09:00,307.32859896705264,312.438575671968,306.5986022949219,306.5986022949219,9200,0.0,0.0
2003-12-12 00:00:00+09:00,306.59852986163406,308.05852286097513,297.83857186558737,302.94854736328125,25500,0.0,0.0
2003-12-15 00:00:00+09:00,299.2985679459398,306.59853301779196,297.8385749315694,300.028564453125,21000,0.0,0.0
2003-12-16 00:00:00+09:00,299.2986127242301,302.9485958062329,297.838619491429,300.75860595703125,7100,0.0,0.0
2003-12-17 00:00:00+09:00,302.2185864436889,302.2185864436889,297.10861034439944,298.568603515625,9400,0.0,0.0
2003-12-18 00:00:00+09:00,301.4886025734318,301.4886025734318,298.56861610782954,300.75860595703125,12200,0.0,0.0
2003-12-19 00:00:00+09:00,299.2986489281866,300.0286456328895,295.6486654046721,296.378662109375,6700,0.0,0.0
2003-12-22 00:00:00+09:00,291.9986267089844,292.72862327575683,289.808637008667,291.9986267089844,20000,0.0,0.0
2003-12-23 00:00:00+09:00,291.9986267089844,291.9986267089844,291.9986267089844,291.9986267089844,0,0.0,0.0
2003-12-24 00:00:00+09:00,292.72866631974057,298.5686397126531,291.99866964562653,294.18865966796875,14500,0.0,0.0
2003-12-25 00:00:00+09:00,291.2686173369362,291.99861387161525,288.34863119822006,289.8086242675781,25800,0.0,0.0
2003-12-26 00:00:00+09:00,286.1586858854821,291.9986590668185,286.1586858854821,290.5386657714844,7300,0.0,0.0
2003-12-29 00:00:00+09:00,298.56863890148344,308.7885923113142,295.64865221296037,306.5986022949219,23600,0.0,0.0
2003-12-30 00:00:00+09:00,313.8985416685461,316.81852810267213,313.1685450600146,316.0885314941406,12200,0.0,0.0
2003-12-31 00:00:00+09:00,316.0885314941406,316.0885314941406,316.0885314941406,316.0885314941406,0,0.0,0.0
2004-01-01 00:00:00+09:00,316.0885314941406,316.0885314941406,316.0885314941406,316.0885314941406,0,0.0,0.0
2004-01-02 00:00:00+09:00,316.0885314941406,316.0885314941406,316.0885314941406,316.0885314941406,0,0.0,0.0
2004-01-05 00:00:00+09:00,313.8985700936153,319.0085468160695,313.8985700936153,317.5485534667969,4000,0.0,0.0
2004-01-06 00:00:00+09:00,318.2784744473646,328.49842546172954,316.0884849442864,316.8184814453125,5100,0.0,0.0
2004-01-07 00:00:00+09:00,310.24851754447013,319.0084756869022,310.24851754447013,312.4385070800781,8800,0.0,0.0
2004-01-08 00:00:00+09:00,309.51859566215035,315.3585691652098,309.51859566215035,313.1685791015625,5100,0.0,0.0
2004-01-09 00:00:00+09:00,309.5185210326008,314.6284966156862,309.5185210326008,312.4385070800781,7700,0.0,0.0
2004-01-12 00:00:00+09:00,312.4385070800781,312.4385070800781,312.4385070800781,312.4385070800781,0,0.0,0.0
2004-01-13 00:00:00+09:00,314.6285436125494,318.2785267171033,310.2485638870847,311.70855712890625,13400,0.0,0.0
2004-01-14 00:00:00+09:00,311.70851372772796,313.898503285534,308.05853113138454,309.5185241699219,10800,0.0,0.0
2004-01-15 00:00:00+09:00,313.1685723440988,317.5485523768834,306.5986022949219,306.5986022949219,9100,0.0,0.0
2004-01-16 00:00:00+09:00,313.8984400789503,313.8984400789503,310.24845821756713,310.97845458984375,7600,0.0,0.0
2004-01-19 00:00:00+09:00,313.1685791015625,315.3585691652098,311.70858572579766,313.1685791015625,12000,0.0,0.0
2004-01-20 00:00:00+09:00,313.898503285534,313.898503285534,308.05853113138454,309.5185241699219,5100,0.0,0.0
2004-01-21 00:00:00+09:00,311.70845096212037,313.8984400789503,310.97845458984375,310.97845458984375,10900,0.0,0.0
2004-01-22 00:00:00+09:00,313.1685213694853,313.8985179227941,310.24853515625,310.24853515625,13900,0.0,0.0
2004-01-23 00:00:00+09:00,310.2485488854294,310.2485488854294,294.1886240019483,298.568603515625,67400,0.0,0.0
2004-01-26 00:00:00+09:00,299.2985549627566,300.02855143827554,296.37856906068095,297.83856201171875,33400,0.0,0.0
2004-01-27 00:00:00+09:00,300.75855786426956,303.6785438629518,300.028561364599,302.94854736328125,13500,0.0,0.0
2004-01-28 00:00:00+09:00,300.75861484281774,307.3285845845298,299.2986215668817,305.86859130859375,23600,0.0,0.0
2004-01-29 00:00:00+09:00,305.8685529011052,305.8685529011052,299.298583984375,299.298583984375,8000,0.0,0.0
2004-01-30 00:00:00+09:00,297.1086120605469,300.75859500969364,297.1086120605469,297.1086120605469,15400,0.0,0.0
2004-02-02 00:00:00+09:00,304.40858903903404,305.1385856554346,300.0286093406307,300.75860595703125,7900,0.0,0.0
2004-02-03 00:00:00+09:00,304.40858903903404,304.40858903903404,300.75860595703125,300.75860595703125,4600,0.0,0.0
2004-02-04 00:00:00+09:00,300.7585479137944,300.7585479137944,297.83856201171875,297.83856201171875,11300,0.0,0.0
2004-02-05 00:00:00+09:00,300.0285984198643,300.0285984198643,297.1086120605469,297.1086120605469,8300,0.0,0.0
2004-02-06 00:00:00+09:00,297.83856201171875,299.2985549627566,297.1085655361999,297.83856201171875,7600,0.0,0.0
2004-02-09 00:00:00+09:00,299.29860010123775,300.7585932724633,297.8386069300122,298.568603515625,4700,0.0,0.0
2004-02-10 00:00:00+09:00,299.2985679459398,301.48855746749547,298.5685714387546,300.028564453125,7400,0.0,0.0
2004-02-11 00:00:00+09:00,300.028564453125,300.028564453125,300.028564453125,300.028564453125,0,0.0,0.0
2004-02-12 00:00:00+09:00,300.02859668685056,302.94858302930163,298.568603515625,298.568603515625,8500,0.0,0.0
2004-02-13 00:00:00+09:00,305.13855635480184,305.13855635480184,298.56858743807163,299.298583984375,8500,0.0,0.0
2004-02-16 00:00:00+09:00,298.56861610782954,301.4886025734318,297.838619491429,300.75860595703125,6700,0.0,0.0
2004-02-17 00:00:00+09:00,300.75856096031026,303.67854698905114,298.5685714387546,300.028564453125,6600,0.0,0.0
2004-02-18 00:00:00+09:00,302.9485795803855,302.9485795803855,299.29859669387486,301.48858642578125,2200,0.0,0.0
2004-02-19 00:00:00+09:00,302.2185334566107,306.59851220235873,302.2185334566107,305.1385192871094,12100,0.0,0.0
2004-02-20 00:00:00+09:00,311.70851372772796,311.70851372772796,305.13854505430976,309.5185241699219,29100,0.0,0.0
2004-02-23 00:00:00+09:00,308.7885437011719,311.70852993002455,306.59855402953235,308.7885437011719,12700,0.0,0.0
2004-02-24 00:00:00+09:00,305.13859467062576,306.59858794656174,302.94860475672175,305.86859130859375,35500,0.0,0.0
2004-02-25 00:00:00+09:00,306.5984975691322,306.5984975691322,302.94851545521396,304.40850830078125,13100,0.0,0.0
2004-02-26 00:00:00+09:00,303.67860139468974,305.86859130859375,303.67860139468974,305.86859130859375,8000,0.0,0.0
2004-02-27 00:00:00+09:00,305.86854314578085,308.05853271484375,303.678553576718,308.05853271484375,15800,0.0,0.0
2004-03-01 00:00:00+09:00,304.4084872393541,311.70845096212037,304.4084872393541,310.97845458984375,11700,0.0,0.0
2004-03-02 00:00:00+09:00,312.438553749817,313.89854699163857,308.78857064526306,311.70855712890625,17000,0.0,0.0
2004-03-03 00:00:00+09:00,313.1685230444509,313.8985196016641,308.7885437011719,308.7885437011719,7800,0.0,0.0
2004-03-04 00:00:00+09:00,312.43851989604485,315.35850606329757,310.2485302706053,314.6285095214844,11900,0.0,0.0
2004-03-05 00:00:00+09:00,319.00851792826666,321.1985077538611,316.0885314941406,316.0885314941406,12400,0.0,0.0
2004-03-08 00:00:00+09:00,319.738525390625,319.738525390625,316.08854222406535,319.738525390625,12100,0.0,0.0
2004-03-09 00:00:00+09:00,320.46852754663536,320.46852754663536,312.43856444182217,315.3585510253906,11900,0.0,0.0
2004-03-10 00:00:00+09:00,318.2784729003906,320.4684623928245,316.08848340795674,318.2784729003906,6300,0.0,0.0
2004-03-11 00:00:00+09:00,318.2784729003906,319.00846939786857,314.6284904130008,318.2784729003906,9400,0.0,0.0
2004-03-12 00:00:00+09:00,316.8184814453125,318.2784744473646,315.35848844326034,316.8184814453125,19000,0.0,0.0
2004-03-15 00:00:00+09:00,318.2785126490195,324.84848194682036,318.2785126490195,323.38848876953125,9600,0.0,0.0
2004-03-16 00:00:00+09:00,324.84845770613214,337.9883953212116,324.84845770613214,331.4184265136719,26200,0.0,0.0
2004-03-17 00:00:00+09:00,335.0684473684488,339.44842707261154,335.0684473684488,337.9884338378906,15600,0.0,0.0
2004-03-18 00:00:00+09:00,340.1784326431599,350.39838555518617,337.98844273343997,343.0984191894531,30700,0.0,0.0
2004-03-19 00:00:00+09:00,343.0983990665086,346.0183854415427,332.14845016013066,334.33843994140625,21900,0.0,0.0
2004-03-22 00:00:00+09:00,335.79840087890625,335.79840087890625,329.2284321660581,335.79840087890625,12400,0.0,0.0
2004-03-23 00:00:00+09:00,329.95838577637784,338.71834292088346,329.95838577637784,333.6083679199219,14900,0.0,0.0
2004-03-24 00:00:00+09:00,335.79840087890625,339.4483834971552,332.87841478430704,335.79840087890625,10600,0.0,0.0
2004-03-25 00:00:00+09:00,340.17837682263604,340.17837682263604,332.8784116547683,338.7183837890625,20900,0.0,0.0
2004-03-26 00:00:00+09:00,340.1784126914745,340.1784126914745,334.33843994140625,334.33843994140625,10700,0.0,0.0
2004-03-29 00:00:00+09:00,334.3384507510884,337.9884338378906,334.3384507510884,337.9884338378906,6000,0.0,0.0
2004-03-30 00:00:00+09:00,335.7984331289233,335.7984331289233,334.33843994140625,334.33843994140625,4400,0.0,0.0
2004-03-31 00:00:00+09:00,330.6884535752333,337.2584228515625,330.6884535752333,337.2584228515625,17200,0.0,0.0
2004-04-01 00:00:00+09:00,340.17838002080504,340.17838002080504,335.06840435525646,335.79840087890625,10500,0.0,0.0
2004-04-02 00:00:00+09:00,335.7984331289233,335.7984331289233,330.6884569726136,334.33843994140625,9000,0.0,0.0
2004-04-05 00:00:00+09:00,336.52839740255604,339.4483834971552,334.3384078316067,335.79840087890625,11300,0.0,0.0
2004-04-06 00:00:00+09:00,335.7984762129711,338.71846296264914,334.3384828381321,336.5284729003906,8100,0.0,0.0
2004-04-07 00:00:00+09:00,337.2584372205302,339.44842707261154,335.7984439858093,337.9884338378906,7600,0.0,0.0
2004-04-08 00:00:00+09:00,337.25842019786006,352.5883483886719,337.25842019786006,352.5883483886719,30300,0.0,0.0
2004-04-09 00:00:00+09:00,359.1583414198477,359.1583414198477,343.09841558400086,346.0184020996094,32100,0.0,0.0
2004-04-12 00:00:00+09:00,375.94819259643555,383.2481575012207,375.2181961059571,379.5981750488281,45400,0.0,0.0
2004-04-13 00:00:00+09:00,386.89819559919727,399.30813772219034,386.89819559919727,397.84814453125,44500,0.0,0.0
2004-04-14 00:00:00+09:00,393.4681988220779,397.11818211356285,391.27820884718693,394.9281921386719,32000,0.0,0.0
2004-04-15 00:00:00+09:00,397.84813522849385,401.49811812049836,390.5481694444848,392.7381591796875,38600,0.0,0.0
2004-04-16 00:00:00+09:00,397.118096271107,397.118096271107,386.89814526412994,389.088134765625,10200,0.0,0.0
2004-04-19 00:00:00+09:00,386.8981399536133,386.8981399536133,370.10822067260744,379.5981750488281,14300,0.0,0.0
2004-04-20 00:00:00+09:00,366.45823969896236,378.8681800871742,364.9982467121139,378.13818359375,9500,0.0,0.0
2004-04-21 00:00:00+09:00,394.19811342524224,394.19811342524224,379.5981832983814,386.16815185546875,17100,0.0,0.0
2004-04-22 00:00:00+09:00,386.8981399536133,386.8981399536133,379.5981750488281,379.5981750488281,16000,0.0,0.0
2004-04-23 00:00:00+09:00,386.8981399536133,386.8981399536133,376.6781890869141,379.5981750488281,14900,0.0,0.0
2004-04-26 00:00:00+09:00,378.8681670253717,378.8681670253717,365.7282305967461,375.94818115234375,6200,0.0,0.0
2004-04-27 00:00:00+09:00,375.2181961059571,379.5981750488281,367.1882347106934,379.5981750488281,13500,0.0,0.0
2004-04-28 00:00:00+09:00,368.648260545361,381.05820198946225,368.648260545361,376.67822265625,16900,0.0,0.0
2004-04-29 00:00:00+09:00,376.67822265625,376.67822265625,376.67822265625,376.67822265625,0,0.0,0.0
2004-04-30 00:00:00+09:00,375.2182022333145,375.2182022333145,362.0782651901245,373.7582092285156,20500,0.0,0.0
2004-05-03 00:00:00+09:00,373.7582092285156,373.7582092285156,373.7582092285156,373.7582092285156,0,0.0,0.0
2004-05-04 00:00:00+09:00,373.7582092285156,373.7582092285156,373.7582092285156,373.7582092285156,0,0.0,0.0
2004-05-05 00:00:00+09:00,373.7582092285156,373.7582092285156,373.7582092285156,373.7582092285156,0,0.0,0.0
2004-05-06 00:00:00+09:00,373.75822529354207,383.2481802326359,364.9982668882247,373.0282287597656,18500,0.0,0.0
2004-05-07 00:00:00+09:00,365.7282523053437,373.0282174212188,365.7282523053437,369.37823486328125,5700,0.0,0.0
2004-05-10 00:00:00+09:00,371.56823409231083,372.29823062294406,357.6983000102796,360.6182861328125,35300,0.0,0.0
2004-05-11 00:00:00+09:00,346.01837916403827,354.7783381302164,346.01837916403827,352.5883483886719,16200,0.0,0.0
2004-05-12 00:00:00+09:00,359.8883073422185,359.8883073422185,343.0983863100258,358.4283142089844,17400,0.0,0.0
2004-05-13 00:00:00+09:00,347.47835809858014,355.5083201554801,346.0183649973256,351.85833740234375,8800,0.0,0.0
2004-05-14 00:00:00+09:00,352.58839321924637,357.69836993256877,351.85839654591456,353.3183898925781,11600,0.0,0.0
2004-05-17 00:00:00+09:00,343.828412212903,352.58837175972855,343.09841558400086,346.0184020996094,33300,0.0,0.0
2004-05-18 00:00:00+09:00,342.3684029990749,348.9383723530017,342.3684029990749,346.7483825683594,8400,0.0,0.0
2004-05-19 00:00:00+09:00,350.39833470394734,360.6182861328125,350.39833470394734,360.6182861328125,5900,0.0,0.0
2004-05-20 00:00:00+09:00,350.39836102221386,363.5382995605469,350.39836102221386,363.5382995605469,10200,0.0,0.0
2004-05-21 00:00:00+09:00,363.5383157096878,363.5383157096878,354.0483596771056,362.8083190917969,8100,0.0,0.0
2004-05-24 00:00:00+09:00,362.8082772868953,375.21821836109496,361.3482842193424,373.0282287597656,14000,0.0,0.0
2004-05-25 00:00:00+09:00,375.94820030062806,375.94820030062806,365.7282492244945,372.2982177734375,5900,0.0,0.0
2004-05-26 00:00:00+09:00,365.7282492244945,372.2982177734375,365.7282492244945,372.2982177734375,9100,0.0,0.0
2004-05-27 00:00:00+09:00,372.29828610363234,372.29828610363234,366.45831298828125,366.45831298828125,8900,0.0,0.0
2004-05-28 00:00:00+09:00,366.45836789589225,372.29834188626506,364.99837439829906,370.8383483886719,9400,0.0,0.0
2004-05-31 00:00:00+09:00,370.83822788645625,370.83822788645625,366.4582488169312,369.37823486328125,3100,0.0,0.0
2004-06-01 00:00:00+09:00,370.8382179397858,370.8382179397858,362.80825652770386,364.26824951171875,3100,0.0,0.0
2004-06-02 00:00:00+09:00,367.91829183430013,367.91829183430013,361.3483223372591,365.7283020019531,4800,0.0,0.0
2004-06-03 00:00:00+09:00,357.69832857193484,362.07830810546875,357.69832857193484,362.07830810546875,6400,0.0,0.0
2004-06-04 00:00:00+09:00,372.29826793104115,372.29826793104115,354.77834944016865,368.6482849121094,11500,0.0,0.0
2004-06-07 00:00:00+09:00,375.948227759929,381.78820022998616,370.838251848629,375.2182312011719,28100,0.0,0.0
2004-06-08 00:00:00+09:00,379.59818602550644,379.59818602550644,367.1882453285187,369.37823486328125,11900,0.0,0.0
2004-06-09 00:00:00+09:00,375.94819259643555,379.5981750488281,369.3782241821289,379.5981750488281,10300,0.0,0.0
2004-06-10 00:00:00+09:00,379.5982233929219,379.5982233929219,370.10826780809884,377.4082336425781,9400,0.0,0.0
2004-06-11 00:00:00+09:00,381.7882131432657,381.7882131432657,375.21824389223434,377.4082336425781,28700,0.0,0.0
2004-06-14 00:00:00+09:00,377.40821921178537,378.8682123228561,369.37825710089635,376.67822265625,7900,0.0,0.0
2004-06-15 00:00:00+09:00,379.5981959292763,379.5981959292763,372.29823062294406,374.48822021484375,8600,0.0,0.0
2004-06-16 00:00:00+09:00,375.2182312011719,378.8682139949576,375.2182312011719,375.2182312011719,17600,0.0,0.0
2004-06-17 00:00:00+09:00,378.1382174362005,378.1382174362005,372.29824496614333,375.2182312011719,11000,0.0,0.0
2004-06-18 00:00:00+09:00,374.4882868478989,374.4882868478989,366.4583235821545,370.1083068847656,4700,0.0,0.0
2004-06-21 00:00:00+09:00,373.7582380836576,378.1382174362005,373.7582380836576,375.2182312011719,6800,0.0,0.0
2004-06-22 00:00:00+09:00,375.2181846840868,378.8681670253717,369.37821293803097,375.94818115234375,10900,0.0,0.0
2004-06-23 00:00:00+09:00,374.4883321326549,374.4883321326549,370.10835163987525,370.8383483886719,16500,0.0,0.0
2004-06-24 00:00:00+09:00,373.75833538385825,373.75833538385825,370.8383483886719,370.8383483886719,8100,0.0,0.0
2004-06-25 00:00:00+09:00,375.94832563024806,375.94832563024806,369.3783548910787,370.8383483886719,8800,0.0,0.0
2004-06-28 00:00:00+09:00,372.29821014404297,379.5981750488281,367.1882347106934,379.5981750488281,15300,0.0,0.0
2004-06-29 00:00:00+09:00,377.4082063373766,377.4082063373766,374.48822021484375,374.48822021484375,8000,0.0,0.0
2004-06-30 00:00:00+09:00,379.5981959292763,379.5981959292763,373.7582236842105,374.48822021484375,7100,0.0,0.0
2004-07-01 00:00:00+09:00,379.59820887839146,379.59820887839146,373.0282398785732,376.67822265625,9100,0.0,0.0
2004-07-02 00:00:00+09:00,376.67820980674344,376.67820980674344,373.0282271535773,374.48822021484375,4200,0.0,0.0
2004-07-05 00:00:00+09:00,374.48820728975187,378.13818981694243,372.2982177734375,372.2982177734375,4500,0.0,0.0
2004-07-06 00:00:00+09:00,370.1082329522996,375.9482050698901,367.9182434082031,367.9182434082031,13300,0.0,0.0
2004-07-07 00:00:00+09:00,353.3183161621094,364.9982604980469,353.3183161621094,364.9982604980469,16800,0.0,0.0
2004-07-08 00:00:00+09:00,363.5382995605469,363.5382995605469,356.2383337059174,363.5382995605469,2300,0.0,0.0
2004-07-09 00:00:00+09:00,364.2682639770508,367.91824658203126,363.5382674560547,364.9982604980469,5000,0.0,0.0
2004-07-12 00:00:00+09:00,365.728257019043,367.91824658203126,364.2682639770508,364.9982604980469,4800,0.0,0.0
2004-07-13 00:00:00+09:00,367.1882500610352,368.64824310302737,363.5382674560547,364.9982604980469,10900,0.0,0.0
2004-07-14 00:00:00+09:00,364.9983197094435,379.5982524978212,364.9983197094435,366.45831298828125,11500,0.0,0.0
2004-07-15 00:00:00+09:00,372.29821622371674,374.48820573091507,364.9982511997223,373.7582092285156,13400,0.0,0.0
2004-07-16 00:00:00+09:00,373.02826810977655,373.02826810977655,358.4283358941297,365.7283020019531,8600,0.0,0.0
2004-07-19 00:00:00+09:00,365.7283020019531,365.7283020019531,365.7283020019531,365.7283020019531,0,0.0,0.0
2004-07-20 00:00:00+09:00,363.5383121696061,367.1882952235178,363.5383121696061,365.7283020019531,4500,0.0,0.0
2004-07-21 00:00:00+09:00,363.53834063490154,368.64831731049253,356.9683706234274,367.1883239746094,8900,0.0,0.0
2004-07-22 00:00:00+09:00,364.9983053911708,368.64828844508247,364.9983053911708,365.7283020019531,9700,0.0,0.0
2004-07-23 00:00:00+09:00,372.29822570800786,373.0282222290039,364.9982604980469,364.9982604980469,15300,0.0,0.0
2004-07-26 00:00:00+09:00,362.80830297508396,364.99829273147276,362.80830297508396,363.5382995605469,2800,0.0,0.0
2004-07-27 00:00:00+09:00,356.96830994405866,363.5382788387346,353.31832722479425,354.7783203125,11400,0.0,0.0
2004-07-28 00:00:00+09:00,358.4283251608572,363.5383012833134,355.5083388051679,362.07830810546875,5400,0.0,0.0
2004-07-29 00:00:00+09:00,364.998294461158,364.998294461158,357.69832857193484,362.07830810546875,7000,0.0,0.0
2004-07-30 00:00:00+09:00,358.42832859938704,359.8883217912379,355.50834221568533,359.1583251953125,5800,0.0,0.0
2004-08-02 00:00:00+09:00,362.80830469439104,364.998294461158,359.1583217497795,362.07830810546875,6900,0.0,0.0
2004-08-03 00:00:00+09:00,362.0783646101804,362.0783646101804,350.3984173646907,354.04840087890625,4100,0.0,0.0
2004-08-04 00:00:00+09:00,353.31839671103916,354.7783900858782,324.84852590167856,336.5284729003906,25600,0.0,0.0
2004-08-05 00:00:00+09:00,355.50837991257345,355.50837991257345,351.85839654591456,353.3183898925781,8600,0.0,0.0
2004-08-06 00:00:00+09:00,349.6683834300322,350.3983800551471,346.0184003044577,347.4783935546875,3500,0.0,0.0
2004-08-09 00:00:00+09:00,339.44843067842373,347.4783935546875,338.71843405330884,347.4783935546875,4300,0.0,0.0
2004-08-10 00:00:00+09:00,347.4784279516188,347.4784279516188,344.5584411621094,344.5584411621094,1300,0.0,0.0
2004-08-11 00:00:00+09:00,345.2883893785979,346.7483825683594,343.8283961888364,346.7483825683594,2400,0.0,0.0
2004-08-12 00:00:00+09:00,343.8283894224937,352.5883483886719,343.8283894224937,352.5883483886719,1200,0.0,0.0
2004-08-13 00:00:00+09:00,341.63841335778574,346.7483896259577,340.178420138308,340.9084167480469,3900,0.0,0.0
2004-08-16 00:00:00+09:00,340.90833220700983,340.90833220700983,328.49839291896023,333.6083679199219,3200,0.0,0.0
2004-08-17 00:00:00+09:00,333.60841761627523,344.5583656780786,333.60841761627523,343.828369140625,7400,0.0,0.0
2004-08-18 00:00:00+09:00,347.47834037813504,347.47834037813504,338.71838221734174,340.1783752441406,2800,0.0,0.0
2004-08-19 00:00:00+09:00,341.638387298584,351.12834250132244,341.638387298584,350.3983459472656,6900,0.0,0.0
2004-08-20 00:00:00+09:00,346.01840573574634,350.39838555518617,342.3684225528798,343.0984191894531,1100,0.0,0.0
2004-08-23 00:00:00+09:00,343.8284176557492,344.5584142962073,340.17843445345886,341.638427734375,3000,0.0,0.0
2004-08-24 00:00:00+09:00,343.0983995939556,346.7483825683594,341.6384064041941,346.7483825683594,2700,0.0,0.0
2004-08-25 00:00:00+09:00,350.3984147411282,350.3984147411282,341.6384543726,344.5584411621094,4300,0.0,0.0
2004-08-26 00:00:00+09:00,344.5583997967411,344.5583997967411,340.9084167480469,340.9084167480469,1500,0.0,0.0
2004-08-27 00:00:00+09:00,343.09842101529114,343.09842101529114,339.4484378130008,341.638427734375,1600,0.0,0.0
2004-08-30 00:00:00+09:00,344.5584070542279,349.6683834300322,344.5584070542279,347.4783935546875,5200,0.0,0.0
2004-08-31 00:00:00+09:00,346.01838597347864,347.47837916324016,346.01838597347864,346.7483825683594,2600,0.0,0.0
2004-09-01 00:00:00+09:00,346.7484149569941,348.93840494619616,343.8284283047247,345.2884216308594,4700,0.0,0.0
2004-09-02 00:00:00+09:00,346.74835529043924,346.74835529043924,343.09837260317147,343.828369140625,3400,0.0,0.0
2004-09-03 00:00:00+09:00,343.0984191894531,346.01840573574634,342.3684225528798,343.0984191894531,5400,0.0,0.0
2004-09-06 00:00:00+09:00,343.0984048091018,345.28839462703223,333.60844893140325,342.368408203125,12800,0.0,0.0
2004-09-07 00:00:00+09:00,344.5583656780786,344.5583656780786,342.3683760657179,343.828369140625,5000,0.0,0.0
2004-09-08 00:00:00+09:00,345.288409099173,348.2083956454662,340.9084292797332,343.0984191894531,4700,0.0,0.0
2004-09-09 00:00:00+09:00,343.8284031870023,346.7483896259577,340.9084167480469,340.9084167480469,4000,0.0,0.0
2004-09-10 00:00:00+09:00,346.7483825683594,348.9383723530017,346.7483825683594,346.7483825683594,24100,0.0,0.0
2004-09-13 00:00:00+09:00,344.5583927837171,351.8583587325247,344.5583927837171,346.7483825683594,7900,0.0,0.0
2004-09-14 00:00:00+09:00,351.8583182270277,356.23829729209444,347.47833916196095,355.50830078125,3400,0.0,0.0
2004-09-15 00:00:00+09:00,351.85833740234375,356.96831325673463,351.85833740234375,351.85833740234375,8500,0.0,0.0
2004-09-16 00:00:00+09:00,351.8582644672514,354.04825366518037,348.2082824707031,348.2082824707031,6600,0.0,0.0
2004-09-17 00:00:00+09:00,347.47837916324016,348.2083757581209,345.2883893785979,346.7483825683594,4600,0.0,0.0
2004-09-20 00:00:00+09:00,346.7483825683594,346.7483825683594,346.7483825683594,346.7483825683594,0,0.0,0.0
2004-09-21 00:00:00+09:00,348.9382788700128,351.12826806794175,346.74828967208384,348.2082824707031,10100,0.0,0.0
2004-09-22 00:00:00+09:00,351.85837330537686,351.85837330537686,345.2884036793428,347.4783935546875,7400,0.0,0.0
2004-09-23 00:00:00+09:00,347.4783935546875,347.4783935546875,347.4783935546875,347.4783935546875,0,0.0,0.0
2004-09-24 00:00:00+09:00,349.6683742628931,349.6683742628931,341.6384115971482,342.368408203125,8600,0.0,0.0
2004-09-27 00:00:00+09:00,343.0984048091018,343.0984048091018,340.17841838519456,342.368408203125,5300,0.0,0.0
2004-09-28 00:00:00+09:00,338.7184411725427,345.28841093666534,334.3384613297943,341.638427734375,6200,0.0,0.0
2004-09-29 00:00:00+09:00,345.28836715862315,345.28836715862315,339.4483947753906,339.4483947753906,2800,0.0,0.0
2004-09-30 00:00:00+09:00,332.14841513798154,340.9083733394228,332.14841513798154,338.7183837890625,5000,0.0,0.0
2004-10-01 00:00:00+09:00,335.06839965034453,342.36836478433895,335.06839965034453,340.1783752441406,3800,0.0,0.0
2004-10-04 00:00:00+09:00,349.6684180437508,349.6684180437508,343.0984477673547,344.5584411621094,4100,0.0,0.0
2004-10-05 00:00:00+09:00,347.47839900889295,347.47839900889295,343.0984191894531,343.0984191894531,4100,0.0,0.0
2004-10-06 00:00:00+09:00,343.0984191894531,346.7484023723196,343.0984191894531,343.0984191894531,4400,0.0,0.0
2004-10-07 00:00:00+09:00,343.828412212903,350.3983818730221,343.09841558400086,346.0184020996094,12900,0.0,0.0
2004-10-08 00:00:00+09:00,343.0983995939556,348.9383723530017,343.0983995939556,346.7483825683594,6300,0.0,0.0
2004-10-11 00:00:00+09:00,346.7483825683594,346.7483825683594,346.7483825683594,346.7483825683594,0,0.0,0.0
2004-10-12 00:00:00+09:00,344.5584411621094,348.9384213463735,344.5584411621094,344.5584411621094,8100,0.0,0.0
2004-10-13 00:00:00+09:00,344.5584088418051,348.20839198631575,344.5584088418051,346.0184020996094,5900,0.0,0.0
2004-10-14 00:00:00+09:00,345.28843785948675,346.01843455686407,343.82844446473206,344.5584411621094,9000,0.0,0.0
2004-10-15 00:00:00+09:00,343.09837260317147,346.0183587529857,343.09837260317147,343.828369140625,7700,0.0,0.0
2004-10-18 00:00:00+09:00,344.55839802105544,344.55839802105544,341.6384115971482,342.368408203125,2200,0.0,0.0
2004-10-19 00:00:00+09:00,342.3684225528798,346.7484023723196,340.9084292797332,343.0984191894531,5200,0.0,0.0
2004-10-20 00:00:00+09:00,336.5284729003906,343.0984430871661,336.5284729003906,336.5284729003906,7600,0.0,0.0
2004-10-21 00:00:00+09:00,339.4483834971552,339.4483834971552,335.79840087890625,335.79840087890625,4500,0.0,0.0
2004-10-22 00:00:00+09:00,336.5284406031697,338.7184304552511,336.5284406031697,337.9884338378906,1100,0.0,0.0
2004-10-25 00:00:00+09:00,341.63844971232714,343.0984430871661,334.3384828381321,336.5284729003906,6700,0.0,0.0
2004-10-26 00:00:00+09:00,335.7983863847188,337.98837586114087,334.33839340043744,335.0683898925781,3600,0.0,0.0
2004-10-27 00:00:00+09:00,338.7183869735054,339.4483834971552,335.79840087890625,335.79840087890625,6200,0.0,0.0
2004-10-28 00:00:00+09:00,338.71839822748655,340.1783913232947,335.7984120358703,339.4483947753906,3300,0.0,0.0
2004-10-29 00:00:00+09:00,336.5284262653037,338.71841602408006,336.5284262653037,337.2584228515625,3400,0.0,0.0
2004-11-01 00:00:00+09:00,336.52840858377436,339.4483947753906,334.3384189400622,339.4483947753906,13200,0.0,0.0
2004-11-02 00:00:00+09:00,335.7984296790449,338.71841602408006,332.8784433340097,337.2584228515625,16600,0.0,0.0
2004-11-03 00:00:00+09:00,337.2584228515625,337.2584228515625,337.2584228515625,337.2584228515625,0,0.0,0.0
2004-11-04 00:00:00+09:00,343.09840657726346,343.09840657726346,340.9084167480469,340.9084167480469,4600,0.0,0.0
2004-11-05 00:00:00+09:00,350.39838741987177,350.39838741987177,340.90843109391693,341.638427734375,12400,0.0,0.0
2004-11-08 00:00:00+09:00,346.0184075771234,346.0184075771234,339.4484378130008,341.638427734375,4900,0.0,0.0
2004-11-09 00:00:00+09:00,343.0984048091018,344.55839802105544,338.7184251732409,342.368408203125,16600,0.0,0.0
2004-11-10 00:00:00+09:00,342.36836478433895,343.0983612977384,339.4483787307412,340.1783752441406,6200,0.0,0.0
2004-11-11 00:00:00+09:00,343.09841015941385,343.09841015941385,337.9884338378906,337.9884338378906,8200,0.0,0.0
2004-11-12 00:00:00+09:00,337.98844453208466,343.09842101529114,337.98844453208466,341.638427734375,8300,0.0,0.0
2004-11-15 00:00:00+09:00,341.6384115971482,343.0984048091018,337.9884285672641,342.368408203125,19100,0.0,0.0
2004-11-16 00:00:00+09:00,342.36842437483307,344.5584142962073,339.4484378130008,341.638427734375,13500,0.0,0.0
2004-11-17 00:00:00+09:00,339.4484378130008,343.09842101529114,339.4484378130008,341.638427734375,17200,0.0,0.0
2004-11-18 00:00:00+09:00,341.6384115971482,343.82840141507864,341.6384115971482,342.368408203125,19900,0.0,0.0
2004-11-19 00:00:00+09:00,343.82840141507864,345.28839462703223,342.368408203125,342.368408203125,17600,0.0,0.0
2004-11-22 00:00:00+09:00,346.7483987285115,348.20839198631575,343.828412212903,346.0184020996094,36700,0.0,0.0
2004-11-23 00:00:00+09:00,346.0184020996094,346.0184020996094,346.0184020996094,346.0184020996094,0,0.0,0.0
2004-11-24 00:00:00+09:00,344.5583656780786,347.4783518278928,343.828369140625,343.828369140625,71200,0.0,0.0
2004-11-25 00:00:00+09:00,348.3228699125945,351.3191956752835,344.57746270923326,346.82470703125,44500,12.0,0.0
2004-11-26 00:00:00+09:00,346.82476224092494,346.82476224092494,344.5775175611781,345.32659912109375,13000,0.0,0.0
2004-11-29 00:00:00+09:00,346.07561029825666,346.07561029825666,340.8320404452528,343.07928466796875,19300,0.0,0.0
2004-11-30 00:00:00+09:00,346.07561645507815,346.07561645507815,342.33020935058596,344.57745361328125,14300,0.0,0.0
2004-12-01 00:00:00+09:00,341.581100159368,344.5774255993625,336.33753063937775,337.835693359375,19100,0.0,0.0
2004-12-02 00:00:00+09:00,337.835683958871,340.08292797633584,334.83935860225137,335.58843994140625,11000,0.0,0.0
2004-12-03 00:00:00+09:00,337.83568633824655,337.83568633824655,328.8467102050781,328.8467102050781,13600,0.0,0.0
2004-12-06 00:00:00+09:00,330.34489426919083,332.5921384478928,325.8504059117869,326.5994873046875,13600,0.0,0.0
2004-12-07 00:00:00+09:00,322.1049955480239,322.1049955480239,307.12336784811583,318.3595886230469,40100,0.0,0.0
2004-12-08 00:00:00+09:00,317.6104799369132,319.8577238987309,316.1123172957013,319.108642578125,9000,0.0,0.0
2004-12-09 00:00:00+09:00,314.61421526395355,318.3596225885244,310.8688079393827,311.6178894042969,15900,0.0,0.0
2004-12-10 00:00:00+09:00,313.86513379903937,313.86513379903937,310.1197264744685,311.6178894042969,16900,0.0,0.0
2004-12-13 00:00:00+09:00,307.87248556151144,307.87248556151144,300.3816708276547,304.87615966796875,23900,0.0,0.0
2004-12-14 00:00:00+09:00,307.12340408812577,307.12340408812577,301.1307523010404,304.87615966796875,52200,0.0,0.0
2004-12-15 00:00:00+09:00,305.62522592117534,307.8724702294193,301.1307373046875,301.1307373046875,55600,0.0,0.0
2004-12-16 00:00:00+09:00,303.3780085431398,310.1197420663207,302.6289270405642,307.87249755859375,35700,0.0,0.0
2004-12-17 00:00:00+09:00,311.6178894042969,312.36697086921106,308.62156354464014,311.6178894042969,35600,0.0,0.0
2004-12-20 00:00:00+09:00,313.1160185664533,313.1160185664533,309.37061164580194,310.8687744140625,35200,0.0,0.0
2004-12-21 00:00:00+09:00,311.6178894042969,316.1123781937819,310.8688079393827,311.6178894042969,39000,0.0,0.0
2004-12-22 00:00:00+09:00,313.1160279746368,322.1050048542914,313.1160279746368,320.6068420410156,54400,0.0,0.0
2004-12-23 00:00:00+09:00,320.6068420410156,320.6068420410156,320.6068420410156,320.6068420410156,0,0.0,0.0
2004-12-24 00:00:00+09:00,324.35232948560395,337.08671655547755,323.6032478932584,333.34130859375,48600,0.0,0.0
2004-12-27 00:00:00+09:00,333.3413103476338,334.0903919439206,320.6069232107579,325.8504943847656,34600,0.0,0.0
2004-12-28 00:00:00+09:00,328.8467116677943,349.8209894051479,328.8467116677943,343.8283386230469,57800,0.0,0.0
2004-12-29 00:00:00+09:00,344.5775175611781,352.0683331603342,344.5775175611781,345.32659912109375,26600,0.0,0.0
2004-12-30 00:00:00+09:00,346.07557097404236,352.06822155367945,346.07557097404236,348.32281494140625,23100,0.0,0.0
2004-12-31 00:00:00+09:00,348.32281494140625,348.32281494140625,348.32281494140625,348.32281494140625,0,0.0,0.0
2005-01-03 00:00:00+09:00,348.32281494140625,348.32281494140625,348.32281494140625,348.32281494140625,0,0.0,0.0
2005-01-04 00:00:00+09:00,352.06823488366877,359.55904839183194,345.3265027263219,358.8099670410156,22500,0.0,0.0
2005-01-05 00:00:00+09:00,352.8173162344851,360.30812974264825,352.8173162344851,358.8099670410156,22900,0.0,0.0
2005-01-06 00:00:00+09:00,361.0572800351329,378.28615439365586,361.0572800351329,376.0389099121094,30800,0.0,0.0
2005-01-07 00:00:00+09:00,385.7768859863281,389.5222926463896,380.53331666224216,385.7768859863281,60400,0.0,0.0
2005-01-10 00:00:00+09:00,385.7768859863281,385.7768859863281,385.7768859863281,385.7768859863281,0,0.0,0.0
2005-01-11 00:00:00+09:00,382.7806355026533,397.01318359375,382.0315540241745,397.01318359375,85500,0.0,0.0
2005-01-12 00:00:00+09:00,397.7622065577014,441.95800728633486,395.5149624528556,434.4671936035156,250100,0.0,0.0
2005-01-13 00:00:00+09:00,426.9764008679051,441.95802896853337,424.7291566528109,432.219970703125,295000,0.0,0.0
2005-01-14 00:00:00+09:00,430.7218139859267,433.7181396484375,426.9764069077882,433.7181396484375,161700,0.0,0.0
2005-01-17 00:00:00+09:00,434.4671971664816,449.44882465498097,433.7181157920566,442.70709228515625,197300,0.0,0.0
2005-01-18 00:00:00+09:00,444.20527318362764,444.20527318362764,430.7218078930622,432.219970703125,130500,0.0,0.0
2005-01-19 00:00:00+09:00,432.22000465930347,432.22000465930347,417.23837538168465,425.478271484375,146600,0.0,0.0
2005-01-20 00:00:00+09:00,417.9874240075282,432.96905210815646,417.9874240075282,432.219970703125,84100,0.0,0.0
2005-01-21 00:00:00+09:00,425.47823173050335,429.97272009385375,420.2346619732612,423.2309875488281,62800,0.0,0.0
2005-01-24 00:00:00+09:00,423.2309291220119,445.703367836455,423.2309291220119,438.2125549316406,159200,0.0,0.0
2005-01-25 00:00:00+09:00,441.9579937938245,446.4524818663041,423.23096015849296,423.98004150390625,209900,0.0,0.0
2005-01-26 00:00:00+09:00,423.2310565037711,441.20901288623213,422.4819749878352,432.9691162109375,120000,0.0,0.0
2005-01-27 00:00:00+09:00,438.2126004449253,442.70708865461677,430.72178676210603,434.4671936035156,76100,0.0,0.0
2005-01-28 00:00:00+09:00,432.22001679960664,435.9654242242133,426.97644640515733,428.474609375,134100,0.0,0.0
2005-01-31 00:00:00+09:00,428.474563677968,432.96905210815646,423.2309938427481,432.219970703125,108600,0.0,0.0
2005-02-01 00:00:00+09:00,432.22002347113545,483.9066467285156,432.22002347113545,483.9066467285156,357700,0.0,0.0
2005-02-02 00:00:00+09:00,477.9139580882268,516.8661929167343,471.9213065761487,504.8808898925781,528600,0.0,0.0
2005-02-03 00:00:00+09:00,509.375282956445,509.375282956445,494.39365698713783,504.1317138671875,175000,0.0,0.0
2005-02-04 00:00:00+09:00,501.8845612538886,501.8845612538886,490.6483397332791,496.6409912109375,121600,0.0,0.0
2005-02-07 00:00:00+09:00,499.6373753850193,501.88461995196843,493.6447232064884,495.8919677734375,52900,0.0,0.0
2005-02-08 00:00:00+09:00,509.37545187146304,570.8001387147865,509.37545187146304,562.5602416992188,1124300,0.0,0.0
2005-02-09 00:00:00+09:00,575.2946202531646,591.7744140625,559.5639079806172,591.7744140625,901300,0.0,0.0
2005-02-10 00:00:00+09:00,590.2762237584191,659.1917219637168,582.0363272338726,646.4573364257812,1595200,0.0,0.0
2005-02-11 00:00:00+09:00,646.4573364257812,646.4573364257812,646.4573364257812,646.4573364257812,0,0.0,0.0
2005-02-14 00:00:00+09:00,668.9296972160665,702.6383605696197,653.1989876510751,701.1401977539062,1644100,0.0,0.0
2005-02-15 00:00:00+09:00,701.1402672170797,701.8893486991492,664.4352745956727,672.6751708984375,758200,0.0,0.0
2005-02-16 00:00:00+09:00,659.1916725852274,725.11083984375,617.243111602531,725.11083984375,1739400,0.0,0.0
2005-02-17 00:00:00+09:00,725.1107632804387,752.0776924933476,695.1475085994289,721.3653564453125,2243500,0.0,0.0
2005-02-18 00:00:00+09:00,715.3729071862919,734.0999466414304,704.1366835132087,726.609130859375,794600,0.0,0.0
2005-02-21 00:00:00+09:00,704.1364431073589,711.6272563319053,681.6640034337198,696.6456298828125,498100,0.0,0.0
2005-02-22 00:00:00+09:00,689.1549042365548,712.3764281836561,689.1549042365548,703.387451171875,268500,0.0,0.0
2005-02-23 00:00:00+09:00,696.645697073875,704.1365110209059,684.6603947586256,698.1438598632812,199100,0.0,0.0
2005-02-24 00:00:00+09:00,695.1475915243459,773.0520629882812,690.653102786042,773.0520629882812,970700,0.0,0.0
2005-02-25 00:00:00+09:00,832.9785400390625,898.897705078125,801.5171203613281,853.9528198242188,1862500,0.0,0.0
2005-02-28 00:00:00+09:00,861.4436620099023,882.4179424762303,838.9712186531222,845.7129516601562,530100,0.0,0.0
2005-03-01 00:00:00+09:00,853.9528490595457,913.8793647830225,848.7092789337414,891.4069213867188,713400,0.0,0.0
2005-03-02 00:00:00+09:00,921.3702069550835,925.1156143004295,773.8011575484563,806.7607421875,1129900,0.0,0.0
2005-03-03 00:00:00+09:00,816.498809259588,838.2221720747514,782.7901428222656,823.9896240234375,522000,0.0,0.0
2005-03-04 00:00:00+09:00,809.0078421619451,809.0078421619451,788.0335647725614,801.5170288085938,165500,0.0,0.0
2005-03-07 00:00:00+09:00,809.0080294163107,842.716697308657,809.0080294163107,832.9786376953125,398700,0.0,0.0
2005-03-08 00:00:00+09:00,823.9896595906868,841.2185342912194,820.2442520470928,832.9786376953125,216500,0.0,0.0
2005-03-09 00:00:00+09:00,829.2332851100613,853.9529765361065,823.9897142015062,831.4805297851562,188500,0.0,0.0
2005-03-10 00:00:00+09:00,823.9895502726237,831.4803643660111,788.7827240337025,791.0299682617188,202000,0.0,0.0
2005-03-11 00:00:00+09:00,786.5355013402675,786.5355013402675,749.0814298478739,766.310302734375,294500,0.0,0.0
2005-03-14 00:00:00+09:00,775.2993142393213,782.7901288696529,754.3250332743928,759.568603515625,118500,0.0,0.0
2005-03-15 00:00:00+09:00,770.8049285414305,770.8049285414305,718.3692191168434,722.8637084960938,226600,0.0,0.0
2005-03-16 00:00:00+09:00,728.8562132258401,734.0997831051626,698.1438753612363,716.8709106445312,153400,0.0,0.0
2005-03-17 00:00:00+09:00,701.889291381836,737.8451995849609,697.3948028564454,719.1181640625,173900,0.0,0.0
2005-03-18 00:00:00+09:00,705.6347596513464,719.867307882106,704.1365966796875,704.1365966796875,83400,0.0,0.0
2005-03-21 00:00:00+09:00,704.1365966796875,704.1365966796875,704.1365966796875,704.1365966796875,0,0.0,0.0
2005-03-22 00:00:00+09:00,701.1402315306433,701.8893129745862,689.9040098714984,694.3984985351562,87600,0.0,0.0
2005-03-23 00:00:00+09:00,697.3948273494325,704.1365603742928,686.1586056413321,695.1475830078125,104600,0.0,0.0
2005-03-24 00:00:00+09:00,695.1474482548701,695.8965295568689,689.1547978388799,692.151123046875,58400,0.0,0.0
2005-03-25 00:00:00+09:00,689.1548270089286,692.9002336774554,653.1989229910714,655.4461669921875,182600,0.0,0.0
2005-03-28 00:00:00+09:00,632.9737799820349,666.6824428213148,621.7375590356082,653.9480590820312,160600,0.0,0.0
2005-03-29 00:00:00+09:00,676.4205840247336,676.4205840247336,643.4609985351562,643.4609985351562,78700,0.0,0.0
2005-03-30 00:00:00+09:00,641.2137421189693,658.4426160310444,635.970171797903,640.4646606445312,74000,0.0,0.0
2005-03-31 00:00:00+09:00,640.4646329461289,653.1990174608472,638.9664700620444,648.7045288085938,55200,0.0,0.0
2005-04-01 00:00:00+09:00,644.2101666307825,673.4243486058994,644.2101666307825,665.9335327148438,62700,0.0,0.0
2005-04-04 00:00:00+09:00,688.4058942096989,711.6274205649771,680.9150792563834,706.3838500976562,138900,0.0,0.0
2005-04-05 00:00:00+09:00,708.631021095414,726.6089751189763,696.6457184130392,703.387451171875,135800,0.0,0.0
2005-04-06 00:00:00+09:00,688.4058837890625,696.6457801129794,674.9224170771984,688.4058837890625,92700,0.0,0.0
2005-04-07 00:00:00+09:00,703.387385549109,704.1364668968716,678.6677010729422,687.6566772460938,67700,0.0,0.0
2005-04-08 00:00:00+09:00,689.1548166582661,700.3910364950857,685.4094100459929,696.6456298828125,79900,0.0,0.0
2005-04-11 00:00:00+09:00,695.896698628987,696.6457801129794,687.6568023050701,688.4058837890625,38000,0.0,0.0
2005-04-12 00:00:00+09:00,686.1585257587305,696.6456647987111,675.67138671875,675.67138671875,62400,0.0,0.0
2005-04-13 00:00:00+09:00,666.6826171875,674.1734331109551,652.4500669329354,666.6826171875,84100,0.0,0.0
2005-04-14 00:00:00+09:00,652.449926633392,666.6824738274614,650.2026823395915,661.4389038085938,29600,0.0,0.0
2005-04-15 00:00:00+09:00,647.2064560145549,683.1623702375856,647.2064560145549,656.1954345703125,89500,0.0,0.0
2005-04-18 00:00:00+09:00,645.7081632267549,655.446221372866,636.7191864764984,638.9664306640625,102500,0.0,0.0
2005-04-19 00:00:00+09:00,655.446148028445,655.446148028445,641.9626844118599,650.95166015625,41500,0.0,0.0
2005-04-20 00:00:00+09:00,650.9517609138223,652.4499237697805,640.4646209221152,645.7081909179688,52300,0.0,0.0
2005-04-21 00:00:00+09:00,645.7081606803685,654.6971373951764,637.4682653584612,653.198974609375,36400,0.0,0.0
2005-04-22 00:00:00+09:00,662.1879513241829,662.1879513241829,647.9554048590704,653.198974609375,26100,0.0,0.0
2005-04-25 00:00:00+09:00,650.9517180974582,653.9480436122911,640.4645787955429,650.20263671875,27400,0.0,0.0
2005-04-26 00:00:00+09:00,644.2100919190868,649.4536624347073,643.4610104168553,646.4573364257812,12600,0.0,0.0
2005-04-27 00:00:00+09:00,649.4535980578642,649.4535980578642,638.966458066157,645.7081909179688,23800,0.0,0.0
2005-04-28 00:00:00+09:00,638.9664735399988,641.962799324477,632.9738219710422,634.4719848632812,28100,0.0,0.0
2005-04-29 00:00:00+09:00,634.4719848632812,634.4719848632812,634.4719848632812,634.4719848632812,0,0.0,0.0
2005-05-02 00:00:00+09:00,629.977444053558,629.977444053558,618.7412232916039,621.737548828125,60900,0.0,0.0
2005-05-03 00:00:00+09:00,621.737548828125,621.737548828125,621.737548828125,621.737548828125,0,0.0,0.0
2005-05-04 00:00:00+09:00,621.737548828125,621.737548828125,621.737548828125,621.737548828125,0,0.0,0.0
2005-05-05 00:00:00+09:00,621.737548828125,621.737548828125,621.737548828125,621.737548828125,0,0.0,0.0
2005-05-06 00:00:00+09:00,619.4902933179346,635.2210020962618,619.4902933179346,633.7228393554688,46700,0.0,0.0
2005-05-09 00:00:00+09:00,641.2138002918252,644.2101264614132,632.9739033254583,639.7156372070312,34200,0.0,0.0
2005-05-10 00:00:00+09:00,640.4646606445312,650.9518012866639,640.4646606445312,640.4646606445312,19900,0.0,0.0
2005-05-11 00:00:00+09:00,647.206437720848,647.206437720848,633.7229702683304,635.97021484375,13800,0.0,0.0
2005-05-12 00:00:00+09:00,633.7229465480084,638.2174355306183,629.2284575653983,629.9775390625,30300,0.0,0.0
2005-05-13 00:00:00+09:00,626.2321016424112,635.2210791779482,621.7376128746428,622.4866943359375,41200,0.0,0.0
2005-05-16 00:00:00+09:00,627.7302338278395,627.7302338278395,614.995849609375,614.995849609375,42200,0.0,0.0
2005-05-17 00:00:00+09:00,610.5013957168117,611.2504771839489,580.538137031324,593.2725219726562,83700,0.0,0.0
2005-05-18 00:00:00+09:00,584.2835649053504,598.51611328125,580.5381574380085,598.51611328125,59200,0.0,0.0
2005-05-19 00:00:00+09:00,606.0068631601212,606.0068631601212,582.7853393554688,582.7853393554688,74300,0.0,0.0
2005-05-20 00:00:00+09:00,583.5345171578323,591.7744140625,573.0473756428007,591.7744140625,70200,0.0,0.0
2005-05-23 00:00:00+09:00,582.7854356210444,591.7744140625,582.7854356210444,591.7744140625,30000,0.0,0.0
2005-05-24 00:00:00+09:00,584.28354436701,595.5197663740679,584.28354436701,593.2725219726562,92000,0.0,0.0
2005-05-25 00:00:00+09:00,586.5307345066022,594.7706298828125,582.7853275174158,594.7706298828125,69400,0.0,0.0
2005-05-26 00:00:00+09:00,587.2799042644476,590.2762303066131,585.0326597328235,586.5308227539062,30500,0.0,0.0
2005-05-27 00:00:00+09:00,582.0363336906579,589.5271487960717,582.0363336906579,586.5308227539062,18900,0.0,0.0
2005-05-30 00:00:00+09:00,586.5307525634767,589.5270782470703,582.7853454589845,584.2835083007812,20600,0.0,0.0
2005-05-31 00:00:00+09:00,579.0400279371045,595.5198217464399,579.0400279371045,591.7744140625,32000,0.0,0.0
2005-06-01 00:00:00+09:00,584.2835324669853,594.021591341435,584.2835324669853,590.2761840820312,22600,0.0,0.0
2005-06-02 00:00:00+09:00,586.5307768226276,612.7486276384539,585.7816953707468,590.2761840820312,36500,0.0,0.0
2005-06-03 00:00:00+09:00,588.028939726389,598.5160800527195,588.028939726389,590.2761840820312,25700,0.0,0.0
2005-06-06 00:00:00+09:00,585.781704329962,592.5234375,585.0326228666246,592.5234375,22100,0.0,0.0
2005-06-07 00:00:00+09:00,585.781665007682,589.5270720729485,582.0362579424154,582.7853393554688,21600,0.0,0.0
2005-06-08 00:00:00+09:00,580.5382367759753,588.029052734375,580.5382367759753,588.029052734375,11400,0.0,0.0
2005-06-09 00:00:00+09:00,589.5271576937222,609.0032772617486,581.2872609534033,588.778076171875,73900,0.0,0.0
2005-06-10 00:00:00+09:00,596.2688628499451,603.759677709869,586.5308035320439,597.0179443359375,47100,0.0,0.0
2005-06-13 00:00:00+09:00,595.5197143554688,600.7632841674038,592.5233887486488,595.5197143554688,9300,0.0,0.0
2005-06-14 00:00:00+09:00,600.0142989995826,605.2578696525128,585.0326685626392,588.778076171875,21000,0.0,0.0
2005-06-15 00:00:00+09:00,584.283587040792,597.767054434041,584.283587040792,588.778076171875,15500,0.0,0.0
2005-06-16 00:00:00+09:00,589.5270905008122,593.2724976831553,585.0326018820003,587.2798461914062,11400,0.0,0.0
2005-06-17 00:00:00+09:00,587.279833984375,591.7743225097656,582.036264038086,584.2835083007812,22600,0.0,0.0
2005-06-20 00:00:00+09:00,585.032496861049,585.032496861049,576.7926025390625,576.7926025390625,22600,0.0,0.0
2005-06-21 00:00:00+09:00,576.7927827078593,582.0363534597489,573.0473750279381,576.043701171875,55900,0.0,0.0
2005-06-22 00:00:00+09:00,575.2946078431372,577.5418524050245,573.04736328125,573.04736328125,36100,0.0,0.0
2005-06-23 00:00:00+09:00,575.294488413838,577.5417325092046,573.0472443184716,573.7963256835938,39200,0.0,0.0
2005-06-24 00:00:00+09:00,575.294564688716,588.0289495841694,573.0473202954007,577.5418090820312,79300,0.0,0.0
2005-06-27 00:00:00+09:00,575.2944946289062,576.043576002121,573.0472505092621,575.2944946289062,34400,0.0,0.0
2005-06-28 00:00:00+09:00,573.0472443184716,578.2908138743269,573.0472443184716,573.7963256835938,28700,0.0,0.0
2005-06-29 00:00:00+09:00,573.7963256835938,576.7926511440825,573.0472443184716,573.7963256835938,36200,0.0,0.0
2005-06-30 00:00:00+09:00,584.2834711074829,584.2834711074829,573.7963318824768,575.2944946289062,55100,0.0,0.0
2005-07-01 00:00:00+09:00,574.5454132556915,582.7853083610535,573.7963318824768,575.2944946289062,26300,0.0,0.0
2005-07-04 00:00:00+09:00,576.7927425423849,581.2872314453125,574.545498090921,581.2872314453125,39900,0.0,0.0
2005-07-05 00:00:00+09:00,581.2872164042234,581.2872164042234,576.7927276175928,577.5418090820312,11500,0.0,0.0
2005-07-06 00:00:00+09:00,576.7927336106787,579.0399780273438,576.7927336106787,579.0399780273438,10100,0.0,0.0
2005-07-07 00:00:00+09:00,575.294564688716,578.2908905464697,574.5454832242775,577.5418090820312,16600,0.0,0.0
2005-07-08 00:00:00+09:00,576.7926511440825,580.5380579696935,573.7963256835938,573.7963256835938,30300,0.0,0.0
2005-07-11 00:00:00+09:00,574.545581742633,578.2909897070568,564.0584394422459,571.5492553710938,41500,0.0,0.0
2005-07-12 00:00:00+09:00,571.5491854215924,571.5491854215924,566.3056149131373,569.3019409179688,22300,0.0,0.0
2005-07-13 00:00:00+09:00,564.8073791826844,566.3055419921875,562.5601349684297,566.3055419921875,23000,0.0,0.0
2005-07-14 00:00:00+09:00,561.8111601523489,564.0584047929583,559.5639155117395,562.5602416992188,25800,0.0,0.0
2005-07-15 00:00:00+09:00,558.8147613239416,562.5601685714211,558.8147613239416,559.5638427734375,17900,0.0,0.0
2005-07-18 00:00:00+09:00,559.5638427734375,559.5638427734375,559.5638427734375,559.5638427734375,0,0.0,0.0
2005-07-19 00:00:00+09:00,556.5674312937405,558.065593962095,553.5711059570312,553.5711059570312,41600,0.0,0.0
2005-07-20 00:00:00+09:00,552.8221315804878,552.8221315804878,549.0767241849561,549.8258056640625,38800,0.0,0.0
2005-07-21 00:00:00+09:00,549.0767908537246,572.2983195255738,546.8295461435457,567.0547485351562,85000,0.0,0.0
2005-07-22 00:00:00+09:00,581.2870807274691,581.2870807274691,570.7999426731075,574.5453491210938,67300,0.0,0.0
2005-07-25 00:00:00+09:00,585.7817102651127,603.0105840964395,585.7817102651127,594.0216064453125,106100,0.0,0.0
2005-07-26 00:00:00+09:00,623.984793701172,668.9296768008961,616.4939798512179,636.7191772460938,428700,0.0,0.0
2005-07-27 00:00:00+09:00,632.973769590079,635.9700951266001,620.2393860598644,621.737548828125,133600,0.0,0.0
2005-07-28 00:00:00+09:00,621.7375793457031,629.2283935546875,620.2394165039063,629.2283935546875,36800,0.0,0.0
2005-07-29 00:00:00+09:00,632.9738576975635,651.7008949075506,629.228450255566,643.4609985351562,54900,0.0,0.0
2005-08-01 00:00:00+09:00,658.442492327009,662.936980329241,647.9553536551339,655.4461669921875,109900,0.0,0.0
2005-08-02 00:00:00+09:00,652.4498957894472,652.4498957894472,632.9737794972249,638.9664306640625,29600,0.0,0.0
2005-08-03 00:00:00+09:00,639.7155710367056,639.7155710367056,621.7376158787654,623.2357788085938,38400,0.0,0.0
2005-08-04 00:00:00+09:00,615.7450069399781,629.2284742452331,614.2468439060608,618.7413330078125,29000,0.0,0.0
2005-08-05 00:00:00+09:00,619.4904145247712,631.4757187961089,616.4940884569367,618.7413330078125,56100,0.0,0.0
2005-08-08 00:00:00+09:00,607.5050985888553,617.9922396249144,607.5050985888553,615.7449951171875,230300,0.0,0.0
2005-08-09 00:00:00+09:00,615.744834172855,627.7301350813291,614.2466715592958,620.9884033203125,118800,0.0,0.0
2005-08-10 00:00:00+09:00,617.2430278791716,632.9737361139563,617.2430278791716,628.479248046875,55000,0.0,0.0
2005-08-11 00:00:00+09:00,629.9774841091387,633.7228912679326,623.9848326550684,631.4756469726562,26100,0.0,0.0
2005-08-12 00:00:00+09:00,625.4829864501953,635.9701263427735,622.4866607666016,629.2283935546875,28000,0.0,0.0
2005-08-15 00:00:00+09:00,622.4866452082534,630.7265406321894,607.5050171647335,610.5013427734375,48000,0.0,0.0
2005-08-16 00:00:00+09:00,617.9921013634821,620.2393453684402,606.0068000037055,611.9994506835938,31100,0.0,0.0
2005-08-17 00:00:00+09:00,617.2430784936045,617.2430784936045,609.0031830282772,611.2504272460938,47900,0.0,0.0
2005-08-18 00:00:00+09:00,613.4976133535658,616.49393869351,610.5012880136217,611.9994506835938,19100,0.0,0.0
2005-08-19 00:00:00+09:00,610.5013978026743,614.246805151157,607.5050719238882,609.0032348632812,20300,0.0,0.0
2005-08-22 00:00:00+09:00,608.2541016223385,612.7485900579715,607.5050202163995,611.2504272460938,26800,0.0,0.0
2005-08-23 00:00:00+09:00,623.235798059291,623.235798059291,610.5014127624064,612.7486572265625,32600,0.0,0.0
2005-08-24 00:00:00+09:00,605.2577850751679,617.992169167096,601.5123779893067,613.4976806640625,38900,0.0,0.0
2005-08-25 00:00:00+09:00,604.5086154513889,606.755859375,599.2650462962963,606.755859375,26400,0.0,0.0
2005-08-26 00:00:00+09:00,604.5086450958252,605.2577264404297,597.7669129943847,599.2650756835938,29500,0.0,0.0
2005-08-29 00:00:00+09:00,591.7744140625,597.7670663568039,590.2762509889241,591.7744140625,22400,0.0,0.0
2005-08-30 00:00:00+09:00,599.2650756835938,599.2650756835938,588.0288555145263,599.2650756835938,17400,0.0,0.0
2005-08-31 00:00:00+09:00,598.5160399622887,598.5160399622887,593.2724701503538,595.5197143554688,27600,0.0,0.0
2005-09-01 00:00:00+09:00,588.7779521302407,603.010498046875,588.0288707662073,603.010498046875,63800,0.0,0.0
2005-09-02 00:00:00+09:00,595.5197633533502,601.5124150600506,592.5234375,592.5234375,40200,0.0,0.0
2005-09-05 00:00:00+09:00,593.2724701503538,597.0178771588787,585.7816561333038,595.5197143554688,19900,0.0,0.0
2005-09-06 00:00:00+09:00,591.7743560366624,598.5160892067004,591.7743560366624,592.5234375,28900,0.0,0.0
2005-09-07 00:00:00+09:00,593.2725533487851,597.7670423893062,585.78173828125,585.78173828125,16700,0.0,0.0
2005-09-08 00:00:00+09:00,586.5308316063335,597.0179729121938,586.5308316063335,588.778076171875,27700,0.0,0.0
2005-09-09 00:00:00+09:00,586.5307887684215,593.2725219726562,586.5307887684215,593.2725219726562,31800,0.0,0.0
2005-09-12 00:00:00+09:00,600.0142521333755,601.5124150600506,587.2798672566372,592.5234375,35200,0.0,0.0
2005-09-13 00:00:00+09:00,588.7780301833122,597.0179262800253,586.5307857932996,592.5234375,34900,0.0,0.0
2005-09-14 00:00:00+09:00,597.0179443359375,597.0179443359375,592.5234554199831,597.0179443359375,14600,0.0,0.0
2005-09-15 00:00:00+09:00,598.5159649884259,606.755859375,588.7779079861111,606.755859375,35500,0.0,0.0
2005-09-16 00:00:00+09:00,606.755904867042,606.755904867042,597.7669284986413,603.010498046875,40600,0.0,0.0
2005-09-19 00:00:00+09:00,603.010498046875,603.010498046875,603.010498046875,603.010498046875,0,0.0,0.0
2005-09-20 00:00:00+09:00,599.2650912267081,617.2430439635093,599.2650912267081,603.010498046875,36000,0.0,0.0
2005-09-21 00:00:00+09:00,603.0105252590228,603.0105252590228,593.2724670871379,594.7706298828125,25300,0.0,0.0
2005-09-22 00:00:00+09:00,594.0215093681726,602.2614042017791,594.0215093681726,600.01416015625,11700,0.0,0.0
2005-09-23 00:00:00+09:00,600.01416015625,600.01416015625,600.01416015625,600.01416015625,0,0.0,0.0
2005-09-26 00:00:00+09:00,606.7558891296386,611.9994585418701,599.2650756835938,599.2650756835938,50800,0.0,0.0
2005-09-27 00:00:00+09:00,599.2650462962963,617.2429976851852,599.2650462962963,606.755859375,21500,0.0,0.0
2005-09-28 00:00:00+09:00,604.5087890625,608.2541966775093,603.0106260164963,604.5087890625,11800,0.0,0.0
2005-09-29 00:00:00+09:00,599.265218401487,604.5087890625,599.265218401487,604.5087890625,27100,0.0,0.0
2005-09-30 00:00:00+09:00,604.5086911759287,605.2577725776337,595.5197143554688,595.5197143554688,25300,0.0,0.0
2005-10-03 00:00:00+09:00,591.7743073469438,597.7669585605837,584.2834933298939,595.5197143554688,18500,0.0,0.0
2005-10-04 00:00:00+09:00,591.7742653226436,601.5123228532694,585.0325331860565,600.01416015625,20800,0.0,0.0
2005-10-05 00:00:00+09:00,599.2651857922425,600.0142672744828,588.7780450408783,596.2688598632812,29200,0.0,0.0
2005-10-06 00:00:00+09:00,598.5161359558882,598.5161359558882,588.778076171875,588.778076171875,17900,0.0,0.0
2005-10-07 00:00:00+09:00,585.7817617681962,597.0179848200158,585.7817617681962,591.7744140625,13300,0.0,0.0
2005-10-10 00:00:00+09:00,591.7744140625,591.7744140625,591.7744140625,591.7744140625,0,0.0,0.0
2005-10-11 00:00:00+09:00,606.006928215934,606.7560097094024,595.5197873073764,598.51611328125,37000,0.0,0.0
2005-10-12 00:00:00+09:00,600.0141570281983,604.5086450958252,596.2687503051758,599.2650756835938,39200,0.0,0.0
2005-10-13 00:00:00+09:00,599.2651488650497,602.261474609375,597.0179045568058,602.261474609375,19500,0.0,0.0
2005-10-14 00:00:00+09:00,602.2615326801837,603.0106141884924,598.5161251386402,601.512451171875,15400,0.0,0.0
2005-10-17 00:00:00+09:00,599.2652242351669,606.0069580078125,599.2652242351669,606.0069580078125,13200,0.0,0.0
2005-10-18 00:00:00+09:00,606.755904867042,610.5013116872088,603.010498046875,603.010498046875,64900,0.0,0.0
2005-10-19 00:00:00+09:00,603.0106112130562,605.2578557268937,600.7633666992188,600.7633666992188,27100,0.0,0.0
2005-10-20 00:00:00+09:00,603.0106318866367,614.2468548410461,600.0143057654609,606.0069580078125,23800,0.0,0.0
2005-10-21 00:00:00+09:00,605.2579459956127,608.2542724609375,603.0107011466191,608.2542724609375,10600,0.0,0.0
2005-10-24 00:00:00+09:00,614.246737366099,614.246737366099,606.7559234957807,607.5050048828125,15200,0.0,0.0
2005-10-25 00:00:00+09:00,613.4976133535658,614.2466946885519,608.2540440086636,611.9994506835938,18900,0.0,0.0
2005-10-26 00:00:00+09:00,611.9995993551851,623.2358221095642,611.9995993551851,618.7413330078125,26400,0.0,0.0
2005-10-27 00:00:00+09:00,633.7229465480084,633.7229465480084,618.741316605975,629.9775390625,25100,0.0,0.0
2005-10-28 00:00:00+09:00,622.4867961846509,629.9776120232146,617.2432250976562,617.2432250976562,46600,0.0,0.0
2005-10-31 00:00:00+09:00,620.9885344138512,629.9775119928213,620.9885344138512,623.2357788085938,18500,0.0,0.0
2005-11-01 00:00:00+09:00,626.2319883351132,632.2246389411908,623.2356630320744,624.7338256835938,8300,0.0,0.0
2005-11-02 00:00:00+09:00,624.7339387198217,632.973834794064,622.4866943359375,622.4866943359375,24200,0.0,0.0
2005-11-03 00:00:00+09:00,622.4866943359375,622.4866943359375,622.4866943359375,622.4866943359375,0,0.0,0.0
2005-11-04 00:00:00+09:00,623.2357757972322,629.2284274875902,620.2394499520533,622.4866943359375,62300,0.0,0.0
2005-11-07 00:00:00+09:00,622.486767066453,626.9812563593516,622.486767066453,625.4830932617188,9400,0.0,0.0
2005-11-08 00:00:00+09:00,627.7301667023614,629.2283293913886,621.737515946253,628.479248046875,23900,0.0,0.0
2005-11-09 00:00:00+09:00,628.4792998829527,629.2283812892495,625.4829742577658,626.2320556640625,11200,0.0,0.0
2005-11-10 00:00:00+09:00,629.228450255566,643.4609985351562,623.2357983483702,643.4609985351562,56600,0.0,0.0
2005-11-11 00:00:00+09:00,644.9591660256012,670.4279368094229,644.9591660256012,659.9407958984375,113100,0.0,0.0
2005-11-14 00:00:00+09:00,667.4316356617016,702.638467172476,666.6825541401957,681.6641845703125,110000,0.0,0.0
2005-11-15 00:00:00+09:00,689.154860691471,689.154860691471,665.1842568413329,677.9186401367188,39300,0.0,0.0
2005-11-16 00:00:00+09:00,685.409598099558,695.8967394912453,679.4169458757367,683.162353515625,61200,0.0,0.0
2005-11-17 00:00:00+09:00,693.6494140625,705.634717113256,686.9076810964498,693.6494140625,77500,0.0,0.0
2005-11-18 00:00:00+09:00,695.147618849734,715.3728189671293,695.147618849734,704.1365966796875,129000,0.0,0.0
2005-11-21 00:00:00+09:00,711.6274403550525,711.6274403550525,675.6715275792183,695.896728515625,76300,0.0,0.0
2005-11-22 00:00:00+09:00,692.9003862315502,703.387527212352,651.7009038069715,676.4205932617188,94400,0.0,0.0
2005-11-23 00:00:00+09:00,676.4205932617188,676.4205932617188,676.4205932617188,676.4205932617188,0,0.0,0.0
2005-11-24 00:00:00+09:00,676.4206099639068,687.6568327207823,664.4353056899063,665.1843872070312,57700,0.0,0.0
2005-11-25 00:00:00+09:00,641.2138119855405,647.2064644340035,609.7523866311097,642.7119750976562,216300,0.0,0.0
2005-11-28 00:00:00+09:00,641.9627998471981,641.9627998471981,615.7449492116649,619.4903564453125,71200,0.0,0.0
2005-11-29 00:00:00+09:00,635.97021484375,635.97021484375,620.2395028158128,635.97021484375,42300,0.0,0.0
2005-11-30 00:00:00+09:00,628.479248046875,635.220980147497,614.2467025011174,628.479248046875,47800,0.0,0.0
2005-12-01 00:00:00+09:00,625.48306666044,625.48306666044,606.7560287364747,618.7413330078125,29200,0.0,0.0
2005-12-02 00:00:00+09:00,611.9994693723658,621.7375270245576,611.9994693723658,616.4939575195312,31400,0.0,0.0
2005-12-05 00:00:00+09:00,614.2468987622307,620.2395514330817,606.7560829236669,617.2432250976562,42700,0.0,0.0
2005-12-06 00:00:00+09:00,617.2429976851852,617.2429976851852,603.0104528356482,606.755859375,50300,0.0,0.0
2005-12-07 00:00:00+09:00,606.7559357625576,612.7485869799655,604.5086915560296,610.5013427734375,25200,0.0,0.0
2005-12-08 00:00:00+09:00,610.5014412465149,614.2468488615241,604.5087890625,604.5087890625,15000,0.0,0.0
2005-12-09 00:00:00+09:00,605.2577432528409,617.9921264648438,605.2577432528409,617.9921264648438,37100,0.0,0.0
2005-12-12 00:00:00+09:00,617.992205568169,625.4830201811164,615.7449611842848,622.4866943359375,36500,0.0,0.0
2005-12-13 00:00:00+09:00,628.4793987182027,628.4793987182027,615.7450128085371,620.239501953125,15600,0.0,0.0
2005-12-14 00:00:00+09:00,629.228380988626,629.228380988626,611.2504272460938,611.2504272460938,38200,0.0,0.0
2005-12-15 00:00:00+09:00,611.2505287198702,614.99593637134,605.2578764775186,606.0069580078125,16200,0.0,0.0
2005-12-16 00:00:00+09:00,605.2578557268937,609.0032632499561,600.7633666992188,600.7633666992188,21000,0.0,0.0
2005-12-19 00:00:00+09:00,601.5125379139566,608.2542724609375,601.5125379139566,608.2542724609375,16100,0.0,0.0
2005-12-20 00:00:00+09:00,604.5087490222378,609.7523193359375,601.5124231286951,609.7523193359375,19900,0.0,0.0
2005-12-21 00:00:00+09:00,602.2614806674551,605.25780644192,602.2614806674551,603.7596435546875,28500,0.0,0.0
2005-12-22 00:00:00+09:00,605.2577819059368,605.2577819059368,595.5197235336877,597.7669677734375,28600,0.0,0.0
2005-12-23 00:00:00+09:00,597.7669677734375,597.7669677734375,597.7669677734375,597.7669677734375,0,0.0,0.0
2005-12-26 00:00:00+09:00,594.7707193698615,595.5198008804028,584.2835782222821,586.5308227539062,39800,0.0,0.0
2005-12-27 00:00:00+09:00,591.0253088285245,591.0253088285245,584.2835752677429,585.78173828125,23400,0.0,0.0
2005-12-28 00:00:00+09:00,591.7743073469438,597.7669585605837,584.2834933298939,595.5197143554688,16500,0.0,0.0
2005-12-29 00:00:00+09:00,595.5196689605713,606.7558891296386,595.5196689605713,599.2650756835938,22300,0.0,0.0
2005-12-30 00:00:00+09:00,599.2650788077403,603.7595668987984,591.7742653226436,600.01416015625,14700,0.0,0.0
2006-01-02 00:00:00+09:00,600.01416015625,600.01416015625,600.01416015625,600.01416015625,0,0.0,0.0
2006-01-03 00:00:00+09:00,600.01416015625,600.01416015625,600.01416015625,600.01416015625,0,0.0,0.0
2006-01-04 00:00:00+09:00,599.2651904416259,617.9922276429268,597.0179459774698,612.7486572265625,20100,0.0,0.0
2006-01-05 00:00:00+09:00,614.2467528698492,619.4903227114211,600.0142061570111,611.2504272460938,28600,0.0,0.0
2006-01-06 00:00:00+09:00,607.5051908446063,617.9923334732432,606.7561092282751,608.2542724609375,15500,0.0,0.0
2006-01-09 00:00:00+09:00,608.2542724609375,608.2542724609375,608.2542724609375,608.2542724609375,0,0.0,0.0
2006-01-10 00:00:00+09:00,614.246737366099,614.246737366099,607.5050048828125,607.5050048828125,22400,0.0,0.0
2006-01-11 00:00:00+09:00,609.0032662549619,616.4940813380487,600.0142881552576,601.512451171875,34400,0.0,0.0
2006-01-12 00:00:00+09:00,609.0031676568761,611.2504118179717,603.0105165606216,607.5050048828125,19600,0.0,0.0
2006-01-13 00:00:00+09:00,606.7560977746945,609.7524241834584,601.5125265593576,605.2579345703125,18100,0.0,0.0
2006-01-16 00:00:00+09:00,606.755904867042,606.755904867042,601.5123353188083,603.010498046875,19100,0.0,0.0
2006-01-17 00:00:00+09:00,603.0105560454563,612.7486147145133,601.5123931732936,602.261474609375,30900,0.0,0.0
2006-01-18 00:00:00+09:00,601.5124454699065,601.5124454699065,549.0767403853567,569.3019409179688,56600,0.0,0.0
2006-01-19 00:00:00+09:00,569.3019063391159,597.7670016560718,569.3019063391159,591.0252685546875,6300,0.0,0.0
2006-01-20 00:00:00+09:00,600.0143109671677,600.0143109671677,591.0253325257121,591.7744140625,14100,0.0,0.0
2006-01-23 00:00:00+09:00,561.8111601523489,584.2836065584429,561.8111601523489,562.5602416992188,23100,0.0,0.0
2006-01-24 00:00:00+09:00,564.8074519107216,577.5418374312552,555.8184738962274,569.3019409179688,18500,0.0,0.0
2006-01-25 00:00:00+09:00,576.7926573753357,594.770610332489,569.3018436431885,575.2944946289062,16600,0.0,0.0
2006-01-26 00:00:00+09:00,570.05094592366,573.7963529271007,564.8073761188432,565.5564575195312,33300,0.0,0.0
2006-01-27 00:00:00+09:00,564.0583526044688,574.5454932903422,563.3092711269065,564.8074340820312,18500,0.0,0.0
2006-01-30 00:00:00+09:00,579.7891352261703,579.7891352261703,566.3056669650966,567.0547485351562,58300,0.0,0.0
2006-01-31 00:00:00+09:00,582.0363129291338,583.5344758967764,573.0473351232785,581.2872314453125,29000,0.0,0.0
2006-02-01 00:00:00+09:00,583.5343342570515,583.5343342570515,576.7926025390625,576.7926025390625,23800,0.0,0.0
2006-02-02 00:00:00+09:00,576.7926025390625,582.7852529550527,576.7926025390625,576.7926025390625,34400,0.0,0.0
2006-02-03 00:00:00+09:00,573.0473202954007,580.538134939785,570.8000759020854,577.5418090820312,15100,0.0,0.0
2006-02-06 00:00:00+09:00,583.5344022444493,583.5344022444493,574.5454255731613,578.2908325195312,10800,0.0,0.0
2006-02-07 00:00:00+09:00,575.2945252249358,588.0289092468419,575.2945252249358,582.7853393554688,18200,0.0,0.0
2006-02-08 00:00:00+09:00,584.2834818848258,620.2393884623536,584.2834818848258,607.5050048828125,511300,0.0,0.0
2006-02-09 00:00:00+09:00,620.2395666141322,626.23221943166,599.2652817527846,605.2579345703125,115400,0.0,0.0
2006-02-10 00:00:00+09:00,606.7559509277344,606.7559509277344,570.8000427246094,584.2835083007812,159300,0.0,0.0
2006-02-13 00:00:00+09:00,586.530730350084,586.530730350084,547.5784979385842,564.0582885742188,64400,0.0,0.0
2006-02-14 00:00:00+09:00,563.3092612577011,583.5344607975387,549.8257948978093,577.5418090820312,28200,0.0,0.0
2006-02-15 00:00:00+09:00,585.0326554928754,585.0326554928754,564.0583733497249,570.051025390625,10000,0.0,0.0
2006-02-16 00:00:00+09:00,563.3092711269065,573.7964118127798,554.3202933961579,564.8074340820312,11500,0.0,0.0
2006-02-17 00:00:00+09:00,572.2982531489158,574.5454975984535,550.5748901367188,550.5748901367188,16100,0.0,0.0
2006-02-20 00:00:00+09:00,546.8294470411442,549.825772778356,509.3753753259974,511.62261962890625,49000,0.0,0.0
2006-02-21 00:00:00+09:00,504.13185209129676,534.0951122453114,501.1355260758953,523.6079711914062,14100,0.0,0.0
2006-02-22 00:00:00+09:00,523.6078600262671,542.334893646663,523.6078600262671,540.8367309570312,7400,0.0,0.0
2006-02-23 00:00:00+09:00,547.5785401565993,549.8257845074471,539.3386442034904,544.5822143554688,12600,0.0,0.0
2006-02-24 00:00:00+09:00,551.3239474080124,552.0730288582951,544.5822143554688,544.5822143554688,7500,0.0,0.0
2006-02-27 00:00:00+09:00,556.5676182927313,560.3130262220228,549.076802434148,554.3203735351562,9900,0.0,0.0
2006-02-28 00:00:00+09:00,561.8109650664278,561.8109650664278,537.8403638902602,545.3311767578125,23000,0.0,0.0
2006-03-01 00:00:00+09:00,545.3312744140625,545.3312744140625,524.3569946289062,524.3569946289062,15700,0.0,0.0
2006-03-02 00:00:00+09:00,525.1060355684816,529.6005237473844,514.618896484375,514.618896484375,18200,0.0,0.0
2006-03-03 00:00:00+09:00,507.8772250837472,512.3717138013025,487.6520258547484,499.6373291015625,22500,0.0,0.0
2006-03-06 00:00:00+09:00,492.1465431898371,492.1465431898371,474.1685872742266,483.9066467285156,23800,0.0,0.0
2006-03-07 00:00:00+09:00,476.4158589207849,492.146571243641,475.66677738160126,483.1575927734375,20700,0.0,0.0
2006-03-08 00:00:00+09:00,480.1612986166646,486.1539513295091,475.66680908203125,475.66680908203125,14300,0.0,0.0
2006-03-09 00:00:00+09:00,475.6667379367571,488.401123046875,475.6667379367571,488.401123046875,10500,0.0,0.0
2006-03-10 00:00:00+09:00,495.1427792994762,512.3716505912886,486.9028843338268,492.1464538574219,28100,0.0,0.0
2006-03-13 00:00:00+09:00,502.6336090451195,504.1317718142555,497.3900393531436,503.3826904296875,12800,0.0,0.0
2006-03-14 00:00:00+09:00,508.62629708762694,508.62629708762694,499.63731981950986,504.8808898925781,10800,0.0,0.0
2006-03-15 00:00:00+09:00,504.88085319882344,507.8771787370954,501.8845276605515,503.3826904296875,11700,0.0,0.0
2006-03-16 00:00:00+09:00,510.12450578602494,516.8662393426685,504.1318537356752,508.6263427734375,17000,0.0,0.0
2006-03-17 00:00:00+09:00,520.6116767960813,520.6116767960813,504.13188271044993,516.1171875,12900,0.0,0.0
2006-03-20 00:00:00+09:00,510.12450412209967,532.5969492376107,510.12450412209967,523.6079711914062,16000,0.0,0.0
2006-03-21 00:00:00+09:00,523.6079711914062,523.6079711914062,523.6079711914062,523.6079711914062,0,0.0,0.0
2006-03-22 00:00:00+09:00,516.8661525911172,517.615233971684,499.63728083807996,510.1244201660156,17000,0.0,0.0
2006-03-23 00:00:00+09:00,510.1244597853276,516.1171112952874,507.8772154690927,512.3717041015625,8400,0.0,0.0
2006-03-24 00:00:00+09:00,493.6446987749583,500.38643214214284,492.8956172897155,497.3901062011719,67600,0.0,0.0
2006-03-27 00:00:00+09:00,494.3937377929688,504.8808776855469,494.3937377929688,501.8845520019531,11100,0.0,0.0
2006-03-28 00:00:00+09:00,508.6262380499589,508.6262380499589,495.8918550649084,498.13909912109375,7700,0.0,0.0
2006-03-29 00:00:00+09:00,504.88091140496925,510.87356317238726,499.6373411084785,502.6336669921875,10000,0.0,0.0
2006-03-30 00:00:00+09:00,517.6152557985148,531.0987212172894,511.6226045012816,522.8588256835938,28800,0.0,0.0
2006-03-31 00:00:00+09:00,530.3496895825829,530.3496895825829,519.1134673456637,519.862548828125,10500,0.0,0.0
2006-04-03 00:00:00+09:00,527.3533264334046,531.847815010962,520.6115935670684,525.8551635742188,14200,0.0,0.0
2006-04-04 00:00:00+09:00,528.8514984347296,528.8514984347296,517.615276796598,528.1024169921875,18000,0.0,0.0
2006-04-05 00:00:00+09:00,521.3608084796989,531.8479511790032,510.87366578039456,513.1209106445312,23900,0.0,0.0
2006-04-06 00:00:00+09:00,516.1170929742065,523.6079070957479,516.1170929742065,522.8588256835938,10300,0.0,0.0
2006-04-07 00:00:00+09:00,525.8551513322103,528.1023955686728,516.8661743863606,522.8588256835938,12900,0.0,0.0
2006-04-10 00:00:00+09:00,525.1060387367426,525.1060387367426,515.3679809570312,515.3679809570312,12400,0.0,0.0
2006-04-11 00:00:00+09:00,516.86622289828,522.1097932755089,516.86622289828,519.862548828125,8000,0.0,0.0
2006-04-12 00:00:00+09:00,526.6043650907628,526.6043650907628,507.8773250804228,509.37548828125,16200,0.0,0.0
2006-04-13 00:00:00+09:00,510.87366578039456,520.61172685832,510.87366578039456,513.1209106445312,6900,0.0,0.0
2006-04-14 00:00:00+09:00,509.37536621093756,516.8661804199219,495.1428192138672,501.8845520019531,22300,0.0,0.0
2006-04-17 00:00:00+09:00,511.62258565993534,516.8661553519113,496.6409579685756,503.3826904296875,13700,0.0,0.0
2006-04-18 00:00:00+09:00,496.64094676527867,519.8624691630519,495.14278402993847,515.3679809570312,27600,0.0,0.0
2006-04-19 00:00:00+09:00,500.38647496371556,519.8625952467344,500.38647496371556,516.1171875,18700,0.0,0.0
2006-04-20 00:00:00+09:00,519.8624691630519,519.8624691630519,512.3716554863508,515.3679809570312,6300,0.0,0.0
2006-04-21 00:00:00+09:00,516.1170560875718,519.1133815220423,506.3789984255421,513.8698120117188,9200,0.0,0.0
2006-04-24 00:00:00+09:00,511.6225634582061,513.1207261623297,495.1427737128466,498.13909912109375,17600,0.0,0.0
2006-04-25 00:00:00+09:00,497.3899713689631,501.8844590620561,492.89548367587,494.3936462402344,15800,0.0,0.0
2006-04-26 00:00:00+09:00,489.8991617038282,496.6408932869084,489.1500804168193,495.1427307128906,8900,0.0,0.0
2006-04-27 00:00:00+09:00,488.40109542915724,500.386398384474,488.40109542915724,496.6409912109375,9600,0.0,0.0
2006-04-28 00:00:00+09:00,489.1500772649592,494.3936462402344,488.400995982777,494.3936462402344,11500,0.0,0.0
2006-05-01 00:00:00+09:00,496.6409912109375,499.63731694976667,493.64466547210833,496.6409912109375,4100,0.0,0.0
2006-05-02 00:00:00+09:00,490.6482429908371,498.88813714793514,489.8991617038282,495.1427307128906,9800,0.0,0.0
2006-05-03 00:00:00+09:00,495.14273071289057,495.14273071289057,495.14273071289057,495.1427307128906,0,0.0,0.0
2006-05-04 00:00:00+09:00,495.14273071289057,495.14273071289057,495.14273071289057,495.1427307128906,0,0.0,0.0
2006-05-05 00:00:00+09:00,495.14273071289057,495.14273071289057,495.14273071289057,495.1427307128906,0,0.0,0.0
2006-05-08 00:00:00+09:00,496.6410192945984,498.13918224872987,488.401123046875,488.401123046875,10400,0.0,0.0
2006-05-09 00:00:00+09:00,492.1465182834201,492.8955997419946,484.6557036976755,485.40478515625,11600,0.0,0.0
2006-05-10 00:00:00+09:00,485.4047483048349,489.1501553133599,476.415771484375,476.415771484375,10100,0.0,0.0
2006-05-11 00:00:00+09:00,474.9177274929257,477.16497226024234,470.4232379582923,475.66680908203125,10800,0.0,0.0
2006-05-12 00:00:00+09:00,470.423172315472,471.92133528462955,459.18695004679034,466.6777648925781,15700,0.0,0.0
2006-05-15 00:00:00+09:00,453.1942596435547,494.3937377929688,453.1942596435547,471.9212951660156,13200,0.0,0.0
2006-05-16 00:00:00+09:00,471.1721550147507,471.92123634227806,449.44879651645533,465.17950439453125,12200,0.0,0.0
2006-05-17 00:00:00+09:00,458.4377994660408,464.4304504394531,453.1942298643051,464.4304504394531,11000,0.0,0.0
2006-05-18 00:00:00+09:00,450.197857538859,468.1758085886637,438.21255683898926,467.4267272949219,18600,0.0,0.0
2006-05-19 00:00:00+09:00,464.4305080298589,471.9213226755018,449.44887873857317,471.1722412109375,7100,0.0,0.0
2006-05-22 00:00:00+09:00,475.6666710146012,475.6666710146012,454.6923926076582,464.4304504394531,9500,0.0,0.0
2006-05-23 00:00:00+09:00,449.4488700891074,471.9213135935628,449.4488700891074,468.92498779296875,14800,0.0,0.0
2006-05-24 00:00:00+09:00,467.42679140625,468.1758728027344,453.1942448730469,468.1758728027344,13800,0.0,0.0
2006-05-25 00:00:00+09:00,471.9213481389916,471.9213481389916,451.6961475044634,462.18328857421875,19900,0.0,0.0
2006-05-26 00:00:00+09:00,454.6923926076582,464.4304504394531,451.696067120952,464.4304504394531,5000,0.0,0.0
2006-05-29 00:00:00+09:00,468.1759066395946,469.6740695408413,460.685092133361,461.4341735839844,6500,0.0,0.0
2006-05-30 00:00:00+09:00,460.68503995247073,460.68503995247073,456.1905517578125,456.1905517578125,3800,0.0,0.0
2006-05-31 00:00:00+09:00,450.94707067993573,452.4452337054505,447.2016631161489,447.95074462890625,13500,0.0,0.0
2006-06-01 00:00:00+09:00,438.21263122558594,447.2016082763672,426.9764099121094,426.9764099121094,10900,0.0,0.0
2006-06-02 00:00:00+09:00,411.99478465509503,414.99111036167756,382.03152758926996,397.7622375488281,33900,0.0,0.0
2006-06-05 00:00:00+09:00,397.7622645060222,404.5039978027344,397.7622645060222,404.5039978027344,19500,0.0,0.0
2006-06-06 00:00:00+09:00,391.7695613511589,404.50394479851974,384.27874755859375,384.27874755859375,19600,0.0,0.0
2006-06-07 00:00:00+09:00,384.27880938247466,384.27880938247466,371.54442388636926,376.7879943847656,16800,0.0,0.0
2006-06-08 00:00:00+09:00,374.5407205543771,374.5407205543771,332.59215985228684,339.3338928222656,40500,0.0,0.0
2006-06-09 00:00:00+09:00,345.3264802214387,352.8172932414265,341.5810737114448,346.0755615234375,38500,0.0,0.0
2006-06-12 00:00:00+09:00,346.82468300267266,359.55906661184207,346.075601613898,355.81365966796875,13300,0.0,0.0
2006-06-13 00:00:00+09:00,359.559093892333,372.2934784676865,359.559093892333,370.0462341308594,15600,0.0,0.0
2006-06-14 00:00:00+09:00,358.8099670410156,366.3007805491788,350.57007218203614,358.8099670410156,21700,0.0,0.0
2006-06-15 00:00:00+09:00,366.30078801137955,381.2824153329084,358.80997435061516,375.2897644042969,13700,0.0,0.0
2006-06-16 00:00:00+09:00,376.78804604792094,399.2604941223496,376.78804604792094,390.2715148925781,11200,0.0,0.0
2006-06-19 00:00:00+09:00,393.26776123046875,394.0168426804315,390.27143543061754,393.26776123046875,8300,0.0,0.0
2006-06-20 00:00:00+09:00,393.26776123046875,399.2604128301711,390.27143543061754,393.26776123046875,2200,0.0,0.0
2006-06-21 00:00:00+09:00,393.26774282399236,393.26774282399236,376.038870281227,381.2824401855469,5800,0.0,0.0
2006-06-22 00:00:00+09:00,387.27510053591624,398.5113220214844,386.526019103545,398.5113220214844,12300,0.0,0.0
2006-06-23 00:00:00+09:00,407.500244140625,414.99105745203354,407.500244140625,407.500244140625,14800,0.0,0.0
2006-06-26 00:00:00+09:00,420.98372479542854,426.9763756821962,408.9984230218932,418.7364807128906,14500,0.0,0.0
2006-06-27 00:00:00+09:00,419.48558057936947,426.9763945182868,419.48558057936947,423.2309875488281,9700,0.0,0.0
2006-06-28 00:00:00+09:00,426.227328491211,426.9764099121094,422.4819213867188,426.9764099121094,7500,0.0,0.0
2006-06-29 00:00:00+09:00,427.72545878955987,448.6997369788903,423.23097060613196,441.20892333984375,12100,0.0,0.0
2006-06-30 00:00:00+09:00,448.69982317184883,456.93971975764237,447.20166015625,447.20166015625,19500,0.0,0.0
2006-07-03 00:00:00+09:00,439.7107143140819,443.45612073924445,430.7217388936918,437.4634704589844,19600,0.0,0.0
2006-07-04 00:00:00+09:00,430.72181701660156,437.46354980468755,425.47824707031253,426.9764099121094,12500,0.0,0.0
2006-07-05 00:00:00+09:00,411.9948628560859,423.98016795735384,411.9948628560859,417.2384338378906,12300,0.0,0.0
2006-07-06 00:00:00+09:00,428.4745295763858,428.4745295763858,418.7364720860134,423.98004150390625,9700,0.0,0.0
2006-07-07 00:00:00+09:00,416.48926692886215,417.2383483442018,398.5113129607098,411.2456970214844,12300,0.0,0.0
2006-07-10 00:00:00+09:00,388.77330493422414,425.47829904169424,388.77330493422414,424.7292175292969,13800,0.0,0.0
2006-07-11 00:00:00+09:00,430.72185142367493,430.72185142367493,414.24205884746476,420.2347106933594,4800,0.0,0.0
2006-07-12 00:00:00+09:00,419.4855740704114,420.23465545268,403.0057836605024,414.24200439453125,4700,0.0,0.0
2006-07-13 00:00:00+09:00,406.75116280948413,409.74748813404756,397.76218683579384,407.500244140625,7000,0.0,0.0
2006-07-14 00:00:00+09:00,408.2493277576482,408.2493277576482,397.0131077276212,400.7585144042969,8400,0.0,0.0
2006-07-17 00:00:00+09:00,400.7585144042969,400.7585144042969,400.7585144042969,400.7585144042969,0,0.0,0.0
2006-07-18 00:00:00+09:00,397.76225333990055,397.76225333990055,386.5260314941406,386.5260314941406,10500,0.0,0.0
2006-07-19 00:00:00+09:00,367.79893401803326,386.5259673183404,363.3044460259595,385.7768859863281,8400,0.0,0.0
2006-07-20 00:00:00+09:00,386.5260193347931,393.2677522301674,376.03887927532196,383.5296936035156,11500,0.0,0.0
2006-07-21 00:00:00+09:00,368.54805607308367,374.5407073913452,368.54805607308367,373.7916259765625,6200,0.0,0.0
2006-07-24 00:00:00+09:00,363.3044620055531,371.54435702011205,363.3044620055531,367.7989501953125,6800,0.0,0.0
2006-07-25 00:00:00+09:00,371.5444246798935,375.2898321867473,368.5480986744105,369.29718017578125,8600,0.0,0.0
2006-07-26 00:00:00+09:00,373.0425476074219,373.0425476074219,367.0498962402344,367.0498962402344,8300,0.0,0.0
2006-07-27 00:00:00+09:00,370.0462579613188,376.7879914059582,359.5591170474353,376.0389099121094,17800,0.0,0.0
2006-07-28 00:00:00+09:00,383.52972870182555,383.52972870182555,366.30085417029824,369.29718017578125,8700,0.0,0.0
2006-07-31 00:00:00+09:00,366.3008210114918,374.54071678066646,358.81000667587847,361.0572509765625,13800,0.0,0.0
2006-08-01 00:00:00+09:00,362.5554077148438,362.5554077148438,359.55908203125,359.55908203125,9500,0.0,0.0
2006-08-02 00:00:00+09:00,359.5591065474634,365.55175832325443,355.813699187594,358.0609436035156,6800,0.0,0.0
2006-08-03 00:00:00+09:00,364.05363530973887,367.0499615262799,360.3082275390625,360.3082275390625,7500,0.0,0.0
2006-08-04 00:00:00+09:00,370.7952756551521,372.29343838507197,364.053543370513,367.7989501953125,8400,0.0,0.0
2006-08-07 00:00:00+09:00,371.5444356453519,371.5444356453519,355.8137236523027,356.56280517578125,6000,0.0,0.0
2006-08-08 00:00:00+09:00,345.326529021956,353.5664245083801,345.326529021956,350.5700988769531,14200,0.0,0.0
2006-08-09 00:00:00+09:00,350.57016733530406,360.3082275390625,350.57016733530406,360.3082275390625,6200,0.0,0.0
2006-08-10 00:00:00+09:00,355.81368690679886,363.3045013679946,355.81368690679886,362.555419921875,9200,0.0,0.0
2006-08-11 00:00:00+09:00,355.0645995080718,366.3008210114918,355.0645995080718,361.0572509765625,9800,0.0,0.0
2006-08-14 00:00:00+09:00,367.0499083484233,370.7953155764684,367.0499083484233,370.0462341308594,6400,0.0,0.0
2006-08-15 00:00:00+09:00,367.79901420779345,370.0462586937881,364.0536067311357,368.548095703125,6100,0.0,0.0
2006-08-16 00:00:00+09:00,373.7916108994257,380.5333433605376,371.54436674572173,377.5370178222656,14700,0.0,0.0
2006-08-17 00:00:00+09:00,384.27879053601146,385.0278719990446,379.0352202947793,379.7843017578125,8700,0.0,0.0
2006-08-18 00:00:00+09:00,387.27512554093903,387.27512554093903,374.540740368413,382.03155517578125,6100,0.0,0.0
2006-08-21 00:00:00+09:00,389.52233574947815,389.52233574947815,381.2824401855469,381.2824401855469,5700,0.0,0.0
2006-08-22 00:00:00+09:00,388.02419440690863,388.7732758632926,382.03154275583665,386.5260314941406,6200,0.0,0.0
2006-08-23 00:00:00+09:00,380.53335583071913,389.5223327401062,380.53335583071913,388.024169921875,4800,0.0,0.0
2006-08-24 00:00:00+09:00,387.27511295052466,387.27511295052466,384.27878712498864,386.5260314941406,2800,0.0,0.0
2006-08-25 00:00:00+09:00,393.267798654346,393.267798654346,385.0279019206359,387.275146484375,4900,0.0,0.0
2006-08-28 00:00:00+09:00,384.2788163618608,384.2788163618608,370.0462676077178,370.79534912109375,9800,0.0,0.0
2006-08-29 00:00:00+09:00,363.3044774353269,379.784268164352,363.3044774353269,379.0351867675781,11800,0.0,0.0
2006-08-30 00:00:00+09:00,380.53333396683195,385.776903529367,371.5443575739146,375.2897644042969,4000,0.0,0.0
2006-08-31 00:00:00+09:00,373.0425839367141,376.0389099121094,363.3045245166794,376.0389099121094,10500,0.0,0.0
2006-09-01 00:00:00+09:00,376.0388856957316,376.0388856957316,370.0462341308594,370.0462341308594,6100,0.0,0.0
2006-09-04 00:00:00+09:00,365.5517061004328,370.7952756551521,364.80262473547293,367.7989501953125,9400,0.0,0.0
2006-09-05 00:00:00+09:00,364.80268822646724,368.548095703125,364.80268822646724,368.548095703125,3600,0.0,0.0
2006-09-06 00:00:00+09:00,373.0425355933872,408.99844263853294,367.04988441919625,379.0351867675781,7300,0.0,0.0
2006-09-07 00:00:00+09:00,379.7842526007555,379.7842526007555,371.5443575739146,375.2897644042969,5500,0.0,0.0
2006-09-08 00:00:00+09:00,374.5407255569307,379.03521426361385,373.79164410581683,378.2861328125,14800,0.0,0.0
2006-09-11 00:00:00+09:00,376.03890393066405,378.28614837646484,374.5407409667969,374.5407409667969,10300,0.0,0.0
2006-09-12 00:00:00+09:00,370.7952972779791,373.79162291254863,369.29713446069434,373.04254150390625,4200,0.0,0.0
2006-09-13 00:00:00+09:00,376.03884520987145,376.03884520987145,367.7989501953125,367.7989501953125,2300,0.0,0.0
2006-09-14 00:00:00+09:00,371.54446278994845,374.5407891027706,363.3045654296875,363.3045654296875,11500,0.0,0.0
2006-09-15 00:00:00+09:00,363.30451339971825,365.5517578125,363.30451339971825,365.5517578125,17300,0.0,0.0
2006-09-18 00:00:00+09:00,365.5517578125,365.5517578125,365.5517578125,365.5517578125,0,0.0,0.0
2006-09-19 00:00:00+09:00,374.540701049554,374.540701049554,359.55907300757184,364.8026428222656,3500,0.0,0.0
2006-09-20 00:00:00+09:00,368.5480811161065,370.04624404747284,355.8136961994931,357.3118591308594,9900,0.0,0.0
2006-09-21 00:00:00+09:00,353.5664155016447,358.80998522306743,353.5664155016447,355.81365966796875,7200,0.0,0.0
2006-09-22 00:00:00+09:00,352.0682616926666,355.8136687319503,349.82101746909643,350.5700988769531,10100,0.0,0.0
2006-09-25 00:00:00+09:00,361.806392013647,361.806392013647,352.06833177311404,352.8174133300781,7400,0.0,0.0
2006-09-26 00:00:00+09:00,352.06825860817884,352.06825860817884,346.0756073978269,349.8210144042969,10700,0.0,0.0
2006-09-27 00:00:00+09:00,352.06825860817884,358.06090981853083,346.0756073978269,349.8210144042969,15500,0.0,0.0
2006-09-28 00:00:00+09:00,352.06830428818523,354.31554878364176,350.57014129121427,353.56646728515625,13500,0.0,0.0
2006-09-29 00:00:00+09:00,356.56279327909823,358.06095627606925,352.06830428818523,353.56646728515625,9000,0.0,0.0
2006-10-02 00:00:00+09:00,354.31553326812684,360.30818499359196,353.5664518024437,357.3118591308594,5800,0.0,0.0
2006-10-03 00:00:00+09:00,358.81007596045424,363.3045654296875,358.0609943822487,363.3045654296875,7800,0.0,0.0
2006-10-04 00:00:00+09:00,363.3045013679946,365.55174570635336,361.80633847575547,362.555419921875,7400,0.0,0.0
2006-10-05 00:00:00+09:00,365.55174570635336,365.55174570635336,357.311849799038,362.555419921875,17400,0.0,0.0
2006-10-06 00:00:00+09:00,358.81004974621686,358.81004974621686,354.3155606053457,356.56280517578125,9000,0.0,0.0
2006-10-09 00:00:00+09:00,356.56280517578125,356.56280517578125,356.56280517578125,356.56280517578125,0,0.0,0.0
2006-10-10 00:00:00+09:00,356.56280517578125,358.0609682227383,355.8137236523027,356.56280517578125,3600,0.0,0.0
2006-10-11 00:00:00+09:00,359.5590347782258,359.5590347782258,346.824652296497,348.32281494140625,8100,0.0,0.0
2006-10-12 00:00:00+09:00,344.5775175611781,347.57384380084056,344.5775175611781,345.32659912109375,5200,0.0,0.0
2006-10-13 00:00:00+09:00,344.57740832913305,349.0718962638609,344.57740832913305,348.32281494140625,10300,0.0,0.0
2006-10-16 00:00:00+09:00,345.3265765870171,355.81371774150347,345.3265765870171,355.06463623046875,6700,0.0,0.0
2006-10-17 00:00:00+09:00,347.5738424313296,357.3119026718625,347.5738424313296,352.8174133300781,9500,0.0,0.0
2006-10-18 00:00:00+09:00,354.3155751059804,360.3082275390625,353.56649355184516,360.3082275390625,14300,0.0,0.0
2006-10-19 00:00:00+09:00,356.5627917778201,370.0462586937881,356.5627917778201,368.548095703125,23200,0.0,0.0
2006-10-20 00:00:00+09:00,370.79530334472656,370.79530334472656,361.80632629394535,367.0498962402344,14800,0.0,0.0
2006-10-23 00:00:00+09:00,370.0462586937881,370.0462586937881,365.5517697217988,368.548095703125,6500,0.0,0.0
2006-10-24 00:00:00+09:00,370.04622192382817,370.04622192382817,365.55173339843753,367.0498962402344,11200,0.0,0.0
2006-10-25 00:00:00+09:00,370.7952756551521,371.54435702011205,367.04986883035264,367.7989501953125,15600,0.0,0.0
2006-10-26 00:00:00+09:00,371.5444306344697,371.5444306344697,367.79902306759,370.79534912109375,2300,0.0,0.0
2006-10-27 00:00:00+09:00,367.79896843066206,370.7952940390585,364.8026428222656,364.8026428222656,12600,0.0,0.0
2006-10-30 00:00:00+09:00,364.05357055664064,366.300814819336,359.55908203125,359.55908203125,26100,0.0,0.0
2006-10-31 00:00:00+09:00,355.8136961994931,364.8026737876908,355.8136961994931,357.3118591308594,16200,0.0,0.0
2006-11-01 00:00:00+09:00,361.0572509765625,362.55541384368513,360.30816954300116,361.0572509765625,9000,0.0,0.0
2006-11-02 00:00:00+09:00,361.80634449146413,364.0535888671875,361.05726303288964,364.0535888671875,3800,0.0,0.0
2006-11-03 00:00:00+09:00,364.0535888671875,364.0535888671875,364.0535888671875,364.0535888671875,0,0.0,0.0
2006-11-06 00:00:00+09:00,364.0535828141142,364.80266426023377,361.0572570296359,362.555419921875,4500,0.0,0.0
2006-11-07 00:00:00+09:00,362.555419921875,364.0535828141142,361.80633847575547,362.555419921875,5400,0.0,0.0
2006-11-08 00:00:00+09:00,361.80634792495823,362.5554293906414,357.3118591308594,357.3118591308594,15500,0.0,0.0
2006-11-09 00:00:00+09:00,352.8174133300781,354.31557644400624,350.57016865918587,352.8174133300781,7000,0.0,0.0
2006-11-10 00:00:00+09:00,352.068325929296,353.5664890183569,349.8210812957048,351.3192443847656,12900,0.0,0.0
2006-11-13 00:00:00+09:00,349.07193592854463,349.07193592854463,337.83571481496483,343.07928466796875,16900,0.0,0.0
2006-11-14 00:00:00+09:00,342.33020339052905,353.5664245083801,342.33020339052905,350.5700988769531,8700,0.0,0.0
2006-11-15 00:00:00+09:00,358.06090383429273,361.0572293893914,352.0682527240954,355.81365966796875,6400,0.0,0.0
2006-11-16 00:00:00+09:00,352.06829833984375,355.06462428316155,351.3192168540143,352.06829833984375,7400,0.0,0.0
2006-11-17 00:00:00+09:00,348.3228485369375,352.8173369051561,348.3228485369375,349.0719299316406,4300,0.0,0.0
2006-11-20 00:00:00+09:00,352.0682678222656,352.0682678222656,337.0866394042969,337.0866394042969,16900,0.0,0.0
2006-11-21 00:00:00+09:00,340.83209522983486,344.57750286972316,338.5848506459019,341.5811767578125,5800,0.0,0.0
2006-11-22 00:00:00+09:00,336.33752514542056,344.5774199708095,336.33752514542056,343.8283386230469,11700,0.0,0.0
2006-11-23 00:00:00+09:00,343.8283386230469,343.8283386230469,343.8283386230469,343.8283386230469,0,0.0,0.0
2006-11-24 00:00:00+09:00,336.33756705783065,352.06827732111446,333.3412412933956,339.3338928222656,58200,0.0,0.0
2006-11-27 00:00:00+09:00,330.34492472148264,337.0866578790639,327.3485988736687,334.09033203125,42700,0.0,0.0
2006-11-28 00:00:00+09:00,332.5922270014045,334.09039018609553,329.5959006320225,333.34130859375,24000,0.0,0.0
2006-11-29 00:00:00+09:00,337.08667668821585,337.08667668821585,329.59586165069993,331.0940246582031,14600,0.0,0.0
2006-11-30 00:00:00+09:00,274.91290172803616,290.6436127260982,271.9165758236434,289.89453125,313700,0.0,0.0
2006-12-01 00:00:00+09:00,291.39271199854886,318.35964678504695,291.39271199854886,294.3890380859375,416200,0.0,0.0
2006-12-04 00:00:00+09:00,301.87983125628847,301.87983125628847,293.6399351177794,296.6362609863281,60300,0.0,0.0
2006-12-05 00:00:00+09:00,294.3890175515033,295.13809902109995,281.6546325683594,281.6546325683594,53900,0.0,0.0
2006-12-06 00:00:00+09:00,281.6545809541969,286.14906894814686,280.9054996218719,283.9018249511719,38600,0.0,0.0
2006-12-07 00:00:00+09:00,283.1527801273376,289.8945129875123,283.1527801273376,285.4000244140625,39700,0.0,0.0
2006-12-08 00:00:00+09:00,285.39998761582183,288.39631294512185,283.1527436188469,283.9018249511719,28900,0.0,0.0
2006-12-11 00:00:00+09:00,284.65093380559694,286.8981780198516,280.1564453770875,283.15277099609375,33300,0.0,0.0
2006-12-12 00:00:00+09:00,280.90557272248867,282.4037357770086,277.9092466134488,279.40740966796875,20100,0.0,0.0
2006-12-13 00:00:00+09:00,277.90920116283274,284.65093380559694,276.4110383533296,283.15277099609375,40800,0.0,0.0
2006-12-14 00:00:00+09:00,281.65465424974866,281.65465424974866,277.9092466134488,279.40740966796875,12100,0.0,0.0
2006-12-15 00:00:00+09:00,277.1601226723937,280.1564483229061,275.66195984713755,276.4110412597656,15700,0.0,0.0
2006-12-18 00:00:00+09:00,273.4146696656615,275.6619135259272,272.66558837890625,272.66558837890625,22300,0.0,0.0
2006-12-19 00:00:00+09:00,262.1784973144531,265.9239044189453,261.4294158935547,262.1784973144531,28600,0.0,0.0
2006-12-20 00:00:00+09:00,262.1784849663001,262.1784849663001,257.6839966525921,259.1821594238281,33300,0.0,0.0
2006-12-21 00:00:00+09:00,251.69129672897196,253.18945920950156,238.9569156444704,240.455078125,83500,0.0,0.0
2006-12-22 00:00:00+09:00,244.9496390964674,261.4294313292572,244.2005576313406,258.43310546875,248600,0.0,0.0
2006-12-25 00:00:00+09:00,258.4331343416682,268.1711944762818,250.1932373046875,250.1932373046875,168700,0.0,0.0
2006-12-26 00:00:00+09:00,250.1931881694674,250.1931881694674,235.21156013536753,238.2078857421875,117200,0.0,0.0
2006-12-27 00:00:00+09:00,227.72078278417672,257.68404367683155,226.97170126186035,247.94598388671875,203700,0.0,0.0
2006-12-28 00:00:00+09:00,246.44772804711837,247.94589052764798,238.2078344042056,240.455078125,71600,0.0,0.0
2006-12-29 00:00:00+09:00,238.20789184570313,243.45146179199222,238.20789184570313,239.7060546875,14500,0.0,0.0
2007-01-04 00:00:00+09:00,241.95331709224024,244.2005615234375,239.70607266104295,244.2005615234375,15900,0.0,0.0
2007-01-05 00:00:00+09:00,241.20422565050364,280.9055422948412,241.20422565050364,271.91656494140625,207200,0.0,0.0
2007-01-09 00:00:00+09:00,275.6620235958615,278.6583499392948,273.41477883828657,277.1601867675781,317800,0.0,0.0
2007-01-10 00:00:00+09:00,278.6583132536515,278.6583132536515,274.91290581744653,275.6619873046875,119700,0.0,0.0
2007-01-11 00:00:00+09:00,277.1601257324219,311.61787109375,270.41839294433595,292.1417541503906,304200,0.0,0.0
2007-01-12 00:00:00+09:00,289.1454284667969,293.6399169921875,282.40369567871096,292.1417541503906,92400,0.0,0.0
2007-01-15 00:00:00+09:00,295.8871581560542,295.8871581560542,289.8945068516278,291.3926696777344,56900,0.0,0.0
2007-01-16 00:00:00+09:00,289.89449764903964,291.39266042758766,287.6472534812176,289.1454162597656,62000,0.0,0.0
2007-01-17 00:00:00+09:00,288.39632557204123,289.14540693716344,282.40367465106374,286.8981628417969,73600,0.0,0.0
2007-01-18 00:00:00+09:00,279.4073881595693,284.65095844674613,278.65830668997256,281.6546325683594,67500,0.0,0.0
2007-01-19 00:00:00+09:00,277.16015921127445,280.1564852568017,274.912914677129,277.90924072265625,51200,0.0,0.0
2007-01-22 00:00:00+09:00,275.66198081158575,287.64728432513294,275.66198081158575,281.6546325683594,44300,0.0,0.0
2007-01-23 00:00:00+09:00,280.9056112211045,288.39642752033393,273.414794921875,273.414794921875,105900,0.0,0.0
2007-01-24 00:00:00+09:00,274.16379702188135,280.1564483229061,274.16379702188135,276.4110412597656,25700,0.0,0.0
2007-01-25 00:00:00+09:00,274.1638280501937,279.407398532028,268.9202575683594,268.9202575683594,41100,0.0,0.0
2007-01-26 00:00:00+09:00,268.9201933791518,272.66559997217615,267.422030741942,268.1711120605469,25400,0.0,0.0
2007-01-29 00:00:00+09:00,265.9238688151042,328.09761842539615,262.1784622120745,319.108642578125,1160600,0.0,0.0
2007-01-30 00:00:00+09:00,311.61787109375,316.11235961914065,309.3706268310547,314.61419677734375,441300,0.0,0.0
2007-01-31 00:00:00+09:00,325.8504266924271,356.5627657599892,325.8504266924271,346.82470703125,1343500,0.0,0.0
2007-02-01 00:00:00+09:00,339.3338390719506,348.32281494140625,337.83567642704134,348.32281494140625,475100,0.0,0.0
2007-02-02 00:00:00+09:00,348.3228824540353,352.06828979225077,341.58114924524756,342.3302307128906,256100,0.0,0.0
2007-02-05 00:00:00+09:00,340.8320093154907,340.8320093154907,331.84303324563166,335.58843994140625,204400,0.0,0.0
2007-02-06 00:00:00+09:00,331.8430965568016,336.33758544921875,331.8430965568016,336.33758544921875,106500,0.0,0.0
2007-02-07 00:00:00+09:00,336.33762467645965,338.5848693847656,333.3412983987184,338.5848693847656,67400,0.0,0.0
2007-02-08 00:00:00+09:00,336.33753063937775,338.58477471937357,333.3412051993833,337.835693359375,57700,0.0,0.0
2007-02-09 00:00:00+09:00,334.0903168786706,337.0866425905869,322.1050140310053,322.8540954589844,249500,0.0,0.0
2007-02-13 00:00:00+09:00,320.60683008712556,331.84305076774916,320.60683008712556,325.101318359375,80300,0.0,0.0
2007-02-14 00:00:00+09:00,326.5994421857285,332.59209250106295,325.85036089631166,330.3448486328125,42600,0.0,0.0
2007-02-15 00:00:00+09:00,335.58843994140625,337.08660261971613,330.3448705673218,335.58843994140625,37200,0.0,0.0
2007-02-16 00:00:00+09:00,337.086695840914,337.8357773872271,322.1050649146511,328.09771728515625,39500,0.0,0.0
2007-02-19 00:00:00+09:00,334.090279616093,334.090279616093,326.599466171786,328.8467102050781,23500,0.0,0.0
2007-02-20 00:00:00+09:00,328.09773917362605,331.84314715506014,323.60324959590514,325.8504943847656,31400,0.0,0.0
2007-02-21 00:00:00+09:00,325.85040897744744,330.34489737713636,319.8577577778622,327.34857177734375,19600,0.0,0.0
2007-02-22 00:00:00+09:00,329.59581287629015,329.59581287629015,323.6031617330849,326.5994873046875,25600,0.0,0.0
2007-02-23 00:00:00+09:00,323.6032153980152,332.5921936035156,323.6032153980152,332.5921936035156,30600,0.0,0.0
2007-02-26 00:00:00+09:00,334.0903696556614,334.0903696556614,324.35230955359054,328.09771728515625,33100,0.0,0.0
2007-02-27 00:00:00+09:00,331.093982272678,351.3191802848099,326.59949382553754,350.5700988769531,65000,0.0,0.0
2007-02-28 00:00:00+09:00,324.3523129405698,360.3082275390625,322.105068278164,360.3082275390625,112900,0.0,0.0
2007-03-01 00:00:00+09:00,364.05355782570246,373.79161595684263,340.8320345899066,349.0719299316406,95300,0.0,0.0
2007-03-02 00:00:00+09:00,346.82471951874913,352.81737125989383,340.83206777760444,342.3302307128906,77200,0.0,0.0
2007-03-05 00:00:00+09:00,342.33028770189605,360.3082459181882,332.5922270014045,333.34130859375,56900,0.0,0.0
2007-03-06 00:00:00+09:00,329.5958694625687,345.3265814141913,328.097706419557,340.83209228515625,35900,0.0,0.0
2007-03-07 00:00:00+09:00,340.8320345899066,360.308150852187,340.8320345899066,349.0719299316406,55800,0.0,0.0
2007-03-08 00:00:00+09:00,345.326529021956,352.0682616926666,339.3338777591021,350.5700988769531,16000,0.0,0.0
2007-03-09 00:00:00+09:00,343.0793377531677,357.3118866992598,341.5811747062106,356.56280517578125,43500,0.0,0.0
2007-03-12 00:00:00+09:00,358.81000968980493,362.5554168890722,358.0609282499515,361.80633544921875,28000,0.0,0.0
2007-03-13 00:00:00+09:00,364.05359232200766,364.05359232200766,355.06461473380995,357.3118591308594,25500,0.0,0.0
2007-03-14 00:00:00+09:00,344.5774834815492,355.81370576899104,343.0793205098903,352.06829833984375,21000,0.0,0.0
2007-03-15 00:00:00+09:00,354.3154996945622,356.56274387867154,348.3228485369375,349.0719299316406,23500,0.0,0.0
2007-03-16 00:00:00+09:00,360.30816345214845,360.30816345214845,344.57745361328125,344.57745361328125,12200,0.0,0.0
2007-03-19 00:00:00+09:00,347.5738009863922,352.06828979225077,333.3412531011736,342.3302307128906,22700,0.0,0.0
2007-03-20 00:00:00+09:00,341.5811466507848,341.5811466507848,333.34125056929656,334.09033203125,21400,0.0,0.0
2007-03-22 00:00:00+09:00,322.85412894354926,333.34127002292206,319.10872141520184,323.60321044921875,38100,0.0,0.0
2007-03-23 00:00:00+09:00,325.8504943847656,326.5995759810524,323.60324959590514,325.8504943847656,15500,0.0,0.0
2007-03-26 00:00:00+09:00,326.5995759810524,326.5995759810524,319.1087600181842,325.8504943847656,16000,0.0,0.0
2007-03-27 00:00:00+09:00,319.1086673297091,328.09764387420796,319.1086673297091,325.101318359375,10800,0.0,0.0
2007-03-28 00:00:00+09:00,326.5995025988798,329.5958283107961,322.1050140310053,322.8540954589844,12300,0.0,0.0
2007-03-29 00:00:00+09:00,325.85047688517534,325.85047688517534,319.1087428806545,321.3559875488281,7700,0.0,0.0
2007-03-30 00:00:00+09:00,321.35592956542973,325.1013366699219,321.35592956542973,322.1050109863281,4400,0.0,0.0
2007-04-02 00:00:00+09:00,325.85038971164727,325.85038971164727,314.6141693767629,315.3632507324219,22900,0.0,0.0
2007-04-03 00:00:00+09:00,315.3632720509214,319.8577604887018,310.8687836131411,313.11602783203125,5800,0.0,0.0
2007-04-04 00:00:00+09:00,313.86510031307444,319.1086700080423,313.11601892807903,318.3595886230469,6000,0.0,0.0
2007-04-05 00:00:00+09:00,318.3595949779659,328.84673457724006,315.36326937817324,327.34857177734375,5300,0.0,0.0
2007-04-06 00:00:00+09:00,329.5957983993902,341.581100159368,329.5957983993902,337.835693359375,14600,0.0,0.0
2007-04-09 00:00:00+09:00,337.8357208251953,346.8246978759766,334.09031372070314,344.57745361328125,15500,0.0,0.0
2007-04-10 00:00:00+09:00,348.32294044066015,348.32294044066015,333.34130859375,333.34130859375,19900,0.0,0.0
2007-04-11 00:00:00+09:00,330.34488110293705,332.5921251920727,316.1123352050781,316.1123352050781,22500,0.0,0.0
2007-04-12 00:00:00+09:00,315.36329031890295,326.59951206423204,314.61420886921434,317.61053466796875,15500,0.0,0.0
2007-04-13 00:00:00+09:00,315.36329031890295,325.8504306145434,313.8651274195257,317.61053466796875,21300,0.0,0.0
2007-04-16 00:00:00+09:00,318.3596784218974,325.8504943847656,318.3596784218974,325.8504943847656,6000,0.0,0.0
2007-04-17 00:00:00+09:00,328.8467314833895,337.08662680529676,325.1013245188862,326.5994873046875,7200,0.0,0.0
2007-04-18 00:00:00+09:00,326.5994421857285,332.59209250106295,324.35219831747804,330.3448486328125,5100,0.0,0.0
2007-04-19 00:00:00+09:00,331.09397877708454,333.341222976929,327.34857177734375,327.34857177734375,12300,0.0,0.0
2007-04-20 00:00:00+09:00,325.8504943847656,327.3486575773392,325.1014127884788,325.8504943847656,5000,0.0,0.0
2007-04-23 00:00:00+09:00,325.8504726462168,331.09404347040885,325.8504726462168,328.09771728515625,8900,0.0,0.0
2007-04-24 00:00:00+09:00,329.5957673433957,331.8430112116461,328.0976047645621,330.3448486328125,14800,0.0,0.0
2007-04-25 00:00:00+09:00,331.84306017703267,331.84306017703267,327.34857177734375,327.34857177734375,10100,0.0,0.0
2007-04-26 00:00:00+09:00,330.34493525078955,352.06829833984375,325.8504463358128,352.06829833984375,17200,0.0,0.0
2007-04-27 00:00:00+09:00,349.0718867314326,349.0718867314326,343.82831761744114,346.0755615234375,11900,0.0,0.0
2007-05-01 00:00:00+09:00,343.079314164038,359.5591065474634,341.58115122009025,358.0609436035156,14200,0.0,0.0
2007-05-02 00:00:00+09:00,359.5591473427548,359.5591473427548,348.32292398829367,352.8174133300781,8800,0.0,0.0
2007-05-07 00:00:00+09:00,359.55911927304027,359.55911927304027,343.82840780484474,353.56646728515625,16100,0.0,0.0
2007-05-08 00:00:00+09:00,354.3154968904194,358.06090383429273,352.81733411287007,355.81365966796875,9400,0.0,0.0
2007-05-09 00:00:00+09:00,358.0609682227383,358.0609682227383,354.3155606053457,356.56280517578125,5800,0.0,0.0
2007-05-10 00:00:00+09:00,356.56279327909823,356.56279327909823,352.81738578667074,353.56646728515625,10600,0.0,0.0
2007-05-11 00:00:00+09:00,352.06830428818523,353.56646728515625,352.06830428818523,353.56646728515625,7200,0.0,0.0
2007-05-14 00:00:00+09:00,355.8137117806128,356.56279327909823,352.81738578667074,353.56646728515625,10100,0.0,0.0
2007-05-15 00:00:00+09:00,356.56275013980706,356.56275013980706,349.82101746909643,350.5700988769531,13200,0.0,0.0
2007-05-16 00:00:00+09:00,337.0866578790639,337.0866578790639,333.34125056929656,334.09033203125,12800,0.0,0.0
2007-05-17 00:00:00+09:00,337.08666090997275,337.08666090997275,334.83941650390625,334.83941650390625,3100,0.0,0.0
2007-05-18 00:00:00+09:00,331.8430535529642,331.8430535529642,317.61050723805147,318.3595886230469,5500,0.0,0.0
2007-05-21 00:00:00+09:00,318.3596128679588,334.0903231508462,318.3596128679588,324.3522644042969,5900,0.0,0.0
2007-05-22 00:00:00+09:00,328.8467252529162,328.8467252529162,319.1086673297091,325.101318359375,6400,0.0,0.0
2007-05-23 00:00:00+09:00,328.0976047645621,334.09025507989656,319.10862929156036,330.3448486328125,8100,0.0,0.0
2007-05-24 00:00:00+09:00,325.1013953291175,325.85047688517534,321.3559875488281,321.3559875488281,1600,0.0,0.0
2007-05-25 00:00:00+09:00,321.3559875488281,321.3559875488281,320.60690599277024,321.3559875488281,6600,0.0,0.0
2007-05-28 00:00:00+09:00,317.61049793116854,318.35957929421375,314.6141724789877,316.1123352050781,7300,0.0,0.0
2007-05-29 00:00:00+09:00,315.36328117919356,323.60317688696347,315.36328117919356,322.8540954589844,10800,0.0,0.0
2007-05-30 00:00:00+09:00,331.09404934969814,333.3412940285422,329.59588623046875,329.59588623046875,8200,0.0,0.0
2007-05-31 00:00:00+09:00,348.322841963579,358.8099812915147,340.08294677734375,340.08294677734375,21000,0.0,0.0
2007-06-01 00:00:00+09:00,340.8320017168599,349.0718962638609,340.8320017168599,348.32281494140625,9700,0.0,0.0
2007-06-04 00:00:00+09:00,348.32283239935555,348.32283239935555,337.835693359375,337.835693359375,8800,0.0,0.0
2007-06-05 00:00:00+09:00,337.086660439389,343.0793121805337,337.086660439389,342.3302307128906,8400,0.0,0.0
2007-06-06 00:00:00+09:00,343.82835368017794,343.82835368017794,340.08294677734375,340.08294677734375,2100,0.0,0.0
2007-06-07 00:00:00+09:00,338.5848238473504,338.5848238473504,334.09033503521744,334.83941650390625,3000,0.0,0.0
2007-06-08 00:00:00+09:00,327.3485809326172,327.3485809326172,315.3632781982422,322.1050109863281,28700,0.0,0.0
2007-06-11 00:00:00+09:00,322.1049781052018,330.3448728939395,321.3558967607711,328.8467102050781,18600,0.0,0.0
2007-06-12 00:00:00+09:00,323.60321044921875,327.34861797756616,323.60321044921875,323.60321044921875,6300,0.0,0.0
2007-06-13 00:00:00+09:00,324.3523137730596,324.3523137730596,319.1087428806545,321.3559875488281,6800,0.0,0.0
2007-06-14 00:00:00+09:00,319.1087040534386,319.1087040534386,310.1197264744685,311.6178894042969,37300,0.0,0.0
2007-06-15 00:00:00+09:00,307.12337658165745,314.6141906446247,307.12337658165745,313.11602783203125,27600,0.0,0.0
2007-06-18 00:00:00+09:00,315.3632507324219,317.61049479939874,313.86508802110393,315.3632507324219,11800,0.0,0.0
2007-06-19 00:00:00+09:00,315.36329672886774,316.1123781937819,311.6178894042969,311.6178894042969,7100,0.0,0.0
2007-06-20 00:00:00+09:00,311.6178830704599,320.60686046672316,311.6178830704599,317.61053466796875,16500,0.0,0.0
2007-06-21 00:00:00+09:00,318.359597821102,320.6068420410156,317.6105164144641,320.6068420410156,4500,0.0,0.0
2007-06-22 00:00:00+09:00,321.3559326030262,323.60317688696347,321.3559326030262,322.8540954589844,10200,0.0,0.0
2007-06-25 00:00:00+09:00,319.85776672363284,319.85776672363284,314.61419677734375,314.61419677734375,9000,0.0,0.0
2007-06-26 00:00:00+09:00,312.3669464257345,313.11602783203125,312.3669464257345,313.11602783203125,8200,0.0,0.0
2007-06-27 00:00:00+09:00,312.36697086921106,313.11605233412524,311.6178894042969,311.6178894042969,8700,0.0,0.0
2007-06-28 00:00:00+09:00,318.3595612575191,319.108642578125,316.1123172957013,319.108642578125,6300,0.0,0.0
2007-06-29 00:00:00+09:00,322.85415066094384,325.85047688517534,319.1087428806545,321.3559875488281,14700,0.0,0.0
2007-07-02 00:00:00+09:00,322.1049955480239,324.3522397030101,316.11234446806066,318.3595886230469,4600,0.0,0.0
2007-07-03 00:00:00+09:00,318.3595612575191,324.3522118223665,314.6141546544894,319.108642578125,9300,0.0,0.0
2007-07-04 00:00:00+09:00,320.6069001459126,324.3523078578976,317.61057397632464,319.8578186035156,2700,0.0,0.0
2007-07-05 00:00:00+09:00,327.3485371047902,334.09026899024354,314.6141546544894,319.108642578125,19800,0.0,0.0
2007-07-06 00:00:00+09:00,316.86145321828013,318.35961611765737,316.86145321828013,317.61053466796875,6200,0.0,0.0
2007-07-09 00:00:00+09:00,316.86149243392765,319.8578186035156,316.86149243392765,319.8578186035156,800,0.0,0.0
2007-07-10 00:00:00+09:00,319.8577513930377,319.8577513930377,316.11234446806066,318.3595886230469,5600,0.0,0.0
2007-07-11 00:00:00+09:00,315.3632507324219,318.3595761550577,314.6141693767629,315.3632507324219,4500,0.0,0.0
2007-07-12 00:00:00+09:00,315.36329031890295,319.108697567346,314.61420886921434,317.61053466796875,4600,0.0,0.0
2007-07-13 00:00:00+09:00,317.61049793116854,318.35957929421375,313.8650911159425,316.1123352050781,4600,0.0,0.0
2007-07-17 00:00:00+09:00,315.3632720509214,315.3632720509214,313.11602783203125,313.11602783203125,4600,0.0,0.0
2007-07-18 00:00:00+09:00,315.36325693694135,319.108663788924,310.8687687145621,316.8614196777344,13100,0.0,0.0
2007-07-19 00:00:00+09:00,329.59581597718824,329.59581597718824,326.59949037739557,327.34857177734375,14900,0.0,0.0
2007-07-20 00:00:00+09:00,325.1013397429216,325.1013397429216,322.8540954589844,322.8540954589844,10300,0.0,0.0
2007-07-23 00:00:00+09:00,319.8577513930377,325.85040247300094,316.86142585305606,318.3595886230469,16100,0.0,0.0
2007-07-24 00:00:00+09:00,319.8578186035156,322.1050632307066,319.10873706111863,319.8578186035156,9200,0.0,0.0
2007-07-25 00:00:00+09:00,322.1050632307066,322.8541447731036,316.86149243392765,319.8578186035156,11700,0.0,0.0
2007-07-26 00:00:00+09:00,316.11243363303697,326.5995759810524,316.11243363303697,325.8504943847656,37100,0.0,0.0
2007-07-27 00:00:00+09:00,329.59588381951664,385.77700037966156,329.59588381951664,360.3082275390625,191600,0.0,0.0
2007-07-30 00:00:00+09:00,350.5701167839618,363.3045013679946,332.592162077092,362.555419921875,149200,0.0,0.0
2007-07-31 00:00:00+09:00,361.0572117842536,366.30078125,361.0572117842536,366.30078125,59300,0.0,0.0
2007-08-01 00:00:00+09:00,367.0499733207152,370.0462996335374,361.80640227327643,363.3045654296875,23700,0.0,0.0
2007-08-02 00:00:00+09:00,364.0535767108078,368.5480653121758,359.5590881094398,361.0572509765625,12500,0.0,0.0
2007-08-03 00:00:00+09:00,361.0572664592751,363.30451085632455,357.3118591308594,357.3118591308594,13100,0.0,0.0
2007-08-06 00:00:00+09:00,343.07928479838574,350.5700988769531,343.07928479838574,350.5700988769531,18800,0.0,0.0
2007-08-07 00:00:00+09:00,344.57744748311273,346.07561029825666,343.07928466796875,343.07928466796875,11300,0.0,0.0
2007-08-08 00:00:00+09:00,341.58119566250696,348.3229297874248,337.8357878153303,338.5848693847656,12100,0.0,0.0
2007-08-09 00:00:00+09:00,352.0682769194718,361.05725420252213,352.0682769194718,354.3155212402344,19700,0.0,0.0
2007-08-10 00:00:00+09:00,344.57739891943993,346.0755615234375,343.07923631544236,346.0755615234375,12300,0.0,0.0
2007-08-13 00:00:00+09:00,343.07925727528425,344.5774199708095,341.581094579759,343.8283386230469,5100,0.0,0.0
2007-08-14 00:00:00+09:00,337.83573934101736,337.83573934101736,331.8430876453896,334.09033203125,9400,0.0,0.0
2007-08-15 00:00:00+09:00,333.3412198407934,334.0903012336941,326.5994873046875,326.5994873046875,9800,0.0,0.0
2007-08-16 00:00:00+09:00,310.1196930299322,312.366937182323,307.12336749341114,310.8687744140625,11200,0.0,0.0
2007-08-17 00:00:00+09:00,314.6142225409273,314.6142225409273,298.1344299316406,298.1344299316406,13300,0.0,0.0
2007-08-20 00:00:00+09:00,324.3522791505168,324.3522791505168,288.39636829780363,289.89453125,12000,0.0,0.0
2007-08-21 00:00:00+09:00,286.14914705300635,298.88353317840193,285.4000655162184,295.88720703125,9100,0.0,0.0
2007-08-22 00:00:00+09:00,299.63259289612125,299.63259289612125,298.1344299316406,298.1344299316406,6400,0.0,0.0
2007-08-23 00:00:00+09:00,299.6326408763923,302.62896728515625,298.8835592742014,302.62896728515625,5000,0.0,0.0
2007-08-24 00:00:00+09:00,302.62891524781173,304.87615966796875,299.63258935426904,304.87615966796875,3300,0.0,0.0
2007-08-27 00:00:00+09:00,303.37805461413757,304.12713623046875,303.37805461413757,304.12713623046875,2100,0.0,0.0
2007-08-28 00:00:00+09:00,304.8761269105684,328.8467314833895,304.12704551766774,326.5994873046875,18800,0.0,0.0
2007-08-29 00:00:00+09:00,328.09766545483797,328.09766545483797,322.1050140310053,322.8540954589844,9500,0.0,0.0
2007-08-30 00:00:00+09:00,327.3485901724659,327.3485901724659,322.85410152021234,324.3522644042969,18900,0.0,0.0
2007-08-31 00:00:00+09:00,326.5995599920099,329.59588623046875,325.1013968727805,329.59588623046875,4800,0.0,0.0
2007-09-03 00:00:00+09:00,330.34490032730815,330.34490032730815,316.1123536011883,320.6068420410156,6100,0.0,0.0
2007-09-04 00:00:00+09:00,319.8578186035156,320.6069001459126,315.36332934913366,319.8578186035156,5700,0.0,0.0
2007-09-05 00:00:00+09:00,316.11241801769467,316.8614995769783,313.86517333984375,313.86517333984375,11800,0.0,0.0
2007-09-06 00:00:00+09:00,308.6215879283665,316.1124031693463,304.12709878377865,310.1197509765625,4800,0.0,0.0
2007-09-07 00:00:00+09:00,302.6289211730211,310.86881754159344,302.6289211730211,306.37432861328125,7300,0.0,0.0
2007-09-10 00:00:00+09:00,280.1564514160156,292.1417541503906,277.1601257324219,292.1417541503906,17600,0.0,0.0
2007-09-11 00:00:00+09:00,284.6508947595373,288.39630126953125,269.66926871956167,288.39630126953125,22500,0.0,0.0
2007-09-12 00:00:00+09:00,298.8834743203277,299.6325557096017,288.3963348704916,289.1454162597656,8700,0.0,0.0
2007-09-13 00:00:00+09:00,274.9129581817209,277.1602030714897,273.414794921875,273.414794921875,6100,0.0,0.0
2007-09-14 00:00:00+09:00,280.90559469686974,292.14181848474453,277.1601867675781,277.1601867675781,24000,0.0,0.0
2007-09-18 00:00:00+09:00,277.90926835343646,277.90926835343646,277.1601867675781,277.1601867675781,8300,0.0,0.0
2007-09-19 00:00:00+09:00,286.1491334614001,286.1491334614001,284.6509704589844,284.6509704589844,6000,0.0,0.0
2007-09-20 00:00:00+09:00,285.39998761582183,285.39998761582183,283.9018249511719,283.9018249511719,7200,0.0,0.0
2007-09-21 00:00:00+09:00,272.66565493319894,281.6546325683594,272.66565493319894,281.6546325683594,4800,0.0,0.0
2007-09-25 00:00:00+09:00,285.40000319480896,288.39632868766785,274.91286396980286,287.6472473144531,4600,0.0,0.0
2007-09-26 00:00:00+09:00,290.6435451755276,292.1417077795251,284.6508947595373,288.39630126953125,3900,0.0,0.0
2007-09-27 00:00:00+09:00,292.141793520396,297.3853641733262,292.141793520396,294.3890380859375,4100,0.0,0.0
2007-09-28 00:00:00+09:00,293.6398703835227,293.6398703835227,279.4073256455458,288.39630126953125,4000,0.0,0.0
2007-10-01 00:00:00+09:00,292.89085715439273,302.62891634366923,289.89453125,289.89453125,5800,0.0,0.0
2007-10-02 00:00:00+09:00,289.8945009630333,299.63255913491815,289.8945009630333,297.38531494140625,7700,0.0,0.0
2007-10-03 00:00:00+09:00,298.8834809695973,307.1233764349246,298.8834809695973,305.6252136230469,6800,0.0,0.0
2007-10-04 00:00:00+09:00,302.6288879992915,307.1233764349246,301.1307251874139,305.6252136230469,8600,0.0,0.0
2007-10-05 00:00:00+09:00,302.62893573558273,310.1197509765625,302.62893573558273,310.1197509765625,7000,0.0,0.0
2007-10-09 00:00:00+09:00,314.614156819076,318.3595634478745,310.1196688645178,312.3669128417969,13400,0.0,0.0
2007-10-10 00:00:00+09:00,310.1196774366425,310.1196774366425,307.12335205078125,307.12335205078125,3000,0.0,0.0
2007-10-11 00:00:00+09:00,303.37801436823736,310.8688295378235,301.13076981736157,309.37066650390625,11000,0.0,0.0
2007-10-12 00:00:00+09:00,306.3742549189815,309.37058015046296,303.3779296875,303.3779296875,9700,0.0,0.0
2007-10-15 00:00:00+09:00,310.86878967285156,314.61419677734375,307.8724639892578,314.61419677734375,9200,0.0,0.0
2007-10-16 00:00:00+09:00,303.37802239912975,303.37802239912975,295.88720703125,295.88720703125,18400,0.0,0.0
2007-10-17 00:00:00+09:00,292.141772183505,298.8835053877397,292.141772183505,296.6362609863281,6500,0.0,0.0
2007-10-18 00:00:00+09:00,293.63995656409037,301.8798533044092,289.14546743300735,294.3890380859375,3600,0.0,0.0
2007-10-19 00:00:00+09:00,289.1454162597656,289.1454162597656,289.1454162597656,289.1454162597656,3600,0.0,0.0
2007-10-22 00:00:00+09:00,288.39632244010244,288.39632244010244,280.90550887022965,286.1490783691406,3400,0.0,0.0
2007-10-23 00:00:00+09:00,293.6399416579414,293.6399416579414,290.64361572265625,290.64361572265625,3400,0.0,0.0
2007-10-24 00:00:00+09:00,294.38902010658916,298.8835089631783,287.6472868217054,289.89453125,9800,0.0,0.0
2007-10-25 00:00:00+09:00,294.3890045321718,294.3890045321718,293.6399230957031,293.6399230957031,9800,0.0,0.0
2007-10-26 00:00:00+09:00,290.64360332973115,295.1380920410156,289.89452187785037,295.1380920410156,1900,0.0,0.0
2007-10-29 00:00:00+09:00,299.6326010302615,307.87249755859375,299.6326010302615,307.87249755859375,12800,0.0,0.0
2007-10-30 00:00:00+09:00,307.1233764349246,307.1233764349246,305.6252136230469,305.6252136230469,12800,0.0,0.0
2007-10-31 00:00:00+09:00,304.1270508111692,305.6252136230469,303.3779694052304,305.6252136230469,1800,0.0,0.0
2007-11-01 00:00:00+09:00,305.6252136230469,305.6252136230469,305.6252136230469,305.6252136230469,1800,0.0,0.0
2007-11-02 00:00:00+09:00,309.3706545654894,309.3706545654894,299.63259522081296,306.37432861328125,5700,0.0,0.0
2007-11-05 00:00:00+09:00,298.88353317840193,299.6326147151899,292.14179934731015,295.88720703125,6000,0.0,0.0
2007-11-06 00:00:00+09:00,289.8945489548545,294.3890380859375,289.8945489548545,294.3890380859375,6000,0.0,0.0
2007-11-07 00:00:00+09:00,291.3926696777344,291.3926696777344,291.3926696777344,291.3926696777344,6000,0.0,0.0
2007-11-08 00:00:00+09:00,287.64724108311515,287.64724108311515,286.1490783691406,286.1490783691406,6000,0.0,0.0
2007-11-09 00:00:00+09:00,283.1527651455736,289.1454162597656,283.1527651455736,289.1454162597656,6000,0.0,0.0
2007-11-12 00:00:00+09:00,285.40004353952014,285.40004353952014,274.91290283203125,274.91290283203125,6000,0.0,0.0
2007-11-13 00:00:00+09:00,277.16009296024697,283.9018249511719,277.16009296024697,283.9018249511719,2400,0.0,0.0
2007-11-14 00:00:00+09:00,285.4000152103485,285.4000152103485,283.15277099609375,283.15277099609375,2400,0.0,0.0
2007-11-15 00:00:00+09:00,284.6509704589844,284.6509704589844,283.9018889577765,284.6509704589844,3300,0.0,0.0
2007-11-16 00:00:00+09:00,284.65095844674613,284.65095844674613,281.6546325683594,281.6546325683594,3300,0.0,0.0
2007-11-19 00:00:00+09:00,283.90187697714947,283.90187697714947,280.90555109876266,281.6546325683594,5400,0.0,0.0
2007-11-20 00:00:00+09:00,263.67673373287676,273.414794921875,263.67673373287676,273.414794921875,5400,0.0,0.0
2007-11-21 00:00:00+09:00,280.15652959118154,280.15652959118154,273.414794921875,273.414794921875,5400,0.0,0.0
2007-11-22 00:00:00+09:00,268.17117072113655,268.17117072113655,259.9312744140625,259.9312744140625,5400,0.0,0.0
2007-11-26 00:00:00+09:00,263.6766129378434,274.91283223917196,258.4330439305568,272.66558837890625,8600,0.0,0.0
2007-11-27 00:00:00+09:00,269.6191652062821,277.9971618652344,269.6191652062821,277.9971618652344,5400,6.0,0.0
2007-11-28 00:00:00+09:00,272.66564107592643,278.75872802734375,272.66564107592643,278.75872802734375,6500,0.0,0.0
2007-11-29 00:00:00+09:00,289.4216613769531,289.4216613769531,289.4216613769531,289.4216613769531,6500,0.0,0.0
2007-11-30 00:00:00+09:00,289.2769443986775,289.2769443986775,287.1367492675781,287.1367492675781,6500,0.0,0.0
2007-12-03 00:00:00+09:00,287.1367537674891,287.1367537674891,284.0902099609375,284.0902099609375,6500,0.0,0.0
2007-12-04 00:00:00+09:00,272.66562354597687,276.473802645781,271.90398772601606,274.9505310058594,6200,0.0,0.0
2007-12-05 00:00:00+09:00,274.95053502357973,274.95053502357973,271.90399169921875,271.90399169921875,6200,0.0,0.0
2007-12-06 00:00:00+09:00,271.90399576246574,271.90399576246574,268.8574523925781,268.8574523925781,6200,0.0,0.0
2007-12-07 00:00:00+09:00,273.427267964681,275.71217549641926,272.66563212076824,274.18890380859375,6100,0.0,0.0
2007-12-10 00:00:00+09:00,274.95057903491687,274.95057903491687,273.42730712890625,273.42730712890625,6100,0.0,0.0
2007-12-11 00:00:00+09:00,266.5725966631356,269.619140625,266.5725966631356,269.619140625,8200,0.0,0.0
2007-12-12 00:00:00+09:00,260.47945303958636,263.52599634999086,258.19454555678294,261.2410888671875,21500,0.0,0.0
2007-12-13 00:00:00+09:00,258.9561940932415,258.9561940932415,257.43292236328125,257.43292236328125,21500,0.0,0.0
2007-12-14 00:00:00+09:00,257.432931056716,259.717838728817,255.14802338461493,256.6712951660156,20100,0.0,0.0
2007-12-17 00:00:00+09:00,248.29331970214847,248.29331970214847,248.29331970214847,248.29331970214844,20100,0.0,0.0
2007-12-18 00:00:00+09:00,246.770023727417,247.5316596031189,236.10712146759033,243.72348022460938,10700,0.0,0.0
2007-12-19 00:00:00+09:00,239.91531591445874,239.91531591445874,238.3920440673828,238.3920440673828,20100,0.0,0.0
2007-12-20 00:00:00+09:00,231.537362378816,231.537362378816,230.77572631835938,230.77572631835938,20100,0.0,0.0
2007-12-21 00:00:00+09:00,230.77566120756563,233.82220458984375,230.77566120756563,233.82220458984375,20100,0.0,0.0
2007-12-25 00:00:00+09:00,236.1071362967689,238.3920440673828,236.1071362967689,238.3920440673828,20100,0.0,0.0
2007-12-26 00:00:00+09:00,239.1536273467235,239.1536273467235,237.63035583496094,237.63035583496094,4800,0.0,0.0
2007-12-27 00:00:00+09:00,237.630373062626,237.630373062626,236.1071014404297,236.1071014404297,4800,0.0,0.0
2007-12-28 00:00:00+09:00,236.1071762335105,236.8688122858767,232.2989959716797,232.2989959716797,5000,0.0,0.0
2008-01-04 00:00:00+09:00,236.86877977378052,236.86877977378052,212.49642944335938,212.49642944335938,9000,0.0,0.0
2008-01-07 00:00:00+09:00,213.25806539118503,213.25806539118503,212.49642944335938,212.49642944335938,4800,0.0,0.0
2008-01-08 00:00:00+09:00,204.88004823164508,204.88004823164508,198.02532542835584,201.07186889648438,21700,0.0,0.0
2008-01-09 00:00:00+09:00,201.07186889648438,201.07186889648438,201.07186889648438,201.07186889648438,21700,0.0,0.0
2008-01-10 00:00:00+09:00,194.2171630859375,195.74043495327817,192.6938912185968,194.2171630859375,7200,0.0,0.0
2008-01-11 00:00:00+09:00,194.97881201361866,195.74044799804688,193.45554004476227,195.74044799804688,12000,0.0,0.0
2008-01-15 00:00:00+09:00,196.50206419910015,196.50206419910015,188.1240692138672,188.1240692138672,12000,0.0,0.0
2008-01-16 00:00:00+09:00,182.79263145045232,182.79263145045232,166.79827619853774,173.6529998779297,16200,0.0,0.0
2008-01-17 00:00:00+09:00,175.17627780720338,180.5077297404661,175.17627780720338,179.74609375,26700,0.0,0.0
2008-01-18 00:00:00+09:00,186.6008076217939,220.11278939876917,186.6008076217939,201.83352661132812,75600,0.0,0.0
2008-01-21 00:00:00+09:00,218.58954432390738,220.11281640978828,208.68827576568162,210.2115478515625,131100,0.0,0.0
2008-01-22 00:00:00+09:00,213.25805234237455,222.39768315704774,213.25805234237455,216.30459594726562,156700,0.0,0.0
2008-01-23 00:00:00+09:00,239.15367564493172,241.43858337402344,239.15367564493172,241.43858337402344,156700,0.0,0.0
2008-01-24 00:00:00+09:00,252.10154979207235,255.9097303025266,249.05500538370893,250.57827758789062,402900,0.0,0.0
2008-01-25 00:00:00+09:00,250.57827758789062,250.57827758789062,250.57827758789062,250.57827758789062,402900,0.0,0.0
2008-01-28 00:00:00+09:00,247.53168375214187,248.29331970214847,247.53168375214187,248.29331970214844,402900,0.0,0.0
2008-01-29 00:00:00+09:00,244.48511610031127,245.24675197601317,242.20020847320555,243.72348022460938,93400,0.0,0.0
2008-01-30 00:00:00+09:00,242.2001973405669,245.24674070334132,239.15365397779246,240.6769256591797,83900,0.0,0.0
2008-01-31 00:00:00+09:00,243.72349110311515,243.72349110311515,240.67694746432622,241.43858337402344,41400,0.0,0.0
2008-02-01 00:00:00+09:00,241.43855089528435,242.96182250976562,241.43855089528435,242.96182250976562,41400,0.0,0.0
2008-02-04 00:00:00+09:00,245.2467716559537,246.00840759277344,245.2467716559537,246.00840759277344,41400,0.0,0.0
2008-02-05 00:00:00+09:00,246.00837711842135,268.8574523925781,246.00837711842135,268.8574523925781,41400,0.0,0.0
2008-02-06 00:00:00+09:00,257.43292236328125,257.43292236328125,257.43292236328125,257.43292236328125,41400,0.0,0.0
2008-02-07 00:00:00+09:00,254.386451810949,258.9562683105469,254.386451810949,258.9562683105469,41400,0.0,0.0
2008-02-08 00:00:00+09:00,252.86312866210938,252.86312866210938,252.86312866210938,252.86312866210938,41400,0.0,0.0
2008-02-12 00:00:00+09:00,249.81656014953438,265.8109130859375,249.81656014953438,265.8109130859375,28900,0.0,0.0
2008-02-13 00:00:00+09:00,258.1945495605469,258.1945495605469,258.1945495605469,258.1945495605469,28900,0.0,0.0
2008-02-14 00:00:00+09:00,250.57824876065737,258.1946089053582,249.8166127461873,254.3864288330078,41100,0.0,0.0
2008-02-15 00:00:00+09:00,258.1945370518884,266.5725308795308,249.05490742173308,262.0027160644531,26000,0.0,0.0
2008-02-18 00:00:00+09:00,256.67130831063514,256.67130831063514,252.86312866210938,252.86312866210938,26000,0.0,0.0
2008-02-19 00:00:00+09:00,257.4329186906787,265.8109130859375,257.4329186906787,265.8109130859375,26000,0.0,0.0
2008-02-20 00:00:00+09:00,266.57258799378303,270.3807678222656,266.57258799378303,270.3807678222656,26000,0.0,0.0
2008-02-21 00:00:00+09:00,264.2876762058424,271.14239979619566,262.764404296875,262.764404296875,28300,0.0,0.0
2008-02-22 00:00:00+09:00,270.380763316885,273.42730712890625,270.380763316885,273.42730712890625,28300,0.0,0.0
2008-02-25 00:00:00+09:00,316.84055040829145,316.84055040829145,303.131103515625,303.131103515625,28300,0.0,0.0
2008-02-26 00:00:00+09:00,304.6543888159987,306.9392967321187,299.32293701171875,299.32293701171875,41500,0.0,0.0
2008-02-27 00:00:00+09:00,305.416015625,305.416015625,305.416015625,305.416015625,41500,0.0,0.0
2008-02-28 00:00:00+09:00,293.229832286284,293.229832286284,290.18328857421875,290.18328857421875,41500,0.0,0.0
2008-02-29 00:00:00+09:00,284.0902503444724,284.0902503444724,277.9971618652344,277.9971618652344,41500,0.0,0.0
2008-03-03 00:00:00+09:00,270.38072003703826,279.5203500101212,270.38072003703826,271.90399169921875,23600,0.0,0.0
2008-03-04 00:00:00+09:00,271.9040129800225,271.9040129800225,256.6712951660156,256.6712951660156,23600,0.0,0.0
2008-03-05 00:00:00+09:00,262.764404296875,262.764404296875,262.764404296875,262.764404296875,23600,0.0,0.0
2008-03-06 00:00:00+09:00,259.71784326734735,264.28765869140625,254.38639193927864,264.28765869140625,10800,0.0,0.0
2008-03-07 00:00:00+09:00,264.28765407301904,264.28765407301904,256.6712951660156,256.6712951660156,10800,0.0,0.0
2008-03-10 00:00:00+09:00,252.10143372506806,258.9561554879853,249.8165264707623,251.3397979736328,13000,0.0,0.0
2008-03-11 00:00:00+09:00,262.002737553162,262.002737553162,251.33983544344028,257.43292236328125,13500,0.0,0.0
2008-03-12 00:00:00+09:00,258.9562407433086,258.9562407433086,251.3398807214466,252.1015167236328,5600,0.0,0.0
2008-03-13 00:00:00+09:00,247.5316044697509,251.33978300005478,243.72342593944705,244.4850616455078,35700,0.0,0.0
2008-03-14 00:00:00+09:00,247.53166174738664,247.53166174738664,240.67693880668978,242.20021057128906,22400,0.0,0.0
2008-03-17 00:00:00+09:00,232.2989328987047,234.58384043541326,230.77566120756563,233.82220458984375,7300,0.0,0.0
2008-03-18 00:00:00+09:00,234.5839041287782,235.34554018114434,230.77572386694737,232.2989959716797,8100,0.0,0.0
2008-03-19 00:00:00+09:00,242.2001973405669,242.2001973405669,240.6769256591797,240.6769256591797,8100,0.0,0.0
2008-03-21 00:00:00+09:00,236.86873605184047,242.96182250976562,236.86873605184047,242.96182250976562,8100,0.0,0.0
2008-03-24 00:00:00+09:00,240.6769256591797,240.6769256591797,240.6769256591797,240.6769256591797,8100,0.0,0.0
2008-03-25 00:00:00+09:00,239.91530292439012,242.20021057128906,239.91530292439012,242.20021057128906,8100,0.0,0.0
2008-03-26 00:00:00+09:00,244.48513352614182,247.53167724609375,244.48513352614182,247.53167724609375,8100,0.0,0.0
2008-03-27 00:00:00+09:00,244.48513775337034,249.81658935546875,244.48513775337034,249.81658935546875,8100,0.0,0.0
2008-03-28 00:00:00+09:00,250.57827758789062,250.57827758789062,250.57827758789062,250.57827758789062,8100,0.0,0.0
2008-03-31 00:00:00+09:00,249.05494251957646,249.81657842942224,242.20021933096425,246.77003479003906,11700,0.0,0.0
2008-04-01 00:00:00+09:00,251.3397979736328,251.3397979736328,251.3397979736328,251.3397979736328,11700,0.0,0.0
2008-04-02 00:00:00+09:00,247.53166863152214,254.3863917628566,247.53166863152214,253.624755859375,6800,0.0,0.0
2008-04-03 00:00:00+09:00,254.3864580983449,254.3864580983449,250.57827758789062,250.57827758789062,6800,0.0,0.0
2008-04-04 00:00:00+09:00,249.05494689941406,249.05494689941406,249.05494689941406,249.05494689941406,6800,0.0,0.0
2008-04-07 00:00:00+09:00,246.7700413161058,252.10149282602165,246.7700413161058,247.53167724609375,7200,0.0,0.0
2008-04-08 00:00:00+09:00,244.48511610031127,246.770023727417,242.96184434890748,243.72348022460938,6300,0.0,0.0
2008-04-09 00:00:00+09:00,243.72348233588838,243.72348233588838,242.20021057128906,242.20021057128906,6300,0.0,0.0
2008-04-10 00:00:00+09:00,239.15366704209046,245.2467541004877,236.10712351289186,242.20021057128906,14600,0.0,0.0
2008-04-11 00:00:00+09:00,239.91531813642987,266.5725757071443,236.8687744140625,236.8687744140625,41600,0.0,0.0
2008-04-14 00:00:00+09:00,236.86877635093663,246.00840759277344,236.86877635093663,246.00840759277344,41600,0.0,0.0
2008-04-15 00:00:00+09:00,248.2932836481955,258.1945495605469,248.2932836481955,258.1945495605469,16500,0.0,0.0
2008-04-16 00:00:00+09:00,257.4329137211352,262.0027287576051,257.4329137211352,258.1945495605469,21400,0.0,0.0
2008-04-17 00:00:00+09:00,251.3397979736328,251.3397979736328,251.3397979736328,251.3397979736328,21400,0.0,0.0
2008-04-18 00:00:00+09:00,236.8687549893818,240.67693433004712,232.29893978058345,239.91529846191406,54400,0.0,0.0
2008-04-21 00:00:00+09:00,238.39202672564792,239.91529846191406,238.39202672564792,239.91529846191406,54400,0.0,0.0
2008-04-22 00:00:00+09:00,236.1071362967689,238.3920440673828,236.1071362967689,238.3920440673828,54400,0.0,0.0
2008-04-23 00:00:00+09:00,233.8222705601859,235.34554268109915,230.77572631835938,230.77572631835938,24600,0.0,0.0
2008-04-24 00:00:00+09:00,223.1593235560826,226.9675031389509,220.11277988978793,223.92095947265625,29700,0.0,0.0
2008-04-25 00:00:00+09:00,223.15935950879228,230.0140838623047,223.15935950879228,230.0140838623047,29700,0.0,0.0
2008-04-28 00:00:00+09:00,239.91529846191406,239.91529846191406,239.91529846191406,239.91529846191406,29700,0.0,0.0
2008-04-30 00:00:00+09:00,238.39206578928952,239.15370178222653,238.39206578928952,239.15370178222656,29700,0.0,0.0
2008-05-01 00:00:00+09:00,236.1071014404297,236.1071014404297,236.1071014404297,236.1071014404297,29700,0.0,0.0
2008-05-02 00:00:00+09:00,238.39203115979083,242.96184645358872,237.63039527749117,242.20021057128906,7400,0.0,0.0
2008-05-07 00:00:00+09:00,238.39202672564792,239.91529846191406,238.39202672564792,239.91529846191406,7400,0.0,0.0
2008-05-08 00:00:00+09:00,243.72349110311515,245.24676292250962,241.43858337402344,241.43858337402344,11100,0.0,0.0
2008-05-09 00:00:00+09:00,241.4385614998733,242.9618331812605,236.86874645571163,240.6769256591797,8000,0.0,0.0
2008-05-12 00:00:00+09:00,239.1536434735624,242.96182250976562,239.1536434735624,242.96182250976562,6700,0.0,0.0
2008-05-13 00:00:00+09:00,239.15366497039795,243.72348022460938,239.15366497039795,243.72348022460938,7100,0.0,0.0
2008-05-14 00:00:00+09:00,246.77003479003906,246.77003479003906,242.96185524081005,246.77003479003906,8800,0.0,0.0
2008-05-15 00:00:00+09:00,250.57822755216822,250.57822755216822,246.0084118521287,248.29331970214844,10500,0.0,0.0
2008-05-16 00:00:00+09:00,246.63761299369492,251.3397979736328,246.63761299369492,251.3397979736328,10500,0.0,0.0
2008-05-19 00:00:00+09:00,252.86311995589338,253.624755859375,252.86311995589338,253.624755859375,10500,0.0,0.0
2008-05-20 00:00:00+09:00,250.57821224544855,254.3863917628566,250.57821224544855,253.624755859375,7400,0.0,0.0
2008-05-21 00:00:00+09:00,252.86311782153686,255.1480255126953,244.48512295395582,255.1480255126953,17300,0.0,0.0
2008-05-22 00:00:00+09:00,254.38637890336076,257.43292236328125,249.05492784849991,257.43292236328125,15400,0.0,0.0
2008-05-23 00:00:00+09:00,252.86310717340052,257.43292236328125,252.86310717340052,257.43292236328125,15400,0.0,0.0
2008-05-26 00:00:00+09:00,255.1480409575672,255.1480409575672,249.81658935546875,249.81658935546875,15400,0.0,0.0
2008-05-27 00:00:00+09:00,248.29331308387847,252.86312866210938,246.77004122446817,252.86312866210938,5400,0.0,0.0
2008-05-28 00:00:00+09:00,251.33991368998147,251.33991368998147,250.57827758789062,250.57827758789062,5400,0.0,0.0
2008-05-29 00:00:00+09:00,249.8165850360577,254.3864006159856,247.53167724609375,247.53167724609375,8000,0.0,0.0
2008-05-30 00:00:00+09:00,252.86312866210938,252.86312866210938,252.86312866210938,252.86312866210938,8000,0.0,0.0
2008-06-02 00:00:00+09:00,252.8630694765033,252.8630694765033,249.8165264707623,251.3397979736328,6000,0.0,0.0
2008-06-03 00:00:00+09:00,246.00833305762936,247.5316044697509,243.72342593944705,244.4850616455078,9200,0.0,0.0
2008-06-04 00:00:00+09:00,248.2933367127018,252.1015167236328,246.77006470832941,252.1015167236328,7700,0.0,0.0
2008-06-05 00:00:00+09:00,246.0084287061432,252.1015167236328,246.0084287061432,252.1015167236328,3600,0.0,0.0
2008-06-06 00:00:00+09:00,255.14806073237762,255.14806073237762,252.1015167236328,252.1015167236328,3500,0.0,0.0
2008-06-09 00:00:00+09:00,249.81664148579978,250.57827758789062,249.81664148579978,250.57827758789062,3500,0.0,0.0
2008-06-10 00:00:00+09:00,248.29331970214847,248.29331970214847,248.29331970214847,248.29331970214844,3500,0.0,0.0
2008-06-11 00:00:00+09:00,248.29330660973065,248.29330660973065,246.77003479003906,246.77003479003906,3500,0.0,0.0
2008-06-12 00:00:00+09:00,258.1945495605469,258.1945495605469,252.86309868466537,258.1945495605469,29300,0.0,0.0
2008-06-13 00:00:00+09:00,257.43292236328125,257.43292236328125,257.43292236328125,257.43292236328125,29300,0.0,0.0
2008-06-16 00:00:00+09:00,257.43297289088815,258.9562449198283,253.6247928185377,254.3864288330078,4500,0.0,0.0
2008-06-17 00:00:00+09:00,259.717838728817,259.717838728817,256.6712951660156,256.6712951660156,6600,0.0,0.0
2008-06-18 00:00:00+09:00,252.86311571251392,256.6712951660156,252.86311571251392,256.6712951660156,4700,0.0,0.0
2008-06-19 00:00:00+09:00,256.6712994733014,256.6712994733014,253.624755859375,253.624755859375,4700,0.0,0.0
2008-06-20 00:00:00+09:00,253.624755859375,253.624755859375,253.624755859375,253.624755859375,4700,0.0,0.0
2008-06-23 00:00:00+09:00,249.05494901358364,254.38640052151968,249.05494901358364,252.86312866210938,4600,0.0,0.0
2008-06-24 00:00:00+09:00,254.3863896156425,255.1480255126953,253.6247537185897,255.1480255126953,2300,0.0,0.0
2008-06-25 00:00:00+09:00,247.5316665421671,258.95620499795945,246.77003064511428,255.1480255126953,14000,0.0,0.0
2008-06-26 00:00:00+09:00,253.62472997392925,255.90963745117188,253.62472997392925,255.90963745117188,14000,0.0,0.0
2008-06-27 00:00:00+09:00,250.57822087299394,252.86312866210938,250.57822087299394,252.86312866210938,14000,0.0,0.0
2008-06-30 00:00:00+09:00,253.62470522793856,253.62470522793856,251.3397979736328,251.3397979736328,14000,0.0,0.0
2008-07-01 00:00:00+09:00,251.33985024911385,251.33985024911385,246.77003479003906,246.77003479003906,14000,0.0,0.0
2008-07-02 00:00:00+09:00,246.77004151175643,246.77004151175643,236.8687744140625,236.8687744140625,14000,0.0,0.0
2008-07-03 00:00:00+09:00,233.06055701563724,242.96182250976562,233.06055701563724,242.96182250976562,16400,0.0,0.0
2008-07-04 00:00:00+09:00,242.96190328566547,242.96190328566547,230.77572631835938,230.77572631835938,16400,0.0,0.0
2008-07-07 00:00:00+09:00,223.15933453012576,223.15933453012576,221.6360626220703,221.6360626220703,16400,0.0,0.0
2008-07-08 00:00:00+09:00,223.15933227539062,223.15933227539062,223.15933227539062,223.15933227539062,16400,0.0,0.0
2008-07-09 00:00:00+09:00,226.96751662521626,226.96751662521626,220.11279296875,220.11279296875,16400,0.0,0.0
2008-07-10 00:00:00+09:00,210.2115213887675,217.827880859375,210.2115213887675,217.827880859375,16400,0.0,0.0
2008-07-11 00:00:00+09:00,217.82786763876354,217.82786763876354,210.97314453125,210.97314453125,16400,0.0,0.0
2008-07-14 00:00:00+09:00,220.11279071401484,238.39205361068042,214.7813390358207,221.6360626220703,54300,0.0,0.0
2008-07-15 00:00:00+09:00,216.30461812190873,217.06625410121123,210.97316626679125,211.73480224609375,28300,0.0,0.0
2008-07-16 00:00:00+09:00,222.39764404296875,222.39764404296875,222.39764404296875,222.39764404296875,28300,0.0,0.0
2008-07-17 00:00:00+09:00,217.06622107103726,218.58949279785156,217.06622107103726,218.58949279785156,28300,0.0,0.0
2008-07-18 00:00:00+09:00,216.30458727384868,217.06622314453125,216.30458727384868,217.06622314453125,28300,0.0,0.0
2008-07-22 00:00:00+09:00,224.6825818513569,224.6825818513569,210.9731361790707,217.06622314453125,24500,0.0,0.0
2008-07-23 00:00:00+09:00,214.01970133901068,214.01970133901068,212.49642944335938,212.49642944335938,24500,0.0,0.0
2008-07-24 00:00:00+09:00,214.01966857910156,216.30457607282864,210.2114894228898,214.01966857910156,20600,0.0,0.0
2008-07-25 00:00:00+09:00,209.44989242833176,211.73480034573174,207.92662048339844,207.92662048339844,16000,0.0,0.0
2008-07-28 00:00:00+09:00,207.16493225097656,207.16493225097656,207.16493225097656,207.16493225097656,16000,0.0,0.0
2008-07-29 00:00:00+09:00,208.6882038116455,208.6882038116455,207.16493225097656,207.16493225097656,16000,0.0,0.0
2008-07-30 00:00:00+09:00,205.64169322540613,210.97314453125,205.64169322540613,210.97314453125,16000,0.0,0.0
2008-07-31 00:00:00+09:00,210.2115478515625,210.2115478515625,210.2115478515625,210.2115478515625,16000,0.0,0.0
2008-08-01 00:00:00+09:00,209.44986378574723,209.44986378574723,206.4033203125,206.4033203125,16000,0.0,0.0
2008-08-04 00:00:00+09:00,204.11843445975825,204.11843445975825,194.21716711656103,201.83352661132812,11800,0.0,0.0
2008-08-05 00:00:00+09:00,195.7245700220219,198.02532958984375,195.7245700220219,198.02532958984375,11800,0.0,0.0
2008-08-06 00:00:00+09:00,201.07184696560122,201.07184696560122,200.31021118164062,200.31021118164062,11800,0.0,0.0
2008-08-07 00:00:00+09:00,198.02533171897713,198.02533171897713,196.50205993652344,196.50205993652344,11800,0.0,0.0
2008-08-08 00:00:00+09:00,198.02534686394458,201.83352661132812,198.02534686394458,201.83352661132812,11800,0.0,0.0
2008-08-11 00:00:00+09:00,204.11839010144368,204.11839010144368,200.31021118164062,200.31021118164062,11800,0.0,0.0
2008-08-12 00:00:00+09:00,199.54860795412029,199.54860795412029,198.78697204589844,198.78697204589844,11800,0.0,0.0
2008-08-13 00:00:00+09:00,198.78698766513133,198.78698766513133,193.45553588867188,193.45553588867188,11800,0.0,0.0
2008-08-14 00:00:00+09:00,193.4555122433728,199.54859924316406,193.4555122433728,199.54859924316406,11800,0.0,0.0
2008-08-15 00:00:00+09:00,201.83352661132812,201.83352661132812,201.83352661132812,201.83352661132812,11800,0.0,0.0
2008-08-18 00:00:00+09:00,205.64168842022235,205.64168842022235,198.02532958984375,198.02532958984375,11800,0.0,0.0
2008-08-19 00:00:00+09:00,194.97878815406978,196.50205993652344,194.97878815406978,196.50205993652344,7200,0.0,0.0
2008-08-20 00:00:00+09:00,198.02532299144846,198.02532299144846,196.50205127612963,197.26368713378906,3100,0.0,0.0
2008-08-21 00:00:00+09:00,194.21715438365936,194.97879028320312,194.21715438365936,194.97879028320312,4500,0.0,0.0
2008-08-22 00:00:00+09:00,193.45552715226714,194.2171630859375,192.6938912185968,194.2171630859375,4100,0.0,0.0
2008-08-25 00:00:00+09:00,198.78698329241627,198.78698329241627,182.79262831486554,191.17062377929688,8100,0.0,0.0
2008-08-26 00:00:00+09:00,190.40896400572763,191.93223571777344,189.64732814970472,191.93223571777344,3100,0.0,0.0
2008-08-27 00:00:00+09:00,192.6938890991211,192.6938890991211,190.4089813232422,190.4089813232422,3100,0.0,0.0
2008-08-28 00:00:00+09:00,190.4089813232422,190.4089813232422,190.4089813232422,190.4089813232422,3100,0.0,0.0
2008-08-29 00:00:00+09:00,190.4089961070495,195.74044799804688,190.4089961070495,195.74044799804688,3100,0.0,0.0
2008-09-01 00:00:00+09:00,195.74043739132765,195.74043739132765,187.36244201660156,187.36244201660156,3100,0.0,0.0
2008-09-02 00:00:00+09:00,187.362453654661,190.4089976165254,179.74609375,179.74609375,13300,0.0,0.0
2008-09-03 00:00:00+09:00,188.88571617251537,205.64170712330304,185.07753641097273,185.83917236328125,10200,0.0,0.0
2008-09-04 00:00:00+09:00,185.83917032026346,185.83917032026346,182.03099060058594,182.03099060058594,10200,0.0,0.0
2008-09-05 00:00:00+09:00,172.1297107198964,178.22279782502548,172.1297107198964,175.17625427246094,13900,0.0,0.0
2008-09-08 00:00:00+09:00,188.8857095349473,190.40898138603558,178.98444250287343,185.07752990722656,9300,0.0,0.0
2008-09-09 00:00:00+09:00,179.74608725689828,179.74608725689828,178.9844512939453,178.9844512939453,9300,0.0,0.0
2008-09-10 00:00:00+09:00,180.50772094726562,186.60080857417753,178.98444904053764,180.50772094726562,9800,0.0,0.0
2008-09-11 00:00:00+09:00,179.74609375,179.74609375,179.74609375,179.74609375,9800,0.0,0.0
2008-09-12 00:00:00+09:00,180.5077100753784,182.79261779785156,180.5077100753784,182.79261779785156,9800,0.0,0.0
2008-09-16 00:00:00+09:00,182.79261779785156,182.79261779785156,182.79261779785156,182.79261779785156,9800,0.0,0.0
2008-09-17 00:00:00+09:00,188.12408411221242,193.45553588867188,188.12408411221242,193.45553588867188,9800,0.0,0.0
2008-09-18 00:00:00+09:00,198.78699059795133,211.73480224609375,198.78699059795133,211.73480224609375,9800,0.0,0.0
2008-09-19 00:00:00+09:00,209.44988151465208,209.44988151465208,204.88006591796875,204.88006591796875,9800,0.0,0.0
2008-09-22 00:00:00+09:00,207.92661624484592,207.92661624484592,205.64170837402344,205.64170837402344,9800,0.0,0.0
2008-09-24 00:00:00+09:00,203.35679851028155,203.35679851028155,201.83352661132812,201.83352661132812,9800,0.0,0.0
2008-09-25 00:00:00+09:00,198.78697204589844,201.83351567878577,196.50206432123295,198.78697204589844,9300,0.0,0.0
2008-09-26 00:00:00+09:00,185.83917013028773,187.36244201660156,185.83917013028773,187.36244201660156,9300,0.0,0.0
2008-09-29 00:00:00+09:00,189.6473388671875,189.6473388671875,189.6473388671875,189.6473388671875,9300,0.0,0.0
2008-09-30 00:00:00+09:00,180.5077079583791,184.31588745117188,180.5077079583791,184.31588745117188,9300,0.0,0.0
2008-10-01 00:00:00+09:00,184.31589843239246,184.31589843239246,182.03099060058594,182.03099060058594,9300,0.0,0.0
2008-10-02 00:00:00+09:00,182.03099938400655,182.03099938400655,181.2693634033203,181.2693634033203,9300,0.0,0.0
2008-10-03 00:00:00+09:00,179.74608553899245,183.55426531736092,167.5599102482133,169.84481811523438,8100,0.0,0.0
2008-10-06 00:00:00+09:00,168.32154620388698,169.84481811523438,168.32154620388698,169.84481811523438,8100,0.0,0.0
2008-10-07 00:00:00+09:00,140.9026264190674,152.32716369628906,140.9026264190674,152.32716369628906,8100,0.0,0.0
2008-10-08 00:00:00+09:00,152.32716369628906,152.32716369628906,152.32716369628906,152.32716369628906,8100,0.0,0.0
2008-10-09 00:00:00+09:00,141.6643002071896,141.6643002071896,140.9026641845703,140.9026641845703,8100,0.0,0.0
2008-10-10 00:00:00+09:00,127.19319179140288,135.57118646029767,125.669920033422,132.52464294433594,13200,0.0,0.0
2008-10-14 00:00:00+09:00,142.42592049603485,151.5655517578125,142.42592049603485,151.5655517578125,13200,0.0,0.0
2008-10-15 00:00:00+09:00,150.04228593761795,157.6586456298828,150.04228593761795,157.6586456298828,13200,0.0,0.0
2008-10-16 00:00:00+09:00,144.7107922899854,144.7107922899854,138.61770629882812,138.61770629882812,13200,0.0,0.0
2008-10-17 00:00:00+09:00,150.80389340385716,150.80389340385716,144.71080680168112,145.47244262695312,13000,0.0,0.0
2008-10-20 00:00:00+09:00,150.80391581933102,151.5655517578125,150.80391581933102,151.5655517578125,13000,0.0,0.0
2008-10-21 00:00:00+09:00,155.37370697021484,155.37370697021484,152.32716369628906,152.32716369628906,13000,0.0,0.0
2008-10-22 00:00:00+09:00,147.7573699951172,147.7573699951172,147.7573699951172,147.7573699951172,13000,0.0,0.0
2008-10-23 00:00:00+09:00,146.99571228027344,146.99571228027344,146.99571228027344,146.99571228027344,13000,0.0,0.0
2008-10-24 00:00:00+09:00,143.1875479093162,143.1875479093162,141.66427612304688,141.66427612304688,13000,0.0,0.0
2008-10-27 00:00:00+09:00,125.66993842690677,134.8095703125,125.66993842690677,134.8095703125,13000,0.0,0.0
2008-10-28 00:00:00+09:00,125.66992512455693,125.66992512455693,123.38501739501953,123.38501739501953,13000,0.0,0.0
2008-10-29 00:00:00+09:00,123.38501848493303,133.28628540039062,123.38501848493303,133.28628540039062,13000,0.0,0.0
2008-10-30 00:00:00+09:00,132.5246368408203,137.09445190429688,132.5246368408203,137.09445190429688,13000,0.0,0.0
2008-10-31 00:00:00+09:00,137.09444525521562,137.09444525521562,136.3328094482422,136.3328094482422,13000,0.0,0.0
2008-11-04 00:00:00+09:00,136.33281272368905,145.47244262695312,136.33281272368905,145.47244262695312,13400,0.0,0.0
2008-11-05 00:00:00+09:00,145.47248273792832,153.85047912597656,145.47248273792832,153.85047912597656,14000,0.0,0.0
2008-11-06 00:00:00+09:00,150.8038946384337,156.13534545898438,150.8038946384337,156.13534545898438,13400,0.0,0.0
2008-11-07 00:00:00+09:00,156.89700104822566,156.89700104822566,153.0888214111328,153.0888214111328,13400,0.0,0.0
2008-11-10 00:00:00+09:00,157.65863473074776,159.94354248046875,157.65863473074776,159.94354248046875,13400,0.0,0.0
2008-11-11 00:00:00+09:00,159.18192646804366,161.46683450347012,156.8970184326172,156.8970184326172,9200,0.0,0.0
2008-11-12 00:00:00+09:00,156.89699000938265,157.6586258832146,155.37371826171875,155.37371826171875,9200,0.0,0.0
2008-11-13 00:00:00+09:00,141.66428455755337,153.08882363477542,141.66428455755337,151.5655517578125,9200,0.0,0.0
2008-11-14 00:00:00+09:00,153.0888214111328,153.0888214111328,153.0888214111328,153.0888214111328,9200,0.0,0.0
2008-11-17 00:00:00+09:00,151.56552787780763,152.32716369628906,151.56552787780763,152.32716369628906,5300,0.0,0.0
2008-11-18 00:00:00+09:00,150.8039136288771,153.0888214111328,150.8039136288771,153.0888214111328,5300,0.0,0.0
2008-11-19 00:00:00+09:00,152.32718111288668,152.32718111288668,150.8039093017578,150.8039093017578,5300,0.0,0.0
2008-11-20 00:00:00+09:00,143.94919043556254,143.94919043556254,142.42591857910156,142.42591857910156,5300,0.0,0.0
2008-11-21 00:00:00+09:00,145.47244065042605,146.99571228027344,145.47244065042605,146.99571228027344,5300,0.0,0.0
2008-11-25 00:00:00+09:00,143.18753713779347,143.9491729736328,143.18753713779347,143.9491729736328,22400,0.0,0.0
2008-11-26 00:00:00+09:00,140.9026242900827,140.9026242900827,135.57117364126876,136.3328094482422,9800,0.0,0.0
2008-11-27 00:00:00+09:00,137.8560791015625,137.8560791015625,137.8560791015625,137.8560791015625,9800,0.0,0.0
2008-11-28 00:00:00+09:00,138.61772814474472,139.37936401367188,138.61772814474472,139.37936401367188,9800,0.0,0.0
2008-12-01 00:00:00+09:00,139.3793420477228,139.3793420477228,138.61770629882812,138.61770629882812,9800,0.0,0.0
2008-12-02 00:00:00+09:00,138.6177235921224,138.6177235921224,137.09445190429688,137.09445190429688,9800,0.0,0.0
2008-12-03 00:00:00+09:00,132.52466234110167,134.8095703125,132.52466234110167,134.8095703125,9800,0.0,0.0
2008-12-04 00:00:00+09:00,133.2862983315678,134.8095703125,133.2862983315678,134.8095703125,9800,0.0,0.0
2008-12-05 00:00:00+09:00,134.80956381017512,134.80956381017512,134.0479278564453,134.0479278564453,9800,0.0,0.0
2008-12-08 00:00:00+09:00,131.76300099690755,137.09445190429688,131.76300099690755,137.09445190429688,9800,0.0,0.0
2008-12-09 00:00:00+09:00,135.57119750976562,135.57119750976562,135.57119750976562,135.57119750976562,9800,0.0,0.0
2008-12-10 00:00:00+09:00,135.57117364126876,136.3328094482422,135.57117364126876,136.3328094482422,9800,0.0,0.0
2008-12-11 00:00:00+09:00,134.8095703125,134.8095703125,134.8095703125,134.8095703125,9800,0.0,0.0
2008-12-12 00:00:00+09:00,131.00139448885432,131.00139448885432,127.19321441650389,127.1932144165039,9800,0.0,0.0
2008-12-15 00:00:00+09:00,132.5246559489857,134.0479278564453,132.5246559489857,134.0479278564453,9800,0.0,0.0
2008-12-16 00:00:00+09:00,131.76300048828125,131.76300048828125,131.76300048828125,131.76300048828125,3000,0.0,0.0
2008-12-17 00:00:00+09:00,130.23977023853976,130.23977023853976,129.47813415527344,129.47813415527344,4300,0.0,0.0
2008-12-18 00:00:00+09:00,128.71645455133347,128.71645455133347,127.95481872558594,127.95481872558594,4200,0.0,0.0
2008-12-19 00:00:00+09:00,127.95481872558594,127.95481872558594,127.95481872558594,127.95481872558594,7000,0.0,0.0
2008-12-22 00:00:00+09:00,129.47811015168128,130.23974609375,129.47811015168128,130.23974609375,6700,0.0,0.0
2008-12-24 00:00:00+09:00,128.71649807200714,129.47813415527344,128.71649807200714,129.47813415527344,6300,0.0,0.0
2008-12-25 00:00:00+09:00,128.71649807200714,129.47813415527344,128.71649807200714,129.47813415527344,3100,0.0,0.0
2008-12-26 00:00:00+09:00,129.47813415527344,129.47813415527344,127.95486198874082,129.47813415527344,2200,0.0,0.0
2008-12-29 00:00:00+09:00,129.47813415527344,130.23977023853976,129.47813415527344,129.47813415527344,4400,0.0,0.0
2008-12-30 00:00:00+09:00,130.239741734096,133.28628540039062,130.239741734096,133.28628540039062,3400,0.0,0.0
2009-01-05 00:00:00+09:00,137.09446939189783,140.14101315616222,134.80956156869954,135.57119750976562,5600,0.0,0.0
2009-01-06 00:00:00+09:00,137.09444525521562,137.09444525521562,136.3328094482422,136.3328094482422,6100,0.0,0.0
2009-01-07 00:00:00+09:00,136.33281606038412,137.09445190429688,136.33281606038412,137.09445190429688,6300,0.0,0.0
2009-01-08 00:00:00+09:00,136.3328334508317,136.3328334508317,135.57119750976562,135.57119750976562,3000,0.0,0.0
2009-01-09 00:00:00+09:00,134.04792131696428,134.04792131696428,132.52464948381697,133.28628540039062,4900,0.0,0.0
2009-01-13 00:00:00+09:00,127.19321441650389,127.19321441650389,127.19321441650389,127.1932144165039,9000,0.0,0.0
2009-01-14 00:00:00+09:00,126.43154707409086,127.95481872558594,126.43154707409086,127.95481872558594,2000,0.0,0.0
2009-01-15 00:00:00+09:00,127.95483845036205,127.95483845036205,124.90829467773438,124.90829467773438,17100,0.0,0.0
2009-01-16 00:00:00+09:00,123.38501739501953,123.38501739501953,123.38501739501953,123.38501739501953,11700,0.0,0.0
2009-01-19 00:00:00+09:00,127.95481872558594,127.95481872558594,127.95481872558594,127.95481872558594,6200,0.0,0.0
2009-01-20 00:00:00+09:00,127.1931704896869,127.1931704896869,125.6698989868164,125.6698989868164,1900,0.0,0.0
2009-01-21 00:00:00+09:00,124.90829580108081,124.90829580108081,124.14665985107423,124.14665985107422,4600,0.0,0.0
2009-01-22 00:00:00+09:00,124.14665873457747,124.90829467773438,124.14665873457747,124.90829467773438,5300,0.0,0.0
2009-01-23 00:00:00+09:00,123.38501293254349,123.38501293254349,121.10010528564453,121.10010528564453,3600,0.0,0.0
2009-01-26 00:00:00+09:00,120.33846282958984,120.33846282958984,120.33846282958984,120.33846282958984,5700,0.0,0.0
2009-01-27 00:00:00+09:00,121.86175886992436,121.86175886992436,117.29194291230219,119.57685089111328,4900,0.0,0.0
2009-01-28 00:00:00+09:00,118.81521965475645,121.10012772504022,114.2454035141889,116.53031158447266,7800,0.0,0.0
2009-01-29 00:00:00+09:00,117.2919476079006,117.2919476079006,116.53031158447267,116.53031158447266,12500,0.0,0.0
2009-01-30 00:00:00+09:00,112.72209355602526,112.72209355602526,111.19882202148438,111.19882202148438,12600,0.0,0.0
2009-02-02 00:00:00+09:00,111.19883065059268,111.19883065059268,110.43719482421876,110.43719482421875,8100,0.0,0.0
2009-02-03 00:00:00+09:00,110.43721462817902,110.43721462817902,107.39067077636719,107.39067077636719,6900,0.0,0.0
2009-02-04 00:00:00+09:00,107.39066423688615,107.39066423688615,101.29757690429688,101.29757690429688,14300,0.0,0.0
2009-02-05 00:00:00+09:00,101.29755878448486,103.58246612548828,101.29755878448486,103.58246612548828,24600,0.0,0.0
2009-02-06 00:00:00+09:00,103.58247641911584,103.58247641911584,95.96611785888672,95.96611785888672,13000,0.0,0.0
2009-02-09 00:00:00+09:00,95.96613197627029,96.72776794433594,95.96613197627029,96.72776794433594,7900,0.0,0.0
2009-02-10 00:00:00+09:00,78.44849553601495,89.11139784188106,70.07050086712015,88.34976196289062,291300,0.0,0.0
2009-02-12 00:00:00+09:00,85.30320739746094,85.30320739746094,85.30320739746094,85.30320739746094,831300,0.0,0.0
2009-02-13 00:00:00+09:00,88.3497737596015,90.63468170166016,88.3497737596015,90.63468170166016,257000,0.0,0.0
2009-02-16 00:00:00+09:00,88.68762526911102,89.11139678955078,88.68762526911102,89.11139678955078,101100,0.0,0.0
2009-02-17 00:00:00+09:00,89.11141690954697,89.11141690954697,86.06487274169922,86.06487274169922,39400,0.0,0.0
2009-02-18 00:00:00+09:00,79.97177948822846,84.54159545898438,79.97177948822846,84.54159545898438,59100,0.0,0.0
2009-02-19 00:00:00+09:00,83.77995946385839,84.54159545898438,83.77995946385839,84.54159545898438,20500,0.0,0.0
2009-02-20 00:00:00+09:00,86.06485405318234,86.06485405318234,83.018310546875,83.018310546875,26000,0.0,0.0
2009-02-23 00:00:00+09:00,84.54159122043185,84.54159122043185,82.25668334960938,82.25668334960938,34000,0.0,0.0
2009-02-24 00:00:00+09:00,79.21013532366071,80.73340715680803,78.44849940708706,79.97177124023438,37300,0.0,0.0
2009-02-25 00:00:00+09:00,79.9717754787869,82.25668334960938,79.9717754787869,82.25668334960938,17000,0.0,0.0
2009-02-26 00:00:00+09:00,79.97177016060307,80.73340606689453,79.97177016060307,80.73340606689453,23600,0.0,0.0
2009-02-27 00:00:00+09:00,79.97178123992624,79.97178123992624,78.4485092163086,78.4485092163086,18100,0.0,0.0
2009-03-02 00:00:00+09:00,78.4485092163086,78.4485092163086,78.4485092163086,78.4485092163086,7500,0.0,0.0
2009-03-03 00:00:00+09:00,76.16358184814453,76.92521766662598,76.16358184814453,76.16358184814453,32000,0.0,0.0
2009-03-04 00:00:00+09:00,73.87868390764508,74.64031982421875,73.87868390764508,74.64031982421875,36000,0.0,0.0
2009-03-05 00:00:00+09:00,80.73340826768141,80.73340826768141,79.21013641357422,79.21013641357422,29500,0.0,0.0
2009-03-06 00:00:00+09:00,82.25668334960938,82.25668334960938,82.25668334960938,82.25668334960938,45600,0.0,0.0
2009-03-09 00:00:00+09:00,82.25668334960938,82.25668334960938,82.25668334960938,82.25668334960938,15900,0.0,0.0
2009-03-10 00:00:00+09:00,81.49503879372133,83.018310546875,81.49503879372133,83.018310546875,11800,0.0,0.0
2009-03-11 00:00:00+09:00,82.25667678975613,82.25667678975613,81.49504089355469,81.49504089355469,14500,0.0,0.0
2009-03-12 00:00:00+09:00,80.73340499735325,81.49504089355469,80.73340499735325,81.49504089355469,12400,0.0,0.0
2009-03-13 00:00:00+09:00,80.73340291714449,83.018310546875,80.73340291714449,83.018310546875,20700,0.0,0.0
2009-03-16 00:00:00+09:00,83.01830005645752,85.30320739746094,83.01830005645752,85.30320739746094,19100,0.0,0.0
2009-03-17 00:00:00+09:00,84.54158559835182,85.30322150464328,80.73340606689453,80.73340606689453,33800,0.0,0.0
2009-03-18 00:00:00+09:00,82.25667467029817,83.018310546875,82.25667467029817,83.018310546875,14500,0.0,0.0
2009-03-19 00:00:00+09:00,80.73341143572772,82.25668334960938,80.73341143572772,82.25668334960938,9900,0.0,0.0
2009-03-23 00:00:00+09:00,80.73341143572772,82.25668334960938,80.73341143572772,82.25668334960938,20400,0.0,0.0
2009-03-24 00:00:00+09:00,84.5415920458342,86.82649993896484,84.5415920458342,86.82649993896484,31700,0.0,0.0
2009-03-25 00:00:00+09:00,89.11140974028773,90.63468170166016,89.11140974028773,90.63468170166016,32700,0.0,0.0
2009-03-26 00:00:00+09:00,90.63467510986328,95.2044906616211,88.34976733398437,95.2044906616211,29300,0.0,0.0
2009-03-27 00:00:00+09:00,92.15794372558594,92.15794372558594,92.15794372558594,92.15794372558594,104100,0.0,0.0
2009-03-30 00:00:00+09:00,106.6290283203125,111.96047973632812,106.6290283203125,111.96047973632812,1325400,0.0,0.0
2009-03-31 00:00:00+09:00,110.4372079031808,111.96047973632812,110.4372079031808,111.96047973632812,572000,0.0,0.0
2009-04-01 00:00:00+09:00,112.72213381331488,115.00704193115234,112.72213381331488,115.00704193115234,436300,0.0,0.0
2009-04-02 00:00:00+09:00,115.00700283050537,115.76863861083984,115.00700283050537,115.76863861083984,335200,0.0,0.0
2009-04-03 00:00:00+09:00,113.4837559000651,114.24539184570312,113.4837559000651,114.24539184570312,122400,0.0,0.0
2009-04-06 00:00:00+09:00,120.33844872676966,125.6698989868164,120.33844872676966,125.6698989868164,202900,0.0,0.0
2009-04-07 00:00:00+09:00,125.66992512455693,125.66992512455693,123.38501739501953,123.38501739501953,348900,0.0,0.0
2009-04-08 00:00:00+09:00,119.57683890206474,119.57683890206474,117.29193115234375,117.29193115234375,87600,0.0,0.0
2009-04-09 00:00:00+09:00,113.48375156947544,117.29193115234375,113.48375156947544,117.29193115234375,120100,0.0,0.0
2009-04-10 00:00:00+09:00,115.00703953761682,117.2919476079006,113.48376749076095,116.53031158447266,109600,0.0,0.0
2009-04-13 00:00:00+09:00,113.48376294761705,119.57685089111327,113.48376294761705,119.57685089111328,85300,0.0,0.0
2009-04-14 00:00:00+09:00,114.24536338219276,118.81517791748047,114.24536338219276,118.81517791748047,51700,0.0,0.0
2009-04-15 00:00:00+09:00,119.57683890206474,119.57683890206474,117.29193115234375,117.29193115234375,33100,0.0,0.0
2009-04-16 00:00:00+09:00,117.2919064057179,118.81517791748047,117.2919064057179,118.81517791748047,25400,0.0,0.0
2009-04-17 00:00:00+09:00,118.81521965475645,118.81521965475645,116.53031158447267,116.53031158447266,30600,0.0,0.0
2009-04-20 00:00:00+09:00,117.29194291230219,119.57685089111327,117.29194291230219,119.57685089111328,49400,0.0,0.0
2009-04-21 00:00:00+09:00,119.57685089111327,120.3384868840503,118.81521489817625,119.57685089111328,28600,0.0,0.0
2009-04-22 00:00:00+09:00,120.33845329284668,120.33845329284668,115.76863861083984,115.76863861083984,47800,0.0,0.0
2009-04-23 00:00:00+09:00,121.10010423660277,121.86174011230469,119.57683248519898,121.86174011230469,48000,0.0,0.0
2009-04-24 00:00:00+09:00,123.38502037333932,142.42591857910156,123.38502037333932,142.42591857910156,269500,0.0,0.0
2009-04-27 00:00:00+09:00,131.76301797788742,134.80956174616227,127.95483826754386,130.23974609375,712000,0.0,0.0
2009-04-28 00:00:00+09:00,131.76302996333342,131.76302996333342,122.62339782714844,122.62339782714844,135100,0.0,0.0
2009-04-30 00:00:00+09:00,127.95486198874082,129.47813415527344,124.90831765567556,129.47813415527344,52700,0.0,0.0
2009-05-01 00:00:00+09:00,127.19320232547514,130.23974609375,127.19320232547514,130.23974609375,33300,0.0,0.0
2009-05-07 00:00:00+09:00,131.76301797788742,131.76301797788742,129.47811015168128,130.23974609375,51300,0.0,0.0
2009-05-08 00:00:00+09:00,127.95481872558594,127.95481872558594,127.95481872558594,127.95481872558594,29100,0.0,0.0
2009-05-11 00:00:00+09:00,127.95480624112216,127.95480624112216,125.6698989868164,125.6698989868164,49200,0.0,0.0
2009-05-12 00:00:00+09:00,125.6698989868164,125.6698989868164,125.6698989868164,125.6698989868164,33200,0.0,0.0
2009-05-13 00:00:00+09:00,123.38501739501953,123.38501739501953,123.38501739501953,123.38501739501953,74900,0.0,0.0
2009-05-14 00:00:00+09:00,125.6698989868164,127.95480624112216,125.6698989868164,125.6698989868164,69700,0.0,0.0
2009-05-15 00:00:00+09:00,126.43157840203382,127.19321441650389,126.43157840203382,127.1932144165039,61200,0.0,0.0
2009-05-18 00:00:00+09:00,129.47809942837418,132.52464294433594,129.47809942837418,132.52464294433594,271900,0.0,0.0
2009-05-19 00:00:00+09:00,131.7630070653455,134.0479147023168,131.7630070653455,132.52464294433594,114900,0.0,0.0
2009-05-20 00:00:00+09:00,131.7630199952559,134.0479278564453,131.00138404152608,134.0479278564453,61900,0.0,0.0
2009-05-21 00:00:00+09:00,135.57119750976562,135.57119750976562,135.57119750976562,135.57119750976562,63700,0.0,0.0
2009-05-22 00:00:00+09:00,134.8095703125,134.8095703125,134.8095703125,134.8095703125,38100,0.0,0.0
2009-05-25 00:00:00+09:00,136.33281606038412,137.85608774820963,134.8095443725586,137.09445190429688,50500,0.0,0.0
2009-05-26 00:00:00+09:00,140.14101268059045,151.5655517578125,139.37937674210897,151.5655517578125,62100,0.0,0.0
2009-05-27 00:00:00+09:00,151.5655473981585,151.5655473981585,147.75736781529017,149.2806396484375,69500,0.0,0.0
2009-05-28 00:00:00+09:00,151.56554955629568,153.0888214111328,151.56554955629568,153.0888214111328,38300,0.0,0.0
2009-05-29 00:00:00+09:00,146.2340850830078,146.2340850830078,146.2340850830078,146.2340850830078,51800,0.0,0.0
2009-06-01 00:00:00+09:00,151.5655542474044,152.32719019839638,144.71083068847656,144.71083068847656,70600,0.0,0.0
2009-06-02 00:00:00+09:00,144.71083068847656,144.71083068847656,144.71083068847656,144.71083068847656,51400,0.0,0.0
2009-06-03 00:00:00+09:00,140.90264672264058,145.47246229202352,140.1410107944101,142.42591857910156,109800,0.0,0.0
2009-06-04 00:00:00+09:00,140.90265314629738,144.71083296106215,140.90265314629738,143.18756103515625,55700,0.0,0.0
2009-06-05 00:00:00+09:00,147.75735215282944,147.75735215282944,140.9026296302755,143.9491729736328,83300,0.0,0.0
2009-06-08 00:00:00+09:00,146.234098220254,146.234098220254,142.42591857910156,142.42591857910156,45000,0.0,0.0
2009-06-09 00:00:00+09:00,139.37936401367188,139.37936401367188,139.37936401367188,139.37936401367188,28600,0.0,0.0
2009-06-10 00:00:00+09:00,140.14100433677754,141.66427612304688,140.14100433677754,141.66427612304688,36600,0.0,0.0
2009-06-11 00:00:00+09:00,141.66424929440677,141.66424929440677,127.19317006540822,138.61770629882812,116800,0.0,0.0
2009-06-12 00:00:00+09:00,139.3793921393317,140.9026641845703,138.6177561167124,140.9026641845703,73400,0.0,0.0
2009-06-15 00:00:00+09:00,140.14100433677754,141.66427612304688,139.3793684436429,141.66427612304688,56100,0.0,0.0
2009-06-16 00:00:00+09:00,140.9026577161706,140.9026577161706,139.37938574086064,140.14102172851562,28400,0.0,0.0
2009-06-17 00:00:00+09:00,140.14099988259903,141.66427162045338,137.09445640689037,139.37936401367188,32500,0.0,0.0
2009-06-18 00:00:00+09:00,140.141028161951,140.9026641845703,138.6177561167124,140.9026641845703,14300,0.0,0.0
2009-06-19 00:00:00+09:00,140.141028161951,141.6643002071896,139.3793921393317,140.9026641845703,49800,0.0,0.0
2009-06-22 00:00:00+09:00,141.66426546611484,146.23408048115078,140.9026296302755,143.9491729736328,65600,0.0,0.0
2009-06-23 00:00:00+09:00,141.6642826508711,144.71082636379305,140.90264672264058,142.42591857910156,46000,0.0,0.0
2009-06-24 00:00:00+09:00,145.47246221168754,147.7573699951172,142.425918500448,147.7573699951172,103300,0.0,0.0
2009-06-25 00:00:00+09:00,150.04225553996824,150.04225553996824,143.94916902057867,146.99571228027344,170300,0.0,0.0
2009-06-26 00:00:00+09:00,147.75736991920283,153.0888214111328,146.23409806436567,153.0888214111328,244900,0.0,0.0
2009-06-29 00:00:00+09:00,156.89699654627327,157.65863245183772,146.99572977393564,150.8039093017578,330800,0.0,0.0
2009-06-30 00:00:00+09:00,151.56553610165915,152.3271719614665,143.94917750358582,146.2340850830078,249600,0.0,0.0
2009-07-01 00:00:00+09:00,146.23408954326922,150.04226895845852,143.94918189415566,148.5189971923828,117100,0.0,0.0
2009-07-02 00:00:00+09:00,149.28062042236328,153.85043533325197,146.99571296691894,152.32716369628906,115400,0.0,0.0
2009-07-03 00:00:00+09:00,153.08881716458302,165.27499166524635,149.28063763312574,161.46681213378906,363700,0.0,0.0
2009-07-06 00:00:00+09:00,168.32154846191406,175.1762721549332,162.22846073478595,168.32154846191406,334500,0.0,0.0
2009-07-07 00:00:00+09:00,166.03661655159885,170.60643168604653,160.7051655614099,163.751708984375,185500,0.0,0.0
2009-07-08 00:00:00+09:00,159.94354248046875,164.51335797991072,153.0888192313058,159.94354248046875,186800,0.0,0.0
2009-07-09 00:00:00+09:00,160.70516995771214,168.3215287234805,159.18189820455848,166.03662109375,110000,0.0,0.0
2009-07-10 00:00:00+09:00,166.7982358932495,173.65295791625977,159.94351387023926,170.60641479492188,154100,0.0,0.0
2009-07-13 00:00:00+09:00,171.3680930759596,171.3680930759596,151.56555787607093,157.6586456298828,98300,0.0,0.0
2009-07-14 00:00:00+09:00,161.46679022187868,163.75169763067888,159.94351861601191,160.7051544189453,29300,0.0,0.0
2009-07-15 00:00:00+09:00,159.18188281307852,166.03660503947904,156.89697540427835,160.7051544189453,79800,0.0,0.0
2009-07-16 00:00:00+09:00,163.75173895208684,169.08319091796875,162.22846696183487,169.08319091796875,115800,0.0,0.0
2009-07-17 00:00:00+09:00,169.84481811523438,169.84481811523438,166.0366383368659,169.84481811523438,71900,0.0,0.0
2009-07-21 00:00:00+09:00,170.60645635958713,170.60645635958713,167.55991249602306,168.32154846191406,56500,0.0,0.0
2009-07-22 00:00:00+09:00,167.55991052698207,167.55991052698207,161.46682287145543,164.51336669921875,59800,0.0,0.0
2009-07-23 00:00:00+09:00,162.99007312863372,164.5133448401163,161.46680141715117,163.751708984375,43900,0.0,0.0
2009-07-24 00:00:00+09:00,163.75173490341396,166.79827880859375,163.75173490341396,166.79827880859375,34100,0.0,0.0
2009-07-27 00:00:00+09:00,166.79823679738232,181.26931670217803,165.27496522845644,175.9378662109375,111500,0.0,0.0
2009-07-28 00:00:00+09:00,174.41459369659424,174.41459369659424,167.55987167358398,170.60641479492188,36000,0.0,0.0
2009-07-29 00:00:00+09:00,170.60646290822072,172.1297348984727,167.55991892771678,169.08319091796875,26300,0.0,0.0
2009-07-30 00:00:00+09:00,169.0832013155507,172.89138152536037,166.03665714770293,172.12974548339844,60300,0.0,0.0
2009-07-31 00:00:00+09:00,172.12968635559082,173.65295791625977,168.32150745391846,170.60641479492188,28700,0.0,0.0
2009-08-03 00:00:00+09:00,170.60646290822072,172.89137089359866,166.0366469374648,169.08319091796875,29600,0.0,0.0
2009-08-04 00:00:00+09:00,175.9379148741026,175.9379148741026,166.0366469374648,169.08319091796875,56600,0.0,0.0
2009-08-05 00:00:00+09:00,167.5598861764653,169.84479371523528,160.70516356015537,165.2749786376953,43200,0.0,0.0
2009-08-06 00:00:00+09:00,162.22842602481208,164.51333343361225,155.37370379841158,160.7051544189453,60900,0.0,0.0
2009-08-07 00:00:00+09:00,157.6586282538455,160.70517179498262,152.32717705685556,159.18190002441406,77700,0.0,0.0
2009-08-10 00:00:00+09:00,159.94355283711292,168.32154846191406,156.13537300765785,168.32154846191406,52400,0.0,0.0
2009-08-11 00:00:00+09:00,164.51335357951226,166.03662537191516,160.70517409850504,162.99008178710938,46400,0.0,0.0
2009-08-12 00:00:00+09:00,161.4667882784991,162.9900598660321,159.9435166909661,162.22842407226562,28100,0.0,0.0
2009-08-13 00:00:00+09:00,160.70518060830923,160.70518060830923,157.65863690009485,158.42027282714844,14600,0.0,0.0
2009-08-14 00:00:00+09:00,158.42025295350612,160.70516044802784,155.37370962747715,156.13534545898438,36200,0.0,0.0
2009-08-17 00:00:00+09:00,156.13537369142983,157.6586456298828,153.85046578375037,157.6586456298828,23200,0.0,0.0
2009-08-18 00:00:00+09:00,153.08884944821813,154.61212158203125,150.04230518059188,154.61212158203125,31300,0.0,0.0
2009-08-19 00:00:00+09:00,153.8504573385514,153.8504573385514,152.32718548371423,153.0888214111328,8000,0.0,0.0
2009-08-20 00:00:00+09:00,151.56552787780763,153.85043533325197,149.28062042236328,152.32716369628906,14400,0.0,0.0
2009-08-21 00:00:00+09:00,156.1353427886963,156.1353427886963,150.8038920593262,152.32716369628906,27300,0.0,0.0
2009-08-24 00:00:00+09:00,156.13536504598764,158.42027282714844,153.85045726482684,158.42027282714844,25700,0.0,0.0
2009-08-25 00:00:00+09:00,158.42029045623485,159.18192646804366,153.85047438538191,156.8970184326172,53900,0.0,0.0
2009-08-26 00:00:00+09:00,159.94354248046875,160.7051783970424,158.42027064732142,159.94354248046875,48600,0.0,0.0
2009-08-27 00:00:00+09:00,161.46679022187868,161.46679022187868,158.42024701014515,160.7051544189453,37300,0.0,0.0
2009-08-28 00:00:00+09:00,160.70517179498262,160.70517179498262,156.89699236856123,159.18190002441406,37500,0.0,0.0
2009-08-31 00:00:00+09:00,158.4202815991093,159.94355353756228,157.6586456298828,157.6586456298828,12600,0.0,0.0
2009-09-02 00:00:00+09:00,153.85043796446266,156.89698129049162,152.3271663014482,156.13534545898438,17700,0.0,0.0
2009-09-03 00:00:00+09:00,152.3271766075721,153.08881249060997,146.23408954326922,148.5189971923828,52500,0.0,0.0
2009-09-04 00:00:00+09:00,148.51900592292708,149.28064185073697,147.7573699951172,147.7573699951172,18800,0.0,0.0
2009-09-07 00:00:00+09:00,146.9957456174104,149.28065358037534,135.57120580258575,140.14102172851562,86300,0.0,0.0
2009-09-08 00:00:00+09:00,143.1875587864926,145.47246663946854,136.33283522756477,144.71083068847656,31400,0.0,0.0
2009-09-09 00:00:00+09:00,145.47244464531147,150.80389549618675,142.42590130195416,143.9491729736328,16100,0.0,0.0
2009-09-10 00:00:00+09:00,148.51898391012082,149.28061972504452,146.23407646534974,146.99571228027344,17400,0.0,0.0
2009-09-11 00:00:00+09:00,150.04227777854683,150.04227777854683,144.71082628387765,147.7573699951172,19900,0.0,0.0
2009-09-14 00:00:00+09:00,144.71083068847656,146.9957385414525,141.66428688450864,144.71083068847656,15700,0.0,0.0
2009-09-15 00:00:00+09:00,147.75737449244448,147.75737449244448,143.1875587864926,144.71083068847656,13200,0.0,0.0
2009-09-16 00:00:00+09:00,143.94918380245085,145.47245558872018,141.66427612304688,141.66427612304688,8100,0.0,0.0
2009-09-17 00:00:00+09:00,140.90263575152622,144.71081509616207,133.28627706225453,139.37936401367188,31800,0.0,0.0
2009-09-18 00:00:00+09:00,146.99574084992105,149.28064873877992,138.6177452574385,143.18756103515625,37500,0.0,0.0
2009-09-21 00:00:00+09:00,143.18756103515625,143.18756103515625,143.18756103515625,143.18756103515625,0,0.0,0.0
2009-09-24 00:00:00+09:00,142.42589932586512,146.23407845222513,141.6642635005931,145.47244262695312,15200,0.0,0.0
2009-09-25 00:00:00+09:00,147.75735010276915,148.51898592804116,143.9491709764091,145.47244262695312,17000,0.0,0.0
2009-09-28 00:00:00+09:00,141.66426992416382,146.2340850830078,141.66426992416382,146.2340850830078,17200,0.0,0.0
2009-09-29 00:00:00+09:00,146.9957340673073,147.7573699951172,143.1875544282579,147.7573699951172,40400,0.0,0.0
2009-09-30 00:00:00+09:00,149.28064615472317,150.0422821044922,146.9957383054162,150.0422821044922,19200,0.0,0.0
2009-10-01 00:00:00+09:00,150.0422643820445,150.0422643820445,144.71081336339316,146.2340850830078,17800,0.0,0.0
2009-10-02 00:00:00+09:00,144.71082636379305,144.71082636379305,133.28628744033568,142.42591857910156,27000,0.0,0.0
2009-10-05 00:00:00+09:00,142.4259028116862,143.9491744995117,135.57118021647136,137.09445190429688,22200,0.0,0.0
2009-10-06 00:00:00+09:00,135.57118021647136,142.4259028116862,135.57118021647136,137.09445190429688,19300,0.0,0.0
2009-10-07 00:00:00+09:00,138.61773893794913,142.42591857910156,137.09446708148815,142.42591857910156,20700,0.0,0.0
2009-10-08 00:00:00+09:00,144.71082636379305,144.71082636379305,140.1410107944101,142.42591857910156,19800,0.0,0.0
2009-10-09 00:00:00+09:00,141.66424929440677,141.66424929440677,138.61770629882812,138.61770629882812,16000,0.0,0.0
2009-10-13 00:00:00+09:00,142.4259362298089,142.4259362298089,138.6177561167124,140.9026641845703,19800,0.0,0.0
2009-10-14 00:00:00+09:00,142.42592969148055,142.42592969148055,138.61774975320566,140.14102172851562,17400,0.0,0.0
2009-10-15 00:00:00+09:00,140.9026577161706,141.66429370382556,138.61774975320566,140.14102172851562,13800,0.0,0.0
2009-10-16 00:00:00+09:00,143.9492082750475,143.9492082750475,138.6177561167124,140.9026641845703,16700,0.0,0.0
2009-10-19 00:00:00+09:00,144.7108196955855,144.7108196955855,139.3793684436429,141.66427612304688,21700,0.0,0.0
2009-10-20 00:00:00+09:00,144.71083296106215,144.71083296106215,141.66428910925032,143.18756103515625,12000,0.0,0.0
2009-10-21 00:00:00+09:00,140.1410107944101,143.94919043556254,139.3793748661796,142.42591857910156,16900,0.0,0.0
2009-10-22 00:00:00+09:00,146.2341025904605,146.2341025904605,140.90265093351664,144.71083068847656,33100,0.0,0.0
2009-10-23 00:00:00+09:00,144.7108442976668,144.7108442976668,140.9026641845703,140.9026641845703,24500,0.0,0.0
2009-10-26 00:00:00+09:00,143.18756103515625,144.71083296106215,140.90265314629738,143.18756103515625,20000,0.0,0.0
2009-10-27 00:00:00+09:00,143.18756103515625,143.94919699810922,140.90265314629738,143.18756103515625,23200,0.0,0.0
2009-10-28 00:00:00+09:00,144.71082636379305,144.71082636379305,141.6642826508711,142.42591857910156,17400,0.0,0.0
2009-10-29 00:00:00+09:00,142.42592969148055,142.42592969148055,140.14102172851562,140.14102172851562,19700,0.0,0.0
2009-10-30 00:00:00+09:00,142.42591201618154,143.1875479093162,140.9026402299122,141.66427612304688,7900,0.0,0.0
2009-11-02 00:00:00+09:00,137.85608628691818,143.9491729736328,137.85608628691818,143.9491729736328,21100,0.0,0.0
2009-11-04 00:00:00+09:00,140.9026577161706,142.42592969148055,139.37938574086064,140.14102172851562,15000,0.0,0.0
2009-11-05 00:00:00+09:00,140.14100433677754,142.42591201618154,139.3793684436429,141.66427612304688,14400,0.0,0.0
2009-11-06 00:00:00+09:00,139.37935943603514,139.37935943603514,137.09445190429688,137.09445190429688,36100,0.0,0.0
2009-11-09 00:00:00+09:00,139.3793420477228,139.3793420477228,137.0944348010388,138.61770629882812,17400,0.0,0.0
2009-11-10 00:00:00+09:00,139.37938574086064,140.9026577161706,137.8561137655507,140.14102172851562,13700,0.0,0.0
2009-11-11 00:00:00+09:00,140.9026135455121,140.9026135455121,138.61770629882812,138.61770629882812,6400,0.0,0.0
2009-11-12 00:00:00+09:00,138.6177235921224,139.37935943603514,136.33281606038412,137.09445190429688,18600,0.0,0.0
2009-11-13 00:00:00+09:00,136.33280750928003,138.6177148977037,136.33280750928003,137.8560791015625,32900,0.0,0.0
2009-11-16 00:00:00+09:00,132.52463632925398,135.57117969314487,131.76300048828125,131.76300048828125,20200,0.0,0.0
2009-11-17 00:00:00+09:00,134.0479053315662,134.0479053315662,127.19318289983839,127.95481872558594,11400,0.0,0.0
2009-11-18 00:00:00+09:00,121.86176374846815,124.90830784217985,115.76867556104474,116.53031158447266,31100,0.0,0.0
2009-11-19 00:00:00+09:00,112.72211465717834,123.38501739501953,112.72211465717834,123.38501739501953,28200,0.0,0.0
2009-11-20 00:00:00+09:00,116.5302836261218,122.62337035167066,116.5302836261218,120.33846282958984,17700,0.0,0.0
2009-11-24 00:00:00+09:00,120.33846836090088,121.86174011230469,120.33846836090088,121.86174011230469,28700,0.0,0.0
2009-11-25 00:00:00+09:00,116.53027064983661,120.33844942924304,116.53027064983661,118.81517791748047,86000,0.0,0.0
2009-11-26 00:00:00+09:00,111.19885027086413,120.33848179997625,111.19885027086413,112.72212219238281,99700,0.0,0.0
2009-11-27 00:00:00+09:00,112.72211995442709,114.24539184570312,108.15230428059895,114.24539184570312,46500,0.0,0.0
2009-11-30 00:00:00+09:00,110.43718625421393,112.72209355602526,110.43718625421393,111.19882202148438,19400,0.0,0.0
2009-12-01 00:00:00+09:00,110.43719482421876,110.43719482421876,108.91392317147091,110.43719482421875,17000,0.0,0.0
2009-12-02 00:00:00+09:00,112.7221225170379,113.48375847999085,107.39067077636719,107.39067077636719,20100,0.0,0.0
2009-12-03 00:00:00+09:00,108.91394238858611,112.72212219238281,108.91394238858611,112.72212219238281,15400,0.0,0.0
2009-12-04 00:00:00+09:00,113.48375156947544,113.48375156947544,110.4372079031808,111.96047973632812,8800,0.0,0.0
2009-12-07 00:00:00+09:00,115.00702340262276,115.76865931919643,111.19884381975446,111.96047973632812,9500,0.0,0.0
2009-12-08 00:00:00+09:00,111.96045778875481,114.24536509056614,111.19882202148438,111.19882202148438,13300,0.0,0.0
2009-12-09 00:00:00+09:00,111.96048623162348,112.72212219238281,111.19885027086413,112.72212219238281,6100,0.0,0.0
2009-12-10 00:00:00+09:00,112.72210230334052,113.48373812971445,110.43719482421876,110.43719482421875,10400,0.0,0.0
2009-12-11 00:00:00+09:00,112.72211565290178,112.72211565290178,111.19884381975446,111.96047973632812,14000,0.0,0.0
2009-12-14 00:00:00+09:00,114.24540678660074,114.24540678660074,108.91395446989272,109.67559051513672,16200,0.0,0.0
2009-12-15 00:00:00+09:00,113.48375156947544,113.48375156947544,111.19884381975446,111.96047973632812,2900,0.0,0.0
2009-12-16 00:00:00+09:00,113.48375156947544,113.48375156947544,110.4372079031808,111.96047973632812,15300,0.0,0.0
2009-12-17 00:00:00+09:00,111.96045778875481,111.96045778875481,110.43718625421393,111.19882202148438,8700,0.0,0.0
2009-12-18 00:00:00+09:00,110.43719482421876,110.43719482421876,107.39065151872306,110.43719482421875,11200,0.0,0.0
2009-12-21 00:00:00+09:00,113.48373812971445,113.48373812971445,109.67555899784483,110.43719482421875,6500,0.0,0.0
2009-12-22 00:00:00+09:00,112.72213469611273,112.72213469611273,109.67559051513672,109.67559051513672,10400,0.0,0.0
2009-12-24 00:00:00+09:00,110.43719482421876,111.9604664769666,109.67555899784483,110.43719482421875,15500,0.0,0.0
2009-12-25 00:00:00+09:00,108.91395446989272,109.67559051513672,108.91395446989272,109.67559051513672,19400,0.0,0.0
2009-12-28 00:00:00+09:00,111.19886260562473,113.48377074135674,108.15231842464871,109.67559051513672,31800,0.0,0.0
2009-12-29 00:00:00+09:00,111.19884381975446,112.72211565290178,111.19884381975446,111.96047973632812,7400,0.0,0.0
2009-12-30 00:00:00+09:00,111.96049865086873,111.96049865086873,109.67559051513672,109.67559051513672,20800,0.0,0.0
2010-01-04 00:00:00+09:00,110.4372079031808,111.96047973632812,110.4372079031808,111.96047973632812,18300,0.0,0.0
2010-01-05 00:00:00+09:00,112.72211565290178,113.48375156947544,111.19884381975446,111.96047973632812,17900,0.0,0.0
2010-01-06 00:00:00+09:00,113.48375815314216,113.48375815314216,111.19885027086413,112.72212219238281,17500,0.0,0.0
2010-01-07 00:00:00+09:00,113.4837417602539,114.24537761099387,112.72210590951394,113.4837417602539,10200,0.0,0.0
2010-01-08 00:00:00+09:00,114.24537761099387,114.24537761099387,111.19883420803403,113.4837417602539,22600,0.0,0.0
2010-01-12 00:00:00+09:00,114.24539250098856,128.71647555111377,114.24539250098856,124.14665985107422,121300,0.0,0.0
2010-01-13 00:00:00+09:00,126.43155591241243,140.1410017342403,124.90828415443157,132.52464294433594,183700,0.0,0.0
2010-01-14 00:00:00+09:00,129.47809704662075,131.7630046415611,125.66991772172014,128.71646118164062,73300,0.0,0.0
2010-01-15 00:00:00+09:00,129.47812245991415,129.47812245991415,125.66994238756374,127.1932144165039,37500,0.0,0.0
2010-01-18 00:00:00+09:00,145.47244663502215,165.2749786376953,137.85608817245554,165.2749786376953,680200,0.0,0.0
2010-01-19 00:00:00+09:00,177.46118437177012,195.74044799804688,171.36809649634452,195.74044799804688,10141200,0.0,0.0
2010-01-20 00:00:00+09:00,189.64734096527098,192.69388459523518,178.9844382603963,182.79261779785156,3787200,0.0,0.0
2010-01-21 00:00:00+09:00,184.31588961283364,194.97879231770833,176.69953053792318,182.79261779785156,2421200,0.0,0.0
2010-01-22 00:00:00+09:00,179.74608474481303,188.88571617251537,179.74608474481303,185.83917236328125,594900,0.0,0.0
2010-01-25 00:00:00+09:00,179.74608515054499,228.4907862083199,179.74608515054499,221.6360626220703,1795700,0.0,0.0
2010-01-26 00:00:00+09:00,227.72911245273778,276.47380541921007,221.63602583192875,261.2410888671875,3693000,0.0,0.0
2010-01-27 00:00:00+09:00,261.2410979612509,297.0379831046293,239.15365819193232,265.8109130859375,2687800,0.0,0.0
2010-01-28 00:00:00+09:00,282.566880368396,285.61342355296097,263.5259854648653,275.712158203125,816400,0.0,0.0
2010-01-29 00:00:00+09:00,271.9040354815396,277.23548715764827,260.4794961755926,268.0958557128906,343000,0.0,0.0
2010-02-01 00:00:00+09:00,263.5260641060624,265.0493361529182,222.39771884095435,233.0606231689453,666500,0.0,0.0
2010-02-02 00:00:00+09:00,238.39208692292567,253.62480813205832,226.20590995561957,230.77572631835938,1048300,0.0,0.0
2010-02-03 00:00:00+09:00,237.6304297963525,247.53169770453385,233.06061383873032,239.15370178222656,210300,0.0,0.0
2010-02-04 00:00:00+09:00,236.86880328608495,238.3920753329408,226.205898958094,233.0606231689453,179400,0.0,0.0
2010-02-05 00:00:00+09:00,229.2523956298828,241.43856948396297,225.44421630048276,229.2523956298828,568900,0.0,0.0
2010-02-08 00:00:00+09:00,227.72911354146396,229.25238520394865,210.2114894228898,214.01966857910156,273100,0.0,0.0
2010-02-09 00:00:00+09:00,217.066249778054,217.066249778054,205.64171031605113,209.44989013671875,153600,0.0,0.0
2010-02-10 00:00:00+09:00,208.68826351094336,216.30462349309457,202.59517552522237,203.3568115234375,199700,0.0,0.0
2010-02-12 00:00:00+09:00,207.92657546997071,213.25802612304688,204.88003223964148,213.25802612304688,122200,0.0,0.0
2010-02-15 00:00:00+09:00,207.16496709567397,220.87441344759358,203.35678755347408,204.11842346191406,436300,0.0,0.0
2010-02-16 00:00:00+09:00,220.11281382756604,236.86880657568526,215.54299762353352,226.20590209960938,707200,0.0,0.0
2010-02-17 00:00:00+09:00,225.4441871120505,228.49073018113228,220.87437250842785,222.39764404296875,184300,0.0,0.0
2010-02-18 00:00:00+09:00,218.5895144187798,229.2524175611593,218.5895144187798,224.68260192871094,291300,0.0,0.0
2010-02-19 00:00:00+09:00,228.49077025045128,233.0605856554603,207.16496502707582,210.97314453125,387800,0.0,0.0
2010-02-22 00:00:00+09:00,207.92662234958127,217.06625410121123,207.92662234958127,211.73480224609375,242600,0.0,0.0
2010-02-23 00:00:00+09:00,213.25806117855484,213.25806117855484,201.83352218684655,204.88006591796875,269100,0.0,0.0
2010-02-24 00:00:00+09:00,206.403331187234,206.403331187234,200.31024391971417,204.11842346191406,85000,0.0,0.0
2010-02-25 00:00:00+09:00,205.64170635871167,207.1649782576651,199.54861876289797,201.83352661132812,108600,0.0,0.0
2010-02-26 00:00:00+09:00,198.78696129538798,204.88004823164508,198.02532542835584,201.07186889648438,83500,0.0,0.0
2010-03-01 00:00:00+09:00,202.59516191815996,218.58951680643577,202.59516191815996,217.827880859375,263600,0.0,0.0
2010-03-02 00:00:00+09:00,218.58948356655569,218.58948356655569,206.40331026667803,214.01966857910156,236200,0.0,0.0
2010-03-03 00:00:00+09:00,214.01966540899303,274.9505310058594,213.2580295890322,274.9505310058594,2542900,0.0,0.0
2010-03-04 00:00:00+09:00,274.95053859115336,274.95053859115336,263.5260009765625,263.5260009765625,3397100,0.0,0.0
2010-03-05 00:00:00+09:00,263.5260767270441,287.89843064399616,261.24116854732983,277.9971618652344,1832000,0.0,0.0
2010-03-08 00:00:00+09:00,274.9505396525065,293.2297999064128,266.5725453694661,274.18890380859375,1366400,0.0,0.0
2010-03-09 00:00:00+09:00,275.7121972515535,275.7121972515535,259.71784326734735,264.28765869140625,282100,0.0,0.0
2010-03-10 00:00:00+09:00,268.0958024845567,279.5203395222509,262.0027160644531,262.0027160644531,335800,0.0,0.0
2010-03-11 00:00:00+09:00,266.57254434045336,268.0958160223988,262.76436513558974,263.5260009765625,163900,0.0,0.0
2010-03-12 00:00:00+09:00,269.61911446707586,271.1423863002232,264.28766305106024,266.57257080078125,139400,0.0,0.0
2010-03-15 00:00:00+09:00,269.6190756685907,283.32852019411223,265.0492608267502,272.6656188964844,341500,0.0,0.0
2010-03-16 00:00:00+09:00,276.4738464355469,277.99711831673443,271.9040307919841,276.4738464355469,152700,0.0,0.0
2010-03-17 00:00:00+09:00,276.47385715793916,319.88710745546683,276.47385715793916,309.98583984375,1376200,0.0,0.0
2010-03-18 00:00:00+09:00,309.9858539822735,309.9858539822735,300.8462219238281,300.8462219238281,1351700,0.0,0.0
2010-03-19 00:00:00+09:00,300.8461461532714,303.1310535924101,284.85179407929996,288.65997314453125,360200,0.0,0.0
2010-03-23 00:00:00+09:00,293.2298413805923,293.2298413805923,281.80530210602376,284.0902099609375,135300,0.0,0.0
2010-03-24 00:00:00+09:00,287.1367805274757,287.898416550095,277.9971482560441,281.8053283691406,137600,0.0,0.0
2010-03-25 00:00:00+09:00,281.8052270910242,298.5612135667067,277.23541259765625,277.23541259765625,908100,0.0,0.0
2010-03-26 00:00:00+09:00,280.2820700449486,282.5669782246629,277.9971618652344,277.9971618652344,225200,0.0,0.0
2010-03-29 00:00:00+09:00,278.75875393085835,287.1367492675781,278.75875393085835,287.1367492675781,108400,0.0,0.0
2010-03-30 00:00:00+09:00,290.1832968619874,300.0845642089844,285.6134811633734,300.0845642089844,398900,0.0,0.0
2010-03-31 00:00:00+09:00,302.36944556603066,314.5556196946364,294.75308673565206,297.0379943847656,591000,0.0,0.0
2010-04-01 00:00:00+09:00,295.5147446042979,297.03801648370154,281.80529768966557,287.1367492675781,235400,0.0,0.0
2010-04-02 00:00:00+09:00,285.6134948730469,287.1367668457031,281.80531494140627,285.6134948730469,113600,0.0,0.0
2010-04-05 00:00:00+09:00,286.3751220703125,289.4216659221243,282.5669422555477,286.3751220703125,93600,0.0,0.0
2010-04-06 00:00:00+09:00,290.1832975740407,290.9449335256786,283.3285740092996,284.0902099609375,72000,0.0,0.0
2010-04-07 00:00:00+09:00,287.1367449428946,287.1367449428946,284.09020122997265,284.8518371582031,44900,0.0,0.0
2010-04-08 00:00:00+09:00,285.6134948730469,294.7531267089844,284.09022290039064,285.6134948730469,156300,0.0,0.0
2010-04-09 00:00:00+09:00,287.1367668457031,288.6600388183594,282.56695092773435,285.6134948730469,97500,0.0,0.0
2010-04-12 00:00:00+09:00,287.136771559394,287.89840755822524,281.805319567575,282.56695556640625,118800,0.0,0.0
2010-04-13 00:00:00+09:00,280.28202631232443,280.28202631232443,270.38075907846513,271.14239501953125,184900,0.0,0.0
2010-04-14 00:00:00+09:00,275.71216212437804,276.4737979313515,271.903983089511,272.6656188964844,76700,0.0,0.0
2010-04-15 00:00:00+09:00,271.90399576246574,273.4272674474095,267.33418070763435,268.8574523925781,84600,0.0,0.0
2010-04-16 00:00:00+09:00,267.3342326536017,269.619140625,262.76441671080505,269.619140625,72400,0.0,0.0
2010-04-19 00:00:00+09:00,268.85747411546515,274.1889254435339,262.76438688338663,264.28765869140625,134400,0.0,0.0
2010-04-20 00:00:00+09:00,265.04926800519314,267.3341754879965,260.47945303958636,261.2410888671875,71200,0.0,0.0
2010-04-21 00:00:00+09:00,262.00273381536533,269.61909235650967,260.4794621071365,265.8109130859375,85100,0.0,0.0
2010-04-22 00:00:00+09:00,270.380763841712,270.380763841712,262.764404296875,262.764404296875,65200,0.0,0.0
2010-04-23 00:00:00+09:00,262.00272469478864,265.8109038327943,261.2410888671875,261.2410888671875,94800,0.0,0.0
2010-04-26 00:00:00+09:00,262.00276407163744,265.810943781981,258.95622030336256,260.4794921875,77600,0.0,0.0
2010-04-27 00:00:00+09:00,260.4794576126716,263.5260009765625,258.9561859307261,263.5260009765625,53000,0.0,0.0
2010-04-28 00:00:00+09:00,257.4329961440143,261.2411765603458,256.67136006074793,258.9562683105469,79800,0.0,0.0
2010-04-30 00:00:00+09:00,259.7177912394206,261.2410627422911,249.05489071932706,251.3397979736328,96600,0.0,0.0
2010-05-06 00:00:00+09:00,243.72345831700628,254.3863596183753,242.20018670252497,242.96182250976562,80300,0.0,0.0
2010-05-07 00:00:00+09:00,228.49081570984887,234.5839041287782,226.2059075527504,232.2989959716797,103200,0.0,0.0
2010-05-10 00:00:00+09:00,236.10712146759033,243.72348022460938,235.34548559188843,243.72348022460938,54500,0.0,0.0
2010-05-11 00:00:00+09:00,243.72347780257937,243.72347780257937,239.91529846191406,239.91529846191406,196000,0.0,0.0
2010-05-12 00:00:00+09:00,239.91531813642987,242.96186185879725,230.01405103873594,236.8687744140625,64900,0.0,0.0
2010-05-13 00:00:00+09:00,238.3920440673828,241.43858776153468,234.583864449693,238.3920440673828,32400,0.0,0.0
2010-05-14 00:00:00+09:00,238.3920753329408,239.91534737979666,232.2989871455174,233.0606231689453,43400,0.0,0.0
2010-05-17 00:00:00+09:00,233.82222638811385,237.63040597098214,221.63605172293526,223.92095947265625,69100,0.0,0.0
2010-05-18 00:00:00+09:00,230.01401388985772,230.01401388985772,210.21148289271764,213.25802612304688,97200,0.0,0.0
2010-05-19 00:00:00+09:00,210.2115254649654,223.15933681606836,209.44988950313584,220.11279296875,81200,0.0,0.0
2010-05-20 00:00:00+09:00,219.35111258370537,219.35111258370537,213.25802612304688,213.25802612304688,51400,0.0,0.0
2010-05-21 00:00:00+09:00,201.071886254066,207.92660964909095,199.5486143885049,204.88006591796875,53000,0.0,0.0
2010-05-24 00:00:00+09:00,217.0662722380265,219.3511803668478,202.59518742215806,210.2115478515625,43600,0.0,0.0
2010-05-25 00:00:00+09:00,205.64166166936488,208.68820480520733,198.0253038297588,200.31021118164062,101700,0.0,0.0
2010-05-26 00:00:00+09:00,202.59514706633811,204.88005474001864,194.21715226284294,196.50205993652344,102800,0.0,0.0
2010-05-27 00:00:00+09:00,202.59515164503412,204.11842346191406,195.74042846907432,204.11842346191406,66100,0.0,0.0
2010-05-28 00:00:00+09:00,213.2580543631938,217.0662339053937,204.11842346191406,204.11842346191406,82100,0.0,0.0
2010-05-31 00:00:00+09:00,207.92662048339844,208.6882564558651,200.31026075873183,207.92662048339844,124400,0.0,0.0
2010-06-01 00:00:00+09:00,211.73477139068265,213.25804312730625,201.07186923431732,206.4033203125,61700,0.0,0.0
2010-06-02 00:00:00+09:00,203.3568115234375,206.40335551629798,201.83353952700725,203.3568115234375,34700,0.0,0.0
2010-06-03 00:00:00+09:00,204.88005937035405,205.64169527879403,201.83351573659414,204.11842346191406,43700,0.0,0.0
2010-06-04 00:00:00+09:00,204.88005937035405,209.4498748209939,201.83351573659414,204.11842346191406,41000,0.0,0.0
2010-06-07 00:00:00+09:00,200.31023056442672,200.31023056442672,196.50205127612963,197.26368713378906,33200,0.0,0.0
2010-06-08 00:00:00+09:00,193.4555311670843,201.83352661132812,193.4555311670843,201.83352661132812,35700,0.0,0.0
2010-06-09 00:00:00+09:00,207.1649558327415,207.1649558327415,198.02532542835584,201.07186889648438,49400,0.0,0.0
2010-06-10 00:00:00+09:00,200.3102102279663,207.16493225097656,197.26366710662842,207.16493225097656,31700,0.0,0.0
2010-06-11 00:00:00+09:00,211.73479395452534,211.73479395452534,201.83352661132812,201.83352661132812,48600,0.0,0.0
2010-06-14 00:00:00+09:00,204.88007659353178,207.92662048339844,202.5951686761318,207.92662048339844,24800,0.0,0.0
2010-06-15 00:00:00+09:00,205.64168444418817,207.9265920491236,205.64168444418817,206.4033203125,47300,0.0,0.0
2010-06-16 00:00:00+09:00,210.21149480422872,234.5838420279074,209.44985895348876,226.9674835205078,442700,0.0,0.0
2010-06-17 00:00:00+09:00,239.1536273467235,243.72344188201123,230.7756340320294,237.63035583496094,317000,0.0,0.0
2010-06-18 00:00:00+09:00,241.4385614998733,242.2001973405669,232.29893141155,240.6769256591797,148600,0.0,0.0
2010-06-21 00:00:00+09:00,244.48512706050164,253.62475797865125,242.20021933096425,246.77003479003906,191800,0.0,0.0
2010-06-22 00:00:00+09:00,249.05487588187245,249.05487588187245,238.39197599702163,244.4850616455078,120100,0.0,0.0
2010-06-23 00:00:00+09:00,238.3920418875558,239.91531372070312,232.2989545549665,234.5838623046875,75400,0.0,0.0
2010-06-24 00:00:00+09:00,235.34554268109915,237.63045086246905,223.15936571379305,230.77572631835938,147900,0.0,0.0
2010-06-25 00:00:00+09:00,220.87445312076144,224.68263334698148,219.35118103027344,219.35118103027344,120400,0.0,0.0
2010-06-28 00:00:00+09:00,218.58952104509083,221.6360648924092,214.78134123594293,220.11279296875,41900,0.0,0.0
2010-06-29 00:00:00+09:00,222.3976742393092,223.92094598067433,217.06622314453125,217.06622314453125,71800,0.0,0.0
2010-06-30 00:00:00+09:00,223.15930936298673,239.91529846191406,223.15930936298673,239.91529846191406,431900,0.0,0.0
2010-07-01 00:00:00+09:00,236.86877212757727,255.14803428533244,228.4907769719395,249.05494689941406,608800,0.0,0.0
2010-07-02 00:00:00+09:00,249.05494910606973,252.10149282602165,242.20022573617788,247.53167724609375,332300,0.0,0.0
2010-07-05 00:00:00+09:00,248.29331097617427,250.57821874589365,242.20022359025586,249.05494689941406,130600,0.0,0.0
2010-07-06 00:00:00+09:00,248.2933154032326,248.2933154032326,242.20022790867478,246.00840759277344,81700,0.0,0.0
2010-07-07 00:00:00+09:00,246.77001238472852,246.77001238472852,239.91528981848606,240.6769256591797,53700,0.0,0.0
2010-07-08 00:00:00+09:00,242.9619165669821,251.33991368998147,242.20028046489125,250.57827758789062,107300,0.0,0.0
2010-07-09 00:00:00+09:00,255.1480276663382,255.1480276663382,249.81657634196696,253.624755859375,100700,0.0,0.0
2010-07-12 00:00:00+09:00,256.671336876418,258.9562449198283,251.33988477512747,254.3864288330078,73700,0.0,0.0
2010-07-13 00:00:00+09:00,258.95620718374624,258.95620718374624,252.1014840524118,253.624755859375,105800,0.0,0.0
2010-07-14 00:00:00+09:00,255.90966356981983,255.90966356981983,251.33984814893017,253.624755859375,62200,0.0,0.0
2010-07-15 00:00:00+09:00,252.10149718493952,254.38640501441026,249.81658935546875,249.81658935546875,64700,0.0,0.0
2010-07-16 00:00:00+09:00,257.4329466450694,258.1945825818891,240.6769560350353,246.00840759277344,155100,0.0,0.0
2010-07-21 00:00:00+09:00,242.9618551934179,243.72349110311515,241.43858337402344,241.43858337402344,30900,0.0,0.0
2010-07-22 00:00:00+09:00,240.67689885848608,246.76998490553638,233.8221770555545,237.63035583496094,59800,0.0,0.0
2010-07-23 00:00:00+09:00,238.39206578928952,241.43860976103764,236.86879380341546,239.15370178222656,63000,0.0,0.0
2010-07-26 00:00:00+09:00,243.72349115065586,246.77003479003906,241.43858342111847,246.77003479003906,40800,0.0,0.0
2010-07-27 00:00:00+09:00,249.05490896769078,249.05490896769078,242.20018670252497,242.96182250976562,35300,0.0,0.0
2010-07-28 00:00:00+09:00,246.77003479003906,250.57821433926804,242.20021933096425,246.77003479003906,26100,0.0,0.0
2010-07-29 00:00:00+09:00,243.72349978231424,249.05495134005236,243.72349978231424,246.00840759277344,22700,0.0,0.0
2010-07-30 00:00:00+09:00,245.24674070334132,246.00837654403492,239.15365397779246,240.6769256591797,52500,0.0,0.0
2010-08-02 00:00:00+09:00,240.67693433004712,246.7700212751116,236.10711912124876,239.91529846191406,42300,0.0,0.0
2010-08-03 00:00:00+09:00,239.91531591445874,242.20022368507264,238.3920440673828,238.3920440673828,20700,0.0,0.0
2010-08-04 00:00:00+09:00,232.2989545549665,236.1071341378348,231.53731863839286,234.5838623046875,40800,0.0,0.0
2010-08-05 00:00:00+09:00,236.1071341378348,236.1071341378348,233.82222638811385,234.5838623046875,18800,0.0,0.0
2010-08-06 00:00:00+09:00,230.77572631835938,235.34554268109915,230.01409025790272,230.77572631835938,50700,0.0,0.0
2010-08-09 00:00:00+09:00,231.5373320708404,235.3455118746371,222.39770054172826,225.44424438476562,45400,0.0,0.0
2010-08-10 00:00:00+09:00,226.20585143192304,226.20585143192304,218.58949279785156,218.58949279785156,35400,0.0,0.0
2010-08-11 00:00:00+09:00,216.30461285565352,230.77569611008104,212.4964330518568,225.44424438476562,99100,0.0,0.0
2010-08-12 00:00:00+09:00,219.3511286612587,224.68257970510874,216.3045852076301,218.58949279785156,33500,0.0,0.0
2010-08-13 00:00:00+09:00,217.827880859375,219.3511527534965,217.06624491231426,217.827880859375,14600,0.0,0.0
2010-08-16 00:00:00+09:00,212.49643822539625,215.54298214260623,208.68825832888376,211.73480224609375,22900,0.0,0.0
2010-08-17 00:00:00+09:00,208.6882279174354,210.21149965405903,206.4033203125,206.4033203125,12500,0.0,0.0
2010-08-18 00:00:00+09:00,207.92662751272823,207.92662751272823,201.83353952700725,203.3568115234375,20800,0.0,0.0
2010-08-19 00:00:00+09:00,204.1184299851882,204.88006591796875,200.31025032128542,204.88006591796875,13500,0.0,0.0
2010-08-20 00:00:00+09:00,204.11839010144368,204.11839010144368,199.54857539768,200.31021118164062,20300,0.0,0.0
2010-08-23 00:00:00+09:00,199.5486035014308,200.31023939265762,193.4555163716161,196.50205993652344,19300,0.0,0.0
2010-08-24 00:00:00+09:00,191.9322599817495,191.9322599817495,185.07753641097273,185.83917236328125,40600,0.0,0.0
2010-08-25 00:00:00+09:00,179.74608725689828,185.07753899756898,167.55991184965092,178.9844512939453,41000,0.0,0.0
2010-08-26 00:00:00+09:00,178.22279389567396,185.07751673781527,176.69952215297587,183.5542449951172,40600,0.0,0.0
2010-08-27 00:00:00+09:00,178.9844382603963,182.79261779785156,178.22280235290526,182.79261779785156,15500,0.0,0.0
2010-08-30 00:00:00+09:00,190.40896357322225,192.69387113610094,184.31587673887915,186.6007843017578,32800,0.0,0.0
2010-08-31 00:00:00+09:00,185.07750954034503,185.07750954034503,175.93787943958725,177.46115112304688,17500,0.0,0.0
2010-09-01 00:00:00+09:00,175.93788353532685,178.2227911137077,172.89134009748568,174.41461181640625,21900,0.0,0.0
2010-09-02 00:00:00+09:00,179.74608499390163,180.50772094726562,175.17626927371768,180.50772094726562,36700,0.0,0.0
2010-09-03 00:00:00+09:00,185.07752990722656,187.362437683859,182.03098620505,185.07752990722656,26000,0.0,0.0
2010-09-06 00:00:00+09:00,186.60078472561307,191.93223571777344,185.07751301356726,191.93223571777344,24900,0.0,0.0
2010-09-07 00:00:00+09:00,191.93224875260944,194.97879238360323,188.1240692138672,188.1240692138672,15000,0.0,0.0
2010-09-08 00:00:00+09:00,185.07754330675144,185.07754330675144,181.2693634033203,181.2693634033203,8000,0.0,0.0
2010-09-09 00:00:00+09:00,181.26934598286945,189.64734096527098,179.74607416788737,182.79261779785156,14500,0.0,0.0
2010-09-10 00:00:00+09:00,185.07752334973046,186.60079514684756,182.0309797554962,184.31588745117188,25800,0.0,0.0
2010-09-13 00:00:00+09:00,185.8391526091643,188.1240602232114,183.5542449951172,183.5542449951172,13600,0.0,0.0
2010-09-14 00:00:00+09:00,180.50771871271493,182.79262654452145,180.50771871271493,182.03099060058594,15100,0.0,0.0
2010-09-16 00:00:00+09:00,182.0309818903605,185.0775255203247,181.26934598286945,182.79261779785156,20700,0.0,0.0
2010-09-17 00:00:00+09:00,183.55426426617748,191.17062377929688,183.55426426617748,191.17062377929688,33100,0.0,0.0
2010-09-21 00:00:00+09:00,201.0718731219952,201.83350900503305,194.21715017465445,198.02532958984375,43700,0.0,0.0
2010-09-22 00:00:00+09:00,197.26370022945477,201.83351567878577,196.50206432123295,198.78697204589844,55700,0.0,0.0
2010-09-24 00:00:00+09:00,195.7404305594308,204.11842564174106,194.97879464285714,202.59515380859375,34600,0.0,0.0
2010-09-27 00:00:00+09:00,204.88006155831474,204.88006155831474,198.02533830915178,202.59515380859375,46600,0.0,0.0
2010-09-28 00:00:00+09:00,166.03664925315164,174.41464531638405,159.9435612071644,167.55992126464844,402900,0.0,0.0
2010-09-29 00:00:00+09:00,166.03664925315164,174.41464531638405,159.9435612071644,167.55992126464844,109600,0.0,0.0
2010-09-30 00:00:00+09:00,165.27498069585758,169.84479583030523,163.751708984375,163.751708984375,57700,0.0,0.0
2010-10-01 00:00:00+09:00,162.22845246241644,162.99008838947003,158.42027282714844,158.42027282714844,69100,0.0,0.0
2010-10-04 00:00:00+09:00,161.46681197965987,161.46681197965987,144.71082205724235,150.8039093017578,115300,0.0,0.0
2010-10-05 00:00:00+09:00,146.9957318987165,150.8039114815848,146.23409598214286,149.2806396484375,66900,0.0,0.0
2010-10-06 00:00:00+09:00,151.5655517578125,152.32718769629398,147.75737206540515,151.5655517578125,46700,0.0,0.0
2010-10-07 00:00:00+09:00,150.80390301872703,156.89699000938265,150.04226714489505,155.37371826171875,58700,0.0,0.0
2010-10-08 00:00:00+09:00,152.32720705542232,156.1353872318079,151.56557102014523,153.85047912597656,51400,0.0,0.0
2010-10-12 00:00:00+09:00,155.37370192836707,163.75169565979863,155.37370192836707,162.22842407226562,83500,0.0,0.0
2010-10-13 00:00:00+09:00,158.42026175704657,161.46680525237437,155.37371826171875,155.37371826171875,57000,0.0,0.0
2010-10-14 00:00:00+09:00,156.8969908311632,172.89134426540798,155.37371907552085,171.36807250976562,255800,0.0,0.0
2010-10-15 00:00:00+09:00,166.79828191207625,179.74609375,166.79828191207625,179.74609375,244200,0.0,0.0
2010-10-18 00:00:00+09:00,177.46117713380966,183.55426476072157,176.69954118044566,180.50772094726562,90100,0.0,0.0
2010-10-19 00:00:00+09:00,178.9844512939453,181.26935918280418,176.69954340508644,178.9844512939453,75500,0.0,0.0
2010-10-20 00:00:00+09:00,176.699547519203,183.554271345379,175.93791153851677,181.2693634033203,66100,0.0,0.0
2010-10-21 00:00:00+09:00,182.03099938400655,182.03099938400655,178.22281948057545,181.2693634033203,57800,0.0,0.0
2010-10-22 00:00:00+09:00,180.50772094726562,182.03099285399358,178.98444904053764,180.50772094726562,49600,0.0,0.0
2010-10-25 00:00:00+09:00,182.0310017213983,185.8391816737288,179.74609375,179.74609375,80800,0.0,0.0
2010-10-26 00:00:00+09:00,181.26931670217803,181.26931670217803,175.9378662109375,175.9378662109375,40200,0.0,0.0
2010-10-27 00:00:00+09:00,174.41461602105036,175.17625189887153,169.08316487630208,171.36807250976562,67300,0.0,0.0
2010-10-28 00:00:00+09:00,168.32152411882268,168.32152411882268,163.751708984375,163.751708984375,83700,0.0,0.0
2010-10-29 00:00:00+09:00,168.3215287234805,168.3215287234805,163.7517134640195,166.03662109375,41000,0.0,0.0
2010-11-01 00:00:00+09:00,162.22843727289245,166.79825240734013,159.94352970566862,163.751708984375,35200,0.0,0.0
2010-11-02 00:00:00+09:00,163.75169565979863,163.75169565979863,161.4667882784991,162.22842407226562,15500,0.0,0.0
2010-11-04 00:00:00+09:00,164.513368632459,169.0831844278051,164.513368632459,168.32154846191406,18000,0.0,0.0
2010-11-05 00:00:00+09:00,174.41463618904217,174.41463618904217,165.27500459835002,168.32154846191406,39500,0.0,0.0
2010-11-08 00:00:00+09:00,172.89136425726016,172.89136425726016,167.55991249602306,168.32154846191406,27000,0.0,0.0
2010-11-09 00:00:00+09:00,170.60646290822072,170.60646290822072,166.79828293259078,169.08319091796875,23300,0.0,0.0
2010-11-10 00:00:00+09:00,169.84480075412327,172.89134426540798,169.84480075412327,171.36807250976562,22800,0.0,0.0
2010-11-11 00:00:00+09:00,171.3680989033467,171.3680989033467,167.55991892771678,169.08319091796875,27100,0.0,0.0
2010-11-12 00:00:00+09:00,171.3680989033467,172.89137089359866,168.32155492284275,169.08319091796875,11400,0.0,0.0
2010-11-15 00:00:00+09:00,167.55991892771678,170.60646290822072,166.79828293259078,169.08319091796875,24500,0.0,0.0
2010-11-16 00:00:00+09:00,169.84482691309472,172.1297348984727,166.0366469374648,169.08319091796875,43200,0.0,0.0
2010-11-17 00:00:00+09:00,167.55991249602306,171.36809232547813,167.55991249602306,168.32154846191406,28900,0.0,0.0
2010-11-18 00:00:00+09:00,167.55989284690367,169.08316460005733,163.7517134640195,166.03662109375,60700,0.0,0.0
2010-11-19 00:00:00+09:00,167.5599147848887,169.84482271377354,163.75173490341396,166.79827880859375,53000,0.0,0.0
2010-11-22 00:00:00+09:00,166.79827457004123,168.32154648392287,163.7517307422779,164.51336669921875,57500,0.0,0.0
2010-11-24 00:00:00+09:00,162.22847693789322,173.65301756732234,160.70520485396935,172.12974548339844,203100,0.0,0.0
2010-11-25 00:00:00+09:00,173.6530025952483,176.69954650042808,166.79827880859375,166.79827880859375,131800,0.0,0.0
2010-11-26 00:00:00+09:00,172.97599032901982,177.60927578426143,170.65934760139902,175.29263305664062,102400,3.0,0.0
2010-11-29 00:00:00+09:00,174.52041881410037,176.06484729918088,173.74820457156008,175.29263305664062,19400,0.0,0.0
2010-11-30 00:00:00+09:00,175.29262790256075,175.29262790256075,172.2037710232205,173.74819946289062,22600,0.0,0.0
2010-12-01 00:00:00+09:00,172.2037353515625,172.97594941143498,170.65930723181754,172.2037353515625,28400,0.0,0.0
2010-12-02 00:00:00+09:00,175.29262790256075,175.29262790256075,171.4315568033854,173.74819946289062,25800,0.0,0.0
2010-12-03 00:00:00+09:00,174.5204315185547,174.5204315185547,172.2037886222907,174.5204315185547,14500,0.0,0.0
2010-12-06 00:00:00+09:00,176.06484729918088,176.06484729918088,173.74820457156008,175.29263305664062,10200,0.0,0.0
2010-12-07 00:00:00+09:00,175.29263305664062,176.06484729918088,174.52041881410037,175.29263305664062,16400,0.0,0.0
2010-12-08 00:00:00+09:00,179.15367897727273,222.39767045454545,177.6092507102273,212.35888671875,2244300,0.0,0.0
2010-12-09 00:00:00+09:00,207.72559747730105,219.3088092325409,207.72559747730105,215.44773864746094,852000,0.0,0.0
2010-12-10 00:00:00+09:00,220.08102391729292,235.52530629745385,214.67552508423663,233.2086639404297,1693700,0.0,0.0
2010-12-13 00:00:00+09:00,237.06973724868826,237.06973724868826,223.1698829474622,233.9808807373047,643500,0.0,0.0
2010-12-14 00:00:00+09:00,232.43648264464304,233.20869687269834,227.8031972763113,229.34762573242188,250000,0.0,0.0
2010-12-15 00:00:00+09:00,229.34762573242188,230.89205418853246,225.4865545921454,229.34762573242188,236400,0.0,0.0
2010-12-16 00:00:00+09:00,233.20868986080853,250.19740236722504,229.34761883662296,240.9308319091797,1069300,0.0,0.0
2010-12-17 00:00:00+09:00,240.9307888628195,247.10850139776358,233.9808622610074,241.7030029296875,338200,0.0,0.0
2010-12-20 00:00:00+09:00,240.1586639304566,241.7030926374049,234.75316345613766,236.29759216308594,148300,0.0,0.0
2010-12-21 00:00:00+09:00,236.2975212196251,240.93080594942168,236.2975212196251,237.84194946289062,145500,0.0,0.0
2010-12-22 00:00:00+09:00,237.06973453546993,237.841948654478,232.43644982142166,233.2086639404297,118100,0.0,0.0
2010-12-24 00:00:00+09:00,231.6642608642578,233.20868927001953,230.89204666137695,231.6642608642578,51400,0.0,0.0
2010-12-27 00:00:00+09:00,230.11980746439752,234.7530921784458,227.8031651073734,233.2086639404297,61200,0.0,0.0
2010-12-28 00:00:00+09:00,233.9808807373047,235.52530899299646,232.43645248161292,233.9808807373047,22000,0.0,0.0
2010-12-29 00:00:00+09:00,230.89207433481687,237.0697886982902,230.89207433481687,235.52536010742188,74100,0.0,0.0
2010-12-30 00:00:00+09:00,233.9809213942736,239.38642122846474,233.20870713224627,237.0697784423828,63800,0.0,0.0
2011-01-04 00:00:00+09:00,237.8419725227969,243.247471898315,237.06975832629433,240.1586151123047,90000,0.0,0.0
2011-01-05 00:00:00+09:00,241.70306900266618,244.01971183655755,240.15864044673862,243.24749755859375,58300,0.0,0.0
2011-01-06 00:00:00+09:00,245.56407326402757,245.56407326402757,240.1585747959515,241.7030029296875,51900,0.0,0.0
2011-01-07 00:00:00+09:00,240.9308319091797,243.247474523691,239.38640349950543,240.9308319091797,43500,0.0,0.0
2011-01-11 00:00:00+09:00,240.93082708044898,246.33632640597187,239.38639870172815,244.01968383789062,61700,0.0,0.0
2011-01-12 00:00:00+09:00,258.69170592711856,271.0471306878167,253.28620759431308,257.14727783203125,368000,0.0,0.0
2011-01-13 00:00:00+09:00,260.2361987236492,277.99712623297836,257.14734176550496,276.45269775390625,312300,0.0,0.0
2011-01-14 00:00:00+09:00,276.45271318609065,277.9971417513761,268.73057035966355,271.8194274902344,267300,0.0,0.0
2011-01-17 00:00:00+09:00,261.0083352670581,266.4138333347191,240.93077101574596,249.4251251220703,309100,0.0,0.0
2011-01-18 00:00:00+09:00,250.96958654898185,254.83065711127387,247.1085159866898,250.19737243652344,158400,0.0,0.0
2011-01-19 00:00:00+09:00,250.96959114074704,252.51401939392088,247.1085205078125,247.1085205078125,104900,0.0,0.0
2011-01-20 00:00:00+09:00,247.10853838103583,247.88075256347656,247.10853838103583,247.88075256347656,48200,0.0,0.0
2011-01-21 00:00:00+09:00,247.88077018491686,247.88077018491686,239.38641357421875,239.38641357421875,121900,0.0,0.0
2011-01-24 00:00:00+09:00,242.4752887663294,245.56414594806608,233.98093151655354,235.52536010742188,64400,0.0,0.0
2011-01-25 00:00:00+09:00,234.7530948651506,237.06973724868826,233.9808807373047,233.9808807373047,75000,0.0,0.0
2011-01-26 00:00:00+09:00,237.06971852847943,241.7030029296875,233.9808622610074,241.7030029296875,63700,0.0,0.0
2011-01-27 00:00:00+09:00,240.93084466494975,244.7919158935547,240.15863041922873,244.7919158935547,96800,0.0,0.0
2011-01-28 00:00:00+09:00,244.79196645324132,247.10860966888714,241.70310883238022,246.33639526367188,62500,0.0,0.0
2011-01-31 00:00:00+09:00,238.61419439619516,244.01969394562352,237.84198017484823,242.4752655029297,111700,0.0,0.0
2011-02-01 00:00:00+09:00,243.2474874021127,247.88077287643867,243.2474874021127,244.7919158935547,48900,0.0,0.0
2011-02-02 00:00:00+09:00,247.10860966888714,250.19746728974823,245.56418085845658,246.33639526367188,59900,0.0,0.0
2011-02-03 00:00:00+09:00,244.7918880150753,250.96960127728542,242.47524554174652,245.56410217285156,71000,0.0,0.0
2011-02-04 00:00:00+09:00,246.33631633062782,248.6529588039566,243.24745969952278,245.56410217285156,66800,0.0,0.0
2011-02-07 00:00:00+09:00,245.5641062931774,261.00838970784264,245.5641062931774,260.2361755371094,174500,0.0,0.0
2011-02-08 00:00:00+09:00,261.7806065124873,262.55282069099025,254.8306789059611,261.0083923339844,133700,0.0,0.0
2011-02-09 00:00:00+09:00,262.55282069099025,265.6416774050019,258.69174979847566,261.0083923339844,99800,0.0,0.0
2011-02-10 00:00:00+09:00,257.1473188541763,260.2361755371094,254.83067634197656,260.2361755371094,61800,0.0,0.0
2011-02-14 00:00:00+09:00,259.46393899356616,267.18608003504136,255.60286847282856,262.55279541015625,98200,0.0,0.0
2011-02-15 00:00:00+09:00,267.1861124562693,284.1748248089801,267.1861124562693,281.0859680175781,843100,0.0,0.0
2011-02-16 00:00:00+09:00,281.8581622579823,292.66916026239807,258.6917379628057,266.41387939453125,606600,0.0,0.0
2011-02-17 00:00:00+09:00,266.41392504048144,277.99713917267627,265.6417107650018,271.0472106933594,317400,0.0,0.0
2011-02-18 00:00:00+09:00,267.9582996033786,270.27494196306196,261.78058664422286,264.09722900390625,109800,0.0,0.0
2011-02-21 00:00:00+09:00,262.55275130960985,267.18603515625,257.14725348852966,267.18603515625,90600,0.0,0.0
2011-02-22 00:00:00+09:00,265.64163235501127,265.64163235501127,255.602849736944,257.14727783203125,84600,0.0,0.0
2011-02-23 00:00:00+09:00,250.96962985932265,258.6917723165326,244.7919158935547,244.7919158935547,115500,0.0,0.0
2011-02-24 00:00:00+09:00,240.15861289108858,251.74182573149477,238.61418451236776,244.01968383789062,112800,0.0,0.0
2011-02-25 00:00:00+09:00,240.93082708044898,248.65296897405312,240.93082708044898,244.01968383789062,39600,0.0,0.0
2011-02-28 00:00:00+09:00,249.42521397660417,253.28628540039062,244.79192826806045,253.28628540039062,43400,0.0,0.0
2011-03-01 00:00:00+09:00,257.91951631986177,257.91951631986177,250.9695892333984,250.96958923339844,61400,0.0,0.0
2011-03-02 00:00:00+09:00,244.7919158935547,248.65298712215966,244.7919158935547,244.7919158935547,51200,0.0,0.0
2011-03-03 00:00:00+09:00,244.01975204802605,250.19746728974823,243.24753764281078,246.33639526367188,26000,0.0,0.0
2011-03-04 00:00:00+09:00,250.19737850327093,261.008376339832,245.5640937161733,256.3750915527344,119700,0.0,0.0
2011-03-07 00:00:00+09:00,261.78058051567575,315.8355676428064,259.46393821022724,297.30242919921875,1687000,0.0,0.0
2011-03-08 00:00:00+09:00,291.12479384572885,298.84693691855983,286.49150800203023,293.4414367675781,462200,0.0,0.0
2011-03-09 00:00:00+09:00,292.6691890373542,299.61911700921746,279.54154731272354,283.4026184082031,309800,0.0,0.0
2011-03-10 00:00:00+09:00,278.7693176269531,281.85817433196087,262.5528199256622,278.7693176269531,299800,0.0,0.0
2011-03-11 00:00:00+09:00,268.73056535993305,278.76935084751676,268.73056535993305,270.2749938964844,133300,0.0,0.0
2011-03-14 00:00:00+09:00,223.942133585612,239.38641866048178,208.4978485107422,208.4978485107422,290200,0.0,0.0
2011-03-15 00:00:00+09:00,208.4978485107422,208.4978485107422,146.72070821126303,152.89842224121094,317900,0.0,0.0
2011-03-16 00:00:00+09:00,154.44284396701389,175.29262790256075,154.44284396701389,173.74819946289062,180800,0.0,0.0
2011-03-17 00:00:00+09:00,162.16498247524987,192.28133636351058,162.16498247524987,190.73690795898438,156700,0.0,0.0
2011-03-18 00:00:00+09:00,200.77565984208456,203.8645161473474,193.05351907892745,199.23123168945312,122600,0.0,0.0
2011-03-22 00:00:00+09:00,211.58668518066406,214.67554189862994,208.49782846269815,211.58668518066406,94100,0.0,0.0
2011-03-23 00:00:00+09:00,214.67556741648707,227.0309957570043,212.3589246026401,223.942138671875,133900,0.0,0.0
2011-03-24 00:00:00+09:00,235.52536149458453,274.13607649369675,235.52536149458453,254.83071899414062,543700,0.0,0.0
2011-03-25 00:00:00+09:00,255.60291533364858,256.37512957936957,242.47527315639172,244.7919158935547,210300,0.0,0.0
2011-03-28 00:00:00+09:00,243.24746964853023,244.79189802725105,233.20868518684486,244.01968383789062,101700,0.0,0.0
2011-03-29 00:00:00+09:00,244.79190816697042,253.28626460178643,237.84198017484823,242.4752655029297,83300,0.0,0.0
2011-03-30 00:00:00+09:00,252.5140713046056,252.5140713046056,242.47528559524818,248.6529998779297,75000,0.0,0.0
2011-03-31 00:00:00+09:00,246.33630638122557,247.1085205078125,240.15859336853026,247.1085205078125,74600,0.0,0.0
2011-04-01 00:00:00+09:00,241.7030412698094,247.8807547846927,241.7030412698094,244.01968383789062,48400,0.0,0.0
2011-04-04 00:00:00+09:00,244.79185919715954,245.56407326402757,240.9307888628195,241.7030029296875,28200,0.0,0.0
2011-04-05 00:00:00+09:00,236.2975537849195,239.38641069714066,224.7143403640901,229.34762573242188,65100,0.0,0.0
2011-04-06 00:00:00+09:00,227.80319971581028,227.80319971581028,220.85327158888725,225.48655700683594,49300,0.0,0.0
2011-04-07 00:00:00+09:00,227.03097236447218,227.03097236447218,216.2199736804497,221.62547302246094,31200,0.0,0.0
2011-04-08 00:00:00+09:00,217.76440521240235,237.8419744873047,217.76440521240235,231.6642608642578,51800,0.0,0.0
2011-04-11 00:00:00+09:00,234.75313055236205,236.29755904283812,230.11984508093386,230.89205932617188,26600,0.0,0.0
2011-04-12 00:00:00+09:00,231.66427089743416,231.66427089743416,225.48655700683594,225.48655700683594,25700,0.0,0.0
2011-04-13 00:00:00+09:00,223.94211559760862,228.57540074790396,219.30883044731326,221.62547302246094,47600,0.0,0.0
2011-04-14 00:00:00+09:00,220.08103472963748,226.25874798520624,219.3088205726914,223.16989135742188,41600,0.0,0.0
2011-04-15 00:00:00+09:00,226.25874798520624,227.80317629909845,221.62546304352966,223.16989135742188,22500,0.0,0.0
2011-04-18 00:00:00+09:00,225.4865439810404,227.03097236447218,220.85325883074506,221.62547302246094,13800,0.0,0.0
2011-04-19 00:00:00+09:00,219.3087878757053,224.71428616841635,216.99214575025772,222.39764404296875,22100,0.0,0.0
2011-04-20 00:00:00+09:00,220.08105735256248,227.03098547948548,220.08105735256248,225.48655700683594,27200,0.0,0.0
2011-04-21 00:00:00+09:00,227.03092829386392,227.03092829386392,220.08100191752115,222.39764404296875,26200,0.0,0.0
2011-04-22 00:00:00+09:00,223.16988144707435,224.7143096923828,219.30881083380316,224.7143096923828,13200,0.0,0.0
2011-04-25 00:00:00+09:00,228.57540074790396,228.57540074790396,216.2199736804497,221.62547302246094,23800,0.0,0.0
2011-04-26 00:00:00+09:00,227.80317629909845,227.80317629909845,219.3088205726914,223.16989135742188,10200,0.0,0.0
2011-04-27 00:00:00+09:00,220.85324888658357,223.16989135742188,220.85324888658357,223.16989135742188,14800,0.0,0.0
2011-04-28 00:00:00+09:00,220.08105735256248,226.2587712431607,220.08105735256248,225.48655700683594,21900,0.0,0.0
2011-05-02 00:00:00+09:00,227.80319971581028,227.80319971581028,223.94212853418637,225.48655700683594,21500,0.0,0.0
2011-05-06 00:00:00+09:00,223.9420721266005,223.9420721266005,216.99214575025772,222.39764404296875,9500,0.0,0.0
2011-05-09 00:00:00+09:00,224.71432978932452,224.71432978932452,220.85325883074506,221.62547302246094,12600,0.0,0.0
2011-05-10 00:00:00+09:00,223.94210551436797,223.94210551436797,220.08103472963748,223.16989135742188,11000,0.0,0.0
2011-05-11 00:00:00+09:00,223.94212853418637,227.03098547948548,223.1699142978616,225.48655700683594,22000,0.0,0.0
2011-05-12 00:00:00+09:00,224.71434277051114,227.03098547948548,224.71434277051114,225.48655700683594,9900,0.0,0.0
2011-05-13 00:00:00+09:00,223.9421231981734,224.71433741609815,219.308837890625,219.308837890625,16400,0.0,0.0
2011-05-16 00:00:00+09:00,219.30883044731326,223.94211559760862,219.30883044731326,221.62547302246094,12700,0.0,0.0
2011-05-17 00:00:00+09:00,220.8532689144737,222.39769736842106,220.0810546875,220.0810546875,16300,0.0,0.0
2011-05-18 00:00:00+09:00,220.85323803630098,233.20866394042972,220.08102391729292,233.2086639404297,44800,0.0,0.0
2011-05-19 00:00:00+09:00,237.84197687698622,243.24747635146318,226.25876371739272,227.80319213867188,56600,0.0,0.0
2011-05-20 00:00:00+09:00,228.5753822593422,230.11981051785128,220.08102683754234,220.85324096679688,14100,0.0,0.0
2011-05-23 00:00:00+09:00,216.99214432752171,239.38635139335136,216.21993029076899,226.2587127685547,52300,0.0,0.0
2011-05-24 00:00:00+09:00,227.03096008300784,227.80317423295003,223.16988933329682,227.0309600830078,12600,0.0,0.0
2011-05-25 00:00:00+09:00,230.11978295231842,230.11978295231842,224.7142846950492,226.2587127685547,9600,0.0,0.0
2011-05-26 00:00:00+09:00,223.94209451233317,234.7530921784458,223.94209451233317,233.2086639404297,21200,0.0,0.0
2011-05-27 00:00:00+09:00,231.66424498266105,235.52531573237206,223.16988933329682,227.0309600830078,31700,0.0,0.0
2011-05-30 00:00:00+09:00,227.03101237769263,240.15865595055243,221.62551208298567,238.61422729492188,91300,0.0,0.0
2011-05-31 00:00:00+09:00,238.61422729492185,238.61422729492185,238.61422729492185,238.61422729492188,172600,0.0,0.0
2011-06-01 00:00:00+09:00,238.61418869018556,240.15861709594728,228.57540405273437,231.6642608642578,60500,0.0,0.0
2011-06-02 00:00:00+09:00,227.8031998192704,233.20869947599883,226.2587713459194,230.11984252929688,23100,0.0,0.0
2011-06-03 00:00:00+09:00,230.89200535336056,233.9808616122684,227.80314909445272,228.5753631591797,10600,0.0,0.0
2011-06-06 00:00:00+09:00,227.03095206034553,230.1198085509625,220.85323907911163,224.7143096923828,27200,0.0,0.0
2011-06-07 00:00:00+09:00,224.71431967131406,224.71431967131406,223.16989135742188,223.16989135742188,42000,0.0,0.0
2011-06-08 00:00:00+09:00,223.16989135742188,223.94210551436797,221.62546304352966,223.16989135742188,9100,0.0,0.0
2011-06-09 00:00:00+09:00,223.94212582236844,223.94212582236844,216.99219777960528,220.0810546875,12300,0.0,0.0
2011-06-10 00:00:00+09:00,218.53662623355265,223.16991159539475,218.53662623355265,220.0810546875,26500,0.0,0.0
2011-06-13 00:00:00+09:00,215.4477742694027,220.08105973756187,213.90334578001628,216.99220275878906,13500,0.0,0.0
2011-06-14 00:00:00+09:00,213.1311241472271,222.39769476232394,213.1311241472271,219.308837890625,25200,0.0,0.0
2011-06-15 00:00:00+09:00,220.08104689577792,221.62547529504653,215.44776169797206,217.764404296875,18200,0.0,0.0
2011-06-16 00:00:00+09:00,220.08104689577792,220.08104689577792,217.764404296875,217.764404296875,10000,0.0,0.0
2011-06-17 00:00:00+09:00,218.5365951155249,218.5365951155249,214.67552453044496,215.44773864746094,10000,0.0,0.0
2011-06-20 00:00:00+09:00,213.90332815987725,218.53661324637278,213.90332815987725,216.219970703125,6000,0.0,0.0
2011-06-21 00:00:00+09:00,213.90332815987725,220.08104160853796,213.90332815987725,216.219970703125,37300,0.0,0.0
2011-06-22 00:00:00+09:00,218.53657383388943,222.39764404296875,218.53657383388943,222.39764404296875,12400,0.0,0.0
2011-06-23 00:00:00+09:00,218.53659857903327,223.16988335456045,218.53659857903327,220.85324096679688,11800,0.0,0.0
2011-06-24 00:00:00+09:00,220.85323907911163,224.7143096923828,220.85323907911163,224.7143096923828,16300,0.0,0.0
2011-06-27 00:00:00+09:00,222.39767720047575,224.71431967131406,222.39767720047575,223.16989135742188,7200,0.0,0.0
2011-06-28 00:00:00+09:00,223.94212853418637,225.48655700683594,223.94212853418637,225.48655700683594,6600,0.0,0.0
2011-06-29 00:00:00+09:00,226.25874593306563,228.57538838289224,224.71431763318122,227.0309600830078,12900,0.0,0.0
2011-06-30 00:00:00+09:00,223.94207065829644,227.03092680530742,223.94207065829644,226.2587127685547,30100,0.0,0.0
2011-07-01 00:00:00+09:00,228.57540634931144,229.347620559951,224.7143352961136,227.80319213867188,13200,0.0,0.0
2011-07-04 00:00:00+09:00,229.34757722390665,229.34757722390665,228.5753631591797,228.5753631591797,11300,0.0,0.0
2011-07-05 00:00:00+09:00,227.80314084206017,227.80314084206017,223.1698566215437,226.2587127685547,11200,0.0,0.0
2011-07-06 00:00:00+09:00,223.16992440059266,224.7143529431573,222.39771012931033,223.942138671875,18700,0.0,0.0
2011-07-07 00:00:00+09:00,225.48652381503706,225.48652381503706,222.39766732442013,224.7143096923828,11200,0.0,0.0
2011-07-08 00:00:00+09:00,230.11979128863362,230.11979128863362,223.94207877081794,228.5753631591797,28400,0.0,0.0
2011-07-11 00:00:00+09:00,225.48649873180193,227.80314084206017,221.6254285480382,226.2587127685547,14400,0.0,0.0
2011-07-12 00:00:00+09:00,222.39771012931033,223.942138671875,222.39771012931033,223.942138671875,12200,0.0,0.0
2011-07-13 00:00:00+09:00,221.62549585802802,223.942138671875,220.85328158674568,223.942138671875,10900,0.0,0.0
2011-07-14 00:00:00+09:00,220.85326109541222,221.62547529504653,217.764404296875,217.764404296875,12300,0.0,0.0
2011-07-15 00:00:00+09:00,217.76439906529018,217.76439906529018,214.67554234095982,216.219970703125,30600,0.0,0.0
2011-07-19 00:00:00+09:00,214.67554189862994,215.44775607812142,211.58668518066406,211.58668518066406,23300,0.0,0.0
2011-07-20 00:00:00+09:00,213.90331498579545,213.90331498579545,211.58667258522726,212.35888671875,10200,0.0,0.0
2011-07-21 00:00:00+09:00,212.35889936015553,213.90332771913847,211.58668518066406,211.58668518066406,9900,0.0,0.0
2011-07-22 00:00:00+09:00,214.67552185058594,215.44773595796215,212.35887952845732,214.67552185058594,19900,0.0,0.0
2011-07-25 00:00:00+09:00,208.49785355960623,211.58671064937818,208.49785355960623,210.0422821044922,33000,0.0,0.0
2011-07-26 00:00:00+09:00,209.2700627644857,210.81449127197266,208.4978485107422,208.4978485107422,17600,0.0,0.0
2011-07-27 00:00:00+09:00,208.49783023500623,209.2700444210618,193.05354651389467,203.0923309326172,38000,0.0,0.0
2011-07-28 00:00:00+09:00,200.00348657369614,202.32012927532196,196.14241540431976,197.6868438720703,29700,0.0,0.0
2011-07-29 00:00:00+09:00,197.6868052124506,200.77566154389513,193.8257347981449,195.3701629638672,34900,0.0,0.0
2011-08-01 00:00:00+09:00,195.37022890577128,198.4590862797756,193.82580021876916,196.91465759277344,12600,0.0,0.0
2011-08-02 00:00:00+09:00,198.45904541015625,200.00347377910688,197.68683122568095,198.45904541015625,12000,0.0,0.0
2011-08-03 00:00:00+09:00,196.14242045084637,197.68684895833334,193.0535634358724,194.59799194335938,14200,0.0,0.0
2011-08-04 00:00:00+09:00,194.59794888100606,196.91459112958947,194.59794888100606,195.3701629638672,5300,0.0,0.0
2011-08-05 00:00:00+09:00,189.19251770269673,189.96473206066693,185.3314459128458,188.42030334472656,16700,0.0,0.0
2011-08-08 00:00:00+09:00,185.3314156367861,186.10362986860605,177.60927331858667,179.15370178222656,25300,0.0,0.0
2011-08-09 00:00:00+09:00,173.74820215948697,179.15370178222656,173.74820215948697,179.15370178222656,63500,0.0,0.0
2011-08-10 00:00:00+09:00,183.78698979324537,183.78698979324537,179.1537043362728,179.92591857910156,14400,0.0,0.0
2011-08-11 00:00:00+09:00,173.74819714090097,179.1536966075068,173.74819714090097,177.60926818847656,19300,0.0,0.0
2011-08-12 00:00:00+09:00,178.38147978803477,179.15369398625137,174.52040879695178,176.83705139160156,12800,0.0,0.0
2011-08-15 00:00:00+09:00,181.4703470647591,184.55920403607414,178.38149009344403,179.92591857910156,10600,0.0,0.0
2011-08-16 00:00:00+09:00,176.83705908676674,181.47034447768638,176.83705908676674,179.15370178222656,13300,0.0,0.0
2011-08-17 00:00:00+09:00,180.69810485839844,182.24253310505142,179.15367661174548,180.69810485839844,5900,0.0,0.0
2011-08-18 00:00:00+09:00,182.2425537109375,186.1036247641353,179.9259110790188,182.2425537109375,10100,0.0,0.0
2011-08-19 00:00:00+09:00,178.3814697265625,182.24254049986473,177.60925557190205,178.3814697265625,12100,0.0,0.0
2011-08-22 00:00:00+09:00,175.29262299516836,182.24255077911778,175.29262299516836,176.83705139160156,8300,0.0,0.0
2011-08-23 00:00:00+09:00,177.60926558981816,179.15369398625137,174.52040879695178,176.83705139160156,13700,0.0,0.0
2011-08-24 00:00:00+09:00,183.01476765508235,183.01476765508235,172.20376872187074,177.60926818847656,15000,0.0,0.0
2011-08-25 00:00:00+09:00,179.9259108170219,181.47033923605213,177.60926818847656,177.60926818847656,12800,0.0,0.0
2011-08-26 00:00:00+09:00,179.15370178222656,179.15370178222656,177.60927331858667,179.15370178222656,7600,0.0,0.0
2011-08-29 00:00:00+09:00,181.47033923605213,181.47033923605213,175.2926255599312,177.60926818847656,9300,0.0,0.0
2011-08-30 00:00:00+09:00,181.4703470647591,181.4703470647591,179.92591857910156,179.92591857910156,12800,0.0,0.0
2011-08-31 00:00:00+09:00,180.69811277751683,183.78696940619233,179.92589862034794,183.01475524902344,16200,0.0,0.0
2011-09-01 00:00:00+09:00,180.69813282193033,181.4703470647591,176.06484736495776,179.92591857910156,42800,0.0,0.0
2011-09-02 00:00:00+09:00,176.83705139160156,177.60926558981816,176.06483719338496,176.83705139160156,9700,0.0,0.0
2011-09-05 00:00:00+09:00,177.60928871357336,177.60928871357336,170.65936002478134,174.5204315185547,13400,0.0,0.0
2011-09-06 00:00:00+09:00,172.20374041337234,172.20374041337234,155.21503059680646,160.6205291748047,46400,0.0,0.0
2011-09-07 00:00:00+09:00,159.8483428955078,162.93719976305385,158.3039144617348,159.8483428955078,49000,0.0,0.0
2011-09-08 00:00:00+09:00,161.39274325737586,162.16495733994705,158.30388692709116,160.6205291748047,45400,0.0,0.0
2011-09-09 00:00:00+09:00,155.9872641469918,160.62054922066483,153.6706216101553,157.5316925048828,81800,0.0,0.0
2011-09-12 00:00:00+09:00,152.89842493393843,154.44285346862466,143.63185372582095,144.40406799316406,46600,0.0,0.0
2011-09-13 00:00:00+09:00,149.809565226237,150.58177947998047,142.0874226888021,143.63185119628906,60500,0.0,0.0
2011-09-14 00:00:00+09:00,145.94849652785032,157.53171053799716,142.85963945847783,144.40406799316406,138800,0.0,0.0
2011-09-15 00:00:00+09:00,147.49291213015292,148.26512632978722,139.77077013380983,145.17626953125,56900,0.0,0.0
2011-09-16 00:00:00+09:00,141.31519082559123,145.17626161317568,140.54297666807435,142.859619140625,107300,0.0,0.0
2011-09-20 00:00:00+09:00,142.859619140625,143.63183329814188,141.31519082559123,142.859619140625,29200,0.0,0.0
2011-09-21 00:00:00+09:00,145.1762822605072,146.72071079519344,142.85963945847783,144.40406799316406,20800,0.0,0.0
2011-09-22 00:00:00+09:00,140.54296605231355,142.85960834987915,139.770751953125,139.770751953125,44600,0.0,0.0
2011-09-26 00:00:00+09:00,135.90967668805803,135.90967668805803,129.73196411132812,129.73196411132812,96600,0.0,0.0
2011-09-27 00:00:00+09:00,140.54299159556126,140.54299159556126,135.90970615834496,138.22634887695312,71800,0.0,0.0
2011-09-28 00:00:00+09:00,139.770751953125,141.31518015150206,136.68189555637085,139.770751953125,42700,0.0,0.0
2011-09-29 00:00:00+09:00,142.8596138042179,142.8596138042179,138.22632903218923,141.315185546875,28300,0.0,0.0
2011-09-30 00:00:00+09:00,141.31519082559123,142.859619140625,141.31519082559123,142.859619140625,14100,0.0,0.0
2011-10-03 00:00:00+09:00,139.770751953125,142.0873942506906,137.4541096555594,139.770751953125,31100,0.0,0.0
2011-10-04 00:00:00+09:00,137.4541096555594,139.770751953125,135.90968145718233,139.770751953125,24700,0.0,0.0
2011-10-05 00:00:00+09:00,139.77077212576137,139.77077212576137,136.68191528320312,136.68191528320312,13200,0.0,0.0
2011-10-06 00:00:00+09:00,136.68192039788102,138.99856311648918,135.90970615834496,138.22634887695312,10600,0.0,0.0
2011-10-07 00:00:00+09:00,138.9985556130881,140.54298400878906,135.90969882168613,140.54298400878906,8500,0.0,0.0
2011-10-11 00:00:00+09:00,140.54297666807435,143.63183329814188,138.99854835304055,142.859619140625,11200,0.0,0.0
2011-10-12 00:00:00+09:00,145.17627970377606,145.17627970377606,142.0874226888021,143.63185119628906,13200,0.0,0.0
2011-10-13 00:00:00+09:00,145.17628976922288,149.80957561292146,143.63186115465666,146.72071838378906,32300,0.0,0.0
2011-10-14 00:00:00+09:00,145.94850997924803,146.72072431776257,137.4541522555881,138.9985809326172,14000,0.0,0.0
2011-10-17 00:00:00+09:00,140.54299665644845,146.72071079519344,140.54299665644845,144.40406799316406,8000,0.0,0.0
2011-10-18 00:00:00+09:00,142.85962660234054,142.85962660234054,137.4541272173871,140.54298400878906,18100,0.0,0.0
2011-10-19 00:00:00+09:00,141.31518015150206,143.63182244906767,138.99853785393645,139.770751953125,13500,0.0,0.0
2011-10-20 00:00:00+09:00,138.99854510017994,139.7707592396254,137.45411682128906,137.45411682128906,22900,0.0,0.0
2011-10-21 00:00:00+09:00,135.909723578559,140.54300960964628,135.909723578559,138.9985809326172,6700,0.0,0.0
2011-10-24 00:00:00+09:00,139.77075991423234,142.08740234375,138.22633162788722,142.08740234375,7400,0.0,0.0
2011-10-25 00:00:00+09:00,143.63182244906767,143.63182244906767,138.99853785393645,139.770751953125,3800,0.0,0.0
2011-10-26 00:00:00+09:00,135.90968854239816,139.7707592396254,135.90968854239816,137.45411682128906,7600,0.0,0.0
2011-10-27 00:00:00+09:00,140.54297141820356,141.315185546875,138.22632903218923,141.315185546875,11900,0.0,0.0
2011-10-28 00:00:00+09:00,142.85961648692256,143.6318306300951,140.54297405740488,142.08740234375,13500,0.0,0.0
2011-10-31 00:00:00+09:00,142.85961648692256,145.17625891644022,142.08740234375,142.08740234375,20000,0.0,0.0
2011-11-01 00:00:00+09:00,140.54297666807435,144.4040474556588,140.54297666807435,142.859619140625,7900,0.0,0.0
2011-11-02 00:00:00+09:00,139.77079527113173,140.54300960964628,138.9985809326172,138.9985809326172,11200,0.0,0.0
2011-11-04 00:00:00+09:00,140.54297666807435,142.859619140625,140.54297666807435,142.859619140625,5400,0.0,0.0
2011-11-07 00:00:00+09:00,139.7707572895321,141.315185546875,138.22632903218923,141.315185546875,14100,0.0,0.0
2011-11-08 00:00:00+09:00,139.77076251055743,142.859619140625,139.77076251055743,142.859619140625,6100,0.0,0.0
2011-11-09 00:00:00+09:00,142.0874226888021,143.63185119628906,139.77077992757162,143.63185119628906,6700,0.0,0.0
2011-11-10 00:00:00+09:00,138.9985809326172,138.9985809326172,135.909723578559,138.9985809326172,24100,0.0,0.0
2011-11-11 00:00:00+09:00,136.68189555637085,139.770751953125,136.68189555637085,139.770751953125,9400,0.0,0.0
2011-11-14 00:00:00+09:00,139.77075991423234,142.85961648692256,138.22633162788722,142.08740234375,24000,0.0,0.0
2011-11-15 00:00:00+09:00,142.85961648692256,144.40404477326766,141.31518820057744,142.08740234375,13400,0.0,0.0
2011-11-16 00:00:00+09:00,142.85960834987915,143.63182244906767,138.99853785393645,139.770751953125,10200,0.0,0.0
2011-11-17 00:00:00+09:00,139.77076251055743,142.859619140625,138.22633419552366,142.859619140625,17800,0.0,0.0
2011-11-18 00:00:00+09:00,142.08741240449004,142.08741240449004,138.9985556130881,140.54298400878906,7800,0.0,0.0
2011-11-21 00:00:00+09:00,141.315185546875,142.8596138042179,139.7707572895321,141.315185546875,5400,0.0,0.0
2011-11-22 00:00:00+09:00,142.8596138042179,142.8596138042179,139.7707572895321,141.315185546875,12900,0.0,0.0
2011-11-24 00:00:00+09:00,142.0874226888021,152.89842224121094,138.99856567382812,148.26513671875,93500,0.0,0.0
2011-11-25 00:00:00+09:00,153.6706338453043,155.9872765665903,145.176277200589,147.492919921875,84000,0.0,0.0
2011-11-28 00:00:00+09:00,148.277428869299,149.06196552998313,144.35474556587837,145.1392822265625,37200,3.0,0.0
2011-11-29 00:00:00+09:00,152.98467757854056,152.98467757854056,144.35477268949467,147.492919921875,34600,0.0,0.0
2011-11-30 00:00:00+09:00,147.4929139510445,148.27745072737983,144.35476684570312,144.35476684570312,16000,0.0,0.0
2011-12-01 00:00:00+09:00,146.70835554793075,148.277428869299,144.35474556587837,145.1392822265625,37600,0.0,0.0
2011-12-02 00:00:00+09:00,145.13932243895135,145.13932243895135,140.43210117066104,142.0011749267578,30300,0.0,0.0
2011-12-05 00:00:00+09:00,145.13929141465053,145.923828125,142.0011445732527,145.923828125,20600,0.0,0.0
2011-12-06 00:00:00+09:00,147.49291086720896,147.49291086720896,142.7856903076172,142.7856903076172,25500,0.0,0.0
2011-12-07 00:00:00+09:00,142.00114749429005,145.1392944002412,142.00114749429005,143.57022094726562,9500,0.0,0.0
2011-12-08 00:00:00+09:00,145.13928852384052,152.2001187763517,144.35475182911708,148.27743530273438,58200,0.0,0.0
2011-12-09 00:00:00+09:00,149.84652395346728,152.98467105196923,147.49291362959084,152.20013427734375,59600,0.0,0.0
2011-12-12 00:00:00+09:00,155.33826941901475,170.24446698952625,155.33826941901475,165.53724670410156,249200,0.0,0.0
2011-12-13 00:00:00+09:00,163.18362247242646,180.44342869547157,162.39908582592443,173.38259887695312,201900,0.0,0.0
2011-12-14 00:00:00+09:00,178.0898153923418,183.58157181413208,168.6753758121299,171.8135223388672,143800,0.0,0.0
2011-12-15 00:00:00+09:00,171.0290266418457,171.81356346130372,155.33829025268554,156.90736389160156,96600,0.0,0.0
2011-12-16 00:00:00+09:00,156.90735752142749,164.75272539749886,156.12282073382033,161.6145782470703,41600,0.0,0.0
2011-12-19 00:00:00+09:00,156.90735492509666,157.69189169972213,149.0619871788418,152.20013427734375,61600,0.0,0.0
2011-12-20 00:00:00+09:00,149.84648472286878,151.41555786132812,146.70833844595006,151.41555786132812,30300,0.0,0.0
2011-12-21 00:00:00+09:00,151.4155854205696,157.69187911675903,150.63104870854593,153.76919555664062,71400,0.0,0.0
2011-12-22 00:00:00+09:00,157.69184178386243,157.69184178386243,152.2000860998473,154.55369567871094,25100,0.0,0.0
2011-12-26 00:00:00+09:00,157.69190071105956,157.69190071105956,154.55375343322754,156.90736389160156,17600,0.0,0.0
2011-12-27 00:00:00+09:00,154.55375343322754,156.90736389160156,151.4156061553955,156.90736389160156,17000,0.0,0.0
2011-12-28 00:00:00+09:00,156.122839494185,156.90737637606534,153.76922884854403,155.3383026123047,11300,0.0,0.0
2011-12-29 00:00:00+09:00,156.12276873128667,156.12276873128667,150.63101304727155,154.55369567871094,14200,0.0,0.0
2011-12-30 00:00:00+09:00,151.41555786132812,154.55370413824684,149.84648472286878,151.41555786132812,19500,0.0,0.0
2012-01-04 00:00:00+09:00,153.769186323117,153.769186323117,151.4155763283754,152.98464965820312,12100,0.0,0.0
2012-01-05 00:00:00+09:00,152.98465884461694,153.76919555664062,150.63104870854593,153.76919555664062,10100,0.0,0.0
2012-01-06 00:00:00+09:00,151.41555786132812,152.98463099978747,151.41555786132812,151.41555786132812,11100,0.0,0.0
2012-01-10 00:00:00+09:00,151.41555786132812,152.2000944305578,148.2774115844094,151.41555786132812,13300,0.0,0.0
2012-01-11 00:00:00+09:00,149.84647652098369,155.3382322049988,149.84647652098369,154.55369567871094,15600,0.0,0.0
2012-01-12 00:00:00+09:00,156.1228294925413,185.93522909413213,153.7692189976789,162.3991241455078,335500,0.0,0.0
2012-01-13 00:00:00+09:00,163.18363656138922,172.59807713223861,157.6918795617271,165.53724670410156,112800,0.0,0.0
2012-01-16 00:00:00+09:00,170.24447631835938,178.089843890634,165.5372557749946,170.24447631835938,81200,0.0,0.0
2012-01-17 00:00:00+09:00,163.96816046954376,168.6753803873297,157.69186724582917,159.2609405517578,114400,0.0,0.0
2012-01-18 00:00:00+09:00,159.2609405517578,159.2609405517578,153.76918398100753,159.2609405517578,67100,0.0,0.0
2012-01-19 00:00:00+09:00,161.61455178917,171.02899169921875,160.83001512999928,171.02899169921875,146000,0.0,0.0
2012-01-20 00:00:00+09:00,174.16714748489522,174.16714748489522,164.7527070803063,167.89085388183594,60000,0.0,0.0
2012-01-23 00:00:00+09:00,167.10631152066318,174.95167825872247,166.32177484685724,172.5980682373047,50700,0.0,0.0
2012-01-24 00:00:00+09:00,178.87436870750523,188.288809165795,174.16714847836036,187.5042724609375,318600,0.0,0.0
2012-01-25 00:00:00+09:00,189.0733518767775,189.85788860655666,177.3053009300901,178.87437438964844,171800,0.0,0.0
2012-01-26 00:00:00+09:00,179.65891726321587,186.71974807268722,178.08984375,178.08984375,71200,0.0,0.0
2012-01-27 00:00:00+09:00,178.87437099880643,178.87437099880643,167.89085699010778,169.45993041992188,65100,0.0,0.0
2012-01-30 00:00:00+09:00,168.67538129779655,170.24445461219466,165.53723466900033,167.10630798339844,23600,0.0,0.0
2012-01-31 00:00:00+09:00,167.89084235143878,174.1671355234552,167.89084235143878,173.38259887695312,56600,0.0,0.0
2012-02-01 00:00:00+09:00,173.3826139944571,175.73622413917823,169.45993041992188,169.45993041992188,27700,0.0,0.0
2012-02-02 00:00:00+09:00,169.45993041992188,172.59807727955004,168.6753937050148,169.45993041992188,15300,0.0,0.0
2012-02-03 00:00:00+09:00,169.45992728260077,172.59807408413042,167.10631718145353,167.89085388183594,25300,0.0,0.0
2012-02-06 00:00:00+09:00,167.10632013257646,167.8908568468139,165.53724670410156,165.53724670410156,37900,0.0,0.0
2012-02-07 00:00:00+09:00,167.8908568468139,168.67539356105135,165.53724670410156,165.53724670410156,13800,0.0,0.0
2012-02-08 00:00:00+09:00,167.10632928944952,170.24447631835938,167.10632928944952,170.24447631835938,47800,0.0,0.0
2012-02-09 00:00:00+09:00,171.8135223388672,174.16713223392017,167.89083918044557,171.8135223388672,44400,0.0,0.0
2012-02-10 00:00:00+09:00,176.52076721191406,182.0125244140625,173.38262023925782,180.44345092773438,97300,0.0,0.0
2012-02-13 00:00:00+09:00,182.01251533703928,183.5815887451172,178.08983181684445,183.5815887451172,47900,0.0,0.0
2012-02-14 00:00:00+09:00,183.58159469809766,184.3661314275767,172.59808048539097,174.95169067382812,66000,0.0,0.0
2012-02-15 00:00:00+09:00,172.59808048539097,177.30530086226526,171.81354375591192,174.95169067382812,36100,0.0,0.0
2012-02-16 00:00:00+09:00,175.73623354800114,176.52077030491185,172.59808652035827,174.1671600341797,18400,0.0,0.0
2012-02-17 00:00:00+09:00,176.5207553731984,182.01251220703125,175.73621868265087,182.01251220703125,46200,0.0,0.0
2012-02-20 00:00:00+09:00,185.15068608498086,192.21151733398438,180.44346525231185,192.21151733398438,116400,0.0,0.0
2012-02-21 00:00:00+09:00,200.05687880801014,200.05687880801014,192.2115110116176,196.91873168945312,191400,0.0,0.0
2012-02-22 00:00:00+09:00,192.2115110116176,198.48780524873163,190.6424374523391,196.91873168945312,58100,0.0,0.0
2012-02-23 00:00:00+09:00,196.13417958825585,196.91871630660887,192.21149599649073,192.99603271484375,52100,0.0,0.0
2012-02-24 00:00:00+09:00,192.99602939493985,195.3496395095123,182.01251552693515,187.5042724609375,131200,0.0,0.0
2012-02-27 00:00:00+09:00,188.28879112054494,190.64240100955175,186.71971786120707,189.8578643798828,55200,0.0,0.0
2012-02-28 00:00:00+09:00,186.71971840800543,193.78054809570312,185.15064514407263,193.78054809570312,38100,0.0,0.0
2012-02-29 00:00:00+09:00,192.99602958804272,194.56510299932762,189.07334605983047,191.4269561767578,58800,0.0,0.0
2012-03-01 00:00:00+09:00,189.0733520758986,196.13418265134712,189.0733520758986,190.64242553710938,78000,0.0,0.0
2012-03-02 00:00:00+09:00,190.64241947111535,192.99602958804272,189.07334605983047,191.4269561767578,31700,0.0,0.0
2012-03-05 00:00:00+09:00,189.07334605983047,191.4269561767578,189.07334605983047,191.4269561767578,15500,0.0,0.0
2012-03-06 00:00:00+09:00,191.42697460127073,191.42697460127073,188.28882747665975,189.0733642578125,20100,0.0,0.0
2012-03-07 00:00:00+09:00,178.87437744140627,188.288818359375,173.38262023925782,188.288818359375,54400,0.0,0.0
2012-03-08 00:00:00+09:00,187.50427861468782,191.42696226771477,185.93520515347706,190.64242553710938,43600,0.0,0.0
2012-03-09 00:00:00+09:00,193.78056943319677,193.78056943319677,185.93520224966656,192.99603271484375,57100,0.0,0.0
2012-03-12 00:00:00+09:00,193.78058161601484,200.05687575742422,192.2115080806625,195.3496551513672,66300,0.0,0.0
2012-03-13 00:00:00+09:00,197.70326828956604,202.41048896312714,193.7805843949318,200.84141540527344,71600,0.0,0.0
2012-03-14 00:00:00+09:00,201.6259247535883,208.68675480332485,200.05685140920238,202.41046142578125,107400,0.0,0.0
2012-03-15 00:00:00+09:00,203.97955322265625,203.97955322265625,199.27233276367187,200.05686950683594,31100,0.0,0.0
2012-03-16 00:00:00+09:00,199.27231473700942,203.97953477016713,196.91870472043058,202.41046142578125,32000,0.0,0.0
2012-03-19 00:00:00+09:00,204.76408140120967,219.67027889784947,201.62593455981184,218.8857421875,107200,0.0,0.0
2012-03-21 00:00:00+09:00,218.88572093418665,222.80840410505022,211.82489122663225,219.67025756835938,57800,0.0,0.0
2012-03-22 00:00:00+09:00,225.94656575520833,225.94656575520833,211.8249053955078,211.8249053955078,39000,0.0,0.0
2012-03-23 00:00:00+09:00,207.11770315731275,219.6702912274529,207.11770315731275,213.3939971923828,41400,0.0,0.0
2012-03-26 00:00:00+09:00,219.67027574670013,220.45481244579548,212.6094454548419,217.31666564941406,35300,0.0,0.0
2012-03-27 00:00:00+09:00,218.88575436206574,222.80843813199525,215.74760734612215,221.23936462402344,42600,0.0,0.0
2012-03-28 00:00:00+09:00,222.02387680108012,222.02387680108012,218.8857301325136,220.45480346679688,15200,0.0,0.0
2012-03-29 00:00:00+09:00,214.17851012966386,221.2393401339385,214.17851012966386,220.45480346679688,53000,0.0,0.0
2012-03-30 00:00:00+09:00,219.67029410348812,223.5929779267647,214.96307351555623,222.80844116210938,31700,0.0,0.0
2012-04-02 00:00:00+09:00,217.31667785644532,219.6702880859375,214.17853088378908,215.7476043701172,30700,0.0,0.0
2012-04-03 00:00:00+09:00,219.67027873018364,219.67027873018364,214.9630584716797,214.9630584716797,15200,0.0,0.0
2012-04-04 00:00:00+09:00,211.82492645693497,222.80844116210938,207.1177058690031,222.80844116210938,86100,0.0,0.0
2012-04-05 00:00:00+09:00,218.10119595370452,218.10119595370452,213.39397589714974,214.1785125732422,27100,0.0,0.0
2012-04-06 00:00:00+09:00,212.60945739746094,212.60945739746094,205.5486267089844,207.90223693847656,40100,0.0,0.0
2012-04-09 00:00:00+09:00,207.90221848868597,208.6867551622282,205.54860846805934,206.33314514160156,12000,0.0,0.0
2012-04-10 00:00:00+09:00,207.90223693847656,209.4713104248047,207.1177001953125,207.90223693847656,8200,0.0,0.0
2012-04-11 00:00:00+09:00,201.62594929277657,202.41048606045274,192.99604484833867,195.3496551513672,42100,0.0,0.0
2012-04-12 00:00:00+09:00,199.27232969985178,199.27232969985178,196.13418277544466,198.48779296875,23100,0.0,0.0
2012-04-13 00:00:00+09:00,195.3496460443429,200.05686643095356,195.3496460443429,198.48779296875,9100,0.0,0.0
2012-04-16 00:00:00+09:00,200.841390625,200.841390625,192.99602380371093,196.13417053222656,11200,0.0,0.0
2012-04-17 00:00:00+09:00,200.0568539428711,200.0568539428711,194.56509716796876,196.13417053222656,7100,0.0,0.0
2012-04-18 00:00:00+09:00,196.91871950654644,198.48779296875,194.56510931324112,198.48779296875,9400,0.0,0.0
2012-04-19 00:00:00+09:00,202.4104617738905,206.33314514160156,200.84138842680608,206.33314514160156,30100,0.0,0.0
2012-04-20 00:00:00+09:00,205.54866237711286,212.60949429083047,203.97958861850896,211.04042053222656,21000,0.0,0.0
2012-04-23 00:00:00+09:00,211.82492065429688,213.393994140625,203.97955322265625,207.90223693847656,12500,0.0,0.0
2012-04-24 00:00:00+09:00,207.90225511186577,210.25586554709443,201.62596061792266,209.47132873535156,9900,0.0,0.0
2012-04-25 00:00:00+09:00,203.19501647949218,213.393994140625,203.19501647949218,207.90223693847656,11400,0.0,0.0
2012-04-26 00:00:00+09:00,209.4713104248047,209.4713104248047,204.76408996582032,207.90223693847656,4400,0.0,0.0
2012-04-27 00:00:00+09:00,211.04039969811072,211.04039969811072,201.62595807589017,203.9795684814453,8500,0.0,0.0
2012-05-01 00:00:00+09:00,201.6259307861328,202.41046748179872,201.6259307861328,201.6259307861328,4200,0.0,0.0
2012-05-02 00:00:00+09:00,196.91872557382734,200.0568725949242,196.91872557382734,197.70326232910156,12500,0.0,0.0
2012-05-07 00:00:00+09:00,189.8578827654729,192.99602958804272,184.36612582597576,191.4269561767578,10900,0.0,0.0
2012-05-08 00:00:00+09:00,191.4269561767578,199.2723232331823,188.288809354188,191.4269561767578,16500,0.0,0.0
2012-05-09 00:00:00+09:00,188.28880573141163,188.28880573141163,182.01251220703125,182.01251220703125,6400,0.0,0.0
2012-05-10 00:00:00+09:00,180.44343882593614,184.36612227867388,178.0898287542935,182.01251220703125,7000,0.0,0.0
2012-05-11 00:00:00+09:00,181.2280040652253,181.2280040652253,166.32180459665696,168.6754150390625,17200,0.0,0.0
2012-05-14 00:00:00+09:00,168.67538129779655,172.59806458379182,165.53723466900033,167.10630798339844,10400,0.0,0.0
2012-05-15 00:00:00+09:00,156.90734255966262,158.47641598525925,153.76919570846937,157.69187927246094,24900,0.0,0.0
2012-05-16 00:00:00+09:00,170.24448291074881,170.24448291074881,156.90735752142749,161.6145782470703,21000,0.0,0.0
2012-05-17 00:00:00+09:00,157.69186724582917,160.83001385768645,149.84650071618591,159.2609405517578,8200,0.0,0.0
2012-05-18 00:00:00+09:00,155.33825771625226,163.18362426757812,151.41557444058932,163.18362426757812,12500,0.0,0.0
2012-05-21 00:00:00+09:00,162.39908804020413,167.10630798339844,159.2609414114079,167.10630798339844,11800,0.0,0.0
2012-05-22 00:00:00+09:00,171.81354375591192,178.87437432122337,168.67539683799572,174.95169067382812,17900,0.0,0.0
2012-05-23 00:00:00+09:00,180.44342112991043,180.44342112991043,163.968152244136,166.32176208496094,25100,0.0,0.0
2012-05-24 00:00:00+09:00,166.32178048107113,167.89085388183594,163.9681703799239,167.89085388183594,9200,0.0,0.0
2012-05-25 00:00:00+09:00,167.10630754324106,167.10630754324106,160.0454776470478,163.18362426757812,9700,0.0,0.0
2012-05-28 00:00:00+09:00,163.9681703799239,167.89085388183594,158.476413477247,167.89085388183594,12000,0.0,0.0
2012-05-29 00:00:00+09:00,161.61456027877665,167.89085388183594,161.61456027877665,167.89085388183594,7100,0.0,0.0
2012-05-30 00:00:00+09:00,165.53724378068873,167.89085388183594,160.83002357839425,167.89085388183594,6800,0.0,0.0
2012-05-31 00:00:00+09:00,167.8908568468139,167.8908568468139,163.18363656138922,165.53724670410156,6900,0.0,0.0
2012-06-01 00:00:00+09:00,162.39911503467744,164.75272539749886,160.83004145946316,161.6145782470703,5100,0.0,0.0
2012-06-04 00:00:00+09:00,161.6145782470703,167.10633576032026,160.83004145946316,161.6145782470703,13300,0.0,0.0
2012-06-05 00:00:00+09:00,159.26097961133746,167.10634806509793,159.26097961133746,163.96820068359375,6200,0.0,0.0
2012-06-06 00:00:00+09:00,164.75268885774432,166.32176208496094,163.968152244136,166.32176208496094,4900,0.0,0.0
2012-06-07 00:00:00+09:00,172.5980589705515,172.5980589705515,163.18361939033963,171.8135223388672,9800,0.0,0.0
2012-06-08 00:00:00+09:00,172.59807727955004,173.3826139944571,164.75271013047958,169.45993041992188,13800,0.0,0.0
2012-06-11 00:00:00+09:00,174.95169067382812,180.44344778018146,173.38261721487,174.95169067382812,14000,0.0,0.0
2012-06-12 00:00:00+09:00,174.95171781556795,177.30532836914062,172.5981072619953,177.30532836914062,5300,0.0,0.0
2012-06-13 00:00:00+09:00,178.0898652203315,178.0898652203315,171.0290335596135,177.30532836914062,2700,0.0,0.0
2012-06-14 00:00:00+09:00,176.52075160633433,176.52075160633433,167.10631152066318,172.5980682373047,8900,0.0,0.0
2012-06-15 00:00:00+09:00,167.89085699010778,171.02900384973597,167.89085699010778,169.45993041992188,6100,0.0,0.0
2012-06-18 00:00:00+09:00,170.24445504004802,171.81352835838948,167.10630840336512,171.02899169921875,5300,0.0,0.0
2012-06-19 00:00:00+09:00,171.02901307558682,171.8135498328143,166.32179253222205,170.24447631835938,12700,0.0,0.0
2012-06-20 00:00:00+09:00,171.02898893744697,174.1671355234552,171.02898893744697,173.38259887695312,8600,0.0,0.0
2012-06-21 00:00:00+09:00,171.81354969713658,178.87438050660793,171.81354969713658,178.08984375,42700,0.0,0.0
2012-06-22 00:00:00+09:00,172.5981044769287,178.08986234664917,172.5981044769287,175.7362518310547,17300,0.0,0.0
2012-06-25 00:00:00+09:00,178.87437744140627,178.87437744140627,175.73623046875,176.52076721191406,7800,0.0,0.0
2012-06-26 00:00:00+09:00,176.52075821655805,179.65890502929688,176.52075821655805,179.65890502929688,6400,0.0,0.0
2012-06-27 00:00:00+09:00,179.65892618203878,183.58161015981256,177.30531579537453,182.7970733642578,14100,0.0,0.0
2012-06-28 00:00:00+09:00,183.5815762606534,185.93518621271306,181.22796630859375,181.22796630859375,12200,0.0,0.0
2012-06-29 00:00:00+09:00,182.01250295928028,184.36611291133994,173.38259980172822,181.22796630859375,19700,0.0,0.0
2012-07-02 00:00:00+09:00,182.01252753303964,185.15067455947138,173.38262321035242,178.08984375,22500,0.0,0.0
2012-07-03 00:00:00+09:00,176.52077023678416,179.65891726321587,176.52077023678416,178.08984375,9300,0.0,0.0
2012-07-04 00:00:00+09:00,177.3053009300901,180.44344784920676,173.3826172811943,178.87437438964844,18000,0.0,0.0
2012-07-05 00:00:00+09:00,178.87440207152238,178.87440207152238,176.52079151794973,177.30532836914062,6700,0.0,0.0
2012-07-06 00:00:00+09:00,178.0898438187333,178.874380575644,174.1671600341797,174.1671600341797,19000,0.0,0.0
2012-07-09 00:00:00+09:00,172.59808048539097,175.73622740330717,172.59808048539097,174.95169067382812,7200,0.0,0.0
2012-07-10 00:00:00+09:00,170.24448866733283,172.59809910973837,167.89087822492732,168.6754150390625,12200,0.0,0.0
2012-07-11 00:00:00+09:00,164.75268885774432,169.45990853939415,164.75268885774432,166.32176208496094,19800,0.0,0.0
2012-07-12 00:00:00+09:00,170.24446698952625,170.24446698952625,165.53724670410156,165.53724670410156,6400,0.0,0.0
2012-07-13 00:00:00+09:00,162.39909697915908,169.45992728260077,162.39909697915908,167.89085388183594,6400,0.0,0.0
2012-07-17 00:00:00+09:00,165.53723747616723,165.53723747616723,163.18362746465775,164.75270080566406,5000,0.0,0.0
2012-07-18 00:00:00+09:00,163.1836518222846,163.1836518222846,161.6145782470703,161.6145782470703,3500,0.0,0.0
2012-07-19 00:00:00+09:00,162.3991241455078,162.3991241455078,161.614587313887,162.3991241455078,8000,0.0,0.0
2012-07-20 00:00:00+09:00,162.39909332577545,162.39909332577545,156.90733654664294,158.47640991210938,7400,0.0,0.0
2012-07-23 00:00:00+09:00,152.2001218077957,156.90734206989248,133.3712407594086,145.923828125,112700,0.0,0.0
2012-07-24 00:00:00+09:00,145.9238150950228,145.9238150950228,137.29391205176879,139.64752197265625,28100,0.0,0.0
2012-07-25 00:00:00+09:00,143.57021463916288,143.57021463916288,138.07845779504188,140.43206787109375,15600,0.0,0.0
2012-07-26 00:00:00+09:00,141.21661076780225,144.3547576737534,135.7248536823877,143.57022094726562,11700,0.0,0.0
2012-07-27 00:00:00+09:00,141.21660456311102,141.21660456311102,138.86299448705918,140.43206787109375,22100,0.0,0.0
2012-07-30 00:00:00+09:00,146.708374107277,146.708374107277,140.4320800278213,142.7856903076172,27200,0.0,0.0
2012-07-31 00:00:00+09:00,142.78569329303244,144.35476684570312,141.21661974036175,144.35476684570312,6000,0.0,0.0
2012-08-01 00:00:00+09:00,143.57022399902345,152.20012817382812,141.21661376953125,141.21661376953125,17900,0.0,0.0
2012-08-02 00:00:00+09:00,139.64754028320314,144.3547607421875,139.64754028320314,141.21661376953125,8600,0.0,0.0
2012-08-03 00:00:00+09:00,138.86297870504444,138.86297870504444,135.724832293631,136.50936889648438,9900,0.0,0.0
2012-08-06 00:00:00+09:00,138.07845779504188,141.21660456311102,138.07845779504188,140.43206787109375,4000,0.0,0.0
2012-08-07 00:00:00+09:00,141.21661376953125,142.00115051269532,138.078466796875,141.21661376953125,12100,0.0,0.0
2012-08-08 00:00:00+09:00,142.00115651669708,145.13930362203845,142.00115651669708,144.35476684570312,12700,0.0,0.0
2012-08-09 00:00:00+09:00,144.35474556587837,146.70835554793075,142.00113558382603,145.1392822265625,10100,0.0,0.0
2012-08-10 00:00:00+09:00,143.57022094726562,143.57022094726562,141.21661076780225,143.57022094726562,16500,0.0,0.0
2012-08-13 00:00:00+09:00,143.57023006936777,145.9238403983738,142.00115651669708,144.35476684570312,9700,0.0,0.0
2012-08-14 00:00:00+09:00,145.13929141465053,146.70836483534947,142.0011445732527,145.923828125,16800,0.0,0.0
2012-08-15 00:00:00+09:00,142.7856903076172,145.1393005874131,142.00115354768522,142.7856903076172,15600,0.0,0.0
2012-08-16 00:00:00+09:00,143.57021799395162,147.4929015456989,143.57021799395162,145.923828125,11500,0.0,0.0
2012-08-17 00:00:00+09:00,148.27743244171143,151.41557916005453,144.35474904378256,150.63104248046875,42400,0.0,0.0
2012-08-20 00:00:00+09:00,151.4156039623504,153.76921438663564,147.492919921875,147.492919921875,36500,0.0,0.0
2012-08-21 00:00:00+09:00,148.27743244171143,152.20011583964032,148.27743244171143,150.63104248046875,20300,0.0,0.0
2012-08-22 00:00:00+09:00,152.2000944305578,152.2000944305578,149.84648472286878,151.41555786132812,9400,0.0,0.0
2012-08-23 00:00:00+09:00,150.63104838709677,152.98465851814515,145.923828125,145.923828125,29000,0.0,0.0
2012-08-24 00:00:00+09:00,148.27744762714093,148.27744762714093,142.00115354768522,142.7856903076172,60800,0.0,0.0
2012-08-27 00:00:00+09:00,145.9238403983738,145.9238403983738,142.00115651669708,144.35476684570312,17900,0.0,0.0
2012-08-28 00:00:00+09:00,142.7856872558594,143.57022399902345,141.21661376953125,141.21661376953125,12300,0.0,0.0
2012-08-29 00:00:00+09:00,141.21660456311102,142.00114125512832,140.43206787109375,140.43206787109375,9700,0.0,0.0
2012-08-30 00:00:00+09:00,140.43206468140338,141.21660135560117,137.29391798461225,138.8629913330078,25500,0.0,0.0
2012-08-31 00:00:00+09:00,137.29390549933774,138.0784421021911,134.94029569077765,136.50936889648438,31800,0.0,0.0
2012-09-03 00:00:00+09:00,134.15576498219042,146.70835117935445,134.15576498219042,135.72483825683594,41900,0.0,0.0
2012-09-04 00:00:00+09:00,139.64757132393973,139.64757132393973,136.50942365373885,137.29396057128906,8600,0.0,0.0
2012-09-05 00:00:00+09:00,136.50936207490807,138.07843520220587,129.44853300206802,133.3712158203125,41100,0.0,0.0
2012-09-06 00:00:00+09:00,133.3712244608316,133.3712244608316,130.2330780029297,130.2330780029297,16400,0.0,0.0
2012-09-07 00:00:00+09:00,137.29393637391942,137.29393637391942,131.80217891896265,132.5867156982422,10700,0.0,0.0
2012-09-10 00:00:00+09:00,132.58669170754493,135.72483825683594,132.58669170754493,135.72483825683594,6200,0.0,0.0
2012-09-11 00:00:00+09:00,133.37124027006809,135.72485039248104,133.37124027006809,134.15577697753906,6200,0.0,0.0
2012-09-12 00:00:00+09:00,132.58669170754493,137.29391153148143,132.58669170754493,135.72483825683594,4300,0.0,0.0
2012-09-13 00:00:00+09:00,134.15577094499454,137.29391763376634,134.15577094499454,134.9403076171875,4300,0.0,0.0
2012-09-14 00:00:00+09:00,138.86299740184438,138.86299740184438,135.72485056790438,138.07846069335938,23600,0.0,0.0
2012-09-18 00:00:00+09:00,140.4320800278213,142.7856903076172,138.0784697480254,142.7856903076172,14400,0.0,0.0
2012-09-19 00:00:00+09:00,142.7857118048062,143.57024868285458,141.21663804870943,142.0011749267578,10100,0.0,0.0
2012-09-20 00:00:00+09:00,142.00114423578435,142.00114423578435,135.72485056790438,138.07846069335938,10500,0.0,0.0
2012-09-21 00:00:00+09:00,140.43206468140338,141.21660135560117,136.50938131041445,138.8629913330078,20000,0.0,0.0
2012-09-24 00:00:00+09:00,139.6475280072056,141.21660135560117,137.29391798461225,138.8629913330078,17600,0.0,0.0
2012-09-25 00:00:00+09:00,138.0784697480254,142.7856903076172,137.29393298809345,142.7856903076172,9400,0.0,0.0
2012-09-26 00:00:00+09:00,142.7856779471456,142.7856779471456,138.07845779504188,140.43206787109375,9800,0.0,0.0
2012-09-27 00:00:00+09:00,133.37122248507094,139.6475153078978,133.37122248507094,136.50936889648438,24200,0.0,0.0
2012-09-28 00:00:00+09:00,137.29390549933774,137.29390549933774,135.724832293631,136.50936889648438,3000,0.0,0.0
2012-10-01 00:00:00+09:00,137.29392380742303,137.29392380742303,131.8021668551261,134.15577697753906,16500,0.0,0.0
2012-10-02 00:00:00+09:00,134.15575238396139,135.72482551125918,133.3712158203125,133.3712158203125,5700,0.0,0.0
2012-10-03 00:00:00+09:00,133.3712158203125,136.50936207490807,132.5866792566636,133.3712158203125,6000,0.0,0.0
2012-10-04 00:00:00+09:00,134.15577697753906,134.94031368501007,133.37124027006809,134.15577697753906,23600,0.0,0.0
2012-10-05 00:00:00+09:00,134.15581290108818,137.29396057128906,134.15581290108818,137.29396057128906,18600,0.0,0.0
2012-10-09 00:00:00+09:00,127.09496490864814,129.4485753699194,123.95681762695312,123.95681762695312,70100,0.0,0.0
2012-10-10 00:00:00+09:00,117.68051147460938,119.2495849609375,116.11143798828125,117.68051147460938,65900,0.0,0.0
2012-10-11 00:00:00+09:00,114.54233891255147,117.68048518412822,114.54233891255147,116.11141204833984,24600,0.0,0.0
2012-10-12 00:00:00+09:00,117.68053092208562,120.03414154052734,117.68053092208562,120.03414154052734,11400,0.0,0.0
2012-10-15 00:00:00+09:00,120.03411709634881,120.81865380939684,116.11143353110864,119.24958038330078,15400,0.0,0.0
2012-10-16 00:00:00+09:00,120.818650867093,121.60318756103516,120.03411417315083,121.60318756103516,6000,0.0,0.0
2012-10-17 00:00:00+09:00,123.17226094891949,123.17226094891949,120.03411417315083,121.60318756103516,12700,0.0,0.0
2012-10-18 00:00:00+09:00,124.74134216308595,125.52587890625,123.17226867675781,125.52587890625,23300,0.0,0.0
2012-10-19 00:00:00+09:00,123.95680541992188,125.52587890625,123.17226867675781,125.52587890625,9700,0.0,0.0
2012-10-22 00:00:00+09:00,124.74133767022026,127.0949478149414,123.17226424040618,127.0949478149414,22100,0.0,0.0
2012-10-23 00:00:00+09:00,130.23308723129912,131.0176239013672,127.09494055102687,131.0176239013672,41200,0.0,0.0
2012-10-24 00:00:00+09:00,134.94031432785914,160.0454890865306,131.01763077181673,149.8465118408203,1135800,0.0,0.0
2012-10-25 00:00:00+09:00,146.70833844595006,152.98463099978747,145.92380187672038,151.41555786132812,376800,0.0,0.0
2012-10-26 00:00:00+09:00,151.41559143066408,190.6424285888672,151.41559143066408,176.52076721191406,6300800,0.0,0.0
2012-10-29 00:00:00+09:00,176.52077272713902,195.3496551513672,173.38262565643433,195.3496551513672,4147500,0.0,0.0
2012-10-30 00:00:00+09:00,182.79706443399877,188.288821734591,167.10632928944952,170.24447631835938,2076300,0.0,0.0
2012-10-31 00:00:00+09:00,168.6754150390625,177.30531999454942,166.32180459665696,168.6754150390625,440100,0.0,0.0
2012-11-01 00:00:00+09:00,173.38260030511563,174.16713695807996,157.69186724582917,159.2609405517578,379800,0.0,0.0
2012-11-02 00:00:00+09:00,162.39911202823416,167.89086943981695,156.90735461665136,160.04550170898438,279500,0.0,0.0
2012-11-05 00:00:00+09:00,159.260952990202,169.4599302752888,157.6918795617271,165.53724670410156,144700,0.0,0.0
2012-11-06 00:00:00+09:00,170.24445369325835,171.02899034622268,159.2609405517578,159.2609405517578,185600,0.0,0.0
2012-11-07 00:00:00+09:00,160.83002596485372,161.6145626768774,149.06197528449857,153.76919555664062,223600,0.0,0.0
2012-11-08 00:00:00+09:00,147.49290771484377,152.20012817382812,146.7083709716797,149.06198120117188,94700,0.0,0.0
2012-11-09 00:00:00+09:00,149.06197512961182,164.7527093537815,149.06197512961182,149.8465118408203,168800,0.0,0.0
2012-11-12 00:00:00+09:00,149.8465054761917,150.63104215407753,146.70835876464844,146.70835876464844,61100,0.0,0.0
2012-11-13 00:00:00+09:00,145.923828125,148.27743825604838,144.3547547043011,145.923828125,117000,0.0,0.0
2012-11-14 00:00:00+09:00,146.70838311377992,149.84653034616022,145.13930949758975,147.492919921875,51800,0.0,0.0
2012-11-15 00:00:00+09:00,147.49287501517972,152.98463099978747,146.70833844595006,151.41555786132812,40600,0.0,0.0
2012-11-16 00:00:00+09:00,150.63104870854593,161.6145626768774,150.63104870854593,153.76919555664062,66400,0.0,0.0
2012-11-19 00:00:00+09:00,155.3382322049988,156.90730525757454,152.2000860998473,154.55369567871094,61100,0.0,0.0
2012-11-20 00:00:00+09:00,158.476450139826,158.476450139826,152.20015508478338,155.3383026123047,29500,0.0,0.0
2012-11-21 00:00:00+09:00,156.1227772767062,156.1227772767062,142.00111903057197,151.41555786132812,65000,0.0,0.0
2012-11-22 00:00:00+09:00,151.41558208162823,152.98465547107514,145.923825218564,148.27743530273438,30500,0.0,0.0
2012-11-26 00:00:00+09:00,148.2774444580078,149.06198120117188,145.13929748535156,149.06198120117188,60700,0.0,0.0
2012-11-27 00:00:00+09:00,150.6310485520288,150.6310485520288,145.1392915735694,149.8465118408203,35000,0.0,0.0
2012-11-28 00:00:00+09:00,149.0494384765625,150.64355011802306,148.2523826558322,149.0494384765625,34900,3.0,0.0
2012-11-29 00:00:00+09:00,149.0494429976852,153.03472222222223,149.0494429976852,150.6435546875,24900,0.0,0.0
2012-11-30 00:00:00+09:00,154.6288385041721,154.6288385041721,151.4406150298593,152.2376708984375,20000,0.0,0.0
2012-12-03 00:00:00+09:00,153.0347636114691,157.02004391385108,153.0347636114691,154.62887573242188,29800,0.0,0.0
2012-12-04 00:00:00+09:00,155.4258774500813,157.01998901367188,154.628821668286,157.01998901367188,15000,0.0,0.0
2012-12-05 00:00:00+09:00,159.41118297010365,164.19351845920676,157.81707114040262,161.0052947998047,37800,0.0,0.0
2012-12-06 00:00:00+09:00,163.3964516134823,163.3964516134823,160.20822816736558,162.59939575195312,22400,0.0,0.0
2012-12-07 00:00:00+09:00,163.3964872120613,163.3964872120613,155.4259268602534,158.61415100097656,17200,0.0,0.0
2012-12-10 00:00:00+09:00,159.4111828926282,159.4111828926282,151.4406237479968,155.4259033203125,26600,0.0,0.0
2012-12-11 00:00:00+09:00,153.03470782844389,157.01998667814294,153.03470782844389,156.22293090820312,9900,0.0,0.0
2012-12-12 00:00:00+09:00,164.19352506311927,173.75819642601942,161.80235722239425,163.39646911621094,105300,0.0,0.0
2012-12-13 00:00:00+09:00,168.17878040900598,170.56994790297287,164.99055708371677,165.78761291503906,49200,0.0,0.0
2012-12-14 00:00:00+09:00,161.0052969796317,164.19352068219868,161.0052969796317,161.80235290527344,28700,0.0,0.0
2012-12-17 00:00:00+09:00,160.20824105398995,165.78763253348214,159.41118512834822,161.80235290527344,32800,0.0,0.0
2012-12-18 00:00:00+09:00,161.80235290527344,163.39646475655692,161.0052969796317,161.80235290527344,13500,0.0,0.0
2012-12-19 00:00:00+09:00,160.20823888495417,161.0052947998047,156.22295931070158,161.0052947998047,55800,0.0,0.0
2012-12-20 00:00:00+09:00,161.0052969796317,161.80235290527344,158.6141292027065,161.80235290527344,12600,0.0,0.0
2012-12-21 00:00:00+09:00,161.0052947998047,161.8023507146552,159.41118297010365,161.0052947998047,48600,0.0,0.0
2012-12-25 00:00:00+09:00,161.0052947215545,161.0052947215545,155.4259033203125,155.4259033203125,54900,0.0,0.0
2012-12-26 00:00:00+09:00,156.22295923477566,157.81707106370192,154.62884740584937,155.4259033203125,28600,0.0,0.0
2012-12-27 00:00:00+09:00,157.02004391385108,157.02004391385108,153.83181967194548,154.62887573242188,41900,0.0,0.0
2012-12-28 00:00:00+09:00,154.62885180021587,154.62885180021587,151.4406280517578,151.4406280517578,54600,0.0,0.0
2013-01-04 00:00:00+09:00,156.22292379270564,163.39642539543192,153.83175659179688,153.83175659179688,65600,0.0,0.0
2013-01-07 00:00:00+09:00,157.81706898248018,161.00529259828784,157.81706898248018,160.20823669433594,67900,0.0,0.0
2013-01-08 00:00:00+09:00,167.38175752630644,173.7582054320705,162.5994215969834,166.58470153808594,226200,0.0,0.0
2013-01-09 00:00:00+09:00,164.19351417430934,168.17879364455956,161.8023464921592,164.99057006835938,60400,0.0,0.0
2013-01-10 00:00:00+09:00,164.99059164864676,167.3817596435547,162.59942365373885,167.3817596435547,72800,0.0,0.0
2013-01-11 00:00:00+09:00,169.77292976560187,172.1640977904695,167.38176174073425,168.17881774902344,84600,0.0,0.0
2013-01-15 00:00:00+09:00,168.17881774902344,170.56998577389106,168.17881774902344,168.17881774902344,42400,0.0,0.0
2013-01-16 00:00:00+09:00,172.16405328714623,179.337555507444,167.38171847361437,168.975830078125,145000,0.0,0.0
2013-01-17 00:00:00+09:00,168.97586296600045,169.77291892338724,160.20824743474572,164.1935272216797,53800,0.0,0.0
2013-01-18 00:00:00+09:00,167.38176174073425,169.77292976560187,165.7876497241558,168.17881774902344,23300,0.0,0.0
2013-01-21 00:00:00+09:00,168.17881564185734,171.3670396350679,166.58470364525206,167.3817596435547,30600,0.0,0.0
2013-01-22 00:00:00+09:00,168.97587164015997,168.97587164015997,166.58470364525206,167.3817596435547,21200,0.0,0.0
2013-01-23 00:00:00+09:00,167.3817596435547,172.16409563337055,160.20825565883092,167.3817596435547,64100,0.0,0.0
2013-01-24 00:00:00+09:00,167.38172457768366,167.38172457768366,158.61411043313834,165.78761291503906,30500,0.0,0.0
2013-01-25 00:00:00+09:00,170.56998363676527,170.56998363676527,159.41119966052827,167.3817596435547,87800,0.0,0.0
2013-01-28 00:00:00+09:00,167.3817377505095,168.17879364455956,164.99057006835938,164.99057006835938,43000,0.0,0.0
2013-01-29 00:00:00+09:00,165.7876259624094,167.3817377505095,164.19351417430934,164.99057006835938,14900,0.0,0.0
2013-01-30 00:00:00+09:00,163.39644542107214,166.58466874636136,163.39644542107214,165.78761291503906,24100,0.0,0.0
2013-01-31 00:00:00+09:00,165.7876259624094,167.3817377505095,161.8023464921592,164.99057006835938,50400,0.0,0.0
2013-02-01 00:00:00+09:00,165.7876497241558,170.56998577389106,165.7876497241558,168.17881774902344,38200,0.0,0.0
2013-02-04 00:00:00+09:00,171.36701521179486,171.36701521179486,168.17879167297076,169.7729034423828,19200,0.0,0.0
2013-02-05 00:00:00+09:00,168.9758495386096,170.5699613267097,164.19351417430934,164.99057006835938,30500,0.0,0.0
2013-02-06 00:00:00+09:00,166.58468185645947,168.17879364455956,164.19351417430934,164.99057006835938,36600,0.0,0.0
2013-02-07 00:00:00+09:00,167.38175105122687,167.38175105122687,164.1935272216797,164.1935272216797,15600,0.0,0.0
2013-02-08 00:00:00+09:00,166.58470153808594,169.77292549096796,165.78764554986543,166.58470153808594,39200,0.0,0.0
2013-02-12 00:00:00+09:00,167.3817377505095,168.9758495386096,164.99057006835938,164.99057006835938,19400,0.0,0.0
2013-02-13 00:00:00+09:00,165.78763253348214,166.5846884591239,161.80235290527344,161.80235290527344,29800,0.0,0.0
2013-02-14 00:00:00+09:00,160.20823888495417,161.0052947998047,157.81707114040262,161.0052947998047,24800,0.0,0.0
2013-02-15 00:00:00+09:00,158.6141560348039,159.4112120952803,152.23770755099267,154.62887573242188,34700,0.0,0.0
2013-02-18 00:00:00+09:00,154.628821668286,157.81704479546715,154.628821668286,157.01998901367188,17800,0.0,0.0
2013-02-19 00:00:00+09:00,156.22294885971965,162.59939575195312,156.22294885971965,162.59939575195312,13300,0.0,0.0
2013-02-20 00:00:00+09:00,165.7876476469494,171.3670396350679,164.99059164864676,167.3817596435547,58700,0.0,0.0
2013-02-21 00:00:00+09:00,172.16404686289385,198.46688735583595,172.16404686289385,192.8874969482422,2842000,0.0,0.0
2013-02-22 00:00:00+09:00,191.293415052319,195.27869453257566,176.14935302734375,176.14935302734375,1505800,0.0,0.0
2013-02-25 00:00:00+09:00,175.3523174085115,178.54054136139354,164.19353357342442,166.58470153808594,1178500,0.0,0.0
2013-02-26 00:00:00+09:00,164.99057211804745,164.99057211804745,157.81706898248018,160.20823669433594,959200,0.0,0.0
2013-02-27 00:00:00+09:00,160.20823888495417,162.59940662950572,158.61412705525314,161.0052947998047,280300,0.0,0.0
2013-02-28 00:00:00+09:00,158.61412697816507,161.80235063601762,153.8317914913862,155.4259033203125,767600,0.0,0.0
2013-03-01 00:00:00+09:00,157.0199795263419,157.81703525997816,152.23764512452436,153.83175659179688,601900,0.0,0.0
2013-03-04 00:00:00+09:00,154.6288385041721,154.6288385041721,151.4406150298593,152.2376708984375,503900,0.0,0.0
2013-03-05 00:00:00+09:00,153.03473992598686,153.03473992598686,149.8465161775288,151.4406280517578,260000,0.0,0.0
2013-03-06 00:00:00+09:00,152.2376708984375,153.03472676701568,149.84650329270286,152.2376708984375,358100,0.0,0.0
2013-03-07 00:00:00+09:00,151.44061053240742,153.03472222222223,149.0494429976852,150.6435546875,365700,0.0,0.0
2013-03-08 00:00:00+09:00,151.44061053240742,152.2376663773148,149.8464988425926,150.6435546875,284800,0.0,0.0
2013-03-11 00:00:00+09:00,152.23765205850407,157.81704244808276,152.23765205850407,156.22293090820312,662600,0.0,0.0
2013-03-12 00:00:00+09:00,164.9905971180309,164.9905971180309,157.02003687078303,157.8170928955078,1021000,0.0,0.0
2013-03-13 00:00:00+09:00,161.00531910651893,162.5994311768805,157.020038930615,158.61415100097656,481300,0.0,0.0
2013-03-14 00:00:00+09:00,159.41115398796236,159.41115398796236,154.6288193683235,156.22293090820312,304700,0.0,0.0
2013-03-15 00:00:00+09:00,153.8317914913862,157.0200151492388,153.03473557692308,155.4259033203125,317100,0.0,0.0
2013-03-18 00:00:00+09:00,154.62881232543313,154.62881232543313,152.23764512452436,153.83175659179688,169500,0.0,0.0
2013-03-19 00:00:00+09:00,157.81706428527832,157.81706428527832,153.03472900390625,153.03472900390625,269600,0.0,0.0
2013-03-21 00:00:00+09:00,154.62887573242188,156.2229878533747,153.0347636114691,154.62887573242188,222000,0.0,0.0
2013-03-22 00:00:00+09:00,155.42589664459229,156.22295252482095,153.03472900390625,153.03472900390625,209400,0.0,0.0
2013-03-25 00:00:00+09:00,154.6288385041721,154.6288385041721,150.64355916128108,152.2376708984375,315400,0.0,0.0
2013-03-26 00:00:00+09:00,150.64356136322021,154.6288407643636,149.84650548299152,153.03472900390625,266500,0.0,0.0
2013-03-27 00:00:00+09:00,153.03472676701568,153.03472676701568,149.04944742412465,152.2376708984375,357800,0.0,0.0
2013-03-28 00:00:00+09:00,153.83177806712965,153.83177806712965,149.0494429976852,150.6435546875,294300,0.0,0.0
2013-03-29 00:00:00+09:00,152.2376663773148,152.2376663773148,150.6435546875,150.6435546875,117900,0.0,0.0
2013-04-01 00:00:00+09:00,154.62884487575957,155.425900777181,141.8759504530165,143.47006225585938,795400,0.0,0.0
2013-04-02 00:00:00+09:00,136.2965137283237,138.68768063583815,127.52890173410405,137.890625,562600,0.0,0.0
2013-04-03 00:00:00+09:00,138.68768063583815,140.28179190751445,137.09356936416185,137.890625,225400,0.0,0.0
2013-04-04 00:00:00+09:00,134.7024809047154,143.47009800502232,133.9054248046875,139.4848175048828,817200,0.0,0.0
2013-04-05 00:00:00+09:00,143.47004857556573,143.47004857556573,136.29654614678745,138.68771362304688,563200,0.0,0.0
2013-04-08 00:00:00+09:00,141.07890534133054,142.67301726609134,138.68773745418935,141.87596130371094,361800,0.0,0.0
2013-04-09 00:00:00+09:00,144.26711592860727,144.26711592860727,141.8759482612823,142.67300415039062,365000,0.0,0.0
2013-04-10 00:00:00+09:00,142.67301274349816,152.23768398887233,142.67301274349816,151.4406280517578,859200,0.0,0.0
2013-04-11 00:00:00+09:00,153.83180707566282,153.83180707566282,145.86124712355593,149.84652709960938,771100,0.0,0.0
2013-04-12 00:00:00+09:00,148.2523627203864,148.2523627203864,145.861195579735,147.45530700683594,276400,0.0,0.0
2013-04-15 00:00:00+09:00,147.45535491615212,148.25241088867188,145.86124297111266,148.25241088867188,212700,0.0,0.0
2013-04-16 00:00:00+09:00,145.06418277906334,147.4553506270699,144.26712682972783,146.65829467773438,310500,0.0,0.0
2013-04-17 00:00:00+09:00,147.45533130787038,151.44061053240742,146.65827546296296,150.6435546875,453300,0.0,0.0
2013-04-18 00:00:00+09:00,151.44060593875332,152.23766175948361,148.2523826558322,149.0494384765625,348200,0.0,0.0
2013-04-19 00:00:00+09:00,149.0494384765625,150.64355011802306,147.45532683510194,149.0494384765625,212600,0.0,0.0
2013-04-22 00:00:00+09:00,151.4406150298593,153.03472676701568,149.84650329270286,152.2376708984375,482000,0.0,0.0
2013-04-23 00:00:00+09:00,155.42589299819048,163.3964516134823,155.42589299819048,162.59939575195312,1637300,0.0,0.0
2013-04-24 00:00:00+09:00,165.78763695693598,165.78763695693598,160.20824532857756,163.39646911621094,699400,0.0,0.0
2013-04-25 00:00:00+09:00,164.19352506311927,165.78763695693598,161.80235722239425,163.39646911621094,337600,0.0,0.0
2013-04-26 00:00:00+09:00,163.39646031014362,164.99057211804745,158.61412488643208,160.20823669433594,396500,0.0,0.0
2013-04-30 00:00:00+09:00,158.61415100097656,159.41120703615735,156.2229828954342,158.61415100097656,176300,0.0,0.0
2013-05-01 00:00:00+09:00,160.20823888495417,161.8023507146552,159.41118297010365,161.0052947998047,319400,0.0,0.0
2013-05-02 00:00:00+09:00,161.0052947998047,161.8023507146552,157.81707114040262,161.0052947998047,292800,0.0,0.0
2013-05-07 00:00:00+09:00,167.3817463578849,193.68459221412394,164.99057855277226,184.91697692871094,4255500,0.0,0.0
2013-05-08 00:00:00+09:00,184.91697908982698,196.07576231076482,179.33758747935806,185.7140350341797,2102900,0.0,0.0
2013-05-09 00:00:00+09:00,189.69930087002842,189.69930087002842,168.1787919477983,175.352294921875,889300,0.0,0.0
2013-05-10 00:00:00+09:00,178.5405081536572,182.52578735351562,176.94639647371383,182.52578735351562,556400,0.0,0.0
2013-05-13 00:00:00+09:00,195.27867355966956,212.81390138951744,187.30811545519325,196.0757293701172,2443400,0.0,0.0
2013-05-14 00:00:00+09:00,205.64040460649704,242.30497286967093,196.0757346247995,240.7108612060547,6509100,0.0,0.0
2013-05-15 00:00:00+09:00,237.52265862358942,245.49321763780384,206.43747846815322,215.20509338378906,3101300,0.0,0.0
2013-05-16 00:00:00+09:00,228.75503695968294,229.55209283759123,200.85808123289232,218.393310546875,2230800,0.0,0.0
2013-05-17 00:00:00+09:00,217.59628464233833,227.16095649474883,212.01689272843223,223.9727325439453,629400,0.0,0.0
2013-05-20 00:00:00+09:00,228.75502308990997,241.50791636321506,225.5667997715837,235.1314697265625,1293700,0.0,0.0
2013-05-21 00:00:00+09:00,233.53735738330417,237.52263651953803,224.7697432835897,229.5520782470703,675600,0.0,0.0
2013-05-22 00:00:00+09:00,226.36387162642046,229.55209517045455,219.19036865234375,219.19036865234375,506100,0.0,0.0
2013-05-23 00:00:00+09:00,219.1903653352157,223.17564470494688,197.66985673866725,201.65513610839844,729800,0.0,0.0
2013-05-24 00:00:00+09:00,203.24929809570312,208.8286905924479,191.29345703125,203.24929809570312,583000,0.0,0.0
2013-05-27 00:00:00+09:00,192.09046713511148,199.2639700571696,190.49635537465412,191.2934112548828,357900,0.0,0.0
2013-05-28 00:00:00+09:00,191.29342616289512,211.21982472153002,191.29342616289512,208.03160095214844,619700,0.0,0.0
2013-05-29 00:00:00+09:00,215.20509385571037,238.31971504762,204.8433671145095,231.94326782226562,1932500,0.0,0.0
2013-05-30 00:00:00+09:00,225.5668405645034,235.13151224921734,212.01688901115867,216.79922485351562,1360400,0.0,0.0
2013-05-31 00:00:00+09:00,226.36389653822957,230.34917640686038,208.82866511625403,216.79922485351562,691800,0.0,0.0
2013-06-03 00:00:00+09:00,210.4227686640042,232.74033503745918,209.62571272209507,213.61099243164062,821600,0.0,0.0
2013-06-04 00:00:00+09:00,217.59627416859504,231.14622530729875,213.61099442191747,219.98744201660156,1112400,0.0,0.0
2013-06-05 00:00:00+09:00,216.79922953973548,225.5668454402395,212.01689359400604,212.81394958496094,585400,0.0,0.0
2013-06-06 00:00:00+09:00,207.23451402452258,211.21979314037878,184.1198951525566,186.5110626220703,725300,0.0,0.0
2013-06-07 00:00:00+09:00,174.5552192478005,183.32283299997312,163.3964381086717,173.75816345214844,636900,0.0,0.0
2013-06-10 00:00:00+09:00,188.10521314971302,197.66988500478317,188.10521314971302,195.27871704101562,285900,0.0,0.0
2013-06-11 00:00:00+09:00,194.48164134914592,198.46692088498907,187.30813818462823,188.10519409179688,228800,0.0,0.0
2013-06-12 00:00:00+09:00,183.3228364029551,200.06100842235534,180.9316689716122,196.0757293701172,223300,0.0,0.0
2013-06-13 00:00:00+09:00,187.30814252580916,193.68458993094308,183.32286289760046,184.1199188232422,258200,0.0,0.0
2013-06-14 00:00:00+09:00,189.69928991326077,192.8875132731475,181.72873151354395,182.52578735351562,183900,0.0,0.0
2013-06-17 00:00:00+09:00,192.88752764966114,203.2492543415851,190.49635995152485,198.4669189453125,422600,0.0,0.0
2013-06-18 00:00:00+09:00,196.87279425048828,204.046296875,192.09045916748047,199.2639617919922,326900,0.0,0.0
2013-06-19 00:00:00+09:00,203.24925009659893,204.84336186206247,196.0757471520131,202.4521942138672,181300,0.0,0.0
2013-06-20 00:00:00+09:00,205.64047899210763,219.98748915434768,200.85814227136095,214.40809631347656,743600,0.0,0.0
2013-06-21 00:00:00+09:00,206.43748895445864,215.20510431545884,203.24926518682224,213.61099243164062,436800,0.0,0.0
2013-06-24 00:00:00+09:00,220.7844781805999,224.76975757014142,213.6109752794252,218.393310546875,675700,0.0,0.0
2013-06-25 00:00:00+09:00,213.61095170195463,215.20506328181997,202.4521706428973,204.8433380126953,369000,0.0,0.0
2013-06-26 00:00:00+09:00,211.21984511613846,214.4080691933632,192.88755667209625,204.0463409423828,537200,0.0,0.0
2013-06-27 00:00:00+09:00,204.04633246527777,205.64044443766275,186.51110076904297,200.8581085205078,344900,0.0,0.0
2013-06-28 00:00:00+09:00,204.04635416666667,204.04635416666667,195.27873738606772,203.24929809570312,358000,0.0,0.0
2013-07-01 00:00:00+09:00,196.87280541339902,211.21981147591396,196.87280541339902,208.82864379882812,490600,0.0,0.0
2013-07-02 00:00:00+09:00,210.42275780507367,212.81392550740406,202.45219879730573,209.62570190429688,233400,0.0,0.0
2013-07-03 00:00:00+09:00,208.82863480915395,208.82863480915395,202.45218794475232,205.64041137695312,232100,0.0,0.0
2013-07-04 00:00:00+09:00,205.64042240041292,210.42275780507367,203.24925469808252,209.62570190429688,311800,0.0,0.0
2013-07-05 00:00:00+09:00,215.20509385571037,251.07260949832875,213.61098204937176,231.94326782226562,9065700,0.0,0.0
2013-07-08 00:00:00+09:00,244.6962260327308,250.2756188087214,235.1315527024612,243.899169921875,3930100,0.0,0.0
2013-07-09 00:00:00+09:00,239.1167540299265,244.69614495729147,233.53736310256156,242.3049774169922,1281400,0.0,0.0
2013-07-10 00:00:00+09:00,247.0873228708903,306.0694580078125,246.29026699066162,306.0694580078125,22306700,0.0,0.0
2013-07-11 00:00:00+09:00,294.9107052896028,369.83396555236675,293.31659336911844,351.5016784667969,48960700,0.0,0.0
2013-07-12 00:00:00+09:00,349.1105070462192,356.28401061566205,322.01060467276835,327.5899963378906,19172800,0.0,0.0
2013-07-16 00:00:00+09:00,340.34291455318066,349.1105306189535,310.85184233194485,324.40179443359375,8617400,0.0,0.0
2013-07-17 00:00:00+09:00,321.21352145871066,341.1399185715339,293.3165655007581,295.7077331542969,4385600,0.0,0.0
2013-07-18 00:00:00+09:00,301.2871292469113,328.3870297611838,289.3312907847323,308.46063232421875,22259200,0.0,0.0
2013-07-19 00:00:00+09:00,310.05474565294054,314.8370810614692,278.96956549750433,286.94012451171875,2380900,0.0,0.0
2013-07-22 00:00:00+09:00,286.940122301532,294.11362535907034,281.36073103455783,286.14306640625,1197900,0.0,0.0
2013-07-23 00:00:00+09:00,302.0842023233729,337.15466380682517,290.9254191240926,303.6783142089844,10907200,0.0,0.0
2013-07-24 00:00:00+09:00,297.30186026436945,314.040034702846,285.3460213797433,290.12835693359375,2693100,0.0,0.0
2013-07-25 00:00:00+09:00,287.7371623299339,294.91066499189895,279.7666038166393,280.56365966796875,1043200,0.0,0.0
2013-07-26 00:00:00+09:00,281.36072375202735,291.7224501224986,267.81077388294955,272.5931091308594,1594300,0.0,0.0
2013-07-29 00:00:00+09:00,274.9842559034451,274.9842559034451,246.29024659178128,249.4784698486328,1226900,0.0,0.0
2013-07-30 00:00:00+09:00,255.85501432872954,259.84029492575024,243.10211641826328,251.0726776123047,787500,0.0,0.0
2013-07-31 00:00:00+09:00,251.0726119842019,251.0726119842019,236.72560558510466,238.31971740722656,831400,0.0,0.0
2013-08-01 00:00:00+09:00,248.68144425101903,249.47850016208,229.55210238555603,238.31971740722656,958300,0.0,0.0
2013-08-02 00:00:00+09:00,240.7108612060547,255.057866178601,237.52263787882217,240.7108612060547,1382100,0.0,0.0
2013-08-05 00:00:00+09:00,242.30503151633525,251.0726477883079,234.33447126908737,245.49325561523438,837200,0.0,0.0
2013-08-06 00:00:00+09:00,251.8696285352156,268.6078000517964,247.08729381619253,262.2313537597656,2406200,0.0,0.0
2013-08-07 00:00:00+09:00,251.8697173774048,259.04322198625493,240.7109324303046,244.6962127685547,936500,0.0,0.0
2013-08-08 00:00:00+09:00,250.27556962810579,262.23140894155034,239.91384222312053,243.10206604003906,1719200,0.0,0.0
2013-08-09 00:00:00+09:00,245.4932008040579,247.88436834435714,238.31969818316009,242.3049774169922,565700,0.0,0.0
2013-08-12 00:00:00+09:00,243.10205287359233,249.47850016208,238.31971740722656,238.31971740722656,533700,0.0,0.0
2013-08-13 00:00:00+09:00,239.1168332567402,243.899169921875,236.72566492417278,243.899169921875,329100,0.0,0.0
2013-08-14 00:00:00+09:00,244.696126456681,262.2313537597656,243.1020148836733,262.2313537597656,1508700,0.0,0.0
2013-08-15 00:00:00+09:00,262.2313995361328,267.810791015625,251.8696725027902,256.6520080566406,1424200,0.0,0.0
2013-08-16 00:00:00+09:00,248.68145095245748,254.26084248023696,247.88439501991755,251.8696746826172,401400,0.0,0.0
2013-08-19 00:00:00+09:00,256.6520279845229,256.6520279845229,249.47852409675673,252.666748046875,211100,0.0,0.0
2013-08-20 00:00:00+09:00,250.2756188087214,255.0579554738562,243.899169921875,243.899169921875,432500,0.0,0.0
2013-08-21 00:00:00+09:00,244.6962095939073,246.2903217085256,233.53742479157927,237.522705078125,391200,0.0,0.0
2013-08-22 00:00:00+09:00,235.9285295157597,238.31969704463563,230.34913861504916,231.1461944580078,420800,0.0,0.0
2013-08-23 00:00:00+09:00,243.8990845332872,250.27553118775222,239.91380537424655,240.7108612060547,1130600,0.0,0.0
2013-08-26 00:00:00+09:00,247.08730240599417,251.86963729127146,236.72557682122667,249.4784698486328,642200,0.0,0.0
2013-08-27 00:00:00+09:00,255.05791600946372,261.4343639097003,249.47852409675673,252.666748046875,1343500,0.0,0.0
2013-08-28 00:00:00+09:00,243.10202870147907,244.69614036509532,237.52263787882217,240.7108612060547,434400,0.0,0.0
2013-08-29 00:00:00+09:00,241.50798536467073,244.6962095939073,233.53742479157927,237.522705078125,373200,0.0,0.0
2013-08-30 00:00:00+09:00,239.1167621223294,241.5079297435527,232.7403151324006,234.3344268798828,295500,0.0,0.0
2013-09-02 00:00:00+09:00,235.9285201492843,235.9285201492843,223.97268297955705,227.9579620361328,271100,0.0,0.0
2013-09-03 00:00:00+09:00,230.349156015927,233.5373796286042,229.55210011275773,231.94326782226562,205000,0.0,0.0
2013-09-04 00:00:00+09:00,233.53736310256156,248.68142419112357,231.94325140902873,242.3049774169922,776400,0.0,0.0
2013-09-05 00:00:00+09:00,249.47850255298007,256.65200582127665,243.89911112208276,250.2755584716797,1178200,0.0,0.0
2013-09-06 00:00:00+09:00,249.47851367387617,252.6667374907947,239.91384222312053,243.10206604003906,384800,0.0,0.0
2013-09-09 00:00:00+09:00,247.08731249759074,247.08731249759074,238.31969818316009,242.3049774169922,286000,0.0,0.0
2013-09-10 00:00:00+09:00,243.89910878465327,244.69616469571423,235.9285496740437,238.31971740722656,317000,0.0,0.0
2013-09-11 00:00:00+09:00,239.91380987669294,243.1020332637586,237.52264233639366,242.3049774169922,213700,0.0,0.0
2013-09-12 00:00:00+09:00,243.1020332637586,249.47848003789,242.3049774169922,242.3049774169922,336600,0.0,0.0
2013-09-13 00:00:00+09:00,243.1021138110192,243.899169921875,239.913889367596,243.899169921875,213400,0.0,0.0
2013-09-17 00:00:00+09:00,243.8990845332872,243.8990845332872,239.91380537424655,240.7108612060547,254300,0.0,0.0
2013-09-18 00:00:00+09:00,243.1020332637586,243.89908911052504,240.71086572345936,242.3049774169922,167900,0.0,0.0
2013-09-19 00:00:00+09:00,243.10210063325465,248.68149310680477,239.91387636265458,244.6962127685547,597400,0.0,0.0
2013-09-20 00:00:00+09:00,247.08736766468397,247.88442368940875,243.10208754106003,245.49325561523438,319600,0.0,0.0
2013-09-24 00:00:00+09:00,245.4932335162985,255.05790495199844,244.6961775633235,254.26084899902344,580600,0.0,0.0
2013-09-25 00:00:00+09:00,255.0579554738562,255.855011584712,243.899169921875,243.899169921875,533500,0.0,0.0
2013-09-26 00:00:00+09:00,242.3049630413485,249.47846523665157,241.50790724187036,247.8843536376953,281900,0.0,0.0
2013-09-27 00:00:00+09:00,248.68149310680477,248.68149310680477,243.10210063325465,244.6962127685547,292500,0.0,0.0
2013-09-30 00:00:00+09:00,243.89910683265097,256.65200130756085,242.30499502328723,248.6814422607422,773700,0.0,0.0
2013-10-01 00:00:00+09:00,248.68148181507888,250.27559387799604,245.49325768924453,246.29031372070312,327700,0.0,0.0
2013-10-02 00:00:00+09:00,249.4785626978656,251.0726749195772,243.899169921875,243.899169921875,377400,0.0,0.0
2013-10-03 00:00:00+09:00,243.899169921875,247.0873943652982,239.913889367596,243.899169921875,224300,0.0,0.0
2013-10-04 00:00:00+09:00,239.91380310058594,246.29024969462145,237.5226356278226,239.91380310058594,384800,0.0,0.0
2013-10-07 00:00:00+09:00,227.16095742214932,230.34918138596896,209.6257256211413,212.81394958496094,945800,0.0,0.0
2013-10-08 00:00:00+09:00,206.43748895445864,215.20510431545884,204.04632112873134,213.61099243164062,279100,0.0,0.0
2013-10-09 00:00:00+09:00,209.6257146752399,221.5815539152726,208.0316027765689,219.98744201660156,269400,0.0,0.0
2013-10-10 00:00:00+09:00,221.58153631036933,222.37859219637784,216.00214510830966,219.19036865234375,213500,0.0,0.0
2013-10-11 00:00:00+09:00,222.37860325404577,222.37860325404577,217.5962677001953,217.5962677001953,272800,0.0,0.0
2013-10-15 00:00:00+09:00,217.5962633083667,219.9874310370301,213.61098376059442,216.0021514892578,159300,0.0,0.0
2013-10-16 00:00:00+09:00,216.00220855372544,216.00220855372544,212.01692795310322,214.40809631347656,141700,0.0,0.0
2013-10-17 00:00:00+09:00,214.40804837354972,219.19038402500436,210.4227686640042,213.61099243164062,261300,0.0,0.0
2013-10-18 00:00:00+09:00,215.205152433601,217.59632079397434,213.6110401933521,214.40809631347656,121400,0.0,0.0
2013-10-21 00:00:00+09:00,215.2050935490467,223.17565256938175,215.2050935490467,220.78448486328125,328000,0.0,0.0
2013-10-22 00:00:00+09:00,223.97273004511925,235.1315137484348,223.175674066311,228.75506591796875,1095100,0.0,0.0
2013-10-23 00:00:00+09:00,226.36388961128569,229.55211340862772,219.19038606726605,219.98744201660156,308100,0.0,0.0
2013-10-24 00:00:00+09:00,219.9874053955078,224.76974029541014,219.19034957885742,223.17562866210938,139200,0.0,0.0
2013-10-25 00:00:00+09:00,225.56683366195017,225.56683366195017,219.19038606726605,219.98744201660156,122200,0.0,0.0
2013-10-28 00:00:00+09:00,219.98742896124773,223.97270847141527,219.19037305921424,220.78448486328125,101200,0.0,0.0
2013-10-29 00:00:00+09:00,220.78448486328125,220.78448486328125,220.78448486328125,220.78448486328125,0,0.0,0.0
2013-10-30 00:00:00+09:00,221.58153631036933,223.97270396839488,219.19036865234375,219.19036865234375,149800,0.0,0.0
2013-10-31 00:00:00+09:00,219.19036865234375,220.7844804243608,218.3933127663352,219.19036865234375,101500,0.0,0.0
2013-11-01 00:00:00+09:00,219.19037728939418,219.19037728939418,208.03159444557048,211.21981811523438,208300,0.0,0.0
2013-11-05 00:00:00+09:00,211.2198246059133,213.61099243164062,208.82865678018598,213.61099243164062,79900,0.0,0.0
2013-11-06 00:00:00+09:00,213.6109815809462,216.00214928521052,212.81392567952474,215.20509338378906,42400,0.0,0.0
2013-11-07 00:00:00+09:00,216.79920099431817,222.37859219637784,216.00214510830966,219.19036865234375,158900,0.0,0.0
2013-11-08 00:00:00+09:00,221.5815340585082,223.1756458143248,217.59625466896668,218.393310546875,308900,0.0,0.0
2013-11-11 00:00:00+09:00,222.37860325404577,222.37860325404577,217.5962677001953,217.5962677001953,115100,0.0,0.0
2013-11-12 00:00:00+09:00,218.39331715718072,220.78448486328125,217.59626125514723,220.78448486328125,71300,0.0,0.0
2013-11-13 00:00:00+09:00,219.19036865234375,220.7844804243608,219.19036865234375,219.19036865234375,83700,0.0,0.0
2013-11-14 00:00:00+09:00,220.7844612121582,225.56679611206053,220.7844612121582,223.17562866210938,197500,0.0,0.0
2013-11-15 00:00:00+09:00,223.17566777618836,227.160947557906,223.17566777618836,226.3638916015625,128100,0.0,0.0
2013-11-18 00:00:00+09:00,228.7550193786621,228.7550193786621,223.17562866210938,223.17562866210938,163400,0.0,0.0
2013-11-19 00:00:00+09:00,223.1756656498454,226.36388944484318,223.1756656498454,225.56683349609375,114400,0.0,0.0
2013-11-20 00:00:00+09:00,227.16095649474883,227.16095649474883,221.5815645808427,223.9727325439453,86000,0.0,0.0
2013-11-21 00:00:00+09:00,224.76974029541014,224.76974029541014,220.7844612121582,223.17562866210938,71700,0.0,0.0
2013-11-22 00:00:00+09:00,221.58152770996097,223.97269527517636,219.98741599981736,221.58152770996094,119700,0.0,0.0
2013-11-25 00:00:00+09:00,223.97270847141527,223.97270847141527,219.19037305921424,220.78448486328125,125400,0.0,0.0
2013-11-26 00:00:00+09:00,239.1167528875943,239.1167528875943,225.56680355729728,231.1461944580078,1389900,0.0,0.0
2013-11-27 00:00:00+09:00,227.92463611949572,232.75696056019174,221.48153686523435,221.48153686523438,352600,3.0,0.0
2013-11-28 00:00:00+09:00,223.89773372278316,228.73005891104467,221.4815711286524,223.09234619140625,224900,0.0,0.0
2013-11-29 00:00:00+09:00,224.7030983921472,227.11926074044985,223.09232349327877,226.31387329101562,130600,0.0,0.0
2013-12-02 00:00:00+09:00,227.11924743652344,228.7300222410378,226.31386003426627,227.11924743652344,152400,0.0,0.0
2013-12-03 00:00:00+09:00,227.1192413658224,227.9246287465523,224.7030792236328,224.7030792236328,62600,0.0,0.0
2013-12-04 00:00:00+09:00,225.50850688547328,225.50850688547328,222.28695678710938,222.28695678710938,68400,0.0,0.0
2013-12-05 00:00:00+09:00,222.28698193895949,223.89775717040123,219.87081909179688,219.87081909179688,101400,0.0,0.0
2013-12-06 00:00:00+09:00,219.06541257062963,222.28696275549183,217.45463747819852,218.26002502441406,89400,0.0,0.0
2013-12-09 00:00:00+09:00,218.26001916415447,223.09234431170034,218.26001916415447,222.28695678710938,119700,0.0,0.0
2013-12-10 00:00:00+09:00,222.28693763008954,222.28693763008954,219.06538780936359,220.67616271972656,58300,0.0,0.0
2013-12-11 00:00:00+09:00,222.28696275549183,222.28696275549183,217.45463747819852,218.26002502441406,118000,0.0,0.0
2013-12-12 00:00:00+09:00,215.84386054144966,218.26002315945095,214.23308546278213,217.4546356201172,84200,0.0,0.0
2013-12-13 00:00:00+09:00,217.4545703717132,218.2599576693862,213.42763388334814,215.8437957763672,131700,0.0,0.0
2013-12-16 00:00:00+09:00,215.0384597488229,215.8438472385189,211.81690979003906,211.81690979003906,81800,0.0,0.0
2013-12-17 00:00:00+09:00,212.62227797234198,214.23305280546577,210.20611572265625,210.20611572265625,125300,0.0,0.0
2013-12-18 00:00:00+09:00,209.4007454209655,211.0115203857422,206.98458297380054,211.0115203857422,108600,0.0,0.0
2013-12-19 00:00:00+09:00,211.8169078681305,213.42768283290715,209.4007454209655,211.0115203857422,111700,0.0,0.0
2013-12-20 00:00:00+09:00,207.78997033787522,209.40074530173473,202.95764544629674,204.56842041015625,262100,0.0,0.0
2013-12-24 00:00:00+09:00,202.9576413514184,202.9576413514184,196.51454162597656,196.51454162597656,417400,0.0,0.0
2013-12-25 00:00:00+09:00,190.07144376793687,199.7360934510523,190.07144376793687,197.31993103027344,455300,0.0,0.0
2013-12-26 00:00:00+09:00,197.31992214918137,206.98457139730453,197.31992214918137,206.17918395996094,115800,0.0,0.0
2013-12-27 00:00:00+09:00,207.78997802734375,208.59536553907762,203.7630404686743,207.78997802734375,80600,0.0,0.0
2013-12-30 00:00:00+09:00,208.5953598312552,214.23307225912694,208.5953598312552,211.81690979003906,154000,0.0,0.0
2014-01-06 00:00:00+09:00,215.03840847869418,217.4545703717132,211.0114719903291,215.8437957763672,237200,0.0,0.0
2014-01-07 00:00:00+09:00,217.454592797064,227.9246287465523,217.454592797064,224.7030792236328,451800,0.0,0.0
2014-01-08 00:00:00+09:00,223.09233285368776,226.31388278659298,222.28694537046144,223.89772033691406,173900,0.0,0.0
2014-01-09 00:00:00+09:00,223.89769782749474,229.53540964329497,219.87076081620887,227.11924743652344,303700,0.0,0.0
2014-01-10 00:00:00+09:00,222.28692427201702,223.89769908558236,215.84382501775568,221.48153686523438,443000,0.0,0.0
2014-01-14 00:00:00+09:00,213.42769060948098,215.03846563294874,207.78997802734375,207.78997802734375,497100,0.0,0.0
2014-01-15 00:00:00+09:00,212.6222698048395,212.6222698048395,206.17917071984436,206.98455810546875,312900,0.0,0.0
2014-01-16 00:00:00+09:00,206.98456941492418,207.78995684455424,205.37379455566406,205.37379455566406,226700,0.0,0.0
2014-01-17 00:00:00+09:00,204.5684316781851,215.84385704627405,204.5684316781851,209.4007568359375,400000,0.0,0.0
2014-01-20 00:00:00+09:00,210.20614436222957,211.01153188852163,207.78998178335337,209.4007568359375,134000,0.0,0.0
2014-01-21 00:00:00+09:00,209.40073370933533,211.01150858402252,206.17918395996094,206.17918395996094,138100,0.0,0.0
2014-01-22 00:00:00+09:00,206.98456941492418,206.98456941492418,204.568407126034,205.37379455566406,88200,0.0,0.0
2014-01-23 00:00:00+09:00,204.56840859690018,204.56840859690018,199.736083984375,199.736083984375,337100,0.0,0.0
2014-01-24 00:00:00+09:00,198.12531655733702,198.93070402301726,194.90376669461608,196.51454162597656,228800,0.0,0.0
2014-01-27 00:00:00+09:00,190.07143970246008,190.87682715882644,186.84988987699467,189.26605224609375,249400,0.0,0.0
2014-01-28 00:00:00+09:00,190.07143575643778,191.6822106357296,187.6552734375,187.6552734375,152300,0.0,0.0
2014-01-29 00:00:00+09:00,194.09839208890114,210.2061424697228,189.26606697465462,208.59536743164062,964300,0.0,0.0
2014-01-30 00:00:00+09:00,201.34687036033569,205.37380776754242,196.51454547168763,198.1253204345703,388400,0.0,0.0
2014-01-31 00:00:00+09:00,197.31992317927822,198.1253106208263,191.6822110884417,194.09837341308594,181000,0.0,0.0
2014-02-03 00:00:00+09:00,189.2660637749566,190.87683878580728,178.79602620442708,181.21218872070312,270900,0.0,0.0
2014-02-04 00:00:00+09:00,155.43981293957643,167.52062741674558,155.43981293957643,159.4667510986328,424700,0.0,0.0
2014-02-05 00:00:00+09:00,169.1313624618077,170.74213734239635,160.27210061857016,162.68826293945312,231800,0.0,0.0
2014-02-06 00:00:00+09:00,161.88288872093676,169.93676378167987,161.88288872093676,168.32598876953125,159800,0.0,0.0
2014-02-07 00:00:00+09:00,169.93677676165544,175.57448973479094,165.10445135611073,173.96371459960938,171100,0.0,0.0
2014-02-10 00:00:00+09:00,177.18526250043791,180.4068127277186,176.37987494361775,179.60142517089844,84400,0.0,0.0
2014-02-12 00:00:00+09:00,179.60140798757743,182.0175704268722,177.9906330280476,178.7960205078125,73600,0.0,0.0
2014-02-13 00:00:00+09:00,177.99064477884545,177.99064477884545,170.74215698242188,170.74215698242188,141200,0.0,0.0
2014-02-14 00:00:00+09:00,170.74213380080005,173.96368349515475,164.2990344120906,167.5205841064453,124700,0.0,0.0
2014-02-17 00:00:00+09:00,168.3259831366138,173.1583080113491,166.7152081783687,172.35292053222656,99900,0.0,0.0
2014-02-18 00:00:00+09:00,172.35291311281537,176.3798503350774,172.35291311281537,175.574462890625,44600,0.0,0.0
2014-02-19 00:00:00+09:00,179.60142470851088,240.00549131451228,177.9906495990175,239.20010375976562,31650100,0.0,0.0
2014-02-20 00:00:00+09:00,235.17313523479206,242.42162227970002,220.6761611449761,226.31387329101562,40946900,0.0,0.0
2014-02-21 00:00:00+09:00,229.53541165948334,255.30780875809202,223.89769979416272,227.9246368408203,39452600,0.0,0.0
2014-02-24 00:00:00+09:00,215.03845600567786,235.17314289759526,213.42768105432447,216.64923095703125,3792500,0.0,0.0
2014-02-25 00:00:00+09:00,218.26000970760677,219.87078468699872,211.01152230034307,211.81690979003906,1373700,0.0,0.0
2014-02-26 00:00:00+09:00,217.4546222179108,219.87078468699872,210.20613481064711,211.81690979003906,726100,0.0,0.0
2014-02-27 00:00:00+09:00,211.01152981533093,217.45462996236395,211.01152981533093,215.03846740722656,374000,0.0,0.0
2014-02-28 00:00:00+09:00,214.2330583333969,219.8707703948021,202.95763421058655,206.17918395996094,1114300,0.0,0.0
2014-03-03 00:00:00+09:00,202.15225587183116,204.56841829261,196.51454355668048,197.31993103027344,559600,0.0,0.0
2014-03-04 00:00:00+09:00,197.31994233758326,204.5684300152904,197.31994233758326,202.1522674560547,269000,0.0,0.0
2014-03-05 00:00:00+09:00,205.37380595452228,205.37380595452228,199.73609363420206,203.76303100585938,269200,0.0,0.0
2014-03-06 00:00:00+09:00,202.95765497579993,206.17920505478088,202.1522674560547,202.1522674560547,226600,0.0,0.0
2014-03-07 00:00:00+09:00,203.76304745144316,221.48157331678604,203.76304745144316,217.4546356201172,1182400,0.0,0.0
2014-03-10 00:00:00+09:00,221.48155966639064,221.48155966639064,211.81690979003906,211.81690979003906,260500,0.0,0.0
2014-03-11 00:00:00+09:00,213.42769060948098,216.64924065641654,205.37381549214206,207.78997802734375,218700,0.0,0.0
2014-03-12 00:00:00+09:00,206.98456941492418,208.5953442741843,204.568407126034,205.37379455566406,102000,0.0,0.0
2014-03-13 00:00:00+09:00,203.76304058837889,206.98459063720702,201.3468780517578,201.3468780517578,192800,0.0,0.0
2014-03-14 00:00:00+09:00,201.34686642005795,202.1522538857382,196.51454162597656,196.51454162597656,196100,0.0,0.0
2014-03-17 00:00:00+09:00,191.6822106357296,194.9037603943133,186.04449855820815,187.6552734375,241600,0.0,0.0
2014-03-18 00:00:00+09:00,190.0714435818829,197.3199308371242,190.0714435818829,190.8768310546875,64200,0.0,0.0
2014-03-19 00:00:00+09:00,193.2930145263672,195.70917720794677,187.65530160268148,193.2930145263672,256400,0.0,0.0
2014-03-20 00:00:00+09:00,190.87681712274966,193.29297936480978,183.62833039656928,185.23910522460938,194600,0.0,0.0
2014-03-24 00:00:00+09:00,186.0445024206283,194.90376444065822,186.0445024206283,189.26605224609375,82800,0.0,0.0
2014-03-25 00:00:00+09:00,186.84988599785407,190.87682319608368,186.84988599785407,187.6552734375,120600,0.0,0.0
2014-03-26 00:00:00+09:00,187.6552943213511,190.0714569091797,186.04451926279876,190.0714569091797,94200,0.0,0.0
2014-03-27 00:00:00+09:00,191.6822110884417,194.09837341308594,190.07143620534555,194.09837341308594,137300,0.0,0.0
2014-03-28 00:00:00+09:00,190.87682936621493,198.93070402301726,190.0714419005347,196.51454162597656,139700,0.0,0.0
2014-03-31 00:00:00+09:00,198.93070402301726,201.34686642005795,194.09837922893587,196.51454162597656,91800,0.0,0.0
2014-04-01 00:00:00+09:00,194.90376841871043,195.70915589151502,190.0714435818829,190.8768310546875,95600,0.0,0.0
2014-04-02 00:00:00+09:00,197.31992025936353,218.25999342974495,197.31992025936353,205.37379455566406,2704400,0.0,0.0
2014-04-03 00:00:00+09:00,203.76301969640394,206.17918198529412,201.3468574075138,205.37379455566406,323400,0.0,0.0
2014-04-04 00:00:00+09:00,203.76302164793015,216.6492206454277,203.76302164793015,206.17918395996094,433000,0.0,0.0
2014-04-07 00:00:00+09:00,202.9576416015625,204.56841653490824,200.5414792015439,202.9576416015625,169800,0.0,0.0
2014-04-08 00:00:00+09:00,199.7360718782283,202.95762142465134,194.90374755859375,194.90374755859375,184400,0.0,0.0
2014-04-09 00:00:00+09:00,193.29301267488233,195.70917533331834,190.07146246363428,192.4876251220703,216600,0.0,0.0
2014-04-10 00:00:00+09:00,198.9307274500529,200.54150257110595,190.87685184478758,193.2930145263672,196200,0.0,0.0
2014-04-11 00:00:00+09:00,187.65529058733557,189.2660656138363,183.62835302108374,188.46067810058594,312700,0.0,0.0
2014-04-14 00:00:00+09:00,186.8498992919922,188.46067428588867,186.04451179504395,186.8498992919922,93700,0.0,0.0
2014-04-15 00:00:00+09:00,190.87684064033704,190.87684064033704,187.65529058733557,188.46067810058594,76000,0.0,0.0
2014-04-16 00:00:00+09:00,192.48762696584066,198.9307274500529,190.07146428426105,193.2930145263672,165100,0.0,0.0
2014-04-17 00:00:00+09:00,194.09840022769433,196.51456288613036,190.07146246363428,192.4876251220703,299100,0.0,0.0
2014-04-18 00:00:00+09:00,193.29298597153786,194.09837341308594,188.46066132224942,194.09837341308594,300400,0.0,0.0
2014-04-21 00:00:00+09:00,194.09838676452637,195.70916175842285,186.8498992919922,186.8498992919922,223300,0.0,0.0
2014-04-22 00:00:00+09:00,186.8498992919922,188.46067428588867,185.2391242980957,186.8498992919922,132400,0.0,0.0
2014-04-23 00:00:00+09:00,186.84989369066454,191.68221852749207,185.23911874505538,190.8768310546875,80900,0.0,0.0
2014-04-24 00:00:00+09:00,191.68223196773204,191.68223196773204,188.4606818506273,190.0714569091797,59400,0.0,0.0
2014-04-25 00:00:00+09:00,189.2660561090783,192.48760600029667,186.04450621785995,190.8768310546875,62700,0.0,0.0
2014-04-28 00:00:00+09:00,186.84988599785407,189.26604831679185,186.84988599785407,187.6552734375,63700,0.0,0.0
2014-04-30 00:00:00+09:00,185.23914370916586,186.84991887185427,180.40681822110068,182.01759338378906,95400,0.0,0.0
2014-05-01 00:00:00+09:00,178.79601499582702,185.23911463531627,177.99062754089084,182.8229522705078,107100,0.0,0.0
2014-05-02 00:00:00+09:00,184.43373680114746,186.8498992919922,184.43373680114746,186.8498992919922,28800,0.0,0.0
2014-05-07 00:00:00+09:00,182.0175704268722,182.8229579066371,178.7960205078125,178.7960205078125,41500,0.0,0.0
2014-05-08 00:00:00+09:00,180.4068244485294,182.01759966681985,177.99066162109375,177.99066162109375,68300,0.0,0.0
2014-05-09 00:00:00+09:00,177.9906330280476,181.21218294710727,177.18524554828267,178.7960205078125,54000,0.0,0.0
2014-05-12 00:00:00+09:00,185.2391122240539,193.29298666857798,175.574462890625,175.574462890625,379000,0.0,0.0
2014-05-13 00:00:00+09:00,177.990618498429,185.23910522460938,177.990618498429,185.23910522460938,163200,0.0,0.0
2014-05-14 00:00:00+09:00,186.04451179504395,186.8498992919922,181.2121868133545,186.8498992919922,61400,0.0,0.0
2014-05-15 00:00:00+09:00,181.2121681545092,186.0444926386294,181.2121681545092,185.23910522460938,41300,0.0,0.0
2014-05-16 00:00:00+09:00,184.43373107910156,185.23911855106272,181.212181191257,184.43373107910156,80300,0.0,0.0
2014-05-19 00:00:00+09:00,181.21217500179188,182.8229498906967,175.574462890625,175.574462890625,62600,0.0,0.0
2014-05-20 00:00:00+09:00,176.37984835716983,176.37984835716983,172.35291118006552,174.76907348632812,82200,0.0,0.0
2014-05-21 00:00:00+09:00,173.96371275436047,173.96371275436047,170.7421625181686,173.1583251953125,60900,0.0,0.0
2014-05-22 00:00:00+09:00,171.547551896837,175.57448973479094,171.547551896837,173.96371459960938,57800,0.0,0.0
2014-05-23 00:00:00+09:00,179.60140408602626,179.60140408602626,175.5744667746804,177.18524169921875,38000,0.0,0.0
2014-05-26 00:00:00+09:00,180.40680296808227,189.2660656138363,177.99064042833118,188.46067810058594,107500,0.0,0.0
2014-05-27 00:00:00+09:00,186.849893494985,186.849893494985,183.62834360714044,184.43373107910156,29300,0.0,0.0
2014-05-28 00:00:00+09:00,184.43371978363433,188.4606568968141,184.43371978363433,186.04449462890625,37100,0.0,0.0
2014-05-29 00:00:00+09:00,185.2391242980957,186.8498992919922,183.62834930419922,186.8498992919922,32400,0.0,0.0
2014-05-30 00:00:00+09:00,186.8498992919922,188.46067428588867,184.43373680114746,186.8498992919922,27100,0.0,0.0
2014-06-02 00:00:00+09:00,186.84990679207493,190.87684443845586,186.04451926279876,190.0714569091797,59100,0.0,0.0
2014-06-03 00:00:00+09:00,190.0714435818829,190.8768310546875,189.2660561090783,190.8768310546875,30900,0.0,0.0
2014-06-04 00:00:00+09:00,190.8768500164463,193.29301267488233,190.07146246363428,192.4876251220703,107700,0.0,0.0
2014-06-05 00:00:00+09:00,192.48760793990448,195.70915786358486,188.46067053530396,191.68222045898438,78300,0.0,0.0
2014-06-06 00:00:00+09:00,190.07144549714417,196.51454534450497,190.07144549714417,191.68222045898438,108600,0.0,0.0
2014-06-09 00:00:00+09:00,191.68219801217072,197.31990971841103,191.68219801217072,194.90374755859375,71400,0.0,0.0
2014-06-10 00:00:00+09:00,196.51452233180527,196.51452233180527,192.48758539877647,194.90374755859375,46700,0.0,0.0
2014-06-11 00:00:00+09:00,194.09840757267958,196.51457032254694,192.4876324061013,195.7091827392578,38300,0.0,0.0
2014-06-12 00:00:00+09:00,192.48762696584066,195.70917720794677,191.68223940531414,193.2930145263672,78500,0.0,0.0
2014-06-13 00:00:00+09:00,193.29297278538223,195.7091349451995,191.68219801217072,194.90374755859375,97600,0.0,0.0
2014-06-16 00:00:00+09:00,194.0984020868937,198.12533988952637,193.2930145263672,193.2930145263672,65800,0.0,0.0
2014-06-17 00:00:00+09:00,193.29300292968747,201.3468780517578,190.8768403930664,201.3468780517578,93700,0.0,0.0
2014-06-18 00:00:00+09:00,201.346868582865,207.78996837751666,198.93070615987062,203.76303100585938,300700,0.0,0.0
2014-06-19 00:00:00+09:00,208.59535781980497,208.59535781980497,202.95764544629674,204.56842041015625,113900,0.0,0.0
2014-06-20 00:00:00+09:00,207.7899664015997,207.7899664015997,201.34686666821676,202.9576416015625,96000,0.0,0.0
2014-06-23 00:00:00+09:00,206.179203125,206.98459063720702,200.54149053955078,201.3468780517578,40900,0.0,0.0
2014-06-24 00:00:00+09:00,199.7361047221887,209.40075495068172,198.93071720314762,208.59536743164062,321700,0.0,0.0
2014-06-25 00:00:00+09:00,213.42766885196463,213.42766885196463,204.568407126034,205.37379455566406,195100,0.0,0.0
2014-06-26 00:00:00+09:00,205.37381172180176,216.64923667907715,205.37381172180176,212.62229919433594,259700,0.0,0.0
2014-06-27 00:00:00+09:00,211.81689602136612,213.4276708960533,199.73608446121216,206.17918395996094,178100,0.0,0.0
2014-06-30 00:00:00+09:00,202.15225796436698,207.78997033787522,202.15225796436698,204.56842041015625,75700,0.0,0.0
2014-07-01 00:00:00+09:00,202.95767098885997,203.7630585721491,187.65530690636655,195.7091827392578,418000,0.0,0.0
2014-07-02 00:00:00+09:00,194.90376085463402,195.7091482961821,194.09837341308594,194.09837341308594,94400,0.0,0.0
2014-07-03 00:00:00+09:00,194.09838094590583,194.90376841871043,190.0714435818829,190.8768310546875,197200,0.0,0.0
2014-07-04 00:00:00+09:00,190.8768310546875,192.48760600029667,187.65528116346914,190.8768310546875,223600,0.0,0.0
2014-07-07 00:00:00+09:00,188.46067428588867,189.2660617828369,186.04451179504395,186.8498992919922,159900,0.0,0.0
2014-07-08 00:00:00+09:00,189.26605801622406,193.29299542082458,186.84989557346375,191.68222045898438,210400,0.0,0.0
2014-07-09 00:00:00+09:00,190.87682319608368,190.87682319608368,187.6552734375,187.6552734375,119900,0.0,0.0
2014-07-10 00:00:00+09:00,188.46068211605674,189.26606964646726,183.62835693359375,183.62835693359375,129100,0.0,0.0
2014-07-11 00:00:00+09:00,183.62835123697917,186.04451375325522,180.40680121527777,181.21218872070312,131900,0.0,0.0
2014-07-14 00:00:00+09:00,181.212181191257,185.23911855106272,181.212181191257,184.43373107910156,66000,0.0,0.0
2014-07-15 00:00:00+09:00,184.43373107910156,185.23911855106272,183.62834360714044,184.43373107910156,81100,0.0,0.0
2014-07-16 00:00:00+09:00,182.8229522705078,186.04450209025242,182.01756481557163,182.8229522705078,75800,0.0,0.0
2014-07-17 00:00:00+09:00,182.8229637315538,183.62835123697917,179.60141370985244,181.21218872070312,170900,0.0,0.0
2014-07-18 00:00:00+09:00,178.79603761407827,180.4068127277186,177.9906500572581,179.60142517089844,108800,0.0,0.0
2014-07-22 00:00:00+09:00,179.60140245076317,182.8229522705078,179.60140245076317,182.8229522705078,49000,0.0,0.0
2014-07-23 00:00:00+09:00,182.8229762395223,194.0984020868937,179.6014259974162,193.2930145263672,348000,0.0,0.0
2014-07-24 00:00:00+09:00,194.0984020868937,195.70917720794677,190.87685184478758,193.2930145263672,133900,0.0,0.0
2014-07-25 00:00:00+09:00,195.7091482961821,195.7091482961821,190.07143620534555,194.09837341308594,111200,0.0,0.0
2014-07-28 00:00:00+09:00,194.09840022769433,195.70917533331834,190.8768500164463,192.4876251220703,94200,0.0,0.0
2014-07-29 00:00:00+09:00,192.48760600029667,193.29299347310126,186.84989369066454,190.8768310546875,66200,0.0,0.0
2014-07-30 00:00:00+09:00,189.26606964646726,190.07145717687774,182.82296940318327,183.62835693359375,358500,0.0,0.0
2014-07-31 00:00:00+09:00,187.6552674666695,187.6552674666695,184.43371781058934,185.23910522460938,111200,0.0,0.0
2014-08-01 00:00:00+09:00,181.21220580244486,184.43375612782165,181.21220580244486,182.01759338378906,169200,0.0,0.0
2014-08-04 00:00:00+09:00,182.01759338378906,183.62836854647747,182.01759338378906,182.01759338378906,50600,0.0,0.0
2014-08-05 00:00:00+09:00,188.46068211605674,193.29300729851974,183.62835693359375,183.62835693359375,284800,0.0,0.0
2014-08-06 00:00:00+09:00,182.01757622612845,183.62835123697917,181.21218872070312,181.21218872070312,57700,0.0,0.0
2014-08-07 00:00:00+09:00,181.2121868133545,182.01757431030273,179.601411819458,180.40679931640625,79800,0.0,0.0
2014-08-08 00:00:00+09:00,179.60140798757743,180.40679546734236,177.18524554828267,178.7960205078125,67900,0.0,0.0
2014-08-11 00:00:00+09:00,180.40680121527777,181.21218872070312,177.1852511935764,181.21218872070312,96500,0.0,0.0
2014-08-12 00:00:00+09:00,182.01758784135896,182.01758784135896,179.60142517089844,179.60142517089844,39900,0.0,0.0
2014-08-13 00:00:00+09:00,177.99063869900172,181.21218872070312,177.99063869900172,181.21218872070312,47300,0.0,0.0
2014-08-14 00:00:00+09:00,178.79602620442708,182.01757622612845,178.79602620442708,181.21218872070312,57700,0.0,0.0
2014-08-15 00:00:00+09:00,181.21218872070312,182.01757622612845,178.79602620442708,181.21218872070312,45800,0.0,0.0
2014-08-18 00:00:00+09:00,182.01755556852922,185.23910522460938,180.40678074048913,185.23910522460938,83600,0.0,0.0
2014-08-19 00:00:00+09:00,184.43373680114746,184.43373680114746,179.601411819458,180.40679931640625,169900,0.0,0.0
2014-08-20 00:00:00+09:00,181.21218872070312,182.8229637315538,179.60141370985244,181.21218872070312,156000,0.0,0.0
2014-08-21 00:00:00+09:00,178.79601499582702,185.23911463531627,178.79601499582702,182.8229522705078,247900,0.0,0.0
2014-08-22 00:00:00+09:00,182.01756481557163,183.62833972544396,180.40678990569933,182.8229522705078,48900,0.0,0.0
2014-08-25 00:00:00+09:00,182.01758187277275,183.62835693359375,182.01758187277275,183.62835693359375,51900,0.0,0.0
2014-08-26 00:00:00+09:00,184.43371781058934,187.6552674666695,184.43371781058934,185.23910522460938,97800,0.0,0.0
2014-08-27 00:00:00+09:00,186.8498820515422,187.65526947417817,184.43371978363433,186.04449462890625,41200,0.0,0.0
2014-08-28 00:00:00+09:00,186.04451556083484,188.46067810058594,185.23912804758447,188.46067810058594,88500,0.0,0.0
2014-08-29 00:00:00+09:00,189.2660656138363,189.2660656138363,186.04451556083484,188.46067810058594,53600,0.0,0.0
2014-09-01 00:00:00+09:00,186.84989369066454,190.8768310546875,186.84989369066454,190.8768310546875,74300,0.0,0.0
2014-09-02 00:00:00+09:00,191.68221852749207,193.29299347310126,187.65528116346914,190.8768310546875,132600,0.0,0.0
2014-09-03 00:00:00+09:00,191.6822146151928,192.48760207155917,187.65527733336103,189.26605224609375,57600,0.0,0.0
2014-09-04 00:00:00+09:00,189.2660617828369,190.8768367767334,186.8498992919922,186.8498992919922,83600,0.0,0.0
2014-09-05 00:00:00+09:00,187.6552734375,190.87682319608368,187.6552734375,187.6552734375,58400,0.0,0.0
2014-09-08 00:00:00+09:00,190.87682715882644,190.87682715882644,187.65527733336103,189.26605224609375,108200,0.0,0.0
2014-09-09 00:00:00+09:00,189.26606937990348,190.87684443845586,189.26606937990348,190.0714569091797,39400,0.0,0.0
2014-09-10 00:00:00+09:00,190.07143970246008,196.51453935339094,187.65527733336103,189.26605224609375,400700,0.0,0.0
2014-09-11 00:00:00+09:00,189.26606937990348,191.68223196773204,189.26606937990348,190.0714569091797,76300,0.0,0.0
2014-09-12 00:00:00+09:00,191.6822146151928,191.6822146151928,189.26605224609375,189.26605224609375,176700,0.0,0.0
2014-09-16 00:00:00+09:00,189.26604831679185,189.26604831679185,186.84988599785407,187.6552734375,65900,0.0,0.0
2014-09-17 00:00:00+09:00,187.6552734375,187.6552734375,185.23911111856222,187.6552734375,78300,0.0,0.0
2014-09-18 00:00:00+09:00,187.65527733336103,189.26605224609375,187.65527733336103,189.26605224609375,38500,0.0,0.0
2014-09-19 00:00:00+09:00,189.26604831679185,189.26604831679185,187.6552734375,187.6552734375,51300,0.0,0.0
2014-09-22 00:00:00+09:00,188.46067810058594,188.46067810058594,187.65529058733557,188.46067810058594,29400,0.0,0.0
2014-09-24 00:00:00+09:00,187.65528678894043,189.2660617828369,186.8498992919922,186.8498992919922,47300,0.0,0.0
2014-09-25 00:00:00+09:00,188.46067810058594,188.46067810058594,186.8499030740852,188.46067810058594,39400,0.0,0.0
2014-09-26 00:00:00+09:00,186.84988599785407,187.6552734375,186.04449855820815,187.6552734375,54200,0.0,0.0
2014-09-29 00:00:00+09:00,187.65527733336103,189.26605224609375,187.65527733336103,189.26605224609375,41400,0.0,0.0
2014-09-30 00:00:00+09:00,189.26604831679185,189.26604831679185,186.84988599785407,187.6552734375,36600,0.0,0.0
2014-10-01 00:00:00+09:00,187.6552674666695,188.46065488068953,185.23910522460938,185.23910522460938,63000,0.0,0.0
2014-10-02 00:00:00+09:00,183.62834930419922,183.62834930419922,180.40679931640625,180.40679931640625,113600,0.0,0.0
2014-10-03 00:00:00+09:00,180.40679931640625,181.2121868133545,178.79602432250977,180.40679931640625,37800,0.0,0.0
2014-10-06 00:00:00+09:00,186.84988005264947,186.84988005264947,181.2121681545092,185.23910522460938,62900,0.0,0.0
2014-10-07 00:00:00+09:00,185.23911463531627,187.65527700012476,182.8229522705078,182.8229522705078,116000,0.0,0.0
2014-10-08 00:00:00+09:00,178.79603761407827,181.2122002845388,178.79603761407827,179.60142517089844,32300,0.0,0.0
2014-10-09 00:00:00+09:00,179.60143683938418,181.21221205767463,176.3798864028033,177.99066162109375,109100,0.0,0.0
2014-10-10 00:00:00+09:00,175.574462890625,177.1852377795298,174.7690754461726,175.574462890625,142700,0.0,0.0
2014-10-14 00:00:00+09:00,173.96368605090726,176.37984835716983,173.1582986154864,174.76907348632812,58500,0.0,0.0
2014-10-15 00:00:00+09:00,176.37985229492188,176.37985229492188,174.76907738811894,176.37985229492188,16600,0.0,0.0
2014-10-16 00:00:00+09:00,174.76910031340842,174.76910031340842,170.7421625181686,173.1583251953125,45500,0.0,0.0
2014-10-17 00:00:00+09:00,170.74215698242188,173.15831958122973,170.74215698242188,170.74215698242188,27300,0.0,0.0
2014-10-20 00:00:00+09:00,173.15830055726778,175.574462890625,172.35291311281537,175.574462890625,32100,0.0,0.0
2014-10-21 00:00:00+09:00,175.57446847835055,175.57446847835055,169.13136871767713,171.5475311279297,44500,0.0,0.0
2014-10-22 00:00:00+09:00,173.1583251953125,173.96371275436047,171.54755007721656,173.1583251953125,17000,0.0,0.0
2014-10-23 00:00:00+09:00,173.1583251953125,173.96371275436047,170.7421625181686,173.1583251953125,20300,0.0,0.0
2014-10-24 00:00:00+09:00,175.574460921749,175.574460921749,172.35291118006552,174.76907348632812,17300,0.0,0.0
2014-10-27 00:00:00+09:00,175.574460921749,176.37984835716983,174.76907348632812,174.76907348632812,11100,0.0,0.0
2014-10-28 00:00:00+09:00,174.76907348632812,175.574460921749,173.1582986154864,174.76907348632812,11000,0.0,0.0
2014-10-29 00:00:00+09:00,175.5744648415204,177.18523974832334,175.5744648415204,176.37985229492188,18700,0.0,0.0
2014-10-30 00:00:00+09:00,176.37985423694957,177.18524169921875,174.7690793124112,177.18524169921875,57500,0.0,0.0
2014-10-31 00:00:00+09:00,177.9906500572581,180.4068127277186,175.57448738679759,179.60142517089844,57300,0.0,0.0
2014-11-04 00:00:00+09:00,188.46068211605674,188.46068211605674,182.01758187277275,183.62835693359375,127900,0.0,0.0
2014-11-05 00:00:00+09:00,181.21220580244486,182.82298096513327,180.40681822110068,182.01759338378906,37900,0.0,0.0
2014-11-06 00:00:00+09:00,180.40679931640625,182.01757431030273,179.601411819458,180.40679931640625,24300,0.0,0.0
2014-11-07 00:00:00+09:00,178.79602432250977,180.40679931640625,177.18524932861328,180.40679931640625,35200,0.0,0.0
2014-11-10 00:00:00+09:00,180.40680121527777,181.21218872070312,177.99063869900172,181.21218872070312,19000,0.0,0.0
2014-11-11 00:00:00+09:00,179.60142517089844,180.4068127277186,177.9906500572581,179.60142517089844,28600,0.0,0.0
2014-11-12 00:00:00+09:00,177.18527401194854,179.60143683938418,177.18527401194854,177.99066162109375,28600,0.0,0.0
2014-11-13 00:00:00+09:00,177.18524169921875,178.7960166237571,176.37985423694957,177.18524169921875,39800,0.0,0.0
2014-11-14 00:00:00+09:00,178.79601266843463,178.79601266843463,173.9636880017202,175.574462890625,75900,0.0,0.0
2014-11-17 00:00:00+09:00,174.76910216720015,174.76910216720015,173.15832703201858,173.96371459960938,34200,0.0,0.0
2014-11-18 00:00:00+09:00,173.1583080113491,176.37985792783934,172.35292053222656,172.35292053222656,48000,0.0,0.0
2014-11-19 00:00:00+09:00,175.574462890625,177.99062522398222,173.9636880017202,175.574462890625,59600,0.0,0.0
2014-11-20 00:00:00+09:00,176.37984835716983,177.1852357925907,173.96368605090726,174.76907348632812,128700,0.0,0.0
2014-11-21 00:00:00+09:00,173.96368605090726,176.37984835716983,172.35291118006552,174.76907348632812,165200,0.0,0.0
2014-11-25 00:00:00+09:00,174.7690754461726,176.3798503350774,173.15830055726778,175.574462890625,193000,0.0,0.0
2014-11-26 00:00:00+09:00,179.6575927734375,180.47421819513497,178.84096735174006,179.6575927734375,41800,3.0,0.0
2014-11-27 00:00:00+09:00,179.65760397254874,180.47422944515125,178.02435302734375,178.02435302734375,25000,0.0,0.0
2014-11-28 00:00:00+09:00,178.02434332359772,178.02434332359772,176.39109246741793,177.2077178955078,58400,0.0,0.0
2014-12-01 00:00:00+09:00,177.20772654215494,178.02435201009115,171.49134826660156,171.49134826660156,140600,0.0,0.0
2014-12-02 00:00:00+09:00,173.94121758291655,175.5744684522397,172.30796671359337,174.75784301757812,67100,0.0,0.0
2014-12-03 00:00:00+09:00,177.20772755474127,178.84097849994626,175.57447660953628,178.02435302734375,97700,0.0,0.0
2014-12-04 00:00:00+09:00,178.02434745335688,178.84097290039062,176.3910965592894,178.84097290039062,54700,0.0,0.0
2014-12-05 00:00:00+09:00,177.20772200632314,178.84097290039062,174.7578456652219,178.84097290039062,93200,0.0,0.0
2014-12-08 00:00:00+09:00,178.84096875168763,178.84096875168763,176.39109246741793,177.2077178955078,72700,0.0,0.0
2014-12-09 00:00:00+09:00,175.57447406607614,176.3910995268486,173.1245976837588,173.94122314453125,131800,0.0,0.0
2014-12-10 00:00:00+09:00,172.30796397816053,173.9412148215554,170.67471313476562,170.67471313476562,223900,0.0,0.0
2014-12-11 00:00:00+09:00,170.67470893307006,171.49133433466372,169.0414581298828,169.0414581298828,126300,0.0,0.0
2014-12-12 00:00:00+09:00,170.67471313476562,173.12458939985797,170.67471313476562,170.67471313476562,70600,0.0,0.0
2014-12-15 00:00:00+09:00,169.0414678133451,170.6747187100924,169.0414678133451,169.85809326171875,33200,0.0,0.0
2014-12-16 00:00:00+09:00,169.8580792682927,170.67470464939024,166.59157774390243,167.408203125,191000,0.0,0.0
2014-12-17 00:00:00+09:00,167.4082128284047,170.67471454212966,167.4082128284047,168.22483825683594,67500,0.0,0.0
2014-12-18 00:00:00+09:00,169.0414678133451,170.6747187100924,169.0414678133451,169.85809326171875,41200,0.0,0.0
2014-12-19 00:00:00+09:00,169.04146229137075,170.67471313476562,169.04146229137075,170.67471313476562,83000,0.0,0.0
2014-12-22 00:00:00+09:00,169.85809326171875,169.85809326171875,168.22484236497144,169.85809326171875,86300,0.0,0.0
2014-12-24 00:00:00+09:00,168.22483825683594,169.0414636852672,167.4082128284047,168.22483825683594,81200,0.0,0.0
2014-12-25 00:00:00+09:00,166.59158881427032,168.22483968499844,165.77496337890625,165.77496337890625,157000,0.0,0.0
2014-12-26 00:00:00+09:00,164.95833518288353,171.4913385564631,164.95833518288353,170.67471313476562,104600,0.0,0.0
2014-12-29 00:00:00+09:00,173.12459920247397,173.12459920247397,168.22484639485677,171.49134826660156,46700,0.0,0.0
2014-12-30 00:00:00+09:00,169.85809733072918,172.30797373453777,169.85809733072918,171.49134826660156,33400,0.0,0.0
2015-01-05 00:00:00+09:00,170.67472130144145,174.75784860530368,170.67472130144145,173.94122314453125,66200,0.0,0.0
2015-01-06 00:00:00+09:00,174.75785013834636,174.75785013834636,171.49134826660156,171.49134826660156,73600,0.0,0.0
2015-01-07 00:00:00+09:00,168.22484236497144,171.49134415846603,168.22484236497144,169.85809326171875,35100,0.0,0.0
2015-01-08 00:00:00+09:00,169.85810132296578,173.12460327148438,169.85810132296578,173.12460327148438,32500,0.0,0.0
2015-01-09 00:00:00+09:00,171.49134415846603,173.12459505521335,169.85809326171875,169.85809326171875,67600,0.0,0.0
2015-01-13 00:00:00+09:00,169.85809733072918,171.49134826660156,169.85809733072918,171.49134826660156,34900,0.0,0.0
2015-01-14 00:00:00+09:00,169.85809326171875,172.3079696068397,169.85809326171875,169.85809326171875,74800,0.0,0.0
2015-01-15 00:00:00+09:00,168.22483272828916,170.67470893307006,168.22483272828916,169.0414581298828,42200,0.0,0.0
2015-01-16 00:00:00+09:00,169.04145388719513,169.8580792682927,167.408203125,167.408203125,82100,0.0,0.0
2015-01-19 00:00:00+09:00,168.22482850609757,169.04145388719513,166.59157774390243,167.408203125,32700,0.0,0.0
2015-01-20 00:00:00+09:00,168.2248368696733,170.67471313476562,167.40821144797587,170.67471313476562,80800,0.0,0.0
2015-01-21 00:00:00+09:00,169.8580891136984,172.30796539899214,168.22483825683594,168.22483825683594,56400,0.0,0.0
2015-01-22 00:00:00+09:00,169.0414636852672,169.8580891136984,168.22483825683594,168.22483825683594,37000,0.0,0.0
2015-01-23 00:00:00+09:00,168.22484236497144,170.6747187100924,168.22484236497144,169.85809326171875,25400,0.0,0.0
2015-01-26 00:00:00+09:00,168.22483825683594,169.0414636852672,167.4082128284047,168.22483825683594,28600,0.0,0.0
2015-01-27 00:00:00+09:00,169.0414678133451,169.85809326171875,169.0414678133451,169.85809326171875,23300,0.0,0.0
2015-01-28 00:00:00+09:00,169.0414678133451,169.85809326171875,169.0414678133451,169.85809326171875,16000,0.0,0.0
2015-01-29 00:00:00+09:00,169.0414636852672,169.0414636852672,167.4082128284047,168.22483825683594,24700,0.0,0.0
2015-01-30 00:00:00+09:00,169.0414636852672,169.0414636852672,168.22483825683594,168.22483825683594,17300,0.0,0.0
2015-02-02 00:00:00+09:00,167.408203125,169.04145388719513,167.408203125,167.408203125,25100,0.0,0.0
2015-02-03 00:00:00+09:00,167.4082128284047,172.30796539899214,167.4082128284047,168.22483825683594,95700,0.0,0.0
2015-02-04 00:00:00+09:00,170.67470464939024,170.67470464939024,167.408203125,167.408203125,37200,0.0,0.0
2015-02-05 00:00:00+09:00,168.22483825683594,169.0414636852672,168.22483825683594,168.22483825683594,25600,0.0,0.0
2015-02-06 00:00:00+09:00,168.22483825683594,169.0414636852672,167.4082128284047,168.22483825683594,25900,0.0,0.0
2015-02-09 00:00:00+09:00,169.85808353147644,170.67470893307006,169.0414581298828,169.0414581298828,16100,0.0,0.0
2015-02-10 00:00:00+09:00,169.0414678133451,170.6747187100924,169.0414678133451,169.85809326171875,23600,0.0,0.0
2015-02-12 00:00:00+09:00,170.6747187100924,170.6747187100924,169.0414678133451,169.85809326171875,32100,0.0,0.0
2015-02-13 00:00:00+09:00,169.8580891136984,170.67471454212966,168.22483825683594,168.22483825683594,68800,0.0,0.0
2015-02-16 00:00:00+09:00,170.67470893307006,170.67470893307006,168.22483272828916,169.0414581298828,47500,0.0,0.0
2015-02-17 00:00:00+09:00,169.85809326171875,169.85809326171875,169.0414678133451,169.85809326171875,36300,0.0,0.0
2015-02-18 00:00:00+09:00,171.49134826660156,171.49134826660156,169.85809733072918,171.49134826660156,52100,0.0,0.0
2015-02-19 00:00:00+09:00,172.30796125545058,176.3910882994186,170.67471043786338,175.574462890625,138600,0.0,0.0
2015-02-20 00:00:00+09:00,176.3910882994186,178.0243391170058,172.30796125545058,175.574462890625,97100,0.0,0.0
2015-02-23 00:00:00+09:00,175.57446566495028,175.57446566495028,170.67471313476562,170.67471313476562,33000,0.0,0.0
2015-02-24 00:00:00+09:00,173.12459920247397,173.12459920247397,170.67472279866536,171.49134826660156,34500,0.0,0.0
2015-02-25 00:00:00+09:00,173.12459920247397,173.94122467041015,171.49134826660156,171.49134826660156,24200,0.0,0.0
2015-02-26 00:00:00+09:00,171.49133989887855,177.2077178955078,170.67471447078864,177.2077178955078,96000,0.0,0.0
2015-02-27 00:00:00+09:00,176.3910882994186,185.37396779614826,173.1245866642442,175.574462890625,209600,0.0,0.0
2015-03-02 00:00:00+09:00,175.5744684522397,177.20771932156285,173.94121758291655,174.75784301757812,30100,0.0,0.0
2015-03-03 00:00:00+09:00,175.57448545338417,176.39111096712085,171.49135788470082,172.3079833984375,80700,0.0,0.0
2015-03-04 00:00:00+09:00,172.3079833984375,174.75785993964752,171.49135788470082,172.3079833984375,26300,0.0,0.0
2015-03-05 00:00:00+09:00,172.30797778435473,173.94122875861402,172.30797778435473,173.12460327148438,12200,0.0,0.0
2015-03-06 00:00:00+09:00,173.1245976837588,174.75784860530368,172.30797222298634,173.94122314453125,54000,0.0,0.0
2015-03-09 00:00:00+09:00,173.94122314453125,175.57447406607614,172.30797222298634,173.94122314453125,32000,0.0,0.0
2015-03-10 00:00:00+09:00,173.94123442591084,173.94123442591084,172.3079833984375,172.3079833984375,39800,0.0,0.0
2015-03-11 00:00:00+09:00,171.4913467622139,173.94122314453125,171.4913467622139,173.94122314453125,19900,0.0,0.0
2015-03-12 00:00:00+09:00,173.1245976837588,173.94122314453125,172.30797222298634,173.94122314453125,27600,0.0,0.0
2015-03-13 00:00:00+09:00,173.94121758291655,174.75784301757812,173.12459214825495,174.75784301757812,50500,0.0,0.0
2015-03-16 00:00:00+09:00,173.1245976837588,174.75784860530368,172.30797222298634,173.94122314453125,103200,0.0,0.0
2015-03-17 00:00:00+09:00,173.94122314453125,175.57447406607614,173.94122314453125,173.94122314453125,24000,0.0,0.0
2015-03-18 00:00:00+09:00,174.75784301757812,175.5744684522397,173.12459214825495,174.75784301757812,23600,0.0,0.0
2015-03-19 00:00:00+09:00,176.3910882994186,176.3910882994186,173.9412120730378,175.574462890625,42700,0.0,0.0
2015-03-20 00:00:00+09:00,175.57446703932803,178.84096875168763,175.57446703932803,177.2077178955078,102400,0.0,0.0
2015-03-23 00:00:00+09:00,180.47421819513497,181.2908436168324,177.2077165083452,179.6575927734375,51100,0.0,0.0
2015-03-24 00:00:00+09:00,180.4742237944581,180.4742237944581,176.3910965592894,178.84097290039062,37200,0.0,0.0
2015-03-25 00:00:00+09:00,175.57446703932803,178.84096875168763,174.75784161123812,177.2077178955078,41000,0.0,0.0
2015-03-26 00:00:00+09:00,177.20772498762102,177.20772498762102,173.1245976837588,173.94122314453125,37000,0.0,0.0
2015-03-27 00:00:00+09:00,174.75785993964752,178.84098750833087,169.0414813434908,172.3079833984375,119300,0.0,0.0
2015-03-30 00:00:00+09:00,172.30797373453777,173.94122467041015,171.49134826660156,171.49134826660156,91200,0.0,0.0
2015-03-31 00:00:00+09:00,174.75784860530368,176.3910995268486,173.1245976837588,173.94122314453125,36200,0.0,0.0
2015-04-01 00:00:00+09:00,169.85809326171875,171.49134415846603,168.22484236497144,169.85809326171875,112700,0.0,0.0
2015-04-02 00:00:00+09:00,169.04146229137075,170.67471313476562,169.04146229137075,170.67471313476562,26600,0.0,0.0
2015-04-03 00:00:00+09:00,172.3079833984375,173.12460891217415,169.85810685722748,172.3079833984375,19600,0.0,0.0
2015-04-06 00:00:00+09:00,170.67471313476562,172.30796397816053,170.67471313476562,170.67471313476562,11300,0.0,0.0
2015-04-07 00:00:00+09:00,170.67472681009542,173.12460327148438,170.67472681009542,173.12460327148438,32500,0.0,0.0
2015-04-08 00:00:00+09:00,173.12460327148438,173.94122875861402,171.49135229722506,173.12460327148438,15700,0.0,0.0
2015-04-09 00:00:00+09:00,173.12460327148438,173.94122875861402,172.30797778435473,173.12460327148438,12600,0.0,0.0
2015-04-10 00:00:00+09:00,173.12459214825495,174.75784301757812,170.67471584427022,174.75784301757812,38100,0.0,0.0
2015-04-13 00:00:00+09:00,173.12459920247397,173.94122467041015,170.67472279866536,171.49134826660156,23200,0.0,0.0
2015-04-14 00:00:00+09:00,171.49136668238148,236.8214111328125,171.49136668238148,236.8214111328125,2664000,0.0,0.0
2015-04-15 00:00:00+09:00,293.16854792414483,302.15142822265625,271.1196599187078,302.15142822265625,66874200,0.0,0.0
2015-04-16 00:00:00+09:00,314.40078130187123,315.2174067078501,273.5695110029269,288.2687683105469,20182500,0.0,0.0
2015-04-17 00:00:00+09:00,281.7357886592044,283.3690396079534,257.23702442796923,258.05364990234375,5786200,0.0,0.0
2015-04-20 00:00:00+09:00,251.520641052645,262.95339746412884,248.25413922079247,249.88739013671875,2570400,0.0,0.0
2015-04-21 00:00:00+09:00,252.337291143411,258.8702954448585,240.9045336158778,244.17103576660156,2689400,0.0,0.0
2015-04-22 00:00:00+09:00,276.8360620887534,281.7358154000588,244.98766556526851,252.33729553222656,7220400,0.0,0.0
2015-04-23 00:00:00+09:00,248.25413389463682,250.7040102159655,240.9045049306509,241.72113037109375,1560400,0.0,0.0
2015-04-24 00:00:00+09:00,241.72119100470294,255.60382697456762,238.4546884235583,248.2541961669922,1728300,0.0,0.0
2015-04-27 00:00:00+09:00,243.35438125197953,246.62088301375107,240.9045049306509,241.72113037109375,655800,0.0,0.0
2015-04-28 00:00:00+09:00,244.17101644907737,244.9876419221512,240.08788908370818,242.5377655029297,510300,0.0,0.0
2015-04-30 00:00:00+09:00,239.27121173712433,240.90446232918663,234.3714599609375,234.3714599609375,527500,0.0,0.0
2015-05-01 00:00:00+09:00,233.5548964790676,240.0879005763842,222.1221393087636,225.38864135742188,639300,0.0,0.0
2015-05-07 00:00:00+09:00,225.38858170459494,237.63796114506206,220.4888299284081,234.3714599609375,452800,0.0,0.0
2015-05-08 00:00:00+09:00,235.18816386183647,240.08791727562473,231.1050360170129,238.4546661376953,419600,0.0,0.0
2015-05-11 00:00:00+09:00,235.1881029665258,237.63797903909378,227.0218493912992,229.4717254638672,216200,0.0,0.0
2015-05-12 00:00:00+09:00,231.10496629987446,249.0707233973912,231.10496629987446,240.0878448486328,1229100,0.0,0.0
2015-05-13 00:00:00+09:00,241.72113182927154,243.35438272000985,236.0047537116874,239.27125549316406,356100,0.0,0.0
2015-05-14 00:00:00+09:00,236.00472832404847,236.82135368157114,227.83847474882188,229.4717254638672,368400,0.0,0.0
2015-05-15 00:00:00+09:00,229.47177237051505,231.92164894386576,216.40576397931136,220.4888916015625,340400,0.0,0.0
2015-05-18 00:00:00+09:00,217.22234982628802,227.0218543297296,214.77247370042764,219.67222595214844,294600,0.0,0.0
2015-05-19 00:00:00+09:00,219.67225241214595,222.93875430675035,217.22237599119265,218.03900146484375,248100,0.0,0.0
2015-05-20 00:00:00+09:00,218.03901502821182,222.12214265046296,217.22238950376158,220.4888916015625,195800,0.0,0.0
2015-05-21 00:00:00+09:00,218.85566332824249,220.48891454710997,215.58916089050751,217.222412109375,166100,0.0,0.0
2015-05-22 00:00:00+09:00,218.8556342179331,218.8556342179331,214.7725067138672,214.7725067138672,95500,0.0,0.0
2015-05-25 00:00:00+09:00,218.85561301491478,218.85561301491478,213.95586048473012,215.589111328125,137500,0.0,0.0
2015-05-26 00:00:00+09:00,218.03898759321734,220.48886385830968,213.95586048473012,215.589111328125,131400,0.0,0.0
2015-05-27 00:00:00+09:00,215.5891028771034,216.40572826678937,211.5059759286734,212.32260131835938,152400,0.0,0.0
2015-05-28 00:00:00+09:00,210.68936447870163,212.32261536613345,204.97298637269037,205.78961181640625,277300,0.0,0.0
2015-05-29 00:00:00+09:00,204.15634155273438,208.23946838378907,202.5230908203125,204.15634155273438,218500,0.0,0.0
2015-06-01 00:00:00+09:00,205.78960490226746,209.0561065673828,204.97297948598862,209.0561065673828,236100,0.0,0.0
2015-06-02 00:00:00+09:00,224.5720127236254,229.47176572850447,213.1392557122408,214.7725067138672,931100,0.0,0.0
2015-06-03 00:00:00+09:00,208.23947143554688,210.68934757008273,203.3397191664752,208.23947143554688,445500,0.0,0.0
2015-06-04 00:00:00+09:00,204.9729766845703,207.42285289992375,204.1563512794525,204.9729766845703,234100,0.0,0.0
2015-06-05 00:00:00+09:00,204.1563512794525,206.60622749480592,204.1563512794525,204.9729766845703,78100,0.0,0.0
2015-06-08 00:00:00+09:00,204.9729766845703,206.60622749480592,203.3397258743347,204.9729766845703,87600,0.0,0.0
2015-06-09 00:00:00+09:00,204.15635968818037,204.15635968818037,197.62335617815862,199.25660705566406,217500,0.0,0.0
2015-06-10 00:00:00+09:00,198.43998306717614,200.0732339566179,196.80673217773438,196.80673217773438,127100,0.0,0.0
2015-06-11 00:00:00+09:00,197.62337524910282,200.88987731933594,197.62337524910282,200.88987731933594,67000,0.0,0.0
2015-06-12 00:00:00+09:00,201.7065028368942,201.7065028368942,199.25662628421938,200.88987731933594,71300,0.0,0.0
2015-06-15 00:00:00+09:00,200.88987731933594,201.7065028368942,199.25662628421938,200.88987731933594,59200,0.0,0.0
2015-06-16 00:00:00+09:00,200.88986356758778,200.88986356758778,198.4399871826172,198.4399871826172,43800,0.0,0.0
2015-06-17 00:00:00+09:00,199.25660289417615,199.25660289417615,197.62335205078125,197.62335205078125,26900,0.0,0.0
2015-06-18 00:00:00+09:00,197.62336062167554,197.62336062167554,191.906982421875,191.906982421875,110200,0.0,0.0
2015-06-19 00:00:00+09:00,191.9069864780088,195.9901138498813,191.9069864780088,193.5402374267578,77900,0.0,0.0
2015-06-22 00:00:00+09:00,195.1734744324976,209.87273192113759,192.72359818439094,200.07322692871094,414300,0.0,0.0
2015-06-23 00:00:00+09:00,200.88984965898126,204.9729766845703,197.62334803851002,204.9729766845703,140400,0.0,0.0
2015-06-24 00:00:00+09:00,204.1563526276619,204.1563526276619,200.88985098561932,202.52310180664062,94700,0.0,0.0
2015-06-25 00:00:00+09:00,202.52311148892446,204.15636238802867,200.0732351402681,203.33973693847656,57800,0.0,0.0
2015-06-26 00:00:00+09:00,203.33973000266337,203.33973000266337,197.62335205078125,197.62335205078125,92500,0.0,0.0
2015-06-29 00:00:00+09:00,187.82384699041194,195.17347578568894,186.19059614701706,188.64047241210938,187000,0.0,0.0
2015-06-30 00:00:00+09:00,187.00723115329086,191.9069839345998,186.19060568973936,189.4571075439453,99800,0.0,0.0
2015-07-01 00:00:00+09:00,195.9901269154199,231.1050246544326,192.7236248001629,211.50601196289062,2451300,0.0,0.0
2015-07-02 00:00:00+09:00,207.42285025630017,212.32260262455924,204.97297407217064,209.8727264404297,468000,0.0,0.0
2015-07-03 00:00:00+09:00,206.60622749480592,209.05610371015936,204.1563512794525,204.9729766845703,194600,0.0,0.0
2015-07-06 00:00:00+09:00,206.60622749480592,206.60622749480592,204.1563512794525,204.9729766845703,151600,0.0,0.0
2015-07-07 00:00:00+09:00,204.9730066370081,220.4888916015625,204.9730066370081,220.4888916015625,144700,0.0,0.0
2015-07-08 00:00:00+09:00,216.40572204589844,217.22234741210937,204.15634155273438,204.15634155273438,249700,0.0,0.0
2015-07-09 00:00:00+09:00,201.70647915926847,201.70647915926847,184.55734530362216,197.62335205078125,238000,0.0,0.0
2015-07-10 00:00:00+09:00,197.62335617815862,199.25660705566406,195.99010530065317,199.25660705566406,72400,0.0,0.0
2015-07-13 00:00:00+09:00,199.256600164598,202.52310180664062,199.256600164598,202.52310180664062,35100,0.0,0.0
2015-07-14 00:00:00+09:00,203.33971618652345,204.9729669189453,200.88984008789063,204.15634155273438,89900,0.0,0.0
2015-07-15 00:00:00+09:00,204.9729851269331,204.9729851269331,199.25660705566406,199.25660705566406,49600,0.0,0.0
2015-07-16 00:00:00+09:00,199.25660705566406,199.25660705566406,195.99010530065317,199.25660705566406,68000,0.0,0.0
2015-07-17 00:00:00+09:00,199.25660705566406,200.07323249441677,192.72360354564228,199.25660705566406,56700,0.0,0.0
2015-07-21 00:00:00+09:00,201.70647776078204,201.70647776078204,198.4399760966398,200.07322692871094,41100,0.0,0.0
2015-07-22 00:00:00+09:00,199.25661264427407,200.07323810593093,198.4399871826172,198.4399871826172,27700,0.0,0.0
2015-07-23 00:00:00+09:00,198.43998161691133,200.8898579331695,197.62335617815862,199.25660705566406,27400,0.0,0.0
2015-07-24 00:00:00+09:00,198.43998306717614,200.8898594013388,196.80673217773438,196.80673217773438,42200,0.0,0.0
2015-07-27 00:00:00+09:00,197.623340524829,198.43996589889852,190.27371215820312,190.27371215820312,86800,0.0,0.0
2015-07-28 00:00:00+09:00,195.9901097074468,195.9901097074468,190.2737315076463,191.906982421875,100500,0.0,0.0
2015-07-29 00:00:00+09:00,191.9069629063422,192.72358828041175,189.45708678413357,190.27371215820312,47000,0.0,0.0
2015-07-30 00:00:00+09:00,190.27372460784272,195.17347717285156,189.45709918034126,195.17347717285156,163500,0.0,0.0
2015-07-31 00:00:00+09:00,195.17347717285156,195.99010260035303,192.72360089034714,195.17347717285156,60000,0.0,0.0
2015-08-03 00:00:00+09:00,195.99010820148374,195.99010820148374,191.09035549644665,194.3568572998047,37700,0.0,0.0
2015-08-04 00:00:00+09:00,191.906982421875,193.54023333610374,191.09035696476064,191.906982421875,30100,0.0,0.0
2015-08-05 00:00:00+09:00,191.9070033538036,191.9070033538036,190.2737522614308,191.0903778076172,47700,0.0,0.0
2015-08-06 00:00:00+09:00,189.45710605053193,191.906982421875,189.45710605053193,191.906982421875,47400,0.0,0.0
2015-08-07 00:00:00+09:00,185.37397352430554,186.19059895833334,181.29084635416666,183.74072265625,358900,0.0,0.0
2015-08-10 00:00:00+09:00,181.2908408916102,185.37396793871855,181.2908408916102,184.55734252929688,53400,0.0,0.0
2015-08-11 00:00:00+09:00,186.19060164741848,187.8238525390625,184.55735075577448,187.8238525390625,54300,0.0,0.0
2015-08-12 00:00:00+09:00,186.19059334814023,187.82384416698355,183.7407171198752,184.55734252929688,71400,0.0,0.0
2015-08-13 00:00:00+09:00,182.92409722222223,184.55734809027777,182.10747178819443,183.74072265625,32000,0.0,0.0
2015-08-14 00:00:00+09:00,184.5573537009103,184.5573537009103,182.10747732434953,182.92410278320312,19200,0.0,0.0
2015-08-17 00:00:00+09:00,181.29083804307479,182.10746343966522,176.39108566353224,180.47421264648438,148200,0.0,0.0
2015-08-18 00:00:00+09:00,181.2908574262542,183.74073387796034,180.47423194235216,182.10748291015625,30600,0.0,0.0
2015-08-19 00:00:00+09:00,180.47421819513497,182.92409446022728,178.84096735174006,179.6575927734375,24900,0.0,0.0
2015-08-20 00:00:00+09:00,175.5744684522397,178.02434475622445,173.94121758291655,174.75784301757812,162400,0.0,0.0
2015-08-21 00:00:00+09:00,173.12459920247397,176.39110107421877,171.49134826660156,171.49134826660156,181300,0.0,0.0
2015-08-24 00:00:00+09:00,166.59162354864466,169.8581259711671,147.80923461914062,147.80923461914062,253200,0.0,0.0
2015-08-25 00:00:00+09:00,137.19304596975948,159.24192835775654,136.37642069612997,145.3592987060547,284200,0.0,0.0
2015-08-26 00:00:00+09:00,144.54271782769098,155.9754751699942,144.54271782769098,154.34222412109375,177300,0.0,0.0
2015-08-27 00:00:00+09:00,151.07571652061063,159.24197146767065,151.07571652061063,155.15884399414062,152100,0.0,0.0
2015-08-28 00:00:00+09:00,156.7921142578125,163.3251190185547,156.7921142578125,163.3251190185547,120100,0.0,0.0
2015-08-31 00:00:00+09:00,164.1417236328125,165.7749746142335,162.5084726513915,164.1417236328125,55200,0.0,0.0
2015-09-01 00:00:00+09:00,164.14168532853273,164.9583106286747,158.42530822753906,158.42530822753906,92100,0.0,0.0
2015-09-02 00:00:00+09:00,155.97545830408734,160.0585854848226,154.3422074317932,156.79208374023438,44900,0.0,0.0
2015-09-03 00:00:00+09:00,156.79210069444446,160.8752283166956,154.34222412109375,154.34222412109375,33000,0.0,0.0
2015-09-04 00:00:00+09:00,156.79209413633242,156.79209413633242,148.62583923339844,148.62583923339844,69800,0.0,0.0
2015-09-07 00:00:00+09:00,148.62583516438804,149.4424606323242,146.17595876057942,146.99258422851562,62400,0.0,0.0
2015-09-08 00:00:00+09:00,148.62582104354254,150.2590718242408,144.54269409179688,144.54269409179688,38800,0.0,0.0
2015-09-09 00:00:00+09:00,150.25908949461626,157.6087188720703,148.6258385218487,157.6087188720703,83900,0.0,0.0
2015-09-10 00:00:00+09:00,153.52559300472862,157.60872047825865,152.70896751002263,155.15884399414062,32700,0.0,0.0
2015-09-11 00:00:00+09:00,157.6086926582532,160.0585687099359,155.15881660657053,159.241943359375,71900,0.0,0.0
2015-09-14 00:00:00+09:00,157.608699379167,158.42532476455128,155.97544860839844,155.97544860839844,20600,0.0,0.0
2015-09-15 00:00:00+09:00,156.79208374023438,164.14171266555786,155.97545830408734,156.79208374023438,26400,0.0,0.0
2015-09-16 00:00:00+09:00,157.60871635599338,157.60871635599338,152.70896351591068,153.5255889892578,29300,0.0,0.0
2015-09-17 00:00:00+09:00,153.52559300472862,155.15884399414062,152.70896751002263,155.15884399414062,36700,0.0,0.0
2015-09-18 00:00:00+09:00,155.97545554421166,158.425331809304,152.70895385742188,152.70895385742188,106900,0.0,0.0
2015-09-24 00:00:00+09:00,151.07573704166307,152.70898825292429,147.80923461914062,147.80923461914062,54400,0.0,0.0
2015-09-25 00:00:00+09:00,148.62582812101945,150.2590789794922,146.99257726254672,150.2590789794922,54000,0.0,0.0
2015-09-28 00:00:00+09:00,149.44248583040184,150.25911143603244,146.99260901351002,147.80923461914062,32100,0.0,0.0
2015-09-29 00:00:00+09:00,148.62582104354254,148.62582104354254,143.72606870144773,144.54269409179688,60000,0.0,0.0
2015-09-30 00:00:00+09:00,145.3592987060547,146.99254925331374,144.54267343242518,145.3592987060547,54300,0.0,0.0
2015-10-01 00:00:00+09:00,146.9925745106276,151.07570158036728,145.35932368273174,146.1759490966797,43500,0.0,0.0
2015-10-02 00:00:00+09:00,150.25911143603244,150.25911143603244,146.1759834078794,147.80923461914062,31800,0.0,0.0
2015-10-05 00:00:00+09:00,149.44245762978832,154.3422103389617,149.44245762978832,151.892333984375,60800,0.0,0.0
2015-10-06 00:00:00+09:00,153.52559144015137,166.59159922229193,152.7089659537676,157.6087188720703,311000,0.0,0.0
2015-10-07 00:00:00+09:00,151.07570568720502,158.4253346125285,149.4424548149109,156.79208374023438,332700,0.0,0.0
2015-10-08 00:00:00+09:00,155.97544860839844,159.24195014993558,153.52557245224557,155.97544860839844,107900,0.0,0.0
2015-10-09 00:00:00+09:00,156.7920809659091,161.69183349609375,155.15883012251422,161.69183349609375,193800,0.0,0.0
2015-10-13 00:00:00+09:00,160.05859533122165,160.05859533122165,156.7920933856865,157.6087188720703,75500,0.0,0.0
2015-10-14 00:00:00+09:00,156.7920809659091,156.7920809659091,152.70895385742188,152.70895385742188,115400,0.0,0.0
2015-10-15 00:00:00+09:00,151.892333984375,151.892333984375,148.6258321782594,151.892333984375,177900,0.0,0.0
2015-10-16 00:00:00+09:00,151.89235099417263,152.70897653715207,148.62584882225494,149.44247436523438,148800,0.0,0.0
2015-10-19 00:00:00+09:00,151.89232843572444,154.34220470081678,150.25907759232956,152.70895385742188,113700,0.0,0.0
2015-10-20 00:00:00+09:00,151.892333984375,155.1588357904906,151.0757085328461,151.892333984375,69900,0.0,0.0
2015-10-21 00:00:00+09:00,152.70896351591068,154.34221446260491,151.89233804256358,153.5255889892578,92500,0.0,0.0
2015-10-22 00:00:00+09:00,152.70896351591068,155.15883993595205,152.70896351591068,153.5255889892578,85900,0.0,0.0
2015-10-23 00:00:00+09:00,154.34222412109375,155.9754751699942,153.52559859664353,154.34222412109375,123500,0.0,0.0
2015-10-26 00:00:00+09:00,154.34221446260491,155.15883993595205,153.5255889892578,153.5255889892578,34400,0.0,0.0
2015-10-27 00:00:00+09:00,153.5255889892578,154.34221446260491,152.70896351591068,153.5255889892578,42600,0.0,0.0
2015-10-28 00:00:00+09:00,154.34222412109375,154.34222412109375,152.7089730721933,154.34222412109375,54100,0.0,0.0
2015-10-29 00:00:00+09:00,154.34222412109375,155.158849645544,152.7089730721933,154.34222412109375,43400,0.0,0.0
2015-10-30 00:00:00+09:00,153.5255889892578,155.15883993595205,152.70896351591068,153.5255889892578,63000,0.0,0.0
2015-11-02 00:00:00+09:00,154.34222412109375,154.34222412109375,153.52559859664353,154.34222412109375,43700,0.0,0.0
2015-11-04 00:00:00+09:00,155.15883993595205,155.97546540929915,152.70896351591068,153.5255889892578,99400,0.0,0.0
2015-11-05 00:00:00+09:00,153.5255889892578,154.34221446260491,152.70896351591068,153.5255889892578,65300,0.0,0.0
2015-11-06 00:00:00+09:00,151.892333984375,153.5255848874328,151.892333984375,151.892333984375,78000,0.0,0.0
2015-11-09 00:00:00+09:00,153.52559859664353,154.34222412109375,152.7089730721933,154.34222412109375,64000,0.0,0.0
2015-11-10 00:00:00+09:00,151.0757085328461,153.5255848874328,151.0757085328461,151.892333984375,76400,0.0,0.0
2015-11-11 00:00:00+09:00,152.70895385742188,154.34220470081678,152.70895385742188,152.70895385742188,38600,0.0,0.0
2015-11-12 00:00:00+09:00,153.52559859664353,155.9754751699942,153.52559859664353,154.34222412109375,106700,0.0,0.0
2015-11-13 00:00:00+09:00,152.70895385742188,154.34220470081678,151.89232843572444,152.70895385742188,64600,0.0,0.0
2015-11-16 00:00:00+09:00,151.89232843572444,154.34220470081678,151.89232843572444,152.70895385742188,36300,0.0,0.0
2015-11-17 00:00:00+09:00,154.34221446260491,155.15883993595205,153.5255889892578,153.5255889892578,38700,0.0,0.0
2015-11-18 00:00:00+09:00,153.5255889892578,154.34221446260491,152.70896351591068,153.5255889892578,25600,0.0,0.0
2015-11-19 00:00:00+09:00,154.34221849943464,155.97546948884664,154.34221849943464,155.15884399414062,60500,0.0,0.0
2015-11-20 00:00:00+09:00,156.79209498355263,157.60872047825865,155.15884399414062,155.15884399414062,93900,0.0,0.0
2015-11-24 00:00:00+09:00,155.9754648639928,162.5084686279297,155.9754648639928,162.5084686279297,229200,0.0,0.0
2015-11-25 00:00:00+09:00,162.50846452277324,164.95834087236278,159.2419627233205,160.87521362304688,376400,0.0,0.0
2015-11-26 00:00:00+09:00,160.87521547259706,165.85073760061553,160.87521547259706,164.19223022460938,204100,3.0,0.0
2015-11-27 00:00:00+09:00,165.85072052784454,165.85072052784454,161.70445251464844,161.70445251464844,76400,0.0,0.0
2015-11-30 00:00:00+09:00,163.36298975178613,163.36298975178613,158.38746722127487,160.0459747314453,120200,0.0,0.0
2015-12-01 00:00:00+09:00,160.87521362304688,161.7044673015162,158.38745258763893,160.87521362304688,84700,0.0,0.0
2015-12-02 00:00:00+09:00,160.87521362304688,161.7044673015162,160.04595994457756,160.87521362304688,59400,0.0,0.0
2015-12-03 00:00:00+09:00,160.87521592336685,165.021484375,160.87521592336685,165.021484375,65100,0.0,0.0
2015-12-04 00:00:00+09:00,163.3629597199269,163.3629597199269,160.8751989120092,161.70445251464844,61300,0.0,0.0
2015-12-07 00:00:00+09:00,165.02149846602458,165.02149846602458,161.70448342148137,162.5337371826172,42600,0.0,0.0
2015-12-08 00:00:00+09:00,162.5337209799855,163.36297465845482,160.04595994457756,160.87521362304688,44500,0.0,0.0
2015-12-09 00:00:00+09:00,160.8751989120092,161.70445251464844,160.04594530936998,161.70445251464844,29400,0.0,0.0
2015-12-10 00:00:00+09:00,160.04595851398886,160.8752121850458,157.55819750081807,158.387451171875,115000,0.0,0.0
2015-12-11 00:00:00+09:00,157.5581979751587,159.21670532226562,157.5581979751587,159.21670532226562,77100,0.0,0.0
2015-12-14 00:00:00+09:00,156.72895772406395,159.21671895777925,154.24119649034864,155.8997039794922,103200,0.0,0.0
2015-12-15 00:00:00+09:00,155.89968773626512,155.89968773626512,154.24118041992188,154.24118041992188,55400,0.0,0.0
2015-12-16 00:00:00+09:00,155.0704340780935,155.89968773626512,154.24118041992188,154.24118041992188,32900,0.0,0.0
2015-12-17 00:00:00+09:00,155.89968920510913,157.55819653707837,155.0704355391245,156.72894287109375,65000,0.0,0.0
2015-12-18 00:00:00+09:00,156.7289403832477,156.7289403832477,150.92416481349778,152.58267211914062,135500,0.0,0.0
2015-12-21 00:00:00+09:00,151.7534164428711,151.7534164428711,149.26565551757812,149.26565551757812,107500,0.0,0.0
2015-12-22 00:00:00+09:00,149.2656544888957,149.2656544888957,147.60714721679688,147.60714721679688,79300,0.0,0.0
2015-12-24 00:00:00+09:00,147.60715888528262,147.60715888528262,140.97312927246094,140.97312927246094,177400,0.0,0.0
2015-12-25 00:00:00+09:00,140.97312927246094,140.97312927246094,140.97312927246094,140.97312927246094,0,0.0,0.0
2015-12-28 00:00:00+09:00,140.97314661199397,146.7779232371937,140.97314661199397,145.94866943359375,46100,0.0,0.0
2015-12-29 00:00:00+09:00,146.77791001124936,150.92417865563493,146.77791001124936,150.0949249267578,50700,0.0,0.0
2015-12-30 00:00:00+09:00,150.09490915934245,152.58267008463542,149.26565551757812,149.26565551757812,57300,0.0,0.0
2016-01-04 00:00:00+09:00,150.92416280110677,152.58267008463542,148.4364018758138,149.26565551757812,87700,0.0,0.0
2016-01-05 00:00:00+09:00,147.60714823404948,152.58267008463542,147.60714823404948,149.26565551757812,47500,0.0,0.0
2016-01-06 00:00:00+09:00,150.0949249267578,151.75343238451205,149.2656711978807,150.0949249267578,48100,0.0,0.0
2016-01-07 00:00:00+09:00,149.26565396583686,149.26565396583686,145.11938580011918,146.77789306640625,57900,0.0,0.0
2016-01-08 00:00:00+09:00,145.94863839285716,148.4363992745536,143.46087751116073,145.119384765625,43300,0.0,0.0
2016-01-12 00:00:00+09:00,145.11937980192255,145.11937980192255,137.65609741210938,137.65609741210938,94500,0.0,0.0
2016-01-13 00:00:00+09:00,140.14384646748388,142.63160705566406,140.14384646748388,142.63160705566406,22900,0.0,0.0
2016-01-14 00:00:00+09:00,134.33909653739696,136.82685758438578,131.85133549040813,135.16835021972656,202900,0.0,0.0
2016-01-15 00:00:00+09:00,135.16833382363643,139.31460173233694,133.50982666015625,133.50982666015625,166400,0.0,0.0
2016-01-18 00:00:00+09:00,128.53432420012237,131.85133901819006,126.87581679108854,127.70507049560547,130700,0.0,0.0
2016-01-19 00:00:00+09:00,131.85131659874548,131.85131659874548,126.87579521766075,129.36355590820312,56700,0.0,0.0
2016-01-20 00:00:00+09:00,130.19285238605656,130.19285238605656,120.2418063438102,121.07106018066406,100100,0.0,0.0
2016-01-21 00:00:00+09:00,126.87582664489746,126.87582664489746,116.09552764892578,116.09552764892578,82300,0.0,0.0
2016-01-22 00:00:00+09:00,120.24178498543348,123.55879974365234,117.75402391676934,123.55879974365234,55600,0.0,0.0
2016-01-25 00:00:00+09:00,126.04656308657162,127.70507049560547,125.21730938205471,127.70507049560547,36400,0.0,0.0
2016-01-26 00:00:00+09:00,126.04656081231649,126.04656081231649,122.72954605409763,123.55879974365234,34000,0.0,0.0
2016-01-27 00:00:00+09:00,124.38804776060815,128.5343160192951,123.55879410887076,126.87580871582031,56000,0.0,0.0
2016-01-28 00:00:00+09:00,126.04655604208669,129.3635706747732,123.55879506757182,128.53431701660156,52200,0.0,0.0
2016-01-29 00:00:00+09:00,137.65610212053573,158.3874428013393,134.33908761160714,145.119384765625,3710900,0.0,0.0
2016-02-01 00:00:00+09:00,147.60716374012648,150.92417865563493,144.290148824618,150.0949249267578,477500,0.0,0.0
2016-02-02 00:00:00+09:00,147.6071770407937,149.2656846479936,145.1194156299938,145.94866943359375,156200,0.0,0.0
2016-02-03 00:00:00+09:00,144.29014361680612,144.29014361680612,137.65611402522882,140.1438751220703,127200,0.0,0.0
2016-02-04 00:00:00+09:00,137.65612718535633,139.3146347418064,135.99761962890625,135.99761962890625,115200,0.0,0.0
2016-02-05 00:00:00+09:00,135.99760197093653,135.99760197093653,130.19282627705508,131.85133361816406,89200,0.0,0.0
2016-02-08 00:00:00+09:00,127.70506526539161,132.68058728871856,126.04655792428262,131.85133361816406,105200,0.0,0.0
2016-02-09 00:00:00+09:00,128.53430658976237,130.19281377156577,123.55878504435222,124.3880386352539,99900,0.0,0.0
2016-02-10 00:00:00+09:00,124.38806653856396,126.04657409241149,116.09552876932636,118.58329010009766,113300,0.0,0.0
2016-02-12 00:00:00+09:00,112.7784926194411,114.43699986384465,106.97371726402869,107.80297088623047,175900,0.0,0.0
2016-02-15 00:00:00+09:00,111.94924361414189,115.26625823974611,110.29073630133979,115.2662582397461,83700,0.0,0.0
2016-02-16 00:00:00+09:00,113.6077597174846,121.9002969231404,113.6077597174846,117.7540283203125,75700,0.0,0.0
2016-02-17 00:00:00+09:00,116.92476555254821,119.41252652175136,114.43700458334504,115.2662582397461,76500,0.0,0.0
2016-02-18 00:00:00+09:00,116.92478254625013,121.90030520779268,114.43702121547885,118.58329010009766,196300,0.0,0.0
2016-02-19 00:00:00+09:00,117.75402020393534,117.75402020393534,116.09551287711935,116.92476654052734,53300,0.0,0.0
2016-02-22 00:00:00+09:00,116.92477459974693,117.7540283203125,116.09552087918134,117.7540283203125,55800,0.0,0.0
2016-02-23 00:00:00+09:00,119.41254272460937,120.24179649353027,116.09552764892578,116.09552764892578,46900,0.0,0.0
2016-02-24 00:00:00+09:00,114.43700458334504,116.09551189614716,113.607750926944,115.2662582397461,62300,0.0,0.0
2016-02-25 00:00:00+09:00,117.75402020393534,118.58327386734334,116.09551287711935,116.92476654052734,41400,0.0,0.0
2016-02-26 00:00:00+09:00,116.92476654052734,118.58327386734334,116.09551287711935,116.92476654052734,34600,0.0,0.0
2016-02-29 00:00:00+09:00,119.41253345043629,144.29014458594384,118.58327974591936,127.70507049560547,2209000,0.0,0.0
2016-03-01 00:00:00+09:00,123.5587855964307,128.5343071640722,122.72953200182377,125.21729278564453,294300,0.0,0.0
2016-03-02 00:00:00+09:00,128.53435441067344,128.53435441067344,125.21733881297865,126.04659271240234,138800,0.0,0.0
2016-03-03 00:00:00+09:00,126.87580970025832,129.3635706747732,126.04655604208669,128.53431701660156,129800,0.0,0.0
2016-03-04 00:00:00+09:00,127.70504878117488,129.36355590820312,126.04654165414664,129.36355590820312,106700,0.0,0.0
2016-03-07 00:00:00+09:00,131.85133361816406,132.68058728871856,126.87581159483712,131.85133361816406,179500,0.0,0.0
2016-03-08 00:00:00+09:00,131.85134849065466,132.68060225474682,129.36358719837816,131.0220947265625,96700,0.0,0.0
2016-03-09 00:00:00+09:00,130.19282332276987,130.19282332276987,126.04655506408292,126.87580871582031,97500,0.0,0.0
2016-03-10 00:00:00+09:00,128.534302344689,130.19280947171725,127.70504878117488,129.36355590820312,49500,0.0,0.0
2016-03-11 00:00:00+09:00,129.36360197613953,130.19285583496094,127.70509425849671,130.19285583496094,60600,0.0,0.0
2016-03-14 00:00:00+09:00,130.19285583496094,131.02210969378234,129.36360197613953,130.19285583496094,71000,0.0,0.0
2016-03-15 00:00:00+09:00,130.19285583496094,131.02210969378234,130.19285583496094,130.19285583496094,62200,0.0,0.0
2016-03-16 00:00:00+09:00,131.02206303523138,131.02206303523138,128.534302344689,129.36355590820312,38900,0.0,0.0
2016-03-17 00:00:00+09:00,130.19285583496094,131.85136355260374,129.36360197613953,130.19285583496094,64900,0.0,0.0
2016-03-18 00:00:00+09:00,129.3635779046393,129.3635779046393,126.87581679108854,127.70507049560547,56100,0.0,0.0
2016-03-22 00:00:00+09:00,128.534333434286,131.0220947265625,127.70507967019383,131.0220947265625,44600,0.0,0.0
2016-03-23 00:00:00+09:00,130.19285583496094,131.02210969378234,129.36360197613953,130.19285583496094,18100,0.0,0.0
2016-03-24 00:00:00+09:00,130.1928243329448,130.1928243329448,128.53431701660156,128.53431701660156,32000,0.0,0.0
2016-03-25 00:00:00+09:00,129.36355590820312,130.19280947171725,126.04654165414664,129.36355590820312,61500,0.0,0.0
2016-03-28 00:00:00+09:00,129.36355590820312,130.19280947171725,127.70504878117488,129.36355590820312,51900,0.0,0.0
2016-03-29 00:00:00+09:00,129.36355590820312,129.36355590820312,127.70504878117488,129.36355590820312,55100,0.0,0.0
2016-03-30 00:00:00+09:00,129.36360197613953,131.85136355260374,129.36360197613953,130.19285583496094,99500,0.0,0.0
2016-03-31 00:00:00+09:00,130.19280947171725,131.85131659874548,129.36355590820312,129.36355590820312,83400,0.0,0.0
2016-04-01 00:00:00+09:00,127.7050623675577,128.5343160192951,126.87580871582031,126.87580871582031,97300,0.0,0.0
2016-04-04 00:00:00+09:00,126.04654638025144,128.5343071640722,123.5587855964307,125.21729278564453,176400,0.0,0.0
2016-04-05 00:00:00+09:00,124.38807520373113,124.38807520373113,120.24180603027344,120.24180603027344,143700,0.0,0.0
2016-04-06 00:00:00+09:00,119.41253576144366,119.41253576144366,114.43701343805017,117.7540283203125,117800,0.0,0.0
2016-04-07 00:00:00+09:00,117.7540283203125,118.58328204087809,116.92477459974693,117.7540283203125,28800,0.0,0.0
2016-04-08 00:00:00+09:00,116.09549946255154,120.2417673004998,116.09549946255154,119.41251373291016,63600,0.0,0.0
2016-04-11 00:00:00+09:00,119.41253576144366,119.41253576144366,116.09552087918134,117.7540283203125,44900,0.0,0.0
2016-04-12 00:00:00+09:00,117.7540283203125,119.41253576144366,117.7540283203125,117.7540283203125,34200,0.0,0.0
2016-04-13 00:00:00+09:00,119.4125521955819,120.24180603027344,118.58329836089035,120.24180603027344,82200,0.0,0.0
2016-04-14 00:00:00+09:00,121.07103018209236,123.55879107624494,120.24177655070817,121.90028381347656,125700,0.0,0.0
2016-04-15 00:00:00+09:00,121.07106018066406,122.7295678543718,120.2418063438102,121.07106018066406,55500,0.0,0.0
2016-04-18 00:00:00+09:00,118.58329836089035,121.07105986496497,118.58329836089035,120.24180603027344,70100,0.0,0.0
2016-04-19 00:00:00+09:00,120.24179200868349,122.72955322265625,119.41253827069256,122.72955322265625,60900,0.0,0.0
2016-04-20 00:00:00+09:00,121.9002923645429,124.38805343320705,121.0710386749882,123.55879974365234,86900,0.0,0.0
2016-04-21 00:00:00+09:00,124.3880391910376,125.21729278564453,124.3880391910376,125.21729278564453,62400,0.0,0.0
2016-04-22 00:00:00+09:00,124.3880391910376,125.21729278564453,122.72953200182377,125.21729278564453,60000,0.0,0.0
2016-04-25 00:00:00+09:00,124.3880386352539,124.3880386352539,122.72953145345052,124.3880386352539,38300,0.0,0.0
2016-04-26 00:00:00+09:00,123.55880696064717,124.38806069863809,121.90029948466533,122.72955322265625,49000,0.0,0.0
2016-04-27 00:00:00+09:00,122.72953744486075,122.72953744486075,121.90028381347656,121.90028381347656,33400,0.0,0.0
2016-04-28 00:00:00+09:00,122.72956753434805,123.55882136903959,120.24180603027344,120.24180603027344,77100,0.0,0.0
2016-05-02 00:00:00+09:00,118.58329010009766,119.4125438770214,117.75403632317389,118.58329010009766,76700,0.0,0.0
2016-05-06 00:00:00+09:00,118.58329010009766,118.58329010009766,116.09552876932636,118.58329010009766,34400,0.0,0.0
2016-05-09 00:00:00+09:00,118.58329010009766,120.24179765394517,117.75403632317389,118.58329010009766,28300,0.0,0.0
2016-05-10 00:00:00+09:00,120.24177655070817,123.55879107624494,119.41252291932398,121.90028381347656,51500,0.0,0.0
2016-05-11 00:00:00+09:00,121.07104574667441,123.55880696064717,120.24179200868349,122.72955322265625,45200,0.0,0.0
2016-05-12 00:00:00+09:00,121.90028381347656,121.90028381347656,120.24177655070817,121.90028381347656,36200,0.0,0.0
2016-05-13 00:00:00+09:00,121.07105986496497,121.90031369965651,120.24180603027344,120.24180603027344,60000,0.0,0.0
2016-05-16 00:00:00+09:00,120.24178948200924,120.24178948200924,117.7540283203125,117.7540283203125,41000,0.0,0.0
2016-05-17 00:00:00+09:00,118.58329010009766,118.58329010009766,116.09552876932636,118.58329010009766,79500,0.0,0.0
2016-05-18 00:00:00+09:00,117.75403632317389,118.58329010009766,116.09552876932636,118.58329010009766,71400,0.0,0.0
2016-05-19 00:00:00+09:00,117.7540283203125,118.58328204087809,117.7540283203125,117.7540283203125,53700,0.0,0.0
2016-05-20 00:00:00+09:00,117.75400659773085,119.41251373291016,117.75400659773085,119.41251373291016,78700,0.0,0.0
2016-05-23 00:00:00+09:00,119.4125438770214,119.4125438770214,117.75403632317389,118.58329010009766,36700,0.0,0.0
2016-05-24 00:00:00+09:00,118.58329010009766,120.24179765394517,117.75403632317389,118.58329010009766,142200,0.0,0.0
2016-05-25 00:00:00+09:00,120.24180603027344,123.55882136903959,118.58329836089035,120.24180603027344,132700,0.0,0.0
2016-05-26 00:00:00+09:00,121.07105143086893,121.07105143086893,118.58329010009766,118.58329010009766,75200,0.0,0.0
2016-05-27 00:00:00+09:00,119.41252753075133,119.41252753075133,116.09551287711935,116.92476654052734,122800,0.0,0.0
2016-05-30 00:00:00+09:00,117.75403632317389,118.58329010009766,116.92478254625013,118.58329010009766,69400,0.0,0.0
2016-05-31 00:00:00+09:00,118.58329010009766,120.24179765394517,118.58329010009766,118.58329010009766,117500,0.0,0.0
2016-06-01 00:00:00+09:00,118.58328204087809,119.41253576144366,117.7540283203125,117.7540283203125,39300,0.0,0.0
2016-06-02 00:00:00+09:00,117.75402020393534,118.58327386734334,116.92476654052734,116.92476654052734,37600,0.0,0.0
2016-06-03 00:00:00+09:00,116.92477459974693,119.41253576144366,116.92477459974693,117.7540283203125,26400,0.0,0.0
2016-06-06 00:00:00+09:00,116.92476654052734,117.75402020393534,116.09551287711935,116.92476654052734,34200,0.0,0.0
2016-06-07 00:00:00+09:00,116.92476654052734,117.75402020393534,116.09551287711935,116.92476654052734,22400,0.0,0.0
2016-06-08 00:00:00+09:00,117.75402020393534,118.58327386734334,116.09551287711935,116.92476654052734,45800,0.0,0.0
2016-06-09 00:00:00+09:00,116.09551287711935,117.75402020393534,115.26625921371135,116.92476654052734,62400,0.0,0.0
2016-06-10 00:00:00+09:00,119.41252753075133,119.41252753075133,116.09551287711935,116.92476654052734,50400,0.0,0.0
2016-06-13 00:00:00+09:00,116.09551037059111,116.09551037059111,112.77849578857422,112.77849578857422,71000,0.0,0.0
2016-06-14 00:00:00+09:00,112.7784870204641,114.43699418252974,110.29072627736562,111.11997985839844,75500,0.0,0.0
2016-06-15 00:00:00+09:00,110.29072627736562,112.7784870204641,110.29072627736562,111.11997985839844,45400,0.0,0.0
2016-06-16 00:00:00+09:00,111.11999072265625,112.778498046875,100.33969311523438,103.65670776367188,139900,0.0,0.0
2016-06-17 00:00:00+09:00,104.48595639742337,107.80297088623047,104.48595639742337,107.80297088623047,34700,0.0,0.0
2016-06-20 00:00:00+09:00,107.80297088623047,111.11998537503756,106.97371726402869,107.80297088623047,48600,0.0,0.0
2016-06-21 00:00:00+09:00,107.80298205389492,122.72954879981884,106.97372834578805,114.43701171875,650000,0.0,0.0
2016-06-22 00:00:00+09:00,114.43700307958267,114.43700307958267,109.46148120655734,112.77849578857422,123200,0.0,0.0
2016-06-23 00:00:00+09:00,110.29074938738788,111.94925689697266,108.6322418778031,111.94925689697266,34200,0.0,0.0
2016-06-24 00:00:00+09:00,111.94925308227539,112.77850680881076,98.68119345770941,104.48596954345703,211600,0.0,0.0
2016-06-27 00:00:00+09:00,103.65671581692165,106.14447699652777,101.16895463731554,104.48596954345703,63400,0.0,0.0
2016-06-28 00:00:00+09:00,102.82745361328125,104.4859609296245,101.168946296938,102.82745361328125,65100,0.0,0.0
2016-06-29 00:00:00+09:00,106.14447021484375,108.63223123550415,102.82745552062988,106.14447021484375,75200,0.0,0.0
2016-06-30 00:00:00+09:00,106.14446364182692,111.11998537503756,106.14446364182692,107.80297088623047,100300,0.0,0.0
2016-07-01 00:00:00+09:00,103.65671581692165,107.80298444959851,103.65671581692165,104.48596954345703,97100,0.0,0.0
2016-07-04 00:00:00+09:00,105.31521654129028,106.97372388839722,104.48596286773682,106.14447021484375,45200,0.0,0.0
2016-07-05 00:00:00+09:00,106.14447021484375,106.97372388839722,104.48596286773682,106.14447021484375,32300,0.0,0.0
2016-07-06 00:00:00+09:00,104.48596239465428,106.14446973425197,103.65670872485543,105.31521606445312,29100,0.0,0.0
2016-07-07 00:00:00+09:00,105.31521001962514,107.80297088623047,105.31521001962514,107.80297088623047,35600,0.0,0.0
2016-07-08 00:00:00+09:00,107.80297756195068,107.80297756195068,105.31521654129028,106.14447021484375,41000,0.0,0.0
2016-07-11 00:00:00+09:00,106.14447021484375,106.14447021484375,106.14447021484375,106.14447021484375,0,0.0,0.0
2016-07-12 00:00:00+09:00,110.29072627736562,113.60774060149691,109.46147269633279,111.11997985839844,227800,0.0,0.0
2016-07-13 00:00:00+09:00,111.12000193740383,111.94925568320535,108.63224069999927,109.46149444580078,47100,0.0,0.0
2016-07-14 00:00:00+09:00,108.63224069999927,110.2907481916023,108.63224069999927,109.46149444580078,21800,0.0,0.0
2016-07-15 00:00:00+09:00,109.461478130634,110.29073175283578,107.80297088623047,107.80297088623047,47100,0.0,0.0
2016-07-19 00:00:00+09:00,107.80298734966077,110.2907485961914,107.80298734966077,110.2907485961914,34800,0.0,0.0
2016-07-20 00:00:00+09:00,109.46149484734786,110.2907485961914,108.63224109850432,110.2907485961914,15000,0.0,0.0
2016-07-21 00:00:00+09:00,110.2907485961914,111.12000234503495,108.63224109850432,110.2907485961914,65200,0.0,0.0
2016-07-22 00:00:00+09:00,108.63224109850432,110.2907485961914,108.63224109850432,110.2907485961914,85900,0.0,0.0
2016-07-25 00:00:00+09:00,111.11997985839844,111.94923343943127,110.29072627736562,111.11997985839844,33100,0.0,0.0
2016-07-26 00:00:00+09:00,110.29073228908858,111.11998591532233,108.6322250366211,108.6322250366211,73200,0.0,0.0
2016-07-27 00:00:00+09:00,108.6322250366211,110.29073228908858,108.6322250366211,108.6322250366211,64600,0.0,0.0
2016-07-28 00:00:00+09:00,108.6322250366211,109.46147866285483,106.97371778415359,108.6322250366211,67700,0.0,0.0
2016-07-29 00:00:00+09:00,106.9737319946289,109.46149320380633,106.14447825823643,106.9737319946289,52000,0.0,0.0
2016-08-01 00:00:00+09:00,106.14447021484375,107.80297756195068,106.14447021484375,106.14447021484375,45900,0.0,0.0
2016-08-02 00:00:00+09:00,106.97371778415359,109.46147866285483,106.97371778415359,108.6322250366211,84200,0.0,0.0
2016-08-03 00:00:00+09:00,106.97371726402869,107.80297088623047,106.97371726402869,107.80297088623047,22900,0.0,0.0
2016-08-04 00:00:00+09:00,108.63224109850432,111.12000234503495,107.80298734966077,110.2907485961914,95300,0.0,0.0
2016-08-05 00:00:00+09:00,109.46148169301722,116.09551088653342,109.46148169301722,113.60774993896484,380300,0.0,0.0
2016-08-08 00:00:00+09:00,116.09551088653342,116.09551088653342,111.11998899139627,113.60774993896484,128300,0.0,0.0
2016-08-09 00:00:00+09:00,113.60774943407844,113.60774943407844,111.11998849756577,112.77849578857422,31400,0.0,0.0
2016-08-10 00:00:00+09:00,111.94923343943127,111.94923343943127,110.29072627736562,111.11997985839844,37500,0.0,0.0
2016-08-12 00:00:00+09:00,109.46149563259549,112.77851065176505,109.46149563259549,111.94925689697266,54000,0.0,0.0
2016-08-15 00:00:00+09:00,110.29072627736562,111.94923343943127,110.29072627736562,111.11997985839844,24800,0.0,0.0
2016-08-16 00:00:00+09:00,110.2907485961914,111.12000234503495,110.2907485961914,110.2907485961914,21800,0.0,0.0
2016-08-17 00:00:00+09:00,109.46147866285483,110.29073228908858,107.80297141038734,108.6322250366211,62800,0.0,0.0
2016-08-18 00:00:00+09:00,107.80297088623047,109.461478130634,107.80297088623047,107.80297088623047,29000,0.0,0.0
2016-08-19 00:00:00+09:00,108.63222450843223,108.63222450843223,107.80297088623047,107.80297088623047,22300,0.0,0.0
2016-08-22 00:00:00+09:00,108.63223946741385,110.29074694019879,106.14447825823643,106.9737319946289,49200,0.0,0.0
2016-08-23 00:00:00+09:00,107.80297088623047,108.63222450843223,106.97371726402869,107.80297088623047,38700,0.0,0.0
2016-08-24 00:00:00+09:00,108.6322250366211,109.46147866285483,107.80297141038734,108.6322250366211,15400,0.0,0.0
2016-08-25 00:00:00+09:00,109.46147866285483,109.46147866285483,107.80297141038734,108.6322250366211,25300,0.0,0.0
2016-08-26 00:00:00+09:00,107.80297088623047,108.63222450843223,106.97371726402869,107.80297088623047,38900,0.0,0.0
2016-08-29 00:00:00+09:00,108.63222450843223,109.461478130634,107.80297088623047,107.80297088623047,52100,0.0,0.0
2016-08-30 00:00:00+09:00,109.46149484734786,110.2907485961914,108.63224109850432,110.2907485961914,32800,0.0,0.0
2016-08-31 00:00:00+09:00,111.12000193740383,111.12000193740383,109.46149444580078,109.46149444580078,61900,0.0,0.0
2016-09-01 00:00:00+09:00,108.63224109850432,110.2907485961914,108.63224109850432,110.2907485961914,36100,0.0,0.0
2016-09-02 00:00:00+09:00,110.2907481916023,111.94925568320535,108.63224069999927,109.46149444580078,94100,0.0,0.0
2016-09-05 00:00:00+09:00,110.2907481916023,111.12000193740383,109.46149444580078,109.46149444580078,49700,0.0,0.0
2016-09-06 00:00:00+09:00,110.2907485961914,111.12000234503495,110.2907485961914,110.2907485961914,22900,0.0,0.0
2016-09-07 00:00:00+09:00,110.2907485961914,110.2907485961914,109.46149484734786,110.2907485961914,20300,0.0,0.0
2016-09-08 00:00:00+09:00,110.29072627736562,111.11997985839844,110.29072627736562,111.11997985839844,26700,0.0,0.0
2016-09-09 00:00:00+09:00,110.29072627736562,111.94923343943127,110.29072627736562,111.11997985839844,29200,0.0,0.0
2016-09-12 00:00:00+09:00,108.63221911529997,111.11997985839844,108.63221911529997,111.11997985839844,53900,0.0,0.0
2016-09-13 00:00:00+09:00,110.2907485961914,111.12000234503495,108.63224109850432,110.2907485961914,47100,0.0,0.0
2016-09-14 00:00:00+09:00,111.12000193740383,111.12000193740383,109.46149444580078,109.46149444580078,43600,0.0,0.0
2016-09-15 00:00:00+09:00,109.46147866285483,110.29073228908858,108.6322250366211,108.6322250366211,17200,0.0,0.0
2016-09-16 00:00:00+09:00,108.63224109850432,110.2907485961914,108.63224109850432,110.2907485961914,23600,0.0,0.0
2016-09-20 00:00:00+09:00,108.63224109850432,111.12000234503495,108.63224109850432,110.2907485961914,18900,0.0,0.0
2016-09-21 00:00:00+09:00,110.29073534220674,113.60774993896484,109.46148169301722,113.60774993896484,100300,0.0,0.0
2016-09-23 00:00:00+09:00,112.77849628977532,113.60774993896484,111.11998899139627,113.60774993896484,110700,0.0,0.0
2016-09-26 00:00:00+09:00,114.43701816134983,114.43701816134983,111.94925689697266,111.94925689697266,36400,0.0,0.0
2016-09-27 00:00:00+09:00,111.94925689697266,111.94925689697266,109.46149563259549,111.94925689697266,68800,0.0,0.0
2016-09-28 00:00:00+09:00,112.7784870204641,112.7784870204641,111.11997985839844,111.11997985839844,21900,0.0,0.0
2016-09-29 00:00:00+09:00,111.94925689697266,113.60776440655744,111.12000314218027,111.94925689697266,20000,0.0,0.0
2016-09-30 00:00:00+09:00,111.94923343943127,111.94923343943127,111.11997985839844,111.11997985839844,42600,0.0,0.0
2016-10-03 00:00:00+09:00,111.12000314218027,111.94925689697266,111.12000314218027,111.94925689697266,31800,0.0,0.0
2016-10-04 00:00:00+09:00,111.12000314218027,112.77851065176505,111.12000314218027,111.94925689697266,62400,0.0,0.0
2016-10-05 00:00:00+09:00,112.77849628977532,113.60774993896484,111.9492426405858,113.60774993896484,91000,0.0,0.0
2016-10-06 00:00:00+09:00,113.60776634216309,116.92478141784667,113.60776634216309,116.09552764892578,197900,0.0,0.0
2016-10-07 00:00:00+09:00,116.92476555254821,116.92476555254821,114.43700458334504,115.2662582397461,105700,0.0,0.0
2016-10-11 00:00:00+09:00,111.94924214307,113.60774943407844,111.11998849756577,112.77849578857422,163700,0.0,0.0
2016-10-12 00:00:00+09:00,112.77849578857422,114.43700307958267,111.94924214307,112.77849578857422,37000,0.0,0.0
2016-10-13 00:00:00+09:00,112.77850430253623,114.43701171875,112.77850430253623,114.43701171875,27400,0.0,0.0
2016-10-14 00:00:00+09:00,112.77849578857422,115.26625672508689,112.77849578857422,112.77849578857422,27300,0.0,0.0
2016-10-17 00:00:00+09:00,114.43700307958267,115.26625672508689,112.77849578857422,112.77849578857422,35200,0.0,0.0
2016-10-18 00:00:00+09:00,112.77849628977532,114.43700358815437,112.77849628977532,113.60774993896484,52200,0.0,0.0
2016-10-19 00:00:00+09:00,114.43700358815437,114.43700358815437,112.77849628977532,113.60774993896484,47200,0.0,0.0
2016-10-20 00:00:00+09:00,113.60775801064311,114.43701171875,112.77850430253623,114.43701171875,63300,0.0,0.0
2016-10-21 00:00:00+09:00,113.60774993896484,115.2662572373439,112.77849628977532,113.60774993896484,62700,0.0,0.0
2016-10-24 00:00:00+09:00,114.43700458334504,115.26625823974611,112.77849727054294,115.2662582397461,33800,0.0,0.0
2016-10-25 00:00:00+09:00,115.26625823974611,115.26625823974611,113.607750926944,115.2662582397461,25700,0.0,0.0
2016-10-26 00:00:00+09:00,116.09551287711935,117.75402020393534,115.26625921371135,116.92476654052734,96000,0.0,0.0
2016-10-27 00:00:00+09:00,116.09552876932636,118.58329010009766,116.09552876932636,118.58329010009766,48100,0.0,0.0
2016-10-28 00:00:00+09:00,119.4125438770214,119.4125438770214,116.92478254625013,118.58329010009766,114700,0.0,0.0
2016-10-31 00:00:00+09:00,118.58328204087809,118.58328204087809,116.92477459974693,117.7540283203125,57900,0.0,0.0
2016-11-01 00:00:00+09:00,118.58327531814575,159.21670532226562,117.75402164459229,159.21670532226562,37709800,0.0,0.0
2016-11-02 00:00:00+09:00,187.4113382386767,200.6793975830078,183.26506969357325,200.6793975830078,35421500,0.0,0.0
2016-11-04 00:00:00+09:00,194.04536917550223,195.70387660435267,165.85074288504464,174.14328002929688,19897100,0.0,0.0
2016-11-07 00:00:00+09:00,186.58208614442407,240.4835776972577,179.94805641484453,203.9964141845703,49516200,0.0,0.0
2016-11-08 00:00:00+09:00,215.6059473467049,252.0931076669165,209.8011718412167,224.7277374267578,49295300,0.0,0.0
2016-11-09 00:00:00+09:00,211.4596888893529,218.09371834470514,168.3384974295633,189.06983947753906,12172800,0.0,0.0
2016-11-10 00:00:00+09:00,213.94746985802283,231.36179879995493,189.89911084297376,194.04537963867188,11702300,0.0,0.0
2016-11-11 00:00:00+09:00,186.58208934538956,192.38686545835722,174.9725371194542,180.77731323242188,3003500,0.0,0.0
2016-11-14 00:00:00+09:00,181.60654701342423,182.43580065275495,169.16774242346366,173.3140106201172,2254400,0.0,0.0
2016-11-15 00:00:00+09:00,183.26507088797433,194.04536917550223,173.31402631487165,174.14328002929688,3969100,0.0,0.0
2016-11-16 00:00:00+09:00,171.65551801828238,176.63104027968188,169.16775688758264,172.48477172851562,1266700,0.0,0.0
2016-11-17 00:00:00+09:00,173.31402631487165,181.6065634591239,170.826265171596,174.14328002929688,2063100,0.0,0.0
2016-11-18 00:00:00+09:00,177.46031116989423,180.77732633194833,173.3140422173266,175.8018035888672,1001300,0.0,0.0
2016-11-21 00:00:00+09:00,175.80178789617892,182.4358176281102,174.1432804631961,174.9725341796875,978300,0.0,0.0
2016-11-22 00:00:00+09:00,175.8018035888672,177.46031116989423,170.82628084578604,175.8018035888672,1029500,0.0,0.0
2016-11-24 00:00:00+09:00,177.46030262776338,190.72836263731577,175.80179512656932,189.89910888671875,2564800,0.0,0.0
2016-11-25 00:00:00+09:00,189.06986423708358,190.72837181811062,173.3140422173266,175.8018035888672,1795800,0.0,0.0
2016-11-28 00:00:00+09:00,179.1663978864562,179.1663978864562,174.1194571009222,178.3252410888672,362000,3.0,0.0
2016-11-29 00:00:00+09:00,179.1664065274325,187.5779749090021,176.64293601296163,185.05450439453125,1234700,0.0,0.0
2016-11-30 00:00:00+09:00,186.73682393656148,195.98954944693165,181.68988274908685,194.30723571777344,1734800,0.0,0.0
2016-12-01 00:00:00+09:00,195.989541943868,204.40111026763915,193.46607144673666,201.8776397705078,3400900,0.0,0.0
2016-12-02 00:00:00+09:00,227.11232672093814,243.09430526796714,201.877623751945,202.71878051757812,10828100,0.0,0.0
2016-12-05 00:00:00+09:00,195.98953325995083,206.08341480123585,190.10143569420123,195.14837646484375,1937200,0.0,0.0
2016-12-06 00:00:00+09:00,202.71879660288494,208.60689442952474,197.67185560862225,201.8776397705078,1715200,0.0,0.0
2016-12-07 00:00:00+09:00,203.559963962488,209.44806209363438,191.7837677001953,191.7837677001953,1478500,0.0,0.0
2016-12-08 00:00:00+09:00,194.30723408543787,195.9895478004633,178.32525379269623,180.84872436523438,1413300,0.0,0.0
2016-12-09 00:00:00+09:00,176.6429306910588,178.32524431668796,174.9606170654297,174.9606170654297,872700,0.0,0.0
2016-12-12 00:00:00+09:00,176.64296054383783,178.32527445377914,174.11948967892587,175.8018035888672,379300,0.0,0.0
2016-12-13 00:00:00+09:00,174.96064663389652,176.64296054383783,174.11948967892587,175.8018035888672,260600,0.0,0.0
2016-12-14 00:00:00+09:00,174.96063320878625,175.8017900992131,173.27831942793253,174.11947631835938,270700,0.0,0.0
2016-12-15 00:00:00+09:00,173.27831942793253,179.16641766092053,173.27831942793253,174.11947631835938,393700,0.0,0.0
2016-12-16 00:00:00+09:00,173.27827656562692,173.27827656562692,168.23133647148245,170.7548065185547,471800,0.0,0.0
2016-12-19 00:00:00+09:00,169.91368186533154,169.91368186533154,168.23136818349658,169.07252502441406,176200,0.0,0.0
2016-12-20 00:00:00+09:00,169.07249315383987,172.4371198832695,167.39017978912503,170.7548065185547,180600,0.0,0.0
2016-12-21 00:00:00+09:00,170.75483955383302,172.43715324401856,165.70789848327638,168.2313690185547,286100,0.0,0.0
2016-12-22 00:00:00+09:00,167.39021217346192,168.2313690185547,165.70789848327638,168.2313690185547,196200,0.0,0.0
2016-12-26 00:00:00+09:00,165.70788810179405,166.54904489418897,162.3432609322145,163.18441772460938,335500,0.0,0.0
2016-12-27 00:00:00+09:00,163.18441694210736,168.23135767227564,163.18441694210736,164.02557373046875,411100,0.0,0.0
2016-12-28 00:00:00+09:00,164.86674163818358,170.75483955383302,164.86674163818358,168.2313690185547,256900,0.0,0.0
2016-12-29 00:00:00+09:00,166.54905700683594,169.07252756754556,165.70790015326605,166.54905700683594,116500,0.0,0.0
2016-12-30 00:00:00+09:00,166.54907708418995,199.35419832804556,166.54907708418995,175.8018035888672,8782400,0.0,0.0
2017-01-04 00:00:00+09:00,177.4840850830078,188.4191235004443,175.80177148032527,177.4840850830078,1251900,0.0,0.0
2017-01-05 00:00:00+09:00,178.32522728329613,180.00754074823288,174.11944362095423,176.64291381835938,511700,0.0,0.0
2017-01-06 00:00:00+09:00,174.96062233664773,189.26028858531603,174.96062233664773,185.05450439453125,1634000,0.0,0.0
2017-01-10 00:00:00+09:00,185.89566040039062,190.9426014067361,183.3721898972179,185.89566040039062,546200,0.0,0.0
2017-01-11 00:00:00+09:00,186.73681477137976,196.83069665091378,184.21334430149625,188.41912841796875,1878200,0.0,0.0
2017-01-12 00:00:00+09:00,187.5779757565015,190.1014462823737,182.53103470475705,184.21334838867188,564500,0.0,0.0
2017-01-13 00:00:00+09:00,195.98953731049525,206.083419060392,188.4191259980727,190.94259643554688,5226300,0.0,0.0
2017-01-16 00:00:00+09:00,190.9425881062079,193.4660584336027,181.6898635724269,183.37217712402344,1142800,0.0,0.0
2017-01-17 00:00:00+09:00,179.16639709472656,181.68986747634244,177.48408350698267,179.16639709472656,696200,0.0,0.0
2017-01-18 00:00:00+09:00,175.80175708589098,178.32522728329613,171.5959734235491,176.64291381835938,508900,0.0,0.0
2017-01-19 00:00:00+09:00,177.48408350698267,181.68986747634244,176.6429267131107,179.16639709472656,274400,0.0,0.0
2017-01-20 00:00:00+09:00,177.4840850830078,180.00755548703162,176.64292828166654,177.4840850830078,282300,0.0,0.0
2017-01-23 00:00:00+09:00,174.9606138985112,180.84871148163418,173.27830030333322,178.3252410888672,280900,0.0,0.0
2017-01-24 00:00:00+09:00,178.32524188434908,178.32524188434908,175.80177148032527,177.4840850830078,128800,0.0,0.0
2017-01-25 00:00:00+09:00,178.32524030085463,183.37218106408636,177.48408350698267,179.16639709472656,357200,0.0,0.0
2017-01-26 00:00:00+09:00,181.68986747634244,181.68986747634244,178.32524030085463,179.16639709472656,396000,0.0,0.0
2017-01-27 00:00:00+09:00,185.0545233267325,188.41915102358217,180.84873870567037,181.6898956298828,553200,0.0,0.0
2017-01-30 00:00:00+09:00,184.21336640252005,185.0545233267325,180.84873870567037,181.6898956298828,235700,0.0,0.0
2017-01-31 00:00:00+09:00,180.00755388859852,182.5310242702144,179.16639709472656,179.16639709472656,209600,0.0,0.0
2017-02-01 00:00:00+09:00,179.1663978864562,180.00755468404518,176.6429274936892,178.3252410888672,155900,0.0,0.0
2017-02-02 00:00:00+09:00,179.16639868569035,180.8487122883729,177.4840850830078,177.4840850830078,112600,0.0,0.0
2017-02-03 00:00:00+09:00,176.64296054383783,178.32527445377914,174.96064663389652,175.8018035888672,146700,0.0,0.0
2017-02-06 00:00:00+09:00,175.80176991923875,181.68986747634244,174.11945633149483,179.16639709472656,248700,0.0,0.0
2017-02-07 00:00:00+09:00,179.16641065020895,200.1953320880269,179.16641065020895,180.84872436523438,4146600,0.0,0.0
2017-02-08 00:00:00+09:00,179.16638112290997,181.68985127957066,177.48406768513615,180.00753784179688,464700,0.0,0.0
2017-02-09 00:00:00+09:00,181.6898682792232,182.53102507681217,177.4840842912782,178.3252410888672,268700,0.0,0.0
2017-02-10 00:00:00+09:00,180.00753784179688,182.53100799845757,179.16638112290997,180.00753784179688,179600,0.0,0.0
2017-02-13 00:00:00+09:00,181.68987952728975,185.05450692594326,180.84872267762637,182.53103637695312,217100,0.0,0.0
2017-02-14 00:00:00+09:00,185.05450865279798,185.05450865279798,180.84872436523438,180.84872436523438,230900,0.0,0.0
2017-02-15 00:00:00+09:00,181.68987952728975,184.21335007627988,181.68987952728975,182.53103637695312,139300,0.0,0.0
2017-02-16 00:00:00+09:00,185.0545233267325,185.0545233267325,181.6898956298828,181.6898956298828,87300,0.0,0.0
2017-02-17 00:00:00+09:00,181.6898956298828,184.21336640252005,181.6898956298828,181.6898956298828,143700,0.0,0.0
2017-02-20 00:00:00+09:00,181.68987952728975,189.26029117426015,180.84872267762637,182.53103637695312,583100,0.0,0.0
2017-02-21 00:00:00+09:00,183.37219154671448,184.21334838867188,182.53103470475705,184.21334838867188,114200,0.0,0.0
2017-02-22 00:00:00+09:00,185.05449067561997,185.89564745141826,183.37217712402344,183.37217712402344,196400,0.0,0.0
2017-02-23 00:00:00+09:00,184.21335007627988,184.21335007627988,180.84872267762637,182.53103637695312,147200,0.0,0.0
2017-02-24 00:00:00+09:00,182.53102034822516,184.21333389982172,181.6898635724269,183.37217712402344,142700,0.0,0.0
2017-02-27 00:00:00+09:00,183.37219493777255,183.37219493777255,180.84872436523438,180.84872436523438,130800,0.0,0.0
2017-02-28 00:00:00+09:00,182.53105255409523,183.37220947830764,181.6898956298828,181.6898956298828,81400,0.0,0.0
2017-03-01 00:00:00+09:00,182.53103808025983,182.53103808025983,180.00756750772166,180.84872436523438,139900,0.0,0.0
2017-03-02 00:00:00+09:00,182.53105255409523,184.21336640252005,181.6898956298828,181.6898956298828,193100,0.0,0.0
2017-03-03 00:00:00+09:00,181.68987622843608,185.89566040039062,181.68987622843608,185.89566040039062,414200,0.0,0.0
2017-03-06 00:00:00+09:00,188.41913090356334,188.41913090356334,184.21334673160882,185.89566040039062,209200,0.0,0.0
2017-03-07 00:00:00+09:00,185.89566207258667,185.89566207258667,183.37219154671448,184.21334838867188,79200,0.0,0.0
2017-03-08 00:00:00+09:00,183.37217712402344,184.21333389982172,182.53102034822516,183.37217712402344,110300,0.0,0.0
2017-03-09 00:00:00+09:00,184.21336640252005,184.21336640252005,181.6898956298828,181.6898956298828,104000,0.0,0.0
2017-03-10 00:00:00+09:00,184.21334838867188,185.89566207258667,181.68987786279965,184.21334838867188,354600,0.0,0.0
2017-03-13 00:00:00+09:00,183.3721932266165,184.21335007627988,182.53103637695312,182.53103637695312,121000,0.0,0.0
2017-03-14 00:00:00+09:00,182.53103470475705,187.5779757565015,182.53103470475705,184.21334838867188,302000,0.0,0.0
2017-03-15 00:00:00+09:00,185.89565794808524,193.46606935773576,185.89565794808524,188.41912841796875,648100,0.0,0.0
2017-03-16 00:00:00+09:00,187.57794926309177,197.6718299409263,187.57794926309177,196.83067321777344,751100,0.0,0.0
2017-03-17 00:00:00+09:00,195.9895389811198,195.9895389811198,188.41912760416668,189.26028442382812,417500,0.0,0.0
2017-03-21 00:00:00+09:00,188.41912679756638,190.94259724574806,186.73681316544523,190.1014404296875,147600,0.0,0.0
2017-03-22 00:00:00+09:00,188.4191325984589,188.4191325984589,184.21334838867188,184.21334838867188,209900,0.0,0.0
2017-03-23 00:00:00+09:00,184.21333389982172,185.05449067561997,183.37217712402344,183.37217712402344,57700,0.0,0.0
2017-03-24 00:00:00+09:00,183.37220947830764,185.0545233267325,181.6898956298828,181.6898956298828,186800,0.0,0.0
2017-03-27 00:00:00+09:00,181.68985421316964,183.3721676781064,174.96060035342262,176.64291381835938,354400,0.0,0.0
2017-03-28 00:00:00+09:00,178.32522440402306,180.84869456068375,177.48406768513615,180.00753784179688,89000,0.0,0.0
2017-03-29 00:00:00+09:00,181.6898956298828,182.53105255409523,180.00758178145796,181.6898956298828,92700,0.0,0.0
2017-03-30 00:00:00+09:00,181.68987622843608,186.73681723478154,180.8487193940452,185.89566040039062,205300,0.0,0.0
2017-03-31 00:00:00+09:00,185.05450692594326,189.26029117426015,182.53103637695312,182.53103637695312,274500,0.0,0.0
2017-04-03 00:00:00+09:00,174.96063320878625,177.4841038800668,173.27831942793253,174.11947631835938,340900,0.0,0.0
2017-04-04 00:00:00+09:00,174.11944957770925,174.96060633895422,167.39019548774945,169.91366577148438,327900,0.0,0.0
2017-04-05 00:00:00+09:00,169.07252586364746,171.5959963989258,167.39021217346192,168.2313690185547,152400,0.0,0.0
2017-04-06 00:00:00+09:00,166.54904330506616,167.39020008943518,163.1844161675901,164.86672973632812,237200,0.0,0.0
2017-04-07 00:00:00+09:00,164.0255729519591,167.39020008943518,161.50210259885205,164.86672973632812,157700,0.0,0.0
2017-04-10 00:00:00+09:00,164.86674246476522,167.3902130126953,164.86674246476522,167.3902130126953,55900,0.0,0.0
2017-04-11 00:00:00+09:00,169.07252671131536,169.07252671131536,165.70789931407526,167.3902130126953,114600,0.0,0.0
2017-04-12 00:00:00+09:00,166.5490440955529,166.5490440955529,161.5021033653846,164.02557373046875,185900,0.0,0.0
2017-04-13 00:00:00+09:00,161.5021033653846,165.7078873071915,160.66094657702322,164.02557373046875,141000,0.0,0.0
2017-04-14 00:00:00+09:00,162.34326331652895,164.02557692602667,160.66094970703125,160.66094970703125,98000,0.0,0.0
2017-04-17 00:00:00+09:00,160.66097832714337,163.1844491909205,160.66097832714337,162.34329223632812,99700,0.0,0.0
2017-04-18 00:00:00+09:00,170.75482991056623,201.0364746237701,169.91367311297722,178.3252410888672,7943700,0.0,0.0
2017-04-19 00:00:00+09:00,180.007565827963,183.3721932266165,178.32525212863624,182.53103637695312,1228300,0.0,0.0
2017-04-20 00:00:00+09:00,181.6898682792232,182.53102507681217,178.3252410888672,178.3252410888672,550200,0.0,0.0
2017-04-21 00:00:00+09:00,180.84871068247048,182.5310242702144,178.32524030085463,179.16639709472656,444000,0.0,0.0
2017-04-24 00:00:00+09:00,180.00755468404518,181.6898682792232,177.4840842912782,178.3252410888672,282100,0.0,0.0
2017-04-25 00:00:00+09:00,178.32524188434908,178.32524188434908,174.960614678984,177.4840850830078,385400,0.0,0.0
2017-04-26 00:00:00+09:00,178.32524188434908,179.16639868569035,176.64292828166654,177.4840850830078,203600,0.0,0.0
2017-04-27 00:00:00+09:00,177.48406768513615,182.53100799845757,177.48406768513615,180.00753784179688,202300,0.0,0.0
2017-04-28 00:00:00+09:00,185.05450439453125,191.78375909978692,181.6898770419034,185.05450439453125,959700,0.0,0.0
2017-05-01 00:00:00+09:00,191.78375996628853,191.78375996628853,184.21334838867188,184.21334838867188,527600,0.0,0.0
2017-05-02 00:00:00+09:00,183.37219154671448,185.89566207258667,182.53103470475705,184.21334838867188,190400,0.0,0.0
2017-05-08 00:00:00+09:00,185.05450523062927,187.5779757565015,183.37219154671448,184.21334838867188,167000,0.0,0.0
2017-05-09 00:00:00+09:00,183.37217712402344,185.89564745141826,181.6898635724269,183.37217712402344,175400,0.0,0.0
2017-05-10 00:00:00+09:00,183.37220947830764,185.0545233267325,181.6898956298828,181.6898956298828,188300,0.0,0.0
2017-05-11 00:00:00+09:00,180.84871148163418,181.6898682792232,176.6429274936892,178.3252410888672,307500,0.0,0.0
2017-05-12 00:00:00+09:00,179.16638112290997,183.37216471734448,178.32522440402306,180.00753784179688,263900,0.0,0.0
2017-05-15 00:00:00+09:00,180.00755388859852,180.84871068247048,178.32524030085463,179.16639709472656,114600,0.0,0.0
2017-05-16 00:00:00+09:00,177.4840850830078,179.16639868569035,177.4840850830078,177.4840850830078,132500,0.0,0.0
2017-05-17 00:00:00+09:00,177.4840842912782,180.00755468404518,177.4840842912782,178.3252410888672,63800,0.0,0.0
2017-05-18 00:00:00+09:00,177.4840842912782,179.1663978864562,175.8017706961002,178.3252410888672,181600,0.0,0.0
2017-05-19 00:00:00+09:00,179.16638112290997,180.00753784179688,177.48406768513615,180.00753784179688,102100,0.0,0.0
2017-05-22 00:00:00+09:00,180.007565827963,183.3721932266165,179.16640897829961,182.53103637695312,152800,0.0,0.0
2017-05-23 00:00:00+09:00,183.3721932266165,183.3721932266165,180.84872267762637,182.53103637695312,84600,0.0,0.0
2017-05-24 00:00:00+09:00,182.53105255409523,184.21336640252005,180.84873870567037,181.6898956298828,148500,0.0,0.0
2017-05-25 00:00:00+09:00,182.53105255409523,183.37220947830764,180.84873870567037,181.6898956298828,75700,0.0,0.0
2017-05-26 00:00:00+09:00,180.84872267762637,183.3721932266165,180.84872267762637,182.53103637695312,164800,0.0,0.0
2017-05-29 00:00:00+09:00,182.53103637695312,184.21335007627988,182.53103637695312,182.53103637695312,112500,0.0,0.0
2017-05-30 00:00:00+09:00,183.3721932266165,184.21335007627988,181.68987952728975,182.53103637695312,84300,0.0,0.0
2017-05-31 00:00:00+09:00,183.37217712402344,184.21333389982172,182.53102034822516,183.37217712402344,87800,0.0,0.0
2017-06-01 00:00:00+09:00,183.3721932266165,184.21335007627988,181.68987952728975,182.53103637695312,145200,0.0,0.0
2017-06-02 00:00:00+09:00,180.84872267762637,183.3721932266165,180.84872267762637,182.53103637695312,151000,0.0,0.0
2017-06-05 00:00:00+09:00,182.53103637695312,184.21335007627988,181.68987952728975,182.53103637695312,79200,0.0,0.0
2017-06-06 00:00:00+09:00,181.6898812227471,182.53103808025983,180.84872436523438,180.84872436523438,89600,0.0,0.0
2017-06-07 00:00:00+09:00,180.84871148163418,180.84871148163418,178.3252410888672,178.3252410888672,83800,0.0,0.0
2017-06-08 00:00:00+09:00,179.16639709472656,181.68986747634244,178.32524030085463,179.16639709472656,68800,0.0,0.0
2017-06-09 00:00:00+09:00,178.32522440402306,186.73679159289208,177.48406768513615,180.00753784179688,328900,0.0,0.0
2017-06-12 00:00:00+09:00,180.00755002083034,184.21333389982172,179.16639324503208,183.37217712402344,124900,0.0,0.0
2017-06-13 00:00:00+09:00,183.37219154671448,184.21334838867188,181.68987786279965,184.21334838867188,80600,0.0,0.0
2017-06-14 00:00:00+09:00,182.53103388006036,185.8956612326882,182.53103388006036,185.05450439453125,160300,0.0,0.0
2017-06-15 00:00:00+09:00,184.21334838867188,185.89566207258667,183.37219154671448,184.21334838867188,129000,0.0,0.0
2017-06-16 00:00:00+09:00,184.21333389982172,185.05449067561997,181.6898635724269,183.37217712402344,96400,0.0,0.0
2017-06-19 00:00:00+09:00,182.531033062827,187.57797406917246,182.531033062827,185.89566040039062,129100,0.0,0.0
2017-06-20 00:00:00+09:00,187.57797406917246,191.78375824112698,185.89566040039062,185.89566040039062,315400,0.0,0.0
2017-06-21 00:00:00+09:00,185.89566207258667,186.7368189145441,184.21334838867188,184.21334838867188,87600,0.0,0.0
2017-06-22 00:00:00+09:00,185.0545035659997,186.73681723478154,185.0545035659997,185.89566040039062,91100,0.0,0.0
2017-06-23 00:00:00+09:00,185.05450274493242,190.10144372888513,185.05450274493242,186.73681640625,202900,0.0,0.0
2017-06-26 00:00:00+09:00,186.73681396484378,190.94259806315105,186.73681396484378,189.26028442382812,134900,0.0,0.0
2017-06-27 00:00:00+09:00,189.26028442382812,190.94259806315105,188.41912760416668,189.26028442382812,71700,0.0,0.0
2017-06-28 00:00:00+09:00,189.26028524126326,190.10144206455777,187.57797159467424,188.41912841796875,81400,0.0,0.0
2017-06-29 00:00:00+09:00,189.26029707256117,191.7837677001953,187.57798332080506,191.7837677001953,158400,0.0,0.0
2017-06-30 00:00:00+09:00,188.41912679756638,190.94259724574806,187.57796998150582,190.1014404296875,122100,0.0,0.0
2017-07-03 00:00:00+09:00,198.51302004066895,198.51302004066895,191.7837651240361,194.30723571777344,575200,0.0,0.0
2017-07-04 00:00:00+09:00,197.67186493852773,199.35417868268541,191.78376683397585,192.6249237060547,456000,0.0,0.0
2017-07-05 00:00:00+09:00,196.83067321777344,197.6718299409263,191.78373287885617,196.83067321777344,252200,0.0,0.0
2017-07-06 00:00:00+09:00,197.6718299409263,197.6718299409263,193.46604632516193,196.83067321777344,126800,0.0,0.0
2017-07-07 00:00:00+09:00,195.14835977146768,200.19530011038495,195.14835977146768,196.83067321777344,223400,0.0,0.0
2017-07-10 00:00:00+09:00,196.83068615877175,200.1953132725969,196.83068615877175,199.35415649414062,140500,0.0,0.0
2017-07-11 00:00:00+09:00,200.19534482794293,200.19534482794293,196.83071718377582,198.51303100585938,202900,0.0,0.0
2017-07-12 00:00:00+09:00,199.35420035517865,204.40114213632242,198.5130433916547,201.03651428222656,301500,0.0,0.0
2017-07-13 00:00:00+09:00,201.87764897520242,208.6069039410425,198.51302149228238,207.7657470703125,326900,0.0,0.0
2017-07-14 00:00:00+09:00,211.9715191876447,212.8126760098179,203.55995096591275,204.40110778808594,330800,0.0,0.0
2017-07-17 00:00:00+09:00,204.40110778808594,204.40110778808594,204.40110778808594,204.40110778808594,0,0.0,0.0
2017-07-18 00:00:00+09:00,205.24226461025916,206.92457825460554,201.87763732156637,204.40110778808594,117500,0.0,0.0
2017-07-19 00:00:00+09:00,204.40114213632242,204.40114213632242,198.5130433916547,201.03651428222656,179600,0.0,0.0
2017-07-20 00:00:00+09:00,201.877623751945,205.24225081447744,201.03646698631192,202.71878051757812,104100,0.0,0.0
2017-07-21 00:00:00+09:00,202.71882820927448,202.71882820927448,199.35420035517865,201.03651428222656,76100,0.0,0.0
2017-07-24 00:00:00+09:00,199.35420035517865,201.03651428222656,198.5130433916547,201.03651428222656,63000,0.0,0.0
2017-07-25 00:00:00+09:00,201.03647005105321,201.8776268295095,198.51299971568434,199.35415649414062,52400,0.0,0.0
2017-07-26 00:00:00+09:00,199.35418791690117,201.8776586500265,196.83071718377582,198.51303100585938,107300,0.0,0.0
2017-07-27 00:00:00+09:00,197.67186144390843,198.51301830111655,195.9895477294922,195.9895477294922,115200,0.0,0.0
2017-07-28 00:00:00+09:00,196.83070631151074,196.83070631151074,192.62492198861523,194.30723571777344,90800,0.0,0.0
2017-07-31 00:00:00+09:00,193.46606287462956,196.83069005505791,193.46606287462956,195.14837646484375,55400,0.0,0.0
2017-08-01 00:00:00+09:00,195.14838132605087,196.83069495817202,188.41912679756638,190.1014404296875,123900,0.0,0.0
2017-08-02 00:00:00+09:00,190.10145394843923,193.46608145195142,190.10145394843923,191.7837677001953,87800,0.0,0.0
2017-08-03 00:00:00+09:00,191.7837548828125,192.62491170247398,188.41912760416668,189.26028442382812,102300,0.0,0.0
2017-08-04 00:00:00+09:00,188.41912760416668,190.94259806315105,188.41912760416668,189.26028442382812,69900,0.0,0.0
2017-08-07 00:00:00+09:00,189.2602828105641,193.46606687302108,189.2602828105641,190.94259643554688,51300,0.0,0.0
2017-08-08 00:00:00+09:00,192.6249100605297,192.6249100605297,190.10143962305548,190.94259643554688,15800,0.0,0.0
2017-08-09 00:00:00+09:00,190.94259888785226,191.78375571114677,187.57797159467424,188.41912841796875,65600,0.0,0.0
2017-08-10 00:00:00+09:00,188.41913090356334,190.10144457234517,185.89566040039062,185.89566040039062,83500,0.0,0.0
2017-08-11 00:00:00+09:00,185.89566040039062,185.89566040039062,185.89566040039062,185.89566040039062,0,0.0,0.0
2017-08-14 00:00:00+09:00,185.8956612326882,185.8956612326882,182.53103388006036,185.05450439453125,68100,0.0,0.0
2017-08-15 00:00:00+09:00,185.89566040039062,189.26028773795426,185.89566040039062,185.89566040039062,29600,0.0,0.0
2017-08-16 00:00:00+09:00,187.57798332080506,194.30723832782948,185.05451269317092,191.7837677001953,201300,0.0,0.0
2017-08-17 00:00:00+09:00,192.62492457607337,193.46608145195142,190.94261082431728,191.7837677001953,46300,0.0,0.0
2017-08-18 00:00:00+09:00,190.94259806315105,190.94259806315105,186.73681396484378,189.26028442382812,53600,0.0,0.0
2017-08-21 00:00:00+09:00,189.26027067039044,189.26027067039044,186.73680039478523,187.5779571533203,36500,0.0,0.0
2017-08-22 00:00:00+09:00,185.89566040039062,187.57797406917246,185.89566040039062,185.89566040039062,33600,0.0,0.0
2017-08-23 00:00:00+09:00,186.73681477137976,191.78375571114677,186.73681477137976,188.41912841796875,156200,0.0,0.0
2017-08-24 00:00:00+09:00,189.26028442382812,189.26028442382812,188.41912760416668,189.26028442382812,23900,0.0,0.0
2017-08-25 00:00:00+09:00,189.26028442382812,190.1014412434896,188.41912760416668,189.26028442382812,17900,0.0,0.0
2017-08-28 00:00:00+09:00,190.10144809154755,203.55995769094915,190.10144809154755,197.67185974121094,360400,0.0,0.0
2017-08-29 00:00:00+09:00,199.35415649414062,199.35415649414062,193.4660590449466,199.35415649414062,151000,0.0,0.0
2017-08-30 00:00:00+09:00,201.8776586500265,201.8776586500265,197.6718740948176,198.51303100585938,111800,0.0,0.0
2017-08-31 00:00:00+09:00,197.67185974121094,199.35417344113614,195.98954604128573,197.67185974121094,80800,0.0,0.0
2017-09-01 00:00:00+09:00,198.51301659117354,198.51301659117354,191.78376179147276,197.67185974121094,143900,0.0,0.0
2017-09-04 00:00:00+09:00,196.8307080664489,196.8307080664489,190.942609961897,192.6249237060547,90600,0.0,0.0
2017-09-05 00:00:00+09:00,192.62491680824593,192.62491680824593,183.37219154671448,184.21334838867188,186900,0.0,0.0
2017-09-06 00:00:00+09:00,180.84872020374644,185.8956612326882,180.84872020374644,185.05450439453125,92200,0.0,0.0
2017-09-07 00:00:00+09:00,186.73681807084517,186.73681807084517,184.2133475563743,185.05450439453125,37200,0.0,0.0
2017-09-08 00:00:00+09:00,184.21334838867188,185.89566207258667,184.21334838867188,184.21334838867188,32900,0.0,0.0
2017-09-11 00:00:00+09:00,184.21334673160882,187.57797406917246,184.21334673160882,185.89566040039062,40400,0.0,0.0
2017-09-12 00:00:00+09:00,187.57796683933424,195.1483780570652,186.73681003736414,193.466064453125,166900,0.0,0.0
2017-09-13 00:00:00+09:00,195.1483943222912,195.1483943222912,190.942609961897,192.6249237060547,56400,0.0,0.0
2017-09-14 00:00:00+09:00,193.46606769392974,193.46606769392974,187.57796998150582,190.1014404296875,49300,0.0,0.0
2017-09-15 00:00:00+09:00,189.26029707256117,191.7837677001953,189.26029707256117,191.7837677001953,54200,0.0,0.0
2017-09-18 00:00:00+09:00,191.7837677001953,191.7837677001953,191.7837677001953,191.7837677001953,0,0.0,0.0
2017-09-19 00:00:00+09:00,192.62492198861523,196.83070631151074,192.62492198861523,194.30723571777344,104100,0.0,0.0
2017-09-20 00:00:00+09:00,196.83067321777344,196.83067321777344,195.14835977146768,196.83067321777344,87100,0.0,0.0
2017-09-21 00:00:00+09:00,195.9895477294922,197.67186144390843,195.9895477294922,195.9895477294922,44900,0.0,0.0
2017-09-22 00:00:00+09:00,195.98954944693165,197.67186317608986,191.7837651240361,194.30723571777344,97400,0.0,0.0
2017-09-25 00:00:00+09:00,195.9895477294922,197.67186144390843,195.14839087228407,195.9895477294922,52400,0.0,0.0
2017-09-26 00:00:00+09:00,194.3072030483148,197.6718299409263,194.3072030483148,196.83067321777344,88900,0.0,0.0
2017-09-27 00:00:00+09:00,196.83067321777344,197.6718299409263,195.98951649462055,196.83067321777344,32900,0.0,0.0
2017-09-28 00:00:00+09:00,197.67184293722804,200.1953132725969,196.83068615877175,199.35415649414062,105600,0.0,0.0
2017-09-29 00:00:00+09:00,201.03651428222656,206.08345606337033,200.1953573187026,201.03651428222656,346900,0.0,0.0
2017-10-02 00:00:00+09:00,210.28920470691116,210.28920470691116,203.55995015629003,205.2422637939453,293500,0.0,0.0
2017-10-03 00:00:00+09:00,206.08343505859375,206.08343505859375,201.87765066964286,206.08343505859375,105200,0.0,0.0
2017-10-04 00:00:00+09:00,206.08340681091815,206.08340681091815,201.03646623595688,203.5599365234375,160100,0.0,0.0
2017-10-05 00:00:00+09:00,202.71877679592225,208.6068740472561,201.8776200457317,206.924560546875,269000,0.0,0.0
2017-10-06 00:00:00+09:00,204.40112130301338,206.92459193638393,203.5599644252232,206.08343505859375,208900,0.0,0.0
2017-10-09 00:00:00+09:00,206.08343505859375,206.08343505859375,206.08343505859375,206.08343505859375,0,0.0,0.0
2017-10-10 00:00:00+09:00,253.1882235904215,273.37598892653483,247.30012536738846,261.59979248046875,21811200,0.0,0.0
2017-10-11 00:00:00+09:00,258.2351294943372,279.2640488342669,248.98240498476807,267.48785400390625,14652700,0.0,0.0
2017-10-12 00:00:00+09:00,260.75864097720284,265.8055824154713,254.02938572617828,256.5528564453125,4210800,0.0,0.0
2017-10-13 00:00:00+09:00,254.0293820524869,255.71169584091396,242.25318553349746,245.61781311035156,3372600,0.0,0.0
2017-10-16 00:00:00+09:00,245.61778658026188,252.34704100711838,238.04737535004833,241.41200256347656,1445800,0.0,0.0
2017-10-17 00:00:00+09:00,241.41198956126897,243.09430307737537,236.36504901294975,238.88851928710938,697700,0.0,0.0
2017-10-18 00:00:00+09:00,240.57088486029176,248.98245426100127,238.0474140400789,247.30014038085938,1169700,0.0,0.0
2017-10-19 00:00:00+09:00,243.9354721705119,255.7116673787435,241.41200176874798,242.25315856933594,1072000,0.0,0.0
2017-10-20 00:00:00+09:00,241.41200176874798,246.45894257227582,238.88853136698407,242.25315856933594,438400,0.0,0.0
2017-10-23 00:00:00+09:00,244.77662196303856,249.82356262207028,243.094308410028,249.8235626220703,499800,0.0,0.0
2017-10-24 00:00:00+09:00,248.1412675356295,275.8994432260559,245.61779701831804,246.45895385742188,7931800,0.0,0.0
2017-10-25 00:00:00+09:00,248.98242692618533,251.50589746935614,243.93548583984375,243.93548583984375,1143000,0.0,0.0
2017-10-26 00:00:00+09:00,242.25315856933594,245.61778577168783,240.57084496816,242.25315856933594,426100,0.0,0.0
2017-10-27 00:00:00+09:00,243.09432815604194,246.4589555353643,242.25317131121133,244.77664184570312,305900,0.0,0.0
2017-10-30 00:00:00+09:00,247.30012689877864,247.30012689877864,243.09434242771098,245.61781311035156,256900,0.0,0.0
2017-10-31 00:00:00+09:00,243.0943162706163,259.0762955410028,242.25315946691177,257.39398193359375,1050300,0.0,0.0
2017-11-01 00:00:00+09:00,259.07629315521336,259.9174499511719,252.3470387875455,259.9174499511719,641800,0.0,0.0
2017-11-02 00:00:00+09:00,259.0762947405588,264.1232355471931,254.02935393392457,258.2351379394531,901300,0.0,0.0
2017-11-03 00:00:00+09:00,258.2351379394531,258.2351379394531,258.2351379394531,258.2351379394531,0,0.0,0.0
2017-11-06 00:00:00+09:00,258.2351379394531,260.75860834277023,251.50588353060743,258.2351379394531,898800,0.0,0.0
2017-11-07 00:00:00+09:00,273.37595868650766,285.1521538299264,257.3939795632964,259.9174499511719,8582500,0.0,0.0
2017-11-08 00:00:00+09:00,264.1232476573173,327.2100106327911,260.7586202986253,307.8634033203125,35720600,0.0,0.0
2017-11-09 00:00:00+09:00,299.4518135178257,325.52767368370377,286.8344618246589,298.61065673828125,17514000,0.0,0.0
2017-11-10 00:00:00+09:00,293.56373048323906,297.76951458758344,283.4698486328125,283.4698486328125,2608100,0.0,0.0
2017-11-13 00:00:00+09:00,285.15216064453125,294.4048856211974,280.1052197481679,285.15216064453125,1913600,0.0,0.0
2017-11-14 00:00:00+09:00,281.7875485999562,285.15217604592584,259.0763133396612,270.0113525390625,4076000,0.0,0.0
2017-11-15 00:00:00+09:00,283.46983599814644,283.46983599814644,262.4409164137142,264.12322998046875,2207700,0.0,0.0
2017-11-16 00:00:00+09:00,268.32900624216336,280.1052008734809,265.80553596402393,272.5347900390625,1434300,0.0,0.0
2017-11-17 00:00:00+09:00,275.89944711538465,279.26407451923075,269.17019230769233,273.3759765625,874300,0.0,0.0
2017-11-20 00:00:00+09:00,275.8994559151786,296.08722098214287,275.8994559151786,294.4049072265625,3366600,0.0,0.0
2017-11-21 00:00:00+09:00,295.24603749150816,297.76950789741846,285.15215586786684,290.1990966796875,1772400,0.0,0.0
2017-11-22 00:00:00+09:00,294.40486542166093,310.38684383026543,292.72255190496577,307.022216796875,3370800,0.0,0.0
2017-11-23 00:00:00+09:00,307.022216796875,307.022216796875,307.022216796875,307.022216796875,0,0.0,0.0
2017-11-24 00:00:00+09:00,308.7045194123921,319.6395568847656,301.13410885459496,319.6395568847656,2803900,0.0,0.0
2017-11-27 00:00:00+09:00,323.0041890080429,328.892286203502,309.5456811327078,313.75146484375,2989600,0.0,0.0
2017-11-28 00:00:00+09:00,312.9035331952283,323.9272349067133,303.5757855932025,314.5994873046875,2106300,3.0,0.0
2017-11-29 00:00:00+09:00,322.2312275488772,359.54221179137875,322.2312275488772,337.49481201171875,10088400,0.0,0.0
2017-11-30 00:00:00+09:00,335.7989181518555,357.8463218688965,331.5590328216553,339.1908264160156,5371800,0.0,0.0
2017-12-01 00:00:00+09:00,340.88675302358774,340.88675302358774,328.16709806002103,330.7110290527344,1906100,0.0,0.0
2017-12-04 00:00:00+09:00,325.6231897865854,329.015098013529,310.35960276533916,312.9035339355469,2071400,0.0,0.0
2017-12-05 00:00:00+09:00,313.7514809756578,313.7514809756578,306.96766517077873,311.2075500488281,1124000,0.0,0.0
2017-12-06 00:00:00+09:00,307.8156445006474,312.90350639322014,301.8798056259793,304.4237365722656,1084500,0.0,0.0
2017-12-07 00:00:00+09:00,306.9676909836741,323.92723192199867,306.9676909836741,321.38330078125,1252100,0.0,0.0
2017-12-08 00:00:00+09:00,320.5352808081585,325.623142408288,310.35955760789955,312.0555114746094,991900,0.0,0.0
2017-12-11 00:00:00+09:00,318.8393340529057,343.43066566868833,316.2954031961006,338.3428039550781,3171900,0.0,0.0
2017-12-12 00:00:00+09:00,337.4948588310918,350.2145143146756,329.8630655409415,334.950927734375,3519900,0.0,0.0
2017-12-13 00:00:00+09:00,334.9509313013647,341.73474763151887,322.23127568232553,326.4711608886719,1579200,0.0,0.0
2017-12-14 00:00:00+09:00,320.5353215997869,326.4711608886719,319.6873445585177,326.4711608886719,800800,0.0,0.0
2017-12-15 00:00:00+09:00,323.0792556074633,323.92723265630184,315.44746216791697,319.6873474121094,665300,0.0,0.0
2017-12-18 00:00:00+09:00,320.5352905587243,329.863037109375,308.6636131306234,329.863037109375,1182900,0.0,0.0
2017-12-19 00:00:00+09:00,331.559009270919,331.559009270919,318.83935418379934,322.23126220703125,691500,0.0,0.0
2017-12-20 00:00:00+09:00,324.7752033475079,336.64688179885286,323.92722631526897,334.950927734375,1458400,0.0,0.0
2017-12-21 00:00:00+09:00,334.10293896993005,334.9509159723918,323.07923793792725,325.6231689453125,1070600,0.0,0.0
2017-12-22 00:00:00+09:00,325.6231867539788,327.3191408516558,317.9913933144324,319.6873474121094,1090700,0.0,0.0
2017-12-25 00:00:00+09:00,318.83931242467287,320.5352662141658,306.9676358982223,307.81561279296875,933400,0.0,0.0
2017-12-26 00:00:00+09:00,306.11971675739136,317.991395523606,304.4237626479321,314.5994873046875,764800,0.0,0.0
2017-12-27 00:00:00+09:00,317.14341626559394,320.5353244609479,310.35959987488604,319.6873474121094,626700,0.0,0.0
2017-12-28 00:00:00+09:00,318.8393264358108,323.92718802787164,312.9034879117399,313.75146484375,557200,0.0,0.0
2017-12-29 00:00:00+09:00,312.9035310214015,320.5353244609479,312.9035310214015,319.6873474121094,536500,0.0,0.0
2018-01-01 00:00:00+09:00,319.6873474121094,319.6873474121094,319.6873474121094,319.6873474121094,0,0.0,0.0
2018-01-02 00:00:00+09:00,319.6873474121094,319.6873474121094,319.6873474121094,319.6873474121094,0,0.0,0.0
2018-01-03 00:00:00+09:00,319.6873474121094,319.6873474121094,319.6873474121094,319.6873474121094,0,0.0,0.0
2018-01-04 00:00:00+09:00,323.92721494038904,329.8630539576213,319.68732992808026,325.6231689453125,872700,0.0,0.0
2018-01-05 00:00:00+09:00,328.1670810497678,338.34280449317146,325.62315018891684,336.6468505859375,1911500,0.0,0.0
2018-01-08 00:00:00+09:00,336.6468505859375,336.6468505859375,336.6468505859375,336.6468505859375,0,0.0,0.0
2018-01-09 00:00:00+09:00,341.73475916698726,343.4307133067738,330.71105725837475,335.7989196777344,981000,0.0,0.0
2018-01-10 00:00:00+09:00,335.79889040577166,340.8867523816167,331.5590054259008,332.406982421875,769300,0.0,0.0
2018-01-11 00:00:00+09:00,329.8630669245025,334.9509291392763,326.47115878131996,331.55902099609375,584600,0.0,0.0
2018-01-12 00:00:00+09:00,383.2855972523762,398.5491829836655,377.3497583568748,387.5254821777344,17994500,0.0,0.0
2018-01-15 00:00:00+09:00,340.0387766729925,345.12663866809964,329.01507568359375,329.01507568359375,5175400,0.0,0.0
2018-01-16 00:00:00+09:00,328.1671164204755,328.1671164204755,322.2312771053765,323.0792541503906,1091700,0.0,0.0
2018-01-17 00:00:00+09:00,321.38325622884986,321.38325622884986,314.5994407939401,317.14337158203125,1041700,0.0,0.0
2018-01-18 00:00:00+09:00,318.8393428293171,320.5352967805369,309.5115960976084,311.2075500488281,1092900,0.0,0.0
2018-01-19 00:00:00+09:00,311.2075365702311,311.2075365702311,303.57574412028,305.2716979980469,855400,0.0,0.0
2018-01-22 00:00:00+09:00,305.2716979980469,308.6636057535807,299.3358594258626,305.2716979980469,680400,0.0,0.0
2018-01-23 00:00:00+09:00,306.1196881951688,312.05552702443805,306.1196881951688,311.2075500488281,468400,0.0,0.0
2018-01-24 00:00:00+09:00,312.055556878811,317.9913962759623,308.6636486518674,312.9035339355469,803900,0.0,0.0
2018-01-25 00:00:00+09:00,310.35957307321826,313.7514809756578,310.35957307321826,311.2075500488281,305800,0.0,0.0
2018-01-26 00:00:00+09:00,312.055556878811,315.4474651057546,311.2075798220751,312.9035339355469,291600,0.0,0.0
2018-01-29 00:00:00+09:00,312.0555135091146,312.9034904479981,305.2716979980469,305.2716979980469,416000,0.0,0.0
2018-01-30 00:00:00+09:00,305.2716838138204,307.81561451226895,298.48786861795776,301.03179931640625,315800,0.0,0.0
2018-01-31 00:00:00+09:00,301.0318133036296,322.2312367757162,301.0318133036296,305.2716979980469,1853600,0.0,0.0
2018-02-01 00:00:00+09:00,306.96765187581383,310.3595596313477,301.879790242513,305.2716979980469,485700,0.0,0.0
2018-02-02 00:00:00+09:00,307.8156288146973,311.2075365702311,302.72776718139653,305.2716979980469,446700,0.0,0.0
2018-02-05 00:00:00+09:00,300.1838080705915,301.031784929548,296.7919006347656,296.7919006347656,445500,0.0,0.0
2018-02-06 00:00:00+09:00,276.4404948307918,285.768241588886,254.39309340256912,264.5688171386719,1321200,0.0,0.0
2018-02-07 00:00:00+09:00,282.3763820660381,284.9203134360024,265.4168395996094,265.4168395996094,486800,0.0,0.0
2018-02-08 00:00:00+09:00,266.2648132894641,275.5925615257192,266.2648132894641,272.2006530761719,472000,0.0,0.0
2018-02-09 00:00:00+09:00,261.17692462884344,264.5688327409064,256.0890624607491,263.7208557128906,602500,0.0,0.0
2018-02-12 00:00:00+09:00,263.7208557128906,263.7208557128906,263.7208557128906,263.7208557128906,0,0.0,0.0
2018-02-13 00:00:00+09:00,267.9607103465059,270.5046411409347,261.1768948946956,262.0248718261719,376200,0.0,0.0
2018-02-14 00:00:00+09:00,262.02489014692526,265.41679810999227,248.4572582946573,253.5451202392578,573400,0.0,0.0
2018-02-15 00:00:00+09:00,256.08903330583786,267.9607103465059,256.08903330583786,262.0248718261719,476800,0.0,0.0
2018-02-16 00:00:00+09:00,268.80874462662456,275.5925615257192,267.11279040185093,272.2006530761719,614200,0.0,0.0
2018-02-19 00:00:00+09:00,281.52834974016463,287.46418843950545,278.1364419119699,284.9202575683594,560600,0.0,0.0
2018-02-20 00:00:00+09:00,282.3763256297392,289.1601412604837,279.83239476821,288.3121643066406,264400,0.0,0.0
2018-02-21 00:00:00+09:00,287.4642325929882,292.5520951167579,285.7682784183983,289.1601867675781,290900,0.0,0.0
2018-02-22 00:00:00+09:00,289.1601581630422,290.00813516645286,281.5283651323461,284.0722961425781,415100,0.0,0.0
2018-02-23 00:00:00+09:00,282.37633846403884,296.79194733457535,282.37633846403884,294.2480163574219,401300,0.0,0.0
2018-02-26 00:00:00+09:00,299.3358934775166,304.42375568959903,291.70410015939296,295.09600830078125,438800,0.0,0.0
2018-02-27 00:00:00+09:00,299.335831211635,302.72773864746097,294.2479700578962,296.7919006347656,272400,0.0,0.0
2018-02-28 00:00:00+09:00,297.6399075768211,299.33586146614766,291.7040689641779,298.4878845214844,226900,0.0,0.0
2018-03-01 00:00:00+09:00,297.63990969990573,299.3358636013297,290.00811714349794,291.7040710449219,304400,0.0,0.0
2018-03-02 00:00:00+09:00,285.76824951171875,289.1601575177925,281.5283645041265,285.76824951171875,330800,0.0,0.0
2018-03-05 00:00:00+09:00,282.376315604183,284.92024637539186,269.65666174813873,270.504638671875,315400,0.0,0.0
2018-03-06 00:00:00+09:00,277.2885107091955,285.7682816788957,276.4405336122255,282.3763732910156,241700,0.0,0.0
2018-03-07 00:00:00+09:00,282.37633005777997,282.37633005777997,273.89656038637514,274.7445373535156,228300,0.0,0.0
2018-03-08 00:00:00+09:00,274.74456712219614,279.8324294763109,274.74456712219614,276.4405212402344,138300,0.0,0.0
2018-03-09 00:00:00+09:00,286.61617832728797,304.4236923653739,280.6803403145926,296.7919006347656,1967400,0.0,0.0
2018-03-12 00:00:00+09:00,305.2717045375279,305.2717045375279,281.52834974016463,284.9202575683594,1108900,0.0,0.0
2018-03-13 00:00:00+09:00,283.2242869385478,291.7040560085641,282.3763100315461,290.8560791015625,487800,0.0,0.0
2018-03-14 00:00:00+09:00,290.0080850892148,303.5757148009909,287.46415451825675,300.1838073730469,929200,0.0,0.0
2018-03-15 00:00:00+09:00,305.2717185507015,344.27866036551336,301.87981056680485,332.406982421875,10978300,0.0,0.0
2018-03-16 00:00:00+09:00,331.5590586751302,332.40703580729166,316.2954702962239,317.9914245605469,3307800,0.0,0.0
2018-03-19 00:00:00+09:00,319.6873234340123,362.9341496810537,319.6873234340123,344.2786560058594,12620300,0.0,0.0
2018-03-20 00:00:00+09:00,337.49485409463824,349.36653237937423,331.5590149522702,346.8226013183594,6889000,0.0,0.0
2018-03-21 00:00:00+09:00,346.8226013183594,346.8226013183594,346.8226013183594,346.8226013183594,0,0.0,0.0
2018-03-22 00:00:00+09:00,360.3902008573888,370.56592417571505,347.67054670948096,350.2144775390625,7988300,0.0,0.0
2018-03-23 00:00:00+09:00,332.4070023911609,337.4948646726583,320.53532373433376,321.38330078125,2966500,0.0,0.0
2018-03-26 00:00:00+09:00,315.4474593521713,328.1671149712104,302.72780373313213,326.4711608886719,2020200,0.0,0.0
2018-03-27 00:00:00+09:00,335.7988929748535,340.886754989624,325.6231689453125,325.6231689453125,2987000,0.0,0.0
2018-03-28 00:00:00+09:00,318.8393668241279,329.01509129723837,313.7515045875727,328.1671142578125,1015300,0.0,0.0
2018-03-29 00:00:00+09:00,329.8630533168971,334.1029383209703,322.23126030956524,327.3191223144531,967000,0.0,0.0
2018-03-30 00:00:00+09:00,331.5590586751302,332.40703580729166,313.75153889973956,317.9914245605469,1070600,0.0,0.0
2018-04-02 00:00:00+09:00,331.5590048078353,345.1266367181303,330.71102781344183,334.1029357910156,4533700,0.0,0.0
2018-04-03 00:00:00+09:00,324.7751727187843,340.88673481188323,322.2312418619792,338.3428039550781,2027000,0.0,0.0
2018-04-04 00:00:00+09:00,342.58271297919157,355.3023681640625,334.95091986826895,355.3023681640625,3178300,0.0,0.0
2018-04-05 00:00:00+09:00,352.7584063242281,364.6300834601396,347.67054469455167,356.998291015625,4016100,0.0,0.0
2018-04-06 00:00:00+09:00,355.3023906707764,356.1503677368164,338.3428493499756,339.1908264160156,1926700,0.0,0.0
2018-04-09 00:00:00+09:00,335.7989013671875,346.82260267469616,331.55901624891493,343.4306945800781,1420000,0.0,0.0
2018-04-10 00:00:00+09:00,342.5826850503178,351.0624544822564,336.6468464479608,350.2144775390625,1575300,0.0,0.0
2018-04-11 00:00:00+09:00,353.6064174810657,356.99832556241887,343.43069323700627,346.8226013183594,1301700,0.0,0.0
2018-04-12 00:00:00+09:00,342.5826673910651,363.782089878136,341.7346904915823,361.2381591796875,2550900,0.0,0.0
2018-04-13 00:00:00+09:00,363.78214851062967,371.4139418360275,357.8463092575425,368.02203369140625,2322500,0.0,0.0
2018-04-16 00:00:00+09:00,365.47810089497625,368.02203199169304,331.55901960541934,334.950927734375,3752900,0.0,0.0
2018-04-17 00:00:00+09:00,340.03879505067357,342.582726185716,323.0792541503906,323.0792541503906,1868200,0.0,0.0
2018-04-18 00:00:00+09:00,323.927187016941,329.0150485931233,315.44741772330383,317.14337158203125,1293800,0.0,0.0
2018-04-19 00:00:00+09:00,315.44746004507994,326.4711616057951,309.5116207431564,324.77520751953125,1257900,0.0,0.0
2018-04-20 00:00:00+09:00,323.92721686792123,327.3191248979518,317.9913778153677,320.5353088378906,440700,0.0,0.0
2018-04-23 00:00:00+09:00,319.68733379405035,325.6231728830645,315.44744873046875,315.44744873046875,605900,0.0,0.0
2018-04-24 00:00:00+09:00,316.2954421624905,319.6873503894341,312.055556878811,312.9035339355469,536900,0.0,0.0
2018-04-25 00:00:00+09:00,312.05558463541666,319.68737882486977,309.5116532389323,317.9914245605469,573200,0.0,0.0
2018-04-26 00:00:00+09:00,318.8393269414487,320.5352808081585,311.20753454125446,312.0555114746094,444500,0.0,0.0
2018-04-27 00:00:00+09:00,311.20755242902925,312.05552941112467,302.72778260807473,304.4237365722656,509000,0.0,0.0
2018-04-30 00:00:00+09:00,304.4237365722656,304.4237365722656,304.4237365722656,304.4237365722656,0,0.0,0.0
2018-05-01 00:00:00+09:00,300.1838080705915,301.8797617885045,293.39999319893974,296.7919006347656,547200,0.0,0.0
2018-05-02 00:00:00+09:00,295.94393791950927,306.11966071330323,295.94393791950927,301.03179931640625,388200,0.0,0.0
2018-05-03 00:00:00+09:00,301.03179931640625,301.03179931640625,301.03179931640625,301.03179931640625,0,0.0,0.0
2018-05-04 00:00:00+09:00,301.03179931640625,301.03179931640625,301.03179931640625,301.03179931640625,0,0.0,0.0
2018-05-07 00:00:00+09:00,301.8798366514575,304.42376785919447,300.18388251296614,302.7278137207031,115600,0.0,0.0
2018-05-08 00:00:00+09:00,301.87981844208934,312.90351967733415,301.03184142399357,310.3595886230469,372600,0.0,0.0
2018-05-09 00:00:00+09:00,309.5115984648383,312.05552941112467,303.5757595901702,304.4237365722656,285000,0.0,0.0
2018-05-10 00:00:00+09:00,303.5757590000649,310.3595748436418,303.5757590000649,306.11968994140625,344100,0.0,0.0
2018-05-11 00:00:00+09:00,305.2717129609591,309.51159786319465,303.5757590000649,306.11968994140625,123900,0.0,0.0
2018-05-14 00:00:00+09:00,306.9676693492165,308.6636233235216,297.6399224905387,299.33587646484375,303700,0.0,0.0
2018-05-15 00:00:00+09:00,298.48793147833095,299.3359085563944,295.09602316607715,295.9440002441406,269700,0.0,0.0
2018-05-16 00:00:00+09:00,295.9439703421909,300.18385530411337,293.4000393650374,294.2480163574219,176400,0.0,0.0
2018-05-17 00:00:00+09:00,298.48785365907486,301.0317842300329,295.94392308811683,300.1838073730469,152400,0.0,0.0
2018-05-18 00:00:00+09:00,301.031784929548,301.8797617885045,295.94392377580914,296.7919006347656,174000,0.0,0.0
2018-05-21 00:00:00+09:00,296.79192667422086,312.0555114746094,296.79192667422086,312.0555114746094,358400,0.0,0.0
2018-05-22 00:00:00+09:00,315.4474507316214,317.14340476781297,306.9676805506639,310.3595886230469,289300,0.0,0.0
2018-05-23 00:00:00+09:00,312.05552941112467,312.90350639322014,303.5757595901702,304.4237365722656,244000,0.0,0.0
2018-05-24 00:00:00+09:00,302.7277379440049,306.96762222893494,297.63987680208885,300.1838073730469,180600,0.0,0.0
2018-05-25 00:00:00+09:00,300.183838410811,305.27170007879084,297.6399075768211,298.4878845214844,148100,0.0,0.0
2018-05-28 00:00:00+09:00,301.03183043914885,305.2717153749115,298.4878994776912,299.33587646484375,132600,0.0,0.0
2018-05-29 00:00:00+09:00,296.79193063215774,301.8797923001376,295.0959767428311,298.4878845214844,183000,0.0,0.0
2018-05-30 00:00:00+09:00,290.85610838788386,296.79194733457535,288.3121774107304,294.2480163574219,177400,0.0,0.0
2018-05-31 00:00:00+09:00,296.7919013403744,298.4878550623194,292.5520170355119,293.3999938964844,115200,0.0,0.0
2018-06-01 00:00:00+09:00,292.5520951167579,295.9440034659377,288.31220968028316,289.1601867675781,182700,0.0,0.0
2018-06-04 00:00:00+09:00,289.1601900667758,290.8561442607158,280.68041909707557,282.3763732910156,295500,0.0,0.0
2018-06-05 00:00:00+09:00,280.68036175671045,281.5283386804467,267.96070790066614,270.504638671875,455500,0.0,0.0
2018-06-06 00:00:00+09:00,270.5046818271005,278.9844524172918,270.5046818271005,276.4405212402344,199800,0.0,0.0
2018-06-07 00:00:00+09:00,279.83243880733363,290.0081638548731,278.9844617200387,289.1601867675781,229000,0.0,0.0
2018-06-08 00:00:00+09:00,285.7682488815623,290.00813387980503,285.7682488815623,287.4642028808594,153400,0.0,0.0
2018-06-11 00:00:00+09:00,286.6162414550781,288.3121955465283,282.37635622645274,286.6162414550781,99400,0.0,0.0
2018-06-12 00:00:00+09:00,285.7682488815623,288.3121798805079,284.07229488226517,287.4642028808594,100700,0.0,0.0
2018-06-13 00:00:00+09:00,286.6162114824567,287.46418843950545,284.0722806113107,284.9202575683594,81100,0.0,0.0
2018-06-14 00:00:00+09:00,284.92027576691515,285.76825277812617,275.5925286435935,277.2884826660156,154300,0.0,0.0
2018-06-15 00:00:00+09:00,274.7445373535156,278.98442218921804,270.5046525178132,274.7445373535156,167200,0.0,0.0
2018-06-18 00:00:00+09:00,270.5046705457899,273.896578640408,265.41680840386283,267.1127624511719,147400,0.0,0.0
2018-06-19 00:00:00+09:00,267.11274807269757,270.5046559847318,261.17690922663763,264.5688171386719,182600,0.0,0.0
2018-06-20 00:00:00+09:00,263.7208836311798,268.8087463378906,256.9370666888986,268.8087463378906,140500,0.0,0.0
2018-06-21 00:00:00+09:00,267.9607675142377,275.5925615257192,266.2648132894641,272.2006530761719,121200,0.0,0.0
2018-06-22 00:00:00+09:00,266.2647854275174,269.6566935221354,265.41680840386283,267.1127624511719,97300,0.0,0.0
2018-06-25 00:00:00+09:00,267.9607575651887,271.3526658887987,260.3289638370662,261.17694091796875,139300,0.0,0.0
2018-06-26 00:00:00+09:00,258.63297887002267,263.72084074943297,258.63297887002267,262.87286376953125,98800,0.0,0.0
2018-06-27 00:00:00+09:00,262.0249311063236,267.9607709695737,260.3289768596808,265.4168395996094,124200,0.0,0.0
2018-06-28 00:00:00+09:00,265.4167959175858,265.4167959175858,256.089049096201,259.48095703125,182100,0.0,0.0
2018-06-29 00:00:00+09:00,258.63298004748776,263.7208419500613,257.7850030637255,259.48095703125,205300,0.0,0.0
2018-07-02 00:00:00+09:00,288.3121327306494,306.11964681107185,285.7682021477319,293.3999938964844,3728500,0.0,0.0
2018-07-03 00:00:00+09:00,290.85613777576,296.79197732220405,282.3763669951256,295.9440002441406,1122000,0.0,0.0
2018-07-04 00:00:00+09:00,290.8560791015625,293.4000098225674,284.920240752551,290.8560791015625,376500,0.0,0.0
2018-07-05 00:00:00+09:00,290.8561451154173,301.0318703089596,279.8324428224131,280.680419921875,1285200,0.0,0.0
2018-07-06 00:00:00+09:00,281.5283638833195,288.3121798805079,279.8324098840224,287.4642028808594,353000,0.0,0.0
2018-07-09 00:00:00+09:00,286.61620934064996,293.40002494634587,282.3763245870901,291.7040710449219,276300,0.0,0.0
2018-07-10 00:00:00+09:00,293.4000393650374,295.9439703421909,289.16015440311486,294.2480163574219,214700,0.0,0.0
2018-07-11 00:00:00+09:00,290.00811714349794,300.1838405520417,284.07227848851403,291.7040710449219,545800,0.0,0.0
2018-07-12 00:00:00+09:00,286.61624002735516,295.94398748386675,286.61624002735516,290.0081481933594,337800,0.0,0.0
2018-07-13 00:00:00+09:00,292.55206237265287,296.79194733457535,290.0081313954994,294.2480163574219,238900,0.0,0.0
2018-07-16 00:00:00+09:00,294.2480163574219,294.2480163574219,294.2480163574219,294.2480163574219,0,0.0,0.0
2018-07-17 00:00:00+09:00,293.39999319893974,298.4878543526786,290.85606262207034,296.7919006347656,272000,0.0,0.0
2018-07-18 00:00:00+09:00,298.4878845214844,302.7277692448009,293.40002285350454,298.4878845214844,362600,0.0,0.0
2018-07-19 00:00:00+09:00,301.03185958221184,306.96769906693146,299.3359054437205,302.7278137207031,544400,0.0,0.0
2018-07-20 00:00:00+09:00,305.27171121955894,311.2075500488281,301.8798033171194,311.2075500488281,525100,0.0,0.0
2018-07-23 00:00:00+09:00,311.2075542849792,311.2075542849792,297.6399224905387,299.33587646484375,322200,0.0,0.0
2018-07-24 00:00:00+09:00,299.3358574742856,313.7514653413192,299.3358574742856,312.0555114746094,339600,0.0,0.0
2018-07-25 00:00:00+09:00,316.29543779027745,326.4711623304472,312.90352961022086,323.0792541503906,1065600,0.0,0.0
2018-07-26 00:00:00+09:00,321.38330078125,327.3191401096636,313.75150735900394,321.38330078125,534600,0.0,0.0
2018-07-27 00:00:00+09:00,320.5353568642133,322.23131113333613,315.44749405684485,316.29547119140625,261400,0.0,0.0
2018-07-30 00:00:00+09:00,315.4474931640625,321.3833330891927,310.3596303710937,317.9914245605469,410500,0.0,0.0
2018-07-31 00:00:00+09:00,317.14335863517994,317.14335863517994,306.9676358982223,307.81561279296875,257700,0.0,0.0
2018-08-01 00:00:00+09:00,313.75151099228276,313.75151099228276,306.96769453839556,312.9035339355469,269800,0.0,0.0
2018-08-02 00:00:00+09:00,311.20753454125446,317.9913500080938,309.51158067454463,312.0555114746094,235500,0.0,0.0
2018-08-03 00:00:00+09:00,312.9035057849831,315.44743672632444,305.2717129609591,306.11968994140625,216500,0.0,0.0
2018-08-06 00:00:00+09:00,302.7278016189049,306.1197097602932,294.2480312654342,295.09600830078125,328600,0.0,0.0
2018-08-07 00:00:00+09:00,293.39999319893974,298.4878543526786,290.00808576311385,296.7919006347656,156000,0.0,0.0
2018-08-08 00:00:00+09:00,295.94393791950927,306.11966071330323,295.94393791950927,301.03179931640625,194800,0.0,0.0
2018-08-09 00:00:00+09:00,301.8798397905847,303.57579394671154,295.09602316607715,295.9440002441406,166200,0.0,0.0
2018-08-10 00:00:00+09:00,301.03183292997056,301.03183292997056,289.1601550116055,292.55206298828125,259200,0.0,0.0
2018-08-13 00:00:00+09:00,290.00812158351994,290.8560985472144,278.1364440917969,278.1364440917969,236500,0.0,0.0
2018-08-14 00:00:00+09:00,278.984434122114,285.7682501493995,278.984434122114,284.0722961425781,154000,0.0,0.0
2018-08-15 00:00:00+09:00,283.2243058739639,283.2243058739639,276.4404901644079,278.1364440917969,163400,0.0,0.0
2018-08-16 00:00:00+09:00,274.74456862929446,278.1364768839771,269.65670624727045,273.0486145019531,130200,0.0,0.0
2018-08-17 00:00:00+09:00,273.04859825721155,276.44050631009617,272.2006212439904,275.592529296875,129200,0.0,0.0
2018-08-20 00:00:00+09:00,271.35267596378503,277.2885157504928,270.50469885139825,272.2006530761719,89700,0.0,0.0
2018-08-21 00:00:00+09:00,274.74452329055646,275.5925002142927,268.80868482440246,270.504638671875,102000,0.0,0.0
2018-08-22 00:00:00+09:00,267.960735542694,278.1364596772267,267.11275853148294,277.2884826660156,225000,0.0,0.0
2018-08-23 00:00:00+09:00,282.3763415056449,288.3121805162741,278.13645649805267,285.76824951171875,174900,0.0,0.0
2018-08-24 00:00:00+09:00,285.76826440935304,288.3121955465283,280.68040213500257,286.6162414550781,145200,0.0,0.0
2018-08-27 00:00:00+09:00,288.3121955465283,291.70410372942865,286.6162414550781,286.6162414550781,134100,0.0,0.0
2018-08-28 00:00:00+09:00,290.856140942168,293.4000722040529,286.61625550569323,289.1601867675781,214300,0.0,0.0
2018-08-29 00:00:00+09:00,291.70403948102677,297.6398774937221,290.85606262207034,296.7919006347656,169800,0.0,0.0
2018-08-30 00:00:00+09:00,298.48791644216954,300.1838705128637,294.2480312654342,295.09600830078125,81500,0.0,0.0
2018-08-31 00:00:00+09:00,293.40003998245015,295.943970964957,292.55206298828125,292.55206298828125,82200,0.0,0.0
2018-09-03 00:00:00+09:00,291.70410674124054,291.70410674124054,278.13647386955495,279.8324279785156,246200,0.0,0.0
2018-09-04 00:00:00+09:00,279.8323958260672,287.46418843950545,279.8323958260672,284.9202575683594,79700,0.0,0.0
2018-09-05 00:00:00+09:00,284.07232831972243,286.61625961810796,279.8324428224131,280.680419921875,75700,0.0,0.0
2018-09-06 00:00:00+09:00,279.83241503452734,279.83241503452734,273.8965759277344,273.8965759277344,121300,0.0,0.0
2018-09-07 00:00:00+09:00,272.20062059874925,278.1364596772267,271.35264358753824,277.2884826660156,170000,0.0,0.0
2018-09-10 00:00:00+09:00,277.2884879808747,317.14340827170383,273.8965798710169,301.87982177734375,3886500,0.0,0.0
2018-09-11 00:00:00+09:00,298.4878550623194,304.42369308912686,290.0080864525944,293.3999938964844,804100,0.0,0.0
2018-09-12 00:00:00+09:00,295.0960141836879,295.0960141836879,278.9844501909003,281.52838134765625,471600,0.0,0.0
2018-09-13 00:00:00+09:00,279.83243880733363,292.5520951167579,279.83243880733363,289.1601867675781,253900,0.0,0.0
2018-09-14 00:00:00+09:00,288.3121920180047,295.9439853361283,286.61623794731054,295.09600830078125,248800,0.0,0.0
2018-09-17 00:00:00+09:00,295.09600830078125,295.09600830078125,295.09600830078125,295.09600830078125,0,0.0,0.0
2018-09-18 00:00:00+09:00,292.55204799563387,300.1838405520417,290.8560940942099,291.7040710449219,236300,0.0,0.0
2018-09-19 00:00:00+09:00,294.2480460880137,299.3359085563944,292.5520919318868,295.9440002441406,279100,0.0,0.0
2018-09-20 00:00:00+09:00,301.0318138079937,306.9676523901231,295.9439521661684,303.57574462890625,409000,0.0,0.0
2018-09-21 00:00:00+09:00,304.42376785919447,306.96769906693146,300.18388251296614,302.7278137207031,238900,0.0,0.0
2018-09-24 00:00:00+09:00,302.7278137207031,302.7278137207031,302.7278137207031,302.7278137207031,0,0.0,0.0
2018-09-25 00:00:00+09:00,301.0318133036296,307.8156288146973,301.0318133036296,305.2716979980469,214900,0.0,0.0
2018-09-26 00:00:00+09:00,306.1196590034758,312.9034741614476,304.4237052139829,307.81561279296875,357900,0.0,0.0
2018-09-27 00:00:00+09:00,302.72778260807473,310.3595754469338,302.72778260807473,304.4237365722656,247000,0.0,0.0
2018-09-28 00:00:00+09:00,306.9676513671875,310.3595591171012,306.1196744297091,306.9676513671875,190400,0.0,0.0
2018-10-01 00:00:00+09:00,309.5115792177578,322.23123315821357,307.8156253590303,317.14337158203125,440900,0.0,0.0
2018-10-02 00:00:00+09:00,317.9913817859087,318.83935880400446,306.1197035325681,310.3595886230469,348200,0.0,0.0
2018-10-03 00:00:00+09:00,312.055528804536,314.5994597458773,306.11968994140625,306.11968994140625,291100,0.0,0.0
2018-10-04 00:00:00+09:00,306.96766517077873,312.05552702443805,303.57575726833915,311.2075500488281,317400,0.0,0.0
2018-10-05 00:00:00+09:00,307.8156708668506,317.14341846887635,306.96769381212096,314.5994873046875,491600,0.0,0.0
2018-10-08 00:00:00+09:00,314.5994873046875,314.5994873046875,314.5994873046875,314.5994873046875,0,0.0,0.0
2018-10-09 00:00:00+09:00,267.11275113339457,270.5046590842948,255.2410733052437,256.08905029296875,1709000,0.0,0.0
2018-10-10 00:00:00+09:00,254.39309723002455,258.6329821838583,251.00118926695754,253.5451202392578,614200,0.0,0.0
2018-10-11 00:00:00+09:00,237.433547432541,245.91331698370317,234.88961656719235,239.12950134277344,680900,0.0,0.0
2018-10-12 00:00:00+09:00,239.12954499248013,245.91336187169944,236.5856136627729,243.3694305419922,369600,0.0,0.0
2018-10-15 00:00:00+09:00,245.91333168431333,247.6092856959293,239.97749264365748,241.67344665527344,301500,0.0,0.0
2018-10-16 00:00:00+09:00,245.06533683724956,254.39308322205835,240.8254521168819,249.3052215576172,466200,0.0,0.0
2018-10-17 00:00:00+09:00,251.00115966796875,254.3930672310494,249.3052058864284,251.00115966796875,357500,0.0,0.0
2018-10-18 00:00:00+09:00,251.00119240308715,252.6971464058107,243.36939939083112,245.0653533935547,359400,0.0,0.0
2018-10-19 00:00:00+09:00,243.36938503238704,251.84915454571063,240.82545417838998,242.5214080810547,927400,0.0,0.0
2018-10-22 00:00:00+09:00,242.5214239845813,247.6092860262159,238.28153894988583,240.82546997070312,389600,0.0,0.0
2018-10-23 00:00:00+09:00,239.12950271992048,240.8254566399199,233.19366399992245,234.88961791992188,309100,0.0,0.0
2018-10-24 00:00:00+09:00,235.73757978798687,238.2815105051234,228.9537645422894,234.0416259765625,167600,0.0,0.0
2018-10-25 00:00:00+09:00,225.56189069276527,228.95379882348354,222.169982562047,223.01795959472656,298500,0.0,0.0
2018-10-26 00:00:00+09:00,225.56189397376352,226.4098710187777,210.29830716350887,215.38616943359375,297200,0.0,0.0
2018-10-29 00:00:00+09:00,218.77807761365034,221.32200874869278,209.45033011849472,215.38616943359375,302200,0.0,0.0
2018-10-30 00:00:00+09:00,210.29830410453303,224.7139136600857,210.29830410453303,223.01795959472656,246400,0.0,0.0
2018-10-31 00:00:00+09:00,225.5618873009315,233.1936804802863,221.32200220128993,231.4977264404297,200100,0.0,0.0
2018-11-01 00:00:00+09:00,230.64974942050137,239.1295196197845,228.10581836071643,231.4977264404297,436500,0.0,0.0
2018-11-02 00:00:00+09:00,235.73757978798687,236.58555669369906,228.9537645422894,234.0416259765625,170500,0.0,0.0
2018-11-05 00:00:00+09:00,231.49769525942597,238.2815105051234,228.9537645422894,234.0416259765625,163400,0.0,0.0
2018-11-06 00:00:00+09:00,234.0416113909553,235.73756509668686,229.8017271266264,230.6497039794922,103300,0.0,0.0
2018-11-07 00:00:00+09:00,231.49775785889574,236.58562066898136,227.2578721838244,229.8018035888672,252500,0.0,0.0
2018-11-08 00:00:00+09:00,233.1936801437044,237.43356523722628,232.345703125,232.345703125,177800,0.0,0.0
2018-11-09 00:00:00+09:00,231.49772610629563,235.73761119981754,229.80177206888686,232.345703125,171800,0.0,0.0
2018-11-12 00:00:00+09:00,230.64974942050137,232.345703460358,228.10581836071643,231.4977264404297,84700,0.0,0.0
2018-11-13 00:00:00+09:00,228.10581836071643,232.345703460358,226.4098643208598,231.4977264404297,191400,0.0,0.0
2018-11-14 00:00:00+09:00,232.3456739738806,234.8896047108209,227.2578125,227.2578125,177100,0.0,0.0
2018-11-15 00:00:00+09:00,225.5618746775501,228.10580559496609,223.01794376013413,224.71389770507812,145600,0.0,0.0
2018-11-16 00:00:00+09:00,225.56189212283573,226.4098691608915,219.6260528564453,219.6260528564453,109000,0.0,0.0
2018-11-19 00:00:00+09:00,221.32200350282804,228.9537967270635,219.62604945299796,228.10581970214844,91700,0.0,0.0
2018-11-20 00:00:00+09:00,225.56190490722656,228.10583616557875,223.86595073499177,225.56190490722656,123600,0.0,0.0
2018-11-21 00:00:00+09:00,221.32198842366537,228.9537811279297,220.4740114565249,228.9537811279297,100000,0.0,0.0
2018-11-22 00:00:00+09:00,229.8017432369403,229.8017432369403,224.7138817630597,227.2578125,105700,0.0,0.0
2018-11-23 00:00:00+09:00,227.2578125,227.2578125,227.2578125,227.2578125,0,0.0,0.0
2018-11-26 00:00:00+09:00,224.71391160248825,232.3457048267237,224.71391160248825,228.10581970214844,178000,0.0,0.0
2018-11-27 00:00:00+09:00,230.64976086296377,239.97750854492188,229.8017838009676,239.97750854492188,853000,0.0,0.0
2018-11-28 00:00:00+09:00,243.41801899501255,246.8585563659668,240.83761596679688,240.83761596679688,344000,4.0,0.0
2018-11-29 00:00:00+09:00,244.27814155117048,244.27814155117048,239.9774700449879,241.69773864746094,172700,0.0,0.0
2018-11-30 00:00:00+09:00,240.83762872869318,240.83762872869318,234.81668801047584,236.53695678710938,162900,0.0,0.0
2018-12-03 00:00:00+09:00,241.6977774233801,245.99844961952567,234.81670190954722,239.97750854492188,331900,0.0,0.0
2018-12-04 00:00:00+09:00,239.11738524029246,239.11738524029246,230.5160404474762,231.3761749267578,158700,0.0,0.0
2018-12-05 00:00:00+09:00,228.7957226198111,233.9565283931903,227.0754540286847,230.5159912109375,156000,0.0,0.0
2018-12-06 00:00:00+09:00,230.51601929175084,230.51601929175084,224.49507848935437,226.21534729003906,151700,0.0,0.0
2018-12-07 00:00:00+09:00,226.2153484094097,228.79575162320526,221.9146763864171,222.77481079101562,122200,0.0,0.0
2018-12-10 00:00:00+09:00,221.0545167468843,221.91465105329243,216.75384521484375,216.75384521484375,165600,0.0,0.0
2018-12-11 00:00:00+09:00,216.75385044642857,216.75385044642857,209.01264150191327,210.73291015625,346300,0.0,0.0
2018-12-12 00:00:00+09:00,209.87280249688413,221.05455017089844,209.87280249688413,221.05455017089844,153200,0.0,0.0
2018-12-13 00:00:00+09:00,221.0545339182419,225.35520578435555,218.4741307985737,224.4950714111328,151600,0.0,0.0
2018-12-14 00:00:00+09:00,222.77481310111116,223.63494751462898,215.03360337945094,215.89373779296875,159200,0.0,0.0
2018-12-17 00:00:00+09:00,213.31333691004372,215.03360575609244,208.15253037189748,209.01266479492188,144200,0.0,0.0
2018-12-18 00:00:00+09:00,205.57212233645723,206.43225673953864,200.41131591796875,200.41131591796875,204300,0.0,0.0
2018-12-19 00:00:00+09:00,200.4113137652765,209.87279209754277,197.83091058374933,207.29238891601562,238500,0.0,0.0
2018-12-20 00:00:00+09:00,201.2714254018423,204.71196258819856,190.08967954618439,190.94981384277344,233000,0.0,0.0
2018-12-21 00:00:00+09:00,183.2086191131738,189.22955964740956,172.88700676876962,179.76808166503906,547800,0.0,0.0
2018-12-24 00:00:00+09:00,179.76808166503906,179.76808166503906,179.76808166503906,179.76808166503906,0,0.0,0.0
2018-12-25 00:00:00+09:00,166.00592847894,172.02686889009325,161.70525675668767,164.28565979003906,404700,0.0,0.0
2018-12-26 00:00:00+09:00,172.0268778281637,178.90795294129023,171.16674343902287,173.7471466064453,306500,0.0,0.0
2018-12-27 00:00:00+09:00,180.62820294581422,188.369411643492,179.76806864607227,187.50927734375,269300,0.0,0.0
2018-12-28 00:00:00+09:00,182.34848983973674,191.80996808613818,182.34848983973674,188.3694305419922,186800,0.0,0.0
2018-12-31 00:00:00+09:00,188.3694305419922,188.3694305419922,188.3694305419922,188.3694305419922,0,0.0,0.0
2019-01-04 00:00:00+09:00,188.36940862091495,188.36940862091495,177.1876629036917,183.20860290527344,199800,0.0,0.0
2019-01-07 00:00:00+09:00,190.08968594199735,200.41129784835013,190.08968594199735,196.11062622070312,278100,0.0,0.0
2019-01-08 00:00:00+09:00,195.25052096925933,203.85186550535005,195.25052096925933,199.5511932373047,153200,0.0,0.0
2019-01-09 00:00:00+09:00,198.69103645656418,209.01264874002206,196.1106333856997,197.83090209960938,419000,0.0,0.0
2019-01-10 00:00:00+09:00,227.93561958221798,244.27817343905625,214.17346896593313,215.89373779296875,7896800,0.0,0.0
2019-01-11 00:00:00+09:00,209.8727945467321,215.0336009700124,208.152525738972,211.5930633544922,942100,0.0,0.0
2019-01-15 00:00:00+09:00,209.87277856445314,218.47412194824219,209.01264422607423,215.03358459472656,416100,0.0,0.0
2019-01-16 00:00:00+09:00,209.01265466801254,212.45319219341192,191.80996704101562,191.80996704101562,1129300,0.0,0.0
2019-01-17 00:00:00+09:00,191.80996704101562,197.83090771046454,190.08969827831595,191.80996704101562,383200,0.0,0.0
2019-01-18 00:00:00+09:00,195.25049725700825,195.25049725700825,187.5092881146599,190.08969116210938,331000,0.0,0.0
2019-01-21 00:00:00+09:00,192.67010142236546,193.53023580371533,190.08969827831595,191.80996704101562,244600,0.0,0.0
2019-01-22 00:00:00+09:00,190.9498264295165,191.8099607828026,186.64915466308594,186.64915466308594,231900,0.0,0.0
2019-01-23 00:00:00+09:00,185.78902030979984,189.22955772294426,183.2086172499415,186.64915466308594,192000,0.0,0.0
2019-01-24 00:00:00+09:00,186.6491617699192,190.0896993140652,183.20862422577324,188.3694305419922,206400,0.0,0.0
2019-01-25 00:00:00+09:00,187.5092951342664,192.67010142236546,186.64916075291654,191.80996704101562,211500,0.0,0.0
2019-01-28 00:00:00+09:00,191.80996704101562,194.39037018506517,190.9498326596658,191.80996704101562,217900,0.0,0.0
2019-01-29 00:00:00+09:00,191.80996704101562,193.53023580371533,186.64916075291654,191.80996704101562,301200,0.0,0.0
2019-01-30 00:00:00+09:00,190.0896920762304,190.9498264295165,186.64915466308594,186.64915466308594,171200,0.0,0.0
2019-01-31 00:00:00+09:00,187.50927665641717,192.6700824359516,187.50927665641717,190.94981384277344,265700,0.0,0.0
2019-02-01 00:00:00+09:00,197.830888215486,199.55115680866413,188.36941095300625,190.94981384277344,446300,0.0,0.0
2019-02-04 00:00:00+09:00,191.8099625173923,196.97076868377957,190.08969379526323,194.39036560058594,246600,0.0,0.0
2019-02-05 00:00:00+09:00,194.39036560058594,197.8309030448441,193.5302312395214,194.39036560058594,191500,0.0,0.0
2019-02-06 00:00:00+09:00,194.3903620062934,196.97076504177517,192.67009331597222,193.5302276611328,87600,0.0,0.0
2019-02-07 00:00:00+09:00,193.53021673254065,194.39035102912973,189.2295452495953,190.94981384277344,109200,0.0,0.0
2019-02-08 00:00:00+09:00,187.50927734375,190.08968024297593,185.78900874426606,187.50927734375,154900,0.0,0.0
2019-02-12 00:00:00+09:00,186.6491423598281,194.39035102912973,186.6491423598281,190.94981384277344,259200,0.0,0.0
2019-02-13 00:00:00+09:00,192.67009687845686,194.39036560058594,191.8099625173923,194.39036560058594,129000,0.0,0.0
2019-02-14 00:00:00+09:00,194.39037377493722,196.97077696663993,192.67010498046875,192.67010498046875,117100,0.0,0.0
2019-02-15 00:00:00+09:00,191.80996808613818,191.80996808613818,188.3694305419922,188.3694305419922,129300,0.0,0.0
2019-02-18 00:00:00+09:00,193.53024069331747,201.27145032105017,192.67010629023605,200.41131591796875,428900,0.0,0.0
2019-02-19 00:00:00+09:00,197.83090209960938,200.41130517047384,196.97076774265454,197.83090209960938,132600,0.0,0.0
2019-02-20 00:00:00+09:00,196.97076416015625,200.41130152539915,196.11062981884552,196.97076416015625,135300,0.0,0.0
2019-02-21 00:00:00+09:00,196.97076054623253,197.83089487176193,193.53022324411495,196.11062622070312,121300,0.0,0.0
2019-02-22 00:00:00+09:00,196.11064256940568,196.11064256940568,191.8099705832345,192.67010498046875,122500,0.0,0.0
2019-02-25 00:00:00+09:00,195.25049189517372,196.97076054623253,194.39035756964435,196.11062622070312,52500,0.0,0.0
2019-02-26 00:00:00+09:00,195.25048828125,197.83089121007708,195.25048828125,195.25048828125,107600,0.0,0.0
2019-02-27 00:00:00+09:00,196.1106333856997,199.551170813519,194.39036467179008,197.83090209960938,116300,0.0,0.0
2019-02-28 00:00:00+09:00,199.55115982929516,199.55115982929516,195.25048828125,195.25048828125,116100,0.0,0.0
2019-03-01 00:00:00+09:00,195.25051754377623,199.55118973637042,195.25051754377623,198.69105529785156,148600,0.0,0.0
2019-03-04 00:00:00+09:00,199.5511932373047,201.27146214452284,197.83092433008653,199.5511932373047,107500,0.0,0.0
2019-03-05 00:00:00+09:00,197.83089121007708,199.55115982929516,195.25048828125,195.25048828125,115200,0.0,0.0
2019-03-06 00:00:00+09:00,196.97075690046805,197.83089121007708,195.25048828125,195.25048828125,64900,0.0,0.0
2019-03-07 00:00:00+09:00,195.250504566415,195.250504566415,190.9498326596658,191.80996704101562,99600,0.0,0.0
2019-03-08 00:00:00+09:00,188.3694197336833,189.22955407036676,183.20861371358237,185.7890167236328,126800,0.0,0.0
2019-03-11 00:00:00+09:00,185.7890167236328,186.6491510603163,183.20861371358237,185.7890167236328,81000,0.0,0.0
2019-03-12 00:00:00+09:00,189.22956492802868,191.80996808613818,187.5092961559557,188.3694305419922,61600,0.0,0.0
2019-03-13 00:00:00+09:00,187.5092853969998,188.3694197336833,184.92888238694934,185.7890167236328,27100,0.0,0.0
2019-03-14 00:00:00+09:00,187.50929967706853,190.0897028836337,186.64916527488015,189.2295684814453,108100,0.0,0.0
2019-03-15 00:00:00+09:00,187.50928174395895,190.94981902366462,184.06874446425329,184.9288787841797,159600,0.0,0.0
2019-03-18 00:00:00+09:00,185.78900874426606,187.50927734375,184.9288744445241,187.50927734375,74800,0.0,0.0
2019-03-19 00:00:00+09:00,186.6491510603163,187.5092853969998,184.92888238694934,185.7890167236328,53500,0.0,0.0
2019-03-20 00:00:00+09:00,184.9288787841797,186.64914742403252,184.06874446425329,184.9288787841797,82900,0.0,0.0
2019-03-22 00:00:00+09:00,185.78901310410612,185.78901310410612,183.20861014432685,184.9288787841797,91400,0.0,0.0
2019-03-25 00:00:00+09:00,181.48836223895734,181.48836223895734,178.0478245661809,178.907958984375,157500,0.0,0.0
2019-03-26 00:00:00+09:00,179.76810041155136,183.20863821847098,178.90796595982144,180.62823486328125,90000,0.0,0.0
2019-03-27 00:00:00+09:00,182.34846861933318,184.0687371912137,180.62820004745268,183.20860290527344,94200,0.0,0.0
2019-03-28 00:00:00+09:00,182.3485037667411,183.20863821847098,179.76810041155136,180.62823486328125,102100,0.0,0.0
2019-03-29 00:00:00+09:00,180.62820004745268,185.7890057630942,180.62820004745268,183.20860290527344,223400,0.0,0.0
2019-04-01 00:00:00+09:00,190.08968024297593,190.9498145427179,185.78900874426606,187.50927734375,282200,0.0,0.0
2019-04-02 00:00:00+09:00,191.80994813936252,193.53021673254065,188.36941095300625,190.94981384277344,157100,0.0,0.0
2019-04-03 00:00:00+09:00,190.08970178876604,196.97077696663993,189.2295673915318,192.67010498046875,305600,0.0,0.0
2019-04-04 00:00:00+09:00,190.94983618600028,193.53023937770297,190.94983618600028,192.67010498046875,57700,0.0,0.0
2019-04-05 00:00:00+09:00,193.53021966203193,196.11062259085904,192.67008535242292,195.25048828125,135000,0.0,0.0
2019-04-08 00:00:00+09:00,196.1106554228684,200.41132769091377,195.25052096925933,199.5511932373047,168700,0.0,0.0
2019-04-09 00:00:00+09:00,199.55116718408843,199.55116718408843,193.53022679491335,196.97076416015625,142400,0.0,0.0
2019-04-10 00:00:00+09:00,196.11062981884552,197.83089850146698,193.53022679491335,196.97076416015625,58800,0.0,0.0
2019-04-11 00:00:00+09:00,196.97076774265454,198.69103645656418,193.53023031483525,197.83090209960938,106700,0.0,0.0
2019-04-12 00:00:00+09:00,196.11065198229505,201.27145861340807,195.25051754377623,198.69105529785156,238100,0.0,0.0
2019-04-15 00:00:00+09:00,201.27144922184038,205.57212121376006,201.27144922184038,203.8518524169922,203600,0.0,0.0
2019-04-16 00:00:00+09:00,202.99172749044575,204.71199636748344,196.11065198229505,198.69105529785156,164400,0.0,0.0
2019-04-17 00:00:00+09:00,197.83092085933274,201.27145861340807,197.83092085933274,198.69105529785156,115700,0.0,0.0
2019-04-18 00:00:00+09:00,201.27143217387953,202.13156649940893,196.11062622070312,196.11062622070312,65200,0.0,0.0
2019-04-19 00:00:00+09:00,197.83092433008653,199.5511932373047,197.83092433008653,199.5511932373047,45900,0.0,0.0
2019-04-22 00:00:00+09:00,199.55117176697317,199.55117176697317,194.39036560058594,194.39036560058594,73500,0.0,0.0
2019-04-23 00:00:00+09:00,193.5302276611328,194.3903620062934,191.80995897081164,193.5302276611328,79300,0.0,0.0
2019-04-24 00:00:00+09:00,193.53023937770297,194.39037377493722,191.8099705832345,192.67010498046875,83500,0.0,0.0
2019-04-25 00:00:00+09:00,193.53023031483525,197.83090209960938,190.9498272439708,197.83090209960938,102900,0.0,0.0
2019-04-26 00:00:00+09:00,197.83089487176193,197.83089487176193,191.80995459305615,196.11062622070312,89100,0.0,0.0
2019-05-07 00:00:00+09:00,193.53023580371533,194.39037018506517,191.80996704101562,191.80996704101562,40000,0.0,0.0
2019-05-08 00:00:00+09:00,189.22956492802868,190.0896993140652,187.5092961559557,188.3694305419922,53800,0.0,0.0
2019-05-09 00:00:00+09:00,186.6491592264621,187.5092936007776,183.20862172920013,184.06875610351562,65200,0.0,0.0
2019-05-10 00:00:00+09:00,183.20861371358237,189.22955407036676,182.34847937689887,185.7890167236328,86900,0.0,0.0
2019-05-13 00:00:00+09:00,184.92889872137104,184.92889872137104,182.34849548339844,182.34849548339844,52100,0.0,0.0
2019-05-14 00:00:00+09:00,177.18769014798679,178.907958984375,173.74715247521036,178.907958984375,87300,0.0,0.0
2019-05-15 00:00:00+09:00,179.7680922454258,182.34849548339844,178.04782342011072,182.34849548339844,63800,0.0,0.0
2019-05-16 00:00:00+09:00,183.20862633583104,183.20862633583104,180.62822314800243,181.4883575439453,51500,0.0,0.0
2019-05-17 00:00:00+09:00,183.20862172920013,184.92889047783112,181.48835298056915,184.06875610351562,35500,0.0,0.0
2019-05-20 00:00:00+09:00,181.4883356606088,181.4883356606088,172.0268584460747,176.32752990722656,99900,0.0,0.0
2019-05-21 00:00:00+09:00,176.32754872146162,180.62822064149725,174.60727995344735,177.18768310546875,94700,0.0,0.0
2019-05-22 00:00:00+09:00,178.9079473030054,180.62821602707274,177.18767857893803,179.76808166503906,54300,0.0,0.0
2019-05-23 00:00:00+09:00,177.18768416300858,178.90795294129023,173.7471466064453,173.7471466064453,78200,0.0,0.0
2019-05-24 00:00:00+09:00,172.88699273830508,177.18766419945695,172.0268584460747,176.32752990722656,50100,0.0,0.0
2019-05-27 00:00:00+09:00,175.4673956149962,178.9079327839177,175.4673956149962,176.32752990722656,100000,0.0,0.0
2019-05-28 00:00:00+09:00,176.3275415757123,177.18767592486213,172.88700417911303,175.4674072265625,40200,0.0,0.0
2019-05-29 00:00:00+09:00,173.7471501392684,175.46741895252848,173.7471501392684,174.60728454589844,56000,0.0,0.0
2019-05-30 00:00:00+09:00,173.74714556944022,177.18768310546875,172.02687680142597,177.18768310546875,132000,0.0,0.0
2019-05-31 00:00:00+09:00,176.32752990722656,178.04779849168733,175.4673956149962,176.32752990722656,40500,0.0,0.0
2019-06-03 00:00:00+09:00,174.60729282056516,175.4674272679571,172.88702392578125,172.88702392578125,52800,0.0,0.0
2019-06-04 00:00:00+09:00,172.88700417911303,178.04781027401194,172.88700417911303,175.4674072265625,85300,0.0,0.0
2019-06-05 00:00:00+09:00,176.32752861775143,183.20860290527344,176.32752861775143,183.20860290527344,60600,0.0,0.0
2019-06-06 00:00:00+09:00,188.36943637200122,195.2505116732615,182.34849548339844,182.34849548339844,212300,0.0,0.0
2019-06-07 00:00:00+09:00,182.34847582440045,188.36941606388535,182.34847582440045,184.9288787841797,141200,0.0,0.0
2019-06-10 00:00:00+09:00,184.0687643087135,189.22957078465873,182.34849548339844,182.34849548339844,163000,0.0,0.0
2019-06-11 00:00:00+09:00,181.48835298056915,185.7890248521466,181.48835298056915,184.06875610351562,51400,0.0,0.0
2019-06-12 00:00:00+09:00,182.34846861933318,184.0687371912137,181.48833433339294,183.20860290527344,39100,0.0,0.0
2019-06-13 00:00:00+09:00,182.34849548339844,183.20862989605598,180.62822665808335,182.34849548339844,42400,0.0,0.0
2019-06-14 00:00:00+09:00,182.34848735488464,184.06875610351562,180.62821860625365,184.06875610351562,37700,0.0,0.0
2019-06-17 00:00:00+09:00,182.3484919398882,182.3484919398882,180.62822314800243,181.4883575439453,24100,0.0,0.0
2019-06-18 00:00:00+09:00,183.20859604987547,183.20859604987547,178.04779052734375,178.04779052734375,57400,0.0,0.0
2019-06-19 00:00:00+09:00,181.4883575439453,181.4883575439453,179.76808875205958,181.4883575439453,20900,0.0,0.0
2019-06-20 00:00:00+09:00,182.3484919398882,183.20862633583104,181.4883575439453,181.4883575439453,53700,0.0,0.0
2019-06-21 00:00:00+09:00,181.4883575439453,182.3484919398882,181.4883575439453,181.4883575439453,10000,0.0,0.0
2019-06-24 00:00:00+09:00,181.4883575439453,183.20862633583104,181.4883575439453,181.4883575439453,10800,0.0,0.0
2019-06-25 00:00:00+09:00,181.48833433339294,184.0687371912137,180.62820004745268,183.20860290527344,98000,0.0,0.0
2019-06-26 00:00:00+09:00,180.62822665808335,182.34849548339844,180.62822665808335,182.34849548339844,24800,0.0,0.0
2019-06-27 00:00:00+09:00,183.20862172920013,186.6491592264621,182.34848735488464,184.06875610351562,114400,0.0,0.0
2019-06-28 00:00:00+09:00,184.0687371912137,187.5092743349747,183.20860290527344,183.20860290527344,124900,0.0,0.0
2019-07-01 00:00:00+09:00,188.3694197336833,188.3694197336833,185.7890167236328,185.7890167236328,175400,0.0,0.0
2019-07-02 00:00:00+09:00,184.9288787841797,186.64914742403252,184.9288787841797,184.9288787841797,47400,0.0,0.0
2019-07-03 00:00:00+09:00,184.06874805026584,185.7890167236328,184.06874805026584,185.7890167236328,46600,0.0,0.0
2019-07-04 00:00:00+09:00,185.78900874426606,188.369411643492,185.78900874426606,187.50927734375,60200,0.0,0.0
2019-07-05 00:00:00+09:00,188.36942336965816,188.36942336965816,184.9288859565137,186.64915466308594,36000,0.0,0.0
2019-07-08 00:00:00+09:00,186.6491510603163,187.5092853969998,184.92888238694934,185.7890167236328,100700,0.0,0.0
2019-07-09 00:00:00+09:00,185.78902030979984,186.64915466308594,184.9288859565137,186.64915466308594,55200,0.0,0.0
2019-07-10 00:00:00+09:00,184.06874805026584,186.6491510603163,184.06874805026584,185.7890167236328,76500,0.0,0.0
2019-07-11 00:00:00+09:00,185.78902030979984,186.64915466308594,184.9288859565137,186.64915466308594,31800,0.0,0.0
2019-07-12 00:00:00+09:00,185.78901310410612,186.64914742403252,184.9288787841797,184.9288787841797,25300,0.0,0.0
2019-07-16 00:00:00+09:00,184.06875610351562,185.7890248521466,184.06875610351562,184.06875610351562,48000,0.0,0.0
2019-07-17 00:00:00+09:00,184.06875610351562,185.7890248521466,184.06875610351562,184.06875610351562,28900,0.0,0.0
2019-07-18 00:00:00+09:00,184.0687726702009,184.0687726702009,180.62823486328125,180.62823486328125,75700,0.0,0.0
2019-07-19 00:00:00+09:00,179.7680922454258,183.20862989605598,179.7680922454258,182.34849548339844,41400,0.0,0.0
2019-07-22 00:00:00+09:00,181.4883610707409,183.20862989605598,180.62822665808335,182.34849548339844,11900,0.0,0.0
2019-07-23 00:00:00+09:00,182.34846861933318,184.0687371912137,182.34846861933318,183.20860290527344,35500,0.0,0.0
2019-07-24 00:00:00+09:00,183.20860290527344,184.0687371912137,182.34846861933318,183.20860290527344,36800,0.0,0.0
2019-07-25 00:00:00+09:00,184.06875610351562,184.92889047783112,183.20862172920013,184.06875610351562,20800,0.0,0.0
2019-07-26 00:00:00+09:00,184.9288787841797,186.64914742403252,183.20861014432685,184.9288787841797,62400,0.0,0.0
2019-07-29 00:00:00+09:00,184.06875610351562,185.7890248521466,183.20862172920013,184.06875610351562,37200,0.0,0.0
2019-07-30 00:00:00+09:00,184.06874446425329,186.64914742403252,184.06874446425329,184.9288787841797,100600,0.0,0.0
2019-07-31 00:00:00+09:00,184.9288744445241,190.9498145427179,184.9288744445241,187.50927734375,205100,0.0,0.0
2019-08-01 00:00:00+09:00,185.78900874426606,190.08968024297593,185.78900874426606,187.50927734375,58900,0.0,0.0
2019-08-02 00:00:00+09:00,186.64917602539063,186.64917602539063,180.62823486328125,180.62823486328125,121900,0.0,0.0
2019-08-05 00:00:00+09:00,178.04782217241862,178.90795657904866,174.60728454589844,174.60728454589844,93800,0.0,0.0
2019-08-06 00:00:00+09:00,172.0268584460747,177.18766419945695,172.0268584460747,176.32752990722656,92300,0.0,0.0
2019-08-07 00:00:00+09:00,177.18768776578858,194.3903758983894,173.7471501392684,174.60728454589844,710900,0.0,0.0
2019-08-08 00:00:00+09:00,175.46741895252848,176.32755335915851,174.60728454589844,174.60728454589844,63300,0.0,0.0
2019-08-09 00:00:00+09:00,175.4673956149962,179.76806707614807,175.4673956149962,176.32752990722656,40300,0.0,0.0
2019-08-13 00:00:00+09:00,173.7471466064453,174.60728099558614,172.0268778281637,173.7471466064453,64600,0.0,0.0
2019-08-14 00:00:00+09:00,174.60728454589844,175.46741895252848,173.7471501392684,174.60728454589844,22700,0.0,0.0
2019-08-15 00:00:00+09:00,172.02688132600832,174.60728454589844,172.02688132600832,174.60728454589844,38700,0.0,0.0
2019-08-16 00:00:00+09:00,174.60727287741267,177.18767592486213,173.74713852826287,175.4674072265625,29900,0.0,0.0
2019-08-19 00:00:00+09:00,176.32752990722656,178.04779849168733,176.32752990722656,176.32752990722656,63400,0.0,0.0
2019-08-20 00:00:00+09:00,177.18768776578858,177.18768776578858,172.02688132600832,174.60728454589844,49500,0.0,0.0
2019-08-21 00:00:00+09:00,172.88702392578125,174.60729282056516,172.88702392578125,172.88702392578125,28100,0.0,0.0
2019-08-22 00:00:00+09:00,173.74713943481444,173.74713943481444,172.02687072753906,172.02687072753906,38200,0.0,0.0
2019-08-23 00:00:00+09:00,171.1667445019038,172.02687889638574,168.586341318458,170.30661010742188,71600,0.0,0.0
2019-08-26 00:00:00+09:00,167.7261962890625,169.44646496895032,166.8660619491186,167.7261962890625,36100,0.0,0.0
2019-08-27 00:00:00+09:00,169.44647571293993,170.30661010742188,167.7262069239761,170.30661010742188,25800,0.0,0.0
2019-08-28 00:00:00+09:00,168.5863529728149,169.4464874267578,167.72621851887195,169.4464874267578,19100,0.0,0.0
2019-08-29 00:00:00+09:00,168.58633422851562,169.44646858682438,168.58633422851562,168.58633422851562,8600,0.0,0.0
2019-08-30 00:00:00+09:00,169.4464641168489,172.02686712370445,169.4464641168489,171.16673278808594,41100,0.0,0.0
2019-09-02 00:00:00+09:00,171.16675633464368,172.02689078858663,169.4464874267578,169.4464874267578,35500,0.0,0.0
2019-09-03 00:00:00+09:00,170.30660294513314,170.30660294513314,166.8660655118981,168.58633422851562,25600,0.0,0.0
2019-09-04 00:00:00+09:00,168.586341318458,172.02687889638574,167.7262069239761,170.30661010742188,27000,0.0,0.0
2019-09-05 00:00:00+09:00,172.02687072753906,173.74713943481444,171.16673637390136,172.02687072753906,53200,0.0,0.0
2019-09-06 00:00:00+09:00,172.0268778281637,173.7471466064453,170.30660904988204,173.7471466064453,47800,0.0,0.0
2019-09-09 00:00:00+09:00,172.88701573263836,174.60728454589844,172.02688132600832,174.60728454589844,55800,0.0,0.0
2019-09-10 00:00:00+09:00,175.46741895252848,175.46741895252848,172.88701573263836,174.60728454589844,32500,0.0,0.0
2019-09-11 00:00:00+09:00,174.60726132276582,176.32752990722656,174.60726132276582,176.32752990722656,21700,0.0,0.0
2019-09-12 00:00:00+09:00,177.18768776578858,177.18768776578858,172.88701573263836,174.60728454589844,56100,0.0,0.0
2019-09-13 00:00:00+09:00,176.32755335915851,176.32755335915851,172.88701573263836,174.60728454589844,75200,0.0,0.0
2019-09-17 00:00:00+09:00,175.4674072265625,176.3275415757123,173.74713852826287,175.4674072265625,43600,0.0,0.0
2019-09-18 00:00:00+09:00,175.4673956149962,176.32752990722656,173.74712703053544,176.32752990722656,34200,0.0,0.0
2019-09-19 00:00:00+09:00,176.32752990722656,177.18766419945695,174.60726132276582,176.32752990722656,22300,0.0,0.0
2019-09-20 00:00:00+09:00,174.60727995344735,177.18768310546875,174.60727995344735,177.18768310546875,47300,0.0,0.0
2019-09-24 00:00:00+09:00,177.18765627358846,178.04779052734375,177.18765627358846,178.04779052734375,44600,0.0,0.0
2019-09-25 00:00:00+09:00,178.04779849168733,178.04779849168733,175.4673956149962,176.32752990722656,22800,0.0,0.0
2019-09-26 00:00:00+09:00,175.4673956149962,177.18766419945695,175.4673956149962,176.32752990722656,58300,0.0,0.0
2019-09-27 00:00:00+09:00,177.18768776578858,177.18768776578858,173.7471501392684,174.60728454589844,38100,0.0,0.0
2019-09-30 00:00:00+09:00,173.7471466064453,174.60728099558614,173.7471466064453,173.7471466064453,19500,0.0,0.0
2019-10-01 00:00:00+09:00,176.32754872146162,177.18768310546875,175.46741433745447,177.18768310546875,23000,0.0,0.0
2019-10-02 00:00:00+09:00,175.4673956149962,178.04779849168733,175.4673956149962,176.32752990722656,28600,0.0,0.0
2019-10-03 00:00:00+09:00,173.74714556944022,178.907951873483,173.74714556944022,177.18768310546875,54300,0.0,0.0
2019-10-04 00:00:00+09:00,176.32752861775143,183.20860290527344,176.32752861775143,183.20860290527344,88000,0.0,0.0
2019-10-07 00:00:00+09:00,189.2295686779104,209.01265994878287,189.2295686779104,200.41131591796875,3696400,0.0,0.0
2019-10-08 00:00:00+09:00,204.7119879333758,206.43225673953864,195.2505094994803,200.41131591796875,692300,0.0,0.0
2019-10-09 00:00:00+09:00,201.27145385742188,202.99172269381012,192.67010967548077,201.27145385742188,349300,0.0,0.0
2019-10-10 00:00:00+09:00,201.27145032105017,202.991719127213,196.1106439025617,200.41131591796875,236900,0.0,0.0
2019-10-11 00:00:00+09:00,200.41130152539915,201.27143586670988,193.53022679491335,196.97076416015625,279000,0.0,0.0
2019-10-15 00:00:00+09:00,197.83092085933274,199.55118973637042,193.53024866673854,198.69105529785156,194500,0.0,0.0
2019-10-16 00:00:00+09:00,198.69104711180594,202.991719127213,197.83091270872453,200.41131591796875,287200,0.0,0.0
2019-10-17 00:00:00+09:00,202.13156414031982,210.73290729522705,197.8308925628662,206.43223571777344,771000,0.0,0.0
2019-10-18 00:00:00+09:00,210.73291463300217,213.31331766932462,205.5721085603572,208.1525115966797,480000,0.0,0.0
2019-10-21 00:00:00+09:00,207.29237725123886,209.0126459421205,205.5721085603572,208.1525115966797,124000,0.0,0.0
2019-10-23 00:00:00+09:00,208.1525115966797,213.31331766932462,207.29237725123886,208.1525115966797,132600,0.0,0.0
2019-10-24 00:00:00+09:00,208.15253037189748,212.45320248701935,208.15253037189748,209.01266479492188,113100,0.0,0.0
2019-10-25 00:00:00+09:00,210.73292649138517,211.59306088522754,201.2714481591189,207.29238891601562,132700,0.0,0.0
2019-10-28 00:00:00+09:00,206.43224379595586,208.1525124942555,202.99170639935662,204.71197509765625,200700,0.0,0.0
2019-10-29 00:00:00+09:00,202.99170639935662,205.57210944680605,202.13157205020678,204.71197509765625,92300,0.0,0.0
2019-10-30 00:00:00+09:00,202.99170639935662,204.71197509765625,200.41130335190715,204.71197509765625,127100,0.0,0.0
2019-10-31 00:00:00+09:00,202.99169845581054,207.29237003326415,202.99169845581054,206.43223571777344,57000,0.0,0.0
2019-11-01 00:00:00+09:00,207.2923781451057,207.2923781451057,199.55116900275735,204.71197509765625,97200,0.0,0.0
2019-11-05 00:00:00+09:00,206.43226152584876,209.01266479492188,206.43226152584876,209.01266479492188,153500,0.0,0.0
2019-11-06 00:00:00+09:00,209.0126577037004,210.73292649138517,206.43225452217322,207.29238891601562,135800,0.0,0.0
2019-11-07 00:00:00+09:00,208.152523309858,208.152523309858,205.57212012833082,207.29238891601562,82800,0.0,0.0
2019-11-08 00:00:00+09:00,207.2923692797051,209.87277221679688,207.2923692797051,209.87277221679688,118700,0.0,0.0
2019-11-11 00:00:00+09:00,210.7329336409706,211.59306806399496,208.15253037189748,209.01266479492188,84700,0.0,0.0
2019-11-12 00:00:00+09:00,209.01264150191327,211.59304448341837,209.01264150191327,210.73291015625,66300,0.0,0.0
2019-11-13 00:00:00+09:00,210.73291463300217,210.73291463300217,207.29237725123886,208.1525115966797,36800,0.0,0.0
2019-11-14 00:00:00+09:00,208.15252554570145,208.15252554570145,200.41131591796875,200.41131591796875,96100,0.0,0.0
2019-11-15 00:00:00+09:00,197.8308933064089,206.43223649364407,197.8308933064089,202.99169921875,143200,0.0,0.0
2019-11-18 00:00:00+09:00,202.13157653808594,205.57211401107463,202.13157653808594,202.13157653808594,82800,0.0,0.0
2019-11-19 00:00:00+09:00,203.85184527458028,204.71197964282746,201.27144216983876,202.13157653808594,61200,0.0,0.0
2019-11-20 00:00:00+09:00,202.131588275616,203.8518571120042,201.27145385742188,201.27145385742188,51300,0.0,0.0
2019-11-21 00:00:00+09:00,201.27145032105017,202.13158472413159,198.69104711180594,200.41131591796875,63700,0.0,0.0
2019-11-22 00:00:00+09:00,199.55118151488736,202.991719127213,199.55118151488736,200.41131591796875,31900,0.0,0.0
2019-11-25 00:00:00+09:00,201.27145032105017,202.13158472413159,199.55118151488736,200.41131591796875,43900,0.0,0.0
2019-11-26 00:00:00+09:00,201.27145032105017,202.13158472413159,200.41131591796875,200.41131591796875,31700,0.0,0.0
2019-11-27 00:00:00+09:00,202.13158472413159,202.13158472413159,200.41131591796875,200.41131591796875,137000,0.0,0.0
2019-11-28 00:00:00+09:00,202.15402261312906,203.0253761588753,200.41131552163657,201.2826690673828,50700,3.0,0.0
2019-11-29 00:00:00+09:00,202.15402301290763,203.02537656037705,200.41131591796875,200.41131591796875,27800,0.0,0.0
2019-12-02 00:00:00+09:00,201.2826544749164,203.8967149226426,199.53994750976562,199.53994750976562,60300,0.0,0.0
2019-12-03 00:00:00+09:00,197.79724154852133,198.66859503551922,196.05453457452555,196.92588806152344,43800,0.0,0.0
2019-12-04 00:00:00+09:00,196.05455017089844,198.66861083984375,196.05455017089844,196.05455017089844,36700,0.0,0.0
2019-12-05 00:00:00+09:00,198.66861083984375,198.66861083984375,196.05455017089844,196.05455017089844,18100,0.0,0.0
2019-12-06 00:00:00+09:00,199.5399635751867,199.5399635751867,196.05454936426642,197.79725646972656,37500,0.0,0.0
2019-12-09 00:00:00+09:00,199.53996237049932,201.28266946543818,198.6686088230299,200.41131591796875,37800,0.0,0.0
2019-12-10 00:00:00+09:00,200.41131591796875,201.28266946543818,198.6686088230299,200.41131591796875,51400,0.0,0.0
2019-12-11 00:00:00+09:00,200.41131672106292,200.41131672106292,196.92590251721833,198.66860961914062,52500,0.0,0.0
2019-12-12 00:00:00+09:00,199.53996197589032,202.15402261312906,196.92590133865158,201.2826690673828,44500,0.0,0.0
2019-12-13 00:00:00+09:00,199.53996237049932,201.28266946543818,199.53996237049932,200.41131591796875,121500,0.0,0.0
2019-12-16 00:00:00+09:00,200.41131591796875,203.02537656037705,199.53996237049932,200.41131591796875,57100,0.0,0.0
2019-12-17 00:00:00+09:00,203.0253761588753,203.0253761588753,201.2826690673828,201.2826690673828,30900,0.0,0.0
2019-12-18 00:00:00+09:00,201.28266946543818,202.15402301290763,199.53996237049932,200.41131591796875,43400,0.0,0.0
2019-12-19 00:00:00+09:00,200.41131552163657,203.0253761588753,200.41131552163657,201.2826690673828,46700,0.0,0.0
2019-12-20 00:00:00+09:00,201.2826544749164,201.2826544749164,198.6685940271902,199.53994750976562,40500,0.0,0.0
2019-12-23 00:00:00+09:00,200.41131672106292,200.41131672106292,198.66860961914062,198.66860961914062,52200,0.0,0.0
2019-12-24 00:00:00+09:00,199.5399635751867,200.4113171279168,196.9259029169965,197.79725646972656,32300,0.0,0.0
2019-12-25 00:00:00+09:00,198.66861083984375,198.66861083984375,195.18319661458332,196.05455017089844,72100,0.0,0.0
2019-12-26 00:00:00+09:00,196.92587334769112,197.79722676958355,195.18316650390625,195.18316650390625,54000,0.0,0.0
2019-12-27 00:00:00+09:00,196.92590172809105,201.28266946543818,195.1831946331522,200.41131591796875,45100,0.0,0.0
2019-12-30 00:00:00+09:00,201.28266867275894,203.8967293048727,200.41131512872104,202.15402221679688,65800,0.0,0.0
2020-01-06 00:00:00+09:00,202.15402221679688,203.02537576083478,199.5399615846831,202.15402221679688,46200,0.0,0.0
2020-01-07 00:00:00+09:00,203.02537576083478,203.02537576083478,201.28266867275894,202.15402221679688,32600,0.0,0.0
2020-01-08 00:00:00+09:00,201.28266946543818,201.28266946543818,198.6686088230299,200.41131591796875,40300,0.0,0.0
2020-01-09 00:00:00+09:00,203.02537382101713,206.5107879638672,201.28266674959207,206.5107879638672,110600,0.0,0.0
2020-01-10 00:00:00+09:00,208.2535086350817,211.7389230055433,206.51080144985087,209.9962158203125,165500,0.0,0.0
2020-01-14 00:00:00+09:00,209.99620289904004,209.99620289904004,193.4404856580369,204.76808166503906,346900,0.0,0.0
2020-01-15 00:00:00+09:00,230.03732851327183,230.90868203036754,214.35296520554874,216.96702575683594,1941500,0.0,0.0
2020-01-16 00:00:00+09:00,221.32379448123095,221.32379448123095,214.35296630859375,214.35296630859375,526400,0.0,0.0
2020-01-17 00:00:00+09:00,214.35296668227838,216.09567372847576,209.99619906678492,213.4816131591797,285300,0.0,0.0
2020-01-20 00:00:00+09:00,216.96702575683594,217.83837927393165,213.48161168845303,216.96702575683594,185900,0.0,0.0
2020-01-21 00:00:00+09:00,216.96702395461676,222.19514501376415,216.09567044475887,221.32379150390625,205700,0.0,0.0
2020-01-22 00:00:00+09:00,223.06651182432432,228.29463319520693,221.3238047006968,225.68057250976562,248000,0.0,0.0
2020-01-23 00:00:00+09:00,225.6805716912865,230.0373394845546,222.19515745667204,227.42327880859375,275900,0.0,0.0
2020-01-24 00:00:00+09:00,229.1659867570207,229.1659867570207,223.06651182432432,225.68057250976562,185900,0.0,0.0
2020-01-27 00:00:00+09:00,222.19516161428504,222.19516161428504,215.2243330146212,218.70974731445312,165500,0.0,0.0
2020-01-28 00:00:00+09:00,217.83839207069548,224.80922061695773,214.35297779756434,222.19515991210938,106700,0.0,0.0
2020-01-29 00:00:00+09:00,223.06651348039216,230.03734202665441,221.3238063438266,222.19515991210938,206800,0.0,0.0
2020-01-30 00:00:00+09:00,223.06651101532566,237.00816795378353,222.19515745667204,227.42327880859375,577100,0.0,0.0
2020-01-31 00:00:00+09:00,226.55192484382454,230.9086926292827,225.6805712867329,228.2946319580078,122900,0.0,0.0
2020-02-03 00:00:00+09:00,222.19514358875364,228.29461811864098,221.32379008448402,224.8092041015625,161000,0.0,0.0
2020-02-04 00:00:00+09:00,225.68055517808446,231.78002964235702,224.8092016831884,230.90867614746094,90000,0.0,0.0
2020-02-05 00:00:00+09:00,233.52278240461996,236.13684340168658,229.16601407617554,231.7800750732422,213100,0.0,0.0
2020-02-06 00:00:00+09:00,233.52276300603694,241.3649453457919,233.52276300603694,239.6222381591797,259100,0.0,0.0
2020-02-07 00:00:00+09:00,240.49359265002576,247.46442142249026,233.52276387756123,237.87953186035156,274000,0.0,0.0
2020-02-10 00:00:00+09:00,237.87950236002604,239.62220933702258,235.26544189453125,235.26544189453125,74400,0.0,0.0
2020-02-12 00:00:00+09:00,237.0081525242368,276.2190601109672,230.03732450881807,264.0201110839844,3245200,0.0,0.0
2020-02-13 00:00:00+09:00,255.3065659205119,270.11957486470544,242.23626391092938,250.94979858398438,1683600,0.0,0.0
2020-02-14 00:00:00+09:00,245.72171706296086,247.46442427617333,232.6514129638672,232.6514129638672,470000,0.0,0.0
2020-02-17 00:00:00+09:00,230.90868011234312,232.65138713205894,218.70973097433256,221.32379150390625,437000,0.0,0.0
2020-02-18 00:00:00+09:00,220.45244057844525,222.19514761859105,213.481612417862,215.2243194580078,273200,0.0,0.0
2020-02-19 00:00:00+09:00,216.09568575531128,224.80922147125125,216.09568575531128,220.45245361328125,177600,0.0,0.0
2020-02-20 00:00:00+09:00,223.06649925595238,226.55191330682663,217.83837817964098,219.58108520507812,136000,0.0,0.0
2020-02-21 00:00:00+09:00,216.09567260742188,218.7097331631568,214.35296557026524,216.09567260742188,78400,0.0,0.0
2020-02-25 00:00:00+09:00,204.7680836553159,210.8675584876019,200.41131591796875,200.41131591796875,298900,0.0,0.0
2020-02-26 00:00:00+09:00,199.53996237049932,203.02537656037705,196.05454818062162,200.41131591796875,132100,0.0,0.0
2020-02-27 00:00:00+09:00,207.38214815579926,208.2535017194791,192.5691375732422,192.5691375732422,271900,0.0,0.0
2020-02-28 00:00:00+09:00,185.59830048504998,189.08371457866593,176.88476525101007,177.75611877441406,267100,0.0,0.0
2020-03-02 00:00:00+09:00,181.2415302873223,189.9550653972897,178.62746975433205,183.8555908203125,187700,0.0,0.0
2020-03-03 00:00:00+09:00,190.82642243640257,190.82642243640257,174.2707054213722,176.01341247558594,246600,0.0,0.0
2020-03-04 00:00:00+09:00,173.3993511573941,179.49882582122206,172.5279976339901,177.75611877441406,104000,0.0,0.0
2020-03-05 00:00:00+09:00,180.37018011112025,183.8555942195477,175.14205894847908,176.01341247558594,113200,0.0,0.0
2020-03-06 00:00:00+09:00,172.52798555814303,175.14204594538762,169.91392517089844,169.91392517089844,148900,0.0,0.0
2020-03-09 00:00:00+09:00,163.81447266996577,164.68582624799748,152.48687615555323,155.10093688964844,174100,0.0,0.0
2020-03-10 00:00:00+09:00,146.3874003092448,157.71499676174588,142.03063244289822,156.84364318847656,188900,0.0,0.0
2020-03-11 00:00:00+09:00,159.45769166109855,161.20039867378816,147.25874257227133,149.00144958496094,135900,0.0,0.0
2020-03-12 00:00:00+09:00,144.6446845822218,151.615512754859,141.1592704959032,142.9019775390625,247100,0.0,0.0
2020-03-13 00:00:00+09:00,127.21760497222077,135.05978610064534,126.34625151350693,128.96031188964844,203600,0.0,0.0
2020-03-16 00:00:00+09:00,137.67385942508014,142.03062712840546,131.57438464042468,135.93115234375,159200,0.0,0.0
2020-03-17 00:00:00+09:00,131.5743838925905,142.90197985685325,131.5743838925905,137.67385864257812,191000,0.0,0.0
2020-03-18 00:00:00+09:00,139.41656650641025,142.03062712840546,135.05979880308493,135.93115234375,232900,0.0,0.0
2020-03-19 00:00:00+09:00,137.67386232926543,139.41656944735738,127.21761962071362,129.83168029785156,149300,0.0,0.0
2020-03-23 00:00:00+09:00,128.0889853200605,138.54522901965726,125.47492439516128,135.059814453125,196100,0.0,0.0
2020-03-24 00:00:00+09:00,137.6738564095846,142.9019775390625,135.9311493664253,142.9019775390625,137800,0.0,0.0
2020-03-25 00:00:00+09:00,150.7441538379179,155.97227478027344,145.51603289556238,155.97227478027344,243700,0.0,0.0
2020-03-26 00:00:00+09:00,151.6155093860075,153.35821639044437,149.00144887935218,150.74415588378906,96300,0.0,0.0
2020-03-27 00:00:00+09:00,155.10093688964844,155.10093688964844,149.0014618434263,155.10093688964844,129000,0.0,0.0
2020-03-30 00:00:00+09:00,161.2003930239754,184.72693687071776,156.84362564494904,162.94309997558594,1495200,0.0,0.0
2020-03-31 00:00:00+09:00,169.04257569026427,169.91392917320377,159.4576873779297,159.4576873779297,417600,0.0,0.0
2020-04-01 00:00:00+09:00,163.81445998694065,163.81445998694065,147.2587432861328,147.2587432861328,403100,0.0,0.0
2020-04-02 00:00:00+09:00,145.51603735498634,149.00145142336925,141.15926976950772,144.64468383789062,147000,0.0,0.0
2020-04-03 00:00:00+09:00,163.81446471395373,163.81446471395373,135.9311515711531,137.67385864257812,225100,0.0,0.0
2020-04-06 00:00:00+09:00,139.41655970982143,153.35821568080357,138.54520621163505,152.4868621826172,253700,0.0,0.0
2020-04-07 00:00:00+09:00,153.35821430909567,160.3290422322364,146.38738638595495,155.97227478027344,304000,0.0,0.0
2020-04-08 00:00:00+09:00,155.97227344617167,160.3290408608692,151.61550603147413,159.4576873779297,115500,0.0,0.0
2020-04-09 00:00:00+09:00,172.52800267404285,180.3701846137721,162.94311363659602,166.42852783203125,898000,0.0,0.0
2020-04-10 00:00:00+09:00,168.17123452822366,168.17123452822366,161.20040615399677,167.2998809814453,163600,0.0,0.0
2020-04-13 00:00:00+09:00,165.55717549425492,165.55717549425492,162.07176127332323,163.81446838378906,82500,0.0,0.0
2020-04-14 00:00:00+09:00,163.8144675806949,173.39935664126747,163.8144675806949,165.5571746826172,215700,0.0,0.0
2020-04-15 00:00:00+09:00,165.55717549425492,169.04258971518658,163.81446838378906,163.81446838378906,125300,0.0,0.0
2020-04-16 00:00:00+09:00,164.68582034111023,167.2998809814453,162.9431132475535,167.2998809814453,85100,0.0,0.0
2020-04-17 00:00:00+09:00,168.1712188720703,171.6566327347039,166.42851194075354,168.1712188720703,137400,0.0,0.0
2020-04-20 00:00:00+09:00,168.1712188720703,169.91392580338712,168.1712188720703,168.1712188720703,73000,0.0,0.0
2020-04-21 00:00:00+09:00,167.29988138089004,169.04258847860766,163.81446718545484,166.42852783203125,102300,0.0,0.0
2020-04-22 00:00:00+09:00,162.07176087394592,164.68582153320312,160.32905376777447,164.68582153320312,117500,0.0,0.0
2020-04-23 00:00:00+09:00,165.55715785882413,169.91392517089844,164.68580439640925,169.91392517089844,80800,0.0,0.0
2020-04-24 00:00:00+09:00,170.78529557632527,170.78529557632527,163.81446718545484,166.42852783203125,74800,0.0,0.0
2020-04-27 00:00:00+09:00,166.42851071430343,171.65663146972656,165.55715725506622,171.65663146972656,97300,0.0,0.0
2020-04-28 00:00:00+09:00,171.65664484005163,176.01341247558594,170.78529131294476,176.01341247558594,108400,0.0,0.0
2020-04-30 00:00:00+09:00,181.2415324885671,182.9842395317264,178.62747192382812,178.62747192382812,152400,0.0,0.0
2020-05-01 00:00:00+09:00,177.75610473632813,177.75610473632813,172.52798400878905,174.27069091796875,74000,0.0,0.0
2020-05-07 00:00:00+09:00,176.01341247558594,180.37018011112025,176.01341247558594,176.01341247558594,102800,0.0,0.0
2020-05-08 00:00:00+09:00,176.01342595665201,180.37019392587607,176.01342595665201,179.49884033203125,62900,0.0,0.0
2020-05-11 00:00:00+09:00,180.37017896698742,180.37017896698742,178.62747192382812,178.62747192382812,65700,0.0,0.0
2020-05-12 00:00:00+09:00,180.37019304128793,182.98425381000226,179.4988394517165,181.24154663085938,79500,0.0,0.0
2020-05-13 00:00:00+09:00,181.24152753995435,192.56912301120147,181.24152753995435,190.826416015625,300300,0.0,0.0
2020-05-14 00:00:00+09:00,189.955064292266,202.15401337525554,184.72694325669903,186.4696502685547,348900,0.0,0.0
2020-05-15 00:00:00+09:00,189.08369679428174,189.95505023573006,179.4988089383504,182.1128692626953,229500,0.0,0.0
2020-05-18 00:00:00+09:00,185.59829747901773,185.59829747901773,178.62746940468844,184.72694396972656,108400,0.0,0.0
2020-05-19 00:00:00+09:00,186.469668168288,188.21237534743088,180.37019304128793,181.24154663085938,106600,0.0,0.0
2020-05-20 00:00:00+09:00,181.24152923298774,186.4696502685547,181.24152923298774,186.4696502685547,55600,0.0,0.0
2020-05-21 00:00:00+09:00,186.4696506267422,187.34100413434382,182.98423659633582,185.59829711914062,63300,0.0,0.0
2020-05-22 00:00:00+09:00,182.9842547074105,184.72696189510012,179.49884033203125,179.49884033203125,75800,0.0,0.0
2020-05-25 00:00:00+09:00,178.62746975433205,187.34100486429946,178.62746975433205,183.8555908203125,117900,0.0,0.0
2020-05-26 00:00:00+09:00,189.9550789727105,193.44049326578778,186.46966467963327,188.21237182617188,141900,0.0,0.0
2020-05-27 00:00:00+09:00,190.82639939444405,195.18316650390625,187.3409857068743,195.18316650390625,130000,0.0,0.0
2020-05-28 00:00:00+09:00,204.7680660829706,215.22430775529247,202.1540056648901,205.63941955566406,490200,0.0,0.0
2020-05-29 00:00:00+09:00,202.1540056648901,208.25347997374456,201.28265219219662,205.63941955566406,157200,0.0,0.0
2020-06-01 00:00:00+09:00,204.76808447586862,205.63943802682977,196.0545489662572,198.66860961914062,114000,0.0,0.0
2020-06-02 00:00:00+09:00,202.15402221679688,203.8967293048727,196.05454740853145,202.15402221679688,129300,0.0,0.0
2020-06-03 00:00:00+09:00,203.89673092490747,203.89673092490747,198.66860961914062,198.66860961914062,105100,0.0,0.0
2020-06-04 00:00:00+09:00,201.2826690673828,201.2826690673828,197.79725488439783,201.2826690673828,94300,0.0,0.0
2020-06-05 00:00:00+09:00,201.28267989415846,213.48163019077413,200.41132630154306,209.9962158203125,170500,0.0,0.0
2020-06-08 00:00:00+09:00,217.83838001822653,233.52274337953884,212.6102588977891,215.2243194580078,591700,0.0,0.0
2020-06-09 00:00:00+09:00,215.22432134959323,215.22432134959323,209.1248466554752,210.8675537109375,131700,0.0,0.0
2020-06-10 00:00:00+09:00,207.3821403503418,211.73890800476076,205.63943328857422,209.12484741210938,111600,0.0,0.0
2020-06-11 00:00:00+09:00,209.12483344643803,213.4816008099055,203.8967126102771,205.63941955566406,121500,0.0,0.0
2020-06-12 00:00:00+09:00,197.79725606817948,203.02537737394633,195.18319541529604,198.66860961914062,123300,0.0,0.0
2020-06-15 00:00:00+09:00,198.66859713467684,200.41130412708628,189.0837086764249,191.69776916503906,121200,0.0,0.0
2020-06-16 00:00:00+09:00,195.1831942471591,201.2826690673828,186.46965878969664,201.2826690673828,98300,0.0,0.0
2020-06-17 00:00:00+09:00,201.28266674959207,207.38214149957972,199.53995967816704,206.5107879638672,99700,0.0,0.0
2020-06-18 00:00:00+09:00,204.76808166503906,206.5107887430394,202.15402104803857,204.76808166503906,48600,0.0,0.0
2020-06-19 00:00:00+09:00,205.63942020774905,206.51077368320563,201.28265283046625,203.89671325683594,72300,0.0,0.0
2020-06-22 00:00:00+09:00,202.15402182386669,203.8967289085552,200.41131473917818,203.02537536621094,51900,0.0,0.0
2020-06-23 00:00:00+09:00,205.6394359932437,205.6394359932437,200.41131473917818,203.02537536621094,79100,0.0,0.0
2020-06-24 00:00:00+09:00,203.02537656037705,203.89673010784648,198.6686088230299,200.41131591796875,43300,0.0,0.0
2020-06-25 00:00:00+09:00,198.66860961914062,200.41131672106292,196.0545489662572,198.66860961914062,81800,0.0,0.0
2020-06-26 00:00:00+09:00,197.79722732681412,197.79722732681412,192.56910678073092,193.44046020507812,65000,0.0,0.0
2020-06-29 00:00:00+09:00,193.4404768637561,194.31183036314238,187.34100236805207,189.95506286621094,92900,0.0,0.0
2020-06-30 00:00:00+09:00,192.5691339907439,203.02537656037705,189.95507334833562,200.41131591796875,212000,0.0,0.0
2020-07-01 00:00:00+09:00,214.35296668227838,216.09567372847576,207.38213849748885,213.4816131591797,790100,0.0,0.0
2020-07-02 00:00:00+09:00,211.73891203507134,213.4816191300102,200.41131591796875,200.41131591796875,245600,0.0,0.0
2020-07-03 00:00:00+09:00,203.02537576083478,203.02537576083478,196.92590095256935,202.15402221679688,75700,0.0,0.0
2020-07-06 00:00:00+09:00,203.89672548908834,210.8675537109375,203.89672548908834,210.8675537109375,85000,0.0,0.0
2020-07-07 00:00:00+09:00,209.12483410957532,209.12483410957532,203.89671325683594,203.89671325683594,47200,0.0,0.0
2020-07-08 00:00:00+09:00,203.0253585046079,207.3821258544922,201.28265156465417,207.3821258544922,74200,0.0,0.0
2020-07-09 00:00:00+09:00,207.38213886198452,214.352967059026,206.51078533735432,212.61026000976562,192200,0.0,0.0
2020-07-10 00:00:00+09:00,212.61026351604056,213.48161705504072,204.76808166503906,204.76808166503906,148100,0.0,0.0
2020-07-13 00:00:00+09:00,209.12484375,217.83837890625,207.38213671875,217.83837890625,315800,0.0,0.0
2020-07-14 00:00:00+09:00,222.19515949487686,225.68057376146317,218.70974522829056,223.06651306152344,302800,0.0,0.0
2020-07-15 00:00:00+09:00,232.65142138063695,250.9498477813612,230.03736046624778,244.85037231445312,1102000,0.0,0.0
2020-07-16 00:00:00+09:00,241.36493278617291,243.10763988210195,232.65139730652768,233.5227508544922,332100,0.0,0.0
2020-07-17 00:00:00+09:00,231.78001235513128,237.87948636447683,227.42324520559873,237.0081329345703,186400,0.0,0.0
2020-07-20 00:00:00+09:00,235.26544362194133,235.26544362194133,227.42326216787663,230.90867614746094,71800,0.0,0.0
2020-07-21 00:00:00+09:00,234.39409047907048,234.39409047907048,225.68055551702327,230.03732299804688,87100,0.0,0.0
2020-07-22 00:00:00+09:00,232.65140100427575,232.65140100427575,224.80921894795185,225.68057250976562,59700,0.0,0.0
2020-07-27 00:00:00+09:00,223.93786704867495,223.93786704867495,220.4524527755438,222.19515991210938,52200,0.0,0.0
2020-07-28 00:00:00+09:00,223.9378653861381,229.1659867570207,223.9378653861381,225.68057250976562,52800,0.0,0.0
2020-07-29 00:00:00+09:00,220.45244057844525,224.80920817880977,215.2243194580078,215.2243194580078,124400,0.0,0.0
2020-07-30 00:00:00+09:00,215.22432058365618,216.96702763291657,211.73890648513543,212.61026000976562,126200,0.0,0.0
2020-07-31 00:00:00+09:00,209.9961746760777,209.9961746760777,195.18316650390625,195.18316650390625,177300,0.0,0.0
2020-08-03 00:00:00+09:00,202.15402182386669,203.8967289085552,197.79725411214542,203.02537536621094,82500,0.0,0.0
2020-08-04 00:00:00+09:00,205.63943328857422,209.99620094299317,205.63943328857422,209.12484741210938,52600,0.0,0.0
2020-08-05 00:00:00+09:00,208.25349388122558,209.12484741210938,203.02537269592287,209.12484741210938,39300,0.0,0.0
2020-08-06 00:00:00+09:00,209.12483410957532,209.12483410957532,201.28265283046625,203.89671325683594,58000,0.0,0.0
2020-08-07 00:00:00+09:00,202.15400503463104,207.3821258544922,202.15400503463104,207.3821258544922,36700,0.0,0.0
2020-08-11 00:00:00+09:00,207.38213960001292,210.8675537109375,204.76807901681948,210.8675537109375,63400,0.0,0.0
2020-08-12 00:00:00+09:00,210.86755333417727,213.48161391270014,209.12484628182872,211.73890686035156,66900,0.0,0.0
2020-08-13 00:00:00+09:00,211.7389061129823,215.22432020537707,206.51078497439016,213.4816131591797,126100,0.0,0.0
2020-08-14 00:00:00+09:00,213.48161391270014,213.48161391270014,207.38213922948015,211.73890686035156,110600,0.0,0.0
2020-08-17 00:00:00+09:00,211.7389091781423,212.61026271385484,206.5107879638672,206.5107879638672,65300,0.0,0.0
2020-08-18 00:00:00+09:00,205.6394336652556,211.7389083926149,205.6394336652556,208.2534942626953,103900,0.0,0.0
2020-08-19 00:00:00+09:00,208.25349202058754,214.35296668227838,207.38213849748885,213.4816131591797,85900,0.0,0.0
2020-08-20 00:00:00+09:00,212.610259636081,213.4816131591797,209.99619906678492,213.4816131591797,35700,0.0,0.0
2020-08-21 00:00:00+09:00,213.48161506652832,213.48161506652832,209.12484741210938,209.12484741210938,25000,0.0,0.0
2020-08-24 00:00:00+09:00,209.1248622276971,211.7389230055433,207.38215504246628,209.9962158203125,35000,0.0,0.0
2020-08-25 00:00:00+09:00,212.610259636081,213.4816131591797,210.86755258988362,213.4816131591797,27500,0.0,0.0
2020-08-26 00:00:00+09:00,214.35296782186208,214.35296782186208,208.25349312774406,210.8675537109375,36200,0.0,0.0
2020-08-27 00:00:00+09:00,209.9962158203125,211.7389230055433,209.1248622276971,209.9962158203125,43500,0.0,0.0
2020-08-28 00:00:00+09:00,209.1248493600399,213.48161705504072,201.2826675090384,204.76808166503906,98700,0.0,0.0
2020-08-31 00:00:00+09:00,204.76808089244216,208.25349503529225,204.76808089244216,206.5107879638672,31100,0.0,0.0
2020-09-01 00:00:00+09:00,205.6394344281547,207.38214149957972,203.89672735672963,206.5107879638672,41100,0.0,0.0
2020-09-02 00:00:00+09:00,207.38214149957972,208.25349503529225,204.76808089244216,206.5107879638672,62500,0.0,0.0
2020-09-03 00:00:00+09:00,207.38213742163873,216.96702612600018,206.51078390306043,216.09567260742188,187600,0.0,0.0
2020-09-04 00:00:00+09:00,216.09567260742188,223.9378542746267,212.6102585331086,216.09567260742188,190200,0.0,0.0
2020-09-07 00:00:00+09:00,212.610259636081,215.22432020537707,209.12484554368623,213.4816131591797,69000,0.0,0.0
2020-09-08 00:00:00+09:00,213.48162586470525,221.32380803932708,210.8675651398313,218.70974731445312,110400,0.0,0.0
2020-09-09 00:00:00+09:00,214.3529659379349,217.83838001822653,214.3529659379349,215.2243194580078,43900,0.0,0.0
2020-09-10 00:00:00+09:00,216.96704016453717,220.45245446436908,216.96704016453717,218.70974731445312,58000,0.0,0.0
2020-09-11 00:00:00+09:00,219.58108071381193,235.26544362194133,216.96702022912368,230.90867614746094,415000,0.0,0.0
2020-09-14 00:00:00+09:00,235.2654897359977,240.493611730131,226.5519530791089,231.7800750732422,216100,0.0,0.0
2020-09-15 00:00:00+09:00,231.7800299904563,231.7800299904563,224.80920202081853,230.03732299804688,76000,0.0,0.0
2020-09-16 00:00:00+09:00,230.03732299804688,235.26544397527522,228.29461600563744,230.03732299804688,67400,0.0,0.0
2020-09-17 00:00:00+09:00,229.16601407617554,233.52278240461996,224.80924574773115,231.7800750732422,75300,0.0,0.0
2020-09-18 00:00:00+09:00,232.6513969109404,237.008164643355,231.78004336445747,234.39410400390625,73400,0.0,0.0
2020-09-23 00:00:00+09:00,230.90868981797456,234.39410400390625,226.55192208555994,234.39410400390625,58300,0.0,0.0
2020-09-24 00:00:00+09:00,230.90867863144985,238.75086016987646,223.06649709302326,224.8092041015625,245400,0.0,0.0
2020-09-25 00:00:00+09:00,228.29466041048667,231.7800750732422,226.5519530791089,231.7800750732422,79500,0.0,0.0
2020-09-28 00:00:00+09:00,235.26545755038916,235.26545755038916,229.16598272500872,234.39410400390625,88100,0.0,0.0
2020-09-29 00:00:00+09:00,234.3941174741193,239.6222390534677,231.7800566844451,237.87953186035156,130800,0.0,0.0
2020-09-30 00:00:00+09:00,239.62221145629883,239.62221145629883,230.03732299804688,230.03732299804688,149600,0.0,0.0
2020-10-02 00:00:00+09:00,232.65138348666105,235.26544397527522,229.16596950184214,230.03732299804688,80900,0.0,0.0
2020-10-05 00:00:00+09:00,233.5227192149443,237.0081329345703,230.90865892522476,237.0081329345703,90500,0.0,0.0
2020-10-06 00:00:00+09:00,240.4935917524858,242.23629893909802,237.00817737926135,239.6222381591797,156500,0.0,0.0
2020-10-07 00:00:00+09:00,271.8622911683123,281.44717963899,262.2774026976346,267.5055236816406,4055000,0.0,0.0
2020-10-08 00:00:00+09:00,269.2482174682617,271.8622778320312,255.3065621948242,261.4060363769531,1114400,0.0,0.0
2020-10-09 00:00:00+09:00,260.53468478455835,264.02009862783,255.3065640196508,256.17791748046875,258900,0.0,0.0
2020-10-12 00:00:00+09:00,256.17791564941405,261.4060363769531,256.17791564941405,261.4060363769531,192600,0.0,0.0
2020-10-13 00:00:00+09:00,261.40603824537624,262.2773917061942,256.17791748046875,256.17791748046875,152700,0.0,0.0
2020-10-14 00:00:00+09:00,257.04927032058305,262.27739107286607,255.30656340315537,257.9206237792969,164600,0.0,0.0
2020-10-15 00:00:00+09:00,257.9206700211864,261.40608448093224,256.1779627913136,257.04931640625,185900,0.0,0.0
2020-10-16 00:00:00+09:00,256.1779342125202,260.5347018011685,252.69252014160156,252.69252014160156,121800,0.0,0.0
2020-10-19 00:00:00+09:00,257.04929991856517,265.762835509025,254.43523924142724,259.6633605957031,244100,0.0,0.0
2020-10-20 00:00:00+09:00,258.79197601318356,261.4060363769531,257.0492691040039,261.4060363769531,193300,0.0,0.0
2020-10-21 00:00:00+09:00,262.27739107286607,264.8914514490076,257.9206237792969,257.9206237792969,160500,0.0,0.0
2020-10-22 00:00:00+09:00,258.7920236361229,262.27743809586866,256.1779627913136,257.04931640625,176100,0.0,0.0
2020-10-23 00:00:00+09:00,257.04927032058305,258.79197723801076,253.56385648572768,257.9206237792969,124800,0.0,0.0
2020-10-26 00:00:00+09:00,259.6633551181891,271.8623046875,257.0492944961939,271.8623046875,486500,0.0,0.0
2020-10-27 00:00:00+09:00,271.8623008964965,284.93260382421266,264.0201191398668,280.5758361816406,642500,0.0,0.0
2020-10-28 00:00:00+09:00,276.21910439768146,283.189933530746,266.63421433971774,270.11962890625,327200,0.0,0.0
2020-10-29 00:00:00+09:00,262.2774026976346,270.11958417364366,259.66334220563164,267.5055236816406,299200,0.0,0.0
2020-10-30 00:00:00+09:00,267.5055124711017,272.7336332360092,250.9497967155612,256.17791748046875,278300,0.0,0.0
2020-11-02 00:00:00+09:00,251.8211681125881,254.43522868123088,243.97898640665977,249.2071075439453,209800,0.0,0.0
2020-11-04 00:00:00+09:00,254.43522717706088,255.30658069479054,245.72169199976426,252.69252014160156,192200,0.0,0.0
2020-11-05 00:00:00+09:00,252.69254564050823,262.2774353027344,250.94983842919436,262.2774353027344,160700,0.0,0.0
2020-11-06 00:00:00+09:00,260.53469570296596,269.2482306763093,260.53469570296596,267.5055236816406,144300,0.0,0.0
2020-11-09 00:00:00+09:00,269.2482320955484,270.11958559747575,264.0201110839844,264.0201110839844,112100,0.0,0.0
2020-11-10 00:00:00+09:00,268.37691054233284,268.37691054233284,258.7920208801067,262.2774353027344,211600,0.0,0.0
2020-11-11 00:00:00+09:00,264.8914625050566,269.24822998046875,261.40604852472694,269.24822998046875,116900,0.0,0.0
2020-11-12 00:00:00+09:00,269.24827526461695,274.4763971144153,265.7628606980847,270.11962890625,184700,0.0,0.0
2020-11-13 00:00:00+09:00,267.50552509169376,269.2482320955484,259.66334357434766,264.0201110839844,118800,0.0,0.0
2020-11-16 00:00:00+09:00,264.0201407010438,270.1196158987577,263.1487871013704,265.7628479003906,126500,0.0,0.0
2020-11-17 00:00:00+09:00,266.634189068071,267.505542627117,259.6633605957031,259.6633605957031,135000,0.0,0.0
2020-11-18 00:00:00+09:00,258.7920411100093,260.5347484575514,253.5639190673828,253.5639190673828,129100,0.0,0.0
2020-11-19 00:00:00+09:00,254.43522607588525,257.92064013171927,253.56387256192673,255.30657958984375,59000,0.0,0.0
2020-11-20 00:00:00+09:00,255.30656340315537,260.5346841554384,255.30656340315537,257.9206237792969,70700,0.0,0.0
2020-11-24 00:00:00+09:00,260.5347299286814,262.27743715228456,257.9206690932765,258.7920227050781,104500,0.0,0.0
2020-11-25 00:00:00+09:00,259.66337725105933,262.27743809586866,257.04931640625,257.04931640625,73900,0.0,0.0
2020-11-26 00:00:00+09:00,256.1779309531119,261.40605199297136,256.1779309531119,260.5346984863281,141800,0.0,0.0
2020-11-27 00:00:00+09:00,263.17527494021374,269.3365690023592,262.29509007419296,266.6960144042969,113500,3.0,0.0
2020-11-30 00:00:00+09:00,266.69601043283126,271.09693469739943,256.13379219786765,257.01397705078125,124900,0.0,0.0
2020-12-01 00:00:00+09:00,257.0140045270887,260.534744315131,255.25363463306752,256.1338195800781,62300,0.0,0.0
2020-12-02 00:00:00+09:00,257.8941627148761,272.857305261473,257.8941627148761,265.8158264160156,366000,0.0,0.0
2020-12-03 00:00:00+09:00,264.9356256863886,271.09691930700234,261.4148864746094,261.4148864746094,127200,0.0,0.0
2020-12-04 00:00:00+09:00,261.4149076500717,263.17527739855706,257.0139832788584,258.77435302734375,92000,0.0,0.0
2020-12-07 00:00:00+09:00,261.4148726463318,261.4148726463318,251.7328403260973,253.4932098388672,116900,0.0,0.0
2020-12-08 00:00:00+09:00,254.37342865613041,259.6545379015864,253.49324378188774,258.77435302734375,65500,0.0,0.0
2020-12-09 00:00:00+09:00,257.8941681531011,261.4149076500717,257.8941681531011,258.77435302734375,94700,0.0,0.0
2020-12-10 00:00:00+09:00,257.8941650390625,261.4149044935207,257.8941650390625,257.8941650390625,71000,0.0,0.0
2020-12-11 00:00:00+09:00,258.77429859058276,261.41485265783365,257.0139292124156,260.53466796875,72500,0.0,0.0
2020-12-14 00:00:00+09:00,261.414868934606,266.69597739793136,261.414868934606,264.93560791015625,90900,0.0,0.0
2020-12-15 00:00:00+09:00,264.93560791015625,268.4563468857065,263.17523842238114,264.93560791015625,63900,0.0,0.0
2020-12-16 00:00:00+09:00,266.69602060787014,280.7789787917841,264.05546594838626,268.4563903808594,295900,0.0,0.0
2020-12-17 00:00:00+09:00,269.3365283203125,272.8572672526042,262.29505045572915,264.055419921875,241200,0.0,0.0
2020-12-18 00:00:00+09:00,271.0968933105469,272.85726274762834,265.8157849993025,271.0968933105469,177200,0.0,0.0
2020-12-21 00:00:00+09:00,271.97713305903414,271.97713305903414,266.6960236792471,269.3365783691406,97200,0.0,0.0
2020-12-22 00:00:00+09:00,268.4563801386585,268.4563801386585,257.01397705078125,257.01397705078125,190700,0.0,0.0
2020-12-23 00:00:00+09:00,257.89411390149917,262.29503734691724,254.37337514516472,260.53466796875,86200,0.0,0.0
2020-12-24 00:00:00+09:00,256.1337807674536,263.17525927652446,256.1337807674536,262.2950744628906,74100,0.0,0.0
2020-12-25 00:00:00+09:00,263.1752624511719,263.1752624511719,259.6545231541662,263.1752624511719,69500,0.0,0.0
2020-12-28 00:00:00+09:00,262.29511420915213,263.17529915616274,254.37344968605694,256.1338195800781,127000,0.0,0.0
2020-12-29 00:00:00+09:00,258.77429859058276,262.29503734691724,257.89411390149917,260.53466796875,80300,0.0,0.0
2020-12-30 00:00:00+09:00,261.41491078522245,262.29509567002117,257.89417124602755,259.654541015625,56200,0.0,0.0
2021-01-04 00:00:00+09:00,261.41488964925674,264.05544409015835,257.01396558108746,262.2950744628906,117200,0.0,0.0
2021-01-05 00:00:00+09:00,263.17523842238114,270.21671637348163,263.17523842238114,264.93560791015625,121800,0.0,0.0
2021-01-06 00:00:00+09:00,264.9356488828306,285.1799011230469,264.9356488828306,285.1799011230469,468100,0.0,0.0
2021-01-07 00:00:00+09:00,289.58079127261516,300.1430085834704,280.7789435135691,284.2996826171875,787200,0.0,0.0
2021-01-08 00:00:00+09:00,289.58080420071195,290.4609890159117,280.77895604871463,287.8204345703125,208300,0.0,0.0
2021-01-12 00:00:00+09:00,287.8204184585477,294.8618965859739,283.41949462890625,283.41949462890625,246800,0.0,0.0
2021-01-13 00:00:00+09:00,283.4195136093512,291.34117703321505,280.7789591347299,288.70062255859375,176500,0.0,0.0
2021-01-14 00:00:00+09:00,285.1799042217548,289.5808286696214,279.0186099947416,286.0600891113281,311500,0.0,0.0
2021-01-15 00:00:00+09:00,263.1752805548199,266.69602009401484,256.1338014764301,259.654541015625,627200,0.0,0.0
2021-01-18 00:00:00+09:00,261.4148726463318,261.4148726463318,252.61302508248224,253.4932098388672,202200,0.0,0.0
2021-01-19 00:00:00+09:00,253.49324281754033,254.37342768843456,245.5715789794922,245.5715789794922,283500,0.0,0.0
2021-01-20 00:00:00+09:00,249.97251584757345,251.73288567748594,246.45177618774846,249.0923309326172,132600,0.0,0.0
2021-01-21 00:00:00+09:00,250.85269165039062,253.4932462993421,247.33195211845532,250.85269165039062,168000,0.0,0.0
2021-01-22 00:00:00+09:00,249.97251584757345,250.85270076252968,247.3319611027047,249.0923309326172,90200,0.0,0.0
2021-01-25 00:00:00+09:00,249.97247554234096,251.7328450884138,246.4517364501953,246.4517364501953,105500,0.0,0.0
2021-01-26 00:00:00+09:00,249.97247554234096,249.97247554234096,245.5715516771589,246.4517364501953,92700,0.0,0.0
2021-01-27 00:00:00+09:00,248.21210599626815,248.21210599626815,245.5715516771589,246.4517364501953,42200,0.0,0.0
2021-01-28 00:00:00+09:00,245.5715516771589,249.09229076930455,242.05081258501326,246.4517364501953,160700,0.0,0.0
2021-01-29 00:00:00+09:00,246.4517603165064,248.2121300330529,239.41028145032053,240.29046630859375,125000,0.0,0.0
2021-02-01 00:00:00+09:00,238.53008772416547,242.93101185191762,236.7697180730646,242.0508270263672,77600,0.0,0.0
2021-02-02 00:00:00+09:00,242.9310155033641,249.09230937482624,241.1706458258035,247.33193969726562,136900,0.0,0.0
2021-02-03 00:00:00+09:00,250.85270076252968,250.85270076252968,248.21214601766096,249.0923309326172,71800,0.0,0.0
2021-02-04 00:00:00+09:00,248.2121036153444,252.6130274383115,248.2121036153444,249.97247314453125,83200,0.0,0.0
2021-02-05 00:00:00+09:00,251.73284912109375,252.61303390823045,249.97247954682038,251.73284912109375,72800,0.0,0.0
2021-02-08 00:00:00+09:00,253.49323721962108,253.49323721962108,250.85268266525003,252.61305236816406,75000,0.0,0.0
2021-02-09 00:00:00+09:00,253.49321305958046,254.37339782714844,250.85265875687648,254.37339782714844,56000,0.0,0.0
2021-02-10 00:00:00+09:00,253.4932098388672,255.25357935163711,252.61302508248224,253.4932098388672,57400,0.0,0.0
2021-02-12 00:00:00+09:00,253.4932122029049,253.4932122029049,248.2121036153444,249.97247314453125,83200,0.0,0.0
2021-02-15 00:00:00+09:00,251.7328403260973,256.13376410802204,249.97247081332736,253.4932098388672,164100,0.0,0.0
2021-02-16 00:00:00+09:00,256.13379177399213,257.89416147690616,251.73286751670705,252.61305236816406,149200,0.0,0.0
2021-02-17 00:00:00+09:00,251.73286793329945,257.8941619036949,251.73286793329945,257.01397705078125,95700,0.0,0.0
2021-02-18 00:00:00+09:00,256.1338009482936,257.0139858312774,249.9725067674068,250.85269165039062,114500,0.0,0.0
2021-02-19 00:00:00+09:00,249.09228837993783,251.7328426737181,247.33191885075098,249.97247314453125,80400,0.0,0.0
2021-02-22 00:00:00+09:00,253.49323141163794,256.13378590550917,252.61304658034751,255.25360107421875,75300,0.0,0.0
2021-02-24 00:00:00+09:00,255.25357627868652,325.66835594177246,253.49320678710936,281.65911865234375,8289300,0.0,0.0
2021-02-25 00:00:00+09:00,269.3365658387443,272.857305261473,260.5347172819226,265.8158264160156,1984800,0.0,0.0
2021-02-26 00:00:00+09:00,259.6545031335619,265.8157964282566,248.21210130055746,253.4932098388672,990400,0.0,0.0
2021-03-01 00:00:00+09:00,258.77434990267705,259.6545347662916,250.8526861301461,257.8941650390625,351900,0.0,0.0
2021-03-02 00:00:00+09:00,256.1338014764301,259.654541015625,251.73287705243644,259.654541015625,356400,0.0,0.0
2021-03-03 00:00:00+09:00,258.7743744211098,259.65455936812043,254.37344968605694,256.1338195800781,150800,0.0,0.0
2021-03-04 00:00:00+09:00,254.37340348250382,259.65451220532395,249.09229475968368,251.73284912109375,156200,0.0,0.0
2021-03-05 00:00:00+09:00,253.4932098388672,253.4932098388672,246.45173178778754,253.4932098388672,140400,0.0,0.0
2021-03-08 00:00:00+09:00,254.37342249204036,259.65453160952217,254.37342249204036,257.01397705078125,91600,0.0,0.0
2021-03-09 00:00:00+09:00,259.65449944683087,266.69597739793136,256.13376047128065,264.93560791015625,198600,0.0,0.0
2021-03-10 00:00:00+09:00,264.0554689893535,271.09694816240295,259.6545445061977,269.3365783691406,154600,0.0,0.0
2021-03-11 00:00:00+09:00,269.336575267354,271.09694504034326,265.8158357213755,268.4563903808594,107500,0.0,0.0
2021-03-12 00:00:00+09:00,269.3365283203125,269.3365283203125,264.055419921875,264.055419921875,85100,0.0,0.0
2021-03-15 00:00:00+09:00,267.5761876769822,271.97711181640625,265.8158180212126,271.97711181640625,94800,0.0,0.0
2021-03-16 00:00:00+09:00,272.857272525309,273.7374572753906,270.21671827506407,273.7374572753906,72800,0.0,0.0
2021-03-17 00:00:00+09:00,274.617682562934,285.1799011230469,273.73749768292464,285.1799011230469,249900,0.0,0.0
2021-03-18 00:00:00+09:00,285.179857635498,285.179857635498,277.2581949234009,281.65911865234375,143800,0.0,0.0
2021-03-19 00:00:00+09:00,279.0185676170658,284.2996761524046,277.2581981052862,282.539306640625,97600,0.0,0.0
2021-03-22 00:00:00+09:00,280.7789371288454,282.539306640625,277.2581981052862,282.539306640625,81400,0.0,0.0
2021-03-23 00:00:00+09:00,280.778925214495,280.778925214495,265.8157849993025,271.0968933105469,232700,0.0,0.0
2021-03-24 00:00:00+09:00,264.9356046549479,268.4563435872396,260.5346809895833,264.055419921875,110100,0.0,0.0
2021-03-25 00:00:00+09:00,265.8158118033642,271.97710545443556,265.8158118033642,270.21673583984375,83900,0.0,0.0
2021-03-26 00:00:00+09:00,272.8572757427509,275.4978300241324,271.0969062218299,274.6176452636719,70600,0.0,0.0
2021-03-29 00:00:00+09:00,277.2582092285156,279.89876360212054,271.9771004813058,277.2582092285156,152400,0.0,0.0
2021-03-30 00:00:00+09:00,273.73750065730167,287.82045889047475,273.73750065730167,286.0600891113281,224400,0.0,0.0
2021-03-31 00:00:00+09:00,307.1845155373598,328.3089521359175,304.5439609625401,308.94488525390625,3506700,0.0,0.0
2021-04-01 00:00:00+09:00,304.54395162648166,314.2259847706762,302.7835819639009,306.3043212890625,483400,0.0,0.0
2021-04-02 00:00:00+09:00,306.30430527400694,308.0646748445472,298.3826422065757,301.90338134765625,334700,0.0,0.0
2021-04-05 00:00:00+09:00,298.3826422065757,309.82504441508746,298.3826422065757,301.90338134765625,186700,0.0,0.0
2021-04-06 00:00:00+09:00,302.7835788342039,311.5854270561284,293.98173061227936,305.42413330078125,335700,0.0,0.0
2021-04-07 00:00:00+09:00,304.54393892509995,307.18449330884357,299.26283015761265,302.7835693359375,116000,0.0,0.0
2021-04-08 00:00:00+09:00,301.02319500897386,301.02319500897386,292.2213472016939,293.1015319824219,249300,0.0,0.0
2021-04-09 00:00:00+09:00,293.1015351803717,296.62227434169745,292.22135039004024,293.9817199707031,76500,0.0,0.0
2021-04-12 00:00:00+09:00,293.98172632853186,296.62228075663245,293.10154151916504,295.7420959472656,61100,0.0,0.0
2021-04-13 00:00:00+09:00,293.98173061227936,305.42413330078125,293.98173061227936,305.42413330078125,120900,0.0,0.0
2021-04-14 00:00:00+09:00,307.1844851022743,308.064669873341,290.46097445200724,292.2213439941406,315600,0.0,0.0
2021-04-15 00:00:00+09:00,293.10155623052776,295.74211079116316,288.7006319628021,291.3411865234375,135000,0.0,0.0
2021-04-16 00:00:00+09:00,292.22137137698263,293.9817410840729,289.58081681634724,291.3411865234375,41200,0.0,0.0
2021-04-19 00:00:00+09:00,292.2213682232481,294.8619227553859,290.46099853515625,290.46099853515625,37400,0.0,0.0
2021-04-20 00:00:00+09:00,289.5808255230939,291.3411952831127,285.1799011230469,285.1799011230469,134900,0.0,0.0
2021-04-21 00:00:00+09:00,282.53932765744764,282.53932765744764,276.37803390790833,279.8987731933594,155800,0.0,0.0
2021-04-22 00:00:00+09:00,280.77895801472215,284.2996973001732,278.1384035506338,279.8987731933594,74300,0.0,0.0
2021-04-23 00:00:00+09:00,277.25820602125424,279.8987603643138,276.3780212402344,276.3780212402344,47200,0.0,0.0
2021-04-26 00:00:00+09:00,279.8987731933594,281.6591428360849,276.37803390790833,279.8987731933594,45300,0.0,0.0
2021-04-27 00:00:00+09:00,279.0185915190598,285.1798853380927,278.1384066877694,280.7789611816406,66400,0.0,0.0
2021-04-28 00:00:00+09:00,279.89881911597695,282.53937401329745,275.4978942871094,275.4978942871094,110700,0.0,0.0
2021-04-30 00:00:00+09:00,277.2581962757172,279.01856577588046,273.7374572753906,273.7374572753906,61100,0.0,0.0
2021-05-06 00:00:00+09:00,273.737473210202,281.6591364220728,273.737473210202,278.1383972167969,62300,0.0,0.0
2021-05-07 00:00:00+09:00,279.0185676170658,286.0600456641842,277.2581981052862,282.539306640625,120700,0.0,0.0
2021-05-10 00:00:00+09:00,286.0600891113281,288.7006437800481,283.41953444260815,286.0600891113281,100800,0.0,0.0
2021-05-11 00:00:00+09:00,284.2997251685109,285.17991007615336,276.3780609997289,279.01861572265625,90000,0.0,0.0
2021-05-12 00:00:00+09:00,279.8988006302987,282.53935535322603,272.8573213691591,279.01861572265625,126000,0.0,0.0
2021-05-13 00:00:00+09:00,279.8987505259621,283.41948952628866,273.7374572753906,273.7374572753906,125200,0.0,0.0
2021-05-14 00:00:00+09:00,280.7789516207538,282.53932122339177,275.49784281283996,278.1383972167969,62300,0.0,0.0
2021-05-17 00:00:00+09:00,277.25824243882124,278.1384273354524,267.57620857587824,269.3365783691406,130700,0.0,0.0
2021-05-18 00:00:00+09:00,269.3365429920755,277.25820602125424,269.3365429920755,276.3780212402344,64800,0.0,0.0
2021-05-19 00:00:00+09:00,276.3780609997289,282.53935535322603,274.617691184444,279.01861572265625,99000,0.0,0.0
2021-05-20 00:00:00+09:00,279.01861572265625,282.53935535322603,277.25824590737136,279.01861572265625,116600,0.0,0.0
2021-05-21 00:00:00+09:00,279.8987763503502,283.41951567551183,279.0185915190598,280.7789611816406,58100,0.0,0.0
2021-05-24 00:00:00+09:00,279.01858156118817,295.74209275886193,279.01858156118817,294.8619079589844,176500,0.0,0.0
2021-05-25 00:00:00+09:00,293.9817199707031,298.38264392236033,292.22135039004024,293.9817199707031,151100,0.0,0.0
2021-05-26 00:00:00+09:00,292.22135180096296,303.6637541305187,292.22135180096296,302.7835693359375,151800,0.0,0.0
2021-05-27 00:00:00+09:00,300.1430603726887,309.8250945782593,298.3826905171304,307.1845397949219,225300,0.0,0.0
2021-05-28 00:00:00+09:00,309.82507087517314,317.7467346191406,306.3043314334098,317.7467346191406,195500,0.0,0.0
2021-05-31 00:00:00+09:00,315.98631174550894,315.98631174550894,307.18446462167856,311.58538818359375,139900,0.0,0.0
2021-06-01 00:00:00+09:00,308.94486745914946,315.98634591975684,307.1844978439976,312.4656066894531,130000,0.0,0.0
2021-06-02 00:00:00+09:00,309.8250763544617,315.9863704865107,308.06470660244776,310.70526123046875,91600,0.0,0.0
2021-06-03 00:00:00+09:00,310.7052324871684,313.3457868709121,301.9033845413563,302.7835693359375,87400,0.0,0.0
2021-06-04 00:00:00+09:00,305.4241288503011,305.4241288503011,295.7420959472656,295.7420959472656,70700,0.0,0.0
2021-06-07 00:00:00+09:00,295.74208307840735,296.62226784947404,292.2213439941406,292.2213439941406,55300,0.0,0.0
2021-06-08 00:00:00+09:00,293.10154151916504,299.26283518473304,292.22135670979816,295.7420959472656,87000,0.0,0.0
2021-06-09 00:00:00+09:00,300.14305409055083,301.9034239092637,295.74212954376856,296.622314453125,97600,0.0,0.0
2021-06-10 00:00:00+09:00,296.62228075663245,300.1430199940999,295.7420959472656,295.7420959472656,61900,0.0,0.0
2021-06-11 00:00:00+09:00,296.6222964647578,300.1430358886719,293.10155704084383,300.1430358886719,101500,0.0,0.0
2021-06-14 00:00:00+09:00,302.78354534524027,305.4240995197627,299.262806445877,304.5439147949219,99500,0.0,0.0
2021-06-15 00:00:00+09:00,306.3043212890625,307.1845061203529,301.02321230132003,306.3043212890625,58300,0.0,0.0
2021-06-16 00:00:00+09:00,306.3043181229737,309.8250574117435,303.6637636563963,305.42413330078125,181900,0.0,0.0
2021-06-17 00:00:00+09:00,303.6637878417969,304.54397273409194,298.3826784880265,303.6637878417969,59400,0.0,0.0
2021-06-18 00:00:00+09:00,298.38264715849465,302.7835711578825,294.8619079589844,294.8619079589844,116800,0.0,0.0
2021-06-21 00:00:00+09:00,292.22137137698263,294.861925937618,289.58081681634724,291.3411865234375,78000,0.0,0.0
2021-06-22 00:00:00+09:00,297.50248132073636,301.0232207446504,293.10155704084383,300.1430358886719,58100,0.0,0.0
2021-06-23 00:00:00+09:00,302.7836119522005,304.54398178913186,297.50250244140625,297.50250244140625,82900,0.0,0.0
2021-06-24 00:00:00+09:00,297.50244786879597,301.02318689682903,293.98170884076285,299.2628173828125,61100,0.0,0.0
2021-06-25 00:00:00+09:00,299.2628395454341,306.3043181229737,298.3826547232416,305.42413330078125,66400,0.0,0.0
2021-06-28 00:00:00+09:00,305.42411246163505,310.7052210344587,303.6637429373605,308.0646667480469,101500,0.0,0.0
2021-06-29 00:00:00+09:00,308.06470039563305,311.58543982872595,305.4241458208133,308.94488525390625,92700,0.0,0.0
2021-06-30 00:00:00+09:00,309.8250606142241,309.8250606142241,306.3043212890625,306.3043212890625,120100,0.0,0.0
2021-07-01 00:00:00+09:00,299.26282544751786,299.26282544751786,290.4609776402379,293.1015319824219,301100,0.0,0.0
2021-07-02 00:00:00+09:00,295.74208632460585,297.50245588606185,293.1015319824219,293.1015319824219,90700,0.0,0.0
2021-07-05 00:00:00+09:00,293.10156822791464,294.8619380070613,286.0600891113281,286.0600891113281,90300,0.0,0.0
2021-07-06 00:00:00+09:00,285.1799011230469,287.8204557630751,282.5393464830187,285.1799011230469,76000,0.0,0.0
2021-07-07 00:00:00+09:00,282.53932122339177,284.29969082602975,278.1383972167969,278.1383972167969,76800,0.0,0.0
2021-07-08 00:00:00+09:00,278.13840883316533,278.13840883316533,270.2167452904486,272.8572998046875,149800,0.0,0.0
2021-07-09 00:00:00+09:00,267.57616402481915,275.4978267755539,267.57616402481915,273.7374572753906,120200,0.0,0.0
2021-07-12 00:00:00+09:00,279.0185883719966,279.8987731933594,275.49784908654556,279.8987731933594,61700,0.0,0.0
2021-07-13 00:00:00+09:00,279.8988006302987,281.6591704455836,278.1384308150138,279.01861572265625,35500,0.0,0.0
2021-07-14 00:00:00+09:00,277.2582092285156,279.89876360212054,273.7374700637091,277.2582092285156,67200,0.0,0.0
2021-07-15 00:00:00+09:00,278.13842510516827,286.0600891113281,274.617685546875,286.0600891113281,176600,0.0,0.0
2021-07-16 00:00:00+09:00,284.2996934254964,306.30431365966797,284.2996934254964,295.7420959472656,684800,0.0,0.0
2021-07-19 00:00:00+09:00,289.58079127261516,292.22134560032896,284.2996826171875,284.2996826171875,143200,0.0,0.0
2021-07-20 00:00:00+09:00,284.2996761524046,287.8204151759638,280.7789371288454,282.539306640625,77200,0.0,0.0
2021-07-21 00:00:00+09:00,286.06005383145276,286.06005383145276,276.3780212402344,276.3780212402344,53600,0.0,0.0
2021-07-26 00:00:00+09:00,281.65911865234375,284.2996728897095,279.018564414978,281.65911865234375,55300,0.0,0.0
2021-07-27 00:00:00+09:00,285.17988325909874,288.70062255859375,283.4195136093512,288.70062255859375,53100,0.0,0.0
2021-07-28 00:00:00+09:00,286.94027400090147,292.22138333834135,284.2997193321815,286.0600891113281,46300,0.0,0.0
2021-07-29 00:00:00+09:00,286.94025915897254,293.10155306729405,282.5393349387429,290.46099853515625,176000,0.0,0.0
2021-07-30 00:00:00+09:00,289.5807813644409,289.5807813644409,281.65911865234375,281.65911865234375,68600,0.0,0.0
2021-08-02 00:00:00+09:00,281.6591218847352,286.940230420074,281.6591218847352,282.539306640625,48200,0.0,0.0
2021-08-03 00:00:00+09:00,280.77895801472215,286.9402517642615,279.8987731933594,279.8987731933594,65700,0.0,0.0
2021-08-04 00:00:00+09:00,284.2996875581287,284.2996875581287,274.6176548549107,277.2582092285156,76200,0.0,0.0
2021-08-05 00:00:00+09:00,277.25821872927105,281.6591428360849,277.25821872927105,279.8987731933594,33000,0.0,0.0
2021-08-06 00:00:00+09:00,278.1384308150138,280.77898553794114,278.1384308150138,279.01861572265625,47500,0.0,0.0
2021-08-10 00:00:00+09:00,279.8987491607666,282.5393033981323,279.8987491607666,281.65911865234375,20800,0.0,0.0
2021-08-11 00:00:00+09:00,282.5393464830187,285.1799011230469,281.6591616030093,285.1799011230469,37300,0.0,0.0
2021-08-12 00:00:00+09:00,285.1799042217548,288.7006437800481,284.2997193321815,286.0600891113281,48300,0.0,0.0
2021-08-13 00:00:00+09:00,284.2997162430375,285.1799011230469,281.6591616030093,285.1799011230469,33900,0.0,0.0
2021-08-16 00:00:00+09:00,284.29970050680225,284.29970050680225,278.1384066877694,280.7789611816406,42200,0.0,0.0
2021-08-17 00:00:00+09:00,280.7789611816406,284.29970050680225,280.7789611816406,280.7789611816406,51500,0.0,0.0
2021-08-18 00:00:00+09:00,280.7789435135691,286.0600521689967,279.8987587376645,284.2996826171875,56300,0.0,0.0
2021-08-19 00:00:00+09:00,290.4610135591947,294.8619380070613,285.1799042217548,286.0600891113281,141100,0.0,0.0
2021-08-20 00:00:00+09:00,285.17991007615336,286.9402798914383,279.01861572265625,279.01861572265625,57500,0.0,0.0
2021-08-23 00:00:00+09:00,281.6591282894737,287.82042172080594,281.6591282894737,284.2996826171875,36700,0.0,0.0
2021-08-24 00:00:00+09:00,282.53934955303487,286.94027400090147,282.53934955303487,286.0600891113281,39900,0.0,0.0
2021-08-25 00:00:00+09:00,286.94023694490136,288.7006064967105,284.2996826171875,284.2996826171875,36700,0.0,0.0
2021-08-26 00:00:00+09:00,282.5393130653783,288.7006064967105,282.5393130653783,284.2996826171875,28800,0.0,0.0
2021-08-27 00:00:00+09:00,283.41950602471076,283.41950602471076,277.2582124154779,278.1383972167969,64800,0.0,0.0
2021-08-30 00:00:00+09:00,279.8987491607666,281.65911865234375,279.018564414978,281.65911865234375,22000,0.0,0.0
2021-08-31 00:00:00+09:00,280.7789611816406,285.1798853380927,279.0185915190598,280.7789611816406,24700,0.0,0.0
2021-09-01 00:00:00+09:00,280.7789435135691,286.0600521689967,280.7789435135691,284.2996826171875,34500,0.0,0.0
2021-09-02 00:00:00+09:00,283.41953136302806,287.8204557630751,283.41953136302806,285.1799011230469,51200,0.0,0.0
2021-09-03 00:00:00+09:00,286.06007120891906,289.580810546875,286.06007120891906,289.580810546875,46500,0.0,0.0
2021-09-06 00:00:00+09:00,289.580810546875,290.460995381364,286.06007120891906,289.580810546875,42400,0.0,0.0
2021-09-07 00:00:00+09:00,289.580831796845,292.2213864940807,285.17990730145226,286.9402770996094,74700,0.0,0.0
2021-09-08 00:00:00+09:00,286.0600774021667,295.74211079116316,286.0600774021667,291.3411865234375,58300,0.0,0.0
2021-09-09 00:00:00+09:00,292.22136505034194,295.7421043882979,289.580810546875,289.580810546875,73500,0.0,0.0
2021-09-10 00:00:00+09:00,289.58078968094054,293.98171353627396,286.06005059667376,292.2213439941406,79300,0.0,0.0
2021-09-13 00:00:00+09:00,293.1015351803717,300.14301350302327,290.46098080937736,293.9817199707031,91400,0.0,0.0
2021-09-14 00:00:00+09:00,294.8618904046253,299.26281414200776,293.1015209096723,298.38262939453125,84400,0.0,0.0
2021-09-15 00:00:00+09:00,294.8619015438779,297.50245588606185,291.34116242096593,293.1015319824219,35400,0.0,0.0
2021-09-16 00:00:00+09:00,294.861925937618,294.861925937618,286.94026225571184,291.3411865234375,51500,0.0,0.0
2021-09-17 00:00:00+09:00,291.34116242096593,293.1015319824219,289.5807928595099,293.1015319824219,34500,0.0,0.0
2021-09-21 00:00:00+09:00,286.06006694289874,286.9402517642615,279.8987731933594,279.8987731933594,83900,0.0,0.0
2021-09-22 00:00:00+09:00,281.65918904752397,281.65918904752397,275.4978942871094,275.4978942871094,85000,0.0,0.0
2021-09-24 00:00:00+09:00,282.53935260421656,287.8204619986879,282.53935260421656,286.9402770996094,75000,0.0,0.0
2021-09-27 00:00:00+09:00,283.4194913965148,286.940230420074,282.539306640625,282.539306640625,17200,0.0,0.0
2021-09-28 00:00:00+09:00,284.2996793948345,284.2996793948345,279.01857079926486,283.41949462890625,39900,0.0,0.0
2021-09-29 00:00:00+09:00,279.89876681943485,282.53932122339177,278.1383972167969,278.1383972167969,42300,0.0,0.0
2021-09-30 00:00:00+09:00,279.0185755832939,281.6591299263535,276.3780212402344,276.3780212402344,34100,0.0,0.0
2021-10-01 00:00:00+09:00,276.37807925288286,276.37807925288286,271.0969694582418,275.4978942871094,93400,0.0,0.0
2021-10-04 00:00:00+09:00,276.37803915700607,277.2582239950857,271.09693012852824,272.8572998046875,45700,0.0,0.0
2021-10-05 00:00:00+09:00,273.73748464276713,274.61766948084676,268.4563756142893,272.8572998046875,101400,0.0,0.0
2021-10-06 00:00:00+09:00,279.8987731933594,281.6591428360849,271.97710980109446,279.8987731933594,196400,0.0,0.0
2021-10-07 00:00:00+09:00,279.8988006302987,284.2997251685109,277.25824590737136,279.01861572265625,78900,0.0,0.0
2021-10-08 00:00:00+09:00,282.53932122339177,283.41950602471076,278.1383972167969,278.1383972167969,50000,0.0,0.0
2021-10-11 00:00:00+09:00,278.1383796691894,283.4194881439209,276.3780101776123,281.65911865234375,43700,0.0,0.0
2021-10-12 00:00:00+09:00,280.7789483933222,281.65913318452385,277.2582092285156,277.2582092285156,55000,0.0,0.0
2021-10-13 00:00:00+09:00,275.4978300241324,277.25819954505334,274.6176452636719,274.6176452636719,33200,0.0,0.0
2021-10-14 00:00:00+09:00,272.8572757427509,274.6176452636719,271.9770909822904,274.6176452636719,30800,0.0,0.0
2021-10-15 00:00:00+09:00,274.617658011521,278.1383972167969,273.737473210202,278.1383972167969,25300,0.0,0.0
2021-10-18 00:00:00+09:00,278.1383796691894,281.65911865234375,277.2581949234009,281.65911865234375,38800,0.0,0.0
2021-10-19 00:00:00+09:00,281.6591218847352,283.4194913965148,280.7789371288454,282.539306640625,27900,0.0,0.0
2021-10-20 00:00:00+09:00,282.53932122339177,282.53932122339177,278.1383972167969,278.1383972167969,34900,0.0,0.0
2021-10-21 00:00:00+09:00,278.1383972167969,284.29969082602975,277.2582124154779,278.1383972167969,55400,0.0,0.0
2021-10-22 00:00:00+09:00,279.8987763503502,285.1798853380927,279.8987763503502,280.7789611816406,58300,0.0,0.0
2021-10-25 00:00:00+09:00,281.6591428360849,282.53932765744764,279.8987731933594,279.8987731933594,15000,0.0,0.0
2021-10-26 00:00:00+09:00,280.7789611816406,282.53933084422147,280.7789611816406,280.7789611816406,10700,0.0,0.0
2021-10-27 00:00:00+09:00,282.53932122339177,282.53932122339177,277.2582124154779,278.1383972167969,41700,0.0,0.0
2021-10-28 00:00:00+09:00,278.1383972167969,278.1383972167969,273.737473210202,278.1383972167969,28600,0.0,0.0
2021-10-29 00:00:00+09:00,278.1383940197173,278.1383940197173,274.6176548549107,277.2582092285156,22400,0.0,0.0
2021-11-01 00:00:00+09:00,279.0185915190598,280.7789611816406,277.258221856479,280.7789611816406,21800,0.0,0.0
2021-11-02 00:00:00+09:00,280.77898553794114,280.77898553794114,277.25824590737136,279.01861572265625,16000,0.0,0.0
2021-11-04 00:00:00+09:00,278.1383796691894,281.65911865234375,277.2581949234009,281.65911865234375,33000,0.0,0.0
2021-11-05 00:00:00+09:00,280.77898553794114,280.77898553794114,277.25824590737136,279.01861572265625,32900,0.0,0.0
2021-11-08 00:00:00+09:00,279.8987731933594,280.77895801472215,277.25821872927105,279.8987731933594,20200,0.0,0.0
2021-11-09 00:00:00+09:00,279.8987603643138,279.8987603643138,274.61765167819465,276.3780212402344,36700,0.0,0.0
2021-11-10 00:00:00+09:00,276.37803915700607,277.2582239950857,271.97711496660787,272.8572998046875,23000,0.0,0.0
2021-11-11 00:00:00+09:00,272.85729664429107,274.6176663000607,271.97711181640625,271.97711181640625,19700,0.0,0.0
2021-11-12 00:00:00+09:00,271.97708777522735,275.4978267755539,271.97708777522735,273.7374572753906,25400,0.0,0.0
2021-11-15 00:00:00+09:00,273.7374668971748,277.25820602125424,273.7374668971748,276.3780212402344,142800,0.0,0.0
2021-11-16 00:00:00+09:00,277.2582207837151,277.2582207837151,271.97711181640625,271.97711181640625,93500,0.0,0.0
2021-11-17 00:00:00+09:00,272.85726274762834,273.7374474661691,270.21670859200617,271.0968933105469,34700,0.0,0.0
2021-11-18 00:00:00+09:00,270.21670859200617,274.61763218470986,269.3365238734654,271.0968933105469,35200,0.0,0.0
2021-11-19 00:00:00+09:00,271.97707802908764,272.85726274762834,270.21670859200617,271.0968933105469,20500,0.0,0.0
2021-11-22 00:00:00+09:00,270.21670859200617,272.85726274762834,269.3365238734654,271.0968933105469,33400,0.0,0.0
2021-11-24 00:00:00+09:00,270.2167452904486,272.8572998046875,270.2167452904486,272.8572998046875,42700,0.0,0.0
2021-11-25 00:00:00+09:00,272.85729664429107,273.7374814721759,271.97711181640625,271.97711181640625,28700,0.0,0.0
2021-11-26 00:00:00+09:00,271.09694816240295,274.61768774892766,269.3365783691406,269.3365783691406,219300,0.0,0.0
2021-11-29 00:00:00+09:00,270.2254448063746,272.0032437853639,266.669846848396,267.5587463378906,65900,3.0,0.0
2021-11-30 00:00:00+09:00,268.4476883651426,272.00328688653525,264.00319021340187,264.89208984375,54600,0.0,0.0
2021-12-01 00:00:00+09:00,264.89204786940667,270.2254448063746,263.11424889041734,267.5587463378906,35200,0.0,0.0
2021-12-02 00:00:00+09:00,266.6698891044463,268.4476883651426,264.89208984375,264.89208984375,19500,0.0,0.0
2021-12-03 00:00:00+09:00,264.8920803762505,271.11437756629664,264.8920803762505,269.3365783691406,40400,0.0,0.0
2021-12-06 00:00:00+09:00,267.55873239277213,271.11433016543356,267.55873239277213,268.4476318359375,10100,0.0,0.0
2021-12-07 00:00:00+09:00,269.33658958166933,278.2255859375,269.33658958166933,278.2255859375,33100,0.0,0.0
2021-12-08 00:00:00+09:00,278.2255957467215,278.2255957467215,272.0032980782645,273.7810974121094,13800,0.0,0.0
2021-12-09 00:00:00+09:00,273.7810620759663,273.7810620759663,270.2254638671875,270.2254638671875,11100,0.0,0.0
2021-12-10 00:00:00+09:00,270.22547796771863,271.11437756629664,268.44767877056256,269.3365783691406,15300,0.0,0.0
2021-12-13 00:00:00+09:00,272.0032629715769,272.0032629715769,267.55876521060344,270.2254638671875,15900,0.0,0.0
2021-12-14 00:00:00+09:00,266.66987957340655,270.22547796771863,265.78097997482854,269.3365783691406,35000,0.0,0.0
2021-12-15 00:00:00+09:00,269.3365783691406,272.00327716487465,269.3365783691406,269.3365783691406,12300,0.0,0.0
2021-12-16 00:00:00+09:00,273.7810620759663,273.7810620759663,268.4476647627981,270.2254638671875,15700,0.0,0.0
2021-12-17 00:00:00+09:00,267.55876037597653,269.33655944824216,266.66986083984375,266.66986083984375,12900,0.0,0.0
2021-12-20 00:00:00+09:00,265.7809825531424,265.7809825531424,259.5586853027344,259.5586853027344,43700,0.0,0.0
2021-12-21 00:00:00+09:00,258.66976685837477,260.4475659433121,256.8919677734375,256.8919677734375,78700,0.0,0.0
2021-12-22 00:00:00+09:00,256.0030491968968,257.7808481496531,254.22525024414062,254.22525024414062,27500,0.0,0.0
2021-12-23 00:00:00+09:00,255.11417797249808,255.11417797249808,250.66968009841275,252.44747924804688,54700,0.0,0.0
2021-12-24 00:00:00+09:00,255.1141791628118,256.00307874177633,251.55858084695382,253.3363800048828,17000,0.0,0.0
2021-12-27 00:00:00+09:00,251.55855302290485,253.33635198419745,243.55845769708807,244.44735717773438,45700,0.0,0.0
2021-12-28 00:00:00+09:00,247.11405690511066,248.00295639038086,242.66955947875977,245.3362579345703,41600,0.0,0.0
2021-12-29 00:00:00+09:00,241.78065873579547,247.1140556196733,241.78065873579547,244.44735717773438,48600,0.0,0.0
2021-12-30 00:00:00+09:00,244.44735717773438,245.3362566583807,244.44735717773438,244.44735717773438,38400,0.0,0.0
2022-01-04 00:00:00+09:00,247.11406980639828,248.00296933807596,240.89177308465443,243.5584716796875,42500,0.0,0.0
2022-01-05 00:00:00+09:00,246.2251690316113,247.11406855880122,241.78067139566164,242.66957092285156,51400,0.0,0.0
2022-01-06 00:00:00+09:00,240.89178108101459,241.78068064219914,238.22508239746094,238.22508239746094,39200,0.0,0.0
2022-01-07 00:00:00+09:00,238.22508239746094,240.00288151983005,235.55838371390726,238.22508239746094,50800,0.0,0.0
2022-01-11 00:00:00+09:00,236.4472844574088,240.00288271992625,236.4472844574088,239.11398315429688,87900,0.0,0.0
2022-01-12 00:00:00+09:00,239.11399352807794,247.1140899658203,239.11399352807794,247.1140899658203,54900,0.0,0.0
2022-01-13 00:00:00+09:00,249.7807553609212,249.7807553609212,243.55845896402994,245.3362579345703,42700,0.0,0.0
2022-01-14 00:00:00+09:00,243.55848098244368,243.55848098244368,238.22508358866753,239.11398315429688,118400,0.0,0.0
2022-01-17 00:00:00+09:00,239.1139916381836,239.1139916381836,220.44710009765623,222.2248992919922,553700,0.0,0.0
2022-01-18 00:00:00+09:00,220.4470918129501,220.4470918129501,214.22479486661683,216.00259399414062,151300,0.0,0.0
2022-01-19 00:00:00+09:00,211.55810077373798,213.33589993990384,208.00250244140625,208.00250244140625,226200,0.0,0.0
2022-01-20 00:00:00+09:00,212.44698796406328,224.89158140128876,212.44698796406328,221.3359832763672,404600,0.0,0.0
2022-01-21 00:00:00+09:00,221.3359904569738,229.3360864975873,218.66929177676928,226.6693878173828,176900,0.0,0.0
2022-01-24 00:00:00+09:00,224.00269965061628,225.78049885419261,220.44710124346364,223.11380004882812,67300,0.0,0.0
2022-01-25 00:00:00+09:00,223.11380119929237,232.0027972630092,223.11380119929237,224.00270080566406,104300,0.0,0.0
2022-01-26 00:00:00+09:00,224.89158630371094,228.44718450614116,223.11378720249584,224.89158630371094,68100,0.0,0.0
2022-01-27 00:00:00+09:00,225.78048093251914,228.4471795262103,218.66928468267602,221.3359832763672,118100,0.0,0.0
2022-01-28 00:00:00+09:00,227.55829893867926,238.22509420142984,227.55829893867926,235.5583953857422,291300,0.0,0.0
2022-01-31 00:00:00+09:00,239.11398315429688,240.00288271992625,234.6694853261501,239.11398315429688,95900,0.0,0.0
2022-02-01 00:00:00+09:00,240.89177903479572,249.78077457113505,240.89177903479572,248.0029754638672,145700,0.0,0.0
2022-02-02 00:00:00+09:00,269.3365643149928,271.1143634193822,260.44756879304583,270.2254638671875,354900,0.0,0.0
2022-02-03 00:00:00+09:00,268.44765330758855,275.5588494216969,266.6698542790615,272.89215087890625,152500,0.0,0.0
2022-02-04 00:00:00+09:00,272.8921720064603,280.8922682542067,272.8921720064603,277.336669921875,113100,0.0,0.0
2022-02-07 00:00:00+09:00,275.5588494216969,275.5588494216969,269.3365528218521,272.89215087890625,97000,0.0,0.0
2022-02-08 00:00:00+09:00,274.669961628161,274.669961628161,269.3365643149928,270.2254638671875,43900,0.0,0.0
2022-02-09 00:00:00+09:00,272.8921767634527,272.8921767634527,260.4475823833604,269.3365783691406,74900,0.0,0.0
2022-02-10 00:00:00+09:00,269.3365783691406,270.22547796771863,265.78097997482854,269.3365783691406,31800,0.0,0.0
2022-02-14 00:00:00+09:00,264.0031856614716,267.55878412155874,261.33648681640625,261.33648681640625,74700,0.0,0.0
2022-02-15 00:00:00+09:00,263.1142351769454,270.2254307222682,263.1142351769454,268.4476318359375,54300,0.0,0.0
2022-02-16 00:00:00+09:00,271.1143585205078,272.0032580566406,266.66986083984375,266.66986083984375,28100,0.0,0.0
2022-02-17 00:00:00+09:00,266.6698891044463,269.3365879954908,264.00319021340187,264.89208984375,19300,0.0,0.0
2022-02-18 00:00:00+09:00,260.44758946186784,265.78098719828836,260.44758946186784,263.1142883300781,22400,0.0,0.0
2022-02-21 00:00:00+09:00,257.78085072835285,259.5586496988932,255.1141522725423,256.0030517578125,48300,0.0,0.0
2022-02-22 00:00:00+09:00,252.44748042591831,256.00307874177633,252.44748042591831,253.3363800048828,16100,0.0,0.0
2022-02-24 00:00:00+09:00,255.1141922482332,256.0030918727915,246.22519600265016,251.55859375,56800,0.0,0.0
2022-02-25 00:00:00+09:00,254.22527839768102,254.22527839768102,249.7807805235957,252.44747924804688,15900,0.0,0.0
2022-02-28 00:00:00+09:00,254.22525529532598,260.4475517536032,251.5585568132072,257.7808532714844,26400,0.0,0.0
2022-03-01 00:00:00+09:00,262.22534815470374,262.22534815470374,250.6696548461914,256.0030517578125,57300,0.0,0.0
2022-03-02 00:00:00+09:00,256.0030726841518,256.0030726841518,248.89187622070312,248.89187622070312,31500,0.0,0.0
2022-03-03 00:00:00+09:00,248.0029895700139,250.6696883825947,245.33629075743312,247.1140899658203,43700,0.0,0.0
2022-03-04 00:00:00+09:00,245.33626699975497,246.22516651787,240.00286989106462,240.8917694091797,43400,0.0,0.0
2022-03-07 00:00:00+09:00,239.11397159800808,245.3362682566923,237.33617255266975,241.78067016601562,69000,0.0,0.0
2022-03-08 00:00:00+09:00,239.11399954336662,242.66959804958768,236.44730066370082,240.00289916992188,54900,0.0,0.0
2022-03-09 00:00:00+09:00,241.78066892729473,243.55846796352483,239.11397037294958,240.8917694091797,38800,0.0,0.0
2022-03-10 00:00:00+09:00,240.89175925514917,248.0029551003196,234.669462890625,244.44735717773438,111900,0.0,0.0
2022-03-11 00:00:00+09:00,240.00286989106462,244.4473674816399,238.2250708548345,240.8917694091797,132300,0.0,0.0
2022-03-14 00:00:00+09:00,239.11399352807794,247.1140899658203,239.11399352807794,247.1140899658203,65700,0.0,0.0
2022-03-15 00:00:00+09:00,248.00295639038086,248.00295639038086,244.4473584493001,245.3362579345703,15000,0.0,0.0
2022-03-16 00:00:00+09:00,243.5584716796875,245.3362707430429,240.00287355297675,243.5584716796875,29400,0.0,0.0
2022-03-17 00:00:00+09:00,244.4473712113652,246.2251702747206,240.00287355297675,243.5584716796875,29000,0.0,0.0
2022-03-18 00:00:00+09:00,240.00285977450287,244.44735717773438,240.00285977450287,244.44735717773438,35600,0.0,0.0
2022-03-22 00:00:00+09:00,246.2251690316113,246.2251690316113,241.78067139566164,242.66957092285156,138200,0.0,0.0
2022-03-23 00:00:00+09:00,245.33629526990526,252.44749223425035,244.4473956493621,250.66969299316406,104100,0.0,0.0
2022-03-24 00:00:00+09:00,249.7807945008834,253.33639299911658,248.89189487632507,251.55859375,108600,0.0,0.0
2022-03-25 00:00:00+09:00,256.0030775473152,256.0030775473152,250.66968009841275,252.44747924804688,16900,0.0,0.0
2022-03-28 00:00:00+09:00,250.66968009841275,252.44747924804688,249.7807805235957,252.44747924804688,16500,0.0,0.0
2022-03-29 00:00:00+09:00,252.44749223425035,252.44749223425035,247.11409451099152,250.66969299316406,31100,0.0,0.0
2022-03-30 00:00:00+09:00,247.1140829521313,255.1141791628118,247.1140829521313,253.3363800048828,86200,0.0,0.0
2022-03-31 00:00:00+09:00,241.78068185118497,246.22517967933175,239.11398315429688,239.11398315429688,161800,0.0,0.0
2022-04-01 00:00:00+09:00,238.22508358866753,240.8917822855556,228.4471883667446,239.11398315429688,178000,0.0,0.0
2022-04-04 00:00:00+09:00,239.11397954037315,240.00287909256784,235.55838133159438,236.44728088378906,106700,0.0,0.0
2022-04-05 00:00:00+09:00,237.3361922579573,238.22509185442905,232.0027946791268,233.7805938720703,51600,0.0,0.0
2022-04-06 00:00:00+09:00,234.66950199112355,234.66950199112355,228.44720458984375,228.44720458984375,58300,0.0,0.0
2022-04-07 00:00:00+09:00,228.44720458984375,230.22500384735227,226.66940533233526,228.44720458984375,43400,0.0,0.0
2022-04-08 00:00:00+09:00,228.44717776958757,232.89167539156398,228.44717776958757,231.11387634277344,50000,0.0,0.0
2022-04-11 00:00:00+09:00,232.0028031048608,233.7806023623693,225.78050570358099,228.44720458984375,34200,0.0,0.0
2022-04-12 00:00:00+09:00,229.3360840567487,229.3360840567487,224.89158630371094,224.89158630371094,29300,0.0,0.0
2022-04-13 00:00:00+09:00,227.55827079232284,228.44717028760536,222.22487382062778,225.7804718017578,101900,0.0,0.0
2022-04-14 00:00:00+09:00,227.5582782451923,231.11387634277344,227.5582782451923,231.11387634277344,27500,0.0,0.0
2022-04-15 00:00:00+09:00,229.3360840567487,230.22498360735625,224.89158630371094,224.89158630371094,57000,0.0,0.0
2022-04-18 00:00:00+09:00,224.89158630371094,226.66938540492603,224.00268675310338,224.89158630371094,25000,0.0,0.0
2022-04-19 00:00:00+09:00,225.78050001840742,225.78050001840742,224.00270080566406,224.00270080566406,18400,0.0,0.0
2022-04-20 00:00:00+09:00,226.66939845598077,226.66939845598077,221.33600084525182,223.11380004882812,25600,0.0,0.0
2022-04-21 00:00:00+09:00,220.4470837451368,221.3359832763672,217.78038515144564,221.3359832763672,47100,0.0,0.0
2022-04-22 00:00:00+09:00,218.66929508131378,219.55819465481503,216.89149593431122,217.7803955078125,39600,0.0,0.0
2022-04-25 00:00:00+09:00,217.78040029234808,217.78040029234808,209.78030395507812,209.78030395507812,56000,0.0,0.0
2022-04-26 00:00:00+09:00,210.6691954431455,216.00259279613653,208.00249676664998,215.1136932373047,94500,0.0,0.0
2022-04-27 00:00:00+09:00,212.4470039077952,215.1137027016169,209.7803051139735,210.66920471191406,85200,0.0,0.0
2022-04-28 00:00:00+09:00,210.66919891980228,218.66929508131378,210.66919891980228,217.7803955078125,43200,0.0,0.0
2022-05-02 00:00:00+09:00,216.00258245700743,220.44708003842734,214.22478342443947,218.66928100585938,65200,0.0,0.0
2022-05-06 00:00:00+09:00,217.78040130615233,222.2248992919922,216.0026021118164,222.2248992919922,41300,0.0,0.0
2022-05-09 00:00:00+09:00,219.55818052214337,221.33597955471132,218.66928100585938,218.66928100585938,38800,0.0,0.0
2022-05-10 00:00:00+09:00,218.6692834669544,222.22488157210813,216.89148441437752,220.44708251953125,25500,0.0,0.0
2022-05-11 00:00:00+09:00,217.7803814895754,221.33597955471132,217.7803814895754,218.66928100585938,18900,0.0,0.0
2022-05-12 00:00:00+09:00,215.1136883647502,216.89148744214484,211.55809020996094,211.55809020996094,40300,0.0,0.0
2022-05-13 00:00:00+09:00,212.44700592283218,224.00270080566406,212.44700592283218,224.00270080566406,43400,0.0,0.0
2022-05-16 00:00:00+09:00,217.7803943196281,223.11379173153736,216.89149475097656,216.89149475097656,55600,0.0,0.0
2022-05-17 00:00:00+09:00,216.89149235496836,217.7803919138002,215.1136932373047,215.1136932373047,30900,0.0,0.0
2022-05-18 00:00:00+09:00,216.00260323452284,223.11380004882812,216.00260323452284,223.11380004882812,29700,0.0,0.0
2022-05-19 00:00:00+09:00,216.89148441437752,224.00268062468498,216.89148441437752,220.44708251953125,26700,0.0,0.0
2022-05-20 00:00:00+09:00,220.4470837451368,221.3359832763672,219.5581842139064,221.3359832763672,33400,0.0,0.0
2022-05-23 00:00:00+09:00,223.11378109839654,223.11378109839654,219.55818299324284,220.44708251953125,24500,0.0,0.0
2022-05-24 00:00:00+09:00,217.78038946787515,219.5581885655721,213.3358917236328,213.3358917236328,24000,0.0,0.0
2022-05-25 00:00:00+09:00,216.89148744214484,216.89148744214484,210.66919067126364,211.55809020996094,23100,0.0,0.0
2022-05-26 00:00:00+09:00,211.55810077373798,212.44700035682092,208.00250244140625,208.00250244140625,26000,0.0,0.0
2022-05-27 00:00:00+09:00,210.66919067126364,212.44698974865824,208.891391593869,211.55809020996094,34100,0.0,0.0
2022-05-30 00:00:00+09:00,214.22478882605287,216.89148744214484,211.55809020996094,211.55809020996094,58000,0.0,0.0
2022-05-31 00:00:00+09:00,213.3358917236328,216.0025903701782,212.44699217478433,213.3358917236328,25700,0.0,0.0
2022-06-01 00:00:00+09:00,213.3358851135501,221.33598080530822,213.3358851135501,219.5581817626953,50500,0.0,0.0
2022-06-02 00:00:00+09:00,217.7803919138002,217.7803919138002,214.22479367847285,215.1136932373047,23000,0.0,0.0
2022-06-03 00:00:00+09:00,216.0025879034475,216.89148744214484,210.66919067126364,211.55809020996094,37500,0.0,0.0
2022-06-06 00:00:00+09:00,212.44699217478433,214.22479127248127,210.66919307708739,213.3358917236328,23400,0.0,0.0
2022-06-07 00:00:00+09:00,215.11369082132973,215.11369082132973,212.44699217478433,213.3358917236328,62200,0.0,0.0
2022-06-08 00:00:00+09:00,214.22479005438512,216.00258914197337,212.44699096679688,212.44699096679688,25100,0.0,0.0
2022-06-09 00:00:00+09:00,212.4469782405869,216.89147569331885,212.4469782405869,214.2247772216797,43400,0.0,0.0
2022-06-10 00:00:00+09:00,212.4470027341681,214.2248019202281,208.89140436204815,209.78030395507812,69900,0.0,0.0
2022-06-13 00:00:00+09:00,209.78029921959185,209.78029921959185,204.44690178180562,206.22470092773438,58300,0.0,0.0
2022-06-14 00:00:00+09:00,204.44689032372008,209.78028746259974,204.44689032372008,208.89138793945312,49200,0.0,0.0
2022-06-15 00:00:00+09:00,208.00250244140625,209.7803016075721,205.33580369215747,208.00250244140625,64500,0.0,0.0
2022-06-16 00:00:00+09:00,209.7803016075721,212.44700035682092,208.00250244140625,208.00250244140625,22200,0.0,0.0
2022-06-17 00:00:00+09:00,205.33580369215747,210.66920119065506,204.44690410907452,208.00250244140625,31400,0.0,0.0
2022-06-20 00:00:00+09:00,208.00248593833825,208.00248593833825,202.66908886299623,207.11358642578125,37700,0.0,0.0
2022-06-21 00:00:00+09:00,207.11359251647437,212.44698974865824,207.11359251647437,211.55809020996094,16900,0.0,0.0
2022-06-22 00:00:00+09:00,211.55810314113813,211.55810314113813,208.00250476901815,209.78030395507812,12800,0.0,0.0
2022-06-23 00:00:00+09:00,209.78030395507812,211.55810314113813,209.78030395507812,209.78030395507812,15400,0.0,0.0
2022-06-24 00:00:00+09:00,210.66920471191406,212.4470039077952,209.7803051139735,210.66920471191406,12400,0.0,0.0
2022-06-27 00:00:00+09:00,209.7802923354145,212.44699096679688,209.7802923354145,212.44699096679688,15700,0.0,0.0
2022-06-28 00:00:00+09:00,212.44699217478433,214.22479127248127,211.55809262593587,213.3358917236328,15600,0.0,0.0
2022-06-29 00:00:00+09:00,213.33589993990384,213.33589993990384,208.00250244140625,208.00250244140625,33800,0.0,0.0
2022-06-30 00:00:00+09:00,211.55808487558753,222.2248790709953,204.44688874531568,218.66928100585938,245900,0.0,0.0
2022-07-01 00:00:00+09:00,264.8920682634626,276.4477625165667,241.78067975725446,248.89187622070312,3415900,0.0,0.0
2022-07-04 00:00:00+09:00,249.7807540616122,251.55855302290485,243.55845769708807,244.44735717773438,453900,0.0,0.0
2022-07-05 00:00:00+09:00,242.66957092285156,245.33626950442135,240.00287234128177,242.66957092285156,222400,0.0,0.0
2022-07-06 00:00:00+09:00,243.55845896402994,250.6696548461914,242.66955947875977,245.3362579345703,171800,0.0,0.0
2022-07-07 00:00:00+09:00,244.44739000891948,248.89188800908167,244.44739000891948,246.22518920898438,78100,0.0,0.0
2022-07-08 00:00:00+09:00,246.22516651787,248.00296555410011,240.8917694091797,240.8917694091797,100900,0.0,0.0
2022-07-11 00:00:00+09:00,243.5584704500415,246.2251690316113,241.78067139566164,242.66957092285156,92000,0.0,0.0
2022-07-12 00:00:00+09:00,242.66959804958768,243.55849767614293,240.00289916992188,240.00289916992188,67700,0.0,0.0
2022-07-13 00:00:00+09:00,239.11399380665907,240.00289341188827,230.2249977543669,235.5583953857422,171800,0.0,0.0
2022-07-14 00:00:00+09:00,235.55840103714556,243.55849767614293,235.55840103714556,240.00289916992188,80900,0.0,0.0
2022-07-15 00:00:00+09:00,240.89179879647713,241.78069842303242,234.66950141059027,240.00289916992188,48600,0.0,0.0
2022-07-19 00:00:00+09:00,241.78065999348956,246.22515741984049,240.00286102294922,245.3362579345703,77300,0.0,0.0
2022-07-20 00:00:00+09:00,247.11407710484096,249.7807757786342,244.4473784310477,248.89187622070312,76000,0.0,0.0
2022-07-21 00:00:00+09:00,248.0029539094938,258.6697476260312,246.22515495673758,254.22525024414062,125300,0.0,0.0
2022-07-22 00:00:00+09:00,253.3363800048828,256.00307874177633,253.3363800048828,253.3363800048828,41900,0.0,0.0
2022-07-25 00:00:00+09:00,253.3363507677625,255.11414972051872,250.66965233862817,254.22525024414062,43500,0.0,0.0
2022-07-26 00:00:00+09:00,253.33637882286396,257.7808766969493,252.44747924804688,252.44747924804688,58300,0.0,0.0
2022-07-27 00:00:00+09:00,251.55858316986402,256.00308110572735,249.78078399551868,255.1141815185547,53200,0.0,0.0
2022-07-28 00:00:00+09:00,256.89195778191726,256.89195778191726,247.11406319506227,249.78076171875,188300,0.0,0.0
2022-07-29 00:00:00+09:00,249.78077457113505,252.44747323203686,247.11407591023325,248.0029754638672,57600,0.0,0.0
2022-08-01 00:00:00+09:00,251.55855181500627,254.22525024414062,249.78075286225004,254.22525024414062,68700,0.0,0.0
2022-08-02 00:00:00+09:00,252.44748275703668,257.78088028007267,251.55858316986402,255.1141815185547,57700,0.0,0.0
2022-08-03 00:00:00+09:00,255.11415876612543,257.7808572898132,249.78076171875,249.78076171875,66700,0.0,0.0
2022-08-04 00:00:00+09:00,249.78078168902482,254.2252795838473,249.78078168902482,253.3363800048828,41600,0.0,0.0
2022-08-05 00:00:00+09:00,250.66965233862817,255.11414972051872,250.66965233862817,254.22525024414062,62500,0.0,0.0
2022-08-08 00:00:00+09:00,253.3363507677625,255.11414972051872,250.66965233862817,254.22525024414062,48500,0.0,0.0
2022-08-09 00:00:00+09:00,254.2252914753366,255.11419109587973,250.66969299316406,250.66969299316406,50900,0.0,0.0
2022-08-10 00:00:00+09:00,250.66969412544168,251.55859375,248.00299525176678,251.55859375,54400,0.0,0.0
2022-08-12 00:00:00+09:00,251.55859105116656,261.33648681640625,250.66969143614477,261.33648681640625,83700,0.0,0.0
2022-08-15 00:00:00+09:00,259.5586496988932,259.5586496988932,256.0030517578125,256.0030517578125,54800,0.0,0.0
2022-08-16 00:00:00+09:00,257.7808470035643,265.78094225539905,256.8919475311382,264.0031433105469,58000,0.0,0.0
2022-08-17 00:00:00+09:00,263.1142905830537,266.6698891044463,263.1142905830537,264.89208984375,41400,0.0,0.0
2022-08-18 00:00:00+09:00,263.1142438381208,264.89204278297296,260.4475454208426,264.0031433105469,40500,0.0,0.0
2022-08-19 00:00:00+09:00,265.7809613037109,268.4476599121094,261.3364636230469,266.66986083984375,69100,0.0,0.0
2022-08-22 00:00:00+09:00,264.89204786940667,271.1143442958692,263.11424889041734,267.5587463378906,71000,0.0,0.0
2022-08-23 00:00:00+09:00,263.11424763997394,265.7809460957845,256.0030517578125,256.0030517578125,85600,0.0,0.0
2022-08-24 00:00:00+09:00,254.225273887452,262.22536991887534,254.225273887452,260.44757080078125,43800,0.0,0.0
2022-08-25 00:00:00+09:00,262.22536502824937,262.22536502824937,256.0030682309689,256.8919677734375,25700,0.0,0.0
2022-08-26 00:00:00+09:00,313.78153303914996,314.6704325661731,291.55904486357275,297.7813415527344,3923600,0.0,0.0
2022-08-29 00:00:00+09:00,293.33683901322934,302.22583413484233,288.00344194026155,294.2257385253906,1175200,0.0,0.0
2022-08-30 00:00:00+09:00,292.4479580222632,293.33685759071994,281.7811632007825,285.3367614746094,456600,0.0,0.0
2022-08-31 00:00:00+09:00,286.2256518404908,294.2257476993865,283.5589532208589,289.78125,184200,0.0,0.0
2022-09-01 00:00:00+09:00,293.33683398885466,293.33683398885466,286.22563801336725,290.6701354980469,178100,0.0,0.0
2022-09-02 00:00:00+09:00,289.7812617157266,296.00355874643236,283.5589646850208,287.11456298828125,172100,0.0,0.0
2022-09-05 00:00:00+09:00,286.22567975079573,290.6701778835721,282.67008124457465,288.00347900390625,107800,0.0,0.0
2022-09-06 00:00:00+09:00,288.00349959631455,295.1146971172112,288.00349959631455,292.447998046875,94800,0.0,0.0
2022-09-07 00:00:00+09:00,289.781236001111,292.4479344919187,288.89233650417503,290.6701354980469,51900,0.0,0.0
2022-09-08 00:00:00+09:00,292.44796283428485,292.44796283428485,288.8923645019531,288.8923645019531,58900,0.0,0.0
2022-09-09 00:00:00+09:00,288.0034649188702,293.3368624173678,288.0034649188702,288.8923645019531,73100,0.0,0.0
2022-09-12 00:00:00+09:00,291.5590349949828,296.0035324796624,288.89233650417503,290.6701354980469,72600,0.0,0.0
2022-09-13 00:00:00+09:00,289.7812989765387,294.22579742709917,289.7812989765387,292.447998046875,68900,0.0,0.0
2022-09-14 00:00:00+09:00,288.89234145242284,294.2257385253906,284.44784389161634,294.2257385253906,92100,0.0,0.0
2022-09-15 00:00:00+09:00,292.4479344919187,292.4479344919187,290.6701354980469,290.6701354980469,30200,0.0,0.0
2022-09-16 00:00:00+09:00,290.67014459645526,290.67014459645526,285.33674744789647,286.22564697265625,107800,0.0,0.0
2022-09-20 00:00:00+09:00,286.22563801336725,293.33683398885466,285.33673851643135,290.6701354980469,88700,0.0,0.0
2022-09-21 00:00:00+09:00,288.89234554693564,288.89234554693564,283.55894839837686,286.22564697265625,106300,0.0,0.0
2022-09-22 00:00:00+09:00,283.5589532208589,293.3368481595092,283.5589532208589,289.78125,92400,0.0,0.0
2022-09-26 00:00:00+09:00,289.781259316893,289.781259316893,284.44786190615264,285.3367614746094,66600,0.0,0.0
2022-09-27 00:00:00+09:00,286.22566341246613,288.8923621399115,286.22566341246613,287.11456298828125,44200,0.0,0.0
2022-09-28 00:00:00+09:00,285.3367523006135,290.6701495398773,281.7811541411043,289.78125,121500,0.0,0.0
2022-09-29 00:00:00+09:00,289.78124340160474,296.0035400390625,287.1145448426943,296.0035400390625,127700,0.0,0.0
2022-09-30 00:00:00+09:00,292.4479344919187,293.33683398885466,288.0034370072391,290.6701354980469,78700,0.0,0.0
2022-10-03 00:00:00+09:00,288.89234145242284,294.2257385253906,287.1145424281002,294.2257385253906,97500,0.0,0.0
2022-10-04 00:00:00+09:00,295.11464539479783,300.44804260072794,294.22574586047614,299.55914306640625,169600,0.0,0.0
2022-10-05 00:00:00+09:00,300.4480376372466,301.33693715688344,289.78124340160474,296.0035400390625,377800,0.0,0.0
2022-10-06 00:00:00+09:00,275.55882738126036,278.2255257107564,265.78093350644144,268.4476318359375,969200,0.0,0.0
2022-10-07 00:00:00+09:00,266.66984172782514,266.66984172782514,263.1142438381208,264.0031433105469,235900,0.0,0.0
2022-10-11 00:00:00+09:00,262.22538412433784,262.22538412433784,255.11418726672866,259.5586853027344,261200,0.0,0.0
2022-10-12 00:00:00+09:00,259.5586496988932,263.11424763997394,252.44745381673175,256.0030517578125,138300,0.0,0.0
2022-10-13 00:00:00+09:00,255.11419109587973,256.891990336966,250.66969299316406,250.66969299316406,125100,0.0,0.0
2022-10-14 00:00:00+09:00,256.0030491968968,256.0030491968968,249.78075286225004,254.22525024414062,112100,0.0,0.0
2022-10-17 00:00:00+09:00,254.2252691460316,258.66976685837477,254.2252691460316,256.8919677734375,92000,0.0,0.0
2022-10-18 00:00:00+09:00,258.6697798672453,259.558679454418,255.1141815185547,255.1141815185547,73900,0.0,0.0
2022-10-19 00:00:00+09:00,257.7808481496531,257.7808481496531,253.3363507677625,254.22525024414062,57300,0.0,0.0
2022-10-20 00:00:00+09:00,254.22525278727213,276.4477399190267,246.22515741984049,256.0030517578125,1086800,0.0,0.0
2022-10-21 00:00:00+09:00,257.78085072835285,257.78085072835285,250.6696548461914,256.0030517578125,219900,0.0,0.0
2022-10-24 00:00:00+09:00,257.78088028007267,259.558679454418,255.1141815185547,255.1141815185547,92100,0.0,0.0
2022-10-25 00:00:00+09:00,256.89195377744477,261.3364512476428,256.00305428340516,257.7808532714844,76400,0.0,0.0
2022-10-26 00:00:00+09:00,257.7808532714844,260.4475517536032,256.89195377744477,257.7808532714844,56100,0.0,0.0
2022-10-27 00:00:00+09:00,257.78086973629456,259.5586688379242,255.11417108385015,258.6697692871094,60600,0.0,0.0
2022-10-28 00:00:00+09:00,260.44757663659885,260.44757663659885,253.3363800048828,253.3363800048828,187400,0.0,0.0
2022-10-31 00:00:00+09:00,255.11417108385015,259.5586688379242,254.22527153303534,258.6697692871094,87200,0.0,0.0
2022-11-01 00:00:00+09:00,258.6697856955332,262.22538412433784,257.78088608833207,259.5586853027344,47100,0.0,0.0
2022-11-02 00:00:00+09:00,259.5586688379242,260.447568388739,258.6697692871094,258.6697692871094,38800,0.0,0.0
2022-11-04 00:00:00+09:00,259.5586736129502,264.89207101595605,259.5586736129502,262.2253723144531,103500,0.0,0.0
2022-11-07 00:00:00+09:00,264.0031622314453,266.66986083984375,262.22536315917966,266.66986083984375,56000,0.0,0.0
2022-11-08 00:00:00+09:00,266.66986083984375,266.66986083984375,264.0031622314453,266.66986083984375,66300,0.0,0.0
2022-11-09 00:00:00+09:00,266.6698749248798,268.44767409104566,265.7809753417969,265.7809753417969,53300,0.0,0.0
2022-11-10 00:00:00+09:00,265.7809613037109,267.55876037597653,264.0031622314453,266.66986083984375,43400,0.0,0.0
2022-11-11 00:00:00+09:00,267.5587463378906,267.5587463378906,264.89204786940667,267.5587463378906,88500,0.0,0.0
2022-11-14 00:00:00+09:00,265.7809613037109,269.33655944824216,264.8920617675781,266.66986083984375,58400,0.0,0.0
2022-11-15 00:00:00+09:00,266.6698749248798,267.55877450796277,265.7809753417969,265.7809753417969,59800,0.0,0.0
2022-11-16 00:00:00+09:00,266.669846848396,284.44783663828906,265.7809473589013,267.5587463378906,1775900,0.0,0.0
2022-11-17 00:00:00+09:00,270.2254619295635,280.00335693359375,267.5587632921007,280.00335693359375,358300,0.0,0.0
2022-11-18 00:00:00+09:00,277.33664932250974,284.4478454589844,275.5588502883911,284.4478454589844,171200,0.0,0.0
2022-11-21 00:00:00+09:00,284.4478551352896,294.2257501555652,282.6700560406941,291.5590515136719,236900,0.0,0.0
2022-11-22 00:00:00+09:00,287.1145424281002,294.2257385253906,286.2256429159389,294.2257385253906,101800,0.0,0.0
2022-11-24 00:00:00+09:00,295.1146971172112,297.7813961875475,292.447998046875,292.447998046875,114100,0.0,0.0
2022-11-25 00:00:00+09:00,292.447998046875,296.8924964974354,291.5590983567629,292.447998046875,125700,0.0,0.0
2022-11-28 00:00:00+09:00,294.2257763897931,294.2257763897931,285.3367801242405,288.00347900390625,504200,0.0,0.0
2022-11-29 00:00:00+09:00,292.589501460906,292.589501460906,283.4174167756111,284.3346252441406,258900,10.0,0.0
2022-11-30 00:00:00+09:00,284.33464487646796,290.755104599485,284.33464487646796,288.00347900390625,133800,0.0,0.0
2022-12-01 00:00:00+09:00,288.9206690436242,288.9206690436242,272.41091652684565,273.328125,229500,0.0,0.0
2022-12-02 00:00:00+09:00,271.49371877657313,271.49371877657313,266.90767622967155,269.6593017578125,115700,0.0,0.0
2022-12-05 00:00:00+09:00,269.65928713480633,269.65928713480633,263.2388279173109,264.1560363769531,74500,0.0,0.0
2022-12-06 00:00:00+09:00,262.32163012867244,263.2388386256258,258.6527961408588,260.4872131347656,64200,0.0,0.0
2022-12-07 00:00:00+09:00,260.4871973498114,266.90765643941944,259.56998890843886,265.9904479980469,61700,0.0,0.0
2022-12-08 00:00:00+09:00,265.99047039149156,269.65930446585696,265.99047039149156,268.7420959472656,56000,0.0,0.0
2022-12-09 00:00:00+09:00,267.8248467750421,273.32809705124157,266.9076383956755,272.410888671875,72900,0.0,0.0
2022-12-12 00:00:00+09:00,279.74854787190753,287.0862147013346,274.2452977498372,275.1625061035156,343000,0.0,0.0
2022-12-13 00:00:00+09:00,276.07973202564676,281.5829824979188,275.1625236136014,279.7485656738281,56100,0.0,0.0
2022-12-14 00:00:00+09:00,280.6657966514686,283.417422108836,279.7485881656795,282.5002136230469,41700,0.0,0.0
2022-12-15 00:00:00+09:00,279.74858029479,286.16903951467043,278.8313718348071,285.2518310546875,32500,0.0,0.0
2022-12-16 00:00:00+09:00,280.66577670448703,283.41740196629576,278.83135986328125,278.83135986328125,37800,0.0,0.0
2022-12-19 00:00:00+09:00,278.83135467728755,284.33460509854984,278.83135467728755,280.665771484375,41300,0.0,0.0
2022-12-20 00:00:00+09:00,280.6657510719552,285.2517927561375,276.07970938777294,276.9969177246094,89700,0.0,0.0
2022-12-21 00:00:00+09:00,276.99695620329487,278.8313731317935,273.32812234629756,274.2453308105469,92000,0.0,0.0
2022-12-22 00:00:00+09:00,274.2452927141,278.83133439828225,274.2452927141,276.9969177246094,33100,0.0,0.0
2022-12-23 00:00:00+09:00,275.1625035688331,277.9141286045214,275.1625035688331,276.0797119140625,28200,0.0,0.0
2022-12-26 00:00:00+09:00,276.0797346014726,279.74856828388414,276.0797346014726,278.83135986328125,12300,0.0,0.0
2022-12-27 00:00:00+09:00,278.8313796798904,282.5002136230469,277.9141711941013,282.5002136230469,31700,0.0,0.0
2022-12-28 00:00:00+09:00,281.5829946077787,286.1690368652344,279.74857770479645,286.1690368652344,69500,0.0,0.0
2022-12-29 00:00:00+09:00,286.16903951467043,286.16903951467043,282.50020567473877,285.2518310546875,60000,0.0,0.0
2022-12-30 00:00:00+09:00,282.5001882914624,285.25181350209357,280.665771484375,280.665771484375,56700,0.0,0.0
2023-01-04 00:00:00+09:00,279.74854273511875,281.5829594087916,276.9969177246094,276.9969177246094,25500,0.0,0.0
2023-01-05 00:00:00+09:00,277.91414884973744,279.7485656738281,277.91414884973744,279.7485656738281,17700,0.0,0.0
2023-01-06 00:00:00+09:00,277.9141540527344,278.8313624819513,276.99694562351743,277.9141540527344,18800,0.0,0.0
2023-01-10 00:00:00+09:00,277.9141711941013,283.417422108836,277.9141711941013,282.5002136230469,30300,0.0,0.0
2023-01-11 00:00:00+09:00,283.41741943359375,285.2518363878565,281.583002479331,283.41741943359375,21700,0.0,0.0
2023-01-12 00:00:00+09:00,281.5829798879187,281.5829798879187,277.9141462737439,280.665771484375,30300,0.0,0.0
2023-01-13 00:00:00+09:00,279.74854273511875,280.6657510719552,276.07970938777294,276.9969177246094,74100,0.0,0.0
2023-01-16 00:00:00+09:00,252.23231016489854,252.23231016489854,247.6462681619004,248.5634765625,128500,0.0,0.0
2023-01-17 00:00:00+09:00,248.5634821902663,248.5634821902663,241.22581481933594,241.22581481933594,129500,0.0,0.0
2023-01-18 00:00:00+09:00,240.30861429067758,242.14303119365985,236.63978048471304,238.4741973876953,120700,0.0,0.0
2023-01-19 00:00:00+09:00,238.47420003883627,238.47420003883627,234.80536619208493,237.55699157714844,97900,0.0,0.0
2023-01-20 00:00:00+09:00,238.47419214612654,241.22581744012032,234.80535842080153,240.30860900878906,63900,0.0,0.0
2023-01-23 00:00:00+09:00,243.06022904135963,243.97743745283648,239.39139539545232,242.1430206298828,47400,0.0,0.0
2023-01-24 00:00:00+09:00,243.97744750976562,245.81186440833528,243.06023906048077,243.97744750976562,26900,0.0,0.0
2023-01-25 00:00:00+09:00,244.8946659031199,247.6462913627055,243.0602489300628,245.81187438964844,48500,0.0,0.0
2023-01-26 00:00:00+09:00,243.97745741659136,245.81187438964844,243.97745741659136,245.81187438964844,34800,0.0,0.0
2023-01-27 00:00:00+09:00,243.97743455950186,249.48068496309963,243.06022615890222,248.5634765625,72800,0.0,0.0
2023-01-30 00:00:00+09:00,250.3979008249993,257.7355682484425,248.5634839691385,251.3151092529297,171500,0.0,0.0
2023-01-31 00:00:00+09:00,253.14951856549817,253.14951856549817,247.6462681619004,248.5634765625,48400,0.0,0.0
2023-02-01 00:00:00+09:00,247.64630126953125,249.4807183159722,247.64630126953125,247.64630126953125,33000,0.0,0.0
2023-02-02 00:00:00+09:00,248.56349984923403,248.56349984923403,244.8946659031199,245.81187438964844,24400,0.0,0.0
2023-02-03 00:00:00+09:00,245.81185427579013,245.81185427579013,242.1430206298828,242.1430206298828,57500,0.0,0.0
2023-02-06 00:00:00+09:00,243.97745015846107,244.8946586177034,242.1430332399764,243.06024169921875,12000,0.0,0.0
2023-02-07 00:00:00+09:00,244.894663247034,247.64628867677598,243.06024629387272,246.7290802001953,23300,0.0,0.0
2023-02-08 00:00:00+09:00,246.72908287617696,246.72908287617696,242.1430404435343,245.81187438964844,39500,0.0,0.0
2023-02-09 00:00:00+09:00,244.8946586177034,246.72907553618808,243.06024169921872,243.06024169921875,18100,0.0,0.0
2023-02-10 00:00:00+09:00,242.1430206298828,243.97743745283648,241.225812218406,242.1430206298828,16600,0.0,0.0
2023-02-13 00:00:00+09:00,243.97744008343483,243.97744008343483,239.39139797660334,241.22581481933594,51100,0.0,0.0
2023-02-14 00:00:00+09:00,241.2258221619111,243.97744750976562,241.2258221619111,243.97744750976562,10700,0.0,0.0
2023-02-15 00:00:00+09:00,242.1430206298828,243.97743745283648,242.1430206298828,242.1430206298828,13700,0.0,0.0
2023-02-16 00:00:00+09:00,240.30861632149174,243.97745015846107,240.30861632149174,243.06024169921875,41300,0.0,0.0
2023-02-17 00:00:00+09:00,241.2258221619111,244.89465595905045,241.2258221619111,243.97744750976562,16200,0.0,0.0
2023-02-20 00:00:00+09:00,243.9774320265826,250.39789076412424,243.06022363550522,249.48068237304688,46600,0.0,0.0
2023-02-21 00:00:00+09:00,247.64627287659462,291.6722769435448,246.72906445853317,289.8378601074219,2449500,0.0,0.0
2023-02-22 00:00:00+09:00,288.92065094738473,300.8443603515625,281.58298362173684,300.8443603515625,1105300,0.0,0.0
2023-02-24 00:00:00+09:00,299.9271899180807,302.67881551365946,288.00347900390625,288.00347900390625,489000,0.0,0.0
2023-02-27 00:00:00+09:00,288.00347900390625,293.5067301950637,284.33464487646796,288.00347900390625,124300,0.0,0.0
2023-02-28 00:00:00+09:00,288.9206287472747,288.9206287472747,276.0797119140625,276.0797119140625,214300,0.0,0.0
2023-03-01 00:00:00+09:00,275.1625185292396,284.3346024802143,271.49368494884976,281.5829772949219,123800,0.0,0.0
2023-03-02 00:00:00+09:00,288.0034618192506,292.5895042049074,283.41741943359375,283.41741943359375,151600,0.0,0.0
2023-03-03 00:00:00+09:00,286.1690475662033,287.08625605199245,282.5002136230469,282.5002136230469,78800,0.0,0.0
2023-03-06 00:00:00+09:00,282.50019090996415,285.25181614610017,279.7485656738281,279.7485656738281,54400,0.0,0.0
2023-03-07 00:00:00+09:00,280.6658134094823,287.0862731933594,280.6658134094823,287.0862731933594,74200,0.0,0.0
2023-03-08 00:00:00+09:00,287.0862348532375,304.51319479640523,287.0862348532375,289.8378601074219,441900,0.0,0.0
2023-03-09 00:00:00+09:00,289.83788150935976,289.83788150935976,282.5002136230469,282.5002136230469,141500,0.0,0.0
2023-03-10 00:00:00+09:00,280.6657966514686,288.00346453778155,279.7485881656795,282.5002136230469,110400,0.0,0.0
2023-03-13 00:00:00+09:00,275.1625351427336,276.07974359320934,261.4044083855969,265.0732421875,249300,0.0,0.0
2023-03-14 00:00:00+09:00,257.73557576203604,260.48720112604354,252.23232503402104,254.06674194335938,156200,0.0,0.0
2023-03-15 00:00:00+09:00,256.8183598205121,260.4871935322337,251.3151092529297,251.3151092529297,98900,0.0,0.0
2023-03-16 00:00:00+09:00,246.7290671132777,251.3151092529297,243.9774418294865,251.3151092529297,83300,0.0,0.0
2023-03-17 00:00:00+09:00,252.23233105967924,253.14953953625988,243.97745477045336,246.7290802001953,119800,0.0,0.0
2023-03-20 00:00:00+09:00,244.8946458643133,246.72906268726697,241.225812218406,242.1430206298828,124400,0.0,0.0
2023-03-22 00:00:00+09:00,247.64627812982914,250.3979034423828,245.81186125479337,250.3979034423828,79500,0.0,0.0
2023-03-23 00:00:00+09:00,250.3979034423828,254.06673719245435,245.81186125479337,250.3979034423828,93900,0.0,0.0
2023-03-24 00:00:00+09:00,252.23231016489854,252.23231016489854,245.81185136070113,248.5634765625,68900,0.0,0.0
2023-03-27 00:00:00+09:00,248.56348656734704,253.14952875493645,247.64627812982914,250.3979034423828,75100,0.0,0.0
2023-03-28 00:00:00+09:00,251.31512258309857,251.31512258309857,244.894663247034,246.7290802001953,72600,0.0,0.0
2023-03-29 00:00:00+09:00,245.81188422309026,248.56350979275172,245.81188422309026,247.64630126953125,50400,0.0,0.0
2023-03-30 00:00:00+09:00,249.4807183159722,250.3979268391927,245.81188422309026,247.64630126953125,96900,0.0,0.0
2023-03-31 00:00:00+09:00,239.3914005774578,246.72906802810786,239.3914005774578,240.30860900878906,195500,0.0,0.0
2023-04-03 00:00:00+09:00,243.0602586534288,247.64630126953125,241.22584160698784,247.64630126953125,169300,0.0,0.0
2023-04-04 00:00:00+09:00,245.81186707694573,246.72907553618808,243.06024169921872,243.06024169921875,45600,0.0,0.0
2023-04-05 00:00:00+09:00,243.97744540510504,244.89465384647764,237.55698631549703,239.3914031982422,65700,0.0,0.0
2023-04-06 00:00:00+09:00,237.55698197201428,238.47419039661665,229.30210615059292,230.2193145751953,130700,0.0,0.0
2023-04-07 00:00:00+09:00,232.9709425048828,232.9709425048828,229.30210876464844,229.30210876464844,65000,0.0,0.0
2023-04-10 00:00:00+09:00,232.05372361310825,232.97093200683594,230.21930682565284,232.97093200683594,36700,0.0,0.0
2023-04-11 00:00:00+09:00,232.97094463273592,233.88815307617188,231.136527745864,233.88815307617188,28800,0.0,0.0
2023-04-12 00:00:00+09:00,234.80536619208493,237.55699157714844,232.97094926870926,237.55699157714844,44100,0.0,0.0
2023-04-13 00:00:00+09:00,234.80536151960786,234.80536151960786,232.97094463273592,233.88815307617188,28300,0.0,0.0
2023-04-14 00:00:00+09:00,232.97093200683594,236.63976558174676,232.05372361310825,232.97093200683594,43000,0.0,0.0
2023-04-17 00:00:00+09:00,233.8881610688709,233.8881610688709,231.13653564453125,231.13653564453125,38700,0.0,0.0
2023-04-18 00:00:00+09:00,232.97094202041626,236.63977575302124,232.97094202041626,234.80535888671875,39300,0.0,0.0
2023-04-19 00:00:00+09:00,236.63977528346405,245.8118595967766,234.80535842080153,240.30860900878906,159200,0.0,0.0
2023-04-20 00:00:00+09:00,242.14302587145158,242.14302587145158,239.3914005774578,240.30860900878906,55100,0.0,0.0
2023-04-21 00:00:00+09:00,238.47420003883627,240.30861696221191,236.6397831154606,237.55699157714844,44900,0.0,0.0
2023-04-24 00:00:00+09:00,239.39141118249228,239.39141118249228,236.63978576660156,236.63978576660156,31300,0.0,0.0
2023-04-25 00:00:00+09:00,238.4741947568696,243.06023696373248,238.4741947568696,239.3914031982422,45100,0.0,0.0
2023-04-26 00:00:00+09:00,240.30860380692917,243.06022904135963,239.39139539545232,242.1430206298828,55600,0.0,0.0
2023-04-27 00:00:00+09:00,240.30861965445584,242.143036598383,236.63978576660156,236.63978576660156,118600,0.0,0.0
2023-04-28 00:00:00+09:00,237.55698113387075,241.22581481933594,237.55698113387075,241.22581481933594,27400,0.0,0.0
2023-05-01 00:00:00+09:00,242.1430332399764,243.06024169921872,239.3914078622494,243.06024169921875,26800,0.0,0.0
2023-05-02 00:00:00+09:00,241.22581481933594,243.97744008343483,240.30860639796964,241.22581481933594,27100,0.0,0.0
2023-05-08 00:00:00+09:00,240.30860900878906,241.22581744012032,239.3914005774578,240.30860900878906,19400,0.0,0.0
2023-05-09 00:00:00+09:00,242.1430332399764,243.97745015846107,241.22582478073406,243.06024169921875,36600,0.0,0.0
2023-05-10 00:00:00+09:00,241.22581744012032,242.14302587145158,240.30860900878906,240.30860900878906,18200,0.0,0.0
2023-05-11 00:00:00+09:00,240.30860900878906,241.22581744012032,237.55698371479528,240.30860900878906,21500,0.0,0.0
2023-05-12 00:00:00+09:00,238.47420003883627,240.30861696221191,234.80536619208493,237.55699157714844,46100,0.0,0.0
2023-05-15 00:00:00+09:00,237.55699692069325,237.55699692069325,232.97095450909686,235.7225799560547,55900,0.0,0.0
2023-05-16 00:00:00+09:00,235.72256731987,236.63977575302124,234.80535888671875,234.80535888671875,16700,0.0,0.0
2023-05-17 00:00:00+09:00,236.63976558174676,236.63976558174676,232.05372361310825,232.97093200683594,46000,0.0,0.0
2023-05-18 00:00:00+09:00,231.13652563476563,232.0537340698242,226.55048345947264,229.30210876464844,62800,0.0,0.0
2023-05-19 00:00:00+09:00,230.21931719970704,232.0537340698242,229.30210876464844,229.30210876464844,30600,0.0,0.0
2023-05-22 00:00:00+09:00,229.30211085899205,234.80536151960786,229.30211085899205,233.88815307617188,33200,0.0,0.0
2023-05-23 00:00:00+09:00,234.80537147373542,238.47420540301255,231.1365375444583,235.7225799560547,122200,0.0,0.0
2023-05-24 00:00:00+09:00,234.80536358173077,240.30861429067758,234.80536358173077,238.4741973876953,32400,0.0,0.0
2023-05-25 00:00:00+09:00,240.30859915665755,240.30859915665755,232.97093200683594,232.97093200683594,37600,0.0,0.0
2023-05-26 00:00:00+09:00,233.88815362769438,233.88815362769438,228.38490295410156,228.38490295410156,55600,0.0,0.0
2023-05-29 00:00:00+09:00,229.30211139970035,231.13652829089796,226.55048606290396,228.38490295410156,35200,0.0,0.0
2023-05-30 00:00:00+09:00,232.05374213461934,232.05374213461934,225.63328286607256,226.5504913330078,85500,0.0,0.0
2023-05-31 00:00:00+09:00,226.550486623505,226.550486623505,222.88165283203125,222.88165283203125,59500,0.0,0.0
2023-06-01 00:00:00+09:00,222.88165283203125,226.550486623505,222.88165283203125,222.88165283203125,92200,0.0,0.0
2023-06-02 00:00:00+09:00,221.96444128417968,233.8881509399414,221.96444128417968,229.30210876464844,56700,0.0,0.0
2023-06-05 00:00:00+09:00,232.97095450909686,238.47420540301255,230.21932906213902,235.7225799560547,54100,0.0,0.0
2023-06-06 00:00:00+09:00,232.97094360808754,254.06673771433168,232.97094360808754,244.8946533203125,326300,0.0,0.0
2023-06-07 00:00:00+09:00,244.8946533203125,245.81186175971442,238.47419424449905,244.8946533203125,51200,0.0,0.0
2023-06-08 00:00:00+09:00,244.8946586177034,247.64628399543042,242.1430332399764,243.06024169921875,67800,0.0,0.0
2023-06-09 00:00:00+09:00,243.97745741659136,250.39791682229114,243.97745741659136,245.81187438964844,99200,0.0,0.0
2023-06-12 00:00:00+09:00,248.56348656734704,251.31511187990068,247.64627812982914,250.3979034423828,46900,0.0,0.0
2023-06-13 00:00:00+09:00,250.39789822665128,254.98394031871447,249.48068980823862,252.23231506347656,38200,0.0,0.0
2023-06-14 00:00:00+09:00,252.2323337953482,254.06675076840529,242.1430404435343,245.81187438964844,63800,0.0,0.0
2023-06-15 00:00:00+09:00,245.81185613458806,254.06673190030185,243.97743929776277,252.23231506347656,48100,0.0,0.0
2023-06-16 00:00:00+09:00,252.2323176808601,256.8183598205121,250.3979008249993,251.3151092529297,64000,0.0,0.0
2023-06-19 00:00:00+09:00,254.0667345367209,254.0667345367209,251.3151092529297,251.3151092529297,18900,0.0,0.0
2023-06-20 00:00:00+09:00,250.3979034423828,250.3979034423828,247.64627812982914,250.3979034423828,12600,0.0,0.0
2023-06-21 00:00:00+09:00,250.39788055419922,254.06671396891275,248.56346384684244,253.14950561523438,23000,0.0,0.0
2023-06-22 00:00:00+09:00,252.232307546279,254.06672432843376,249.48068237304688,249.48068237304688,24700,0.0,0.0
2023-06-23 00:00:00+09:00,252.23234388563367,252.23234388563367,243.9774671766493,247.64630126953125,40100,0.0,0.0
2023-06-26 00:00:00+09:00,250.39789336369927,250.39789336369927,244.8946429601015,248.5634765625,23800,0.0,0.0
2023-06-27 00:00:00+09:00,249.48068496309963,249.48068496309963,244.8946429601015,248.5634765625,29900,0.0,0.0
2023-06-28 00:00:00+09:00,250.39789822665128,252.23231506347656,248.563481389826,252.23231506347656,30400,0.0,0.0
2023-06-29 00:00:00+09:00,252.23231506347656,252.23231506347656,248.563481389826,252.23231506347656,36700,0.0,0.0
2023-06-30 00:00:00+09:00,251.3151066450639,254.06673190030185,248.563481389826,252.23231506347656,89400,0.0,0.0
2023-07-03 00:00:00+09:00,233.88814998947026,243.97744273411408,233.88814998947026,240.30860900878906,196700,0.0,0.0
2023-07-04 00:00:00+09:00,236.6397831154606,240.30861696221191,235.72257465377277,237.55699157714844,85800,0.0,0.0
2023-07-05 00:00:00+09:00,237.55697857249868,243.06022904135963,236.63977016102186,242.1430206298828,40400,0.0,0.0
2023-07-06 00:00:00+09:00,238.47420003883627,242.14303388558758,237.55699157714844,237.55699157714844,31700,0.0,0.0
2023-07-07 00:00:00+09:00,236.63977575302124,238.47419261932373,234.80535888671875,234.80535888671875,49700,0.0,0.0
2023-07-10 00:00:00+09:00,235.7225799560547,239.39141388533181,235.7225799560547,235.7225799560547,48100,0.0,0.0
2023-07-11 00:00:00+09:00,237.55697397547445,239.39139076292986,232.97093200683594,232.97093200683594,51600,0.0,0.0
2023-07-12 00:00:00+09:00,232.9709398490024,233.8881482736048,230.2193145751953,230.2193145751953,36400,0.0,0.0
2023-07-13 00:00:00+09:00,231.13652829089796,231.13652829089796,226.55048606290396,228.38490295410156,57400,0.0,0.0
2023-07-14 00:00:00+09:00,230.2193225122267,230.2193225122267,225.63328023110665,227.4676971435547,26100,0.0,0.0
2023-07-18 00:00:00+09:00,230.2193225122267,230.2193225122267,227.4676971435547,227.4676971435547,16100,0.0,0.0
2023-07-19 00:00:00+09:00,225.63327502441405,230.21931719970704,225.63327502441405,229.30210876464844,23900,0.0,0.0
2023-07-20 00:00:00+09:00,229.30210098447537,232.97093460022697,229.30210098447537,232.05372619628906,11700,0.0,0.0
2023-07-21 00:00:00+09:00,232.05374411931112,232.97095259409102,231.13653564453125,231.13653564453125,32200,0.0,0.0
2023-07-24 00:00:00+09:00,232.97095259409102,234.80536954365078,231.13653564453125,231.13653564453125,24300,0.0,0.0
2023-07-25 00:00:00+09:00,233.8881577303971,238.47420003883627,233.8881577303971,237.55699157714844,23000,0.0,0.0
2023-07-26 00:00:00+09:00,237.55699157714844,237.55699157714844,235.72257465377277,237.55699157714844,6500,0.0,0.0
2023-07-27 00:00:00+09:00,235.72257729463797,236.63978576660156,233.88816035071085,236.63978576660156,18700,0.0,0.0
2023-07-28 00:00:00+09:00,236.63977354741192,236.63977354741192,228.38489772599056,230.2193145751953,175900,0.0,0.0
2023-07-31 00:00:00+09:00,232.97093200683594,234.80534879429135,232.05372361310825,232.97093200683594,22400,0.0,0.0
2023-08-01 00:00:00+09:00,232.97093460022697,232.97093460022697,231.13651779235119,232.05372619628906,8500,0.0,0.0
2023-08-02 00:00:00+09:00,231.13652829089796,231.13652829089796,228.38490295410156,228.38490295410156,25500,0.0,0.0
2023-08-03 00:00:00+09:00,229.30211673381356,229.30211673381356,225.63328286607256,226.5504913330078,29800,0.0,0.0
2023-08-04 00:00:00+09:00,225.63328820053414,227.46770517777423,224.71607971191406,224.71607971191406,21600,0.0,0.0
2023-08-07 00:00:00+09:00,224.71607439913728,227.46769979994306,223.79886593220203,226.5504913330078,14400,0.0,0.0
2023-08-08 00:00:00+09:00,225.63328479585192,232.05374411931112,225.63328479585192,231.13653564453125,19000,0.0,0.0
2023-08-09 00:00:00+09:00,233.88815307617188,233.88815307617188,230.219319302428,233.88815307617188,11700,0.0,0.0
2023-08-10 00:00:00+09:00,233.8881504535675,235.72256731987,231.13652515411377,234.80535888671875,14400,0.0,0.0
2023-08-14 00:00:00+09:00,231.13651521938056,233.88814040056366,231.13651521938056,232.97093200683594,15100,0.0,0.0
2023-08-15 00:00:00+09:00,229.30210876464844,231.13652563476563,229.30210876464844,229.30210876464844,29400,0.0,0.0
2023-08-16 00:00:00+09:00,229.30211673381356,229.30211673381356,226.5504913330078,226.5504913330078,13700,0.0,0.0
2023-08-17 00:00:00+09:00,225.63327502441405,230.21931719970704,222.88164971923828,229.30210876464844,33100,0.0,0.0
2023-08-18 00:00:00+09:00,226.55047867937785,229.30210392649582,225.63327026367188,225.63327026367188,22700,0.0,0.0
2023-08-21 00:00:00+09:00,224.7160723977838,225.63328085655024,214.62677935135267,221.96444702148438,73400,0.0,0.0
2023-08-22 00:00:00+09:00,220.13003394717262,231.13653564453125,220.13003394717262,231.13653564453125,27500,0.0,0.0
2023-08-23 00:00:00+09:00,232.05372917361376,232.05372917361376,225.63327026367188,225.63327026367188,54300,0.0,0.0
2023-08-24 00:00:00+09:00,224.71607439913728,228.3849082668783,224.71607439913728,226.5504913330078,11000,0.0,0.0
2023-08-25 00:00:00+09:00,229.30211673381356,229.30211673381356,226.5504913330078,226.5504913330078,11400,0.0,0.0
2023-08-28 00:00:00+09:00,224.71607632107205,231.13653564453125,224.71607632107205,231.13653564453125,13900,0.0,0.0
2023-08-29 00:00:00+09:00,229.30210615059292,231.13652299979768,228.38489772599056,230.2193145751953,15000,0.0,0.0
2023-08-30 00:00:00+09:00,230.2193145751953,230.2193145751953,228.38489772599056,230.2193145751953,8300,0.0,0.0
2023-08-31 00:00:00+09:00,230.21931719970704,230.21931719970704,228.38490032958984,229.30210876464844,16300,0.0,0.0
2023-09-01 00:00:00+09:00,229.30209843192515,232.97093200683594,229.30209843192515,232.97093200683594,18600,0.0,0.0
2023-09-04 00:00:00+09:00,232.97095450909686,235.7225799560547,232.0537460267776,235.7225799560547,30300,0.0,0.0
2023-09-05 00:00:00+09:00,234.8053688226744,236.63978576660156,232.97095187874726,236.63978576660156,18900,0.0,0.0
2023-09-06 00:00:00+09:00,235.7225799560547,236.63978843837398,234.80537147373542,235.7225799560547,10400,0.0,0.0
2023-09-07 00:00:00+09:00,234.8053688226744,236.63978576660156,234.8053688226744,236.63978576660156,7300,0.0,0.0
2023-09-08 00:00:00+09:00,233.88814040056366,236.63976558174676,232.97093200683594,232.97093200683594,17800,0.0,0.0
2023-09-11 00:00:00+09:00,232.97093200683594,233.88814040056366,232.05372361310825,232.97093200683594,17500,0.0,0.0
2023-09-12 00:00:00+09:00,233.88814040056366,234.80534879429135,231.13651521938056,232.97093200683594,18600,0.0,0.0
2023-09-13 00:00:00+09:00,232.97093460022697,232.97093460022697,232.05372619628906,232.05372619628906,9500,0.0,0.0
2023-09-14 00:00:00+09:00,234.80537147373542,235.7225799560547,232.97095450909686,235.7225799560547,13900,0.0,0.0
2023-09-15 00:00:00+09:00,235.72257465377277,238.47420003883627,235.72257465377277,237.55699157714844,43200,0.0,0.0
2023-09-19 00:00:00+09:00,238.47419214612654,240.30860900878906,238.47419214612654,240.30860900878906,27300,0.0,0.0
2023-09-20 00:00:00+09:00,239.39139539545232,243.06022904135963,239.39139539545232,242.1430206298828,25200,0.0,0.0
2023-09-21 00:00:00+09:00,243.06023166206853,243.97744008343483,241.22581481933594,241.22581481933594,26800,0.0,0.0
2023-09-22 00:00:00+09:00,242.1430285223599,243.06023696373248,237.55698631549703,239.3914031982422,31200,0.0,0.0
2023-09-25 00:00:00+09:00,241.22582274216873,258.6527833205003,234.80536358173077,238.4741973876953,204500,0.0,0.0
2023-09-26 00:00:00+09:00,239.39139797660334,253.1495242970978,236.63977271250445,241.22581481933594,92400,0.0,0.0
2023-09-27 00:00:00+09:00,243.06023906048077,243.97744750976562,240.30861371262628,243.97744750976562,21600,0.0,0.0
2023-09-28 00:00:00+09:00,241.22581744012032,243.97744273411408,240.30860900878906,240.30860900878906,25100,0.0,0.0
2023-09-29 00:00:00+09:00,239.39139797660334,242.14302324070223,238.47418955523705,241.22581481933594,30300,0.0,0.0
2023-10-02 00:00:00+09:00,241.225812218406,243.97743745283648,239.39139539545232,242.1430206298828,33200,0.0,0.0
2023-10-03 00:00:00+09:00,243.97744540510504,243.97744540510504,238.4741947568696,239.3914031982422,47400,0.0,0.0
2023-10-04 00:00:00+09:00,237.55699423856512,239.39141118249228,232.97095187874726,236.63978576660156,69100,0.0,0.0
2023-10-05 00:00:00+09:00,234.80536151960786,237.55698684991577,231.136527745864,233.88815307617188,129800,0.0,0.0
2023-10-06 00:00:00+09:00,233.8881504535675,238.47419261932373,230.21931672096252,234.80535888671875,127500,0.0,0.0
2023-10-10 00:00:00+09:00,234.80537147373542,243.06024781460894,233.88816299141615,235.7225799560547,46100,0.0,0.0
2023-10-11 00:00:00+09:00,235.72256731987,236.63977575302124,233.8881504535675,234.80535888671875,21500,0.0,0.0
2023-10-12 00:00:00+09:00,233.88815513023962,238.4741973876953,233.88815513023962,238.4741973876953,20300,0.0,0.0
2023-10-13 00:00:00+09:00,235.72257729463797,237.55699423856512,234.8053688226744,236.63978576660156,12200,0.0,0.0
2023-10-16 00:00:00+09:00,235.72256731987,235.72256731987,232.05373358726501,234.80535888671875,33500,0.0,0.0
2023-10-17 00:00:00+09:00,233.88816035071085,236.63978576660156,232.0537434067837,236.63978576660156,15200,0.0,0.0
2023-10-18 00:00:00+09:00,237.55699423856512,237.55699423856512,233.88816035071085,236.63978576660156,10600,0.0,0.0
2023-10-19 00:00:00+09:00,234.80536619208493,238.47420003883627,233.8881577303971,237.55699157714844,11500,0.0,0.0
2023-10-20 00:00:00+09:00,237.55699157714844,237.55699157714844,234.80536619208493,237.55699157714844,9700,0.0,0.0
2023-10-23 00:00:00+09:00,236.63978048471304,238.4741973876953,234.80536358173077,238.4741973876953,20800,0.0,0.0
2023-10-24 00:00:00+09:00,237.5569889362042,238.4741973876953,234.80536358173077,238.4741973876953,20400,0.0,0.0
2023-10-25 00:00:00+09:00,240.30860900878906,240.30860900878906,238.47419214612654,240.30860900878906,13200,0.0,0.0
2023-10-26 00:00:00+09:00,240.30860900878906,241.22581744012032,237.55698371479528,240.30860900878906,28200,0.0,0.0
2023-10-27 00:00:00+09:00,234.8053544207317,238.47418808355565,225.63327026367188,225.63327026367188,134800,0.0,0.0
2023-10-30 00:00:00+09:00,224.71605957791024,227.46768479723158,221.04722595214844,221.04722595214844,162600,0.0,0.0
2023-10-31 00:00:00+09:00,221.04723651097294,221.04723651097294,215.54398580945494,217.37840270996094,52400,0.0,0.0
2023-11-01 00:00:00+09:00,217.37838488666952,220.13001001181723,216.46117651162027,218.29559326171875,42400,0.0,0.0
2023-11-02 00:00:00+09:00,216.46119425970792,219.21281961046694,213.70956890894894,217.37840270996094,62800,0.0,0.0
2023-11-06 00:00:00+09:00,223.79885864257812,229.3021092649366,221.96444176845864,223.79885864257812,108500,0.0,0.0
2023-11-07 00:00:00+09:00,220.13001976943596,226.55047867937785,220.13001976943596,225.63327026367188,86300,0.0,0.0
2023-11-08 00:00:00+09:00,227.46769018452537,227.46769018452537,219.2128143310547,219.2128143310547,34900,0.0,0.0
2023-11-09 00:00:00+09:00,219.21281961046694,221.04723651097294,216.46119425970792,217.37840270996094,29500,0.0,0.0
2023-11-10 00:00:00+09:00,216.46120224651108,218.29561921470184,214.6267852783203,214.6267852783203,31600,0.0,0.0
2023-11-13 00:00:00+09:00,216.46119956158577,217.37840803430436,214.6267826161486,215.5439910888672,36900,0.0,0.0
2023-11-14 00:00:00+09:00,216.46119956158577,217.37840803430436,214.6267826161486,215.5439910888672,31000,0.0,0.0
2023-11-15 00:00:00+09:00,216.46119956158577,217.37840803430436,214.6267826161486,215.5439910888672,24800,0.0,0.0
2023-11-16 00:00:00+09:00,215.54399376241568,216.46120224651108,212.79236831012952,214.6267852783203,41100,0.0,0.0
2023-11-17 00:00:00+09:00,214.6267826161486,217.37840803430436,214.6267826161486,215.5439910888672,31100,0.0,0.0
2023-11-20 00:00:00+09:00,215.54398106914732,217.3783979293103,213.70956420898438,213.70956420898438,41800,0.0,0.0
2023-11-21 00:00:00+09:00,215.5439910888672,215.5439910888672,213.70957414343002,215.5439910888672,28800,0.0,0.0
2023-11-22 00:00:00+09:00,215.54399376241568,215.54399376241568,213.70957679422492,214.6267852783203,10800,0.0,0.0
2023-11-24 00:00:00+09:00,216.46119956158577,218.29561650702294,214.6267826161486,215.5439910888672,62900,0.0,0.0
2023-11-27 00:00:00+09:00,215.54398843797588,218.29561382229048,214.62677997653768,216.46119689941406,66800,0.0,0.0
2023-11-28 00:00:00+09:00,216.46119956158577,217.37840803430436,214.6267826161486,215.5439910888672,457200,0.0,0.0
2023-11-29 00:00:00+09:00,214.59862781508002,218.38010143296688,213.65325941060829,216.48936462402344,110100,7.0,0.0
2023-11-30 00:00:00+09:00,216.4893496940876,220.27082305118955,216.4893496940876,219.32545471191406,57600,0.0,0.0
2023-12-01 00:00:00+09:00,219.32545962126358,219.32545962126358,217.43472290039062,217.43472290039062,29500,0.0,0.0
2023-12-04 00:00:00+09:00,217.43472785280463,217.43472785280463,215.5439910888672,215.5439910888672,28300,0.0,0.0
2023-12-05 00:00:00+09:00,215.5439859129784,216.48935427224583,213.6532491944435,214.59861755371094,94900,0.0,0.0
2023-12-06 00:00:00+09:00,214.59861755371094,216.48935427224583,214.59861755371094,214.59861755371094,34600,0.0,0.0
2023-12-07 00:00:00+09:00,216.48935926649304,216.48935926649304,212.7078857421875,212.7078857421875,116300,0.0,0.0
2023-12-08 00:00:00+09:00,211.76250700672648,212.70787534157793,210.817138671875,210.817138671875,32100,0.0,0.0
2023-12-11 00:00:00+09:00,212.70788083517604,214.59861755371094,211.7625124759086,214.59861755371094,47900,0.0,0.0
2023-12-12 00:00:00+09:00,215.5439859129784,215.5439859129784,213.6532491944435,214.59861755371094,25400,0.0,0.0
2023-12-13 00:00:00+09:00,215.54399621955173,216.48936462402344,213.65325941060829,216.48936462402344,48800,0.0,0.0
2023-12-14 00:00:00+09:00,215.5439910888672,217.43472785280463,215.5439910888672,215.5439910888672,16900,0.0,0.0
2023-12-15 00:00:00+09:00,215.5439910888672,216.48935947083592,215.5439910888672,215.5439910888672,22400,0.0,0.0
2023-12-18 00:00:00+09:00,216.4893496940876,219.32545471191406,216.4893496940876,219.32545471191406,56200,0.0,0.0
2023-12-19 00:00:00+09:00,217.43472316234408,220.2708282470703,215.54398643919328,220.2708282470703,21500,0.0,0.0
2023-12-20 00:00:00+09:00,219.32545962126358,220.27082798170008,217.43472290039062,217.43472290039062,19700,0.0,0.0
2023-12-21 00:00:00+09:00,215.5439762264103,218.3800811767578,215.5439762264103,218.3800811767578,12400,0.0,0.0
2023-12-22 00:00:00+09:00,219.3254494935403,220.2708178103228,216.4893445431928,218.3800811767578,24600,0.0,0.0
2023-12-25 00:00:00+09:00,219.32546461674207,219.32546461674207,214.59862270689848,215.5439910888672,22500,0.0,0.0
2023-12-26 00:00:00+09:00,214.59862270689848,217.43472785280463,214.59862270689848,215.5439910888672,20200,0.0,0.0
2023-12-27 00:00:00+09:00,214.59861807761786,220.2708282470703,214.59861807761786,220.2708282470703,36500,0.0,0.0
2023-12-28 00:00:00+09:00,220.270823377244,222.16156005859375,219.32545503656914,222.16156005859375,26200,0.0,0.0
2023-12-29 00:00:00+09:00,223.10692316038995,223.10692316038995,221.2161865234375,221.2161865234375,21200,0.0,0.0
2024-01-04 00:00:00+09:00,223.10693911956662,230.66988620836548,223.10693911956662,229.72451782226562,65400,0.0,0.0
2024-01-05 00:00:00+09:00,228.7791492462158,229.72451763153074,225.943044090271,226.88841247558594,39300,0.0,0.0
2024-01-09 00:00:00+09:00,226.88840755746384,230.6698810167549,226.88840755746384,228.77914428710938,38100,0.0,0.0
2024-01-10 00:00:00+09:00,228.77913909532222,230.66987578206044,226.88840240858403,227.83377075195312,22500,0.0,0.0
2024-01-11 00:00:00+09:00,230.6698760986328,232.56061278796588,228.77913940929977,230.6698760986328,29500,0.0,0.0
2024-01-12 00:00:00+09:00,227.83377540717692,227.83377540717692,222.16156523106463,223.10693359375,110700,0.0,0.0
2024-01-15 00:00:00+09:00,226.88840755746384,228.77914428710938,226.88840755746384,228.77914428710938,16700,0.0,0.0
2024-01-16 00:00:00+09:00,226.88841284775154,240.12357026387036,222.1615709134234,232.5606231689453,147600,0.0,0.0
2024-01-17 00:00:00+09:00,232.56061278796588,233.5059811326324,229.7245077539663,230.6698760986328,26100,0.0,0.0
2024-01-18 00:00:00+09:00,234.45135546106053,242.95967078021192,233.50598709226594,240.12356567382812,112700,0.0,0.0
2024-01-19 00:00:00+09:00,241.0689342810486,242.9596710205078,238.2328291718598,242.9596710205078,72000,0.0,0.0
2024-01-22 00:00:00+09:00,241.06893451397235,245.7957763671875,241.06893451397235,245.7957763671875,33700,0.0,0.0
2024-01-23 00:00:00+09:00,245.79577088356018,246.74113923311234,242.01429748535156,242.01429748535156,36200,0.0,0.0
2024-01-24 00:00:00+09:00,242.95967078021192,242.95967078021192,240.12356567382812,240.12356567382812,22800,0.0,0.0
2024-01-25 00:00:00+09:00,238.23282348632813,239.1781918334961,236.3420867919922,236.3420867919922,32700,0.0,0.0
2024-01-26 00:00:00+09:00,237.28744990950128,239.17818656216662,235.39671325683594,235.39671325683594,26500,0.0,0.0
2024-01-29 00:00:00+09:00,242.95967148465348,258.0855654292234,236.34209288390417,248.6318817138672,385000,0.0,0.0
2024-01-30 00:00:00+09:00,248.63187058392694,248.63187058392694,241.0689239501953,241.0689239501953,158700,0.0,0.0
2024-01-31 00:00:00+09:00,245.79577088356018,245.79577088356018,240.12356078624725,242.01429748535156,46500,0.0,0.0
2024-02-01 00:00:00+09:00,242.01430241141733,242.01430241141733,239.17819730503354,240.12356567382812,14800,0.0,0.0
2024-02-02 00:00:00+09:00,241.0689291357994,242.95966583490372,239.1781924366951,242.01429748535156,31300,0.0,0.0
2024-02-05 00:00:00+09:00,241.0689239501953,243.90502893784466,241.0689239501953,241.0689239501953,27800,0.0,0.0
2024-02-06 00:00:00+09:00,241.06893404262274,242.01430241141733,240.12356567382812,240.12356567382812,24900,0.0,0.0
2024-02-07 00:00:00+09:00,241.06892852783204,242.014296875,231.61524505615236,236.3420867919922,106400,0.0,0.0
2024-02-08 00:00:00+09:00,236.3420767613141,238.23281337540462,234.4513401472236,237.28744506835938,41300,0.0,0.0
2024-02-09 00:00:00+09:00,235.39671844482424,237.28745513916016,235.39671844482424,236.3420867919922,15600,0.0,0.0
2024-02-13 00:00:00+09:00,242.0143026507782,242.9596710205078,239.1781975415894,242.9596710205078,53100,0.0,0.0
2024-02-14 00:00:00+09:00,241.0689291357994,242.95966583490372,240.12356078624725,242.01429748535156,13200,0.0,0.0
2024-02-15 00:00:00+09:00,242.95966096626694,243.905029296875,239.17818764383478,243.905029296875,66500,0.0,0.0
2024-02-16 00:00:00+09:00,245.79576595809107,245.79576595809107,242.95966096626694,243.905029296875,21200,0.0,0.0
2024-02-19 00:00:00+09:00,241.0689291357994,246.74113923311234,241.0689291357994,242.01429748535156,38900,0.0,0.0
2024-02-20 00:00:00+09:00,242.95967651135993,250.52262364011824,242.95967651135993,249.57725524902344,37700,0.0,0.0
2024-02-21 00:00:00+09:00,244.8504131214829,249.57725507363506,244.8504131214829,246.74114990234375,19900,0.0,0.0
2024-02-22 00:00:00+09:00,254.30410242620505,254.30410242620505,246.74115514215433,250.5226287841797,66300,0.0,0.0
2024-02-26 00:00:00+09:00,249.57726037367337,252.41336560519238,249.57726037367337,250.5226287841797,29100,0.0,0.0
2024-02-27 00:00:00+09:00,249.57725031573074,253.358723805363,249.57725031573074,251.46798706054688,52500,0.0,0.0
2024-02-28 00:00:00+09:00,249.57726037367337,252.41336560519238,249.57726037367337,250.5226287841797,47600,0.0,0.0
2024-02-29 00:00:00+09:00,248.63188685792866,252.4133604223078,247.68651846683386,249.57725524902344,25000,0.0,0.0
2024-03-01 00:00:00+09:00,250.52259047254384,262.8123779296875,246.74111740880733,262.8123779296875,151600,0.0,0.0
2024-03-04 00:00:00+09:00,262.8124079984777,262.8124079984777,254.3040926316205,257.14019775390625,98600,0.0,0.0
2024-03-05 00:00:00+09:00,256.194829379811,259.0309345020967,255.24946100571574,257.14019775390625,22800,0.0,0.0
2024-03-06 00:00:00+09:00,257.14019775390625,259.976302876192,256.194829379811,257.14019775390625,63700,0.0,0.0
2024-03-07 00:00:00+09:00,259.976302876192,261.86703962438247,256.194829379811,257.14019775390625,43400,0.0,0.0
2024-03-08 00:00:00+09:00,258.0855818087737,282.66516102865694,258.0855818087737,276.9929504394531,343900,0.0,0.0
2024-03-11 00:00:00+09:00,270.3753365294574,283.6104928630672,269.42996821991386,276.04754638671875,114100,0.0,0.0
2024-03-12 00:00:00+09:00,276.04755795547385,289.28271484375,274.1568212571487,289.28271484375,99200,0.0,0.0
2024-03-13 00:00:00+09:00,285.5012465486309,290.22808837890625,283.6105098165208,290.22808837890625,71700,0.0,0.0
2024-03-14 00:00:00+09:00,289.2827247468052,290.22809312833067,284.5558828391776,285.5012512207031,52100,0.0,0.0
2024-03-15 00:00:00+09:00,286.4466046442751,288.33734130859375,285.5012363121158,288.33734130859375,31000,0.0,0.0
2024-03-18 00:00:00+09:00,289.2827000293917,292.1188049316406,286.44659512714276,292.1188049316406,31100,0.0,0.0
2024-03-19 00:00:00+09:00,292.11883573986233,302.51788814484127,289.28273053850444,297.7910461425781,160400,0.0,0.0
2024-03-21 00:00:00+09:00,295.9003245035807,299.6817982991536,294.00958760579425,294.9549560546875,86400,0.0,0.0
2024-03-22 00:00:00+09:00,296.84564643538886,296.84564643538886,289.2827000293917,292.1188049316406,86300,0.0,0.0
2024-03-25 00:00:00+09:00,292.11881989123776,293.0641882404003,285.5012414470997,289.28271484375,36900,0.0,0.0
2024-03-26 00:00:00+09:00,289.28271484375,292.11881989123776,287.39197814542484,289.28271484375,24200,0.0,0.0
2024-03-27 00:00:00+09:00,289.28273532006045,294.0095774004536,287.3919984879032,293.064208984375,56600,0.0,0.0
2024-03-28 00:00:00+09:00,293.06419827290716,293.06419827290716,285.5012512207031,285.5012512207031,19700,0.0,0.0
2024-03-29 00:00:00+09:00,287.39198328074104,290.22808837890625,287.39198328074104,290.22808837890625,6700,0.0,0.0
2024-04-01 00:00:00+09:00,293.0641829693904,293.0641829693904,288.33734130859375,288.33734130859375,19100,0.0,0.0
2024-04-02 00:00:00+09:00,289.2827200128512,291.1734567449613,284.55587818257584,290.22808837890625,37700,0.0,0.0
2024-04-03 00:00:00+09:00,290.22806833014135,292.1188049316406,289.2827000293917,292.1188049316406,34100,0.0,0.0
2024-04-04 00:00:00+09:00,290.22809353122466,291.1734619140625,286.4466199998732,291.1734619140625,24200,0.0,0.0
2024-04-05 00:00:00+09:00,288.33736650095693,288.33736650095693,280.774419182899,281.71978759765625,51700,0.0,0.0
2024-04-08 00:00:00+09:00,288.3373563652797,288.3373563652797,280.7744093130756,285.5012512207031,31100,0.0,0.0
2024-04-09 00:00:00+09:00,284.5558567239781,287.3919616082702,280.7743835449219,280.7743835449219,25900,0.0,0.0
2024-04-10 00:00:00+09:00,283.61050932114307,287.3919827787583,281.71977259233546,284.5558776855469,17700,0.0,0.0
2024-04-11 00:00:00+09:00,280.7743991088867,287.3919775390625,279.82903076171874,283.6105041503906,78100,0.0,0.0
2024-04-12 00:00:00+09:00,283.61049894505123,283.61049894505123,278.88365729596705,282.6651306152344,57500,0.0,0.0
2024-04-15 00:00:00+09:00,280.7743978500366,280.7743978500366,272.2660827636719,272.2660827636719,75500,0.0,0.0
2024-04-16 00:00:00+09:00,274.15681879571144,274.15681879571144,263.75776704828786,266.5938720703125,64000,0.0,0.0
2024-04-17 00:00:00+09:00,267.53922991071425,267.53922991071425,261.8670200892857,264.703125,35500,0.0,0.0
2024-04-18 00:00:00+09:00,265.6484941602587,270.3753356933594,265.6484941602587,270.3753356933594,23900,0.0,0.0
2024-04-19 00:00:00+09:00,268.4846139644987,271.32071904158846,265.64850888740887,267.53924560546875,23900,0.0,0.0
2024-04-22 00:00:00+09:00,266.59387270609534,273.21145110660126,266.59387270609534,272.2660827636719,28100,0.0,0.0
2024-04-23 00:00:00+09:00,274.15684503960694,274.15684503960694,271.32073974609375,271.32073974609375,9100,0.0,0.0
2024-04-24 00:00:00+09:00,272.2661081772648,274.15684503960694,271.32073974609375,271.32073974609375,7500,0.0,0.0
2024-04-25 00:00:00+09:00,272.2660926496479,272.2660926496479,265.64851400885783,268.484619140625,42800,0.0,0.0
2024-04-26 00:00:00+09:00,268.4846027166193,268.4846027166193,259.9762878417969,259.9762878417969,114400,0.0,0.0
2024-04-30 00:00:00+09:00,259.97630807506295,263.75778164706384,258.0855712890625,258.0855712890625,34600,0.0,0.0
2024-05-01 00:00:00+09:00,260.9216517857143,264.703125,259.97628348214283,264.703125,24400,0.0,0.0
2024-05-02 00:00:00+09:00,264.7031503766241,265.64851877082634,263.7577819824219,263.7577819824219,5900,0.0,0.0
2024-05-07 00:00:00+09:00,263.75779724121094,264.70316569010413,260.92169189453125,260.92169189453125,12000,0.0,0.0
2024-05-08 00:00:00+09:00,261.86706034342444,263.75779724121094,260.92169189453125,260.92169189453125,20800,0.0,0.0
2024-05-09 00:00:00+09:00,261.8670096637534,263.7577461956216,260.92164139781926,262.8123779296875,13300,0.0,0.0
2024-05-10 00:00:00+09:00,264.70311446155574,264.70311446155574,262.8123779296875,262.8123779296875,3000,0.0,0.0
2024-05-13 00:00:00+09:00,262.81241358821967,264.7031503766241,261.8670451940174,263.7577819824219,10400,0.0,0.0
2024-05-14 00:00:00+09:00,264.703125,264.703125,259.97628348214283,264.703125,12300,0.0,0.0
2024-05-15 00:00:00+09:00,263.7577461956216,264.70311446155574,262.8123779296875,262.8123779296875,4800,0.0,0.0
2024-05-16 00:00:00+09:00,263.7577819824219,263.7577819824219,261.8670451940174,263.7577819824219,15000,0.0,0.0
2024-05-17 00:00:00+09:00,263.7577819824219,264.7031503766241,261.8670451940174,263.7577819824219,9700,0.0,0.0
2024-05-20 00:00:00+09:00,264.7031607278964,271.32073974609375,264.7031607278964,271.32073974609375,20400,0.0,0.0
2024-05-21 00:00:00+09:00,271.32071904158846,271.32071904158846,267.53924560546875,267.53924560546875,23300,0.0,0.0
2024-05-22 00:00:00+09:00,271.32072427239217,271.32072427239217,267.5392507633693,268.484619140625,9800,0.0,0.0
2024-05-23 00:00:00+09:00,270.3753610711349,272.26609786184207,269.42999267578125,269.42999267578125,10600,0.0,0.0
2024-05-24 00:00:00+09:00,271.32072427239217,271.32072427239217,267.5392507633693,268.484619140625,13700,0.0,0.0
2024-05-27 00:00:00+09:00,268.484619140625,270.37535589513647,268.484619140625,268.484619140625,14800,0.0,0.0
2024-05-28 00:00:00+09:00,269.4299823235286,270.3753506825585,263.75777216934904,267.53924560546875,4100,0.0,0.0
2024-05-29 00:00:00+09:00,264.7031498661748,264.7031498661748,255.2494659423828,255.2494659423828,21100,0.0,0.0
2024-05-30 00:00:00+09:00,250.5226186881388,253.358723805363,250.5226186881388,251.46798706054688,34000,0.0,0.0
2024-05-31 00:00:00+09:00,250.52260388228973,254.3040771484375,249.5772355657528,254.3040771484375,23200,0.0,0.0
2024-06-03 00:00:00+09:00,253.35871915359778,257.14019257380073,252.41335079854704,256.19482421875,9500,0.0,0.0
2024-06-04 00:00:00+09:00,257.14020322300627,263.7577819824219,257.14020322300627,263.7577819824219,16000,0.0,0.0
2024-06-05 00:00:00+09:00,263.75779724121094,265.6485341389974,259.03095499674475,260.92169189453125,19500,0.0,0.0
2024-06-06 00:00:00+09:00,260.92165616122156,261.8670244806463,259.9762878417969,259.9762878417969,6100,0.0,0.0
2024-06-07 00:00:00+09:00,259.97629763895293,259.97629763895293,255.24945586369927,256.19482421875,9200,0.0,0.0
2024-06-10 00:00:00+09:00,261.8670349121094,262.8124032691928,259.9762981979425,261.8670349121094,12900,0.0,0.0
2024-06-11 00:00:00+09:00,261.8670500595204,261.8670500595204,259.03094482421875,259.03094482421875,7000,0.0,0.0
2024-06-12 00:00:00+09:00,259.0309396820627,259.0309396820627,258.0855712890625,258.0855712890625,3000,0.0,0.0
2024-06-13 00:00:00+09:00,258.08556612800146,259.0309345020967,256.194829379811,257.14019775390625,3600,0.0,0.0
2024-06-14 00:00:00+09:00,254.30408750864854,258.08556092885146,252.41335079854704,256.19482421875,22300,0.0,0.0
2024-06-17 00:00:00+09:00,253.3587340156987,258.0855760682304,250.5226287841797,250.5226287841797,4600,0.0,0.0
2024-06-18 00:00:00+09:00,252.41334051536361,254.3040771484375,252.41334051536361,254.3040771484375,3400,0.0,0.0
2024-06-19 00:00:00+09:00,257.1402027271412,257.1402027271412,252.41336076524522,255.2494659423828,12500,0.0,0.0
2024-06-20 00:00:00+09:00,254.30409217777108,254.30409217777108,251.46798706054688,251.46798706054688,1100,0.0,0.0
2024-06-21 00:00:00+09:00,251.467992372866,255.2494659423828,251.467992372866,255.2494659423828,1500,0.0,0.0
2024-06-24 00:00:00+09:00,257.14019775390625,259.976302876192,256.194829379811,257.14019775390625,10300,0.0,0.0
2024-06-25 00:00:00+09:00,259.97631323598597,260.9216816477532,259.03094482421875,259.03094482421875,17200,0.0,0.0
2024-06-26 00:00:00+09:00,259.03091952237213,259.9762878417969,259.03091952237213,259.9762878417969,900,0.0,0.0
2024-06-27 00:00:00+09:00,259.9762870476592,260.9216553641961,253.35870883190057,254.3040771484375,25600,0.0,0.0
2024-06-28 00:00:00+09:00,258.0855712890625,259.97630807506295,255.2494661100618,258.0855712890625,9400,0.0,0.0
2024-07-01 00:00:00+09:00,261.8670244806463,261.8670244806463,259.9762878417969,259.9762878417969,7800,0.0,0.0
2024-07-02 00:00:00+09:00,262.812398707613,266.5938720703125,262.812398707613,266.5938720703125,13500,0.0,0.0
2024-07-03 00:00:00+09:00,268.4846087516622,272.26608211436167,266.5938720703125,266.5938720703125,39500,0.0,0.0
2024-07-04 00:00:00+09:00,267.53923517953456,268.48460350172377,262.81239356858873,265.64849853515625,10200,0.0,0.0
2024-07-05 00:00:00+09:00,268.4846144943501,274.1568246597237,267.5392461334545,273.2114562988281,38000,0.0,0.0
2024-07-08 00:00:00+09:00,250.5226186881388,259.0309340398114,249.57725031573074,251.46798706054688,138300,0.0,0.0
2024-07-09 00:00:00+09:00,252.41335051807005,254.30408722607055,250.52261381006952,253.3587188720703,39400,0.0,0.0
2024-07-10 00:00:00+09:00,251.46799203121302,254.30409720449737,249.57725524902344,249.57725524902344,22400,0.0,0.0
2024-07-11 00:00:00+09:00,254.30408200610444,254.30408200610444,250.5226086677237,252.41334533691406,29900,0.0,0.0
2024-07-12 00:00:00+09:00,251.46799719468603,253.3587340156987,250.5226287841797,250.5226287841797,24900,0.0,0.0
2024-07-16 00:00:00+09:00,250.5226287841797,252.41336560519238,249.57726037367337,250.5226287841797,7700,0.0,0.0
2024-07-17 00:00:00+09:00,251.46798706054688,252.41335543295494,249.57725031573074,251.46798706054688,10100,0.0,0.0
2024-07-18 00:00:00+09:00,252.41336560519238,252.41336560519238,250.5226287841797,250.5226287841797,8400,0.0,0.0
2024-07-19 00:00:00+09:00,250.5226186881388,252.41335543295494,250.5226186881388,251.46798706054688,5000,0.0,0.0
2024-07-22 00:00:00+09:00,251.46799203121302,251.46799203121302,249.57725524902344,249.57725524902344,9800,0.0,0.0
2024-07-23 00:00:00+09:00,250.52261381006952,254.30408722607055,250.52261381006952,253.3587188720703,8700,0.0,0.0
2024-07-24 00:00:00+09:00,253.3587288134026,253.3587288134026,249.57725524902344,249.57725524902344,8100,0.0,0.0
2024-07-25 00:00:00+09:00,252.41335520000965,252.41335520000965,248.6318817138672,248.6318817138672,10500,0.0,0.0
2024-07-26 00:00:00+09:00,248.63187653053808,250.52261323419236,247.68650817871094,247.68650817871094,12800,0.0,0.0
2024-07-29 00:00:00+09:00,248.6318817138672,256.1948286861521,247.68651334233158,248.6318817138672,27100,0.0,0.0
2024-07-30 00:00:00+09:00,247.68651211646295,248.6318804833197,234.45135498046875,234.45135498046875,117300,0.0,0.0
2024-07-31 00:00:00+09:00,239.1781975415894,243.90503939023742,237.2874608021302,242.9596710205078,33700,0.0,0.0
2024-08-01 00:00:00+09:00,243.90503418445587,244.85040253400803,239.1781924366951,242.01429748535156,8700,0.0,0.0
2024-08-02 00:00:00+09:00,239.1781968147524,241.06893354846585,234.45135498046875,234.45135498046875,30900,0.0,0.0
2024-08-05 00:00:00+09:00,227.83377703030905,227.83377703030905,173.0024116039276,181.51072692871094,143200,0.0,0.0
2024-08-06 00:00:00+09:00,183.40145964223174,199.47272156964382,183.40145964223174,191.90977478027344,74400,0.0,0.0
2024-08-07 00:00:00+09:00,189.07367161342077,213.65324892316548,189.07367161342077,211.76251220703125,75900,0.0,0.0
2024-08-08 00:00:00+09:00,205.14492275096754,209.87176428900824,202.30881782814308,204.19955444335938,43800,0.0,0.0
2024-08-09 00:00:00+09:00,207.03567525502797,209.8717803955078,206.09030687486802,209.8717803955078,21700,0.0,0.0
2024-08-13 00:00:00+09:00,216.48935371502492,222.16156385602994,208.92640686035156,208.92640686035156,25800,0.0,0.0
2024-08-14 00:00:00+09:00,211.76251042930826,212.70787877943908,190.01903837629894,194.74588012695312,88100,0.0,0.0
2024-08-15 00:00:00+09:00,196.63661768713663,203.2541961669922,194.74588097860646,203.2541961669922,85600,0.0,0.0
2024-08-16 00:00:00+09:00,206.09029631021386,208.92640130530853,204.1995596468174,205.14492797851562,23200,0.0,0.0
2024-08-19 00:00:00+09:00,208.92639838324652,222.16155484191373,207.9810300647703,221.2161865234375,46200,0.0,0.0
2024-08-20 00:00:00+09:00,219.3254598854949,224.99767005494735,219.3254598854949,220.2708282470703,23300,0.0,0.0
2024-08-21 00:00:00+09:00,221.21619634213656,221.21619634213656,215.54398617951767,217.43472290039062,24100,0.0,0.0
2024-08-22 00:00:00+09:00,217.43472290039062,217.43472290039062,213.6532494586447,217.43472290039062,5800,0.0,0.0
2024-08-23 00:00:00+09:00,218.3800917803231,229.7245121325477,218.3800917803231,223.10693359375,56300,0.0,0.0
2024-08-26 00:00:00+09:00,225.9430334212932,225.9430334212932,215.54398167386967,222.16156005859375,26700,0.0,0.0
2024-08-27 00:00:00+09:00,218.38008669589428,222.16156005859375,217.43471835521942,222.16156005859375,14200,0.0,0.0
2024-08-28 00:00:00+09:00,222.1615544438878,222.1615544438878,217.4347128599753,218.3800811767578,11900,0.0,0.0
2024-08-29 00:00:00+09:00,218.38010143296688,218.38010143296688,215.54399621955173,216.48936462402344,27600,0.0,0.0
2024-08-30 00:00:00+09:00,218.3800917803231,223.10693359375,216.48935505495234,223.10693359375,12700,0.0,0.0
2024-09-02 00:00:00+09:00,223.10692316038995,223.10692316038995,217.43471324953256,221.2161865234375,17600,0.0,0.0
2024-09-03 00:00:00+09:00,220.27082850569386,223.10693359375,218.3800917803231,223.10693359375,28500,0.0,0.0
2024-09-04 00:00:00+09:00,217.4347128599753,221.21618612710532,216.4893445431928,218.3800811767578,13400,0.0,0.0
2024-09-05 00:00:00+09:00,218.38009152391948,223.10693333179654,218.38009152391948,220.2708282470703,13900,0.0,0.0
2024-09-06 00:00:00+09:00,220.27082798170008,223.1069330630095,216.48935453995415,217.43472290039062,19600,0.0,0.0
2024-09-09 00:00:00+09:00,216.48934868098377,216.48934868098377,209.87177033702355,210.817138671875,11400,0.0,0.0
2024-09-10 00:00:00+09:00,214.59861755371094,214.59861755371094,211.7625124759086,214.59861755371094,2200,0.0,0.0
2024-09-11 00:00:00+09:00,212.70788028768825,215.54398535819075,208.92640686035156,208.92640686035156,7200,0.0,0.0
2024-09-12 00:00:00+09:00,207.98104885405144,214.5986276812258,207.98104885405144,213.65325927734375,7000,0.0,0.0
2024-09-13 00:00:00+09:00,210.817138671875,213.65324367642938,208.9264020021721,210.817138671875,6100,0.0,0.0
2024-09-17 00:00:00+09:00,210.81713832508433,211.7625066583807,207.03566499189895,207.9810333251953,9000,0.0,0.0
2024-09-18 00:00:00+09:00,209.871769991788,212.70787499167702,201.36345499212092,207.9810333251953,26800,0.0,0.0
2024-09-19 00:00:00+09:00,207.03566499189895,211.7625066583807,206.09029665860263,207.9810333251953,6700,0.0,0.0
2024-09-20 00:00:00+09:00,208.9264020021721,210.817138671875,208.9264020021721,210.817138671875,3700,0.0,0.0
2024-09-24 00:00:00+09:00,213.65325927734375,214.5986276812258,210.8171540656976,213.65325927734375,11000,0.0,0.0
2024-09-25 00:00:00+09:00,211.76251220703125,213.65324892316548,208.92640713282995,211.76251220703125,21400,0.0,0.0
2024-09-26 00:00:00+09:00,211.76250700672648,212.70787534157793,207.98103366732065,210.817138671875,63300,0.0,0.0
2024-09-27 00:00:00+09:00,210.8171435740199,211.7625119308541,207.03567014668323,208.92640686035156,22800,0.0,0.0
2024-09-30 00:00:00+09:00,207.03566464191206,208.92640130530853,201.3634546517227,205.14492797851562,23500,0.0,0.0
2024-10-01 00:00:00+09:00,206.09030178984906,209.87177521718573,206.09030178984906,208.92640686035156,12700,0.0,0.0
2024-10-02 00:00:00+09:00,209.871769991788,210.81713832508433,207.9810333251953,207.9810333251953,10200,0.0,0.0
2024-10-03 00:00:00+09:00,209.87177033702355,211.76250700672648,209.87177033702355,210.817138671875,3700,0.0,0.0
2024-10-04 00:00:00+09:00,209.87177549089705,212.70788056509838,209.87177549089705,211.76251220703125,11800,0.0,0.0
2024-10-07 00:00:00+09:00,212.70788083517604,216.48935427224583,212.70788083517604,214.59861755371094,8200,0.0,0.0
2024-10-08 00:00:00+09:00,214.59861755371094,215.5439859129784,212.70788083517604,214.59861755371094,9100,0.0,0.0
2024-10-09 00:00:00+09:00,215.54399088541666,215.54399088541666,210.81714898003472,212.7078857421875,13400,0.0,0.0
2024-10-10 00:00:00+09:00,210.81714384896415,213.65324892316548,210.81714384896415,211.76251220703125,8800,0.0,0.0
2024-10-11 00:00:00+09:00,204.19957454735635,205.14494294803856,198.5273641432631,199.4727325439453,76400,0.0,0.0
2024-10-15 00:00:00+09:00,200.41810094462753,202.30883774599192,199.4727325439453,199.4727325439453,18400,0.0,0.0
2024-10-16 00:00:00+09:00,202.30882263183594,202.30882263183594,199.47271764167002,202.30882263183594,3200,0.0,0.0
2024-10-17 00:00:00+09:00,200.4180859717253,202.30882263183594,200.4180859717253,202.30882263183594,9100,0.0,0.0
2024-10-18 00:00:00+09:00,202.30882752616452,202.30882752616452,200.4180908203125,200.4180908203125,7700,0.0,0.0
2024-10-21 00:00:00+09:00,201.3634591732385,202.30882752616452,200.4180908203125,200.4180908203125,5700,0.0,0.0
2024-10-22 00:00:00+09:00,201.36345430178062,202.30882263183594,200.4180859717253,202.30882263183594,29800,0.0,0.0
2024-10-23 00:00:00+09:00,203.25419587909053,204.1995642320165,200.4180908203125,200.4180908203125,12500,0.0,0.0
2024-10-24 00:00:00+09:00,200.4180957612537,201.36346413748603,198.52735900878906,198.52735900878906,18900,0.0,0.0
2024-10-25 00:00:00+09:00,201.36346934530974,203.25420614667414,197.58199574258092,199.4727325439453,36800,0.0,0.0
2024-10-28 00:00:00+09:00,198.5273641432631,201.36346934530974,197.58199574258092,199.4727325439453,14800,0.0,0.0
2024-10-29 00:00:00+09:00,198.5273493116147,202.30882263183594,197.58198098155938,202.30882263183594,7200,0.0,0.0
2024-10-30 00:00:00+09:00,198.52734782908223,199.47271615207785,190.9644012451172,190.9644012451172,205500,0.0,0.0
2024-10-31 00:00:00+09:00,193.80051691175083,195.69125366210938,192.85514853657156,195.69125366210938,35500,0.0,0.0
2024-11-01 00:00:00+09:00,195.69125864912823,198.52736384694168,192.85515345131478,193.80052185058594,13400,0.0,0.0
2024-11-05 00:00:00+09:00,196.6366273418987,199.4727325439453,194.74589054053428,199.4727325439453,8100,0.0,0.0
2024-11-06 00:00:00+09:00,200.4180908203125,202.30882752616452,200.4180908203125,200.4180908203125,8900,0.0,0.0
2024-11-07 00:00:00+09:00,201.36345945846202,204.19956452125726,200.41809110419695,203.2541961669922,18100,0.0,0.0
2024-11-08 00:00:00+09:00,203.25419096189123,203.25419096189123,200.4180859717253,202.30882263183594,20400,0.0,0.0
2024-11-11 00:00:00+09:00,202.3088174022979,203.25418570791612,200.41808079106147,201.3634490966797,32000,0.0,0.0
2024-11-12 00:00:00+09:00,202.30882752616452,203.25419587909053,200.4180908203125,200.4180908203125,7700,0.0,0.0
2024-11-13 00:00:00+09:00,200.4180957612537,201.36346413748603,198.52735900878906,198.52735900878906,10500,0.0,0.0
2024-11-14 00:00:00+09:00,196.63661740860852,203.25419587909053,196.63661740860852,200.4180908203125,21800,0.0,0.0
2024-11-15 00:00:00+09:00,199.47272274993188,203.2541961669922,199.47272274993188,203.2541961669922,8600,0.0,0.0
2024-11-18 00:00:00+09:00,200.41808632002449,206.09029631021386,200.41808632002449,205.14492797851562,23300,0.0,0.0
2024-11-19 00:00:00+09:00,205.14493829039134,210.8171485657017,205.14493829039134,207.03567504882812,24100,0.0,0.0
2024-11-20 00:00:00+09:00,207.03567041669575,212.70788056509838,207.03567041669575,211.76251220703125,14400,0.0,0.0
2024-11-21 00:00:00+09:00,209.8717803955078,212.70788553598763,207.98104363518792,209.8717803955078,37900,0.0,0.0
2024-11-22 00:00:00+09:00,209.87177549089705,212.70788056509838,209.87177549089705,211.76251220703125,14500,0.0,0.0
2024-11-25 00:00:00+09:00,215.54399088541666,215.54399088541666,212.7078857421875,212.7078857421875,26500,0.0,0.0
2024-11-26 00:00:00+09:00,215.54399608510786,215.54399608510786,211.76252246957966,213.65325927734375,36400,0.0,0.0
2024-11-27 00:00:00+09:00,211.76252260166484,217.43473302849517,208.9264173882497,216.48936462402344,63000,0.0,0.0
2024-11-28 00:00:00+09:00,213.56382751464844,215.5141821038233,208.68794104171124,213.56382751464844,37900,7.0,0.0
2024-11-29 00:00:00+09:00,210.63828710037444,211.61346435546875,204.78722356980848,211.61346435546875,27400,0.0,0.0
2024-12-02 00:00:00+09:00,204.78722482357387,211.61346565102633,203.81204756250924,206.73757934570312,19000,0.0,0.0
2024-12-03 00:00:00+09:00,205.76241211229535,205.76241211229535,202.8368801865281,203.8120574951172,47300,0.0,0.0
2024-12-04 00:00:00+09:00,204.78723098982624,204.78723098982624,195.0354580855488,196.01063537597656,56800,0.0,0.0
2024-12-05 00:00:00+09:00,197.9609832763672,198.93616053388624,196.0106287613291,197.9609832763672,42500,0.0,0.0
2024-12-06 00:00:00+09:00,197.96098660006382,198.93616387395576,196.98580932617188,196.98580932617188,4400,0.0,0.0
2024-12-09 00:00:00+09:00,197.96098718146013,206.73758267226378,197.96098718146013,205.7624053955078,36400,0.0,0.0
2024-12-10 00:00:00+09:00,205.76240873790923,206.73758603050595,201.86169956752232,204.7872314453125,48000,0.0,0.0
2024-12-11 00:00:00+09:00,204.7872261379076,204.7872261379076,200.88651706861413,201.8616943359375,16800,0.0,0.0
2024-12-12 00:00:00+09:00,203.81204887058422,203.81204887058422,201.8616943359375,201.8616943359375,41300,0.0,0.0
2024-12-13 00:00:00+09:00,202.83687833460365,202.83687833460365,198.9361691358613,199.91134643554688,10000,0.0,0.0
2024-12-16 00:00:00+09:00,199.9113377914053,199.9113377914053,196.0106287613291,197.9609832763672,17300,0.0,0.0
2024-12-17 00:00:00+09:00,197.96099183617568,202.83687833460365,197.96099183617568,199.91134643554688,38800,0.0,0.0
2024-12-18 00:00:00+09:00,198.93617270026408,209.6631231890038,198.93617270026408,207.7127685546875,43500,0.0,0.0
2024-12-19 00:00:00+09:00,206.73758267226378,206.73758267226378,202.83687356523993,205.7624053955078,14200,0.0,0.0
2024-12-20 00:00:00+09:00,204.7872314453125,207.71276332310268,202.83687686011905,204.7872314453125,29900,0.0,0.0
2024-12-23 00:00:00+09:00,202.83688354492188,204.78723819439227,200.88652889545148,202.83688354492188,10300,0.0,0.0
2024-12-24 00:00:00+09:00,204.78723293397485,204.78723293397485,197.96099183617568,199.91134643554688,21200,0.0,0.0
2024-12-25 00:00:00+09:00,199.91134643554688,201.86170103491807,195.0354599371189,199.91134643554688,73200,0.0,0.0
2024-12-26 00:00:00+09:00,203.81205563428927,203.81205563428927,197.96099183617568,199.91134643554688,29900,0.0,0.0
2024-12-27 00:00:00+09:00,201.86169628848398,206.73758267226378,200.886519011728,205.7624053955078,22900,0.0,0.0
2024-12-30 00:00:00+09:00,203.8120508419959,206.73758267226378,203.8120508419959,205.7624053955078,5000,0.0,0.0
2025-01-06 00:00:00+09:00,207.71275994901973,208.6879372257757,204.78722811875187,205.7624053955078,27500,0.0,0.0
2025-01-07 00:00:00+09:00,206.73757934570312,209.66311112889704,202.83687030144458,206.73757934570312,30000,0.0,0.0
2025-01-08 00:00:00+09:00,207.7127685546875,211.61347782332012,207.7127685546875,207.7127685546875,41600,0.0,0.0
2025-01-09 00:00:00+09:00,208.6879406156994,210.63829520089286,203.81205415271577,204.7872314453125,33600,0.0,0.0
2025-01-10 00:00:00+09:00,205.76241060060875,208.6879425048828,204.78723329918407,208.6879425048828,9900,0.0,0.0
2025-01-14 00:00:00+09:00,206.73758267226378,211.61346905604358,203.8120508419959,205.7624053955078,56900,0.0,0.0
2025-01-15 00:00:00+09:00,202.8368729695235,203.81205024341546,196.98580932617188,196.98580932617188,53500,0.0,0.0
2025-01-16 00:00:00+09:00,198.9361672472598,199.91134453768754,193.0851035046933,196.01063537597656,50300,0.0,0.0
2025-01-17 00:00:00+09:00,195.03545072889818,195.03545072889818,188.20920995338676,189.18438720703125,44400,0.0,0.0
2025-01-20 00:00:00+09:00,189.18440085559632,194.06028747558594,183.33333691160882,194.06028747558594,136000,0.0,0.0
2025-01-21 00:00:00+09:00,195.0354580855488,196.98581266640429,192.10992621426558,196.01063537597656,26600,0.0,0.0
2025-01-22 00:00:00+09:00,195.0354580855488,196.98581266640429,193.0851035046933,196.01063537597656,9800,0.0,0.0
2025-01-23 00:00:00+09:00,196.01063205227993,196.98580932617188,196.01063205227993,196.98580932617188,14700,0.0,0.0
2025-01-24 00:00:00+09:00,198.93616053388624,198.93616053388624,196.0106287613291,197.9609832763672,9700,0.0,0.0
2025-01-27 00:00:00+09:00,197.96099334716797,197.96099334716797,192.10992950439453,195.03546142578125,39000,0.0,0.0
2025-01-28 00:00:00+09:00,196.0106368551449,196.98581415293168,191.13475036621094,191.13475036621094,22600,0.0,0.0
2025-01-29 00:00:00+09:00,192.1099328275901,196.01064212358176,192.1099328275901,194.06028747558594,24500,0.0,0.0
2025-01-30 00:00:00+09:00,193.08509753999255,193.08509753999255,184.30850219726562,184.30850219726562,228000,0.0,0.0
2025-01-31 00:00:00+09:00,189.18439052759675,192.10992233987918,187.23403598607513,188.20921325683594,40600,0.0,0.0
2025-02-03 00:00:00+09:00,190.15956779835756,193.08509961064,188.20921325683594,188.20921325683594,18500,0.0,0.0
2025-02-04 00:00:00+09:00,190.15956779835756,192.10992233987918,188.20921325683594,188.20921325683594,9400,0.0,0.0
2025-02-05 00:00:00+09:00,191.1347484588623,191.1347484588623,187.23403930664062,187.23403930664062,16600,0.0,0.0
2025-02-06 00:00:00+09:00,187.23403468276516,193.08509826660156,187.23403468276516,193.08509826660156,25500,0.0,0.0
2025-02-07 00:00:00+09:00,193.0851049617845,193.0851049617845,191.13475036621094,191.13475036621094,6800,0.0,0.0
2025-02-10 00:00:00+09:00,193.08509826660156,195.03545279454704,192.10992100262882,193.08509826660156,18300,0.0,0.0
2025-02-12 00:00:00+09:00,194.06028411865233,195.03546142578125,193.08510681152345,195.03546142578125,7200,0.0,0.0
2025-02-13 00:00:00+09:00,195.035454778388,198.93616387395576,194.06027750449604,196.98580932617188,42100,0.0,0.0
2025-02-14 00:00:00+09:00,196.98580932617188,196.98580932617188,194.06027750449604,196.98580932617188,11100,0.0,0.0
2025-02-17 00:00:00+09:00,197.96099334716797,198.9361706542969,195.03546142578125,195.03546142578125,23100,0.0,0.0
2025-02-18 00:00:00+09:00,195.0354580855488,197.96098995683204,195.0354580855488,196.01063537597656,6400,0.0,0.0
2025-02-19 00:00:00+09:00,196.98581266640429,197.96098995683204,196.01063537597656,196.01063537597656,11500,0.0,0.0
2025-02-20 00:00:00+09:00,196.01064212358176,196.98581944757967,194.06028747558594,194.06028747558594,15900,0.0,0.0
2025-02-21 00:00:00+09:00,195.03545150381004,197.9609832763672,194.060274246291,197.9609832763672,20700,0.0,0.0
2025-02-25 00:00:00+09:00,197.9609832763672,199.9113377914053,196.0106287613291,197.9609832763672,22600,0.0,0.0
2025-02-26 00:00:00+09:00,197.9609832763672,198.93616053388624,196.98580601884814,197.9609832763672,5600,0.0,0.0
2025-02-27 00:00:00+09:00,198.93617424598108,204.78723819439227,198.93617424598108,202.83688354492188,67700,0.0,0.0
2025-02-28 00:00:00+09:00,200.8865203857422,203.81205223601998,199.91134310231624,200.8865203857422,41900,0.0,0.0
2025-03-03 00:00:00+09:00,200.88651577931532,206.73757934570312,200.88651577931532,206.73757934570312,33600,0.0,0.0
2025-03-04 00:00:00+09:00,206.73758942088443,206.73758942088443,203.8120574951172,203.8120574951172,17300,0.0,0.0
2025-03-05 00:00:00+09:00,206.73757807999712,212.5886416105631,203.81204631471414,211.61346435546875,41100,0.0,0.0
2025-03-06 00:00:00+09:00,208.68793586448388,211.6134676756682,207.71275859408908,210.63829040527344,30300,0.0,0.0
2025-03-07 00:00:00+09:00,210.63829234730116,217.46453330300074,208.68793778852984,214.53900146484375,46500,0.0,0.0
2025-03-10 00:00:00+09:00,214.5390052126165,225.26595547324732,213.56382791619552,222.34042358398438,77000,0.0,0.0
2025-03-11 00:00:00+09:00,219.41489306363192,282.8014177264589,219.41489306363192,257.4468078613281,2791500,0.0,0.0
2025-03-12 00:00:00+09:00,242.81914832375267,257.4468078613281,241.84397102124763,257.4468078613281,466200,0.0,0.0
2025-03-13 00:00:00+09:00,263.2978607887446,268.17374709964724,251.59573364257812,251.59573364257812,177100,0.0,0.0
2025-03-14 00:00:00+09:00,248.6702133178711,252.57092254638673,242.81914947509767,243.79432678222656,70200,0.0,0.0
2025-03-17 00:00:00+09:00,243.79431683084238,252.5709122367527,243.79431683084238,246.7198486328125,49600,0.0,0.0
2025-03-18 00:00:00+09:00,248.67021490603076,248.67021490603076,235.01773251903302,238.91844177246094,60400,0.0,0.0
2025-03-19 00:00:00+09:00,238.91844053526182,262.3226959346344,238.91844053526182,252.5709228515625,166800,0.0,0.0
2025-03-21 00:00:00+09:00,255.49645446777345,255.49645446777345,242.81914947509767,243.79432678222656,40000,0.0,0.0
2025-03-24 00:00:00+09:00,246.71985682045542,246.71985682045542,239.89361572265625,239.89361572265625,22100,0.0,0.0
2025-03-25 00:00:00+09:00,246.71984661056334,254.52126468520567,239.89360579525132,242.8191375732422,34200,0.0,0.0
2025-03-26 00:00:00+09:00,241.84396885115785,244.76950073242188,236.96808238238452,244.76950073242188,39900,0.0,0.0
2025-03-27 00:00:00+09:00,244.76950222108422,244.76950222108422,239.89361572265625,239.89361572265625,5100,0.0,0.0
2025-03-28 00:00:00+09:00,241.84395955403647,241.84395955403647,234.04254150390625,234.04254150390625,15700,0.0,0.0
2025-03-31 00:00:00+09:00,233.06737424955085,233.06737424955085,226.24113316274392,231.1170196533203,21600,0.0,0.0
2025-04-01 00:00:00+09:00,231.11701026848988,231.11701026848988,220.3900604248047,220.3900604248047,16300,0.0,0.0
2025-04-02 00:00:00+09:00,220.39007232262702,221.36524963378906,218.43971770030288,221.36524963378906,9500,0.0,0.0
2025-04-03 00:00:00+09:00,219.41488447232484,219.41488447232484,211.61346635775328,215.51417541503906,25500,0.0,0.0
2025-04-04 00:00:00+09:00,209.66312296250288,212.58865491081687,194.06028590482825,198.93617248535156,128200,0.0,0.0
2025-04-07 00:00:00+09:00,177.4822729676213,197.9609967715776,176.5070956436234,194.06028747558594,84000,0.0,0.0
2025-04-08 00:00:00+09:00,195.03546494704028,203.81206086965707,195.03546494704028,202.83688354492188,35300,0.0,0.0
2025-04-09 00:00:00+09:00,196.98580861974645,213.5638222164578,195.0354540789569,210.63829040527344,101000,0.0,0.0
2025-04-10 00:00:00+09:00,214.5390038224249,227.21630859375,212.58864924222104,227.21630859375,39600,0.0,0.0
2025-04-11 00:00:00+09:00,224.2907767234442,227.21630859375,216.48935840262877,227.21630859375,76900,0.0,0.0
2025-04-14 00:00:00+09:00,221.36524161314352,228.1914825439453,220.3900643373147,228.1914825439453,31100,0.0,0.0
2025-04-15 00:00:00+09:00,228.19148925255087,235.9929076885355,216.48936159857388,226.2411346435547,144600,0.0,0.0
2025-04-16 00:00:00+09:00,230.14184235520503,234.04255154766614,227.2163104608592,231.1170196533203,22700,0.0,0.0
2025-04-17 00:00:00+09:00,224.29078003455854,226.2411346435547,222.3404254255624,226.2411346435547,33400,0.0,0.0
2025-04-18 00:00:00+09:00,226.24113801237823,238.91844315962356,218.43971946022725,225.26596069335938,105700,0.0,0.0
2025-04-21 00:00:00+09:00,226.24112470910904,229.16665649414062,225.26594744743184,229.16665649414062,8000,0.0,0.0
2025-04-22 00:00:00+09:00,222.34042873630275,225.26596069335938,220.39007409826502,225.26596069335938,23100,0.0,0.0
2025-04-23 00:00:00+09:00,225.26596069335938,227.2163153313971,224.2907833743405,225.26596069335938,18000,0.0,0.0
2025-04-24 00:00:00+09:00,225.26596069335938,226.24113801237823,222.34042873630275,225.26596069335938,12600,0.0,0.0
2025-04-25 00:00:00+09:00,233.06737577504126,239.89361690652782,224.29078003455854,226.2411346435547,251700,0.0,0.0
2025-04-28 00:00:00+09:00,226.2411327696683,226.2411327696683,221.36524628756337,222.34042358398438,58800,0.0,0.0
2025-04-30 00:00:00+09:00,224.2907728407118,224.2907728407118,217.46453192816838,219.41488647460938,64300,0.0,0.0
2025-05-01 00:00:00+09:00,218.43971252441406,219.41488981246948,217.46453523635864,218.43971252441406,23500,0.0,0.0
2025-05-02 00:00:00+09:00,218.439705907771,220.3900604248047,214.53899687370367,220.3900604248047,19700,0.0,0.0
2025-05-07 00:00:00+09:00,221.36524438858032,221.36524438858032,218.43971252441406,218.43971252441406,18500,0.0,0.0
2025-05-08 00:00:00+09:00,219.41489657840214,219.41489657840214,216.48936462402344,216.48936462402344,8500,0.0,0.0
2025-05-09 00:00:00+09:00,217.46453523635864,219.41488981246948,217.46453523635864,218.43971252441406,4300,0.0,0.0
2025-05-12 00:00:00+09:00,216.48936307797874,224.29078156727527,216.48936307797874,221.36524963378906,28500,0.0,0.0
2025-05-13 00:00:00+09:00,222.34042358398438,228.19148736251026,217.46453710187944,222.34042358398438,52500,0.0,0.0
2025-05-14 00:00:00+09:00,220.39007232262702,221.36524963378906,218.43971770030288,221.36524963378906,11600,0.0,0.0
2025-05-15 00:00:00+09:00,221.36524963378906,234.04255467889593,218.43971770030288,221.36524963378906,78400,0.0,0.0
2025-05-16 00:00:00+09:00,229.16666975966444,230.14184707779066,216.48936462402344,216.48936462402344,107800,0.0,0.0
2025-05-19 00:00:00+09:00,217.4645403891408,221.36524963378906,217.4645403891408,221.36524963378906,5100,0.0,0.0
2025-05-20 00:00:00+09:00,222.34042694495113,222.34042694495113,220.39007232262702,221.36524963378906,13600,0.0,0.0
2025-05-21 00:00:00+09:00,221.36524438858032,221.36524438858032,217.46453523635864,218.43971252441406,20200,0.0,0.0
2025-05-22 00:00:00+09:00,217.46453710187944,223.31560088040536,217.46453710187944,222.34042358398438,55400,0.0,0.0
2025-05-23 00:00:00+09:00,220.3900604248047,222.34041494183836,219.41488316628786,220.3900604248047,5200,0.0,0.0
2025-05-26 00:00:00+09:00,222.34042025237105,236.96807947950072,220.39006568875377,223.3155975341797,217000,0.0,0.0
2025-05-27 00:00:00+09:00,223.31559943334227,232.09219504425965,223.31559943334227,227.21630859375,28800,0.0,0.0
2025-05-28 00:00:00+09:00,228.1914877589745,231.1170196533203,228.1914877589745,231.1170196533203,9700,0.0,0.0
2025-05-29 00:00:00+09:00,238.91842778523764,240.8687822977702,234.04254150390625,234.04254150390625,52900,0.0,0.0
2025-05-30 00:00:00+09:00,234.04254619891825,234.04254619891825,227.21630526811649,228.1914825439453,32600,0.0,0.0
2025-06-02 00:00:00+09:00,230.14183709560297,231.1170143714318,228.1914825439453,228.1914825439453,10700,0.0,0.0
2025-06-03 00:00:00+09:00,228.19149107852226,230.141845703125,228.19149107852226,230.141845703125,11700,0.0,0.0
2025-06-04 00:00:00+09:00,228.19148925255087,230.14184386154702,226.2411346435547,226.2411346435547,4600,0.0,0.0
2025-06-05 00:00:00+09:00,227.21630526811649,229.16665981977414,227.21630526811649,228.1914825439453,2800,0.0,0.0
2025-06-06 00:00:00+09:00,230.141845703125,233.06737764002915,228.19149107852226,230.141845703125,52300,0.0,0.0
2025-06-09 00:00:00+09:00,233.06736755371094,235.99289936400857,231.11701301351252,233.06736755371094,31100,0.0,0.0
2025-06-10 00:00:00+09:00,233.06736424763997,238.91842778523764,233.06736424763997,234.04254150390625,45400,0.0,0.0
2025-06-11 00:00:00+09:00,236.96807327270508,236.96807327270508,233.06736424763997,234.04254150390625,18600,0.0,0.0
2025-06-12 00:00:00+09:00,234.04255007909347,235.99290466308594,234.04255007909347,235.99290466308594,1100,0.0,0.0
2025-06-13 00:00:00+09:00,236.96808382359947,239.89361572265625,232.0921973251715,239.89361572265625,34700,0.0,0.0
2025-06-16 00:00:00+09:00,238.91843180502616,245.74467271374118,238.91843180502616,241.84396362304688,87800,0.0,0.0
2025-06-17 00:00:00+09:00,247.69502386989362,257.4467964631965,241.84396031391188,242.8191375732422,74000,0.0,0.0
2025-06-18 00:00:00+09:00,244.76950073242188,246.7198553199312,242.81914614491254,244.76950073242188,20900,0.0,0.0
2025-06-19 00:00:00+09:00,249.6453909266409,253.54610015986967,247.69503631002652,252.5709228515625,127800,0.0,0.0
2025-06-20 00:00:00+09:00,249.6453872011952,249.6453872011952,240.8687915574032,244.76950073242188,58000,0.0,0.0
2025-06-23 00:00:00+09:00,243.7943234386672,255.49645096372322,235.99290508862984,244.76950073242188,121100,0.0,0.0
2025-06-24 00:00:00+09:00,245.74466935123306,247.69502386989362,242.8191375732422,242.8191375732422,16900,0.0,0.0
2025-06-25 00:00:00+09:00,247.69502590013585,247.69502590013585,242.819139563519,246.7198486328125,13200,0.0,0.0
2025-06-26 00:00:00+09:00,247.69503449084712,248.6702117919922,238.91843878054152,248.6702117919922,38500,0.0,0.0
2025-06-27 00:00:00+09:00,249.6453872011952,249.6453872011952,234.0425505011205,244.76950073242188,56200,0.0,0.0
2025-06-30 00:00:00+09:00,246.71985196310376,246.71985196310376,243.79432012164403,245.7446746826172,47200,0.0,0.0
2025-07-01 00:00:00+09:00,243.79432012164403,246.71985196310376,242.81914284115746,245.7446746826172,25000,0.0,0.0
2025-07-02 00:00:00+09:00,244.76949409816575,247.69502590013585,244.76949409816575,246.7198486328125,19800,0.0,0.0
2025-07-03 00:00:00+09:00,246.71985718970205,248.6702117919922,244.76950258741192,248.6702117919922,23200,0.0,0.0
2025-07-04 00:00:00+09:00,248.67019820999312,267.1985659197573,247.6950209621108,266.223388671875,304400,0.0,0.0
2025-07-07 00:00:00+09:00,219.41488891088662,235.99290273970917,206.7375842182576,232.09219360351562,749300,0.0,0.0
2025-07-08 00:00:00+09:00,235.01772209390936,235.01772209390936,224.29077212281805,233.06736755371094,185000,0.0,0.0
2025-07-09 00:00:00+09:00,234.04255154766614,235.99290614389668,230.14184235520503,231.1170196533203,39100,0.0,0.0
2025-07-10 00:00:00+09:00,231.11702301542638,234.04255495233053,230.141845703125,230.141845703125,34600,0.0,0.0
2025-07-11 00:00:00+09:00,231.11701631946724,235.99290273970917,230.14183903541885,232.09219360351562,34500,0.0,0.0
2025-07-14 00:00:00+09:00,235.01773071289062,235.99290801875324,232.09219879530278,235.01773071289062,28400,0.0,0.0
2025-07-15 00:00:00+09:00,235.99290957693327,235.99290957693327,230.141845703125,230.141845703125,35700,0.0,0.0
2025-07-16 00:00:00+09:00,230.141845703125,230.141845703125,229.16666839082365,230.141845703125,17700,0.0,0.0
2025-07-17 00:00:00+09:00,230.1418357434133,233.06736755371094,230.1418357434133,233.06736755371094,6200,0.0,0.0
2025-07-18 00:00:00+09:00,231.1170196533203,232.09219695143557,230.14184235520503,231.1170196533203,16900,0.0,0.0
2025-07-22 00:00:00+09:00,231.117011017495,233.06736554084938,229.16665649414062,229.16665649414062,5300,0.0,0.0
2025-07-23 00:00:00+09:00,228.1914825439453,230.14183709560297,228.1914825439453,228.1914825439453,12500,0.0,0.0
2025-07-24 00:00:00+09:00,228.19148588385193,230.1418404640558,227.21630859375,227.21630859375,18300,0.0,0.0
2025-07-25 00:00:00+09:00,228.1914812032149,233.06736755371094,228.1914812032149,233.06736755371094,12800,0.0,0.0
2025-07-28 00:00:00+09:00,231.11701631946724,234.0425481716124,231.11701631946724,232.09219360351562,10600,0.0,0.0
2025-07-29 00:00:00+09:00,233.06736424763997,234.04254150390625,230.14183247884114,234.04254150390625,7300,0.0,0.0
2025-07-30 00:00:00+09:00,234.04255154766614,234.04255154766614,231.1170196533203,231.1170196533203,12400,0.0,0.0
2025-07-31 00:00:00+09:00,231.11702301542638,232.09220032772777,228.19149107852226,230.141845703125,20100,0.0,0.0
2025-08-01 00:00:00+09:00,231.11702148944016,235.99290801875324,231.11702148944016,235.01773071289062,18900,0.0,0.0
2025-08-04 00:00:00+09:00,233.06737278709727,238.9184365390746,231.1170182031048,235.99290466308594,29000,0.0,0.0
2025-08-05 00:00:00+09:00,235.99290983238998,242.81915102588889,235.99290983238998,238.91844177246094,33200,0.0,0.0
2025-08-06 00:00:00+09:00,238.91843696989386,254.52127366996854,238.91843696989386,244.76950073242188,79700,0.0,0.0
2025-08-07 00:00:00+09:00,244.76950258741192,248.6702117919922,242.8191479851218,248.6702117919922,25000,0.0,0.0
2025-08-08 00:00:00+09:00,249.6453838045635,249.6453838045635,243.79432012164403,245.7446746826172,6600,0.0,0.0
2025-08-12 00:00:00+09:00,245.74466935123306,245.74466935123306,242.8191375732422,242.8191375732422,10500,0.0,0.0
2025-08-13 00:00:00+09:00,241.84396695897647,243.79432153122627,237.94325781447682,240.86878967285156,14400,0.0,0.0
2025-08-14 00:00:00+09:00,237.94325127659073,244.76949209190275,237.94325127659073,242.8191375732422,16900,0.0,0.0
2025-08-15 00:00:00+09:00,240.8687830545816,243.79431483257247,240.8687830545816,242.8191375732422,8300,0.0,0.0
2025-08-18 00:00:00+09:00,243.79431816839403,243.79431816839403,240.8687863503733,241.84396362304688,14400,0.0,0.0
2025-08-19 00:00:00+09:00,241.84397032202745,243.79432492139864,238.91843842297067,239.89361572265625,44000,0.0,0.0
2025-08-20 00:00:00+09:00,238.9184311743062,238.9184311743062,232.09219028361173,233.06736755371094,55300,0.0,0.0
2025-08-21 00:00:00+09:00,233.06736424763997,235.9928960164388,232.0921869913737,234.04254150390625,106700,0.0,0.0
2025-08-22 00:00:00+09:00,234.042553407028,235.99290801875324,234.042553407028,235.01773071289062,9600,0.0,0.0
2025-08-25 00:00:00+09:00,237.94325589152518,237.94325589152518,232.09219222206147,236.96807861328125,23100,0.0,0.0
2025-08-26 00:00:00+09:00,235.9928960164388,236.96807327270508,233.06736424763997,234.04254150390625,13800,0.0,0.0
2025-08-27 00:00:00+09:00,235.01772922422828,239.89361572265625,234.0425519245427,239.89361572265625,12700,0.0,0.0
2025-08-28 00:00:00+09:00,235.01773071289062,238.91843993634112,234.042553407028,235.01773071289062,22500,0.0,0.0
2025-08-29 00:00:00+09:00,230.14184418357755,235.01773071289062,230.14184418357755,235.01773071289062,26800,0.0,0.0
2025-09-01 00:00:00+09:00,235.99290801875324,235.99290801875324,233.0673761011654,235.01773071289062,13500,0.0,0.0
2025-09-02 00:00:00+09:00,233.06736424763997,235.9928960164388,233.06736424763997,234.04254150390625,22200,0.0,0.0
2025-09-03 00:00:00+09:00,234.042553407028,235.01773071289062,234.042553407028,235.01773071289062,9100,0.0,0.0
2025-09-04 00:00:00+09:00,235.01771876017253,235.01771876017253,232.0921869913737,234.04254150390625,5100,0.0,0.0
2025-09-05 00:00:00+09:00,233.0673761011654,235.01773071289062,233.0673761011654,235.01773071289062,9100,0.0,0.0
2025-09-08 00:00:00+09:00,235.01772405679333,236.96807861328125,234.04254677854937,236.96807861328125,20800,0.0,0.0
2025-09-09 00:00:00+09:00,237.94325924707837,237.94325924707837,234.04255007909347,235.99290466308594,29500,0.0,0.0
2025-09-10 00:00:00+09:00,236.96808714574698,239.89361908581793,236.96808714574698,238.91844177246094,106300,0.0,0.0
2025-09-11 00:00:00+09:00,235.99290983238998,239.89361908581793,235.01773251903302,238.91844177246094,46600,0.0,0.0
2025-09-12 00:00:00+09:00,239.89361238672666,243.79432153122627,235.0177259561021,240.86878967285156,55900,0.0,0.0
2025-09-16 00:00:00+09:00,248.67021515613467,249.64539247047244,242.81915127010797,247.69503784179688,65300,0.0,0.0
2025-09-17 00:00:00+09:00,247.69502924359034,247.69502924359034,243.79432012164403,245.7446746826172,52900,0.0,0.0
2025-09-18 00:00:00+09:00,247.69503631002652,253.54610015986967,245.74468169341216,252.5709228515625,60200,0.0,0.0
2025-09-19 00:00:00+09:00,248.6702117919922,250.62056639428232,245.744679888557,248.6702117919922,34600,0.0,0.0
2025-09-22 00:00:00+09:00,247.6950271437529,274.9999907658989,247.6950271437529,264.2730407714844,344700,0.0,0.0
2025-09-24 00:00:00+09:00,263.2978634992649,266.22339531592337,257.44679986594787,264.2730407714844,72500,0.0,0.0
2025-09-25 00:00:00+09:00,267.19858812604633,273.0496520996094,267.19858812604633,273.0496520996094,58000,0.0,0.0
2025-09-26 00:00:00+09:00,273.0496335284141,274.0248107910156,270.1241017406097,274.0248107910156,68700,0.0,0.0
2025-09-29 00:00:00+09:00,274.02481839472193,302.304959794889,256.4716271808252,289.6276550292969,854300,0.0,0.0
2025-09-30 00:00:00+09:00,292.55318918535784,304.25531675277216,290.6028345907888,302.3049621582031,245600,0.0,0.0
2025-10-01 00:00:00+09:00,304.25530881297834,305.2304860848148,286.7021179199219,286.7021179199219,187100,0.0,0.0
2025-10-02 00:00:00+09:00,285.72694731411866,289.6276564924684,282.80141543035637,284.75177001953125,109600,0.0,0.0
2025-10-03 00:00:00+09:00,283.77660624186194,286.70213826497394,260.3723500569661,263.2978820800781,127700,0.0,0.0
2025-10-06 00:00:00+09:00,262.32267734271477,282.801399365752,262.32267734271477,275.97515869140625,98700,0.0,0.0
2025-10-07 00:00:00+09:00,273.0496401769713,280.85105846774195,272.074462890625,272.074462890625,28000,0.0,0.0
2025-10-08 00:00:00+09:00,268.17374721540676,275.9751653162186,265.2482154276023,274.0248107910156,61700,0.0,0.0
2025-10-09 00:00:00+09:00,281.8262411347518,282.8014184397163,271.09929078014187,275.0,124000,0.0,0.0
2025-10-10 00:00:00+09:00,268.173751039076,282.801410186662,268.173751039076,281.82623291015625,82300,0.0,0.0
2025-10-14 00:00:00+09:00,279.87589687771265,282.80142890082465,278.90071953667535,280.85107421875,36100,0.0,0.0
2025-10-15 00:00:00+09:00,280.8510556336505,284.75176473967343,280.8510556336505,281.82623291015625,29900,0.0,0.0
2025-10-16 00:00:00+09:00,284.7517835828993,285.72696092393664,280.85107421875,280.85107421875,15200,0.0,0.0
2025-10-17 00:00:00+09:00,282.80141690882243,282.80141690882243,277.92553041039446,279.8758850097656,20800,0.0,0.0
2025-10-20 00:00:00+09:00,280.85107421875,280.85107421875,277.925542195638,280.85107421875,8100,0.0,0.0
2025-10-21 00:00:00+09:00,277.92553041039446,282.80141690882243,276.9503531107088,279.8758850097656,22300,0.0,0.0
2025-10-22 00:00:00+09:00,281.82623291015625,282.801410186662,277.9255238041333,281.82623291015625,6200,0.0,0.0
2025-10-23 00:00:00+09:00,280.8510556336505,283.7765874631677,279.87587835714476,281.82623291015625,9900,0.0,0.0
2025-10-24 00:00:00+09:00,288.65248602505386,289.6276633427061,279.875890166184,282.8014221191406,20900,0.0,0.0
2025-10-27 00:00:00+09:00,285.72693531783585,285.72693531783585,278.9006945423244,283.7765808105469,12700,0.0,0.0
2025-10-28 00:00:00+09:00,282.80140483296003,282.80140483296003,277.92551854273654,278.90069580078125,10300,0.0,0.0
2025-10-29 00:00:00+09:00,280.8510623094512,281.8262396091368,278.90070771008004,279.8758850097656,19700,0.0,0.0
2025-10-30 00:00:00+09:00,279.87587974440885,279.87587974440885,275.9751706190512,276.9503479003906,13100,0.0,0.0
2025-10-31 00:00:00+09:00,277.92552518173005,278.9007024630694,271.09928421235423,276.9503479003906,22000,0.0,0.0
2025-11-04 00:00:00+09:00,276.9503479003906,276.9503479003906,274.9999933377118,276.9503479003906,6100,0.0,0.0
2025-11-05 00:00:00+09:00,276.9503531107088,280.8510623094512,275.97517581102323,279.8758850097656,27700,0.0,0.0
2025-11-06 00:00:00+09:00,276.9503479003906,277.92552518173005,275.9751706190512,276.9503479003906,9400,0.0,0.0
2025-11-07 00:00:00+09:00,277.92551316979075,277.92551316979075,275.97515869140625,275.97515869140625,5000,0.0,0.0
2025-11-10 00:00:00+09:00,275.9751773049645,275.9751773049645,275.0,275.0,9200,0.0,0.0
2025-11-11 00:00:00+09:00,274.0248146981104,281.82623291015625,274.0248146981104,281.82623291015625,44900,0.0,0.0
2025-11-12 00:00:00+09:00,281.8262396091368,282.80141690882243,275.97517581102323,279.8758850097656,27700,0.0,0.0
2025-11-13 00:00:00+09:00,279.8758865248227,279.8758865248227,273.0496453900709,275.0,30300,0.0,0.0
2025-11-14 00:00:00+09:00,274.9999880536171,275.9751653162186,273.0496335284141,274.0248107910156,13900,0.0,0.0
2025-11-17 00:00:00+09:00,274.0248226950355,275.9751773049645,270.1241134751773,275.0,17800,0.0,0.0
2025-11-18 00:00:00+09:00,276.9503546099291,276.9503546099291,273.0496453900709,275.0,7700,0.0,0.0
2025-11-19 00:00:00+09:00,276.9503597861842,280.8510690789474,273.04965049342104,277.925537109375,35500,0.0,0.0
2025-11-20 00:00:00+09:00,277.925537109375,278.9007144325658,276.9503597861842,277.925537109375,3600,0.0,0.0
2025-11-21 00:00:00+09:00,277.92552518173005,278.9007024630694,276.9503479003906,276.9503479003906,5700,0.0,0.0
2025-11-25 00:00:00+09:00,277.925537109375,280.8510690789474,276.9503597861842,277.925537109375,47200,0.0,0.0
2025-11-26 00:00:00+09:00,277.9255319148936,279.8758865248227,275.0,275.0,753200,0.0,0.0
2025-11-27 00:00:00+09:00,279.0,284.0,278.0,280.0,179500,7.0,0.0
2025-11-28 00:00:00+09:00,279.0,284.0,279.0,281.0,7800,0.0,0.0
2025-12-01 00:00:00+09:00,281.0,281.0,276.0,276.0,11500,0.0,0.0
2025-12-02 00:00:00+09:00,277.0,295.0,277.0,280.0,66700,0.0,0.0
2025-12-03 00:00:00+09:00,282.0,290.0,280.0,288.0,23100,0.0,0.0
2025-12-04 00:00:00+09:00,287.0,287.0,281.0,285.0,39200,0.0,0.0
2025-12-05 00:00:00+09:00,285.0,287.0,283.0,283.0,7400,0.0,0.0
2025-12-08 00:00:00+09:00,283.0,283.0,281.0,281.0,8300,0.0,0.0
2025-12-09 00:00:00+09:00,282.0,283.0,282.0,283.0,2000,0.0,0.0
2025-12-10 00:00:00+09:00,283.0,287.0,281.0,281.0,11900,0.0,0.0
2025-12-11 00:00:00+09:00,281.0,285.0,281.0,283.0,6200,0.0,0.0
2025-12-12 00:00:00+09:00,286.0,295.0,286.0,293.0,102300,0.0,0.0
2025-12-15 00:00:00+09:00,291.0,295.0,279.0,294.0,56400,0.0,0.0
2025-12-16 00:00:00+09:00,292.0,292.0,287.0,288.0,9300,0.0,0.0
2025-12-17 00:00:00+09:00,288.0,288.0,279.0,281.0,13600,0.0,0.0
2025-12-18 00:00:00+09:00,282.0,290.0,282.0,290.0,10100,0.0,0.0
2025-12-19 00:00:00+09:00,288.0,291.0,286.0,290.0,7000,0.0,0.0
2025-12-22 00:00:00+09:00,290.0,290.0,280.0,284.0,33000,0.0,0.0
2025-12-23 00:00:00+09:00,285.0,286.0,281.0,283.0,12300,0.0,0.0
2025-12-24 00:00:00+09:00,284.0,286.0,281.0,286.0,21200,0.0,0.0
2025-12-25 00:00:00+09:00,287.0,287.0,280.0,284.0,26900,0.0,0.0
2025-12-26 00:00:00+09:00,282.0,287.0,282.0,286.0,18900,0.0,0.0
2025-12-29 00:00:00+09:00,288.0,288.0,274.0,283.0,23800,0.0,0.0
2025-12-30 00:00:00+09:00,281.0,287.0,281.0,287.0,12200,0.0,0.0
2026-01-05 00:00:00+09:00,288.0,289.0,281.0,289.0,20000,0.0,0.0
2026-01-06 00:00:00+09:00,287.0,288.0,283.0,284.0,21700,0.0,0.0
2026-01-07 00:00:00+09:00,282.0,286.0,279.0,286.0,70400,0.0,0.0
2026-01-08 00:00:00+09:00,281.0,285.0,280.0,285.0,11000,0.0,0.0
2026-01-09 00:00:00+09:00,285.0,285.0,283.0,284.0,13800,0.0,0.0
2026-01-13 00:00:00+09:00,284.0,285.0,282.0,283.0,10800,0.0,0.0
2026-01-14 00:00:00+09:00,280.0,308.0,280.0,284.0,134600,0.0,0.0
2026-01-15 00:00:00+09:00,284.0,294.0,281.0,284.0,57500,0.0,0.0
2026-01-16 00:00:00+09:00,283.0,284.0,280.0,282.0,24500,0.0,0.0
2026-01-19 00:00:00+09:00,282.0,287.0,279.0,286.0,47200,0.0,0.0
2026-01-20 00:00:00+09:00,286.0,286.0,283.0,286.0,8000,0.0,0.0
2026-01-21 00:00:00+09:00,286.0,286.0,283.0,283.0,4300,0.0,0.0
2026-01-22 00:00:00+09:00,283.0,289.0,283.0,289.0,35500,0.0,0.0
2026-01-23 00:00:00+09:00,289.0,289.0,284.0,285.0,21400,0.0,0.0
2026-01-26 00:00:00+09:00,284.0,288.0,282.0,288.0,54600,0.0,0.0
2026-01-27 00:00:00+09:00,288.0,288.0,285.0,288.0,4700,0.0,0.0
2026-01-28 00:00:00+09:00,289.0,289.0,284.0,287.0,8900,0.0,0.0
2026-01-29 00:00:00+09:00,288.0,288.0,284.0,286.0,30200,0.0,0.0
2026-01-30 00:00:00+09:00,284.0,286.0,279.0,282.0,69600,0.0,0.0
2026-02-02 00:00:00+09:00,281.0,284.0,280.0,282.0,15000,0.0,0.0
2026-02-03 00:00:00+09:00,280.0,281.0,278.0,280.0,50200,0.0,0.0
2026-02-04 00:00:00+09:00,277.0,277.0,275.0,276.0,28500,0.0,0.0
2026-02-05 00:00:00+09:00,275.0,278.0,275.0,275.0,8900,0.0,0.0
2026-02-06 00:00:00+09:00,276.0,277.0,274.0,277.0,12800,0.0,0.0
2026-02-09 00:00:00+09:00,277.0,277.0,258.0,276.0,98500,0.0,0.0
2026-02-10 00:00:00+09:00,278.0,280.0,276.0,277.0,12900,0.0,0.0
2026-02-12 00:00:00+09:00,280.0,283.0,280.0,282.0,13900,0.0,0.0
2026-02-13 00:00:00+09:00,282.0,282.0,280.0,280.0,4300,0.0,0.0
2026-02-16 00:00:00+09:00,284.0,284.0,279.0,280.0,10300,0.0,0.0
2026-02-17 00:00:00+09:00,280.0,282.0,280.0,282.0,3100,0.0,0.0
2026-02-18 00:00:00+09:00,282.0,285.0,282.0,285.0,12000,0.0,0.0
2026-02-19 00:00:00+09:00,285.0,285.0,281.0,282.0,9100,0.0,0.0
2026-02-20 00:00:00+09:00,282.0,282.0,279.0,279.0,2500,0.0,0.0
2026-02-24 00:00:00+09:00,279.0,282.0,279.0,282.0,3000,0.0,0.0
2026-02-25 00:00:00+09:00,285.0,285.0,279.0,283.0,7800,0.0,0.0
2026-02-26 00:00:00+09:00,275.0,280.0,274.0,278.0,23900,0.0,0.0
2026-02-27 00:00:00+09:00,279.0,280.0,279.0,280.0,2900,0.0,0.0
2026-03-02 00:00:00+09:00,277.0,280.0,276.0,277.0,9300,0.0,0.0
2026-03-03 00:00:00+09:00,280.0,280.0,273.0,273.0,18800,0.0,0.0
2026-03-04 00:00:00+09:00,273.0,273.0,257.0,264.0,15800,0.0,0.0
2026-03-05 00:00:00+09:00,272.0,274.0,268.0,273.0,5200,0.0,0.0
2026-03-06 00:00:00+09:00,276.0,276.0,275.0,275.0,1100,0.0,0.0
2026-03-09 00:00:00+09:00,275.0,275.0,268.0,268.0,12500,0.0,0.0
2026-03-10 00:00:00+09:00,272.0,273.0,270.0,271.0,1800,0.0,0.0
2026-03-11 00:00:00+09:00,271.0,279.0,271.0,279.0,6700,0.0,0.0
2026-03-12 00:00:00+09:00,279.0,279.0,277.0,277.0,5200,0.0,0.0
2026-03-13 00:00:00+09:00,277.0,277.0,275.0,275.0,7400,0.0,0.0
2026-03-16 00:00:00+09:00,274.0,277.0,274.0,277.0,4500,0.0,0.0
2026-03-17 00:00:00+09:00,276.0,276.0,275.0,276.0,1500,0.0,0.0
2026-03-18 00:00:00+09:00,277.0,277.0,274.0,276.0,2000,0.0,0.0
2026-03-19 00:00:00+09:00,276.0,276.0,274.0,274.0,4000,0.0,0.0
2026-03-23 00:00:00+09:00,273.0,273.0,266.0,267.0,14000,0.0,0.0
2026-03-24 00:00:00+09:00,267.0,270.0,267.0,268.0,8000,0.0,0.0
2026-03-25 00:00:00+09:00,270.0,273.0,270.0,271.0,36000,0.0,0.0
2026-03-26 00:00:00+09:00,271.0,272.0,271.0,271.0,300,0.0,0.0
2026-03-27 00:00:00+09:00,270.0,272.0,268.0,272.0,1300,0.0,0.0
2026-03-30 00:00:00+09:00,267.0,267.0,265.0,265.0,4200,0.0,0.0
2026-03-31 00:00:00+09:00,265.0,267.0,263.0,267.0,11200,0.0,0.0
2026-04-01 00:00:00+09:00,268.0,268.0,256.0,260.0,52400,0.0,0.0
2026-04-02 00:00:00+09:00,261.0,274.0,258.0,262.0,37600,0.0,0.0
2026-04-03 00:00:00+09:00,263.0,264.0,262.0,262.0,7900,0.0,0.0
2026-04-06 00:00:00+09:00,265.0,267.0,265.0,265.0,2400,0.0,0.0
2026-04-07 00:00:00+09:00,266.0,269.0,260.0,267.0,30400,0.0,0.0
2026-04-08 00:00:00+09:00,269.0,280.0,266.0,278.0,25700,0.0,0.0
2026-04-09 00:00:00+09:00,282.0,282.0,272.0,282.0,33000,0.0,0.0
2026-04-10 00:00:00+09:00,259.0,273.0,256.0,271.0,137400,0.0,0.0
2026-04-13 00:00:00+09:00,265.0,274.0,263.0,274.0,15600,0.0,0.0
2026-04-14 00:00:00+09:00,268.0,280.0,266.0,270.0,10800,0.0,0.0
2026-04-15 00:00:00+09:00,271.0,274.0,271.0,272.0,4200,0.0,0.0
2026-04-16 00:00:00+09:00,271.0,274.0,270.0,270.0,3400,0.0,0.0
2026-04-17 00:00:00+09:00,269.0,272.0,269.0,271.0,2600,0.0,0.0
2026-04-20 00:00:00+09:00,275.0,275.0,271.0,272.0,6100,0.0,0.0
2026-04-21 00:00:00+09:00,275.0,276.0,269.0,273.0,12300,0.0,0.0
2026-04-22 00:00:00+09:00,273.0,319.0,268.0,280.0,397200,0.0,0.0
2026-04-23 00:00:00+09:00,284.0,284.0,275.0,275.0,43800,0.0,0.0
2026-04-24 00:00:00+09:00,280.0,280.0,274.0,276.0,10200,0.0,0.0
2026-04-27 00:00:00+09:00,276.0,277.0,274.0,274.0,8300,0.0,0.0
2026-04-28 00:00:00+09:00,277.0,277.0,274.0,274.0,1200,0.0,0.0
2026-04-30 00:00:00+09:00,274.0,276.0,274.0,276.0,3300,0.0,0.0
2026-05-01 00:00:00+09:00,276.0,279.0,271.0,276.0,25200,0.0,0.0
2026-05-07 00:00:00+09:00,278.0,279.0,274.0,277.0,15400,0.0,0.0
2026-05-08 00:00:00+09:00,276.0,279.0,274.0,274.0,17300,0.0,0.0
2026-05-11 00:00:00+09:00,280.0,280.0,273.0,273.0,4200,0.0,0.0
2026-05-12 00:00:00+09:00,268.0,268.0,265.0,268.0,7000,0.0,0.0
2026-05-13 00:00:00+09:00,267.0,272.0,265.0,265.0,5000,0.0,0.0
2026-05-14 00:00:00+09:00,262.0,265.0,262.0,263.0,6800,0.0,0.0
2026-05-15 00:00:00+09:00,260.0,269.0,260.0,268.0,10300,0.0,0.0
2026-05-18 00:00:00+09:00,270.0,270.0,267.0,267.0,3600,0.0,0.0
2026-05-19 00:00:00+09:00,267.0,269.0,266.0,268.0,5900,0.0,0.0
2026-05-20 00:00:00+09:00,268.0,274.0,265.0,268.0,30000,0.0,0.0
2026-05-21 00:00:00+09:00,268.0,269.0,267.0,268.0,11500,0.0,0.0
2026-05-22 00:00:00+09:00,265.0,270.0,264.0,270.0,7200,0.0,0.0
2026-05-25 00:00:00+09:00,273.0,273.0,265.0,265.0,6900,0.0,0.0
2026-05-26 00:00:00+09:00,265.0,270.0,265.0,267.0,6700,0.0,0.0
2026-05-27 00:00:00+09:00,266.0,269.0,263.0,264.0,7800,0.0,0.0
2026-05-28 00:00:00+09:00,265.0,266.0,262.0,263.0,3000,0.0,0.0
2026-05-29 00:00:00+09:00,262.0,267.0,262.0,265.0,4400,0.0,0.0
2026-06-01 00:00:00+09:00,263.0,267.0,262.0,266.0,10200,0.0,0.0
2026-06-02 00:00:00+09:00,266.0,267.0,263.0,265.0,2900,0.0,0.0
2026-06-03 00:00:00+09:00,262.0,265.0,262.0,265.0,1800,0.0,0.0
2026-06-04 00:00:00+09:00,259.0,262.0,259.0,262.0,8800,0.0,0.0
2026-06-05 00:00:00+09:00,263.0,267.0,263.0,267.0,3000,0.0,0.0
2026-06-08 00:00:00+09:00,261.0,267.0,260.0,267.0,2100,0.0,0.0
2026-06-09 00:00:00+09:00,267.0,269.0,263.0,269.0,12500,0.0,0.0
2026-06-10 00:00:00+09:00,267.0,267.0,264.0,267.0,1900,0.0,0.0
2026-06-11 00:00:00+09:00,263.0,263.0,262.0,263.0,4700,0.0,0.0
2026-06-12 00:00:00+09:00,264.0,264.0,263.0,264.0,600,0.0,0.0
2026-06-15 00:00:00+09:00,266.0,270.0,264.0,270.0,2500,0.0,0.0
2026-06-16 00:00:00+09:00,268.0,268.0,262.0,263.0,17500,0.0,0.0
2026-06-17 00:00:00+09:00,265.0,266.0,261.0,262.0,11700,0.0,0.0
2026-06-18 00:00:00+09:00,261.0,263.0,259.0,263.0,13200,0.0,0.0
2026-06-19 00:00:00+09:00,264.0,264.0,261.0,264.0,2600,0.0,0.0
2026-06-22 00:00:00+09:00,262.0,264.0,261.0,264.0,700,0.0,0.0
2026-06-23 00:00:00+09:00,262.0,262.0,255.0,259.0,10700,0.0,0.0
2026-06-24 00:00:00+09:00,259.0,260.0,259.0,259.0,900,0.0,0.0
2026-06-25 00:00:00+09:00,263.0,263.0,258.0,258.0,5100,0.0,0.0
2026-06-26 00:00:00+09:00,255.0,259.0,255.0,259.0,4200,0.0,0.0
2026-06-29 00:00:00+09:00,257.0,257.0,255.0,255.0,15200,0.0,0.0
2026-06-30 00:00:00+09:00,260.0,260.0,258.0,259.0,7900,0.0,0.0
2026-07-01 00:00:00+09:00,257.0,259.0,255.0,259.0,3100,0.0,0.0
2026-07-02 00:00:00+09:00,260.0,260.0,258.0,260.0,2700,0.0,0.0
2026-07-03 00:00:00+09:00,260.0,261.0,255.0,261.0,4600,0.0,0.0
2026-07-06 00:00:00+09:00,263.0,274.0,263.0,274.0,34900,0.0,0.0
2026-07-07 00:00:00+09:00,300.0,300.0,281.0,290.0,636200,0.0,0.0
2026-07-08 00:00:00+09:00,282.0,294.0,275.0,289.0,175600,0.0,0.0
2026-07-09 00:00:00+09:00,288.0,288.0,279.0,281.0,68700,0.0,0.0
2026-07-10 00:00:00+09:00,281.0,293.0,278.0,291.0,83000,0.0,0.0
2026-07-13 00:00:00+09:00,291.0,294.0,286.0,290.0,30500,0.0,0.0
2026-07-14 00:00:00+09:00,288.0,292.0,283.0,286.0,18600,0.0,0.0
2026-07-15 00:00:00+09:00,286.0,289.0,283.0,288.0,17300,0.0,0.0
2026-07-16 00:00:00+09:00,288.0,289.0,284.0,284.0,4800,0.0,0.0
2026-07-17 00:00:00+09:00,282.0,286.0,281.0,281.0,12400,0.0,0.0
2026-07-21 00:00:00+09:00,278.0,285.0,278.0,283.0,10100,0.0,0.0
2026-07-22 00:00:00+09:00,287.0,287.0,282.0,283.0,5200,0.0,0.0
2026-07-23 00:00:00+09:00,281.0,286.0,267.0,278.0,67800,0.0,0.0
2026-07-24 00:00:00+09:00,283.0,283.0,278.0,279.0,4500,0.0,0.0
2026-07-27 00:00:00+09:00,279.0,279.0,273.0,276.0,5000,0.0,0.0
2026-07-28 00:00:00+09:00,276.0,276.0,272.0,276.0,4000,0.0,0.0
2026-07-29 00:00:00+09:00,275.0,276.0,272.0,276.0,23500,0.0,0.0
2026-07-30 00:00:00+09:00,275.0,280.0,273.0,280.0,12500,0.0,0.0
2026-07-31 00:00:00+09:00,276.0,278.0,276.0,278.0,1600,0.0,0.0
2026-08-03 00:00:00+09:00,275.0,276.0,272.0,276.0,3700,0.0,0.0
2026-08-04 00:00:00+09:00,275.0,277.0,274.0,277.0,600,0.0,0.0
2026-08-05 00:00:00+09:00,277.0,278.0,270.0,278.0,5900,0.0,0.0
2026-08-06 00:00:00+09:00,277.0,277.0,274.0,277.0,18100,0.0,0.0
2026-08-07 00:00:00+09:00,276.0,277.0,272.0,277.0,10600,0.0,0.0
2026-08-10 00:00:00+09:00,276.0,276.0,271.0,274.0,5100,0.0,0.0
2026-08-12 00:00:00+09:00,274.0,274.0,272.0,273.0,5500,0.0,0.0
2026-08-13 00:00:00+09:00,275.0,278.0,272.0,276.0,24300,0.0,0.0
2026-08-14 00:00:00+09:00,276.0,276.0,273.0,274.0,5200,0.0,0.0
2026-08-17 00:00:00+09:00,275.0,276.0,272.0,276.0,8300,0.0,0.0
2026-08-18 00:00:00+09:00,277.0,277.0,275.0,276.0,3900,0.0,0.0
2026-08-19 00:00:00+09:00,275.0,278.0,275.0,275.0,4500,0.0,0.0
2026-08-20 00:00:00+09:00,275.0,281.0,275.0,281.0,13600,0.0,0.0
2026-08-21 00:00:00+09:00,280.0,281.0,277.0,281.0,6800,0.0,0.0
