Date,Open,High,Low,Close,Volume,Dividends,Stock Splits
2013-08-01 00:00:00-04:00,13.216921003616495,14.191869942906958,13.140620497174861,13.225399017333984,21094700,0.0,0.0
2013-08-02 00:00:00-04:00,13.208443672570825,13.462778437685468,13.183010438611738,13.420389175415039,2114600,0.0,0.0
2013-08-05 00:00:00-04:00,13.32713337417738,13.479733585626287,13.276266098022461,13.276266098022461,736400,0.0,0.0
2013-08-06 00:00:00-04:00,13.27626651242203,13.556034518736826,13.27626651242203,13.378000259399414,414100,0.0,0.0
2013-08-07 00:00:00-04:00,13.293222930894895,13.369523445491854,13.225400430921592,13.267788887023926,400600,0.0,0.0
2013-08-08 00:00:00-04:00,13.352568229418532,13.691680749937062,13.352568229418532,13.666248321533203,1216600,0.0,0.0
2013-08-09 00:00:00-04:00,13.606897163853814,13.700153678754994,13.564508720907158,13.649287223815918,608400,0.0,0.0
2013-08-12 00:00:00-04:00,13.60690047730112,13.793413552521706,13.60690047730112,13.691679000854492,868200,0.0,0.0
2013-08-13 00:00:00-04:00,13.691677777452707,13.734067843949605,13.564510811993408,13.60689926147461,364300,0.0,0.0
2013-08-14 00:00:00-04:00,13.547553973727428,13.640810497417679,13.39495378602049,13.598422050476074,371700,0.0,0.0
2013-08-15 00:00:00-04:00,13.564512252807617,13.649290777790839,13.454300493732603,13.564512252807617,772400,0.0,0.0
2013-08-16 00:00:00-04:00,13.6238535310048,13.759498492269344,13.564509062578496,13.615375518798828,1368000,0.0,0.0
2013-08-19 00:00:00-04:00,13.581468431774367,13.657768943403562,13.564512403186571,13.572990417480469,256000,0.0,0.0
2013-08-20 00:00:00-04:00,13.572990417480469,13.649290929109664,13.50516792014517,13.572990417480469,656500,0.0,0.0
2013-08-21 00:00:00-04:00,13.572988825292787,13.615377274773987,13.564510811993408,13.60689926147461,199700,0.0,0.0
2013-08-22 00:00:00-04:00,13.589945153884939,13.666245658259195,13.572989126909386,13.623855590820312,211000,0.0,0.0
2013-08-23 00:00:00-04:00,13.606902919221024,13.649292997113033,13.267790381165623,13.581470489501953,845600,0.0,0.0
2013-08-26 00:00:00-04:00,13.52212130331062,13.581466586798195,13.377998313924534,13.43734359741211,358800,0.0,0.0
2013-08-27 00:00:00-04:00,13.24235611188364,13.598425461880217,13.183011624471543,13.505168914794922,1135000,0.0,0.0
2013-08-28 00:00:00-04:00,13.564510223796374,13.615376684371235,13.437343263851409,13.48820972442627,552400,0.0,0.0
2013-08-29 00:00:00-04:00,13.479734420776367,13.572990964753531,13.420389935342154,13.479734420776367,636100,0.0,0.0
2013-08-30 00:00:00-04:00,13.437345809998389,13.556034779501134,13.437345809998389,13.46277904510498,121300,0.0,0.0
2013-09-03 00:00:00-04:00,13.445822479532694,13.564512252807617,13.43734527384072,13.564512252807617,724000,0.0,0.0
2013-09-04 00:00:00-04:00,13.51364354070498,13.649289327971506,13.48821030931469,13.60689926147461,630300,0.0,0.0
2013-09-05 00:00:00-04:00,13.327132648153821,13.581467398057146,13.327132648153821,13.428866386413574,352100,0.0,0.0
2013-09-06 00:00:00-04:00,13.522123986086768,13.615379723629328,13.40343501257951,13.49669075012207,328600,0.0,0.0
2013-09-09 00:00:00-04:00,13.496686581946223,13.649287567622709,13.496686581946223,13.615375518798828,578000,0.0,0.0
2013-09-10 00:00:00-04:00,13.564513595262449,13.606902053441232,13.183011812097295,13.242356300354004,598400,0.0,0.0
2013-09-11 00:00:00-04:00,13.183010754364439,13.344088984640615,13.106710242151742,13.166054725646973,429000,0.0,0.0
2013-09-12 00:00:00-04:00,13.132142441213043,13.18300971484646,12.962586209948126,13.013453483581543,446900,0.0,0.0
2013-09-13 00:00:00-04:00,12.971063385192881,13.445820802046477,12.971063385192881,13.43734359741211,904800,0.0,0.0
2013-09-16 00:00:00-04:00,13.394954007700482,13.522120967645447,13.064318779932632,13.48820972442627,874600,0.0,0.0
2013-09-17 00:00:00-04:00,13.471257663629723,13.539080165960119,13.462779648711424,13.505168914794922,531300,0.0,0.0
2013-09-18 00:00:00-04:00,13.539079365626273,13.606901055439529,13.344089076571821,13.522123336791992,843600,0.0,0.0
2013-09-19 00:00:00-04:00,13.488209501202942,13.606898446251915,13.488209501202942,13.598422050476074,658800,0.0,0.0
2013-09-20 00:00:00-04:00,13.539077631859026,13.886667284863151,13.539077631859026,13.81884479522705,4163300,0.0,0.0
2013-09-23 00:00:00-04:00,13.759499497134733,14.403813918703781,13.759499497134733,14.242734909057617,1170800,0.0,0.0
2013-09-24 00:00:00-04:00,14.200350514820494,14.335995524705254,14.14100602512292,14.32751750946045,705900,0.0,0.0
2013-09-25 00:00:00-04:00,14.319040147662552,14.32751816329425,14.022317685633801,14.08166217803955,415900,0.0,0.0
2013-09-26 00:00:00-04:00,13.801894232605305,14.319040253844669,13.801894232605305,14.174917221069336,539200,0.0,0.0
2013-09-27 00:00:00-04:00,14.141002137809853,14.242735058749357,13.708633181277897,13.9036226272583,428100,0.0,0.0
2013-09-30 00:00:00-04:00,13.818845977676627,14.107091987548582,13.649290547585728,13.691679000854492,2734600,0.0,0.0
2013-10-01 00:00:00-04:00,13.691681457988908,13.818848457632669,13.50516996631247,13.581470489501953,949100,0.0,0.0
2013-10-02 00:00:00-04:00,13.513647636669484,13.513647636669484,13.233879581055508,13.411913871765137,1810200,0.0,0.0
2013-10-03 00:00:00-04:00,13.3356099616298,13.39495524914434,13.0982312370953,13.225399017333984,1101900,0.0,0.0
2013-10-04 00:00:00-04:00,13.25930781366381,13.581464998829777,13.140618069073906,13.394952774047852,1156400,0.0,0.0
2013-10-07 00:00:00-04:00,13.284743496340637,13.38647723542685,13.199964976181514,13.225399017333984,1349500,0.0,0.0
2013-10-08 00:00:00-04:00,13.233876301874202,13.33561004157026,13.04736485001871,13.098231315612793,1528000,0.0,0.0
2013-10-09 00:00:00-04:00,13.115185669978894,13.183008154457141,12.80150647714005,12.903240203857422,1511800,0.0,0.0
2013-10-10 00:00:00-04:00,12.979542737728153,13.055842438358027,12.92019744811658,12.988019943237305,851900,0.0,0.0
2013-10-11 00:00:00-04:00,13.013453483581543,13.24235419366221,12.920196950004925,13.013453483581543,783300,0.0,0.0
2013-10-14 00:00:00-04:00,13.420387740255347,13.42886575350439,13.01345280639538,13.106708526611328,940500,0.0,0.0
2013-10-15 00:00:00-04:00,13.140622184047762,13.18301144956887,13.004977181186613,13.072799682617188,444400,0.0,0.0
2013-10-16 00:00:00-04:00,13.149098474922328,13.35256595253816,13.098231201264428,13.293221473693848,949500,0.0,0.0
2013-10-17 00:00:00-04:00,13.327136138598895,13.564514923375704,13.310180106860791,13.411913871765137,408200,0.0,0.0
2013-10-18 00:00:00-04:00,13.564515377397377,13.606903841145249,13.37800306457589,13.445825576782227,415900,0.0,0.0
2013-10-21 00:00:00-04:00,13.454300493732603,13.589946295407344,13.33561072045768,13.564512252807617,1288200,0.0,0.0
2013-10-22 00:00:00-04:00,13.87818904613744,14.013834007401984,13.479730557534284,13.615375518798828,541600,0.0,0.0
2013-10-23 00:00:00-04:00,13.60690151300653,13.674724013608449,13.462779305608441,13.556035041809082,418300,0.0,0.0
2013-10-24 00:00:00-04:00,13.56451445834515,13.606902919221024,13.462780696928528,13.581470489501953,815000,0.0,0.0
2013-10-25 00:00:00-04:00,13.572989126909386,13.674722054731237,13.547555086446057,13.623855590820312,816100,0.0,0.0
2013-10-28 00:00:00-04:00,13.66624721764119,13.70863567290106,13.522123397427396,13.657769203186035,587100,0.0,0.0
2013-10-29 00:00:00-04:00,13.70015825485565,13.734070314152575,13.445823469684678,13.49669075012207,820800,0.0,0.0
2013-10-30 00:00:00-04:00,13.488212416191146,13.488212416191146,13.225400430921592,13.267788887023926,1525800,0.0,0.0
2013-10-31 00:00:00-04:00,13.310178087919093,13.43734588114127,13.055843309982707,13.123665809631348,1767000,0.0,0.0
2013-11-01 00:00:00-04:00,13.140621106286577,13.335610579779928,13.089753830131658,13.276266098022461,678100,0.0,0.0
2013-11-04 00:00:00-05:00,13.276265260217421,13.39495502475031,13.22539879578038,13.35256576538086,997000,0.0,0.0
2013-11-05 00:00:00-05:00,13.352567019657181,13.45430076659552,13.276266507326438,13.369523048400879,1133100,0.0,0.0
2013-11-06 00:00:00-05:00,13.39495458854506,13.632333301372746,13.344087317256632,13.60689926147461,2013800,0.0,0.0
2013-11-07 00:00:00-05:00,13.564507943934185,13.691674882505497,13.479729445881524,13.58994197845459,3063300,0.0,0.0
2013-11-08 00:00:00-05:00,13.411908500655164,13.844277434727534,13.377997259267591,13.708632469177246,2018500,0.0,0.0
2013-11-11 00:00:00-05:00,13.75102013369407,13.75102013369407,13.53907549343762,13.649287223815918,1513100,0.0,0.0
2013-11-12 00:00:00-05:00,13.58994523495474,13.82732314596561,13.581467221416387,13.76797866821289,1330900,0.0,0.0
2013-11-13 00:00:00-05:00,13.818843878351668,14.132523882740887,13.793411457060378,14.098611831665039,1512600,0.0,0.0
2013-11-14 00:00:00-05:00,14.090139295641933,14.090139295641933,13.929060242938247,14.030793190002441,1097400,0.0,0.0
2013-11-15 00:00:00-05:00,14.107091778314787,14.319037275546755,13.996880831241123,14.293604850769043,2546800,0.0,0.0
2013-11-18 00:00:00-05:00,14.344476828087606,14.369910879652188,14.06470872894295,14.208831787109375,2721600,0.0,0.0
2013-11-19 00:00:00-05:00,14.157958089870624,14.25121299741001,13.988401066500732,14.022313117980957,1208500,0.0,0.0
2013-11-20 00:00:00-05:00,14.07317995835612,14.200346920810997,13.886666904207685,13.920578956604004,1030300,0.0,0.0
2013-11-21 00:00:00-05:00,13.988401900484408,14.124046880461183,13.895145370369486,13.946013450622559,1471500,0.0,0.0
2013-11-22 00:00:00-05:00,13.971448094590814,13.996882138760267,13.878193166668092,13.979926109313965,1225400,0.0,0.0
2013-11-25 00:00:00-05:00,14.03078989286072,14.081657971455199,13.861234481926104,13.920578956604004,1391700,0.0,0.0
2013-11-26 00:00:00-05:00,13.92057862325741,14.16643452918074,13.869712162896654,13.971445083618164,5872700,0.0,0.0
2013-11-27 00:00:00-05:00,14.03926836372177,14.11556886708567,13.852756920507636,13.946013450622559,1759900,0.0,0.0
2013-11-29 00:00:00-05:00,13.937534678915219,13.9968791522992,13.852756166788549,13.9036226272583,273100,0.0,0.0
2013-12-02 00:00:00-05:00,13.929058237025568,13.971446689361983,13.708634727441446,13.954490661621094,931000,0.0,0.0
2013-12-03 00:00:00-05:00,13.91210139712051,14.005357927235433,13.878190960634173,13.946013450622559,822800,0.0,0.0
2013-12-04 00:00:00-05:00,13.895145166168616,13.988401694913057,13.717111738946345,13.725589752197266,1002900,0.0,0.0
2013-12-05 00:00:00-05:00,13.649291127525231,13.691679582595023,13.479734073214246,13.522123336791992,819900,0.0,0.0
2013-12-06 00:00:00-05:00,13.615375994277478,14.013834496795674,13.5899435737869,13.98840045928955,794500,0.0,0.0
2013-12-09 00:00:00-05:00,13.97992244678751,14.132523437793157,13.903621951284688,13.98840045928955,997200,0.0,0.0
2013-12-10 00:00:00-05:00,14.030791359668646,14.132525910477483,13.878191958979132,13.895146369934082,528600,0.0,0.0
2013-12-11 00:00:00-05:00,13.861135827331966,13.861135827331966,13.606023534839485,13.725075721740723,1070100,0.05,0.0
2013-12-12 00:00:00-05:00,13.784595606219797,13.835619339307282,13.59751345079003,13.682551383972168,625300,0.0,0.0
2013-12-13 00:00:00-05:00,13.68255506689686,13.767593022968612,13.59751711082511,13.708066940307617,423700,0.0,0.0
2013-12-16 00:00:00-05:00,13.699559295001329,13.818611428278121,13.614521361819191,13.682551383972168,424900,0.0,0.0
2013-12-17 00:00:00-05:00,13.665545136636373,13.767590993271106,13.520981119216088,13.597515106201172,523600,0.0,0.0
2013-12-18 00:00:00-05:00,13.657039725913288,13.903649573709803,13.606017614010582,13.776093482971191,683800,0.0,0.0
2013-12-19 00:00:00-05:00,13.784594535827638,13.844122219807298,13.657038456941166,13.784594535827637,568900,0.0,0.0
2013-12-20 00:00:00-05:00,13.767589527326793,13.895145618065403,13.691055548490887,13.776093482971191,723700,0.0,0.0
2013-12-23 00:00:00-05:00,13.776092271177314,13.801602513902848,13.640032236762625,13.691054344177246,795400,0.0,0.0
2013-12-24 00:00:00-05:00,13.691058435142253,13.793102680462885,13.67405052026747,13.767592430114746,85300,0.0,0.0
2013-12-26 00:00:00-05:00,13.776094318002121,13.776094318002121,13.606018438732448,13.665544509887695,396300,0.0,0.0
2013-12-27 00:00:00-05:00,13.665545787248762,13.742079777877606,13.597515753574672,13.733575820922852,732100,0.0,0.0
2013-12-30 00:00:00-05:00,13.733576600365177,13.801606637900278,13.682554477704862,13.767592430114746,349800,0.0,0.0
2013-12-31 00:00:00-05:00,13.691055548490887,13.827115594873897,13.682551592846487,13.776093482971191,567100,0.0,0.0
2014-01-02 00:00:00-05:00,13.776099477810739,13.9716856768526,13.665549628290105,13.725075721740723,385600,0.0,0.0
2014-01-03 00:00:00-05:00,13.75908602916752,13.827116054621001,13.699559959641192,13.818612098693848,371600,0.0,0.0
2014-01-06 00:00:00-05:00,13.869639746869154,13.946173758790115,13.7846017756276,13.929165840148926,378300,0.0,0.0
2014-01-07 00:00:00-05:00,14.031205963197168,14.218288125466188,13.937664071080794,14.065221786499023,580600,0.0,0.0
2014-01-08 00:00:00-05:00,14.116242532119445,14.22679070321478,13.86112874795829,14.090730667114258,684900,0.0,0.0
2014-01-09 00:00:00-05:00,14.141755430601314,14.243801287819952,14.099237269572477,14.209785461425781,925100,0.0,0.0
2014-01-10 00:00:00-05:00,14.269313721553225,14.388365874710132,14.235297893814714,14.36285400390625,423900,0.0,0.0
2014-01-13 00:00:00-05:00,14.405372416034167,14.44789057469223,14.303326564505515,14.311830520629883,444800,0.0,0.0
2014-01-14 00:00:00-05:00,14.379863190780748,14.498915354476978,14.235299154022146,14.430885314941406,578800,0.0,0.0
2014-01-15 00:00:00-05:00,14.490411801516556,14.541433921391206,14.320335905982459,14.481907844543457,776500,0.0,0.0
2014-01-16 00:00:00-05:00,14.507416393647544,14.541432217554267,14.405372165854885,14.439386367797852,346400,0.0,0.0
2014-01-17 00:00:00-05:00,14.447887683511036,14.532925605773926,14.379857670093417,14.532925605773926,459000,0.0,0.0
2014-01-21 00:00:00-05:00,14.60095870444729,14.626470573105982,14.405372577288738,14.4138765335083,492000,0.0,0.0
2014-01-22 00:00:00-05:00,14.447891908004063,14.456395864913214,14.320335798294675,14.371357917785645,382500,0.0,0.0
2014-01-23 00:00:00-05:00,14.320336298531094,14.39687029142299,14.252306262845407,14.328840255737305,438700,0.0,0.0
2014-01-24 00:00:00-05:00,14.260806823378779,14.34584475322235,14.056716764932373,14.167264938354492,449500,0.0,0.0
2014-01-27 00:00:00-05:00,14.158762312232996,14.209784426143058,13.776094024961907,13.801604270935059,1290200,0.0,0.0
2014-01-28 00:00:00-05:00,13.87813977683814,14.005695886603002,13.810109743499282,13.954673767089844,454000,0.0,0.0
2014-01-29 00:00:00-05:00,13.869634212293022,13.903650036001636,13.665544135932578,13.818612098693848,454700,0.0,0.0
2014-01-30 00:00:00-05:00,13.886643926430768,14.107741943340809,13.818613892147981,14.048215866088867,876600,0.0,0.0
2014-01-31 00:00:00-05:00,13.954671781698934,14.184273719787598,13.946167825995978,14.184273719787598,735900,0.0,0.0
2014-02-03 00:00:00-05:00,14.209788608582034,14.447894580184848,14.014202429389133,14.082232475280762,1217000,0.0,0.0
2014-02-04 00:00:00-05:00,14.099238526122027,14.201284392435175,13.912156330172612,14.073726654052734,715000,0.0,0.0
2014-02-05 00:00:00-05:00,14.073727344362144,14.167269257907046,14.005697304137879,14.124751091003418,467100,0.0,0.0
2014-02-06 00:00:00-05:00,14.141752569425694,14.192776298693772,14.022700445060611,14.13325023651123,773100,0.0,0.0
2014-02-07 00:00:00-05:00,14.328838931560012,14.328838931560012,14.065222770385148,14.269312858581543,347100,0.0,0.0
2014-02-10 00:00:00-05:00,14.294823405447332,14.354349479673255,14.175771256995485,14.209785461425781,429000,0.0,0.0
2014-02-11 00:00:00-05:00,14.158762184803397,14.490409977143337,14.158762184803397,14.464898109436035,770800,0.0,0.0
2014-02-12 00:00:00-05:00,14.430886147695148,14.490413854942473,14.252307891845703,14.252307891845703,242100,0.0,0.0
2014-02-13 00:00:00-05:00,14.226796924517554,14.28632301359653,14.090736828918676,14.260812759399414,743700,0.0,0.0
2014-02-14 00:00:00-05:00,14.26931640688918,14.345850411739788,14.099240480117999,14.192782402038574,411900,0.0,0.0
2014-02-18 00:00:00-05:00,14.201283084123062,14.320335232217214,14.167267257831092,14.218289375305176,264800,0.0,0.0
2014-02-19 00:00:00-05:00,14.235296369796606,14.388364334304702,14.17577029959096,14.345846176147461,463600,0.0,0.0
2014-02-20 00:00:00-05:00,14.328841799857251,14.362856010383574,14.005697879054264,14.14175796508789,1524300,0.0,0.0
2014-02-21 00:00:00-05:00,14.22679070321478,14.260806523221696,14.048212514069185,14.090730667114258,631800,0.0,0.0
2014-02-24 00:00:00-05:00,14.158763736356963,14.218289812233275,13.963177595059388,13.980185508728027,886600,0.0,0.0
2014-02-25 00:00:00-05:00,14.005692318526648,14.15876026003462,13.971678121504612,14.039708137512207,418000,0.0,0.0
2014-02-26 00:00:00-05:00,14.082229244529515,14.14175531828266,13.963177097023221,14.022703170776367,404900,0.0,0.0
2014-02-27 00:00:00-05:00,14.03120762777002,14.082229746812013,13.912155476017395,13.980185508728027,320600,0.0,0.0
2014-02-28 00:00:00-05:00,14.022707770711076,14.031211730031671,13.87814370618975,13.929165840148926,746700,0.0,0.0
2014-03-03 00:00:00-05:00,13.903651023270074,14.056718996900372,13.844124949516928,14.022703170776367,894200,0.0,0.0
2014-03-04 00:00:00-05:00,14.107743175456326,14.192781131227683,13.997193346364334,14.124751091003418,1318400,0.0,0.0
2014-03-05 00:00:00-05:00,14.396868621069173,14.473402605081443,14.243800653044634,14.4138765335083,2355600,0.0,0.0
2014-03-06 00:00:00-05:00,14.456398010253906,14.566946222550433,14.396871925020069,14.456398010253906,680700,0.0,0.0
2014-03-07 00:00:00-05:00,14.532928545926486,14.96662057744022,14.456394562602663,14.728514671325684,1497000,0.0,0.0
2014-03-10 00:00:00-04:00,14.788040035561146,14.90709379391007,14.711506055895304,14.813551902770996,2251400,0.0,0.0
2014-03-11 00:00:00-04:00,14.592455931531754,14.71150808433199,14.311831841385525,14.371357917785645,3148200,0.0,0.0
2014-03-12 00:00:00-04:00,14.396868455022803,14.592454579925562,14.345846340257687,14.52442455291748,1057300,0.0,0.0
2014-03-13 00:00:00-04:00,14.515924095487742,14.634976265955414,14.277819754552397,14.456398010253906,1684800,0.0,0.0
2014-03-14 00:00:00-04:00,14.371356591536687,14.703004392531971,14.252304449723079,14.311830520629883,2226500,0.0,0.0
2014-03-17 00:00:00-04:00,14.311831161470321,14.311831161470321,13.895147024501057,14.031207084655762,2785600,0.0,0.0
2014-03-18 00:00:00-04:00,13.97168022933962,14.048214211639893,13.912154159098025,13.997190475463867,2695700,0.0,0.0
2014-03-19 00:00:00-04:00,13.954673767089844,14.0227038004287,13.86113186301244,13.954673767089844,2009400,0.0,0.0
2014-03-20 00:00:00-04:00,14.184275774170889,14.388365874710132,13.971681716697018,14.36285400390625,2984800,0.0,0.0
2014-03-21 00:00:00-04:00,14.388439586762159,14.652838422906093,13.953459911750203,14.055807113647461,9472100,0.05,0.0
2014-03-24 00:00:00-04:00,14.149631468299047,14.379915189726985,14.064341020350183,14.320212364196777,1733600,0.0,0.0
2014-03-25 00:00:00-04:00,14.354323807013833,14.439614232619805,14.277562586646415,14.379911422729492,1109400,0.0,0.0
2014-03-26 00:00:00-04:00,14.490789784749586,14.559021809048438,14.25197688631371,14.286093711853027,779000,0.0,0.0
2014-03-27 00:00:00-04:00,14.269031560460837,14.354321975182446,14.149625955918196,14.251973152160645,415900,0.0,0.0
2014-03-28 00:00:00-04:00,14.277567777649692,14.345799817586196,14.098459282858927,14.234923362731934,610000,0.0,0.0
2014-03-31 00:00:00-04:00,14.192270349889325,14.26050235631074,13.970515922324886,14.251973152160645,1692900,0.0,0.0
2014-04-01 00:00:00-04:00,14.286093711853027,14.328738116997393,14.166688076024979,14.286093711853027,838100,0.0,0.0
2014-04-02 00:00:00-04:00,14.26050407337629,14.337265293190395,14.021692835536449,14.072866439819336,744600,0.0,0.0
2014-04-03 00:00:00-04:00,14.08992570584691,14.106984117237005,13.89375885519978,14.03022289276123,409500,0.0,0.0
2014-04-04 00:00:00-04:00,14.089929209523337,14.098458417339302,13.851116271016481,13.970521926879883,458400,0.0,0.0
2014-04-07 00:00:00-04:00,13.919343884096284,13.987575898164225,13.81699667638414,13.859641075134277,758700,0.0,0.0
2014-04-08 00:00:00-04:00,13.893759330707097,13.919345321888256,13.697590846566543,13.774352073669434,992700,0.0,0.0
2014-04-09 00:00:00-04:00,13.765822491042869,13.93640335255538,13.67200448131268,13.902286529541016,541900,0.0,0.0
2014-04-10 00:00:00-04:00,13.851110889489153,13.919342898726857,13.58671205704048,13.689059257507324,1367600,0.0,0.0
2014-04-11 00:00:00-04:00,13.61229822333874,13.714646232429748,13.544066217278068,13.672001838684082,2265900,0.0,0.0
2014-04-14 00:00:00-04:00,13.680534900413969,13.731708512694526,13.578186049073052,13.654947280883789,763200,0.0,0.0
2014-04-15 00:00:00-04:00,13.646416625412217,13.68053344782997,13.527010187119526,13.663475036621094,812400,0.0,0.0
2014-04-16 00:00:00-04:00,13.680532455444336,13.706118443622012,13.595241218976794,13.680532455444336,1086500,0.0,0.0
2014-04-17 00:00:00-04:00,13.637884599260133,13.680530618462399,13.552595001024542,13.646413803100586,527800,0.0,0.0
2014-04-21 00:00:00-04:00,13.689062480144226,13.723179306184466,13.60377285521333,13.654947280883789,534200,0.0,0.0
2014-04-22 00:00:00-04:00,13.72317501088537,13.731704214725823,13.603768597287967,13.646413803100586,1717200,0.0,0.0
2014-04-23 00:00:00-04:00,13.654948001562488,13.689063202623451,13.578186765700458,13.612302780151367,633300,0.0,0.0
2014-04-24 00:00:00-04:00,13.629360370747959,13.680535612471937,13.509954726951783,13.535541534423828,1012400,0.0,0.0
2014-04-25 00:00:00-04:00,13.561127441817796,13.620831073143183,13.441721805946802,13.595243453979492,564300,0.0,0.0
2014-04-28 00:00:00-04:00,13.61230206172339,13.654947280883789,13.492895610752257,13.654947280883789,756000,0.0,0.0
2014-04-29 00:00:00-04:00,13.646413875908157,13.868168296605182,13.646413875908157,13.706116676330566,1221100,0.0,0.0
2014-04-30 00:00:00-04:00,13.689059257507324,13.774349675749308,13.629356452771761,13.689059257507324,1621300,0.0,0.0
2014-05-01 00:00:00-04:00,13.663477557081215,13.927876472473145,13.646419142725625,13.927876472473145,1365500,0.0,0.0
2014-05-02 00:00:00-04:00,13.944931615722343,14.072866439819336,13.859641190731164,14.072866439819336,609700,0.0,0.0
2014-05-05 00:00:00-04:00,13.987573738867672,14.320206179531683,13.89375575074438,14.217857360839844,2265000,0.0,0.0
2014-05-06 00:00:00-04:00,14.200803274784516,14.405499347681074,14.038751607032323,14.286093711853027,1298200,0.0,0.0
2014-05-07 00:00:00-04:00,14.192274678940585,14.516378028387653,14.192274678940585,14.473731994628906,2210100,0.0,0.0
2014-05-08 00:00:00-04:00,14.422554015247819,14.601664049258947,14.379909621177214,14.516373634338379,1786000,0.0,0.0
2014-05-09 00:00:00-04:00,14.482261078724024,14.610195925357026,14.482261078724024,14.524907112121582,1407300,0.0,0.0
2014-05-12 00:00:00-04:00,14.56754931011076,14.669898147967656,14.56754931011076,14.618722915649414,923900,0.0,0.0
2014-05-13 00:00:00-04:00,14.584607263985486,14.746658907690753,14.516375249811619,14.610193252563477,1629400,0.0,0.0
2014-05-14 00:00:00-04:00,14.65284261387557,14.729603850643294,14.601668998290391,14.695487022399902,1471400,0.0,0.0
2014-05-15 00:00:00-04:00,14.71254530230033,14.729603716266402,14.61872565226682,14.669900894165039,3292200,0.0,0.0
2014-05-16 00:00:00-04:00,14.712545808651216,14.738133430480957,14.644313777218525,14.738133430480957,1108200,0.0,0.0
2014-05-19 00:00:00-04:00,14.746658038847485,14.874592854538388,14.712541220380876,14.840476036071777,770500,0.0,0.0
2014-05-20 00:00:00-04:00,14.86606593964077,14.968413157245559,14.78930471304733,14.883124351501465,2257800,0.0,0.0
2014-05-21 00:00:00-04:00,14.900175062195594,14.968407055042398,14.78929868386167,14.91723346710205,1675100,0.0,0.0
2014-05-22 00:00:00-04:00,14.925767821964566,14.968412222172628,14.83194818937132,14.959884643554688,2454800,0.0,0.0
2014-05-23 00:00:00-04:00,14.985470339367323,15.062231559661576,14.90870911907307,15.053702354431152,1076100,0.0,0.0
2014-05-27 00:00:00-04:00,15.028121579909396,15.130468824627348,14.968417122580448,15.062236785888672,1870700,0.0,0.0
2014-05-28 00:00:00-04:00,15.062235236669673,15.062235236669673,14.908712758603103,14.951358795166016,2406400,0.0,0.0
2014-05-29 00:00:00-04:00,15.011058249160282,15.053702649368343,14.917238616567035,14.959884643554688,1517700,0.0,0.0
2014-05-30 00:00:00-04:00,14.976940995288185,15.104875818999359,14.900179775705572,15.028116226196289,9438000,0.0,0.0
2014-06-02 00:00:00-04:00,15.07928942718833,15.181636632709255,15.028115824427868,15.17310905456543,2005100,0.0,0.0
2014-06-03 00:00:00-04:00,15.113403284470923,15.181635291048108,15.070758890402441,15.130461692810059,921200,0.0,0.0
2014-06-04 00:00:00-04:00,15.13899093180346,15.224281346915973,15.096346537636887,15.207222938537598,1275200,0.0,0.0
2014-06-05 00:00:00-04:00,15.22428429034257,15.446038761796833,15.215755084504366,15.343689918518066,940100,0.0,0.0
2014-06-06 00:00:00-04:00,15.403388793413667,15.480149999547264,15.275453992117427,15.301041603088379,694700,0.0,0.0
2014-06-09 00:00:00-04:00,15.352216012347629,15.420448018442446,15.079287987968367,15.087817192077637,876600,0.0,0.0
2014-06-10 00:00:00-04:00,15.036643513987014,15.173109166991903,15.036643513987014,15.121933937072754,589100,0.0,0.0
2014-06-11 00:00:00-04:00,15.130483492580087,15.267333406486165,15.062058535627049,15.079163551330566,480000,0.05,0.0
2014-06-12 00:00:00-04:00,15.087716874872152,15.09627019841374,14.967973608049249,15.079163551330566,659700,0.0,0.0
2014-06-13 00:00:00-04:00,15.113383307724279,15.207468275531221,15.0021933169,15.17325496673584,714200,0.0,0.0
2014-06-16 00:00:00-04:00,15.156148149898929,15.292998120853024,15.156148149898929,15.224573135375977,672900,0.0,0.0
2014-06-17 00:00:00-04:00,15.190360130616451,15.387081742745996,15.190360130616451,15.369975090026855,887500,0.0,0.0
2014-06-18 00:00:00-04:00,15.310096968662368,15.404181887488347,15.301543645916416,15.378521919250488,798800,0.0,0.0
2014-06-19 00:00:00-04:00,15.327203614154275,15.4127352102343,15.327203614154275,15.378521919250488,782000,0.0,0.0
2014-06-20 00:00:00-04:00,15.395636316423625,15.446954647358545,15.36142300821346,15.429849624633789,893800,0.0,0.0
2014-06-23 00:00:00-04:00,15.369977585934462,15.455509232039333,15.258787587964454,15.292999267578125,711100,0.0,0.0
2014-06-24 00:00:00-04:00,15.267338949478855,15.45550724157158,15.241678969537928,15.335763931274414,1151500,0.0,0.0
2014-06-25 00:00:00-04:00,15.34431625902431,15.34431625902431,15.139041327000792,15.216019630432129,843400,0.0,0.0
2014-06-26 00:00:00-04:00,15.250230194461565,15.26733684539795,15.104826924262346,15.26733684539795,683600,0.0,0.0
2014-06-27 00:00:00-04:00,15.292999789607178,15.39563809471269,15.164703131760675,15.258788108825684,4479200,0.0,0.0
2014-06-30 00:00:00-04:00,15.301554852014906,15.344321497064836,15.13049316595728,15.190364837646484,982500,0.0,0.0
2014-07-01 00:00:00-04:00,15.216021780875629,15.335765100300678,15.173255144380702,15.181808471679688,703300,0.0,0.0
2014-07-02 00:00:00-04:00,15.147595512587147,15.55814707552558,15.130490488974203,15.541040420532227,2093900,0.0,0.0
2014-07-03 00:00:00-04:00,15.823283755273149,15.840390399512605,15.455499061021774,15.47260570526123,847000,0.0,0.0
2014-07-07 00:00:00-04:00,15.421289893773299,15.48116152689861,15.344311613646571,15.455501556396484,1339700,0.0,0.0
2014-07-08 00:00:00-04:00,15.429847407443948,15.541037380388902,15.412740755797003,15.53248405456543,553300,0.0,0.0
2014-07-09 00:00:00-04:00,15.515380438042197,15.566700403022256,15.335765454753215,15.541040420532227,1184800,0.0,0.0
2014-07-10 00:00:00-04:00,15.421298472119533,15.5752534866333,15.378531830826356,15.5752534866333,677200,0.0,0.0
2014-07-11 00:00:00-04:00,15.52393295945109,15.541039613556173,15.404189643476165,15.429849624633789,409500,0.0,0.0
2014-07-14 00:00:00-04:00,15.481161668587607,15.481161668587607,15.344311754083071,15.404183387756348,407000,0.0,0.0
2014-07-15 00:00:00-04:00,15.429849624633789,15.438401320306005,15.327211331383621,15.429849624633789,247200,0.0,0.0
2014-07-16 00:00:00-04:00,15.446951866149902,15.446951866149902,15.361420242404703,15.446951866149902,248600,0.0,0.0
2014-07-17 00:00:00-04:00,15.455510316060732,15.481170301106076,15.344320310292058,15.46406364440918,455100,0.0,0.0
2014-07-18 00:00:00-04:00,15.729206641398724,15.814738273620605,15.541038355614742,15.814738273620605,1247400,0.0,0.0
2014-07-21 00:00:00-04:00,16.122652897642528,16.122652897642528,15.746314662001856,15.789079666137695,774400,0.0,0.0
2014-07-22 00:00:00-04:00,15.806188753873963,15.831848739134296,15.67789209033348,15.754870414733887,1034200,0.0,0.0
2014-07-23 00:00:00-04:00,15.754865287747943,15.840396912734557,15.686440314034664,15.73775863647461,2009600,0.0,0.0
2014-07-24 00:00:00-04:00,15.771975529151902,15.87461219739469,15.771975529151902,15.831847190856934,1099900,0.0,0.0
2014-07-25 00:00:00-04:00,15.79762986789613,15.857503145773668,15.737758221398606,15.763418197631836,632300,0.0,0.0
2014-07-28 00:00:00-04:00,15.789076984408116,15.840396938310981,15.763418638836743,15.797630310058594,899400,0.0,0.0
2014-07-29 00:00:00-04:00,15.84040897343655,15.84040897343655,15.686452257515818,15.703558921813965,533200,0.0,0.0
2014-07-30 00:00:00-04:00,15.703549657866017,15.823292974550638,15.69499633076278,15.789079666137695,545700,0.0,0.0
2014-07-31 00:00:00-04:00,15.686435700909696,15.72920068513649,15.55813911684974,15.583797454833984,674200,0.0,0.0
2014-08-01 00:00:00-04:00,15.541038354457884,15.694994966169771,15.361421763667284,15.369975090026855,669700,0.0,0.0
2014-08-04 00:00:00-04:00,15.335755814104354,15.489712349500687,15.292989203505714,15.47260570526123,1119900,0.0,0.0
2014-08-05 00:00:00-04:00,15.438398460621721,15.61801503269371,15.044955277365025,15.26733684539795,1038600,0.0,0.0
2014-08-06 00:00:00-04:00,15.250238863104272,15.30155721370412,15.096282179923772,15.104835510253906,858500,0.0,0.0
2014-08-07 00:00:00-04:00,15.096272075159666,15.096272075159666,14.90810382799093,15.019293785095215,954700,0.0,0.0
2014-08-08 00:00:00-04:00,15.05351110214745,15.130489412761762,15.02785112148258,15.087722778320312,678200,0.0,0.0
2014-08-11 00:00:00-04:00,15.130489206319274,15.275892498675704,15.036404243212091,15.241679191589355,686600,0.0,0.0
2014-08-12 00:00:00-04:00,15.267335702363535,15.284442352019179,15.087719143739074,15.096272468566895,793100,0.0,0.0
2014-08-13 00:00:00-04:00,15.173254770523908,15.429849689030059,15.16470144343567,15.387083053588867,1513100,0.0,0.0
2014-08-14 00:00:00-04:00,15.053507475807686,15.207464059948682,15.019294176496398,15.096272468566895,11864700,0.0,0.0
2014-08-15 00:00:00-04:00,15.139036816121674,15.156141831825192,15.062058535627049,15.079163551330566,4403200,0.0,0.0
2014-08-18 00:00:00-04:00,15.096276653326589,15.216021602730066,15.087723326127744,15.17325496673584,2150700,0.0,0.0
2014-08-19 00:00:00-04:00,15.216020288393983,15.224571983473792,15.104828675793907,15.156147003173828,2045400,0.0,0.0
2014-08-20 00:00:00-04:00,15.139041763243018,15.29299674316187,15.096275131559844,15.250231742858887,1691300,0.0,0.0
2014-08-21 00:00:00-04:00,15.30155312631897,15.335766438500366,15.181809796445112,15.318659782409668,2646800,0.0,0.0
2014-08-22 00:00:00-04:00,15.35286245834381,15.47260570526123,15.216012567186933,15.47260570526123,9126900,0.0,0.0
2014-08-25 00:00:00-04:00,15.438398361206055,15.438398361206055,15.250230096257608,15.438398361206055,1543700,0.0,0.0
2014-08-26 00:00:00-04:00,15.446956987712284,15.626573620268541,15.369978663956827,15.46406364440918,3060200,0.0,0.0
2014-08-27 00:00:00-04:00,15.395633544454796,15.481165168199997,15.34431522275969,15.446951866149902,1102700,0.0,0.0
2014-08-28 00:00:00-04:00,15.361415273758581,15.541031788664586,15.361415273758581,15.378521919250488,1123700,0.0,0.0
2014-08-29 00:00:00-04:00,15.327212578572258,15.438402576542266,15.284447571210052,15.292999267578125,1361600,0.0,0.0
2014-09-02 00:00:00-04:00,15.292999267578125,15.404190896928593,15.16470261411105,15.292999267578125,1384600,0.0,0.0
2014-09-03 00:00:00-04:00,15.284440959857422,15.52392750770354,15.233121015564894,15.515374183654785,1496700,0.0,0.0
2014-09-04 00:00:00-04:00,15.515378896720163,15.558145529955043,15.30155062468651,15.335763931274414,1489300,0.0,0.0
2014-09-05 00:00:00-04:00,15.335762454765845,15.549590706212374,15.284444131205104,15.53248405456543,2207200,0.0,0.0
2014-09-08 00:00:00-04:00,15.481166146629025,15.549591123673723,15.404187843531224,15.506824493408203,995200,0.0,0.0
2014-09-09 00:00:00-04:00,15.472611038065022,15.472611038065022,15.318654449605877,15.39563274383545,1227600,0.0,0.0
2014-09-10 00:00:00-04:00,15.404181887488347,15.446946869838607,15.335756936900228,15.378521919250488,1019100,0.0,0.0
2014-09-11 00:00:00-04:00,15.352796596880143,15.387105308213552,15.164103592334586,15.292757987976074,1408100,0.05,0.0
2014-09-12 00:00:00-04:00,15.232721494173681,15.241298673197996,15.04402846342762,15.129796981811523,1356500,0.0,0.0
2014-09-15 00:00:00-04:00,15.095486690633615,15.095486690633615,14.829600741155812,14.863907814025879,1330300,0.0,0.0
2014-09-16 00:00:00-04:00,14.855330636826043,14.923946418495452,14.803869209556305,14.863907814025879,959400,0.0,0.0
2014-09-17 00:00:00-04:00,14.932526538726794,15.095489665783303,14.829603663902388,14.992565155029297,1145100,0.0,0.0
2014-09-18 00:00:00-04:00,14.992566504049938,15.035452402360283,14.803873459273658,14.838180541992188,1001800,0.0,0.0
2014-09-19 00:00:00-04:00,14.855333663955305,14.889642379745869,14.683794992791315,14.872488021850586,3594600,0.0,0.0
2014-09-22 00:00:00-04:00,14.812447700586693,14.85533195446033,14.65806176915452,14.70952320098877,1002100,0.0,0.0
2014-09-23 00:00:00-04:00,14.700946561617721,14.803871064986426,14.537985082184038,14.563714981079102,1846600,0.0,0.0
2014-09-24 00:00:00-04:00,14.520829200744629,14.675215121620269,14.477943313874002,14.520829200744629,1137000,0.0,0.0
2014-09-25 00:00:00-04:00,14.495100691916942,14.555139310128979,14.332137559677378,14.529409408569336,1259200,0.0,0.0
2014-09-26 00:00:00-04:00,14.546561695013681,14.64948620595662,14.392177382493676,14.632331848144531,2577800,0.0,0.0
2014-09-29 00:00:00-04:00,14.555140155080903,14.692371757797712,14.503678713044534,14.649487495422363,765400,0.0,0.0
2014-09-30 00:00:00-04:00,14.649483868566076,14.649483868566076,14.460790870528701,14.486520767211914,896000,0.0,0.0
2014-10-01 00:00:00-04:00,14.512252321364354,14.623752357658901,14.486520788713607,14.5980224609375,990500,0.0,0.0
2014-10-02 00:00:00-04:00,14.563715815563219,14.640908788530446,14.40075432679203,14.495100021362305,550500,0.0,0.0
2014-10-03 00:00:00-04:00,14.615176031154569,14.623751572314939,14.49509718782906,14.606598854064941,627000,0.0,0.0
2014-10-06 00:00:00-04:00,14.632332518156392,14.675218414650356,14.563716719695728,14.666641235351562,641400,0.0,0.0
2014-10-07 00:00:00-04:00,14.700947964635112,14.700947964635112,14.340714622359206,14.349291801452637,1148400,0.0,0.0
2014-10-08 00:00:00-04:00,14.332135844600636,14.546560390229702,14.297828767983303,14.537984848022461,706100,0.0,0.0
2014-10-09 00:00:00-04:00,14.546562750824773,14.735257428594302,14.46079422739832,14.512255668640137,1048000,0.0,0.0
2014-10-10 00:00:00-04:00,14.537983227299549,14.537983227299549,14.314981528394451,14.332134246826172,1013700,0.0,0.0
2014-10-13 00:00:00-04:00,14.357863968492563,14.477941162024687,14.289248195627199,14.323556900024414,635800,0.0,0.0
2014-10-14 00:00:00-04:00,14.366448524440242,14.580873129282633,14.229216908215504,14.246371269226074,1593500,0.0,0.0
2014-10-15 00:00:00-04:00,14.160598159787018,14.477945592938774,13.997635035884198,14.366445541381836,1964600,0.0,0.0
2014-10-16 00:00:00-04:00,14.323563351686053,14.452217779266388,14.194907288175916,14.375024795532227,720300,0.0,0.0
2014-10-17 00:00:00-04:00,14.477945757210069,14.477945757210069,14.203482578636166,14.263521194458008,644700,0.0,0.0
2014-10-20 00:00:00-04:00,14.314984556319647,14.452216148376465,14.314984556319647,14.452216148376465,807400,0.0,0.0
2014-10-21 00:00:00-04:00,14.512253101636771,14.623753143926281,14.37502152531302,14.589446067810059,638300,0.0,0.0
2014-10-22 00:00:00-04:00,14.606604364450604,14.760988702518064,14.512257016801152,14.546564102172852,534500,0.0,0.0
2014-10-23 00:00:00-04:00,14.572286489436866,14.726672366455329,14.563709314499302,14.675210952758789,419000,0.0,0.0
2014-10-24 00:00:00-04:00,14.743835180393864,14.75241236025537,14.512256231922546,14.555140495300293,589200,0.0,0.0
2014-10-27 00:00:00-04:00,14.555142899219872,14.6323358947928,14.495104266203164,14.5808744430542,794100,0.0,0.0
2014-10-28 00:00:00-04:00,14.580869093815775,14.78671646118164,14.563714737552923,14.78671646118164,412200,0.0,0.0
2014-10-29 00:00:00-04:00,14.760986209819963,14.889642257044752,14.572293182315654,14.692370414733887,451900,0.0,0.0
2014-10-30 00:00:00-04:00,14.62375334854345,14.803870817444492,14.589446271947201,14.78671646118164,674600,0.0,0.0
2014-10-31 00:00:00-04:00,14.795296712930115,15.052605566609156,14.692372189900622,15.035452842712402,1026500,0.0,0.0
2014-11-03 00:00:00-05:00,15.061178860685482,15.181257712560758,14.56371400557183,14.735254287719727,2143800,0.0,0.0
2014-11-04 00:00:00-05:00,14.735257033812227,14.838179913538383,14.520832459131443,14.666641235351562,825800,0.0,0.0
2014-11-05 00:00:00-05:00,14.752412857903545,14.838181387552298,14.61518124734973,14.76956558227539,1242200,0.0,0.0
2014-11-06 00:00:00-05:00,14.700943338268251,14.941099369518627,14.700943338268251,14.88963794708252,1014200,0.0,0.0
2014-11-07 00:00:00-05:00,14.881065810032347,14.881065810032347,14.649486876753977,14.666641235351562,2236700,0.0,0.0
2014-11-10 00:00:00-05:00,14.640907429203871,14.838177614724868,14.589445997313485,14.821024894714355,775700,0.0,0.0
2014-11-11 00:00:00-05:00,14.81244737888517,14.906793062544027,14.752408770394245,14.80387020111084,339400,0.0,0.0
2014-11-12 00:00:00-05:00,14.752413644469717,14.84675935929962,14.752413644469717,14.76098918914795,822300,0.0,0.0
2014-11-13 00:00:00-05:00,14.863907814025879,14.889639345625387,14.778137677956797,14.863907814025879,526000,0.0,0.0
2014-11-14 00:00:00-05:00,14.82960381321455,14.958258226005219,14.735256480400908,14.81244945526123,986100,0.0,0.0
2014-11-17 00:00:00-05:00,14.752408770394245,14.872485987376093,14.752408770394245,14.80387020111084,1503000,0.0,0.0
2014-11-18 00:00:00-05:00,14.84675721690796,14.93252737468297,14.803872955985302,14.9239501953125,627300,0.0,0.0
2014-11-19 00:00:00-05:00,14.915370240318358,14.915370240318358,14.778138667787848,14.80387020111084,3186900,0.0,0.0
2014-11-20 00:00:00-05:00,14.752410788442834,14.923949459606822,14.718102072652268,14.872488021850586,815200,0.0,0.0
2014-11-21 00:00:00-05:00,14.91536784033601,14.941099369518627,14.80386781906959,14.88963794708252,912800,0.0,0.0
2014-11-24 00:00:00-05:00,14.85533195446033,14.88964066630278,14.65806176915452,14.70952320098877,1072800,0.0,0.0
2014-11-25 00:00:00-05:00,14.683795987352486,14.726680249065712,14.486524130054368,14.512255668640137,1449800,0.0,0.0
2014-11-26 00:00:00-05:00,14.469368777592777,14.855331970664805,14.469368777592777,14.821024894714355,958000,0.0,0.0
2014-11-28 00:00:00-05:00,14.821028601009587,14.872490045768938,14.73525843579078,14.752412796020508,440200,0.0,0.0
2014-12-01 00:00:00-05:00,14.735253427886896,14.898216522825221,14.649483291817814,14.863907814025879,898900,0.0,0.0
2014-12-02 00:00:00-05:00,14.846752065111493,14.923945016730215,14.743829220239277,14.88963794708252,1766400,0.0,0.0
2014-12-03 00:00:00-05:00,14.846754776499719,14.89821784426339,14.700946023028157,14.70952320098877,767100,0.0,0.0
2014-12-04 00:00:00-05:00,14.62375288935749,14.743831743497525,14.58086863597638,14.700945854187012,555300,0.0,0.0
2014-12-05 00:00:00-05:00,14.683793303036357,14.726677556909994,14.580868803438433,14.70952320098877,654200,0.0,0.0
2014-12-08 00:00:00-05:00,14.64090592649419,14.829600550607452,14.58944449988569,14.606598854064941,725300,0.0,0.0
2014-12-09 00:00:00-05:00,14.580867913727724,14.580867913727724,14.400752095333633,14.477943420410156,568200,0.0,0.0
2014-12-10 00:00:00-05:00,14.40075305934726,14.606600423832885,14.34928999127878,14.589446067810059,819500,0.0,0.0
2014-12-11 00:00:00-05:00,14.64105957197306,14.752888326726241,14.615252178990492,14.718480110168457,623200,0.05,0.0
2014-12-12 00:00:00-05:00,14.658268336750355,14.7528921876119,14.5292329788208,14.5292329788208,526400,0.0,0.0
2014-12-15 00:00:00-05:00,14.62385847043508,14.675471629155261,14.486222286679439,14.5292329788208,1714600,0.0,0.0
2014-12-16 00:00:00-05:00,14.494825691949432,14.563643788283942,14.253961534402228,14.417405128479004,1094300,0.0,0.0
2014-12-17 00:00:00-05:00,14.460411431807675,14.701275516204937,14.417400749943178,14.684070587158203,1192100,0.0,0.0
2014-12-18 00:00:00-05:00,14.813112225446911,14.899135276106952,14.70988587725744,14.79590892791748,755900,0.0,0.0
2014-12-19 00:00:00-05:00,14.890525817871094,14.95934389794767,14.813105272690889,14.890525817871094,1001600,0.0,0.0
2014-12-22 00:00:00-05:00,14.95074080066561,15.010958053844778,14.881922723498942,14.976548194885254,612100,0.0,0.0
2014-12-23 00:00:00-05:00,14.985150659625134,15.03676380731204,14.93353751193823,14.976548194885254,426500,0.0,0.0
2014-12-24 00:00:00-05:00,15.002353331224231,15.036761544252876,14.899125410634023,14.916330337524414,200600,0.0,0.0
2014-12-26 00:00:00-05:00,14.916330337524414,15.010955794669426,14.847512270714986,14.916330337524414,213200,0.0,0.0
2014-12-29 00:00:00-05:00,14.881920483743633,15.028159080807681,14.813102416934207,14.916330337524414,490700,0.0,0.0
2014-12-30 00:00:00-05:00,14.864717197605378,14.993750867779037,14.838909807269792,14.916330337524414,344800,0.0,0.0
2014-12-31 00:00:00-05:00,14.959346424797427,14.959346424797427,14.606653499735984,14.649665832519531,1476900,0.0,0.0
2015-01-02 00:00:00-05:00,14.778693568342138,14.933534622192383,14.675465652191289,14.933534622192383,611700,0.0,0.0
2015-01-05 00:00:00-05:00,14.88191918858883,14.942136427464566,14.787295380430944,14.830306053161621,401600,0.0,0.0
2015-01-06 00:00:00-05:00,14.907727232966655,14.976545296816534,14.85611409526726,14.933534622192383,818300,0.0,0.0
2015-01-07 00:00:00-05:00,14.985150659625134,15.028161342572158,14.881922723498942,14.976548194885254,731400,0.0,0.0
2015-01-08 00:00:00-05:00,15.002355602695028,15.06257121517636,14.916332595970673,14.950740814208984,689100,0.0,0.0
2015-01-09 00:00:00-05:00,14.899131427977686,15.053972551022941,14.83031333337455,15.002359390258789,990700,0.0,0.0
2015-01-12 00:00:00-05:00,15.019557309865174,15.045364701390655,14.916331025267676,15.036762237548828,864900,0.0,0.0
2015-01-13 00:00:00-05:00,15.03676247406667,15.096978081154395,14.709877046696628,14.752887725830078,1106200,0.0,0.0
2015-01-14 00:00:00-05:00,14.684067476177558,14.873318374092081,14.684067476177558,14.804498672485352,544600,0.0,0.0
2015-01-15 00:00:00-05:00,14.838917410156089,14.967951146441635,14.81311000659779,14.959348678588867,563600,0.0,0.0
2015-01-16 00:00:00-05:00,14.950741066900044,14.950741066900044,14.727083542689893,14.787299156188965,547000,0.0,0.0
2015-01-20 00:00:00-05:00,14.778696056162904,14.924934671555466,14.59804758267687,14.684070587158203,480500,0.0,0.0
2015-01-21 00:00:00-05:00,14.684074077621244,14.692676544189453,14.598051052691895,14.692676544189453,534500,0.0,0.0
2015-01-22 00:00:00-05:00,14.692673683117617,14.847514769688036,14.658265464297752,14.787299156188965,695800,0.0,0.0
2015-01-23 00:00:00-05:00,14.795897811528075,14.838908484166893,14.701272362820287,14.76148796081543,1449200,0.0,0.0
2015-01-26 00:00:00-05:00,14.770093900333283,14.770093900333283,14.555037205011454,14.606650352478027,1458700,0.0,0.0
2015-01-27 00:00:00-05:00,14.529228822183368,14.62385428672644,14.451808285875812,14.469013214111328,805300,0.0,0.0
2015-01-28 00:00:00-05:00,14.46901158212539,14.58944278468582,14.426000907140118,14.443205833435059,935300,0.0,0.0
2015-01-29 00:00:00-05:00,14.48622228621023,14.494824752788771,14.374391861441936,14.46041488647461,340300,0.0,0.0
2015-01-30 00:00:00-05:00,14.460411658161092,14.503423981451215,14.339980434453482,14.357185363769531,827100,0.0,0.0
2015-02-02 00:00:00-05:00,14.408799410162128,14.408799410162128,13.909867914126911,14.01309585571289,2384200,0.0,0.0
2015-02-03 00:00:00-05:00,13.987290065816117,14.185141865753371,13.978687599633716,14.133528709411621,1834900,0.0,0.0
2015-02-04 00:00:00-05:00,14.133526246636993,14.477616630211816,14.073310634605445,14.374388694763184,1273200,0.0,0.0
2015-02-05 00:00:00-05:00,14.426004112322143,14.58084520187518,14.348583567545624,14.572242736816406,440100,0.0,0.0
2015-02-06 00:00:00-05:00,14.520629850510252,14.572244647630987,14.20234680536235,14.271164894104004,598100,0.0,0.0
2015-02-09 00:00:00-05:00,14.271159462841972,14.357182451218913,14.150728263565478,14.19373893737793,384000,0.0,0.0
2015-02-10 00:00:00-05:00,14.219552079059884,14.279767703060156,14.08191589827278,14.23675537109375,567000,0.0,0.0
2015-02-11 00:00:00-05:00,14.228154545453165,14.305573461487302,14.159334814306915,14.23675537109375,457300,0.0,0.0
2015-02-12 00:00:00-05:00,14.245353390346121,14.400194455581218,14.22815010368281,14.348581314086914,437600,0.0,0.0
2015-02-13 00:00:00-05:00,14.374387688624955,14.42600247311267,14.210945793337295,14.262558937072754,401600,0.0,0.0
2015-02-17 00:00:00-05:00,14.296969794117173,14.434605947547103,14.202344323351957,14.374388694763184,506300,0.0,0.0
2015-02-18 00:00:00-05:00,14.357185406148721,14.391593624130017,14.21954925271879,14.374388694763184,467800,0.0,0.0
2015-02-19 00:00:00-05:00,14.374387331225927,14.374387331225927,14.185138048399828,14.228150367736816,497200,0.0,0.0
2015-02-20 00:00:00-05:00,14.20234332925601,14.339979473052068,14.176535937012153,14.262558937072754,447300,0.0,0.0
2015-02-23 00:00:00-05:00,14.279765437374882,14.374389271182181,14.193742427843524,14.29697036743164,993900,0.0,0.0
2015-02-24 00:00:00-05:00,14.236752499309555,14.391593581649262,14.228151675403897,14.357185363769531,642500,0.0,0.0
2015-02-25 00:00:00-05:00,14.382989795093325,14.40019472282812,14.210945440002021,14.228150367736816,1140900,0.0,0.0
2015-02-26 00:00:00-05:00,14.202343953436664,14.236752170521761,14.090513556217356,14.176536560058594,927100,0.0,0.0
2015-02-27 00:00:00-05:00,14.167934422797726,14.486219052135166,13.918469510724483,14.357185363769531,3994300,0.0,0.0
2015-03-02 00:00:00-05:00,14.357185363769531,14.451809193503067,14.17653688745575,14.357185363769531,953600,0.0,0.0
2015-03-03 00:00:00-05:00,14.331380860667146,14.374391551880855,14.210949612666603,14.23675537109375,610200,0.0,0.0
2015-03-04 00:00:00-05:00,14.193741811689442,14.296969746796405,14.150731129167086,14.16793441772461,533800,0.0,0.0
2015-03-05 00:00:00-05:00,14.167937582476364,14.27116554064179,13.952880840321729,13.97868824005127,1101100,0.0,0.0
2015-03-06 00:00:00-05:00,13.858251616918002,14.00449021051948,13.686205633591996,13.875454902648926,1371600,0.0,0.0
2015-03-09 00:00:00-04:00,13.90126612263605,14.150732703119916,13.884061191412497,14.107720375061035,1302700,0.0,0.0
2015-03-10 00:00:00-04:00,14.090511218659662,14.13352353382088,13.918466880270962,13.93567180633545,738300,0.0,0.0
2015-03-11 00:00:00-04:00,14.030593425214166,14.082366371125461,13.91841678893537,14.013335227966309,1398300,0.05,0.0
2015-03-12 00:00:00-04:00,14.065107345581055,14.108252836159853,13.978819656087817,14.065107345581055,1684300,0.0,0.0
2015-03-13 00:00:00-04:00,14.082364727674832,14.203168802647113,14.02196269018869,14.125510215759277,1143400,0.0,0.0
2015-03-16 00:00:00-04:00,14.185912132263184,14.26357236432079,14.151395742089994,14.185912132263184,796100,0.0,0.0
2015-03-17 00:00:00-04:00,14.177282782698223,14.220426623815696,14.090993454631235,14.194540977478027,977300,0.0,0.0
2015-03-18 00:00:00-04:00,14.194545835904455,14.393010206305325,14.099627377959429,14.35849380493164,1363400,0.0,0.0
2015-03-19 00:00:00-04:00,14.358493640064088,14.418895695941881,14.194545672919391,14.220431327819824,825100,0.0,0.0
2015-03-20 00:00:00-04:00,14.237687487769342,14.323976832013201,14.185914539555966,14.280831336975098,1933100,0.0,0.0
2015-03-23 00:00:00-04:00,14.479294579716766,14.531067518122953,14.427519995478544,14.453407287597656,1848400,0.0,0.0
2015-03-24 00:00:00-04:00,14.436151889322344,14.496553936802231,14.34986254470864,14.367120742797852,1409300,0.0,0.0
2015-03-25 00:00:00-04:00,14.393005924422612,14.470666158577075,14.220427260561117,14.229056358337402,1114900,0.0,0.0
2015-03-26 00:00:00-04:00,14.220426410822634,14.280828445815214,14.013333014062928,14.056478500366211,1329600,0.0,0.0
2015-03-27 00:00:00-04:00,14.06510595179485,14.116880535358789,13.987445722280958,14.056478500366211,940400,0.0,0.0
2015-03-30 00:00:00-04:00,14.0823667527935,14.203170845138049,14.039222904336826,14.177285194396973,1280700,0.0,0.0
2015-03-31 00:00:00-04:00,14.168656341540725,14.358491582211336,14.073737898289243,14.280831336975098,2187200,0.0,0.0
2015-04-01 00:00:00-04:00,14.229057000930345,14.410264770751581,14.1513967632687,14.272202491760254,1233900,0.0,0.0
2015-04-02 00:00:00-04:00,14.254944741905415,14.427521773133742,14.237686545032911,14.401636123657227,1754100,0.0,0.0
2015-04-06 00:00:00-04:00,14.418889393431677,14.772675765478901,14.418889393431677,14.764046669006348,6396300,0.0,0.0
2015-04-07 00:00:00-04:00,14.789935685971024,14.893483221427552,14.63461520570235,14.74679183959961,3266600,0.0,0.0
2015-04-08 00:00:00-04:00,14.746789774994566,14.971141365546794,14.677758642965575,14.953883171081543,1344000,0.0,0.0
2015-04-09 00:00:00-04:00,14.936629312478855,15.005660464546477,14.764052255226044,14.824454307556152,1447900,0.0,0.0
2015-04-10 00:00:00-04:00,14.893485833492758,14.95388788733913,14.764052625845885,14.867598533630371,1442800,0.0,0.0
2015-04-13 00:00:00-04:00,14.858964651928316,14.876222846282733,14.755418777465819,14.75541877746582,716900,0.0,0.0
2015-04-14 00:00:00-04:00,14.7467938663098,14.910743467551445,14.720906567429813,14.798566818237305,874500,0.0,0.0
2015-04-15 00:00:00-04:00,14.841707597126387,14.841707597126387,14.74678917724695,14.772676467895508,1467100,0.0,0.0
2015-04-16 00:00:00-04:00,14.71227746780315,14.815825017490628,14.71227746780315,14.798566818237305,839700,0.0,0.0
2015-04-17 00:00:00-04:00,14.703650402786595,14.772681555792671,14.643246703802832,14.729536056518555,1659500,0.0,0.0
2015-04-20 00:00:00-04:00,14.729535427772662,14.764051825718585,14.643246078740294,14.69502067565918,700900,0.0,0.0
2015-04-21 00:00:00-04:00,14.720902388756986,14.772676971820236,14.66050035434853,14.75541877746582,808400,0.0,0.0
2015-04-22 00:00:00-04:00,14.755418777465819,14.858964651928316,14.712273291579779,14.75541877746582,577200,0.0,0.0
2015-04-23 00:00:00-04:00,14.764047874643028,14.815820811874277,14.677758548702947,14.75541877746582,339500,0.0,0.0
2015-04-24 00:00:00-04:00,14.76405838963338,14.867604337841497,14.738171079664765,14.841718673706055,682500,0.0,0.0
2015-04-27 00:00:00-04:00,14.858969060673719,14.979774811166424,14.772681354963558,14.824454307556152,675900,0.0,0.0
2015-04-28 00:00:00-04:00,14.798562884545593,14.88485221204268,14.73816084904724,14.858964920043945,920200,0.0,0.0
2015-04-29 00:00:00-04:00,14.815819906575252,14.86759284064299,14.686386748489953,14.720901489257812,861400,0.0,0.0
2015-04-30 00:00:00-04:00,14.71227434735871,14.71227434735871,14.496551839943876,14.574212074279785,831500,0.0,0.0
2015-05-01 00:00:00-04:00,14.565582845753616,14.669130372549501,14.47929516022783,14.522439002990723,843400,0.0,0.0
2015-05-04 00:00:00-04:00,14.531068801879883,14.634614687840083,14.470666760764402,14.531068801879883,578800,0.0,0.0
2015-05-05 00:00:00-04:00,14.548326011514984,14.574211658333436,14.220426887936657,14.298087120056152,1233100,0.0,0.0
2015-05-06 00:00:00-04:00,14.280830002400432,14.315346395205284,14.168655017449055,14.237686157226562,899500,0.0,0.0
2015-05-07 00:00:00-04:00,14.263572571526533,14.384376647223467,14.211797985514622,14.323974609375,957500,0.0,0.0
2015-05-08 00:00:00-04:00,14.50518112579016,14.574212263224563,14.116881594908692,14.487924575805664,2351700,0.0,0.0
2015-05-11 00:00:00-04:00,14.427521452597745,14.660502167703712,14.40163580369633,14.436150550842285,1788400,0.0,0.0
2015-05-12 00:00:00-04:00,14.393010792955307,14.427525549903185,14.160030011684604,14.315350532531738,882800,0.0,0.0
2015-05-13 00:00:00-04:00,14.358490554842454,14.436150794522002,14.065107792904664,14.082365989685059,1081300,0.0,0.0
2015-05-14 00:00:00-04:00,14.108251649411041,14.211797526425793,14.082364357241334,14.194540977478027,662700,0.0,0.0
2015-05-15 00:00:00-04:00,14.185912515288086,14.393005924422612,14.177283417511799,14.229056358337402,552500,0.0,0.0
2015-05-18 00:00:00-04:00,14.177282181130394,14.401633766252099,14.177282181130394,14.38437557220459,1038300,0.0,0.0
2015-05-19 00:00:00-04:00,14.384376154445397,14.531067518122953,14.358488862326285,14.453407287597656,916000,0.0,0.0
2015-05-20 00:00:00-04:00,14.496551709833724,14.54832629614772,14.453407867070833,14.522439002990723,794500,0.0,0.0
2015-05-21 00:00:00-04:00,14.505181507473742,14.591470842995363,14.487924957035164,14.531068801879883,1073900,0.0,0.0
2015-05-22 00:00:00-04:00,14.556953734102853,14.600097571946545,14.487922606053798,14.513808250427246,863700,0.0,0.0
2015-05-26 00:00:00-04:00,14.50518022600384,14.556954810242065,14.410263446564507,14.453407287597656,1439600,0.0,0.0
2015-05-27 00:00:00-04:00,14.453408747331364,14.470666943820445,14.39300670545179,14.436150550842285,1930500,0.0,0.0
2015-05-28 00:00:00-04:00,14.410266238020883,14.47066828550077,14.289460497228754,14.367120742797852,767800,0.0,0.0
2015-05-29 00:00:00-04:00,14.401636123657227,14.410265222093479,14.272202938777921,14.401636123657227,1552100,0.0,0.0
2015-06-01 00:00:00-04:00,14.444779338355167,14.531068673112133,14.384377297774941,14.47929573059082,1144500,0.0,0.0
2015-06-02 00:00:00-04:00,14.487924957035164,14.634614687840083,14.479295858899782,14.531068801879883,1831100,0.0,0.0
2015-06-03 00:00:00-04:00,14.496550255479631,14.556953933452677,14.4620355138984,14.539695739746094,1126800,0.0,0.0
2015-06-04 00:00:00-04:00,14.556955828532708,14.574212378653879,14.384377160663789,14.418891906738281,993200,0.0,0.0
2015-06-05 00:00:00-04:00,14.306720684430635,14.341237085407995,14.194545672919391,14.220431327819824,1739900,0.0,0.0
2015-06-08 00:00:00-04:00,14.246315518641723,14.479296236882421,14.15139708250687,14.462038040161133,1290100,0.0,0.0
2015-06-09 00:00:00-04:00,14.52244046934058,14.64324455794011,14.436151129269945,14.625988006591797,1143500,0.0,0.0
2015-06-10 00:00:00-04:00,14.625985611471698,14.8417081034059,14.582840125585658,14.75541877746582,1675900,0.0,0.0
2015-06-11 00:00:00-04:00,14.841963073314291,14.97177583417477,14.738113524889433,14.79869270324707,4333100,0.05,0.0
2015-06-12 00:00:00-04:00,14.850613361959656,14.928501327022879,14.616949466769988,14.634258270263672,3315300,0.0,0.0
2015-06-15 00:00:00-04:00,14.608295716060999,14.642913324591145,14.27078228618421,14.305399894714355,2555500,0.0,0.0
2015-06-16 00:00:00-04:00,14.322714039992889,14.452528484691785,14.253480439794453,14.331368446350098,1834800,0.0,0.0
2015-06-17 00:00:00-04:00,14.340016313132427,14.487137852793674,14.19289477347118,14.435213088989258,1209400,0.0,0.0
2015-06-18 00:00:00-04:00,14.452523739294275,14.651570068176733,14.443869335778686,14.530411720275879,1049300,0.0,0.0
2015-06-19 00:00:00-04:00,14.57368380977537,14.642917395424655,14.426562233938274,14.521759033203125,1583200,0.0,0.0
2015-06-22 00:00:00-04:00,14.530408895554624,14.59098805772842,14.391940116882324,14.391940116882324,1101200,0.0,0.0
2015-06-23 00:00:00-04:00,14.417906445826773,14.45252406065888,14.305402498939882,14.348672866821289,817500,0.0,0.0
2015-06-24 00:00:00-04:00,14.383290878231056,14.383290878231056,14.097702150626807,14.115009307861328,2062500,0.0,0.0
2015-06-25 00:00:00-04:00,14.123664933004534,14.184244115210241,14.011160973288066,14.028468132019043,1078000,0.0,0.0
2015-06-26 00:00:00-04:00,13.967887809144583,14.071739006344153,13.91596303587419,14.063084602355957,1340400,0.0,0.0
2015-06-29 00:00:00-04:00,14.063084297623968,14.106354665968544,13.786149978637695,13.786149978637695,857800,0.0,0.0
2015-06-30 00:00:00-04:00,13.820765752081364,14.063083263373438,13.751532177426487,13.881345748901367,2424800,0.0,0.0
2015-07-01 00:00:00-04:00,13.864034773820034,14.201548191132964,13.855380372009655,14.184239387512207,2490600,0.0,0.0
2015-07-02 00:00:00-04:00,14.21886157989502,14.314058379848829,14.123664779941212,14.21886157989502,1057600,0.0,0.0
2015-07-06 00:00:00-04:00,14.184240665472256,14.270783040714898,14.140970303180191,14.253474235534668,611400,0.0,0.0
2015-07-07 00:00:00-04:00,14.288091090449283,14.314054296846892,14.149623957645552,14.305399894714355,1136900,0.0,0.0
2015-07-08 00:00:00-04:00,14.236166562690268,14.314054532506981,14.11500658149846,14.175585746765137,648100,0.0,0.0
2015-07-09 00:00:00-04:00,14.210204628282225,14.236167837432092,14.03711986860032,14.080391883850098,837800,0.0,0.0
2015-07-10 00:00:00-04:00,14.210207823533874,14.227516633525777,14.115011019237388,14.149628639221191,996300,0.0,0.0
2015-07-13 00:00:00-04:00,14.201549279403928,14.314054860901834,14.132315710273867,14.244819641113281,933300,0.0,0.0
2015-07-14 00:00:00-04:00,14.236173812598889,14.236173812598889,14.080397793635024,14.089052200317383,931000,0.0,0.0
2015-07-15 00:00:00-04:00,14.080394555143505,14.13231933263566,14.028468126992435,14.07174015045166,461600,0.0,0.0
2015-07-16 00:00:00-04:00,14.097699427606877,14.21885775814023,14.054427416231784,14.175585746765137,1246500,0.0,0.0
2015-07-17 00:00:00-04:00,14.175587656579012,14.201550866901975,14.01115894317627,14.01115894317627,994100,0.0,0.0
2015-07-20 00:00:00-04:00,14.011160089435391,14.019814493584398,13.924617698604116,13.976542472839355,549400,0.0,0.0
2015-07-21 00:00:00-04:00,13.985199430203684,14.054433025376609,13.950583457946777,13.950583457946777,1001700,0.0,0.0
2015-07-22 00:00:00-04:00,13.967888638096282,14.149627831316502,13.967888638096282,14.002506256103516,1069400,0.0,0.0
2015-07-23 00:00:00-04:00,14.011158621889836,14.045774584201341,13.803457070715568,13.898653030395508,674100,0.0,0.0
2015-07-24 00:00:00-04:00,13.915962219238281,13.97654139294188,13.80345744998207,13.915962219238281,1083300,0.0,0.0
2015-07-27 00:00:00-04:00,13.881347983165394,13.985197536533443,13.777496779138458,13.803459167480469,726100,0.0,0.0
2015-07-28 00:00:00-04:00,13.838075496043592,14.045776246469186,13.72557071656404,13.985197067260742,1972000,0.0,0.0
2015-07-29 00:00:00-04:00,13.976539955285023,14.417904583429836,13.907306385222613,14.253474235534668,2687000,0.0,0.0
2015-07-30 00:00:00-04:00,14.236173090811414,14.426565076192365,14.184246653349982,14.322713851928711,1352700,0.0,0.0
2015-07-31 00:00:00-04:00,14.365985883146571,14.469835456751014,14.227518684567842,14.322713851928711,1656600,0.0,0.0
2015-08-03 00:00:00-04:00,14.314054830761009,14.599643509153461,14.262128416028935,14.547717094421387,2919800,0.0,0.0
2015-08-04 00:00:00-04:00,14.573686193448786,14.70349898144103,14.42656459354847,14.443873405456543,2485600,0.0,0.0
2015-08-05 00:00:00-04:00,14.461173680889289,14.53906164672942,14.34866975837486,14.391940116882324,671100,0.0,0.0
2015-08-06 00:00:00-04:00,14.417904201582132,14.417904201582132,14.175585887452062,14.279437065124512,663800,0.0,0.0
2015-08-07 00:00:00-04:00,14.1496238720024,14.236166242145524,13.569792137899404,13.742876052856445,4855500,0.0,0.0
2015-08-10 00:00:00-04:00,13.734222913327615,13.734222913327615,13.491905410112139,13.604410171508789,4177000,0.0,0.0
2015-08-11 00:00:00-04:00,13.569793194155269,13.647681168280943,13.526522005715531,13.595755577087402,1490900,0.0,0.0
2015-08-12 00:00:00-04:00,13.552484512329102,13.60441010399652,13.474596537492612,13.552484512329102,1577300,0.0,0.0
2015-08-13 00:00:00-04:00,13.526522196285779,13.656334938104605,13.41401743488913,13.604410171508789,856300,0.0,0.0
2015-08-14 00:00:00-04:00,13.613063109183756,13.67364310113707,13.51786715801318,13.569792747497559,3287100,0.0,0.0
2015-08-17 00:00:00-04:00,13.509212755544242,13.613063109183756,13.483250373466676,13.569792747497559,2645600,0.0,0.0
2015-08-18 00:00:00-04:00,13.569793317994668,13.621718084332805,13.483250940325396,13.552484512329102,1296500,0.0,0.0
2015-08-19 00:00:00-04:00,13.50921306046631,13.578446631122018,13.414017107147027,13.431325912475586,2411700,0.0,0.0
2015-08-20 00:00:00-04:00,13.353439768895013,13.587102895543127,13.284206188752655,13.48325252532959,3634900,0.0,0.0
2015-08-21 00:00:00-04:00,13.500562406896893,13.708263163844983,13.422674416708999,13.543832778930664,3402300,0.0,0.0
2015-08-24 00:00:00-04:00,13.232280921556212,13.569795252179182,13.059196966876252,13.240935325622559,4459500,0.0,0.0
2015-08-25 00:00:00-04:00,13.42267425324479,13.535179034887259,13.310169471602322,13.32747745513916,5286700,0.0,0.0
2015-08-26 00:00:00-04:00,13.483254070953025,13.552487659031824,13.301515695913809,13.36209487915039,9152300,0.0,0.0
2015-08-27 00:00:00-04:00,13.41401831102715,13.829419772242812,13.379401522592511,13.760186195373535,6895800,0.0,0.0
2015-08-28 00:00:00-04:00,13.786153050413914,14.132321026278538,13.673648251925522,13.950583457946777,2637100,0.0,0.0
2015-08-31 00:00:00-04:00,13.95058201407734,14.071740380425426,13.760188409062986,13.829421997070312,2411100,0.0,0.0
2015-09-01 00:00:00-04:00,13.699608697020887,13.803459075022774,13.45729114834982,13.535179138183594,2788300,0.0,0.0
2015-09-02 00:00:00-04:00,13.673643234862944,13.78614799207167,13.569792880207793,13.630372047424316,2039100,0.0,0.0
2015-09-03 00:00:00-04:00,13.664989148459275,13.76018510276328,13.526522005715531,13.595755577087402,3641500,0.0,0.0
2015-09-04 00:00:00-04:00,13.526520085826307,13.630370428144097,13.405360940457642,13.491903305053711,3429600,0.0,0.0
2015-09-08 00:00:00-04:00,13.587103202655532,13.73422477011581,13.509215216902515,13.656336784362793,1666000,0.0,0.0
2015-09-09 00:00:00-04:00,13.708263163844983,13.734225552131134,13.526524795183045,13.543832778930664,1212000,0.0,0.0
2015-09-10 00:00:00-04:00,13.543831447362068,13.587102640471052,13.310168325100536,13.465944290161133,1449100,0.0,0.0
2015-09-11 00:00:00-04:00,13.45726160607031,13.604857444763184,13.30098346439786,13.604857444763184,1149600,0.05,0.0
2015-09-14 00:00:00-04:00,13.674314212619832,13.674314212619832,13.561446757855283,13.604857444763184,822400,0.0,0.0
2015-09-15 00:00:00-04:00,13.59617310254708,13.761133522457344,13.535398646785332,13.726405143737793,1206800,0.0,0.0
2015-09-16 00:00:00-04:00,13.743771015498904,13.926096066574694,13.726407237485487,13.908731460571289,1044700,0.0,0.0
2015-09-17 00:00:00-04:00,13.908732182993479,14.203923876463756,13.856639190267535,14.021598815917969,1246700,0.0,0.0
2015-09-18 00:00:00-04:00,13.917415549930162,14.134468184892379,13.891368637581829,14.117103576660156,4508100,0.0,0.0
2015-09-21 00:00:00-04:00,14.221285847897576,14.690120266169998,14.221285847897576,14.33415412902832,4438500,0.0,0.0
2015-09-22 00:00:00-04:00,14.256016678398035,14.38624792404877,14.160512992130101,14.26469898223877,1336000,0.0,0.0
2015-09-23 00:00:00-04:00,14.32547007233342,14.412291434270784,14.203921159208958,14.30810546875,1666000,0.0,0.0
2015-09-24 00:00:00-04:00,14.238653790670488,14.325475183585255,13.934779743458977,13.995555877685547,1944300,0.0,0.0
2015-09-25 00:00:00-04:00,14.091056265419109,14.151830736531283,13.908732852082588,13.952142715454102,1032900,0.0,0.0
2015-09-28 00:00:00-04:00,13.882682433980841,13.917411640690254,13.62221917958928,13.726405143737793,1524300,0.0,0.0
2015-09-29 00:00:00-04:00,13.769818147905015,13.83927492124201,13.604858518227164,13.795865058898926,4863900,0.0,0.0
2015-09-30 00:00:00-04:00,13.900048596503215,13.995552269687018,13.709042078125563,13.960823059082031,1587800,0.0,0.0
2015-10-01 00:00:00-04:00,13.960824627615468,14.091055870056152,13.865321771691635,14.091055870056152,2595900,0.0,0.0
2015-10-02 00:00:00-04:00,14.047643038917652,14.342834675916842,13.874000315042926,14.30810546875,1975400,0.0,0.0
2015-10-05 00:00:00-04:00,14.342837049388757,14.360201655845698,14.238651066627137,14.273380279541016,1589500,0.0,0.0
2015-10-06 00:00:00-04:00,14.273376715262778,14.334151166705748,14.177873059578335,14.229965209960938,891300,0.0,0.0
2015-10-07 00:00:00-04:00,14.229965853067464,14.4817476272583,14.169191398877864,14.4817476272583,1086400,0.0,0.0
2015-10-08 00:00:00-04:00,14.455702965750069,14.551206640568395,14.34283634131199,14.542524337768555,867700,0.0,0.0
2015-10-09 00:00:00-04:00,14.551204884498409,14.559887186250453,14.429655971929268,14.516475677490234,600900,0.0,0.0
2015-10-12 00:00:00-04:00,14.490432176949437,14.551206640568395,14.447020662950226,14.542524337768555,725000,0.0,0.0
2015-10-13 00:00:00-04:00,14.51647752103652,14.51647752103652,14.264697362170919,14.33415412902832,905700,0.0,0.0
2015-10-14 00:00:00-04:00,14.33415111828788,14.559885977156144,14.290739613132676,14.438335418701172,739200,0.0,0.0
2015-10-15 00:00:00-04:00,14.455702965750069,14.551206640568395,14.394928502131108,14.542524337768555,455000,0.0,0.0
2015-10-16 00:00:00-04:00,14.54252477963878,14.603299245104354,14.49911492030051,14.58593463897705,632500,0.0,0.0
2015-10-19 00:00:00-04:00,14.5425240654556,14.66407299041748,14.533841762818337,14.66407299041748,527800,0.0,0.0
2015-10-20 00:00:00-04:00,14.638030708881322,14.7595796585083,14.5946191868858,14.7595796585083,634200,0.0,0.0
2015-10-21 00:00:00-04:00,14.750894427262612,14.759576729938988,14.533841828292921,14.577253341674805,685700,0.0,0.0
2015-10-22 00:00:00-04:00,14.611981065836273,14.776941506640442,14.594616460282166,14.742212295532227,668400,0.0,0.0
2015-10-23 00:00:00-04:00,14.776937928370039,14.785620229044653,14.577249980792491,14.620659828186035,1056900,0.0,0.0
2015-10-26 00:00:00-04:00,14.603299245104354,14.67275601363358,14.481750314173208,14.58593463897705,476800,0.0,0.0
2015-10-27 00:00:00-04:00,14.568572998046875,14.655392724525544,14.525161478827405,14.568572998046875,781700,0.0,0.0
2015-10-28 00:00:00-04:00,14.577252966591956,14.629345125329941,14.212604543466338,14.403610229492188,1134600,0.0,0.0
2015-10-29 00:00:00-04:00,14.316787411700044,14.507793078391007,14.30810511012595,14.44701862335205,880800,0.0,0.0
2015-10-30 00:00:00-04:00,14.412291332024544,14.481748089885734,14.26469551457205,14.325469970703125,821900,0.0,0.0
2015-11-02 00:00:00-05:00,14.308103627818028,14.638024429535264,14.282058381773712,14.620659828186035,577200,0.0,0.0
2015-11-03 00:00:00-05:00,14.585937913476997,14.62066713352821,14.447024345232862,14.559892654418945,825900,0.0,0.0
2015-11-04 00:00:00-05:00,14.559890355363146,14.72484915661778,14.533843444437633,14.698803901672363,1000000,0.0,0.0
2015-11-05 00:00:00-05:00,14.681438595398996,14.681438595398996,14.203923509693276,14.273380279541016,1911600,0.0,0.0
2015-11-06 00:00:00-05:00,14.386247801398344,14.386247801398344,13.83059360816972,14.169195175170898,2389600,0.0,0.0
2015-11-09 00:00:00-05:00,14.125784413642638,14.238651043469144,14.038963037479165,14.16051197052002,1577100,0.0,0.0
2015-11-10 00:00:00-05:00,14.117099443434988,14.473065528074333,14.073687935564518,14.44701862335205,1350600,0.0,0.0
2015-11-11 00:00:00-05:00,14.455703172298874,14.551206848481796,14.30810733455252,14.507795333862305,930900,0.0,0.0
2015-11-12 00:00:00-05:00,14.49911832173107,14.49911832173107,14.238654136657715,14.238654136657715,444100,0.0,0.0
2015-11-13 00:00:00-05:00,14.247332042860977,14.290741898980121,14.038961752725335,14.099736213684082,590600,0.0,0.0
2015-11-16 00:00:00-05:00,14.091052941971137,14.299423217773438,14.030278485192934,14.299423217773438,700000,0.0,0.0
2015-11-17 00:00:00-05:00,14.273378794178125,14.420974621742479,14.12578296661377,14.12578296661377,739700,0.0,0.0
2015-11-18 00:00:00-05:00,14.177875383066661,14.203922290516365,14.065008762744363,14.082371711730957,1202800,0.0,0.0
2015-11-19 00:00:00-05:00,14.099737348245316,14.38624672723381,14.099737348245316,14.186558723449707,923000,0.0,0.0
2015-11-20 00:00:00-05:00,14.256013061594512,14.403608877481107,14.24733075995651,14.351516723632812,657400,0.0,0.0
2015-11-23 00:00:00-05:00,14.34283341931892,14.5077921709699,14.34283341931892,14.438335418701172,500200,0.0,0.0
2015-11-24 00:00:00-05:00,14.429654181283102,14.655387374904963,14.368878076560799,14.620659828186035,905800,0.0,0.0
2015-11-25 00:00:00-05:00,14.603297147985009,14.603297147985009,14.403609174137353,14.420973777770996,891300,0.0,0.0
2015-11-27 00:00:00-05:00,14.41229197340026,14.490431036468909,14.41229197340026,14.45570182800293,1037900,0.0,0.0
2015-11-30 00:00:00-05:00,14.4383400963686,14.72484949929656,14.4383400963686,14.568572998046875,1689200,0.0,0.0
2015-12-01 00:00:00-05:00,14.611980896400402,14.67275535915513,14.516477222940166,14.577253341674805,1058100,0.0,0.0
2015-12-02 00:00:00-05:00,14.551206640568395,14.681437870606157,14.481749874149594,14.542524337768555,1231500,0.0,0.0
2015-12-03 00:00:00-05:00,14.542526893258419,14.855083225057047,13.839275974701614,13.874004364013672,10827600,0.0,0.0
2015-12-04 00:00:00-05:00,13.752451723438119,14.056325669333312,13.717723343449231,13.97818660736084,2626400,0.0,0.0
2015-12-07 00:00:00-05:00,13.943458489522179,13.995552305563194,13.752452798644857,13.76113510131836,2176500,0.0,0.0
2015-12-08 00:00:00-05:00,14.160515303386923,15.054772873180166,13.978191860913377,14.012919425964355,4709900,0.0,0.0
2015-12-09 00:00:00-05:00,13.99555121135023,14.056325669333312,13.874000639404285,13.97818660736084,3365000,0.0,0.0
2015-12-10 00:00:00-05:00,13.995554630994974,14.186560353608858,13.96082541453053,14.117103576660156,10932700,0.0,0.0
2015-12-11 00:00:00-05:00,14.10839146398938,14.134517050522089,13.829706636512334,13.855833053588867,5206100,0.05,0.0
2015-12-14 00:00:00-05:00,13.873249888285324,13.98646462827478,13.760034317752122,13.977755546569824,4172400,0.0,0.0
2015-12-15 00:00:00-05:00,14.073556900024414,14.256444334143529,14.038722226579923,14.073556900024414,7204000,0.0,0.0
2015-12-16 00:00:00-05:00,14.125809574209068,14.352240762736413,14.064847650583982,14.291278839111328,2873400,0.0,0.0
2015-12-17 00:00:00-05:00,14.038724477709097,14.308699469274238,13.97776088250189,14.160648345947266,2484200,0.0,0.0
2015-12-18 00:00:00-05:00,14.125810336959562,14.186773924964331,13.890670882748907,13.986468315124512,4233300,0.0,0.0
2015-12-21 00:00:00-05:00,14.021303406648565,14.212898254394531,13.951632401914779,14.212898254394531,1126400,0.0,0.0
2015-12-22 00:00:00-05:00,14.247734893940827,14.369658739577016,14.212898560280308,14.256443977355957,1296500,0.0,0.0
2015-12-23 00:00:00-05:00,14.31740430769105,14.352238976389197,14.21289697942135,14.282567977905273,1083900,0.0,0.0
2015-12-24 00:00:00-05:00,14.291278342356012,14.326114675266794,14.19548008793914,14.212898254394531,436700,0.0,0.0
2015-12-28 00:00:00-05:00,14.20419143066165,14.317407869543525,14.151938584071269,14.299989700317383,934900,0.0,0.0
2015-12-29 00:00:00-05:00,14.343532715618645,14.491583824157717,14.33482363145894,14.491583824157715,681200,0.0,0.0
2015-12-30 00:00:00-05:00,14.48287473999801,14.552545752187694,14.439330980287442,14.491583824157715,565900,0.0,0.0
2015-12-31 00:00:00-05:00,14.456749839180574,14.622219123943236,14.430622585453406,14.509002685546875,973300,0.0,0.0
2016-01-04 00:00:00-05:00,14.369657908408096,14.404494240053614,14.151935818886761,14.247734069824219,1227400,0.0,0.0
2016-01-05 00:00:00-05:00,14.247735471091106,14.352241154130374,14.169355378267715,14.265151977539062,1052400,0.0,0.0
2016-01-06 00:00:00-05:00,14.169357430976866,14.239028450125552,14.082268241768979,14.160648345947266,898600,0.0,0.0
2016-01-07 00:00:00-05:00,13.969052218458694,14.099685160129532,13.864544868469238,13.864544868469238,1293800,0.0,0.0
2016-01-08 00:00:00-05:00,13.881960065645817,14.012593817715091,13.638111557877908,13.664237976074219,1532400,0.0,0.0
2016-01-11 00:00:00-05:00,13.707781155910135,13.803579397056401,13.611983745307642,13.638110160827637,2045900,0.0,0.0
2016-01-12 00:00:00-05:00,13.68165700162929,13.690366085089943,13.359428388480378,13.463934898376465,1452600,0.0,0.0
2016-01-13 00:00:00-05:00,13.481348191114371,13.516184514508058,13.211373329162598,13.211373329162598,2162300,0.0,0.0
2016-01-14 00:00:00-05:00,13.228793345269333,13.27233792780571,12.993653928443019,13.063324928283691,1455400,0.0,0.0
2016-01-15 00:00:00-05:00,12.91527353783101,13.054615534187691,12.836893457244425,12.923982620239258,1596700,0.0,0.0
2016-01-19 00:00:00-05:00,12.984943197614623,13.089449684110354,12.889145792629467,12.941398620605469,1245500,0.0,0.0
2016-01-20 00:00:00-05:00,12.845601401275783,13.063323458924526,12.453701863616795,12.880436897277832,2939900,0.0,0.0
2016-01-21 00:00:00-05:00,12.923981983631375,12.99365297837787,12.662715338060133,12.749804496765137,1472300,0.0,0.0
2016-01-22 00:00:00-05:00,12.897856071778431,13.098159981858661,12.845602408406656,13.037198066711426,1065200,0.0,0.0
2016-01-25 00:00:00-05:00,13.011072000671652,13.14170575568584,12.732387985511588,12.758514404296875,1117300,0.0,0.0
2016-01-26 00:00:00-05:00,12.802058944934723,13.080743789672852,12.758514360080902,13.080743789672852,1511700,0.0,0.0
2016-01-27 00:00:00-05:00,13.054617643396712,13.202668746081965,12.89785828744005,12.967529296875,1375500,0.0,0.0
2016-01-28 00:00:00-05:00,13.080743428220119,13.124287181326846,12.810767674021616,12.889147758483887,1338700,0.0,0.0
2016-01-29 00:00:00-05:00,12.915273973370583,13.063325057128209,12.880438473106661,13.05461597442627,1458200,0.0,0.0
2016-02-01 00:00:00-05:00,13.019781038659952,13.176541211916158,12.97623645380613,13.080743789672852,980500,0.0,0.0
2016-02-02 00:00:00-05:00,13.037198918074377,13.037198918074377,12.802058663361825,12.828185081481934,1136500,0.0,0.0
2016-02-03 00:00:00-05:00,12.871731778335635,13.14170757837413,12.802060764882603,13.028491973876953,1164000,0.0,0.0
2016-02-04 00:00:00-05:00,12.932693792157526,13.089453148114186,12.854313698907221,12.967529296875,1183900,0.0,0.0
2016-02-05 00:00:00-05:00,12.941400357331144,12.984944940183945,12.627880855769881,12.6888427734375,1066300,0.0,0.0
2016-02-08 00:00:00-05:00,12.601755261605053,12.601755261605053,12.11405739676909,12.227272987365723,1485100,0.0,0.0
2016-02-09 00:00:00-05:00,12.105350597745144,12.25340171872778,11.748286422626096,11.791831016540527,1525400,0.0,0.0
2016-02-10 00:00:00-05:00,11.826664724081391,12.201147011941288,11.826664724081391,11.887626647949219,1210800,0.0,0.0
2016-02-11 00:00:00-05:00,11.73957399692351,11.756992161750095,11.460890004048638,11.504434585571289,1304000,0.0,0.0
2016-02-12 00:00:00-05:00,11.591525676774113,11.844083294963857,11.513145583104201,11.765703201293945,1128200,0.0,0.0
2016-02-16 00:00:00-05:00,11.844085348655971,11.948591881488666,11.696034219506965,11.913756370544434,1006600,0.0,0.0
2016-02-17 00:00:00-05:00,11.992130982560898,12.140181213323643,11.97471281979839,12.000839233398438,1205600,0.0,0.0
2016-02-18 00:00:00-05:00,12.053095450207234,12.053095450207234,11.905044357467158,11.9660062789917,927700,0.0,0.0
2016-02-19 00:00:00-05:00,11.931173540379795,12.070515582167062,11.870211604733885,12.026971817016602,1424000,0.0,0.0
2016-02-22 00:00:00-05:00,12.079219304742294,12.253396779648801,11.983421901179643,12.000839233398438,1433900,0.0,0.0
2016-02-23 00:00:00-05:00,11.966006738947236,12.131476004508366,11.852791144232757,11.887626647949219,1068100,0.0,0.0
2016-02-24 00:00:00-05:00,11.826665747834339,11.913754929936163,11.652488214174687,11.83537483215332,824100,0.0,0.0
2016-02-25 00:00:00-05:00,11.861501347467375,12.218565501902242,11.861501347467375,12.192439079284668,1803200,0.0,0.0
2016-02-26 00:00:00-05:00,12.279525877568576,12.714970045843435,12.209854877088105,12.375323295593262,4773200,0.0,0.0
2016-02-29 00:00:00-05:00,12.279528262068586,12.401452121313273,12.166312656667092,12.192439079284668,8806000,0.0,0.0
2016-03-01 00:00:00-05:00,12.36661427553647,13.12428703250722,12.25339869154629,13.1068696975708,4138500,0.0,0.0
2016-03-02 00:00:00-05:00,12.993651596253368,13.15911998353961,12.793346884755623,13.141702651977539,2780200,0.0,0.0
2016-03-03 00:00:00-05:00,13.115581626503701,13.368139266967773,13.063327949267261,13.368139266967773,1346500,0.0,0.0
2016-03-04 00:00:00-05:00,13.342011648469809,13.551025521159655,13.3071761414455,13.542316436767578,1666400,0.0,0.0
2016-03-07 00:00:00-05:00,13.490059535866532,13.507477700486495,13.368135705702004,13.45522403717041,1378700,0.0,0.0
2016-03-08 00:00:00-05:00,13.368136891266323,13.620694486847443,13.298465887695246,13.551023483276367,1683200,0.0,0.0
2016-03-09 00:00:00-05:00,13.429098315301456,13.559731234531952,13.220085312315124,13.47264289855957,2012200,0.0,0.0
2016-03-10 00:00:00-05:00,13.559730536786782,13.655528781133896,13.289755629457538,13.350717544555664,1958800,0.0,0.0
2016-03-11 00:00:00-05:00,13.403143893818044,13.787588328657376,13.333244905665437,13.743901252746582,1674000,0.05,0.0
2016-03-14 00:00:00-04:00,13.700216678841254,13.813802756739916,13.647792014710422,13.796327590942383,768200,0.0,0.0
2016-03-15 00:00:00-04:00,13.691476227921383,13.726425718933639,13.595365335953076,13.630314826965332,627300,0.0,0.0
2016-03-16 00:00:00-04:00,13.656527727024233,13.805063282910732,13.621578233478097,13.787588119506836,691300,0.0,0.0
2016-03-17 00:00:00-04:00,13.787588328657376,13.901174392720778,13.717689340504771,13.743901252746582,2262800,0.0,0.0
2016-03-18 00:00:00-04:00,13.787586569412584,13.805061730851802,13.656526191664682,13.726425170898438,2561000,0.0,0.0
2016-03-21 00:00:00-04:00,13.708951134161154,13.84874993735952,13.612840238145054,13.700214385986328,1254100,0.0,0.0
2016-03-22 00:00:00-04:00,13.66526510079507,13.726426505254762,13.630315607780725,13.656527519226074,918000,0.0,0.0
2016-03-23 00:00:00-04:00,13.639050224140504,13.69147487209824,13.324504836178628,13.333242416381836,2126300,0.0,0.0
2016-03-24 00:00:00-04:00,13.333245651009062,13.551680209512114,13.167234919920183,13.438094139099121,2287600,0.0,0.0
2016-03-28 00:00:00-04:00,13.473041700779383,13.68273864685292,13.44682979083559,13.630314826965332,1238100,0.0,0.0
2016-03-29 00:00:00-04:00,13.647793173950744,13.76137926149738,13.569156587706006,13.752641677856445,1004000,0.0,0.0
2016-03-30 00:00:00-04:00,13.813799311571412,13.84001122046868,13.67400051984234,13.726425170898438,584400,0.0,0.0
2016-03-31 00:00:00-04:00,13.743900477762695,13.901173608868657,13.639052001445927,13.892436027526855,2092700,0.0,0.0
2016-04-01 00:00:00-04:00,13.82253628100108,13.88369851375897,13.595365011474083,13.8574857711792,2277100,0.0,0.0
2016-04-04 00:00:00-04:00,13.840010461748767,13.892434276669391,13.630313535543245,13.682737350463867,1231300,0.0,0.0
2016-04-05 00:00:00-04:00,13.60410456912403,13.726428226645304,13.577892654391523,13.691478729248047,2204000,0.0,0.0
2016-04-06 00:00:00-04:00,13.665264313029558,13.857486096896569,13.647789150898962,13.813799858093262,560300,0.0,0.0
2016-04-07 00:00:00-04:00,13.770113998250059,13.840012986402664,13.656527934186657,13.743901252746582,2036700,0.0,0.0
2016-04-08 00:00:00-04:00,13.796327221439817,13.848751884166576,13.656529231850788,13.691478729248047,2172100,0.0,0.0
2016-04-11 00:00:00-04:00,13.743898899224108,13.866222524175152,13.639050434949581,13.665263175964355,836700,0.0,0.0
2016-04-12 00:00:00-04:00,13.708953061315801,13.76137772404256,13.647791649186038,13.691478729248047,721100,0.0,0.0
2016-04-13 00:00:00-04:00,13.70895134211677,13.787587909714457,13.420617816433015,13.656527519226074,1811900,0.0,0.0
2016-04-14 00:00:00-04:00,13.604100979256717,13.66526320850866,13.577889071441042,13.647788047790527,1738300,0.0,0.0
2016-04-15 00:00:00-04:00,13.612838920077074,13.822535854678199,13.60410133948664,13.770112037658691,1141400,0.0,0.0
2016-04-18 00:00:00-04:00,13.752638967876457,13.909912109375,13.66526564846968,13.909912109375,705300,0.0,0.0
2016-04-19 00:00:00-04:00,13.927383207612309,14.137080958696515,13.927383207612309,13.97980785369873,1480600,0.0,0.0
2016-04-20 00:00:00-04:00,13.95359883810799,14.075922482144255,13.87496226931765,13.962335586547852,1487500,0.0,0.0
2016-04-21 00:00:00-04:00,13.988546182440409,13.988546182440409,13.62157613997485,13.647788047790527,917900,0.0,0.0
2016-04-22 00:00:00-04:00,13.66526551602115,13.77885158008455,13.630316021944846,13.743901252746582,506400,0.0,0.0
2016-04-25 00:00:00-04:00,13.708954573434081,13.76137924194336,13.65653073818664,13.76137924194336,479200,0.0,0.0
2016-04-26 00:00:00-04:00,13.743899872674511,13.840011596679688,13.72642554402185,13.840011596679688,578700,0.0,0.0
2016-04-27 00:00:00-04:00,13.805062277027965,13.866223677961868,13.752637623897765,13.813799858093262,611100,0.0,0.0
2016-04-28 00:00:00-04:00,13.778851541687166,13.953599011581714,13.752638796256734,13.936123847961426,1200700,0.0,0.0
2016-04-29 00:00:00-04:00,13.918647232440176,13.927383979554257,13.665263234378234,13.822535514831543,1042700,0.0,0.0
2016-05-02 00:00:00-04:00,13.831272953730954,14.032232300745218,13.813798626420004,14.023494720458984,1192000,0.0,0.0
2016-05-03 00:00:00-04:00,13.89243659945903,14.01476107675695,13.761376206982902,13.962335586547852,905300,0.0,0.0
2016-05-04 00:00:00-04:00,13.909911915521493,14.145821624481584,13.866224839796105,14.119608879089355,1520400,0.0,0.0
2016-05-05 00:00:00-04:00,14.154558842154493,14.198245083494394,14.032234366660864,14.180769920349121,1697700,0.0,0.0
2016-05-06 00:00:00-04:00,14.110867208750738,14.958394065776977,14.110867208750738,14.94965648651123,3950500,0.0,0.0
2016-05-09 00:00:00-04:00,15.05450141070717,15.482632718979227,15.010815188718762,15.281673431396484,2937500,0.0,0.0
2016-05-10 00:00:00-04:00,15.325366069171679,15.543800579850707,15.16809295483909,15.299153327941895,4536000,0.0,0.0
2016-05-11 00:00:00-04:00,15.290419029489298,15.44769217757922,15.176833792826253,15.211782455444336,2357100,0.0,0.0
2016-05-12 00:00:00-04:00,15.281680863239837,15.53506574026279,15.150620467014296,15.491377830505371,2209700,0.0,0.0
2016-05-13 00:00:00-04:00,15.395264902671947,15.526325274555207,15.342839420700205,15.500112533569336,1253500,0.0,0.0
2016-05-16 00:00:00-04:00,15.473900559290717,15.893296103229801,15.473900559290717,15.718547821044922,3020100,0.0,0.0
2016-05-17 00:00:00-04:00,15.666126136488328,15.805924114665352,15.404003677513893,15.491377830505371,1665600,0.0,0.0
2016-05-18 00:00:00-04:00,15.473902216149783,15.517590124635426,15.141882444275444,15.246731758117676,2766700,0.0,0.0
2016-05-19 00:00:00-04:00,15.133137943504337,15.334097231087082,14.958391389028165,15.281673431396484,1503300,0.0,0.0
2016-05-20 00:00:00-04:00,15.272938520443022,15.526323318481445,15.272938520443022,15.526323318481445,1087500,0.0,0.0
2016-05-23 00:00:00-04:00,15.578752389428956,15.613702718145582,15.395268163236862,15.412741661071777,1377300,0.0,0.0
2016-05-24 00:00:00-04:00,15.5001095686252,15.762231928774597,15.430210605889908,15.701068878173828,2234600,0.0,0.0
2016-05-25 00:00:00-04:00,15.762238281405235,16.024359080674046,15.709812788332753,15.980672836303711,2202600,0.0,0.0
2016-05-26 00:00:00-04:00,15.919506748284439,16.24279056162299,15.919506748284439,16.190366744995117,2225000,0.0,0.0
2016-05-27 00:00:00-04:00,16.146678521091072,16.435012006591876,16.146678521091072,16.234052658081055,2793200,0.0,0.0
2016-05-31 00:00:00-04:00,16.251532816158853,16.286481481787796,15.998147907623904,16.02436065673828,1816700,0.0,0.0
2016-06-01 00:00:00-04:00,16.015613166076687,16.164148652790256,15.945714211536334,16.111724853515625,2062000,0.0,0.0
2016-06-02 00:00:00-04:00,16.094253571336356,16.155414962962357,15.97193078808436,16.076778411865234,1311900,0.0,0.0
2016-06-03 00:00:00-04:00,16.10299282088118,16.25152835874234,15.91950696045358,15.95445728302002,1063300,0.0,0.0
2016-06-06 00:00:00-04:00,15.91077130065586,15.954459209138177,15.561276365413853,15.596226692199707,2726700,0.0,0.0
2016-06-07 00:00:00-04:00,15.587489110503244,15.683600842641034,15.526327705151305,15.596226692199707,2060800,0.0,0.0
2016-06-08 00:00:00-04:00,15.5525399143239,15.76223855723665,15.526328833852375,15.7360258102417,1070700,0.0,0.0
2016-06-09 00:00:00-04:00,15.74476207474851,15.849609720905788,15.648650343668265,15.797185897827148,1341500,0.0,0.0
2016-06-10 00:00:00-04:00,15.64864591829754,15.797181430451209,15.622433180909427,15.762232780456543,1502800,0.0,0.0
2016-06-13 00:00:00-04:00,15.82356421006845,15.82356421006845,15.639570074106539,15.674615859985352,2078500,0.05,0.0
2016-06-14 00:00:00-04:00,15.648337821628411,15.683383620683298,15.35920287701531,15.367964744567871,2054700,0.0,0.0
2016-06-15 00:00:00-04:00,15.394245280440957,15.762235280701319,15.367961354736282,15.70090389251709,2968500,0.0,0.0
2016-06-16 00:00:00-04:00,15.665855419701499,15.814803783323514,15.560716381353538,15.788519859313965,1568900,0.0,0.0
2016-06-17 00:00:00-04:00,15.727197464449173,16.138995330471722,15.692149984197464,16.08642578125,5617500,0.0,0.0
2016-06-20 00:00:00-04:00,16.14775096094757,16.384316347768817,16.1214653609157,16.331745147705078,2945800,0.0,0.0
2016-06-21 00:00:00-04:00,16.340508693514156,16.48945710002346,16.261653556470677,16.471933364868164,2103700,0.0,0.0
2016-06-22 00:00:00-04:00,16.428124287342637,16.524503151264717,16.349269157070975,16.480693817138672,2647900,0.0,0.0
2016-06-23 00:00:00-04:00,16.59459908352388,16.717261896493515,16.559551610586563,16.63840675354004,3341400,0.0,0.0
2016-06-24 00:00:00-04:00,16.27041520839436,16.796115557997943,16.182798204934542,16.752307891845703,6792200,0.0,0.0
2016-06-27 00:00:00-04:00,16.647170762853847,16.945067636513162,16.585839348480878,16.787357330322266,5879500,0.0,0.0
2016-06-28 00:00:00-04:00,16.936299933516555,17.5759011361778,16.892492272955423,17.505807876586914,5535800,0.0,0.0
2016-06-29 00:00:00-04:00,17.610948355215623,17.93512904960579,17.549616962825866,17.751134872436523,4640100,0.0,0.0
2016-06-30 00:00:00-04:00,17.759897341850152,17.943891525268555,17.628472686386267,17.943891525268555,2473000,0.0,0.0
2016-07-01 00:00:00-04:00,18.022746932622706,18.101602061356477,17.865036675155167,18.09284019470215,2202200,0.0,0.0
2016-07-05 00:00:00-04:00,18.049031409363064,18.2855967808425,17.961414419427523,18.25054931640625,1593500,0.0,0.0
2016-07-06 00:00:00-04:00,18.197980880737305,18.425784399750246,18.110363885554605,18.197980880737305,3680000,0.0,0.0
2016-07-07 00:00:00-04:00,18.18921844715216,18.18921844715216,17.856274210066697,17.900083541870117,3393200,0.0,0.0
2016-07-08 00:00:00-04:00,17.978939018534735,18.355690923614823,17.943891552408605,18.338167190551758,2191600,0.0,0.0
2016-07-11 00:00:00-04:00,18.408262140188285,18.50464100972055,18.241790003129456,18.478355407714844,2140100,0.0,0.0
2016-07-12 00:00:00-04:00,18.530920218200436,18.618537198069387,18.34692606451504,18.39073371887207,2514100,0.0,0.0
2016-07-13 00:00:00-04:00,18.399498090144107,18.425783689031583,18.162932713622165,18.329404830932617,2795900,0.0,0.0
2016-07-14 00:00:00-04:00,18.346925757754246,18.41701900624647,18.206739260769798,18.241785049438477,1282200,0.0,0.0
2016-07-15 00:00:00-04:00,18.20674644261264,18.276839718753894,18.066559890330133,18.268077850341797,5969500,0.0,0.0
2016-07-18 00:00:00-04:00,18.338164199412656,18.504636294048176,18.22426162423655,18.39073371887207,2791400,0.0,0.0
2016-07-19 00:00:00-04:00,18.3118830981481,18.53092476599953,18.276837300292634,18.51340103149414,2910700,0.0,0.0
2016-07-20 00:00:00-04:00,18.54844655068266,18.618539810180664,18.478353291184654,18.618539810180664,2082900,0.0,0.0
2016-07-21 00:00:00-04:00,18.627299894945995,18.644823625933263,18.346926883769626,18.44330406188965,5320000,0.0,0.0
2016-07-22 00:00:00-04:00,18.460822978163943,18.69738827132922,18.399491606859137,18.636056900024414,2225700,0.0,0.0
2016-07-25 00:00:00-04:00,18.671107396341586,18.78500997565877,18.609776009550004,18.723678588867188,1210500,0.0,0.0
2016-07-26 00:00:00-04:00,18.671108908926616,18.72368010571112,18.513398660883286,18.644824981689453,952300,0.0,0.0
2016-07-27 00:00:00-04:00,18.67110844835895,18.706155912017422,18.311880301634847,18.530921936035156,2584500,0.0,0.0
2016-07-28 00:00:00-04:00,18.49587778963309,18.916437364033552,18.48711592293868,18.7762508392334,1026000,0.0,0.0
2016-07-29 00:00:00-04:00,18.732440765783856,19.074146868746794,18.732440765783856,19.012815475463867,970600,0.0,0.0
2016-08-01 00:00:00-04:00,19.047856789214062,19.091666110650586,18.94271776007588,19.039094924926758,713700,0.0,0.0
2016-08-02 00:00:00-04:00,18.95147621751813,19.074140635151313,18.88138298079399,18.898906707763672,1173600,0.0,0.0
2016-08-03 00:00:00-04:00,18.86386150373657,18.995286117732217,18.732435218586286,18.837575912475586,1308200,0.0,0.0
2016-08-04 00:00:00-04:00,18.855105262385678,18.986529915570834,18.75872640351083,18.90767478942871,1083600,0.0,0.0
2016-08-05 00:00:00-04:00,19.398324335713408,19.669937133789062,19.117951343904213,19.669937133789062,2022300,0.0,0.0
2016-08-08 00:00:00-04:00,19.82764851680901,20.14306901316778,19.71374759932117,20.01164436340332,3107200,0.0,0.0
2016-08-09 00:00:00-04:00,19.915264892810043,20.00288188033576,19.74003258891365,19.81888771057129,2593000,0.0,0.0
2016-08-10 00:00:00-04:00,19.845171637020478,19.897741161073892,19.731270723045572,19.81888771057129,1505000,0.0,0.0
2016-08-11 00:00:00-04:00,19.880215389343125,19.888977253575575,19.41584661195164,19.538509368896484,1514100,0.0,0.0
2016-08-12 00:00:00-04:00,19.56479944572217,19.801364820753424,19.477182454471137,19.512229919433594,1258600,0.0,0.0
2016-08-15 00:00:00-04:00,19.512231117608238,19.687463439715568,19.512231117608238,19.64365577697754,1553600,0.0,0.0
2016-08-16 00:00:00-04:00,19.66117611710343,19.66993798236982,19.433372633642076,19.617366790771484,811800,0.0,0.0
2016-08-17 00:00:00-04:00,19.669943603339572,19.740036874345925,19.529757061326862,19.68746566772461,1757500,0.0,0.0
2016-08-18 00:00:00-04:00,19.722506982222615,19.7663146362433,19.468417909668965,19.7137451171875,2143600,0.0,0.0
2016-08-19 00:00:00-04:00,19.62613144087298,19.643655173892277,19.40708979159727,19.450899124145508,758800,0.0,0.0
2016-08-22 00:00:00-04:00,19.415847891263656,19.520988597826058,19.223091878913227,19.24061393737793,1707800,0.0,0.0
2016-08-23 00:00:00-04:00,19.345758115467053,19.37204371461322,19.240617390037524,19.301950454711914,1707500,0.0,0.0
2016-08-24 00:00:00-04:00,19.275670822860867,19.30195643014444,18.977773958269655,19.16176986694336,1109500,0.0,0.0
2016-08-25 00:00:00-04:00,19.161763934909303,19.49470650165172,19.12671646938108,19.301950454711914,791400,0.0,0.0
2016-08-26 00:00:00-04:00,19.37204163290462,19.424611154392725,19.126714414035202,19.336994171142578,1702400,0.0,0.0
2016-08-29 00:00:00-04:00,19.345762743948423,19.538518837005203,19.319477138513413,19.354524612426758,826100,0.0,0.0
2016-08-30 00:00:00-04:00,19.424609011419793,19.424609011419793,19.012811408076125,19.117950439453125,1542900,0.0,0.0
2016-08-31 00:00:00-04:00,19.14424612875431,19.266908953766343,18.977773958269655,19.16176986694336,1935800,0.0,0.0
2016-09-01 00:00:00-04:00,19.196808355192378,19.28442534158625,19.065383711179077,19.205570220947266,1058800,0.0,0.0
2016-09-02 00:00:00-04:00,19.30194481457286,19.740027978734396,19.30194481457286,19.556032180786133,1850700,0.0,0.0
2016-09-06 00:00:00-04:00,19.59109066018721,19.888987513139135,19.450904102463433,19.871463775634766,2019500,0.0,0.0
2016-09-07 00:00:00-04:00,19.915264198516137,19.9503116607666,19.757553960699013,19.9503116607666,934100,0.0,0.0
2016-09-08 00:00:00-04:00,19.389564287767246,19.485943139416122,19.23185571846228,19.275663375854492,15907300,0.0,0.0
2016-09-09 00:00:00-04:00,19.082903084114193,19.12671073172786,18.723675025987262,18.837575912475586,6505300,0.0,0.0
2016-09-12 00:00:00-04:00,18.84634256517774,19.328233495997516,18.84634256517774,19.214332580566406,7769700,0.0,0.0
2016-09-13 00:00:00-04:00,19.10017346331174,19.31093379708241,18.590835571289062,18.590835571289062,3650300,0.05,0.0
2016-09-14 00:00:00-04:00,18.599607894443544,18.72255094049657,18.248340852168198,18.415191650390625,3356000,0.0,0.0
2016-09-15 00:00:00-04:00,18.459113989303496,18.564493338210095,18.248353616515747,18.529367446899414,2695400,0.0,0.0
2016-09-16 00:00:00-04:00,18.441551576988992,18.564494718177023,18.37129811417088,18.503023147583008,4042500,0.0,0.0
2016-09-19 00:00:00-04:00,18.511795677818053,18.86306281426194,18.397634486588974,18.84549903869629,1151500,0.0,0.0
2016-09-20 00:00:00-04:00,18.994791789711584,19.07382712146278,18.827940911547223,18.91575813293457,2658600,0.0,0.0
2016-09-21 00:00:00-04:00,18.994791789711584,19.065045231826627,18.52936336381475,18.91575813293457,3545700,0.0,0.0
2016-09-22 00:00:00-04:00,19.056265638659386,19.2143346323428,18.994792409201448,19.073827743530273,2339200,0.0,0.0
2016-09-23 00:00:00-04:00,19.082607660246687,19.17042487541748,18.85428357079225,19.144079208374023,4813900,0.0,0.0
2016-09-26 00:00:00-04:00,19.135300126517787,19.179207899214056,18.959665685784387,19.021137237548828,2774900,0.0,0.0
2016-09-27 00:00:00-04:00,19.100178476480195,19.161650047259126,18.942107765920273,18.98601722717285,3090900,0.0,0.0
2016-09-28 00:00:00-04:00,18.959661993909446,19.082605073498534,18.766465486701765,18.880626678466797,1491200,0.0,0.0
2016-09-29 00:00:00-04:00,18.88062951510695,19.170425156944514,18.643523533156014,18.968446731567383,2879900,0.0,0.0
2016-09-30 00:00:00-04:00,19.073823987211476,19.223112736546266,18.652303403786384,19.003570556640625,4197600,0.0,0.0
2016-10-03 00:00:00-04:00,18.898191171250968,18.898191171250968,18.362507718472756,18.696212768554688,3321200,0.0,0.0
2016-10-04 00:00:00-04:00,18.634740320891595,18.634740320891595,18.01124131074355,18.05514907836914,3305300,0.0,0.0
2016-10-05 00:00:00-04:00,18.03758830100556,18.23078483771031,17.642411663457107,17.721446990966797,2280400,0.0,0.0
2016-10-06 00:00:00-04:00,17.659971090653237,18.055145955862848,17.466772926575324,17.870731353759766,2496300,0.0,0.0
2016-10-07 00:00:00-04:00,17.905859391152486,18.204436885387228,17.774134420160422,17.967330932617188,1363300,0.0,0.0
2016-10-10 00:00:00-04:00,18.055148742490115,18.125402174368524,17.870734111924524,17.923423767089844,1263100,0.0,0.0
2016-10-11 00:00:00-04:00,18.063932075244985,18.151749290858373,17.791700214320144,17.826826095581055,1126700,0.0,0.0
2016-10-12 00:00:00-04:00,17.84438784968778,18.011240372930462,17.800480084348386,17.967330932617188,1305800,0.0,0.0
2016-10-13 00:00:00-04:00,17.879515375182578,18.178092868970513,17.765352505512784,18.14296531677246,1120500,0.0,0.0
2016-10-14 00:00:00-04:00,18.204433665711118,18.283468969322772,17.835602807181253,17.853166580200195,1271300,0.0,0.0
2016-10-17 00:00:00-04:00,17.888301700055713,18.160533597216606,17.861956029372674,18.02880859375,1395200,0.0,0.0
2016-10-18 00:00:00-04:00,18.169308660187667,18.309815501085435,18.107837126666603,18.257125854492188,1209400,0.0,0.0
2016-10-19 00:00:00-04:00,18.309825182540354,18.529367446899414,18.213226050230514,18.529367446899414,1573200,0.0,0.0
2016-10-20 00:00:00-04:00,18.511792502668296,18.65229933314607,18.45910285998252,18.625953674316406,2134100,0.0,0.0
2016-10-21 00:00:00-04:00,18.485449674188015,18.84549869178692,18.441541911055975,18.713773727416992,1884100,0.0,0.0
2016-10-24 00:00:00-04:00,18.810373362116195,18.977225881812526,18.643520842419864,18.74011993408203,1854300,0.0,0.0
2016-10-25 00:00:00-04:00,18.678648934419776,18.775246353903295,18.511796409895307,18.76646614074707,1248800,0.0,0.0
2016-10-26 00:00:00-04:00,18.6522975320415,18.687425073755726,18.213213310453973,18.415191650390625,1299800,0.0,0.0
2016-10-27 00:00:00-04:00,18.43276199716868,18.43276199716868,17.993677618937006,18.09027671813965,1138800,0.0,0.0
2016-10-28 00:00:00-04:00,18.151753085896065,18.37129533334281,18.05515396102768,18.107845306396484,1474200,0.0,0.0
2016-10-31 00:00:00-04:00,18.230783755333274,18.555705260271946,18.090276886985635,18.538143157958984,1750200,0.0,0.0
2016-11-01 00:00:00-04:00,18.292255633345054,18.546925383712793,17.853171243034346,17.905860900878906,1274300,0.0,0.0
2016-11-02 00:00:00-04:00,17.94977209138535,17.993679864698983,17.695102316238547,17.739011764526367,1606600,0.0,0.0
2016-11-03 00:00:00-04:00,17.782917501365873,18.072713126981764,17.73022784442862,17.8795166015625,2225900,0.0,0.0
2016-11-04 00:00:00-04:00,18.221997047873103,18.696208859371325,17.879511856217867,18.661081314086914,2876400,0.0,0.0
2016-11-07 00:00:00-05:00,18.78402623209086,19.012350274120966,18.77524434490043,18.906970977783203,1617100,0.0,0.0
2016-11-08 00:00:00-05:00,18.898189611518916,18.915753386383926,18.564484588978797,18.652301788330078,1269100,0.0,0.0
2016-11-09 00:00:00-05:00,18.362510821077247,18.45032804251434,18.063933273175653,18.222003936767578,2300800,0.0,0.0
2016-11-10 00:00:00-05:00,18.222006078778612,18.292259529191796,17.84439315469236,18.011245727539062,2915200,0.0,0.0
2016-11-11 00:00:00-05:00,18.125401655914796,18.309817956179337,17.897077590097403,18.002458572387695,2659800,0.0,0.0
2016-11-14 00:00:00-05:00,18.055152589458746,18.301040490910893,17.844392248917316,18.02880859375,2672100,0.0,0.0
2016-11-15 00:00:00-05:00,18.01124145735587,18.34494484895905,17.94976991219007,18.020023345947266,2198200,0.0,0.0
2016-11-16 00:00:00-05:00,18.011241663368317,18.318601067686863,17.97611410860094,18.292255401611328,1379700,0.0,0.0
2016-11-17 00:00:00-05:00,18.309818907255483,18.406416331484145,18.055149163893606,18.09027671813965,656600,0.0,0.0
2016-11-18 00:00:00-05:00,18.239569694870937,18.687436065312603,18.2132240230893,18.564491271972656,2716800,0.0,0.0
2016-11-21 00:00:00-05:00,18.634741943152417,18.775248821755,18.336164407378394,18.406417846679688,2552500,0.0,0.0
2016-11-22 00:00:00-05:00,18.467891611509252,18.696215714656166,18.362510611989844,18.432764053344727,3433800,0.0,0.0
2016-11-23 00:00:00-05:00,18.3361634570891,18.61717887470449,18.25712980757349,18.5996150970459,2839600,0.0,0.0
2016-11-25 00:00:00-05:00,18.564482239528342,18.819151917919655,18.423975408337807,18.661081314086914,1139400,0.0,0.0
2016-11-28 00:00:00-05:00,18.56448133863713,18.898186302750887,18.56448133863713,18.67864418029785,4152800,0.0,0.0
2016-11-29 00:00:00-05:00,18.59083281484585,18.722557794550013,18.441544057854735,18.538143157958984,3214100,0.0,0.0
2016-11-30 00:00:00-05:00,18.467897253661288,18.63474818099514,18.336170545274484,18.503023147583008,2905200,0.0,0.0
2016-12-01 00:00:00-05:00,18.4678880349417,18.48545013564865,17.870733061585604,17.976112365722656,2062900,0.0,0.0
2016-12-02 00:00:00-05:00,18.037588679118596,18.327384327737608,17.949771460603174,18.265911102294922,1627500,0.0,0.0
2016-12-05 00:00:00-05:00,18.423974105753,18.625952451937724,18.353720695124686,18.617172241210938,2098600,0.0,0.0
2016-12-06 00:00:00-05:00,18.69621380359358,18.871846551541132,18.441544057854735,18.538143157958984,1551800,0.0,0.0
2016-12-07 00:00:00-05:00,18.546928326777714,18.704997325394103,18.43276542919587,18.51180076599121,4096200,0.0,0.0
2016-12-08 00:00:00-05:00,18.318598685573427,18.590830499724124,18.178091834723148,18.476669311523438,2454100,0.0,0.0
2016-12-09 00:00:00-05:00,18.39763142434805,18.687426973050222,18.39763142434805,18.661081314086914,2198700,0.0,0.0
2016-12-12 00:00:00-05:00,18.55570589016513,18.652304993548537,18.16931282657959,18.213220596313477,2343700,0.0,0.0
2016-12-13 00:00:00-05:00,17.913917582948798,18.081173300099728,17.71145110793638,18.02835464477539,4402300,0.05,0.0
2016-12-14 00:00:00-05:00,18.10758170330092,18.10758170330092,17.385743507335974,17.438560485839844,5878900,0.0,0.0
2016-12-15 00:00:00-05:00,17.385752424405368,17.597022125801537,17.280116734196113,17.376949310302734,5513100,0.0,0.0
2016-12-16 00:00:00-05:00,17.5177946716676,17.658641130370718,17.394554440057924,17.553007125854492,2952600,0.0,0.0
2016-12-19 00:00:00-05:00,17.614621002918682,17.861103057861328,17.54419779850959,17.861103057861328,2228800,0.0,0.0
2016-12-20 00:00:00-05:00,17.781877883926168,18.151600150551065,17.755468550945196,18.054767608642578,2600200,0.0,0.0
2016-12-21 00:00:00-05:00,18.019557530530747,18.178010191177005,17.78188021858332,17.81709098815918,2101500,0.0,0.0
2016-12-22 00:00:00-05:00,17.746660448555403,18.001945558505174,17.685040367952706,17.931522369384766,2267400,0.0,0.0
2016-12-23 00:00:00-05:00,18.010754052358383,18.133995940924205,17.878710730843935,18.098783493041992,1077500,0.0,0.0
2016-12-27 00:00:00-05:00,18.089977186319476,18.266036036594098,17.975540108956118,18.160400390625,1354800,0.0,0.0
2016-12-28 00:00:00-05:00,18.11638571748753,18.266035229905448,18.06356873634637,18.12518882751465,965600,0.0,0.0
2016-12-29 00:00:00-05:00,18.089979928924954,18.450899115587088,17.94913349896031,18.336462020874023,1454100,0.0,0.0
2016-12-30 00:00:00-05:00,18.301249878393513,18.48611017420512,18.213220446521518,18.468503952026367,1442700,0.0,0.0
2017-01-03 00:00:00-05:00,18.503719617023865,18.54773350110976,18.169208053491673,18.292449951171875,1365500,0.0,0.0
2017-01-04 00:00:00-05:00,18.38047683217687,18.591748166853524,18.274842843860515,18.44209861755371,2276800,0.0,0.0
2017-01-05 00:00:00-05:00,18.424495472452577,18.78541473772763,18.336466014795242,18.679779052734375,1229400,0.0,0.0
2017-01-06 00:00:00-05:00,18.59174607385215,18.741395606304877,18.538927406618164,18.582942962646484,1514400,0.0,0.0
2017-01-09 00:00:00-05:00,18.6621665173509,18.6621665173509,18.00194838601568,18.01074981689453,1522600,0.0,0.0
2017-01-10 00:00:00-05:00,18.05476847831786,18.072374701153244,17.83469572994103,17.905118942260742,1605100,0.0,0.0
2017-01-11 00:00:00-05:00,17.905125757921162,17.993155226585042,17.693856040541327,17.984352111816406,1641800,0.0,0.0
2017-01-12 00:00:00-05:00,17.96674168586425,18.327660911967584,17.861107691358043,18.266040802001953,1923500,0.0,0.0
2017-01-13 00:00:00-05:00,18.283642944994536,18.40688313740832,18.08117643487998,18.362869262695312,1143100,0.0,0.0
2017-01-17 00:00:00-05:00,18.380480426116357,18.521328569781517,18.292452644981296,18.32766342163086,1107700,0.0,0.0
2017-01-18 00:00:00-05:00,18.380477528432355,18.530127083400913,18.31005430721315,18.43329620361328,1696000,0.0,0.0
2017-01-19 00:00:00-05:00,18.336463644803615,18.521325649892795,18.222026539955674,18.43329620361328,3156600,0.0,0.0
2017-01-20 00:00:00-05:00,18.38047881364872,18.688581057659395,18.327661813796706,18.60055160522461,1843000,0.0,0.0
2017-01-23 00:00:00-05:00,18.591744373836246,18.76780154478564,18.486108728049302,18.670969009399414,1806200,0.0,0.0
2017-01-24 00:00:00-05:00,18.635759950858688,18.767803260900088,18.442096541399422,18.582942962646484,3108700,0.0,0.0
2017-01-25 00:00:00-05:00,18.5917444453895,18.838224821471602,18.57413822452031,18.811817169189453,2186300,0.0,0.0
2017-01-26 00:00:00-05:00,18.741396472672925,18.970270658513353,18.741396472672925,18.87343978881836,938700,0.0,0.0
2017-01-27 00:00:00-05:00,18.926255152774544,18.996678360600743,18.820619501524387,18.891042709350586,1468500,0.0,0.0
2017-01-30 00:00:00-05:00,18.908648171792038,19.295976638793945,18.76780176179528,19.295976638793945,2784500,0.0,0.0
2017-01-31 00:00:00-05:00,19.322392310368016,19.79774868032567,19.322392310368016,19.61288833618164,4190600,0.0,0.0
2017-02-01 00:00:00-05:00,19.63048734046941,19.850560076030828,19.480837813126783,19.58647346496582,4015000,0.0,0.0
2017-02-02 00:00:00-05:00,19.595276332392363,19.841758397606338,19.533656235844298,19.79774284362793,2839400,0.0,0.0
2017-02-03 00:00:00-05:00,19.964996411326286,20.053025830652118,19.87696699200045,19.894573211669922,1469200,0.0,0.0
2017-02-06 00:00:00-05:00,19.868169410798725,20.114651517694305,19.76253542143061,20.035425186157227,1611300,0.0,0.0
2017-02-07 00:00:00-05:00,20.00901673919322,20.14986318396276,19.824156410066475,19.88577651977539,1417700,0.0,0.0
2017-02-08 00:00:00-05:00,19.903379356134668,20.026619554568118,19.806546812210225,19.97380256652832,994400,0.0,0.0
2017-02-09 00:00:00-05:00,19.92978753490299,20.15866339445846,19.850561211248333,20.105846405029297,1831100,0.0,0.0
2017-02-10 00:00:00-05:00,20.070635262590198,20.25549725612817,20.035424493691778,20.15866470336914,1192100,0.0,0.0
2017-02-13 00:00:00-05:00,20.220285225119866,20.361131661661446,20.070635676416693,20.13225746154785,2149700,0.0,0.0
2017-02-14 00:00:00-05:00,20.070634567902122,20.24669344336623,19.991408241845463,20.16746711730957,1644600,0.0,0.0
2017-02-15 00:00:00-05:00,20.14105379219363,20.246689432349278,19.93858730083531,20.193872451782227,2282500,0.0,0.0
2017-02-16 00:00:00-05:00,20.16746260684616,20.36992909303284,20.14985638743302,20.176265716552734,1286600,0.0,0.0
2017-02-17 00:00:00-05:00,20.149863401024398,20.29951296008187,19.99141072919624,20.229089736938477,1174600,0.0,0.0
2017-02-21 00:00:00-05:00,20.26429742715643,20.510777810739523,20.158661777748183,20.44915771484375,1104500,0.0,0.0
2017-02-22 00:00:00-05:00,20.50198132301042,20.537192095289615,20.30831619889753,20.413951873779297,1651100,0.0,0.0
2017-02-23 00:00:00-05:00,20.519583357482183,20.625219019431263,20.334723047848648,20.58120346069336,1217900,0.0,0.0
2017-02-24 00:00:00-05:00,20.3787327507915,20.99493701465139,20.3787327507915,20.818878173828125,2075200,0.0,0.0
2017-02-27 00:00:00-05:00,20.625219078275848,21.1093784726209,20.519583416025384,20.836488723754883,2133400,0.0,0.0
2017-02-28 00:00:00-05:00,20.845296056925775,21.038959518078368,20.766069713949207,20.924522399902344,3223100,0.0,0.0
2017-03-01 00:00:00-05:00,20.880498490274544,20.959724801599855,20.273099008809258,20.607608795166016,3432300,0.0,0.0
2017-03-02 00:00:00-05:00,20.60760992699912,20.76606255835244,20.378734090491175,20.68683624267578,2661900,0.0,0.0
2017-03-03 00:00:00-05:00,20.783669376817492,20.862895694771492,20.537187312180414,20.63401985168457,2754000,0.0,0.0
2017-03-06 00:00:00-05:00,20.660427334638552,20.669230445341046,20.387537618947974,20.44915771484375,1506500,0.0,0.0
2017-03-07 00:00:00-05:00,20.369937399628693,20.475573080162928,20.09704760353002,20.23789405822754,3330500,0.0,0.0
2017-03-08 00:00:00-05:00,20.176271718679207,20.19387794332993,19.876972615704904,19.965002059936523,2068900,0.0,0.0
2017-03-09 00:00:00-05:00,19.98260443120088,20.03542141594598,19.410413993545877,19.524852752685547,2001500,0.0,0.0
2017-03-10 00:00:00-05:00,19.66570463648583,19.780141748444887,19.472041185854298,19.62169075012207,1734700,0.0,0.0
2017-03-13 00:00:00-04:00,19.656973716972296,19.859895387408557,19.61285921287989,19.709909439086914,1827300,0.05,0.0
2017-03-14 00:00:00-04:00,19.6569736485547,19.842249516709135,19.515810601542867,19.674617767333984,1751800,0.0,0.0
2017-03-15 00:00:00-04:00,19.6746218700452,19.983416730824583,19.612863234448646,19.824607849121094,2511900,0.0,0.0
2017-03-16 00:00:00-04:00,19.824608416562867,20.168694897701453,19.806964293599258,20.12458038330078,3104200,0.0,0.0
2017-03-17 00:00:00-04:00,20.23927139849405,20.477482985757835,20.142221173774136,20.4598388671875,4231800,0.0,0.0
2017-03-20 00:00:00-04:00,20.45101981696688,20.548070059959155,20.31867964739341,20.35396957397461,1554200,0.0,0.0
2017-03-21 00:00:00-04:00,20.389255612699856,20.451014229440986,20.142219462939238,20.212800979614258,1411900,0.0,0.0
2017-03-22 00:00:00-04:00,20.28338972811733,20.601007507796226,20.195162380118006,20.495134353637695,1574100,0.0,0.0
2017-03-23 00:00:00-04:00,20.212801877393737,20.883327156986777,20.195156076742197,20.733341217041016,9115900,0.0,0.0
2017-03-24 00:00:00-04:00,20.883332963374496,20.962737405587816,20.627473831176758,20.627473831176758,2522700,0.0,0.0
2017-03-27 00:00:00-04:00,20.556895512266305,20.662768679402788,20.318683831103797,20.433378219604492,2439600,0.0,0.0
2017-03-28 00:00:00-04:00,20.433376470714244,20.5039580151652,20.124581582692528,20.256921768188477,2356200,0.0,0.0
2017-03-29 00:00:00-04:00,20.26574150918251,20.301033117299212,20.053996908871795,20.230451583862305,2674000,0.0,0.0
2017-03-30 00:00:00-04:00,20.212806110623468,20.371614984154828,20.177516184725683,20.274564743041992,1297800,0.0,0.0
2017-03-31 00:00:00-04:00,20.256921768188477,20.362794926263287,20.195163127143484,20.256921768188477,2010900,0.0,0.0
2017-04-03 00:00:00-04:00,20.26574009273021,20.309854599792747,20.089287112869183,20.239273071289062,2104700,0.0,0.0
2017-04-04 00:00:00-04:00,20.24809910846455,20.750992787284503,20.168694666251227,20.627473831176758,2243500,0.0,0.0
2017-04-05 00:00:00-04:00,20.68041032291602,20.715700249656575,20.548070152744963,20.645118713378906,1759100,0.0,0.0
2017-04-06 00:00:00-04:00,20.68923785320486,20.900982509402304,20.64512333141564,20.839223861694336,2085100,0.0,0.0
2017-04-07 00:00:00-04:00,20.883333102429567,20.9980274737255,20.803928659687518,20.953914642333984,2675500,0.0,0.0
2017-04-10 00:00:00-04:00,20.953913565642424,20.953913565642424,20.574537177101234,20.645118713378906,1401500,0.0,0.0
2017-04-11 00:00:00-04:00,20.63629099625371,20.79509983652524,20.565709476443715,20.733341217041016,1072200,0.0,0.0
2017-04-12 00:00:00-04:00,20.706880793190432,20.759818216305643,20.548073572235328,20.565717697143555,1609500,0.0,0.0
2017-04-13 00:00:00-04:00,20.5039572567173,20.556892992398215,20.371617076116657,20.495134353637695,1865700,0.0,0.0
2017-04-17 00:00:00-04:00,20.548070927637603,20.80392837524414,20.5304251222036,20.80392837524414,676800,0.0,0.0
2017-04-18 00:00:00-04:00,20.865683989378024,21.02449284968966,20.786279559222205,20.96273422241211,994200,0.0,0.0
2017-04-19 00:00:00-04:00,20.953913426740076,20.998026255572487,20.803927452794703,20.82157325744629,895300,0.0,0.0
2017-04-20 00:00:00-04:00,20.839223861694336,20.95391825275243,20.698059074765766,20.839223861694336,1685400,0.0,0.0
2017-04-21 00:00:00-04:00,20.75099650091283,20.874513796328774,20.671592044489174,20.839223861694336,1141500,0.0,0.0
2017-04-24 00:00:00-04:00,20.865687157816726,20.945091600030047,20.239276205685666,20.627473831176758,1570900,0.0,0.0
2017-04-25 00:00:00-04:00,20.645120514449594,20.856865141755108,20.574538972014427,20.715702056884766,1265000,0.0,0.0
2017-04-26 00:00:00-04:00,20.72452644267495,20.72452644267495,20.336327090111308,20.345149993896484,1728900,0.0,0.0
2017-04-27 00:00:00-04:00,20.29220785538226,20.733342808760135,20.29220785538226,20.583356857299805,1249900,0.0,0.0
2017-04-28 00:00:00-04:00,20.583360920233023,20.583360920233023,20.230453224429812,20.33632469177246,1181200,0.0,0.0
2017-05-01 00:00:00-04:00,20.42455422318275,20.609831835064128,20.353972676465276,20.486312866210938,1260200,0.0,0.0
2017-05-02 00:00:00-04:00,20.503955251061804,20.53924685992806,20.124578869732222,20.203983306884766,1124800,0.0,0.0
2017-05-03 00:00:00-04:00,20.292210215270035,20.345145944648593,20.04517400684262,20.230451583862305,1064800,0.0,0.0
2017-05-04 00:00:00-04:00,20.221630903313095,20.221630903313095,19.86872319735932,20.018709182739258,1648100,0.0,0.0
2017-05-05 00:00:00-04:00,20.03635089346361,20.327501608965754,19.630507501181494,19.64815330505371,2331700,0.0,0.0
2017-05-08 00:00:00-04:00,19.66579563120474,19.745198368995094,19.577568310242356,19.692262649536133,2327600,0.0,0.0
2017-05-09 00:00:00-04:00,19.709909458305496,19.754022279644648,19.524631906529272,19.604036331176758,2024400,0.0,0.0
2017-05-10 00:00:00-04:00,19.612865669659257,19.771674571081086,19.454056768237432,19.471702575683594,1987500,0.0,0.0
2017-05-11 00:00:00-04:00,19.533457884908863,19.939302972915442,19.409940619461725,19.842252731323242,2750100,0.0,0.0
2017-05-12 00:00:00-04:00,19.877541119860222,19.91283104021505,19.6569736485547,19.674617767333984,1391300,0.0,0.0
2017-05-15 00:00:00-04:00,19.67462274171994,19.99224051919882,19.665801521498135,19.9128360748291,1330400,0.0,0.0
2017-05-16 00:00:00-04:00,19.912837938445104,19.956952457666173,19.559930198660787,19.621688842773438,1441300,0.0,0.0
2017-05-17 00:00:00-04:00,19.577574700554447,19.762850620534774,19.524637281020013,19.55992889404297,1482400,0.0,0.0
2017-05-18 00:00:00-04:00,19.595218331640535,19.612864137708392,19.42758822238595,19.551105499267578,2659300,0.0,0.0
2017-05-19 00:00:00-04:00,19.524638261401197,19.93048341756004,19.454056714607937,19.57757568359375,3074900,0.0,0.0
2017-05-22 00:00:00-04:00,19.6216863405696,19.780495223920067,19.542281898894363,19.68344497680664,2118500,0.0,0.0
2017-05-23 00:00:00-04:00,19.78049589514513,19.99224051919882,19.692268547756917,19.9128360748291,1304300,0.0,0.0
2017-05-24 00:00:00-04:00,19.877535992287644,20.11574752092384,19.84224439824031,20.045166015625,1023700,0.0,0.0
2017-05-25 00:00:00-04:00,20.133406875774217,20.133406875774217,19.718740463256836,19.718740463256836,2212300,0.0,0.0
2017-05-26 00:00:00-04:00,19.762855704685702,19.833437266092545,19.656984203974012,19.72756576538086,1239000,0.0,0.0
2017-05-30 00:00:00-04:00,19.736384196059127,19.842255672766488,19.63051103655499,19.7540283203125,1191400,0.0,0.0
2017-05-31 00:00:00-04:00,19.754026310896943,19.904012289972837,19.754026310896943,19.824607849121094,1513100,0.0,0.0
2017-06-01 00:00:00-04:00,19.798141656168564,20.053999111936296,19.780495850171707,20.018709182739258,1516000,0.0,0.0
2017-06-02 00:00:00-04:00,20.133398273090847,20.495128787124408,20.12457537240756,20.4598388671875,1810600,0.0,0.0
2017-06-05 00:00:00-04:00,20.29221360029969,20.38044095251252,20.03635444716215,20.115758895874023,2301900,0.0,0.0
2017-06-06 00:00:00-04:00,20.05400241849262,20.05400241849262,19.692271749897316,19.718740463256836,2418000,0.0,0.0
2017-06-07 00:00:00-04:00,19.74520498396334,19.88636975447339,19.683446343438362,19.78049659729004,2232500,0.0,0.0
2017-06-08 00:00:00-04:00,19.824612014509214,19.85108072795339,19.515818771645286,19.61286735534668,3621800,0.0,0.0
2017-06-09 00:00:00-04:00,19.630510156804863,19.815786074137907,19.357006890971785,19.409942626953125,2920800,0.0,0.0
2017-06-12 00:00:00-04:00,19.3128866975329,19.409936920630845,19.198192356159506,19.30406379699707,2649100,0.0,0.0
2017-06-13 00:00:00-04:00,19.32174938983894,19.684308390445974,19.277533849124413,19.640092849731445,5889200,0.05,0.0
2017-06-14 00:00:00-04:00,19.772747039794922,20.091090648687125,19.69316071590907,19.772747039794922,4258800,0.0,0.0
2017-06-15 00:00:00-04:00,19.62241534917322,19.861172607956835,19.62241534917322,19.825801849365234,3456800,0.0,0.0
2017-06-16 00:00:00-04:00,19.7639012118204,19.958444595336914,19.72852876755323,19.958444595336914,3289800,0.0,0.0
2017-06-19 00:00:00-04:00,19.923071659045718,20.064558047340295,19.9053854388462,20.038028717041016,1744300,0.0,0.0
2017-06-20 00:00:00-04:00,20.091086209151555,20.18835873610685,19.64894081266507,19.931915283203125,2242100,0.0,0.0
2017-06-21 00:00:00-04:00,19.887699731563973,20.029186123507582,19.71084258495988,19.931915283203125,2485400,0.0,0.0
2017-06-22 00:00:00-04:00,20.011501649734072,20.206046720627256,19.949601558686595,20.108774185180664,1815200,0.0,0.0
2017-06-23 00:00:00-04:00,20.14414177518725,20.259098818479746,20.020339936275438,20.07339859008789,3632800,0.0,0.0
2017-06-26 00:00:00-04:00,20.170666983341704,20.179510091244175,19.843480424202017,19.852323532104492,1412400,0.0,0.0
2017-06-27 00:00:00-04:00,19.80811346282958,19.993815406764515,19.40134050688299,19.878856658935547,1669800,0.0,0.0
2017-06-28 00:00:00-04:00,19.940755731639516,20.0026575009069,19.719683044208253,19.81695556640625,1403000,0.0,0.0
2017-06-29 00:00:00-04:00,19.763895281701235,19.9849679320857,19.569350269906604,19.710838317871094,1308700,0.0,0.0
2017-06-30 00:00:00-04:00,19.7904288583698,20.011501575086694,19.640099343536274,19.958444595336914,1817400,0.0,0.0
2017-07-03 00:00:00-04:00,20.020345931280293,20.073404600980933,19.666629899864773,19.993818283081055,878900,0.0,0.0
2017-07-05 00:00:00-04:00,20.029182963462848,20.038026072395482,19.82579651796396,19.870010375976562,1703900,0.0,0.0
2017-07-06 00:00:00-04:00,19.834638462358246,19.923067859842124,19.66662277580392,19.710838317871094,2024000,0.0,0.0
2017-07-07 00:00:00-04:00,19.701999511996053,19.958442965386112,19.65778396027305,19.878856658935547,2399700,0.0,0.0
2017-07-10 00:00:00-04:00,20.07340390611053,20.07340390611053,19.825801849365234,19.825801849365234,2347400,0.0,0.0
2017-07-11 00:00:00-04:00,19.88769947442447,20.055715195179197,19.710842330107063,19.98497200012207,1727700,0.0,0.0
2017-07-12 00:00:00-04:00,20.09108237589585,20.32984124924102,20.09108237589585,20.232568740844727,1489400,0.0,0.0
2017-07-13 00:00:00-04:00,20.223732678990505,20.223732678990505,19.87885809720222,20.16183090209961,1616300,0.0,0.0
2017-07-14 00:00:00-04:00,20.276785147383876,20.418271518356896,20.214885070914505,20.22372817993164,1513300,0.0,0.0
2017-07-17 00:00:00-04:00,20.259102871690196,20.321002960205078,20.126459583922458,20.321002960205078,2299700,0.0,0.0
2017-07-18 00:00:00-04:00,20.365218150304354,20.38290268481365,20.17951620142422,20.250259399414062,1059400,0.0,0.0
2017-07-19 00:00:00-04:00,20.276784270247717,20.294470487516918,20.170668653283023,20.259098052978516,1215400,0.0,0.0
2017-07-20 00:00:00-04:00,20.303311923319164,20.418270648996696,20.206041101573383,20.232568740844727,1028800,0.0,0.0
2017-07-21 00:00:00-04:00,20.26794470194506,20.365217227266363,20.17067217662375,20.338687896728516,473700,0.0,0.0
2017-07-24 00:00:00-04:00,20.338693937487168,20.497866594688233,20.179521280286103,20.43596649169922,1602700,0.0,0.0
2017-07-25 00:00:00-04:00,20.44479904167197,20.54206985897762,20.29446957494459,20.374055862426758,1522900,0.0,0.0
2017-07-26 00:00:00-04:00,20.374066116979094,20.5067094339938,20.267950451376556,20.489023208618164,1311500,0.0,0.0
2017-07-27 00:00:00-04:00,20.427120764576298,20.444806987924288,20.250261904398577,20.294477462768555,851300,0.0,0.0
2017-07-28 00:00:00-04:00,20.303321486264128,20.480180369076713,20.294480060109674,20.43596649169922,1120900,0.0,0.0
2017-07-31 00:00:00-04:00,20.41827164356191,20.435957861704637,20.046869495817646,20.3475284576416,1399200,0.0,0.0
2017-08-01 00:00:00-04:00,20.40059404047618,20.533237359259964,20.241421383275114,20.43596649169922,963700,0.0,0.0
2017-08-02 00:00:00-04:00,20.435961243821495,20.435961243821495,20.03802970300615,20.1264591217041,952900,0.0,0.0
2017-08-03 00:00:00-04:00,20.099931337689494,20.18836076319605,19.896544839680118,20.05571746826172,1058600,0.0,0.0
2017-08-04 00:00:00-04:00,20.091088802527842,20.32984775224597,19.76390211141875,19.89654541015625,1924500,0.0,0.0
2017-08-07 00:00:00-04:00,19.887702298686943,19.97613172672896,19.81695909358354,19.89654541015625,700800,0.0,0.0
2017-08-08 00:00:00-04:00,19.905387708612036,20.00266024415037,19.542828586434045,19.631258010864258,1343300,0.0,0.0
2017-08-09 00:00:00-04:00,19.640099742579764,19.710844632551485,19.45439946635702,19.525142669677734,1434000,0.0,0.0
2017-08-10 00:00:00-04:00,19.47208376774764,19.89654294579507,19.410183681780413,19.55167007446289,2580700,0.0,0.0
2017-08-11 00:00:00-04:00,19.038779028181008,19.560510666521427,18.87960643524317,19.5074520111084,2949200,0.0,0.0
2017-08-14 00:00:00-04:00,19.595886693581672,20.09993224918017,19.569357358731352,19.993818283081055,2137900,0.0,0.0
2017-08-15 00:00:00-04:00,19.825804026835087,19.896547238439044,19.69316071590907,19.772747039794922,11301900,0.0,0.0
2017-08-16 00:00:00-04:00,19.816957100894932,20.30331637624372,19.799270879734753,20.250259399414062,3210400,0.0,0.0
2017-08-17 00:00:00-04:00,20.250256952266295,20.444801988216668,19.949597975479968,20.4094295501709,3406600,0.0,0.0
2017-08-18 00:00:00-04:00,20.365219347121325,20.365219347121325,19.87001524543956,20.108774185180664,3186500,0.0,0.0
2017-08-21 00:00:00-04:00,20.152987479981032,20.152987479981032,19.896542346807575,20.011499404907227,2985900,0.0,0.0
2017-08-22 00:00:00-04:00,20.01149674559758,20.020339854530214,19.71968089742291,19.870010375976562,3173700,0.0,0.0
2017-08-23 00:00:00-04:00,19.843482816852323,20.14414177518725,19.843482816852323,20.07339859008789,1044100,0.0,0.0
2017-08-24 00:00:00-04:00,20.073404600980933,20.144147807264037,19.896545741947634,19.993818283081055,1677300,0.0,0.0
2017-08-25 00:00:00-04:00,20.011501933677422,20.064560601028948,19.878858638600615,20.02918815612793,1153700,0.0,0.0
2017-08-28 00:00:00-04:00,20.01150050380852,20.073402277962273,19.507455006541292,19.719684600830078,3262000,0.0,0.0
2017-08-29 00:00:00-04:00,19.746218271891024,19.78159072203778,19.357129753532966,19.436716079711914,2030000,0.0,0.0
2017-08-30 00:00:00-04:00,19.374810459877008,19.790426510809624,19.30406726638527,19.737369537353516,1461400,0.0,0.0
2017-08-31 00:00:00-04:00,19.74621575109897,19.852331401341313,19.58704311906097,19.59588623046875,2766900,0.0,0.0
2017-09-01 00:00:00-04:00,19.657786036963873,19.737372351822106,19.533985852362623,19.675472259521484,1527400,0.0,0.0
2017-09-05 00:00:00-04:00,19.72853202099412,19.852333909694465,19.259858863721835,19.463245391845703,1912200,0.0,0.0
2017-09-06 00:00:00-04:00,19.489771860624433,19.595885822003854,19.330599231904294,19.348283767700195,1223700,0.0,0.0
2017-09-07 00:00:00-04:00,19.41902697083681,19.53398573009069,19.162583491960703,19.348283767700195,2617900,0.0,0.0
2017-09-08 00:00:00-04:00,19.330597761589765,19.3394408721406,19.07415261556826,19.091838836669922,2791400,0.0,0.0
2017-09-11 00:00:00-04:00,19.162585184819214,19.887703502690588,19.162585184819214,19.75506019592285,2775300,0.0,0.0
2017-09-12 00:00:00-04:00,19.755061384427712,19.755061384427712,19.295229652427395,19.436716079711914,1195000,0.0,0.0
2017-09-13 00:00:00-04:00,19.38365200141532,19.472081407787186,19.206793188671586,19.304065704345703,2704700,0.0,0.0
2017-09-14 00:00:00-04:00,19.31293670554025,19.45474793987408,19.224304261450794,19.401567459106445,2162200,0.05,0.0
2017-09-15 00:00:00-04:00,19.481332941276868,19.6585977971676,19.339521732773466,19.623144149780273,2680700,0.0,0.0
2017-09-18 00:00:00-04:00,19.587698195652976,19.80927848815918,19.587698195652976,19.80927848815918,1939300,0.0,0.0
2017-09-19 00:00:00-04:00,19.85358975277559,19.871316578225137,19.587694133124835,19.632009506225586,2287100,0.0,0.0
2017-09-20 00:00:00-04:00,19.605420846036314,19.711778417076857,19.295208164542352,19.499061584472656,2148800,0.0,0.0
2017-09-21 00:00:00-04:00,19.454748046926618,19.68519003609468,19.366115602349446,19.428157806396484,1551900,0.0,0.0
2017-09-22 00:00:00-04:00,19.46360369003278,19.51678415448097,19.188844719141446,19.197708129882812,982700,0.0,0.0
2017-09-25 00:00:00-04:00,19.277477530105795,19.543373095691244,19.25975070826069,19.49019432067871,1246900,0.0,0.0
2017-09-26 00:00:00-04:00,19.534513436271745,19.5788288050372,19.321794932733276,19.525650024414062,1611500,0.0,0.0
2017-09-27 00:00:00-04:00,19.49019432067871,19.75609157678694,19.45474236751128,19.49019432067871,3276200,0.0,0.0
2017-09-28 00:00:00-04:00,19.472467269110442,19.472467269110442,18.95840127532647,19.286340713500977,3904800,0.0,0.0
2017-09-29 00:00:00-04:00,19.215438735776974,19.41042873892135,19.18884849831603,19.242027282714844,2308900,0.0,0.0
2017-10-02 00:00:00-04:00,19.35724433484567,19.437013333547384,19.242021696488717,19.32179069519043,1510000,0.0,0.0
2017-10-03 00:00:00-04:00,19.31293284831469,19.401563584179343,19.16225823061269,19.233163833618164,897700,0.0,0.0
2017-10-04 00:00:00-04:00,19.206571782832576,19.348382975437264,19.117939364823954,19.304067611694336,1502500,0.0,0.0
2017-10-05 00:00:00-04:00,19.33065410510424,19.39269628397833,19.179979517614626,19.32179069519043,2465900,0.0,0.0
2017-10-06 00:00:00-04:00,19.277482742487,19.277482742487,19.011587105006814,19.0559024810791,1819200,0.0,0.0
2017-10-09 00:00:00-04:00,19.08248711977281,19.233161720923743,19.038170066185632,19.135665893554688,1053000,0.0,0.0
2017-10-10 00:00:00-04:00,19.23316193911581,19.401561673089297,19.15339293227668,19.286340713500977,1693500,0.0,0.0
2017-10-11 00:00:00-04:00,19.321796304574605,19.348386542035552,19.144533126404195,19.242027282714844,1157600,0.0,0.0
2017-10-12 00:00:00-04:00,19.250888899335976,19.277479134316387,19.14453134046017,19.26861572265625,958500,0.0,0.0
2017-10-13 00:00:00-04:00,19.28634456470704,19.357250174887014,19.126806519171325,19.295207977294922,1209800,0.0,0.0
2017-10-16 00:00:00-04:00,19.29520953080039,19.29520953080039,19.047039029928104,19.100217819213867,1708600,0.0,0.0
2017-10-17 00:00:00-04:00,19.038175827478288,19.312936571298103,19.029312414078625,19.20657730102539,1495200,0.0,0.0
2017-10-18 00:00:00-04:00,19.206569317659746,19.22429613709078,19.02930450439453,19.02930450439453,1791700,0.0,0.0
2017-10-19 00:00:00-04:00,19.011584978211925,19.06476376165429,18.931815957786853,18.949541091918945,1318700,0.0,0.0
2017-10-20 00:00:00-04:00,19.011587173983983,19.179986956088236,18.931818144345865,19.126808166503906,1851800,0.0,0.0
2017-10-23 00:00:00-04:00,19.23316556075094,19.25975410768881,19.03817386708349,19.242027282714844,1565000,0.0,0.0
2017-10-24 00:00:00-04:00,19.23315962633829,19.286338394328737,18.967262405340943,19.04703140258789,1497100,0.0,0.0
2017-10-25 00:00:00-04:00,19.073621493800086,19.2154326677633,18.922946910148855,18.967262268066406,1619300,0.0,0.0
2017-10-26 00:00:00-04:00,18.967265998265127,19.020444776329107,18.869771853568317,18.896360397338867,1041900,0.0,0.0
2017-10-27 00:00:00-04:00,18.949541242082113,19.109079284196493,18.86977391154798,19.03817367553711,1011800,0.0,0.0
2017-10-30 00:00:00-04:00,19.05589471399837,19.100210072007954,18.922946949447077,18.976125717163086,1025200,0.0,0.0
2017-10-31 00:00:00-04:00,18.931812194956667,19.02930633013619,18.807726137556724,18.86090660095215,1199900,0.0,0.0
2017-11-01 00:00:00-04:00,18.807729952186445,19.064763839161763,18.807729952186445,19.02044677734375,1636100,0.0,0.0
2017-11-02 00:00:00-04:00,19.038170066185632,19.224298310206308,18.984991292403755,19.135665893554688,1519100,0.0,0.0
2017-11-03 00:00:00-04:00,18.789999184895784,19.0647581237048,18.14298380050708,18.976125717163086,8705600,0.0,0.0
2017-11-06 00:00:00-05:00,19.14453134046017,19.321794502094154,19.03817209106144,19.26861572265625,2830000,0.0,0.0
2017-11-07 00:00:00-05:00,19.206573732106886,19.56110174959964,19.206573732106886,19.41929054260254,3096500,0.0,0.0
2017-11-08 00:00:00-05:00,19.40155986881487,19.49905568822322,19.36610791936258,19.410423278808594,1626300,0.0,0.0
2017-11-09 00:00:00-05:00,19.357244509368858,19.472465458242052,19.2952023299354,19.410423278808594,2121900,0.0,0.0
2017-11-10 00:00:00-05:00,19.454746251147323,19.79154748082405,19.419292600379713,19.614282608032227,2291200,0.0,0.0
2017-11-13 00:00:00-05:00,19.569969319089765,19.71178055621537,19.357252463401355,19.605422973632812,2141300,0.0,0.0
2017-11-14 00:00:00-05:00,19.543372993982647,19.605416870117622,19.321792793640338,19.36610984802246,1919000,0.0,0.0
2017-11-15 00:00:00-05:00,19.410430631651323,19.507926487991966,19.10021792645012,19.126808166503906,3843400,0.0,0.0
2017-11-16 00:00:00-05:00,19.082485353318376,19.383834527724524,18.98498953497445,19.21543312072754,4222700,0.0,0.0
2017-11-17 00:00:00-05:00,19.233163545636792,19.32179428017436,19.002719916688736,19.01158332824707,1746000,0.0,0.0
2017-11-20 00:00:00-05:00,19.011583427610272,19.268615602053806,18.878633944063267,19.188846588134766,1864200,0.0,0.0
2017-11-21 00:00:00-05:00,19.188845011539506,19.374973258898887,19.17998160066308,19.36610984802246,1159000,0.0,0.0
2017-11-22 00:00:00-05:00,19.39269628397833,19.437013333547384,19.32179069519043,19.32179069519043,1144700,0.0,0.0
2017-11-24 00:00:00-05:00,19.392704255199618,19.552242318179932,19.277483260004548,19.50792694091797,2363800,0.0,0.0
2017-11-27 00:00:00-05:00,19.445882610242755,19.525651633010614,19.295207977294922,19.295207977294922,1328100,0.0,0.0
2017-11-28 00:00:00-05:00,19.28634049470562,19.366109500639805,19.055896887620506,19.135665893554688,1305900,0.0,0.0
2017-11-29 00:00:00-05:00,19.073623925437552,19.330656077068156,19.055897103801577,19.286340713500977,1694900,0.0,0.0
2017-11-30 00:00:00-05:00,19.348386347368066,19.40156513123184,18.949541242082113,19.03817367553711,2260100,0.0,0.0
2017-12-01 00:00:00-05:00,19.091354226618154,19.162259835562384,18.860910574918645,19.109079360961914,1747000,0.0,0.0
2017-12-04 00:00:00-05:00,19.41928827442168,19.41928827442168,19.100212250684944,19.135665893554688,1985800,0.0,0.0
2017-12-05 00:00:00-05:00,19.117940611548793,19.17111938961277,18.816591384981464,18.896360397338867,2897200,0.0,0.0
2017-12-06 00:00:00-05:00,18.958404463536063,18.958404463536063,18.843183484571185,18.88749885559082,1161400,0.0,0.0
2017-12-07 00:00:00-05:00,18.834318366404876,19.002719803968553,18.834318366404876,18.98499298095703,844700,0.0,0.0
2017-12-08 00:00:00-05:00,19.34838676229913,19.34838676229913,19.064764321579233,19.295207977294922,2190900,0.0,0.0
2017-12-11 00:00:00-05:00,19.25974867225841,19.40155985098243,19.224296722838705,19.35724449157715,1096100,0.0,0.0
2017-12-12 00:00:00-05:00,19.286346429716467,19.41929425034472,19.259756189381513,19.392704010009766,1569600,0.0,0.0
2017-12-13 00:00:00-05:00,19.357248350856676,19.472469322595718,19.268615923852753,19.41929054260254,1861200,0.0,0.0
2017-12-14 00:00:00-05:00,19.43702132298486,19.56110573173698,19.38384253216585,19.50792694091797,1800600,0.0,0.0
2017-12-15 00:00:00-05:00,19.640871165616222,19.844724568518746,19.587692384537945,19.720640182495117,1848400,0.0,0.0
2017-12-18 00:00:00-05:00,19.79154583077619,19.8801782597827,19.756093873487373,19.782682418823242,1286600,0.0,0.0
2017-12-19 00:00:00-05:00,19.81813581581177,19.81813581581177,19.37497536691096,19.516786575317383,1648300,0.0,0.0
2017-12-20 00:00:00-05:00,19.52564951328975,19.561101469269495,19.242025412837226,19.25088882446289,2352600,0.0,0.0
2017-12-21 00:00:00-05:00,19.383840528277204,19.552240296882232,19.233165894430584,19.481334686279297,1453500,0.0,0.0
2017-12-22 00:00:00-05:00,19.481330757188815,19.481330757188815,19.250887146575504,19.304067611694336,1091300,0.0,0.0
2017-12-26 00:00:00-05:00,19.33065410510424,19.463601872766233,19.250885106402528,19.32179069519043,806900,0.0,0.0
2017-12-27 00:00:00-05:00,19.366113587474896,19.366113587474896,19.268617739531273,19.295207977294922,568900,0.0,0.0
2017-12-28 00:00:00-05:00,19.27748305169516,19.437021112951534,19.233167674912064,19.401567459106445,937200,0.0,0.0
2017-12-29 00:00:00-05:00,19.410453072177415,19.428220483622088,19.268317169407265,19.401569366455078,1076300,0.05,0.0
2018-01-02 00:00:00-05:00,19.41932932233957,19.41932932233957,19.090639114379883,19.090639114379883,1499600,0.0,0.0
2018-01-03 00:00:00-05:00,19.09952781576788,19.250547405807826,19.0106924637926,19.08176040649414,1805300,0.0,0.0
2018-01-04 00:00:00-05:00,19.063995200485724,19.14394685706431,18.735306562901407,18.77083969116211,2549600,0.0,0.0
2018-01-05 00:00:00-05:00,18.78860274743558,18.824137561853192,18.55763153690075,18.59316635131836,1406600,0.0,0.0
2018-01-08 00:00:00-05:00,18.539859839009193,18.681995662008628,18.513208736799548,18.566509246826172,1523700,0.0,0.0
2018-01-09 00:00:00-05:00,18.619815744629552,18.619815744629552,18.317778294420776,18.424379348754883,1821900,0.0,0.0
2018-01-10 00:00:00-05:00,18.36219538835263,18.548748083380655,18.32666057345592,18.451030731201172,3353100,0.0,0.0
2018-01-11 00:00:00-05:00,18.50433431122537,18.50433431122537,18.166761985994217,18.246713638305664,4911300,0.0,0.0
2018-01-12 00:00:00-05:00,18.175640106201172,18.237826029216038,18.09569016539693,18.175640106201172,2454000,0.0,0.0
2018-01-16 00:00:00-05:00,18.22894789186408,18.326665269080532,18.03350974864384,18.05127716064453,1836800,0.0,0.0
2018-01-17 00:00:00-05:00,18.140104293823242,18.17563740730514,17.989084749141156,18.140104293823242,2084100,0.0,0.0
2018-01-18 00:00:00-05:00,18.11345414410362,18.122337846541278,17.9624345914494,18.006853103637695,1915900,0.0,0.0
2018-01-19 00:00:00-05:00,17.900252471259897,18.14899108555106,17.900252471259897,18.131223678588867,2183800,0.0,0.0
2018-01-22 00:00:00-05:00,18.202291366210282,18.300010408789404,18.033504391135388,18.273359298706055,2091200,0.0,0.0
2018-01-23 00:00:00-05:00,18.335537586826085,18.43325659774265,18.042382248469018,18.415489196777344,3121600,0.0,0.0
2018-01-24 00:00:00-05:00,18.4154935183941,18.486561444540417,18.16675662407849,18.30000877380371,1271100,0.0,0.0
2018-01-25 00:00:00-05:00,18.308895237890844,18.397728888177706,18.131224548530575,18.23782730102539,922400,0.0,0.0
2018-01-26 00:00:00-05:00,18.291131210119445,18.335548043470727,18.069043654575882,18.086811065673828,1131400,0.0,0.0
2018-01-29 00:00:00-05:00,18.131227179913957,18.140110885110587,17.89137222278545,17.90913963317871,1042400,0.0,0.0
2018-01-30 00:00:00-05:00,17.864718664076644,17.92690289165753,17.766999623939178,17.8558349609375,1768500,0.0,0.0
2018-01-31 00:00:00-05:00,17.93578548184476,18.477677784562065,17.882483266317404,18.468795776367188,4124600,0.0,0.0
2018-02-01 00:00:00-05:00,18.40661318245481,18.557632764936827,18.006856660162406,18.14899253845215,3049500,0.0,0.0
2018-02-02 00:00:00-05:00,18.015737259106203,18.015737259106203,17.802533478420056,17.989086151123047,2754600,0.0,0.0
2018-02-05 00:00:00-05:00,17.90024832232628,17.96243253788767,17.32282128503694,17.402772903442383,2656200,0.0,0.0
2018-02-06 00:00:00-05:00,17.18957453791167,17.544914234155137,16.985254424370844,17.376127243041992,3205200,0.0,0.0
2018-02-07 00:00:00-05:00,17.429430463027355,17.74923536070211,17.233992348144174,17.242876052856445,2106600,0.0,0.0
2018-02-08 00:00:00-05:00,17.23399044759871,17.313942086798775,16.638795852661133,16.638795852661133,2691500,0.0,0.0
2018-02-09 00:00:00-05:00,16.754281997680664,16.88753416242457,16.336756401918368,16.754281997680664,5914100,0.0,0.0
2018-02-12 00:00:00-05:00,16.76316545501132,16.967485550910215,16.470010019123674,16.89641761779785,2958900,0.0,0.0
2018-02-13 00:00:00-05:00,16.905301136056316,17.145154348687466,16.745397864706774,17.065202713012695,1582100,0.0,0.0
2018-02-14 00:00:00-05:00,16.89641926518085,17.091855676696394,16.807583916530746,17.038555145263672,1826000,0.0,0.0
2018-02-15 00:00:00-05:00,17.065203784861254,17.33170981864719,17.011903255861373,17.296175003051758,2017900,0.0,0.0
2018-02-16 00:00:00-05:00,17.29617717389241,17.500499000424007,17.29617717389241,17.491615295410156,3322200,0.0,0.0
2018-02-20 00:00:00-05:00,17.36724379921472,17.607098733172574,17.216224214247923,17.233991622924805,1206800,0.0,0.0
2018-02-21 00:00:00-05:00,17.198460963971915,17.313945748130344,16.940838584427862,16.949722290039062,1351400,0.0,0.0
2018-02-22 00:00:00-05:00,17.065204629281126,17.31394326757742,16.905303034369243,17.233991622924805,1750600,0.0,0.0
2018-02-23 00:00:00-05:00,17.162924213927784,17.367244336857066,16.949720386385046,17.118507385253906,3568000,0.0,0.0
2018-02-26 00:00:00-05:00,17.100745532593734,17.39390110251958,16.985260723880987,17.38501739501953,2784300,0.0,0.0
2018-02-27 00:00:00-05:00,17.313945269246307,17.36724580704569,17.118508834386212,17.136276245117188,4956900,0.0,0.0
2018-02-28 00:00:00-05:00,17.18957930783112,17.322831519099278,17.047443389892578,17.047443389892578,3481800,0.0,0.0
2018-03-01 00:00:00-05:00,17.011899661250023,17.331706156460783,16.967482845534267,17.12738609313965,2284500,0.0,0.0
2018-03-02 00:00:00-05:00,17.11850712252406,17.305059833363277,16.994136954237877,17.260643005371094,2073500,0.0,0.0
2018-03-05 00:00:00-05:00,17.207341495315887,17.53603007032863,17.13627355792989,17.39389419555664,1589700,0.0,0.0
2018-03-06 00:00:00-05:00,17.358363108989362,17.527148421072077,17.162924987471612,17.491615295410156,2438800,0.0,0.0
2018-03-07 00:00:00-05:00,17.411658777550976,17.731463596686286,17.40277507502041,17.69593048095703,1575000,0.0,0.0
2018-03-08 00:00:00-05:00,17.695930832572113,17.695930832572113,17.438308537245835,17.48272705078125,885800,0.0,0.0
2018-03-09 00:00:00-05:00,17.50049578803104,17.571563720703125,17.376125635060014,17.571563720703125,1444400,0.0,0.0
2018-03-12 00:00:00-04:00,17.57156772748383,17.62486826554353,17.411664418911176,17.527149200439453,2379500,0.0,0.0
2018-03-13 00:00:00-04:00,17.553796041502117,17.669280794904495,17.420543881609174,17.544912338256836,1620000,0.0,0.0
2018-03-14 00:00:00-04:00,17.571634836296155,17.58944734255748,17.357889857242547,17.42913818359375,2178100,0.05,0.0
2018-03-15 00:00:00-04:00,17.429141592458365,17.500389932744618,17.34008074242694,17.47367286682129,2888200,0.0,0.0
2018-03-16 00:00:00-04:00,17.438044181386683,17.740849988618965,17.33117084407773,17.687414169311523,2830100,0.0,0.0
2018-03-19 00:00:00-04:00,17.731936593904887,17.731936593904887,17.429130908630608,17.562721252441406,1612800,0.0,0.0
2018-03-20 00:00:00-04:00,17.56272742208352,17.669600753891913,17.46476204151097,17.598352432250977,2126700,0.0,0.0
2018-03-21 00:00:00-04:00,17.536008757307,17.544915009033282,17.33116836499016,17.43804168701172,1459100,0.0,0.0
2018-03-22 00:00:00-04:00,17.36679536185545,17.58054033169654,17.251017473535114,17.25992202758789,1414000,0.0,0.0
2018-03-23 00:00:00-04:00,17.259918156713354,17.340072714764286,16.93930162320326,16.966018676757812,1755400,0.0,0.0
2018-03-26 00:00:00-04:00,17.135238647460938,17.18867446762068,16.93930617441249,17.135238647460938,1045500,0.0,0.0
2018-03-27 00:00:00-04:00,17.161949746388828,17.52709746876363,17.001640658771926,17.313352584838867,1351500,0.0,0.0
2018-03-28 00:00:00-04:00,17.375703316842518,17.66069663788383,17.375703316842518,17.616167068481445,1177500,0.0,0.0
2018-03-29 00:00:00-04:00,17.75865862546996,18.043651864609128,17.6339728093263,17.883342742919922,2413000,0.0,0.0
2018-04-02 00:00:00-04:00,17.607253933322433,17.65178348532109,17.357884025526804,17.509286880493164,2486100,0.0,0.0
2018-04-03 00:00:00-04:00,17.544915552818015,17.633974675453473,17.402418918168628,17.589445114135742,1785600,0.0,0.0
2018-04-04 00:00:00-04:00,17.51819875969488,17.740849988618965,17.500386253694376,17.687414169311523,1247300,0.0,0.0
2018-04-05 00:00:00-04:00,17.669598466354667,17.705221773216287,17.455853529103653,17.66069221496582,2844400,0.0,0.0
2018-04-06 00:00:00-04:00,17.589448485907685,17.714132640453492,17.45585807765229,17.553823471069336,3120400,0.0,0.0
2018-04-09 00:00:00-04:00,17.642880458639116,17.642880458639116,17.50038382777623,17.536008834838867,1797700,0.0,0.0
2018-04-10 00:00:00-04:00,17.64287638060257,17.794279228235325,17.59834683076082,17.71412467956543,2438600,0.0,0.0
2018-04-11 00:00:00-04:00,17.62507209700383,17.81209831392691,17.598353338003076,17.687414169311523,1519100,0.0,0.0
2018-04-12 00:00:00-04:00,17.714132640453492,17.714132640453492,17.50038764750602,17.553823471069336,1216300,0.0,0.0
2018-04-13 00:00:00-04:00,17.55381523273409,17.625065228971824,17.473662384353457,17.580533981323242,1324300,0.0,0.0
2018-04-16 00:00:00-04:00,17.660688880016643,17.803185477942364,17.544911031212038,17.71412467956543,895500,0.0,0.0
2018-04-17 00:00:00-04:00,17.714127978805895,17.927872915504278,17.65178591793892,17.856624603271484,1401100,0.0,0.0
2018-04-18 00:00:00-04:00,17.954589732265113,17.954589732265113,17.749751069035057,17.83881187438965,668500,0.0,0.0
2018-04-19 00:00:00-04:00,17.79428043664992,17.79428043664992,17.59834802586959,17.64287757873535,980900,0.0,0.0
2018-04-20 00:00:00-04:00,17.696312450348103,17.7319357476072,17.527097116960814,17.571626663208008,950600,0.0,0.0
2018-04-23 00:00:00-04:00,17.598352588198754,17.642882152608696,17.45585594365415,17.518198013305664,1189400,0.0,0.0
2018-04-24 00:00:00-04:00,17.553816774310274,17.66959632967094,17.43803891764316,17.64287757873535,2293900,0.0,0.0
2018-04-25 00:00:00-04:00,17.6250689081042,17.72303427599398,17.4647597804925,17.66069221496582,1023400,0.0,0.0
2018-04-26 00:00:00-04:00,17.74975525672031,17.865533141911158,17.678506935365792,17.79428482055664,1612100,0.0,0.0
2018-04-27 00:00:00-04:00,17.785375679955695,17.972403554824336,17.740846123350337,17.883342742919922,1669700,0.0,0.0
2018-04-30 00:00:00-04:00,17.936777797398708,18.07927441098469,17.820999935870205,17.990215301513672,1487200,0.0,0.0
2018-05-01 00:00:00-04:00,17.999121164705425,18.079275728023344,17.88334329474274,18.034746170043945,1501400,0.0,0.0
2018-05-02 00:00:00-04:00,17.990220195227923,18.079279328924883,17.86553435040282,18.016937255859375,1405300,0.0,0.0
2018-05-03 00:00:00-04:00,17.963501435902383,18.02584350896789,17.847723542879883,18.016937255859375,1045900,0.0,0.0
2018-05-04 00:00:00-04:00,17.954595538304748,18.390991757098263,17.83881764298978,18.24849510192871,2111500,0.0,0.0
2018-05-07 00:00:00-04:00,18.275211334228516,18.373176709424644,18.19505676444466,18.275211334228516,1345600,0.0,0.0
2018-05-08 00:00:00-04:00,18.186149081923574,18.40880026965589,18.186149081923574,18.328645706176758,1664400,0.0,0.0
2018-05-09 00:00:00-04:00,18.310833526145196,18.51567391347588,18.30192727463571,18.462236404418945,1595800,0.0,0.0
2018-05-10 00:00:00-04:00,18.524581749029203,18.693797160308563,18.462239676108936,18.604736328125,1979900,0.0,0.0
2018-05-11 00:00:00-04:00,18.71160459808299,18.756134152766034,18.604731288672607,18.65816879272461,1846700,0.0,0.0
2018-05-14 00:00:00-04:00,18.43551877811657,18.506767089293994,18.168336337180925,18.29302215576172,3099800,0.0,0.0
2018-05-15 00:00:00-04:00,18.177242857665938,18.177242857665938,17.847720050599424,17.856624603271484,3451000,0.0,0.0
2018-05-16 00:00:00-04:00,17.838815391775924,17.95459327248001,17.714129560217014,17.72303581237793,2202200,0.0,0.0
2018-05-17 00:00:00-04:00,17.731940282352593,17.812094845050822,17.58053740822191,17.62506866455078,1324600,0.0,0.0
2018-05-18 00:00:00-04:00,17.642879612944178,17.651785864282925,17.500382988911735,17.54491424560547,2399800,0.0,0.0
2018-05-21 00:00:00-04:00,17.616156461879953,17.69631099749894,17.446941142385068,17.607250213623047,2700100,0.0,0.0
2018-05-22 00:00:00-04:00,17.633969423344222,17.6428756726939,17.420224535032013,17.446943283081055,1829100,0.0,0.0
2018-05-23 00:00:00-04:00,17.464760519407424,17.642880458639116,17.366793448679005,17.536008834838867,3436800,0.0,0.0
2018-05-24 00:00:00-04:00,17.580537552266705,17.669598366960418,17.455853430911755,17.54491424560547,1321700,0.0,0.0
2018-05-25 00:00:00-04:00,17.536014952234957,17.58945078277604,17.429141592458365,17.47367286682129,954400,0.0,0.0
2018-05-29 00:00:00-04:00,17.438043438412574,17.580540082957178,17.28664054124718,17.518198013305664,2221000,0.0,0.0
2018-05-30 00:00:00-04:00,17.54491383595631,17.8477195796286,17.518195082563917,17.80318832397461,1167900,0.0,0.0
2018-05-31 00:00:00-04:00,17.740842819213867,17.803184866327978,17.607252475584573,17.740842819213867,2875400,0.0,0.0
2018-06-01 00:00:00-04:00,17.731943497744506,17.9635009765625,17.633976414750038,17.9635009765625,2261900,0.0,0.0
2018-06-04 00:00:00-04:00,17.990213374731113,18.39098442050832,17.918965075568934,18.382078170776367,3119100,0.0,0.0
2018-06-05 00:00:00-04:00,18.38207768522476,18.68488337333895,18.337548136434666,18.524574279785156,4666400,0.0,0.0
2018-06-06 00:00:00-04:00,18.462236948804886,18.631452335087175,18.44442444526068,18.61363983154297,2734200,0.0,0.0
2018-06-07 00:00:00-04:00,18.631452240699723,18.658170995880674,18.382082288425654,18.497861862182617,3297100,0.0,0.0
2018-06-08 00:00:00-04:00,18.506765928631182,18.684885846056986,18.506765928631182,18.65816879272461,1338800,0.0,0.0
2018-06-11 00:00:00-04:00,18.658166425794338,18.71160222437398,18.551293129941648,18.622541427612305,1281500,0.0,0.0
2018-06-12 00:00:00-04:00,18.649263118450797,18.9342563540954,18.61363811464838,18.827383041381836,2219000,0.0,0.0
2018-06-13 00:00:00-04:00,18.80066435007485,18.89862970461338,18.604730243610735,18.667072296142578,2384700,0.0,0.0
2018-06-14 00:00:00-04:00,18.65814479018026,18.88132834437561,18.65814479018026,18.78312873840332,2185200,0.05,0.0
2018-06-15 00:00:00-04:00,18.783126077338157,18.988454509447056,18.738488351169824,18.774198532104492,3286800,0.0,0.0
2018-06-18 00:00:00-04:00,18.765277612085324,18.934895923144502,18.640293637442653,18.92597007751465,2182600,0.0,0.0
2018-06-19 00:00:00-04:00,18.86347640924742,19.274135103146605,18.86347640924742,19.220571517944336,6354000,0.0,0.0
2018-06-20 00:00:00-04:00,19.274136566666428,19.550883764440346,19.16700768537173,19.4973201751709,3332300,0.0,0.0
2018-06-21 00:00:00-04:00,19.49731560810312,19.55087918482579,19.41696939164141,19.488388061523438,1830700,0.0,0.0
2018-06-22 00:00:00-04:00,19.533029418408006,19.666940950866042,19.39019203969158,19.506248474121094,3133600,0.0,0.0
2018-06-25 00:00:00-04:00,19.702649590262023,19.74728733566431,19.497321069679135,19.649085998535156,2690900,0.0,0.0
2018-06-26 00:00:00-04:00,19.666930796055652,19.738349448537605,19.58658459916908,19.640148162841797,2483500,0.0,0.0
2018-06-27 00:00:00-04:00,19.729432237503396,19.782995829230263,19.63123090037424,19.649085998535156,3342400,0.0,0.0
2018-06-28 00:00:00-04:00,19.693712800981057,19.87226029330478,19.61336659971089,19.863332748413086,1905000,0.0,0.0
2018-06-29 00:00:00-04:00,19.809773646757396,19.916900804093032,19.693717239762414,19.800846099853516,1672300,0.0,0.0
2018-07-02 00:00:00-04:00,19.774062965485836,19.863336729540475,19.577662046769973,19.747282028198242,1800500,0.0,0.0
2018-07-03 00:00:00-04:00,19.74728687919872,20.041889181020473,19.67586819096181,19.925832748413086,801300,0.0,0.0
2018-07-05 00:00:00-04:00,19.99724769592285,20.032957884739204,19.84548279896439,19.99724769592285,1199700,0.0,0.0
2018-07-06 00:00:00-04:00,20.05081015614274,20.16686656055624,20.032956765487565,20.122230529785156,995000,0.0,0.0
2018-07-09 00:00:00-04:00,20.140087127685547,20.28292449220592,20.059740897298376,20.140087127685547,1833500,0.0,0.0
2018-07-10 00:00:00-04:00,20.10437888527952,20.166870020181555,19.863340191152474,19.979394912719727,1637800,0.0,0.0
2018-07-11 00:00:00-04:00,19.970468821539914,20.24721600245368,19.96154127341293,20.140087127685547,1596300,0.0,0.0
2018-07-12 00:00:00-04:00,20.202580931099305,20.30970982002192,20.095453744932616,20.265073776245117,2227600,0.0,0.0
2018-07-13 00:00:00-04:00,20.300773267144816,20.336483448533215,20.220427061776082,20.273990631103516,964900,0.0,0.0
2018-07-16 00:00:00-04:00,20.247220654074074,20.38113050123207,20.131164204516015,20.22043800354004,3091800,0.0,0.0
2018-07-17 00:00:00-04:00,20.27399596109414,20.336488794953077,20.006176341292598,20.032958984375,2371000,0.0,0.0
2018-07-18 00:00:00-04:00,20.050809499602664,20.273993051661048,19.943682348157648,20.184720993041992,2679400,0.0,0.0
2018-07-19 00:00:00-04:00,20.202576691604097,20.497178945874317,20.157940657194136,20.42576026916504,4967900,0.0,0.0
2018-07-20 00:00:00-04:00,20.407906968524024,20.479325645553406,20.22935942457278,20.2382869720459,3181800,0.0,0.0
2018-07-23 00:00:00-04:00,20.211508886048133,20.26507418296245,20.06867149978854,20.131162643432617,1314300,0.0,0.0
2018-07-24 00:00:00-04:00,20.11330643351634,20.11330643351634,19.907976229580868,19.979394912719727,1541700,0.0,0.0
2018-07-25 00:00:00-04:00,19.854412263293565,20.104378500878003,19.738357543945312,19.738357543945312,2564500,0.0,0.0
2018-07-26 00:00:00-04:00,19.809769181818,19.988314971386643,19.729422980547834,19.863332748413086,5092600,0.0,0.0
2018-07-27 00:00:00-04:00,19.9436862904873,19.970468935020445,19.541955136268626,19.577665328979492,4328300,0.0,0.0
2018-07-30 00:00:00-04:00,19.568739280294462,19.640157968433076,19.33662811815501,19.595521926879883,2380600,0.0,0.0
2018-07-31 00:00:00-04:00,19.658011454053852,19.970468827569906,19.658011454053852,19.765138626098633,2861700,0.0,0.0
2018-08-01 00:00:00-04:00,19.693715533533314,19.952609263049357,19.65800705176698,19.943681716918945,1276500,0.0,0.0
2018-08-02 00:00:00-04:00,19.863340191152474,20.024032653903838,19.863340191152474,19.979394912719727,1522400,0.0,0.0
2018-08-03 00:00:00-04:00,19.75620954158771,20.202576696824952,19.41697125281986,20.166868209838867,1450500,0.0,0.0
2018-08-06 00:00:00-04:00,20.202575854994937,20.25614113737538,20.032957569056695,20.08652114868164,1886600,0.0,0.0
2018-08-07 00:00:00-04:00,20.202576204852637,20.202576204852637,19.979392632668976,20.113304138183594,1824600,0.0,0.0
2018-08-08 00:00:00-04:00,20.157941389102476,20.157941389102476,20.01510403049768,20.05974006652832,1121400,0.0,0.0
2018-08-09 00:00:00-04:00,20.050813428482613,20.30970721692216,20.03296003491372,20.211505889892578,1313700,0.0,0.0
2018-08-10 00:00:00-04:00,20.149012592881313,20.229358814962588,19.988320148718763,19.99724769592285,1112300,0.0,0.0
2018-08-13 00:00:00-04:00,19.899050305067043,20.086523709028565,19.863340112261582,19.907976150512695,1509500,0.0,0.0
2018-08-14 00:00:00-04:00,19.95261539503537,20.086525222635103,19.907977650664897,19.925832748413086,1278800,0.0,0.0
2018-08-15 00:00:00-04:00,19.979399257001994,20.282929152030032,19.95261830922405,20.22043800354004,1922200,0.0,0.0
2018-08-16 00:00:00-04:00,20.21150490009278,20.390052449083495,20.193651507398204,20.363269805908203,2170500,0.0,0.0
2018-08-17 00:00:00-04:00,20.372197862271644,20.541817867772213,20.309706729391348,20.53289031982422,1285300,0.0,0.0
2018-08-20 00:00:00-04:00,20.577527629585518,20.640020469086835,20.30970798560295,20.336490631103516,1794900,0.0,0.0
2018-08-21 00:00:00-04:00,20.309703424465564,20.416832279653136,20.22935720876373,20.327558517456055,1212100,0.0,0.0
2018-08-22 00:00:00-04:00,20.300775877970317,20.363267000681656,20.256139848249468,20.327558517456055,1510600,0.0,0.0
2018-08-23 00:00:00-04:00,20.327560510801728,20.425760126368242,20.26506938196243,20.39897918701172,1157300,0.0,0.0
2018-08-24 00:00:00-04:00,20.39897935780984,20.57752519845198,20.39897935780984,20.54181671142578,762100,0.0,0.0
2018-08-27 00:00:00-04:00,20.595382535179613,20.62216518043127,20.398981578268067,20.452545166015625,1389100,0.0,0.0
2018-08-28 00:00:00-04:00,20.452544331717498,20.765001702551405,20.44361678366445,20.747146606445312,3455500,0.0,0.0
2018-08-29 00:00:00-04:00,20.773929250604454,20.836420384220098,20.70251056893576,20.747146606445312,2564300,0.0,0.0
2018-08-30 00:00:00-04:00,20.782852223235924,20.818560704831075,20.595377160906633,20.73821449279785,2231200,0.0,0.0
2018-08-31 00:00:00-04:00,20.764998896317046,20.79178153685671,20.657870036913828,20.711435317993164,1732600,0.0,0.0
2018-09-04 00:00:00-04:00,20.631091562443146,20.74714627979418,20.407907972897913,20.461471557617188,1176300,0.0,0.0
2018-09-05 00:00:00-04:00,20.407904008709686,20.595377370188697,20.282920064968348,20.57752227783203,1666300,0.0,0.0
2018-09-06 00:00:00-04:00,20.613231658935547,20.72035880338852,20.523957903387895,20.613231658935547,2511800,0.0,0.0
2018-09-07 00:00:00-04:00,20.702508576747967,20.73821706276827,20.381123688787653,20.416833877563477,1872800,0.0,0.0
2018-09-10 00:00:00-04:00,20.51503465284439,20.56859993904124,20.390052390562964,20.407907485961914,1655100,0.0,0.0
2018-09-11 00:00:00-04:00,20.31863777712081,20.407911569222044,20.122236796702854,20.131162643432617,2784400,0.0,0.0
2018-09-12 00:00:00-04:00,20.131159276719494,20.166869468690237,19.87226719595429,19.970468521118164,3601300,0.0,0.0
2018-09-13 00:00:00-04:00,20.04204858104235,20.3104699030518,19.961522355096545,20.24783706665039,1726500,0.05,0.0
2018-09-14 00:00:00-04:00,20.194150612899097,20.212045706468775,20.015204796912457,20.12257194519043,1659800,0.0,0.0
2018-09-17 00:00:00-04:00,20.10467330117129,20.462568283081055,20.077832372126885,20.462568283081055,2361500,0.0,0.0
2018-09-18 00:00:00-04:00,20.41783391332347,20.50730767350853,20.20309791282134,20.310466766357422,1565900,0.0,0.0
2018-09-19 00:00:00-04:00,20.337307632080847,20.408886298676496,20.050992965698242,20.050992965698242,1621200,0.0,0.0
2018-09-20 00:00:00-04:00,20.059941096105803,20.301519742860034,20.015205068145423,20.28362464904785,1544800,0.0,0.0
2018-09-21 00:00:00-04:00,20.292574407291028,20.444679308129707,20.274679311528768,20.355205535888672,2333400,0.0,0.0
2018-09-24 00:00:00-04:00,20.319414160374997,20.390994539253125,19.92573231596625,19.979415893554688,1417000,0.0,0.0
2018-09-25 00:00:00-04:00,19.997311514220588,20.158363957791874,19.934680387625136,19.952573776245117,1261500,0.0,0.0
2018-09-26 00:00:00-04:00,19.97941649633477,20.02415252791313,19.505206711381195,19.523101806640625,2614400,0.0,0.0
2018-09-27 00:00:00-04:00,19.5588894907255,19.630468156020335,19.28152066945928,19.290468215942383,2824000,0.0,0.0
2018-09-28 00:00:00-04:00,19.3083662566553,19.61257605724358,19.28152361310801,19.58573341369629,4292000,0.0,0.0
2018-10-01 00:00:00-04:00,19.59467464968061,19.684148392779914,19.272571563720703,19.272571563720703,2637100,0.0,0.0
2018-10-02 00:00:00-04:00,19.156254374725545,19.290464130407774,18.932570879731955,19.048887252807617,5727500,0.0,0.0
2018-10-03 00:00:00-04:00,19.05783947608954,19.09362966643332,18.673105169315154,18.753629684448242,3507500,0.0,0.0
2018-10-04 00:00:00-04:00,18.637311905257043,18.834152799973694,18.440471010540392,18.72678565979004,2763200,0.0,0.0
2018-10-05 00:00:00-04:00,18.73573754991712,18.789421132455875,18.628368678269286,18.699947357177734,1901300,0.0,0.0
2018-10-08 00:00:00-04:00,18.664157230631062,18.98626040412453,18.664157230631062,18.860998153686523,1700200,0.0,0.0
2018-10-09 00:00:00-04:00,18.914683997354192,18.968369288176035,18.467316813261082,18.84310531616211,1887500,0.0,0.0
2018-10-10 00:00:00-04:00,18.798369590911143,18.8431056274313,18.63731712892594,18.664159774780273,2909600,0.0,0.0
2018-10-11 00:00:00-04:00,18.68204567324004,18.68204567324004,18.10046889886026,18.136259078979492,2905800,0.0,0.0
2018-10-12 00:00:00-04:00,18.297316384232282,18.333104867381273,17.98415905047025,18.082578659057617,2053700,0.0,0.0
2018-10-15 00:00:00-04:00,18.082577574323288,18.377841502083673,18.064684187107265,18.225736618041992,2962000,0.0,0.0
2018-10-16 00:00:00-04:00,18.27941865315735,18.699943082289476,18.073630211660983,18.54783821105957,3285200,0.0,0.0
2018-10-17 00:00:00-04:00,18.520993298503164,18.717834151553223,18.45836048898902,18.556781768798828,1752600,0.0,0.0
2018-10-18 00:00:00-04:00,18.54784340448087,18.699948318300358,18.440476233884997,18.57468605041504,1136500,0.0,0.0
2018-10-19 00:00:00-04:00,18.610474538423528,18.762579452243017,18.494159819182933,18.57468605041504,1440800,0.0,0.0
2018-10-22 00:00:00-04:00,18.583629718640445,18.646260839505196,18.315208435058594,18.315208435058594,1455500,0.0,0.0
2018-10-23 00:00:00-04:00,18.2257377993612,18.68205077449254,18.163104967050256,18.601526260375977,2088800,0.0,0.0
2018-10-24 00:00:00-04:00,18.61047155069211,18.825209270550598,18.529945332387708,18.61941909790039,2631100,0.0,0.0
2018-10-25 00:00:00-04:00,18.664156843960473,19.03099774684626,18.601525720039017,18.968366622924805,2647500,0.0,0.0
2018-10-26 00:00:00-04:00,18.950469400203737,18.950469400203737,18.529943261268016,18.62836456298828,1703600,0.0,0.0
2018-10-29 00:00:00-04:00,18.789416199071752,19.120468568708045,18.708889993121566,18.834152221679688,1912500,0.0,0.0
2018-10-30 00:00:00-04:00,18.88784040457718,19.120471512406972,18.789419091803385,18.968366622924805,2295300,0.0,0.0
2018-10-31 00:00:00-04:00,19.004153752557237,19.138363538060645,18.852048873901367,18.852048873901367,1938900,0.0,0.0
2018-11-01 00:00:00-04:00,18.91468002847434,19.013101334425535,18.744681762920475,18.762575149536133,1785100,0.0,0.0
2018-11-02 00:00:00-04:00,18.368892714462074,18.789417150610554,17.545737228172527,17.849946975708008,6081800,0.0,0.0
2018-11-05 00:00:00-05:00,17.778371911042765,17.9304768156028,17.536793232052656,17.599424362182617,4766100,0.0,0.0
2018-11-06 00:00:00-05:00,17.63520842150496,17.975208337683846,17.626262582220665,17.796260833740234,3571100,0.0,0.0
2018-11-07 00:00:00-05:00,17.8946782707273,18.09151911734028,17.76941606893445,18.064678192138672,2328700,0.0,0.0
2018-11-08 00:00:00-05:00,18.064683951599594,18.395734649476147,18.037841311270395,18.315208435058594,3191100,0.0,0.0
2018-11-09 00:00:00-05:00,18.440473423549722,18.574683219626138,18.306261920903157,18.359947204589844,1774200,0.0,0.0
2018-11-12 00:00:00-05:00,18.342049888363185,18.476259668183562,18.288366317749023,18.288366317749023,1165000,0.0,0.0
2018-11-13 00:00:00-05:00,18.306262269910004,18.440473775115297,18.243631144318297,18.342052459716797,1418200,0.0,0.0
2018-11-14 00:00:00-05:00,18.333103453635832,18.35099854711545,18.109419904850764,18.154157638549805,1969400,0.0,0.0
2018-11-15 00:00:00-05:00,18.037840007699522,18.046787553829294,17.76942045008605,17.77836799621582,2302800,0.0,0.0
2018-11-16 00:00:00-05:00,17.617320231466458,17.81416117859416,17.57258248900309,17.73363494873047,2639200,0.0,0.0
2018-11-19 00:00:00-05:00,17.563623263730605,17.769413329106463,17.500992172491134,17.662044525146484,2749700,0.0,0.0
2018-11-20 00:00:00-05:00,17.590472970824074,17.697841817995716,17.45626319178697,17.688894271850586,2033900,0.0,0.0
2018-11-21 00:00:00-05:00,17.715735693336573,17.912578300829853,17.626263642552328,17.75152587890625,2382400,0.0,0.0
2018-11-23 00:00:00-05:00,17.75152587890625,17.885735661652593,17.63520948237477,17.75152587890625,634300,0.0,0.0
2018-11-26 00:00:00-05:00,18.028899858829188,18.028899858829188,17.805216233517235,17.957321166992188,1686700,0.0,0.0
2018-11-27 00:00:00-05:00,17.993105073147007,18.10941976673734,17.84994773954197,18.073631286621094,2204500,0.0,0.0
2018-11-28 00:00:00-05:00,18.046790263181688,18.333104956038937,18.037842715708624,18.252578735351562,1484900,0.0,0.0
2018-11-29 00:00:00-05:00,18.180998646552695,18.342051075387793,18.073631498375995,18.315208435058594,1298300,0.0,0.0
2018-11-30 00:00:00-05:00,18.333105945893575,18.6552108460344,18.333105945893575,18.63731575012207,1830400,0.0,0.0
2018-12-03 00:00:00-05:00,18.673106419193516,18.70889490536258,18.449422834283325,18.699947357177734,1709400,0.0,0.0
2018-12-04 00:00:00-05:00,18.7178369765079,18.798363180038365,18.440469890219536,18.52099609375,2272500,0.0,0.0
2018-12-06 00:00:00-05:00,18.368897193228452,18.861000413102722,18.073634919989814,18.84310531616211,2623100,0.0,0.0
2018-12-07 00:00:00-05:00,18.83415646012364,19.084682680188244,18.655210622852,18.735736846923828,1663500,0.0,0.0
2018-12-10 00:00:00-05:00,18.753631847820586,18.7625793964387,18.404685984566246,18.664159774780273,1493900,0.0,0.0
2018-12-11 00:00:00-05:00,18.717841140600243,18.825210004716773,18.592578887939453,18.592578887939453,830100,0.0,0.0
2018-12-12 00:00:00-05:00,18.690996866817148,18.72678705392275,18.216788833658295,18.315208435058594,1354400,0.0,0.0
2018-12-13 00:00:00-05:00,18.342048965105807,18.628363602729454,18.342048965105807,18.41362762451172,950600,0.0,0.0
2018-12-14 00:00:00-05:00,18.324156973873947,18.485209411428155,18.23468320783604,18.449420928955078,954500,0.0,0.0
2018-12-17 00:00:00-05:00,18.43152661209928,18.905734690938818,17.97521192196617,17.984159469604492,3169100,0.0,0.0
2018-12-18 00:00:00-05:00,18.046789169311523,18.243630082077217,17.903631831560094,18.046789169311523,1634800,0.0,0.0
2018-12-19 00:00:00-05:00,18.073632024455446,18.145210694180076,17.83205337417103,17.948368072509766,1495600,0.0,0.0
2018-12-20 00:00:00-05:00,17.957320408649665,18.055741745733165,17.679953202815913,17.823110580444336,1505500,0.0,0.0
2018-12-21 00:00:00-05:00,17.8231071508383,18.216790716847303,17.42047603712793,17.465213775634766,2334500,0.0,0.0
2018-12-24 00:00:00-05:00,17.438372242020975,17.465214886832896,16.93732148485742,17.071531295776367,1768500,0.0,0.0
2018-12-26 00:00:00-05:00,17.080474954359808,17.688894445647104,16.91942253530494,17.679946899414062,2521200,0.0,0.0
2018-12-27 00:00:00-05:00,17.509947043017785,17.849946975708008,17.313106144376572,17.849946975708008,2141200,0.0,0.0
2018-12-28 00:00:00-05:00,18.002054703427973,18.03784318768648,17.572580946334313,17.71573829650879,2244300,0.0,0.0
2018-12-31 00:00:00-05:00,17.733677209865604,17.805437088012695,17.47354658227587,17.805437088012695,1363600,0.05,0.0
2019-01-02 00:00:00-05:00,17.697792891761292,17.70676308860504,17.356933966149366,17.46457290649414,2483200,0.0,0.0
2019-01-03 00:00:00-05:00,17.509432514523855,17.78750191007542,17.339002112331823,17.6708927154541,2051600,0.0,0.0
2019-01-04 00:00:00-05:00,17.760585304373222,17.760585304373222,17.5004563992518,17.635005950927734,3172600,0.0,0.0
2019-01-07 00:00:00-05:00,17.66191666099199,17.895136683835915,17.599126983859083,17.679855346679688,1415100,0.0,0.0
2019-01-08 00:00:00-05:00,17.79646777659901,18.056596706266628,17.70676749672066,18.02071762084961,2480100,0.0,0.0
2019-01-09 00:00:00-05:00,18.074536980843316,18.083507179858877,17.850287138125932,18.002777099609375,1705300,0.0,0.0
2019-01-10 00:00:00-05:00,18.011745071783388,18.3795146315003,17.90410440779512,18.37054443359375,1834200,0.0,0.0
2019-01-11 00:00:00-05:00,18.334670376031486,18.66655923505023,18.26291048400926,18.639650344848633,3320400,0.0,0.0
2019-01-14 00:00:00-05:00,18.62170545635607,18.747284809408093,18.406425832171017,18.51406478881836,3560100,0.0,0.0
2019-01-15 00:00:00-05:00,18.55891674160277,18.74728578094259,18.487156863155626,18.73831558227539,1505600,0.0,0.0
2019-01-16 00:00:00-05:00,18.756255278973953,19.052264980372335,18.747285080641834,19.025354385375977,1584000,0.0,0.0
2019-01-17 00:00:00-05:00,19.05226577565447,19.240636526711196,19.05226577565447,19.16887664794922,1689400,0.0,0.0
2019-01-18 00:00:00-05:00,19.22269636612434,19.312396643404544,19.061236209198064,19.231666564941406,1151200,0.0,0.0
2019-01-22 00:00:00-05:00,19.21372742573286,19.258576711865178,18.962566975076335,19.079177856445312,1552200,0.0,0.0
2019-01-23 00:00:00-05:00,19.115054416322604,19.1240246145414,18.81904471866377,18.96256446838379,3183400,0.0,0.0
2019-01-24 00:00:00-05:00,18.935657439698172,19.04329640708813,18.81904656232009,18.926687240600586,2449000,0.0,0.0
2019-01-25 00:00:00-05:00,18.97153604269415,19.285486159562804,18.97153604269415,19.27651596069336,1872800,0.0,0.0
2019-01-28 00:00:00-05:00,19.240639878310965,19.554588333275937,19.222699477772746,19.527679443359375,2205700,0.0,0.0
2019-01-29 00:00:00-05:00,19.56355908703395,19.7967791679567,19.527679995833196,19.698108673095703,1548200,0.0,0.0
2019-01-30 00:00:00-05:00,19.733983562138242,20.012052851464542,19.59943401639263,19.644283294677734,2835300,0.0,0.0
2019-01-31 00:00:00-05:00,19.599438700916334,19.85059745676764,19.536649011953507,19.832658767700195,4880000,0.0,0.0
2019-02-01 00:00:00-05:00,19.850593691579483,19.985144954853727,19.635314065587227,19.868534088134766,2735000,0.0,0.0
2019-02-04 00:00:00-05:00,19.850593373167243,20.263213932868236,19.77883349898755,20.209394454956055,2212000,0.0,0.0
2019-02-05 00:00:00-05:00,20.227330573514887,20.51437174469891,20.13763202534065,20.496431350708008,2585400,0.0,0.0
2019-02-06 00:00:00-05:00,20.496437806293812,20.54128709450672,20.191457855952127,20.23630714416504,1779400,0.0,0.0
2019-02-07 00:00:00-05:00,20.23630600865239,20.496436656184546,20.146605726369213,20.406736373901367,1454000,0.0,0.0
2019-02-08 00:00:00-05:00,20.379825714700416,20.541285880146773,20.31703603055807,20.39776611328125,1115500,0.0,0.0
2019-02-11 00:00:00-05:00,20.388795852661133,20.568196416148684,20.34394656723453,20.388795852661133,1459100,0.0,0.0
2019-02-12 00:00:00-05:00,20.397763536983902,20.45158301503827,20.155573319403704,20.24527359008789,2546000,0.0,0.0
2019-02-13 00:00:00-05:00,20.18248646298297,20.415706511862084,20.18248646298297,20.39776611328125,2003200,0.0,0.0
2019-02-14 00:00:00-05:00,20.39776754940824,20.469527437893333,20.299097061157227,20.299097061157227,1771200,0.0,0.0
2019-02-15 00:00:00-05:00,20.352915754819822,20.666865869872296,20.29909456191449,20.604074478149414,1751500,0.0,0.0
2019-02-19 00:00:00-05:00,20.54128878003014,20.72068936938392,20.54128878003014,20.63098907470703,1502500,0.0,0.0
2019-02-20 00:00:00-05:00,20.630986050464458,20.630986050464458,20.263216436001336,20.352916717529297,2387000,0.0,0.0
2019-02-21 00:00:00-05:00,20.281153331469447,20.47849254803354,20.227332145314474,20.451581954956055,2068600,0.0,0.0
2019-02-22 00:00:00-05:00,20.41570319959167,20.41570319959167,19.644283294677734,19.644283294677734,4273400,0.0,0.0
2019-02-25 00:00:00-05:00,19.698100548527364,19.877501063209042,19.536642138381982,19.545612335205078,2924400,0.0,0.0
2019-02-26 00:00:00-05:00,19.67120164668551,19.79678104412571,19.55459073972735,19.6622314453125,2985100,0.0,0.0
2019-02-27 00:00:00-05:00,19.626342283424844,19.689133666300947,19.366213397927677,19.500762939453125,2379900,0.0,0.0
2019-02-28 00:00:00-05:00,19.446947682796292,19.868536793916967,19.411066884799325,19.59046745300293,2186200,0.0,0.0
2019-03-01 00:00:00-05:00,19.590469134352368,19.61737973515969,19.38415966083517,19.527679443359375,1880600,0.0,0.0
2019-03-04 00:00:00-05:00,19.53665019635609,19.80574936847959,19.49179919374163,19.698108673095703,1882600,0.0,0.0
2019-03-05 00:00:00-05:00,19.635315546604666,19.8326565018167,19.608406660632486,19.75192642211914,1110500,0.0,0.0
2019-03-06 00:00:00-05:00,19.689132747910417,19.90441234648756,19.66222215650446,19.725011825561523,1482400,0.0,0.0
2019-03-07 00:00:00-05:00,19.716043597467927,19.98514440573209,19.680164516233575,19.733983993530273,2177600,0.0,0.0
2019-03-08 00:00:00-05:00,19.689135078782027,19.8505935136613,19.64428408779581,19.814714431762695,1275300,0.0,0.0
2019-03-11 00:00:00-04:00,19.868538595451717,20.029998779296875,19.769869813794717,20.029998779296875,1447500,0.0,0.0
2019-03-12 00:00:00-04:00,20.06587629370928,20.18248545689061,19.94926541963746,20.1645450592041,2005200,0.0,0.0
2019-03-13 00:00:00-04:00,20.23630577722227,20.370855343662985,20.22733557800748,20.34394645690918,2102200,0.0,0.0
2019-03-14 00:00:00-04:00,20.343947725135212,20.4428362249017,20.32596940081749,20.424856185913086,2586200,0.05,0.0
2019-03-15 00:00:00-04:00,20.397881306016462,20.487779757482524,20.272022788095843,20.4608097076416,2411000,0.0,0.0
2019-03-18 00:00:00-04:00,20.496768466352513,20.568686886019105,20.218084804478273,20.33495330810547,2252600,0.0,0.0
2019-03-19 00:00:00-04:00,20.379909586613067,20.433847993628316,20.12819416275684,20.209102630615234,1170300,0.0,0.0
2019-03-20 00:00:00-04:00,20.182127151407798,20.281013910207374,19.849503377253487,19.984350204467773,3032400,0.0,0.0
2019-03-21 00:00:00-04:00,19.921420713515587,20.469799724255243,19.849502295276807,20.4608097076416,2019500,0.0,0.0
2019-03-22 00:00:00-04:00,20.48778415465565,20.59566094783161,20.254048816546785,20.307987213134766,1527900,0.0,0.0
2019-03-25 00:00:00-04:00,20.298992839490307,20.415859626135887,20.146165986387413,20.290002822875977,1896400,0.0,0.0
2019-03-26 00:00:00-04:00,20.298995266112243,20.478792190551758,20.298995266112243,20.478792190551758,2088100,0.0,0.0
2019-03-27 00:00:00-04:00,20.424853823422012,20.47879393414874,20.227078561436088,20.263038635253906,964100,0.0,0.0
2019-03-28 00:00:00-04:00,20.272027298603902,20.53273269439516,20.245058957432892,20.52374267578125,1295100,0.0,0.0
2019-03-29 00:00:00-04:00,20.559704763656807,20.568693068480222,20.397887842101056,20.424856185913086,1790100,0.0,0.0
2019-04-01 00:00:00-04:00,20.433841086468263,20.55070959594631,20.137177376157748,20.51474952697754,1301700,0.0,0.0
2019-04-02 00:00:00-04:00,20.55070890415736,20.739494115877033,20.334953641618988,20.69454574584961,1335000,0.0,0.0
2019-04-03 00:00:00-04:00,20.658592759640115,20.82040969068064,20.586674314141103,20.676572799682617,1162700,0.0,0.0
2019-04-04 00:00:00-04:00,20.658587185564325,20.676567220755473,20.53273036856734,20.64959716796875,1740500,0.0,0.0
2019-04-05 00:00:00-04:00,20.640612228268353,20.748490751284425,20.577683804288537,20.730510711669922,916600,0.0,0.0
2019-04-08 00:00:00-04:00,20.676571382105195,20.685561401510093,20.532734500968566,20.62263298034668,5276000,0.0,0.0
2019-04-09 00:00:00-04:00,20.57768121954476,20.721518089051674,20.4518243873939,20.49677276611328,1962800,0.0,0.0
2019-04-10 00:00:00-04:00,20.56869300303473,20.847378462458867,20.5147546009114,20.838388442993164,3069100,0.0,0.0
2019-04-11 00:00:00-04:00,20.883333946705324,20.964242396071846,20.72151704797228,20.94626235961914,2613800,0.0,0.0
2019-04-12 00:00:00-04:00,20.955248490712055,21.215953826904297,20.793431621995538,21.215953826904297,2018000,0.0,0.0
2019-04-15 00:00:00-04:00,21.24292529680827,21.314843725221067,21.12605849363894,21.224946975708008,2634300,0.0,0.0
2019-04-16 00:00:00-04:00,21.206963455736517,21.233933504961737,20.802421290709713,20.856361389160156,2197500,0.0,0.0
2019-04-17 00:00:00-04:00,20.874344842192624,20.901314898052217,20.56869106780014,20.766468048095703,1676700,0.0,0.0
2019-04-18 00:00:00-04:00,20.802424818208188,21.06313019424929,20.739496407348778,20.955251693725586,1241200,0.0,0.0
2019-04-22 00:00:00-04:00,20.901312309114303,20.901312309114303,20.406873348960453,20.60464859008789,1805000,0.0,0.0
2019-04-23 00:00:00-04:00,20.65858716551216,20.946260869609198,20.5686887043142,20.820404052734375,1686500,0.0,0.0
2019-04-24 00:00:00-04:00,20.91030537669214,21.206969138991273,20.91030537669214,21.171009063720703,1041100,0.0,0.0
2019-04-25 00:00:00-04:00,21.135046139663043,21.332821366935445,21.063127719321223,21.27888298034668,1738800,0.0,0.0
2019-04-26 00:00:00-04:00,21.368782236975076,21.692414283332507,21.296863813932266,21.584537506103516,4046600,0.0,0.0
2019-04-29 00:00:00-04:00,21.584537532445378,21.65645595557596,21.233935434017596,21.242923736572266,2619900,0.0,0.0
2019-04-30 00:00:00-04:00,21.2968696070369,21.61151343643901,21.197981105452286,21.557573318481445,2873400,0.0,0.0
2019-05-01 00:00:00-04:00,21.530600565404942,21.7014057599491,21.440702101888213,21.467670440673828,2769700,0.0,0.0
2019-05-02 00:00:00-04:00,21.476659014204067,21.63847589471801,21.431710642803733,21.584537506103516,2801600,0.0,0.0
2019-05-03 00:00:00-04:00,21.584539443212254,21.962111626739926,21.368784154720814,21.8272647857666,1435800,0.0,0.0
2019-05-06 00:00:00-04:00,21.791305486491026,21.980092442285322,21.692416999423983,21.71938705444336,1631100,0.0,0.0
2019-05-07 00:00:00-04:00,21.66544388533355,21.71039225245796,21.144034939207014,21.2698917388916,4644300,0.0,0.0
2019-05-08 00:00:00-04:00,21.323831760742973,21.49463865534583,21.12605652966154,21.153026580810547,2181900,0.0,0.0
2019-05-09 00:00:00-04:00,21.12605815896638,21.36878349401586,20.96424126893339,21.251914978027344,3140100,0.0,0.0
2019-05-10 00:00:00-04:00,21.21595761062966,21.476661278646336,21.144039180003954,21.386764526367188,2766500,0.0,0.0
2019-05-13 00:00:00-04:00,21.224952285890737,21.503636051379242,21.16202385961956,21.422727584838867,2151300,0.0,0.0
2019-05-14 00:00:00-04:00,21.404741910821368,21.593528854617013,21.251915038099394,21.323833465576172,3565900,0.0,0.0
2019-05-15 00:00:00-04:00,21.323832560435644,21.5216095136046,21.22494579852166,21.458681106567383,979900,0.0,0.0
2019-05-16 00:00:00-04:00,21.458682053827772,21.674437336624045,21.41373196490944,21.566558837890625,1517100,0.0,0.0
2019-05-17 00:00:00-04:00,21.530604676669927,21.620501442681853,21.377777773910385,21.611513137817383,1666900,0.0,0.0
2019-05-20 00:00:00-04:00,21.602524558188815,21.611514578323415,21.314849057894694,21.422727584838867,1005500,0.0,0.0
2019-05-21 00:00:00-04:00,21.467676623820022,21.791310499825446,21.467676623820022,21.656463623046875,1339700,0.0,0.0
2019-05-22 00:00:00-04:00,21.656454697057473,21.800291534959868,21.59352629480897,21.746353149414062,1120400,0.0,0.0
2019-05-23 00:00:00-04:00,21.746353149414062,21.755343166116756,21.61150632821436,21.746353149414062,1705500,0.0,0.0
2019-05-24 00:00:00-04:00,21.800291879064403,21.99806710563437,21.764331811686013,21.935138702392578,1012900,0.0,0.0
2019-05-28 00:00:00-04:00,22.025039517855223,22.060999589089516,21.638477325439453,21.638477325439453,1584900,0.0,0.0
2019-05-29 00:00:00-04:00,21.566559916081236,21.70140676023657,21.476661448420796,21.602519989013672,2672600,0.0,0.0
2019-05-30 00:00:00-04:00,21.710399969358562,21.81827848934068,21.566563085829674,21.68343162536621,1328000,0.0,0.0
2019-05-31 00:00:00-04:00,21.57555155662622,22.061002289692283,21.57555155662622,21.944133758544922,2006800,0.0,0.0
2019-06-03 00:00:00-04:00,22.043017189857352,22.060997223546547,21.665445055736225,21.935138702392578,2847600,0.0,0.0
2019-06-04 00:00:00-04:00,21.98908199123995,22.034032085484526,21.701408246757747,21.97110366821289,1530900,0.0,0.0
2019-06-05 00:00:00-04:00,21.989080564422824,22.41160284955156,21.98009226082791,22.375642776489258,1507500,0.0,0.0
2019-06-06 00:00:00-04:00,22.429577834021497,22.447556151832533,22.159882490812677,22.366647720336914,1516100,0.0,0.0
2019-06-07 00:00:00-04:00,22.447562723771526,22.49251281813477,22.23180741484028,22.285747528076172,1206100,0.0,0.0
2019-06-10 00:00:00-04:00,22.312716900758502,22.40261537896707,22.159890002205188,22.294736862182617,1621500,0.0,0.0
2019-06-11 00:00:00-04:00,22.141908015483224,22.3666533338951,22.069989582178252,22.222816467285156,1945300,0.0,0.0
2019-06-12 00:00:00-04:00,22.2048397064209,22.348676583145547,22.168879629904325,22.2048397064209,1902600,0.0,0.0
2019-06-13 00:00:00-04:00,22.186823201575343,22.3399600982666,22.150791900197426,22.3399600982666,951000,0.05,0.0
2019-06-14 00:00:00-04:00,22.33995523539388,22.384996499998046,22.231859636641012,22.26789093017578,1217700,0.0,0.0
2019-06-17 00:00:00-04:00,22.267894348096984,22.520120314149032,22.267894348096984,22.502103805541992,1394200,0.0,0.0
2019-06-18 00:00:00-04:00,22.574168121821316,22.718296754379963,22.375991681590385,22.502103805541992,1907900,0.0,0.0
2019-06-19 00:00:00-04:00,22.466069772086584,22.781351761740837,22.430036759258158,22.709285736083984,2827400,0.0,0.0
2019-06-20 00:00:00-04:00,22.8263935879011,22.97052221730286,22.700281466711758,22.853418350219727,1866400,0.0,0.0
2019-06-21 00:00:00-04:00,22.799365616670062,22.799365616670062,22.412019335364352,22.5111083984375,2286600,0.0,0.0
2019-06-24 00:00:00-04:00,22.574167213532423,22.610200229296684,22.303926467895508,22.303926467895508,1265900,0.0,0.0
2019-06-25 00:00:00-04:00,22.26789576238403,22.40301786736991,21.925590667853836,21.934598922729492,1665400,0.0,0.0
2019-06-26 00:00:00-04:00,21.898564654000708,21.916581162724246,21.493203516614113,21.5922908782959,1775100,0.0,0.0
2019-06-27 00:00:00-04:00,21.700386627607955,21.83550699686835,21.682370120200247,21.745426177978516,1229600,0.0,0.0
2019-06-28 00:00:00-04:00,21.754432865076048,22.114754396538764,21.745424612020905,21.898561477661133,4222200,0.0,0.0
2019-07-01 00:00:00-04:00,22.11475783279726,22.16880735952649,21.68237192785656,21.99765396118164,1246500,0.0,0.0
2019-07-02 00:00:00-04:00,22.06971962589531,22.412024725331815,21.9976553040061,22.35797691345215,1770800,0.0,0.0
2019-07-03 00:00:00-04:00,22.412019950672406,22.592181576088258,22.36698040339274,22.547142028808594,1423400,0.0,0.0
2019-07-05 00:00:00-04:00,22.430039538330263,22.700282013580527,22.168807035552057,22.628217697143555,1756000,0.0,0.0
2019-07-08 00:00:00-04:00,22.601188544189032,22.80837319893381,22.56515553389507,22.7273006439209,1286100,0.0,0.0
2019-07-09 00:00:00-04:00,22.68226248324524,22.961511457468866,22.68226248324524,22.952503204345703,1427400,0.0,0.0
2019-07-10 00:00:00-04:00,23.024570795499876,23.348861081597388,22.979531241608044,23.312828063964844,1967000,0.0,0.0
2019-07-11 00:00:00-04:00,23.420923667695096,23.420923667695096,22.700280549794737,22.799367904663086,2271700,0.0,0.0
2019-07-12 00:00:00-04:00,22.799366184049894,23.042583862291984,22.745318383823406,22.94349479675293,1231500,0.0,0.0
2019-07-15 00:00:00-04:00,22.979532818205495,23.249773596395077,22.94349979810077,23.159692764282227,1762200,0.0,0.0
2019-07-16 00:00:00-04:00,23.08762625508873,23.18671533284087,22.97953064131258,22.997547149658203,1510200,0.0,0.0
2019-07-17 00:00:00-04:00,23.078615974299804,23.11464726699577,22.709284485737864,22.88043785095215,1120900,0.0,0.0
2019-07-18 00:00:00-04:00,22.898456419416277,22.95250422240394,22.745319545827336,22.889448165893555,1183500,0.0,0.0
2019-07-19 00:00:00-04:00,22.898455082550004,22.961511135379027,22.403013194766036,22.412019729614258,1367500,0.0,0.0
2019-07-22 00:00:00-04:00,22.430038025840403,22.529127098565333,22.27690114896948,22.394006729125977,1155500,0.0,0.0
2019-07-23 00:00:00-04:00,22.466069194453645,22.76333467005059,22.33995537094533,22.66424560546875,1244000,0.0,0.0
2019-07-24 00:00:00-04:00,22.754332586166818,22.754332586166818,22.412025752887132,22.565162658691406,2987400,0.0,0.0
2019-07-25 00:00:00-04:00,22.592179899840712,22.70928374496837,22.421026540209393,22.439043045043945,1325600,0.0,0.0
2019-07-26 00:00:00-04:00,22.52913032532186,22.59218639221491,22.394009936529756,22.49309730529785,2370800,0.0,0.0
2019-07-29 00:00:00-04:00,22.58317366211648,22.78135179667952,22.54714236738141,22.700279235839844,1383900,0.0,0.0
2019-07-30 00:00:00-04:00,22.50209995412722,22.817381928192034,22.312931800577452,22.366979598999023,4228100,0.0,0.0
2019-07-31 00:00:00-04:00,22.412018481056275,22.601188347153403,21.745423259765815,21.80847930908203,4721700,0.0,0.0
2019-08-01 00:00:00-04:00,21.682367826235893,22.051697598275794,21.556255724021838,21.844512939453125,2147100,0.0,0.0
2019-08-02 00:00:00-04:00,21.880545329041684,21.96161616519933,21.772448017250685,21.80847930908203,1351500,0.0,0.0
2019-08-05 00:00:00-04:00,21.73641022763986,21.77244322969637,21.394105298843527,21.61029815673828,2774700,0.0,0.0
2019-08-06 00:00:00-04:00,21.673358957954644,21.97062441769429,21.511213849342386,21.80847930908203,2787000,0.0,0.0
2019-08-07 00:00:00-04:00,21.844514446677863,22.141779935370625,21.556257211357444,21.943603515625,1866900,0.0,0.0
2019-08-08 00:00:00-04:00,22.060707910819104,22.42102946375118,21.880547993427413,22.37598991394043,1437400,0.0,0.0
2019-08-09 00:00:00-04:00,22.321941221372704,22.42102857063908,22.105748298225222,22.31293296813965,1287900,0.0,0.0
2019-08-12 00:00:00-04:00,22.357969936780137,22.394002945555336,22.069712739172246,22.14177703857422,1195200,0.0,0.0
2019-08-13 00:00:00-04:00,22.132770108086074,22.186817906328027,21.84451289326429,22.096738815307617,1007400,0.0,0.0
2019-08-14 00:00:00-04:00,22.00666174121271,22.123765610303778,21.799477047663757,21.835508346557617,1691500,0.0,0.0
2019-08-15 00:00:00-04:00,21.916582422865652,22.294920537069146,21.871542866615997,22.2048397064209,1812100,0.0,0.0
2019-08-16 00:00:00-04:00,22.222850141474712,22.601188152257986,22.186817131805608,22.439043045043945,3394300,0.0,0.0
2019-08-19 00:00:00-04:00,22.56515553389507,22.77234190678835,22.412018676442734,22.7273006439209,737900,0.0,0.0
2019-08-20 00:00:00-04:00,22.826395907953902,22.835404162975703,22.601194686855816,22.619211196899414,1046700,0.0,0.0
2019-08-21 00:00:00-04:00,22.66424855118922,22.77234588279619,22.55615293773105,22.736312866210938,1497500,0.0,0.0
2019-08-22 00:00:00-04:00,22.772341751819795,23.231752321050465,22.727300489258855,23.10563850402832,2249400,0.0,0.0
2019-08-23 00:00:00-04:00,23.141668105828902,23.222740648349944,22.70928063966728,22.74531364440918,2198200,0.0,0.0
2019-08-26 00:00:00-04:00,22.853415702424975,23.02456735616696,22.745318383823406,22.94349479675293,1719800,0.0,0.0
2019-08-27 00:00:00-04:00,23.06961129432237,23.07861954842858,22.844410096113517,22.853418350219727,1460200,0.0,0.0
2019-08-28 00:00:00-04:00,22.82639314660381,22.988538281083272,22.78135359509229,22.96151351928711,1326000,0.0,0.0
2019-08-29 00:00:00-04:00,23.042587127019488,23.14167620659772,22.952506301780083,23.033578872680664,1629800,0.0,0.0
2019-08-30 00:00:00-04:00,23.060598062551065,23.105637605211466,22.862419951289098,23.04258155822754,2078000,0.0,0.0
2019-09-03 00:00:00-04:00,22.99754163116847,23.2677823189107,22.97051687513489,23.14167022705078,1422900,0.0,0.0
2019-09-04 00:00:00-04:00,23.258774455664618,23.321830502648545,22.95250075475832,23.04258155822754,1874300,0.0,0.0
2019-09-05 00:00:00-04:00,23.01555969341002,23.051592706584252,22.70027941887866,22.84440803527832,3196800,0.0,0.0
2019-09-06 00:00:00-04:00,22.898450478265783,22.898450478265783,22.655232850702664,22.74531364440918,2179500,0.0,0.0
2019-09-09 00:00:00-04:00,22.700284195249008,22.73631549785596,22.339960860285537,22.38500213623047,1866100,0.0,0.0
2019-09-10 00:00:00-04:00,22.25888677743685,22.34896760508989,21.709396993236183,22.015670776367188,3070300,0.0,0.0
2019-09-11 00:00:00-04:00,21.97062951283003,22.195830722984166,21.82650087578329,22.15079116821289,1854500,0.0,0.0
2019-09-12 00:00:00-04:00,22.385473502626393,22.457684640829086,22.069550849020455,22.204946517944336,1748400,0.05,0.0
2019-09-13 00:00:00-04:00,22.268130580815704,22.412552854186796,21.78973072424314,21.997339248657227,2567100,0.0,0.0
2019-09-16 00:00:00-04:00,22.006366566252495,22.385475506159775,21.988315071323193,22.36742401123047,1310900,0.0,0.0
2019-09-17 00:00:00-04:00,22.43060577308598,22.719450316020563,22.43060577308598,22.6833438873291,2434400,0.0,0.0
2019-09-18 00:00:00-04:00,22.782640719705295,22.791667329205918,22.358400403074373,22.520875930786133,3275500,0.0,0.0
2019-09-19 00:00:00-04:00,22.52087448679247,22.890956844340437,22.52087448679247,22.80971908569336,1255900,0.0,0.0
2019-09-20 00:00:00-04:00,22.899980867034515,22.99024350275995,22.764583470147524,22.863874435424805,2909800,0.0,0.0
2019-09-23 00:00:00-04:00,22.836791173379357,23.071477778559476,22.836791173379357,22.90900230407715,2245500,0.0,0.0
2019-09-24 00:00:00-04:00,22.963165530375502,23.24298349033321,22.9541389224221,23.107587814331055,1315300,0.0,0.0
2019-09-25 00:00:00-04:00,23.11661739875801,23.242986483077924,22.97219509620678,23.17980194091797,1907400,0.0,0.0
2019-09-26 00:00:00-04:00,23.252012288194102,23.495725560940897,23.252012288194102,23.333250045776367,1145300,0.0,0.0
2019-09-27 00:00:00-04:00,23.35130011303567,23.441562745594457,23.161744797033624,23.279088973999023,946600,0.0,0.0
2019-09-30 00:00:00-04:00,23.32422673399644,23.39643789298266,23.233962354851208,23.36935806274414,1334800,0.0,0.0
2019-10-01 00:00:00-04:00,23.36033145266463,23.486702272127893,23.11661986711729,23.36935806274414,1160200,0.0,0.0
2019-10-02 00:00:00-04:00,23.378382306122806,23.51377800030901,23.315197763612556,23.50475311279297,2068500,0.0,0.0
2019-10-03 00:00:00-04:00,23.56793394643202,23.640145086744152,23.324220702260064,23.405458450317383,2446300,0.0,0.0
2019-10-04 00:00:00-04:00,23.450593457798757,23.58598915198496,23.41448874278561,23.50475311279297,1116500,0.0,0.0
2019-10-07 00:00:00-04:00,23.423512539478356,23.540855001243788,23.360326282905252,23.414485931396484,2035000,0.0,0.0
2019-10-08 00:00:00-04:00,23.351300066715645,23.576960090963713,23.21590267484732,23.52280044555664,3176200,0.0,0.0
2019-10-09 00:00:00-04:00,23.631117900859312,23.703329039404785,23.44156258614661,23.62209129333496,1515800,0.0,0.0
2019-10-10 00:00:00-04:00,23.658197080829027,23.802621086156467,23.585985938990017,23.694303512573242,1966000,0.0,0.0
2019-10-11 00:00:00-04:00,23.676250925510725,23.829699821200194,23.468644102415997,23.558908462524414,2163400,0.0,0.0
2019-10-14 00:00:00-04:00,23.595009512018418,23.595009512018418,23.432534033366696,23.540851593017578,2090600,0.0,0.0
2019-10-15 00:00:00-04:00,23.558908705584983,23.595013417011163,23.306168839003757,23.360326766967773,2390600,0.0,0.0
2019-10-16 00:00:00-04:00,23.324220612123256,23.333247219833563,23.071480761182823,23.242982864379883,3799200,0.0,0.0
2019-10-17 00:00:00-04:00,23.24298002741972,23.36934907664106,23.125637584806924,23.1527156829834,3116600,0.0,0.0
2019-10-18 00:00:00-04:00,23.161742399148086,23.3151912689209,23.062451447633567,23.3151912689209,3206400,0.0,0.0
2019-10-21 00:00:00-04:00,23.30616702887642,23.531827053124488,23.224929282415168,23.52280044555664,2338200,0.0,0.0
2019-10-22 00:00:00-04:00,23.54987975468832,23.60403767726497,23.21590216855879,23.23395538330078,2149500,0.0,0.0
2019-10-23 00:00:00-04:00,23.252006956108307,23.38740261381366,23.116611298402955,23.378376007080078,2527700,0.0,0.0
2019-10-24 00:00:00-04:00,23.441558918907376,23.81164116126276,23.36032118554653,23.784563064575195,2213700,0.0,0.0
2019-10-25 00:00:00-04:00,23.748461438540144,23.847752404187315,23.567934444767335,23.694303512573242,2353400,0.0,0.0
2019-10-28 00:00:00-04:00,23.658192300653276,23.802616276799622,23.549876470604865,23.784563064575195,3139500,0.0,0.0
2019-10-29 00:00:00-04:00,23.74846322462554,24.073414248164852,23.6491739731604,23.793596267700195,4375300,0.0,0.0
2019-10-30 00:00:00-04:00,23.8387209795994,23.88385228851139,23.45058552501959,23.784563064575195,3175600,0.0,0.0
2019-10-31 00:00:00-04:00,23.820668357047786,24.06438156316337,23.694299311646724,23.892879486083984,3385800,0.0,0.0
2019-11-01 00:00:00-04:00,23.9470444554176,24.028282208875385,23.703331195044246,23.766515731811523,4513300,0.0,0.0
2019-11-04 00:00:00-05:00,23.70332991562891,23.712356523486942,23.486696491984365,23.631118774414062,1775300,0.0,0.0
2019-11-05 00:00:00-05:00,23.558911446301206,23.558911446301206,23.161749244512574,23.206880569458008,2654200,0.0,0.0
2019-11-06 00:00:00-05:00,23.23395804031711,23.432538260240506,23.080509140760547,23.342275619506836,3323400,0.0,0.0
2019-11-07 00:00:00-05:00,23.279088273498687,23.315192981105888,22.936084082159073,22.99024200439453,3357700,0.0,0.0
2019-11-08 00:00:00-05:00,22.981220501431462,23.35130459691271,22.88193124222157,23.206880569458008,2616400,0.0,0.0
2019-11-11 00:00:00-05:00,23.279086563965095,23.468640138693708,23.206873710755133,23.3151912689209,1980700,0.0,0.0
2019-11-12 00:00:00-05:00,23.31519084009738,23.54085083728053,23.170768579632092,23.18882179260254,2517100,0.0,0.0
2019-11-13 00:00:00-05:00,23.2700688424435,23.62209802801025,23.17980446311489,23.53183364868164,2345100,0.0,0.0
2019-11-14 00:00:00-05:00,23.57696452269142,23.73041343688965,23.513778257839473,23.73041343688965,1705200,0.0,0.0
2019-11-15 00:00:00-05:00,23.775544313789386,23.956073052381342,23.667226726304282,23.928993225097656,1460300,0.0,0.0
2019-11-18 00:00:00-05:00,23.965093565073868,24.163675485604447,23.865804326457912,23.88385581970215,1939700,0.0,0.0
2019-11-19 00:00:00-05:00,23.90191074005985,24.11854416929203,23.802621494359347,23.8206729888916,1362400,0.0,0.0
2019-11-20 00:00:00-05:00,23.79359444695245,24.073412406004714,23.757488015255685,23.956069946289062,2773700,0.0,0.0
2019-11-21 00:00:00-05:00,23.919961357365487,23.947041178695866,23.540852466986554,23.54987907409668,2603700,0.0,0.0
2019-11-22 00:00:00-05:00,23.640144555157576,23.78456683253427,23.342273392861976,23.70332908630371,1685400,0.0,0.0
2019-11-25 00:00:00-05:00,23.820669070953713,23.97411793996064,23.721379841583943,23.919960021972656,1551500,0.0,0.0
2019-11-26 00:00:00-05:00,23.956066435520597,24.434464533847432,23.919960009115236,24.425437927246094,2797600,0.0,0.0
2019-11-27 00:00:00-05:00,24.416416841337103,24.43447005862172,24.217836616154997,24.362258911132812,1825800,0.0,0.0
2019-11-29 00:00:00-05:00,24.326151281944448,24.49765166063981,24.07341143520746,24.109516143798828,1338100,0.0,0.0
2019-12-02 00:00:00-05:00,24.05536103093499,24.14562539543475,23.7665164418554,23.793596267700195,1274600,0.0,0.0
2019-12-03 00:00:00-05:00,23.820668968566647,24.028277476318372,23.811642361999255,24.019250869750977,1506500,0.0,0.0
2019-12-04 00:00:00-05:00,23.901913397813967,24.11854685113453,23.892886788719405,23.928993225097656,1487800,0.0,0.0
2019-12-05 00:00:00-05:00,23.892885519165333,23.94704517085492,23.685278685970573,23.793596267700195,896600,0.0,0.0
2019-12-06 00:00:00-05:00,23.739430034014127,23.865800797936043,23.694298725102133,23.784563064575195,756800,0.0,0.0
2019-12-09 00:00:00-05:00,23.775541509142354,23.85677925976068,23.604039399875955,23.838726043701172,1196000,0.0,0.0
2019-12-10 00:00:00-05:00,23.883857233593876,23.9470434894619,23.558907954519768,23.595012664794922,969400,0.0,0.0
2019-12-11 00:00:00-05:00,23.595010745562462,23.613063960056294,23.14369071311238,23.270061492919922,1730400,0.0,0.0
2019-12-12 00:00:00-05:00,23.242979699127012,23.333244042288403,22.84581762220638,22.92705535888672,1380600,0.0,0.0
2019-12-13 00:00:00-05:00,22.972190083608094,23.215901589953706,22.845819305213002,23.125638961791992,2164100,0.0,0.0
2019-12-16 00:00:00-05:00,23.143689185845595,23.36934918717919,22.96316221776823,23.3151912689209,2129200,0.0,0.0
2019-12-17 00:00:00-05:00,23.3332466614685,23.3422732689628,22.80971547834452,22.872900009155273,1707800,0.0,0.0
2019-12-18 00:00:00-05:00,22.845818546156806,23.026347239780684,22.80971384042156,23.01732063293457,966900,0.0,0.0
2019-12-19 00:00:00-05:00,23.044402774591937,23.143692016601562,22.94511181093292,23.143692016601562,976800,0.0,0.0
2019-12-20 00:00:00-05:00,23.170769217155254,23.41448243401441,23.161742610421673,23.378376007080078,1468700,0.0,0.0
2019-12-23 00:00:00-05:00,23.46864707476065,23.46864707476065,23.170775853831596,23.206880569458008,810700,0.0,0.0
2019-12-24 00:00:00-05:00,23.224923996304913,23.37837284673384,23.17076608487381,23.324214935302734,345600,0.0,0.0
2019-12-26 00:00:00-05:00,23.360321761805892,23.396428187145432,23.242979322750628,23.387401580810547,484800,0.0,0.0
2019-12-27 00:00:00-05:00,23.46863921599616,23.504745641181575,23.342270171145433,23.486692428588867,570900,0.0,0.0
2019-12-30 00:00:00-05:00,23.39643019652308,23.558905681206806,23.387403589412955,23.54987907409668,882500,0.0,0.0
2019-12-31 00:00:00-05:00,23.57701300806137,23.739800487396362,23.54083897096208,23.703624725341797,1046900,0.05,0.0
2020-01-02 00:00:00-05:00,23.794056392382284,23.794056392382284,23.251432173380607,23.423263549804688,1161400,0.0,0.0
2020-01-03 00:00:00-05:00,23.40518015993246,23.884498628173805,23.31474421022537,23.785017013549805,1106000,0.0,0.0
2020-01-06 00:00:00-05:00,23.748837962448082,23.993019114973883,23.604138403533856,23.893537521362305,1993400,0.0,0.0
2020-01-07 00:00:00-05:00,23.803105891967494,23.893543570423436,23.251437605845954,23.49561882019043,1511600,0.0,0.0
2020-01-08 00:00:00-05:00,23.486572724187035,23.57701039434236,23.296655169320427,23.441354751586914,1608500,0.0,0.0
2020-01-09 00:00:00-05:00,23.432313181644602,23.57701277854369,23.387095204471862,23.39613914489746,1585100,0.0,0.0
2020-01-10 00:00:00-05:00,23.369004004084534,23.7850148548368,23.369004004084534,23.73075294494629,1424300,0.0,0.0
2020-01-13 00:00:00-05:00,23.748839605806342,24.065370559692383,23.667445882665508,24.065370559692383,1155700,0.0,0.0
2020-01-14 00:00:00-05:00,24.04728510784402,24.04728510784402,23.82119179297144,23.947803497314453,951200,0.0,0.0
2020-01-15 00:00:00-05:00,24.065374405929724,24.28242379401013,24.03824258556147,24.092504501342773,1389500,0.0,0.0
2020-01-16 00:00:00-05:00,24.146769012859664,24.481386184692383,24.074419214223784,24.481386184692383,836200,0.0,0.0
2020-01-17 00:00:00-05:00,24.46329590052799,24.46329590052799,24.27337834462447,24.372859954833984,1377200,0.0,0.0
2020-01-21 00:00:00-05:00,24.390949209055687,24.49947477261907,24.31859940833187,24.49043083190918,1778000,0.0,0.0
2020-01-22 00:00:00-05:00,24.535648770380167,24.75269989715199,24.427124931949567,24.58991241455078,3068400,0.0,0.0
2020-01-23 00:00:00-05:00,24.62608784903819,24.7707874584558,24.517564004452684,24.7346134185791,1256900,0.0,0.0
2020-01-24 00:00:00-05:00,24.770781236535935,24.90643859562654,24.60799378559119,24.752695083618164,750100,0.0,0.0
2020-01-27 00:00:00-05:00,24.617039158630714,24.843132470346497,24.571821186269588,24.671302795410156,2447200,0.0,0.0
2020-01-28 00:00:00-05:00,24.65321842425304,25.024011370228585,24.57182468245789,24.969749450683594,1562100,0.0,0.0
2020-01-29 00:00:00-05:00,25.06922796475873,25.1054037257614,24.80696059731029,24.8521785736084,1569200,0.0,0.0
2020-01-30 00:00:00-05:00,24.77982870699887,25.150621631459238,24.635129113304835,25.0511417388916,1245200,0.0,0.0
2020-01-31 00:00:00-05:00,25.0420952242674,25.159662985199294,24.653214459334528,24.716520309448242,1458900,0.0,0.0
2020-02-03 00:00:00-05:00,24.75269888818514,25.11444787646709,24.689391305899964,25.005922317504883,1633200,0.0,0.0
2020-02-04 00:00:00-05:00,25.02400730576395,25.304362523658263,24.969745395032316,25.042095184326172,1337900,0.0,0.0
2020-02-05 00:00:00-05:00,25.04209832288582,25.141578217535923,24.960704584109664,25.060184478759766,988500,0.0,0.0
2020-02-06 00:00:00-05:00,25.12349156702744,25.313409137129177,25.005922068907605,25.078271865844727,960800,0.0,0.0
2020-02-07 00:00:00-05:00,25.096357353844706,25.331494602713175,25.04209544255354,25.22296905517578,1011400,0.0,0.0
2020-02-10 00:00:00-05:00,25.30436417537477,25.629939110926216,25.268190140844137,25.59376335144043,2141200,0.0,0.0
2020-02-11 00:00:00-05:00,25.602811555627586,27.03172151916246,25.58472539782748,25.675161361694336,2889300,0.0,0.0
2020-02-12 00:00:00-05:00,25.693247036129037,26.045952094770197,25.557591377032843,25.973602294921875,1644600,0.0,0.0
2020-02-13 00:00:00-05:00,25.991692624967282,26.434835406409,25.928386759754957,26.407705307006836,1418600,0.0,0.0
2020-02-14 00:00:00-05:00,26.498134566620344,26.697097778320312,26.32630489736767,26.697097778320312,918200,0.0,0.0
2020-02-18 00:00:00-05:00,26.724230522487762,26.823712138208506,26.44387528040362,26.480051040649414,2393800,0.0,0.0
2020-02-19 00:00:00-05:00,26.36248353537386,26.380571416862526,25.982646648888398,26.154478073120117,2348800,0.0,0.0
2020-02-20 00:00:00-05:00,26.190648024362524,26.353435482448614,25.991686533899003,26.326305389404297,1911200,0.0,0.0
2020-02-21 00:00:00-05:00,26.335352734077254,26.389614652137368,25.9916898948009,26.018821716308594,1437900,0.0,0.0
2020-02-24 00:00:00-05:00,25.792727257438006,26.01882058530835,25.62089584526909,25.702289581298828,2511100,0.0,0.0
2020-02-25 00:00:00-05:00,25.756552623800054,25.81081626683061,24.870267153764264,24.987834930419922,1856500,0.0,0.0
2020-02-26 00:00:00-05:00,25.042097441377738,25.132535117384993,24.535647145719185,24.54469108581543,1961600,0.0,0.0
2020-02-27 00:00:00-05:00,24.21912103766535,24.327644883116818,23.206222038704265,23.22430992126465,2276500,0.0,0.0
2020-02-28 00:00:00-05:00,22.844470193916504,23.93876107948414,21.985314852803153,23.41422462463379,4227500,0.0,0.0
2020-03-02 00:00:00-05:00,23.54988293251281,24.761741638183594,23.450401311729163,24.761741638183594,3718500,0.0,0.0
2020-03-03 00:00:00-05:00,24.797914221059205,25.693243518460672,24.653214641173417,25.195838928222656,4927100,0.0,0.0
2020-03-04 00:00:00-05:00,25.575676165970474,26.10021258268982,25.566632226463494,25.95551300048828,3298100,0.0,0.0
2020-03-05 00:00:00-05:00,25.530456255966357,26.98649773032635,25.512368377102923,25.928380966186523,4445400,0.0,0.0
2020-03-06 00:00:00-05:00,25.584719393552092,26.217779616829393,25.150618934071762,26.172561645507812,3501100,0.0,0.0
2020-03-09 00:00:00-04:00,24.806958185516713,25.837943124484696,24.635126787370364,25.096357345581055,7605200,0.0,0.0
2020-03-10 00:00:00-04:00,25.349585118357655,26.407701985854874,24.996878345888423,26.38961410522461,6723100,0.0,0.0
2020-03-11 00:00:00-04:00,25.846995440274092,26.606669344113396,24.255297819132487,24.472347259521484,8103200,0.0,0.0
2020-03-12 00:00:00-04:00,22.886758446409882,25.777050251847726,22.651185905613698,23.475688934326172,8115900,0.05,0.0
2020-03-13 00:00:00-04:00,24.417975755372847,25.41462641628757,23.59347283951177,25.31496238708496,6991700,0.0,0.0
2020-03-16 00:00:00-04:00,23.276360679429267,24.046501397430134,21.57299041748047,21.57299041748047,5618800,0.0,0.0
2020-03-17 00:00:00-04:00,22.125676874251074,22.91393884759529,20.096130970102227,21.998830795288086,3617100,0.0,0.0
2020-03-18 00:00:00-04:00,20.848148268545344,21.772316915477795,18.13000640920146,20.56727409362793,3582600,0.0,0.0
2020-03-19 00:00:00-04:00,20.34982348789808,21.808560334361836,18.818604647729305,18.827665328979492,5109900,0.0,0.0
2020-03-20 00:00:00-04:00,18.99075694259223,19.81526185179311,17.251147202643622,17.695110321044922,4191300,0.0,0.0
2020-03-23 00:00:00-04:00,17.586383338454866,17.713229446278785,15.855832603934477,16.44476318359375,4436200,0.0,0.0
2020-03-24 00:00:00-04:00,17.223964904719523,18.45619018094564,16.943090635514558,18.410886764526367,2550800,0.0,0.0
2020-03-25 00:00:00-04:00,18.510549573603456,19.543443107658813,16.93402722704325,18.791423797607422,6031600,0.0,0.0
2020-03-26 00:00:00-04:00,18.918268581242916,20.01458681241688,18.302157812949353,19.869619369506836,4796100,0.0,0.0
2020-03-27 00:00:00-04:00,19.25350480477878,21.518623017105693,19.026992983546087,20.956872940063477,3785400,0.0,0.0
2020-03-30 00:00:00-04:00,21.174330269966344,21.60017196146163,19.76089496344247,20.929697036743164,4221900,0.0,0.0
2020-03-31 00:00:00-04:00,20.67599906315908,21.346473856278703,19.960222596400214,21.02029800415039,4912100,0.0,0.0
2020-04-01 00:00:00-04:00,20.17767787135383,20.268282965329266,18.918270694206996,19.779016494750977,3134700,0.0,0.0
2020-04-02 00:00:00-04:00,19.11760393327981,20.05083181756233,18.83672967250873,19.217267990112305,2867000,0.0,0.0
2020-04-03 00:00:00-04:00,18.972634290306356,19.33505292856254,18.057526148616752,18.70081901550293,3719400,0.0,0.0
2020-04-06 00:00:00-04:00,18.764239779990064,20.503850760281722,18.764239779990064,20.15955352783203,3043700,0.0,0.0
2020-04-07 00:00:00-04:00,21.056540991478577,21.27399215620602,20.358884091218723,20.47667121887207,2653500,0.0,0.0
2020-04-08 00:00:00-04:00,20.730361675783726,21.745135422554778,20.14143127038582,21.645469665527344,2572400,0.0,0.0
2020-04-09 00:00:00-04:00,21.87199206851204,22.868644936249183,21.717963882333127,22.370319366455078,4469200,0.0,0.0
2020-04-13 00:00:00-04:00,22.261586986242513,22.334070717727876,21.55487103629734,21.808563232421875,2113900,0.0,0.0
2020-04-14 00:00:00-04:00,22.225344234695573,22.91394049366519,21.962589648655914,22.868637084960938,1917800,0.0,0.0
2020-04-15 00:00:00-04:00,22.352192171974636,22.624005734094027,21.699838585999007,22.3068904876709,2470800,0.0,0.0
2020-04-16 00:00:00-04:00,22.442793192968566,22.442793192968566,21.228689610114152,21.527685165405273,3151300,0.0,0.0
2020-04-17 00:00:00-04:00,22.098495166817866,22.587761584221834,21.609230477562143,22.515277862548828,1924200,0.0,0.0
2020-04-20 00:00:00-04:00,22.22534618363582,22.334070917763423,21.09278678894043,21.09278678894043,2492000,0.0,0.0
2020-04-21 00:00:00-04:00,20.521973715987734,21.056541832003585,19.933043238657074,19.96928596496582,3678100,0.0,0.0
2020-04-22 00:00:00-04:00,20.639761037948446,21.56392810138326,20.494793587678345,21.201509475708008,3866600,0.0,0.0
2020-04-23 00:00:00-04:00,21.346480753395632,21.654537072491085,20.639764738652005,20.811912536621094,1723900,0.0,0.0
2020-04-24 00:00:00-04:00,20.984060071655897,21.264934314245455,20.630702097812627,20.857213973999023,1761700,0.0,0.0
2020-04-27 00:00:00-04:00,21.110905423555284,21.48238474912633,20.884393555370576,21.428022384643555,1943200,0.0,0.0
2020-04-28 00:00:00-04:00,21.99883314681187,22.343130424292216,21.273994135468843,21.364599227905273,2181900,0.0,0.0
2020-04-29 00:00:00-04:00,21.690778975294982,22.189104439853324,21.129028730169583,21.92635154724121,2280900,0.0,0.0
2020-04-30 00:00:00-04:00,21.699838606127482,21.980712850997854,21.183390072584018,21.871986389160156,1967800,0.0,0.0
2020-05-01 00:00:00-04:00,21.563930615969255,21.690778445858655,20.820971914660937,21.06560516357422,1308300,0.0,0.0
2020-05-04 00:00:00-04:00,20.739425583080752,21.409900488883608,20.630700856814542,21.391780853271484,1737700,0.0,0.0
2020-05-05 00:00:00-04:00,21.545809859875664,22.397493253265548,21.44614408331259,22.334070205688477,3456000,0.0,0.0
2020-05-06 00:00:00-04:00,22.406558709114766,22.50622450691113,21.69078194063295,21.71796226501465,1923400,0.0,0.0
2020-05-07 00:00:00-04:00,21.980709864786146,23.24011518250408,21.862922736451686,22.904878616333008,3107500,0.0,0.0
2020-05-08 00:00:00-04:00,23.167630990064122,23.35790183652987,22.288765662703117,22.497156143188477,2138100,0.0,0.0
2020-05-11 00:00:00-04:00,22.325009102751636,22.732731155418936,22.279707420521227,22.361251831054688,2253600,0.0,0.0
2020-05-12 00:00:00-04:00,22.397493501414207,22.46997723204085,21.446144320920958,21.57299041748047,3746300,0.0,0.0
2020-05-13 00:00:00-04:00,21.473327569542644,21.509568572809673,20.630703073764472,20.975000381469727,2344900,0.0,0.0
2020-05-14 00:00:00-04:00,20.58539544924119,20.92969441467682,19.933041970521124,20.893451690673828,2707600,0.0,0.0
2020-05-15 00:00:00-04:00,20.74848572841247,20.974997585115986,20.413249148254323,20.920635223388672,1773500,0.0,0.0
2020-05-18 00:00:00-04:00,21.73607892916362,22.035074529694153,21.44614401084898,21.66359519958496,2556000,0.0,0.0
2020-05-19 00:00:00-04:00,21.554867856214976,21.98070949984668,21.509564450627636,21.78137969970703,2571900,0.0,0.0
2020-05-20 00:00:00-04:00,22.14380349187699,22.198165863170484,20.956879909620046,21.418964385986328,3587700,0.0,0.0
2020-05-21 00:00:00-04:00,21.36459940072936,21.890106867333536,21.192449896522422,21.817623138427734,2138600,0.0,0.0
2020-05-22 00:00:00-04:00,21.862922607112104,21.94446700989255,21.328356240654426,21.908226013183594,2206100,0.0,0.0
2020-05-26 00:00:00-04:00,22.59682273864746,22.79615254538531,22.297827164466543,22.59682273864746,1697100,0.0,0.0
2020-05-27 00:00:00-04:00,23.131389935392107,23.131389935392107,22.170978480704154,22.388429641723633,1518500,0.0,0.0
2020-05-28 00:00:00-04:00,22.65118521392238,22.90487911045169,22.089435060231857,22.660245895385742,2173000,0.0,0.0
2020-05-29 00:00:00-04:00,22.45185609377183,23.176693351556512,22.170980144250468,22.868637084960938,3042000,0.0,0.0
2020-06-01 00:00:00-04:00,22.913939481268493,24.08273972382424,22.886757437246914,23.85622787475586,2051700,0.0,0.0
2020-06-02 00:00:00-04:00,24.01931613764316,24.137101536101188,23.693138529377503,23.99213409423828,1943700,0.0,0.0
2020-06-03 00:00:00-04:00,24.245830575252985,24.87100381525688,24.128043436046536,24.807579040527344,2002900,0.0,0.0
2020-06-04 00:00:00-04:00,24.698858231795903,24.698858231795903,23.865294355536257,24.200531005859375,2015900,0.0,0.0
2020-06-05 00:00:00-04:00,25.043151615880756,25.668324856510967,24.60824924333296,24.63543128967285,2930300,0.0,0.0
2020-06-08 00:00:00-04:00,24.898187399332674,25.42369493326973,24.78040197282464,25.33308982849121,2492400,0.0,0.0
2020-06-09 00:00:00-04:00,24.907245444061545,25.6502041138721,24.744156618366848,25.342147827148438,3251500,0.0,0.0
2020-06-10 00:00:00-04:00,25.179055254312377,25.35120299675725,24.22770455401794,24.79851531982422,2154900,0.0,0.0
2020-06-11 00:00:00-04:00,23.76562337141572,24.17334540098145,23.466627792450286,24.001195907592773,3548000,0.0,0.0
2020-06-12 00:00:00-04:00,24.82725903523995,24.82725903523995,24.037506351683938,24.645706176757812,2097700,0.05,0.0
2020-06-15 00:00:00-04:00,23.93765482711541,25.126821078213105,23.75610196112985,24.927112579345703,1935000,0.0,0.0
2020-06-16 00:00:00-04:00,25.707785928383565,25.707785928383565,25.081430483073817,25.353759765625,2128700,0.0,0.0
2020-06-17 00:00:00-04:00,25.471771055639156,25.50808232369763,24.781872545277178,24.863571166992188,1916800,0.0,0.0
2020-06-18 00:00:00-04:00,24.56400913952448,24.80910499477496,24.037507893847426,24.672941207885742,2046300,0.0,0.0
2020-06-19 00:00:00-04:00,25.07235340195997,25.14497419480364,24.273522949263292,24.436920166015625,4279800,0.0,0.0
2020-06-22 00:00:00-04:00,24.327989953913704,24.73648302673833,23.96488596218982,24.663862228393555,1415900,0.0,0.0
2020-06-23 00:00:00-04:00,25.017889507457443,25.18128674379488,24.736484117885453,24.809104919433594,1949500,0.0,0.0
2020-06-24 00:00:00-04:00,24.518620770265308,24.754638799073735,23.874109666323747,24.39153480529785,2114600,0.0,0.0
2020-06-25 00:00:00-04:00,24.3643008323349,24.84541469587302,24.09197327571567,24.827259063720703,2344400,0.0,0.0
2020-06-26 00:00:00-04:00,24.709254155178595,24.918040504084416,24.40061527218744,24.473236083984375,5325200,0.0,0.0
2020-06-29 00:00:00-04:00,24.591243057078838,24.61847650754113,23.810568124658392,24.19182777404785,1398400,0.0,0.0
2020-06-30 00:00:00-04:00,24.25537068961315,24.56400953495259,24.16459598450339,24.41876792907715,1906900,0.0,0.0
2020-07-01 00:00:00-04:00,24.473229951888143,25.471767162461635,24.309834464848517,25.362836837768555,2059700,0.0,0.0
2020-07-02 00:00:00-04:00,25.689633567458312,25.689633567458312,24.80002827364053,24.999736785888672,963400,0.0,0.0
2020-07-06 00:00:00-04:00,25.42638107341612,25.42638107341612,24.781869983339913,24.827259063720703,879700,0.0,0.0
2020-07-07 00:00:00-04:00,24.564008509510614,24.654784942247367,24.119205893658616,24.137361526489258,1154000,0.0,0.0
2020-07-08 00:00:00-04:00,24.24629105946347,24.47323126809828,24.146438545027298,24.37337875366211,1596600,0.0,0.0
2020-07-09 00:00:00-04:00,24.22813979129352,24.446002207486035,24.028431277887947,24.273527145385742,1806300,0.0,0.0
2020-07-10 00:00:00-04:00,24.309838826857543,24.455080440120454,23.992122148563706,24.110130310058594,1532300,0.0,0.0
2020-07-13 00:00:00-04:00,24.18274200974096,24.67293356846509,23.946724044216296,23.99211311340332,1418100,0.0,0.0
2020-07-14 00:00:00-04:00,23.901343691714914,24.636629513275576,23.874110242243606,24.564008712768555,1622800,0.0,0.0
2020-07-15 00:00:00-04:00,24.61847752914867,24.80002867884831,24.291683035706086,24.745563507080078,1495000,0.0,0.0
2020-07-16 00:00:00-04:00,24.682017873492978,24.88172463618944,24.509542828054517,24.754638671875,1398500,0.0,0.0
2020-07-17 00:00:00-04:00,24.927114084063323,25.344685008470066,24.800028109051794,25.18128776550293,1337900,0.0,0.0
2020-07-20 00:00:00-04:00,25.08142868127888,25.190360732757185,24.836334595431083,24.99065399169922,972400,0.0,0.0
2020-07-21 00:00:00-04:00,24.990657713948,25.10866586682809,24.772795309957967,24.945268630981445,1734800,0.0,0.0
2020-07-22 00:00:00-04:00,24.872646588454455,25.598856296931668,24.872646588454455,25.571622848510742,1455900,0.0,0.0
2020-07-23 00:00:00-04:00,25.562545225756082,25.70778682226703,24.84541505941034,25.072355270385742,1288500,0.0,0.0
2020-07-24 00:00:00-04:00,25.081431398885904,25.13589829623473,24.682017873492978,24.754638671875,1107000,0.0,0.0
2020-07-27 00:00:00-04:00,24.65478438185447,25.13589825243223,24.42784417087907,25.072355270385742,1191300,0.0,0.0
2020-07-28 00:00:00-04:00,24.9634214717303,25.68962940379594,24.93618802499673,25.544387817382812,1305000,0.0,0.0
2020-07-29 00:00:00-04:00,25.75317137994168,26.043654521942173,25.68055059444156,25.916566848754883,2055400,0.0,0.0
2020-07-30 00:00:00-04:00,25.589782126087616,26.34322365889805,25.54439303892034,26.207059860229492,1478900,0.0,0.0
2020-07-31 00:00:00-04:00,26.234289178189698,26.388608597590316,25.753177018200372,26.32506561279297,1570600,0.0,0.0
2020-08-03 00:00:00-04:00,26.234286482022405,26.31598509162732,25.94380330627885,26.061811447143555,1144600,0.0,0.0
2020-08-04 00:00:00-04:00,25.998267732937837,26.588313614807717,25.998267732937837,26.479381561279297,1690900,0.0,0.0
2020-08-05 00:00:00-04:00,26.542927932917635,26.633704367233378,26.18890174364436,26.370452880859375,794300,0.0,0.0
2020-08-06 00:00:00-04:00,26.243368982916454,26.46123140361907,26.13443863827345,26.279680252075195,1377600,0.0,0.0
2020-08-07 00:00:00-04:00,26.125357219508448,26.606469349622444,25.97103780969051,26.524770736694336,1331900,0.0,0.0
2020-08-10 00:00:00-04:00,26.55200555910985,26.70632497691518,25.898418353272458,26.034582138061523,1395800,0.0,0.0
2020-08-11 00:00:00-04:00,26.179821487136135,26.207054934317664,25.53531042183702,25.562543869018555,2244200,0.0,0.0
2020-08-12 00:00:00-04:00,25.725942418933837,26.252443638408444,25.725942418933837,26.225210189819336,1610100,0.0,0.0
2020-08-13 00:00:00-04:00,26.20705952516003,26.606473098625557,25.789488585643102,25.871187210083008,1539100,0.0,0.0
2020-08-14 00:00:00-04:00,25.898418897121438,25.898418897121438,25.462692352663424,25.508081436157227,1137700,0.0,0.0
2020-08-17 00:00:00-04:00,25.508078542663508,26.134433972495746,25.3900686703825,26.061811447143555,1047400,0.0,0.0
2020-08-18 00:00:00-04:00,25.62608370675439,26.09811967821324,25.508075579597726,25.916566848754883,7023200,0.0,0.0
2020-08-19 00:00:00-04:00,26.034583787613148,26.125360227029606,25.480849065447646,25.653324127197266,2049000,0.0,0.0
2020-08-20 00:00:00-04:00,25.644242773874307,26.107200992783234,25.644242773874307,25.85302734375,1700100,0.0,0.0
2020-08-21 00:00:00-04:00,25.92564553297672,26.107198368524788,25.698705354249714,26.043655395507812,1512400,0.0,0.0
2020-08-24 00:00:00-04:00,26.043659607010817,26.07089132475534,25.344683327960766,25.88026237487793,1764100,0.0,0.0
2020-08-25 00:00:00-04:00,25.880263186922964,26.025504790839122,25.399149291815373,25.644245147705078,1680200,0.0,0.0
2020-08-26 00:00:00-04:00,25.59885812176744,25.707788460383554,25.30837317881926,25.61701202392578,2250700,0.0,0.0
2020-08-27 00:00:00-04:00,25.689631671535846,25.91657188676643,25.444537554963304,25.69870948791504,1033100,0.0,0.0
2020-08-28 00:00:00-04:00,25.807637401861786,26.052733210426833,25.662395825989794,26.043655395507812,1494500,0.0,0.0
2020-08-31 00:00:00-04:00,26.034581299653215,26.25244369458305,25.952882685127474,25.99827003479004,1828500,0.0,0.0
2020-09-01 00:00:00-04:00,25.898414878933576,26.19797585784923,25.716862035959625,26.00734519958496,1105300,0.0,0.0
2020-09-02 00:00:00-04:00,25.934726243950678,26.660935935820504,25.81671809965812,26.642780303955078,1201000,0.0,0.0
2020-09-03 00:00:00-04:00,26.660937540882955,26.860644309176475,25.925649988814065,26.07996940612793,1229900,0.0,0.0
2020-09-04 00:00:00-04:00,26.089043805781614,26.352295254952217,25.489921847950306,26.00734519958496,2028700,0.0,0.0
2020-09-08 00:00:00-04:00,25.92564938756731,25.98919237003177,25.56254539390152,25.81671905517578,2873500,0.0,0.0
2020-09-09 00:00:00-04:00,25.9891914714795,26.588315204584426,25.9891914714795,26.506616592407227,1938000,0.0,0.0
2020-09-10 00:00:00-04:00,26.36137729045389,26.588317514794234,26.234289587460076,26.252445220947266,1748000,0.0,0.0
2020-09-11 00:00:00-04:00,26.25244111789696,26.388604884936537,25.834870270037193,26.052734375,1783900,0.0,0.0
2020-09-14 00:00:00-04:00,26.334634267281793,27.071205075153536,26.207326503449334,27.007551193237305,1862200,0.05,0.0
2020-09-15 00:00:00-04:00,27.08939088861186,27.416753939478923,26.87114654211635,27.01664161682129,2055700,0.0,0.0
2020-09-16 00:00:00-04:00,27.171230596281514,27.37128762663903,26.66199783020788,26.70746612548828,2039900,0.0,0.0
2020-09-17 00:00:00-04:00,26.516503034238163,26.634718868777604,25.943616383159608,26.216419219970703,1996400,0.0,0.0
2020-09-18 00:00:00-04:00,26.04364057148363,26.22551026753887,25.761744103592175,25.925426483154297,2973100,0.0,0.0
2020-09-21 00:00:00-04:00,25.598068361421642,25.634443003839554,24.83421821502963,25.288890838623047,2393300,0.0,0.0
2020-09-22 00:00:00-04:00,25.370728888862217,25.7617475739484,25.30707500699948,25.579877853393555,1499000,0.0,0.0
2020-09-23 00:00:00-04:00,25.552594672218838,25.69808973246925,24.579595806379995,24.615968704223633,1397900,0.0,0.0
2020-09-24 00:00:00-04:00,24.63415806638599,25.00698940604839,24.515942236090254,24.74327850341797,1293900,0.0,0.0
2020-09-25 00:00:00-04:00,24.77965525827904,25.225234172221928,24.62506651389573,25.179767608642578,1177200,0.0,0.0
2020-09-28 00:00:00-04:00,25.598063574562605,26.216418504526917,25.4707558187834,26.08001708984375,1478600,0.0,0.0
2020-09-29 00:00:00-04:00,25.998175446125288,26.161857834699617,25.479849038598616,25.82539939880371,1101200,0.0,0.0
2020-09-30 00:00:00-04:00,25.870866435181306,26.11638827167205,25.579874572726165,25.89814567565918,2548900,0.0,0.0
2020-10-01 00:00:00-04:00,26.12548742245257,26.680188554626262,25.989085988073004,26.67109489440918,2260500,0.0,0.0
2020-10-02 00:00:00-04:00,26.37100724042472,27.007549488279174,26.09820441102315,26.825679779052734,2198800,0.0,0.0
2020-10-05 00:00:00-04:00,27.071204625271438,27.225793364972482,26.752933486541274,27.125764846801758,1336500,0.0,0.0
2020-10-06 00:00:00-04:00,27.234888296124588,27.243980221439077,26.816588619689796,27.05301856994629,987800,0.0,0.0
2020-10-07 00:00:00-04:00,27.271254948973898,27.307629579646257,26.716553972285396,26.79839515686035,1061200,0.0,0.0
2020-10-08 00:00:00-04:00,26.907518831279017,27.35309767550661,26.907518831279017,27.31672477722168,1283800,0.0,0.0
2020-10-09 00:00:00-04:00,27.56225015387728,27.56225015387728,27.134858571063727,27.18941879272461,1841000,0.0,0.0
2020-10-12 00:00:00-04:00,27.243980283822513,27.29854224246389,26.98027108814221,27.11667251586914,1742100,0.0,0.0
2020-10-13 00:00:00-04:00,27.02573527579511,27.271258864773984,26.843867299632986,27.01664161682129,2000400,0.0,0.0
2020-10-14 00:00:00-04:00,26.989362618474278,27.143951353551394,26.63471858747776,26.70746612548828,794700,0.0,0.0
2020-10-15 00:00:00-04:00,26.425565100673374,26.980266103307166,26.389192202737583,26.725648880004883,1936500,0.0,0.0
2020-10-16 00:00:00-04:00,26.698377037720096,26.75293726696024,26.307358303549158,26.471040725708008,1028000,0.0,0.0
2020-10-19 00:00:00-04:00,26.671091181570524,26.762026036644123,26.198231322738284,26.207324981689453,1117900,0.0,0.0
2020-10-20 00:00:00-04:00,26.407382650610373,26.725652049434792,26.280073156642462,26.652904510498047,1756900,0.0,0.0
2020-10-21 00:00:00-04:00,26.598342808228594,27.134856528414574,26.516501614679,27.062108993530273,2609200,0.0,0.0
2020-10-22 00:00:00-04:00,27.062111118470145,27.653185102621467,26.898428718518478,27.471315383911133,1953300,0.0,0.0
2020-10-23 00:00:00-04:00,27.64408696129846,27.689555250823346,27.21669544639191,27.243974685668945,1299800,0.0,0.0
2020-10-26 00:00:00-04:00,27.234886241264814,27.234886241264814,26.652904202067482,26.925708770751953,1586400,0.0,0.0
2020-10-27 00:00:00-04:00,26.79840224749597,27.071206846406945,26.189140898031273,26.19823455810547,1532800,0.0,0.0
2020-10-28 00:00:00-04:00,25.779929633651967,25.998172213132246,25.38891102833561,25.525312423706055,1818800,0.0,0.0
2020-10-29 00:00:00-04:00,25.57987571761904,26.043641905317678,25.197950723892987,25.91633415222168,1722900,0.0,0.0
2020-10-30 00:00:00-04:00,25.90724295999031,25.961803183020383,25.479851366451324,25.70718765258789,1774900,0.0,0.0
2020-11-02 00:00:00-05:00,25.889055939647314,26.16186052682285,25.598065767544,25.807214736938477,2373600,0.0,0.0
2020-11-03 00:00:00-05:00,26.061828445453138,26.28007104472497,25.807211212416995,26.089109420776367,1929200,0.0,0.0
2020-11-04 00:00:00-05:00,26.12547929585365,26.80748799004401,26.05273177118419,26.752927780151367,1876900,0.0,0.0
2020-11-05 00:00:00-05:00,26.825680922817703,27.253072502952993,26.780214360791582,27.216699600219727,2440700,0.0,0.0
2020-11-06 00:00:00-05:00,27.280352923765204,28.371567734491062,26.64381066176876,27.79867935180664,2198100,0.0,0.0
2020-11-09 00:00:00-05:00,29.09904183278626,29.135416467607506,25.807211962299572,26.443754196166992,4633800,0.0,0.0
2020-11-10 00:00:00-05:00,26.352823084952295,26.398291384934144,25.36163669304585,26.380104064941406,6997600,0.0,0.0
2020-11-11 00:00:00-05:00,26.5710636659322,27.36219468002911,26.243700603580177,27.216699600219727,2775700,0.0,0.0
2020-11-12 00:00:00-05:00,27.63499581708135,27.63499581708135,26.789304633811,26.880239486694336,2064900,0.0,0.0
2020-11-13 00:00:00-05:00,27.02573297002658,27.57134032083929,27.02573297002658,27.53496742248535,2376700,0.0,0.0
2020-11-16 00:00:00-05:00,27.85324011441772,27.94417497282207,26.698373136328414,26.998456954956055,2252200,0.0,0.0
2020-11-17 00:00:00-05:00,26.889329999103396,27.12575989516017,26.64380644537853,26.79839515686035,1720100,0.0,0.0
2020-11-18 00:00:00-05:00,26.798397460923933,26.87114499408546,25.88905242918584,25.934520721435547,3000800,0.0,0.0
2020-11-19 00:00:00-05:00,25.95271076171876,26.14367240589234,25.561692079529216,25.979990005493164,2536500,0.0,0.0
2020-11-20 00:00:00-05:00,25.95271059135943,26.116391256245986,25.670812354994325,26.00727081298828,1505000,0.0,0.0
2020-11-23 00:00:00-05:00,26.07092142087332,26.07092142087332,25.60715525915643,25.643529891967773,1832000,0.0,0.0
2020-11-24 00:00:00-05:00,25.76174687415116,26.080018009257465,25.64353277310844,26.034549713134766,2674000,0.0,0.0
2020-11-25 00:00:00-05:00,26.180046148251346,26.416474346922783,25.961801798890114,26.24370002746582,1303600,0.0,0.0
2020-11-27 00:00:00-05:00,26.252794346251857,26.40738308584507,25.879961251813263,25.94361686706543,804200,0.0,0.0
2020-11-30 00:00:00-05:00,25.952707674433007,26.21641682803163,25.85267916732423,26.11638832092285,2139700,0.0,0.0
2020-12-01 00:00:00-05:00,26.298263091250785,26.434664523522216,26.08002045272883,26.41647720336914,2159200,0.0,0.0
2020-12-02 00:00:00-05:00,26.434656232171672,26.79839384895363,26.116385167073297,26.189132690429688,1924500,0.0,0.0
2020-12-03 00:00:00-05:00,26.007270094356258,26.416474346922783,25.916335237862096,26.24370002746582,2227100,0.0,0.0
2020-12-04 00:00:00-05:00,26.498315400822293,26.989362582568614,26.498315400822293,26.8620548248291,1545900,0.0,0.0
2020-12-07 00:00:00-05:00,26.771118473393013,27.18941635942136,26.72565018071296,26.871145248413086,971200,0.0,0.0
2020-12-08 00:00:00-05:00,26.834776658130114,26.980271749195435,26.334635764959557,26.380104064941406,1578400,0.0,0.0
2020-12-09 00:00:00-05:00,26.39829016334899,26.525597928530384,25.852682729882954,26.298261642456055,1787400,0.0,0.0
2020-12-10 00:00:00-05:00,26.671089875726008,26.698370851243812,26.234604674069217,26.434659957885742,1434300,0.0,0.0
2020-12-11 00:00:00-05:00,26.28916604471663,26.97117485265865,26.28916604471663,26.825679779052734,1526700,0.0,0.0
2020-12-14 00:00:00-05:00,26.88024003268927,27.253071376089704,26.86205444929366,27.043922424316406,2145500,0.0,0.0
2020-12-15 00:00:00-05:00,27.11666989505106,27.353099822998047,26.471035723472745,27.353099822998047,1813800,0.0,0.0
2020-12-16 00:00:00-05:00,27.371292407283114,27.76231114279891,27.134862433844763,27.253076553344727,1454900,0.0,0.0
2020-12-17 00:00:00-05:00,27.34400595844061,27.471313713132204,26.925708059060767,27.162137985229492,1466500,0.0,0.0
2020-12-18 00:00:00-05:00,27.334910811512273,27.334910811512273,26.37100557609755,26.489219665527344,3864000,0.0,0.0
2020-12-21 00:00:00-05:00,26.125483653300453,26.916614633665954,25.979988579694535,26.825679779052734,1695500,0.0,0.0
2020-12-22 00:00:00-05:00,26.762025835725968,27.134857177734375,26.61653076247576,27.134857177734375,1601500,0.0,0.0
2020-12-23 00:00:00-05:00,27.18941666302689,27.34400539098921,26.616530044365376,26.62562370300293,1486200,0.0,0.0
2020-12-24 00:00:00-05:00,26.734741287621574,26.889329999103396,26.580152576139756,26.79839515686035,688900,0.0,0.0
2020-12-28 00:00:00-05:00,26.87114684701981,27.162138734169638,26.752932747894974,27.143951416015625,819800,0.0,0.0
2020-12-29 00:00:00-05:00,27.234885039294753,27.325818157071595,26.83477273021208,27.062108993530273,971300,0.0,0.0
2020-12-30 00:00:00-05:00,27.04392675877445,27.280356725192053,27.04392675877445,27.207609176635742,1280900,0.0,0.0
2020-12-31 00:00:00-05:00,27.244039188634147,27.480864881073042,27.02543125807703,27.326017379760742,1680900,0.05,0.0
2021-01-04 00:00:00-05:00,27.3078001326142,27.544625829517113,26.40604175056547,26.488019943237305,1956000,0.0,0.0
2021-01-05 00:00:00-05:00,26.40604289489003,27.09830225337315,26.40604289489003,26.94345474243164,2633800,0.0,0.0
2021-01-06 00:00:00-05:00,26.979887967056985,27.581060196527936,26.715735637901474,27.462646484375,2235900,0.0,0.0
2021-01-07 00:00:00-05:00,27.398888988082494,27.435324514902145,27.007215761478932,27.098302841186523,2366300,0.0,0.0
2021-01-08 00:00:00-05:00,27.207608597377906,27.43532543561818,26.925238467074017,27.05276107788086,1423900,0.0,0.0
2021-01-11 00:00:00-05:00,27.00721322220616,27.080082531652607,26.73395374611734,26.825040817260742,879800,0.0,0.0
2021-01-12 00:00:00-05:00,26.77038799701626,26.84325730772802,26.533562302867683,26.68840980529785,2863500,0.0,0.0
2021-01-13 00:00:00-05:00,26.661085107906658,27.125627618826364,26.615540702517613,26.80682373046875,1820800,0.0,0.0
2021-01-14 00:00:00-05:00,26.916125303856926,27.19849538924779,26.670192478054464,26.8432559967041,1190500,0.0,0.0
2021-01-15 00:00:00-05:00,26.879697263614165,27.571956698184668,26.825045705904877,27.54463005065918,959300,0.0,0.0
2021-01-19 00:00:00-05:00,27.717688223713164,27.89986061506286,27.380666606837295,27.726797103881836,1219100,0.0,0.0
2021-01-20 00:00:00-05:00,27.398889786522563,28.62856105505544,27.36245599598272,28.48282241821289,1429500,0.0,0.0
2021-01-21 00:00:00-05:00,28.37351885961158,28.47371482849121,28.118477102233125,28.47371482849121,842000,0.0,0.0
2021-01-22 00:00:00-05:00,28.355299549355173,28.783408311349483,28.25510532327824,28.391735076904297,1244500,0.0,0.0
2021-01-25 00:00:00-05:00,28.437277524595856,28.437277524595856,27.79056255177645,27.890758514404297,1094000,0.0,0.0
2021-01-26 00:00:00-05:00,27.82699418840408,28.182233602349534,27.59927737266479,28.063819885253906,1141300,0.0,0.0
2021-01-27 00:00:00-05:00,27.87253681708168,27.87253681708168,27.080081584397785,27.307798385620117,1473800,0.0,0.0
2021-01-28 00:00:00-05:00,27.326019610106727,27.899865257488692,27.125629425075566,27.389780044555664,1493800,0.0,0.0
2021-01-29 00:00:00-05:00,27.326019579757396,28.15490870135605,27.20760759267539,27.535518646240234,1674800,0.0,0.0
2021-02-01 00:00:00-05:00,27.690364643356506,28.601231912791533,27.444430063647104,28.59212303161621,1674400,0.0,0.0
2021-02-02 00:00:00-05:00,28.619448474084017,28.765187092090166,28.173123739272516,28.282426834106445,1685600,0.0,0.0
2021-02-03 00:00:00-05:00,28.218665070474504,28.32796989747705,27.945405608980067,28.17312240600586,2711000,0.0,0.0
2021-02-04 00:00:00-05:00,28.191347566502884,28.555694189910998,28.12758538723244,28.200454711914062,2304000,0.0,0.0
2021-02-05 00:00:00-05:00,28.355299259840017,28.409952550605674,27.899865594175537,28.182235717773438,709700,0.0,0.0
2021-02-08 00:00:00-05:00,28.154906552579025,28.66499172601593,28.082037242088038,28.5830135345459,666700,0.0,0.0
2021-02-09 00:00:00-05:00,28.637667333941806,28.9473623434172,28.53747137871699,28.910926818847656,785200,0.0,0.0
2021-02-10 00:00:00-05:00,29.129533879040036,29.348143545206284,28.49192785430286,28.66499137878418,1217000,0.0,0.0
2021-02-11 00:00:00-05:00,28.6467762950828,29.548532945258632,28.60123188924368,29.49388313293457,1960200,0.0,0.0
2021-02-12 00:00:00-05:00,29.39368727376763,29.639621854080602,29.165970455850015,29.58496856689453,1110300,0.0,0.0
2021-02-16 00:00:00-05:00,29.594080924694968,29.603188069086432,29.056667326496527,29.320817947387695,865300,0.0,0.0
2021-02-17 00:00:00-05:00,29.220623587922137,29.348144449329812,28.628558474606088,28.765188217163086,1376300,0.0,0.0
2021-02-18 00:00:00-05:00,28.746970605642492,28.828948799074954,28.1549072265625,28.1549072265625,1271300,0.0,0.0
2021-02-19 00:00:00-05:00,28.29153718903736,28.828949022440028,28.282428307769685,28.537471771240234,958400,0.0,0.0
2021-02-22 00:00:00-05:00,28.373514522758626,28.391732284741575,27.745015633078104,28.291536331176758,1307100,0.0,0.0
2021-02-23 00:00:00-05:00,28.309754904603462,28.92003604979355,28.218667829419285,28.828948974609375,1274300,0.0,0.0
2021-02-24 00:00:00-05:00,28.82894824016115,29.083991696711045,28.519253234829634,28.874492645263672,2122300,0.0,0.0
2021-02-25 00:00:00-05:00,28.874498681624296,29.49388882177398,28.78341158971844,28.93825912475586,1786900,0.0,0.0
2021-02-26 00:00:00-05:00,29.029341021467832,29.029341021467832,28.3279727978564,28.36440658569336,2499500,0.0,0.0
2021-03-01 00:00:00-05:00,28.79251633067553,29.09310247458458,27.74501753045953,27.881649017333984,3118500,0.0,0.0
2021-03-02 00:00:00-05:00,27.617498716572037,28.054714642531625,27.526411630995042,27.681259155273438,2052200,0.0,0.0
2021-03-03 00:00:00-05:00,27.71769326133673,27.83610525036806,26.988998351475672,27.016324996948242,1974700,0.0,0.0
2021-03-04 00:00:00-05:00,27.17117421760396,27.51730306192646,26.74306716906319,26.77950096130371,2679200,0.0,0.0
2021-03-05 00:00:00-05:00,26.943457160584003,27.198500653654513,26.078132450482574,27.12563133239746,3389200,0.0,0.0
2021-03-08 00:00:00-05:00,27.198497298683073,27.599277647489224,26.96167159947501,26.988996505737305,1752700,0.0,0.0
2021-03-09 00:00:00-05:00,27.216717292687832,28.01828158187308,27.216717292687832,27.517303466796875,1262100,0.0,0.0
2021-03-10 00:00:00-05:00,27.571953643804356,28.17312592403461,27.489975447651002,27.963626861572266,1176200,0.0,0.0
2021-03-11 00:00:00-05:00,27.936301661382547,28.61034329111472,27.88165010690199,28.48282241821289,2799500,0.0,0.0
2021-03-12 00:00:00-05:00,28.50109691550498,29.433160943760118,28.482820705972557,29.42402458190918,1947800,0.1,0.0
2021-03-15 00:00:00-04:00,29.414882129207285,29.98143411704624,29.2869521596405,29.762123107910156,1221700,0.0,0.0
2021-03-16 00:00:00-04:00,29.752988804463936,29.954020133758437,29.48798900013201,29.7164363861084,1051500,0.0,0.0
2021-03-17 00:00:00-04:00,29.66160964539894,29.734714486760332,29.12247538368146,29.643333435058594,1210700,0.0,0.0
2021-03-18 00:00:00-04:00,29.60678305962151,29.652471840333938,29.149886537920917,29.542818069458008,1539300,0.0,0.0
2021-03-19 00:00:00-04:00,29.72557556137175,29.798680405002354,29.29609680544977,29.314373016357422,2003600,0.0,0.0
2021-03-22 00:00:00-04:00,29.20471613669876,30.374369249423616,29.20471613669876,29.972299575805664,1526200,0.0,0.0
2021-03-23 00:00:00-04:00,30.008849935576258,30.237297330492087,29.77126617862927,30.017986297607422,1504800,0.0,0.0
2021-03-24 00:00:00-04:00,29.999712410551695,30.282984938334156,29.73471260612319,29.752988815307617,1124500,0.0,0.0
2021-03-25 00:00:00-04:00,29.698159192266974,30.29212377044446,29.36919440963516,30.219018936157227,1037400,0.0,0.0
2021-03-26 00:00:00-04:00,30.219017586126355,31.03228965917198,30.081947770876557,31.0048770904541,1428400,0.0,0.0
2021-03-29 00:00:00-04:00,30.931776960149314,30.995741954098623,30.38350458748932,30.602815628051758,1658600,0.0,0.0
2021-03-30 00:00:00-04:00,30.621087896066452,30.858675143618242,30.465745337600858,30.75815773010254,1081000,0.0,0.0
2021-03-31 00:00:00-04:00,30.93177515960485,30.95919121672347,30.429191599616885,30.465744018554688,2231600,0.0,0.0
2021-04-01 00:00:00-04:00,30.648506685523383,31.28816015830815,30.575401837968098,31.279020309448242,1430100,0.0,0.0
2021-04-05 00:00:00-04:00,31.434359373305853,31.48004814994646,30.69418864273928,30.867807388305664,2106100,0.0,0.0
2021-04-06 00:00:00-04:00,30.758160324462384,31.37953758239746,30.758160324462384,31.37953758239746,1627000,0.0,0.0
2021-04-07 00:00:00-04:00,31.461779103950903,31.525744102974514,31.05971289782662,31.25160789489746,1708100,0.0,0.0
2021-04-08 00:00:00-04:00,31.315572893921072,31.489191679009306,31.16936668389124,31.25160789489746,1598900,0.0,0.0
2021-04-09 00:00:00-04:00,31.242462158203125,31.489185744725567,31.09625597572653,31.242462158203125,912700,0.0,0.0
2021-04-12 00:00:00-04:00,31.242464080362208,31.434362538906246,31.041432745732624,31.297292709350586,1450200,0.0,0.0
2021-04-13 00:00:00-04:00,31.480052947998047,31.5440179422102,31.260741906534417,31.480052947998047,1376600,0.0,0.0
2021-04-14 00:00:00-04:00,31.607973454679886,31.772455814978596,31.29728493920785,31.342973709106445,1099000,0.0,0.0
2021-04-15 00:00:00-04:00,31.45263483732144,31.699358435686193,31.41608590432077,31.544015884399414,2580600,0.0,0.0
2021-04-16 00:00:00-04:00,31.681083999743908,31.72677626875596,31.342982821205155,31.644535064697266,3365700,0.0,0.0
2021-04-19 00:00:00-04:00,31.73591131219726,32.26591093540135,31.73591131219726,32.256771087646484,2115400,0.0,0.0
2021-04-20 00:00:00-04:00,32.28418687685347,32.686253028962916,32.192805829216866,32.47608184814453,1917800,0.0,0.0
2021-04-21 00:00:00-04:00,32.56745527696477,32.759350223903326,32.393836537234186,32.53090286254883,812100,0.0,0.0
2021-04-22 00:00:00-04:00,32.54005066664159,32.841599444740744,32.40298082197682,32.512638092041016,1289300,0.0,0.0
2021-04-23 00:00:00-04:00,32.594875498576464,32.713669130407574,32.421256718077856,32.58573913574219,1011500,0.0,0.0
2021-04-26 00:00:00-04:00,32.7319409387472,32.99694074109492,32.7319409387472,32.87814712524414,1515500,0.0,0.0
2021-04-27 00:00:00-04:00,33.00608077601352,33.06090940923828,32.67711594832664,32.9238395690918,1237300,0.0,0.0
2021-04-28 00:00:00-04:00,32.987796534318875,33.39900246882262,32.987796534318875,33.170555114746094,1874600,0.0,0.0
2021-04-29 00:00:00-04:00,33.316756732860625,33.70968640708814,33.25279176131936,33.645721435546875,1581200,0.0,0.0
2021-04-30 00:00:00-04:00,33.57262746048235,33.956417373816784,33.41728143425393,33.846763610839844,1520600,0.0,0.0
2021-05-03 00:00:00-04:00,33.88332012402941,33.919869058887436,33.572631519836676,33.62745666503906,1603300,0.0,0.0
2021-05-04 00:00:00-04:00,33.60004069753757,33.810211866516276,33.252799707740856,33.39900588989258,1452400,0.0,0.0
2021-05-05 00:00:00-04:00,33.29848892236068,33.45383495371186,32.83245779996792,33.22538757324219,2299500,0.0,0.0
2021-05-06 00:00:00-04:00,33.32590427592422,33.819347958106604,33.24366308125544,33.581764221191406,1722300,0.0,0.0
2021-05-07 00:00:00-04:00,33.74624551546585,34.203140251948376,33.51779814722459,34.18486404418945,1337900,0.0,0.0
2021-05-10 00:00:00-04:00,34.30366237421638,34.47728114308258,33.600043964868085,33.78280258178711,1682300,0.0,0.0
2021-05-11 00:00:00-04:00,33.51780607562389,33.99297713226368,33.30763486542704,33.91987228393555,2634600,0.0,0.0
2021-05-12 00:00:00-04:00,33.90159420006819,34.02952767757892,32.795909573885254,32.90556335449219,1568600,0.0,0.0
2021-05-13 00:00:00-04:00,33.01521930474112,33.938145269231796,32.987803246309234,33.62745666503906,1999200,0.0,0.0
2021-05-14 00:00:00-04:00,33.791934584005446,34.276241893397035,33.70055703025126,34.09348678588867,1733300,0.0,0.0
2021-05-17 00:00:00-04:00,34.21228378634614,34.550388472032786,33.95642379573435,34.376766204833984,1861000,0.0,0.0
2021-05-18 00:00:00-04:00,34.44986754331449,34.879346271562156,34.30366135130517,34.321937561035156,1954800,0.0,0.0
2021-05-19 00:00:00-04:00,34.04779437585007,34.35848293743221,33.91072804581191,34.13917541503906,2721500,0.0,0.0
2021-05-20 00:00:00-04:00,34.14831821113234,34.85193665924519,34.047800791997524,34.79711151123047,1288800,0.0,0.0
2021-05-21 00:00:00-04:00,34.486424250968874,34.7971128833499,33.883323198209375,34.038665771484375,8052700,0.0,0.0
2021-05-24 00:00:00-04:00,34.33106900122154,34.93416989252718,34.184862830172605,34.83365249633789,3303400,0.0,0.0
2021-05-25 00:00:00-04:00,34.8884896718885,34.970730881132425,34.321941055892,34.376766204833984,3033000,0.0,0.0
2021-05-26 00:00:00-04:00,34.38590255217482,34.568661163644116,34.2396963601655,34.321937561035156,2765500,0.0,0.0
2021-05-27 00:00:00-04:00,34.349342702737935,34.58692640617577,34.04779053616663,34.06606674194336,2081100,0.0,0.0
2021-05-28 00:00:00-04:00,34.23969910406728,34.79711134509476,34.06607684063394,34.78797149658203,2362700,0.0,0.0
2021-06-01 00:00:00-04:00,34.79710683122416,35.1808967590332,34.522967184697244,35.1808967590332,2649900,0.0,0.0
2021-06-02 00:00:00-04:00,35.327102649276505,35.49158504148923,35.04382664361451,35.290550231933594,1997600,0.0,0.0
2021-06-03 00:00:00-04:00,35.21744960097648,35.272274742278064,34.91589738049596,34.952449798583984,1427200,0.0,0.0
2021-06-04 00:00:00-04:00,35.05297042201944,35.20831298440275,34.80624680603056,35.19003677368164,1453000,0.0,0.0
2021-06-07 00:00:00-04:00,35.29969755328585,35.46417998032489,35.144351489601824,35.354522705078125,1503600,0.0,0.0
2021-06-08 00:00:00-04:00,35.41848035127103,35.628655008934864,35.20830917943759,35.226585388183594,2129500,0.0,0.0
2021-06-09 00:00:00-04:00,35.391067361694965,35.58296232250851,35.153483622473004,35.45503234863281,1440500,0.0,0.0
2021-06-10 00:00:00-04:00,35.45503905157291,35.97589889272657,35.40021390145001,35.87538146972656,950700,0.0,0.0
2021-06-11 00:00:00-04:00,35.91192642434036,35.9576152018836,35.646926634427174,35.88451385498047,1839400,0.0,0.0
2021-06-14 00:00:00-04:00,35.95780563354492,36.01277423783904,35.70129246963188,35.95780563354492,941100,0.1,0.0
2021-06-15 00:00:00-04:00,35.82954934736874,35.94864624362429,35.417293548583984,35.417293548583984,1010900,0.0,0.0
2021-06-16 00:00:00-04:00,35.545551607934215,35.97613029285176,35.23406982421875,35.23406982421875,2644700,0.0,0.0
2021-06-17 00:00:00-04:00,35.23406086291668,35.857024271905374,35.23406086291668,35.802059173583984,1369100,0.0,0.0
2021-06-18 00:00:00-04:00,35.6829603920318,35.737925487410095,35.151607838516,35.22489929199219,2371900,0.0,0.0
2021-06-21 00:00:00-04:00,35.344006730144685,36.14103230413008,35.24323269883149,35.93032455444336,1053900,0.0,0.0
2021-06-22 00:00:00-04:00,35.893676151969984,36.00360986218195,35.673805236816406,35.673805236816406,1245900,0.0,0.0
2021-06-23 00:00:00-04:00,35.692129288217984,36.08606221550144,35.591355261043645,35.95780563354492,1170600,0.0,0.0
2021-06-24 00:00:00-04:00,35.88450682106607,36.07689514937805,35.49057746908964,35.802059173583984,1876100,0.0,0.0
2021-06-25 00:00:00-04:00,35.802068240326186,36.379222887237304,35.75625932048537,36.30593490600586,2278700,0.0,0.0
2021-06-28 00:00:00-04:00,36.30592575997276,36.37005403791907,35.73792744854963,36.10437774658203,1931800,0.0,0.0
2021-06-29 00:00:00-04:00,36.122716501590915,36.223490552617484,35.85704009338097,35.939491271972656,876600,0.0,0.0
2021-06-30 00:00:00-04:00,35.90283997860932,36.10438804951484,35.54555275817139,35.59135818481445,1495300,0.0,0.0
2021-07-01 00:00:00-04:00,35.57304492773742,36.07691169692538,35.46310769121119,35.77458953857422,1362500,0.0,0.0
2021-07-02 00:00:00-04:00,35.92116400564491,36.104389212850975,35.792907409019705,36.03110122680664,1201800,0.0,0.0
2021-07-06 00:00:00-04:00,36.159360911442775,36.75483851730362,35.866201952769345,36.72735595703125,2311100,0.0,0.0
2021-07-07 00:00:00-04:00,36.8281246852093,37.222057634292504,36.589930881483205,36.983863830566406,1384800,0.0,0.0
2021-07-08 00:00:00-04:00,36.73650189418913,37.17624366232381,36.525794189936214,36.928890228271484,1606700,0.0,0.0
2021-07-09 00:00:00-04:00,37.11211895383761,37.80837397367461,36.91973407785495,37.78089141845703,1812100,0.0,0.0
2021-07-12 00:00:00-04:00,37.8266968271175,38.055727439786324,37.63431195121085,37.85417938232422,1324900,0.0,0.0
2021-07-13 00:00:00-04:00,37.74424568532743,37.89082513771836,37.48772902259594,37.55186080932617,1230900,0.0,0.0
2021-07-14 00:00:00-04:00,37.44193462167222,37.90915916634322,37.44193462167222,37.86335372924805,1167400,0.0,0.0
2021-07-15 00:00:00-04:00,37.89998567600259,38.2481131937757,37.71676048271517,38.06488800048828,2543800,0.0,0.0
2021-07-16 00:00:00-04:00,38.04656015917614,38.53210738213849,38.03740047333735,38.16565704345703,2383500,0.0,0.0
2021-07-19 00:00:00-04:00,37.93663203032745,38.019083193910674,37.212894427178064,37.441925048828125,1574700,0.0,0.0
2021-07-20 00:00:00-04:00,37.59766736625223,38.706174726793265,37.47857046549157,38.367210388183594,2318800,0.0,0.0
2021-07-21 00:00:00-04:00,38.35804483497163,38.54127001833837,37.94578904607887,38.02824020385742,2645800,0.0,0.0
2021-07-22 00:00:00-04:00,38.01907935253807,38.229787083799046,37.771725886780516,37.82669448852539,2059600,0.0,0.0
2021-07-23 00:00:00-04:00,37.89998276794237,38.559592015273395,37.89998276794237,38.50462341308594,1033600,0.0,0.0
2021-07-26 00:00:00-04:00,38.4130169723661,38.59624217258941,38.16566347627413,38.339725494384766,1273700,0.0,0.0
2021-07-27 00:00:00-04:00,38.34888691376539,38.69701442871477,38.25727257049984,38.60540008544922,1129500,0.0,0.0
2021-07-28 00:00:00-04:00,38.596233614988385,38.62371616577291,38.21146043035878,38.284751892089844,1211500,0.0,0.0
2021-07-29 00:00:00-04:00,38.3305649345623,38.78862617732966,38.248113771074976,38.513790130615234,1303700,0.0,0.0
2021-07-30 00:00:00-04:00,38.59623922925675,39.03597757942043,38.4404965977883,38.477142333984375,1587800,0.0,0.0
2021-08-02 00:00:00-04:00,38.66952456614115,38.82526718697379,38.422171105804246,38.532108306884766,1076500,0.0,0.0
2021-08-03 00:00:00-04:00,38.52294629149442,38.69701178443965,38.20230484879996,38.43133544921875,1364700,0.0,0.0
2021-08-04 00:00:00-04:00,38.47714528772562,38.50462784461753,38.12901775659798,38.26643753051758,849200,0.0,0.0
2021-08-05 00:00:00-04:00,38.4771338817942,38.80693844565194,38.20229791015576,38.7244873046875,1355800,0.0,0.0
2021-08-06 00:00:00-04:00,38.72449904726607,38.84359595249091,38.01908429282674,38.486305236816406,1424400,0.0,0.0
2021-08-09 00:00:00-04:00,38.14734297791229,38.33972787747637,38.14734297791229,38.22063446044922,1049300,0.0,0.0
2021-08-10 00:00:00-04:00,38.27559457823052,38.27559457823052,37.451086475765145,37.47856903076172,2746800,0.0,0.0
2021-08-11 00:00:00-04:00,37.60683271198809,37.75341219085294,37.17625745860847,37.258705139160156,2201400,0.0,0.0
2021-08-12 00:00:00-04:00,37.350314198060076,37.579344819710144,37.25869985256209,37.441925048828125,1030900,0.0,0.0
2021-08-13 00:00:00-04:00,37.48773017761808,37.5885042095036,37.2495398706677,37.524375915527344,869100,0.0,0.0
2021-08-16 00:00:00-04:00,37.240379036154216,37.65263134337697,37.1762507441538,37.55186080932617,1736000,0.0,0.0
2021-08-17 00:00:00-04:00,37.533542673914326,37.7717330035617,37.06631820787451,37.14876937866211,3148600,0.0,0.0
2021-08-18 00:00:00-04:00,37.102962791944655,37.45109033493672,36.98386588347076,37.17625427246094,1911100,0.0,0.0
2021-08-19 00:00:00-04:00,37.0388251466427,37.44191770356635,36.71818373712722,37.28617858886719,2393400,0.0,0.0
2021-08-20 00:00:00-04:00,37.359463981106046,37.85417083145666,37.240370605625685,37.643463134765625,2507700,0.0,0.0
2021-08-23 00:00:00-04:00,37.57934511834139,37.91830946255274,37.295345887135674,37.359474182128906,1296600,0.0,0.0
2021-08-24 00:00:00-04:00,37.31367263043326,37.43276954552721,36.94722569167312,37.057159423828125,1185000,0.0,0.0
2021-08-25 00:00:00-04:00,36.974698586107976,37.313662876909106,36.928893167577456,36.94721603393555,1551400,0.0,0.0
2021-08-26 00:00:00-04:00,36.993022908979874,37.295341478967906,36.837280286168806,37.06631088256836,1792600,0.0,0.0
2021-08-27 00:00:00-04:00,37.24953398391575,37.39611341765812,37.020503400272695,37.0296630859375,1311800,0.0,0.0
2021-08-30 00:00:00-04:00,37.331992135251575,38.348888676497445,37.10296150865494,38.339725494384766,3045000,0.0,0.0
2021-08-31 00:00:00-04:00,38.24811054691063,38.51378688405543,37.89998305322882,38.42217254638672,3195800,0.0,0.0
2021-09-01 00:00:00-04:00,38.614560626211414,38.889396647751745,38.39468971214137,38.7336540222168,2084900,0.0,0.0
2021-09-02 00:00:00-04:00,38.75197748134311,39.02681350708008,38.40384998488713,39.02681350708008,1730400,0.0,0.0
2021-09-03 00:00:00-04:00,38.91688771003163,39.01766175539927,38.22979575859449,38.94437026977539,2269700,0.0,0.0
2021-09-07 00:00:00-04:00,38.85275299334947,38.93520415369944,37.72592279838645,37.85417938232422,2189500,0.0,0.0
2021-09-08 00:00:00-04:00,37.790052248052596,38.73365728284191,37.77172937911019,38.367210388183594,1642700,0.0,0.0
2021-09-09 00:00:00-04:00,38.193142216843476,38.28475655516592,37.64347016582751,37.65262985229492,1753000,0.0,0.0
2021-09-10 00:00:00-04:00,37.68928302361127,37.79921675655814,37.18541629498023,37.203739166259766,1580400,0.0,0.0
2021-09-13 00:00:00-04:00,37.46941494267633,37.899990179121545,37.25870367378553,37.3686408996582,1631800,0.0,0.0
2021-09-14 00:00:00-04:00,37.469652492237124,37.59822427109361,37.11148725018884,37.2216911315918,1989800,0.1,0.0
2021-09-15 00:00:00-04:00,37.341081287398715,37.561492556911084,37.09311992294165,37.184959411621094,1912800,0.0,0.0
2021-09-16 00:00:00-04:00,37.12067533204138,37.304350832376755,36.81761373430898,37.019657135009766,2144500,0.0,0.0
2021-09-17 00:00:00-04:00,36.9645483323027,37.460471063768495,36.30331802368164,36.30331802368164,3524700,0.0,0.0
2021-09-20 00:00:00-04:00,36.257401734244134,36.60638480278131,35.761478979478426,36.53291320800781,2147400,0.0,0.0
2021-09-21 00:00:00-04:00,36.7992448115574,37.10230990418859,36.68904091574546,36.69822311401367,1105600,0.0,0.0
2021-09-22 00:00:00-04:00,36.97373221598541,37.24006149169637,36.78087453494717,36.96455001831055,2033600,0.0,0.0
2021-09-23 00:00:00-04:00,36.88189464425624,37.26761349310934,36.71658706665039,36.71658706665039,1680900,0.0,0.0
2021-09-24 00:00:00-04:00,36.36760907046144,36.45026287075735,35.954343572300694,36.183937072753906,1953800,0.0,0.0
2021-09-27 00:00:00-04:00,36.10127942668211,36.41352669416834,35.311477308727625,35.339027404785156,1782100,0.0,0.0
2021-09-28 00:00:00-04:00,34.87065483614528,35.47678141320916,34.788001052758474,35.31147384643555,2771200,0.0,0.0
2021-09-29 00:00:00-04:00,35.504346301361956,35.93598329483762,35.430878187358175,35.77067565917969,1494500,0.0,0.0
2021-09-30 00:00:00-04:00,35.954342806134825,35.954342806134825,34.99923302380578,35.00841522216797,2054300,0.0,0.0
2021-10-01 00:00:00-04:00,35.22882665820069,35.743113848159474,35.03596896196615,35.430870056152344,1709000,0.0,0.0
2021-10-04 00:00:00-04:00,35.2471879980104,35.54106733852313,35.08188043105724,35.28392028808594,1618100,0.0,0.0
2021-10-05 00:00:00-04:00,35.40331872809353,35.43087233169576,34.98086750826159,35.18291091918945,1209300,0.0,0.0
2021-10-06 00:00:00-04:00,34.98086430121001,35.59617317325114,34.67779921260327,35.522705078125,1452200,0.0,0.0
2021-10-07 00:00:00-04:00,35.7339349118294,35.825770917471615,35.34821948414925,35.46760559082031,1570500,0.0,0.0
2021-10-08 00:00:00-04:00,35.48597343501774,35.54107714030506,35.072704403660424,35.08189010620117,1556300,0.0,0.0
2021-10-11 00:00:00-04:00,35.08188151577382,35.320657173578965,34.907388243417955,35.1737174987793,755600,0.0,0.0
2021-10-12 00:00:00-04:00,35.27474663570486,35.70638355433639,35.17372493106182,35.59617614746094,986500,0.0,0.0
2021-10-13 00:00:00-04:00,35.69720076688498,36.174755725715585,35.50434304408393,36.110469818115234,1463900,0.0,0.0
2021-10-14 00:00:00-04:00,36.34924219344683,36.569649976986234,36.28495279465273,36.441078186035156,959100,0.0,0.0
2021-10-15 00:00:00-04:00,36.59719714733154,36.60638284784691,35.64209098951202,35.908416748046875,1382000,0.0,0.0
2021-10-18 00:00:00-04:00,35.724747376303306,36.6706714057356,35.61453998201173,36.477813720703125,1553500,0.0,0.0
2021-10-19 00:00:00-04:00,36.62475903834256,36.670677041361564,36.239040105681,36.27577590942383,795100,0.0,0.0
2021-10-20 00:00:00-04:00,36.349239258857985,36.61556501719024,36.23903187266711,36.34005355834961,1252700,0.0,0.0
2021-10-21 00:00:00-04:00,36.441075244032106,36.477811039429064,36.27576766806407,36.34005355834961,2647000,0.0,0.0
2021-10-22 00:00:00-04:00,36.85435262080981,37.350271958923635,36.6247591019967,37.07476043701172,2525200,0.0,0.0
2021-10-25 00:00:00-04:00,37.166592914275384,37.25842890309681,36.9461816364582,37.010467529296875,1554700,0.0,0.0
2021-10-26 00:00:00-04:00,37.10230514343795,37.386998796365134,36.881893876777276,37.23087692260742,885500,0.0,0.0
2021-10-27 00:00:00-04:00,37.50639068405395,37.50639068405395,36.477812884150794,36.5512809753418,1456100,0.0,0.0
2021-10-28 00:00:00-04:00,36.54210279805128,37.36863730730726,36.459448996793796,37.35945510864258,2521900,0.0,0.0
2021-10-29 00:00:00-04:00,37.28598403930664,37.71762095241544,37.111494235631476,37.28598403930664,2112900,0.0,0.0
2021-11-01 00:00:00-04:00,37.40537248662012,37.497211988333994,36.72577769053133,37.42374038696289,1936200,0.0,0.0
2021-11-02 00:00:00-04:00,37.57985933726922,37.77272052408163,37.16659387358756,37.322715759277344,1906300,0.0,0.0
2021-11-03 00:00:00-04:00,37.55231006207973,37.66251395458445,37.00128709623752,37.6533317565918,2178500,0.0,0.0
2021-11-04 00:00:00-04:00,37.800275750076295,37.89211175372978,37.05639150853479,37.194149017333984,2277800,0.0,0.0
2021-11-05 00:00:00-04:00,37.14822092475961,37.57067203212359,36.47780847090338,36.615562438964844,2675300,0.0,0.0
2021-11-08 00:00:00-05:00,36.652303771643155,36.964551051089444,36.12883090658886,36.441078186035156,1682000,0.0,0.0
2021-11-09 00:00:00-05:00,36.53291268012498,37.02883542772484,36.38597299601966,37.010467529296875,2134000,0.0,0.0
2021-11-10 00:00:00-05:00,37.17576888192178,37.18495458125564,36.59719244001301,36.87270736694336,1799700,0.0,0.0
2021-11-11 00:00:00-05:00,37.17578214582054,37.17578214582054,36.670677105095514,37.07476043701172,926400,0.0,0.0
2021-11-12 00:00:00-05:00,37.10231026283191,37.11149246118888,36.551283771808436,36.67067337036133,1236400,0.0,0.0
2021-11-15 00:00:00-05:00,36.66148324272363,36.82679081974202,36.47781127120834,36.734954833984375,1258900,0.0,0.0
2021-11-16 00:00:00-05:00,36.73495734295609,36.863529133125475,36.28495257404473,36.450260162353516,1483400,0.0,0.0
2021-11-17 00:00:00-05:00,36.275765113764955,36.615562438964844,35.642088452718994,36.615562438964844,1788500,0.0,0.0
2021-11-18 00:00:00-05:00,36.75332456925277,37.01965384591047,36.70740657407831,36.94618225097656,1767200,0.0,0.0
2021-11-19 00:00:00-05:00,36.97372701053183,37.09311658340718,36.496175725666355,36.707401275634766,1289400,0.0,0.0
2021-11-22 00:00:00-05:00,36.68904264957599,36.826796650021144,36.30332374102808,36.52373504638672,1340200,0.0,0.0
2021-11-23 00:00:00-05:00,36.514550153607566,37.46965999246423,36.37679615010948,37.26762008666992,1802800,0.0,0.0
2021-11-24 00:00:00-05:00,37.30434754574488,37.83700609945667,37.24924735282192,37.79108810424805,993200,0.0,0.0
2021-11-26 00:00:00-05:00,37.35946059483295,37.607422035018224,37.083949051289096,37.175785064697266,866600,0.0,0.0
2021-11-29 00:00:00-05:00,37.39618744494576,37.579859427771716,37.01965427484293,37.33190155029297,2143700,0.0,0.0
2021-11-30 00:00:00-05:00,37.15740907397184,37.68088194376611,36.81761169433594,36.81761169433594,2998300,0.0,0.0
2021-12-01 00:00:00-05:00,37.111482878068976,37.75434519993376,36.41352037365321,36.431884765625,1932200,0.0,0.0
2021-12-02 00:00:00-05:00,36.46863417501752,37.662519788142625,36.44108407345374,37.44211196899414,1869100,0.0,0.0
2021-12-03 00:00:00-05:00,37.607407480867636,37.82781522907669,37.18495637736862,37.506385803222656,1724000,0.0,0.0
2021-12-06 00:00:00-05:00,37.66251389026383,38.47986964295717,37.66251389026383,38.08496856689453,1453600,0.0,0.0
2021-12-07 00:00:00-05:00,38.287010814311316,38.50742211586085,38.08497091648626,38.22272491455078,1746200,0.0,0.0
2021-12-08 00:00:00-05:00,38.2961913033443,38.96660381196185,38.103333630314246,38.80129623413086,1371200,0.0,0.0
2021-12-09 00:00:00-05:00,38.700272051555714,38.89312971214851,38.241085143486345,38.25027084350586,1132400,0.0,0.0
2021-12-10 00:00:00-05:00,38.39721598097458,38.63599166570773,37.947211205534686,38.06660079956055,2010200,0.0,0.0
2021-12-13 00:00:00-05:00,38.103341737570915,38.93906200183585,38.057420231377336,38.73701858520508,1449400,0.0,0.0
2021-12-14 00:00:00-05:00,38.718596720207636,38.77382784715818,37.62313254711016,37.81645202636719,1447500,0.1,0.0
2021-12-15 00:00:00-05:00,37.79805104122603,38.672576904296875,37.79805104122603,38.672576904296875,1479200,0.0,0.0
2021-12-16 00:00:00-05:00,38.7094000611422,38.75542718374017,38.05580578997574,38.313560485839844,1143500,0.0,0.0
2021-12-17 00:00:00-05:00,38.497672487876066,38.737019144016465,38.129448483803614,38.313560485839844,2567300,0.0,0.0
2021-12-20 00:00:00-05:00,37.92692360986536,38.35958272113542,37.77963472933097,38.193885803222656,1342100,0.0,0.0
2021-12-21 00:00:00-05:00,38.44243571710776,38.76463258084189,38.25832723685303,38.50687789916992,1022400,0.0,0.0
2021-12-22 00:00:00-05:00,38.7001908674421,39.28934638587819,38.617340653184286,39.16046905517578,1292100,0.0,0.0
2021-12-23 00:00:00-05:00,39.34458183681878,39.53789783682386,38.884303639676816,39.096031188964844,936800,0.0,0.0
2021-12-27 00:00:00-05:00,39.123641213862264,39.547096252441406,39.00396791630087,39.547096252441406,687500,0.0,0.0
2021-12-28 00:00:00-05:00,39.4826625503972,39.722009175560544,39.30775810250392,39.55630874633789,711500,0.0,0.0
2021-12-29 00:00:00-05:00,39.66677755317859,40.13625979734463,39.3998153400037,40.053409576416016,2000400,0.0,0.0
2021-12-30 00:00:00-05:00,39.99817480248722,40.33877967462529,39.99817480248722,40.09022903442383,969600,0.0,0.0
2021-12-31 00:00:00-05:00,40.21910471633678,40.568917104325806,40.09943492204987,40.14546203613281,1153200,0.0,0.0
2022-01-03 00:00:00-05:00,40.219113098916495,40.36640200166649,38.93954009784253,39.75883483886719,2250700,0.0,0.0
2022-01-04 00:00:00-05:00,39.83246999577554,40.265132563919245,39.749619791485124,39.90611267089844,1447000,0.0,0.0
2022-01-05 00:00:00-05:00,39.786447951528174,40.025791065711395,38.97635735215345,38.98556137084961,1231900,0.0,0.0
2022-01-06 00:00:00-05:00,39.003971721704126,39.31696102241741,38.70939396946148,38.9027099609375,1379900,0.0,0.0
2022-01-07 00:00:00-05:00,38.80145048734212,39.049997604742764,37.954536842638056,38.10182571411133,1638100,0.0,0.0
2022-01-10 00:00:00-05:00,37.88090001742581,37.99136581019294,37.45744137380406,37.834869384765625,1309200,0.0,0.0
2022-01-11 00:00:00-05:00,38.00977342485075,38.50687470829217,37.54949523906659,38.40561294555664,1714600,0.0,0.0
2022-01-12 00:00:00-05:00,38.32276678722789,38.783045021721854,38.29514770524017,38.589725494384766,1001900,0.0,0.0
2022-01-13 00:00:00-05:00,38.73701242226266,38.957943977053986,38.58051601861203,38.644954681396484,3646300,0.0,0.0
2022-01-14 00:00:00-05:00,38.497670023601,38.58052024363176,37.61393668436902,38.433231353759766,2738900,0.0,0.0
2022-01-18 00:00:00-05:00,38.31355547573057,38.44243280680985,37.89930440323009,38.23070526123047,2242700,0.0,0.0
2022-01-19 00:00:00-05:00,38.40560855665583,38.746213391952324,37.93612289428711,37.93612289428711,1618600,0.0,0.0
2022-01-20 00:00:00-05:00,36.72100037920542,37.25492486614402,36.10422917358108,36.21469497680664,13967400,0.0,0.0
2022-01-21 00:00:00-05:00,36.25150947079233,36.62893742783516,36.00295883884064,36.24230194091797,4194600,0.0,0.0
2022-01-24 00:00:00-05:00,35.74520878071046,36.04899058435907,34.76941767565251,35.818851470947266,3931000,0.0,0.0
2022-01-25 00:00:00-05:00,35.41380594043037,35.754410826215555,34.92590865901484,35.44142150878906,3909700,0.0,0.0
2022-01-26 00:00:00-05:00,35.551876129219096,35.96612708272881,34.82463946821636,34.94430923461914,3783200,0.0,0.0
2022-01-27 00:00:00-05:00,34.99955315224066,35.28492688740985,33.82124213773734,34.171051025390625,4378400,0.0,0.0
2022-01-28 00:00:00-05:00,34.17105776845351,35.29413787054966,33.756806623283246,35.275726318359375,2410400,0.0,0.0
2022-01-31 00:00:00-05:00,35.32174516146331,36.058189518185365,35.02716741877449,36.02136993408203,2410000,0.0,0.0
2022-02-01 00:00:00-05:00,36.122629453658455,36.25150676914501,35.68996688454489,35.89249038696289,2109600,0.0,0.0
2022-02-02 00:00:00-05:00,35.94772016559786,36.43561735658834,35.883281510274394,36.417205810546875,2213900,0.0,0.0
2022-02-03 00:00:00-05:00,36.141036557807915,36.61972622560156,36.021366774592046,36.27912139892578,1566800,0.0,0.0
2022-02-04 00:00:00-05:00,36.150245720497615,36.58290829801976,35.69917159588479,36.2238883972168,3175500,0.0,0.0
2022-02-07 00:00:00-05:00,36.26071729156667,36.43562526108418,35.73600040630234,35.80964660644531,1304900,0.0,0.0
2022-02-08 00:00:00-05:00,35.75440899064253,36.13183695595877,35.38618504375867,35.45983123779297,1728900,0.0,0.0
2022-02-09 00:00:00-05:00,35.800440431627024,36.38959600850999,35.69917865841697,36.36198043823242,1510500,0.0,0.0
2022-02-10 00:00:00-05:00,35.745206571825626,36.44482788824077,35.53347551032386,35.689971923828125,1214100,0.0,0.0
2022-02-11 00:00:00-05:00,35.855672356176655,36.03057680736945,35.3125439416218,35.689971923828125,1342200,0.0,0.0
2022-02-14 00:00:00-05:00,35.80043794402804,36.030577044734464,35.174459309175056,35.44142150878906,1872400,0.0,0.0
2022-02-15 00:00:00-05:00,35.78201687360913,36.03056745763441,35.66234710146749,35.74519729614258,1552000,0.0,0.0
2022-02-16 00:00:00-05:00,35.864868460046324,35.883280005315605,34.9719313401671,35.294124603271484,3589100,0.0,0.0
2022-02-17 00:00:00-05:00,35.21128613813132,35.37698658912466,34.54848433415795,34.68656921386719,2175500,0.0,0.0
2022-02-18 00:00:00-05:00,34.76021025446041,35.14684579226924,34.585305791906535,34.74180221557617,2773400,0.0,0.0
2022-02-22 00:00:00-05:00,34.56689212861615,35.09160899585078,34.42881077555882,34.76020812988281,1681800,0.0,0.0
2022-02-23 00:00:00-05:00,34.91670230552856,35.23889562031764,34.2354890678611,34.27231216430664,1721900,0.0,0.0
2022-02-24 00:00:00-05:00,33.600310537369495,34.824652305553265,33.5542834170444,34.778621673583984,2670800,0.0,0.0
2022-02-25 00:00:00-05:00,34.870676951780816,35.88328757366423,34.502452992017425,35.61632537841797,2303200,0.0,0.0
2022-02-28 00:00:00-05:00,35.395392039001344,35.5979120462479,34.71417880105266,34.9903450012207,3211700,0.0,0.0
2022-03-01 00:00:00-05:00,34.879881003582156,35.21128186535441,34.20787526127463,34.539276123046875,2542600,0.0,0.0
2022-03-02 00:00:00-05:00,34.741800187764895,35.57029884332162,34.68656553940352,35.44142150878906,2089300,0.0,0.0
2022-03-03 00:00:00-05:00,35.662356007121346,35.80964488869791,35.18366626408651,35.61632537841797,2040400,0.0,0.0
2022-03-04 00:00:00-05:00,35.367774666425255,36.279127033737396,35.100815983320345,36.26071548461914,2217400,0.0,0.0
2022-03-07 00:00:00-05:00,36.32515335318699,36.831458652069315,35.96613693237305,35.96613693237305,3176300,0.0,0.0
2022-03-08 00:00:00-05:00,35.9937527218882,36.86828197716374,35.82805229408257,36.076602935791016,3587200,0.0,0.0
2022-03-09 00:00:00-05:00,36.573710618353495,36.63814929470315,35.99375901956213,36.20549011230469,3015900,0.0,0.0
2022-03-10 00:00:00-05:00,35.87408389116231,36.15945412659201,35.745206557530324,36.048988342285156,2693200,0.0,0.0
2022-03-11 00:00:00-05:00,36.08580984050924,36.417210690375946,35.32174637980057,35.45983123779297,2536200,0.0,0.0
2022-03-14 00:00:00-04:00,35.570812652002395,35.89452212001318,34.96039321670593,35.05288314819336,1518300,0.18,0.0
2022-03-15 00:00:00-04:00,35.32109705652506,35.6448065421995,35.1268734819986,35.496826171875,2076700,0.0,0.0
2022-03-16 00:00:00-04:00,35.66330915008482,36.162740759555454,35.00664286406927,35.71879959106445,2766600,0.0,0.0
2022-03-17 00:00:00-04:00,35.755794424045,36.53269232602752,35.71879844582424,36.26447677612305,2268700,0.0,0.0
2022-03-18 00:00:00-04:00,36.227475732907536,36.66216959589981,36.14424008574409,36.56043243408203,4958200,0.0,0.0
2022-03-21 00:00:00-04:00,36.449449827984395,36.76390855803368,36.02400670148548,36.245975494384766,3424600,0.0,0.0
2022-03-22 00:00:00-04:00,36.29223044250228,36.347720889223304,35.53382689871382,35.72805404663086,2326900,0.0,0.0
2022-03-23 00:00:00-04:00,35.663305932910234,35.737294356918866,35.18236882839746,35.19161605834961,1842200,0.0,0.0
2022-03-24 00:00:00-04:00,35.31185441433849,35.73729759327491,35.14537603507976,35.598567962646484,2462300,0.0,0.0
2022-03-25 00:00:00-04:00,35.7188027422447,36.13499872696348,35.617065553965546,36.12575149536133,1185000,0.0,0.0
2022-03-28 00:00:00-04:00,36.20898831251727,36.60668627976248,35.97776872821801,36.57893753051758,2984300,0.0,0.0
2022-03-29 00:00:00-04:00,36.91188814143429,37.86451154089755,36.81940173438883,37.67953872680664,3221700,0.0,0.0
2022-03-30 00:00:00-04:00,37.53156135350793,37.70728695216854,37.28184380080251,37.698036193847656,2793000,0.0,0.0
2022-03-31 00:00:00-04:00,37.80901760977936,38.01248839208002,36.98587666759,37.02286911010742,2806500,0.0,0.0
2022-04-01 00:00:00-04:00,37.170849667000084,37.818265044335185,37.14310445292843,37.78126907348633,2058700,0.0,0.0
2022-04-04 00:00:00-04:00,37.73503038026068,37.846014777930904,36.63442657704926,37.124610900878906,2520700,0.0,0.0
2022-04-05 00:00:00-04:00,37.06911902529871,37.76277765800448,36.95813110381201,37.17085266113281,2041500,0.0,0.0
2022-04-06 00:00:00-04:00,36.995124196463195,37.87375910175519,36.754657441563374,37.65178680419922,3925100,0.0,0.0
2022-04-07 00:00:00-04:00,37.52231063694843,38.086486938711126,37.28184384229626,37.95700454711914,3147100,0.0,0.0
2022-04-08 00:00:00-04:00,37.97549812744482,38.11422773313365,37.58704746962977,37.716529846191406,2792600,0.0,0.0
2022-04-11 00:00:00-04:00,37.76277481858855,37.80901801833248,37.29108500806245,37.52230453491211,2245600,0.0,0.0
2022-04-12 00:00:00-04:00,37.624047293143505,38.36394918360183,37.42057295021853,37.975502014160156,2720900,0.0,0.0
2022-04-13 00:00:00-04:00,38.04024181820159,38.43793973130638,37.69803433977071,38.400943756103516,2601800,0.0,0.0
2022-04-14 00:00:00-04:00,38.75240137919227,39.15934655264265,38.391695886028,38.42869186401367,2293600,0.0,0.0
2022-04-18 00:00:00-04:00,38.27146424977056,38.576672247825684,38.16972707437531,38.42869186401367,2992100,0.0,0.0
2022-04-19 00:00:00-04:00,38.530423279625616,39.84375207674646,38.39169014698344,39.76976013183594,3876300,0.0,0.0
2022-04-20 00:00:00-04:00,40.08422048297489,40.54665957321313,40.0009813056068,40.093467712402344,5059400,0.0,0.0
2022-04-21 00:00:00-04:00,40.232204809918635,40.592906771299766,39.78826366297797,39.84375762939453,2926500,0.0,0.0
2022-04-22 00:00:00-04:00,39.72351216323273,39.88999049117273,39.25182239135951,39.288818359375,2212500,0.0,0.0
2022-04-25 00:00:00-04:00,39.214830614449475,39.39980340139471,37.71652563765878,38.11422348022461,4439200,0.0,0.0
2022-04-26 00:00:00-04:00,38.012495225582235,38.39169517256169,37.62404804834354,37.81827163696289,3855400,0.0,0.0
2022-04-27 00:00:00-04:00,37.8275252977657,38.373203656324755,37.679544905349566,37.72578811645508,1919400,0.0,0.0
2022-04-28 00:00:00-04:00,37.77203002400261,38.22522194471045,37.08761852761605,38.02174758911133,2420900,0.0,0.0
2022-04-29 00:00:00-04:00,37.929257431374054,38.01249661928147,36.588186722387775,36.634429931640625,2770800,0.0,0.0
2022-05-02 00:00:00-04:00,36.671418083676656,36.948880808106836,34.61818757225936,35.487571716308594,2516200,0.0,0.0
2022-05-03 00:00:00-04:00,35.53382070594197,36.05175379657102,35.182369510855274,35.42283630371094,2281600,0.0,0.0
2022-05-04 00:00:00-04:00,35.311851901479905,35.60781265951635,34.59969522491391,35.42283630371094,2273600,0.0,0.0
2022-05-05 00:00:00-04:00,35.38584764863923,35.57082404271826,34.20200437154343,34.55345916748047,3038900,0.0,0.0
2022-05-06 00:00:00-04:00,34.34997197396152,35.28410082811621,33.72105458546034,34.59968948364258,3380100,0.0,0.0
2022-05-09 00:00:00-04:00,34.248240504812834,34.39622088384453,32.74069149596831,32.888671875,3408600,0.0,0.0
2022-05-10 00:00:00-04:00,33.05514641842409,33.36960512850441,32.176511476011704,33.0088996887207,4634800,0.0,0.0
2022-05-11 00:00:00-04:00,33.14763718202792,33.5823310958853,32.75918647582694,32.870174407958984,2883600,0.0,0.0
2022-05-12 00:00:00-04:00,32.87017118418368,33.52683384164112,32.768434020439244,33.230873107910156,3401800,0.0,0.0
2022-05-13 00:00:00-04:00,33.47134204957518,34.70143179544597,33.43434960155981,34.68293380737305,5148600,0.0,0.0
2022-05-16 00:00:00-04:00,34.682933760338074,34.81241614854246,34.21124741357488,34.303733825683594,3366500,0.0,0.0
2022-05-17 00:00:00-04:00,34.682933054180914,34.96039581298828,34.04476835611093,34.96039581298828,4081100,0.0,0.0
2022-05-18 00:00:00-04:00,35.025134804520725,35.17311516845978,33.785797933482336,33.887535095214844,3962000,0.0,0.0
2022-05-19 00:00:00-04:00,33.4528434030926,33.933780499131494,33.30486302955221,33.5638313293457,3236500,0.0,0.0
2022-05-20 00:00:00-04:00,33.93378409249239,34.137258450705914,33.2956193255465,33.82279968261719,3528800,0.0,0.0
2022-05-23 00:00:00-04:00,33.961529584105044,34.28523555191839,33.48059248326061,34.18349838256836,2875100,0.0,0.0
2022-05-24 00:00:00-04:00,34.09101127837358,34.775419175877914,33.66556814985678,34.71992874145508,2913700,0.0,0.0
2022-05-25 00:00:00-04:00,34.67368645878354,35.13612557463318,34.47021211880795,34.812416076660156,3504600,0.0,0.0
2022-05-26 00:00:00-04:00,35.19161194425374,35.293349102486125,34.368470977653544,34.44246292114258,2848300,0.0,0.0
2022-05-27 00:00:00-04:00,34.470212049682345,35.40433750944795,34.470212049682345,35.32109832763672,2172000,0.0,0.0
2022-05-31 00:00:00-04:00,35.00663943911983,35.31185094716994,34.118757189005684,34.18349838256836,16950400,0.0,0.0
2022-06-01 00:00:00-04:00,34.063265265335126,34.803167108106194,33.77655175770434,34.61819076538086,3062200,0.0,0.0
2022-06-02 00:00:00-04:00,34.479460417573506,35.21011509001676,34.109511230304044,35.15462112426758,2241000,0.0,0.0
2022-06-03 00:00:00-04:00,34.87715552831816,35.0898770876067,34.47945762630428,34.61819076538086,1858500,0.0,0.0
2022-06-06 00:00:00-04:00,34.747676695928355,34.858661101647236,34.43321793961599,34.49795913696289,1943400,0.0,0.0
2022-06-07 00:00:00-04:00,34.340728761806865,35.293352184573216,34.238991594690006,35.22861099243164,2730400,0.0,0.0
2022-06-08 00:00:00-04:00,34.99739491443525,35.099132091649274,34.24824222342074,34.349979400634766,2557600,0.0,0.0
2022-06-09 00:00:00-04:00,34.33147800181089,34.44246592672969,33.563830925839525,33.57307815551758,2064800,0.0,0.0
2022-06-10 00:00:00-04:00,33.295617715098146,33.4898413050182,32.9164177655792,33.2401237487793,2081500,0.0,0.0
2022-06-13 00:00:00-04:00,32.42622608378405,32.49096726579368,30.909423100349024,31.066654205322266,2112200,0.0,0.0
2022-06-14 00:00:00-04:00,31.085254977939226,31.3363178854213,30.37855859825523,30.629621505737305,3500700,0.18,0.0
2022-06-15 00:00:00-04:00,30.955081198014557,31.6059847684424,30.657525888185674,31.141054153442383,6252100,0.0,0.0
2022-06-16 00:00:00-04:00,30.499444421270837,30.82489794576579,30.313471485436395,30.611026763916016,4119400,0.0,0.0
2022-06-17 00:00:00-04:00,30.64822187891872,31.17824243726632,30.583131883833133,30.68541717529297,4357900,0.0,0.0
2022-06-21 00:00:00-04:00,30.889985040826836,31.475794945063534,30.843489150879915,30.90858268737793,2145100,0.0,0.0
2022-06-22 00:00:00-04:00,30.58313217157025,31.680368594962893,30.51804217587227,31.29912567138672,2590500,0.0,0.0
2022-06-23 00:00:00-04:00,31.410705907305584,32.303375233109946,31.31772121887149,32.16389465332031,2206500,0.0,0.0
2022-06-24 00:00:00-04:00,32.37775604618481,32.786893562586265,32.21968139682668,32.75899887084961,2566700,0.0,0.0
2022-06-27 00:00:00-04:00,32.74970765707696,33.56798283565726,32.50794179516217,33.000770568847656,2742100,0.0,0.0
2022-06-28 00:00:00-04:00,33.26113455785222,33.72606514398859,32.84269632090172,33.06586456298828,2013400,0.0,0.0
2022-06-29 00:00:00-04:00,32.87988962818511,33.075159611225196,32.53584200847562,32.96357727050781,1753300,0.0,0.0
2022-06-30 00:00:00-04:00,32.67531184530464,33.54008277631379,32.46144426142918,32.95426940917969,2211400,0.0,0.0
2022-07-01 00:00:00-04:00,32.907782886200046,33.44710401248209,32.666020567371255,33.05656051635742,2772100,0.0,0.0
2022-07-05 00:00:00-04:00,32.86129153451958,33.08445976006623,32.210388052742005,33.0379638671875,2277100,0.0,0.0
2022-07-06 00:00:00-04:00,33.24252939125942,33.84694043541027,33.13094706901888,33.335514068603516,1521100,0.0,0.0
2022-07-07 00:00:00-04:00,33.50289098332939,33.54938687144023,33.05655812514367,33.44710159301758,2024200,0.0,0.0
2022-07-08 00:00:00-04:00,33.49360121649034,33.577288867292474,33.186745314502836,33.31692886352539,1351500,0.0,0.0
2022-07-11 00:00:00-04:00,33.23323795675868,33.45640263894089,33.037964425925914,33.37271499633789,1331200,0.0,0.0
2022-07-12 00:00:00-04:00,33.177444976100766,33.512195546144035,32.36846679658864,32.619529724121094,3315700,0.0,0.0
2022-07-13 00:00:00-04:00,32.33127329784873,33.3541191657177,32.14530035447105,33.27043151855469,2725500,0.0,0.0
2022-07-14 00:00:00-04:00,32.77760452157608,33.409910367749205,32.77760452157608,33.02866744995117,2644500,0.0,0.0
2022-07-15 00:00:00-04:00,33.447103965024965,33.71676098064488,33.10305281372417,33.54008865356445,1760700,0.0,0.0
2022-07-18 00:00:00-04:00,33.698171817815336,33.79115651997815,33.130955912060756,33.31692886352539,1534100,0.0,0.0
2022-07-19 00:00:00-04:00,33.335523863811,33.54939506939421,32.461455579673505,33.502899169921875,1913700,0.0,0.0
2022-07-20 00:00:00-04:00,33.49359510741332,33.71675977075547,33.27972749373611,33.3541145324707,1583400,0.0,0.0
2022-07-21 00:00:00-04:00,33.35411395507973,33.78185272216797,33.121648698958474,33.78185272216797,5101000,0.0,0.0
2022-07-22 00:00:00-04:00,33.958526599441726,34.27467950417193,33.68886603864335,33.81904602050781,1524100,0.0,0.0
2022-07-25 00:00:00-04:00,33.6795722432677,33.76325988928733,33.382016956784284,33.623779296875,2043900,0.0,0.0
2022-07-26 00:00:00-04:00,33.74466359773201,34.023621246637795,33.577288298960745,33.87484359741211,1181400,0.0,0.0
2022-07-27 00:00:00-04:00,33.930632904184,33.99572289703777,33.419206464420704,33.80044937133789,1578000,0.0,0.0
2022-07-28 00:00:00-04:00,34.02361633329562,35.07436032448,33.995721636575,34.86049270629883,1918900,0.0,0.0
2022-07-29 00:00:00-04:00,34.934882488309306,35.362617758240546,34.62803015888515,35.223140716552734,1597600,0.0,0.0
2022-08-01 00:00:00-04:00,35.102255008118235,35.185942645387364,34.53503919408729,34.721012115478516,1314100,0.0,0.0
2022-08-02 00:00:00-04:00,34.60942921304301,35.00926974596836,34.49784333375799,34.52574157714844,1322200,0.0,0.0
2022-08-03 00:00:00-04:00,34.60013225547135,34.832597541058455,34.38626461838787,34.460655212402344,1428400,0.0,0.0
2022-08-04 00:00:00-04:00,34.525741955912885,34.702414279344765,34.19099140866222,34.655921936035156,1449000,0.0,0.0
2022-08-05 00:00:00-04:00,32.89848491612848,34.5071441056971,32.64742200717083,34.451351165771484,3216000,0.0,0.0
2022-08-08 00:00:00-04:00,34.78610171104836,35.111551659435094,34.28397589313305,34.451351165771484,1790200,0.0,0.0
2022-08-09 00:00:00-04:00,34.46994122420545,34.69310938764129,34.032905492176475,34.590824127197266,2572700,0.0,0.0
2022-08-10 00:00:00-04:00,34.93487969432817,35.22313789951762,34.59083209578095,35.20454025268555,1308100,0.0,0.0
2022-08-11 00:00:00-04:00,35.390512346504984,35.483497031353096,34.981371220041225,35.148746490478516,1315600,0.0,0.0
2022-08-12 00:00:00-04:00,35.40911393839497,35.753161567234834,35.25103569997314,35.69736862182617,936800,0.0,0.0
2022-08-15 00:00:00-04:00,35.771764179965146,36.10651480459495,35.58579121659979,36.0228271484375,1386900,0.0,0.0
2022-08-16 00:00:00-04:00,35.818254554402266,36.20879456345967,35.74386395431188,35.92053985595703,964600,0.0,0.0
2022-08-17 00:00:00-04:00,35.734566272111415,36.1251062742753,35.69737097272276,35.92983627319336,1222800,0.0,0.0
2022-08-18 00:00:00-04:00,35.93913744911166,36.07861450335187,35.2417415364935,35.37192153930664,1523100,0.0,0.0
2022-08-19 00:00:00-04:00,35.297526381019956,35.39051461897732,34.86049407760537,34.972076416015625,1253600,0.0,0.0
2022-08-22 00:00:00-04:00,34.674524224292874,34.78610657259995,34.42346128024778,34.43275833129883,1140700,0.0,0.0
2022-08-23 00:00:00-04:00,34.39556511294684,34.48854980804702,33.54009102004244,33.77255630493164,1149700,0.0,0.0
2022-08-24 00:00:00-04:00,33.735357592330224,34.31187399442304,33.71675994576545,34.042213439941406,1277400,0.0,0.0
2022-08-25 00:00:00-04:00,34.21889068573572,34.45135598053982,33.995725989121574,34.43275833129883,854600,0.0,0.0
2022-08-26 00:00:00-04:00,34.386271462958305,34.386271462958305,33.69817606705313,33.71677017211914,2149800,0.0,0.0
2022-08-29 00:00:00-04:00,33.40991660353274,33.62378427566465,33.12165832519531,33.12165832519531,1504100,0.0,0.0
2022-08-30 00:00:00-04:00,33.289024635993535,33.289024635993535,32.61022650013736,32.666019439697266,1550500,0.0,0.0
2022-08-31 00:00:00-04:00,32.9170869173102,33.25183395973173,32.77760632261374,33.06586456298828,2906500,0.0,0.0
2022-09-01 00:00:00-04:00,32.86129460654454,33.047267554029254,32.25688341400395,32.91708755493164,1814700,0.0,0.0
2022-09-02 00:00:00-04:00,33.16814678504127,33.32622503109272,32.51724679288508,32.573036193847656,2050800,0.0,0.0
2022-09-06 00:00:00-04:00,32.861291290759354,34.26537998567201,32.861291290759354,33.45640182495117,5033300,0.0,0.0
2022-09-07 00:00:00-04:00,33.456402936474014,34.237486425335376,33.27973059924704,34.12590408325195,2398100,0.0,0.0
2022-09-08 00:00:00-04:00,33.939931148353786,34.386264063826175,33.81904820859916,34.12590408325195,2176300,0.0,0.0
2022-09-09 00:00:00-04:00,34.22818650034584,34.60012879176805,33.893435955068966,34.451351165771484,1638300,0.0,0.0
2022-09-12 00:00:00-04:00,34.63732783399807,35.19524310508615,34.590835485930526,34.79540252685547,2123400,0.0,0.0
2022-09-13 00:00:00-04:00,34.30257239309714,34.73030761014649,33.88413422548874,34.06081008911133,3136100,0.0,0.0
2022-09-14 00:00:00-04:00,34.14491222027535,34.14491222027535,33.472104944319526,33.7711296081543,1908300,0.18,0.0
2022-09-15 00:00:00-04:00,33.66834237605417,33.88326615059501,33.24784135371433,33.29456329345703,1431200,0.0,0.0
2022-09-16 00:00:00-04:00,33.247841824757124,33.39735417284531,32.80864774271126,33.341285705566406,4541100,0.0,0.0
2022-09-19 00:00:00-04:00,32.90208447831677,33.13569769426277,32.63109229230227,33.117008209228516,1460300,0.0,0.0
2022-09-20 00:00:00-04:00,32.827339116473475,32.827339116473475,31.930261411786134,32.01436233520508,1911600,0.0,0.0
2022-09-21 00:00:00-04:00,32.21059645883986,32.47224216146555,31.715333938598633,31.715333938598633,1707200,0.0,0.0
2022-09-22 00:00:00-04:00,31.66861447647148,32.01436111977605,31.182698444571628,31.79009437561035,2273500,0.0,0.0
2022-09-23 00:00:00-04:00,31.556478405854957,32.31338662316279,31.52844595639533,31.85550308227539,2619000,0.0,0.0
2022-09-26 00:00:00-04:00,31.64992276568176,31.705991230115867,30.687437296489616,30.87432861328125,2852400,0.0,0.0
2022-09-27 00:00:00-04:00,31.03318377266059,31.285486514469458,30.25758962383068,30.388412475585938,2551200,0.0,0.0
2022-09-28 00:00:00-04:00,30.706125361323288,31.117283387482303,30.080040013790356,30.921049118041992,2073000,0.0,0.0
2022-09-29 00:00:00-04:00,30.696779733826816,30.762191158888125,30.2015207827468,30.55661392211914,2785000,0.0,0.0
2022-09-30 00:00:00-04:00,30.902362892943447,30.94908483374398,30.500547785678776,30.659406661987305,3075300,0.0,0.0
2022-10-03 00:00:00-04:00,31.07056449934466,31.491069092718032,30.603337965519927,31.257455825805664,1824300,0.0,0.0
2022-10-04 00:00:00-04:00,31.481723028753773,32.191909366817335,31.481723028753773,32.08911895751953,3982400,0.0,0.0
2022-10-05 00:00:00-04:00,31.864846475968392,32.16387115644364,30.7435057065139,31.117284774780273,1870400,0.0,0.0
2022-10-06 00:00:00-04:00,31.0331853583594,31.30417760207379,30.640716783039704,30.827608108520508,2922500,0.0,0.0
2022-10-07 00:00:00-04:00,30.58464486730936,30.715467710997828,29.566091001178272,29.790359497070312,1841900,0.0,0.0
2022-10-10 00:00:00-04:00,29.902493316362882,30.005283707482675,29.21099837230129,29.267065048217773,2436900,0.0,0.0
2022-10-11 00:00:00-04:00,29.220345624398092,29.98659679625299,29.005421862990527,29.827739715576172,2105800,0.0,0.0
2022-10-12 00:00:00-04:00,29.82774227387748,29.85577650781115,29.024112057723606,29.033456802368164,2284100,0.0,0.0
2022-10-13 00:00:00-04:00,28.519504943786924,29.566091267372588,28.267202215263964,29.40723419189453,1941700,0.0,0.0
2022-10-14 00:00:00-04:00,29.762328222628508,29.874461583832396,28.50081632395513,28.528850555419922,1319800,0.0,0.0
2022-10-17 00:00:00-04:00,28.986732321770347,29.72494926073268,28.986732321770347,29.556747436523438,1768900,0.0,0.0
2022-10-18 00:00:00-04:00,29.89315173060847,30.472513384028726,29.89315173060847,30.061351776123047,1865600,0.0,0.0
2022-10-19 00:00:00-04:00,29.687575627356452,29.81839849194839,29.145592896768335,29.425928115844727,2125500,0.0,0.0
2022-10-20 00:00:00-04:00,29.61281606768089,29.939874974131282,29.369858073812818,29.500680923461914,1798700,0.0,0.0
2022-10-21 00:00:00-04:00,29.696915422969937,29.9585628908751,29.154932782709466,29.902494430541992,1645600,0.0,0.0
2022-10-24 00:00:00-04:00,30.164142770867052,30.313655113592144,29.48199248439285,29.622161865234375,2377600,0.0,0.0
2022-10-25 00:00:00-04:00,29.874463549884698,30.715470943571493,29.827741610029562,30.640716552734375,1749200,0.0,0.0
2022-10-26 00:00:00-04:00,30.584645603078496,31.014493118297114,30.50989121831037,30.565956115722656,2132500,0.0,0.0
2022-10-27 00:00:00-04:00,30.276280472722974,30.276280472722974,29.061490429223877,29.313793182373047,5866800,0.0,0.0
2022-10-28 00:00:00-04:00,29.136246408298415,29.967909053142186,28.977389318373767,29.883808135986328,3055500,0.0,0.0
2022-10-31 00:00:00-04:00,29.64084712644473,30.182829769700426,29.64084712644473,29.84642791748047,2328700,0.0,0.0
2022-11-01 00:00:00-04:00,30.04266525931138,30.089387196199063,29.575436978796343,29.827739715576172,1698300,0.0,0.0
2022-11-02 00:00:00-04:00,29.846429317670076,30.323000561527333,29.444614242516252,29.500680923461914,2674200,0.0,0.0
2022-11-03 00:00:00-04:00,29.10821166481953,29.32313543497085,28.687708868740135,29.08017921447754,1998900,0.0,0.0
2022-11-04 00:00:00-04:00,28.743772690757755,28.85590604562005,27.38881521282434,28.659671783447266,4901900,0.0,0.0
2022-11-07 00:00:00-05:00,28.799840093590106,29.024108591291036,27.678497605085454,27.8093204498291,3675600,0.0,0.0
2022-11-08 00:00:00-05:00,27.80932242401984,28.304583172222817,27.706532020236953,28.05228042602539,1601000,0.0,0.0
2022-11-09 00:00:00-05:00,28.014899919028544,28.426059729374018,27.84669809741778,27.884077072143555,1828200,0.0,0.0
2022-11-10 00:00:00-05:00,29.05214743391642,30.369726181030273,28.575576132273216,30.369726181030273,3004800,0.0,0.0
2022-11-11 00:00:00-05:00,30.36971945608724,30.659401140328775,29.87445877408854,29.949214935302734,2781900,0.0,0.0
2022-11-14 00:00:00-05:00,29.752984216620806,29.893151812765357,29.201656793768247,29.276412963867188,2358800,0.0,0.0
2022-11-15 00:00:00-05:00,29.668882801989678,29.855774115248234,29.351168638846726,29.77167320251465,2934400,0.0,0.0
2022-11-16 00:00:00-05:00,29.706259989190738,29.809048601199954,29.36051161517551,29.41657829284668,1804300,0.0,0.0
2022-11-17 00:00:00-05:00,29.061486849385428,29.40723343978298,28.893285034672008,29.2016544342041,2056700,0.0,0.0
2022-11-18 00:00:00-05:00,29.612814514797833,29.911837391603285,29.379201277059224,29.902494430541992,2588500,0.0,0.0
2022-11-21 00:00:00-05:00,29.40723472632655,29.949217385043596,29.25772239166858,29.72494888305664,2002200,0.0,0.0
2022-11-22 00:00:00-05:00,29.893151361299875,30.08938741880071,29.696917086126696,30.042665481567383,2700600,0.0,0.0
2022-11-23 00:00:00-05:00,30.02397541429539,30.24824213454927,29.809049873118113,29.967906951904297,1480400,0.0,0.0
2022-11-25 00:00:00-05:00,30.210870593196432,30.323003967683597,30.023979259280683,30.238903045654297,488200,0.0,0.0
2022-11-28 00:00:00-05:00,29.91183570588436,30.248239319614328,29.50067771391157,29.547401428222656,1650800,0.0,0.0
2022-11-29 00:00:00-05:00,29.425925730299365,30.407102482178928,29.416580986110677,30.379066467285156,2987000,0.0,0.0
2022-11-30 00:00:00-05:00,29.865115655973806,30.92104849569129,29.809048977594692,30.902359008789062,2910800,0.0,0.0
2022-12-01 00:00:00-05:00,31.21073633103614,31.481725032751008,30.463170966612694,30.790231704711914,3004000,0.0,0.0
2022-12-02 00:00:00-05:00,30.47251423186031,30.958430240851346,30.37906678898388,30.780881881713867,2008000,0.0,0.0
2022-12-05 00:00:00-05:00,30.537928497842017,30.71547330882564,30.266936235296654,30.41644859313965,1296400,0.0,0.0
2022-12-06 00:00:00-05:00,30.453822931994697,30.453822931994697,29.87446129691343,29.967906951904297,1725500,0.0,0.0
2022-12-07 00:00:00-05:00,29.902496570849237,30.724816224651097,29.902496570849237,30.603336334228516,2942000,0.0,0.0
2022-12-08 00:00:00-05:00,30.883666653231828,31.210727296658813,30.706121891134764,30.80891227722168,2847900,0.0,0.0
2022-12-09 00:00:00-05:00,30.799569130825997,31.164005219906947,30.696778733463635,30.706125259399414,1852600,0.0,0.0
2022-12-12 00:00:00-05:00,30.58464554313483,30.696778902394865,29.752982963033737,30.294963836669922,1919300,0.0,0.0
2022-12-13 00:00:00-05:00,31.117286521574844,31.276145397113638,30.238901918951882,30.68743896484375,2424300,0.0,0.0
2022-12-14 00:00:00-05:00,30.64045779456031,31.091466854358725,30.27401315749293,30.386764526367188,1509700,0.18,0.0
2022-12-15 00:00:00-05:00,29.992129384837067,30.245820845940173,29.42836719721238,29.597496032714844,2634800,0.0,0.0
2022-12-16 00:00:00-05:00,28.79883342748865,29.287427448752517,28.469971998093712,28.96796226501465,4274500,0.0,0.0
2022-12-19 00:00:00-05:00,28.883399746266342,28.949171678041832,28.28205432186103,28.4793701171875,1237100,0.0,0.0
2022-12-20 00:00:00-05:00,28.29144733162604,28.56393127383131,28.03775408767075,28.28205108642578,2092300,0.0,0.0
2022-12-21 00:00:00-05:00,28.479368856332812,28.751854609797032,28.291449315601195,28.469972610473633,1457500,0.0,0.0
2022-12-22 00:00:00-05:00,28.253863464391834,28.38540731807887,27.765269447624856,28.31963539123535,1708400,0.0,0.0
2022-12-23 00:00:00-05:00,28.206885115020217,28.639101675009613,28.047152518469645,28.62970542907715,1060400,0.0,0.0
2022-12-27 00:00:00-05:00,28.69547780296549,28.69547780296549,28.253863225632717,28.432388305664062,1525200,0.0,0.0
2022-12-28 00:00:00-05:00,28.460576162274446,28.68608067063963,27.96258591954059,28.009565353393555,1040100,0.0,0.0
2022-12-29 00:00:00-05:00,28.131716939711165,28.695479150604402,28.065945010334573,28.62970542907715,1095100,0.0,0.0
2022-12-30 00:00:00-05:00,28.441784791502396,28.601517381901193,27.990775757017765,28.31963539123535,1374200,0.0,0.0
2023-01-03 00:00:00-05:00,28.253865731372745,28.648499116248303,27.55855963271595,27.962589263916016,1374300,0.0,0.0
2023-01-04 00:00:00-05:00,28.188090080118016,28.704871014726645,28.037753743062762,28.667287826538086,2247400,0.0,0.0
2023-01-05 00:00:00-05:00,28.451180337440256,28.460576582779783,27.633724914406844,27.840436935424805,2210800,0.0,0.0
2023-01-06 00:00:00-05:00,27.962589358665923,29.127697024591495,27.925004373240544,29.09950828552246,1718500,0.0,0.0
2023-01-09 00:00:00-05:00,29.071316824257103,29.550514561113868,28.79883109868836,29.1652774810791,1557500,0.0,0.0
2023-01-10 00:00:00-05:00,29.202863436808364,29.32501104775064,28.920983231771956,29.071319580078125,2019700,0.0,0.0
2023-01-11 00:00:00-05:00,29.362597242189942,30.58408057060476,29.362597242189942,30.518308639526367,2159600,0.0,0.0
2023-01-12 00:00:00-05:00,30.80958536105284,31.082071110130457,30.46192964631192,30.894149780273438,1438400,0.0,0.0
2023-01-13 00:00:00-05:00,30.518308025420286,30.772001290604024,30.330386689991442,30.499515533447266,1600000,0.0,0.0
2023-01-17 00:00:00-05:00,30.60287087902057,30.856564131204763,30.33038513582631,30.65924835205078,1013600,0.0,0.0
2023-01-18 00:00:00-05:00,30.6968319704595,30.884753309853757,30.236428452460068,30.24582290649414,1172000,0.0,0.0
2023-01-19 00:00:00-05:00,30.1236795734724,30.6592531052367,30.03911335081656,30.04850959777832,1687600,0.0,0.0
2023-01-20 00:00:00-05:00,30.00153214551554,30.584085158586166,29.738442589584658,30.50891876220703,2064700,0.0,0.0
2023-01-23 00:00:00-05:00,30.565289088779046,30.922339286652985,30.349180796047897,30.640459060668945,1233800,0.0,0.0
2023-01-24 00:00:00-05:00,30.30219769302518,31.129049362361652,30.28340520232423,31.07267189025879,1396600,0.0,0.0
2023-01-25 00:00:00-05:00,30.941130085971423,31.06327949145553,30.76260678895722,31.04448699951172,743200,0.0,0.0
2023-01-26 00:00:00-05:00,31.17603204203678,31.33576285316941,31.100862071408617,31.269990921020508,1364400,0.0,0.0
2023-01-27 00:00:00-05:00,31.279386012000792,32.04986021682925,31.24180103022839,31.69281005859375,2449000,0.0,0.0
2023-01-30 00:00:00-05:00,31.52368719879582,31.767986042310966,31.30757888910277,31.335765838623047,2209900,0.0,0.0
2023-01-31 00:00:00-05:00,31.19482652348134,32.30355857082225,31.19482652348134,32.218994140625,3182500,0.0,0.0
2023-02-01 00:00:00-05:00,32.11563619611273,32.7451685908989,31.833755965845764,32.5854377746582,2868400,0.0,0.0
2023-02-02 00:00:00-05:00,32.92369354290382,33.506246462337565,32.867316066454855,33.34651565551758,1876500,0.0,0.0
2023-02-03 00:00:00-05:00,32.85792246325312,32.980068288936266,32.10623709501064,32.5196647644043,2032800,0.0,0.0
2023-02-06 00:00:00-05:00,32.18140749475548,32.406913825096076,31.87133673857486,32.35053634643555,1536400,0.0,0.0
2023-02-07 00:00:00-05:00,32.14381994019231,32.63241396329942,31.82435475524925,32.388118743896484,2817600,0.0,0.0
2023-02-08 00:00:00-05:00,32.378721916548244,32.67000016745396,32.22838556414882,32.34113693237305,1156800,0.0,0.0
2023-02-09 00:00:00-05:00,32.44449134922948,32.679392105790484,31.84314598592149,31.8619384765625,1845300,0.0,0.0
2023-02-10 00:00:00-05:00,31.683417152748167,31.937110415650753,31.52368276456447,31.80556297302246,1864700,0.0,0.0
2023-02-13 00:00:00-05:00,32.04986199084303,32.6887923791351,32.04986199084303,32.482078552246094,1955000,0.0,0.0
2023-02-14 00:00:00-05:00,32.39751752698913,32.46328946347577,31.833757047303106,32.16261672973633,1512200,0.0,0.0
2023-02-15 00:00:00-05:00,31.937109974295023,32.24717712402344,31.805562533484654,32.24717712402344,1571900,0.0,0.0
2023-02-16 00:00:00-05:00,31.824359641746625,32.059260443675704,31.38274857144518,31.476707458496094,2551000,0.0,0.0
2023-02-17 00:00:00-05:00,31.335764915440794,31.392142397122235,30.715626954151794,31.241806030273438,1791700,0.0,0.0
2023-02-21 00:00:00-05:00,31.22300817537157,31.23240621285569,30.659247792561988,30.856563568115234,1329000,0.0,0.0
2023-02-22 00:00:00-05:00,30.978711669039555,31.185421889126314,30.70622594221957,30.875354766845703,1303000,0.0,0.0
2023-02-23 00:00:00-05:00,31.01629306450018,31.072670534142542,30.565284060264144,30.875354766845703,1325200,0.0,0.0
2023-02-24 00:00:00-05:00,30.076693915158483,30.414951607584864,29.522329730121818,29.625686645507812,3565800,0.0,0.0
2023-02-27 00:00:00-05:00,30.029714691571318,30.057903430192198,29.07132087642064,29.296825408935547,3257300,0.0,0.0
2023-02-28 00:00:00-05:00,29.29682070587624,29.66326528836827,29.137088130301432,29.146484375,3520700,0.0,0.0
2023-03-01 00:00:00-05:00,28.836417037333366,29.05252530070607,28.197486700274478,28.526348114013672,3611200,0.0,0.0
2023-03-02 00:00:00-05:00,28.441782680524987,28.704870368372426,28.19748569027346,28.67668342590332,2562700,0.0,0.0
2023-03-03 00:00:00-05:00,28.939772926598902,29.48474261832867,28.73306090289126,29.465951919555664,3492800,0.0,0.0
2023-03-06 00:00:00-05:00,29.616288944004104,29.77602153622823,29.27803126819993,29.428367614746094,1514400,0.0,0.0
2023-03-07 00:00:00-05:00,29.39078349975306,29.39078349975306,28.620307507749573,28.78943634033203,2893600,0.0,0.0
2023-03-08 00:00:00-05:00,28.77064798433128,29.371993400565536,28.733062999741286,29.108903884887695,2195400,0.0,0.0
2023-03-09 00:00:00-05:00,29.174673588256727,29.296822986697283,28.639100143795773,28.761249542236328,2168100,0.0,0.0
2023-03-10 00:00:00-05:00,28.808230176653993,28.874002105252412,27.511578719876205,27.549161911010742,3992800,0.0,0.0
2023-03-13 00:00:00-04:00,27.39882709438214,28.38540966283192,27.34245140845234,28.150508880615234,3497600,0.0,0.0
2023-03-14 00:00:00-04:00,28.41554268103883,28.72790533173239,28.1599727471783,28.46286964416504,3082500,0.22,0.0
2023-03-15 00:00:00-04:00,28.330355666282216,28.926683768921446,28.27356294350898,28.888822555541992,3226800,0.0,0.0
2023-03-16 00:00:00-04:00,28.76576772688918,28.974010706207366,28.4534050633199,28.936147689819336,4348200,0.0,0.0
2023-03-17 00:00:00-04:00,28.746838267366957,28.77523372449028,28.08424991823335,28.406078338623047,3690300,0.0,0.0
2023-03-20 00:00:00-04:00,28.292490194859642,28.888820051212008,28.103180533557136,28.8320255279541,3611200,0.0,0.0
2023-03-21 00:00:00-04:00,28.92668301780096,29.002407248001692,28.03692376429436,28.292491912841797,3628700,0.0,0.0
2023-03-22 00:00:00-04:00,27.923335859762606,28.19783731616629,27.336471735449084,27.383800506591797,2489400,0.0,0.0
2023-03-23 00:00:00-04:00,27.554177711503403,27.88547004927334,27.251280828166415,27.364866256713867,1738600,0.0,0.0
2023-03-24 00:00:00-04:00,27.298611093508608,28.273562134493936,27.270213830230492,28.24516487121582,2812100,0.0,0.0
2023-03-27 00:00:00-04:00,28.51966477059057,28.690044740892787,28.188372389900778,28.20730209350586,4067100,0.0,0.0
2023-03-28 00:00:00-04:00,27.980129401572256,28.235699357025585,27.80974943127004,28.20730209350586,2228000,0.0,0.0
2023-03-29 00:00:00-04:00,28.330353210364912,28.926681261309326,28.25462898476232,28.8320255279541,2315300,0.0,0.0
2023-03-30 00:00:00-04:00,29.087597219650213,29.33370141904459,28.964546022657053,29.22957992553711,2164900,0.0,0.0
2023-03-31 00:00:00-04:00,29.276907076466937,29.78804515043543,29.276907076466937,29.769115447998047,1910900,0.0,0.0
2023-04-03 00:00:00-04:00,29.75965042612017,30.22346154729236,29.532477742611835,29.78804588317871,2860200,0.0,0.0
2023-04-04 00:00:00-04:00,29.87323405535401,30.024682501851,29.67445864635467,29.9678897857666,2143100,0.0,0.0
2023-04-05 00:00:00-04:00,29.977358613553594,30.100409811923452,29.740720165958574,29.816444396972656,2656900,0.0,0.0
2023-04-06 00:00:00-04:00,30.024682265083495,30.053079525605707,29.683924165856347,30.005752563476562,1634000,0.0,0.0
2023-04-10 00:00:00-04:00,30.109876391152284,30.1950663790524,29.80697945879994,30.14773941040039,2210600,0.0,0.0
2023-04-11 00:00:00-04:00,30.21399318521131,30.791389695595598,30.119337457234394,30.57368278503418,2208800,0.0,0.0
2023-04-12 00:00:00-04:00,30.89551262450272,31.20787708308456,30.649410247802734,30.649410247802734,2462900,0.0,0.0
2023-04-13 00:00:00-04:00,30.687275482403503,31.122693017468432,30.516899103589548,30.923913955688477,2516300,0.0,0.0
2023-04-14 00:00:00-04:00,31.037500537722384,31.19841295348122,30.412775162699607,30.687273025512695,1791600,0.0,0.0
2023-04-17 00:00:00-04:00,30.74406405339159,31.444515387229078,30.649410126761374,31.359325408935547,2236400,0.0,0.0
2023-04-18 00:00:00-04:00,31.38771623224641,31.65275007634734,31.32145777122118,31.520233154296875,2000700,0.0,0.0
2023-04-19 00:00:00-04:00,31.198415300385076,31.624365272400976,31.075365894660006,31.501312255859375,2097500,0.0,0.0
2023-04-20 00:00:00-04:00,31.44451332092285,31.671684174233686,31.25520186928675,31.44451332092285,2138200,0.0,0.0
2023-04-21 00:00:00-04:00,31.425583359024355,31.539168791261698,31.018564981790107,31.349857330322266,1819700,0.0,0.0
2023-04-24 00:00:00-04:00,31.321463113973408,31.368790078376467,30.82925474038655,31.065893173217773,1337700,0.0,0.0
2023-04-25 00:00:00-04:00,31.03750358261568,31.103762067465553,30.715675108709195,30.753538131713867,1042400,0.0,0.0
2023-04-26 00:00:00-04:00,30.734599784915943,30.97123820984245,30.4600983454054,30.50742530822754,1239900,0.0,0.0
2023-04-27 00:00:00-04:00,30.639941006153382,31.37825531734374,30.554751032201253,31.18894386291504,3409300,0.0,0.0
2023-04-28 00:00:00-04:00,31.24574144743945,31.766348961051982,31.160551455286164,31.482379913330078,1682600,0.0,0.0
2023-05-01 00:00:00-04:00,31.4161179681255,31.96512088165619,31.406654019292503,31.756877899169922,3149900,0.0,0.0
2023-05-02 00:00:00-04:00,31.643292394801403,31.747413885832984,30.92390951721013,31.529706954956055,2551700,0.0,0.0
2023-05-03 00:00:00-04:00,31.709554429344312,31.955656845111335,31.416121431746017,31.482379913330078,2155800,0.0,0.0
2023-05-04 00:00:00-04:00,31.47291414478156,32.05977649524969,31.330929629125226,31.794742584228516,2600600,0.0,0.0
2023-05-05 00:00:00-04:00,32.36267223185021,33.22403602172254,32.32481282511198,33.195640563964844,3381400,0.0,0.0
2023-05-08 00:00:00-04:00,33.0157910384405,33.441740886530646,32.93060106882247,33.24296188354492,1976000,0.0,0.0
2023-05-09 00:00:00-04:00,33.07258609587903,33.48907204887736,32.76022524194622,33.337623596191406,1819300,0.0,0.0
2023-05-10 00:00:00-04:00,33.73517794686094,33.78250491623049,33.27136859189647,33.50800704956055,2493500,0.0,0.0
2023-05-11 00:00:00-04:00,33.280831234945026,33.32815820245668,32.87381281487574,33.11991882324219,1998100,0.0,0.0
2023-05-12 00:00:00-04:00,33.05365819399459,33.29029665280893,32.79809183599348,33.157779693603516,1814000,0.0,0.0
2023-05-15 00:00:00-04:00,33.08205215149409,33.205105142087966,32.87380918446072,33.034725189208984,1173400,0.0,0.0
2023-05-16 00:00:00-04:00,33.00632925116348,33.00632925116348,32.01244850572413,32.04084396362305,1872100,0.0,0.0
2023-05-17 00:00:00-04:00,32.16389632139495,32.201759338378906,31.785276984003552,32.201759338378906,1665700,0.0,0.0
2023-05-18 00:00:00-04:00,32.06924695704982,32.21122787473649,31.55810698741809,31.9083309173584,1602000,0.0,0.0
2023-05-19 00:00:00-04:00,32.18282255949798,32.334270991815934,31.756872715223885,31.946184158325195,2796100,0.0,0.0
2023-05-22 00:00:00-04:00,31.80420110469876,32.29640943458868,31.719011132009815,32.02191162109375,1469500,0.0,0.0
2023-05-23 00:00:00-04:00,31.87993423912349,32.10710514307764,31.529710322551267,31.567569732666016,1683400,0.0,0.0
2023-05-24 00:00:00-04:00,31.387717884205568,31.548633877175487,31.132147973593707,31.378253936767578,1083600,0.0,0.0
2023-05-25 00:00:00-04:00,31.58649327774296,31.58649327774296,31.05642556164325,31.378253936767578,1964800,0.0,0.0
2023-05-26 00:00:00-04:00,31.425590019917244,31.99352091229702,31.22681456866598,31.9083309173584,1387800,0.0,0.0
2023-05-30 00:00:00-04:00,32.18282734362467,32.703431181431874,32.13550037851783,32.45732879638672,2383000,0.0,0.0
2023-05-31 00:00:00-04:00,32.656107533070355,32.7886244931551,32.30588362272977,32.4478645324707,3304000,0.0,0.0
2023-06-01 00:00:00-04:00,32.34374219176817,32.902209088197495,32.059776768848366,32.87381362915039,2151500,0.0,0.0
2023-06-02 00:00:00-04:00,33.17670938620523,33.34708935608354,32.91167548231281,33.02526092529297,2544800,0.0,0.0
2023-06-05 00:00:00-04:00,32.977931820945884,33.21457025146047,32.79808791364852,32.883277893066406,1654800,0.0,0.0
2023-06-06 00:00:00-04:00,33.07258839250938,33.27136743425128,32.68450147987605,33.21457290649414,1970400,0.0,0.0
2023-06-07 00:00:00-04:00,33.3660241914301,33.63105812174472,33.10099026111548,33.28083419799805,1587900,0.0,0.0
2023-06-08 00:00:00-04:00,33.04419373923508,33.41334915161133,32.873813762628146,33.41334915161133,1332600,0.0,0.0
2023-06-09 00:00:00-04:00,33.47014485883278,33.612125770458476,33.11045338324484,33.26190185546875,1810700,0.0,0.0
2023-06-12 00:00:00-04:00,33.07258960304952,33.25243714212191,32.31534725931826,32.43840026855469,3929600,0.0,0.0
2023-06-13 00:00:00-04:00,32.34373879249401,32.968467712402344,32.239620916658495,32.968467712402344,3710900,0.0,0.0
2023-06-14 00:00:00-04:00,32.99704499650558,33.33044688670511,32.86368569393316,33.178035736083984,3617900,0.22,0.0
2023-06-15 00:00:00-04:00,33.24471777888842,33.6733716726305,33.01609921962642,33.6257438659668,3162600,0.0,0.0
2023-06-16 00:00:00-04:00,33.80672834628555,33.911508047998076,33.530482031612785,33.72099685668945,4754500,0.0,0.0
2023-06-20 00:00:00-04:00,33.682890581981354,33.75909432590759,33.31138870014252,33.41617202758789,2291400,0.0,0.0
2023-06-21 00:00:00-04:00,33.32091270614226,33.43522013857475,33.04466641347664,33.273284912109375,2137100,0.0,0.0
2023-06-22 00:00:00-04:00,33.330444168637875,33.43522387370833,32.377873646494976,33.04467010498047,1671500,0.0,0.0
2023-06-23 00:00:00-04:00,32.93036922923492,32.997048888385756,32.09210598506444,32.12068557739258,3556700,0.0,0.0
2023-06-26 00:00:00-04:00,32.073051553488256,33.044674037762974,32.073051553488256,32.98752212524414,2011400,0.0,0.0
2023-06-27 00:00:00-04:00,33.19708507957975,33.311396171760286,32.94941831405908,33.13040542602539,2970400,0.0,0.0
2023-06-28 00:00:00-04:00,33.05420558320205,33.72100583155567,32.977998179381515,33.244720458984375,1874400,0.0,0.0
2023-06-29 00:00:00-04:00,33.16850408625294,33.65431706982033,33.06372075121809,33.606685638427734,1744000,0.0,0.0
2023-06-30 00:00:00-04:00,33.825775253731784,33.940086324629604,33.23518258916467,33.76862335205078,2762800,0.0,0.0
2023-07-03 00:00:00-04:00,33.67336665686406,34.140127813687606,33.61621475088808,33.98771667480469,790700,0.0,0.0
2023-07-05 00:00:00-04:00,33.83530809633505,34.37827304680365,33.66384509789565,34.09250259399414,1623200,0.0,0.0
2023-07-06 00:00:00-04:00,33.59716662909776,34.302066861917815,33.13040542052616,34.27349090576172,2193200,0.0,0.0
2023-07-07 00:00:00-04:00,34.21633280887534,34.606890227325344,34.19728459537036,34.34016799926758,2148300,0.0,0.0
2023-07-10 00:00:00-04:00,34.17823398465609,34.3306451345883,33.92103948781391,34.23538589477539,1678600,0.0,0.0
2023-07-11 00:00:00-04:00,34.37827545610429,34.69262188609426,34.17823648849534,34.62594223022461,2133600,0.0,0.0
2023-07-12 00:00:00-04:00,35.054606239775346,35.15938961374144,34.46401333551207,34.47353744506836,2181600,0.0,0.0
2023-07-13 00:00:00-04:00,34.52115748868287,34.82597976654498,34.31159080998959,34.81645202636719,2891500,0.0,0.0
2023-07-14 00:00:00-04:00,34.72120022305004,34.749776179171086,34.50210941399533,34.64499282836914,2435500,0.0,0.0
2023-07-17 00:00:00-04:00,34.56879168548274,34.730726960790754,34.37827681812066,34.63547134399414,1479200,0.0,0.0
2023-07-18 00:00:00-04:00,34.64498907122945,34.7211964576459,33.99724082176238,34.244911193847656,1550500,0.0,0.0
2023-07-19 00:00:00-04:00,34.483055125029075,34.62593852929132,34.044873537928865,34.56878662109375,2011100,0.0,0.0
2023-07-20 00:00:00-04:00,34.46400584568464,34.845035552978516,34.15918353335698,34.845035552978516,2529400,0.0,0.0
2023-07-21 00:00:00-04:00,35.01649359477724,35.53088258996554,34.96886579161576,35.43562698364258,2793700,0.0,0.0
2023-07-24 00:00:00-04:00,35.407043599436314,35.95001212533526,35.38799538722827,35.52135467529297,2896300,0.0,0.0
2023-07-25 00:00:00-04:00,35.41657386216172,35.56898500705933,34.71167004590504,34.74024963378906,4306300,0.0,0.0
2023-07-26 00:00:00-04:00,34.80693180061943,35.111754112466514,34.58784099108987,34.95934295654297,2582100,0.0,0.0
2023-07-27 00:00:00-04:00,35.22605757397762,35.22605757397762,33.80672952681791,34.387794494628906,2756400,0.0,0.0
2023-07-28 00:00:00-04:00,34.959341727776,35.75950117669237,34.65451942664295,35.23558807373047,2862700,0.0,0.0
2023-07-31 00:00:00-04:00,35.44515229542253,36.16910800964819,35.26416518375041,35.70234680175781,3720900,0.0,0.0
2023-08-01 00:00:00-04:00,35.63566839469252,35.788079555580936,35.0355478589206,35.51183319091797,2163900,0.0,0.0
2023-08-02 00:00:00-04:00,35.37847138905583,35.64518999339394,35.2165361317844,35.54993438720703,1615700,0.0,0.0
2023-08-03 00:00:00-04:00,35.16889696647787,35.30225987310857,34.67356356263444,34.949806213378906,2704800,0.0,0.0
2023-08-04 00:00:00-04:00,35.01649233570027,35.359418320161986,34.59736259567391,34.74024963378906,1377300,0.0,0.0
2023-08-07 00:00:00-04:00,34.7211951994175,34.96886192875962,34.56878406587587,34.921234130859375,2652900,0.0,0.0
2023-08-08 00:00:00-04:00,34.78787736790406,34.84503290979316,34.37827173545297,34.6830940246582,1533900,0.0,0.0
2023-08-09 00:00:00-04:00,34.68309777829947,34.835508939397066,34.53068661720188,34.62594223022461,1605500,0.0,0.0
2023-08-10 00:00:00-04:00,34.7211964576459,35.00696688917122,34.14965196082709,34.244911193847656,1995200,0.0,0.0
2023-08-11 00:00:00-04:00,34.17823648849534,34.69262188609426,34.05440128455082,34.62594223022461,1585800,0.0,0.0
2023-08-14 00:00:00-04:00,34.62593712584869,34.7211963585975,34.254435202548734,34.387794494628906,2114200,0.0,0.0
2023-08-15 00:00:00-04:00,34.24491108297162,34.37827037500043,33.825777726574564,33.93056106567383,3039700,0.0,0.0
2023-08-16 00:00:00-04:00,34.05439620947491,34.07344805599393,33.530483148390466,33.67336654663086,2424200,0.0,0.0
2023-08-17 00:00:00-04:00,33.625740144331225,33.83530683097955,33.35902154951942,33.397125244140625,2095900,0.0,0.0
2023-08-18 00:00:00-04:00,33.254239335485245,33.559061635269806,33.225663380433076,33.43522644042969,1884900,0.0,0.0
2023-08-21 00:00:00-04:00,33.39712264676197,33.39712264676197,32.72079483802439,32.92083740234375,1472500,0.0,0.0
2023-08-22 00:00:00-04:00,33.13993202590443,33.263763587515655,32.85416157283231,33.00657272338867,1080500,0.0,0.0
2023-08-23 00:00:00-04:00,33.22566351669217,33.654321013074785,32.997044974031965,33.63526916503906,1290700,0.0,0.0
2023-08-24 00:00:00-04:00,33.682894286774456,34.28301473393497,33.62573874721739,33.67336654663086,1300400,0.0,0.0
2023-08-25 00:00:00-04:00,33.67337042029305,33.90198897105256,33.52095926437623,33.64479446411133,1131200,0.0,0.0
2023-08-28 00:00:00-04:00,33.854357397495335,34.12107598221651,33.70194625854492,33.70194625854492,1094200,0.0,0.0
2023-08-29 00:00:00-04:00,33.65432223698651,34.39732616855833,33.56859073459218,34.33064651489258,1812100,0.0,0.0
2023-08-30 00:00:00-04:00,34.36875140688256,34.54021078386194,34.14013284796219,34.511634826660156,2630000,0.0,0.0
2023-08-31 00:00:00-04:00,34.625941085764154,34.625941085764154,34.24491501249825,34.33064651489258,2103500,0.0,0.0
2023-09-01 00:00:00-04:00,34.44495391023548,34.530685412472366,34.23538720837453,34.27349090576172,1250300,0.0,0.0
2023-09-05 00:00:00-04:00,34.235382160498006,34.34016549597858,33.71146911686319,33.72099685668945,1577800,0.0,0.0
2023-09-06 00:00:00-04:00,33.75909810871511,33.930561093971775,33.578111017063364,33.73052215576172,1649400,0.0,0.0
2023-09-07 00:00:00-04:00,33.625743815717904,34.57831448264345,33.625743815717904,34.511634826660156,2092100,0.0,0.0
2023-09-08 00:00:00-04:00,34.52116004612374,34.749774954572786,34.18775815679692,34.29254150390625,1399700,0.0,0.0
2023-09-11 00:00:00-04:00,34.349695781392576,34.70214587195457,34.254436544910746,34.6830940246582,1375700,0.0,0.0
2023-09-12 00:00:00-04:00,34.61641436560119,34.90218480742416,34.5211587629163,34.59736251831055,1428900,0.0,0.0
2023-09-13 00:00:00-04:00,34.5878423439781,34.730725764250415,34.28302002020803,34.368751525878906,1106100,0.0,0.0
2023-09-14 00:00:00-04:00,34.752110851534695,35.06838941592755,34.732945777384934,34.98213195800781,1322000,0.22,0.0
2023-09-15 00:00:00-04:00,35.20256697792989,35.2409044384684,34.84795460810238,35.01088333129883,3480900,0.0,0.0
2023-09-18 00:00:00-04:00,34.972554731105525,34.972554731105525,34.48376117665562,34.55084991455078,1049100,0.0,0.0
2023-09-19 00:00:00-04:00,34.464586374323545,34.67543874546983,34.062054017838484,34.13872528076172,1146000,0.0,0.0
2023-09-20 00:00:00-04:00,34.397502796770866,34.6658577412609,34.100396581388864,34.368751525878906,1722200,0.0,0.0
2023-09-21 00:00:00-04:00,34.10997780192173,34.30166146460741,33.37199807702199,33.410335540771484,2377500,0.0,0.0
2023-09-22 00:00:00-04:00,33.41991134274682,33.544506246789126,32.87361539064114,32.892784118652344,1627000,0.0,0.0
2023-09-25 00:00:00-04:00,32.73943733921967,32.90236969624165,32.58609117405479,32.787357330322266,1818900,0.0,0.0
2023-09-26 00:00:00-04:00,32.52859164474831,32.806532768480956,32.451920374513406,32.60526657104492,2120200,0.0,0.0
2023-09-27 00:00:00-04:00,32.72027088417921,32.96946070491792,32.221894898763004,32.49025344848633,2173200,0.0,0.0
2023-09-28 00:00:00-04:00,32.50941827141722,32.816114276751314,32.32732083155556,32.4519157409668,3040400,0.0,0.0
2023-09-29 00:00:00-04:00,32.85445096013685,32.95987714995817,31.761858913009636,32.28898620605469,4388600,0.0,0.0
2023-10-02 00:00:00-04:00,32.15480576997192,32.461498117736774,31.570172339526057,31.733104705810547,2135100,0.0,0.0
2023-10-03 00:00:00-04:00,31.551002047579868,31.733103133585054,31.24430971501017,31.445579528808594,2769500,0.0,0.0
2023-10-04 00:00:00-04:00,31.5701741199735,32.078136320156034,31.16764176185366,32.05896759033203,2231000,0.0,0.0
2023-10-05 00:00:00-04:00,31.896032121469975,32.29856809661185,31.876863393505026,32.20272445678711,1676200,0.0,0.0
2023-10-06 00:00:00-04:00,31.982291482489376,32.64359984062655,31.828945305657513,32.54775619506836,2619300,0.0,0.0
2023-10-09 00:00:00-04:00,32.28898198251305,32.98862410264733,32.28898198251305,32.892784118652344,1103100,0.0,0.0
2023-10-10 00:00:00-04:00,32.7394383254554,33.29532047596146,32.70110086899407,32.95029067993164,1435700,0.0,0.0
2023-10-11 00:00:00-04:00,33.228235786531954,33.73619806200982,33.01738703933658,33.67869186401367,1681500,0.0,0.0
2023-10-12 00:00:00-04:00,33.573260211988924,33.73619258516273,33.189896589103554,33.36241149902344,1243400,0.0,0.0
2023-10-13 00:00:00-04:00,33.496589039870656,33.563677765457456,32.99821303832491,33.4007453918457,1255400,0.0,0.0
2023-10-16 00:00:00-04:00,33.44866939890918,33.64034938487088,33.07488465173656,33.46783447265625,1485000,0.0,0.0
2023-10-17 00:00:00-04:00,33.295323725984176,34.05246845666593,33.295323725984176,33.53492736816406,2610900,0.0,0.0
2023-10-18 00:00:00-04:00,33.34324526812834,33.458253998006285,33.036552884412764,33.13239288330078,2809000,0.0,0.0
2023-10-19 00:00:00-04:00,32.91195873549852,33.40074859102825,32.538177612553135,32.55734634399414,1483900,0.0,0.0
2023-10-20 00:00:00-04:00,32.60526477551863,32.911957151692526,32.28898620605469,32.28898620605469,2672700,0.0,0.0
2023-10-23 00:00:00-04:00,31.896034349595197,32.011046725419185,31.368907089949758,31.570173263549805,2928600,0.0,0.0
2023-10-24 00:00:00-04:00,31.685182494877647,32.18355843913798,31.685182494877647,32.011043548583984,2085600,0.0,0.0
2023-10-25 00:00:00-04:00,31.694766986489277,31.915201881120392,31.282648462073364,31.34015464782715,2016200,0.0,0.0
2023-10-26 00:00:00-04:00,31.340155193184223,31.378492651020533,30.429660677908576,30.765104293823242,3755800,0.0,0.0
2023-10-27 00:00:00-04:00,30.81302859916833,30.860948594451788,30.055880243081347,30.18047332763672,3658100,0.0,0.0
2023-10-30 00:00:00-04:00,30.305070081959016,30.880119200461287,30.209228257536846,30.860950469970703,3633100,0.0,0.0
2023-10-31 00:00:00-04:00,30.956789516958583,31.378494262695312,30.745940800151615,31.378494262695312,3710300,0.0,0.0
2023-11-01 00:00:00-04:00,31.349738236983903,31.55100440979004,31.05263207409711,31.55100440979004,2918800,0.0,0.0
2023-11-02 00:00:00-04:00,32.0397953000727,32.41357634995066,31.953537853480785,32.0973014831543,2437000,0.0,0.0
2023-11-03 00:00:00-04:00,32.48066387690748,34.05246292951457,32.48066387690748,33.93745422363281,2993900,0.0,0.0
2023-11-06 00:00:00-05:00,33.79370025756492,33.91829519058188,33.39116784390352,33.611602783203125,2410000,0.0,0.0
2023-11-07 00:00:00-05:00,33.688271707828264,33.7553604314793,33.14197572606337,33.22822952270508,2807200,0.0,0.0
2023-11-08 00:00:00-05:00,33.410335540771484,33.726610476550356,33.34324680724076,33.410335540771484,2290600,0.0,0.0
2023-11-09 00:00:00-05:00,33.51575584219699,33.61159582864945,33.02696240553048,33.0461311340332,1605400,0.0,0.0
2023-11-10 00:00:00-05:00,33.27615452120023,33.64993561269906,33.02696468949342,33.44866943359375,2273100,0.0,0.0
2023-11-13 00:00:00-05:00,33.21864785540309,33.40074530206904,32.99821294963021,33.36241149902344,1407700,0.0,0.0
2023-11-14 00:00:00-05:00,34.40708900519293,35.58593864105059,34.1962366024005,35.087562561035156,3027000,0.0,0.0
2023-11-15 00:00:00-05:00,35.03005497617507,35.432591033198676,34.63710511311443,34.81920623779297,2322500,0.0,0.0
2023-11-16 00:00:00-05:00,35.01088598048868,35.12589837080691,34.70419358509689,34.79045104980469,1241000,0.0,0.0
2023-11-17 00:00:00-05:00,34.962965030129226,35.010885030096794,34.4933439119607,34.61793518066406,1651100,0.0,0.0
2023-11-20 00:00:00-05:00,34.464585082028336,34.63709998721365,34.33999382744212,34.58917999267578,3489100,0.0,0.0
2023-11-21 00:00:00-05:00,34.512503622963635,34.704187249102986,34.244148740005194,34.330406188964844,1610700,0.0,0.0
2023-11-22 00:00:00-05:00,34.76169800769586,34.76169800769586,34.3208281688086,34.4645881652832,1855500,0.0,0.0
2023-11-24 00:00:00-05:00,34.37833166435078,34.65627278377753,34.320829126580875,34.62752151489258,545200,0.0,0.0
2023-11-27 00:00:00-05:00,34.550845854072016,34.89587569759117,34.44541966232321,34.512508392333984,3004400,0.0,0.0
2023-11-28 00:00:00-05:00,34.387917388261215,34.75211230936771,34.22498500266169,34.541263580322266,2880900,0.0,0.0
2023-11-29 00:00:00-05:00,34.78086591945905,34.94379464283946,34.24415243949841,34.301658630371094,1853400,0.0,0.0
2023-11-30 00:00:00-05:00,34.263323621473916,34.80003713983867,34.18664869482392,34.76169967651367,3818600,0.0,0.0
2023-12-01 00:00:00-05:00,34.78086447417375,35.470920455664,34.665852097207605,35.442169189453125,4123100,0.0,0.0
2023-12-04 00:00:00-05:00,34.93420869737164,34.93420869737164,33.88953676284075,34.39749526977539,4925400,0.0,0.0
2023-12-05 00:00:00-05:00,34.138724460685985,34.26331937301228,33.60201466493201,33.97579574584961,4062100,0.0,0.0
2023-12-06 00:00:00-05:00,34.062054506340964,34.18664576738573,33.41033230987061,33.52534103393555,4007500,0.0,0.0
2023-12-07 00:00:00-05:00,33.496591689762475,33.52534295841379,32.96946438013925,33.18031311035156,4188900,0.0,0.0
2023-12-08 00:00:00-05:00,32.95988064071793,33.62118911743164,32.89279190482841,33.62118911743164,2557100,0.0,0.0
2023-12-11 00:00:00-05:00,33.49658717327993,33.73619079589844,33.49658717327993,33.73619079589844,2623300,0.0,0.0
2023-12-12 00:00:00-05:00,33.717027412734744,34.148314733034994,33.458255020554596,34.014137268066406,1584800,0.0,0.0
2023-12-13 00:00:00-05:00,34.109975185375184,35.23131849356725,33.97579772860637,35.04922103881836,3373000,0.0,0.0
2023-12-14 00:00:00-05:00,35.704885772312366,35.80130949407672,34.96243966657684,35.17456817626953,8549500,0.22,0.0
2023-12-15 00:00:00-05:00,34.75031432426723,35.14564238221781,33.950013997236965,34.27784729003906,4500000,0.0,0.0
2023-12-18 00:00:00-05:00,34.49961142683283,34.856373624134164,34.316411901491186,34.64424514770508,3002600,0.0,0.0
2023-12-19 00:00:00-05:00,34.88530574122049,35.04922055739191,34.48997766188991,34.856380462646484,3148600,0.0,0.0
2023-12-20 00:00:00-05:00,34.779239060907884,35.06850286107686,34.32605677779026,34.33570098876953,2755300,0.0,0.0
2023-12-21 00:00:00-05:00,34.480331012148234,34.586395263671875,33.82466811563518,34.586395263671875,4369300,0.0,0.0
2023-12-22 00:00:00-05:00,34.79852456459372,34.94315830693105,34.51890129110894,34.57675552368164,2617200,0.0,0.0
2023-12-26 00:00:00-05:00,34.48033060589734,34.85637758728385,34.48033060589734,34.69245910644531,1679600,0.0,0.0
2023-12-27 00:00:00-05:00,34.68282147388547,34.86602103537557,34.50926244586788,34.653892517089844,1584900,0.0,0.0
2023-12-28 00:00:00-05:00,34.596038507245034,35.0106512907772,34.596038507245034,35.001007080078125,1660000,0.0,0.0
2023-12-29 00:00:00-05:00,34.71174530042227,34.91422959857607,34.586396301388966,34.67317581176758,2363100,0.0,0.0
2024-01-02 00:00:00-05:00,34.88530006117645,35.38669231789348,34.64424630380414,35.232418060302734,1909700,0.0,0.0
2024-01-03 00:00:00-05:00,35.058859081325046,35.19384859702266,34.56710735621126,34.77923583984375,2215500,0.0,0.0
2024-01-04 00:00:00-05:00,34.65388977899061,34.84673353690514,34.36462598121317,34.48997497558594,1983400,0.0,0.0
2024-01-05 00:00:00-05:00,34.27784229382449,34.6056755388428,33.91143956628913,34.142852783203125,2532500,0.0,0.0
2024-01-08 00:00:00-05:00,34.104287025565725,34.84673309326172,34.05607700624805,34.84673309326172,2544400,0.0,0.0
2024-01-09 00:00:00-05:00,34.59603906702645,34.70210331730044,34.21999576382868,34.69245910644531,2203000,0.0,0.0
2024-01-10 00:00:00-05:00,34.90458587306651,34.972080632944575,34.72138265780728,34.86601638793945,1720200,0.0,0.0
2024-01-11 00:00:00-05:00,34.69245780958671,34.80816258820186,34.47068878466242,34.50925827026367,2052000,0.0,0.0
2024-01-12 00:00:00-05:00,34.83709446852823,34.914229768023084,34.29713265930866,34.4706916809082,2853000,0.0,0.0
2024-01-16 00:00:00-05:00,34.21999677787775,34.316416820153854,33.79573976420971,34.02715301513672,3902300,0.0,0.0
2024-01-17 00:00:00-05:00,33.65110957907645,34.16214242203122,33.44862160592691,33.97894287109375,4567900,0.0,0.0
2024-01-18 00:00:00-05:00,34.08500684592487,34.162145829712436,33.48719443432805,33.5836181640625,3313300,0.0,0.0
2024-01-19 00:00:00-05:00,33.86323396188214,34.74066957336834,33.82466815253137,34.33570098876953,3992400,0.0,0.0
2024-01-22 00:00:00-05:00,34.56711074071115,34.96243879461329,34.52854493115613,34.88530349731445,2082400,0.0,0.0
2024-01-23 00:00:00-05:00,34.98171974102506,35.01064869278692,34.036789463011736,34.18142318725586,1636900,0.0,0.0
2024-01-24 00:00:00-05:00,34.45140558479375,34.489975072122355,33.737888460158224,33.78609848022461,2269800,0.0,0.0
2024-01-25 00:00:00-05:00,34.05607689401959,34.09464638062211,33.47754930773661,33.59325408935547,2559400,0.0,0.0
2024-01-26 00:00:00-05:00,33.5932562844175,33.85359481871258,33.429337794740334,33.815025329589844,2164000,0.0,0.0
2024-01-29 00:00:00-05:00,33.65110891681908,34.200711237004086,33.60289521861543,34.03679275512695,3525100,0.0,0.0
2024-01-30 00:00:00-05:00,34.12357305741282,34.3646268412919,33.940373505812694,34.02715301513672,2194500,0.0,0.0
2024-01-31 00:00:00-05:00,34.16214484091943,34.4417681317721,33.651111961780416,33.79574203491211,2756600,0.0,0.0
2024-02-01 00:00:00-05:00,33.622179009300446,34.4514045715332,33.323274686766766,34.4514045715332,3665300,0.0,0.0
2024-02-02 00:00:00-05:00,34.04643576886279,34.42247906122032,33.68967354128223,34.152496337890625,2994800,0.0,0.0
2024-02-05 00:00:00-05:00,33.73789079206289,33.73789079206289,33.28470848010043,33.303993225097656,1905900,0.0,0.0
2024-02-06 00:00:00-05:00,33.33291791846185,33.689676499176564,33.20756891727438,33.61254119873047,1663200,0.0,0.0
2024-02-07 00:00:00-05:00,33.718604413072946,33.718604413072946,33.24613737900884,33.525760650634766,1550900,0.0,0.0
2024-02-08 00:00:00-05:00,33.44862619746528,33.79574428115519,33.255786087139185,33.76681900024414,1794300,0.0,0.0
2024-02-09 00:00:00-05:00,33.75716701536479,34.00786498616947,33.60289275571133,33.969295501708984,2249800,0.0,0.0
2024-02-12 00:00:00-05:00,34.03679632004949,34.16214532776793,33.41969917157279,33.43898391723633,2182900,0.0,0.0
2024-02-13 00:00:00-05:00,32.74474451135111,33.062937265693805,32.54226021941782,32.87973403930664,2830700,0.0,0.0
2024-02-14 00:00:00-05:00,32.97615525610456,33.15935479040375,32.73510149499004,32.81223678588867,5294700,0.0,0.0
2024-02-15 00:00:00-05:00,33.120790225987186,33.49683723886634,32.995444899883175,33.400413513183594,2771300,0.0,0.0
2024-02-16 00:00:00-05:00,33.111149867844745,33.38112894480796,32.927950305361,33.19792938232422,1848900,0.0,0.0
2024-02-20 00:00:00-05:00,33.09186119473505,33.54504345858016,32.908661653996354,33.149715423583984,3112300,0.0,0.0
2024-02-21 00:00:00-05:00,33.18828223906901,33.62217977313993,33.09186219958158,33.48719024658203,2483600,0.0,0.0
2024-02-22 00:00:00-05:00,33.72824256504231,33.72824256504231,33.34255874558124,33.506473541259766,3187000,0.0,0.0
2024-02-23 00:00:00-05:00,33.49683530507941,34.258562463958555,32.8411687210448,33.97894287109375,4707100,0.0,0.0
2024-02-26 00:00:00-05:00,33.8921651314292,34.42248274609252,33.88252091981969,34.30677795410156,4888300,0.0,0.0
2024-02-27 00:00:00-05:00,35.89772539144905,36.389477120177496,34.82744611171024,34.87565612792969,13418500,0.0,0.0
2024-02-28 00:00:00-05:00,34.67317799555335,35.377054655983024,34.653893250011414,34.89494705200195,8170100,0.0,0.0
2024-02-29 00:00:00-05:00,35.25171018388341,35.84952259745422,35.17457119984114,35.685604095458984,53186700,0.0,0.0
2024-03-01 00:00:00-05:00,35.40597783592626,35.704882147578985,35.270988317349094,35.473472595214844,5338300,0.0,0.0
2024-03-04 00:00:00-05:00,35.791657682662304,35.9941456162759,35.444539714396825,35.9266471862793,3369900,0.0,0.0
2024-03-05 00:00:00-05:00,35.772379316824306,35.97486728652003,35.26134648258614,35.2902717590332,3999900,0.0,0.0
2024-03-06 00:00:00-05:00,35.44454736385692,35.579540574795566,35.06850404314295,35.2227783203125,2294100,0.0,0.0
2024-03-07 00:00:00-05:00,35.434907628861716,35.4445481621943,34.96244057540707,35.213138580322266,4307500,0.0,0.0
2024-03-08 00:00:00-05:00,35.45419099571565,35.65667529153096,35.32884199813,35.53132629394531,2161200,0.0,0.0
2024-03-11 00:00:00-04:00,35.512044734112294,35.69524428327496,35.2131367219312,35.33848571777344,2000400,0.0,0.0
2024-03-12 00:00:00-04:00,35.27099144400496,35.59882105921708,35.22277774464898,35.53132629394531,1764200,0.0,0.0
2024-03-13 00:00:00-04:00,35.415621507506394,35.76273954501199,35.39633676340177,35.53132629394531,1837200,0.0,0.0
2024-03-14 00:00:00-04:00,35.43422158312258,35.47306143152773,35.09434605322068,35.26913833618164,2514000,0.26,0.0
2024-03-15 00:00:00-04:00,34.91955605509911,35.38566760538502,34.91955605509911,35.23029708862305,5020300,0.0,0.0
2024-03-18 00:00:00-04:00,35.26913513892643,35.2885569135309,34.80302366139334,34.8127326965332,3180400,0.0,0.0
2024-03-19 00:00:00-04:00,34.91954981543357,35.094342078598366,34.628230611600465,34.890419006347656,2023100,0.0,0.0
2024-03-20 00:00:00-04:00,34.87099944044636,35.269136575240054,34.69620716621255,35.17203140258789,3106600,0.0,0.0
2024-03-21 00:00:00-04:00,35.20116666162904,35.541038513183594,35.123479550230655,35.541038513183594,2194300,0.0,0.0
2024-03-22 00:00:00-04:00,35.880914676343046,35.89062371326949,35.220589035582265,35.27885437011719,2435500,0.0,0.0
2024-03-25 00:00:00-04:00,35.395379668531696,35.40508870500106,34.919555386377375,34.98752975463867,1864800,0.0,0.0
2024-03-26 00:00:00-04:00,34.96810902288024,34.987530800724905,34.56997183787799,34.589393615722656,2583100,0.0,0.0
2024-03-27 00:00:00-04:00,34.97781937215236,35.34682571731732,34.83215790044051,35.20116424560547,2243400,0.0,0.0
2024-03-28 00:00:00-04:00,35.366243377320515,35.88091118819896,35.25942916421184,35.71582794189453,1954800,0.0,0.0
2024-04-01 00:00:00-04:00,35.64785640370466,35.803226922021395,35.026374330437704,35.2885627746582,1359600,0.0,0.0
2024-04-02 00:00:00-04:00,34.99724082132132,35.15261132767566,34.84187031496698,35.01666259765625,1915000,0.0,0.0
2024-04-03 00:00:00-04:00,34.90984893672136,35.10406301942711,34.754478411421864,34.880714416503906,1591600,0.0,0.0
2024-04-04 00:00:00-04:00,35.19145850425111,35.31769450693991,34.61852900851006,34.63794708251953,1602500,0.0,0.0
2024-04-05 00:00:00-04:00,34.51170779692554,35.02637190870472,34.45344246746324,34.94868850708008,1067900,0.0,0.0
2024-04-08 00:00:00-04:00,35.0555075680022,35.52162285949493,35.02637675140601,35.502201080322266,2397400,0.0,0.0
2024-04-09 00:00:00-04:00,35.647858867628834,35.80322939668454,35.230299876230575,35.502201080322266,1814600,0.0,0.0
2024-04-10 00:00:00-04:00,34.812735798302064,35.11376777500581,34.511707525923384,35.01666259765625,2054200,0.0,0.0
2024-04-11 00:00:00-04:00,35.288562102439556,35.29827113900706,34.57968389460266,35.04579544067383,1737300,0.0,0.0
2024-04-12 00:00:00-04:00,35.02637411081239,35.02637411081239,34.4048920414423,34.531131744384766,1488100,0.0,0.0
2024-04-15 00:00:00-04:00,34.75447462070829,34.75447462070829,33.84166964284968,34.05530548095703,1330400,0.0,0.0
2024-04-16 00:00:00-04:00,34.00675328425155,34.00675328425155,33.589194343671245,33.66687774658203,1458300,0.0,0.0
2024-04-17 00:00:00-04:00,33.76398726433269,33.96791036816668,33.45324623820703,33.657169342041016,1942700,0.0,0.0
2024-04-18 00:00:00-04:00,33.73485393152782,34.19125269588461,33.5697706900435,34.01646041870117,2623200,0.0,0.0
2024-04-19 00:00:00-04:00,34.162127011134636,34.37576287182447,33.977625670564194,34.2495231628418,2657300,0.0,0.0
2024-04-22 00:00:00-04:00,34.336916690726,34.482574462890625,34.132993587100394,34.482574462890625,3556300,0.0,0.0
2024-04-23 00:00:00-04:00,34.550554917775806,34.76418707254819,34.395180689831555,34.56997299194336,2230700,0.0,0.0
2024-04-24 00:00:00-04:00,34.385469634426784,34.71563244077782,34.17183378786868,34.54084014892578,2764300,0.0,0.0
2024-04-25 00:00:00-04:00,34.25923024908829,34.75447631533531,34.09415069655614,34.725341796875,1925800,0.0,0.0
2024-04-26 00:00:00-04:00,34.87100729860639,35.55075477332689,34.82245470133901,35.35654067993164,1530500,0.0,0.0
2024-04-29 00:00:00-04:00,35.62843665093892,35.783807178086676,34.8807148314386,35.06521987915039,1935700,0.0,0.0
2024-04-30 00:00:00-04:00,34.735052232232164,35.1914547131215,34.65736512726162,34.764183044433594,2674700,0.0,0.0
2024-05-01 00:00:00-04:00,34.628230611600465,35.395374021676545,34.424307539349755,34.890419006347656,2289300,0.0,0.0
2024-05-02 00:00:00-04:00,35.15261438477903,35.463355424511796,34.84187334504627,35.34682846069336,2173500,0.0,0.0
2024-05-03 00:00:00-04:00,36.094545626100114,36.405290362283225,34.657367427676434,34.725341796875,2359000,0.0,0.0
2024-05-06 00:00:00-04:00,34.929269110336925,35.08463962849675,34.7350550365558,35.03608703613281,3949200,0.0,0.0
2024-05-07 00:00:00-04:00,35.288559046176346,35.531325686916595,35.21087194306348,35.414798736572266,2437200,0.0,0.0
2024-05-08 00:00:00-04:00,35.26914004537532,35.4536413732975,35.084638717453146,35.11376953125,1326800,0.0,0.0
2024-05-09 00:00:00-04:00,35.307984904645416,35.38566831241591,34.87100415991953,35.34682846069336,1663200,0.0,0.0
2024-05-10 00:00:00-04:00,35.64785301641039,35.64785301641039,34.89042227462877,35.026371002197266,1499700,0.0,0.0
2024-05-13 00:00:00-04:00,35.15260740109485,35.201159984346255,34.75447029151385,34.890419006347656,996200,0.0,0.0
2024-05-14 00:00:00-04:00,35.13318891795108,35.181741505750544,34.65736466713635,35.026371002197266,1163100,0.0,0.0
2024-05-15 00:00:00-04:00,35.589595794677734,35.657570166869384,35.3565381583596,35.589595794677734,2245600,0.0,0.0
2024-05-16 00:00:00-04:00,35.56046148828166,35.70612297489509,35.337116591979765,35.395381927490234,1192300,0.0,0.0
2024-05-17 00:00:00-04:00,35.38566577938528,35.774093903408875,35.259429787753966,35.706119537353516,1451300,0.0,0.0
2024-05-20 00:00:00-04:00,35.638143143278974,35.8809097808976,35.541034265636576,35.67698669433594,1952600,0.0,0.0
2024-05-21 00:00:00-04:00,35.609009778004605,35.83235835163388,35.521617341791014,35.65756607055664,1107500,0.0,0.0
2024-05-22 00:00:00-04:00,35.589592974524884,35.88091221859405,35.23029565932525,35.317691802978516,1003300,0.0,0.0
2024-05-23 00:00:00-04:00,35.31769023331904,35.414799113242964,34.9778184143978,35.026371002197266,1332500,0.0,0.0
2024-05-24 00:00:00-04:00,35.21087650535712,35.32740717512536,34.94869175919218,35.08464050292969,1330100,0.0,0.0
2024-05-28 00:00:00-04:00,35.28855745975461,35.33711004485495,34.62823193028051,34.67678451538086,1157200,0.0,0.0
2024-05-29 00:00:00-04:00,34.21067612099685,34.45344277275328,33.98733124589995,34.43402099609375,1963000,0.0,0.0
2024-05-30 00:00:00-04:00,34.62823549502987,34.74476245213133,34.395177876501755,34.618526458740234,1617600,0.0,0.0
2024-05-31 00:00:00-04:00,34.8224496854313,35.026372787176165,34.482574144864664,34.99724197387695,2793300,0.0,0.0
2024-06-03 00:00:00-04:00,35.08463393090694,35.20116087452201,34.628231487287835,34.93897247314453,1577400,0.0,0.0
2024-06-04 00:00:00-04:00,34.85157975727656,35.43422194114165,34.85157975727656,35.3274040222168,1583400,0.0,0.0
2024-06-05 00:00:00-04:00,35.210869019266674,35.22058175851175,34.812731909685674,34.890419006347656,1683500,0.0,0.0
2024-06-06 00:00:00-04:00,34.62823609345548,35.045795043304025,34.55055268882041,34.73505401611328,1434200,0.0,0.0
2024-06-07 00:00:00-04:00,34.356338027018055,34.80302778284466,34.1038586315855,34.618526458740234,2106000,0.0,0.0
2024-06-10 00:00:00-04:00,34.453439660459445,34.870998560107026,34.23009480553803,34.67678451538086,1517100,0.0,0.0
2024-06-11 00:00:00-04:00,34.55055404431223,34.80302974968791,34.38547078345763,34.521419525146484,1473400,0.0,0.0
2024-06-12 00:00:00-04:00,35.1137712900371,35.307985368502905,34.191257195568596,34.25923156738281,3573900,0.0,0.0
2024-06-13 00:00:00-04:00,34.32719839257151,34.45343807147008,33.919352251348705,34.38546371459961,1942100,0.0,0.0
2024-06-14 00:00:00-04:00,34.30720768632114,34.678943519748515,34.131122487946364,34.669158935546875,1276500,0.26,0.0
2024-06-17 00:00:00-04:00,34.395251497064194,34.85502994587443,34.35612062233022,34.845245361328125,1740200,0.0,0.0
2024-06-18 00:00:00-04:00,34.91372597151014,35.363723611905115,34.83546794604535,35.34415817260742,2923700,0.0,0.0
2024-06-20 00:00:00-04:00,35.461542519423936,35.461542519423936,34.90394063213931,35.2463264465332,2047900,0.0,0.0
2024-06-21 00:00:00-04:00,35.37350207039164,35.7256724904511,35.1485051312927,35.55936813354492,3057700,0.0,0.0
2024-06-24 00:00:00-04:00,35.60828282744871,36.25392733974399,35.471324764588566,35.99958038330078,1751200,0.0,0.0
2024-06-25 00:00:00-04:00,35.931103344580784,35.970234219821826,35.42241316162419,35.461544036865234,1356100,0.0,0.0
2024-06-26 00:00:00-04:00,35.24632670604114,35.39306561713349,35.10937237927523,35.27567672729492,1555500,0.0,0.0
2024-06-27 00:00:00-04:00,35.41262814203678,35.960445404052734,35.26588924301095,35.960445404052734,2559300,0.0,0.0
2024-06-28 00:00:00-04:00,36.11696791015878,36.42022658314198,35.833278405712136,36.351749420166016,3032600,0.0,0.0
2024-07-01 00:00:00-04:00,36.43978987648745,36.733263947939605,36.0093614871393,36.58652877807617,2388300,0.0,0.0
2024-07-02 00:00:00-04:00,36.674574761093375,37.02674144033791,36.410446952865755,36.527835845947266,2670000,0.0,0.0
2024-07-03 00:00:00-04:00,36.674574584520116,36.850656057431806,36.48870479533318,36.49848937988281,914600,0.0,0.0
2024-07-05 00:00:00-04:00,36.58653672190281,36.8310991231676,36.44957864254461,36.63544845581055,1403100,0.0,0.0
2024-07-08 00:00:00-04:00,36.66478678899161,36.840871978207964,36.48870159977526,36.58652877807617,1334600,0.0,0.0
2024-07-09 00:00:00-04:00,36.58653139994789,36.70392029059604,36.28327272307081,36.42022705078125,1269100,0.0,0.0
2024-07-10 00:00:00-04:00,36.508270232706835,36.586531982201464,36.05827636828956,36.49848937988281,1421800,0.0,0.0
2024-07-11 00:00:00-04:00,36.97782812831501,37.10500160054486,35.745235474452215,35.7550163269043,3388500,0.0,0.0
2024-07-12 00:00:00-04:00,35.843059175586184,35.90175548588399,35.226760978498426,35.23654556274414,4312400,0.0,0.0
2024-07-15 00:00:00-04:00,35.39306808313298,35.71588848561281,34.96263963591795,35.08002853393555,2956200,0.0,0.0
2024-07-16 00:00:00-04:00,35.236547132455215,35.65719471234803,35.01155019721207,35.4713249206543,1898200,0.0,0.0
2024-07-17 00:00:00-04:00,35.34415177889448,35.725668446868646,35.34415177889448,35.52023696899414,1843500,0.0,0.0
2024-07-18 00:00:00-04:00,35.38328228638315,35.90175705401283,35.25611253943824,35.461544036865234,2455600,0.0,0.0
2024-07-19 00:00:00-04:00,35.52024031882559,35.745237253677374,35.37350140266217,35.45176315307617,1763500,0.0,0.0
2024-07-22 00:00:00-04:00,35.55936705086976,36.09740724942653,35.40284728357841,35.95066833496094,2173800,0.0,0.0
2024-07-23 00:00:00-04:00,35.95067094131124,36.1952333286671,35.63763138403381,35.77458572387695,1726000,0.0,0.0
2024-07-24 00:00:00-04:00,35.73545676395157,35.90176113677538,34.88438065516527,34.933292388916016,2757700,0.0,0.0
2024-07-25 00:00:00-04:00,34.80611694695419,34.864809525185684,33.63221686989321,34.11155700683594,4763300,0.0,0.0
2024-07-26 00:00:00-04:00,34.30721114693364,34.78655506457825,34.06264876137995,34.6202507019043,3001800,0.0,0.0
2024-07-29 00:00:00-04:00,34.69850957248093,35.4126312311351,34.41481633320412,35.305023193359375,2893000,0.0,0.0
2024-07-30 00:00:00-04:00,35.37350449571078,35.44198166744783,34.89416056182546,35.353939056396484,2056500,0.0,0.0
2024-07-31 00:00:00-04:00,35.42241208378492,35.74523619711209,35.17784971855847,35.305023193359375,2280500,0.0,0.0
2024-08-01 00:00:00-04:00,35.55936765330526,36.11696956696026,35.47132504947943,36.03871154785156,2096500,0.0,0.0
2024-08-02 00:00:00-04:00,36.18545272511111,38.00499376495884,35.86262858034279,36.92892074584961,4077500,0.0,0.0
2024-08-05 00:00:00-04:00,36.478922391864224,37.183259448747876,36.21479459613581,36.27349090576172,2677700,0.0,0.0
2024-08-06 00:00:00-04:00,36.263705391803946,37.760425797496,36.0680547631263,37.2419548034668,2384400,0.0,0.0
2024-08-07 00:00:00-04:00,37.31043365922419,38.0636861882413,37.02674042133615,37.48651885986328,3061100,0.0,0.0
2024-08-08 00:00:00-04:00,37.46695752190162,37.77021622989623,37.232179716514636,37.52565383911133,1525100,0.0,0.0
2024-08-09 00:00:00-04:00,37.72130435405721,37.76043150032169,37.388699354590656,37.50608825683594,1393300,0.0,0.0
2024-08-12 00:00:00-04:00,37.46695786746405,37.613696795978754,37.1245720098977,37.584346771240234,1860400,0.0,0.0
2024-08-13 00:00:00-04:00,37.858259128496385,38.00499432505054,37.47674239303923,37.56478500366211,1670900,0.0,0.0
2024-08-14 00:00:00-04:00,37.5647804618554,37.8778199880604,37.42782240388089,37.46695327758789,1479400,0.0,0.0
2024-08-15 00:00:00-04:00,37.388699842188586,37.701739406742384,37.15391830291025,37.584346771240234,2332100,0.0,0.0
2024-08-16 00:00:00-04:00,37.55499558573388,37.65282276924119,37.2615214986629,37.42782211303711,1341300,0.0,0.0
2024-08-19 00:00:00-04:00,37.535432239318766,37.90716809389695,37.44738963512198,37.7213020324707,1208700,0.0,0.0
2024-08-20 00:00:00-04:00,37.770214225054566,37.828906807422946,37.30065490747886,37.78977966308594,1868800,0.0,0.0
2024-08-21 00:00:00-04:00,37.838695069409255,37.84847592351256,37.603913521942815,37.77021789550781,1576400,0.0,0.0
2024-08-22 00:00:00-04:00,37.819124002172174,37.96586291397042,37.21261038140883,37.515865325927734,1695300,0.0,0.0
2024-08-23 00:00:00-04:00,37.5745669444024,37.8289101981564,37.45717803741794,37.73108673095703,1950600,0.0,0.0
2024-08-26 00:00:00-04:00,38.01478029707756,38.01478029707756,37.54522093387078,37.77021789550781,1981000,0.0,0.0
2024-08-27 00:00:00-04:00,37.564784067727786,38.33759837313382,37.38869885086923,37.98543167114258,2557800,0.0,0.0
2024-08-28 00:00:00-04:00,37.99520753573655,38.484332244625165,37.97564209957396,38.366943359375,2221800,0.0,0.0
2024-08-29 00:00:00-04:00,38.366946596223656,38.42563917793768,38.093034198564006,38.2886848449707,1391600,0.0,0.0
2024-08-30 00:00:00-04:00,38.47455507886525,39.04193785504291,38.29846986825563,38.90498352050781,2098400,0.0,0.0
2024-09-03 00:00:00-04:00,38.78759340699667,39.05171748289812,38.543031036792975,38.72889709472656,1976200,0.0,0.0
2024-09-04 00:00:00-04:00,38.78759340699667,39.09084835774486,38.415857559403875,38.72889709472656,1655500,0.0,0.0
2024-09-05 00:00:00-04:00,38.94411425212649,39.335411816243074,38.82672162433836,38.88541793823242,1522900,0.0,0.0
2024-09-06 00:00:00-04:00,38.81693843673735,38.856069310313366,37.70173466189944,38.54302978515625,3346400,0.0,0.0
2024-09-09 00:00:00-04:00,38.533247541348636,38.543032126199684,37.80934499485116,38.33759689331055,1752900,0.0,0.0
2024-09-10 00:00:00-04:00,38.494117698869125,39.08106965874161,38.288686192190376,39.04193878173828,1354900,0.0,0.0
2024-09-11 00:00:00-04:00,38.70933125136875,39.266933151047716,38.37672628211064,39.22780227661133,1831400,0.0,0.0
2024-09-12 00:00:00-04:00,39.198455555171506,39.85388463372682,39.12997839152438,39.71692657470703,2233400,0.0,0.0
2024-09-13 00:00:00-04:00,40.08121135971132,40.60302777997198,39.96306587555562,40.48487854003906,2142400,0.26,0.0
2024-09-16 00:00:00-04:00,40.563643491674874,40.770399021732764,40.08121016576269,40.3175048828125,1159500,0.0,0.0
2024-09-17 00:00:00-04:00,40.189514404537405,40.43565302962927,39.579091665927244,39.667701721191406,1935300,0.0,0.0
2024-09-18 00:00:00-04:00,39.76615240671824,39.923680963623156,38.95881808310843,39.047428131103516,2160500,0.0,0.0
2024-09-19 00:00:00-04:00,39.204959869384766,39.411715412891915,38.92928581137523,39.204959869384766,1979400,0.0,0.0
2024-09-20 00:00:00-04:00,39.03758820074432,39.34279769809378,38.74221884027042,39.00804901123047,4973800,0.0,0.0
2024-09-23 00:00:00-04:00,39.273877812184445,39.66770110856013,39.13604078518615,39.342796325683594,2858800,0.0,0.0
2024-09-24 00:00:00-04:00,38.82098528399758,39.25418792361831,38.643765168748764,38.948978424072266,2135800,0.0,0.0
2024-09-25 00:00:00-04:00,39.0474313976339,39.26403458991458,38.51577106518714,38.722530364990234,1478700,0.0,0.0
2024-09-26 00:00:00-04:00,38.54530780466633,38.74221568792384,37.78720043563811,37.90534591674805,2351800,0.0,0.0
2024-09-27 00:00:00-04:00,38.240097444447514,38.29917206732175,37.62967469785679,37.67890167236328,1752900,0.0,0.0
2024-09-30 00:00:00-04:00,37.54106414386954,37.79704666137695,37.36384403337312,37.79704666137695,2429200,0.0,0.0
2024-10-01 00:00:00-04:00,37.964422115808276,38.0825676018371,37.42291414697352,37.51152420043945,1945900,0.0,0.0
2024-10-02 00:00:00-04:00,37.176777336430106,37.570600650064954,37.03894030339115,37.54106521606445,1439300,0.0,0.0
2024-10-03 00:00:00-04:00,37.54106338877962,37.73797503601251,37.17677552687673,37.51152420043945,1668400,0.0,0.0
2024-10-04 00:00:00-04:00,37.38353767394636,37.85612340989005,37.196469904704905,37.74782180786133,2026900,0.0,0.0
2024-10-07 00:00:00-04:00,37.60013533082111,37.69859303514615,37.10785807652809,37.25554275512695,1613000,0.0,0.0
2024-10-08 00:00:00-04:00,37.353996881693924,37.44260693812006,36.63527253769415,36.753421783447266,1585700,0.0,0.0
2024-10-09 00:00:00-04:00,36.66481172702113,36.87156727342297,36.576201670595,36.753421783447266,1241200,0.0,0.0
2024-10-10 00:00:00-04:00,36.753425086564484,37.43276640970056,36.72388589458274,36.8715705871582,2038600,0.0,0.0
2024-10-11 00:00:00-04:00,37.07832432677581,37.3933814833673,36.8223417954618,37.304771423339844,1439800,0.0,0.0
2024-10-14 00:00:00-04:00,37.245697021484375,37.38353404494859,37.02909383845363,37.245697021484375,832500,0.0,0.0
2024-10-15 00:00:00-04:00,37.34415419552243,37.6789028910823,36.80264994688138,36.92079544067383,2509400,0.0,0.0
2024-10-16 00:00:00-04:00,36.97987124829698,37.67890409627973,36.93064051484603,37.55091094970703,1361600,0.0,0.0
2024-10-17 00:00:00-04:00,37.373685267248135,37.59028844373062,37.12754665970971,37.52136993408203,1362200,0.0,0.0
2024-10-18 00:00:00-04:00,37.550911024686044,37.816741211585835,37.45245706914286,37.531219482421875,1507100,0.0,0.0
2024-10-21 00:00:00-04:00,37.33430333643325,37.44260492800404,36.704189082687456,36.76326370239258,1661500,0.0,0.0
2024-10-22 00:00:00-04:00,36.69434944651125,37.7478225408847,36.69434944651125,37.57060241699219,2126200,0.0,0.0
2024-10-23 00:00:00-04:00,37.777356256966314,38.77175843530386,37.70843774034222,38.44685363769531,3260000,0.0,0.0
2024-10-24 00:00:00-04:00,38.51577198317359,38.742219073329025,37.98411539383268,38.023494720458984,1995200,0.0,0.0
2024-10-25 00:00:00-04:00,38.200714362531365,38.200714362531365,37.55090853402449,37.67890167236328,2210300,0.0,0.0
2024-10-28 00:00:00-04:00,37.885655440285404,38.05303165268318,37.53121523123339,37.64936447143555,2291100,0.0,0.0
2024-10-29 00:00:00-04:00,37.46229844867643,37.83643021503619,37.14724130514529,37.21615982055664,2805200,0.0,0.0
2024-10-30 00:00:00-04:00,36.4482091572459,37.03894037303139,35.5916477676237,36.13315200805664,4774400,0.0,0.0
2024-10-31 00:00:00-04:00,35.77871396080931,35.77871396080931,34.6858577646801,34.69570541381836,4026500,0.0,0.0
2024-11-01 00:00:00-04:00,34.67601092616772,34.94184109365732,34.27234372867108,34.47909927368164,3508500,0.0,0.0
2024-11-04 00:00:00-05:00,34.57755250288359,34.85323031294144,34.292034556283305,34.65631866455078,2896700,0.0,0.0
2024-11-05 00:00:00-05:00,34.577551718897745,34.91230038683883,34.390487722845485,34.85322952270508,1943600,0.0,0.0
2024-11-06 00:00:00-05:00,35.53257255055469,36.11345986388335,35.05013918628754,35.80824661254883,3217600,0.0,0.0
2024-11-07 00:00:00-05:00,35.83778437073687,36.37928858050544,35.46365261884446,36.16268539428711,2080500,0.0,0.0
2024-11-08 00:00:00-05:00,36.34975037194496,36.812492189235684,36.21191334273769,36.38913345336914,2211400,0.0,0.0
2024-11-11 00:00:00-05:00,36.54666213039459,37.56075582326373,36.50728280463236,36.832183837890625,2453800,0.0,0.0
2024-11-12 00:00:00-05:00,36.88141116601369,37.17677676884166,36.71403870152956,36.753421783447266,1969800,0.0,0.0
2024-11-13 00:00:00-05:00,37.02909517306024,37.65920944919428,37.02909517306024,37.373687744140625,2325300,0.0,0.0
2024-11-14 00:00:00-05:00,37.294925225988884,37.35399609183897,36.88141038615163,36.93063735961914,1788800,0.0,0.0
2024-11-15 00:00:00-05:00,36.89125957718946,37.09801512786642,36.77311032899335,37.019248962402344,1683700,0.0,0.0
2024-11-18 00:00:00-05:00,36.920791843149914,37.344150556746875,36.76326328151689,36.861717224121094,2389000,0.0,0.0
2024-11-19 00:00:00-05:00,36.782958109787124,37.17677767119067,36.53681947549334,36.99956130981445,1251800,0.0,0.0
2024-11-20 00:00:00-05:00,36.82234134041095,37.17677782036308,36.79280215024847,36.96017837524414,1289200,0.0,0.0
2024-11-21 00:00:00-05:00,36.95032846178581,37.20631473002362,36.82233908344419,37.04878616333008,1202700,0.0,0.0
2024-11-22 00:00:00-05:00,37.03893647111638,37.2555396467822,36.950326422505555,37.07831954956055,1214600,0.0,0.0
2024-11-25 00:00:00-05:00,37.19646538385885,37.60013255231861,37.19646538385885,37.46229553222656,3773200,0.0,0.0
2024-11-26 00:00:00-05:00,37.50167945125749,38.013648220053504,37.35399478026313,37.728126525878906,3025800,0.0,0.0
2024-11-27 00:00:00-05:00,37.9644238526308,38.2400979179022,37.94473231142892,38.023494720458984,1602500,0.0,0.0
2024-11-29 00:00:00-05:00,37.964423308396846,38.181022746957574,37.68874549129994,37.69859313964844,1368800,0.0,0.0
2024-12-02 00:00:00-05:00,37.69859556342155,37.69859556342155,36.901105005902885,37.10786056518555,1865200,0.0,0.0
2024-12-03 00:00:00-05:00,37.196465887063404,37.196465887063404,36.85187333217154,36.861717224121094,1126000,0.0,0.0
2024-12-04 00:00:00-05:00,36.910949209736096,37.07832166902549,36.556508995032324,37.02909469604492,1261400,0.0,0.0
2024-12-05 00:00:00-05:00,36.92079212012969,36.92079212012969,36.56635191485209,36.80264663696289,2393200,0.0,0.0
2024-12-06 00:00:00-05:00,36.822342442686185,37.01925035218373,36.68450164794922,36.68450164794922,2233000,0.0,0.0
2024-12-09 00:00:00-05:00,36.67465790443459,37.31461988024585,36.64512246904496,37.10786056518555,2510100,0.0,0.0
2024-12-10 00:00:00-05:00,37.363843518004046,37.49183665288099,36.89125781512453,36.98971176147461,3566300,0.0,0.0
2024-12-11 00:00:00-05:00,36.9109524317307,37.53121910582872,36.89126088966412,37.166934967041016,3229000,0.0,0.0
2024-12-12 00:00:00-05:00,37.10785757968833,37.71828407099835,37.009403632458884,37.373687744140625,2917900,0.0,0.0
2024-12-13 00:00:00-05:00,37.2448127788255,37.52238803030063,36.73922874482732,37.04654312133789,2634500,0.26,0.0
2024-12-16 00:00:00-05:00,37.224987148157645,37.750402331933465,36.92758453907812,37.09611129760742,1784500,0.0,0.0
2024-12-17 00:00:00-05:00,36.29312138086018,37.14567822376495,36.04528526521014,36.58061218261719,2879400,0.0,0.0
2024-12-18 00:00:00-05:00,36.53104247006761,36.90775443025229,35.44056505788135,35.648746490478516,2951600,0.0,0.0
2024-12-19 00:00:00-05:00,35.60909144102101,36.69957262377702,35.49013116384583,35.74788284301758,3691300,0.0,0.0
2024-12-20 00:00:00-05:00,36.01554909629943,36.58061518380701,35.866845902037724,36.20390319824219,6057300,0.0,0.0
2024-12-23 00:00:00-05:00,35.99571944110067,36.5409581489299,35.956064754285684,36.5112190246582,1363000,0.0,0.0
2024-12-24 00:00:00-05:00,36.471564628447254,36.84827281115395,36.3526005670544,36.82844924926758,516100,0.0,0.0
2024-12-26 00:00:00-05:00,36.68965784430926,37.06636980869506,36.58061312721781,36.82844924926758,1390700,0.0,0.0
2024-12-27 00:00:00-05:00,36.679748131260965,37.0168054275181,36.620266097211115,36.77888107299805,1255400,0.0,0.0
2024-12-30 00:00:00-05:00,36.55087177659298,36.71940231323242,36.23364182940266,36.71940231323242,1966400,0.0,0.0
2024-12-31 00:00:00-05:00,36.9969783551407,37.13576598726585,36.72931487246532,37.09611129760742,1636600,0.0,0.0
2025-01-02 00:00:00-05:00,36.99697754793202,37.16550808446363,36.37242943531601,36.43191146850586,1742600,0.0,0.0
2025-01-03 00:00:00-05:00,36.49139211552338,37.01680348619788,36.32286158539362,36.987064361572266,1220400,0.0,0.0
2025-01-06 00:00:00-05:00,36.947411707137796,37.02671730439588,35.708231023835665,35.78753662109375,2711500,0.0,0.0
2025-01-07 00:00:00-05:00,36.02546032462751,36.17416351660587,35.3910004313211,35.56944274902344,3070000,0.0,0.0
2025-01-08 00:00:00-05:00,35.57935452122238,35.856929779052734,35.35134573347897,35.856929779052734,2240200,0.0,0.0
2025-01-10 00:00:00-05:00,35.30177775883729,35.61900769188864,34.86558376463236,34.974632263183594,2471100,0.0,0.0
2025-01-13 00:00:00-05:00,34.98454916368452,35.17290326186218,34.627664529933796,35.12333679199219,2733000,0.0,0.0
2025-01-14 00:00:00-05:00,35.103510222424816,35.371173703645056,34.88541321216848,34.92506790161133,2698900,0.0,0.0
2025-01-15 00:00:00-05:00,35.668575599383985,35.68840294370978,34.082425870113035,34.13199234008789,3478900,0.0,0.0
2025-01-16 00:00:00-05:00,34.11216372422882,34.59792418790588,33.953548757214115,34.55826950073242,2091600,0.0,0.0
2025-01-17 00:00:00-05:00,34.56818038305515,35.18281667322835,34.53844125928771,34.88541030883789,1624900,0.0,0.0
2025-01-21 00:00:00-05:00,34.59792540434765,35.232385294713715,34.59792540434765,35.12333679199219,2361300,0.0,0.0
2025-01-22 00:00:00-05:00,34.90524028212358,34.90524028212358,34.40956801302777,34.60783767700195,1600900,0.0,0.0
2025-01-23 00:00:00-05:00,34.55827001257449,34.55827001257449,33.71562491521415,34.33026123046875,3286900,0.0,0.0
2025-01-24 00:00:00-05:00,34.597924409918924,34.61774797195375,34.07250925569685,34.30051803588867,2685700,0.0,0.0
2025-01-27 00:00:00-05:00,34.260869001715776,34.90524069006356,34.171647840968625,34.508705139160156,2909600,0.0,0.0
2025-01-28 00:00:00-05:00,34.35009042997209,35.19273179117351,34.22121457862715,34.82593536376953,3696000,0.0,0.0
2025-01-29 00:00:00-05:00,34.74662248368528,34.895325665001764,33.81476005491511,34.151817321777344,2902000,0.0,0.0
2025-01-30 00:00:00-05:00,34.5186159845225,34.578098017300476,33.92381078345973,34.260868072509766,2423900,0.0,0.0
2025-01-31 00:00:00-05:00,34.17164626110479,34.68714585695744,34.01303129174084,34.33026123046875,1704600,0.0,0.0
2025-02-03 00:00:00-05:00,34.00311728345788,34.40956839738941,33.73545380135477,34.221214294433594,1979100,0.0,0.0
2025-02-04 00:00:00-05:00,33.97337764206555,34.5582710685319,33.81476266785498,34.449222564697266,1488200,0.0,0.0
2025-02-05 00:00:00-05:00,34.67723097478853,34.96472179417803,34.37982837410388,34.835845947265625,1523200,0.0,0.0
2025-02-06 00:00:00-05:00,34.90524018708222,35.103509850516545,34.73671343125458,35.02420425415039,1599500,0.0,0.0
2025-02-07 00:00:00-05:00,35.10350904716753,35.40091164467327,34.8259337937194,35.222469329833984,1698500,0.0,0.0
2025-02-10 00:00:00-05:00,35.15307391766015,35.34143178680105,34.825932209786465,35.04402542114258,1398400,0.0,0.0
2025-02-11 00:00:00-05:00,34.885410457574935,35.05394098356001,34.76645018031896,35.04402542114258,2099200,0.0,0.0
2025-02-12 00:00:00-05:00,34.49878969463039,35.15307694846775,34.439311441713855,34.95480728149414,1503800,0.0,0.0
2025-02-13 00:00:00-05:00,35.063853237375206,35.58926838389606,35.04402589395187,35.519874572753906,2189300,0.0,0.0
2025-02-14 00:00:00-05:00,35.63883599638626,35.75779627906841,34.88541204881452,34.93498229980469,2710700,0.0,0.0
2025-02-18 00:00:00-05:00,34.905238234410014,35.28195019569325,34.79618973653758,35.232383728027344,1683300,0.0,0.0
2025-02-19 00:00:00-05:00,35.2125568939793,35.2918624870561,34.865584051940786,35.00437545776367,1547300,0.0,0.0
2025-02-20 00:00:00-05:00,35.02420502950791,35.43065614679052,34.94489564970674,35.40091323852539,1770700,0.0,0.0
2025-02-21 00:00:00-05:00,35.192730580758905,35.361257334531146,34.013031959315455,34.835845947265625,4163900,0.0,0.0
2025-02-24 00:00:00-05:00,34.97463421534945,34.994461559981744,34.369913439942124,34.47896194458008,2553700,0.0,0.0
2025-02-25 00:00:00-05:00,34.78627871224765,35.182818025557445,34.50870346193828,35.034114837646484,3275900,0.0,0.0
2025-02-26 00:00:00-05:00,34.964720039016726,35.07376853618557,34.369911085826445,34.49878692626953,2628000,0.0,0.0
2025-02-27 00:00:00-05:00,34.43931174691095,36.15433738532421,34.270781204902114,36.1345100402832,4930100,0.0,0.0
2025-02-28 00:00:00-05:00,36.34269004840302,37.39351660379692,36.154335950507566,36.689659118652344,6767400,0.0,0.0
2025-03-03 00:00:00-05:00,36.72931267588654,37.30429429650922,36.362516272680516,36.987064361572266,2610000,0.0,0.0
2025-03-04 00:00:00-05:00,37.106025504477486,37.36377341447679,36.06511451990923,36.08494186401367,2553200,0.0,0.0
2025-03-05 00:00:00-05:00,35.737970319685225,36.540960767680005,35.72805853811068,36.52113342285156,2999700,0.0,0.0
2025-03-06 00:00:00-05:00,36.19398747723494,36.26338507415263,35.420739946476246,35.75779724121094,2513800,0.0,0.0
2025-03-07 00:00:00-05:00,35.847018538012094,36.41208462521473,35.79745206717805,35.916412353515625,1688300,0.0,0.0
2025-03-10 00:00:00-04:00,36.06511607411206,36.5310454447681,35.55952823185888,35.68840408325195,2653500,0.0,0.0
2025-03-11 00:00:00-04:00,35.62891976715446,35.81727764136417,34.95480520843148,35.29186248779297,2661900,0.0,0.0
2025-03-12 00:00:00-04:00,35.30177775567636,35.5694412207293,34.667317889630475,34.6871452331543,1631000,0.0,0.0
2025-03-13 00:00:00-04:00,34.597924957002135,35.063854305770754,34.26086767189336,34.36000061035156,2247900,0.0,0.0
2025-03-14 00:00:00-04:00,34.439998626708984,35.45000076293945,34.38999938964844,35.400001525878906,2647300,0.3,0.0
2025-03-17 00:00:00-04:00,35.310001373291016,36.18000030517578,35.22999954223633,36.0,1909800,0.0,0.0
2025-03-18 00:00:00-04:00,35.75,36.2599983215332,35.66999816894531,36.150001525878906,1860900,0.0,0.0
2025-03-19 00:00:00-04:00,36.060001373291016,36.540000915527344,35.880001068115234,36.349998474121094,2235900,0.0,0.0
2025-03-20 00:00:00-04:00,36.25,36.70000076293945,36.15999984741211,36.470001220703125,1535500,0.0,0.0
2025-03-21 00:00:00-04:00,36.59000015258789,36.88999938964844,36.220001220703125,36.380001068115234,4269700,0.0,0.0
2025-03-24 00:00:00-04:00,36.4900016784668,37.27000045776367,36.4900016784668,37.09000015258789,2213500,0.0,0.0
2025-03-25 00:00:00-04:00,37.119998931884766,37.45000076293945,36.66999816894531,36.869998931884766,2851100,0.0,0.0
2025-03-26 00:00:00-04:00,37.060001373291016,37.2400016784668,36.849998474121094,37.2400016784668,1428500,0.0,0.0
2025-03-27 00:00:00-04:00,37.36000061035156,37.869998931884766,37.209999084472656,37.47999954223633,2746400,0.0,0.0
2025-03-28 00:00:00-04:00,37.66999816894531,37.84000015258789,37.2599983215332,37.58000183105469,1286700,0.0,0.0
2025-03-31 00:00:00-04:00,37.779998779296875,38.060001373291016,37.59000015258789,37.810001373291016,3710500,0.0,0.0
2025-04-01 00:00:00-04:00,37.869998931884766,38.0099983215332,37.310001373291016,37.650001525878906,2234700,0.0,0.0
2025-04-02 00:00:00-04:00,37.68000030517578,38.02000045776367,37.400001525878906,37.84000015258789,1257200,0.0,0.0
2025-04-03 00:00:00-04:00,37.54999923706055,37.939998626708984,37.119998931884766,37.18000030517578,1802200,0.0,0.0
2025-04-04 00:00:00-04:00,36.40999984741211,37.060001373291016,35.41999816894531,35.470001220703125,3075600,0.0,0.0
2025-04-07 00:00:00-04:00,34.869998931884766,35.880001068115234,33.779998779296875,33.959999084472656,2979400,0.0,0.0
2025-04-08 00:00:00-04:00,34.75,34.81999969482422,32.470001220703125,32.79999923706055,2825100,0.0,0.0
2025-04-09 00:00:00-04:00,32.36000061035156,35.2400016784668,31.68000030517578,35.099998474121094,2554300,0.0,0.0
2025-04-10 00:00:00-04:00,34.83000183105469,35.40999984741211,33.439998626708984,34.34000015258789,1747700,0.0,0.0
2025-04-11 00:00:00-04:00,34.0099983215332,35.220001220703125,33.619998931884766,35.150001525878906,1894900,0.0,0.0
2025-04-14 00:00:00-04:00,35.380001068115234,36.06999969482422,35.16999816894531,35.880001068115234,1852800,0.0,0.0
2025-04-15 00:00:00-04:00,35.86000061035156,36.31999969482422,35.86000061035156,36.119998931884766,1007900,0.0,0.0
2025-04-16 00:00:00-04:00,36.04999923706055,36.59000015258789,36.04999923706055,36.349998474121094,1518400,0.0,0.0
2025-04-17 00:00:00-04:00,36.5,37.220001220703125,36.4900016784668,36.86000061035156,1493500,0.0,0.0
2025-04-21 00:00:00-04:00,36.619998931884766,36.790000915527344,35.88999938964844,36.439998626708984,1242700,0.0,0.0
2025-04-22 00:00:00-04:00,36.84000015258789,37.369998931884766,36.77000045776367,37.27000045776367,1497200,0.0,0.0
2025-04-23 00:00:00-04:00,37.36000061035156,37.9900016784668,36.72999954223633,36.9900016784668,2228600,0.0,0.0
2025-04-24 00:00:00-04:00,36.95000076293945,37.20000076293945,36.619998931884766,36.95000076293945,1143000,0.0,0.0
2025-04-25 00:00:00-04:00,36.869998931884766,37.18000030517578,36.52000045776367,36.83000183105469,1561700,0.0,0.0
2025-04-28 00:00:00-04:00,36.77000045776367,37.33000183105469,36.720001220703125,37.220001220703125,1582600,0.0,0.0
2025-04-29 00:00:00-04:00,37.08000183105469,37.2599983215332,36.61000061035156,36.650001525878906,2212000,0.0,0.0
2025-04-30 00:00:00-04:00,36.720001220703125,37.43000030517578,36.06999969482422,37.38999938964844,2724700,0.0,0.0
2025-05-01 00:00:00-04:00,37.43000030517578,38.119998931884766,37.04999923706055,37.88999938964844,2740400,0.0,0.0
2025-05-02 00:00:00-04:00,38.72999954223633,39.4900016784668,38.08000183105469,39.310001373291016,3397900,0.0,0.0
