Date,Open,High,Low,Close,Volume,Dividends,Stock Splits
2021-02-09 00:00:00-05:00,1377.0,2312.85009765625,1326.0,1484.0999755859375,8040,0.0,0.0
2021-02-10 00:00:00-05:00,1785.0,1785.0,1530.0,1654.949951171875,4398,0.0,0.0
2021-02-11 00:00:00-05:00,1734.0,1734.0,1530.0,1547.8499755859375,1076,0.0,0.0
2021-02-12 00:00:00-05:00,1522.3499755859375,1524.9000244140625,1226.550048828125,1328.550048828125,1899,0.0,0.0
2021-02-16 00:00:00-05:00,1338.75,1377.0,1277.550048828125,1290.300048828125,1012,0.0,0.0
2021-02-17 00:00:00-05:00,1326.0,1328.550048828125,1086.300048828125,1114.3499755859375,1145,0.0,0.0
2021-02-18 00:00:00-05:00,1109.25,1137.300048828125,1032.75,1065.9000244140625,884,0.0,0.0
2021-02-19 00:00:00-05:00,1122.0,1147.5,1076.0999755859375,1109.25,656,0.0,0.0
2021-02-22 00:00:00-05:00,1109.25,1147.5,1060.800048828125,1076.0999755859375,405,0.0,0.0
2021-02-23 00:00:00-05:00,1053.1500244140625,1071.0,961.3499755859375,1022.5499877929688,543,0.0,0.0
2021-02-24 00:00:00-05:00,1002.1500244140625,1338.75,994.5,1119.449951171875,3803,0.0,0.0
2021-02-25 00:00:00-05:00,1275.0,1313.25,1178.0999755859375,1234.199951171875,1804,0.0,0.0
2021-02-26 00:00:00-05:00,1239.300048828125,1239.300048828125,1065.9000244140625,1076.0999755859375,784,0.0,0.0
2021-03-01 00:00:00-05:00,1142.4000244140625,1192.8900146484375,1096.5,1170.449951171875,620,0.0,0.0
2021-03-02 00:00:00-05:00,1224.0,1399.949951171875,1198.5,1359.1500244140625,10556,0.0,0.0
2021-03-03 00:00:00-05:00,1428.0,1657.5,1252.050048828125,1303.050048828125,10543,0.0,0.0
2021-03-04 00:00:00-05:00,1280.0999755859375,1282.6500244140625,1027.6500244140625,1147.5,1474,0.0,0.0
2021-03-05 00:00:00-05:00,1091.4000244140625,1139.3399658203125,1007.25,1071.0,768,0.0,0.0
2021-03-08 00:00:00-05:00,1081.199951171875,1264.800048828125,1020.0,1239.300048828125,1031,0.0,0.0
2021-03-09 00:00:00-05:00,1144.949951171875,1201.56005859375,1076.0999755859375,1116.9000244140625,987,0.0,0.0
2021-03-10 00:00:00-05:00,1116.9000244140625,1134.75,1083.75,1111.800048828125,295,0.0,0.0
2021-03-11 00:00:00-05:00,1122.0,1157.699951171875,1099.050048828125,1124.550048828125,304,0.0,0.0
2021-03-12 00:00:00-05:00,1116.9000244140625,1147.5,1083.75,1119.449951171875,284,0.0,0.0
2021-03-15 00:00:00-04:00,1241.3399658203125,1397.4000244140625,1193.4000244140625,1320.9000244140625,1990,0.0,0.0
2021-03-16 00:00:00-04:00,1320.9000244140625,1448.655029296875,1264.800048828125,1315.800048828125,1067,0.0,0.0
2021-03-17 00:00:00-04:00,1285.199951171875,1402.5,1280.0999755859375,1377.0,326,0.0,0.0
2021-03-18 00:00:00-04:00,1359.1500244140625,1430.8050537109375,1290.300048828125,1323.449951171875,573,0.0,0.0
2021-03-19 00:00:00-04:00,1326.0,1402.5,1254.5999755859375,1254.5999755859375,687,0.0,0.0
2021-03-22 00:00:00-04:00,1275.0,1389.75,1236.75,1348.949951171875,379,0.0,0.0
2021-03-23 00:00:00-04:00,1282.6500244140625,1317.074951171875,1234.199951171875,1267.3499755859375,360,0.0,0.0
2021-03-24 00:00:00-04:00,1275.0,1371.9000244140625,1082.4749755859375,1086.300048828125,553,0.0,0.0
2021-03-25 00:00:00-04:00,1086.300048828125,1134.75,1086.300048828125,1124.550048828125,176,0.0,0.0
2021-03-26 00:00:00-04:00,1137.300048828125,1195.949951171875,1132.199951171875,1142.4000244140625,216,0.0,0.0
2021-03-29 00:00:00-04:00,1147.5,1160.25,1109.25,1147.5,185,0.0,0.0
2021-03-30 00:00:00-04:00,1116.9000244140625,1144.949951171875,1083.75,1086.300048828125,254,0.0,0.0
2021-03-31 00:00:00-04:00,1091.4000244140625,1165.3499755859375,1091.4000244140625,1111.800048828125,235,0.0,0.0
2021-04-01 00:00:00-04:00,1144.949951171875,1145.969970703125,1106.699951171875,1116.9000244140625,154,0.0,0.0
2021-04-05 00:00:00-04:00,1109.25,1116.9000244140625,1060.800048828125,1101.5999755859375,340,0.0,0.0
2021-04-06 00:00:00-04:00,1099.050048828125,1099.050048828125,1045.5,1045.5,143,0.0,0.0
2021-04-07 00:00:00-04:00,1048.050048828125,1058.25,984.2999877929688,1004.7000122070312,735,0.0,0.0
2021-04-08 00:00:00-04:00,1020.0,1124.550048828125,963.9000244140625,1086.300048828125,1054,0.0,0.0
2021-04-09 00:00:00-04:00,1060.800048828125,1114.3499755859375,1025.0999755859375,1040.4000244140625,317,0.0,0.0
2021-04-12 00:00:00-04:00,1060.800048828125,1068.449951171875,981.75,991.9500122070312,310,0.0,0.0
2021-04-13 00:00:00-04:00,986.8499755859375,997.0499877929688,895.0499877929688,928.2000122070312,331,0.0,0.0
2021-04-14 00:00:00-04:00,930.75,963.9000244140625,846.5999755859375,872.0999755859375,382,0.0,0.0
2021-04-15 00:00:00-04:00,892.5,892.5,744.5999755859375,767.5499877929688,506,0.0,0.0
2021-04-16 00:00:00-04:00,752.25,802.4849853515625,719.0999755859375,790.5,397,0.0,0.0
2021-04-19 00:00:00-04:00,790.5,943.5,790.5,884.8499755859375,1292,0.0,0.0
2021-04-20 00:00:00-04:00,861.9000244140625,1040.4000244140625,816.0,831.2999877929688,1471,0.0,0.0
2021-04-21 00:00:00-04:00,803.25,877.2000122070312,795.5999755859375,872.0999755859375,247,0.0,0.0
2021-04-22 00:00:00-04:00,902.7000122070312,923.0999755859375,838.4400024414062,869.5499877929688,289,0.0,0.0
2021-04-23 00:00:00-04:00,851.7000122070312,869.5499877929688,816.0,856.7999877929688,111,0.0,0.0
2021-04-26 00:00:00-04:00,859.3499755859375,910.3499755859375,840.2249755859375,889.9500122070312,335,0.0,0.0
2021-04-27 00:00:00-04:00,879.75,930.75,861.9000244140625,923.0999755859375,214,0.0,0.0
2021-04-28 00:00:00-04:00,910.3499755859375,933.2999877929688,895.0499877929688,918.0,102,0.0,0.0
2021-04-29 00:00:00-04:00,912.9000244140625,912.9000244140625,823.6500244140625,859.3499755859375,124,0.0,0.0
2021-04-30 00:00:00-04:00,849.1500244140625,887.4000244140625,846.344970703125,854.25,46,0.0,0.0
2021-05-03 00:00:00-04:00,861.9000244140625,876.9450073242188,831.2999877929688,844.0499877929688,109,0.0,0.0
2021-05-04 00:00:00-04:00,826.2000122070312,899.1300048828125,824.9249877929688,877.2000122070312,391,0.0,0.0
2021-05-05 00:00:00-04:00,864.4500122070312,953.7000122070312,790.5,841.5,461,0.0,0.0
2021-05-06 00:00:00-04:00,828.75,836.4000244140625,777.75,782.8499755859375,195,0.0,0.0
2021-05-07 00:00:00-04:00,775.2000122070312,850.1699829101562,775.2000122070312,787.9500122070312,120,0.0,0.0
2021-05-10 00:00:00-04:00,813.4500122070312,915.4500122070312,793.0499877929688,803.25,417,0.0,0.0
2021-05-11 00:00:00-04:00,770.0999755859375,787.9500122070312,744.5999755859375,770.0999755859375,224,0.0,0.0
2021-05-12 00:00:00-04:00,757.3499755859375,782.8499755859375,739.5,752.25,180,0.0,0.0
2021-05-13 00:00:00-04:00,780.2999877929688,1173.0,780.2999877929688,874.6500244140625,199379,0.0,0.0
2021-05-14 00:00:00-04:00,846.5999755859375,918.0,795.5999755859375,905.25,5405,0.0,0.0
2021-05-17 00:00:00-04:00,889.9500122070312,943.5,872.0999755859375,940.9500122070312,1496,0.0,0.0
2021-05-18 00:00:00-04:00,979.2000122070312,1032.75,892.5,966.4500122070312,1988,0.0,0.0
2021-05-19 00:00:00-04:00,984.2999877929688,984.2999877929688,842.2650146484375,859.3499755859375,727,0.0,0.0
2021-05-20 00:00:00-04:00,851.7000122070312,981.75,851.7000122070312,935.8499755859375,795,0.0,0.0
2021-05-21 00:00:00-04:00,935.8499755859375,951.1500244140625,848.89501953125,935.8499755859375,1458,0.0,0.0
2021-05-24 00:00:00-04:00,918.0,920.5499877929688,854.25,887.4000244140625,387,0.0,0.0
2021-05-25 00:00:00-04:00,879.75,892.5,833.8499755859375,838.9500122070312,696,0.0,0.0
2021-05-26 00:00:00-04:00,821.0999755859375,903.2100219726562,821.0999755859375,879.75,331,0.0,0.0
2021-05-27 00:00:00-04:00,889.9500122070312,989.4000244140625,877.2000122070312,976.6500244140625,690,0.0,0.0
2021-05-28 00:00:00-04:00,1004.7000122070312,1007.25,943.5,981.75,409,0.0,0.0
2021-06-01 00:00:00-04:00,999.5999755859375,1020.0,958.7999877929688,1014.9000244140625,275,0.0,0.0
2021-06-02 00:00:00-04:00,994.5,1014.9000244140625,969.0,1007.25,242,0.0,0.0
2021-06-03 00:00:00-04:00,1007.25,1012.3499755859375,976.6500244140625,989.4000244140625,186,0.0,0.0
2021-06-04 00:00:00-04:00,1014.9000244140625,1031.72998046875,994.5,1012.3499755859375,260,0.0,0.0
2021-06-07 00:00:00-04:00,1032.75,1071.0,1020.2550048828125,1045.5,283,0.0,0.0
2021-06-08 00:00:00-04:00,1060.800048828125,1078.6500244140625,1022.5499877929688,1058.25,377,0.0,0.0
2021-06-09 00:00:00-04:00,1065.9000244140625,1091.4000244140625,997.0499877929688,1004.7000122070312,685,0.0,0.0
2021-06-10 00:00:00-04:00,1032.75,1086.300048828125,943.5,979.2000122070312,820,0.0,0.0
2021-06-11 00:00:00-04:00,969.0,994.5,951.1500244140625,979.2000122070312,145,0.0,0.0
2021-06-14 00:00:00-04:00,1002.1500244140625,1002.1500244140625,953.7000122070312,976.6500244140625,91,0.0,0.0
2021-06-15 00:00:00-04:00,969.0,969.0,918.0,938.4000244140625,112,0.0,0.0
2021-06-16 00:00:00-04:00,948.5999755859375,948.5999755859375,882.2999877929688,925.6500244140625,329,0.0,0.0
2021-06-17 00:00:00-04:00,910.3499755859375,976.6500244140625,887.4000244140625,976.6500244140625,298,0.0,0.0
2021-06-18 00:00:00-04:00,976.6500244140625,976.6500244140625,918.0,966.4500122070312,305,0.0,0.0
2021-06-21 00:00:00-04:00,956.25,976.6500244140625,897.5999755859375,974.0999755859375,216,0.0,0.0
2021-06-22 00:00:00-04:00,974.0999755859375,989.4000244140625,920.5499877929688,989.4000244140625,165,0.0,0.0
2021-06-23 00:00:00-04:00,989.4000244140625,989.4000244140625,912.9000244140625,915.4500122070312,153,0.0,0.0
2021-06-24 00:00:00-04:00,920.5499877929688,976.6500244140625,920.5499877929688,951.1500244140625,185,0.0,0.0
2021-06-25 00:00:00-04:00,951.1500244140625,974.0999755859375,937.125,951.1500244140625,622,0.0,0.0
2021-06-28 00:00:00-04:00,951.1500244140625,979.2000122070312,935.8499755859375,956.25,279,0.0,0.0
2021-06-29 00:00:00-04:00,961.3499755859375,979.2000122070312,930.75,946.0499877929688,498,0.0,0.0
2021-06-30 00:00:00-04:00,948.5999755859375,948.5999755859375,869.5499877929688,900.1500244140625,285,0.0,0.0
2021-07-01 00:00:00-04:00,895.0499877929688,948.5999755859375,895.0499877929688,930.75,60,0.0,0.0
2021-07-02 00:00:00-04:00,928.9650268554688,938.4000244140625,882.2999877929688,884.8499755859375,100,0.0,0.0
2021-07-06 00:00:00-04:00,884.8499755859375,918.0,884.8499755859375,905.25,82,0.0,0.0
2021-07-07 00:00:00-04:00,895.0499877929688,953.7000122070312,895.0499877929688,912.9000244140625,287,0.0,0.0
2021-07-08 00:00:00-04:00,900.1500244140625,915.4500122070312,846.5999755859375,869.5499877929688,120,0.0,0.0
2021-07-09 00:00:00-04:00,884.8499755859375,884.8499755859375,852.9749755859375,856.7999877929688,80,0.0,0.0
2021-07-12 00:00:00-04:00,874.6500244140625,874.6500244140625,841.5,854.25,115,0.0,0.0
2021-07-13 00:00:00-04:00,844.0499877929688,874.6500244140625,838.9500122070312,851.7000122070312,40,0.0,0.0
2021-07-14 00:00:00-04:00,849.1500244140625,849.1500244140625,793.0499877929688,803.25,113,0.0,0.0
2021-07-15 00:00:00-04:00,785.4000244140625,905.25,780.2999877929688,844.0499877929688,432,0.0,0.0
2021-07-16 00:00:00-04:00,844.0499877929688,867.0,826.2000122070312,833.8499755859375,36,0.0,0.0
2021-07-19 00:00:00-04:00,770.0999755859375,831.2999877929688,770.0999755859375,821.0999755859375,184,0.0,0.0
2021-07-20 00:00:00-04:00,810.9000244140625,882.2999877929688,800.7000122070312,836.4000244140625,133,0.0,0.0
2021-07-21 00:00:00-04:00,841.5,849.1500244140625,822.375,833.8499755859375,75,0.0,0.0
2021-07-22 00:00:00-04:00,821.0999755859375,841.5,816.0,826.2000122070312,48,0.0,0.0
2021-07-23 00:00:00-04:00,828.75,864.4500122070312,798.1500244140625,816.0,56,0.0,0.0
2021-07-26 00:00:00-04:00,813.4500122070312,863.9400024414062,803.25,838.6950073242188,46,0.0,0.0
2021-07-27 00:00:00-04:00,841.5,841.5,793.0499877929688,818.5499877929688,54,0.0,0.0
2021-07-28 00:00:00-04:00,818.5499877929688,833.8499755859375,800.7000122070312,805.7999877929688,42,0.0,0.0
2021-07-29 00:00:00-04:00,831.2999877929688,841.5,808.3499755859375,841.5,110,0.0,0.0
2021-07-30 00:00:00-04:00,852.4650268554688,852.4650268554688,813.4500122070312,831.2999877929688,49,0.0,0.0
2021-08-02 00:00:00-04:00,814.7249755859375,818.5499877929688,803.25,810.9000244140625,22,0.0,0.0
2021-08-03 00:00:00-04:00,821.0999755859375,841.5,806.8200073242188,813.4500122070312,89,0.0,0.0
2021-08-04 00:00:00-04:00,813.4500122070312,817.2750244140625,801.719970703125,813.4500122070312,49,0.0,0.0
2021-08-05 00:00:00-04:00,826.2000122070312,826.2000122070312,800.4450073242188,813.4500122070312,48,0.0,0.0
2021-08-06 00:00:00-04:00,813.4500122070312,813.4500122070312,793.0499877929688,793.0499877929688,25,0.0,0.0
2021-08-09 00:00:00-04:00,795.5999755859375,800.7000122070312,777.75,795.5999755859375,54,0.0,0.0
2021-08-10 00:00:00-04:00,782.8499755859375,810.9000244140625,780.2999877929688,810.9000244140625,80,0.0,0.0
2021-08-11 00:00:00-04:00,810.9000244140625,810.9000244140625,785.4000244140625,793.0499877929688,37,0.0,0.0
2021-08-12 00:00:00-04:00,782.8499755859375,808.3499755859375,780.2999877929688,808.3499755859375,27,0.0,0.0
2021-08-13 00:00:00-04:00,787.9500122070312,804.5250244140625,739.5,757.3499755859375,104,0.0,0.0
2021-08-16 00:00:00-04:00,775.2000122070312,789.2249755859375,726.75,772.6500244140625,148,0.0,0.0
2021-08-17 00:00:00-04:00,785.4000244140625,785.4000244140625,731.8499755859375,739.5,225,0.0,0.0
2021-08-18 00:00:00-04:00,729.2999877929688,757.3499755859375,690.5399780273438,714.0,198,0.0,0.0
2021-08-19 00:00:00-04:00,714.0,714.0,637.5,647.7000122070312,204,0.0,0.0
2021-08-20 00:00:00-04:00,698.7000122070312,698.7000122070312,663.0,683.4000244140625,48,0.0,0.0
2021-08-23 00:00:00-04:00,708.9000244140625,774.4349975585938,708.9000244140625,757.3499755859375,91,0.0,0.0
2021-08-24 00:00:00-04:00,762.4500122070312,762.4500122070312,716.8049926757812,742.0499877929688,22,0.0,0.0
2021-08-25 00:00:00-04:00,752.25,803.25,726.75,759.9000244140625,147,0.0,0.0
2021-08-26 00:00:00-04:00,798.1500244140625,798.1500244140625,731.8499755859375,731.8499755859375,93,0.0,0.0
2021-08-27 00:00:00-04:00,749.7000122070312,765.0,740.7750244140625,759.9000244140625,46,0.0,0.0
2021-08-30 00:00:00-04:00,759.9000244140625,795.5999755859375,726.75,726.75,39,0.0,0.0
2021-08-31 00:00:00-04:00,749.7000122070312,749.7000122070312,703.7999877929688,719.0999755859375,37,0.0,0.0
2021-09-01 00:00:00-04:00,714.0,726.75,680.8499755859375,701.25,162,0.0,0.0
2021-09-02 00:00:00-04:00,719.0999755859375,719.0999755859375,687.7349853515625,716.5499877929688,27,0.0,0.0
2021-09-03 00:00:00-04:00,721.6500244140625,739.5,701.25,726.75,119,0.0,0.0
2021-09-07 00:00:00-04:00,731.8499755859375,765.0,726.75,765.0,63,0.0,0.0
2021-09-08 00:00:00-04:00,765.0,765.0,718.3350219726562,726.75,36,0.0,0.0
2021-09-09 00:00:00-04:00,726.75,765.0,726.75,729.2999877929688,56,0.0,0.0
2021-09-10 00:00:00-04:00,765.0,765.0,711.4500122070312,720.375,56,0.0,0.0
2021-09-13 00:00:00-04:00,765.0,765.0,710.9400024414062,714.0,62,0.0,0.0
2021-09-14 00:00:00-04:00,710.9400024414062,739.5,693.5999755859375,734.4000244140625,208,0.0,0.0
2021-09-15 00:00:00-04:00,696.1500244140625,729.2999877929688,695.385009765625,711.4500122070312,40,0.0,0.0
2021-09-16 00:00:00-04:00,701.25,701.25,669.375,683.4000244140625,121,0.0,0.0
2021-09-17 00:00:00-04:00,683.4000244140625,701.25,663.0,693.5999755859375,96,0.0,0.0
2021-09-20 00:00:00-04:00,660.4500122070312,691.0499877929688,650.25,660.4500122070312,102,0.0,0.0
2021-09-21 00:00:00-04:00,671.9249877929688,701.25,652.7999877929688,691.0499877929688,168,0.0,0.0
2021-09-22 00:00:00-04:00,648.719970703125,688.5,648.719970703125,665.5499877929688,45,0.0,0.0
2021-09-23 00:00:00-04:00,670.6500244140625,689.7750244140625,650.25,660.4500122070312,58,0.0,0.0
2021-09-24 00:00:00-04:00,657.9000244140625,713.2349853515625,637.5,675.75,55,0.0,0.0
2021-09-27 00:00:00-04:00,683.4000244140625,688.5,646.4249877929688,647.7000122070312,85,0.0,0.0
2021-09-28 00:00:00-04:00,685.9500122070312,685.9500122070312,629.8499755859375,629.8499755859375,155,0.0,0.0
2021-09-29 00:00:00-04:00,612.0,634.9500122070312,591.5999755859375,617.0999755859375,56,0.0,0.0
2021-09-30 00:00:00-04:00,615.8250122070312,688.5,586.5,665.2949829101562,154,0.0,0.0
2021-10-01 00:00:00-04:00,599.25,678.2999877929688,599.25,665.5499877929688,47,0.0,0.0
2021-10-04 00:00:00-04:00,642.5999755859375,680.8499755859375,642.5999755859375,670.6500244140625,84,0.0,0.0
2021-10-05 00:00:00-04:00,675.75,716.5499877929688,675.75,688.5,131,0.0,0.0
2021-10-06 00:00:00-04:00,668.0999755859375,714.0,668.0999755859375,678.0449829101562,40,0.0,0.0
2021-10-07 00:00:00-04:00,684.9299926757812,701.25,663.0,668.0999755859375,59,0.0,0.0
2021-10-08 00:00:00-04:00,642.5999755859375,706.3499755859375,642.5999755859375,680.8499755859375,67,0.0,0.0
2021-10-11 00:00:00-04:00,714.0,714.0,583.9500122070312,586.5,175,0.0,0.0
2021-10-12 00:00:00-04:00,657.9000244140625,657.9000244140625,603.8400268554688,612.0,146,0.0,0.0
2021-10-13 00:00:00-04:00,647.4450073242188,647.4450073242188,604.3499755859375,612.0,66,0.0,0.0
2021-10-14 00:00:00-04:00,609.4500122070312,609.4500122070312,586.5,609.4500122070312,47,0.0,0.0
2021-10-15 00:00:00-04:00,609.4500122070312,612.0,581.4000244140625,596.7000122070312,70,0.0,0.0
2021-10-18 00:00:00-04:00,701.25,701.25,628.5750122070312,634.9500122070312,89,0.0,0.0
2021-10-19 00:00:00-04:00,642.5999755859375,644.385009765625,609.4500122070312,619.905029296875,70,0.0,0.0
2021-10-20 00:00:00-04:00,612.0,644.6400146484375,612.0,627.2999877929688,39,0.0,0.0
2021-10-21 00:00:00-04:00,629.8499755859375,629.8499755859375,604.3499755859375,622.2000122070312,67,0.0,0.0
2021-10-22 00:00:00-04:00,604.3499755859375,631.125,586.5,601.7999877929688,64,0.0,0.0
2021-10-25 00:00:00-04:00,678.2999877929688,678.2999877929688,599.25,599.25,85,0.0,0.0
2021-10-26 00:00:00-04:00,624.75,762.4500122070312,587.7750244140625,685.9500122070312,1372,0.0,0.0
2021-10-27 00:00:00-04:00,701.25,701.25,632.4000244140625,650.25,151,0.0,0.0
2021-10-28 00:00:00-04:00,645.1500244140625,663.0,617.0999755859375,624.75,110,0.0,0.0
2021-10-29 00:00:00-04:00,614.5499877929688,660.4500122070312,606.9000244140625,609.4500122070312,114,0.0,0.0
2021-11-01 00:00:00-04:00,624.75,660.4500122070312,614.5499877929688,634.9500122070312,62,0.0,0.0
2021-11-02 00:00:00-04:00,645.1500244140625,663.0,606.9000244140625,624.75,81,0.0,0.0
2021-11-03 00:00:00-04:00,637.5,638.7750244140625,606.9000244140625,627.2999877929688,74,0.0,0.0
2021-11-04 00:00:00-04:00,627.2999877929688,627.2999877929688,596.7000122070312,614.5499877929688,74,0.0,0.0
2021-11-05 00:00:00-04:00,612.0,642.5999755859375,609.4500122070312,617.0999755859375,39,0.0,0.0
2021-11-08 00:00:00-05:00,619.6500244140625,637.5,619.6500244140625,627.2999877929688,71,0.0,0.0
2021-11-09 00:00:00-05:00,624.75,637.5,612.0,617.0999755859375,95,0.0,0.0
2021-11-10 00:00:00-05:00,612.0,624.75,599.25,609.4500122070312,73,0.0,0.0
2021-11-11 00:00:00-05:00,609.4500122070312,609.4500122070312,586.5,599.25,295,0.0,0.0
2021-11-12 00:00:00-05:00,594.1500244140625,609.4500122070312,581.4000244140625,586.5,175,0.0,0.0
2021-11-15 00:00:00-05:00,596.7000122070312,604.3499755859375,561.0,581.4000244140625,113,0.0,0.0
2021-11-16 00:00:00-05:00,568.6500244140625,581.4000244140625,548.25,566.0999755859375,124,0.0,0.0
2021-11-17 00:00:00-05:00,578.8499755859375,581.4000244140625,561.0,566.0999755859375,84,0.0,0.0
2021-11-18 00:00:00-05:00,581.4000244140625,581.4000244140625,522.75,525.2999877929688,99,0.0,0.0
2021-11-19 00:00:00-05:00,525.2999877929688,525.2999877929688,512.5499877929688,517.6500244140625,79,0.0,0.0
2021-11-22 00:00:00-05:00,530.9099731445312,861.9000244140625,502.3500061035156,538.0499877929688,75993,0.0,0.0
2021-11-23 00:00:00-05:00,467.6700134277344,619.6500244140625,467.6700134277344,617.0999755859375,3604,0.0,0.0
2021-11-24 00:00:00-05:00,576.2999877929688,675.75,548.25,660.4500122070312,1607,0.0,0.0
2021-11-26 00:00:00-05:00,606.9000244140625,643.875,594.1500244140625,601.7999877929688,309,0.0,0.0
2021-11-29 00:00:00-05:00,606.9000244140625,632.4000244140625,545.7000122070312,568.6500244140625,524,0.0,0.0
2021-11-30 00:00:00-05:00,553.3499755859375,576.2999877929688,507.45001220703125,538.0499877929688,796,0.0,0.0
2021-12-01 00:00:00-05:00,535.5,555.9000244140625,510.0,517.6500244140625,262,0.0,0.0
2021-12-02 00:00:00-05:00,517.6500244140625,548.25,497.25,497.25,270,0.0,0.0
2021-12-03 00:00:00-05:00,512.5499877929688,535.5,474.29998779296875,520.2000122070312,200,0.0,0.0
2021-12-06 00:00:00-05:00,502.3500061035156,518.1599731445312,471.75,492.1499938964844,151,0.0,0.0
2021-12-07 00:00:00-05:00,507.45001220703125,520.2000122070312,492.1499938964844,502.3500061035156,135,0.0,0.0
2021-12-08 00:00:00-05:00,502.3500061035156,525.2999877929688,492.1499938964844,510.0,360,0.0,0.0
2021-12-09 00:00:00-05:00,515.0999755859375,535.5,489.6000061035156,530.4000244140625,430,0.0,0.0
2021-12-10 00:00:00-05:00,558.4500122070312,571.2000122070312,525.2999877929688,530.4000244140625,293,0.0,0.0
2021-12-13 00:00:00-05:00,535.5,744.5999755859375,532.9500122070312,650.25,19881,0.0,0.0
2021-12-14 00:00:00-05:00,627.2999877929688,813.4500122070312,576.2999877929688,721.6500244140625,9459,0.0,0.0
2021-12-15 00:00:00-05:00,739.2449951171875,861.9000244140625,647.7000122070312,693.5999755859375,15658,0.0,0.0
2021-12-16 00:00:00-05:00,719.0999755859375,775.2000122070312,632.4000244140625,759.9000244140625,3062,0.0,0.0
2021-12-17 00:00:00-05:00,739.5,782.8499755859375,693.5999755859375,734.4000244140625,1284,0.0,0.0
2021-12-20 00:00:00-05:00,716.5499877929688,795.5999755859375,652.7999877929688,777.75,2856,0.0,0.0
2021-12-21 00:00:00-05:00,1915.050048828125,2103.75,1300.5,1389.75,296178,0.0,0.0
2021-12-22 00:00:00-05:00,1226.550048828125,1333.6500244140625,1032.75,1234.199951171875,23178,0.0,0.0
2021-12-23 00:00:00-05:00,1175.550048828125,1178.0999755859375,1053.1500244140625,1101.5999755859375,7629,0.0,0.0
2021-12-27 00:00:00-05:00,1065.9000244140625,1509.5999755859375,1063.3499755859375,1354.050048828125,39935,0.0,0.0
2021-12-28 00:00:00-05:00,1825.800048828125,1874.25,1448.4000244140625,1535.0999755859375,181216,0.0,0.0
2021-12-29 00:00:00-05:00,1494.300048828125,1708.5,1343.8499755859375,1593.75,28738,0.0,0.0
2021-12-30 00:00:00-05:00,1917.5999755859375,1971.1500244140625,1624.3499755859375,1675.3499755859375,92656,0.0,0.0
2021-12-31 00:00:00-05:00,1609.050048828125,1779.9000244140625,1532.550048828125,1642.199951171875,13831,0.0,0.0
2022-01-03 00:00:00-05:00,1660.050048828125,2435.25,1606.5,1932.9000244140625,100015,0.0,0.0
2022-01-04 00:00:00-05:00,1782.449951171875,2572.949951171875,1736.550048828125,2376.60009765625,204411,0.0,0.0
2022-01-05 00:00:00-05:00,2152.199951171875,2674.949951171875,2073.14990234375,2269.5,94822,0.0,0.0
2022-01-06 00:00:00-05:00,2286.840087890625,2437.800048828125,1657.5,1721.25,25985,0.0,0.0
2022-01-07 00:00:00-05:00,1731.449951171875,1884.449951171875,1448.4000244140625,1555.5,15810,0.0,0.0
2022-01-10 00:00:00-05:00,1650.10498046875,2129.25,1644.75,2004.300048828125,58055,0.0,0.0
2022-01-11 00:00:00-05:00,2046.885009765625,2200.64990234375,1935.449951171875,2055.300048828125,33034,0.0,0.0
2022-01-12 00:00:00-05:00,2024.699951171875,2185.35009765625,1884.449951171875,2062.949951171875,22849,0.0,0.0
2022-01-13 00:00:00-05:00,2045.0999755859375,2088.449951171875,1836.0,2022.1500244140625,15365,0.0,0.0
2022-01-14 00:00:00-05:00,1925.25,2381.699951171875,1864.050048828125,2284.800048828125,39797,0.0,0.0
2022-01-18 00:00:00-05:00,2098.64990234375,2521.949951171875,1912.5,1945.6500244140625,39543,0.0,0.0
2022-01-19 00:00:00-05:00,2014.5,2244.0,1950.75,2040.0,24177,0.0,0.0
2022-01-20 00:00:00-05:00,2027.25,2167.5,1772.25,1810.5,15308,0.0,0.0
2022-01-21 00:00:00-05:00,1823.25,1876.800048828125,1611.85498046875,1711.050048828125,11876,0.0,0.0
2022-01-24 00:00:00-05:00,1598.8499755859375,1601.4000244140625,1367.8199462890625,1514.699951171875,5327,0.0,0.0
2022-01-25 00:00:00-05:00,1448.4000244140625,1858.949951171875,1331.0999755859375,1501.949951171875,32971,0.0,0.0
2022-01-26 00:00:00-05:00,1504.5,1581.0,1331.0999755859375,1333.6500244140625,7718,0.0,0.0
2022-01-27 00:00:00-05:00,1356.5999755859375,1491.75,1295.655029296875,1318.3499755859375,4865,0.0,0.0
2022-01-28 00:00:00-05:00,1315.800048828125,1425.449951171875,1257.1500244140625,1275.0,7715,0.0,0.0
2022-01-31 00:00:00-05:00,1229.0999755859375,1420.3499755859375,1203.5999755859375,1369.3499755859375,5928,0.0,0.0
2022-02-01 00:00:00-05:00,1326.0,1412.699951171875,1282.6500244140625,1300.5,5215,0.0,0.0
2022-02-02 00:00:00-05:00,1300.5,1351.5,1285.199951171875,1326.0,2815,0.0,0.0
2022-02-03 00:00:00-05:00,1295.4000244140625,1356.5999755859375,1259.699951171875,1323.449951171875,4501,0.0,0.0
2022-02-04 00:00:00-05:00,1292.8499755859375,1341.300048828125,1134.75,1150.050048828125,5051,0.0,0.0
2022-02-07 00:00:00-05:00,1144.949951171875,1181.1600341796875,972.8250122070312,997.0499877929688,3456,0.0,0.0
2022-02-08 00:00:00-05:00,997.0499877929688,1058.25,943.5,981.75,2842,0.0,0.0
2022-02-09 00:00:00-05:00,1007.25,1206.1500244140625,1007.25,1162.800048828125,2988,0.0,0.0
2022-02-10 00:00:00-05:00,1104.1500244140625,1422.9000244140625,1104.1500244140625,1295.4000244140625,7246,0.0,0.0
2022-02-11 00:00:00-05:00,1282.6500244140625,1578.449951171875,1282.6500244140625,1491.75,10413,0.0,0.0
2022-02-14 00:00:00-05:00,1491.75,1764.5999755859375,1491.75,1624.3499755859375,11889,0.0,0.0
2022-02-15 00:00:00-05:00,1629.449951171875,1744.199951171875,1583.550048828125,1700.8499755859375,5773,0.0,0.0
2022-02-16 00:00:00-05:00,1693.199951171875,1759.5,1634.550048828125,1741.6500244140625,1991,0.0,0.0
2022-02-17 00:00:00-05:00,1734.0,1734.0,1512.1500244140625,1581.0,2400,0.0,0.0
2022-02-18 00:00:00-05:00,1568.25,1598.8499755859375,1428.0,1519.800048828125,1330,0.0,0.0
2022-02-22 00:00:00-05:00,1453.5,1486.6500244140625,1338.75,1428.0,1260,0.0,0.0
2022-02-23 00:00:00-05:00,1428.0,1456.050048828125,1338.75,1425.449951171875,667,0.0,0.0
2022-02-24 00:00:00-05:00,1341.300048828125,1522.3499755859375,1300.5,1517.25,1396,0.0,0.0
2022-02-25 00:00:00-05:00,1507.050048828125,1560.5999755859375,1479.0,1540.199951171875,569,0.0,0.0
2022-02-28 00:00:00-05:00,1565.699951171875,1690.6500244140625,1553.2049560546875,1670.25,1109,0.0,0.0
2022-03-01 00:00:00-05:00,1680.449951171875,1708.5,1542.75,1700.8499755859375,742,0.0,0.0
2022-03-02 00:00:00-05:00,1728.9000244140625,1848.75,1696.77001953125,1787.550048828125,1848,0.0,0.0
2022-03-03 00:00:00-05:00,1810.5,1818.1500244140625,1665.1500244140625,1683.0,673,0.0,0.0
2022-03-04 00:00:00-05:00,1652.4000244140625,1698.300048828125,1545.300048828125,1583.550048828125,629,0.0,0.0
2022-03-07 00:00:00-05:00,1563.1500244140625,1583.550048828125,1338.75,1351.5,1395,0.0,0.0
2022-03-08 00:00:00-05:00,1377.0,1471.3499755859375,1241.8499755859375,1364.25,1461,0.0,0.0
2022-03-09 00:00:00-05:00,1394.8499755859375,1527.449951171875,1377.0,1440.75,698,0.0,0.0
2022-03-10 00:00:00-05:00,1438.199951171875,1647.300048828125,1438.199951171875,1593.75,2942,0.0,0.0
2022-03-11 00:00:00-05:00,1568.25,1588.6500244140625,1440.75,1440.75,687,0.0,0.0
2022-03-14 00:00:00-04:00,1440.75,1466.25,1318.3499755859375,1320.9000244140625,522,0.0,0.0
2022-03-15 00:00:00-04:00,1338.75,1435.6500244140625,1338.75,1402.5,408,0.0,0.0
2022-03-16 00:00:00-04:00,1420.3499755859375,1530.0,1326.0,1366.800048828125,1009,0.0,0.0
2022-03-17 00:00:00-04:00,1351.5,1575.9000244140625,1351.5,1532.550048828125,1134,0.0,0.0
2022-03-18 00:00:00-04:00,1530.0,1547.8499755859375,1443.300048828125,1479.0,952,0.0,0.0
2022-03-21 00:00:00-04:00,1499.4000244140625,1555.5,1435.39501953125,1453.5,973,0.0,0.0
2022-03-22 00:00:00-04:00,1430.550048828125,1517.760009765625,1430.550048828125,1445.8499755859375,925,0.0,0.0
2022-03-23 00:00:00-04:00,1445.8499755859375,1591.199951171875,1326.0,1366.800048828125,3982,0.0,0.0
2022-03-24 00:00:00-04:00,1366.800048828125,1402.5,1318.3499755859375,1333.6500244140625,713,0.0,0.0
2022-03-25 00:00:00-04:00,1326.0,1348.949951171875,1195.949951171875,1206.1500244140625,1453,0.0,0.0
2022-03-28 00:00:00-04:00,1206.1500244140625,1257.1500244140625,1152.5999755859375,1178.0999755859375,1176,0.0,0.0
2022-03-29 00:00:00-04:00,1160.25,1300.5,1160.25,1190.8499755859375,3362,0.0,0.0
2022-03-30 00:00:00-04:00,1162.800048828125,1195.949951171875,1071.0,1109.25,1089,0.0,0.0
2022-03-31 00:00:00-04:00,1096.5,1180.6500244140625,1053.1500244140625,1099.050048828125,1816,0.0,0.0
2022-04-01 00:00:00-04:00,1091.4000244140625,1132.199951171875,997.0499877929688,1035.300048828125,4948,0.0,0.0
2022-04-04 00:00:00-04:00,1040.4000244140625,1054.6800537109375,974.0999755859375,1040.4000244140625,1551,0.0,0.0
2022-04-05 00:00:00-04:00,1035.300048828125,1068.449951171875,1009.7999877929688,1032.75,673,0.0,0.0
2022-04-06 00:00:00-04:00,1027.6500244140625,1106.699951171875,1025.0999755859375,1032.75,932,0.0,0.0
2022-04-07 00:00:00-04:00,1040.4000244140625,1058.25,895.0499877929688,920.5499877929688,1750,0.0,0.0
2022-04-08 00:00:00-04:00,971.5499877929688,971.5499877929688,877.2000122070312,882.2999877929688,940,0.0,0.0
2022-04-11 00:00:00-04:00,915.4500122070312,1007.25,867.0,956.25,1280,0.0,0.0
2022-04-12 00:00:00-04:00,963.9000244140625,963.9000244140625,828.75,836.4000244140625,1109,0.0,0.0
2022-04-13 00:00:00-04:00,851.7000122070312,877.2000122070312,836.4000244140625,856.7999877929688,482,0.0,0.0
2022-04-14 00:00:00-04:00,856.7999877929688,882.2999877929688,831.2999877929688,859.3499755859375,495,0.0,0.0
2022-04-18 00:00:00-04:00,849.1500244140625,884.8499755859375,803.25,803.25,595,0.0,0.0
2022-04-19 00:00:00-04:00,793.0499877929688,821.0999755859375,767.5499877929688,798.1500244140625,380,0.0,0.0
2022-04-20 00:00:00-04:00,813.4500122070312,864.4500122070312,798.1500244140625,826.2000122070312,411,0.0,0.0
2022-04-21 00:00:00-04:00,828.75,838.9500122070312,772.6500244140625,777.75,307,0.0,0.0
2022-04-22 00:00:00-04:00,777.75,816.0,754.7999877929688,777.75,531,0.0,0.0
2022-04-25 00:00:00-04:00,765.0,805.7999877929688,744.5999755859375,805.7999877929688,269,0.0,0.0
2022-04-26 00:00:00-04:00,782.8499755859375,826.2000122070312,743.0700073242188,757.3499755859375,426,0.0,0.0
2022-04-27 00:00:00-04:00,765.0,915.4500122070312,757.3499755859375,782.8499755859375,8224,0.0,0.0
2022-04-28 00:00:00-04:00,777.75,790.5,688.5,726.75,744,0.0,0.0
2022-04-29 00:00:00-04:00,747.1500244140625,749.7000122070312,698.7000122070312,711.4500122070312,192,0.0,0.0
2022-05-02 00:00:00-04:00,701.25,701.25,637.5,652.7999877929688,578,0.0,0.0
2022-05-03 00:00:00-04:00,663.0,698.7000122070312,663.0,663.0,496,0.0,0.0
2022-05-04 00:00:00-04:00,663.0,719.0999755859375,657.9000244140625,691.0499877929688,281,0.0,0.0
2022-05-05 00:00:00-04:00,691.0499877929688,711.4500122070312,645.405029296875,660.4500122070312,198,0.0,0.0
2022-05-06 00:00:00-04:00,660.4500122070312,698.7000122070312,642.5999755859375,652.7999877929688,521,0.0,0.0
2022-05-09 00:00:00-04:00,650.25,685.9500122070312,629.8499755859375,640.0499877929688,453,0.0,0.0
2022-05-10 00:00:00-04:00,645.1500244140625,683.4000244140625,576.2999877929688,583.9500122070312,400,0.0,0.0
2022-05-11 00:00:00-04:00,614.5499877929688,614.5499877929688,516.6300048828125,563.5499877929688,257,0.0,0.0
2022-05-12 00:00:00-04:00,538.0499877929688,586.5,515.0999755859375,566.0999755859375,249,0.0,0.0
2022-05-13 00:00:00-04:00,566.0999755859375,596.7000122070312,561.0,566.0999755859375,345,0.0,0.0
2022-05-16 00:00:00-04:00,596.7000122070312,612.0,548.5050048828125,589.0499877929688,991,0.0,0.0
2022-05-17 00:00:00-04:00,612.0,612.0,561.0,595.4249877929688,156,0.0,0.0
2022-05-18 00:00:00-04:00,578.8499755859375,609.4500122070312,561.0,578.8499755859375,160,0.0,0.0
2022-05-19 00:00:00-04:00,586.5,632.4000244140625,576.2999877929688,601.7999877929688,422,0.0,0.0
2022-05-20 00:00:00-04:00,604.3499755859375,617.0999755859375,543.1500244140625,550.7999877929688,474,0.0,0.0
2022-05-23 00:00:00-04:00,561.0,569.9249877929688,540.5999755859375,553.3499755859375,93,0.0,0.0
2022-05-24 00:00:00-04:00,558.4500122070312,570.9450073242188,510.0,530.4000244140625,334,0.0,0.0
2022-05-25 00:00:00-04:00,520.2000122070312,573.75,520.2000122070312,568.6500244140625,81,0.0,0.0
2022-05-26 00:00:00-04:00,555.9000244140625,599.25,555.9000244140625,578.8499755859375,147,0.0,0.0
2022-05-27 00:00:00-04:00,591.5999755859375,637.5,572.4749755859375,594.1500244140625,129,0.0,0.0
2022-05-31 00:00:00-04:00,637.5,657.9000244140625,605.625,647.7000122070312,311,0.0,0.0
2022-06-01 00:00:00-04:00,647.7000122070312,696.1500244140625,586.5,604.3499755859375,329,0.0,0.0
2022-06-02 00:00:00-04:00,622.2000122070312,640.0499877929688,594.405029296875,627.2999877929688,55,0.0,0.0
2022-06-03 00:00:00-04:00,650.25,650.25,599.25,629.8499755859375,103,0.0,0.0
2022-06-06 00:00:00-04:00,629.8499755859375,685.9500122070312,612.0,640.0499877929688,95,0.0,0.0
2022-06-07 00:00:00-04:00,624.75,655.3499755859375,599.25,627.2999877929688,149,0.0,0.0
2022-06-08 00:00:00-04:00,617.0999755859375,663.0,617.0999755859375,634.9500122070312,144,0.0,0.0
2022-06-09 00:00:00-04:00,634.9500122070312,729.2999877929688,634.9500122070312,657.9000244140625,786,0.0,0.0
2022-06-10 00:00:00-04:00,678.2999877929688,711.4500122070312,640.8150024414062,708.9000244140625,416,0.0,0.0
2022-06-13 00:00:00-04:00,749.7000122070312,765.0,685.9500122070312,731.8499755859375,1170,0.0,0.0
2022-06-14 00:00:00-04:00,719.0999755859375,790.5,650.25,668.0999755859375,793,0.0,0.0
2022-06-15 00:00:00-04:00,576.2999877929688,652.7999877929688,573.75,632.4000244140625,480,0.0,0.0
2022-06-16 00:00:00-04:00,601.7999877929688,640.0499877929688,540.5999755859375,568.6500244140625,361,0.0,0.0
2022-06-17 00:00:00-04:00,553.3499755859375,601.7999877929688,522.75,583.9500122070312,456,0.0,0.0
2022-06-21 00:00:00-04:00,594.1500244140625,612.0,553.3499755859375,609.4500122070312,604,0.0,0.0
2022-06-22 00:00:00-04:00,583.9500122070312,673.2000122070312,583.9500122070312,673.2000122070312,607,0.0,0.0
2022-06-23 00:00:00-04:00,685.9500122070312,688.5,599.25,627.2999877929688,191,0.0,0.0
2022-06-24 00:00:00-04:00,650.25,660.4500122070312,601.7999877929688,627.2999877929688,177,0.0,0.0
2022-06-27 00:00:00-04:00,608.1749877929688,609.4500122070312,581.4000244140625,586.5,89,0.0,0.0
2022-06-28 00:00:00-04:00,614.5499877929688,614.5499877929688,555.9000244140625,561.0,185,0.0,0.0
2022-06-29 00:00:00-04:00,573.239990234375,578.8499755859375,543.1500244140625,548.25,89,0.0,0.0
2022-06-30 00:00:00-04:00,561.0,563.5499877929688,532.9500122070312,538.0499877929688,103,0.0,0.0
2022-07-01 00:00:00-04:00,527.8499755859375,568.6500244140625,527.8499755859375,535.5,145,0.0,0.0
2022-07-05 00:00:00-04:00,522.75,565.0800170898438,484.5,527.8499755859375,689,0.0,0.0
2022-07-06 00:00:00-04:00,535.5,550.7999877929688,510.0,510.0,197,0.0,0.0
2022-07-07 00:00:00-04:00,522.75,530.4000244140625,484.5,484.5,618,0.0,0.0
2022-07-08 00:00:00-04:00,479.3999938964844,499.79998779296875,451.3500061035156,476.8500061035156,746,0.0,0.0
2022-07-11 00:00:00-04:00,474.29998779296875,476.8500061035156,415.6499938964844,420.75,596,0.0,0.0
2022-07-12 00:00:00-04:00,428.3999938964844,442.42498779296875,382.5,397.79998779296875,906,0.0,0.0
2022-07-13 00:00:00-04:00,385.04998779296875,413.1000061035156,372.29998779296875,376.125,1017,0.0,0.0
2022-07-14 00:00:00-04:00,377.3999938964844,385.04998779296875,351.8999938964844,357.0,491,0.0,0.0
2022-07-15 00:00:00-04:00,354.45001220703125,357.0,294.0150146484375,306.0,1742,0.0,0.0
2022-07-18 00:00:00-04:00,313.6499938964844,323.8500061035156,288.1499938964844,308.54998779296875,1903,0.0,0.0
2022-07-19 00:00:00-04:00,300.8999938964844,308.54998779296875,267.75,280.5,1510,0.0,0.0
2022-07-20 00:00:00-04:00,283.04998779296875,300.8999938964844,270.29998779296875,295.79998779296875,2115,0.0,0.0
2022-07-21 00:00:00-04:00,285.6000061035156,295.79998779296875,277.95001220703125,280.5,605,0.0,0.0
2022-07-22 00:00:00-04:00,275.3999938964844,295.79998779296875,275.3999938964844,285.6000061035156,977,0.0,0.0
2022-07-25 00:00:00-04:00,290.70001220703125,293.25,260.1000061035156,275.3999938964844,1394,0.0,0.0
2022-07-26 00:00:00-04:00,267.75,275.3999938964844,247.09500122070312,262.6499938964844,1526,0.0,0.0
2022-07-27 00:00:00-04:00,262.6499938964844,344.25,248.8800048828125,270.29998779296875,24015,0.0,0.0
2022-07-28 00:00:00-04:00,267.75,270.29998779296875,250.15499877929688,257.54998779296875,2526,0.0,0.0
2022-07-29 00:00:00-04:00,249.89999389648438,257.54998779296875,229.5,241.74000549316406,2582,0.0,0.0
2022-08-01 00:00:00-04:00,239.6999969482422,244.8000030517578,206.5500030517578,209.10000610351562,2878,0.0,0.0
2022-08-02 00:00:00-04:00,211.13999938964844,293.25,204.50999450683594,245.82000732421875,67897,0.0,0.0
2022-08-03 00:00:00-04:00,233.8350067138672,262.6499938964844,219.3000030517578,232.81500244140625,14481,0.0,0.0
2022-08-04 00:00:00-04:00,239.6999969482422,244.2899932861328,222.10499572753906,233.3249969482422,4700,0.0,0.0
2022-08-05 00:00:00-04:00,233.8350067138672,237.14999389648438,214.1999969482422,219.3000030517578,4746,0.0,0.0
2022-08-08 00:00:00-04:00,219.0449981689453,249.89999389648438,210.6300048828125,241.9949951171875,14083,0.0,0.0
2022-08-09 00:00:00-04:00,242.75999450683594,265.20001220703125,225.92999267578125,232.81500244140625,9829,0.0,0.0
2022-08-10 00:00:00-04:00,229.5,234.60000610351562,224.39999389648438,229.2449951171875,2764,0.0,0.0
2022-08-11 00:00:00-04:00,234.60000610351562,237.14999389648438,221.59500122070312,226.9499969482422,3494,0.0,0.0
2022-08-12 00:00:00-04:00,229.5,277.95001220703125,227.71499633789062,275.3999938964844,11017,0.0,0.0
2022-08-15 00:00:00-04:00,252.19500732421875,290.70001220703125,242.25,247.35000610351562,9981,0.0,0.0
2022-08-16 00:00:00-04:00,251.94000244140625,251.94000244140625,224.39999389648438,235.11000061035156,5175,0.0,0.0
2022-08-17 00:00:00-04:00,226.9499969482422,229.5,214.1999969482422,224.39999389648438,3216,0.0,0.0
2022-08-18 00:00:00-04:00,224.39999389648438,239.6999969482422,224.39999389648438,234.34500122070312,1896,0.0,0.0
2022-08-19 00:00:00-04:00,234.60000610351562,234.60000610351562,216.75,221.85000610351562,1760,0.0,0.0
2022-08-22 00:00:00-04:00,224.39999389648438,224.39999389648438,206.5500030517578,209.10000610351562,1840,0.0,0.0
2022-08-23 00:00:00-04:00,209.10000610351562,211.64999389648438,192.27000427246094,201.7050018310547,1989,0.0,0.0
2022-08-24 00:00:00-04:00,196.35000610351562,205.27499389648438,183.60000610351562,186.14999389648438,2260,0.0,0.0
2022-08-25 00:00:00-04:00,186.14999389648438,187.93499755859375,173.39999389648438,183.34500122070312,1465,0.0,0.0
2022-08-26 00:00:00-04:00,187.93499755859375,188.6999969482422,178.7550048828125,188.6999969482422,1436,0.0,0.0
2022-08-29 00:00:00-04:00,188.6999969482422,201.4499969482422,178.5,197.11500549316406,1649,0.0,0.0
2022-08-30 00:00:00-04:00,198.38999938964844,205.78500366210938,191.25,196.60499572753906,958,0.0,0.0
2022-08-31 00:00:00-04:00,198.64500427246094,204.0,192.01499938964844,201.7050018310547,1138,0.0,0.0
2022-09-01 00:00:00-04:00,209.10000610351562,209.10000610351562,194.05499267578125,198.89999389648438,703,0.0,0.0
2022-09-02 00:00:00-04:00,213.94500732421875,213.94500732421875,191.25,196.35000610351562,524,0.0,0.0
2022-09-06 00:00:00-04:00,205.02000427246094,205.02000427246094,188.6999969482422,189.97500610351562,382,0.0,0.0
2022-09-07 00:00:00-04:00,190.22999572753906,196.35000610351562,181.30499267578125,188.6999969482422,508,0.0,0.0
2022-09-08 00:00:00-04:00,188.6999969482422,193.8000030517578,181.0500030517578,189.2100067138672,321,0.0,0.0
2022-09-09 00:00:00-04:00,191.25,198.89999389648438,191.25,193.8000030517578,438,0.0,0.0
2022-09-12 00:00:00-04:00,193.8000030517578,206.5500030517578,189.46499633789062,201.9600067138672,697,0.0,0.0
2022-09-13 00:00:00-04:00,213.94500732421875,219.3000030517578,199.15499877929688,210.6300048828125,3264,0.0,0.0
2022-09-14 00:00:00-04:00,214.1999969482422,244.8000030517578,213.94500732421875,235.36500549316406,5278,0.0,0.0
2022-09-15 00:00:00-04:00,249.89999389648438,260.1000061035156,230.77499389648438,246.0749969482422,5397,0.0,0.0
2022-09-16 00:00:00-04:00,247.35000610351562,255.0,226.18499755859375,239.44500732421875,3528,0.0,0.0
2022-09-19 00:00:00-04:00,239.6999969482422,239.6999969482422,214.1999969482422,223.63499450683594,1262,0.0,0.0
2022-09-20 00:00:00-04:00,219.80999755859375,219.80999755859375,196.35000610351562,206.80499267578125,1433,0.0,0.0
2022-09-21 00:00:00-04:00,203.7449951171875,211.64999389648438,188.6999969482422,196.35000610351562,1538,0.0,0.0
2022-09-22 00:00:00-04:00,196.35000610351562,196.35000610351562,185.1300048828125,192.52499389648438,972,0.0,0.0
2022-09-23 00:00:00-04:00,193.8000030517578,194.56500244140625,175.9499969482422,194.56500244140625,3549,0.0,0.0
2022-09-26 00:00:00-04:00,211.64999389648438,229.5,199.6649932861328,207.57000732421875,3115,0.0,0.0
2022-09-27 00:00:00-04:00,211.64999389648438,211.64999389648438,199.41000366210938,204.0,583,0.0,0.0
2022-09-28 00:00:00-04:00,201.19500732421875,221.85000610351562,197.625,212.9250030517578,1018,0.0,0.0
2022-09-29 00:00:00-04:00,209.10000610351562,218.27999877929688,193.03500366210938,201.9600067138672,1099,0.0,0.0
2022-09-30 00:00:00-04:00,205.27499389648438,212.9250030517578,196.35000610351562,197.625,1775,0.0,0.0
2022-10-03 00:00:00-04:00,198.89999389648438,219.3000030517578,188.9550018310547,212.9250030517578,4736,0.0,0.0
2022-10-04 00:00:00-04:00,213.17999267578125,219.3000030517578,203.23500061035156,212.9250030517578,1366,0.0,0.0
2022-10-05 00:00:00-04:00,204.0,214.4550018310547,199.15499877929688,211.39500427246094,844,0.0,0.0
2022-10-06 00:00:00-04:00,208.58999633789062,214.1999969482422,202.72500610351562,206.5500030517578,639,0.0,0.0
2022-10-07 00:00:00-04:00,201.4499969482422,212.9250030517578,196.60499572753906,204.2550048828125,479,0.0,0.0
2022-10-10 00:00:00-04:00,198.13499450683594,209.10000610351562,193.8000030517578,198.89999389648438,478,0.0,0.0
2022-10-11 00:00:00-04:00,195.3300018310547,199.6649932861328,193.8000030517578,197.3699951171875,273,0.0,0.0
2022-10-12 00:00:00-04:00,204.0,204.0,178.5,188.6999969482422,636,0.0,0.0
2022-10-13 00:00:00-04:00,188.6999969482422,198.13499450683594,181.0500030517578,189.97500610351562,503,0.0,0.0
2022-10-14 00:00:00-04:00,191.25,198.89999389648438,186.14999389648438,187.4250030517578,341,0.0,0.0
2022-10-17 00:00:00-04:00,188.9550018310547,195.0749969482422,182.3249969482422,184.875,289,0.0,0.0
2022-10-18 00:00:00-04:00,182.3249969482422,193.8000030517578,182.3249969482422,183.85499572753906,371,0.0,0.0
2022-10-19 00:00:00-04:00,188.6999969482422,190.74000549316406,175.9499969482422,178.5,694,0.0,0.0
2022-10-20 00:00:00-04:00,178.5,178.7550048828125,168.3000030517578,171.36000061035156,1024,0.0,0.0
2022-10-21 00:00:00-04:00,169.32000732421875,175.9499969482422,168.3000030517578,171.36000061035156,322,0.0,0.0
2022-10-24 00:00:00-04:00,179.77499389648438,181.81500244140625,167.7899932861328,168.3000030517578,624,0.0,0.0
2022-10-25 00:00:00-04:00,170.85000610351562,178.2449951171875,163.1999969482422,167.02499389648438,1270,0.0,0.0
2022-10-26 00:00:00-04:00,177.73500061035156,177.73500061035156,167.02499389648438,171.61500549316406,490,0.0,0.0
2022-10-27 00:00:00-04:00,172.125,174.1649932861328,153.0,160.64999389648438,740,0.0,0.0
2022-10-28 00:00:00-04:00,165.75,165.75,153.76499938964844,159.6300048828125,1125,0.0,0.0
2022-10-31 00:00:00-04:00,170.85000610351562,170.85000610351562,156.8249969482422,159.375,357,0.0,0.0
2022-11-01 00:00:00-04:00,160.64999389648438,162.17999267578125,147.89999389648438,158.10000610351562,412,0.0,0.0
2022-11-02 00:00:00-04:00,150.4499969482422,160.90499877929688,150.4499969482422,155.5500030517578,329,0.0,0.0
2022-11-03 00:00:00-04:00,150.9600067138672,156.8249969482422,150.9600067138672,151.72500610351562,225,0.0,0.0
2022-11-04 00:00:00-04:00,153.0,155.5500030517578,147.89999389648438,153.0,319,0.0,0.0
2022-11-07 00:00:00-05:00,155.5500030517578,155.5500030517578,148.15499877929688,150.7050018310547,356,0.0,0.0
2022-11-08 00:00:00-05:00,153.0,158.10000610351562,149.1750030517578,151.72500610351562,558,0.0,0.0
2022-11-09 00:00:00-05:00,148.6649932861328,160.64999389648438,147.89999389648438,151.21499633789062,344,0.0,0.0
2022-11-10 00:00:00-05:00,153.0,158.10000610351562,147.89999389648438,156.8249969482422,409,0.0,0.0
2022-11-11 00:00:00-05:00,158.10000610351562,167.02499389648438,158.10000610351562,166.25999450683594,464,0.0,0.0
2022-11-14 00:00:00-05:00,172.63499450683594,188.6999969482422,166.25999450683594,178.7550048828125,2364,0.0,0.0
2022-11-15 00:00:00-05:00,183.60000610351562,183.60000610351562,155.5500030517578,167.02499389648438,2388,0.0,0.0
2022-11-16 00:00:00-05:00,165.75,168.3000030517578,153.0,164.47500610351562,553,0.0,0.0
2022-11-17 00:00:00-05:00,167.27999877929688,167.27999877929688,155.80499267578125,158.10000610351562,375,0.0,0.0
2022-11-18 00:00:00-05:00,164.72999572753906,165.24000549316406,153.0,161.9250030517578,270,0.0,0.0
2022-11-21 00:00:00-05:00,158.10000610351562,158.35499572753906,147.89999389648438,150.7050018310547,526,0.0,0.0
2022-11-22 00:00:00-05:00,150.4499969482422,155.5500030517578,145.35000610351562,145.35000610351562,614,0.0,0.0
2022-11-23 00:00:00-05:00,148.41000366210938,151.72500610351562,142.8000030517578,147.64500427246094,389,0.0,0.0
2022-11-25 00:00:00-05:00,145.35000610351562,150.4499969482422,145.35000610351562,147.89999389648438,212,0.0,0.0
2022-11-28 00:00:00-05:00,155.5500030517578,155.5500030517578,147.89999389648438,150.4499969482422,221,0.0,0.0
2022-11-29 00:00:00-05:00,151.72500610351562,153.0,145.35000610351562,149.1750030517578,347,0.0,0.0
2022-11-30 00:00:00-05:00,153.0,153.0,145.35000610351562,147.89999389648438,160,0.0,0.0
2022-12-01 00:00:00-05:00,153.0,155.5500030517578,147.89999389648438,154.78500366210938,382,0.0,0.0
2022-12-02 00:00:00-05:00,154.27499389648438,173.14500427246094,154.27499389648438,168.0449981689453,420,0.0,0.0
2022-12-05 00:00:00-05:00,180.5399932861328,180.5399932861328,160.64999389648438,170.0850067138672,473,0.0,0.0
2022-12-06 00:00:00-05:00,178.5,178.5,158.86500549316406,164.22000122070312,254,0.0,0.0
2022-12-07 00:00:00-05:00,172.3800048828125,175.9499969482422,159.6300048828125,173.39999389648438,319,0.0,0.0
2022-12-08 00:00:00-05:00,181.0500030517578,181.0500030517578,163.4550018310547,173.14500427246094,116,0.0,0.0
2022-12-09 00:00:00-05:00,173.14500427246094,173.14500427246094,158.86500549316406,168.3000030517578,382,0.0,0.0
2022-12-12 00:00:00-05:00,166.0050048828125,166.0050048828125,158.86500549316406,159.1199951171875,236,0.0,0.0
2022-12-13 00:00:00-05:00,167.7899932861328,168.0449981689453,154.27499389648438,161.16000366210938,520,0.0,0.0
2022-12-14 00:00:00-05:00,158.86500549316406,168.0449981689453,158.10000610351562,158.35499572753906,239,0.0,0.0
2022-12-15 00:00:00-05:00,158.61000061035156,168.3000030517578,155.80499267578125,156.57000732421875,202,0.0,0.0
2022-12-16 00:00:00-05:00,163.1999969482422,168.3000030517578,153.0,153.0,425,0.0,0.0
2022-12-19 00:00:00-05:00,153.0,158.10000610351562,145.60499572753906,147.89999389648438,192,0.0,0.0
2022-12-20 00:00:00-05:00,145.60499572753906,153.0,145.60499572753906,147.89999389648438,345,0.0,0.0
2022-12-21 00:00:00-05:00,150.4499969482422,155.80499267578125,145.35000610351562,146.625,262,0.0,0.0
2022-12-22 00:00:00-05:00,153.0,165.75,146.625,155.5500030517578,1315,0.0,0.0
2022-12-23 00:00:00-05:00,152.49000549316406,163.1999969482422,152.49000549316406,158.10000610351562,239,0.0,0.0
2022-12-27 00:00:00-05:00,155.5500030517578,163.1999969482422,150.4499969482422,153.0,331,0.0,0.0
2022-12-28 00:00:00-05:00,148.41000366210938,153.0,140.25,146.8800048828125,540,0.0,0.0
2022-12-29 00:00:00-05:00,142.8000030517578,149.42999267578125,137.6999969482422,147.89999389648438,1003,0.0,0.0
2022-12-30 00:00:00-05:00,142.8000030517578,150.4499969482422,140.25,144.83999633789062,381,0.0,0.0
2023-01-03 00:00:00-05:00,149.42999267578125,150.4499969482422,140.25,142.8000030517578,611,0.0,0.0
2023-01-04 00:00:00-05:00,140.5050048828125,147.89999389648438,138.2100067138672,142.8000030517578,442,0.0,0.0
2023-01-05 00:00:00-05:00,143.05499267578125,147.89999389648438,137.9550018310547,140.5050048828125,849,0.0,0.0
2023-01-06 00:00:00-05:00,130.55999755859375,142.8000030517578,130.0500030517578,132.60000610351562,1057,0.0,0.0
2023-01-09 00:00:00-05:00,137.6999969482422,140.25,132.60000610351562,136.4250030517578,330,0.0,0.0
2023-01-10 00:00:00-05:00,135.66000366210938,140.25,133.875,139.48500061035156,517,0.0,0.0
2023-01-11 00:00:00-05:00,140.25,147.89999389648438,137.6999969482422,140.25,600,0.0,0.0
2023-01-12 00:00:00-05:00,140.25,145.35000610351562,137.6999969482422,142.8000030517578,295,0.0,0.0
2023-01-13 00:00:00-05:00,144.83999633789062,161.9250030517578,140.5050048828125,158.10000610351562,1200,0.0,0.0
2023-01-17 00:00:00-05:00,163.1999969482422,170.59500122070312,153.0,155.5500030517578,1113,0.0,0.0
2023-01-18 00:00:00-05:00,155.5500030517578,165.4949951171875,155.5500030517578,156.8249969482422,618,0.0,0.0
2023-01-19 00:00:00-05:00,160.64999389648438,165.75,156.8249969482422,158.10000610351562,1053,0.0,0.0
2023-01-20 00:00:00-05:00,160.64999389648438,165.75,154.27499389648438,156.57000732421875,677,0.0,0.0
2023-01-23 00:00:00-05:00,156.8249969482422,181.0500030517578,156.8249969482422,169.32000732421875,1208,0.0,0.0
2023-01-24 00:00:00-05:00,173.39999389648438,186.14999389648438,170.85000610351562,172.3800048828125,617,0.0,0.0
2023-01-25 00:00:00-05:00,173.39999389648438,178.5,165.75,166.25999450683594,480,0.0,0.0
2023-01-26 00:00:00-05:00,168.55499267578125,176.2050018310547,164.47500610351562,165.75,587,0.0,0.0
2023-01-27 00:00:00-05:00,169.5749969482422,198.89999389648438,158.10000610351562,169.5749969482422,6962,0.0,0.0
2023-01-30 00:00:00-05:00,178.5,178.5,156.8249969482422,161.16000366210938,1858,0.0,0.0
2023-01-31 00:00:00-05:00,163.4550018310547,170.33999633789062,153.76499938964844,160.64999389648438,1202,0.0,0.0
2023-02-01 00:00:00-05:00,163.7100067138672,172.3800048828125,153.76499938964844,155.5500030517578,1277,0.0,0.0
2023-02-02 00:00:00-05:00,163.1999969482422,163.1999969482422,155.5500030517578,156.8249969482422,1230,0.0,0.0
2023-02-03 00:00:00-05:00,160.13999938964844,173.39999389648438,155.80499267578125,170.59500122070312,1665,0.0,0.0
2023-02-06 00:00:00-05:00,178.5,183.60000610351562,165.75,170.59500122070312,1873,0.0,0.0
2023-02-07 00:00:00-05:00,175.9499969482422,175.9499969482422,160.64999389648438,170.85000610351562,950,0.0,0.0
2023-02-08 00:00:00-05:00,168.0449981689453,170.85000610351562,163.4550018310547,164.47500610351562,580,0.0,0.0
2023-02-09 00:00:00-05:00,163.1999969482422,164.47500610351562,142.8000030517578,150.9600067138672,1831,0.0,0.0
2023-02-10 00:00:00-05:00,146.3699951171875,150.9600067138672,131.3249969482422,138.97500610351562,1629,0.0,0.0
2023-02-13 00:00:00-05:00,145.35000610351562,145.35000610351562,133.875,140.75999450683594,2238,0.0,0.0
2023-02-14 00:00:00-05:00,144.3300018310547,151.21499633789062,137.6999969482422,147.89999389648438,1529,0.0,0.0
2023-02-15 00:00:00-05:00,151.21499633789062,151.72500610351562,143.05499267578125,146.11500549316406,671,0.0,0.0
2023-02-16 00:00:00-05:00,146.11500549316406,147.89999389648438,140.5050048828125,144.5850067138672,259,0.0,0.0
2023-02-17 00:00:00-05:00,147.64500427246094,147.64500427246094,134.1300048828125,139.9949951171875,586,0.0,0.0
2023-02-21 00:00:00-05:00,138.97500610351562,140.25,128.00999450683594,129.5399932861328,695,0.0,0.0
2023-02-22 00:00:00-05:00,113.98500061035156,125.20500183105469,97.91999816894531,107.61000061035156,4838,0.0,0.0
2023-02-23 00:00:00-05:00,95.54000091552734,104.20999908447266,84.83000183105469,87.46499633789062,8294,0.0,0.06666666666666667
2023-02-24 00:00:00-05:00,87.37999725341797,87.37999725341797,82.44999694824219,83.47000122070312,1647,0.0,0.0
2023-02-27 00:00:00-05:00,84.1500015258789,97.75,84.1500015258789,89.76000213623047,12888,0.0,0.0
2023-02-28 00:00:00-05:00,89.08000183105469,97.03600311279297,88.73999786376953,92.81999969482422,5559,0.0,0.0
2023-03-01 00:00:00-05:00,93.5,94.36699676513672,86.52999877929688,91.62999725341797,2159,0.0,0.0
2023-03-02 00:00:00-05:00,91.29000091552734,103.19000244140625,85.0,86.52999877929688,10653,0.0,0.0
2023-03-03 00:00:00-05:00,87.55000305175781,93.5,86.83599853515625,92.13999938964844,4524,0.0,0.0
2023-03-06 00:00:00-05:00,90.2699966430664,95.28500366210938,87.55000305175781,87.55000305175781,1759,0.0,0.0
2023-03-07 00:00:00-05:00,87.20999908447266,90.77999877929688,84.83000183105469,86.52999877929688,1094,0.0,0.0
2023-03-08 00:00:00-05:00,87.72000122070312,87.72000122070312,83.47000122070312,85.68000030517578,1024,0.0,0.0
2023-03-09 00:00:00-05:00,83.80999755859375,86.03700256347656,78.54000091552734,78.54000091552734,1947,0.0,0.0
2023-03-10 00:00:00-05:00,78.37000274658203,81.94000244140625,71.56999969482422,72.25,1853,0.0,0.0
2023-03-13 00:00:00-04:00,70.37999725341797,71.91000366210938,60.18000030517578,60.349998474121094,2371,0.0,0.0
2023-03-14 00:00:00-04:00,62.560001373291016,68.0,57.79999923706055,65.95999908447266,4553,0.0,0.0
2023-03-15 00:00:00-04:00,63.91999816894531,73.0999984741211,63.91999816894531,72.58999633789062,27594,0.0,0.0
2023-03-16 00:00:00-04:00,69.69999694824219,71.4000015258789,61.880001068115234,65.95999908447266,17459,0.0,0.0
2023-03-17 00:00:00-04:00,64.5999984741211,64.5999984741211,49.29999923706055,49.29999923706055,11706,0.0,0.0
2023-03-20 00:00:00-04:00,49.810001373291016,50.676998138427734,43.26499938964844,43.86000061035156,5159,0.0,0.0
2023-03-21 00:00:00-04:00,44.029998779296875,46.75,42.5,46.58000183105469,11365,0.0,0.0
2023-03-22 00:00:00-04:00,45.560001373291016,45.900001525878906,43.0099983215332,45.72999954223633,2329,0.0,0.0
2023-03-23 00:00:00-04:00,44.369998931884766,45.900001525878906,43.86000061035156,44.029998779296875,1300,0.0,0.0
2023-03-24 00:00:00-04:00,43.349998474121094,45.23699951171875,43.349998474121094,44.880001068115234,894,0.0,0.0
2023-03-27 00:00:00-04:00,44.709999084472656,47.85499954223633,44.709999084472656,46.75,2341,0.0,0.0
2023-03-28 00:00:00-04:00,46.06999969482422,47.43000030517578,46.06999969482422,46.75,859,0.0,0.0
2023-03-29 00:00:00-04:00,47.2599983215332,50.150001525878906,46.91999816894531,49.97999954223633,1506,0.0,0.0
2023-03-30 00:00:00-04:00,50.83000183105469,50.88100051879883,47.599998474121094,48.959999084472656,1553,0.0,0.0
2023-03-31 00:00:00-04:00,50.65999984741211,52.02000045776367,46.58000183105469,51.16999816894531,2441,0.0,0.0
2023-04-03 00:00:00-04:00,49.29999923706055,50.83000183105469,44.709999084472656,44.709999084472656,1535,0.0,0.0
2023-04-04 00:00:00-04:00,49.7760009765625,49.7760009765625,45.04999923706055,45.04999923706055,971,0.0,0.0
2023-04-05 00:00:00-04:00,48.279998779296875,48.279998779296875,43.52000045776367,45.38999938964844,1271,0.0,0.0
2023-04-06 00:00:00-04:00,45.04999923706055,47.43000030517578,44.590999603271484,46.58000183105469,329,0.0,0.0
2023-04-10 00:00:00-04:00,45.50899887084961,48.279998779296875,45.220001220703125,46.91999816894531,541,0.0,0.0
2023-04-11 00:00:00-04:00,47.77000045776367,48.959999084472656,45.900001525878906,45.900001525878906,1094,0.0,0.0
2023-04-12 00:00:00-04:00,47.17499923706055,47.599998474121094,46.08700180053711,46.40999984741211,488,0.0,0.0
2023-04-13 00:00:00-04:00,46.06999969482422,57.79999923706055,46.06999969482422,56.27000045776367,12235,0.0,0.0
2023-04-14 00:00:00-04:00,56.099998474121094,66.30000305175781,50.83000183105469,50.83000183105469,35771,0.0,0.0
2023-04-17 00:00:00-04:00,50.83000183105469,63.58000183105469,50.150001525878906,57.119998931884766,15371,0.0,0.0
2023-04-18 00:00:00-04:00,57.290000915527344,83.65699768066406,57.119998931884766,74.54499816894531,109288,0.0,0.0
2023-04-19 00:00:00-04:00,77.69000244140625,79.55999755859375,68.8499984741211,74.62999725341797,14453,0.0,0.0
2023-04-20 00:00:00-04:00,71.56999969482422,74.45999908447266,69.69999694824219,74.12000274658203,1735,0.0,0.0
2023-04-21 00:00:00-04:00,71.91000366210938,72.93000030517578,56.27000045776367,58.9900016784668,6435,0.0,0.0
2023-04-24 00:00:00-04:00,58.9900016784668,63.75,57.290000915527344,57.79999923706055,1376,0.0,0.0
2023-04-25 00:00:00-04:00,55.41999816894531,57.459999084472656,51.0,51.68000030517578,1035,0.0,0.0
2023-04-26 00:00:00-04:00,53.380001068115234,54.060001373291016,49.130001068115234,49.97999954223633,2153,0.0,0.0
2023-04-27 00:00:00-04:00,49.63999938964844,54.1619987487793,49.63999938964844,50.83000183105469,1129,0.0,0.0
2023-04-28 00:00:00-04:00,52.36000061035156,53.974998474121094,52.36000061035156,52.70000076293945,300,0.0,0.0
2023-05-01 00:00:00-04:00,54.060001373291016,54.060001373291016,51.16999816894531,51.5099983215332,229,0.0,0.0
2023-05-02 00:00:00-04:00,55.08000183105469,62.04999923706055,51.5099983215332,60.52000045776367,3588,0.0,0.0
2023-05-03 00:00:00-04:00,60.349998474121094,65.90899658203125,57.79999923706055,60.689998626708984,4576,0.0,0.0
2023-05-04 00:00:00-04:00,61.709999084472656,74.29000091552734,55.59000015258789,65.95999908447266,12718,0.0,0.0
2023-05-05 00:00:00-04:00,65.95999908447266,70.37999725341797,62.04999923706055,65.95999908447266,1982,0.0,0.0
2023-05-08 00:00:00-04:00,68.51000213623047,68.51000213623047,60.689998626708984,64.7699966430664,1871,0.0,0.0
2023-05-09 00:00:00-04:00,68.68000030517578,68.8499984741211,66.30000305175781,68.0,2035,0.0,0.0
2023-05-10 00:00:00-04:00,71.4000015258789,71.4000015258789,63.59700012207031,65.44999694824219,1018,0.0,0.0
2023-05-11 00:00:00-04:00,69.52999877929688,80.41000366210938,65.53500366210938,71.05999755859375,5641,0.0,0.0
2023-05-12 00:00:00-04:00,69.52999877929688,70.72000122070312,66.30000305175781,67.31999969482422,2353,0.0,0.0
2023-05-15 00:00:00-04:00,67.31999969482422,70.55000305175781,67.31999969482422,67.83000183105469,576,0.0,0.0
2023-05-16 00:00:00-04:00,70.55000305175781,70.55000305175781,64.94000244140625,67.40499877929688,1147,0.0,0.0
2023-05-17 00:00:00-04:00,69.19000244140625,71.05999755859375,67.83000183105469,69.0199966430664,1559,0.0,0.0
2023-05-18 00:00:00-04:00,71.05999755859375,72.25,68.33999633789062,69.87000274658203,1771,0.0,0.0
2023-05-19 00:00:00-04:00,73.0999984741211,73.2699966430664,68.68000030517578,68.8499984741211,1406,0.0,0.0
2023-05-22 00:00:00-04:00,72.76000213623047,84.1500015258789,69.87000274658203,79.7300033569336,20735,0.0,0.0
2023-05-23 00:00:00-04:00,84.1500015258789,84.1500015258789,70.20999908447266,74.45999908447266,4588,0.0,0.0
2023-05-24 00:00:00-04:00,76.33000183105469,76.41500091552734,70.88999938964844,75.6500015258789,1476,0.0,0.0
2023-05-25 00:00:00-04:00,78.54000091552734,88.4000015258789,73.61000061035156,79.55999755859375,23959,0.0,0.0
2023-05-26 00:00:00-04:00,76.83999633789062,76.83999633789062,68.0,72.76000213623047,3653,0.0,0.0
2023-05-30 00:00:00-04:00,75.6500015258789,75.6500015258789,72.76000213623047,73.0999984741211,1700,0.0,0.0
2023-05-31 00:00:00-04:00,73.44000244140625,79.05000305175781,70.92400360107422,76.83999633789062,3041,0.0,0.0
2023-06-01 00:00:00-04:00,75.98999786376953,79.55999755859375,75.30999755859375,76.83999633789062,2318,0.0,0.0
2023-06-02 00:00:00-04:00,77.3499984741211,78.87999725341797,76.16000366210938,77.18000030517578,882,0.0,0.0
2023-06-05 00:00:00-04:00,78.02999877929688,79.55999755859375,76.83999633789062,78.37000274658203,853,0.0,0.0
2023-06-06 00:00:00-04:00,78.37000274658203,78.37000274658203,74.29000091552734,74.29000091552734,2012,0.0,0.0
2023-06-07 00:00:00-04:00,75.81999969482422,75.81999969482422,72.25,75.6500015258789,1294,0.0,0.0
2023-06-08 00:00:00-04:00,75.81999969482422,79.05000305175781,72.93000030517578,78.37000274658203,1006,0.0,0.0
2023-06-09 00:00:00-04:00,79.38999938964844,79.38999938964844,76.5,76.5,647,0.0,0.0
2023-06-12 00:00:00-04:00,74.80000305175781,75.30999755859375,73.06600189208984,74.03500366210938,606,0.0,0.0
2023-06-13 00:00:00-04:00,73.94999694824219,78.02999877929688,73.0999984741211,77.5199966430664,2153,0.0,0.0
2023-06-14 00:00:00-04:00,78.19999694824219,83.30000305175781,77.86000061035156,80.88600158691406,2612,0.0,0.0
2023-06-15 00:00:00-04:00,85.0,85.0,76.83999633789062,77.3499984741211,1100,0.0,0.0
2023-06-16 00:00:00-04:00,78.37000274658203,81.08999633789062,75.4800033569336,77.3499984741211,1776,0.0,0.0
2023-06-20 00:00:00-04:00,77.5199966430664,79.38999938964844,75.30999755859375,77.01000213623047,965,0.0,0.0
2023-06-21 00:00:00-04:00,79.05000305175781,79.9000015258789,75.30999755859375,77.3499984741211,3194,0.0,0.0
2023-06-22 00:00:00-04:00,80.75,85.0,78.19999694824219,80.41000366210938,6241,0.0,0.0
2023-06-23 00:00:00-04:00,82.07599639892578,82.07599639892578,78.19999694824219,80.41000366210938,900,0.0,0.0
2023-06-26 00:00:00-04:00,84.48999786376953,84.48999786376953,78.19999694824219,78.37000274658203,2759,0.0,0.0
2023-06-27 00:00:00-04:00,78.54000091552734,81.26000213623047,78.19999694824219,78.70999908447266,524,0.0,0.0
2023-06-28 00:00:00-04:00,79.7300033569336,80.58000183105469,79.38999938964844,79.38999938964844,559,0.0,0.0
2023-06-29 00:00:00-04:00,79.38999938964844,80.91999816894531,78.02999877929688,79.38999938964844,629,0.0,0.0
2023-06-30 00:00:00-04:00,79.38999938964844,83.4530029296875,78.19999694824219,80.06999969482422,2088,0.0,0.0
2023-07-03 00:00:00-04:00,84.48999786376953,84.48999786376953,79.05000305175781,80.91999816894531,924,0.0,0.0
2023-07-05 00:00:00-04:00,81.5999984741211,82.79000091552734,79.22000122070312,79.5260009765625,541,0.0,0.0
2023-07-06 00:00:00-04:00,82.11000061035156,82.11000061035156,77.3499984741211,78.87999725341797,1218,0.0,0.0
2023-07-07 00:00:00-04:00,80.75,86.19000244140625,79.55999755859375,82.79000091552734,3912,0.0,0.0
2023-07-10 00:00:00-04:00,80.23999786376953,83.63999938964844,80.06999969482422,81.43000030517578,1212,0.0,0.0
2023-07-11 00:00:00-04:00,80.58000183105469,82.27999877929688,79.55999755859375,80.23999786376953,1541,0.0,0.0
2023-07-12 00:00:00-04:00,81.5999984741211,81.5999984741211,75.30999755859375,75.30999755859375,2341,0.0,0.0
2023-07-13 00:00:00-04:00,78.54000091552734,79.05000305175781,74.80000305175781,76.33000183105469,541,0.0,0.0
2023-07-14 00:00:00-04:00,76.33000183105469,79.22000122070312,69.87000274658203,73.94999694824219,2471,0.0,0.0
2023-07-17 00:00:00-04:00,74.80000305175781,74.80000305175781,71.4000015258789,72.41999816894531,565,0.0,0.0
2023-07-18 00:00:00-04:00,71.36599731445312,73.94999694824219,70.20999908447266,70.20999908447266,1165,0.0,0.0
2023-07-19 00:00:00-04:00,71.56999969482422,74.25599670410156,68.8499984741211,71.05999755859375,1212,0.0,0.0
2023-07-20 00:00:00-04:00,72.25,72.53900146484375,68.16999816894531,68.66300201416016,1000,0.0,0.0
2023-07-21 00:00:00-04:00,70.20999908447266,70.55000305175781,68.9520034790039,70.37999725341797,312,0.0,0.0
2023-07-24 00:00:00-04:00,69.52999877929688,69.52999877929688,61.880001068115234,63.154998779296875,1582,0.0,0.0
2023-07-25 00:00:00-04:00,63.75,68.33999633789062,61.20000076293945,61.880001068115234,918,0.0,0.0
2023-07-26 00:00:00-04:00,61.20000076293945,62.474998474121094,60.86000061035156,60.928001403808594,588,0.0,0.0
2023-07-27 00:00:00-04:00,63.58000183105469,63.733001708984375,57.630001068115234,58.47999954223633,518,0.0,0.0
2023-07-28 00:00:00-04:00,57.459999084472656,59.66999816894531,55.59000015258789,55.59000015258789,776,0.0,0.0
2023-07-31 00:00:00-04:00,56.61000061035156,59.33000183105469,55.606998443603516,56.099998474121094,647,0.0,0.0
2023-08-01 00:00:00-04:00,56.27000045776367,56.27000045776367,53.54999923706055,55.25,1547,0.0,0.0
2023-08-02 00:00:00-04:00,51.849998474121094,55.36899948120117,51.849998474121094,52.869998931884766,659,0.0,0.0
2023-08-03 00:00:00-04:00,52.70000076293945,55.18199920654297,52.70000076293945,54.56999969482422,1041,0.0,0.0
2023-08-04 00:00:00-04:00,55.7599983215332,58.9900016784668,54.400001525878906,54.7400016784668,3335,0.0,0.0
2023-08-07 00:00:00-04:00,54.400001525878906,55.25,52.70000076293945,53.974998474121094,441,0.0,0.0
2023-08-08 00:00:00-04:00,53.78799819946289,55.7599983215332,52.70000076293945,55.7599983215332,494,0.0,0.0
2023-08-09 00:00:00-04:00,55.25,55.25,52.70000076293945,54.56999969482422,665,0.0,0.0
2023-08-10 00:00:00-04:00,54.400001525878906,54.400001525878906,46.75,47.2599983215332,682,0.0,0.0
2023-08-11 00:00:00-04:00,49.97999954223633,50.65999984741211,49.29999923706055,49.97999954223633,359,0.0,0.0
2023-08-14 00:00:00-04:00,50.150001525878906,50.150001525878906,46.75,46.91999816894531,1294,0.0,0.0
2023-08-15 00:00:00-04:00,47.939998626708984,48.45000076293945,46.75,47.20899963378906,506,0.0,0.0
2023-08-16 00:00:00-04:00,47.77000045776367,47.77000045776367,44.20000076293945,44.20000076293945,676,0.0,0.0
2023-08-17 00:00:00-04:00,44.709999084472656,44.709999084472656,42.84000015258789,44.20000076293945,576,0.0,0.0
2023-08-18 00:00:00-04:00,43.0099983215332,45.04999923706055,42.5,42.84000015258789,2847,0.0,0.0
2023-08-21 00:00:00-04:00,43.0099983215332,44.540000915527344,38.93000030517578,41.650001525878906,3700,0.0,0.0
2023-08-22 00:00:00-04:00,40.459999084472656,41.310001373291016,36.54999923706055,36.54999923706055,1647,0.0,0.0
2023-08-23 00:00:00-04:00,36.720001220703125,36.720001220703125,34.0,34.849998474121094,1306,0.0,0.0
2023-08-24 00:00:00-04:00,34.849998474121094,35.36000061035156,34.849998474121094,35.05400085449219,124,0.0,0.0
2023-08-25 00:00:00-04:00,43.18000030517578,43.18000030517578,35.02000045776367,36.720001220703125,324,0.0,0.0
2023-08-28 00:00:00-04:00,37.56999969482422,37.56999969482422,36.720001220703125,36.720001220703125,194,0.0,0.0
2023-08-29 00:00:00-04:00,35.529998779296875,37.90999984741211,35.02000045776367,36.54999923706055,376,0.0,0.0
2023-08-30 00:00:00-04:00,36.54999923706055,39.099998474121094,36.54999923706055,37.56999969482422,771,0.0,0.0
2023-08-31 00:00:00-04:00,36.720001220703125,42.22800064086914,36.720001220703125,39.779998779296875,2624,0.0,0.0
2023-09-01 00:00:00-04:00,42.15999984741211,75.81999969482422,38.7599983215332,51.16999816894531,100100,0.0,0.0
2023-09-05 00:00:00-04:00,46.06999969482422,51.849998474121094,43.65599822998047,46.06999969482422,8465,0.0,0.0
2023-09-06 00:00:00-04:00,45.220001220703125,45.220001220703125,40.119998931884766,41.13999938964844,2182,0.0,0.0
2023-09-07 00:00:00-04:00,40.119998931884766,45.38999938964844,39.95000076293945,44.20000076293945,2824,0.0,0.0
2023-09-08 00:00:00-04:00,45.560001373291016,47.2599983215332,42.33000183105469,46.2400016784668,1700,0.0,0.0
2023-09-11 00:00:00-04:00,45.560001373291016,45.62799835205078,39.95000076293945,40.970001220703125,4318,0.0,0.0
2023-09-12 00:00:00-04:00,45.220001220703125,45.38999938964844,40.290000915527344,42.5,3700,0.0,0.0
2023-09-13 00:00:00-04:00,45.04999923706055,49.130001068115234,43.52000045776367,43.86000061035156,3724,0.0,0.0
2023-09-14 00:00:00-04:00,45.220001220703125,48.790000915527344,42.33000183105469,42.84000015258789,12847,0.0,0.0
2023-09-15 00:00:00-04:00,41.81999969482422,44.20000076293945,39.95000076293945,41.13999938964844,9376,0.0,0.0
2023-09-18 00:00:00-04:00,41.81999969482422,41.81999969482422,40.290000915527344,41.13999938964844,312,0.0,0.0
2023-09-19 00:00:00-04:00,40.91899871826172,41.9900016784668,40.79999923706055,41.9900016784668,276,0.0,0.0
2023-09-20 00:00:00-04:00,40.119998931884766,41.972999572753906,40.119998931884766,41.310001373291016,306,0.0,0.0
2023-09-21 00:00:00-04:00,40.970001220703125,42.5,40.970001220703125,41.9900016784668,353,0.0,0.0
2023-09-22 00:00:00-04:00,42.5,43.46900177001953,40.119998931884766,42.5,582,0.0,0.0
2023-09-25 00:00:00-04:00,43.349998474121094,44.20000076293945,41.310001373291016,43.0099983215332,724,0.0,0.0
2023-09-26 00:00:00-04:00,41.13999938964844,44.08100128173828,41.13999938964844,42.38100051879883,247,0.0,0.0
2023-09-27 00:00:00-04:00,42.15999984741211,42.15999984741211,40.290000915527344,40.290000915527344,247,0.0,0.0
2023-09-28 00:00:00-04:00,42.15999984741211,42.65299987792969,41.310001373291016,42.44900131225586,124,0.0,0.0
2023-09-29 00:00:00-04:00,42.39799880981445,42.5,41.13999938964844,42.33000183105469,282,0.0,0.0
2023-10-02 00:00:00-04:00,41.13999938964844,42.5,40.10300064086914,41.13999938964844,441,0.0,0.0
2023-10-03 00:00:00-04:00,41.13999938964844,42.194000244140625,39.95000076293945,39.95000076293945,124,0.0,0.0
2023-10-04 00:00:00-04:00,41.47999954223633,41.47999954223633,38.25,40.119998931884766,229,0.0,0.0
2023-10-05 00:00:00-04:00,38.7599983215332,41.47999954223633,38.7599983215332,39.61000061035156,659,0.0,0.0
2023-10-06 00:00:00-04:00,39.30400085449219,40.57899856567383,39.099998474121094,39.099998474121094,347,0.0,0.0
2023-10-09 00:00:00-04:00,43.689998626708984,43.689998626708984,38.25,38.59000015258789,800,0.0,0.0
2023-10-10 00:00:00-04:00,39.099998474121094,41.25899887084961,36.88999938964844,38.41999816894531,647,0.0,0.0
2023-10-11 00:00:00-04:00,38.266998291015625,38.38600158691406,36.380001068115234,36.380001068115234,565,0.0,0.0
2023-10-12 00:00:00-04:00,36.209999084472656,37.654998779296875,35.529998779296875,37.400001525878906,394,0.0,0.0
2023-10-13 00:00:00-04:00,37.400001525878906,38.25,34.16999816894531,35.70000076293945,1206,0.0,0.0
2023-10-16 00:00:00-04:00,35.869998931884766,36.720001220703125,35.70000076293945,35.869998931884766,147,0.0,0.0
2023-10-17 00:00:00-04:00,36.46500015258789,38.08000183105469,34.849998474121094,34.849998474121094,435,0.0,0.0
2023-10-18 00:00:00-04:00,35.189998626708984,38.59000015258789,34.0,35.189998626708984,782,0.0,0.0
2023-10-19 00:00:00-04:00,34.11899948120117,35.189998626708984,32.29999923706055,33.4900016784668,824,0.0,0.0
2023-10-20 00:00:00-04:00,33.31999969482422,34.696998596191406,29.75,32.3849983215332,641,0.0,0.0
2023-10-23 00:00:00-04:00,32.29999923706055,32.810001373291016,29.40999984741211,29.40999984741211,535,0.0,0.0
2023-10-24 00:00:00-04:00,31.110000610351562,31.110000610351562,21.93000030517578,25.670000076293945,1447,0.0,0.0
2023-10-25 00:00:00-04:00,25.5,25.584999084472656,24.905000686645508,25.5,165,0.0,0.0
2023-10-26 00:00:00-04:00,24.479999542236328,27.200000762939453,24.479999542236328,24.81999969482422,347,0.0,0.0
2023-10-27 00:00:00-04:00,27.200000762939453,28.899999618530273,26.520000457763672,26.520000457763672,676,0.0,0.0
2023-10-30 00:00:00-04:00,28.389999389648438,28.389999389648438,26.53700065612793,28.219999313354492,159,0.0,0.0
2023-10-31 00:00:00-04:00,29.579999923706055,29.75,27.8799991607666,28.219999313354492,253,0.0,0.0
2023-11-01 00:00:00-04:00,27.200000762939453,28.899999618530273,25.15999984741211,25.15999984741211,235,0.0,0.0
2023-11-02 00:00:00-04:00,25.15999984741211,28.832000732421875,25.15999984741211,27.030000686645508,324,0.0,0.0
2023-11-03 00:00:00-04:00,28.049999237060547,29.579999923706055,27.200000762939453,28.389999389648438,459,0.0,0.0
2023-11-06 00:00:00-05:00,26.690000534057617,28.049999237060547,26.010000228881836,27.3700008392334,353,0.0,0.0
2023-11-07 00:00:00-05:00,26.520000457763672,26.92799949645996,24.989999771118164,25.15999984741211,488,0.0,0.0
2023-11-08 00:00:00-05:00,26.18000030517578,26.350000381469727,23.6299991607666,23.969999313354492,400,0.0,0.0
2023-11-09 00:00:00-05:00,23.6299991607666,25.5,23.6299991607666,24.989999771118164,235,0.0,0.0
2023-11-10 00:00:00-05:00,25.5,25.5,17.0,19.889999389648438,2559,0.0,0.0
2023-11-13 00:00:00-05:00,18.020000457763672,19.889999389648438,17.0,18.190000534057617,806,0.0,0.0
2023-11-14 00:00:00-05:00,18.190000534057617,19.635000228881836,17.374000549316406,18.8700008392334,735,0.0,0.0
2023-11-15 00:00:00-05:00,18.190000534057617,19.39699935913086,17.850000381469727,19.3799991607666,718,0.0,0.0
2023-11-16 00:00:00-05:00,20.059999465942383,20.399999618530273,18.530000686645508,18.530000686645508,935,0.0,0.0
2023-11-17 00:00:00-05:00,19.889999389648438,19.889999389648438,18.190000534057617,18.190000534057617,1171,0.0,0.0
2023-11-20 00:00:00-05:00,18.190000534057617,19.34600067138672,15.11299991607666,15.265999794006348,6253,0.0,0.0
2023-11-21 00:00:00-05:00,15.640000343322754,18.530000686645508,13.446999549865723,14.449999809265137,607882,0.0,0.0
2023-11-22 00:00:00-05:00,15.045000076293945,24.139999389648438,14.704999923706055,22.100000381469727,694465,0.0,0.0
2023-11-24 00:00:00-05:00,19.549999237060547,21.760000228881836,18.190000534057617,20.56999969482422,77112,0.0,0.0
2023-11-27 00:00:00-05:00,19.889999389648438,20.229999542236328,15.130000114440918,18.190000534057617,42200,0.0,0.0
2023-11-28 00:00:00-05:00,17.0,18.530000686645508,14.789999961853027,17.0,27229,0.0,0.0
2023-11-29 00:00:00-05:00,16.65999984741211,17.34000015258789,15.300000190734863,15.979999542236328,18265,0.0,0.0
2023-11-30 00:00:00-05:00,15.979999542236328,17.0,14.109999656677246,14.484000205993652,20018,0.0,0.0
2023-12-01 00:00:00-05:00,13.600000381469727,14.364999771118164,10.302000045776367,11.270999908447266,37406,0.0,0.0
2023-12-04 00:00:00-05:00,11.237000465393066,12.053000450134277,11.220000267028809,11.696000099182129,6606,0.0,0.0
2023-12-05 00:00:00-05:00,11.713000297546387,13.583000183105469,11.406999588012695,13.413000106811523,17629,0.0,0.0
2023-12-06 00:00:00-05:00,13.600000381469727,19.3799991607666,12.85200023651123,12.937000274658203,204559,0.0,0.0
2023-12-07 00:00:00-05:00,12.477999687194824,13.600000381469727,11.57699966430664,12.869000434875488,26506,0.0,0.0
2023-12-08 00:00:00-05:00,11.593999862670898,12.902999877929688,11.57699966430664,12.40999984741211,13365,0.0,0.0
2023-12-11 00:00:00-05:00,12.17199993133545,12.359000205993652,11.10099983215332,11.10099983215332,10047,0.0,0.0
2023-12-12 00:00:00-05:00,11.185999870300293,11.781000137329102,10.880000114440918,11.220000267028809,5541,0.0,0.0
2023-12-13 00:00:00-05:00,12.239999771118164,12.256999969482422,10.369999885559082,10.710000038146973,7806,0.0,0.0
2023-12-14 00:00:00-05:00,10.404000282287598,11.220000267028809,10.369999885559082,11.050000190734863,7929,0.0,0.0
2023-12-15 00:00:00-05:00,11.220000267028809,11.220000267028809,10.625,10.897000312805176,3324,0.0,0.0
2023-12-18 00:00:00-05:00,11.729999542236328,11.729999542236328,10.029999732971191,10.642000198364258,8788,0.0,0.0
2023-12-19 00:00:00-05:00,10.420999526977539,10.710000038146973,10.029999732971191,10.029999732971191,8682,0.0,0.0
2023-12-20 00:00:00-05:00,8.194000244140625,9.520000457763672,8.074999809265137,8.687000274658203,20400,0.0,0.0
2023-12-21 00:00:00-05:00,7.820000171661377,8.687000274658203,7.480000019073486,7.666999816894531,21859,0.0,0.0
2023-12-22 00:00:00-05:00,7.650000095367432,8.84000015258789,7.224999904632568,7.7179999351501465,9835,0.0,0.0
2023-12-26 00:00:00-05:00,7.989999771118164,8.295999526977539,7.480000019073486,7.989999771118164,8424,0.0,0.0
2023-12-27 00:00:00-05:00,7.989999771118164,9.979000091552734,7.888000011444092,8.805999755859375,77412,0.0,0.0
2023-12-28 00:00:00-05:00,8.755000114440918,9.859999656677246,8.329999923706055,8.465999603271484,18171,0.0,0.0
2023-12-29 00:00:00-05:00,9.095000267028809,10.114999771118164,8.5,9.128999710083008,34882,0.0,0.0
2024-01-02 00:00:00-05:00,8.84000015258789,9.6899995803833,8.755000114440918,9.07800006866455,8618,0.0,0.0
2024-01-03 00:00:00-05:00,9.180000305175781,9.656000137329102,9.07800006866455,9.468999862670898,3888,0.0,0.0
2024-01-04 00:00:00-05:00,9.315999984741211,9.520000457763672,8.670000076293945,9.163000106811523,6876,0.0,0.0
2024-01-05 00:00:00-05:00,8.84000015258789,9.520000457763672,8.805999755859375,9.4350004196167,1447,0.0,0.0
2024-01-08 00:00:00-05:00,9.520000457763672,9.520000457763672,8.87399959564209,9.366999626159668,2576,0.0,0.0
2024-01-09 00:00:00-05:00,9.520000457763672,10.199999809265137,9.503000259399414,9.741000175476074,3924,0.0,0.0
2024-01-10 00:00:00-05:00,9.468999862670898,9.571000099182129,8.687000274658203,9.095000267028809,3135,0.0,0.0
2024-01-11 00:00:00-05:00,9.350000381469727,9.350000381469727,8.329999923706055,8.60200023651123,3335,0.0,0.0
2024-01-12 00:00:00-05:00,8.890999794006348,8.958999633789062,8.194000244140625,8.295999526977539,6735,0.0,0.0
2024-01-16 00:00:00-05:00,8.5,8.670000076293945,8.211000442504883,8.5,6788,0.0,0.0
2024-01-17 00:00:00-05:00,8.534000396728516,8.670000076293945,8.414999961853027,8.414999961853027,2135,0.0,0.0
2024-01-18 00:00:00-05:00,8.5,8.670000076293945,7.632999897003174,7.632999897003174,1565,0.0,0.0
2024-01-19 00:00:00-05:00,8.15999984741211,8.5,7.666999816894531,8.211000442504883,1388,0.0,0.0
2024-01-22 00:00:00-05:00,8.5,8.5,7.820000171661377,7.836999893188477,1282,0.0,0.0
2024-01-23 00:00:00-05:00,8.279000282287598,8.295999526977539,7.9730000495910645,8.244999885559082,3624,0.0,0.0
2024-01-24 00:00:00-05:00,8.15999984741211,8.244999885559082,7.9730000495910645,8.041000366210938,1335,0.0,0.0
2024-01-25 00:00:00-05:00,8.279000282287598,8.414999961853027,7.870999813079834,8.227999687194824,2265,0.0,0.0
2024-01-26 00:00:00-05:00,7.989999771118164,8.652999877929688,7.989999771118164,8.380999565124512,3306,0.0,0.0
2024-01-29 00:00:00-05:00,8.5,8.5,7.989999771118164,8.312999725341797,1900,0.0,0.0
2024-01-30 00:00:00-05:00,8.041000366210938,8.414999961853027,7.650000095367432,7.650000095367432,8518,0.0,0.0
2024-01-31 00:00:00-05:00,7.650000095367432,8.041000366210938,7.1570000648498535,7.666999816894531,3865,0.0,0.0
2024-02-01 00:00:00-05:00,7.820000171661377,7.989999771118164,7.276000022888184,7.650000095367432,2376,0.0,0.0
2024-02-02 00:00:00-05:00,7.735000133514404,7.989999771118164,7.1570000648498535,7.650000095367432,3006,0.0,0.0
2024-02-05 00:00:00-05:00,7.802999973297119,7.802999973297119,7.480000019073486,7.769000053405762,1053,0.0,0.0
2024-02-06 00:00:00-05:00,8.02400016784668,8.02400016784668,7.531000137329102,7.836999893188477,1347,0.0,0.0
2024-02-07 00:00:00-05:00,7.955999851226807,8.312999725341797,7.531000137329102,8.092000007629395,1965,0.0,0.0
2024-02-08 00:00:00-05:00,8.074999809265137,8.26200008392334,7.650000095367432,8.15999984741211,2912,0.0,0.0
2024-02-09 00:00:00-05:00,8.414999961853027,8.414999961853027,7.820000171661377,8.329999923706055,1418,0.0,0.0
2024-02-12 00:00:00-05:00,7.820000171661377,8.329999923706055,7.820000171661377,7.90500020980835,2206,0.0,0.0
2024-02-13 00:00:00-05:00,8.244999885559082,8.312999725341797,7.565000057220459,7.565000057220459,3665,0.0,0.0
2024-02-14 00:00:00-05:00,7.989999771118164,7.989999771118164,7.531000137329102,7.820000171661377,3659,0.0,0.0
2024-02-15 00:00:00-05:00,8.211000442504883,8.211000442504883,7.632999897003174,7.888000011444092,3229,0.0,0.0
2024-02-16 00:00:00-05:00,7.939000129699707,8.97599983215332,7.394999980926514,8.805999755859375,11806,0.0,0.0
2024-02-20 00:00:00-05:00,8.670000076293945,8.805999755859375,7.90500020980835,8.074999809265137,6206,0.0,0.0
2024-02-21 00:00:00-05:00,8.074999809265137,8.279000282287598,7.735000133514404,7.820000171661377,1741,0.0,0.0
2024-02-22 00:00:00-05:00,8.329999923706055,8.329999923706055,7.769000053405762,7.820000171661377,1559,0.0,0.0
2024-02-23 00:00:00-05:00,8.312999725341797,8.670000076293945,7.701000213623047,8.295999526977539,4159,0.0,0.0
2024-02-26 00:00:00-05:00,8.482999801635742,8.482999801635742,7.650000095367432,7.820000171661377,3024,0.0,0.0
2024-02-27 00:00:00-05:00,8.329999923706055,9.350000381469727,7.989999771118164,8.517000198364258,14641,0.0,0.0
2024-02-28 00:00:00-05:00,8.670000076293945,8.755000114440918,7.666999816894531,7.684000015258789,10300,0.0,0.0
2024-02-29 00:00:00-05:00,8.15999984741211,8.244999885559082,7.684000015258789,7.90500020980835,6176,0.0,0.0
2024-03-01 00:00:00-05:00,8.15999984741211,10.880000114440918,7.820000171661377,8.805999755859375,60035,0.0,0.0
2024-03-04 00:00:00-05:00,9.996000289916992,13.600000381469727,9.230999946594238,9.503000259399414,176376,0.0,0.0
2024-03-05 00:00:00-05:00,9.843000411987305,10.199999809265137,8.142999649047852,8.60200023651123,34059,0.0,0.0
2024-03-06 00:00:00-05:00,8.36400032043457,8.993000030517578,5.610000133514404,7.480000019073486,48029,0.0,0.0
2024-03-07 00:00:00-05:00,7.480000019073486,7.565000057220459,6.545000076293945,6.800000190734863,6418,0.0,0.0
2024-03-08 00:00:00-05:00,6.664000034332275,7.139999866485596,5.9670000076293945,6.7829999923706055,9524,0.0,0.0
2024-03-11 00:00:00-04:00,7.242000102996826,7.242000102996826,6.119999885559082,6.545000076293945,7288,0.0,0.0
2024-03-12 00:00:00-04:00,6.578999996185303,6.630000114440918,6.238999843597412,6.5960001945495605,3159,0.0,0.0
2024-03-13 00:00:00-04:00,6.5960001945495605,6.715000152587891,6.119999885559082,6.171000003814697,4041,0.0,0.0
2024-03-14 00:00:00-04:00,6.119999885559082,6.61299991607666,5.9670000076293945,5.9670000076293945,2635,0.0,0.0
2024-03-15 00:00:00-04:00,6.357999801635742,6.408999919891357,5.949999809265137,5.949999809265137,7718,0.0,0.0
2024-03-18 00:00:00-04:00,6.392000198364258,6.630000114440918,6.2220001220703125,6.289999961853027,5029,0.0,0.0
2024-03-19 00:00:00-04:00,6.561999797821045,6.5960001945495605,6.119999885559082,6.13700008392334,1812,0.0,0.0
2024-03-20 00:00:00-04:00,6.4770002365112305,6.664000034332275,6.188000202178955,6.545000076293945,3259,0.0,0.0
2024-03-21 00:00:00-04:00,6.800000190734863,6.800000190734863,6.2220001220703125,6.511000156402588,2282,0.0,0.0
2024-03-22 00:00:00-04:00,6.61299991607666,6.7829999923706055,5.5929999351501465,5.949999809265137,8535,0.0,0.0
2024-03-25 00:00:00-04:00,6.442999839782715,6.442999839782715,5.695000171661377,6.2220001220703125,4294,0.0,0.0
2024-03-26 00:00:00-04:00,5.933000087738037,6.25600004196167,5.915999889373779,6.000999927520752,1982,0.0,0.0
2024-03-27 00:00:00-04:00,6.238999843597412,6.25600004196167,5.440000057220459,5.695000171661377,7147,0.0,0.0
2024-03-28 00:00:00-04:00,5.763000011444092,6.289999961853027,5.610000133514404,5.78000020980835,3359,0.0,0.0
2024-04-01 00:00:00-04:00,5.933000087738037,6.119999885559082,5.610000133514404,5.677999973297119,1976,0.0,0.0
2024-04-02 00:00:00-04:00,5.933000087738037,6.1539998054504395,5.677999973297119,6.068999767303467,3506,0.0,0.0
2024-04-03 00:00:00-04:00,6.01800012588501,6.289999961853027,5.695000171661377,6.289999961853027,326347,0.0,0.0
2024-04-04 00:00:00-04:00,8.482999801635742,9.928000450134277,7.072000026702881,9.010000228881836,2595224,0.0,0.0
2024-04-05 00:00:00-04:00,7.547999858856201,9.774999618530273,7.480000019073486,8.244999885559082,172635,0.0,0.0
2024-04-08 00:00:00-04:00,7.309999942779541,7.989999771118164,6.800000190734863,7.208000183105469,75324,0.0,0.0
2024-04-09 00:00:00-04:00,6.96999979019165,7.531000137329102,6.460000038146973,6.800000190734863,26941,0.0,0.0
2024-04-10 00:00:00-04:00,6.578999996185303,6.697999954223633,5.796999931335449,5.949999809265137,32929,0.0,0.0
2024-04-11 00:00:00-04:00,6.119999885559082,6.2729997634887695,5.473999977111816,5.8480000495910645,16435,0.0,0.0
2024-04-12 00:00:00-04:00,5.610000133514404,6.068999767303467,5.269999980926514,5.660999774932861,19924,0.0,0.0
2024-04-15 00:00:00-04:00,5.610000133514404,5.610000133514404,4.267000198364258,4.72599983215332,26335,0.0,0.0
2024-04-16 00:00:00-04:00,4.590000152587891,5.78000020980835,4.420000076293945,5.269999980926514,15412,0.0,0.0
2024-04-17 00:00:00-04:00,5.440000057220459,5.491000175476074,4.675000190734863,5.252999782562256,10853,0.0,0.0
2024-04-18 00:00:00-04:00,5.252999782562256,5.252999782562256,4.624000072479248,4.675000190734863,9912,0.0,0.0
2024-04-19 00:00:00-04:00,4.60699987411499,4.980999946594238,4.60699987411499,4.72599983215332,14088,0.0,0.0
2024-04-22 00:00:00-04:00,4.84499979019165,4.947000026702881,4.72599983215332,4.760000228881836,8600,0.0,0.0
2024-04-23 00:00:00-04:00,4.760000228881836,5.099999904632568,4.72599983215332,4.947000026702881,11047,0.0,0.0
2024-04-24 00:00:00-04:00,5.048999786376953,5.440000057220459,4.929999828338623,5.099999904632568,10324,0.0,0.0
2024-04-25 00:00:00-04:00,4.947000026702881,5.099999904632568,4.675000190734863,4.760000228881836,7129,0.0,0.0
2024-04-26 00:00:00-04:00,4.624000072479248,4.84499979019165,4.4710001945495605,4.521999835968018,8359,0.0,0.0
2024-04-29 00:00:00-04:00,5.099999904632568,5.099999904632568,4.3520002365112305,4.72599983215332,13829,0.0,0.0
2024-04-30 00:00:00-04:00,4.760000228881836,4.760000228881836,4.436999797821045,4.675000190734863,6882,0.0,0.0
2024-05-01 00:00:00-04:00,4.624000072479248,4.72599983215332,4.436999797821045,4.675000190734863,6518,0.0,0.0
2024-05-02 00:00:00-04:00,4.675000190734863,4.760000228881836,4.386000156402588,4.420000076293945,8000,0.0,0.0
2024-05-03 00:00:00-04:00,4.420000076293945,4.505000114440918,4.25,4.283999919891357,10476,0.0,0.0
2024-05-06 00:00:00-04:00,4.420000076293945,4.505000114440918,4.25,4.267000198364258,20229,0.0,0.0
2024-05-07 00:00:00-04:00,4.25,4.420000076293945,4.164999961853027,4.216000080108643,6765,0.0,0.0
2024-05-08 00:00:00-04:00,4.36899995803833,4.36899995803833,4.0970001220703125,4.182000160217285,6924,0.0,0.0
2024-05-09 00:00:00-04:00,4.13100004196167,4.25,4.046000003814697,4.25,5000,0.0,0.0
2024-05-10 00:00:00-04:00,4.283999919891357,4.420000076293945,4.164999961853027,4.3520002365112305,5088,0.0,0.0
2024-05-13 00:00:00-04:00,4.539000034332275,4.539000034332275,4.386000156402588,4.420000076293945,6076,0.0,0.0
2024-05-14 00:00:00-04:00,4.436999797821045,4.675000190734863,4.3520002365112305,4.60699987411499,9012,0.0,0.0
2024-05-15 00:00:00-04:00,5.440000057220459,10.029999732971191,4.7769999504089355,6.289999961853027,1583500,0.0,0.0
2024-05-16 00:00:00-04:00,5.933000087738037,5.949999809265137,4.691999912261963,4.929999828338623,174776,0.0,0.0
2024-05-17 00:00:00-04:00,5.218999862670898,5.610000133514404,4.810999870300293,5.321000099182129,87424,0.0,0.0
2024-05-20 00:00:00-04:00,5.269999980926514,5.610000133514404,4.7769999504089355,5.610000133514404,33612,0.0,0.0
2024-05-21 00:00:00-04:00,4.980999946594238,5.218999862670898,4.760000228881836,5.014999866485596,25700,0.0,0.0
2024-05-22 00:00:00-04:00,5.014999866485596,5.014999866485596,4.624000072479248,4.895999908447266,48506,0.0,0.0
2024-05-23 00:00:00-04:00,4.929999828338623,5.014999866485596,4.25,4.572999954223633,31894,0.0,0.0
2024-05-24 00:00:00-04:00,4.48799991607666,4.6579999923706055,4.4710001945495605,4.6579999923706055,11876,0.0,0.0
2024-05-28 00:00:00-04:00,4.60699987411499,4.60699987411499,3.9100000858306885,4.283999919891357,55112,0.0,0.0
2024-05-29 00:00:00-04:00,3.994999885559082,4.164999961853027,3.9609999656677246,4.01200008392334,32376,0.0,0.0
2024-05-30 00:00:00-04:00,4.0970001220703125,4.590000152587891,4.079999923706055,4.386000156402588,37729,0.0,0.0
2024-05-31 00:00:00-04:00,4.556000232696533,5.269999980926514,4.216000080108643,4.60699987411499,76641,0.0,0.0
2024-06-03 00:00:00-04:00,4.590000152587891,4.675000190734863,4.3520002365112305,4.624000072479248,25888,0.0,0.0
2024-06-04 00:00:00-04:00,4.48799991607666,4.60699987411499,4.335000038146973,4.420000076293945,12276,0.0,0.0
2024-06-05 00:00:00-04:00,4.3520002365112305,4.48799991607666,4.267000198364258,4.301000118255615,5324,0.0,0.0
2024-06-06 00:00:00-04:00,4.420000076293945,4.420000076293945,3.994999885559082,4.079999923706055,24476,0.0,0.0
2024-06-07 00:00:00-04:00,4.25,4.4710001945495605,3.994999885559082,4.232999801635742,39924,0.0,0.0
2024-06-10 00:00:00-04:00,4.317999839782715,4.317999839782715,3.8420000076293945,3.944000005722046,31824,0.0,0.0
2024-06-11 00:00:00-04:00,4.063000202178955,4.25,3.825000047683716,3.927000045776367,13759,0.0,0.0
2024-06-12 00:00:00-04:00,3.9609999656677246,4.1479997634887695,3.671999931335449,3.9100000858306885,18988,0.0,0.0
2024-06-13 00:00:00-04:00,3.7909998893737793,3.944000005722046,3.7060000896453857,3.927000045776367,10512,0.0,0.0
2024-06-14 00:00:00-04:00,3.875999927520752,4.079999923706055,3.740000009536743,3.756999969482422,9335,0.0,0.0
2024-06-17 00:00:00-04:00,3.825000047683716,3.994999885559082,3.484999895095825,3.7739999294281006,20388,0.0,0.0
2024-06-18 00:00:00-04:00,11.032999992370605,18.530000686645508,6.646999835968018,6.646999835968018,23226382,0.0,0.0
2024-06-20 00:00:00-04:00,8.925000190734863,11.866000175476074,8.177000045776367,10.267999649047852,8198759,0.0,0.0
2024-06-21 00:00:00-04:00,8.36400032043457,8.97599983215332,7.224999904632568,7.90500020980835,584506,0.0,0.0
2024-06-24 00:00:00-04:00,8.211000442504883,9.6899995803833,7.309999942779541,7.650000095367432,822988,0.0,0.0
2024-06-25 00:00:00-04:00,7.089000225067139,7.480000019073486,5.9670000076293945,6.749000072479248,279247,0.0,0.0
2024-06-26 00:00:00-04:00,5.269999980926514,5.610000133514404,4.25,4.84499979019165,478318,0.0,0.0
2024-06-27 00:00:00-04:00,4.72599983215332,4.794000148773193,4.182000160217285,4.25,255094,0.0,0.0
2024-06-28 00:00:00-04:00,4.25,4.25,3.740000009536743,3.8420000076293945,238400,0.0,0.0
2024-07-01 00:00:00-04:00,4.260000228881836,4.980000019073486,3.7300000190734863,4.659999847412109,1891600,0.0,0.058823529411764705
2024-07-02 00:00:00-04:00,4.360000133514404,4.429999828338623,3.757999897003174,3.799999952316284,278100,0.0,0.0
2024-07-03 00:00:00-04:00,4.050000190734863,4.25,3.759999990463257,3.9000000953674316,218200,0.0,0.0
2024-07-05 00:00:00-04:00,3.9200000762939453,4.150000095367432,3.5999999046325684,3.7899999618530273,312000,0.0,0.0
2024-07-08 00:00:00-04:00,3.75,3.75,3.299999952316284,3.5799999237060547,166900,0.0,0.0
2024-07-09 00:00:00-04:00,3.549999952316284,4.0,3.3519999980926514,3.690000057220459,162700,0.0,0.0
2024-07-10 00:00:00-04:00,3.6500000953674316,4.234000205993652,3.6500000953674316,4.059999942779541,289700,0.0,0.0
2024-07-11 00:00:00-04:00,4.059999942779541,4.300000190734863,3.9100000858306885,4.079999923706055,182800,0.0,0.0
2024-07-12 00:00:00-04:00,4.079999923706055,4.590000152587891,4.050000190734863,4.369999885559082,160100,0.0,0.0
2024-07-15 00:00:00-04:00,4.260000228881836,4.448999881744385,4.0,4.119999885559082,146100,0.0,0.0
2024-07-16 00:00:00-04:00,4.039999961853027,4.190000057220459,3.950000047683716,3.9800000190734863,57700,0.0,0.0
2024-07-17 00:00:00-04:00,3.9800000190734863,4.599999904632568,3.9800000190734863,4.409999847412109,277000,0.0,0.0
2024-07-18 00:00:00-04:00,4.130000114440918,4.289999961853027,3.9100000858306885,4.0,107600,0.0,0.0
2024-07-19 00:00:00-04:00,3.9600000381469727,4.03000020980835,3.799999952316284,3.8499999046325684,99700,0.0,0.0
2024-07-22 00:00:00-04:00,3.9600000381469727,4.090000152587891,3.5889999866485596,3.700000047683716,157900,0.0,0.0
2024-07-23 00:00:00-04:00,3.700000047683716,4.079999923706055,3.700000047683716,3.9200000762939453,121100,0.0,0.0
2024-07-24 00:00:00-04:00,4.0,4.119999885559082,3.799999952316284,3.880000114440918,109900,0.0,0.0
2024-07-25 00:00:00-04:00,3.809999942779541,4.28000020980835,3.799999952316284,4.070000171661377,150900,0.0,0.0
2024-07-26 00:00:00-04:00,3.75,4.0,3.6500000953674316,3.759999990463257,175200,0.0,0.0
2024-07-29 00:00:00-04:00,3.890000104904175,3.9089999198913574,3.619999885559082,3.7100000381469727,42300,0.0,0.0
2024-07-30 00:00:00-04:00,3.799999952316284,3.890000104904175,3.5,3.5999999046325684,107300,0.0,0.0
2024-07-31 00:00:00-04:00,3.5999999046325684,3.759999990463257,3.509999990463257,3.5899999141693115,39200,0.0,0.0
2024-08-01 00:00:00-04:00,3.5999999046325684,3.6429998874664307,3.4000000953674316,3.440000057220459,40300,0.0,0.0
2024-08-02 00:00:00-04:00,3.4000000953674316,3.630000114440918,3.299999952316284,3.5999999046325684,43800,0.0,0.0
2024-08-05 00:00:00-04:00,3.1600000858306885,3.640000104904175,2.430000066757202,3.2100000381469727,207700,0.0,0.0
2024-08-06 00:00:00-04:00,3.2100000381469727,3.2100000381469727,2.9700000286102295,3.0,23400,0.0,0.0
2024-08-07 00:00:00-04:00,3.059999942779541,3.128000020980835,2.809999942779541,2.880000114440918,25900,0.0,0.0
2024-08-08 00:00:00-04:00,2.9600000381469727,2.996000051498413,2.75,2.759999990463257,21600,0.0,0.0
2024-08-09 00:00:00-04:00,2.75,2.880000114440918,2.6600000858306885,2.7950000762939453,17000,0.0,0.0
2024-08-12 00:00:00-04:00,2.7899999618530273,2.869999885559082,2.5,2.5,57000,0.0,0.0
2024-08-13 00:00:00-04:00,2.559999942779541,2.6600000858306885,2.4000000953674316,2.5399999618530273,25900,0.0,0.0
2024-08-14 00:00:00-04:00,2.5299999713897705,2.569999933242798,2.4000000953674316,2.5299999713897705,23800,0.0,0.0
2024-08-15 00:00:00-04:00,2.549999952316284,2.680000066757202,2.5299999713897705,2.630000114440918,19700,0.0,0.0
2024-08-16 00:00:00-04:00,2.619999885559082,2.700000047683716,2.569999933242798,2.569999933242798,29700,0.0,0.0
2024-08-19 00:00:00-04:00,2.680000066757202,2.680000066757202,2.440000057220459,2.4769999980926514,26900,0.0,0.0
2024-08-20 00:00:00-04:00,2.509999990463257,2.890000104904175,2.509999990463257,2.819999933242798,78200,0.0,0.0
2024-08-21 00:00:00-04:00,2.890000104904175,2.890000104904175,2.6500000953674316,2.6500000953674316,86000,0.0,0.0
2024-08-22 00:00:00-04:00,2.809999942779541,2.880000114440918,2.7100000381469727,2.736999988555908,39900,0.0,0.0
2024-08-23 00:00:00-04:00,2.9100000858306885,2.921999931335449,2.7119998931884766,2.880000114440918,35000,0.0,0.0
2024-08-26 00:00:00-04:00,2.809999942779541,2.8499999046325684,2.7300000190734863,2.799999952316284,13700,0.0,0.0
2024-08-27 00:00:00-04:00,2.753999948501587,2.799999952316284,2.5199999809265137,2.680000066757202,33900,0.0,0.0
2024-08-28 00:00:00-04:00,2.680000066757202,2.890000104904175,2.6600000858306885,2.7799999713897705,55900,0.0,0.0
2024-08-29 00:00:00-04:00,2.7799999713897705,2.819999933242798,2.7200000286102295,2.809999942779541,34300,0.0,0.0
2024-08-30 00:00:00-04:00,2.759999990463257,2.859999895095825,2.680000066757202,2.799999952316284,17700,0.0,0.0
2024-09-03 00:00:00-04:00,2.8499999046325684,2.8499999046325684,2.619999885559082,2.690000057220459,17300,0.0,0.0
2024-09-04 00:00:00-04:00,2.700000047683716,2.802999973297119,2.630000114440918,2.75,59900,0.0,0.0
2024-09-05 00:00:00-04:00,2.6600000858306885,2.859999895095825,2.6600000858306885,2.799999952316284,39600,0.0,0.0
2024-09-06 00:00:00-04:00,2.7300000190734863,2.9200000762939453,2.684999942779541,2.799999952316284,64200,0.0,0.0
2024-09-09 00:00:00-04:00,2.880000114440918,3.3299999237060547,2.740000009536743,2.8499999046325684,285500,0.0,0.0
2024-09-10 00:00:00-04:00,2.8399999141693115,2.9600000381469727,2.6600000858306885,2.809999942779541,50600,0.0,0.0
2024-09-11 00:00:00-04:00,2.7899999618530273,2.799999952316284,2.6500000953674316,2.7899999618530273,21500,0.0,0.0
2024-09-12 00:00:00-04:00,2.630000114440918,2.759999990463257,2.630000114440918,2.740000009536743,24400,0.0,0.0
2024-09-13 00:00:00-04:00,2.740000009536743,2.9019999504089355,2.6700000762939453,2.759999990463257,102900,0.0,0.0
2024-09-16 00:00:00-04:00,2.7100000381469727,2.7899999618530273,2.684000015258789,2.7300000190734863,215200,0.0,0.0
2024-09-17 00:00:00-04:00,2.7330000400543213,2.7330000400543213,2.5999999046325684,2.700000047683716,82000,0.0,0.0
2024-09-18 00:00:00-04:00,2.6500000953674316,2.7090001106262207,2.5799999237060547,2.5999999046325684,309500,0.0,0.0
2024-09-19 00:00:00-04:00,2.700000047683716,2.700000047683716,2.122999906539917,2.450000047683716,449400,0.0,0.0
2024-09-20 00:00:00-04:00,2.5899999141693115,2.6429998874664307,2.5199999809265137,2.5399999618530273,547600,0.0,0.0
2024-09-23 00:00:00-04:00,2.5399999618530273,2.5399999618530273,2.2100000381469727,2.390000104904175,162000,0.0,0.0
2024-09-24 00:00:00-04:00,2.380000114440918,2.4000000953674316,2.2899999618530273,2.309999942779541,71500,0.0,0.0
2024-09-25 00:00:00-04:00,2.3299999237060547,2.3989999294281006,2.2100000381469727,2.2300000190734863,168000,0.0,0.0
2024-09-26 00:00:00-04:00,2.2899999618530273,2.3299999237060547,2.2100000381469727,2.2100000381469727,43800,0.0,0.0
2024-09-27 00:00:00-04:00,2.299999952316284,2.299999952316284,2.1500000953674316,2.190000057220459,60900,0.0,0.0
2024-09-30 00:00:00-04:00,2.3399999141693115,2.569999933242798,2.2300000190734863,2.240000009536743,1170500,0.0,0.0
2024-10-01 00:00:00-04:00,2.2100000381469727,2.4100000858306885,2.1700000762939453,2.4100000858306885,195200,0.0,0.0
2024-10-02 00:00:00-04:00,2.359999895095825,2.3980000019073486,2.200000047683716,2.319999933242798,122700,0.0,0.0
2024-10-03 00:00:00-04:00,2.359999895095825,2.369999885559082,2.2300000190734863,2.3399999141693115,66900,0.0,0.0
2024-10-04 00:00:00-04:00,2.2699999809265137,2.4000000953674316,2.200000047683716,2.3299999237060547,106600,0.0,0.0
2024-10-07 00:00:00-04:00,2.2699999809265137,2.4000000953674316,2.2300000190734863,2.311000108718872,80100,0.0,0.0
2024-10-08 00:00:00-04:00,2.299999952316284,2.380000114440918,2.2200000286102295,2.25,42500,0.0,0.0
2024-10-09 00:00:00-04:00,2.2300000190734863,2.299999952316284,2.109999895095825,2.1600000858306885,66800,0.0,0.0
2024-10-10 00:00:00-04:00,2.200000047683716,2.2200000286102295,2.052999973297119,2.1700000762939453,34300,0.0,0.0
2024-10-11 00:00:00-04:00,2.130000114440918,2.1700000762939453,2.0899999141693115,2.119999885559082,21500,0.0,0.0
2024-10-14 00:00:00-04:00,2.140000104904175,2.2899999618530273,2.109999895095825,2.200000047683716,31900,0.0,0.0
2024-10-15 00:00:00-04:00,2.200000047683716,2.200000047683716,2.069999933242798,2.0799999237060547,69400,0.0,0.0
2024-10-16 00:00:00-04:00,2.180000066757202,2.2799999713897705,2.0999999046325684,2.2300000190734863,99000,0.0,0.0
2024-10-17 00:00:00-04:00,2.2300000190734863,2.450000047683716,2.2200000286102295,2.369999885559082,150100,0.0,0.0
2024-10-18 00:00:00-04:00,2.369999885559082,2.490000009536743,2.319999933242798,2.490000009536743,89800,0.0,0.0
2024-10-21 00:00:00-04:00,2.450000047683716,2.4600000381469727,2.259999990463257,2.4100000858306885,51300,0.0,0.0
2024-10-22 00:00:00-04:00,2.440000057220459,2.440000057220459,2.319999933242798,2.359999895095825,19000,0.0,0.0
2024-10-23 00:00:00-04:00,2.359999895095825,2.359999895095825,2.2100000381469727,2.309999942779541,60000,0.0,0.0
2024-10-24 00:00:00-04:00,2.2899999618530273,2.4600000381469727,2.240000009536743,2.4000000953674316,76700,0.0,0.0
2024-10-25 00:00:00-04:00,2.4200000762939453,2.440000057220459,2.25,2.3299999237060547,47700,0.0,0.0
2024-10-28 00:00:00-04:00,2.3499999046325684,2.4000000953674316,2.2799999713897705,2.4000000953674316,68100,0.0,0.0
2024-10-29 00:00:00-04:00,2.390000104904175,2.4600000381469727,2.309999942779541,2.359999895095825,48900,0.0,0.0
2024-10-30 00:00:00-04:00,2.368000030517578,2.4600000381469727,2.2699999809265137,2.309999942779541,67700,0.0,0.0
2024-10-31 00:00:00-04:00,2.3299999237060547,2.5859999656677246,2.309999942779541,2.380000114440918,136800,0.0,0.0
2024-11-01 00:00:00-04:00,2.380000114440918,2.380000114440918,2.1700000762939453,2.190000057220459,102100,0.0,0.0
2024-11-04 00:00:00-05:00,2.190000057220459,2.299999952316284,2.180000066757202,2.2200000286102295,23200,0.0,0.0
2024-11-05 00:00:00-05:00,2.2699999809265137,2.3399999141693115,2.200000047683716,2.25,28800,0.0,0.0
2024-11-06 00:00:00-05:00,2.259999990463257,2.4000000953674316,2.1500000953674316,2.180000066757202,181400,0.0,0.0
2024-11-07 00:00:00-05:00,2.3299999237060547,2.3299999237060547,2.059999942779541,2.069999933242798,112100,0.0,0.0
2024-11-08 00:00:00-05:00,2.1600000858306885,2.1600000858306885,1.899999976158142,1.9299999475479126,66000,0.0,0.0
2024-11-11 00:00:00-05:00,1.9600000381469727,2.059999942779541,1.8799999952316284,1.9199999570846558,191800,0.0,0.0
2024-11-12 00:00:00-05:00,1.9199999570846558,1.9700000286102295,1.8200000524520874,1.909999966621399,92000,0.0,0.0
2024-11-13 00:00:00-05:00,1.899999976158142,1.9299999475479126,1.75,1.7899999618530273,96400,0.0,0.0
2024-11-14 00:00:00-05:00,1.7899999618530273,1.8020000457763672,1.5700000524520874,1.590000033378601,59100,0.0,0.0
2024-11-15 00:00:00-05:00,1.5800000429153442,1.5800000429153442,1.4199999570846558,1.4500000476837158,52500,0.0,0.0
2024-11-18 00:00:00-05:00,1.4299999475479126,1.4299999475479126,1.350000023841858,1.3600000143051147,41000,0.0,0.0
2024-11-19 00:00:00-05:00,1.3600000143051147,1.3600000143051147,1.2000000476837158,1.309999942779541,120000,0.0,0.0
2024-11-20 00:00:00-05:00,1.2899999618530273,1.4600000381469727,1.2699999809265137,1.3799999952316284,1146800,0.0,0.0
2024-11-21 00:00:00-05:00,1.350000023841858,1.3550000190734863,1.2200000286102295,1.2999999523162842,403700,0.0,0.0
2024-11-22 00:00:00-05:00,1.3200000524520874,1.3300000429153442,1.2699999809265137,1.2899999618530273,111500,0.0,0.0
2024-11-25 00:00:00-05:00,1.3300000429153442,1.600000023841858,1.2799999713897705,1.600000023841858,741400,0.0,0.0
2024-11-26 00:00:00-05:00,1.5800000429153442,1.600000023841858,1.409999966621399,1.4299999475479126,227900,0.0,0.0
2024-11-27 00:00:00-05:00,1.440000057220459,1.659999966621399,1.409999966621399,1.5299999713897705,313500,0.0,0.0
2024-11-29 00:00:00-05:00,1.559999942779541,1.559999942779541,1.5,1.5099999904632568,49900,0.0,0.0
2024-12-02 00:00:00-05:00,1.5399999618530273,1.6990000009536743,1.3799999952316284,1.6399999856948853,313700,0.0,0.0
2024-12-03 00:00:00-05:00,1.590000033378601,1.7400000095367432,1.5499999523162842,1.600000023841858,215000,0.0,0.0
2024-12-04 00:00:00-05:00,1.690000057220459,1.690000057220459,1.5700000524520874,1.600000023841858,119600,0.0,0.0
2024-12-05 00:00:00-05:00,1.5700000524520874,1.600000023841858,1.350000023841858,1.4900000095367432,151600,0.0,0.0
2024-12-06 00:00:00-05:00,1.5499999523162842,1.659999966621399,1.4600000381469727,1.590000033378601,143700,0.0,0.0
2024-12-09 00:00:00-05:00,1.600000023841858,1.6399999856948853,1.590000033378601,1.6200000047683716,42700,0.0,0.0
2024-12-10 00:00:00-05:00,1.6399999856948853,1.6399999856948853,1.527999997138977,1.5800000429153442,100200,0.0,0.0
2024-12-11 00:00:00-05:00,1.5499999523162842,1.590000033378601,1.5099999904632568,1.5399999618530273,40700,0.0,0.0
2024-12-12 00:00:00-05:00,1.5399999618530273,1.590000033378601,1.4900000095367432,1.5099999904632568,68300,0.0,0.0
2024-12-13 00:00:00-05:00,1.5,1.5449999570846558,1.440000057220459,1.5099999904632568,47500,0.0,0.0
2024-12-16 00:00:00-05:00,1.5,1.5,1.2799999713897705,1.3259999752044678,73900,0.0,0.0
2024-12-17 00:00:00-05:00,1.3300000429153442,1.3700000047683716,1.2899999618530273,1.3070000410079956,132600,0.0,0.0
2024-12-18 00:00:00-05:00,1.3200000524520874,1.440000057220459,1.2400000095367432,1.2400000095367432,93000,0.0,0.0
2024-12-19 00:00:00-05:00,1.25,1.2799999713897705,1.190000057220459,1.2200000286102295,85800,0.0,0.0
2024-12-20 00:00:00-05:00,1.2200000286102295,1.25,1.1749999523162842,1.2000000476837158,186100,0.0,0.0
2024-12-23 00:00:00-05:00,3.8399999141693115,5.110000133514404,2.809999942779541,3.109999895095825,105557300,0.0,0.0
2024-12-24 00:00:00-05:00,3.0,3.130000114440918,2.450000047683716,2.5299999713897705,1590800,0.0,0.0
2024-12-26 00:00:00-05:00,2.430000066757202,2.9200000762939453,2.430000066757202,2.6600000858306885,739900,0.0,0.0
2024-12-27 00:00:00-05:00,2.880000114440918,2.880000114440918,2.2300000190734863,2.380000114440918,533400,0.0,0.0
2024-12-30 00:00:00-05:00,2.3499999046325684,2.815000057220459,2.200000047683716,2.5899999141693115,401200,0.0,0.0
2024-12-31 00:00:00-05:00,2.5,2.859999895095825,2.380000114440918,2.5799999237060547,398200,0.0,0.0
2025-01-02 00:00:00-05:00,2.890000104904175,3.190000057220459,2.694000005722046,3.0299999713897705,388000,0.0,0.0
2025-01-03 00:00:00-05:00,3.2300000190734863,3.2300000190734863,2.696000099182129,2.809999942779541,578800,0.0,0.0
2025-01-06 00:00:00-05:00,2.690000057220459,2.999000072479248,2.631999969482422,2.700000047683716,327900,0.0,0.0
2025-01-07 00:00:00-05:00,2.700000047683716,2.7799999713897705,2.5810000896453857,2.700000047683716,116800,0.0,0.0
2025-01-08 00:00:00-05:00,2.7300000190734863,2.740000009536743,2.4600000381469727,2.559999942779541,91300,0.0,0.0
2025-01-10 00:00:00-05:00,2.4700000286102295,2.559999942779541,1.7300000190734863,1.9299999475479126,285700,0.0,0.0
2025-01-13 00:00:00-05:00,1.899999976158142,1.899999976158142,1.809999942779541,1.809999942779541,39600,0.0,0.0
2025-01-14 00:00:00-05:00,1.8600000143051147,2.5,1.8600000143051147,2.2200000286102295,823800,0.0,0.0
2025-01-15 00:00:00-05:00,2.2799999713897705,2.369999885559082,2.049999952316284,2.0999999046325684,152000,0.0,0.0
2025-01-16 00:00:00-05:00,2.1500000953674316,2.188999891281128,2.0510001182556152,2.1500000953674316,44300,0.0,0.0
2025-01-17 00:00:00-05:00,2.2200000286102295,2.2200000286102295,2.059999942779541,2.140000104904175,82600,0.0,0.0
2025-01-21 00:00:00-05:00,2.140000104904175,2.4089999198913574,2.0810000896453857,2.180000066757202,97900,0.0,0.0
2025-01-22 00:00:00-05:00,2.1600000858306885,2.180000066757202,2.0899999141693115,2.1600000858306885,28300,0.0,0.0
2025-01-23 00:00:00-05:00,2.25,2.325000047683716,2.1610000133514404,2.2100000381469727,29400,0.0,0.0
2025-01-24 00:00:00-05:00,2.2100000381469727,2.299999952316284,2.200000047683716,2.200000047683716,29500,0.0,0.0
2025-01-27 00:00:00-05:00,2.2100000381469727,2.2950000762939453,2.009999990463257,2.0199999809265137,56800,0.0,0.0
2025-01-28 00:00:00-05:00,2.0199999809265137,2.078000068664551,1.7999999523162842,2.0,106300,0.0,0.0
2025-01-29 00:00:00-05:00,1.9800000190734863,2.3399999141693115,1.940000057220459,2.140000104904175,183900,0.0,0.0
2025-01-30 00:00:00-05:00,2.0299999713897705,2.1600000858306885,2.0199999809265137,2.0799999237060547,72300,0.0,0.0
2025-01-31 00:00:00-05:00,2.049999952316284,2.2100000381469727,1.940000057220459,1.9700000286102295,117700,0.0,0.0
2025-02-03 00:00:00-05:00,1.9299999475479126,2.009999990463257,1.8899999856948853,1.9299999475479126,88100,0.0,0.0
2025-02-04 00:00:00-05:00,1.909999966621399,2.0,1.8899999856948853,1.909999966621399,124400,0.0,0.0
2025-02-05 00:00:00-05:00,1.9199999570846558,1.9390000104904175,1.840000033378601,1.8899999856948853,35400,0.0,0.0
2025-02-06 00:00:00-05:00,1.8899999856948853,1.909999966621399,1.7799999713897705,1.7899999618530273,130200,0.0,0.0
2025-02-07 00:00:00-05:00,1.899999976158142,2.1500000953674316,1.8200000524520874,1.940000057220459,870400,0.0,0.0
2025-02-10 00:00:00-05:00,1.8799999952316284,1.940999984741211,1.7280000448226929,1.850000023841858,163600,0.0,0.0
2025-02-11 00:00:00-05:00,1.7899999618530273,1.7899999618530273,1.7100000381469727,1.7400000095367432,62600,0.0,0.0
2025-02-12 00:00:00-05:00,1.7200000286102295,1.777999997138977,1.628000020980835,1.75,56300,0.0,0.0
2025-02-13 00:00:00-05:00,1.7599999904632568,1.8300000429153442,1.680999994277954,1.7899999618530273,101700,0.0,0.0
2025-02-14 00:00:00-05:00,1.840000033378601,1.8489999771118164,1.7000000476837158,1.7050000429153442,83700,0.0,0.0
2025-02-18 00:00:00-05:00,1.7100000381469727,1.7450000047683716,1.5099999904632568,1.590000033378601,139700,0.0,0.0
2025-02-19 00:00:00-05:00,1.590000033378601,1.590000033378601,1.5099999904632568,1.524999976158142,38100,0.0,0.0
2025-02-20 00:00:00-05:00,1.5199999809265137,1.5199999809265137,1.409999966621399,1.4600000381469727,59500,0.0,0.0
2025-02-21 00:00:00-05:00,1.440000057220459,1.4800000190734863,1.4299999475479126,1.440000057220459,33900,0.0,0.0
2025-02-24 00:00:00-05:00,1.440000057220459,1.5399999618530273,1.440000057220459,1.5299999713897705,39500,0.0,0.0
2025-02-25 00:00:00-05:00,1.5299999713897705,1.5329999923706055,1.4509999752044678,1.4900000095367432,20200,0.0,0.0
2025-02-26 00:00:00-05:00,1.4800000190734863,1.5499999523162842,1.4500000476837158,1.5499999523162842,27100,0.0,0.0
2025-02-27 00:00:00-05:00,1.5099999904632568,1.5199999809265137,1.4500000476837158,1.4600000381469727,25600,0.0,0.0
2025-02-28 00:00:00-05:00,1.4600000381469727,1.4700000286102295,1.399999976158142,1.4600000381469727,15300,0.0,0.0
2025-03-03 00:00:00-05:00,1.440000057220459,1.4600000381469727,1.3600000143051147,1.3600000143051147,23500,0.0,0.0
2025-03-04 00:00:00-05:00,1.3700000047683716,1.3700000047683716,1.2999999523162842,1.3700000047683716,29800,0.0,0.0
2025-03-05 00:00:00-05:00,1.3700000047683716,1.4900000095367432,1.3700000047683716,1.4700000286102295,36600,0.0,0.0
2025-03-06 00:00:00-05:00,1.4600000381469727,1.4900000095367432,1.4019999504089355,1.4600000381469727,55800,0.0,0.0
2025-03-07 00:00:00-05:00,1.4500000476837158,1.5099999904632568,1.3700000047683716,1.440000057220459,38300,0.0,0.0
2025-03-10 00:00:00-04:00,1.4199999570846558,1.5199999809265137,1.3300000429153442,1.409999966621399,40700,0.0,0.0
2025-03-11 00:00:00-04:00,1.409999966621399,1.4600000381469727,1.350000023841858,1.4500000476837158,9600,0.0,0.0
2025-03-12 00:00:00-04:00,1.4299999475479126,1.4800000190734863,1.350000023841858,1.3899999856948853,19700,0.0,0.0
2025-03-13 00:00:00-04:00,1.409999966621399,1.430999994277954,1.2999999523162842,1.2999999523162842,27800,0.0,0.0
2025-03-14 00:00:00-04:00,1.2999999523162842,1.3339999914169312,1.2799999713897705,1.2799999713897705,9800,0.0,0.0
2025-03-17 00:00:00-04:00,1.309999942779541,1.350000023841858,1.2999999523162842,1.340000033378601,18500,0.0,0.0
2025-03-18 00:00:00-04:00,1.350000023841858,1.350000023841858,1.309999942779541,1.3450000286102295,17600,0.0,0.0
2025-03-19 00:00:00-04:00,1.340000033378601,1.3890000581741333,1.2920000553131104,1.3530000448226929,40500,0.0,0.0
2025-03-20 00:00:00-04:00,1.3899999856948853,1.399999976158142,1.309999942779541,1.350000023841858,19500,0.0,0.0
2025-03-21 00:00:00-04:00,1.340000033378601,1.350000023841858,1.2999999523162842,1.340000033378601,34600,0.0,0.0
2025-03-24 00:00:00-04:00,1.350000023841858,1.3799999952316284,1.2999999523162842,1.2999999523162842,42900,0.0,0.0
2025-03-25 00:00:00-04:00,1.3200000524520874,1.3300000429153442,1.2300000190734863,1.2699999809265137,58200,0.0,0.0
2025-03-26 00:00:00-04:00,1.2799999713897705,1.2899999618530273,1.25,1.2799999713897705,17500,0.0,0.0
2025-03-27 00:00:00-04:00,1.3300000429153442,1.3700000047683716,1.2599999904632568,1.2649999856948853,17200,0.0,0.0
2025-03-28 00:00:00-04:00,1.2599999904632568,1.3070000410079956,1.2100000381469727,1.2200000286102295,55200,0.0,0.0
2025-03-31 00:00:00-04:00,1.2000000476837158,1.2100000381469727,1.1299999952316284,1.190000057220459,53800,0.0,0.0
2025-04-01 00:00:00-04:00,1.1799999475479126,1.2400000095367432,1.159999966621399,1.2400000095367432,29200,0.0,0.0
2025-04-02 00:00:00-04:00,1.2300000190734863,1.2649999856948853,1.2000000476837158,1.2400000095367432,37300,0.0,0.0
2025-04-03 00:00:00-04:00,1.2400000095367432,1.309999942779541,1.2079999446868896,1.2400000095367432,8500,0.0,0.0
2025-04-04 00:00:00-04:00,1.2000000476837158,1.2050000429153442,1.1100000143051147,1.149999976158142,36500,0.0,0.0
2025-04-07 00:00:00-04:00,1.1200000047683716,1.1200000047683716,1.0,1.1200000047683716,85700,0.0,0.0
2025-04-08 00:00:00-04:00,1.090000033378601,1.1100000143051147,1.090000033378601,1.090000033378601,37400,0.0,0.0
2025-04-09 00:00:00-04:00,1.090000033378601,1.100000023841858,1.0299999713897705,1.0700000524520874,58800,0.0,0.0
2025-04-10 00:00:00-04:00,1.0700000524520874,1.100000023841858,1.0099999904632568,1.0099999904632568,68200,0.0,0.0
2025-04-11 00:00:00-04:00,1.0199999809265137,1.0440000295639038,1.0099999904632568,1.0399999618530273,25500,0.0,0.0
2025-04-14 00:00:00-04:00,1.0700000524520874,1.0700000524520874,0.9700000286102295,1.0399999618530273,22500,0.0,0.0
2025-04-15 00:00:00-04:00,1.0099999904632568,1.059999942779541,1.0010000467300415,1.0099999904632568,62500,0.0,0.0
2025-04-16 00:00:00-04:00,1.0499999523162842,1.059999942779541,1.0,1.024999976158142,56700,0.0,0.0
2025-04-17 00:00:00-04:00,1.0199999809265137,1.0499999523162842,1.0099999904632568,1.0149999856948853,18600,0.0,0.0
2025-04-21 00:00:00-04:00,1.0199999809265137,1.059999942779541,0.9900000095367432,0.9980000257492065,68600,0.0,0.0
2025-04-22 00:00:00-04:00,1.0099999904632568,1.0099999904632568,0.9700000286102295,1.0,33400,0.0,0.0
2025-04-23 00:00:00-04:00,1.0,1.0099999904632568,0.9900000095367432,1.0099999904632568,24500,0.0,0.0
2025-04-24 00:00:00-04:00,1.0199999809265137,1.0499999523162842,1.0199999809265137,1.0399999618530273,18500,0.0,0.0
2025-04-25 00:00:00-04:00,1.059999942779541,1.2899999618530273,1.0399999618530273,1.1799999475479126,469800,0.0,0.0
2025-04-28 00:00:00-04:00,1.190000057220459,1.2300000190734863,1.100000023841858,1.149999976158142,56300,0.0,0.0
2025-04-29 00:00:00-04:00,1.1299999952316284,1.1699999570846558,1.059999942779541,1.0700000524520874,53600,0.0,0.0
2025-04-30 00:00:00-04:00,1.1349999904632568,1.159999966621399,1.0499999523162842,1.1399999856948853,63000,0.0,0.0
2025-05-01 00:00:00-04:00,1.1699999570846558,1.1699999570846558,1.1100000143051147,1.149999976158142,13100,0.0,0.0
2025-05-02 00:00:00-04:00,1.149999976158142,1.149999976158142,1.0800000429153442,1.090000033378601,23900,0.0,0.0
