Date,Open,High,Low,Close,Volume,Dividends,Stock Splits
2024-04-01 00:00:00-04:00,23.269099119566548,23.472647043567108,23.222839190313614,23.306108474731445,544100,0.0,0.0
2024-04-02 00:00:00-04:00,23.28760390763089,23.44489013842153,23.222839300488246,23.407880783081055,230500,0.0,0.0
2024-04-03 00:00:00-04:00,23.370873125785725,23.415283646186353,23.315360857636534,23.398630142211914,84900,0.0,0.0
2024-04-04 00:00:00-04:00,23.407879085785957,23.518905379053727,23.38937617416055,23.417131423950195,86000,0.0,0.0
2024-04-05 00:00:00-04:00,23.38937659343837,23.5004011239933,23.380124255108274,23.435636520385742,58600,0.0,0.0
2024-04-08 00:00:00-04:00,23.481896705493103,23.55684011737986,23.43563677803715,23.537410736083984,62000,0.0,0.0
2024-04-09 00:00:00-04:00,23.56516444437332,23.639181382280423,23.435635244211642,23.46339225769043,79700,0.0,0.0
2024-04-10 00:00:00-04:00,23.426382641340282,23.426382641340282,23.296853442644093,23.361618041992188,64700,0.0,0.0
2024-04-11 00:00:00-04:00,23.43563768840221,23.43563768840221,23.269099119566548,23.306108474731445,67900,0.0,0.0
2024-04-12 00:00:00-04:00,23.29685699752482,23.34311692848858,23.25984764099121,23.25984764099121,45000,0.0,0.0
2024-04-15 00:00:00-04:00,23.333860551162836,23.343112888695014,23.196930190973656,23.250591278076172,44400,0.0,0.0
2024-04-16 00:00:00-04:00,23.22283687058123,23.33386139557929,23.22283687058123,23.287601470947266,28900,0.0,0.0
2024-04-17 00:00:00-04:00,23.343116109359535,23.398630142211914,23.317210266576367,23.398630142211914,19700,0.0,0.0
2024-04-18 00:00:00-04:00,23.361616685438293,23.5559104722004,23.361616685438293,23.48189353942871,19500,0.0,0.0
2024-04-19 00:00:00-04:00,23.518906059220356,23.59292300197175,23.477271418628753,23.537410736083984,20100,0.0,0.0
2024-04-22 00:00:00-04:00,23.546664521820034,23.592924452119373,23.4263858795166,23.4263858795166,52300,0.0,0.0
2024-04-23 00:00:00-04:00,23.509653930244774,23.592923212169858,23.42638464831969,23.546663284301758,32900,0.0,0.0
2024-04-24 00:00:00-04:00,23.565166263711486,23.59292327933324,23.472646407711903,23.5559139251709,16400,0.0,0.0
2024-04-25 00:00:00-04:00,23.57441774429955,23.666939361635094,23.528157817983313,23.602174758911133,17700,0.0,0.0
2024-04-26 00:00:00-04:00,23.60217451506967,23.611426853177942,23.555912824528306,23.58829689025879,1400,0.0,0.0
2024-04-29 00:00:00-04:00,23.611427516978292,23.67619212085391,23.518905897997506,23.62067985534668,110400,0.0,0.0
2024-04-30 00:00:00-04:00,23.611427793706238,23.73170466449874,23.537410850594746,23.639183044433594,563300,0.0,0.0
2024-05-01 00:00:00-04:00,23.500401788192644,23.537411142559023,23.407880166979837,23.468019485473633,59000,0.0,0.0
2024-05-02 00:00:00-04:00,23.45414203593479,23.518906641858795,23.45414203593479,23.472646713256836,6200,0.0,0.0
2024-05-03 00:00:00-04:00,23.472642966947266,23.528155225350314,23.435633618209984,23.48189353942871,10300,0.0,0.0
2024-05-06 00:00:00-04:00,23.435636520385742,23.481896447333114,23.343114901787903,23.435636520385742,31400,0.0,0.0
2024-05-07 00:00:00-04:00,23.444887582037904,23.481895168639955,23.426382906385378,23.46339225769043,10700,0.0,0.0
2024-05-08 00:00:00-04:00,23.42638546075129,23.463394816091768,23.36162085360865,23.407880783081055,18700,0.0,0.0
2024-05-09 00:00:00-04:00,23.407879924342843,23.45414161682129,23.38937701205459,23.45414161682129,10700,0.0,0.0
2024-05-10 00:00:00-04:00,23.45414161682129,23.45414161682129,23.380124673558903,23.45414161682129,7100,0.0,0.0
2024-05-13 00:00:00-04:00,23.463393114771375,23.481896026396782,23.417131423950195,23.417131423950195,15000,0.0,0.0
2024-05-14 00:00:00-04:00,23.435635731586093,23.491147994995117,23.417131055548737,23.491147994995117,11000,0.0,0.0
2024-05-15 00:00:00-04:00,23.481896496119628,23.537410526215528,23.44488890742546,23.52815818786621,10600,0.0,0.0
2024-05-16 00:00:00-04:00,23.463390629762944,23.537407562534636,23.463390629762944,23.48189353942871,13400,0.0,0.0
2024-05-17 00:00:00-04:00,23.4828223361123,23.51890521941576,23.463392955510205,23.50040054321289,15400,0.0,0.0
2024-05-20 00:00:00-04:00,23.48652333806634,23.546662654448703,23.47264571301775,23.518905639648438,23000,0.0,0.0
2024-05-21 00:00:00-04:00,23.509654303197774,23.52815898051982,23.472646713256836,23.472646713256836,9600,0.0,0.0
2024-05-22 00:00:00-04:00,23.500401591730526,23.546663284301758,23.481896914702034,23.546663284301758,9800,0.0,0.0
2024-05-23 00:00:00-04:00,23.509652182118742,23.509652182118742,23.45413991986417,23.46339225769043,4300,0.0,0.0
2024-05-24 00:00:00-04:00,23.463393955316977,23.48189686760523,23.45414161682129,23.45414161682129,7500,0.0,0.0
2024-05-28 00:00:00-04:00,23.54666323707505,23.54666323707505,23.45414161682129,23.45414161682129,6400,0.0,0.0
2024-05-29 00:00:00-04:00,23.45414215514419,23.45414215514419,23.296855926513672,23.296855926513672,25400,0.0,0.0
2024-05-30 00:00:00-04:00,23.343117347820744,23.370874365719573,23.26910039812715,23.278352737426758,56700,0.0,0.0
2024-05-31 00:00:00-04:00,23.343116175938412,23.407880783081055,23.315360924136247,23.407880783081055,21500,0.0,0.0
2024-06-03 00:00:00-04:00,23.435636986833934,23.546663284301758,23.42638464831969,23.546663284301758,8800,0.0,0.0
2024-06-04 00:00:00-04:00,23.537409895618627,23.56516514521988,23.50040054321289,23.50040054321289,11000,0.0,0.0
2024-06-05 00:00:00-04:00,23.50040054321289,23.537409895618627,23.50040054321289,23.50040054321289,15400,0.0,0.0
2024-06-06 00:00:00-04:00,23.50040117281826,23.546662864564844,23.50040117281826,23.52815818786621,6700,0.0,0.0
2024-06-07 00:00:00-04:00,23.518906268759018,23.574418535141366,23.500401591730526,23.546663284301758,12700,0.0,0.0
2024-06-10 00:00:00-04:00,23.54666202310718,23.54666202310718,23.454140407623445,23.491147994995117,8000,0.0,0.0
2024-06-11 00:00:00-04:00,23.509652881314324,23.509652881314324,23.472645293611638,23.50040054321289,7300,0.0,0.0
2024-06-12 00:00:00-04:00,23.57441514656904,23.583667483753363,23.48189353942871,23.48189353942871,22200,0.0,0.0
2024-06-13 00:00:00-04:00,23.518904851221315,23.574417114257812,23.48189549939497,23.574417114257812,20700,0.0,0.0
2024-06-14 00:00:00-04:00,23.68008308667008,23.698952110352042,23.614043303232357,23.6706485748291,26200,0.492,0.0
2024-06-17 00:00:00-04:00,23.68008424363858,23.68008424363858,23.58574092006846,23.632911682128906,28800,0.0,0.0
2024-06-18 00:00:00-04:00,23.63291040717967,23.717819213867188,23.614043183042877,23.717819213867188,7600,0.0,0.0
2024-06-20 00:00:00-04:00,23.80272878905577,23.80272878905577,23.651780194393087,23.708385467529297,8800,0.0,0.0
2024-06-21 00:00:00-04:00,23.755557261039034,23.755557261039034,23.70744179072967,23.717819213867188,3900,0.0,0.0
2024-06-24 00:00:00-04:00,23.717820355306706,23.74612389204772,23.717820355306706,23.72725486755371,4400,0.0,0.0
2024-06-25 00:00:00-04:00,23.72725333695269,23.746122360229492,23.717818825314286,23.746122360229492,4500,0.0,0.0
2024-06-26 00:00:00-04:00,23.745180980657786,23.74612389204772,23.72725486755371,23.72725486755371,2100,0.0,0.0
2024-06-27 00:00:00-04:00,23.72725410194902,23.7366886138916,23.72725410194902,23.7366886138916,700,0.0,0.0
2024-06-28 00:00:00-04:00,23.736689502841855,23.755558527433674,23.680084228515625,23.680084228515625,6600,0.0,0.0
2024-07-01 00:00:00-04:00,23.722537369488233,23.727253725660148,23.717819213867188,23.717819213867188,6500,0.0,0.0
2024-07-02 00:00:00-04:00,23.727254852734866,23.77442741394043,23.69989602685009,23.77442741394043,5000,0.0,0.0
2024-07-03 00:00:00-04:00,23.76499277927266,23.821598052978516,23.76499277927266,23.821598052978516,6900,0.0,0.0
2024-07-05 00:00:00-04:00,23.840467077363535,23.840467077363535,23.812163540786006,23.821598052978516,1000,0.0,0.0
2024-07-08 00:00:00-04:00,23.821597677041343,23.840466701128584,23.8027286529541,23.8027286529541,7500,0.0,0.0
2024-07-09 00:00:00-04:00,23.802729151214553,23.81027784067697,23.77442741394043,23.77442741394043,3100,0.0,0.0
2024-07-10 00:00:00-04:00,23.812164306640625,23.82159881913657,23.774428056106107,23.812164306640625,7500,0.0,0.0
2024-07-11 00:00:00-04:00,23.82159766322637,23.84990119934082,23.80272863915007,23.84990119934082,7400,0.0,0.0
2024-07-12 00:00:00-04:00,23.8499014671776,23.8687686920166,23.802728906457098,23.8687686920166,10000,0.0,0.0
2024-07-15 00:00:00-04:00,23.868768814491858,23.963112136967755,23.813106452170494,23.821598052978516,12100,0.0,0.0
2024-07-16 00:00:00-04:00,23.802729151214553,23.821598175696778,23.70838582825264,23.77442741394043,36800,0.0,0.0
2024-07-17 00:00:00-04:00,23.727254852734866,23.849901712420113,23.717820340493756,23.77442741394043,22600,0.0,0.0
2024-07-18 00:00:00-04:00,23.77914156921483,23.821595970645426,23.7470645904541,23.7470645904541,15100,0.0,0.0
2024-07-19 00:00:00-04:00,23.76499290169932,23.77442741394043,23.73197300858003,23.77442741394043,4500,0.0,0.0
2024-07-22 00:00:00-04:00,23.793293118972404,23.82159665388761,23.698951601486584,23.746122360229492,19200,0.0,0.0
2024-07-23 00:00:00-04:00,23.69895287707606,23.746123638357922,23.642345804198786,23.66121482849121,18100,0.0,0.0
2024-07-24 00:00:00-04:00,23.670647551253488,23.675363907245462,23.548000702073423,23.614042282104492,17100,0.0,0.0
2024-07-25 00:00:00-04:00,23.64329153006709,23.698953894504964,23.614045080992998,23.637630462646484,17600,0.0,0.0
2024-07-26 00:00:00-04:00,23.661214452459348,23.69423434472173,23.642345428466797,23.642345428466797,7000,0.0,0.0
2024-07-29 00:00:00-04:00,23.708385981095155,23.7263120943036,23.6234789692762,23.632911682128906,10000,0.0,0.0
2024-07-30 00:00:00-04:00,23.670650107056694,23.68008461950838,23.642346569701633,23.65178108215332,3900,0.0,0.0
2024-07-31 00:00:00-04:00,23.69895362854004,23.69895362854004,23.642346553867828,23.69895362854004,7300,0.0,0.0
2024-08-01 00:00:00-04:00,23.69895250044445,23.725368414254355,23.642345428466797,23.642345428466797,9600,0.0,0.0
2024-08-02 00:00:00-04:00,23.651778528387467,23.708383797536463,23.604607770671482,23.614042282104492,9600,0.0,0.0
2024-08-05 00:00:00-04:00,23.538571170422564,23.680085262139777,23.434793330086936,23.529136657714844,23400,0.0,0.0
2024-08-06 00:00:00-04:00,23.56687113194576,23.69895250044445,23.56687113194576,23.642345428466797,10500,0.0,0.0
2024-08-07 00:00:00-04:00,23.727255186370876,23.727255186370876,23.576306587288972,23.580080032348633,11900,0.0,0.0
2024-08-08 00:00:00-04:00,23.59517440012344,23.623477935791016,23.56687086445587,23.623477935791016,4800,0.0,0.0
2024-08-09 00:00:00-04:00,23.585740530770714,23.66121482849121,23.585740530770714,23.66121482849121,5600,0.0,0.0
2024-08-12 00:00:00-04:00,23.71782049339709,23.71782049339709,23.6234789692762,23.632911682128906,7200,0.0,0.0
2024-08-13 00:00:00-04:00,23.632910648231057,23.632910648231057,23.59517440012344,23.623477935791016,9600,0.0,0.0
2024-08-14 00:00:00-04:00,23.6234789692762,23.689518755940515,23.6234789692762,23.632911682128906,13700,0.0,0.0
2024-08-15 00:00:00-04:00,23.632912057249946,23.65649923810379,23.632912057249946,23.65178108215332,4700,0.0,0.0
2024-08-16 00:00:00-04:00,23.661215081273895,23.72725486755371,23.661215081273895,23.72725486755371,15500,0.0,0.0
2024-08-19 00:00:00-04:00,23.755556871867896,23.849900188802813,23.708384313675886,23.746122360229492,10800,0.0,0.0
2024-08-20 00:00:00-04:00,23.74612368487721,23.868768744119837,23.642345850514772,23.782917022705078,16100,0.0,0.0
2024-08-21 00:00:00-04:00,23.802729028593493,23.821598052978516,23.77442729146517,23.821598052978516,13200,0.0,0.0
2024-08-22 00:00:00-04:00,23.8593359793217,23.8687686920166,23.8215979307453,23.8687686920166,3700,0.0,0.0
2024-08-23 00:00:00-04:00,23.840465682964716,24.048019540712755,23.821596659683323,23.953676223754883,5600,0.0,0.0
2024-08-26 00:00:00-04:00,24.00085044010177,24.23670784906655,23.79329476856526,23.887638092041016,16500,0.0,0.0
2024-08-27 00:00:00-04:00,24.01971854491439,24.03858757019043,23.831033690501876,24.03858757019043,9000,0.0,0.0
2024-08-28 00:00:00-04:00,23.944242208965004,24.057454551553466,23.915940472904744,23.92537498474121,24000,0.0,0.0
2024-08-29 00:00:00-04:00,23.953677740751253,23.99990559110393,23.868768930056767,23.98198127746582,14500,0.0,0.0
2024-08-30 00:00:00-04:00,24.010284560338576,24.06688983372005,23.868768677711092,23.91594123840332,16600,0.0,0.0
2024-09-03 00:00:00-04:00,23.98197962750512,24.132928214032447,23.972545115916024,24.048019409179688,7600,0.0,0.0
2024-09-04 00:00:00-04:00,24.05745506286621,24.113117424270005,24.05745506286621,24.05745506286621,10300,0.0,0.0
2024-09-05 00:00:00-04:00,24.15179952946421,24.19897029243758,24.01500179761247,24.066890716552734,8500,0.0,0.0
2024-09-06 00:00:00-04:00,24.170667407860865,24.170667407860865,24.05745506286621,24.05745506286621,13100,0.0,0.0
2024-09-09 00:00:00-04:00,24.05745570727471,24.37822192732764,24.05745570727471,24.266897201538086,36100,0.0,0.0
2024-09-10 00:00:00-04:00,24.17066764831543,24.281992372230498,24.085758838587044,24.17066764831543,23500,0.0,0.0
2024-09-11 00:00:00-04:00,24.180100239020515,24.217838287353516,24.132929478053452,24.217838287353516,2700,0.0,0.0
2024-09-12 00:00:00-04:00,24.24614143371582,24.28387768199282,24.198968874058124,24.24614143371582,6600,0.0,0.0
2024-09-13 00:00:00-04:00,24.41157506376848,24.41830793556181,24.30577357897473,24.382720947265625,5800,0.492,0.0
2024-09-16 00:00:00-04:00,24.406767343460288,24.507760423205387,24.392340284802422,24.450050354003906,12700,0.0,0.0
2024-09-17 00:00:00-04:00,24.478908233005487,24.507762352592774,24.400036392383882,24.45486068725586,3700,0.0,0.0
2024-09-18 00:00:00-04:00,24.411578227464076,24.507762908935547,24.344249500805113,24.507762908935547,7000,0.0,0.0
2024-09-19 00:00:00-04:00,24.526998628069787,24.60394600136328,24.430813952810396,24.536617279052734,14400,0.0,0.0
2024-09-20 00:00:00-04:00,24.526999202747657,24.623183880260694,24.526999202747657,24.594327926635742,3800,0.0,0.0
2024-09-23 00:00:00-04:00,24.536615734037404,24.584707151353847,24.442355528737995,24.575088500976562,3300,0.0,0.0
2024-09-24 00:00:00-04:00,24.60394445210841,24.60394445210841,24.483714074247334,24.575088500976562,12600,0.0,0.0
2024-09-25 00:00:00-04:00,24.57509037305845,24.57509037305845,24.459670228878522,24.565473556518555,2900,0.0,0.0
2024-09-26 00:00:00-04:00,24.526997033489806,24.526997033489806,24.36348364655041,24.382720947265625,29800,0.0,0.0
2024-09-27 00:00:00-04:00,24.401958649945612,24.478906019504034,24.382721348913506,24.42407989501953,10600,0.0,0.0
2024-09-30 00:00:00-04:00,24.37310398732843,24.507761432534302,24.344248034254274,24.36348533630371,23600,0.0,0.0
2024-10-01 00:00:00-04:00,24.48852481623626,24.48852481623626,24.37310466984772,24.430814743041992,28100,0.0,0.0
2024-10-02 00:00:00-04:00,24.469289779663086,24.47890843112675,24.392342402523933,24.469289779663086,31400,0.0,0.0
2024-10-03 00:00:00-04:00,24.49814346753033,24.507762118824402,24.38272332114179,24.430814743041992,9900,0.0,0.0
2024-10-04 00:00:00-04:00,24.430814850860745,24.469289456206823,24.411577548187708,24.440433502197266,7400,0.0,0.0
2024-10-07 00:00:00-04:00,24.440432021733468,24.440432021733468,24.151879837397388,24.29615592956543,34100,0.0,0.0
2024-10-08 00:00:00-04:00,24.296156613700774,24.37310398732843,24.286537962676057,24.36348533630371,14800,0.0,0.0
2024-10-09 00:00:00-04:00,24.3538667933242,24.382722746526376,24.334629491189418,24.373104095458984,12800,0.0,0.0
2024-10-10 00:00:00-04:00,24.325012098715614,24.37310351834374,24.291345903491848,24.315393447875977,19700,0.0,0.0
2024-10-11 00:00:00-04:00,24.32501324794752,24.469289348218272,24.32501324794752,24.430814743041992,9500,0.0,0.0
2024-10-14 00:00:00-04:00,24.39233986199334,24.410614013671875,24.296155191944756,24.410614013671875,19600,0.0,0.0
2024-10-15 00:00:00-04:00,24.392341397593768,24.392341397593768,24.32501267469213,24.373104095458984,21900,0.0,0.0
2024-10-16 00:00:00-04:00,24.36348612607527,24.469289456206823,24.36348612607527,24.440433502197266,14200,0.0,0.0
2024-10-17 00:00:00-04:00,24.46928839892902,24.536617120805335,24.334629120606316,24.33559226989746,20400,0.0,0.0
2024-10-18 00:00:00-04:00,24.35867648818651,24.382722198029022,24.29615617493993,24.31924057006836,22800,0.0,0.0
2024-10-21 00:00:00-04:00,24.38272307053439,24.48852456454142,24.344248465753555,24.401960372924805,34800,0.0,0.0
2024-10-22 00:00:00-04:00,24.37310398732843,24.421195407881928,24.344248034254274,24.36348533630371,15800,0.0,0.0
2024-10-23 00:00:00-04:00,24.363484541527665,24.373103192238606,24.190352497870762,24.286537170410156,35400,0.0,0.0
2024-10-24 00:00:00-04:00,24.35386666760647,24.40195992269517,24.257681991999178,24.35867691040039,10300,0.0,0.0
2024-10-25 00:00:00-04:00,24.353866325108584,24.358676567834852,24.30577490526631,24.32501220703125,6600,0.0,0.0
2024-10-28 00:00:00-04:00,24.37310431232559,24.37310431232559,24.14226218836452,24.209590911865234,12800,0.0,0.0
2024-10-29 00:00:00-04:00,24.286537638925473,24.33462905883789,24.238446219013056,24.33462905883789,4300,0.0,0.0
2024-10-30 00:00:00-04:00,24.26729943486681,24.33462815406892,24.248062133789062,24.248062133789062,9800,0.0,0.0
2024-10-31 00:00:00-04:00,24.257682117220387,24.373104095458984,24.08455190171765,24.373104095458984,23500,0.0,0.0
2024-11-01 00:00:00-04:00,24.353866577148438,24.353866577148438,24.31539380779048,24.353866577148438,1900,0.0,0.0
2024-11-04 00:00:00-05:00,24.353865455146668,24.353865455146668,24.210550680886456,24.248062133789062,20400,0.0,0.0
2024-11-05 00:00:00-05:00,24.296156254383845,24.32501220703125,24.25768165085397,24.32501220703125,22800,0.0,0.0
2024-11-06 00:00:00-05:00,24.334629109597053,24.3365535736084,24.25864488612535,24.3365535736084,13300,0.0,0.0
2024-11-07 00:00:00-05:00,24.334629491189418,24.392341397593768,24.294232257448435,24.373104095458984,7700,0.0,0.0
2024-11-08 00:00:00-05:00,24.392340979159542,24.51641845703125,24.392340979159542,24.51641845703125,4400,0.0,0.0
2024-11-11 00:00:00-05:00,24.440433502197266,24.517380878319262,24.440433502197266,24.440433502197266,2500,0.0,0.0
2024-11-12 00:00:00-05:00,24.421194391150628,24.457744529694825,24.421194391150628,24.451011657714844,3600,0.0,0.0
2024-11-13 00:00:00-05:00,24.488523447656195,24.50776074916923,24.431774692391784,24.478906631469727,8200,0.0,0.0
2024-11-14 00:00:00-05:00,24.478907747916345,24.478907747916345,24.401960372924805,24.401960372924805,2300,0.0,0.0
2024-11-15 00:00:00-05:00,24.47890561627174,24.47890561627174,24.382720947265625,24.382720947265625,22800,0.0,0.0
2024-11-18 00:00:00-05:00,24.430812364483696,24.46928696591413,24.30577357897473,24.382720947265625,21200,0.0,0.0
2024-11-19 00:00:00-05:00,24.37310362687352,24.42119504671579,24.32501220703125,24.32501220703125,20900,0.0,0.0
2024-11-20 00:00:00-05:00,24.334629127322227,24.37695082447191,24.325012310968738,24.34136199951172,5700,0.0,0.0
2024-11-21 00:00:00-05:00,24.392341289377867,24.392341289377867,24.286537962676057,24.36348533630371,23900,0.0,0.0
2024-11-22 00:00:00-05:00,24.286537170410156,24.344247240105776,24.26729986898827,24.286537170410156,11500,0.0,0.0
2024-11-25 00:00:00-05:00,24.30577357897473,24.391376448388495,24.30577357897473,24.382720947265625,9000,0.0,0.0
2024-11-26 00:00:00-05:00,24.334627695477586,24.382720947265625,24.32501087968995,24.382720947265625,12500,0.0,0.0
2024-11-27 00:00:00-05:00,24.296154928617124,24.41157506376848,24.296154928617124,24.382720947265625,8800,0.0,0.0
2024-11-29 00:00:00-05:00,24.411577870881082,24.469289779663086,24.373105099596597,24.469289779663086,10300,0.0,0.0
2024-12-02 00:00:00-05:00,24.411575317382812,24.469287220128034,24.392339851037725,24.411575317382812,8000,0.0,0.0
2024-12-03 00:00:00-05:00,24.41157744045385,24.44909073087177,24.40196062372993,24.430814743041992,18400,0.0,0.0
2024-12-04 00:00:00-05:00,24.4789064145017,24.4789064145017,24.401959043701638,24.45966911315918,11700,0.0,0.0
2024-12-05 00:00:00-05:00,24.440433627462216,24.472175360492432,24.417349231050288,24.45486068725586,14200,0.0,0.0
2024-12-06 00:00:00-05:00,24.47890675760423,24.49814222464633,24.440432154379913,24.49333381652832,12400,0.0,0.0
2024-12-09 00:00:00-05:00,24.481790719506442,24.505838263824124,24.45966947374945,24.49814224243164,2600,0.0,0.0
2024-12-10 00:00:00-05:00,24.488523808047972,24.517379760742188,24.488523808047972,24.517379760742188,3700,0.0,0.0
2024-12-11 00:00:00-05:00,24.507762908935547,24.527000212143882,24.44043418227658,24.507762908935547,15200,0.0,0.0
2024-12-12 00:00:00-05:00,24.488523023066513,24.62318229675293,24.488523023066513,24.62318229675293,10300,0.0,0.0
2024-12-13 00:00:00-05:00,24.683984842747734,24.683984842747734,24.620239423892535,24.644756317138672,16800,0.492,0.0
2024-12-16 00:00:00-05:00,24.693791679306056,24.762439727783203,24.664370285450552,24.762439727783203,9800,0.0,0.0
2024-12-17 00:00:00-05:00,24.72321128845215,24.772246945048185,24.664370371055945,24.72321128845215,3700,0.0,0.0
2024-12-18 00:00:00-05:00,24.772247278790783,24.772247278790783,24.595722653704915,24.60552978515625,20900,0.0,0.0
2024-12-19 00:00:00-05:00,24.617296764968522,24.664370246856056,24.536881281386425,24.595722198486328,5000,0.0,0.0
2024-12-20 00:00:00-05:00,24.615337371826172,24.64475689620517,24.561399083105876,24.615337371826172,9400,0.0,0.0
2024-12-23 00:00:00-05:00,24.644757593109315,24.73301990978039,24.6359324837537,24.713407516479492,4300,0.0,0.0
2024-12-24 00:00:00-05:00,24.615337038163066,24.77224740112112,24.615337038163066,24.73301887512207,4500,0.0,0.0
2024-12-26 00:00:00-05:00,24.615337161268254,24.703599474688456,24.615337161268254,24.69379234313965,1400,0.0,0.0
2024-12-27 00:00:00-05:00,24.681043096194248,24.703599686001365,24.576108845295376,24.615337371826172,5700,0.0,0.0
2024-12-30 00:00:00-05:00,24.605530935988366,24.713407516479492,24.605530935988366,24.713407516479492,6300,0.0,0.0
2024-12-31 00:00:00-05:00,24.72321165712587,24.772247314453125,24.63495121497494,24.772247314453125,16400,0.0,0.0
2025-01-02 00:00:00-05:00,24.75263417360044,24.762441305510464,24.703600384569466,24.713407516479492,2300,0.0,0.0
2025-01-03 00:00:00-05:00,24.752632596498035,24.76734235816627,24.752632596498035,24.762439727783203,4800,0.0,0.0
2025-01-06 00:00:00-05:00,24.762440269621358,24.77224740112112,24.615337038163066,24.73301887512207,15100,0.0,0.0
2025-01-07 00:00:00-05:00,24.644757832894935,24.80167007446289,24.644757832894935,24.80167007446289,13200,0.0,0.0
2025-01-08 00:00:00-05:00,24.67417856531094,24.870317459106445,24.67417856531094,24.870317459106445,9700,0.0,0.0
2025-01-10 00:00:00-05:00,24.81147351369001,24.821280644975182,24.762439727783203,24.762439727783203,5600,0.0,0.0
2025-01-13 00:00:00-05:00,24.775190764045412,24.775190764045412,24.67417898883939,24.713407516479492,4400,0.0,0.0
2025-01-14 00:00:00-05:00,24.742825465212867,24.821280644975182,24.742825465212867,24.762439727783203,2600,0.0,0.0
2025-01-15 00:00:00-05:00,24.87031788600159,24.87031788600159,24.683986120749417,24.713407516479492,15800,0.0,0.0
2025-01-16 00:00:00-05:00,24.72321120264253,24.821280644975182,24.72321120264253,24.762439727783203,5000,0.0,0.0
2025-01-17 00:00:00-05:00,24.870316634935694,24.919350421500095,24.752632928454457,24.811473846435547,13400,0.0,0.0
2025-01-21 00:00:00-05:00,24.83108947448942,24.860510870357093,24.79186281718502,24.840896606445312,6900,0.0,0.0
2025-01-22 00:00:00-05:00,24.840895696298603,24.94877227334174,24.752633382448597,24.82128143310547,9800,0.0,0.0
2025-01-23 00:00:00-05:00,24.82128143310547,24.8703170910883,24.811474301508902,24.82128143310547,1900,0.0,0.0
2025-01-24 00:00:00-05:00,24.81343738517648,24.860510870357093,24.81147521057764,24.840896606445312,6400,0.0,0.0
2025-01-27 00:00:00-05:00,24.784997103769175,24.909543746955475,24.784997103769175,24.82128143310547,4200,0.0,0.0
2025-01-28 00:00:00-05:00,24.87031754688059,24.87031754688059,24.83108901977539,24.83108901977539,900,0.0,0.0
2025-01-29 00:00:00-05:00,24.87031733483724,24.948772517859602,24.87031733483724,24.909543991088867,8500,0.0,0.0
2025-01-30 00:00:00-05:00,24.90954420346666,24.948772730571854,24.83108901977539,24.83108901977539,6600,0.0,0.0
2025-01-31 00:00:00-05:00,24.86051059937943,24.929158651803245,24.58591651916504,24.58591651916504,64100,0.0,0.0
2025-02-03 00:00:00-05:00,24.634951092492276,24.819320673880334,24.634951092492276,24.811473846435547,33400,0.0,0.0
2025-02-04 00:00:00-05:00,24.788920161193378,24.821282012750604,24.713407303707385,24.79186248779297,71000,0.0,0.0
2025-02-05 00:00:00-05:00,24.811474301508902,24.840895696298603,24.733019119255463,24.82128143310547,13300,0.0,0.0
2025-02-06 00:00:00-05:00,24.762439727783203,24.821280644975182,24.7330183339277,24.762439727783203,35700,0.0,0.0
2025-02-07 00:00:00-05:00,24.75263350618627,24.791862032768638,24.74282637454068,24.782054901123047,8000,0.0,0.0
2025-02-10 00:00:00-05:00,24.782054322704532,24.811473846435547,24.77224719128784,24.811473846435547,7000,0.0,0.0
2025-02-11 00:00:00-05:00,24.811474301508902,24.82128143310547,24.801669040431428,24.82128143310547,5200,0.0,0.0
2025-02-12 00:00:00-05:00,24.80166949496562,24.83108901977539,24.79186236318932,24.83108901977539,9200,0.0,0.0
2025-02-13 00:00:00-05:00,24.811474756222793,24.84089615155169,24.811474756222793,24.83108901977539,4100,0.0,0.0
2025-02-14 00:00:00-05:00,24.840895154383983,24.8507022857666,24.8359925239522,24.8507022857666,5900,0.0,0.0
2025-02-18 00:00:00-05:00,24.83108901977539,24.84383847813649,24.742826704307824,24.83108901977539,20000,0.0,0.0
2025-02-19 00:00:00-05:00,24.840895894059184,24.850703025733825,24.78205497453044,24.837953567504883,5600,0.0,0.0
2025-02-20 00:00:00-05:00,24.840895609312074,24.860509872436523,24.82128134618763,24.860509872436523,5800,0.0,0.0
2025-02-21 00:00:00-05:00,24.8507027408743,24.860509872436523,24.79186182202004,24.860509872436523,10400,0.0,0.0
2025-02-24 00:00:00-05:00,24.811473760236122,24.8507022857666,24.811473760236122,24.8507022857666,8500,0.0,0.0
2025-02-25 00:00:00-05:00,24.850703283327988,24.860510415104287,24.83108901977539,24.83108901977539,2900,0.0,0.0
2025-02-26 00:00:00-05:00,24.860510327364757,24.870317459106445,24.840896063881384,24.870317459106445,8200,0.0,0.0
2025-02-27 00:00:00-05:00,24.89973683181446,24.938965358541743,24.870317307288108,24.925235748291016,9700,0.0,0.0
2025-02-28 00:00:00-05:00,24.929157257080078,24.929157257080078,24.87031633979726,24.929157257080078,8600,0.0,0.0
2025-03-03 00:00:00-05:00,24.870316793913403,24.94877197522938,24.870316793913403,24.93896484375,7700,0.0,0.0
2025-03-04 00:00:00-05:00,24.987999298968454,24.987999298968454,24.870317459106445,24.870317459106445,4300,0.0,0.0
2025-03-05 00:00:00-05:00,24.909543449311858,24.958579106708765,24.870316793913403,24.93896484375,13700,0.0,0.0
2025-03-06 00:00:00-05:00,24.95858034642879,25.007614135742188,24.860510897282833,25.007614135742188,125000,0.0,0.0
2025-03-07 00:00:00-05:00,24.9526952392622,25.007613680860388,24.9526952392622,24.997806549072266,6600,0.0,0.0
2025-03-10 00:00:00-04:00,24.958580434929015,25.022323987158625,24.958580434929015,24.968385696411133,6500,0.0,0.0
2025-03-11 00:00:00-04:00,24.992903008138338,24.99780563859427,24.94975200394608,24.978191375732422,5800,0.0,0.0
2025-03-12 00:00:00-04:00,24.987998420872305,25.046841209254648,24.929157503009012,25.017419815063477,11500,0.0,0.0
2025-03-13 00:00:00-04:00,25.017420357231124,25.017420357231124,24.968384699183158,24.987998962402344,7400,0.0,0.0
2025-03-14 00:00:00-04:00,25.149999618530273,25.149999618530273,25.030000686645508,25.09000015258789,39800,0.492,0.0
2025-03-17 00:00:00-04:00,25.15999984741211,25.15999984741211,25.110000610351562,25.158000946044922,2700,0.0,0.0
2025-03-18 00:00:00-04:00,25.110000610351562,25.200000762939453,25.09000015258789,25.18000030517578,11700,0.0,0.0
2025-03-19 00:00:00-04:00,25.18000030517578,25.200000762939453,25.17300033569336,25.174999237060547,6500,0.0,0.0
2025-03-20 00:00:00-04:00,25.239999771118164,25.2549991607666,25.09000015258789,25.190000534057617,18600,0.0,0.0
2025-03-21 00:00:00-04:00,25.149999618530273,25.191999435424805,25.1299991607666,25.170000076293945,15200,0.0,0.0
2025-03-24 00:00:00-04:00,25.202999114990234,25.202999114990234,25.149999618530273,25.149999618530273,6900,0.0,0.0
2025-03-25 00:00:00-04:00,25.200000762939453,25.25,25.170000076293945,25.18000030517578,4200,0.0,0.0
2025-03-26 00:00:00-04:00,25.25,25.299999237060547,25.149999618530273,25.149999618530273,11400,0.0,0.0
2025-03-27 00:00:00-04:00,25.200000762939453,25.200000762939453,25.100000381469727,25.100000381469727,32600,0.0,0.0
2025-03-28 00:00:00-04:00,25.170000076293945,25.190000534057617,25.0939998626709,25.125,23100,0.0,0.0
2025-03-31 00:00:00-04:00,25.1299991607666,25.170000076293945,25.091999053955078,25.1299991607666,12600,0.0,0.0
2025-04-01 00:00:00-04:00,25.149999618530273,25.18000030517578,25.100000381469727,25.15999984741211,10700,0.0,0.0
2025-04-02 00:00:00-04:00,25.15999984741211,25.18000030517578,25.100000381469727,25.139999389648438,3500,0.0,0.0
2025-04-03 00:00:00-04:00,25.09000015258789,25.149999618530273,25.079999923706055,25.079999923706055,39600,0.0,0.0
2025-04-04 00:00:00-04:00,25.059999465942383,25.100000381469727,24.969999313354492,25.079999923706055,113400,0.0,0.0
2025-04-07 00:00:00-04:00,25.040000915527344,25.079999923706055,24.93000030517578,24.989999771118164,54600,0.0,0.0
2025-04-08 00:00:00-04:00,24.989999771118164,25.086999893188477,24.93000030517578,24.950000762939453,23300,0.0,0.0
2025-04-09 00:00:00-04:00,24.979999542236328,25.014999389648438,24.854999542236328,25.0,38500,0.0,0.0
2025-04-10 00:00:00-04:00,25.0,25.0,24.780000686645508,24.790000915527344,29700,0.0,0.0
2025-04-11 00:00:00-04:00,24.81999969482422,24.969999313354492,24.809999465942383,24.920000076293945,9900,0.0,0.0
2025-04-14 00:00:00-04:00,25.020000457763672,25.049999237060547,24.920000076293945,25.030000686645508,9300,0.0,0.0
2025-04-15 00:00:00-04:00,24.950000762939453,25.030000686645508,24.950000762939453,25.030000686645508,7900,0.0,0.0
2025-04-16 00:00:00-04:00,25.030000686645508,25.049999237060547,24.969999313354492,25.0,5300,0.0,0.0
2025-04-17 00:00:00-04:00,25.049999237060547,25.280000686645508,25.0,25.059999465942383,13500,0.0,0.0
2025-04-21 00:00:00-04:00,25.0,25.1299991607666,24.860000610351562,25.059999465942383,20300,0.0,0.0
2025-04-22 00:00:00-04:00,25.065000534057617,25.079999923706055,25.0,25.079999923706055,13100,0.0,0.0
2025-04-23 00:00:00-04:00,25.110000610351562,25.139999389648438,25.06999969482422,25.1200008392334,9800,0.0,0.0
2025-04-24 00:00:00-04:00,25.100000381469727,25.15999984741211,25.079999923706055,25.1299991607666,5500,0.0,0.0
2025-04-25 00:00:00-04:00,25.18000030517578,25.18000030517578,25.110000610351562,25.139999389648438,2700,0.0,0.0
2025-04-28 00:00:00-04:00,25.1299991607666,25.149999618530273,25.09000015258789,25.149999618530273,9300,0.0,0.0
2025-04-29 00:00:00-04:00,25.149999618530273,25.18000030517578,25.1299991607666,25.18000030517578,4200,0.0,0.0
2025-04-30 00:00:00-04:00,25.170000076293945,25.260000228881836,25.15999984741211,25.239999771118164,109800,0.0,0.0
2025-05-01 00:00:00-04:00,25.209999084472656,25.25,25.200000762939453,25.219999313354492,108900,0.0,0.0
2025-05-02 00:00:00-04:00,25.259000778198242,25.260000228881836,25.209999084472656,25.260000228881836,5200,0.0,0.0
