Date,Open,High,Low,Close,Volume,Dividends,Stock Splits
2004-10-05 00:00:00-04:00,8.318841976923627,8.899226300895045,7.885488023639699,8.690287590026855,13656000,0.0,0.0
2004-10-06 00:00:00-04:00,8.558734401324505,8.77928032409788,8.318841891818577,8.705764770507812,2038400,0.0,0.0
2004-10-07 00:00:00-04:00,8.609029275758424,8.744452355785368,8.396222105713523,8.667067527770996,1321400,0.0,0.0
2004-10-08 00:00:00-04:00,8.705764749775762,8.899226188659668,8.705764749775762,8.899226188659668,349400,0.0,0.0
2004-10-11 00:00:00-04:00,8.968871463599498,9.622771263591858,8.85279416991034,9.286148071289062,810000,0.0,0.0
2004-10-12 00:00:00-04:00,9.150725177250973,9.79301704376098,8.821840609942413,9.669201850891113,997200,0.0,0.0
2004-10-13 00:00:00-04:00,9.626641249786763,9.982610340743332,9.382880151999816,9.487349510192871,460800,0.0,0.0
2004-10-14 00:00:00-04:00,9.479609578616042,9.673070998587798,9.208763295456883,9.270670890808105,164800,0.0,0.0
2004-10-15 00:00:00-04:00,9.37900861219316,9.55699348449707,9.208762373032178,9.55699348449707,601600,0.0,0.0
2004-10-18 00:00:00-04:00,9.556992231369525,9.572468757629395,9.382876698467374,9.572468757629395,104000,0.0,0.0
2004-10-19 00:00:00-04:00,9.591817511518,9.591817511518,8.9843480357343,9.131379127502441,480400,0.0,0.0
2004-10-20 00:00:00-04:00,9.053995192167427,9.359664619842475,8.454265026826048,8.899226188659668,491200,0.0,0.0
2004-10-21 00:00:00-04:00,8.937917708436698,9.452525053631707,8.8992252770242,9.131379127502441,278400,0.0,0.0
2004-10-22 00:00:00-04:00,9.286148071289062,9.38287878036499,8.411702372683067,9.286148071289062,347600,0.0,0.0
2004-10-25 00:00:00-04:00,9.286146123358545,9.286146123358545,8.876008209549253,9.092684745788574,214800,0.0,0.0
2004-10-26 00:00:00-04:00,9.19328475068455,9.286146123358545,8.99982337311458,9.092684745788574,98200,0.0,0.0
2004-10-27 00:00:00-04:00,8.906960995408593,9.104291666823412,8.732845480043602,9.003691673278809,307000,0.0,0.0
2004-10-28 00:00:00-04:00,8.868272387958116,9.429310855920171,8.539387794256111,8.899226188659668,336200,0.0,0.0
2004-10-29 00:00:00-04:00,8.899224714995555,8.937917143964441,8.705763308147825,8.906963348388672,429000,0.0,0.0
2004-11-01 00:00:00-05:00,8.74445756606042,9.053995586559415,8.74445756606042,8.918572425842285,304000,0.0,0.0
2004-11-02 00:00:00-05:00,8.899226362129587,9.247456811309204,8.899226362129587,9.243587493896484,336000,0.0,0.0
2004-11-03 00:00:00-05:00,9.479607594286533,9.560861019427767,9.22423863241895,9.324838638305664,232000,0.0,0.0
2004-11-04 00:00:00-05:00,9.382883122360038,9.556998774468646,9.274544412381672,9.460268020629883,57000,0.0,0.0
2004-11-05 00:00:00-05:00,9.576338384770748,9.576338384770748,9.123638722516267,9.154592514038086,143800,0.0,0.0
2004-11-08 00:00:00-05:00,9.216502463141778,9.216502463141778,8.918571682011617,9.019171714782715,82800,0.0,0.0
2004-11-09 00:00:00-05:00,8.9069625492394,9.09268530603062,8.868270123742072,9.073339462280273,198000,0.0,0.0
2004-11-10 00:00:00-05:00,9.088816319144566,9.529908067012146,9.042385997262011,9.301624298095703,220200,0.0,0.0
2004-11-11 00:00:00-05:00,9.305491691122388,10.12189891651777,9.208761005193896,9.963260650634766,544000,0.0,0.0
2004-11-12 00:00:00-05:00,10.214763677205406,10.265064063863342,9.386748966959757,9.827840805053711,108400,0.0,0.0
2004-11-15 00:00:00-05:00,10.11803156821884,10.272800548203714,9.665331840515137,9.665331840515137,363800,0.0,0.0
2004-11-16 00:00:00-05:00,9.750457907234109,9.750457907234109,9.491219520568848,9.491219520568848,76600,0.0,0.0
2004-11-17 00:00:00-05:00,9.57634024129208,9.796886140890843,9.56086297353236,9.762063026428223,188400,0.0,0.0
2004-11-18 00:00:00-05:00,9.58020977326549,9.858793957222693,9.382879032880355,9.669201850891113,101200,0.0,0.0
2004-11-19 00:00:00-05:00,9.665333550714909,9.673072185582617,9.170072727131057,9.514433860778809,136200,0.0,0.0
2004-11-22 00:00:00-05:00,9.398355187612857,9.653724177153904,9.266801376273934,9.464131355285645,50800,0.0,0.0
2004-11-23 00:00:00-05:00,9.270665887846858,9.510558243871294,9.146850763961865,9.483473777770996,114600,0.0,0.0
2004-11-24 00:00:00-05:00,9.162333730631646,10.052256041381822,9.162333730631646,9.827840805053711,96400,0.0,0.0
2004-11-26 00:00:00-05:00,9.827842989211339,9.827842989211339,9.76980469308941,9.773674011230469,11600,0.0,0.0
2004-11-29 00:00:00-05:00,9.282278467962543,9.885877867333239,9.282278467962543,9.831708908081055,85800,0.0,0.0
2004-11-30 00:00:00-05:00,9.827840805053711,9.862663922587108,9.711764238606927,9.827840805053711,251400,0.0,0.0
2004-12-01 00:00:00-05:00,9.982613471893044,10.156729123494642,9.719506442135303,10.087082862854004,389800,0.0,0.0
2004-12-02 00:00:00-05:00,10.05999340787289,10.50495450716023,10.04064756190259,10.373400688171387,347800,0.0,0.0
2004-12-03 00:00:00-05:00,10.504956483520413,10.942179769475095,10.37340263978156,10.926702499389648,399600,0.0,0.0
2004-12-06 00:00:00-05:00,10.98860831835322,11.38326978544679,10.412093385283628,11.143377304077148,521800,0.0,0.0
2004-12-07 00:00:00-05:00,11.220762119895905,11.220762119895905,10.73710858024522,11.004085540771484,116800,0.0,0.0
2004-12-08 00:00:00-05:00,10.891879095007418,11.124032974243164,10.891879095007418,11.124032974243164,117600,0.0,0.0
2004-12-09 00:00:00-05:00,11.143373723514069,11.143373723514069,10.876397585673224,10.934435844421387,137000,0.0,0.0
2004-12-10 00:00:00-05:00,10.833839416503906,10.891877694350114,10.698416276198259,10.833839416503906,177800,0.0,0.0
2004-12-13 00:00:00-05:00,10.980871232568658,10.980871232568658,10.593948344714985,10.737110137939453,204200,0.0,0.0
2004-12-14 00:00:00-05:00,10.829968607813468,10.829968607813468,10.609422739578795,10.69841480255127,122000,0.0,0.0
2004-12-15 00:00:00-05:00,10.582341653322562,10.744849303771275,10.582341653322562,10.679072380065918,328200,0.0,0.0
2004-12-16 00:00:00-05:00,10.756450336064315,10.860919638019471,10.543643154745105,10.721627235412598,140600,0.0,0.0
2004-12-17 00:00:00-05:00,10.92283283569295,10.946048740085338,10.059994981690291,10.570733070373535,811600,0.0,0.0
2004-12-20 00:00:00-05:00,11.0079529782589,11.0079529782589,9.990345691291925,10.446914672851562,289200,0.0,0.0
2004-12-21 00:00:00-05:00,10.059992677916705,10.636507554360794,10.059992677916705,10.230238914489746,183000,0.0,0.0
2004-12-22 00:00:00-05:00,10.307624122971902,10.698416276198259,10.1760702995889,10.64037799835205,358600,0.0,0.0
2004-12-23 00:00:00-05:00,10.713892891213941,10.915092192957575,10.601684921282976,10.675200462341309,51600,0.0,0.0
2004-12-27 00:00:00-05:00,10.946048851618922,10.946048851618922,10.551387328888932,10.737110137939453,36800,0.0,0.0
2004-12-28 00:00:00-05:00,10.717762942650788,11.398746490308078,10.508824255212922,11.298147201538086,149800,0.0,0.0
2004-12-29 00:00:00-05:00,11.344578406542935,11.375532206558185,11.158855606451432,11.220763206481934,18200,0.0,0.0
2004-12-30 00:00:00-05:00,11.31749441727348,11.31749441727348,11.124032974243164,11.124032974243164,21400,0.0,0.0
2004-12-31 00:00:00-05:00,11.124032851579873,11.445178813949088,11.069863884287686,11.433570861816406,78600,0.0,0.0
2005-01-03 00:00:00-05:00,11.456782370663934,11.824358524548876,11.13950584739606,11.402612686157227,184800,0.0,0.0
2005-01-04 00:00:00-05:00,11.236239137522803,11.47613087457647,11.081469417879088,11.44517707824707,79600,0.0,0.0
2005-01-05 00:00:00-05:00,11.243979755310098,11.491610923894289,10.651988164937736,11.046648979187012,169600,0.0,0.0
2005-01-06 00:00:00-05:00,10.888008581803017,11.661854268936064,10.888008581803017,11.565123558044434,215600,0.0,0.0
2005-01-07 00:00:00-05:00,11.607685520655258,11.80114694599951,11.360055132373578,11.66572380065918,124800,0.0,0.0
2005-01-10 00:00:00-05:00,11.801149858778974,11.924965083480092,11.576734579508956,11.754718780517578,102800,0.0,0.0
2005-01-11 00:00:00-05:00,11.882401472350343,11.909486694282055,11.712155933903473,11.832101821899414,66400,0.0,0.0
2005-01-12 00:00:00-05:00,11.839838541652371,11.847577175238285,11.224631193509879,11.638638496398926,400800,0.0,0.0
2005-01-13 00:00:00-05:00,11.642508291006445,11.704415886241037,11.414223756830102,11.592207908630371,102200,0.0,0.0
2005-01-14 00:00:00-05:00,11.71989258841014,11.73536911747347,11.510953911079849,11.704415321350098,60000,0.0,0.0
2005-01-18 00:00:00-05:00,11.82049605353042,12.30028117015022,11.704419461507646,12.18807315826416,281800,0.0,0.0
2005-01-19 00:00:00-05:00,11.983000427656872,12.048777341835027,11.151116445754393,11.472262382507324,332600,0.0,0.0
2005-01-20 00:00:00-05:00,11.607686483064796,11.607686483064796,11.073733229562421,11.189809799194336,262200,0.0,0.0
2005-01-21 00:00:00-05:00,11.34457791229038,11.607685569955521,11.17046307153911,11.510954856872559,203200,0.0,0.0
2005-01-24 00:00:00-05:00,11.30975635297732,11.77406413487179,11.30975635297732,11.619295120239258,225200,0.0,0.0
2005-01-25 00:00:00-05:00,11.723763571225815,11.723763571225815,11.549648709077033,11.607686996459961,243400,0.0,0.0
2005-01-26 00:00:00-05:00,11.646379203246077,11.839840649353166,11.588340917013321,11.70054817199707,139200,0.0,0.0
2005-01-27 00:00:00-05:00,11.708289176138353,11.824365772092017,11.576735307125798,11.746981620788574,69800,0.0,0.0
2005-01-28 00:00:00-05:00,11.801150200858949,12.280934579481775,11.704419461507646,12.18807315826416,82000,0.0,0.0
2005-01-31 00:00:00-05:00,12.304146585841126,12.667855016897683,12.28867005528368,12.435700416564941,360200,0.0,0.0
2005-02-01 00:00:00-05:00,12.478259540229045,12.54016712541991,12.249975043089,12.331229209899902,221000,0.0,0.0
2005-02-02 00:00:00-05:00,12.24223502976513,12.53242707936826,12.24223502976513,12.47825813293457,133600,0.0,0.0
2005-02-03 00:00:00-05:00,12.377664214280655,12.497610113733439,12.091341339911187,12.397010803222656,155800,0.0,0.0
2005-02-04 00:00:00-05:00,12.501479073121713,12.55564804141481,12.358317279494011,12.424094200134277,230600,0.0,0.0
2005-02-07 00:00:00-05:00,12.513082727257949,12.513082727257949,12.242236486859767,12.26545238494873,106200,0.0,0.0
2005-02-08 00:00:00-05:00,12.373792696722921,12.373792696722921,12.12616230626341,12.269323348999023,77200,0.0,0.0
2005-02-09 00:00:00-05:00,12.246105469572969,12.2847978940038,12.056513401658174,12.087467193603516,120800,0.0,0.0
2005-02-10 00:00:00-05:00,12.03717152767755,12.095209814463514,11.75084867326952,11.816625595092773,85000,0.0,0.0
2005-02-11 00:00:00-05:00,11.777931255600215,11.777931255600215,11.418092902450637,11.53030014038086,138400,0.0,0.0
2005-02-14 00:00:00-05:00,11.49160896785194,11.518693449337633,11.294278225317473,11.472262382507324,298200,0.0,0.0
2005-02-15 00:00:00-05:00,11.367791656089524,11.468391673682826,11.33683786129133,11.414222717285156,96600,0.0,0.0
2005-02-16 00:00:00-05:00,11.336837978371175,11.452915263560689,11.151115207663981,11.243976593017578,208800,0.0,0.0
2005-02-17 00:00:00-05:00,11.232370203575556,11.321362278806191,10.14898581912712,10.64037799835205,617600,0.0,0.0
2005-02-18 00:00:00-05:00,10.644245772698422,10.651984405422224,10.350184371163708,10.46626091003418,248000,0.0,0.0
2005-02-22 00:00:00-05:00,10.388876809894626,10.504953348911561,10.164461626597685,10.261192321777344,221800,0.0,0.0
2005-02-23 00:00:00-05:00,10.369531316874392,10.369531316874392,9.793016401628442,10.090947151184082,323400,0.0,0.0
2005-02-24 00:00:00-05:00,10.048385330195437,10.392747140478638,9.90909361738111,10.35018539428711,120200,0.0,0.0
2005-02-25 00:00:00-05:00,10.408222808919765,10.907353557727287,10.408222808919765,10.775799751281738,241800,0.0,0.0
2005-02-28 00:00:00-05:00,10.698416276198259,10.949915972196322,10.698416276198259,10.833839416503906,300600,0.0,0.0
2005-03-01 00:00:00-05:00,10.698417239897248,11.193678780657317,10.698417239897248,11.065994262695312,336000,0.0,0.0
2005-03-02 00:00:00-05:00,11.02729706656552,11.220758418610528,10.810620558914126,10.91122055053711,204200,0.0,0.0
2005-03-03 00:00:00-05:00,10.868663470765776,11.162724940347529,10.799017236128414,11.027301788330078,233000,0.0,0.0
2005-03-04 00:00:00-05:00,10.91896252054806,11.038909134957834,10.694547297905933,10.95765495300293,305200,0.0,0.0
2005-03-07 00:00:00-05:00,11.054386310881746,11.104686697410395,10.888009358204659,11.065994262695312,92600,0.0,0.0
2005-03-08 00:00:00-05:00,11.13950885561699,11.13950885561699,10.725500799212226,10.87253189086914,87600,0.0,0.0
2005-03-09 00:00:00-05:00,10.868662488236799,11.131770133972168,10.702285551198447,11.131770133972168,138800,0.0,0.0
2005-03-10 00:00:00-05:00,11.143377907557586,11.251716572429888,10.977001700142058,11.213024139404297,256400,0.0,0.0
2005-03-11 00:00:00-05:00,11.259456036172217,11.267194670946834,11.104687030664055,11.189809799194336,161400,0.0,0.0
2005-03-14 00:00:00-05:00,11.147248051505777,11.259456041803332,11.127902202556392,11.139510154724121,221400,0.0,0.0
2005-03-15 00:00:00-05:00,11.182071892621698,11.259456769413674,11.135641556944014,11.232372283935547,91800,0.0,0.0
2005-03-16 00:00:00-05:00,11.131768958643065,11.236238290124843,11.08146858215332,11.08146858215332,137200,0.0,0.0
2005-03-17 00:00:00-05:00,11.065995110746956,11.2517179260162,11.065995110746956,11.182071685791016,65200,0.0,0.0
2005-03-18 00:00:00-05:00,11.232369811930143,11.232369811930143,11.046646296102564,11.201416015625,186800,0.0,0.0
2005-03-21 00:00:00-05:00,11.135639106226979,11.2788001373895,11.124031155863781,11.201416015625,265600,0.0,0.0
2005-03-22 00:00:00-05:00,11.14337378167794,11.708281323500001,11.14337378167794,11.646373748779297,252400,0.0,0.0
2005-03-23 00:00:00-05:00,11.712154345846931,11.746977459897755,11.553516043169513,11.723761558532715,240200,0.0,0.0
2005-03-24 00:00:00-05:00,11.777931644780615,11.894008203440073,11.634769866970306,11.886269569396973,577200,0.0,0.0
2005-03-28 00:00:00-05:00,11.921093966483076,11.994609521804218,11.704417355954115,11.727632522583008,148600,0.0,0.0
2005-03-29 00:00:00-05:00,11.785668538141497,11.785668538141497,10.795146342794604,10.918961524963379,452000,0.0,0.0
2005-03-30 00:00:00-05:00,10.911224058755117,11.019561978415785,10.485608799811372,10.73323917388916,846800,0.0,0.0
2005-03-31 00:00:00-05:00,10.67907192089767,10.926702334554292,10.67907192089767,10.864794731140137,150400,0.0,0.0
2005-04-01 00:00:00-05:00,10.973132736788184,10.973132736788184,10.369532533322534,10.47400188446045,414200,0.0,0.0
2005-04-04 00:00:00-04:00,10.408224902821374,10.806755718757966,10.218632787860313,10.771932601928711,164400,0.0,0.0
2005-04-05 00:00:00-04:00,10.740977566456849,11.282669366590078,10.740977566456849,11.174330711364746,167200,0.0,0.0
2005-04-06 00:00:00-04:00,11.28653822149302,11.425830667083234,11.251715110095466,11.414222717285156,63200,0.0,0.0
2005-04-07 00:00:00-04:00,11.491610862548022,11.491610862548022,10.961526144655366,11.332972526550293,190800,0.0,0.0
2005-04-08 00:00:00-04:00,11.259456305389454,11.286540789751378,10.876402730849001,11.135641098022461,233200,0.0,0.0
2005-04-11 00:00:00-04:00,11.255584329553425,11.348445713146567,11.154984312828352,11.286538124084473,86600,0.0,0.0
2005-04-12 00:00:00-04:00,11.224635094765679,11.60768873444265,11.158858162417292,11.596080780029297,128400,0.0,0.0
2005-04-13 00:00:00-04:00,11.518689342597638,11.68119691157,11.294274198587853,11.425827980041504,147000,0.0,0.0
2005-04-14 00:00:00-04:00,11.41035399310254,11.456785056708837,10.868662187011582,10.953784942626953,256000,0.0,0.0
2005-04-15 00:00:00-04:00,10.961523255204074,11.131769499445639,10.675200462341309,10.675200462341309,152200,0.0,0.0
2005-04-18 00:00:00-04:00,10.783538048065598,11.131768397452724,10.729368357807779,10.84544563293457,203400,0.0,0.0
2005-04-19 00:00:00-04:00,10.888005950968463,10.918959741454648,10.686806681806551,10.891875267028809,181600,0.0,0.0
2005-04-20 00:00:00-04:00,10.837707191318406,10.860922351554231,10.640376484322287,10.659722328186035,173400,0.0,0.0
2005-04-21 00:00:00-04:00,10.810621436388121,10.818359330220657,10.307621437445817,10.315360069274902,608600,0.0,0.0
2005-04-22 00:00:00-04:00,10.315359026992255,10.373397283853004,9.88587459782905,10.071598052978516,500200,0.0,0.0
2005-04-25 00:00:00-04:00,10.187676046348269,10.272798786240749,10.05999156751126,10.218629837036133,136400,0.0,0.0
2005-04-26 00:00:00-04:00,10.137382983429617,10.249590270647746,10.063867406150598,10.141251564025879,217400,0.0,0.0
2005-04-27 00:00:00-04:00,10.044515915043196,10.218631476851149,10.036778019626944,10.079339027404785,164600,0.0,0.0
2005-04-28 00:00:00-04:00,9.95165569171063,10.12577127387767,9.912963996115101,9.936179161071777,73600,0.0,0.0
2005-04-29 00:00:00-04:00,9.924571030662676,10.210893853288791,9.86653275031898,10.067732810974121,121800,0.0,0.0
2005-05-02 00:00:00-04:00,10.176072228075023,10.37727231820197,10.005826679195499,10.292149543762207,128600,0.0,0.0
2005-05-03 00:00:00-04:00,10.234109272214639,10.354055144323185,10.183808890429392,10.214762687683105,107800,0.0,0.0
2005-05-04 00:00:00-04:00,10.55912806912518,10.75258955162585,10.535912159867266,10.555258750915527,353000,0.0,0.0
2005-05-05 00:00:00-04:00,11.13564240418255,11.503218751918734,10.977004058886429,11.11629581451416,387800,0.0,0.0
2005-05-06 00:00:00-04:00,11.220761642305284,11.282669233705853,10.818361560204885,11.151115417480469,270400,0.0,0.0
2005-05-09 00:00:00-04:00,11.317492046651257,11.414222747904686,11.14337648919641,11.259453773498535,313200,0.0,0.0
2005-05-10 00:00:00-04:00,11.607684824569494,11.704415531440906,11.220761997083844,11.418092727661133,960400,0.0,0.0
2005-05-11 00:00:00-04:00,11.460653373877584,11.499345062511857,10.97699988598262,11.302014350891113,304200,0.0,0.0
2005-05-12 00:00:00-04:00,11.25945455402746,11.460654603701405,11.135639365919412,11.247846603393555,73600,0.0,0.0
2005-05-13 00:00:00-04:00,11.274932663647823,11.274932663647823,10.907356364688326,11.124032974243164,330400,0.0,0.0
2005-05-16 00:00:00-04:00,11.02729921536848,11.220760605111785,11.02729921536848,11.216891288757324,81200,0.0,0.0
2005-05-17 00:00:00-04:00,11.220760919163153,11.541906805605544,11.096945744341507,11.302014350891113,341400,0.0,0.0
2005-05-18 00:00:00-04:00,11.35618492800887,11.917222574873325,11.189807997132936,11.654115676879883,302800,0.0,0.0
2005-05-19 00:00:00-04:00,11.545777320861816,11.657984557945621,11.518692840806992,11.545777320861816,498600,0.0,0.0
2005-05-20 00:00:00-04:00,11.603815296942328,11.661853572411518,11.332969765420538,11.654115676879883,205400,0.0,0.0
2005-05-23 00:00:00-04:00,11.657985166526185,11.719893501593374,11.425832046510495,11.66572380065918,84000,0.0,0.0
2005-05-24 00:00:00-04:00,11.712157236987453,11.95591835751879,11.565126110701252,11.944311141967773,137800,0.0,0.0
2005-05-25 00:00:00-04:00,11.967523444953258,11.967523444953258,11.743108229416976,11.801146507263184,196000,0.0,0.0
2005-05-26 00:00:00-04:00,11.921092070734504,11.921092070734504,11.54964651175389,11.716023445129395,94000,0.0,0.0
2005-05-27 00:00:00-04:00,11.638638338228915,12.048776318751196,11.638638338228915,11.963653564453125,108600,0.0,0.0
2005-05-31 00:00:00-04:00,12.06425530030096,12.075862514175004,11.82049347699069,11.863055229187012,150400,0.0,0.0
2005-06-01 00:00:00-04:00,11.95591471679297,12.021691624207554,11.816623006618386,12.00621509552002,122800,0.0,0.0
2005-06-02 00:00:00-04:00,11.874660746899492,12.226760430174423,11.839837636422045,12.219021797180176,111200,0.0,0.0
2005-06-03 00:00:00-04:00,12.071993772066476,12.342839336762221,12.037170654920383,12.226762771606445,236000,0.0,0.0
2005-06-06 00:00:00-04:00,12.184200404491486,12.830361590676818,12.184200404491486,12.594338417053223,228000,0.0,0.0
2005-06-07 00:00:00-04:00,12.691071575172018,12.710417426117113,12.079733386545985,12.397010803222656,161000,0.0,0.0
2005-06-08 00:00:00-04:00,12.400875196270869,12.652375601627796,12.373790718893146,12.571122169494629,103800,0.0,0.0
2005-06-09 00:00:00-04:00,12.420221093404384,12.803275308790472,12.19193732396745,12.660114288330078,452000,0.0,0.0
2005-06-10 00:00:00-04:00,12.71041756581206,12.791672502264603,12.644641376677056,12.741372108459473,122600,0.0,0.0
2005-06-13 00:00:00-04:00,12.671722267663503,13.422352001932355,12.671722267663503,13.283061027526855,212600,0.0,0.0
2005-06-14 00:00:00-04:00,13.364315121114883,13.379792388806564,12.969653650937936,13.255975723266602,129400,0.0,0.0
2005-06-15 00:00:00-04:00,12.958045624789237,12.961914203472585,12.246106853591924,12.443437576293945,595000,0.0,0.0
2005-06-16 00:00:00-04:00,12.443437269896606,12.59820698130062,12.311883458001201,12.408614158630371,299400,0.0,0.0
2005-06-17 00:00:00-04:00,12.509215570522624,12.532429995256537,12.130030643273178,12.466653823852539,408800,0.0,0.0
2005-06-20 00:00:00-04:00,12.466653747395052,12.741368595680056,12.31575334557963,12.683329582214355,162000,0.0,0.0
2005-06-21 00:00:00-04:00,12.698804543608905,13.00060381645005,12.671720069174093,12.861312866210938,133000,0.0,0.0
2005-06-22 00:00:00-04:00,12.923220700624983,13.07798891814557,12.644635842697463,12.814881324768066,271400,0.0,0.0
2005-06-23 00:00:00-04:00,12.718154034841108,13.066385200331554,12.718154034841108,12.795538902282715,203600,0.0,0.0
2005-06-24 00:00:00-04:00,12.749112350221885,12.996742818621712,12.478265971911817,12.977396965026855,1205000,0.0,0.0
2005-06-27 00:00:00-04:00,12.977392284797384,13.11281468711602,12.845838461404929,13.062514305114746,343200,0.0,0.0
2005-06-28 00:00:00-04:00,13.058640974371537,13.735755691561172,13.058640974371537,13.580986022949219,535400,0.0,0.0
2005-06-29 00:00:00-04:00,13.770585268179563,13.809276965529056,13.44556999206543,13.44556999206543,1920000,0.0,0.0
2005-06-30 00:00:00-04:00,13.542300711432807,13.542300711432807,13.426224143390682,13.44556999206543,993200,0.0,0.0
2005-07-01 00:00:00-04:00,13.426220838804943,13.704804238339786,13.418482206041018,13.64289665222168,389600,0.0,0.0
2005-07-05 00:00:00-04:00,13.596464337028706,14.157502584165908,13.546163969438913,14.072379112243652,776400,0.0,0.0
2005-07-06 00:00:00-04:00,14.07238419583943,14.10720731275161,13.793800736535566,13.913745880126953,278000,0.0,0.0
2005-07-07 00:00:00-04:00,13.793801637291633,13.979524447620054,13.54230116805878,13.917616844177246,280800,0.0,0.0
2005-07-08 00:00:00-04:00,13.948567346067028,13.95630597957529,13.561644526614444,13.952437400817871,273400,0.0,0.0
2005-07-11 00:00:00-04:00,13.971789702711394,14.343235426786025,13.936966573829766,14.08399772644043,287800,0.0,0.0
2005-07-12 00:00:00-04:00,14.153635695674033,14.153635695674033,13.906003881979508,14.01434326171875,148800,0.0,0.0
2005-07-13 00:00:00-04:00,14.022083535807633,14.169113143534453,13.731891423093012,13.875052452087402,232800,0.0,0.0
2005-07-14 00:00:00-04:00,13.929224626132587,13.983393596852991,13.565517625585764,13.90600872039795,268000,0.0,0.0
2005-07-15 00:00:00-04:00,13.793797193909874,14.10720368963453,13.793797193909874,14.056904792785645,240800,0.0,0.0
2005-07-18 00:00:00-04:00,14.0336930372789,14.281323444365082,14.014347188474101,14.188461303710938,349400,0.0,0.0
2005-07-19 00:00:00-04:00,14.223283074774193,14.42835318546371,14.149768265881582,14.169114112854004,278200,0.0,0.0
2005-07-20 00:00:00-04:00,14.145899129166404,14.428352616609564,14.049168422124495,14.38192081451416,142000,0.0,0.0
2005-07-21 00:00:00-04:00,14.385793311376727,14.385793311376727,13.933092758056942,13.991131782531738,204000,0.0,0.0
2005-07-22 00:00:00-04:00,14.025952387395792,14.242629700462166,13.878921300815273,14.207806587219238,235000,0.0,0.0
2005-07-25 00:00:00-04:00,14.219420185427815,14.300673660820246,14.056913234642952,14.08399772644043,125000,0.0,0.0
2005-07-26 00:00:00-04:00,14.099467835679695,14.509606579689928,14.08399204374976,14.366445541381836,214400,0.0,0.0
2005-07-27 00:00:00-04:00,14.393531253724715,14.393531253724715,13.979523895308969,14.219415664672852,204600,0.0,0.0
2005-07-28 00:00:00-04:00,14.26971744893278,14.54830094269929,14.19233257111117,14.416747093200684,136200,0.0,0.0
2005-07-29 00:00:00-04:00,14.494124605188686,14.60246396947899,14.43221702959124,14.556032180786133,158200,0.0,0.0
2005-08-01 00:00:00-04:00,14.583120308627478,14.734021445718346,14.447697914307545,14.687589645385742,131000,0.0,0.0
2005-08-02 00:00:00-04:00,14.718545827133779,14.792060638569211,14.637292381443,14.74176025390625,120400,0.0,0.0
2005-08-03 00:00:00-04:00,14.799802753982483,14.799802753982483,14.289064580944169,14.439964294433594,253200,0.0,0.0
2005-08-04 00:00:00-04:00,14.40513025276317,14.470907871557424,14.091722371198816,14.21553897857666,180200,0.0,0.0
2005-08-05 00:00:00-04:00,14.180724131488624,14.335492397773375,13.468785973796553,13.522954940795898,197400,0.0,0.0
2005-08-08 00:00:00-04:00,13.542304552003587,13.967919247526074,13.542304552003587,13.894404411315918,217200,0.0,0.0
2005-08-09 00:00:00-04:00,13.906004352692115,14.66050407816058,13.906004352692115,14.316143035888672,294400,0.0,0.0
2005-08-10 00:00:00-04:00,14.393529020531785,14.470913878769892,14.025952050895834,14.285189628601074,114400,0.0,0.0
2005-08-11 00:00:00-04:00,14.254241456600925,14.463180202660393,13.975656461854967,14.439964294433594,167600,0.0,0.0
2005-08-12 00:00:00-04:00,14.37030928855568,14.37030928855568,13.855702849074998,14.172979354858398,233400,0.0,0.0
2005-08-15 00:00:00-04:00,14.231023563439738,14.231023563439738,13.437831926248503,13.991131782531738,461800,0.0,0.0
2005-08-16 00:00:00-04:00,14.02595272741675,14.049168628805987,13.60033820056839,13.65837574005127,261600,0.0,0.0
2005-08-17 00:00:00-04:00,13.608073083896498,13.948565534060824,13.608073083896498,13.73962688446045,125200,0.0,0.0
2005-08-18 00:00:00-04:00,13.72415101111298,13.770581329852229,13.639027530096673,13.755104064941406,181400,0.0,0.0
2005-08-19 00:00:00-04:00,13.878916626223715,14.083986657803457,13.63902496912284,13.689325332641602,366400,0.0,0.0
2005-08-22 00:00:00-04:00,13.72415365391946,13.770583981599614,13.089600430314492,13.31014633178711,499000,0.0,0.0
2005-08-23 00:00:00-04:00,13.704806818745311,13.762845837405955,13.306276750322455,13.4146146774292,493400,0.0,0.0
2005-08-24 00:00:00-04:00,13.031557194656493,13.089596192461261,12.61755000656202,12.694934844970703,1162000,0.0,0.0
2005-08-25 00:00:00-04:00,12.694942919738994,12.818758149549813,12.5749962701124,12.79167366027832,553200,0.0,0.0
2005-08-26 00:00:00-04:00,12.79166875916221,12.961914265924186,12.663983522095677,12.72589111328125,367200,0.0,0.0
2005-08-29 00:00:00-04:00,12.725889267595262,12.884527539249946,12.656243053113382,12.814881324768066,452000,0.0,0.0
2005-08-30 00:00:00-04:00,12.807148115585047,12.923226172869365,12.714287440950168,12.78006362915039,463200,0.0,0.0
2005-08-31 00:00:00-04:00,12.8651828227142,12.954174887676935,12.671721426883911,12.776190757751465,276400,0.0,0.0
2005-09-01 00:00:00-04:00,12.706546405750233,12.749108155250799,12.18806972964009,12.300277709960938,620000,0.0,0.0
2005-09-02 00:00:00-04:00,12.33122949950858,12.416352246646035,12.188067744144549,12.222890853881836,216200,0.0,0.0
2005-09-06 00:00:00-04:00,12.284800569341785,12.42796161151734,12.188069856197362,12.37379264831543,976200,0.0,0.0
2005-09-07 00:00:00-04:00,12.358313640398727,12.861313690707272,12.358313640398727,12.59046745300293,982200,0.0,0.0
2005-09-08 00:00:00-04:00,12.621422898354927,12.702677818253573,12.536300875403942,12.594338417053223,474600,0.0,0.0
2005-09-09 00:00:00-04:00,12.563386396788367,12.625293998602187,12.493740160248615,12.578862190246582,244600,0.0,0.0
2005-09-12 00:00:00-04:00,12.536298460046387,12.656243575274635,12.516951140564059,12.60207462310791,200800,0.0,0.0
2005-09-13 00:00:00-04:00,12.633031548104126,12.644638761199099,12.385399686127688,12.404747009277344,288800,0.0,0.0
2005-09-14 00:00:00-04:00,12.443439794645572,12.532431880161521,12.311885956058159,12.385400772094727,328800,0.0,0.0
2005-09-15 00:00:00-04:00,12.42022197285812,12.509215520627937,12.23449993375714,12.284799575805664,295400,0.0,0.0
2005-09-16 00:00:00-04:00,12.358314165445956,12.400875170667364,12.160983453248551,12.335098266601562,637000,0.0,0.0
2005-09-19 00:00:00-04:00,12.296404138380707,12.420218551004082,12.102942781038008,12.137765884399414,274800,0.0,0.0
2005-09-20 00:00:00-04:00,12.16872187928201,12.184198406918457,11.00021489186292,11.08533763885498,1928200,0.0,0.0
2005-09-21 00:00:00-04:00,11.015694895854548,11.023433531113266,10.516564729617205,10.679072380065918,1081600,0.0,0.0
2005-09-22 00:00:00-04:00,10.679070165427504,10.752585709145839,10.253454908421963,10.50108528137207,1599600,0.0,0.0
2005-09-23 00:00:00-04:00,10.516560705474735,11.007952786419965,10.466260333537281,10.837706565856934,705400,0.0,0.0
2005-09-26 00:00:00-04:00,11.801150104670029,11.894011525130749,11.46839612785473,11.661857604980469,998400,0.0,2.0
2005-09-27 00:00:00-04:00,11.68506892763682,11.716022722308843,11.065992296199703,11.375530242919922,377200,0.0,0.0
2005-09-28 00:00:00-04:00,11.38327094956966,11.483870985077372,10.671332804435705,11.011824607849121,694100,0.0,0.0
2005-09-29 00:00:00-04:00,11.011822168417432,11.267191886901855,10.810622879970182,11.267191886901855,603000,0.0,0.0
2005-09-30 00:00:00-04:00,11.251715966005413,11.568992571321077,11.089208346453885,11.53030014038086,316900,0.0,0.0
2005-10-03 00:00:00-04:00,11.607686134716033,11.61542476925841,11.050516993610556,11.065994262695312,309100,0.0,0.0
2005-10-04 00:00:00-04:00,11.151115442449095,11.151115442449095,10.725500197119656,10.802885055541992,841700,0.0,0.0
2005-10-05 00:00:00-04:00,10.748718159237807,11.035041009527488,10.593948412705572,10.864794731140137,594500,0.0,0.0
2005-10-06 00:00:00-04:00,10.84157985340915,11.220764118929594,10.795148780612202,10.949917793273926,248800,0.0,0.0
2005-10-07 00:00:00-04:00,11.065994594787805,11.917224494081124,10.91122558927964,11.189809799194336,415600,0.0,0.0
2005-10-10 00:00:00-04:00,11.22076119514702,11.22076119514702,10.973130839413056,11.042777061462402,290300,0.0,0.0
2005-10-11 00:00:00-04:00,11.151114249687975,11.151114249687975,10.810622532642599,10.895745277404785,526500,0.0,0.0
2005-10-12 00:00:00-04:00,10.841579727910272,11.104687415387982,10.795148655650795,10.926702499389648,466400,0.0,0.0
2005-10-13 00:00:00-04:00,10.87252813252881,11.06598948457382,10.826097083319553,10.91122055053711,382900,0.0,0.0
2005-10-14 00:00:00-04:00,10.965392587275018,11.027300178359406,10.83383877172152,10.918961524963379,141800,0.0,0.0
2005-10-17 00:00:00-04:00,10.895746967735265,10.895746967735265,10.72550071380282,10.795146942138672,928800,0.0,0.0
2005-10-18 00:00:00-04:00,10.787407788658843,10.818361584428436,10.609423647482856,10.802885055541992,711300,0.0,0.0
2005-10-19 00:00:00-04:00,10.740977602070773,11.058254197286658,10.61716241740084,11.019561767578125,745800,0.0,0.0
2005-10-20 00:00:00-04:00,11.05051405442295,11.685067896181573,10.94217615163233,11.584467887878418,964400,0.0,0.0
2005-10-21 00:00:00-04:00,11.49934472193548,12.288667545041061,11.49934472193548,12.26545238494873,839900,0.0,0.0
2005-10-24 00:00:00-04:00,12.265458044943992,12.830365208517053,11.9249654291491,12.18807315826416,376800,0.0,0.0
2005-10-25 00:00:00-04:00,12.18807018179794,12.350577813741783,11.677332120830656,11.971393585205078,434600,0.0,0.0
2005-10-26 00:00:00-04:00,11.855313842378019,12.118421453062087,11.607683497262022,11.692806243896484,377100,0.0,0.0
2005-10-27 00:00:00-04:00,11.739234555368485,11.739234555368485,11.507080792152934,11.561249732971191,356200,0.0,0.0
2005-10-28 00:00:00-04:00,11.61542543853728,11.816625520251373,11.568994366604468,11.739240646362305,276400,0.0,0.0
2005-10-31 00:00:00-05:00,11.770190448110188,12.381528382475029,11.770190448110188,12.180328369140625,490000,0.0,0.0
2005-11-01 00:00:00-05:00,12.102947458423056,12.211285388086194,11.801147358654042,12.010086059570312,230200,0.0,0.0
2005-11-02 00:00:00-05:00,12.002344027715603,12.869050171673159,12.002344027715603,12.737496376037598,716800,0.0,0.0
2005-11-03 00:00:00-05:00,12.869050992340341,13.031559327191372,12.698805500776029,12.961913108825684,364200,0.0,0.0
2005-11-04 00:00:00-05:00,13.023823993858295,13.124423292542112,12.838101189831036,13.0702543258667,338700,0.0,0.0
2005-11-07 00:00:00-05:00,13.155377249004024,13.155377249004024,12.466655030050582,12.61368465423584,234600,0.0,0.0
2005-11-08 00:00:00-05:00,12.760713371593983,12.760713371593983,12.048775382607852,12.157114028930664,1026600,0.0,0.0
2005-11-09 00:00:00-05:00,12.27319013151321,12.427959093588438,11.963652207362754,12.149374961853027,364700,0.0,0.0
2005-11-10 00:00:00-05:00,11.994611896495714,12.079734682985478,11.646381376132332,11.785673141479492,471100,0.0,0.0
2005-11-11 00:00:00-05:00,11.932700287594427,12.033300313230049,11.708285072867808,11.955915451049805,438700,0.0,0.0
2005-11-14 00:00:00-05:00,12.048776318751196,12.087468748158214,11.762453521934004,11.963653564453125,231100,0.0,0.0
2005-11-15 00:00:00-05:00,12.010085500096292,12.010085500096292,11.661854348124395,11.886269569396973,316400,0.0,0.0
2005-11-16 00:00:00-05:00,11.746977720970685,11.924961874077876,11.615423895631999,11.66959285736084,179400,0.0,0.0
2005-11-17 00:00:00-05:00,11.708286140150475,11.917224106288337,11.623163374390133,11.878532409667969,290400,0.0,0.0
2005-11-18 00:00:00-05:00,12.033299279031906,12.033299279031906,11.499345399471549,11.623161315917969,469600,0.0,0.0
2005-11-21 00:00:00-05:00,11.623163847261221,11.88627078976916,11.491610007008834,11.832101821899414,510000,0.0,0.0
2005-11-22 00:00:00-05:00,11.801148281795715,12.28867121740657,11.801148281795715,12.110686302185059,474000,0.0,0.0
2005-11-23 00:00:00-05:00,12.095209387889112,12.219024592131609,11.599947832922288,12.041040420532227,206300,0.0,0.0
2005-11-25 00:00:00-05:00,11.917220323777558,12.141635487731921,11.870790007371316,12.071990013122559,96300,0.0,0.0
2005-11-28 00:00:00-05:00,11.99460612282639,12.141636453807033,11.770190941015954,11.824359893798828,109900,0.0,0.0
2005-11-29 00:00:00-05:00,11.886268696435735,11.901745963385242,11.685069392069106,11.77019214630127,125100,0.0,0.0
2005-11-30 00:00:00-05:00,11.785667623314984,11.963652487364588,11.607683497262022,11.692806243896484,282200,0.0,0.0
2005-12-01 00:00:00-05:00,11.754716949516771,11.894009424606791,11.6850714499686,11.832101821899414,247700,0.0,0.0
2005-12-02 00:00:00-05:00,11.61542521242359,12.234501977494208,11.607686577585959,11.832101821899414,234500,0.0,0.0
2005-12-05 00:00:00-05:00,11.8320997831825,11.917222537738953,11.754714924133571,11.808884620666504,123400,0.0,0.0
2005-12-06 00:00:00-05:00,11.839839879861756,12.087470278625915,11.839839879861756,11.994608879089355,308800,0.0,0.0
2005-12-07 00:00:00-05:00,11.994608919019683,12.226762787632328,11.955916484584774,12.03330135345459,639600,0.0,0.0
2005-12-08 00:00:00-05:00,12.141639373679594,12.141639373679594,11.886270337724348,12.017824172973633,514800,0.0,0.0
2005-12-09 00:00:00-05:00,12.0333012247843,12.087470189615868,11.98687015635953,12.010086059570312,485400,0.0,0.0
2005-12-12 00:00:00-05:00,12.033300313230049,12.056515476685425,11.886269222686932,11.955915451049805,882700,0.0,0.0
2005-12-13 00:00:00-05:00,12.064255676162771,12.157117080032272,11.808886631022435,12.02556324005127,566800,0.0,0.0
2005-12-14 00:00:00-05:00,12.041039845416527,12.288670242073962,11.99460877704486,12.203547477722168,288200,0.0,0.0
2005-12-15 00:00:00-05:00,12.265455675006026,12.265455675006026,11.855316888045918,11.9481782913208,339200,0.0,0.0
2005-12-16 00:00:00-05:00,12.041042242940115,12.342841664459243,12.041042242940115,12.19581127166748,664100,0.0,0.0
2005-12-19 00:00:00-05:00,12.188069032634065,12.381530445850478,11.77793104325435,11.90948486328125,311700,0.0,0.0
2005-12-20 00:00:00-05:00,11.90174783136535,12.118424436688892,11.90174783136535,11.924962997436523,287100,0.0,0.0
2005-12-21 00:00:00-05:00,11.932701007023379,12.280931431835995,11.932701007023379,12.242238998413086,215100,0.0,0.0
2005-12-22 00:00:00-05:00,12.28092927449438,12.497605830404472,12.22676032001602,12.389267921447754,126500,0.0,0.0
2005-12-23 00:00:00-05:00,12.381528355917414,12.574989736478624,12.33509729986422,12.489866256713867,172800,0.0,0.0
2005-12-27 00:00:00-05:00,12.381530937062434,12.427961264798236,11.89400806785599,12.249977111816406,264500,0.0,0.0
2005-12-28 00:00:00-05:00,12.342838982791326,12.381531416065888,12.226762420964421,12.296408653259277,289100,0.0,0.0
2005-12-29 00:00:00-05:00,12.350575130618365,12.350575130618365,12.048775097431532,12.26545238494873,282300,0.0,0.0
2005-12-30 00:00:00-05:00,12.164855187735196,12.288670387529459,11.963655119071117,12.03330135345459,311200,0.0,0.0
2006-01-03 00:00:00-05:00,11.607685089111328,11.9172230629556,11.290408481421764,11.801146507263184,618500,0.0,0.0
2006-01-04 00:00:00-05:00,11.70828691856128,11.940440803701993,11.607686877067074,11.816625595092773,187400,0.0,0.0
2006-01-05 00:00:00-05:00,11.839839251314901,11.839839251314901,11.421962606585987,11.499346733093262,255300,0.0,0.0
2006-01-06 00:00:00-05:00,11.64637519495621,11.68506761846037,11.290406227111816,11.290406227111816,178900,0.0,0.0
2006-01-09 00:00:00-05:00,11.290408394012433,11.568992568315503,11.027300749283386,11.143377304077148,494700,0.0,0.0
2006-01-10 00:00:00-05:00,11.143375898232177,11.182068324280918,10.655853839206625,10.686807632446289,871500,0.0,0.0
2006-01-11 00:00:00-05:00,10.717761232393894,11.213021915296624,10.53203773830874,11.127899169921875,805800,0.0,0.0
2006-01-12 00:00:00-05:00,11.127901894349895,11.669593767894705,11.127901894349895,11.205286026000977,570700,0.0,0.0
2006-01-13 00:00:00-05:00,11.15111434987251,11.213021935346045,10.973130226135254,10.973130226135254,190700,0.0,0.0
2006-01-17 00:00:00-05:00,10.918962699717982,11.081470328297621,10.756455071138342,10.826101303100586,363400,0.0,0.0
2006-01-18 00:00:00-05:00,10.740979986141916,11.104687725336062,10.37727224694777,10.679072380065918,646700,0.0,0.0
2006-01-19 00:00:00-05:00,10.75645447076896,11.2130235321521,10.725500673624174,11.143377304077148,535200,0.0,0.0
2006-01-20 00:00:00-05:00,11.220762549272907,11.677331626253837,11.14337768476887,11.499346733093262,690400,0.0,0.0
2006-01-23 00:00:00-05:00,11.584470057592954,11.669592816871033,11.336838937698701,11.43743896484375,277700,0.0,0.0
2006-01-24 00:00:00-05:00,11.491610421694107,11.723763571225815,11.414225546518962,11.607686996459961,385100,0.0,0.0
2006-01-25 00:00:00-05:00,11.700542692160788,11.994604041082388,11.476127549299106,11.646373748779297,616500,0.0,0.0
2006-01-26 00:00:00-05:00,11.770188898220708,11.886265416322903,11.60768133007973,11.646373748779297,407400,0.0,0.0
2006-01-27 00:00:00-05:00,11.700550354989728,11.971396725270685,11.491612337970494,11.785673141479492,410000,0.0,0.0
2006-01-30 00:00:00-05:00,11.832100002795993,12.017822782364538,11.723761345715982,11.90948486328125,176600,0.0,0.0
2006-01-31 00:00:00-05:00,12.002345085144043,12.071991305204309,11.824360218545957,12.002345085144043,395900,0.0,0.0
2006-02-01 00:00:00-05:00,11.955917458754387,11.979132626108184,11.476133151460331,11.607686996459961,404200,0.0,0.0
2006-02-02 00:00:00-05:00,11.561255006649688,11.654117144692243,11.011824502881389,11.220763206481934,358600,0.0,0.0
2006-02-03 00:00:00-05:00,11.104684310580827,11.476129832815149,11.08920704482274,11.460653305053711,313600,0.0,0.0
2006-02-06 00:00:00-05:00,11.538037443406703,12.064252672309467,11.182068448207183,12.002345085144043,739600,0.0,0.0
2006-02-07 00:00:00-05:00,12.807147325139518,12.876793564814081,12.38927136308586,12.559516906738281,3292900,0.0,0.0
2006-02-08 00:00:00-05:00,12.574992005178482,12.613683697873952,12.381530589714197,12.420222282409668,503700,0.0,0.0
2006-02-09 00:00:00-05:00,12.489870248802053,12.675593056383482,12.389270948193072,12.451178550720215,513700,0.0,0.0
2006-02-10 00:00:00-05:00,12.451177606621545,12.528562472911258,12.172592678376002,12.257716178894043,318800,0.0,0.0
2006-02-13 00:00:00-05:00,12.319623255212916,12.373792216524567,12.064254240462635,12.172592163085938,273700,0.0,0.0
2006-02-14 00:00:00-05:00,12.141635487731921,12.435696864292222,11.77792863656226,12.071990013122559,603100,0.0,0.0
2006-02-15 00:00:00-05:00,11.994608709656392,12.180331506106036,11.801147278855483,11.932701110839844,301300,0.0,0.0
2006-02-16 00:00:00-05:00,12.04878004307756,12.149380095433003,11.932703456973478,12.079733848571777,190000,0.0,0.0
2006-02-17 00:00:00-05:00,12.164853740362643,12.172591635931528,11.917222632240428,11.986868858337402,283700,0.0,0.0
2006-02-21 00:00:00-05:00,12.954174880515579,12.96965214641184,12.28866794490609,12.335098266601562,1270000,0.0,0.0
2006-02-22 00:00:00-05:00,12.265452508700188,12.691066979339206,11.901744886266446,12.536298751831055,1017400,0.0,0.0
2006-02-23 00:00:00-05:00,12.574989763451201,12.574989763451201,12.087466994831654,12.180328369140625,807900,0.0,0.0
2006-02-24 00:00:00-05:00,12.296406765045957,12.311883293181166,11.948175657045399,12.048775672912598,429800,0.0,0.0
2006-02-27 00:00:00-05:00,12.010085978358925,12.17259287175477,11.82436244391249,11.932701110839844,404600,0.0,0.0
2006-02-28 00:00:00-05:00,11.948177906382718,11.963655175428311,11.708286140150475,11.878532409667969,247200,0.0,0.0
2006-03-01 00:00:00-05:00,11.723761644803744,11.932700330646185,11.623162356801913,11.801146507263184,398200,0.0,0.0
2006-03-02 00:00:00-05:00,11.901744842529297,11.924960002770543,11.824359991062959,11.901744842529297,281400,0.0,0.0
2006-03-03 00:00:00-05:00,11.91722459112285,11.92496322596048,11.777932854029666,11.832101821899414,362100,0.0,0.0
2006-03-06 00:00:00-05:00,11.924961099773602,12.157114937532317,11.77019212060003,12.118422508239746,461300,0.0,0.0
2006-03-07 00:00:00-05:00,12.164855506828063,12.164855506828063,11.84757886453367,11.924962997436523,297000,0.0,0.0
2006-03-08 00:00:00-05:00,11.839839919276853,12.071993787889499,11.646378485099117,12.03330135345459,438500,0.0,0.0
2006-03-09 00:00:00-05:00,12.110682969650416,12.296406468774757,11.994606428444772,12.157114028930664,500700,0.0,0.0
2006-03-10 00:00:00-05:00,12.234498881732193,12.296406468774757,12.017821589086571,12.157114028930664,174000,0.0,0.0
2006-03-13 00:00:00-05:00,12.133901347392596,12.188070312623056,11.924962644937736,11.994608879089355,262600,0.0,0.0
2006-03-14 00:00:00-05:00,11.971393753557459,12.14937791876251,11.894008884687644,12.03330135345459,129600,0.0,0.0
2006-03-15 00:00:00-05:00,12.056516647338867,12.226762917867788,11.940440080794538,12.056516647338867,155600,0.0,0.0
2006-03-16 00:00:00-05:00,12.1106862127624,12.149378649524586,11.994609640472696,12.126163482666016,250100,0.0,0.0
2006-03-17 00:00:00-05:00,12.164857465922008,12.234503713348559,11.994611165323436,12.19581127166748,374000,0.0,0.0
2006-03-20 00:00:00-05:00,12.265454076660614,12.36605336360141,12.064254026785555,12.358315467834473,238400,0.0,0.0
2006-03-21 00:00:00-05:00,12.366054588066849,12.969654797459478,12.35057805700378,12.72976303100586,1125500,0.0,0.0
2006-03-22 00:00:00-05:00,12.76845444489551,13.147638672503481,12.629161978428586,13.07799243927002,532800,0.0,0.0
2006-03-23 00:00:00-05:00,13.000606796717728,13.07025302579961,12.40474674656334,12.84583854675293,550800,0.0,0.0
2006-03-24 00:00:00-05:00,12.838102105673945,12.853579376112076,12.304148083508405,12.698809623718262,295600,0.0,0.0
2006-03-27 00:00:00-05:00,12.706548111990855,12.706548111990855,12.389271451647094,12.544039726257324,282500,0.0,0.0
2006-03-28 00:00:00-05:00,12.613684041512881,12.954176555284347,12.582730981711933,12.923223495483398,883300,0.0,0.0
2006-03-29 00:00:00-05:00,12.954178362933886,13.147639810664668,12.900009393728261,13.039301872253418,647100,0.0,0.0
2006-03-30 00:00:00-05:00,13.054779322101826,13.31014837758367,12.923225476793375,13.008347511291504,512800,0.0,0.0
2006-03-31 00:00:00-05:00,13.03930423795289,13.263718790519029,13.000611055790467,13.225027084350586,846600,0.0,0.0
2006-04-03 00:00:00-04:00,13.225021159799075,13.34109770229836,12.907744588170814,12.96965217590332,422300,0.0,0.0
2006-04-04 00:00:00-04:00,12.992867639651887,13.039297959897922,12.768451719141718,12.961913108825684,291200,0.0,0.0
2006-04-05 00:00:00-04:00,12.938698061153065,12.969652594013878,12.675590435809623,12.783929824829102,215100,0.0,0.0
2006-04-06 00:00:00-04:00,12.861316703561283,12.915485668592963,12.381531700721155,12.574993133544922,395600,0.0,0.0
2006-04-07 00:00:00-04:00,12.613683082235665,12.729761106643567,12.249976170271966,12.443437576293945,383700,0.0,0.0
2006-04-10 00:00:00-04:00,12.4511753635559,12.4511753635559,12.18806775116556,12.27319049835205,232800,0.0,0.0
2006-04-11 00:00:00-04:00,12.249977912314096,12.304146877544554,11.955916444783256,11.994608879089355,398400,0.0,0.0
2006-04-12 00:00:00-04:00,11.994608879089355,12.056516478780395,11.839839879861756,11.994608879089355,274600,0.0,0.0
2006-04-13 00:00:00-04:00,11.986870451377762,12.172593253654219,11.870793884454178,12.095209121704102,351300,0.0,0.0
2006-04-17 00:00:00-04:00,12.071993747701557,12.211285478007994,11.824362610940597,11.994608879089355,299600,0.0,0.0
2006-04-18 00:00:00-04:00,11.955916484584774,12.064255153403156,11.824362650304169,12.03330135345459,308300,0.0,0.0
2006-04-19 00:00:00-04:00,12.010085279150983,12.211284594592867,11.979130743548042,12.172592163085938,335300,0.0,0.0
2006-04-20 00:00:00-04:00,12.18806738687099,12.18806738687099,12.048774952004974,12.149374961853027,185000,0.0,0.0
2006-04-21 00:00:00-04:00,12.002347699650025,12.304147068324134,11.754716559049468,11.863055229187012,567100,0.0,0.0
2006-04-24 00:00:00-04:00,11.801146682699525,11.878531546309372,11.607685261671664,11.66959285736084,446100,0.0,0.0
2006-04-25 00:00:00-04:00,11.623158592758159,11.762450266881492,11.414219974578401,11.646373748779297,625200,0.0,0.0
2006-04-26 00:00:00-04:00,11.646377828051575,11.661854358154326,11.437439136688738,11.499346733093262,525000,0.0,0.0
2006-04-27 00:00:00-04:00,11.406486983203758,11.762456082855829,11.375533180538223,11.68507194519043,765800,0.0,0.0
2006-04-28 00:00:00-04:00,11.514825661531559,11.762456082855829,11.452918056200492,11.68507194519043,1787800,0.0,0.0
2006-05-01 00:00:00-04:00,11.816624087162396,11.917223377822175,11.483870202990511,11.499346733093262,1323600,0.0,0.0
2006-05-02 00:00:00-04:00,11.336836544919532,11.5999441391519,11.120160006491473,11.290406227111816,1333000,0.0,0.0
2006-05-03 00:00:00-04:00,11.22850079972286,11.313623557371837,11.035039383068767,11.143377304077148,528700,0.0,0.0
2006-05-04 00:00:00-04:00,11.104684814261688,11.483868986573905,11.104684814261688,11.45291519165039,791200,0.0,0.0
2006-05-05 00:00:00-04:00,11.58446863527958,11.716022444009953,11.391007238675696,11.677330017089844,748800,0.0,0.0
2006-05-08 00:00:00-04:00,11.607688627544292,11.878534990719112,11.607688627544292,11.661857604980469,303600,0.0,0.0
2006-05-09 00:00:00-04:00,11.615424114357255,11.824362069243458,11.561254413611614,11.57673168182373,340000,0.0,0.0
2006-05-10 00:00:00-04:00,11.530299233175882,11.669591678402432,11.414222687484877,11.568991661071777,276000,0.0,0.0
2006-05-11 00:00:00-04:00,11.522562462118579,11.599946587463172,11.290408610091296,11.43743896484375,279400,0.0,0.0
2006-05-12 00:00:00-04:00,11.375528780148715,11.437436361532106,11.127898454615146,11.228498458862305,335200,0.0,0.0
2006-05-15 00:00:00-04:00,11.15111362287422,11.18206741359295,10.918959823485444,11.073729515075684,713700,0.0,0.0
2006-05-16 00:00:00-04:00,11.104686048732084,11.158855011370843,10.9112246244545,10.95765495300293,263100,0.0,0.0
2006-05-17 00:00:00-04:00,10.9112246244545,11.05051634809656,10.857054923818975,10.95765495300293,247400,0.0,0.0
2006-05-18 00:00:00-04:00,10.934436985487261,11.143374886383711,10.833836982093944,10.996344566345215,410600,0.0,0.0
2006-05-19 00:00:00-04:00,11.011824558895475,11.182070828843749,10.872532827116713,11.065994262695312,440300,0.0,0.0
2006-05-22 00:00:00-04:00,11.05051351509678,11.058252147203168,10.756452137023214,10.996344566345215,365600,0.0,0.0
2006-05-23 00:00:00-04:00,11.035039200479405,11.104685427401966,10.671331536548646,10.694546699523926,348000,0.0,0.0
2006-05-24 00:00:00-04:00,10.65585460855442,10.671331137293329,10.067731756541956,10.532038688659668,860300,0.0,0.0
2006-05-25 00:00:00-04:00,10.640379409828824,10.810625687025201,10.423702799395063,10.787409782409668,716100,0.0,0.0
2006-05-26 00:00:00-04:00,10.833836982093944,11.058252147203168,10.710021820378037,10.996344566345215,795300,0.0,0.0
2006-05-30 00:00:00-04:00,10.872534202154421,10.911226641762894,10.570734058804613,10.609426498413086,392600,0.0,0.0
2006-05-31 00:00:00-04:00,10.609423546344301,10.717762199503449,10.477869731078442,10.532038688659668,400900,0.0,0.0
2006-06-01 00:00:00-04:00,10.524301836813944,10.532039732952292,10.330840411416606,10.415963172912598,418900,0.0,0.0
2006-06-02 00:00:00-04:00,10.446917966080255,10.578471806915086,10.323102760117317,10.454656600952148,327000,0.0,0.0
2006-06-05 00:00:00-04:00,10.454654945549281,10.501085271435127,9.9052245025886,10.11416244506836,564400,0.0,0.0
2006-06-06 00:00:00-04:00,10.11416050542519,10.230237773872537,9.897483970852026,10.168330192565918,454900,0.0,0.0
2006-06-07 00:00:00-04:00,10.152853211094854,10.377268384082596,10.029038045032184,10.059991836547852,271900,0.0,0.0
2006-06-08 00:00:00-04:00,10.005826750721173,10.199288206919205,9.866534266099587,10.137380599975586,289100,0.0,0.0
2006-06-09 00:00:00-04:00,10.183807854334674,10.361792723933005,10.16833132628076,10.230238914489746,250200,0.0,0.0
2006-06-12 00:00:00-04:00,10.199286562337281,10.261194159298622,9.758194011491767,9.796886444091797,407400,0.0,0.0
2006-06-13 00:00:00-04:00,9.804623930393971,10.237977058391154,9.673070117752799,10.083208084106445,533300,0.0,0.0
2006-06-14 00:00:00-04:00,10.052254203698805,10.292146665295986,9.634377607688132,10.098685264587402,470200,0.0,0.0
2006-06-15 00:00:00-04:00,10.168331787650168,10.74871600694077,10.168331787650168,10.725500106811523,877800,0.0,0.0
2006-06-16 00:00:00-04:00,10.7022841600678,10.980868299224777,10.524300033438891,10.686807632446289,858600,0.0,0.0
2006-06-19 00:00:00-04:00,10.71002338477284,10.895746154474908,10.462393025170083,10.470130920410156,531700,0.0,0.0
2006-06-20 00:00:00-04:00,10.446916222371494,10.485608652275916,10.059993399320698,10.129639625549316,614300,0.0,0.0
2006-06-21 00:00:00-04:00,10.106425187475564,10.439178337321183,10.083209285070208,10.415963172912598,474900,0.0,0.0
2006-06-22 00:00:00-04:00,10.369532197329708,10.48560949638742,10.23024047165594,10.299886703491211,160700,0.0,0.0
2006-06-23 00:00:00-04:00,10.315363776116532,10.570732814271203,10.222502374787272,10.52430248260498,237400,0.0,0.0
2006-06-26 00:00:00-04:00,10.570732844317435,10.795148082666897,10.415963841662085,10.663594245910645,314600,0.0,0.0
2006-06-27 00:00:00-04:00,10.679073981636439,10.740981596996894,10.423704883775311,10.555258750915527,256300,0.0,0.0
2006-06-28 00:00:00-04:00,10.539777143547603,10.601684733448293,10.183808132620298,10.470130920410156,407100,0.0,0.0
2006-06-29 00:00:00-04:00,10.524301313454536,10.648116501472186,10.361793694682188,10.617162704467773,375800,0.0,0.0
2006-06-30 00:00:00-04:00,10.679072287415925,10.679072287415925,10.369533521724568,10.462395668029785,975000,0.0,0.0
2006-07-03 00:00:00-04:00,10.446917172008392,10.725501364249773,10.315363341172988,10.7100248336792,209900,0.0,0.0
2006-07-05 00:00:00-04:00,10.601684669876187,10.60942330306654,10.207023233128334,10.237977027893066,394900,0.0,0.0
2006-07-06 00:00:00-04:00,10.222499492567842,10.222499492567842,9.696284295404187,9.943915367126465,741000,0.0,0.0
2006-07-07 00:00:00-04:00,9.9439195224413,9.9439195224413,9.580211764299907,9.603426933288574,909700,0.0,0.0
2006-07-10 00:00:00-04:00,9.595685560558971,9.642116623289253,9.38674762326447,9.433177947998047,908200,0.0,0.0
2006-07-11 00:00:00-04:00,9.371271605944207,9.47187164027682,9.170072275275784,9.417702674865723,788100,0.0,0.0
2006-07-12 00:00:00-04:00,9.371268968563427,9.6730689866249,8.961131050169579,9.170069694519043,497600,0.0,0.0
2006-07-13 00:00:00-04:00,9.170071425920176,9.170071425920176,8.80636375671239,8.821840286254883,716900,0.0,0.0
2006-07-14 00:00:00-04:00,8.860531939555203,8.98434711701676,8.674809173362869,8.883747100830078,471300,0.0,0.0
2006-07-17 00:00:00-04:00,8.899226265965618,9.146856673729154,8.860533830253358,8.976611137390137,465700,0.0,0.0
2006-07-18 00:00:00-04:00,9.023039544472665,9.131378193749862,8.798624350824426,8.883747100830078,355700,0.0,0.0
2006-07-19 00:00:00-04:00,8.852793674168804,9.301624818104326,8.814101983102498,9.293886184692383,421900,0.0,0.0
2006-07-20 00:00:00-04:00,9.27840893143987,9.301624831709654,8.736717137755528,8.75219440460205,287100,0.0,0.0
2006-07-21 00:00:00-04:00,8.705763342059186,8.790886095724952,8.419440547368843,8.75219440460205,378700,0.0,0.0
2006-07-24 00:00:00-04:00,8.79862562785171,9.139118153286544,8.79862562785171,9.100425720214844,393100,0.0,0.0
2006-07-25 00:00:00-04:00,9.13137852832893,9.30162477257483,9.030778508456205,9.255193710327148,432400,0.0,0.0
2006-07-26 00:00:00-04:00,9.239717645028238,9.239717645028238,8.651595454062619,8.775410652160645,724700,0.0,0.0
2006-07-27 00:00:00-04:00,8.790885452583566,8.976608951170787,8.44265509197708,8.489086151123047,479600,0.0,0.0
2006-07-28 00:00:00-04:00,8.574208750866354,8.574208750866354,8.349793567852576,8.373008728027344,618700,0.0,0.0
2006-07-31 00:00:00-04:00,8.403962520925912,8.48134737217065,8.179547337912133,8.373008728027344,717400,0.0,0.0
2006-08-01 00:00:00-04:00,8.218239345928696,8.396224199548726,7.64559383740557,7.753932476043701,2303000,0.0,0.0
2006-08-02 00:00:00-04:00,7.792624746094308,7.862270966299174,7.498563337449681,7.537255764007568,726300,0.0,0.0
2006-08-03 00:00:00-04:00,7.490826513595312,7.808103128341131,7.088426400651609,7.8003644943237305,1525800,0.0,0.0
2006-08-04 00:00:00-04:00,7.815840602294338,8.249193710993795,7.715240588989944,8.241455078125,1046400,0.0,0.0
2006-08-07 00:00:00-04:00,8.202764950736817,8.202764950736817,8.047995215895272,8.11764144897461,1085200,0.0,0.0
2006-08-08 00:00:00-04:00,8.148596115462873,8.210503720788571,8.094427145302104,8.133119583129883,742200,0.0,0.0
2006-08-09 00:00:00-04:00,8.15633281176453,8.19502524039463,7.707502410847439,7.746194839477539,944600,0.0,0.0
2006-08-10 00:00:00-04:00,7.707501069663712,8.179546550419461,7.637854857848022,8.086685180664062,751900,0.0,0.0
2006-08-11 00:00:00-04:00,8.102164877516854,8.13311867673004,7.931918612845938,8.078948974609375,412000,0.0,0.0
2006-08-14 00:00:00-04:00,8.078948412765458,8.489087146313388,8.032518086173031,8.334318161010742,622800,0.0,0.0
2006-08-15 00:00:00-04:00,8.411701145661011,8.62063980102539,8.373008720075388,8.62063980102539,593000,0.0,0.0
2006-08-16 00:00:00-04:00,8.667070879178938,9.007563368509095,8.636117083603171,8.906963348388672,766200,0.0,0.0
2006-08-17 00:00:00-04:00,8.906966640957613,9.108166755574539,8.682551355576265,9.053997039794922,470400,0.0,0.0
2006-08-18 00:00:00-04:00,9.100423467634254,9.340315164905453,8.814100714570497,9.324838638305664,848900,0.0,0.0
2006-08-21 00:00:00-04:00,9.13137705827272,9.595683916017487,9.092684635628178,9.572468757629395,1253500,0.0,0.0
2006-08-22 00:00:00-04:00,9.510561280846225,9.665330235124305,9.22423853093263,9.247453689575195,562000,0.0,0.0
2006-08-23 00:00:00-04:00,9.224242010501689,9.355795855761952,9.015303289912966,9.123641967773438,382800,0.0,0.0
2006-08-24 00:00:00-04:00,9.131377383435714,9.139116015839507,8.798623570038695,8.845054626464844,757100,0.0,0.0
2006-08-25 00:00:00-04:00,8.783149641444389,8.906964844545454,8.63611853426426,8.705764770507812,460600,0.0,0.0
2006-08-28 00:00:00-04:00,8.752192577994466,8.930176681603466,8.659330472289321,8.891484260559082,358400,0.0,0.0
2006-08-29 00:00:00-04:00,8.906963615891385,9.162332621560145,8.829578755629514,9.146855354309082,707600,0.0,0.0
2006-08-30 00:00:00-04:00,9.023040096681179,9.595685696485026,8.937917341466028,9.54925537109375,1064000,0.0,0.0
2006-08-31 00:00:00-04:00,9.541517261280674,9.72724004903387,9.231979281692016,9.348055839538574,598800,0.0,0.0
2006-09-01 00:00:00-04:00,9.37900758839982,9.4022227472978,9.23971515901874,9.324838638305664,281700,0.0,0.0
2006-09-05 00:00:00-04:00,9.247454605237175,9.348054619978258,9.216500811316584,9.301624298095703,306600,0.0,0.0
2006-09-06 00:00:00-04:00,9.208764281134814,9.394487825064509,9.1545953139036,9.309364318847656,326200,0.0,0.0
2006-09-07 00:00:00-04:00,9.231978456681418,9.332578475556856,9.146854966403982,9.17780876159668,264000,0.0,0.0
2006-09-08 00:00:00-04:00,9.185548806251752,9.464133005790433,9.146856371816623,9.417702674865723,389300,0.0,0.0
2006-09-11 00:00:00-04:00,9.332575380833411,9.510559459671938,9.123636779070155,9.479605674743652,563700,0.0,0.0
2006-09-12 00:00:00-04:00,9.47961172531581,10.11416509036161,9.471873089645271,10.106427192687988,1092500,0.0,0.0
2006-09-13 00:00:00-04:00,10.075466911657758,10.485604744606489,9.982604819295364,10.439173698425293,1027700,0.0,0.0
2006-09-14 00:00:00-04:00,10.454653592518962,10.454653592518962,9.990345965770357,10.338576316833496,725700,0.0,0.0
2006-09-15 00:00:00-04:00,10.47013011981238,10.61716118808131,10.176068721271148,10.338576316833496,1731200,0.0,0.0
2006-09-18 00:00:00-04:00,10.330838138351854,10.446914672851562,10.1683305472543,10.446914672851562,494700,0.0,0.0
2006-09-19 00:00:00-04:00,10.44691575869657,10.65585442810891,10.067731586055675,10.470130920410156,871100,0.0,0.0
2006-09-20 00:00:00-04:00,10.524300675440971,10.88800758369467,10.462393085185163,10.702284812927246,361600,0.0,0.0
2006-09-21 00:00:00-04:00,10.771928816092926,10.787405341468423,10.32309851025543,10.408221244812012,481800,0.0,0.0
2006-09-22 00:00:00-04:00,10.795146708033478,10.795146708033478,10.059993485535964,10.11416244506836,1135400,0.0,0.0
2006-09-25 00:00:00-04:00,10.207026104289492,10.28441098196746,9.990349479986826,10.137380599975586,633100,0.0,0.0
2006-09-26 00:00:00-04:00,10.09094784348446,10.222501670807233,9.936178851927306,10.145116806030273,680900,0.0,0.0
2006-09-27 00:00:00-04:00,10.129639793279232,10.276670143754556,9.704024533276534,9.804624557495117,885800,0.0,0.0
2006-09-28 00:00:00-04:00,9.827840823337624,9.936179493420505,9.587949055435487,9.634379386901855,1098900,0.0,0.0
2006-09-29 00:00:00-04:00,9.673070069513384,9.742716292093348,9.417701078717965,9.502823829650879,727100,0.0,0.0
2006-10-02 00:00:00-04:00,9.502827645332172,9.912966512320677,9.456397303633418,9.773674011230469,809700,0.0,0.0
2006-10-03 00:00:00-04:00,9.773672043175724,9.99034864946555,9.541518167438209,9.928441047668457,515400,0.0,0.0
2006-10-04 00:00:00-04:00,9.936178346329479,10.56299291473998,9.858793485490212,10.34631633758545,1142100,0.0,0.0
2006-10-05 00:00:00-04:00,10.38500783232572,10.578469228996472,10.292146450483358,10.539776802062988,487000,0.0,0.0
2006-10-06 00:00:00-04:00,10.485610835607654,10.53204117076339,10.330841821760412,10.462395668029785,280100,0.0,0.0
2006-10-09 00:00:00-04:00,10.431440353393555,10.446917622628513,10.214763750081849,10.431440353393555,231400,0.0,0.0
2006-10-10 00:00:00-04:00,10.485607542356952,10.485607542356952,10.121899920549179,10.207022666931152,256600,0.0,0.0
2006-10-11 00:00:00-04:00,10.191545498164093,10.191545498164093,9.96713032818919,10.036776542663574,377100,0.0,0.0
2006-10-12 00:00:00-04:00,10.059991907190392,10.454653305283971,10.059991907190392,10.446914672851562,425200,0.0,0.0
2006-10-13 00:00:00-04:00,10.477871423101615,10.477871423101615,10.299887254880488,10.431440353393555,311500,0.0,0.0
2006-10-16 00:00:00-04:00,10.400484181278529,10.477869033813477,10.284407640472757,10.477869033813477,251100,0.0,0.0
2006-10-17 00:00:00-04:00,10.36953236807456,10.446917235387257,10.121901973468798,10.361794471740723,514300,0.0,0.0
2006-10-18 00:00:00-04:00,10.392744073991985,10.593943319357138,10.261190295486022,10.547513008117676,317700,0.0,0.0
2006-10-19 00:00:00-04:00,10.547516869818683,10.59394719805741,10.330840282712176,10.39274787902832,238600,0.0,0.0
2006-10-20 00:00:00-04:00,10.446915512575664,10.446915512575664,10.090946510034701,10.176069259643555,317700,0.0,0.0
2006-10-23 00:00:00-04:00,10.10642296378824,10.470129832152182,10.090945698923422,10.446914672851562,281400,0.0,0.0
2006-10-24 00:00:00-04:00,10.385009780435054,10.431440111067705,10.176071078597728,10.191548347473145,614900,0.0,0.0
2006-10-25 00:00:00-04:00,10.160594505810487,10.771932601928711,10.090948272151977,10.771932601928711,994700,0.0,0.0
2006-10-26 00:00:00-04:00,10.71776517466209,10.841580390930176,10.439180200061992,10.841580390930176,828600,0.0,0.0
2006-10-27 00:00:00-04:00,10.826103119898214,10.9499183361663,10.640380295496083,10.841580390930176,702400,0.0,0.0
2006-10-30 00:00:00-05:00,10.895748967381746,11.104687690734863,10.841579996733252,11.104687690734863,836900,0.0,0.0
2006-10-31 00:00:00-05:00,11.243979290880764,11.2517179260162,11.035041308202082,11.182071685791016,1003300,0.0,0.0
2006-11-01 00:00:00-05:00,11.329102288282492,11.452917492854404,11.298148487139514,11.421963691711426,1614200,0.0,0.0
2006-11-02 00:00:00-05:00,11.33683629615335,11.514821145168291,11.166590817265329,11.344574928283691,650300,0.0,0.0
2006-11-03 00:00:00-05:00,11.344575738976465,11.375529531713232,10.802883997084717,10.973130226135254,607500,0.0,0.0
2006-11-06 00:00:00-05:00,11.06599258992543,11.383269178234329,11.011822894314053,11.360054016113281,535400,0.0,0.0
2006-11-07 00:00:00-05:00,11.383271010780106,11.42970208049365,11.220763373777933,11.282670974731445,333700,0.0,0.0
2006-11-08 00:00:00-05:00,11.282668633317625,11.360053487448782,11.143376191080206,11.274930000305176,336200,0.0,0.0
2006-11-09 00:00:00-05:00,11.251715607832608,11.259454241373657,10.942177646157774,11.019561767578125,441000,0.0,0.0
2006-11-10 00:00:00-05:00,10.996346382817212,11.050515340516876,10.849316038490967,10.918961524963379,622400,0.0,0.0
2006-11-13 00:00:00-05:00,10.833838990573224,11.120161789621624,10.79514656086469,11.019561767578125,540500,0.0,0.0
2006-11-14 00:00:00-05:00,11.081468824537374,11.391007509254273,11.01956123519333,11.375530242919922,506000,0.0,0.0
2006-11-15 00:00:00-05:00,11.391007765827993,11.452915356566459,11.290407746378815,11.321361541748047,763000,0.0,0.0
2006-11-16 00:00:00-05:00,11.421961350483874,11.50708410167974,11.329099966089291,11.414222717285156,585300,0.0,0.0
2006-11-17 00:00:00-05:00,11.40648198813107,11.476128198128599,11.259451674355823,11.352313041687012,456200,0.0,0.0
2006-11-20 00:00:00-05:00,11.305886061344511,11.391009565556555,11.112424625221593,11.205286026000977,379100,0.0,0.0
2006-11-21 00:00:00-05:00,11.220761431178351,11.259453859574856,11.120161412546116,11.243976593017578,367600,0.0,0.0
2006-11-22 00:00:00-05:00,11.243978766622986,11.321363638375484,11.112424927441838,11.189809799194336,291500,0.0,0.0
2006-11-24 00:00:00-05:00,11.096944569738534,11.189805941025465,10.95765214380985,10.996344566345215,74100,0.0,0.0
2006-11-27 00:00:00-05:00,10.965395614416614,11.027303222591412,10.54751889023829,10.609426498413086,418200,0.0,0.0
2006-11-28 00:00:00-05:00,10.562992879336134,10.802885356736436,10.52430118704291,10.694546699523926,324500,0.0,0.0
2006-11-29 00:00:00-05:00,10.795146942138672,10.872531804288895,10.671331753095707,10.795146942138672,158100,0.0,0.0
2006-11-30 00:00:00-05:00,10.756456445472349,10.756456445472349,10.578472263714133,10.60168743133545,217400,0.0,0.0
2006-12-01 00:00:00-05:00,10.640379869368893,10.725502642644969,10.361795643922472,10.60168743133545,347700,0.0,0.0
2006-12-04 00:00:00-05:00,10.640376305121597,10.895745277404785,10.640376305121597,10.895745277404785,414900,0.0,0.0
2006-12-05 00:00:00-05:00,10.91122436852313,10.996347127529809,10.60942428805022,10.624900817871094,383800,0.0,0.0
2006-12-06 00:00:00-05:00,10.593944999084298,10.593944999084298,10.369529824520685,10.446914672851562,463700,0.0,0.0
2006-12-07 00:00:00-05:00,10.446916361477806,10.532039118003619,10.292147377795999,10.34631633758545,436600,0.0,0.0
2006-12-08 00:00:00-05:00,10.338576594449231,10.53203798778995,10.19154626022881,10.477869033813477,278400,0.0,0.0
2006-12-11 00:00:00-05:00,10.470133584819866,10.679072307402336,10.423703249577231,10.60168743133545,567400,0.0,0.0
2006-12-12 00:00:00-05:00,10.601685788919154,10.640378220958354,10.338578136648703,10.354055404663086,271800,0.0,0.0
2006-12-13 00:00:00-05:00,10.431439223919881,10.493347556159717,10.261193708749726,10.268932342529297,444500,0.0,0.0
2006-12-14 00:00:00-05:00,10.237978750756666,10.655856157396666,10.237978750756666,10.369532585144043,202200,0.0,0.0
2006-12-15 00:00:00-05:00,10.369532415831085,10.462394552232709,10.284409651792522,10.307624816894531,373900,0.0,0.0
2006-12-18 00:00:00-05:00,10.315361826741947,10.446915638263517,10.090946631439857,10.098685264587402,453900,0.0,0.0
2006-12-19 00:00:00-05:00,10.098684260441587,10.207022161748123,9.905222878969512,10.059991836547852,486600,0.0,0.0
2006-12-20 00:00:00-05:00,10.044513300921222,10.423698121507982,10.044513300921222,10.284405708312988,464600,0.0,0.0
2006-12-21 00:00:00-05:00,10.276669973590062,10.400485158886843,10.075470666481154,10.129639625549316,240200,0.0,0.0
2006-12-22 00:00:00-05:00,10.145114578716786,10.183807002610521,10.044514571791716,10.059991836547852,252100,0.0,0.0
2006-12-26 00:00:00-05:00,10.083208821803261,10.292147505871275,10.075470926020426,10.268932342529297,412800,0.0,0.0
2006-12-27 00:00:00-05:00,10.245714657588568,10.446914672851562,10.214760865855538,10.446914672851562,275500,0.0,0.0
2006-12-28 00:00:00-05:00,10.385010953513826,10.485610998577299,10.292149543762207,10.292149543762207,353100,0.0,0.0
2006-12-29 00:00:00-05:00,10.323099907652594,10.462392344870226,10.237976423576647,10.261192321777344,342700,0.0,0.0
2007-01-03 00:00:00-05:00,10.145112897770272,10.26892878131446,9.89748260667486,10.005821228027344,743500,0.0,0.0
2007-01-04 00:00:00-05:00,9.998085286668136,10.059992876096688,9.796885252026998,10.044515609741211,353600,0.0,0.0
2007-01-05 00:00:00-05:00,9.990347427116617,10.121901249338643,9.835578441560331,9.882009506225586,813900,0.0,0.0
2007-01-08 00:00:00-05:00,9.874267708288933,9.928436651376282,9.673067722540923,9.742713928222656,836500,0.0,0.0
2007-01-09 00:00:00-05:00,9.742715289013105,10.106422892819655,9.742715289013105,10.059991836547852,661900,0.0,0.0
2007-01-10 00:00:00-05:00,10.059993575845178,10.408223975102011,10.059993575845178,10.385008811950684,903800,0.0,0.0
2007-01-11 00:00:00-05:00,10.392745904560318,10.539776233378383,10.323099687437214,10.508822441101074,406800,0.0,0.0
2007-01-12 00:00:00-05:00,10.539776934693705,10.578469362114086,10.392746596092259,10.562992095947266,336300,0.0,0.0
2007-01-16 00:00:00-05:00,10.547515277288456,10.671330451226352,10.292146296542382,10.323100090026855,709600,0.0,0.0
2007-01-17 00:00:00-05:00,10.292149383799384,10.508826003185522,10.292149383799384,10.462395668029785,490700,0.0,0.0
2007-01-18 00:00:00-05:00,10.446916361477806,10.48560879189744,10.253454947376365,10.34631633758545,381700,0.0,0.0
2007-01-19 00:00:00-05:00,10.315360069274902,10.33857522676561,10.214760069486442,10.315360069274902,285600,0.0,0.0
2007-01-22 00:00:00-05:00,10.330839397116694,10.338577292495323,9.982608275194009,9.990346908569336,484600,0.0,0.0
2007-01-23 00:00:00-05:00,9.998086822211762,10.361794519461611,9.990348187845495,10.307624816894531,301500,0.0,0.0
2007-01-24 00:00:00-05:00,10.354054549180386,10.53977732202747,10.25345452938904,10.532038688659668,381700,0.0,0.0
2007-01-25 00:00:00-05:00,10.493349037314777,10.52430283880551,10.33084139498921,10.454656600952148,781000,0.0,0.0
2007-01-26 00:00:00-05:00,10.454656638814626,10.508825607120379,10.32310279750336,10.493349075317383,313300,0.0,0.0
2007-01-29 00:00:00-05:00,10.470132448602184,10.470132448602184,10.23797858359171,10.307624816894531,481300,0.0,0.0
2007-01-30 00:00:00-05:00,10.307622241054627,10.462391937716381,10.253453290020976,10.446914672851562,324900,0.0,0.0
2007-01-31 00:00:00-05:00,10.431437974693178,10.578469046910248,10.36953038786388,10.477869033813477,416300,0.0,0.0
2007-02-01 00:00:00-05:00,10.47013001625528,10.58620729079266,10.439176223977972,10.508822441101074,315800,0.0,0.0
2007-02-02 00:00:00-05:00,10.555256678523056,10.570733210326052,10.454656638814626,10.493349075317383,135700,0.0,0.0
2007-02-05 00:00:00-05:00,10.439176376658795,10.508822594800526,10.2534536202786,10.37726879119873,304200,0.0,0.0
2007-02-06 00:00:00-05:00,10.392751988632083,10.524305867323404,10.392751988632083,10.51656723022461,248600,0.0,0.0
2007-02-07 00:00:00-05:00,10.508827186088553,10.76419627218078,10.415965767327465,10.740981101989746,453000,0.0,0.0
2007-02-08 00:00:00-05:00,10.686810149806561,10.71776395033763,10.586210113581378,10.663594245910645,146800,0.0,0.0
2007-02-09 00:00:00-05:00,10.632641214263316,10.733241257763241,10.323103186568831,10.462395668029785,246500,0.0,0.0
2007-02-12 00:00:00-05:00,10.415960069063363,10.47012901587386,10.26892975429349,10.315360069274902,285900,0.0,0.0
2007-02-13 00:00:00-05:00,10.532042356279586,10.756457636118117,10.477873379834856,10.740981101989746,357600,0.0,0.0
2007-02-14 00:00:00-05:00,10.733240167896561,10.826101566775643,10.648117403423267,10.771932601928711,204400,0.0,0.0
2007-02-15 00:00:00-05:00,10.76419318788976,10.76419318788976,10.601685567122331,10.64037799835205,179100,0.0,0.0
2007-02-16 00:00:00-05:00,10.640375607413695,10.996344566345215,10.570729394449353,10.996344566345215,795000,0.0,0.0
2007-02-20 00:00:00-05:00,11.004086622783227,11.058255588391484,10.849317622476201,11.027301788330078,930500,0.0,0.0
2007-02-21 00:00:00-05:00,11.801143868300114,12.342835570393262,11.507082489907472,12.211281776428223,3726300,0.0,0.0
2007-02-22 00:00:00-05:00,12.26545695040467,12.41248807437626,12.16485690189698,12.397010803222656,1050400,0.0,0.0
2007-02-23 00:00:00-05:00,12.420220068272982,12.420220068272982,11.979128355806221,12.180328369140625,520300,0.0,0.0
2007-02-26 00:00:00-05:00,12.164855245040183,12.164855245040183,11.801147540433615,11.878532409667969,596400,0.0,0.0
2007-02-27 00:00:00-05:00,11.723762305999484,11.801147172823267,11.522562980651855,11.522562980651855,655200,0.0,0.0
2007-02-28 00:00:00-05:00,11.530294319216923,11.592201882268034,11.32135647841851,11.336833000183105,725000,0.0,0.0
2007-03-01 00:00:00-05:00,11.158855287374925,11.599947109478856,11.011824188009092,11.522562980651855,741400,0.0,0.0
2007-03-02 00:00:00-05:00,11.429700101721462,11.53029938235701,11.236238697735628,11.243976593017578,502500,0.0,0.0
2007-03-05 00:00:00-05:00,11.081465778292777,11.460650581284716,11.035035468046566,11.120158195495605,718300,0.0,0.0
2007-03-06 00:00:00-05:00,11.243976522419159,11.59994553303791,11.127899975955152,11.45291519165039,471800,0.0,0.0
2007-03-07 00:00:00-05:00,11.41422139192785,11.522560030140177,11.243975171307506,11.290406227111816,375400,0.0,0.0
2007-03-08 00:00:00-05:00,11.437437925190292,11.538037943190883,11.375530335343264,11.45291519165039,583300,0.0,0.0
2007-03-09 00:00:00-05:00,11.568993047717672,11.607685480251197,11.398746787368227,11.57673168182373,433400,0.0,0.0
2007-03-12 00:00:00-04:00,11.530298493840908,11.832098526481134,11.530298493840908,11.824359893798828,471600,0.0,0.0
2007-03-13 00:00:00-04:00,11.607687359311004,11.661856330828785,11.298149324928133,11.305887222290039,546100,0.0,0.0
2007-03-14 00:00:00-04:00,11.298149823683925,11.49161128821278,11.220764942673615,11.391011238098145,451700,0.0,0.0
2007-03-15 00:00:00-04:00,11.336838723676504,11.545777407955642,11.298147030733023,11.53030014038086,504100,0.0,0.0
2007-03-16 00:00:00-04:00,11.52256439944422,11.530302296681953,11.081471785031043,11.104687690734863,1097800,0.0,0.0
2007-03-19 00:00:00-04:00,11.135639327181485,11.599946280971464,11.135639327181485,11.545777320861816,522900,0.0,0.0
2007-03-20 00:00:00-04:00,11.507084132548377,11.522561398987333,11.151115122415888,11.259453773498535,785100,0.0,0.0
2007-03-21 00:00:00-04:00,11.259452435907807,11.313621386015674,11.050513791783304,11.290406227111816,868100,0.0,0.0
2007-03-22 00:00:00-04:00,11.360052441819985,11.398744127327548,11.174328956599338,11.290406227111816,378000,0.0,0.0
2007-03-23 00:00:00-04:00,11.274928199912749,11.367789567243937,11.158851675247897,11.352313041687012,302600,0.0,0.0
2007-03-26 00:00:00-04:00,11.336837086022307,11.34457571869182,11.081468111901428,11.127899169921875,356500,0.0,0.0
2007-03-27 00:00:00-04:00,11.120160006491473,11.290406227111816,11.04277589747975,11.290406227111816,480300,0.0,0.0
2007-03-28 00:00:00-04:00,11.151117028671045,11.205285994474075,11.011824558895475,11.065994262695312,385500,0.0,0.0
2007-03-29 00:00:00-04:00,11.15111434987251,11.15885298255586,10.872530215241602,10.973130226135254,352400,0.0,0.0
2007-03-30 00:00:00-04:00,10.988609353754121,11.104686657481995,10.888009319055353,11.027301788330078,432600,0.0,0.0
2007-04-02 00:00:00-04:00,11.042779720611623,11.042779720611623,10.826102369170885,10.942179679870605,253700,0.0,0.0
2007-04-03 00:00:00-04:00,10.949916055972034,11.46065482371776,10.942178160064284,11.398746490478516,749200,0.0,0.0
2007-04-04 00:00:00-04:00,11.375530620806707,11.3910078876552,11.096946459504148,11.151115417480469,493700,0.0,0.0
2007-04-05 00:00:00-04:00,11.189809463386128,11.259455698273914,11.027301827980232,11.065994262695312,456700,0.0,0.0
2007-04-09 00:00:00-04:00,11.058256475611522,11.205286853200455,10.996348870521773,11.182071685791016,361000,0.0,0.0
2007-04-10 00:00:00-04:00,11.18206758889949,11.352313809519833,11.151113797695482,11.290406227111816,278600,0.0,0.0
2007-04-11 00:00:00-04:00,11.321363216917666,11.321363216917666,10.926701714066198,10.988609313964844,575000,0.0,0.0
2007-04-12 00:00:00-04:00,10.94991236902253,11.065989624515353,10.880266901322635,10.934435844421387,329300,0.0,0.0
2007-04-13 00:00:00-04:00,10.965389492950836,10.980866017356261,10.702281936090184,10.91122055053711,638800,0.0,0.0
2007-04-16 00:00:00-04:00,10.94217561759365,11.058252147203168,10.84931424630672,10.996344566345215,465000,0.0,0.0
2007-04-17 00:00:00-04:00,10.988609353754121,11.104686657481995,10.942179022660417,11.027301788330078,413500,0.0,0.0
2007-04-18 00:00:00-04:00,10.988607926722468,11.027300356273647,10.87253137606564,10.98086929321289,318800,0.0,0.0
2007-04-19 00:00:00-04:00,10.94991389430405,10.9731297914344,10.802883569128173,10.965391159057617,280000,0.0,0.0
2007-04-20 00:00:00-04:00,11.127903540741594,11.189811150420516,10.934442075995733,11.158857345581055,425800,0.0,0.0
2007-04-23 00:00:00-04:00,11.19754773157094,11.538039522330587,11.19754773157094,11.3291015625,710200,0.0,0.0
2007-04-24 00:00:00-04:00,11.336837454562838,11.36779124825051,11.120160898749122,11.251714706420898,327500,0.0,0.0
2007-04-25 00:00:00-04:00,11.298145127937104,11.66959063121342,11.267191335997412,11.584467887878418,1143700,0.0,0.0
2007-04-26 00:00:00-04:00,11.5612559237555,11.65411806916442,11.530302121284816,11.607686996459961,566300,0.0,0.0
2007-04-27 00:00:00-04:00,11.568994558872388,11.708287038988903,11.507086953931017,11.607686996459961,348400,0.0,0.0
2007-04-30 00:00:00-04:00,11.60768682378897,11.62316409379251,11.267195001676441,11.31362533569336,920100,0.0,0.0
2007-05-01 00:00:00-04:00,12.296405368289347,12.296405368289347,11.530297755707446,11.731497764587402,3672900,0.0,0.0
2007-05-02 00:00:00-04:00,11.607683344670699,11.99460612282639,11.568990919255803,11.824359893798828,1581600,0.0,0.0
2007-05-03 00:00:00-04:00,12.350578159333434,12.381531959712843,12.071993955918748,12.095209121704102,2541300,0.0,0.0
2007-05-04 00:00:00-04:00,12.102947417635656,12.164855016662187,11.793408684506204,11.971393585205078,793400,0.0,0.0
2007-05-07 00:00:00-04:00,11.99460516845006,12.110681697462237,11.979127904316929,12.071990013122559,670000,0.0,0.0
2007-05-08 00:00:00-04:00,11.994609438761437,12.087470842630937,11.909486669713603,12.02556324005127,6305200,0.0,0.0
2007-05-09 00:00:00-04:00,11.917222632240428,11.994607491903004,11.801146080743278,11.986868858337402,869600,0.0,0.0
2007-05-10 00:00:00-04:00,11.886269485480247,11.979130879351567,11.700546697737607,11.708285331726074,474000,0.0,0.0
2007-05-11 00:00:00-04:00,11.669592598007762,11.76245398947771,11.64637743463946,11.723761558532715,551100,0.0,0.0
2007-05-14 00:00:00-04:00,11.692806917808452,11.692806917808452,11.445176558420341,11.45291519165039,624600,0.0,0.0
2007-05-15 00:00:00-04:00,11.468393623704303,11.468393623704303,11.019563153815525,11.027301788330078,1096900,0.0,0.0
2007-05-16 00:00:00-04:00,11.042779146156244,11.189809513131015,10.849317709717601,11.011824607849121,725700,0.0,0.0
2007-05-17 00:00:00-04:00,10.965394474219009,11.019563441240162,10.694548163119592,10.779671669006348,736700,0.0,0.0
2007-05-18 00:00:00-04:00,10.79514526741495,10.918960437249632,10.717761155266587,10.895745277404785,588500,0.0,0.0
2007-05-21 00:00:00-04:00,10.903485172107242,11.104685215376007,10.802885150472859,10.98086929321289,744700,0.0,0.0
2007-05-22 00:00:00-04:00,10.957657006711896,10.996349446418591,10.764195546175324,10.88027286529541,743700,0.0,0.0
2007-05-23 00:00:00-04:00,10.91896573986392,11.065996878943304,10.857058124882174,10.888011932373047,1023100,0.0,0.0
2007-05-24 00:00:00-04:00,10.911224770564619,11.104686197432809,10.562993611804457,10.593947410583496,1032100,0.0,0.0
2007-05-25 00:00:00-04:00,10.617165876974964,10.8106273505598,10.562996162533281,10.740981101989746,810400,0.0,0.0
2007-05-29 00:00:00-04:00,10.748715218925618,10.888006919505786,10.524300033438891,10.686807632446289,1379000,0.0,0.0
2007-05-30 00:00:00-04:00,11.07373154735203,11.151115669352276,10.810623908958412,10.903485298156738,1670000,0.0,0.0
2007-05-31 00:00:00-04:00,10.973136844044966,10.973136844044966,10.67907526669853,10.717767715454102,860000,0.0,0.0
2007-06-01 00:00:00-04:00,10.78740563826794,10.988605639660891,10.740975322867447,10.857051849365234,623100,0.0,0.0
2007-06-04 00:00:00-04:00,10.810622610438156,11.151114329933783,10.810622610438156,11.127899169921875,808900,0.0,0.0
2007-06-05 00:00:00-04:00,11.096944569738534,11.104683201844923,10.903483195058286,10.996344566345215,543900,0.0,0.0
2007-06-06 00:00:00-04:00,10.965393018585452,10.973131652274564,10.586208823779655,10.73323917388916,674400,0.0,0.0
2007-06-07 00:00:00-04:00,10.725499405325019,10.764191831679772,10.26893113592819,10.323100090026855,874100,0.0,0.0
2007-06-08 00:00:00-04:00,10.323099838420331,10.50108396211886,10.237976354915268,10.37726879119873,569000,0.0,0.0
2007-06-11 00:00:00-04:00,10.361789605451888,10.493343375302763,10.28440477448204,10.439173698425293,517800,0.0,0.0
2007-06-12 00:00:00-04:00,10.354055939711406,10.377271104935874,10.021302040174609,10.15285587310791,966500,0.0,0.0
2007-06-13 00:00:00-04:00,10.199285399093812,10.54751577678436,10.160592970906709,10.470130920410156,856200,0.0,0.0
2007-06-14 00:00:00-04:00,10.46239371944571,10.694546827980439,10.400485387440153,10.617162704467773,733500,0.0,0.0
2007-06-15 00:00:00-04:00,10.771931689489836,10.771931689489836,10.400485387440153,10.617162704467773,1584900,0.0,0.0
2007-06-18 00:00:00-04:00,10.609426498413086,10.663595471066808,10.516565086150893,10.609426498413086,1239600,0.0,0.0
2007-06-19 00:00:00-04:00,10.55525365289389,10.578468812942257,10.354053631150364,10.37726879119873,801600,0.0,0.0
2007-06-20 00:00:00-04:00,10.385013339469683,10.423705786921664,9.998090340943978,10.029044151306152,1036900,0.0,0.0
2007-06-21 00:00:00-04:00,9.982610811225015,10.021303249934563,9.688550048224986,9.866534233093262,761400,0.0,0.0
2007-06-22 00:00:00-04:00,9.851058035756415,9.851058035756415,9.688551103864379,9.750458717346191,799000,0.0,0.0
2007-06-25 00:00:00-04:00,9.711766274420818,9.851058035756415,9.673073831495442,9.750458717346191,816100,0.0,0.0
2007-06-26 00:00:00-04:00,9.758194530561275,9.835579399877684,9.704025564837874,9.789148330688477,819700,0.0,0.0
2007-06-27 00:00:00-04:00,9.673070705072043,10.34631633758545,9.556994151809869,10.34631633758545,1716600,0.0,0.0
2007-06-28 00:00:00-04:00,10.230242422632545,10.423703886626368,10.168334813194274,10.245718955993652,1592600,0.0,0.0
2007-06-29 00:00:00-04:00,10.261194380181172,10.307624709903251,9.804625289265596,9.897486686706543,792600,0.0,0.0
2007-07-02 00:00:00-04:00,9.912959098815918,10.052250757738502,9.796881855384605,9.912959098815918,450900,0.0,0.0
2007-07-03 00:00:00-04:00,10.075468229628772,10.176067489853935,9.835575812639094,9.889744758605957,780100,0.0,0.0
2007-07-05 00:00:00-04:00,9.905226214342143,9.91296484932603,9.680810965787376,9.719503402709961,1356500,0.0,0.0
2007-07-06 00:00:00-04:00,9.719502785696589,10.415963654102978,9.6885489857229,10.369532585144043,1458900,0.0,0.0
2007-07-09 00:00:00-04:00,10.377270747588957,10.431439710579639,10.059994127791926,10.222501754760742,1795300,0.0,0.0
2007-07-10 00:00:00-04:00,10.106422094495077,10.369528932596666,10.021298621053596,10.33083724975586,1437200,0.0,0.0
2007-07-11 00:00:00-04:00,10.253451664280615,10.710020573448775,10.114159254569246,10.547513008117676,1815500,0.0,0.0
2007-07-12 00:00:00-04:00,10.601687074471823,10.748718186450315,10.493349137221195,10.671333312988281,2445500,0.0,0.0
2007-07-13 00:00:00-04:00,10.655860092644017,10.733244252158084,10.385013689352093,10.717767715454102,1020200,0.0,0.0
2007-07-16 00:00:00-04:00,10.679066786623638,10.679066786623638,10.415959229611715,10.547513008117676,514000,0.0,0.0
2007-07-17 00:00:00-04:00,10.547520530298707,10.586212975923564,10.191551358944638,10.253458976745605,840000,0.0,0.0
2007-07-18 00:00:00-04:00,10.214764666637418,10.400487486140653,10.059995650384721,10.292149543762207,548600,0.0,0.0
2007-07-19 00:00:00-04:00,10.292148036167388,10.292148036167388,10.044516908439222,10.067732810974121,520400,0.0,0.0
2007-07-20 00:00:00-04:00,10.036775809082497,10.222498542108774,9.85105233805968,9.889744758605957,934400,0.0,0.0
2007-07-23 00:00:00-04:00,10.052254851889415,10.237977631426249,9.974870729414095,10.11416244506836,471800,0.0,0.0
2007-07-24 00:00:00-04:00,10.036778537155215,10.08320886403363,9.959393675028869,10.02130126953125,640800,0.0,0.0
2007-07-25 00:00:00-04:00,10.03677771456015,10.114161832347502,9.982608020312657,10.044515609741211,1322800,0.0,0.0
2007-07-26 00:00:00-04:00,10.021297752222566,10.160590159961975,9.905221237770713,10.005821228027344,1537600,0.0,0.0
2007-07-27 00:00:00-04:00,9.951656213843162,10.176071454856833,9.734979607553333,9.928441047668457,1025600,0.0,0.0
2007-07-30 00:00:00-04:00,9.88974894437437,9.920702746313067,9.711764767726073,9.719503402709961,2048300,0.0,0.0
2007-07-31 00:00:00-04:00,9.642118884978922,9.673072688060842,9.13911940039851,9.18554973602295,3601600,0.0,0.0
2007-08-01 00:00:00-04:00,9.13138192633896,9.177812267867807,8.968874254994056,9.053997039794922,1387500,0.0,0.0
2007-08-02 00:00:00-04:00,9.053995888425572,9.208764903835169,8.953395843910114,9.18554973602295,883800,0.0,0.0
2007-08-03 00:00:00-04:00,9.177812267867807,9.231981983647424,9.030781869030498,9.053997039794922,843400,0.0,0.0
2007-08-06 00:00:00-04:00,9.061729994719194,9.688545116347262,8.876007269050326,9.611160278320312,1406000,0.0,0.0
2007-08-07 00:00:00-04:00,9.526036721134304,9.70402079997283,9.286144334442762,9.479605674743652,1649300,0.0,0.0
2007-08-08 00:00:00-04:00,9.510561278545001,10.454653006407735,9.510561278545001,9.649853706359863,2403100,0.0,0.0
2007-08-09 00:00:00-04:00,9.626641735695397,10.439179999326507,9.53378032527997,10.137380599975586,1868800,0.0,0.0
2007-08-10 00:00:00-04:00,9.990345487015121,10.462391723787448,9.804622740414498,10.036776542663574,986700,0.0,0.0
2007-08-13 00:00:00-04:00,10.137379108985746,10.408224665029316,9.556994825753664,9.626640319824219,1123000,0.0,0.0
2007-08-14 00:00:00-04:00,9.634378387961874,9.696285982162689,9.317101783183512,9.40222454071045,966100,0.0,0.0
2007-08-15 00:00:00-04:00,9.379008604770855,9.60342379976137,9.379008604770855,9.464131355285645,661200,0.0,0.0
2007-08-16 00:00:00-04:00,9.394485381527202,10.323099907652594,9.394485381527202,10.261192321777344,1082700,0.0,0.0
2007-08-17 00:00:00-04:00,10.640374102112546,10.833835449423681,10.191543835390425,10.655851364135742,1196200,0.0,0.0
2007-08-20 00:00:00-04:00,10.679071846259184,10.787409782478335,10.385010363098786,10.454656600952148,592100,0.0,0.0
2007-08-21 00:00:00-04:00,10.439177902271714,10.516562764404368,10.176070256616779,10.214762687683105,423900,0.0,0.0
2007-08-22 00:00:00-04:00,10.330838929828513,10.485607900350976,10.207023015413878,10.230238914489746,759300,0.0,0.0
2007-08-23 00:00:00-04:00,10.23023968690509,10.338577605452336,9.905224455269911,9.974870681762695,677700,0.0,0.0
2007-08-24 00:00:00-04:00,9.990347297992923,10.121901118514637,9.866532111148187,9.959393501281738,498200,0.0,0.0
2007-08-27 00:00:00-04:00,9.943915654239772,9.998084606807145,9.81236185115047,9.835577011108398,258400,0.0,0.0
2007-08-28 00:00:00-04:00,9.78141177114928,9.866534548635087,9.556996505053142,9.618904113769531,645900,0.0,0.0
2007-08-29 00:00:00-04:00,9.665329091243729,9.827836658502276,9.587944992261303,9.742713928222656,396100,0.0,0.0
2007-08-30 00:00:00-04:00,9.673072255677788,9.758195025848888,9.556995683808394,9.642118453979492,469800,0.0,0.0
2007-08-31 00:00:00-04:00,9.688543980444418,9.967128036286011,9.58020536750781,9.912959098815918,579200,0.0,0.0
2007-09-04 00:00:00-04:00,9.874274647552792,10.036782329015544,9.649859348199184,9.982612609863281,643200,0.0,0.0
2007-09-05 00:00:00-04:00,9.8820081543777,9.990346060448225,9.758192244873817,9.820099830627441,512600,0.0,0.0
2007-09-06 00:00:00-04:00,9.843319139110555,9.928441914514368,9.66533421490654,9.71176528930664,480100,0.0,0.0
2007-09-07 00:00:00-04:00,9.556990747337291,9.711759675885993,9.425436973571777,9.425436973571777,454100,0.0,0.0
2007-09-10 00:00:00-04:00,9.464132221750333,9.61116331282392,9.201025312981074,9.286148071289062,787200,0.0,0.0
2007-09-11 00:00:00-04:00,9.340316177083523,9.479608621559247,9.255193426568733,9.464131355285645,456100,0.0,0.0
2007-09-12 00:00:00-04:00,9.448654634719343,9.479608428639933,9.270669766178452,9.301624298095703,258800,0.0,0.0
2007-09-13 00:00:00-04:00,9.371269526809884,9.533777124985622,9.262931620023819,9.355792999267578,289800,0.0,0.0
2007-09-14 00:00:00-04:00,9.27840943744377,9.379009463442344,9.208763208829623,9.286148071289062,429000,0.0,0.0
2007-09-17 00:00:00-04:00,9.24745247501741,9.3325759421877,8.97660702510268,8.992083549499512,557500,0.0,0.0
2007-09-18 00:00:00-04:00,9.05399185418963,9.510560799709717,8.883745644098154,9.448653221130371,859900,0.0,0.0
2007-09-19 00:00:00-04:00,9.510560155282375,9.998082857058018,9.456391212195026,9.742713928222656,543600,0.0,0.0
2007-09-20 00:00:00-04:00,9.727239958138384,9.727239958138384,9.340317118269754,9.363533020019531,409900,0.0,0.0
2007-09-21 00:00:00-04:00,9.448651889815368,9.626635968653893,9.231975395317376,9.479605674743652,499800,0.0,0.0
2007-09-24 00:00:00-04:00,9.495085668676596,9.688547064651294,9.402223549171682,9.456393241882324,504100,0.0,0.0
2007-09-25 00:00:00-04:00,9.417701804550306,9.417701804550306,8.96113274400154,9.015301704406738,1063600,0.0,0.0
2007-09-26 00:00:00-04:00,9.077208787903102,9.28614745999132,9.077208787903102,9.216501235961914,531100,0.0,0.0
2007-09-27 00:00:00-04:00,9.278408917868498,9.348055142582574,9.154593735264232,9.293886184692383,196200,0.0,0.0
2007-09-28 00:00:00-04:00,9.270673688922471,9.363535847974108,9.0153045965229,9.053997039794922,469800,0.0,0.0
2007-10-01 00:00:00-04:00,9.061730540304172,9.379007066923405,9.05399190843625,9.332576751708984,458700,0.0,0.0
2007-10-02 00:00:00-04:00,9.363533458965197,9.440917587768503,9.115902328002981,9.278409957885742,608800,0.0,0.0
2007-10-03 00:00:00-04:00,9.170068165960462,9.31709846533018,9.100421962786632,9.139114379882812,626600,0.0,0.0
2007-10-04 00:00:00-04:00,9.170071601859933,9.379009551671118,9.170071601859933,9.270670890808105,398500,0.0,0.0
2007-10-05 00:00:00-04:00,9.363532450997122,9.363532450997122,9.069471022007484,9.239716529846191,1072100,0.0,0.0
2007-10-08 00:00:00-04:00,9.201027320882096,9.23198112502144,8.922442345631096,8.937919616699219,597200,0.0,0.0
2007-10-09 00:00:00-04:00,8.961132960664594,9.053994354174458,8.829579135359763,8.922440528869629,582400,0.0,0.0
2007-10-10 00:00:00-04:00,8.899226188659668,8.937918624035813,8.860533753283523,8.899226188659668,370300,0.0,0.0
2007-10-11 00:00:00-04:00,8.937920052766922,8.976612494328075,8.357535643340459,8.442658424377441,1211800,0.0,0.0
2007-10-12 00:00:00-04:00,8.43491707219989,8.775409562694131,8.380748114256274,8.659332275390625,886700,0.0,0.0
2007-10-15 00:00:00-04:00,8.64385790546216,8.674811708874861,8.179550116274735,8.233719825744629,930300,0.0,0.0
2007-10-16 00:00:00-04:00,8.256934408453699,8.56647242063693,8.133119203580405,8.39622688293457,524000,0.0,0.0
2007-10-17 00:00:00-04:00,8.450394254914912,8.821839799396285,8.450394254914912,8.674809455871582,778900,0.0,0.0
2007-10-18 00:00:00-04:00,8.643856137534165,8.868271350875833,8.512302315437662,8.821840286254883,837100,0.0,0.0
2007-10-19 00:00:00-04:00,8.806364807526633,8.845057242994923,8.690287501121768,8.705764770507812,673700,0.0,0.0
2007-10-22 00:00:00-04:00,8.667074083068668,9.193289540375403,8.589689934521601,9.053997039794922,661400,0.0,0.0
2007-10-23 00:00:00-04:00,9.162334202465443,9.193288004311738,8.899226517773512,9.023041725158691,490700,0.0,0.0
2007-10-24 00:00:00-04:00,8.937917578808893,8.992086539202722,8.465871250816711,8.821840286254883,960400,0.0,0.0
2007-10-25 00:00:00-04:00,8.83732006795804,8.860535237874723,8.4736122952776,8.52004337310791,606300,0.0,0.0
2007-10-26 00:00:00-04:00,8.659331645999414,8.783147557723112,8.450393724834182,8.489086151123047,716900,0.0,0.0
2007-10-29 00:00:00-04:00,8.612901574619546,8.698024324526243,8.295624998243973,8.342055320739746,861200,0.0,0.0
2007-10-30 00:00:00-04:00,9.363534238694838,9.657594985830217,8.775411268430384,9.642118453979492,4494300,0.0,0.0
2007-10-31 00:00:00-04:00,9.634378305894693,9.889747314296963,9.51056311854774,9.804624557495117,1046400,0.0,0.0
2007-11-01 00:00:00-04:00,9.665330548811609,9.665330548811609,9.170069879048118,9.231977462768555,999100,0.0,0.0
2007-11-02 00:00:00-04:00,9.363529402152297,9.440913497428415,9.030775652275238,9.425436973571777,783900,0.0,0.0
2007-11-05 00:00:00-05:00,9.332581887573328,9.348058421829592,9.13138177626316,9.262935638427734,760800,0.0,0.0
2007-11-06 00:00:00-05:00,9.278409021554594,9.673070474013558,9.278409021554594,9.665331840515137,618900,0.0,0.0
2007-11-07 00:00:00-05:00,9.510559812814607,9.587944647006967,9.131375748864283,9.139114379882812,595600,0.0,0.0
2007-11-08 00:00:00-05:00,9.193287749638822,9.332580223086886,9.030780109948356,9.309364318847656,660900,0.0,0.0
2007-11-09 00:00:00-05:00,9.162332232998676,9.340316370857513,9.046254947528544,9.17780876159668,444800,0.0,0.0
2007-11-12 00:00:00-05:00,9.154592514038086,9.518300117916914,9.084946298614842,9.154592514038086,625200,0.0,0.0
2007-11-13 00:00:00-05:00,9.201024848336758,9.495086277637323,9.201024848336758,9.433177947998047,768900,0.0,0.0
2007-11-14 00:00:00-05:00,9.479607694015488,9.541515277059126,9.131377354895873,9.154592514038086,421800,0.0,0.0
2007-11-15 00:00:00-05:00,9.100424259271751,9.348054610382277,9.092685626300382,9.208762168884277,286500,0.0,0.0
2007-11-16 00:00:00-05:00,9.24745483885546,9.634377641635995,9.224239677327697,9.502823829650879,556300,0.0,0.0
2007-11-19 00:00:00-05:00,9.394487991748312,9.440918325056915,9.208764444523375,9.371272087097168,977800,0.0,0.0
2007-11-20 00:00:00-05:00,9.402224626981479,9.456394325901783,9.053994221907487,9.286148071289062,704500,0.0,0.0
2007-11-21 00:00:00-05:00,9.239715972257862,9.55699328243974,9.131378062534125,9.301624298095703,614300,0.0,0.0
2007-11-23 00:00:00-05:00,9.394489081930496,9.634380887189119,9.286150394976872,9.526042938232422,154100,0.0,0.0
2007-11-26 00:00:00-05:00,9.510566935374596,9.665335981670951,9.340320615450093,9.379013061523438,514500,0.0,0.0
2007-11-27 00:00:00-05:00,9.40222471542864,9.618902037154665,9.177809497781272,9.270670890808105,529800,0.0,0.0
2007-11-28 00:00:00-05:00,9.409961890510521,9.959392267571413,9.402223257792159,9.820099830627441,1061900,0.0,0.0
2007-11-29 00:00:00-05:00,9.789147884529532,10.098686609690546,9.510563696081718,10.067732810974121,623500,0.0,0.0
2007-11-30 00:00:00-05:00,10.145113161722179,10.377266934662462,9.696282878436,9.742713928222656,825900,0.0,0.0
2007-12-03 00:00:00-05:00,9.758195956541215,9.796888396853603,9.518304154998852,9.603426933288574,629400,0.0,0.0
2007-12-04 00:00:00-05:00,9.479609578616042,9.572470971642874,9.185548131699363,9.270670890808105,750100,0.0,0.0
2007-12-05 00:00:00-05:00,9.526042700694948,9.851057277457535,9.340319136548871,9.618904113769531,781200,0.0,0.0
2007-12-06 00:00:00-05:00,9.580211367437633,9.928441839829782,9.433180247940731,9.866534233093262,595600,0.0,0.0
2007-12-07 00:00:00-05:00,9.912963996115101,10.059994358169766,9.866532928204961,9.936179161071777,783100,0.0,0.0
2007-12-10 00:00:00-05:00,10.059994940750633,10.253456381918914,9.874272134348322,10.199287414550781,615200,0.0,0.0
2007-12-11 00:00:00-05:00,10.145118497345873,10.524303512371649,9.943919143777554,10.137380599975586,743600,0.0,0.0
2007-12-12 00:00:00-05:00,10.415962465554701,10.439177628386721,9.804624432335526,9.974870681762695,623100,0.0,0.0
2007-12-13 00:00:00-05:00,9.866535337761194,9.943920223844383,9.603427610674714,9.657596588134766,550300,0.0,0.0
2007-12-14 00:00:00-05:00,9.595685560558971,9.595685560558971,9.239716539615836,9.433177947998047,821000,0.0,0.0
2007-12-17 00:00:00-05:00,9.37127074361004,9.665332185062281,9.317101783183512,9.40222454071045,572800,0.0,0.0
2007-12-18 00:00:00-05:00,9.471874078751766,9.758196986488882,9.417705099395201,9.68081283569336,753300,0.0,0.0
2007-12-19 00:00:00-05:00,9.518298646689217,9.526037277872675,9.146852467844607,9.201022148132324,1757300,0.0,0.0
2007-12-20 00:00:00-05:00,9.317101731850867,9.340316895049085,8.79088644604639,8.876009941101074,1563100,0.0,0.0
2007-12-21 00:00:00-05:00,9.015301928349654,9.015301928349654,8.334318375493016,8.535517692565918,2121900,0.0,0.0
2007-12-24 00:00:00-05:00,8.558733209970978,8.759932518005371,8.465871082574525,8.759932518005371,360200,0.0,0.0
2007-12-26 00:00:00-05:00,8.736717133592963,8.75219440043211,8.628378479709031,8.659332275390625,488000,0.0,0.0
2007-12-27 00:00:00-05:00,8.775410855648756,8.775410855648756,8.419441783864169,8.450395584106445,568800,0.0,0.0
2007-12-28 00:00:00-05:00,8.504566101165492,8.589689620854903,8.403966047530606,8.52004337310791,506900,0.0,0.0
2007-12-31 00:00:00-05:00,8.512300026963286,8.558731079101562,8.396223503612402,8.558731079101562,629300,0.0,0.0
2008-01-02 00:00:00-05:00,8.550996046440993,8.589688483175392,8.071211749726242,8.225980758666992,904200,0.0,0.0
2008-01-03 00:00:00-05:00,8.218242883669486,8.295627764294139,7.939658641815185,7.9396586418151855,791600,0.0,0.0
2008-01-04 00:00:00-05:00,7.769409806854751,8.125378812941582,7.5604718782802385,7.986086368560791,1332200,0.0,0.0
2008-01-07 00:00:00-05:00,7.986088167550469,8.342057253824834,7.962873000922987,8.148595809936523,1083700,0.0,0.0
2008-01-08 00:00:00-05:00,8.171814010387259,8.187290546488015,7.815844824105299,7.854536533355713,827800,0.0,0.0
2008-01-09 00:00:00-05:00,7.815839320746643,8.009300682765158,7.761669637543819,7.916438579559326,957700,0.0,0.0
2008-01-10 00:00:00-05:00,7.839057529197847,8.156334168340635,7.753934762451212,7.870011329650879,898300,0.0,0.0
2008-01-11 00:00:00-05:00,7.7926260885892775,7.8081033570774805,7.529518428264073,7.5604729652404785,759600,0.0,0.0
2008-01-14 00:00:00-05:00,7.622381579212113,7.637858111766453,7.227720036118566,7.5063042640686035,1410200,0.0,0.0
2008-01-15 00:00:00-05:00,7.459870769101987,7.4830859271001575,7.1193783411448415,7.266409397125244,1139300,0.0,0.0
2008-01-16 00:00:00-05:00,7.212240471650934,7.444394290102512,7.158071517944335,7.158071517944336,1412900,0.0,0.0
2008-01-17 00:00:00-05:00,7.212240561715964,7.8003633790052165,7.127117813685935,7.537255764007568,1921600,0.0,0.0
2008-01-18 00:00:00-05:00,7.568212652652288,7.6533361734899765,7.103905558070618,7.219982147216797,1047500,0.0,0.0
2008-01-22 00:00:00-05:00,6.964607948490802,7.661068448141317,6.9336541649062555,7.390223026275635,1071400,0.0,0.0
2008-01-23 00:00:00-05:00,7.2354574445701285,8.612902556207095,7.127118783071832,8.535517692565918,2313400,0.0,0.0
2008-01-24 00:00:00-05:00,8.550993590691586,8.558732223415388,8.071209431765464,8.373008728027344,1496400,0.0,0.0
2008-01-25 00:00:00-05:00,8.504564639401693,8.783149582506512,8.295626670069897,8.434918403625488,1293300,0.0,0.0
2008-01-28 00:00:00-05:00,8.434916898657052,8.620640406922185,8.156332743254387,8.597424507141113,453300,0.0,0.0
2008-01-29 00:00:00-05:00,8.667072826928624,9.201026843101898,8.62064249212904,9.123641967773438,1985800,0.0,0.0
2008-01-30 00:00:00-05:00,9.046255501445332,9.363532844093745,8.976610011494776,9.108163833618164,1690600,0.0,0.0
2008-01-31 00:00:00-05:00,8.93791833024214,9.47961019371204,8.783149331821711,9.340317726135254,1054200,0.0,0.0
2008-02-01 00:00:00-05:00,9.363531945109196,9.587947136950822,9.185547075443539,9.440916061401367,674400,0.0,0.0
2008-02-04 00:00:00-05:00,9.402223319891137,9.50282333190437,9.270669514796651,9.355792999267578,862100,0.0,0.0
2008-02-05 00:00:00-05:00,9.185547149390125,9.363532020488616,8.883747100830078,8.883747100830078,673800,0.0,0.0
2008-02-06 00:00:00-05:00,8.945657408057434,8.953395304864388,8.334319280497924,8.39622688293457,1185500,0.0,0.0
2008-02-07 00:00:00-05:00,8.33431928322838,8.814103571267992,8.017041898140578,8.72898006439209,1325100,0.0,0.0
2008-02-08 00:00:00-05:00,8.612903931912122,8.63611909951384,8.125380984294809,8.171812057495117,1203900,0.0,0.0
2008-02-11 00:00:00-05:00,8.280146454632167,8.620638877721627,8.08668508542115,8.566469192504883,1382900,0.0,0.0
2008-02-12 00:00:00-05:00,8.60516482152324,8.759933826982918,8.55099585411156,8.690287590026855,854800,0.0,0.0
2008-02-13 00:00:00-05:00,8.790888924349405,9.10042771890913,8.759935118693127,9.08495044708252,968500,0.0,0.0
2008-02-14 00:00:00-05:00,9.09269090901613,9.09269090901613,8.489091208503606,8.612906455993652,707600,0.0,0.0
2008-02-15 00:00:00-05:00,8.550993582570598,8.659331488614379,8.450393571246634,8.62063980102539,594600,0.0,0.0
2008-02-19 00:00:00-05:00,8.728978796974152,8.89922504800995,7.931917977574084,8.256933212280273,1974100,0.0,0.0
2008-02-20 00:00:00-05:00,7.5372579881664885,8.01704230027187,7.158073719598878,7.7075042724609375,5661800,0.0,0.0
2008-02-21 00:00:00-05:00,7.784888966922877,7.800365498954184,7.405703969198341,7.459873676300049,1676400,0.0,0.0
2008-02-22 00:00:00-05:00,7.405701956508745,7.5604716627402935,7.312840575567808,7.537255764007568,1481100,0.0,0.0
2008-02-25 00:00:00-05:00,7.490828495851825,7.537258836249312,7.305104920271012,7.405704975128174,1419800,0.0,0.0
2008-02-26 00:00:00-05:00,7.3515327158858454,7.753932755625345,7.3515327158858454,7.599163055419922,1403300,0.0,0.0
2008-02-27 00:00:00-05:00,7.5914263282186,7.692025615627037,7.235457291399035,7.312841415405273,1586700,0.0,0.0
2008-02-28 00:00:00-05:00,7.405701083110834,7.405701083110834,7.158070763139504,7.266409397125244,1346900,0.0,0.0
2008-02-29 00:00:00-05:00,7.165809724055188,7.320578681141311,7.158071091701732,7.196763515472412,1198600,0.0,0.0
2008-03-03 00:00:00-05:00,7.196766411519708,7.351535430886358,7.065212560558832,7.235458850860596,1254900,0.0,0.0
2008-03-04 00:00:00-05:00,7.158073342317822,7.24319611098004,7.065211938868995,7.127119541168213,798800,0.0,0.0
2008-03-05 00:00:00-05:00,7.150334917708526,7.544996447464369,7.142596282694446,7.459873676300049,1362400,0.0,0.0
2008-03-06 00:00:00-05:00,7.405702446714056,7.405702446714056,6.9955644692441785,7.142594814300537,1057600,0.0,0.0
2008-03-07 00:00:00-05:00,7.026516196678418,7.2431927027707985,7.026516196678418,7.080685138702393,787300,0.0,0.0
2008-03-10 00:00:00-04:00,7.088426724630257,7.243195722068229,6.972350161050977,7.011042594909668,552500,0.0,0.0
2008-03-11 00:00:00-04:00,7.204503493042396,7.235457290239277,6.964611011269009,7.119379997253418,779200,0.0,0.0
2008-03-12 00:00:00-04:00,7.134857221340278,7.452133825172676,6.995564765805378,7.173549652099609,762700,0.0,0.0
2008-03-13 00:00:00-04:00,7.15807325513662,7.521780967712402,7.034258052046181,7.521780967712402,808900,0.0,0.0
2008-03-14 00:00:00-04:00,7.521776791009063,7.63011466455677,7.235454108352899,7.390223026275635,992400,0.0,0.0
2008-03-17 00:00:00-04:00,7.1580730995351285,7.537257335256134,7.049734430187638,7.413442134857178,1347700,0.0,0.0
2008-03-18 00:00:00-04:00,7.575946540710136,7.7384541064657775,7.467607917540878,7.6842851638793945,902400,0.0,0.0
2008-03-19 00:00:00-04:00,7.7616706143125045,7.885485783506449,7.6146402853938495,7.653332710266113,913700,0.0,0.0
2008-03-20 00:00:00-04:00,7.777147281479402,8.38848518586653,7.746193491560936,8.086685180664062,2369600,0.0,0.0
2008-03-24 00:00:00-04:00,8.109903128667746,8.574210875177897,8.071211431455914,8.434918403625488,1816000,0.0,0.0
2008-03-25 00:00:00-04:00,8.458131302069376,8.550992670775045,8.171808564061086,8.411700248718262,1061200,0.0,0.0
2008-03-26 00:00:00-04:00,8.334317133140162,8.334317133140162,8.009301935090335,8.102163314819336,643300,0.0,0.0
2008-03-27 00:00:00-04:00,8.140857913259119,8.164073079887173,7.815842628479004,7.815842628479004,679900,0.0,0.0
2008-03-28 00:00:00-04:00,7.8467957963160995,7.8467957963160995,7.4366570370257,7.467610836029053,906500,0.0,0.0
2008-03-31 00:00:00-04:00,7.583686351776123,7.668809094511573,7.38248633658694,7.583686351776123,1217500,0.0,0.0
2008-04-01 00:00:00-04:00,7.715240656998589,8.17180966832902,7.583686849056036,8.125378608703613,1268400,0.0,0.0
2008-04-02 00:00:00-04:00,8.102164984842965,8.403964346670145,7.947395986726873,8.388487815856934,1451900,0.0,0.0
2008-04-03 00:00:00-04:00,8.28788722592141,8.403963782212928,8.040256845567905,8.35753345489502,681500,0.0,0.0
2008-04-04 00:00:00-04:00,8.380748174468597,8.380748174468597,8.10216401133273,8.156332969665527,586900,0.0,0.0
2008-04-07 00:00:00-04:00,8.187287922678188,8.241456888666681,7.86227265075361,7.877749919891357,693200,0.0,0.0
2008-04-08 00:00:00-04:00,7.800366388893156,7.931920247154002,7.800366388893156,7.846797466278076,797600,0.0,0.0
2008-04-09 00:00:00-04:00,7.8390535518500135,7.955130060155244,7.521777073685705,7.645592212677002,802000,0.0,0.0
2008-04-10 00:00:00-04:00,7.661070896122904,8.047993683563387,7.645594368383542,7.893224716186523,1015000,0.0,0.0
2008-04-11 00:00:00-04:00,7.831320179532928,7.846797451297332,7.552735929746082,7.575951099395752,618100,0.0,0.0
2008-04-14 00:00:00-04:00,7.5604732388285445,7.808103639626457,7.343795900133563,7.413442134857178,563300,0.0,0.0
2008-04-15 00:00:00-04:00,7.452135041285969,7.490827478359515,7.281888760960474,7.459873676300049,771300,0.0,0.0
2008-04-16 00:00:00-04:00,7.5449957329063935,7.792626125929991,7.5449957329063935,7.699764728546143,743000,0.0,0.0
2008-04-17 00:00:00-04:00,7.661072702190735,7.676549971575451,7.498565063635327,7.521780967712402,304200,0.0,0.0
2008-04-18 00:00:00-04:00,7.69202579017475,7.854533413671239,7.6533340962920064,7.761672019958496,421400,0.0,0.0
2008-04-21 00:00:00-04:00,7.715242288668481,7.870011290156969,7.59142708747769,7.8313188552856445,444800,0.0,0.0
2008-04-22 00:00:00-04:00,7.777148545249568,7.8622712968584745,7.606902304035067,7.715240955352783,874900,0.0,0.0
2008-04-23 00:00:00-04:00,7.753931646154894,7.82357711568617,7.622377862601618,7.730715751647949,701800,0.0,0.0
2008-04-24 00:00:00-04:00,7.73845509723757,8.133116484315867,7.73845509723757,8.032516479492188,1473400,0.0,0.0
2008-04-25 00:00:00-04:00,8.009302449034731,8.140856263258247,7.792625144433239,8.094425201416016,1088600,0.0,0.0
2008-04-28 00:00:00-04:00,8.03251937783363,8.496826408403958,8.03251937783363,8.071211814880371,1499500,0.0,0.0
2008-04-29 00:00:00-04:00,8.60516638171685,9.255197060500704,8.566473938837438,9.069474220275879,3639100,0.0,0.0
2008-04-30 00:00:00-04:00,9.115901859738745,9.317101912686336,9.053994264677446,9.131379127502441,1623400,0.0,0.0
2008-05-01 00:00:00-04:00,9.092686821878742,9.348055839538574,9.007564061991049,9.348055839538574,1242600,0.0,0.0
2008-05-02 00:00:00-04:00,9.301623577264179,9.363531160307817,9.084946298614842,9.154592514038086,819300,0.0,0.0
2008-05-05 00:00:00-04:00,9.046253874713418,9.270669047745757,8.937915973385353,9.154592514038086,682700,0.0,0.0
2008-05-06 00:00:00-04:00,9.061733905559645,9.20102637892505,8.798626228312473,8.976611137390137,798900,0.0,0.0
2008-05-07 00:00:00-04:00,8.999827773012893,9.038520215042434,8.659335168749267,8.698027610778809,879400,0.0,0.0
2008-05-08 00:00:00-04:00,8.713506529078588,8.7521989784185,8.558737469716029,8.612906455993652,673700,0.0,0.0
2008-05-09 00:00:00-04:00,8.550992666726211,8.744454035937228,8.512300245284697,8.566469192504883,344500,0.0,0.0
2008-05-12 00:00:00-04:00,8.60516370478603,8.728978893085626,8.52777958109715,8.721240997314453,505100,0.0,0.0
2008-05-13 00:00:00-04:00,8.713501600818773,8.883747100830078,8.620640217722604,8.883747100830078,746900,0.0,0.0
2008-05-14 00:00:00-04:00,8.876007734939257,8.976607734456039,8.783146367230662,8.891484260559082,545500,0.0,0.0
2008-05-15 00:00:00-04:00,8.876011938915676,8.922442275762661,8.574211797422683,8.86053466796875,790000,0.0,0.0
2008-05-16 00:00:00-04:00,8.899225453885698,8.899225453885698,8.527779876135872,8.806364059448242,628100,0.0,0.0
2008-05-19 00:00:00-04:00,8.798624729148214,8.852793687117636,8.62837848381998,8.75219440460205,692400,0.0,0.0
2008-05-20 00:00:00-04:00,8.690285439431177,8.698024072288279,8.373008872256452,8.489086151123047,610300,0.0,0.0
2008-05-21 00:00:00-04:00,8.535517606274915,8.566471403819104,8.241456160606754,8.35753345489502,655600,0.0,0.0
2008-05-22 00:00:00-04:00,8.365270171201205,8.62063912690147,8.225977745184125,8.512300491333008,595000,0.0,0.0
2008-05-23 00:00:00-04:00,8.434917359002043,8.512302219835602,8.094425594927179,8.256933212280273,671700,0.0,0.0
2008-05-27 00:00:00-04:00,8.287889396129772,8.566473646975577,8.241458318657003,8.442658424377441,407800,0.0,0.0
2008-05-28 00:00:00-04:00,8.504562678840605,8.54325510512947,8.434916459119977,8.489086151123047,517300,0.0,0.0
2008-05-29 00:00:00-04:00,8.481352571036204,8.643860267866163,8.37301386048387,8.612906455993652,643300,0.0,0.0
2008-05-30 00:00:00-04:00,8.636117720100746,8.636117720100746,8.46587146288821,8.535517692565918,351600,0.0,0.0
2008-06-02 00:00:00-04:00,8.489088324693808,8.527780760889597,7.939657797104761,8.109903335571289,645400,0.0,0.0
2008-06-03 00:00:00-04:00,8.156333447617103,8.187287245334943,7.931918229663564,8.009303092956543,708100,0.0,0.0
2008-06-04 00:00:00-04:00,7.947395881450925,8.156333841640732,7.893226179330259,8.078948974609375,1162000,0.0,0.0
2008-06-05 00:00:00-04:00,8.086687172885814,8.365272088780253,8.055733375341624,8.35753345489502,500300,0.0,0.0
2008-06-06 00:00:00-04:00,8.272412641463225,8.272412641463225,7.970613202012266,8.024782180786133,735400,0.0,0.0
2008-06-09 00:00:00-04:00,8.07121073699773,8.109902430880473,7.707503058125251,7.761672019958496,2272600,0.0,0.0
2008-06-10 00:00:00-04:00,7.6920248720750255,7.746194565439475,7.54499453407819,7.606902122497559,1156800,0.0,0.0
2008-06-11 00:00:00-04:00,7.5759472907647405,7.6301162387141055,7.421178340911865,7.421178340911865,552700,0.0,0.0
2008-06-12 00:00:00-04:00,7.514040853927183,7.599163604796762,7.428918103057604,7.4366559982299805,630300,0.0,0.0
2008-06-13 00:00:00-04:00,7.5295203388137235,7.630120395523082,7.150336020599429,7.243197441101074,2101800,0.0,0.0
2008-06-16 00:00:00-04:00,7.243197043254986,7.343797094438699,7.119381822720239,7.274150848388672,1523900,0.0,0.0
2008-06-17 00:00:00-04:00,7.312840048787854,7.367009737265448,7.158071091701732,7.196763515472412,540400,0.0,0.0
2008-06-18 00:00:00-04:00,7.173547786248881,7.2896243103384615,7.08842431311975,7.165809154510498,476000,0.0,0.0
2008-06-19 00:00:00-04:00,7.127118717697466,7.235457378202014,7.057472488658597,7.150333881378174,1501200,0.0,0.0
2008-06-20 00:00:00-04:00,7.10390648389932,7.10390648389932,6.809844916675044,7.041998863220215,1391200,0.0,0.0
2008-06-23 00:00:00-04:00,7.05747332169075,7.05747332169075,6.894965680750638,6.98008918762207,1261200,0.0,0.0
2008-06-24 00:00:00-04:00,6.925918538037928,7.490826255932007,6.925918538037928,7.173549652099609,2018300,0.0,0.0
2008-06-25 00:00:00-04:00,7.219980438467819,7.722979856385925,7.219980438467819,7.5604729652404785,1185500,0.0,0.0
2008-06-26 00:00:00-04:00,7.452133825172676,7.529517948694605,7.111641320086639,7.173549652099609,1139900,0.0,0.0
2008-06-27 00:00:00-04:00,7.189026889065089,7.305103454769245,7.003304088739717,7.034257888793945,1143000,0.0,0.0
2008-06-30 00:00:00-04:00,7.049733679395279,7.134857174101567,6.88722606167941,6.9413957595825195,837800,0.0,0.0
2008-07-01 00:00:00-04:00,6.817579664575245,7.142594118732967,6.817579664575245,7.134856224060059,1263500,0.0,0.0
2008-07-02 00:00:00-04:00,7.158073360177185,7.158073360177185,6.933658116783395,6.98008918762207,1001200,0.0,0.0
2008-07-03 00:00:00-04:00,7.003303440898119,7.041995871885858,6.918179945125746,6.972349643707275,834700,0.0,0.0
2008-07-07 00:00:00-04:00,7.041996790075748,7.111642289338509,6.894965680750638,6.98008918762207,1159100,0.0,0.0
2008-07-08 00:00:00-04:00,7.041995874388331,7.320580049204919,6.987826175787552,7.312841415405273,1133500,0.0,0.0
2008-07-09 00:00:00-04:00,7.35153443973701,7.35153443973701,6.956872940063477,6.956872940063477,842600,0.0,0.0
2008-07-10 00:00:00-04:00,6.964610125567462,7.34379427750694,6.964610125567462,7.158071517944336,1751300,0.0,0.0
2008-07-11 00:00:00-04:00,7.096162877948414,7.150331823613254,6.67054773030551,6.771147727966309,1103800,0.0,0.0
2008-07-14 00:00:00-04:00,6.840796979014468,6.93365838630464,6.508043049393702,6.647335529327393,655400,0.0,0.0
2008-07-15 00:00:00-04:00,6.585423852212365,6.794361704914301,6.415177675124427,6.662807941436768,961700,0.0,0.0
2008-07-16 00:00:00-04:00,6.662809376624552,6.972348014186873,6.508040426841674,6.864009380340576,627800,0.0,0.0
2008-07-17 00:00:00-04:00,6.96461152667988,7.189026757464137,6.709242496408027,7.011042594909668,1275700,0.0,0.0
2008-07-18 00:00:00-04:00,6.956871139813253,7.119378730685265,6.763409757251172,6.8330559730529785,801300,0.0,0.0
2008-07-21 00:00:00-04:00,6.871748699588769,7.065210090665041,6.747933527379418,6.817579746246338,634900,0.0,0.0
2008-07-22 00:00:00-04:00,6.755672243845309,7.103903380535669,6.678288120800463,7.088426113128662,657000,0.0,0.0
2008-07-23 00:00:00-04:00,7.072950295645038,7.506303494706113,7.072950295645038,7.374749660491943,652300,0.0,0.0
2008-07-24 00:00:00-04:00,7.444393255123415,7.475347044080405,7.119378102076741,7.165809154510498,650600,0.0,0.0
2008-07-25 00:00:00-04:00,7.266409333395292,7.421178282019975,7.119378278704424,7.181285858154297,551600,0.0,0.0
2008-07-28 00:00:00-04:00,7.057471643475675,7.150333025074435,6.461610927051135,6.48482608795166,2304200,0.0,0.0
2008-07-29 00:00:00-04:00,6.87175068331376,7.142596266209786,6.430658820485156,6.995565891265869,2221400,0.0,0.0
2008-07-30 00:00:00-04:00,6.964610415205042,7.158071815627404,6.949133148932849,7.096164226531982,983600,0.0,0.0
2008-07-31 00:00:00-04:00,7.266409333395292,7.436654807884163,7.142593436498986,7.181285858154297,1459200,0.0,0.0
2008-08-01 00:00:00-04:00,7.212240317352838,7.421178970888234,7.057471354361782,7.28962516784668,1387100,0.0,0.0
2008-08-04 00:00:00-04:00,7.289627181702869,7.3437961492154775,7.111642271594992,7.127119541168213,1187500,0.0,0.0
2008-08-05 00:00:00-04:00,7.243194697533444,7.722978890725081,7.219979535700683,7.661071300506592,1923900,0.0,0.0
2008-08-06 00:00:00-04:00,7.6533338381524905,7.7152414318729035,7.4134413589883446,7.6688103675842285,1263300,0.0,0.0
2008-08-07 00:00:00-04:00,7.575948548455341,7.784887218940259,7.514040958236851,7.661071300506592,858700,0.0,0.0
2008-08-08 00:00:00-04:00,7.65333674501456,8.071213530342126,7.552736682510163,7.8854899406433105,2260600,0.0,0.0
2008-08-11 00:00:00-04:00,8.063470905795104,8.063470905795104,7.599163268172912,7.900963306427002,2312300,0.0,0.0
2008-08-12 00:00:00-04:00,7.854532384488158,8.0170399866912,7.730717209094728,7.970609664916992,3313400,0.0,0.0
2008-08-13 00:00:00-04:00,7.900963444259023,8.12537863415878,7.80810206271395,7.970609664916992,1289100,0.0,0.0
2008-08-14 00:00:00-04:00,7.89322523848524,8.125379073910597,7.89322523848524,7.931917667388916,1118700,0.0,0.0
2008-08-15 00:00:00-04:00,7.99382351594162,8.109900039353576,7.722977310651672,7.792623519897461,1088800,0.0,0.0
2008-08-18 00:00:00-04:00,7.8622677668683645,7.8622677668683645,7.382483791582689,7.475345134735107,1171700,0.0,0.0
2008-08-19 00:00:00-04:00,7.390225570583881,7.467609687188859,7.196764172076431,7.258671760559082,1314600,0.0,0.0
2008-08-20 00:00:00-04:00,7.297367156558094,7.397967213267452,7.150336020599429,7.243197441101074,905600,0.0,0.0
2008-08-21 00:00:00-04:00,7.196764859243991,7.413441439622162,7.049733769061249,7.119379997253418,708600,0.0,0.0
2008-08-22 00:00:00-04:00,7.1735480211472655,7.490824552844801,7.1735480211472655,7.421178340911865,658300,0.0,0.0
2008-08-25 00:00:00-04:00,7.382485677209433,7.382485677209433,7.103901576596517,7.165809154510498,571200,0.0,0.0
2008-08-26 00:00:00-04:00,7.11164005441234,7.297363541404165,6.786625612669002,6.840794563293457,1645500,0.0,0.0
2008-08-27 00:00:00-04:00,6.871751002533271,6.980089683522546,6.747935788829464,6.887227535247803,1079900,0.0,0.0
2008-08-28 00:00:00-04:00,6.856273413321319,7.049734860245704,6.809843079337705,6.995565891265869,859000,0.0,0.0
2008-08-29 00:00:00-04:00,6.96461114087066,7.018780102474027,6.817580785948628,6.94913387298584,996000,0.0,0.0
2008-09-02 00:00:00-04:00,7.127117300284508,7.374747631622304,7.049732452743146,7.196763515472412,2046000,0.0,0.0
2008-09-03 00:00:00-04:00,7.18902454713427,7.452132130882441,7.134855599184906,7.421178340911865,1182900,0.0,0.0
2008-09-04 00:00:00-04:00,7.3128412350704615,7.3128412350704615,7.0110419042940535,7.103903293609619,1225300,0.0,0.0
2008-09-05 00:00:00-04:00,7.049735576670213,7.351535730221352,7.0110438737508005,7.274150848388672,1282300,0.0,0.0
2008-09-08 00:00:00-04:00,7.4985645028673575,7.5836880021238295,7.20450378651683,7.490826606750488,898500,0.0,0.0
2008-09-09 00:00:00-04:00,7.428916813030462,7.676547127465961,7.281885760336972,7.305100917816162,924600,0.0,0.0
2008-09-10 00:00:00-04:00,7.428919403905452,7.529518700731998,7.173550368583403,7.413442134857178,691800,0.0,0.0
2008-09-11 00:00:00-04:00,7.281887618203431,7.37474900980896,7.150333795596413,7.312841415405273,1036800,0.0,0.0
2008-09-12 00:00:00-04:00,7.181285669260416,7.2354553533516155,6.786625045147623,6.809840202331543,1833500,0.0,0.0
2008-09-15 00:00:00-04:00,6.771149022296598,7.127118028988629,6.639595210823672,6.701502799987793,910400,0.0,0.0
2008-09-16 00:00:00-04:00,6.6241193653688875,7.011042206528368,6.616380731426477,6.94913387298584,1522800,0.0,0.0
2008-09-17 00:00:00-04:00,6.848533763206275,7.096164115721065,6.809841336126674,6.871748924255371,1448700,0.0,0.0
2008-09-18 00:00:00-04:00,7.0806884704453825,7.3437961492154775,6.624120087987856,7.127119541168213,2594200,0.0,0.0
2008-09-19 00:00:00-04:00,7.4289186619157705,7.699764201237623,6.918179904286715,7.173549652099609,1920200,0.0,0.0
2008-09-22 00:00:00-04:00,7.119378877852447,7.1890250950939345,6.8872250663796954,6.902702331542969,423800,0.0,0.0
2008-09-23 00:00:00-04:00,6.933657038267615,7.057472223915778,6.848534282633683,6.910441875457764,423700,0.0,0.0
2008-09-24 00:00:00-04:00,6.93365712214975,7.127118536564646,6.740195707734854,6.747934341430664,420700,0.0,0.0
2008-09-25 00:00:00-04:00,6.7866268593509345,6.910442048092209,6.755672324168877,6.77888822555542,468600,0.0,0.0
2008-09-26 00:00:00-04:00,6.647332850644547,6.910440434273722,6.616379060687972,6.864009380340576,360900,0.0,0.0
2008-09-29 00:00:00-04:00,6.624119367749495,8.628379065758635,6.608642099859113,6.755672454833984,891900,0.0,0.0
2008-09-30 00:00:00-04:00,6.763411507438819,7.003304008611986,6.600903874514233,6.956872940063477,594500,0.0,0.0
2008-10-01 00:00:00-04:00,6.894965609921172,6.987827012647757,6.794365572468165,6.856273174285889,393700,0.0,0.0
2008-10-02 00:00:00-04:00,6.80210352050838,6.980088411264018,6.616380733804304,6.755672454833984,797800,0.0,0.0
2008-10-03 00:00:00-04:00,6.8794888566551,6.8794888566551,6.376488685607911,6.37648868560791,861100,0.0,0.0
2008-10-06 00:00:00-04:00,6.337795380540259,6.477087830001595,5.9895649948836205,6.213980197906494,1098900,0.0,0.0
2008-10-07 00:00:00-04:00,6.213979452501138,6.399702942169803,6.035995333314576,6.043733596801758,1244100,0.0,0.0
2008-10-08 00:00:00-04:00,5.997304127429629,6.469349735006546,5.958611695137182,6.2991042137146,1775100,0.0,0.0
2008-10-09 00:00:00-04:00,6.391965385031104,6.4848267764895855,5.734196273037602,5.76515007019043,1567500,0.0,0.0
2008-10-10 00:00:00-04:00,5.641335599426194,6.074689183707399,5.47882795919594,5.9740891456604,2049900,0.0,0.0
2008-10-13 00:00:00-04:00,6.2836279057476006,6.2913665409879185,5.9895664085873905,6.252674102783203,726800,0.0,0.0
2008-10-14 00:00:00-04:00,6.4306589207574385,6.4306589207574385,5.6026434131720935,5.8038434982299805,1042600,0.0,0.0
2008-10-15 00:00:00-04:00,5.718720215859749,5.780627819273905,5.378228028083471,5.432397365570068,955400,0.0,0.0
2008-10-16 00:00:00-04:00,5.463349785562597,5.765149460378835,5.246673228411878,5.741934299468994,1028100,0.0,0.0
2008-10-17 00:00:00-04:00,5.540734270259283,5.927657062741039,5.416919094744586,5.741934299468994,690200,0.0,0.0
2008-10-20 00:00:00-04:00,5.7961046048843325,6.051474017387886,5.687766301063635,5.9740891456604,427500,0.0,0.0
2008-10-21 00:00:00-04:00,5.888964366813622,6.2217177994541935,5.656810568879454,5.672287464141846,647400,0.0,0.0
2008-10-22 00:00:00-04:00,5.5484742289786215,5.680028068895581,5.46335109097381,5.517520427703857,914100,0.0,0.0
2008-10-23 00:00:00-04:00,5.5175192401425095,5.865749614031577,5.447873017765361,5.811580657958984,1289300,0.0,0.0
2008-10-24 00:00:00-04:00,5.370489468623575,5.850273737858358,5.26988943407481,5.610381603240967,881100,0.0,0.0
2008-10-27 00:00:00-04:00,5.618121281070771,5.796105479712244,5.509782591899693,5.525259494781494,738900,0.0,0.0
2008-10-28 00:00:00-04:00,5.347273261760406,5.385965691413583,4.759150766421272,5.316319465637207,1886800,0.0,0.0
2008-10-29 00:00:00-04:00,5.347275532366948,5.378229341634022,4.96035254753001,5.138337135314941,1369200,0.0,0.0
2008-10-30 00:00:00-04:00,5.324058857321759,5.401443358649434,5.20024328619907,5.331797122955322,501600,0.0,0.0
2008-10-31 00:00:00-04:00,5.300843523815777,5.494304968984224,5.215720384622101,5.432397365570068,1003100,0.0,0.0
2008-11-03 00:00:00-05:00,5.424658791595647,5.641335391240906,5.401443257134454,5.494304656982422,715900,0.0,0.0
2008-11-04 00:00:00-05:00,5.525256774649977,5.703241254666629,5.424657139943575,5.672287464141846,760300,0.0,0.0
2008-11-05 00:00:00-05:00,5.594905014434065,5.757412658052357,5.5097818751581915,5.548474311828613,759300,0.0,0.0
2008-11-06 00:00:00-05:00,5.517520704457821,5.602643477733898,5.238936110012965,5.300843715667725,762100,0.0,0.0
2008-11-07 00:00:00-05:00,5.355011372139737,5.424657591112118,5.200242037645369,5.324057579040527,401700,0.0,0.0
2008-11-10 00:00:00-05:00,5.42465756279443,5.42465756279443,5.1073806316862935,5.130596160888672,691900,0.0,0.0
2008-11-11 00:00:00-05:00,5.130596876281023,5.3163196598033045,5.076427546587839,5.107381343841553,1098200,0.0,0.0
2008-11-12 00:00:00-05:00,5.053212671242911,5.254412364862942,4.929397106170654,4.929397106170654,710400,0.0,0.0
2008-11-13 00:00:00-05:00,4.9526116754408855,5.006780628674912,4.271627491655621,4.581165790557861,2433800,0.0,0.0
2008-11-14 00:00:00-05:00,4.496044404690087,4.573428916931185,4.279367770415013,4.287106037139893,1178500,0.0,0.0
2008-11-17 00:00:00-05:00,4.248412586452516,4.410920208021578,4.217458788915397,4.372228145599365,567400,0.0,0.0
2008-11-18 00:00:00-05:00,4.395443693385745,4.496043728672347,4.07042879084184,4.225197792053223,477300,0.0,0.0
2008-11-19 00:00:00-05:00,4.22519588650283,4.256149672785043,3.807319402694702,3.807319402694702,816600,0.0,0.0
2008-11-20 00:00:00-05:00,3.8847032042112986,3.907918724452794,3.6757649980305422,3.6835036277770996,1311300,0.0,0.0
2008-11-21 00:00:00-05:00,3.7454125619040872,3.7454125619040872,3.1650284022205186,3.4513511657714844,2025400,0.0,0.0
2008-11-24 00:00:00-05:00,3.428135301951773,3.768627353298859,3.3120587765592706,3.652550458908081,1332100,0.0,0.0
2008-11-25 00:00:00-05:00,3.7067201503846823,3.8073201603195574,3.6293356692802834,3.799581527709961,899100,0.0,0.0
2008-11-26 00:00:00-05:00,3.714458983328578,4.1245969398012825,3.598382070912373,4.101381778717041,665300,0.0,0.0
2008-11-28 00:00:00-05:00,4.101381883457149,4.325797080993652,4.039473924655405,4.325797080993652,233700,0.0,0.0
2008-12-01 00:00:00-05:00,4.302581192214648,4.372227409445996,3.962089107636729,3.9775660037994385,559300,0.0,0.0
2008-12-02 00:00:00-05:00,4.047212528193987,4.209720134735107,3.8924435548207015,4.209720134735107,721000,0.0,0.0
2008-12-03 00:00:00-05:00,4.1168586461941254,4.6430735113023225,4.023996895529348,4.604381084442139,916000,0.0,0.0
2008-12-04 00:00:00-05:00,4.519258613109463,5.076427306301832,4.488304817320907,4.619858264923096,1128800,0.0,0.0
2008-12-05 00:00:00-05:00,4.534737438487322,5.014521846139966,4.356752852551856,4.991306304931641,718600,0.0,0.0
2008-12-08 00:00:00-05:00,5.029997490845146,5.33953587177376,5.029997490845146,5.285366535186768,681200,0.0,0.0
2008-12-09 00:00:00-05:00,5.215720644695597,5.393705197885417,5.107382333318709,5.1460747718811035,546400,0.0,0.0
2008-12-10 00:00:00-05:00,5.21572091242917,5.587166939501163,5.177028840879074,5.579428672790527,901100,0.0,0.0
2008-12-11 00:00:00-05:00,5.540734194093107,5.819318704169919,5.409180387417994,5.633595943450928,1338200,0.0,0.0
2008-12-12 00:00:00-05:00,5.509780273121045,5.796103040435303,5.393703365859008,5.486565113067627,788400,0.0,0.0
2008-12-15 00:00:00-05:00,5.494304109931155,5.5562117036658485,5.115119913806975,5.192504405975342,865200,0.0,0.0
2008-12-16 00:00:00-05:00,5.3008434184198725,5.981827780432515,5.3008434184198725,5.9740891456604,821700,0.0,0.0
2008-12-17 00:00:00-05:00,5.888966377157632,6.268150994027696,5.687766301063635,5.9740891456604,1095500,0.0,0.0
2008-12-18 00:00:00-05:00,5.958612283269217,6.113381658716802,5.8502739787548,6.012781620025635,1428700,0.0,0.0
2008-12-19 00:00:00-05:00,6.136596305069511,6.345534630566248,5.989565576905379,6.283627033233643,1848400,0.0,0.0
2008-12-22 00:00:00-05:00,6.283626820285166,6.299104088092188,5.695504296558159,5.7961039543151855,1043800,0.0,0.0
2008-12-23 00:00:00-05:00,5.8038433950804835,5.834797197001039,5.440136038014748,5.471089839935303,613600,0.0,0.0
2008-12-24 00:00:00-05:00,5.478826703086716,5.556211188074147,5.440134645092166,5.54073429107666,231900,0.0,0.0
2008-12-26 00:00:00-05:00,5.571689168722703,5.610381603240967,5.50204330318759,5.610381603240967,112400,0.0,0.0
2008-12-29 00:00:00-05:00,5.517519517330112,5.680027131708579,5.447873291454095,5.5097808837890625,431500,0.0,0.0
2008-12-30 00:00:00-05:00,5.579427371623087,5.649073600769043,5.401442850804381,5.649073600769043,344900,0.0,0.0
2008-12-31 00:00:00-05:00,5.672289172168319,6.121119638926757,5.61812020693786,5.997304439544678,666900,0.0,0.0
2009-01-02 00:00:00-05:00,6.00504142973913,6.275886919726863,5.943133478000971,6.244933128356934,528400,0.0,0.0
2009-01-05 00:00:00-05:00,5.9818275522454725,6.376488685607911,5.842535452646683,6.37648868560791,1338300,0.0,0.0
2009-01-06 00:00:00-05:00,6.376487398460058,6.508041206025091,6.1907646364847135,6.492564678192139,851900,0.0,0.0
2009-01-07 00:00:00-05:00,6.384228227473106,6.384228227473106,6.144336059569083,6.198505401611328,976200,0.0,0.0
2009-01-08 00:00:00-05:00,6.159811012852635,6.585426240958631,6.051472732043202,6.55447244644165,909800,0.0,0.0
2009-01-09 00:00:00-05:00,6.5389952096099115,6.5389952096099115,6.2836262191965035,6.399703502655029,938000,0.0,0.0
2009-01-12 00:00:00-05:00,5.912180986522847,6.175288640014163,5.819319591995928,5.943134784698486,939300,0.0,0.0
2009-01-13 00:00:00-05:00,5.896703419995279,6.144334146369794,5.664549959955114,5.687765121459961,811900,0.0,0.0
2009-01-14 00:00:00-05:00,5.664550456325742,5.680027355017955,5.200242757562592,5.416919708251953,983500,0.0,0.0
2009-01-15 00:00:00-05:00,5.455611650917639,5.927657203256447,5.39370369269443,5.811580657958984,870200,0.0,0.0
2009-01-16 00:00:00-05:00,5.888964764679315,6.260410645070351,5.850272339410083,6.190764427185059,1462500,0.0,0.0
2009-01-20 00:00:00-05:00,6.128858793170608,6.1365970592890635,5.788366596994638,5.8038434982299805,783700,0.0,0.0
2009-01-21 00:00:00-05:00,5.765149824691731,6.082426785495086,5.765149824691731,6.059211254119873,790200,0.0,0.0
2009-01-22 00:00:00-05:00,5.935396487380837,6.5699497155295274,5.919919588377171,6.453873157501221,1341400,0.0,0.0
2009-01-23 00:00:00-05:00,6.299102592851894,6.306840486921885,6.020518111426437,6.035995006561279,1143500,0.0,0.0
2009-01-26 00:00:00-05:00,6.059211599433028,6.283626816523261,6.020519536933759,6.229457855224609,834800,0.0,0.0
2009-01-27 00:00:00-05:00,6.306843666175195,6.500305137382986,6.18302844268172,6.322320938110352,409000,0.0,0.0
2009-01-28 00:00:00-05:00,6.38422688424907,6.500303441491261,6.237196529209178,6.461611747741699,405700,0.0,0.0
2009-01-29 00:00:00-05:00,6.422917753930636,6.538994282942814,6.012779479359872,6.035995006561279,426500,0.0,0.0
2009-01-30 00:00:00-05:00,6.097903719958864,6.121118882474858,5.788365390758215,5.904442310333252,461500,0.0,0.0
2009-02-02 00:00:00-05:00,5.858010425710293,6.01277937435592,5.71871800293095,5.9586100578308105,656600,0.0,0.0
2009-02-03 00:00:00-05:00,5.981827360094313,6.15981188836355,5.687765901388896,6.1288580894470215,609600,0.0,0.0
2009-02-04 00:00:00-05:00,6.113381215646596,6.275888476141222,5.98182738520002,6.051473617553711,399400,0.0,0.0
2009-02-05 00:00:00-05:00,6.035997175198493,6.41518142673612,5.935397136178887,6.3610124588012695,637800,0.0,0.0
2009-02-06 00:00:00-05:00,6.508042335510254,6.57768856783743,6.306842272786587,6.508042335510254,880100,0.0,0.0
2009-02-09 00:00:00-05:00,6.55447296678109,6.631857090218493,6.244934259041279,6.54673433303833,1128600,0.0,0.0
2009-02-10 00:00:00-05:00,6.500302460361587,6.531256253487245,6.097903149728015,6.144333839416504,920800,0.0,0.0
2009-02-11 00:00:00-05:00,6.190766122300211,6.190766122300211,5.927658444022959,5.9740891456604,1152000,0.0,0.0
2009-02-12 00:00:00-05:00,5.912181901176398,6.314581708711997,5.803843590801009,6.252674102783203,1234800,0.0,0.0
2009-02-13 00:00:00-05:00,6.252672892643712,6.55447296663399,6.020519415341614,6.500303268432617,1066800,0.0,0.0
2009-02-17 00:00:00-05:00,6.322319720263137,6.477088719817348,6.167550351710525,6.37648868560791,720900,0.0,0.0
2009-02-18 00:00:00-05:00,6.399705174360672,6.492566582586375,6.221720255097087,6.260412693023682,816800,0.0,0.0
2009-02-19 00:00:00-05:00,6.306843666175195,6.399705821792247,6.090167025061614,6.322320938110352,664900,0.0,0.0
2009-02-20 00:00:00-05:00,6.221719590901941,6.763411450055726,6.090165758793577,6.53899621963501,1652300,0.0,0.0
2009-02-23 00:00:00-05:00,6.53899621963501,6.647334886664483,6.268150659056513,6.53899621963501,1144200,0.0,0.0
2009-02-24 00:00:00-05:00,6.531258367027842,6.701504653309649,5.966351275179268,6.175289630889893,2895000,0.0,0.0
2009-02-25 00:00:00-05:00,6.167548663161122,6.268149038826624,5.803841429285169,6.0901641845703125,1003400,0.0,0.0
2009-02-26 00:00:00-05:00,6.105641222287767,6.2371953924491566,6.028256741897223,6.159810543060303,1044200,0.0,0.0
2009-02-27 00:00:00-05:00,6.090165771108602,6.469349999483327,5.9586119387342205,6.345534801483154,919300,0.0,0.0
2009-03-02 00:00:00-05:00,6.121119405736359,6.376488429232551,6.121119405736359,6.283627033233643,1145300,0.0,0.0
2009-03-03 00:00:00-05:00,6.221718866751302,6.40744164175959,5.935396070781015,6.059211254119873,963600,0.0,0.0
2009-03-04 00:00:00-05:00,6.183027861614091,6.391966585121428,6.066951284996821,6.252674102783203,904700,0.0,0.0
2009-03-05 00:00:00-05:00,6.1520726416240175,6.229457500209157,6.059211254119873,6.059211254119873,839300,0.0,0.0
2009-03-06 00:00:00-05:00,6.144336479686474,6.190767189326606,5.842536682526376,5.935398101806641,1128900,0.0,0.0
2009-03-09 00:00:00-04:00,5.896704642931331,6.097904719025327,5.85027394129389,5.9740891456604,722100,0.0,0.0
2009-03-10 00:00:00-04:00,6.09016451694744,6.283625908481971,6.0050417703510375,6.144333839416504,1602000,0.0,0.0
2009-03-11 00:00:00-04:00,6.159810869350978,6.244933617790451,6.066949487963375,6.167549133300781,1623400,0.0,0.0
2009-03-12 00:00:00-04:00,6.1598124995922765,7.018781058257677,6.074689359625988,6.995565891265869,2104900,0.0,0.0
2009-03-13 00:00:00-04:00,6.987824888415525,6.987824888415525,6.554471807426672,6.840794563293457,1175600,0.0,0.0
2009-03-16 00:00:00-04:00,6.918179943890984,6.987826172057136,6.732457160779073,6.77888822555542,997200,0.0,0.0
2009-03-17 00:00:00-04:00,6.794363465246139,6.918178630481219,6.724717250302256,6.8485331535339355,1333700,0.0,0.0
2009-03-18 00:00:00-04:00,6.848533244888918,7.800362893827838,6.848533244888918,7.583686351776123,2844200,0.0,0.0
2009-03-19 00:00:00-04:00,7.490827004104929,7.521780804204669,7.305103465509688,7.413442134857178,921500,0.0,0.0
2009-03-20 00:00:00-04:00,7.444393439814537,7.521778283125158,7.088424488979488,7.181285858154297,553200,0.0,0.0
2009-03-23 00:00:00-04:00,7.04973564082167,7.490828290486733,7.04973564082167,7.351535797119141,907100,0.0,0.0
2009-03-24 00:00:00-04:00,7.250935158878832,7.490827684953478,7.243196523651323,7.281888961791992,885800,0.0,0.0
2009-03-25 00:00:00-04:00,7.289624975965759,7.583686366906656,7.219978759953887,7.428917407989502,883900,0.0,0.0
2009-03-26 00:00:00-04:00,7.537256293819333,7.777148764943525,7.459872173260697,7.7229790687561035,1010700,0.0,0.0
2009-03-27 00:00:00-04:00,7.630120074577293,7.761673932586982,7.490828318682339,7.575951099395752,914500,0.0,0.0
2009-03-30 00:00:00-04:00,7.382487686674041,7.397964954363618,7.119380039925178,7.204503536224365,527600,0.0,0.0
2009-03-31 00:00:00-04:00,7.29736552965801,7.591426998019284,7.16581169544384,7.374749660491943,586500,0.0,0.0
2009-04-01 00:00:00-04:00,7.243197518744917,7.560474964689488,7.1425974609571705,7.544997692108154,668700,0.0,0.0
2009-04-02 00:00:00-04:00,7.707502798158669,7.82357935188526,7.544995180143403,7.6688103675842285,1436900,0.0,0.0
2009-04-03 00:00:00-04:00,7.676549644552017,7.8081034767305795,7.552734446736144,7.777149677276611,536700,0.0,0.0
2009-04-06 00:00:00-04:00,7.66881125770776,7.89322649549145,7.606903656801695,7.870011329650879,839000,0.0,0.0
2009-04-07 00:00:00-04:00,7.7539350697978,8.109903420118961,7.738457799959395,7.808104038238525,892800,0.0,0.0
2009-04-08 00:00:00-04:00,7.87774812930842,8.109901209632604,7.800363277202597,8.102163314819336,751400,0.0,0.0
2009-04-09 00:00:00-04:00,8.125380312564136,8.47361074978895,7.931918876550704,8.450395584106445,1091400,0.0,0.0
2009-04-13 00:00:00-04:00,8.342055622659608,8.365271522744406,8.078947992338804,8.326579093933105,667800,0.0,0.0
2009-04-14 00:00:00-04:00,8.202765629174047,8.403964972714704,8.117642120371414,8.264673233032227,599400,0.0,0.0
2009-04-15 00:00:00-04:00,8.086690323490867,8.171813853399392,7.900967465867411,8.017044067382812,1067600,0.0,0.0
2009-04-16 00:00:00-04:00,8.086684094172288,8.465868154227115,8.01703789171396,8.427176475524902,745700,0.0,0.0
2009-04-17 00:00:00-04:00,8.450392851417037,8.705761805333768,8.39622390300942,8.628376960754395,877900,0.0,0.0
2009-04-20 00:00:00-04:00,8.450394581177509,8.49682490703197,8.140856615492032,8.218240737915039,372900,0.0,0.0
2009-04-21 00:00:00-04:00,8.16407010726787,8.643854224868898,8.16407010726787,8.628376960754395,591500,0.0,0.0
2009-04-22 00:00:00-04:00,8.620640466169403,9.046254966460545,8.620640466169403,8.829578399658203,1213400,0.0,0.0
2009-04-23 00:00:00-04:00,8.86053271515313,8.945656210606655,8.643856135628837,8.721240997314453,1226500,0.0,0.0
2009-04-24 00:00:00-04:00,8.821840286254883,8.984347905433108,8.75993269209144,8.821840286254883,1006800,0.0,0.0
2009-04-27 00:00:00-04:00,8.705767891611188,8.798629327228722,8.357537323546158,8.612906455993652,1082600,0.0,0.0
2009-04-28 00:00:00-04:00,8.520043410638648,8.790889028851538,8.465873696598509,8.698027610778809,868300,0.0,0.0
2009-04-29 00:00:00-04:00,8.752197517059228,9.177812174741877,8.674812631300401,9.069474220275879,862900,0.0,0.0
2009-04-30 00:00:00-04:00,9.069471712686084,9.270671031635526,8.721241299046431,8.806364059448242,1014300,0.0,0.0
2009-05-01 00:00:00-04:00,8.814103504158279,9.015302841612966,8.349795751269674,8.550995826721191,1193900,0.0,0.0
2009-05-04 00:00:00-04:00,8.643853187561035,8.829575906667941,8.504560779232612,8.643853187561035,1018400,0.0,0.0
2009-05-05 00:00:00-04:00,8.82183938533156,9.324839459036982,8.674809048707921,9.301624298095703,1510200,0.0,0.0
2009-05-06 00:00:00-04:00,9.286145289613815,9.44091423017474,8.89922256921324,9.115899085998535,1168600,0.0,0.0
2009-05-07 00:00:00-04:00,9.247452393656722,9.332575860078084,8.605160769914642,8.643853187561035,879300,0.0,0.0
2009-05-08 00:00:00-04:00,8.67481109389948,8.821841465187306,8.078949497950713,8.39622688293457,1367000,0.0,0.0
2009-05-11 00:00:00-04:00,8.442657154248028,8.767672433670686,8.202765381053153,8.550995826721191,1594600,0.0,0.0
2009-05-12 00:00:00-04:00,8.620639905137079,8.643855065570168,7.939655715794422,8.102163314819336,1002000,0.0,0.0
2009-05-13 00:00:00-04:00,8.040258120657695,8.07121192311079,7.622381418542481,7.676550388336182,1028300,0.0,0.0
2009-05-14 00:00:00-04:00,7.715240656998589,8.334317270022957,7.692024758187558,8.125378608703613,1165700,0.0,0.0
2009-05-15 00:00:00-04:00,8.117642312800024,8.326581034271905,8.024780904811477,8.133119583129883,582900,0.0,0.0
2009-05-18 00:00:00-04:00,8.13311832042336,8.550994960492856,8.13311832042336,8.535517692565918,845500,0.0,0.0
2009-05-19 00:00:00-04:00,8.60516186267887,8.690284601913433,8.365270171201205,8.512300491333008,948600,0.0,0.0
2009-05-20 00:00:00-04:00,8.589685791551592,9.023038880792194,8.543254734420362,8.868269920349121,1210300,0.0,0.0
2009-05-21 00:00:00-04:00,8.721243518794703,8.821842834875783,8.51230477463335,8.698027610778809,736700,0.0,0.0
2009-05-22 00:00:00-04:00,8.58968509223488,8.659330565266716,8.311100248121313,8.411700248718262,675600,0.0,0.0
2009-05-26 00:00:00-04:00,8.318842062268619,9.038518867535496,8.318842062268619,8.999826431274414,686400,0.0,0.0
2009-05-27 00:00:00-04:00,8.976610011544016,9.154594160302086,8.775409961472233,9.015301704406738,641800,0.0,0.0
2009-05-28 00:00:00-04:00,9.084947133203443,9.231978209936544,8.698024334637742,8.883747100830078,486700,0.0,0.0
2009-05-29 00:00:00-04:00,8.876011225636422,9.092687835502907,8.759933916853175,8.999826431274414,534300,0.0,0.0
2009-06-01 00:00:00-04:00,9.123640155455236,9.541516775628885,9.077209091881846,9.394486427307129,905600,0.0,0.0
2009-06-02 00:00:00-04:00,9.433179315889422,9.704025622098222,9.216502713720471,9.634379386901855,641600,0.0,0.0
2009-06-03 00:00:00-04:00,9.54151682941754,9.742716876041936,9.440916806105342,9.727239608764648,580800,0.0,0.0
2009-06-04 00:00:00-04:00,9.727240955996347,9.796887192396762,9.4796105492365,9.696287155151367,764400,0.0,0.0
2009-06-05 00:00:00-04:00,9.804627184402834,9.866534794662925,9.47961186153889,9.526042938232422,444900,0.0,0.0
2009-06-08 00:00:00-04:00,9.572473093163572,9.572473093163572,9.100427389493136,9.193288803100586,505500,0.0,0.0
2009-06-09 00:00:00-04:00,9.239716443579022,9.386747525699429,9.208762648079468,9.255193710327148,188100,0.0,0.0
2009-06-10 00:00:00-04:00,9.34805763284348,9.433180409060885,8.543257993525726,8.86053466796875,839200,0.0,0.0
2009-06-11 00:00:00-04:00,8.845055144586636,8.968870318313684,8.489086151123047,8.489086151123047,386100,0.0,0.0
2009-06-12 00:00:00-04:00,8.473610982383306,8.698026224799047,8.396226848651882,8.690287590026855,650700,0.0,0.0
2009-06-15 00:00:00-04:00,8.543253199625891,8.543253199625891,8.210499440954997,8.280145645141602,926300,0.0,0.0
2009-06-16 00:00:00-04:00,8.380748354399097,8.380748354399097,8.032517958503753,8.218240737915039,1014700,0.0,0.0
2009-06-17 00:00:00-04:00,8.24919355643307,8.698023922460626,7.931916994723589,8.373008728027344,665000,0.0,0.0
2009-06-18 00:00:00-04:00,8.373011783534235,8.496827000311562,8.318842810693381,8.473611831665039,776600,0.0,0.0
2009-06-19 00:00:00-04:00,8.612902770708846,8.829579361104951,8.334318583056712,8.636117935180664,975500,0.0,0.0
2009-06-22 00:00:00-04:00,8.605164280863631,8.605164280863631,8.287887655106468,8.365272521972656,497300,0.0,0.0
2009-06-23 00:00:00-04:00,8.442657409625278,8.512303648464941,8.225980796121652,8.264673233032227,362500,0.0,0.0
2009-06-24 00:00:00-04:00,7.986088277673571,8.411703607696188,7.986088277673571,8.264673233032227,370700,0.0,0.0
2009-06-25 00:00:00-04:00,8.241457127670898,8.597426210197348,8.171811628521736,8.496826171875,577000,0.0,0.0
2009-06-26 00:00:00-04:00,8.481348134720632,8.674809542229774,8.403963276518294,8.659332275390625,824200,0.0,0.0
2009-06-29 00:00:00-04:00,8.612902992852092,8.783149258695536,8.36527259744111,8.543256759643555,291200,0.0,0.0
2009-06-30 00:00:00-04:00,8.574212282887196,8.69802750548533,8.396228084901612,8.442658424377441,661000,0.0,0.0
2009-07-01 00:00:00-04:00,8.48908825192769,8.852795230258725,8.465872347611114,8.690287590026855,661000,0.0,0.0
2009-07-02 00:00:00-04:00,8.574211383645093,8.759934198064146,8.225980922110152,8.287888526916504,489700,0.0,0.0
2009-07-06 00:00:00-04:00,8.28788678675664,8.318840582660627,8.071210215428746,8.156332969665527,411500,0.0,0.0
2009-07-07 00:00:00-04:00,8.187286079028583,8.287886091779946,7.808101926501892,7.900963306427002,777400,0.0,0.0
2009-07-08 00:00:00-04:00,7.962873422924651,8.086688635495404,7.761673333498735,7.92418098449707,718800,0.0,0.0
2009-07-09 00:00:00-04:00,8.001563591891275,8.040256019344632,7.784887031347818,7.9938249588012695,396600,0.0,0.0
2009-07-10 00:00:00-04:00,7.98608616782405,8.303362738274917,7.970609639946685,8.125378608703613,482500,0.0,0.0
2009-07-13 00:00:00-04:00,8.12538015006118,8.442656780698368,7.978349786350091,8.388487815856934,453500,0.0,0.0
2009-07-14 00:00:00-04:00,8.365270272104889,8.597423334271534,8.29562405825626,8.589685440063477,354500,0.0,0.0
2009-07-15 00:00:00-04:00,8.705763523187436,9.046255282931321,8.512302111561047,9.007563591003418,1161000,0.0,0.0
2009-07-16 00:00:00-04:00,8.968871203398791,9.007563633505985,8.744455994373139,8.953393936157227,714900,0.0,0.0
2009-07-17 00:00:00-04:00,8.976608425342894,8.999823584557666,8.744454619205358,8.845054626464844,392800,0.0,0.0
2009-07-20 00:00:00-04:00,8.357532780043545,8.674809363751308,8.264671394909323,8.597424507141113,1401200,0.0,0.0
2009-07-21 00:00:00-04:00,8.65933240166859,8.705763464866433,8.465870991338225,8.581948280334473,871500,0.0,0.0
2009-07-22 00:00:00-04:00,8.52004290695499,8.790888509156165,8.458135298566326,8.473611831665039,719000,0.0,0.0
2009-07-23 00:00:00-04:00,8.427180196293856,8.620641627207883,8.318841529303155,8.543256759643555,516300,0.0,0.0
2009-07-24 00:00:00-04:00,8.396225285068065,8.64385564768868,8.37300938507486,8.481348037719727,856500,0.0,0.0
2009-07-27 00:00:00-04:00,8.473608068773089,8.512300491333008,8.388485329538526,8.512300491333008,370000,0.0,0.0
2009-07-28 00:00:00-04:00,8.504564325861391,8.752195459269164,8.280149095520992,8.543256759643555,479700,0.0,0.0
2009-07-29 00:00:00-04:00,8.51230024931521,8.58968509223488,8.365269933363706,8.411700248718262,752900,0.0,0.0
2009-07-30 00:00:00-04:00,8.512301700314879,8.589686556425505,8.388486520935222,8.45813274383545,748100,0.0,0.0
2009-07-31 00:00:00-04:00,8.458137396631093,8.690290616676387,8.39622977288607,8.612906455993652,1592600,0.0,0.0
2009-08-03 00:00:00-04:00,8.628379365134293,9.162333317930853,8.504564169702272,9.100425720214844,1520000,0.0,0.0
2009-08-04 00:00:00-04:00,8.667071915990501,8.899225779578872,8.295626324646538,8.50456428527832,1805700,0.0,0.0
2009-08-05 00:00:00-04:00,8.535514356685443,8.589684035262179,8.365268904005601,8.427176475524902,464000,0.0,0.0
2009-08-06 00:00:00-04:00,8.481350085507598,8.481350085507598,8.117642349095279,8.171812057495117,878300,0.0,0.0
2009-08-07 00:00:00-04:00,8.303364778553393,8.403964817463708,8.071211637372338,8.109903335571289,1214400,0.0,0.0
2009-08-10 00:00:00-04:00,8.05573337632688,8.195025834291139,8.05573337632688,8.164072036743164,765400,0.0,0.0
2009-08-11 00:00:00-04:00,8.156332268495426,8.210501222171516,8.032517095523424,8.102163314819336,368500,0.0,0.0
2009-08-12 00:00:00-04:00,7.730718819818923,7.986087856774133,7.544996018032737,7.8313188552856445,1888600,0.0,0.0
2009-08-13 00:00:00-04:00,7.893226219050514,8.125380083316045,7.583688225361,8.11764144897461,726200,0.0,0.0
2009-08-14 00:00:00-04:00,8.133117402434685,8.14085603552469,7.931917370074568,7.9938249588012695,892900,0.0,0.0
2009-08-17 00:00:00-04:00,7.900965130103912,7.970611365622439,7.684288526932685,7.870011329650879,688400,0.0,0.0
2009-08-18 00:00:00-04:00,7.924179166775005,8.00930265938864,7.72297912350223,8.001564025878906,445600,0.0,0.0
2009-08-19 00:00:00-04:00,7.947394070757249,8.02477818216102,7.815840269574559,7.9628705978393555,308600,0.0,0.0
2009-08-20 00:00:00-04:00,7.9706092453683475,8.326578224885663,7.854531971049467,8.311100959777832,659100,0.0,0.0
2009-08-21 00:00:00-04:00,8.411699213646845,8.52777646374288,8.318837856367894,8.427176475524902,634800,0.0,0.0
2009-08-24 00:00:00-04:00,8.458133033226913,8.481348195655725,8.10216401133273,8.156332969665527,488700,0.0,0.0
2009-08-25 00:00:00-04:00,8.210502847081463,8.24919528079185,8.094426283947094,8.11764144897461,563100,0.0,0.0
2009-08-26 00:00:00-04:00,8.133117267120035,8.202763487778004,7.962871031955738,7.970609664916992,610900,0.0,0.0
2009-08-27 00:00:00-04:00,7.9551319652999934,7.986085757460825,7.792624371956471,7.9628705978393555,728400,0.0,0.0
2009-08-28 00:00:00-04:00,8.00156302253955,8.040255447239744,7.885485748438967,7.9628705978393555,892800,0.0,0.0
2009-08-31 00:00:00-04:00,7.931921022567267,7.947398295874256,7.870013405333332,7.8854899406433105,682000,0.0,0.0
2009-09-01 00:00:00-04:00,7.893222090052025,7.970606916992267,7.738453174167947,7.839053153991699,879200,0.0,0.0
2009-09-02 00:00:00-04:00,7.846795560431373,7.893225888542256,7.79262586030633,7.8003644943237305,597600,0.0,0.0
2009-09-03 00:00:00-04:00,7.815843423213273,7.939658641815185,7.746197178250469,7.9396586418151855,478700,0.0,0.0
2009-09-04 00:00:00-04:00,7.931918229663564,8.032518256745735,7.877749268156529,8.009303092956543,491900,0.0,0.0
2009-09-08 00:00:00-04:00,8.10216401133273,8.17954813209434,8.047994315003224,8.156332969665527,484900,0.0,0.0
2009-09-09 00:00:00-04:00,8.171807761292648,8.334315325062562,8.125376712502751,8.280145645141602,328200,0.0,0.0
2009-09-10 00:00:00-04:00,8.249194665596736,8.357533324306955,8.164071908179464,8.334318161010742,680300,0.0,0.0
2009-09-11 00:00:00-04:00,8.326579658369214,8.419441051013136,8.086687173874855,8.164072036743164,502700,0.0,0.0
2009-09-14 00:00:00-04:00,8.094427988651686,8.52004337310791,8.047996910821375,8.52004337310791,923200,0.0,0.0
2009-09-15 00:00:00-04:00,8.520042090599166,8.759933865620553,8.520042090599166,8.72898006439209,509200,0.0,0.0
2009-09-16 00:00:00-04:00,8.775410173644865,9.092686785969423,8.744456375808243,8.922440528869629,685300,0.0,0.0
2009-09-17 00:00:00-04:00,8.93792025933418,9.015304406247997,8.535520038593297,8.814105033874512,854800,0.0,0.0
2009-09-18 00:00:00-04:00,8.829579049926622,8.868271481347207,8.659332794474093,8.74445629119873,1021800,0.0,0.0
2009-09-21 00:00:00-04:00,8.728975094983928,8.845052337005486,8.63611374416453,8.667067527770996,445000,0.0,0.0
2009-09-22 00:00:00-04:00,8.698024072288279,8.698024072288279,8.458132357691285,8.489086151123047,371700,0.0,0.0
2009-09-23 00:00:00-04:00,8.473611341335557,8.550996216341925,8.272411256716484,8.287888526916504,626300,0.0,0.0
2009-09-24 00:00:00-04:00,8.342053218197142,8.365269111590333,8.218238072086061,8.280145645141602,830400,0.0,0.0
2009-09-25 00:00:00-04:00,8.272411092350794,8.295626997189542,8.133119353302542,8.225980758666992,307100,0.0,0.0
2009-09-28 00:00:00-04:00,8.218243662689359,8.28015127785863,7.993828373201496,8.024782180786133,863900,0.0,0.0
2009-09-29 00:00:00-04:00,8.009306238838178,8.303367063660005,7.993828964901745,8.27241325378418,468400,0.0,0.0
2009-09-30 00:00:00-04:00,8.249194534483587,8.380748354399097,7.893225504946926,8.218240737915039,652300,0.0,0.0
2009-10-01 00:00:00-04:00,8.164074798605053,8.22598241464401,7.815844273886677,7.823582172393799,583500,0.0,0.0
2009-10-02 00:00:00-04:00,7.7848873983984,7.862271518957035,7.6610714771105135,7.7229790687561035,804800,0.0,0.0
2009-10-05 00:00:00-04:00,7.730715942344879,7.885484886226333,7.637854576016006,7.792623519897461,752800,0.0,0.0
2009-10-06 00:00:00-04:00,7.839058210353897,7.978350693494435,7.753935436210724,7.92418098449707,494500,0.0,0.0
2009-10-07 00:00:00-04:00,7.877752853234485,8.04799844916112,7.784891417820751,7.9087066650390625,514600,0.0,0.0
2009-10-08 00:00:00-04:00,7.9783496806641105,8.264672507885276,7.9783496806641105,8.078948974609375,1309800,0.0,0.0
2009-10-09 00:00:00-04:00,8.326580470637452,8.550995709251435,8.07894932810019,8.434918403625488,1060100,0.0,0.0
2009-10-12 00:00:00-04:00,8.434917447959911,8.450394715488542,8.280148462657264,8.334318161010742,391700,0.0,0.0
2009-10-13 00:00:00-04:00,8.33431895527309,8.41944172080258,8.140857520708684,8.179549217224121,446300,0.0,0.0
2009-10-14 00:00:00-04:00,8.23371978997641,8.318842564492337,8.102165941544687,8.195027351379395,567900,0.0,0.0
2009-10-15 00:00:00-04:00,8.195027225096835,8.225981027898083,8.086688546294031,8.171812057495117,439500,0.0,0.0
2009-10-16 00:00:00-04:00,8.117641408125053,8.140857311032534,7.9706110463616175,8.078948974609375,551200,0.0,0.0
2009-10-19 00:00:00-04:00,8.125378703157724,8.349793894963165,8.071209747962271,8.202763557434082,605200,0.0,0.0
2009-10-20 00:00:00-04:00,8.171813320310896,8.171813320310896,7.8622745064675446,8.024782180786133,986600,0.0,0.0
2009-10-21 00:00:00-04:00,8.024778946537733,8.27240930741169,7.6223796101175525,7.661071300506592,1421600,0.0,0.0
2009-10-22 00:00:00-04:00,7.668810668014963,7.939656954649898,7.661072033997563,7.8003644943237305,1135500,0.0,0.0
2009-10-23 00:00:00-04:00,7.800363796761662,7.970610039936084,7.692025144196722,7.746194839477539,824700,0.0,0.0
2009-10-26 00:00:00-04:00,7.784887400275299,7.931917745969847,7.7384563375315585,7.769410133361816,683100,0.0,0.0
2009-10-27 00:00:00-04:00,7.784886267369368,7.831316585359568,7.66880899640067,7.753932476043701,709700,0.0,0.0
2009-10-28 00:00:00-04:00,7.746196293300219,7.831319061865107,7.521781050722941,7.552734851837158,1096300,0.0,0.0
2009-10-29 00:00:00-04:00,7.630115329532273,7.761669105730801,7.5295153396159575,7.614638805389404,702800,0.0,0.0
2009-10-30 00:00:00-04:00,7.544996646530746,7.606904252283043,7.312842755961194,7.328320026397705,949600,0.0,0.0
2009-11-02 00:00:00-05:00,7.343793503118001,7.444393505105496,7.173548027135995,7.266409397125244,1658000,0.0,0.0
2009-11-03 00:00:00-05:00,8.024779003140447,8.767670828998988,7.7539334785233205,8.481348037719727,3306500,0.0,0.0
2009-11-04 00:00:00-05:00,8.558732619042253,8.620640207701063,8.326578792573379,8.342055320739746,1324600,0.0,0.0
2009-11-05 00:00:00-05:00,8.442653817754142,8.620638656621573,8.334315926092392,8.558731079101562,1085800,0.0,0.0
2009-11-06 00:00:00-05:00,8.535515402950983,8.605161613946398,8.303361612298453,8.566469192504883,1303700,0.0,0.0
2009-11-09 00:00:00-05:00,8.581947923215106,8.628378246484136,8.365271359300706,8.45813274383545,1749300,0.0,0.0
2009-11-10 00:00:00-05:00,8.396227312303385,8.496826617909788,8.125380984294809,8.171812057495117,1199300,0.0,0.0
2009-11-11 00:00:00-05:00,8.280148549300065,8.396225842989224,8.195025790992077,8.318840980529785,887200,0.0,0.0
2009-11-12 00:00:00-05:00,8.287888429146525,8.334319501201984,8.03251937783363,8.071211814880371,1522600,0.0,0.0
2009-11-13 00:00:00-05:00,8.117642349095279,8.25693483069933,7.955134699889507,8.171812057495117,471100,0.0,0.0
2009-11-16 00:00:00-05:00,8.195027979181171,8.458135696200678,8.040258950933502,8.442658424377441,609400,0.0,0.0
2009-11-17 00:00:00-05:00,8.388489054629853,8.481350467212849,8.249196566756908,8.473611831665039,982500,0.0,0.0
2009-11-18 00:00:00-05:00,8.450396449633546,8.550996495224052,8.233719825744629,8.233719825744629,668700,0.0,0.0
2009-11-19 00:00:00-05:00,8.14085665492297,8.171810451641445,7.993825567012667,8.063471794128418,653500,0.0,0.0
2009-11-20 00:00:00-05:00,7.993826251498803,8.164072517026431,7.993826251498803,8.11764144897461,563000,0.0,0.0
2009-11-23 00:00:00-05:00,8.164071822078037,8.342055968799807,8.164071822078037,8.256933212280273,1142400,0.0,0.0
2009-11-24 00:00:00-05:00,8.287886210397552,8.287886210397552,8.063471021200842,8.125378608703613,946800,0.0,0.0
2009-11-25 00:00:00-05:00,8.140861566193683,8.164076743238757,8.0402614816688,8.047999382019043,280600,0.0,0.0
2009-11-27 00:00:00-05:00,7.823578205716691,8.017039592249715,7.815840311132803,7.955132007598877,231400,0.0,0.0
2009-11-30 00:00:00-05:00,7.931916847853968,7.978347905340407,7.769409253646363,7.955132007598877,757600,0.0,0.0
2009-12-01 00:00:00-05:00,8.017043544390727,8.117643603540042,7.924182121636818,8.024782180786133,1237700,0.0,0.0
2009-12-02 00:00:00-05:00,8.040257873677048,8.233719317565358,8.032519238802273,8.148595809936523,797700,0.0,0.0
2009-12-03 00:00:00-05:00,8.148595614317506,8.225980485213828,7.9396576436923505,7.947396278381348,809200,0.0,0.0
2009-12-04 00:00:00-05:00,8.09442903149744,8.334321611532872,8.009306238838178,8.27241325378418,1398600,0.0,0.0
2009-12-07 00:00:00-05:00,8.264672019606223,8.434917536222201,8.233718222221796,8.318840980529785,619900,0.0,0.0
2009-12-08 00:00:00-05:00,8.249194663545431,8.249194663545431,8.08668704451888,8.140856742858887,457400,0.0,0.0
2009-12-09 00:00:00-05:00,8.164072036743164,8.342056188144827,8.047994742440702,8.164072036743164,362400,0.0,0.0
2009-12-10 00:00:00-05:00,8.148594725917064,8.450394803912786,8.024779536379356,8.318840980529785,753000,0.0,0.0
2009-12-11 00:00:00-05:00,8.334319369130773,8.411703504001121,8.280149662925004,8.380749702453613,243000,0.0,0.0
2009-12-14 00:00:00-05:00,8.442655609061083,8.489086671050794,8.233717675099111,8.481348037719727,300100,0.0,0.0
2009-12-15 00:00:00-05:00,8.442658027470708,8.55099671114932,8.357535250435522,8.473611831665039,535200,0.0,0.0
2009-12-16 00:00:00-05:00,8.481350931248809,8.651597232630689,8.465873659306391,8.52004337310791,596800,0.0,0.0
2009-12-17 00:00:00-05:00,8.450394275731908,8.481348071181609,8.249194236310506,8.326579093933105,587300,0.0,0.0
2009-12-18 00:00:00-05:00,8.411704813133627,8.814105033874512,8.303366121857938,8.814105033874512,1600300,0.0,0.0
2009-12-21 00:00:00-05:00,8.829576628905661,8.860530417955424,8.721238736229768,8.852791786193848,595300,0.0,0.0
2009-12-22 00:00:00-05:00,8.860533753283523,8.899226188659668,8.7521958198265,8.899226188659668,483600,0.0,0.0
2009-12-23 00:00:00-05:00,8.89922256921324,9.123637717525712,8.891483937686063,9.115899085998535,426800,0.0,0.0
2009-12-24 00:00:00-05:00,9.170069778797297,9.170069778797297,9.061731139472629,9.154592514038086,137800,0.0,0.0
2009-12-28 00:00:00-05:00,9.131380142242348,9.16233394321279,8.93018006693606,8.976611137390137,221000,0.0,0.0
2009-12-29 00:00:00-05:00,8.999826393005735,9.077210527202013,8.953395322090502,8.96113395690918,521500,0.0,0.0
2009-12-30 00:00:00-05:00,8.953394814927357,8.953394814927357,8.690287149970656,8.775410652160645,411700,0.0,0.0
2009-12-31 00:00:00-05:00,8.798626262847046,8.845057333483364,8.674811058479303,8.690287590026855,281600,0.0,0.0
2010-01-04 00:00:00-05:00,8.814102520156435,8.814102520156435,8.698025225894678,8.74445629119873,1313800,0.0,0.0
2010-01-05 00:00:00-05:00,8.759931459603765,9.231977721180906,8.597423863289714,8.930177688598633,1347100,0.0,0.0
2010-01-06 00:00:00-05:00,8.883745914671126,8.9611307592505,8.58968527646128,8.628376960754395,1148200,0.0,0.0
2010-01-07 00:00:00-05:00,8.643857229699547,8.667072395944928,8.481349589988218,8.550995826721191,829700,0.0,0.0
2010-01-08 00:00:00-05:00,8.504564806668297,8.527780711048184,8.380749601962894,8.496826171875,1015400,0.0,0.0
2010-01-11 00:00:00-05:00,8.558733283935084,8.558733283935084,8.171810455760738,8.256933212280273,1326600,0.0,0.0
2010-01-12 00:00:00-05:00,8.233719825744629,8.365273674747836,8.187288751627133,8.233719825744629,1940100,0.0,0.0
2010-01-13 00:00:00-05:00,8.233718817740842,8.419441615480151,8.19502638371262,8.388487815856934,518800,0.0,0.0
2010-01-14 00:00:00-05:00,8.388490112411345,8.922443486593862,8.334321132739829,8.767674446105957,1981700,0.0,0.0
2010-01-15 00:00:00-05:00,8.78314859146425,8.81410238853915,8.651594769396747,8.721240997314453,590600,0.0,0.0
2010-01-19 00:00:00-05:00,8.744454619205358,8.85279252087203,8.705762195183002,8.845054626464844,597700,0.0,0.0
2010-01-20 00:00:00-05:00,8.81410349779611,8.992087668876945,8.744457261113407,8.976611137390137,1128300,0.0,0.0
2010-01-21 00:00:00-05:00,8.999821973535154,9.177806058982519,8.999821973535154,9.139114379882812,1406000,0.0,0.0
2010-01-22 00:00:00-05:00,9.139114379882812,9.247452262156349,9.030775759612803,9.139114379882812,1340100,0.0,0.0
2010-01-25 00:00:00-05:00,9.19328475068455,9.19328475068455,9.061730954897243,9.092684745788574,1290700,0.0,0.0
2010-01-26 00:00:00-05:00,9.038515796227891,9.162330959793218,9.030777164005912,9.092684745788574,778500,0.0,0.0
2010-01-27 00:00:00-05:00,9.03078114478832,9.20102743873377,9.03078114478832,9.193288803100586,731800,0.0,0.0
2010-01-28 00:00:00-05:00,8.922437858947973,9.13137648532061,8.883745438731204,8.984345436096191,1425600,0.0,0.0
2010-01-29 00:00:00-05:00,9.038518867535496,9.092687835502907,8.953395360161748,8.999826431274414,939500,0.0,0.0
2010-02-01 00:00:00-05:00,8.999824757008899,9.309362713519565,8.91470200346764,9.293886184692383,1330300,0.0,0.0
2010-02-02 00:00:00-05:00,9.262932608178692,9.448655386478821,9.177809114626928,9.394486427307129,1166600,0.0,0.0
2010-02-03 00:00:00-05:00,9.332577283014206,9.394484865488877,9.146853797593595,9.170069694519043,722600,0.0,0.0
2010-02-04 00:00:00-05:00,9.092689483066941,9.177812267867807,8.999828062012277,9.053997039794922,721900,0.0,0.0
2010-02-05 00:00:00-05:00,9.278405937953162,9.479605914064708,9.131375640331012,9.425436973571777,1963600,0.0,0.0
2010-02-08 00:00:00-05:00,9.448656959940628,9.595687332746992,9.348056920442867,9.371272087097168,657800,0.0,0.0
2010-02-09 00:00:00-05:00,9.54925602138925,9.595686349942389,9.309363530542145,9.564732551574707,1349000,0.0,0.0
2010-02-10 00:00:00-05:00,9.564732551574707,9.618902252215724,9.448655992195093,9.564732551574707,633200,0.0,0.0
2010-02-11 00:00:00-05:00,9.572470578258848,9.603424374662401,9.425440229841147,9.587947845458984,810500,0.0,0.0
2010-02-12 00:00:00-05:00,9.487347362938475,9.74271635539306,9.379008711777232,9.734977722167969,715000,0.0,0.0
2010-02-16 00:00:00-05:00,9.758192668660394,10.214761686919093,9.727238874439296,10.176069259643555,1267500,0.0,0.0
2010-02-17 00:00:00-05:00,10.183808101890676,10.284408119674907,10.029039127605968,10.083208084106445,948200,0.0,0.0
2010-02-18 00:00:00-05:00,10.090943956092271,10.12963637357505,9.99034396583564,10.005821228027344,458900,0.0,0.0
2010-02-19 00:00:00-05:00,10.005827142961742,10.129642361702686,9.94391953359127,10.106427192687988,1000300,0.0,0.0
2010-02-22 00:00:00-05:00,10.21476079412619,10.253453218019926,10.029038045032184,10.059991836547852,1312300,0.0,0.0
2010-02-23 00:00:00-05:00,10.415962151721882,11.019561533145033,10.183808316406301,10.725500106811523,3938300,0.0,0.0
2010-02-24 00:00:00-05:00,10.74871786813757,10.911225507197855,10.578471594360884,10.779671669006348,1599300,0.0,0.0
2010-02-25 00:00:00-05:00,10.64812017395621,10.702289152897363,10.539781478076918,10.555258750915527,828400,0.0,0.0
2010-02-26 00:00:00-05:00,10.539778235779973,10.586209302015464,10.323101648673466,10.39274787902832,1113100,0.0,0.0
2010-03-01 00:00:00-05:00,10.415960930984898,10.524299571567475,10.323099555341239,10.485607147216797,1338800,0.0,0.0
2010-03-02 00:00:00-05:00,10.524297852497945,10.710020573448775,10.485605434467399,10.547513008117676,1112000,0.0,0.0
2010-03-03 00:00:00-05:00,10.539777972353477,10.76419318788976,10.485609011429915,10.64037799835205,1614000,0.0,0.0
2010-03-04 00:00:00-05:00,10.771931036464201,10.795146198310958,10.562992365853333,10.702284812927246,756900,0.0,0.0
2010-03-05 00:00:00-05:00,10.710020702731061,10.934435844421387,10.601682078537058,10.934435844421387,1461900,0.0,0.0
2010-03-08 00:00:00-05:00,10.949914328085205,10.996345386188672,10.795145364401368,10.973130226135254,1765600,0.0,0.0
2010-03-09 00:00:00-05:00,10.926702334554292,11.104687247867624,10.818363659581097,10.864794731140137,1734600,0.0,0.0
2010-03-10 00:00:00-05:00,10.895749363548237,10.942180438647222,10.733241707697148,10.841580390930176,1502900,0.0,0.0
2010-03-11 00:00:00-05:00,10.787408692999561,10.9963473854578,10.725501096270476,10.95765495300293,1068100,0.0,0.0
2010-03-12 00:00:00-05:00,10.996348866070877,11.011825398338615,10.857056385676891,10.949917793273926,763400,0.0,0.0
2010-03-15 00:00:00-04:00,10.911225069245733,10.957655399686875,10.6249015002059,10.771932601928711,1030900,0.0,0.0
2010-03-16 00:00:00-04:00,10.826104383618274,10.833843020037577,10.501089033977387,10.555258750915527,1162800,0.0,0.0
2010-03-17 00:00:00-04:00,10.601686167698048,10.74871726710081,10.470132336862644,10.7100248336792,570500,0.0,0.0
2010-03-18 00:00:00-04:00,10.686810555823651,10.942179604406254,10.686810555823651,10.864794731140137,564100,0.0,0.0
2010-03-19 00:00:00-04:00,10.87253189086914,10.988608447022077,10.764193230595453,10.87253189086914,1350500,0.0,0.0
2010-03-22 00:00:00-04:00,10.841578393635086,11.027301183822344,10.802885961180216,10.95765495300293,734400,0.0,0.0
2010-03-23 00:00:00-04:00,10.973131442325256,11.027300401119174,10.841577624114272,11.019561767578125,658400,0.0,0.0
2010-03-24 00:00:00-04:00,10.949915541702108,11.035039034660224,10.926700379075674,11.019561767578125,837100,0.0,0.0
2010-03-25 00:00:00-04:00,11.042776444292139,11.189806775292627,10.942176433398487,10.973130226135254,839800,0.0,0.0
2010-03-26 00:00:00-04:00,10.973134277793337,11.135641934163932,10.779672817256765,10.88027286529541,490000,0.0,0.0
2010-03-29 00:00:00-04:00,10.880271004624984,10.934439968152605,10.733239906483188,10.826101303100586,335400,0.0,0.0
2010-03-30 00:00:00-04:00,10.87253422975469,10.957657006711896,10.779672817256765,10.88027286529541,327200,0.0,0.0
2010-03-31 00:00:00-04:00,10.872530575748282,10.980868484920874,10.7487154006958,10.7487154006958,635700,0.0,0.0
2010-04-01 00:00:00-04:00,10.81062503596086,10.872532635213583,10.648117403423267,10.771932601928711,405500,0.0,0.0
2010-04-05 00:00:00-04:00,10.864792742556062,10.98086929321289,10.787407883453703,10.98086929321289,742900,0.0,0.0
2010-04-06 00:00:00-04:00,10.965394846811808,10.988610013753012,10.84931827410894,10.942179679870605,346800,0.0,0.0
2010-04-07 00:00:00-04:00,10.888006023257065,11.228498458862305,10.849314338389883,11.228498458862305,1141000,0.0,0.0
2010-04-08 00:00:00-04:00,11.228499636008568,11.700545178043244,11.135638254198303,11.677330017089844,1546900,0.0,0.0
2010-04-09 00:00:00-04:00,11.638637844225848,11.723760594910875,11.514822665776107,11.623161315917969,936700,0.0,0.0
2010-04-12 00:00:00-04:00,11.700545957008618,11.816623245496805,11.58446940651714,11.615423202514648,782600,0.0,0.0
2010-04-13 00:00:00-04:00,11.63090197051698,11.746979281350582,11.460656428755996,11.739240646362305,590800,0.0,0.0
2010-04-14 00:00:00-04:00,11.824361846583777,11.839839114504448,11.584470097787412,11.66959285736084,574800,0.0,0.0
2010-04-15 00:00:00-04:00,11.638639936312426,12.041040076603608,11.630901301769102,12.017824172973633,1019800,0.0,0.0
2010-04-16 00:00:00-04:00,11.955916275896852,12.041039777767198,11.731501045687668,11.932701110839844,744800,0.0,0.0
2010-04-19 00:00:00-04:00,11.93270428123098,12.041042976942759,11.615427568499966,11.785673141479492,732400,0.0,0.0
2010-04-20 00:00:00-04:00,11.793409014507247,12.110685652895398,11.793409014507247,12.095209121704102,719200,0.0,0.0
2010-04-21 00:00:00-04:00,12.110685340978835,12.211285374120116,11.932701177880501,12.203547477722168,942800,0.0,0.0
2010-04-22 00:00:00-04:00,12.087471165519212,12.53630240320652,11.948178686995673,12.482131958007812,1116300,0.0,0.0
2010-04-23 00:00:00-04:00,12.43570203592225,12.451179306491904,12.203548881352463,12.350579261779785,468000,0.0,0.0
2010-04-26 00:00:00-04:00,12.373789750116797,12.489866283503861,12.180328369140625,12.180328369140625,680500,0.0,0.0
2010-04-27 00:00:00-04:00,12.172593173856084,12.39700914763165,11.932701406987487,12.017824172973633,833300,0.0,0.0
2010-04-28 00:00:00-04:00,11.886267986351998,11.886267986351998,10.8493155165738,11.274930000305176,2682700,0.0,0.0
2010-04-29 00:00:00-04:00,11.313621944712779,11.824359893798828,11.313621944712779,11.824359893798828,1427300,0.0,0.0
2010-04-30 00:00:00-04:00,11.863054237227644,12.11842325305863,11.421962434973532,11.43743896484375,948800,0.0,0.0
2010-05-03 00:00:00-04:00,11.468392339310054,11.932700026228137,11.452915810011037,11.90948486328125,1522900,0.0,0.0
2010-05-04 00:00:00-04:00,11.259453183288597,11.43743731002674,10.926699352260503,11.383268356323242,1572800,0.0,0.0
2010-05-05 00:00:00-04:00,11.321363409826594,11.746978719879603,11.205286104541146,11.282670974731445,902700,0.0,0.0
2010-05-06 00:00:00-04:00,11.274931123100352,11.460654643910763,10.470131659577689,10.849316596984863,1073800,0.0,0.0
2010-05-07 00:00:00-04:00,10.740979345933562,10.918963518294216,10.423702699205899,10.570733070373535,764300,0.0,0.0
2010-05-10 00:00:00-04:00,10.888010192616282,11.391010406466565,10.888010192616282,11.182071685791016,853600,0.0,0.0
2010-05-11 00:00:00-04:00,11.050515029865352,11.530299216280032,11.042777134694855,11.375530242919922,826700,0.0,0.0
2010-05-12 00:00:00-04:00,11.367792096537876,11.66959216101111,11.360054201036032,11.615423202514648,704000,0.0,0.0
2010-05-13 00:00:00-04:00,11.553517797674296,11.832102014389637,11.429702590245256,11.70054817199707,931400,0.0,0.0
2010-05-14 00:00:00-04:00,11.646378934497227,11.677332735640205,11.228502250068605,11.421963691711426,752500,0.0,0.0
2010-05-17 00:00:00-04:00,11.499344993455631,11.576729846252775,11.081468411943694,11.460653305053711,700300,0.0,0.0
2010-05-18 00:00:00-04:00,11.599945700071139,11.654115395464817,11.205284255615904,11.321361541748047,803000,0.0,0.0
2010-05-19 00:00:00-04:00,11.282668633317625,11.42969970856749,11.096945868998842,11.274930000305176,634500,0.0,0.0
2010-05-20 00:00:00-04:00,11.027303215332305,11.166595702632353,10.779672782796132,10.841580390930176,1083500,0.0,0.0
2010-05-21 00:00:00-04:00,10.663594362250814,10.988609640371385,10.36953288499902,10.779671669006348,1334200,0.0,0.0
2010-05-24 00:00:00-04:00,10.694550023610725,10.996350188081975,10.632642411103335,10.740981101989746,767200,0.0,0.0
2010-05-25 00:00:00-04:00,10.56299301077228,11.112423461335329,10.516562684243985,11.004085540771484,1252100,0.0,0.0
2010-05-26 00:00:00-04:00,11.042779490225614,11.383271304248026,11.027302220589814,11.035040855407715,1095300,0.0,0.0
2010-05-27 00:00:00-04:00,11.274931298375545,11.522562417306748,11.058254715057897,11.491608619689941,889500,0.0,0.0
2010-05-28 00:00:00-04:00,11.483869987262802,11.56125411231639,11.08920851410022,11.298147201538086,689800,0.0,0.0
2010-06-01 00:00:00-04:00,11.18206741359295,11.2671908915669,10.926698455664273,11.073729515075684,1157200,0.0,0.0
2010-06-02 00:00:00-04:00,11.205284094265595,11.45291519165039,10.965392368107533,11.45291519165039,892400,0.0,0.0
2010-06-03 00:00:00-04:00,11.398745382481966,11.700545433450719,11.336837793257095,11.623161315917969,1025400,0.0,0.0
2010-06-04 00:00:00-04:00,11.329101892426385,11.468393623704303,11.011824519300973,11.027301788330078,800300,0.0,0.0
2010-06-07 00:00:00-04:00,11.058259640909561,11.143382437774157,10.686813904049059,10.717767715454102,781300,0.0,0.0
2010-06-08 00:00:00-04:00,10.756454292789153,10.841577787026385,10.454654960120347,10.694546699523926,559200,0.0,0.0
2010-06-09 00:00:00-04:00,10.833840853643895,11.166594773164803,10.671333211319363,10.787409782409668,659000,0.0,0.0
2010-06-10 00:00:00-04:00,10.973130589977586,10.973130589977586,10.593945693883544,10.7487154006958,710600,0.0,0.0
2010-06-11 00:00:00-04:00,10.624898727974703,10.81836010966103,10.624898727974703,10.810622215270996,736600,0.0,0.0
2010-06-14 00:00:00-04:00,10.872528270023814,11.073728255814174,10.810620695626241,10.934435844421387,349100,0.0,0.0
2010-06-15 00:00:00-04:00,11.058254160620738,11.251715570525228,10.903485180296489,11.174330711364746,302900,0.0,0.0
2010-06-16 00:00:00-04:00,11.08146739957931,11.360052253801157,11.042775714712128,11.228498458862305,474700,0.0,0.0
2010-06-17 00:00:00-04:00,11.305883660875164,11.360053353326084,11.09694573798253,11.251714706420898,426100,0.0,0.0
2010-06-18 00:00:00-04:00,11.32136076980592,11.445175942840565,10.926699352260503,11.383268356323242,739100,0.0,0.0
2010-06-21 00:00:00-04:00,11.499346293055876,11.499346293055876,10.895746882210906,11.004085540771484,501700,0.0,0.0
2010-06-22 00:00:00-04:00,11.035037940819494,11.127899320117123,10.609422732207882,10.648115158081055,563000,0.0,0.0
2010-06-23 00:00:00-04:00,10.593943054039423,10.771927877323836,10.470127909839732,10.655851364135742,614700,0.0,0.0
2010-06-24 00:00:00-04:00,10.562995638864017,10.702288129098584,10.23798032031464,10.245718955993652,1073600,0.0,0.0
2010-06-25 00:00:00-04:00,10.292146296542382,10.408222837609998,10.145115223993644,10.323100090026855,1709700,0.0,0.0
2010-06-28 00:00:00-04:00,10.323103420806444,10.369533757015713,10.106426796503776,10.137380599975586,754000,0.0,0.0
2010-06-29 00:00:00-04:00,10.013559381655902,10.052251800145367,9.673067722540923,9.742713928222656,1060100,0.0,0.0
2010-06-30 00:00:00-04:00,9.796884923130678,9.998084951017223,9.680808381348177,9.765931129455566,606700,0.0,0.0
2010-07-01 00:00:00-04:00,9.750458717346191,9.905227751050726,9.51056616160644,9.750458717346191,929300,0.0,0.0
2010-07-02 00:00:00-04:00,9.781404745659165,9.781404745659165,9.572466162813726,9.673066139221191,655600,0.0,0.0
2010-07-06 00:00:00-04:00,9.76593034735029,9.820099297444445,9.270668950214914,9.324838638305664,907300,0.0,0.0
2010-07-07 00:00:00-04:00,9.309363696403498,9.665332752972379,9.239717464336163,9.626640319824219,725400,0.0,0.0
2010-07-08 00:00:00-04:00,9.719501325395948,9.835577873358227,9.549255082120805,9.758193016052246,469600,0.0,0.0
2010-07-09 00:00:00-04:00,9.765930511263683,9.959391893986014,9.719500192688425,9.943915367126465,320300,0.0,0.0
2010-07-12 00:00:00-04:00,9.943919110512354,10.044518417961537,9.74271901962022,9.866534233093262,325800,0.0,0.0
2010-07-13 00:00:00-04:00,10.013561125708799,10.40822253464545,9.97486943847694,10.338576316833496,875300,0.0,0.0
2010-07-14 00:00:00-04:00,10.330840888674535,10.439178819584043,10.16833325431347,10.369532585144043,513600,0.0,0.0
2010-07-15 00:00:00-04:00,10.346313283511538,10.346313283511538,10.09094435131839,10.284405708312988,389700,0.0,0.0
2010-07-16 00:00:00-04:00,10.191546345985829,10.26119256625399,9.696284909187405,9.765931129455566,616100,0.0,0.0
2010-07-19 00:00:00-04:00,9.804625382366638,9.866532981248454,9.626640482083825,9.781410217285156,354300,0.0,0.0
2010-07-20 00:00:00-04:00,9.65759359833221,10.02130126953125,9.603424637641812,10.02130126953125,544000,0.0,0.0
2010-07-21 00:00:00-04:00,10.075472995595204,10.253457181104165,9.882011539347955,9.905226707458496,779300,0.0,0.0
2010-07-22 00:00:00-04:00,10.052256479980908,10.532040773823296,10.052256479980908,10.493349075317383,704700,0.0,0.0
2010-07-23 00:00:00-04:00,10.423704883775311,10.570735285757147,10.253458572535564,10.555258750915527,519600,0.0,0.0
2010-07-26 00:00:00-04:00,10.617161592703377,10.926699530334577,10.539776739297249,10.7487154006958,583200,0.0,0.0
2010-07-27 00:00:00-04:00,10.849317787093883,10.895748118892078,10.624901810747602,10.663594245910645,470200,0.0,0.0
2010-07-28 00:00:00-04:00,10.6171672985178,10.826105334205922,10.44692097232955,10.51656723022461,411500,0.0,0.0
2010-07-29 00:00:00-04:00,10.601686280841559,10.601686280841559,10.160594453919414,10.307624816894531,540000,0.0,0.0
2010-07-30 00:00:00-04:00,10.152856149135648,10.524302492809673,10.129640983280026,10.431440353393555,574500,0.0,0.0
2010-08-02 00:00:00-04:00,10.547518460886753,10.725502642644969,10.392749446749852,10.60168743133545,1242400,0.0,0.0
2010-08-03 00:00:00-04:00,10.679066519174066,11.01955816572322,10.640374102112546,10.655851364135742,2165800,0.0,0.0
2010-08-04 00:00:00-04:00,10.756453769901904,10.864792421847913,10.586208265696778,10.702284812927246,822200,0.0,0.0
2010-08-05 00:00:00-04:00,10.601685567122331,10.988608403426042,10.54751660619877,10.833839416503906,1322000,0.0,0.0
2010-08-06 00:00:00-04:00,10.686806662055448,11.019559724667804,10.67906802994906,10.996344566345215,751600,0.0,0.0
2010-08-09 00:00:00-04:00,10.996347547656466,11.22076277360877,10.980870279247519,11.213024139404297,795600,0.0,0.0
2010-08-10 00:00:00-04:00,11.050515909367977,11.151115934557902,10.779670368930551,10.849316596984863,491500,0.0,0.0
2010-08-11 00:00:00-04:00,10.671333614955303,10.764195022939337,10.369533485509548,10.42370319366455,533600,0.0,0.0
2010-08-12 00:00:00-04:00,10.24571788739206,10.477871767570988,10.191548919282484,10.454656600952148,502700,0.0,0.0
2010-08-13 00:00:00-04:00,10.385009296441437,10.385009296441437,10.145116806030273,10.145116806030273,248100,0.0,0.0
2010-08-16 00:00:00-04:00,10.067731348868044,10.245715481140193,10.059992715813603,10.176069259643555,320300,0.0,0.0
2010-08-17 00:00:00-04:00,10.299887254880488,10.539779024047816,10.191548584226227,10.431440353393555,339100,0.0,0.0
2010-08-18 00:00:00-04:00,10.423703320503208,10.88801036607319,10.40822604998577,10.679072380065918,426300,0.0,0.0
2010-08-19 00:00:00-04:00,10.640379409896555,10.7564559809876,10.361795196479944,10.454656600952148,403300,0.0,0.0
2010-08-20 00:00:00-04:00,10.385010953513826,10.578472408328915,10.059995650384721,10.292149543762207,986100,0.0,0.0
2010-08-23 00:00:00-04:00,10.284406723016682,10.361791568648245,10.152852928240971,10.168330192565918,356100,0.0,0.0
2010-08-24 00:00:00-04:00,10.044517655582442,10.067733559844214,9.835579683204303,9.967133522033691,597300,0.0,0.0
2010-08-25 00:00:00-04:00,9.874271676423929,10.214763472371018,9.835579242385288,10.15285587310791,428900,0.0,0.0
2010-08-26 00:00:00-04:00,10.176070604341705,10.36953202828734,10.145116806030273,10.145116806030273,322900,0.0,0.0
2010-08-27 00:00:00-04:00,10.2766691845113,10.547515435049018,10.114161581788002,10.539776802062988,499700,0.0,0.0
2010-08-30 00:00:00-04:00,10.470131654821003,10.570731679965224,10.268932342529297,10.268932342529297,396900,0.0,0.0
2010-08-31 00:00:00-04:00,10.230243804569497,10.35405904017143,10.152858913319779,10.253458976745605,365000,0.0,0.0
2010-09-01 00:00:00-04:00,10.423706138107665,10.725505614807554,10.346321240596522,10.717767715454102,789600,0.0,0.0
2010-09-02 00:00:00-04:00,10.655856423968919,11.182071036685668,10.655856423968919,11.166594505310059,631300,0.0,0.0
2010-09-03 00:00:00-04:00,11.236239606296513,11.468392719454034,11.205285070678979,11.298147201538086,717900,0.0,0.0
2010-09-07 00:00:00-04:00,11.29040438839016,11.313619543513267,11.10468167141236,11.120158195495605,385000,0.0,0.0
2010-09-08 00:00:00-04:00,11.166592684328963,11.274930600281607,11.07373129722811,11.151115417480469,249700,0.0,0.0
2010-09-09 00:00:00-04:00,11.321361605008594,11.321361605008594,10.826100138336798,10.918961524963379,492500,0.0,0.0
2010-09-10 00:00:00-04:00,10.91896252054806,11.05051634809656,10.888008722183518,10.95765495300293,378900,0.0,0.0
2010-09-13 00:00:00-04:00,11.081468388186215,11.305883575220825,11.042776699867247,11.267191886901855,645800,0.0,0.0
2010-09-14 00:00:00-04:00,11.282671124341935,11.398747693169764,11.112424850463867,11.112424850463867,823300,0.0,0.0
2010-09-15 00:00:00-04:00,11.035040793686171,11.274932567724619,10.996348357809923,11.189809799194336,383400,0.0,0.0
2010-09-16 00:00:00-04:00,11.143379248110708,11.236241393742196,11.027302673066647,11.182071685791016,562600,0.0,0.0
2010-09-17 00:00:00-04:00,11.329100467249674,11.329100467249674,10.973131442325256,11.019561767578125,1347600,0.0,0.0
2010-09-20 00:00:00-04:00,11.019561179998714,11.298146068648219,11.019561179998714,11.236238479614258,788900,0.0,0.0
2010-09-21 00:00:00-04:00,10.764194118809732,11.23624049224217,10.764194118809732,11.027301788330078,596500,0.0,0.0
2010-09-22 00:00:00-04:00,10.957654339899507,11.04277783413674,10.470131489438293,10.694546699523926,837600,0.0,0.0
2010-09-23 00:00:00-04:00,10.593948236769092,10.795148313522137,10.501086833190032,10.570733070373535,444200,0.0,0.0
2010-09-24 00:00:00-04:00,10.702282901369331,10.880267745062039,10.648113954069906,10.857051849365234,518600,0.0,0.0
2010-09-27 00:00:00-04:00,10.888006023257065,11.41422120301248,10.71776054345103,11.228498458862305,1007600,0.0,0.0
2010-09-28 00:00:00-04:00,11.220763263558831,11.321363298619321,10.911225261831794,11.065994262695312,871500,0.0,0.0
2010-09-29 00:00:00-04:00,11.004088649916056,11.205288018380996,11.004088649916056,11.050518989562988,409300,0.0,0.0
2010-09-30 00:00:00-04:00,11.182069865941468,11.182069865941468,10.810624295854675,10.87253189086914,715300,0.0,0.0
2010-10-01 00:00:00-04:00,11.004083582944933,11.035037374455465,10.864791152149238,10.965391159057617,387900,0.0,0.0
2010-10-04 00:00:00-04:00,10.903487332258338,11.019563905911747,10.83384109286755,10.926702499389648,408600,0.0,0.0
2010-10-05 00:00:00-04:00,11.081468602973946,11.406483809530146,11.027299647880133,11.274930000305176,609700,0.0,0.0
2010-10-06 00:00:00-04:00,11.2362408698452,11.321363638375484,11.151117363318088,11.189809799194336,413700,0.0,0.0
2010-10-07 00:00:00-04:00,11.607686996459961,11.685071871635106,11.429702816752735,11.607686996459961,1727800,0.0,0.0
2010-10-08 00:00:00-04:00,11.638637844225848,11.74697649436771,11.476130238011393,11.623161315917969,1213800,0.0,0.0
2010-10-11 00:00:00-04:00,11.646377391451798,11.8553153369852,11.607684960650284,11.777931213378906,662300,0.0,0.0
2010-10-12 00:00:00-04:00,11.793407572553367,11.955915189175023,11.63089995593171,11.90948486328125,1018800,0.0,0.0
2010-10-13 00:00:00-04:00,11.955915232229472,11.955915232229472,11.599946201109521,11.855315208435059,1397500,0.0,0.0
2010-10-14 00:00:00-04:00,11.808883463567673,11.955913795757752,11.746975877593258,11.901744842529297,807400,0.0,0.0
2010-10-15 00:00:00-04:00,11.98687279321437,11.98687279321437,11.708288535373578,11.870796203613281,1428700,0.0,0.0
2010-10-18 00:00:00-04:00,11.83983867908031,11.886269005141283,11.723761387934422,11.855315208435059,428400,0.0,0.0
2010-10-19 00:00:00-04:00,11.654114555969592,11.924960061441054,11.630898657617486,11.692806243896484,1376100,0.0,0.0
2010-10-20 00:00:00-04:00,11.77793103829283,11.81662346851916,11.64637721832135,11.716023445129395,472400,0.0,0.0
2010-10-21 00:00:00-04:00,11.801149858778974,11.979134059787594,11.661857361991737,11.754718780517578,516600,0.0,0.0
2010-10-22 00:00:00-04:00,11.816624738326325,12.234501406082645,11.785670200421528,12.226762771606445,776000,0.0,0.0
2010-10-25 00:00:00-04:00,12.27319049835205,12.381529144041204,12.23449881017424,12.27319049835205,506500,0.0,0.0
2010-10-26 00:00:00-04:00,12.180330796986672,12.265454293901266,12.141638365479745,12.172592163085938,451400,0.0,0.0
2010-10-27 00:00:00-04:00,12.064254110502798,12.064254110502798,11.770192667413307,11.955915451049805,429700,0.0,0.0
2010-10-28 00:00:00-04:00,12.071993844757044,12.071993844757044,11.739239940244856,11.878532409667969,484000,0.0,0.0
2010-10-29 00:00:00-04:00,11.839838636443865,11.963653822822893,11.793407572553367,11.90948486328125,533100,0.0,0.0
2010-11-01 00:00:00-04:00,11.98687082866786,11.98687082866786,11.5844714110699,11.832101821899414,1042200,0.0,0.0
2010-11-02 00:00:00-04:00,12.366056733892526,12.660118993083,12.02556487345613,12.079733848571777,1937500,0.0,0.0
2010-11-03 00:00:00-04:00,12.133900892995452,12.37379264831543,12.133900892995452,12.37379264831543,918600,0.0,0.0
2010-11-04 00:00:00-04:00,12.42796091649651,12.652376866918246,12.397007857537956,12.513084411621094,832500,0.0,0.0
2010-11-05 00:00:00-04:00,12.404745971565035,12.5285611541988,12.327361113420581,12.427960395812988,592100,0.0,0.0
2010-11-08 00:00:00-05:00,12.443437923125192,12.466653823852539,12.296407575168914,12.466653823852539,1076700,0.0,0.0
2010-11-09 00:00:00-05:00,12.46665657706156,12.489871006922282,12.27319438492527,12.350579261779785,1307800,0.0,0.0
2010-11-10 00:00:00-05:00,12.420220746119579,12.420220746119579,12.102944920079052,12.288667678833008,1059100,0.0,0.0
2010-11-11 00:00:00-05:00,12.126159880788464,12.466652337561754,12.102944720825576,12.381528854370117,736700,0.0,0.0
2010-11-12 00:00:00-05:00,12.24997551816209,12.350575532497825,12.087467916234619,12.335098266601562,1125100,0.0,0.0
2010-11-15 00:00:00-05:00,12.420223069708237,12.489869301769621,12.249977544665716,12.257716178894043,822200,0.0,0.0
2010-11-16 00:00:00-05:00,12.141639810388936,12.265455753545107,11.948178367828268,12.02556324005127,613100,0.0,0.0
2010-11-17 00:00:00-05:00,12.087467538433662,12.389267572007927,12.071991011017785,12.36605167388916,678500,0.0,0.0
2010-11-18 00:00:00-05:00,12.45891457115172,12.58272975022458,12.257714536159982,12.304144859313965,1021000,0.0,0.0
2010-11-19 00:00:00-05:00,12.319620789924922,12.621420071692853,12.304143525220617,12.582728385925293,789400,0.0,0.0
2010-11-22 00:00:00-05:00,12.48986681783219,12.768451690673828,12.466652395757563,12.768451690673828,653200,0.0,0.0
2010-11-23 00:00:00-05:00,12.629159705377875,13.023821130670099,12.443436942180355,12.96965217590332,1142000,0.0,0.0
2010-11-24 00:00:00-05:00,13.023818083307676,13.217279434204102,12.969649141215552,13.217279434204102,836300,0.0,0.0
2010-11-26 00:00:00-05:00,13.163114461233507,13.248237953613279,13.077990968853733,13.17859172821045,180200,0.0,0.0
2010-11-29 00:00:00-05:00,13.085732872117509,13.255978423423455,13.008347993889792,13.194070816040039,465200,0.0,0.0
2010-11-30 00:00:00-05:00,13.07025250943309,13.27145255483266,13.03929945106039,13.240499496459961,934700,0.0,0.0
2010-12-01 00:00:00-05:00,13.310145039538497,13.41848295227177,13.178591227222368,13.387528419494629,1304700,0.0,0.0
2010-12-02 00:00:00-05:00,13.433962454582089,13.766716357352447,13.395269282170647,13.70480728149414,1044000,0.0,0.0
2010-12-03 00:00:00-05:00,13.65837849214751,13.890533124837477,13.55004054915512,13.774455070495605,953200,0.0,0.0
2010-12-06 00:00:00-05:00,13.71254667765341,13.890532328645214,13.596470105958714,13.828624725341797,473600,0.0,0.0
2010-12-07 00:00:00-05:00,13.983390294593047,14.138160010953353,13.898266802995538,14.091728210449219,637100,0.0,0.0
2010-12-08 00:00:00-05:00,14.083991218471487,14.145898810544164,13.936960133801346,13.952437400817871,497400,0.0,0.0
2010-12-09 00:00:00-05:00,14.076251700125464,14.107204756219373,13.751236493176117,13.844097137451172,624900,0.0,0.0
2010-12-10 00:00:00-05:00,13.906004566945322,13.998866686154019,13.851835612404129,13.975650787353516,336600,0.0,0.0
2010-12-13 00:00:00-05:00,14.076251231041711,14.099465653340202,13.611943597159264,13.64289665222168,638500,0.0,0.0
2010-12-14 00:00:00-05:00,13.658380294236373,13.712549272879631,13.44944154004612,13.519087791442871,818500,0.0,0.0
2010-12-15 00:00:00-05:00,13.480391158094092,13.689329835911428,13.480391158094092,13.550037384033203,698900,0.0,0.0
2010-12-16 00:00:00-05:00,13.604201867608767,13.728017011660375,13.480386723557157,13.689325332641602,547000,0.0,0.0
2010-12-17 00:00:00-05:00,13.720280728053702,13.720280728053702,13.526819347874737,13.697066307067871,878400,0.0,0.0
2010-12-20 00:00:00-05:00,13.735760600427238,13.735760600427238,13.503607490535718,13.55777645111084,670700,0.0,0.0
2010-12-21 00:00:00-05:00,13.573248867912275,13.596463285009003,13.433956461360108,13.580986022949219,713100,0.0,0.0
2010-12-22 00:00:00-05:00,13.596467000612632,13.635160166336052,13.364313910245517,13.403005599975586,659000,0.0,0.0
2010-12-23 00:00:00-05:00,13.433961522203067,13.580991139181187,13.418484254312684,13.511344909667969,374300,0.0,0.0
2010-12-27 00:00:00-05:00,13.495869291110807,13.503607925155393,13.155376773116659,13.47265338897705,156400,0.0,0.0
2010-12-28 00:00:00-05:00,13.480388099269245,13.611941887748637,13.30240399603039,13.395264625549316,200800,0.0,0.0
2010-12-29 00:00:00-05:00,13.395268437519663,13.519083629441779,13.333360841558605,13.488130569458008,378100,0.0,0.0
2010-12-30 00:00:00-05:00,13.464914581990326,13.550038079393925,13.403006986422302,13.511344909667969,391000,0.0,0.0
2010-12-31 00:00:00-05:00,13.534563374414985,13.557779280646734,13.217286702550002,13.286932945251465,518200,0.0,0.0
2011-01-03 00:00:00-05:00,13.418488470533102,13.627427224723355,13.194072443589357,13.519087791442871,522900,0.0,0.0
2011-01-04 00:00:00-05:00,13.604205805830748,13.604205805830748,13.225021632905213,13.364314079284668,600000,0.0,0.0
2011-01-05 00:00:00-05:00,13.364313995905134,13.526820865005043,13.232760183589004,13.387528419494629,705300,0.0,0.0
2011-01-06 00:00:00-05:00,13.542303700573111,13.673857566989867,13.395272561402864,13.519087791442871,674800,0.0,0.0
2011-01-07 00:00:00-05:00,13.604205459965632,13.619682726057281,13.263712985916033,13.4339599609375,607100,0.0,0.0
2011-01-10 00:00:00-05:00,13.356576400746421,13.534560550067331,13.217283944410589,13.464914321899414,365900,0.0,0.0
2011-01-11 00:00:00-05:00,13.666110584967319,13.666110584967319,13.23275754446813,13.449433326721191,1097000,0.0,0.0
2011-01-12 00:00:00-05:00,13.573249957142597,13.573249957142597,13.410741644459735,13.449433326721191,328900,0.0,0.0
2011-01-13 00:00:00-05:00,13.472651608364298,13.882790302560219,13.379790964089244,13.844097137451172,690900,0.0,0.0
2011-01-14 00:00:00-05:00,13.844095079021722,14.331618554954268,13.720279921069068,14.277449607849121,866300,0.0,0.0
2011-01-18 00:00:00-05:00,14.192329664941298,14.26197589311988,13.82088409865118,13.94469928741455,656500,0.0,0.0
2011-01-19 00:00:00-05:00,13.998871251373407,13.998871251373407,13.66611730668392,13.735763549804688,581600,0.0,0.0
2011-01-20 00:00:00-05:00,13.604207722599005,13.967914680283991,13.604207722599005,13.751238822937012,491400,0.0,0.0
2011-01-21 00:00:00-05:00,13.859570836053555,13.859570836053555,13.550032974822598,13.580986022949219,456600,0.0,0.0
2011-01-24 00:00:00-05:00,13.557781779755235,13.766720546373346,13.43396654235059,13.457180976867676,732400,0.0,0.0
2011-01-25 00:00:00-05:00,13.441698643519093,13.929220719255984,13.348836522620317,13.92148208618164,662300,0.0,0.0
2011-01-26 00:00:00-05:00,13.635161132658933,13.758976319761947,13.194067868111805,13.209545135498047,1873800,0.0,0.0
2011-01-27 00:00:00-05:00,13.271451788502661,13.503606354863127,13.054775964424914,13.403005599975586,1298300,0.0,0.0
2011-01-28 00:00:00-05:00,13.449439382033443,13.519085622255195,12.961917176474913,13.008347511291504,547800,0.0,0.0
2011-01-31 00:00:00-05:00,13.139896242682319,13.279188668914589,12.83035833771792,12.861312866210938,2512100,0.0,0.0
2011-02-01 00:00:00-05:00,12.900011972461924,13.317888015577791,12.861320265578716,13.27145767211914,1059600,0.0,0.0
2011-02-02 00:00:00-05:00,13.201800749717366,13.379786295123072,13.194062119396003,13.325615882873535,391800,0.0,0.0
2011-02-03 00:00:00-05:00,13.341094364994346,13.580986022949219,13.255970899658475,13.580986022949219,743800,0.0,0.0
2011-02-04 00:00:00-05:00,13.596465895352605,13.72028106361588,13.457173462058112,13.627420425415039,392600,0.0,0.0
2011-02-07 00:00:00-05:00,13.619687031044604,13.619687031044604,13.426225571728612,13.441702842712402,774600,0.0,0.0
2011-02-08 00:00:00-05:00,13.410741428453413,13.673848996374037,13.372049746815161,13.596464157104492,345600,0.0,0.0
2011-02-09 00:00:00-05:00,13.604204195144963,13.805404207650268,13.511342083222054,13.697066307067871,570900,0.0,0.0
2011-02-10 00:00:00-05:00,13.642897876319658,13.93696004376012,13.573253127182088,13.875052452087402,625200,0.0,0.0
2011-02-11 00:00:00-05:00,13.782194162016312,14.114948113356496,13.73576382433907,14.053040504455566,402400,0.0,0.0
2011-02-14 00:00:00-05:00,13.975656635414138,14.20781129258346,13.844102772483033,14.130426406860352,652100,0.0,0.0
2011-02-15 00:00:00-05:00,14.145901376771025,14.153640011683164,13.828624725341797,13.828624725341797,673200,0.0,0.0
2011-02-16 00:00:00-05:00,13.882792818423678,14.053038347775683,13.774453412478223,13.913745880126953,571800,0.0,0.0
2011-02-17 00:00:00-05:00,13.898269296796794,14.053039040927823,13.76671693307719,13.96017837524414,362400,0.0,0.0
2011-02-18 00:00:00-05:00,14.068514736222903,14.285190582567143,13.983391238877092,14.184591293334961,557100,0.0,0.0
2011-02-22 00:00:00-05:00,14.02208087226347,14.1304187681132,13.720280128692867,13.728018760681152,851700,0.0,0.0
2011-02-23 00:00:00-05:00,13.093473216986304,13.936965400205404,13.000611055790467,13.225027084350586,1889000,0.0,0.0
2011-02-24 00:00:00-05:00,13.240501076538354,13.240501076538354,12.915485806874848,13.023823738098145,1013700,0.0,0.0
2011-02-25 00:00:00-05:00,13.023823380594692,13.348838641336542,13.023823380594692,13.186331748962402,667000,0.0,0.0
2011-02-28 00:00:00-05:00,13.232758503369231,13.387526719623276,13.116681972180405,13.139896392822266,647900,0.0,0.0
2011-03-01 00:00:00-05:00,13.093469892262451,13.178593395411049,12.946438789367676,12.946438789367676,1643800,0.0,0.0
2011-03-02 00:00:00-05:00,12.900008031044143,13.062514921494706,12.598208676782493,12.83810043334961,1559600,0.0,0.0
2011-03-03 00:00:00-05:00,12.900007932045122,13.232761820597151,12.900007932045122,13.147638320922852,1044100,0.0,0.0
2011-03-04 00:00:00-05:00,13.155374779916983,13.248236898388743,13.023820973078081,13.101205825805664,1120700,0.0,0.0
2011-03-07 00:00:00-05:00,13.101206856856908,13.24823794101118,12.884529547366057,12.892268180847168,1218100,0.0,0.0
2011-03-08 00:00:00-05:00,12.90000459337364,13.147634918161755,12.869050064778543,13.054774284362793,1563700,0.0,0.0
2011-03-09 00:00:00-05:00,12.99286937940771,13.155376260025276,12.791669330076342,13.09346866607666,1064500,0.0,0.0
2011-03-10 00:00:00-05:00,12.876792124613763,13.155377052153781,12.853577697981132,12.938699722290039,1035800,0.0,0.0
2011-03-11 00:00:00-05:00,12.884529982713369,13.101207299525393,12.814883755023555,13.000606536865234,436700,0.0,0.0
2011-03-14 00:00:00-04:00,12.845099692582034,12.985058639350193,12.79844572162208,12.860651016235352,365200,0.08,0.0
2011-03-15 00:00:00-04:00,12.596279286681348,12.938399368580466,12.495197207395739,12.829543113708496,512600,0.0,0.0
2011-03-16 00:00:00-04:00,12.798447293406376,12.80622295618797,12.604060173034668,12.604060173034668,596600,0.0,0.0
2011-03-17 00:00:00-04:00,12.782893050937215,12.852872508828089,12.417445182800293,12.417445182800293,464300,0.0,0.0
2011-03-18 00:00:00-04:00,12.526308655955498,12.78289963945476,12.339696424887554,12.53408432006836,865500,0.0,0.0
2011-03-21 00:00:00-04:00,12.611831205811924,12.751790118387373,12.611831205811924,12.64293384552002,372600,0.0,0.0
2011-03-22 00:00:00-04:00,12.635160044000767,12.767343316091003,12.479649788698474,12.495201110839844,455200,0.0,0.0
2011-03-23 00:00:00-04:00,12.502974405175763,12.611830673448134,12.378566817705789,12.526301383972168,635800,0.0,0.0
2011-03-24 00:00:00-04:00,12.541854189704653,12.759568260853944,12.487426042681275,12.705140113830566,567500,0.0,0.0
2011-03-25 00:00:00-04:00,12.767341366458506,13.062809026746725,12.736238726925283,12.751790046691895,894800,0.0,0.0
2011-03-28 00:00:00-04:00,12.821770392950787,12.907301174551069,12.650710312805812,12.72068977355957,351700,0.0,0.0
2011-03-29 00:00:00-04:00,12.689586391003557,12.86064794421694,12.619606934335446,12.790668487548828,861900,0.0,0.0
2011-03-30 00:00:00-04:00,12.829549639682664,13.241650858978693,12.689590679051713,13.055039405822754,1380000,0.0,0.0
2011-03-31 00:00:00-04:00,13.047261107476503,13.272749345008467,12.985057302323993,13.210545539855957,955100,0.0,0.0
2011-04-01 00:00:00-04:00,13.296078552723936,13.412710521517244,13.187220763201694,13.257200241088867,559900,0.0,0.0
2011-04-04 00:00:00-04:00,13.296078628986406,13.428261923191906,13.249426137812687,13.350506782531738,770300,0.0,0.0
2011-04-05 00:00:00-04:00,13.303852697895502,13.544892270321268,13.28830137501493,13.397157669067383,340900,0.0,0.0
2011-04-06 00:00:00-04:00,13.436035776896743,13.474912600465519,13.249424354266257,13.327178001403809,471200,0.0,0.0
2011-04-07 00:00:00-04:00,13.249423411141805,13.381605195088943,12.96172989482198,12.98505687713623,588600,0.0,0.0
2011-04-08 00:00:00-04:00,13.101689033833324,13.14834151615835,12.666262405003192,12.73624038696289,368000,0.0,0.0
2011-04-11 00:00:00-04:00,12.775118777716186,12.782894438665478,12.409670869905748,12.627384185791016,1151300,0.0,0.0
2011-04-12 00:00:00-04:00,12.565180867996016,12.736240966339818,12.425221931598479,12.658487319946289,515500,0.0,0.0
2011-04-13 00:00:00-04:00,12.697366511236234,12.720693499338283,12.471878225140491,12.479652404785156,751300,0.0,0.0
2011-04-14 00:00:00-04:00,12.456321169619674,12.674033692863272,12.440769851372178,12.650708198547363,722600,0.0,0.0
2011-04-15 00:00:00-04:00,12.666263632457856,12.907303211393954,12.611834000905741,12.899527549743652,559200,0.0,0.0
2011-04-18 00:00:00-04:00,12.751791708756457,12.775118691446806,12.604057117828926,12.73624038696289,401900,0.0,0.0
2011-04-19 00:00:00-04:00,12.829547372764392,12.829547372764392,12.588507807077152,12.712915420532227,319300,0.0,0.0
2011-04-20 00:00:00-04:00,12.85287607371825,12.93062973022461,12.790672258679601,12.93062973022461,352300,0.0,0.0
2011-04-21 00:00:00-04:00,13.03170823142363,13.03170823142363,12.697362262452975,12.744014739990234,474200,0.0,0.0
2011-04-25 00:00:00-04:00,12.674037025615421,12.829547282872529,12.666262847502718,12.821771621704102,276900,0.0,0.0
2011-04-26 00:00:00-04:00,12.829545518021478,12.985055753886371,12.681810942255382,12.744014739990234,428700,0.0,0.0
2011-04-27 00:00:00-04:00,12.73623736614673,12.868420603929106,12.5029735267921,12.557401657104492,669300,0.0,0.0
2011-04-28 00:00:00-04:00,12.479646663935581,12.720687647605759,12.43299419224843,12.650708198547363,854800,0.0,0.0
2011-04-29 00:00:00-04:00,12.635156880299867,12.751788801045414,12.596280067736464,12.650708198547363,947000,0.0,0.0
2011-05-02 00:00:00-04:00,12.650714018088152,12.681815185834868,12.24638845598873,12.479652404785156,1668700,0.0,0.0
2011-05-03 00:00:00-04:00,12.129752512573376,12.42522018323828,11.98201793571316,12.121976852416992,1923000,0.0,0.0
2011-05-04 00:00:00-04:00,12.090877337446155,12.184183053137845,11.880938920993918,12.02089786529541,2242900,0.0,0.0
2011-05-05 00:00:00-04:00,11.982021065482547,12.782896474116672,11.982021065482547,12.518529891967773,1663200,0.0,0.0
2011-05-06 00:00:00-04:00,12.705139871128555,12.953955100228553,12.417447077099714,12.487425804138184,864900,0.0,0.0
2011-05-09 00:00:00-04:00,12.425223238099884,12.642937326839137,12.355244504070782,12.4485502243042,621900,0.0,0.0
2011-05-10 00:00:00-04:00,12.440773254099481,12.658487319946289,12.440773254099481,12.658487319946289,525600,0.0,0.0
2011-05-11 00:00:00-04:00,12.68958422427011,12.977277661788486,12.650707414117333,12.829543113708496,1001200,0.0,0.0
2011-05-12 00:00:00-04:00,12.790670263791341,13.08613796837852,12.650711331018998,12.953954696655273,722000,0.0,0.0
2011-05-13 00:00:00-04:00,12.938402858603418,13.008382322198969,12.806219592151336,12.837322235107422,513100,0.0,0.0
2011-05-16 00:00:00-04:00,12.813993951237922,12.845096591034586,12.588505744934082,12.588505744934082,673900,0.0,0.0
2011-05-17 00:00:00-04:00,12.518526182414641,12.767341366458506,12.464098046286981,12.751790046691895,772000,0.0,0.0
2011-05-18 00:00:00-04:00,12.720690992625988,12.829547282872529,12.674037025615421,12.821771621704102,489700,0.0,0.0
2011-05-19 00:00:00-04:00,12.87620213220765,13.093916235750909,12.75957015936719,13.055039405822754,539400,0.0,0.0
2011-05-20 00:00:00-04:00,12.953951513523169,13.117237389319099,12.798441296865649,12.907299041748047,577100,0.0,0.0
2011-05-23 00:00:00-04:00,12.744017126626757,13.109465804432022,12.744017126626757,12.977282524108887,447500,0.0,0.0
2011-05-24 00:00:00-04:00,12.98505753868622,12.98505753868622,12.611833217921792,12.619608879089355,861100,0.0,0.0
2011-05-25 00:00:00-04:00,12.635161272429796,12.876200856832819,12.580733122699035,12.860651016235352,575200,0.0,0.0
2011-05-26 00:00:00-04:00,12.83732158043902,13.202768718202373,12.7984432787266,13.140564918518066,738600,0.0,0.0
2011-05-27 00:00:00-04:00,13.202768718202373,13.280523838571646,13.093912439518729,13.140564918518066,375000,0.0,0.0
2011-05-31 00:00:00-04:00,13.459361477533896,13.599320417347496,13.233873227988703,13.397157669067383,1037700,0.0,0.0
2011-06-01 00:00:00-04:00,13.311632956959908,13.451590462056803,12.922858649003858,12.946184158325195,826500,0.0,0.0
2011-06-02 00:00:00-04:00,13.008382485320428,13.156117075103104,12.82954673524731,12.961730003356934,938400,0.0,0.0
2011-06-03 00:00:00-04:00,12.767341366458506,13.000605230735758,12.728464550097456,12.751790046691895,785900,0.0,0.0
2011-06-06 00:00:00-04:00,12.712913230330846,12.883973298597132,12.580729978425607,12.751790046691895,840200,0.0,0.0
2011-06-07 00:00:00-04:00,12.79066923431333,12.876198532858027,12.705138452713049,12.72068977355957,773200,0.0,0.0
2011-06-08 00:00:00-04:00,12.63515997752113,12.689588121673848,12.45632422300343,12.464099884033203,1069200,0.0,0.0
2011-06-09 00:00:00-04:00,12.471877756280227,12.510754585266113,12.331918057513516,12.510754585266113,949300,0.0,0.0
2011-06-10 00:00:00-04:00,12.409668922424316,12.588505388553541,12.293036992599662,12.409668922424316,1031100,0.0,0.0
2011-06-13 00:00:00-04:00,12.433115521040463,12.605037388024698,12.276822575935,12.503447532653809,578400,0.08,0.0
2011-06-14 00:00:00-04:00,12.659738963241718,12.862918637715643,12.620664802360709,12.839475631713867,463400,0.0,0.0
2011-06-15 00:00:00-04:00,12.714442590505804,12.8707347783381,12.519076237820196,12.565963745117188,763700,0.0,0.0
2011-06-16 00:00:00-04:00,12.628483364351656,12.730074722120394,12.433116973825761,12.57378101348877,674900,0.0,0.0
2011-06-17 00:00:00-04:00,12.644110171558637,12.769144513953805,12.370596988621605,12.386226654052734,1886600,0.0,0.0
2011-06-20 00:00:00-04:00,12.683184461116893,12.995770356944764,12.50344775733176,12.925439834594727,1839200,0.0,0.0
2011-06-21 00:00:00-04:00,12.987955929189873,13.238024624969967,12.901994256067841,13.097360610961914,804900,0.0,0.0
2011-06-22 00:00:00-04:00,13.019215015236641,13.363060250061473,12.964512669122334,13.198951721191406,870800,0.0,0.0
2011-06-23 00:00:00-04:00,13.05828793287407,13.644387064307063,13.011400419707037,13.495909690856934,963400,0.0,0.0
2011-06-24 00:00:00-04:00,13.534978123657055,13.652197615062176,13.417758632251934,13.566237449645996,1483800,0.0,0.0
2011-06-27 00:00:00-04:00,13.53498170389933,13.683460560568678,13.409947347923174,13.660016059875488,707100,0.0,0.0
2011-06-28 00:00:00-04:00,13.706902717534293,13.90226905165746,13.644384059709111,13.855380058288574,638600,0.0,0.0
2011-06-29 00:00:00-04:00,13.90227107774884,13.90227107774884,13.73034772472748,13.808494567871094,926600,0.0,0.0
2011-06-30 00:00:00-04:00,13.886641103193108,14.01167545324046,13.660015412152893,13.706904411315918,827700,0.0,0.0
2011-07-01 00:00:00-04:00,13.753792075646626,14.17578263920167,13.60531322433696,14.105450630187988,943900,0.0,0.0
2011-07-05 00:00:00-04:00,14.097640939631596,14.293007350720544,13.808497995387885,14.222675323486328,801500,0.0,0.0
2011-07-06 00:00:00-04:00,14.167965991199866,14.332074488054118,14.074190984877594,14.246112823486328,616400,0.0,0.0
2011-07-07 00:00:00-04:00,14.293002876975375,14.355520049334713,14.066377195593429,14.261743545532227,555500,0.0,0.0
2011-07-08 00:00:00-04:00,14.050750026377782,14.347707765742642,13.902272647222578,14.28519058227539,648600,0.0,0.0
2011-07-11 00:00:00-04:00,14.105453162874696,14.378966414757441,13.925716436690465,14.128897666931152,555600,0.0,0.0
2011-07-12 00:00:00-04:00,14.097640795375305,14.230488522650072,14.035122113560243,14.066381454467773,360600,0.0,0.0
2011-07-13 00:00:00-04:00,14.105447775284276,14.316443759620315,14.08200477070921,14.23048210144043,346800,0.0,0.0
2011-07-14 00:00:00-04:00,14.285189031030844,14.339891374308598,13.886641470758136,14.074193000793457,481900,0.0,0.0
2011-07-15 00:00:00-04:00,14.113263983453983,14.23829832180476,13.89445463660357,14.035117149353027,473100,0.0,0.0
2011-07-18 00:00:00-04:00,13.972600832478946,14.121079677274993,13.83193831114935,13.902270317077637,328800,0.0,0.0
2011-07-19 00:00:00-04:00,14.058558896826762,14.136705715641863,13.886637087854814,14.113261222839355,549400,0.0,0.0
2011-07-20 00:00:00-04:00,14.082003460389746,14.082003460389746,13.808490338425814,13.878822326660156,310700,0.0,0.0
2011-07-21 00:00:00-04:00,13.871008012055396,13.871008012055396,13.64438237696902,13.761603355407715,842900,0.0,0.0
2011-07-22 00:00:00-04:00,13.785048165300637,13.88663949452487,13.714716165230586,13.745975494384766,434000,0.0,0.0
2011-07-25 00:00:00-04:00,13.636573575961668,13.792865781699826,13.558426727829012,13.667831420898438,295100,0.0,0.0
2011-07-26 00:00:00-04:00,13.699090137533549,13.722533147545347,13.51153860480373,13.581869125366211,468700,0.0,0.0
2011-07-27 00:00:00-04:00,13.425573648973941,13.472461148077528,13.01921134867159,13.089543342590332,1010300,0.0,0.0
2011-07-28 00:00:00-04:00,13.073917203533512,13.191136728153072,12.917625000883138,12.925439834594727,466600,0.0,0.0
2011-07-29 00:00:00-04:00,12.862920114109741,13.01139896144618,12.706627924227126,12.909809112548828,540000,0.0,0.0
2011-08-01 00:00:00-04:00,13.02703074545575,13.073918260990549,12.84729402713298,12.995771408081055,955800,0.0,0.0
2011-08-02 00:00:00-04:00,11.581313432374976,12.26900286258633,11.534425940123777,12.01893424987793,3975500,0.0,0.0
2011-08-03 00:00:00-04:00,11.948604790665268,12.378410868512043,11.800126706815936,12.323708534240723,1687900,0.0,0.0
2011-08-04 00:00:00-04:00,12.104897932480164,12.19867368380783,11.714165262649841,11.721980094909668,1257500,0.0,0.0
2011-08-05 00:00:00-04:00,11.839201620261708,12.08145624485713,11.495357139987469,11.76887035369873,1501300,0.0,0.0
2011-08-08 00:00:00-04:00,11.073366721151325,11.70635338890176,10.596673011779785,10.596673011779785,2288700,0.0,0.0
2011-08-09 00:00:00-04:00,10.807664462407253,11.018660439869569,10.338785009333224,11.003030776977539,2200100,0.0,0.0
2011-08-10 00:00:00-04:00,10.784223888695308,11.198400388862856,10.713891875498948,10.729520797729492,1220300,0.0,0.0
2011-08-11 00:00:00-04:00,10.807666004615992,11.401579864521894,10.807666004615992,11.276545524597168,1111000,0.0,0.0
2011-08-12 00:00:00-04:00,11.38594913279489,11.456281128729902,11.104621894318225,11.323431968688965,658300,0.0,0.0
2011-08-15 00:00:00-04:00,11.385950525163794,11.448467696914841,11.04992091331779,11.253101348876953,1327100,0.0,0.0
2011-08-16 00:00:00-04:00,11.206211502730948,11.393762978821538,11.018660026640356,11.104620933532715,704700,0.0,0.0
2011-08-17 00:00:00-04:00,11.20621204596732,11.276544039226561,11.010845729253143,11.237470626831055,673800,0.0,0.0
2011-08-18 00:00:00-04:00,10.854556573880098,11.112440141389543,10.13560822044055,10.237198829650879,1147000,0.0,0.0
2011-08-19 00:00:00-04:00,10.080903562573473,10.659188536485543,10.018386388950033,10.245011329650879,1084300,0.0,0.0
2011-08-22 00:00:00-04:00,10.534154431426089,10.604486444661116,10.065275585298503,10.213753700256348,1564200,0.0,0.0
2011-08-23 00:00:00-04:00,10.291899641859715,10.612300344843662,10.166865293891686,10.604485511779785,2004600,0.0,0.0
2011-08-24 00:00:00-04:00,10.596671412321692,10.737334680999226,10.42474881142304,10.698261260986328,782600,0.0,0.0
2011-08-25 00:00:00-04:00,10.76077723509512,10.83892331573208,10.182492363012111,10.22938060760498,1228200,0.0,0.0
2011-08-26 00:00:00-04:00,10.182494737242036,10.565413379121892,10.104348638383922,10.518525123596191,1101100,0.0,0.0
2011-08-29 00:00:00-04:00,10.620118609541887,10.987407684326172,10.620118609541887,10.987407684326172,821300,0.0,0.0
2011-08-30 00:00:00-04:00,10.917073643555447,11.12025411459743,10.870185383922003,11.034293174743652,1216000,0.0,0.0
2011-08-31 00:00:00-04:00,11.112437247329645,11.268730164924722,10.963958416666756,11.174954414367676,1447600,0.0,0.0
2011-09-01 00:00:00-04:00,11.245285334960569,11.409393069010145,10.932698784490102,11.003030776977539,1854700,0.0,0.0
2011-09-02 00:00:00-04:00,10.760778222029698,10.893626645823183,10.635743140068797,10.667001724243164,861900,0.0,0.0
2011-09-06 00:00:00-04:00,10.330970802049348,10.7607768381184,10.307526307986125,10.737332344055176,1093100,0.0,0.0
2011-09-07 00:00:00-04:00,10.831109672161267,11.042105678078423,10.643558163743869,10.979588508605957,1190100,0.0,0.0
2011-09-08 00:00:00-04:00,10.917073249816895,11.096809957191516,10.776409221253397,10.917073249816895,898200,0.0,0.0
2011-09-09 00:00:00-04:00,10.745147584489875,10.784220997486148,10.260639201020844,10.448190689086914,1548400,0.0,0.0
2011-09-12 00:00:00-04:00,10.298818465455,10.71548799810104,10.275232845866917,10.699764251708984,975900,0.08,0.0
2011-09-13 00:00:00-04:00,10.715488739928922,10.896307337458573,10.581839885341987,10.8176908493042,988800,0.0,0.0
2011-09-14 00:00:00-04:00,10.951339895905239,11.305115973176678,10.841275910859865,11.140020370483398,859400,0.0,0.0
2011-09-15 00:00:00-04:00,11.226498749274944,11.368009480277216,11.132158511856614,11.273669242858887,710000,0.0,0.0
2011-09-16 00:00:00-04:00,11.297254779091162,11.501659013725284,11.1950526617741,11.305116653442383,1342300,0.0,0.0
2011-09-19 00:00:00-04:00,11.077129785831588,11.305118939880119,10.967065771903078,11.234363555908203,925100,0.0,0.0
2011-09-20 00:00:00-04:00,11.28153510534068,11.391598379700214,10.809833001728942,10.825556755065918,1003300,0.0,0.0
2011-09-21 00:00:00-04:00,10.841277343066645,11.029957842570788,10.581841468811035,10.581841468811035,1391300,0.0,0.0
2011-09-22 00:00:00-04:00,10.298819930466736,10.880585134238245,10.298819930466736,10.629011154174805,1406100,0.0,0.0
2011-09-23 00:00:00-04:00,10.629012543995813,10.96706493647148,10.621150668653431,10.927756309509277,828400,0.0,0.0
2011-09-26 00:00:00-04:00,11.045680148327204,11.289392240887162,10.849137799601628,11.273669242858887,1274800,0.0,0.0
2011-09-27 00:00:00-04:00,11.462353601342647,11.462353601342647,10.79410908936287,10.91203498840332,1308500,0.0,0.0
2011-09-28 00:00:00-04:00,10.951342233238613,10.951342233238613,10.644735834298256,10.754799842834473,1621200,0.0,0.0
2011-09-29 00:00:00-04:00,11.022093307500427,11.155741390990263,10.511082842247529,10.691902160644531,1544000,0.0,0.0
2011-09-30 00:00:00-04:00,10.57397944199722,10.691905314805528,10.353852195737888,10.393160820007324,1404300,0.0,0.0
2011-10-03 00:00:00-04:00,10.298820652852518,10.361714152279891,9.803533782549723,9.819256782531738,1467400,0.0,0.0
2011-10-04 00:00:00-04:00,9.724913697069423,10.322402517118416,9.599126734901095,10.306678771972656,2249700,0.0,0.0
2011-10-05 00:00:00-04:00,10.314543571468453,10.660458565339908,10.165171698944174,10.393160820007324,1435400,0.0,0.0
2011-10-06 00:00:00-04:00,10.25951135875051,10.306681105367975,10.023660376414368,10.188755989074707,2163300,0.0,0.0
2011-10-07 00:00:00-04:00,10.251649340178343,10.45605357197743,10.055106982621435,10.141585350036621,1545300,0.0,0.0
2011-10-10 00:00:00-04:00,10.345987756365172,10.566114948059262,10.220200789682837,10.361711502075195,1182800,0.0,0.0
2011-10-11 00:00:00-04:00,10.338128309227613,10.684043298518292,10.32240530957784,10.613287925720215,1785400,0.0,0.0
2011-10-12 00:00:00-04:00,10.660459873947984,10.959203655668365,10.621151244853278,10.864863395690918,1317700,0.0,0.0
2011-10-13 00:00:00-04:00,10.7626620382999,11.037821712112633,10.7626620382999,10.9434814453125,942800,0.0,0.0
2011-10-14 00:00:00-04:00,11.029959835775173,11.029959835775173,10.754800911712234,10.9434814453125,550800,0.0,0.0
2011-10-17 00:00:00-04:00,10.809828939111947,10.919892921856377,10.526808233161397,10.550393104553223,896400,0.0,0.0
2011-10-18 00:00:00-04:00,10.542535531436844,10.715493074946766,10.40888662278143,10.668322563171387,985600,0.0,0.0
2011-10-19 00:00:00-04:00,10.652595357722042,10.699765101143939,10.393159519652942,10.471776008605957,1244800,0.0,0.0
2011-10-20 00:00:00-04:00,10.416746582373728,10.550395466429444,10.306682574989695,10.44033145904541,1621400,0.0,0.0
2011-10-21 00:00:00-04:00,10.573977279570519,10.723349871297067,10.448190307432053,10.699764251708984,1325800,0.0,0.0
2011-10-24 00:00:00-04:00,10.746937993777655,11.31298028946722,10.731214242626688,11.250086784362793,1053200,0.0,0.0
2011-10-25 00:00:00-04:00,11.155743950297929,11.21077632056551,10.998510213282552,11.077127456665039,678600,0.0,0.0
2011-10-26 00:00:00-04:00,11.273672842891157,11.375874986834706,10.974928287459964,11.2658109664917,824000,0.0,0.0
2011-10-27 00:00:00-04:00,11.548829583567386,11.89474458218289,11.430904458891442,11.792542457580566,867300,0.0,0.0
2011-10-28 00:00:00-04:00,11.737509483954394,11.831849722804549,11.438765019387452,11.462349891662598,702800,0.0,0.0
2011-10-31 00:00:00-04:00,11.281534719290613,11.478077130778257,11.242226087043125,11.2658109664917,1260400,0.0,0.0
2011-11-01 00:00:00-04:00,10.888446759011385,11.25008472193937,10.825553265436916,11.069265365600586,1483300,0.0,0.0
2011-11-02 00:00:00-04:00,10.613288839293642,11.383734632192137,10.613288839293642,11.147884368896484,2565600,0.0,0.0
2011-11-03 00:00:00-04:00,11.242226087043125,11.29725772233973,10.825556384619267,11.2658109664917,1229100,0.0,0.0
2011-11-04 00:00:00-04:00,11.155743611472232,11.344424839909596,11.140020613123037,11.289392471313477,790800,0.0,0.0
2011-11-07 00:00:00-05:00,11.257945796087105,11.407318404972102,11.202914176892412,11.375871658325195,765800,0.0,0.0
2011-11-08 00:00:00-05:00,11.430903277519889,11.462350024166795,11.053542317756994,11.375871658325195,715200,0.0,0.0
2011-11-09 00:00:00-05:00,11.069264318965944,11.210775041002993,10.935615470319732,10.974924087524414,645700,0.0,0.0
2011-11-10 00:00:00-05:00,11.069266541582527,11.22650029222297,10.770522040490853,10.809830665588379,983600,0.0,0.0
2011-11-11 00:00:00-05:00,10.896307894184773,11.265807731612815,10.88058489565038,11.202914237976074,357300,0.0,0.0
2011-11-14 00:00:00-05:00,11.14002095147119,11.26580794108349,11.006372087570721,11.077127456665039,436700,0.0,0.0
2011-11-15 00:00:00-05:00,11.06140307345177,11.265807294719071,10.95920096281812,11.187190055847168,415000,0.0,0.0
2011-11-16 00:00:00-05:00,11.05354264180941,11.155744009095873,10.73907441637161,10.77052116394043,723700,0.0,0.0
2011-11-17 00:00:00-05:00,10.786245718148685,10.864862218067248,10.542532843976923,10.581841468811035,916800,0.0,0.0
2011-11-18 00:00:00-05:00,10.581839468983565,10.668317827475617,10.456052493086208,10.487499237060547,899400,0.0,0.0
2011-11-21 00:00:00-05:00,10.377434921028263,10.448190280108488,10.228063079441839,10.25164794921875,978600,0.0,0.0
2011-11-22 00:00:00-05:00,10.275237685307577,10.369577958843893,10.18089741177126,10.2123441696167,757900,0.0,0.0
2011-11-23 00:00:00-05:00,10.165172145404398,10.204480021650612,9.874289512634277,9.874289512634277,747800,0.0,0.0
2011-11-25 00:00:00-05:00,9.858566733791355,9.992215625497238,9.740641593933105,9.740641593933105,337800,0.0,0.0
2011-11-28 00:00:00-05:00,10.031523488787393,10.196619121822675,9.929321358837008,10.023661613464355,1237800,0.0,0.0
2011-11-29 00:00:00-05:00,10.05510770151723,10.228065198462891,10.023660952049804,10.125863075256348,961700,0.0,0.0
2011-11-30 00:00:00-05:00,10.503224067972015,10.605426191169865,10.401021944774165,10.526809692382812,1452600,0.0,0.0
2011-12-01 00:00:00-05:00,10.503224214862398,10.959202463353078,10.440330715053314,10.849139213562012,1566500,0.0,0.0
2011-12-02 00:00:00-05:00,11.014235429370162,11.132160560406367,10.912033299255592,11.061405181884766,880100,0.0,0.0
2011-12-05 00:00:00-05:00,11.179329881704152,11.485935489908838,11.147883133433169,11.446627616882324,1458100,0.0,0.0
2011-12-06 00:00:00-05:00,11.297253844526459,11.493796188550405,11.218637356766607,11.438764572143555,2559100,0.0,0.0
2011-12-07 00:00:00-05:00,11.336563275317028,11.588137253768021,11.15574391599318,11.525243759155273,959800,0.0,0.0
2011-12-08 00:00:00-05:00,11.43090415963514,11.572414905341306,11.383733661149874,11.415181159973145,1066600,0.0,0.0
2011-12-09 00:00:00-05:00,11.423041570275998,11.619583927127442,11.38373294895579,11.564552307128906,565400,0.0,0.0
2011-12-12 00:00:00-05:00,11.374841992815565,11.430174546615,11.256271265438837,11.4143648147583,923900,0.08,0.0
2011-12-13 00:00:00-05:00,11.50131587256016,11.627790701462217,11.19303291172431,11.240461349487305,522400,0.0,0.0
2011-12-14 00:00:00-05:00,11.137700162659323,11.216746552379782,10.9717017642421,11.066557884216309,448800,0.0,0.0
2011-12-15 00:00:00-05:00,11.208842862452236,11.351126670837402,11.098177008064255,11.351126670837402,475200,0.0,0.0
2011-12-16 00:00:00-05:00,11.43807637213937,11.44598048211719,11.208840598097915,11.23255443572998,1092800,0.0,0.0
2011-12-19 00:00:00-05:00,11.311603800494028,11.517125023647274,10.971702127285676,11.011225700378418,606500,0.0,0.0
2011-12-20 00:00:00-05:00,11.240460766092399,11.422268134740701,11.200937195649471,11.359030723571777,498000,0.0,0.0
2011-12-21 00:00:00-05:00,11.366935732779691,11.54083899262734,11.129795060960063,11.453886985778809,909200,0.0,0.0
2011-12-22 00:00:00-05:00,11.485505874838239,11.896549813057359,11.469696898517965,11.864931106567383,1056200,0.0,0.0
2011-12-23 00:00:00-05:00,11.872836054419922,12.007214992552033,11.825407617429613,11.88074016571045,609500,0.0,0.0
2011-12-27 00:00:00-05:00,11.841213819976385,12.038830879085598,11.777976421369377,11.959784507751465,257800,0.0,0.0
2011-12-28 00:00:00-05:00,11.928168769575118,11.943977746226768,11.651504516601562,11.651504516601562,461700,0.0,0.0
2011-12-29 00:00:00-05:00,11.730553114762925,11.857027959043464,11.580363671792636,11.77798080444336,408400,0.0,0.0
2011-12-30 00:00:00-05:00,11.746362093373225,11.864932825273382,11.691029537462873,11.77798080444336,507100,0.0,0.0
2012-01-03 00:00:00-05:00,11.904456402573434,12.015121514394137,11.71474338230309,11.77798080444336,777900,0.0,0.0
2012-01-04 00:00:00-05:00,11.714741545724973,11.888644806271804,11.635695157366898,11.857026100158691,810400,0.0,0.0
2012-01-05 00:00:00-05:00,11.746361107815494,12.023025371853295,11.53293501446161,12.015120506286621,1167200,0.0,0.0
2012-01-06 00:00:00-05:00,11.983501210836106,12.149499610357163,11.880740225051696,12.046738624572754,553200,0.0,0.0
2012-01-09 00:00:00-05:00,12.109975222135096,12.157403656165773,11.951881698448487,12.054642677307129,603100,0.0,0.0
2012-01-10 00:00:00-05:00,12.220640844553275,12.220640844553275,11.999309915396182,12.117879867553711,524100,0.0,0.0
2012-01-11 00:00:00-05:00,12.07835972667319,12.228549179468533,11.928171027727434,12.173215866088867,384300,0.0,0.0
2012-01-12 00:00:00-05:00,12.165310489734678,12.244356887446733,12.062549494244449,12.220643043518066,255900,0.0,0.0
2012-01-13 00:00:00-05:00,12.08626093764593,12.362925159311898,12.07045196278324,12.094165802001953,570200,0.0,0.0
2012-01-17 00:00:00-05:00,11.920267434387643,12.212740750625775,11.920267434387643,12.038837432861328,681100,0.0,0.0
2012-01-18 00:00:00-05:00,12.133693226722249,12.631687777853493,12.078359912491315,12.513117790222168,1491700,0.0,0.0
2012-01-19 00:00:00-05:00,12.521022157322239,12.592164448601274,12.331309883144524,12.473593711853027,941700,0.0,0.0
2012-01-20 00:00:00-05:00,12.44987959937634,12.60797315780486,12.331309619017338,12.370832443237305,388000,0.0,0.0
2012-01-23 00:00:00-05:00,11.936075953503869,12.299691533320331,11.920266219931609,12.165311813354492,838800,0.0,0.0
2012-01-24 00:00:00-05:00,12.062547541953807,12.17321263160974,11.959786563095163,12.054642677307129,642900,0.0,0.0
2012-01-25 00:00:00-05:00,12.086262620863186,12.125786194298275,11.92816908097229,12.070453643798828,1065800,0.0,0.0
2012-01-26 00:00:00-05:00,12.133694336259873,12.189026901700972,11.936077169570623,12.038837432861328,425500,0.0,0.0
2012-01-27 00:00:00-05:00,11.991402958561967,12.196924876700422,11.967689123038065,12.18111515045166,422700,0.0,0.0
2012-01-30 00:00:00-05:00,12.102074029033748,12.204834278817533,11.943979713382705,12.133692741394043,577100,0.0,0.0
2012-01-31 00:00:00-05:00,12.165308599453775,12.18111757499994,11.825406955943267,11.983500480651855,1324000,0.0,0.0
2012-02-01 00:00:00-05:00,12.070455639622711,12.339214324951172,11.967694633239953,12.339214324951172,858700,0.0,0.0
2012-02-02 00:00:00-05:00,12.315499655347939,12.441974499719493,12.220643522069272,12.434069633483887,442500,0.0,0.0
2012-02-03 00:00:00-05:00,12.631685397987365,12.892539924709796,12.568447982651591,12.6395902633667,808100,0.0,0.0
2012-02-06 00:00:00-05:00,12.615874960251261,12.7344456656633,12.55263755223792,12.600065231323242,723000,0.0,0.0
2012-02-07 00:00:00-05:00,12.615875033741327,12.813491369547146,12.576351465040414,12.766063690185547,520400,0.0,0.0
2012-02-08 00:00:00-05:00,12.82140000352531,13.011112284445508,12.576355162465788,12.663307189941406,467500,0.0,0.0
2012-02-09 00:00:00-05:00,12.710733834377034,12.805590720859286,12.521021569111593,12.734448432922363,468500,0.0,0.0
2012-02-10 00:00:00-05:00,12.576348796617832,12.64749105441479,12.513111401653696,12.528921127319336,357700,0.0,0.0
2012-02-13 00:00:00-05:00,12.623780921016113,12.679114223220182,12.465687387253274,12.52101993560791,514700,0.0,0.0
2012-02-14 00:00:00-05:00,12.497305811668028,12.544733493800683,12.323402551532991,12.505209922790527,507100,0.0,0.0
2012-02-15 00:00:00-05:00,12.568446159362793,12.702825835919384,12.434066482806204,12.568446159362793,631600,0.0,0.0
2012-02-16 00:00:00-05:00,12.639589796321024,12.939968638840828,12.623780819995966,12.916254043579102,807200,0.0,0.0
2012-02-17 00:00:00-05:00,12.995303548125785,13.12177839710567,12.821399500004096,12.96368408203125,1268300,0.0,0.0
2012-02-21 00:00:00-05:00,12.939969028897314,13.303583787677988,12.853017018015457,12.884634971618652,1528700,0.0,0.0
2012-02-22 00:00:00-05:00,14.078244278840494,14.094054011492315,13.366822894198583,13.754152297973633,2904500,0.0,0.0
2012-02-23 00:00:00-05:00,13.817388971120796,13.817388971120796,13.556534427316649,13.667201042175293,1940900,0.0,0.0
2012-02-24 00:00:00-05:00,13.643487589927943,13.690915281592593,13.24825330809121,13.29568099975586,1494300,0.0,0.0
2012-02-27 00:00:00-05:00,13.145487285682771,13.398438410460063,13.003204256850015,13.343104362487793,1199800,0.0,0.0
2012-02-28 00:00:00-05:00,13.33520221710205,13.532819311851823,13.232440483520852,13.33520221710205,915700,0.0,0.0
2012-02-29 00:00:00-05:00,13.327300561425453,13.453775411902871,13.192920844330803,13.224538803100586,954400,0.0,0.0
2012-03-01 00:00:00-05:00,13.224537274931125,13.295679558566174,12.979492468909822,12.995302200317383,904600,0.0,0.0
2012-03-02 00:00:00-05:00,13.003208113040138,13.098063493725318,12.797686111290123,12.924160957336426,857500,0.0,0.0
2012-03-05 00:00:00-05:00,12.86882556534434,13.200822339993849,12.86882556534434,13.098060607910156,824000,0.0,0.0
2012-03-06 00:00:00-05:00,13.003204635247121,13.098059990562609,12.750253503108876,12.86882495880127,564100,0.0,0.0
2012-03-07 00:00:00-05:00,12.89254045386721,13.003207066021162,12.83720790163972,12.995302200317383,725100,0.0,0.0
2012-03-08 00:00:00-05:00,13.034823559255031,13.042728424072266,12.85301619155507,13.042728424072266,637200,0.0,0.0
2012-03-09 00:00:00-05:00,13.042733411792131,13.33520749108065,12.99530571245053,13.23244571685791,780100,0.0,0.0
2012-03-12 00:00:00-04:00,13.208601625636563,13.351653792309095,13.00991629232334,13.065547943115234,627600,0.09,0.0
2012-03-13 00:00:00-04:00,13.192705453873863,13.2244943165981,12.994020135339163,13.176810264587402,596800,0.0,0.0
2012-03-14 00:00:00-04:00,13.16886364946464,13.216547705022151,13.025809966943312,13.065547943115234,385100,0.0,0.0
2012-03-15 00:00:00-04:00,13.105290645537035,13.494713902412842,12.98607969193824,13.327818870544434,853500,0.0,0.0
2012-03-16 00:00:00-04:00,13.383444751995604,13.407287538729806,13.152969027778232,13.28012752532959,615600,0.0,0.0
2012-03-19 00:00:00-04:00,13.232446952633707,13.42318474919383,13.200658077798318,13.375500679016113,513600,0.0,0.0
2012-03-20 00:00:00-04:00,13.24833865886618,13.343708289954128,13.1609166233563,13.28012752532959,443000,0.0,0.0
2012-03-21 00:00:00-04:00,13.327811531111406,13.351652799192413,13.160915075300943,13.176810264587402,416800,0.0,0.0
2012-03-22 00:00:00-04:00,13.025807140997971,13.367546082692352,12.922491457062875,13.311914443969727,989900,0.0,0.0
2012-03-23 00:00:00-04:00,13.351654121801904,13.351654121801904,13.041705479255961,13.208601951599121,655200,0.0,0.0
2012-03-26 00:00:00-04:00,13.327810612941255,13.70928603444386,13.272178970119864,13.693390846252441,1314800,0.0,0.0
2012-03-27 00:00:00-04:00,13.685449408945155,13.685449408945155,13.375500679016113,13.375500679016113,708900,0.0,0.0
2012-03-28 00:00:00-04:00,13.351653141080915,13.43907516854633,13.041704521301675,13.12912654876709,849600,0.0,0.0
2012-03-29 00:00:00-04:00,13.009915663681577,13.534444797015228,12.954282499729091,13.264232635498047,1421800,0.0,0.0
2012-03-30 00:00:00-04:00,13.375490420274708,13.478806079060197,13.089383186948586,13.224489212036133,831600,0.0,0.0
2012-04-02 00:00:00-04:00,13.160915391421012,13.43112755238649,13.105283743430835,13.240389823913574,852200,0.0,0.0
2012-04-03 00:00:00-04:00,13.19271210049376,13.296027851209887,13.12913282716473,13.23244857788086,378600,0.0,0.0
2012-04-04 00:00:00-04:00,13.10528243117059,13.145020401362181,12.938387503911606,13.017860412597656,494500,0.0,0.0
2012-04-05 00:00:00-04:00,12.922493289992138,13.16091506572075,12.795334807490386,13.041704177856445,422500,0.0,0.0
2012-04-09 00:00:00-04:00,12.77944147330273,12.954284033160937,12.755598685929334,12.882757186889648,538400,0.0,0.0
2012-04-10 00:00:00-04:00,12.890703548684243,12.970177983138765,12.636386571108778,12.652281761169434,776200,0.0,0.0
2012-04-11 00:00:00-04:00,12.763542853409248,13.200651409419947,12.755595259752853,13.02580738067627,683200,0.0,0.0
2012-04-12 00:00:00-04:00,13.05759937663632,13.232441911241331,12.938388488685236,13.176810264587402,401400,0.0,0.0
2012-04-13 00:00:00-04:00,13.121176096239205,13.232439368163918,13.009912824314492,13.184755325317383,357400,0.0,0.0
2012-04-16 00:00:00-04:00,13.415226862304182,13.454964820181752,13.113225961675129,13.224489212036133,494600,0.0,0.0
2012-04-17 00:00:00-04:00,13.39138789810074,13.423176754001863,13.200650215148926,13.200650215148926,550700,0.0,0.0
2012-04-18 00:00:00-04:00,13.152968458995872,13.311917331985969,13.065547943115234,13.065547943115234,492200,0.0,0.0
2012-04-19 00:00:00-04:00,13.033754985441623,13.15296585869215,12.715858818157388,12.747649192810059,706300,0.0,0.0
2012-04-20 00:00:00-04:00,12.938385343251303,13.18475465390218,12.78738411343701,13.001964569091797,617900,0.0,0.0
2012-04-23 00:00:00-04:00,12.890703204041133,13.367548282170679,12.731755855230428,13.216547012329102,1345600,0.0,0.0
2012-04-24 00:00:00-04:00,13.200653030475204,13.5980236670015,12.994020117579685,13.288073539733887,1557100,0.0,0.0
2012-04-25 00:00:00-04:00,13.383443205816185,13.550338146127768,13.176810292205166,13.391390800476074,772600,0.0,0.0
2012-04-26 00:00:00-04:00,13.391389270422524,13.741075816260182,13.367546489167054,13.669548988342285,469900,0.0,0.0
2012-04-27 00:00:00-04:00,13.66955183493929,13.780815138937662,13.343708002502202,13.725183486938477,800500,0.0,0.0
2012-04-30 00:00:00-04:00,13.75697169775473,13.836446132190758,13.558286369589041,13.709287643432617,1079400,0.0,0.0
2012-05-01 00:00:00-04:00,14.623239199090357,15.37824401886174,14.496080715990773,14.750397682189941,3097000,0.0,0.0
2012-05-02 00:00:00-04:00,14.615291311403585,15.028557131116292,14.51992320891521,14.957030296325684,1234900,0.0,0.0
2012-05-03 00:00:00-04:00,14.869604719941503,14.941131537643326,14.678867044686074,14.694762229919434,1260600,0.0,0.0
2012-05-04 00:00:00-04:00,14.607339571919365,14.766288385428325,14.543760349685426,14.678866386413574,767800,0.0,0.0
2012-05-07 00:00:00-04:00,14.655026106891622,14.853711379159167,14.607340550136614,14.647078514099121,802000,0.0,0.0
2012-05-08 00:00:00-04:00,14.496077162093462,14.543761202603287,14.281496706026779,14.297391891479492,1373900,0.0,0.0
2012-05-09 00:00:00-04:00,14.225873282024242,14.527875916507261,14.1543464220598,14.368927001953125,1381800,0.0,0.0
2012-05-10 00:00:00-04:00,14.480179848616988,14.726550639382168,14.321232564993878,14.615285873413086,694000,0.0,0.0
2012-05-11 00:00:00-04:00,14.472234184197283,14.901395090408222,14.472234184197283,14.694762229919434,1137900,0.0,0.0
2012-05-14 00:00:00-04:00,14.543765747233815,14.615292588273391,14.42455485078412,14.448397636413574,497300,0.0,0.0
2012-05-15 00:00:00-04:00,14.408663787944601,14.61529677504666,14.265611580734769,14.45634937286377,888000,0.0,0.0
2012-05-16 00:00:00-04:00,14.496078461897014,14.74244779511173,14.289445580028769,14.305340766906738,987000,0.0,0.0
2012-05-17 00:00:00-04:00,14.353028667454018,14.416607916197213,13.939764308547673,13.979500770568848,576200,0.0,0.0
2012-05-18 00:00:00-04:00,13.94770715390323,14.138446371750671,13.701337811635671,13.756969451904297,741600,0.0,0.0
2012-05-21 00:00:00-04:00,13.80465693033739,14.106657954790453,13.709287308176638,14.082815170288086,848800,0.0,0.0
2012-05-22 00:00:00-04:00,14.146393804048582,14.27355228422238,14.066920890826449,14.170236587524414,751500,0.0,0.0
2012-05-23 00:00:00-04:00,14.035127394902984,14.41660275067821,13.96360057621409,14.297391891479492,928000,0.0,0.0
2012-05-24 00:00:00-04:00,14.36097526550293,14.36097526550293,14.202027912609983,14.36097526550293,480100,0.0,0.0
2012-05-25 00:00:00-04:00,14.424551668270224,14.496078493528712,14.313288391578558,14.329183578491211,465600,0.0,0.0
2012-05-29 00:00:00-04:00,14.400710461301362,14.71860662158262,14.400710461301362,14.655027389526367,582100,0.0,0.0
2012-05-30 00:00:00-04:00,14.51197653922267,14.51197653922267,14.337133996285804,14.36097526550293,405300,0.0,0.0
2012-05-31 00:00:00-04:00,14.337134335173698,14.543765747233815,14.154342677045454,14.448397636413574,870100,0.0,0.0
2012-06-01 00:00:00-04:00,14.130498775262234,14.36097293002278,13.661601356163168,13.812601089477539,1206000,0.0,0.0
2012-06-04 00:00:00-04:00,13.820548387242997,13.971549633172218,13.558283863180916,13.77286434173584,963300,0.0,0.0
2012-06-05 00:00:00-04:00,13.69339085961915,13.939761729280916,13.566232385660824,13.88412857055664,559200,0.0,0.0
2012-06-06 00:00:00-04:00,13.931821093857343,14.1781905707274,13.9238734957842,14.106663703918457,562400,0.0,0.0
2012-06-07 00:00:00-04:00,14.24176214310765,14.345077830527247,13.876180408552921,13.995392799377441,1289100,0.0,0.0
2012-06-08 00:00:00-04:00,13.923862850947476,14.178179731464624,13.83644085482664,14.12254810333252,1156800,0.0,0.0
2012-06-11 00:00:00-04:00,14.22639073163744,14.306269706525766,14.06663430542551,14.114561080932617,863600,0.09,0.0
2012-06-12 00:00:00-04:00,14.178465087374788,14.458040760007822,14.026695175334309,14.218403816223145,808100,0.0,0.0
2012-06-13 00:00:00-04:00,14.15449980659442,14.282305556989852,14.01870600635368,14.114561080932617,1420900,0.0,0.0
2012-06-14 00:00:00-04:00,14.09858608106282,14.346209551325314,14.09858608106282,14.282306671142578,618000,0.0,0.0
2012-06-15 00:00:00-04:00,14.290299031571237,14.402130248292998,14.22639613211536,14.330239295959473,790300,0.0,0.0
2012-06-18 00:00:00-04:00,14.194444726559672,14.434080206512942,14.154504464190644,14.3062744140625,437600,0.0,0.0
2012-06-19 00:00:00-04:00,14.322253019184787,14.585852702574947,14.226397896331324,14.402132034301758,692500,0.0,0.0
2012-06-20 00:00:00-04:00,14.370171181971054,14.466026247213057,14.170474525984412,14.410111427307129,486000,0.0,0.0
2012-06-21 00:00:00-04:00,14.426092252396831,14.553898045718658,13.906881026581262,13.938833236694336,692700,0.0,0.0
2012-06-22 00:00:00-04:00,13.978770869743357,14.114564704849183,13.587365468218357,14.074625968933105,936100,0.0,0.0
2012-06-25 00:00:00-04:00,13.93883122154352,14.114563781063888,13.850964180000828,14.010722160339355,722500,0.0,0.0
2012-06-26 00:00:00-04:00,13.978770090428572,14.577860237161225,13.978770090428572,14.298284530639648,791500,0.0,0.0
2012-06-27 00:00:00-04:00,14.362183439954164,14.4180982610555,14.186450927412166,14.31425666809082,381700,0.0,0.0
2012-06-28 00:00:00-04:00,14.170478754555218,14.314260633541458,13.986758141879477,14.298284530639648,563600,0.0,0.0
2012-06-29 00:00:00-04:00,14.482002919593404,14.753590532961601,14.410113514703982,14.697675704956055,650300,0.0,0.0
2012-07-02 00:00:00-04:00,14.681705446262,14.681705446262,14.386155088188039,14.6257905960083,962900,0.0,0.0
2012-07-03 00:00:00-04:00,14.657739639282227,14.777557367276863,14.53792191128759,14.657739639282227,490800,0.0,0.0
2012-07-05 00:00:00-04:00,14.64974875704836,14.977251194618843,14.63377265678522,14.777554512023926,379600,0.0,0.0
2012-07-06 00:00:00-04:00,14.641765561532516,14.809511622783722,14.505971711401646,14.585850715637207,466000,0.0,0.0
2012-07-09 00:00:00-04:00,14.521941377584787,14.545904001734154,14.266329896227477,14.31425666809082,846000,0.0,0.0
2012-07-10 00:00:00-04:00,14.434075136595046,14.537918258714765,14.130536867033303,14.210415840148926,573900,0.0,0.0
2012-07-11 00:00:00-04:00,14.258342688475976,14.314257512877244,14.0666340661439,14.202427864074707,499600,0.0,0.0
2012-07-12 00:00:00-04:00,14.09060436221363,14.346215997803775,13.954810490360677,14.250362396240234,465800,0.0,0.0
2012-07-13 00:00:00-04:00,14.354207544195853,14.689698278423153,14.346219488194501,14.569880485534668,578100,0.0,0.0
2012-07-16 00:00:00-04:00,14.48999553986893,14.633777442125249,14.394141954074902,14.474020957946777,529100,0.0,0.0
2012-07-17 00:00:00-04:00,14.55389372387566,14.705663629713548,14.4340760186625,14.649748802185059,328200,0.0,0.0
2012-07-18 00:00:00-04:00,14.569870940501461,14.841458572360994,14.489991956384264,14.753591537475586,425400,0.0,0.0
2012-07-19 00:00:00-04:00,14.753590412840946,15.049142174475827,14.665724908218237,14.83346939086914,527800,0.0,0.0
2012-07-20 00:00:00-04:00,14.394141278132913,14.601826069020898,13.834989800852554,14.266335487365723,1421900,0.0,0.0
2012-07-23 00:00:00-04:00,13.99474812292892,14.05066296722978,13.739136535516286,13.874930381774902,651200,0.0,0.0
2012-07-24 00:00:00-04:00,13.842976942475572,13.842976942475572,13.491510279206597,13.563401222229004,858400,0.0,0.0
2012-07-25 00:00:00-04:00,13.579377250101683,13.779073974367885,13.507486307480644,13.571389198303223,512600,0.0,0.0
2012-07-26 00:00:00-04:00,13.819014200117689,13.994748311505793,13.643281612294846,13.91486930847168,449500,0.0,0.0
2012-07-27 00:00:00-04:00,14.018710430119153,14.633776750216388,13.882916587027104,14.386153221130371,933700,0.0,0.0
2012-07-30 00:00:00-04:00,14.394141160919046,14.553897636294508,14.210420528632929,14.338226318359375,970000,0.0,0.0
2012-07-31 00:00:00-04:00,14.370172972699379,14.394137122887297,13.299798641341914,13.826997756958008,3376300,0.0,0.0
2012-08-01 00:00:00-04:00,13.882915604590472,14.066637748877426,13.691206932067871,13.691206932067871,1698600,0.0,0.0
2012-08-02 00:00:00-04:00,13.659261677334625,13.922861397267148,13.659261677334625,13.834994316101074,758200,0.0,0.0
2012-08-03 00:00:00-04:00,13.970785003138642,14.186457867377001,13.8030404577746,13.866943359375,834100,0.0,0.0
2012-08-06 00:00:00-04:00,13.922855460048767,14.194443119141924,13.898891305341117,14.034685134887695,628700,0.0,0.0
2012-08-07 00:00:00-04:00,14.082612037658691,14.258346126510384,14.058649406317144,14.082612037658691,346900,0.0,0.0
2012-08-08 00:00:00-04:00,13.954801486618528,14.17846228523505,13.779068981425612,13.962789535522461,456600,0.0,0.0
2012-08-09 00:00:00-04:00,14.01072242842187,14.130540154185862,13.930843436724194,14.042673110961914,530800,0.0,0.0
2012-08-10 00:00:00-04:00,13.986759337910533,14.010723494312465,13.819013290227332,13.970783233642578,516900,0.0,0.0
2012-08-13 00:00:00-04:00,13.898889744608935,13.93084194729783,13.739133301859107,13.755107879638672,403500,0.0,0.0
2012-08-14 00:00:00-04:00,13.842976869151842,13.890903656391218,13.659256248429985,13.691206932067871,611700,0.0,0.0
2012-08-15 00:00:00-04:00,13.619317581727966,13.91486943864959,13.619317581727966,13.723160743713379,856700,0.0,0.0
2012-08-16 00:00:00-04:00,13.683223530644957,13.858957682856142,13.547429651011594,13.81901741027832,530400,0.0,0.0
2012-08-17 00:00:00-04:00,13.819018206149842,14.042679174769987,13.76310334488623,13.834994316101074,870500,0.0,0.0
2012-08-20 00:00:00-04:00,13.850969628340577,13.858957682856142,13.65926089066388,13.81901741027832,835400,0.0,0.0
2012-08-21 00:00:00-04:00,13.898893008527804,14.018710749618556,13.827002059160305,13.99474811553955,1538400,0.0,0.0
2012-08-22 00:00:00-04:00,13.970782204496935,14.08261187900446,13.930843470334262,13.97877025604248,522300,0.0,0.0
2012-08-23 00:00:00-04:00,13.954801538529653,13.994741783197897,13.699190066911077,13.707178115844727,1216800,0.0,0.0
2012-08-24 00:00:00-04:00,13.635295556896772,13.827004278120475,13.555416542162192,13.667247772216797,397500,0.0,0.0
2012-08-27 00:00:00-04:00,13.723156854619448,13.850962615023892,13.619313722062813,13.731144905090332,697500,0.0,0.0
2012-08-28 00:00:00-04:00,13.755110322804452,13.842977372240867,13.667244796933186,13.7391357421875,389200,0.0,0.0
2012-08-29 00:00:00-04:00,13.771085744602123,13.970782466287593,13.715170906300605,13.89090347290039,238500,0.0,0.0
2012-08-30 00:00:00-04:00,13.795052664279408,13.98676137268895,13.779076557687267,13.898894309997559,364400,0.0,0.0
2012-08-31 00:00:00-04:00,13.978770471088449,13.978770471088449,13.675232125513446,13.715170860290527,345000,0.0,0.0
2012-09-04 00:00:00-04:00,13.739136535516286,13.954807860167422,13.55541437394387,13.874930381774902,879600,0.0,0.0
2012-09-05 00:00:00-04:00,13.834983800188605,13.986753682234264,13.755104834713809,13.962789535522461,843500,0.0,0.0
2012-09-06 00:00:00-04:00,14.010718414870166,14.370171489192156,14.002730365632175,14.31425666809082,874300,0.0,0.0
2012-09-07 00:00:00-04:00,14.32224890456297,14.32224890456297,13.978770304733398,14.154502868652344,725600,0.0,0.0
2012-09-10 00:00:00-04:00,14.114354939338192,14.26689959166989,14.034068199619288,14.242813110351562,762500,0.09,0.0
2012-09-11 00:00:00-04:00,14.250843689817126,14.443530970031032,14.18661459641249,14.234786033630371,587400,0.0,0.0
2012-09-12 00:00:00-04:00,14.266899181008977,14.419442297607658,14.106325706193145,14.202670097351074,593100,0.0,0.0
2012-09-13 00:00:00-04:00,14.250847311302586,14.250847311302586,13.985902042261657,14.06618881225586,747900,0.0,0.0
2012-09-14 00:00:00-04:00,14.090278029796169,14.170564824055319,13.696874422403887,13.737018585205078,1075900,0.0,0.0
2012-09-17 00:00:00-04:00,13.745042276430361,13.865471657100844,13.600526407088717,13.648697853088379,979800,0.0,0.0
2012-09-18 00:00:00-04:00,13.696870550606947,13.849415263444053,13.496154387368627,13.753070831298828,678400,0.0,0.0
2012-09-19 00:00:00-04:00,13.825328772572048,13.881530584606727,13.656727930496402,13.753070831298828,875400,0.0,0.0
2012-09-20 00:00:00-04:00,13.720956222300172,13.785185329448069,13.544326560479135,13.552353858947754,760100,0.0,0.0
2012-09-21 00:00:00-04:00,13.737015008901283,14.00998911951019,13.664757066014051,13.769128799438477,1138000,0.0,0.0
2012-09-24 00:00:00-04:00,13.73701286088069,13.937728997216912,13.69686871480789,13.825326919555664,443100,0.0,0.0
2012-09-25 00:00:00-04:00,13.86547292402539,14.242818759630024,13.728985871769622,13.753070831298828,999200,0.0,0.0
2012-09-26 00:00:00-04:00,13.769132947448156,14.026049474514243,13.712932648570362,13.85744857788086,1031700,0.0,0.0
2012-09-27 00:00:00-04:00,13.8975830078125,14.034070023671628,13.777153648252657,13.8975830078125,404500,0.0,0.0
2012-09-28 00:00:00-04:00,13.80927159825148,13.945758640177944,13.712927173397574,13.728984832763672,587500,0.0,0.0
2012-10-01 00:00:00-04:00,13.80124417757709,14.146476232480511,13.704899742887106,14.050131797790527,1022800,0.0,0.0
2012-10-02 00:00:00-04:00,14.06619152088874,14.130420642983724,13.953789408715224,14.058162689208984,872000,0.0,0.0
2012-10-03 00:00:00-04:00,14.058160335264125,14.090274125262846,13.833357679901855,13.945759773254395,774500,0.0,0.0
2012-10-04 00:00:00-04:00,13.953785124303439,14.050129543535567,13.761097817181776,13.825326919555664,889800,0.0,0.0
2012-10-05 00:00:00-04:00,13.905616663219625,13.905616663219625,13.712929314765056,13.761100769042969,740700,0.0,0.0
2012-10-08 00:00:00-04:00,13.753069790470137,13.889556832396602,13.656726896958915,13.728984832763672,510500,0.0,0.0
2012-10-09 00:00:00-04:00,13.745043748644884,13.865473142214409,13.496154599745998,13.536298751831055,717500,0.0,0.0
2012-10-10 00:00:00-04:00,13.592497790837207,13.793213938885382,13.50418219566635,13.728984832763672,585000,0.0,0.0
2012-10-11 00:00:00-04:00,13.777158783848712,13.929703512869944,13.728987328336782,13.849416732788086,626700,0.0,0.0
2012-10-12 00:00:00-04:00,13.817305463715398,13.897592267362118,13.696876023917024,13.720962524414062,301500,0.0,0.0
2012-10-15 00:00:00-04:00,13.801244121318506,13.889558193802918,13.696870856551246,13.769128799438477,606200,0.0,0.0
2012-10-16 00:00:00-04:00,13.865474241879586,13.961817151838995,13.737016007705078,13.841387748718262,442700,0.0,0.0
2012-10-17 00:00:00-04:00,13.84941493750506,14.050131096019626,13.825328447199919,13.99393081665039,396800,0.0,0.0
2012-10-18 00:00:00-04:00,13.961816703904553,14.066189972912092,13.817300812258972,13.937731742858887,267900,0.0,0.0
2012-10-19 00:00:00-04:00,13.809269053431832,13.809269053431832,13.311492424213569,13.472065925598145,1012400,0.0,0.0
2012-10-22 00:00:00-04:00,13.447983148586752,13.608556694241335,13.327553755017226,13.536298751831055,628400,0.0,0.0
2012-10-23 00:00:00-04:00,13.41586766025438,13.68884176567034,13.32755358945002,13.616583824157715,553900,0.0,0.0
2012-10-24 00:00:00-04:00,13.632637895640318,14.419444683471456,13.447979440987737,13.472065925598145,880400,0.0,0.0
2012-10-25 00:00:00-04:00,13.528274233946036,13.745048130279878,13.464045101477858,13.512216567993164,617900,0.0,0.0
2012-10-26 00:00:00-04:00,13.472067029744112,13.544324958155059,12.90203243131804,12.998376846313477,2015900,0.0,0.0
2012-10-31 00:00:00-04:00,13.110782085307083,13.28741178951919,12.877952090270353,13.062610626220703,1307400,0.0,0.0
2012-11-01 00:00:00-04:00,13.11880530060918,13.568408966064453,12.885973873909402,13.568408966064453,1186100,0.0,0.0
2012-11-02 00:00:00-04:00,13.672785896484058,14.274934399649089,13.64067057460403,13.769128799438477,2385000,0.0,0.0
2012-11-05 00:00:00-05:00,13.70489942630488,13.712928256622149,13.367696209693564,13.616583824157715,1068700,0.0,0.0
2012-11-06 00:00:00-05:00,13.680819888262409,13.833363130713424,13.57644658411865,13.720962524414062,667400,0.0,0.0
2012-11-07 00:00:00-05:00,13.608561032367087,13.785190763818749,13.359671804127501,13.512216567993164,838700,0.0,0.0
2012-11-08 00:00:00-05:00,13.46404161212533,13.552355689291954,13.183038656148277,13.319525718688965,684200,0.0,0.0
2012-11-09 00:00:00-05:00,13.223181560591895,13.512213353613449,13.13486748154649,13.423897743225098,672300,0.0,0.0
2012-11-12 00:00:00-05:00,13.431922912597656,13.520238498910182,13.319522370994463,13.431922912597656,365900,0.0,0.0
2012-11-13 00:00:00-05:00,13.33558257949791,13.552354875289431,13.263324637119796,13.327553749084473,652800,0.0,0.0
2012-11-14 00:00:00-05:00,13.335583493734102,13.496155518982583,13.014436380551286,13.046551704406738,584000,0.0,0.0
2012-11-15 00:00:00-05:00,13.086693832919421,13.191067100159117,12.918092983083882,13.070637702941895,716700,0.0,0.0
2012-11-16 00:00:00-05:00,13.054577582228667,13.175006956757821,12.877947935008745,13.110777854919434,561400,0.0,0.0
2012-11-19 00:00:00-05:00,13.271355476526287,13.319526934956196,13.062610448205948,13.263326644897461,602400,0.0,0.0
2012-11-20 00:00:00-05:00,13.263324637119796,13.464040803427263,13.046550809985453,13.327553749084473,604000,0.0,0.0
2012-11-21 00:00:00-05:00,13.319525718688965,13.46404161212533,13.247267771970781,13.319525718688965,303500,0.0,0.0
2012-11-23 00:00:00-05:00,13.391780142272905,13.512209511339456,13.295435728214155,13.335579872131348,264900,0.0,0.0
2012-11-26 00:00:00-05:00,13.295439226001932,13.399812496302825,13.263325433762137,13.319525718688965,594800,0.0,0.0
2012-11-27 00:00:00-05:00,13.319522678413787,13.528267640025145,13.279380064441149,13.447980880737305,521400,0.0,0.0
2012-11-28 00:00:00-05:00,13.391787556881786,13.536303492312552,13.231213954993521,13.464045524597168,775600,0.0,0.0
2012-11-29 00:00:00-05:00,13.568412574102751,13.71292845926357,13.415867858506017,13.488125801086426,618300,0.0,0.0
2012-11-30 00:00:00-05:00,13.464038069981338,13.520238340122896,13.311493385781032,13.335579872131348,529000,0.0,0.0
2012-12-03 00:00:00-05:00,13.383751381264528,13.472066966987066,13.27135084041222,13.407837867736816,541700,0.0,0.0
2012-12-04 00:00:00-05:00,13.319523673908868,13.319523673908868,12.7334321249145,12.749489784240723,1584100,0.0,0.0
2012-12-05 00:00:00-05:00,12.757517905496243,12.853861559089731,12.621030871487646,12.693288803100586,1451500,0.0,0.0
2012-12-06 00:00:00-05:00,12.733433688764295,12.958235587240965,12.733433688764295,12.950206756591797,804500,0.0,0.0
2012-12-07 00:00:00-05:00,12.998381726814968,13.022466691100112,12.885979611892923,12.934152603149414,353800,0.0,0.0
2012-12-10 00:00:00-05:00,12.97451769318344,13.12791939434457,12.93414955390484,12.98259162902832,366800,0.09,0.0
2012-12-11 00:00:00-05:00,13.09562561679199,13.240953403923864,12.966445703773886,13.111773490905762,575800,0.0,0.0
2012-12-12 00:00:00-05:00,13.176360893079563,13.329762587530269,13.103697013600057,13.321688652038574,867700,0.0,0.0
2012-12-13 00:00:00-05:00,13.281317535639038,13.467013390460776,13.224799999873587,13.32975959777832,500900,0.0,0.0
2012-12-14 00:00:00-05:00,13.321689534445607,13.531607251297038,13.289393790339615,13.458943367004395,741300,0.0,0.0
2012-12-17 00:00:00-05:00,13.531604206095542,13.612342008245154,13.426644601317399,13.604268074035645,620600,0.0,0.0
2012-12-18 00:00:00-05:00,13.596198434491011,13.903000331635223,13.458944589465606,13.838410377502441,957900,0.0,0.0
2012-12-19 00:00:00-05:00,13.741522863164736,13.822260671116123,13.620416921210456,13.77381706237793,606900,0.0,0.0
2012-12-20 00:00:00-05:00,13.765742609732573,13.765742609732573,13.612342474335883,13.709226608276367,520600,0.0,0.0
2012-12-21 00:00:00-05:00,13.596198144824259,13.604272081412088,13.41050222314201,13.555830001831055,926600,0.0,0.0
2012-12-24 00:00:00-05:00,13.604270367808684,13.604270367808684,13.475090478566889,13.580048561096191,113600,0.0,0.0
2012-12-26 00:00:00-05:00,13.571977141767151,13.765747011554739,13.27324916999105,13.337839126586914,489800,0.0,0.0
2012-12-27 00:00:00-05:00,13.313616670306834,13.51546046738234,13.257100653517046,13.450870513916016,516900,0.0,0.0
2012-12-28 00:00:00-05:00,13.353984645747897,13.555828417008081,13.337836774460097,13.402426719665527,522700,0.0,0.0
2012-12-31 00:00:00-05:00,13.378207867606315,13.58812562087537,13.378207867606315,13.56390380859375,488500,0.0,0.0
2013-01-02 00:00:00-05:00,13.83840827846635,14.024105715883882,13.76574439859552,13.983736038208008,792400,0.0,0.0
2013-01-03 00:00:00-05:00,14.024104246273566,14.153284121407891,13.927218569950032,14.016030311584473,655600,0.0,0.0
2013-01-04 00:00:00-05:00,14.52468572627903,14.791119591899283,14.306693961695197,14.532759666442871,1295800,0.0,0.0
2013-01-07 00:00:00-05:00,14.46816139368582,14.52467740249797,14.19365374521617,14.25016975402832,542200,0.0,0.0
2013-01-08 00:00:00-05:00,14.193652594211821,14.347054277080543,14.169430789565512,14.225948333740234,518400,0.0,0.0
2013-01-09 00:00:00-05:00,14.20980375759307,14.355131539264464,14.137139866757371,14.330909729003906,510500,0.0,0.0
2013-01-10 00:00:00-05:00,14.338984515123833,14.395500535800206,14.145214641399384,14.242098808288574,1285500,0.0,0.0
2013-01-11 00:00:00-05:00,14.266317491813599,14.371275572920446,14.16943180622243,14.35512924194336,1278700,0.0,0.0
2013-01-14 00:00:00-05:00,14.298611640930176,14.347055253519796,14.217875366505591,14.298611640930176,625600,0.0,0.0
2013-01-15 00:00:00-05:00,14.201725272001712,14.306683336287257,14.201725272001712,14.282463073730469,650000,0.0,0.0
2013-01-16 00:00:00-05:00,14.185582697092102,14.556976107653602,14.145214551136878,14.379352569580078,1113600,0.0,0.0
2013-01-17 00:00:00-05:00,14.427790147346904,14.460084342590447,14.217872488454942,14.43586254119873,637600,0.0,0.0
2013-01-18 00:00:00-05:00,14.476232843393872,14.855698508789919,14.468158909243469,14.823404312133789,1040200,0.0,0.0
2013-01-22 00:00:00-05:00,14.65385633242392,14.702298402529763,14.492382252089236,14.61348819732666,841400,0.0,0.0
2013-01-23 00:00:00-05:00,14.645778225410702,14.766885676095034,14.3470504149172,14.363198280334473,673200,0.0,0.0
2013-01-24 00:00:00-05:00,14.355128211962647,14.492382025067164,14.14521052486482,14.225948333740234,1355100,0.0,0.0
2013-01-25 00:00:00-05:00,14.322829846930317,14.322829846930317,14.137133998518525,14.209797859191895,954600,0.0,0.0
2013-01-28 00:00:00-05:00,14.26631813091689,14.411645895841179,14.05640041935356,14.145212173461914,687500,0.0,0.0
2013-01-29 00:00:00-05:00,14.137136715733037,14.217874525326616,14.024104706269407,14.120988845825195,641400,0.0,0.0
2013-01-30 00:00:00-05:00,14.104844418182664,14.234024329080293,13.975664507285035,14.048328399658203,718000,0.0,0.0
2013-01-31 00:00:00-05:00,14.05640388110869,14.20173168182373,13.999887856374214,14.20173168182373,1041600,0.0,0.0
2013-02-01 00:00:00-05:00,14.234020750410819,14.43586450293474,14.234020750410819,14.395496368408203,679600,0.0,0.0
2013-02-04 00:00:00-05:00,14.35512665938979,14.427790525524168,14.072545128861142,14.104839324951172,748300,0.0,0.0
2013-02-05 00:00:00-05:00,14.1209903659926,14.26631813091689,14.016032280183834,14.145212173461914,732600,0.0,0.0
2013-02-06 00:00:00-05:00,14.080624530239078,14.371278567689266,14.064476655951275,14.347058296203613,684300,0.0,0.0
2013-02-07 00:00:00-05:00,14.330902647348084,14.379344703985446,14.161354679144711,14.258238792419434,378500,0.0,0.0
2013-02-08 00:00:00-05:00,14.298606916293032,14.306680849056795,14.12905894808966,14.258238792419434,315400,0.0,0.0
2013-02-11 00:00:00-05:00,14.28246795062641,14.290541887550763,13.999886318058094,14.048328399658203,633800,0.0,0.0
2013-02-12 00:00:00-05:00,14.08870076179131,14.161364667974013,13.919151134049565,14.024110794067383,646800,0.0,0.0
2013-02-13 00:00:00-05:00,14.01603074893419,14.032177078870617,13.701153446016605,13.854555130004883,1176900,0.0,0.0
2013-02-14 00:00:00-05:00,13.814187561735991,13.97566164734138,13.660785871457033,13.878777503967285,712600,0.0,0.0
2013-02-15 00:00:00-05:00,13.967590087308189,13.975664023953314,13.78189416430817,13.814189910888672,1364800,0.0,0.0
2013-02-19 00:00:00-05:00,13.709229129139983,14.153286367848342,13.644639181320963,14.129064559936523,2780100,0.0,0.0
2013-02-20 00:00:00-05:00,14.597342215809253,15.097915471482347,14.169432844668474,15.049471855163574,3979000,0.0,0.0
2013-02-21 00:00:00-05:00,14.89607410706171,15.307834132963482,14.888000169698484,15.170581817626953,1833200,0.0,0.0
2013-02-22 00:00:00-05:00,15.17864663615489,15.34012222290039,15.033320456018325,15.34012222290039,1568300,0.0,0.0
2013-02-25 00:00:00-05:00,15.33205382474162,15.646929638631855,15.186726052193547,15.219021797180176,2085000,0.0,0.0
2013-02-26 00:00:00-05:00,15.235168393518236,15.485454236416206,15.21902052237753,15.372422218322754,1253300,0.0,0.0
2013-02-27 00:00:00-05:00,15.340131412868226,15.743819081627915,15.267467509295782,15.622713088989258,1379400,0.0,0.0
2013-02-28 00:00:00-05:00,15.574273984615788,15.663084241599291,15.477388247969689,15.614642143249512,962900,0.0,0.0
2013-03-01 00:00:00-05:00,15.493527120726649,15.840698626966988,15.43701111551462,15.816476821899414,1051400,0.0,0.0
2013-03-04 00:00:00-05:00,15.832626088901197,16.02639592670171,15.808404281696465,16.018321990966797,1314600,0.0,0.0
2013-03-05 00:00:00-05:00,15.663079354333787,16.147504806518555,15.663079354333787,16.147504806518555,1606100,0.0,0.0
2013-03-06 00:00:00-05:00,16.090984137056566,16.268606084228896,15.832624381189314,15.872992515563965,1673000,0.0,0.0
2013-03-07 00:00:00-05:00,15.921434459874098,16.010246202736205,15.824550322156895,15.977952003479004,511900,0.0,0.0
2013-03-08 00:00:00-05:00,15.961807198167248,16.034471085377703,15.663077712974731,15.832627296447754,945100,0.0,0.0
2013-03-11 00:00:00-04:00,15.856997936886494,15.856997936886494,15.662035038001912,15.710775375366211,650600,0.12,0.0
2013-03-12 00:00:00-04:00,15.751391246831137,15.816378876417316,15.467071335783672,15.523935317993164,1066200,0.0,0.0
2013-03-13 00:00:00-04:00,15.580801584370516,16.076333301002858,15.52393759382468,15.986974716186523,835700,0.0,0.0
2013-03-14 00:00:00-04:00,15.970727419051276,16.084455400142947,15.91386342850544,15.986974716186523,515500,0.0,0.0
2013-03-15 00:00:00-04:00,15.930113792419434,15.962606843517781,15.84075519040027,15.930113792419434,940300,0.0,0.0
2013-03-18 00:00:00-04:00,15.743261337280275,15.89760747718865,15.710768310125543,15.743261337280273,482900,0.0,0.0
2013-03-19 00:00:00-04:00,15.775759886079129,15.848871152369505,15.629537353498378,15.71889591217041,534900,0.0,0.0
2013-03-20 00:00:00-04:00,15.751385266486656,15.905731409188315,15.58079338462697,15.816372871398926,513900,0.0,0.0
2013-03-21 00:00:00-04:00,15.767632269716342,15.800126846297765,15.58891674679859,15.743261337280273,726800,0.0,0.0
2013-03-22 00:00:00-04:00,15.848875384316733,16.190060868299053,15.75951680178428,16.1007022857666,739100,0.0,0.0
2013-03-25 00:00:00-04:00,16.1006955113552,16.165683121463953,15.840745070920189,15.970720291137695,416400,0.0,0.0
2013-03-26 00:00:00-04:00,16.084454043966428,16.38502281791564,16.003220663994526,16.344406127929688,654500,0.0,0.0
2013-03-27 00:00:00-04:00,16.246926320885727,16.56374088832616,16.230679022702212,16.539371490478516,807200,0.0,0.0
2013-03-28 00:00:00-04:00,16.490626939479426,16.596232811232777,16.32815863209891,16.401269912719727,818700,0.0,0.0
2013-04-01 00:00:00-04:00,16.433760708144437,16.433760708144437,16.100698941698077,16.19818115234375,631800,0.0,0.0
2013-04-02 00:00:00-04:00,16.295665198124002,16.360652835576467,16.076332890114113,16.1007022857666,649500,0.0,0.0
2013-04-03 00:00:00-04:00,16.181936269131075,16.588109366700202,16.181936269131075,16.344406127929688,969500,0.0,0.0
2013-04-04 00:00:00-04:00,16.368774235435602,16.62060110229321,16.368774235435602,16.58810806274414,961300,0.0,0.0
2013-04-05 00:00:00-04:00,16.076325412078432,16.42563283251002,15.702645508476426,16.311904907226562,1243800,0.0,0.0
2013-04-08 00:00:00-04:00,16.393146765096418,16.417516159761952,16.24692419939349,16.38502311706543,462400,0.0,0.0
2013-04-09 00:00:00-04:00,16.36064949426509,16.433760765146143,16.173810268425587,16.24692153930664,408100,0.0,0.0
2013-04-10 00:00:00-04:00,16.30378987720857,16.653099031634188,16.271296831141875,16.4418888092041,698100,0.0,0.0
2013-04-11 00:00:00-04:00,16.47438290210988,16.62060392909059,16.393147965280015,16.4581356048584,610400,0.0,0.0
2013-04-12 00:00:00-04:00,16.450013480089183,16.661223715641402,16.320038188892074,16.62060546875,757100,0.0,0.0
2013-04-15 00:00:00-04:00,16.571859660207338,16.604354247010995,16.222550599203895,16.24692153930664,619600,0.0,0.0
2013-04-16 00:00:00-04:00,16.38502552721163,16.433765873139563,16.173815295620372,16.368778228759766,585200,0.0,0.0
2013-04-17 00:00:00-04:00,16.303786715722936,16.360650697383786,15.946353981733926,16.157564163208008,453700,0.0,0.0
2013-04-18 00:00:00-04:00,16.222558010375383,16.24692896161184,15.97885469572236,16.09258270263672,506600,0.0,0.0
2013-04-19 00:00:00-04:00,16.084449025503744,16.27128976965473,16.084449025503744,16.10881996154785,763000,0.0,0.0
2013-04-22 00:00:00-04:00,16.18193905509458,16.214432102792024,15.87324812954433,16.003223419189453,460100,0.0,0.0
2013-04-23 00:00:00-04:00,16.027587671070613,16.222550542934787,15.921983363179375,16.19818115234375,685300,0.0,0.0
2013-04-24 00:00:00-04:00,16.271288233747264,16.360645225287076,16.15755875903703,16.311904907226562,1252600,0.0,0.0
2013-04-25 00:00:00-04:00,16.45001109545634,16.98615948127998,16.328159471301415,16.799320220947266,942100,0.0,0.0
2013-04-26 00:00:00-04:00,16.73433272199779,17.172998882438254,16.73433272199779,17.10801124572754,1019800,0.0,0.0
2013-04-29 00:00:00-04:00,17.124252928319777,17.45731465095109,17.091759895330537,17.319215774536133,1822300,0.0,0.0
2013-04-30 00:00:00-04:00,18.805817854209423,19.813127150933724,18.383397376716992,19.090139389038086,3360500,0.0,0.0
2013-05-01 00:00:00-04:00,18.797692468173004,19.03327363365956,18.44838331903228,18.61085319519043,1616600,0.0,0.0
2013-05-02 00:00:00-04:00,18.74082369502534,19.09013275504732,18.72457640166916,19.05763816833496,1126000,0.0,0.0
2013-05-03 00:00:00-04:00,19.301345776085057,19.66690063412092,19.179494156739768,19.252605438232422,1358400,0.0,0.0
2013-05-06 00:00:00-04:00,19.203859123646104,19.382576236949543,19.106378470414274,19.374452590942383,737700,0.0,0.0
2013-05-07 00:00:00-04:00,19.34195786354976,19.610031982090884,19.309464829189004,19.593786239624023,692100,0.0,0.0
2013-05-08 00:00:00-04:00,19.480061685853546,19.61816060311887,19.390704656630636,19.455692291259766,410100,0.0,0.0
2013-05-09 00:00:00-04:00,19.358214395227467,19.561300992554415,19.26073214676231,19.276979446411133,279200,0.0,0.0
2013-05-10 00:00:00-04:00,19.333839711430393,19.553173566041913,19.333839711430393,19.53692626953125,302900,0.0,0.0
2013-05-13 00:00:00-04:00,19.561290689130928,19.577537980221894,19.333833262138292,19.398820877075195,302500,0.0,0.0
2013-05-14 00:00:00-04:00,19.439445043432436,19.756259569356335,19.374457408642215,19.504432678222656,807300,0.0,0.0
2013-05-15 00:00:00-04:00,19.528803220198224,19.764382810426806,19.528803220198224,19.618160247802734,286100,0.0,0.0
2013-05-16 00:00:00-04:00,19.553173566041913,19.666901542761597,19.341963359685725,19.53692626953125,252900,0.0,0.0
2013-05-17 00:00:00-04:00,19.56129122246455,19.723761038949984,19.50442725152275,19.65877342224121,270700,0.0,0.0
2013-05-20 00:00:00-04:00,19.561296463012695,19.796877605086983,19.520679772723465,19.561296463012695,346500,0.0,0.0
2013-05-21 00:00:00-04:00,19.520677888853832,19.796875694562505,19.504430594535144,19.723764419555664,210800,0.0,0.0
2013-05-22 00:00:00-04:00,19.68315088775485,20.008089104647983,19.317595974785434,19.382583618164062,416300,0.0,0.0
2013-05-23 00:00:00-04:00,19.27697258839766,19.54504673952153,19.163244630171537,19.415071487426758,438000,0.0,0.0
2013-05-24 00:00:00-04:00,19.26072377902241,19.43131725236588,19.171366768630218,19.301342010498047,672500,0.0,0.0
2013-05-28 00:00:00-04:00,19.50442961029216,19.536922647862593,19.35820706765724,19.480058670043945,670800,0.0,0.0
2013-05-29 00:00:00-04:00,19.325709198035774,19.471930154683548,19.211979721407328,19.350078582763672,438900,0.0,0.0
2013-05-30 00:00:00-04:00,19.358212420009156,19.520682301064184,19.31759572445921,19.39070701599121,383100,0.0,0.0
2013-05-31 00:00:00-04:00,19.325717977390575,19.49630994569016,19.20386480068801,19.21198844909668,535500,0.0,0.0
2013-06-03 00:00:00-04:00,19.28509389134816,19.601908336143936,19.17136594694497,19.593786239624023,556600,0.0,0.0
2013-06-04 00:00:00-04:00,19.650653573589807,19.902480443318684,19.382579409187503,19.496307373046875,1004400,0.0,0.0
2013-06-05 00:00:00-04:00,19.439442600654864,19.63440548052632,19.155121153140446,19.195737838745117,629200,0.0,0.0
2013-06-06 00:00:00-04:00,19.16324244303735,19.45568750158694,19.130747859008707,19.374452590942383,773700,0.0,0.0
2013-06-07 00:00:00-04:00,18.927667984792162,19.95122449869556,18.78956905316803,19.764385223388672,586800,0.0,0.0
2013-06-10 00:00:00-04:00,19.862349014171542,20.18073388950249,19.837857271027836,19.976640701293945,422400,0.12,0.0
2013-06-11 00:00:00-04:00,19.78070284456461,20.082761317176526,19.625593209945983,19.837848663330078,323500,0.0,0.0
2013-06-12 00:00:00-04:00,20.26236922174164,20.26236922174164,19.576616061091745,19.641925811767578,537100,0.0,0.0
2013-06-13 00:00:00-04:00,19.641925890791786,19.952148375580556,19.47048837849322,19.919492721557617,316900,0.0,0.0
2013-06-14 00:00:00-04:00,19.84601342709414,20.36032893230075,19.71539396227176,19.9521427154541,526900,0.0,0.0
2013-06-17 00:00:00-04:00,20.164401725774482,20.29502120349212,20.017454424065388,20.19705581665039,645400,0.0,0.0
2013-06-18 00:00:00-04:00,20.327673571418885,20.866479260612365,20.254199926791877,20.597076416015625,1196600,0.0,0.0
2013-06-19 00:00:00-04:00,20.629738775905405,20.711376358408003,20.4256455982026,20.490955352783203,391000,0.0,0.0
2013-06-20 00:00:00-04:00,20.278693099162705,20.384820839426023,19.878670759544082,20.017454147338867,516700,0.0,0.0
2013-06-21 00:00:00-04:00,20.08276159872286,20.205217148809435,19.756212946123057,19.805194854736328,844600,0.0,0.0
2013-06-24 00:00:00-04:00,19.68274832274175,19.960315193901764,19.429671638555703,19.81336784362793,447600,0.0,0.0
2013-06-25 00:00:00-04:00,20.033785264366667,20.099095013058594,19.821528191841086,19.992965698242188,391900,0.0,0.0
2013-06-26 00:00:00-04:00,20.099096764197295,20.40931770823523,20.02562309587906,20.335844039916992,523500,0.0,0.0
2013-06-27 00:00:00-04:00,20.458297093932664,20.71137372320131,20.401151260583998,20.441970825195312,553900,0.0,0.0
2013-06-28 00:00:00-04:00,20.409314188493305,20.629735155434737,20.327676620317913,20.425642013549805,765300,0.0,0.0
2013-07-01 00:00:00-04:00,20.417475949678824,20.66238707129218,20.417475949678824,20.58074951171875,500400,0.0,0.0
2013-07-02 00:00:00-04:00,20.556263738959586,20.768520816493705,20.556263738959586,20.760356903076172,402800,0.0,0.0
2013-07-03 00:00:00-04:00,20.74402878895034,20.833830278192277,20.58891755037989,20.793010711669922,167200,0.0,0.0
2013-07-05 00:00:00-04:00,20.98894004518981,21.086905448135443,20.784846883068056,21.07057762145996,247900,0.0,0.0
2013-07-08 00:00:00-04:00,21.176706396421203,21.217524404959256,20.825665917407974,20.923629760742188,648400,0.0,0.0
2013-07-09 00:00:00-04:00,20.956289810649363,21.078745419066372,20.88281613417765,20.98078155517578,576000,0.0,0.0
2013-07-10 00:00:00-04:00,20.915462517090578,20.980772249753887,20.34400118845648,20.662385940551758,1174200,0.0,0.0
2013-07-11 00:00:00-04:00,20.752188681786265,20.85015406535314,20.499113646806673,20.646060943603516,819000,0.0,0.0
2013-07-12 00:00:00-04:00,20.074598997115235,20.80933390266384,20.058271174143577,20.588912963867188,776900,0.0,0.0
2013-07-15 00:00:00-04:00,20.637896393606514,20.735860217036688,20.376655897876617,20.46645736694336,637800,0.0,0.0
2013-07-16 00:00:00-04:00,20.22155206723913,20.40931741373977,20.058276905086274,20.246042251586914,761400,0.0,0.0
2013-07-17 00:00:00-04:00,20.376659791457218,20.376659791457218,19.854181814375913,19.878673553466797,715800,0.0,0.0
2013-07-18 00:00:00-04:00,19.903160902930065,20.11541794018876,19.87050681256325,20.107254028320312,768000,0.0,0.0
2013-07-19 00:00:00-04:00,20.12358017911841,20.303183111079314,19.9521427154541,19.9521427154541,350300,0.0,0.0
2013-07-22 00:00:00-04:00,19.903166797180223,20.050114140116236,19.756221011351645,20.041950225830078,706300,0.0,0.0
2013-07-23 00:00:00-04:00,20.05010415055952,20.197051420282044,19.58477216784263,19.70722770690918,830100,0.0,0.0
2013-07-24 00:00:00-04:00,19.739894321152434,19.83785818402093,19.315380096435547,19.315380096435547,771400,0.0,0.0
2013-07-25 00:00:00-04:00,19.29088080205115,19.44599200751057,19.037805772064562,19.3480281829834,685700,0.0,0.0
2013-07-26 00:00:00-04:00,19.17659139625755,19.70723325295115,19.03780799769703,19.682743072509766,704300,0.0,0.0
2013-07-29 00:00:00-04:00,19.69906545018684,19.748048915610354,19.24189733931492,19.650083541870117,967500,0.0,0.0
2013-07-30 00:00:00-04:00,19.592940756890386,19.592940756890386,18.752076488848644,19.568449020385742,2285400,0.0,0.0
2013-07-31 00:00:00-04:00,19.568446401825167,20.28685500542358,19.552120136780477,19.98479652404785,1469300,0.0,0.0
2013-08-01 00:00:00-04:00,20.099090731572716,20.841989548607152,19.878669792776066,20.588912963867188,1099300,0.0,0.0
2013-08-02 00:00:00-04:00,20.572592023071667,20.809339289013423,20.392989038108297,20.752193450927734,756700,0.0,0.0
2013-08-05 00:00:00-04:00,20.6950468546458,20.768520517237658,20.482789780170116,20.670555114746094,729700,0.0,0.0
2013-08-06 00:00:00-04:00,20.66239011535909,20.670554028229866,20.3440052989346,20.376659393310547,582400,0.0,0.0
2013-08-07 00:00:00-04:00,20.26236967239281,20.458298928777936,20.139914081790522,20.164405822753906,344200,0.0,0.0
2013-08-08 00:00:00-04:00,20.25420691710182,20.588919610540792,20.229716731845127,20.450136184692383,294500,0.0,0.0
2013-08-09 00:00:00-04:00,20.37665853838031,20.572589324844092,20.286858614783764,20.425642013549805,403300,0.0,0.0
2013-08-12 00:00:00-04:00,20.523609453235927,20.809340213465223,20.327680189477736,20.61341094970703,654600,0.0,0.0
2013-08-13 00:00:00-04:00,20.580749013314197,20.654222659440276,20.32767398616153,20.46645736694336,275600,0.0,0.0
2013-08-14 00:00:00-04:00,20.441973194263905,20.515445304864784,20.32767995721368,20.433809280395508,273400,0.0,0.0
2013-08-15 00:00:00-04:00,20.246037799532075,20.482786576882496,20.115418321375635,20.229711532592773,381300,0.0,0.0
2013-08-16 00:00:00-04:00,20.164407995054976,20.7195401693966,20.164407995054976,20.6215763092041,852100,0.0,0.0
2013-08-19 00:00:00-04:00,20.8011676221699,20.841987174950173,20.507274627685547,20.507274627685547,424700,0.0,0.0
2013-08-20 00:00:00-04:00,20.588920127328354,20.882814814644743,20.580756213002072,20.719539642333984,499100,0.0,0.0
2013-08-21 00:00:00-04:00,20.75218960639098,20.907300821821554,20.548096475548075,20.62973403930664,245700,0.0,0.0
2013-08-22 00:00:00-04:00,20.735865162823565,20.923630500105077,20.67055541259055,20.760356903076172,440000,0.0,0.0
2013-08-23 00:00:00-04:00,20.850160714447057,20.91547047194987,20.588920127328354,20.719539642333984,263600,0.0,0.0
2013-08-26 00:00:00-04:00,20.841996800120775,20.874650900318457,20.63790361328605,20.719539642333984,311400,0.0,0.0
2013-08-27 00:00:00-04:00,20.580753058417073,20.613408710716797,20.262368234030802,20.278696060180664,373700,0.0,0.0
2013-08-28 00:00:00-04:00,20.327671838236856,20.56442057453969,20.295017752912827,20.40930938720703,248000,0.0,0.0
2013-08-29 00:00:00-04:00,20.458299698649864,20.7277026309558,20.450135784688182,20.61341094970703,228700,0.0,0.0
2013-08-30 00:00:00-04:00,20.654228191599074,20.703211673541105,20.229715581186014,20.286861419677734,294300,0.0,0.0
2013-09-03 00:00:00-04:00,20.56442516819289,20.56442516819289,20.237876456474922,20.36849594116211,557200,0.0,0.0
2013-09-04 00:00:00-04:00,20.41747803511311,20.450132128013596,20.319512642197452,20.392986297607422,950300,0.0,0.0
2013-09-05 00:00:00-04:00,20.458293345539683,20.507276814098454,20.303183699757575,20.31134605407715,687400,0.0,0.0
2013-09-06 00:00:00-04:00,20.44196810936132,20.44196810936132,20.025617948283465,20.23787498474121,527200,0.0,0.0
2013-09-09 00:00:00-04:00,20.360928324232393,20.459370246735254,20.303504521389588,20.418352127075195,470800,0.12,0.0
2013-09-10 00:00:00-04:00,20.574222311659298,20.574222311659298,20.43476380395154,20.483983993530273,1509100,0.0,0.0
2013-09-11 00:00:00-04:00,20.434758139667167,20.935168216501374,20.434758139667167,20.59062385559082,1440500,0.0,0.0
2013-09-12 00:00:00-04:00,20.61522981651435,20.918757575679905,20.58241689277482,20.754688262939453,736300,0.0,0.0
2013-09-13 00:00:00-04:00,20.861338908705527,21.058221193535417,20.787507856309155,20.99259376525879,773700,0.0,0.0
2013-09-16 00:00:00-04:00,21.230496102883993,21.320734418383015,21.009004473894272,21.017208099365234,606900,0.0,0.0
2013-09-17 00:00:00-04:00,21.1320486859979,21.632458720233263,21.00899747429376,21.476593017578125,977400,0.0,0.0
2013-09-18 00:00:00-04:00,21.55042522116776,21.57503452602876,21.058218783093103,21.419170379638672,786900,0.0,0.0
2013-09-19 00:00:00-04:00,21.542222465375062,21.706290241551976,21.230491030680895,21.46839141845703,338200,0.0,0.0
2013-09-20 00:00:00-04:00,21.575038148614492,21.632463520521547,21.10744250156969,21.13205337524414,680000,0.0,0.0
2013-09-23 00:00:00-04:00,21.148456406231457,21.2304895060884,20.787504821072798,21.05001449584961,546000,0.0,0.0
2013-09-24 00:00:00-04:00,21.041815069785883,21.337139295153715,20.918763830776417,21.13205337524414,455500,0.0,0.0
2013-09-25 00:00:00-04:00,21.1484591887339,21.50120563270041,21.009000710075032,21.40276527404785,594500,0.0,0.0
2013-09-26 00:00:00-04:00,21.410969369077627,21.657071835804423,21.337138316123323,21.369951248168945,410500,0.0,0.0
2013-09-27 00:00:00-04:00,21.050016302634116,21.460188095849407,21.050016302634116,21.36174774169922,391600,0.0,0.0
2013-09-30 00:00:00-04:00,21.24690173941441,21.591446159607358,21.08283393650629,21.57503890991211,659400,0.0,0.0
2013-10-01 00:00:00-04:00,21.525816504704196,21.64886773536054,21.181272120057656,21.40276527404785,1085500,0.0,0.0
2013-10-02 00:00:00-04:00,21.312527443578112,21.640664587440952,21.156663278169095,21.369951248168945,626900,0.0,0.0
2013-10-03 00:00:00-04:00,21.2879221296027,21.36175319640866,20.984394236658,21.16486930847168,416700,0.0,0.0
2013-10-04 00:00:00-04:00,21.132052594904852,21.43557886894118,21.082832414054888,21.27151107788086,442200,0.0,0.0
2013-10-07 00:00:00-04:00,21.082829619617105,21.2222880841085,20.918760285622124,21.115642547607422,540500,0.0,0.0
2013-10-08 00:00:00-04:00,21.041813588455103,21.13205188756064,20.68906558069486,20.71367645263672,770600,0.0,0.0
2013-10-09 00:00:00-04:00,20.664457675369345,20.81211978767575,20.319913268214854,20.639846801757812,641700,0.0,0.0
2013-10-10 00:00:00-04:00,20.795701807594348,21.0500077782942,20.713667169235517,21.008991241455078,392600,0.0,0.0
2013-10-11 00:00:00-04:00,21.025410800580595,21.263311252440168,20.94337767273541,21.16486930847168,349500,0.0,0.0
2013-10-14 00:00:00-04:00,21.402771963735162,21.84575684549438,21.15666942550024,21.550434112548828,760000,0.0,0.0
2013-10-15 00:00:00-04:00,21.56683772933194,21.68988897770194,21.30432641754602,21.34534454345703,406100,0.0,0.0
2013-10-16 00:00:00-04:00,21.443784854162093,21.689888914870693,21.443784854162093,21.542226791381836,411200,0.0,0.0
2013-10-17 00:00:00-04:00,21.517613467046626,21.66527557373047,21.427376729936423,21.66527557373047,582000,0.0,0.0
2013-10-18 00:00:00-04:00,21.82114133858098,21.95239619701937,21.65707198319232,21.771921157836914,399500,0.0,0.0
2013-10-21 00:00:00-04:00,21.747309861107574,21.89497196514207,21.69808968132318,21.886768341064453,337500,0.0,0.0
2013-10-22 00:00:00-04:00,22.05903424523539,22.411782169096846,21.9195758000967,22.26412010192871,566200,0.0,0.0
2013-10-23 00:00:00-04:00,22.132873439653945,22.37897749723798,22.00161856814839,22.247722625732422,587100,0.0,0.0
2013-10-24 00:00:00-04:00,22.272325628434064,22.52663167436848,22.124663548639546,22.46100425720215,506600,0.0,0.0
2013-10-25 00:00:00-04:00,22.575854826362587,22.936804861070115,22.411785490818332,22.887584686279297,823100,0.0,0.0
2013-10-28 00:00:00-04:00,22.96961681162741,23.634094574138818,22.559445082848352,23.21571922302246,2121900,0.0,0.0
2013-10-29 00:00:00-04:00,23.789975044429497,23.847398871773837,22.40359330200525,22.682510375976562,1570500,0.0,0.0
2013-10-30 00:00:00-04:00,22.625078751310312,22.879384855342675,22.44460370404241,22.50202751159668,713900,0.0,0.0
2013-10-31 00:00:00-04:00,22.559451437630987,22.731722861198545,22.313348956911216,22.493824005126953,608200,0.0,0.0
2013-11-01 00:00:00-04:00,22.444599335007183,22.58405779678421,22.24771707685392,22.32154655456543,634400,0.0,0.0
2013-11-04 00:00:00-05:00,22.337960226710173,22.378978353551116,22.231316226286825,22.29694366455078,1004300,0.0,0.0
2013-11-05 00:00:00-05:00,22.255922125181357,22.994232648296734,22.20670194520077,22.96141815185547,1044300,0.0,0.0
2013-11-06 00:00:00-05:00,23.109078001670323,23.150094553538512,22.69890622426381,22.78914451599121,422500,0.0,0.0
2013-11-07 00:00:00-05:00,22.88758701842459,23.035249122524316,22.452805894887966,22.46921157836914,535500,0.0,0.0
2013-11-08 00:00:00-05:00,22.666099354937177,23.00244176504848,22.518438779736258,22.97783088684082,604300,0.0,0.0
2013-11-11 00:00:00-05:00,22.920406044084835,22.920406044084835,22.633285403228292,22.641489028930664,299500,0.0,0.0
2013-11-12 00:00:00-05:00,22.575857707801415,22.748129123897478,22.428195599901162,22.45280647277832,592300,0.0,0.0
2013-11-13 00:00:00-05:00,22.444603084217412,22.559450696154347,22.362568405113308,22.436399459838867,482000,0.0,0.0
2013-11-14 00:00:00-05:00,22.38717904312058,22.534839586339487,22.296940740585683,22.45280647277832,312200,0.0,0.0
2013-11-15 00:00:00-05:00,22.41998936073651,22.698906295421796,22.35436193873298,22.67429542541504,467500,0.0,0.0
2013-11-18 00:00:00-05:00,22.690701816791044,22.780940105399925,22.395377646566427,22.428192138671875,434800,0.0,0.0
2013-11-19 00:00:00-05:00,22.395375335022774,22.477409992138064,22.182087417076335,22.346155166625977,325400,0.0,0.0
2013-11-20 00:00:00-05:00,22.44460289209806,22.64968880576217,22.321550092154517,22.534839630126953,444300,0.0,0.0
2013-11-21 00:00:00-05:00,22.61687238664948,23.043451426345595,22.461006667398742,23.035247802734375,385200,0.0,0.0
2013-11-22 00:00:00-05:00,23.035248104959162,23.084468282591036,22.846569453469282,22.928604125976562,293300,0.0,0.0
2013-11-25 00:00:00-05:00,22.969619606771502,22.99423047677826,22.641482496753856,22.67429542541504,340500,0.0,0.0
2013-11-26 00:00:00-05:00,22.649690193289825,22.84657249470668,22.625079318857175,22.764537811279297,452300,0.0,0.0
2013-11-27 00:00:00-05:00,22.75632788734809,23.018837549905946,22.682496849168565,23.002431869506836,328300,0.0,0.0
2013-11-29 00:00:00-05:00,23.117282078088003,23.166502254230792,22.903992561894317,22.95321273803711,150300,0.0,0.0
2013-12-02 00:00:00-05:00,22.928605893461203,22.969622450536043,22.387179203730216,22.526636123657227,392200,0.0,0.0
2013-12-03 00:00:00-05:00,22.395381721432205,22.543043833411808,22.296941356566727,22.518434524536133,445800,0.0,0.0
2013-12-04 00:00:00-05:00,22.39538052631928,22.641484554712587,22.198498242413415,22.46921157836914,314900,0.0,0.0
2013-12-05 00:00:00-05:00,22.44460203601277,22.649687941854463,22.395380292040237,22.485618591308594,376000,0.0,0.0
2013-12-06 00:00:00-05:00,22.68249897764407,22.87117761972759,22.51843120549016,22.78914451599121,302500,0.0,0.0
2013-12-09 00:00:00-05:00,22.83857249475755,22.846811706804427,22.59140241922734,22.789138793945312,367300,0.12,0.0
2013-12-10 00:00:00-05:00,22.706751144198414,22.789141703717984,22.352472838292723,22.3607120513916,348800,0.0,0.0
2013-12-11 00:00:00-05:00,22.393674103357064,22.583171334222836,22.303044309695355,22.476064682006836,577100,0.0,0.0
2013-12-12 00:00:00-05:00,22.492540467568826,22.780906693351913,22.434867536706108,22.682039260864258,635000,0.0,0.0
2013-12-13 00:00:00-05:00,22.772667478733027,22.772667478733027,22.459585180562776,22.682039260864258,680900,0.0,0.0
2013-12-16 00:00:00-05:00,22.7232359330029,23.069275122702223,22.706757502191113,22.97864532470703,523200,0.0,0.0
2013-12-17 00:00:00-05:00,22.995121212533167,23.036315713537366,22.83857928007214,22.904491424560547,327300,0.0,0.0
2013-12-18 00:00:00-05:00,22.912733822924906,23.061036561498806,22.509021685401347,22.953929901123047,689800,0.0,0.0
2013-12-19 00:00:00-05:00,22.888015477804505,23.044555845025133,22.130025000290953,22.245370864868164,791500,0.0,0.0
2013-12-20 00:00:00-05:00,22.344239203424063,22.75619050342365,22.253609414553917,22.714994430541992,940900,0.0,0.0
2013-12-23 00:00:00-05:00,22.805617218039064,22.8550509188513,22.599641631274213,22.789138793945312,439500,0.0,0.0
2013-12-24 00:00:00-05:00,22.739709208565234,22.98687932882829,22.665557858192457,22.76442527770996,351200,0.0,0.0
2013-12-26 00:00:00-05:00,22.83858242554714,23.102232611281845,22.789148703239874,23.052797317504883,327400,0.0,0.0
2013-12-27 00:00:00-05:00,23.143421804727872,23.143421804727872,22.764425830128975,22.896251678466797,259000,0.0,0.0
2013-12-30 00:00:00-05:00,22.970407077486566,23.044558447795392,22.714997675017123,22.92921257019043,303700,0.0,0.0
2013-12-31 00:00:00-05:00,22.904491424560547,23.036315713537366,22.76442792108899,22.904491424560547,496000,0.0,0.0
2014-01-02 00:00:00-05:00,22.76442175671475,22.879769156936675,22.4595787603053,22.640836715698242,377100,0.0,0.0
2014-01-03 00:00:00-05:00,22.640843488266114,23.02807872314587,22.640843488266114,22.879776000976562,519800,0.0,0.0
2014-01-06 00:00:00-05:00,22.98687984157427,22.98687984157427,22.162977327027026,22.22888946533203,625900,0.0,0.0
2014-01-07 00:00:00-05:00,22.28656187611676,22.52549435413235,22.17945524314138,22.443103790283203,530700,0.0,0.0
2014-01-08 00:00:00-05:00,22.352477730474526,22.46782516763516,22.031156206638215,22.154741287231445,1030100,0.0,0.0
2014-01-09 00:00:00-05:00,22.195934606359724,22.31951967161122,21.98171975990476,22.17121696472168,461600,0.0,0.0
2014-01-10 00:00:00-05:00,22.22065281769866,22.311282607635167,21.907570517461803,21.981721878051758,423000,0.0,0.0
2014-01-13 00:00:00-05:00,21.981718665128838,22.039391587942575,21.42970393445992,21.512094497680664,535900,0.0,0.0
2014-01-14 00:00:00-05:00,21.62744350444853,21.989961092725032,21.429707066698484,21.981721878051758,445700,0.0,0.0
2014-01-15 00:00:00-05:00,22.00643995498591,22.204177982215786,21.989963095608136,22.047636032104492,391200,0.0,0.0
2014-01-16 00:00:00-05:00,22.022914265047557,22.319519678923818,22.006435837283462,22.072349548339844,371700,0.0,0.0
2014-01-17 00:00:00-05:00,22.039391244616546,22.19593315515045,21.35555225203488,21.413225173950195,470900,0.0,0.0
2014-01-21 00:00:00-05:00,21.446189580078194,21.6933597814674,21.273169181929898,21.347320556640625,636400,0.0,0.0
2014-01-22 00:00:00-05:00,21.42147352458241,21.65216688211478,21.29788841469611,21.372039794921875,547400,0.0,0.0
2014-01-23 00:00:00-05:00,21.223732987562062,21.396751794117936,20.737630286091324,20.951845169067383,1094900,0.0,0.0
2014-01-24 00:00:00-05:00,20.721149563532904,20.885930708047738,20.251525344575917,20.465740203857422,1412200,0.0,0.0
2014-01-27 00:00:00-05:00,20.432782812084408,20.53989102465919,20.13617895977063,20.23504638671875,800200,0.0,0.0
2014-01-28 00:00:00-05:00,20.210330420163608,20.432782917681227,20.210330420163608,20.30095863342285,577300,0.0,0.0
2014-01-29 00:00:00-05:00,20.169132859903502,20.25152342434874,19.9054843108542,19.92196273803711,619800,0.0,0.0
2014-01-30 00:00:00-05:00,20.053791550630198,20.235049576252013,19.913728030818447,20.160898208618164,602300,0.0,0.0
2014-01-31 00:00:00-05:00,19.905487689903406,20.15265785372809,19.905487689903406,19.979639053344727,779700,0.0,0.0
2014-02-03 00:00:00-05:00,19.93844243792975,20.045549078516867,19.287558665881452,19.30403709411621,938700,0.0,0.0
2014-02-04 00:00:00-05:00,19.444107254225532,19.57593158233798,19.139262513296774,19.188697814941406,837000,0.0,0.0
2014-02-05 00:00:00-05:00,19.04862488436564,19.22164364046325,18.84264927674324,19.131013870239258,1111100,0.0,0.0
2014-02-06 00:00:00-05:00,19.20516820353086,19.62535869704956,19.20516820353086,19.592403411865234,856900,0.0,0.0
2014-02-07 00:00:00-05:00,19.864291805086346,20.136179594974614,19.74894437471563,20.08674430847168,1008000,0.0,0.0
2014-02-10 00:00:00-05:00,20.92712764711234,20.951845293110786,20.465742588762126,20.795303344726562,1151600,0.0,0.0
2014-02-11 00:00:00-05:00,20.770582419994177,21.042471768649175,20.70467027920583,20.803539276123047,678500,0.0,0.0
2014-02-12 00:00:00-05:00,20.811784630372713,21.058954838385677,20.38335480311171,20.45750617980957,517000,0.0,0.0
2014-02-13 00:00:00-05:00,20.251523792805425,20.902407535148733,20.21856850930933,20.885929107666016,525200,0.0,0.0
2014-02-14 00:00:00-05:00,20.82826163269457,21.17430084302668,20.67995888948513,21.07543182373047,487800,0.0,0.0
2014-02-18 00:00:00-05:00,21.025995687098714,21.108386265146333,20.87769296090691,20.96832275390625,416300,0.0,0.0
2014-02-19 00:00:00-05:00,20.93535923453786,21.240203804901782,20.76234048999793,21.017749786376953,648100,0.0,0.0
2014-02-20 00:00:00-05:00,21.050711992319787,21.841659350230405,20.918887694579617,21.709835052490234,1760400,0.0,0.0
2014-02-21 00:00:00-05:00,21.693354507143383,21.83341800626879,21.330836937971252,21.355554580688477,754100,0.0,0.0
2014-02-24 00:00:00-05:00,21.306126081512048,21.86638021513888,21.19901784165819,21.63568687438965,1083700,0.0,0.0
2014-02-25 00:00:00-05:00,21.67688296121008,22.088834375144355,20.92713151356729,21.372039794921875,1505500,0.0,0.0
2014-02-26 00:00:00-05:00,21.396751692452447,21.783986951614082,21.36379640294252,21.5944881439209,736200,0.0,0.0
2014-02-27 00:00:00-05:00,21.487384124727274,21.652165306900983,21.23197470668086,21.63568687438965,664600,0.0,0.0
2014-02-28 00:00:00-05:00,21.67687934611739,22.113548337792814,21.46266445802018,21.792226791381836,502500,0.0,0.0
2014-03-03 00:00:00-05:00,21.61920070666814,21.718069694891643,21.396746661767196,21.569766998291016,368600,0.0,0.0
2014-03-04 00:00:00-05:00,21.84165891553737,22.014677713576827,21.709834620420768,21.767507553100586,652400,0.0,0.0
2014-03-05 00:00:00-05:00,21.67688296121008,21.84990337222684,21.2402154681805,21.372039794921875,712100,0.0,0.0
2014-03-06 00:00:00-05:00,21.429705081545983,21.462660365716733,21.10014438249161,21.149578094482422,801800,0.0,0.0
2014-03-07 00:00:00-05:00,21.27316254799472,21.578007168015546,21.108382988944246,21.520334243774414,543900,0.0,0.0
2014-03-10 00:00:00-04:00,21.50385654427547,21.635680824565473,21.347314622130078,21.53681182861328,313300,0.0,0.0
2014-03-11 00:00:00-04:00,21.56977126330867,21.627444196397267,21.215492878370654,21.289644241333008,320500,0.0,0.0
2014-03-12 00:00:00-04:00,21.223728312142697,21.5780066339634,21.149576962390956,21.512094497680664,485200,0.0,0.0
2014-03-13 00:00:00-04:00,21.561531730853908,21.602726233462107,21.273165498187883,21.314361572265625,605800,0.0,0.0
2014-03-14 00:00:00-04:00,21.2484456215449,21.479137309206166,21.108382137692303,21.413225173950195,431100,0.0,0.0
2014-03-17 00:00:00-04:00,21.587249525119606,21.810994915689474,21.496095224977225,21.7115535736084,557800,0.15,0.0
2014-03-18 00:00:00-04:00,21.69497851585846,22.125895193777254,21.661830349591675,22.051313400268555,502400,0.0,0.0
2014-03-19 00:00:00-04:00,21.993303957172,22.076171205127213,21.6369691008354,21.694976806640625,603600,0.0,0.0
2014-03-20 00:00:00-04:00,21.628686249432626,22.00988072175719,21.56239148987219,21.935298919677734,411500,0.0,0.0
2014-03-21 00:00:00-04:00,20.89944495119443,22.241915977453306,20.89944495119443,21.728130340576172,648600,0.0,0.0
2014-03-24 00:00:00-04:00,21.761273728112073,21.794420314488438,21.172906409163577,21.612110137939453,483500,0.0,0.0
2014-03-25 00:00:00-04:00,21.7032712094757,21.7032712094757,21.297215550510394,21.50438690185547,391100,0.0,0.0
2014-03-26 00:00:00-04:00,21.68669263297016,22.19219113140547,21.048604623566842,21.81099510192871,1540400,0.0,0.0
2014-03-27 00:00:00-04:00,21.86071951290176,21.86071951290176,21.056895267581595,21.487812042236328,874100,0.0,0.0
2014-03-28 00:00:00-04:00,21.479522586085064,21.819283425470022,21.2806383079518,21.38836669921875,519900,0.0,0.0
2014-03-31 00:00:00-04:00,21.47123358950882,21.777847811596054,21.31378295759421,21.612110137939453,378200,0.0,0.0
2014-04-01 00:00:00-04:00,21.703273521412502,22.16733695529398,21.661838298374423,22.109329223632812,525100,0.0,0.0
2014-04-02 00:00:00-04:00,22.200481776322704,22.46566084129453,21.97673634753076,22.167333602905273,739000,0.0,0.0
2014-04-03 00:00:00-04:00,22.1756181702503,22.349641319485613,21.9684468512987,22.059602737426758,429100,0.0,0.0
2014-04-04 00:00:00-04:00,22.117613996723275,22.23362944813062,21.462951765285865,21.554107666015625,394900,0.0,0.0
2014-04-07 00:00:00-04:00,21.496095882372522,21.562390639317883,20.899441489272608,21.139760971069336,553200,0.0,0.0
2014-04-08 00:00:00-04:00,21.0734657033655,21.214342256033916,20.808286682011218,21.04031753540039,908800,0.0,0.0
2014-04-09 00:00:00-04:00,21.065181383366248,21.38836815982924,20.866297091651187,21.371795654296875,432900,0.0,0.0
2014-04-10 00:00:00-04:00,21.41322867833896,21.47123639752757,20.85800945374658,20.94916534423828,548000,0.0,0.0
2014-04-11 00:00:00-04:00,20.7337077799864,20.974025708925424,20.393946913857242,20.427093505859375,431900,0.0,0.0
2014-04-14 00:00:00-04:00,20.675700537836327,20.891157342324504,20.601118728362763,20.758567810058594,399700,0.0,0.0
2014-04-15 00:00:00-04:00,20.882871708324128,21.015461239502727,20.327652453791778,20.65912628173828,455100,0.0,0.0
2014-04-16 00:00:00-04:00,20.72541981508351,20.924304100026607,20.62597688231606,20.858009338378906,321700,0.0,0.0
2014-04-17 00:00:00-04:00,20.882873924293687,21.0071764253899,20.551398480581046,20.57625961303711,367800,0.0,0.0
2014-04-21 00:00:00-04:00,20.559679419490475,20.8082859284507,20.51824579162623,20.56796646118164,295000,0.0,0.0
2014-04-22 00:00:00-04:00,20.55139516445972,20.98231190728087,20.55139516445972,20.907730102539062,224900,0.0,0.0
2014-04-23 00:00:00-04:00,20.824859963511866,20.90772880592934,20.302788943287677,20.32765007019043,519900,0.0,0.0
2014-04-24 00:00:00-04:00,20.476812005493404,20.56796788983635,20.095617544771446,20.509960174560547,398600,0.0,0.0
2014-04-25 00:00:00-04:00,20.410517990975812,20.534822048911067,20.137051908583405,20.253068923950195,380800,0.0,0.0
2014-04-28 00:00:00-04:00,20.35251354970537,20.410521276430316,19.66470471172445,19.830442428588867,470000,0.0,0.0
2014-04-29 00:00:00-04:00,19.98788938284371,20.44366564853658,19.921594624550355,20.15362548828125,526700,0.0,0.0
2014-04-30 00:00:00-04:00,20.03760945072504,20.58454158526067,19.813864055526373,20.501672744750977,577600,0.0,0.0
2014-05-01 00:00:00-04:00,20.57624891843324,20.86628899063606,20.518241220110927,20.77513313293457,724600,0.0,0.0
2014-05-02 00:00:00-04:00,20.77514388287617,21.255781378437774,20.77514388287617,21.123191833496094,656900,0.0,0.0
2014-05-05 00:00:00-04:00,21.02374845276328,21.02374845276328,20.41051989036412,20.4851016998291,885300,0.0,0.0
2014-05-06 00:00:00-04:00,20.435381020383083,21.603827261211922,20.31107853147208,20.4851016998291,1571000,0.0,0.0
2014-05-07 00:00:00-04:00,20.39394673038205,20.55139580701145,19.8552999947186,20.05418586730957,636700,0.0,0.0
2014-05-08 00:00:00-04:00,19.84701538033046,20.311078748158565,19.84701538033046,20.120481491088867,568800,0.0,0.0
2014-05-09 00:00:00-04:00,20.06246912565752,20.16191205102785,19.921594150653036,20.095617294311523,408200,0.0,0.0
2014-05-12 00:00:00-04:00,20.236491871396254,20.617686290098046,20.203343705983126,20.543106079101562,449800,0.0,0.0
2014-05-13 00:00:00-04:00,20.501677331139355,20.717135732427646,20.24478529062302,20.518251419067383,670300,0.0,0.0
2014-05-14 00:00:00-04:00,20.51824863110872,20.675699283847006,20.03761121064766,20.17848777770996,724200,0.0,0.0
2014-05-15 00:00:00-04:00,20.120478864315587,20.161912495454732,19.722708734657928,19.880159378051758,607000,0.0,0.0
2014-05-16 00:00:00-04:00,19.830442872235526,20.161916732788086,19.722712879685915,20.161916732788086,659200,0.0,0.0
2014-05-19 00:00:00-04:00,20.0956191306442,20.352511138820745,20.0956191306442,20.319364547729492,370500,0.0,0.0
2014-05-20 00:00:00-04:00,20.27792784072929,20.27792784072929,19.8138645354627,20.062469482421875,566900,0.0,0.0
2014-05-21 00:00:00-04:00,20.103904458624065,20.269640561126042,19.8470124723614,20.1867733001709,364400,0.0,0.0
2014-05-22 00:00:00-04:00,20.17020045898776,20.601117197118654,20.145339330813822,20.49338722229004,278700,0.0,0.0
2014-05-23 00:00:00-04:00,20.866301085706528,21.21434905797632,20.534827202733428,20.650842666625977,436400,0.0,0.0
2014-05-27 00:00:00-04:00,20.83314625876191,21.288924085418536,20.775138545327273,21.08175277709961,395500,0.0,0.0
2014-05-28 00:00:00-04:00,21.081753164753042,21.338645149226604,20.899441398501363,21.09004020690918,522200,0.0,0.0
2014-05-29 00:00:00-04:00,21.123183326092764,21.131470366888006,20.87457842460124,21.056888580322266,368300,0.0,0.0
2014-05-30 00:00:00-04:00,20.990598977775345,21.114901458978338,20.85800945374658,20.94916534423828,322300,0.0,0.0
2014-06-02 00:00:00-04:00,20.94088168342812,21.17291259765625,20.741997365264556,21.17291259765625,375100,0.0,0.0
2014-06-03 00:00:00-04:00,21.09004068506247,21.17290794731926,20.82486007182892,21.148048400878906,346700,0.0,0.0
2014-06-04 00:00:00-04:00,21.073463863877972,21.34692990335288,20.940874364774476,21.31378173828125,276700,0.0,0.0
2014-06-05 00:00:00-04:00,21.330352931965674,21.670113674977227,21.139755750391636,21.645254135131836,332500,0.0,0.0
2014-06-06 00:00:00-04:00,21.75299212623967,21.943589392194166,21.661836224873607,21.92701530456543,445400,0.0,0.0
2014-06-09 00:00:00-04:00,21.860716253706904,21.935298052839038,21.653544940693568,21.869003295898438,387600,0.0,0.0
2014-06-10 00:00:00-04:00,21.71983597227075,21.96015541283089,21.297207957132937,21.46294403076172,314700,0.0,0.0
2014-06-11 00:00:00-04:00,21.346935381328596,21.438091278076172,21.18948471801694,21.438091278076172,308200,0.0,0.0
2014-06-12 00:00:00-04:00,21.33036079920517,21.413229650633863,21.040320609500675,21.338647842407227,397300,0.0,0.0
2014-06-13 00:00:00-04:00,21.429805451233086,21.5209597725635,21.297215910577933,21.47123908996582,206300,0.0,0.0
2014-06-16 00:00:00-04:00,21.41289604652848,21.587932577170736,21.171177115874794,21.44623565673828,346700,0.15,0.0
2014-06-17 00:00:00-04:00,21.37955045262016,21.56292383537306,21.279530052750935,21.329540252685547,419800,0.0,0.0
2014-06-18 00:00:00-04:00,21.279532245389372,21.454568758094037,21.129500040330655,21.387887954711914,365100,0.0,0.0
2014-06-19 00:00:00-04:00,21.42122938235579,21.671282000286947,21.33787797978015,21.662946701049805,317000,0.0,0.0
2014-06-20 00:00:00-04:00,21.637935694375756,21.78796786562846,21.35454353620392,21.779632568359375,679900,0.0,0.0
2014-06-23 00:00:00-04:00,21.754632107558415,21.938003910469973,21.579594013592025,21.92133331298828,563000,0.0,0.0
2014-06-24 00:00:00-04:00,21.821314760820705,22.363096506619932,21.696288448681777,22.27974510192871,742800,0.0,0.0
2014-06-25 00:00:00-04:00,22.27140674926968,22.354758142534173,22.013018860965783,22.18805694580078,384300,0.0,0.0
2014-06-26 00:00:00-04:00,22.15471243392383,22.238063814702752,21.92132888570193,22.021350860595703,391500,0.0,0.0
2014-06-27 00:00:00-04:00,21.821308565315277,22.038021520064994,21.687946991591662,21.72962188720703,1318900,0.0,0.0
2014-06-30 00:00:00-04:00,21.72129201977371,21.746297917270848,21.5295849083496,21.671281814575195,546500,0.0,0.0
2014-07-01 00:00:00-04:00,21.74629589187807,22.12137637042232,21.74629589187807,21.963008880615234,508400,0.0,0.0
2014-07-02 00:00:00-04:00,21.921335304294693,22.004686709479003,21.754634083721896,21.8463191986084,294500,0.0,0.0
2014-07-03 00:00:00-04:00,21.846310109176923,22.08802892466169,21.76296032846716,21.912992477416992,190200,0.0,0.0
2014-07-07 00:00:00-04:00,21.82964950620109,21.921334618218104,21.654611401812662,21.662946701049805,391500,0.0,0.0
2014-07-08 00:00:00-04:00,21.654608936953917,21.654608936953917,21.329540252685547,21.329540252685547,579800,0.0,0.0
2014-07-09 00:00:00-04:00,21.371209368241562,21.612928183773935,21.354540365973424,21.404550552368164,504200,0.0,0.0
2014-07-10 00:00:00-04:00,21.046149167104424,21.36288259367347,20.979468362048003,21.2211856842041,443500,0.0,0.0
2014-07-11 00:00:00-04:00,21.10448954492792,21.262857014630907,21.05447935073581,21.13783073425293,530300,0.0,0.0
2014-07-14 00:00:00-04:00,21.329542882042986,21.471239790821457,21.121165168533224,21.154504776000977,347900,0.0,0.0
2014-07-15 00:00:00-04:00,21.162833984089094,21.521243802533313,21.02113711609476,21.17116928100586,731900,0.0,0.0
2014-07-16 00:00:00-04:00,21.229518705444175,21.337875995655526,21.02114101327917,21.23785400390625,412100,0.0,0.0
2014-07-17 00:00:00-04:00,21.07948606234742,21.24618724606797,20.796092301247473,20.812761306762695,440100,0.0,0.0
2014-07-18 00:00:00-04:00,20.796097205876066,21.312873064022206,20.796097205876066,21.062820434570312,512100,0.0,0.0
2014-07-21 00:00:00-04:00,20.962790758106532,21.037806837451026,20.679397033870732,20.704402923583984,397500,0.0,0.0
2014-07-22 00:00:00-04:00,20.854438894977108,21.112826776739315,20.8127624045022,20.921119689941406,477300,0.0,0.0
2014-07-23 00:00:00-04:00,20.921117857798393,21.046144138682973,20.612718214474047,20.6293888092041,695800,0.0,0.0
2014-07-24 00:00:00-04:00,20.621048970960672,20.837761885343653,20.52936230993074,20.6627254486084,399200,0.0,0.0
2014-07-25 00:00:00-04:00,20.55437618473988,20.87111117877773,20.504365981921786,20.78775978088379,330500,0.0,0.0
2014-07-28 00:00:00-04:00,20.821096052470093,20.896112139584147,20.696069770545147,20.837766647338867,220700,0.0,0.0
2014-07-29 00:00:00-04:00,20.89611695827853,21.271197480343265,20.879446359565478,21.2211856842041,457200,0.0,0.0
2014-07-30 00:00:00-04:00,21.254520101764665,21.38788166933721,20.921116182833295,20.979461669921875,594400,0.0,0.0
2014-07-31 00:00:00-04:00,20.837773017072227,20.987805237162494,20.6960760969643,20.737751007080078,395000,0.0,0.0
2014-08-01 00:00:00-04:00,20.746080448398285,20.94612282209498,20.571043967586974,20.88777732849121,656400,0.0,0.0
2014-08-04 00:00:00-04:00,21.021141522704003,21.096157620884988,20.77108892196449,20.871110916137695,1143400,0.0,0.0
2014-08-05 00:00:00-04:00,20.46268555226369,21.05447893266845,20.42934595339609,20.796091079711914,1321700,0.0,0.0
2014-08-06 00:00:00-04:00,20.65439792025881,20.971131320515234,20.512701022560908,20.871110916137695,701900,0.0,0.0
2014-08-07 00:00:00-04:00,20.987800639012164,21.187843025373898,20.91278454540207,21.129497528076172,728500,0.0,0.0
2014-08-08 00:00:00-04:00,21.087817361003548,21.487903653774545,21.046142467283477,21.412887573242188,588700,0.0,0.0
2014-08-11 00:00:00-04:00,21.35454603537725,21.562923722105072,21.104491857426513,21.262859344482422,716700,0.0,0.0
2014-08-12 00:00:00-04:00,21.171172653587593,21.304534245909753,21.137833050404844,21.262859344482422,415000,0.0,0.0
2014-08-13 00:00:00-04:00,21.32121427576166,21.562933262414013,21.129507100704036,21.479581832885742,411300,0.0,0.0
2014-08-14 00:00:00-04:00,21.471233980543367,21.479569277603655,21.204510833795496,21.371212005615234,602500,0.0,0.0
2014-08-15 00:00:00-04:00,21.496242206429997,21.496242206429997,20.93778996109991,21.079486846923828,465400,0.0,0.0
2014-08-18 00:00:00-04:00,21.246193226091737,21.479576856743996,21.146172805666424,21.44623565673828,485600,0.0,0.0
2014-08-19 00:00:00-04:00,21.496246455087185,21.729628485068634,21.412895048752734,21.70462417602539,504900,0.0,0.0
2014-08-20 00:00:00-04:00,21.687952763309227,21.72129237071497,21.43789855368512,21.512914657592773,294400,0.0,0.0
2014-08-21 00:00:00-04:00,21.529584036058296,21.612935434542603,21.27953143040108,21.496244430541992,250200,0.0,0.0
2014-08-22 00:00:00-04:00,21.48790633496927,21.737958908081055,21.446229846253647,21.737958908081055,397100,0.0,0.0
2014-08-25 00:00:00-04:00,22.171385478929672,22.313082364978822,21.93800190490885,22.21306037902832,1005300,0.0,0.0
2014-08-26 00:00:00-04:00,22.179722529199047,22.39643552438342,22.179722529199047,22.363094329833984,473900,0.0,0.0
2014-08-27 00:00:00-04:00,22.35475851515192,22.363093813596866,22.129710226525276,22.17138671875,588100,0.0,0.0
2014-08-28 00:00:00-04:00,22.038026150874348,22.221397955827054,22.013020254373465,22.196392059326172,449300,0.0,0.0
2014-08-29 00:00:00-04:00,22.204720775195927,22.2213913679209,21.963003539864676,22.16304588317871,583900,0.0,0.0
2014-09-02 00:00:00-04:00,22.16304748480818,22.279738462725327,22.021350615996504,22.10470199584961,525200,0.0,0.0
2014-09-03 00:00:00-04:00,22.204727328608755,22.271408129393336,22.00468492625502,22.05469512939453,471200,0.0,0.0
2014-09-04 00:00:00-04:00,22.113036300418646,22.246397866280436,22.02968492430621,22.063024520874023,430300,0.0,0.0
2014-09-05 00:00:00-04:00,21.979681355370243,22.34642497706461,21.979681355370243,22.321420669555664,278200,0.0,0.0
2014-09-08 00:00:00-04:00,22.31307878396814,22.496450540686734,22.27140230076259,22.346418380737305,241300,0.0,0.0
2014-09-09 00:00:00-04:00,22.313084127805485,22.46311632368664,22.163051931924326,22.363094329833984,445300,0.0,0.0
2014-09-10 00:00:00-04:00,22.404774310500677,22.49646102649363,22.254743670415866,22.46312141418457,221300,0.0,0.0
2014-09-11 00:00:00-04:00,22.338082786707403,22.579801616695747,22.321413783442377,22.504785537719727,331800,0.0,0.0
2014-09-12 00:00:00-04:00,22.63815119675386,22.729837885371833,22.338086826582707,22.421438217163086,554700,0.0,0.0
2014-09-15 00:00:00-04:00,22.480112365672966,22.622603822076613,22.25380212337711,22.37114906311035,363000,0.15,0.0
2014-09-16 00:00:00-04:00,22.253802183349073,22.563931212372907,22.253802183349073,22.39629364013672,571800,0.0,0.0
2014-09-17 00:00:00-04:00,22.404675678619565,22.513640580186202,22.28733033728046,22.39629364013672,325900,0.0,0.0
2014-09-18 00:00:00-04:00,22.463351479113854,22.67289767425003,22.354388161075704,22.63098907470703,311600,0.0,0.0
2014-09-19 00:00:00-04:00,22.67290153667006,22.974648620657373,22.67290153667006,22.94112205505371,1156700,0.0,0.0
2014-09-22 00:00:00-04:00,22.815384869950197,22.84891302226205,22.5806941986084,22.5806941986084,639800,0.0,0.0
2014-09-23 00:00:00-04:00,22.46334903516824,22.5806959788007,22.23704038406293,22.270566940307617,554100,0.0,0.0
2014-09-24 00:00:00-04:00,22.287324250281507,22.53039690505582,22.287324250281507,22.4549617767334,455100,0.0,0.0
2014-09-25 00:00:00-04:00,22.40467680504014,22.538786230087442,22.312477574514148,22.42982292175293,607000,0.0,0.0
2014-09-26 00:00:00-04:00,22.454966736594727,23.10874971700307,22.396292470279615,23.06684112548828,660400,0.0,0.0
2014-09-29 00:00:00-04:00,22.756711900789615,23.376968321953346,22.630984528705525,23.351823806762695,790400,0.0,0.0
2014-09-30 00:00:00-04:00,23.351822287123287,23.41049495036367,23.10036596060857,23.335058212280273,963800,0.0,0.0
2014-10-01 00:00:00-04:00,23.46078767460725,23.46078767460725,22.966258613476878,22.983022689819336,1310500,0.0,0.0
2014-10-02 00:00:00-04:00,23.058460066612888,23.40211564750031,22.899204534415432,23.368587493896484,585200,0.0,0.0
2014-10-03 00:00:00-04:00,23.53622184552523,23.796058605576448,23.39373040961776,23.72900390625,676300,0.0,0.0
2014-10-06 00:00:00-04:00,23.79606235354036,23.871499102002936,23.578134146727404,23.594898223876953,525200,0.0,0.0
2014-10-07 00:00:00-04:00,23.502701828933326,23.594901066944605,23.06684536278889,23.117136001586914,854700,0.0,0.0
2014-10-08 00:00:00-04:00,23.133896249088266,23.770916763625646,23.117132172695364,23.737388610839844,468300,0.0,0.0
2014-10-09 00:00:00-04:00,23.762535324968724,23.888262703667007,23.469170375532496,23.47755241394043,625400,0.0,0.0
2014-10-10 00:00:00-04:00,23.268006871773448,23.6703351338454,23.117133373818866,23.175806045532227,902400,0.0,0.0
2014-10-13 00:00:00-04:00,23.2512368315715,23.284764977500842,22.87405478212635,22.907581329345703,560100,0.0,0.0
2014-10-14 00:00:00-04:00,22.58069211696353,23.469167288088023,22.32085375663125,23.37696647644043,906200,0.0,0.0
2014-10-15 00:00:00-04:00,23.0584619250918,23.55299103963406,22.56393281054954,23.410499572753906,1123800,0.0,0.0
2014-10-16 00:00:00-04:00,23.03331723878265,23.620047220906304,22.924353921439415,23.293155670166016,668200,0.0,0.0
2014-10-17 00:00:00-04:00,23.611660852502993,23.611660852502993,23.11713179790233,23.133895874023438,567400,0.0,0.0
2014-10-20 00:00:00-04:00,23.008166427270353,23.393730551050925,23.008166427270353,23.37696647644043,575300,0.0,0.0
2014-10-21 00:00:00-04:00,23.402112619823402,23.402112619823402,22.848910946614286,22.932729721069336,1024800,0.0,0.0
2014-10-22 00:00:00-04:00,22.983020734891422,23.226093426340157,22.639365192653788,22.915966033935547,433400,0.0,0.0
2014-10-23 00:00:00-04:00,23.033318156810196,23.184191678153034,22.446589750012187,22.530406951904297,757300,0.0,0.0
2014-10-24 00:00:00-04:00,22.61422401940079,23.125517225053603,22.43820599046423,23.083608627319336,474000,0.0,0.0
2014-10-27 00:00:00-04:00,23.066840824272838,23.276386976531033,22.991404081563065,23.217714309692383,438400,0.0,0.0
2014-10-28 00:00:00-04:00,23.36020633106881,24.215153438266018,23.251241433939843,24.19839096069336,1083800,0.0,0.0
2014-10-29 00:00:00-04:00,24.148102066691457,24.21515678237325,23.762537851198786,23.86311912536621,536700,0.0,0.0
2014-10-30 00:00:00-04:00,23.82958884407914,24.164862370109656,23.636806766450377,23.997224807739258,586600,0.0,0.0
2014-10-31 00:00:00-04:00,24.307354259112017,24.47499182452105,24.131336254271808,24.19839096069336,730900,0.0,0.0
2014-11-03 00:00:00-05:00,24.298973181034306,24.567192017317964,24.19839191678312,24.54204750061035,1107400,0.0,0.0
2014-11-04 00:00:00-05:00,23.921791805996435,26.184889508447185,23.888263651035032,25.950197219848633,2186600,0.0,0.0
2014-11-05 00:00:00-05:00,25.96696105873798,26.771619184603587,25.941816541458383,26.235179901123047,1842500,0.0,0.0
2014-11-06 00:00:00-05:00,26.302236015355124,26.8219112492418,26.151364107494953,26.805147171020508,887200,0.0,0.0
2014-11-07 00:00:00-05:00,26.763232699246945,26.821905361431455,26.45310371507293,26.64588737487793,592800,0.0,0.0
2014-11-10 00:00:00-05:00,26.69617630261757,27.04821385205444,26.419575485110744,26.914104461669922,657400,0.0,0.0
2014-11-11 00:00:00-05:00,26.863816870506298,27.165563850224537,26.629126196245725,27.0985107421875,612200,0.0,0.0
2014-11-12 00:00:00-05:00,27.02307489503626,27.29967417068692,26.70456382837182,27.115272521972656,630000,0.0,0.0
2014-11-13 00:00:00-05:00,27.106888625343682,27.484072314421166,26.947634711031114,27.18232536315918,358200,0.0,0.0
2014-11-14 00:00:00-05:00,27.056601087384966,27.10689332044637,26.545309507610874,26.704565048217773,549100,0.0,0.0
2014-11-17 00:00:00-05:00,26.738085786955608,26.922485805259267,26.49501310822397,26.528539657592773,292400,0.0,0.0
2014-11-18 00:00:00-05:00,26.687793577571753,26.84704747535226,26.427956840241983,26.444719314575195,352400,0.0,0.0
2014-11-19 00:00:00-05:00,26.4782534396176,26.48663547803192,25.69035941448527,26.268707275390625,483400,0.0,0.0
2014-11-20 00:00:00-05:00,26.075925962650917,26.48663626489185,25.983725136064646,26.235179901123047,825600,0.0,0.0
2014-11-21 00:00:00-05:00,26.61236825549129,26.662658897468976,26.243566483996673,26.285476684570312,1020000,0.0,0.0
2014-11-24 00:00:00-05:00,26.310612278891924,26.821905361431455,26.251939616707414,26.64588737487793,455300,0.0,0.0
2014-11-25 00:00:00-05:00,26.821907370078517,27.06498167300078,26.679415923226564,26.779998779296875,325500,0.0,0.0
2014-11-26 00:00:00-05:00,26.796762280866208,26.922489656728157,26.495016898539596,26.570453643798828,379100,0.0,0.0
2014-11-28 00:00:00-05:00,26.687803631994992,28.020517565529907,26.687803631994992,27.710390090942383,623100,0.0,0.0
2014-12-01 00:00:00-05:00,27.442169189453125,27.6517153698333,27.29129568378572,27.442169189453125,796000,0.0,0.0
2014-12-02 00:00:00-05:00,27.542745170545167,27.64332642253086,27.282906805710088,27.450544357299805,421100,0.0,0.0
2014-12-03 00:00:00-05:00,26.83029293416557,27.241004876085697,26.528547505738267,26.9979305267334,624500,0.0,0.0
2014-12-04 00:00:00-05:00,27.014687007532018,27.35834253679938,26.93086983353324,27.106887817382812,492100,0.0,0.0
2014-12-05 00:00:00-05:00,27.056597173659608,27.4421645098498,27.02307222055559,27.1487979888916,528400,0.0,0.0
2014-12-08 00:00:00-05:00,27.098506670714258,27.417014481521395,26.922485494044878,27.165559768676758,424600,0.0,0.0
2014-12-09 00:00:00-05:00,26.847057013164463,27.266149395873477,26.645894460019974,26.9979305267334,590400,0.0,0.0
2014-12-10 00:00:00-05:00,26.989542531699993,27.22423317715348,26.587212741889505,26.62074089050293,321800,0.0,0.0
2014-12-11 00:00:00-05:00,26.82190831683316,27.542747614435353,26.629126234496397,27.014690399169922,523200,0.0,0.0
2014-12-12 00:00:00-05:00,26.771617062561514,27.51760245736394,26.771617062561514,27.20747184753418,529900,0.0,0.0
2014-12-15 00:00:00-05:00,27.38430424441266,27.864287173150977,27.148524058299554,27.662187576293945,828600,0.15,0.0
2014-12-16 00:00:00-05:00,27.48535750874113,28.049550045393637,27.13168716430664,27.13168716430664,790400,0.0,0.0
2014-12-17 00:00:00-05:00,27.114844342267187,27.603246688842773,26.89590441779368,27.603246688842773,651000,0.0,0.0
2014-12-18 00:00:00-05:00,28.0579690999952,28.125336714768142,27.21589318892148,27.552724838256836,576600,0.0,0.0
2014-12-19 00:00:00-05:00,27.50220140653044,27.68745915024532,27.241156696047195,27.476940155029297,818900,0.0,0.0
2014-12-22 00:00:00-05:00,27.552722682267582,27.990602507233763,27.552722682267582,27.9737606048584,398600,0.0,0.0
2014-12-23 00:00:00-05:00,28.100072444151408,28.394800942389907,27.737979542946622,28.22638511657715,519300,0.0,0.0
2014-12-24 00:00:00-05:00,28.1842845707048,28.46216797857969,28.03271063467668,28.12533950805664,219200,0.0,0.0
2014-12-26 00:00:00-05:00,28.150595182564054,28.453742994558354,28.08322757444783,28.436901092529297,175000,0.0,0.0
2014-12-29 00:00:00-05:00,28.43691185428928,28.6895340557996,28.217970257318918,28.504276275634766,357400,0.0,0.0
2014-12-30 00:00:00-05:00,28.445327758789062,28.900049593818718,28.319018279457612,28.445327758789062,224300,0.0,0.0
2014-12-31 00:00:00-05:00,28.59690555913764,28.849527764123398,28.27691893187963,28.428489685058594,499700,0.0,0.0
2015-01-02 00:00:00-05:00,28.588474167428988,28.86635751216916,27.83902721637717,28.20953941345215,471600,0.0,0.0
2015-01-05 00:00:00-05:00,27.6453569219266,28.420065308447423,27.367470297023445,27.948501586914062,972100,0.0,0.0
2015-01-06 00:00:00-05:00,28.116911171329004,28.184278778948837,27.064316394251613,27.695873260498047,648700,0.0,0.0
2015-01-07 00:00:00-05:00,27.973768682693606,29.312669791650272,27.510624264292442,29.27898597717285,892600,0.0,0.0
2015-01-08 00:00:00-05:00,29.598966897235847,30.036843504821896,28.975829365685197,29.11056137084961,1138500,0.0,0.0
2015-01-09 00:00:00-05:00,29.110565628603695,29.531603607857164,28.798998423390287,29.380029678344727,519600,0.0,0.0
2015-01-12 00:00:00-05:00,29.135821055465268,29.44739141066363,29.009511614296176,29.05161476135254,848600,0.0,0.0
2015-01-13 00:00:00-05:00,29.33792082194939,29.725274916648655,29.07687616912289,29.363182067871094,738600,0.0,0.0
2015-01-14 00:00:00-05:00,29.076885607442208,29.2453014635377,28.664270132886784,29.0010986328125,708200,0.0,0.0
2015-01-15 00:00:00-05:00,29.102143795057465,29.220033905210002,27.982181324079203,28.352693557739258,676700,0.0,0.0
2015-01-16 00:00:00-05:00,28.209533221904312,28.731619205980387,28.015856215106147,28.689516067504883,723600,0.0,0.0
2015-01-20 00:00:00-05:00,28.866361830616558,29.001093850823946,28.285330595771846,28.52953338623047,492100,0.0,0.0
2015-01-21 00:00:00-05:00,28.411651340735446,28.52111892981745,28.22639355572643,28.38638687133789,269300,0.0,0.0
2015-01-22 00:00:00-05:00,28.639004465280635,29.102148853183678,28.319017885612347,28.91689109802246,704800,0.0,0.0
2015-01-23 00:00:00-05:00,29.009514588582974,29.2537173637174,28.68110551070232,28.857940673828125,361300,0.0,0.0
2015-01-26 00:00:00-05:00,28.832682828303206,29.102146883610857,28.66426699066969,28.96741485595703,423800,0.0,0.0
2015-01-27 00:00:00-05:00,28.74847176375736,28.958990746458884,28.546375339232164,28.90846824645996,326200,0.0,0.0
2015-01-28 00:00:00-05:00,29.009520360770367,29.17793621203802,28.436908393819465,28.462169647216797,457800,0.0,0.0
2015-01-29 00:00:00-05:00,28.58004776466571,29.009508165470734,28.27690321454102,28.958982467651367,629000,0.0,0.0
2015-01-30 00:00:00-05:00,28.798990809528366,28.992667843308947,28.217956495922614,28.285324096679688,737200,0.0,0.0
2015-02-02 00:00:00-05:00,28.243231603262764,28.428486150678832,27.055904496405432,28.07481575012207,927900,0.0,0.0
2015-02-03 00:00:00-05:00,28.142172971340184,28.563210890448907,27.956918471272136,28.37795639038086,735900,0.0,0.0
2015-02-04 00:00:00-05:00,28.361118901632377,29.641074760378206,28.217964316480558,29.304243087768555,1078100,0.0,0.0
2015-02-05 00:00:00-05:00,29.506340844197567,29.750543630587547,29.15266728938024,29.270557403564453,616700,0.0,0.0
2015-02-06 00:00:00-05:00,29.203179992272045,29.422118219336866,29.03476424177273,29.245283126831055,603800,0.0,0.0
2015-02-09 00:00:00-05:00,29.12739577462995,29.35475657711394,28.622151688396787,28.689516067504883,462500,0.0,0.0
2015-02-10 00:00:00-05:00,28.815839154786506,29.346344674215487,28.714787731049316,29.26213836669922,436800,0.0,0.0
2015-02-11 00:00:00-05:00,29.236863784824557,29.632637104395194,29.009503003489975,29.245283126831055,225100,0.0,0.0
2015-02-12 00:00:00-05:00,29.1695086730817,29.1695086730817,28.756893280793673,29.06846046447754,285100,0.0,0.0
2015-02-13 00:00:00-05:00,29.060041359406355,29.220037855326456,28.470590728958673,29.127408981323242,564400,0.0,0.0
2015-02-17 00:00:00-05:00,29.23688281520875,29.438979277542575,29.026363793122893,29.27898597717285,717600,0.0,0.0
2015-02-18 00:00:00-05:00,29.346341925439095,30.48314624401627,29.346341925439095,30.14631462097168,1520700,0.0,0.0
2015-02-19 00:00:00-05:00,30.29788459131284,31.249431072285574,30.146310701874206,31.01365089416504,1132500,0.0,0.0
2015-02-20 00:00:00-05:00,31.11470679029132,31.232596908553507,30.348417809322292,30.533672332763672,1342600,0.0,0.0
2015-02-23 00:00:00-05:00,30.786290263863144,31.653627249633175,30.735764562961037,31.291534423828125,2205300,0.0,0.0
2015-02-24 00:00:00-05:00,32.32728699975157,32.35254824391387,31.266272985503054,31.71257209777832,2623800,0.0,0.0
2015-02-25 00:00:00-05:00,31.7125644838335,31.796770752333206,31.51888749647358,31.67888069152832,847700,0.0,0.0
2015-02-26 00:00:00-05:00,31.76311086002151,31.796791462000066,31.552591839395205,31.721004486083984,685000,0.0,0.0
2015-02-27 00:00:00-05:00,31.6789054661644,31.763115012783814,31.384180083660823,31.69574737548828,710900,0.0,0.0
2015-03-02 00:00:00-05:00,31.80519396812885,31.982029063014572,31.224162993962928,31.560991287231445,1084100,0.0,0.0
2015-03-03 00:00:00-05:00,31.57784189314788,31.57784189314788,31.03049134876097,31.33363914489746,727500,0.0,0.0
2015-03-04 00:00:00-05:00,31.215751904419864,31.232593807108437,30.61787881416575,30.794713973999023,710900,0.0,0.0
2015-03-05 00:00:00-05:00,30.937875866095748,31.198917388916016,30.634727970451987,31.198917388916016,497000,0.0,0.0
2015-03-06 00:00:00-05:00,31.030489875585047,31.182063766457304,30.331568678575447,30.45787811279297,636500,0.0,0.0
2015-03-09 00:00:00-04:00,30.499996609277012,31.182076177416587,30.457890235514796,31.11471176147461,593900,0.0,0.0
2015-03-10 00:00:00-04:00,31.04733133196896,31.114698932399538,30.55050652171741,30.65155792236328,398100,0.0,0.0
2015-03-11 00:00:00-04:00,30.693664142387448,30.811554242691024,30.205258627113412,30.323148727416992,420600,0.0,0.0
2015-03-12 00:00:00-04:00,30.415783720295796,31.544165670227095,30.31473550139201,31.4346981048584,598800,0.0,0.0
2015-03-13 00:00:00-04:00,31.510487735366357,31.70416807508812,31.097872224083964,31.316810607910156,556100,0.0,0.0
2015-03-16 00:00:00-04:00,31.570588588817753,31.638265569397415,31.07148215159891,31.206832885742188,642200,0.17,0.0
2015-03-17 00:00:00-04:00,31.113775231156396,31.274506428858682,30.91075076576446,31.088397979736328,582900,0.0,0.0
2015-03-18 00:00:00-04:00,31.003809836105226,31.088402838737487,30.521622621665696,30.84307861328125,553100,0.0,0.0
2015-03-19 00:00:00-04:00,30.724639332821337,31.071475718947298,30.724639332821337,30.902286529541016,481400,0.0,0.0
2015-03-20 00:00:00-04:00,31.15607946082257,31.705940425582348,30.876916746747238,31.418319702148438,987100,0.0,0.0
2015-03-23 00:00:00-04:00,31.367556444831067,31.85820152621142,31.14760953864846,31.748228073120117,410200,0.0,0.0
2015-03-24 00:00:00-04:00,31.66364352734054,31.875129255828245,31.4775350536262,31.739778518676758,245500,0.0,0.0
2015-03-25 00:00:00-04:00,31.638259377943253,31.76514885117439,30.699262431761905,30.75847816467285,457500,0.0,0.0
2015-03-26 00:00:00-04:00,30.69926682517802,30.817698307948817,30.284753408464358,30.580835342407227,335500,0.0,0.0
2015-03-27 00:00:00-04:00,30.699262831031728,31.04609922559908,30.45393866177263,30.665424346923828,411300,0.0,0.0
2015-03-30 00:00:00-04:00,30.876919841856992,31.122244089057073,30.8007848419334,30.834623336791992,334100,0.0,0.0
2015-03-31 00:00:00-04:00,30.80078018750049,31.172993893648822,30.78386094262793,30.817699432373047,413700,0.0,0.0
2015-04-01 00:00:00-04:00,30.606202551791533,30.640041029197842,30.149392787850807,30.44547462463379,330600,0.0,0.0
2015-04-02 00:00:00-04:00,30.538530535607027,30.623126742803528,30.250909885169612,30.47931480407715,380200,0.0,0.0
2015-04-06 00:00:00-04:00,30.25091004537529,30.707719885609578,30.166317064746135,30.39472198486328,409900,0.0,0.0
2015-04-07 00:00:00-04:00,30.437016774571415,30.62312519397555,29.802559774255684,29.84485626220703,637600,0.0,0.0
2015-04-08 00:00:00-04:00,29.73489724703607,30.614675499894183,29.633381765269966,30.36089324951172,581000,0.0,0.0
2015-04-09 00:00:00-04:00,30.3778053782391,30.61466832615799,29.802564024422672,29.954833984375,456000,0.0,0.0
2015-04-10 00:00:00-04:00,30.14940351889741,30.521620448819977,29.99713354338654,30.42010498046875,303500,0.0,0.0
2015-04-13 00:00:00-04:00,30.36935701126608,30.640058531114413,30.140951998828424,30.411653518676758,511000,0.0,0.0
2015-04-14 00:00:00-04:00,30.41164904329435,30.428568289172116,29.912542584456936,30.310136795043945,370500,0.0,0.0
2015-04-15 00:00:00-04:00,30.335519586542986,30.5723826180265,29.81949378765381,30.140953063964844,365300,0.0,0.0
2015-04-16 00:00:00-04:00,30.284756312719203,30.834620509189914,30.200163310346568,30.310136795043945,587400,0.0,0.0
2015-04-17 00:00:00-04:00,30.11556360643215,30.20861783451581,29.701053424806883,29.760269165039062,528200,0.0,0.0
2015-04-20 00:00:00-04:00,30.03096946037216,30.428563609816475,29.954834479138476,30.293212890625,348200,0.0,0.0
2015-04-21 00:00:00-04:00,30.21707612679173,30.428561814740686,29.98020996191836,30.005590438842773,418000,0.0,0.0
2015-04-22 00:00:00-04:00,30.132481388155465,30.276293341037757,29.675674732390657,29.895618438720703,337100,0.0,0.0
2015-04-23 00:00:00-04:00,29.971752571453685,30.74156036235884,29.971752571453685,30.62312889099121,412700,0.0,0.0
2015-04-24 00:00:00-04:00,30.80923072670898,30.944584652872805,30.58082904384556,30.73309898376465,544500,0.0,0.0
2015-04-27 00:00:00-04:00,30.843072118621134,31.037638565318222,30.377804248083272,30.487777709960938,557600,0.0,0.0
2015-04-28 00:00:00-04:00,30.547004683024728,30.96151497896056,30.166329657255396,30.775409698486328,519900,0.0,0.0
2015-04-29 00:00:00-04:00,30.411651340226296,30.496244348988075,28.888954593399223,29.02430534362793,1462400,0.0,0.0
2015-04-30 00:00:00-04:00,28.897404645966898,29.193483322118134,28.195273830944448,28.423675537109375,1181900,0.0,0.0
2015-05-01 00:00:00-04:00,28.60133339014514,28.97354714059033,28.347547913869928,28.406766891479492,881400,0.0,0.0
2015-05-04 00:00:00-04:00,28.550569964180138,29.252704048563086,28.4067612348096,28.482892990112305,1700000,0.0,0.0
2015-05-05 00:00:00-04:00,30.12402539342498,30.3862656115356,28.643625406485096,29.354217529296875,2446500,0.0,0.0
2015-05-06 00:00:00-04:00,29.21887251886732,29.455735530472978,28.795901011276367,28.92279052734375,868200,0.0,0.0
2015-05-07 00:00:00-04:00,28.965082296985038,29.498023926587877,28.745135366373656,29.26961898803711,643700,0.0,0.0
2015-05-08 00:00:00-04:00,29.46418608083899,29.904073449408106,29.108888465283517,29.1934814453125,564100,0.0,0.0
2015-05-11 00:00:00-04:00,29.193490103906548,29.53186857841395,29.08351984265549,29.125816345214844,570600,0.0,0.0
2015-05-12 00:00:00-04:00,28.973545078515404,29.33730079313689,28.559031626848075,29.176572799682617,351500,0.0,0.0
2015-05-13 00:00:00-04:00,29.193477133851168,29.303450573259603,28.922775765318757,29.05812644958496,245000,0.0,0.0
2015-05-14 00:00:00-04:00,29.108893328405884,29.48956825616503,28.956623357302227,29.354217529296875,265400,0.0,0.0
2015-05-15 00:00:00-04:00,29.388049438873036,29.498019661261743,29.244237508573352,29.337291717529297,513400,0.0,0.0
2015-05-18 00:00:00-04:00,29.235780905694504,29.81102220048475,29.193481189036007,29.717967987060547,426700,0.0,0.0
2015-05-19 00:00:00-04:00,29.760277630709616,30.250922936062793,29.66722337615555,30.03097915649414,556000,0.0,0.0
2015-05-20 00:00:00-04:00,29.946378552246593,30.30167300468587,29.692593112486062,30.05634880065918,497100,0.0,0.0
2015-05-21 00:00:00-04:00,29.980207443237305,30.318585806334173,29.980207443237305,29.980207443237305,260300,0.0,0.0
2015-05-22 00:00:00-04:00,30.039437805576668,30.208627069540796,29.85333251953125,29.85333251953125,402700,0.0,0.0
2015-05-26 00:00:00-04:00,29.726434656346417,29.87024663545786,29.35422092120333,29.447275161743164,484800,0.0,0.0
2015-05-27 00:00:00-04:00,29.531864684170138,30.04789033759044,29.337298216440754,29.920997619628906,427300,0.0,0.0
2015-05-28 00:00:00-04:00,29.92099171374764,30.098642129231873,29.709506043565902,29.980207443237305,355800,0.0,0.0
2015-05-29 00:00:00-04:00,29.887159496059077,29.988671724497294,29.506484605646307,29.624916076660156,471700,0.0,0.0
2015-06-01 00:00:00-04:00,29.616453571146284,29.963289961526495,29.32037490631516,29.67567253112793,666300,0.0,0.0
2015-06-02 00:00:00-04:00,29.51494494354885,29.92099711637397,29.3457557314511,29.557241439819336,902400,0.0,0.0
2015-06-03 00:00:00-04:00,29.59953959810311,30.200158203628888,29.548781869052732,30.157861709594727,822000,0.0,0.0
2015-06-04 00:00:00-04:00,30.15786913301652,30.301677893534624,29.89562564222791,30.217084884643555,657500,0.0,0.0
2015-06-05 00:00:00-04:00,30.225534656130105,30.98688443669381,29.920994743904625,30.936126708984375,890200,0.0,0.0
2015-06-08 00:00:00-04:00,30.89382936961107,31.172988796825397,30.699262925912482,30.919206619262695,574500,0.0,0.0
2015-06-09 00:00:00-04:00,30.851544703640194,30.92767970879406,30.623139688178593,30.775409698486328,481200,0.0,0.0
2015-06-10 00:00:00-04:00,30.851530217826546,31.392933010484544,30.792314489068026,31.13068962097168,741700,0.0,0.0
2015-06-11 00:00:00-04:00,31.240675801466825,31.401403812587567,30.843081551779747,31.003812789916992,407200,0.0,0.0
2015-06-12 00:00:00-04:00,31.01226470602022,31.42677812179371,30.834617482266953,31.147615432739258,449700,0.0,0.0
2015-06-15 00:00:00-04:00,31.02864053404716,31.30060093730797,30.688695703445056,31.071136474609375,361400,0.17,0.0
2015-06-16 00:00:00-04:00,31.079625518222493,31.300592679704984,30.952144214137654,31.05413055419922,363600,0.0,0.0
2015-06-17 00:00:00-04:00,31.122123501285873,31.258102069188315,30.867164091716898,31.18161392211914,508500,0.0,0.0
2015-06-18 00:00:00-04:00,31.207101446848416,31.317581766575067,31.06262244430666,31.139110565185547,458900,0.0,0.0
2015-06-19 00:00:00-04:00,31.147616509381496,31.56404938566208,30.935149829895906,31.394075393676758,676900,0.0,0.0
2015-06-22 00:00:00-04:00,31.725523562135752,31.819006170255708,31.428068289806486,31.751018524169922,668400,0.0,0.0
2015-06-23 00:00:00-04:00,31.87850288924735,31.980489241548433,31.54705534923039,31.768022537231445,635600,0.0,0.0
2015-06-24 00:00:00-04:00,31.69154211751253,31.86151617078725,31.470574875659764,31.589555740356445,553600,0.0,0.0
2015-06-25 00:00:00-04:00,31.61504364013672,31.810512602929244,31.42807191834197,31.61504364013672,435400,0.0,0.0
2015-06-26 00:00:00-04:00,31.776517598158424,32.12496283964565,31.598046356856663,32.022979736328125,905900,0.0,0.0
2015-06-29 00:00:00-04:00,31.844503262640618,31.88699594520889,31.38557451014199,31.52155303955078,618600,0.0,0.0
2015-06-30 00:00:00-04:00,31.71702097677442,31.929487624926438,31.530049288965838,31.81050682067871,1114200,0.0,0.0
2015-07-01 00:00:00-04:00,31.94649138932374,32.09096718124624,31.802012355416853,32.08246994018555,689300,0.0,0.0
2015-07-02 00:00:00-04:00,32.15895828807962,32.481908564233564,31.87850070147594,32.022979736328125,564300,0.0,0.0
2015-07-06 00:00:00-04:00,31.70002777672656,31.997483071750697,31.470563374959678,31.96348762512207,545600,0.0,0.0
2015-07-07 00:00:00-04:00,32.08246762467126,32.422415598282626,31.496060774275005,32.19295120239258,536800,0.0,0.0
2015-07-08 00:00:00-04:00,31.937993169862118,32.29493563919551,31.844507311136436,32.184452056884766,617200,0.0,0.0
2015-07-09 00:00:00-04:00,32.44791296623516,32.5498960690826,31.725527521257177,31.887001037597656,555400,0.0,0.0
2015-07-10 00:00:00-04:00,32.209946048452146,32.328926855994155,31.997479394417457,32.286434173583984,308300,0.0,0.0
2015-07-13 00:00:00-04:00,32.609394636113265,32.796366406403656,32.362935679440255,32.62639236450195,501200,0.0,0.0
2015-07-14 00:00:00-04:00,32.77936676629161,32.94084031358908,32.481914641800216,32.61789321899414,268200,0.0,0.0
2015-07-15 00:00:00-04:00,32.7028742288225,32.7028742288225,32.03997915913877,32.073974609375,404700,0.0,0.0
2015-07-16 00:00:00-04:00,32.03998354472078,32.51590694523343,31.870009512258402,32.43941879272461,451000,0.0,0.0
2015-07-17 00:00:00-04:00,32.37992286994925,32.51590142443467,32.14196121009587,32.37142562866211,449500,0.0,0.0
2015-07-20 00:00:00-04:00,32.379917345731876,32.57538952381632,32.226941092786426,32.32042694091797,516100,0.0,0.0
2015-07-21 00:00:00-04:00,32.226940896016764,32.41391259113824,31.97198155665904,32.36292266845703,289400,0.0,0.0
2015-07-22 00:00:00-04:00,32.19294882876042,32.80485059736669,32.15045614568808,32.69437026977539,269700,0.0,0.0
2015-07-23 00:00:00-04:00,32.72836577435766,32.821851631742796,32.20994980137652,32.48190689086914,468500,0.0,0.0
2015-07-24 00:00:00-04:00,32.439414137376204,32.532900003913696,31.980488530168255,32.13346481323242,508600,0.0,0.0
2015-07-27 00:00:00-04:00,31.937991363509123,32.09096438315422,31.70002648876143,31.80200958251953,429300,0.0,0.0
2015-07-28 00:00:00-04:00,31.76802358458492,32.15896155534062,31.445073275620125,31.997488021850586,591700,0.0,0.0
2015-07-29 00:00:00-04:00,32.03147777152627,33.27228573425155,32.02298053019933,33.03432083129883,821100,0.0,0.0
2015-07-30 00:00:00-04:00,33.01731091126123,33.39125423121531,32.73685666327894,33.25527572631836,517200,0.0,0.0
2015-07-31 00:00:00-04:00,33.51874620210988,33.6207325547036,33.246789079162575,33.476253509521484,588500,0.0,0.0
2015-08-03 00:00:00-04:00,33.69721523939096,34.69155770121687,33.459250363872606,34.657562255859375,2497700,0.0,0.0
2015-08-04 00:00:00-04:00,32.71986668884461,33.61222604105265,31.861502781402447,33.01731872558594,2825700,0.0,0.0
2015-08-05 00:00:00-04:00,32.98333160184186,33.748209774951945,32.966333876841475,33.71421432495117,811300,0.0,0.0
2015-08-06 00:00:00-04:00,33.75669529454183,33.78219024974855,32.70285950556138,32.8133430480957,678800,0.0,0.0
2015-08-07 00:00:00-04:00,32.702864058121975,33.09380188830199,32.201442670027234,32.96632385253906,844600,0.0,0.0
2015-08-10 00:00:00-04:00,33.21279257351193,33.55273731222478,32.37142310437803,32.54139709472656,698100,0.0,0.0
2015-08-11 00:00:00-04:00,32.35442630225805,32.651878362348114,32.1929527899212,32.634883880615234,706600,0.0,0.0
2015-08-12 00:00:00-04:00,32.388413802864896,32.592379953457396,31.725518950464014,32.558387756347656,499000,0.0,0.0
2015-08-13 00:00:00-04:00,32.60088765953695,33.093808667700856,32.48190683832443,32.67737579345703,402700,0.0,0.0
2015-08-14 00:00:00-04:00,32.60939030550799,32.983333796428184,32.47341173844195,32.94083786010742,426400,0.0,0.0
2015-08-17 00:00:00-04:00,32.88134095844097,33.102308112609215,32.63488208307749,32.97482681274414,198700,0.0,0.0
2015-08-18 00:00:00-04:00,32.97482784648834,33.221289971562406,32.64338034682939,32.67737579345703,331900,0.0,0.0
2015-08-19 00:00:00-04:00,32.66886903354038,32.66886903354038,32.17594812009039,32.4734001159668,281900,0.0,0.0
2015-08-20 00:00:00-04:00,32.25244096656203,32.35442405981254,31.640535923090784,31.657533645629883,326400,0.0,0.0
2015-08-21 00:00:00-04:00,31.13911340859177,31.530051287899955,30.850158619106594,31.23259925842285,488400,0.0,0.0
2015-08-24 00:00:00-04:00,29.9323060974887,31.224103865609184,26.813293634530375,30.705684661865234,1013000,0.0,0.0
2015-08-25 00:00:00-04:00,31.32608918513859,31.598046288049364,30.34024387659093,30.450727462768555,602900,0.0,0.0
2015-08-26 00:00:00-04:00,30.93515417283312,30.969146382414902,30.110782303261807,30.8841609954834,511100,0.0,0.0
2015-08-27 00:00:00-04:00,31.011628146965055,31.241089235223797,30.450716420368007,30.926639556884766,787100,0.0,0.0
2015-08-28 00:00:00-04:00,30.790676034218016,31.198611739112025,30.69719016064099,30.97764778137207,456600,0.0,0.0
2015-08-31 00:00:00-04:00,31.003127459066903,31.31757713529732,30.501706127896842,30.586694717407227,586800,0.0,0.0
2015-09-01 00:00:00-04:00,30.16177795873324,30.714189503144087,30.068292080236873,30.382741928100586,586600,0.0,0.0
2015-09-02 00:00:00-04:00,30.64619446405764,31.377077105055243,30.467719992596745,31.368579864501953,703200,0.0,0.0
2015-09-03 00:00:00-04:00,31.411079725251305,31.606548722462176,31.011644488335577,31.14762306213379,451700,0.0,0.0
2015-09-04 00:00:00-04:00,30.85866684959134,31.598050109936807,30.85866684959134,31.18161392211914,260900,0.0,0.0
2015-09-08 00:00:00-04:00,31.572545212183257,31.937988106363427,31.428066205608324,31.81050682067871,379600,0.0,0.0
2015-09-09 00:00:00-04:00,32.03998153676366,32.13346741085843,31.40258138646459,31.4450740814209,327600,0.0,0.0
2015-09-10 00:00:00-04:00,31.428066624501596,31.700023678402292,31.283590857984766,31.504554748535156,239200,0.0,0.0
2015-09-11 00:00:00-04:00,31.86998925924941,32.32041740334559,31.6830176181606,32.311920166015625,407600,0.0,0.0
2015-09-14 00:00:00-04:00,32.30339606160817,32.50828161244592,31.936311756410152,32.23509979248047,251000,0.17,0.0
2015-09-15 00:00:00-04:00,32.23509065898708,32.243629318481375,31.80824886751639,31.95337677001953,335600,0.0,0.0
2015-09-16 00:00:00-04:00,31.91070987245588,32.07290866538869,31.57777362264604,31.93631935119629,391000,0.0,0.0
2015-09-17 00:00:00-04:00,31.93630966582245,32.67901363296851,31.825329864027474,32.36315155029297,467300,0.0,0.0
2015-09-18 00:00:00-04:00,31.97045378326998,32.38022155011723,31.8423999313919,31.98752784729004,541600,0.0,0.0
2015-09-21 00:00:00-04:00,32.081433867509354,32.602178170480734,31.961915418264773,32.14972686767578,357700,0.0,0.0
2015-09-22 00:00:00-04:00,31.91070610215577,32.2521777190183,31.739968665451634,32.21803283691406,492000,0.0,0.0
2015-09-23 00:00:00-04:00,32.34607145840448,32.43997717654159,32.021670774806594,32.20094680786133,398100,0.0,0.0
2015-09-24 00:00:00-04:00,32.08997113252465,32.439981327107965,31.586297607973542,32.3546142578125,763900,0.0,0.0
2015-09-25 00:00:00-04:00,32.525349182710166,33.148541178503635,32.23509658092575,32.542423248291016,617900,0.0,0.0
2015-09-28 00:00:00-04:00,32.43144910225888,32.65340545811385,31.236290475683667,31.757038116455078,653500,0.0,0.0
2015-09-29 00:00:00-04:00,32.124127566359945,32.31193581866395,31.458251878867852,31.65460205078125,515200,0.0,0.0
2015-09-30 00:00:00-04:00,31.987533134003666,32.3033952292168,31.620448838264647,31.757038116455078,415500,0.0,0.0
2015-10-01 00:00:00-04:00,31.697283410002427,31.791189157949763,31.06555590524935,31.50093650817871,683300,0.0,0.0
2015-10-02 00:00:00-04:00,31.330198979619503,31.722892782000145,31.057020399133357,31.714357376098633,559800,0.0,0.0
2015-10-05 00:00:00-04:00,31.90216754836094,32.713167933070785,31.74850418045609,32.60218811035156,559800,0.0,0.0
2015-10-06 00:00:00-04:00,32.679022243635785,32.88390783504725,32.21803536191549,32.6107292175293,526300,0.0,0.0
2015-10-07 00:00:00-04:00,32.47413017606589,32.76438277725641,32.081436438144905,32.75584411621094,584000,0.0,0.0
2015-10-08 00:00:00-04:00,32.67048438788516,32.98634653011368,32.15827207602043,32.60218811035156,567100,0.0,0.0
2015-10-09 00:00:00-04:00,32.58510960681463,32.704628076234464,32.337543775808264,32.491207122802734,548200,0.0,0.0
2015-10-12 00:00:00-04:00,32.5253554385959,32.73024100842852,32.48267189470659,32.550968170166016,446000,0.0,0.0
2015-10-13 00:00:00-04:00,32.568039309452466,32.81560514435956,31.90216370980291,32.02167892456055,653100,0.0,0.0
2015-10-14 00:00:00-04:00,32.04728031534446,32.15825682890089,30.655775257533087,30.724071502685547,1058500,0.0,0.0
2015-10-15 00:00:00-04:00,30.869211601919368,30.928969218089634,29.92162189329678,30.800918579101562,1394700,0.0,0.0
2015-10-16 00:00:00-04:00,30.91188891554092,31.27043779681481,30.57895276213707,31.091161727905273,663800,0.0,0.0
2015-10-19 00:00:00-04:00,31.577759504591107,32.28631523750636,31.21067527621579,32.19240951538086,1009800,0.0,0.0
2015-10-20 00:00:00-04:00,32.00461413495769,32.107055301659074,31.116782006089764,31.287519454956055,751600,0.0,0.0
2015-10-21 00:00:00-04:00,31.30458309650234,31.330195824718828,29.964299803286085,30.015522003173828,1071500,0.0,0.0
2015-10-22 00:00:00-04:00,30.314311626146917,30.519197179955263,29.93015650464254,30.36553382873535,943800,0.0,0.0
2015-10-23 00:00:00-04:00,30.73261313007768,30.74968719482422,30.17771742372222,30.74968719482422,656500,0.0,0.0
2015-10-26 00:00:00-04:00,30.570413745661536,30.852127666589176,30.30577063257029,30.647245407104492,1109600,0.0,0.0
2015-10-27 00:00:00-04:00,30.73262366938009,30.73262366938009,30.28870760337019,30.50212860107422,635800,0.0,0.0
2015-10-28 00:00:00-04:00,30.485053532820796,31.671673720174592,30.25455847205809,31.628990173339844,635700,0.0,0.0
2015-10-29 00:00:00-04:00,31.244818991919367,31.244818991919367,29.9728322298231,29.998441696166992,1051900,0.0,0.0
2015-10-30 00:00:00-04:00,29.938681200135772,30.22893373121374,29.11060713218363,29.32402801513672,1585800,0.0,0.0
2015-11-02 00:00:00-05:00,29.426475928233568,29.96429427334644,29.025243577857147,29.887462615966797,1454100,0.0,0.0
2015-11-03 00:00:00-05:00,30.860670295614305,32.00460670390142,30.707006952967884,30.732616424560547,2624300,0.0,0.0
2015-11-04 00:00:00-05:00,30.67285687775258,30.800910740698566,29.392331274472774,29.72526741027832,1270600,0.0,0.0
2015-11-05 00:00:00-05:00,29.170376441452184,29.537460768173528,28.222790075835444,28.974029541015625,1488900,0.0,0.0
2015-11-06 00:00:00-05:00,28.828906991567134,29.195991345615703,28.752075306846603,28.83744239807129,778300,0.0,0.0
2015-11-09 00:00:00-05:00,28.897188068291957,29.03377731171838,28.367905157082628,28.598400115966797,488800,0.0,0.0
2015-11-10 00:00:00-05:00,28.598408295834904,28.922809062963648,28.393522743820604,28.914270401000977,469000,0.0,0.0
2015-11-11 00:00:00-05:00,29.008175330765948,29.36672422261127,28.71792270652746,29.238670349121094,571800,0.0,0.0
2015-11-12 00:00:00-05:00,29.016709553222057,29.43501273040922,28.982561424642963,29.1362247467041,658700,0.0,0.0
2015-11-13 00:00:00-05:00,29.38379690677195,29.435019110743514,28.820365689266684,28.94841957092285,833800,0.0,0.0
2015-11-16 00:00:00-05:00,28.897203549636558,29.477708959334063,28.88013273453915,29.2642879486084,810200,0.0,0.0
2015-11-17 00:00:00-05:00,29.34110772221859,29.674043842640135,28.974023472383337,29.025245666503906,949000,0.0,0.0
2015-11-18 00:00:00-05:00,29.0423185020864,29.255739417072444,28.777675395147604,29.119150161743164,800600,0.0,0.0
2015-11-19 00:00:00-05:00,29.127680701684938,29.204512348512253,28.880114956613962,29.084997177124023,470900,0.0,0.0
2015-11-20 00:00:00-05:00,29.24720762829051,29.88747052367515,29.19598868084885,29.733810424804688,537600,0.0,0.0
2015-11-23 00:00:00-05:00,29.545996568777824,30.15211127966258,29.545996568777824,30.015522003173828,445900,0.0,0.0
2015-11-24 00:00:00-05:00,29.913083253941473,30.041133879091106,29.35818744198992,29.733810424804688,344100,0.0,0.0
2015-11-25 00:00:00-05:00,29.776495509213973,30.527735000673562,29.72527330257305,30.391145706176758,327600,0.0,0.0
2015-11-27 00:00:00-05:00,30.365538048698106,30.47651787479012,30.203339269445053,30.297245025634766,162500,0.0,0.0
2015-11-30 00:00:00-05:00,30.27162671869072,30.33138432407286,29.7508790804647,29.87893295288086,402700,0.0,0.0
2015-12-01 00:00:00-05:00,29.97283900539822,30.186259957294766,29.460626766919336,29.52892303466797,493700,0.0,0.0
2015-12-02 00:00:00-05:00,29.477706313978736,29.870403413448077,29.452096837084653,29.656982421875,284000,0.0,0.0
2015-12-03 00:00:00-05:00,29.6911219365913,29.802101743973992,28.96549199907478,29.11061668395996,324400,0.0,0.0
2015-12-04 00:00:00-05:00,29.119155257092697,29.827711125428156,29.119155257092697,29.819175720214844,394100,0.0,0.0
2015-12-07 00:00:00-05:00,29.810637488585208,30.237479399406038,29.810637488585208,30.049671173095703,406900,0.0,0.0
2015-12-08 00:00:00-05:00,29.699660507956715,30.246017624876902,29.614290173097128,29.819175720214844,391100,0.0,0.0
2015-12-09 00:00:00-05:00,29.759413684434286,30.220403654422395,29.511844635009766,29.511844635009766,249700,0.0,0.0
2015-12-10 00:00:00-05:00,29.494774900793654,29.691121785753044,29.24720581502279,29.52892303466797,453800,0.0,0.0
2015-12-11 00:00:00-05:00,29.0252548258803,29.622834253016425,29.0252548258803,29.37526512145996,668300,0.0,0.0
2015-12-14 00:00:00-05:00,29.34952514723762,29.8213818228023,29.315207465051095,29.787067413330078,692800,0.17,0.0
2015-12-15 00:00:00-05:00,29.804237153711036,30.035873411392764,29.64981080011288,29.718442916870117,436900,0.0,0.0
2015-12-16 00:00:00-05:00,29.79564519751956,29.99296696102063,29.358106204141404,29.787067413330078,326700,0.0,0.0
2015-12-17 00:00:00-05:00,29.898585290792294,30.06159259204259,29.43530982213086,29.606891632080078,378200,0.0,0.0
2015-12-18 00:00:00-05:00,29.56400206640391,29.88143567798677,29.263730566489194,29.272308349609375,1178500,0.0,0.0
2015-12-21 00:00:00-05:00,29.392410832588492,30.113065555119004,29.22940680551742,30.035852432250977,582500,0.0,0.0
2015-12-22 00:00:00-05:00,30.070179407377942,30.34471431303055,29.675535889591593,30.30181884765625,506500,0.0,0.0
2015-12-23 00:00:00-05:00,30.37045745528066,30.756519957611477,30.181713460210787,30.6535701751709,552600,0.0,0.0
2015-12-24 00:00:00-05:00,30.55919817763596,30.765101015231696,30.430511767763882,30.6535701751709,166000,0.0,0.0
2015-12-28 00:00:00-05:00,30.473403690208194,30.790834058196996,30.276081933203578,30.739360809326172,382200,0.0,0.0
2015-12-29 00:00:00-05:00,30.799408602900545,31.168315414476414,30.66214118041047,30.936676025390625,335900,0.0,0.0
2015-12-30 00:00:00-05:00,30.9624191907662,30.9624191907662,30.687884287741152,30.739360809326172,251300,0.0,0.0
2015-12-31 00:00:00-05:00,30.713618091798626,30.91093983068353,30.45624205293631,30.687881469726562,468900,0.0,0.0
2016-01-04 00:00:00-05:00,30.095926092029973,30.353302215033676,29.821387851749066,30.258930206298828,855300,0.0,0.0
2016-01-05 00:00:00-05:00,30.25891888854638,30.885201753602104,30.070174941672633,30.50771713256836,896700,0.0,0.0
2016-01-06 00:00:00-05:00,30.061593569277665,30.533450107403507,29.992958224896203,30.241756439208984,407700,0.0,0.0
2016-01-07 00:00:00-05:00,29.82137803717799,30.190284892067137,29.521106537949095,29.615478515625,593500,0.0,0.0
2016-01-08 00:00:00-05:00,29.503943730014235,30.15596643021771,29.469626056800696,29.70984649658203,883800,0.0,0.0
2016-01-11 00:00:00-05:00,29.787071827967456,30.001552464349214,28.99778138427089,29.43532371520996,519200,0.0,0.0
2016-01-12 00:00:00-05:00,29.563997286066783,30.713613128404052,29.366675579069547,30.662139892578125,849900,0.0,0.0
2016-01-13 00:00:00-05:00,30.67930684403212,30.936686209553,30.284663283548152,30.413352966308594,684800,0.0,0.0
2016-01-14 00:00:00-05:00,30.550608385383185,31.331317413536482,29.872849099207993,31.09967803955078,954200,0.0,0.0
2016-01-15 00:00:00-05:00,30.404754786274914,30.9967230663492,29.41814644067233,30.988142013549805,821400,0.0,0.0
2016-01-19 00:00:00-05:00,31.14257686974638,31.236948840423867,30.336131136826,30.696456909179688,917800,0.0,0.0
2016-01-20 00:00:00-05:00,30.336132739828926,30.507717852608085,29.340943012966385,30.130229949951172,1168400,0.0,0.0
2016-01-21 00:00:00-05:00,30.181700006425928,30.344704028689105,29.598312711455552,29.75273895263672,956300,0.0,0.0
2016-01-22 00:00:00-05:00,30.0701809419733,30.70504498914087,29.692696245615043,30.55919647216797,981200,0.0,0.0
2016-01-25 00:00:00-05:00,30.833728217746792,30.842309274004762,29.890014937641645,30.04444122314453,755100,0.0,0.0
2016-01-26 00:00:00-05:00,30.130233425069786,30.876628260838697,30.130233425069786,30.739360809326172,507800,0.0,0.0
2016-01-27 00:00:00-05:00,30.730783462524414,31.065372711433163,30.49914399649961,30.730783462524414,803600,0.0,0.0
2016-01-28 00:00:00-05:00,31.19406292524879,31.23695839612062,30.722206200229344,31.039636611938477,639800,0.0,0.0
2016-01-29 00:00:00-05:00,31.056781027423824,31.614428435132215,31.056781027423824,31.597272872924805,881600,0.0,0.0
2016-02-01 00:00:00-05:00,31.502901475756758,32.83268011490032,31.502901475756758,32.24071502685547,1408000,0.0,0.0
2016-02-02 00:00:00-05:00,31.97475630213615,32.2921865552555,31.76885356302092,32.04338836669922,527500,0.0,0.0
2016-02-03 00:00:00-05:00,32.163516213196495,32.19783062619819,31.37422580529404,31.700237274169922,576100,0.0,0.0
2016-02-04 00:00:00-05:00,31.657326239560113,31.94901987931312,31.37421038066174,31.71738052368164,665200,0.0,0.0
2016-02-05 00:00:00-05:00,31.71738382131567,31.81175578409358,30.69645433967832,30.90235710144043,1312600,0.0,0.0
2016-02-08 00:00:00-05:00,30.627823105273347,31.562958431456295,30.473396847906365,31.3570556640625,1368600,0.0,0.0
2016-02-09 00:00:00-05:00,31.10826699836142,31.786026528057267,30.679305767827003,30.945262908935547,932400,0.0,0.0
2016-02-10 00:00:00-05:00,30.945255322912825,31.168316940828756,30.516294197535366,30.60208511352539,786300,0.0,0.0
2016-02-11 00:00:00-05:00,30.336136238695673,31.005314655729954,29.98438818965019,30.739360809326172,636000,0.0,0.0
2016-02-12 00:00:00-05:00,30.765100180374365,31.434278657150827,30.765100180374365,31.27127456665039,496100,0.0,0.0
2016-02-16 00:00:00-05:00,31.786028836791417,32.00909052559119,31.46001736154582,31.906137466430664,575800,0.0,0.0
2016-02-17 00:00:00-05:00,32.13776051148142,32.68683012212488,31.974756493544465,32.46377182006836,893900,0.0,0.0
2016-02-18 00:00:00-05:00,32.43805115349788,32.46378778142781,31.425702333868536,31.700237274169922,1302200,0.0,0.0
2016-02-19 00:00:00-05:00,31.76028013303971,32.06055159297404,31.314160197770512,31.528640747070312,1663800,0.0,0.0
2016-02-22 00:00:00-05:00,31.871822430036946,32.54100093793224,31.56296980401923,31.700237274169922,1925000,0.0,0.0
2016-02-23 00:00:00-05:00,34.02519708023187,36.1442661333378,33.65629024249973,35.73246383666992,5272500,0.0,0.0
2016-02-24 00:00:00-05:00,35.41502686238557,36.46169297868917,35.17480969708838,36.3673210144043,1497300,0.0,0.0
2016-02-25 00:00:00-05:00,36.73623581211828,36.744816868582696,36.05847635085164,36.52175521850586,716500,0.0,0.0
2016-02-26 00:00:00-05:00,36.62470630300268,36.71050050715871,36.032741021540225,36.14427185058594,695300,0.0,0.0
2016-02-29 00:00:00-05:00,36.4359582765634,36.56464464786329,35.74104008977504,35.783935546875,1131100,0.0,0.0
2016-03-01 00:00:00-05:00,35.878311414672694,36.35874909545216,35.77536165190351,36.204322814941406,689400,0.0,0.0
2016-03-02 00:00:00-05:00,36.10994957888416,36.307271314289515,35.663829592123165,35.929786682128906,531100,0.0,0.0
2016-03-03 00:00:00-05:00,35.886897378358164,36.26438207527733,35.612359185572664,36.230064392089844,787400,0.0,0.0
2016-03-04 00:00:00-05:00,36.07564342974526,36.89067052614493,35.835426157308895,36.736244201660156,739900,0.0,0.0
2016-03-07 00:00:00-05:00,36.68475308895599,36.75338843821015,36.410218237366536,36.70191192626953,503400,0.0,0.0
2016-03-08 00:00:00-05:00,36.41023700648907,36.770566230392426,36.204337398014516,36.23865509033203,390900,0.0,0.0
2016-03-09 00:00:00-05:00,36.36732370871454,36.79628483436149,35.91262596279714,36.17000198364258,335900,0.0,0.0
2016-03-10 00:00:00-05:00,36.435962272868935,36.538912035743124,35.86973366798996,36.032737731933594,392900,0.0,0.0
2016-03-11 00:00:00-05:00,36.20432870194995,36.496022471155165,35.998425870216764,36.35017395019531,301600,0.0,0.0
2016-03-14 00:00:00-04:00,36.16057923991988,36.56562015400283,36.09163799414661,36.427734375,400700,0.19,0.0
2016-03-15 00:00:00-04:00,36.28983793709483,36.45357622423806,35.8847971419788,35.970977783203125,482900,0.0,0.0
2016-03-16 00:00:00-04:00,35.79001935750693,36.3932710211781,35.58319228207841,36.22091293334961,437600,0.0,0.0
2016-03-17 00:00:00-04:00,36.16057276196422,36.87585737252854,35.82447644132053,36.625938415527344,623900,0.0,0.0
2016-03-18 00:00:00-04:00,36.781060650002736,36.91894640561606,36.2898424401643,36.6000862121582,653700,0.0,0.0
2016-03-21 00:00:00-04:00,36.59146285395936,36.78105698181528,36.341543919504794,36.54837417602539,531500,0.0,0.0
2016-03-22 00:00:00-04:00,36.281229235351596,36.548384373006975,36.01407738515253,36.04854965209961,399100,0.0,0.0
2016-03-23 00:00:00-04:00,35.85033336431844,36.203665858265225,35.60041766429956,35.790008544921875,358100,0.0,0.0
2016-03-24 00:00:00-04:00,35.73829847964326,35.85894810170611,35.393582455930286,35.83309555053711,313300,0.0,0.0
2016-03-28 00:00:00-04:00,36.08300251837805,36.47942683632972,35.936500380459385,36.151947021484375,511600,0.0,0.0
2016-03-29 00:00:00-04:00,36.18643185563843,37.711791711527106,36.18643185563843,37.57390594482422,985800,0.0,0.0
2016-03-30 00:00:00-04:00,37.57389876544916,38.03064795143781,37.57389876544916,37.9013786315918,802700,0.0,0.0
2016-03-31 00:00:00-04:00,37.78073426899329,37.93585615937911,37.34984085957843,37.556671142578125,834300,0.0,0.0
2016-04-01 00:00:00-04:00,37.91000679958386,38.48740243884929,37.504965908635455,38.31504440307617,859500,0.0,0.0
2016-04-04 00:00:00-04:00,38.34090577682119,38.70285474545347,37.789359325283094,37.91862869262695,621600,0.0,0.0
2016-04-05 00:00:00-04:00,37.94447063274053,38.09959251516126,37.01374262567184,37.2205696105957,903800,0.0,0.0
2016-04-06 00:00:00-04:00,37.32398271071788,37.884142086494556,37.27227432585705,37.410160064697266,634500,0.0,0.0
2016-04-07 00:00:00-04:00,37.272279568058366,38.06512185603597,37.272279568058366,37.582523345947266,656600,0.0,0.0
2016-04-08 00:00:00-04:00,37.69455729858023,37.92723684915055,37.38431351454532,37.80658721923828,388700,0.0,0.0
2016-04-11 00:00:00-04:00,37.832448475876,38.28919450806477,37.832448475876,37.927242279052734,522600,0.0,0.0
2016-04-12 00:00:00-04:00,37.83243522750213,38.34950590221282,37.806579392547974,38.263328552246094,453100,0.0,0.0
2016-04-13 00:00:00-04:00,38.47016400265405,38.56496108102494,37.349841768405966,37.729026794433594,795900,0.0,0.0
2016-04-14 00:00:00-04:00,37.72901891403671,37.8324356801804,37.04820995126106,37.26365661621094,660300,0.0,0.0
2016-04-15 00:00:00-04:00,37.298133156142526,37.44463862752767,36.87585944808864,37.42740249633789,738000,0.0,0.0
2016-04-18 00:00:00-04:00,36.910333335008694,37.263665821310646,36.677650484889455,37.030982971191406,640400,0.0,0.0
2016-04-19 00:00:00-04:00,36.74659524728658,36.88448102863365,36.17781598829786,36.53976821899414,812400,0.0,0.0
2016-04-20 00:00:00-04:00,36.350174036845786,36.70350655701368,36.350174036845786,36.53976821899414,780900,0.0,0.0
2016-04-21 00:00:00-04:00,36.660418231859495,36.69489049940367,35.93651705071359,36.0830192565918,619700,0.0,0.0
2016-04-22 00:00:00-04:00,36.117482344792535,36.539759296245116,35.876183108222804,36.31569290161133,652000,0.0,0.0
2016-04-25 00:00:00-04:00,36.39326095581055,36.57423541862225,36.18643393758465,36.39326095581055,403500,0.0,0.0
2016-04-26 00:00:00-04:00,36.203665387341175,36.61732598275989,36.14334056872929,36.57423400878906,455900,0.0,0.0
2016-04-27 00:00:00-04:00,36.25536714112978,36.3587806273096,35.79000152213742,36.065773010253906,614600,0.0,0.0
2016-04-28 00:00:00-04:00,35.76414090817646,35.90202662114353,35.22121447510718,35.41080856323242,1060000,0.0,0.0
2016-04-29 00:00:00-04:00,35.42806494847114,35.62627556874575,34.910990763555276,35.09196853637695,674400,0.0,0.0
2016-05-02 00:00:00-04:00,35.56593385115711,36.34153982903535,35.23845401829917,36.24674606323242,1706600,0.0,0.0
2016-05-03 00:00:00-04:00,37.436022827172096,37.9186246885101,36.6690329901475,37.617000579833984,2370300,0.0,0.0
2016-05-04 00:00:00-04:00,37.48772770742274,38.01341820816346,37.37569449723474,37.7548828125,1018000,0.0,0.0
2016-05-05 00:00:00-04:00,37.83244231007508,38.20301090172507,37.565287215236125,37.582523345947266,678700,0.0,0.0
2016-05-06 00:00:00-04:00,37.47049464718869,37.61700013212786,36.69488839662847,37.4532585144043,656100,0.0,0.0
2016-05-09 00:00:00-04:00,37.548056164931126,38.745939468059525,37.49634776580135,38.43569564819336,801400,0.0,0.0
2016-05-10 00:00:00-04:00,38.43569759007586,39.05618526115702,38.23748698124858,38.883827209472656,661900,0.0,0.0
2016-05-11 00:00:00-04:00,39.599112813978316,39.60772923739007,38.0909855827737,38.23748779296875,1365700,0.0,0.0
2016-05-12 00:00:00-04:00,38.33228514806775,38.58220416563966,38.00480516943754,38.37537384033203,9562500,0.0,0.0
2016-05-13 00:00:00-04:00,38.42707178677166,38.590810087802154,37.66869851695374,37.70317077636719,996600,0.0,0.0
2016-05-16 00:00:00-04:00,37.62561458614422,38.375368242027335,37.25504596930931,38.306427001953125,761000,0.0,0.0
2016-05-17 00:00:00-04:00,38.09959845941485,38.547728046607396,37.91862399750713,38.022037506103516,828500,0.0,0.0
2016-05-18 00:00:00-04:00,37.892761831815015,37.996175314183546,36.95341420770789,37.246421813964844,916000,0.0,0.0
2016-05-19 00:00:00-04:00,37.01373844013468,37.77211163649472,36.987882604351256,37.651458740234375,641700,0.0,0.0
2016-05-20 00:00:00-04:00,37.8496813219399,38.134072593839086,37.69456269517054,37.927242279052734,578200,0.0,0.0
2016-05-23 00:00:00-04:00,38.056505313874496,38.18577465007071,37.358456815835346,37.39292907714844,593600,0.0,0.0
2016-05-24 00:00:00-04:00,37.73764918601046,38.306428409205836,37.49634661824602,38.12545394897461,802300,0.0,0.0
2016-05-25 00:00:00-04:00,38.14268528717854,38.47016521712827,37.83244477651964,38.1168327331543,460000,0.0,0.0
2016-05-26 00:00:00-04:00,38.177154661436646,38.60804806232748,38.177154661436646,38.36674880981445,413100,0.0,0.0
2016-05-27 00:00:00-04:00,38.521876591741645,39.08203612614178,38.521876591741645,38.92691421508789,483200,0.0,0.0
2016-05-31 00:00:00-04:00,38.85796795949515,38.892440221385854,38.4960157845544,38.616668701171875,423500,0.0,0.0
2016-06-01 00:00:00-04:00,38.642522558287816,39.46122072482116,38.642522558287816,39.11650466918945,747200,0.0,0.0
2016-06-02 00:00:00-04:00,39.125122470656116,39.40089398673048,38.88381992849921,39.375038146972656,522300,0.0,0.0
2016-06-03 00:00:00-04:00,39.23715759739979,39.44398790563877,38.73732289096129,39.194068908691406,445900,0.0,0.0
2016-06-06 00:00:00-04:00,39.25438501731764,39.642189704526935,39.02170220499206,39.51292037963867,561200,0.0,0.0
2016-06-07 00:00:00-04:00,39.50431221123753,39.90935311220862,39.297481905700586,39.624961853027344,490700,0.0,0.0
2016-06-08 00:00:00-04:00,39.607718178254764,39.97828674316406,39.38365507009022,39.97828674316406,595900,0.0,0.0
2016-06-09 00:00:00-04:00,39.98690957585909,40.3402420389074,39.952437314231005,40.10755920410156,408200,0.0,0.0
2016-06-10 00:00:00-04:00,39.94382244534262,40.090327931287064,39.36642678665671,39.5991096496582,389300,0.0,0.0
2016-06-13 00:00:00-04:00,39.55583239837415,39.85871212169161,39.25295597616211,39.270263671875,355800,0.19,0.0
2016-06-14 00:00:00-04:00,39.175076724181345,39.780832927358844,39.157769026821335,39.68564224243164,670000,0.0,0.0
2016-06-15 00:00:00-04:00,39.694286808701165,39.87601594548811,39.51256097301932,39.547176361083984,501500,0.0,0.0
2016-06-16 00:00:00-04:00,39.31353497904524,39.64237462648237,39.25295968887336,39.53852844238281,512400,0.0,0.0
2016-06-17 00:00:00-04:00,39.63372091049434,39.63372091049434,38.751048112568405,39.2010383605957,696200,0.0,0.0
2016-06-20 00:00:00-04:00,39.46064718307835,39.7721791468094,39.417379588361456,39.62506866455078,422700,0.0,0.0
2016-06-21 00:00:00-04:00,39.55583366709307,39.73755952624899,39.48660618312651,39.50391387939453,361500,0.0,0.0
2016-06-22 00:00:00-04:00,39.52988059874525,39.642378993359365,39.10585021972656,39.10585021972656,459000,0.0,0.0
2016-06-23 00:00:00-04:00,39.131804065875365,40.32600531917994,38.94142272066508,40.282737731933594,871300,0.0,0.0
2016-06-24 00:00:00-04:00,38.78566013484537,39.90198180874,38.51739578884652,39.607757568359375,1299300,0.0,0.0
2016-06-27 00:00:00-04:00,39.24432132485874,39.77219477064634,38.08473150494887,38.387611389160156,1110400,0.0,0.0
2016-06-28 00:00:00-04:00,38.48279470931741,38.9154773453975,38.30972099466407,38.78567123413086,959800,0.0,0.0
2016-06-29 00:00:00-04:00,38.98469371403305,39.49525921080113,38.75104476116233,39.46929931640625,593400,0.0,0.0
2016-06-30 00:00:00-04:00,39.43468387394805,39.64237293216479,38.82027549926132,39.46064376831055,825100,0.0,0.0
2016-07-01 00:00:00-04:00,39.304876176962,39.67698338595228,39.149113516113125,39.25295639038086,431700,0.0,0.0
2016-07-05 00:00:00-04:00,39.270272137168895,39.40007493133838,39.04527534550532,39.23565673828125,444600,0.0,0.0
2016-07-06 00:00:00-04:00,39.218339738848904,39.71159750215841,39.149112258595906,39.58179473876953,492400,0.0,0.0
2016-07-07 00:00:00-04:00,39.52122679161242,39.737568089927194,39.166427194420436,39.330848693847656,414300,0.0,0.0
2016-07-08 00:00:00-04:00,39.45198817814981,39.71159700276822,39.304874420166016,39.304874420166016,687100,0.0,0.0
2016-07-11 00:00:00-04:00,39.34814575616229,40.52504262900023,39.27891497488695,40.274085998535156,834200,0.0,0.0
2016-07-12 00:00:00-04:00,40.44717276687706,40.620243173978196,40.11833305139336,40.490440368652344,552000,0.0,0.0
2016-07-13 00:00:00-04:00,40.64619401871961,40.64619401871961,40.30870220592729,40.3779296875,439700,0.0,0.0
2016-07-14 00:00:00-04:00,40.63754528813317,40.95773275968558,40.464471603719474,40.68946838378906,654100,0.0,0.0
2016-07-15 00:00:00-04:00,40.76734589339751,40.793305787180806,40.282740302441184,40.33466339111328,494900,0.0,0.0
2016-07-18 00:00:00-04:00,39.97121727196417,40.17025087119586,39.73756827257752,40.00583267211914,561600,0.0,0.0
2016-07-19 00:00:00-04:00,40.10102374277499,40.23082984400321,39.901990141702996,40.126983642578125,552900,0.0,0.0
2016-07-20 00:00:00-04:00,40.282751258582,40.75004928041046,40.204868254943925,40.490440368652344,505300,0.0,0.0
2016-07-21 00:00:00-04:00,40.51638923305584,40.51638923305584,40.083706730950496,40.473121643066406,528500,0.0,0.0
2016-07-22 00:00:00-04:00,40.38658838416589,41.849057543093906,40.38658838416589,41.805789947509766,1022000,0.0,0.0
2016-07-25 00:00:00-04:00,41.7538658468001,42.40288966825295,41.38175859174533,42.385581970214844,633500,0.0,0.0
2016-07-26 00:00:00-04:00,39.80679067397121,40.386583649257076,39.330840576133966,39.901981353759766,3079900,0.0,0.0
2016-07-27 00:00:00-04:00,39.87602525491904,39.97121264266161,39.50391799911471,39.7548713684082,1062600,0.0,0.0
2016-07-28 00:00:00-04:00,39.91062223044131,41.08751884470784,39.87601014851347,40.73271942138672,1062200,0.0,0.0
2016-07-29 00:00:00-04:00,40.992340156634405,41.338487485782096,40.52504555372228,40.8625373840332,920800,0.0,0.0
2016-08-01 00:00:00-04:00,40.862537326166915,41.606751772006646,40.68946366183816,41.27791213989258,1660500,0.0,0.0
2016-08-02 00:00:00-04:00,36.423213112893436,37.77318370614114,35.9991828088837,36.17225646972656,7368100,0.0,0.0
2016-08-03 00:00:00-04:00,36.36264444658264,36.899169921875,36.36264444658264,36.899169921875,2773400,0.0,0.0
2016-08-04 00:00:00-04:00,36.95108450095893,37.32319169833816,36.83858613170105,36.92512130737305,1181700,0.0,0.0
2016-08-05 00:00:00-04:00,36.99435657149605,38.647203715511644,36.94243347913798,38.57797622680664,1598700,0.0,0.0
2016-08-08 00:00:00-04:00,38.76835507432489,39.47795417859196,38.66451218863127,38.82027816772461,1310600,0.0,0.0
2016-08-09 00:00:00-04:00,38.89817951443274,39.44336069854599,38.81164098459321,39.24432373046875,774700,0.0,0.0
2016-08-10 00:00:00-04:00,39.13180669648401,39.40872323480251,38.99334842732477,39.22699737548828,740100,0.0,0.0
2016-08-11 00:00:00-04:00,39.43468640956377,39.997175031693025,39.38276331639457,39.65102767944336,937800,0.0,0.0
2016-08-12 00:00:00-04:00,39.452002880380924,40.092374634113014,39.452002880380924,39.88468551635742,664800,0.0,0.0
2016-08-15 00:00:00-04:00,40.21353267885964,40.42987403684601,40.05776663702089,40.30006790161133,554300,0.0,0.0
2016-08-16 00:00:00-04:00,40.1442799628772,40.317353615083846,39.83274804912631,39.85871124267578,519000,0.0,0.0
2016-08-17 00:00:00-04:00,39.90198814144499,40.049098634429896,39.47795775964792,39.78948974609375,550400,0.0,0.0
2016-08-18 00:00:00-04:00,39.72891019752958,40.02313445312108,39.72891019752958,39.94525146484375,614600,0.0,0.0
2016-08-19 00:00:00-04:00,39.94525289135705,39.94525289135705,39.29622906623679,39.34815216064453,695000,0.0,0.0
2016-08-22 00:00:00-04:00,39.348156393845585,39.45199929272693,39.088544194982866,39.330848693847656,508100,0.0,0.0
2016-08-23 00:00:00-04:00,39.55583109806625,39.55583109806625,39.13180412090832,39.31352996826172,636500,0.0,0.0
2016-08-24 00:00:00-04:00,39.32218557667246,39.4606438487306,38.828927776146244,38.90681076049805,722200,0.0,0.0
2016-08-25 00:00:00-04:00,38.880847467293044,39.20103157448112,38.880847467293044,38.88949966430664,567800,0.0,0.0
2016-08-26 00:00:00-04:00,39.01931217266395,39.13181055905566,38.37894055140251,38.517398834228516,689100,0.0,0.0
2016-08-29 00:00:00-04:00,38.777008861927,38.87219624396561,38.57797529767335,38.595279693603516,330400,0.0,0.0
2016-08-30 00:00:00-04:00,38.71643752276113,38.71643752276113,38.13664116677868,38.327022552490234,570200,0.0,0.0
2016-08-31 00:00:00-04:00,38.153949281190975,38.47413345974326,38.136641582200845,38.309715270996094,738100,0.0,0.0
2016-09-01 00:00:00-04:00,38.22317677604545,38.45682576075313,37.98953109244381,38.309715270996094,1060300,0.0,0.0
2016-09-02 00:00:00-04:00,38.23182839556687,38.55201254162049,38.23182839556687,38.43951416015625,373500,0.0,0.0
2016-09-06 00:00:00-04:00,38.64720618691388,38.69912928259231,38.465480303698314,38.61259078979492,356900,0.0,0.0
2016-09-07 00:00:00-04:00,38.699127197265625,38.837585477174564,38.474130429222484,38.699127197265625,800400,0.0,0.0
2016-09-08 00:00:00-04:00,38.45682545551557,38.65585904066323,37.902992296651476,37.91164779663086,620300,0.0,0.0
2016-09-09 00:00:00-04:00,37.78184711769946,37.78184711769946,36.881866455078125,36.881866455078125,536800,0.0,0.0
2016-09-12 00:00:00-04:00,36.681931555555714,37.7510964419531,36.56023847650218,37.73371124267578,646600,0.19,0.0
2016-09-13 00:00:00-04:00,37.559863478012396,37.681556560021505,37.16870477449183,37.52509307861328,634500,0.0,0.0
2016-09-14 00:00:00-04:00,37.65548602312613,37.66418028221388,36.96878545427892,37.038326263427734,557000,0.0,0.0
2016-09-15 00:00:00-04:00,36.90794035961069,37.551179606048926,36.76017110817491,37.53379440307617,513300,0.0,0.0
2016-09-16 00:00:00-04:00,37.61202810325802,38.09880386399887,37.45556458430163,37.985801696777344,845600,0.0,0.0
2016-09-19 00:00:00-04:00,37.95972100681121,38.116184520713354,37.53379513132418,37.759796142578125,453800,0.0,0.0
2016-09-20 00:00:00-04:00,37.96841515620609,38.0466469129301,37.594641575845685,37.60333251953125,629700,0.0,0.0
2016-09-21 00:00:00-04:00,37.57726050870046,37.9336489250288,37.00356200154049,37.2469482421875,1411600,0.0,0.0
2016-09-22 00:00:00-04:00,37.212179362525774,37.33387247701121,36.57763432564549,37.07310104370117,2208900,0.0,0.0
2016-09-23 00:00:00-04:00,37.15132815695008,37.67287095831531,37.012249855526804,37.39471435546875,1141800,0.0,0.0
2016-09-26 00:00:00-04:00,37.15131867303708,37.246932286698325,36.047383486599024,36.07345962524414,1287800,0.0,0.0
2016-09-27 00:00:00-04:00,35.95177655294748,35.96916175550708,35.047765915178246,35.65623474121094,1737300,0.0,0.0
2016-09-28 00:00:00-04:00,35.57799836575421,35.57799836575421,34.291523386462735,34.71744918823242,1530400,0.0,0.0
2016-09-29 00:00:00-04:00,33.93513524938895,34.37844625380307,33.691745759774676,33.73521041870117,1242300,0.0,0.0
2016-09-30 00:00:00-04:00,33.969902032227004,34.15244164308047,33.87428509819302,33.92643737792969,1038600,0.0,0.0
2016-10-03 00:00:00-04:00,33.735209784086436,33.87428806872633,33.57874629938057,33.62220764160156,776900,0.0,0.0
2016-10-04 00:00:00-04:00,33.674368246269495,34.45668247017351,33.43967298433178,33.72652053833008,1127000,0.0,0.0
2016-10-05 00:00:00-04:00,33.8395226780474,33.90906017271744,32.361813612565086,33.022438049316406,885600,0.0,0.0
2016-10-06 00:00:00-04:00,32.84859273571836,33.30059810342524,32.639973598358,33.17890167236328,837100,0.0,0.0
2016-10-07 00:00:00-04:00,33.257130563585115,33.41359407412707,32.90943645251622,33.01374435424805,950000,0.0,0.0
2016-10-10 00:00:00-04:00,33.01373665034533,33.448356674677235,32.892043574074414,32.93550491333008,1175000,0.0,0.0
2016-10-11 00:00:00-04:00,32.98766927038024,33.27451683835475,32.84859095829503,33.00505447387695,907300,0.0,0.0
2016-10-12 00:00:00-04:00,33.13544202716814,33.613523568229326,33.00505796099992,33.361446380615234,1201800,0.0,0.0
2016-10-13 00:00:00-04:00,33.08327337741749,33.57004562263987,33.08327337741749,33.21365737915039,856900,0.0,0.0
2016-10-14 00:00:00-04:00,33.03112076278107,33.578742903875685,33.022429821570846,33.500511169433594,799100,0.0,0.0
2016-10-17 00:00:00-04:00,33.587440623615876,33.79605972952692,33.022436486073154,33.074588775634766,942800,0.0,0.0
2016-10-18 00:00:00-04:00,33.778677443325364,33.778677443325364,33.28321075439453,33.28321075439453,723400,0.0,0.0
2016-10-19 00:00:00-04:00,33.387507801308026,34.587059913011956,33.29189087210075,34.378440856933594,1069800,0.0,0.0
2016-10-20 00:00:00-04:00,34.16113705957086,34.18721651874321,33.73521124511581,34.03944396972656,721100,0.0,0.0
2016-10-21 00:00:00-04:00,34.11768138257763,34.387147066198125,33.86560090266381,34.334991455078125,591500,0.0,0.0
2016-10-24 00:00:00-04:00,34.58706877847993,34.76960842690802,34.37844966892766,34.526222229003906,532000,0.0,0.0
2016-10-25 00:00:00-04:00,34.291523704721,34.44798719299527,33.75259575393624,33.89167404174805,563100,0.0,0.0
2016-10-26 00:00:00-04:00,33.92644432336773,34.01337033387033,33.604826374228765,33.7786750793457,967600,0.0,0.0
2016-10-27 00:00:00-04:00,34.01336789202348,34.19590752714189,33.778672654347815,34.11767578125,636000,0.0,0.0
2016-10-28 00:00:00-04:00,34.1872272738637,34.79569291450527,34.15245686128731,34.67399978637695,707300,0.0,0.0
2016-10-31 00:00:00-04:00,34.8391578732384,35.33462465089439,34.76961704751661,35.221622467041016,1128200,0.0,0.0
2016-11-01 00:00:00-04:00,35.108606127207956,35.66491924511751,35.108606127207956,35.16945266723633,1619000,0.0,0.0
2016-11-02 00:00:00-04:00,35.16075976085337,35.42153110581684,33.50051144165794,34.326290130615234,1863100,0.0,0.0
2016-11-03 00:00:00-04:00,34.29151991552419,34.68267859298703,33.90036123806136,33.92643737792969,613100,0.0,0.0
2016-11-04 00:00:00-04:00,33.96121359642246,34.41321888831626,33.61351619776934,33.70913314819336,628900,0.0,0.0
2016-11-07 00:00:00-05:00,34.27414672053741,34.67399647936328,33.95252872460257,34.63053512573242,651100,0.0,0.0
2016-11-08 00:00:00-05:00,34.51752211221822,34.926066002986865,34.33498249476794,34.6652946472168,490000,0.0,0.0
2016-11-09 00:00:00-05:00,33.952519816860224,36.89924325284266,33.71782458976146,36.61239242553711,1936800,0.0,0.0
2016-11-10 00:00:00-05:00,36.88186861447223,38.98542868688205,36.777560700076315,38.58557891845703,2518700,0.0,0.0
2016-11-11 00:00:00-05:00,38.59426653111082,39.23750242762599,38.46387917365837,39.167964935302734,1250200,0.0,0.0
2016-11-14 00:00:00-05:00,39.506971507649986,40.45444354832677,39.16796832797555,40.115440368652344,983700,0.0,0.0
2016-11-15 00:00:00-05:00,40.367509353876855,40.367509353876855,39.84596661630956,40.15889358520508,985200,0.0,0.0
2016-11-16 00:00:00-05:00,40.19367585629051,40.72390969253456,39.90682494478695,39.958980560302734,1157000,0.0,0.0
2016-11-17 00:00:00-05:00,39.68081709510241,40.002435045830836,39.08973348431661,39.51565933227539,1239100,0.0,0.0
2016-11-18 00:00:00-05:00,39.5851940572766,39.828580218704815,39.14187975937492,39.4635009765625,581700,0.0,0.0
2016-11-21 00:00:00-05:00,39.767739467668896,39.81120081483843,39.19404106372166,39.79381561279297,838200,0.0,0.0
2016-11-22 00:00:00-05:00,39.96766453489302,40.80213434228748,39.74166353884844,40.776058197021484,625600,0.0,0.0
2016-11-23 00:00:00-05:00,40.97597862765251,41.56706217310115,40.88036168414054,41.332366943359375,896100,0.0,0.0
2016-11-25 00:00:00-05:00,41.41061305916334,41.71484919555648,41.210688160562206,41.69746398925781,312800,0.0,0.0
2016-11-28 00:00:00-05:00,41.42799035113048,41.69745602344804,41.0194463708819,41.228065490722656,788400,0.0,0.0
2016-11-29 00:00:00-05:00,41.41060062083231,41.48014142513931,41.002056685248846,41.036827087402344,606200,0.0,0.0
2016-11-30 00:00:00-05:00,41.115062989956755,41.41929906571806,40.70652232896861,40.75867462158203,686600,0.0,0.0
2016-12-01 00:00:00-05:00,40.8542953411322,41.52361079037228,40.80213972782784,41.5062255859375,629400,0.0,0.0
2016-12-02 00:00:00-05:00,41.46275535279172,41.67137112955288,41.184598773184845,41.32367706298828,374100,0.0,0.0
2016-12-05 00:00:00-05:00,41.62791936479244,41.82784424514695,41.445379689149895,41.653995513916016,576700,0.0,0.0
2016-12-06 00:00:00-05:00,41.60182759551379,41.697444527584146,40.74997277980407,41.3062858581543,774000,0.0,0.0
2016-12-07 00:00:00-05:00,41.827834683287946,42.679689624107525,41.436675956409566,42.66230773925781,920800,0.0,0.0
2016-12-08 00:00:00-05:00,42.81006865846163,43.792310756129616,42.340678277357924,43.57500076293945,1115500,0.0,0.0
2016-12-09 00:00:00-05:00,43.58370102517806,43.90531895543735,43.4793931345863,43.63585662841797,714200,0.0,0.0
2016-12-12 00:00:00-05:00,43.57477780877922,43.92379619269291,43.32174297535208,43.67948532104492,545900,0.19,0.0
2016-12-13 00:00:00-05:00,43.749279801221846,44.05467166901161,43.147226682956706,43.5485954284668,498500,0.0,0.0
2016-12-14 00:00:00-05:00,43.38282468783262,43.92380023707295,42.44920425265723,42.60626220703125,873400,0.0,0.0
2016-12-15 00:00:00-05:00,42.7982143060817,43.129781429480296,42.50154968587998,42.72841262817383,771400,0.0,0.0
2016-12-16 00:00:00-05:00,42.89418551107175,43.40898567533574,42.80693259990234,42.99016571044922,1341800,0.0,0.0
2016-12-19 00:00:00-05:00,42.96399897587206,43.51369841592079,42.806941042005036,42.93782043457031,642200,0.0,0.0
2016-12-20 00:00:00-05:00,42.82439405212332,43.688209395381946,42.64988485971686,43.11233139038086,510800,0.0,0.0
2016-12-21 00:00:00-05:00,43.13850059955335,43.19085434853364,42.84183601230279,42.85928726196289,256600,0.0,0.0
2016-12-22 00:00:00-05:00,42.76331265414358,43.03380206657503,42.55390428776554,42.67605972290039,421800,0.0,0.0
2016-12-23 00:00:00-05:00,42.54517594373159,42.9116455685449,42.466646976163446,42.868019104003906,418900,0.0,0.0
2016-12-27 00:00:00-05:00,42.97271666013565,43.43516310425631,42.955265411312276,43.24320602416992,473700,0.0,0.0
2016-12-28 00:00:00-05:00,43.35664750303346,43.35664750303346,42.24851782507542,42.42302703857422,426300,0.0,0.0
2016-12-29 00:00:00-05:00,42.47538072145952,42.94655459847616,42.47538072145952,42.78076934814453,293700,0.0,0.0
2016-12-30 00:00:00-05:00,42.84184122267504,42.84184122267504,42.0129283981651,42.09145736694336,795900,0.0,0.0
2017-01-03 00:00:00-05:00,42.36194273111925,42.963999257721035,41.45449762470923,41.7249870300293,964200,0.0,0.0
2017-01-04 00:00:00-05:00,41.78606333646508,42.614979447465466,41.59410290506889,42.34449005126953,968300,0.0,0.0
2017-01-05 00:00:00-05:00,42.204885870084574,42.327041305116,41.157834053623006,41.53302764892578,831400,0.0,0.0
2017-01-06 00:00:00-05:00,41.637726887885805,41.637726887885805,39.79666178101873,39.87519073486328,1252300,0.0,0.0
2017-01-09 00:00:00-05:00,39.67451195798812,40.06715345402494,39.29931838438718,39.33422088623047,1060800,0.0,0.0
2017-01-10 00:00:00-05:00,39.438933065287806,40.66921821275504,39.34295282998761,40.346378326416016,756700,0.0,0.0
2017-01-11 00:00:00-05:00,39.97989711014676,40.52959981748604,39.84029044319391,40.4859733581543,723600,0.0,0.0
2017-01-12 00:00:00-05:00,40.18058137586676,41.16655533079529,40.18058137586676,41.13165283203125,785800,0.0,0.0
2017-01-13 00:00:00-05:00,41.31489284405989,41.4894020384813,40.20676661572894,40.97460174560547,710500,0.0,0.0
2017-01-17 00:00:00-05:00,41.19273676415959,41.716264339260036,40.695387731330065,40.88734817504883,651700,0.0,0.0
2017-01-18 00:00:00-05:00,40.98333900217061,41.122945725959575,40.63432052845477,41.088043212890625,358900,0.0,0.0
2017-01-19 00:00:00-05:00,40.90480221475455,40.94842868353126,39.92755200602793,39.936279296875,588800,0.0,0.0
2017-01-20 00:00:00-05:00,39.77920451095478,40.520864151728944,39.77920451095478,40.477237701416016,404100,0.0,0.0
2017-01-23 00:00:00-05:00,40.294019766957966,40.459801671888975,39.81412197606416,40.328922271728516,395900,0.0,0.0
2017-01-24 00:00:00-05:00,40.29401786088548,40.5732312288698,39.78794155111022,40.0846061706543,595500,0.0,0.0
2017-01-25 00:00:00-05:00,40.1195070155223,40.85244290830832,39.796667196225414,40.69538497924805,739300,0.0,0.0
2017-01-26 00:00:00-05:00,40.52959811808593,41.07930080237625,40.52959811808593,40.817535400390625,477800,0.0,0.0
2017-01-27 00:00:00-05:00,40.948431263659195,40.948431263659195,39.90137930461317,40.41617965698242,419600,0.0,0.0
2017-01-30 00:00:00-05:00,39.98863557615075,40.503432600033584,39.875204087395105,40.41617965698242,431000,0.0,0.0
2017-01-31 00:00:00-05:00,40.12823430518441,40.78264123344029,40.02352680015372,40.69538497924805,519400,0.0,0.0
2017-02-01 00:00:00-05:00,40.76518879554135,40.93969464187279,39.69196186387179,39.74431228637695,603500,0.0,0.0
2017-02-02 00:00:00-05:00,39.61343290162837,40.27656377175058,39.43892372681127,39.74431228637695,499200,0.0,0.0
2017-02-03 00:00:00-05:00,40.040973040921045,40.320186362428515,39.508721606645764,40.31146240234375,319800,0.0,0.0
2017-02-06 00:00:00-05:00,40.119501995625356,40.878613005443455,40.119501995625356,40.31146240234375,655800,0.0,0.0
2017-02-07 00:00:00-05:00,40.52960878337987,40.91352637030848,40.16313912125538,40.3027458190918,370700,0.0,0.0
2017-02-08 00:00:00-05:00,40.27657628095938,41.218924120557325,39.91010989566243,41.12294387817383,562700,0.0,0.0
2017-02-09 00:00:00-05:00,41.070568406544616,42.361930693248766,40.8873353107285,41.646446228027344,767700,0.0,0.0
2017-02-10 00:00:00-05:00,41.67263418968197,42.108905500969826,41.567930006948956,41.95185089111328,504800,0.0,0.0
2017-02-13 00:00:00-05:00,42.27468633933914,42.31831280024021,41.71625965144006,41.80351257324219,574800,0.0,0.0
2017-02-14 00:00:00-05:00,41.62028638092893,42.28341735127083,41.585383874993525,42.22233963012695,328000,0.0,0.0
2017-02-15 00:00:00-05:00,42.06528113190669,42.12635885225198,41.68136355709537,41.92567443847656,481400,0.0,0.0
2017-02-16 00:00:00-05:00,41.951844504778364,42.231057835219026,41.53302118063191,41.97801971435547,432600,0.0,0.0
2017-02-17 00:00:00-05:00,42.03910361159587,42.22233676258317,41.65518605783878,42.09145736694336,1075400,0.0,0.0
2017-02-21 00:00:00-05:00,42.16998822587852,42.30959491791005,41.55048040953293,41.698814392089844,1497300,0.0,0.0
2017-02-22 00:00:00-05:00,37.03943399519245,38.38315039655963,35.59973737537249,36.568260192871094,8296200,0.0,0.0
2017-02-23 00:00:00-05:00,36.55953700959888,36.891100807783936,36.219242592799574,36.725318908691406,2523600,0.0,0.0
2017-02-24 00:00:00-05:00,36.367582669881465,36.97836327038015,36.00984026978011,36.8387565612793,1041700,0.0,0.0
2017-02-27 00:00:00-05:00,36.786403281028214,36.94346124689324,36.56826758715862,36.7078742980957,916600,0.0,0.0
2017-02-28 00:00:00-05:00,36.61188565376634,37.21394216083937,36.58571044162778,36.90855026245117,969900,0.0,0.0
2017-03-01 00:00:00-05:00,37.3099136736916,37.77236343526691,37.27501450536266,37.66765594482422,1648600,0.0,0.0
2017-03-02 00:00:00-05:00,37.65893235339341,37.74618526779755,37.30119007875992,37.38844299316406,672000,0.0,0.0
2017-03-03 00:00:00-05:00,37.25758299853862,37.55424772168199,37.004544755286645,37.318660736083984,1042400,0.0,0.0
2017-03-06 00:00:00-05:00,37.19648985665932,37.528053629311714,37.02198068087687,37.10050964355469,1386100,0.0,0.0
2017-03-07 00:00:00-05:00,37.004529439586776,37.187762576385026,35.98365625300879,36.02728271484375,1303800,0.0,0.0
2017-03-08 00:00:00-05:00,36.062183632183796,36.62933426810559,35.90512571368593,36.07090759277344,920000,0.0,0.0
2017-03-09 00:00:00-05:00,36.07963373387201,36.16688998746954,35.8004203793314,35.96620559692383,1017300,0.0,0.0
2017-03-10 00:00:00-05:00,36.19307573214836,36.43738665634888,35.817882053705155,36.09709548950195,1079800,0.0,0.0
2017-03-13 00:00:00-04:00,36.27248663747012,36.27248663747012,35.32533113922842,35.6673583984375,915700,0.21,0.0
2017-03-14 00:00:00-04:00,35.95676481346251,36.632050798000726,35.702435674064816,36.01815414428711,2126000,0.0,0.0
2017-03-15 00:00:00-04:00,36.1058538028128,37.42134525564147,36.03569599830518,37.32487869262695,1582800,0.0,0.0
2017-03-16 00:00:00-04:00,37.359962993768,37.61429219236744,37.202103721910994,37.517822265625,868500,0.0,0.0
2017-03-17 00:00:00-04:00,38.14925920568933,39.04379396093412,38.02648051593447,38.71930694580078,1878000,0.0,0.0
2017-03-20 00:00:00-04:00,38.57898225034312,38.6052910098309,38.29834098544587,38.5175895690918,869400,0.0,0.0
2017-03-21 00:00:00-04:00,38.728058679891554,38.89468635175998,37.92122572709672,37.93876266479492,1210100,0.0,0.0
2017-03-22 00:00:00-04:00,37.92123214294857,38.070319556875795,37.5616646408957,37.91246032714844,668500,0.0,0.0
2017-03-23 00:00:00-04:00,37.877378023171744,38.53512366847517,37.78967994198489,38.17555618286133,673500,0.0,0.0
2017-03-24 00:00:00-04:00,38.20186828359126,38.42111683202574,37.929998879164266,38.17555618286133,639500,0.0,0.0
2017-03-27 00:00:00-04:00,38.06155812079738,38.07909506470369,37.71952749619821,37.947547912597656,611900,0.0,0.0
2017-03-28 00:00:00-04:00,38.0527760778133,38.7894513062389,38.0527760778133,38.71052169799805,866600,0.0,0.0
2017-03-29 00:00:00-04:00,38.51759190542741,38.999941495080314,38.35973599345784,38.412353515625,549400,0.0,0.0
2017-03-30 00:00:00-04:00,38.456202681933846,38.90347169451256,38.2281856124294,38.87716293334961,417200,0.0,0.0
2017-03-31 00:00:00-04:00,38.824530453527146,39.1840979122395,38.58774163747748,39.052547454833984,761000,0.0,0.0
2017-04-03 00:00:00-04:00,39.070102158364826,39.1139512118609,38.42112813749894,38.9122428894043,713300,0.0,0.0
2017-04-04 00:00:00-04:00,38.807004491920054,39.04379339536085,38.49128595399899,38.9122428894043,479100,0.0,0.0
2017-04-05 00:00:00-04:00,39.14026806148429,39.42967452598952,38.675458670811146,38.7017707824707,431400,0.0,0.0
2017-04-06 00:00:00-04:00,38.72806871411359,39.37704597750235,38.63159880444398,39.11394500732422,399900,0.0,0.0
2017-04-07 00:00:00-04:00,38.99116711563905,39.429664280714974,38.93854959692938,39.09640884399414,456100,0.0,0.0
2017-04-10 00:00:00-04:00,39.12271114859093,39.508587385824555,38.956080112254675,39.315650939941406,753500,0.0,0.0
2017-04-11 00:00:00-04:00,39.27180680140201,39.63137435913086,39.07009849784368,39.63137435913086,470600,0.0,0.0
2017-04-12 00:00:00-04:00,39.508601354212246,39.6226115753614,39.201654618966636,39.271812438964844,604700,0.0,0.0
2017-04-13 00:00:00-04:00,39.24550641354576,39.34197635006076,38.789468842591326,38.798240661621094,539200,0.0,0.0
2017-04-17 00:00:00-04:00,38.93855667840096,39.21042282909091,38.72807652888015,39.1928825378418,716300,0.0,0.0
2017-04-18 00:00:00-04:00,39.14025951995105,39.30688724524449,38.47374192784125,38.81576919555664,833700,0.0,0.0
2017-04-19 00:00:00-04:00,38.99117711990278,39.675235147853364,38.92101929513299,39.1490364074707,692200,0.0,0.0
2017-04-20 00:00:00-04:00,39.324427667948186,39.85939476869629,39.324427667948186,39.63137435913086,1098400,0.0,0.0
2017-04-21 00:00:00-04:00,39.76292512716322,39.89447562170248,39.455978433862334,39.710304260253906,625900,0.0,0.0
2017-04-24 00:00:00-04:00,40.21895835732243,40.56098559244879,39.49105149654156,40.464515686035156,752200,0.0,0.0
2017-04-25 00:00:00-04:00,40.74515918969363,40.999488369658415,40.245272647262524,40.64868927001953,1347200,0.0,0.0
2017-04-26 00:00:00-04:00,40.66622939209357,41.40290482192724,40.552222528828324,41.3853645324707,1389700,0.0,0.0
2017-04-27 00:00:00-04:00,41.587077204920476,41.595849023302854,41.025801265314016,41.54322814941406,1156300,0.0,0.0
2017-04-28 00:00:00-04:00,41.42921720916164,41.43798568121517,40.675001484768316,41.11349868774414,1093000,0.0,0.0
2017-05-01 00:00:00-04:00,41.288899371522206,41.288899371522206,39.96463590871837,40.32420349121094,2986800,0.0,0.0
2017-05-02 00:00:00-04:00,44.0952762761639,45.0687405714796,43.75324900385688,44.989810943603516,4236700,0.0,0.0
2017-05-03 00:00:00-04:00,44.98104623995643,45.41954346589758,44.72671704599815,45.08628463745117,1491500,0.0,0.0
2017-05-04 00:00:00-04:00,44.51622538393454,45.09504143855005,44.05141951528696,44.077728271484375,1789500,0.0,0.0
2017-05-05 00:00:00-04:00,44.07774514248787,44.36715495330259,43.8234192624774,44.20052719116211,1193500,0.0,0.0
2017-05-08 00:00:00-04:00,44.20052388638973,44.349611344715534,43.455076558355216,43.54277801513672,811300,0.0,0.0
2017-05-09 00:00:00-04:00,43.58661806463661,43.94618559947328,43.34105738185628,43.49891662597656,891800,0.0,0.0
2017-05-10 00:00:00-04:00,43.47260986411035,43.954956089760785,43.288441852665855,43.85848617553711,678600,0.0,0.0
2017-05-11 00:00:00-04:00,43.58662165385227,43.58662165385227,42.73593602887158,42.97272491455078,988300,0.0,0.0
2017-05-12 00:00:00-04:00,42.771015264164376,42.78855555278999,41.99925929197747,42.13080978393555,696300,0.0,0.0
2017-05-15 00:00:00-04:00,42.14835487359028,42.551771521527684,41.92910625899799,41.98172378540039,742200,0.0,0.0
2017-05-16 00:00:00-04:00,42.12203451738417,42.27112528575836,41.51690966396212,41.920326232910156,763400,0.0,0.0
2017-05-17 00:00:00-04:00,41.648451638636665,42.37635500824426,41.236263337547804,42.16587829589844,935500,0.0,0.0
2017-05-18 00:00:00-04:00,42.060649140021134,42.613156529296965,41.95541075245794,42.38513946533203,709700,0.0,0.0
2017-05-19 00:00:00-04:00,42.428979758998224,42.762235141755376,42.28866082271434,42.6131477355957,1004700,0.0,0.0
2017-05-22 00:00:00-04:00,42.6394650135781,42.81486455535911,42.16589059987778,42.306209564208984,758900,0.0,0.0
2017-05-23 00:00:00-04:00,42.35006672891133,42.56931536178562,41.9466500473351,41.999267578125,580100,0.0,0.0
2017-05-24 00:00:00-04:00,42.09572883991044,42.82363575692518,42.00803074301448,42.69208526611328,528800,0.0,0.0
2017-05-25 00:00:00-04:00,42.893795013427734,43.34106067544542,42.595616790259925,42.893795013427734,596000,0.0,0.0
2017-05-26 00:00:00-04:00,42.84118450036421,42.87626508697258,42.411459023552666,42.674556732177734,446300,0.0,0.0
2017-05-30 00:00:00-04:00,42.53422164916992,42.6920808837527,42.32374155457034,42.53422164916992,607000,0.0,0.0
2017-05-31 00:00:00-04:00,42.762246030427704,43.06919608171706,42.236050721743354,42.902565002441406,498400,0.0,0.0
2017-06-01 00:00:00-04:00,43.06042136669413,43.81463704506876,42.44652799635939,43.70063018798828,828100,0.0,0.0
2017-06-02 00:00:00-04:00,43.77077780578483,44.62146320014549,42.27111861517417,44.36713409423828,725200,0.0,0.0
2017-06-05 00:00:00-04:00,44.05142935188173,44.463617800175314,43.99880848226929,44.26190948486328,631200,0.0,0.0
2017-06-06 00:00:00-04:00,43.99004859344123,44.40223712216137,43.77079994547841,44.11282730102539,711100,0.0,0.0
2017-06-07 00:00:00-04:00,44.25313260771611,44.981039499526034,44.25313260771611,44.77933120727539,894700,0.0,0.0
2017-06-08 00:00:00-04:00,44.674094756360475,45.4721595484205,44.647785994189036,44.88457489013672,1023900,0.0,0.0
2017-06-09 00:00:00-04:00,45.04243378544868,45.44585041429409,44.72671526010245,45.34938049316406,758400,0.0,0.0
2017-06-12 00:00:00-04:00,45.349376404868934,45.62235444299322,44.48641780064613,44.53925323486328,748600,0.21,0.0
2017-06-13 00:00:00-04:00,44.204640029113236,44.53045017545884,43.905245923006234,44.116580963134766,584200,0.0,0.0
2017-06-14 00:00:00-04:00,44.10777994943366,45.14685348990896,44.01972423615005,44.20464324951172,499100,0.0,0.0
2017-06-15 00:00:00-04:00,43.72032974802605,43.940472388531504,43.07751028173325,43.51779556274414,525500,0.0,0.0
2017-06-16 00:00:00-04:00,43.20959446454482,43.649879717584085,43.007063651239946,43.42973709106445,787600,0.0,0.0
2017-06-19 00:00:00-04:00,43.58822520114086,43.799563528608786,43.183163712528476,43.667476654052734,469700,0.0,0.0
2017-06-20 00:00:00-04:00,43.676304475382615,43.73794415438224,42.707678069008104,42.883792877197266,563500,0.0,0.0
2017-06-21 00:00:00-04:00,42.83975196842864,43.130338458201,42.258575629774356,42.27618408203125,683600,0.0,0.0
2017-06-22 00:00:00-04:00,43.61465580771968,44.35433516238315,43.2712338500384,43.99330139160156,1007900,0.0,0.0
2017-06-23 00:00:00-04:00,44.239863919332045,44.63611796171361,43.85241074493596,43.89643859863281,758000,0.0,0.0
2017-06-26 00:00:00-04:00,43.940471839612165,44.68015123683455,43.58824227555957,44.40717315673828,555700,0.0,0.0
2017-06-27 00:00:00-04:00,44.66252507110437,45.7104024808209,44.48641034566984,44.89147186279297,849200,0.0,0.0
2017-06-28 00:00:00-04:00,45.199674298968894,45.41981687001213,44.785805190492724,45.0235595703125,564000,0.0,0.0
2017-06-29 00:00:00-04:00,45.129239416018876,45.51668923782315,44.68014992618005,45.16446304321289,584800,0.0,0.0
2017-06-30 00:00:00-04:00,45.278936218694405,45.56072188600958,44.83865094223517,44.86507034301758,607400,0.0,0.0
2017-07-03 00:00:00-04:00,44.99714798920871,45.00595557468053,44.548058544325464,44.69775390625,207200,0.0,0.0
2017-07-05 00:00:00-04:00,44.715370952654716,44.76820639434185,43.98449915108782,44.39836502075195,495700,0.0,0.0
2017-07-06 00:00:00-04:00,44.06373806434192,44.84744508403392,43.949262986230224,44.46879959106445,655800,0.0,0.0
2017-07-07 00:00:00-04:00,44.58328675563906,45.0940159149408,44.37194835099386,44.8298454284668,425100,0.0,0.0
2017-07-10 00:00:00-04:00,44.777009277140756,44.777009277140756,44.3103079798039,44.46000671386719,497400,0.0,0.0
2017-07-11 00:00:00-04:00,44.53044968342889,45.0411821831311,44.48642183048108,45.005958557128906,510200,0.0,0.0
2017-07-12 00:00:00-04:00,45.243712251023176,45.53429876299484,44.891482715005004,44.97954177856445,675100,0.0,0.0
2017-07-13 00:00:00-04:00,45.08521381878841,45.20849316102952,43.641078622632264,44.20464324951172,456100,0.0,0.0
2017-07-14 00:00:00-04:00,44.142995804004016,44.46880591670444,44.07254855849606,44.09016036987305,306900,0.0,0.0
2017-07-17 00:00:00-04:00,44.107772980921496,44.600893631088795,43.95807426105783,44.22224807739258,258400,0.0,0.0
2017-07-18 00:00:00-04:00,44.2222508600376,44.2222508600376,43.429736079384305,43.96688461303711,547400,0.0,0.0
2017-07-19 00:00:00-04:00,44.09016584929436,44.6185068198268,43.89643925918114,44.36314392089844,310100,0.0,0.0
2017-07-20 00:00:00-04:00,44.24865787462554,44.56566372222957,44.16060218767293,44.26626968383789,326900,0.0,0.0
2017-07-21 00:00:00-04:00,44.548044712580655,44.688935804397666,44.24865072258094,44.5040168762207,453200,0.0,0.0
2017-07-24 00:00:00-04:00,44.398369162237366,44.61851181780366,44.00211506950631,44.283897399902344,531700,0.0,0.0
2017-07-25 00:00:00-04:00,44.25746391618798,44.680140636414535,43.614647969544464,44.54805374145508,831800,0.0,0.0
2017-07-26 00:00:00-04:00,44.468809387506,44.55686509215417,43.19198151544872,43.50898742675781,920100,0.0,0.0
2017-07-27 00:00:00-04:00,43.55301118989695,43.55301118989695,42.71646863784296,43.04228210449219,917200,0.0,0.0
2017-07-28 00:00:00-04:00,42.76050699814261,42.9190099654298,41.84471282250773,42.00321578979492,1345200,0.0,0.0
2017-07-31 00:00:00-04:00,42.3026093929975,42.67244740607142,41.47487093859585,41.65098571777344,2104100,0.0,0.0
2017-08-01 00:00:00-04:00,45.1644613928961,45.17326561981791,42.355439370349785,43.41212463378906,2464900,0.0,0.0
2017-08-02 00:00:00-04:00,43.45613728900086,43.60583596719734,42.33781610999201,42.5139274597168,899300,0.0,0.0
2017-08-03 00:00:00-04:00,42.43468667659401,43.077502670194946,41.94156939882317,42.144100189208984,583000,0.0,0.0
2017-08-04 00:00:00-04:00,42.28499915596547,42.63722536834506,41.58054337209617,42.610809326171875,363200,0.0,0.0
2017-08-07 00:00:00-04:00,42.249771851738814,43.72032632181002,42.18813218595659,43.41212463378906,520700,0.0,0.0
2017-08-08 00:00:00-04:00,43.28884188494351,43.54420811394509,42.78691701227672,42.96303176879883,384800,0.0,0.0
2017-08-09 00:00:00-04:00,42.93660774546576,43.12153006739881,42.7428845573638,42.83094024658203,413200,0.0,0.0
2017-08-10 00:00:00-04:00,42.62842195511854,43.227210222625466,42.575586510652556,43.095123291015625,411400,0.0,0.0
2017-08-11 00:00:00-04:00,42.83094687688254,43.553014389398804,42.72527936164131,43.36809539794922,328300,0.0,0.0
2017-08-14 00:00:00-04:00,43.18318171266593,43.7819699711257,43.174374125832905,43.52660369873047,350000,0.0,0.0
2017-08-15 00:00:00-04:00,43.66748604471472,43.66748604471472,43.2360050729362,43.26242446899414,276800,0.0,0.0
2017-08-16 00:00:00-04:00,43.01585799570075,44.14299026872527,43.01585799570075,43.57942581176758,247600,0.0,0.0
2017-08-17 00:00:00-04:00,43.47376217339834,44.08135793369289,42.98064487125748,42.99825668334961,325200,0.0,0.0
2017-08-18 00:00:00-04:00,42.73408310880724,43.08631263447232,42.46991264411328,42.778114318847656,354000,0.0,0.0
2017-08-21 00:00:00-04:00,42.778108131053614,42.83094020088449,42.34662719248249,42.487518310546875,363500,0.0,0.0
2017-08-22 00:00:00-04:00,42.75169467316949,43.21839929583669,42.540359646283314,42.99825668334961,295200,0.0,0.0
2017-08-23 00:00:00-04:00,42.67244249269,42.83975302524379,42.02082225160468,42.18812942504883,358900,0.0,0.0
2017-08-24 00:00:00-04:00,42.35544208793649,42.55797627034136,41.95918802794365,42.012020111083984,266800,0.0,0.0
2017-08-25 00:00:00-04:00,42.03843738969415,42.3114120964332,41.83590321751306,41.94157409667969,354100,0.0,0.0
2017-08-28 00:00:00-04:00,41.97679373744518,41.97679373744518,40.92891606134014,41.58053970336914,457700,0.0,0.0
2017-08-29 00:00:00-04:00,41.43083692389962,41.439644509059555,40.426987198676535,40.673545837402344,750900,0.0,0.0
2017-08-30 00:00:00-04:00,40.805636934786754,41.50128843308218,40.42699135263152,41.25472640991211,543800,0.0,0.0
2017-08-31 00:00:00-04:00,41.31637251994419,41.800689055757104,41.175481352919626,41.783077239990234,564000,0.0,0.0
2017-09-01 00:00:00-04:00,41.712630069707295,42.020831807647475,41.184289031967566,41.7918815612793,474100,0.0,0.0
2017-09-05 00:00:00-04:00,41.73022989984655,42.05604000090389,40.840855291303164,40.85846710205078,505000,0.0,0.0
2017-09-06 00:00:00-04:00,40.86726525857445,40.955320940125745,39.66088495395524,39.6696891784668,610000,0.0,0.0
2017-09-07 00:00:00-04:00,39.55523482929229,39.82821295969672,39.000477698469766,39.599266052246094,725000,0.0,0.0
2017-09-08 00:00:00-04:00,39.57282907166819,41.71261522341211,39.475969157874786,41.00815963745117,893000,0.0,0.0
2017-09-11 00:00:00-04:00,41.466059992127306,42.32901857524372,41.06980264296429,41.448448181152344,770300,0.0,0.0
2017-09-12 00:00:00-04:00,41.43075388114953,42.501018059242895,41.04156782752359,42.43910217285156,551900,0.21,0.0
2017-09-13 00:00:00-04:00,42.42142500802237,43.72166578650788,42.42142500802237,43.146728515625,962500,0.0,0.0
2017-09-14 00:00:00-04:00,42.93443604293677,43.244015499443755,42.4567962750434,42.60716247558594,698700,0.0,0.0
2017-09-15 00:00:00-04:00,42.713307495201086,43.75703735487888,42.50986908176057,43.59782409667969,1018600,0.0,0.0
2017-09-18 00:00:00-04:00,43.75703736542962,43.863178412866986,42.288739941587615,42.403724670410156,468100,0.0,0.0
2017-09-19 00:00:00-04:00,42.50102263559501,42.63370147738437,42.049920647004754,42.36834716796875,417200,0.0,0.0
2017-09-20 00:00:00-04:00,42.2887436814965,43.120188145918995,42.2887436814965,42.96982192993164,763600,0.0,0.0
2017-09-21 00:00:00-04:00,42.89905148175485,42.91674221716233,42.085297897987736,42.536399841308594,435800,0.0,0.0
2017-09-22 00:00:00-04:00,42.39488934682628,42.731006666497606,42.297591961592715,42.56294631958008,529000,0.0,0.0
2017-09-25 00:00:00-04:00,42.49218729499139,43.111349721273655,42.49218729499139,42.75754165649414,718900,0.0,0.0
2017-09-26 00:00:00-04:00,42.58947981951948,42.79291825258595,42.02338630566447,42.66908645629883,564800,0.0,0.0
2017-09-27 00:00:00-04:00,42.67793603441244,43.88972311798117,42.67793603441244,43.6066780090332,905700,0.0,0.0
2017-09-28 00:00:00-04:00,43.695124830529224,44.11969242706312,43.261710177767334,43.535911560058594,347100,0.0,0.0
2017-09-29 00:00:00-04:00,43.48284729670347,43.97817793698701,43.20864586427016,43.46515655517578,334800,0.0,0.0
2017-10-02 00:00:00-04:00,43.52705311211922,44.03122721193817,43.5093623784565,43.765872955322266,420000,0.0,0.0
2017-10-03 00:00:00-04:00,44.13738436299395,44.5619519710482,43.85433929095778,43.98701477050781,740600,0.0,0.0
2017-10-04 00:00:00-04:00,44.093156864182255,44.10200392085802,43.04942687123333,43.084808349609375,630700,0.0,0.0
2017-10-05 00:00:00-04:00,43.05826296788129,43.44744900846411,42.828286791138495,43.31477355957031,429500,0.0,0.0
2017-10-06 00:00:00-04:00,43.350157453726816,44.526566161429905,43.350157453726816,44.32312774658203,575400,0.0,0.0
2017-10-09 00:00:00-04:00,44.27005646246274,44.393888250253404,43.76588225550751,43.81895446777344,328500,0.0,0.0
2017-10-10 00:00:00-04:00,43.96046797255373,44.225822231107884,43.65973224641569,43.8631706237793,335300,0.0,0.0
2017-10-11 00:00:00-04:00,44.00471341665916,44.2258426298082,43.615527216215895,44.084320068359375,339100,0.0,0.0
2017-10-12 00:00:00-04:00,43.836654779486935,44.06662766787429,43.34132414597677,44.031246185302734,284800,0.0,0.0
2017-10-13 00:00:00-04:00,44.057785916548966,44.27006807296056,43.73935930776752,44.181617736816406,394600,0.0,0.0
2017-10-16 00:00:00-04:00,44.28774673019299,44.420425572369105,43.872022840593424,44.38504409790039,293100,0.0,0.0
2017-10-17 00:00:00-04:00,44.25236464382572,46.012554171429294,44.25236464382572,44.986515045166016,693900,0.0,0.0
2017-10-18 00:00:00-04:00,45.01304916064072,45.14572800008931,44.278902138404156,44.889217376708984,356400,0.0,0.0
2017-10-19 00:00:00-04:00,44.65924332450325,44.86268173170848,44.37619491647537,44.668087005615234,418500,0.0,0.0
2017-10-20 00:00:00-04:00,45.021894053049266,45.11034435898998,44.37619399786313,44.544254302978516,807500,0.0,0.0
2017-10-23 00:00:00-04:00,44.39388825145889,44.74769625158167,43.88971404448997,44.048927307128906,626300,0.0,0.0
2017-10-24 00:00:00-04:00,43.960480173827115,44.79192464784167,43.960480173827115,44.25236892700195,633700,0.0,0.0
2017-10-25 00:00:00-04:00,43.92508712604314,44.15505992026508,43.10248655098047,43.889705657958984,717200,0.0,0.0
2017-10-26 00:00:00-04:00,44.19930553352431,45.18996340381241,44.13738962751654,45.066131591796875,798500,0.0,0.0
2017-10-27 00:00:00-04:00,45.322634754518575,45.897568554092175,45.07496779741059,45.26071548461914,843500,0.0,0.0
2017-10-30 00:00:00-04:00,45.27840377493442,45.36685745989257,44.07546402697117,44.58848190307617,1211700,0.0,0.0
2017-10-31 00:00:00-04:00,45.534920848411154,47.418942427783634,43.580139685214746,44.23468017578125,1476700,0.0,0.0
2017-11-01 00:00:00-04:00,44.730010656560005,44.756545078662654,43.51822368419518,43.87202835083008,1166900,0.0,0.0
2017-11-02 00:00:00-04:00,44.01355604587846,44.01355604587846,43.39439696322895,43.46515655517578,457000,0.0,0.0
2017-11-03 00:00:00-04:00,43.43861408411305,43.48283924265877,42.67792921013875,43.00519943237305,1050500,0.0,0.0
2017-11-06 00:00:00-05:00,43.10249780444937,43.933942276530516,42.74869315372188,43.65974426269531,806300,0.0,0.0
2017-11-07 00:00:00-05:00,43.43861005767483,43.78357098618475,42.26220137925586,42.41257095336914,657300,0.0,0.0
2017-11-08 00:00:00-05:00,42.28875568989907,43.155581877463185,42.28875568989907,42.59833526611328,697300,0.0,0.0
2017-11-09 00:00:00-05:00,42.253366242438126,43.13788300688314,42.19145033886007,43.12903594970703,405800,0.0,0.0
2017-11-10 00:00:00-05:00,42.89905019173832,43.58012830071286,42.62484886241215,43.37668991088867,692900,0.0,0.0
2017-11-13 00:00:00-05:00,43.12902619340849,44.05777128531352,42.89020969029551,43.58013153076172,580900,0.0,0.0
2017-11-14 00:00:00-05:00,43.69513064587674,44.46465930612513,43.61552400004665,44.27891159057617,564300,0.0,0.0
2017-11-15 00:00:00-05:00,44.04893157325099,44.243526329581265,43.615520273996175,44.11084747314453,774400,0.0,0.0
2017-11-16 00:00:00-05:00,44.163916169672305,44.41157974950201,43.79241742576455,44.2081413269043,602200,0.0,0.0
2017-11-17 00:00:00-05:00,44.12854324422773,44.41158835434894,43.916261098718756,44.10200881958008,411000,0.0,0.0
2017-11-20 00:00:00-05:00,44.08431471416945,44.26121873803589,43.394392732670305,44.16392135620117,620500,0.0,0.0
2017-11-21 00:00:00-05:00,44.34081631597468,44.45580103994377,43.20863281916712,43.58013153076172,718900,0.0,0.0
2017-11-22 00:00:00-05:00,43.50053257726235,43.51822331656918,43.040583477775264,43.182106018066406,292400,0.0,0.0
2017-11-24 00:00:00-05:00,43.24401994124114,43.24401994124114,42.881368237442,42.96982192993164,159200,0.0,0.0
2017-11-27 00:00:00-05:00,42.96098707289178,43.155581877463185,42.332980861620484,42.59833526611328,551400,0.0,0.0
2017-11-28 00:00:00-05:00,42.83713461588282,43.50936567518932,42.518708134151375,43.4739875793457,651500,0.0,0.0
2017-11-29 00:00:00-05:00,43.5801354302565,45.52607272079414,43.47399437780193,45.19879913330078,751500,0.0,0.0
2017-11-30 00:00:00-05:00,45.34032870217981,45.64106454263828,44.535418566565035,45.172271728515625,591800,0.0,0.0
2017-12-01 00:00:00-05:00,45.03074560954608,45.10150856600491,43.757042760758424,44.508880615234375,581100,0.0,0.0
2017-12-04 00:00:00-05:00,44.97766903401413,46.48134797142798,44.86268430215539,45.87103271484375,810200,0.0,0.0
2017-12-05 00:00:00-05:00,46.189473107483714,46.21600753446954,45.508394696812886,45.7825927734375,466100,0.0,0.0
2017-12-06 00:00:00-05:00,45.86219043037597,46.46366206791615,45.56145461160588,45.59683609008789,530300,0.0,0.0
2017-12-07 00:00:00-05:00,45.80911901662888,45.92410375399877,44.83614865794451,44.959983825683594,780600,0.0,0.0
2017-12-08 00:00:00-05:00,45.136888516433075,45.64990984925473,44.15507438746747,45.51723098754883,767800,0.0,0.0
2017-12-11 00:00:00-05:00,45.59682704717022,45.7029680874025,44.59732241034133,45.01304626464844,679500,0.0,0.0
2017-12-12 00:00:00-05:00,45.03081767164139,45.4038523991285,44.995289586696515,45.22621536254883,470400,0.21,0.0
2017-12-13 00:00:00-05:00,45.181811606868095,46.34533109763959,45.181811606868095,46.3098030090332,826900,0.0,0.0
2017-12-14 00:00:00-05:00,46.229860787225206,46.5940151800489,45.80353394110074,45.84794235229492,852900,0.0,0.0
2017-12-15 00:00:00-05:00,45.901230314285996,46.940401272159875,45.87458594761568,46.265384674072266,1402300,0.0,0.0
2017-12-18 00:00:00-05:00,46.50519557175825,47.07363133253863,46.36308663156315,46.78941345214844,568800,0.0,0.0
2017-12-19 00:00:00-05:00,46.940401345482044,48.14832899587285,46.842704204823505,47.33120346069336,797100,0.0,0.0
2017-12-20 00:00:00-05:00,47.55325465952845,47.91740906410377,47.35785357819472,47.65095520019531,1129300,0.0,0.0
2017-12-21 00:00:00-05:00,47.94405536105954,49.240800035506666,47.79306607442912,48.97434616088867,1328100,0.0,0.0
2017-12-22 00:00:00-05:00,49.55166989880048,49.72930695960085,48.06840433748432,48.12169647216797,863800,0.0,0.0
2017-12-26 00:00:00-05:00,48.23715647564837,48.66348334807743,47.78418184434293,48.032875061035156,445100,0.0,0.0
2017-12-27 00:00:00-05:00,48.04174474827521,48.45919120071928,47.642062335099396,47.83746337890625,613500,0.0,0.0
2017-12-28 00:00:00-05:00,47.81083049465936,48.032875956615285,47.50884853087351,47.69536590576172,433000,0.0,0.0
2017-12-29 00:00:00-05:00,47.68647550185291,47.75753166602265,46.76276908465698,46.78941345214844,677100,0.0,0.0
2018-01-02 00:00:00-05:00,47.27791426368628,48.2815605923667,47.171333402101254,47.81082534790039,925700,0.0,0.0
2018-01-03 00:00:00-05:00,48.14833971402183,49.95135126478151,48.09505096873552,49.88917541503906,1210000,0.0,0.0
2018-01-04 00:00:00-05:00,50.20003702176865,51.11486321487384,49.889171350960396,50.51978302001953,1431800,0.0,0.0
2018-01-05 00:00:00-05:00,50.56419695860502,50.98164354506247,50.279979015358066,50.76847839355469,929900,0.0,0.0
2018-01-08 00:00:00-05:00,50.53754739067926,50.53754739067926,49.45396447583648,50.38655471801758,805500,0.0,0.0
2018-01-09 00:00:00-05:00,50.33325780150764,50.33325780150764,49.74705798604773,50.22667694091797,581600,0.0,0.0
2018-01-10 00:00:00-05:00,49.94245703602047,50.57306523556802,49.7381756497506,50.333255767822266,568900,0.0,0.0
2018-01-11 00:00:00-05:00,50.377676213263875,50.99940080511642,50.23556725110545,50.99052047729492,502800,0.0,0.0
2018-01-12 00:00:00-05:00,51.47902130652123,52.03857684345918,51.18592304593612,51.72771453857422,707600,0.0,0.0
2018-01-16 00:00:00-05:00,52.28726733684303,52.28726733684303,50.40432266355473,50.7418327331543,736800,0.0,0.0
2018-01-17 00:00:00-05:00,50.84840680585966,51.17703311513844,50.226678883442936,50.546424865722656,757300,0.0,0.0
2018-01-18 00:00:00-05:00,50.528666354241295,51.008285380158014,50.26221246922477,50.79512023925781,519700,0.0,0.0
2018-01-19 00:00:00-05:00,50.75959614717459,51.8520594605282,50.75959614717459,51.72771453857422,725600,0.0,0.0
2018-01-22 00:00:00-05:00,51.5323099650897,51.6122464649772,50.77735337989784,51.594482421875,445700,0.0,0.0
2018-01-23 00:00:00-05:00,52.58036732811268,52.95340208682343,52.36720218874586,52.57148361206055,608100,0.0,0.0
2018-01-24 00:00:00-05:00,52.864577164866795,53.131031007188966,51.62112138317077,52.06521224975586,730100,0.0,0.0
2018-01-25 00:00:00-05:00,52.58037063566991,53.228743034318335,52.02081507426011,53.13104248046875,587300,0.0,0.0
2018-01-26 00:00:00-05:00,53.290905803514065,53.290905803514065,52.49154086120354,53.237613677978516,400600,0.0,0.0
2018-01-29 00:00:00-05:00,53.202098319173835,53.672833652177324,52.811296106284765,53.2642707824707,365200,0.0,0.0
2018-01-30 00:00:00-05:00,52.86458138312189,53.34420037045898,52.59812751953841,52.71358871459961,312100,0.0,0.0
2018-01-31 00:00:00-05:00,52.829050302909565,53.23761309645233,51.860932055861575,52.15403366088867,551700,0.0,0.0
2018-02-01 00:00:00-05:00,51.95864846788291,52.43826757458753,51.30139227853078,52.38497543334961,458300,0.0,0.0
2018-02-02 00:00:00-05:00,52.100742028022694,52.100742028022694,50.89281428949226,51.16815185546875,672300,0.0,0.0
2018-02-05 00:00:00-05:00,50.69742608461887,51.03493277784806,48.94770660197392,48.99211502075195,1041900,0.0,0.0
2018-02-06 00:00:00-05:00,48.15721706456783,50.19115076023504,47.473316689254254,49.76482391357422,732400,0.0,0.0
2018-02-07 00:00:00-05:00,49.56942304946484,50.70629456769652,49.48060284451275,50.342140197753906,388500,0.0,0.0
2018-02-08 00:00:00-05:00,50.3510213760661,50.70629542559657,48.74341460289458,48.79670333862305,636300,0.0,0.0
2018-02-09 00:00:00-05:00,49.28521380536991,49.34738626565767,47.118047858842324,48.51249313354492,1042700,0.0,0.0
2018-02-12 00:00:00-05:00,48.57466208029563,50.48425433142223,48.57466208029563,50.084571838378906,1033700,0.0,0.0
2018-02-13 00:00:00-05:00,49.9957592952673,51.29250403876348,49.489495890092144,50.164512634277344,476000,0.0,0.0
2018-02-14 00:00:00-05:00,49.9957567187934,52.846819619568286,49.93358426088079,51.114864349365234,675000,0.0,0.0
2018-02-15 00:00:00-05:00,51.53230320273176,52.81128364495193,50.2177946789694,52.60700225830078,604800,0.0,0.0
2018-02-16 00:00:00-05:00,52.384966076655274,53.02445810470579,51.44349207848589,51.49678421020508,983800,0.0,0.0
2018-02-20 00:00:00-05:00,51.23920556856565,51.541187508702656,50.18227047215844,50.546424865722656,1436800,0.0,0.0
2018-02-21 00:00:00-05:00,49.29408077611383,51.754344313318775,48.24602617504763,50.324371337890625,2708100,0.0,0.0
2018-02-22 00:00:00-05:00,50.70629723000019,51.63888740802372,49.72041492620733,50.11121368408203,1130800,0.0,0.0
2018-02-23 00:00:00-05:00,50.41319845423352,50.999398318068394,50.093455846078385,50.87505340576172,1148700,0.0,0.0
2018-02-26 00:00:00-05:00,51.10598807563732,51.319149837347936,50.439851641037706,51.04381561279297,1051200,0.0,0.0
2018-02-27 00:00:00-05:00,50.9549897219932,51.67441821108639,49.64936475931334,49.65824508666992,1141900,0.0,0.0
2018-02-28 00:00:00-05:00,49.89805013092735,50.43095781653689,49.063160519967234,49.0809211730957,1021600,0.0,0.0
2018-03-01 00:00:00-05:00,48.96546237787081,50.36878782550633,48.86776184017161,49.62271499633789,789300,0.0,0.0
2018-03-02 00:00:00-05:00,49.1608622274888,51.08821853267656,49.08092572841383,50.87505340576172,832600,0.0,0.0
2018-03-05 00:00:00-05:00,50.732944775626336,51.64777435715645,50.34214599328046,51.5234260559082,660200,0.0,0.0
2018-03-06 00:00:00-05:00,51.6388975288035,51.65666157420821,50.795124006878595,51.43461608886719,902100,0.0,0.0
2018-03-07 00:00:00-05:00,51.0526867356835,51.44348548711701,50.43984254608775,51.372432708740234,613900,0.0,0.0
2018-03-08 00:00:00-05:00,51.51454519020978,51.7277103162633,50.93722565609609,51.363555908203125,749800,0.0,0.0
2018-03-09 00:00:00-05:00,51.56783498156235,52.003042153152414,50.981635146664296,51.82540512084961,716400,0.0,0.0
2018-03-12 00:00:00-04:00,52.091864943391556,52.87346250320368,52.091864943391556,52.438255310058594,609700,0.0,0.0
2018-03-13 00:00:00-04:00,52.313370636889125,53.098291715828665,52.045780348219154,52.20633316040039,580200,0.25,0.0
2018-03-14 00:00:00-04:00,52.30446132860983,52.60772744419397,51.80496659886137,52.17066955566406,431400,0.0,0.0
2018-03-15 00:00:00-04:00,52.179581630504195,52.54528454514581,51.60872863228824,51.671165466308594,446300,0.0,0.0
2018-03-16 00:00:00-04:00,51.73362209789761,52.89316811958115,51.43927399411489,52.357994079589844,1309600,0.0,0.0
2018-03-19 00:00:00-04:00,52.24202970728102,52.30446655473811,51.54630289130033,52.2687873840332,522900,0.0,0.0
2018-03-20 00:00:00-04:00,52.438258833732235,53.29453846781585,52.21526913303008,53.03586959838867,637900,0.0,0.0
2018-03-21 00:00:00-04:00,53.035864632619564,53.3212911505895,52.161745496017566,52.46501159667969,886600,0.0,0.0
2018-03-22 00:00:00-04:00,51.64440802148243,53.50860176588097,51.35006002905263,51.55521011352539,1131400,0.0,0.0
2018-03-23 00:00:00-04:00,51.68009617678965,51.93876506807439,49.726707458496094,49.726707458496094,912600,0.0,0.0
2018-03-26 00:00:00-04:00,50.4045909075572,50.96652591114704,50.306478296501176,50.805973052978516,1057300,0.0,0.0
2018-03-27 00:00:00-04:00,51.082483523992806,51.78713182901817,50.440272065989646,50.70785903930664,584900,0.0,0.0
2018-03-28 00:00:00-04:00,50.83273760507988,51.60874087089322,49.949696824803745,51.278717041015625,812000,0.0,0.0
2018-03-29 00:00:00-04:00,51.37682735655919,51.97444154326134,51.28763283439011,51.53738021850586,558800,0.0,0.0
2018-04-02 00:00:00-04:00,51.537376430847594,52.259864256509516,50.681096831764876,51.055721282958984,784100,0.0,0.0
2018-04-03 00:00:00-04:00,51.189513893813704,52.375820705690955,51.189513893813704,52.224185943603516,680600,0.0,0.0
2018-04-04 00:00:00-04:00,51.51062232552032,53.51752968885228,51.51062232552032,53.1696662902832,732700,0.0,0.0
2018-04-05 00:00:00-04:00,53.60671680584641,54.17757323515177,53.0180241966884,53.97241973876953,731400,0.0,0.0
2018-04-06 00:00:00-04:00,53.70483642935556,55.06953565367651,53.51752590529965,54.16865539550781,1397600,0.0,0.0
2018-04-09 00:00:00-04:00,54.668151596913745,54.73950652627176,53.009107808071334,53.0715446472168,759400,0.0,0.0
2018-04-10 00:00:00-04:00,53.58888055667488,54.14189400030739,52.88423236407153,53.89214324951172,931400,0.0,0.0
2018-04-11 00:00:00-04:00,53.767274211415106,54.05270074903296,53.490769167033726,53.57996368408203,685800,0.0,0.0
2018-04-12 00:00:00-04:00,53.838623200533995,54.49867067823159,53.838623200533995,53.999176025390625,514600,0.0,0.0
2018-04-13 00:00:00-04:00,54.3292068172752,54.65031250867451,53.82970869703709,54.55219650268555,707000,0.0,0.0
2018-04-16 00:00:00-04:00,55.078459028624046,55.916899123330985,54.92682765723627,55.658233642578125,651700,0.0,0.0
2018-04-17 00:00:00-04:00,54.94465716819287,56.00609024923179,54.24893043797095,55.90797424316406,1014200,0.0,0.0
2018-04-18 00:00:00-04:00,56.41638942845002,56.90696604731734,55.91689131689187,55.97932815551758,956500,0.0,0.0
2018-04-19 00:00:00-04:00,55.827698621260126,56.39855168015097,54.418402154889804,56.07744598388672,634900,0.0,0.0
2018-04-20 00:00:00-04:00,56.17557477429669,56.79994672549366,55.916905859828134,56.487762451171875,651100,0.0,0.0
2018-04-23 00:00:00-04:00,56.621552347733676,56.639391934602145,55.97042273852417,56.22909164428711,830000,0.0,0.0
2018-04-24 00:00:00-04:00,55.827690742747215,56.53233887649106,54.24000547144522,54.9981689453125,1317900,0.0,0.0
2018-04-25 00:00:00-04:00,55.06062125387225,55.399566580985756,54.204341545688436,54.80195236206055,1032700,0.0,0.0
2018-04-26 00:00:00-04:00,55.46199456053008,56.71965624408927,55.1141311973726,56.42530822753906,1066800,0.0,0.0
2018-04-27 00:00:00-04:00,56.55018500609099,57.344027733671744,56.32719532294797,57.25483322143555,957700,0.0,0.0
2018-04-30 00:00:00-04:00,57.58485176018402,57.94163660285194,57.013998733957294,57.156715393066406,1613000,0.0,0.0
2018-05-01 00:00:00-04:00,56.46098692370529,57.147795554053396,54.66815137368032,56.65721893310547,2057700,0.0,0.0
2018-05-02 00:00:00-04:00,56.32719762910242,56.43423172867857,54.061621538999255,55.408477783203125,1488700,0.0,0.0
2018-05-03 00:00:00-04:00,55.46199540835827,56.15772214530857,55.31036065136372,55.75634002685547,1016700,0.0,0.0
2018-05-04 00:00:00-04:00,55.613627515838935,56.621541870812734,54.75734791991292,56.282596588134766,763200,0.0,0.0
2018-05-07 00:00:00-04:00,56.59479027360674,56.80885849429751,56.2023261980853,56.505592346191406,508400,0.0,0.0
2018-05-08 00:00:00-04:00,56.5858649608313,56.97832900986688,56.27368074232826,56.942649841308594,578100,0.0,0.0
2018-05-09 00:00:00-04:00,56.77317106010692,56.889123238091415,55.85445131054952,55.863372802734375,661800,0.0,0.0
2018-05-10 00:00:00-04:00,55.970411624214655,56.48774933301034,55.693903186490836,55.75634002685547,612900,0.0,0.0
2018-05-11 00:00:00-04:00,55.899057846325086,56.16664821546912,55.0338601010988,55.283607482910156,625800,0.0,0.0
2018-05-14 00:00:00-04:00,55.23008100765282,55.71173952171492,52.982348080467865,53.08938217163086,1715100,0.0,0.0
2018-05-15 00:00:00-04:00,53.02694425151464,53.56211809894791,52.68799900011232,53.08045959472656,698800,0.0,0.0
2018-05-16 00:00:00-04:00,53.223178255639645,53.88322924359172,53.03586773026031,53.29453659057617,695900,0.0,0.0
2018-05-17 00:00:00-04:00,53.365893327530564,54.1151354066127,53.29453499473079,53.87430953979492,712400,0.0,0.0
2018-05-18 00:00:00-04:00,53.95458650156128,54.061620599276914,52.50961087091352,52.803958892822266,1194500,0.0,0.0
2018-05-21 00:00:00-04:00,53.223186743498864,54.5343674353624,52.83964754098389,54.14190673828125,784800,0.0,0.0
2018-05-22 00:00:00-04:00,54.18649230559506,54.31136598213782,53.41940726105807,53.46400451660156,623100,0.0,0.0
2018-05-23 00:00:00-04:00,53.09830004246694,53.71375371985834,52.93774720510852,53.68699264526367,405500,0.0,0.0
2018-05-24 00:00:00-04:00,53.695922178280405,54.42732814574679,53.56212699292925,54.24893569946289,724800,0.0,0.0
2018-05-25 00:00:00-04:00,54.29352768818508,54.81978348221606,53.92782473996372,54.195411682128906,398400,0.0,0.0
2018-05-29 00:00:00-04:00,53.96350390626643,54.81086539191667,53.348053599031246,54.195411682128906,627700,0.0,0.0
2018-05-30 00:00:00-04:00,54.73058567476451,56.26475570791329,54.73058567476451,56.03284454345703,810500,0.0,0.0
2018-05-31 00:00:00-04:00,55.961497414898645,56.15772603998819,55.05169901749235,55.274688720703125,472600,0.0,0.0
2018-06-01 00:00:00-04:00,55.67605906211036,55.98824664102349,55.11412754466093,55.31035614013672,622100,0.0,0.0
2018-06-04 00:00:00-04:00,55.36388071608793,55.80986010217051,55.04277501370003,55.64930725097656,510400,0.0,0.0
2018-06-05 00:00:00-04:00,55.75633552755145,56.29151277648654,55.35495684404055,56.10420227050781,334300,0.0,0.0
2018-06-06 00:00:00-04:00,56.229078414927834,57.076439877773346,55.934730404681005,57.049678802490234,503800,0.0,0.0
2018-06-07 00:00:00-04:00,57.183473087633736,57.459978108384206,56.43422763978138,56.799930572509766,788500,0.0,0.0
2018-06-08 00:00:00-04:00,56.6839795915257,57.12104088933021,56.39855305512171,56.96940612792969,420800,0.0,0.0
2018-06-11 00:00:00-04:00,56.94265026796197,57.272674073216926,56.74641824197388,57.06752395629883,410700,0.0,0.0
2018-06-12 00:00:00-04:00,57.29138078361158,58.356974171272554,57.02274416829115,58.27638626098633,609300,0.25,0.0
2018-06-13 00:00:00-04:00,58.41965445368736,58.715157114180315,57.703292441588815,58.06147003173828,614500,0.0,0.0
2018-06-14 00:00:00-04:00,58.240565616292265,58.2763847416411,57.37197061403179,58.04356384277344,483000,0.0,0.0
2018-06-15 00:00:00-04:00,57.71225325582354,59.47630623870892,57.43466352025509,59.243492126464844,775200,0.0,0.0
2018-06-18 00:00:00-04:00,59.07333648269287,59.27928789623071,58.08833453044475,59.21660614013672,507300,0.0,0.0
2018-06-19 00:00:00-04:00,57.971940510448036,60.14790340480051,57.971940510448036,60.12999725341797,665800,0.0,0.0
2018-06-20 00:00:00-04:00,60.30011165623794,60.32698112301687,59.2166087773316,59.67329406738281,409800,0.0,0.0
2018-06-21 00:00:00-04:00,60.05834608816076,62.17162675119471,59.95088870753534,61.114986419677734,881600,0.0,0.0
2018-06-22 00:00:00-04:00,61.19557433129687,62.13580762431957,60.86425936335165,61.114986419677734,1113100,0.0,0.0
2018-06-25 00:00:00-04:00,60.989635140241035,61.03441076577735,59.42258389168767,60.112083435058594,700800,0.0,0.0
2018-06-26 00:00:00-04:00,60.08521849197574,61.079177220975154,59.34198686005708,60.8642692565918,586900,0.0,0.0
2018-06-27 00:00:00-04:00,61.07916483036638,61.09707780898173,59.24348076667129,59.279293060302734,541100,0.0,0.0
2018-06-28 00:00:00-04:00,59.28825628247832,60.1120757655484,58.56293769757971,60.09416961669922,807200,0.0,0.0
2018-06-29 00:00:00-04:00,60.282210378368646,60.4075739062636,58.3480253538466,58.661434173583984,862300,0.0,0.0
2018-07-02 00:00:00-04:00,58.580847832211,59.118121147647,57.327205541659744,59.04648971557617,599300,0.0,0.0
2018-07-03 00:00:00-04:00,59.35092814938937,59.78970045689616,58.44651406788416,59.1270637512207,390300,0.0,0.0
2018-07-05 00:00:00-04:00,59.44942855183938,59.80761295238138,59.01065624787002,59.79865646362305,301800,0.0,0.0
2018-07-06 00:00:00-04:00,59.87925967796282,60.309075554037285,59.57480050325991,59.81657791137695,491800,0.0,0.0
2018-07-09 00:00:00-04:00,60.08520935792477,60.08520935792477,59.33302818102781,59.744937896728516,446000,0.0,0.0
2018-07-10 00:00:00-04:00,59.99566685963085,60.0852112647031,59.234529168816465,59.5031623840332,387900,0.0,0.0
2018-07-11 00:00:00-04:00,59.485271758748894,60.112089589626386,59.333045547221786,59.86136245727539,404500,0.0,0.0
2018-07-12 00:00:00-04:00,60.39861712919286,60.80157717990895,59.58375420175338,60.738895416259766,514200,0.0,0.0
2018-07-13 00:00:00-04:00,60.84634798263282,61.204532428994916,60.33593736690187,60.64935302734375,541000,0.0,0.0
2018-07-16 00:00:00-04:00,60.76575514258122,60.989619549433705,60.192662807582835,60.42548370361328,486100,0.0,0.0
2018-07-17 00:00:00-04:00,60.64935783712514,60.998585821278596,60.174759479772426,60.35385513305664,367800,0.0,0.0
2018-07-18 00:00:00-04:00,60.523972841768376,63.111851460057636,60.523972841768376,61.94775390625,714400,0.0,0.0
2018-07-19 00:00:00-04:00,61.91192993301855,62.941707406573734,61.813429063177715,62.771568298339844,583800,0.0,0.0
2018-07-20 00:00:00-04:00,62.682037772966616,63.452131926435634,62.45817335234888,62.69099426269531,714600,0.0,0.0
2018-07-23 00:00:00-04:00,62.50296111615382,62.81636999956723,61.83136772378169,62.55668640136719,290300,0.0,0.0
2018-07-24 00:00:00-04:00,62.84322490477733,63.02231372130625,60.488173491599966,60.80158233642578,827300,0.0,0.0
2018-07-25 00:00:00-04:00,60.944834057613946,62.00147415997303,60.23742182679911,60.69410705566406,607800,0.0,0.0
2018-07-26 00:00:00-04:00,60.88216745006915,61.76867549691557,60.45235157747705,60.523983001708984,551200,0.0,0.0
2018-07-27 00:00:00-04:00,60.783653214490215,62.06415772485307,60.40756270057071,60.7657470703125,732300,0.0,0.0
2018-07-30 00:00:00-04:00,61.03440948861542,61.11499741473294,58.992759880223474,59.18080520629883,1946400,0.0,0.0
2018-07-31 00:00:00-04:00,54.17519743820375,57.971936635018245,54.08565302367435,56.27056884765625,3280300,0.0,0.0
2018-08-01 00:00:00-04:00,56.16311187990438,56.86156784060641,55.24078806298471,56.66456604003906,1225100,0.0,0.0
2018-08-02 00:00:00-04:00,56.306378505366716,56.91528998622875,56.189968053346064,56.530242919921875,666300,0.0,0.0
2018-08-03 00:00:00-04:00,56.36009552859707,56.68246078491211,56.163097195437395,56.68246078491211,675500,0.0,0.0
2018-08-06 00:00:00-04:00,56.85261004229422,58.0435669895617,56.74515266042198,57.82865905761719,645100,0.0,0.0
2018-08-07 00:00:00-04:00,58.16892975867347,59.082300413146115,57.031698101310404,57.11228942871094,873900,0.0,0.0
2018-08-08 00:00:00-04:00,57.17497926866974,57.23766104151285,56.53025197429767,57.13020706176758,453900,0.0,0.0
2018-08-09 00:00:00-04:00,57.416754649212244,57.78388878223118,57.13020502029693,57.21079635620117,300200,0.0,0.0
2018-08-10 00:00:00-04:00,57.09437629121702,57.17496761357257,56.55710308611317,56.59292221069336,421500,0.0,0.0
2018-08-13 00:00:00-04:00,56.73618968440069,57.26450976408174,56.61082617666272,56.86155319213867,494100,0.0,0.0
2018-08-14 00:00:00-04:00,57.228697942470106,58.285334820705124,56.87947000754246,58.052520751953125,574200,0.0,0.0
2018-08-15 00:00:00-04:00,57.855516681232814,58.98379518181205,57.72119667348301,58.63456726074219,514400,0.0,0.0
2018-08-16 00:00:00-04:00,58.78680457497841,59.924032948650165,58.78680457497841,59.16289520263672,784300,0.0,0.0
2018-08-17 00:00:00-04:00,59.171852151049784,59.315121844303754,58.67039114515903,59.18975830078125,524400,0.0,0.0
2018-08-20 00:00:00-04:00,59.40465405398814,60.1120663795814,59.35092878402894,59.67329406738281,312000,0.0,0.0
2018-08-21 00:00:00-04:00,59.879268819483514,60.389679520119344,59.682266999623856,60.06731414794922,472700,0.0,0.0
2018-08-22 00:00:00-04:00,59.88820782240088,60.50607581441533,59.65539374199543,59.950889587402344,432800,0.0,0.0
2018-08-23 00:00:00-04:00,60.06730345940507,60.300117539810515,59.39571019218936,59.950889587402344,373400,0.0,0.0
2018-08-24 00:00:00-04:00,60.22848384036165,60.45234825430552,59.682254123794635,59.83448028564453,522100,0.0,0.0
2018-08-27 00:00:00-04:00,59.91508939508129,60.49713154547162,59.61063016657121,59.78076934814453,353300,0.0,0.0
2018-08-28 00:00:00-04:00,59.83449981192378,60.058364298923166,59.207681981046285,59.86136245727539,403700,0.0,0.0
2018-08-29 00:00:00-04:00,59.92402263210593,60.35384529814604,59.70911471498563,59.9061164855957,520600,0.0,0.0
2018-08-30 00:00:00-04:00,59.906108682011364,60.88215408696418,59.79865132154924,60.7657470703125,363700,0.0,0.0
2018-08-31 00:00:00-04:00,60.64936086322901,61.92986581294943,60.640404372167765,61.74181365966797,515300,0.0,0.0
2018-09-04 00:00:00-04:00,61.71493695910125,63.290944268606516,60.944842866490696,63.16558074951172,657200,0.0,0.0
2018-09-05 00:00:00-04:00,63.19245095878431,63.70286158536028,62.135810577055075,63.51481628417969,777900,0.0,0.0
2018-09-06 00:00:00-04:00,63.83717915044736,65.7534580488122,63.47899471027263,65.1624526977539,847200,0.0,0.0
2018-09-07 00:00:00-04:00,65.09975757619951,67.37422044807384,64.73262355340248,67.31153869628906,1044700,0.0,0.0
2018-09-10 00:00:00-04:00,65.4490063364914,66.37133359530566,64.26700233157493,65.84300994873047,1066900,0.0,0.0
2018-09-11 00:00:00-04:00,65.95083058607929,66.6067409887312,65.58243710518931,65.6543197631836,619900,0.25,0.0
2018-09-12 00:00:00-04:00,64.38741053706971,65.56445974579498,64.24364524327699,65.08824920654297,749800,0.0,0.0
2018-09-13 00:00:00-04:00,63.641639516959145,64.68391041130738,63.641639516959145,64.48623657226562,563800,0.0,0.0
2018-09-14 00:00:00-04:00,65.06130421544157,65.45664511959471,64.41437401123599,64.7647933959961,697900,0.0,0.0
2018-09-17 00:00:00-04:00,65.1062139016616,65.1062139016616,64.3155253819569,64.54015350341797,511300,0.0,0.0
2018-09-18 00:00:00-04:00,64.45029553196993,65.84298559706608,64.24363466993218,65.3398208618164,677600,0.0,0.0
2018-09-19 00:00:00-04:00,65.33984148310921,65.79808485739368,64.11786372175565,64.39640045166016,472500,0.0,0.0
2018-09-20 00:00:00-04:00,64.94448502775855,65.5015652681099,63.40802941327914,63.90221405029297,795900,0.0,0.0
2018-09-21 00:00:00-04:00,63.98308665563379,64.67494525307083,63.165443687426354,63.40803909301758,1206000,0.0,0.0
2018-09-24 00:00:00-04:00,61.5930465996396,61.62000088306639,59.634288694369495,61.52116394042969,1276400,0.0,0.0
2018-09-25 00:00:00-04:00,61.709852340153645,62.33880848637731,61.53913273398957,62.248958587646484,626900,0.0,0.0
2018-09-26 00:00:00-04:00,63.44398147846252,63.44398147846252,61.889551511230906,61.979408264160156,570300,0.0,0.0
2018-09-27 00:00:00-04:00,61.970413132079656,62.81501714263639,61.83563487537915,62.18605422973633,350000,0.0,0.0
2018-09-28 00:00:00-04:00,62.006348357249074,62.52748038739059,61.91649847999062,62.257930755615234,734800,0.0,0.0
2018-10-01 00:00:00-04:00,62.32084662706669,63.084581114852085,60.60468393623636,60.847286224365234,920300,0.0,0.0
2018-10-02 00:00:00-04:00,60.856263423281476,60.98205464302563,59.58935732500597,59.70616149902344,582000,0.0,0.0
2018-10-03 00:00:00-04:00,59.176039967955845,60.27222642905855,58.79866632383733,58.94242477416992,799900,0.0,0.0
2018-10-04 00:00:00-04:00,58.96039796795158,59.32878456109916,58.142748229693126,59.31979751586914,701600,0.0,0.0
2018-10-05 00:00:00-04:00,59.30184040901553,60.137457525346896,59.07721222564805,59.652259826660156,645900,0.0,0.0
2018-10-08 00:00:00-04:00,59.72413240346744,60.50583396229174,59.51747149342574,60.11948013305664,467900,0.0,0.0
2018-10-09 00:00:00-04:00,60.16439993605609,61.55709714010503,60.16439993605609,60.676551818847656,779200,0.0,0.0
2018-10-10 00:00:00-04:00,60.69452668624168,60.937122063257924,59.34675783477908,59.481529235839844,661400,0.0,0.0
2018-10-11 00:00:00-04:00,59.301830654732846,59.92180653248475,58.268539810182006,58.27752685546875,583100,0.0,0.0
2018-10-12 00:00:00-04:00,59.22096715697674,59.69717772529783,58.58301719571261,59.059234619140625,862400,0.0,0.0
2018-10-15 00:00:00-04:00,59.16704923545874,60.218307259323225,58.547080245929415,59.76007080078125,621700,0.0,0.0
2018-10-16 00:00:00-04:00,60.01165073069915,62.096199457644175,60.00266368626441,61.925479888916016,680400,0.0,0.0
2018-10-17 00:00:00-04:00,61.700876765354124,62.62634391905213,60.793383707808786,62.05129623413086,716800,0.0,0.0
2018-10-18 00:00:00-04:00,62.051278846196425,62.66226769710336,60.505836055366686,60.65858840942383,804800,0.0,0.0
2018-10-19 00:00:00-04:00,60.227307929046525,60.955101055581224,58.94243443528401,59.44560623168945,787500,0.0,0.0
2018-10-22 00:00:00-04:00,59.81397640309408,61.071895264699954,59.48152431274416,60.865234375,480100,0.0,0.0
2018-10-23 00:00:00-04:00,60.649596235494805,61.0359569005326,59.80499225724787,59.95774459838867,706600,0.0,0.0
2018-10-24 00:00:00-04:00,60.10150601912394,60.11948010961115,59.023293663528236,59.08618927001953,686700,0.0,0.0
2018-10-25 00:00:00-04:00,59.796015938144755,61.098856458826916,59.21198138038456,60.81133270263672,597200,0.0,0.0
2018-10-26 00:00:00-04:00,60.1464187483279,60.739433333151815,59.40065185451592,60.30815124511719,949000,0.0,0.0
2018-10-29 00:00:00-04:00,61.188707021883836,61.99736973730489,58.98735388194993,60.029624938964844,1402300,0.0,0.0
2018-10-30 00:00:00-04:00,54.80926696235911,56.59730849105795,52.347341003795194,56.166019439697266,3989600,0.0,0.0
2018-10-31 00:00:00-04:00,56.18399469578492,56.741075004522585,54.234223897864275,54.324073791503906,2307600,0.0,0.0
2018-11-01 00:00:00-04:00,54.719418912383574,56.35471157619701,54.17132567595808,55.213600158691406,1102500,0.0,0.0
2018-11-02 00:00:00-04:00,55.5640109479913,56.21992463584323,54.50376596555857,55.79762268066406,844100,0.0,0.0
2018-11-05 00:00:00-05:00,55.82459229955706,56.49847679182942,55.56402280659885,55.60894775390625,667300,0.0,0.0
2018-11-06 00:00:00-05:00,55.70778320052447,57.53176274720833,55.626916926518334,57.40597152709961,611700,0.0,0.0
2018-11-07 00:00:00-05:00,57.405970905411834,58.19665954540483,56.80396909353851,58.007972717285156,514000,0.0,0.0
2018-11-08 00:00:00-05:00,57.98101778290615,58.717797850889575,57.64857250357787,57.73842239379883,477000,0.0,0.0
2018-11-09 00:00:00-05:00,57.64857969904844,58.98736173923179,57.0735286761764,58.565059661865234,559000,0.0,0.0
2018-11-12 00:00:00-05:00,58.50215359817516,59.6163072582524,58.07086455115119,59.041259765625,738300,0.0,0.0
2018-11-13 00:00:00-05:00,59.086186957154375,59.27487376924233,57.73841813786321,57.92710494995117,453900,0.0,0.0
2018-11-14 00:00:00-05:00,58.18767645453527,58.870541077948445,57.90015270385947,58.66388702392578,540100,0.0,0.0
2018-11-15 00:00:00-05:00,58.2685505222808,58.60998975487708,57.379024818359234,58.223628997802734,399900,0.0,0.0
2018-11-16 00:00:00-05:00,57.90015960924269,58.142755017921004,56.60629914933763,56.7410774230957,919800,0.0,0.0
2018-11-19 00:00:00-05:00,56.73208469851328,57.702479946315414,56.31876972743618,57.6755256652832,662600,0.0,0.0
2018-11-20 00:00:00-05:00,57.450903369787916,58.52013229661933,57.11845461565615,57.361053466796875,587900,0.0,0.0
2018-11-21 00:00:00-05:00,57.50480569829465,58.16072290453792,57.35206020338425,57.66653823852539,323900,0.0,0.0
2018-11-23 00:00:00-05:00,57.28017896892666,58.457228296065594,56.893818271873144,57.93609619140625,188000,0.0,0.0
2018-11-26 00:00:00-05:00,58.57404086466914,58.57404086466914,56.95671537975362,56.99265670776367,584300,0.0,0.0
2018-11-27 00:00:00-05:00,57.09148868883522,58.86155952277,57.055547363945905,58.16072082519531,646700,0.0,0.0
2018-11-28 00:00:00-05:00,58.36738568303221,60.27223512426963,58.0529076008984,60.23629379272461,619900,0.0,0.0
2018-11-29 00:00:00-05:00,60.23629296664893,60.928144737855305,58.93344542266452,59.58037567138672,488700,0.0,0.0
2018-11-30 00:00:00-05:00,59.78702443664653,60.101502450430026,58.726779379386066,59.32878112792969,538600,0.0,0.0
2018-12-03 00:00:00-05:00,59.742092558905235,60.029616276776,57.4688570933792,59.55340576171875,699000,0.0,0.0
2018-12-04 00:00:00-05:00,59.571377433677334,60.16439207862226,58.1786804115138,58.19664764404297,807100,0.0,0.0
2018-12-06 00:00:00-05:00,57.88218742932098,58.41231349559127,56.660213016610015,58.331443786621094,745700,0.0,0.0
2018-12-07 00:00:00-05:00,57.90913383655625,59.02329438677892,56.902804120364245,57.06453323364258,732700,0.0,0.0
2018-12-10 00:00:00-05:00,56.84889392382316,57.63059894412853,56.50745816823717,57.3520622253418,563500,0.0,0.0
2018-12-11 00:00:00-05:00,57.83726100154955,57.83726100154955,55.13273604054002,55.53706741333008,785400,0.0,0.0
2018-12-12 00:00:00-05:00,56.02225248822409,57.04655960793873,55.258518241276484,56.70512390136719,404500,0.0,0.0
2018-12-13 00:00:00-05:00,56.87585507863871,57.36105277506907,56.34573243125458,56.48051071166992,390700,0.0,0.0
2018-12-14 00:00:00-05:00,56.14806462944081,56.60630463502909,55.653879862805915,55.7796745300293,401000,0.0,0.0
2018-12-17 00:00:00-05:00,55.72575024806908,55.72575024806908,54.27914445559107,54.908103942871094,833400,0.0,0.0
2018-12-18 00:00:00-05:00,55.55769332930641,57.3981858585456,54.96223571375954,55.99977111816406,715800,0.25,0.0
2018-12-19 00:00:00-05:00,56.29750077230737,56.67642459702492,54.20438889062013,54.55624771118164,571200,0.0,0.0
2018-12-20 00:00:00-05:00,54.47504659063379,54.65548797331939,53.41044621858514,54.02394485473633,661300,0.0,0.0
2018-12-21 00:00:00-05:00,53.933714430433234,55.431371833462386,52.01202379896342,52.111263275146484,1470900,0.0,0.0
2018-12-24 00:00:00-05:00,51.8586555874703,52.12931594298744,50.82112365104907,51.254180908203125,319100,0.0,0.0
2018-12-26 00:00:00-05:00,51.651152228016635,53.37436083717247,51.37146789399483,53.23902893066406,600500,0.0,0.0
2018-12-27 00:00:00-05:00,52.79695013609106,53.73524261813259,51.47973382955197,52.986412048339844,488600,0.0,0.0
2018-12-28 00:00:00-05:00,53.04955893143214,54.11415921273751,52.833032043972,53.45555114746094,499900,0.0,0.0
2018-12-31 00:00:00-05:00,53.572840739920444,53.9968740125242,53.148804025683724,53.86154556274414,625900,0.0,0.0
2019-01-02 00:00:00-05:00,53.0946781302552,53.57284835737413,52.14736508056568,53.518714904785156,639600,0.0,0.0
2019-01-03 00:00:00-05:00,52.89619370346372,53.43751444251709,52.237585542349905,52.39998245239258,508400,0.0,0.0
2019-01-04 00:00:00-05:00,52.995443780067944,54.475057211630386,52.94131032221794,53.96982192993164,504300,0.0,0.0
2019-01-07 00:00:00-05:00,53.99687935911334,56.11705969859711,53.64502053655915,55.81031036376953,693900,0.0,0.0
2019-01-08 00:00:00-05:00,55.57573653070288,58.09288522620015,55.57573653070288,57.90342330932617,928600,0.0,0.0
2019-01-09 00:00:00-05:00,57.87635542191917,58.002663360210896,56.45989621399079,56.929039001464844,773800,0.0,0.0
2019-01-10 00:00:00-05:00,56.856873145258504,58.282353090248364,56.56816825914325,58.038761138916016,587500,0.0,0.0
2019-01-11 00:00:00-05:00,59.1123727257449,60.53785596643349,58.86878079935047,60.429595947265625,1318100,0.0,0.0
2019-01-14 00:00:00-05:00,60.24915483088691,60.700256627324535,59.48228315359637,59.57250213623047,1271700,0.0,0.0
2019-01-15 00:00:00-05:00,59.644682172732,60.01458207951749,59.01314238882145,59.70783615112305,704900,0.0,0.0
2019-01-16 00:00:00-05:00,59.54542880799124,60.11381451409169,58.83268724323698,59.27476501464844,837500,0.0,0.0
2019-01-17 00:00:00-05:00,59.33792600788376,60.339372525255456,58.93193715306476,59.90631866455078,679600,0.0,0.0
2019-01-18 00:00:00-05:00,60.33034786408239,60.619052696027865,59.97848906525091,60.4476318359375,700300,0.0,0.0
2019-01-22 00:00:00-05:00,60.303272979990155,61.052103466738835,59.34693956233307,59.54542541503906,583100,0.0,0.0
2019-01-23 00:00:00-05:00,58.7244241129937,59.761959542950244,58.33648320534674,58.66127014160156,692400,0.0,0.0
2019-01-24 00:00:00-05:00,58.79660910032334,59.031183972177125,57.98462445411212,58.138004302978516,657700,0.0,0.0
2019-01-25 00:00:00-05:00,58.67931298465611,58.715401948506994,56.14412006107649,56.64033126831055,1082700,0.0,0.0
2019-01-28 00:00:00-05:00,56.45086465202409,57.54252990501736,56.144115368197674,57.0012092590332,851100,0.0,0.0
2019-01-29 00:00:00-05:00,57.010244584622285,57.010244584622285,54.63745158046374,55.99075698852539,1033800,0.0,0.0
2019-01-30 00:00:00-05:00,56.05390647151047,56.60425117732697,54.98028206454603,55.693023681640625,751900,0.0,0.0
2019-01-31 00:00:00-05:00,55.81933279670805,55.84640124357787,54.63744834627313,54.89006423950195,976700,0.0,0.0
2019-02-01 00:00:00-05:00,54.84495001796399,55.27800727254733,54.61037518737731,54.8359260559082,831900,0.0,0.0
2019-02-04 00:00:00-05:00,54.88103595968757,55.82834886700604,54.59232769756964,55.74715042114258,672000,0.0,0.0
2019-02-05 00:00:00-05:00,55.8734698371918,56.865892431441736,55.75618240424579,56.55914306640625,727300,0.0,0.0
2019-02-06 00:00:00-05:00,56.613263684299156,57.19067331304748,56.37869231323247,57.06436538696289,591400,0.0,0.0
2019-02-07 00:00:00-05:00,56.793716391892275,57.84929637650871,56.73056241624203,57.13655471801758,631500,0.0,0.0
2019-02-08 00:00:00-05:00,56.974155674724514,57.434277971839165,56.631317361371714,56.730560302734375,482400,0.0,0.0
2019-02-11 00:00:00-05:00,56.73957758137203,57.92146196408157,56.73957758137203,57.741024017333984,881600,0.0,0.0
2019-02-12 00:00:00-05:00,57.822227524869874,58.868787042934876,57.73201197987291,58.138004302978516,571500,0.0,0.0
2019-02-13 00:00:00-05:00,58.48082465220725,58.58909153918175,57.69590865062289,58.29136276245117,530800,0.0,0.0
2019-02-14 00:00:00-05:00,57.83124008059026,59.31987715778096,57.10045748478975,59.12139129638672,848200,0.0,0.0
2019-02-15 00:00:00-05:00,59.19357272487118,59.80707138579036,58.88681995277833,59.166507720947266,940500,0.0,0.0
2019-02-19 00:00:00-05:00,58.778552943728045,59.25671964486984,58.39060520602071,59.14845275878906,1507600,0.0,0.0
2019-02-20 00:00:00-05:00,59.20259763191233,60.16795512577874,56.36065515902464,56.622291564941406,2241800,0.0,0.0
2019-02-21 00:00:00-05:00,56.441849148681406,58.643224330723754,56.441849148681406,57.35307312011719,1163900,0.0,0.0
2019-02-22 00:00:00-05:00,57.25383100413354,57.50645031438471,55.936614772577684,56.523048400878906,1093300,0.0,0.0
2019-02-25 00:00:00-05:00,56.72152772256704,56.79370564773197,55.873457751676554,56.405757904052734,1238300,0.0,0.0
2019-02-26 00:00:00-05:00,56.405760184639796,57.4252510482004,55.83737104670015,57.35307312011719,1174800,0.0,0.0
2019-02-27 00:00:00-05:00,57.05535199619996,58.092883976984744,56.62229127889563,56.93806457519531,1082000,0.0,0.0
2019-02-28 00:00:00-05:00,56.865880457963705,57.596666467108975,56.49597719345058,57.118499755859375,913500,0.0,0.0
2019-03-01 00:00:00-05:00,57.452320029680614,57.452320029680614,56.53207203267964,56.9109992980957,735300,0.0,0.0
2019-03-04 00:00:00-05:00,56.992197425491426,57.38014523293092,55.90955590314566,56.07195281982422,566800,0.0,0.0
2019-03-05 00:00:00-05:00,56.11705761454918,56.18923210390472,55.71106535682062,55.94563674926758,792800,0.0,0.0
2019-03-06 00:00:00-05:00,56.08096969490768,56.25238712175286,54.7998423706649,54.94419479370117,645500,0.0,0.0
2019-03-07 00:00:00-05:00,54.72766832044901,54.72766832044901,53.95177270097825,54.52918243408203,624900,0.0,0.0
2019-03-08 00:00:00-05:00,54.43896314339415,54.727668008299354,53.7893754765407,53.96079635620117,623100,0.0,0.0
2019-03-11 00:00:00-04:00,54.03296421855495,54.52917542909408,53.53675300801583,53.870567321777344,963000,0.0,0.0
2019-03-12 00:00:00-04:00,53.97937919027815,54.577840180695205,53.97937919027815,54.17886734008789,749500,0.3,0.0
2019-03-13 00:00:00-04:00,54.38742592367576,54.614115763367145,54.024724255577006,54.160736083984375,679100,0.0,0.0
2019-03-14 00:00:00-04:00,54.169807206515664,54.36929191917791,53.46253253376529,53.63481903076172,1187600,0.0,0.0
2019-03-15 00:00:00-04:00,53.607609070896174,54.70479045731817,53.344651501649544,54.14259719848633,1491000,0.0,0.0
2019-03-18 00:00:00-04:00,54.28768528621479,55.37579727759451,54.08820056675425,55.14004135131836,927600,0.0,0.0
2019-03-19 00:00:00-04:00,55.24884982158164,55.6478227073028,54.45997012205939,54.83174133300781,763300,0.0,0.0
2019-03-20 00:00:00-04:00,55.221646569893494,55.62061944422153,53.934046476222946,54.45996856689453,696100,0.0,0.0
2019-03-21 00:00:00-04:00,54.43276534101871,55.87451291653006,54.43276534101871,55.30325698852539,540900,0.0,0.0
2019-03-22 00:00:00-04:00,55.004029921958285,55.49368087135271,54.741068842578365,54.949623107910156,601800,0.0,0.0
2019-03-25 00:00:00-04:00,54.822672552637215,55.62968786606076,54.450901336598974,55.348594665527344,651300,0.0,0.0
2019-03-26 00:00:00-04:00,55.31231807761143,56.10119771117852,55.00401977291671,55.63875198364258,477700,0.0,0.0
2019-03-27 00:00:00-04:00,55.62061521876959,55.95611518894444,55.21257284476656,55.548072814941406,646700,0.0,0.0
2019-03-28 00:00:00-04:00,55.68408925215418,56.30068586148467,55.34858927499303,56.0649299621582,394800,0.0,0.0
2019-03-29 00:00:00-04:00,56.21000453372981,56.636179007146666,55.82009779959542,56.391353607177734,1029300,0.0,0.0
2019-04-01 00:00:00-04:00,56.6633923040597,57.3797295490758,56.336958390375216,56.56364822387695,825000,0.0,0.0
2019-04-02 00:00:00-04:00,56.63618930120894,56.890084276404735,55.79290281215723,56.49110794067383,695400,0.0,0.0
2019-04-03 00:00:00-04:00,56.799406125097256,56.98075869007516,56.01959251700099,56.318824768066406,787800,0.0,0.0
2019-04-04 00:00:00-04:00,56.309760391539264,56.31882992307518,55.5662179201827,56.15561294555664,628400,0.0,0.0
2019-04-05 00:00:00-04:00,56.119336577955444,57.08050275064025,55.82010778602372,56.98075866699219,547300,0.0,0.0
2019-04-08 00:00:00-04:00,56.717797914616185,56.90821655219656,56.15560807361163,56.427635192871094,394100,0.0,0.0
2019-04-09 00:00:00-04:00,56.24627985878048,56.3641595396292,55.39392733798067,55.49367141723633,395100,0.0,0.0
2019-04-10 00:00:00-04:00,55.72942653131244,56.3369570695398,55.457399429290575,55.63875198364258,617700,0.0,0.0
2019-04-11 00:00:00-04:00,55.73850600343448,55.765707680784885,54.96775837471508,55.266990661621094,676800,0.0,0.0
2019-04-12 00:00:00-04:00,55.55714428834159,56.590849365967294,55.375791731439534,56.581783294677734,987600,0.0,0.0
2019-04-15 00:00:00-04:00,56.48203492463488,56.71779080938916,55.430194325323384,55.44832992553711,752000,0.0,0.0
2019-04-16 00:00:00-04:00,55.720367688535624,56.02866603322468,54.260484452184876,54.80453872680664,871500,0.0,0.0
2019-04-17 00:00:00-04:00,54.840805354257945,54.976820641060684,53.58947647631501,53.62574768066406,901800,0.0,0.0
2019-04-18 00:00:00-04:00,53.66201185173015,54.30581007898965,53.62574065213502,54.26953887939453,700100,0.0,0.0
2019-04-22 00:00:00-04:00,54.4327641021393,54.713860753260825,53.97031834346843,54.61411666870117,699100,0.0,0.0
2019-04-23 00:00:00-04:00,54.81360060524823,55.18537178143717,54.07005825287036,54.14259719848633,1002600,0.0,0.0
2019-04-24 00:00:00-04:00,54.40555207999875,55.52993501161727,54.40555207999875,54.57783508300781,800300,0.0,0.0
2019-04-25 00:00:00-04:00,54.83174080475245,55.33952384368505,54.19700854707417,55.08563232421875,1308700,0.0,0.0
2019-04-26 00:00:00-04:00,54.84081041475762,55.60248848131034,54.704798574416664,54.97682571411133,2073900,0.0,0.0
2019-04-29 00:00:00-04:00,54.922409471095,55.53900605999222,54.704789180314904,55.393924713134766,2384600,0.0,0.0
2019-04-30 00:00:00-04:00,49.880834747846585,50.77852810597132,48.511629529811884,48.97407531738281,5219900,0.0,0.0
2019-05-01 00:00:00-04:00,48.99221038624945,49.23703584488356,47.387245796767665,47.49605941772461,2599300,0.0,0.0
2019-05-02 00:00:00-04:00,47.74994657721969,48.8199228722541,47.69553977172201,48.176124572753906,1588100,0.0,0.0
2019-05-03 00:00:00-04:00,48.33026288620515,49.69947116476749,48.1670459595022,49.617862701416016,1242100,0.0,0.0
2019-05-06 00:00:00-04:00,49.07380905955229,50.44301744786275,48.96499891936594,49.7901496887207,1225000,0.0,0.0
2019-05-07 00:00:00-04:00,49.88990621742632,50.76039447432705,49.88990621742632,50.18006896972656,1131900,0.0,0.0
2019-05-08 00:00:00-04:00,50.04404167577923,50.470219629426644,49.24609602764676,49.3458366394043,809800,0.0,0.0
2019-05-09 00:00:00-04:00,48.919666820647535,49.79015495218413,48.656705783304496,49.5634651184082,705100,0.0,0.0
2019-05-10 00:00:00-04:00,49.49998700888246,49.989637828239,49.19168872917782,49.7901496887207,653800,0.0,0.0
2019-05-13 00:00:00-04:00,50.42488225964998,50.74224661237268,49.5362586130144,49.835487365722656,1437900,0.0,0.0
2019-05-14 00:00:00-04:00,49.79921176751999,50.207254084277366,49.41837457788758,49.617862701416016,620800,0.0,0.0
2019-05-15 00:00:00-04:00,49.327706561797726,49.67227260012722,48.747377712954645,48.80178451538086,812800,0.0,0.0
2019-05-16 00:00:00-04:00,48.91966965242005,49.1916967768953,47.65020512618547,47.849693298339844,1192900,0.0,0.0
2019-05-17 00:00:00-04:00,48.24866339070535,49.9987091841765,48.15798884079992,49.5634651184082,1347300,0.0,0.0
2019-05-20 00:00:00-04:00,49.33677553406508,50.959875582269625,49.33677553406508,50.7603874206543,1192800,0.0,0.0
2019-05-21 00:00:00-04:00,50.76038623158745,51.685281151484965,50.69691335601713,50.860130310058594,791100,0.0,0.0
2019-05-22 00:00:00-04:00,50.778520490403686,50.778520490403686,49.30957140188328,49.93523406982422,710600,0.0,0.0
2019-05-23 00:00:00-04:00,48.738315601082824,48.77458680564662,46.52582400787815,48.07638168334961,1510400,0.0,0.0
2019-05-24 00:00:00-04:00,48.30306625366211,48.86525602701821,48.16705098089289,48.30306625366211,773800,0.0,0.0
2019-05-28 00:00:00-04:00,48.47535598982979,49.055681443959706,48.16705765994669,48.27587127685547,834400,0.0,0.0
2019-05-29 00:00:00-04:00,48.076381331125006,48.176125413438456,46.91573046568654,47.178688049316406,890900,0.0,0.0
2019-05-30 00:00:00-04:00,47.3328320943552,48.003831981789155,47.06987108973371,47.45977783203125,826300,0.0,0.0
2019-05-31 00:00:00-04:00,47.14242139601798,47.14242139601798,46.099646731875175,46.48048400878906,1210200,0.0,0.0
2019-06-03 00:00:00-04:00,46.54396022557613,48.84712640163088,46.47141781548937,48.656707763671875,1844400,0.0,0.0
2019-06-04 00:00:00-04:00,50.18913157791937,51.431394450653954,50.08032141807104,50.651580810546875,1400400,0.0,0.0
2019-06-05 00:00:00-04:00,50.73318412226216,50.79665699728616,49.28236714982646,49.49092483520508,920100,0.0,0.0
2019-06-06 00:00:00-04:00,49.58160456920237,50.91454200216445,49.49093001225789,50.58810806274414,749500,0.0,0.0
2019-06-07 00:00:00-04:00,50.80572762440802,51.34978533498914,50.19820049212357,50.307010650634766,718700,0.0,0.0
2019-06-10 00:00:00-04:00,50.49742335641782,51.095884346394506,49.835489493186955,50.189125061035156,811400,0.0,0.0
2019-06-11 00:00:00-04:00,50.49910785761377,50.77261740801022,49.39595070022593,49.53270721435547,800100,0.3,0.0
2019-06-12 00:00:00-04:00,49.54181708385904,49.95208310194041,48.73040400246601,49.040382385253906,1068500,0.0,0.0
2019-06-13 00:00:00-04:00,49.04949978137042,49.642106661549064,48.903627800107394,49.341243743896484,853600,0.0,0.0
2019-06-14 00:00:00-04:00,49.441534662451815,50.26206678514426,49.38683136165145,49.39595031738281,649800,0.0,0.0
2019-06-17 00:00:00-04:00,49.405060300359445,49.578285661362955,48.5571783605006,48.74863815307617,1365500,0.0,0.0
2019-06-18 00:00:00-04:00,48.98568591098605,49.72416484635828,48.557185401563096,48.630123138427734,606400,0.0,0.0
2019-06-19 00:00:00-04:00,48.584538812653385,48.82157950183967,47.35374058650519,47.85517883300781,1449000,0.0,0.0
2019-06-20 00:00:00-04:00,47.736662066578845,48.52984091542433,46.74290789679145,48.32926559448242,1101900,0.0,0.0
2019-06-21 00:00:00-04:00,48.101334253180404,48.721291095714555,46.970827171756476,47.75489044189453,1561500,0.0,0.0
2019-06-24 00:00:00-04:00,48.01016647297309,48.40219811548615,47.47226283402699,47.663719177246094,691400,0.0,0.0
2019-06-25 00:00:00-04:00,47.882523663649515,48.703052249469714,47.51784197359897,48.41130828857422,935300,0.0,0.0
2019-06-26 00:00:00-04:00,48.41131463340959,48.584540023924745,47.89164541758972,48.36573028564453,934200,0.0,0.0
2019-06-27 00:00:00-04:00,48.54806550260216,49.63298815570027,48.466012295032556,49.61475372314453,747200,0.0,0.0
2019-06-28 00:00:00-04:00,49.49622996970656,49.578283168724376,48.58452930411401,48.930973052978516,1484600,0.0,0.0
2019-07-01 00:00:00-04:00,49.06773576971169,49.46888286143991,47.97369413661543,48.438663482666016,779400,0.0,0.0
2019-07-02 00:00:00-04:00,48.36573385998252,48.493371434302524,47.727542510519456,47.93723678588867,1174100,0.0,0.0
2019-07-03 00:00:00-04:00,47.98282286142267,49.04039584390495,47.85518528251564,49.01304244995117,624700,0.0,0.0
2019-07-05 00:00:00-04:00,48.75776056022599,49.92473652381121,48.630122998941694,49.733280181884766,613900,0.0,0.0
2019-07-08 00:00:00-04:00,49.642109954190545,49.98855723686764,48.92186547736747,49.39595031738281,558700,0.0,0.0
2019-07-09 00:00:00-04:00,49.122445071559646,49.35948577339754,48.70306001774968,49.204498291015625,330300,0.0,0.0
2019-07-10 00:00:00-04:00,49.18626120950109,49.24096103428685,47.86429429066263,48.630123138427734,470300,0.0,0.0
2019-07-11 00:00:00-04:00,48.684827675725565,48.684827675725565,47.928114286946894,48.36573028564453,523800,0.0,0.0
2019-07-12 00:00:00-04:00,48.466022149148046,49.0677446343799,48.41131884035857,48.812469482421875,641800,0.0,0.0
2019-07-15 00:00:00-04:00,48.57541518603283,48.912746969947555,48.16515262795999,48.219852447509766,1002000,0.0,0.0
2019-07-16 00:00:00-04:00,48.21985253577234,48.99480026681565,47.928108571431586,48.52983093261719,1608700,0.0,0.0
2019-07-17 00:00:00-04:00,48.475125772522816,49.797092516444906,48.2198506829988,49.46887969970703,1104500,0.0,0.0
2019-07-18 00:00:00-04:00,49.459768602383,49.79709692596179,49.01303367829549,49.587406158447266,536300,0.0,0.0
2019-07-19 00:00:00-04:00,49.51447967989249,49.76975483211717,49.21361669803073,49.25920104980469,634800,0.0,0.0
2019-07-22 00:00:00-04:00,49.16802768550114,49.7059313323162,49.013036730725894,49.66034698486328,776000,0.0,0.0
2019-07-23 00:00:00-04:00,49.84267966621361,50.1435425911344,49.386829279021484,49.71504211425781,1204400,0.0,0.0
2019-07-24 00:00:00-04:00,49.66034549886301,50.12531139354988,49.25007942833773,49.45977020263672,757000,0.0,0.0
2019-07-25 00:00:00-04:00,49.66034353087759,49.96120298543162,49.140674354760385,49.62387466430664,961500,0.0,0.0
2019-07-26 00:00:00-04:00,50.56293019572471,51.328759077456354,50.09796427510969,50.964080810546875,1298500,0.0,0.0
2019-07-29 00:00:00-04:00,51.21023259899134,51.87577724782991,50.78173558515683,51.62049865722656,1837200,0.0,0.0
2019-07-30 00:00:00-04:00,53.553308866635916,55.1123164681968,50.818206346902706,51.31964111328125,2126000,0.0,0.0
2019-07-31 00:00:00-04:00,51.155530992431,51.283168544350055,49.988555114471104,50.353233337402344,1081800,0.0,0.0
2019-08-01 00:00:00-04:00,50.10707865663909,50.82732317397077,49.87915344061231,50.72703552246094,848000,0.0,0.0
2019-08-02 00:00:00-04:00,50.69056061900335,52.08546513998442,50.63586079950058,51.87577438354492,1073600,0.0,0.0
2019-08-05 00:00:00-04:00,51.62962015393222,51.84842641051823,49.98855931808617,50.626747131347656,1230200,0.0,0.0
2019-08-06 00:00:00-04:00,50.644972346768974,50.754375455147255,49.7606250474295,49.82444381713867,893900,0.0,0.0
2019-08-07 00:00:00-04:00,49.48711584992881,49.84267858778752,48.08309933093066,48.548065185546875,1084800,0.0,0.0
2019-08-08 00:00:00-04:00,48.949218486381135,49.696812921981454,48.59365570333498,49.60564422607422,755700,0.0,0.0
2019-08-09 00:00:00-04:00,49.47800249612579,50.37146885669286,49.441533629687335,49.64210891723633,699900,0.0,0.0
2019-08-12 00:00:00-04:00,49.46888685540985,49.96120615173092,48.52072060951263,48.885398864746094,618600,0.0,0.0
2019-08-13 00:00:00-04:00,49.14979541884746,49.96120866403262,48.2289790393772,48.39308547973633,919300,0.0,0.0
2019-08-14 00:00:00-04:00,47.91899525368561,48.03751385350994,46.27793103298272,46.296165466308594,990800,0.0,0.0
2019-08-15 00:00:00-04:00,46.587909819951236,46.587909819951236,45.3753495558222,45.65797805786133,901000,0.0,0.0
2019-08-16 00:00:00-04:00,45.73091988399622,47.362865432426766,45.73091988399622,46.879661560058594,854000,0.0,0.0
2019-08-19 00:00:00-04:00,47.216975675392305,47.40843196981433,46.56055011981755,46.94346618652344,618200,0.0,0.0
2019-08-20 00:00:00-04:00,46.87053646799386,46.9070053334975,45.23859125426147,45.63062286376953,1090500,0.0,0.0
2019-08-21 00:00:00-04:00,45.80385490030213,46.07736447564938,44.97420721762647,45.101844787597656,1135800,0.0,0.0
2019-08-22 00:00:00-04:00,44.99243942326085,45.22036465535003,44.34513259881468,44.83745193481445,807300,0.0,0.0
2019-08-23 00:00:00-04:00,44.80097411508949,45.54856844879922,44.408942515965805,44.61863327026367,1462500,0.0,0.0
2019-08-26 00:00:00-04:00,45.01979171856439,46.4055775132275,45.01979171856439,46.341758728027344,1776500,0.0,0.0
2019-08-27 00:00:00-04:00,46.82494552408252,47.03463625437448,46.26880757606988,46.33262634277344,740800,0.0,0.0
2019-08-28 00:00:00-04:00,46.15941646511596,46.806723254344206,45.60327837261797,46.587913513183594,601000,0.0,0.0
2019-08-29 00:00:00-04:00,46.85230830054628,47.198755613434514,46.20500150167679,46.37822341918945,809300,0.0,0.0
2019-08-30 00:00:00-04:00,46.56055968019924,47.025529036825155,46.505856380048385,46.91612243652344,552500,0.0,0.0
2019-09-03 00:00:00-04:00,46.77025167942544,47.864293366226,46.49674212719097,47.59989929199219,858100,0.0,0.0
2019-09-04 00:00:00-04:00,47.827822054969914,47.93722865256423,46.55144305046514,46.71554946899414,1174600,0.0,0.0
2019-09-05 00:00:00-04:00,47.08023568197485,48.466021519194825,46.843194969360994,47.93723678588867,608100,0.0,0.0
2019-09-06 00:00:00-04:00,48.08311101582548,49.240968195098574,47.96458891511586,48.201629638671875,693900,0.0,0.0
2019-09-09 00:00:00-04:00,48.18338423699754,48.78510660525436,47.691068465051,48.648353576660156,835800,0.0,0.0
2019-09-10 00:00:00-04:00,48.56583027014418,49.473515131605815,48.079894543705215,49.44601058959961,559200,0.3,0.0
2019-09-11 00:00:00-04:00,49.528540324155856,49.73024967696265,48.75838147415224,49.38184356689453,661400,0.0,0.0
2019-09-12 00:00:00-04:00,49.37266659632433,49.37266659632433,48.354959943256084,48.877567291259766,865100,0.0,0.0
2019-09-13 00:00:00-04:00,48.99675214235849,50.02363272587732,48.675854145962504,49.748573303222656,609000,0.0,0.0
2019-09-16 00:00:00-04:00,49.34515902761609,50.472890788294336,48.886731312013914,49.70273208618164,606100,0.0,0.0
2019-09-17 00:00:00-04:00,49.65688805135051,50.069473678589475,49.00592156033224,49.821922302246094,869200,0.0,0.0
2019-09-18 00:00:00-04:00,49.83109831844671,49.968628051544094,48.82255860082061,49.07927703857422,871300,0.0,0.0
2019-09-19 00:00:00-04:00,48.68502390522142,48.914237772002174,47.56646261364906,47.6123046875,1074600,0.0,0.0
2019-09-20 00:00:00-04:00,47.49311110013632,47.951538820210075,47.04385389307856,47.254730224609375,1482200,0.0,0.0
2019-09-23 00:00:00-04:00,47.08052886789992,48.40997005205989,47.08052886789992,48.144081115722656,962400,0.0,0.0
2019-09-24 00:00:00-04:00,48.281610358879306,48.51999124931992,47.08969891162391,47.300575256347656,594700,0.0,0.0
2019-09-25 00:00:00-04:00,47.4381032569581,48.061561754894605,47.36475314100908,47.84151840209961,563000,0.0,0.0
2019-09-26 00:00:00-04:00,47.84152930675954,47.99739309238865,47.20890015136938,47.21806716918945,742500,0.0,0.0
2019-09-27 00:00:00-04:00,47.181380504627825,48.12574399418441,47.181380504627825,47.887359619140625,585100,0.0,0.0
2019-09-30 00:00:00-04:00,47.90570024135296,48.42830760054744,47.722328440445416,48.15325164794922,614700,0.0,0.0
2019-10-01 00:00:00-04:00,48.26327410921374,48.52916304994901,47.24556392038484,47.44727325439453,729900,0.0,0.0
2019-10-02 00:00:00-04:00,47.07136591977577,47.72233254635521,46.301207087722496,47.034690856933594,703200,0.0,0.0
2019-10-03 00:00:00-04:00,46.84214754723548,47.300575296377524,46.07198878877579,46.8604850769043,623600,0.0,0.0
2019-10-04 00:00:00-04:00,45.769433930775186,46.209527735614095,45.18264685435913,45.2376594543457,887600,0.0,0.0
2019-10-07 00:00:00-04:00,45.30182883770871,46.402056106190486,45.10929002754408,46.27369689941406,816400,0.0,0.0
2019-10-08 00:00:00-04:00,45.88861945681076,46.457068917002196,45.650238553351876,46.06282424926758,578600,0.0,0.0
2019-10-09 00:00:00-04:00,46.392894895035205,46.392894895035205,45.24682532255384,45.30183792114258,526400,0.0,0.0
2019-10-10 00:00:00-04:00,45.32016048627138,45.82443023211439,45.0175965402502,45.29265594482422,561100,0.0,0.0
2019-10-11 00:00:00-04:00,45.787758876709276,46.759626890803936,45.77859186132836,46.40205383300781,755400,0.0,0.0
2019-10-14 00:00:00-04:00,46.10867400089992,46.19119115381619,44.47666847628098,44.54085159301758,833700,0.0,0.0
2019-10-15 00:00:00-04:00,44.5408414739454,45.34767178857378,44.21077293726736,45.3293342590332,989700,0.0,0.0
2019-10-16 00:00:00-04:00,45.27433639096621,45.45770823430174,44.577524085796604,44.69671630859375,420700,0.0,0.0
2019-10-17 00:00:00-04:00,45.05428001386639,45.14596766503472,44.07324488028604,44.1465950012207,817100,0.0,0.0
2019-10-18 00:00:00-04:00,44.00906492545812,44.84340330810221,43.56897469590668,44.59585189819336,765000,0.0,0.0
2019-10-21 00:00:00-04:00,44.779221285147194,45.5310424905847,44.54084040190951,44.96259307861328,774300,0.0,0.0
2019-10-22 00:00:00-04:00,44.85256650703677,44.97175869370626,44.1924329676559,44.605018615722656,664000,0.0,0.0
2019-10-23 00:00:00-04:00,44.56834369099136,45.36600694793809,44.375804887163866,44.815895080566406,846400,0.0,0.0
2019-10-24 00:00:00-04:00,45.12763053573013,45.28349429781162,44.31162966947687,44.339134216308594,485600,0.0,0.0
2019-10-25 00:00:00-04:00,44.357472124717034,45.87028167130098,44.32996408012458,45.62273025512695,1171400,0.0,0.0
2019-10-28 00:00:00-04:00,46.026146196033295,46.4570658970655,45.540210409086846,45.99863815307617,1362000,0.0,0.0
2019-10-29 00:00:00-04:00,53.92944635507645,56.14823873578289,51.582294749396176,55.295562744140625,5183700,0.0,0.0
2019-10-30 00:00:00-04:00,54.800452958197006,54.91047463749132,51.518108631102585,51.949031829833984,1990100,0.0,0.0
2019-10-31 00:00:00-04:00,51.49977364159494,52.30660749044047,51.21555066460628,51.802337646484375,785700,0.0,0.0
2019-11-01 00:00:00-04:00,51.930698085897966,53.434340636792044,51.710654711269086,53.04009246826172,844600,0.0,0.0
2019-11-04 00:00:00-05:00,53.09509935585685,54.81878859370368,52.73752628735973,54.6995964050293,807000,0.0,0.0
2019-11-05 00:00:00-05:00,54.4887351824728,55.46060349520578,54.066982394835215,54.47956466674805,862900,0.0,0.0
2019-11-06 00:00:00-05:00,54.43370849860533,54.58957574786032,53.46184393482246,53.97528076171875,798300,0.0,0.0
2019-11-07 00:00:00-05:00,54.37869483244885,54.60790868160304,53.067591335484835,53.35181427001953,1101600,0.0,0.0
2019-11-08 00:00:00-05:00,53.406839751584215,53.94778470613652,53.02176207081475,53.929447174072266,390100,0.0,0.0
2019-11-11 00:00:00-05:00,53.86525441596585,54.05779320936568,53.287634538240624,53.58102798461914,276300,0.0,0.0
2019-11-12 00:00:00-05:00,53.52602664679808,53.654385860976824,52.15074335626645,52.710025787353516,730600,0.0,0.0
2019-11-13 00:00:00-05:00,52.37078108730889,52.52664832883966,51.68313951605605,52.14156723022461,1076000,0.0,0.0
2019-11-14 00:00:00-05:00,52.17824849880251,52.35244979181663,50.97716648557774,52.224090576171875,837500,0.0,0.0
2019-11-15 00:00:00-05:00,52.214916370944486,52.92089545732025,51.51810429976999,52.865882873535156,809300,0.0,0.0
2019-11-18 00:00:00-05:00,52.83838222491807,54.39703723845311,52.44413408921432,53.96611404418945,718400,0.0,0.0
2019-11-19 00:00:00-05:00,54.19533202860682,54.19533202860682,52.65501442740521,52.84755325317383,652700,0.0,0.0
2019-11-20 00:00:00-05:00,52.61833955666828,52.87505799195638,52.11406970269821,52.62751007080078,428200,0.0,0.0
2019-11-21 00:00:00-05:00,52.939240344117714,53.63604901462693,52.765035553345676,52.88422775268555,529300,0.0,0.0
2019-11-22 00:00:00-05:00,53.04926298242831,53.80108425787535,52.902566233500266,53.04009246826172,645900,0.0,0.0
2019-11-25 00:00:00-05:00,53.3976604180617,53.92943473516399,53.1226009980674,53.764400482177734,404200,0.0,0.0
2019-11-26 00:00:00-05:00,53.55353344249468,54.03946577301521,52.930071378134635,53.021759033203125,433800,0.0,0.0
2019-11-27 00:00:00-05:00,53.2509765625,53.48935748691056,52.774211216152224,53.2509765625,375700,0.0,0.0
2019-11-29 00:00:00-05:00,53.1226090637114,53.79191319243177,52.98508283035936,53.0859375,283100,0.0,0.0
2019-12-02 00:00:00-05:00,53.177621701272955,53.91110543902662,52.9300702839949,53.73690414428711,453800,0.0,0.0
2019-12-03 00:00:00-05:00,53.19595979946011,53.223464346942336,52.26993372892609,52.60000228881836,391900,0.0,0.0
2019-12-04 00:00:00-05:00,52.63666943901095,52.88422082172235,52.11406213023995,52.17824172973633,419900,0.0,0.0
2019-12-05 00:00:00-05:00,52.13240493403413,52.26076414601664,51.46310083046373,51.6556396484375,568900,0.0,0.0
2019-12-06 00:00:00-05:00,52.19658321492287,52.62750641351831,51.29806525632953,52.398292541503906,512200,0.0,0.0
2019-12-09 00:00:00-05:00,52.389118038404646,52.5266477501504,51.61895934718532,51.728981018066406,877300,0.0,0.0
2019-12-10 00:00:00-05:00,51.65525325698413,52.263612620129635,51.46168516785221,52.217525482177734,957400,0.3,0.0
2019-12-11 00:00:00-05:00,52.3926560462353,52.80744730467897,51.61838020254815,52.76136016845703,805300,0.0,0.0
2019-12-12 00:00:00-05:00,52.07925874770725,52.79822792027181,50.92706275771373,52.3465690612793,879700,0.0,0.0
2019-12-13 00:00:00-05:00,52.3004819554386,52.54013717435891,51.74742577018517,52.26361083984375,491100,0.0,0.0
2019-12-16 00:00:00-05:00,52.48483278360971,52.49405232102095,51.6829053237718,51.7289924621582,391200,0.0,0.0
2019-12-17 00:00:00-05:00,51.86725619678594,51.86725619678594,51.30498397926484,51.784297943115234,403800,0.0,0.0
2019-12-18 00:00:00-05:00,51.959433208693646,51.959433208693646,51.12063460682271,51.59073257446289,516200,0.0,0.0
2019-12-19 00:00:00-05:00,51.434026699766775,51.434026699766775,50.65053485728537,51.05610656738281,693900,0.0,0.0
2019-12-20 00:00:00-05:00,51.31420266715981,52.16222080611421,50.936282495512565,51.67369079589844,1030600,0.0,0.0
2019-12-23 00:00:00-05:00,51.98709102351044,52.153007548266906,51.33264094642726,52.07004928588867,600200,0.0,0.0
2019-12-24 00:00:00-05:00,52.30047836177777,52.38343660805442,51.35106653967327,51.51698303222656,189600,0.0,0.0
2019-12-26 00:00:00-05:00,51.40637969970703,51.65525446995929,51.10219825287984,51.40637969970703,633800,0.0,0.0
2019-12-27 00:00:00-05:00,51.58151222969194,51.76586430203448,50.576797127459585,50.733497619628906,639300,0.0,0.0
2019-12-30 00:00:00-05:00,50.73349759465999,52.22674269907534,50.61366822026282,52.1622200012207,1336700,0.0,0.0
2019-12-31 00:00:00-05:00,52.042390732886325,52.81666662494325,51.61838342719936,51.91334533691406,885300,0.0,0.0
2020-01-02 00:00:00-05:00,52.20829634673323,52.42951949094459,51.41558506129116,51.839595794677734,982300,0.0,0.0
2020-01-03 00:00:00-05:00,51.27733156524322,51.876471373133924,51.10219552355477,51.68290328979492,576800,0.0,0.0
2020-01-06 00:00:00-05:00,51.314199164767466,51.71977440554229,50.862540303643115,51.68290328979492,619400,0.0,0.0
2020-01-07 00:00:00-05:00,51.52620635304363,51.98708475149223,51.23124445933437,51.599945068359375,975200,0.0,0.0
2020-01-08 00:00:00-05:00,51.52620259348896,51.77507381621623,50.98236598235114,51.434024810791016,660800,0.0,0.0
2020-01-09 00:00:00-05:00,51.56307605360149,51.72899256510135,51.0192393806238,51.48011779785156,990200,0.0,0.0
2020-01-10 00:00:00-05:00,51.59073257446289,52.01473988612877,51.13907016596776,51.59073257446289,1315300,0.0,0.0
2020-01-13 00:00:00-05:00,52.85353356491632,53.31441195194341,52.51248454305872,52.742923736572266,1331800,0.0,0.0
2020-01-14 00:00:00-05:00,52.623095426335766,52.78901193028949,52.13456545148488,52.26361083984375,1087500,0.0,0.0
2020-01-15 00:00:00-05:00,52.18065786471727,52.420313107873085,51.43403352142198,51.627601623535156,764800,0.0,0.0
2020-01-16 00:00:00-05:00,51.775079614586076,52.567791053451,51.34185629416845,52.40187454223633,803300,0.0,0.0
2020-01-17 00:00:00-05:00,52.659966748624036,53.378935924430074,52.21752390841854,53.27754211425781,973500,0.0,0.0
2020-01-21 00:00:00-05:00,53.02866430163872,53.86746279715207,52.521698796213805,53.71076583862305,1373200,0.0,0.0
2020-01-22 00:00:00-05:00,53.87668628538634,55.222450385033014,53.79372803177946,54.89061737060547,974000,0.0,0.0
2020-01-23 00:00:00-05:00,54.641744019637436,56.466822129855984,54.4666114869367,56.429954528808594,1133700,0.0,0.0
2020-01-24 00:00:00-05:00,56.41151891527711,57.37014686604183,56.162644148277224,57.26875305175781,1085500,0.0,0.0
2020-01-27 00:00:00-05:00,56.54056541934183,57.52684496928298,56.34699732439413,57.379364013671875,1474700,0.0,0.0
2020-01-28 00:00:00-05:00,57.9877131066766,59.047731188238856,57.43466050031566,58.162845611572266,1567700,0.0,0.0
2020-01-29 00:00:00-05:00,58.079891072678926,58.780428169379405,57.425444626299935,58.49468231201172,812800,0.0,0.0
2020-01-30 00:00:00-05:00,58.07066609931855,58.86337734200007,57.204216156692596,58.04301452636719,844100,0.0,0.0
2020-01-31 00:00:00-05:00,57.536056201617235,58.60529743607808,57.1304844865005,57.609798431396484,963300,0.0,0.0
2020-02-03 00:00:00-05:00,57.96007072476814,58.09833214017784,57.30562070009175,57.85867691040039,1103300,0.0,0.0
2020-02-04 00:00:00-05:00,59.40722498224951,59.54548991347557,58.264248480177315,58.273468017578125,981000,0.0,0.0
2020-02-05 00:00:00-05:00,58.660604637940395,58.91869542752188,58.061464802665746,58.62373352050781,539100,0.0,0.0
2020-02-06 00:00:00-05:00,58.642162883881426,58.9924314300397,58.218155626871514,58.73434066772461,359600,0.0,0.0
2020-02-07 00:00:00-05:00,58.59608136594093,58.86339169037092,58.25503232359217,58.60530090332031,556200,0.0,0.0
2020-02-10 00:00:00-05:00,58.494685776303314,58.98321927210505,58.16285276518459,58.65138626098633,393800,0.0,0.0
2020-02-11 00:00:00-05:00,58.81729765273544,59.18599823152638,58.291896602885636,59.03852081298828,594500,0.0,0.0
2020-02-12 00:00:00-05:00,59.39800649059721,59.646877715763296,58.87260191462741,59.23208999633789,768800,0.0,0.0
2020-02-13 00:00:00-05:00,58.84495293873125,58.9924338827893,58.17207091170245,58.45781326293945,606300,0.0,0.0
2020-02-14 00:00:00-05:00,58.52234244684275,59.15835339112675,58.236596564859546,59.103050231933594,621500,0.0,0.0
2020-02-18 00:00:00-05:00,58.84495290401286,59.43488019612007,58.59607815176991,59.37957000732422,744800,0.0,0.0
2020-02-19 00:00:00-05:00,59.60999938091532,60.19071055669606,59.38877975951764,59.914180755615234,797400,0.0,0.0
2020-02-20 00:00:00-05:00,59.683755969412054,61.3797851959028,59.683755969412054,61.158565521240234,1547400,0.0,0.0
2020-02-21 00:00:00-05:00,66.08993530379728,66.81812375037187,63.444498766972075,65.92401885986328,2990200,0.0,0.0
2020-02-24 00:00:00-05:00,63.721046324554464,65.14055266878945,63.26016791535271,63.29703903198242,1346100,0.0,0.0
2020-02-25 00:00:00-05:00,63.64731668949197,64.22802100418617,60.835955334538276,60.974220275878906,1276800,0.0,0.0
2020-02-26 00:00:00-05:00,61.19542633911328,61.97891812235837,58.84494747315527,59.010860443115234,1499400,0.0,0.0
2020-02-27 00:00:00-05:00,57.92319300938879,58.17206774824451,53.425019185899046,53.44345474243164,2118400,0.0,0.0
2020-02-28 00:00:00-05:00,52.4940451514556,53.12083999332908,50.77036109441493,51.821163177490234,2528200,0.0,0.0
2020-03-02 00:00:00-05:00,52.70604915978777,54.687827500322946,51.69211818141612,54.59564971923828,1746100,0.0,0.0
2020-03-03 00:00:00-05:00,54.59564967951593,56.01515586118169,52.59543930044193,52.6691780090332,1259600,0.0,0.0
2020-03-04 00:00:00-05:00,53.48032673115085,53.849027319171,51.323415808641585,53.461891174316406,1482200,0.0,0.0
2020-03-05 00:00:00-05:00,52.235958125455454,52.936495288789025,47.37830270171908,47.949790954589844,2343600,0.0,0.0
2020-03-06 00:00:00-05:00,46.751498811172766,49.857817763573614,45.838958172766645,49.673465728759766,1572800,0.0,0.0
2020-03-09 00:00:00-04:00,45.921914626815166,47.498117606544284,43.56221640865133,44.28118896484375,1702400,0.0,0.0
2020-03-10 00:00:00-04:00,45.63711543587696,46.361512968899994,43.129580881019386,46.05503845214844,2031500,0.36,0.0
2020-03-11 00:00:00-04:00,44.13259587171749,44.66196384175861,38.52314896721474,39.05251693725586,1904600,0.0,0.0
2020-03-12 00:00:00-04:00,34.89187160308467,38.89464018832653,31.6227897555272,37.81732940673828,3128100,0.0,0.0
2020-03-13 00:00:00-04:00,40.38987246870503,42.05227191298179,38.095942129513055,41.03068542480469,2356800,0.0,0.0
2020-03-16 00:00:00-04:00,35.51411412888987,36.637860041432866,32.71867598291077,34.7525634765625,2490000,0.0,0.0
2020-03-17 00:00:00-04:00,35.226206123710355,35.91345413506072,30.89838872743688,32.616512298583984,3159000,0.0,0.0
2020-03-18 00:00:00-04:00,29.867519408142297,32.31933014763002,23.357217204143435,28.242265701293945,2541800,0.0,0.0
2020-03-19 00:00:00-04:00,27.777910424417655,32.876565577622145,25.58613891353987,32.226463317871094,2419600,0.0,0.0
2020-03-20 00:00:00-04:00,33.498794260486264,36.81431093081425,32.5050681740166,33.29447555541992,3648400,0.0,0.0
2020-03-23 00:00:00-04:00,32.997287129279314,36.83288622218549,30.75908111524155,36.54498291015625,2927800,0.0,0.0
2020-03-24 00:00:00-04:00,39.804781982863055,43.88184605475796,39.804781982863055,42.5909309387207,3047500,0.0,0.0
2020-03-25 00:00:00-04:00,42.544497214537586,47.02090973239622,40.194842442955036,41.80152130126953,3006700,0.0,0.0
2020-03-26 00:00:00-04:00,42.19157628937172,44.049008647106696,40.47345277557529,41.17927551269531,1790600,0.0,0.0
2020-03-27 00:00:00-04:00,39.470444382641915,40.90995399863099,37.83590518585087,38.903926849365234,1625100,0.0,0.0
2020-03-30 00:00:00-04:00,38.31883682704485,40.22270826744321,37.17651608846896,39.21040725708008,916200,0.0,0.0
2020-03-31 00:00:00-04:00,39.40543417938136,40.306290153489705,37.891625568965175,38.35598373413086,1467200,0.0,0.0
2020-04-01 00:00:00-04:00,36.470695592073575,36.80503408252543,32.969434133598234,33.63811111450195,1975100,0.0,0.0
2020-04-02 00:00:00-04:00,32.978713966145726,35.337654197808,31.492769316232522,32.01285171508789,2107900,0.0,0.0
2020-04-03 00:00:00-04:00,32.26360312221781,32.9694258923617,30.842664892983695,32.74653244018555,2600200,0.0,0.0
2020-04-06 00:00:00-04:00,36.66571724837902,39.86978903022648,34.72470013762968,39.52616500854492,2441500,0.0,0.0
2020-04-07 00:00:00-04:00,43.222456485628456,44.578381403039074,37.66873356096574,38.67174530029297,2242700,0.0,0.0
2020-04-08 00:00:00-04:00,39.424008919236144,43.27817956328646,38.46742869019849,41.541481018066406,1831200,0.0,0.0
2020-04-09 00:00:00-04:00,43.751830009762095,46.147916470699016,42.56307415582576,43.63109588623047,2034700,0.0,0.0
2020-04-13 00:00:00-04:00,43.64966308980458,44.7826980313544,40.75206942560628,40.993534088134766,1554400,0.0,0.0
2020-04-14 00:00:00-04:00,42.535201560261775,43.510352868787386,40.77064289311334,40.80778884887695,1147500,0.0,0.0
2020-04-15 00:00:00-04:00,38.838906393089076,40.11124643762259,38.272389014369345,38.541717529296875,1601300,0.0,0.0
2020-04-16 00:00:00-04:00,38.523157317987035,39.26612975780524,36.98148817682476,39.10824966430664,1888600,0.0,0.0
2020-04-17 00:00:00-04:00,40.78921746813814,43.58465546524344,40.76135711332182,43.176021575927734,1745900,0.0,0.0
2020-04-20 00:00:00-04:00,41.74580736738171,43.909714969301795,40.25057323611741,40.371307373046875,2227900,0.0,0.0
2020-04-21 00:00:00-04:00,39.02466134776296,41.75508613406274,39.02466134776296,41.4578971862793,2242100,0.0,0.0
2020-04-22 00:00:00-04:00,42.804529919233836,44.46693277214083,42.03369377055128,42.96240997314453,1756500,0.0,0.0
2020-04-23 00:00:00-04:00,43.62180833467204,44.457650928636134,41.80152158608865,43.11101150512695,1855100,0.0,0.0
2020-04-24 00:00:00-04:00,43.296749263439125,43.965426076746226,42.18228908885103,42.60021209716797,1733800,0.0,0.0
2020-04-27 00:00:00-04:00,43.25031453841207,46.537970842172804,42.980985981504666,46.34294128417969,1412700,0.0,0.0
2020-04-28 00:00:00-04:00,47.77316632092102,49.1848155552761,45.40494040874026,46.259361267089844,2343600,0.0,0.0
2020-04-29 00:00:00-04:00,48.58115289159127,49.398420717822056,46.09219282358918,46.38009262084961,3293500,0.0,0.0
2020-04-30 00:00:00-04:00,45.330642795845804,45.99003050283364,43.566080450877124,43.73324966430664,1624100,0.0,0.0
2020-05-01 00:00:00-04:00,42.098706297044686,42.34945654894195,40.63133302663825,41.662208557128906,2081600,0.0,0.0
2020-05-04 00:00:00-04:00,40.39915919360989,43.166733352315404,39.758346219729695,43.01813888549805,2672600,0.0,0.0
2020-05-05 00:00:00-04:00,41.32787419222737,45.50709742514923,40.35272281309988,40.547752380371094,3600500,0.0,0.0
2020-05-06 00:00:00-04:00,41.27215272724763,42.00583948350045,40.08339694996728,41.188568115234375,1622000,0.0,0.0
2020-05-07 00:00:00-04:00,41.950117749983676,43.34319233877649,41.950117749983676,42.66522979736328,1553100,0.0,0.0
2020-05-08 00:00:00-04:00,43.826121635778954,44.81056220521884,43.454637235388276,44.188323974609375,1603800,0.0,0.0
2020-05-11 00:00:00-04:00,43.54750724385736,45.55353433334961,42.95312937182582,45.089176177978516,2374400,0.0,0.0
2020-05-12 00:00:00-04:00,45.5256679735562,45.68354802502999,42.74880501184449,42.76737976074219,1591600,0.0,0.0
2020-05-13 00:00:00-04:00,42.27517027451318,42.71166810919334,39.31256628146808,40.872806549072266,1637500,0.0,0.0
2020-05-14 00:00:00-04:00,39.2382597348794,41.49504040068587,38.708891780457755,40.80778884887695,1317300,0.0,0.0
2020-05-15 00:00:00-04:00,40.29699713553119,42.30302407464839,40.29699713553119,42.238014221191406,912400,0.0,0.0
2020-05-18 00:00:00-04:00,44.54123996858221,46.036474015791555,44.318350005150855,45.107757568359375,1877200,0.0,0.0
2020-05-19 00:00:00-04:00,44.996312927642016,46.277942626787265,43.64967336010561,44.754844665527344,986700,0.0,0.0
2020-05-20 00:00:00-04:00,45.76713523960498,46.900170187728,45.5349561792697,46.39866256713867,1055100,0.0,0.0
2020-05-21 00:00:00-04:00,46.1200539233991,46.97447480993966,45.228487075265086,46.85374069213867,1062400,0.0,0.0
2020-05-22 00:00:00-04:00,47.067342337145696,47.37381687370736,46.194350291104996,46.7608642578125,1212300,0.0,0.0
2020-05-26 00:00:00-04:00,48.75761276488566,48.989791873289875,47.2530931344025,47.40168762207031,952300,0.0,0.0
2020-05-27 00:00:00-04:00,49.342703058292436,51.367305082812805,48.6275910090103,51.03296661376953,1727700,0.0,0.0
2020-05-28 00:00:00-04:00,51.96168481640479,52.02669468289455,47.98677609844405,48.30253982543945,1186400,0.0,0.0
2020-05-29 00:00:00-04:00,48.28395772518752,49.05479034376753,47.364527110690084,48.153934478759766,1282100,0.0,0.0
2020-06-01 00:00:00-04:00,48.33968928356779,50.00209253702037,47.893905824046854,49.20339584350586,1305100,0.0,0.0
2020-06-02 00:00:00-04:00,49.27768562112126,49.909212956090116,48.534709785084,49.78847885131836,1063300,0.0,0.0
2020-06-03 00:00:00-04:00,50.93079743778919,54.45991835077211,50.43857897689316,53.84696578979492,1937600,0.0,0.0
2020-06-04 00:00:00-04:00,53.37333335239251,55.03573303802194,52.66750689504163,54.40420913696289,1532900,0.0,0.0
2020-06-05 00:00:00-04:00,55.722976790568374,58.4534013779085,55.490797720607674,56.828147888183594,1875900,0.0,0.0
2020-06-08 00:00:00-04:00,57.90546020769008,58.323383253552485,55.68582880527501,56.4566650390625,1384900,0.0,0.0
2020-06-09 00:00:00-04:00,55.18432600746927,55.56510312714823,52.76037921365883,52.908973693847656,1468600,0.0,0.0
2020-06-10 00:00:00-04:00,52.71394372605478,52.723232874433656,50.34571750584898,50.986534118652344,1413300,0.0,0.0
2020-06-11 00:00:00-04:00,47.69887129275018,48.40469414498379,46.101478070890366,46.389381408691406,1369500,0.0,0.0
2020-06-12 00:00:00-04:00,48.29325187692113,49.667751697516266,45.8693015524091,48.348976135253906,1355600,0.0,0.0
2020-06-15 00:00:00-04:00,45.943592005572356,50.20639954776743,45.51637985680858,50.03923034667969,937400,0.0,0.0
2020-06-16 00:00:00-04:00,52.47246882433152,53.77267300876864,50.224977169908115,50.81935501098633,1959200,0.0,0.0
2020-06-17 00:00:00-04:00,50.531456857570646,50.661476580745536,48.63687463846635,48.92477798461914,1363700,0.0,0.0
2020-06-18 00:00:00-04:00,48.293238538849124,49.797757670583586,47.45739260856839,49.426273345947266,1248900,0.0,0.0
2020-06-19 00:00:00-04:00,50.05780867822347,50.35499760303101,46.612268602809266,47.27165985107422,1466700,0.0,0.0
2020-06-22 00:00:00-04:00,46.76086888465895,47.968203027561614,46.10148109710384,47.9217643737793,1155600,0.0,0.0
2020-06-23 00:00:00-04:00,49.00835518482693,50.89364797121176,48.10749932085961,50.58717346191406,1784800,0.0,0.0
2020-06-24 00:00:00-04:00,50.3921458894392,50.3921458894392,47.438831255581135,48.06106948852539,1424800,0.0,0.0
2020-06-25 00:00:00-04:00,47.48526696803448,49.296264520972024,47.06734391077633,48.813331604003906,1824600,0.0,0.0
2020-06-26 00:00:00-04:00,48.181802738576025,48.58115103184814,45.30278007678242,46.27793502807617,2305200,0.0,0.0
2020-06-29 00:00:00-04:00,47.06734437573008,49.732759278484174,46.3893818729348,49.2869758605957,1533600,0.0,0.0
2020-06-30 00:00:00-04:00,49.58416367485031,49.78848239859477,47.95891011757434,48.82261657714844,1708100,0.0,0.0
2020-07-01 00:00:00-04:00,48.24680833969529,49.14766066405083,47.067338315110405,47.87532043457031,1755700,0.0,0.0
2020-07-02 00:00:00-04:00,49.045506517437,49.045506517437,46.52868278334913,46.667991638183594,1303900,0.0,0.0
2020-07-06 00:00:00-04:00,47.49454735904682,48.311818632109656,46.62155537964711,48.005340576171875,1209200,0.0,0.0
2020-07-07 00:00:00-04:00,47.178791099490006,47.33667472534094,45.18205302067877,45.516387939453125,1126100,0.0,0.0
2020-07-08 00:00:00-04:00,45.48852524262408,46.222211990756314,45.00559232775621,45.56282424926758,1148200,0.0,0.0
2020-07-09 00:00:00-04:00,46.296513487385496,46.96519046322374,43.501078539434346,45.107757568359375,1593400,0.0,0.0
2020-07-10 00:00:00-04:00,44.903435025215664,46.25007446885524,44.596960465678976,46.008609771728516,819300,0.0,0.0
2020-07-13 00:00:00-04:00,46.807301014850395,48.04249180088302,45.59996704021534,45.757850646972656,942700,0.0,0.0
2020-07-14 00:00:00-04:00,46.157205545690935,46.630849348379144,45.414233138154586,46.53797912597656,851700,0.0,0.0
2020-07-15 00:00:00-04:00,49.39841091952998,50.72647530219487,48.79474754553656,50.577880859375,1597900,0.0,0.0
2020-07-16 00:00:00-04:00,49.96493773803706,50.13210696049943,48.126079833722606,48.33039855957031,1093600,0.0,0.0
2020-07-17 00:00:00-04:00,48.20038087523885,48.896918150645355,47.79174340629309,48.432559967041016,785400,0.0,0.0
2020-07-20 00:00:00-04:00,47.92175949180908,48.367546431856546,46.51011383848765,47.596710205078125,747000,0.0,0.0
2020-07-21 00:00:00-04:00,48.20966469848161,48.63687336134468,46.87231445452134,47.076629638671875,918900,0.0,0.0
2020-07-22 00:00:00-04:00,46.63085128163773,48.46970939506649,46.5844161685113,47.40168762207031,1229500,0.0,0.0
2020-07-23 00:00:00-04:00,47.16021408356116,48.20966452798878,46.77944053013473,47.9124755859375,776500,0.0,0.0
2020-07-24 00:00:00-04:00,47.559563364900875,50.33642680623061,47.42954364293116,49.556304931640625,1506400,0.0,0.0
2020-07-27 00:00:00-04:00,49.5655909360575,49.964939252626216,47.9403373127849,48.78546905517578,953500,0.0,0.0
2020-07-28 00:00:00-04:00,48.86905231645723,49.31483572994204,48.41398329848741,48.813331604003906,830100,0.0,0.0
2020-07-29 00:00:00-04:00,49.37984510346944,52.55605676458748,49.01764630500239,52.49104690551758,1686700,0.0,0.0
2020-07-30 00:00:00-04:00,51.42302792800741,52.50962799738235,50.707915849120255,52.16600036621094,780900,0.0,0.0
2020-07-31 00:00:00-04:00,52.082418297390085,52.899686192479365,51.16298748694968,52.184574127197266,1261300,0.0,0.0
2020-08-03 00:00:00-04:00,52.193861693774785,53.48477690574723,51.31158041696491,53.25259780883789,2043300,0.0,0.0
2020-08-04 00:00:00-04:00,56.29877704825401,57.004603369232896,53.57763820234676,55.425785064697266,3350400,0.0,0.0
2020-08-05 00:00:00-04:00,55.63011088961208,56.41951837152889,54.302046223123895,54.81283950805664,1506600,0.0,0.0
2020-08-06 00:00:00-04:00,54.34847763350934,56.15947510481714,54.023424806839415,55.71369171142578,1116400,0.0,0.0
2020-08-07 00:00:00-04:00,55.630109568762244,57.069619171310805,55.30505672768893,56.15018844604492,713200,0.0,0.0
2020-08-10 00:00:00-04:00,56.2151954651134,56.98603168038027,55.286479182298265,55.92729568481445,872400,0.0,0.0
2020-08-11 00:00:00-04:00,56.90244532474832,58.69486797892665,55.490796193113134,56.79100036621094,1412700,0.0,0.0
2020-08-12 00:00:00-04:00,57.496823815731645,57.94260719773157,56.47523734149492,56.98603057861328,677400,0.0,0.0
2020-08-13 00:00:00-04:00,56.623835171677854,57.645421706706166,56.61454602452451,56.856014251708984,647300,0.0,0.0
2020-08-14 00:00:00-04:00,56.530964221087885,57.48754448740049,56.28021037707031,56.87459182739258,623900,0.0,0.0
2020-08-17 00:00:00-04:00,57.10677635618374,57.34824107557696,56.11304649034161,57.05105209350586,610300,0.0,0.0
2020-08-18 00:00:00-04:00,57.236790007765514,57.34823497850068,56.19662513833146,56.88387680053711,504700,0.0,0.0
2020-08-19 00:00:00-04:00,56.90244879617311,56.90244879617311,56.02945673929116,56.24306106567383,483800,0.0,0.0
2020-08-20 00:00:00-04:00,55.77870304552217,57.02318304690614,55.323630493240124,56.72599411010742,548600,0.0,0.0
2020-08-21 00:00:00-04:00,56.670268173373714,57.50611070476454,56.43808910196991,57.171775817871094,552400,0.0,0.0
2020-08-24 00:00:00-04:00,57.691862285802735,57.93333053588867,56.4659569103921,57.93333053588867,625700,0.0,0.0
2020-08-25 00:00:00-04:00,58.51842160246045,58.71345474829002,57.70115368218943,58.44412612915039,504100,0.0,0.0
2020-08-26 00:00:00-04:00,58.583437907383356,58.583437907383356,56.95818404939363,57.078914642333984,1006600,0.0,0.0
2020-08-27 00:00:00-04:00,56.92102720047623,59.19638301684617,56.92102720047623,58.18408203125,736200,0.0,0.0
2020-08-28 00:00:00-04:00,58.880621266676734,60.79377478621296,58.53699364735824,59.948646545410156,768100,0.0,0.0
2020-08-31 00:00:00-04:00,59.753597898952584,59.753597898952584,58.29551726693877,58.49983596801758,680500,0.0,0.0
2020-09-01 00:00:00-04:00,58.09120974779999,59.911496572911815,57.25536711869543,59.679317474365234,830100,0.0,0.0
2020-09-02 00:00:00-04:00,60.115810689703835,60.39442133520502,59.0942206090081,59.96721267700195,834800,0.0,0.0
2020-09-03 00:00:00-04:00,60.07866997346847,61.267425906774754,59.41927859536377,60.71019744873047,974200,0.0,0.0
2020-09-04 00:00:00-04:00,61.2767033409753,61.815353398968675,59.47499148837465,59.670021057128906,706600,0.0,0.0
2020-09-08 00:00:00-04:00,58.546276448618976,60.840206845122076,58.21193801351082,59.09421920776367,694400,0.0,0.0
2020-09-09 00:00:00-04:00,59.14993479646874,60.98879248756002,58.6762910829274,60.15294647216797,698200,0.0,0.0
2020-09-10 00:00:00-04:00,60.329415485980135,61.41601195529889,58.713450960925805,58.78774642944336,842900,0.0,0.0
2020-09-11 00:00:00-04:00,59.159221235497476,59.70716392212035,56.930300991628236,58.193355560302734,746200,0.0,0.0
2020-09-14 00:00:00-04:00,58.778460561530345,60.50587359579291,58.778460561530345,60.180824279785156,542700,0.0,0.0
2020-09-15 00:00:00-04:00,60.57088980539036,61.824655633095944,59.73504355840517,61.239566802978516,571600,0.0,0.0
2020-09-16 00:00:00-04:00,61.100244685274085,61.22097525043169,59.28924723742404,59.81861877441406,735000,0.0,0.0
2020-09-17 00:00:00-04:00,58.184081036616746,59.93006523258367,57.924038048226905,58.4069709777832,605600,0.0,0.0
2020-09-18 00:00:00-04:00,59.06634961069903,59.80003626775606,57.53396998799881,57.877593994140625,1214100,0.0,0.0
2020-09-21 00:00:00-04:00,56.42880198795573,57.01389426094673,55.21218587734609,56.716705322265625,682400,0.0,0.0
2020-09-22 00:00:00-04:00,57.12533700746374,58.92704886382446,55.76941208457374,58.83417510986328,855100,0.0,0.0
2020-09-23 00:00:00-04:00,58.91776244267289,58.96420109318753,56.63312113110873,56.64241027832031,1253300,0.0,0.0
2020-09-24 00:00:00-04:00,56.605257951911575,58.14692683438403,55.91800634616705,56.62383270263672,1278700,0.0,0.0
2020-09-25 00:00:00-04:00,56.58669085425305,57.38538752959672,55.4443701009494,55.722984313964844,784800,0.0,0.0
2020-09-28 00:00:00-04:00,56.76313805426599,57.60826972754335,55.890146026269285,57.58969497680664,564500,0.0,0.0
2020-09-29 00:00:00-04:00,57.598982839453974,57.60826844322959,55.35148764921773,56.020164489746094,525600,0.0,0.0
2020-09-30 00:00:00-04:00,56.33593092741968,57.82187559851761,56.159476104842916,56.4566650390625,980400,0.0,0.0
2020-10-01 00:00:00-04:00,57.01389381331893,59.46570430957417,56.75385437970749,59.428558349609375,921200,0.0,0.0
2020-10-02 00:00:00-04:00,57.99833774530803,60.152955887493505,57.54326516730495,59.64216613769531,794000,0.0,0.0
2020-10-05 00:00:00-04:00,60.06937041316085,61.47173400651157,59.27067383036849,61.109535217285156,746200,0.0,0.0
2020-10-06 00:00:00-04:00,61.74106796243776,63.9885598979544,60.951653372250746,61.70391845703125,1358400,0.0,0.0
2020-10-07 00:00:00-04:00,62.697642112810556,63.85853753809678,62.03825436151319,63.756378173828125,936700,0.0,0.0
2020-10-08 00:00:00-04:00,64.08142792601106,65.09372534291184,63.6727904660655,64.7872543334961,781900,0.0,0.0
2020-10-09 00:00:00-04:00,65.1680171558111,65.60451492427747,64.4157592653732,65.32589721679688,648500,0.0,0.0
2020-10-12 00:00:00-04:00,65.70667908520888,67.94488879857141,65.49307121577345,66.21747589111328,1325400,0.0,0.0
2020-10-13 00:00:00-04:00,66.13388895906357,66.83042620603726,64.73152531787109,65.70668029785156,813400,0.0,0.0
2020-10-14 00:00:00-04:00,66.2174919131173,67.33194892314451,65.818143518841,67.16477966308594,874200,0.0,0.0
2020-10-15 00:00:00-04:00,66.33821418681656,68.61356658238081,65.84599561773446,68.49283599853516,904300,0.0,0.0
2020-10-16 00:00:00-04:00,68.33494997567485,69.05005843960495,67.77772158896337,68.60427856445312,689000,0.0,0.0
2020-10-19 00:00:00-04:00,68.8921704058924,69.43082752123837,67.26691699912072,67.42479705810547,775000,0.0,0.0
2020-10-20 00:00:00-04:00,68.2049193995608,70.04377349159356,67.54553175358603,68.87359619140625,876100,0.0,0.0
2020-10-21 00:00:00-04:00,69.04077222172144,69.31938996967088,68.01918562181295,68.61356353759766,985200,0.0,0.0
2020-10-22 00:00:00-04:00,68.89217491551312,70.77746785709107,68.40924556067041,70.11808013916016,1040100,0.0,0.0
2020-10-23 00:00:00-04:00,70.10879574471322,70.10879574471322,66.94187665459326,67.192626953125,952300,0.0,0.0
2020-10-26 00:00:00-04:00,66.11530520028342,66.9325728641387,64.24858374877796,65.52092742919922,1283900,0.0,0.0
2020-10-27 00:00:00-04:00,65.40020130722945,66.2081870533779,63.73779825043359,64.54578399658203,836600,0.0,0.0
2020-10-28 00:00:00-04:00,62.95769164360819,65.49308369083568,62.39117401843834,63.914268493652344,1540000,0.0,0.0
2020-10-29 00:00:00-04:00,67.53624914188929,67.53624914188929,62.73478766581884,66.5982437133789,1815400,0.0,0.0
2020-10-30 00:00:00-04:00,66.0038755689068,66.62611386867258,63.38489555257386,65.03800964355469,1416300,0.0,0.0
2020-11-02 00:00:00-05:00,65.36304958255761,65.87384637348613,63.57062686922155,64.5179214477539,1573400,0.0,0.0
2020-11-03 00:00:00-05:00,65.2887634817027,65.84599188519842,64.28574810408428,65.24232482910156,1051600,0.0,0.0
2020-11-04 00:00:00-05:00,64.75940853190575,67.53626904886602,64.38792049260104,66.65398406982422,792500,0.0,0.0
2020-11-05 00:00:00-05:00,66.95116215869675,68.34423676460099,66.83043157698083,67.20191955566406,710100,0.0,0.0
2020-11-06 00:00:00-05:00,66.89544280692748,67.71271779381696,65.75312557468001,66.96974182128906,782300,0.0,0.0
2020-11-09 00:00:00-05:00,74.72452013663928,78.26292732688529,73.37788420089642,74.13014221191406,2614700,0.0,0.0
2020-11-10 00:00:00-05:00,74.62235394543113,75.18887146026647,70.340971197862,71.34398651123047,1337200,0.0,0.0
2020-11-11 00:00:00-05:00,71.23254702943626,71.76191510875613,68.24208609001599,68.62285614013672,866400,0.0,0.0
2020-11-12 00:00:00-05:00,68.0191841549483,68.66928985762928,66.49608989290326,67.25763702392578,1245100,0.0,0.0
2020-11-13 00:00:00-05:00,68.1770832258218,68.44640478170412,66.90473904091697,67.74058532714844,1011900,0.0,0.0
2020-11-16 00:00:00-05:00,70.63817108799617,71.70619642515072,67.7591515032427,67.8984603881836,948200,0.0,0.0
2020-11-17 00:00:00-05:00,67.034742572667,68.4371061644988,67.034742572667,68.03775787353516,721400,0.0,0.0
2020-11-18 00:00:00-05:00,68.04702930039555,69.32866212416772,67.06259244721326,67.3226318359375,757600,0.0,0.0
2020-11-19 00:00:00-05:00,67.23905714697554,68.82716106602084,66.68182882046638,68.66928100585938,476900,0.0,0.0
2020-11-20 00:00:00-05:00,68.02846235759532,69.21721797227333,67.42479540420783,68.64141845703125,753000,0.0,0.0
2020-11-23 00:00:00-05:00,70.29452783613557,70.52670687421445,68.72499527134892,70.23880004882812,703900,0.0,0.0
2020-11-24 00:00:00-05:00,70.93534460923486,72.92279681697202,70.47098648433285,72.12410736083984,1201100,0.0,0.0
2020-11-25 00:00:00-05:00,72.15199318985538,72.15199318985538,69.27296613051061,70.35028076171875,957600,0.0,0.0
2020-11-27 00:00:00-05:00,70.22025070923593,71.00965826740858,69.74660334011467,69.91377258300781,254000,0.0,0.0
2020-11-30 00:00:00-05:00,69.77445269535916,70.86105614556554,68.24207647698199,70.39669799804688,875800,0.0,0.0
2020-12-01 00:00:00-05:00,70.94463428032117,72.05909095411032,69.24508183008138,71.41828155517578,899400,0.0,0.0
2020-12-02 00:00:00-05:00,71.12110463250121,71.14896499121376,69.56086077470351,70.57315826416016,661700,0.0,0.0
2020-12-03 00:00:00-05:00,70.55457686914843,74.50162105600788,70.45241751158629,73.05282592773438,1430800,0.0,0.0
2020-12-04 00:00:00-05:00,73.23855417812021,74.25085135322416,72.35627669366187,74.17655944824219,613000,0.0,0.0
2020-12-07 00:00:00-05:00,74.2880231522486,74.2880231522486,72.69062980410645,73.98155212402344,666000,0.0,0.0
2020-12-08 00:00:00-05:00,72.3377217558653,73.58220544949481,71.3161351057642,72.0126724243164,969100,0.0,0.0
2020-12-09 00:00:00-05:00,71.93836057510703,72.4027187046279,71.25111252736812,72.10552978515625,753300,0.0,0.0
2020-12-10 00:00:00-05:00,71.49258555885947,73.37787855813798,71.05608775399338,73.19213104248047,596800,0.0,0.0
2020-12-11 00:00:00-05:00,72.9692510579443,73.49861915004219,71.51116651756634,72.59776306152344,514800,0.0,0.0
2020-12-14 00:00:00-05:00,73.87007856442926,73.87007856442926,72.59773497178867,72.69060516357422,411200,0.0,0.0
2020-12-15 00:00:00-05:00,73.19212962156094,74.10227471675549,72.60704090107072,73.6379165649414,479600,0.0,0.0
2020-12-16 00:00:00-05:00,72.8020869323101,74.54807142703524,72.33772867552254,74.09300231933594,518000,0.0,0.0
2020-12-17 00:00:00-05:00,73.87008425292828,76.1175756607015,73.74006455730782,76.0711441040039,904000,0.0,0.0
2020-12-18 00:00:00-05:00,76.08973254636811,77.53852781750504,74.00940985963804,74.2322998046875,1295000,0.0,0.0
2020-12-21 00:00:00-05:00,72.58848764523103,75.03100957706239,72.03125205680409,74.61308288574219,773300,0.0,0.0
2020-12-22 00:00:00-05:00,74.73380060145031,74.96597967274323,73.86080502601521,74.70594024658203,436100,0.0,0.0
2020-12-23 00:00:00-05:00,76.0804497136056,76.0804497136056,73.13642027420931,74.18586730957031,590400,0.0,0.0
2020-12-24 00:00:00-05:00,74.61306436840147,74.86382173807002,73.87009557746231,74.2601547241211,171100,0.0,0.0
2020-12-28 00:00:00-05:00,75.3746087897016,75.3746087897016,73.72148803262462,74.29729461669922,320400,0.0,0.0
2020-12-29 00:00:00-05:00,74.78022349741184,75.0495520391618,72.76491109269283,73.33142852783203,366000,0.0,0.0
2020-12-30 00:00:00-05:00,73.39644481838083,74.26015122271134,71.90121107448023,72.10552978515625,554200,0.0,0.0
2020-12-31 00:00:00-05:00,71.69689656281071,73.17355918565163,70.90748911350128,72.58847045898438,756000,0.0,0.0
2021-01-04 00:00:00-05:00,72.88566853777438,72.88566853777438,68.01918934340097,68.96648406982422,1053000,0.0,0.0
2021-01-05 00:00:00-05:00,69.0593552480796,70.74032974204272,69.0593552480796,70.19239044189453,554200,0.0,0.0
2021-01-06 00:00:00-05:00,70.22954467228058,72.38416668086943,69.91377737603719,71.55760955810547,770400,0.0,0.0
2021-01-07 00:00:00-05:00,71.6969030331932,73.99083366807845,70.92607380849209,73.57291412353516,1116500,0.0,0.0
2021-01-08 00:00:00-05:00,73.67507780433526,75.12387320142518,72.93210180885394,74.52949523925781,835300,0.0,0.0
2021-01-11 00:00:00-05:00,73.13641338538062,75.97828318098149,73.13641338538062,75.28174591064453,575300,0.0,0.0
2021-01-12 00:00:00-05:00,75.6532352370513,76.13617172110361,74.91954844879221,75.95042419433594,373700,0.0,0.0
2021-01-13 00:00:00-05:00,75.55106797381455,76.12687461830849,74.43661127184109,74.98455047607422,364700,0.0,0.0
2021-01-14 00:00:00-05:00,75.69036450529904,77.33418893581256,74.61305039471573,74.65019989013672,665900,0.0,0.0
2021-01-15 00:00:00-05:00,74.21372021161035,75.1331473309301,72.29127073901199,74.87310791015625,602000,0.0,0.0
2021-01-19 00:00:00-05:00,74.84524514303777,75.81111097017184,74.11156548242505,74.3716049194336,719200,0.0,0.0
2021-01-20 00:00:00-05:00,74.473772695226,74.87312104304453,72.67206055592234,73.45217895507812,773900,0.0,0.0
2021-01-21 00:00:00-05:00,73.52647791272388,73.70293630143836,72.33772201843358,72.76493072509766,764400,0.0,0.0
2021-01-22 00:00:00-05:00,72.44916208054325,74.17657500195226,72.09624534432521,74.0279769897461,738900,0.0,0.0
2021-01-25 00:00:00-05:00,72.29128240968903,73.39645721193968,70.33169729091922,73.12712860107422,909800,0.0,0.0
2021-01-26 00:00:00-05:00,73.55433468804026,73.71222185813912,71.98480881918199,72.06838989257812,808500,0.0,0.0
2021-01-27 00:00:00-05:00,70.73104026574573,71.45543788146075,67.98203364812159,68.73429870605469,1333100,0.0,0.0
2021-01-28 00:00:00-05:00,69.63514752794339,73.25713523374489,68.73429163194668,72.12410736083984,1042500,0.0,0.0
2021-01-29 00:00:00-05:00,71.51116022960063,73.05283279924774,70.11808567967334,70.77747344970703,851300,0.0,0.0
2021-02-01 00:00:00-05:00,71.0096607289989,72.90424318561655,69.66302467634857,72.56061553955078,857900,0.0,0.0
2021-02-02 00:00:00-05:00,73.58219746785042,75.13315202839354,72.78350086237032,74.78023529052734,675500,0.0,0.0
2021-02-03 00:00:00-05:00,74.48304940169648,77.60353694500716,74.30659811107775,76.46121978759766,974700,0.0,0.0
2021-02-04 00:00:00-05:00,77.08344349683803,80.4268203518816,76.52621520192115,79.01517486572266,849100,0.0,0.0
2021-02-05 00:00:00-05:00,79.40524446827985,82.53502098232805,79.30308510738364,82.28426361083984,1321700,0.0,0.0
2021-02-08 00:00:00-05:00,82.67433363688905,83.47303033503896,81.47629567520825,83.12940979003906,1043100,0.0,0.0
2021-02-09 00:00:00-05:00,83.08295094859801,83.58445855016409,81.94991604345346,82.45142364501953,646200,0.0,0.0
2021-02-10 00:00:00-05:00,83.00866207337849,83.18512044143024,80.52899120122431,81.02120971679688,550700,0.0,0.0
2021-02-11 00:00:00-05:00,81.26266506624663,81.54128275211916,79.702421613553,81.11406707763672,549000,0.0,0.0
2021-02-12 00:00:00-05:00,81.1790923018629,81.1790923018629,79.51668933362,80.27823638916016,492800,0.0,0.0
2021-02-16 00:00:00-05:00,80.89120393118748,81.03980196893913,78.24436338224993,79.66529846191406,1043300,0.0,0.0
2021-02-17 00:00:00-05:00,78.77371646605285,80.1946512746755,77.70569130145665,79.04304504394531,895000,0.0,0.0
2021-02-18 00:00:00-05:00,79.1266216327068,81.30911048772862,78.76442286220161,80.85403442382812,788300,0.0,0.0
2021-02-19 00:00:00-05:00,77.7799921935615,83.51017021642544,77.7799921935615,81.6434555053711,1826500,0.0,0.0
2021-02-22 00:00:00-05:00,81.33699412552374,85.54407880692243,81.07695463487887,84.0302734375,1148500,0.0,0.0
2021-02-23 00:00:00-05:00,83.72377891160255,84.79180411261214,82.84149414314102,83.83522033691406,915300,0.0,0.0
2021-02-24 00:00:00-05:00,84.16027012473621,89.0917512033968,83.51016449069418,88.25590515136719,896700,0.0,0.0
2021-02-25 00:00:00-05:00,87.69868263350693,88.75741867451158,84.13240826995712,84.41102600097656,1459200,0.0,0.0
2021-02-26 00:00:00-05:00,84.32746434871494,85.98057865000358,82.00567300745676,84.4017562866211,837600,0.0,0.0
2021-03-01 00:00:00-05:00,85.35832391706724,87.53151679505602,84.9218260948532,85.25616455078125,1103400,0.0,0.0
2021-03-02 00:00:00-05:00,84.96825837857456,86.407771580722,83.28728402275281,85.23758697509766,1271100,0.0,0.0
2021-03-03 00:00:00-05:00,86.20344944207557,88.46023040674011,85.39546368441526,87.0300064086914,1233100,0.0,0.0
2021-03-04 00:00:00-05:00,86.8628248419935,87.85655089016572,83.23154819326786,85.17256164550781,788100,0.0,0.0
2021-03-05 00:00:00-05:00,86.13844414266313,87.01143980619995,83.11082676350787,86.74211120605469,820800,0.0,0.0
2021-03-08 00:00:00-05:00,87.53150069248534,90.03903156510889,87.18787315223423,88.450927734375,858900,0.0,0.0
2021-03-09 00:00:00-05:00,89.44467514441578,89.7047146054261,85.655517578125,85.655517578125,521600,0.0,0.0
2021-03-10 00:00:00-05:00,86.1477314449048,89.14748131657436,85.76695433665341,88.36736297607422,564200,0.0,0.0
2021-03-11 00:00:00-05:00,87.61509760176428,89.58397882678072,86.9649989869465,88.92459106445312,990300,0.0,0.0
2021-03-12 00:00:00-05:00,89.3703632568938,90.93060676003854,88.96172586054517,90.79129791259766,643000,0.0,0.0
2021-03-15 00:00:00-04:00,91.01420041019836,92.53729462572964,90.271224511408,91.25566864013672,692500,0.0,0.0
2021-03-16 00:00:00-04:00,91.14421108932939,91.14421108932939,87.88441510789258,88.01443481445312,753200,0.0,0.0
2021-03-17 00:00:00-04:00,87.85655985832588,90.7820175969738,87.345770148748,90.28050994873047,852300,0.0,0.0
2021-03-18 00:00:00-04:00,90.07619093382455,91.95220180650136,89.18462414617791,89.31464385986328,817800,0.0,0.0
2021-03-19 00:00:00-04:00,88.00515071170987,90.62413016037215,87.30861354892158,88.8874282836914,1515200,0.0,0.0
2021-03-22 00:00:00-04:00,90.24336580421773,90.24336580421773,86.59351027438598,87.1414566040039,646300,0.0,0.0
2021-03-23 00:00:00-04:00,86.29630556654875,87.39219094010338,85.07040049490647,85.48832702636719,685500,0.0,0.0
2021-03-24 00:00:00-04:00,87.03000800761978,87.66153540686012,84.43888854980469,84.43888854980469,476200,0.0,0.0
2021-03-25 00:00:00-04:00,84.36458446612225,90.33623050016028,83.20368910247211,89.59326171875,910800,0.0,0.0
2021-03-26 00:00:00-04:00,89.88117090428845,90.84703679815253,88.75742492498199,90.80059814453125,524200,0.0,0.0
2021-03-29 00:00:00-04:00,90.28980180883256,91.3113883442302,87.88442285435804,88.29306030273438,487800,0.0,0.0
2021-03-30 00:00:00-04:00,87.9587210073923,89.55611419677734,87.9587210073923,89.55611419677734,442000,0.0,0.0
2021-03-31 00:00:00-04:00,89.35179398344044,90.7820179294743,89.00816640314208,89.10104370117188,584200,0.0,0.0
2021-04-01 00:00:00-04:00,89.41679382324219,89.87186277332542,88.50665592307573,89.41679382324219,633700,0.0,0.0
2021-04-05 00:00:00-04:00,90.54985080951496,90.54985080951496,88.73885662754226,89.99262237548828,531600,0.0,0.0
2021-04-06 00:00:00-04:00,90.82845513512518,93.5867365384194,90.59627606482633,91.6921615600586,767000,0.0,0.0
2021-04-07 00:00:00-04:00,91.1906554627468,92.67660012072321,90.48482909312938,91.52499389648438,669100,0.0,0.0
2021-04-08 00:00:00-04:00,92.6301757283853,92.63946487673633,90.83775271602016,91.82219696044922,686600,0.0,0.0
2021-04-09 00:00:00-04:00,91.5899989401418,92.46298739520321,90.39195412980511,92.3701171875,401800,0.0,0.0
2021-04-12 00:00:00-04:00,93.28955770842362,93.28955770842362,90.27122946787027,90.6055679321289,801400,0.0,0.0
2021-04-13 00:00:00-04:00,90.97704599401071,91.52499228402714,88.99888286719991,89.05460357666016,900700,0.0,0.0
2021-04-14 00:00:00-04:00,89.09177036384044,91.4228506642929,89.09177036384044,89.70471954345703,812800,0.0,0.0
2021-04-15 00:00:00-04:00,90.38268995866265,90.38268995866265,88.52525694916648,89.97405242919922,541900,0.0,0.0
2021-04-16 00:00:00-04:00,90.34553094003917,92.1100935304629,90.34553094003917,91.87791442871094,675700,0.0,0.0
2021-04-19 00:00:00-04:00,92.06364252865458,92.36083145561746,90.54983753905356,90.85631561279297,463500,0.0,0.0
2021-04-20 00:00:00-04:00,90.5777097927602,91.04206799498745,87.91229824672386,90.22480010986328,643600,0.0,0.0
2021-04-21 00:00:00-04:00,90.13193487609689,91.9243579193417,89.40753008866356,91.655029296875,533900,0.0,0.0
2021-04-22 00:00:00-04:00,91.62713297765686,94.16252393924998,91.2742163281819,93.69816589355469,548600,0.0,0.0
2021-04-23 00:00:00-04:00,94.63619475216815,94.63619475216815,91.45069748013745,93.20597076416016,693600,0.0,0.0
2021-04-26 00:00:00-04:00,93.93037954727339,94.48760799044211,92.32370408471118,92.7230453491211,685700,0.0,0.0
2021-04-27 00:00:00-04:00,91.90576649455805,93.874647650558,91.50641819215619,93.20597076416016,791300,0.0,0.0
2021-04-28 00:00:00-04:00,92.81589773633976,93.89320482576218,91.94290225562999,93.59601593017578,706900,0.0,0.0
2021-04-29 00:00:00-04:00,94.83121697527226,97.45948566665407,94.3761479961439,96.3171615600586,855100,0.0,0.0
2021-04-30 00:00:00-04:00,97.97956684542491,102.85532728086075,97.32946828825061,99.3912124633789,1755500,0.0,0.0
2021-05-03 00:00:00-04:00,100.40353188180985,101.61086605179152,98.63896928166125,99.75343322753906,819800,0.0,0.0
2021-05-04 00:00:00-04:00,99.567674071046,101.23007710496145,98.06315110823179,99.33549499511719,952900,0.0,0.0
2021-05-05 00:00:00-04:00,99.54908848113648,99.54908848113648,96.15927304518083,97.30158996582031,739100,0.0,0.0
2021-05-06 00:00:00-04:00,97.47808103487742,98.28606692446986,93.85608534040519,95.95498657226562,1229000,0.0,0.0
2021-05-07 00:00:00-04:00,96.04783919680256,97.91456096613115,95.24914260238506,97.17158508300781,538500,0.0,0.0
2021-05-10 00:00:00-04:00,96.59578167575152,97.07871102075794,94.22755234202386,94.26470184326172,802700,0.0,0.0
2021-05-11 00:00:00-04:00,92.88093022974142,93.73534762716235,90.73559050258474,92.9087905883789,998100,0.0,0.0
2021-05-12 00:00:00-04:00,92.38869898278573,92.86233918569044,88.25590727066479,88.49737548828125,738200,0.0,0.0
2021-05-13 00:00:00-04:00,88.76669202199712,90.59626398570362,88.13516475156354,89.89972686767578,669500,0.0,0.0
2021-05-14 00:00:00-04:00,90.1504906593918,92.03578360846903,90.08548080202856,91.52499389648438,862700,0.0,0.0
2021-05-17 00:00:00-04:00,94.03254403378581,94.42260325665455,90.58700672735638,92.56517028808594,815700,0.0,0.0
2021-05-18 00:00:00-04:00,93.05937369044675,93.05937369044675,90.97998782493521,91.47418975830078,899300,0.4,0.0
2021-05-19 00:00:00-04:00,90.2992888612093,91.78190175837825,88.816683078135,91.7539291381836,617100,0.0,0.0
2021-05-20 00:00:00-04:00,91.35296574842806,92.28542430319149,90.2153651733616,90.50442504882812,1077200,0.0,0.0
2021-05-21 00:00:00-04:00,90.88674276149683,92.32272988891131,89.7491421076948,90.09415435791016,890400,0.0,0.0
2021-05-24 00:00:00-04:00,91.26905272485014,92.87288278721437,90.41119244957001,92.36935424804688,868600,0.0,0.0
2021-05-25 00:00:00-04:00,92.49987415351869,93.21787113427939,90.48576762786558,90.67225646972656,502800,0.0,0.0
2021-05-26 00:00:00-04:00,91.1944483469613,93.36707134534265,90.86808216565059,93.11531066894531,524500,0.0,0.0
2021-05-27 00:00:00-04:00,93.78669542068764,93.78669542068764,91.8938054450235,92.36935424804688,1150100,0.0,0.0
2021-05-28 00:00:00-04:00,92.93813267117267,94.43939135557528,91.39957479481112,93.90789031982422,1302500,0.0,0.0
2021-06-01 00:00:00-04:00,94.16898111121436,94.41142231107051,90.70023438286374,91.3902587890625,1001000,0.0,0.0
2021-06-02 00:00:00-04:00,91.34362545298035,91.35295202907369,89.31086582431143,89.73047637939453,1273600,0.0,0.0
2021-06-03 00:00:00-04:00,89.04977769345618,90.31792169361086,86.80254952223885,89.69317626953125,1435500,0.0,0.0
2021-06-04 00:00:00-04:00,90.15008486997033,91.24105956892762,89.15235459489004,91.11984252929688,771000,0.0,0.0
2021-06-07 00:00:00-04:00,91.09187920647095,92.9661157941114,91.05458001029629,92.02433776855469,920000,0.0,0.0
2021-06-08 00:00:00-04:00,92.66772684982685,95.85674045321052,92.31339516682603,94.93360137939453,951200,0.0,0.0
2021-06-09 00:00:00-04:00,94.85899817643512,95.21332981488551,93.0406999893696,93.24584197998047,648100,0.0,0.0
2021-06-10 00:00:00-04:00,93.21787286781502,93.32044386697403,90.29927335117091,91.89378356933594,655800,0.0,0.0
2021-06-11 00:00:00-04:00,92.51853435122412,93.18990561559623,91.56742268866569,91.95906066894531,497600,0.0,0.0
2021-06-14 00:00:00-04:00,91.9124325456033,92.36001574842783,90.01021638326297,90.85875701904297,456800,0.0,0.0
2021-06-15 00:00:00-04:00,91.05458395296539,91.17580101021105,89.01249733706935,89.18966674804688,695600,0.0,0.0
2021-06-16 00:00:00-04:00,89.61859685807507,89.637242899924,87.75367965301945,88.20125579833984,824100,0.0,0.0
2021-06-17 00:00:00-04:00,88.28517774151501,88.67680863375129,84.00518920349346,85.3852310180664,1597300,0.0,0.0
2021-06-18 00:00:00-04:00,84.33155933729996,85.26401795141749,83.65086141879252,84.38750457763672,1411800,0.0,0.0
2021-06-21 00:00:00-04:00,84.91900465137417,86.10322394643491,84.46210192806195,85.51577758789062,977700,0.0,0.0
2021-06-22 00:00:00-04:00,86.05659899576729,87.0263567252605,84.3035795121223,86.57877349853516,818400,0.0,0.0
2021-06-23 00:00:00-04:00,86.5414717535853,87.7350175042272,86.30835712684762,87.13824462890625,783300,0.0,0.0
2021-06-24 00:00:00-04:00,87.7163704429753,88.74207336585968,86.57876993948594,88.58355712890625,1100900,0.0,0.0
2021-06-25 00:00:00-04:00,88.77004211825933,91.76324002082656,88.35976523542149,91.06389617919922,1472400,0.0,0.0
2021-06-28 00:00:00-04:00,91.07320201947907,91.39024154625804,87.79095187724651,88.50894165039062,668900,0.0,0.0
2021-06-29 00:00:00-04:00,88.369096082078,88.51829286894379,87.29677441138112,88.24787902832031,651900,0.0,0.0
2021-06-30 00:00:00-04:00,88.19192126469352,89.98223976824406,88.18259468831543,89.70249938964844,652600,0.0,0.0
2021-07-01 00:00:00-04:00,90.2433220866473,91.05456344918454,89.78641946627464,90.64427947998047,522300,0.0,0.0
2021-07-02 00:00:00-04:00,91.04525372373026,91.04525372373026,89.32020680118055,89.37615203857422,499000,0.0,0.0
2021-07-06 00:00:00-04:00,89.45074473040583,89.63723358589587,87.73501738070334,89.13370513916016,774000,0.0,0.0
2021-07-07 00:00:00-04:00,88.72342102740565,89.81439568300137,87.70703763949072,88.79801940917969,687100,0.0,0.0
2021-07-08 00:00:00-04:00,87.94948732866617,88.51828759503785,86.70931578958731,87.01702880859375,516800,0.0,0.0
2021-07-09 00:00:00-04:00,87.84690919798894,90.11278350256735,87.71636558489334,90.0381851196289,616100,0.0,0.0
2021-07-12 00:00:00-04:00,90.03818940623775,91.72594410862857,89.72115693479587,91.54877471923828,443300,0.0,0.0
2021-07-13 00:00:00-04:00,91.23173410582395,91.52080107169239,90.28062958812039,90.6629409790039,363100,0.0,0.0
2021-07-14 00:00:00-04:00,91.12915947303046,92.27607928225915,89.73047192044432,89.8796615600586,359900,0.0,0.0
2021-07-15 00:00:00-04:00,89.6652104314844,89.96359685912272,87.01702466136244,88.17327117919922,600200,0.0,0.0
2021-07-16 00:00:00-04:00,89.09641802067031,89.99157738223836,87.87489247268026,87.9961166381836,693600,0.0,0.0
2021-07-19 00:00:00-04:00,86.20580130015237,86.37364414551924,82.76503364127444,83.44572448730469,1088400,0.0,0.0
2021-07-20 00:00:00-04:00,83.6788329988989,88.480996224736,83.07273348443691,88.20125579833984,829900,0.0,0.0
2021-07-21 00:00:00-04:00,88.76071695358402,91.63268340531846,88.06137315688474,89.65587615966797,870300,0.0,0.0
2021-07-22 00:00:00-04:00,89.45074766061933,90.38320619680253,88.65815932768241,89.91697692871094,923500,0.0,0.0
2021-07-23 00:00:00-04:00,90.73754659030682,91.86582067371182,89.72117010305985,91.47418975830078,906900,0.0,0.0
2021-07-26 00:00:00-04:00,91.94040185610389,95.2972508572621,91.48349920700875,94.87764739990234,1085600,0.0,0.0
2021-07-27 00:00:00-04:00,94.91496120908707,95.26929291400235,92.6677325810738,95.19469451904297,862800,0.0,0.0
2021-07-28 00:00:00-04:00,94.84966480247684,95.2039964155325,91.33429282788384,92.1362075805664,766600,0.0,0.0
2021-07-29 00:00:00-04:00,92.5651490102026,94.0477616740043,91.91243092808458,91.96837615966797,1079700,0.0,0.0
2021-07-30 00:00:00-04:00,87.37135482406056,88.16395020604232,85.3292756349991,85.94469451904297,2501300,0.0,0.0
2021-08-02 00:00:00-04:00,86.20579776987768,87.90287219726888,84.62994751778966,85.96336364746094,1425700,0.0,0.0
2021-08-03 00:00:00-04:00,86.17781250160188,86.17781250160188,81.41294901743531,82.75569152832031,1587800,0.0,0.0
2021-08-04 00:00:00-04:00,81.98175850935999,83.41774560888601,81.41295819350572,83.00746154785156,625600,0.0,0.0
2021-08-05 00:00:00-04:00,83.29651627156238,85.65563504652107,83.24989050273895,84.95629119873047,701600,0.0,0.0
2021-08-06 00:00:00-04:00,85.31063555707036,86.2524207376113,84.36885749062398,85.51577758789062,973600,0.0,0.0
2021-08-09 00:00:00-04:00,84.85372024614854,85.0868348622094,82.22418766154593,83.47367858886719,844300,0.0,0.0
2021-08-10 00:00:00-04:00,83.43638161761722,84.48073048330468,83.11001548299679,84.41545867919922,577000,0.0,0.0
2021-08-11 00:00:00-04:00,84.44343498823338,85.39454659149447,83.66949988114426,85.07750701904297,575000,0.0,0.0
2021-08-12 00:00:00-04:00,84.62993469126407,85.06819132057987,83.20327433734238,84.39682006835938,618500,0.0,0.0
2021-08-13 00:00:00-04:00,84.3781601790009,84.3781601790009,82.78365713930806,82.95149993896484,655000,0.0,0.0
2021-08-16 00:00:00-04:00,82.40136759847653,83.90262648728518,82.00972958663057,83.42707061767578,467100,0.0,0.0
2021-08-17 00:00:00-04:00,82.58785391581732,84.59264123149852,82.58785391581732,83.98654174804688,1281300,0.0,0.0
2021-08-18 00:00:00-04:00,83.83735741007281,85.09617511631255,82.75570200293105,84.38750457763672,675500,0.0,0.0
2021-08-19 00:00:00-04:00,83.11935401828532,84.36885216620226,82.02837922951274,83.61355590820312,1516200,0.0,0.0
2021-08-20 00:00:00-04:00,83.5203087249354,84.62993663191664,82.78366564597336,84.15438079833984,456000,0.0,0.0
2021-08-23 00:00:00-04:00,84.6206090329332,86.1218677898626,83.98653696718604,84.43412017822266,666500,0.0,0.0
2021-08-24 00:00:00-04:00,85.11483004182492,85.97269034896519,84.45278521039523,85.45051574707031,604800,0.0,0.0
2021-08-25 00:00:00-04:00,84.81642605686062,86.58809866624546,84.41546860902139,86.16849517822266,787400,0.0,0.0
2021-08-26 00:00:00-04:00,86.01930803347763,86.56013574258846,85.14279465071833,86.26174926757812,485700,0.0,0.0
2021-08-27 00:00:00-04:00,86.70930573737091,89.2922195224267,86.58808870488802,89.0591049194336,590300,0.0,0.0
2021-08-30 00:00:00-04:00,88.77002631650966,89.03112061341221,86.74659353563696,87.23147583007812,746500,0.0,0.0
2021-08-31 00:00:00-04:00,87.5392010522075,88.67680155569687,86.15916646188124,88.58355712890625,1171400,0.0,0.0
2021-09-01 00:00:00-04:00,89.04979582214247,89.48805250004584,88.21058166382694,89.17101287841797,554500,0.0,0.0
2021-09-02 00:00:00-04:00,89.61859784559671,89.70251570598352,88.1919373062637,88.5742416381836,382000,0.0,0.0
2021-09-03 00:00:00-04:00,88.08936419710601,88.35045146423332,86.78392074737496,87.2967758178711,750100,0.0,0.0
2021-09-07 00:00:00-04:00,87.22184349669838,88.3549587153866,86.84725824098355,87.7649917602539,648900,0.4,0.0
2021-09-08 00:00:00-04:00,87.89610191417103,88.2051353084351,86.8285385018224,87.23121643066406,430200,0.0,0.0
2021-09-09 00:00:00-04:00,86.98773371360126,87.914826738862,86.53823709604086,87.25930786132812,377100,0.0,0.0
2021-09-10 00:00:00-04:00,87.94292532811934,88.09275515038686,85.82652461086435,86.09809875488281,434600,0.0,0.0
2021-09-13 00:00:00-04:00,86.83791412977938,86.83791412977938,84.91816882049572,86.31349182128906,602500,0.0,0.0
2021-09-14 00:00:00-04:00,86.81916961974733,86.81916961974733,84.92752435043921,85.20845794677734,824100,0.0,0.0
2021-09-15 00:00:00-04:00,84.7870573165596,85.9014465830286,84.15026447066589,84.69341278076172,951600,0.0,0.0
2021-09-16 00:00:00-04:00,84.99309068191855,86.59443603043925,84.99309068191855,85.79844665527344,503100,0.0,0.0
2021-09-17 00:00:00-04:00,85.87333972384374,86.84725853414203,85.29273936291443,85.55494689941406,1290600,0.0,0.0
2021-09-20 00:00:00-04:00,84.09406796807231,85.92016117887653,83.66329030051008,85.66732025146484,830600,0.0,0.0
2021-09-21 00:00:00-04:00,85.74222915903444,86.37902190203646,83.04522838288298,83.57901000976562,657400,0.0,0.0
2021-09-22 00:00:00-04:00,84.04725349767939,85.80779506573467,83.59774972252691,85.18973541259766,557200,0.0,0.0
2021-09-23 00:00:00-04:00,86.29475319252596,88.68272087533833,86.04190510064176,87.31549072265625,929200,0.0,0.0
2021-09-24 00:00:00-04:00,87.50279454798479,89.04794730009475,87.48406135344823,88.70146179199219,629800,0.0,0.0
2021-09-27 00:00:00-04:00,88.93556645277937,91.23925613624544,88.8887406164596,89.45061492919922,559600,0.0,0.0
2021-09-28 00:00:00-04:00,89.28204107500311,89.89074115011807,87.10945542361296,87.39039611816406,642000,0.0,0.0
2021-09-29 00:00:00-04:00,87.83055126226898,88.01784033406145,86.24793217052829,86.37903594970703,433200,0.0,0.0
2021-09-30 00:00:00-04:00,87.08138243009522,87.08138243009522,84.76832590956535,85.52686309814453,598000,0.0,0.0
2021-10-01 00:00:00-04:00,86.43522395999322,89.68473277134517,86.21046851180941,89.1322250366211,672200,0.0,0.0
2021-10-04 00:00:00-04:00,88.66397841161037,89.49742672609905,87.57768205205035,88.10210418701172,573300,0.0,0.0
2021-10-05 00:00:00-04:00,88.23322245435514,90.28407121347954,87.71816682935417,88.49542999267578,892900,0.0,0.0
2021-10-06 00:00:00-04:00,88.11146819229609,88.51414605058946,85.414467488022,86.34156036376953,1293200,0.0,0.0
2021-10-07 00:00:00-04:00,86.89408399907205,88.0646584567415,86.89408399907205,87.20311737060547,636800,0.0,0.0
2021-10-08 00:00:00-04:00,86.95026943227334,87.57769562792548,86.21983211260434,86.87535095214844,410400,0.0,0.0
2021-10-11 00:00:00-04:00,86.83790173774042,88.4954320839338,85.8733423495249,85.99508666992188,395300,0.0,0.0
2021-10-12 00:00:00-04:00,86.12619957314546,86.99710737812029,85.2271991203683,85.83589935302734,577200,0.0,0.0
2021-10-13 00:00:00-04:00,85.8171538807216,86.04190217560735,82.33352315920489,83.17633819580078,1171200,0.0,0.0
2021-10-14 00:00:00-04:00,83.85059388001876,85.20845744927452,83.27935294946073,84.28136444091797,617600,0.0,0.0
2021-10-15 00:00:00-04:00,85.66733013428808,86.20111183784165,83.26062916989815,83.46664428710938,583200,0.0,0.0
2021-10-18 00:00:00-04:00,82.69875011145648,85.36766585244472,82.69875011145648,85.3582992553711,903100,0.0,0.0
2021-10-19 00:00:00-04:00,85.72351224585236,86.1074569648787,84.02852266395084,84.11280059814453,536000,0.0,0.0
2021-10-20 00:00:00-04:00,81.74356422402506,85.27401398327164,80.35760078960661,82.91413879394531,1496700,0.0,0.0
2021-10-21 00:00:00-04:00,83.09206380507848,84.28136435850467,82.12750441149498,82.89540100097656,779000,0.0,0.0
2021-10-22 00:00:00-04:00,82.45527063503519,84.281363997125,81.56562972829369,83.91614532470703,1181000,0.0,0.0
2021-10-25 00:00:00-04:00,84.22516983421755,84.59038846815945,82.40843611539553,83.94422912597656,915300,0.0,0.0
2021-10-26 00:00:00-04:00,84.43120619196137,85.24592152183803,83.19507258460604,83.97233581542969,785800,0.0,0.0
2021-10-27 00:00:00-04:00,83.90677075355288,84.64657462456964,82.31479244275977,82.85794067382812,1053000,0.0,0.0
2021-10-28 00:00:00-04:00,82.9703186220145,84.60912291195967,82.3428924085728,84.17835235595703,1244000,0.0,0.0
2021-10-29 00:00:00-04:00,81.18169454547974,87.58707553240671,80.40443127147749,83.16698455810547,2514300,0.0,0.0
2021-11-01 00:00:00-04:00,83.34488853899099,87.3529337210979,82.98903653077477,87.21246337890625,1067200,0.0,0.0
2021-11-02 00:00:00-04:00,86.95964204304245,86.95964204304245,81.97767708406917,82.2117919921875,1317100,0.0,0.0
2021-11-03 00:00:00-04:00,81.6592925428932,85.1054649281589,81.6592925428932,83.13890075683594,798200,0.0,0.0
2021-11-04 00:00:00-04:00,83.72886628728904,85.40512288466209,83.25126983362992,84.98371887207031,697700,0.0,0.0
2021-11-05 00:00:00-04:00,86.21983633202612,90.00313402804626,86.0606399124346,89.66600799560547,1226700,0.0,0.0
2021-11-08 00:00:00-05:00,89.48805765823403,89.63789459111584,86.36965329727713,86.83788299560547,746800,0.0,0.0
2021-11-09 00:00:00-05:00,87.09076117099846,88.41117291494471,86.55697937218687,88.35498046875,596200,0.0,0.0
2021-11-10 00:00:00-05:00,87.54960556005204,88.13021308117426,86.03254558829286,86.75361633300781,474800,0.0,0.0
2021-11-11 00:00:00-05:00,87.36232143816773,87.49342521734647,86.10746179437389,86.37903594970703,354800,0.0,0.0
2021-11-12 00:00:00-05:00,86.74425113620923,86.78171037797829,84.74959473819118,85.20845794677734,590200,0.0,0.0
2021-11-15 00:00:00-05:00,85.92017735295403,87.10947802663165,85.18973993113086,85.57368469238281,545100,0.0,0.0
2021-11-16 00:00:00-05:00,85.1335469166341,85.9669954013138,84.03788373862001,85.63922882080078,658100,0.0,0.0
2021-11-17 00:00:00-05:00,85.51748669784108,86.38839437406358,84.71213090500655,85.45193481445312,337600,0.0,0.0
2021-11-18 00:00:00-05:00,85.31146586440197,86.08872902645929,83.57901707935602,84.4686508178711,602000,0.0,0.0
2021-11-19 00:00:00-05:00,84.19709697116502,84.19709697116502,82.40845547407125,84.02853393554688,670500,0.0,0.0
2021-11-22 00:00:00-05:00,84.4405624669337,86.24792982458908,83.6164805709937,84.0566177368164,816600,0.0,0.0
2021-11-23 00:00:00-05:00,84.00041649264728,84.71212773178475,81.94957499226385,83.19506072998047,1083300,0.0,0.0
2021-11-24 00:00:00-05:00,82.4084470484843,83.60711422605034,81.19104667742009,83.10142517089844,610900,0.0,0.0
2021-11-26 00:00:00-05:00,79.25257763700019,80.52616333304489,78.53150684986407,80.0392074584961,910100,0.0,0.0
2021-11-29 00:00:00-05:00,81.21914577817716,81.30342371434372,78.00708900402056,78.27865600585938,965200,0.0,0.0
2021-11-30 00:00:00-05:00,76.90209366633299,79.08403991992759,76.1435562484871,77.66999053955078,1251700,0.0,0.0
2021-12-01 00:00:00-05:00,79.13084246404344,81.90276224211584,75.665944527608,75.72212982177734,1200800,0.0,0.0
2021-12-02 00:00:00-05:00,75.99368905171177,79.18701219780023,75.99368905171177,78.29737854003906,1340900,0.0,0.0
2021-12-03 00:00:00-05:00,78.94354170395033,79.13083075321082,76.37763743244224,77.2579116821289,1052500,0.0,0.0
2021-12-06 00:00:00-05:00,78.43787592167922,82.00578552221647,76.75224540076796,81.94960021972656,1691200,0.0,0.0
2021-12-07 00:00:00-05:00,82.7398186920423,84.30148335147241,81.64854109385436,82.00602722167969,782400,0.4,0.0
2021-12-08 00:00:00-05:00,82.59871121415428,85.11994770124832,82.57048239183165,84.40496826171875,744100,0.0,0.0
2021-12-09 00:00:00-05:00,83.6429493716267,84.84712065362721,82.63632959026862,82.66455841064453,474200,0.0,0.0
2021-12-10 00:00:00-05:00,82.97501888675485,83.78407296108114,81.6767728308823,82.82450103759766,488300,0.0,0.0
2021-12-13 00:00:00-05:00,82.24121478888094,82.89975091366287,80.30325202029944,80.5478515625,691000,0.0,0.0
2021-12-14 00:00:00-05:00,79.87050218406367,81.25342012986555,79.7481988261132,79.9645767211914,1212800,0.0,0.0
2021-12-15 00:00:00-05:00,79.72939026820298,80.11510521791048,78.01720777903896,79.09908294677734,1887600,0.0,0.0
2021-12-16 00:00:00-05:00,80.31267106378327,80.67015722328934,76.8412649168146,77.52802276611328,1299700,0.0,0.0
2021-12-17 00:00:00-05:00,77.10466684145477,79.38130367232084,75.26077862639926,78.78862762451172,1844900,0.0,0.0
2021-12-20 00:00:00-05:00,77.2175617905585,78.52521726527377,76.37087658239788,78.38410186767578,567400,0.0,0.0
2021-12-21 00:00:00-05:00,79.18374575531453,81.72380136497061,79.10848325337794,81.34749603271484,743800,0.0,0.0
2021-12-22 00:00:00-05:00,81.69557477577938,82.95619659666515,81.2628261439611,82.00602722167969,586900,0.0,0.0
2021-12-23 00:00:00-05:00,82.88092571423768,83.80287335138294,81.67675448179001,83.5300521850586,717400,0.0,0.0
2021-12-27 00:00:00-05:00,82.91856759261917,83.62413743746953,82.09070155853537,83.492431640625,340500,0.0,0.0
2021-12-28 00:00:00-05:00,83.09730175638768,85.23282300765702,83.03144886786642,84.31088256835938,439200,0.0,0.0
2021-12-29 00:00:00-05:00,84.1885847582024,86.2206291846907,83.88754193695527,85.57150268554688,579700,0.0,0.0
2021-12-30 00:00:00-05:00,85.78787565287993,86.77566898897149,85.01645301913035,85.08230590820312,593700,0.0,0.0
2021-12-31 00:00:00-05:00,85.0446890421971,86.11715466127336,83.97222342312085,83.99103546142578,482600,0.0,0.0
2022-01-03 00:00:00-05:00,84.2638542547712,85.69380598007517,83.87814647243977,84.6401596069336,469600,0.0,0.0
2022-01-04 00:00:00-05:00,85.56207702031728,87.00144514098398,84.67776793617497,86.61573028564453,627400,0.0,0.0
2022-01-05 00:00:00-05:00,86.79449186136941,87.97984391466181,84.96000614139933,85.0164566040039,665300,0.0,0.0
2022-01-06 00:00:00-05:00,87.33073057876362,87.33073057876362,84.22622048787025,85.60913848876953,774300,0.0,0.0
2022-01-07 00:00:00-05:00,86.79449401818067,87.26487387948839,84.68718707177457,84.8753433227539,1055900,0.0,0.0
2022-01-10 00:00:00-05:00,84.31089568909506,84.46141352452779,81.45098504159674,83.62413787841797,835300,0.0,0.0
2022-01-11 00:00:00-05:00,83.47362202968716,84.16978228716616,81.94017892874308,82.84330749511719,688500,0.0,0.0
2022-01-12 00:00:00-05:00,82.9656085778735,83.41716925989657,81.25342603889513,81.3851318359375,583100,0.0,0.0
2022-01-13 00:00:00-05:00,81.58268602735357,83.69939544822157,81.58268602735357,82.30706787109375,696200,0.0,0.0
2022-01-14 00:00:00-05:00,83.85932347316943,83.85932347316943,80.5666643508251,82.1189193725586,634200,0.0,0.0
2022-01-18 00:00:00-05:00,81.25342150376324,81.48861143927293,77.9795744434003,78.25239562988281,883200,0.0,0.0
2022-01-19 00:00:00-05:00,78.2806225566019,79.41894105999812,76.98237660884875,77.91372680664062,805000,0.0,0.0
2022-01-20 00:00:00-05:00,78.46877777912172,80.05865694863743,76.80362892615594,77.0105972290039,520300,0.0,0.0
2022-01-21 00:00:00-05:00,76.52139010303098,77.19873823143773,74.49876250186182,74.58342742919922,951800,0.0,0.0
2022-01-24 00:00:00-05:00,73.43570784920121,78.59107472235983,72.10924026061004,78.42173767089844,1609900,0.0,0.0
2022-01-25 00:00:00-05:00,77.01999661304325,79.41892946029903,75.59944750449917,78.32765197753906,2864500,0.0,0.0
2022-01-26 00:00:00-05:00,79.15552570290404,80.33147540395434,76.70955176020487,77.179931640625,1108200,0.0,0.0
2022-01-27 00:00:00-05:00,76.72834608886699,78.3182320145267,75.08201688736042,75.3736572265625,2475300,0.0,0.0
2022-01-28 00:00:00-05:00,75.1761136956096,78.79803723151963,73.95312317195975,78.78862762451172,1167700,0.0,0.0
2022-01-31 00:00:00-05:00,78.26180572965583,80.37851516256819,77.97957493429662,80.33147430419922,776400,0.0,0.0
2022-02-01 00:00:00-05:00,80.56665536289036,82.56106839266089,80.5196145097052,82.20357513427734,882100,0.0,0.0
2022-02-02 00:00:00-05:00,82.69278087376368,84.94119603173658,81.75202115319169,82.10009765625,726200,0.0,0.0
2022-02-03 00:00:00-05:00,81.32867395632121,83.26664383713607,81.27223067056879,82.02484130859375,535300,0.0,0.0
2022-02-04 00:00:00-05:00,81.80847326234492,84.3203002645795,80.70778599315375,83.48302459716797,761000,0.0,0.0
2022-02-07 00:00:00-05:00,83.63353391416194,84.56488395345767,82.90914496782244,83.19137573242188,792800,0.0,0.0
2022-02-08 00:00:00-05:00,83.23841799570272,84.91296904454536,83.16315550021108,84.73422241210938,781900,0.0,0.0
2022-02-09 00:00:00-05:00,85.41159212209736,86.52168909041215,84.93180256375553,86.12657165527344,556800,0.0,0.0
2022-02-10 00:00:00-05:00,84.54608188153367,88.14918629327437,84.54608188153367,86.94501495361328,1142700,0.0,0.0
2022-02-11 00:00:00-05:00,87.40598184233954,87.98924822722002,84.77185197199225,85.1669692993164,816900,0.0,0.0
2022-02-14 00:00:00-05:00,85.3927668115251,87.07672777247022,84.96942775800231,85.37395477294922,1373500,0.0,0.0
2022-02-15 00:00:00-05:00,86.2864761352539,87.95161755554159,84.96000158529763,86.2864761352539,1757700,0.0,0.0
2022-02-16 00:00:00-05:00,85.86313116582494,87.2366465880509,85.09170853032322,85.88195037841797,1163300,0.0,0.0
2022-02-17 00:00:00-05:00,85.04467316855302,86.25825396939793,82.21298463324823,82.39173126220703,1478000,0.0,0.0
2022-02-18 00:00:00-05:00,82.46699210702958,84.91296569459759,81.78023442325859,84.13213348388672,1249000,0.0,0.0
2022-02-22 00:00:00-05:00,83.7652498225805,85.37394814956195,82.73041552291977,83.37013244628906,1682000,0.0,0.0
2022-02-23 00:00:00-05:00,87.61295468466756,89.00528230056277,82.26943891077441,82.80567169189453,2033900,0.0,0.0
2022-02-24 00:00:00-05:00,81.0088250549966,85.19520319598206,80.34088647393081,85.04468536376953,1030000,0.0,0.0
2022-02-25 00:00:00-05:00,85.12935286044309,87.81992648059324,84.05688725548006,87.78229522705078,2048200,0.0,0.0
2022-02-28 00:00:00-05:00,87.82933320999517,90.35056969529221,86.9450167242975,89.28751373291016,1746200,0.0,0.0
2022-03-01 00:00:00-05:00,88.43141733953041,88.91120682626497,83.95339887733836,84.48963165283203,971600,0.0,0.0
2022-03-02 00:00:00-05:00,85.3457097006419,86.84151397811947,84.71540250865172,85.56208038330078,685700,0.0,0.0
2022-03-03 00:00:00-05:00,86.14535785836166,86.14535785836166,79.94575542628948,80.23738861083984,1048000,0.0,0.0
2022-03-04 00:00:00-05:00,79.28722913452327,79.66353446314069,76.34265375463917,78.78862762451172,1244100,0.0,0.0
2022-03-07 00:00:00-05:00,78.74158810797974,78.82626021763865,66.88801670792424,66.99150085449219,3443500,0.0,0.0
2022-03-08 00:00:00-05:00,67.49334838908929,72.84320147432517,65.84578548186633,70.56122589111328,2377100,0.46,0.0
2022-03-09 00:00:00-05:00,72.73904861105625,76.10046289870311,72.49285871127263,74.05520629882812,2134600,0.0,0.0
2022-03-10 00:00:00-05:00,72.90947862274425,75.61754554951648,72.67275953630676,74.41500854492188,1672200,0.0,0.0
2022-03-11 00:00:00-05:00,77.0094414031853,77.57756566599808,74.53809399706242,74.61384582519531,1504400,0.0,0.0
2022-03-14 00:00:00-04:00,75.20091612933913,77.31245351638583,74.10254334694508,74.90738677978516,2190500,0.0,0.0
2022-03-15 00:00:00-04:00,75.27667637081527,75.93948698381382,72.7769231673723,74.1877670288086,1893200,0.0,0.0
2022-03-16 00:00:00-04:00,75.43762881933364,78.22144729554881,75.29559593755057,77.89950561523438,1367100,0.0,0.0
2022-03-17 00:00:00-04:00,76.82953847600358,78.37294416542034,76.22353825291403,77.97525787353516,913100,0.0,0.0
2022-03-18 00:00:00-04:00,77.95633830472136,79.2819667530542,77.04733779777439,79.20621490478516,1893000,0.0,0.0
2022-03-21 00:00:00-04:00,80.1246635471918,80.23828406338049,77.60596948499597,78.66647338867188,899800,0.0,0.0
2022-03-22 00:00:00-04:00,78.78010900442865,80.68333248038475,77.35033092500605,77.71961212158203,1010900,0.0,0.0
2022-03-23 00:00:00-04:00,77.4544820711372,78.14569770538242,75.66488649193705,75.74063110351562,870000,0.0,0.0
2022-03-24 00:00:00-04:00,75.93948908908918,79.28196905614249,75.93948908908918,79.1209945678711,973800,0.0,0.0
2022-03-25 00:00:00-04:00,78.81797591738868,79.41451256990781,76.6780408238685,77.2366943359375,1282300,0.0,0.0
2022-03-28 00:00:00-04:00,78.09837490145615,78.16465596579742,76.62124268684545,77.78590393066406,1542100,0.0,0.0
2022-03-29 00:00:00-04:00,78.53392208692641,81.53551820324586,78.53392208692641,80.55076599121094,648000,0.0,0.0
2022-03-30 00:00:00-04:00,79.98265311486679,80.38981026830758,78.35402450110365,78.5149917602539,711700,0.0,0.0
2022-03-31 00:00:00-04:00,78.57178715293618,80.24775478217592,77.73853150641045,79.28194427490234,1277000,0.0,0.0
2022-04-01 00:00:00-04:00,79.28196193692557,80.503426101618,76.87689508118754,77.37873840332031,1134800,0.0,0.0
2022-04-04 00:00:00-04:00,76.99051516989928,79.16833370592332,75.8447956315175,78.8653335571289,1264800,0.0,0.0
2022-04-05 00:00:00-04:00,78.65701516833488,79.20620516460947,76.801138458528,78.75170135498047,1054900,0.0,0.0
2022-04-06 00:00:00-04:00,77.71960319497542,77.89950476745648,75.58913166369271,77.4166030883789,939100,0.0,0.0
2022-04-07 00:00:00-04:00,77.71012570530776,78.14568786945568,75.26718349309002,77.02837371826172,901200,0.0,0.0
2022-04-08 00:00:00-04:00,76.9526308323209,77.94685379961844,75.79744785794365,77.07572937011719,1031400,0.0,0.0
2022-04-11 00:00:00-04:00,76.81061299565151,77.64386159255656,74.75588580222049,74.89791870117188,1358900,0.0,0.0
2022-04-12 00:00:00-04:00,76.7064532867303,78.54338844905543,76.1761976311322,76.54547882080078,1962100,0.0,0.0
2022-04-13 00:00:00-04:00,76.93370185056362,79.95423965646785,76.93370185056362,78.7990493774414,1482100,0.0,0.0
2022-04-14 00:00:00-04:00,79.04524695566633,79.39558660868992,76.64964353769138,77.49236297607422,821300,0.0,0.0
2022-04-18 00:00:00-04:00,77.44501016930218,79.05469692160302,77.02838230320863,78.99788665771484,988000,0.0,0.0
2022-04-19 00:00:00-04:00,78.95054798582046,81.3177388765165,78.89373771615361,80.71173858642578,794400,0.0,0.0
2022-04-20 00:00:00-04:00,81.13784110303915,82.24568475828521,81.07156004394136,81.3650894165039,779500,0.0,0.0
2022-04-21 00:00:00-04:00,83.06946039923939,83.34404816712589,80.15307968176207,80.55076599121094,1456800,0.0,0.0
2022-04-22 00:00:00-04:00,79.93529770866517,80.56970311331497,78.07942097656088,78.46764373779297,781500,0.0,0.0
2022-04-25 00:00:00-04:00,77.81429950381587,83.02211948047305,77.72907687494205,82.785400390625,1258400,0.0,0.0
2022-04-26 00:00:00-04:00,82.11311470883375,82.80433036921896,78.5907336819332,78.60020446777344,969400,0.0,0.0
2022-04-27 00:00:00-04:00,78.41081694904581,79.51866760944505,77.53022178129329,77.6533203125,599800,0.0,0.0
2022-04-28 00:00:00-04:00,79.11151644770464,80.74960837415115,77.87110360281328,79.88795471191406,657800,0.0,0.0
2022-04-29 00:00:00-04:00,78.75170198883947,80.76855317867941,77.75748618491905,77.95632934570312,1008800,0.0,0.0
2022-05-02 00:00:00-04:00,78.1930343054763,80.42766260039562,77.47340640776709,80.18147277832031,1957700,0.0,0.0
2022-05-03 00:00:00-04:00,80.18150634648578,80.26672176821147,77.36928184402173,78.53394317626953,1294800,0.0,0.0
2022-05-04 00:00:00-04:00,78.46763906528248,78.64754064413003,74.56650623371509,77.15148162841797,1938700,0.0,0.0
2022-05-05 00:00:00-04:00,76.4697334011278,77.15148550537835,73.39238537017509,74.24457550048828,1636700,0.0,0.0
2022-05-06 00:00:00-04:00,77.57758180373536,80.56024383407254,74.63279569534359,79.45240020751953,3059400,0.0,0.0
2022-05-09 00:00:00-04:00,78.9600227023202,79.19674180317236,72.67276396161422,72.96629333496094,1775200,0.0,0.0
2022-05-10 00:00:00-04:00,74.22563585700091,76.21407472999513,72.74851107547832,75.39029693603516,1516300,0.0,0.0
2022-05-11 00:00:00-04:00,75.08728052659622,75.96787562265159,70.84527225576919,71.06305694580078,1271200,0.0,0.0
2022-05-12 00:00:00-04:00,70.99679209945974,73.18407416234557,70.12566036472114,72.41710662841797,1165500,0.0,0.0
2022-05-13 00:00:00-04:00,73.63857688365589,75.14411416595284,73.38292342580598,74.36767578125,1082500,0.0,0.0
2022-05-16 00:00:00-04:00,73.86582919573591,74.14988777823781,71.12935700696758,71.97207641601562,868900,0.0,0.0
2022-05-17 00:00:00-04:00,73.57227913119426,74.08359315498686,71.58384052139564,73.11778259277344,1432600,0.0,0.0
2022-05-18 00:00:00-04:00,71.99100360204574,72.78638344691592,67.43653093170228,68.12774658203125,1029000,0.0,0.0
2022-05-19 00:00:00-04:00,67.45546836112041,69.02728655127382,66.4801868878992,68.1182861328125,1221200,0.0,0.0
2022-05-20 00:00:00-04:00,68.6958741280821,69.07461884495397,65.91205566970088,67.57855987548828,990500,0.0,0.0
2022-05-23 00:00:00-04:00,68.34553510062176,68.34553510062176,65.14509564444573,67.3986587524414,1196100,0.0,0.0
2022-05-24 00:00:00-04:00,66.47072116305509,66.83053882265774,64.9367860006437,66.20559692382812,1388300,0.0,0.0
2022-05-25 00:00:00-04:00,66.7358512041205,72.37923362656092,66.51806645562901,71.79216766357422,2299900,0.0,0.0
2022-05-26 00:00:00-04:00,70.40972462103049,75.59860287457285,70.24875737838293,74.98313903808594,1946700,0.0,0.0
2022-05-27 00:00:00-04:00,75.33348772310569,77.27458732681282,74.85058593705068,76.05311584472656,811400,0.0,0.0
2022-05-31 00:00:00-04:00,75.38081835663758,75.78797543048817,73.50600021506936,73.82794189453125,1384900,0.0,0.0
2022-06-01 00:00:00-04:00,74.65171298159775,74.68958889488611,71.58383624615873,71.95311737060547,1390500,0.0,0.0
2022-06-02 00:00:00-04:00,72.20878402548138,75.9868181972138,71.93418904921718,75.93000793457031,1877600,0.0,0.0
2022-06-03 00:00:00-04:00,74.87898095620098,76.18566767427987,74.32032017209008,75.8826675415039,896500,0.0,0.0
2022-06-06 00:00:00-04:00,75.99628798040558,76.90528829117902,74.6233131171861,76.57388305664062,859600,0.0,0.0
2022-06-07 00:00:00-04:00,75.8215779639626,77.67854657160285,74.57406908343178,77.66902160644531,1088700,0.46,0.0
2022-06-08 00:00:00-04:00,77.62140638327192,77.79281941812636,75.85966574280201,76.3643798828125,1027100,0.0,0.0
2022-06-09 00:00:00-04:00,75.70729811361569,77.0976451064934,75.15496639625594,76.17391967773438,942100,0.0,0.0
2022-06-10 00:00:00-04:00,74.95498530330191,75.71682265160057,73.08849179193157,74.1264877319336,1176800,0.0,0.0
2022-06-13 00:00:00-04:00,71.43149431703128,71.89811581582343,69.04123704168475,69.9744873046875,1460200,0.0,0.0
2022-06-14 00:00:00-04:00,70.21256774786445,71.10771824855689,67.70803244874432,68.08895111083984,1201400,0.0,0.0
2022-06-15 00:00:00-04:00,69.04124922182464,71.04106326344183,68.9745889959514,69.86022186279297,894500,0.0,0.0
2022-06-16 00:00:00-04:00,67.79374413964052,67.91753961983211,65.65108479025031,66.27959442138672,1054300,0.0,0.0
2022-06-17 00:00:00-04:00,66.5176670207561,68.93649220074603,66.42243917036988,68.75555419921875,1457800,0.0,0.0
2022-06-21 00:00:00-04:00,69.4697768149445,70.17447892053079,67.26998213979967,67.61280822753906,990100,0.0,0.0
2022-06-22 00:00:00-04:00,66.7462177286526,69.7268996849307,66.4319665375551,69.47930145263672,1323000,0.0,0.0
2022-06-23 00:00:00-04:00,69.92687645624748,70.48872584829233,67.94610523924563,70.0982894897461,853900,0.0,0.0
2022-06-24 00:00:00-04:00,70.32684629810353,73.74558241771658,69.92688492663171,73.2789535522461,1571300,0.0,0.0
2022-06-27 00:00:00-04:00,75.06925921992806,75.13591943956546,73.00278514574947,73.3456039428711,895700,0.0,0.0
2022-06-28 00:00:00-04:00,73.56463926262491,74.25981639677798,71.07915378203276,71.34579467773438,593700,0.0,0.0
2022-06-29 00:00:00-04:00,71.17438779197688,71.34580084910068,69.54596738201082,70.66014862060547,711000,0.0,0.0
2022-06-30 00:00:00-04:00,69.30789384788771,71.30770799691615,68.51748879478053,69.70785522460938,1005300,0.0,0.0
2022-07-01 00:00:00-04:00,69.63167628621612,71.8695636887949,69.5269234606749,71.69815063476562,581500,0.0,0.0
2022-07-05 00:00:00-04:00,69.92686936760762,74.46930339671549,69.1745570893728,74.31694030761719,1131400,0.0,0.0
2022-07-06 00:00:00-04:00,74.74548833895939,75.76444173288081,73.65987471423638,74.16458892822266,860800,0.0,0.0
2022-07-07 00:00:00-04:00,74.52645823203555,77.12621426332097,74.52645823203555,76.85957336425781,1296300,0.0,0.0
2022-07-08 00:00:00-04:00,75.57397453713898,76.01202845384357,73.17419206163831,74.6407241821289,1031900,0.0,0.0
2022-07-11 00:00:00-04:00,74.09791405783163,75.335897831466,73.28846648218708,74.8121337890625,1084500,0.0,0.0
2022-07-12 00:00:00-04:00,74.93594812573711,76.12631452872357,74.73596744188579,75.28829193115234,962500,0.0,0.0
2022-07-13 00:00:00-04:00,73.55511821805234,76.01203620011555,72.73614555736461,75.57398223876953,1463900,0.0,0.0
2022-07-14 00:00:00-04:00,74.86928370621838,76.16440286139378,74.29790205243782,75.88823699951172,802600,0.0,0.0
2022-07-15 00:00:00-04:00,77.27857859902636,78.62130795441301,75.85966405974598,77.70710754394531,1107600,0.0,0.0
2022-07-18 00:00:00-04:00,77.69758758142997,78.4308573091285,76.3072405802506,76.4977035522461,1070700,0.0,0.0
2022-07-19 00:00:00-04:00,77.47856686115826,78.96414176578001,77.24049358719094,78.64036560058594,964400,0.0,0.0
2022-07-20 00:00:00-04:00,78.88796992314758,80.64019329406135,78.80226701741891,80.44973754882812,805400,0.0,0.0
2022-07-21 00:00:00-04:00,79.92594690138537,80.38305071026497,78.89746878047022,79.99260711669922,667400,0.0,0.0
2022-07-22 00:00:00-04:00,80.22116998491131,81.42106134430281,79.11651374936952,79.81168365478516,716400,0.0,0.0
2022-07-25 00:00:00-04:00,79.81168729213742,79.81168729213742,77.84044074458052,79.01176452636719,687000,0.0,0.0
2022-07-26 00:00:00-04:00,78.4022850824772,78.4022850824772,76.85956779416043,77.25952911376953,794000,0.0,0.0
2022-07-27 00:00:00-04:00,78.2404065201284,81.44962969669939,78.1642213265418,81.08776092529297,893900,0.0,0.0
2022-07-28 00:00:00-04:00,81.12585389345662,83.77322762664024,80.9163482428444,83.62085723876953,1402100,0.0,0.0
2022-07-29 00:00:00-04:00,84.75410187104731,84.75410187104731,81.3925077570563,83.05902099609375,1347400,0.0,0.0
2022-08-01 00:00:00-04:00,82.13527561221197,83.77322082167044,81.32582797230593,82.40191650390625,697400,0.0,0.0
2022-08-02 00:00:00-04:00,81.84006030095722,83.22088220355435,81.38295647782327,82.74473571777344,547100,0.0,0.0
2022-08-03 00:00:00-04:00,83.43038267024079,85.70636215056112,82.83044075073747,85.17308044433594,706300,0.0,0.0
2022-08-04 00:00:00-04:00,84.72552566867517,85.79208938395114,83.99225584900255,85.39212799072266,748800,0.0,0.0
2022-08-05 00:00:00-04:00,84.08749960677251,85.5730747999911,84.05892470539273,84.17320251464844,599400,0.0,0.0
2022-08-08 00:00:00-04:00,84.43031486312744,86.44917170791831,84.43031486312744,85.135009765625,732700,0.0,0.0
2022-08-09 00:00:00-04:00,84.83980434849951,85.487364065858,84.20176959820513,84.9445571899414,618000,0.0,0.0
2022-08-10 00:00:00-04:00,86.84912388213343,88.59182191994145,86.84912388213343,88.36327362060547,738000,0.0,0.0
2022-08-11 00:00:00-04:00,89.03940223418194,90.08692316032369,87.77285070469021,87.79190063476562,947600,0.0,0.0
2022-08-12 00:00:00-04:00,88.19185632193921,89.77265894203781,88.12519610179203,89.59172821044922,539500,0.0,0.0
2022-08-15 00:00:00-04:00,89.44889513675612,90.82019958644771,88.97274856565988,89.47746276855469,634700,0.0,0.0
2022-08-16 00:00:00-04:00,89.13464349322207,90.86781685433898,88.98228035680268,90.55355834960938,567800,0.0,0.0
2022-08-17 00:00:00-04:00,89.51554659379026,90.82970838568004,88.96321488174496,90.6773452758789,491100,0.0,0.0
2022-08-18 00:00:00-04:00,90.2583210042073,90.7630350849176,89.6393291585478,90.61067199707031,750700,0.0,0.0
2022-08-19 00:00:00-04:00,89.5631636119963,89.72505168562678,86.32536581229024,87.53477478027344,1026600,0.0,0.0
2022-08-22 00:00:00-04:00,85.73494105869901,86.2110875777547,85.08738150216651,85.48734283447266,660900,0.0,0.0
2022-08-23 00:00:00-04:00,85.34451520935701,86.98245333382366,85.34451520935701,85.60163116455078,630400,0.0,0.0
2022-08-24 00:00:00-04:00,84.89692615234428,87.6585774273895,84.75408074295206,87.21099853515625,679000,0.0,0.0
2022-08-25 00:00:00-04:00,87.5728664074726,89.35365699401456,87.40145337098504,88.2680435180664,400900,0.0,0.0
2022-08-26 00:00:00-04:00,88.12520014205718,88.76323474492058,85.85874528772388,86.0111083984375,521200,0.0,0.0
2022-08-29 00:00:00-04:00,85.230240329311,86.17300855114989,84.6398159371767,85.87779998779297,443400,0.0,0.0
2022-08-30 00:00:00-04:00,85.85874770756031,86.67771307338909,84.80170180595877,85.63971710205078,456000,0.0,0.0
2022-08-31 00:00:00-04:00,85.70638470112175,86.57297496716814,84.46840068260411,84.52554321289062,652000,0.0,0.0
2022-09-01 00:00:00-04:00,84.05890586658684,84.81121826171875,82.73521908407183,84.81121826171875,642700,0.0,0.0
2022-09-02 00:00:00-04:00,85.22069430252678,85.48733516681492,82.81139429467065,83.29706573486328,656700,0.0,0.0
2022-09-06 00:00:00-04:00,82.5312026083621,83.56511805764586,81.40155587018074,82.55992126464844,746800,0.46,0.0
2022-09-07 00:00:00-04:00,82.74182712844038,85.66167931354616,82.74182712844038,85.28831481933594,512000,0.0,0.0
2022-09-08 00:00:00-04:00,84.37884868501563,87.3848565725231,84.28311739190211,87.11680603027344,604900,0.0,0.0
2022-09-09 00:00:00-04:00,86.68600982714622,88.17943842059735,86.68600982714622,87.28912353515625,484200,0.0,0.0
2022-09-12 00:00:00-04:00,87.79651688360981,88.22731870339604,86.47540737135861,87.23169708251953,751500,0.0,0.0
2022-09-13 00:00:00-04:00,84.86709652109293,85.78613017658947,83.93848754414938,84.71392059326172,727600,0.0,0.0
2022-09-14 00:00:00-04:00,85.13515740246427,87.35615749821075,83.93849771070796,86.89663696289062,914800,0.0,0.0
2022-09-15 00:00:00-04:00,86.3700942993164,87.89224162564194,85.81484255730606,86.3700942993164,897600,0.0,0.0
2022-09-16 00:00:00-04:00,85.53722480836052,87.02108560025805,84.75221642070753,86.63815307617188,1360700,0.0,0.0
2022-09-19 00:00:00-04:00,85.46062990252675,87.82523019511223,85.46062990252675,86.90619659423828,512100,0.0,0.0
2022-09-20 00:00:00-04:00,86.32222677728832,86.97320982868007,85.594663069838,86.61900329589844,466500,0.0,0.0
2022-09-21 00:00:00-04:00,86.7625889451085,88.12199954992771,85.58508020686692,85.63294219970703,980200,0.0,0.0
2022-09-22 00:00:00-04:00,85.58510154073272,85.96803409805358,82.27274843199463,82.73226165771484,918800,0.0,0.0
2022-09-23 00:00:00-04:00,81.69833817223949,82.70353512660479,79.73582087138723,80.77930450439453,872700,0.0,0.0
2022-09-26 00:00:00-04:00,80.93246417009469,82.47376196167274,80.47294377660225,80.9420394897461,606400,0.0,0.0
2022-09-27 00:00:00-04:00,81.97596068842991,83.775741271295,81.305834282361,82.2440185546875,751200,0.0,0.0
2022-09-28 00:00:00-04:00,82.36847219276986,86.04460687678055,81.98553967056115,85.8052749633789,918300,0.0,0.0
2022-09-29 00:00:00-04:00,85.17343579045085,86.30308262473925,84.19695757066387,85.23087310791016,1230000,0.0,0.0
2022-09-30 00:00:00-04:00,84.55117237793286,86.0350330625834,83.50768881164264,83.53640747070312,839100,0.0,0.0
2022-10-03 00:00:00-04:00,84.16824771838317,84.16824771838317,81.65047855397775,83.39281463623047,780200,0.0,0.0
2022-10-04 00:00:00-04:00,84.68520118548291,87.71992801651525,84.65648252522553,87.3848648071289,1246100,0.0,0.0
2022-10-05 00:00:00-04:00,86.16906730133073,87.69121482046091,86.01589136530647,87.14553833007812,579700,0.0,0.0
2022-10-06 00:00:00-04:00,86.82961904618436,87.69121543276026,85.12557691708464,85.18302154541016,797200,0.0,0.0
2022-10-07 00:00:00-04:00,84.27354650063172,85.06813015251117,82.99073103706432,83.53640747070312,761500,0.0,0.0
2022-10-10 00:00:00-04:00,84.1395269400956,85.54679976032834,83.2396366079565,84.40757751464844,714200,0.0,0.0
2022-10-11 00:00:00-04:00,84.29270291073678,88.07414422494976,83.70873245711276,87.48059844970703,1164800,0.0,0.0
2022-10-12 00:00:00-04:00,87.44231506149217,91.06102016960851,87.01152048625109,90.07496643066406,1501100,0.0,0.0
2022-10-13 00:00:00-04:00,88.82085050173019,91.53008926938386,87.63376636366795,90.85038757324219,1391900,0.0,0.0
2022-10-14 00:00:00-04:00,91.59710373363836,92.8894945141559,88.61023903551553,88.71554565429688,945200,0.0,0.0
2022-10-17 00:00:00-04:00,90.85038902883802,91.51094009407747,90.34300657878822,90.5440444946289,986400,0.0,0.0
2022-10-18 00:00:00-04:00,92.20021585426143,92.84163087654879,91.00355639273762,92.10448455810547,756900,0.0,0.0
2022-10-19 00:00:00-04:00,91.65454763691277,92.82248854452733,91.13758982679664,91.81729888916016,754100,0.0,0.0
2022-10-20 00:00:00-04:00,91.19503962145444,92.31511128827437,89.07934626062877,89.34739685058594,1390500,0.0,0.0
2022-10-21 00:00:00-04:00,88.94530892258858,91.60667842514755,88.94530892258858,91.38648986816406,1044200,0.0,0.0
2022-10-24 00:00:00-04:00,91.32904362188782,93.68406836090381,90.96525450277026,91.54922485351562,1015200,0.0,0.0
2022-10-25 00:00:00-04:00,91.23333144666715,92.84164225217008,91.17588681887126,92.45870971679688,670200,0.0,0.0
2022-10-26 00:00:00-04:00,93.40643407360109,96.08695371363315,92.59270724482192,93.10966491699219,1439300,0.0,0.0
2022-10-27 00:00:00-04:00,94.28720267843042,95.34983700467097,93.1288370434124,94.5361099243164,1218900,0.0,0.0
2022-10-28 00:00:00-04:00,92.86078097763377,94.62226032745345,90.05581070337264,94.49781036376953,1795600,0.0,0.0
2022-10-31 00:00:00-04:00,93.05223867098296,95.79977147907074,92.36296894255179,94.7275619506836,1322000,0.0,0.0
2022-11-01 00:00:00-04:00,95.12007612903,95.42642068565206,92.65016903286003,94.75629425048828,914300,0.0,0.0
2022-11-02 00:00:00-04:00,94.54567392076424,96.96771153147003,93.7893842555056,94.181884765625,1238600,0.0,0.0
2022-11-03 00:00:00-04:00,93.6936504930203,95.10091586449141,92.87034821092368,94.22975158691406,721200,0.0,0.0
2022-11-04 00:00:00-04:00,95.20622813225464,96.01996244586385,93.51176147198106,94.68927764892578,657600,0.0,0.0
2022-11-07 00:00:00-05:00,94.6318301142345,94.9956192702081,89.84519219946462,91.94174194335938,1252200,0.0,0.0
2022-11-08 00:00:00-05:00,92.79375407853418,94.22974531633022,91.51093144144522,93.5021743774414,670400,0.0,0.0
2022-11-09 00:00:00-05:00,93.12883566645696,94.06702000779835,92.04705801598782,93.44475555419922,575200,0.0,0.0
2022-11-10 00:00:00-05:00,96.58478708161171,97.00601358944904,94.13403060800634,96.55606842041016,1058300,0.0,0.0
2022-11-11 00:00:00-05:00,97.04430343848992,97.40808530459753,90.76422928664554,92.0183334350586,1341800,0.0,0.0
2022-11-14 00:00:00-05:00,92.00877051285188,93.67451875053507,91.35778735157565,92.48743438720703,988500,0.0,0.0
2022-11-15 00:00:00-05:00,93.84682903523486,94.77543803102034,93.18627061476262,93.90426635742188,652100,0.0,0.0
2022-11-16 00:00:00-05:00,93.54046872849861,94.10529574895344,92.09490216491773,94.05742645263672,652300,0.0,0.0
2022-11-17 00:00:00-05:00,92.91821063094702,95.3402481889928,92.35339087641825,94.22017669677734,683800,0.0,0.0
2022-11-18 00:00:00-05:00,95.73275672752635,96.13483255286283,93.64578233871309,93.78938293457031,551300,0.0,0.0
2022-11-21 00:00:00-05:00,94.07658447483573,94.60311760119828,93.05224418668246,93.3681640625,705600,0.0,0.0
2022-11-22 00:00:00-05:00,93.81810732345791,94.11487655021463,92.53529181079196,94.10530853271484,610900,0.0,0.0
2022-11-23 00:00:00-05:00,93.97128540193056,94.99562569279301,93.66493354299642,94.89988708496094,510800,0.0,0.0
2022-11-25 00:00:00-05:00,94.64140057209318,95.49342149283568,93.91382960136123,94.96688842773438,345100,0.0,0.0
2022-11-28 00:00:00-05:00,94.95733367649751,96.90070767290855,93.980855365503,94.02872467041016,999900,0.0,0.0
2022-11-29 00:00:00-05:00,93.54046835357546,93.59790566586199,91.00354903936994,93.5021743774414,1244400,0.0,0.0
2022-11-30 00:00:00-05:00,93.95214012839975,95.21581240340336,91.90345942958831,95.081787109375,787600,0.0,0.0
2022-12-01 00:00:00-05:00,95.73274294539672,96.84324626940108,94.4786463500372,96.00079345703125,862700,0.0,0.0
2022-12-02 00:00:00-05:00,94.63183035967212,95.10091883146384,93.25328360324727,94.03829193115234,943300,0.0,0.0
2022-12-05 00:00:00-05:00,93.02352748155049,93.13840943076208,90.41002704550327,92.49700164794922,928900,0.0,0.0
2022-12-06 00:00:00-05:00,92.75670698560032,93.07413810714941,90.66937022650932,91.9294662475586,1008400,0.46,0.0
2022-12-07 00:00:00-05:00,91.59281039326822,93.80519268611891,91.01566750551457,93.50700378417969,657200,0.0,0.0
2022-12-08 00:00:00-05:00,94.46889298914726,95.34423195032167,94.09374981686354,95.04603576660156,591900,0.0,0.0
2022-12-09 00:00:00-05:00,94.99795319588414,95.45005073537968,93.87251624098936,94.21880340576172,547900,0.0,0.0
2022-12-12 00:00:00-05:00,94.06489067279128,94.32460234550105,93.03565042970648,94.28612518310547,782500,0.0,0.0
2022-12-13 00:00:00-05:00,96.20033233043874,96.57547551703465,93.64165588979098,94.30537414550781,1034900,0.0,0.0
2022-12-14 00:00:00-05:00,94.54584958939402,97.09490486809665,94.31499394061616,96.22918701171875,993400,0.0,0.0
2022-12-15 00:00:00-05:00,95.76746996807069,95.76746996807069,93.18955860774454,95.24803924560547,941300,0.0,0.0
2022-12-16 00:00:00-05:00,94.39194673655005,94.51699936385461,91.22727130728583,93.00680541992188,1738000,0.0,0.0
2022-12-19 00:00:00-05:00,92.54508784033251,93.81480500974504,91.35232500573753,91.49661254882812,654100,0.0,0.0
2022-12-20 00:00:00-05:00,91.55432315877461,92.84327522178633,91.03489241526015,92.46813201904297,541800,0.0,0.0
2022-12-21 00:00:00-05:00,93.29537302363181,93.35309244336602,91.45813417147639,91.5158462524414,826400,0.0,0.0
2022-12-22 00:00:00-05:00,91.19840631838832,92.21803279579657,90.2076432174431,92.08336639404297,608000,0.0,0.0
2022-12-23 00:00:00-05:00,92.17954700232376,93.26649924007467,91.24649606412436,92.6412582397461,455700,0.0,0.0
2022-12-27 00:00:00-05:00,92.64129050060568,92.74710089160504,90.46738526807586,90.58280944824219,606600,0.0,0.0
2022-12-28 00:00:00-05:00,90.76556895052461,91.00604576369604,88.75517897625113,88.78404235839844,757900,0.0,0.0
2022-12-29 00:00:00-05:00,89.39966125827524,90.25575811500606,88.75517782983522,89.3419418334961,518900,0.0,0.0
2022-12-30 00:00:00-05:00,88.67822860597298,88.97641749457553,86.9371715543644,87.48545837402344,737200,0.0,0.0
2023-01-03 00:00:00-05:00,88.65897895073408,89.87098399677058,86.95640654932366,89.64974212646484,1324800,0.0,0.0
2023-01-04 00:00:00-05:00,90.14031265408951,91.17917407410194,89.70745739846868,90.13069152832031,916900,0.0,0.0
2023-01-05 00:00:00-05:00,90.33271116909386,90.43851421234757,88.70708560779691,90.17880249023438,905900,0.0,0.0
2023-01-06 00:00:00-05:00,90.59240458327422,90.86173737807876,89.7747850736838,89.9575424194336,1284300,0.0,0.0
2023-01-09 00:00:00-05:00,90.50584266371368,93.76671474189476,90.12108566434411,93.51661682128906,1114800,0.0,0.0
2023-01-10 00:00:00-05:00,93.17994132439897,97.45080376203306,93.11260812246329,96.67166137695312,1390600,0.0,0.0
2023-01-11 00:00:00-05:00,97.15262102805812,98.34538382542844,96.71014462482024,97.23918914794922,977000,0.0,0.0
2023-01-12 00:00:00-05:00,97.97024598064051,98.76863071084226,96.06567385129574,96.2003402709961,848300,0.0,0.0
2023-01-13 00:00:00-05:00,96.04642541110832,97.32576365462506,95.22880581880169,97.12376403808594,705000,0.0,0.0
2023-01-17 00:00:00-05:00,96.5754806506224,97.45081235295254,95.31537727649878,96.51776123046875,733500,0.0,0.0
2023-01-18 00:00:00-05:00,96.91214926396785,98.31653287885291,96.38309737466173,97.28729248046875,1362300,0.0,0.0
2023-01-19 00:00:00-05:00,97.13340083369255,97.4796807045004,93.79558138173057,94.1418685913086,891500,0.0,0.0
2023-01-20 00:00:00-05:00,94.87289507247722,95.62318877853403,93.8340409771078,94.9979476928711,782400,0.0,0.0
2023-01-23 00:00:00-05:00,95.00756179414073,96.2676650955331,94.74785010413186,96.20994567871094,722400,0.0,0.0
2023-01-24 00:00:00-05:00,96.36385714405878,96.47928864229495,94.5073760786825,95.07489776611328,603000,0.0,0.0
2023-01-25 00:00:00-05:00,94.16109585592072,94.73823871205907,92.08338010606877,94.00719451904297,580100,0.0,0.0
2023-01-26 00:00:00-05:00,94.42081252960864,95.35385633179857,94.37271423498974,95.26728820800781,403600,0.0,0.0
2023-01-27 00:00:00-05:00,95.3057696437584,95.54624645008272,94.70938452211699,95.19033813476562,591600,0.0,0.0
2023-01-30 00:00:00-05:00,95.34423871116212,95.8636694493343,94.61318722720472,95.199951171875,613700,0.0,0.0
2023-01-31 00:00:00-05:00,95.69053070258947,96.65243789472389,95.25766806286731,96.60433959960938,810100,0.0,0.0
2023-02-01 00:00:00-05:00,96.64282569887834,98.15301983653823,95.51739594138283,97.66244506835938,1021900,0.0,0.0
2023-02-02 00:00:00-05:00,98.16263681572673,101.12530553861514,98.16263681572673,100.30768585205078,1351900,0.0,0.0
2023-02-03 00:00:00-05:00,99.51891099382179,100.00948568598604,97.26805182760171,98.20109558105469,836200,0.0,0.0
2023-02-06 00:00:00-05:00,97.9798694120418,98.87444341467558,97.51815072023064,98.19149017333984,544500,0.0,0.0
2023-02-07 00:00:00-05:00,97.66242946077986,100.81748366412775,97.22957418900151,100.78862762451172,796900,0.0,0.0
2023-02-08 00:00:00-05:00,100.47119585936731,100.8367252621828,98.97062309891741,99.30728912353516,599900,0.0,0.0
2023-02-09 00:00:00-05:00,100.00947680454267,100.10566604144451,97.3449901758746,97.6816635131836,631900,0.0,0.0
2023-02-10 00:00:00-05:00,97.15263030411892,97.97024998248874,96.53701026355083,97.07567596435547,670900,0.0,0.0
2023-02-13 00:00:00-05:00,97.38348644703096,98.63396878843035,97.18148680827011,98.42234802246094,590000,0.0,0.0
2023-02-14 00:00:00-05:00,98.25880667825277,101.40423950439127,98.06642086488797,100.93290710449219,1296200,0.0,0.0
2023-02-15 00:00:00-05:00,100.66359203255074,101.37540132043722,99.451586880594,100.34616088867188,874100,0.0,0.0
2023-02-16 00:00:00-05:00,98.89367231912387,103.22225451933673,98.89367231912387,101.14453887939453,1956800,0.0,0.0
2023-02-17 00:00:00-05:00,96.1907219921613,101.95254418463625,95.55585970440359,100.34616088867188,2729600,0.0,0.0
2023-02-21 00:00:00-05:00,100.11531404778142,101.2022666602795,98.99949805157142,100.59626770019531,1095400,0.0,0.0
2023-02-22 00:00:00-05:00,100.09607053134336,102.48160384633134,100.0575933589824,102.37579345703125,892800,0.0,0.0
2023-02-23 00:00:00-05:00,102.06797319350682,102.16416244538952,99.62472803408463,101.20225524902344,1029800,0.0,0.0
2023-02-24 00:00:00-05:00,100.97141401799728,101.2792240713076,99.6055073651059,99.86521911621094,824400,0.0,0.0
2023-02-27 00:00:00-05:00,100.44234269795571,100.6732056975391,98.2491955732973,98.3069076538086,784300,0.0,0.0
2023-02-28 00:00:00-05:00,98.33576874156559,99.10529003927266,97.67205047607422,97.67205047607422,699900,0.0,0.0
2023-03-01 00:00:00-05:00,97.46043406523522,98.15300840108779,96.72938256197202,97.99909973144531,681400,0.0,0.0
2023-03-02 00:00:00-05:00,97.99910441567683,100.55778113001482,97.62396118895353,99.9517822265625,729200,0.0,0.0
2023-03-03 00:00:00-05:00,100.63473759938867,100.63473759938867,99.51892168382733,99.77864074707031,549200,0.0,0.0
2023-03-06 00:00:00-05:00,99.74976195458079,101.09643334370506,99.24957349855853,100.8655776977539,836600,0.0,0.0
2023-03-07 00:00:00-05:00,101.13632989738434,102.52878201581262,100.78822424524155,101.06864166259766,901600,0.55,0.0
2023-03-08 00:00:00-05:00,101.14600890884262,101.32006543596015,99.85026050055144,100.96228790283203,505600,0.0,0.0
2023-03-09 00:00:00-05:00,101.38775306634963,101.82289807026129,98.83492893560772,98.93162536621094,679400,0.0,0.0
2023-03-10 00:00:00-05:00,99.00898030185259,100.88492194314296,97.86794477428387,98.2547378540039,769700,0.0,0.0
2023-03-13 00:00:00-04:00,97.152388130164,100.57549491575026,96.44649016452806,99.34742736816406,896800,0.0,0.0
2023-03-14 00:00:00-04:00,101.25237200523317,102.27736740267167,99.85025538128563,101.14600372314453,956200,0.0,0.0
2023-03-15 00:00:00-04:00,99.70521117503628,101.40709638134629,99.35709812425776,101.23303985595703,1081200,0.0,0.0
2023-03-16 00:00:00-04:00,100.77856306702607,104.59812756424763,100.52714643512472,104.45307922363281,932100,0.0,0.0
2023-03-17 00:00:00-04:00,103.82454172476933,103.82454172476933,100.6431798118437,101.84223175048828,1391500,0.0,0.0
2023-03-20 00:00:00-04:00,102.49978315058898,104.19199655166003,102.11299004056546,102.7608642578125,770800,0.0,0.0
2023-03-21 00:00:00-04:00,103.8922329024449,104.44341067332495,102.50945254708414,102.8865737915039,728500,0.0,0.0
2023-03-22 00:00:00-04:00,102.88658957313537,104.82054799602338,102.72220487778169,102.75121307373047,712100,0.0,0.0
2023-03-23 00:00:00-04:00,103.11865730533182,103.55379497749816,100.21771981764815,101.45545196533203,830600,0.0,0.0
2023-03-24 00:00:00-04:00,101.02029862344776,101.86156564280533,99.9276076176679,100.66251373291016,774600,0.0,0.0
2023-03-27 00:00:00-04:00,101.46511746142605,101.87124691364828,100.62384298685278,101.11700439453125,401200,0.0,0.0
2023-03-28 00:00:00-04:00,101.30071538209629,102.86721653654635,101.30071538209629,102.72217559814453,510500,0.0,0.0
2023-03-29 00:00:00-04:00,103.20568414764273,104.67548915575432,102.80921916947229,104.35638427734375,859100,0.0,0.0
2023-03-30 00:00:00-04:00,104.47242881073979,105.0332784913348,103.87289907864178,104.68516540527344,716100,0.0,0.0
2023-03-31 00:00:00-04:00,105.18797871319234,105.6908119450015,104.27901605547434,104.49175262451172,817800,0.0,0.0
2023-04-03 00:00:00-04:00,104.2209993858132,105.93255641199933,103.86322186384352,105.48773956298828,688100,0.0,0.0
2023-04-04 00:00:00-04:00,105.71014750358873,107.04457591211961,104.78184851798493,105.38137817382812,782800,0.0,0.0
2023-04-05 00:00:00-04:00,104.95590992859307,105.67147238005823,103.7471860820469,105.50708770751953,594900,0.0,0.0
2023-04-06 00:00:00-04:00,105.7584915385466,106.54174213556148,104.67547244717835,106.37735748291016,706200,0.0,0.0
2023-04-10 00:00:00-04:00,105.49741572186949,107.77948693155133,105.49741572186949,107.05425262451172,832600,0.0,0.0
2023-04-11 00:00:00-04:00,107.05424545917026,109.23962009046856,107.05424545917026,108.77546691894531,555900,0.0,0.0
2023-04-12 00:00:00-04:00,109.39433467616767,109.46202291296376,107.25731191164603,107.37335205078125,536700,0.0,0.0
2023-04-13 00:00:00-04:00,108.16626934081975,108.16626934081975,106.59976073664006,106.93820190429688,549500,0.0,0.0
2023-04-14 00:00:00-04:00,106.88987519780679,108.59176055271384,105.81652776043309,106.26133728027344,837700,0.0,0.0
2023-04-17 00:00:00-04:00,104.91721837099432,105.61344441062467,102.95425223993126,105.35235595703125,1285700,0.0,0.0
2023-04-18 00:00:00-04:00,105.9422221459019,106.58043185881199,104.54977733335521,105.14929962158203,723100,0.0,0.0
2023-04-19 00:00:00-04:00,104.99458532112008,106.39670196995252,104.75284056253072,105.62312316894531,633200,0.0,0.0
2023-04-20 00:00:00-04:00,105.61345057766029,106.20330837470905,105.1396329198138,105.51675415039062,509800,0.0,0.0
2023-04-21 00:00:00-04:00,105.87453311252578,107.09292876963565,105.74882849310782,106.34835815429688,696400,0.0,0.0
2023-04-24 00:00:00-04:00,106.29032497656497,106.39669325182565,103.63113284997581,104.65613555908203,962200,0.0,0.0
2023-04-25 00:00:00-04:00,104.16299017300476,105.062281034044,103.46676403833371,104.38539123535156,821300,0.0,0.0
2023-04-26 00:00:00-04:00,104.2596809335135,105.44906841175519,104.2596809335135,104.77217864990234,711000,0.0,0.0
2023-04-27 00:00:00-04:00,105.26533579915052,106.93820535793664,104.77217443751556,106.60943603515625,1127000,0.0,0.0
2023-04-28 00:00:00-04:00,108.29198068506453,108.75613387061107,106.08726965301382,106.96722412109375,680000,0.0,0.0
2023-05-01 00:00:00-04:00,106.79317285528656,109.3363252012149,106.60944446775062,108.50472259521484,1121300,0.0,0.0
2023-05-02 00:00:00-04:00,107.91485472624852,109.81013267747085,107.04457215235453,109.55872344970703,1103300,0.0,0.0
2023-05-03 00:00:00-04:00,109.52005874641483,109.55873879705791,108.39835941016138,108.93987274169922,1126300,0.0,0.0
2023-05-04 00:00:00-04:00,108.99788351705533,109.29764467227405,107.44104660178695,108.3306655883789,1374900,0.0,0.0
2023-05-05 00:00:00-04:00,106.13561392468976,107.14127293984478,103.75684654127974,104.73348999023438,2227100,0.0,0.0
2023-05-08 00:00:00-04:00,104.3950574458211,106.76416054691306,103.95991982391884,104.15331268310547,785700,0.0,0.0
2023-05-09 00:00:00-04:00,104.40472560780667,105.51675295244398,103.80519596159813,103.99859619140625,809100,0.0,0.0
2023-05-10 00:00:00-04:00,104.43373382851863,105.68113764565499,100.87525075111496,102.38373565673828,1418100,0.0,0.0
2023-05-11 00:00:00-04:00,101.87124425227766,102.10331716498963,100.1693590116385,100.31440734863281,1539200,0.0,0.0
2023-05-12 00:00:00-04:00,100.89459050151338,102.10331431360243,100.13068354444202,102.05496978759766,957600,0.0,0.0
2023-05-15 00:00:00-04:00,102.15167137166047,104.68515926552656,101.53280533883999,104.52076721191406,1001700,0.0,0.0
2023-05-16 00:00:00-04:00,104.15329929072668,106.55141027459305,103.24433673900465,106.15494537353516,1089200,0.0,0.0
2023-05-17 00:00:00-04:00,106.78349846147269,110.88348763208995,106.18396878518193,110.17759704589844,1563100,0.0,0.0
2023-05-18 00:00:00-04:00,110.1002368182709,112.86579753153404,109.97453219583704,112.03419494628906,1383200,0.0,0.0
2023-05-19 00:00:00-04:00,112.36296444426486,112.41131634851895,108.9978814281798,109.8681640625,2123200,0.0,0.0
2023-05-22 00:00:00-04:00,109.96485235648771,110.46767818718473,108.24363092789987,108.388671875,742800,0.0,0.0
2023-05-23 00:00:00-04:00,108.38867286931394,108.76580146762663,106.41604219601359,107.18962097167969,883300,0.0,0.0
2023-05-24 00:00:00-04:00,107.00590749790167,108.58208072715306,106.52241796258303,108.42736053466797,879000,0.0,0.0
2023-05-25 00:00:00-04:00,108.65943615711144,108.65943615711144,106.7061343869267,107.92453002929688,1064000,0.0,0.0
2023-05-26 00:00:00-04:00,108.04058113532228,109.05590479247063,106.90920994954949,106.97689819335938,699900,0.0,0.0
2023-05-30 00:00:00-04:00,106.95755844526191,107.52807257096676,104.15331759014963,104.27902221679688,848900,0.0,0.0
2023-05-31 00:00:00-04:00,104.60779672305713,105.19765454953696,103.1476562527985,104.33704376220703,1255700,0.0,0.0
2023-06-01 00:00:00-04:00,105.01391456476998,106.06792547733016,104.54009693561895,105.79717254638672,758000,0.0,0.0
2023-06-02 00:00:00-04:00,106.27100671983816,108.27265320231729,105.53610052324979,107.86652374267578,763000,0.0,0.0
2023-06-05 00:00:00-04:00,107.08326397860066,107.53774533816083,105.91322014732077,107.41204071044922,643500,0.0,0.0
2023-06-06 00:00:00-04:00,106.81924894182316,107.85906485951843,105.79887299315538,107.3537368774414,854200,0.55,0.0
2023-06-07 00:00:00-04:00,107.74243789902452,109.67629932181582,106.7123347123175,107.81046295166016,934500,0.0,0.0
2023-06-08 00:00:00-04:00,107.23709838932179,108.17973652054657,106.6443054905964,106.8775405883789,698800,0.0,0.0
2023-06-09 00:00:00-04:00,106.87754732012036,107.07190249967297,104.92424588466471,105.01170349121094,952600,0.0,0.0
2023-06-12 00:00:00-04:00,105.23521915982262,107.4994933426726,105.10888903388341,106.88726043701172,800100,0.0,0.0
2023-06-13 00:00:00-04:00,106.92612924014487,107.93679245506141,106.58600397891686,107.83961486816406,856300,0.0,0.0
2023-06-14 00:00:00-04:00,108.00482452739668,108.83084519097565,106.5762909232127,107.8687744140625,679500,0.0,0.0
2023-06-15 00:00:00-04:00,108.24777145821193,108.70451429870502,106.89698290374407,107.52864837646484,772500,0.0,0.0
2023-06-16 00:00:00-04:00,108.45184459890173,108.4615645822257,105.96406268855917,106.86782836914062,1383100,0.0,0.0
2023-06-20 00:00:00-04:00,106.82896244193553,107.60639804397697,104.9145333886032,105.02143096923828,1092900,0.0,0.0
2023-06-21 00:00:00-04:00,104.73960969368102,106.68319126502912,104.72017714020467,106.21673583984375,1163600,0.0,0.0
2023-06-22 00:00:00-04:00,105.73083598485385,107.21767463791812,104.14681232598342,105.67252349853516,1241500,0.0,0.0
2023-06-23 00:00:00-04:00,105.50731948045639,108.38381915757856,105.16719420707918,105.74054718017578,9579900,0.0,0.0
2023-06-26 00:00:00-04:00,105.81829559632884,106.2361659210111,103.80668901336432,104.4383544921875,1084900,0.0,0.0
2023-06-27 00:00:00-04:00,104.85621924747399,106.78036070419216,104.85621924747399,106.23616027832031,744500,0.0,0.0
2023-06-28 00:00:00-04:00,106.19729053143128,107.25654628991619,105.62393755552219,107.23710632324219,1159000,0.0,0.0
2023-06-29 00:00:00-04:00,107.30513311108359,108.93774187184201,106.83867770182408,108.2963638305664,877900,0.0,0.0
2023-06-30 00:00:00-04:00,108.84054782695435,110.06500606597629,108.30606002820599,109.1126480102539,1109600,0.0,0.0
2023-07-03 00:00:00-04:00,109.1515320618394,110.49260057021694,109.05435447384244,110.06501770019531,539100,0.0,0.0
2023-07-05 00:00:00-04:00,109.81235593651613,110.0358710736682,107.07190628847273,107.11077880859375,978300,0.0,0.0
2023-07-06 00:00:00-04:00,106.48882436855232,107.84933280178701,105.97377649502602,107.17879486083984,783400,0.0,0.0
2023-07-07 00:00:00-04:00,107.3731652945967,107.91737319375727,106.39166190763095,107.55780792236328,1146700,0.0,0.0
2023-07-10 00:00:00-04:00,107.65496536907541,110.22049205258082,107.49948272283147,109.71516418457031,908100,0.0,0.0
2023-07-11 00:00:00-04:00,110.22050997257041,111.02709811023503,109.67630950097758,110.72584533691406,701400,0.0,0.0
2023-07-12 00:00:00-04:00,111.27003981387249,112.08634047728381,110.71611938822195,111.7753677368164,753400,0.0,0.0
2023-07-13 00:00:00-04:00,112.329299428499,112.329299428499,110.59951292277472,110.84246063232422,805600,0.0,0.0
2023-07-14 00:00:00-04:00,111.25060421104955,112.48477515570463,110.70639636952134,110.79386138916016,805200,0.0,0.0
2023-07-17 00:00:00-04:00,110.92991938623987,112.79575591060073,110.92991938623987,111.53242492675781,883400,0.0,0.0
2023-07-18 00:00:00-04:00,112.09606553581692,113.70924179727353,111.16314727217677,113.04842376708984,740500,0.0,0.0
2023-07-19 00:00:00-04:00,113.85500101925042,114.82679171112859,113.21361560380703,113.9618911743164,810800,0.0,0.0
2023-07-20 00:00:00-04:00,114.14654141805221,114.22428645800778,112.79575285906824,112.82490539550781,501000,0.0,0.0
2023-07-21 00:00:00-04:00,113.86471780116831,114.18541052075624,112.32928667178511,112.6111068725586,675600,0.0,0.0
2023-07-24 00:00:00-04:00,112.43618263663829,113.56346342360706,110.28852604854237,110.41486358642578,1117800,0.0,0.0
2023-07-25 00:00:00-04:00,110.06501917796248,110.86188727291619,109.06407592122274,109.22927856445312,1462700,0.0,0.0
2023-07-26 00:00:00-04:00,110.15246638611848,110.44400654067816,109.03490567920517,109.74431610107422,914600,0.0,0.0
2023-07-27 00:00:00-04:00,110.18162514534964,111.31862588104758,108.62676153290211,109.05435180664062,2106800,0.0,0.0
2023-07-28 00:00:00-04:00,109.81235246368676,111.05624341152073,105.76969946905153,106.51798248291016,2173200,0.0,0.0
2023-07-31 00:00:00-04:00,106.51798288199606,108.4518443655092,105.92518994148313,108.40325927734375,1152300,0.0,0.0
2023-08-01 00:00:00-04:00,108.4129603692987,108.47127284876885,106.59571663528058,107.44116973876953,974600,0.0,0.0
2023-08-02 00:00:00-04:00,106.8969806845599,109.15153488970364,106.88726070125598,108.78225708007812,999400,0.0,0.0
2023-08-03 00:00:00-04:00,108.0922909299567,109.2681568754435,107.61610811303814,107.80075073242188,692000,0.0,0.0
2023-08-04 00:00:00-04:00,107.9562228603933,108.7142258171411,105.92518390217371,106.04180145263672,763100,0.0,0.0
2023-08-07 00:00:00-04:00,106.22644366830349,106.93585417241965,105.89603837472539,106.44995880126953,780900,0.0,0.0
2023-08-08 00:00:00-04:00,106.41108980045951,106.68319003103282,105.38099395209615,105.51704406738281,576900,0.0,0.0
2023-08-09 00:00:00-04:00,105.52675265096778,106.00293545065995,105.03114471293297,105.71139526367188,492200,0.0,0.0
2023-08-10 00:00:00-04:00,105.82801910887558,106.84839499560765,104.79791582404437,105.02143096923828,553200,0.0,0.0
2023-08-11 00:00:00-04:00,104.66186694443208,105.14776234791445,103.69979612150613,104.96312713623047,654700,0.0,0.0
2023-08-14 00:00:00-04:00,104.86595339170329,104.95341100873955,102.62111150348797,104.01077270507812,847600,0.0,0.0
2023-08-15 00:00:00-04:00,103.98161129956979,104.12738139637618,103.17502318952624,103.69007110595703,554500,0.0,0.0
2023-08-16 00:00:00-04:00,103.41797476062538,103.96218264818097,102.33928638362148,102.74744415283203,845100,0.0,0.0
2023-08-17 00:00:00-04:00,102.74744893489087,102.87377907518366,101.29947524283725,101.36750030517578,1028100,0.0,0.0
2023-08-18 00:00:00-04:00,101.105120356878,102.34901145163629,100.93019770829164,101.73678588867188,751100,0.0,0.0
2023-08-21 00:00:00-04:00,101.87283362148749,102.1157813269203,100.21107220602815,100.33740234375,984400,0.0,0.0
2023-08-22 00:00:00-04:00,100.04584826062698,101.83394698007143,99.94867067476224,101.79507446289062,1053300,0.0,0.0
2023-08-23 00:00:00-04:00,101.90197458235238,103.71922588162731,101.29946167222987,103.1944580078125,807600,0.0,0.0
2023-08-24 00:00:00-04:00,103.03897661877924,103.73866717616524,101.83395811115636,101.99916076660156,1028500,0.0,0.0
2023-08-25 00:00:00-04:00,102.87376854412473,102.99038610227096,101.14398220958445,101.5035400390625,693100,0.0,0.0
2023-08-28 00:00:00-04:00,101.38692821696931,101.57156341325947,100.37626497228827,100.45401000976562,1156500,0.0,0.0
2023-08-29 00:00:00-04:00,100.27908610099695,102.4753277753536,100.25964613478862,102.41702270507812,760700,0.0,0.0
2023-08-30 00:00:00-04:00,102.41702394305055,103.0486893973109,102.1740762617331,102.35871887207031,512700,0.0,0.0
2023-08-31 00:00:00-04:00,102.54335506536455,102.81546269899295,101.09538894660147,101.16341400146484,701000,0.0,0.0
2023-09-01 00:00:00-04:00,101.66874434268391,102.0477421174786,100.32766844955694,101.79507446289062,1044600,0.0,0.0
2023-09-05 00:00:00-04:00,101.8146077646629,101.94160468667603,99.89007409327054,100.1147689819336,892700,0.55,0.0
2023-09-06 00:00:00-04:00,100.22223530511852,100.95492542269362,98.69824224562127,98.73731994628906,860300,0.0,0.0
2023-09-07 00:00:00-04:00,98.70800926472046,100.51530998590643,98.22932049553594,100.23200225830078,1050700,0.0,0.0
2023-09-08 00:00:00-04:00,100.03662355161606,100.36877282071443,98.60054975723502,98.72754669189453,656600,0.0,0.0
2023-09-11 00:00:00-04:00,98.47355037653709,98.903390158028,97.80924440153225,98.17070007324219,558100,0.0,0.0
2023-09-12 00:00:00-04:00,98.04370551790466,98.91316384332445,97.75062649556374,98.57124328613281,629700,0.0,0.0
2023-09-13 00:00:00-04:00,99.09877859216279,99.59700248313072,97.88739228634019,98.13162231445312,763600,0.0,0.0
2023-09-14 00:00:00-04:00,98.48331570494834,99.9389320618488,98.43447417054057,99.61654663085938,607000,0.0,0.0
2023-09-15 00:00:00-04:00,99.57746442931483,99.69469752254955,98.151162001515,98.89362335205078,1638100,0.0,0.0
2023-09-18 00:00:00-04:00,98.66892540305828,99.3723090341045,97.60408612233614,97.86785125732422,1130000,0.0,0.0
2023-09-19 00:00:00-04:00,97.46732168392279,97.7897071275022,96.83232953866013,97.6920166015625,718700,0.0,0.0
2023-09-20 00:00:00-04:00,98.47354969994166,98.99131616377004,97.3403187990042,97.38916778564453,811600,0.0,0.0
2023-09-21 00:00:00-04:00,96.78346832675861,97.06677603352281,94.89801234632043,94.9859390258789,938900,0.0,0.0
2023-09-22 00:00:00-04:00,94.83940362576905,94.88824515802617,93.21771270733436,93.41310119628906,929000,0.0,0.0
2023-09-25 00:00:00-04:00,93.17864018882807,94.02856339307888,92.8660260424328,92.9734878540039,777700,0.0,0.0
2023-09-26 00:00:00-04:00,92.57295405962678,93.5987157291708,91.80118625874559,92.46549224853516,723100,0.0,0.0
2023-09-27 00:00:00-04:00,92.57295866431825,93.68664707711034,90.79496422869322,91.24434661865234,1126400,0.0,0.0
2023-09-28 00:00:00-04:00,91.63510494993395,93.62801532083013,91.42994517765983,93.36425018310547,698900,0.0,0.0
2023-09-29 00:00:00-04:00,95.99217001236386,97.02770292143249,93.85271263283417,93.88201904296875,1097600,0.0,0.0
2023-10-02 00:00:00-04:00,93.62802763531033,94.51702858772926,93.39356887612792,94.24349212646484,731500,0.0,0.0
2023-10-03 00:00:00-04:00,94.14578311650598,94.56585901478695,92.84647772725225,93.1395492553711,1090700,0.0,0.0
2023-10-04 00:00:00-04:00,93.3642536843951,95.22040336556437,93.3642536843951,94.93709564208984,985900,0.0,0.0
2023-10-05 00:00:00-04:00,94.93710338587206,95.84563945135984,94.58541152482456,95.0152587890625,844500,0.0,0.0
2023-10-06 00:00:00-04:00,94.28256694217552,95.2008668264061,92.06495400009707,93.25679779052734,900700,0.0,0.0
2023-10-09 00:00:00-04:00,92.80741598107707,94.10672159360641,92.26034307193183,93.76480102539062,879400,0.0,0.0
2023-10-10 00:00:00-04:00,94.21418374809157,94.82964077309917,93.88202701397756,94.23371887207031,619100,0.0,0.0
2023-10-11 00:00:00-04:00,94.07740613772532,94.55609488721257,91.61556337660214,92.4361801147461,658800,0.0,0.0
2023-10-12 00:00:00-04:00,92.524109902875,92.524109902875,88.95834973403716,89.45658111572266,971000,0.0,0.0
2023-10-13 00:00:00-04:00,89.19280705765684,90.59956691678825,88.99741856797971,90.1111068725586,578900,0.0,0.0
2023-10-16 00:00:00-04:00,90.83404104863125,92.7390324064115,90.81449847129998,92.32872772216797,1058700,0.0,0.0
2023-10-17 00:00:00-04:00,92.43618105796266,94.02855811215132,92.43618105796266,93.49124908447266,1140400,0.0,0.0
2023-10-18 00:00:00-04:00,93.58895260726442,94.52679504941119,92.92464661241347,93.28610229492188,730000,0.0,0.0
2023-10-19 00:00:00-04:00,93.91132974212182,95.89448387373666,93.3740281407283,94.25325775146484,889700,0.0,0.0
2023-10-20 00:00:00-04:00,94.00904077889332,94.85895664292748,93.5889647650303,93.96996307373047,904600,0.0,0.0
2023-10-23 00:00:00-04:00,93.48148746076583,94.80032811507431,93.1591020365345,93.7745590209961,1162200,0.0,0.0
2023-10-24 00:00:00-04:00,94.7124053412829,95.26924952735772,93.26656769649288,93.87225341796875,1611500,0.0,0.0
2023-10-25 00:00:00-04:00,94.32164180354896,94.88824981606034,93.74525504947385,94.21417999267578,1163500,0.0,0.0
2023-10-26 00:00:00-04:00,94.56587581093108,94.94687408247157,91.62534400068711,92.44595336914062,1846100,0.0,0.0
2023-10-27 00:00:00-04:00,93.00280776854052,98.46379601497344,92.56319662342094,95.45487976074219,2738800,0.0,0.0
2023-10-30 00:00:00-04:00,95.99217242427433,98.75685068052782,95.91401702641251,96.22663116455078,1683100,0.0,0.0
2023-10-31 00:00:00-04:00,96.49039919927816,99.47000861535064,95.91401989276763,99.19647216796875,1132300,0.0,0.0
2023-11-01 00:00:00-04:00,99.89008407961441,100.75954240590085,98.87408624201144,100.6325454711914,871100,0.0,0.0
2023-11-02 00:00:00-04:00,101.09169269202819,102.06861276752656,99.52861460858382,100.05615234375,932100,0.0,0.0
2023-11-03 00:00:00-04:00,100.60323828324728,102.26399952319423,100.41762107345814,101.87322998046875,716500,0.0,0.0
2023-11-06 00:00:00-05:00,101.45314776498887,101.85368857122235,100.47622769512223,101.37499237060547,695700,0.0,0.0
2023-11-07 00:00:00-05:00,101.6973811179086,101.6973811179086,100.16361685604619,100.88653564453125,682700,0.0,0.0
2023-11-08 00:00:00-05:00,101.609458350378,102.13699608144712,100.74976392049857,101.02330780029297,753900,0.0,0.0
2023-11-09 00:00:00-05:00,100.97446387598342,101.01354157505531,99.38208676867599,100.50553894042969,720100,0.0,0.0
2023-11-10 00:00:00-05:00,100.62277906199529,101.85370058210754,100.21247437306106,101.78531646728516,703600,0.0,0.0
2023-11-13 00:00:00-05:00,101.66807492276205,105.00913988956951,100.88653585825682,104.81375885009766,1397700,0.0,0.0
2023-11-14 00:00:00-05:00,104.92121584256947,108.23297424679797,104.76490505551855,107.58820343017578,1046200,0.0,0.0
2023-11-15 00:00:00-05:00,107.88129419272302,108.20367963618733,107.24629459437769,107.84221649169922,727400,0.0,0.0
2023-11-16 00:00:00-05:00,107.78360158543602,108.64328863143028,107.21698611149677,107.6370620727539,513700,0.0,0.0
2023-11-17 00:00:00-05:00,107.94967674589722,108.30136859671873,107.343983568747,108.22321319580078,547900,0.0,0.0
2023-11-20 00:00:00-05:00,108.340439514296,108.42835874484237,106.6112867804626,107.17790222167969,774300,0.0,0.0
2023-11-21 00:00:00-05:00,107.42214069476341,108.40883215059739,107.32445016870179,107.9594497680664,480700,0.0,0.0
2023-11-22 00:00:00-05:00,108.27205383553782,109.79604676937211,108.13528562113261,109.34666442871094,815400,0.0,0.0
2023-11-24 00:00:00-05:00,109.41505681090634,110.05005639913148,108.84844133505564,110.01097869873047,376300,0.0,0.0
2023-11-27 00:00:00-05:00,109.88397819191368,110.86089831026767,109.50297248871134,110.22589874267578,696900,0.0,0.0
2023-11-28 00:00:00-05:00,110.19659544393149,110.4603606038806,109.09267090889561,109.46390533447266,682700,0.0,0.0
2023-11-29 00:00:00-05:00,109.75696485819213,110.45057719127787,108.3208912087619,109.05358123779297,719000,0.0,0.0
2023-11-30 00:00:00-05:00,109.0535916645497,110.00120538522847,108.32090156546516,109.96212768554688,736100,0.0,0.0
2023-12-01 00:00:00-05:00,109.58113310115594,111.97459197699624,109.00475378148964,111.84758758544922,745300,0.0,0.0
2023-12-04 00:00:00-05:00,111.60334998658031,113.51811248560126,111.35911996190964,111.7694320678711,1323000,0.0,0.0
2023-12-05 00:00:00-05:00,111.74980725492524,112.09338697966298,110.86633793220827,111.11174774169922,1122500,0.55,0.0
2023-12-06 00:00:00-05:00,111.37677575092528,112.28970044926533,111.09209950205448,112.08355712890625,680000,0.0,0.0
2023-12-07 00:00:00-05:00,112.52528900999411,113.08482300574138,111.62218282200064,112.47621154785156,663400,0.0,0.0
2023-12-08 00:00:00-05:00,112.10319151761641,112.65291455192053,110.79761709826155,111.43567657470703,1311600,0.0,0.0
2023-12-11 00:00:00-05:00,111.90687303096063,113.1142925879082,111.72035917932885,112.75108337402344,1265600,0.0,0.0
2023-12-12 00:00:00-05:00,113.05536963449252,113.5363781699909,112.63326453579069,113.11427307128906,675100,0.0,0.0
2023-12-13 00:00:00-05:00,113.56584128192875,114.58674694718412,112.63327954967674,114.15482330322266,595700,0.0,0.0
2023-12-14 00:00:00-05:00,114.73398585684573,114.92049969956773,111.77925728658647,113.24189758300781,1358400,0.0,0.0
2023-12-15 00:00:00-05:00,112.84923501029878,114.1646353567078,112.23080504619826,113.87995910644531,1290900,0.0,0.0
2023-12-18 00:00:00-05:00,114.01738951424906,115.6272771316075,113.42840751826883,115.54874420166016,780100,0.0,0.0
2023-12-19 00:00:00-05:00,115.62727958686186,117.64945389541451,115.56838363280696,117.53166198730469,1024700,0.0,0.0
2023-12-20 00:00:00-05:00,117.26661140053201,117.53165816378178,115.93158156375955,116.11809539794922,612100,0.0,0.0
2023-12-21 00:00:00-05:00,116.9034015012133,117.56110541640389,116.48130386106547,117.29605865478516,472200,0.0,0.0
2023-12-22 00:00:00-05:00,117.61999902889464,119.4164004154724,116.80523676206708,118.88631439208984,851500,0.0,0.0
2023-12-26 00:00:00-05:00,118.98448079928488,121.03611052285713,118.38568031699673,120.898681640625,955500,0.0,0.0
2023-12-27 00:00:00-05:00,120.87904529638814,121.74288505912855,120.39804420605753,121.36004638671875,1040700,0.0,0.0
2023-12-28 00:00:00-05:00,121.59564586381131,121.70362677092793,120.19190156060797,120.32933044433594,663200,0.0,0.0
2023-12-29 00:00:00-05:00,119.96612657165232,121.03611720157247,119.37714454539883,119.98576354980469,595600,0.0,0.0
2024-01-02 00:00:00-05:00,119.11209490688674,120.17226702228696,116.57947150584747,117.09973907470703,1003300,0.0,0.0
2024-01-03 00:00:00-05:00,117.09973509672425,117.09973509672425,114.27261704100931,114.3413314819336,1152700,0.0,0.0
2024-01-04 00:00:00-05:00,114.44930246074148,116.29478881650999,114.09591926445172,115.78433227539062,1722500,0.0,0.0
2024-01-05 00:00:00-05:00,116.32423926296568,118.10100372770191,115.53892494732199,116.12791442871094,1005100,0.0,0.0
2024-01-08 00:00:00-05:00,116.12791476293074,118.28751790319778,116.03956334474317,118.0715560913086,1090200,0.0,0.0
2024-01-09 00:00:00-05:00,117.34514177117555,117.92430525941387,116.56964596456748,117.8555908203125,415200,0.0,0.0
2024-01-10 00:00:00-05:00,118.05193369013014,118.25807702585927,117.22735285790081,118.0617446899414,589900,0.0,0.0
2024-01-11 00:00:00-05:00,118.0224857004683,118.24825852511059,115.36223684656092,116.56965637207031,1100800,0.0,0.0
2024-01-12 00:00:00-05:00,116.64818173015412,117.0408388871354,114.15481739603223,114.63581848144531,816900,0.0,0.0
2024-01-16 00:00:00-05:00,114.40022494580705,115.98066454199865,113.35968986607054,115.93157958984375,919100,0.0,0.0
2024-01-17 00:00:00-05:00,115.2051737005585,116.45185215235367,114.97939339594501,116.02974700927734,700800,0.0,0.0
2024-01-18 00:00:00-05:00,116.67762928740754,117.27642976455891,115.81378953659993,117.15863037109375,633000,0.0,0.0
2024-01-19 00:00:00-05:00,117.77706969094228,117.77706969094228,116.42240285722565,116.5990982055664,614400,0.0,0.0
2024-01-22 00:00:00-05:00,117.48257151604876,119.88758439165046,117.3255056601943,119.21025848388672,916300,0.0,0.0
2024-01-23 00:00:00-05:00,119.9366716772655,120.68271952846388,119.0630134326869,119.5538330078125,496000,0.0,0.0
2024-01-24 00:00:00-05:00,120.33914178736647,121.29133297685289,119.55383494800846,120.48638916015625,563100,0.0,0.0
2024-01-25 00:00:00-05:00,121.2324257143786,121.55636840643484,120.1722537163646,120.712158203125,757000,0.0,0.0
2024-01-26 00:00:00-05:00,121.23243343086145,121.4876617035128,119.91704058202806,120.5649185180664,456900,0.0,0.0
2024-01-29 00:00:00-05:00,120.96739588643543,124.0988196857401,120.74161558638295,123.873046875,1191300,0.0,0.0
2024-01-30 00:00:00-05:00,123.92211840182738,124.54055583055634,123.54909823842998,124.50128936767578,490400,0.0,0.0
2024-01-31 00:00:00-05:00,124.63873113593195,125.3455125622688,123.2742532392644,123.41168212890625,746800,0.0,0.0
2024-02-01 00:00:00-05:00,124.06936676945921,126.34677669909247,123.98102284424692,126.30750274658203,688700,0.0,0.0
2024-02-02 00:00:00-05:00,126.41549177401454,128.41804407929496,124.80560412595827,128.10391235351562,514600,0.0,0.0
2024-02-05 00:00:00-05:00,127.11245569856663,127.15171467297502,124.59945444563643,126.18971252441406,515700,0.0,0.0
2024-02-06 00:00:00-05:00,126.46457127702018,127.46584738649865,125.88540778353365,126.80813598632812,441100,0.0,0.0
2024-02-07 00:00:00-05:00,127.90758681291686,130.70524945950237,127.6523510424643,130.1751708984375,901700,0.0,0.0
2024-02-08 00:00:00-05:00,130.64634595988417,133.11026971993894,130.64634595988417,133.00228881835938,807700,0.0,0.0
2024-02-09 00:00:00-05:00,132.90411095661625,133.52254835395715,131.59852921702057,132.2562255859375,741500,0.0,0.0
2024-02-12 00:00:00-05:00,132.10899114670153,132.7274285694498,130.78377237756206,131.47091674804688,1060400,0.0,0.0
2024-02-13 00:00:00-05:00,129.76286895134936,131.0880726871419,128.60452707868717,130.4696502685547,782400,0.0,0.0
2024-02-14 00:00:00-05:00,130.45003176973105,130.72488954550442,127.76033498837694,129.9395751953125,783500,0.0,0.0
2024-02-15 00:00:00-05:00,129.9395602874736,132.80594460498511,129.85121636510178,131.43165588378906,1319800,0.0,0.0
2024-02-16 00:00:00-05:00,149.1011685423141,149.74905397030906,142.7794100770595,144.98809814453125,2888900,0.0,0.0
2024-02-20 00:00:00-05:00,144.01629032488108,146.59799117629944,143.87886143917297,144.49728393554688,1257800,0.0,0.0
2024-02-21 00:00:00-05:00,144.76234704288822,145.04701584589745,142.16100892036198,143.02484130859375,1071200,0.0,0.0
2024-02-22 00:00:00-05:00,145.478923595605,146.7354205487111,143.8199509835098,146.29368591308594,697900,0.0,0.0
2024-02-23 00:00:00-05:00,145.586897905829,146.6470699704516,145.3807620752389,146.1660614013672,932700,0.0,0.0
2024-02-26 00:00:00-05:00,146.29370323258664,148.04101998294414,145.87160552462055,147.5305633544922,1066700,0.0,0.0
2024-02-27 00:00:00-05:00,148.22751836294634,148.22751836294634,146.04827815296267,146.93174743652344,822800,0.0,0.0
2024-02-28 00:00:00-05:00,146.8630362007478,147.08880901487646,144.67398505493543,145.05682373046875,1070400,0.0,0.0
2024-02-29 00:00:00-05:00,145.87157483242305,146.9710058205682,144.63469999213592,146.62742614746094,898300,0.0,0.0
2024-03-01 00:00:00-05:00,146.3329581466068,146.9710176151552,145.38076695416532,146.8532257080078,419600,0.0,0.0
2024-03-04 00:00:00-05:00,147.15753334537905,149.16007068574947,146.40166698134271,146.89248657226562,568000,0.0,0.0
2024-03-05 00:00:00-05:00,146.9906760369637,149.27789743238247,146.67654426724206,148.76744079589844,492900,0.0,0.0
2024-03-06 00:00:00-05:00,148.78705588776987,149.66071414816992,147.89376064999422,148.63980102539062,547400,0.0,0.0
2024-03-07 00:00:00-05:00,148.81652341559976,148.87541937683903,146.97103674409215,147.5305633544922,615800,0.0,0.0
2024-03-08 00:00:00-05:00,147.84467443738762,148.34530501651554,144.81141302887025,145.635986328125,616900,0.0,0.0
2024-03-11 00:00:00-04:00,145.62618505068966,146.0188347493215,144.30096610521184,145.52801513671875,603500,0.0,0.0
2024-03-12 00:00:00-04:00,146.03071363502607,148.74137498528518,146.03071363502607,148.52452087402344,859000,0.61,0.0
2024-03-13 00:00:00-04:00,150.47620747977027,154.87239890812742,150.44663783199528,152.38845825195312,1419500,0.0,0.0
2024-03-14 00:00:00-04:00,151.98431011958908,152.34901244621838,149.69749056539797,150.74232482910156,750800,0.0,0.0
2024-03-15 00:00:00-04:00,150.20018753160727,151.50129692532494,149.47076792085755,150.08189392089844,927100,0.0,0.0
2024-03-18 00:00:00-04:00,150.0819130990651,151.31403183111595,149.37221150616287,149.8256378173828,545600,0.0,0.0
2024-03-19 00:00:00-04:00,150.14106156831951,151.75760068001415,149.549638583829,151.47174072265625,576200,0.0,0.0
2024-03-20 00:00:00-04:00,152.0434418420298,152.97984901058842,151.2450313610429,152.28001403808594,455600,0.0,0.0
2024-03-21 00:00:00-04:00,151.03803061206185,153.99511541575706,149.9636267431086,151.28445434570312,810000,0.0,0.0
2024-03-22 00:00:00-04:00,151.9448740600483,151.9448740600483,150.07205962769714,150.50576782226562,508500,0.0,0.0
2024-03-25 00:00:00-04:00,150.04249000828858,150.9000398219205,149.44121547307805,149.7172088623047,597400,0.0,0.0
2024-03-26 00:00:00-04:00,150.17064089189017,151.15633590256093,149.7369326807131,150.04249572753906,566400,0.0,0.0
2024-03-27 00:00:00-04:00,150.67335295065996,152.15189559440952,150.0227905776869,152.0631866455078,536100,0.0,0.0
2024-03-28 00:00:00-04:00,152.0631789403314,152.6348838718074,151.30418954365484,152.26031494140625,512500,0.0,0.0
2024-04-01 00:00:00-04:00,152.35888848648014,153.01930235379896,151.05776382333556,152.94044494628906,656300,0.0,0.0
2024-04-02 00:00:00-04:00,152.51658288956395,152.51658288956395,148.94837180835546,150.09178161621094,667000,0.0,0.0
2024-04-03 00:00:00-04:00,149.98334694804905,150.9887449661804,148.9779338894064,150.52548217773438,548900,0.0,0.0
2024-04-04 00:00:00-04:00,151.36333781819363,151.61962817125456,146.09972957066392,146.14901733398438,839100,0.0,0.0
2024-04-05 00:00:00-04:00,146.6714266106477,149.9340748232814,146.27713956590304,147.8444061279297,822700,0.0,0.0
2024-04-08 00:00:00-04:00,147.6768168656736,148.93850513211086,147.5585232503441,148.04151916503906,583500,0.0,0.0
2024-04-09 00:00:00-04:00,148.10067563029403,148.9779435898114,145.23229953415407,147.1248321533203,611900,0.0,0.0
2024-04-10 00:00:00-04:00,145.26186364771954,147.79510695282679,144.6507375762046,147.27268981933594,827100,0.0,0.0
2024-04-11 00:00:00-04:00,147.7064056938417,147.82468428402296,145.7645852889661,146.8389892578125,477400,0.0,0.0
2024-04-12 00:00:00-04:00,146.48412710450282,147.1149712708108,144.9070091684772,146.50384521484375,641500,0.0,0.0
2024-04-15 00:00:00-04:00,147.17410092831068,148.14007770463166,146.32640272527092,146.59254455566406,691500,0.0,0.0
2024-04-16 00:00:00-04:00,146.64184368245554,148.88922699218185,144.69015682886834,148.6625213623047,658000,0.0,0.0
2024-04-17 00:00:00-04:00,149.4412195673383,150.03264258360534,146.6812705589456,147.2529754638672,819500,0.0,0.0
2024-04-18 00:00:00-04:00,148.0316545514485,150.59446733689185,147.30224994305348,148.3076629638672,796300,0.0,0.0
2024-04-19 00:00:00-04:00,147.81483242335096,149.4609413086417,147.15440352159104,148.5738067626953,653300,0.0,0.0
2024-04-22 00:00:00-04:00,149.34263794386482,151.2351704618087,148.87936010952055,150.87046813964844,1009000,0.0,0.0
2024-04-23 00:00:00-04:00,152.10259965922754,154.80340949128373,151.93503330680068,154.6259765625,819800,0.0,0.0
2024-04-24 00:00:00-04:00,155.2568188804922,156.27208355893444,154.3795509047359,154.51754760742188,723000,0.0,0.0
2024-04-25 00:00:00-04:00,153.64028151962714,157.0310748735918,152.1321693072727,154.6259765625,839400,0.0,0.0
2024-04-26 00:00:00-04:00,153.70927424171018,156.1833631730695,153.66983802068202,155.20753479003906,892900,0.0,0.0
2024-04-29 00:00:00-04:00,156.83393485800784,158.2237684426004,155.53281021527968,156.93251037597656,1377000,0.0,0.0
2024-04-30 00:00:00-04:00,156.7846448941701,159.26860051502968,156.13408258195486,158.48004150390625,916200,0.0,0.0
2024-05-01 00:00:00-04:00,157.14933991791392,158.1350348758099,152.43771922241194,154.81324768066406,1390700,0.0,0.0
2024-05-02 00:00:00-04:00,155.56239298677355,155.79895016216472,152.53630210045597,155.6412353515625,1157200,0.0,0.0
2024-05-03 00:00:00-04:00,167.66672782006407,167.95257275616646,160.0768641833643,161.26956176757812,1640900,0.0,0.0
2024-05-06 00:00:00-04:00,161.99897917269,166.3163130426496,161.4666954503105,165.34048461914062,1041900,0.0,0.0
2024-05-07 00:00:00-04:00,165.34047520554589,165.91218007752752,163.13251311794556,163.69436645507812,891100,0.0,0.0
2024-05-08 00:00:00-04:00,163.72394183046785,165.10390878319734,162.28482054503988,163.15223693847656,488500,0.0,0.0
2024-05-09 00:00:00-04:00,162.63966181560795,164.9461843189067,162.32423222173247,164.1083526611328,543100,0.0,0.0
2024-05-10 00:00:00-04:00,164.80819326653403,166.27688416227366,164.2463549639364,164.82791137695312,455400,0.0,0.0
2024-05-13 00:00:00-04:00,163.99006864530813,164.46321306382546,162.35382641293225,163.15223693847656,688000,0.0,0.0
2024-05-14 00:00:00-04:00,164.0689238706787,165.87274746099018,163.33951922270825,165.4883270263672,631700,0.0,0.0
2024-05-15 00:00:00-04:00,165.83333393786893,166.6810322482984,164.55192741645055,166.0797576904297,623000,0.0,0.0
2024-05-16 00:00:00-04:00,166.2473143180645,168.31726469425286,166.08959951592308,166.56272888183594,553500,0.0,0.0
2024-05-17 00:00:00-04:00,166.0994472694527,167.91313737176577,165.74459649296872,167.21328735351562,499500,0.0,0.0
2024-05-20 00:00:00-04:00,167.2133047036518,167.59772516468783,165.34049015819673,165.98118591308594,539000,0.0,0.0
2024-05-21 00:00:00-04:00,165.8431815608635,166.75987067931737,164.827916927506,165.38975524902344,563300,0.0,0.0
2024-05-22 00:00:00-04:00,165.61645878783438,166.29659066496106,164.12804988556863,164.8081817626953,521100,0.0,0.0
2024-05-23 00:00:00-04:00,165.03491614083694,165.37006389093932,162.73825989414073,163.99008178710938,416700,0.0,0.0
2024-05-24 00:00:00-04:00,164.80821393344826,166.99645820852092,164.53222051501686,166.33604431152344,726700,0.0,0.0
2024-05-28 00:00:00-04:00,167.52872627589926,170.7322349772922,167.06544842968765,169.64796447753906,1091200,0.0,0.0
2024-05-29 00:00:00-04:00,168.14969658399144,168.74111956552935,165.68545922843552,166.21774291992188,693600,0.0,0.0
2024-05-30 00:00:00-04:00,167.13443170876823,170.11123464049385,166.5922964833778,169.9239501953125,726200,0.0,0.0
2024-05-31 00:00:00-04:00,170.72235300480375,171.56019968273412,167.2231331153748,170.19993591308594,787300,0.0,0.0
2024-06-03 00:00:00-04:00,169.58883308860493,170.2295288425384,164.8772120437506,167.0063018798828,908700,0.0,0.0
2024-06-04 00:00:00-04:00,166.31630325827453,168.1496964509783,163.64507838965122,166.5331573486328,652900,0.0,0.0
2024-06-05 00:00:00-04:00,167.59771147695037,169.36211386362862,165.30104043404367,168.61297607421875,475400,0.0,0.0
2024-06-06 00:00:00-04:00,167.83428764459944,168.28769891052096,166.49374187665944,167.72586059570312,637900,0.0,0.0
2024-06-07 00:00:00-04:00,167.4597091370002,168.7608336491347,165.4094619012346,165.52774047851562,493900,0.0,0.0
2024-06-10 00:00:00-04:00,165.40949588453338,167.46959507814847,164.18724356015625,167.32174682617188,1016500,0.0,0.0
2024-06-11 00:00:00-04:00,167.1837367073603,167.725871988667,165.5869155519776,167.11473083496094,565100,0.0,0.0
2024-06-12 00:00:00-04:00,168.14356019047665,171.89282747088868,167.91603592043325,169.8648681640625,892800,0.61,0.0
2024-06-13 00:00:00-04:00,168.9250581514332,170.68592959073376,168.82614177872642,169.3009796142578,682100,0.0,0.0
2024-06-14 00:00:00-04:00,168.06441639342162,168.40075924060966,165.23514842479244,165.63084411621094,697200,0.0,0.0
2024-06-17 00:00:00-04:00,166.19472214101745,169.8945386513882,165.7297714131562,169.77581787109375,794300,0.0,0.0
2024-06-18 00:00:00-04:00,169.74614570607292,170.23088575860848,167.69839710622492,168.20291137695312,910400,0.0,0.0
2024-06-20 00:00:00-04:00,169.1427025543216,169.57797687839252,165.58139599294947,167.5401153564453,1062400,0.0,0.0
2024-06-21 00:00:00-04:00,167.84678848929298,168.63819501058896,165.06698610252639,168.57884216308594,1619100,0.0,0.0
2024-06-24 00:00:00-04:00,168.57882540955032,169.58785390647114,167.18397325255563,169.02398681640625,656800,0.0,0.0
2024-06-25 00:00:00-04:00,169.43947770024542,171.38830990647924,169.13281127806638,169.81539916992188,528500,0.0,0.0
2024-06-26 00:00:00-04:00,168.98442194075184,170.29022973011487,167.74785410110164,170.17152404785156,572300,0.0,0.0
2024-06-27 00:00:00-04:00,170.48808780584793,172.44682224977709,170.03303926662466,172.1995086669922,1197500,0.0,0.0
2024-06-28 00:00:00-04:00,172.49627321782197,173.83177260532412,168.77668235981457,169.8648681640625,1552200,0.0,0.0
2024-07-01 00:00:00-04:00,170.99259099286627,171.18053660735293,161.77273479288294,168.5293426513672,1268000,0.0,0.0
2024-07-02 00:00:00-04:00,168.61837726253995,168.7173087215782,165.08674757823033,165.80889892578125,657700,0.0,0.0
2024-07-03 00:00:00-04:00,166.28375042211738,166.28375042211738,164.47341325526173,164.84933471679688,355800,0.0,0.0
2024-07-05 00:00:00-04:00,165.6011638502959,169.1921617911186,164.33491955336007,168.84591674804688,694700,0.0,0.0
2024-07-08 00:00:00-04:00,169.8945348006348,170.55733335420052,168.42054049520445,169.71646118164062,571300,0.0,0.0
2024-07-09 00:00:00-04:00,170.2506776143119,170.95303974121802,164.40418085374827,164.7306365966797,812800,0.0,0.0
2024-07-10 00:00:00-04:00,164.60200622224744,165.2252412004381,162.40586068415024,165.0867462158203,974800,0.0,0.0
2024-07-11 00:00:00-04:00,165.67041266748237,166.84762765587465,163.58308556831489,165.70997619628906,833900,0.0,0.0
2024-07-12 00:00:00-04:00,166.14524518769028,168.8953707441087,166.03642661841522,167.2631072998047,696500,0.0,0.0
2024-07-15 00:00:00-04:00,167.92593058159008,169.9736943885423,166.6794755000695,167.87646484375,946400,0.0,0.0
2024-07-16 00:00:00-04:00,169.30098053131397,172.3280962783103,167.9457069687912,172.120361328125,671600,0.0,0.0
2024-07-17 00:00:00-04:00,171.73454911739205,173.6240133209133,169.66699619926666,169.7263641357422,921100,0.0,0.0
2024-07-18 00:00:00-04:00,168.76680838050675,168.76680838050675,164.7405356863727,166.78829956054688,1077400,0.0,0.0
2024-07-19 00:00:00-04:00,167.50054873315082,169.8450766415607,166.2244022070577,169.59776306152344,914800,0.0,0.0
2024-07-22 00:00:00-04:00,170.15174323108295,171.97196755916957,167.13451453272995,171.7048797607422,677700,0.0,0.0
2024-07-23 00:00:00-04:00,171.73454580464823,172.73368717445462,170.1022672165621,170.37925720214844,575000,0.0,0.0
2024-07-24 00:00:00-04:00,169.67688488236982,169.7164484087119,163.44458039342155,163.6820068359375,1254000,0.0,0.0
2024-07-25 00:00:00-04:00,163.6721102717972,165.97707445227508,160.89230828475024,164.23599243164062,1704400,0.0,0.0
2024-07-26 00:00:00-04:00,173.1194948366234,173.1194948366234,167.21364571946825,167.5598907470703,1482400,0.0,0.0
2024-07-29 00:00:00-04:00,168.17322282539251,172.15002914463724,167.5895664395205,170.58700561523438,716600,0.0,0.0
2024-07-30 00:00:00-04:00,170.80465864616139,172.70402517513318,170.4683157919819,172.00164794921875,718600,0.0,0.0
2024-07-31 00:00:00-04:00,173.11949691525328,174.7616626230353,170.58700840412172,172.7336883544922,769900,0.0,0.0
2024-08-01 00:00:00-04:00,173.29756685122592,175.810281310753,168.7470059752222,171.2696075439453,720700,0.0,0.0
2024-08-02 00:00:00-04:00,168.73712519348067,169.13282090368497,163.81062756094147,164.34483337402344,819200,0.0,0.0
2024-08-05 00:00:00-04:00,158.2806918158957,162.6334048029036,155.8669088505316,160.2493133544922,1140600,0.0,0.0
2024-08-06 00:00:00-04:00,161.84201442815544,165.75945312190836,160.5164021538716,164.71084594726562,740300,0.0,0.0
2024-08-07 00:00:00-04:00,165.51213199241215,166.7388127398314,162.63339840057898,162.95985412597656,498900,0.0,0.0
2024-08-08 00:00:00-04:00,163.9590138824347,167.7280703678786,163.09835237293277,166.28375244140625,464800,0.0,0.0
2024-08-09 00:00:00-04:00,167.25322881796052,167.25322881796052,164.76030379906052,165.7594451904297,491100,0.0,0.0
2024-08-12 00:00:00-04:00,166.64979089302895,168.08420665101076,164.80977723742888,165.17579650878906,478800,0.0,0.0
2024-08-13 00:00:00-04:00,165.86826533025757,168.80635178511872,164.4338496258048,167.8863525390625,605400,0.0,0.0
2024-08-14 00:00:00-04:00,168.37106897805978,168.509563968154,164.700944193152,165.88804626464844,599300,0.0,0.0
2024-08-15 00:00:00-04:00,167.59946371991435,170.79475092097624,167.59946371991435,168.17323303222656,656400,0.0,0.0
2024-08-16 00:00:00-04:00,167.60935712819426,168.3710872035777,164.90869698161003,165.46267700195312,723200,0.0,0.0
2024-08-19 00:00:00-04:00,165.54181362718967,167.3125873060429,165.29450004817397,166.3134307861328,737000,0.0,0.0
2024-08-20 00:00:00-04:00,165.9276240781974,168.14355920530832,163.31599325812735,164.93836975097656,810000,0.0,0.0
2024-08-21 00:00:00-04:00,165.2054753691694,167.84678265501026,164.71084819740543,167.7874298095703,566400,0.0,0.0
2024-08-22 00:00:00-04:00,168.06439750898366,169.0338624104019,166.24417338126983,166.5112762451172,411800,0.0,0.0
2024-08-23 00:00:00-04:00,167.55990070962847,170.13195287180508,166.12546987698087,166.77838134765625,517000,0.0,0.0
2024-08-26 00:00:00-04:00,166.89709621515507,168.57882547213651,165.72976831548496,165.98696899414062,547700,0.0,0.0
2024-08-27 00:00:00-04:00,165.20546721680526,167.5401079561171,164.73062938189412,167.19386291503906,534100,0.0,0.0
2024-08-28 00:00:00-04:00,166.43214047153523,168.17322251758137,166.14524828590496,167.77752685546875,667900,0.0,0.0
2024-08-29 00:00:00-04:00,168.19301017804773,169.27129367731808,166.56073162450738,166.8179473876953,427800,0.0,0.0
2024-08-30 00:00:00-04:00,167.3224846284119,168.30185189523078,164.9878436962046,166.93667602539062,541200,0.0,0.0
2024-09-03 00:00:00-04:00,166.67946449180968,168.3117280689625,163.97878935131067,164.8988037109375,896100,0.0,0.0
2024-09-04 00:00:00-04:00,165.21650563106877,167.0136450770081,164.04490542846233,166.56683349609375,527200,0.61,0.0
2024-09-05 00:00:00-04:00,167.08314558530006,167.21222583797018,163.45911143973535,164.0647735595703,492600,0.0,0.0
2024-09-06 00:00:00-04:00,164.06477728988392,166.0604762136023,159.81521893123713,160.65916442871094,611000,0.0,0.0
2024-09-09 00:00:00-04:00,161.30454500635622,162.24778530649684,159.44783467526943,160.11306762695312,777100,0.0,0.0
2024-09-10 00:00:00-04:00,160.3414446174049,160.93716816392956,155.32735856193426,158.7031707763672,992100,0.0,0.0
2024-09-11 00:00:00-04:00,159.21948065549117,162.05914023469654,158.47481484084219,161.80099487304688,676800,0.0,0.0
2024-09-12 00:00:00-04:00,162.16835263572742,163.45910969788093,159.67620992015122,160.69888305664062,865300,0.0,0.0
2024-09-13 00:00:00-04:00,160.9371791652925,163.1513298578443,160.9371791652925,162.75416564941406,716800,0.0,0.0
2024-09-16 00:00:00-04:00,163.84633312606405,166.2491195512711,161.93005197955867,162.13856506347656,869000,0.0,0.0
2024-09-17 00:00:00-04:00,163.23073812511794,165.31580843576492,162.98251619052968,164.4420623779297,613200,0.0,0.0
2024-09-18 00:00:00-04:00,164.36263060194383,165.48459860161066,161.78113155571893,161.94992065429688,592900,0.0,0.0
2024-09-19 00:00:00-04:00,164.85907597894658,171.41214121429593,164.85907597894658,171.26321411132812,1228000,0.0,0.0
2024-09-20 00:00:00-04:00,171.26321752122476,171.76958483166197,168.05617910432713,168.50299072265625,1411700,0.0,0.0
2024-09-23 00:00:00-04:00,170.54832532258564,174.67872666100723,170.43910706902977,174.03335571289062,988700,0.0,0.0
2024-09-24 00:00:00-04:00,174.70853999650683,177.27017713024532,173.4872771219805,174.33123779296875,747800,0.0,0.0
2024-09-25 00:00:00-04:00,175.40355029437757,178.04463529640455,174.0333603767329,175.87020874023438,560300,0.0,0.0
2024-09-26 00:00:00-04:00,177.24038855002973,179.40489174455868,175.929784585215,177.06167602539062,555900,0.0,0.0
2024-09-27 00:00:00-04:00,177.2801163865453,177.7269128580908,173.24899441838747,173.65606689453125,490200,0.0,0.0
2024-09-30 00:00:00-04:00,174.37093799988963,175.80069875271616,173.02061008336065,175.34397888183594,641000,0.0,0.0
2024-10-01 00:00:00-04:00,175.35391729570927,176.87303443788787,173.87450899994184,175.95957946777344,532300,0.0,0.0
2024-10-02 00:00:00-04:00,175.45320854795708,177.1311761917206,171.630584485219,176.96238708496094,531300,0.0,0.0
2024-10-03 00:00:00-04:00,175.14538282605503,176.07869968066976,173.25890227117358,174.3014373779297,554200,0.0,0.0
2024-10-04 00:00:00-04:00,176.71416154157842,178.14392235829675,175.3836955622353,177.37939453125,436800,0.0,0.0
2024-10-07 00:00:00-04:00,176.3865028770607,176.98224158767212,172.583756123567,174.28158569335938,747400,0.0,0.0
2024-10-08 00:00:00-04:00,174.68867216840715,178.3722772158697,174.68867216840715,175.6021270751953,505400,0.0,0.0
2024-10-09 00:00:00-04:00,175.16525132067213,175.999273376914,173.7851379834631,174.72837829589844,486200,0.0,0.0
2024-10-10 00:00:00-04:00,173.86458227065128,174.3213173221586,172.1171052067309,172.80218505859375,433000,0.0,0.0
2024-10-11 00:00:00-04:00,172.66317739926214,176.2872268553021,172.2958137719015,174.45037841796875,557500,0.0,0.0
2024-10-14 00:00:00-04:00,174.04329292713538,175.24469381144957,173.5071401900896,174.7978973388672,465600,0.0,0.0
2024-10-15 00:00:00-04:00,174.7978906737442,180.67578431070055,174.39080306191295,180.31834411621094,878300,0.0,0.0
2024-10-16 00:00:00-04:00,179.51411374239774,181.5793221438459,179.46446632332027,181.3608856201172,674900,0.0,0.0
2024-10-17 00:00:00-04:00,182.30412907680963,182.88000581730248,180.02048411285946,181.00344848632812,357500,0.0,0.0
2024-10-18 00:00:00-04:00,181.39067572423173,182.81049801485682,180.6559332936068,182.58213806152344,508800,0.0,0.0
2024-10-21 00:00:00-04:00,181.4601589264364,181.6388865987768,178.87865987811097,179.7325439453125,589100,0.0,0.0
2024-10-22 00:00:00-04:00,178.76945670144838,180.11978475535182,177.01204100145463,179.14674377441406,755900,0.0,0.0
2024-10-23 00:00:00-04:00,178.10420558857788,178.96801306429876,176.54536458268703,177.71697998046875,539300,0.0,0.0
2024-10-24 00:00:00-04:00,177.9850527562047,180.91408374130765,176.96237958489104,179.61338806152344,1573800,0.0,0.0
2024-10-25 00:00:00-04:00,182.69133696890654,188.61887775540794,181.74809668308725,186.04730224609375,1488800,0.0,0.0
2024-10-28 00:00:00-04:00,188.04300505744905,188.07279047708693,185.35227266480032,186.77210998535156,826100,0.0,0.0
2024-10-29 00:00:00-04:00,187.3281272978052,191.85569294907012,186.10687962482928,191.80604553222656,907400,0.0,0.0
2024-10-30 00:00:00-04:00,192.4117214730024,194.893940990768,192.28265636025918,192.57058715820312,885200,0.0,0.0
2024-10-31 00:00:00-04:00,192.52092306380726,194.764859009693,189.681263575412,189.7606964111328,921100,0.0,0.0
2024-11-01 00:00:00-04:00,190.0883512885904,191.14080984954555,185.87851704476975,186.18630981445312,1150100,0.0,0.0
2024-11-04 00:00:00-05:00,184.96505478217216,185.7593680229645,183.24736319352255,184.09132385253906,580000,0.0,0.0
2024-11-05 00:00:00-05:00,184.28989181423935,188.06286821098192,184.1806735581404,187.82456970214844,616300,0.0,0.0
2024-11-06 00:00:00-05:00,196.59178188155812,199.78888176862287,195.29110130426298,196.56199645996094,1200200,0.0,0.0
2024-11-07 00:00:00-05:00,197.37613761191164,199.80872457734213,195.08256946760412,195.19178771972656,783000,0.0,0.0
2024-11-08 00:00:00-05:00,195.59889075387767,198.0612481822076,195.39037765599295,196.36341857910156,504600,0.0,0.0
2024-11-11 00:00:00-05:00,197.57473512253117,198.03145499482048,192.82873297852876,193.0968017578125,554400,0.0,0.0
2024-11-12 00:00:00-05:00,193.55353754764482,196.34354965985634,193.11666452006097,194.79464721679688,770200,0.0,0.0
2024-11-13 00:00:00-05:00,194.97337285864046,199.91796502150137,194.97337285864046,199.16336059570312,671100,0.0,0.0
2024-11-14 00:00:00-05:00,199.5605085714417,201.8739387802561,196.83999076080377,197.49530029296875,697500,0.0,0.0
2024-11-15 00:00:00-05:00,197.6343220602727,198.5775624518659,195.86698296647234,196.5818634033203,592400,0.0,0.0
2024-11-18 00:00:00-05:00,196.47263353668083,197.6243718166921,193.3450280225828,194.3776397705078,566000,0.0,0.0
2024-11-19 00:00:00-05:00,191.99469798616335,193.43439733350263,190.6443700498814,192.242919921875,496900,0.0,0.0
2024-11-20 00:00:00-05:00,191.86563472824844,192.33229318389854,190.8925938227039,192.034423828125,512300,0.0,0.0
2024-11-21 00:00:00-05:00,192.34221361601584,193.1762356789992,191.02167110782656,191.19046020507812,553100,0.0,0.0
2024-11-22 00:00:00-05:00,191.5876197670984,194.7549188453548,191.5876197670984,193.51380920410156,829400,0.0,0.0
2024-11-25 00:00:00-05:00,194.6159199191608,201.58599607654662,194.6159199191608,200.68246459960938,876600,0.0,0.0
2024-11-26 00:00:00-05:00,201.06969365833677,203.48241877929314,199.78887512147546,203.25405883789062,739200,0.0,0.0
2024-11-27 00:00:00-05:00,203.54198579302897,204.38594642837415,201.14912271422793,201.9136505126953,695300,0.0,0.0
2024-11-29 00:00:00-05:00,203.3831242394547,204.57458651622963,202.65832041987522,203.81007385253906,398700,0.0,0.0
2024-12-02 00:00:00-05:00,202.52923408181496,203.6512020601378,196.51233688705753,196.79034423828125,718800,0.0,0.0
2024-12-03 00:00:00-05:00,196.12511394320063,198.0016711645751,193.77197484900879,194.70529174804688,739300,0.0,0.0
2024-12-04 00:00:00-05:00,194.60600540921246,198.71656022358013,192.18335679538188,198.4385528564453,1151900,0.0,0.0
2024-12-05 00:00:00-05:00,197.19743265072722,198.05131670449197,194.65564248610593,194.91378784179688,689800,0.0,0.0
2024-12-06 00:00:00-05:00,195.40031634137486,196.45277495447675,193.7124101609134,195.16201782226562,570500,0.0,0.0
2024-12-09 00:00:00-05:00,194.84429098678524,195.10243633904201,190.31671027223743,191.05145263671875,595200,0.0,0.0
2024-12-10 00:00:00-05:00,191.62916455937375,193.8503414375638,190.1649766768525,192.4359588623047,597200,0.61,0.0
2024-12-11 00:00:00-05:00,192.7347768803164,194.9360438100383,191.69889639473584,191.84829711914062,407100,0.0,0.0
2024-12-12 00:00:00-05:00,191.300465575212,191.97778430962703,188.7605469184357,188.99960327148438,395700,0.0,0.0
2024-12-13 00:00:00-05:00,189.7765172863655,190.02552862119762,185.63296502713237,186.12103271484375,434900,0.0,0.0
2024-12-16 00:00:00-05:00,186.40987377301528,188.85019694239594,186.2305929123864,186.7883758544922,715100,0.0,0.0
2024-12-17 00:00:00-05:00,186.081205972249,187.37605281295708,185.01543011589644,186.18080139160156,537400,0.0,0.0
2024-12-18 00:00:00-05:00,186.50948888640852,186.71866509397105,177.59488618226132,178.2423095703125,788700,0.0,0.0
2024-12-19 00:00:00-05:00,183.23251206014402,185.13494715675975,181.40974721810764,182.13685607910156,926000,0.0,0.0
2024-12-20 00:00:00-05:00,180.652734287598,183.91976171160553,180.04514603626728,180.66270446777344,1528500,0.0,0.0
2024-12-23 00:00:00-05:00,180.3041304716819,180.57305176876542,177.7940919764496,179.7064971923828,636000,0.0,0.0
2024-12-24 00:00:00-05:00,179.98538587180633,181.91771621992893,179.40767776371692,181.8579559326172,242700,0.0,0.0
2024-12-26 00:00:00-05:00,181.65875952592233,182.71456518684647,180.61290884726205,181.818115234375,277200,0.0,0.0
2024-12-27 00:00:00-05:00,179.75630567578662,182.106973311626,179.75630567578662,181.14080810546875,400700,0.0,0.0
2024-12-30 00:00:00-05:00,179.2881659408319,181.4197024168573,179.2881659408319,179.4774169921875,499700,0.0,0.0
2024-12-31 00:00:00-05:00,180.35394481734792,181.86792285681358,178.8499065618264,179.71646118164062,469000,0.0,0.0
2025-01-02 00:00:00-05:00,180.86191579135723,184.51740038818966,179.98539102317653,180.48341369628906,783400,0.0,0.0
2025-01-03 00:00:00-05:00,180.87187018319145,182.77432043590056,179.60690354049424,182.21653747558594,482100,0.0,0.0
2025-01-06 00:00:00-05:00,183.2723497793011,183.70064199711805,178.94951648104689,180.25433349609375,665200,0.0,0.0
2025-01-07 00:00:00-05:00,179.48737053362416,180.78223253915857,177.20643335033614,180.5531463623047,980400,0.0,0.0
2025-01-08 00:00:00-05:00,178.4614473336591,181.70854977232258,175.71236758059436,181.33006286621094,873300,0.0,0.0
2025-01-10 00:00:00-05:00,178.75030066487435,180.93162715935728,176.42951323442034,177.41558837890625,1189300,0.0,0.0
2025-01-13 00:00:00-05:00,175.53306608311735,179.9555098262444,172.96326728107198,179.60690307617188,920100,0.0,0.0
2025-01-14 00:00:00-05:00,180.63283500676812,181.64879034734935,177.93354535064432,178.62081909179688,1159300,0.0,0.0
2025-01-15 00:00:00-05:00,181.30017786823328,181.6687097822094,177.23631103870784,178.58096313476562,692800,0.0,0.0
2025-01-16 00:00:00-05:00,178.43155638062493,180.04514492072562,177.32594547762568,177.61480712890625,648000,0.0,0.0
2025-01-17 00:00:00-05:00,178.97938858928802,180.8419885013132,177.156623803327,178.2423095703125,826300,0.0,0.0
2025-01-21 00:00:00-05:00,180.22444288370448,182.86395690600463,179.35788831759942,181.32008361816406,1385600,0.0,0.0
2025-01-22 00:00:00-05:00,181.5193149171349,181.89780182532883,178.04311108109,179.3280029296875,679700,0.0,0.0
2025-01-23 00:00:00-05:00,178.5909414930974,178.85987800400218,177.26619930038794,178.42161560058594,801700,0.0,0.0
2025-01-24 00:00:00-05:00,177.49528063149248,178.15267421864243,174.7063505756455,177.84390258789062,854700,0.0,0.0
2025-01-27 00:00:00-05:00,176.75821995127063,181.64879121982486,174.76612918981505,180.4734649658203,947100,0.0,0.0
2025-01-28 00:00:00-05:00,179.4475308196743,181.18063997188406,177.15662351435626,180.19456481933594,819500,0.0,0.0
2025-01-29 00:00:00-05:00,181.1607279175605,182.80419661847262,179.76625534854998,181.32008361816406,772900,0.0,0.0
2025-01-30 00:00:00-05:00,182.5551867608832,184.26838594336746,180.57305108388982,181.92767333984375,639400,0.0,0.0
2025-01-31 00:00:00-05:00,181.41970006029769,181.64878623601476,178.3718037106457,180.38381958007812,853600,0.0,0.0
2025-02-03 00:00:00-05:00,178.42161527816455,183.10302556370783,178.1128436395283,182.76437377929688,660600,0.0,0.0
2025-02-04 00:00:00-05:00,182.07710034561023,184.61701912999374,179.4774212695736,181.30018615722656,1455300,0.0,0.0
2025-02-05 00:00:00-05:00,181.2802474154142,181.2802474154142,175.881683629384,180.44357299804688,1249900,0.0,0.0
2025-02-06 00:00:00-05:00,181.27030233334597,181.53922364032852,176.1207495949525,177.74429321289062,1152400,0.0,0.0
2025-02-07 00:00:00-05:00,177.31599586826076,177.4454714276534,174.39757511580933,175.26414489746094,1189300,0.0,0.0
2025-02-10 00:00:00-05:00,175.52311667726508,177.24627091533424,171.73814122381302,172.91348266601562,1326600,0.0,0.0
2025-02-11 00:00:00-05:00,172.2062767667642,173.31188769274195,168.83963868256353,170.09466552734375,1237300,0.0,0.0
2025-02-12 00:00:00-05:00,168.25197344956035,169.59664070949177,167.51489444211305,167.8535614013672,1133800,0.0,0.0
2025-02-13 00:00:00-05:00,168.39142209460582,171.0707864805503,168.39142209460582,170.75204467773438,965800,0.0,0.0
2025-02-14 00:00:00-05:00,171.04090599720885,172.13656194415913,169.00896500440027,171.02098083496094,1059200,0.0,0.0
2025-02-18 00:00:00-05:00,171.7182098183923,176.84785241700448,171.36960306991784,176.7781219482422,1785700,0.0,0.0
2025-02-19 00:00:00-05:00,174.57687432569026,175.30398318218786,172.42541270264545,173.33181762695312,1495300,0.0,0.0
2025-02-20 00:00:00-05:00,172.72422982774853,174.07885212765896,168.8296888157003,170.89151000976562,2185100,0.0,0.0
2025-02-21 00:00:00-05:00,169.9651740963053,173.21227639289017,166.6881916557676,168.46115112304688,2703300,0.0,0.0
2025-02-24 00:00:00-05:00,167.59457815785262,172.35567351720596,167.59457815785262,171.36959838867188,1678800,0.0,0.0
2025-02-25 00:00:00-05:00,171.41941067251108,175.5430378101605,167.82368635404907,174.18841552734375,1793000,0.0,0.0
2025-02-26 00:00:00-05:00,175.65260514057778,177.7642164381737,174.06888146893482,175.01513671875,1451500,0.0,0.0
2025-02-27 00:00:00-05:00,174.90556482468884,178.85986597347383,173.25212594063132,177.1964569091797,1547500,0.0,0.0
2025-02-28 00:00:00-05:00,177.14667101562694,183.44166970449072,176.79804906485313,183.3619842529297,1939800,0.0,0.0
2025-03-03 00:00:00-05:00,183.37194802945987,185.21462273770203,180.15471072862834,180.49337768554688,1447800,0.0,0.0
2025-03-04 00:00:00-05:00,179.79613507027554,186.23059451865453,176.17053071687135,184.2484588623047,1541800,0.0,0.0
2025-03-05 00:00:00-05:00,184.26838515363997,186.3202360917076,182.46554554686105,185.12498474121094,990600,0.0,0.0
2025-03-06 00:00:00-05:00,182.65480717478846,183.48152666638677,177.4255689147042,178.52120971679688,1174700,0.0,0.0
2025-03-07 00:00:00-05:00,178.38175125375736,179.23835082989658,171.35962876544045,178.32199096679688,1318800,0.0,0.0
2025-03-10 00:00:00-04:00,178.2821647042999,182.84405428321983,175.7820811202383,177.62477111816406,1822200,0.0,0.0
2025-03-11 00:00:00-04:00,177.594881774009,179.49733196332153,174.55694053948162,176.41954040527344,1326900,0.0,0.0
2025-03-12 00:00:00-04:00,176.88769263626313,178.6407422048118,172.68437998214196,174.69639587402344,1137100,0.0,0.0
2025-03-13 00:00:00-04:00,174.3079341520222,174.46730505373102,166.3296164659901,167.11648559570312,1464900,0.0,0.0
2025-03-14 00:00:00-04:00,169.11852682712833,172.53497015027716,167.8236800803614,171.807861328125,1183600,0.0,0.0
2025-03-17 00:00:00-04:00,171.56880564810365,173.4114955617285,170.75204119388647,171.26998901367188,1037900,0.0,0.0
2025-03-18 00:00:00-04:00,170.5,170.5,166.9499969482422,167.08999633789062,1013200,0.68,0.0
2025-03-19 00:00:00-04:00,166.3699951171875,170.8300018310547,166.3699951171875,170.0399932861328,906800,0.0,0.0
2025-03-20 00:00:00-04:00,169.33999633789062,173.75999450683594,169.33999633789062,170.75,1005600,0.0,0.0
2025-03-21 00:00:00-04:00,168.72999572753906,171.27000427246094,167.8800048828125,169.8800048828125,1548200,0.0,0.0
2025-03-24 00:00:00-04:00,173.02000427246094,176.3300018310547,172.72000122070312,175.8699951171875,1273400,0.0,0.0
2025-03-25 00:00:00-04:00,175.85000610351562,178.1300048828125,175.57000732421875,177.5,768700,0.0,0.0
2025-03-26 00:00:00-04:00,178.0,179.58999633789062,174.85000610351562,175.52999877929688,718400,0.0,0.0
2025-03-27 00:00:00-04:00,174.75999450683594,177.77000427246094,173.02999877929688,174.74000549316406,712400,0.0,0.0
2025-03-28 00:00:00-04:00,175.92999267578125,177.0,170.36000061035156,171.0500030517578,951200,0.0,0.0
2025-03-31 00:00:00-04:00,168.8000030517578,168.8000030517578,163.32000732421875,166.6300048828125,1869000,0.0,0.0
2025-04-01 00:00:00-04:00,166.75,169.61000061035156,166.27000427246094,168.9199981689453,900500,0.0,0.0
2025-04-02 00:00:00-04:00,166.88999938964844,173.1999969482422,166.88999938964844,172.22000122070312,771100,0.0,0.0
2025-04-03 00:00:00-04:00,166.02999877929688,170.3699951171875,164.89999389648438,167.0500030517578,1500300,0.0,0.0
2025-04-04 00:00:00-04:00,162.00999450683594,163.6999969482422,156.77999877929688,159.86000061035156,1930900,0.0,0.0
2025-04-07 00:00:00-04:00,150.85000610351562,162.17999267578125,148.72999572753906,154.89999389648438,1929900,0.0,0.0
2025-04-08 00:00:00-04:00,160.1999969482422,163.1699981689453,151.6199951171875,153.22000122070312,1331100,0.0,0.0
2025-04-09 00:00:00-04:00,151.7100067138672,166.88999938964844,150.83999633789062,166.0,1665000,0.0,0.0
2025-04-10 00:00:00-04:00,164.52000427246094,164.88999938964844,158.1999969482422,161.7100067138672,1364900,0.0,0.0
2025-04-11 00:00:00-04:00,160.82000732421875,161.6199951171875,156.08999633789062,160.1699981689453,1240800,0.0,0.0
2025-04-14 00:00:00-04:00,162.75,164.14999389648438,160.27000427246094,163.1300048828125,1627300,0.0,0.0
2025-04-15 00:00:00-04:00,163.83999633789062,165.22999572753906,162.0,163.00999450683594,629100,0.0,0.0
2025-04-16 00:00:00-04:00,162.77999877929688,163.72999572753906,159.10000610351562,160.50999450683594,793200,0.0,0.0
2025-04-17 00:00:00-04:00,160.77000427246094,162.66000366210938,159.30999755859375,161.88999938964844,1117800,0.0,0.0
2025-04-21 00:00:00-04:00,160.8800048828125,161.16000366210938,157.05999755859375,159.52000427246094,912000,0.0,0.0
2025-04-22 00:00:00-04:00,160.94000244140625,163.9600067138672,159.7899932861328,162.9499969482422,1530100,0.0,0.0
2025-04-23 00:00:00-04:00,165.3800048828125,167.27999877929688,162.22999572753906,163.41000366210938,1577700,0.0,0.0
2025-04-24 00:00:00-04:00,163.16000366210938,163.47999572753906,160.4600067138672,161.83999633789062,913300,0.0,0.0
2025-04-25 00:00:00-04:00,161.47999572753906,162.6699981689453,160.58999633789062,161.63999938964844,860200,0.0,0.0
2025-04-28 00:00:00-04:00,162.92999267578125,167.05999755859375,161.63999938964844,166.66000366210938,1866700,0.0,0.0
2025-04-29 00:00:00-04:00,164.99000549316406,167.2100067138672,163.8300018310547,164.6699981689453,1576700,0.0,0.0
2025-04-30 00:00:00-04:00,162.91000366210938,166.41000366210938,160.02999877929688,165.9600067138672,805100,0.0,0.0
2025-05-01 00:00:00-04:00,165.8300018310547,169.0399932861328,165.36000061035156,166.74000549316406,820300,0.0,0.0
2025-05-02 00:00:00-04:00,168.83999633789062,172.7899932861328,168.1300048828125,171.7899932861328,1024400,0.0,0.0
