Date,Open,High,Low,Close,Volume,Dividends,Stock Splits
2012-12-25 00:00:00+08:00,30.93991088867188,40.91228113891127,29.6051484400194,30.939910888671875,0,0.0,0.0
2012-12-26 00:00:00+08:00,29.507980346679688,30.68420849336812,29.149996524273146,29.507980346679688,0,0.0,0.0
2012-12-27 00:00:00+08:00,28.382888793945312,29.661398240031026,28.382888793945312,28.382888793945312,0,0.0,0.0
2012-12-28 00:00:00+08:00,28.12718963623047,28.3828896321666,27.206661572322016,28.12718963623047,0,0.0,0.0
2013-01-02 00:00:00+08:00,26.04066276550293,27.20666198794795,26.04066276550293,26.04066276550293,0,0.0,0.0
2013-01-03 00:00:00+08:00,25.570173263549805,26.59298047921671,25.570173263549805,25.570173263549805,0,0.0,0.0
2013-01-04 00:00:00+08:00,26.490699768066406,28.127193258644493,25.784963316478187,26.490699768066406,0,0.0,0.0
2013-01-07 00:00:00+08:00,26.848682403564453,26.848682403564453,26.49581419362826,26.848682403564453,0,0.0,0.0
2013-01-08 00:00:00+08:00,26.59297752380371,26.720827520538098,26.49069610079179,26.59297752380371,0,0.0,0.0
2013-01-09 00:00:00+08:00,26.3372802734375,26.592982692647507,26.081580230268635,26.3372802734375,0,0.0,0.0
2013-01-10 00:00:00+08:00,26.08157539367676,26.23499634154401,25.749162547950817,26.081575393676758,0,0.0,0.0
2013-01-11 00:00:00+08:00,26.02021026611328,26.33727868063386,25.825876249183153,26.02021026611328,0,0.0,0.0
2013-01-14 00:00:00+08:00,25.39118194580078,25.74916337700349,25.365610994986024,25.39118194580078,0,0.0,0.0
2013-01-15 00:00:00+08:00,25.570173263549805,25.672454697928778,25.46789182917083,25.570173263549805,0,0.0,0.0
2013-01-16 00:00:00+08:00,25.365615844726562,25.57017636223292,25.365615844726562,25.365615844726562,0,0.0,0.0
2013-01-17 00:00:00+08:00,24.29166030883789,25.161046441379895,24.29166030883789,24.29166030883789,0,0.0,0.0
2013-01-18 00:00:00+08:00,24.57293701171875,24.803068457145912,24.547366059102085,24.57293701171875,0,0.0,0.0
2013-01-21 00:00:00+08:00,24.751928329467773,24.803067857423642,24.598507369559286,24.751928329467773,0,0.0,0.0
2013-01-22 00:00:00+08:00,24.547365188598633,24.649646619397227,24.445083757800038,24.547365188598633,0,0.0,0.0
2013-01-23 00:00:00+08:00,24.445079803466797,24.547361217719946,24.291658870107312,24.445079803466797,0,0.0,0.0
2013-01-24 00:00:00+08:00,24.342805862426754,24.44508492205578,24.291663956571274,24.342805862426758,0,0.0,0.0
2013-01-25 00:00:00+08:00,23.933681488037113,24.44508389277205,23.933681488037113,23.93368148803711,0,0.0,0.0
2013-01-28 00:00:00+08:00,24.03596305847168,24.03596305847168,24.03596305847168,24.03596305847168,0,0.0,0.0
2013-01-29 00:00:00+08:00,24.13823890686035,24.13823890686035,24.13312566755636,24.13823890686035,0,0.0,0.0
2013-01-30 00:00:00+08:00,24.29166030883789,24.3428022070137,24.0359603221213,24.29166030883789,0,0.0,0.0
2013-01-31 00:00:00+08:00,24.13823890686035,24.28654660708181,24.035959864537098,24.13823890686035,0,0.0,0.0
2013-02-01 00:00:00+08:00,24.29166030883789,24.29166030883789,24.29166030883789,24.29166030883789,0,0.0,0.0
2013-02-04 00:00:00+08:00,25.49346160888672,26.081576859456955,24.5473649185213,25.49346160888672,0,0.0,0.0
2013-02-05 00:00:00+08:00,25.66734123229981,25.774735905839783,25.467891605398933,25.667341232299805,0,0.0,0.0
2013-02-06 00:00:00+08:00,25.66734123229981,25.72359400107918,25.570173038879215,25.667341232299805,0,0.0,0.0
2013-02-18 00:00:00+08:00,25.519031524658203,25.57017104939899,25.416750099135896,25.519031524658203,0,0.0,0.0
2013-02-19 00:00:00+08:00,25.565059661865234,25.565059661865234,25.565059661865234,25.565059661865234,0,0.0,0.0
2013-02-20 00:00:00+08:00,25.672449111938473,25.672449111938473,25.4730019027232,25.672449111938477,0,0.0,0.0
2013-02-21 00:00:00+08:00,25.66734123229981,25.66734123229981,25.570173038879215,25.667341232299805,0,0.0,0.0
2013-02-22 00:00:00+08:00,25.575288772583008,25.575288772583008,25.467891722508266,25.575288772583008,0,0.0,0.0
2013-02-25 00:00:00+08:00,25.575288772583008,25.575288772583008,25.575288772583008,25.575288772583008,0,0.0,0.0
2013-02-26 00:00:00+08:00,25.058773040771484,25.314473085076074,25.058773040771484,25.058773040771484,0,0.0,0.0
2013-02-27 00:00:00+08:00,24.80307388305664,25.109915877417492,24.55248704634243,24.80307388305664,0,0.0,0.0
2013-03-01 00:00:00+08:00,24.552480697631836,24.552480697631836,24.552480697631836,24.552480697631836,0,0.0,0.0
2013-03-04 00:00:00+08:00,24.80307388305664,24.80307388305664,24.55248704634243,24.80307388305664,0,0.0,0.0
2013-03-05 00:00:00+08:00,24.80307388305664,24.80307388305664,24.80307388305664,24.80307388305664,0,0.0,0.0
2013-03-06 00:00:00+08:00,24.557592391967773,24.751926384595777,24.49622401282637,24.557592391967773,0,0.0,0.0
2013-03-07 00:00:00+08:00,24.552480697631836,24.649646512040757,24.547365081687627,24.552480697631836,0,0.0,0.0
2013-03-08 00:00:00+08:00,24.64964866638184,24.803069637299863,24.54736722708947,24.649648666381836,0,0.0,0.0
2013-03-11 00:00:00+08:00,24.900232315063477,24.90534793080863,24.700785078062136,24.900232315063477,0,0.0,0.0
2013-03-12 00:00:00+08:00,25.058773040771484,25.058773040771484,24.90535206377227,25.058773040771484,10961,0.0,0.0
2013-03-13 00:00:00+08:00,24.80307388305664,24.956494880237067,24.70079242625587,24.80307388305664,0,0.0,0.0
2013-03-14 00:00:00+08:00,24.64964866638184,24.654761906732087,24.4450857877971,24.649648666381836,23141,0.0,0.0
2013-03-15 00:00:00+08:00,24.450199127197266,24.450199127197266,24.450199127197266,24.450199127197266,1217,0.0,0.0
2013-03-18 00:00:00+08:00,24.445079803466797,24.450195418605762,24.291658870107312,24.445079803466797,18269,0.0,0.0
2013-03-19 00:00:00+08:00,24.547365188598633,24.649646619397227,24.542251948673,24.547365188598633,18269,0.0,0.0
2013-03-20 00:00:00+08:00,24.64964866638184,24.64964866638184,24.54736722708947,24.649648666381836,15833,0.0,0.0
2013-03-21 00:00:00+08:00,24.450199127197266,24.552480556964397,24.450199127197266,24.450199127197266,0,0.0,0.0
2013-03-22 00:00:00+08:00,24.547365188598633,24.547365188598633,24.450199373766523,24.547365188598633,4871,0.0,0.0
2013-03-25 00:00:00+08:00,24.445079803466797,24.445079803466797,24.445079803466797,24.445079803466797,1217,0.0,0.0
2013-03-26 00:00:00+08:00,24.547365188598633,24.547365188598633,24.39394423042117,24.547365188598633,10961,0.0,0.0
2013-03-27 00:00:00+08:00,24.547365188598633,24.547365188598633,24.450199373766523,24.547365188598633,18269,0.0,0.0
2013-03-28 00:00:00+08:00,24.547365188598633,24.547365188598633,24.547365188598633,24.547365188598633,15833,0.0,0.0
2013-03-29 00:00:00+08:00,24.547365188598633,24.547365188598633,24.547365188598633,24.547365188598633,9743,0.0,0.0
2013-04-01 00:00:00+08:00,23.933681488037113,24.409286461013274,23.933681488037113,23.93368148803711,40192,0.0,0.0
2013-04-02 00:00:00+08:00,23.933681488037113,23.933681488037113,23.805831480863596,23.93368148803711,8525,0.0,0.0
2013-04-03 00:00:00+08:00,24.286550521850586,24.286550521850586,23.78026133980743,24.286550521850586,0,0.0,0.0
2013-04-08 00:00:00+08:00,23.933681488037113,23.933681488037113,23.933681488037113,23.93368148803711,0,0.0,0.0
2013-04-09 00:00:00+08:00,24.240520477294922,24.3428018963004,24.240520477294922,24.240520477294922,7307,0.0,0.0
2013-04-10 00:00:00+08:00,24.29166030883789,24.547362671595096,24.041073561522637,24.29166030883789,25576,0.0,0.0
2013-04-11 00:00:00+08:00,24.445079803466797,24.547361217719946,24.445079803466797,24.445079803466797,17051,0.0,0.0
2013-04-12 00:00:00+08:00,24.445079803466797,24.445079803466797,24.445079803466797,24.445079803466797,0,0.0,0.0
2013-04-15 00:00:00+08:00,24.342805862426754,24.342805862426754,24.342805862426754,24.342805862426758,2435,0.0,0.0
2013-04-16 00:00:00+08:00,24.347919464111328,24.547366722202558,24.347919464111328,24.347919464111328,13397,0.0,0.0
2013-04-17 00:00:00+08:00,24.547365188598633,24.547365188598633,24.542251948673,24.547365188598633,12434,0.0,0.0
2013-04-18 00:00:00+08:00,24.547365188598633,24.547365188598633,24.547365188598633,24.547365188598633,0,0.0,0.0
2013-04-19 00:00:00+08:00,24.547365188598633,24.547365188598633,24.547365188598633,24.547365188598633,0,0.0,0.0
2013-04-22 00:00:00+08:00,23.984821319580078,24.296778857576374,23.984821319580078,23.984821319580078,57243,0.0,0.0
2013-04-23 00:00:00+08:00,23.524560928344727,23.785376589615986,23.42228186089324,23.524560928344727,16137,0.0,0.0
2013-04-24 00:00:00+08:00,23.08986473083496,23.08986473083496,23.013154256248143,23.08986473083496,29501,0.0,0.0
2013-04-25 00:00:00+08:00,22.910873413085938,22.910873413085938,22.910873413085938,22.910873413085938,3653,0.0,0.0
2013-04-26 00:00:00+08:00,23.013154983520508,23.013154983520508,23.013154983520508,23.013154983520508,2435,0.0,0.0
2013-04-29 00:00:00+08:00,22.69097328186035,22.808596817222703,22.50175487805225,22.69097328186035,9743,0.0,0.0
2013-04-30 00:00:00+08:00,22.69097328186035,22.69097328186035,22.69097328186035,22.69097328186035,0,0.0,0.0
2013-05-02 00:00:00+08:00,22.501754760742188,22.598920582292592,22.501754760742188,22.501754760742188,4563,0.0,0.0
2013-05-03 00:00:00+08:00,22.60403060913086,22.60403060913086,22.60403060913086,22.60403060913086,499,0.0,0.0
2013-05-06 00:00:00+08:00,21.069820404052734,22.251161654529533,20.972654599706704,21.069820404052734,53392,0.0,0.0
2013-05-07 00:00:00+08:00,19.433332443237305,20.553305482765225,19.433332443237305,19.433332443237305,18573,0.0,0.0
2013-05-08 00:00:00+08:00,19.53049659729004,19.5356110250049,19.33104936067523,19.53049659729004,40801,0.0,0.0
2013-05-09 00:00:00+08:00,19.791311264038086,19.94473220791309,19.535610086919853,19.791311264038086,22130,0.0,0.0
2013-05-10 00:00:00+08:00,19.92938995361328,19.939618808469753,19.643004590017988,19.92938995361328,11274,0.0,0.0
2013-05-13 00:00:00+08:00,19.433332443237305,19.438445683367615,19.331051008344392,19.433332443237305,19487,0.0,0.0
2013-05-14 00:00:00+08:00,19.433332443237305,19.433332443237305,19.433332443237305,19.433332443237305,0,0.0,0.0
2013-05-15 00:00:00+08:00,19.356624603271484,19.356624603271484,19.279914110641,19.356624603271484,10961,0.0,0.0
2013-05-16 00:00:00+08:00,18.92193031311035,19.377078813522836,18.92193031311035,18.92193031311035,3897,0.0,0.0
2013-05-17 00:00:00+08:00,19.024208068847656,19.177629025014465,19.024208068847656,19.024208068847656,13397,0.0,0.0
2013-05-20 00:00:00+08:00,19.024208068847656,19.024208068847656,19.024208068847656,19.024208068847656,0,0.0,0.0
2013-05-21 00:00:00+08:00,19.024208068847656,19.024208068847656,19.024208068847656,19.024208068847656,0,0.0,0.0
2013-05-22 00:00:00+08:00,19.177629470825195,19.177629470825195,19.024208511091903,19.177629470825195,12301,0.0,0.0
2013-05-23 00:00:00+08:00,18.98329734802246,18.98329734802246,18.92192896187639,18.98329734802246,3775,0.0,0.0
2013-05-24 00:00:00+08:00,19.075347900390625,19.172513709450566,18.973067663688454,19.075347900390625,9743,0.0,0.0
2013-05-27 00:00:00+08:00,19.167404174804688,19.17251741541493,19.167404174804688,19.167404174804688,1583,0.0,0.0
2013-05-28 00:00:00+08:00,19.433332443237305,19.433332443237305,19.07534979715306,19.433332443237305,60897,0.0,0.0
2013-05-29 00:00:00+08:00,19.760629653930664,19.760629653930664,19.433332389633474,19.760629653930664,62115,0.0,0.0
2013-05-30 00:00:00+08:00,19.433332443237305,19.689033654428634,19.331051008344392,19.433332443237305,14615,0.0,0.0
2013-05-31 00:00:00+08:00,19.78619956970215,19.78619956970215,19.78619956970215,19.78619956970215,6150,0.0,0.0
2013-06-03 00:00:00+08:00,19.331050872802734,19.43333230697849,19.182744337674496,19.331050872802734,13397,0.0,0.0
2013-06-04 00:00:00+08:00,19.331050872802734,19.535612553133777,19.228770626647446,19.331050872802734,45064,0.0,0.0
2013-06-05 00:00:00+08:00,19.331050872802734,19.43333230697849,19.182744337674496,19.331050872802734,25576,0.0,0.0
2013-06-06 00:00:00+08:00,19.024208068847656,19.177629025014465,18.829875253709837,19.024208068847656,24173,0.0,0.0
2013-06-07 00:00:00+08:00,18.850330352783203,18.850330352783203,18.850330352783203,18.850330352783203,4871,0.0,0.0
2013-06-10 00:00:00+08:00,19.131601333618164,19.228768328063765,19.131601333618164,19.131601333618164,7307,0.0,0.0
2013-06-11 00:00:00+08:00,19.27991485595703,19.37708069169809,19.192975502267853,19.27991485595703,28012,0.0,0.0
2013-06-13 00:00:00+08:00,19.233882904052734,19.38219061977838,19.182743377544945,19.233882904052734,19487,0.0,0.0
2013-06-14 00:00:00+08:00,19.228769302368164,19.228769302368164,19.228769302368164,19.228769302368164,1217,0.0,0.0
2013-06-17 00:00:00+08:00,19.228769302368164,19.228769302368164,19.228769302368164,19.228769302368164,3653,0.0,0.0
2013-06-18 00:00:00+08:00,19.325939178466797,19.325939178466797,18.558833112874577,19.325939178466797,3653,0.0,0.0
2013-06-19 00:00:00+08:00,19.331050872802734,19.331050872802734,19.177629909559567,19.331050872802734,24359,0.0,0.0
2013-06-20 00:00:00+08:00,19.3770751953125,19.3770751953125,19.3770751953125,19.3770751953125,1217,0.0,0.0
2013-06-21 00:00:00+08:00,19.177629470825195,19.274796474663095,18.92192826727652,19.177629470825195,37756,0.0,0.0
2013-06-24 00:00:00+08:00,19.177629470825195,19.177629470825195,19.177629470825195,19.177629470825195,0,0.0,0.0
2013-06-25 00:00:00+08:00,19.331050872802734,19.331050872802734,18.92192870016111,19.331050872802734,12179,0.0,0.0
2013-06-26 00:00:00+08:00,18.671342849731445,18.671342849731445,18.671342849731445,18.671342849731445,2435,0.0,0.0
2013-06-27 00:00:00+08:00,18.671342849731445,18.671342849731445,18.671342849731445,18.671342849731445,0,0.0,0.0
2013-06-28 00:00:00+08:00,19.177629470825195,19.428217434396387,19.177629470825195,19.177629470825195,10961,0.0,0.0
2013-07-01 00:00:00+08:00,19.177629470825195,19.177629470825195,19.177629470825195,19.177629470825195,0,0.0,0.0
2013-07-02 00:00:00+08:00,19.177629470825195,19.177629470825195,19.177629470825195,19.177629470825195,0,0.0,0.0
2013-07-03 00:00:00+08:00,19.177629470825195,19.177629470825195,19.177629470825195,19.177629470825195,0,0.0,0.0
2013-07-04 00:00:00+08:00,18.666227340698242,18.921929752335778,18.666227340698242,18.666227340698242,19487,0.0,0.0
2013-07-05 00:00:00+08:00,18.81964683532715,18.81964683532715,18.81964683532715,18.81964683532715,6089,0.0,0.0
2013-07-08 00:00:00+08:00,18.364500045776367,18.364500045776367,18.364500045776367,18.364500045776367,3653,0.0,0.0
2013-07-09 00:00:00+08:00,18.666227340698242,18.666227340698242,18.666227340698242,18.666227340698242,12179,0.0,0.0
2013-07-10 00:00:00+08:00,18.563949584960938,18.66622985055622,18.563949584960938,18.563949584960938,8525,0.0,0.0
2013-07-11 00:00:00+08:00,18.35938262939453,18.640654764584635,18.35938262939453,18.35938262939453,37756,0.0,0.0
2013-07-12 00:00:00+08:00,16.876312255859375,18.282671709516016,16.722891310952857,16.876312255859375,82333,0.0,0.0
2013-07-15 00:00:00+08:00,16.05807113647461,16.876316791912675,15.85350942560993,16.05807113647461,45307,0.0,0.0
2013-07-16 00:00:00+08:00,15.848392486572267,15.848392486572267,15.347216590104958,15.848392486572266,60897,0.0,0.0
2013-07-17 00:00:00+08:00,16.370025634765625,16.62061361234462,15.853507582776686,16.370025634765625,54807,0.0,0.0
2013-07-18 00:00:00+08:00,16.62061309814453,16.62061309814453,16.62061309814453,16.62061309814453,1217,0.0,0.0
2013-07-19 00:00:00+08:00,16.62061309814453,16.876314308076083,16.62061309814453,16.62061309814453,13397,0.0,0.0
2013-07-22 00:00:00+08:00,16.6717529296875,16.6717529296875,16.6717529296875,16.6717529296875,3653,0.0,0.0
2013-07-23 00:00:00+08:00,17.899124145507812,18.840106589192498,17.23429947668509,17.899124145507812,41775,0.0,0.0
2013-07-24 00:00:00+08:00,17.899124145507812,17.899124145507812,17.899124145507812,17.899124145507812,0,0.0,0.0
2013-07-25 00:00:00+08:00,18.97307014465332,18.97307014465332,18.3082443610837,18.97307014465332,26794,0.0,0.0
2013-07-26 00:00:00+08:00,19.637889862060547,19.944731742652706,19.177627041172308,19.637889862060547,36538,0.0,0.0
2013-07-29 00:00:00+08:00,19.177629470825195,19.18274389882312,18.927041507254003,19.177629470825195,12179,0.0,0.0
2013-07-30 00:00:00+08:00,19.177629470825195,19.177629470825195,19.177629470825195,19.177629470825195,3653,0.0,0.0
2013-07-31 00:00:00+08:00,19.27991485595703,19.27991485595703,19.22877412955285,19.27991485595703,7307,0.0,0.0
2013-08-01 00:00:00+08:00,19.27991485595703,19.27991485595703,19.27991485595703,19.27991485595703,0,0.0,0.0
2013-08-02 00:00:00+08:00,18.671342849731445,18.671342849731445,18.671342849731445,18.671342849731445,3653,0.0,0.0
2013-08-05 00:00:00+08:00,18.671342849731445,18.671342849731445,18.671342849731445,18.671342849731445,0,0.0,0.0
2013-08-06 00:00:00+08:00,18.92193031311035,18.92193031311035,18.92193031311035,18.92193031311035,3653,0.0,0.0
2013-08-07 00:00:00+08:00,19.285022735595703,19.535610680883902,19.279909495991284,19.285022735595703,18269,0.0,0.0
2013-08-08 00:00:00+08:00,19.41798973083496,19.433331826780176,19.029322904216087,19.41798973083496,32641,0.0,0.0
2013-08-09 00:00:00+08:00,19.41798973083496,19.41798973083496,19.41798973083496,19.41798973083496,0,0.0,0.0
2013-08-12 00:00:00+08:00,19.4282169342041,19.4282169342041,19.27991040628698,19.4282169342041,15955,0.0,0.0
2013-08-13 00:00:00+08:00,19.4282169342041,19.4282169342041,19.4282169342041,19.4282169342041,0,0.0,0.0
2013-08-14 00:00:00+08:00,19.331050872802734,19.331050872802734,19.0242089463164,19.331050872802734,2435,0.0,0.0
2013-08-15 00:00:00+08:00,19.331050872802734,19.331050872802734,19.331050872802734,19.331050872802734,0,0.0,0.0
2013-08-16 00:00:00+08:00,19.177629470825195,19.27991090266102,18.819648023461138,19.177629470825195,45064,0.0,0.0
2013-08-19 00:00:00+08:00,19.27991485595703,19.27991485595703,19.27991485595703,19.27991485595703,4871,0.0,0.0
2013-08-20 00:00:00+08:00,19.126489639282227,19.177629166367822,19.02420820907019,19.126489639282227,15833,0.0,0.0
2013-08-22 00:00:00+08:00,19.177629470825195,19.177629470825195,19.024208511091903,19.177629470825195,10961,0.0,0.0
2013-08-23 00:00:00+08:00,19.177629470825195,19.177629470825195,19.177629470825195,19.177629470825195,0,0.0,0.0
2013-08-26 00:00:00+08:00,19.177629470825195,19.351506954529743,19.080462466987296,19.177629470825195,14615,0.0,0.0
2013-08-27 00:00:00+08:00,19.177629470825195,19.351506954529743,19.177629470825195,19.177629470825195,12179,0.0,0.0
2013-08-28 00:00:00+08:00,19.356624603271484,19.356624603271484,19.00375633717125,19.356624603271484,17051,0.0,0.0
2013-08-29 00:00:00+08:00,19.70275115966797,20.075506128656027,19.70275115966797,19.70275115966797,4871,1.231576,0.0
2013-08-30 00:00:00+08:00,20.395009994506836,20.395009994506836,20.24058228236125,20.395009994506836,12179,0.0,0.0
2013-09-02 00:00:00+08:00,20.23525619506836,20.23525619506836,20.23525619506836,20.23525619506836,1217,0.0,0.0
2013-09-03 00:00:00+08:00,20.661264419555664,20.757116835465222,20.501512454781057,20.661264419555664,19487,0.0,0.0
2013-09-04 00:00:00+08:00,21.300273895263672,21.300273895263672,20.458912707761403,21.300273895263672,23141,0.0,0.0
2013-09-05 00:00:00+08:00,22.972341537475586,22.972341537475586,21.77952621731914,22.972341537475586,24359,0.0,0.0
2013-09-06 00:00:00+08:00,22.897789001464847,23.749800974791206,22.897789001464847,22.897789001464844,36051,0.0,0.0
2013-09-09 00:00:00+08:00,23.004291534423828,23.004291534423828,22.89778941730161,23.004291534423828,12179,0.0,0.0
2013-09-10 00:00:00+08:00,23.164045333862305,23.430299411011816,23.164045333862305,23.164045333862305,6089,0.0,0.0
2013-09-11 00:00:00+08:00,22.25878143310547,22.897789181067843,22.25878143310547,22.25878143310547,37147,0.0,0.0
2013-09-12 00:00:00+08:00,22.365285873413086,22.365285873413086,22.26943470125752,22.365285873413086,7307,0.0,0.0
2013-09-13 00:00:00+08:00,22.615562438964844,22.615562438964844,22.365286026021607,22.615562438964844,3653,0.0,0.0
2013-09-16 00:00:00+08:00,21.832778930664062,21.933954348890126,21.619777138681467,21.832778930664062,29230,0.0,0.0
2013-09-17 00:00:00+08:00,21.63042449951172,21.912653776686568,21.63042449951172,21.63042449951172,9743,0.0,0.0
2013-09-18 00:00:00+08:00,21.63042449951172,21.63042449951172,21.63042449951172,21.63042449951172,0,0.0,0.0
2013-09-23 00:00:00+08:00,21.832778930664062,21.90733067119827,21.832778930664062,21.832778930664062,6333,0.0,0.0
2013-09-24 00:00:00+08:00,21.353519439697266,21.83277524635013,21.247017324633582,21.353519439697266,23141,0.0,0.0
2013-09-25 00:00:00+08:00,21.300273895263672,21.300273895263672,20.767765687132783,21.300273895263672,13397,0.0,0.0
2013-09-26 00:00:00+08:00,21.673025131225586,21.673025131225586,21.300271408326942,21.673025131225586,23019,0.0,0.0
2013-09-27 00:00:00+08:00,22.365285873413086,22.5250378270057,21.5665236313606,22.365285873413086,41069,0.0,0.0
2013-09-30 00:00:00+08:00,23.430295944213867,23.430295944213867,22.36528226728696,23.430295944213867,75513,0.0,0.0
2013-10-01 00:00:00+08:00,23.2758731842041,23.962806619338984,22.89779271691397,23.2758731842041,32397,0.0,0.0
2013-10-02 00:00:00+08:00,22.84454345703125,23.211972978004265,22.7912911524247,22.84454345703125,23262,0.0,0.0
2013-10-03 00:00:00+08:00,23.004291534423828,23.004291534423828,22.258781662746667,23.004291534423828,3713,0.0,0.0
2013-10-04 00:00:00+08:00,23.26521873474121,23.27054544872291,22.317355588520662,23.26521873474121,9914,0.0,0.0
2013-10-07 00:00:00+08:00,23.158720016479492,23.42497410969089,22.636865259583335,23.158720016479492,8599,0.0,0.0
2013-10-08 00:00:00+08:00,23.164045333862305,23.164045333862305,22.95104108250694,23.164045333862305,10985,0.0,0.0
2013-10-09 00:00:00+08:00,22.897789001464847,23.05221669737419,22.897789001464847,22.897789001464844,13397,0.0,0.0
2013-10-11 00:00:00+08:00,22.732717514038086,23.057545692330287,22.269436804857406,22.732717514038086,19511,0.0,0.0
2013-10-14 00:00:00+08:00,22.738039016723633,22.738039016723633,22.2587831683893,22.738039016723633,17782,0.0,0.0
2013-10-15 00:00:00+08:00,22.365285873413086,22.5250378270057,22.152281619229992,22.365285873413086,12179,0.0,0.0
2013-10-16 00:00:00+08:00,21.832778930664062,22.897792838756157,21.731603512438,21.832778930664062,64551,0.0,0.0
2013-10-17 00:00:00+08:00,20.34175682067871,21.305593913306293,19.729373987158528,20.34175682067871,83429,0.0,0.0
2013-10-18 00:00:00+08:00,20.60801124572754,20.767763194172268,20.12875540039335,20.60801124572754,62115,0.0,0.0
2013-10-21 00:00:00+08:00,20.767763137817383,20.767763137817383,20.55476136516552,20.767763137817383,65769,0.0,0.0
2013-10-22 00:00:00+08:00,20.83698844909668,20.83698844909668,20.666585564367836,20.83698844909668,8525,0.0,0.0
2013-10-23 00:00:00+08:00,20.821012496948242,20.821012496948242,20.666584810977035,20.821012496948242,31057,0.0,0.0
2013-10-24 00:00:00+08:00,20.767763137817383,20.767763137817383,20.55476136516552,20.767763137817383,17690,0.0,0.0
2013-10-25 00:00:00+08:00,20.677236557006836,20.8689401234202,20.677236557006836,20.677236557006836,6089,0.0,0.0
2013-10-28 00:00:00+08:00,20.677236557006836,20.677236557006836,20.677236557006836,20.677236557006836,0,0.0,0.0
2013-10-29 00:00:00+08:00,20.661264419555664,20.767765317057137,20.240583833300935,20.661264419555664,22166,0.0,0.0
2013-10-30 00:00:00+08:00,20.23525619506836,20.767761830214475,20.23525619506836,20.23525619506836,6089,0.0,0.0
2013-10-31 00:00:00+08:00,20.34175682067871,20.395007878346203,20.235255942388292,20.34175682067871,17051,0.0,0.0
2013-11-01 00:00:00+08:00,20.23525619506836,20.341757074688665,20.128754078403468,20.23525619506836,14615,0.0,0.0
2013-11-04 00:00:00+08:00,21.236370086669922,21.566522456719653,20.773089446484356,21.236370086669922,45064,0.0,0.0
2013-11-05 00:00:00+08:00,21.46002006530762,21.832773731025476,21.236367371059114,21.460020065307617,31666,0.0,0.0
2013-11-06 00:00:00+08:00,21.992528915405273,21.992528915405273,21.30559553839042,21.992528915405273,35320,0.0,0.0
2013-11-07 00:00:00+08:00,21.832778930664062,22.008506089424333,21.731603512438,21.832778930664062,18269,0.0,0.0
2013-11-08 00:00:00+08:00,21.300273895263672,21.406773557618145,21.039344032089062,21.300273895263672,14615,0.0,0.0
2013-11-11 00:00:00+08:00,20.874263763427734,20.874263763427734,20.767761647698826,20.874263763427734,7307,0.0,0.0
2013-11-12 00:00:00+08:00,20.501510620117188,20.821015758118932,20.501510620117188,20.501510620117188,29230,0.0,0.0
2013-11-13 00:00:00+08:00,20.501510620117188,20.554761682624925,20.44825955760945,20.501510620117188,9743,0.0,0.0
2013-11-14 00:00:00+08:00,20.34175682067871,20.34175682067871,19.969001891095395,20.34175682067871,19487,0.0,0.0
2013-11-15 00:00:00+08:00,20.22993278503418,20.496185629810558,20.22993278503418,20.22993278503418,3653,0.0,0.0
2013-11-18 00:00:00+08:00,20.160707473754883,20.922192649631466,20.160707473754883,20.160707473754883,14737,0.0,0.0
2013-11-19 00:00:00+08:00,20.767763137817383,20.890240455989105,20.235257469143054,20.767763137817383,26794,0.0,0.0
2013-11-20 00:00:00+08:00,20.767763137817383,20.927515085828613,20.29383277106562,20.767763137817383,15833,0.0,0.0
2013-11-21 00:00:00+08:00,20.874263763427734,20.874263763427734,20.767761647698826,20.874263763427734,8525,0.0,0.0
2013-11-22 00:00:00+08:00,20.874263763427734,20.938164538047246,20.874263763427734,20.874263763427734,14615,0.0,0.0
2013-11-25 00:00:00+08:00,20.98076629638672,20.98076629638672,20.82633859662218,20.98076629638672,12179,0.0,0.0
2013-11-26 00:00:00+08:00,20.927515029907227,21.300271223663593,20.900891354702715,20.927515029907227,15285,0.0,0.0
2013-11-27 00:00:00+08:00,20.98076629638672,21.03401611826554,20.773088774743357,20.98076629638672,46282,0.0,0.0
2013-11-28 00:00:00+08:00,21.034015655517578,21.300269707232502,20.92751354001378,21.034015655517578,17051,0.0,0.0
2013-11-29 00:00:00+08:00,20.93284034729004,21.034015749311862,20.927513633333152,20.93284034729004,10291,0.0,0.0
2013-12-02 00:00:00+08:00,21.300273895263672,21.300273895263672,20.93284436973459,21.300273895263672,19487,0.0,0.0
2013-12-03 00:00:00+08:00,21.40677261352539,21.566524574101265,21.103243888431226,21.40677261352539,13397,0.0,0.0
2013-12-04 00:00:00+08:00,21.832778930664062,21.832778930664062,21.353523043136054,21.832778930664062,44254,0.0,0.0
2013-12-05 00:00:00+08:00,24.229061126708984,24.495312751289166,21.763554160323757,24.229061126708984,106978,0.0,0.0
2013-12-06 00:00:00+08:00,25.560319900512695,27.051339489159282,24.921312212260993,25.560319900512695,266124,0.0,0.0
2013-12-09 00:00:00+08:00,25.933080673217773,26.7318404264019,25.560324472338934,25.933080673217773,82187,0.0,0.0
2013-12-10 00:00:00+08:00,23.696550369262695,26.18868321849895,23.020267951130798,23.696550369262695,154497,0.0,0.0
2013-12-11 00:00:00+08:00,23.909555435180664,24.0533321925261,23.424972862882747,23.909555435180664,51762,0.0,0.0
2013-12-12 00:00:00+08:00,24.655059814453125,25.18224366620997,23.590048579668572,24.655059814453125,120699,0.0,0.0
2013-12-13 00:00:00+08:00,24.229061126708984,24.649740474890173,23.669926777275606,24.229061126708984,98654,0.0,0.0
2013-12-16 00:00:00+08:00,26.89159393310547,27.05134589298625,24.49531206080423,26.89159393310547,538334,0.0,0.0
2013-12-17 00:00:00+08:00,25.986326217651367,27.796849675989392,25.986326217651367,25.986326217651367,266235,0.0,0.0
2013-12-18 00:00:00+08:00,26.199329376220707,26.35908130918275,25.986327623634345,26.199329376220703,71980,0.0,0.0
2013-12-19 00:00:00+08:00,26.092832565307617,26.359084166378665,26.092832565307617,26.092832565307617,35352,0.0,0.0
2013-12-20 00:00:00+08:00,25.134319305419922,25.98633138734405,24.548563782447722,25.134319305419922,221879,0.0,0.0
2013-12-23 00:00:00+08:00,26.092832565307617,26.359084166378665,25.29407033982638,26.092832565307617,71827,0.0,0.0
2013-12-24 00:00:00+08:00,25.826580047607422,26.731841978472747,25.560325956390678,25.826580047607422,251750,0.0,0.0
2013-12-25 00:00:00+08:00,25.560319900512695,26.092827956781733,25.294065872378177,25.560319900512695,166737,0.0,0.0
2013-12-26 00:00:00+08:00,26.73184204101562,26.89159400130153,25.02782030660278,26.731842041015625,466355,0.0,0.0
2013-12-27 00:00:00+08:00,27.157844543457028,28.64353757992746,26.572086607607414,27.15784454345703,1099810,0.0,0.0
2013-12-30 00:00:00+08:00,27.157844543457028,27.850102122850796,26.62533642937949,27.15784454345703,610193,0.0,0.0
2013-12-31 00:00:00+08:00,27.15251922607422,27.26434558941008,26.731839922030993,27.15251922607422,557091,0.0,0.0
2014-01-02 00:00:00+08:00,27.05134201049805,27.317596063448956,26.470910797599576,27.051342010498047,445892,0.0,0.0
2014-01-03 00:00:00+08:00,26.52416038513184,26.998091951950503,26.359081735674014,26.524160385131836,181718,0.0,0.0
2014-01-06 00:00:00+08:00,26.039581298828125,26.731841426889712,25.991655711843375,26.039581298828125,180013,0.0,0.0
2014-01-07 00:00:00+08:00,26.51883506774902,26.72651506898584,26.098155773351685,26.518835067749023,67718,0.0,0.0
2014-01-08 00:00:00+08:00,26.72118377685547,26.944836460082257,26.46558071031057,26.72118377685547,133487,0.0,0.0
2014-01-09 00:00:00+08:00,25.45382308959961,26.6253390778308,25.45382308959961,25.45382308959961,310577,0.0,0.0
2014-01-10 00:00:00+08:00,25.29406929016113,25.72007529792132,25.29406929016113,25.294069290161133,61628,0.0,0.0
2014-01-13 00:00:00+08:00,25.29406929016113,25.54967239999939,25.139644060693357,25.294069290161133,47743,0.0,0.0
2014-01-14 00:00:00+08:00,25.29406929016113,25.666825474734768,25.29406929016113,25.294069290161133,7065,0.0,0.0
2014-01-15 00:00:00+08:00,26.364410400390625,26.731839879335894,25.56032394924795,26.364410400390625,151330,0.0,0.0
2014-01-16 00:00:00+08:00,26.199329376220707,26.726513229084546,25.99165186337005,26.199329376220703,36843,0.0,0.0
2014-01-17 00:00:00+08:00,26.092832565307617,26.284534905641667,25.98633044042558,26.092832565307617,38974,0.0,0.0
2014-01-20 00:00:00+08:00,26.62533950805664,26.62533950805664,26.098158047060966,26.62533950805664,122038,0.0,0.0
2014-01-21 00:00:00+08:00,26.57208633422852,26.625336155452747,26.25258245870479,26.572086334228516,34102,0.0,0.0
2014-01-22 00:00:00+08:00,26.41234016418457,26.71054219706627,26.359087857242354,26.41234016418457,125692,0.0,0.0
2014-01-23 00:00:00+08:00,26.199329376220707,26.62001111574682,25.986327623634345,26.199329376220703,79739,0.0,0.0
2014-01-24 00:00:00+08:00,26.199329376220707,26.62001111574682,26.092829736972075,26.199329376220703,49582,0.0,0.0
2014-01-27 00:00:00+08:00,26.146081924438477,26.62533776672699,26.0449065157629,26.146081924438477,77048,0.0,0.0
2014-02-05 00:00:00+08:00,25.879825592041016,26.14607963918178,25.459146325275235,25.879825592041016,57243,0.0,0.0
2014-02-06 00:00:00+08:00,25.7200756072998,25.87982755287032,25.469799208632185,25.720075607299805,30570,0.0,0.0
2014-02-07 00:00:00+08:00,25.90645408630371,25.933080235657048,25.560324041067606,25.90645408630371,47502,0.0,0.0
2014-02-10 00:00:00+08:00,26.62533950805664,26.89159359588226,25.906455697607996,26.62533950805664,136045,0.0,0.0
2014-02-11 00:00:00+08:00,26.620010375976562,26.731836725942337,26.252580940374727,26.620010375976562,101171,0.0,0.0
2014-02-12 00:00:00+08:00,26.577409744262695,26.72651319757756,26.57208550453327,26.577409744262695,113878,0.0,0.0
2014-02-13 00:00:00+08:00,26.72651481628418,26.886266758733363,26.524161531152128,26.72651481628418,101820,0.0,0.0
2014-02-14 00:00:00+08:00,27.530603408813477,28.297412861813857,26.67859125608661,27.530603408813477,319409,0.0,0.0
2014-02-17 00:00:00+08:00,27.05134201049805,27.567872448615436,26.78508795754714,27.051342010498047,229096,0.0,0.0
2014-02-18 00:00:00+08:00,27.477344512939453,27.69034624381221,27.157840679585888,27.477344512939453,396481,0.0,0.0
2014-02-19 00:00:00+08:00,27.637104034423828,27.903355652756115,27.424099770850567,27.637104034423828,322964,0.0,0.0
2014-02-20 00:00:00+08:00,27.157844543457028,27.61579845369311,27.05134242582368,27.15784454345703,230192,0.0,0.0
2014-02-21 00:00:00+08:00,27.184469223022457,27.370847317253812,27.05666766676994,27.18446922302246,141964,0.0,0.0
2014-02-24 00:00:00+08:00,27.322921752929688,27.690351227414823,27.26434521490954,27.322921752929688,214968,0.0,0.0
2014-02-25 00:00:00+08:00,26.359085083007812,27.583850902429333,26.092833472677945,26.359085083007812,451981,0.0,0.0
2014-02-26 00:00:00+08:00,26.62533950805664,26.795742421155776,26.252585764372355,26.62533950805664,267534,0.0,0.0
2014-02-27 00:00:00+08:00,26.72651481628418,26.758465204774016,26.524161531152128,26.72651481628418,297423,0.0,0.0
2014-03-03 00:00:00+08:00,26.252586364746094,26.833017666945054,26.092834403215228,26.252586364746094,390962,0.0,0.0
2014-03-04 00:00:00+08:00,26.188684463500973,26.359084899142005,25.826579208107276,26.188684463500977,287680,0.0,0.0
2014-03-05 00:00:00+08:00,26.252586364746094,26.72651800865084,25.933082441684366,26.252586364746094,359785,0.0,0.0
2014-03-06 00:00:00+08:00,26.359085083007812,26.62533916742713,26.14608329992603,26.359085083007812,303330,0.0,0.0
2014-03-07 00:00:00+08:00,26.199329376220707,26.73183746882025,26.199329376220707,26.199329376220703,325436,0.0,0.0
2014-03-10 00:00:00+08:00,26.62533950805664,26.731841638004784,25.72007758872111,26.62533950805664,518360,0.0,0.0
2014-03-11 00:00:00+08:00,24.921313912524354,26.62533535548252,24.388808294013906,26.199329376220703,3895509,0.0,0.0
2014-03-12 00:00:00+08:00,26.092832620194045,29.021620030851214,25.294070393032605,28.382612228393555,4740237,0.0,0.0
2014-03-13 00:00:00+08:00,28.382607562977697,29.234617001508322,27.69034757471316,28.16960334777832,2951375,0.0,0.0
2014-03-14 00:00:00+08:00,27.69035497900453,28.435864983370852,27.370851044860334,27.424100875854492,1465318,0.0,0.0
2014-03-17 00:00:00+08:00,27.530599564510563,29.181371333603256,26.891591776239668,28.915117263793945,2601669,0.0,0.0
2014-03-18 00:00:00+08:00,29.287875800094927,29.287875800094927,27.743603556074763,27.956607818603516,1721039,0.0,0.0
2014-03-19 00:00:00+08:00,28.222861839466514,29.873631262462883,27.47735187065065,29.181373596191406,3696033,0.0,0.0
2014-03-20 00:00:00+08:00,27.85010596367057,28.43586398030232,27.15784828880726,27.31760025024414,2610144,0.0,0.0
2014-03-21 00:00:00+08:00,27.370851044860334,27.956609082154564,27.157849246794083,27.424100875854492,823335,0.0,0.0
2014-03-24 00:00:00+08:00,27.211095140967036,27.211095140967036,26.039579235870058,26.518835067749023,851592,0.0,0.0
2014-03-25 00:00:00+08:00,26.465586406084647,27.47735041163025,26.465586406084647,26.99809455871582,564155,0.0,0.0
2014-03-26 00:00:00+08:00,26.99809177175868,27.796851444161756,26.3590815597471,26.944839477539062,803848,0.0,0.0
2014-03-27 00:00:00+08:00,26.731841638004784,26.998095725830407,26.518837378108493,26.62533950805664,517873,0.0,0.0
2014-03-28 00:00:00+08:00,26.62533824153908,26.838342491303155,26.092832565307617,26.092832565307617,637180,0.0,0.0
2014-03-31 00:00:00+08:00,26.359084166378665,26.51883611665704,25.826578490147202,26.092832565307617,512810,0.0,0.0
2014-04-01 00:00:00+08:00,26.146085044260854,27.211098978901028,26.146085044260854,26.678590774536133,848608,0.0,0.0
2014-04-02 00:00:00+08:00,26.731840482400234,27.211096335314664,26.67858818268349,26.99809455871582,856354,0.0,0.0
2014-04-03 00:00:00+08:00,26.99809373700308,27.104593385016397,26.359083478476688,26.78508949279785,738432,0.0,0.0
2014-04-07 00:00:00+08:00,26.46558721159343,26.998095380432066,26.19933312717411,26.359085083007812,442453,0.0,0.0
2014-04-08 00:00:00+08:00,26.35908422552306,26.35908422552306,25.826578548096766,25.933080673217773,554168,0.0,0.0
2014-04-09 00:00:00+08:00,26.012956126276997,26.49221196856551,25.986329977008975,26.146081924438477,539248,0.0,0.0
2014-04-10 00:00:00+08:00,26.35908369631471,26.35908369631471,25.986329977008975,26.146081924438477,280128,0.0,0.0
2014-04-11 00:00:00+08:00,26.146081924438477,26.678587591173716,25.986329977008975,26.146081924438477,557822,0.0,0.0
2014-04-14 00:00:00+08:00,26.1993361047859,26.1993361047859,24.97457014616705,25.107698440551758,601172,0.0,0.0
2014-04-15 00:00:00+08:00,25.37394430749857,25.72007182257562,25.027814318332588,25.560319900512695,371514,0.0,0.0
2014-04-16 00:00:00+08:00,25.826579718669258,27.10459538168907,25.34732384503683,26.62533950805664,1627088,0.0,0.0
2014-04-17 00:00:00+08:00,26.305837592259028,26.731843670350145,26.092835790258302,26.385713577270508,820899,0.0,0.0
2014-04-18 00:00:00+08:00,26.998093472641568,28.06310726097136,26.731839407036798,27.58384895324707,2565658,0.0,0.0
2014-04-21 00:00:00+08:00,27.530599705710657,27.85010360148479,26.944841738761635,27.211095809936523,1476856,0.0,0.0
2014-04-22 00:00:00+08:00,26.944842318114365,27.26434622075829,26.731840541048207,26.838342666625977,837432,0.0,0.0
2014-04-23 00:00:00+08:00,27.051343756028114,27.157845878898524,26.17270804609285,26.2259578704834,859279,0.0,0.0
2014-04-24 00:00:00+08:00,26.09283383169509,26.22595963869173,25.40057369749779,25.480449676513672,1116915,0.0,0.0
2014-04-25 00:00:00+08:00,25.480445796420888,25.480445796420888,23.723174525663968,24.01605224609375,1508555,0.0,0.0
2014-04-28 00:00:00+08:00,23.723179372271613,23.776429203022488,23.27054962566512,23.59005355834961,631629,0.0,0.0
2014-04-29 00:00:00+08:00,23.590049532209232,24.601810988335117,23.590049532209232,24.30893325805664,567565,0.0,0.0
2014-04-30 00:00:00+08:00,24.22905859434142,24.255682269563042,23.45692253112793,23.45692253112793,356859,0.0,0.0
2014-05-02 00:00:00+08:00,23.536798422137892,24.175806210637106,23.536798422137892,23.696550369262695,292315,0.0,0.0
2014-05-05 00:00:00+08:00,23.962802426221728,24.255680146651514,23.962802426221728,24.01605224609375,356989,0.0,0.0
2014-05-06 00:00:00+08:00,24.22905864203061,24.814814135309728,24.122556518666528,24.6018123626709,549308,0.0,0.0
2014-05-07 00:00:00+08:00,24.495311903980994,24.495311903980994,24.095932006835938,24.095932006835938,442238,0.0,0.0
2014-05-08 00:00:00+08:00,24.122558992423162,24.495312751289166,23.9095571979411,24.229061126708984,458558,0.0,0.0
2014-05-09 00:00:00+08:00,24.49531434520605,25.240824385538186,24.2290627033008,24.868070602416992,856249,0.0,0.0
2014-05-12 00:00:00+08:00,24.868066434036432,25.081068206675265,24.22905864203061,24.6018123626709,439863,0.0,0.0
2014-05-13 00:00:00+08:00,24.947942185091332,24.947942185091332,23.85630223411054,23.93617820739746,422657,0.0,0.0
2014-05-14 00:00:00+08:00,24.016054319667884,24.122556442696553,23.37704652967451,23.53679847717285,567687,0.0,0.0
2014-05-15 00:00:00+08:00,23.16404657391944,23.217296402564248,21.939280722372697,22.63153839111328,1072560,0.0,0.0
2014-05-16 00:00:00+08:00,22.365286773799717,22.84454265387155,22.178908662408613,22.63153839111328,434808,0.0,0.0
2014-05-19 00:00:00+08:00,22.63153653862235,22.738038661283817,22.418534767388728,22.471784591674805,322879,0.0,0.0
2014-05-20 00:00:00+08:00,22.498413014932567,22.844543093001107,22.471786863053584,22.658164978027344,199744,0.0,0.0
2014-05-21 00:00:00+08:00,22.684790559555594,23.164046436790272,22.658164408346057,22.95104217529297,210949,0.0,0.0
2014-05-22 00:00:00+08:00,23.270547624756507,24.149183364089723,23.164045498322682,23.909555435180664,600569,0.0,0.0
2014-05-23 00:00:00+08:00,23.90955502683659,24.282308751854732,23.61667480266793,23.80305290222168,238915,0.0,0.0
2014-05-26 00:00:00+08:00,23.590049373301706,23.696549015909646,23.243919349602976,23.323795318603516,237741,0.0,0.0
2014-05-27 00:00:00+08:00,23.43029736682285,23.74980124189122,23.1906669864324,23.56342315673828,193083,0.0,0.0
2014-05-28 00:00:00+08:00,23.456923766374207,25.134319305419922,23.456923766374207,25.134319305419922,776119,0.0,0.0
2014-05-29 00:00:00+08:00,24.974568089343897,25.027820392347987,24.308936568598515,24.442062377929688,375479,0.0,0.0
2014-05-30 00:00:00+08:00,24.308933211376058,24.761562879862545,24.308933211376058,24.468685150146484,170513,0.0,0.0
2014-06-03 00:00:00+08:00,24.894689886840514,24.894689886840514,23.90955453236136,23.93617820739746,194900,0.0,0.0
2014-06-04 00:00:00+08:00,23.936178673464955,24.282308722477637,23.776426723780542,23.8829288482666,147372,0.0,0.0
2014-06-05 00:00:00+08:00,23.909551705459887,25.5336971282959,23.909551705459887,25.5336971282959,1433961,0.0,0.0
2014-06-06 00:00:00+08:00,25.13431803131264,25.347322278040803,24.495310239306818,24.6018123626709,881530,0.0,0.0
2014-06-09 00:00:00+08:00,24.868065222955202,25.294068747486385,24.868065222955202,25.214195251464844,484744,0.0,0.0
2014-06-10 00:00:00+08:00,25.560324559704373,26.092832713040156,25.027818880457968,25.693452835083008,669879,0.0,0.0
2014-06-11 00:00:00+08:00,25.69345248305409,25.773328457551134,25.42719841003418,25.42719841003418,444552,0.0,0.0
2014-06-12 00:00:00+08:00,25.453818350527666,25.66682256732433,24.81481064831564,25.027814865112305,382506,0.0,0.0
2014-06-13 00:00:00+08:00,25.027820253382888,25.027820253382888,24.655064030782068,24.761566162109375,253340,0.0,0.0
2014-06-16 00:00:00+08:00,24.681689845821353,24.681689845821353,24.282309951397828,24.495311737060547,247481,0.0,0.0
2014-06-17 00:00:00+08:00,24.65506218730827,24.76156431067235,24.44206041466944,24.6018123626709,171144,0.0,0.0
2014-06-18 00:00:00+08:00,24.548562235670634,24.628438208687534,24.122556221550724,24.175806045532227,292308,0.0,0.0
2014-06-19 00:00:00+08:00,24.202433972513123,24.76156582470606,24.016055863752317,24.495311737060547,211923,0.0,0.0
2014-06-20 00:00:00+08:00,24.495310352110945,24.548562651082886,24.04268065538551,24.28230857849121,243590,0.0,0.0
2014-06-23 00:00:00+08:00,24.38881054202844,24.38881054202844,23.37704655728442,23.45692253112793,417757,0.0,0.0
2014-06-24 00:00:00+08:00,23.430299234470766,23.74980313500705,23.430299234470766,23.643301010131836,160769,0.0,0.0
2014-06-25 00:00:00+08:00,23.430301195540796,23.882930934488293,23.430301195540796,23.483551025390625,108397,0.0,0.0
2014-06-26 00:00:00+08:00,23.536797009119528,23.776424915420804,23.483547187971187,23.56342315673828,165653,0.0,0.0
2014-06-27 00:00:00+08:00,23.59005265325726,23.85630427088584,23.59005265325726,23.616676330566406,155958,0.0,0.0
2014-06-30 00:00:00+08:00,23.696550452658464,23.696550452658464,23.43029885590631,23.45692253112793,231410,0.0,0.0
2014-07-01 00:00:00+08:00,23.004291030158385,23.40367086800062,23.004291030158385,23.21729278564453,267949,0.0,0.0
2014-07-02 00:00:00+08:00,23.217295566005735,23.61667545167526,23.217295566005735,23.27054786682129,124307,0.0,0.0
2014-07-03 00:00:00+08:00,23.27054962566512,23.803055355442734,23.27054962566512,23.59005355834961,120615,0.0,0.0
2014-07-04 00:00:00+08:00,24.12255630309671,24.282308249670553,23.749802585787517,23.93617820739746,386189,0.0,0.0
2014-07-07 00:00:00+08:00,23.32379906175156,23.696552818879525,23.32379906175156,23.483551025390625,158409,0.0,0.0
2014-07-08 00:00:00+08:00,23.377045116977982,23.456921085900174,23.377045116977982,23.403671264648438,137674,0.0,0.0
2014-07-09 00:00:00+08:00,23.350421369865767,23.40367367068132,23.27054786682129,23.27054786682129,168077,0.0,0.0
2014-07-10 00:00:00+08:00,23.270544016379283,23.643297689963642,23.270544016379283,23.430295944213867,158333,0.0,0.0
2014-07-11 00:00:00+08:00,25.054444646780258,25.054444646780258,24.06930680487148,24.28230857849121,1196114,0.0,0.0
2014-07-14 00:00:00+08:00,23.696551212402067,23.856303165210953,23.16404552773558,23.829679489135742,861129,0.0,0.0
2014-07-15 00:00:00+08:00,24.24290807220729,24.98672415098527,24.02251641634264,24.628589630126953,453169,1.231576,0.0
2014-07-16 00:00:00+08:00,24.628596423450922,24.628596423450922,23.967426393277254,24.10516929626465,260641,0.0,0.0
2014-07-17 00:00:00+08:00,23.967420183291388,24.242908477783203,23.967420183291388,24.242908477783203,91652,0.0,0.0
2014-07-18 00:00:00+08:00,24.132712920053986,24.573493684230648,24.105163322325534,24.408201217651367,248462,0.0,0.0
2014-07-21 00:00:00+08:00,24.683691858226013,24.90408356403817,24.435753109109502,24.601045608520508,191225,0.0,0.0
2014-07-22 00:00:00+08:00,24.683690919536698,24.7387901238425,24.518398426411554,24.545948028564453,231521,0.0,0.0
2014-07-23 00:00:00+08:00,24.545948028564453,24.545948028564453,24.545948028564453,24.545948028564453,0,0.0,0.0
2014-07-24 00:00:00+08:00,25.069371637850193,25.069371637850193,24.68368750071343,24.738786697387695,313135,0.0,0.0
2014-07-25 00:00:00+08:00,24.628594025874754,24.628594025874754,24.353105686822204,24.38065528869629,153480,0.0,0.0
2014-07-28 00:00:00+08:00,24.628590319791837,25.069371083968502,24.27045578890482,24.408201217651367,157115,0.0,0.0
2014-07-29 00:00:00+08:00,24.738786150809933,24.93162565522195,24.325552424466004,24.408201217651367,336154,0.0,0.0
2014-07-30 00:00:00+08:00,24.40820392042064,24.57349640530309,24.353104718862486,24.43575096130371,68205,0.0,0.0
2014-07-31 00:00:00+08:00,24.62859545084089,24.79388795185673,24.435753346356996,24.766338348388672,291090,0.0,0.0
2014-08-01 00:00:00+08:00,24.628590319791837,24.628590319791837,24.38065161992291,24.408201217651367,295849,0.0,0.0
2014-08-04 00:00:00+08:00,24.463300024071355,24.711238745942218,24.408203383620922,24.573495864868164,208269,0.0,0.0
2014-08-05 00:00:00+08:00,24.518397346939988,24.6836898327878,24.38065446203215,24.463300704956055,202180,0.0,0.0
2014-08-06 00:00:00+08:00,24.46330062486246,24.46330062486246,23.251154026016444,23.857227325439453,335014,0.0,0.0
2014-08-07 00:00:00+08:00,24.242907333859318,24.29800396619962,23.691930770874023,23.691930770874023,135192,0.0,0.0
2014-08-08 00:00:00+08:00,23.55418801012334,23.829673732890562,22.700176125795565,23.251150131225586,213263,0.0,0.0
2014-08-11 00:00:00+08:00,24.13271141052246,24.13271141052246,23.82967353415203,24.13271141052246,202188,0.0,0.0
2014-08-12 00:00:00+08:00,24.13271455701086,24.32555407450346,23.74703040223387,23.774580001831055,62115,0.0,0.0
2014-08-13 00:00:00+08:00,23.967424947824092,23.967424947824092,22.645082407329653,23.113412857055664,763655,0.0,0.0
2014-08-14 00:00:00+08:00,23.030763073913644,23.36134801833087,22.645078932163013,23.278701782226562,328847,0.0,0.0
2014-08-15 00:00:00+08:00,23.085862099864094,23.636838770828568,23.030765456726076,23.609289169311523,256987,0.0,0.0
2014-08-18 00:00:00+08:00,23.49909103805805,23.581737274676488,23.140959052642028,23.306251525878906,199744,0.0,0.0
2014-08-19 00:00:00+08:00,23.333796918598917,23.581735610961914,23.333796918598917,23.581735610961914,127884,0.0,0.0
2014-08-20 00:00:00+08:00,23.85722627816972,23.85722627816972,23.196056365966797,23.196056365966797,148630,0.0,0.0
2014-08-21 00:00:00+08:00,23.196052110058375,23.22359914474869,22.589978948440002,23.003210067749023,196090,0.0,0.0
2014-08-22 00:00:00+08:00,23.14095686607693,23.388895552504774,22.975664408458364,23.251150131225586,98897,0.0,0.0
2014-08-25 00:00:00+08:00,23.14096148782198,23.168508529663086,23.030765640769275,23.168508529663086,69423,0.0,0.0
2014-08-26 00:00:00+08:00,23.27870245222364,23.80212948258122,23.27870245222364,23.636837005615234,219231,0.0,0.0
2014-08-27 00:00:00+08:00,24.077618063434855,24.077618063434855,23.636837266691703,23.8021297454834,186346,0.0,0.0
2014-08-28 00:00:00+08:00,23.8021297454834,24.077618063434855,23.8021297454834,23.8021297454834,157115,0.0,0.0
2014-08-29 00:00:00+08:00,23.857226385115325,23.857226385115325,23.71948350608755,23.8021297454834,56025,0.0,0.0
2014-09-01 00:00:00+08:00,23.91231937971701,24.766331243259675,23.91231937971701,24.51839256286621,412154,0.0,0.0
2014-09-02 00:00:00+08:00,24.4357534845164,25.28976559789221,24.4357534845164,24.793888092041016,990925,0.0,0.0
2014-09-03 00:00:00+08:00,25.152020442678868,26.529456982036265,25.096921240375266,26.391714096069336,2801559,0.0,0.0
2014-09-04 00:00:00+08:00,26.226419322566638,26.226419322566638,25.344857761522743,25.620346069335938,1301990,0.0,0.0
2014-09-05 00:00:00+08:00,25.62034745399697,27.411017711716443,25.62034745399697,27.05288314819336,3297836,0.0,0.0
2014-09-09 00:00:00+08:00,27.300819523627066,27.71405069220703,26.61210005602854,27.438562393188477,2010290,0.0,0.0
2014-09-10 00:00:00+08:00,27.383474619427133,27.383474619427133,26.061134452023733,26.94269371032715,1210115,0.0,0.0
2014-09-11 00:00:00+08:00,27.273270903750195,27.32837010146715,26.006027754697577,26.336612701416016,1493016,0.0,0.0
2014-09-12 00:00:00+08:00,26.36416285233311,26.997785720075225,26.22641997494807,26.557004928588867,932276,0.0,0.0
2014-09-15 00:00:00+08:00,26.557005609347062,26.777394730791723,26.2264206472321,26.446809768676758,535655,0.0,0.0
2014-09-16 00:00:00+08:00,26.446808252581345,28.26502799987793,26.391711615352648,28.26502799987793,4427194,0.0,0.0
2014-09-17 00:00:00+08:00,27.82424600392981,28.540512496120567,27.21817278137106,28.154830932617188,2975651,0.0,0.0
2014-09-18 00:00:00+08:00,28.265026078127462,28.87109672612354,27.824245330579352,28.375219345092773,2296974,0.0,0.0
2014-09-19 00:00:00+08:00,28.375224568949964,28.871102041271396,27.93444630015053,28.044639587402344,1734396,0.0,0.0
2014-09-22 00:00:00+08:00,27.934446546812342,28.65071315985814,27.54876235833712,28.209932327270508,1319074,0.0,0.0
2014-09-23 00:00:00+08:00,28.09973441801785,28.32012351812041,27.548757827917903,27.71405029296875,810005,0.0,0.0
2014-09-24 00:00:00+08:00,27.658961797405897,27.87935096236466,27.10798504516432,27.32837677001953,1206022,0.0,0.0
2014-09-25 00:00:00+08:00,27.54876049569195,27.60385713607913,26.44680976867676,26.446809768676758,1053528,0.0,0.0
2014-09-26 00:00:00+08:00,26.00602752758941,26.033577126207298,25.427503875884337,25.482603073120117,1054746,0.0,0.0
2014-09-29 00:00:00+08:00,25.6203456656438,26.088676037536473,25.6203456656438,25.89583396911621,456731,0.0,0.0
2014-09-30 00:00:00+08:00,26.198873034999053,27.658958435058594,26.171323432767092,27.658958435058594,4165328,0.0,0.0
2014-10-01 00:00:00+08:00,27.32837677001953,28.09974268721987,27.10798504516432,27.32837677001953,2154733,0.0,0.0
2014-10-02 00:00:00+08:00,27.824249675268714,29.201688766479492,27.218176372740132,29.201688766479492,3733699,0.0,0.0
2014-10-03 00:00:00+08:00,29.42207415510967,29.47717079019263,28.43031936424218,28.871097564697266,3231987,0.0,0.0
2014-10-06 00:00:00+08:00,29.366977137901632,30.468927744492085,29.036392211914062,29.036392211914062,3721391,0.0,0.0
2014-10-07 00:00:00+08:00,29.036397852208104,29.91795697278513,28.540517807006836,28.540517807006836,2973264,0.0,0.0
2014-10-08 00:00:00+08:00,28.540516285538537,28.816004615987403,27.54876136779785,27.54876136779785,2146612,0.0,0.0
2014-10-09 00:00:00+08:00,28.26502519575336,28.320121827516015,26.722293907443575,27.190624237060547,1839716,0.0,0.0
2014-10-13 00:00:00+08:00,25.34486063144657,26.83249561417343,25.34486063144657,26.281518936157227,1410921,0.0,0.0
2014-10-14 00:00:00+08:00,26.4468121610728,26.4468121610728,25.62034968102305,26.06113052368164,788014,0.0,0.0
2014-10-15 00:00:00+08:00,25.895836274398032,26.887591183311113,25.895836274398032,26.08867835998535,1091291,0.0,0.0
2014-10-16 00:00:00+08:00,25.895836776434145,25.895836776434145,24.29800853890993,25.23466682434082,1030387,0.0,0.0
2014-10-17 00:00:00+08:00,25.06937667387863,25.56525418418607,24.160265345085364,24.353107452392578,1162040,0.0,0.0
2014-10-20 00:00:00+08:00,25.124472709954105,25.124472709954105,24.353106859403997,24.601045608520508,662632,0.0,0.0
2014-10-21 00:00:00+08:00,24.793882092077613,24.931624957071286,24.518393802194627,24.628589630126953,401924,0.0,0.0
2014-10-22 00:00:00+08:00,24.904081848294158,25.67544508580567,24.904081848294158,25.23466682434082,688289,0.0,0.0
2014-10-23 00:00:00+08:00,24.9040773826174,25.152016070193245,24.848978189892367,24.876527786254883,249680,0.0,0.0
2014-10-24 00:00:00+08:00,24.876527463602606,24.959173691722622,24.050065182402445,24.13271141052246,892796,0.0,0.0
2014-10-27 00:00:00+08:00,24.132714594886238,24.545945790013064,23.14095972658185,23.196056365966797,1097374,0.0,0.0
2014-10-28 00:00:00+08:00,23.416447762330776,23.912325244742604,23.196058623446458,23.499094009399414,524937,0.0,0.0
2014-10-29 00:00:00+08:00,23.80213037248753,24.38065406349813,23.636837889341642,24.270458221435547,836733,0.0,0.0
2014-10-30 00:00:00+08:00,24.242912008035102,24.242912008035102,23.747031981781525,24.18781280517578,315449,0.0,0.0
2014-10-31 00:00:00+08:00,25.014276857048024,25.124472709954105,24.463302712310078,24.601045608520508,742950,0.0,0.0
2014-11-03 00:00:00+08:00,24.959174015446834,24.959174015446834,24.490843676762054,24.876527786254883,561475,0.0,0.0
2014-11-04 00:00:00+08:00,24.904078871304545,25.675442016608667,24.904078871304545,25.262210845947266,1381218,0.0,0.0
2014-11-05 00:00:00+08:00,25.28976223706429,25.34485887709372,25.06937311705065,25.124469757080078,318281,0.0,0.0
2014-11-06 00:00:00+08:00,25.20711197281323,25.455050653206694,24.51839256286621,24.51839256286621,563911,0.0,0.0
2014-11-07 00:00:00+08:00,24.683689145769026,24.793884986565836,24.187811702027304,24.573495864868164,246026,0.0,0.0
2014-11-10 00:00:00+08:00,24.656138695041548,25.096916877468217,24.573492465849597,24.876527786254883,528712,0.0,0.0
2014-11-11 00:00:00+08:00,24.68368667709528,24.959174971587096,24.187809282947427,24.242908477783203,464386,0.0,0.0
2014-11-12 00:00:00+08:00,24.022520349676636,24.270459083198947,23.74703201468649,24.077619552612305,196090,0.0,0.0
2014-11-13 00:00:00+08:00,24.077619519249264,24.242912008035102,23.967423673426683,24.18781280517578,238718,0.0,0.0
2014-11-14 00:00:00+08:00,24.242906846803816,24.62858838522848,24.187807655674924,24.51839256286621,291090,0.0,0.0
2014-11-17 00:00:00+08:00,24.84898384634456,26.116227169052898,24.84898384634456,26.06113052368164,3763621,0.0,0.0
2014-11-18 00:00:00+08:00,26.419265118335257,26.88759300373139,25.730545531661743,26.06113052368164,3973093,0.0,0.0
2014-11-19 00:00:00+08:00,26.198873728141415,26.612104973072967,25.647899588198083,25.758092880249023,1559163,0.0,0.0
2014-11-20 00:00:00+08:00,26.33661912796398,27.493669283712716,26.1713266142708,27.32837677001953,5149264,0.0,0.0
2014-11-21 00:00:00+08:00,27.32837458211701,27.49366708257692,26.72230122713193,27.27327537536621,1998774,0.0,0.0
2014-11-24 00:00:00+08:00,27.383461872019154,27.98953501990852,26.749841690063477,26.749841690063477,1499298,0.0,0.0
2014-11-25 00:00:00+08:00,26.74984659123682,27.493662725427686,26.722296992227434,26.83249282836914,1317215,0.0,0.0
2014-11-26 00:00:00+08:00,26.860039329097198,26.997784761487306,26.33661231778553,26.501907348632812,1204554,0.0,0.0
2014-11-27 00:00:00+08:00,26.584553994744606,26.804943106118895,26.22641944885254,26.22641944885254,767309,0.0,0.0
2014-11-28 00:00:00+08:00,26.391712279227086,27.24572425718116,26.281516442101957,27.10797882080078,2035398,0.0,0.0
2014-12-01 00:00:00+08:00,26.997781411932394,28.981290817260742,26.777389771410043,28.981290817260742,7494721,0.0,0.0
2014-12-02 00:00:00+08:00,30.964807510375973,30.964807510375973,30.964807510375973,30.964807510375977,22410908,0.0,0.0
2014-12-03 00:00:00+08:00,32.3973388671875,32.3973388671875,32.3973388671875,32.3973388671875,19156070,0.0,0.0
2014-12-04 00:00:00+08:00,32.232051849365234,32.232051849365234,32.232051849365234,32.232051849365234,16356242,0.0,0.0
2014-12-05 00:00:00+08:00,32.50753486287999,33.664582136870415,32.50753486287999,32.893218994140625,5137976,0.0,0.0
2014-12-08 00:00:00+08:00,33.389098598578286,33.77478019537065,32.56263364563023,33.05851364135742,4172023,0.0,0.0
2014-12-09 00:00:00+08:00,33.05851439896552,33.278903522198156,31.791271180611936,31.901464462280273,3247267,0.0,0.0
2014-12-10 00:00:00+08:00,31.736169810661785,33.44419371863033,31.570877339561335,32.783023834228516,5836731,0.0,0.0
2014-12-11 00:00:00+08:00,31.956558608145023,32.232044328635695,31.295388783134513,31.68107032775879,4283963,0.0,0.0
2014-12-12 00:00:00+08:00,31.956565961403307,33.884979248046875,31.736174262423607,33.884979248046875,7363804,0.0,0.0
2014-12-15 00:00:00+08:00,33.884980699597975,35.81339406885014,33.22381069412823,34.16046905517578,9752655,0.0,0.0
2014-12-16 00:00:00+08:00,34.32575753818778,34.546146660912356,32.78302599942789,32.94831848144531,4591102,0.0,0.0
2014-12-17 00:00:00+08:00,33.16870724337725,33.3339997235967,32.0116598818411,32.17695236206055,3139008,0.0,0.0
2014-12-18 00:00:00+08:00,32.56263494338381,33.27890408583919,32.01166084602245,32.121856689453125,2591813,0.0,0.0
2014-12-19 00:00:00+08:00,32.78302195772452,33.05851024708823,29.917950916049804,30.028146743774414,5306677,0.0,0.0
2014-12-22 00:00:00+08:00,29.807757620707026,30.964807510375973,29.807757620707026,30.964807510375977,3111867,0.0,0.0
2014-12-23 00:00:00+08:00,31.13009779121486,31.460682719270547,30.358732105786373,30.79951286315918,2035331,0.0,0.0
2014-12-24 00:00:00+08:00,31.019902782134174,32.17695006092402,30.689317845337072,31.295391082763672,3600387,0.0,0.0
2014-12-25 00:00:00+08:00,31.570881862246242,32.34224769118226,31.075004377907984,31.515785217285156,2646719,0.0,0.0
2014-12-26 00:00:00+08:00,31.40559029756653,31.846371149997754,31.24029779789185,31.57088279724121,1657644,0.0,0.0
2014-12-29 00:00:00+08:00,32.67282759096431,33.168704998054736,32.01165771484375,32.01165771484375,2468788,0.0,0.0
2014-12-30 00:00:00+08:00,32.01165972392876,33.22380627948921,31.95656308409271,32.617733001708984,3671426,0.0,0.0
2014-12-31 00:00:00+08:00,32.78302231950348,32.78302231950348,32.287144929113914,32.50753402709961,1216887,0.0,0.0
2015-01-05 00:00:00+08:00,32.507536199805564,32.83812114882724,32.066755414478045,32.672828674316406,1774709,0.0,0.0
2015-01-06 00:00:00+08:00,32.232050365743,32.50753869772857,30.96480967038064,31.130102157592773,2118122,0.0,0.0
2015-01-07 00:00:00+08:00,31.130103093453762,31.791273062178995,31.130103093453762,31.185199737548828,1080548,0.0,0.0
2015-01-08 00:00:00+08:00,31.681080384992345,31.956568752833007,30.028155297741108,30.6893253326416,2237377,0.0,0.0
2015-01-09 00:00:00+08:00,31.07500022862063,31.350488536433826,30.524026172890057,30.744415283203125,1138983,0.0,0.0
2015-01-12 00:00:00+08:00,30.634220399131337,31.01990196189774,30.358732105786373,30.79951286315918,964617,0.0,0.0
2015-01-13 00:00:00+08:00,30.90970568588437,31.01990151360898,30.028146743774414,30.028146743774414,1442211,0.0,0.0
2015-01-14 00:00:00+08:00,30.138343131814125,30.52402728883217,30.02814985257689,30.248538970947266,669873,0.0,0.0
2015-01-15 00:00:00+08:00,30.468927494777212,30.68931659033079,30.028146743774414,30.028146743774414,848912,0.0,0.0
2015-01-16 00:00:00+08:00,30.02814738060503,30.083244015687992,28.650708464469723,28.871097564697266,1674839,0.0,0.0
2015-01-19 00:00:00+08:00,29.146588594360725,29.36698027516054,26.887590505486212,27.493663787841797,2644234,0.0,0.0
2015-01-20 00:00:00+08:00,27.603854478623575,29.091489224820506,27.438562013478993,28.871097564697266,2128986,0.0,0.0
2015-01-21 00:00:00+08:00,28.87109892223811,29.917952957308124,28.70580644932135,29.58736801147461,1987853,0.0,0.0
2015-01-22 00:00:00+08:00,29.80775973370927,30.028151423505385,29.25678562901106,29.477174758911133,1309298,0.0,0.0
2015-01-23 00:00:00+08:00,29.75265980780745,30.303636411597825,29.532270702228757,29.69756317138672,1510382,0.0,0.0
2015-01-26 00:00:00+08:00,29.697564260470756,29.973050012572934,29.311880111694336,29.311880111694336,885451,0.0,0.0
2015-01-27 00:00:00+08:00,29.587366793165913,29.642463428570863,29.256781860944777,29.36697769165039,600450,0.0,0.0
2015-01-28 00:00:00+08:00,29.25678777307266,29.25678777307266,28.816006921074177,28.92620277404785,725899,0.0,0.0
2015-01-29 00:00:00+08:00,28.98129611799438,29.80775852137605,28.926199477734244,29.256784439086914,1063272,0.0,0.0
2015-01-30 00:00:00+08:00,29.47716816859283,29.587363988854005,28.92619418707789,28.981290817260742,585847,0.0,0.0
2015-02-02 00:00:00+08:00,28.981298144324832,28.981298144324832,28.04463983503716,28.209932327270508,913463,0.0,0.0
2015-02-03 00:00:00+08:00,28.209932078176152,28.540517059723772,27.879347096628532,28.044639587402344,566347,0.0,0.0
2015-02-04 00:00:00+08:00,28.430322821396437,28.540516104961966,27.98954200744629,27.98954200744629,582181,0.0,0.0
2015-02-05 00:00:00+08:00,28.09973785090783,28.320126977934898,27.87934616398475,27.98954200744629,349552,0.0,0.0
2015-02-06 00:00:00+08:00,28.209927337049475,29.366977137901632,28.209927337049475,29.036392211914062,1767357,0.0,0.0
2015-02-09 00:00:00+08:00,29.587366793165913,29.642463428570863,29.201685225539826,29.36697769165039,1157200,0.0,0.0
2015-02-10 00:00:00+08:00,29.477170962460296,29.532270157760962,29.09148939483421,29.36697769165039,545752,0.0,0.0
2015-02-11 00:00:00+08:00,30.79951286315918,31.13009779121486,30.083243812441406,30.79951286315918,4014850,0.0,0.0
2015-02-12 00:00:00+08:00,31.01990792884987,31.075004574158914,30.303641300247595,30.35873794555664,1370305,0.0,0.0
2015-02-13 00:00:00+08:00,30.524026172890057,31.84636595456009,30.524026172890057,30.744415283203125,3453137,0.0,0.0
2015-02-24 00:00:00+08:00,31.130102157592777,31.51578377445575,30.96480967038064,31.130102157592773,1241093,0.0,0.0
2015-02-25 00:00:00+08:00,31.51578031948185,32.397339301338754,30.854610443115234,30.854610443115234,3177636,0.0,0.0
2015-02-26 00:00:00+08:00,31.019908414380605,31.62598176185119,30.579127565320523,31.405590057373047,1439862,0.0,0.0
2015-03-02 00:00:00+08:00,31.570878214612257,31.570878214612257,30.964807510375973,30.964807510375977,937938,0.0,0.0
2015-03-03 00:00:00+08:00,31.185197471578128,31.350489951748997,29.973050910394473,30.41383171081543,1535204,0.0,0.0
2015-03-04 00:00:00+08:00,30.138338570964976,31.019900030831177,30.138338570964976,30.909704208374023,1127829,0.0,0.0
2015-03-05 00:00:00+08:00,31.019907732946894,31.681077712064575,31.019907732946894,31.515785217285156,2057179,0.0,0.0
2015-03-06 00:00:00+08:00,31.57087682349742,31.84636512412692,31.295391082763672,31.295391082763672,1073784,0.0,0.0
2015-03-09 00:00:00+08:00,31.185192307442225,32.12185039326918,30.799510770876072,31.7912654876709,2222910,0.0,0.0
2015-03-10 00:00:00+08:00,31.84637289371747,31.956568752833007,30.579129473526063,30.6893253326416,2159594,0.0,0.0
2015-03-11 00:00:00+08:00,30.193442590552916,31.240294111669776,30.13834339056534,30.41383171081543,1775798,0.0,0.0
2015-03-12 00:00:00+08:00,30.579129473526063,31.185202858816975,30.35874031519136,30.6893253326416,1269593,0.0,0.0
2015-03-13 00:00:00+08:00,30.5791241909863,31.075001631498907,30.193442590552916,30.41383171081543,1250858,0.0,0.0
2015-03-16 00:00:00+08:00,30.413831710815433,30.413831710815433,30.413831710815433,30.41383171081543,0,0.0,0.0
2015-03-17 00:00:00+08:00,31.57088041689445,31.901465391318723,30.96480967038064,31.130102157592773,2064429,0.0,0.0
2015-03-18 00:00:00+08:00,31.405591496959897,31.515787354250186,30.909713978998077,31.07500648498535,1396990,0.0,0.0
2015-03-19 00:00:00+08:00,31.40558473935097,33.22380447387695,31.24029226893004,33.22380447387695,11540102,0.0,0.0
2015-03-20 00:00:00+08:00,33.38909708156211,34.05026696596392,32.56263216616405,32.783023834228516,9812080,0.0,0.0
2015-03-23 00:00:00+08:00,32.94831575290433,34.98692456889365,32.56263162020595,33.6094856262207,7763238,0.0,0.0
2015-03-24 00:00:00+08:00,34.16046263847883,35.31750993071127,33.94007097145643,34.38085174560547,8079440,0.0,0.0
2015-03-25 00:00:00+08:00,34.93182897460976,35.48280563244742,34.05026990592392,34.491050720214844,7495763,0.0,0.0
2015-03-26 00:00:00+08:00,34.27066088141713,34.82163756897023,33.77478339855703,33.884979248046875,4345835,0.0,0.0
2015-03-27 00:00:00+08:00,34.10536523142247,34.9318276263849,33.71968363373864,33.7747802734375,3035143,0.0,0.0
2015-03-30 00:00:00+08:00,33.77478659075512,34.160470820474174,31.460691452026367,31.460691452026367,4088765,0.0,0.0
2015-03-31 00:00:00+08:00,31.460688572324067,31.736174357025664,30.4138343987903,31.515785217285156,3624016,0.0,0.0
2015-04-01 00:00:00+08:00,31.736174364903874,32.50754019403137,31.46068858013389,32.232051849365234,2449654,0.0,0.0
2015-04-02 00:00:00+08:00,32.50753950057173,33.0034169744549,31.73617368789922,32.342247009277344,1633334,0.0,0.0
2015-04-07 00:00:00+08:00,32.56263567272087,32.83812400751994,31.84636907411858,32.727928161621094,1554350,0.0,0.0
2015-04-08 00:00:00+08:00,33.05851771663812,34.93183185185671,32.94832186401484,34.54615020751953,4419358,0.0,0.0
2015-04-09 00:00:00+08:00,34.43595429305152,34.43595429305152,33.33400344848633,33.33400344848633,4810910,0.0,0.0
2015-04-10 00:00:00+08:00,33.33399906413169,33.33399906413169,31.019904386840405,31.240293502807617,6249494,0.0,0.0
2015-04-13 00:00:00+08:00,30.85461260963403,31.62597837285667,30.85461260963403,31.01990509033203,1952377,0.0,0.0
2015-04-14 00:00:00+08:00,31.019910572303047,31.84637312184903,31.019910572303047,31.460691452026367,1623628,0.0,0.0
2015-04-15 00:00:00+08:00,31.40558352466415,31.57087598869199,30.634220399131337,30.79951286315918,1708884,0.0,0.0
2015-04-16 00:00:00+08:00,30.799517032646673,31.019906161220437,29.422077939346586,29.91795539855957,3431153,0.0,0.0
2015-04-17 00:00:00+08:00,29.91795116124903,30.358731915864343,28.760903920292535,29.036392211914062,2210582,0.0,0.0
2015-04-20 00:00:00+08:00,29.036395318150447,29.587369400439584,28.09973707435257,29.256784439086914,1467632,0.0,0.0
2015-04-21 00:00:00+08:00,29.366982370069653,29.917956491581347,27.87934737818546,28.09973907470703,1908603,0.0,0.0
2015-04-22 00:00:00+08:00,28.099735108479003,28.9261974540409,27.879343443065327,28.65070915222168,1511904,0.0,0.0
2015-04-23 00:00:00+08:00,28.65070915222168,29.20168575586012,28.540513319514844,28.65070915222168,1082052,0.0,0.0
2015-04-24 00:00:00+08:00,28.8710982577396,29.366978224972495,28.65070915222168,28.65070915222168,1045002,0.0,0.0
2015-04-27 00:00:00+08:00,29.146585013328064,29.146585013328064,28.209926884749184,28.375219345092773,913817,0.0,0.0
2015-04-28 00:00:00+08:00,28.59561655203639,28.59561655203639,28.09973907470703,28.09973907470703,833356,0.0,0.0
2015-04-29 00:00:00+08:00,28.09973189676729,28.09973189676729,27.052878005443855,27.38346290588379,1831813,0.0,0.0
2015-04-30 00:00:00+08:00,27.38346753202138,27.824248327038212,26.887590097588404,27.76915168762207,1697857,0.0,0.0
2015-05-04 00:00:00+08:00,27.769152275239527,27.769152275239527,27.052883148193356,27.05288314819336,1009773,0.0,0.0
2015-05-05 00:00:00+08:00,27.052888168641317,27.273277331764994,26.88759565632445,27.163084030151367,753920,0.0,0.0
2015-05-06 00:00:00+08:00,27.163080489907383,28.81600539764549,27.163080489907383,28.044639587402344,2063289,0.0,0.0
2015-05-07 00:00:00+08:00,28.09973707019738,28.265029550849274,27.493663787841797,27.493663787841797,767312,0.0,0.0
2015-05-08 00:00:00+08:00,27.603857068345768,28.09973707019738,27.273272107041983,27.493663787841797,656546,0.0,0.0
2015-05-11 00:00:00+08:00,27.989540732836435,28.15483321055352,26.446809234213045,26.58455467224121,1638189,0.0,0.0
2015-05-12 00:00:00+08:00,26.50190843338267,26.86004042850576,24.90408029548555,26.58455467224121,1247223,0.0,0.0
2015-05-13 00:00:00+08:00,26.336615708695163,28.320128175391446,26.336615708695163,28.209932327270508,1821459,0.0,0.0
2015-05-14 00:00:00+08:00,28.154833283326866,28.595614078343697,27.38346753202138,27.76915168762207,2853844,0.0,0.0
2015-05-15 00:00:00+08:00,27.54875431599849,28.09973083585987,26.556999652122457,26.749841690063477,1235045,0.0,0.0
2015-05-18 00:00:00+08:00,26.722296310047927,27.08043084844396,26.226418899913014,26.47435760498047,711357,0.0,0.0
2015-05-19 00:00:00+08:00,26.88759565632445,27.16308403015137,26.474364375532286,27.163084030151367,822361,0.0,0.0
2015-05-20 00:00:00+08:00,27.32837442546255,29.03639862702153,27.32837442546255,28.92620277404785,6781740,0.0,0.0
2015-05-21 00:00:00+08:00,28.43032300127581,29.036396304304905,27.54876136779785,27.54876136779785,3655086,0.0,0.0
2015-05-22 00:00:00+08:00,27.603857582671882,28.20993087632007,27.603857582671882,27.824249267578125,958528,0.0,0.0
2015-05-25 00:00:00+08:00,27.603859037481552,28.209932363071697,27.273274052595315,28.09973907470703,736896,0.0,0.0
2015-05-26 00:00:00+08:00,28.20993087632007,28.540515843783446,27.824249267578125,27.824249267578125,901284,0.0,0.0
2015-05-27 00:00:00+08:00,27.769152626299554,28.43032256122631,27.769152626299554,27.824249267578125,1165582,0.0,0.0
2015-05-28 00:00:00+08:00,27.9895384682735,28.760904155175943,27.934441833457498,28.154830932617188,1593083,0.0,0.0
2015-05-29 00:00:00+08:00,28.54051485213987,28.54051485213987,27.879344940185547,27.879344940185547,753912,0.0,0.0
2015-06-01 00:00:00+08:00,28.20993036998812,28.20993036998812,26.887590523868912,27.025333404541016,950006,0.0,0.0
2015-06-02 00:00:00+08:00,27.025330698327075,27.521210650862184,26.997783660888672,26.997783660888672,552950,0.0,0.0
2015-06-03 00:00:00+08:00,27.16307889318981,27.32837137424729,26.44680976867676,26.446809768676758,1071846,0.0,0.0
2015-06-04 00:00:00+08:00,26.44680576659109,26.8049402746526,25.84073257446289,25.84073257446289,1192389,0.0,0.0
2015-06-05 00:00:00+08:00,25.950930751343193,26.061126585329113,25.565249172236165,25.923383712768555,473783,0.0,0.0
2015-06-08 00:00:00+08:00,25.950930751343193,26.419261125861503,25.675442446326294,25.923383712768555,309364,0.0,0.0
2015-06-09 00:00:00+08:00,25.895839104432113,25.895839104432113,24.683692376693436,24.82143783569336,1723645,0.0,0.0
2015-06-10 00:00:00+08:00,24.904080637066436,25.620347197032718,24.904080637066436,25.124469757080078,672309,0.0,0.0
2015-06-11 00:00:00+08:00,25.34485887709372,25.620347197032718,25.06937311705065,25.124469757080078,601668,0.0,0.0
2015-06-12 00:00:00+08:00,25.12446812038313,25.53769929342432,25.12446812038313,25.28976058959961,330064,0.0,0.0
2015-06-15 00:00:00+08:00,25.399959312364153,25.64789804439915,25.23466682434082,25.23466682434082,422872,0.0,0.0
2015-06-16 00:00:00+08:00,25.23466156837768,25.23466156837768,24.242906846803816,24.51839256286621,875711,0.0,0.0
2015-06-17 00:00:00+08:00,24.518393418133353,25.2346624486302,24.518393418133353,24.904077529907227,304496,0.0,0.0
2015-06-18 00:00:00+08:00,24.959178738477668,25.45505620746437,24.959178738477668,25.399959564208984,326412,0.0,0.0
2015-06-22 00:00:00+08:00,25.482605854018882,25.482605854018882,24.876532537555565,24.931629180908203,425065,0.0,0.0
2015-06-23 00:00:00+08:00,25.06937405286388,25.75809103857656,25.06937405286388,25.179567337036133,599295,0.0,0.0
2015-06-24 00:00:00+08:00,25.28976197373817,25.28976197373817,24.821434138624607,24.959177017211914,328347,0.0,0.0
2015-06-25 00:00:00+08:00,24.683692237441996,25.17956974329319,24.683692237441996,24.793888092041016,404369,0.0,0.0
2015-06-26 00:00:00+08:00,24.68368747985957,25.096918655088576,24.656140441441487,24.848979949951172,443407,0.0,0.0
2015-06-29 00:00:00+08:00,24.683690643986715,26.116226421711595,24.270459415786856,25.56525230407715,1673619,0.0,0.0
2015-06-30 00:00:00+08:00,25.565249534421568,27.521212175929033,25.565249534421568,26.804943084716797,5837871,0.0,0.0
2015-07-01 00:00:00+08:00,26.612103336187975,27.05288415696836,26.309067961842988,26.529457092285156,1835454,0.0,0.0
2015-07-02 00:00:00+08:00,26.66719981958431,27.328369703390297,26.501907348632812,26.501907348632812,1655196,0.0,0.0
2015-07-03 00:00:00+08:00,26.612099212829097,26.612099212829097,25.78563690185547,25.78563690185547,992635,0.0,0.0
2015-07-06 00:00:00+08:00,25.455049889276754,25.702988562229347,25.069368362426758,25.069368362426758,638206,0.0,0.0
2015-07-07 00:00:00+08:00,25.48260734066433,25.62035023702983,25.06937609167161,25.20711898803711,598014,0.0,0.0
2015-07-08 00:00:00+08:00,25.207116479227565,25.317312321290146,23.691934530424945,24.270458221435547,1627305,0.0,0.0
2015-07-09 00:00:00+08:00,23.69193533881827,24.242912008035102,23.416447004209854,24.18781280517578,653309,0.0,0.0
2015-07-10 00:00:00+08:00,24.18781280517578,24.18781280517578,24.18781280517578,24.18781280517578,0,0.0,0.0
2015-07-13 00:00:00+08:00,24.683686782636062,24.683686782636062,23.857224455522577,23.912321090698242,581066,0.0,0.0
2015-07-14 00:00:00+08:00,23.91232138225974,24.738786279345966,23.91232138225974,23.96742057800293,988979,0.0,0.0
2015-07-15 00:00:00+08:00,23.99497213677486,24.077620945961172,23.140962600708008,23.140962600708008,793221,0.0,0.0
2015-07-16 00:00:00+08:00,21.928815841674805,22.782827935190284,21.873719195604718,21.928815841674805,1567682,0.0,0.0
2015-07-17 00:00:00+08:00,22.31449443812938,22.479786913674165,21.818617011495025,21.846166610717773,600760,0.0,0.0
2015-07-20 00:00:00+08:00,22.314496817807022,22.314496817807022,19.89020606465204,19.421876907348633,2288642,0.0,0.0
2015-07-21 00:00:00+08:00,20.428936231003345,20.601575045884047,19.335556624480702,19.594514846801758,1806996,1.231576,0.0
2015-07-22 00:00:00+08:00,19.594513706545357,19.968565341576202,19.278010122238616,19.479421615600586,600451,0.0,0.0
2015-07-23 00:00:00+08:00,19.709611461335683,19.997342420282767,18.702551099768737,18.99028205871582,1059923,0.0,0.0
2015-07-24 00:00:00+08:00,19.04782617911154,19.364331126433395,18.760095259531862,18.788867950439453,596840,0.0,0.0
2015-07-27 00:00:00+08:00,18.78886497961152,19.076595853696222,16.918609619140625,16.918609619140625,1615005,0.0,0.0
2015-07-28 00:00:00+08:00,17.033704550539188,17.378983528761825,16.74597362832736,17.1487979888916,1140246,0.0,0.0
2015-07-29 00:00:00+08:00,17.436530940429176,17.637942460293043,17.235118083730647,17.350210189819336,803972,0.0,0.0
2015-07-30 00:00:00+08:00,17.436530940429176,17.95444742308026,17.26389211287881,17.350210189819336,781000,0.0,0.0
2015-07-31 00:00:00+08:00,17.436529643499682,17.436529643499682,16.803519765008538,16.88983917236328,616297,0.0,0.0
2015-08-03 00:00:00+08:00,16.74597343825017,16.861065538461617,16.14173757267956,16.40069580078125,691799,0.0,0.0
2015-08-04 00:00:00+08:00,16.31437424576245,16.918610031864525,15.278541469587468,15.336088180541992,1235052,0.0,0.0
2015-08-05 00:00:00+08:00,15.537502753017005,15.940327136125093,15.364863922661351,15.854007720947266,719814,0.0,0.0
2015-08-06 00:00:00+08:00,15.91154926639516,16.1992814721027,15.623818397521973,15.623818397521973,493276,0.0,0.0
2015-08-07 00:00:00+08:00,15.47995542901963,15.825234413146973,15.249769885212945,15.825234413146973,434810,0.0,0.0
2015-08-10 00:00:00+08:00,15.710141924392396,16.487016677856445,15.595048477100509,16.487016677856445,577372,0.0,0.0
2015-08-11 00:00:00+08:00,16.803520781436692,17.724261627860145,16.803520781436692,17.06247901916504,1417697,0.0,0.0
2015-08-12 00:00:00+08:00,16.976157693803177,17.004930382475045,16.026644262452166,16.343149185180664,1034046,0.0,0.0
2015-08-13 00:00:00+08:00,16.515788623105607,16.861064910888672,16.343149810796806,16.861064910888672,506670,0.0,0.0
2015-08-14 00:00:00+08:00,16.86106634225364,16.86106634225364,16.112965649964302,16.28560447692871,591924,0.0,0.0
2015-08-17 00:00:00+08:00,15.134678551035194,15.508730245838745,14.67430877685547,14.674308776855469,1824516,0.0,0.0
2015-08-18 00:00:00+08:00,14.559212595014293,14.559212595014293,13.494605770563007,14.156388282775879,1807462,0.0,0.0
2015-08-19 00:00:00+08:00,13.753565643991482,13.983751184254565,13.40828800201416,13.40828800201416,1068145,0.0,0.0
2015-08-20 00:00:00+08:00,13.437059180227655,14.09884029577185,13.350739788040643,13.638470649719238,819685,0.0,0.0
2015-08-21 00:00:00+08:00,13.321967566046185,13.350741591885786,12.286134719848633,12.286134719848633,1131477,0.0,0.0
2015-08-24 00:00:00+08:00,11.56680623467432,11.796991772571143,11.077662467956543,11.077662467956543,2558311,0.0,0.0
2015-08-25 00:00:00+08:00,10.530971335645079,11.681896876125636,10.530971335645079,11.624351501464844,1223300,0.0,0.0
2015-08-26 00:00:00+08:00,11.624351593338895,12.027175903320312,11.279073995307519,12.027175903320312,731991,0.0,0.0
2015-08-27 00:00:00+08:00,12.314908232155178,12.775279308021426,12.142269412913983,12.573867797851562,1242318,0.0,0.0
2015-08-28 00:00:00+08:00,12.77528022890261,13.523382278484798,12.660186783222464,13.063011169433594,1667556,0.0,0.0
2015-08-31 00:00:00+08:00,12.947919060588138,13.17810461511374,12.602641397217079,13.063011169433594,764035,0.0,0.0
2015-09-01 00:00:00+08:00,13.063010360036838,13.609700851057335,12.717732718059516,13.40828800201416,902648,0.0,0.0
2015-09-02 00:00:00+08:00,13.23564890394843,13.609700566149812,13.120556804643547,13.35074234008789,725899,0.0,0.0
2015-09-03 00:00:00+08:00,13.638474861377551,14.674309224329036,13.40828929885114,14.185165405273438,2191095,0.0,0.0
2015-09-04 00:00:00+08:00,14.127616464439923,14.501668111977654,13.92620362750898,13.983750343322754,971925,0.0,0.0
2015-09-07 00:00:00+08:00,14.098842674714776,14.213936108273755,13.868658481265914,14.012524604797363,393405,0.0,0.0
2015-09-08 00:00:00+08:00,14.156390997191854,15.220998025776124,14.156390997191854,15.105904579162598,1048656,0.0,0.0
2015-09-09 00:00:00+08:00,15.479952949046304,15.508726972934026,14.7893977650916,14.875717163085938,965839,0.0,0.0
2015-09-10 00:00:00+08:00,14.875719089207294,15.537501671796889,14.846946398428473,15.508728981018066,981669,0.0,0.0
2015-09-11 00:00:00+08:00,15.537502022405933,15.79646025576257,15.537502022405933,15.738913536071777,612629,0.0,0.0
2015-09-14 00:00:00+08:00,15.652594821975594,15.767686929647706,14.904492780020181,15.048358917236328,714939,0.0,0.0
2015-09-15 00:00:00+08:00,15.105904632156925,15.220998079174219,14.472896020900617,14.616762161254883,536175,0.0,0.0
2015-09-16 00:00:00+08:00,14.616762053769994,15.105904521075107,14.616762053769994,14.674308776855469,324952,0.0,0.0
2015-09-17 00:00:00+08:00,14.78939987754991,15.422408440979979,14.760625849552223,15.393635749816895,970707,0.0,0.0
2015-09-18 00:00:00+08:00,15.42240586549766,16.918609619140625,15.307313783230656,16.918609619140625,4574890,0.0,0.0
2015-09-21 00:00:00+08:00,16.91861225698463,17.206344512765124,16.14173757267956,16.40069580078125,3585650,0.0,0.0
2015-09-22 00:00:00+08:00,16.429468934367637,16.86106599283449,16.285604139435105,16.314376831054688,2300974,0.0,0.0
2015-09-23 00:00:00+08:00,16.11296296455681,16.11296296455681,14.990809439473075,15.22099494934082,1652760,0.0,0.0
2015-09-24 00:00:00+08:00,15.393632971503356,15.537499075022367,13.926201924011908,14.098840713500977,1785523,0.0,0.0
2015-09-25 00:00:00+08:00,14.213935409039998,14.76062451263066,14.127616006534394,14.530440330505371,901284,0.0,0.0
2015-09-29 00:00:00+08:00,14.530440330505371,14.530440330505371,14.530440330505371,14.530440330505371,0,0.0,0.0
2015-09-30 00:00:00+08:00,14.472895248392765,14.933265001385054,14.156390291241085,14.731853485107422,498150,0.0,0.0
2015-10-01 00:00:00+08:00,14.846947666368912,15.451183582168476,14.81817363629818,15.105904579162598,1076673,0.0,0.0
2015-10-02 00:00:00+08:00,15.249767106437623,16.60210609436035,15.249767106437623,16.60210609436035,4133901,0.0,0.0
2015-10-05 00:00:00+08:00,17.148797497918334,17.235116905794,16.68842776819296,16.832292556762695,3935383,0.0,0.0
2015-10-06 00:00:00+08:00,16.976158975507648,17.120025103397893,16.22805698204679,16.40069580078125,1590796,0.0,0.0
2015-10-07 00:00:00+08:00,16.458239565500428,17.753030473629327,16.458239565500428,17.465299606323242,3350477,0.0,0.0
2015-10-08 00:00:00+08:00,17.695484220331508,17.695484220331508,16.458239988591778,16.60210609436035,1915156,0.0,0.0
2015-10-12 00:00:00+08:00,17.03370324961909,17.206343393962616,16.688426971435547,16.688426971435547,1136356,0.0,0.0
2015-10-13 00:00:00+08:00,16.861065934896907,17.292664328715333,16.861065934896907,17.03370475769043,999943,0.0,0.0
2015-10-14 00:00:00+08:00,17.091248316371267,17.177567711802403,16.717198048447802,16.97615623474121,1076669,0.0,0.0
2015-10-15 00:00:00+08:00,17.148796433893985,18.673772990689383,17.148796433893985,17.839351654052734,4384728,0.0,0.0
2015-10-16 00:00:00+08:00,18.040767316134353,18.127086732202734,17.43653140365569,17.666715621948242,1107428,0.0,0.0
2015-10-19 00:00:00+08:00,17.839349192418588,17.925669919861605,17.465298945392252,17.522844314575195,579748,0.0,0.0
2015-10-20 00:00:00+08:00,17.580394107788578,18.242176664278823,17.551621418144492,17.78180694580078,901305,0.0,0.0
2015-10-21 00:00:00+08:00,18.011989835173505,18.011989835173505,17.494073437994597,17.580392837524414,647950,0.0,0.0
2015-10-22 00:00:00+08:00,17.407754641453515,18.242175978090163,17.378981952891728,17.839351654052734,1432311,0.0,0.0
2015-10-23 00:00:00+08:00,18.12708325910289,18.155855946668016,17.580392837524414,17.580392837524414,819685,0.0,0.0
2015-10-26 00:00:00+08:00,17.66671318074743,17.810579299926758,17.494074372466038,17.810579299926758,601668,0.0,0.0
2015-10-27 00:00:00+08:00,17.66671449253564,17.81058062239731,17.522848362673972,17.55162239074707,647950,0.0,0.0
2015-10-28 00:00:00+08:00,17.522849482889377,18.06954000921225,17.522849482889377,17.666715621948242,806285,0.0,0.0
2015-10-29 00:00:00+08:00,17.839355364387387,18.242179772206622,17.494077682495117,17.494077682495117,1427439,0.0,0.0
2015-10-30 00:00:00+08:00,17.551620298178616,17.551620298178616,16.976157184175364,17.206342697143555,731989,0.0,0.0
2015-11-02 00:00:00+08:00,17.49407155480672,17.551618260576667,17.263887405395508,17.263887405395508,265635,0.0,0.0
2015-11-03 00:00:00+08:00,17.724260738910885,18.990279172142436,17.724260738910885,18.357269287109375,5231220,0.0,0.0
2015-11-04 00:00:00+08:00,18.357269961914263,18.61622953300853,18.184631139074497,18.299724578857422,1443275,0.0,0.0
2015-11-05 00:00:00+08:00,18.529912257033534,19.134148206606746,18.472365530510206,18.99028205871582,5083731,0.0,0.0
2015-11-06 00:00:00+08:00,19.1053695451583,19.22046162542694,18.5874531786979,18.64499855041504,1362888,0.0,0.0
2015-11-09 00:00:00+08:00,18.702546811174255,18.990277704143097,17.580393253876498,17.954444885253906,1191801,0.0,0.0
2015-11-10 00:00:00+08:00,18.184631139074497,18.386043990277305,17.724261390446664,18.299724578857422,710553,0.0,0.0
2015-11-11 00:00:00+08:00,18.645000097846697,18.76009352450181,17.868125483679805,17.954444885253906,687393,0.0,0.0
2015-11-12 00:00:00+08:00,17.954446710020086,18.0695388115379,16.74597362832736,17.1487979888916,1322700,0.0,0.0
2015-11-13 00:00:00+08:00,17.14879399385561,17.551618260576667,16.918608507610106,17.263887405395508,476219,0.0,0.0
2015-11-16 00:00:00+08:00,17.177570784161134,17.35020960590137,16.80352044933549,17.091251373291016,371476,0.0,0.0
2015-11-17 00:00:00+08:00,17.954446173559493,18.73132084347035,17.839352738645953,18.41481590270996,1981911,0.0,0.0
2015-11-18 00:00:00+08:00,18.587455791512696,18.587455791512696,18.011991298774134,18.127084732055664,1168282,0.0,0.0
2015-11-19 00:00:00+08:00,18.41481536699773,18.645000893293833,18.01199103018818,18.55868148803711,785582,0.0,0.0
2015-11-20 00:00:00+08:00,18.357268750618122,18.702547710349194,18.357268750618122,18.501134872436523,550575,0.0,0.0
2015-11-23 00:00:00+08:00,18.673773683884793,18.673773683884793,18.069537843815848,18.501134872436523,527378,0.0,0.0
2015-11-24 00:00:00+08:00,18.41481414525747,18.41481414525747,17.551620149959287,17.580392837524414,638339,0.0,0.0
2015-11-25 00:00:00+08:00,17.609169671570328,19.33555793762207,17.609169671570328,19.33555793762207,2985200,0.0,0.0
2015-11-26 00:00:00+08:00,19.680836964344003,20.026115978485777,18.673776626586914,18.673776626586914,6570241,0.0,0.0
2015-11-27 00:00:00+08:00,18.817639941885556,19.393103096489234,18.529909033000987,18.58745574951172,2630781,0.0,0.0
2015-11-30 00:00:00+08:00,18.58745492500402,18.61622761356581,17.724259562971103,17.839351654052734,1143535,0.0,0.0
2015-12-01 00:00:00+08:00,18.299723006438917,18.58745524433798,17.925672701371543,18.270950317382812,1075785,0.0,0.0
2015-12-02 00:00:00+08:00,18.501134933961602,19.47942242664476,18.472362244236052,18.903959274291992,3762865,0.0,0.0
2015-12-03 00:00:00+08:00,18.760097826292064,19.220467627974347,18.472365530510206,18.99028205871582,1559088,0.0,0.0
2015-12-04 00:00:00+08:00,18.78886724395497,20.889307022094727,18.616228431331677,20.889307022094727,8616592,0.0,0.0
2015-12-07 00:00:00+08:00,21.435998278392155,22.04023551940918,20.918081789092994,22.04023551940918,10364715,0.0,0.0
2015-12-08 00:00:00+08:00,21.752498858097017,21.810045568691084,21.234582473253642,21.32090187072754,3459301,0.0,0.0
2015-12-09 00:00:00+08:00,21.004397869744746,21.29213009823732,19.19169044494629,19.19169044494629,4924438,0.0,0.0
2015-12-10 00:00:00+08:00,18.932734662950836,19.479423828074584,17.92567440809007,19.047826766967773,2228859,0.0,0.0
2015-12-11 00:00:00+08:00,19.853472521944294,20.486481004158783,18.990277192619914,19.27800941467285,3669701,0.0,0.0
2015-12-14 00:00:00+08:00,18.70254507363497,19.220461434963116,18.011988588363096,18.76009178161621,1308097,0.0,0.0
2015-12-15 00:00:00+08:00,19.335554976099733,19.623287200927734,18.760093200112617,19.623287200927734,1377508,0.0,0.0
2015-12-16 00:00:00+08:00,19.73837992274297,20.05488484548594,19.364329622653635,19.421875,987799,0.0,0.0
2015-12-17 00:00:00+08:00,19.680832009970736,20.37138852758163,19.65205932304985,20.083656311035156,2121919,0.0,0.0
2015-12-18 00:00:00+08:00,19.738380233158352,20.054885160878833,19.738380233158352,19.853473663330078,965775,0.0,0.0
2015-12-21 00:00:00+08:00,19.882244828920147,20.256295106229278,19.680832009970736,20.083656311035156,805605,0.0,0.0
2015-12-22 00:00:00+08:00,20.313843923853586,20.60157483340905,19.70960807800293,19.70960807800293,1588357,0.0,0.0
2015-12-23 00:00:00+08:00,19.968567256149093,19.968567256149093,19.019052401686583,19.07659912109375,1324035,0.0,0.0
2015-12-24 00:00:00+08:00,19.364331724057646,19.623289960721728,19.047826766967773,19.047826766967773,848921,0.0,0.0
2015-12-25 00:00:00+08:00,19.047824427725132,19.162916517607737,18.760093534601392,19.134143829345703,459173,0.0,0.0
2015-12-28 00:00:00+08:00,19.278009944324808,19.594513525710585,19.076597115987166,19.134143829345703,565149,0.0,0.0
2015-12-29 00:00:00+08:00,18.961507354746413,19.16291887098471,18.903960634320626,19.047826766967773,460399,0.0,0.0
2015-12-30 00:00:00+08:00,19.10537348739356,19.450651136279006,18.846413913894843,19.047826766967773,489622,0.0,0.0
2015-12-31 00:00:00+08:00,18.93273233784253,19.19169054270424,18.93273233784253,19.134143829345703,241158,0.0,0.0
2016-01-04 00:00:00+08:00,19.134146038649636,19.249238141821227,18.5874568775413,18.70254898071289,417775,0.0,0.0
2016-01-05 00:00:00+08:00,18.443588263777894,18.587454376006576,17.868125151697605,17.983217239379883,984273,0.0,0.0
2016-01-06 00:00:00+08:00,17.98322151078742,17.98322151078742,17.29266614700288,17.494077682495117,1077897,0.0,0.0
2016-01-07 00:00:00+08:00,17.43652966762709,17.695486553215087,15.825233615830804,16.17051124572754,1522447,0.0,0.0
2016-01-08 00:00:00+08:00,16.17051086756777,17.465301949400853,16.11296415165257,17.378982543945312,773948,0.0,0.0
2016-01-11 00:00:00+08:00,17.206342459914783,17.378981258052093,16.688426065502853,17.177568435668945,546868,0.0,0.0
2016-01-12 00:00:00+08:00,18.040765098049285,18.501134814867317,17.32143582803011,17.378982543945312,1624752,0.0,0.0
2016-01-13 00:00:00+08:00,17.81057720722524,17.983215995221972,17.35020621467772,17.925670623779297,666219,0.0,0.0
2016-01-14 00:00:00+08:00,17.666715152606553,17.7818085955299,17.26389211287881,17.350210189819336,660422,0.0,0.0
2016-01-15 00:00:00+08:00,17.724261874068226,17.839353980156915,17.32143749750583,17.350210189819336,702772,0.0,0.0
2016-01-18 00:00:00+08:00,17.091249719935927,18.098311198446748,16.774746135252823,17.839351654052734,684498,0.0,0.0
2016-01-19 00:00:00+08:00,17.810580903689974,18.529910227524496,17.63794207986323,18.242177963256836,657698,0.0,0.0
2016-01-20 00:00:00+08:00,18.2997232067056,18.961505756914388,18.127084396810655,18.15585708618164,1802572,0.0,0.0
2016-01-21 00:00:00+08:00,18.357268069171795,18.58745492500402,17.839351654052734,17.839351654052734,616301,0.0,0.0
2016-01-22 00:00:00+08:00,18.32849357121544,18.32849357121544,17.60916573350717,17.925670623779297,321661,0.0,0.0
2016-01-25 00:00:00+08:00,18.127084732055664,18.299723545143415,18.011991298774134,18.127084732055664,400717,0.0,0.0
2016-01-26 00:00:00+08:00,17.95444498329511,18.27094990307326,17.89689826965332,17.89689826965332,276479,0.0,0.0
2016-01-27 00:00:00+08:00,18.12708546659782,18.12708546659782,17.609169006347656,17.609169006347656,386117,0.0,0.0
2016-01-28 00:00:00+08:00,17.465302111431154,17.89689914271289,17.465302111431154,17.724260330200195,235064,0.0,0.0
2016-01-29 00:00:00+08:00,17.983218608871024,18.472362358231166,17.983218608871024,18.127084732055664,930555,0.0,0.0
2016-02-01 00:00:00+08:00,18.386041993522365,18.501134083971476,17.89689826965332,17.89689826965332,521288,0.0,0.0
2016-02-02 00:00:00+08:00,18.213400951013043,18.38603973388672,17.954442776702525,18.38603973388672,495710,0.0,0.0
2016-02-03 00:00:00+08:00,18.299723750451903,18.386043157964213,17.868126712890348,18.011991500854492,532264,0.0,0.0
2016-02-15 00:00:00+08:00,17.868125483679805,18.270949803303758,17.868125483679805,17.954444885253906,348440,0.0,0.0
2016-02-16 00:00:00+08:00,18.299726146339054,18.587458433607743,17.98322116507739,18.32849884033203,664149,0.0,0.0
2016-02-17 00:00:00+08:00,18.41481678708358,18.529910227524496,18.184631243036378,18.242177963256836,398319,0.0,0.0
2016-02-18 00:00:00+08:00,18.29972543292999,20.054887771606445,18.29972543292999,20.054887771606445,3749709,0.0,0.0
2016-02-19 00:00:00+08:00,20.25629665842759,20.40016277772499,19.508194709649413,19.853473663330078,4199874,0.0,0.0
2016-02-22 00:00:00+08:00,20.02610969543457,20.428932634686745,19.680830789621627,20.02610969543457,2822132,0.0,0.0
2016-02-23 00:00:00+08:00,20.371390088599313,20.40016277772499,19.70960754403268,19.853473663330078,1360519,0.0,0.0
2016-02-24 00:00:00+08:00,19.85347515416937,19.911020536741926,19.04782642980747,19.07659912109375,1471407,0.0,0.0
2016-02-25 00:00:00+08:00,19.278010281480167,19.68083327153153,19.04782476085475,19.105371475219727,1400687,0.0,0.0
2016-02-26 00:00:00+08:00,19.335554789615895,19.623287011668832,19.105370616174863,19.27800941467285,667471,0.0,0.0
2016-03-01 00:00:00+08:00,19.30678552292704,21.004401121219512,19.30678552292704,20.428937911987305,4253269,0.0,0.0
2016-03-02 00:00:00+08:00,20.428935739586002,20.65912126616802,19.96856602325649,20.141204833984375,2010921,0.0,0.0
2016-03-03 00:00:00+08:00,20.285071899757654,20.83176241976997,20.16997979193991,20.5152587890625,2836625,0.0,0.0
2016-03-04 00:00:00+08:00,20.544029878921876,20.687896005095343,20.256297626574945,20.34261703491211,1263077,0.0,0.0
2016-03-07 00:00:00+08:00,20.48648185260475,21.14826438653286,20.34261573562008,20.601573944091797,2100967,0.0,0.0
2016-03-08 00:00:00+08:00,20.6303484742625,20.6303484742625,19.99733861351243,20.19875144958496,885451,0.0,0.0
2016-03-09 00:00:00+08:00,20.198748479923882,20.198748479923882,19.882243596082038,20.02610969543457,534680,0.0,0.0
2016-03-10 00:00:00+08:00,20.054887771606445,20.256299295374774,19.96856835615792,20.054887771606445,571219,0.0,0.0
2016-03-11 00:00:00+08:00,20.659120795478238,21.46476945174244,20.486481988683693,20.687894821166992,3501978,0.0,0.0
2016-03-14 00:00:00+08:00,21.14826402774204,22.73078727722168,21.00439791319813,22.73078727722168,7997392,0.0,0.0
2016-03-15 00:00:00+08:00,23.306253414041574,23.536440309765528,21.17704200744629,21.17704200744629,7288676,0.0,0.0
2016-03-16 00:00:00+08:00,21.81004748494005,22.327963915287995,21.464769864708085,21.781274795532227,2766748,0.0,0.0
2016-03-17 00:00:00+08:00,22.443055485601395,22.61569429168544,21.43599533783299,21.46476936340332,4495034,0.0,0.0
2016-03-18 00:00:00+08:00,21.57986293118233,21.86759518555879,21.177039913990612,21.551090240478516,1364235,0.0,0.0
2016-03-21 00:00:00+08:00,21.637409109000764,22.15532554974123,21.349678198645353,21.694955825805664,2249961,0.0,0.0
2016-03-22 00:00:00+08:00,22.04023642398706,23.277482312648466,21.925142974862673,22.673246383666992,6751726,0.0,0.0
2016-03-23 00:00:00+08:00,22.845880689453576,24.51472333925999,22.845880689453576,23.191158294677734,7645874,0.0,0.0
2016-03-24 00:00:00+08:00,23.191163565525624,23.795399511997616,22.845885881827346,23.277482986450195,2733514,0.0,0.0
2016-03-25 00:00:00+08:00,23.478889890424828,23.881715580641124,22.270418167114258,22.270418167114258,2919796,0.0,0.0
2016-03-28 00:00:00+08:00,22.38551228170916,22.67324454434367,22.011460607651223,22.212873458862305,1488337,0.0,0.0
2016-03-29 00:00:00+08:00,22.50060434606499,22.615695105148056,21.292131323174708,21.34967803955078,2138967,0.0,0.0
2016-03-30 00:00:00+08:00,21.86759533583186,21.982687436272606,21.579863079478116,21.8963680267334,775835,0.0,0.0
2016-03-31 00:00:00+08:00,22.155324601285628,22.29919071872179,21.666180871470274,22.184097290039062,898970,0.0,0.0
2016-04-01 00:00:00+08:00,22.8458817104962,23.70907576213502,22.8458817104962,23.363798141479492,4827994,0.0,0.0
2016-04-06 00:00:00+08:00,24.054353072804798,24.284537259052442,23.507662622589006,23.651527404785156,3914497,0.0,0.0
2016-04-07 00:00:00+08:00,24.0255811744636,24.0255811744636,22.788335382272574,23.018522262573242,1851441,0.0,0.0
2016-04-08 00:00:00+08:00,22.845881940196556,23.3925724029541,22.615695074999127,23.3925724029541,1227726,0.0,0.0
2016-04-11 00:00:00+08:00,23.536437188450687,24.313311842736585,23.162385537756673,23.3925724029541,2888251,0.0,0.0
2016-04-12 00:00:00+08:00,23.191155886050364,23.219929908053555,21.579858779907227,21.579858779907227,3166824,0.0,0.0
2016-04-13 00:00:00+08:00,21.83882130809573,22.097779536713347,21.781275926292654,21.8963680267334,1239883,0.0,0.0
2016-04-14 00:00:00+08:00,22.270416756287158,22.32796347079171,21.86759376525879,21.86759376525879,1358361,0.0,0.0
2016-04-15 00:00:00+08:00,21.867596327629236,22.06900784674414,21.522318673812464,21.666183471679688,730773,0.0,0.0
2016-04-18 00:00:00+08:00,21.694954907884757,21.78127431102263,20.831759539671516,21.004398345947266,1477366,0.0,0.0
2016-04-19 00:00:00+08:00,21.349677271625456,21.75250026126523,21.177038465541415,21.46476936340332,965842,0.0,0.0
2016-04-20 00:00:00+08:00,21.66618309000521,21.66618309000521,20.716669558735845,21.033174514770508,1026785,0.0,0.0
2016-04-21 00:00:00+08:00,21.119493926704088,21.349679470805174,20.86053569090335,21.033174514770508,671097,0.0,0.0
2016-04-22 00:00:00+08:00,21.033175088435193,21.95391595311745,21.033175088435193,21.292133331298828,1338541,0.0,0.0
2016-04-25 00:00:00+08:00,21.43599536163664,21.522316101609007,20.428935212749938,21.004398345947266,857462,0.0,0.0
2016-04-26 00:00:00+08:00,21.17704200744629,21.579865064459067,20.831763000695076,21.17704200744629,616283,0.0,0.0
2016-04-27 00:00:00+08:00,21.407224113290283,21.982687285208627,21.292132013640447,21.551090240478516,1286160,0.0,0.0
2016-04-28 00:00:00+08:00,21.752503899417317,21.752503899417317,21.119495283515302,21.17704200744629,544424,0.0,0.0
2016-04-29 00:00:00+08:00,21.004397731254162,21.090717131865905,20.745439529418945,20.745439529418945,602886,0.0,0.0
2016-05-03 00:00:00+08:00,20.51525321149832,20.74543736455272,19.85347076358971,19.939788818359375,860411,0.0,0.0
2016-05-04 00:00:00+08:00,19.85347091094526,20.34261324244209,19.623285419348072,20.02610969543457,590706,0.0,0.0
2016-05-05 00:00:00+08:00,20.42893563818997,20.42893563818997,19.623288304403403,20.19875144958496,394616,0.0,0.0
2016-05-06 00:00:00+08:00,20.28507060814746,20.28507060814746,19.59451533154132,19.911020278930664,378783,0.0,0.0
2016-05-09 00:00:00+08:00,20.112427601567333,20.227521014928847,19.911016133436153,19.939788818359375,377565,0.0,0.0
2016-05-10 00:00:00+08:00,19.968562988326692,20.02610969543457,19.565738712240194,20.02610969543457,299616,0.0,0.0
2016-05-11 00:00:00+08:00,20.544027423849922,21.004397101021077,20.31384191684714,20.486480712890625,725899,0.0,0.0
2016-05-12 00:00:00+08:00,20.486479341794624,20.601571419176057,19.85347091094526,20.02610969543457,344681,0.0,0.0
2016-05-13 00:00:00+08:00,20.026114160572686,20.141206263615718,19.652062486222242,19.8247013092041,395834,0.0,0.0
2016-05-16 00:00:00+08:00,19.882248064482148,20.37139184274504,19.680835212755568,20.22752571105957,382436,0.0,0.0
2016-05-17 00:00:00+08:00,20.31384603531319,20.601576974775956,20.141207204268596,20.457712173461914,489617,0.0,0.0
2016-05-18 00:00:00+08:00,20.457712155977788,20.457712155977788,19.911021633580678,20.054887771606445,386091,0.0,0.0
2016-05-19 00:00:00+08:00,20.026114363540046,20.026114363540046,19.42187714014489,19.450651168823242,611411,0.0,0.0
2016-05-20 00:00:00+08:00,19.450650495380163,19.680834695829468,19.04782613934199,19.508195877075195,389744,0.0,0.0
2016-05-23 00:00:00+08:00,19.738379232158646,20.400161743164062,19.4218743204892,20.400161743164062,624810,0.0,0.0
2016-05-24 00:00:00+08:00,20.601573567807907,20.601573567807907,20.169976561571417,20.371389389038086,336154,0.0,0.0
2016-05-25 00:00:00+08:00,20.601574279096837,20.860533828614017,20.544028900834803,20.57280158996582,699104,0.0,0.0
2016-05-26 00:00:00+08:00,20.601573224360852,21.148263647702887,20.544027849044962,20.860532760620117,599240,0.0,0.0
2016-05-27 00:00:00+08:00,21.004397535744282,21.119490960044942,20.7742120239774,20.860532760620117,327633,0.0,0.0
2016-05-30 00:00:00+08:00,20.86053477006182,20.975626868614565,20.71666864424496,20.802988052368164,401924,0.0,0.0
2016-05-31 00:00:00+08:00,20.88930623084502,21.46476936340332,20.74544011349682,21.46476936340332,868399,0.0,0.0
2016-06-01 00:00:00+08:00,21.57985963195232,22.069003320142066,21.4072208404541,21.4072208404541,1689301,0.0,0.0
2016-06-02 00:00:00+08:00,21.57986164749023,21.57986164749023,20.630348205566406,20.630348205566406,667438,0.0,0.0
2016-06-03 00:00:00+08:00,20.68789468375019,20.831759463900376,20.48648185260475,20.601573944091797,241163,0.0,0.0
2016-06-06 00:00:00+08:00,20.802988052368164,20.975626868614565,20.601575208857646,20.802988052368164,275257,0.0,0.0
2016-06-07 00:00:00+08:00,20.802988052368164,20.802988052368164,20.802988052368164,20.802988052368164,0,0.0,0.0
2016-06-08 00:00:00+08:00,21.49354362487793,21.810048571469665,21.292132115320236,21.49354362487793,831861,0.0,0.0
2016-06-13 00:00:00+08:00,21.752502642882995,21.752502642882995,21.349679609139308,21.37845230102539,856237,0.0,0.0
2016-06-14 00:00:00+08:00,21.378450932238042,21.579862436214214,21.177039428261875,21.23458480834961,505452,0.0,0.0
2016-06-15 00:00:00+08:00,21.11949450272307,21.49354485235899,21.033175088435193,21.292133331298828,386699,0.0,0.0
2016-06-16 00:00:00+08:00,21.37845216250482,21.37845216250482,21.004400486236232,21.033174514770508,418982,0.0,0.0
2016-06-17 00:00:00+08:00,21.148263931274414,21.52231556001546,21.061944530308704,21.148263931274414,443334,0.0,0.0
2016-06-20 00:00:00+08:00,21.17703789196506,22.126551299709888,21.17703789196506,21.925138473510742,1284074,0.0,0.0
2016-06-21 00:00:00+08:00,21.9826845216601,22.989744611706215,21.694953640290244,22.44305419921875,3009560,0.0,0.0
2016-06-22 00:00:00+08:00,22.471827069735543,22.615691834619163,22.212868888743813,22.327960968017578,900070,0.0,0.0
2016-06-23 00:00:00+08:00,22.212870939889388,22.50060316989463,21.92513870988415,21.95391273498535,734431,0.0,0.0
2016-06-24 00:00:00+08:00,21.982686781001103,22.18409828497727,21.061945994417307,21.23458480834961,1511478,0.0,0.0
2016-06-27 00:00:00+08:00,21.23458486435574,21.810048024592714,21.061946049968103,21.637409210205078,618849,0.0,0.0
2016-06-28 00:00:00+08:00,21.637409798115783,22.097779536713347,21.43599695130124,21.8963680267334,595582,0.0,0.0
2016-06-29 00:00:00+08:00,22.04023213662003,22.327963029790805,21.89636602161741,21.95391273498535,507885,0.0,0.0
2016-06-30 00:00:00+08:00,22.097778049816764,22.12655207561677,21.810047149658203,21.810047149658203,451889,0.0,0.0
2016-07-01 00:00:00+08:00,22.069005461459064,22.069005461459064,21.69495515586427,21.752500534057617,526196,0.0,0.0
2016-07-04 00:00:00+08:00,21.810046988906436,22.21287131562699,21.666180871470274,22.184097290039062,626033,0.0,0.0
2016-07-05 00:00:00+08:00,22.414286791554492,22.84588522051884,22.241647954702643,22.673246383666992,1344627,0.0,0.0
2016-07-06 00:00:00+08:00,22.67324225603207,22.67324225603207,22.24164390563965,22.24164390563965,784859,0.0,0.0
2016-07-07 00:00:00+08:00,22.615694205111698,22.64446823057188,22.24164390563965,22.24164390563965,421477,0.0,0.0
2016-07-08 00:00:00+08:00,22.24164390563965,22.24164390563965,22.24164390563965,22.24164390563965,0,0.0,0.0
2016-07-11 00:00:00+08:00,22.44305481436603,22.989745241837863,22.44305481436603,22.70201301574707,1045068,0.0,0.0
2016-07-12 00:00:00+08:00,22.730788546522664,23.536437228755123,22.730788546522664,22.932201385498047,2296025,0.0,0.0
2016-07-13 00:00:00+08:00,23.018518172436053,23.33502173452371,22.644466563664256,23.30624771118164,1242311,0.0,0.0
2016-07-14 00:00:00+08:00,24.140672544637212,24.34208537921255,23.335023880004883,23.335023880004883,3710388,0.0,0.0
2016-07-15 00:00:00+08:00,23.622757162171215,23.996808821854223,23.421344318700495,23.50766372680664,1900370,0.0,0.0
2016-07-18 00:00:00+08:00,23.70907420860925,24.28453598077192,23.70907420860925,24.054351806640625,2213340,0.0,0.0
2016-07-19 00:00:00+08:00,23.910482879070194,25.0326376769163,23.766618113347274,24.744905471801758,3741877,0.0,0.0
2016-07-20 00:00:00+08:00,24.888774977856322,26.24111419316021,24.342087159785503,25.83829116821289,6016948,0.0,0.0
2016-07-21 00:00:00+08:00,26.35620853734784,27.017989816854975,25.57933114151695,25.665653228759766,5416488,0.0,0.0
2016-07-22 00:00:00+08:00,25.69442303240087,26.298658890923647,25.550558243023254,25.895835876464844,1590775,0.0,0.0
2016-07-25 00:00:00+08:00,26.384979837072514,26.413753866092723,25.665653174590986,24.860004425048828,2825774,0.0,0.0
2016-07-26 00:00:00+08:00,26.21178778827577,26.6921849906115,26.21178778827577,26.24181365966797,2498155,1.478794,0.0
2016-07-27 00:00:00+08:00,26.9023603345943,26.9023603345943,25.971586227416992,25.971586227416992,1410873,0.0,0.0
2016-07-28 00:00:00+08:00,26.121714638724217,26.24181534200263,25.010790805871626,25.220966339111328,1309736,0.0,0.0
2016-07-29 00:00:00+08:00,25.52120905772609,26.06165793469066,25.371085299676896,25.64130973815918,1458917,0.0,0.0
2016-08-01 00:00:00+08:00,25.761413008819567,26.031637474472053,25.521211623801907,25.94156265258789,766093,0.0,0.0
2016-08-02 00:00:00+08:00,26.30186309536836,28.3435582177558,26.121713443687412,28.073333740234375,5259450,0.0,0.0
2016-08-03 00:00:00+08:00,27.68300847124274,28.073330815899162,27.35273228423848,27.592933654785156,2250780,0.0,0.0
2016-08-04 00:00:00+08:00,27.92320736132804,29.784755448746477,27.743057726415916,28.823955535888672,7663842,0.0,0.0
2016-08-05 00:00:00+08:00,29.244304218653976,29.994928567765292,28.823953243956687,28.853979110717773,5431126,0.0,0.0
2016-08-08 00:00:00+08:00,29.03413304593423,29.24430856451609,28.133384809140388,28.19343376159668,2378905,0.0,0.0
2016-08-09 00:00:00+08:00,28.583758746068074,29.69468249439087,28.343557357788086,28.343557357788086,3284933,0.0,0.0
2016-08-10 00:00:00+08:00,28.523703211467698,28.763904567810314,27.83313058945906,28.133380889892578,1609161,0.0,0.0
2016-08-11 00:00:00+08:00,28.944055557250977,29.454478581107345,28.523704558790783,28.944055557250977,5332330,0.0,0.0
2016-08-12 00:00:00+08:00,29.184253542818215,29.244305278516762,28.583755715759796,28.703853607177734,2181466,0.0,0.0
2016-08-15 00:00:00+08:00,28.73388366141284,29.09418296813965,28.52370813582554,29.09418296813965,1257179,0.0,0.0
2016-08-16 00:00:00+08:00,29.724700969224934,30.86565041177603,29.394427599007216,29.514528274536133,7668469,0.0,0.0
2016-08-17 00:00:00+08:00,29.694679948795923,29.844803711109055,28.884006610323652,28.944055557250977,2999825,0.0,0.0
2016-08-18 00:00:00+08:00,29.214277962912032,29.214277962912032,28.6738291083453,28.884004592895508,2012087,0.0,0.0
2016-08-19 00:00:00+08:00,29.184255667051357,29.634632557613706,28.974082946777344,28.974082946777344,2690504,0.0,0.0
2016-08-22 00:00:00+08:00,29.304353284244513,29.604603583137532,29.004102985351494,29.544551849365234,2327837,0.0,0.0
2016-08-23 00:00:00+08:00,29.84479968774576,31.105846933145887,29.784750748913602,30.925697326660156,8076380,0.0,0.0
2016-08-24 00:00:00+08:00,31.105853831276605,31.105853831276605,30.385255245531493,30.565404891967773,3085218,0.0,0.0
2016-08-25 00:00:00+08:00,31.045804305513126,31.526204283797096,30.445306425150534,30.745553970336914,3117300,0.0,0.0
2016-08-26 00:00:00+08:00,30.865655232691527,30.865655232691527,30.265157341233895,30.565404891967773,1751597,0.0,0.0
2016-08-29 00:00:00+08:00,31.045803860331617,31.826454162597656,30.805605269628874,31.826454162597656,4293161,0.0,0.0
2016-08-30 00:00:00+08:00,31.886501312255863,32.3068495197475,31.586250998339185,31.88650131225586,4003700,0.0,0.0
2016-08-31 00:00:00+08:00,32.006606989434765,32.06665594559098,31.40610626791235,31.526206970214844,2235008,0.0,0.0
2016-09-01 00:00:00+08:00,31.826454162597656,32.847300265576656,31.64630452207315,31.826454162597656,4612278,0.0,0.0
2016-09-02 00:00:00+08:00,31.886504159160392,31.886504159160392,30.325206293382696,30.565404891967773,3833016,0.0,0.0
2016-09-05 00:00:00+08:00,30.805602322657368,31.766399383544922,30.56540096494334,31.766399383544922,2184275,0.0,0.0
2016-09-06 00:00:00+08:00,31.946550947033845,32.66714948396074,31.886501998953168,32.18675231933594,2785012,0.0,0.0
2016-09-07 00:00:00+08:00,32.1867575553707,32.727206545984316,31.94655614399344,32.42695617675781,1939972,0.0,0.0
2016-09-08 00:00:00+08:00,32.78725253075017,33.32770147235695,32.66715183595204,32.8473014831543,3447292,0.0,0.0
2016-09-09 00:00:00+08:00,32.60709942210378,32.96739867826031,32.36690084799595,32.54705047607422,1983252,0.0,0.0
2016-09-12 00:00:00+08:00,31.526202918988094,31.82645324116609,30.80560437775267,30.985754013061523,1704280,0.0,0.0
2016-09-13 00:00:00+08:00,31.285998591143073,31.466148209441723,28.76390393496193,29.514528274536133,4712377,0.0,0.0
2016-09-14 00:00:00+08:00,29.754733241142468,30.50535774230957,29.664658412602016,30.50535774230957,2563843,0.0,0.0
2016-09-19 00:00:00+08:00,31.105854692467474,31.46615399531521,30.565405738195874,31.406105041503906,2980375,0.0,0.0
2016-09-20 00:00:00+08:00,31.46614896967689,32.18675025027097,31.406100025456347,31.706350326538086,1726142,0.0,0.0
2016-09-21 00:00:00+08:00,31.706349071503794,32.2467979180646,31.22594916678661,31.58624839782715,1327993,0.0,0.0
2016-09-22 00:00:00+08:00,31.94655171641016,32.30685099355078,31.406102800699234,32.12670135498047,1814887,0.0,0.0
2016-09-23 00:00:00+08:00,32.42695146481116,32.96740037689237,32.0066032409668,32.0066032409668,2428719,0.0,0.0
2016-09-26 00:00:00+08:00,32.00660046186058,32.00660046186058,31.105849563280263,31.225950241088867,1445897,0.0,0.0
2016-09-27 00:00:00+08:00,31.225950241088867,31.225950241088867,31.225950241088867,31.225950241088867,0,0.0,0.0
2016-09-28 00:00:00+08:00,31.225950241088867,31.225950241088867,31.225950241088867,31.225950241088867,0,0.0,0.0
2016-09-29 00:00:00+08:00,31.526205072180304,31.76640367233408,31.105854034423828,31.105854034423828,779676,0.0,0.0
2016-09-30 00:00:00+08:00,30.74554772017442,30.925697326660153,30.205098900717225,30.925697326660156,1137584,0.0,0.0
2016-10-03 00:00:00+08:00,30.985756129341887,31.225954729495662,30.805606481729082,31.105854034423828,609584,0.0,0.0
2016-10-04 00:00:00+08:00,31.466158054684236,32.72720856732618,31.466158054684236,32.48700714111328,4043687,0.0,0.0
2016-10-05 00:00:00+08:00,32.727201222031105,33.02745154241388,32.06665163318489,32.18675231933594,2144813,0.0,0.0
2016-10-06 00:00:00+08:00,32.36689835003692,32.667145847002296,31.88649844890719,32.306846618652344,760002,0.0,0.0
2016-10-07 00:00:00+08:00,32.78724651978207,33.14754574813203,32.24679767725714,32.306846618652344,3583519,0.0,0.0
2016-10-11 00:00:00+08:00,32.36690072824196,32.547050355653695,29.844803154488122,30.80560302734375,3365647,0.0,0.0
2016-10-12 00:00:00+08:00,30.925700101723464,31.70635032653809,30.805602213282377,31.706350326538086,1644356,0.0,0.0
2016-10-13 00:00:00+08:00,31.76640482326398,32.18675587625021,31.16590690612793,31.16590690612793,1301071,0.0,0.0
2016-10-14 00:00:00+08:00,30.98575706983343,31.46615428472218,29.93488223353558,30.625457763671875,2446938,0.0,0.0
2016-10-17 00:00:00+08:00,30.925700918958515,30.925700918958515,29.604604581269008,30.80560302734375,1648192,0.0,0.0
2016-10-18 00:00:00+08:00,30.985756784844867,32.06665469338807,30.805607133421,31.406105041503906,2260710,0.0,0.0
2016-10-19 00:00:00+08:00,31.58625186742781,31.766401502736667,30.9257022746321,30.985754013061523,1278971,0.0,0.0
2016-10-20 00:00:00+08:00,31.225950787590783,31.406100412461843,30.565401233067057,31.045801162719727,840389,0.0,0.0
2016-10-21 00:00:00+08:00,31.225951227974598,31.225951227974598,30.80560302734375,30.80560302734375,806515,0.0,0.0
2016-10-24 00:00:00+08:00,30.925703057460872,31.52620371701746,30.865654107501122,31.346054077148438,1069574,0.0,0.0
2016-10-25 00:00:00+08:00,31.406099433376365,31.586249052631256,31.105849137955058,31.466148376464844,908617,0.0,0.0
2016-10-26 00:00:00+08:00,31.28600245103436,32.36690308417117,31.105852810509855,31.826454162597656,1805010,0.0,0.0
2016-10-27 00:00:00+08:00,32.18675207548047,32.60710028883992,31.586251439264487,31.646303176879883,1881750,0.0,0.0
2016-10-28 00:00:00+08:00,31.526201092372396,31.886500342114513,30.98575221775922,31.045801162719727,952444,0.0,0.0
2016-10-31 00:00:00+08:00,30.985755926979003,30.985755926979003,30.385255245531493,30.565404891967773,947712,0.0,0.0
2016-11-01 00:00:00+08:00,30.565404327229157,31.045804305513126,30.385254684121396,30.745553970336914,565134,0.0,0.0
2016-11-02 00:00:00+08:00,30.145054851292453,30.44530517413116,29.094180116351826,29.30435562133789,2595459,0.0,0.0
2016-11-03 00:00:00+08:00,29.18425410923383,30.02495331542379,29.064156215485003,29.5745792388916,1495799,0.0,0.0
2016-11-04 00:00:00+08:00,29.81477928161621,29.874828225822487,29.36440243510587,29.81477928161621,516414,0.0,0.0
2016-11-07 00:00:00+08:00,30.02495595265894,30.62545663410645,30.02495595265894,30.565404891967773,830652,0.0,0.0
2016-11-08 00:00:00+08:00,30.74555047176626,30.74555047176626,29.604603791909987,29.81477928161621,1043829,0.0,0.0
2016-11-09 00:00:00+08:00,29.96490397621946,29.994929844258355,27.68300775500333,27.923206329345703,3042614,0.0,0.0
2016-11-10 00:00:00+08:00,29.184256475167256,30.02495574951172,28.884008926464837,30.02495574951172,1505600,0.0,0.0
2016-11-11 00:00:00+08:00,30.445308786612618,30.925706012168327,29.54455771121807,30.50535774230957,2238598,0.0,0.0
2016-11-14 00:00:00+08:00,30.505352456041575,30.625453136613295,29.724702217309737,30.265153884887695,973148,0.0,0.0
2016-11-15 00:00:00+08:00,28.643807514828673,29.184256450015077,28.313534095544714,28.914031982421875,3103351,0.0,0.0
2016-11-16 00:00:00+08:00,29.274328356376458,29.514529719191486,28.583755715759796,28.703853607177734,1582566,0.0,0.0
2016-11-17 00:00:00+08:00,28.703852184717157,28.884004592895508,28.043305444684112,28.884004592895508,1360874,0.0,0.0
2016-11-18 00:00:00+08:00,28.88401313645057,29.574585947108318,28.643811714490276,29.364410400390625,1289851,0.0,0.0
2016-11-21 00:00:00+08:00,29.364407739253277,29.424459484296317,29.004108428955078,29.004108428955078,760072,0.0,0.0
2016-11-22 00:00:00+08:00,29.124206263441476,29.514531407856044,29.094180393874282,29.21428108215332,996529,0.0,0.0
2016-11-23 00:00:00+08:00,29.424456750633077,29.424456750633077,28.6137833777773,28.64380645751953,1455519,0.0,0.0
2016-11-24 00:00:00+08:00,28.64380645751953,29.004105734344318,28.49368268883912,28.64380645751953,618121,0.0,0.0
2016-11-25 00:00:00+08:00,28.79393152102161,29.06415596460839,28.70385391650307,29.034130096435547,484757,0.0,0.0
2016-11-28 00:00:00+08:00,29.214281362545112,29.214281362545112,28.974082773671405,29.12420654296875,408017,0.0,0.0
2016-11-29 00:00:00+08:00,29.094180673113375,29.244307232400487,28.763907264663306,29.12420654296875,551793,0.0,0.0
2016-11-30 00:00:00+08:00,29.30435360141516,29.69467871520175,29.034129166483563,29.244304656982422,756772,0.0,0.0
2016-12-01 00:00:00+08:00,29.39442933467214,29.904852353327666,29.18425383758358,29.664653778076172,753912,0.0,0.0
2016-12-02 00:00:00+08:00,29.424453465386808,29.514528274536133,29.244303847088155,29.514528274536133,527376,0.0,0.0
2016-12-05 00:00:00+08:00,29.604604435788705,30.50535256842099,29.514529622525476,30.32520294189453,1322703,0.0,0.0
2016-12-06 00:00:00+08:00,30.50535268035622,30.50535268035622,30.08500169025902,30.385251998901367,640771,0.0,0.0
2016-12-07 00:00:00+08:00,30.565400251353452,30.565400251353452,30.08500033713049,30.205101013183594,714942,0.0,0.0
2016-12-08 00:00:00+08:00,30.565404681424432,30.92570397181514,30.265157132758745,30.4453067779541,1049875,0.0,0.0
2016-12-09 00:00:00+08:00,30.565404327229157,30.805605711366056,30.385254684121396,30.745553970336914,646736,0.0,0.0
2016-12-12 00:00:00+08:00,30.86565099765254,31.346050918897475,30.445302810306657,31.225950241088867,1268740,0.0,0.0
2016-12-13 00:00:00+08:00,30.625453399932017,30.925700918958515,30.325203090915938,30.80560302734375,1371421,0.0,0.0
2016-12-14 00:00:00+08:00,31.105853256552436,31.165904997581574,30.625456068258295,30.745553970336914,1093752,0.0,0.0
2016-12-15 00:00:00+08:00,30.74555341759185,31.406103027108188,30.6855044676321,31.346054077148438,1099208,0.0,0.0
2016-12-16 00:00:00+08:00,31.526200109542778,31.88649934805256,31.225949814121474,31.466148376464844,1426282,0.0,0.0
2016-12-19 00:00:00+08:00,31.466154469700957,31.586255169124165,30.92570550728151,31.16590690612793,839170,0.0,0.0
2016-12-20 00:00:00+08:00,31.165900871032996,31.526200109542778,31.105849137955058,31.466148376464844,361980,0.0,0.0
2016-12-21 00:00:00+08:00,31.64630452207315,32.30685134400314,31.52620383172689,31.826454162597656,1810365,0.0,0.0
2016-12-22 00:00:00+08:00,31.82645381735646,32.12670135498047,31.706353128313,32.12670135498047,900469,0.0,0.0
2016-12-23 00:00:00+08:00,32.12670170347864,32.12670170347864,31.766402422429632,31.826454162597656,708242,0.0,0.0
2016-12-26 00:00:00+08:00,32.1266951995732,32.96739428182172,31.946545595519176,32.727195739746094,2260889,0.0,0.0
2016-12-27 00:00:00+08:00,32.8472936157893,32.90734534380012,32.36689653163805,32.727195739746094,932974,0.0,0.0
2016-12-28 00:00:00+08:00,32.727201016365036,33.20760096796057,32.607100330968734,32.96739959716797,1394006,0.0,0.0
2016-12-29 00:00:00+08:00,32.9674006105255,34.468649459161064,32.847299921437525,33.86814880371094,4480534,0.0,0.0
2016-12-30 00:00:00+08:00,33.92820188065603,34.468650817871094,33.50785084727329,34.468650817871094,2399610,0.0,0.0
2017-01-03 00:00:00+08:00,34.768893972702465,36.27014269075961,34.648796084050346,35.90984344482422,4275278,0.0,0.0
2017-01-04 00:00:00+08:00,36.21009598802353,36.27014493606693,34.8289478631079,35.189247131347656,2688512,0.0,0.0
2017-01-05 00:00:00+08:00,35.36939878864955,35.429447740127834,34.648800210950725,35.249298095703125,2086000,0.0,0.0
2017-01-06 00:00:00+08:00,35.549551632100304,35.669649545864225,34.70885228580237,34.94905090332031,1437218,0.0,0.0
2017-01-09 00:00:00+08:00,35.0691459515518,35.1291948987498,33.6879978460806,34.10834884643555,2155189,0.0,0.0
2017-01-10 00:00:00+08:00,34.04830034788297,34.58874929404081,33.928202442063395,34.28850173950195,1010902,0.0,0.0
2017-01-11 00:00:00+08:00,33.98824620936391,34.28849650808329,33.447797345662714,33.68799591064453,2318170,0.0,0.0
2017-01-12 00:00:00+08:00,34.288500819880085,35.24929799061756,34.04829943470334,34.768898010253906,2734667,0.0,0.0
2017-01-13 00:00:00+08:00,34.46864645858831,35.30934283905038,34.10834721267899,34.64879608154297,1573606,0.0,0.0
2017-01-16 00:00:00+08:00,34.6487977411865,34.6487977411865,33.9882481620499,34.10834884643555,890672,0.0,0.0
2017-01-17 00:00:00+08:00,34.52869852842183,34.52869852842183,34.04829856039412,34.348548889160156,497585,0.0,0.0
2017-01-18 00:00:00+08:00,34.4085957810068,36.15004311971365,34.34854683484092,35.54954528808594,3106273,0.0,0.0
2017-01-19 00:00:00+08:00,35.549548289269175,37.05079439007227,35.129197260652035,36.510345458984375,3921482,0.0,0.0
2017-01-20 00:00:00+08:00,37.35103846715874,38.912336047553865,37.29098952598602,38.37188720703125,6905798,0.0,0.0
2017-01-23 00:00:00+08:00,39.45278622885003,41.85478301724019,39.09248698959045,41.01408386230469,7898547,0.0,0.0
2017-01-24 00:00:00+08:00,40.6537855467079,40.95403584957579,39.87313810723882,40.17338562011719,3565554,0.0,0.0
2017-02-02 00:00:00+08:00,40.29348552790087,41.074132952425565,38.43193759174199,40.233436584472656,3771245,0.0,0.0
2017-02-03 00:00:00+08:00,40.653788497719106,41.134188459181495,39.51284172798437,39.7530403137207,2354675,0.0,0.0
2017-02-06 00:00:00+08:00,39.93318720785929,40.653785705566406,39.15253976533976,40.653785705566406,1904023,0.0,0.0
2017-02-07 00:00:00+08:00,41.31434078826882,43.235937969351326,41.31434078826882,41.85478973388672,6803592,0.0,0.0
2017-02-08 00:00:00+08:00,41.67463752213856,43.11583462181178,41.25428929806378,41.97488784790039,3517748,0.0,0.0
2017-02-09 00:00:00+08:00,41.79473517924491,42.93568187040823,41.55453382006034,41.914833068847656,2045460,0.0,0.0
2017-02-10 00:00:00+08:00,41.734688635244304,42.21508862337409,40.71383970671471,40.77389144897461,2172121,0.0,0.0
2017-02-13 00:00:00+08:00,40.833933878681535,42.275130822873024,40.833933878681535,41.67463302612305,1761438,0.0,0.0
2017-02-14 00:00:00+08:00,42.1550385060284,42.93568602392272,40.893988223291714,41.13418960571289,2405922,0.0,0.0
2017-02-15 00:00:00+08:00,41.43443351893809,41.794732746755685,40.65378333200706,41.2542839050293,1270597,0.0,0.0
2017-02-16 00:00:00+08:00,41.494489774914705,41.61459046868844,40.893989096035895,41.55453872680664,754125,0.0,0.0
2017-02-17 00:00:00+08:00,42.27512823210046,43.65627614897205,41.79473114013672,41.79473114013672,3880455,0.0,0.0
2017-02-20 00:00:00+08:00,41.79473922238643,41.974888864207415,41.13418960571289,41.13418960571289,1081609,0.0,0.0
2017-02-21 00:00:00+08:00,41.13418436643257,41.374382928269746,40.17338453910499,40.53368377685547,1129924,0.0,0.0
2017-02-22 00:00:00+08:00,41.07413280551813,41.91483196045363,40.8339342426749,41.01408386230469,1057547,0.0,0.0
2017-02-23 00:00:00+08:00,41.434434834767174,41.55453272119406,40.95403491909124,41.01408386230469,621177,0.0,0.0
2017-02-24 00:00:00+08:00,41.07413900031458,41.07413900031458,40.59374180217468,40.77389144897461,588949,0.0,0.0
2017-03-01 00:00:00+08:00,40.95403721907647,42.034934997558594,40.83393653591525,42.034934997558594,1212569,0.0,0.0
2017-03-02 00:00:00+08:00,42.75553295810991,43.536183203477215,41.734684139547056,42.215084075927734,3126870,0.0,0.0
2017-03-03 00:00:00+08:00,42.4552833462307,43.71633354868489,42.335185452655736,42.51533508300781,2504147,0.0,0.0
2017-03-06 00:00:00+08:00,42.695484569960875,42.75553351654668,41.79473642122577,42.034934997558594,1235291,0.0,0.0
2017-03-07 00:00:00+08:00,42.034936797056865,42.755535346893474,41.79473821044124,41.97488784790039,576140,0.0,0.0
2017-03-08 00:00:00+08:00,42.335189726654825,42.57538832804392,41.49449043680812,41.85478973388672,636075,0.0,0.0
2017-03-09 00:00:00+08:00,41.97488074712044,42.57537850706974,41.79473114013672,41.79473114013672,597012,0.0,0.0
2017-03-10 00:00:00+08:00,41.79473909475458,42.635438350681795,41.074137739681404,42.39523696899414,1250873,0.0,0.0
2017-03-13 00:00:00+08:00,42.635439624278696,44.737186431884766,42.03493894211131,44.737186431884766,5194324,0.0,0.0
2017-03-14 00:00:00+08:00,45.93818152774353,46.898981488815444,44.31683473217324,44.43693542480469,4650546,0.0,0.0
2017-03-15 00:00:00+08:00,44.496978532621874,45.15752807036434,44.316828912327516,44.37688064575195,1036842,0.0,0.0
2017-03-16 00:00:00+08:00,44.43693453451461,45.45778342645472,43.83643387337818,44.01658630371094,1149803,0.0,0.0
2017-03-17 00:00:00+08:00,44.13668780639937,45.3376864367084,43.836437451324606,45.27763748168945,1293668,0.0,0.0
2017-03-20 00:00:00+08:00,45.517833970714506,45.517833970714506,44.617085737453316,44.737186431884766,803971,0.0,0.0
2017-03-21 00:00:00+08:00,44.79723334232478,45.09748366972358,43.83643341064453,43.83643341064453,1106346,0.0,0.0
2017-03-22 00:00:00+08:00,43.23593853967655,44.13668679425482,42.87563923784524,43.896488189697266,1017011,0.0,0.0
2017-03-23 00:00:00+08:00,44.13668574971739,44.737186431884766,43.65628576198146,44.737186431884766,934290,0.0,0.0
2017-03-24 00:00:00+08:00,44.85728187789105,46.47862860890213,44.49698260433303,46.23843002319336,2590894,0.0,0.0
2017-03-27 00:00:00+08:00,46.83892890675467,46.83892890675467,45.217582140287256,45.39773178100586,1510583,0.0,0.0
2017-03-28 00:00:00+08:00,45.637932336229646,45.8180819736888,40.89398723315574,41.97488784790039,4453764,0.0,0.0
2017-03-29 00:00:00+08:00,43.59623300827254,43.6562819552572,42.39523453865188,42.99573516845703,2164578,0.0,0.0
2017-03-30 00:00:00+08:00,43.416080849363496,43.416080849363496,42.51533274709279,42.755531311035156,738304,0.0,0.0
2017-03-31 00:00:00+08:00,42.75553807018457,42.815589813155746,41.13419122978138,42.33518981933594,1505556,0.0,0.0
2017-04-05 00:00:00+08:00,43.416084158592454,43.596233792777824,42.695485621850956,42.93568420410156,1104620,0.0,0.0
2017-04-06 00:00:00+08:00,42.75553325334439,43.3560338754642,42.75553325334439,43.17588424682617,768872,0.0,0.0
2017-04-07 00:00:00+08:00,43.476134133761875,43.956534099602,42.635437681028854,43.83643341064453,1193657,0.0,0.0
2017-04-10 00:00:00+08:00,44.136679669552684,44.31682929138793,43.536181860098345,43.716331481933594,845259,0.0,0.0
2017-04-11 00:00:00+08:00,43.776384685387605,43.776384685387605,40.83393871578125,41.31433868408203,1924507,0.0,0.0
2017-04-12 00:00:00+08:00,41.19423327671556,41.494483571265924,38.73218755737722,39.27263641357422,3690239,0.0,0.0
2017-04-13 00:00:00+08:00,39.032445805736664,39.63294372721399,38.852296150294464,38.97239685058594,1278184,0.0,0.0
2017-04-14 00:00:00+08:00,38.73218830080403,38.73218830080403,36.51034110046612,36.69049072265625,2247285,0.0,0.0
2017-04-17 00:00:00+08:00,37.170893847927566,38.1316937757203,35.90984638394063,37.2309455871582,1723695,0.0,0.0
2017-04-18 00:00:00+08:00,37.59124464278233,38.131693552759515,37.47114395501305,38.011592864990234,978171,0.0,0.0
2017-04-19 00:00:00+08:00,37.89148730768136,39.21258633339622,37.59123981182837,38.37188720703125,1870826,0.0,0.0
2017-04-20 00:00:00+08:00,38.2517937412358,38.431943388683074,36.75054760917187,37.29099655151367,1058666,0.0,0.0
2017-04-21 00:00:00+08:00,37.47114250942058,37.95154245197473,37.41109356284742,37.771392822265625,696080,0.0,0.0
2017-04-24 00:00:00+08:00,38.07164076414055,38.07164076414055,36.93069402675542,37.110843658447266,443352,0.0,0.0
2017-04-25 00:00:00+08:00,37.41109232521864,38.07163908564015,36.750542774807606,37.65129089355469,923234,0.0,0.0
2017-04-26 00:00:00+08:00,37.95154119646689,38.31184044396572,37.65129089355469,37.65129089355469,691811,0.0,0.0
2017-04-27 00:00:00+08:00,37.711334893833154,39.15253448486328,37.11083715672913,39.15253448486328,1673491,0.0,0.0
2017-04-28 00:00:00+08:00,39.15254072286597,39.5728889268121,38.552040100097656,38.552040100097656,992649,0.0,0.0
2017-05-02 00:00:00+08:00,38.97239405546607,39.032443006310054,38.13169479370117,38.13169479370117,752940,0.0,0.0
2017-05-03 00:00:00+08:00,38.43194233791092,38.491994078744725,38.01159410202339,38.13169479370117,430292,0.0,0.0
2017-05-04 00:00:00+08:00,38.31184234408688,40.17338761849321,38.01159202628341,39.33269119262695,2302054,0.0,0.0
2017-05-05 00:00:00+08:00,39.692987528322746,39.692987528322746,38.49198913574219,38.49198913574219,888256,0.0,0.0
2017-05-08 00:00:00+08:00,38.6721437212665,38.6721437212665,37.83144445950161,38.13169479370117,724742,0.0,0.0
2017-05-09 00:00:00+08:00,38.01159652343659,38.61209723008879,36.450298592126856,37.05079650878906,1078350,0.0,0.0
2017-05-10 00:00:00+08:00,37.2309448252193,38.431940525396975,37.2309448252193,38.191741943359375,527373,0.0,0.0
2017-05-11 00:00:00+08:00,38.31184275953328,39.27263988093756,38.191742073111605,38.672142028808594,1065933,0.0,0.0
2017-05-12 00:00:00+08:00,39.15253867015991,39.93318609084307,38.49198913574219,38.49198913574219,1607701,0.0,0.0
2017-05-15 00:00:00+08:00,38.61209774091039,39.6329439337425,38.25179563815843,39.09249496459961,876337,0.0,0.0
2017-05-16 00:00:00+08:00,39.152541010682334,40.413588421780496,39.092489273970294,39.512840270996094,1963460,0.0,0.0
2017-05-17 00:00:00+08:00,39.75304463465982,39.75304463465982,38.91234530821865,39.09249496459961,740514,0.0,0.0
2017-05-18 00:00:00+08:00,38.431938871349814,39.03243948558379,38.431938871349814,38.7321891784668,451861,0.0,0.0
2017-05-19 00:00:00+08:00,39.092492952617235,39.81309154105388,38.97239504787105,39.03244400024414,606540,0.0,0.0
2017-05-22 00:00:00+08:00,39.45279224683556,39.63294189394472,39.03244400024414,39.03244400024414,606847,0.0,0.0
2017-05-23 00:00:00+08:00,39.33269161914324,39.33269161914324,38.672142028808594,38.672142028808594,459173,0.0,0.0
2017-05-24 00:00:00+08:00,39.032441909407744,42.335187122818695,39.032441909407744,41.97488784790039,3589439,0.0,0.0
2017-05-25 00:00:00+08:00,41.434441875577036,41.55453978241174,40.533690834377154,40.71384048461914,2436343,0.0,0.0
2017-05-26 00:00:00+08:00,40.89398766557269,42.63543789941174,40.89398766557269,41.31433868408203,3332194,0.0,0.0
2017-05-31 00:00:00+08:00,42.034934628652486,42.51533456709168,41.4344367980957,41.4344367980957,1075573,0.0,0.0
2017-06-01 00:00:00+08:00,41.55453101991087,41.73468063216516,40.11333412187657,40.29348373413086,1566410,0.0,0.0
2017-06-02 00:00:00+08:00,40.71383070824515,42.395228900086025,40.71383070824515,41.79473114013672,2240270,0.0,0.0
2017-06-05 00:00:00+08:00,43.235940771415166,43.416090431629726,42.695491790771484,42.695491790771484,1481882,0.0,0.0
2017-06-06 00:00:00+08:00,43.055786696185066,43.11583564676903,42.51533777095996,42.87563705444336,1125560,0.0,0.0
2017-06-07 00:00:00+08:00,42.935681478161754,42.995733212404055,42.21508298717028,42.575382232666016,918457,0.0,0.0
2017-06-08 00:00:00+08:00,42.755534569916186,44.25678338145409,42.63543667378573,42.93568420410156,2534801,0.0,0.0
2017-06-09 00:00:00+08:00,42.875640140337765,43.0557897950454,41.914840121903694,42.09498977661133,1175445,0.0,0.0
2017-06-12 00:00:00+08:00,41.73468647129503,42.15503748535954,41.49448788467941,41.97488784790039,586150,0.0,0.0
2017-06-13 00:00:00+08:00,42.215084256818486,42.63543524919887,41.254287169929704,41.4344367980957,1644367,0.0,0.0
2017-06-14 00:00:00+08:00,41.914835291151505,42.39523524500167,40.71383680152093,41.194236755371094,974462,0.0,0.0
2017-06-15 00:00:00+08:00,41.434441391142684,41.734688944709006,40.713840008609765,41.3743896484375,682078,0.0,0.0
2017-06-16 00:00:00+08:00,41.55454081248842,42.33519117621485,41.07414080327138,42.09498977661133,779490,0.0,0.0
2017-06-19 00:00:00+08:00,42.57538815376239,43.47613639277169,41.85478956255494,43.11583709716797,1925964,0.0,0.0
2017-06-20 00:00:00+08:00,43.115831100909624,43.29598072365749,42.51533328841323,42.575382232666016,858899,0.0,0.0
2017-06-21 00:00:00+08:00,42.69548376524296,43.716332577898484,42.635434819788955,43.35603332519531,1402107,0.0,0.0
2017-06-22 00:00:00+08:00,43.53618813536558,43.59623708796956,42.93568744936611,43.11583709716797,979416,0.0,0.0
2017-06-23 00:00:00+08:00,43.35603589920951,43.77638412232244,43.17588626216257,43.23593521118164,928080,0.0,0.0
2017-06-26 00:00:00+08:00,43.29598416020071,44.01658549837817,43.23593521118164,43.23593521118164,1095377,0.0,0.0
2017-06-27 00:00:00+08:00,43.47613379724764,43.77638412232244,43.11583452315377,43.23593521118164,970707,0.0,0.0
2017-06-28 00:00:00+08:00,43.29598416020071,43.41608484822857,42.09498564989125,43.23593521118164,925652,0.0,0.0
2017-06-29 00:00:00+08:00,43.35603478801013,43.59623336791992,42.75553415325114,43.59623336791992,936605,0.0,0.0
2017-06-30 00:00:00+08:00,44.016584440066545,45.99823039993715,44.016584440066545,45.33768081665039,6444552,0.0,0.0
2017-07-03 00:00:00+08:00,46.65878303434057,49.8414306640625,45.87813545817577,49.8414306640625,8684369,0.0,0.0
2017-07-04 00:00:00+08:00,49.84142336376111,51.282620394812426,49.18087658452232,49.541175842285156,6864808,0.0,0.0
2017-07-05 00:00:00+08:00,50.26177529194705,53.68461830430891,50.021573922314516,52.964019775390625,13275587,0.0,0.0
2017-07-06 00:00:00+08:00,52.483622069128565,53.504468114463926,52.00321933487018,53.144168853759766,5233177,0.0,0.0
2017-07-07 00:00:00+08:00,53.264265671941516,56.0265618082297,52.123316176087435,52.2434196472168,12344608,0.0,0.0
2017-07-10 00:00:00+08:00,53.68461857544339,54.465268845707314,52.964020042885714,53.92481994628906,5796557,0.0,0.0
2017-07-11 00:00:00+08:00,53.50446350145851,53.62456138467898,52.423565812538016,53.20421600341797,4354398,0.0,0.0
2017-07-12 00:00:00+08:00,54.10497361718781,55.24591765889788,53.684622581832656,54.044921875,4585894,0.0,0.0
2017-07-13 00:00:00+08:00,54.705465550778605,55.606213731528456,54.34516627847866,55.245914459228516,3616276,0.0,0.0
2017-07-14 00:00:00+08:00,56.74716817939855,57.58787027389626,55.54617236151886,56.14666748046875,5609911,0.0,0.0
2017-07-17 00:00:00+08:00,56.74716469048874,57.58786673329869,55.846416487463486,56.68711853027344,2380121,0.0,0.0
2017-07-18 00:00:00+08:00,56.98736844702996,61.85140894614287,56.80721879891467,60.950660705566406,4621233,0.0,0.0
2017-07-19 00:00:00+08:00,61.25090794222496,63.9531524037992,60.35015978836689,57.88811111450195,6823759,0.0,0.0
2017-07-20 00:00:00+08:00,63.69650950116669,64.60460513882418,60.5830338696387,60.64789581298828,5418883,1.477891,1.06
2017-07-21 00:00:00+08:00,60.45330040186364,60.84248340919195,58.0533290464186,59.67493438720703,3560151,0.0,0.0
2017-07-24 00:00:00+08:00,60.45329793921888,61.94517365474025,59.934385388535624,60.32357406616211,3590028,0.0,0.0
2017-07-25 00:00:00+08:00,60.32357406616211,60.8424809306933,59.220881342115156,60.32357406616211,1983204,0.0,0.0
2017-07-26 00:00:00+08:00,60.972217555885805,62.010042777524404,60.388443001021365,60.777626037597656,2620917,0.0,0.0
2017-07-27 00:00:00+08:00,60.97221304853306,61.231672177838625,60.1289794075184,60.45330047607422,1841945,0.0,0.0
2017-07-28 00:00:00+08:00,61.23166674287067,63.24244922882495,60.97220763659488,62.20462417602539,5305601,0.0,0.0
2017-07-31 00:00:00+08:00,63.82623614190986,65.83701884105308,63.30732356049348,64.66946411132812,6221390,0.0,0.0
2017-08-01 00:00:00+08:00,64.41000745214942,64.86405807055648,63.11272322021614,64.21541595458984,2753191,0.0,0.0
2017-08-02 00:00:00+08:00,65.512694500371,67.78293622010212,64.21541595458984,64.21541595458984,5094879,0.0,0.0
2017-08-03 00:00:00+08:00,63.63163682540732,65.18837451771546,62.72354125976563,62.723541259765625,2164317,0.0,0.0
2017-08-04 00:00:00+08:00,63.24244608572443,63.761358586334666,62.39921256146386,62.5289421081543,1574536,0.0,0.0
2017-08-07 00:00:00+08:00,62.9181358334796,63.95596101237278,60.972215044593014,61.03708267211914,3179602,0.0,0.0
2017-08-08 00:00:00+08:00,61.6857156306798,61.75058325451105,58.37764877215514,59.02629089355469,2657146,0.0,0.0
2017-08-09 00:00:00+08:00,59.545204804140624,60.5181680083102,58.11819665361374,59.480342864990234,2228335,0.0,0.0
2017-08-10 00:00:00+08:00,59.415480251358474,59.86953092216705,56.6911932849653,57.59928894042969,2169335,0.0,0.0
2017-08-11 00:00:00+08:00,55.977676102771774,58.50737690266617,55.977676102771774,57.98846435546875,2003074,0.0,0.0
2017-08-14 00:00:00+08:00,58.572237286194714,58.572237286194714,56.49658715242396,56.56145477294922,1350432,0.0,0.0
2017-08-15 00:00:00+08:00,59.15601940558677,60.583027498427704,58.76683072796029,60.32357406616211,2632673,0.0,0.0
2017-08-16 00:00:00+08:00,59.99925474820512,60.323575812540305,59.09115349360569,59.15602111816406,1071231,0.0,0.0
2017-08-17 00:00:00+08:00,59.7397946686932,61.42626190185547,59.156020173899556,61.42626190185547,1583338,0.0,0.0
2017-08-18 00:00:00+08:00,60.9722239821448,61.361407059739626,59.80467474936031,59.93439865112305,1548947,0.0,0.0
2017-08-21 00:00:00+08:00,59.67493622094296,60.25871074987408,58.70197298657196,59.091156005859375,849809,0.0,0.0
2017-08-22 00:00:00+08:00,59.09115731238149,60.842486624049705,59.09115731238149,59.350616455078125,1225420,0.0,0.0
2017-08-23 00:00:00+08:00,60.64789964653978,61.16681228459489,59.80467158508411,60.064125061035156,1539030,0.0,0.0
2017-08-24 00:00:00+08:00,60.97222075609335,60.97222075609335,59.934395479983124,60.064125061035156,712731,0.0,0.0
2017-08-25 00:00:00+08:00,60.323579719340344,60.323579719340344,59.48034603468805,59.54520797729492,660773,0.0,0.0
2017-08-28 00:00:00+08:00,59.4803415157648,59.674933014954235,58.9614289558756,59.02629089355469,584159,0.0,0.0
2017-08-29 00:00:00+08:00,58.83170889740277,59.28575959295532,58.18306667122858,58.247928619384766,700623,0.0,0.0
2017-08-30 00:00:00+08:00,58.70197388859107,63.242457679786895,58.70197388859107,62.91813659667969,5451932,0.0,0.0
2017-08-31 00:00:00+08:00,62.59381521919482,62.72353909112119,60.842480400516784,61.16680145263672,2183108,0.0,0.0
2017-09-01 00:00:00+08:00,61.88030549283977,62.528947597079636,61.10193951667353,61.16680145263672,1298256,0.0,0.0
2017-09-04 00:00:00+08:00,61.29654122857076,63.242462179514554,59.86953291028884,62.26950454711914,2292700,0.0,0.0
2017-09-05 00:00:00+08:00,64.41000745214942,67.78293622010212,64.21541595458984,64.21541595458984,7441447,0.0,0.0
2017-09-06 00:00:00+08:00,63.89109980658905,64.08569131910282,62.01004093741913,62.1397705078125,2120131,0.0,0.0
2017-09-07 00:00:00+08:00,62.91814643083988,63.4370591076874,59.67494646515796,59.8046760559082,2101433,0.0,0.0
2017-09-08 00:00:00+08:00,60.25871341893794,60.97221754795255,59.999259956638404,60.38844299316406,952886,0.0,0.0
2017-09-11 00:00:00+08:00,60.777626037597656,61.555997796902965,59.80466844615692,60.777626037597656,1049107,0.0,0.0
2017-09-12 00:00:00+08:00,61.296540552934836,61.62086165554283,59.22089004516602,59.220890045166016,1572318,0.0,0.0
2017-09-13 00:00:00+08:00,59.739796381556296,60.51816808308414,59.220883809255156,60.25870895385742,1277729,0.0,0.0
2017-09-14 00:00:00+08:00,60.5181796140203,60.5181796140203,59.48035427167418,59.869537353515625,965872,0.0,0.0
2017-09-15 00:00:00+08:00,60.90734402017137,62.72353496931155,60.128972409002984,60.19384002685547,4434723,0.0,0.0
2017-09-18 00:00:00+08:00,60.38845002468869,60.5181796140203,59.86953735351563,59.869537353515625,1320646,0.0,0.0
2017-09-19 00:00:00+08:00,60.06411494774445,61.491123040585386,59.869523452007236,60.32357406616211,1353942,0.0,0.0
2017-09-20 00:00:00+08:00,60.907363361901645,60.97222531420004,59.73980841745636,59.8046760559082,859323,0.0,0.0
2017-09-21 00:00:00+08:00,59.99926628815773,60.90736203126343,59.869536700241675,59.93439865112305,1002792,0.0,0.0
2017-09-22 00:00:00+08:00,59.934385673014035,60.77761928264573,57.72901158675644,58.118194580078125,1998694,0.0,0.0
2017-09-25 00:00:00+08:00,58.18305755024021,58.572240550473744,54.680399175834005,56.43172836303711,1816273,0.0,0.0
2017-09-26 00:00:00+08:00,56.49659607445097,57.33982978522905,55.32904695443772,57.210105895996094,1209217,0.0,0.0
2017-09-27 00:00:00+08:00,57.53441687514108,59.28575179261553,56.88578042046231,57.85873794555664,1219174,0.0,0.0
2017-09-28 00:00:00+08:00,57.858733363548346,58.183054408279936,57.14522933959961,57.14522933959961,822485,0.0,0.0
2017-09-29 00:00:00+08:00,56.56146002207641,58.50738078153767,55.588496799269585,58.37765121459961,1584268,0.0,0.0
2017-10-02 00:00:00+08:00,61.62085651096023,62.269498662022585,60.51816940307618,60.51816940307617,2217472,0.0,0.0
2017-10-03 00:00:00+08:00,60.84248479245493,61.62085651096023,60.323577894987956,60.51816940307617,1899844,0.0,0.0
2017-10-05 00:00:00+08:00,60.518167418816255,61.16680386245879,60.064116790729464,60.12897872924805,960127,0.0,0.0
2017-10-06 00:00:00+08:00,60.32357406616211,62.01003559126863,60.12897688427284,60.32357406616211,2663086,0.0,0.0
2017-10-11 00:00:00+08:00,60.19384948617317,60.777624021674484,59.41547775268555,59.41547775268555,1251640,0.0,0.0
2017-10-12 00:00:00+08:00,59.99926628815773,59.99926628815773,59.15603249593339,59.93439865112305,1050927,0.0,0.0
2017-10-13 00:00:00+08:00,61.037083172186115,61.685719649694164,59.61006927490234,59.610069274902344,3205857,0.0,0.0
2017-10-16 00:00:00+08:00,59.67494462983641,60.064127703964246,58.247930547778914,58.442527770996094,1625395,0.0,0.0
2017-10-17 00:00:00+08:00,58.637113499851054,58.766837387608554,57.08037567138672,57.08037567138672,1471653,0.0,0.0
2017-10-18 00:00:00+08:00,57.53442130523126,57.988471976004924,56.6263256498367,57.210105895996094,919765,0.0,0.0
2017-10-19 00:00:00+08:00,57.33983043447518,58.11820220945011,57.274968489124284,57.72901916503906,791695,0.0,0.0
2017-10-20 00:00:00+08:00,57.72900949457722,58.05332485315692,57.080367405114046,57.14522933959961,624694,0.0,0.0
2017-10-23 00:00:00+08:00,57.27496055417419,57.27496055417419,55.4587694744383,55.58849334716797,1659989,0.0,0.0
2017-10-24 00:00:00+08:00,55.653366800256876,57.66414958590069,55.653366800256876,57.534420013427734,1317662,0.0,0.0
2017-10-25 00:00:00+08:00,57.72901261201848,59.285750299104805,56.43172836303711,56.43172836303711,1547775,0.0,0.0
2017-10-26 00:00:00+08:00,57.40469477511219,57.40469477511219,56.4965934753418,56.4965934753418,675572,0.0,0.0
2017-10-27 00:00:00+08:00,56.950647316660415,57.53442188252456,55.653368608244705,55.7830924987793,828194,0.0,0.0
2017-10-30 00:00:00+08:00,56.43172764979772,56.56145721028665,55.26417297770163,55.91281509399414,789049,0.0,0.0
2017-10-31 00:00:00+08:00,56.496596714149355,58.18306415480101,55.65336867997635,57.72901916503906,1188433,0.0,0.0
2017-11-01 00:00:00+08:00,57.66415088505116,58.70197611591125,57.33982978963828,57.59928894042969,946469,0.0,0.0
2017-11-02 00:00:00+08:00,57.59928828087483,58.50738392594085,57.01550804135527,57.08037567138672,839111,0.0,0.0
2017-11-03 00:00:00+08:00,57.274968489124284,58.37765567700653,56.62632629100398,57.72901916503906,1512776,0.0,0.0
2017-11-06 00:00:00+08:00,59.22087849355557,59.86952057224757,58.44251254804658,58.63710403442383,5954983,0.0,0.0
2017-11-07 00:00:00+08:00,57.79387590073979,57.85873784024391,56.5614592470953,56.69118881225586,2073441,0.0,0.0
2017-11-08 00:00:00+08:00,57.3398323186743,57.729021062027,56.756057732874766,56.95064926147461,767724,0.0,0.0
2017-11-09 00:00:00+08:00,57.21009861780936,57.40469011305591,54.03175569904347,55.58849334716797,2514777,0.0,0.0
2017-11-10 00:00:00+08:00,55.45877011244952,56.1074065420161,54.61553649924565,55.52363204956055,690693,0.0,0.0
2017-11-13 00:00:00+08:00,56.756056448381244,58.312794328101184,56.23714382180793,56.302005767822266,2311719,0.0,0.0
2017-11-14 00:00:00+08:00,56.107414249605114,56.75605645442909,55.069588996347896,55.718231201171875,854818,0.0,0.0
2017-11-15 00:00:00+08:00,56.950644102557916,57.72901583260092,56.1074104309082,56.1074104309082,1843841,0.0,0.0
2017-11-16 00:00:00+08:00,56.43173349668417,58.37765436102626,56.302003922753975,57.46955871582031,2255842,0.0,0.0
2017-11-17 00:00:00+08:00,58.701966942620096,58.701966942620096,57.14522933959961,57.14522933959961,1689827,0.0,0.0
2017-11-20 00:00:00+08:00,57.599283049889905,57.72901261201848,56.17227492493215,56.43172836303711,1645636,0.0,0.0
2017-11-21 00:00:00+08:00,56.626319863153874,57.080370487527794,56.23713686292034,56.43172836303711,656466,0.0,0.0
2017-11-22 00:00:00+08:00,56.75604870794398,57.01550214276971,55.84795315682573,55.91281509399414,1079266,0.0,0.0
2017-11-23 00:00:00+08:00,56.23714130101709,57.339828450750865,56.10741172865058,56.172279357910156,1675235,0.0,0.0
2017-11-24 00:00:00+08:00,56.107411075652834,56.302002588861555,55.71822804923538,56.04254913330078,948830,0.0,0.0
2017-11-27 00:00:00+08:00,56.30201023607403,57.53442711122386,56.23714828491211,56.23714828491211,1308126,0.0,0.0
2017-11-28 00:00:00+08:00,56.561456509552805,56.820909941164196,55.4587694744383,55.58849334716797,671757,0.0,0.0
2017-11-29 00:00:00+08:00,55.52363650897084,56.10741104831256,55.45877456665039,55.45877456665039,629270,0.0,0.0
2017-11-30 00:00:00+08:00,55.19931096702758,56.30199801433477,54.810127972231165,55.32904052734375,919951,0.0,0.0
2017-12-01 00:00:00+08:00,56.431734696063565,57.53442188252456,55.32904750960257,55.7830924987793,2026901,0.0,0.0
2017-12-04 00:00:00+08:00,55.78309249798473,56.43173469525976,54.61554336627307,55.199317932128906,1165215,0.0,0.0
2017-12-05 00:00:00+08:00,55.19931410367051,56.172277332101245,54.74526345983901,55.004722595214844,721170,0.0,0.0
2017-12-06 00:00:00+08:00,55.65336793683577,55.65336793683577,53.8371709435812,53.90203857421875,1109324,0.0,0.0
2017-12-07 00:00:00+08:00,54.16148685372989,54.35607835470986,51.242602966725954,53.44798278808594,2551219,0.0,0.0
2017-12-08 00:00:00+08:00,53.837165145494524,53.96689470664542,52.73447809109227,53.51284408569336,603483,0.0,0.0
2017-12-11 00:00:00+08:00,54.42094740234759,54.874992354457575,53.577713751947456,54.68040084838867,447516,0.0,0.0
2017-12-12 00:00:00+08:00,55.39391010478758,57.0155099308711,55.134456634521484,55.134456634521484,1587063,0.0,0.0
2017-12-13 00:00:00+08:00,55.45877773093402,55.97768467140974,55.13445662852203,55.718231201171875,571449,0.0,0.0
2017-12-14 00:00:00+08:00,57.21010394389978,58.57224453743692,56.49659414670071,57.015506744384766,3748086,0.0,0.0
2017-12-15 00:00:00+08:00,57.01550673550009,57.66414890404222,55.97768154029371,56.82091522216797,1476893,0.0,0.0
2017-12-18 00:00:00+08:00,57.40469608001044,57.53441996622431,56.172279357910156,56.172279357910156,512463,0.0,0.0
2017-12-19 00:00:00+08:00,56.43173073851588,56.43173073851588,54.22635083410398,54.42094802856445,1374887,0.0,0.0
2017-12-20 00:00:00+08:00,54.68040401696261,55.329046198880825,54.42095055588694,54.74526596069336,388302,0.0,0.0
2017-12-21 00:00:00+08:00,55.26417600251518,55.26417600251518,54.291218460974946,54.42094802856445,322256,0.0,0.0
2017-12-22 00:00:00+08:00,54.42094354616209,54.61553503844254,54.16148443235353,54.29121398925781,319527,0.0,0.0
2017-12-25 00:00:00+08:00,54.48580859053796,54.48580859053796,53.57771301269531,53.57771301269531,559247,0.0,0.0
2017-12-26 00:00:00+08:00,53.90203521260345,53.90203521260345,52.0858383326165,52.28042984008789,749626,0.0,0.0
2017-12-27 00:00:00+08:00,52.280426794844885,53.18852233886719,51.89124380257134,53.18852233886719,615555,0.0,0.0
2017-12-28 00:00:00+08:00,53.8371696472168,55.39390745274142,53.8371696472168,53.8371696472168,954207,0.0,0.0
2017-12-29 00:00:00+08:00,55.069579958379585,55.1344475799077,54.29121398925781,54.29121398925781,639562,0.0,0.0
2018-01-02 00:00:00+08:00,55.134455987647854,56.691193849438406,54.745267257585596,55.7830924987793,1547722,0.0,0.0
2018-01-03 00:00:00+08:00,56.172283166158266,57.469561919315616,55.84796205633067,56.36687469482422,1271421,0.0,0.0
2018-01-04 00:00:00+08:00,58.05333650531347,58.24792803397942,56.36687469482422,56.36687469482422,1558009,0.0,0.0
2018-01-05 00:00:00+08:00,56.56146681667854,57.66415405273437,55.65337111132944,57.664154052734375,1267310,0.0,0.0
2018-01-08 00:00:00+08:00,58.37765501600934,58.961435262168735,57.210105895996094,57.210105895996094,2489123,0.0,0.0
2018-01-09 00:00:00+08:00,57.40469742041252,58.70197611591125,56.95064674960394,57.59928894042969,1125342,0.0,0.0
2018-01-10 00:00:00+08:00,58.50738525386116,58.89656829827221,57.015509335415025,57.72901916503906,1444249,0.0,0.0
2018-01-11 00:00:00+08:00,58.11819561225201,58.11819561225201,56.36686642504891,56.43172836303711,993470,0.0,0.0
2018-01-12 00:00:00+08:00,57.40469676308588,57.59928828087483,56.82091652356631,57.08037567138672,830048,0.0,0.0
2018-01-15 00:00:00+08:00,57.53441231881676,58.05332485315692,56.756046360382456,57.14522933959961,530044,0.0,0.0
2018-01-16 00:00:00+08:00,57.14524079007445,57.599291480909436,56.95064926147461,56.95064926147461,840720,0.0,0.0
2018-01-17 00:00:00+08:00,56.95064094762582,57.01550288563933,56.4965903230747,56.626319885253906,405926,0.0,0.0
2018-01-18 00:00:00+08:00,57.01550869422541,57.66415088505116,56.6911932849653,57.59928894042969,809021,0.0,0.0
2018-01-19 00:00:00+08:00,58.18306360477764,61.94518149492748,57.8587425087834,60.90735626220703,9922472,0.0,0.0
2018-01-22 00:00:00+08:00,61.620862949739916,62.65868822542133,60.38844614563735,60.842491149902344,5819442,0.0,0.0
2018-01-23 00:00:00+08:00,61.0370903813396,61.29654386575663,58.5722510055352,58.70198059082031,2963068,0.0,0.0
2018-01-24 00:00:00+08:00,58.70197612693374,59.999260508828826,57.858742415932475,58.57224655151367,2168920,0.0,0.0
2018-01-25 00:00:00+08:00,59.02629519271768,59.67493736136089,56.95064480198147,57.015506744384766,1896914,0.0,0.0
2018-01-26 00:00:00+08:00,57.27497362042285,57.53442711122386,56.107418696434934,56.23714828491211,1256742,0.0,0.0
2018-01-29 00:00:00+08:00,56.88577898741102,57.27496198764456,56.301998800908535,56.43172836303711,834587,0.0,0.0
2018-01-30 00:00:00+08:00,56.75605259158529,57.27496518289646,56.1074104309082,56.1074104309082,1003214,0.0,0.0
2018-01-31 00:00:00+08:00,55.52363520740081,55.78308865675312,55.004722622543746,55.39390563964844,1148619,0.0,0.0
2018-02-01 00:00:00+08:00,55.39390248918639,56.23713610239027,55.39390248918639,55.52363204956055,662295,0.0,0.0
2018-02-02 00:00:00+08:00,55.523638380066785,55.58850032457302,55.13445534072386,55.26417922973633,519022,0.0,0.0
2018-02-05 00:00:00+08:00,53.318252314976206,56.301998089308796,53.318252314976206,55.91281509399414,1114885,0.0,0.0
2018-02-06 00:00:00+08:00,54.22635195832423,55.13445326412509,50.91828487619977,52.53989028930664,2245604,0.0,0.0
2018-02-07 00:00:00+08:00,53.772307696980896,54.48581181364691,53.18852746614317,53.642578125,805124,0.0,0.0
2018-02-08 00:00:00+08:00,54.48581182105688,54.55067376397984,53.64257813229529,53.8371696472168,602403,0.0,0.0
2018-02-09 00:00:00+08:00,53.8371696472168,53.8371696472168,53.8371696472168,53.8371696472168,0,0.0,0.0
2018-02-12 00:00:00+08:00,53.77230451607929,53.83716645515652,52.79934131300714,53.57771301269531,483208,0.0,0.0
2018-02-21 00:00:00+08:00,56.302004554448764,57.66415088061699,55.847959569827864,57.210105895996094,2038653,0.0,0.0
2018-02-22 00:00:00+08:00,56.95064674522463,59.28575635755667,56.56146370522022,57.210105895996094,2168163,0.0,0.0
2018-02-23 00:00:00+08:00,57.01550870493122,59.22088874246122,57.01550870493122,58.57224655151367,2119478,0.0,0.0
2018-02-26 00:00:00+08:00,60.25871529905043,61.815453179877046,59.09116046689225,59.220890045166016,3390751,0.0,0.0
2018-02-27 00:00:00+08:00,59.67492908587033,60.193841611593584,58.50737448145507,58.63710403442383,1223407,0.0,0.0
2018-03-01 00:00:00+08:00,57.85874368867362,59.22089004516602,57.85874368867362,59.220890045166016,949200,0.0,0.0
2018-03-02 00:00:00+08:00,59.02629406469563,60.64789376916149,58.50738147692825,59.091156005859375,1545740,0.0,0.0
2018-03-05 00:00:00+08:00,59.61006681694293,60.32357657924025,59.0911542446418,60.25870895385742,1620289,0.0,0.0
2018-03-06 00:00:00+08:00,61.62085770778912,62.139770301487076,59.54520733299729,59.610069274902344,4184804,0.0,0.0
2018-03-07 00:00:00+08:00,59.804673536514,59.93439743564591,58.31279752111816,58.70198059082031,1549111,0.0,0.0
2018-03-08 00:00:00+08:00,58.961439761390544,59.48035241637781,58.70198059082031,58.70198059082031,774507,0.0,0.0
2018-03-09 00:00:00+08:00,59.61006539112298,59.61006539112298,58.50737833366548,59.02629089355469,670463,0.0,0.0
2018-03-12 00:00:00+08:00,59.545205974903475,59.61006791532917,58.7668342590332,58.7668342590332,815830,0.0,0.0
2018-03-13 00:00:00+08:00,58.377650520991054,58.57224202600992,57.14523386510336,57.85873794555664,1857091,0.0,0.0
2018-03-14 00:00:00+08:00,58.05332565307617,58.76682968685631,57.85873416078631,58.05332565307617,637960,0.0,0.0
2018-03-15 00:00:00+08:00,58.05334016133324,59.86953735351563,57.66415707949179,59.869537353515625,1062765,0.0,0.0
2018-03-16 00:00:00+08:00,59.86952587219715,60.128979314950996,59.2208837360841,59.480342864990234,612853,0.0,0.0
2018-03-19 00:00:00+08:00,59.67493506220703,60.19384763989843,59.35061399038085,59.9992561340332,579103,0.0,0.0
2018-03-20 00:00:00+08:00,59.80466646250562,60.25871142806692,59.3506158107918,59.41547775268555,571611,0.0,0.0
2018-03-21 00:00:00+08:00,59.674938875758976,61.81545126321923,59.674938875758976,60.97221755981445,3143226,0.0,0.0
2018-03-22 00:00:00+08:00,60.51817763496953,62.01004796195943,60.12898887970186,61.23168182373047,3471523,0.0,0.0
2018-03-23 00:00:00+08:00,58.37765947068412,59.93439743564591,58.37765947068412,58.70198059082031,2936525,0.0,0.0
2018-03-26 00:00:00+08:00,58.961441600501125,59.93439930510475,58.247931702253965,59.869537353515625,1153811,0.0,0.0
2018-03-27 00:00:00+08:00,60.90735041741981,65.83701695670524,60.32357591234198,64.86405944824219,12430677,0.0,0.0
2018-03-28 00:00:00+08:00,64.1505546178676,64.66946722426239,61.815450732167356,62.788414001464844,5464272,0.0,0.0
2018-03-29 00:00:00+08:00,63.11272456070423,66.48565908644878,62.85327112049816,64.86405944824219,6750112,0.0,0.0
2018-03-30 00:00:00+08:00,65.51269589183349,67.1343012161923,64.02082581680605,64.86405944824219,5295318,0.0,0.0
2018-04-02 00:00:00+08:00,68.75589984636584,71.02614158103184,67.1343002319336,67.1343002319336,8632466,0.0,0.0
2018-04-03 00:00:00+08:00,66.16133705158296,68.43157878624896,65.83701599146609,67.1343002319336,2883137,0.0,0.0
2018-04-09 00:00:00+08:00,68.10725458536852,71.35045935082489,67.13429713603793,71.02613830566406,5298219,0.0,0.0
2018-04-10 00:00:00+08:00,69.72887161957327,70.70182923367167,67.78294501907078,68.43158721923828,3515724,0.0,0.0
2018-04-11 00:00:00+08:00,64.66946586671067,64.73433349499372,61.94517900494116,62.3343620300293,5987896,0.0,0.0
2018-04-12 00:00:00+08:00,63.43705697111236,63.761378093988036,61.685727456506356,61.75059509277344,1894571,0.0,0.0
2018-04-13 00:00:00+08:00,62.52895418206731,63.2424582974102,61.815450066724416,62.07490921020508,1340332,0.0,0.0
2018-04-16 00:00:00+08:00,62.269500740056614,63.17759637015707,61.880312024739894,62.46409225463867,994614,0.0,0.0
2018-04-17 00:00:00+08:00,62.528950689151,62.918133696479316,59.61006676188412,59.67493438720703,2479823,0.0,0.0
2018-04-18 00:00:00+08:00,59.80467158508411,60.77762922759181,59.480350475530535,60.064125061035156,741411,0.0,0.0
2018-04-19 00:00:00+08:00,60.647888906475224,61.88030549283977,60.323573540507304,61.16680145263672,963225,0.0,0.0
2018-04-20 00:00:00+08:00,60.45329979414544,61.555992552027,60.12897872924805,60.12897872924805,751848,0.0,0.0
2018-04-23 00:00:00+08:00,60.323577690773746,60.51816919820321,58.507380811178045,58.7668342590332,1323359,0.0,0.0
2018-04-24 00:00:00+08:00,58.96143786726136,58.96143786726136,56.56146620427492,56.95064926147461,1489532,0.0,0.0
2018-04-25 00:00:00+08:00,56.431728726670215,59.61006605931155,56.10740766233502,59.15602111816406,1066454,0.0,0.0
2018-04-26 00:00:00+08:00,59.869529524211,59.869529524211,55.97768215628407,56.172279357910156,1501263,0.0,0.0
2018-04-27 00:00:00+08:00,56.75605327977478,57.33982781977116,56.561461766442655,56.82091522216797,731276,0.0,0.0
2018-04-30 00:00:00+08:00,59.02629722240751,59.22088874246122,57.729018526665186,58.57224655151367,1316215,0.0,0.0
2018-05-02 00:00:00+08:00,58.96142790984956,61.29653154484817,58.96142790984956,60.32357406616211,1383573,0.0,0.0
2018-05-03 00:00:00+08:00,60.064119227408035,60.128981168557935,58.247922327533715,58.89656448364258,937140,0.0,0.0
2018-05-04 00:00:00+08:00,59.415473868677694,59.415473868677694,58.50737831076506,58.83169937133789,602759,0.0,0.0
2018-05-07 00:00:00+08:00,59.61007437042955,60.32358422313922,58.83170825642339,60.064125061035156,806609,0.0,0.0
2018-05-08 00:00:00+08:00,60.45330429678687,61.81545059634944,59.80466780483303,60.64789581298828,1602873,0.0,0.0
2018-05-09 00:00:00+08:00,60.90735626035029,61.361401245806164,60.45330558874164,60.712764739990234,749344,0.0,0.0
2018-05-10 00:00:00+08:00,61.166809729163525,62.59382368881196,61.10194778442383,61.10194778442383,1241386,0.0,0.0
2018-05-11 00:00:00+08:00,62.07490321394908,62.204627087005846,60.32357406616211,60.32357406616211,1056722,0.0,0.0
2018-05-14 00:00:00+08:00,60.71275892052424,61.23167148712961,59.610066162642674,60.12897872924805,825909,0.0,0.0
2018-05-15 00:00:00+08:00,60.323576523522405,60.323576523522405,59.350613319049344,59.67493438720703,544816,0.0,0.0
2018-05-16 00:00:00+08:00,60.51816940307618,60.64789328436671,59.4154766090397,60.51816940307617,726349,0.0,0.0
2018-05-17 00:00:00+08:00,61.62085908014803,62.65868429065736,60.64789581298829,60.64789581298828,1278964,0.0,0.0
2018-05-18 00:00:00+08:00,60.64790351719853,60.64790351719853,59.80467540192652,59.869537353515625,458593,0.0,0.0
2018-05-21 00:00:00+08:00,60.51817321963018,61.03708583597459,59.86953102766147,60.712764739990234,489271,0.0,0.0
2018-05-22 00:00:00+08:00,61.037081403272,61.94517699438779,60.6478927046632,61.36139678955078,897447,0.0,0.0
2018-05-23 00:00:00+08:00,61.62086105303724,62.39922714276353,61.2316780081741,62.01004409790039,1549510,0.0,0.0
2018-05-24 00:00:00+08:00,62.91813058516275,63.37218119536106,61.16680145263672,61.16680145263672,1158710,0.0,0.0
2018-05-25 00:00:00+08:00,61.55599012687184,62.01003505091814,60.97220995859516,61.16680145263672,463626,0.0,0.0
2018-05-28 00:00:00+08:00,61.231681692801835,64.66947304416645,61.16681405731933,64.53974914550781,3673117,0.0,0.0
2018-05-29 00:00:00+08:00,65.51269522245022,66.80997946868212,64.66946159962991,64.73432922363281,4075054,0.0,0.0
2018-05-30 00:00:00+08:00,63.69650650024414,64.53974015482493,63.04786435269701,63.69650650024414,1960545,0.0,0.0
2018-05-31 00:00:00+08:00,64.86406894132845,67.45863215387384,64.79920130716916,66.80998992919922,4530751,0.0,0.0
2018-06-01 00:00:00+08:00,67.4586276395775,67.78294304405873,65.51270109577406,66.48566436767578,2241664,0.0,0.0
2018-06-04 00:00:00+08:00,67.78293846358869,68.75590166974187,66.16133880615234,66.16133880615234,1940414,0.0,0.0
2018-06-05 00:00:00+08:00,66.80997494906678,66.80997494906678,64.86405439751032,65.18836975097656,1220479,0.0,0.0
2018-06-06 00:00:00+08:00,66.16134327704188,67.78294304405873,65.18838000514016,66.48566436767578,1722056,0.0,0.0
2018-06-07 00:00:00+08:00,66.80998362994042,69.72886767961266,66.80998362994042,67.45862579345703,4309941,0.0,0.0
2018-06-08 00:00:00+08:00,67.4586276395775,67.78294304405873,65.83702218640796,66.48566436767578,1661338,0.0,0.0
2018-06-11 00:00:00+08:00,66.48565849851131,67.13430062251884,64.86405887464466,65.5126953125,1541226,0.0,0.0
2018-06-12 00:00:00+08:00,66.16133944027342,71.99910736083984,65.18837622479491,71.99910736083984,5400944,0.0,0.0
2018-06-13 00:00:00+08:00,73.2963923481888,74.9179921624547,67.78294501907078,68.43158721923828,6306266,0.0,0.0
2018-06-14 00:00:00+08:00,68.75591474617801,69.72887813737555,67.45863591073467,67.78295135498047,1479842,0.0,0.0
2018-06-15 00:00:00+08:00,68.10726611915453,69.08022941940578,67.13430850505614,68.43158721923828,923070,0.0,0.0
2018-06-19 00:00:00+08:00,68.10726413469264,68.10726413469264,66.16134327704188,66.48566436767578,1240539,0.0,0.0
2018-06-20 00:00:00+08:00,67.45861702830287,67.78293238176911,63.63163217250103,65.18836975097656,1932523,0.0,0.0
2018-06-21 00:00:00+08:00,66.16133880615234,67.45862308102326,65.83701773743462,66.16133880615234,706024,0.0,0.0
2018-06-22 00:00:00+08:00,65.5126907905946,65.83701183021265,64.73432484443273,65.18836975097656,568095,0.0,0.0
2018-06-25 00:00:00+08:00,65.83701773743462,66.8099809435878,64.86406021743373,66.16133880615234,610869,0.0,0.0
2018-06-26 00:00:00+08:00,64.86406282554312,67.78294118906281,64.02082915020202,67.45862579345703,1614132,0.0,0.0
2018-06-27 00:00:00+08:00,66.8099854583097,68.43158522532654,66.48566436767578,66.48566436767578,1525520,0.0,0.0
2018-06-28 00:00:00+08:00,65.83701183021265,66.80997494906678,64.86405439751032,65.18836975097656,1470791,0.0,0.0
2018-06-29 00:00:00+08:00,66.80998362994042,69.40454659785435,66.1613414664238,67.45862579345703,2097614,0.0,0.0
2018-07-02 00:00:00+08:00,68.75590831932203,70.37750813358792,68.10726611915453,68.43158721923828,2424506,0.0,0.0
2018-07-03 00:00:00+08:00,69.40455181904709,70.37750945136351,67.45863086826127,69.08023071289062,1826297,0.0,0.0
2018-07-04 00:00:00+08:00,69.08022442388733,71.99910842740988,66.80998257362589,69.72886657714844,3963326,0.0,0.0
2018-07-05 00:00:00+08:00,69.72886302671647,71.6747837012656,66.48565811169983,67.1343002319336,4038054,0.0,0.0
2018-07-06 00:00:00+08:00,68.43158727941439,71.35047149658203,66.48566636335359,71.35047149658203,3043405,0.0,0.0
2018-07-09 00:00:00+08:00,72.97206489016601,73.62070703381835,70.37750200170898,71.99910736083984,3465337,0.0,0.0
2018-07-10 00:00:00+08:00,71.99910882171156,74.59366607666016,71.35046666489818,74.59366607666016,3706999,0.0,0.0
2018-07-11 00:00:00+08:00,72.97206210346877,73.29638316290959,70.05317825465352,70.70182037353516,3050466,0.0,0.0
2018-07-12 00:00:00+08:00,70.70182307353515,71.99910736083984,70.37750200170898,71.99910736083984,1258629,0.0,0.0
2018-07-13 00:00:00+08:00,73.62071672726817,76.21527995734465,72.64775338368209,73.94503784179688,5520301,0.0,0.0
2018-07-16 00:00:00+08:00,73.94502117218786,74.59365756886845,72.97205804793926,73.29637908935547,1867853,0.0,0.0
2018-07-17 00:00:00+08:00,73.9450333752118,74.91799097387414,72.9720700903967,73.62071228027344,2589977,0.0,0.0
2018-07-18 00:00:00+08:00,74.2693534844315,74.59366888891272,71.02614826424511,66.48566436767578,3824297,0.0,0.0
2018-07-19 00:00:00+08:00,73.59792156277516,74.66455674350797,72.88682556152344,72.88682556152344,2409939,2.952103,1.06
2018-07-20 00:00:00+08:00,72.88682559444251,73.95346665642025,72.17573547363281,72.17573547363281,1389671,0.0,0.0
2018-07-23 00:00:00+08:00,72.53128051757812,72.88682557790229,71.46464533660561,72.53128051757812,668542,0.0,0.0
2018-07-24 00:00:00+08:00,72.53127473264443,75.73118590110731,72.53127473264443,75.37564086914062,1528436,0.0,0.0
2018-07-25 00:00:00+08:00,74.6645507932854,76.08673092092506,74.30900576137549,75.02009582519531,1012095,0.0,0.0
2018-07-26 00:00:00+08:00,75.0201034067972,76.44228367816373,74.66455833895556,75.73119354248047,942687,0.0,0.0
2018-07-27 00:00:00+08:00,75.73117833120942,76.44226832406403,75.37563333478211,76.08672332763672,598647,0.0,0.0
2018-07-30 00:00:00+08:00,75.73118587680781,76.08673090866041,73.24236477307689,74.66455078125,1188576,0.0,0.0
2018-07-31 00:00:00+08:00,74.6645507932854,75.73118588901515,73.95346072946556,75.02009582519531,535049,0.0,0.0
2018-08-01 00:00:00+08:00,75.37564091616782,77.5089111092989,75.02009588397931,76.79782104492188,1120908,0.0,0.0
2018-08-02 00:00:00+08:00,76.44227595283498,76.79782098474489,74.6645507932854,75.02009582519531,997623,0.0,0.0
2018-08-03 00:00:00+08:00,75.37564847463884,76.0867386103221,75.0201034067972,75.73119354248047,463931,0.0,0.0
2018-08-06 00:00:00+08:00,75.73118590110731,76.44227596504068,74.66455080520726,75.37564086914062,581346,0.0,0.0
2018-08-07 00:00:00+08:00,75.37564090457508,76.44227600097656,74.66455084030741,76.44227600097656,607089,0.0,0.0
2018-08-08 00:00:00+08:00,76.79782106821976,77.5089111328125,76.08673100362701,77.5089111328125,935067,0.0,0.0
2018-08-09 00:00:00+08:00,77.153373813847,77.153373813847,74.30901327111393,75.73119354248047,1301614,0.0,0.0
2018-08-10 00:00:00+08:00,76.08673090866041,76.08673090866041,73.95346071754479,74.66455078125,1273520,0.0,0.0
2018-08-13 00:00:00+08:00,73.24235845745703,73.24235845745703,69.61579826912282,70.82465362548828,1900182,0.0,0.0
2018-08-14 00:00:00+08:00,71.46464533660561,72.53128051757812,71.10910027628144,72.53128051757812,580007,0.0,0.0
2018-08-15 00:00:00+08:00,77.86446394953026,78.93110503381845,75.37564847463884,75.73119354248047,3772366,0.0,0.0
2018-08-16 00:00:00+08:00,73.9534682032723,76.79782874600537,73.59792313543066,75.73119354248047,1119657,0.0,0.0
2018-08-17 00:00:00+08:00,76.08673092092506,76.79782098474489,74.6645507932854,75.02009582519531,1009612,0.0,0.0
2018-08-20 00:00:00+08:00,75.37564686399652,75.37564686399652,72.17573544103489,72.88682556152344,862198,0.0,0.0
2018-08-21 00:00:00+08:00,73.24236473697403,74.30900571276877,73.24236473697403,73.59791564941406,271263,0.0,0.0
2018-08-22 00:00:00+08:00,73.59790621353507,74.66454117181542,72.88681036058624,73.24235534667969,458477,0.0,0.0
2018-08-23 00:00:00+08:00,73.24237062176772,73.24237062176772,72.17573544103489,72.88682556152344,315884,0.0,0.0
2018-08-24 00:00:00+08:00,72.8868178467936,72.8868178467936,70.96687237238655,71.46463775634766,711368,0.0,0.0
2018-08-27 00:00:00+08:00,71.46464532054635,73.59792156277516,71.46464532054635,72.88682556152344,416357,0.0,0.0
2018-08-28 00:00:00+08:00,73.59792156277516,73.95346662301942,72.53128050127917,72.88682556152344,462032,0.0,0.0
2018-08-29 00:00:00+08:00,73.24235534667969,73.95345119962852,72.88681036058624,73.24235534667969,291574,0.0,0.0
2018-08-30 00:00:00+08:00,73.59790621353507,74.30899618572197,72.88681036058624,73.24235534667969,347965,0.0,0.0
2018-08-31 00:00:00+08:00,72.88682556152344,72.88682556152344,72.17573544103489,72.88682556152344,442244,0.0,0.0
2018-09-03 00:00:00+08:00,72.88681000479728,72.88681000479728,71.10908508300781,71.10908508300781,604807,0.0,0.0
2018-09-04 00:00:00+08:00,71.46464536920116,72.17573549017384,70.7535552482285,71.8201904296875,451570,0.0,0.0
2018-09-05 00:00:00+08:00,71.46463775634766,72.53127282418212,71.10909273373616,71.46463775634766,467713,0.0,0.0
2018-09-06 00:00:00+08:00,71.4646300673657,72.1757200360815,70.89575456393592,71.10908508300781,371318,0.0,0.0
2018-09-07 00:00:00+08:00,71.10909340582546,71.4646384317974,68.0514026540093,68.47805786132812,1162463,0.0,0.0
2018-09-10 00:00:00+08:00,67.55363451373258,68.05139988212322,64.70927442181429,66.13145446777344,1277914,0.0,0.0
2018-09-11 00:00:00+08:00,66.91366657941329,68.05141199484457,65.56259059065921,67.12699127197266,559197,0.0,0.0
2018-09-12 00:00:00+08:00,67.55363451373258,68.40694489361302,65.91812393242215,66.13145446777344,594294,0.0,0.0
2018-09-13 00:00:00+08:00,66.77143772070345,66.98476826694436,65.06482275458943,65.4914779663086,434706,0.0,0.0
2018-09-14 00:00:00+08:00,66.13146208022481,67.05588274496655,65.20704141548306,66.8425521850586,387628,0.0,0.0
2018-09-17 00:00:00+08:00,67.55364228989238,67.98029752894526,66.8425521850586,66.8425521850586,823083,0.0,0.0
2018-09-18 00:00:00+08:00,66.1314517227457,66.20256189824443,64.42483103382436,64.85148620605469,631755,0.0,0.0
2018-09-19 00:00:00+08:00,65.20703804703129,65.77591362996928,64.99371337890625,64.99371337890625,297834,0.0,0.0
2018-09-20 00:00:00+08:00,65.34926270733297,65.42037289496851,63.00266179993879,63.85597229003906,827024,0.0,0.0
2018-09-21 00:00:00+08:00,64.28261910290794,65.06481930276867,63.92707409213146,64.70927429199219,513730,0.0,0.0
2018-09-25 00:00:00+08:00,64.63816831484056,64.63816831484056,63.64263751535203,63.92707824707031,389928,0.0,0.0
2018-09-26 00:00:00+08:00,64.14039952541829,64.851489555609,63.71374433115138,64.21150970458984,455420,0.0,0.0
2018-09-27 00:00:00+08:00,64.21150701581283,64.70927236840798,63.28708648681641,63.287086486816406,433581,0.0,0.0
2018-09-28 00:00:00+08:00,63.429306795120304,63.78485179508055,62.718216795199815,62.931541442871094,207512,0.0,0.0
2018-10-01 00:00:00+08:00,63.21597631062251,63.71374166321766,63.14487201519077,63.287086486816406,199616,0.0,0.0
2018-10-02 00:00:00+08:00,63.42931030197387,64.1404003412088,63.42931030197387,64.06929016113281,166483,0.0,0.0
2018-10-03 00:00:00+08:00,63.99819209119998,63.99819209119998,61.86492156982421,61.86492156982422,420852,0.0,0.0
2018-10-04 00:00:00+08:00,61.438255625717694,61.438255625717694,59.30498547460809,59.589420318603516,940876,0.0,0.0
2018-10-05 00:00:00+08:00,58.66499695873581,58.66499695873581,53.687360960069064,57.24281692504883,2960590,0.0,0.0
2018-10-08 00:00:00+08:00,56.60284084632008,58.09613115704714,55.82064059967612,56.88727569580078,481060,0.0,0.0
2018-10-09 00:00:00+08:00,56.887276097743936,57.7405865329779,56.38951069706367,56.46062088012695,549412,0.0,0.0
2018-10-11 00:00:00+08:00,50.91411043620758,51.98075145214702,50.84300613180615,51.55409622192383,2896665,0.0,0.0
2018-10-12 00:00:00+08:00,51.8385281459206,53.189598064473174,51.2696584583498,52.83405303955078,997954,0.0,0.0
2018-10-15 00:00:00+08:00,52.76294452642545,53.26070399311665,51.90963418243752,52.90515899658203,494686,0.0,0.0
2018-10-16 00:00:00+08:00,53.11848952296007,53.61624898965127,52.336289354431486,52.90515899658203,702296,0.0,0.0
2018-10-17 00:00:00+08:00,53.75847752105846,54.04291238541651,52.478511810302734,52.478511810302734,682089,0.0,0.0
2018-10-18 00:00:00+08:00,52.54961853693037,52.90516356416104,50.91410788321168,51.340763092041016,678310,0.0,0.0
2018-10-19 00:00:00+08:00,50.84300354880551,50.84300354880551,48.35418247907145,50.62967300415039,861098,0.0,0.0
2018-10-22 00:00:00+08:00,50.62967597519681,52.19407653808594,50.06080625092602,52.19407653808594,469930,0.0,0.0
2018-10-23 00:00:00+08:00,51.625207664091995,52.40740795841955,50.91411167589718,50.98522186279297,305182,0.0,0.0
2018-10-24 00:00:00+08:00,50.98522186279297,51.625207664091995,49.98969688854111,50.98522186279297,277027,0.0,0.0
2018-10-25 00:00:00+08:00,48.70972389172864,49.42081389295648,46.93199888865905,47.71419906616211,994394,0.0,0.0
2018-10-26 00:00:00+08:00,48.49640232878418,48.851950313954724,47.00311196451744,47.856422424316406,579155,0.0,0.0
2018-10-29 00:00:00+08:00,48.35418069391374,49.20749107950617,47.64309066617419,48.63861846923828,379617,0.0,0.0
2018-10-30 00:00:00+08:00,47.92752844149873,49.0652707216533,47.92752844149873,48.63861846923828,559992,0.0,0.0
2018-10-31 00:00:00+08:00,49.70526081039904,52.265186310920356,49.420820069747734,51.90964126586914,1461384,0.0,0.0
2018-11-01 00:00:00+08:00,52.47851397642093,53.900700118439744,51.48298896969468,52.40740966796875,1539960,0.0,0.0
2018-11-02 00:00:00+08:00,53.61625629729901,55.74953244802451,52.76295171777173,54.75400161743164,3117058,0.0,0.0
2018-11-05 00:00:00+08:00,53.8295907072872,54.68290122867975,52.97628018589465,53.331825256347656,1168891,0.0,0.0
2018-11-06 00:00:00+08:00,54.11402480532278,54.469569870636676,52.05186460265485,52.40740966796875,876652,0.0,0.0
2018-11-07 00:00:00+08:00,54.18512439529785,55.393979733204226,53.75846922422724,55.10953903198242,3293519,0.0,0.0
2018-11-08 00:00:00+08:00,56.10508102161229,56.4606260889672,54.04291492634316,54.1140251159668,2276636,0.0,0.0
2018-11-09 00:00:00+08:00,53.82958341938829,54.25623862232042,52.834052652292485,53.26070785522461,1148943,0.0,0.0
2018-11-12 00:00:00+08:00,52.97627640102278,53.11849677134843,51.76742089554349,51.90964126586914,1180367,0.0,0.0
2018-11-13 00:00:00+08:00,46.718677105668625,48.42529508491543,46.718677105668625,47.500877380371094,3350212,0.0,0.0
2018-11-14 00:00:00+08:00,47.99863985415575,49.27860260347275,47.57198462425627,47.856422424316406,1472840,0.0,0.0
2018-11-15 00:00:00+08:00,46.57645368659875,46.86089146804493,43.51876297305382,45.580928802490234,4834673,0.0,0.0
2018-11-16 00:00:00+08:00,46.22090695488687,47.07421732727139,45.72314453125,45.72314453125,1831122,0.0,0.0
2018-11-19 00:00:00+08:00,45.86536370969771,46.64756393432617,45.08316348506925,46.64756393432617,796633,0.0,0.0
2018-11-20 00:00:00+08:00,45.580927553559796,46.64756258889907,45.580927553559796,46.0075798034668,537738,0.0,0.0
2018-11-21 00:00:00+08:00,45.36759995841571,46.14980016048365,45.01205494663595,46.0075798034668,540132,0.0,0.0
2018-11-22 00:00:00+08:00,46.22090739861089,47.85641798125519,46.0075798034668,46.0075798034668,1297258,0.0,0.0
2018-11-23 00:00:00+08:00,46.22090948017406,46.43423708492538,44.798729369007006,45.08316421508789,703994,0.0,0.0
2018-11-26 00:00:00+08:00,45.08316382495123,45.65203645257145,45.08316382495123,45.50981903076172,463463,0.0,0.0
2018-11-27 00:00:00+08:00,45.65204521065817,46.86090087890625,45.65204521065817,46.86090087890625,802152,0.0,0.0
2018-11-28 00:00:00+08:00,47.216437917589076,48.56751080446273,47.07422049275536,48.354183197021484,2172990,0.0,0.0
2018-11-29 00:00:00+08:00,48.99416991821787,49.065277166102646,47.50087948767699,47.643096923828125,1461704,0.0,0.0
2018-11-30 00:00:00+08:00,49.06527290308874,51.34076344532828,48.78083805549946,49.84747314453125,4665667,0.0,0.0
2018-12-03 00:00:00+08:00,51.41187585159512,52.19407612687716,50.77189594664179,51.55409622192383,2598371,0.0,0.0
2018-12-04 00:00:00+08:00,51.55409664399049,51.767421320467086,50.62967599081165,50.77189636230469,1149805,0.0,0.0
2018-12-05 00:00:00+08:00,49.70525905948906,50.06080409201589,48.70972826380375,49.42081832885742,1238680,0.0,0.0
2018-12-06 00:00:00+08:00,49.7763619156623,49.98969245743998,46.36312911446351,47.003108978271484,1219535,0.0,0.0
2018-12-07 00:00:00+08:00,47.50087529008907,48.06974792480469,47.14533026093947,48.06974792480469,612446,0.0,0.0
2018-12-10 00:00:00+08:00,46.932002128134314,47.42976457527557,46.29201931862588,46.576454162597656,652025,0.0,0.0
2018-12-11 00:00:00+08:00,46.576451458794374,48.70972442626953,46.292016631334285,48.70972442626953,1077275,0.0,0.0
2018-12-12 00:00:00+08:00,49.918582566039596,52.12296289260433,49.918582566039596,51.05632781982422,3584397,0.0,0.0
2018-12-13 00:00:00+08:00,51.767418249237025,52.19407345764081,50.13191347791222,50.27412796020508,3352575,0.0,0.0
2018-12-14 00:00:00+08:00,50.84300654404927,52.12296636433404,50.274130938884845,51.12744140625,2933665,0.0,0.0
2018-12-17 00:00:00+08:00,52.62072715855545,55.25176263436885,51.98074730466534,53.04738235473633,6001065,0.0,0.0
2018-12-18 00:00:00+08:00,52.33629775174071,53.047387858903676,51.19855240412735,51.696311950683594,2275363,0.0,0.0
2018-12-19 00:00:00+08:00,52.194077823336634,52.83405774909117,50.70078740940064,50.91411209106445,1612035,0.0,0.0
2018-12-20 00:00:00+08:00,50.77189336725381,51.767418266689866,49.84747276860684,50.62967300415039,1247242,0.0,0.0
2018-12-21 00:00:00+08:00,50.77189883906689,52.47851397642093,49.84747814079282,52.40740966796875,1513143,0.0,0.0
2018-12-24 00:00:00+08:00,51.90964167595054,52.19407653808594,51.05633120878139,52.19407653808594,921037,0.0,0.0
2018-12-25 00:00:00+08:00,50.84299962893898,51.34075909989971,49.63414427804749,49.9185791015625,1991405,0.0,0.0
2018-12-26 00:00:00+08:00,50.34523630004193,50.91410596992862,48.56750829031185,48.63861846923828,1160525,0.0,0.0
2018-12-27 00:00:00+08:00,50.13191302952237,50.27412751054323,49.42081710136784,49.63414764404297,953096,0.0,0.0
2018-12-28 00:00:00+08:00,50.203014740690634,50.843000454949504,49.63414508441859,49.77635955810547,781883,0.0,0.0
2019-01-02 00:00:00+08:00,49.84747347182246,49.84747347182246,47.216437882630665,47.28754806518555,2744297,0.0,0.0
2019-01-03 00:00:00+08:00,46.78977933189854,48.21196229892347,46.71867209479503,47.57197952270508,998016,0.0,0.0
2019-01-04 00:00:00+08:00,47.64308888988689,48.35417889111473,46.149798711155995,47.71419906616211,1012729,0.0,0.0
2019-01-07 00:00:00+08:00,48.851948594511505,48.92305583673769,48.2830759547953,48.354183197021484,609675,0.0,0.0
2019-01-08 00:00:00+08:00,48.70972472017257,48.70972472017257,47.57197952270508,47.57197952270508,381188,0.0,0.0
2019-01-09 00:00:00+08:00,48.2830721850794,48.78083460332511,47.998634417238186,48.70972442626953,738142,0.0,0.0
2019-01-10 00:00:00+08:00,48.99416605405403,49.49192851151533,48.35418323127691,49.42081832885742,790849,0.0,0.0
2019-01-11 00:00:00+08:00,49.776359069153465,50.41634477712577,49.13637924194336,49.13637924194336,1417219,0.0,0.0
2019-01-14 00:00:00+08:00,49.77636636710424,50.2741317950042,49.420821313108,49.56304168701172,1052876,0.0,0.0
2019-01-15 00:00:00+08:00,49.7052534056757,51.76741318361474,49.63414323110635,51.198543548583984,2472396,0.0,0.0
2019-01-16 00:00:00+08:00,51.340766082709806,52.05186205935608,50.70078617256742,51.12744140625,1477328,0.0,0.0
2019-01-17 00:00:00+08:00,51.62520811111513,51.62520811111513,50.20302200317383,50.20302200317383,942427,0.0,0.0
2019-01-18 00:00:00+08:00,51.05633080653628,51.62520640708818,50.77189594664179,51.55409622192383,1961381,0.0,0.0
2019-01-21 00:00:00+08:00,51.69631154293593,52.33629733894524,51.269662186613736,51.4118766784668,1268845,0.0,0.0
2019-01-22 00:00:00+08:00,51.69630806770929,51.69630806770929,50.27412796020508,50.27412796020508,876035,0.0,0.0
2019-01-23 00:00:00+08:00,50.274130535721,50.7007857659821,49.776365120289235,50.13191604614258,732630,0.0,0.0
2019-01-24 00:00:00+08:00,50.629668032791194,51.41186819153001,50.2030128661371,51.198543548583984,900875,0.0,0.0
2019-01-25 00:00:00+08:00,52.47851098907034,52.976276404479684,50.8430061340332,50.8430061340332,2659403,0.0,0.0
2019-01-28 00:00:00+08:00,51.340766086750925,51.48298645824397,50.77189636230469,50.77189636230469,776105,0.0,0.0
2019-01-29 00:00:00+08:00,50.62967558081143,50.62967558081143,50.13191604614258,50.13191604614258,605932,0.0,0.0
2019-01-30 00:00:00+08:00,50.62967298708113,50.700783168608865,50.20301777867734,50.27412796020508,585803,0.0,0.0
2019-02-11 00:00:00+08:00,50.7718883819299,51.48297836609937,50.274123040706456,51.198543548583984,714461,0.0,0.0
2019-02-12 00:00:00+08:00,51.625207217228585,52.478511810302734,51.34076647210753,52.478511810302734,1700435,0.0,0.0
2019-02-13 00:00:00+08:00,53.33181844582095,54.042908495920045,52.47850803339699,53.189598083496094,3045540,0.0,0.0
2019-02-14 00:00:00+08:00,53.189596394420356,53.47403711003743,52.47850636690245,52.76294708251953,1207448,0.0,0.0
2019-02-15 00:00:00+08:00,52.90516274461225,53.189597585838115,51.62520301871459,51.83852767944336,1225051,0.0,0.0
2019-02-18 00:00:00+08:00,49.77635955810547,50.416345272364346,49.56303490719402,49.77635955810547,3354908,0.0,0.0
2019-02-19 00:00:00+08:00,49.84747694637928,50.48746275321995,49.84747694637928,50.20302200317383,763445,0.0,0.0
2019-02-20 00:00:00+08:00,50.62967298708113,50.62967298708113,50.13191347791222,50.27412796020508,667106,0.0,0.0
2019-02-21 00:00:00+08:00,50.70078234438648,50.70078234438648,50.06080248256601,50.41634750366211,645781,0.0,0.0
2019-02-22 00:00:00+08:00,50.41634759255151,51.980748040437554,50.27412723155731,51.83852767944336,1392694,0.0,0.0
2019-02-25 00:00:00+08:00,52.19407910032246,52.54962416563635,51.26966428281165,52.40740966796875,2110575,0.0,0.0
2019-02-26 00:00:00+08:00,52.407407525253284,52.97627725419155,51.4118766784668,51.4118766784668,1667410,0.0,0.0
2019-02-27 00:00:00+08:00,51.62520263690156,52.33629267508836,50.62967187883005,52.26518249511719,889078,0.0,0.0
2019-03-04 00:00:00+08:00,52.54961781059191,53.47403839707194,52.12296260765979,53.26070785522461,1657310,0.0,0.0
2019-03-05 00:00:00+08:00,53.61625327053256,54.96732906984771,52.762948739176366,52.83405303955078,4201567,0.0,0.0
2019-03-06 00:00:00+08:00,52.62073176775054,53.118497187022626,52.40740709135562,52.54962158203125,1018087,0.0,0.0
2019-03-07 00:00:00+08:00,52.620730520066175,53.1184959275358,51.69630988916014,52.05186080932617,1019136,0.0,0.0
2019-03-08 00:00:00+08:00,52.05185788480265,53.047382763045704,51.69630698461318,52.97627258300781,871423,0.0,0.0
2019-03-11 00:00:00+08:00,53.18960487586112,54.39846046770668,53.18960487586112,53.331825256347656,1411444,0.0,0.0
2019-03-12 00:00:00+08:00,53.331816752228896,53.331816752228896,52.69183690361526,52.76294708251953,1325409,0.0,0.0
2019-03-13 00:00:00+08:00,53.68737032680066,54.82511572840295,53.331825256347656,53.331825256347656,2945157,0.0,0.0
2019-03-14 00:00:00+08:00,53.33182021339025,53.90069580078125,52.97627517655692,53.90069580078125,846829,0.0,0.0
2019-03-15 00:00:00+08:00,54.75400161743164,56.176187678169605,54.61178712789188,54.75400161743164,3868507,0.0,0.0
2019-03-18 00:00:00+08:00,54.682897314097154,54.682897314097154,53.900697038943214,54.39845657348633,1307605,0.0,0.0
2019-03-19 00:00:00+08:00,55.03844153757462,57.10060159164509,55.03844153757462,55.6073112487793,4033727,0.0,0.0
2019-03-20 00:00:00+08:00,55.46509635739169,56.033966064453125,54.61178591603676,56.033966064453125,1885799,0.0,0.0
2019-03-21 00:00:00+08:00,56.10507924739869,56.60284467826003,55.3939891351757,55.82064437866211,1452629,0.0,0.0
2019-03-22 00:00:00+08:00,55.82064095598249,56.10507580727876,54.46956512099044,55.0384407043457,1374842,0.0,0.0
2019-03-25 00:00:00+08:00,54.0429115306103,54.2562420860768,53.545151996047615,53.6873664855957,994705,0.0,0.0
2019-03-26 00:00:00+08:00,54.39845657348633,54.682897314097154,54.18513189879112,54.39845657348633,628756,0.0,0.0
2019-03-27 00:00:00+08:00,54.825110976808396,54.89622116088867,54.398455753089564,54.89622116088867,568327,0.0,0.0
2019-03-28 00:00:00+08:00,55.3228682908448,55.8206336258206,54.967323303222656,54.967323303222656,1214881,0.0,0.0
2019-03-29 00:00:00+08:00,55.39398956298828,55.39398956298828,54.611789257349365,55.39398956298828,548861,0.0,0.0
2019-04-01 00:00:00+08:00,56.03396949277897,56.03396949277897,55.18065899921595,55.39398956298828,864427,0.0,0.0
2019-04-02 00:00:00+08:00,56.03396648102464,56.60284207307803,55.607311257175304,56.31840133666992,1238381,0.0,0.0
2019-04-03 00:00:00+08:00,56.81616122092618,56.81616122092618,55.82063638257169,56.247291564941406,822072,0.0,0.0
2019-04-08 00:00:00+08:00,56.46062514648143,56.67394983102808,55.67842483520508,55.67842483520508,760908,0.0,0.0
2019-04-09 00:00:00+08:00,56.03396521849258,56.10507540099238,55.32287515501992,55.46509552001953,593915,0.0,0.0
2019-04-10 00:00:00+08:00,55.536201064688,55.96285628847292,55.03844153757462,55.6073112487793,685913,0.0,0.0
2019-04-11 00:00:00+08:00,56.17618216581814,57.10059683978752,55.46509214560712,55.74952697753906,1473472,0.0,0.0
2019-04-12 00:00:00+08:00,55.82063490427483,55.962849374123635,55.10953903198242,55.10953903198242,536935,0.0,0.0
2019-04-15 00:00:00+08:00,55.10954583666235,55.60731124450025,54.825110981081906,55.251766204833984,390310,0.0,0.0
2019-04-16 00:00:00+08:00,55.4650916684725,59.66052745623641,55.393981490910654,59.091651916503906,4115225,0.0,0.0
2019-04-17 00:00:00+08:00,59.376094394222804,61.65158508473416,58.59389998257488,59.80274963378906,5973322,0.0,0.0
2019-04-18 00:00:00+08:00,63.28709495963027,63.4293153310584,60.869389810692745,61.722694396972656,5981973,0.0,0.0
2019-04-19 00:00:00+08:00,62.64710722374847,63.14487258080229,60.94048650285663,61.0115966796875,2735150,0.0,0.0
2019-04-22 00:00:00+08:00,61.011608203586164,61.65158815441917,59.94497299194337,59.94497299194336,1491135,0.0,0.0
2019-04-23 00:00:00+08:00,60.30051550225456,60.30051550225456,58.30945966326615,59.02054977416992,1506721,0.0,0.0
2019-04-24 00:00:00+08:00,59.73162708779535,60.08717794783488,59.23386764526367,59.23386764526367,930912,0.0,0.0
2019-04-25 00:00:00+08:00,59.30498845080681,61.65158338248533,59.02054771177424,60.44273376464844,1606922,0.0,0.0
2019-04-26 00:00:00+08:00,59.23386764526367,60.08717794783488,59.162757473255766,59.23386764526367,914549,0.0,0.0
2019-04-29 00:00:00+08:00,59.304986220292626,59.660531249948086,57.5983653733363,57.66947555541992,1375854,0.0,0.0
2019-04-30 00:00:00+08:00,57.74058698132703,58.3805668723405,57.02949690669811,57.81169128417969,659042,0.0,0.0
2019-05-02 00:00:00+08:00,58.02502020608666,58.87833062399145,57.95391002446749,58.45167541503906,367799,0.0,0.0
2019-05-03 00:00:00+08:00,58.59389542423822,60.01607552497796,58.45167506185921,59.589420318603516,566862,0.0,0.0
2019-05-06 00:00:00+08:00,58.16723758171353,58.94943777782344,57.31392720763684,58.309452056884766,889423,0.0,0.0
2019-05-07 00:00:00+08:00,58.94943659255262,59.2338714179384,58.66499588640464,58.878326416015625,441920,0.0,0.0
2019-05-08 00:00:00+08:00,57.66947261897855,58.7361076536335,57.456142083590144,58.23834228515625,511801,0.0,0.0
2019-05-09 00:00:00+08:00,58.309455823966985,59.020545888050094,56.74505533067908,56.88727569580078,922385,0.0,0.0
2019-05-10 00:00:00+08:00,56.95838582946465,57.456145345437896,55.10954460752051,55.46509552001953,1617401,0.0,0.0
2019-05-13 00:00:00+08:00,56.531734466552734,57.10060420378104,56.03396903590565,56.531734466552734,867094,0.0,0.0
2019-05-14 00:00:00+08:00,55.4650914528866,57.17170630392612,55.180650743744785,56.95838165283203,579344,0.0,0.0
2019-05-15 00:00:00+08:00,57.24282371210031,58.238348677564126,57.24282371210031,58.096134185791016,778623,0.0,0.0
2019-05-16 00:00:00+08:00,59.304990133742834,59.44720462653195,58.0250244140625,58.0250244140625,1263352,0.0,0.0
2019-05-17 00:00:00+08:00,58.522791118332414,58.94944636754009,56.88728030983019,57.45615005493164,554724,0.0,0.0
2019-05-20 00:00:00+08:00,57.59836617637224,57.74058654252232,55.96285548869726,56.816165924072266,587889,0.0,0.0
2019-05-21 00:00:00+08:00,56.24730037640026,57.811695115810835,56.033969811414835,57.45615005493164,490347,0.0,0.0
2019-05-22 00:00:00+08:00,57.88280321447441,58.30945844827912,57.52725816643097,58.16724395751953,624635,0.0,0.0
2019-05-23 00:00:00+08:00,58.16723641217007,58.878326416015625,57.313926055250526,58.878326416015625,605886,0.0,0.0
2019-05-24 00:00:00+08:00,59.09165225299467,59.51830744003302,58.16723758171353,58.309452056884766,891812,0.0,0.0
2019-05-27 00:00:00+08:00,58.09613115704714,58.238345641406134,56.88727569580078,56.88727569580078,627685,0.0,0.0
2019-05-28 00:00:00+08:00,56.887271916627085,57.456141577796956,56.60283708604215,57.24281692504883,352356,0.0,0.0
2019-05-29 00:00:00+08:00,56.88727569580078,57.45614539476218,56.53173066375923,56.88727569580078,306031,0.0,0.0
2019-05-30 00:00:00+08:00,57.2428207515029,57.66947596628165,57.100600386322405,57.598365783691406,333321,0.0,0.0
2019-05-31 00:00:00+08:00,57.38504234092535,57.52725682837711,56.673946380615234,56.673946380615234,733162,0.0,0.0
2019-06-03 00:00:00+08:00,56.31840132383279,56.31840132383279,54.896221165167724,55.251766204833984,1000263,0.0,0.0
2019-06-04 00:00:00+08:00,55.607312077721836,55.89175281832718,54.68289731304322,54.75400161743164,505230,0.0,0.0
2019-06-05 00:00:00+08:00,55.607306995712875,55.74952735301788,55.25176198321273,55.322872161865234,297265,0.0,0.0
2019-06-06 00:00:00+08:00,55.25176274495435,55.32287292458723,54.398452350884696,54.46956253051758,365719,0.0,0.0
2019-06-10 00:00:00+08:00,55.10954583666235,55.465096757091445,54.04291071766355,55.251766204833984,473854,0.0,0.0
2019-06-11 00:00:00+08:00,56.17618216581814,56.46061699775008,55.607306621191924,55.74952697753906,614945,0.0,0.0
2019-06-12 00:00:00+08:00,55.749531616961875,56.24729702483808,55.39398657726825,55.6073112487793,369157,0.0,0.0
2019-06-13 00:00:00+08:00,55.536201060414434,55.820641796757705,55.18065602074817,55.251766204833984,258219,0.0,0.0
2019-06-14 00:00:00+08:00,55.60730778927836,55.60730778927836,54.68289309589073,54.82510757446289,351556,0.0,0.0
2019-06-17 00:00:00+08:00,54.96733134925354,55.60731124450025,54.825110981081906,55.251766204833984,183610,0.0,0.0
2019-06-18 00:00:00+08:00,55.32287297781078,55.749528175256074,55.1806526184082,55.1806526184082,254257,0.0,0.0
2019-06-19 00:00:00+08:00,55.60731125300397,56.17618684501469,55.53620106890728,55.96285629272461,460994,0.0,0.0
2019-06-20 00:00:00+08:00,55.96285053438855,57.100595720578085,55.96285053438855,57.02949142456055,777954,0.0,0.0
2019-06-21 00:00:00+08:00,57.24282196847062,57.24282196847062,56.31840133666992,56.31840133666992,461058,0.0,0.0
2019-06-24 00:00:00+08:00,56.88727107100102,57.38503642769713,56.816160894221255,57.02949142456055,419751,0.0,0.0
2019-06-25 00:00:00+08:00,57.31393174708587,57.74058696791669,57.029496893452915,57.10060119628906,514223,0.0,0.0
2019-06-26 00:00:00+08:00,56.67394933442429,57.598370014473666,56.67394933442429,57.527259826660156,330178,0.0,0.0
2019-06-27 00:00:00+08:00,57.95391040299176,58.096130767159,57.5983653733363,57.66947555541992,484708,0.0,0.0
2019-06-28 00:00:00+08:00,57.66948061991706,57.66948061991706,57.24282537070939,57.45615005493164,332270,0.0,0.0
2019-07-01 00:00:00+08:00,58.38055734269246,59.23386764526367,58.16723270743058,59.23386764526367,1242115,0.0,0.0
2019-07-02 00:00:00+08:00,59.16277013719068,59.94497043518586,58.73611489457848,59.376094818115234,689052,0.0,0.0
2019-07-03 00:00:00+08:00,59.376090167144376,59.66053089378079,58.8783306570559,59.16276550292969,512719,0.0,0.0
2019-07-04 00:00:00+08:00,59.3049905116491,59.660535567032085,59.23388032441989,59.376094818115234,406489,0.0,0.0
2019-07-05 00:00:00+08:00,59.44720416255703,60.442735008126135,59.44720416255703,60.22940444946289,914873,0.0,0.0
2019-07-08 00:00:00+08:00,60.15829468663377,60.44273543351998,59.518314767665906,59.80274963378906,519223,0.0,0.0
2019-07-09 00:00:00+08:00,59.87385477282418,60.15828961496796,59.660530111406985,60.016075134277344,353375,0.0,0.0
2019-07-10 00:00:00+08:00,60.30050923304596,61.72268930699499,60.22939905319601,61.22492980957031,1348462,0.0,0.0
2019-07-11 00:00:00+08:00,61.65158338341569,61.65158338341569,60.65605843907532,60.79827880859375,841204,0.0,0.0
2019-07-12 00:00:00+08:00,61.011605156740664,61.082715343451696,59.66053513228325,60.158294677734375,1004864,0.0,0.0
2019-07-15 00:00:00+08:00,60.44274122224037,62.14935646318826,59.87386555474867,61.86492156982422,1867518,0.0,0.0
2019-07-16 00:00:00+08:00,62.00713472590797,62.1493492156238,61.36714893951648,61.43825912475586,1722313,0.0,0.0
2019-07-17 00:00:00+08:00,61.43825871172305,61.93602412428944,61.153823853440635,61.509368896484375,2583613,0.0,0.0
2019-07-18 00:00:00+08:00,62.085050101988266,62.1644396744587,61.68808364868164,61.68808364868164,2736351,4.072013,1.059518
2019-07-19 00:00:00+08:00,62.0056562235305,63.434724344444206,61.76748130187072,62.87897872924805,1167744,0.0,0.0
2019-07-22 00:00:00+08:00,63.03774997921347,66.2134565166014,63.03774997921347,65.10195922851562,2263265,0.0,0.0
2019-07-23 00:00:00+08:00,65.73709704064336,65.73709704064336,64.30802917480469,64.30802917480469,1350275,0.0,0.0
2019-07-24 00:00:00+08:00,65.02257868759843,66.68982175261989,64.54622264088015,65.8165054321289,1252498,0.0,0.0
2019-07-25 00:00:00+08:00,68.1982822419899,68.75402783676883,67.56314087825126,68.27767181396484,4268069,0.0,0.0
2019-07-26 00:00:00+08:00,70.10370245704576,70.73884378566629,68.67463446764955,68.83341979980469,2947561,0.0,0.0
2019-07-29 00:00:00+08:00,69.07160326014586,70.26249649739857,68.99221368272113,69.78614044189453,1691777,0.0,0.0
2019-07-30 00:00:00+08:00,70.65944955938528,72.64426315604254,69.46856264078785,70.26248931884766,4182677,0.0,0.0
2019-07-31 00:00:00+08:00,71.77094694210152,71.77094694210152,70.0243082495563,70.97702026367188,2391474,0.0,0.0
2019-08-01 00:00:00+08:00,70.18310161759186,71.0564241623072,69.70674555601583,70.73885345458984,1257703,0.0,0.0
2019-08-02 00:00:00+08:00,69.46856937571718,69.78614007772936,66.84860798562407,67.48374938964844,2052840,0.0,0.0
2019-08-05 00:00:00+08:00,68.1188907936728,68.75403219769717,67.48374938964844,67.48374938964844,1142310,0.0,0.0
2019-08-06 00:00:00+08:00,65.18135814800952,71.13580509556982,65.18135814800952,70.50066375732422,3259093,0.0,0.0
2019-08-07 00:00:00+08:00,71.453383761302,75.02605109027154,70.8182423519754,74.23212432861328,5459229,0.0,0.0
2019-08-08 00:00:00+08:00,73.12062216735494,74.78787135827896,73.12062216735494,74.54969024658203,2236614,0.0,0.0
2019-08-12 00:00:00+08:00,74.5496828765149,74.5496828765149,72.4854736328125,72.4854736328125,1313853,0.0,0.0
2019-08-13 00:00:00+08:00,73.04123599139236,73.5969816162208,70.34188504954744,71.37399291992188,2284949,0.0,0.0
2019-08-14 00:00:00+08:00,73.35880237014406,77.01086519403131,72.64426524089113,76.13754272460938,5313217,0.0,0.0
2019-08-15 00:00:00+08:00,73.9939442225756,79.07507514175259,73.27940708857396,78.43993377685547,5764636,0.0,0.0
2019-08-16 00:00:00+08:00,81.3774649236722,82.96531844191817,78.59872436523438,78.59872436523438,7239086,0.0,0.0
2019-08-19 00:00:00+08:00,80.98050623965747,85.74406725286843,80.1865856011081,85.34710693359375,10328239,0.0,0.0
2019-08-20 00:00:00+08:00,86.934943793494,93.28635105257696,86.53797735399748,89.71368408203125,11258598,0.0,0.0
2019-08-21 00:00:00+08:00,91.69850571882077,96.85903270228783,91.30154544154607,95.27117919921875,14303296,0.0,0.0
2019-08-22 00:00:00+08:00,96.06508781531059,96.46204801764601,92.09545480703662,92.8893814086914,6002980,0.0,0.0
2019-08-23 00:00:00+08:00,92.09546710196541,96.859027347839,91.30154039431982,93.2863540649414,7421243,0.0,0.0
2019-08-26 00:00:00+08:00,91.69849801999906,98.04991149902344,90.11064465024297,98.04991149902344,8432219,0.0,0.0
2019-08-27 00:00:00+08:00,101.22562014138782,102.41650709259902,94.87420654296875,94.87420654296875,11057473,0.0,0.0
2019-08-28 00:00:00+08:00,96.06510405685097,97.65295752861586,92.09547037743873,94.08028411865234,5651429,0.0,0.0
2019-08-29 00:00:00+08:00,94.87420940890793,96.46206285647823,92.88939569793753,94.47724914550781,3711795,0.0,0.0
2019-08-30 00:00:00+08:00,96.06509905747284,96.46205930626311,88.12583211182024,89.31671905517578,6192658,0.0,0.0
2019-09-02 00:00:00+08:00,90.11064910888672,91.30154229362108,87.33190867281475,90.11064910888672,3843827,0.0,0.0
2019-09-03 00:00:00+08:00,89.31672238472545,90.11064910888672,88.12583539697602,90.11064910888672,2190507,0.0,0.0
2019-09-04 00:00:00+08:00,91.69849886769181,96.4620590209961,91.30153862007546,96.4620590209961,10231319,0.0,0.0
2019-09-05 00:00:00+08:00,96.06510064019339,96.06510064019339,92.49242735729581,93.2863540649414,4313286,0.0,0.0
2019-09-06 00:00:00+08:00,94.47723889737405,94.47723889737405,92.095458984375,92.095458984375,2004360,0.0,0.0
2019-09-10 00:00:00+08:00,89.71368591903712,90.11064616967732,81.77441893638573,86.53797912597656,5738375,0.0,0.0
2019-09-11 00:00:00+08:00,78.59872295994347,80.98049699774275,77.88418579101562,77.88418579101562,10193524,0.0,0.0
2019-09-12 00:00:00+08:00,78.59872007377588,80.5835337647207,78.59872007377588,79.39264678955078,4819581,0.0,0.0
2019-09-16 00:00:00+08:00,78.59871665529674,78.59871665529674,75.5817952665665,76.7726821899414,3310505,0.0,0.0
2019-09-17 00:00:00+08:00,77.56660984315548,78.12236162548314,76.85207891957383,77.0108642578125,2143874,0.0,0.0
2019-09-18 00:00:00+08:00,77.48721930155402,78.360535552431,75.81997017244764,76.7726821899414,2336133,0.0,0.0
2019-09-19 00:00:00+08:00,77.0108618834538,77.6460032168261,76.61389545160387,77.16964721679688,1219111,0.0,0.0
2019-09-20 00:00:00+08:00,77.48722920584808,79.39265348438389,76.37573171003552,79.15447235107422,3223332,0.0,0.0
2019-09-23 00:00:00+08:00,80.1865702622013,82.56834411621094,79.78960382187663,82.56834411621094,4808726,0.0,0.0
2019-09-24 00:00:00+08:00,82.96531093620347,82.96531093620347,79.78960418701172,79.78960418701172,2657660,0.0,0.0
2019-09-25 00:00:00+08:00,79.7896031871351,80.18656962430184,78.7575016050738,78.8368911743164,1235690,0.0,0.0
2019-09-26 00:00:00+08:00,79.39264485207697,80.18657154847713,78.20175170898438,78.20175170898438,763428,0.0,0.0
2019-09-27 00:00:00+08:00,78.59872308650115,78.91629378498374,74.47030400622745,74.62908935546875,2582594,0.0,0.0
2019-10-01 00:00:00+08:00,75.42300990037351,76.21693658130312,74.78786855562983,76.05815124511719,1115236,0.0,0.0
2019-10-02 00:00:00+08:00,76.2169357137381,78.439930395037,76.05815037935962,77.64600372314453,1341882,0.0,0.0
2019-10-03 00:00:00+08:00,76.61390392676638,78.4399385607031,76.29633322495,78.12236785888672,831129,0.0,0.0
2019-10-04 00:00:00+08:00,78.59872053805366,82.96531440211639,78.51932476751475,80.58353424072266,5171234,0.0,0.0
2019-10-07 00:00:00+08:00,80.58352945201752,81.37745612530271,79.07507187126791,80.18656921386719,1985618,0.0,0.0
2019-10-08 00:00:00+08:00,81.3774604804956,81.77442073989062,79.39264678955078,79.39264678955078,1795533,0.0,0.0
2019-10-09 00:00:00+08:00,79.39264188359994,80.18656855031531,76.85207655011072,77.16964721679688,1666246,0.0,0.0
2019-10-14 00:00:00+08:00,78.67810964686093,79.7896070489458,77.48722267169101,79.39264678955078,1627736,0.0,0.0
2019-10-15 00:00:00+08:00,77.88418686161164,78.20175756394822,74.62909026115435,75.58180236816406,4793539,0.0,0.0
2019-10-16 00:00:00+08:00,75.89936373413329,76.05814906576943,72.00912001055586,72.32669067382812,3442733,0.0,0.0
2019-10-17 00:00:00+08:00,72.40609652191213,73.67637935190956,71.21520946728218,71.45338439941406,3441740,0.0,0.0
2019-10-18 00:00:00+08:00,72.2473058675016,72.48548078215899,71.13580847280251,72.00912475585938,2140611,0.0,0.0
2019-10-21 00:00:00+08:00,72.08851814490781,72.72365949233377,71.37398722754592,72.16790771484375,1250301,0.0,0.0
2019-10-22 00:00:00+08:00,72.64426419838121,73.51758665527018,71.37398769224346,71.92973327636719,3061215,0.0,0.0
2019-10-23 00:00:00+08:00,71.61216784570975,72.24730924379091,71.13581179714889,71.37399291992188,1825747,0.0,0.0
2019-10-24 00:00:00+08:00,71.77094511159387,72.32669067382812,71.53277021263187,72.32669067382812,1643417,0.0,0.0
2019-10-25 00:00:00+08:00,72.72366237719703,72.80305195028225,71.0564193725586,71.0564193725586,2347718,0.0,0.0
2019-10-28 00:00:00+08:00,71.2152022676522,71.29459183800837,67.96009974637165,69.38916778564453,4760761,0.0,0.0
2019-10-29 00:00:00+08:00,69.78613285029017,70.58005952309718,69.230381080833,70.50066375732422,2939505,0.0,0.0
2019-10-30 00:00:00+08:00,70.42127507511346,70.65944998146182,68.83342170950895,68.91281127929688,3147111,0.0,0.0
2019-10-31 00:00:00+08:00,68.91280786910019,69.30977428934946,67.8807063310238,68.11888122558594,1654734,0.0,0.0
2019-11-01 00:00:00+08:00,68.5158594925401,70.58006912258844,68.27767835981108,69.86553192138672,2923450,0.0,0.0
2019-11-04 00:00:00+08:00,69.86553192138672,70.8182440583321,69.30978627332793,69.86553192138672,1749468,0.0,0.0
2019-11-05 00:00:00+08:00,70.02430812703012,70.5006641332544,68.43645477294922,68.43645477294922,2363317,0.0,0.0
2019-11-06 00:00:00+08:00,68.59523824499699,69.23037956937601,68.1982780157523,69.07159423828125,1163243,0.0,0.0
2019-11-07 00:00:00+08:00,68.91281177255358,70.18309447412946,68.67463686450041,69.38916778564453,1812899,0.0,0.0
2019-11-08 00:00:00+08:00,69.62734697279885,69.78613230612208,69.15099097282909,69.30977630615234,1202082,0.0,0.0
2019-11-11 00:00:00+08:00,68.75403176509256,69.07160246510658,66.29286193847656,66.29286193847656,2103454,0.0,0.0
2019-11-12 00:00:00+08:00,67.48374137799384,68.99220513195982,67.24556647825335,68.83341979980469,1989892,0.0,0.0
2019-11-13 00:00:00+08:00,68.5952519301791,70.50067628346027,68.5158623472852,69.46857452392578,1805738,0.0,0.0
2019-11-14 00:00:00+08:00,69.86552952964931,70.10371065422457,68.67464249772841,70.0243148803711,1137666,0.0,0.0
2019-11-15 00:00:00+08:00,70.50067628346027,70.89764278888666,69.30978916115235,69.46857452392578,2097728,0.0,0.0
2019-11-18 00:00:00+08:00,69.15099431389305,70.58006238284841,69.15099431389305,70.10370635986328,1447659,0.0,0.0
2019-11-19 00:00:00+08:00,70.73885340603314,72.48548610029434,70.65945763066567,71.45338439941406,4088232,0.0,0.0
2019-11-20 00:00:00+08:00,71.29459192480599,71.92973327636719,70.26249032701136,71.92973327636719,1970454,0.0,0.0
2019-11-21 00:00:00+08:00,71.77095510691342,72.16791539279498,71.0564241135325,71.45338439941406,1576568,0.0,0.0
2019-11-22 00:00:00+08:00,71.69155491985732,71.85033405312613,70.34187651421327,70.42127227783203,1331701,0.0,0.0
2019-11-25 00:00:00+08:00,70.89763641357422,71.29459668631921,70.18309924685414,70.89763641357422,934073,0.0,0.0
2019-11-26 00:00:00+08:00,71.29459381490237,72.08852052540172,71.13580847280251,72.00912475585938,1819038,0.0,0.0
2019-11-27 00:00:00+08:00,72.2473068077901,75.18483257637676,72.2473068077901,74.78787231445312,5977863,0.0,0.0
2019-11-28 00:00:00+08:00,75.10544686492997,75.74058827425658,74.07333897628163,74.23212432861328,3478475,0.0,0.0
2019-11-29 00:00:00+08:00,74.5496882530648,74.5496882530648,71.61216260058659,71.92973327636719,2273826,0.0,0.0
2019-12-02 00:00:00+08:00,72.16790718282405,72.16790718282405,69.86552291387038,70.97702026367188,1443567,0.0,0.0
2019-12-03 00:00:00+08:00,71.13581451070945,73.35880948879229,70.81824379955475,73.1206283569336,1755607,0.0,0.0
2019-12-04 00:00:00+08:00,73.1206283569336,73.67638019994698,72.7236680664829,73.1206283569336,1587821,0.0,0.0
2019-12-05 00:00:00+08:00,73.83515379147813,78.04296194536126,73.83515379147813,76.45510864257812,6824974,0.0,0.0
2019-12-06 00:00:00+08:00,77.80479139527108,78.04296630550284,75.50240087911232,75.66118621826172,3536847,0.0,0.0
2019-12-09 00:00:00+08:00,76.21693420410156,77.32843152273546,75.34361178382558,76.21693420410156,2031839,0.0,0.0
2019-12-10 00:00:00+08:00,76.69329258986087,77.01086326223272,75.89936590893127,76.05815124511719,1446636,0.0,0.0
2019-12-11 00:00:00+08:00,78.59872391161129,80.18657742069314,78.04297208494005,78.12236785888672,6539534,0.0,0.0
2019-12-12 00:00:00+08:00,78.20174929497699,78.51931996373398,77.16964772000905,77.64600372314453,2324440,0.0,0.0
2019-12-13 00:00:00+08:00,78.20175266652666,80.18657253032255,77.64600707073407,78.43993377685547,4076373,0.0,0.0
2019-12-16 00:00:00+08:00,78.12236737098108,79.39265017031315,77.80479667114807,78.36054229736328,1997054,0.0,0.0
2019-12-17 00:00:00+08:00,78.67810326647451,78.83688859675281,76.37571907593114,76.45510864257812,2653872,0.0,0.0
2019-12-18 00:00:00+08:00,76.85207506676609,77.32843105760102,76.21693374565284,76.45510864257812,1172451,0.0,0.0
2019-12-19 00:00:00+08:00,76.93147475460192,76.93147475460192,75.34362124291904,75.58180236816406,1134597,0.0,0.0
2019-12-20 00:00:00+08:00,76.05814942842314,77.40782165527344,75.50239766655459,77.40782165527344,1324297,0.0,0.0
2019-12-23 00:00:00+08:00,78.6781129971963,79.78961044661185,78.04297159753027,78.36054229736328,5191113,0.0,0.0
2019-12-24 00:00:00+08:00,78.28115320979491,79.15446954129735,78.04297208494005,78.12236785888672,1381159,0.0,0.0
2019-12-25 00:00:00+08:00,78.75750259201672,79.78960418701172,78.51932148733502,79.78960418701172,3198151,0.0,0.0
2019-12-26 00:00:00+08:00,80.98050425842005,81.77443107453132,79.15447567985699,79.23387145996094,3841669,0.0,0.0
2019-12-27 00:00:00+08:00,79.3926463097895,79.78960656678574,78.91629028320312,78.91629028320312,1570576,0.0,0.0
2019-12-30 00:00:00+08:00,79.39264344739169,80.186570129745,78.83689167125208,79.31324768066406,1067073,0.0,0.0
2019-12-31 00:00:00+08:00,79.39265112435736,79.78961140542624,78.59872436523438,78.59872436523438,1205538,0.0,0.0
2020-01-02 00:00:00+08:00,80.18656962430184,80.583529864484,78.8368911743164,78.8368911743164,2040023,0.0,0.0
2020-01-03 00:00:00+08:00,79.39263590709129,79.39263590709129,76.45510436288328,76.53450012207031,2479143,0.0,0.0
2020-01-06 00:00:00+08:00,76.53450141895544,76.53450141895544,75.34360838985823,75.42300415039062,1360697,0.0,0.0
2020-01-07 00:00:00+08:00,76.21693374565284,76.77267930313475,75.26422176398296,76.45510864257812,1032288,0.0,0.0
2020-01-08 00:00:00+08:00,76.21692782868641,76.61388802507271,75.10543060302734,75.10543060302734,883942,0.0,0.0
2020-01-09 00:00:00+08:00,75.8199772964239,76.29633334992877,75.50240659408733,75.58180236816406,629194,0.0,0.0
2020-01-10 00:00:00+08:00,76.05814658443892,77.24903343436605,76.05814658443892,77.09024810791016,972950,0.0,0.0
2020-01-13 00:00:00+08:00,79.07507610324082,80.18657350532568,78.28114938746592,79.39264678955078,3424252,0.0,0.0
2020-01-14 00:00:00+08:00,80.186570129745,80.9804906151137,79.1544623441934,79.31324768066406,2298863,0.0,0.0
2020-01-15 00:00:00+08:00,79.39264357853655,82.96531055653561,79.15446247494482,82.56834411621094,5995255,0.0,0.0
2020-01-16 00:00:00+08:00,83.36227514192986,84.95012859196518,81.37746142787817,81.77442169189453,6964113,0.0,0.0
2020-01-17 00:00:00+08:00,81.77442122292707,82.17138768165181,80.1865739789828,80.58353424072266,2104805,0.0,0.0
2020-01-20 00:00:00+08:00,80.58352379848841,81.77441062637445,80.58352379848841,80.98048400878906,1358119,0.0,0.0
2020-01-30 00:00:00+08:00,74.31150852213,76.29632201845803,72.88244057385947,72.96183013916016,3120397,0.0,0.0
2020-01-31 00:00:00+08:00,74.15273429916887,75.18483598454397,72.96184106544432,73.75576782226562,1700375,0.0,0.0
2020-02-03 00:00:00+08:00,70.65945574858802,71.53277826944216,67.16617805914167,71.37399291992188,2181209,0.0,0.0
2020-02-04 00:00:00+08:00,72.08851723888185,73.35879991776855,72.00912147295917,73.04122924804688,1009781,0.0,0.0
2020-02-05 00:00:00+08:00,73.35879842795518,73.67636909122744,72.24730110650226,72.32669067382812,844041,0.0,0.0
2020-02-06 00:00:00+08:00,72.96183635248161,74.31151485038806,72.80305101137408,74.07333374023438,1015919,0.0,0.0
2020-02-07 00:00:00+08:00,73.75575912968873,73.75575912968873,72.00912047053413,72.08851623535156,906461,0.0,0.0
2020-02-10 00:00:00+08:00,70.65944298075661,72.16790043013557,69.46855617303468,71.21519470214844,1027258,0.0,0.0
2020-02-11 00:00:00+08:00,72.24730161403743,73.12061784567896,72.24730161403743,72.80304718017578,911565,0.0,0.0
2020-02-12 00:00:00+08:00,73.43819613766648,75.10544540319263,73.43819613766648,74.62908935546875,1346374,0.0,0.0
2020-02-13 00:00:00+08:00,75.58180001510375,75.81997493594858,73.83516120663005,73.91455078125,1087535,0.0,0.0
2020-02-14 00:00:00+08:00,73.91454700697898,75.18482971191406,73.91454700697898,75.18482971191406,852503,0.0,0.0
2020-02-17 00:00:00+08:00,75.18483396033831,77.56661416667741,74.70847791907049,76.93147277832031,2069693,0.0,0.0
2020-02-18 00:00:00+08:00,77.48722169772428,77.48722169772428,75.89936828613281,75.89936828613281,1433336,0.0,0.0
2020-02-19 00:00:00+08:00,77.1696467073336,77.40782160728358,76.37572004585962,76.69329071044922,955557,0.0,0.0
2020-02-20 00:00:00+08:00,77.32843346097293,77.96357480182641,76.29632568359375,76.29632568359375,991365,0.0,0.0
2020-02-21 00:00:00+08:00,76.05815747010325,76.85208421601185,75.26423072419466,75.34362030029297,1121794,0.0,0.0
2020-02-24 00:00:00+08:00,75.02605054058247,75.97876264759219,74.78787561232262,75.58180236816406,900311,0.0,0.0
2020-02-25 00:00:00+08:00,74.86726188265727,75.66118860343235,74.07333516188221,75.50240325927734,916680,0.0,0.0
2020-02-26 00:00:00+08:00,74.94665192905676,76.61389481685362,74.70847083252325,74.86725616455078,1153012,0.0,0.0
2020-02-27 00:00:00+08:00,75.0260447584565,75.26422586534531,71.69155883789062,71.69155883789062,1725937,0.0,0.0
2020-03-02 00:00:00+08:00,69.86552666070837,72.72366285633488,69.54795597230543,72.24730682373047,1154035,0.0,0.0
2020-03-03 00:00:00+08:00,74.23212526648503,75.26423316817335,73.75576920347164,74.47030639648438,1031265,0.0,0.0
2020-03-04 00:00:00+08:00,74.15272950928053,74.62908553260314,73.12062169358916,74.07333374023438,674210,0.0,0.0
2020-03-05 00:00:00+08:00,75.02604437379718,75.66118572626472,74.86725903568029,75.18482971191406,794934,0.0,0.0
2020-03-06 00:00:00+08:00,74.31151674009114,76.29633045591574,74.15273139494577,75.978759765625,1176543,0.0,0.0
2020-03-09 00:00:00+08:00,75.10543954518111,75.58179555575059,72.08851814490781,72.16790771484375,1464029,0.0,0.0
2020-03-10 00:00:00+08:00,71.05642209603214,74.62908935546875,70.81824097367765,74.62908935546875,1430267,0.0,0.0
2020-03-11 00:00:00+08:00,75.97874833833833,76.05814409746229,72.64425659179688,72.64425659179688,1486536,0.0,0.0
2020-03-12 00:00:00+08:00,72.0091193833793,72.24730047725122,68.91280854193482,70.42127227783203,2553610,0.0,0.0
2020-03-13 00:00:00+08:00,63.91108255576923,67.48374988092232,63.43472649928313,67.24557495117188,3167459,0.0,0.0
2020-03-16 00:00:00+08:00,66.76921860582101,68.19828676909668,63.19654509913922,63.67290115356445,1783230,0.0,0.0
2020-03-17 00:00:00+08:00,60.41780185609366,63.67289831787345,60.100231167286616,60.655982971191406,1956131,0.0,0.0
2020-03-18 00:00:00+08:00,62.16443816445593,62.64079417866208,59.54448318481445,59.54448318481445,1474259,0.0,0.0
2020-03-19 00:00:00+08:00,57.48027460661546,57.956630627589796,53.590030670166016,53.590030670166016,3002743,0.0,0.0
2020-03-20 00:00:00+08:00,55.09849276657494,58.591770143709326,55.09849276657494,58.03601837158203,1815969,0.0,0.0
2020-03-23 00:00:00+08:00,54.62213756486773,55.97180983650472,53.193069525907276,55.17788314819336,915657,0.0,0.0
2020-03-24 00:00:00+08:00,57.321489820122196,59.147518153007574,57.321489820122196,58.432987213134766,957603,0.0,0.0
2020-03-25 00:00:00+08:00,60.655987225614055,63.11715713800315,60.655987225614055,61.13234329223633,2361271,0.0,0.0
2020-03-26 00:00:00+08:00,61.21173287151404,61.21173287151404,58.9093483146657,61.13234329223633,1961246,0.0,0.0
2020-03-27 00:00:00+08:00,62.243830014368534,62.482004907988596,60.17962074939614,60.259010314941406,1622606,0.0,0.0
2020-03-30 00:00:00+08:00,58.75055883834912,60.655982971191406,58.43298814954207,60.655982971191406,622033,0.0,0.0
2020-03-31 00:00:00+08:00,61.8468635956894,62.0056489237642,59.703264765171745,60.259010314941406,758103,0.0,0.0
2020-04-01 00:00:00+08:00,60.020837403590406,61.68808030494661,59.54448140363371,61.60868453979492,950442,0.0,0.0
2020-04-06 00:00:00+08:00,62.16443920623588,62.720190997282266,61.21172716185761,62.48200988769531,1277828,0.0,0.0
2020-04-07 00:00:00+08:00,63.59350637046411,65.49893043218428,63.11715035503407,64.78439331054688,2391963,0.0,0.0
2020-04-08 00:00:00+08:00,64.54621983699339,66.29285859908649,63.67289735745444,66.21346282958984,1519275,0.0,0.0
2020-04-09 00:00:00+08:00,67.0867853091288,68.19828270318804,66.21346282958984,66.21346282958984,1745376,0.0,0.0
2020-04-10 00:00:00+08:00,66.3722495963567,66.9280014038086,65.41953752385484,66.9280014038086,750941,0.0,0.0
2020-04-13 00:00:00+08:00,66.92800480781771,66.92800480781771,65.73711155812818,65.8958969116211,841995,0.0,0.0
2020-04-14 00:00:00+08:00,66.29285385010031,67.00738473945952,65.97528318883303,66.5310287475586,977042,0.0,0.0
2020-04-15 00:00:00+08:00,66.84860998186443,67.00739533761218,65.97529362374443,66.13407897949219,1529506,0.0,0.0
2020-04-16 00:00:00+08:00,65.65772142955157,67.32496452876029,65.49893607738953,67.24557495117188,1137666,0.0,0.0
2020-04-17 00:00:00+08:00,68.51585191973662,68.67463725834422,66.2928571792301,66.61042785644531,1568383,0.0,0.0
2020-04-20 00:00:00+08:00,66.76921558604832,67.00739050399639,66.29285955316725,66.45164489746094,586225,0.0,0.0
2020-04-21 00:00:00+08:00,66.21346182595656,66.76921361305475,63.911077500224735,63.9904670715332,1165289,0.0,0.0
2020-04-22 00:00:00+08:00,63.434716394879075,65.18135499044244,62.640789760532094,65.10195922851562,727410,0.0,0.0
2020-04-23 00:00:00+08:00,65.73710679927035,66.37224816726271,64.94318008927989,65.49893188476562,95146,0.0,0.0
2020-04-24 00:00:00+08:00,65.18135787353202,65.65771387521029,64.94317677420062,65.4195327758789,311016,0.0,0.0
2020-04-27 00:00:00+08:00,66.05467511595933,66.53103112488166,65.73710444334444,66.37224578857422,883942,0.0,0.0
2020-04-28 00:00:00+08:00,66.92799806215868,67.32495830738881,66.37224628245494,66.84860229492188,902357,0.0,0.0
2020-04-29 00:00:00+08:00,67.16617394840823,67.88071107601068,66.84860326880376,67.80131530761719,1321820,0.0,0.0
2020-04-30 00:00:00+08:00,68.27766993305507,68.9922070460694,67.88070969014625,68.91281127929688,1579637,0.0,0.0
2020-05-04 00:00:00+08:00,67.16618200293323,67.64253807946426,66.92800706316045,67.56314849853516,816418,0.0,0.0
2020-05-05 00:00:00+08:00,67.88072089619149,69.86553483236655,67.80132511631196,69.46857452392578,1662506,0.0,0.0
2020-05-06 00:00:00+08:00,69.86552187429147,70.58005897273833,69.23038054099848,69.30977630615234,1456867,0.0,0.0
2020-05-07 00:00:00+08:00,69.46856736167123,70.26249409368403,69.2303862435749,69.9449234008789,962719,0.0,0.0
2020-05-08 00:00:00+08:00,70.65944909188562,71.13580509556982,70.10370351941297,70.50066375732422,1053773,0.0,0.0
2020-05-11 00:00:00+08:00,70.81823969207086,71.37399150285044,70.34188365296765,70.65945434570312,877803,0.0,0.0
2020-05-12 00:00:00+08:00,69.07159851863814,69.30977962853252,68.11888647303019,68.27767181396484,1832338,0.0,0.0
2020-05-13 00:00:00+08:00,68.27766655428879,68.43645188299163,67.16616925336882,68.11888122558594,891103,0.0,0.0
2020-05-14 00:00:00+08:00,68.19828319437477,68.67463922383104,66.53103399278541,66.6898193359375,926911,0.0,0.0
2020-05-15 00:00:00+08:00,67.48374171520604,67.6425270481546,66.05467371866887,66.76921081542969,722295,0.0,0.0
2020-05-18 00:00:00+08:00,66.054671189732,66.68981249720959,64.70499900983425,65.10195922851562,983181,0.0,0.0
2020-05-19 00:00:00+08:00,66.13407137471378,67.00738763241085,65.41953425752105,66.84860229492188,817441,0.0,0.0
2020-05-20 00:00:00+08:00,66.61043024175463,67.40435696322307,66.29285955316725,66.45164489746094,504379,0.0,0.0
2020-05-21 00:00:00+08:00,67.00739382443622,67.4043603033339,66.53103776795012,67.24557495117188,557579,0.0,0.0
2020-05-22 00:00:00+08:00,67.24557551480356,67.24557551480356,65.8958969116211,65.8958969116211,613848,0.0,0.0
2020-05-25 00:00:00+08:00,66.0546808149735,66.45164728848357,65.26075406493847,66.29286193847656,419463,0.0,0.0
2020-05-26 00:00:00+08:00,66.68981407819224,67.08678050326853,66.45163918073396,66.5310287475586,562694,0.0,0.0
2020-05-27 00:00:00+08:00,66.76921081542969,67.08678148132684,66.5310297175146,66.76921081542969,444017,0.0,0.0
2020-05-28 00:00:00+08:00,67.08678627463568,67.24557161892938,65.97528886457988,66.45164489746094,530979,0.0,0.0
2020-05-29 00:00:00+08:00,66.21346521834235,66.6104316861771,65.73710917513169,66.05467987060547,517679,0.0,0.0
2020-06-01 00:00:00+08:00,66.21346094496596,66.84860229492188,66.21346094496596,66.84860229492188,494148,0.0,0.0
2020-06-02 00:00:00+08:00,67.48374651366098,69.86552667724688,67.32496116942191,69.70674133300781,2518825,0.0,0.0
2020-06-03 00:00:00+08:00,69.86552241907862,70.81823442644702,69.0715957462716,70.50066375732422,2539287,0.0,0.0
2020-06-04 00:00:00+08:00,71.29459768614547,71.37399345999894,69.86552952964931,70.0243148803711,1469144,0.0,0.0
2020-06-05 00:00:00+08:00,70.65945195485354,70.65945195485354,69.94492101886824,70.10370635986328,837903,0.0,0.0
2020-06-08 00:00:00+08:00,70.65945291617787,71.85033989135033,70.10370731362667,71.0564193725586,1921346,0.0,0.0
2020-06-09 00:00:00+08:00,71.69156219558592,72.00912669133639,70.65945434570312,70.65945434570312,1558152,0.0,0.0
2020-06-10 00:00:00+08:00,71.0564179125502,71.0564179125502,69.38916874518416,69.62734985351562,1039450,0.0,0.0
2020-06-11 00:00:00+08:00,68.75402733187104,68.83342310024773,67.0073885944163,67.08678436279297,2084016,0.0,0.0
2020-06-12 00:00:00+08:00,65.49893096510682,67.08678436279297,65.10196451719293,67.08678436279297,713087,0.0,0.0
2020-06-15 00:00:00+08:00,66.76922040248321,67.08679111397873,65.97529362374443,66.13407897949219,653748,0.0,0.0
2020-06-16 00:00:00+08:00,66.68982028719066,67.16617632344159,66.45164536755766,66.9280014038086,502332,0.0,0.0
2020-06-17 00:00:00+08:00,67.1661734430796,67.1661734430796,66.2928571792301,66.61042785644531,507448,0.0,0.0
2020-06-18 00:00:00+08:00,66.76921840861361,67.64253474065453,66.76921840861361,67.48374938964844,501309,0.0,0.0
2020-06-19 00:00:00+08:00,67.80132343830793,68.03950457506619,67.48375272062057,67.56314849853516,438901,0.0,0.0
2020-06-22 00:00:00+08:00,67.80131910393382,68.8334269689303,67.72192952807991,68.35707092285156,642494,0.0,0.0
2020-06-23 00:00:00+08:00,68.83342311482411,68.83342311482411,67.72192573620843,67.80131530761719,436855,0.0,0.0
2020-06-24 00:00:00+08:00,68.03949159496861,68.27766648930405,67.24556495221,67.40435028076172,581110,0.0,0.0
2020-06-29 00:00:00+08:00,67.8013181259519,70.42127944008658,67.8013181259519,69.9449234008789,2191439,0.0,0.0
2020-06-30 00:00:00+08:00,70.42127465445962,70.81823489499725,69.54795221010154,70.26248931884766,1457890,0.0,0.0
2020-07-01 00:00:00+08:00,70.42128376643088,70.58006912258844,69.78614234180061,69.86553192138672,832788,0.0,0.0
2020-07-02 00:00:00+08:00,70.262492182046,70.9770231229247,69.94492149788105,70.58006286621094,938165,0.0,0.0
2020-07-03 00:00:00+08:00,71.77094985408885,74.39090490071473,71.61216451196047,73.83515930175781,4750165,0.0,0.0
2020-07-06 00:00:00+08:00,75.42301029387122,75.81997053791474,73.75576115672837,73.99394226074219,3002743,0.0,0.0
2020-07-07 00:00:00+08:00,74.31151041777197,74.47029574940811,72.00912001055586,72.32669067382812,2119824,0.0,0.0
2020-07-08 00:00:00+08:00,72.48547985342884,74.47029970273886,72.08851960175768,73.59697723388672,1886561,0.0,0.0
2020-07-09 00:00:00+08:00,74.15272998601458,75.42301272304162,73.83515930175781,73.83515930175781,2460510,0.0,0.0
2020-07-10 00:00:00+08:00,73.99393922780202,74.47029521931965,71.61215927021384,71.85033416748047,1757653,0.0,0.0
2020-07-13 00:00:00+08:00,74.78786596843044,78.99567413330078,74.07332888182009,78.99567413330078,7580008,0.0,0.0
2020-07-14 00:00:00+08:00,78.598721059016,79.78960804911377,75.58179950125407,75.978759765625,6963090,0.0,0.0
2020-07-15 00:00:00+08:00,77.40783235324092,77.40783235324092,74.39091062082282,74.47030639648438,3367983,0.0,0.0
2020-07-16 00:00:00+08:00,74.39090728759766,74.94665910137108,74.07333659315142,74.39090728759766,1370928,0.0,0.0
2020-07-17 00:00:00+08:00,73.91454016337511,74.54968145703614,72.88243865966797,72.88243865966797,1847684,0.0,0.0
2020-07-20 00:00:00+08:00,73.91455218539036,74.86726428083814,72.96184008994258,74.62908935546875,2575095,0.0,0.0
2020-07-21 00:00:00+08:00,76.13376728352101,76.3847545460572,75.71544647216797,75.71544647216797,2213947,4.690244,0.0
2020-07-22 00:00:00+08:00,76.21743518816076,78.05803257635365,76.13377493568824,77.22139739990234,1559175,0.0,0.0
2020-07-23 00:00:00+08:00,77.13773373927788,77.38872101595136,76.21743182067023,76.55208587646484,1020011,0.0,0.0
2020-07-24 00:00:00+08:00,76.30110427081112,77.13773947247991,74.79516090780731,75.2971420288086,1362744,0.0,0.0
2020-07-27 00:00:00+08:00,75.79912374146194,76.38476512202863,74.54417419433594,74.54417419433594,1043542,0.0,0.0
2020-07-28 00:00:00+08:00,74.9624854499417,75.29713951945652,71.78327178955078,71.78327178955078,1571452,0.0,0.0
2020-07-29 00:00:00+08:00,71.53227847278103,74.20951080322266,71.53227847278103,74.20951080322266,611802,0.0,0.0
2020-07-30 00:00:00+08:00,74.54416278716096,76.80307423845439,74.46049601397148,76.1337661743164,812326,0.0,0.0
2020-07-31 00:00:00+08:00,75.96644421548021,75.96644421548021,75.04614883119731,75.63179016113281,513586,0.0,0.0
2020-08-03 00:00:00+08:00,75.71544708167607,77.1377300153123,75.63178683693873,76.46842193603516,1089581,0.0,0.0
2020-08-04 00:00:00+08:00,77.13773260404804,77.80704070578712,76.88673880072348,76.97040557861328,1137666,0.0,0.0
2020-08-05 00:00:00+08:00,77.22139199150926,77.4723857920383,76.55208389722489,76.8030776977539,896219,0.0,0.0
2020-08-06 00:00:00+08:00,77.30505955836253,77.38871980583053,75.46446228027344,75.46446228027344,1023081,0.0,0.0
2020-08-07 00:00:00+08:00,75.46447134974876,75.79912544052982,74.71150291066415,74.87882995605469,535071,0.0,0.0
2020-08-10 00:00:00+08:00,75.29713779911384,76.80308107752371,75.29713779911384,75.96644592285156,754010,0.0,0.0
2020-08-11 00:00:00+08:00,76.80308366948533,77.13773774264816,74.71149897739036,74.96248626708984,998527,0.0,0.0
2020-08-12 00:00:00+08:00,74.96248199805451,75.38080283085773,74.04218661443926,74.12584686279297,632264,0.0,0.0
2020-08-13 00:00:00+08:00,75.29713255135563,75.29713255135563,73.45653533935547,73.45653533935547,644541,0.0,0.0
2020-08-14 00:00:00+08:00,73.79119083985229,74.71149272925769,73.62386381726446,74.37683868408203,490055,0.0,0.0
2020-08-17 00:00:00+08:00,72.78723790235091,73.20555877685547,71.95060268368731,73.20555877685547,1409805,0.0,0.0
2020-08-18 00:00:00+08:00,73.28921510236752,73.37288188491883,71.69961153734467,71.78327178955078,1200074,0.0,0.0
2020-08-19 00:00:00+08:00,71.78326803260856,72.70356994078082,69.94267074660887,70.19366455078125,1114135,0.0,0.0
2020-08-20 00:00:00+08:00,69.85901507655133,70.11000236682574,65.92683297305365,67.43276977539062,1257366,0.0,0.0
2020-08-21 00:00:00+08:00,67.85108783160007,70.86297437261248,67.85108783160007,70.5283203125,549394,0.0,0.0
2020-08-24 00:00:00+08:00,70.74209702819502,71.41986846923828,69.89488925723589,71.41986846923828,455649,0.0,0.0
2020-08-25 00:00:00+08:00,72.35180093550028,72.35180093550028,70.99626458375872,71.41986846923828,321278,0.0,0.0
2020-08-26 00:00:00+08:00,71.16569655332191,71.75874326272606,71.08097839355469,71.08097839355469,189938,0.0,0.0
2020-08-27 00:00:00+08:00,71.08097890391538,71.33513991538645,70.06432832768651,70.2337646484375,323299,0.0,0.0
2020-08-28 00:00:00+08:00,70.23376738203318,70.65737779143193,69.47127778759823,70.0643310546875,209134,0.0,0.0
2020-08-31 00:00:00+08:00,70.31849262803182,70.74209651041089,69.21711730957031,69.21711730957031,245505,0.0,0.0
2020-09-01 00:00:00+08:00,68.96295765032306,69.13240051269531,68.03102517244822,69.13240051269531,437464,0.0,0.0
2020-09-02 00:00:00+08:00,68.5393518658176,70.14904921836035,68.5393518658176,70.0643310546875,380886,0.0,0.0
2020-09-03 00:00:00+08:00,70.65737477562372,71.41986433751399,70.31848907470703,70.31848907470703,433422,0.0,0.0
2020-09-04 00:00:00+08:00,69.30184334869517,70.14905112988897,69.21711865236877,69.81016540527344,232371,0.0,0.0
2020-09-07 00:00:00+08:00,69.8948826319028,69.8948826319028,68.2004607202538,68.36990356445312,399072,0.0,0.0
2020-09-08 00:00:00+08:00,68.62406921386719,69.0476730878864,68.53935105120125,68.62406921386719,232371,0.0,0.0
2020-09-09 00:00:00+08:00,68.36990819552462,68.62406921386719,67.86157962849471,68.62406921386719,167711,0.0,0.0
2020-09-10 00:00:00+08:00,68.87823023220976,69.0476730878864,68.45462635819055,68.62406921386719,335422,0.0,0.0
2020-09-11 00:00:00+08:00,68.62406948338666,68.79351233972878,67.77685520167607,67.86157989501953,583959,0.0,0.0
2020-09-14 00:00:00+08:00,68.03102248417134,68.96295492522046,68.03102248417134,68.62406921386719,272783,0.0,0.0
2020-09-15 00:00:00+08:00,68.70879036035569,69.38656181249587,68.70879036035569,69.04767608642578,358659,0.0,0.0
2020-09-16 00:00:00+08:00,69.47127884141139,72.2670762401974,69.38656067645346,71.41986846923828,1643774,0.0,0.0
2020-09-17 00:00:00+08:00,70.9115369049415,71.92818749338714,70.74209405180979,70.99626159667969,495051,0.0,0.0
2020-09-18 00:00:00+08:00,71.41986599430817,71.41986599430817,70.06432968954033,70.1490478515625,342495,0.0,0.0
2020-09-21 00:00:00+08:00,70.14904673637128,70.65737529145736,69.21711431721911,69.47127532958984,296020,0.0,0.0
2020-09-22 00:00:00+08:00,69.13240380730083,69.38656484779911,68.53935702590798,68.79351806640625,285917,0.0,0.0
2020-09-23 00:00:00+08:00,69.04766841090614,69.21711125510548,68.2851788771813,68.36990356445312,229340,0.0,0.0
2020-09-24 00:00:00+08:00,67.77685218974092,68.11573788736543,67.43797302246094,67.43797302246094,572845,0.0,0.0
2020-09-25 00:00:00+08:00,67.69213898525649,68.20046756890052,65.99771690345472,66.25188446044922,652660,0.0,0.0
2020-09-28 00:00:00+08:00,66.50604841259026,67.6921419629223,66.33660554392208,67.35325622558594,318247,0.0,0.0
2020-09-29 00:00:00+08:00,67.94630300075197,68.03102770025869,67.18381335691775,67.35325622558594,250556,0.0,0.0
2020-09-30 00:00:00+08:00,67.35324833288256,67.94629503855317,67.09908732483643,67.43797302246094,236412,0.0,0.0
2020-10-05 00:00:00+08:00,67.4379714008676,67.94629340473688,67.4379714008676,67.60741424560547,360680,0.0,0.0
2020-10-06 00:00:00+08:00,67.94630432128906,68.20047189440373,67.94630432128906,67.94630432128906,210144,0.0,0.0
2020-10-07 00:00:00+08:00,67.77685761371734,69.38656154108116,67.35325372295924,69.13240051269531,490000,0.0,0.0
2020-10-08 00:00:00+08:00,69.13239589340564,69.7254426069098,69.13239589340564,69.55599975585938,459690,0.0,0.0
2020-10-12 00:00:00+08:00,70.23377530785773,70.23377530785773,69.04768170051918,69.9796142578125,473835,0.0,0.0
2020-10-13 00:00:00+08:00,70.65737615493342,72.01291245471717,70.65737615493342,70.91153717041016,1102248,0.0,0.0
2020-10-14 00:00:00+08:00,71.33514268394434,71.41986737795263,70.31849206825868,70.74209594726562,481917,0.0,0.0
2020-10-15 00:00:00+08:00,70.74209595510476,71.33514269184919,69.97960636066982,70.0643310546875,413216,0.0,0.0
2020-10-16 00:00:00+08:00,70.06433663783913,71.75875228907604,69.47128332349178,71.67403411865234,1796330,0.0,0.0
2020-10-19 00:00:00+08:00,72.26708228920698,73.19901483347502,71.58931732177734,71.58931732177734,1148722,0.0,0.0
2020-10-20 00:00:00+08:00,71.33514406384339,71.33514406384339,70.40321159379398,70.65737915039062,342495,0.0,0.0
2020-10-21 00:00:00+08:00,70.91153880493738,71.08098166260913,70.40321023192213,70.74209594726562,234391,0.0,0.0
2020-10-22 00:00:00+08:00,70.487930560343,70.91153441311455,70.3184877131655,70.40320587158203,196000,0.0,0.0
2020-10-23 00:00:00+08:00,70.74209731569286,71.16570120289396,70.57265445474343,70.65737915039062,141443,0.0,0.0
2020-10-26 00:00:00+08:00,70.82681762608206,71.67402534802922,70.31848907470703,70.31848907470703,3894744,0.0,0.0
2020-10-27 00:00:00+08:00,70.31848745130505,70.65737314439808,69.89488360011097,70.48793029785156,3713899,0.0,0.0
2020-10-28 00:00:00+08:00,70.48793823858287,70.82682396985265,69.64072391040841,69.72544860839844,4008909,0.0,0.0
2020-10-29 00:00:00+08:00,69.47127997884087,69.47127997884087,67.94630074187052,69.04767608642578,2524764,0.0,0.0
2020-10-30 00:00:00+08:00,69.21711594356303,69.55600165491629,68.53935105120125,68.62406921386719,2219650,0.0,0.0
2020-11-02 00:00:00+08:00,68.96296224313997,69.38656616210938,68.28519074851255,69.38656616210938,1457877,0.0,0.0
2020-11-03 00:00:00+08:00,69.97960363696643,70.82681789244431,69.89488547659094,70.2337646484375,3391610,0.0,0.0
2020-11-04 00:00:00+08:00,70.74209595510476,70.74209595510476,69.97960636066982,70.0643310546875,1075979,0.0,0.0
2020-11-05 00:00:00+08:00,70.57265119867806,71.08097975807321,70.31849018415282,70.99626159667969,3515878,0.0,0.0
2020-11-06 00:00:00+08:00,71.16569492852182,71.674023466553,70.74209107866804,71.25041961669922,2620743,0.0,0.0
2020-11-09 00:00:00+08:00,71.7587457508253,73.0295639038086,71.58930942541599,73.0295639038086,1129526,0.0,0.0
2020-11-10 00:00:00+08:00,73.62260735724512,73.62260735724512,72.43651395009765,73.36844635009766,891093,0.0,0.0
2020-11-11 00:00:00+08:00,74.30038261499998,75.74063710421301,73.96149690094579,75.23231506347656,1999403,0.0,0.0
2020-11-12 00:00:00+08:00,75.1475876067336,75.23231229730436,74.04621887207031,74.04621887207031,847649,0.0,0.0
2020-11-13 00:00:00+08:00,74.04622586824624,75.57120513916016,73.45317256925065,75.57120513916016,865835,0.0,0.0
2020-11-16 00:00:00+08:00,76.24896733499436,76.75729591714035,75.06287384033203,75.06287384033203,1417464,0.0,0.0
2020-11-17 00:00:00+08:00,76.07952474749489,76.24896760881872,74.89343124857308,74.9781494140625,1112351,0.0,0.0
2020-11-18 00:00:00+08:00,75.06287382057222,75.99480628908873,75.06287382057222,75.74063873291016,682969,0.0,0.0
2020-11-19 00:00:00+08:00,76.07952227751292,77.43505859375,75.57120024038949,77.43505859375,1668021,0.0,0.0
2020-11-20 00:00:00+08:00,77.9433874328289,79.04476273434224,76.67256927490234,76.67256927490234,2105485,0.0,0.0
2020-11-23 00:00:00+08:00,77.5197849248827,77.68922778428588,76.75729532274083,77.26561737060547,802186,0.0,0.0
2020-11-24 00:00:00+08:00,77.9433871612182,78.87531960307084,77.01145471936556,77.43505859375,1340681,0.0,0.0
2020-11-25 00:00:00+08:00,78.02810865847168,78.45171908130379,76.24896839181898,76.41841125488281,1057794,0.0,0.0
2020-11-26 00:00:00+08:00,77.01145580255609,78.36699213785923,76.75729478041953,78.11283111572266,1176000,0.0,0.0
2020-11-27 00:00:00+08:00,78.6211607580825,79.5530932256995,77.77394645554662,79.46836853027344,2092351,0.0,0.0
2020-11-30 00:00:00+08:00,79.29892625631709,79.80725484159858,77.77394703081762,77.94338989257812,1911506,0.0,0.0
2020-12-01 00:00:00+08:00,78.11283168260357,78.11283168260357,76.24896675915599,76.58785247802734,1080021,0.0,0.0
2020-12-02 00:00:00+08:00,77.09617804243676,77.51978190929368,76.67256764523518,76.84201049804688,506165,0.0,0.0
2020-12-03 00:00:00+08:00,77.43506024486085,77.60450310429653,76.41840961859167,76.58785247802734,650639,0.0,0.0
2020-12-04 00:00:00+08:00,76.67257091178844,77.01145663184971,76.33368519172717,76.50312805175781,639526,0.0,0.0
2020-12-07 00:00:00+08:00,77.09617996042972,77.09617996042972,75.23231506347656,75.23231506347656,1000206,0.0,0.0
2020-12-08 00:00:00+08:00,75.65591794161236,82.6877670288086,75.23231406981198,82.6877670288086,4725219,0.0,0.0
2020-12-09 00:00:00+08:00,83.11137282619045,85.14468060042397,81.07806505195694,81.7558364868164,6168951,0.0,0.0
2020-12-10 00:00:00+08:00,81.4169454881846,84.72107122328131,81.33222732949494,84.46690368652344,4745425,0.0,0.0
2020-12-11 00:00:00+08:00,84.72107689708838,89.80433654785156,83.45025871922513,89.80433654785156,14571698,0.0,0.0
2020-12-14 00:00:00+08:00,90.65154947037013,94.88760129196977,87.6863092770435,88.53352355957031,13324976,0.0,0.0
2020-12-15 00:00:00+08:00,89.80434470734758,91.07516300067559,84.38219884579303,84.72108459472656,6349797,0.0,0.0
2020-12-16 00:00:00+08:00,88.10992407196264,93.19318389892578,87.2627097472387,93.19318389892578,16003308,0.0,0.0
2020-12-17 00:00:00+08:00,93.19318010292307,96.15842032315715,90.65155029296875,90.65155029296875,16842875,0.0,0.0
2020-12-18 00:00:00+08:00,91.07515716552734,93.19318316514261,88.53352727205802,91.07515716552734,6152786,0.0,0.0
2020-12-21 00:00:00+08:00,91.07515115218033,91.92236541429513,88.1099175606401,90.22794342041016,3194599,0.0,0.0
2020-12-22 00:00:00+08:00,91.07514529381908,94.8875929022404,83.36553192138672,83.36553192138672,11950955,0.0,0.0
2020-12-23 00:00:00+08:00,85.14467920637551,86.83910123543701,84.04330390793382,85.56828308105469,3673486,0.0,0.0
2020-12-24 00:00:00+08:00,86.83910069823054,87.6863084423479,84.72107480759244,86.41549682617188,2552042,0.0,0.0
2020-12-25 00:00:00+08:00,85.56827847235483,87.26270041015492,84.721070768627,85.99188232421875,1708433,0.0,0.0
2020-12-28 00:00:00+08:00,85.56828414271526,92.34597234305325,85.56828414271526,90.65155029296875,7627839,0.0,0.0
2020-12-29 00:00:00+08:00,91.92236846311833,92.76957622298815,89.38073212281915,90.65155029296875,3754311,0.0,0.0
2020-12-30 00:00:00+08:00,92.34597553538359,99.12366397002113,92.34597553538359,94.04039764404297,17158092,0.0,0.0
2020-12-31 00:00:00+08:00,94.88761077831012,96.15842906397734,92.76958465576172,92.76958465576172,5407178,0.0,0.0
2021-01-04 00:00:00+08:00,93.61679374946439,97.85284575594032,93.19318332454074,94.04039764404297,6300292,0.0,0.0
2021-01-05 00:00:00+08:00,94.04039270331975,94.88760044796604,89.80433438905408,91.4987564086914,3771486,0.0,0.0
2021-01-06 00:00:00+08:00,91.07515115218033,92.7695731460653,88.1099175606401,90.22794342041016,3133981,0.0,0.0
2021-01-07 00:00:00+08:00,91.07515788263362,94.46400212083913,89.38073576353086,93.19318389892578,3775527,0.0,0.0
2021-01-08 00:00:00+08:00,92.76957402370113,94.88759990350853,91.07515201378628,92.3459701538086,2695506,0.0,0.0
2021-01-11 00:00:00+08:00,91.07516184643434,94.04040231650454,89.80434356921207,93.6167984008789,3070331,0.0,0.0
2021-01-12 00:00:00+08:00,92.34597636074267,92.34597636074267,88.10992431640625,88.10992431640625,3869486,0.0,0.0
2021-01-13 00:00:00+08:00,88.5335249003332,89.80433654785156,87.26270672246997,89.80433654785156,2400496,0.0,0.0
2021-01-14 00:00:00+08:00,89.38072967529297,90.65154781064355,88.10991807028707,89.38072967529297,1580124,0.0,0.0
2021-01-15 00:00:00+08:00,89.38073046092731,89.80433433298599,85.56828255170979,86.41549682617188,2964249,0.0,0.0
2021-01-18 00:00:00+08:00,86.4154981783916,88.9571279808595,83.61970082443551,87.68630981445312,1701361,0.0,0.0
2021-01-19 00:00:00+08:00,87.68630767160708,89.80433354362826,87.68630767160708,89.38072967529297,1421505,0.0,0.0
2021-01-20 00:00:00+08:00,89.80433488853608,89.80433488853608,84.72107533169633,85.56828308105469,1793299,0.0,0.0
2021-01-21 00:00:00+08:00,86.83910205707878,88.9571279808595,85.99188776935958,87.68630981445312,1360887,0.0,0.0
2021-01-22 00:00:00+08:00,87.68630767160708,90.22794394230824,87.68630767160708,89.38072967529297,2163073,0.0,0.0
2021-01-25 00:00:00+08:00,91.07515115218033,93.19317701195038,89.38072915829535,90.22794342041016,4685817,0.0,0.0
2021-01-26 00:00:00+08:00,90.22794785298204,90.65155173967725,86.41549981203526,86.83910369873047,1832702,0.0,0.0
2021-01-27 00:00:00+08:00,88.10992490401352,88.53352880520316,86.83910667009943,87.26271057128906,789051,0.0,0.0
2021-01-28 00:00:00+08:00,84.72107533169633,86.83910123543701,84.72107533169633,85.56828308105469,780969,0.0,0.0
2021-01-29 00:00:00+08:00,86.83910037208757,86.83910037208757,83.45025634765625,83.45025634765625,1739753,0.0,0.0
2021-02-01 00:00:00+08:00,83.45025854362018,83.45025854362018,80.31558198325737,81.7558364868164,1297237,0.0,0.0
2021-02-02 00:00:00+08:00,82.26416155389491,84.04330169899255,82.26416155389491,83.53497314453125,788041,0.0,0.0
2021-02-03 00:00:00+08:00,84.04331372534325,84.46691764950516,83.11138117397971,83.87387084960938,704185,0.0,0.0
2021-02-04 00:00:00+08:00,83.95858764648438,85.99188890312904,83.45025906715074,83.95858764648438,733484,0.0,0.0
2021-02-05 00:00:00+08:00,84.72107533169633,86.83910123543701,84.46690778261299,85.56828308105469,1192165,0.0,0.0
2021-02-17 00:00:00+08:00,87.68631007273467,91.07515417290365,86.41549843292994,90.65155029296875,2108516,0.0,0.0
2021-02-18 00:00:00+08:00,93.19318010292307,94.46399827307265,90.22794641303383,90.65155029296875,4168538,0.0,0.0
2021-02-19 00:00:00+08:00,91.4987663700945,93.19318857420231,90.22795461477273,92.76958465576172,2914743,0.0,0.0
2021-02-22 00:00:00+08:00,94.04038842427462,94.8875961303711,92.34596648173725,94.8875961303711,3752290,0.0,0.0
2021-02-23 00:00:00+08:00,94.04039822364972,94.46400212083913,92.34597610454696,93.19318389892578,1882207,0.0,0.0
2021-02-24 00:00:00+08:00,92.7695731460653,93.19317701195038,90.22794342041016,90.22794342041016,1635691,0.0,0.0
2021-02-25 00:00:00+08:00,91.92237148358049,92.34597537743454,90.65155327167331,91.07515716552734,1076990,0.0,0.0
2021-02-26 00:00:00+08:00,88.95712580695766,90.65154781064355,88.53352193862236,89.38072967529297,1028495,0.0,0.0
2021-03-02 00:00:00+08:00,91.49875722255214,92.34597150507895,88.53352355957031,88.53352355957031,1157815,0.0,0.0
2021-03-03 00:00:00+08:00,89.80433600275407,91.49875805283857,88.10992048301443,90.65155029296875,1180041,0.0,0.0
2021-03-04 00:00:00+08:00,90.65154947037013,91.07515334646114,88.1099196834793,88.53352355957031,857753,0.0,0.0
2021-03-05 00:00:00+08:00,88.10992431640625,89.8043399098647,87.26270998933188,88.10992431640625,728433,0.0,0.0
2021-03-08 00:00:00+08:00,89.38073354924667,90.22794785298204,86.83910369873047,86.83910369873047,1168928,0.0,0.0
2021-03-09 00:00:00+08:00,86.41549270642709,87.26270041015492,84.55162792181254,85.99188232421875,1107299,0.0,0.0
2021-03-10 00:00:00+08:00,87.26270619279975,91.49875805283857,86.83910231286484,90.65155029296875,1634681,0.0,0.0
2021-03-11 00:00:00+08:00,91.92237091064453,92.7695786930721,90.65155270665812,91.92237091064453,2371197,0.0,0.0
2021-03-12 00:00:00+08:00,91.4987564086914,92.76957455600558,90.22794479172197,91.4987564086914,1227526,0.0,0.0
2021-03-15 00:00:00+08:00,92.76957566349445,96.58202362060547,91.49875750100917,96.58202362060547,7013570,0.0,0.0
2021-03-16 00:00:00+08:00,98.70005207720011,105.9013442993164,98.2764481889215,105.9013442993164,10134418,0.0,0.0
2021-03-17 00:00:00+08:00,109.29019019403891,110.56100187896541,102.08889785807509,105.05413818359375,21270053,0.0,0.0
2021-03-18 00:00:00+08:00,108.44298162919394,114.3734557075092,106.32494910876096,110.98461151123047,20542630,0.0,0.0
2021-03-19 00:00:00+08:00,109.71379633130638,114.37345886230469,107.17216637916337,114.37345886230469,8443159,0.0,0.0
2021-03-22 00:00:00+08:00,114.79704967005041,118.18589376598779,111.83181598386386,112.67902374267578,9734335,0.0,0.0
2021-03-23 00:00:00+08:00,116.06786783861314,119.8803223443013,110.98460822505194,112.67902374267578,17877432,0.0,0.0
2021-03-24 00:00:00+08:00,113.94984745074467,119.88032817210919,110.98461362040759,117.33869171142578,18345206,0.0,0.0
2021-03-25 00:00:00+08:00,116.06787636741265,119.03312333217862,111.83182420139345,114.79705810546875,10004088,0.0,0.0
2021-03-26 00:00:00+08:00,115.22066568108637,119.0331203721115,114.79705525074236,117.33869171142578,10064706,0.0,0.0
2021-03-29 00:00:00+08:00,117.7623009838144,122.84556079450725,116.49148276596864,119.03311920166016,10044500,0.0,0.0
2021-03-30 00:00:00+08:00,119.03311940126038,121.57474278052361,117.33869075439466,120.30392456054688,5674910,0.0,0.0
2021-03-31 00:00:00+08:00,122.42194560390382,126.23438664164455,120.30390684209549,122.84554290771484,9145324,0.0,0.0
2021-04-01 00:00:00+08:00,124.11638096327134,124.96358876825524,119.03312107267747,119.45671844482422,4865652,0.0,0.0
2021-04-07 00:00:00+08:00,115.22065631590529,118.60950030113979,114.37344858476898,116.91508483886719,4523157,0.0,0.0
2021-04-08 00:00:00+08:00,119.03312033270639,128.35243225097656,118.60950990250261,128.35243225097656,6061859,0.0,0.0
2021-04-09 00:00:00+08:00,139.7897593797468,141.06057739257812,136.82451299624438,141.06057739257812,9656541,0.0,0.0
2021-04-12 00:00:00+08:00,146.56746800782915,151.65072773604155,138.51896146586034,139.78977966308594,12294460,0.0,0.0
2021-04-13 00:00:00+08:00,140.63699818032893,141.48420602294382,131.3176727294922,131.3176727294922,7246952,0.0,0.0
2021-04-14 00:00:00+08:00,132.16488465351887,133.43570286144734,118.18589742699585,121.99835205078125,14458544,0.0,0.0
2021-04-15 00:00:00+08:00,123.69276057312234,127.92882537841797,120.30391656529946,127.92882537841797,6267962,0.0,0.0
2021-04-16 00:00:00+08:00,127.50522971037142,132.1648923920453,125.81080098035781,127.08161926269531,6777158,0.0,0.0
2021-04-19 00:00:00+08:00,127.0815943099549,127.92881503895356,121.9983352394045,122.84554290771484,4518105,0.0,0.0
2021-04-20 00:00:00+08:00,122.84556642274545,128.7760473575039,121.99835859226305,124.96359252929688,4757549,0.0,0.0
2021-04-21 00:00:00+08:00,123.69276153579509,124.53998233986155,121.15113830566406,121.15113830566406,2843011,0.0,0.0
2021-04-22 00:00:00+08:00,122.42196211476484,123.2691698973368,114.37345552860609,116.06787109375,4288765,0.0,0.0
2021-04-23 00:00:00+08:00,116.91509227975749,122.4219624736541,115.64427407182902,121.99835205078125,2634888,0.0,0.0
2021-04-26 00:00:00+08:00,121.9983352394045,124.53997130502385,119.45669917378514,122.84554290771484,2626805,0.0,0.0
2021-04-27 00:00:00+08:00,122.84554290771484,125.81077627714522,121.15112757109415,122.84554290771484,2591444,0.0,0.0
2021-04-28 00:00:00+08:00,121.99835628273297,125.38720060119977,121.99835628273297,123.6927719116211,2167114,0.0,0.0
2021-04-29 00:00:00+08:00,125.81079289482102,135.97732543945312,124.11637733439402,135.97732543945312,11729697,0.0,0.0
2021-05-03 00:00:00+08:00,134.70650410211186,134.70650410211186,122.42195892333984,122.42195892333984,8601778,0.0,0.0
2021-05-04 00:00:00+08:00,120.30392853343186,122.42196767713212,110.56100593944954,114.79705810546875,5373838,0.0,0.0
2021-05-05 00:00:00+08:00,115.6442702289941,120.30391942230584,110.56099756619632,111.40821838378906,4199858,0.0,0.0
2021-05-06 00:00:00+08:00,111.83181324219684,113.949839117646,108.01936536031944,110.13739776611328,2779362,0.0,0.0
2021-05-07 00:00:00+08:00,111.83182528696916,119.03312448765891,111.83182528696916,117.7623062133789,2642970,0.0,0.0
2021-05-10 00:00:00+08:00,117.7622890785728,118.60949678459099,111.40821169240304,113.52623748779297,2053959,0.0,0.0
2021-05-11 00:00:00+08:00,104.20692673457118,105.90134889150566,102.51250457763672,102.51250457763672,5248559,0.0,0.0
2021-05-12 00:00:00+08:00,100.8180785679895,104.63052664281496,92.34597463741964,97.00563049316406,6045694,0.0,0.0
2021-05-13 00:00:00+08:00,94.04039848454626,101.24169087812524,91.4987620336683,99.12366485595703,3790682,0.0,0.0
2021-05-14 00:00:00+08:00,101.6652946398135,103.35971676133916,93.19318403218523,96.1584243774414,3707837,0.0,0.0
2021-05-17 00:00:00+08:00,87.26270380327179,95.73481382170118,87.26270380327179,89.38072967529297,3751280,0.0,0.0
2021-05-18 00:00:00+08:00,92.76957360656945,98.27644348144531,91.49875547226127,98.27644348144531,2991527,0.0,0.0
2021-05-19 00:00:00+08:00,97.0056285402388,102.51249859638246,97.0056285402388,101.66529083251953,2701568,0.0,0.0
2021-05-20 00:00:00+08:00,99.97086548374133,103.78331335632119,98.27644348144531,98.27644348144531,1814516,0.0,0.0
2021-05-21 00:00:00+08:00,100.81807356019782,103.35970983739773,99.54726195194256,101.24168395996094,1577093,0.0,0.0
2021-05-24 00:00:00+08:00,99.97086508539347,105.05413107202652,99.12365735279363,104.20691680908203,1904434,0.0,0.0
2021-05-25 00:00:00+08:00,105.9013466930861,110.98461305836534,104.63052846917999,107.17216491699219,4298868,0.0,0.0
2021-05-26 00:00:00+08:00,109.29018923685639,111.83181911479443,107.17216325018384,108.01937103271484,3195610,0.0,0.0
2021-05-27 00:00:00+08:00,108.01937027105444,109.71379235451386,105.9013442993164,105.9013442993164,1616495,0.0,0.0
2021-05-28 00:00:00+08:00,107.59576200645513,110.13739829343893,106.74855426435701,109.2901840209961,1561939,0.0,0.0
2021-05-31 00:00:00+08:00,109.71379089355469,112.25542725007165,108.86658312827898,109.71379089355469,1992331,0.0,0.0
2021-06-01 00:00:00+08:00,110.13739702178307,116.49147460518842,110.13739702178307,113.10263061523438,3818971,0.0,0.0
2021-06-02 00:00:00+08:00,114.37345177993683,114.79704912699408,106.32494545757346,108.44297790527344,3047094,0.0,0.0
2021-06-03 00:00:00+08:00,109.29018923685639,110.98461133226343,107.59576714144934,108.01937103271484,1596289,0.0,0.0
2021-06-04 00:00:00+08:00,108.01936749752656,109.29018566007757,107.17215974272243,108.44297790527344,740557,0.0,0.0
2021-06-07 00:00:00+08:00,108.86658150400632,112.67902292121092,103.3597115208411,110.56099700927734,2024660,0.0,0.0
2021-06-08 00:00:00+08:00,110.98460907181317,112.6790246023646,108.86658312827898,109.71379089355469,1094165,0.0,0.0
2021-06-09 00:00:00+08:00,110.13740283341265,117.33868852912502,109.71379241455722,113.94984436035156,3954352,0.0,0.0
2021-06-10 00:00:00+08:00,115.22065289982935,117.7622890785728,112.67901672108589,113.52623748779297,4163486,0.0,0.0
2021-06-11 00:00:00+08:00,110.13740297534602,110.9846107534587,108.44298088877571,108.86658477783203,3582558,0.0,0.0
2021-06-15 00:00:00+08:00,109.71378662528033,113.52624101173711,109.29018275912225,113.10263061523438,1976166,0.0,0.0
2021-06-16 00:00:00+08:00,113.10262975936809,120.7275254138935,111.40821430755763,119.88031768798828,6956993,0.0,0.0
2021-06-17 00:00:00+08:00,117.76230210278538,128.35243225097656,117.76230210278538,128.35243225097656,12582398,0.0,0.0
2021-06-18 00:00:00+08:00,127.50521022702615,130.89405410853257,124.96357405072412,130.47044372558594,8377489,0.0,0.0
2021-06-21 00:00:00+08:00,127.92883388040725,129.19963903969375,119.88032719434813,120.30392456054688,6908498,0.0,0.0
2021-06-22 00:00:00+08:00,124.53997977150081,126.23439522331127,119.45670729469107,119.88031768798828,4166517,0.0,0.0
2021-06-23 00:00:00+08:00,120.30392135802151,131.74127197265625,120.30392135802151,131.74127197265625,11534707,0.0,0.0
2021-06-24 00:00:00+08:00,133.4357119270659,133.4357119270659,126.23441261311187,131.3176727294922,8092581,0.0,0.0
2021-06-25 00:00:00+08:00,133.43570282594058,139.36617038044187,131.31766377283,138.09535217285156,13201718,0.0,0.0
2021-06-28 00:00:00+08:00,138.94256698450073,141.48419022861594,136.40093067969596,137.24813842773438,5699157,0.0,0.0
2021-06-29 00:00:00+08:00,137.24815374917839,138.5189720434462,131.3176727294922,131.3176727294922,5090951,0.0,0.0
2021-06-30 00:00:00+08:00,133.4357072620236,135.13012288801497,130.04686294935038,134.70651245117188,3434043,0.0,0.0
2021-07-01 00:00:00+08:00,135.13009939873294,139.78976115126918,128.77602231474077,129.62322998046875,5741590,0.0,0.0
2021-07-02 00:00:00+08:00,129.62322713803945,136.40091443661595,129.62322713803945,135.13009643554688,4476682,0.0,0.0
2021-07-05 00:00:00+08:00,135.13012633661427,142.33141252189435,130.89407410283886,133.01210021972656,10876995,0.0,0.0
2021-07-06 00:00:00+08:00,132.58846756049303,135.5537140759424,129.62323410573234,130.04684448242188,4275631,0.0,0.0
2021-07-07 00:00:00+08:00,130.4704582806148,133.01209474045683,126.65801665154211,128.35243225097656,4829281,0.0,0.0
2021-07-08 00:00:00+08:00,129.19964537291415,133.43571066738045,127.50522970368033,133.01210021972656,5281899,0.0,0.0
2021-07-09 00:00:00+08:00,131.3176674743618,134.2829143958858,130.47045966565085,132.58848571777344,4081651,0.0,0.0
2021-07-12 00:00:00+08:00,133.85928253066123,138.51894432360734,133.01207485758607,135.5537109375,7639963,0.0,0.0
2021-07-13 00:00:00+08:00,136.8245147301889,142.33138414845308,128.77602231474077,129.62322998046875,13920049,0.0,0.0
2021-07-14 00:00:00+08:00,130.89406900439425,131.31766637485777,118.60951016852586,123.26917266845703,8838190,0.0,0.0
2021-07-15 00:00:00+08:00,124.53998240060317,127.50521603421365,122.4219565107829,126.2343978881836,3359280,0.0,0.0
2021-07-16 00:00:00+08:00,124.96357713557337,129.62323922025917,124.53997980285871,128.77603149414062,2437877,0.0,0.0
2021-07-19 00:00:00+08:00,127.9288146490128,132.58846334086078,127.50520428580468,129.62322998046875,2813712,0.0,0.0
2021-07-20 00:00:00+08:00,128.77603149414062,133.4356935788264,127.92882376802208,128.77603149414062,3532043,0.0,0.0
2021-07-21 00:00:00+08:00,132.16487219668358,141.48418307530957,130.47044372558594,130.47044372558594,11889326,0.0,0.0
2021-07-22 00:00:00+08:00,137.67176408034106,143.1786346435547,134.70651704274763,143.1786346435547,26263004,0.0,0.0
2021-07-23 00:00:00+08:00,144.0258282292627,149.95629559604973,139.78977637850343,141.48419189453125,33487730,0.0,0.0
2021-07-26 00:00:00+08:00,144.44944173952175,149.95631237377802,143.60223388671875,143.60223388671875,14820235,0.0,0.0
2021-07-27 00:00:00+08:00,146.14385243386147,148.6854887386662,133.85929437489122,137.24813842773438,12836996,0.0,0.0
2021-07-28 00:00:00+08:00,135.55373679138162,138.51897074304188,123.69277486335895,127.08161926269531,8762417,0.0,0.0
2021-07-29 00:00:00+08:00,129.62322998046875,130.89404800940483,124.53997092541266,129.62322998046875,5016188,0.0,0.0
2021-07-30 00:00:00+08:00,129.62324192403392,130.47044966782414,126.2343978881836,126.2343978881836,4397878,0.0,0.0
2021-08-02 00:00:00+08:00,130.64212169047255,133.71089232417862,128.8885423331346,130.20372009277344,3648228,4.9758,0.0
2021-08-03 00:00:00+08:00,131.5189003892528,142.91720581054688,131.0805123448819,142.91720581054688,11078047,0.0,0.0
2021-08-04 00:00:00+08:00,145.54761020330173,153.00034325444648,143.7940307265842,151.68516540527344,23811992,0.0,0.0
2021-08-05 00:00:00+08:00,152.12354906886563,154.31553010904665,146.86279727577715,152.56195068359375,14924297,0.0,0.0
2021-08-06 00:00:00+08:00,153.438741949764,153.438741949764,144.67081770027175,145.547607421875,9180685,0.0,0.0
2021-08-09 00:00:00+08:00,145.54758814368495,148.61635852119392,135.4644738889599,142.91720581054688,9415077,0.0,0.0
2021-08-10 00:00:00+08:00,139.41003853617184,142.4788225330811,136.77966963175786,138.5332489013672,4448394,0.0,0.0
2021-08-11 00:00:00+08:00,137.65646663932873,137.65646663932873,124.94296894518654,125.3813705444336,14457533,0.0,0.0
2021-08-12 00:00:00+08:00,126.25817324260551,131.5189253922734,124.94298182600586,130.6421356201172,4060435,0.0,0.0
2021-08-13 00:00:00+08:00,131.51891183351648,131.51891183351648,124.06617926342174,125.3813705444336,4092765,0.0,0.0
2021-08-16 00:00:00+08:00,124.50457310033791,127.13495578393362,119.6822228693857,124.0661849975586,4459507,0.0,0.0
2021-08-17 00:00:00+08:00,126.25815599276207,126.25815599276207,115.736639614183,116.17504119873047,4519115,0.0,0.0
2021-08-18 00:00:00+08:00,112.66787737314492,127.57335662841797,111.35268603933702,127.57335662841797,6964065,0.0,0.0
2021-08-19 00:00:00+08:00,123.6277796428796,130.20372263645976,121.43579864501953,121.43579864501953,6176024,0.0,0.0
2021-08-20 00:00:00+08:00,123.18938421095844,129.3269252324624,121.87419298728508,128.01173400878906,6022457,0.0,0.0
2021-08-23 00:00:00+08:00,130.20371769952484,138.09486521268784,129.76532962661292,137.65646362304688,7893550,0.0,0.0
2021-08-24 00:00:00+08:00,134.58769358358037,137.21806258175036,133.71089040079463,134.1492919921875,5656724,0.0,0.0
2021-08-25 00:00:00+08:00,133.71088986646538,141.60202386289933,133.71088986646538,137.65646362304688,6726642,0.0,0.0
2021-08-26 00:00:00+08:00,140.28684168770513,145.54759301326172,137.6564592665625,138.5332489013672,10054603,0.0,0.0
2021-08-27 00:00:00+08:00,139.4100467722528,144.67081192533402,138.53325708564904,140.28684997558594,7124705,0.0,0.0
2021-08-30 00:00:00+08:00,142.0404350187321,147.73958848424806,141.6020333995655,145.547607421875,14466626,0.0,0.0
2021-08-31 00:00:00+08:00,145.985989704784,146.86277931025396,140.28683699413696,142.91720581054688,8283530,0.0,0.0
2021-09-01 00:00:00+08:00,144.2324196543559,149.4931716310365,142.4788401677058,148.17799377441406,14078667,0.0,0.0
2021-09-02 00:00:00+08:00,147.73959441902792,149.93157556945405,140.72524933097208,144.232421875,12141903,0.0,0.0
2021-09-03 00:00:00+08:00,144.67081331020162,148.17798560691853,142.9172204034784,146.4243927001953,7926891,0.0,0.0
2021-09-06 00:00:00+08:00,147.73958334493256,158.6994882755432,145.98600396272667,149.9315643310547,30614409,0.0,0.0
2021-09-07 00:00:00+08:00,150.3699618774213,153.43873247183936,136.77967472348965,140.72523498535156,17059081,0.0,0.0
2021-09-08 00:00:00+08:00,140.7252380605231,147.30118098514524,136.77967771244158,140.28684997558594,15765885,0.0,0.0
2021-09-09 00:00:00+08:00,140.28686461661886,146.86280822753906,138.5332715436683,146.86280822753906,9031159,0.0,0.0
2021-09-10 00:00:00+08:00,144.23241664237375,149.05478040505227,142.04043557147077,148.6163787841797,6960024,0.0,0.0
2021-09-13 00:00:00+08:00,148.61637743583924,150.36997038668994,145.54760666776286,149.05477905273438,5364745,0.0,0.0
2021-09-14 00:00:00+08:00,153.8771375639723,160.89146857979827,152.12354467246874,153.43873596191406,36772247,0.0,0.0
2021-09-15 00:00:00+08:00,155.6307109761422,164.8370361328125,153.8771316685521,164.8370361328125,38279629,0.0,0.0
2021-09-16 00:00:00+08:00,166.15221634305644,171.41296743335872,159.1378725448347,163.96023559570312,36467133,0.0,0.0
2021-09-17 00:00:00+08:00,164.39865378033986,180.18092346191406,160.45309311831156,180.18092346191406,37511794,0.0,0.0
2021-09-22 00:00:00+08:00,173.60495480218003,183.2496812717765,172.72816517314266,179.30410766601562,40518476,0.0,0.0
2021-09-23 00:00:00+08:00,184.1265032854297,188.51046571840692,174.92017676948512,175.79696655273438,30829605,0.0,0.0
2021-09-24 00:00:00+08:00,182.37290451960425,193.3328094482422,180.6193116209845,193.3328094482422,25760880,0.0,0.0
2021-09-27 00:00:00+08:00,199.03196927813596,199.03196927813596,186.75687264990867,195.08639526367188,29941542,0.0,0.0
2021-09-28 00:00:00+08:00,191.140825764868,192.89440512200932,175.7969455645997,177.1121368408203,19602031,0.0,0.0
2021-09-29 00:00:00+08:00,177.11213991959596,179.74252251776167,171.851388239994,176.6737518310547,32270306,0.0,0.0
2021-09-30 00:00:00+08:00,177.1121457293257,178.86573869120167,172.2897819800792,175.3585662841797,17975432,0.0,0.0
2021-10-01 00:00:00+08:00,171.85140095141793,177.1121530201447,167.0290370036589,173.60498046875,17770339,0.0,0.0
2021-10-04 00:00:00+08:00,173.60497759119806,175.35857059619437,157.8227081298828,157.8227081298828,16465019,0.0,0.0
2021-10-05 00:00:00+08:00,153.43874843577842,173.60498046875,152.1235570394141,173.60498046875,21176094,0.0,0.0
2021-10-06 00:00:00+08:00,178.8657335068264,183.6880835995684,168.7826046809387,173.1665802001953,44495056,0.0,0.0
2021-10-07 00:00:00+08:00,173.16657175797167,186.31845712437152,171.8513805179859,181.49609375,28384655,0.0,0.0
2021-10-08 00:00:00+08:00,185.00328063964844,190.26404601917312,180.1809168806608,185.00328063964844,24214096,0.0,0.0
2021-10-12 00:00:00+08:00,181.93450851966608,188.94885329674017,181.49610690232524,185.44168090820312,12367202,0.0,0.0
2021-10-13 00:00:00+08:00,182.37290246036622,183.68808022356905,167.02902221679688,167.02902221679688,21978280,0.0,0.0
2021-10-14 00:00:00+08:00,167.02902161929296,171.41298352556475,160.01467716256641,170.53619384765625,27008613,0.0,0.0
2021-10-15 00:00:00+08:00,176.23534642412628,181.93449958605984,172.7281742078034,174.04336547851562,22516775,0.0,0.0
2021-10-18 00:00:00+08:00,176.23535905420877,177.1121487919432,166.5906313889395,167.90582275390625,10304150,0.0,0.0
2021-10-19 00:00:00+08:00,170.09779110549042,183.68807833015492,164.39863796234954,177.550537109375,21267022,0.0,0.0
2021-10-20 00:00:00+08:00,179.30412443728056,193.33281388097004,178.8657363401214,192.45602416992188,37201629,0.0,0.0
2021-10-21 00:00:00+08:00,189.82562824467854,195.08637965978895,185.44166647929842,188.51043701171875,19525248,0.0,0.0
2021-10-22 00:00:00+08:00,191.14082485147247,198.59355735880297,186.3184613672843,197.2783660888672,28524077,0.0,0.0
2021-10-25 00:00:00+08:00,195.5247798142747,202.97751205761634,188.51043563423033,199.03195190429688,17457143,0.0,0.0
2021-10-26 00:00:00+08:00,199.0319641024394,208.6766778035528,183.68808357861545,186.31846618652344,26216530,0.0,0.0
2021-10-27 00:00:00+08:00,189.8256378173828,194.64800140917913,188.51044651809931,189.8256378173828,14981884,0.0,0.0
2021-10-28 00:00:00+08:00,188.5104380187715,191.57920856758568,176.6737438923574,181.49609375,16781246,0.0,0.0
2021-10-29 00:00:00+08:00,184.12648974437877,185.4416810808962,177.98893467954085,178.86573791503906,10200088,0.0,0.0
2021-11-01 00:00:00+08:00,181.0577131899385,187.63365614585433,177.1121393063513,186.75686645507812,14588874,0.0,0.0
2021-11-02 00:00:00+08:00,186.7568577122582,195.96318282624804,183.68807366310907,188.51043701171875,26567107,0.0,0.0
2021-11-03 00:00:00+08:00,199.90874154762022,207.36148730769062,192.89439736757586,199.03195190429688,31890430,0.0,0.0
2021-11-04 00:00:00+08:00,202.1007410896437,206.92310484863134,184.56489253584138,185.00328063964844,23659436,0.0,0.0
2021-11-05 00:00:00+08:00,187.19524882124335,189.38722973955967,180.61930606629434,188.07205200195312,12247986,0.0,0.0
2021-11-08 00:00:00+08:00,188.07204894521803,191.14081947763836,184.56487682956816,188.51043701171875,7970334,0.0,0.0
2021-11-09 00:00:00+08:00,187.63365614585433,194.20959910177015,186.75686645507812,186.75686645507812,7143900,0.0,0.0
2021-11-10 00:00:00+08:00,189.38722845910192,205.1695098876953,188.07205073038736,205.1695098876953,21083145,0.0,0.0
2021-11-11 00:00:00+08:00,208.67668221460988,225.33575439453125,206.92310278342336,225.33575439453125,30002161,0.0,0.0
2021-11-12 00:00:00+08:00,231.91169873757252,247.69396776690212,226.6509469000393,231.47329711914062,37493608,0.0,0.0
2021-11-15 00:00:00+08:00,237.17246574909174,254.26991271972656,236.73406412759647,254.26991271972656,11665037,0.0,0.0
2021-11-16 00:00:00+08:00,260.8458382637544,264.79142555635167,229.71970371550907,234.98046875,28588737,0.0,0.0
2021-11-17 00:00:00+08:00,234.1036834716797,241.11802837633522,230.1581229107673,234.1036834716797,16662030,0.0,0.0
2021-11-18 00:00:00+08:00,234.103661702193,250.76273268079206,230.59650309272885,232.35008239746094,18589701,0.0,0.0
2021-11-19 00:00:00+08:00,240.67960437003157,243.74838842840603,231.03487764381856,232.35008239746094,11913573,0.0,0.0
2021-11-22 00:00:00+08:00,231.9116946367893,239.36444091796875,230.59651683820908,239.36444091796875,8957407,0.0,0.0
2021-11-23 00:00:00+08:00,234.54207764776325,238.4876380833617,228.84291076660156,228.84291076660156,7589447,0.0,0.0
2021-11-24 00:00:00+08:00,228.84290441970288,236.2956505062684,221.8285734490985,233.66526794433594,9413056,0.0,0.0
2021-11-25 00:00:00+08:00,233.66526510875912,238.04922698096004,226.21253262936338,227.96612548828125,6437694,0.0,0.0
2021-11-26 00:00:00+08:00,227.96614294480725,231.03490027026322,215.69103254260207,224.02056884765625,6791302,0.0,0.0
2021-11-29 00:00:00+08:00,220.95179452920138,237.61083984375,216.1294307696868,237.61083984375,12128769,0.0,0.0
2021-11-30 00:00:00+08:00,239.80280913857328,250.7627409812099,237.61082817673767,244.18679809570312,16975226,0.0,0.0
2021-12-01 00:00:00+08:00,241.99483360381376,251.20113264332858,240.2412270882295,243.7484130859375,12003491,0.0,0.0
2021-12-02 00:00:00+08:00,244.62517275783898,246.3787791547664,233.66526794433594,233.66526794433594,6387178,0.0,0.0
2021-12-03 00:00:00+08:00,236.29566649508595,246.3787958258534,233.66528375517007,243.7484130859375,7098436,0.0,0.0
2021-12-06 00:00:00+08:00,242.43320085446783,245.06358351469336,236.29565933624804,238.48764038085938,5223301,0.0,0.0
2021-12-07 00:00:00+08:00,241.9948186782285,249.8859393778127,239.80281066894534,239.8028106689453,11106336,0.0,0.0
2021-12-08 00:00:00+08:00,249.00914640591375,257.77709770294615,241.11802538208252,241.55642700195312,19504031,0.0,0.0
2021-12-09 00:00:00+08:00,244.1868100856044,246.81716574219422,237.61083984375,237.61083984375,7558127,0.0,0.0
2021-12-10 00:00:00+08:00,238.04923503861647,239.36443986486972,230.59651582368508,235.8572540283203,5376869,0.0,0.0
2021-12-13 00:00:00+08:00,232.35010304627284,233.66528088333652,214.37583923339844,214.37583923339844,11932769,0.0,0.0
2021-12-14 00:00:00+08:00,211.30706077267723,216.5678124807566,207.79988846171446,213.06065368652344,9221097,0.0,0.0
2021-12-15 00:00:00+08:00,209.99186643594064,214.37582838219382,206.9230957769093,213.49903869628906,6723612,0.0,0.0
2021-12-16 00:00:00+08:00,215.69100952148438,225.33573616285528,212.18383742614304,215.69100952148438,12089367,0.0,0.0
2021-12-17 00:00:00+08:00,214.81424085690637,222.26697383943082,212.1838581493189,214.37583923339844,7160065,0.0,0.0
2021-12-20 00:00:00+08:00,214.8142239857757,217.4446064867776,207.79987966092335,208.23828125,3457280,0.0,0.0
2021-12-21 00:00:00+08:00,210.8686726817629,214.81423308364003,209.1150797679167,213.06065368652344,2969300,0.0,0.0
2021-12-22 00:00:00+08:00,214.81423892643568,217.88300971322292,211.30706652008027,211.74546813964844,2499506,0.0,0.0
2021-12-23 00:00:00+08:00,215.69100866159593,220.07497038411302,211.30704693907884,212.6222381591797,5432436,0.0,0.0
2021-12-24 00:00:00+08:00,216.56781318362496,216.56781318362496,209.55348205566406,209.55348205566406,2970310,0.0,0.0
2021-12-27 00:00:00+08:00,210.43027736144612,215.6910292267085,207.3615065664372,214.81423950195312,3660352,0.0,0.0
2021-12-28 00:00:00+08:00,213.4990438389615,214.81423515786312,208.67668017523226,209.11508178710938,4363528,0.0,0.0
2021-12-29 00:00:00+08:00,209.1150797679167,213.06065368652344,208.67667816027276,213.06065368652344,2709651,0.0,0.0
2021-12-30 00:00:00+08:00,211.74546870694422,217.4446221929493,209.5534876366907,214.81423950195312,3100640,0.0,0.0
2022-01-03 00:00:00+08:00,213.06064545842966,215.69101445252352,211.3070526123047,211.3070526123047,3039012,0.0,0.0
2022-01-04 00:00:00+08:00,213.93744682802637,215.69102625336373,208.6766815185547,208.6766815185547,2664187,0.0,0.0
2022-01-05 00:00:00+08:00,209.11508421188006,209.55348582884062,190.70243256721542,192.0176239013672,9893964,0.0,0.0
2022-01-06 00:00:00+08:00,192.8944091796875,194.64800209044625,189.3872368748996,192.8944091796875,4988910,0.0,0.0
2022-01-07 00:00:00+08:00,193.77122783587555,193.77122783587555,177.11215468131897,183.2497100830078,10177861,0.0,0.0
2022-01-10 00:00:00+08:00,181.93450288071472,188.07205774960718,175.79694801182225,186.75686645507812,6020436,0.0,0.0
2022-01-11 00:00:00+08:00,184.12647934089725,188.51044120376685,179.74251747802768,181.05770874023438,3875548,0.0,0.0
2022-01-12 00:00:00+08:00,185.88004534943775,186.75684847251728,181.49608380095285,183.6880645751953,3042042,0.0,0.0
2022-01-13 00:00:00+08:00,185.4416810808962,185.4416810808962,175.35856552323597,178.86573791503906,4112971,0.0,0.0
2022-01-14 00:00:00+08:00,177.98893879523777,185.4416853689254,174.48176632233714,184.5648956298828,3246125,0.0,0.0
2022-01-17 00:00:00+08:00,181.05772315698218,186.7568767358544,178.86574205101059,184.5648956298828,3131960,0.0,0.0
2022-01-18 00:00:00+08:00,183.68809237411,194.20960979281185,183.68809237411,184.5648956298828,7155014,0.0,0.0
2022-01-19 00:00:00+08:00,181.49610690232524,187.63366196144756,179.74252746642165,185.44168090820312,3022847,0.0,0.0
2022-01-20 00:00:00+08:00,183.6880887205502,185.00328006132003,178.86573849336745,181.93450927734375,3446166,0.0,0.0
2022-01-21 00:00:00+08:00,178.86574558572494,182.81130624775324,177.98894231262489,180.18092346191406,2696516,0.0,0.0
2022-01-24 00:00:00+08:00,177.55054219222546,181.05771449738566,171.85138888593133,179.74252319335938,3946270,0.0,0.0
2022-01-25 00:00:00+08:00,177.55053238605956,182.81128379488229,171.85137939453125,171.85137939453125,3918991,0.0,0.0
2022-01-26 00:00:00+08:00,172.72818887368854,174.9201700054144,169.65941799261842,170.974609375,2245918,0.0,0.0
2022-02-07 00:00:00+08:00,174.48175415660913,174.92015575392801,165.71383034406557,170.53619384765625,2522743,0.0,0.0
2022-02-08 00:00:00+08:00,171.85139387715768,176.23535600675268,171.4129922575062,175.3585662841797,1888269,0.0,0.0
2022-02-09 00:00:00+08:00,177.1121338936424,189.8256313299146,176.6737458200166,188.07205200195312,6556910,0.0,0.0
2022-02-10 00:00:00+08:00,190.2640446320328,192.89441378588816,185.44168090820312,185.44168090820312,7580354,0.0,0.0
2022-02-11 00:00:00+08:00,185.0032742255865,189.8256378173828,182.372905143749,189.8256378173828,3302702,0.0,0.0
2022-02-14 00:00:00+08:00,186.75687302125644,187.1952611236931,176.67375743099439,181.93450927734375,5022250,0.0,0.0
2022-02-15 00:00:00+08:00,174.0433759711972,176.23535704895744,165.27545166015625,165.27545166015625,11305367,0.0,0.0
2022-02-16 00:00:00+08:00,168.34421349672903,170.97459605659333,166.59062061790974,167.02902221679688,4212992,0.0,0.0
2022-02-17 00:00:00+08:00,170.09779357910156,172.28977454936071,167.02902292408467,170.09779357910156,2862207,0.0,0.0
2022-02-18 00:00:00+08:00,167.90581759244748,172.28977966308594,165.27544846010227,172.28977966308594,2688434,0.0,0.0
2022-02-21 00:00:00+08:00,170.53618816314338,172.28976746050802,168.7825953490499,171.85137939453125,1628619,0.0,0.0
2022-02-22 00:00:00+08:00,171.8513843724804,171.8513843724804,165.27544154178713,167.46742248535156,2209547,0.0,0.0
2022-02-23 00:00:00+08:00,167.02903522785522,171.85139912434428,167.02903522785522,170.974609375,1209340,0.0,0.0
2022-02-24 00:00:00+08:00,169.2210097951777,170.53620112654053,159.57629589306669,162.2066650390625,3122867,0.0,0.0
2022-02-25 00:00:00+08:00,164.39864841566813,167.90582084343052,163.08345706566598,165.27545166015625,2073155,0.0,0.0
2022-03-01 00:00:00+08:00,168.3442266102368,172.28978724065124,167.46743686089255,170.974609375,1696310,0.0,0.0
2022-03-02 00:00:00+08:00,169.22099693175548,173.6049586918959,167.9058057003676,171.85137939453125,1238639,0.0,0.0
2022-03-03 00:00:00+08:00,174.48175551961984,176.23534840586478,168.7826022936002,170.09779357910156,2572248,0.0,0.0
2022-03-04 00:00:00+08:00,167.46743686089255,178.4273425195219,167.46743686089255,170.974609375,3778558,0.0,0.0
2022-03-07 00:00:00+08:00,168.34421260837857,168.78260068822303,157.38430786132812,157.38430786132812,3274414,0.0,0.0
2022-03-08 00:00:00+08:00,153.4387403963202,160.4530851315914,151.68516097086732,152.56195068359375,3030929,0.0,0.0
2022-03-09 00:00:00+08:00,156.5075003188154,159.13788279170052,154.75392101471127,158.26109313964844,1671052,0.0,0.0
2022-03-10 00:00:00+08:00,162.20666950018824,163.96026249581055,160.01468839320802,161.3298797607422,1205299,0.0,0.0
2022-03-11 00:00:00+08:00,157.38432001618148,160.01468924858048,155.19232538075352,157.8227081298828,1427567,0.0,0.0
2022-03-14 00:00:00+08:00,158.26110530683803,160.89147446521832,154.75393291226774,158.69949340820312,1281072,0.0,0.0
2022-03-15 00:00:00+08:00,160.0146891011279,160.0146891011279,148.17799377441406,148.17799377441406,2285320,0.0,0.0
2022-03-16 00:00:00+08:00,152.1235604129291,153.00035019103896,146.42440658011873,146.86280822753906,1633671,0.0,0.0
2022-03-17 00:00:00+08:00,150.36997023221065,157.8227030946625,150.36997023221065,155.63072204589844,2444949,0.0,0.0
2022-03-18 00:00:00+08:00,156.94591396928294,158.69949340820312,153.43874157471265,158.69949340820312,4135198,0.0,0.0
2022-03-21 00:00:00+08:00,159.57629016101458,160.45307984485183,155.63071630865286,156.94590759277344,1270969,0.0,0.0
2022-03-22 00:00:00+08:00,158.6994755490042,160.45306830731425,156.06910668663173,159.57627868652344,1252784,0.0,0.0
2022-03-23 00:00:00+08:00,160.45307353808215,169.6593986483329,160.45307353808215,161.7682647705078,5391013,0.0,0.0
2022-03-24 00:00:00+08:00,161.32986890407543,162.64506018310405,156.94590698513298,160.4530792236328,2293403,0.0,0.0
2022-03-25 00:00:00+08:00,163.083453499881,163.5218551125395,156.06912231445312,156.06912231445312,1820578,0.0,0.0
2022-03-28 00:00:00+08:00,154.7539228297667,154.7539228297667,149.0547697494915,154.31552124023438,2144887,0.0,0.0
2022-03-29 00:00:00+08:00,155.63072650888125,157.82270762050422,151.68516591465203,154.75393676757812,1541732,0.0,0.0
2022-03-30 00:00:00+08:00,156.06910668663173,163.08343716968676,156.06910668663173,159.57627868652344,3010723,0.0,0.0
2022-03-31 00:00:00+08:00,161.32988062314513,161.76828225357679,157.8227081298828,157.8227081298828,1005258,0.0,0.0
2022-04-01 00:00:00+08:00,157.82269107323083,161.7682647705078,155.19230860837953,161.7682647705078,1159835,0.0,0.0
2022-04-06 00:00:00+08:00,159.1378878259308,160.01467750571956,153.87713623046875,153.87713623046875,1751877,0.0,0.0
2022-04-07 00:00:00+08:00,153.87713889949234,153.87713889949234,146.4243927001953,146.4243927001953,1883217,0.0,0.0
2022-04-08 00:00:00+08:00,148.17797590110595,148.6163639615247,144.67080383411246,145.10919189453125,1447774,0.0,0.0
2022-04-11 00:00:00+08:00,145.98600675684145,145.98600675684145,135.02608809973282,135.9028778076172,3373424,0.0,0.0
2022-04-12 00:00:00+08:00,135.02609252929688,136.77968551932238,129.32693896599176,135.02609252929688,4722188,0.0,0.0
2022-04-13 00:00:00+08:00,136.34128941422853,136.77969105867197,130.20373397567374,130.6421356201172,5264724,0.0,0.0
2022-04-14 00:00:00+08:00,131.08052849816312,132.39571982680548,124.94297347007546,125.81976318359375,5660766,0.0,0.0
2022-04-15 00:00:00+08:00,124.06618375655717,126.2581647987178,121.43580109927248,125.81976318359375,4486786,0.0,0.0
2022-04-18 00:00:00+08:00,124.94296894518654,126.2581602261984,120.9974086188803,125.3813705444336,2906661,0.0,0.0
2022-04-19 00:00:00+08:00,126.25815632738257,128.45013722247148,122.31258260618519,122.75098419189453,2096392,0.0,0.0
2022-04-20 00:00:00+08:00,124.50456191790305,128.88853716905712,124.06617385449775,128.01173400878906,2079217,0.0,0.0
2022-04-21 00:00:00+08:00,128.45014818157463,129.76533953418317,125.81976547635752,128.8885498046875,1437670,0.0,0.0
2022-04-22 00:00:00+08:00,125.81976444213576,126.6965676811543,124.0661849975586,124.0661849975586,1248742,0.0,0.0
2022-04-25 00:00:00+08:00,119.24381578663218,121.87419834971496,118.36702610451437,120.12060546875,1940805,0.0,0.0
2022-04-26 00:00:00+08:00,121.43579262965555,121.87419421420302,116.17504119873047,116.17504119873047,1657918,0.0,0.0
2022-04-27 00:00:00+08:00,109.1607036302596,116.17504831213431,109.1607036302596,114.42145538330078,2604578,0.0,0.0
2022-04-28 00:00:00+08:00,114.42145404559004,116.61343504345804,112.22947980608681,114.85985565185547,1621547,0.0,0.0
2022-04-29 00:00:00+08:00,117.49023243564396,120.55900297728952,115.736639614183,116.17504119873047,1504351,0.0,0.0
2022-05-03 00:00:00+08:00,117.05183116131758,124.50456350127409,117.05183116131758,122.75098419189453,1956970,0.0,0.0
2022-05-04 00:00:00+08:00,122.75099118355433,122.75099118355433,119.68222045898438,119.68222045898438,2037794,0.0,0.0
2022-05-05 00:00:00+08:00,124.06618781466429,131.5189208984375,122.75099644300307,131.5189208984375,6637735,0.0,0.0
2022-05-06 00:00:00+08:00,127.1349630147617,132.3957286811603,124.5045801815624,130.6421356201172,8054190,0.0,0.0
2022-05-09 00:00:00+08:00,127.57335427284697,129.32693367439205,117.92862701416016,117.92862701416016,7720787,0.0,0.0
2022-05-10 00:00:00+08:00,113.9830606115389,123.18938577760387,112.66786937113977,122.75098419189453,4260476,0.0,0.0
2022-05-11 00:00:00+08:00,123.62777227436372,129.76532681259644,121.87419298728508,128.01173400878906,6324539,0.0,0.0
2022-05-12 00:00:00+08:00,126.25817066191884,128.88855344135376,123.62778788248393,124.50457763671875,4431218,0.0,0.0
2022-05-13 00:00:00+08:00,127.13495451223609,129.32693555439673,125.81976318359375,125.81976318359375,3080434,0.0,0.0
2022-05-16 00:00:00+08:00,128.8885427882221,132.39571503201063,125.3813705444336,125.3813705444336,3929095,0.0,0.0
2022-05-17 00:00:00+08:00,127.5733603001841,131.5189208984375,126.69657055798672,131.5189208984375,4124084,0.0,0.0
2022-05-18 00:00:00+08:00,134.58770986991615,137.65648083082817,129.32694420351754,130.6421356201172,9765654,0.0,0.0
2022-05-19 00:00:00+08:00,125.38137736997471,128.8885498046875,125.38137736997471,128.8885498046875,3000620,0.0,0.0
2022-05-20 00:00:00+08:00,128.8885493291143,129.76533905537482,126.25816663360278,127.13495635986328,2875341,0.0,0.0
2022-05-23 00:00:00+08:00,128.45014118897504,130.20372055250462,125.3813705444336,125.3813705444336,1863011,0.0,0.0
2022-05-24 00:00:00+08:00,127.5733487521774,127.5733487521774,120.99740600585938,120.99740600585938,2159032,0.0,0.0
2022-05-25 00:00:00+08:00,122.75098981864559,127.13495180977871,121.43579851795974,126.69656372070312,2404537,0.0,0.0
2022-05-26 00:00:00+08:00,127.13495126200102,128.01174095310398,124.06618058477595,124.9429702758789,1422516,0.0,0.0
2022-05-27 00:00:00+08:00,127.13494547393934,129.32692636026735,126.2581558227539,126.2581558227539,1724598,0.0,0.0
2022-05-30 00:00:00+08:00,128.01173913773636,131.95731296684068,127.57335105676651,130.20372009277344,2727836,0.0,0.0
2022-05-31 00:00:00+08:00,130.20372952677627,132.39572415736515,129.32693978457888,131.5189208984375,2130743,0.0,0.0
2022-06-01 00:00:00+08:00,131.0805257181943,135.90287579863693,130.64212411236792,133.2725067138672,4006888,0.0,0.0
2022-06-02 00:00:00+08:00,133.71089548876387,135.46448840433402,129.7653350830078,129.7653350830078,2188331,0.0,0.0
2022-06-06 00:00:00+08:00,130.6421287816353,130.6421287816353,127.13495635986328,127.13495635986328,959794,0.0,0.0
2022-06-07 00:00:00+08:00,125.819758052376,126.69656124686607,123.62777709960938,123.62777709960938,1242681,0.0,0.0
2022-06-08 00:00:00+08:00,124.06618124914343,124.94297094494154,121.43579864501953,121.43579864501953,1085072,0.0,0.0
2022-06-09 00:00:00+08:00,120.99741680190688,122.75099628403063,120.99741680190688,121.87420654296875,822392,0.0,0.0
2022-06-10 00:00:00+08:00,120.99741581348238,120.99741581348238,116.17505200194044,117.05184173583984,2206516,0.0,0.0
2022-06-13 00:00:00+08:00,112.66787348920984,117.92862512636069,112.66787348920984,116.61343383789062,1362907,0.0,0.0
2022-06-14 00:00:00+08:00,115.73664855957031,117.0518398981361,112.66787778073676,115.73664855957031,1397258,0.0,0.0
2022-06-15 00:00:00+08:00,115.29825759914186,117.05183699593105,113.10626983642578,113.10626983642578,1052742,0.0,0.0
2022-06-16 00:00:00+08:00,115.29826445474349,115.73665257164242,108.2839126586914,108.2839126586914,1472021,0.0,0.0
2022-06-17 00:00:00+08:00,106.53032219767769,110.47588918586098,106.09192060915161,109.16069793701172,1031526,0.0,0.0
2022-06-20 00:00:00+08:00,109.5990962642919,109.5990962642919,101.2695671919828,101.70796203613281,1944846,0.0,0.0
2022-06-21 00:00:00+08:00,103.89994208414335,107.8455091628645,103.46154724392203,106.96871948242188,1019402,0.0,0.0
2022-06-22 00:00:00+08:00,106.9687204410271,106.9687204410271,99.95437590116805,101.70796203613281,1551835,0.0,0.0
2022-06-23 00:00:00+08:00,103.46154460190034,105.21513067637022,101.26956369840413,102.58475494384766,1352804,0.0,0.0
2022-06-24 00:00:00+08:00,103.8999394309267,106.09192033442292,101.70795852743048,102.58475494384766,1057794,0.0,0.0
2022-06-27 00:00:00+08:00,104.77673852295064,107.40711432264318,104.77673852295064,106.96871948242188,1220454,0.0,0.0
2022-06-28 00:00:00+08:00,106.09192366670352,106.09192366670352,102.58475816597038,103.4615478515625,1073959,0.0,0.0
2022-06-29 00:00:00+08:00,102.14635335645681,104.33833425995304,101.70795852743048,102.58475494384766,741567,0.0,0.0
2022-06-30 00:00:00+08:00,102.14635389058392,102.58475548026718,99.07758331298828,99.07758331298828,1301279,0.0,0.0
2022-07-01 00:00:00+08:00,99.9543800102092,100.39277487238125,92.50164031982422,92.50164031982422,2014557,0.0,0.0
2022-07-04 00:00:00+08:00,92.94002532958984,94.25521653504994,90.74804449273253,92.94002532958984,1320474,0.0,0.0
2022-07-05 00:00:00+08:00,95.5704116821289,96.88560294183155,92.0632394951649,95.5704116821289,1134577,0.0,0.0
2022-07-06 00:00:00+08:00,94.2552255341989,95.57041686522872,91.18645477294922,91.18645477294922,862804,0.0,0.0
2022-07-07 00:00:00+08:00,92.50163743654855,96.88560619671583,91.18645289102666,96.44720458984375,1105278,0.0,0.0
2022-07-08 00:00:00+08:00,97.76239555827044,100.39277139865317,96.44720425889669,98.20079040527344,1256825,0.0,0.0
2022-07-11 00:00:00+08:00,98.20079262301688,98.20079262301688,96.00881158013397,97.76239776611328,718330,0.0,0.0
2022-07-12 00:00:00+08:00,96.88561110793343,96.88561110793343,92.94003699626879,93.81683349609375,994144,0.0,0.0
2022-07-13 00:00:00+08:00,96.88560842623973,98.20079300202653,96.0088119506836,96.0088119506836,797134,0.0,0.0
2022-07-14 00:00:00+08:00,95.13201971788772,98.63918525227642,94.25522326551696,98.20079040527344,658722,0.0,0.0
2022-07-15 00:00:00+08:00,98.20078689198631,100.39276780694448,97.32399722934885,99.07758331298828,746618,0.0,0.0
2022-07-18 00:00:00+08:00,99.95437270974826,102.14635361887579,99.51597787959565,100.83116912841797,871897,0.0,0.0
2022-07-19 00:00:00+08:00,99.95437402394666,101.7079601259777,99.95437402394666,100.39276885986328,461711,0.0,0.0
2022-07-20 00:00:00+08:00,103.023149772874,104.77673584734387,102.14635335645681,102.58475494384766,1158825,0.0,0.0
2022-07-21 00:00:00+08:00,104.33833692436465,107.40711432264318,103.89994208414335,106.96871948242188,1596289,0.0,0.0
2022-07-22 00:00:00+08:00,107.40712562148354,109.16071192520438,106.09193420410156,106.09193420410156,1349773,0.0,0.0
2022-07-25 00:00:00+08:00,105.65352850847941,106.09192334996663,103.89994238416581,105.21513366699219,471814,0.0,0.0
2022-07-26 00:00:00+08:00,106.09192060697825,106.09192060697825,100.83116912841797,100.83116912841797,716309,0.0,0.0
2022-07-27 00:00:00+08:00,100.39277043526073,103.4615478515625,99.51598074966861,103.4615478515625,602144,0.0,0.0
2022-07-28 00:00:00+08:00,105.21513659696087,105.21513659696087,100.39277293121701,101.26956939697266,627402,0.0,0.0
2022-07-29 00:00:00+08:00,102.58475494384766,103.8999394309267,101.70795852743048,102.58475494384766,515258,0.0,0.0
2022-08-01 00:00:00+08:00,101.70795878872319,103.0231500375455,100.39276753990087,100.83116912841797,466763,0.0,0.0
2022-08-02 00:00:00+08:00,100.83117195719204,100.83117195719204,96.44720325758217,96.88560485839844,771876,0.0,0.0
2022-08-03 00:00:00+08:00,96.88560654148021,98.63918594174945,94.69361877441406,94.69361877441406,703175,0.0,0.0
2022-08-04 00:00:00+08:00,94.69362323755358,95.57041973737854,92.94003699626879,93.81683349609375,626392,0.0,0.0
2022-08-05 00:00:00+08:00,94.69361744071125,97.32400002079736,94.69361744071125,95.13201904296875,631443,0.0,0.0
2022-08-08 00:00:00+08:00,95.13201904296875,95.57041388686153,93.37843290903291,95.13201904296875,631443,0.0,0.0
2022-08-09 00:00:00+08:00,95.13202038284618,96.4472049330481,94.25522392434675,94.69361877441406,657711,0.0,0.0
2022-08-10 00:00:00+08:00,94.25522291831527,95.57041421284433,92.94003162378621,93.37843322753906,1124474,0.0,0.0
2022-08-11 00:00:00+08:00,92.94003162378621,94.69361776370339,92.50163677839811,93.37843322753906,1554866,0.0,0.0
2022-08-12 00:00:00+08:00,93.81682841851398,98.63918525227642,93.81682841851398,98.20079040527344,2242887,0.0,0.0
2022-08-15 00:00:00+08:00,99.75483715117858,101.62816800255135,98.81816811556027,99.2864990234375,2699547,7.086064,0.0
2022-08-16 00:00:00+08:00,100.22316967043416,101.62816963651915,97.88150787353516,97.88150787353516,1864021,0.0,0.0
2022-08-17 00:00:00+08:00,98.34983496473151,103.03315837642435,98.34983496473151,102.09649658203125,2049918,0.0,0.0
2022-08-18 00:00:00+08:00,101.15983070308886,107.2481542149345,99.75483796795334,106.77982330322266,3207733,0.0,0.0
2022-08-19 00:00:00+08:00,107.71648415308061,109.58981487729741,105.3748153329121,107.2481460571289,3353218,0.0,0.0
2022-08-22 00:00:00+08:00,106.31149239151082,108.18482325822208,105.37482334822323,106.77982330322266,703175,0.0,0.0
2022-08-23 00:00:00+08:00,104.43815612792969,105.84315601032536,103.50149435290825,104.43815612792969,656701,0.0,0.0
2022-08-24 00:00:00+08:00,105.37482008227077,105.84315819933099,101.62816568483471,102.09649658203125,1209340,0.0,0.0
2022-08-25 00:00:00+08:00,103.03315517172106,107.24814755511586,102.5648242890913,105.84315490722656,1484145,0.0,0.0
2022-08-26 00:00:00+08:00,107.24814867285751,108.65314855525318,103.96982524041897,104.43815612792969,1335629,0.0,0.0
2022-08-29 00:00:00+08:00,101.15982818603516,102.09649720601658,99.75483548585858,101.15982818603516,879979,0.0,0.0
2022-08-30 00:00:00+08:00,101.15982807930203,102.56482799785992,100.69149717973731,101.62816619873047,344515,0.0,0.0
2022-08-31 00:00:00+08:00,101.15982655867008,103.50149546102121,100.69149566614529,103.03315734863281,461711,0.0,0.0
2022-09-01 00:00:00+08:00,102.0964982588508,102.56482916373916,100.2231674194336,100.2231674194336,593051,0.0,0.0
2022-09-02 00:00:00+08:00,101.15982870519674,102.09649772998524,100.22316690027199,100.69149780273438,518288,0.0,0.0
2022-09-05 00:00:00+08:00,101.15983578873448,101.15983578873448,93.66651916503906,93.66651916503906,1778145,0.0,0.0
2022-09-06 00:00:00+08:00,94.60317914602474,95.07151007192711,88.98318637560416,90.48184967041016,2397465,0.0,0.0
2022-09-07 00:00:00+08:00,89.63884783833544,92.26151392325032,88.98318312207267,90.85651397705078,1044660,0.0,0.0
2022-09-08 00:00:00+08:00,91.41851536175098,92.63618149996347,91.13751826057265,92.54251098632812,448577,0.0,0.0
2022-09-12 00:00:00+08:00,93.57284864606922,95.0715119708083,93.47918534696365,93.66651916503906,741567,0.0,0.0
2022-09-13 00:00:00+08:00,92.35517936940006,93.57284553649315,90.38818517477094,91.88684844970703,1243691,0.0,0.0
2022-09-14 00:00:00+08:00,90.01351381049817,92.72984313964844,89.07685201003574,92.72984313964844,802186,0.0,0.0
2022-09-15 00:00:00+08:00,92.72985091791195,93.38551567720614,91.04385375976562,91.04385375976562,488989,0.0,0.0
2022-09-16 00:00:00+08:00,90.85651397705078,92.07418011576613,90.76285068324061,90.85651397705078,403113,0.0,0.0
2022-09-19 00:00:00+08:00,90.85651450525124,92.35517775397354,90.20084978517673,90.38818359375,492020,0.0,0.0
2022-09-20 00:00:00+08:00,90.95018222085038,92.16784832917602,90.48184410389644,91.98051452636719,560721,0.0,0.0
2022-09-21 00:00:00+08:00,93.66651634736566,99.75483998214307,93.5728458312136,96.47650909423828,3739156,0.0,0.0
2022-09-22 00:00:00+08:00,95.53984672182992,98.81817037168192,94.60317766482649,96.94483947753906,1582145,0.0,0.0
2022-09-23 00:00:00+08:00,96.00817271702225,96.94483450612888,93.38550671176908,94.13484191894531,882000,0.0,0.0
2022-09-26 00:00:00+08:00,92.35517554690954,93.5728416636046,89.26418582897739,89.35784912109375,1055773,0.0,0.0
2022-09-27 00:00:00+08:00,89.4515152824532,89.82617565256015,86.64151557753907,88.9831771850586,988083,0.0,0.0
2022-09-28 00:00:00+08:00,89.45152317673507,89.45152317673507,83.83153049079422,83.9251937866211,1245712,0.0,0.0
2022-09-29 00:00:00+08:00,85.1428526427839,85.70485402909428,81.30252788598816,81.77085876464844,956763,0.0,0.0
2022-09-30 00:00:00+08:00,79.05453424570133,82.23919451713584,78.39886953274691,81.67720031738281,889072,0.0,0.0
2022-10-03 00:00:00+08:00,81.39619596863409,84.0188620393809,80.55319744944116,83.36319732666016,503134,0.0,0.0
2022-10-04 00:00:00+08:00,84.86185837505623,85.7048568725586,84.11252316844806,85.7048568725586,584969,0.0,0.0
2022-10-05 00:00:00+08:00,86.92252139926006,88.79585216199214,84.58085253094733,85.4238510131836,935546,0.0,0.0
2022-10-06 00:00:00+08:00,85.98585623256335,86.26685333251953,84.86186061287484,86.26685333251953,364721,0.0,0.0
2022-10-07 00:00:00+08:00,86.36052441397342,86.36052441397342,83.92519213211675,84.1125259399414,419278,0.0,0.0
2022-10-11 00:00:00+08:00,81.86453427143461,81.86453427143461,78.77353728776795,79.52286529541016,550618,0.0,0.0
2022-10-12 00:00:00+08:00,76.99387140443766,78.77353899848137,76.52554048700763,77.6495361328125,873918,0.0,0.0
2022-10-13 00:00:00+08:00,78.58620006889781,79.1482014651268,73.1535415649414,73.1535415649414,903217,0.0,0.0
2022-10-14 00:00:00+08:00,75.30787052057379,78.58620121666152,75.30787052057379,77.27487182617188,677917,0.0,0.0
2022-10-17 00:00:00+08:00,76.15087491929006,78.67987060546875,74.93320872523421,78.67987060546875,515258,0.0,0.0
2022-10-18 00:00:00+08:00,79.14820112849625,80.74052758124404,78.96086733055002,80.36585998535156,466763,0.0,0.0
2022-10-19 00:00:00+08:00,80.36586214926483,81.30253116421656,79.71019744873047,79.71019744873047,307134,0.0,0.0
2022-10-20 00:00:00+08:00,79.52286582247274,79.89753343870899,77.55587166702827,79.05453491210938,312185,0.0,0.0
2022-10-21 00:00:00+08:00,79.05453549908974,79.14820601377625,76.90020751953125,76.90020751953125,219237,0.0,0.0
2022-10-24 00:00:00+08:00,78.67987060546875,79.8975367995246,78.67987060546875,78.67987060546875,402103,0.0,0.0
2022-10-25 00:00:00+08:00,78.86719724046405,78.96086774986635,76.24453849501627,76.5255355834961,310165,0.0,0.0
2022-10-26 00:00:00+08:00,77.2748790429915,77.46221286196592,76.05721282958984,76.05721282958984,231360,0.0,0.0
2022-10-27 00:00:00+08:00,76.33820655430269,78.86720216822788,76.33820655430269,78.11787414550781,553649,0.0,0.0
2022-10-28 00:00:00+08:00,77.83686495621998,78.49253686244546,76.24453849501627,76.5255355834961,317237,0.0,0.0
2022-10-31 00:00:00+08:00,77.74320271993766,78.21153361370344,76.9002042232138,77.27487182617188,412206,0.0,0.0
2022-11-01 00:00:00+08:00,77.74320334925531,82.42652676455107,77.46220625469394,81.39619445800781,967876,0.0,0.0
2022-11-02 00:00:00+08:00,82.05186068135484,83.73785771974072,81.39619596863409,83.36319732666016,788041,0.0,0.0
2022-11-03 00:00:00+08:00,82.42652829429922,83.55053113313234,81.58352977510629,83.36319732666016,384928,0.0,0.0
2022-11-04 00:00:00+08:00,83.36319578381965,84.8618589879969,82.42652676879408,84.7681884765625,539505,0.0,0.0
2022-11-07 00:00:00+08:00,85.98585511072967,85.98585511072967,83.92519048496578,84.29985809326172,568804,0.0,0.0
2022-11-08 00:00:00+08:00,85.23652825648031,87.57819000992104,84.48719302984463,84.58085632324219,727423,0.0,0.0
2022-11-09 00:00:00+08:00,85.23652760346235,87.29718502119559,85.23652760346235,87.20352172851562,917361,0.0,0.0
2022-11-10 00:00:00+08:00,87.20352671637109,87.5781943482487,85.79852670676217,86.64152526855469,462721,0.0,0.0
2022-11-11 00:00:00+08:00,88.51484893283136,89.5451812258772,86.17318725585938,86.17318725585938,930495,0.0,0.0
2022-11-14 00:00:00+08:00,86.26684677638079,87.85918040146663,85.89218641153407,87.01618194580078,616289,0.0,0.0
2022-11-15 00:00:00+08:00,88.04652571139182,92.07418472423349,87.48452426081012,87.85919189453125,1374021,0.0,0.0
2022-11-16 00:00:00+08:00,88.42118301996646,89.82617565256015,87.95285214243523,88.9831771850586,703175,0.0,0.0
2022-11-17 00:00:00+08:00,88.60852261446972,91.3248519897461,88.23385499997701,91.3248519897461,812289,0.0,0.0
2022-11-18 00:00:00+08:00,91.60585252233284,92.07418344806096,89.26419067382812,89.26419067382812,699134,0.0,0.0
2022-11-21 00:00:00+08:00,90.10717928789718,90.10717928789718,88.14017806504653,88.23384857177734,233381,0.0,0.0
2022-11-22 00:00:00+08:00,88.04651909537475,88.4211867009425,86.92252349853516,86.92252349853516,288948,0.0,0.0
2022-11-23 00:00:00+08:00,88.23385680623282,88.42119061731412,86.07952880859375,86.07952880859375,245505,0.0,0.0
2022-11-24 00:00:00+08:00,87.39085450292478,88.7958544155981,86.54785599929353,88.14018249511719,435443,0.0,0.0
2022-11-25 00:00:00+08:00,88.5148478060763,89.35784628784977,87.57818603515625,87.57818603515625,390989,0.0,0.0
2022-11-28 00:00:00+08:00,88.5148539680304,88.5148539680304,86.73519359144596,87.29718780517578,223278,0.0,0.0
2022-11-29 00:00:00+08:00,87.10985787369731,87.10985787369731,85.70486505693286,86.45419311523438,331381,0.0,0.0
2022-11-30 00:00:00+08:00,86.73519333590446,93.47918163970496,86.73519333590446,91.13751983642578,2186310,0.0,0.0
2022-12-01 00:00:00+08:00,92.82351417169217,94.13484358763229,91.79318185349243,92.26151275634766,1412413,0.0,0.0
2022-12-02 00:00:00+08:00,92.2615175324805,96.47651031610394,91.88684990285526,95.0715103149414,1370990,0.0,0.0
2022-12-05 00:00:00+08:00,96.47650247632704,97.88150236331788,95.0715025893362,95.53984069824219,1143670,0.0,0.0
2022-12-06 00:00:00+08:00,95.07150825926075,95.07150825926075,92.26151553755881,92.35517883300781,976969,0.0,0.0
2022-12-07 00:00:00+08:00,91.79318408732225,93.57284444942644,89.17051797175444,89.91985321044922,637505,0.0,0.0
2022-12-08 00:00:00+08:00,90.38818364268093,90.57551745135561,88.70218658447266,88.70218658447266,422309,0.0,0.0
2022-12-09 00:00:00+08:00,89.45151911621534,89.45151911621534,88.04651920354202,88.14018249511719,333402,0.0,0.0
2022-12-12 00:00:00+08:00,87.57819312448083,88.8895225978645,86.82885787119642,88.04652404785156,217216,0.0,0.0
2022-12-13 00:00:00+08:00,88.42119235519846,88.8895232821746,87.10985565185547,87.10985565185547,425340,0.0,0.0
2022-12-14 00:00:00+08:00,87.29718025005548,89.35784477502892,87.20351696249458,88.9831771850586,413216,0.0,0.0
2022-12-15 00:00:00+08:00,88.23385732281722,89.07685586768663,88.04652351063912,88.51485443115234,131340,0.0,0.0
2022-12-16 00:00:00+08:00,87.20352006591128,87.20352006591128,85.2365259783603,85.7048568725586,497072,0.0,0.0
2022-12-19 00:00:00+08:00,85.70486023581466,85.70486023581466,83.17586464406396,83.64419555664062,622350,0.0,0.0
2022-12-20 00:00:00+08:00,83.36319856084317,83.83152947402532,80.0848677288403,80.27220153808594,696103,0.0,0.0
2022-12-21 00:00:00+08:00,80.2721998860161,81.48986601112021,80.17852937338913,80.45953369140625,290969,0.0,0.0
2022-12-22 00:00:00+08:00,81.95819198465152,81.95819198465152,80.45952885154279,80.55319213867188,223278,0.0,0.0
2022-12-23 00:00:00+08:00,79.89753391959465,80.74053245126808,78.86720157867556,80.27220153808594,288948,0.0,0.0
2022-12-26 00:00:00+08:00,80.55319313439263,80.55319313439263,79.24186377919602,79.61653137207031,263690,0.0,0.0
2022-12-27 00:00:00+08:00,79.80386631242135,81.48986328465945,79.80386631242135,79.89752960205078,366742,0.0,0.0
2022-12-28 00:00:00+08:00,79.89752788704045,79.89752788704045,78.39886474609375,78.39886474609375,342495,0.0,0.0
2022-12-29 00:00:00+08:00,77.55586943847285,78.77353554631928,77.46220614703714,78.49253845214844,248536,0.0,0.0
2022-12-30 00:00:00+08:00,78.77353946269669,80.17853222326646,78.77353946269669,78.86720275878906,309154,0.0,0.0
2023-01-03 00:00:00+08:00,79.80386352539062,80.64686198206921,78.86719456249037,79.80386352539062,258639,0.0,0.0
2023-01-04 00:00:00+08:00,79.80386352539062,80.55319147584756,79.71019301916895,79.80386352539062,242474,0.0,0.0
2023-01-05 00:00:00+08:00,80.08486938476562,81.67720318634653,79.71020175852729,80.08486938476562,274804,0.0,0.0
2023-01-06 00:00:00+08:00,80.24810693797178,80.24810693797178,79.11251622798711,79.39641571044922,647000,0.0,0.0
2023-01-09 00:00:00+08:00,80.34273693801924,82.80317262342837,79.96420670491082,82.70854187011719,914000,0.0,0.0
2023-01-10 00:00:00+08:00,82.70854155973689,84.6958162512688,81.85685034340503,83.37096405029297,715000,0.0,0.0
2023-01-11 00:00:00+08:00,84.31729249068424,84.50656123098584,82.89780942781123,83.84413146972656,311000,0.0,0.0
2023-01-12 00:00:00+08:00,84.50655976340984,84.60119052198513,82.14075469970703,82.14075469970703,292000,0.0,0.0
2023-01-13 00:00:00+08:00,83.08707020713894,83.74949268506408,81.4783185581066,81.66758728027344,436000,0.0,0.0
2023-01-16 00:00:00+08:00,82.4246456855115,82.51927644260586,81.66759240889273,81.95148468017578,113000,0.0,0.0
2023-01-17 00:00:00+08:00,81.95148042258819,82.23537989898593,81.85684967041016,81.85684967041016,137000,0.0,0.0
2023-01-30 00:00:00+08:00,83.27633426966293,85.07434747627613,82.61391177137247,84.22265625,673000,0.0,0.0
2023-01-31 00:00:00+08:00,84.79044841166584,87.72404512118058,84.03339515558733,87.0616226196289,1019000,0.0,0.0
2023-02-01 00:00:00+08:00,88.1025772831612,89.33279877846739,87.53478552373677,88.76500701904297,1022000,0.0,0.0
2023-02-02 00:00:00+08:00,89.42743131026481,97.4711685180664,89.42743131026481,97.4711685180664,3319000,0.0,0.0
2023-02-03 00:00:00+08:00,99.36380413216605,103.62225288068745,97.4711602439343,100.78328704833984,8465000,0.0,0.0
2023-02-06 00:00:00+08:00,100.31012965611049,101.72961262294224,97.9443247113909,99.36380767822266,1772000,0.0,0.0
2023-02-07 00:00:00+08:00,99.8369694958936,107.40754538183813,99.8369694958936,105.04174041748047,6120000,0.0,0.0
2023-02-08 00:00:00+08:00,106.46122380306846,108.35386778178967,105.04174081902755,107.88070678710938,4677000,0.0,0.0
2023-02-09 00:00:00+08:00,107.88070986451221,115.45128599535518,106.46122683997916,112.61231994628906,7694000,0.0,0.0
2023-02-10 00:00:00+08:00,114.50496112790881,116.39760511349408,107.88070717836037,110.71967315673828,6032000,0.0,0.0
2023-02-13 00:00:00+08:00,110.71967152424774,111.66599350308748,106.93438360888885,108.35386657714844,2426000,0.0,0.0
2023-02-14 00:00:00+08:00,110.24651053482789,111.66599350308748,108.35386657714844,108.35386657714844,2203000,0.0,0.0
2023-02-15 00:00:00+08:00,108.3538689970445,109.77335199700578,106.93438599708321,107.40754699707031,2256000,0.0,0.0
2023-02-16 00:00:00+08:00,108.82702839325079,114.97812130243452,108.82702839325079,114.03179931640625,5935000,0.0,0.0
2023-02-17 00:00:00+08:00,114.03180273033766,125.38766690265344,111.1928366872587,121.60237884521484,14554000,0.0,0.0
2023-02-20 00:00:00+08:00,123.49502199346368,126.8071490201083,122.07553898204456,124.91450500488281,10581000,0.0,0.0
2023-02-21 00:00:00+08:00,124.91450500488281,125.86082701249556,120.18289496681906,124.91450500488281,6259000,0.0,0.0
2023-02-22 00:00:00+08:00,122.07554258149246,125.38766970579651,118.76341545718839,123.49502563476562,5327000,0.0,0.0
2023-02-23 00:00:00+08:00,122.54869879956514,127.75346979105247,121.60237680111291,125.38766479492188,6928000,0.0,0.0
2023-02-24 00:00:00+08:00,125.38766565248947,125.8608266549517,121.60237763279167,122.0755386352539,4260000,0.0,0.0
2023-03-01 00:00:00+08:00,119.2365634601578,122.07552925682822,118.76340249404606,119.70972442626953,1892000,0.0,0.0
2023-03-02 00:00:00+08:00,120.18289019113564,121.60237314614905,117.34392428110881,117.81708526611328,2259000,0.0,0.0
2023-03-03 00:00:00+08:00,120.18289184570312,123.96817977785126,119.2365698626661,120.18289184570312,4084000,0.0,0.0
2023-03-06 00:00:00+08:00,124.4413387793621,126.80714369912184,123.02185582750626,123.96817779541016,5834000,0.0,0.0
2023-03-07 00:00:00+08:00,123.96818141863612,123.96818141863612,121.60237642973085,122.54869842529297,1677000,0.0,0.0
2023-03-08 00:00:00+08:00,122.07554258149246,124.44134767028106,120.18289851046156,123.49502563476562,1607000,0.0,0.0
2023-03-09 00:00:00+08:00,124.44133830070496,124.91449928283691,121.12921142578125,121.12921142578125,1730000,0.0,0.0
2023-03-10 00:00:00+08:00,119.23656529017858,120.18288723692602,114.97811652981505,115.9244384765625,2645000,0.0,0.0
2023-03-13 00:00:00+08:00,114.03180089810999,117.34392789515054,112.13915689980112,116.3976058959961,1937000,0.0,0.0
2023-03-14 00:00:00+08:00,114.50495910644531,115.45128108253164,111.66599317818633,114.50495910644531,1492000,0.0,0.0
2023-03-15 00:00:00+08:00,116.87076404666112,117.34392503470428,114.50495910644531,114.50495910644531,966000,0.0,0.0
2023-03-16 00:00:00+08:00,113.08547569533526,115.92444161237296,110.71967076447051,111.6659927368164,1607000,0.0,0.0
2023-03-17 00:00:00+08:00,114.03180328744358,117.34393035388385,113.5586422779521,115.45128631591797,1542000,0.0,0.0
2023-03-20 00:00:00+08:00,116.39759944993622,116.87076042330995,114.50495555644133,115.9244384765625,831000,0.0,0.0
2023-03-21 00:00:00+08:00,117.34392139668367,117.81708237005739,114.97811652981505,115.9244384765625,1085000,0.0,0.0
2023-03-22 00:00:00+08:00,117.81708729083722,123.96818020160381,117.34392629770133,123.02185821533203,5728000,0.0,0.0
2023-03-23 00:00:00+08:00,122.54869680329571,122.54869680329571,119.2365698626661,120.18289184570312,3085000,0.0,0.0
2023-03-24 00:00:00+08:00,118.76340844554285,119.23656943536574,117.34392547607422,117.34392547607422,2346000,0.0,0.0
2023-03-27 00:00:00+08:00,117.81708407592774,118.76340603637696,116.39760113525391,118.29024505615234,1011000,0.0,0.0
2023-03-28 00:00:00+08:00,118.29024577827612,119.70972872761543,114.03179693025817,114.97811889648438,1814000,0.0,0.0
2023-03-29 00:00:00+08:00,115.92444328846278,116.87076527449106,113.55863832339212,114.03179931640625,882000,0.0,0.0
2023-03-30 00:00:00+08:00,115.45128389684166,118.29024989430498,115.45128389684166,116.3976058959961,974000,0.0,0.0
2023-03-31 00:00:00+08:00,117.34392789515054,117.81708889472776,115.45128389684166,116.3976058959961,808000,0.0,0.0
2023-04-06 00:00:00+08:00,116.87076448625133,118.76340844554285,115.4512815167827,117.34392547607422,870000,0.0,0.0
2023-04-07 00:00:00+08:00,117.34392381204991,117.34392381204991,114.97811889648438,114.97811889648438,517000,0.0,0.0
2023-04-10 00:00:00+08:00,115.45128108253164,116.39760305861796,114.50495910644531,114.50495910644531,453000,0.0,0.0
2023-04-11 00:00:00+08:00,114.50495555644133,117.34392139668367,114.50495555644133,115.9244384765625,755000,0.0,0.0
2023-04-12 00:00:00+08:00,116.39759766348737,120.65604635849301,115.92443669737564,119.70972442626953,2190000,0.0,0.0
2023-04-13 00:00:00+08:00,119.23656774450232,120.65605069384164,114.97811889648438,114.97811889648438,1831000,0.0,0.0
2023-04-14 00:00:00+08:00,115.9244420705748,116.39760305861796,114.50495910644531,114.50495910644531,896000,0.0,0.0
2023-04-17 00:00:00+08:00,115.9244408627106,116.3976018458237,114.50495791337127,114.97811889648438,727000,0.0,0.0
2023-04-18 00:00:00+08:00,116.39760428147693,116.39760428147693,114.03179931640625,114.03179931640625,886000,0.0,0.0
2023-04-19 00:00:00+08:00,117.34392381204991,121.12921167695474,114.97811889648438,114.97811889648438,6016000,0.0,0.0
2023-04-20 00:00:00+08:00,114.9781246514156,115.9244466650075,108.82703156306826,109.77335357666016,2892000,0.0,0.0
2023-04-21 00:00:00+08:00,109.7733511991279,109.7733511991279,101.7296142578125,101.7296142578125,3036000,0.0,0.0
2023-04-24 00:00:00+08:00,101.72961546995928,103.62225947870272,100.31013246340171,101.25645446777344,1545000,0.0,0.0
2023-04-25 00:00:00+08:00,101.72961762807901,102.20277864030264,96.05168548139554,97.4711685180664,2940000,0.0,0.0
2023-04-26 00:00:00+08:00,97.4711685180664,98.89065155473727,96.52484649361917,97.4711685180664,905000,0.0,0.0
2023-04-27 00:00:00+08:00,97.9443230605707,99.83696698444646,96.99800109863281,96.99800109863281,1253000,0.0,0.0
2023-04-28 00:00:00+08:00,98.41749083321051,103.14910096942255,98.41749083321051,100.31013488769531,2450000,0.0,0.0
2023-05-02 00:00:00+08:00,100.78329381075773,105.51490384882146,100.78329381075773,104.09542083740234,1780000,0.0,0.0
2023-05-03 00:00:00+08:00,103.1490972474564,105.51490223019623,100.78329226471656,101.7296142578125,1322000,0.0,0.0
2023-05-04 00:00:00+08:00,101.25645326126454,102.20277525436046,99.83697027162064,101.7296142578125,821000,0.0,0.0
2023-05-05 00:00:00+08:00,101.72961305688929,103.14909602977612,101.72961305688929,102.20277404785156,555000,0.0,0.0
2023-05-08 00:00:00+08:00,104.09542048088858,104.09542048088858,101.25645446777344,101.25645446777344,452000,0.0,0.0
2023-05-09 00:00:00+08:00,101.72961792855894,102.20277894218013,99.36381286045291,100.31013488769531,576000,0.0,0.0
2023-05-10 00:00:00+08:00,99.83696510422398,102.20276996451365,99.83696510422398,100.78328704833984,431000,0.0,0.0
2023-05-11 00:00:00+08:00,102.6759328702601,102.6759328702601,96.52484011766387,96.99800109863281,1030000,0.0,0.0
2023-05-12 00:00:00+08:00,96.99800509672899,99.83697109956007,96.52484409625714,98.41748809814453,724000,0.0,0.0
2023-05-15 00:00:00+08:00,99.36381508322323,99.36381508322323,96.05168791378246,96.52484893798828,465000,0.0,0.0
2023-05-16 00:00:00+08:00,97.94432953029003,99.3638125669609,97.4711685180664,97.4711685180664,417000,0.0,0.0
2023-05-17 00:00:00+08:00,98.41748689350328,100.3101308722245,97.94432589882298,98.8906478881836,534000,0.0,0.0
2023-05-18 00:00:00+08:00,100.78329226471656,102.67593625090844,99.36380927507267,101.7296142578125,861000,0.0,0.0
2023-05-19 00:00:00+08:00,101.72961792855894,102.67593995580134,100.31013488769531,100.31013488769531,643000,0.0,0.0
2023-05-22 00:00:00+08:00,100.31013246340171,101.72961546995928,100.31013246340171,101.25645446777344,428000,0.0,0.0
2023-05-23 00:00:00+08:00,101.25645088160643,103.62225580874676,100.78328989617836,102.67593383789062,807000,0.0,0.0
2023-05-24 00:00:00+08:00,102.20277285246256,103.14909482331869,101.25645088160643,102.67593383789062,367000,0.0,0.0
2023-05-25 00:00:00+08:00,103.62225702073839,105.5149009845875,101.72961305688929,102.20277404785156,994000,0.0,0.0
2023-05-26 00:00:00+08:00,103.62225288068745,103.62225288068745,100.31012607628192,100.78328704833984,753000,0.0,0.0
2023-05-29 00:00:00+08:00,101.72961463755611,105.51490262406983,101.72961463755611,104.5685806274414,1340000,0.0,0.0
2023-05-30 00:00:00+08:00,105.51490384882146,105.98806485262784,102.67593782598321,104.09542083740234,989000,0.0,0.0
2023-05-31 00:00:00+08:00,104.56857823256419,105.9880611949972,103.62225625760887,105.51490020751953,844000,0.0,0.0
2023-06-01 00:00:00+08:00,105.51490262406983,105.51490262406983,104.09541962912719,104.5685806274414,450000,0.0,0.0
2023-06-02 00:00:00+08:00,105.51490633203349,105.98806734697534,103.14910125732422,103.14910125732422,595000,0.0,0.0
2023-06-05 00:00:00+08:00,104.09542356218611,105.98806762695312,103.1491015298026,105.98806762695312,513000,0.0,0.0
2023-06-06 00:00:00+08:00,105.98805829052512,105.98805829052512,103.14909244345748,103.62225341796875,575000,0.0,0.0
2023-06-07 00:00:00+08:00,105.04174041748047,105.514901410352,104.0954184317374,105.04174041748047,387000,0.0,0.0
2023-06-08 00:00:00+08:00,105.04174531709162,106.93438937685904,103.14910125732422,103.14910125732422,820000,0.0,0.0
2023-06-09 00:00:00+08:00,103.62225983359596,104.56858184120871,103.1490988297896,104.09542083740234,503000,0.0,0.0
2023-06-12 00:00:00+08:00,105.04174199713484,111.19283499696706,105.04174199713484,107.40754699707031,2057000,0.0,0.0
2023-06-13 00:00:00+08:00,110.71967076447051,112.6123147091623,108.82702681977871,111.6659927368164,2807000,0.0,0.0
2023-06-14 00:00:00+08:00,111.19283007336901,111.66599105240462,108.82702517819095,109.30018615722656,1417000,0.0,0.0
2023-06-15 00:00:00+08:00,109.30019256986421,112.13915861063991,108.82703156306826,109.77335357666016,1052000,0.0,0.0
2023-06-16 00:00:00+08:00,109.77335076583059,110.7196727551912,106.93438479774876,107.88070678710938,1095000,0.0,0.0
2023-06-19 00:00:00+08:00,107.40754459830872,109.30018855598816,106.46122261946898,108.35386657714844,540000,0.0,0.0
2023-06-20 00:00:00+08:00,107.88070439877718,109.30018735139267,106.93438243036685,108.8270263671875,592000,0.0,0.0
2023-06-21 00:00:00+08:00,109.30019099701869,109.30019099701869,105.98806399710902,107.40754699707031,823000,0.0,0.0
2023-06-26 00:00:00+08:00,105.98806762695312,106.93438965933665,105.51490661076137,105.98806762695312,462000,0.0,0.0
2023-06-27 00:00:00+08:00,105.51489975045902,105.9880607358871,101.25645088160643,102.67593383789062,949000,0.0,0.0
2023-06-28 00:00:00+08:00,103.62225702073839,104.56857900266294,101.72961305688929,102.20277404785156,421000,0.0,0.0
2023-06-29 00:00:00+08:00,103.14909244345748,105.04173634150257,103.14909244345748,103.62225341796875,326000,0.0,0.0
2023-06-30 00:00:00+08:00,104.09541490342882,107.40754174126519,103.62225392659505,106.46121978759766,445000,0.0,0.0
2023-07-03 00:00:00+08:00,107.8807079970574,107.8807079970574,106.46122499709612,107.40754699707031,432000,0.0,0.0
2023-07-04 00:00:00+08:00,108.3538689970445,108.3538689970445,105.98806399710902,107.40754699707031,533000,0.0,0.0
2023-07-05 00:00:00+08:00,107.40754459830872,109.77334954540802,107.40754459830872,108.35386657714844,925000,0.0,0.0
2023-07-06 00:00:00+08:00,107.88070921771295,109.30019223373549,106.46122620169041,106.93438720703125,566000,0.0,0.0
2023-07-07 00:00:00+08:00,106.93438965933665,106.93438965933665,104.09542356218611,105.98806762695312,504000,0.0,0.0
2023-07-10 00:00:00+08:00,105.9880631927751,110.71967315673828,105.51490219637878,110.71967315673828,1514000,0.0,0.0
2023-07-11 00:00:00+08:00,110.2465145834561,110.71967559025205,109.30019256986421,109.77335357666016,1124000,0.0,0.0
2023-07-12 00:00:00+08:00,109.77334713626217,112.61231301047586,108.35386419915534,109.30018615722656,1341000,0.0,0.0
2023-07-13 00:00:00+08:00,110.7196727551912,110.7196727551912,107.88070678710938,107.88070678710938,731000,0.0,0.0
2023-07-14 00:00:00+08:00,109.30018855598816,109.77334954540802,107.88070558772857,108.35386657714844,640000,0.0,0.0
2023-07-17 00:00:00+08:00,108.82702283081579,111.19282767496397,107.88070089315653,110.24650573730469,826000,0.0,0.0
2023-07-18 00:00:00+08:00,110.2465076022678,111.19282955593532,105.51489783393012,106.46121978759766,1357000,0.0,0.0
2023-07-19 00:00:00+08:00,107.40754699707031,109.77335199700578,106.93438599708321,107.40754699707031,850000,0.0,0.0
2023-07-20 00:00:00+08:00,108.82702565897365,112.61231350798144,108.35386467784768,112.13915252685547,2124000,0.0,0.0
2023-07-21 00:00:00+08:00,110.24650573730469,113.55863251911214,109.30018379964542,110.24650573730469,1781000,0.0,0.0
2023-07-24 00:00:00+08:00,111.1928337498715,111.1928337498715,106.93438479774876,107.88070678710938,1352000,0.0,0.0
2023-07-25 00:00:00+08:00,108.14354665655839,112.52774449398643,108.14354665655839,111.06634521484375,1198000,3.26978,0.0
2023-07-26 00:00:00+08:00,112.04060730504376,114.47627268124036,110.5792080793258,113.50200653076172,1421000,0.0,0.0
2023-07-27 00:00:00+08:00,114.47627607981363,117.88620770772297,112.52774372100829,116.91194152832031,2592000,0.0,0.0
2023-07-28 00:00:00+08:00,116.91193776150628,117.39907083551255,113.50200624346235,116.4248046875,1628000,0.0,0.0
2023-07-31 00:00:00+08:00,119.83474006652831,121.78327242533365,114.96340916951497,116.91194152832031,2756000,0.0,0.0
2023-08-01 00:00:00+08:00,117.8862075805664,120.80900611562177,116.91194140221462,117.8862075805664,1433000,0.0,0.0
2023-08-02 00:00:00+08:00,117.39907514637913,118.86047442206021,113.01487731933594,113.01487731933594,1450000,0.0,0.0
2023-08-04 00:00:00+08:00,113.01487718891893,114.96340955424513,110.5792117322612,113.98914337158203,650000,0.0,0.0
2023-08-07 00:00:00+08:00,113.98913960600105,113.98913960600105,111.06634115456512,113.50200653076172,836000,0.0,0.0
2023-08-08 00:00:00+08:00,114.96340942382812,116.42480869616493,113.50201015149133,114.96340942382812,1233000,0.0,0.0
2023-08-09 00:00:00+08:00,115.93767211114475,117.3990713394365,111.55347442626953,111.55347442626953,1242000,0.0,0.0
2023-08-10 00:00:00+08:00,111.5534749488308,111.5534749488308,105.70787800828072,106.68214416503906,1316000,0.0,0.0
2023-08-11 00:00:00+08:00,107.16928128842954,108.14354748196072,104.7336158046016,105.22074890136719,637000,0.0,0.0
2023-08-14 00:00:00+08:00,104.73361250283061,104.73361250283061,99.37514860733695,100.8365478515625,1273000,0.0,0.0
2023-08-15 00:00:00+08:00,101.81081764584496,103.2722169421968,100.83655144827706,102.2979507446289,698000,0.0,0.0
2023-08-16 00:00:00+08:00,99.86228584062935,100.83655204395257,97.91375343398293,98.40088653564453,1680000,0.0,0.0
2023-08-17 00:00:00+08:00,97.91374925677286,101.8108139038086,97.03690822457763,101.8108139038086,1417000,0.0,0.0
2023-08-18 00:00:00+08:00,100.83654796321217,101.32368104516006,98.88801563542063,99.8622817993164,778000,0.0,0.0
2023-08-21 00:00:00+08:00,99.86228553994188,101.3236848405264,99.86228553994188,100.34941864013672,360000,0.0,0.0
2023-08-22 00:00:00+08:00,101.3236848405264,101.3236848405264,99.37515243974704,100.34941864013672,392000,0.0,0.0
2023-08-23 00:00:00+08:00,100.34941466117019,102.29794698468805,100.34941466117019,101.8108139038086,371000,0.0,0.0
2023-08-24 00:00:00+08:00,102.78508399083064,104.24648328927847,101.32368469238281,101.32368469238281,571000,0.0,0.0
2023-08-25 00:00:00+08:00,101.32368469238281,101.81081779186542,100.3494184934176,101.32368469238281,279000,0.0,0.0
2023-08-28 00:00:00+08:00,100.83654796321217,101.32368104516006,99.37514871736852,99.8622817993164,346000,0.0,0.0
2023-08-29 00:00:00+08:00,100.83655130638267,103.272216796875,100.3494182082842,103.272216796875,387000,0.0,0.0
2023-08-30 00:00:00+08:00,103.7593497516953,106.1950152388243,103.7593497516953,104.2464828491211,914000,0.0,0.0
2023-08-31 00:00:00+08:00,104.7336156652608,106.19501495361328,104.24648256914331,106.19501495361328,885000,0.0,0.0
2023-09-01 00:00:00+08:00,106.19501088232204,108.63067626953125,105.22074472743834,108.63067626953125,1361000,0.0,0.0
2023-09-04 00:00:00+08:00,108.63067974960595,111.06634521484375,107.16928047046326,111.06634521484375,994000,0.0,0.0
2023-09-05 00:00:00+08:00,110.57920798443733,114.47627258300781,110.57920798443733,114.47627258300781,1562000,0.0,0.0
2023-09-06 00:00:00+08:00,114.47627258300781,116.42480488229306,113.5020064333652,114.47627258300781,1526000,0.0,0.0
2023-09-07 00:00:00+08:00,114.4762763330492,115.45054251460706,113.98914324227026,114.96340942382812,863000,0.0,0.0
2023-09-08 00:00:00+08:00,115.93767161349372,117.39907083551255,114.4762723914749,116.4248046875,1119000,0.0,0.0
2023-09-11 00:00:00+08:00,116.91193776150628,118.3733369835251,115.45053853948744,116.4248046875,1300000,0.0,0.0
2023-09-12 00:00:00+08:00,112.52774463079673,112.52774463079673,107.6564136943986,110.09207916259766,2442000,0.0,0.0
2023-09-13 00:00:00+08:00,110.09207500408648,113.98913960600105,109.60494192884715,113.50200653076172,1093000,0.0,0.0
2023-09-14 00:00:00+08:00,114.4762724864332,115.93767170966426,113.98913941202284,115.4505386352539,870000,0.0,0.0
2023-09-15 00:00:00+08:00,115.93767180747174,115.93767180747174,114.47627258300781,114.47627258300781,584000,0.0,0.0
2023-09-18 00:00:00+08:00,113.98913960600105,115.450538831719,113.0148734555224,113.50200653076172,659000,0.0,0.0
2023-09-19 00:00:00+08:00,113.50201054448668,113.98914363695228,110.57921198969302,112.04061126708984,760000,0.0,0.0
2023-09-20 00:00:00+08:00,111.55347452709853,112.52774068017362,110.09207529748589,110.57920837402344,364000,0.0,0.0
2023-09-21 00:00:00+08:00,110.5792084757487,111.55347462972006,109.11780924479167,109.60494232177734,548000,0.0,0.0
2023-09-22 00:00:00+08:00,109.11781311035156,110.57921239307949,108.14354692186627,109.11781311035156,480000,0.0,0.0
2023-09-25 00:00:00+08:00,109.11781297531803,110.57921225623747,109.11781297531803,110.09207916259766,390000,0.0,0.0
2023-09-26 00:00:00+08:00,109.60494692080489,109.60494692080489,104.2464828491211,104.2464828491211,1154000,0.0,0.0
2023-09-27 00:00:00+08:00,103.75934600830078,104.24647908815196,102.29794676874725,103.75934600830078,495000,0.0,0.0
2023-09-28 00:00:00+08:00,103.75934590184411,105.70787821924964,103.75934590184411,104.73361206054688,291000,0.0,0.0
2023-10-02 00:00:00+08:00,105.70788185749579,106.19501495361328,104.7336156652608,106.19501495361328,329000,0.0,0.0
2023-10-03 00:00:00+08:00,106.19501495361328,107.16928114584826,105.70788185749579,106.19501495361328,354000,0.0,0.0
2023-10-04 00:00:00+08:00,105.22074890136719,105.70788199813278,103.75934961107043,105.22074890136719,493000,0.0,0.0
2023-10-05 00:00:00+08:00,105.70787800828072,107.16927724341824,105.22074492990154,106.68214416503906,460000,0.0,0.0
2023-10-06 00:00:00+08:00,106.68214427051457,106.68214427051457,105.70787811279297,105.70787811279297,204000,0.0,0.0
2023-10-11 00:00:00+08:00,106.68214848356428,106.68214848356428,102.78508369877653,103.272216796875,491000,0.0,0.0
2023-10-12 00:00:00+08:00,104.73361185152237,107.65641032179741,104.73361185152237,106.68214416503906,638000,0.0,0.0
2023-10-13 00:00:00+08:00,106.68214385986329,110.09207539876303,106.1950107828776,109.60494232177734,653000,0.0,0.0
2023-10-16 00:00:00+08:00,109.60494232177734,110.5792084757487,109.11780924479167,109.60494232177734,463000,0.0,0.0
2023-10-17 00:00:00+08:00,110.09207916259766,113.01487772443654,110.09207916259766,110.09207916259766,934000,0.0,0.0
2023-10-18 00:00:00+08:00,110.09207902874863,113.014877587034,110.09207902874863,111.06634521484375,893000,0.0,0.0
2023-10-19 00:00:00+08:00,110.5792084757487,112.04060770670573,108.14354309082032,109.60494232177734,586000,0.0,0.0
2023-10-20 00:00:00+08:00,109.1178093469731,109.60494242441494,107.16927703720572,108.63067626953125,457000,0.0,0.0
2023-10-23 00:00:00+08:00,108.14354309082032,112.04060770670573,108.14354309082032,109.60494232177734,390000,0.0,0.0
2023-10-24 00:00:00+08:00,109.60494222094835,111.06634145056098,109.11780914441078,110.57920837402344,388000,0.0,0.0
2023-10-25 00:00:00+08:00,111.06634495176118,113.98914350312332,111.06634495176118,113.01487731933594,789000,0.0,0.0
2023-10-26 00:00:00+08:00,112.04061140093887,113.50201068008155,110.57921212179619,111.06634521484375,521000,0.0,0.0
2023-10-27 00:00:00+08:00,112.04061140093887,113.014877587034,111.06634521484375,111.06634521484375,335000,0.0,0.0
2023-10-30 00:00:00+08:00,112.52774435955546,114.9634098218835,112.04061126708984,112.04061126708984,825000,0.0,0.0
2023-10-31 00:00:00+08:00,113.01487386067708,113.98914001464844,109.11780924479167,109.60494232177734,580000,0.0,0.0
2023-11-01 00:00:00+08:00,111.06634508215863,114.47627672941789,110.57921198969302,112.04061126708984,1104000,0.0,0.0
2023-11-02 00:00:00+08:00,115.93767573690822,115.93767573690822,113.98914337158203,113.98914337158203,1036000,0.0,0.0
2023-11-03 00:00:00+08:00,114.47627268124036,115.450538831719,112.52774038028308,113.50200653076172,502000,0.0,0.0
2023-11-06 00:00:00+08:00,114.96340527946566,119.34760293842834,113.98913913302952,118.37333679199219,2488000,0.0,0.0
2023-11-07 00:00:00+08:00,118.86046986521026,118.86046986521026,116.42480449911989,118.37333679199219,1001000,0.0,0.0
2023-11-08 00:00:00+08:00,117.39907474678104,119.34760710772346,115.93767547607422,115.93767547607422,1038000,0.0,0.0
2023-11-09 00:00:00+08:00,115.93767190695833,115.93767190695833,113.0148734555224,113.50200653076172,857000,0.0,0.0
2023-11-10 00:00:00+08:00,112.52774435955546,113.50201054448668,112.04061126708984,112.04061126708984,511000,0.0,0.0
2023-11-13 00:00:00+08:00,113.50200673065852,113.50200673065852,111.55347442626953,111.55347442626953,377000,0.0,0.0
2023-11-14 00:00:00+08:00,112.52774435955546,113.01487745202107,111.55347817462425,112.04061126708984,306000,0.0,0.0
2023-11-15 00:00:00+08:00,113.50200653076172,115.93767190695833,113.0148734555224,113.50200653076172,755000,0.0,0.0
2023-11-16 00:00:00+08:00,113.50200673065852,113.50200673065852,111.55347442626953,111.55347442626953,621000,0.0,0.0
2023-11-17 00:00:00+08:00,112.52774028372258,114.96340565782913,112.52774028372258,114.47627258300781,786000,0.0,0.0
2023-11-20 00:00:00+08:00,115.4505422592163,117.39907461802164,115.4505422592163,116.91194152832031,1258000,0.0,0.0
2023-11-21 00:00:00+08:00,116.91193785848496,117.88620400730568,114.96340556084355,115.4505386352539,907000,0.0,0.0
2023-11-22 00:00:00+08:00,115.45054110013521,126.65460205078125,114.96340801532452,126.65460205078125,7941000,0.0,0.0
2023-11-23 00:00:00+08:00,128.11599776678875,130.06453005221522,121.2961347677962,123.24466705322266,10075000,0.0,0.0
2023-11-24 00:00:00+08:00,123.24466696346506,125.19319924747242,122.2704008214614,124.21893310546875,2170000,0.0,0.0
2023-11-27 00:00:00+08:00,124.21893357257453,124.70606664540816,118.37333669857102,119.34760284423828,2320000,0.0,0.0
2023-11-28 00:00:00+08:00,119.34760623508029,123.24467092847067,119.34760623508029,122.75753784179688,1118000,0.0,0.0
2023-11-29 00:00:00+08:00,122.75754128541463,125.19320678710938,122.2704081850757,125.19320678710938,1843000,0.0,0.0
2023-11-30 00:00:00+08:00,125.19320303201675,126.16746920347214,122.2704045176506,124.70606994628906,1489000,0.0,0.0
2023-12-01 00:00:00+08:00,124.70606617647059,126.65459846047794,123.73180003446691,124.21893310546875,1089000,0.0,0.0
2023-12-04 00:00:00+08:00,125.68033623883105,126.65460241122508,123.73180389404297,123.73180389404297,1134000,0.0,0.0
2023-12-05 00:00:00+08:00,123.73180426320722,123.73180426320722,119.83473956200385,120.80900573730469,1340000,0.0,0.0
2023-12-06 00:00:00+08:00,121.29613494873047,122.27040109289698,120.80900187664722,121.29613494873047,517000,0.0,0.0
2023-12-07 00:00:00+08:00,121.29613513557278,121.29613513557278,119.34760284423828,119.34760284423828,734000,0.0,0.0
2023-12-08 00:00:00+08:00,120.80900561523438,122.7575379638672,120.32187252807617,121.78327178955078,723000,0.0,0.0
2023-12-11 00:00:00+08:00,122.27040500025595,122.75753808790637,120.32187264965427,120.80900573730469,299000,0.0,0.0
2023-12-12 00:00:00+08:00,122.270404876709,124.7060703125,121.78327178955078,121.78327178955078,1499000,0.0,0.0
2023-12-13 00:00:00+08:00,122.75753784179688,124.21893710181827,122.27040475512308,122.75753784179688,890000,0.0,0.0
2023-12-14 00:00:00+08:00,124.21893710181827,125.19320327516586,122.27040475512308,122.75753784179688,1029000,0.0,0.0
2023-12-15 00:00:00+08:00,124.21893328784472,124.70606635956176,122.27040100097656,122.27040100097656,729000,0.0,0.0
2023-12-18 00:00:00+08:00,122.27040128124003,122.75753435407366,118.37333669857102,119.34760284423828,1013000,0.0,0.0
2023-12-19 00:00:00+08:00,116.91193766613719,118.3733368869639,115.45053844531047,117.3990707397461,898000,0.0,0.0
2023-12-20 00:00:00+08:00,118.3733368869639,118.86046996057281,116.91193766613719,117.3990707397461,341000,0.0,0.0
2023-12-21 00:00:00+08:00,116.91193776150628,117.88620390951883,115.93767161349372,116.4248046875,546000,0.0,0.0
2023-12-22 00:00:00+08:00,117.39907461802164,118.86047388712565,116.91194152832031,116.91194152832031,420000,0.0,0.0
2023-12-25 00:00:00+08:00,117.39907474678104,117.88620783701664,115.93767547607422,115.93767547607422,298000,0.0,0.0
2023-12-26 00:00:00+08:00,116.42480843861897,117.88620770772297,116.42480843861897,116.91194152832031,337000,0.0,0.0
2023-12-27 00:00:00+08:00,117.3990743668353,118.8604736328125,117.3990743668353,118.8604736328125,409000,0.0,0.0
2023-12-28 00:00:00+08:00,119.34760293842834,119.34760293842834,117.39907064555604,118.37333679199219,303000,0.0,0.0
2023-12-29 00:00:00+08:00,118.3733406697423,118.8604737589182,116.91194140221462,117.8862075805664,334000,0.0,0.0
2024-01-02 00:00:00+08:00,117.88620783701664,118.37334092725224,115.93767547607422,115.93767547607422,303000,0.0,0.0
2024-01-03 00:00:00+08:00,115.45054264557668,115.93767573690822,113.01487718891893,113.98914337158203,689000,0.0,0.0
2024-01-04 00:00:00+08:00,113.98914350312332,115.45054277880438,112.04061113554856,113.01487731933594,583000,0.0,0.0
2024-01-05 00:00:00+08:00,113.50201041122962,113.98914350312332,113.01487731933594,113.01487731933594,203000,0.0,0.0
2024-01-08 00:00:00+08:00,113.50201041122962,114.476276595017,113.01487731933594,113.01487731933594,214000,0.0,0.0
2024-01-09 00:00:00+08:00,114.476276595017,114.476276595017,112.04061113554856,113.01487731933594,403000,0.0,0.0
2024-01-10 00:00:00+08:00,113.50201041122962,113.98914350312332,113.01487731933594,113.01487731933594,191000,0.0,0.0
2024-01-11 00:00:00+08:00,113.98913970550933,113.98913970550933,112.04060740285105,112.52774047851562,472000,0.0,0.0
2024-01-12 00:00:00+08:00,113.01487745202107,113.01487745202107,112.04061126708984,112.04061126708984,277000,0.0,0.0
2024-01-15 00:00:00+08:00,113.01487718891893,114.47627646291357,112.52774409758739,113.98914337158203,255827,0.0,0.0
2024-01-16 00:00:00+08:00,113.98914350312332,113.98914350312332,112.04061113554856,113.01487731933594,249000,0.0,0.0
2024-01-17 00:00:00+08:00,113.01487396650785,113.5020070439497,108.63067626953125,108.63067626953125,860000,0.0,0.0
2024-01-18 00:00:00+08:00,109.11780945100396,110.0920756068165,106.19501098356636,107.65641021728516,684000,0.0,0.0
2024-01-19 00:00:00+08:00,109.6049462045942,110.09207929883684,108.14354692186627,109.11781311035156,280000,0.0,0.0
2024-01-22 00:00:00+08:00,109.60494232177734,111.06634155273437,109.11780924479167,109.60494232177734,290000,0.0,0.0
2024-01-23 00:00:00+08:00,110.09207916259766,111.06634534987728,109.11781297531803,110.09207916259766,377000,0.0,0.0
2024-01-24 00:00:00+08:00,110.57921225623747,111.06634534987728,110.09207916259766,110.09207916259766,217000,0.0,0.0
2024-01-25 00:00:00+08:00,111.55347473418232,111.55347473418232,108.63067626953125,108.63067626953125,339000,0.0,0.0
2024-01-26 00:00:00+08:00,108.6306801529618,109.60494634267447,108.14354705810547,108.14354705810547,202000,0.0,0.0
2024-01-29 00:00:00+08:00,108.14354309082032,109.60494232177734,108.14354309082032,109.60494232177734,177000,0.0,0.0
2024-01-30 00:00:00+08:00,109.60494252891023,109.60494252891023,107.16927713937889,107.65641021728516,431000,0.0,0.0
2024-01-31 00:00:00+08:00,107.65641396324914,108.6306801529618,107.65641396324914,108.14354705810547,260000,0.0,0.0
2024-02-01 00:00:00+08:00,108.6306763730977,109.11780945100396,107.65641021728516,107.65641021728516,216000,0.0,0.0
2024-02-02 00:00:00+08:00,108.14354705810547,108.6306801529618,107.1692808683928,108.14354705810547,250000,0.0,0.0
2024-02-05 00:00:00+08:00,108.63068043420074,108.63068043420074,105.70788185749579,106.19501495361328,529000,0.0,0.0
2024-02-15 00:00:00+08:00,106.19501098356636,107.65641021728516,105.22074482775382,107.65641021728516,412000,0.0,0.0
2024-02-16 00:00:00+08:00,108.63067961983059,112.52774435955546,108.63067961983059,112.04061126708984,765000,0.0,0.0
2024-02-19 00:00:00+08:00,111.55347804365486,113.50201041122962,111.06634495176118,113.01487731933594,503000,0.0,0.0
2024-02-20 00:00:00+08:00,112.52774435955546,113.98914363695228,111.06634508215863,112.04061126708984,413000,0.0,0.0
2024-02-21 00:00:00+08:00,112.04060750236678,112.04060750236678,110.57920827407504,111.55347442626953,310000,0.0,0.0
2024-02-22 00:00:00+08:00,112.04060760363608,112.04060760363608,110.09207529748589,110.57920837402344,306000,0.0,0.0
2024-02-23 00:00:00+08:00,111.55347817462425,113.50201054448668,111.06634508215863,112.04061126708984,630000,0.0,0.0
2024-02-26 00:00:00+08:00,113.5020064333652,116.42480488229306,113.01487335854388,114.47627258300781,1349000,0.0,0.0
2024-02-27 00:00:00+08:00,115.45053893250305,116.42480508383218,111.06634125152192,112.52774047851562,991000,0.0,0.0
2024-02-29 00:00:00+08:00,113.0148734555224,113.98913960600105,112.04060730504376,113.50200653076172,339000,0.0,0.0
2024-03-01 00:00:00+08:00,113.98914363695228,114.9634098218835,112.04061126708984,112.04061126708984,503000,0.0,0.0
2024-03-04 00:00:00+08:00,113.0148735541802,113.98913970550933,112.04060740285105,112.52774047851562,410000,0.0,0.0
2024-03-05 00:00:00+08:00,112.52774057846403,113.50200673065852,111.0663413501723,111.55347442626953,533000,0.0,0.0
2024-03-06 00:00:00+08:00,111.55347830789131,112.04061140093887,110.57921212179619,111.06634521484375,331000,0.0,0.0
2024-03-07 00:00:00+08:00,111.55347473418232,112.52774088906601,108.63067626953125,108.63067626953125,641000,0.0,0.0
2024-03-08 00:00:00+08:00,108.63068029230291,110.09207957874645,106.19501481489702,107.16928100585938,723000,0.0,0.0
2024-03-11 00:00:00+08:00,107.1692808683928,109.11781324781813,107.1692808683928,108.14354705810547,227000,0.0,0.0
2024-03-12 00:00:00+08:00,108.14354719682174,109.1178133877841,107.16928100585938,107.16928100585938,490000,0.0,0.0
2024-03-13 00:00:00+08:00,107.6564108743622,107.6564108743622,101.32368082292912,101.8108139038086,1524000,0.0,0.0
2024-03-14 00:00:00+08:00,100.83655174033156,102.29795104091608,99.37515243974704,100.34941864013672,601000,0.0,0.0
2024-03-15 00:00:00+08:00,99.86228539393498,101.81081779186542,99.86228539393498,101.32368469238281,258000,0.0,0.0
2024-03-18 00:00:00+08:00,101.32368469238281,101.32368469238281,101.32368469238281,101.32368469238281,0,0.0,0.0
2024-03-19 00:00:00+08:00,101.81081779186542,102.78508399083064,101.32368469238281,101.32368469238281,396000,0.0,0.0
2024-03-20 00:00:00+08:00,101.32368093297102,101.81081401437952,100.34941477015398,100.8365478515625,304000,0.0,0.0
2024-03-21 00:00:00+08:00,101.81081779186542,102.29795089134804,101.32368469238281,101.32368469238281,197000,0.0,0.0
2024-03-22 00:00:00+08:00,101.323684547061,102.2979507446289,100.83655144827706,102.2979507446289,387000,0.0,0.0
2024-03-25 00:00:00+08:00,102.2979507446289,102.2979507446289,102.2979507446289,102.2979507446289,0,0.0,0.0
2024-03-26 00:00:00+08:00,105.7078825877263,105.7078825877263,100.83655159290021,101.32368469238281,569000,0.0,0.0
2024-03-27 00:00:00+08:00,101.32368082292912,102.29794698468805,100.34941466117019,101.8108139038086,213000,0.0,0.0
2024-03-28 00:00:00+08:00,102.29794709578803,102.78508017719655,100.8365478515625,100.8365478515625,209000,0.0,0.0
2024-03-29 00:00:00+08:00,101.81081779186542,101.81081779186542,100.83655159290021,101.32368469238281,126000,0.0,0.0
2024-04-01 00:00:00+08:00,101.323684547061,103.75935004098075,101.323684547061,102.2979507446289,250000,0.0,0.0
2024-04-02 00:00:00+08:00,102.29795060067806,103.75934989497347,102.29795060067806,103.272216796875,241000,0.0,0.0
2024-04-03 00:00:00+08:00,102.2979507446289,103.2722169421968,101.81081764584496,102.2979507446289,228000,0.0,0.0
2024-04-08 00:00:00+08:00,103.27221709031325,103.27221709031325,100.83655159290021,101.32368469238281,258000,0.0,0.0
2024-04-09 00:00:00+08:00,101.32368469238281,101.81081779186542,101.32368469238281,101.32368469238281,154000,0.0,0.0
2024-04-10 00:00:00+08:00,102.29794687569424,104.24647919713604,102.29794687569424,102.78507995605469,339000,0.0,0.0
2024-04-11 00:00:00+08:00,101.81081401437952,101.81081401437952,100.34941477015398,100.8365478515625,263000,0.0,0.0
2024-04-12 00:00:00+08:00,101.32368104516006,101.32368104516006,99.37514871736852,99.8622817993164,371000,0.0,0.0
2024-04-15 00:00:00+08:00,99.37515135271235,99.37515135271235,96.74463561365913,97.03691101074219,784000,0.0,0.0
2024-04-16 00:00:00+08:00,96.74463227650178,96.74463227650178,92.16557688287467,92.6527099609375,1086000,0.0,0.0
2024-04-17 00:00:00+08:00,92.65271342487546,95.18580403889275,92.65271342487546,95.08837890625,387000,0.0,0.0
2024-04-18 00:00:00+08:00,93.91926186524593,95.67293654110988,93.33470363995794,94.4063949584961,325000,0.0,0.0
2024-04-19 00:00:00+08:00,94.69866968839412,94.69866968839412,90.60675470710417,92.75013732910156,612000,0.0,0.0
2024-04-22 00:00:00+08:00,92.65270780066605,93.52954880734707,91.09388347382242,91.58101654052734,351000,0.0,0.0
2024-04-23 00:00:00+08:00,92.55528563321344,93.52955179777358,91.67844459849712,93.33470153808594,207000,0.0,0.0
2024-04-24 00:00:00+08:00,93.62697439645282,94.40639028025414,93.33469901482289,94.21153259277344,280000,0.0,0.0
2024-04-25 00:00:00+08:00,93.62697975700279,94.2115379867919,92.94499639442569,94.1141128540039,145000,0.0,0.0
2024-04-26 00:00:00+08:00,94.21153350212684,94.89352426530093,93.62697530016392,93.91925811767578,293000,0.0,0.0
2024-04-29 00:00:00+08:00,94.40639673502534,97.42662048339844,94.40639673502534,97.42662048339844,441000,0.0,0.0
2024-04-30 00:00:00+08:00,99.37515273896776,99.86228584062935,97.42662033232132,98.40088653564453,433000,0.0,0.0
2024-05-02 00:00:00+08:00,97.4266166117654,98.88801586094188,97.4266166117654,97.91374969482422,108000,0.0,0.0
2024-05-03 00:00:00+08:00,98.4008868439029,98.4008868439029,96.25750416310179,96.45235443115234,196000,0.0,0.0
2024-05-06 00:00:00+08:00,98.40088668823242,98.40088668823242,96.74463711323915,97.42662048339844,107000,0.0,0.0
2024-05-07 00:00:00+08:00,97.91374969482422,98.40088277788304,97.13433378870572,97.91374969482422,134000,0.0,0.0
2024-05-08 00:00:00+08:00,98.40088277788304,98.88801586094188,97.4266166117654,97.91374969482422,189000,0.0,0.0
2024-05-09 00:00:00+08:00,97.91375220824936,97.91375220824936,95.96521982599565,96.0626449584961,203000,0.0,0.0
2024-05-10 00:00:00+08:00,96.0626427205628,97.42661684297667,94.50381833768738,95.96521759033203,323000,0.0,0.0
2024-05-13 00:00:00+08:00,97.32919016620816,97.42661529489088,95.47808298899307,95.57550811767578,136000,0.0,0.0
2024-05-14 00:00:00+08:00,95.7703679274765,97.42661745091769,95.7703679274765,96.64720153808594,147000,0.0,0.0
2024-05-15 00:00:00+08:00,97.91375300124083,97.91375300124083,96.54977883600434,96.74463653564453,266000,0.0,0.0
2024-05-16 00:00:00+08:00,97.03690579258013,97.3291886070068,95.08837351789755,95.18579864501953,397000,0.0,0.0
2024-05-17 00:00:00+08:00,94.99095482401329,98.88801963730614,94.99095482401329,98.40088653564453,686000,0.0,0.0
2024-05-20 00:00:00+08:00,98.40087969906055,98.40087969906055,95.9652143599749,97.13433074951172,369000,0.0,0.0
2024-05-21 00:00:00+08:00,97.42661600585765,97.91374908588695,97.13433318461571,97.23176574707031,272000,0.0,0.0
2024-05-22 00:00:00+08:00,97.42661672620918,97.91374980984021,96.74463338235009,96.93948364257812,219000,0.0,0.0
2024-05-23 00:00:00+08:00,96.93948542033638,97.32919338100021,95.28323587884151,95.38066101074219,290000,0.0,0.0
2024-05-24 00:00:00+08:00,94.60124730514077,97.2317705264372,94.01668906698421,95.47808837890625,373000,0.0,0.0
2024-05-27 00:00:00+08:00,96.25749888457653,96.84205708973371,94.79609965515317,95.57550811767578,375000,0.0,0.0
2024-05-28 00:00:00+08:00,96.35492531564816,98.40088277788304,96.2575001856486,97.91374969482422,905000,0.0,0.0
2024-05-29 00:00:00+08:00,97.91374958207454,100.83654807706183,97.91374958207454,98.88801574707031,625000,0.0,0.0
2024-05-30 00:00:00+08:00,97.91374969482422,99.3751489440007,97.4266166117654,97.91374969482422,507000,0.0,0.0
2024-05-31 00:00:00+08:00,99.37515135271235,100.34941754244483,97.03691101074219,97.03691101074219,2196000,0.0,0.0
2024-06-03 00:00:00+08:00,97.91374671615235,97.91374671615235,95.9652144431941,96.16006469726562,419000,0.0,0.0
2024-06-04 00:00:00+08:00,96.84205545263745,97.91374671615235,96.16006469726562,96.16006469726562,363000,0.0,0.0
2024-06-05 00:00:00+08:00,96.45235055894707,98.40088289347126,95.67293465191301,96.93948364257812,450000,0.0,0.0
2024-06-06 00:00:00+08:00,97.0369081639075,98.4008822761294,95.9652168732549,96.25749969482422,457000,0.0,0.0
2024-06-07 00:00:00+08:00,96.25750386155796,98.40088653564453,96.25750386155796,98.40088653564453,470000,0.0,0.0
2024-06-11 00:00:00+08:00,98.40088668823242,98.40088668823242,96.35492914469332,97.42662048339844,270000,0.0,0.0
2024-06-12 00:00:00+08:00,97.13433237446934,97.4266151932735,96.25749878417857,96.54977416992188,276000,0.0,0.0
2024-06-13 00:00:00+08:00,96.744633157304,99.37514882956819,96.744633157304,98.88801574707031,602000,0.0,0.0
2024-06-14 00:00:00+08:00,99.37515273896776,99.37515273896776,97.91375343398293,98.40088653564453,367000,0.0,0.0
2024-06-17 00:00:00+08:00,98.40088277788304,98.40088277788304,97.23176635176624,97.91374969482422,309000,0.0,0.0
2024-06-18 00:00:00+08:00,99.3751489440007,99.3751489440007,97.91374969482422,97.91374969482422,187000,0.0,0.0
2024-06-19 00:00:00+08:00,99.37514979993604,99.37514979993604,96.64720153808594,96.64720153808594,394000,0.0,0.0
2024-06-20 00:00:00+08:00,96.8420619497135,99.37515258789062,96.8420619497135,99.37515258789062,403000,0.0,0.0
2024-06-21 00:00:00+08:00,99.37515258789062,99.37515258789062,98.40088638604855,99.37515258789062,236000,0.0,0.0
2024-06-24 00:00:00+08:00,99.37515289306641,99.37515289306641,97.42662048339844,97.42662048339844,236000,0.0,0.0
2024-06-25 00:00:00+08:00,97.91374671615235,97.91374671615235,94.79609805264343,96.16006469726562,537000,0.0,0.0
2024-06-26 00:00:00+08:00,96.9394837587618,97.42661684297667,95.86779246010124,95.96521759033203,167000,0.0,0.0
2024-06-27 00:00:00+08:00,95.96521698293809,95.96521698293809,95.28323364257812,95.28323364257812,261000,0.0,0.0
2024-06-28 00:00:00+08:00,95.38066159793176,96.16007009099656,95.2832364654313,96.0626449584961,118000,0.0,0.0
2024-07-01 00:00:00+08:00,95.96521759033203,97.3291917127459,95.96521759033203,95.96521759033203,318000,0.0,0.0
2024-07-02 00:00:00+08:00,95.86778940099488,95.96521452811686,95.08837351789755,95.18579864501953,235000,0.0,0.0
2024-07-03 00:00:00+08:00,95.38065937588637,97.13433401922336,95.38065937588637,95.96521759033203,294000,0.0,0.0
2024-07-04 00:00:00+08:00,96.45235278351493,97.4266189732474,96.25750251879289,97.03691101074219,342000,0.0,0.0
2024-07-05 00:00:00+08:00,97.23177006488118,98.88801963730614,96.45235412899811,98.40088653564453,464000,0.0,0.0
2024-07-08 00:00:00+08:00,97.91374754702305,98.40088061939629,96.74463114655157,96.84205627441406,327000,0.0,0.0
2024-07-09 00:00:00+08:00,97.4266207948023,97.4266207948023,94.69867243932332,95.47808837890625,432000,0.0,0.0
2024-07-10 00:00:00+08:00,95.57550740523769,96.45234842296773,95.57550740523769,95.86779022216797,131000,0.0,0.0
2024-07-11 00:00:00+08:00,97.42662018420648,99.86228568881165,97.32919505063454,99.37515258789062,1026000,0.0,0.0
2024-07-12 00:00:00+08:00,100.3494180697147,108.1435476285275,100.3494180697147,104.2464828491211,3609000,0.0,0.0
2024-07-15 00:00:00+08:00,106.19501140755666,107.6564106471102,103.2722129284496,103.75934600830078,1713000,0.0,0.0
2024-07-16 00:00:00+08:00,104.24648299307194,104.7336160911704,102.78508369877653,103.272216796875,603000,0.0,0.0
2024-07-17 00:00:00+08:00,103.75934989497347,104.7336160911704,102.29795060067806,103.272216796875,470000,0.0,0.0
2024-07-18 00:00:00+08:00,103.27221325860506,103.27221325860506,99.86228168874547,100.8365478515625,877000,0.0,0.0
2024-07-19 00:00:00+08:00,100.83655220031739,100.83655220031739,97.42662048339844,97.42662048339844,516000,0.0,0.0
2024-07-22 00:00:00+08:00,97.42661720795157,97.42661720795157,93.04241943359375,93.04241943359375,1040000,0.0,0.0
2024-07-23 00:00:00+08:00,93.5,95.5999984741211,93.5,94.80000305175781,533000,2.45758,0.0
2024-07-26 00:00:00+08:00,93.0,94.9000015258789,91.5,94.30000305175781,275000,0.0,0.0
2024-07-29 00:00:00+08:00,94.9000015258789,95.9000015258789,92.5999984741211,92.9000015258789,377000,0.0,0.0
2024-07-30 00:00:00+08:00,92.0,93.19999694824219,91.0999984741211,92.80000305175781,485000,0.0,0.0
2024-07-31 00:00:00+08:00,92.0,93.5999984741211,92.0,92.30000305175781,255000,0.0,0.0
2024-08-01 00:00:00+08:00,93.30000305175781,94.0999984741211,92.69999694824219,93.5,308000,0.0,0.0
2024-08-02 00:00:00+08:00,92.0,92.69999694824219,89.80000305175781,89.80000305175781,618000,0.0,0.0
2024-08-05 00:00:00+08:00,84.9000015258789,85.4000015258789,80.9000015258789,80.9000015258789,1409000,0.0,0.0
2024-08-06 00:00:00+08:00,80.9000015258789,82.30000305175781,75.0999984741211,80.30000305175781,936000,0.0,0.0
2024-08-07 00:00:00+08:00,81.0,84.5,81.0,83.80000305175781,453000,0.0,0.0
2024-08-08 00:00:00+08:00,82.5999984741211,83.9000015258789,82.0999984741211,83.19999694824219,222000,0.0,0.0
2024-08-09 00:00:00+08:00,85.0,86.5,84.9000015258789,85.80000305175781,287000,0.0,0.0
2024-08-12 00:00:00+08:00,85.9000015258789,87.0999984741211,85.9000015258789,86.9000015258789,161000,0.0,0.0
2024-08-13 00:00:00+08:00,86.69999694824219,88.5999984741211,85.9000015258789,88.30000305175781,291000,0.0,0.0
2024-08-14 00:00:00+08:00,88.80000305175781,90.0999984741211,88.0999984741211,89.80000305175781,294000,0.0,0.0
2024-08-15 00:00:00+08:00,89.80000305175781,89.80000305175781,88.30000305175781,88.69999694824219,182000,0.0,0.0
2024-08-16 00:00:00+08:00,89.4000015258789,89.4000015258789,88.5,88.69999694824219,161000,0.0,0.0
2024-08-19 00:00:00+08:00,88.19999694824219,89.30000305175781,88.19999694824219,88.4000015258789,152000,0.0,0.0
2024-08-20 00:00:00+08:00,89.0,90.0,89.0,89.30000305175781,226000,0.0,0.0
2024-08-21 00:00:00+08:00,90.69999694824219,90.69999694824219,88.80000305175781,89.0,224000,0.0,0.0
2024-08-22 00:00:00+08:00,90.5,94.69999694824219,90.0,94.30000305175781,679000,0.0,0.0
2024-08-23 00:00:00+08:00,93.5,94.5999984741211,91.0,92.5,441000,0.0,0.0
2024-08-26 00:00:00+08:00,93.0,93.4000015258789,91.80000305175781,91.9000015258789,143000,0.0,0.0
2024-08-27 00:00:00+08:00,91.9000015258789,93.4000015258789,91.30000305175781,93.0999984741211,240000,0.0,0.0
2024-08-28 00:00:00+08:00,93.0,93.0,91.19999694824219,91.69999694824219,258000,0.0,0.0
2024-08-29 00:00:00+08:00,91.4000015258789,92.69999694824219,90.4000015258789,92.30000305175781,192000,0.0,0.0
2024-08-30 00:00:00+08:00,92.5,96.80000305175781,92.5,95.0999984741211,687000,0.0,0.0
2024-09-02 00:00:00+08:00,94.69999694824219,96.5999984741211,94.0999984741211,94.19999694824219,232000,0.0,0.0
2024-09-03 00:00:00+08:00,95.19999694824219,95.30000305175781,93.0999984741211,93.0999984741211,160000,0.0,0.0
2024-09-04 00:00:00+08:00,89.9000015258789,90.80000305175781,87.5,89.9000015258789,348000,0.0,0.0
2024-09-05 00:00:00+08:00,90.9000015258789,91.69999694824219,89.0,89.19999694824219,164000,0.0,0.0
2024-09-06 00:00:00+08:00,90.4000015258789,90.4000015258789,88.5,88.80000305175781,122000,0.0,0.0
2024-09-09 00:00:00+08:00,88.0999984741211,90.0,87.5999984741211,90.0,90000,0.0,0.0
2024-09-10 00:00:00+08:00,91.0,91.0,88.0999984741211,88.19999694824219,127000,0.0,0.0
2024-09-11 00:00:00+08:00,89.5999984741211,91.5999984741211,89.4000015258789,90.80000305175781,211000,0.0,0.0
2024-09-12 00:00:00+08:00,92.19999694824219,92.5,91.30000305175781,92.19999694824219,160000,0.0,0.0
2024-09-13 00:00:00+08:00,92.5,94.30000305175781,92.19999694824219,94.0,294000,0.0,0.0
2024-09-16 00:00:00+08:00,94.19999694824219,94.80000305175781,93.30000305175781,93.4000015258789,116000,0.0,0.0
2024-09-18 00:00:00+08:00,93.4000015258789,93.5999984741211,92.0,92.4000015258789,109000,0.0,0.0
2024-09-19 00:00:00+08:00,93.0,93.9000015258789,92.5,93.30000305175781,72000,0.0,0.0
2024-09-20 00:00:00+08:00,94.9000015258789,96.0999984741211,94.0999984741211,95.5999984741211,403000,0.0,0.0
2024-09-23 00:00:00+08:00,98.0999984741211,102.0,98.0,100.0,1688000,0.0,0.0
2024-09-24 00:00:00+08:00,100.5,101.5,99.0,99.0,719000,0.0,0.0
2024-09-25 00:00:00+08:00,99.5999984741211,106.0,99.4000015258789,106.0,1928000,0.0,0.0
2024-09-26 00:00:00+08:00,106.5,107.5,102.0,103.0,1341000,0.0,0.0
2024-09-27 00:00:00+08:00,103.0,104.0,100.0,100.0,851000,0.0,0.0
2024-09-30 00:00:00+08:00,100.0,101.5,99.30000305175781,100.0,303000,0.0,0.0
2024-10-01 00:00:00+08:00,101.5,101.5,98.9000015258789,100.0,294000,0.0,0.0
2024-10-04 00:00:00+08:00,99.5999984741211,100.0,98.30000305175781,100.0,232000,0.0,0.0
2024-10-07 00:00:00+08:00,101.0,101.0,99.0,99.0,246000,0.0,0.0
2024-10-08 00:00:00+08:00,98.4000015258789,102.0,98.4000015258789,100.0,417000,0.0,0.0
2024-10-09 00:00:00+08:00,100.5,101.0,99.0,99.80000305175781,162000,0.0,0.0
2024-10-11 00:00:00+08:00,100.5,100.5,99.0,99.0999984741211,219000,0.0,0.0
2024-10-14 00:00:00+08:00,99.19999694824219,102.5,99.19999694824219,100.5,401000,0.0,0.0
2024-10-15 00:00:00+08:00,102.5,103.0,100.0,100.0,223000,0.0,0.0
2024-10-16 00:00:00+08:00,100.0,100.5,99.5,100.0,137000,0.0,0.0
2024-10-17 00:00:00+08:00,100.0,101.5,100.0,100.0,171000,0.0,0.0
2024-10-18 00:00:00+08:00,100.5,101.0,97.5,97.5999984741211,507000,0.0,0.0
2024-10-21 00:00:00+08:00,97.9000015258789,103.0,97.5999984741211,101.0,619000,0.0,0.0
2024-10-22 00:00:00+08:00,102.0,102.0,99.5999984741211,100.0,230000,0.0,0.0
2024-10-23 00:00:00+08:00,100.0,100.0,99.0999984741211,99.30000305175781,216000,0.0,0.0
2024-10-24 00:00:00+08:00,99.30000305175781,99.5,98.19999694824219,98.5999984741211,208000,0.0,0.0
2024-10-25 00:00:00+08:00,98.5999984741211,99.5999984741211,98.5999984741211,99.5,171000,0.0,0.0
2024-10-28 00:00:00+08:00,100.0,100.0,98.0,98.4000015258789,206000,0.0,0.0
2024-10-29 00:00:00+08:00,98.4000015258789,98.4000015258789,97.0,98.0,182000,0.0,0.0
2024-10-30 00:00:00+08:00,97.9000015258789,98.9000015258789,97.0999984741211,97.19999694824219,171000,0.0,0.0
2024-11-01 00:00:00+08:00,96.19999694824219,96.9000015258789,95.69999694824219,96.80000305175781,111000,0.0,0.0
2024-11-04 00:00:00+08:00,96.9000015258789,96.9000015258789,96.30000305175781,96.5,79000,0.0,0.0
2024-11-05 00:00:00+08:00,96.5,96.5,94.0,94.0,499000,0.0,0.0
2024-11-06 00:00:00+08:00,94.69999694824219,98.5,94.0999984741211,98.0,327000,0.0,0.0
2024-11-07 00:00:00+08:00,98.0,98.9000015258789,97.5,97.5,112000,0.0,0.0
2024-11-08 00:00:00+08:00,97.80000305175781,97.80000305175781,95.9000015258789,95.9000015258789,134000,0.0,0.0
2024-11-11 00:00:00+08:00,95.80000305175781,95.80000305175781,94.5,94.80000305175781,176000,0.0,0.0
2024-11-12 00:00:00+08:00,96.0,96.5,93.5,93.80000305175781,209000,0.0,0.0
2024-11-13 00:00:00+08:00,93.5999984741211,95.0,93.5,94.30000305175781,106000,0.0,0.0
2024-11-14 00:00:00+08:00,94.5999984741211,94.69999694824219,91.80000305175781,91.80000305175781,216000,0.0,0.0
2024-11-15 00:00:00+08:00,92.19999694824219,92.5999984741211,91.5999984741211,92.0,134000,0.0,0.0
2024-11-18 00:00:00+08:00,93.0999984741211,93.0999984741211,90.5,91.0,114000,0.0,0.0
2024-11-19 00:00:00+08:00,91.0999984741211,93.0999984741211,91.0,93.0,89000,0.0,0.0
2024-11-20 00:00:00+08:00,93.0,93.0,92.30000305175781,92.69999694824219,64123,0.0,0.0
2024-11-21 00:00:00+08:00,92.69999694824219,93.69999694824219,92.5,93.19999694824219,91000,0.0,0.0
2024-11-22 00:00:00+08:00,94.0,94.19999694824219,93.5999984741211,93.80000305175781,68000,0.0,0.0
2024-11-25 00:00:00+08:00,94.19999694824219,94.9000015258789,93.9000015258789,94.4000015258789,66000,0.0,0.0
2024-11-26 00:00:00+08:00,94.0999984741211,95.5,94.0,95.0999984741211,90000,0.0,0.0
2024-11-27 00:00:00+08:00,95.0,95.0999984741211,93.5999984741211,94.5,98000,0.0,0.0
2024-11-28 00:00:00+08:00,94.5,95.69999694824219,92.5,92.80000305175781,207000,0.0,0.0
2024-11-29 00:00:00+08:00,92.80000305175781,93.4000015258789,92.5,93.0999984741211,154000,0.0,0.0
2024-12-02 00:00:00+08:00,93.5,93.5,92.0,92.30000305175781,113000,0.0,0.0
2024-12-03 00:00:00+08:00,92.5999984741211,93.5999984741211,92.5999984741211,93.30000305175781,87000,0.0,0.0
2024-12-04 00:00:00+08:00,93.69999694824219,97.80000305175781,93.69999694824219,97.5999984741211,474000,0.0,0.0
2024-12-05 00:00:00+08:00,98.30000305175781,98.30000305175781,96.5999984741211,96.80000305175781,183000,0.0,0.0
2024-12-06 00:00:00+08:00,97.0999984741211,98.5,96.0999984741211,98.5,147000,0.0,0.0
2024-12-09 00:00:00+08:00,98.4000015258789,99.5,97.0,98.80000305175781,213000,0.0,0.0
2024-12-10 00:00:00+08:00,100.0,100.0,97.5,97.5,306000,0.0,0.0
2024-12-11 00:00:00+08:00,96.5,97.19999694824219,93.80000305175781,94.0,369000,0.0,0.0
2024-12-12 00:00:00+08:00,94.0,95.0,92.5999984741211,92.5999984741211,249000,0.0,0.0
2024-12-13 00:00:00+08:00,92.4000015258789,92.5,90.4000015258789,90.5,293000,0.0,0.0
2024-12-16 00:00:00+08:00,90.69999694824219,91.0999984741211,88.9000015258789,89.0,344000,0.0,0.0
2024-12-17 00:00:00+08:00,90.0999984741211,91.19999694824219,89.69999694824219,90.5999984741211,114000,0.0,0.0
2024-12-18 00:00:00+08:00,91.80000305175781,91.80000305175781,90.0,90.30000305175781,55000,0.0,0.0
2024-12-19 00:00:00+08:00,89.5,90.5,88.80000305175781,90.5,113000,0.0,0.0
2024-12-20 00:00:00+08:00,90.5999984741211,90.5999984741211,88.0999984741211,88.30000305175781,284000,0.0,0.0
2024-12-23 00:00:00+08:00,88.9000015258789,88.9000015258789,87.5999984741211,88.5,103000,0.0,0.0
2024-12-24 00:00:00+08:00,89.0,90.4000015258789,89.0,89.0999984741211,138000,0.0,0.0
2024-12-25 00:00:00+08:00,89.5,89.5,88.4000015258789,88.80000305175781,102000,0.0,0.0
2024-12-26 00:00:00+08:00,89.0,89.9000015258789,89.0,89.4000015258789,44000,0.0,0.0
2024-12-27 00:00:00+08:00,89.30000305175781,89.4000015258789,88.0,88.0999984741211,142000,0.0,0.0
2024-12-30 00:00:00+08:00,88.0,88.0,86.19999694824219,86.19999694824219,187000,0.0,0.0
2024-12-31 00:00:00+08:00,86.4000015258789,86.4000015258789,85.4000015258789,85.69999694824219,87000,0.0,0.0
2025-01-02 00:00:00+08:00,85.69999694824219,86.4000015258789,85.19999694824219,85.30000305175781,92000,0.0,0.0
2025-01-03 00:00:00+08:00,85.5999984741211,86.4000015258789,84.19999694824219,84.80000305175781,160000,0.0,0.0
2025-01-06 00:00:00+08:00,85.0,86.19999694824219,84.30000305175781,86.0,120000,0.0,0.0
2025-01-07 00:00:00+08:00,86.0,87.69999694824219,85.80000305175781,86.69999694824219,134000,0.0,0.0
2025-01-08 00:00:00+08:00,86.69999694824219,87.69999694824219,86.69999694824219,87.30000305175781,72000,0.0,0.0
2025-01-09 00:00:00+08:00,87.30000305175781,87.30000305175781,84.30000305175781,84.4000015258789,140000,0.0,0.0
2025-01-10 00:00:00+08:00,84.4000015258789,84.9000015258789,83.5,83.5999984741211,109000,0.0,0.0
2025-01-13 00:00:00+08:00,83.0,83.0,79.0,79.69999694824219,543000,0.0,0.0
2025-01-14 00:00:00+08:00,81.19999694824219,81.19999694824219,80.0,80.5,75000,0.0,0.0
2025-01-15 00:00:00+08:00,80.9000015258789,81.5,80.30000305175781,80.69999694824219,115000,0.0,0.0
2025-01-16 00:00:00+08:00,81.80000305175781,83.0,81.5999984741211,82.19999694824219,79000,0.0,0.0
2025-01-17 00:00:00+08:00,81.69999694824219,82.19999694824219,81.5999984741211,81.80000305175781,45000,0.0,0.0
2025-01-20 00:00:00+08:00,81.5999984741211,82.80000305175781,81.5999984741211,82.69999694824219,86000,0.0,0.0
2025-01-21 00:00:00+08:00,82.30000305175781,83.5,82.0,82.4000015258789,49000,0.0,0.0
2025-01-22 00:00:00+08:00,82.30000305175781,82.69999694824219,82.0999984741211,82.69999694824219,52000,0.0,0.0
2025-02-03 00:00:00+08:00,80.0,81.0999984741211,79.5,80.4000015258789,189116,0.0,0.0
2025-02-04 00:00:00+08:00,83.0999984741211,87.0,83.0999984741211,84.0,561050,0.0,0.0
2025-02-05 00:00:00+08:00,85.0,85.5,84.5,84.69999694824219,148019,0.0,0.0
2025-02-06 00:00:00+08:00,85.0,85.5,84.4000015258789,85.0,92174,0.0,0.0
2025-02-07 00:00:00+08:00,85.0,86.5,85.0,86.5,148115,0.0,0.0
2025-02-10 00:00:00+08:00,86.4000015258789,86.5999984741211,85.0999984741211,86.4000015258789,84132,0.0,0.0
2025-02-11 00:00:00+08:00,86.9000015258789,86.9000015258789,85.5,85.69999694824219,136002,0.0,0.0
2025-02-12 00:00:00+08:00,86.19999694824219,86.30000305175781,84.5,84.69999694824219,93003,0.0,0.0
2025-02-13 00:00:00+08:00,85.69999694824219,86.19999694824219,85.4000015258789,85.9000015258789,78033,0.0,0.0
2025-02-14 00:00:00+08:00,85.30000305175781,86.19999694824219,85.0999984741211,85.5999984741211,65114,0.0,0.0
2025-02-17 00:00:00+08:00,86.5,86.5999984741211,85.19999694824219,85.9000015258789,49014,0.0,0.0
2025-02-18 00:00:00+08:00,86.19999694824219,87.0999984741211,86.0,86.80000305175781,158009,0.0,0.0
2025-02-19 00:00:00+08:00,86.80000305175781,88.0,86.80000305175781,87.19999694824219,183007,0.0,0.0
2025-02-20 00:00:00+08:00,87.30000305175781,87.9000015258789,86.4000015258789,87.0,123080,0.0,0.0
2025-02-21 00:00:00+08:00,87.0999984741211,87.9000015258789,86.9000015258789,87.69999694824219,148103,0.0,0.0
2025-02-24 00:00:00+08:00,87.69999694824219,87.9000015258789,87.0999984741211,87.69999694824219,69135,0.0,0.0
2025-02-25 00:00:00+08:00,87.0999984741211,87.4000015258789,86.69999694824219,86.69999694824219,83283,0.0,0.0
2025-02-26 00:00:00+08:00,87.5999984741211,87.5999984741211,86.0999984741211,86.19999694824219,70806,0.0,0.0
2025-02-27 00:00:00+08:00,86.19999694824219,86.5999984741211,85.5,85.5,79068,0.0,0.0
2025-03-03 00:00:00+08:00,84.9000015258789,84.9000015258789,83.4000015258789,83.5,124102,0.0,0.0
2025-03-04 00:00:00+08:00,82.80000305175781,84.0,81.9000015258789,83.5999984741211,108056,0.0,0.0
2025-03-05 00:00:00+08:00,85.0,85.0,84.0,84.4000015258789,76202,0.0,0.0
2025-03-06 00:00:00+08:00,84.80000305175781,85.0,83.4000015258789,83.4000015258789,107109,0.0,0.0
2025-03-07 00:00:00+08:00,83.19999694824219,83.5,82.4000015258789,82.4000015258789,128003,0.0,0.0
2025-03-10 00:00:00+08:00,82.5999984741211,82.5999984741211,80.9000015258789,81.69999694824219,109251,0.0,0.0
2025-03-11 00:00:00+08:00,80.0999984741211,81.69999694824219,79.0,81.19999694824219,189182,0.0,0.0
2025-03-12 00:00:00+08:00,82.9000015258789,83.80000305175781,81.9000015258789,81.9000015258789,93002,0.0,0.0
2025-03-13 00:00:00+08:00,82.30000305175781,83.0999984741211,80.5999984741211,80.69999694824219,121391,0.0,0.0
2025-03-14 00:00:00+08:00,81.4000015258789,81.80000305175781,80.69999694824219,81.30000305175781,58012,0.0,0.0
