Date,Open,High,Low,Close,Volume,Dividends,Stock Splits
2013-04-30 00:00:00+08:00,169.01266479492188,170.06043391231205,151.0072232378522,169.01266479492188,65416,0.0,0.0
2013-05-02 00:00:00+08:00,170.8664093017578,174.0903038168853,157.9708312412478,170.8664093017578,75948,0.0,0.0
2013-05-03 00:00:00+08:00,177.31419372558594,179.40973196604563,168.4484933939426,177.31419372558594,35497,0.0,0.0
2013-05-06 00:00:00+08:00,179.5548095703125,179.57093696325862,176.7661426039544,179.5548095703125,14350,0.0,0.0
2013-05-07 00:00:00+08:00,178.60377502441406,180.6025864805456,176.49212170420742,178.60377502441406,21298,0.0,0.0
2013-05-08 00:00:00+08:00,176.9918212890625,178.76496148828022,176.66943556361807,176.9918212890625,11156,0.0,0.0
2013-05-09 00:00:00+08:00,177.8783721923828,177.8783721923828,177.31418787910405,177.8783721923828,5071,0.0,0.0
2013-05-10 00:00:00+08:00,181.34408569335938,181.34408569335938,178.10406360918176,181.34408569335938,4117,0.0,0.0
2013-05-13 00:00:00+08:00,186.98590087890625,186.98590087890625,181.5052687862683,186.98590087890625,7099,0.0,0.0
2013-05-14 00:00:00+08:00,206.3292694091797,211.16510513220055,185.3739480151592,206.3292694091797,13742,0.0,0.0
2013-05-15 00:00:00+08:00,212.43853759765625,212.45467746430384,204.7173201871014,212.43853759765625,14249,0.0,0.0
2013-05-16 00:00:00+08:00,206.3292694091797,214.55018639646053,206.3292694091797,206.3292694091797,8078,0.0,0.0
2013-05-17 00:00:00+08:00,206.00686645507812,209.55315920773944,203.1053700774351,206.00686645507812,5578,0.0,0.0
2013-05-20 00:00:00+08:00,204.71731567382812,204.71731567382812,202.46059067534634,204.71731567382812,5121,0.0,0.0
2013-05-21 00:00:00+08:00,206.3292694091797,206.3292694091797,204.71731585294023,206.3292694091797,2535,0.0,0.0
2013-05-22 00:00:00+08:00,207.13523864746094,207.78001008762044,203.5083587598055,207.13523864746094,3549,0.0,0.0
2013-05-23 00:00:00+08:00,206.3292694091797,207.94121049257038,206.16807031170111,206.3292694091797,4056,0.0,0.0
2013-05-24 00:00:00+08:00,206.3292694091797,206.9579259327881,203.1053747695495,206.3292694091797,6592,0.0,0.0
2013-05-27 00:00:00+08:00,206.3292694091797,207.45762567298343,206.3292694091797,206.3292694091797,4579,0.0,0.0
2013-05-28 00:00:00+08:00,207.9412078857422,208.56986440146954,207.13523735415077,207.9412078857422,6338,0.0,0.0
2013-05-29 00:00:00+08:00,207.9412078857422,210.1979328579073,207.9412078857422,207.9412078857422,11156,0.0,0.0
2013-05-30 00:00:00+08:00,208.74717712402344,209.53704520316344,208.73106220371696,208.74717712402344,3042,0.0,0.0
2013-05-31 00:00:00+08:00,209.13404846191406,209.391962025136,207.92509266626587,209.13404846191406,5732,0.0,0.0
2013-06-03 00:00:00+08:00,208.82777404785156,208.82777404785156,208.82777404785156,208.82777404785156,50,0.0,0.0
2013-06-04 00:00:00+08:00,207.13523864746094,207.13523864746094,203.4277592115734,207.13523864746094,557,0.0,0.0
2013-06-05 00:00:00+08:00,206.3292694091797,207.76389647448346,206.3292694091797,206.3292694091797,1521,0.0,0.0
2013-06-06 00:00:00+08:00,206.16807556152344,206.16807556152344,203.42776567170154,206.16807556152344,1021,0.0,0.0
2013-06-07 00:00:00+08:00,210.0367431640625,210.0367431640625,201.97701254168356,210.0367431640625,11764,0.0,0.0
2013-06-10 00:00:00+08:00,209.55316162109375,210.35913215345175,206.32926701881306,209.55316162109375,12170,0.0,0.0
2013-06-11 00:00:00+08:00,207.9412078857422,208.6021067151308,207.13523735415077,207.9412078857422,4056,0.0,0.0
2013-06-13 00:00:00+08:00,207.9412078857422,207.9412078857422,207.9412078857422,207.9412078857422,0,0.0,0.0
2013-06-14 00:00:00+08:00,200.6874542236328,201.49342477959323,200.12326984532092,200.6874542236328,2535,0.0,0.0
2013-06-17 00:00:00+08:00,202.20266723632812,206.32925915476136,202.20266723632812,202.20266723632812,2028,0.0,0.0
2013-06-18 00:00:00+08:00,203.10536193847656,203.10536193847656,200.20385320425603,203.10536193847656,1014,0.0,0.0
2013-06-19 00:00:00+08:00,206.3292694091797,207.45762567298343,206.3292694091797,206.3292694091797,7606,0.0,0.0
2013-06-20 00:00:00+08:00,207.13523864746094,207.13523864746094,206.3292681108372,207.13523864746094,1521,0.0,0.0
2013-06-21 00:00:00+08:00,206.3292694091797,207.5382252217227,206.3292694091797,206.3292694091797,1521,0.0,0.0
2013-06-24 00:00:00+08:00,205.5232696533203,207.13522307825482,205.5232696533203,205.5232696533203,2535,0.0,0.0
2013-06-25 00:00:00+08:00,205.5232696533203,206.49043921371145,205.5232696533203,205.5232696533203,1521,0.0,0.0
2013-06-26 00:00:00+08:00,206.3292694091797,207.13523995087505,206.3292694091797,206.3292694091797,2535,0.0,0.0
2013-06-27 00:00:00+08:00,207.13523864746094,207.13523864746094,206.3292681108372,207.13523864746094,3042,0.0,0.0
2013-06-28 00:00:00+08:00,207.13523864746094,207.13523864746094,207.13523864746094,207.13523864746094,0,0.0,0.0
2013-07-01 00:00:00+08:00,207.13523864746094,207.78001008762044,205.5232851013648,207.13523864746094,7657,0.0,0.0
2013-07-02 00:00:00+08:00,206.3292694091797,207.94121049257038,206.3292694091797,206.3292694091797,4056,0.0,0.0
2013-07-03 00:00:00+08:00,207.6188201904297,208.42479071434548,205.52328186083042,207.6188201904297,16734,0.0,0.0
2013-07-04 00:00:00+08:00,207.13523864746094,207.94120918408467,207.13523864746094,207.13523864746094,7099,0.0,0.0
2013-07-05 00:00:00+08:00,208.42478942871094,209.35972920027655,207.94120462277468,208.42478942871094,4563,0.0,0.0
2013-07-08 00:00:00+08:00,214.38900756835938,214.38900756835938,209.55315947797075,214.38900756835938,24847,0.0,0.0
2013-07-09 00:00:00+08:00,225.672607421875,226.6397769866821,218.72513140946788,225.672607421875,12185,0.0,0.0
2013-07-10 00:00:00+08:00,227.46189880371094,232.03980836594678,225.67261880387176,227.46189880371094,23326,0.0,0.0
2013-07-11 00:00:00+08:00,229.96041870117188,230.50847568249026,228.09056402895143,229.96041870117188,16303,0.0,0.0
2013-07-12 00:00:00+08:00,234.53836059570312,242.59809130101874,231.31445334615773,234.53836059570312,4056,0.0,0.0
2013-07-15 00:00:00+08:00,236.15028381347656,238.245822119253,236.15028381347656,236.15028381347656,13691,0.0,0.0
2013-07-16 00:00:00+08:00,236.95628356933594,238.56822479776073,235.36045726296942,236.95628356933594,6592,0.0,0.0
2013-07-17 00:00:00+08:00,235.34429931640625,235.6666725357366,235.34429931640625,235.34429931640625,1521,0.0,0.0
2013-07-18 00:00:00+08:00,240.2349395751953,243.04373795740648,238.1861590636712,240.2349395751953,2079,7.020294,0.0
2013-07-19 00:00:00+08:00,245.34031677246094,245.34031677246094,242.0523780427247,245.34031677246094,5578,0.0,0.0
2013-07-22 00:00:00+08:00,236.2695770263672,245.35685861616363,232.96512029159248,236.2695770263672,11156,0.0,0.0
2013-07-23 00:00:00+08:00,227.9918975830078,236.26958287524968,217.2853971540653,227.9918975830078,31194,0.0,0.0
2013-07-24 00:00:00+08:00,226.3561553955078,227.1822694848319,224.70390164769657,226.3561553955078,3042,0.0,0.0
2013-07-25 00:00:00+08:00,232.96510314941406,237.5913575791864,228.00839284281363,232.96510314941406,11663,0.0,0.0
2013-07-26 00:00:00+08:00,238.58270263671875,243.65506233624396,236.26956260820126,238.58270263671875,6095,0.0,0.0
2013-07-29 00:00:00+08:00,238.58270263671875,238.58270263671875,238.58270263671875,238.58270263671875,0,0.0,0.0
2013-07-30 00:00:00+08:00,236.76524353027344,240.56535826916323,236.60001559180776,236.76524353027344,3042,0.0,0.0
2013-07-31 00:00:00+08:00,236.68263244628906,236.68263244628906,236.68263244628906,236.68263244628906,1014,0.0,0.0
2013-08-01 00:00:00+08:00,236.68263244628906,236.68263244628906,236.68263244628906,236.68263244628906,0,0.0,0.0
2013-08-02 00:00:00+08:00,230.98239135742185,230.98239135742185,228.0083655297198,230.98239135742188,4563,0.0,0.0
2013-08-05 00:00:00+08:00,228.8345184326172,228.8345184326172,228.00840426831456,228.8345184326172,2028,0.0,0.0
2013-08-06 00:00:00+08:00,229.66061401367188,231.9737539418812,229.66061401367188,229.66061401367188,6085,0.0,0.0
2013-08-07 00:00:00+08:00,223.0516815185547,228.00839180254044,221.56468121794097,223.0516815185547,8620,0.0,0.0
2013-08-08 00:00:00+08:00,227.19879150390625,228.73537038738175,226.35615971914987,227.19879150390625,13691,0.0,0.0
2013-08-09 00:00:00+08:00,229.49539184570312,229.49539184570312,228.00839154675754,229.49539184570312,2028,0.0,0.0
2013-08-12 00:00:00+08:00,229.66061401367188,229.66061401367188,227.1987894008016,229.66061401367188,13311,0.0,0.0
2013-08-13 00:00:00+08:00,228.8345184326172,230.07370246365383,228.00840426831456,228.8345184326172,8620,0.0,0.0
2013-08-14 00:00:00+08:00,228.7188262939453,230.32147571094805,228.00836159762218,228.7188262939453,10649,0.0,0.0
2013-08-15 00:00:00+08:00,223.0516815185547,224.7039097568286,221.39945328028077,223.0516815185547,12170,0.0,0.0
2013-08-16 00:00:00+08:00,224.70391845703125,225.265673011495,223.87780430590837,224.70391845703125,3042,0.0,0.0
2013-08-19 00:00:00+08:00,225.26565551757812,226.35615474983797,223.87778691977206,225.26565551757812,4563,0.0,0.0
2013-08-20 00:00:00+08:00,222.22555541992188,224.53866971497968,220.5898449497573,222.22555541992188,11663,0.0,0.0
2013-08-22 00:00:00+08:00,218.09498596191406,221.39946823076835,218.09498596191406,218.09498596191406,12677,0.0,0.0
2013-08-23 00:00:00+08:00,213.9644012451172,218.09498488389372,213.9644012451172,213.9644012451172,18813,0.0,0.0
2013-08-26 00:00:00+08:00,209.0242156982422,212.31216739998428,208.01635592456086,209.0242156982422,5071,0.0,0.0
2013-08-27 00:00:00+08:00,209.83380126953125,209.83380126953125,209.02420484269138,209.83380126953125,2028,0.0,0.0
2013-08-28 00:00:00+08:00,209.83380126953125,209.83380126953125,209.83380126953125,209.83380126953125,0,0.0,0.0
2013-08-29 00:00:00+08:00,207.53720092773438,209.00769637535444,207.53720092773438,207.53720092773438,5071,0.0,0.0
2013-08-30 00:00:00+08:00,209.0076904296875,209.8338045491201,207.53719502389882,209.0076904296875,7606,0.0,0.0
2013-09-02 00:00:00+08:00,204.8771209716797,207.35546349840902,204.8771209716797,204.8771209716797,5071,0.0,0.0
2013-09-03 00:00:00+08:00,199.0942840576172,199.92039818292056,198.43338508662526,199.0942840576172,2535,0.0,0.0
2013-09-04 00:00:00+08:00,199.92037963867188,199.92037963867188,198.2846692198472,199.92037963867188,4056,0.0,0.0
2013-09-05 00:00:00+08:00,199.92037963867188,199.92037963867188,198.26815154132282,199.92037963867188,3549,0.0,0.0
2013-09-06 00:00:00+08:00,198.26817321777344,199.09428735676616,196.61593215520568,198.26817321777344,3042,0.0,0.0
2013-09-09 00:00:00+08:00,193.3114471435547,193.3114471435547,191.65921899950973,193.3114471435547,2033,0.0,0.0
2013-09-10 00:00:00+08:00,194.9636993408203,195.7732829960632,190.0235067329776,194.9636993408203,12170,0.0,0.0
2013-09-11 00:00:00+08:00,197.54116821289062,198.2681634495021,194.96369427175344,197.54116821289062,6085,0.0,0.0
2013-09-12 00:00:00+08:00,206.5458526611328,209.81728655872627,198.268168229952,206.5458526611328,10699,0.0,0.0
2013-09-13 00:00:00+08:00,203.24139404296875,209.83381522299908,203.24139404296875,203.24139404296875,9077,0.0,0.0
2013-09-16 00:00:00+08:00,198.26817321777344,204.05098497530477,193.3114628146525,198.26817321777344,15720,0.0,0.0
2013-09-17 00:00:00+08:00,198.26817321777344,198.26817321777344,196.8802917479831,198.26817321777344,1014,0.0,0.0
2013-09-18 00:00:00+08:00,194.9636993408203,198.26816860448537,194.13757243646754,194.9636993408203,6085,0.0,0.0
2013-09-23 00:00:00+08:00,198.26817321777344,198.26817321777344,192.98101971597188,198.26817321777344,8620,0.0,0.0
2013-09-24 00:00:00+08:00,198.26817321777344,198.26817321777344,198.26817321777344,198.26817321777344,0,0.0,0.0
2013-09-25 00:00:00+08:00,198.26817321777344,198.26817321777344,198.26817321777344,198.26817321777344,0,0.0,0.0
2013-09-26 00:00:00+08:00,201.5726318359375,202.54744339979536,195.78980760143352,201.5726318359375,30933,0.0,0.0
2013-09-27 00:00:00+08:00,204.0344696044922,205.70322836627926,202.39875898832196,204.0344696044922,10192,0.0,0.0
2013-09-30 00:00:00+08:00,203.22486877441406,203.22486877441406,203.22486877441406,203.22486877441406,1014,0.0,0.0
2013-10-01 00:00:00+08:00,202.7292022705078,203.8692418417662,202.7292022705078,202.7292022705078,1521,0.0,0.0
2013-10-02 00:00:00+08:00,198.7803497314453,199.92038921877935,198.7803497314453,198.7803497314453,2738,0.0,0.0
2013-10-03 00:00:00+08:00,199.92037963867188,199.92037963867188,197.60725263163465,199.92037963867188,7150,0.0,0.0
2013-10-04 00:00:00+08:00,199.92037963867188,199.92037963867188,198.26815154132282,199.92037963867188,3042,0.0,0.0
2013-10-07 00:00:00+08:00,197.70639038085938,197.70639038085938,197.70639038085938,197.70639038085938,507,0.0,0.0
2013-10-08 00:00:00+08:00,202.2335205078125,202.2335205078125,198.26816513162078,202.2335205078125,12677,0.0,0.0
2013-10-09 00:00:00+08:00,202.2335205078125,202.2335205078125,202.2335205078125,202.2335205078125,0,0.0,0.0
2013-10-11 00:00:00+08:00,202.2335205078125,202.2335205078125,202.2335205078125,202.2335205078125,0,0.0,0.0
2013-10-14 00:00:00+08:00,199.92037963867188,199.92037963867188,198.26815154132282,199.92037963867188,3549,0.0,0.0
2013-10-15 00:00:00+08:00,200.9282684326172,202.39876392574016,200.10215426412083,200.9282684326172,25862,0.0,0.0
2013-10-16 00:00:00+08:00,199.25949096679688,200.13518366519878,199.25949096679688,199.25949096679688,4563,0.0,0.0
2013-10-17 00:00:00+08:00,196.9463653564453,198.26816325390615,194.9636940794174,196.9463653564453,15213,0.0,0.0
2013-10-18 00:00:00+08:00,203.86923217773438,206.5128152278798,198.26816623930605,203.86923217773438,24391,0.0,0.0
2013-10-21 00:00:00+08:00,203.22486877441406,204.87710982021832,201.57264051319194,203.22486877441406,6085,0.0,0.0
2013-10-22 00:00:00+08:00,204.8771209716797,206.51283164177087,204.8771209716797,204.8771209716797,7099,0.0,0.0
2013-10-23 00:00:00+08:00,206.52932739257812,208.18156835287118,205.05884482757813,206.52932739257812,5578,0.0,0.0
2013-10-24 00:00:00+08:00,205.05886840820312,206.52935114230044,205.05886840820312,205.05886840820312,6592,0.0,0.0
2013-10-25 00:00:00+08:00,216.4427490234375,219.73068791160924,206.49629281862698,216.4427490234375,44700,0.0,0.0
2013-10-28 00:00:00+08:00,223.87777709960935,224.52214554779633,218.09495317533037,223.87777709960938,29918,0.0,0.0
2013-10-29 00:00:00+08:00,225.7283172607422,227.99187868599975,224.07606342023345,225.7283172607422,17748,0.0,0.0
2013-10-30 00:00:00+08:00,223.0516815185547,225.53002387596558,222.9690675497246,223.0516815185547,7150,0.0,0.0
2013-10-31 00:00:00+08:00,222.22555541992188,224.68737996469014,219.7637308751536,222.22555541992188,6135,0.0,0.0
2013-11-01 00:00:00+08:00,218.92108154296875,222.2255635311598,218.09496743821188,218.92108154296875,7099,0.0,0.0
2013-11-04 00:00:00+08:00,214.79051208496094,216.4592579824006,213.9643851915231,214.79051208496094,6592,0.0,0.0
2013-11-05 00:00:00+08:00,217.25233459472656,217.25233459472656,214.1626591644821,217.25233459472656,1064,0.0,0.0
2013-11-06 00:00:00+08:00,217.25233459472656,217.25233459472656,217.25233459472656,217.25233459472656,0,0.0,0.0
2013-11-07 00:00:00+08:00,214.31137084960938,214.31137084960938,214.31137084960938,214.31137084960938,1014,0.0,0.0
2013-11-08 00:00:00+08:00,206.52932739257812,208.231134175376,198.26816094485739,206.52932739257812,40314,0.0,0.0
2013-11-11 00:00:00+08:00,206.52932739257812,206.52932739257812,206.52932739257812,206.52932739257812,0,0.0,0.0
2013-11-12 00:00:00+08:00,209.65206909179688,209.83381471826323,209.65206909179688,209.65206909179688,1521,0.0,0.0
2013-11-13 00:00:00+08:00,209.65206909179688,209.65206909179688,209.65206909179688,209.65206909179688,0,0.0,0.0
2013-11-14 00:00:00+08:00,209.83380126953125,210.47816976123426,207.3554461653869,209.83380126953125,5578,0.0,0.0
2013-11-15 00:00:00+08:00,209.83380126953125,210.6599153760521,208.18157305648955,209.83380126953125,5578,0.0,0.0
2013-11-18 00:00:00+08:00,209.83380126953125,209.83380126953125,209.83380126953125,209.83380126953125,0,0.0,0.0
2013-11-19 00:00:00+08:00,214.79051208496094,215.61662619381693,210.65991597151728,214.79051208496094,4056,0.0,0.0
2013-11-20 00:00:00+08:00,213.9644012451172,213.9644012451172,213.9644012451172,213.9644012451172,1521,0.0,0.0
2013-11-21 00:00:00+08:00,213.1382598876953,213.9643739531601,213.1382598876953,213.1382598876953,4056,0.0,0.0
2013-11-22 00:00:00+08:00,213.1382598876953,213.1382598876953,213.1382598876953,213.1382598876953,1014,0.0,0.0
2013-11-25 00:00:00+08:00,211.48605346679688,211.48605346679688,207.35545714628552,211.48605346679688,1521,0.0,0.0
2013-11-26 00:00:00+08:00,213.1382598876953,213.1382598876953,206.52932179481454,213.1382598876953,4056,0.0,0.0
2013-11-27 00:00:00+08:00,211.8164825439453,212.97303972082102,211.8164825439453,211.8164825439453,3042,0.0,0.0
2013-11-28 00:00:00+08:00,212.31216430664062,213.88177861076193,212.31216430664062,212.31216430664062,10649,0.0,0.0
2013-11-29 00:00:00+08:00,214.79051208496094,214.79051208496094,213.07218757917462,214.79051208496094,18763,0.0,0.0
2013-12-02 00:00:00+08:00,213.1382598876953,214.773983124346,213.1382598876953,213.1382598876953,17748,0.0,0.0
2013-12-03 00:00:00+08:00,212.89044189453125,213.96438512186168,212.49390251996002,212.89044189453125,4563,0.0,0.0
2013-12-04 00:00:00+08:00,213.1382598876953,213.9148081319987,211.4860317567657,213.1382598876953,6085,0.0,0.0
2013-12-05 00:00:00+08:00,211.48605346679688,213.78265029316216,211.48605346679688,211.48605346679688,3093,0.0,0.0
2013-12-06 00:00:00+08:00,213.1382598876953,214.79050080320607,211.4860317567657,213.1382598876953,8671,0.0,0.0
2013-12-09 00:00:00+08:00,213.1382598876953,213.63393088389043,212.47736096457476,213.1382598876953,5071,0.0,0.0
2013-12-10 00:00:00+08:00,204.8771209716797,213.4522137288622,204.05099401152037,204.8771209716797,9705,0.0,0.0
2013-12-11 00:00:00+08:00,211.48605346679688,213.13828176733543,210.84167215638766,211.48605346679688,10142,0.0,0.0
2013-12-12 00:00:00+08:00,210.659912109375,212.11387700537142,210.659912109375,210.659912109375,7606,0.0,0.0
2013-12-13 00:00:00+08:00,209.83380126953125,209.8503189492122,209.83380126953125,209.83380126953125,2028,0.0,0.0
2013-12-16 00:00:00+08:00,208.19808959960938,211.48604111264456,208.19808959960938,208.19808959960938,6085,0.0,0.0
2013-12-17 00:00:00+08:00,210.51123046875,212.31216904472987,210.49471278808323,210.51123046875,11663,0.0,0.0
2013-12-18 00:00:00+08:00,229.66061401367188,232.94855272399883,211.48603994671672,229.66061401367188,74721,0.0,0.0
2013-12-19 00:00:00+08:00,223.0516815185547,232.96510208652617,223.0516815185547,223.0516815185547,32961,0.0,0.0
2013-12-20 00:00:00+08:00,224.3734588623047,225.16651197964117,221.23420504230901,224.3734588623047,14705,0.0,0.0
2013-12-23 00:00:00+08:00,228.0083770751953,228.83449114097255,224.7038952429241,228.0083770751953,21860,0.0,0.0
2013-12-24 00:00:00+08:00,229.09886169433594,232.13895853385236,228.73537046520008,229.09886169433594,15796,0.0,0.0
2013-12-25 00:00:00+08:00,227.19879150390625,230.40411627724185,223.05167772957137,227.19879150390625,21298,0.0,0.0
2013-12-26 00:00:00+08:00,228.50404357910156,229.64409586135926,226.35615715780182,228.50404357910156,8620,0.0,0.0
2013-12-27 00:00:00+08:00,231.8085174560547,232.0563593468966,228.98320172177606,231.8085174560547,42545,0.0,0.0
2013-12-30 00:00:00+08:00,246.0177459716797,247.83520210903845,231.31284336949295,246.0177459716797,72088,0.0,0.0
2013-12-31 00:00:00+08:00,241.2097625732422,247.81870140801954,237.9217980519852,241.2097625732422,38920,0.0,0.0
2014-01-02 00:00:00+08:00,237.09568786621094,241.20976661459892,234.98083660854832,237.09568786621094,20791,0.0,0.0
2014-01-03 00:00:00+08:00,234.6173095703125,237.92176575454477,229.6605997248024,234.6173095703125,18519,0.0,0.0
2014-01-06 00:00:00+08:00,231.64329528808594,234.28686548197237,230.48672533789718,231.64329528808594,14198,0.0,0.0
2014-01-07 00:00:00+08:00,230.63543701171875,232.13895494398608,230.63543701171875,230.63543701171875,5121,0.0,0.0
2014-01-08 00:00:00+08:00,232.30421447753906,233.77469725103595,231.31287231771907,232.30421447753906,11663,0.0,0.0
2014-01-09 00:00:00+08:00,233.62599182128906,234.36949198290404,232.65116742959876,233.62599182128906,20081,0.0,0.0
2014-01-10 00:00:00+08:00,232.15550231933594,234.61732696152293,232.15550231933594,232.15550231933594,10623,0.0,0.0
2014-01-13 00:00:00+08:00,241.2262725830078,243.68809729861255,232.1555092427887,241.2262725830078,36004,0.0,0.0
2014-01-14 00:00:00+08:00,241.2262725830078,243.68809729861255,240.44971149164368,241.2262725830078,18204,0.0,0.0
2014-01-15 00:00:00+08:00,242.87847900390622,244.51418944047418,242.2010751929265,242.87847900390625,6338,0.0,0.0
2014-01-16 00:00:00+08:00,254.24586486816406,256.6581107684976,244.53070827505482,254.24586486816406,51115,0.0,0.0
2014-01-17 00:00:00+08:00,252.13101196289062,254.9398102631342,250.33007342360233,252.13101196289062,45918,0.0,0.0
2014-01-20 00:00:00+08:00,247.835205078125,252.7919153162868,246.5299248380078,247.835205078125,11802,0.0,0.0
2014-01-21 00:00:00+08:00,246.18296813964844,246.18296813964844,237.93829385798628,246.18296813964844,27941,0.0,0.0
2014-01-22 00:00:00+08:00,243.72109985351562,248.66129186911616,242.05235413408147,243.72109985351562,13400,0.0,0.0
2014-01-23 00:00:00+08:00,246.00123596191406,246.59602586041393,242.96111347236726,246.00123596191406,12170,0.0,0.0
2014-01-24 00:00:00+08:00,245.35682678222656,245.35682678222656,244.53071270571746,245.35682678222656,4563,0.0,0.0
2014-01-27 00:00:00+08:00,246.18296813964844,247.00908222190165,244.5472320851749,246.18296813964844,5578,0.0,0.0
2014-02-05 00:00:00+08:00,238.71484375,245.35681702527006,237.92176506319058,238.71484375,31952,0.0,0.0
2014-02-06 00:00:00+08:00,239.57403564453125,239.57403564453125,237.93829955092096,239.57403564453125,21363,0.0,0.0
2014-02-07 00:00:00+08:00,243.39068603515625,247.81867691809933,239.57402826238533,243.39068603515625,11156,0.0,0.0
2014-02-10 00:00:00+08:00,251.12315368652347,251.13967136695135,246.18298650368772,251.12315368652344,17546,0.0,0.0
2014-02-11 00:00:00+08:00,245.35682678222656,251.13965088695306,236.86436180251476,245.35682678222656,24340,0.0,0.0
2014-02-12 00:00:00+08:00,246.18296813964844,249.48742446866132,246.18296813964844,246.18296813964844,2028,0.0,0.0
2014-02-13 00:00:00+08:00,247.00909423828125,247.83520836072287,246.18298011583963,247.00909423828125,10649,0.0,0.0
2014-02-14 00:00:00+08:00,247.835205078125,247.835205078125,246.18297685512564,247.835205078125,8620,0.0,0.0
2014-02-17 00:00:00+08:00,247.835205078125,248.66131918962466,247.00909096662534,247.835205078125,22566,0.0,0.0
2014-02-18 00:00:00+08:00,247.17431640625003,248.49608874363383,246.36471998270795,247.17431640625,11156,0.0,0.0
2014-02-19 00:00:00+08:00,247.33953857421875,250.31356492518614,247.33953857421875,247.33953857421875,8620,0.0,0.0
2014-02-20 00:00:00+08:00,248.66131591796875,248.66131591796875,247.83520181733832,248.66131591796875,7099,0.0,0.0
2014-02-21 00:00:00+08:00,251.94927978515625,251.94927978515625,247.83522655098983,251.94927978515625,25355,0.0,0.0
2014-02-24 00:00:00+08:00,257.7320556640625,257.7485733421356,249.17349492104918,257.7320556640625,60547,0.0,0.0
2014-02-25 00:00:00+08:00,261.0530700683594,266.00978007996224,256.09636005675645,261.0530700683594,60421,0.0,0.0
2014-02-26 00:00:00+08:00,254.4606475830078,262.0444100056215,252.79190176965284,254.4606475830078,30933,0.0,0.0
2014-02-27 00:00:00+08:00,261.03656005859375,264.35753413014976,256.09636758087345,261.03656005859375,71501,0.0,0.0
2014-03-03 00:00:00+08:00,260.22698974609375,264.3575606505296,260.22698974609375,260.22698974609375,10142,0.0,0.0
2014-03-04 00:00:00+08:00,260.22698974609375,262.68881460758735,259.4008755652066,260.22698974609375,12677,0.0,0.0
2014-03-05 00:00:00+08:00,260.4747619628906,261.8791737308287,260.4747619628906,260.4747619628906,9127,0.0,0.0
2014-03-06 00:00:00+08:00,261.0530700683594,261.4826575688362,259.9791141017485,261.0530700683594,26927,0.0,0.0
2014-03-07 00:00:00+08:00,260.7226257324219,261.05308160418565,259.9956432698726,260.7226257324219,8113,0.0,0.0
2014-03-10 00:00:00+08:00,260.22698974609375,261.0531039269809,259.4008755652066,260.22698974609375,24847,0.0,0.0
2014-03-11 00:00:00+08:00,261.0530700683594,261.0530700683594,258.57470227797666,261.0530700683594,32784,0.0,0.0
2014-03-12 00:00:00+08:00,259.40087890625,259.40087890625,257.76516820457584,259.40087890625,5578,0.0,0.0
2014-03-13 00:00:00+08:00,260.22698974609375,261.03658624581306,257.7982002469359,260.22698974609375,16607,0.0,0.0
2014-03-14 00:00:00+08:00,264.3575439453125,265.20020132328443,260.706113871315,264.3575439453125,39614,0.0,0.0
2014-03-17 00:00:00+08:00,270.1238708496094,270.1238708496094,265.99327432944705,270.1238708496094,47667,0.0,0.0
2014-03-18 00:00:00+08:00,267.0011291503906,269.31424350426346,266.8028402893473,267.0011291503906,6338,0.0,0.0
2014-03-19 00:00:00+08:00,264.3575439453125,269.29773660645407,264.3575439453125,264.3575439453125,16379,0.0,0.0
2014-03-20 00:00:00+08:00,262.705322265625,264.357550564361,261.38352428513724,262.705322265625,25380,0.0,0.0
2014-03-21 00:00:00+08:00,258.57470703125,262.6887853657147,256.92247885339765,258.57470703125,41937,0.0,0.0
2014-03-24 00:00:00+08:00,261.8791809082031,261.8791809082031,258.57469908488673,261.8791809082031,5324,0.0,0.0
2014-03-25 00:00:00+08:00,264.1758117675781,264.1758117675781,259.40087237220894,264.1758117675781,21856,0.0,0.0
2014-03-26 00:00:00+08:00,266.009765625,266.009765625,262.7218016185706,266.009765625,17494,0.0,0.0
2014-03-27 00:00:00+08:00,264.539306640625,266.00981494238187,264.37410425955613,264.539306640625,16354,0.0,0.0
2014-03-28 00:00:00+08:00,271.8421630859375,275.9066628265047,266.0097858372862,271.8421630859375,15263,0.0,0.0
2014-03-31 00:00:00+08:00,273.593505859375,273.593505859375,270.14033945538534,273.593505859375,23326,0.0,0.0
2014-04-01 00:00:00+08:00,269.3142395019531,272.6187214044445,267.66201133528887,269.3142395019531,5071,0.0,0.0
2014-04-02 00:00:00+08:00,268.9837951660156,271.46216309136474,266.8524263649125,268.9837951660156,20791,0.0,0.0
2014-04-03 00:00:00+08:00,269.3307800292969,270.94997297488743,266.8524375690553,269.3307800292969,20816,0.0,0.0
2014-04-07 00:00:00+08:00,276.56756591796875,280.86339014038646,268.50466222990303,276.56756591796875,36849,0.0,0.0
2014-04-08 00:00:00+08:00,275.11358642578125,277.57541104212663,275.11358642578125,275.11358642578125,14716,0.0,0.0
2014-04-09 00:00:00+08:00,275.8570556640625,277.5753799561265,275.09703793781057,275.8570556640625,12677,0.0,0.0
2014-04-10 00:00:00+08:00,280.8798828125,280.8798828125,275.8570765466245,280.8798828125,18331,0.0,0.0
2014-04-11 00:00:00+08:00,294.08123779296875,304.0111497439793,280.8798793958663,294.08123779296875,140949,0.0,0.0
2014-04-14 00:00:00+08:00,280.8798828125,294.09775904910794,274.28746237311964,280.8798828125,39302,0.0,0.0
2014-04-15 00:00:00+08:00,287.48883056640625,292.4289974649156,279.7729008716603,287.48883056640625,42333,0.0,0.0
2014-04-16 00:00:00+08:00,287.5218811035156,290.79330230258245,285.8531351432838,287.5218811035156,25862,0.0,0.0
2014-04-17 00:00:00+08:00,287.48883056640625,290.4463389752189,287.48883056640625,287.48883056640625,12698,0.0,0.0
2014-04-18 00:00:00+08:00,290.7933044433594,291.60290090891164,289.47153203738844,290.7933044433594,56795,0.0,0.0
2014-04-21 00:00:00+08:00,289.14105224609375,290.6115347930569,288.8105963873396,289.14105224609375,5603,0.0,0.0
2014-04-22 00:00:00+08:00,289.6367492675781,290.92548626494073,289.14106545679937,289.6367492675781,7454,0.0,0.0
2014-04-23 00:00:00+08:00,288.8105773925781,290.62805892702943,288.00100661636793,288.8105773925781,6085,0.0,0.0
2014-04-24 00:00:00+08:00,285.8531188964844,289.8019437495844,285.8531188964844,285.8531188964844,8899,0.0,0.0
2014-04-25 00:00:00+08:00,280.8798828125,288.3149349994467,277.83976053903194,280.8798828125,7277,0.0,0.0
2014-04-28 00:00:00+08:00,284.1678161621094,284.1678161621094,284.1678161621094,284.1678161621094,507,0.0,0.0
2014-04-29 00:00:00+08:00,281.8712463378906,286.66272875731926,280.070307814413,281.8712463378906,3052,0.0,0.0
2014-04-30 00:00:00+08:00,280.8798828125,280.8798828125,279.9711547800768,280.8798828125,3042,0.0,0.0
2014-05-02 00:00:00+08:00,277.6415100097656,280.87989571742844,277.575413721872,277.6415100097656,4056,0.0,0.0
2014-05-05 00:00:00+08:00,277.5754089355469,280.13639074792144,276.7492948431936,277.5754089355469,4082,0.0,0.0
2014-05-06 00:00:00+08:00,277.5754089355469,279.22766268941655,274.2709525661338,277.5754089355469,7733,0.0,0.0
2014-05-07 00:00:00+08:00,280.8798828125,280.8798828125,275.9231728314814,280.8798828125,14883,0.0,0.0
2014-05-08 00:00:00+08:00,282.7237548828125,289.5776636099669,277.5833167082159,282.7237548828125,19498,11.982024,0.0
2014-05-09 00:00:00+08:00,278.45721435546875,284.42012863602713,278.45721435546875,278.45721435546875,12170,0.0,0.0
2014-05-12 00:00:00+08:00,267.3024597167969,278.4400721488437,265.349116934222,267.3024597167969,30129,0.0,0.0
2014-05-13 00:00:00+08:00,264.7493896484375,266.6170828048311,263.8926542906569,264.7493896484375,4056,0.0,0.0
2014-05-14 00:00:00+08:00,267.3024597167969,268.99880045972253,264.7493836355484,267.3024597167969,3202,0.0,0.0
2014-05-15 00:00:00+08:00,265.5889892578125,274.15636916498704,264.74938385252153,265.5889892578125,16734,0.0,0.0
2014-05-16 00:00:00+08:00,265.4176330566406,269.90694844256757,263.8755147720336,265.4176330566406,12170,0.0,0.0
2014-05-19 00:00:00+08:00,258.752197265625,261.3052732236881,258.752197265625,258.752197265625,4107,0.0,0.0
2014-05-20 00:00:00+08:00,259.6603698730469,261.3052943515206,257.0216175202366,259.6603698730469,17748,0.0,0.0
2014-05-21 00:00:00+08:00,260.4656982421875,261.3052771018161,259.6432227987821,260.4656982421875,10142,0.0,0.0
2014-05-22 00:00:00+08:00,260.44854736328125,261.63085749577465,259.60894196876853,260.44854736328125,6592,0.0,0.0
2014-05-23 00:00:00+08:00,262.17919921875,265.58901091921956,261.3053073577913,262.17919921875,6592,0.0,0.0
2014-05-26 00:00:00+08:00,262.16204833984375,262.1791782736063,260.448551142005,262.16204833984375,7099,0.0,0.0
2014-05-27 00:00:00+08:00,261.4766540527344,261.64800643417095,260.4485662810418,261.4766540527344,7099,0.0,0.0
2014-05-28 00:00:00+08:00,269.8727111816406,270.7294465800678,260.4485687650876,269.8727111816406,11156,0.0,0.0
2014-05-29 00:00:00+08:00,266.4457092285156,268.15917980773423,266.4457092285156,266.4457092285156,4056,0.0,0.0
2014-05-30 00:00:00+08:00,263.8755187988281,266.44572481803664,259.6089455169701,263.8755187988281,10142,0.0,0.0
2014-06-03 00:00:00+08:00,260.44854736328125,264.73225052033996,260.44854736328125,260.44854736328125,19269,0.0,0.0
2014-06-04 00:00:00+08:00,260.44854736328125,260.44854736328125,260.44854736328125,260.44854736328125,0,0.0,0.0
2014-06-05 00:00:00+08:00,260.44854736328125,261.11680038880365,260.44854736328125,260.44854736328125,1521,0.0,0.0
2014-06-06 00:00:00+08:00,259.42047119140625,260.44855893409766,257.02161746974366,259.42047119140625,4208,0.0,0.0
2014-06-09 00:00:00+08:00,257.0216064453125,257.0216064453125,255.3081357866314,257.0216064453125,5730,0.0,0.0
2014-06-10 00:00:00+08:00,257.0216064453125,259.5746824997938,255.51374802296513,257.0216064453125,12728,0.0,0.0
2014-06-11 00:00:00+08:00,247.88877868652344,256.1648700411692,245.0443877060912,247.88877868652344,23377,0.0,0.0
2014-06-12 00:00:00+08:00,241.41183471679688,249.31096148540627,231.14808768411694,241.41183471679688,57910,0.0,0.0
2014-06-13 00:00:00+08:00,236.45986938476562,241.24047301148713,235.62026402307228,236.45986938476562,35770,0.0,0.0
2014-06-16 00:00:00+08:00,224.4655303955078,235.60314266363554,222.7520597440804,224.4655303955078,39386,0.0,0.0
2014-06-17 00:00:00+08:00,220.8672332763672,224.29418798990633,211.6144568756578,220.8672332763672,149113,0.0,0.0
2014-06-18 00:00:00+08:00,211.6144561767578,217.61163022026017,211.6144561767578,211.6144561767578,21416,0.0,0.0
2014-06-19 00:00:00+08:00,214.15040588378906,214.16754907670375,212.47120826133144,214.15040588378906,12794,0.0,0.0
2014-06-20 00:00:00+08:00,222.75205993652344,224.44840065594855,212.47119624368986,222.75205993652344,35638,0.0,0.0
2014-06-23 00:00:00+08:00,239.88681030273438,239.88681030273438,224.4655219839324,239.88681030273438,33914,0.0,0.0
2014-06-24 00:00:00+08:00,233.0329132080078,245.0272609582395,233.0329132080078,233.0329132080078,23351,0.0,0.0
2014-06-25 00:00:00+08:00,229.60598754882812,236.28854484666755,227.89251675798255,229.60598754882812,18882,0.0,0.0
2014-06-26 00:00:00+08:00,225.68209838867188,231.31943746503438,224.8082331372465,225.68209838867188,8164,0.0,0.0
2014-06-27 00:00:00+08:00,224.482666015625,229.60597468314913,222.7863252546933,224.482666015625,55906,0.0,0.0
2014-06-30 00:00:00+08:00,226.3674774169922,230.2913457891377,226.3674774169922,226.3674774169922,0,0.0,0.0
2014-07-01 00:00:00+08:00,230.47984313964844,236.45988723697272,227.9096370619901,230.47984313964844,16888,0.0,0.0
2014-07-02 00:00:00+08:00,223.60879516601562,232.15904501028888,219.77060287365777,223.60879516601562,22839,0.0,0.0
2014-07-03 00:00:00+08:00,226.1790008544922,227.0357361794769,226.1790008544922,226.1790008544922,1521,0.0,0.0
2014-07-04 00:00:00+08:00,226.00765991210938,226.47030072335977,221.03858682090492,226.00765991210938,4574,0.0,0.0
2014-07-07 00:00:00+08:00,224.2770538330078,226.00765446219097,222.75206544454983,224.2770538330078,9736,0.0,0.0
2014-07-08 00:00:00+08:00,221.03857421875,222.75205811611696,221.03857421875,221.03857421875,9138,0.0,0.0
2014-07-09 00:00:00+08:00,218.46835327148438,222.75205635174026,217.6116179588181,218.46835327148438,6171,0.0,0.0
2014-07-10 00:00:00+08:00,219.3251190185547,222.75207379605612,218.62259282512068,219.3251190185547,4158,0.0,0.0
2014-07-11 00:00:00+08:00,215.00714111328125,221.03857474748486,212.488324948927,215.00714111328125,9421,0.0,0.0
2014-07-14 00:00:00+08:00,209.04425048828125,217.6116306307636,209.04425048828125,209.04425048828125,32895,0.0,0.0
2014-07-15 00:00:00+08:00,203.04705810546875,209.71248461108584,201.52205656964915,203.04705810546875,17241,0.0,0.0
2014-07-16 00:00:00+08:00,203.04705810546875,203.04705810546875,203.04705810546875,203.04705810546875,0,0.0,0.0
2014-07-17 00:00:00+08:00,186.9403839111328,203.90380446911504,185.56959147014507,186.9403839111328,84493,0.0,0.0
2014-07-18 00:00:00+08:00,188.48251342773438,188.48251342773438,174.7746942693537,188.48251342773438,108276,0.0,0.0
2014-07-21 00:00:00+08:00,182.48533630371094,189.16789291023014,181.11454390268872,182.48533630371094,25609,0.0,0.0
2014-07-22 00:00:00+08:00,179.9151153564453,181.97129067930587,179.33253853558375,179.9151153564453,14580,0.0,0.0
2014-07-23 00:00:00+08:00,179.9151153564453,179.9151153564453,179.9151153564453,179.9151153564453,0,0.0,0.0
2014-07-24 00:00:00+08:00,171.67327880859375,179.41819589499772,169.29155528331606,171.67327880859375,30071,0.0,0.0
2014-07-25 00:00:00+08:00,154.5556640625,171.89604956075365,141.37901925115827,154.5556640625,83811,0.0,0.0
2014-07-28 00:00:00+08:00,155.0868377685547,158.71940465883048,152.17392697938547,155.0868377685547,28346,0.0,0.0
2014-07-29 00:00:00+08:00,154.21295166015625,157.63990614149304,147.65034436887365,154.21295166015625,17799,0.0,0.0
2014-07-30 00:00:00+08:00,152.51661682128906,154.88122385677784,152.51661682128906,152.51661682128906,13370,0.0,0.0
2014-07-31 00:00:00+08:00,152.49949645996094,155.58375978239113,152.49949645996094,152.49949645996094,4058,0.0,0.0
2014-08-01 00:00:00+08:00,154.0416259765625,154.88123142237248,149.07253955687167,154.0416259765625,2537,0.0,0.0
2014-08-04 00:00:00+08:00,154.21295166015625,156.40620624058118,154.0416125540898,154.21295166015625,14302,0.0,0.0
2014-08-05 00:00:00+08:00,154.70986938476562,154.70986938476562,153.37336333549925,154.70986938476562,3043,0.0,0.0
2014-08-06 00:00:00+08:00,147.3419189453125,149.0725328208781,146.9820842680925,147.3419189453125,12839,0.0,0.0
2014-08-07 00:00:00+08:00,137.9349365234375,143.2467143159939,133.5141539589711,137.9349365234375,36282,0.0,0.0
2014-08-08 00:00:00+08:00,128.51080322265625,133.12005467432488,118.82965952910563,128.51080322265625,158398,0.0,0.0
2014-08-11 00:00:00+08:00,136.22145080566406,136.22145080566406,122.51363219021266,136.22145080566406,56169,0.0,0.0
2014-08-12 00:00:00+08:00,131.93775939941406,134.11387087471348,124.55266311685432,131.93775939941406,25202,0.0,0.0
2014-08-13 00:00:00+08:00,128.51080322265625,128.51080322265625,128.51080322265625,128.51080322265625,2079,0.0,0.0
2014-08-14 00:00:00+08:00,125.42654418945312,125.42654418945312,119.77207492250174,125.42654418945312,41543,0.0,0.0
2014-08-15 00:00:00+08:00,123.370361328125,123.370361328125,119.08667154106952,123.370361328125,40494,0.0,0.0
2014-08-18 00:00:00+08:00,110.00524139404297,120.35464444780509,109.55973717932422,110.00524139404297,45836,0.0,0.0
2014-08-19 00:00:00+08:00,111.01618957519531,112.23275950977623,111.01618957519531,111.01618957519531,22474,0.0,0.0
2014-08-20 00:00:00+08:00,102.99712371826172,113.08950554867995,102.99712371826172,102.99712371826172,99995,0.0,0.0
2014-08-21 00:00:00+08:00,102.80863189697266,103.15132998832159,98.54207877775609,102.80863189697266,117596,0.0,0.0
2014-08-22 00:00:00+08:00,99.38168334960938,102.79150801421929,99.05612843020566,99.38168334960938,28565,0.0,0.0
2014-08-25 00:00:00+08:00,102.80863189697266,102.80863189697266,100.4097651452228,102.80863189697266,44650,0.0,0.0
2014-08-26 00:00:00+08:00,116.5164566040039,117.23612595443387,100.75246939394216,116.5164566040039,83622,0.0,0.0
2014-08-27 00:00:00+08:00,123.370361328125,127.99675584423764,113.43220261317175,123.370361328125,77740,0.0,0.0
2014-08-28 00:00:00+08:00,118.22993469238281,128.33944563992975,115.57403936916133,118.22993469238281,57456,0.0,0.0
2014-08-29 00:00:00+08:00,120.80015563964844,120.83441550584931,118.22993645916478,120.80015563964844,26369,0.0,0.0
2014-09-01 00:00:00+08:00,113.15805053710938,122.49650302161508,113.15805053710938,113.15805053710938,14959,0.0,0.0
2014-09-02 00:00:00+08:00,115.65971374511719,117.37319756591106,115.65971374511719,115.65971374511719,8727,0.0,0.0
2014-09-03 00:00:00+08:00,113.94625091552734,113.94625091552734,112.23276697845121,113.94625091552734,6110,0.0,0.0
2014-09-04 00:00:00+08:00,118.05858612060547,118.05858612060547,116.49932465245251,118.05858612060547,7099,0.0,0.0
2014-09-05 00:00:00+08:00,119.03527069091797,119.03527069091797,117.71589458327394,119.03527069091797,26876,0.0,0.0
2014-09-09 00:00:00+08:00,125.56361389160158,128.03102691225297,121.65688876249362,125.56361389160156,50814,0.0,0.0
2014-09-10 00:00:00+08:00,126.79732513427734,128.5108091301883,125.58075507696559,126.79732513427734,32280,0.0,0.0
2014-09-11 00:00:00+08:00,122.993408203125,128.51081166409978,122.993408203125,122.993408203125,36004,0.0,0.0
2014-09-12 00:00:00+08:00,121.65689849853516,125.4265446915944,120.4574583870365,121.65689849853516,21982,0.0,0.0
2014-09-15 00:00:00+08:00,120.30323791503906,122.51362236250019,119.9605464546814,120.30323791503906,15745,0.0,0.0
2014-09-16 00:00:00+08:00,120.388916015625,120.388916015625,120.388916015625,120.388916015625,507,0.0,0.0
2014-09-17 00:00:00+08:00,125.92344665527344,125.92344665527344,120.80015165486851,125.92344665527344,10101,0.0,0.0
2014-09-18 00:00:00+08:00,124.89537048339844,125.94058815017365,122.97627426631725,124.89537048339844,9639,0.0,0.0
2014-09-19 00:00:00+08:00,122.51362609863281,124.20996677805759,121.82822989855416,122.51362609863281,10806,0.0,0.0
2014-09-22 00:00:00+08:00,123.35323333740234,123.37036327074009,121.31418789786862,123.35323333740234,5076,0.0,0.0
2014-09-23 00:00:00+08:00,125.92344665527344,125.92344665527344,121.314182215547,125.92344665527344,5127,0.0,0.0
2014-09-24 00:00:00+08:00,125.08384704589844,125.92345243095266,125.08384704589844,125.08384704589844,3093,0.0,0.0
2014-09-25 00:00:00+08:00,122.49650573730467,125.5807557325034,119.94341629367028,122.49650573730469,25355,0.0,0.0
2014-09-26 00:00:00+08:00,120.47459411621094,121.6568909618391,120.44032099154373,120.47459411621094,16227,0.0,0.0
2014-09-29 00:00:00+08:00,121.65689849853516,121.65689849853516,120.38892539191859,121.65689849853516,8113,0.0,0.0
2014-09-30 00:00:00+08:00,120.80015563964844,123.37036156166995,120.45745090994251,120.80015563964844,18255,0.0,0.0
2014-10-01 00:00:00+08:00,120.78302001953125,120.80016321216847,119.94341459265938,120.78302001953125,25781,0.0,0.0
2014-10-02 00:00:00+08:00,116.5164566040039,120.78301661319725,112.40411903188134,116.5164566040039,41886,0.0,0.0
2014-10-03 00:00:00+08:00,117.0304946899414,117.0304946899414,113.94624497747337,117.0304946899414,5071,0.0,0.0
2014-10-06 00:00:00+08:00,117.47600555419922,120.80015387802042,116.51645088686283,117.47600555419922,35243,0.0,0.0
2014-10-07 00:00:00+08:00,115.79679870605469,117.97291014017162,115.79679870605469,115.79679870605469,5578,0.0,0.0
2014-10-08 00:00:00+08:00,115.79679870605469,115.79679870605469,115.79679870605469,115.79679870605469,0,0.0,0.0
2014-10-09 00:00:00+08:00,119.94340515136719,119.94340515136719,116.58499696669836,119.94340515136719,6597,0.0,0.0
2014-10-13 00:00:00+08:00,109.66255187988281,116.51646137237549,109.31986038279713,109.66255187988281,28953,0.0,0.0
2014-10-14 00:00:00+08:00,113.0895004272461,113.0895004272461,109.66254586884469,113.0895004272461,613,0.0,0.0
2014-10-15 00:00:00+08:00,113.0895004272461,113.0895004272461,113.0895004272461,113.0895004272461,50,0.0,0.0
2014-10-16 00:00:00+08:00,108.8058090209961,109.66254433398983,107.94907370800236,108.8058090209961,5628,0.0,0.0
2014-10-17 00:00:00+08:00,97.66820526123047,108.80581093019693,91.15699422884093,97.66820526123047,65292,0.0,0.0
2014-10-20 00:00:00+08:00,99.55303955078125,100.06708342322413,97.66820980874687,99.55303955078125,13999,0.0,0.0
2014-10-21 00:00:00+08:00,99.21033477783203,99.55303287957305,98.18224710184009,99.21033477783203,8115,0.0,0.0
2014-10-22 00:00:00+08:00,94.24125671386719,99.55304127820186,92.5277793190696,94.24125671386719,39506,0.0,0.0
2014-10-23 00:00:00+08:00,94.24125671386719,94.54968834606998,93.9157017762872,94.24125671386719,12678,0.0,0.0
2014-10-24 00:00:00+08:00,89.42637634277344,94.24124643520862,89.10081481146997,89.42637634277344,43357,0.0,0.0
2014-10-27 00:00:00+08:00,87.09605407714844,90.81429710870886,85.48538289233892,87.09605407714844,52078,0.0,0.0
2014-10-28 00:00:00+08:00,86.01656341552734,87.6786376619522,85.39971344153321,86.01656341552734,12677,0.0,0.0
2014-10-29 00:00:00+08:00,85.87948608398438,86.51347263505835,85.33117572035307,85.87948608398438,36866,0.0,0.0
2014-10-30 00:00:00+08:00,85.67386627197266,85.94802476539702,85.36544128148596,85.67386627197266,28793,0.0,0.0
2014-10-31 00:00:00+08:00,87.38733673095703,87.38733673095703,85.67385954015396,87.38733673095703,27484,0.0,0.0
2014-11-03 00:00:00+08:00,99.36455535888672,102.79151002415824,85.67386663178806,99.36455535888672,148131,0.0,0.0
2014-11-04 00:00:00+08:00,95.71484375,102.80863833680893,92.87047261594326,95.71484375,52236,0.0,0.0
2014-11-05 00:00:00+08:00,112.21563720703125,112.21563720703125,95.78338363584511,112.21563720703125,188335,0.0,0.0
2014-11-06 00:00:00+08:00,120.81729125976562,120.83442119367238,97.15417026928793,120.81729125976562,130222,0.0,0.0
2014-11-07 00:00:00+08:00,119.94340515136719,134.5079714350225,117.37319927054149,119.94340515136719,184958,0.0,0.0
2014-11-10 00:00:00+08:00,120.1147689819336,120.45746048040454,117.356067284315,120.1147689819336,65700,0.0,0.0
2014-11-11 00:00:00+08:00,119.94340515136719,121.65688899704625,117.45886219313279,119.94340515136719,50305,0.0,0.0
2014-11-12 00:00:00+08:00,123.370361328125,125.08384519802446,119.92627691372019,123.370361328125,74561,0.0,0.0
2014-11-13 00:00:00+08:00,123.370361328125,124.91249283349588,122.51362602240633,123.370361328125,34132,0.0,0.0
2014-11-14 00:00:00+08:00,123.25043487548828,123.37037093322631,119.94341618508113,123.25043487548828,46839,0.0,0.0
2014-11-17 00:00:00+08:00,125.94058227539062,128.49365829539357,119.94340853407147,125.94058227539062,54672,0.0,0.0
2014-11-18 00:00:00+08:00,122.08525848388673,125.51221296843306,120.30324162158415,122.08525848388672,9132,0.0,0.0
2014-11-19 00:00:00+08:00,123.370361328125,123.76446911484831,121.65689071668766,123.370361328125,8117,0.0,0.0
2014-11-20 00:00:00+08:00,122.17093658447266,122.92486578740278,121.46841044006392,122.17093658447266,23332,0.0,0.0
2014-11-21 00:00:00+08:00,120.80015563964844,122.51362625432944,119.96055026540837,120.80015563964844,14011,0.0,0.0
2014-11-24 00:00:00+08:00,120.80015563964844,120.80015563964844,118.22993645916478,120.80015563964844,20564,0.0,0.0
2014-11-25 00:00:00+08:00,121.45126342773438,121.63974572253778,120.80015362079143,121.45126342773438,3043,0.0,0.0
2014-11-26 00:00:00+08:00,121.65689849853516,121.65689849853516,119.42937065102707,121.65689849853516,7120,0.0,0.0
2014-11-27 00:00:00+08:00,120.35464477539062,120.76588249589543,117.39033106636832,120.35464477539062,2541,0.0,0.0
2014-11-28 00:00:00+08:00,119.92628479003906,120.35465247103201,118.22994400026028,119.92628479003906,12680,0.0,0.0
2014-12-01 00:00:00+08:00,119.27516174316406,120.44032873055868,115.67685465883486,119.27516174316406,24343,0.0,0.0
2014-12-02 00:00:00+08:00,119.73780059814453,119.73780059814453,119.73780059814453,119.73780059814453,31952,0.0,0.0
2014-12-03 00:00:00+08:00,119.90914916992188,119.90914916992188,119.90914916992188,119.90914916992188,18269,0.0,0.0
2014-12-04 00:00:00+08:00,119.84060668945312,119.84060668945312,119.84060668945312,119.84060668945312,39554,0.0,0.0
2014-12-05 00:00:00+08:00,119.92628479003906,120.78302015202496,118.24707393445331,119.92628479003906,39565,0.0,0.0
2014-12-08 00:00:00+08:00,120.30323791503906,121.75969319463628,119.92627333110711,120.30323791503906,12423,0.0,0.0
2014-12-09 00:00:00+08:00,120.32037353515625,122.15379348535144,119.94340893340514,120.32037353515625,5579,0.0,0.0
2014-12-10 00:00:00+08:00,120.32037353515625,120.32037353515625,120.32037353515625,120.32037353515625,0,0.0,0.0
2014-12-11 00:00:00+08:00,120.32037353515625,120.32037353515625,120.32037353515625,120.32037353515625,0,0.0,0.0
2014-12-12 00:00:00+08:00,120.80015563964844,120.80015563964844,117.85297186325798,120.80015563964844,27894,0.0,0.0
2014-12-15 00:00:00+08:00,118.3841552734375,118.55550765224507,118.3841552734375,118.3841552734375,2030,0.0,0.0
2014-12-16 00:00:00+08:00,113.94625091552734,118.3841500495679,108.82294892573248,113.94625091552734,42093,0.0,0.0
2014-12-17 00:00:00+08:00,114.32321166992188,117.23612233209633,112.55832473268558,114.32321166992188,52235,0.0,0.0
2014-12-18 00:00:00+08:00,119.92628479003906,120.78302015202496,114.11759304918712,119.92628479003906,54768,0.0,0.0
2014-12-19 00:00:00+08:00,120.32037353515625,121.65689283311353,116.53359758427906,120.32037353515625,54412,0.0,0.0
2014-12-22 00:00:00+08:00,121.99958801269531,125.0324481105883,119.94341257401956,121.99958801269531,49949,0.0,0.0
2014-12-23 00:00:00+08:00,120.26897430419922,122.0167181262622,118.22994205486953,120.26897430419922,31450,0.0,0.0
2014-12-24 00:00:00+08:00,117.37320709228516,121.31419235720398,115.67685306638703,117.37320709228516,20197,0.0,0.0
2014-12-25 00:00:00+08:00,113.94625091552734,117.39033546495656,110.51928967060638,113.94625091552734,95959,0.0,0.0
2014-12-26 00:00:00+08:00,111.89007568359375,113.94625110817644,107.96620713973303,111.89007568359375,34500,0.0,0.0
2014-12-29 00:00:00+08:00,107.94908073003523,130.2242798676362,107.94908073003523,126.79732513427734,1157364,0.0,0.0
2014-12-30 00:00:00+08:00,123.71306613415493,126.79731588835355,121.65689079238109,122.51362609863281,640605,0.0,0.0
2014-12-31 00:00:00+08:00,122.51362606587283,124.56980140709685,119.94340688934281,123.71306610107422,279869,0.0,0.0
2015-01-05 00:00:00+08:00,123.71307196441268,124.05576345137105,121.99958801269531,121.99958801269531,183266,0.0,0.0
2015-01-06 00:00:00+08:00,120.9714949792024,121.31418645110668,116.51645281059803,116.68780517578125,193682,0.0,0.0
2015-01-07 00:00:00+08:00,116.51645498564748,116.51645498564748,112.23276510226134,113.0895004272461,139959,0.0,0.0
2015-01-08 00:00:00+08:00,113.08950575547941,114.46028499173201,107.0923383103349,109.14851379394531,270908,0.0,0.0
2015-01-09 00:00:00+08:00,109.14851343794297,109.14851343794297,104.17942712157948,104.52212524414062,174303,0.0,0.0
2015-01-12 00:00:00+08:00,102.46594547100952,103.66537890583606,99.38168238497167,99.72438049316406,162272,0.0,0.0
2015-01-13 00:00:00+08:00,99.381685390824,106.57829284667969,97.3255165671734,106.57829284667969,266859,0.0,0.0
2015-01-14 00:00:00+08:00,106.06424250563033,106.06424250563033,103.15133187810653,103.32267761230469,191684,0.0,0.0
2015-01-15 00:00:00+08:00,104.17942648371337,104.17942648371337,101.4378614077046,101.60920715332031,62373,0.0,0.0
2015-01-16 00:00:00+08:00,100.23842159211996,103.32267796435076,96.81146712109417,97.49685668945312,68458,0.0,0.0
2015-01-19 00:00:00+08:00,98.52494873081181,98.69629447320102,92.69912719726562,92.69912719726562,98884,0.0,0.0
2015-01-20 00:00:00+08:00,93.38451372885308,95.61203482367544,90.30025069176162,95.44068908691406,94827,0.0,0.0
2015-01-21 00:00:00+08:00,95.0979970048915,95.44069512934186,92.69913002143355,92.87047576904297,85700,0.0,0.0
2015-01-22 00:00:00+08:00,94.24124916917559,94.24124916917559,92.52777191155421,93.38451385498047,24391,0.0,0.0
2015-01-23 00:00:00+08:00,93.89855478102028,96.98281109732548,93.89855478102028,94.06990051269531,45132,0.0,0.0
2015-01-26 00:00:00+08:00,94.06990425395915,95.61203578805949,94.06990425395915,95.09799194335938,45132,0.0,0.0
2015-01-27 00:00:00+08:00,94.5839510294435,95.61203875070011,94.41260528564453,94.41260528564453,29934,0.0,0.0
2015-01-28 00:00:00+08:00,94.24124812859458,94.92664432746011,93.55585855896011,94.58394622802734,17748,0.0,0.0
2015-01-29 00:00:00+08:00,94.41260528564453,96.46877409892636,93.72721568121725,94.41260528564453,22330,0.0,0.0
2015-01-30 00:00:00+08:00,94.58395484451937,95.95473410866477,94.24125671386719,94.24125671386719,22413,0.0,0.0
2015-02-02 00:00:00+08:00,94.41260516797821,95.9547301187098,94.06990705157598,95.26934051513672,29411,0.0,0.0
2015-02-03 00:00:00+08:00,95.95472344881344,95.95472344881344,94.06990051269531,94.06990051269531,16227,0.0,0.0
2015-02-04 00:00:00+08:00,93.72721410986442,93.72721410986442,90.8142967387291,90.98564910888672,69526,0.0,0.0
2015-02-05 00:00:00+08:00,90.9856513107393,90.9856513107393,87.73004237896559,88.58678436279297,52738,0.0,0.0
2015-02-06 00:00:00+08:00,86.18791101058761,89.10082183058752,86.18791101058761,86.53060913085938,25910,0.0,0.0
2015-02-09 00:00:00+08:00,86.87329985834441,87.04465223158996,84.30308718120664,84.81713104248047,40821,0.0,0.0
2015-02-10 00:00:00+08:00,84.81713138729424,84.81713138729424,81.90422058105469,81.90422058105469,39046,0.0,0.0
2015-02-11 00:00:00+08:00,81.90422039897229,83.18932342529297,81.90422039897229,83.18932342529297,11663,0.0,0.0
2015-02-12 00:00:00+08:00,83.96039121966808,83.96039121966808,82.84663391113281,82.84663391113281,9127,0.0,0.0
2015-02-13 00:00:00+08:00,82.2469110391033,82.76095489602083,82.2469110391033,82.67528533935547,15720,0.0,0.0
2015-02-24 00:00:00+08:00,83.10365808606682,83.10365808606682,80.70479102675787,80.87613677978516,9634,0.0,0.0
2015-02-25 00:00:00+08:00,81.30449584674952,81.39017202878478,80.87612819503534,81.21882629394531,19776,0.0,0.0
2015-02-26 00:00:00+08:00,81.21882950844387,86.87329864501953,81.21882950844387,86.87329864501953,70994,0.0,0.0
2015-03-02 00:00:00+08:00,87.73004491051829,87.73004491051829,84.13174438476562,84.13174438476562,54766,0.0,0.0
2015-03-03 00:00:00+08:00,84.13174217665139,87.3873444876916,84.13174217665139,86.53060913085938,22312,0.0,0.0
2015-03-04 00:00:00+08:00,86.5306112493896,86.5306112493896,84.8171338645426,84.98847961425781,29411,0.0,0.0
2015-03-05 00:00:00+08:00,84.98847103435257,86.5306025138004,84.98847103435257,85.33116912841797,11156,0.0,0.0
2015-03-06 00:00:00+08:00,84.81713104248047,86.0165645090423,83.96038906394695,84.81713104248047,22322,0.0,0.0
2015-03-09 00:00:00+08:00,84.81713493135084,84.81713493135084,84.1317452946377,84.21741485595703,12170,0.0,0.0
2015-03-10 00:00:00+08:00,84.21741196532626,84.81713202013563,84.21741196532626,84.47443389892578,10142,0.0,0.0
2015-03-11 00:00:00+08:00,82.3325871692474,83.96038829556306,82.3325871692474,83.10365295410156,8113,0.0,0.0
2015-03-12 00:00:00+08:00,83.10365295410156,83.96038829556306,82.3325871692474,83.10365295410156,31440,0.0,0.0
2015-03-13 00:00:00+08:00,84.04606244284138,86.35925974129661,83.78904052079079,84.64578247070312,15213,0.0,0.0
2015-03-16 00:00:00+08:00,84.64578247070312,84.64578247070312,84.64578247070312,84.64578247070312,0,0.0,0.0
2015-03-17 00:00:00+08:00,81.39017390247807,82.41826159364469,81.39017390247807,81.73287200927734,25355,0.0,0.0
2015-03-18 00:00:00+08:00,81.39017202878478,81.56151776362424,78.81995286003759,81.21882629394531,51724,0.0,0.0
2015-03-19 00:00:00+08:00,83.96038656031833,83.96038656031833,80.53343200683594,80.53343200683594,14824,0.0,0.0
2015-03-20 00:00:00+08:00,80.53343601711506,80.53343601711506,78.90563484338314,79.07698059082031,15984,0.0,0.0
2015-03-23 00:00:00+08:00,75.39300620845039,78.64861528349391,75.39300620845039,76.24974822998047,25033,0.0,0.0
2015-03-24 00:00:00+08:00,75.39299974809748,75.39299974809748,74.62194061279297,74.62194061279297,40257,0.0,0.0
2015-03-25 00:00:00+08:00,74.8789551425173,74.8789551425173,71.10930917104065,71.28065490722656,31539,0.0,0.0
2015-03-26 00:00:00+08:00,70.25256622485493,73.07980729217614,69.90987475739425,72.48008728027344,28919,0.0,0.0
2015-03-27 00:00:00+08:00,72.137399826583,72.137399826583,70.25257013375209,70.59526824951172,13694,0.0,0.0
2015-03-30 00:00:00+08:00,70.93796891865512,70.93796891865512,65.71186058328944,66.14022827148438,103448,0.0,0.0
2015-03-31 00:00:00+08:00,66.8256149839656,66.8256149839656,65.96887964494067,66.39724731445312,31947,0.0,0.0
2015-04-01 00:00:00+08:00,66.14022463926231,66.14022463926231,63.7413577620313,64.25540161132812,29411,0.0,0.0
2015-04-02 00:00:00+08:00,64.25540151279355,65.62618068932886,64.25540151279355,65.11213684082031,12677,0.0,0.0
2015-04-07 00:00:00+08:00,65.11213869302114,65.9688806746503,64.68377101682228,65.62618255615234,17241,0.0,0.0
2015-04-08 00:00:00+08:00,65.45483837753632,68.19640350341797,65.45483837753632,68.19640350341797,22312,0.0,0.0
2015-04-09 00:00:00+08:00,68.53909419672638,69.56718193552358,66.91129302978516,66.91129302978516,29411,0.0,0.0
2015-04-10 00:00:00+08:00,66.99696921776209,68.19640270328165,65.96888147896489,66.91129302978516,14198,0.0,0.0
2015-04-13 00:00:00+08:00,68.02505032732779,68.02505032732779,66.82561684180823,66.91129302978516,8620,0.0,0.0
2015-04-14 00:00:00+08:00,66.91128831045543,66.91128831045543,65.45483299296203,66.22589874267578,5147,0.0,0.0
2015-04-15 00:00:00+08:00,66.22589777270042,66.8256111497623,65.28348630215253,65.79752349853516,12681,0.0,0.0
2015-04-16 00:00:00+08:00,64.85511396021474,65.79752545883989,64.85511396021474,65.454833984375,5578,0.0,0.0
2015-04-17 00:00:00+08:00,65.79752545883989,65.96887782530347,65.454833984375,65.454833984375,12733,0.0,0.0
2015-04-20 00:00:00+08:00,65.11213403220064,65.19781021300017,64.51242065429688,64.51242065429688,5615,0.0,0.0
2015-04-21 00:00:00+08:00,65.11213694066866,65.45483504994364,64.25540161132812,64.25540161132812,8136,0.0,0.0
2015-04-22 00:00:00+08:00,64.25539865092537,65.8831996792144,64.16972247024613,65.79752349853516,5578,0.0,0.0
2015-04-23 00:00:00+08:00,65.79752642908797,65.79752642908797,64.25540151279355,65.11213684082031,11663,0.0,0.0
2015-04-24 00:00:00+08:00,64.25540443555244,65.0264702433884,64.25540443555244,64.42675018310547,3605,0.0,0.0
2015-04-27 00:00:00+08:00,63.57001202200944,64.34107116672342,63.57001202200944,64.25540161132812,17283,0.0,0.0
2015-04-28 00:00:00+08:00,64.25540541895785,64.25540541895785,63.74136153919994,64.08405303955078,8113,0.0,0.0
2015-04-29 00:00:00+08:00,64.08405387788935,65.11214165085444,63.74136237305546,64.9407958984375,12170,0.0,0.0
2015-04-30 00:00:00+08:00,65.11214051643124,66.14022827148438,65.02647095633122,66.14022827148438,16227,0.0,0.0
2015-05-04 00:00:00+08:00,66.82561305412976,66.82561305412976,66.1402234768567,66.31156921386719,4107,0.0,0.0
2015-05-05 00:00:00+08:00,66.2259036645173,66.2259036645173,64.85511779785156,64.85511779785156,7102,0.0,0.0
2015-05-06 00:00:00+08:00,64.85511970761317,64.9407958984375,64.85511970761317,64.9407958984375,2028,0.0,0.0
2015-05-07 00:00:00+08:00,64.94078929949806,64.94078929949806,63.741355895996094,63.741355895996094,6089,0.0,0.0
2015-05-08 00:00:00+08:00,63.39866340961746,65.11214079906658,63.055971909266624,64.08405303955078,8113,0.0,0.0
2015-05-11 00:00:00+08:00,64.08405048851928,64.08405048851928,59.62901475668111,61.59951400756836,63909,0.0,0.0
2015-05-12 00:00:00+08:00,61.3424912384564,61.3424912384564,58.94361771816398,60.31440353393555,9634,0.0,0.0
2015-05-13 00:00:00+08:00,59.97170173090675,59.97170173090675,56.8017692565918,56.8017692565918,47720,0.0,0.0
2015-05-14 00:00:00+08:00,56.80177281964767,56.80177281964767,53.46049440527944,54.48857879638672,33004,0.0,0.0
2015-05-15 00:00:00+08:00,54.31723242220246,54.31723242220246,50.89027786254883,50.89027786254883,59837,0.0,0.0
2015-05-18 00:00:00+08:00,50.89028019733881,51.31864787964075,50.20488726519365,51.232975006103516,14824,0.0,0.0
2015-05-19 00:00:00+08:00,51.48999537045956,52.603755950927734,51.48999537045956,52.603755950927734,6592,0.0,0.0
2015-05-20 00:00:00+08:00,52.60375501608023,53.289144600519165,52.34673309326172,52.34673309326172,12170,0.0,0.0
2015-05-21 00:00:00+08:00,52.34673309326172,52.60375501608023,52.34673309326172,52.34673309326172,4056,0.0,0.0
2015-05-22 00:00:00+08:00,52.432409561101515,54.83127658588778,52.432409561101515,53.803192138671875,12692,0.0,0.0
2015-05-25 00:00:00+08:00,54.83127359342248,54.83127359342248,54.48857879638672,54.48857879638672,1014,0.0,0.0
2015-05-26 00:00:00+08:00,54.65992799924187,54.65992799924187,52.77510163855173,53.03212356567383,4563,0.0,0.0
2015-05-27 00:00:00+08:00,51.57566833496094,52.60375604637095,50.63325680924553,51.57566833496094,12170,0.0,0.0
2015-05-28 00:00:00+08:00,51.575664994160796,51.832686905364774,51.40431594848633,51.40431594848633,14198,0.0,0.0
2015-05-29 00:00:00+08:00,51.40431632043083,53.888859270302966,51.40431632043083,53.71751022338867,18316,0.0,0.0
2015-06-01 00:00:00+08:00,52.00403632732312,53.71751022338867,52.00403632732312,53.71751022338867,1014,0.0,0.0
2015-06-02 00:00:00+08:00,51.74701637822375,53.71751226213961,51.74701637822375,52.34673309326172,3549,0.0,0.0
2015-06-03 00:00:00+08:00,52.860776477464846,53.032122214771064,51.91836166381836,51.91836166381836,13438,0.0,0.0
2015-06-04 00:00:00+08:00,51.91836268236929,51.91836268236929,51.14729690551758,51.14729690551758,15213,0.0,0.0
2015-06-05 00:00:00+08:00,50.033541642635825,50.71893126187093,49.94786545426961,50.20488739013672,3093,0.0,0.0
2015-06-08 00:00:00+08:00,49.51949550166041,49.51949550166041,49.348146447395855,49.43382263183594,6085,0.0,0.0
2015-06-09 00:00:00+08:00,47.97736677156351,48.148715835879706,45.83552169799805,45.83552169799805,7099,0.0,0.0
2015-06-10 00:00:00+08:00,47.89169104024603,50.20488504015881,47.80601817050574,49.86219024658203,11156,0.0,0.0
2015-06-11 00:00:00+08:00,49.519493578861216,49.86218835946817,46.69225583827677,49.34814453125,13184,0.0,0.0
2015-06-12 00:00:00+08:00,46.77792924260145,47.720340728759766,46.77792924260145,47.720340728759766,7606,0.0,0.0
2015-06-15 00:00:00+08:00,48.83410546026043,51.14729959796908,48.83410546026043,49.17680358886719,2535,0.0,0.0
2015-06-16 00:00:00+08:00,47.120627008333514,49.1768024749352,46.60658645629883,46.60658645629883,3042,0.0,0.0
2015-06-17 00:00:00+08:00,47.120628356933594,47.120628356933594,47.120628356933594,47.120628356933594,1054,0.0,0.0
2015-06-18 00:00:00+08:00,47.463320523011,49.69084167480469,47.463320523011,49.69084167480469,10649,0.0,0.0
2015-06-22 00:00:00+08:00,49.690840713470564,51.06162318917907,49.690840713470564,50.033538818359375,8113,0.0,0.0
2015-06-23 00:00:00+08:00,53.11779440830011,55.002620697021484,53.11779440830011,55.002620697021484,31947,0.0,0.0
2015-06-24 00:00:00+08:00,56.54474990728195,60.485748291015625,56.20205843083713,60.485748291015625,58823,0.0,0.0
2015-06-25 00:00:00+08:00,63.741360318574195,66.48292541503906,63.39866219555427,66.48292541503906,199797,0.0,0.0
2015-06-26 00:00:00+08:00,68.36774761644163,68.36774761644163,64.25540334062342,65.62618255615234,93828,0.0,0.0
2015-06-29 00:00:00+08:00,65.11213731605783,65.11213731605783,60.31440353393555,60.31440353393555,38032,0.0,0.0
2015-06-30 00:00:00+08:00,56.2020623104261,59.971708586922226,56.2020623104261,58.0012092590332,20791,0.0,0.0
2015-07-01 00:00:00+08:00,57.40149109630722,59.02929216093028,57.40149109630722,58.343902587890625,11663,0.0,0.0
2015-07-02 00:00:00+08:00,59.62901413797602,59.62901413797602,58.25822831766857,58.42958068847656,7099,0.0,0.0
2015-07-03 00:00:00+08:00,56.202060637220484,56.630428314208984,56.202060637220484,56.630428314208984,17748,0.0,0.0
2015-07-06 00:00:00+08:00,55.08829297892134,57.23013784756459,51.40431662282406,57.05879211425781,18357,0.0,0.0
2015-07-07 00:00:00+08:00,55.002623757664395,55.5166676208849,53.117797364061104,53.289146423339844,14198,0.0,0.0
2015-07-08 00:00:00+08:00,53.117796179482504,53.117796179482504,50.547580235313994,50.718929290771484,14254,0.0,0.0
2015-07-09 00:00:00+08:00,48.32006434654633,49.86219264925918,48.32006434654633,49.776519775390625,4563,0.0,0.0
2015-07-10 00:00:00+08:00,49.776519775390625,49.776519775390625,49.776519775390625,49.776519775390625,0,0.0,0.0
2015-07-13 00:00:00+08:00,54.40290516119415,54.40290516119415,52.34673309326172,52.34673309326172,6592,0.0,0.0
2015-07-14 00:00:00+08:00,51.575668776114156,52.261061694455236,51.575668776114156,52.0040397644043,2028,0.0,0.0
2015-07-15 00:00:00+08:00,47.634668657215585,50.204884556188205,47.634668657215585,50.033538818359375,11156,0.0,0.0
2015-07-16 00:00:00+08:00,49.6908402570435,50.03353835878451,49.34814546991803,49.605167388916016,4563,0.0,0.0
2015-07-17 00:00:00+08:00,49.51949593366095,49.69084167480469,49.51949593366095,49.69084167480469,7606,0.0,0.0
2015-07-20 00:00:00+08:00,49.862189307914,49.862189307914,48.83410163192205,49.605167388916016,10649,0.0,0.0
2015-07-21 00:00:00+08:00,48.06303881299611,48.32006072998047,48.06303881299611,48.32006072998047,7606,0.0,0.0
2015-07-22 00:00:00+08:00,47.977363632519385,48.662756530324735,47.20630118008481,47.54899597167969,12170,0.0,0.0
2015-07-23 00:00:00+08:00,46.77792979598663,46.86360266448303,46.263885955777106,46.692256927490234,14264,0.0,0.0
2015-07-24 00:00:00+08:00,47.03495081168224,47.03495081168224,45.40714645385742,45.40714645385742,13742,0.0,0.0
2015-07-27 00:00:00+08:00,44.12204446692344,44.12204446692344,41.123457375952334,41.46615219116211,7607,0.0,0.0
2015-07-28 00:00:00+08:00,41.63749694824219,42.15154077518157,41.380475034772495,41.63749694824219,6085,0.0,0.0
2015-07-29 00:00:00+08:00,42.065870603162885,42.065870603162885,39.067283630371094,39.067283630371094,8210,0.0,0.0
2015-07-30 00:00:00+08:00,39.58132891581216,42.494239807128906,39.58132891581216,42.494239807128906,12170,0.0,0.0
2015-07-31 00:00:00+08:00,43.17963086039789,43.17963086039789,41.123455436862244,41.980194091796875,5324,0.0,0.0
2015-08-03 00:00:00+08:00,41.980194091796875,41.980194091796875,41.89452122068811,41.980194091796875,3042,0.0,0.0
2015-08-04 00:00:00+08:00,41.46615132283218,44.550411224365234,41.123456514798676,44.550411224365234,10395,0.0,0.0
2015-08-05 00:00:00+08:00,44.03636314071604,44.03636314071604,42.83692977007698,43.693668365478516,8620,0.0,0.0
2015-08-06 00:00:00+08:00,41.637499292746156,41.980194091796875,41.123455436862244,41.980194091796875,9127,0.0,0.0
2015-08-07 00:00:00+08:00,41.03778436147053,42.494239807128906,41.03778436147053,42.494239807128906,6085,0.0,0.0
2015-08-10 00:00:00+08:00,41.03778293865961,42.83693313598633,41.03778293865961,42.83693313598633,4056,0.0,0.0
2015-08-11 00:00:00+08:00,42.83693033469042,42.83693033469042,41.63749694824219,41.63749694824219,7099,0.0,0.0
2015-08-12 00:00:00+08:00,39.75267547208809,40.26671600341797,39.75267547208809,40.26671600341797,2535,0.0,0.0
2015-08-13 00:00:00+08:00,40.26671600341797,40.26671600341797,40.26671600341797,40.26671600341797,1014,0.0,0.0
2015-08-14 00:00:00+08:00,39.58132898558992,42.32289413202455,39.58132898558992,42.06587219238281,15720,0.0,0.0
2015-08-17 00:00:00+08:00,41.12345464178857,41.12345464178857,40.26671600341797,40.26671600341797,2028,0.0,0.0
2015-08-18 00:00:00+08:00,39.66699967946622,41.12345504760742,39.40997775395711,41.12345504760742,7606,0.0,0.0
2015-08-19 00:00:00+08:00,39.838350167726965,40.78076171875,39.40997917159738,40.78076171875,14705,0.0,0.0
2015-08-20 00:00:00+08:00,39.581329842267465,40.952112445153276,38.81026400665372,39.40998077392578,25862,0.0,0.0
2015-08-21 00:00:00+08:00,37.26813353712189,39.0672837369351,37.18245735050053,38.0391960144043,12677,0.0,0.0
2015-08-24 00:00:00+08:00,37.011111555338466,37.096784427225735,34.26954650878906,34.26954650878906,52738,0.0,0.0
2015-08-25 00:00:00+08:00,32.470396311462345,34.26954650878906,31.699330520629886,34.26954650878906,16734,0.0,0.0
2015-08-26 00:00:00+08:00,34.44089502796707,34.8692626953125,34.26954597225952,34.8692626953125,7606,0.0,0.0
2015-08-27 00:00:00+08:00,34.8692626953125,34.954938880474096,34.783589824766544,34.8692626953125,16734,0.0,0.0
2015-08-28 00:00:00+08:00,34.86926379863538,38.29621850429602,34.86926379863538,37.43947982788086,31440,0.0,0.0
2015-08-31 00:00:00+08:00,38.210543694315994,38.210543694315994,36.92543740213748,37.52515411376953,15720,0.0,0.0
2015-09-01 00:00:00+08:00,37.35380554199219,37.6965003366752,37.35380554199219,37.35380554199219,5071,0.0,0.0
2015-09-02 00:00:00+08:00,37.096783617326025,37.43947841200904,36.839761692659856,37.35380554199219,6592,0.0,0.0
2015-09-03 00:00:00+08:00,37.95352448239218,39.40997993098889,37.696502542685025,38.72459030151367,4563,0.0,0.0
2015-09-04 00:00:00+08:00,38.72458893429673,38.72458893429673,38.0391960144043,38.0391960144043,9736,0.0,0.0
2015-09-07 00:00:00+08:00,37.95352226134137,37.95352226134137,36.15437210329383,37.35380554199219,19776,0.0,0.0
2015-09-08 00:00:00+08:00,36.32571885256901,37.0111083984375,35.725998856664816,37.0111083984375,14198,0.0,0.0
2015-09-09 00:00:00+08:00,36.66841364328701,36.66841364328701,35.725998873991514,35.9830207824707,62931,0.0,0.0
2015-09-10 00:00:00+08:00,34.78359020923294,35.72600173950195,34.26954635104415,35.72600173950195,15213,0.0,0.0
2015-09-11 00:00:00+08:00,34.86926518862541,37.09678649902344,34.52657036732169,37.09678649902344,16227,0.0,0.0
2015-09-14 00:00:00+08:00,35.983025165270796,35.983025165270796,34.09820202633563,35.38330841064453,27418,0.0,0.0
2015-09-15 00:00:00+08:00,35.12628458547025,35.55465556699112,34.26954593704414,35.4689826965332,16734,0.0,0.0
2015-09-16 00:00:00+08:00,35.4689826965332,36.66841614140662,34.95493884455441,35.4689826965332,15213,0.0,0.0
2015-09-17 00:00:00+08:00,36.15437153241259,38.98160934448242,36.15437153241259,38.98160934448242,119731,0.0,0.0
2015-09-18 00:00:00+08:00,38.98160987601601,40.00969425784993,37.86784930973421,38.381893157958984,105507,0.0,0.0
2015-09-21 00:00:00+08:00,36.325720647969945,38.38189270181725,36.325720647969945,37.953521728515625,22819,0.0,0.0
2015-09-22 00:00:00+08:00,37.525155083963945,38.89593759511337,35.983023515939976,37.182456970214844,27890,0.0,0.0
2015-09-23 00:00:00+08:00,37.95352287023596,37.95352287023596,36.325721740722656,36.325721740722656,20284,0.0,0.0
2015-09-24 00:00:00+08:00,37.52515375396715,37.52515375396715,35.12628361582445,35.64032745361328,29411,0.0,0.0
2015-09-25 00:00:00+08:00,35.64032871680654,37.43947889821884,35.2976339176731,37.182456970214844,15720,0.0,0.0
2015-09-29 00:00:00+08:00,37.182456970214844,37.182456970214844,37.182456970214844,37.182456970214844,0,0.0,0.0
2015-09-30 00:00:00+08:00,35.983023515939976,37.182456970214844,35.983023515939976,37.182456970214844,16227,0.0,0.0
2015-10-01 00:00:00+08:00,36.839761692659856,38.21054418600753,36.839761692659856,37.35380554199219,8620,0.0,0.0
2015-10-02 00:00:00+08:00,38.03919644968608,38.810262250407476,37.69650164312626,38.467567443847656,22312,0.0,0.0
2015-10-05 00:00:00+08:00,38.895936014865164,38.981608882513925,38.124870262179726,38.55323791503906,16227,0.0,0.0
2015-10-06 00:00:00+08:00,38.98161224122083,38.98161224122083,38.1248735470689,38.72459030151367,22819,0.0,0.0
2015-10-07 00:00:00+08:00,38.98161131099525,38.98161131099525,37.35380683656644,38.467567443847656,8159,0.0,0.0
2015-10-08 00:00:00+08:00,38.638914097303356,38.638914097303356,37.69649929470486,38.55323791503906,5578,0.0,0.0
2015-10-12 00:00:00+08:00,38.981608444209044,38.981608444209044,36.58273834547659,37.69649887084961,7099,0.0,0.0
2015-10-13 00:00:00+08:00,36.75408739346302,37.69649887084961,36.75408739346302,37.69649887084961,12170,0.0,0.0
2015-10-14 00:00:00+08:00,38.210543694315994,38.210543694315994,37.26813219241071,37.52515411376953,16785,0.0,0.0
2015-10-15 00:00:00+08:00,37.52515646412808,41.20913314819336,37.52515646412808,41.20913314819336,95842,0.0,0.0
2015-10-16 00:00:00+08:00,42.7512594709599,42.7512594709599,40.266716400782265,41.12345504760742,77079,0.0,0.0
2015-10-19 00:00:00+08:00,40.266714109268875,40.438063154728965,39.92401933296414,40.35239028930664,27383,0.0,0.0
2015-10-20 00:00:00+08:00,40.60941158097833,42.15154314863007,40.52373870986957,41.980194091796875,33468,0.0,0.0
2015-10-21 00:00:00+08:00,42.15154274964386,42.15154274964386,41.12345504760742,41.12345504760742,21805,0.0,0.0
2015-10-22 00:00:00+08:00,41.12345549170436,41.8088484053355,40.95210974925833,41.55182647705078,18762,0.0,0.0
2015-10-23 00:00:00+08:00,41.29480454876606,41.55182647705078,41.29480454876606,41.55182647705078,8316,0.0,0.0
2015-10-26 00:00:00+08:00,41.46614928543923,43.52232466184388,41.46614928543923,42.32289123535156,24847,0.0,0.0
2015-10-27 00:00:00+08:00,43.693670400133875,43.693670400133875,41.980193129540396,42.32289123535156,18813,0.0,0.0
2015-10-28 00:00:00+08:00,42.49423839324731,42.8369331958913,42.32289264923316,42.408565521240234,22819,0.0,0.0
2015-10-29 00:00:00+08:00,41.637498411179806,41.98019320297485,41.209130750089905,41.294803619384766,25862,0.0,0.0
2015-10-30 00:00:00+08:00,41.29480309916799,42.32289077621724,41.29480309916799,41.8945198059082,7099,0.0,0.0
2015-11-02 00:00:00+08:00,41.294803619384766,41.294803619384766,41.294803619384766,41.294803619384766,3042,0.0,0.0
2015-11-03 00:00:00+08:00,41.294803619384766,41.637498411179806,41.294803619384766,41.294803619384766,8113,0.0,0.0
2015-11-04 00:00:00+08:00,41.466147901057234,42.494235554936,41.466147901057234,41.63749694824219,10712,0.0,0.0
2015-11-05 00:00:00+08:00,41.637497462347675,41.637497462347675,40.86643171241812,41.03778076171875,13185,0.0,0.0
2015-11-06 00:00:00+08:00,41.03778450080385,41.46615219116211,41.03778450080385,41.46615219116211,15720,0.0,0.0
2015-11-09 00:00:00+08:00,41.808847391250396,42.494236973641556,41.55182546919982,42.32289123535156,22905,0.0,0.0
2015-11-10 00:00:00+08:00,41.20913422236297,41.20913422236297,39.238634860238115,40.43806838989258,33047,0.0,0.0
2015-11-11 00:00:00+08:00,39.924023666925585,40.60941329393768,39.75267791748047,39.75267791748047,3549,0.0,0.0
2015-11-12 00:00:00+08:00,40.43806717737592,40.43806717737592,38.81026268473046,38.895938873291016,7170,0.0,0.0
2015-11-13 00:00:00+08:00,42.23721780136115,42.23721780136115,39.75267791748047,39.75267791748047,5578,0.0,0.0
2015-11-16 00:00:00+08:00,41.12345717150465,41.8945229878551,39.75267791748047,39.75267791748047,11663,0.0,0.0
2015-11-17 00:00:00+08:00,40.438065104779234,40.438065104779234,39.40997741167198,39.838348388671875,16734,0.0,0.0
2015-11-18 00:00:00+08:00,40.1810446069554,40.1810446069554,39.92402267456055,39.92402267456055,8164,0.0,0.0
2015-11-19 00:00:00+08:00,39.924024501578984,40.60941414291986,39.924024501578984,40.43806838989258,12347,0.0,0.0
2015-11-20 00:00:00+08:00,40.6094111965892,41.12345504760742,40.43806545599355,41.12345504760742,20847,0.0,0.0
2015-11-23 00:00:00+08:00,41.46614984341436,45.235802541137545,41.46614984341436,41.12345504760742,154364,0.0,0.0
2015-11-24 00:00:00+08:00,43.179630279541016,43.52232507398177,41.98019352707495,43.179630279541016,75146,0.0,0.0
2015-11-25 00:00:00+08:00,43.265304124654044,43.265304124654044,42.15154353165683,42.83693313598633,31479,0.0,0.0
2015-11-26 00:00:00+08:00,42.83693160648007,45.2358017652123,42.83693160648007,44.20771408081055,31002,0.0,0.0
2015-11-27 00:00:00+08:00,44.37906549069867,44.97878223358749,40.78076171875,40.78076171875,73094,0.0,0.0
2015-11-30 00:00:00+08:00,42.778589078157616,42.778589078157616,40.39180061871598,40.94260025024414,44964,0.0,1.0715
2015-12-01 00:00:00+08:00,41.03439743513396,42.04419176069822,40.942599156306514,41.860591888427734,26975,0.0,0.0
2015-12-02 00:00:00+08:00,41.30979836914962,41.676998138427734,41.12619848451057,41.676998138427734,12363,0.0,0.0
2015-12-03 00:00:00+08:00,42.04419155043224,42.04419155043224,41.30979537963867,41.30979537963867,20829,0.0,0.0
2015-12-04 00:00:00+08:00,40.850800231243454,41.49339816885693,40.850800231243454,41.4015998840332,13251,0.0,0.0
2015-12-07 00:00:00+08:00,41.493395856326835,41.493395856326835,40.39179992675781,40.39179992675781,25082,0.0,0.0
2015-12-08 00:00:00+08:00,40.39179923445812,41.03439712524414,40.024602807305804,41.03439712524414,18463,0.0,0.0
2015-12-09 00:00:00+08:00,40.57539864444665,40.57539864444665,38.188610293913584,38.73940658569336,17983,0.0,0.0
2015-12-10 00:00:00+08:00,38.739408951890205,40.02460479736328,38.55581238649325,40.02460479736328,10411,0.0,0.0
2015-12-11 00:00:00+08:00,39.93280562536161,40.02460390601574,38.92300796508789,38.92300796508789,8045,0.0,0.0
2015-12-14 00:00:00+08:00,38.92300796508789,38.92300796508789,38.739408089163966,38.92300796508789,3786,0.0,0.0
2015-12-15 00:00:00+08:00,38.555810031510454,38.73940658569336,37.45421413333537,38.73940658569336,8045,0.0,0.0
2015-12-16 00:00:00+08:00,38.64760980850984,39.10660784101181,38.64760980850984,38.92300796508789,6625,0.0,0.0
2015-12-17 00:00:00+08:00,39.01481088376483,39.01481088376483,38.55581283569336,38.55581283569336,17510,0.0,0.0
2015-12-18 00:00:00+08:00,38.55581123087073,38.55581123087073,38.0968132019043,38.0968132019043,5205,0.0,0.0
2015-12-21 00:00:00+08:00,38.00501079168512,38.00501079168512,36.99521647547725,37.27061462402344,25579,0.0,0.0
2015-12-22 00:00:00+08:00,37.36241542540109,37.91321171082939,37.087017282686936,37.637813568115234,3312,0.0,0.0
2015-12-23 00:00:00+08:00,37.637813568115234,37.637813568115234,37.637813568115234,37.637813568115234,473,0.0,0.0
2015-12-24 00:00:00+08:00,37.63781558928454,37.63781558928454,36.628021240234375,36.628021240234375,17111,0.0,0.0
2015-12-25 00:00:00+08:00,36.719818115234375,36.9034179847452,36.53621824572355,36.719818115234375,10885,0.0,0.0
2015-12-28 00:00:00+08:00,37.087018960615005,39.38200579680866,37.087018960615005,38.37221145629883,8991,0.0,0.0
2015-12-29 00:00:00+08:00,37.36241564392954,38.1886100769043,37.36241564392954,38.1886100769043,1916,0.0,0.0
2015-12-30 00:00:00+08:00,37.82141401768378,38.00501057257906,36.719818115234375,36.719818115234375,6649,0.0,0.0
2015-12-31 00:00:00+08:00,36.53621845636175,37.27061462402344,36.53621845636175,37.27061462402344,3786,0.0,0.0
2016-01-04 00:00:00+08:00,36.71981871016538,36.71981871016538,35.801822662353516,35.801822662353516,12337,0.0,0.0
2016-01-05 00:00:00+08:00,35.80182480821114,35.80182480821114,35.06742858886719,35.06742858886719,3312,0.0,0.0
2016-01-06 00:00:00+08:00,34.33302990416312,34.70022964477539,34.33302990416312,34.70022964477539,5205,0.0,0.0
2016-01-07 00:00:00+08:00,34.8838260928063,35.067425962545805,34.42483139038086,34.42483139038086,10411,0.0,0.0
2016-01-08 00:00:00+08:00,34.79202892897212,34.975628804588844,34.79202892897212,34.883827209472656,6152,0.0,0.0
2016-01-11 00:00:00+08:00,35.80182306797731,35.80182306797731,34.333030700683594,34.333030700683594,5229,0.0,0.0
2016-01-12 00:00:00+08:00,34.70023044981484,34.70023044981484,34.333030700683594,34.333030700683594,6625,0.0,0.0
2016-01-13 00:00:00+08:00,34.70023196264819,34.70023196264819,34.516632080078125,34.516632080078125,3481,0.0,0.0
2016-01-14 00:00:00+08:00,34.9756278430615,37.27061462402344,34.9756278430615,37.27061462402344,2402,0.0,0.0
2016-01-15 00:00:00+08:00,36.35261885982556,36.35261885982556,35.526424407958984,35.526424407958984,3075,0.0,0.0
2016-01-18 00:00:00+08:00,33.50683659750572,36.628021240234375,33.50683659750572,36.628021240234375,6187,0.0,0.0
2016-01-19 00:00:00+08:00,35.251025245105296,37.637813568115234,35.251025245105296,37.637813568115234,9431,0.0,0.0
2016-01-20 00:00:00+08:00,36.07722381994258,36.16902542114258,36.07722381994258,36.16902542114258,1622,0.0,0.0
2016-01-21 00:00:00+08:00,36.16902542114258,36.16902542114258,36.16902542114258,36.16902542114258,0,0.0,0.0
2016-01-22 00:00:00+08:00,35.25102921824424,35.89362716674805,34.883829443494676,35.89362716674805,21670,0.0,0.0
2016-01-25 00:00:00+08:00,35.2510269607061,35.98542314855733,34.6084290533554,34.883827209472656,4259,0.0,0.0
2016-01-26 00:00:00+08:00,34.51663077285487,35.06742708508938,34.149431021621425,34.883827209472656,4969,0.0,0.0
2016-01-27 00:00:00+08:00,34.883827209472656,34.883827209472656,34.883827209472656,34.883827209472656,0,0.0,0.0
2016-01-28 00:00:00+08:00,34.241233999987514,34.792030334472656,34.149432401162805,34.792030334472656,13933,0.0,0.0
2016-01-29 00:00:00+08:00,34.883827209472656,35.43462683632282,34.883827209472656,34.883827209472656,7679,0.0,0.0
2016-02-01 00:00:00+08:00,34.88382413987903,35.43462371826172,34.05762974422804,35.43462371826172,2366,0.0,0.0
2016-02-02 00:00:00+08:00,35.06742411964622,35.71002197265625,35.06742411964622,35.71002197265625,4971,0.0,0.0
2016-02-03 00:00:00+08:00,35.71002406800974,35.985422216997726,34.97562789916992,34.97562789916992,5205,0.0,0.0
2016-02-15 00:00:00+08:00,34.883826306430215,34.97562789916992,34.24123173033011,34.97562789916992,2398,0.0,0.0
2016-02-16 00:00:00+08:00,34.975628307922044,36.26082078975758,34.975628307922044,36.07722091674805,8374,0.0,0.0
2016-02-17 00:00:00+08:00,35.98542263755108,36.07722091674805,35.98542263755108,36.07722091674805,2366,0.0,0.0
2016-02-18 00:00:00+08:00,35.8018206027615,36.71981659776328,35.8018206027615,36.536216735839844,9113,0.0,0.0
2016-02-19 00:00:00+08:00,36.169020326608376,36.8116181860327,35.89362219103092,36.536216735839844,8140,0.0,0.0
2016-02-22 00:00:00+08:00,36.536216735839844,36.8116181860327,36.536216735839844,36.536216735839844,13522,0.0,0.0
2016-02-23 00:00:00+08:00,36.536218866341706,39.93280490883326,36.536218866341706,39.56560516357422,32749,0.0,0.0
2016-02-24 00:00:00+08:00,39.565603998277574,39.565603998277574,37.362415535459,37.913211822509766,20350,0.0,0.0
2016-02-25 00:00:00+08:00,39.38200413105549,39.38200413105549,37.82141354620647,37.913211822509766,12643,0.0,0.0
2016-02-26 00:00:00+08:00,38.00501344538195,39.38200759887695,38.00501344538195,39.38200759887695,16496,0.0,0.0
2016-03-01 00:00:00+08:00,39.38200579680866,39.38200579680866,38.18861158131096,38.37221145629883,20519,0.0,0.0
2016-03-02 00:00:00+08:00,38.647608088984335,38.647608088984335,38.00501020914918,38.1886100769043,26029,0.0,0.0
2016-03-03 00:00:00+08:00,38.5558113312867,38.64760961147282,38.37221145629883,38.37221145629883,22514,0.0,0.0
2016-03-04 00:00:00+08:00,37.821416534288204,39.10660907714849,37.821416534288204,38.28041458129883,25556,0.0,0.0
2016-03-07 00:00:00+08:00,38.37221145629883,38.46400973648495,38.09681330112484,38.37221145629883,20073,0.0,0.0
2016-03-08 00:00:00+08:00,38.37220994465941,38.37220994465941,38.09681180033449,38.1886100769043,20756,0.0,0.0
2016-03-09 00:00:00+08:00,38.00501009881306,38.18860996603515,37.63781367898439,37.913211822509766,34548,0.0,0.0
2016-03-10 00:00:00+08:00,37.91321423007437,38.18861239108808,37.821415947941695,38.00501251220703,23926,0.0,0.0
2016-03-11 00:00:00+08:00,38.005010425115145,38.83120817740034,37.82141387093224,38.73940658569336,35562,0.0,0.0
2016-03-14 00:00:00+08:00,38.83120968443376,39.38200599758986,38.64760980850984,38.92300796508789,26198,0.0,0.0
2016-03-15 00:00:00+08:00,39.01480915674598,39.01480915674598,37.821414947509766,37.821414947509766,21465,0.0,0.0
2016-03-16 00:00:00+08:00,37.913213227214236,38.188611380943264,37.821414947509766,37.821414947509766,14238,0.0,0.0
2016-03-17 00:00:00+08:00,37.91321171082939,37.91321171082939,37.36241542540109,37.637813568115234,30085,0.0,0.0
2016-03-18 00:00:00+08:00,37.7296142578125,38.0050124181446,37.63781597590703,37.7296142578125,18930,0.0,0.0
2016-03-21 00:00:00+08:00,37.45421509904127,37.63781497257358,37.45421509904127,37.546016693115234,12778,0.0,0.0
2016-03-22 00:00:00+08:00,37.546016693115234,37.729613252031925,37.546016693115234,37.546016693115234,10952,0.0,0.0
2016-03-23 00:00:00+08:00,37.270614517387145,37.270614517387145,36.995216369628906,36.995216369628906,5679,0.0,0.0
2016-03-24 00:00:00+08:00,36.71981891819385,36.903418791719496,36.35261917114258,36.35261917114258,16597,0.0,0.0
2016-03-25 00:00:00+08:00,36.71981610525727,36.71981610525727,35.15922558637806,35.43462371826172,15212,0.0,0.0
2016-03-28 00:00:00+08:00,35.80182036633977,36.71981635527945,35.80182036633977,35.98542022705078,7572,0.0,0.0
2016-03-29 00:00:00+08:00,33.96583436416785,35.98542304636982,33.96583436416785,34.608428955078125,19437,0.0,0.0
2016-03-30 00:00:00+08:00,34.149432651837,35.71002669715484,34.05763436695423,35.61822509765625,11926,0.0,0.0
2016-03-31 00:00:00+08:00,35.618224924721204,35.618224924721204,35.06742858886719,35.06742858886719,12304,0.0,0.0
2016-04-01 00:00:00+08:00,34.88382870537725,35.06742858886719,34.05763420159623,35.06742858886719,5814,0.0,0.0
2016-04-06 00:00:00+08:00,34.88382547257402,34.88382547257402,34.14942932128906,34.14942932128906,5740,0.0,0.0
2016-04-07 00:00:00+08:00,34.33303219750806,34.70023196264819,34.33303219750806,34.516632080078125,9059,0.0,0.0
2016-04-08 00:00:00+08:00,34.51663199152426,34.51663199152426,34.149432227326194,34.241233825683594,10563,0.0,0.0
2016-04-11 00:00:00+08:00,33.96583557128906,34.14943213829366,33.04783947780302,33.96583557128906,7572,0.0,0.0
2016-04-12 00:00:00+08:00,33.78223735512078,33.78223735512078,33.04784110704962,33.23143768310547,15617,0.0,0.0
2016-04-13 00:00:00+08:00,33.04783861584536,33.04783861584536,32.680638862181986,32.86423873901367,11291,0.0,0.0
2016-04-14 00:00:00+08:00,32.49703598022461,32.49703598022461,32.0380413025139,32.49703598022461,14197,0.0,0.0
2016-04-15 00:00:00+08:00,32.31344223022461,32.31344223022461,32.03804407392903,32.31344223022461,7572,0.0,0.0
2016-04-18 00:00:00+08:00,31.76264190673828,31.76264190673828,31.395445477932164,31.76264190673828,17713,0.0,0.0
2016-04-19 00:00:00+08:00,31.76264057042129,33.78223244504127,31.76264057042129,33.04783630371094,19978,0.0,0.0
2016-04-20 00:00:00+08:00,33.04784079561942,33.04784079561942,31.94624477658575,32.129844665527344,5205,0.0,0.0
2016-04-21 00:00:00+08:00,31.94624137878418,32.4052393950112,31.94624137878418,31.94624137878418,1484,0.0,0.0
2016-04-22 00:00:00+08:00,31.946241159846544,31.946241159846544,31.30364327860953,31.395444869995117,7098,0.0,0.0
2016-04-25 00:00:00+08:00,31.395444869995114,31.395444869995114,31.395444869995114,31.395444869995117,1419,0.0,0.0
2016-04-26 00:00:00+08:00,31.21184489204774,32.31344078249111,31.028245024537927,31.120046615600586,37928,0.0,0.0
2016-04-27 00:00:00+08:00,30.84464987868822,31.028246439957673,29.83485221862793,29.83485221862793,18288,0.0,0.0
2016-04-28 00:00:00+08:00,30.29384779735815,30.29384779735815,29.74305152893066,29.743051528930664,4732,0.0,0.0
2016-04-29 00:00:00+08:00,29.559454158192395,30.11025047302246,29.19225771984424,30.11025047302246,18488,0.0,0.0
2016-05-03 00:00:00+08:00,30.47745132446289,30.47745132446289,30.47745132446289,30.47745132446289,1420,0.0,0.0
2016-05-04 00:00:00+08:00,30.47745132446289,30.47745132446289,30.47745132446289,30.47745132446289,0,0.0,0.0
2016-05-05 00:00:00+08:00,30.75284591570718,30.75284591570718,30.018449783325195,30.018449783325195,1014,0.0,0.0
2016-05-06 00:00:00+08:00,28.549659225711398,28.641457504767523,27.72346311305167,28.457860946655273,15144,0.0,0.0
2016-05-09 00:00:00+08:00,27.53986528790625,28.274261474609375,27.53986528790625,28.274261474609375,2839,0.0,0.0
2016-05-10 00:00:00+08:00,27.723464176470973,28.91685676574707,27.723464176470973,28.91685676574707,2027,0.0,0.0
2016-05-11 00:00:00+08:00,28.090661301515315,28.733259201049805,27.998863022131367,28.733259201049805,1487,0.0,0.0
2016-05-12 00:00:00+08:00,28.457861095203118,28.457861095203118,26.805467203950492,26.98906707763672,11239,0.0,0.0
2016-05-13 00:00:00+08:00,29.192257754862446,29.192257754862446,26.438269548177168,27.539865493774414,4360,0.0,0.0
2016-05-16 00:00:00+08:00,28.090662224784708,28.090662224784708,27.356266021728516,27.356266021728516,2907,0.0,0.0
2016-05-17 00:00:00+08:00,27.356265167701366,27.356265167701366,26.071071023821197,26.98906707763672,9704,0.0,0.0
2016-05-18 00:00:00+08:00,26.621868725440564,26.621868725440564,25.06127644370519,25.703872680664062,50706,0.0,0.0
2016-05-19 00:00:00+08:00,25.520274662393252,25.612072941730773,24.785878483846258,24.9694766998291,17983,0.0,0.0
2016-05-20 00:00:00+08:00,24.96947714361328,26.346469588535324,24.96947714361328,25.520275115966797,15617,0.0,0.0
2016-05-23 00:00:00+08:00,26.07107087136489,26.07107087136489,25.42847463183643,25.979270935058594,17308,0.0,0.0
2016-05-24 00:00:00+08:00,26.071071452080698,27.631663774817653,26.071071452080698,27.539865493774414,18930,0.0,0.0
2016-05-25 00:00:00+08:00,27.72346380949889,28.27426178421136,27.448063993488738,27.815263748168945,30290,0.0,0.0
2016-05-26 00:00:00+08:00,28.549660040169496,28.549660040169496,27.72346390394023,28.090662002563477,8991,0.0,0.0
2016-05-27 00:00:00+08:00,28.45785913106139,30.385646070557605,28.45785913106139,29.743051528930664,6154,0.0,0.0
2016-05-30 00:00:00+08:00,29.37585458631137,29.65125274658203,29.00865814415572,29.65125274658203,3346,0.0,0.0
2016-05-31 00:00:00+08:00,29.37585398985997,29.37585398985997,28.366059651165312,29.284055709838867,11358,0.0,0.0
2016-06-01 00:00:00+08:00,29.008657353817267,29.008657353817267,28.27426117489883,28.733259201049805,9938,0.0,0.0
2016-06-02 00:00:00+08:00,28.73326010825057,28.73326010825057,28.64145851135254,28.64145851135254,2366,0.0,0.0
2016-06-03 00:00:00+08:00,28.090660491256624,28.090660491256624,27.63166247834518,27.907060623168945,5712,0.0,0.0
2016-06-06 00:00:00+08:00,28.641458956071737,30.752849312890227,28.641458956071737,29.926654815673828,9972,0.0,0.0
2016-06-07 00:00:00+08:00,29.926654815673828,29.926654815673828,29.926654815673828,29.926654815673828,0,0.0,0.0
2016-06-08 00:00:00+08:00,28.825058173410998,29.3758544921875,28.45786173243189,29.3758544921875,8518,0.0,0.0
2016-06-13 00:00:00+08:00,30.47744992319136,30.47744992319136,28.54965952582315,29.284055709838867,2670,0.0,0.0
2016-06-14 00:00:00+08:00,28.641455792128202,30.110248056892168,28.641455792128202,30.018449783325195,7859,0.0,0.0
2016-06-15 00:00:00+08:00,29.375852039979964,31.028244172988455,29.375852039979964,30.293848037719727,14907,0.0,0.0
2016-06-16 00:00:00+08:00,29.467656854403874,30.20205307006836,29.37585525581095,30.20205307006836,8045,0.0,0.0
2016-06-17 00:00:00+08:00,30.752849312890227,30.752849312890227,29.559455051611582,29.926654815673828,3819,0.0,0.0
2016-06-20 00:00:00+08:00,30.661047642140208,30.661047642140208,29.74305164800888,30.018449783325195,2366,0.0,0.0
2016-06-21 00:00:00+08:00,30.661050200326674,30.661050200326674,30.018452287896885,30.385648727416992,3380,0.0,0.0
2016-06-22 00:00:00+08:00,30.385646311647537,30.477447900190764,30.293848037719727,30.293848037719727,2873,0.0,0.0
2016-06-23 00:00:00+08:00,29.92665490352115,30.293851354045504,29.743055020951083,30.20205307006836,8011,0.0,0.0
2016-06-24 00:00:00+08:00,30.569248725947055,30.569248725947055,28.274261854634492,29.3758544921875,11460,0.0,0.0
2016-06-27 00:00:00+08:00,29.375855340483064,30.47745132446289,29.375855340483064,30.47745132446289,1488,0.0,0.0
2016-06-28 00:00:00+08:00,29.926654221468397,29.926654221468397,29.559454464697044,29.65125274658203,1419,0.0,0.0
2016-06-29 00:00:00+08:00,29.926654221468397,30.110250785238367,29.37585458631137,29.65125274658203,4266,0.0,0.0
2016-06-30 00:00:00+08:00,29.65125017637881,30.293848037719727,29.375852039979964,30.293848037719727,5205,0.0,0.0
2016-07-01 00:00:00+08:00,29.559451369181392,32.497035857260585,29.559451369181392,32.22163772583008,19031,0.0,0.0
2016-07-04 00:00:00+08:00,30.477451495479283,31.028247833251953,30.29385161134979,31.028247833251953,2886,0.0,0.0
2016-07-05 00:00:00+08:00,31.028247833251953,31.762644055154116,30.018453442463457,31.028247833251953,11832,0.0,0.0
2016-07-06 00:00:00+08:00,31.487242171858338,31.487242171858338,30.293848037719727,30.293848037719727,3786,0.0,0.0
2016-07-07 00:00:00+08:00,30.844648361206055,30.844648361206055,30.844648361206055,30.844648361206055,473,0.0,0.0
2016-07-08 00:00:00+08:00,30.844648361206055,30.844648361206055,30.844648361206055,30.844648361206055,0,0.0,0.0
2016-07-11 00:00:00+08:00,30.385648727416992,30.385648727416992,30.385648727416992,30.385648727416992,946,0.0,0.0
2016-07-12 00:00:00+08:00,30.47745032325878,30.47745032325878,30.385648727416992,30.385648727416992,1588,0.0,0.0
2016-07-13 00:00:00+08:00,29.651252439125514,30.29385034950437,29.100456124295448,30.11025047302246,5307,0.0,0.0
2016-07-14 00:00:00+08:00,29.834853217350382,29.926654815673828,29.743054933642707,29.926654815673828,2366,0.0,0.0
2016-07-15 00:00:00+08:00,29.37585428171048,30.202052068571252,29.100456124295448,30.11025047302246,17578,0.0,0.0
2016-07-18 00:00:00+08:00,29.74305152893066,29.74305152893066,29.74305152893066,29.743051528930664,1199,0.0,0.0
2016-07-19 00:00:00+08:00,29.1922550201416,29.28405329258521,28.733257028692837,29.1922550201416,3346,0.0,0.0
2016-07-20 00:00:00+08:00,28.549660320822014,29.008658362940132,27.539865954008445,28.91685676574707,14671,0.0,0.0
2016-07-21 00:00:00+08:00,29.926654221468397,29.926654221468397,29.65125274658203,29.65125274658203,3312,0.0,0.0
2016-07-22 00:00:00+08:00,29.74305152893066,30.569245931571896,28.916853811674038,29.743051528930664,9938,0.0,0.0
2016-07-25 00:00:00+08:00,28.825058390532885,28.825058390532885,28.274262067607562,28.64145851135254,5239,0.0,0.0
2016-07-26 00:00:00+08:00,29.00865826971323,29.00865826971323,27.9988639061449,28.64145851135254,2839,0.0,0.0
2016-07-27 00:00:00+08:00,28.641458181811206,30.385648727416992,27.9988635839971,30.385648727416992,11561,0.0,0.0
2016-07-28 00:00:00+08:00,28.366060349889878,29.00865826971323,28.274262067607562,28.64145851135254,10547,0.0,0.0
2016-07-29 00:00:00+08:00,28.45786104828234,28.916855759817704,28.27426117489883,28.733259201049805,5774,0.0,0.0
2016-08-01 00:00:00+08:00,29.19225763757173,29.19225763757173,28.18245997707496,28.549659729003906,3312,0.0,0.0
2016-08-02 00:00:00+08:00,29.19225753664219,29.19225753664219,27.53986528790625,28.274261474609375,16572,0.0,0.0
2016-08-03 00:00:00+08:00,27.72346390394023,28.090662002563477,27.72346390394023,28.090662002563477,1893,0.0,0.0
2016-08-04 00:00:00+08:00,27.72346350592812,28.825057785982803,27.53986528790625,28.274261474609375,14772,0.0,0.0
2016-08-05 00:00:00+08:00,27.72346311305167,28.457860946655273,27.72346311305167,28.457860946655273,11358,0.0,0.0
2016-08-08 00:00:00+08:00,28.366059352983548,28.9168556565515,27.90706132847172,28.457860946655273,40633,0.0,0.0
2016-08-09 00:00:00+08:00,28.457861639523536,29.192257833699806,28.457861639523536,29.10045623779297,41647,0.0,0.0
2016-08-10 00:00:00+08:00,29.100455735149886,29.100455735149886,28.641457707390888,29.008657455444336,7098,0.0,0.0
2016-08-11 00:00:00+08:00,29.008657455444336,29.008657455444336,29.008657455444336,29.008657455444336,473,0.0,0.0
2016-08-12 00:00:00+08:00,29.192257227200777,29.192257227200777,28.27426117489883,28.733259201049805,6625,0.0,0.0
2016-08-15 00:00:00+08:00,28.73325970241271,29.00865785998556,28.73325970241271,28.825057983398438,3819,0.0,0.0
2016-08-16 00:00:00+08:00,29.008657455444336,29.008657455444336,28.457861147979788,29.008657455444336,25657,0.0,0.0
2016-08-17 00:00:00+08:00,29.28405550658473,29.28405550658473,28.733259201049805,28.733259201049805,8079,0.0,0.0
2016-08-18 00:00:00+08:00,28.733259798012675,29.192257833699806,28.733259798012675,29.10045623779297,20476,0.0,0.0
2016-08-19 00:00:00+08:00,29.284055609176608,29.284055609176608,29.008657455444336,29.008657455444336,4666,0.0,0.0
2016-08-22 00:00:00+08:00,28.64145820210584,29.10045623779297,28.64145820210584,29.10045623779297,31100,0.0,0.0
2016-08-23 00:00:00+08:00,29.008657455444336,29.008657455444336,29.008657455444336,29.008657455444336,3313,0.0,0.0
2016-08-24 00:00:00+08:00,28.825058483169737,29.008658362940132,28.825058483169737,28.91685676574707,8992,0.0,0.0
2016-08-25 00:00:00+08:00,29.008658362940132,29.008658362940132,28.91685676574707,28.91685676574707,14502,0.0,0.0
2016-08-26 00:00:00+08:00,28.91685586112316,29.008657455444336,28.91685586112316,29.008657455444336,4969,0.0,0.0
2016-08-29 00:00:00+08:00,28.91685586112316,29.008657455444336,28.82505758141761,29.008657455444336,5205,0.0,0.0
2016-08-30 00:00:00+08:00,28.91685483471386,31.76264117996167,28.91685483471386,31.120046615600586,34277,0.0,0.0
2016-08-31 00:00:00+08:00,30.844651177974818,31.4872457987176,30.569249695238426,30.752849578857422,23462,0.0,0.0
2016-09-01 00:00:00+08:00,30.661048889160156,30.661048889160156,30.29384915072703,30.661048889160156,12590,0.0,0.0
2016-09-02 00:00:00+08:00,31.211847542244175,31.211847542244175,29.92665498978087,30.47745132446289,7200,0.0,0.0
2016-09-05 00:00:00+08:00,30.018451995118557,30.018451995118557,29.375854088956206,29.5594539642334,14097,0.0,0.0
2016-09-06 00:00:00+08:00,30.11025037514777,30.11025037514777,29.55945406210809,29.83485221862793,4867,0.0,0.0
2016-09-07 00:00:00+08:00,29.743054247782297,29.83485252937315,29.3758544921875,29.3758544921875,14306,0.0,0.0
2016-09-08 00:00:00+08:00,29.467656939340593,30.56924960870463,29.467656939340593,30.47745132446289,8687,0.0,0.0
2016-09-09 00:00:00+08:00,30.47745032325878,30.75284848155278,30.293850446190888,30.385648727416992,4259,0.0,0.0
2016-09-12 00:00:00+08:00,30.8446510017557,30.8446510017557,29.651253422358163,30.20205307006836,8552,0.0,0.0
2016-09-13 00:00:00+08:00,30.47745054200972,30.47745054200972,29.65125274658203,29.65125274658203,8063,0.0,0.0
2016-09-14 00:00:00+08:00,29.559451547361196,29.926651267892197,29.008655281180072,29.467653274536133,5239,0.0,0.0
2016-09-19 00:00:00+08:00,29.467656767903904,30.293851265120306,29.37585516958046,29.926654815673828,4732,0.0,0.0
2016-09-20 00:00:00+08:00,28.91685645500185,29.3758544921875,28.549660014022745,29.3758544921875,15651,0.0,0.0
2016-09-21 00:00:00+08:00,29.192257929005795,30.385648848149657,29.008658051208396,29.3758544921875,15754,0.0,0.0
2016-09-22 00:00:00+08:00,29.375851924510183,30.018449783325195,28.641455792128202,30.018449783325195,78230,0.0,0.0
2016-09-23 00:00:00+08:00,29.926653613833484,29.926653613833484,29.192257429817765,29.284055709838867,12778,0.0,0.0
2016-09-26 00:00:00+08:00,29.008657956501818,29.192257833699806,28.274261762325548,29.10045623779297,5206,0.0,0.0
2016-09-27 00:00:00+08:00,29.10045623779297,29.10045623779297,29.10045623779297,29.10045623779297,0,0.0,0.0
2016-09-28 00:00:00+08:00,29.10045623779297,29.10045623779297,29.10045623779297,29.10045623779297,0,0.0,0.0
2016-09-29 00:00:00+08:00,28.91685676574707,29.100456645517465,28.91685676574707,28.91685676574707,7572,0.0,0.0
2016-09-30 00:00:00+08:00,28.82505758141761,29.008657455444336,28.82505758141761,29.008657455444336,3786,0.0,0.0
2016-10-03 00:00:00+08:00,29.008657956501818,29.284056114990957,29.008657956501818,29.10045623779297,5679,0.0,0.0
2016-10-04 00:00:00+08:00,29.00865785998556,29.00865785998556,28.825057983398438,28.825057983398438,1419,0.0,0.0
2016-10-05 00:00:00+08:00,28.825057480433752,28.825057480433752,28.36605945428278,28.733259201049805,22716,0.0,0.0
2016-10-06 00:00:00+08:00,29.19225805325495,29.19225805325495,28.366060256958008,28.366060256958008,12947,0.0,0.0
2016-10-07 00:00:00+08:00,28.366059352983548,28.457860946655273,28.366059352983548,28.457860946655273,3516,0.0,0.0
2016-10-11 00:00:00+08:00,28.457861349939066,28.457861349939066,27.90706172394999,28.274261474609375,3177,0.0,0.0
2016-10-12 00:00:00+08:00,28.27426046927199,28.27426046927199,27.998862323377505,28.182458877563477,6186,0.0,0.0
2016-10-13 00:00:00+08:00,29.008658174676107,29.008658174676107,27.723463996547764,28.366060256958008,8045,0.0,0.0
2016-10-14 00:00:00+08:00,28.27426188052902,28.549660040169496,27.815263842923006,28.090662002563477,5239,0.0,0.0
2016-10-17 00:00:00+08:00,28.09066159927968,29.008657661312498,27.90706172394999,28.274261474609375,5205,0.0,0.0
2016-10-18 00:00:00+08:00,28.274261474609375,28.91685606633983,28.09066159927968,28.274261474609375,11831,0.0,0.0
2016-10-19 00:00:00+08:00,28.825057885642785,28.825057885642785,27.90706182043608,28.549659729003906,7166,0.0,0.0
2016-10-20 00:00:00+08:00,27.72346390394023,28.090662002563477,26.89726776771097,28.090662002563477,12947,0.0,0.0
2016-10-21 00:00:00+08:00,27.72346311305167,28.457860946655273,27.53986489763162,28.457860946655273,23189,0.0,0.0
2016-10-24 00:00:00+08:00,27.998863220214844,27.998863220214844,27.5398651908166,27.998863220214844,21296,0.0,0.0
2016-10-25 00:00:00+08:00,28.825056648991833,28.825056648991833,27.4480626102575,27.907060623168945,22524,0.0,0.0
2016-10-26 00:00:00+08:00,27.723462302454234,27.723462302454234,27.631662368774414,27.631662368774414,5273,0.0,0.0
2016-10-27 00:00:00+08:00,27.72346380949889,27.815263748168945,27.72346380949889,27.815263748168945,18592,0.0,0.0
2016-10-28 00:00:00+08:00,29.375853993793946,29.375853993793946,27.998863220214844,27.998863220214844,5712,0.0,0.0
2016-10-31 00:00:00+08:00,28.641458321844418,28.641458321844418,28.090662002563477,28.090662002563477,946,0.0,0.0
2016-11-01 00:00:00+08:00,28.641456892259463,28.641456892259463,28.182458877563477,28.182458877563477,1419,0.0,0.0
2016-11-02 00:00:00+08:00,28.182460284238402,28.182460284238402,28.090662002563477,28.090662002563477,3312,0.0,0.0
2016-11-03 00:00:00+08:00,28.09066150024824,28.09066150024824,27.723463408191204,27.998863220214844,14197,0.0,0.0
2016-11-04 00:00:00+08:00,28.090661906871258,28.090661906871258,27.815263748168945,27.815263748168945,10411,0.0,0.0
2016-11-07 00:00:00+08:00,28.457861349939066,28.457861349939066,28.274261474609375,28.274261474609375,1419,0.0,0.0
2016-11-08 00:00:00+08:00,28.274261474609375,28.274261474609375,28.274261474609375,28.274261474609375,0,0.0,0.0
2016-11-09 00:00:00+08:00,27.907060623168945,27.907060623168945,27.907060623168945,27.907060623168945,473,0.0,0.0
2016-11-10 00:00:00+08:00,28.45786124961309,28.45786124961309,27.080865504110534,27.998863220214844,1995,0.0,0.0
2016-11-11 00:00:00+08:00,27.539865493774414,27.539865493774414,27.539865493774414,27.539865493774414,1893,0.0,0.0
2016-11-14 00:00:00+08:00,27.172665740370107,27.539865493774414,27.172665740370107,27.539865493774414,3786,0.0,0.0
2016-11-15 00:00:00+08:00,27.72346350592812,28.54965963029609,27.72346350592812,28.274261474609375,5239,0.0,0.0
2016-11-16 00:00:00+08:00,28.45786175849457,28.45786175849457,27.907062124597932,28.090662002563477,9465,0.0,0.0
2016-11-17 00:00:00+08:00,28.090662002563477,28.090662002563477,28.090662002563477,28.090662002563477,473,0.0,0.0
2016-11-18 00:00:00+08:00,28.45786175849457,28.45786175849457,28.090662002563477,28.090662002563477,3819,0.0,0.0
2016-11-21 00:00:00+08:00,28.45786175849457,28.45786175849457,27.907062124597932,28.090662002563477,8383,0.0,0.0
2016-11-22 00:00:00+08:00,28.274261572365027,28.549659729003906,28.274261572365027,28.549659729003906,3346,0.0,0.0
2016-11-23 00:00:00+08:00,28.825057377495376,28.825057377495376,27.90706132847172,28.457860946655273,14908,0.0,0.0
2016-11-24 00:00:00+08:00,28.274261474609375,28.274261474609375,28.274261474609375,28.274261474609375,4427,0.0,0.0
2016-11-25 00:00:00+08:00,28.274261073927423,28.457860946655273,28.090661201199573,28.457860946655273,2366,0.0,0.0
2016-11-28 00:00:00+08:00,28.45786033807349,28.45786033807349,28.09066060047049,28.182458877563477,6152,0.0,0.0
2016-11-29 00:00:00+08:00,28.182459879636703,28.274261474609375,28.182459879636703,28.274261474609375,7098,0.0,0.0
2016-11-30 00:00:00+08:00,28.274261474609375,28.457861349939066,28.274261474609375,28.274261474609375,3312,0.0,0.0
2016-12-01 00:00:00+08:00,29.00865826971323,29.00865826971323,28.457861946787908,28.64145851135254,8991,0.0,0.0
2016-12-02 00:00:00+08:00,28.457860946655273,28.457860946655273,28.457860946655273,28.457860946655273,1926,0.0,0.0
2016-12-05 00:00:00+08:00,28.182460284238402,28.182460284238402,28.090662002563477,28.090662002563477,2839,0.0,0.0
2016-12-06 00:00:00+08:00,28.27426178421136,28.27426178421136,27.72346380949889,27.815263748168945,17510,0.0,0.0
2016-12-07 00:00:00+08:00,27.815262454576004,28.182458877563477,27.815262454576004,28.182458877563477,1994,0.0,0.0
2016-12-08 00:00:00+08:00,28.182458877563477,28.45786033807349,27.815262454576004,28.182458877563477,6152,0.0,0.0
2016-12-09 00:00:00+08:00,27.90706172394999,28.274261474609375,27.90706172394999,28.274261474609375,2569,0.0,0.0
2016-12-12 00:00:00+08:00,27.90706132847172,28.457860946655273,27.90706132847172,28.457860946655273,4800,0.0,0.0
2016-12-13 00:00:00+08:00,27.99886331892266,28.274261474609375,27.90706172394999,28.274261474609375,2873,0.0,0.0
2016-12-14 00:00:00+08:00,28.09066159927968,28.274261474609375,27.90706172394999,28.274261474609375,1893,0.0,0.0
2016-12-15 00:00:00+08:00,27.907060512506114,27.907060512506114,27.53986409240235,27.631662368774414,3414,0.0,0.0
2016-12-16 00:00:00+08:00,27.631663774817653,27.631663774817653,27.539865493774414,27.539865493774414,1893,0.0,0.0
2016-12-19 00:00:00+08:00,27.172666549682617,27.539866314023627,26.805468442649495,27.172666549682617,10411,0.0,0.0
2016-12-20 00:00:00+08:00,26.621869818672323,27.8152640629656,26.438269939254347,27.356266021728516,10411,0.0,0.0
2016-12-21 00:00:00+08:00,26.621870217786878,27.63166459780099,26.621870217786878,27.172666549682617,8248,0.0,0.0
2016-12-22 00:00:00+08:00,26.805468264536227,26.805468264536227,26.621870040893555,26.621870040893555,3414,0.0,0.0
2016-12-23 00:00:00+08:00,26.621870040893555,26.621870040893555,26.621870040893555,26.621870040893555,574,0.0,0.0
2016-12-26 00:00:00+08:00,26.438269510024252,27.448063858505357,26.438269510024252,26.80546760559082,9498,0.0,0.0
2016-12-27 00:00:00+08:00,27.723463673161156,28.090661768727724,26.80546760559082,26.80546760559082,16564,0.0,0.0
2016-12-28 00:00:00+08:00,27.26446533203125,27.539865143582546,26.346469274809227,27.26446533203125,11831,0.0,0.0
2016-12-29 00:00:00+08:00,26.98906792020042,27.356266021728516,26.530069878963335,27.356266021728516,6186,0.0,0.0
2016-12-30 00:00:00+08:00,27.17266614231054,27.356266021728516,27.17266614231054,27.356266021728516,1561,0.0,0.0
2017-01-03 00:00:00+08:00,26.805466851529744,27.172664936766708,26.713666915893555,26.713666915893555,11865,0.0,0.0
2017-01-04 00:00:00+08:00,26.713667267107375,26.98906707763672,26.254670897507424,26.98906707763672,6558,0.0,0.0
2017-01-05 00:00:00+08:00,26.897267640198045,27.2644657370805,26.346469666220447,27.08086585998535,24406,0.0,0.0
2017-01-06 00:00:00+08:00,26.7136677631029,27.08086585998535,26.621869481863165,27.08086585998535,4732,0.0,0.0
2017-01-09 00:00:00+08:00,26.621868532043663,26.897266680552843,26.438268661499023,26.438268661499023,3786,0.0,0.0
2017-01-10 00:00:00+08:00,26.438268661499023,26.897266680552843,26.438268661499023,26.438268661499023,3786,0.0,0.0
2017-01-11 00:00:00+08:00,26.621868532043663,26.621868532043663,25.88747236448067,26.438268661499023,4259,0.0,0.0
2017-01-12 00:00:00+08:00,26.162871352676284,26.80546760559082,26.162871352676284,26.80546760559082,2366,0.0,0.0
2017-01-13 00:00:00+08:00,27.08086585998535,27.08086585998535,27.08086585998535,27.08086585998535,473,0.0,0.0
2017-01-16 00:00:00+08:00,26.438268661499023,26.438268661499023,26.071070577717528,26.438268661499023,4259,0.0,0.0
2017-01-17 00:00:00+08:00,26.071071221721855,26.438269314573837,26.071071221721855,26.254671096801758,2367,0.0,0.0
2017-01-18 00:00:00+08:00,26.162871159261808,26.989067282505715,26.162871159261808,26.254671096801758,6153,0.0,0.0
2017-01-19 00:00:00+08:00,26.07107162475586,26.07107162475586,26.07107162475586,26.07107162475586,3312,0.0,0.0
2017-01-20 00:00:00+08:00,26.07107162475586,26.43826972328437,26.07107162475586,26.07107162475586,12304,0.0,0.0
2017-01-23 00:00:00+08:00,26.07107162475586,26.07107162475586,26.07107162475586,26.07107162475586,540,0.0,0.0
2017-01-24 00:00:00+08:00,26.07107222858325,27.172666549682617,26.07107222858325,27.172666549682617,7605,0.0,0.0
2017-02-02 00:00:00+08:00,27.17266636912944,28.09066245926642,26.621870040893555,26.621870040893555,5707,0.0,0.0
2017-02-03 00:00:00+08:00,26.713666915893555,26.713666915893555,26.346468830656587,26.713666915893555,17983,0.0,0.0
2017-02-06 00:00:00+08:00,27.08086598138231,27.172665920341398,26.07107162475586,26.07107162475586,26155,0.0,0.0
2017-02-07 00:00:00+08:00,27.53986545403179,27.53986545403179,26.62186938646145,26.80546760559082,8451,0.0,0.0
2017-02-08 00:00:00+08:00,26.346468619598298,26.53006848939988,26.0710704722037,26.162870407104492,27449,0.0,0.0
2017-02-09 00:00:00+08:00,26.162870616691997,27.356264808039086,26.162870616691997,26.713666915893555,76195,0.0,0.0
2017-02-10 00:00:00+08:00,26.805466636794478,26.805466636794478,26.162870407104492,26.162870407104492,31303,0.0,0.0
2017-02-13 00:00:00+08:00,26.162871159261808,26.254671096801758,25.979271284181905,26.254671096801758,12304,0.0,0.0
2017-02-14 00:00:00+08:00,26.713667882853795,26.989067699731066,26.07107162475586,26.07107162475586,15144,0.0,0.0
2017-02-15 00:00:00+08:00,26.162871159261808,26.254671096801758,26.071071221721855,26.254671096801758,9972,0.0,0.0
2017-02-16 00:00:00+08:00,25.88747255254248,25.88747255254248,25.703872680664062,25.703872680664062,7108,0.0,0.0
2017-02-17 00:00:00+08:00,25.612073587268256,26.25467150267404,25.612073587268256,26.07107162475586,21871,0.0,0.0
2017-02-20 00:00:00+08:00,25.979271685796768,26.25467150267404,25.979271685796768,26.07107162475586,10411,0.0,0.0
2017-02-21 00:00:00+08:00,25.88747255254248,26.071070767113106,25.703872680664062,25.703872680664062,10435,0.0,0.0
2017-02-22 00:00:00+08:00,25.70387228366725,25.88747215270996,25.61207234914589,25.88747215270996,14671,0.0,0.0
2017-02-23 00:00:00+08:00,25.88747255254248,25.88747255254248,25.703872680664062,25.703872680664062,20451,0.0,0.0
2017-02-24 00:00:00+08:00,25.703872680664062,25.795672616603273,25.703872680664062,25.703872680664062,13825,0.0,0.0
2017-03-01 00:00:00+08:00,25.88747179067946,26.071069999846827,25.612071990966797,25.612071990966797,18052,0.0,0.0
2017-03-02 00:00:00+08:00,25.703873335212748,25.703873335212748,25.33667523941301,25.520275115966797,21770,0.0,0.0
2017-03-03 00:00:00+08:00,25.428475177689904,25.520275115966797,25.06127708189017,25.520275115966797,18930,0.0,0.0
2017-03-06 00:00:00+08:00,25.520275211804268,25.795673370361328,25.520275211804268,25.795673370361328,2062,0.0,0.0
2017-03-07 00:00:00+08:00,25.795672616603273,25.795672616603273,25.42847453015423,25.703872680664062,5205,0.0,0.0
2017-03-08 00:00:00+08:00,25.703872680664062,26.162870703052313,25.42847453015423,25.703872680664062,16090,0.0,0.0
2017-03-09 00:00:00+08:00,25.24487380374047,25.336673736572266,25.24487380374047,25.336673736572266,13894,0.0,0.0
2017-03-10 00:00:00+08:00,25.336673848561873,25.612071990966797,25.24487391532432,25.612071990966797,2399,0.0,0.0
2017-03-13 00:00:00+08:00,25.428475177689904,25.520275115966797,25.428475177689904,25.520275115966797,3313,0.0,0.0
2017-03-14 00:00:00+08:00,25.428474137410944,25.88747215270996,25.336674202889586,25.88747215270996,19403,0.0,0.0
2017-03-15 00:00:00+08:00,26.071071528918385,26.071071528918385,25.703873431739694,25.795673370361328,16090,0.0,0.0
2017-03-16 00:00:00+08:00,25.795672218188603,25.88747215270996,25.70387228366725,25.88747215270996,10290,0.0,0.0
2017-03-17 00:00:00+08:00,26.071070767113106,26.071070767113106,25.703872680664062,25.703872680664062,17511,0.0,0.0
2017-03-20 00:00:00+08:00,25.88747215270996,25.979270429923552,25.795672218188603,25.88747215270996,9059,0.0,0.0
2017-03-21 00:00:00+08:00,25.88747255254248,26.162870703052313,25.703872680664062,25.703872680664062,50639,0.0,0.0
2017-03-22 00:00:00+08:00,25.703872680664062,25.88747255254248,25.703872680664062,25.703872680664062,15617,0.0,0.0
2017-03-23 00:00:00+08:00,25.703872680664062,25.703872680664062,25.612072744724856,25.703872680664062,20688,0.0,0.0
2017-03-24 00:00:00+08:00,25.88747215270996,26.071070364444907,25.70387228366725,25.88747215270996,8045,0.0,0.0
2017-03-27 00:00:00+08:00,25.52027446609344,25.88747255254248,25.52027446609344,25.703872680664062,17104,0.0,0.0
2017-03-28 00:00:00+08:00,25.70387192420435,26.071069999846827,25.612071990966797,25.612071990966797,16771,0.0,0.0
2017-03-29 00:00:00+08:00,25.612071990966797,25.70387192420435,25.520273715036986,25.612071990966797,7196,0.0,0.0
2017-03-30 00:00:00+08:00,25.520273602235854,25.520273602235854,25.336673736572266,25.336673736572266,12717,0.0,0.0
2017-03-31 00:00:00+08:00,25.336673848561873,25.612071990966797,25.336673848561873,25.612071990966797,3549,0.0,0.0
2017-04-05 00:00:00+08:00,25.703872389908312,26.254670342005284,25.703872389908312,26.162870407104492,61186,0.0,0.0
2017-04-06 00:00:00+08:00,26.254670342005284,26.53006848939988,25.97927053730291,26.162870407104492,45191,0.0,0.0
2017-04-07 00:00:00+08:00,26.162870807671183,26.162870807671183,25.795672719753806,25.979270935058594,22243,0.0,0.0
2017-04-10 00:00:00+08:00,25.88747400372063,28.457862410260375,25.88747400372063,27.172666549682617,126089,0.0,0.0
2017-04-11 00:00:00+08:00,28.64145780967988,29.00865755904473,27.81526334553242,27.998863220214844,249409,0.0,0.0
2017-04-12 00:00:00+08:00,28.090662867537304,30.752849578857422,27.907062983918312,30.752849578857422,424519,0.0,0.0
2017-04-13 00:00:00+08:00,31.762642212843012,33.78223419189453,30.75284788062506,33.78223419189453,583142,0.0,0.0
2017-04-14 00:00:00+08:00,33.415033899931124,33.415033899931124,31.21184539794922,31.21184539794922,295925,0.0,0.0
2017-04-17 00:00:00+08:00,31.21184619485746,33.96583437861199,28.641457886276363,32.03804397583008,327025,0.0,0.0
2017-04-18 00:00:00+08:00,30.75284966436562,32.129843823413104,30.569249780236127,31.028247833251953,150639,0.0,0.0
2017-04-19 00:00:00+08:00,30.84464875837672,31.21184518219431,30.29384915072703,30.661048889160156,76668,0.0,0.0
2017-04-20 00:00:00+08:00,28.090661976837094,29.9266541255797,28.090661976837094,29.3758544921875,106058,0.0,0.0
2017-04-21 00:00:00+08:00,29.3758541623019,32.31344223022461,28.733259569150764,32.31344223022461,278379,0.0,0.0
2017-04-24 00:00:00+08:00,34.51662858637159,34.70022845035803,32.22163857307967,33.04783630371094,268186,0.0,0.0
2017-04-25 00:00:00+08:00,32.86424106413767,33.41503741898555,32.40524299689247,32.680641174316406,79100,0.0,0.0
2017-04-26 00:00:00+08:00,32.313441117612015,33.04783728065213,31.57904495457189,31.94624137878418,103848,0.0,0.0
2017-04-27 00:00:00+08:00,32.129843823413104,32.129843823413104,31.028247833251953,31.028247833251953,88102,0.0,0.0
2017-04-28 00:00:00+08:00,31.120047720314364,34.05763244628906,31.120047720314364,34.05763244628906,445813,0.0,0.0
2017-05-02 00:00:00+08:00,35.06742753371296,37.45421600341797,35.06742753371296,37.45421600341797,684449,0.0,0.0
2017-05-03 00:00:00+08:00,40.20820503592345,41.126197814941406,39.29020894228972,41.126197814941406,815348,0.0,0.0
2017-05-04 00:00:00+08:00,45.16537857055664,45.16537857055664,45.16537857055664,45.16537857055664,218004,0.0,0.0
2017-05-05 00:00:00+08:00,49.66355514526367,49.66355514526367,47.001368589158986,49.66355514526367,782401,0.0,0.0
2017-05-08 00:00:00+08:00,47.7357652707186,49.57175739003627,44.70637893676758,44.70637893676758,603411,0.0,0.0
2017-05-09 00:00:00+08:00,41.676997183062056,42.59498995598248,40.30000305175781,40.30000305175781,324185,0.0,0.0
2017-05-10 00:00:00+08:00,38.18861251896322,43.788387298583984,38.18861251896322,43.788387298583984,349780,0.0,0.0
2017-05-11 00:00:00+08:00,40.85079857820727,42.8703905941482,39.47380447387695,39.47380447387695,268340,0.0,0.0
2017-05-12 00:00:00+08:00,39.47380579583163,41.676997762390016,38.83121117731657,39.10660934448242,123589,0.0,0.0
2017-05-15 00:00:00+08:00,39.47380596948131,40.39180207381637,39.47380596948131,39.657405853271484,70989,0.0,0.0
2017-05-16 00:00:00+08:00,41.034398042468226,41.034398042468226,37.087018960615005,38.37221145629883,124468,0.0,0.0
2017-05-17 00:00:00+08:00,38.37221165193179,39.47380427824399,37.08701914969568,38.92300796508789,80076,0.0,0.0
2017-05-18 00:00:00+08:00,39.1066072401721,40.94259934197152,39.1066072401721,39.84100341796875,110838,0.0,0.0
2017-05-19 00:00:00+08:00,38.73940672115269,40.758998655766284,38.73940672115269,40.20820236206055,77716,0.0,0.0
2017-05-22 00:00:00+08:00,40.85079795393497,44.155582427978516,40.85079795393497,44.155582427978516,287986,0.0,0.0
2017-05-23 00:00:00+08:00,42.04419096372928,44.61457918294623,41.3097948031838,42.22779083251953,251809,0.0,0.0
2017-05-24 00:00:00+08:00,42.411392349179714,42.411392349179714,38.92300796508789,38.92300796508789,188883,0.0,0.0
2017-05-25 00:00:00+08:00,39.47380427824399,39.841004030091824,37.637815462851776,38.92300796508789,79508,0.0,0.0
2017-05-26 00:00:00+08:00,40.20820422905407,40.20820422905407,37.087019562102576,37.45421600341797,104259,0.0,0.0
2017-05-31 00:00:00+08:00,37.087017241044364,37.36241538344928,33.78223290295433,34.14942932128906,220540,0.0,0.0
2017-06-01 00:00:00+08:00,34.149430633922194,37.546016693115234,34.05763235446385,37.546016693115234,206478,0.0,0.0
2017-06-02 00:00:00+08:00,37.362415535459,38.00501009881306,35.801821635994486,37.913211822509766,148746,0.0,0.0
2017-06-05 00:00:00+08:00,40.30000206259379,40.30000206259379,38.37221165193179,38.92300796508789,82868,0.0,0.0
2017-06-06 00:00:00+08:00,39.56560433797855,39.84100248386844,38.09681201682213,38.73940658569336,65310,0.0,0.0
2017-06-07 00:00:00+08:00,39.01481079359267,39.01481079359267,36.903420440266956,38.28041458129883,107903,0.0,0.0
2017-06-08 00:00:00+08:00,38.00501232269891,38.00501232269891,36.53621992820594,37.45421600341797,67338,0.0,0.0
2017-06-09 00:00:00+08:00,36.71981635527945,37.087016076701474,35.80182036633977,35.98542022705078,58779,0.0,0.0
2017-06-12 00:00:00+08:00,36.44442107680038,36.44442107680038,34.608428955078125,34.608428955078125,81874,0.0,0.0
2017-06-13 00:00:00+08:00,34.6084307054825,36.90342097370995,33.782236197690096,35.61822509765625,171794,0.0,0.0
2017-06-14 00:00:00+08:00,35.43462799502043,35.43462799502043,33.04783947780302,33.96583557128906,163275,0.0,0.0
2017-06-15 00:00:00+08:00,33.96583700777193,34.24123518454173,32.12984474315208,32.405242919921875,122622,0.0,0.0
2017-06-16 00:00:00+08:00,32.40524199229944,32.40524199229944,30.844651263738267,31.028247833251953,320743,0.0,0.0
2017-06-19 00:00:00+08:00,31.303644776668875,31.854444407494746,31.303644776668875,31.57904624938965,91218,0.0,0.0
2017-06-20 00:00:00+08:00,31.85444204724117,33.874030600114345,31.85444204724117,32.772438049316406,207451,0.0,0.0
2017-06-21 00:00:00+08:00,32.129844665527344,32.680641017736235,31.94624477658575,32.129844665527344,91434,0.0,0.0
2017-06-22 00:00:00+08:00,32.40523917292791,32.86423718600926,31.395444869995114,31.395444869995117,97021,0.0,0.0
2017-06-23 00:00:00+08:00,31.579047217420186,32.22164183449175,30.20205307006836,30.20205307006836,175580,0.0,0.0
2017-06-26 00:00:00+08:00,30.293850366864078,30.293850366864078,28.641458106811314,28.825057983398438,187561,0.0,0.0
2017-06-27 00:00:00+08:00,29.284053766052153,31.211844035459492,29.00865562965331,30.293848037719727,150970,0.0,0.0
2017-06-28 00:00:00+08:00,29.926651143536553,30.477447407428926,29.008655160639023,29.1922550201416,96072,0.0,0.0
2017-06-29 00:00:00+08:00,29.37585428171048,30.202052068571252,29.37585428171048,30.11025047302246,82489,0.0,0.0
2017-06-30 00:00:00+08:00,30.293851265120306,30.293851265120306,29.743054933642707,29.926654815673828,42120,0.0,0.0
2017-07-03 00:00:00+08:00,30.20205187039575,30.20205187039575,29.375854088956206,29.5594539642334,21837,0.0,0.0
2017-07-04 00:00:00+08:00,29.5594542734801,30.11025059045838,29.10045623779297,29.10045623779297,48746,0.0,0.0
2017-07-05 00:00:00+08:00,30.018451036476918,31.94624137878418,29.834851167063,31.94624137878418,252911,0.0,0.0
2017-07-06 00:00:00+08:00,33.59863505346591,33.59863505346591,31.762642907727862,31.85444450378418,350216,0.0,0.0
2017-07-07 00:00:00+08:00,31.854445565955587,31.854445565955587,30.47745141073683,30.752849578857422,104117,0.0,0.0
2017-07-10 00:00:00+08:00,30.477449126220492,31.762641585986913,30.110249386506915,30.936447143554688,58684,0.0,0.0
2017-07-11 00:00:00+08:00,31.579047571900905,32.680640250455326,31.21184780263889,31.303646087646484,45039,0.0,0.0
2017-07-12 00:00:00+08:00,31.30364600213829,31.670845770397275,30.844651263738267,31.028247833251953,49219,0.0,0.0
2017-07-13 00:00:00+08:00,31.12004951763129,31.487245972277492,31.028247918007878,31.303646087646484,39754,0.0,0.0
2017-07-14 00:00:00+08:00,31.028244913443004,31.028244913443004,30.66104849435361,30.844648361206055,40340,0.0,0.0
2017-07-17 00:00:00+08:00,30.844651090661426,30.844651090661426,30.29385144136362,30.47745132446289,38807,0.0,0.0
2017-07-18 00:00:00+08:00,30.293848154652387,30.9364460184737,30.110248291472665,30.569246292114258,22243,0.0,0.0
2017-07-19 00:00:00+08:00,30.844651263738267,31.487245886267782,30.661051379608775,31.028247833251953,28869,0.0,0.0
2017-07-20 00:00:00+08:00,30.75284603658961,31.211844035459492,30.202049763791916,30.293848037719727,34108,0.0,0.0
2017-07-21 00:00:00+08:00,30.293851527117837,31.395447514216,30.293851527117837,30.752849578857422,47799,0.0,0.0
2017-07-24 00:00:00+08:00,31.395446393982567,31.395446393982567,30.20205216496478,30.385648727416992,27922,0.0,0.0
2017-07-25 00:00:00+08:00,30.385646311647537,30.75284603658961,30.110248175248692,30.293848037719727,32655,0.0,0.0
2017-07-26 00:00:00+08:00,30.47745032325878,30.569248604484887,30.385648727416992,30.385648727416992,14197,0.0,0.0
2017-07-27 00:00:00+08:00,30.84464997895011,30.84464997895011,30.018452192089338,30.11025047302246,19606,0.0,0.0
2017-07-28 00:00:00+08:00,30.936448056888874,30.936448056888874,29.5594539642334,29.5594539642334,37861,0.0,0.0
2017-07-31 00:00:00+08:00,29.55945166791637,30.2020495241587,29.192255260503174,29.743051528930664,29342,0.0,0.0
2017-08-01 00:00:00+08:00,30.293851354045504,30.385649638022645,29.834853304928227,30.20205307006836,17510,0.0,0.0
2017-08-02 00:00:00+08:00,30.01845318749829,30.752849403162777,29.743055020951083,30.20205307006836,28869,0.0,0.0
2017-08-03 00:00:00+08:00,29.926654027876072,30.202052186365215,29.10045623779297,29.10045623779297,78730,0.0,0.0
2017-08-04 00:00:00+08:00,29.651252874920868,29.651252874920868,28.366060349889878,28.64145851135254,94856,0.0,0.0
2017-08-07 00:00:00+08:00,28.641458106811314,28.825057983398438,28.45786154483986,28.825057983398438,33365,0.0,0.0
2017-08-08 00:00:00+08:00,28.825057983398438,29.28405601755841,28.73325970241271,28.825057983398438,15665,0.0,0.0
2017-08-09 00:00:00+08:00,28.825057480433752,29.192257227200777,28.733259201049805,28.733259201049805,21803,0.0,0.0
2017-08-10 00:00:00+08:00,28.36606081186724,28.457862410260375,26.805468442649495,27.172666549682617,64160,0.0,0.0
2017-08-11 00:00:00+08:00,27.539864843413085,28.36605929713846,27.539864843413085,27.72346305847168,25251,0.0,0.0
2017-08-14 00:00:00+08:00,27.356265896719105,27.356265896719105,26.34646987915039,26.34646987915039,31404,0.0,0.0
2017-08-15 00:00:00+08:00,26.805468264536227,26.8972682050115,26.438270159943013,26.621870040893555,22243,0.0,0.0
2017-08-16 00:00:00+08:00,27.172665740370107,27.539865493774414,26.98906752097579,27.539865493774414,10885,0.0,0.0
2017-08-17 00:00:00+08:00,28.090660491256624,28.274260359344307,27.907060623168945,27.907060623168945,6152,0.0,0.0
2017-08-18 00:00:00+08:00,28.090662002563477,28.090662002563477,27.907062124597932,28.090662002563477,8518,0.0,0.0
2017-08-21 00:00:00+08:00,28.9168563829782,28.9168563829782,27.815263748168945,27.815263748168945,19031,0.0,0.0
2017-08-22 00:00:00+08:00,27.815263842923006,28.090662002563477,26.989067706693746,28.090662002563477,26063,0.0,0.0
2017-08-23 00:00:00+08:00,27.907061932563046,27.907061932563046,27.08086580201903,27.539865493774414,19403,0.0,0.0
2017-08-24 00:00:00+08:00,28.274261685967353,28.274261685967353,27.172665740370107,27.539865493774414,26536,0.0,0.0
2017-08-25 00:00:00+08:00,26.98906823607147,27.172666460330362,26.62187013024581,26.897268295288086,91874,0.0,0.0
2017-08-28 00:00:00+08:00,26.8972682050115,26.8972682050115,26.530070100418286,26.621870040893555,29815,0.0,0.0
2017-08-29 00:00:00+08:00,26.438270159943013,26.713668324060954,26.34647021946774,26.621870040893555,20823,0.0,0.0
2017-08-30 00:00:00+08:00,26.805468040782443,27.539865901146495,26.805468040782443,27.356266021728516,47800,0.0,0.0
2017-08-31 00:00:00+08:00,28.45786120080457,28.45786120080457,27.26446533203125,27.26446533203125,38875,0.0,0.0
2017-09-01 00:00:00+08:00,27.631663774817653,27.631663774817653,27.264465678721184,27.539865493774414,13396,0.0,0.0
2017-09-04 00:00:00+08:00,27.17266529401514,27.723463257766014,26.62186898757207,26.98906707763672,22243,0.0,0.0
2017-09-05 00:00:00+08:00,27.356266250079987,27.356266250079987,26.530070100418286,26.621870040893555,38663,0.0,0.0
2017-09-06 00:00:00+08:00,26.89726754380942,26.89726754380942,26.438269510024252,26.80546760559082,21364,0.0,0.0
2017-09-07 00:00:00+08:00,26.805467507536854,26.805467507536854,26.53006935119629,26.53006935119629,40700,0.0,0.0
2017-09-08 00:00:00+08:00,26.7136677631029,27.2644657370805,26.621869481863165,27.08086585998535,17540,0.0,0.0
2017-09-11 00:00:00+08:00,26.98906757874562,27.172665798532925,26.621869481863165,27.08086585998535,18457,0.0,0.0
2017-09-12 00:00:00+08:00,27.26446649076787,27.356266431853122,26.897268383734747,27.172666549682617,23189,0.0,0.0
2017-09-13 00:00:00+08:00,27.448063775968443,29.83485221862793,27.356265495333716,29.83485221862793,177660,0.0,0.0
2017-09-14 00:00:00+08:00,29.834853304928227,31.395447334850118,29.834853304928227,30.20205307006836,262730,0.0,0.0
2017-09-15 00:00:00+08:00,29.375851565028817,30.20204927548274,29.10045343308263,29.1922550201416,68149,0.0,0.0
2017-09-18 00:00:00+08:00,28.91685645500185,29.5594543699849,28.91685645500185,29.3758544921875,34683,0.0,0.0
2017-09-19 00:00:00+08:00,29.375854713458207,29.7430544718189,28.64145851135254,28.64145851135254,48928,0.0,0.0
2017-09-20 00:00:00+08:00,28.45786154483986,29.28405601755841,28.45786154483986,28.825057983398438,33128,0.0,0.0
2017-09-21 00:00:00+08:00,29.008658720133983,30.293851265120306,28.82505883810286,29.926654815673828,77723,0.0,0.0
2017-09-22 00:00:00+08:00,29.651249696975004,29.651249696975004,29.008655160639023,29.1922550201416,46007,0.0,0.0
2017-09-25 00:00:00+08:00,29.100456551995546,29.100456551995546,28.457861946787908,28.64145851135254,13771,0.0,0.0
2017-09-26 00:00:00+08:00,28.733260576208245,28.825058859985614,27.080866608597365,27.172666549682617,65411,0.0,0.0
2017-09-27 00:00:00+08:00,27.5398642016091,27.907060623168945,27.172664465433737,27.907060623168945,16564,0.0,0.0
2017-09-28 00:00:00+08:00,28.45786089062945,28.45786089062945,27.72346305847168,27.72346305847168,10445,0.0,0.0
2017-09-29 00:00:00+08:00,27.539865901146495,27.8152640629656,26.89726798049143,27.356266021728516,18477,0.0,0.0
2017-10-02 00:00:00+08:00,28.64145841751842,29.100456456657675,28.182460378379165,28.366060256958008,21296,0.0,0.0
2017-10-03 00:00:00+08:00,28.27426197497644,29.100456456657675,28.27426197497644,28.366060256958008,15617,0.0,0.0
2017-10-05 00:00:00+08:00,28.641456892259463,28.825056761060964,28.182458877563477,28.182458877563477,20823,0.0,0.0
2017-10-06 00:00:00+08:00,28.182460284238402,29.100456359450437,27.815263842923006,28.090662002563477,30119,0.0,0.0
2017-10-11 00:00:00+08:00,28.274261474609375,28.641457910653113,28.09066159927968,28.274261474609375,25680,0.0,0.0
2017-10-12 00:00:00+08:00,28.45786175849457,28.73325991813504,28.090662002563477,28.090662002563477,18051,0.0,0.0
2017-10-13 00:00:00+08:00,28.090662002563477,28.090662002563477,27.63166396495746,28.090662002563477,20823,0.0,0.0
2017-10-16 00:00:00+08:00,28.27426046927199,28.27426046927199,28.09066060047049,28.182458877563477,13251,0.0,0.0
2017-10-17 00:00:00+08:00,28.182459731945457,28.182459731945457,27.172665394847485,27.26446533203125,29914,0.0,0.0
2017-10-18 00:00:00+08:00,27.448063549090968,27.448063549090968,27.172665394847485,27.26446533203125,10955,0.0,0.0
2017-10-19 00:00:00+08:00,27.448063858505357,27.448063858505357,26.80546760559082,26.80546760559082,48272,0.0,0.0
2017-10-20 00:00:00+08:00,26.8054683545047,26.98906823607147,26.8054683545047,26.897268295288086,15617,0.0,0.0
2017-10-23 00:00:00+08:00,27.17266529401514,27.264465230858253,26.98906707763672,26.98906707763672,12778,0.0,0.0
2017-10-24 00:00:00+08:00,26.897267140793605,26.98906707763672,26.713667267107375,26.98906707763672,20722,0.0,0.0
2017-10-25 00:00:00+08:00,27.35626561707226,28.7332597204149,27.35626561707226,27.539865493774414,36982,0.0,0.0
2017-10-26 00:00:00+08:00,27.539865143582546,28.27426132643704,26.98906717778777,27.26446533203125,16564,0.0,0.0
2017-10-27 00:00:00+08:00,27.723463257766014,27.723463257766014,26.98906707763672,26.98906707763672,9465,0.0,0.0
2017-10-30 00:00:00+08:00,26.98906823607147,26.98906823607147,26.897268295288086,26.897268295288086,2839,0.0,0.0
2017-10-31 00:00:00+08:00,26.713668413721315,27.448064625372634,26.713668413721315,26.897268295288086,6186,0.0,0.0
2017-11-01 00:00:00+08:00,26.713668413721315,26.897268295288086,26.62187013024581,26.897268295288086,18626,0.0,0.0
2017-11-02 00:00:00+08:00,26.98906748202802,27.356265577594588,26.80546760559082,26.80546760559082,5239,0.0,0.0
2017-11-03 00:00:00+08:00,26.713666915893555,26.713666915893555,26.713666915893555,26.713666915893555,3786,0.0,0.0
2017-11-06 00:00:00+08:00,26.713666915893555,26.713666915893555,26.713666915893555,26.713666915893555,9938,0.0,0.0
2017-11-07 00:00:00+08:00,26.805466851529744,26.805466851529744,26.713666915893555,26.713666915893555,8991,0.0,0.0
2017-11-08 00:00:00+08:00,26.621868637565154,27.356264808039086,26.621868637565154,26.713666915893555,17983,0.0,0.0
2017-11-09 00:00:00+08:00,26.989068145486772,26.989068145486772,26.34647021946774,26.621870040893555,24609,0.0,0.0
2017-11-10 00:00:00+08:00,26.621868637565154,26.713666915893555,26.346468830656587,26.713666915893555,42593,0.0,0.0
2017-11-13 00:00:00+08:00,26.530069252113787,26.621869189653736,26.254671096801758,26.254671096801758,22777,0.0,0.0
2017-11-14 00:00:00+08:00,26.071072528720705,26.162872470862784,25.153078079223633,25.153078079223633,35021,0.0,0.0
2017-11-15 00:00:00+08:00,24.9694766998291,25.153076573119755,24.87767676318378,24.9694766998291,20350,0.0,0.0
2017-11-16 00:00:00+08:00,25.061277358351525,25.061277358351525,23.959681401492322,24.326879501342773,17986,0.0,0.0
2017-11-17 00:00:00+08:00,24.326878700366528,25.33667468468805,24.143280485140306,24.69407844543457,22717,0.0,0.0
2017-11-20 00:00:00+08:00,24.694077295789985,24.969475434461923,24.694077295789985,24.785877227783203,12304,0.0,0.0
2017-11-21 00:00:00+08:00,24.877675502468705,25.153075298448368,24.785877227783203,24.785877227783203,7572,0.0,0.0
2017-11-22 00:00:00+08:00,25.428475905601037,25.428475905601037,24.87767791748047,24.87767791748047,7639,0.0,0.0
2017-11-23 00:00:00+08:00,24.87767791748047,24.87767791748047,24.87767791748047,24.87767791748047,2839,0.0,0.0
2017-11-24 00:00:00+08:00,25.24487644871829,25.428476333618164,24.969478278676394,25.428476333618164,11381,0.0,0.0
2017-11-27 00:00:00+08:00,25.887472018051003,27.907060623168945,25.887472018051003,27.907060623168945,132176,0.0,0.0
2017-11-28 00:00:00+08:00,27.99886328082953,28.366059716373684,26.254671096801758,26.254671096801758,97146,0.0,0.0
2017-11-29 00:00:00+08:00,26.346469784325283,26.43826972328437,25.703873526227344,26.07107162475586,40735,0.0,0.0
2017-11-30 00:00:00+08:00,25.79567444611,25.887474388559934,25.428476333618164,25.428476333618164,26975,0.0,0.0
2017-12-01 00:00:00+08:00,25.42847536665792,27.08086598138231,25.42847536665792,26.07107162475586,40227,0.0,0.0
2017-12-04 00:00:00+08:00,26.071072055349795,26.621870040893555,25.795673891231854,26.621870040893555,8045,0.0,0.0
2017-12-05 00:00:00+08:00,26.62186960120255,26.62186960120255,25.24487548873974,26.07107162475586,12778,0.0,0.0
2017-12-06 00:00:00+08:00,25.703873431739694,26.16287146754002,25.153077114625578,25.795673370361328,20451,0.0,0.0
2017-12-07 00:00:00+08:00,25.153075298448368,25.52027336911353,24.785877227783203,24.785877227783203,19877,0.0,0.0
2017-12-08 00:00:00+08:00,24.877677827496143,25.15307764921423,24.510479722513242,24.602279663085938,17037,0.0,0.0
2017-12-11 00:00:00+08:00,24.785878583762322,25.703872981992756,24.785878583762322,25.244874954223633,12304,0.0,0.0
2017-12-12 00:00:00+08:00,25.244876023791555,25.244876023791555,24.510479811169386,24.87767791748047,10885,0.0,0.0
2017-12-13 00:00:00+08:00,24.602279663085938,25.52027575419713,24.602279663085938,24.602279663085938,10411,0.0,0.0
2017-12-14 00:00:00+08:00,24.694077295789985,24.969475434461923,24.694077295789985,24.785877227783203,5205,0.0,0.0
2017-12-15 00:00:00+08:00,24.143280029296875,24.326878241056622,23.867881883003367,24.143280029296875,54019,0.0,0.0
2017-12-18 00:00:00+08:00,24.143281185879673,24.235081124811103,24.051481246948242,24.051481246948242,12778,0.0,0.0
2017-12-19 00:00:00+08:00,24.51047857290055,24.69407844543457,24.143280485140306,24.69407844543457,8991,0.0,0.0
2017-12-20 00:00:00+08:00,24.143280485140306,24.785878381701583,24.143280485140306,24.69407844543457,12352,0.0,0.0
2017-12-21 00:00:00+08:00,24.23508071899414,24.602278811263275,24.143280781599902,24.23508071899414,18930,0.0,0.0
2017-12-22 00:00:00+08:00,24.602279319211497,24.602279319211497,24.143281280071474,24.326879501342773,8991,0.0,0.0
2017-12-25 00:00:00+08:00,24.51047937992192,24.602279319211497,24.326879501342773,24.326879501342773,8992,0.0,0.0
2017-12-26 00:00:00+08:00,24.41868019104004,24.41868019104004,24.326878597852087,24.41868019104004,2839,0.0,0.0
2017-12-27 00:00:00+08:00,24.235081124811103,24.235081124811103,24.051481246948242,24.051481246948242,3312,0.0,0.0
2017-12-28 00:00:00+08:00,24.23508121936105,24.51047937992192,24.23508121936105,24.326879501342773,10445,0.0,0.0
2017-12-29 00:00:00+08:00,24.4186810979402,24.51047937992192,24.326879501342773,24.326879501342773,7098,0.0,0.0
2018-01-02 00:00:00+08:00,24.235079963830632,24.235079963830632,24.051480094763118,24.143280029296875,13758,0.0,0.0
2018-01-03 00:00:00+08:00,24.143280781599902,24.418680593782618,23.959680906811425,24.23508071899414,41647,0.0,0.0
2018-01-04 00:00:00+08:00,24.235079514513945,26.254669750274733,24.235079514513945,25.336673736572266,83862,0.0,0.0
2018-01-05 00:00:00+08:00,24.510480141536988,25.153078079223633,24.510480141536988,25.153078079223633,12802,0.0,0.0
2018-01-08 00:00:00+08:00,25.153076469461826,25.153076469461826,24.69407844543457,24.69407844543457,16090,0.0,0.0
2018-01-09 00:00:00+08:00,24.602278911155647,24.69407884892262,24.510478973388672,24.510478973388672,4022,0.0,0.0
2018-01-10 00:00:00+08:00,24.877675502468705,25.70387157579225,24.785877227783203,24.785877227783203,20823,0.0,0.0
2018-01-11 00:00:00+08:00,25.336673505127088,25.336673505127088,24.694077295789985,24.785877227783203,4732,0.0,0.0
2018-01-12 00:00:00+08:00,25.336676306199887,25.520276190484044,25.153078079223633,25.153078079223633,6152,0.0,0.0
2018-01-15 00:00:00+08:00,25.15307563939451,25.612071990966797,25.15307563939451,25.612071990966797,5679,0.0,0.0
2018-01-16 00:00:00+08:00,25.612072941730773,25.612072941730773,24.9694766998291,24.9694766998291,10933,0.0,0.0
2018-01-17 00:00:00+08:00,24.96947714361328,25.520275115966797,24.96947714361328,25.520275115966797,11291,0.0,0.0
2018-01-18 00:00:00+08:00,26.162870703052313,26.162870703052313,25.336674594215022,25.703872680664062,22750,0.0,0.0
2018-01-19 00:00:00+08:00,26.346469784325283,26.43826972328437,25.887473404145524,26.07107162475586,28753,0.0,0.0
2018-01-22 00:00:00+08:00,26.0710704722037,26.53006848939988,25.97927053730291,26.162870407104492,13927,0.0,0.0
2018-01-23 00:00:00+08:00,26.0710704722037,26.346468619598298,25.795672324809104,26.162870407104492,16090,0.0,0.0
2018-01-24 00:00:00+08:00,25.703873526227344,26.162871563714948,25.612073587268256,26.07107162475586,7234,0.0,0.0
2018-01-25 00:00:00+08:00,26.071069999846827,26.071069999846827,25.612071990966797,25.612071990966797,5205,0.0,0.0
2018-01-26 00:00:00+08:00,25.979270935058594,26.254670743977478,25.703872783447512,25.979270935058594,8518,0.0,0.0
2018-01-29 00:00:00+08:00,25.88747215270996,25.88747215270996,25.88747215270996,25.88747215270996,946,0.0,0.0
2018-01-30 00:00:00+08:00,25.428474137410944,25.88747215270996,25.244874268368232,25.88747215270996,4969,0.0,0.0
2018-01-31 00:00:00+08:00,25.703872680664062,25.703872680664062,25.703872680664062,25.703872680664062,946,0.0,0.0
2018-02-01 00:00:00+08:00,25.244873573133866,25.52027336911353,23.95967949715194,24.785877227783203,22243,0.0,0.0
2018-02-02 00:00:00+08:00,24.78587878668959,24.96947700491571,24.510478973388672,24.510478973388672,13251,0.0,0.0
2018-02-05 00:00:00+08:00,23.867881222466437,24.785877227783203,23.867881222466437,24.785877227783203,17544,0.0,0.0
2018-02-06 00:00:00+08:00,23.867881774902344,24.418679722302485,23.133485616573996,23.867881774902344,24237,0.0,0.0
2018-02-07 00:00:00+08:00,24.969476125485166,24.969476125485166,23.959680160229357,24.143280029296875,4732,0.0,0.0
2018-02-08 00:00:00+08:00,23.867883026393226,24.051481246948242,23.592483209598935,24.051481246948242,3312,0.0,0.0
2018-02-09 00:00:00+08:00,24.051481246948242,24.051481246948242,24.051481246948242,24.051481246948242,0,0.0,0.0
2018-02-12 00:00:00+08:00,24.96947649170543,24.96947649170543,24.41868019104004,24.41868019104004,946,0.0,0.0
2018-02-21 00:00:00+08:00,23.408886119038655,24.05148240796241,23.408886119038655,23.95968246459961,6321,0.0,0.0
2018-02-22 00:00:00+08:00,23.77608299255371,24.785879002152903,23.684283053988725,23.77608299255371,17037,0.0,0.0
2018-02-23 00:00:00+08:00,23.77608184078436,24.23507985406652,23.592481972548395,23.867881774902344,14197,0.0,0.0
2018-02-26 00:00:00+08:00,24.143280781599902,24.602278811263275,23.68428275193653,24.23508071899414,15144,0.0,0.0
2018-02-27 00:00:00+08:00,23.867883026393226,24.235081124811103,23.776083087461796,24.051481246948242,12778,0.0,0.0
2018-03-01 00:00:00+08:00,24.235082294688013,24.235082294688013,23.776084235181933,23.95968246459961,4732,0.0,0.0
2018-03-02 00:00:00+08:00,24.41867983289815,25.244874271778674,23.867881883003367,24.143280029296875,22243,0.0,0.0
2018-03-05 00:00:00+08:00,24.41867983289815,25.244874271778674,24.143280029296875,24.143280029296875,20823,0.0,0.0
2018-03-06 00:00:00+08:00,24.143280383399553,24.602278405492573,24.143280383399553,24.41868019104004,29342,0.0,0.0
2018-03-07 00:00:00+08:00,24.60227804133427,25.88747215270996,24.60227804133427,25.88747215270996,68149,0.0,0.0
2018-03-08 00:00:00+08:00,26.0710726161519,27.815264893469045,25.33667639116823,25.428476333618164,115476,0.0,0.0
2018-03-09 00:00:00+08:00,25.153078079223633,25.428476248341966,24.8776782527974,25.153078079223633,39281,0.0,0.0
2018-03-12 00:00:00+08:00,25.612071643799027,25.612071643799027,24.785877227783203,24.785877227783203,28395,0.0,0.0
2018-03-13 00:00:00+08:00,24.69407884892262,24.78587878668959,24.418680692929527,24.510478973388672,39282,0.0,0.0
2018-03-14 00:00:00+08:00,24.785879544231324,24.877677827496143,24.510479722513242,24.602279663085938,11359,0.0,0.0
2018-03-15 00:00:00+08:00,24.96947776806884,24.96947776806884,24.418681439248424,24.602279663085938,33668,0.0,0.0
2018-03-16 00:00:00+08:00,24.602277363796762,25.612071643799027,24.602277363796762,24.785877227783203,26975,0.0,0.0
2018-03-19 00:00:00+08:00,25.24487644871829,25.887474388559934,24.877678336226456,25.428476333618164,57941,0.0,0.0
2018-03-20 00:00:00+08:00,25.428475273182638,25.795673370361328,25.428475273182638,25.795673370361328,44959,0.0,0.0
2018-03-21 00:00:00+08:00,25.979270831173896,25.979270831173896,25.612072744724856,25.703872680664062,16090,0.0,0.0
2018-03-22 00:00:00+08:00,26.07106976684281,26.07106976684281,25.061275482177734,25.061275482177734,38807,0.0,0.0
2018-03-23 00:00:00+08:00,24.9694757729194,25.70387192420435,24.9694757729194,25.612071990966797,38854,0.0,0.0
2018-03-26 00:00:00+08:00,26.162871570464485,28.090662002563477,25.703873532858466,28.090662002563477,227937,0.0,0.0
2018-03-27 00:00:00+08:00,29.008658835631522,29.284057002466817,26.989068411787624,27.44806480407715,291707,0.0,0.0
2018-03-28 00:00:00+08:00,27.264465230858253,27.539865041387596,26.805467203950492,26.98906707763672,74369,0.0,0.0
2018-03-29 00:00:00+08:00,27.907062578315873,27.907062578315873,26.25467193630034,26.621870040893555,49771,0.0,0.0
2018-03-30 00:00:00+08:00,27.264466309604714,27.264466309604714,26.621870040893555,26.621870040893555,32475,0.0,0.0
2018-04-02 00:00:00+08:00,27.080865357172023,27.264465230858253,26.530069050728958,26.98906707763672,44385,0.0,0.0
2018-04-03 00:00:00+08:00,27.2644657370805,27.2644657370805,26.621869481863165,27.08086585998535,23189,0.0,0.0
2018-04-09 00:00:00+08:00,27.08086642865417,27.08086642865417,26.071072055349795,26.621870040893555,31235,0.0,0.0
2018-04-10 00:00:00+08:00,26.53006848939988,26.53006848939988,25.97927053730291,26.162870407104492,14028,0.0,0.0
2018-04-11 00:00:00+08:00,26.162870703052313,26.162870703052313,25.703872680664062,25.703872680664062,29815,0.0,0.0
2018-04-12 00:00:00+08:00,25.42847453015423,25.795672616603273,25.336674594215022,25.703872680664062,14768,0.0,0.0
2018-04-13 00:00:00+08:00,25.703873335212748,25.703873335212748,25.428475177689904,25.520275115966797,10952,0.0,0.0
2018-04-16 00:00:00+08:00,25.612073396935855,25.612073396935855,25.520275115966797,25.520275115966797,9465,0.0,0.0
2018-04-17 00:00:00+08:00,25.520276190484044,25.520276190484044,25.061278137081555,25.153078079223633,14197,0.0,0.0
2018-04-18 00:00:00+08:00,25.153078079223633,25.153078079223633,24.785879967963226,25.153078079223633,12778,0.0,0.0
2018-04-19 00:00:00+08:00,25.520273602235854,25.520273602235854,24.969475662552824,25.336673736572266,8518,0.0,0.0
2018-04-20 00:00:00+08:00,25.06127644370519,25.88747255254248,25.06127644370519,25.703872680664062,20823,0.0,0.0
2018-04-23 00:00:00+08:00,25.88747179067946,25.88747179067946,25.42847378179943,25.612071990966797,17037,0.0,0.0
2018-04-24 00:00:00+08:00,25.88747285602353,25.88747285602353,25.153076674516058,25.244874954223633,20350,0.0,0.0
2018-04-25 00:00:00+08:00,24.969476607612762,26.07107087136489,24.969476607612762,25.979270935058594,24609,0.0,0.0
2018-04-26 00:00:00+08:00,25.5202762760681,25.887474388559934,25.428476333618164,25.428476333618164,27117,0.0,0.0
2018-04-27 00:00:00+08:00,25.703872680664062,25.703872680664062,25.42847453015423,25.703872680664062,8146,0.0,0.0
2018-04-30 00:00:00+08:00,25.703873526227344,26.25467150267404,25.520275305617012,26.07107162475586,8045,0.0,0.0
2018-05-02 00:00:00+08:00,26.071069884611145,26.071069884611145,25.24487380374047,25.336673736572266,9972,0.0,0.0
2018-05-03 00:00:00+08:00,25.612074475318217,25.703874417460295,25.153078079223633,25.153078079223633,10411,0.0,0.0
2018-05-04 00:00:00+08:00,25.428476333618164,25.612074561210125,25.428476333618164,25.428476333618164,17037,0.0,0.0
2018-05-07 00:00:00+08:00,25.887473211766533,25.887473211766533,25.428475177689904,25.520275115966797,8721,0.0,0.0
2018-05-08 00:00:00+08:00,25.428475177689904,25.612073396935855,25.33667523941301,25.520275115966797,12778,0.0,0.0
2018-05-09 00:00:00+08:00,25.520275115966797,25.703873335212748,25.33667523941301,25.520275115966797,7132,0.0,0.0
2018-05-10 00:00:00+08:00,25.336673848561873,25.612071990966797,24.9694757729194,25.612071990966797,11831,0.0,0.0
2018-05-11 00:00:00+08:00,25.703874417460295,25.703874417460295,25.061278137081555,25.153078079223633,10037,0.0,0.0
2018-05-14 00:00:00+08:00,25.336676306199887,25.703874417460295,24.969478194939477,25.153078079223633,14975,0.0,0.0
2018-05-15 00:00:00+08:00,24.87767728341005,24.87767728341005,23.77608299255371,23.77608299255371,46415,0.0,0.0
2018-05-16 00:00:00+08:00,23.776084153251546,24.051482325083022,23.684284210205078,23.684284210205078,14197,0.0,0.0
2018-05-17 00:00:00+08:00,23.867881883003367,24.235079963830632,23.77608194846961,24.143280029296875,21864,0.0,0.0
2018-05-18 00:00:00+08:00,23.776084069393384,23.867884012116072,23.133487784950397,23.408885955810547,39280,0.0,0.0
2018-05-21 00:00:00+08:00,24.235082211175953,24.235082211175953,23.133487866542122,23.684284210205078,29141,0.0,0.0
2018-05-22 00:00:00+08:00,23.500683223309753,23.500683223309753,23.31708335876465,23.31708335876465,15617,0.0,0.0
2018-05-23 00:00:00+08:00,23.225284473951863,23.592482562294972,22.858086385608757,22.949886322021484,44013,0.0,0.0
2018-05-24 00:00:00+08:00,23.59248375343742,23.59248375343742,22.85808753967285,22.85808753967285,21432,0.0,0.0
2018-05-25 00:00:00+08:00,22.58268937383811,23.041687421767936,22.39909114905091,22.85808753967285,22243,0.0,0.0
2018-05-28 00:00:00+08:00,22.858086385608757,23.500684283190047,22.858086385608757,22.949886322021484,12304,0.0,0.0
2018-05-29 00:00:00+08:00,23.13348515152727,23.31708335876465,23.13348515152727,23.31708335876465,6152,0.0,0.0
2018-05-30 00:00:00+08:00,22.949886766327268,23.50068473815918,22.766288547255186,23.50068473815918,12304,0.0,0.0
2018-05-31 00:00:00+08:00,23.50068534813723,24.96947776806884,23.50068534813723,24.602279663085938,26503,0.0,0.0
2018-06-01 00:00:00+08:00,24.602278811263275,24.602278811263275,24.051480844205663,24.23508071899414,5205,0.0,0.0
2018-06-04 00:00:00+08:00,23.684284291819132,24.05148240796241,23.684284291819132,23.95968246459961,13319,0.0,0.0
2018-06-05 00:00:00+08:00,24.143279919948537,24.143279919948537,23.50068369573817,23.867881774902344,8991,0.0,0.0
2018-06-06 00:00:00+08:00,23.867881883003367,24.143280029296875,23.867881883003367,24.143280029296875,8991,0.0,0.0
2018-06-07 00:00:00+08:00,23.500685898533234,23.867884012116072,23.408885955810547,23.408885955810547,30413,0.0,0.0
2018-06-08 00:00:00+08:00,23.31708495703661,23.8678829311187,23.31708495703661,23.77608299255371,14197,0.0,0.0
2018-06-11 00:00:00+08:00,23.959680160229357,24.6022780446579,23.68428201393585,24.143280029296875,3312,0.0,0.0
2018-06-12 00:00:00+08:00,24.78588021214683,24.78588021214683,23.684284210205078,23.684284210205078,23832,0.0,0.0
2018-06-13 00:00:00+08:00,24.143280383399553,24.41868019104004,23.684282361306533,24.41868019104004,21770,0.0,0.0
2018-06-14 00:00:00+08:00,24.235079963830632,24.235079963830632,23.68428201393585,24.143280029296875,14197,0.0,0.0
2018-06-15 00:00:00+08:00,23.684282361306533,24.41868019104004,23.592482425426372,24.41868019104004,19403,0.0,0.0
2018-06-19 00:00:00+08:00,23.77608299255371,23.95968121237585,23.225285018471624,23.77608299255371,10479,0.0,0.0
2018-06-20 00:00:00+08:00,23.776084153251546,23.776084153251546,23.041687923495658,23.684284210205078,13419,0.0,0.0
2018-06-21 00:00:00+08:00,23.86788409629801,23.86788409629801,23.317086095327134,23.684284210205078,13251,0.0,0.0
2018-06-22 00:00:00+08:00,23.68428295723126,23.68428295723126,23.408884799969222,23.50068473815918,9533,0.0,0.0
2018-06-25 00:00:00+08:00,23.500684834166588,23.95968121237585,23.31708495703661,23.77608299255371,16090,0.0,0.0
2018-06-26 00:00:00+08:00,23.776084153251546,23.776084153251546,23.500685981420066,23.684284210205078,5205,0.0,0.0
2018-06-27 00:00:00+08:00,23.867881295092232,23.867881295092232,23.31708335876465,23.31708335876465,12304,0.0,0.0
2018-06-28 00:00:00+08:00,23.31708335876465,23.68428143054713,22.858085354709612,23.31708335876465,13724,0.0,0.0
2018-06-29 00:00:00+08:00,23.684284041147404,23.684284041147404,22.949887816633613,23.133487701416016,15144,0.0,0.0
2018-07-02 00:00:00+08:00,22.766289255933195,22.949887480720395,21.756493219025998,22.85808753967285,22247,0.0,0.0
2018-07-03 00:00:00+08:00,22.307290588425218,22.490888808113034,21.756492614746094,21.756492614746094,10411,0.0,0.0
2018-07-04 00:00:00+08:00,21.94009283654872,22.399090878943554,21.022096751759044,22.031892776489258,60581,0.0,0.0
2018-07-05 00:00:00+08:00,21.940092033959907,21.940092033959907,21.2056941986084,21.2056941986084,15617,0.0,0.0
2018-07-06 00:00:00+08:00,21.022095982751374,21.2056941986084,20.838496109586547,21.2056941986084,15617,0.0,0.0
2018-07-09 00:00:00+08:00,21.75649295666764,22.67448904145731,21.75649295666764,22.031892776489258,8045,0.0,0.0
2018-07-10 00:00:00+08:00,22.031892776489258,22.399090878943554,21.481094794153883,22.031892776489258,7572,0.0,0.0
2018-07-11 00:00:00+08:00,21.389294828134275,21.481094767962887,21.20569494847705,21.297494888305664,13251,0.0,0.0
2018-07-12 00:00:00+08:00,21.48109395964893,21.84829204783819,21.48109395964893,21.66469383239746,18457,0.0,0.0
2018-07-13 00:00:00+08:00,21.940091622511723,21.940091622511723,21.205693800932565,21.389293670654297,16090,0.0,0.0
2018-07-16 00:00:00+08:00,21.389294828134275,21.5728947077915,21.297494888305664,21.297494888305664,5726,0.0,0.0
2018-07-17 00:00:00+08:00,21.297494888305664,21.297494888305664,21.297494888305664,21.297494888305664,8140,0.0,0.0
2018-07-18 00:00:00+08:00,22.03189115123556,22.03189115123556,21.481093209531572,21.572893142700195,4259,0.0,0.0
2018-07-19 00:00:00+08:00,21.572894395058277,21.756492614746094,21.481094456560452,21.756492614746094,2408,0.0,0.0
2018-07-20 00:00:00+08:00,21.940092491741748,21.940092491741748,21.389294518062623,21.756492614746094,5205,0.0,0.0
2018-07-23 00:00:00+08:00,21.389294422264886,21.664694236524916,21.389294422264886,21.481094360351562,3786,0.0,0.0
2018-07-24 00:00:00+08:00,21.572893896023196,21.84829204783819,21.205694150526135,21.66469383239746,5679,0.0,0.0
2018-07-25 00:00:00+08:00,21.481093209531572,21.572893142700195,21.29749334319433,21.572893142700195,7098,0.0,0.0
2018-07-26 00:00:00+08:00,21.389293670654297,21.389293670654297,21.29749373579343,21.389293670654297,5814,0.0,0.0
2018-07-27 00:00:00+08:00,21.29749373579343,21.481093605515163,21.29749373579343,21.389293670654297,5408,0.0,0.0
2018-07-30 00:00:00+08:00,21.297494579564795,21.756492614746094,21.297494579564795,21.756492614746094,3786,0.0,0.0
2018-07-31 00:00:00+08:00,21.389293670654297,21.848291687650857,21.389293670654297,21.389293670654297,5679,0.0,0.0
2018-08-01 00:00:00+08:00,21.38929338620229,21.940091330734763,21.38929338620229,21.848291397094727,4816,0.0,0.0
2018-08-02 00:00:00+08:00,21.29749334319433,21.572893142700195,21.29749334319433,21.572893142700195,2839,0.0,0.0
2018-08-03 00:00:00+08:00,21.389294422264886,21.481094360351562,21.29749448417821,21.481094360351562,7099,0.0,0.0
2018-08-06 00:00:00+08:00,21.756492930140862,21.756492930140862,21.297494888305664,21.297494888305664,5407,0.0,0.0
2018-08-07 00:00:00+08:00,21.481094767962887,21.481094767962887,21.297494888305664,21.297494888305664,3786,0.0,0.0
2018-08-08 00:00:00+08:00,21.664694647620113,21.756492930140862,21.297494888305664,21.297494888305664,17510,0.0,0.0
2018-08-09 00:00:00+08:00,21.297494888305664,21.297494888305664,21.297494888305664,21.297494888305664,4259,0.0,0.0
2018-08-10 00:00:00+08:00,21.481093605515163,21.57289354037603,20.838495718796874,21.389293670654297,11966,0.0,0.0
2018-08-13 00:00:00+08:00,21.481094360351562,21.664694236524916,21.389294422264886,21.481094360351562,22851,0.0,0.0
2018-08-14 00:00:00+08:00,21.940091330734763,22.58268755159952,21.48109331984233,21.848291397094727,9701,0.0,0.0
2018-08-15 00:00:00+08:00,21.848291687650857,21.848291687650857,21.389293670654297,21.389293670654297,8577,0.0,0.0
2018-08-16 00:00:00+08:00,21.2974940869004,21.756492111463924,21.2974940869004,21.66469383239746,11416,0.0,0.0
2018-08-17 00:00:00+08:00,21.481093605515163,21.481093605515163,21.389293670654297,21.389293670654297,7572,0.0,0.0
2018-08-20 00:00:00+08:00,21.29749334319433,21.572893142700195,21.20569341002571,21.572893142700195,10614,0.0,0.0
2018-08-21 00:00:00+08:00,21.389293276362952,21.572893142700195,21.29749334319433,21.572893142700195,4732,0.0,0.0
2018-08-22 00:00:00+08:00,21.756492312384175,22.766288307210907,21.664694032469956,22.215490341186523,19403,0.0,0.0
2018-08-23 00:00:00+08:00,21.664694333556106,21.756492614746094,21.664694333556106,21.756492614746094,5205,0.0,0.0
2018-08-24 00:00:00+08:00,21.848291397094727,21.848291397094727,21.848291397094727,21.848291397094727,946,0.0,0.0
2018-08-27 00:00:00+08:00,22.490888595581055,22.490888595581055,22.490888595581055,22.490888595581055,726,0.0,0.0
2018-08-28 00:00:00+08:00,21.481093427406766,22.123689651489258,21.481093427406766,22.123689651489258,11366,0.0,0.0
2018-08-29 00:00:00+08:00,22.123689651489258,22.123689651489258,22.123689651489258,22.123689651489258,0,0.0,0.0
2018-08-30 00:00:00+08:00,21.756492517303762,21.756492517303762,21.481094360351562,21.481094360351562,6767,0.0,0.0
2018-08-31 00:00:00+08:00,21.481093209531572,21.664693075868815,21.481093209531572,21.572893142700195,10553,0.0,0.0
2018-09-03 00:00:00+08:00,21.664694236524916,21.756492517303762,21.481094360351562,21.481094360351562,4259,0.0,0.0
2018-09-04 00:00:00+08:00,21.940092086791992,21.940092086791992,21.940092086791992,21.940092086791992,506,0.0,0.0
2018-09-05 00:00:00+08:00,21.940092393477112,21.940092393477112,21.481094360351562,21.481094360351562,2839,0.0,0.0
2018-09-06 00:00:00+08:00,21.848291397094727,21.848291397094727,21.848291397094727,21.848291397094727,1419,0.0,0.0
2018-09-07 00:00:00+08:00,21.848292249606207,22.58268843276684,21.572894095247925,22.215490341186523,12778,0.0,0.0
2018-09-10 00:00:00+08:00,20.838495718796874,21.481093605515163,20.838495718796874,21.389293670654297,11358,0.0,0.0
2018-09-11 00:00:00+08:00,21.38929407177323,21.66469388152047,21.11389591933379,21.2056941986084,14197,0.0,0.0
2018-09-12 00:00:00+08:00,21.940091330734763,22.399089341627196,21.572893253482366,21.848291397094727,14704,0.0,0.0
2018-09-13 00:00:00+08:00,21.66469383239746,21.66469383239746,21.48109395964893,21.66469383239746,10885,0.0,0.0
2018-09-14 00:00:00+08:00,21.848291397094727,21.848291397094727,21.848291397094727,21.848291397094727,1132,0.0,0.0
2018-09-17 00:00:00+08:00,21.48109331984233,21.848291397094727,21.48109331984233,21.848291397094727,1893,0.0,0.0
2018-09-18 00:00:00+08:00,22.031892023595464,22.031892023595464,21.940092086791992,21.940092086791992,7098,0.0,0.0
2018-09-19 00:00:00+08:00,22.123690199653183,22.123690199653183,21.66469383239746,21.66469383239746,1893,0.0,0.0
2018-09-20 00:00:00+08:00,21.84829204783819,21.84829204783819,21.66469383239746,21.66469383239746,2366,0.0,0.0
2018-09-21 00:00:00+08:00,22.03189192058672,22.03189192058672,21.66469383239746,21.66469383239746,1893,0.0,0.0
2018-09-25 00:00:00+08:00,21.38929338620229,21.848291397094727,21.38929338620229,21.848291397094727,3312,0.0,0.0
2018-09-26 00:00:00+08:00,21.297493452562254,21.848291397094727,21.297493452562254,21.848291397094727,1419,0.0,0.0
2018-09-27 00:00:00+08:00,21.572894395058277,21.756492614746094,21.572894395058277,21.756492614746094,1893,0.0,0.0
2018-09-28 00:00:00+08:00,21.572894822950314,22.30729103088379,21.205695061675705,22.30729103088379,10411,0.0,0.0
2018-10-01 00:00:00+08:00,22.307290176698064,22.307290176698064,21.940092086791992,21.940092086791992,3786,0.0,0.0
2018-10-02 00:00:00+08:00,21.756492213185055,21.940092086791992,21.756492213185055,21.940092086791992,3312,0.0,0.0
2018-10-03 00:00:00+08:00,21.572893253482366,21.848291397094727,21.572893253482366,21.848291397094727,1893,0.0,0.0
2018-10-04 00:00:00+08:00,21.572893253482366,21.848291397094727,21.48109331984233,21.848291397094727,4259,0.0,0.0
2018-10-05 00:00:00+08:00,22.123690711429564,22.123690711429564,21.297494579564795,21.756492614746094,11831,0.0,0.0
2018-10-08 00:00:00+08:00,22.858086904796505,22.858086904796505,21.481094456560452,21.756492614746094,3786,0.0,0.0
2018-10-09 00:00:00+08:00,21.389293967582276,21.389293967582276,20.838496008078625,20.930295944213867,15617,0.0,0.0
2018-10-11 00:00:00+08:00,21.756492614746094,22.949886843294333,20.287700228012213,21.756492614746094,75722,0.0,0.0
2018-10-12 00:00:00+08:00,21.75649283470277,21.75649283470277,20.930296694485214,21.022096633911133,7098,0.0,0.0
2018-10-15 00:00:00+08:00,21.022096633911133,21.022096633911133,21.022096633911133,21.022096633911133,0,0.0,0.0
2018-10-16 00:00:00+08:00,20.93029710308326,21.02209704430128,20.838497161865234,20.838497161865234,2366,0.0,0.0
2018-10-17 00:00:00+08:00,20.930295944213867,20.930295944213867,20.379499642018015,20.930295944213867,11358,0.0,0.0
2018-10-18 00:00:00+08:00,20.379500593497376,20.379500593497376,20.287700653076172,20.287700653076172,5205,0.0,0.0
2018-10-19 00:00:00+08:00,20.287700000147733,20.471298217773438,20.195900062680973,20.471298217773438,1893,0.0,0.0
2018-10-22 00:00:00+08:00,20.471298217773438,20.471298217773438,20.471298217773438,20.471298217773438,473,0.0,0.0
2018-10-23 00:00:00+08:00,22.03189298874623,22.03189298874623,20.012302577136776,20.563098907470703,7572,0.0,0.0
2018-10-24 00:00:00+08:00,18.543509787062888,20.83849666122129,18.543509787062888,20.7466983795166,12304,0.0,0.0
2018-10-25 00:00:00+08:00,19.369704266252146,21.84829267574346,19.369704266252146,20.7466983795166,11831,0.0,0.0
2018-10-26 00:00:00+08:00,20.19590049690676,20.19590049690676,19.002506256103516,19.002506256103516,9465,0.0,0.0
2018-10-29 00:00:00+08:00,19.002506256103516,19.002506256103516,18.35990999463556,19.002506256103516,12785,0.0,0.0
2018-10-30 00:00:00+08:00,18.359908664087573,18.910706603506373,18.23138942110781,18.543508529663086,12778,0.0,0.0
2018-10-31 00:00:00+08:00,18.543508529663086,19.09430481177415,18.26810873129982,18.543508529663086,2399,0.0,0.0
2018-11-01 00:00:00+08:00,19.186105627483915,19.186105627483915,18.910707473754883,18.910707473754883,980,0.0,0.0
2018-11-02 00:00:00+08:00,18.910707117865687,18.910707117865687,18.176309292896217,18.63530731201172,8327,0.0,0.0
2018-11-05 00:00:00+08:00,18.543508529663086,18.543508529663086,18.543508529663086,18.543508529663086,6,0.0,0.0
2018-11-06 00:00:00+08:00,18.543508529663086,18.543508529663086,18.543508529663086,18.543508529663086,0,0.0,0.0
2018-11-07 00:00:00+08:00,18.359909731618053,18.359909731618053,18.2497501373291,18.2497501373291,5205,0.0,0.0
2018-11-08 00:00:00+08:00,18.35990829888164,18.35990829888164,17.974350577611666,18.268108367919922,21304,0.0,0.0
2018-11-09 00:00:00+08:00,17.64387385297561,18.17631053073241,17.55207391143923,18.139591217041016,3796,0.0,0.0
2018-11-12 00:00:00+08:00,17.478634070907628,18.176309269159685,17.44191310245705,17.955991744995117,12778,0.0,0.0
2018-11-13 00:00:00+08:00,17.03799656060349,17.58879288454034,17.03799656060349,17.11143684387207,4732,0.0,0.0
2018-11-14 00:00:00+08:00,16.92783681444819,17.07471572237679,16.652438654918583,16.707517623901367,15196,0.0,0.0
2018-11-15 00:00:00+08:00,16.37704088040939,16.707518016691218,16.37704088040939,16.45047950744629,7581,0.0,0.0
2018-11-16 00:00:00+08:00,16.340319525425944,16.854396531829966,16.340319525425944,16.707517623901367,3786,0.0,0.0
2018-11-19 00:00:00+08:00,16.52391815185547,16.52391815185547,16.432118219862247,16.52391815185547,7716,0.0,0.0
2018-11-20 00:00:00+08:00,16.26687931569456,17.386834929774444,16.26687931569456,16.90947723388672,8045,0.0,0.0
2018-11-21 00:00:00+08:00,16.542278662181037,16.927836407720193,16.303599821041395,16.891117095947266,12778,0.0,0.0
2018-11-22 00:00:00+08:00,16.52391781595448,16.854394912719727,16.52391781595448,16.854394912719727,946,0.0,0.0
2018-11-23 00:00:00+08:00,16.78095817565918,16.78095817565918,16.78095817565918,16.78095817565918,473,0.0,0.0
2018-11-26 00:00:00+08:00,16.02820065299987,16.78095817565918,16.02820065299987,16.78095817565918,3786,0.0,0.0
2018-11-27 00:00:00+08:00,17.441913604736328,17.441913604736328,17.350113666927967,17.441913604736328,23223,0.0,0.0
2018-11-28 00:00:00+08:00,16.65243705520934,17.239954287791996,16.65243705520934,16.854394912719727,9469,0.0,0.0
2018-11-29 00:00:00+08:00,17.441913604736328,17.441913604736328,17.441913604736328,17.441913604736328,3481,0.0,0.0
2018-11-30 00:00:00+08:00,17.441913604736328,17.51535388644458,17.441913604736328,17.441913604736328,4327,0.0,0.0
2018-12-03 00:00:00+08:00,17.44191475104705,17.44191475104705,17.276676177978516,17.276676177978516,7098,0.0,0.0
2018-12-04 00:00:00+08:00,18.32319104994493,18.32319104994493,17.258316040039062,17.258316040039062,8526,0.0,0.0
2018-12-05 00:00:00+08:00,17.23995487193368,17.23995487193368,16.79931651823961,17.07471466064453,9087,0.0,0.0
2018-12-06 00:00:00+08:00,17.07471466064453,17.07471466064453,17.07471466064453,17.07471466064453,5205,0.0,0.0
2018-12-07 00:00:00+08:00,16.891117095947266,16.891117095947266,16.891117095947266,16.891117095947266,946,0.0,0.0
2018-12-10 00:00:00+08:00,16.707516745134924,16.872756958007812,16.542278189569792,16.872756958007812,8142,0.0,0.0
2018-12-11 00:00:00+08:00,17.05635643005371,17.05635643005371,17.05635643005371,17.05635643005371,473,0.0,0.0
2018-12-12 00:00:00+08:00,17.05635643005371,17.05635643005371,17.05635643005371,17.05635643005371,0,0.0,0.0
2018-12-13 00:00:00+08:00,16.578998934458635,17.00127601623535,16.578998934458635,17.00127601623535,2839,0.0,0.0
2018-12-14 00:00:00+08:00,16.891117095947266,16.891117095947266,16.891117095947266,16.891117095947266,473,0.0,0.0
2018-12-17 00:00:00+08:00,16.707517432004032,16.836036682128906,16.707517432004032,16.836036682128906,946,0.0,0.0
2018-12-18 00:00:00+08:00,16.83603804743567,16.89111867756039,16.615718841552734,16.615718841552734,11453,0.0,0.0
2018-12-19 00:00:00+08:00,16.61571739575851,16.61571739575851,16.560638427734375,16.560638427734375,5205,0.0,0.0
2018-12-20 00:00:00+08:00,17.20323344319761,17.20323344319761,17.129793167114258,17.129793167114258,946,0.0,0.0
2018-12-21 00:00:00+08:00,17.129793167114258,17.129793167114258,17.129793167114258,17.129793167114258,0,0.0,0.0
2018-12-24 00:00:00+08:00,16.836036470980066,16.891117095947266,16.836036470980066,16.891117095947266,2366,0.0,0.0
2018-12-25 00:00:00+08:00,18.176311214515454,18.176311214515454,16.891118613889443,17.221595764160156,3245,0.0,0.0
2018-12-26 00:00:00+08:00,16.340319941804513,17.258316040039062,16.340319941804513,17.258316040039062,2839,0.0,0.0
2018-12-27 00:00:00+08:00,17.0747148242968,17.625512771693504,16.872756958007812,16.872756958007812,3786,0.0,0.0
2018-12-28 00:00:00+08:00,16.872756958007812,16.872756958007812,16.872756958007812,16.872756958007812,0,0.0,0.0
2019-01-02 00:00:00+08:00,17.23995563162961,17.23995563162961,16.799317258518368,17.166515350341797,2366,0.0,0.0
2019-01-03 00:00:00+08:00,16.652439219567064,17.00127601623535,16.652439219567064,17.00127601623535,1893,0.0,0.0
2019-01-04 00:00:00+08:00,17.570433447428798,17.570433447428798,17.05635643005371,17.05635643005371,967,0.0,0.0
2019-01-07 00:00:00+08:00,17.7173117768863,17.7173117768863,16.725877088120754,16.836036682128906,2366,0.0,0.0
2019-01-08 00:00:00+08:00,16.45047900714744,17.037996292114258,16.45047900714744,17.037996292114258,4800,0.0,0.0
2019-01-09 00:00:00+08:00,16.872756958007812,16.872756958007812,16.634076466379444,16.872756958007812,4732,0.0,0.0
2019-01-10 00:00:00+08:00,18.268108331213867,18.268108331213867,17.129793167114258,17.129793167114258,1419,0.0,0.0
2019-01-11 00:00:00+08:00,17.129793167114258,17.129793167114258,17.129793167114258,17.129793167114258,0,0.0,0.0
2019-01-14 00:00:00+08:00,16.707517623901367,16.707517623901367,16.707517623901367,16.707517623901367,473,0.0,0.0
2019-01-15 00:00:00+08:00,17.258315185599958,17.258315185599958,16.891117095947266,16.891117095947266,2399,0.0,0.0
2019-01-16 00:00:00+08:00,16.542278662181037,16.891117095947266,16.542278662181037,16.891117095947266,2501,0.0,0.0
2019-01-17 00:00:00+08:00,17.129794573118577,17.129794573118577,17.037996292114258,17.037996292114258,3312,0.0,0.0
2019-01-18 00:00:00+08:00,16.542280073870394,16.946197509765625,16.542280073870394,16.946197509765625,946,0.0,0.0
2019-01-21 00:00:00+08:00,16.946197509765625,16.946197509765625,16.946197509765625,16.946197509765625,0,0.0,0.0
2019-01-22 00:00:00+08:00,16.799317562847186,17.258315600268425,16.707517623901367,16.707517623901367,9465,0.0,0.0
2019-01-23 00:00:00+08:00,16.79931594902808,16.854394912719727,16.615716088773887,16.854394912719727,10431,0.0,0.0
2019-01-24 00:00:00+08:00,16.6891589908043,16.946197509765625,16.6891589908043,16.946197509765625,946,0.0,0.0
2019-01-25 00:00:00+08:00,16.634077415815284,16.90947723388672,16.615717759405428,16.90947723388672,5205,0.0,0.0
2019-01-28 00:00:00+08:00,16.90947723388672,16.90947723388672,16.57899844658571,16.90947723388672,15617,0.0,0.0
2019-01-29 00:00:00+08:00,16.615718841552734,16.615718841552734,16.56063986873598,16.615718841552734,7098,0.0,0.0
2019-01-30 00:00:00+08:00,16.597359183947148,16.615718841552734,16.432120608188928,16.615718841552734,2366,0.0,0.0
2019-02-11 00:00:00+08:00,16.652439010302984,17.05635643005371,16.597358382836866,17.05635643005371,8991,0.0,0.0
2019-02-12 00:00:00+08:00,17.00127601623535,17.00127601623535,16.597358591408767,17.00127601623535,2177,0.0,0.0
2019-02-13 00:00:00+08:00,16.872757440060802,16.891117095947266,16.872757440060802,16.891117095947266,946,0.0,0.0
2019-02-14 00:00:00+08:00,17.203234560632758,17.203234560632758,16.578997973953964,16.891117095947266,2366,0.0,0.0
2019-02-15 00:00:00+08:00,16.65243911743164,16.65243911743164,16.65243911743164,16.65243911743164,3312,0.0,0.0
2019-02-18 00:00:00+08:00,17.22159402397575,17.22159402397575,16.615717099957333,17.019636154174805,3481,0.0,0.0
2019-02-19 00:00:00+08:00,16.891117095947266,16.891117095947266,16.597357629840428,16.891117095947266,1581,0.0,0.0
2019-02-20 00:00:00+08:00,16.578997706894523,16.817676544189453,16.395397836371753,16.817676544189453,18017,0.0,0.0
2019-02-21 00:00:00+08:00,16.523918926474135,16.689157485961914,16.340319053880783,16.689157485961914,14704,0.0,0.0
2019-02-22 00:00:00+08:00,16.79931813247601,17.111437272551942,16.744239161625618,17.00127601623535,10885,0.0,0.0
2019-02-25 00:00:00+08:00,17.07471533311851,17.07471533311851,16.56063833843408,16.964555740356445,12778,0.0,0.0
2019-02-26 00:00:00+08:00,16.946197509765625,16.946197509765625,16.946197509765625,16.946197509765625,473,0.0,0.0
2019-02-27 00:00:00+08:00,17.07471466064453,17.07471466064453,17.07471466064453,17.07471466064453,1419,0.0,0.0
2019-03-04 00:00:00+08:00,17.03799600034678,17.03799600034678,16.634076941613355,16.891117095947266,10411,0.0,0.0
2019-03-05 00:00:00+08:00,16.817677026012188,16.836036682128906,16.799317369895466,16.836036682128906,8991,0.0,0.0
2019-03-06 00:00:00+08:00,16.799317446887358,17.037996292114258,16.615717570263048,17.037996292114258,7572,0.0,0.0
2019-03-07 00:00:00+08:00,16.982915783430972,16.982915783430972,16.707517623901367,16.707517623901367,9465,0.0,0.0
2019-03-08 00:00:00+08:00,16.54227747051836,16.854394912719727,16.54227747051836,16.854394912719727,1419,0.0,0.0
2019-03-11 00:00:00+08:00,16.59735783799588,16.85439633824563,16.57899818187916,16.836036682128906,6625,0.0,0.0
2019-03-12 00:00:00+08:00,16.81767721917478,16.81767721917478,16.707517623901367,16.707517623901367,1893,0.0,0.0
2019-03-13 00:00:00+08:00,16.54227747051836,16.854394912719727,16.52391781595448,16.854394912719727,5205,0.0,0.0
2019-03-14 00:00:00+08:00,16.57899810405195,16.634077072143555,16.57899810405195,16.634077072143555,6625,0.0,0.0
2019-03-15 00:00:00+08:00,16.799317832281233,16.799317832281233,16.670798578618985,16.78095817565918,4732,0.0,0.0
2019-03-18 00:00:00+08:00,16.78095817565918,16.78095817565918,16.78095817565918,16.78095817565918,4766,0.0,0.0
2019-03-19 00:00:00+08:00,16.964555740356445,16.964555740356445,16.964555740356445,16.964555740356445,473,0.0,0.0
2019-03-20 00:00:00+08:00,16.79931640625,16.79931640625,16.79931640625,16.79931640625,1987,0.0,0.0
2019-03-21 00:00:00+08:00,16.89111867756039,16.89111867756039,16.615718841552734,16.615718841552734,23223,0.0,0.0
2019-03-22 00:00:00+08:00,16.523918534207862,16.872756958007812,16.487197566176246,16.872756958007812,19099,0.0,0.0
2019-03-25 00:00:00+08:00,16.523919403317578,16.872757845465408,16.487198433354543,16.707517623901367,6152,0.0,0.0
2019-03-26 00:00:00+08:00,16.872757845465408,16.872757845465408,16.523919403317578,16.707517623901367,7267,0.0,0.0
2019-03-27 00:00:00+08:00,17.037996292114258,17.037996292114258,17.037996292114258,17.037996292114258,473,0.0,0.0
2019-03-28 00:00:00+08:00,16.5606383180675,16.891117095947266,16.487198037213837,16.891117095947266,23189,0.0,0.0
2019-03-29 00:00:00+08:00,16.5606380513038,16.817676544189453,16.523918740122358,16.817676544189453,7639,0.0,0.0
2019-04-01 00:00:00+08:00,16.2852401071013,16.762596130371094,16.2852401071013,16.762596130371094,946,0.0,0.0
2019-04-02 00:00:00+08:00,16.762596130371094,16.762596130371094,16.762596130371094,16.762596130371094,0,0.0,0.0
2019-04-03 00:00:00+08:00,16.377040230408248,16.634077072143555,16.377040230408248,16.634077072143555,1419,0.0,0.0
2019-04-08 00:00:00+08:00,16.61571836068753,16.61571836068753,16.59735870361328,16.59735870361328,1041,0.0,0.0
2019-04-09 00:00:00+08:00,16.340320662853042,16.615718841552734,16.340320662853042,16.615718841552734,2886,0.0,0.0
2019-04-10 00:00:00+08:00,16.615717951444953,16.854396802147395,16.615717951444953,16.78095817565918,4732,0.0,0.0
2019-04-11 00:00:00+08:00,16.872756224591296,16.872756224591296,16.340317955700286,16.854394912719727,14197,0.0,0.0
2019-04-12 00:00:00+08:00,16.83603571637714,16.83603571637714,16.560637575808112,16.79931640625,4779,0.0,0.0
2019-04-15 00:00:00+08:00,16.50556001171263,16.78095817565918,16.50556001171263,16.78095817565918,1332,0.0,0.0
2019-04-16 00:00:00+08:00,16.817677488903286,16.817677488903286,16.78095817565918,16.78095817565918,1033,0.0,0.0
2019-04-17 00:00:00+08:00,16.3403197874984,16.78095817565918,16.32196013087635,16.78095817565918,2974,0.0,0.0
2019-04-18 00:00:00+08:00,16.964555740356445,16.964555740356445,16.964555740356445,16.964555740356445,473,0.0,0.0
2019-04-19 00:00:00+08:00,16.964555740356445,16.964555740356445,16.964555740356445,16.964555740356445,0,0.0,0.0
2019-04-22 00:00:00+08:00,16.891118599314034,16.891118599314034,16.340320587158203,16.340320587158203,10080,0.0,0.0
2019-04-23 00:00:00+08:00,14.706288610435541,15.97312147383655,14.706288610435541,15.495763778686523,21770,0.0,0.0
2019-04-24 00:00:00+08:00,15.146924859221517,15.183644170829854,14.706288147998082,14.834807395935059,32197,0.0,0.0
2019-04-25 00:00:00+08:00,14.834807908502963,16.303600311279297,14.834807908502963,16.303600311279297,48446,0.0,0.0
2019-04-26 00:00:00+08:00,16.542279017655584,17.91927146911621,16.542279017655584,17.91927146911621,89954,0.0,0.0
2019-04-29 00:00:00+08:00,18.635307695363096,18.818907569709285,17.074715392651747,17.093076705932617,118322,0.0,0.0
2019-04-30 00:00:00+08:00,16.799317167650425,16.98291538391514,15.716082554034381,16.285240173339844,24136,0.0,0.0
2019-05-02 00:00:00+08:00,16.523918931876356,16.523918931876356,16.083280563354492,16.083280563354492,28869,0.0,0.0
2019-05-03 00:00:00+08:00,16.707518146637582,16.707518146637582,15.75280272926927,16.1200008392334,15144,0.0,0.0
2019-05-06 00:00:00+08:00,16.119999684642167,16.119999684642167,15.514122763731752,15.60592269897461,17983,0.0,0.0
2019-05-07 00:00:00+08:00,15.605923898840555,16.6891585775293,15.605923898840555,16.39539909362793,14197,0.0,0.0
2019-05-08 00:00:00+08:00,16.230159953076477,16.413758173919582,16.101640701293945,16.101640701293945,17037,0.0,0.0
2019-05-09 00:00:00+08:00,16.964556657881683,16.964556657881683,16.1200008392334,16.1200008392334,12304,0.0,0.0
2019-05-10 00:00:00+08:00,16.35868024467874,16.35868024467874,16.1567223546449,16.340320587158203,3786,0.0,0.0
2019-05-13 00:00:00+08:00,15.642642322819912,16.028200069777256,14.706288268011447,15.18364429473877,53668,0.0,0.0
2019-05-14 00:00:00+08:00,14.81644649762879,15.2387252221781,14.504329025604198,14.68792724609375,38441,0.0,0.0
2019-05-15 00:00:00+08:00,14.908247057773904,14.908247057773904,14.320729744570587,14.375808715820312,33634,0.0,0.0
2019-05-16 00:00:00+08:00,14.669566248811147,14.87152576446533,14.596125972943891,14.871525764465332,21306,0.0,0.0
2019-05-17 00:00:00+08:00,14.77972620118256,14.889885789066678,14.522687715222201,14.614487648010254,9961,0.0,0.0
2019-05-20 00:00:00+08:00,14.669568261016822,14.669568261016822,14.063691288254608,14.541049003601074,3595,0.0,0.0
2019-05-21 00:00:00+08:00,14.541047860838713,14.981686227239454,14.137130463176563,14.669567108154297,13760,0.0,0.0
2019-05-22 00:00:00+08:00,14.467607012061977,14.981685638427734,14.467607012061977,14.981685638427734,29839,0.0,0.0
2019-05-23 00:00:00+08:00,14.412528237042665,15.220364668572657,14.412528237042665,14.889885902404785,14197,0.0,0.0
2019-05-24 00:00:00+08:00,14.687926071875072,14.79808565828529,14.687926071875072,14.706287384033203,7741,0.0,0.0
2019-05-27 00:00:00+08:00,14.706288559719766,15.146925283279401,14.504329025604198,14.68792724609375,12814,0.0,0.0
2019-05-28 00:00:00+08:00,14.614488686057188,14.853167533874512,14.37580818093201,14.853167533874512,6186,0.0,0.0
2019-05-29 00:00:00+08:00,14.87152576446533,14.87152576446533,14.87152576446533,14.871525764465332,946,0.0,0.0
2019-05-30 00:00:00+08:00,14.687927044478103,14.7797269821167,14.651207732345794,14.7797269821167,2366,0.0,0.0
2019-05-31 00:00:00+08:00,14.871527218314576,15.00004647066562,14.779727278833013,14.963325500488281,10435,0.0,0.0
2019-06-03 00:00:00+08:00,14.963325878411824,15.000046849516613,14.632848739624023,14.632848739624023,6152,0.0,0.0
2019-06-04 00:00:00+08:00,14.779726881454442,14.779726881454442,14.504328727722168,14.504328727722168,5205,0.0,0.0
2019-06-05 00:00:00+08:00,14.173850602732859,14.853167847739355,14.173850602732859,14.357450485229492,2873,0.0,0.0
2019-06-06 00:00:00+08:00,14.320729211731637,14.853167533874512,14.320729211731637,14.853167533874512,3786,0.0,0.0
2019-06-10 00:00:00+08:00,14.92660615947501,14.92660615947501,14.687927311657685,14.853167533874512,4259,0.0,0.0
2019-06-11 00:00:00+08:00,14.908245852075115,15.036765098571777,14.908245852075115,15.036765098571777,7098,0.0,0.0
2019-06-12 00:00:00+08:00,14.871527218314576,15.018406127100361,14.68792733935145,14.963325500488281,2839,0.0,0.0
2019-06-13 00:00:00+08:00,14.706287800613884,15.312163057070967,14.687926487935638,15.165284156799316,9006,0.0,0.0
2019-06-14 00:00:00+08:00,14.963325018392048,14.963325018392048,14.706288179279163,14.944965362548828,1893,0.0,0.0
2019-06-17 00:00:00+08:00,14.724648110536323,15.05512523651123,14.68792714085524,15.05512523651123,10426,0.0,0.0
2019-06-18 00:00:00+08:00,14.687925903451038,15.018404658892148,14.687925903451038,14.871525764465332,9465,0.0,0.0
2019-06-19 00:00:00+08:00,14.944964383024892,15.03676431353204,14.761366179318294,14.871525764465332,17037,0.0,0.0
2019-06-20 00:00:00+08:00,14.706287215398623,14.889885419105221,14.706287215398623,14.871525764465332,8518,0.0,0.0
2019-06-21 00:00:00+08:00,15.183644203126297,15.183644203126297,14.541047962074574,14.944965362548828,8045,0.0,0.0
2019-06-24 00:00:00+08:00,14.687926834886113,14.834807395935059,14.559407586949137,14.834807395935059,6152,0.0,0.0
2019-06-25 00:00:00+08:00,14.834807395935059,14.834807395935059,14.834807395935059,14.834807395935059,608,0.0,0.0
2019-06-26 00:00:00+08:00,14.522688205123314,14.743007388323685,14.357449646376933,14.669567108154297,11358,0.0,0.0
2019-06-27 00:00:00+08:00,14.522688586189926,14.669567493074922,14.412528991699219,14.412528991699219,4046,0.0,0.0
2019-06-28 00:00:00+08:00,14.357449910862803,15.000046159278313,14.357449910862803,14.74300765991211,3312,0.0,0.0
2019-07-01 00:00:00+08:00,15.110205660317858,15.110205660317858,14.504328727722168,14.504328727722168,7573,0.0,0.0
2019-07-02 00:00:00+08:00,14.926605224609375,14.926605224609375,14.926605224609375,14.926605224609375,473,0.0,0.0
2019-07-03 00:00:00+08:00,14.834807395935059,14.834807395935059,14.834807395935059,14.834807395935059,473,0.0,0.0
2019-07-04 00:00:00+08:00,14.834807395935059,14.834807395935059,14.834807395935059,14.834807395935059,0,0.0,0.0
2019-07-05 00:00:00+08:00,14.834807395935059,14.834807395935059,14.834807395935059,14.834807395935059,0,0.0,0.0
2019-07-08 00:00:00+08:00,14.834807395935059,14.834807395935059,14.834807395935059,14.834807395935059,0,0.0,0.0
2019-07-09 00:00:00+08:00,14.68792724609375,14.68792724609375,14.68792724609375,14.68792724609375,473,0.0,0.0
2019-07-10 00:00:00+08:00,14.68792724609375,14.68792724609375,14.68792724609375,14.68792724609375,0,0.0,0.0
2019-07-11 00:00:00+08:00,14.228929658626647,14.632848739624023,14.228929658626647,14.632848739624023,3312,0.0,0.0
2019-07-12 00:00:00+08:00,14.228928273428217,14.651206970214844,14.045330065009315,14.651206970214844,9488,0.0,0.0
2019-07-15 00:00:00+08:00,14.706288362057347,14.706288362057347,14.137130737304688,14.137130737304688,17203,0.0,0.0
2019-07-16 00:00:00+08:00,14.137131227325371,14.210569854156516,14.137131227325371,14.19221019744873,5307,0.0,0.0
2019-07-17 00:00:00+08:00,13.953530396900092,14.155489921569824,13.93517074144062,14.155489921569824,9559,0.0,0.0
2019-07-18 00:00:00+08:00,14.155490393376091,14.302369299255151,13.971890518046399,14.137130737304688,8140,0.0,0.0
2019-07-19 00:00:00+08:00,14.045330741025905,14.045330741025905,14.008609771728516,14.008609771728516,1893,0.0,0.0
2019-07-22 00:00:00+08:00,14.412528832845076,14.412528832845076,14.008609771728516,14.008609771728516,1893,0.0,0.0
2019-07-23 00:00:00+08:00,13.971891002339532,14.19221019744873,13.971891002339532,14.19221019744873,1893,0.0,0.0
2019-07-24 00:00:00+08:00,14.94496526119971,14.94496526119971,14.063690185546875,14.063690185546875,6625,0.0,0.0
2019-07-25 00:00:00+08:00,14.192209525398654,14.32072877357521,13.898450888714857,14.302369117736816,2907,0.0,0.0
2019-07-26 00:00:00+08:00,14.302369117736816,14.302369117736816,14.302369117736816,14.302369117736816,0,0.0,0.0
2019-07-29 00:00:00+08:00,14.467607960290655,14.50432892999278,13.971890613736393,14.412528991699219,6625,0.0,0.0
2019-07-30 00:00:00+08:00,14.412528892991402,14.412528892991402,14.137130737304688,14.137130737304688,2410,0.0,0.0
2019-07-31 00:00:00+08:00,14.137130737304688,14.137130737304688,14.137130737304688,14.137130737304688,0,0.0,0.0
2019-08-01 00:00:00+08:00,14.412527769237293,14.963324037664783,14.357448805317622,14.871525764465332,34582,0.0,0.0
2019-08-02 00:00:00+08:00,14.247290326966924,14.7797269821167,14.155490389328328,14.7797269821167,7474,0.0,0.0
2019-08-05 00:00:00+08:00,14.7797269821167,14.7797269821167,14.7797269821167,14.7797269821167,0,0.0,0.0
2019-08-06 00:00:00+08:00,14.7797269821167,14.7797269821167,14.7797269821167,14.7797269821167,0,0.0,0.0
2019-08-07 00:00:00+08:00,14.7797269821167,14.7797269821167,14.7797269821167,14.7797269821167,0,0.0,0.0
2019-08-08 00:00:00+08:00,14.761366844177246,14.761366844177246,14.761366844177246,14.761366844177246,980,0.0,0.0
2019-08-12 00:00:00+08:00,14.761366844177246,14.761366844177246,14.761366844177246,14.761366844177246,0,0.0,0.0
2019-08-13 00:00:00+08:00,14.761366844177246,14.761366844177246,14.761366844177246,14.761366844177246,0,0.0,0.0
2019-08-14 00:00:00+08:00,14.173849477245692,14.6879264557229,14.173849477245692,14.485968589782715,3312,0.0,0.0
2019-08-15 00:00:00+08:00,14.008610578551906,14.28401040625875,14.008610578551906,14.265650749206543,2381,0.0,0.0
2019-08-16 00:00:00+08:00,13.990251541137695,13.990251541137695,13.990251541137695,13.990251541137695,965,0.0,0.0
2019-08-19 00:00:00+08:00,14.412528903222617,14.687927059104833,14.173850059509277,14.173850059509277,4259,0.0,0.0
2019-08-20 00:00:00+08:00,14.15549060618384,14.15549060618384,14.082050323486328,14.082050323486328,2366,0.0,0.0
2019-08-21 00:00:00+08:00,14.449248313903809,14.449248313903809,14.449248313903809,14.449248313903809,473,0.0,0.0
2019-08-22 00:00:00+08:00,14.449248313903809,14.449248313903809,14.449248313903809,14.449248313903809,0,0.0,0.0
2019-08-23 00:00:00+08:00,14.449248313903809,14.449248313903809,14.449248313903809,14.449248313903809,0,0.0,0.0
2019-08-26 00:00:00+08:00,13.843371525695655,14.430888817446277,13.843371525695655,13.880091667175293,1893,0.0,0.0
2019-08-27 00:00:00+08:00,14.412529161033422,14.412529161033422,13.880091667175293,13.880091667175293,4732,0.0,0.0
2019-08-28 00:00:00+08:00,13.623052455360169,14.284009167093899,13.623052455360169,14.155489921569824,4259,0.0,0.0
2019-08-29 00:00:00+08:00,14.137130737304688,14.137130737304688,14.118771081233282,14.137130737304688,8991,0.0,0.0
2019-08-30 00:00:00+08:00,14.137130737304688,14.137130737304688,14.137130737304688,14.137130737304688,5205,0.0,0.0
2019-09-02 00:00:00+08:00,13.825011145349983,13.825011145349983,13.531252514857048,13.549612998962402,16161,0.0,0.0
2019-09-03 00:00:00+08:00,13.623053354937111,14.063690915638446,13.623053354937111,13.751572608947754,8586,0.0,0.0
2019-09-04 00:00:00+08:00,13.421094491500488,13.623053198533718,13.219134955813331,13.310934066772461,38359,0.0,0.0
2019-09-05 00:00:00+08:00,13.310934066772461,13.310934066772461,13.310934066772461,13.310934066772461,0,0.0,0.0
2019-09-06 00:00:00+08:00,12.962096272551838,13.769932746887207,12.943735787689272,13.769932746887207,19877,0.0,0.0
2019-09-10 00:00:00+08:00,13.45781421661377,13.45781421661377,13.45781421661377,13.45781421661377,0,0.0,0.0
2019-09-11 00:00:00+08:00,13.347653681940509,13.494532585144043,13.347653681940509,13.494532585144043,946,0.0,0.0
2019-09-12 00:00:00+08:00,13.604693760250726,13.604693760250726,13.586333274841309,13.586333274841309,997,0.0,0.0
2019-09-16 00:00:00+08:00,13.531252514857048,13.549612998962402,13.531252514857048,13.549612998962402,983,0.0,0.0
2019-09-17 00:00:00+08:00,13.237495051668782,13.53125286102295,13.219134567093718,13.53125286102295,2890,0.0,0.0
2019-09-18 00:00:00+08:00,13.476172483276011,13.531252277317384,13.274213790893555,13.274213790893555,5679,0.0,0.0
2019-09-19 00:00:00+08:00,13.751571453482876,13.751571453482876,13.274213790893555,13.274213790893555,5728,0.0,0.0
2019-09-20 00:00:00+08:00,13.274214826836241,13.512893676757812,13.274214826836241,13.512893676757812,3786,0.0,0.0
2019-09-23 00:00:00+08:00,13.75157169489022,13.75157169489022,13.274214023920937,13.549612998962402,3427,0.0,0.0
2019-09-24 00:00:00+08:00,13.751572183907134,13.751572183907134,13.12733476116606,13.567973136901855,9938,0.0,0.0
2019-09-25 00:00:00+08:00,13.567973136901855,13.73321252780278,13.567973136901855,13.567973136901855,2839,0.0,0.0
2019-09-26 00:00:00+08:00,13.604693760250726,13.623053417006199,13.329294765648912,13.586333274841309,7572,0.0,0.0
2019-09-27 00:00:00+08:00,13.733212870117395,13.733212870117395,13.310934139960215,13.512893676757812,3786,0.0,0.0
2019-10-01 00:00:00+08:00,13.73321273345861,13.73321273345861,13.127334957748825,13.476173400878906,2366,0.0,0.0
2019-10-02 00:00:00+08:00,13.476173615600707,13.751572608947754,13.476173615600707,13.751572608947754,1893,0.0,0.0
2019-10-03 00:00:00+08:00,13.751572608947754,13.751572608947754,13.751572608947754,13.751572608947754,0,0.0,0.0
2019-10-04 00:00:00+08:00,13.751571854883656,13.751571854883656,13.274214178360527,13.659771919250488,1514,0.0,0.0
2019-10-07 00:00:00+08:00,13.40273380279541,13.40273380279541,13.40273380279541,13.40273380279541,1419,0.0,0.0
2019-10-08 00:00:00+08:00,13.604693760250726,13.604693760250726,13.402734221324748,13.586333274841309,14671,0.0,0.0
2019-10-09 00:00:00+08:00,13.586333274841309,13.586333274841309,13.586333274841309,13.586333274841309,0,0.0,0.0
2019-10-14 00:00:00+08:00,13.255854368469468,13.604692793970695,13.255854368469468,13.549612998962402,10885,0.0,0.0
2019-10-15 00:00:00+08:00,13.127334344288101,13.457813115595107,13.090614204591583,13.384373664855957,10885,0.0,0.0
2019-10-16 00:00:00+08:00,13.255854135764388,13.274213790893555,13.255854135764388,13.274213790893555,1926,0.0,0.0
2019-10-17 00:00:00+08:00,13.03553542263692,13.255854606628418,13.03553542263692,13.255854606628418,28869,0.0,0.0
2019-10-18 00:00:00+08:00,12.998815251014745,13.494532585144043,12.998815251014745,13.494532585144043,1960,0.0,0.0
2019-10-21 00:00:00+08:00,13.053896192064911,13.40273380279541,13.053896192064911,13.40273380279541,2839,0.0,0.0
2019-10-22 00:00:00+08:00,13.035535754286736,13.200775146484375,13.017176098038304,13.200775146484375,17456,0.0,0.0
2019-10-23 00:00:00+08:00,13.127334922683096,13.127334922683096,13.03553581237793,13.03553581237793,2908,0.0,0.0
2019-10-24 00:00:00+08:00,13.035535531329808,13.035535531329808,12.925375938415527,12.925375938415527,14197,0.0,0.0
2019-10-25 00:00:00+08:00,12.851936340332031,13.127334490841864,12.705056608560078,12.851936340332031,40723,0.0,0.0
2019-10-28 00:00:00+08:00,12.66833762942488,13.035535725506307,12.66833762942488,12.796856880187988,19559,0.0,0.0
2019-10-29 00:00:00+08:00,12.77849706847618,12.907015489021404,12.686697959899902,12.686697959899902,3312,0.0,0.0
2019-10-30 00:00:00+08:00,13.145695884393103,13.145695884393103,13.017176628112793,13.017176628112793,1081,0.0,0.0
2019-10-31 00:00:00+08:00,13.108974391378686,13.108974391378686,12.558177280349527,12.668336868286133,4048,0.0,0.0
2019-11-01 00:00:00+08:00,12.66833710642043,12.66833710642043,12.209339090941137,12.374578475952148,20373,0.0,0.0
2019-11-04 00:00:00+08:00,12.613258292098172,12.613258292098172,12.025740985482111,12.411298751831055,25082,0.0,0.0
2019-11-05 00:00:00+08:00,12.172618816888017,12.337858200073242,11.933940812714523,12.337858200073242,8991,0.0,0.0
2019-11-06 00:00:00+08:00,12.172618816888017,12.337858200073242,11.933940812714523,12.337858200073242,8991,0.0,0.0
2019-11-07 00:00:00+08:00,12.044100619353317,12.227699673738389,11.933941849645432,11.970661163330078,38334,0.0,0.0
2019-11-08 00:00:00+08:00,11.970660671449782,12.20933951520834,11.750342312433053,11.915581703186035,34074,0.0,0.0
2019-11-11 00:00:00+08:00,11.676902704811276,11.933942048149005,11.58510359041877,11.842142105102539,16564,0.0,0.0
2019-11-12 00:00:00+08:00,11.933941223598595,11.933941223598595,11.640181757608175,11.878861427307129,8518,0.0,0.0
2019-11-13 00:00:00+08:00,11.60346324756648,11.860501762250248,11.60346324756648,11.842142105102539,2839,0.0,0.0
2019-11-14 00:00:00+08:00,12.062460899353027,12.062460899353027,12.062460899353027,12.062460899353027,473,0.0,0.0
2019-11-15 00:00:00+08:00,12.062460899353027,12.062460899353027,12.062460899353027,12.062460899353027,473,0.0,0.0
2019-11-18 00:00:00+08:00,11.933941223598595,11.933941223598595,11.621822101728988,11.878861427307129,4732,0.0,0.0
2019-11-19 00:00:00+08:00,11.750342312433053,11.915581703186035,11.750342312433053,11.915581703186035,1893,0.0,0.0
2019-11-20 00:00:00+08:00,11.89722081014626,12.558177521821053,11.805420875549316,11.805420875549316,23189,0.0,0.0
2019-11-21 00:00:00+08:00,12.282780174890005,12.301139831542969,12.282780174890005,12.301139831542969,8518,0.0,0.0
2019-11-22 00:00:00+08:00,12.282780174890005,12.301139831542969,12.282780174890005,12.301139831542969,8518,0.0,0.0
2019-11-25 00:00:00+08:00,12.044100305549653,12.44801854613448,12.044100305549653,12.429658889770508,1893,0.0,0.0
2019-11-26 00:00:00+08:00,12.04409964827732,12.04409964827732,11.933940887451172,11.933940887451172,2839,0.0,0.0
2019-11-27 00:00:00+08:00,12.04409964827732,12.04409964827732,11.933940887451172,11.933940887451172,2839,0.0,0.0
2019-11-28 00:00:00+08:00,11.89722164511815,12.227699609822238,11.89722164511815,12.135900497436523,3312,0.0,0.0
2019-11-29 00:00:00+08:00,12.135900497436523,12.135900497436523,12.135900497436523,12.135900497436523,946,0.0,0.0
2019-12-02 00:00:00+08:00,12.154260092357445,12.392938943461724,11.970661039865993,12.301139831542969,3312,0.0,0.0
2019-12-03 00:00:00+08:00,12.301138915665257,12.301138915665257,12.099180221557617,12.099180221557617,3312,0.0,0.0
2019-12-04 00:00:00+08:00,12.41129851668409,12.41129851668409,12.062460899353027,12.062460899353027,4259,0.0,0.0
2019-12-05 00:00:00+08:00,12.319499488195932,12.319499488195932,12.062460980438688,12.301139831542969,2839,0.0,0.0
2019-12-06 00:00:00+08:00,12.319499488195932,12.319499488195932,12.062460980438688,12.301139831542969,2954,0.0,0.0
2019-12-09 00:00:00+08:00,12.080820218808594,12.209339468237399,11.933941313362503,12.11754035949707,9465,0.0,0.0
2019-12-10 00:00:00+08:00,11.970661163330078,11.989020820172401,11.970661163330078,11.970661163330078,2839,0.0,0.0
2019-12-11 00:00:00+08:00,11.970661163330078,11.989020820172401,11.970661163330078,11.970661163330078,2839,0.0,0.0
2019-12-12 00:00:00+08:00,11.970661020392908,11.970661020392908,11.713622513053798,11.897221565246582,18930,0.0,0.0
2019-12-13 00:00:00+08:00,11.897220508906324,11.897220508906324,11.40150319486536,11.658541679382324,38537,0.0,0.0
2019-12-16 00:00:00+08:00,11.383143759539415,11.530022659625269,11.162824580756755,11.32806396484375,53951,0.0,0.0
2019-12-17 00:00:00+08:00,11.346423967376287,11.346423967376287,11.21790471870518,11.309703826904297,11831,0.0,0.0
2019-12-18 00:00:00+08:00,11.18118444392893,11.291344035367798,11.089384508178576,11.27298355102539,26502,0.0,0.0
2019-12-19 00:00:00+08:00,11.291344305744856,11.346424102783203,11.291344305744856,11.346424102783203,8518,0.0,0.0
2019-12-20 00:00:00+08:00,11.291344305744856,11.346424102783203,11.291344305744856,11.346424102783203,8599,0.0,0.0
2019-12-23 00:00:00+08:00,11.144464108042545,11.36478328704834,11.144464108042545,11.36478328704834,1419,0.0,0.0
2019-12-24 00:00:00+08:00,11.199545530605556,11.29134464263916,11.107745589918016,11.29134464263916,6152,0.0,0.0
2019-12-25 00:00:00+08:00,11.144464570757954,11.346424102783203,11.144464570757954,11.346424102783203,10411,0.0,0.0
2019-12-26 00:00:00+08:00,11.3464234012326,11.658541679382324,11.3464234012326,11.658541679382324,35494,0.0,0.0
2019-12-27 00:00:00+08:00,11.566743850708008,11.823781534903087,11.493303565333465,11.566743850708008,33128,0.0,0.0
2019-12-30 00:00:00+08:00,11.731981655750326,12.723416328430176,11.731981655750326,12.723416328430176,103644,0.0,0.0
2019-12-31 00:00:00+08:00,12.99881549451685,13.219134682103206,12.301139448249904,12.558177947998047,138476,0.0,0.0
2020-01-02 00:00:00+08:00,12.668337430559054,12.980455724463285,12.668337430559054,12.888656616210938,48746,0.0,0.0
2020-01-03 00:00:00+08:00,12.888655996155736,12.925375306228599,12.59489737230351,12.833576202392578,24160,0.0,0.0
2020-01-06 00:00:00+08:00,12.851936677465593,12.851936677465593,12.59489817593938,12.796856880187988,4259,0.0,0.0
2020-01-07 00:00:00+08:00,12.411298299244747,12.796856880187988,12.411298299244747,12.796856880187988,946,0.0,0.0
2020-01-08 00:00:00+08:00,12.815216594961301,12.815216594961301,12.337858902143143,12.631617546081543,13724,0.0,0.0
2020-01-09 00:00:00+08:00,12.815216064453125,13.108974696230874,12.59489771211023,12.815216064453125,5205,0.0,0.4732634
2020-01-10 00:00:00+08:00,13.017176242717182,13.017176242717182,12.264419555664062,12.264419555664062,9938,0.0,0.0
2020-01-13 00:00:00+08:00,12.172619337734305,12.3562183840225,12.135900025669013,12.15425968170166,11358,0.0,0.0
2020-01-14 00:00:00+08:00,12.190979712764973,12.613257598294885,12.190979712764973,12.48473834991455,13251,0.0,0.0
2020-01-15 00:00:00+08:00,12.741777141140181,12.741777141140181,12.301139589559545,12.631617546081543,4259,0.0,0.0
2020-01-16 00:00:00+08:00,12.337858212384157,12.943735122680664,12.337858212384157,12.943735122680664,23663,0.0,0.0
2020-01-17 00:00:00+08:00,12.943735594349938,12.943735594349938,12.392938458432438,12.925375938415527,27922,0.0,0.0
2020-01-20 00:00:00+08:00,12.925376685824597,13.145695884393103,12.815217086540345,13.017176628112793,27043,0.0,0.0
2020-01-30 00:00:00+08:00,12.851936200465126,12.851936200465126,12.172619002138864,12.209339141845703,23189,0.0,0.0
2020-01-31 00:00:00+08:00,12.833576840264358,12.833576840264358,12.044100033304058,12.319499015808105,12811,0.0,0.0
2020-02-03 00:00:00+08:00,12.448018742074554,12.448018742074554,11.933941726560066,12.301139831542969,13724,0.0,0.0
2020-02-04 00:00:00+08:00,12.117539985037608,12.374578475952148,11.952300600026597,12.374578475952148,11358,0.0,0.0
2020-02-05 00:00:00+08:00,11.952301093469924,12.796856880187988,11.952301093469924,12.796856880187988,12778,0.0,0.0
2020-02-06 00:00:00+08:00,12.392938278378743,12.64997760099558,12.392938278378743,12.448018074035645,8518,0.0,0.0
2020-02-07 00:00:00+08:00,12.301139831542969,12.42965908542159,12.19098023431731,12.301139831542969,10648,0.0,0.0
2020-02-10 00:00:00+08:00,12.301139315563168,12.52145767211914,12.301139315563168,12.52145767211914,17983,0.0,0.0
2020-02-11 00:00:00+08:00,12.613257598294885,12.63161725416239,12.356218272880314,12.48473834991455,10885,0.0,0.0
2020-02-12 00:00:00+08:00,12.484738316823535,12.815216264832184,12.301139272673417,12.723416328430176,29342,0.0,0.0
2020-02-13 00:00:00+08:00,12.723408699035645,12.723408699035645,12.723408699035645,12.723408699035645,0,0.0,0.4732634
2020-02-14 00:00:00+08:00,12.723408699035645,12.723408699035645,12.723408699035645,12.723408699035645,0,0.0,0.0
2020-02-17 00:00:00+08:00,12.723408699035645,12.723408699035645,12.723408699035645,12.723408699035645,0,0.0,0.0
2020-02-18 00:00:00+08:00,12.723408699035645,12.723408699035645,12.723408699035645,12.723408699035645,0,0.0,0.0
2020-02-19 00:00:00+08:00,12.723408699035645,12.723408699035645,12.723408699035645,12.723408699035645,0,0.0,0.0
2020-02-20 00:00:00+08:00,12.723408699035645,12.723408699035645,12.723408699035645,12.723408699035645,0,0.0,0.0
2020-02-21 00:00:00+08:00,12.723408699035645,12.723408699035645,12.723408699035645,12.723408699035645,0,0.0,0.0
2020-02-24 00:00:00+08:00,12.729481493984032,13.468052443304218,11.860574884738599,13.207380294799805,16000,0.0,0.0
2020-02-25 00:00:00+08:00,13.03359844241448,13.72872385840736,13.03359844241448,13.381160736083984,91000,0.0,0.0
2020-02-26 00:00:00+08:00,13.033599621107776,13.033599621107776,12.859818458557129,12.859818458557129,8000,0.0,0.0
2020-02-27 00:00:00+08:00,13.294271136854473,13.294271136854473,12.859817837144549,13.077044486999512,10000,0.0,0.0
2020-03-02 00:00:00+08:00,13.03359982049025,14.380404472351074,12.772927658349653,14.380404472351074,145000,0.0,0.0
2020-03-03 00:00:00+08:00,14.684521613631523,15.814101219177246,14.684521613631523,15.814101219177246,274000,0.0,0.0
2020-03-04 00:00:00+08:00,16.335443291544653,17.378131866455078,16.335443291544653,17.378131866455078,133000,0.0,0.0
2020-03-05 00:00:00+08:00,19.11594581604004,19.11594581604004,19.11594581604004,19.11594581604004,128000,0.0,0.0
2020-03-06 00:00:00+08:00,19.115944645272634,19.289726623152767,17.204349517822266,17.204349517822266,228000,0.0,0.0
2020-03-09 00:00:00+08:00,17.117461648561843,17.117461648561843,15.509984016418455,15.509984016418457,109000,0.0,0.0
2020-03-10 00:00:00+08:00,14.293514883148445,14.771412871965342,13.989397227852285,14.076288223266602,162000,0.0,0.0
2020-03-11 00:00:00+08:00,15.37964718941608,15.466536521911621,14.771411918100588,15.466536521911621,90000,0.0,0.0
2020-03-12 00:00:00+08:00,14.597629824887763,15.596873713887701,14.163176536560059,14.163176536560059,87000,0.0,0.0
2020-03-13 00:00:00+08:00,12.772926901913875,13.381161358451886,12.772926901913875,13.163934707641602,87000,0.0,0.0
2020-03-16 00:00:00+08:00,12.946708669808864,12.946708669808864,11.904020862282973,12.295028686523438,41000,0.0,0.0
2020-03-17 00:00:00+08:00,11.599903298826602,12.599145545078136,11.078559013775601,11.122004508972168,79000,0.0,0.0
2020-03-18 00:00:00+08:00,10.94822374051278,11.469567215180007,10.730997085571289,10.730997085571289,30000,0.0,0.0
2020-03-19 00:00:00+08:00,9.818644337149989,11.035113195067812,9.688307855381304,9.7317533493042,50000,0.0,0.0
2020-03-20 00:00:00+08:00,9.644863340914375,10.513769918342557,9.644863340914375,10.426878929138184,20000,0.0,0.0
2020-03-23 00:00:00+08:00,9.55797279101494,10.296543747236756,9.55797279101494,10.079317092895508,23000,0.0,0.0
2020-03-24 00:00:00+08:00,10.209652754038688,10.209652754038688,10.079317092895508,10.079317092895508,9000,0.0,0.0
2020-03-25 00:00:00+08:00,10.426879465916292,10.774441783318597,10.166207313537598,10.166207313537598,17000,0.0,0.0
2020-03-26 00:00:00+08:00,9.818644885999891,10.774441662462054,9.818644885999891,10.687551498413086,19000,0.0,0.0
2020-03-27 00:00:00+08:00,10.557214919293278,10.81788706652418,10.426879260004783,10.644105911254883,25000,0.0,0.0
2020-03-30 00:00:00+08:00,10.209652308065596,10.470324447619324,10.166206813364326,11.686793327331543,12000,0.0,0.0
2020-03-31 00:00:00+08:00,10.774441035758052,10.774441035758052,10.339987754821777,10.339987754821777,6000,0.0,0.0
2020-04-01 00:00:00+08:00,10.209652661911397,10.55721497425958,10.122761669497391,10.035871505737305,17000,0.0,0.0
2020-04-06 00:00:00+08:00,10.12276111435364,10.339987754821777,10.12276111435364,10.339987754821777,10000,0.0,0.0
2020-04-07 00:00:00+08:00,10.339987754821777,10.38343324864618,10.253097595826846,10.339987754821777,24000,0.0,0.0
2020-04-08 00:00:00+08:00,10.426879379639615,11.339231491088867,10.426879379639615,11.339231491088867,21000,0.0,0.0
2020-04-09 00:00:00+08:00,12.425365034712286,12.425365034712286,11.035114088539492,12.164692878723145,44000,0.0,0.0
2020-04-10 00:00:00+08:00,12.772926801424209,12.772926801424209,12.034356691672215,12.42536449432373,30000,0.0,0.0
2020-04-13 00:00:00+08:00,11.599902737693654,12.59914493560791,11.556457244598716,12.59914493560791,7000,0.0,0.0
2020-04-14 00:00:00+08:00,13.033599289391386,13.033599289391386,12.599145979745005,12.64259147644043,7000,0.0,0.0
2020-04-15 00:00:00+08:00,12.642591143425006,12.642591143425006,12.42536449432373,12.42536449432373,5000,0.0,0.0
2020-04-16 00:00:00+08:00,12.816373189290363,12.816373189290363,11.730239868164062,12.381919860839844,18000,0.0,0.0
2020-04-17 00:00:00+08:00,11.817129917175862,13.424606606275542,11.817129917175862,12.990153312683105,33000,0.0,0.0
2020-04-20 00:00:00+08:00,12.642590718437905,14.250067370558856,12.642590718437905,14.032840728759766,66000,0.0,0.0
2020-04-21 00:00:00+08:00,14.032841044504604,14.336958681327657,13.468052094580527,13.554943084716797,36000,0.0,0.0
2020-04-22 00:00:00+08:00,14.20662333583803,14.20662333583803,12.990153590564518,13.815614700317383,11000,0.0,0.0
2020-04-23 00:00:00+08:00,13.381160921452384,13.72872404859053,12.903262968199993,13.46805191040039,11000,0.0,0.0
2020-04-24 00:00:00+08:00,12.859818458557129,12.859818458557129,12.859818458557129,12.859818458557129,1000,0.0,0.0
2020-04-27 00:00:00+08:00,12.859817618446508,13.859059859324349,12.859817618446508,13.598387718200684,19000,0.0,0.0
2020-04-28 00:00:00+08:00,13.98939662605059,13.98939662605059,13.337716674439301,13.728724479675293,36000,0.0,0.0
2020-04-29 00:00:00+08:00,13.728724536932503,14.20662333583803,13.728724536932503,13.815614700317383,9000,0.0,0.0
2020-04-30 00:00:00+08:00,14.206623887734128,14.206623887734128,13.772170567970441,14.076288223266602,26000,0.0,0.0
2020-05-04 00:00:00+08:00,14.11973237853589,14.11973237853589,12.816372466671039,13.772170066833496,25000,0.0,0.0
2020-05-05 00:00:00+08:00,13.815614364361423,13.815614364361423,13.598387718200684,13.598387718200684,10000,0.0,0.0
2020-05-06 00:00:00+08:00,13.989396378090364,13.989396378090364,13.381161104444255,13.554943084716797,5000,0.0,0.0
2020-05-07 00:00:00+08:00,13.94594955444336,13.94594955444336,13.94594955444336,13.94594955444336,1000,0.0,0.0
2020-05-08 00:00:00+08:00,13.989396438757332,14.250067752988793,13.337716495870884,13.641833305358887,15000,0.0,0.0
2020-05-11 00:00:00+08:00,12.903264009871839,13.98939731613533,12.295028695441124,12.946708679199219,152000,0.0,0.0
2020-05-12 00:00:00+08:00,13.033599621107776,13.033599621107776,12.512255304801887,12.859818458557129,24000,0.0,0.0
2020-05-13 00:00:00+08:00,13.163934214540335,13.163934214540335,12.251582978235586,12.81637191772461,8000,0.0,0.0
2020-05-14 00:00:00+08:00,11.860575391348522,12.20813854708478,11.556458562314994,11.59990406036377,162000,0.0,0.0
2020-05-15 00:00:00+08:00,11.469566345214844,11.513011838638592,11.382676187021211,11.469566345214844,17000,0.0,0.0
2020-05-18 00:00:00+08:00,11.382676187021211,11.77368397052722,11.035113068285085,11.469566345214844,21000,0.0,0.0
2020-05-19 00:00:00+08:00,11.469567388671114,11.513012886047363,11.469567388671114,11.513012886047363,5000,0.0,0.0
2020-05-20 00:00:00+08:00,11.59990406036377,11.59990406036377,11.59990406036377,11.59990406036377,1000,0.0,0.0
2020-05-21 00:00:00+08:00,11.68679323452962,12.164692015140933,11.64334774017334,11.64334774017334,26000,0.0,0.0
2020-05-22 00:00:00+08:00,11.990910608992099,11.990910608992099,11.469566345214844,11.469566345214844,4000,0.0,0.0
2020-05-25 00:00:00+08:00,11.12200523110365,11.46956755793497,10.557215414185313,10.948224067687988,23000,0.0,0.0
2020-05-26 00:00:00+08:00,11.035113241603666,11.16544972392199,10.948223082045327,10.991667747497559,19000,0.0,0.0
2020-05-27 00:00:00+08:00,10.730996440168665,11.16544972392199,10.687550946062558,10.991667747497559,41000,0.0,0.0
2020-05-28 00:00:00+08:00,11.339231520828026,11.46956718195378,10.948223708796837,11.990911483764648,4000,0.0,0.0
2020-05-29 00:00:00+08:00,11.556458171526971,11.556458171526971,11.556458171526971,10.774441719055176,1000,0.0,0.0
2020-06-01 00:00:00+08:00,11.773684863559666,11.773684863559666,10.730997085571289,10.730997085571289,52000,0.0,0.0
2020-06-02 00:00:00+08:00,10.817886539129978,11.382676302037924,10.817886539129978,10.904777526855469,19000,0.0,0.0
2020-06-03 00:00:00+08:00,11.078559013775601,11.122004508972168,11.035113518579037,11.122004508972168,11000,0.0,0.0
2020-06-04 00:00:00+08:00,11.295785661104535,11.295785661104535,11.122004508972168,11.122004508972168,13000,0.0,0.0
2020-06-05 00:00:00+08:00,11.122004892184348,11.46956720842445,11.122004892184348,11.426121711730957,40000,0.0,0.0
2020-06-08 00:00:00+08:00,11.426120851791095,11.469566345214844,11.035113068285085,11.469566345214844,31000,0.0,0.0
2020-06-09 00:00:00+08:00,11.25234009062897,12.381918814913236,11.25234009062897,12.338473320007324,31000,0.0,0.0
2020-06-10 00:00:00+08:00,12.121246674131653,12.729481116852753,12.03435651297372,12.338473320007324,56000,0.0,0.0
2020-06-11 00:00:00+08:00,12.338473260101296,12.338473260101296,11.860574475764347,12.251583099365234,8000,0.0,0.0
2020-06-12 00:00:00+08:00,11.64334833967276,11.990911483764648,11.64334833967276,11.990911483764648,6000,0.0,0.0
2020-06-15 00:00:00+08:00,12.33847370567369,12.33847370567369,11.5564580875392,11.947465896606445,12000,0.0,0.0
2020-06-16 00:00:00+08:00,11.947466220174517,12.251583873604172,11.686794064185376,12.164692878723145,21000,0.0,0.0
2020-06-17 00:00:00+08:00,12.512254410227309,12.512254410227309,12.251583099365234,12.251583099365234,12000,0.0,0.0
2020-06-18 00:00:00+08:00,12.599145798193405,12.903263442025157,12.121246998738044,12.555700302124023,20000,0.0,0.0
2020-06-19 00:00:00+08:00,12.555700152322935,12.816372296975246,12.381918998772695,12.42536449432373,19000,0.0,0.0
2020-06-22 00:00:00+08:00,12.034356780087496,12.729481399395468,11.817130129390277,12.468810081481934,30000,0.0,0.0
2020-06-23 00:00:00+08:00,12.555700538191543,12.903263684627426,12.077801729750911,12.72948169708252,28000,0.0,0.0
2020-06-24 00:00:00+08:00,12.338472805692147,12.59914493560791,12.295027312597211,12.59914493560791,11000,0.0,0.0
2020-06-29 00:00:00+08:00,13.033599289391386,13.033599289391386,12.555700483049582,12.64259147644043,5000,0.0,0.0
2020-06-30 00:00:00+08:00,12.903263442025157,12.903263442025157,11.773684687490826,12.555700302124023,26000,0.0,0.0
2020-07-01 00:00:00+08:00,11.817129904577154,11.94746556105437,11.686793419446042,11.730238914489746,20000,0.0,0.0
2020-07-02 00:00:00+08:00,11.904020251594284,11.904020251594284,11.643348105922078,11.817130088806152,6000,0.0,0.0
2020-07-03 00:00:00+08:00,11.686793898716921,11.686793898716921,11.295786084596298,11.38267707824707,13000,0.0,0.0
2020-07-06 00:00:00+08:00,11.208895233067556,11.599903880799863,11.208895233067556,11.513012886047363,16000,0.0,0.0
2020-07-07 00:00:00+08:00,11.513012705629057,12.64259147644043,11.469567208933634,12.64259147644043,179000,0.0,0.0
2020-07-08 00:00:00+08:00,12.208137845222454,13.598387902278274,12.208137845222454,12.42536449432373,72000,0.0,0.0
2020-07-09 00:00:00+08:00,12.425364249491247,12.816372044438246,12.251583099365234,12.251583099365234,43000,0.0,0.0
2020-07-10 00:00:00+08:00,12.425363791882022,12.642590428702848,12.251582648156132,12.59914493560791,9000,0.0,0.0
2020-07-13 00:00:00+08:00,13.815614755540825,13.815614755540825,12.251583521822177,13.207380294799805,64000,0.0,0.0
2020-07-14 00:00:00+08:00,12.59914564787397,12.59914564787397,12.077801358569348,12.42536449432373,11000,0.0,0.0
2020-07-15 00:00:00+08:00,12.12124661528031,12.425364249491247,11.947465465154297,12.251583099365234,35000,0.0,0.0
2020-07-16 00:00:00+08:00,11.947466042675487,11.947466042675487,11.947466042675487,12.077801704406738,5000,0.0,0.0
2020-07-17 00:00:00+08:00,11.686793327331543,12.338473261888922,11.382676521730433,11.686793327331543,31000,0.0,0.0
2020-07-20 00:00:00+08:00,11.686794064185376,12.164692878723145,11.686794064185376,12.164692878723145,13000,0.0,0.0
2020-07-21 00:00:00+08:00,12.512254608553734,12.512254608553734,11.730239006264338,11.77368450164795,51000,0.0,0.0
2020-07-22 00:00:00+08:00,11.773684650305658,11.947465805380409,11.38267684422399,11.904020309448242,58000,0.0,0.0
2020-07-23 00:00:00+08:00,12.208137509497213,12.208137509497213,11.556457580114662,11.64334774017334,19000,0.0,0.0
2020-07-24 00:00:00+08:00,11.55645823689469,11.686793898716921,11.339231581421684,11.38267707824707,44000,0.0,0.0
2020-07-27 00:00:00+08:00,11.686793805615286,11.94746595583706,11.339231491088867,11.339231491088867,11000,0.0,0.0
2020-07-28 00:00:00+08:00,11.295785383413998,11.643347679134417,11.295785383413998,11.55645751953125,44000,0.0,0.0
2020-07-29 00:00:00+08:00,11.817129655648502,11.817129655648502,11.295785383413998,11.55645751953125,4000,0.0,0.0
2020-07-30 00:00:00+08:00,11.55645751953125,11.77368416151998,11.55645751953125,11.55645751953125,11000,0.0,0.0
2020-07-31 00:00:00+08:00,11.947465859926664,11.947465859926664,11.295785903930664,11.295785903930664,9000,0.0,0.0
2020-08-03 00:00:00+08:00,11.686792983679723,11.686792983679723,11.208894213326216,11.469566345214844,8000,0.0,0.0
2020-08-04 00:00:00+08:00,11.469566967013836,11.556457958571949,11.252340316772461,11.252340316772461,9000,0.0,0.0
2020-08-05 00:00:00+08:00,11.29578575413965,11.29578575413965,10.948223447012301,11.165450096130371,25000,0.0,0.0
2020-08-06 00:00:00+08:00,11.513012308433469,11.513012308433469,11.122004508972168,11.122004508972168,16000,0.0,0.0
2020-08-07 00:00:00+08:00,11.469566718029562,11.469566718029562,11.078558921813965,11.078558921813965,27000,0.0,0.0
2020-08-10 00:00:00+08:00,11.078559147510553,11.643348105922078,10.991668156068515,11.817130088806152,13000,0.0,0.0
2020-08-11 00:00:00+08:00,11.643347924402338,11.730238914489746,11.078558974795872,11.730238914489746,55000,0.0,0.0
2020-08-12 00:00:00+08:00,11.382676431343425,11.7302387288859,11.382676431343425,11.64334774017334,17000,0.0,0.0
2020-08-13 00:00:00+08:00,11.59990406036377,11.59990406036377,11.59990406036377,11.59990406036377,1000,0.0,0.0
2020-08-14 00:00:00+08:00,11.643347490255975,11.94746511556835,11.469566345214844,11.469566345214844,16000,0.0,0.0
2020-08-17 00:00:00+08:00,11.382676896191697,11.382676896191697,11.295785903930664,11.295785903930664,15000,0.0,0.0
2020-08-18 00:00:00+08:00,11.122004382176703,11.686793327331543,11.035113392774164,11.686793327331543,25000,0.0,0.0
2020-08-19 00:00:00+08:00,11.20889505691741,11.55645820181144,10.9047782373708,11.426121711730957,22000,0.0,0.0
2020-08-20 00:00:00+08:00,11.295786449038685,11.339231947265779,10.339988802658445,11.035114288330078,33000,0.0,0.0
2020-08-21 00:00:00+08:00,11.38267674524844,11.38267674524844,11.165450096130371,11.165450096130371,2000,0.0,0.0
2020-08-24 00:00:00+08:00,11.07855936645875,11.07855936645875,10.600660561390528,10.774441719055176,11000,0.0,0.0
2020-08-25 00:00:00+08:00,10.730997026340674,11.339231491088867,10.730997026340674,11.339231491088867,4000,0.0,0.0
2020-08-26 00:00:00+08:00,10.557214641090575,11.078558921813965,10.557214641090575,11.078558921813965,35000,0.0,0.0
2020-08-27 00:00:00+08:00,10.904778408741686,11.773685041650921,10.817887413989189,11.513012886047363,34000,0.0,0.0
2020-08-28 00:00:00+08:00,11.46956718195378,11.46956718195378,10.90477821220361,11.990911483764648,15000,0.0,0.0
2020-08-31 00:00:00+08:00,11.513011954972287,11.513011954972287,10.817886539129978,10.904777526855469,31000,0.0,0.0
2020-09-01 00:00:00+08:00,11.165450783011359,11.165450783011359,10.991668790102985,11.035114288330078,16000,0.0,0.0
2020-09-02 00:00:00+08:00,11.035113138641396,12.121246337890625,11.035113138641396,12.121246337890625,135000,0.0,0.0
2020-09-03 00:00:00+08:00,12.077801702333032,13.294271469116211,11.773684882127682,13.294271469116211,136000,0.0,0.0
2020-09-04 00:00:00+08:00,12.772927102521237,14.597630500793457,12.599145944874444,14.597630500793457,265000,0.0,0.0
2020-09-07 00:00:00+08:00,15.640319549630036,16.031328201293945,15.466537558377654,16.031328201293945,184000,0.0,0.0
2020-09-08 00:00:00+08:00,17.55191334917545,17.595358014683665,16.11821618509576,17.030569076538086,358000,0.0,0.0
2020-09-09 00:00:00+08:00,17.378133333782948,17.378133333782948,15.336202335601863,15.727210998535156,224000,0.0,0.0
2020-09-10 00:00:00+08:00,15.727210313692433,15.727210313692433,14.336959376066806,15.336201667785645,96000,0.0,0.0
2020-09-11 00:00:00+08:00,14.945195020071399,15.509984010246232,14.510741695735694,14.858304023742676,80000,0.0,0.0
2020-09-14 00:00:00+08:00,14.206622686786432,15.205864906311035,14.206622686786432,15.205864906311035,47000,0.0,0.0
2020-09-15 00:00:00+08:00,14.423849328305161,15.46653621321041,14.423849328305161,15.205864906311035,31000,0.0,0.0
2020-09-16 00:00:00+08:00,14.554185334256905,15.814100548503754,14.554185334256905,15.379647254943848,49000,0.0,0.0
2020-09-17 00:00:00+08:00,16.68300715574406,16.68300715574406,15.72720957729797,16.074771881103516,63000,0.0,0.0
2020-09-18 00:00:00+08:00,16.161663527422974,16.683007832947816,16.161663527422974,16.509225845336914,95000,0.0,0.0
2020-09-21 00:00:00+08:00,16.68300799556111,16.68300799556111,15.944437026977539,15.944437026977539,32000,0.0,0.0
2020-09-22 00:00:00+08:00,15.814101540882417,16.50922619127615,15.640319549630036,16.031328201293945,58000,0.0,0.0
2020-09-23 00:00:00+08:00,14.858303325713205,16.248554229736328,14.858303325713205,16.248554229736328,72000,0.0,0.0
2020-09-24 00:00:00+08:00,16.29199881700033,16.509225467893668,14.945194244384766,14.945194244384766,74000,0.0,0.0
2020-09-25 00:00:00+08:00,15.37964754617144,15.553427872501418,14.293514291704751,14.945194244384766,35000,0.0,0.0
2020-09-28 00:00:00+08:00,14.945194473394892,15.379647781838838,14.510741164950947,14.597630500793457,17000,0.0,0.0
2020-09-29 00:00:00+08:00,14.597630500793457,14.988639141316147,14.597630500793457,14.597630500793457,14000,0.0,0.0
2020-09-30 00:00:00+08:00,14.293514291704751,14.945194244384766,14.293514291704751,14.945194244384766,15000,0.0,0.0
2020-10-05 00:00:00+08:00,15.205866458908982,15.205866458908982,14.554186467812883,15.032084465026855,35000,0.0,0.0
2020-10-06 00:00:00+08:00,14.554184566844592,14.554184566844592,13.902504660866477,14.336957931518555,20000,0.0,0.0
2020-10-07 00:00:00+08:00,13.598387751131037,13.598387751131037,13.468052094580527,13.554943084716797,6000,0.0,0.0
2020-10-08 00:00:00+08:00,13.51149759645559,13.51149759645559,12.599145514180691,12.990153312683105,105000,0.0,0.0
2020-10-12 00:00:00+08:00,13.033598402530242,13.033598402530242,12.642590616185108,12.686036109924316,13000,0.0,0.0
2020-10-13 00:00:00+08:00,13.033598333987339,13.94594955444336,13.033598333987339,13.94594955444336,34000,0.0,0.0
2020-10-14 00:00:00+08:00,14.814857359012551,15.336201667785645,14.423850370413634,15.336201667785645,150000,0.0,0.0
2020-10-15 00:00:00+08:00,15.4230925754676,16.769897179697963,15.379647907192243,15.814101219177246,131000,0.0,0.0
2020-10-16 00:00:00+08:00,16.20510878046142,16.20510878046142,14.771413131511583,15.032084465026855,70000,0.0,0.0
2020-10-19 00:00:00+08:00,15.032083692210925,15.032083692210925,14.423850059509277,14.423850059509277,23000,0.0,0.0
2020-10-20 00:00:00+08:00,14.423849734014965,14.423849734014965,13.641833305358887,13.641833305358887,21000,0.0,0.0
2020-10-21 00:00:00+08:00,13.554943381508835,14.727967630762953,13.468052389470044,13.815614700317383,64000,0.0,0.0
2020-10-22 00:00:00+08:00,13.55494295841468,14.119731903076172,13.51149746375136,14.119731903076172,25000,0.0,0.0
2020-10-23 00:00:00+08:00,14.250066945926598,14.510739902702467,14.250066945926598,14.336957931518555,9000,0.0,0.0
2020-10-26 00:00:00+08:00,15.466536602541323,15.466536602541323,13.98939639741535,14.250067710876465,21000,0.0,0.0
2020-10-27 00:00:00+08:00,15.162421127616865,15.162421127616865,14.336959178650227,14.597630500793457,6000,0.0,0.0
2020-10-28 00:00:00+08:00,14.336959183216095,14.554185837507248,13.815614881455758,13.902505874633789,18000,0.0,0.0
2020-10-29 00:00:00+08:00,13.902505761973696,15.292756669632633,13.468052456912018,14.423850059509277,687000,0.0,0.0
2020-10-30 00:00:00+08:00,14.42384929229923,15.0320828926487,14.42384929229923,14.510740280151367,51000,0.0,0.0
2020-11-02 00:00:00+08:00,15.466537792424255,15.466537792424255,14.163177810232055,15.032084465026855,45000,0.0,0.0
2020-11-03 00:00:00+08:00,15.379647971580807,15.379647971580807,14.554186012430272,14.684521675109863,27000,0.0,0.0
2020-11-04 00:00:00+08:00,14.336958358740043,14.554185000539135,13.90250507514186,14.032840728759766,32000,0.0,0.0
2020-11-05 00:00:00+08:00,13.902506054647077,14.03284171744782,13.685279397543216,13.989397048950195,9000,0.0,0.0
2020-11-06 00:00:00+08:00,13.989396429901278,14.25006774396772,13.9025054394432,14.206623077392578,14000,0.0,0.0
2020-11-09 00:00:00+08:00,14.206623077392578,14.597630048492242,14.206623077392578,14.206623077392578,14000,0.0,0.0
2020-11-10 00:00:00+08:00,14.641075988720322,14.641075988720322,14.032840728759766,14.032840728759766,11000,0.0,0.0
2020-11-11 00:00:00+08:00,13.772169975513494,14.163176952095576,13.728724479675293,13.728724479675293,19000,0.0,0.0
2020-11-12 00:00:00+08:00,13.72872404859053,13.902505197832662,13.29427076115826,13.46805191040039,29000,0.0,0.0
2020-11-13 00:00:00+08:00,13.250825972328611,13.59838828932156,13.120490310619736,13.294271469116211,59000,0.0,0.0
2020-11-16 00:00:00+08:00,13.554942899348399,13.641833059642522,13.337716255632264,13.46805191040039,25000,0.0,0.0
2020-11-17 00:00:00+08:00,13.641833059642522,13.641833059642522,13.250825266684256,13.46805191040039,28000,0.0,0.0
2020-11-18 00:00:00+08:00,13.859060535296237,13.859060535296237,13.337717056274414,13.337717056274414,23000,0.0,0.0
2020-11-19 00:00:00+08:00,13.72872404859053,13.72872404859053,13.207379772210253,13.46805191040039,25000,0.0,0.0
2020-11-20 00:00:00+08:00,13.424606415926387,13.511497404874396,13.381160921452384,13.46805191040039,6000,0.0,0.0
2020-11-23 00:00:00+08:00,13.294271287185914,13.598388103229466,13.0335991386815,13.207380294799805,21000,0.0,0.0
2020-11-24 00:00:00+08:00,13.38116172470245,13.38116172470245,13.120490399518506,13.337717056274414,25000,0.0,0.0
2020-11-25 00:00:00+08:00,13.554943435690328,13.554943435690328,12.903263478756253,13.207380294799805,64000,0.0,0.0
2020-11-26 00:00:00+08:00,13.337716874940613,13.381161542777994,12.338473770256345,13.250825881958008,84000,0.0,0.0
2020-11-27 00:00:00+08:00,13.163935285857276,13.163935285857276,11.990911817149945,12.859818458557129,143000,0.0,0.0
2020-11-30 00:00:00+08:00,12.59914493560791,12.686035921797783,12.468809284976958,12.59914493560791,48000,0.0,0.0
2020-12-01 00:00:00+08:00,12.599145603179931,13.120489890635143,12.599145603179931,13.033598899841309,37000,0.0,0.0
2020-12-02 00:00:00+08:00,12.990153495595964,13.077044486999512,12.686036682991361,13.077044486999512,10000,0.0,0.0
2020-12-03 00:00:00+08:00,13.033599438746439,13.033599438746439,12.599146124121557,12.772927284240723,18000,0.0,0.0
2020-12-04 00:00:00+08:00,12.859817656066932,12.990153312683105,12.772926665886887,12.990153312683105,18000,0.0,0.0
2020-12-07 00:00:00+08:00,12.990153312683105,12.990153312683105,12.772926665886887,12.990153312683105,37000,0.0,0.0
2020-12-08 00:00:00+08:00,12.990153312683105,13.250825454569346,12.468809857564517,12.990153312683105,14000,0.0,0.0
2020-12-09 00:00:00+08:00,12.81637216097691,12.990153312683105,12.642591009270713,12.990153312683105,10000,0.0,0.0
2020-12-10 00:00:00+08:00,12.599145361503432,12.85981750023083,11.990910923575422,14.163176536560059,28000,0.0,0.0
2020-12-11 00:00:00+08:00,12.251583430784715,12.772926895265693,12.251583430784715,12.468810081481934,20000,0.0,0.0
2020-12-14 00:00:00+08:00,12.686037348619141,12.946708679199219,12.164693030151085,12.946708679199219,22000,0.0,0.0
2020-12-15 00:00:00+08:00,12.72948143877013,13.424606888882165,12.72948143877013,13.120490074157715,49000,0.0,0.0
2020-12-16 00:00:00+08:00,13.51149795314897,14.423850059509277,13.207380308144227,14.423850059509277,152000,0.0,0.0
2020-12-17 00:00:00+08:00,15.292756788688479,15.292756788688479,14.423850171800588,14.597630500793457,139000,0.0,0.0
2020-12-18 00:00:00+08:00,14.597629948817016,14.727967262268066,13.641833203573986,14.727967262268066,58000,0.0,0.0
2020-12-21 00:00:00+08:00,13.989396344213127,13.989396344213127,13.03359876964432,13.598387718200684,31000,0.0,0.0
2020-12-22 00:00:00+08:00,13.207379772210253,14.206622830496805,13.207379772210253,13.46805191040039,21000,0.0,0.0
2020-12-23 00:00:00+08:00,13.728724536932503,14.032841351760448,12.90326342717964,13.815614700317383,56000,0.0,0.0
2020-12-24 00:00:00+08:00,13.728724479675293,14.032841293234883,13.250825682762898,13.728724479675293,77000,0.0,0.0
2020-12-25 00:00:00+08:00,13.381161779656113,13.424607276916504,13.294271613789268,13.424607276916504,18000,0.0,0.0
2020-12-28 00:00:00+08:00,13.8156140174978,13.8156140174978,13.163934095377076,13.381160736083984,20000,0.0,0.0
2020-12-29 00:00:00+08:00,13.381160736083984,13.468051723828296,13.077043936286636,13.381160736083984,23000,0.0,0.0
2020-12-30 00:00:00+08:00,13.3811609797614,14.119731903076172,13.3811609797614,14.119731903076172,76000,0.0,0.0
2020-12-31 00:00:00+08:00,14.554185391130696,14.554185391130696,13.598387810102345,13.641833305358887,33000,0.0,0.0
2021-01-04 00:00:00+08:00,13.728724388065386,14.597630155761772,13.20738009879365,13.68527889251709,69000,0.0,0.0
2021-01-05 00:00:00+08:00,14.032841752600156,14.032841752600156,13.33771711104966,13.424607276916504,26000,0.0,0.0
2021-01-06 00:00:00+08:00,13.250826116528879,13.598388437304127,13.250826116528879,13.424607276916504,38000,0.0,0.0
2021-01-07 00:00:00+08:00,13.5983877086416,13.859059849582023,13.51149754743072,14.727967262268066,21000,0.0,0.0
2021-01-08 00:00:00+08:00,13.772169237708166,14.25006718036461,13.641832757175974,13.94594955444336,22000,0.0,0.0
2021-01-11 00:00:00+08:00,13.902505387954092,13.989396378090364,13.728724236335445,13.554943084716797,20000,0.0,0.0
2021-01-12 00:00:00+08:00,13.641834116094502,13.72872511177153,13.51149845123291,13.51149845123291,29000,0.0,0.0
2021-01-13 00:00:00+08:00,13.859060230432137,13.859060230432137,13.250825770625989,13.772170066833496,52000,0.0,0.0
2021-01-14 00:00:00+08:00,13.98939686781182,14.250068190038064,13.728724716931652,13.902505874633789,21000,0.0,0.0
2021-01-15 00:00:00+08:00,13.68527913090911,13.945950451431864,13.598388138298915,13.859060287475586,10000,0.0,0.0
2021-01-18 00:00:00+08:00,14.032841444042061,14.032841444042061,13.337716817776162,13.859060287475586,23000,0.0,0.0
2021-01-19 00:00:00+08:00,13.859059818812966,13.989396303320758,13.55494301226923,14.771411895751953,29000,0.0,0.0
2021-01-20 00:00:00+08:00,13.945950901491182,14.467295216669184,13.5549439080886,14.076288223266602,74000,0.0,0.0
2021-01-21 00:00:00+08:00,14.293514363041002,14.293514363041002,13.598388082328384,13.772170066833496,32000,0.0,0.0
2021-01-22 00:00:00+08:00,13.337716137925772,14.076287051504234,13.250825149744585,14.032840728759766,31000,0.0,0.0
2021-01-25 00:00:00+08:00,14.032841105359976,14.032841105359976,13.5549431434997,13.641833305358887,15000,0.0,0.0
2021-01-26 00:00:00+08:00,14.032840391769676,14.032840391769676,13.46805146811665,14.988637924194336,29000,0.0,0.0
2021-01-27 00:00:00+08:00,13.381161032925506,13.902505313648897,13.381161032925506,14.771411895751953,20000,0.0,0.0
2021-01-28 00:00:00+08:00,13.424606961548896,13.859060266638853,13.381161465309116,15.118974685668945,11000,0.0,0.0
2021-01-29 00:00:00+08:00,13.772170809959148,14.554186467812883,13.337717482561748,15.032084465026855,75000,0.0,0.0
2021-02-01 00:00:00+08:00,14.076287314289557,14.380403292639517,13.468052042974065,15.466536521911621,135000,0.0,0.0
2021-02-02 00:00:00+08:00,13.641833634604012,13.945950451431864,13.641833634604012,13.859060287475586,16000,0.0,0.0
2021-02-03 00:00:00+08:00,13.728724203089463,13.728724203089463,13.468052061965798,13.598387718200684,12000,0.0,0.0
2021-02-04 00:00:00+08:00,13.16393506794654,13.468052718866387,12.9901539082726,13.337717056274414,13000,0.0,0.0
2021-02-05 00:00:00+08:00,12.903263782259282,14.032841737924485,12.903263782259282,14.641077041625977,31000,0.0,0.0
2021-02-17 00:00:00+08:00,14.163177196860033,14.206623522102973,13.511498062640499,13.902505874633789,24000,0.0,0.0
2021-02-18 00:00:00+08:00,13.902505197832662,13.902505197832662,13.29427076115826,13.46805191040039,76000,0.0,0.0
2021-02-19 00:00:00+08:00,13.468052627612686,13.468052627612686,12.946708323469334,13.294271469116211,73000,0.0,0.0
2021-02-22 00:00:00+08:00,13.294270888752038,13.51149753455304,12.859817597150037,12.903263092041016,114000,0.0,0.0
2021-02-23 00:00:00+08:00,13.033599032225801,13.424606837461793,12.903263373365107,13.728724479675293,72000,0.0,0.0
2021-02-24 00:00:00+08:00,13.381161062633563,13.859059849582023,12.946707770617486,14.727967262268066,62000,0.0,0.0
2021-02-25 00:00:00+08:00,13.033599253318389,13.772170209134668,13.033599253318389,14.597630500793457,49000,0.0,0.0
2021-02-26 00:00:00+08:00,13.120490074157715,13.554943376895997,13.120490074157715,13.120490074157715,31000,0.0,0.0
2021-03-02 00:00:00+08:00,13.337715740480316,13.381160404622443,13.120489105154277,14.336957931518555,29000,0.0,0.0
2021-03-03 00:00:00+08:00,13.51149717635379,13.51149717635379,12.599145122445899,12.686036109924316,67000,0.0,0.0
2021-03-04 00:00:00+08:00,12.85981851189051,12.990154177180548,12.512255356693823,12.946708679199219,44000,0.0,0.0
2021-03-05 00:00:00+08:00,13.120489890635143,13.120489890635143,12.946707909047472,13.033598899841309,10000,0.0,0.0
2021-03-08 00:00:00+08:00,13.033599082148493,13.163934741508413,12.859817926783961,13.120490074157715,9000,0.0,0.0
2021-03-09 00:00:00+08:00,12.859817837144549,13.120489982701285,12.772926845741,13.077044486999512,5000,0.0,0.0
2021-03-10 00:00:00+08:00,13.033599082148493,13.250825733517635,13.033599082148493,13.120490074157715,11000,0.0,0.0
2021-03-11 00:00:00+08:00,13.207379352975453,13.207379352975453,12.59914493560791,12.59914493560791,33000,0.0,0.0
2021-03-12 00:00:00+08:00,12.816372519422819,13.859060287475586,12.512254873941048,13.859060287475586,155000,0.0,0.0
2021-03-15 00:00:00+08:00,13.641834218410331,15.032084359092211,13.641834218410331,14.858304023742676,200000,0.0,0.0
2021-03-16 00:00:00+08:00,14.7714124917984,14.7714124917984,13.902505874633789,13.902505874633789,213000,0.0,0.0
2021-03-17 00:00:00+08:00,13.945950451431864,14.29351442187265,13.859060287475586,13.859060287475586,163000,0.0,0.0
2021-03-18 00:00:00+08:00,13.902505783780684,13.989396776390882,13.68527913090911,13.859060287475586,118000,0.0,0.0
2021-03-19 00:00:00+08:00,13.815614457731161,13.815614457731161,13.641833305358887,13.641833305358887,12000,0.0,0.0
2021-03-22 00:00:00+08:00,13.98939618678067,13.98939618678067,13.077044117442124,13.46805191040039,81000,0.0,0.0
2021-03-23 00:00:00+08:00,13.468052561762336,14.81485715501543,13.294271404115541,14.597630500793457,156000,0.0,0.0
2021-03-24 00:00:00+08:00,14.510741283222238,15.98788154958653,14.076287971237235,15.814101219177246,264000,0.0,0.0
2021-03-25 00:00:00+08:00,15.640318983238462,15.640318983238462,14.33695906796859,15.118974685668945,93000,0.0,0.0
2021-03-26 00:00:00+08:00,15.11897357468231,15.11897357468231,14.336958014446756,14.988637924194336,53000,0.0,0.0
2021-03-29 00:00:00+08:00,14.597629610695758,14.81485625167223,14.076286998198427,14.510740280151367,62000,0.0,0.0
2021-03-30 00:00:00+08:00,14.380403180723912,14.380403180723912,14.119731870650398,14.163176536560059,42000,0.0,0.0
2021-03-31 00:00:00+08:00,14.3369587344258,14.3369587344258,13.9025054394432,14.206623077392578,34000,0.0,0.0
2021-04-01 00:00:00+08:00,14.20662228178447,14.336957931518555,13.945949325008604,14.336957931518555,18000,0.0,0.0
2021-04-07 00:00:00+08:00,14.3369587344258,14.5541853819171,14.032841096476421,14.206623077392578,59000,0.0,0.0
2021-04-08 00:00:00+08:00,14.42384926079559,14.771411554137272,14.250067285470879,14.554184913635254,47000,0.0,0.0
2021-04-09 00:00:00+08:00,14.293514510728972,14.64107682602256,13.902505870206282,14.597630500793457,107000,0.0,0.0
2021-04-12 00:00:00+08:00,14.988638694110096,15.075529684667947,14.467294408070794,14.901747703552246,120000,0.0,0.0
2021-04-13 00:00:00+08:00,15.075530685910527,15.553428679756639,14.858304023742676,14.858304023742676,115000,0.0,0.0
2021-04-14 00:00:00+08:00,14.858302187762588,15.118973487230752,13.859059168070498,14.336957931518555,164000,0.0,0.0
2021-04-15 00:00:00+08:00,14.336959552201657,14.336959552201657,14.076288223266602,14.076288223266602,21000,0.0,0.0
2021-04-16 00:00:00+08:00,14.336958304447093,14.684520598547897,14.336958304447093,14.510740280151367,41000,0.0,0.0
2021-04-19 00:00:00+08:00,14.727968000874974,14.727968000874974,14.163177367083623,14.684521675109863,67000,0.0,0.0
2021-04-20 00:00:00+08:00,15.162420608163893,15.466536587809596,14.68452099086332,15.379647254943848,137000,0.0,0.0
2021-04-21 00:00:00+08:00,15.379648028847651,15.553428360631566,14.988639382045065,15.292757034301758,69000,0.0,0.0
2021-04-22 00:00:00+08:00,15.770654883952375,15.814101209509031,14.945194586070246,16.509225845336914,113000,0.0,0.0
2021-04-23 00:00:00+08:00,15.423093122607682,15.59687511648981,14.90174879826922,15.032084465026855,59000,0.0,0.0
2021-04-26 00:00:00+08:00,15.423093122607682,15.423093122607682,14.90174879826922,15.032084465026855,65000,0.0,0.0
2021-04-27 00:00:00+08:00,14.901748387499172,15.292757034301758,14.771412724334267,15.292757034301758,59000,0.0,0.0
2021-04-28 00:00:00+08:00,15.596873169548497,15.596873169548497,14.901746938099782,14.988637924194336,44000,0.0,0.0
2021-04-29 00:00:00+08:00,15.118975137013472,15.118975137013472,14.814857482910156,14.814857482910156,40000,0.0,0.0
2021-05-03 00:00:00+08:00,14.771412669332216,14.814857337789457,14.641077006652623,14.684521675109863,17000,0.0,0.0
2021-05-04 00:00:00+08:00,14.46729472709231,14.727967704514018,14.076287746921501,14.423850059509277,53000,0.0,0.0
2021-05-05 00:00:00+08:00,14.554185685262265,14.554185685262265,14.07628771374395,14.467294692993164,21000,0.0,0.0
2021-05-06 00:00:00+08:00,14.64107682602256,14.64107682602256,14.032841531277896,14.597630500793457,21000,0.0,0.0
2021-05-07 00:00:00+08:00,14.076286632050389,14.42384891711051,13.989395646458433,14.336957931518555,55000,0.0,0.0
2021-05-10 00:00:00+08:00,14.336958701132767,14.336958701132767,13.945950073633302,14.250067710876465,29000,0.0,0.0
2021-05-11 00:00:00+08:00,14.727966888959966,14.814856219314578,13.815614004466841,14.554184913635254,34000,0.0,0.0
2021-05-12 00:00:00+08:00,14.554185328014439,14.554185328014439,13.163934457757472,13.554943084716797,40000,0.0,0.0
2021-05-13 00:00:00+08:00,14.901747703552246,14.901747703552246,14.901747703552246,14.901747703552246,166000,0.0,0.0
2021-05-14 00:00:00+08:00,16.378889083862305,16.378889083862305,16.378889083862305,16.378889083862305,167000,0.0,0.0
2021-05-17 00:00:00+08:00,16.37888988945241,17.37813215701946,14.901747993182623,16.248554229736328,427000,0.0,0.0
2021-05-18 00:00:00+08:00,15.98788069972819,17.856029510498047,15.900989710488432,17.856029510498047,207000,0.0,0.0
2021-05-19 00:00:00+08:00,18.5511559457312,19.63728917841678,17.899476006119855,19.072500228881836,365000,0.0,0.0
2021-05-20 00:00:00+08:00,18.116702478217327,18.985609055999376,17.812584844532054,17.856029510498047,159000,0.0,0.0
2021-05-21 00:00:00+08:00,17.856029563150866,19.63728904724121,17.856029563150866,19.63728904724121,379000,0.0,0.0
2021-05-24 00:00:00+08:00,19.63728928069876,20.766867185652117,18.76838269002455,20.3758602142334,255000,0.0,0.0
2021-05-25 00:00:00+08:00,20.28896974486261,20.98409437233437,19.072500818133108,19.593843460083008,207000,0.0,0.0
2021-05-26 00:00:00+08:00,19.550399780273438,19.550399780273438,18.247039794921875,18.247039794921875,189000,0.0,0.0
2021-05-27 00:00:00+08:00,18.247038692647468,18.811827654053562,17.46502308013843,18.116703033447266,169000,0.0,0.0
2021-05-28 00:00:00+08:00,18.16014777839345,18.942163394246215,17.378132162540687,17.638803482055664,142000,0.0,0.0
2021-05-31 00:00:00+08:00,16.726452548329423,17.98636781878907,16.726452548329423,17.812585830688477,86000,0.0,0.0
2021-06-01 00:00:00+08:00,18.333929865626963,19.593843460083008,17.899476559130154,19.593843460083008,183000,0.0,0.0
2021-06-02 00:00:00+08:00,19.98485219047461,21.54888343811035,19.15939024142317,21.54888343811035,286000,0.0,0.0
2021-06-03 00:00:00+08:00,22.852243799956273,23.677705764770508,22.852243799956273,23.677705764770508,462000,0.0,0.0
2021-06-04 00:00:00+08:00,21.722665310329884,23.2866965497505,21.375102996826172,21.375102996826172,343000,0.0,0.0
2021-06-07 00:00:00+08:00,21.375101903152654,23.46047733478292,21.157875261163923,23.1129150390625,203000,0.0,0.0
2021-06-08 00:00:00+08:00,23.37358855693051,23.460479553404703,22.33090157116394,22.721908569335938,136000,0.0,0.0
2021-06-09 00:00:00+08:00,23.373587797433842,23.373587797433842,21.76611021547203,22.76535415649414,156000,0.0,0.0
2021-06-10 00:00:00+08:00,22.20056250980997,22.6350158008615,22.11367317744589,22.15711784362793,78000,0.0,0.0
2021-06-11 00:00:00+08:00,22.157118114530764,22.37434476271244,21.02754020690918,21.02754020690918,157000,0.0,0.0
2021-06-15 00:00:00+08:00,21.027540376921987,21.027540376921987,19.289727177417948,19.333171844482422,137000,0.0,0.0
2021-06-16 00:00:00+08:00,19.724181303507475,20.332414954427108,18.942164005126987,19.202836990356445,179000,0.0,0.0
2021-06-17 00:00:00+08:00,19.029055000203474,19.724181303507475,18.855274667358387,19.202836990356445,174000,0.0,0.0
2021-06-18 00:00:00+08:00,19.28972800055416,20.28897030144734,18.94216401997576,19.854516983032227,109000,0.0,0.0
2021-06-21 00:00:00+08:00,19.63728898785275,19.63728898785275,18.942162731294946,18.98560905456543,68000,0.0,0.0
2021-06-22 00:00:00+08:00,19.289726927314568,19.854515878368975,19.11594494669423,19.724180221557617,88000,0.0,0.0
2021-06-23 00:00:00+08:00,20.20207844423444,20.20207844423444,19.202836185981184,19.333171844482422,65000,0.0,0.0
2021-06-24 00:00:00+08:00,19.07250096709735,19.724180931932462,18.942163648284048,19.029054641723633,44000,0.0,0.0
2021-06-25 00:00:00+08:00,19.11594581604004,19.333172473040495,19.02905482177828,19.11594581604004,42000,0.0,0.0
2021-06-28 00:00:00+08:00,19.68073399379812,21.02754020690918,19.333171688169003,21.02754020690918,151000,0.0,0.0
2021-06-29 00:00:00+08:00,22.50468049618553,23.112915776072086,21.46199357577575,23.069469451904297,458000,0.0,0.0
2021-06-30 00:00:00+08:00,22.504681901623183,22.504681901623183,21.157877257160965,22.070228576660156,234000,0.0,0.0
2021-07-01 00:00:00+08:00,22.070227810594044,22.070227810594044,21.37510317770441,21.461994171142578,128000,0.0,0.0
2021-07-02 00:00:00+08:00,21.461993550921015,21.939891515058573,21.375102559993874,21.67922019958496,50000,0.0,0.0
2021-07-05 00:00:00+08:00,21.722664749794312,21.722664749794312,21.027540140724014,21.114429473876953,73000,0.0,0.0
2021-07-06 00:00:00+08:00,21.11443016913159,21.288212155775348,20.593087523816028,20.810314178466797,34000,0.0,0.0
2021-07-07 00:00:00+08:00,21.24476648104216,21.24476648104216,20.636531213919323,20.853757858276367,30000,0.0,0.0
2021-07-08 00:00:00+08:00,21.461993466536644,22.93913367725897,20.63653154193608,22.895689010620117,290000,0.0,0.0
2021-07-09 00:00:00+08:00,22.939134739339206,22.982581065297417,21.67922111809283,21.722665786743164,132000,0.0,0.0
2021-07-12 00:00:00+08:00,22.374345078760264,22.417789746087156,21.244767155182878,21.288211822509766,71000,0.0,0.0
2021-07-13 00:00:00+08:00,21.331656937584853,21.679220912726585,20.81031428948797,20.984094619750977,98000,0.0,0.0
2021-07-14 00:00:00+08:00,20.940648464296117,20.940648464296117,19.42006198162141,19.94140625,101000,0.0,0.0
2021-07-15 00:00:00+08:00,19.94140752254889,21.89644741074749,19.94140752254889,21.54888343811035,96000,0.0,0.0
2021-07-16 00:00:00+08:00,20.766868591308594,22.070228565541033,20.41930626297486,20.766868591308594,67000,0.0,0.0
2021-07-19 00:00:00+08:00,20.419304266843376,20.98409320233707,20.245522291010975,20.59308624267578,44000,0.0,0.0
2021-07-20 00:00:00+08:00,20.59308702430926,21.20132064819336,20.462749708833982,21.20132064819336,54000,0.0,0.0
2021-07-21 00:00:00+08:00,21.20132079055735,21.80955607583348,20.549640838036275,20.636531829833984,115000,0.0,0.0
2021-07-22 00:00:00+08:00,21.070984190253274,21.070984190253274,20.202077625706746,20.59308624267578,80000,0.0,0.0
2021-07-23 00:00:00+08:00,20.940648472589967,20.984093137760496,20.115186575887947,20.679975509643555,37000,0.0,0.0
2021-07-26 00:00:00+08:00,20.332413580357905,21.201320157786085,20.332413580357905,20.853757858276367,30000,0.0,0.0
2021-07-27 00:00:00+08:00,20.593086861901952,20.636531528512545,20.28896922370442,20.3758602142334,55000,0.0,0.0
2021-07-28 00:00:00+08:00,20.07174240255679,20.11518706879189,18.464264892241285,19.15938949584961,91000,0.0,0.0
2021-07-29 00:00:00+08:00,19.593843997598427,19.854516983032227,18.94216401997576,19.854516983032227,37000,0.0,0.0
2021-07-30 00:00:00+08:00,19.63729041832891,20.46275073290541,19.376617431640625,19.376617431640625,38000,0.0,0.0
2021-08-02 00:00:00+08:00,19.941406868679145,20.59308681004372,19.680733897748638,19.724180221557617,15000,0.0,0.0
2021-08-03 00:00:00+08:00,19.72417985027391,19.72417985027391,18.942162609510707,19.550397872924805,44000,0.0,0.0
2021-08-04 00:00:00+08:00,19.376616806834605,19.593843460083008,19.376616806834605,19.593843460083008,3000,0.0,0.0
2021-08-05 00:00:00+08:00,19.420061909608627,19.767624201469623,19.202835270032036,19.28972625732422,24000,0.0,0.0
2021-08-06 00:00:00+08:00,19.811070182884425,19.811070182884425,19.11594555297221,19.506954193115234,16000,0.0,0.0
2021-08-09 00:00:00+08:00,19.02905383983652,19.593842787431758,19.02905383983652,19.15938949584961,28000,0.0,0.0
2021-08-10 00:00:00+08:00,18.594601154275576,19.0290544600171,18.55115648662456,18.942163467407227,13000,0.0,0.0
2021-08-11 00:00:00+08:00,19.506954741224114,19.76762607043861,18.594601774357596,18.724937438964844,37000,0.0,0.0
2021-08-12 00:00:00+08:00,18.681492034038047,19.550398640272377,18.681492034038047,18.768383026123047,7000,0.0,0.0
2021-08-13 00:00:00+08:00,18.724936383807094,19.246280670166016,18.681491717155435,19.246280670166016,8000,0.0,0.0
2021-08-16 00:00:00+08:00,18.768382986756105,18.768382986756105,18.116703033447266,18.116703033447266,23000,0.0,0.0
2021-08-17 00:00:00+08:00,19.897960662841797,19.897960662841797,19.897960662841797,19.897960662841797,29000,0.0,0.0
2021-08-18 00:00:00+08:00,21.85300064086914,21.85300064086914,21.85300064086914,21.85300064086914,48000,0.0,0.0
2021-08-19 00:00:00+08:00,24.025266647338867,24.025266647338867,24.025266647338867,24.025266647338867,222000,0.0,0.0
2021-08-20 00:00:00+08:00,26.41476058959961,26.41476058959961,26.41476058959961,26.41476058959961,157000,0.0,0.0
2021-08-23 00:00:00+08:00,29.021480560302734,29.021480560302734,29.021480560302734,29.021480560302734,155000,0.0,0.0
2021-08-24 00:00:00+08:00,29.84693976939375,30.455175039789,27.10988602453846,29.542823791503906,857000,0.0,0.0
2021-08-25 00:00:00+08:00,27.935347488792154,31.801979064941406,27.935347488792154,31.801979064941406,384000,0.0,0.0
2021-08-26 00:00:00+08:00,34.973487854003906,34.973487854003906,34.973487854003906,34.973487854003906,129000,0.0,0.0
2021-08-27 00:00:00+08:00,38.44911575317383,38.44911575317383,36.05962268376754,38.44911575317383,890000,0.0,0.0
2021-08-30 00:00:00+08:00,37.62365526648104,37.62365526648104,35.58172607421875,35.58172607421875,358000,0.0,0.0
2021-08-31 00:00:00+08:00,34.32181052702019,36.05962371826172,34.32181052702019,36.05962371826172,158000,0.0,0.0
2021-09-01 00:00:00+08:00,36.36373987377574,38.666343688964844,36.36373987377574,38.666343688964844,199000,0.0,0.0
2021-09-02 00:00:00+08:00,41.66407275596725,41.66407275596725,36.58096708118516,39.187686920166016,163000,0.0,0.0
2021-09-03 00:00:00+08:00,39.187686654316266,39.187686654316266,37.53676608959766,38.188446044921875,120000,0.0,0.0
2021-09-06 00:00:00+08:00,38.666342581472094,41.968186903034244,38.666342581472094,40.40415573120117,235000,0.0,0.0
2021-09-07 00:00:00+08:00,42.141972500182156,42.141972500182156,38.66634590222899,41.53373718261719,125000,0.0,0.0
2021-09-08 00:00:00+08:00,40.273818860971026,40.66482748687295,37.7974364212848,38.970458984375,124000,0.0,0.0
2021-09-09 00:00:00+08:00,37.971220692404,39.70903396606445,37.971220692404,39.70903396606445,118000,0.0,0.0
2021-09-10 00:00:00+08:00,39.926260172739035,39.926260172739035,36.66786032155711,36.928531646728516,130000,0.0,0.0
2021-09-13 00:00:00+08:00,33.235679626464844,33.97424895898439,33.235679626464844,33.235679626464844,393000,0.0,0.0
2021-09-14 00:00:00+08:00,32.32332866375946,33.14879066003733,30.151061997036592,31.454421997070312,484000,0.0,0.0
2021-09-15 00:00:00+08:00,31.584753356082057,31.801980004513474,30.194504131967218,31.106855392456055,187000,0.0,0.0
2021-09-16 00:00:00+08:00,31.150301678429056,34.19147491455078,31.150301678429056,34.19147491455078,262000,0.0,0.0
2021-09-17 00:00:00+08:00,37.31953819092579,37.58020950142296,34.19147252111317,34.234920501708984,570000,0.0,0.0
2021-09-22 00:00:00+08:00,32.236433095177574,33.10533968334533,31.45441915459594,32.14954376220703,262000,0.0,0.0
2021-09-23 00:00:00+08:00,32.84467026021346,34.539038867584146,32.23643495056556,32.88811492919922,136000,0.0,0.0
2021-09-24 00:00:00+08:00,33.84391626120516,33.84391626120516,31.410978190490624,32.80122756958008,223000,0.0,0.0
2021-09-27 00:00:00+08:00,33.10533898499597,33.10533898499597,32.062653752882326,32.45365905761719,105000,0.0,0.0
2021-09-28 00:00:00+08:00,31.88887244867982,32.45365974221951,31.541308487566482,32.14954376220703,60000,0.0,0.0
2021-09-29 00:00:00+08:00,31.410975016772017,31.454419683988483,30.542068413980157,30.628957748413086,143000,0.0,0.0
2021-09-30 00:00:00+08:00,31.3675284590902,33.67013238687784,30.368287809281366,33.36601638793945,175000,0.0,0.0
2021-10-01 00:00:00+08:00,32.14954386129008,33.452903747558594,31.71509056586724,33.452903747558594,184000,0.0,0.0
2021-10-04 00:00:00+08:00,33.62668449963997,34.625925053822215,33.27912055015846,33.88735580444336,210000,0.0,0.0
2021-10-05 00:00:00+08:00,32.32332714592858,35.62517166137695,32.32332714592858,35.62517166137695,209000,0.0,0.0
2021-10-06 00:00:00+08:00,37.623655460643015,39.10079735705489,36.059624229283955,38.840126037597656,391000,0.0,0.0
2021-10-07 00:00:00+08:00,38.709788086677364,42.70676040649414,37.79743682620923,42.70676040649414,601000,0.0,0.0
2021-10-08 00:00:00+08:00,45.965161675473546,46.92095763478019,43.44533114331499,46.834068298339844,1213000,0.0,0.0
2021-10-12 00:00:00+08:00,44.314238204956055,44.83558085799159,42.185416294932075,43.44533157348633,904000,0.0,0.0
2021-10-13 00:00:00+08:00,39.10079574584961,39.10079574584961,39.10079574584961,39.10079574584961,134000,0.0,0.0
2021-10-14 00:00:00+08:00,36.84163992323763,40.491044868456626,36.3202939920524,38.44911575317383,559000,0.0,0.0
2021-10-15 00:00:00+08:00,38.40566914464724,38.40566914464724,36.494074122905324,37.71054458618164,265000,0.0,0.0
2021-10-18 00:00:00+08:00,37.58021091226018,38.362228187725734,36.5809669841226,37.23264694213867,124000,0.0,0.0
2021-10-19 00:00:00+08:00,36.66785727797249,38.66634169122508,36.66785727797249,37.276092529296875,164000,0.0,0.0
2021-10-20 00:00:00+08:00,37.27609726081798,37.79743993406213,36.62441726195483,37.319541931152344,124000,0.0,0.0
2021-10-21 00:00:00+08:00,37.753991963808886,38.231889924947616,37.18920135498047,37.18920135498047,102000,0.0,0.0
2021-10-22 00:00:00+08:00,37.01541913744874,37.797436388575846,36.84164047241211,36.84164047241211,112000,0.0,0.0
2021-10-25 00:00:00+08:00,36.84164070806848,37.536765316508045,36.233405432703016,37.18920135498047,186000,0.0,0.0
2021-10-26 00:00:00+08:00,37.189201171597006,37.49332046508789,36.36373925300113,37.49332046508789,178000,0.0,0.0
2021-10-27 00:00:00+08:00,37.493322861645254,37.53676753074504,36.58096823747085,37.44987487792969,77000,0.0,0.0
2021-10-28 00:00:00+08:00,37.5367652855227,39.448360443115234,36.66785869703659,39.448360443115234,171000,0.0,0.0
2021-10-29 00:00:00+08:00,39.96970207543428,40.66482666599699,38.4056709180143,40.23037338256836,293000,0.0,0.0
2021-11-01 00:00:00+08:00,40.230378104940904,42.83709811149797,39.10080009835602,40.92550277709961,163000,0.0,0.0
2021-11-02 00:00:00+08:00,40.92549797313107,43.01087505943472,39.96970207543428,40.23037338256836,202000,0.0,0.0
2021-11-03 00:00:00+08:00,39.96970412822003,40.53449475153028,37.79743759951242,37.88432693481445,357000,0.0,0.0
2021-11-04 00:00:00+08:00,37.71054826421039,38.709788878646485,37.10231297324912,37.88432693481445,108000,0.0,0.0
2021-11-05 00:00:00+08:00,38.18844389652934,41.66407012939453,37.27609267332533,41.66407012939453,367000,0.0,0.0
2021-11-08 00:00:00+08:00,41.66407282373637,42.055081463142635,38.70978900890647,40.49104690551758,281000,0.0,0.0
2021-11-09 00:00:00+08:00,39.62213798536762,40.05659126728883,38.753231421525214,38.9270133972168,120000,0.0,0.0
2021-11-10 00:00:00+08:00,39.88281174662656,39.88281174662656,38.84012322956543,39.535247802734375,54000,0.0,0.0
2021-11-11 00:00:00+08:00,38.92701756624349,38.92701756624349,37.66710225081381,37.79743957519531,82000,0.0,0.0
2021-11-12 00:00:00+08:00,37.797437332253295,37.84088199959712,36.36374010759743,36.88508605957031,143000,0.0,0.0
2021-11-15 00:00:00+08:00,40.49104832343868,40.53449630737305,40.27382166223007,40.53449630737305,165000,0.0,0.0
2021-11-16 00:00:00+08:00,39.53524957083651,42.96743124045862,39.1007962788493,41.229618072509766,293000,0.0,0.0
2021-11-17 00:00:00+08:00,40.31726697827905,41.44684487889392,38.79668045043945,38.79668045043945,233000,0.0,0.0
2021-11-18 00:00:00+08:00,38.62290156217447,39.01391022070311,37.449875586588554,37.79743957519531,106000,0.0,0.0
2021-11-19 00:00:00+08:00,39.05735489062499,39.05735489062499,37.58021291097005,37.79743957519531,72000,0.0,0.0
2021-11-22 00:00:00+08:00,37.44987467674083,38.145002637066156,37.362985339008056,37.75399398803711,64000,0.0,0.0
2021-11-23 00:00:00+08:00,37.66709660815257,38.14499784954956,37.623651944738846,37.71054458618164,45000,0.0,0.0
2021-11-24 00:00:00+08:00,37.79743528632653,38.79667915422503,37.79743528632653,38.57945251464844,29000,0.0,0.0
2021-11-25 00:00:00+08:00,38.579456186771516,39.44836282778334,38.31878154277533,38.75323486328125,40000,0.0,0.0
2021-11-26 00:00:00+08:00,38.709790169518165,39.01390948244823,37.44987487792969,37.44987487792969,37000,0.0,0.0
2021-11-29 00:00:00+08:00,38.36222723917435,38.36222723917435,36.66785872730469,37.18920135498047,38000,0.0,0.0
2021-11-30 00:00:00+08:00,38.23189067431042,38.23189067431042,36.97197543234752,37.536766052246094,55000,0.0,0.0
2021-12-01 00:00:00+08:00,37.79743569357353,37.79743569357353,36.841639794984545,37.145755767822266,55000,0.0,0.0
2021-12-02 00:00:00+08:00,36.9285310575524,37.18920237856493,36.05962444443352,36.407188415527344,99000,0.0,0.0
2021-12-03 00:00:00+08:00,36.798194326834945,37.623656285390844,36.58096767008948,36.928531646728516,45000,0.0,0.0
2021-12-06 00:00:00+08:00,37.1891996810212,37.1891996810212,36.45063043928904,36.79819107055664,45000,0.0,0.0
2021-12-07 00:00:00+08:00,36.7547483778498,37.27609432464432,36.49407706176035,36.7113037109375,63000,0.0,0.0
2021-12-08 00:00:00+08:00,37.27609387161521,38.92701439652794,36.84164057854098,38.14500045776367,98000,0.0,0.0
2021-12-09 00:00:00+08:00,38.57945725854425,38.57945725854425,37.18920460553336,37.319541931152344,22000,0.0,0.0
2021-12-10 00:00:00+08:00,36.841639794984545,37.927773004569985,36.580965172991625,37.145755767822266,18000,0.0,0.0
2021-12-13 00:00:00+08:00,37.14575828049711,37.18920294889618,35.58172701582038,36.276851654052734,102000,0.0,0.0
2021-12-14 00:00:00+08:00,36.36374039978366,36.407188382092244,35.62517110515716,35.75550842285156,27000,0.0,0.0
2021-12-15 00:00:00+08:00,36.7981948724776,36.7981948724776,35.66861690357499,36.146514892578125,31000,0.0,0.0
2021-12-16 00:00:00+08:00,36.45063527852548,36.45063527852548,35.53828394272679,36.01618194580078,42000,0.0,0.0
2021-12-17 00:00:00+08:00,35.494834341647575,36.494078287264195,34.79970970386093,35.62517166137695,50000,0.0,0.0
2021-12-20 00:00:00+08:00,35.6251697611477,35.6251697611477,34.756263181607515,34.886600494384766,20000,0.0,0.0
2021-12-21 00:00:00+08:00,34.582482303998226,34.62592697143555,34.49559296912358,34.62592697143555,24000,0.0,0.0
2021-12-22 00:00:00+08:00,35.538281560697605,35.62517089557225,34.62592697143555,34.62592697143555,31000,0.0,0.0
2021-12-23 00:00:00+08:00,34.66937749282706,35.277609510730485,34.625929507591756,35.06038284301758,29000,0.0,0.0
2021-12-24 00:00:00+08:00,35.755505825874984,35.755505825874984,34.75626196843627,35.32105255126953,12000,0.0,0.0
2021-12-27 00:00:00+08:00,35.32105475610675,35.58172607421875,35.14727277249353,35.58172607421875,26000,0.0,0.0
2021-12-28 00:00:00+08:00,35.5817266005886,35.5817266005886,34.75626465217628,34.79970932006836,62000,0.0,0.0
2021-12-29 00:00:00+08:00,34.365257037748286,34.53903902911985,33.105341743574215,33.36601638793945,139000,0.0,0.0
2021-12-30 00:00:00+08:00,33.62668793157725,33.71357727050781,33.0184526152159,33.71357727050781,47000,0.0,0.0
2022-01-03 00:00:00+08:00,33.713575472099166,34.40870009031052,33.62668613780361,34.27836608886719,33000,0.0,0.0
2022-01-04 00:00:00+08:00,33.53979493538184,34.19147491455078,33.53979493538184,34.19147491455078,2000,0.0,0.0
2022-01-05 00:00:00+08:00,33.53979506469522,33.53979506469522,33.148789727378954,33.36601638793945,29000,0.0,0.0
2022-01-06 00:00:00+08:00,33.0618956282373,33.67013091412528,32.58399765883092,32.6708869934082,48000,0.0,0.0
2022-01-07 00:00:00+08:00,32.670885522443896,33.27912078094687,30.58551175493936,32.75777816772461,64000,0.0,0.0
2022-01-10 00:00:00+08:00,32.149545309845166,32.149545309845166,31.28063867984935,31.97576332092285,30000,0.0,0.0
2022-01-11 00:00:00+08:00,31.975759854719186,32.106097160936166,31.36752461673226,31.410972595214844,23000,0.0,0.0
2022-01-12 00:00:00+08:00,32.06265631831163,32.06265631831163,31.36752835512924,31.497865676879883,14000,0.0,0.0
2022-01-13 00:00:00+08:00,31.758536276116825,31.758536276116825,30.628958333821032,31.150300979614258,24000,0.0,0.0
2022-01-14 00:00:00+08:00,31.671645062980552,31.671645062980552,29.586267974167605,30.324840545654297,60000,0.0,0.0
2022-01-17 00:00:00+08:00,30.455174787679,32.10609860585458,28.760806303681026,29.9338321685791,85000,0.0,0.0
2022-01-18 00:00:00+08:00,29.933831801591804,30.802738365849244,29.933831801591804,30.498619079589844,5000,0.0,0.0
2022-01-19 00:00:00+08:00,29.542823308695564,30.88962782602182,29.32559666671986,30.324840545654297,25000,0.0,0.0
2022-01-20 00:00:00+08:00,30.281395029542523,30.672403679837988,30.19450569152832,30.19450569152832,14000,0.0,0.0
2022-01-21 00:00:00+08:00,29.586268448601565,30.368285698100422,29.586268448601565,30.28139305114746,7000,0.0,0.0
2022-01-24 00:00:00+08:00,30.107614081620014,30.107614081620014,29.021480865322257,30.020721435546875,7000,0.0,0.0
2022-01-25 00:00:00+08:00,29.977277644836228,29.977277644836228,28.673917747234654,29.412487030029297,26000,0.0,0.0
2022-01-26 00:00:00+08:00,29.412488935726664,29.4559369201543,28.673919605078552,28.76080894470215,26000,0.0,0.0
2022-02-07 00:00:00+08:00,28.84770035278825,28.84770035278825,27.414003108620363,27.805011749267578,19000,0.0,0.0
2022-02-08 00:00:00+08:00,27.8050108788864,28.587028135701317,27.3705575839038,28.413246154785156,36000,0.0,0.0
2022-02-09 00:00:00+08:00,28.41324554043312,28.63047218322754,27.978792254844283,28.63047218322754,12000,0.0,0.0
2022-02-10 00:00:00+08:00,28.934590402627723,30.846185670482168,27.84845710437131,30.19450569152832,43000,0.0,0.0
2022-02-11 00:00:00+08:00,29.84693976939375,29.84693976939375,28.891143854926614,29.542823791503906,16000,0.0,0.0
2022-02-14 00:00:00+08:00,28.32635506577361,29.108372365621694,28.32635506577361,28.891145706176758,8000,0.0,0.0
2022-02-15 00:00:00+08:00,29.499379323738722,29.499379323738722,27.674675157587536,28.50013542175293,24000,0.0,0.0
2022-02-16 00:00:00+08:00,28.543579088456774,29.325596316064686,28.543579088456774,30.88962745666504,22000,0.0,0.0
2022-02-17 00:00:00+08:00,29.0649273564033,29.803496664023616,28.413247385697467,29.369043350219727,22000,0.0,0.0
2022-02-18 00:00:00+08:00,28.978035407345164,29.803497386506166,27.848457426995495,29.71660804748535,28000,0.0,0.0
2022-02-21 00:00:00+08:00,29.67316110466559,30.36828570742492,28.804254522562534,29.542823791503906,41000,0.0,0.0
2022-02-22 00:00:00+08:00,29.369042111623042,30.368286017076617,29.23870811174796,29.803495407104492,31000,0.0,0.0
2022-02-23 00:00:00+08:00,29.455936290289074,29.629714965820312,29.108372309995065,29.629714965820312,16000,0.0,0.0
2022-02-24 00:00:00+08:00,29.108370908191535,29.890388168884716,27.805011016779975,30.3682861328125,30000,0.0,0.0
2022-02-25 00:00:00+08:00,29.629711732625516,29.89038634670909,28.41324456356894,28.67391586303711,28000,0.0,0.0
2022-03-01 00:00:00+08:00,28.76080894470215,29.064928262616426,28.413248271591915,28.76080894470215,11000,0.0,0.0
2022-03-02 00:00:00+08:00,28.76080894470215,28.76080894470215,28.76080894470215,28.76080894470215,1000,0.0,0.0
2022-03-03 00:00:00+08:00,28.065683291308037,28.760807927560897,27.978793954757325,31.628202438354492,39000,0.0,0.0
2022-03-04 00:00:00+08:00,28.022240000725002,28.587030659919304,28.022240000725002,31.454421997070312,5000,0.0,0.0
2022-03-07 00:00:00+08:00,27.805011325412327,29.933833167937337,26.28442476855384,31.280637741088867,84000,0.0,0.0
2022-03-08 00:00:00+08:00,29.108369854725673,29.45593380570292,26.76232147216797,26.76232147216797,39000,0.0,0.0
2022-03-09 00:00:00+08:00,27.54433870455903,27.54433870455903,26.501650166242776,26.76232147216797,36000,0.0,0.0
2022-03-10 00:00:00+08:00,27.327114082816557,27.327114082816557,26.675434112548828,26.675434112548828,13000,0.0,0.0
2022-03-11 00:00:00+08:00,27.587783316558603,27.587783316558603,26.631985767830457,27.24022102355957,27000,0.0,0.0
2022-03-14 00:00:00+08:00,27.45744910389941,27.45744910389941,26.154089193815334,26.89266014099121,46000,0.0,0.0
2022-03-15 00:00:00+08:00,26.849213402211536,26.849213402211536,25.893415818094944,26.067197799682617,38000,0.0,0.0
2022-03-16 00:00:00+08:00,26.067199331417,26.067199331417,24.329386042655866,24.590057373046875,98000,0.0,0.0
2022-03-17 00:00:00+08:00,24.633500946943215,25.415516508036646,23.50392144109029,25.19828987121582,148000,0.0,0.0
2022-03-18 00:00:00+08:00,24.633501854161505,24.98106415441353,24.15560224117067,24.50316619873047,48000,0.0,0.0
2022-03-21 00:00:00+08:00,24.807281629892795,26.41475909766641,24.546610324765286,25.372072219848633,62000,0.0,0.0
2022-03-22 00:00:00+08:00,25.4589633100412,25.980307613645383,25.24173665498178,25.93686294555664,29000,0.0,0.0
2022-03-23 00:00:00+08:00,26.067197638423213,28.50013542175293,26.067197638423213,28.50013542175293,147000,0.0,0.0
2022-03-24 00:00:00+08:00,29.108371094681612,29.542824394602235,27.80501119491975,27.935348510742188,212000,0.0,0.0
2022-03-25 00:00:00+08:00,27.196776393161166,27.978793672696767,26.501651763916016,26.501651763916016,80000,0.0,0.0
2022-03-28 00:00:00+08:00,25.849971197484955,26.7188777923584,25.806526530664406,26.7188777923584,18000,0.0,0.0
2022-03-29 00:00:00+08:00,25.849972153953225,27.066441100324745,25.849972153953225,26.675434112548828,29000,0.0,0.0
2022-03-30 00:00:00+08:00,26.3278705833158,26.588543570237555,26.284425914149455,26.37131690979004,21000,0.0,0.0
2022-03-31 00:00:00+08:00,27.1098862869994,27.93534821091202,26.67543299174177,27.283666610717773,63000,0.0,0.0
2022-04-01 00:00:00+08:00,26.84921407853859,26.979549739358575,26.501651763916016,26.501651763916016,28000,0.0,0.0
2022-04-06 00:00:00+08:00,26.197533142039532,26.805768412970963,26.197533142039532,26.545095443725586,15000,0.0,0.0
2022-04-07 00:00:00+08:00,25.936862976833446,26.41476095561732,24.155603408813477,24.155603408813477,57000,0.0,0.0
2022-04-08 00:00:00+08:00,24.199050726155594,24.894175388753258,24.15560439892579,24.763839721679688,29000,0.0,0.0
2022-04-11 00:00:00+08:00,24.329383663182735,24.329383663182735,23.243250463933506,24.24249267578125,43000,0.0,0.0
2022-04-12 00:00:00+08:00,23.50392256657349,24.763837783388293,23.460477900052066,26.631986618041992,23000,0.0,0.0
2022-04-13 00:00:00+08:00,25.2417355236895,25.2417355236895,24.590055587718435,25.15484619140625,43000,0.0,0.0
2022-04-14 00:00:00+08:00,25.241736090819003,27.500893584405507,25.198291423701264,26.805768966674805,57000,0.0,0.0
2022-04-15 00:00:00+08:00,26.458207498173365,26.458207498173365,25.54585454395243,27.97879409790039,20000,0.0,0.0
2022-04-18 00:00:00+08:00,26.80576911041363,26.80576911041363,25.19829155882042,26.24098014831543,14000,0.0,0.0
2022-04-19 00:00:00+08:00,26.02375393904198,26.02375393904198,25.372073973863714,25.93686294555664,9000,0.0,0.0
2022-04-20 00:00:00+08:00,25.415517251560885,25.763079549180507,24.372828701394255,24.416275024414062,47000,0.0,0.0
2022-04-21 00:00:00+08:00,25.024509497396497,25.024509497396497,24.459720537045293,24.937620162963867,11000,0.0,0.0
2022-04-22 00:00:00+08:00,24.937620162963867,24.937620162963867,24.937620162963867,24.937620162963867,0,0.0,0.0
2022-04-25 00:00:00+08:00,23.15636019232746,24.72039304197743,23.15636019232746,23.460477828979492,16000,0.0,0.0
2022-04-26 00:00:00+08:00,23.286696535725234,24.89417409918305,23.286696535725234,24.546611785888672,13000,0.0,0.0
2022-04-27 00:00:00+08:00,23.894932440349034,24.676948079662516,23.156361469822123,24.32938575744629,15000,0.0,0.0
2022-04-28 00:00:00+08:00,25.15484649242219,25.458962473668343,24.15560258612953,25.415517807006836,14000,0.0,0.0
2022-04-29 00:00:00+08:00,25.545853164984464,25.545853164984464,23.764595335808448,24.025266647338867,15000,0.0,0.0
2022-05-03 00:00:00+08:00,23.199807129776204,24.06871373902164,23.156360804929232,26.41476058959961,12000,0.0,0.0
2022-05-04 00:00:00+08:00,24.676946683083777,24.676946683083777,24.676946683083777,26.458206176757812,1000,0.0,0.0
2022-05-05 00:00:00+08:00,24.93761974333776,24.93761974333776,24.93761974333776,24.112157821655273,2000,0.0,0.0
2022-05-06 00:00:00+08:00,24.85072943151169,24.89417409918305,24.1556031476151,24.546611785888672,4000,0.0,0.0
2022-05-09 00:00:00+08:00,22.852243423461914,22.852243423461914,22.852243423461914,22.852243423461914,4000,0.0,0.0
2022-05-10 00:00:00+08:00,24.285940322199384,24.285940322199384,22.895689419902684,25.111400604248047,9000,0.0,0.0
2022-05-11 00:00:00+08:00,22.157118503863995,23.851487052376726,22.157118503863995,22.591571807861328,25000,0.0,0.0
2022-05-12 00:00:00+08:00,23.373588438736068,23.373588438736068,21.896448135375977,21.896448135375977,16000,0.0,0.0
2022-05-13 00:00:00+08:00,22.678461415146774,24.06871223449707,22.678461415146774,24.06871223449707,62000,0.0,0.0
2022-05-16 00:00:00+08:00,24.894174064012955,24.894174064012955,23.89493179321289,23.89493179321289,88000,0.0,0.0
2022-05-17 00:00:00+08:00,23.50392379203835,24.59005708478149,23.50392379203835,24.32938575744629,23000,0.0,0.0
2022-05-18 00:00:00+08:00,23.851486982151503,24.459720611572266,23.6777049981411,24.459720611572266,8000,0.0,0.0
2022-05-19 00:00:00+08:00,24.850729700226584,24.850729700226584,23.72115009817073,24.155603408813477,9000,0.0,0.0
2022-05-20 00:00:00+08:00,24.50316776391245,25.328628072575235,23.721150466757976,24.98106575012207,44000,0.0,0.0
2022-05-23 00:00:00+08:00,24.28594010320842,24.329384770232142,23.98182246211896,24.37282943725586,13000,0.0,0.0
2022-05-24 00:00:00+08:00,24.67694582856376,24.67694582856376,23.85148559576445,24.06871223449707,27000,0.0,0.0
2022-05-25 00:00:00+08:00,24.112156973916722,24.72039222717285,24.112156973916722,24.72039222717285,4000,0.0,0.0
2022-05-26 00:00:00+08:00,24.503166255435183,25.328626513280533,24.11215763092943,25.15484619140625,38000,0.0,0.0
2022-05-27 00:00:00+08:00,25.154846900030083,27.631229400634766,25.154846900030083,27.631229400634766,171000,0.0,0.0
2022-05-30 00:00:00+08:00,27.587785452190293,29.282154040523555,26.936105480878712,27.97879409790039,222000,0.0,0.0
2022-05-31 00:00:00+08:00,27.283667119631733,27.370558111765572,26.6319871645897,26.89266014099121,47000,0.0,0.0
2022-06-01 00:00:00+08:00,25.8065262893129,27.674675119357673,25.8065262893129,27.109886169433594,35000,0.0,0.0
2022-06-02 00:00:00+08:00,27.109886469052217,28.456691030472044,27.109886469052217,27.37055778503418,48000,0.0,0.0
2022-06-06 00:00:00+08:00,27.370556799513654,27.674674428747576,27.022994504949633,27.41400146484375,35000,0.0,0.0
2022-06-07 00:00:00+08:00,27.761566601564084,27.761566601564084,27.066440325460682,27.457448959350586,7000,0.0,0.0
2022-06-08 00:00:00+08:00,27.457447663847432,27.457447663847432,26.631985767830457,27.24022102355957,33000,0.0,0.0
2022-06-09 00:00:00+08:00,27.022995432025667,27.022995432025667,26.110642513023866,26.7188777923584,11000,0.0,0.0
2022-06-10 00:00:00+08:00,26.762322504665853,27.718120092112734,26.067197890508744,27.37055778503418,34000,0.0,0.0
2022-06-13 00:00:00+08:00,26.50165132492719,26.805768966674805,25.980307032975258,26.805768966674805,66000,0.0,0.0
2022-06-14 00:00:00+08:00,26.11064241743775,26.67543302788414,25.415517807006836,25.415517807006836,51000,0.0,0.0
2022-06-15 00:00:00+08:00,26.284424645197575,26.284424645197575,25.24173606246496,27.935348510742188,16000,0.0,0.0
2022-06-16 00:00:00+08:00,25.415518353990564,27.06644058227539,25.415518353990564,27.06644058227539,46000,0.0,0.0
2022-06-17 00:00:00+08:00,26.327869299498303,26.327869299498303,25.285182374579172,26.154088973999023,22000,0.0,0.0
2022-06-20 00:00:00+08:00,26.631987285337527,26.631987285337527,23.7211498081573,23.89493179321289,49000,0.0,0.0
2022-06-21 00:00:00+08:00,24.720394180459863,26.15408978235279,24.720394180459863,26.023754119873047,19000,0.0,0.0
2022-06-22 00:00:00+08:00,26.023752985321504,26.805768583414487,26.023752985321504,27.761566162109375,11000,0.0,0.0
2022-06-23 00:00:00+08:00,27.370558379126376,27.370558379126376,25.806527134670866,26.501651763916016,22000,0.0,0.0
2022-06-24 00:00:00+08:00,26.58854176725371,26.9795487351601,26.110642152291074,26.545095443725586,25000,0.0,0.0
2022-06-27 00:00:00+08:00,26.545093909166233,27.28366479337003,26.15408696386377,29.151813507080078,20000,0.0,0.0
2022-06-28 00:00:00+08:00,27.587785032928966,27.587785032928966,26.501651763916016,26.501651763916016,8000,0.0,0.0
2022-06-29 00:00:00+08:00,27.32711419504336,27.32711419504336,26.197534580888963,26.849214553833008,22000,0.0,0.0
2022-06-30 00:00:00+08:00,26.284424787252302,27.283667051008592,26.284424787252302,26.979549407958984,15000,0.0,0.0
2022-07-01 00:00:00+08:00,26.414759544420505,26.93610382080078,25.893415268040226,26.93610382080078,15000,0.0,0.0
2022-07-04 00:00:00+08:00,26.24098090680329,26.849214553833008,26.24098090680329,26.849214553833008,2000,0.0,0.0
2022-07-05 00:00:00+08:00,26.936105342518566,27.370558654494673,26.067198718566356,26.11064338684082,36000,0.0,0.0
2022-07-06 00:00:00+08:00,26.892658700143826,26.892658700143826,25.024508269934966,25.372072219848633,14000,0.0,0.0
2022-07-07 00:00:00+08:00,26.110642831647684,26.24098014831543,25.372073542838862,26.24098014831543,6000,0.0,0.0
2022-07-08 00:00:00+08:00,26.284425262190148,26.50165191724957,25.93686294555664,25.93686294555664,4000,0.0,0.0
2022-07-11 00:00:00+08:00,27.022996125280997,28.50013638007613,26.979549800038058,27.805011749267578,160000,0.0,0.0
2022-07-12 00:00:00+08:00,25.45896277213762,26.067198056376192,25.024509471198016,25.676189422607422,107000,0.0,0.0
2022-07-13 00:00:00+08:00,25.15484624667903,26.458206121485034,25.15484624667903,25.80652618408203,42000,0.0,0.0
2022-07-14 00:00:00+08:00,26.371315739829953,26.371315739829953,26.327869415283203,26.327869415283203,2000,0.0,0.0
2022-07-15 00:00:00+08:00,25.676189422607422,26.02375338920536,25.45896277213762,25.676189422607422,21000,0.0,0.0
2022-07-18 00:00:00+08:00,25.63274475543659,26.37131569849548,24.807282820728215,25.676189422607422,9000,0.0,0.0
2022-07-19 00:00:00+08:00,25.893416800085436,26.023754119873047,25.893416800085436,26.023754119873047,6000,0.0,0.0
2022-07-20 00:00:00+08:00,26.501652585711554,27.327114558681465,26.501652585711554,27.02299690246582,11000,0.0,0.0
2022-07-21 00:00:00+08:00,26.41476002020251,27.283666610717773,25.719635410713416,27.283666610717773,16000,0.0,0.0
2022-07-22 00:00:00+08:00,27.283666544108033,27.93534814271128,27.283666544108033,27.761566162109375,6000,0.0,0.0
2022-07-25 00:00:00+08:00,26.067198718566356,26.11064338684082,26.067198718566356,26.11064338684082,11000,0.0,0.0
2022-07-26 00:00:00+08:00,26.067198164296986,26.414760475026046,26.067198164296986,26.24098014831543,11000,0.0,0.0
2022-07-27 00:00:00+08:00,25.980307172287763,25.980307172287763,25.936862504937064,26.24098014831543,6000,0.0,0.0
2022-07-28 00:00:00+08:00,26.675433749881226,26.675433749881226,26.501651763916016,26.501651763916016,2000,0.0,0.0
2022-07-29 00:00:00+08:00,26.50165084308566,26.50165084308566,25.719635248029935,26.458206176757812,20000,0.0,0.0
2022-08-01 00:00:00+08:00,25.980307640513868,26.588542938232422,25.980307640513868,26.588542938232422,21000,0.0,0.0
2022-08-02 00:00:00+08:00,26.588542938232422,26.588542938232422,26.588542938232422,26.588542938232422,0,0.0,0.0
2022-08-03 00:00:00+08:00,26.5016512823054,26.5016512823054,25.285182374579172,26.154088973999023,15000,0.0,0.0
2022-08-04 00:00:00+08:00,26.327869029689424,28.413246172772297,25.719635410713416,27.283666610717773,46000,0.0,0.0
2022-08-05 00:00:00+08:00,26.58854239064024,27.283667010310015,26.24098008080535,26.327869415283203,8000,0.0,0.0
2022-08-08 00:00:00+08:00,26.97954943712425,26.97954943712425,26.24098014831543,26.24098014831543,17000,0.0,0.0
2022-08-09 00:00:00+08:00,27.54433877544954,28.109126053971792,26.284423593183746,27.41400146484375,15000,0.0,0.0
2022-08-10 00:00:00+08:00,27.848455511027577,27.848455511027577,26.58854195152057,26.631986618041992,10000,0.0,0.0
2022-08-11 00:00:00+08:00,25.936862972380197,27.805011876361675,25.936862972380197,26.588542938232422,24000,0.0,0.0
2022-08-12 00:00:00+08:00,27.327112011136265,27.327112011136265,26.58854110269598,27.24022102355957,15000,0.0,0.0
2022-08-15 00:00:00+08:00,26.58854311838489,26.718878780976866,25.936863148117162,26.675434112548828,45000,0.0,0.0
2022-08-16 00:00:00+08:00,26.93610407932412,26.93610407932412,25.458962224954202,25.80652618408203,23000,0.0,0.0
2022-08-17 00:00:00+08:00,26.19753327216243,26.19753327216243,25.806526302313912,25.98030662536621,16000,0.0,0.0
2022-08-18 00:00:00+08:00,26.154089600616064,26.197534268704807,26.154089600616064,25.93686294555664,11000,0.0,0.0
2022-08-19 00:00:00+08:00,26.15408908901967,26.327869415283203,26.15408908901967,26.327869415283203,12000,0.0,0.0
2022-08-22 00:00:00+08:00,26.327869415283203,26.327869415283203,26.327869415283203,26.327869415283203,0,0.0,0.0
2022-08-23 00:00:00+08:00,26.24098014831543,26.284424815666128,26.067198164296986,26.24098014831543,9000,0.0,0.0
2022-08-24 00:00:00+08:00,26.110642649643342,26.154088973999023,26.067197982595474,26.154088973999023,22000,0.0,0.0
2022-08-25 00:00:00+08:00,26.067198607130724,26.067198607130724,25.849971952071304,25.93686294555664,17000,0.0,0.0
2022-08-26 00:00:00+08:00,26.240978809696948,26.240978809696948,26.067196834543562,27.24022102355957,10000,0.0,0.0
2022-08-29 00:00:00+08:00,26.067198164296986,26.24098014831543,26.023753496946288,26.24098014831543,6000,0.0,0.0
2022-08-30 00:00:00+08:00,26.067197982595474,26.154088973999023,26.067197982595474,26.154088973999023,3000,0.0,0.0
2022-08-31 00:00:00+08:00,26.154090249342524,26.892661226325657,26.154090249342524,26.37131690979004,17000,0.0,0.0
2022-09-01 00:00:00+08:00,26.15408971242315,26.15408971242315,26.11064338684082,26.11064338684082,5000,0.0,0.0
2022-09-02 00:00:00+08:00,26.110642831647684,26.414760475026046,26.067198164296986,26.24098014831543,15000,0.0,0.0
2022-09-05 00:00:00+08:00,26.50165139885456,26.50165139885456,26.284424748044277,26.327869415283203,4000,0.0,0.0
2022-09-06 00:00:00+08:00,26.3278695972135,26.41476058959961,24.06871373902164,26.41476058959961,15000,0.0,0.0
2022-09-07 00:00:00+08:00,26.067197982595474,26.24097996540257,26.067197982595474,26.154088973999023,5000,0.0,0.0
2022-09-08 00:00:00+08:00,26.936105548353787,26.936105548353787,26.284425575409742,26.849214553833008,13000,0.0,0.0
2022-09-12 00:00:00+08:00,27.631229101016146,27.631229101016146,26.63198684667487,27.37055778503418,6000,0.0,0.0
2022-09-13 00:00:00+08:00,26.76232326807497,27.327113897659853,26.06719863408907,26.588542938232422,12000,0.0,0.0
2022-09-14 00:00:00+08:00,26.58854182153597,27.240221760018187,26.414759841684265,27.196775436401367,12000,0.0,0.0
2022-09-15 00:00:00+08:00,27.5877854306223,27.761567419092675,26.805769797121354,27.32711410522461,12000,0.0,0.0
2022-09-16 00:00:00+08:00,26.675434134422506,27.805012087556335,26.675434134422506,27.32711410522461,43000,0.0,0.0
2022-09-19 00:00:00+08:00,26.936104956075077,27.718120574951172,26.936104956075077,27.718120574951172,2000,0.0,0.0
2022-09-20 00:00:00+08:00,27.414002148948857,27.71811978577191,26.936104189161053,27.109886169433594,10000,0.0,0.0
2022-09-21 00:00:00+08:00,27.54434076215864,27.54434076215864,26.545096814415793,27.32711410522461,4000,0.0,0.0
2022-09-22 00:00:00+08:00,27.196775130337038,27.196775130337038,26.93610382080078,26.93610382080078,7000,0.0,0.0
2022-09-23 00:00:00+08:00,27.71812054007002,27.71812054007002,26.936104922178032,27.06644058227539,19000,0.0,0.0
2022-09-26 00:00:00+08:00,27.24022138970019,27.24022138970019,26.284423828125,26.284423828125,29000,0.0,0.0
2022-09-27 00:00:00+08:00,26.979550564658346,26.979550564658346,26.3278705833158,26.37131690979004,11000,0.0,0.0
2022-09-28 00:00:00+08:00,26.067198607130724,26.762323240397738,25.93686294555664,25.93686294555664,11000,0.0,0.0
2022-09-29 00:00:00+08:00,26.67543390422025,26.67543390422025,25.93686294555664,25.93686294555664,15000,0.0,0.0
2022-09-30 00:00:00+08:00,25.93686243820939,26.327869415283203,25.93686243820939,26.327869415283203,13000,0.0,0.0
2022-10-03 00:00:00+08:00,26.327869777950806,27.109887057486407,26.327869777950806,26.501651763916016,28000,0.0,0.0
2022-10-04 00:00:00+08:00,26.936104700475127,27.41400266933462,26.327869415283203,26.327869415283203,8000,0.0,0.0
2022-10-05 00:00:00+08:00,26.849213633792544,26.892659958218097,26.4147603333839,26.805768966674805,9000,0.0,0.0
2022-10-06 00:00:00+08:00,26.675434112548828,26.675434112548828,26.675434112548828,26.675434112548828,1000,0.0,0.0
2022-10-07 00:00:00+08:00,26.284424313947223,26.631986618041992,26.284424313947223,26.631986618041992,16000,0.0,0.0
2022-10-11 00:00:00+08:00,26.154089479410786,27.24022274967446,26.067198486328124,27.153331756591797,17000,0.0,0.0
2022-10-12 00:00:00+08:00,26.06719891776173,26.849214553833008,25.893416928720168,26.849214553833008,13000,0.0,0.0
2022-10-13 00:00:00+08:00,25.936861205722266,26.023752193378993,24.89417266845703,24.89417266845703,12000,0.0,0.0
2022-10-14 00:00:00+08:00,25.63274489977279,26.023753535743303,25.111400604248047,25.111400604248047,4000,0.0,0.0
2022-10-17 00:00:00+08:00,24.633502669394986,25.893416256668257,23.981822713365002,25.763080596923828,5000,0.0,0.0
2022-10-18 00:00:00+08:00,25.632743226379908,25.8499698638916,24.67694568986691,25.8499698638916,6000,0.0,0.0
2022-10-19 00:00:00+08:00,25.84997203748715,25.84997203748715,24.894174420605886,25.45896339416504,6000,0.0,0.0
2022-10-20 00:00:00+08:00,25.632744937179396,25.763080596923828,25.198291633159407,25.763080596923828,3000,0.0,0.0
2022-10-21 00:00:00+08:00,25.893417358398438,25.893417358398438,25.893417358398438,25.893417358398438,1000,0.0,0.0
2022-10-24 00:00:00+08:00,26.37131690979004,26.37131690979004,26.37131690979004,26.37131690979004,1000,0.0,0.0
2022-10-25 00:00:00+08:00,25.502408433445456,26.067197378518465,25.198290799234517,24.50316619873047,5000,0.0,0.0
2022-10-26 00:00:00+08:00,26.936105548353787,26.936105548353787,26.849214553833008,26.849214553833008,3000,0.0,0.0
2022-10-27 00:00:00+08:00,26.849214553833008,26.849214553833008,26.849214553833008,26.849214553833008,0,0.0,0.0
2022-10-28 00:00:00+08:00,26.06719889812816,26.197534561157227,25.63274558315936,26.197534561157227,6000,0.0,0.0
2022-10-31 00:00:00+08:00,26.15408978235279,26.15408978235279,25.632745475125947,26.023754119873047,5000,0.0,0.0
2022-11-01 00:00:00+08:00,25.198291986893032,25.93686294555664,25.198291986893032,25.93686294555664,2000,0.0,0.0
2022-11-02 00:00:00+08:00,25.80652618408203,25.80652618408203,25.372072892480027,25.80652618408203,4000,0.0,0.0
2022-11-03 00:00:00+08:00,25.893415635186166,25.98030662536621,25.84997096875004,25.98030662536621,5000,0.0,0.0
2022-11-04 00:00:00+08:00,25.893415635186166,25.98030662536621,25.893415635186166,25.98030662536621,9000,0.0,0.0
2022-11-07 00:00:00+08:00,26.284423828125,26.284423828125,26.284423828125,26.284423828125,3000,0.0,0.0
2022-11-08 00:00:00+08:00,26.284423828125,26.284423828125,26.284423828125,26.284423828125,1000,0.0,0.0
2022-11-09 00:00:00+08:00,26.284424448013304,26.588542087137828,26.067197799682617,26.067197799682617,6000,0.0,0.0
2022-11-10 00:00:00+08:00,26.41475985312218,26.458206176757812,26.41475985312218,26.458206176757812,2000,0.0,0.0
2022-11-11 00:00:00+08:00,27.24022306519711,27.544340715855096,25.893416800085436,26.023754119873047,18000,0.0,0.0
2022-11-14 00:00:00+08:00,26.41476121864163,26.458207544523233,26.02375422955443,26.197534561157227,14000,0.0,0.0
2022-11-15 00:00:00+08:00,28.804256439208984,28.804256439208984,28.804256439208984,28.804256439208984,59000,0.0,0.0
2022-11-16 00:00:00+08:00,31.671646118164062,31.671646118164062,31.45441946895116,31.671646118164062,315000,0.0,0.0
2022-11-17 00:00:00+08:00,32.14954663350347,34.71282196044922,31.454421963810354,34.71282196044922,281000,0.0,0.0
2022-11-18 00:00:00+08:00,36.40718808646887,36.40718808646887,33.27912231874384,33.322566986083984,192000,0.0,0.0
2022-11-21 00:00:00+08:00,35.1907156430758,35.1907156430758,32.67088529587356,33.88735580444336,105000,0.0,0.0
2022-11-22 00:00:00+08:00,35.36449967943734,35.36449967943734,33.53979381020898,33.80046844482422,64000,0.0,0.0
2022-11-23 00:00:00+08:00,34.49559028963418,34.49559028963418,33.49634644311503,33.539791107177734,40000,0.0,0.0
2022-11-24 00:00:00+08:00,33.10533911661758,33.27912109419929,32.149543211841475,32.27988052368164,88000,0.0,0.0
2022-11-25 00:00:00+08:00,32.67088861645357,33.40946125551441,32.23643529275277,32.41021728515625,35000,0.0,0.0
2022-11-28 00:00:00+08:00,32.41021439089653,33.192231629569484,31.67164513240636,31.715089797973633,83000,0.0,0.0
2022-11-29 00:00:00+08:00,31.454420355169372,31.671647010502564,30.23794975945721,31.063411712646484,80000,0.0,0.0
2022-11-30 00:00:00+08:00,31.19374596126347,31.715088556900614,31.019963991179292,31.410972595214844,28000,0.0,0.0
2022-12-01 00:00:00+08:00,30.107613908927917,31.801979064941406,30.107613908927917,31.801979064941406,58000,0.0,0.0
2022-12-02 00:00:00+08:00,30.933072325890638,32.10609817504883,30.933072325890638,32.10609817504883,35000,0.0,0.0
2022-12-05 00:00:00+08:00,30.93307448748591,31.715091774905204,30.93307448748591,31.628202438354492,49000,0.0,0.0
2022-12-06 00:00:00+08:00,31.193747487937213,31.628200777102826,31.193747487937213,31.237192153930664,14000,0.0,0.0
2022-12-07 00:00:00+08:00,31.193747047935698,31.193747047935698,30.1510585057227,30.41172981262207,51000,0.0,0.0
2022-12-08 00:00:00+08:00,30.411729876598375,31.063409802525484,30.324840545654297,30.324840545654297,15000,0.0,0.0
2022-12-09 00:00:00+08:00,31.106854337493147,31.106854337493147,30.498619079589844,30.498619079589844,29000,0.0,0.0
2022-12-12 00:00:00+08:00,30.28139256556675,30.62895651857408,30.237947900094714,30.324840545654297,9000,0.0,0.0
2022-12-13 00:00:00+08:00,30.411730549193535,31.01996582310052,30.064166588499376,30.759294509887695,15000,0.0,0.0
2022-12-14 00:00:00+08:00,30.67240173172105,30.933073043823242,30.62895706547328,30.933073043823242,6000,0.0,0.0
2022-12-15 00:00:00+08:00,30.672401184046116,30.672401184046116,30.237947900094714,30.324840545654297,28000,0.0,0.0
2022-12-16 00:00:00+08:00,31.237194320777633,31.237194320777633,30.15106102252122,30.19450569152832,20000,0.0,0.0
2022-12-19 00:00:00+08:00,30.194504151034504,30.3682861328125,30.15105948424391,30.3682861328125,14000,0.0,0.0
2022-12-20 00:00:00+08:00,30.324840545654297,30.455174542070413,29.97727659264697,30.324840545654297,23000,0.0,0.0
2022-12-21 00:00:00+08:00,30.759294509887695,30.759294509887695,30.715846528839236,30.759294509887695,6000,0.0,0.0
2022-12-22 00:00:00+08:00,30.84618476477738,31.10685608578194,30.41173145823122,30.8027400970459,20000,0.0,0.0
2022-12-23 00:00:00+08:00,30.71584800409077,30.71584800409077,30.237950021145025,30.67240333557129,11000,0.0,0.0
2022-12-26 00:00:00+08:00,30.237948504247882,30.84618377685547,30.237948504247882,30.84618377685547,2000,0.0,0.0
2022-12-27 00:00:00+08:00,30.71584701538086,30.71584701538086,30.71584701538086,30.71584701538086,1000,0.0,0.0
2022-12-28 00:00:00+08:00,30.672401184046116,31.019965137053443,30.324840545654297,30.324840545654297,12000,0.0,0.0
2022-12-29 00:00:00+08:00,30.41172981262207,30.41172981262207,30.41172981262207,30.41172981262207,4000,0.0,0.0
2022-12-30 00:00:00+08:00,31.01996803283691,31.01996803283691,31.01996803283691,31.019968032836914,1000,0.0,0.0
2023-01-03 00:00:00+08:00,29.977276529584614,30.41172981262207,29.977276529584614,30.41172981262207,12000,0.0,0.0
2023-01-04 00:00:00+08:00,30.020720811484896,30.36828475932133,29.369040895253175,29.499378204345703,19000,0.0,0.0
2023-01-05 00:00:00+08:00,29.629714408482386,30.28139437331366,29.629714408482386,29.760051727294922,7000,0.0,0.0
2023-01-06 00:00:00+08:00,29.977277073350994,30.28139305114746,29.369041803142498,30.28139305114746,18000,0.0,0.0
2023-01-09 00:00:00+08:00,30.542070388793945,31.193750383024692,30.455177734127002,30.542070388793945,25000,0.0,0.0
2023-01-10 00:00:00+08:00,30.585511724784883,30.585511724784883,30.498619079589844,30.498619079589844,8000,0.0,0.0
2023-01-11 00:00:00+08:00,30.802739993801104,30.802739993801104,30.23794937133789,30.23794937133789,2000,0.0,0.0
2023-01-12 00:00:00+08:00,29.716605815807828,30.19450377376444,29.542823836201176,30.933073043823242,13000,0.0,0.0
2023-01-13 00:00:00+08:00,29.629714081288817,30.23794937133789,29.369042761157978,30.23794937133789,13000,0.0,0.0
2023-01-16 00:00:00+08:00,30.23794783648399,30.41172981262207,29.933831864203967,30.41172981262207,10000,0.0,0.0
2023-01-17 00:00:00+08:00,30.41172981262207,30.41172981262207,30.368285147241426,30.41172981262207,4000,0.0,0.0
2023-01-30 00:00:00+08:00,30.93307242642082,30.93307242642082,30.41172981262207,30.41172981262207,8000,0.0,0.0
2023-01-31 00:00:00+08:00,31.28063700303654,31.28063700303654,30.455175085866628,30.933073043823242,4000,0.0,0.0
2023-02-01 00:00:00+08:00,30.4551758704204,31.32408247622193,30.4551758704204,31.193748474121094,21000,0.0,0.0
2023-02-02 00:00:00+08:00,30.672403138762256,31.150301118641575,30.672403138762256,30.97652244567871,3000,0.0,0.0
2023-02-03 00:00:00+08:00,31.237193769738727,31.280638437979444,30.97652244567871,30.97652244567871,12000,0.0,0.0
2023-02-06 00:00:00+08:00,30.933075379165704,31.01996803283691,30.802741370582613,31.019968032836914,8000,0.0,0.0
2023-02-07 00:00:00+08:00,30.846183842753444,31.01996582310052,30.672401862406364,30.759294509887695,17000,0.0,0.0
2023-02-08 00:00:00+08:00,30.585513443772818,30.8027400970459,30.49862079369418,30.8027400970459,21000,0.0,0.0
2023-02-09 00:00:00+08:00,31.106855392456055,31.106855392456055,31.106855392456055,31.106855392456055,1000,0.0,0.0
2023-02-10 00:00:00+08:00,31.106854841334762,31.237192153930664,30.933072862745405,31.237192153930664,10000,0.0,0.0
2023-02-13 00:00:00+08:00,31.019965509347855,31.237192153930664,30.976520843354404,31.237192153930664,8000,0.0,0.0
2023-02-14 00:00:00+08:00,31.106857371892303,31.106857371892303,31.01996803283691,31.019968032836914,12000,0.0,0.0
2023-02-15 00:00:00+08:00,31.28063644995503,31.801979064941406,31.01996514246184,31.801979064941406,16000,0.0,0.0
2023-02-16 00:00:00+08:00,31.28063803597943,32.23643398345475,31.28063803597943,31.541309356689453,15000,0.0,0.0
2023-02-17 00:00:00+08:00,31.758536733322543,32.01920805997186,31.584754744017747,31.888874053955078,18000,0.0,0.0
2023-02-20 00:00:00+08:00,31.888873743126553,33.10534102717142,31.888873743126553,33.01845169067383,53000,0.0,0.0
2023-02-21 00:00:00+08:00,33.105343585438405,33.32257025808463,32.236436894853504,32.80122756958008,17000,0.0,0.0
2023-02-22 00:00:00+08:00,32.58399835368931,32.58399835368931,32.36677169799805,32.36677169799805,17000,0.0,0.0
2023-02-23 00:00:00+08:00,32.32332760315285,33.01845225077226,32.149545612594046,32.88811492919922,40000,0.0,0.0
2023-02-24 00:00:00+08:00,32.7143366005163,32.7143366005163,32.14954595385893,32.41021728515625,15000,0.0,0.0
2023-03-01 00:00:00+08:00,32.58400089693385,33.71357893177103,32.32332955268158,32.80122756958008,56000,0.0,0.0
2023-03-02 00:00:00+08:00,32.5839965605322,32.93156051635742,32.19298793888271,32.93156051635742,24000,0.0,0.0
2023-03-03 00:00:00+08:00,32.931564899014205,33.45290758751876,32.80122756958008,32.80122756958008,33000,0.0,0.0
2023-03-06 00:00:00+08:00,33.10533696262692,36.059620445449646,33.10533696262692,35.929283142089844,319000,0.0,0.0
2023-03-07 00:00:00+08:00,34.66937657182302,34.756265910753584,33.366016600169765,33.71357727050781,154000,0.0,0.0
2023-03-08 00:00:00+08:00,33.23567804400957,34.23492197771496,33.23567804400957,34.14802932739258,47000,0.0,0.0
2023-03-09 00:00:00+08:00,34.1480277261321,34.84315232303709,33.36601379759481,34.40869903564453,100000,0.0,0.0
2023-03-10 00:00:00+08:00,34.40870172876045,35.27760837155355,33.45290574753436,34.669376373291016,87000,0.0,0.0
2023-03-13 00:00:00+08:00,34.71281769850033,34.71281769850033,33.88735580444336,33.88735580444336,31000,0.0,0.0
2023-03-14 00:00:00+08:00,33.887356109274755,34.27836472730487,33.40945816040039,33.40945816040039,16000,0.0,0.0
2023-03-15 00:00:00+08:00,33.40945912947119,34.104583740234375,33.10533983346407,34.104583740234375,18000,0.0,0.0
2023-03-16 00:00:00+08:00,34.104583740234375,34.104583740234375,34.104583740234375,34.104583740234375,0,0.0,0.0
2023-03-17 00:00:00+08:00,34.0611390735521,34.66937435095074,32.97500583341725,34.104583740234375,64000,0.0,0.0
2023-03-20 00:00:00+08:00,32.67088476934411,34.104581894580285,32.67088476934411,34.01769256591797,39000,0.0,0.0
2023-03-21 00:00:00+08:00,33.8873561764278,34.1480274840926,33.27912091546625,34.06113815307617,44000,0.0,0.0
2023-03-22 00:00:00+08:00,33.71357705606678,33.887359047438345,33.36601638793945,33.36601638793945,21000,0.0,0.0
2023-03-23 00:00:00+08:00,33.36601604656199,33.84391403198242,33.192234056968445,33.84391403198242,8000,0.0,0.0
2023-03-24 00:00:00+08:00,34.32181220803959,34.32181220803959,32.88811492919922,32.88811492919922,41000,0.0,0.0
2023-03-27 00:00:00+08:00,32.88811437131172,33.40946033414443,32.62744304720323,33.01845169067383,12000,0.0,0.0
2023-03-28 00:00:00+08:00,33.2356777871837,33.27912245470133,32.149544526164625,33.14878845214844,15000,0.0,0.0
2023-03-29 00:00:00+08:00,32.7143349753125,32.7143349753125,32.6708869934082,32.6708869934082,4000,0.0,0.0
2023-03-30 00:00:00+08:00,32.7577784104414,33.10533905029297,32.14954314743175,33.10533905029297,15000,0.0,0.0
2023-03-31 00:00:00+08:00,33.01844924535507,33.88735580444336,33.01844924535507,33.88735580444336,6000,0.0,0.0
2023-04-06 00:00:00+08:00,34.06113815307617,34.06113815307617,34.06113815307617,34.06113815307617,1000,0.0,0.0
2023-04-07 00:00:00+08:00,32.1495447138538,33.409459966914454,32.10610004608254,32.844669342041016,33000,0.0,0.0
2023-04-10 00:00:00+08:00,32.975006252981764,32.975006252981764,31.932317666262318,32.01920700073242,5000,0.0,0.0
2023-04-11 00:00:00+08:00,32.97500480900313,32.97500480900313,31.71508962666459,32.75777816772461,5000,0.0,0.0
2023-04-12 00:00:00+08:00,31.801979492575505,32.62744140625,31.801979492575505,32.62744140625,10000,0.0,0.0
2023-04-13 00:00:00+08:00,32.62744140625,32.62744140625,32.62744140625,32.62744140625,0,0.0,0.0
2023-04-14 00:00:00+08:00,32.7143351114354,32.7143351114354,31.758535854029933,32.497108459472656,4000,0.0,0.0
2023-04-17 00:00:00+08:00,32.62744140625,32.62744140625,32.62744140625,32.62744140625,1000,0.0,0.0
2023-04-18 00:00:00+08:00,34.75626267617923,34.75626267617923,32.497106928073784,33.40945816040039,7000,0.0,0.0
2023-04-19 00:00:00+08:00,33.40946125551441,33.40946125551441,31.280639306457342,32.41021728515625,16000,0.0,0.0
2023-04-20 00:00:00+08:00,31.454420355169372,31.541309691456362,29.28215380183745,31.063411712646484,18000,0.0,0.0
2023-04-21 00:00:00+08:00,31.932318996560987,31.932318996560987,31.063412357198782,31.497865676879883,3000,0.0,0.0
2023-04-24 00:00:00+08:00,32.14954431705322,32.14954431705322,31.541309031915567,32.01920700073242,8000,0.0,0.0
2023-04-25 00:00:00+08:00,31.932315683542,31.932315683542,29.586267337746442,31.367525100708008,8000,0.0,0.0
2023-04-26 00:00:00+08:00,31.32408033227725,31.32408033227725,31.32408033227725,29.977275848388672,1000,0.0,0.0
2023-04-27 00:00:00+08:00,30.23794943973839,31.019966716515565,30.02072278670203,30.151060104370117,5000,0.0,0.0
2023-04-28 00:00:00+08:00,30.802738989018554,30.802738989018554,29.977277073350994,30.28139305114746,8000,0.0,0.0
2023-05-02 00:00:00+08:00,30.368287753834046,30.368287753834046,29.542825782288133,30.107616424560547,3000,0.0,0.0
2023-05-03 00:00:00+08:00,30.194504053443623,30.194504053443623,28.847699499594437,29.064926147460938,13000,0.0,0.0
2023-05-04 00:00:00+08:00,29.542825014536614,29.629714350497796,27.3705584693501,28.45669174194336,31000,0.0,0.0
2023-05-05 00:00:00+08:00,27.71812049698486,28.23946479387175,27.71812049698486,28.196020126342773,7000,0.0,0.0
2023-05-08 00:00:00+08:00,29.0214813782037,29.0214813782037,27.718119838305004,27.761566162109375,13000,0.0,0.0
2023-05-09 00:00:00+08:00,27.761567081332487,28.1525757219797,27.761567081332487,27.805011749267578,8000,0.0,0.0
2023-05-10 00:00:00+08:00,27.457449433863303,27.805011749267578,27.414003108620363,27.805011749267578,6000,0.0,0.0
2023-05-11 00:00:00+08:00,28.282909461400727,28.36980211107435,27.370558184829545,28.196020126342773,20000,0.0,0.0
2023-05-12 00:00:00+08:00,28.196020389914793,29.36904299724074,27.805011749267578,27.805011749267578,4000,0.0,0.0
2023-05-15 00:00:00+08:00,27.805011268748377,27.89190060311696,26.414760373849393,27.457448959350586,16000,0.0,0.0
2023-05-16 00:00:00+08:00,26.71887826957982,27.2836672348736,26.71887826957982,27.06644058227539,7000,0.0,0.0
2023-05-17 00:00:00+08:00,26.50165158198572,26.762322901836214,26.28442492967436,26.41476058959961,21000,0.0,0.0
2023-05-18 00:00:00+08:00,27.196776424479204,27.196776424479204,27.153331756591797,27.153331756591797,2000,0.0,0.0
2023-05-19 00:00:00+08:00,27.19677608849339,27.19677608849339,27.19677608849339,26.24098014831543,1000,0.0,0.0
2023-05-22 00:00:00+08:00,26.32786952077518,27.10988679267189,26.32786952077518,26.89266014099121,11000,0.0,0.0
2023-05-23 00:00:00+08:00,26.32786916174223,26.7188777923584,26.32786916174223,26.7188777923584,6000,0.0,0.0
2023-05-24 00:00:00+08:00,26.93610444107676,26.93610444107676,26.50165114364004,26.7188777923584,13000,0.0,0.0
2023-05-25 00:00:00+08:00,27.0229960645038,27.0229960645038,26.501651763916016,26.501651763916016,14000,0.0,0.0
2023-05-26 00:00:00+08:00,26.892660879747332,26.892660879747332,26.501652233057758,26.849214553833008,6000,0.0,0.0
2023-05-29 00:00:00+08:00,27.109886169433594,27.109886169433594,27.066439845711564,27.109886169433594,6000,0.0,0.0
2023-05-30 00:00:00+08:00,27.196775372969295,27.67467498779297,27.196775372969295,27.67467498779297,4000,0.0,0.0
2023-05-31 00:00:00+08:00,27.761565729845202,27.761565729845202,26.892659154980663,26.93610382080078,14000,0.0,0.0
2023-06-01 00:00:00+08:00,27.283666370625813,27.283666370625813,26.41475978775679,26.545095443725586,9000,0.0,0.0
2023-06-02 00:00:00+08:00,27.109887088704387,27.153331756591797,27.109887088704387,27.153331756591797,3000,0.0,0.0
2023-06-05 00:00:00+08:00,27.978794540297326,27.978794540297326,26.371316920849964,27.02299690246582,21000,0.0,0.0
2023-06-06 00:00:00+08:00,26.979548112874877,26.979548112874877,26.327868190754153,26.76232147216797,10000,0.0,0.0
2023-06-07 00:00:00+08:00,26.805769226683186,26.805769226683186,26.37131592206047,26.41476058959961,8000,0.0,0.0
2023-06-08 00:00:00+08:00,26.240980621239473,26.588542938232422,26.240980621239473,26.588542938232422,3000,0.0,0.0
2023-06-09 00:00:00+08:00,26.15408926974911,26.58854257437183,25.28518266050368,26.41476058959961,22000,0.0,0.0
2023-06-12 00:00:00+08:00,26.37131690979004,26.37131690979004,26.3278705833158,26.37131690979004,4000,0.0,0.0
2023-06-13 00:00:00+08:00,26.67543287606003,27.109886169433594,26.458206229373246,27.109886169433594,18000,0.0,0.0
2023-06-14 00:00:00+08:00,27.935348351027468,27.935348351027468,26.588542134588945,26.7188777923584,9000,0.0,0.0
2023-06-15 00:00:00+08:00,27.54433946280716,27.54433946280716,27.022995179297325,27.109886169433594,9000,0.0,0.0
2023-06-16 00:00:00+08:00,28.326354393720067,28.326354393720067,27.500894101798394,27.805011749267578,12000,0.0,0.0
2023-06-19 00:00:00+08:00,27.805011749267578,27.805011749267578,27.370558440685272,27.805011749267578,4000,0.0,0.0
2023-06-20 00:00:00+08:00,27.066439897009552,27.761566162109375,26.936104240212018,27.761566162109375,9000,0.0,0.0
2023-06-21 00:00:00+08:00,27.02299656226342,27.50089454650879,26.97955023631792,27.50089454650879,3000,0.0,0.0
2023-06-26 00:00:00+08:00,27.196777236511977,27.631230557589216,27.02299690246582,27.02299690246582,6000,0.0,0.0
2023-06-27 00:00:00+08:00,26.762322937176332,27.06644058227539,26.675433601983315,27.06644058227539,5000,0.0,0.0
2023-06-28 00:00:00+08:00,26.936104123931596,27.457448406178926,26.89265945762256,27.196775436401367,4000,0.0,0.0
2023-06-29 00:00:00+08:00,27.37055778503418,27.37055778503418,27.37055778503418,27.37055778503418,1000,0.0,0.0
2023-06-30 00:00:00+08:00,26.718877579383793,28.543580088227184,26.718877579383793,28.50013542175293,23000,0.0,0.0
2023-07-03 00:00:00+08:00,28.456690839374943,28.456690839374943,27.283666610717773,27.283666610717773,15000,0.0,0.0
2023-07-04 00:00:00+08:00,28.109126742054194,28.109126742054194,27.327112803123065,27.84845542907715,18000,0.0,0.0
2023-07-05 00:00:00+08:00,28.239463433881905,28.239463433881905,28.06568145751953,28.06568145751953,3000,0.0,0.0
2023-07-06 00:00:00+08:00,27.97879445570457,28.413247775468257,27.414003814165465,28.152576446533203,9000,0.0,0.0
2023-07-07 00:00:00+08:00,30.933073043823242,30.933073043823242,30.933073043823242,30.933073043823242,43000,0.0,0.0
2023-07-10 00:00:00+08:00,34.01769256591797,34.01769256591797,34.01769256591797,34.01769256591797,183000,0.0,0.0
2023-07-11 00:00:00+08:00,37.406429290771484,37.406429290771484,37.362984622737955,37.406429290771484,484000,0.0,0.0
2023-07-12 00:00:00+08:00,39.18768609318363,41.14272593116184,38.275334831716926,40.447601318359375,571000,0.0,0.0
2023-07-13 00:00:00+08:00,41.881300155956275,41.881300155956275,38.753234304636635,38.88357162475586,213000,0.0,0.0
2023-07-14 00:00:00+08:00,39.96970529419037,39.96970529419037,39.100798657360144,39.70903396606445,132000,0.0,0.0
2023-07-17 00:00:00+08:00,39.27458211281939,39.70903544744213,38.4056754435739,39.62214279174805,121000,0.0,0.0
2023-07-18 00:00:00+08:00,39.622138363281394,39.622138363281394,38.5360051481189,39.10079574584961,94000,0.0,0.0
2023-07-19 00:00:00+08:00,39.10079537290838,39.1442400381774,38.23188880906597,38.9270133972168,126000,0.0,0.0
2023-07-20 00:00:00+08:00,38.927015167668976,41.70751696134868,38.883570500424035,41.27306365966797,191000,0.0,0.0
2023-07-21 00:00:00+08:00,39.12138825145948,40.19722493601209,37.65433619202975,39.02358627319336,124000,5.3,0.0
2023-07-24 00:00:00+08:00,37.84994143843261,39.12138572842521,36.28508377075195,36.28508377075195,91000,0.0,0.0
2023-07-25 00:00:00+08:00,36.33399003677823,36.33399003677823,34.72023131431383,35.06254196166992,100000,0.0,0.0
2023-07-26 00:00:00+08:00,34.6224293381853,35.50265831606078,34.035606288695405,35.06254196166992,68000,0.0,0.0
2023-07-27 00:00:00+08:00,34.47572147842854,37.84994177356234,34.47572147842854,37.263118743896484,89000,0.0,0.0
2023-07-28 00:00:00+08:00,34.818034686973945,37.26312149732061,34.818034686973945,35.89387512207031,116000,0.0,0.0
2023-07-31 00:00:00+08:00,35.25815080757054,35.55156047653838,33.69329675247114,34.91584014892578,100000,0.0,0.0
2023-08-01 00:00:00+08:00,34.86693708767238,34.86693708767238,32.47075142680646,33.15537643432617,46000,0.0,0.0
2023-08-02 00:00:00+08:00,34.08450660241351,34.08450660241351,31.590518951416016,31.590518951416016,42000,0.0,0.0
2023-08-04 00:00:00+08:00,31.590519759370686,33.644394848120605,31.590519759370686,33.008670806884766,23000,0.0,0.0
2023-08-07 00:00:00+08:00,33.00867157736648,33.74219761241906,32.86196487799342,32.91086959838867,31000,0.0,0.0
2023-08-08 00:00:00+08:00,33.69329397545259,33.69329397545259,33.253177642822266,33.253177642822266,7000,0.0,0.0
2023-08-09 00:00:00+08:00,32.861962731112484,32.861962731112484,31.0036991355906,32.17734146118164,27000,0.0,0.0
2023-08-10 00:00:00+08:00,31.78612573218742,33.35097966048653,31.78612573218742,32.22624206542969,14000,0.0,0.0
2023-08-11 00:00:00+08:00,35.06254245624324,35.06254245624324,32.81306339540098,33.9867057800293,32000,0.0,0.0
2023-08-14 00:00:00+08:00,33.98670642143898,35.20924981789362,33.74219774214805,34.91584014892578,37000,0.0,0.0
2023-08-15 00:00:00+08:00,35.50265948686146,35.50265948686146,33.83999972150188,34.91584014892578,51000,0.0,0.0
2023-08-16 00:00:00+08:00,35.16034844063159,35.16034844063159,34.42682241084473,34.96474075317383,15000,0.0,0.0
2023-08-17 00:00:00+08:00,35.01364097360565,35.50265831606078,34.67133032624957,35.06254196166992,70000,0.0,0.0
2023-08-18 00:00:00+08:00,34.67133146963485,35.013642128279606,34.182314111052996,34.91584014892578,8000,0.0,0.0
2023-08-21 00:00:00+08:00,34.133411557861045,34.964739537007844,33.253178860371094,34.62242889404297,24000,0.0,0.0
2023-08-22 00:00:00+08:00,33.546589927816115,34.524624641343735,33.546589927816115,34.426822662353516,8000,0.0,0.0
2023-08-23 00:00:00+08:00,34.329014588221405,34.329014588221405,33.155375997541704,34.2312126159668,6000,0.0,0.0
2023-08-24 00:00:00+08:00,34.18231307978837,34.18231307978837,32.715261048303084,34.035606384277344,16000,0.0,0.0
2023-08-25 00:00:00+08:00,33.83999710117528,34.2312124501104,33.25317780867867,33.74219512939453,10000,0.0,0.0
2023-08-28 00:00:00+08:00,34.18231162983949,34.2312126159668,33.98670395442417,34.2312126159668,10000,0.0,0.0
2023-08-29 00:00:00+08:00,34.57352363601384,34.57352363601384,34.18231201171875,34.18231201171875,4000,0.0,0.0
2023-08-30 00:00:00+08:00,34.28011467003454,34.72023102070357,33.35098098104574,34.08450698852539,12000,0.0,0.0
2023-08-31 00:00:00+08:00,34.08450827407504,34.964741008612435,34.035607284579925,34.426822662353516,12000,0.0,0.0
2023-09-01 00:00:00+08:00,34.524624255550236,34.524624255550236,34.13341261305457,34.47572326660156,10000,0.0,0.0
2023-09-04 00:00:00+08:00,34.866939159248865,34.91584014892578,34.28011609040682,34.91584014892578,19000,0.0,0.0
2023-09-05 00:00:00+08:00,34.915837143583055,38.38785934448242,34.915837143583055,38.38785934448242,95000,0.0,0.0
2023-09-06 00:00:00+08:00,42.055489868010575,42.055489868010575,40.099420571824034,41.37086486816406,265000,0.0,0.0
2023-09-07 00:00:00+08:00,40.88185011464669,40.88185011464669,38.14335367397823,39.512603759765625,80000,0.0,0.0
2023-09-08 00:00:00+08:00,38.68126920397045,39.17028652318855,37.84994125366211,37.84994125366211,42000,0.0,0.0
2023-09-11 00:00:00+08:00,37.65433323798277,37.65433323798277,36.578496637831385,36.87190628051758,28000,0.0,0.0
2023-09-12 00:00:00+08:00,40.5395393371582,40.5395393371582,40.5395393371582,40.5395393371582,49000,0.0,0.0
2023-09-13 00:00:00+08:00,44.5494805664312,44.5494805664312,42.7890188238594,43.522544860839844,419000,0.0,0.0
2023-09-14 00:00:00+08:00,43.22913479570774,43.57144545079622,41.27306538170202,42.05549240112305,161000,0.0,0.0
2023-09-15 00:00:00+08:00,42.104391267603056,44.5494779118414,42.104391267603056,43.86485290527344,86000,0.0,0.0
2023-09-18 00:00:00+08:00,44.79398735912384,44.79398735912384,42.88681899710537,43.767051696777344,76000,0.0,0.0
2023-09-19 00:00:00+08:00,43.62034538564921,43.96265976337017,42.98462508000668,43.7181510925293,55000,0.0,0.0
2023-09-20 00:00:00+08:00,43.71814964782882,43.91375732421875,42.740114996785245,43.91375732421875,34000,0.0,0.0
2023-09-21 00:00:00+08:00,44.20716727401049,44.20716727401049,43.082425925298395,43.86485290527344,32000,0.0,0.0
2023-09-22 00:00:00+08:00,44.304971887437716,44.304971887437716,43.522544860839844,43.522544860839844,29000,0.0,0.0
2023-09-25 00:00:00+08:00,41.71317935937072,44.06046028333162,41.71317935937072,43.91375732421875,34000,0.0,0.0
2023-09-26 00:00:00+08:00,43.913759983662864,44.207169650563785,43.864855263424104,44.060462951660156,33000,0.0,0.0
2023-09-27 00:00:00+08:00,43.57144220120649,44.20716620570812,43.522541215684676,44.011558532714844,19000,0.0,0.0
2023-09-28 00:00:00+08:00,43.76705315273389,43.76705315273389,43.13132910061098,43.57144546508789,24000,0.0,0.0
2023-10-02 00:00:00+08:00,43.57144263093974,44.01155896678885,42.93572235107422,42.93572235107422,48000,0.0,0.0
2023-10-03 00:00:00+08:00,42.93572248601059,42.93572248601059,42.055489811546025,42.39780044555664,22000,0.0,0.0
2023-10-04 00:00:00+08:00,40.83294926506646,42.05549265623611,40.83294926506646,41.517574310302734,17000,0.0,0.0
2023-10-05 00:00:00+08:00,40.588438271065435,41.468670954848584,40.53953728438996,41.321964263916016,25000,0.0,0.0
2023-10-06 00:00:00+08:00,40.78404827040553,40.930751238783394,39.6104058688509,40.00162124633789,37000,0.0,0.0
2023-10-11 00:00:00+08:00,40.00162051087451,41.61537551879883,40.00162051087451,41.61537551879883,35000,0.0,0.0
2023-10-12 00:00:00+08:00,45.77202224731445,45.77202224731445,45.77202224731445,45.77202224731445,102000,0.0,0.0
2023-10-13 00:00:00+08:00,50.2709846496582,50.2709846496582,50.2709846496582,50.2709846496582,142000,0.0,0.0
2023-10-16 00:00:00+08:00,55.25896072387695,55.25896072387695,53.694106691315525,55.25896072387695,1330000,0.0,0.0
2023-10-17 00:00:00+08:00,55.845777014934875,57.704044342041016,51.249017145293784,57.704044342041016,881000,0.0,0.0
2023-10-18 00:00:00+08:00,56.921617409968285,60.7359503086887,54.47653078351695,60.24693298339844,511000,0.0,0.0
2023-10-19 00:00:00+08:00,60.24693276912261,60.63814812032585,55.84577685716347,57.21502685546875,311000,0.0,0.0
2023-10-20 00:00:00+08:00,62.30080861776526,62.59421826972336,58.290864271317425,59.66011428833008,605000,0.0,0.0
2023-10-23 00:00:00+08:00,58.0952624826632,58.77988378570266,55.258960369562104,56.823814392089844,283000,0.0,0.0
2023-10-24 00:00:00+08:00,57.606243009009354,62.2030029296875,55.74797566127119,62.2030029296875,321000,0.0,0.0
2023-10-25 00:00:00+08:00,61.713988676190695,65.52832553554781,60.149134633375965,64.84370422363281,234000,0.0,0.0
2023-10-26 00:00:00+08:00,63.5722531147262,66.0173397729849,62.985433809106574,65.23490905761719,154000,0.0,0.0
2023-10-27 00:00:00+08:00,66.50635902378079,66.50635902378079,60.442543190137165,63.47445297241211,270000,0.0,0.0
2023-10-30 00:00:00+08:00,62.496416312629634,63.47445097335369,62.2030029296875,62.2030029296875,65000,0.0,0.0
2023-10-31 00:00:00+08:00,61.71398648733142,65.82173659856647,61.71398648733142,65.1371078491211,217000,0.0,0.0
2023-11-01 00:00:00+08:00,65.1371078491211,65.23490982423831,63.67005583692551,65.1371078491211,166000,0.0,0.0
2023-11-02 00:00:00+08:00,64.35468470760651,69.92947937972691,64.35468470760651,68.16901397705078,339000,0.0,0.0
2023-11-03 00:00:00+08:00,67.7778091430664,68.46243046297101,65.82173970126723,67.7778091430664,196000,0.0,0.0
2023-11-06 00:00:00+08:00,67.67999866607957,67.97341206258557,66.70196396014309,66.89757537841797,201000,0.0,0.0
2023-11-07 00:00:00+08:00,66.89757614927997,66.89757614927997,65.82173945271548,66.79977416992188,92000,0.0,0.0
2023-11-08 00:00:00+08:00,66.40855674774363,66.50635872409305,61.127167944938456,62.49641799926758,284000,0.0,0.0
2023-11-09 00:00:00+08:00,62.59421810433884,62.59421810433884,56.33479480154251,59.17109680175781,409000,0.0,0.0
2023-11-10 00:00:00+08:00,58.19306178991491,58.19306178991491,55.25895783412088,55.65017318725586,163000,0.0,0.0
2023-11-13 00:00:00+08:00,54.37872604670003,61.127166748046875,54.37872604670003,61.127166748046875,426000,0.0,0.0
2023-11-14 00:00:00+08:00,57.7040450088209,57.7040450088209,55.063350677490234,55.063350677490234,439000,0.0,0.0
2023-11-15 00:00:00+08:00,54.2809261341493,54.2809261341493,49.58636029575548,50.173179626464844,698000,0.0,0.0
2023-11-16 00:00:00+08:00,49.78196730377011,50.66219628782491,48.75502789268011,50.2709846496582,319000,0.0,0.0
2023-11-17 00:00:00+08:00,50.56439245348146,50.85780210405439,49.39075012028359,49.48855209350586,270000,0.0,0.0
2023-11-20 00:00:00+08:00,49.68416054012562,50.07537590088421,49.097341229893914,49.390750885009766,152000,0.0,0.0
2023-11-21 00:00:00+08:00,49.39075073242188,49.781966091971846,48.9017333984375,48.9017333984375,138000,0.0,0.0
2023-11-22 00:00:00+08:00,48.9995357569911,49.390751119607906,48.314914468771,48.85283279418945,201000,0.0,0.0
2023-11-23 00:00:00+08:00,48.999535692598705,49.19514337365005,46.06543166954714,46.309940338134766,437000,0.0,0.0
2023-11-24 00:00:00+08:00,46.945666063733704,47.04346804233728,46.35884673029957,46.603355407714844,168000,0.0,0.0
2023-11-27 00:00:00+08:00,47.67919170244978,47.67919170244978,46.45664832546389,46.65225601196289,100000,0.0,0.0
2023-11-28 00:00:00+08:00,46.798957971014126,47.434682005721335,46.65225500747831,47.2879753112793,72000,0.0,0.0
2023-11-29 00:00:00+08:00,47.630289213453075,51.93363952636719,47.630289213453075,51.93363952636719,510000,0.0,0.0
2023-11-30 00:00:00+08:00,52.03144492324704,52.03144492324704,49.684160234926715,50.955604553222656,495000,0.0,0.0
2023-12-01 00:00:00+08:00,51.15121138676946,51.15121138676946,49.39074976508623,50.56439208984375,200000,0.0,0.0
2023-12-04 00:00:00+08:00,50.36878408445123,50.955603377538715,49.19514176737018,49.58635711669922,233000,0.0,0.0
2023-12-05 00:00:00+08:00,48.90173378179,50.1731781139353,48.4127164439721,48.85283279418945,147000,0.0,0.0
2023-12-06 00:00:00+08:00,48.901734852338656,49.390752200862046,48.5594242007348,48.70612716674805,79000,0.0,0.0
2023-12-07 00:00:00+08:00,49.09734278905582,49.29295047564695,47.38578206046956,48.168209075927734,137000,0.0,0.0
2023-12-08 00:00:00+08:00,48.168208938989885,48.31491563624272,47.09237226215669,47.67919158935547,80000,0.0,0.0
2023-12-11 00:00:00+08:00,47.92369763666842,50.27098227858196,47.92369763666842,50.075374603271484,190000,0.0,0.0
2023-12-12 00:00:00+08:00,51.93363819145579,52.03144389456407,48.80393031011252,50.075374603271484,210000,0.0,0.0
2023-12-13 00:00:00+08:00,50.173178027586566,50.760001070501836,49.0973413786012,49.87976837158203,165000,0.0,0.0
2023-12-14 00:00:00+08:00,50.07537433906906,51.8358359457628,49.87976666479062,51.640228271484375,439000,0.0,0.0
2023-12-15 00:00:00+08:00,52.32485371152699,52.716069063414864,49.292947792567304,50.56439208984375,305000,0.0,0.0
2023-12-18 00:00:00+08:00,50.76000255116631,50.76000255116631,48.99953710197408,49.68416213989258,159000,0.0,0.0
2023-12-19 00:00:00+08:00,49.87976996111016,50.564395000875294,49.48855458669971,50.173179626464844,158000,0.0,0.0
2023-12-20 00:00:00+08:00,50.173179080994586,51.34682146056007,50.173179080994586,50.76000213623047,128000,0.0,0.0
2023-12-21 00:00:00+08:00,50.27098519131862,52.32485657381617,49.97757179589928,52.227054595947266,493000,0.0,0.0
2023-12-22 00:00:00+08:00,51.93363884522104,53.20508688529168,51.34681954280854,52.03144454956055,191000,0.0,0.0
2023-12-25 00:00:00+08:00,52.8138739340155,52.8138739340155,48.217110086169924,49.68416213989258,373000,0.0,0.0
2023-12-26 00:00:00+08:00,49.48855458669971,50.66219697902475,47.239075511105426,50.173179626464844,355000,0.0,0.0
2023-12-27 00:00:00+08:00,48.90173523869347,49.0973429258295,47.9237005339196,48.6572265625,255000,0.0,0.0
2023-12-28 00:00:00+08:00,48.21710763097037,49.488551933273875,47.776991291082894,48.999534606933594,170000,0.0,0.0
2023-12-29 00:00:00+08:00,49.09734307306857,53.49849925774971,49.09734307306857,50.66219711303711,1021000,0.0,0.0
2024-01-02 00:00:00+08:00,49.781967840161464,52.618266238329205,47.38578207331011,52.227054595947266,617000,0.0,0.0
2024-01-03 00:00:00+08:00,49.58636002559935,50.56439472539063,48.657226314616366,49.19514465332031,366000,0.0,0.0
2024-01-04 00:00:00+08:00,48.803930499921236,49.879767121953876,48.41271514777876,48.51051712036133,168000,0.0,0.0
2024-01-05 00:00:00+08:00,48.51051717997203,49.29294788521844,47.48358154296875,47.48358154296875,245000,0.0,0.0
2024-01-08 00:00:00+08:00,47.33687825565713,47.434680227681675,45.234102278974795,46.50554656982422,315000,0.0,0.0
2024-01-09 00:00:00+08:00,46.50554695199029,46.994564277943724,46.016529626036856,46.45664596557617,84000,0.0,0.0
2024-01-10 00:00:00+08:00,46.45664665518767,48.657224654643926,46.1632370014414,47.385780334472656,142000,0.0,0.0
2024-01-11 00:00:00+08:00,46.11433570952107,47.38578002128907,46.11433570952107,46.407745361328125,101000,0.0,0.0
2024-01-12 00:00:00+08:00,46.50554942963825,47.287976446667415,45.62532043457031,45.62532043457031,121000,0.0,0.0
2024-01-15 00:00:00+08:00,45.23410271135866,46.163236378097515,45.087396021013426,45.429710388183594,127000,0.0,0.0
2024-01-16 00:00:00+08:00,45.429709719541925,45.57641267682184,43.18023079642863,43.47364044189453,330000,0.0,0.0
2024-01-17 00:00:00+08:00,43.473643608435445,43.71815228595093,42.15329451130799,42.54450988769531,69000,0.0,0.0
2024-01-18 00:00:00+08:00,43.4736400938947,43.4736400938947,40.29502754316199,40.44173049926758,404000,0.0,0.0
2024-01-19 00:00:00+08:00,41.077454546174295,42.006588192804685,40.979652575331535,41.46866989135742,150000,0.0,0.0
2024-01-22 00:00:00+08:00,42.05548934916999,42.34889899379694,41.56647203115638,41.95768737792969,81000,0.0,0.0
2024-01-23 00:00:00+08:00,42.05548983890122,43.424739837646484,42.05548983890122,43.424739837646484,83000,0.0,0.0
2024-01-24 00:00:00+08:00,43.96265781018287,43.96265781018287,42.44670486450195,42.44670486450195,116000,0.0,0.0
2024-01-25 00:00:00+08:00,43.52254446162734,43.52254446162734,42.05549240112305,42.05549240112305,51000,0.0,0.0
2024-01-26 00:00:00+08:00,41.71318186679575,42.05549252287522,40.93075111420324,41.02855682373047,97000,0.0,0.0
2024-01-29 00:00:00+08:00,41.07745553520952,42.54450751860986,40.490636234211834,42.348899841308594,78000,0.0,0.0
2024-01-30 00:00:00+08:00,42.54450696927855,42.642308941213315,41.56647232630663,41.908782958984375,38000,0.0,0.0
2024-01-31 00:00:00+08:00,41.8598848347271,42.00659153356477,40.979655834420015,41.02855682373047,64000,0.0,0.0
2024-02-01 00:00:00+08:00,41.02855368789172,41.321963332235256,40.930747985839844,40.930747985839844,55000,0.0,0.0
2024-02-02 00:00:00+08:00,41.077455825669254,41.41976646518737,40.588438494411285,40.7840461730957,22000,0.0,0.0
2024-02-05 00:00:00+08:00,40.881849992126,41.810983709632424,40.00162099467753,40.5395393371582,61000,0.0,0.0
2024-02-15 00:00:00+08:00,40.39282984756586,41.41976547241211,40.39282984756586,41.41976547241211,53000,0.0,0.0
2024-02-16 00:00:00+08:00,44.59837794554213,45.52751159667969,43.033524019030715,45.52751159667969,490000,0.0,0.0
2024-02-19 00:00:00+08:00,45.6742189902319,47.92369794343647,45.087395960544114,46.45664596557617,459000,0.0,0.0
2024-02-20 00:00:00+08:00,46.65225486162985,47.58138855141017,45.03849615143738,46.79895782470703,300000,0.0,0.0
2024-02-21 00:00:00+08:00,46.798958731848394,47.8258981478257,46.1143374290719,47.1901741027832,201000,0.0,0.0
2024-02-22 00:00:00+08:00,47.23907250056111,48.31491284617342,47.0923695426863,47.5324821472168,186000,0.0,0.0
2024-02-23 00:00:00+08:00,47.92369752870627,49.29294752188888,47.43468020698477,48.55942153930664,340000,0.0,0.0
2024-02-26 00:00:00+08:00,48.657224434319566,51.34681975480959,48.657224434319566,50.46658706665039,390000,0.0,0.0
2024-02-27 00:00:00+08:00,50.955603377538715,50.955603377538715,48.51051677149739,49.58635711669922,242000,0.0,0.0
2024-02-29 00:00:00+08:00,48.90173217214925,49.781964843610375,47.92369752870627,48.55942153930664,160000,0.0,0.0
2024-03-01 00:00:00+08:00,48.6572266814492,49.68416237779099,47.532485275847144,47.63029098510742,135000,0.0,0.0
2024-03-04 00:00:00+08:00,47.63029111674576,49.097343181547544,47.287976729748216,48.11930847167969,150000,0.0,0.0
2024-03-05 00:00:00+08:00,48.11930822105563,49.0973429258295,47.19017450533919,48.6572265625,114000,0.0,0.0
2024-03-06 00:00:00+08:00,48.65722381014128,48.99953444508637,48.11930549912496,48.51051712036133,71000,0.0,0.0
2024-03-07 00:00:00+08:00,49.684159506935536,49.684159506935536,47.48358154296875,47.48358154296875,118000,0.0,0.0
2024-03-08 00:00:00+08:00,47.53248275293784,47.5813874704254,45.67421914650064,46.94566345214844,175000,0.0,0.0
2024-03-11 00:00:00+08:00,47.04346706465953,48.901734466758874,46.60335443918371,48.755027770996094,112000,0.0,0.0
2024-03-12 00:00:00+08:00,53.59629821777344,53.59629821777344,53.59629821777344,53.59629821777344,360000,0.0,0.0
2024-03-13 00:00:00+08:00,58.877689361572266,58.877689361572266,58.877689361572266,58.877689361572266,246000,0.0,0.0
2024-03-14 00:00:00+08:00,64.74589136695059,64.74589136695059,55.35676014366221,59.17109680175781,1306000,0.0,0.0
2024-03-15 00:00:00+08:00,56.92162023723956,61.02936671988895,54.28092580332879,59.8557243347168,879000,0.0,0.0
2024-03-18 00:00:00+08:00,59.8557243347168,59.8557243347168,59.8557243347168,59.8557243347168,0,0.0,0.0
2024-03-19 00:00:00+08:00,56.43260292201529,56.43260292201529,51.34682173711069,51.738037109375,755000,0.0,0.0
2024-03-20 00:00:00+08:00,52.03144620163285,52.227053885616556,48.90173445061241,49.78196716308594,533000,0.0,0.0
2024-03-21 00:00:00+08:00,50.07537764831539,51.44462399693933,48.412717903430455,50.173179626464844,357000,0.0,0.0
2024-03-22 00:00:00+08:00,50.27098194325507,50.27098194325507,48.90173195612125,49.09733963012695,155000,0.0,0.0
2024-03-25 00:00:00+08:00,49.09733963012695,49.09733963012695,49.09733963012695,49.09733963012695,0,0.0,0.0
2024-03-26 00:00:00+08:00,49.09733963012695,49.09733963012695,49.09733963012695,49.09733963012695,0,0.0,0.0
2024-03-27 00:00:00+08:00,54.183123909267515,55.552370251656356,52.422658463343396,54.76994323730469,525000,0.0,0.0
2024-03-28 00:00:00+08:00,54.86774558676453,54.86774558676453,52.03144717415915,53.2050895690918,285000,0.0,0.0
2024-03-29 00:00:00+08:00,52.227054459252244,53.59630080036476,51.738037109375,51.738037109375,145000,0.0,0.0
2024-04-01 00:00:00+08:00,51.24901665383358,52.813870586248896,51.24901665383358,51.640228271484375,119000,0.0,0.0
2024-04-02 00:00:00+08:00,51.933640577136195,53.00948097531175,51.34682125515408,52.813873291015625,131000,0.0,0.0
2024-04-03 00:00:00+08:00,53.302890636302806,53.302890636302806,51.640230916145136,52.813873291015625,154000,0.0,0.0
2024-04-08 00:00:00+08:00,52.91167426851039,54.476531982421875,52.129247277007735,54.476531982421875,120000,0.0,0.0
2024-04-09 00:00:00+08:00,55.84577766024217,55.94358336490251,53.69410439040089,55.063350677490234,147000,0.0,0.0
2024-04-10 00:00:00+08:00,55.65017334646344,56.139190673828125,54.76994066484456,56.139190673828125,251000,0.0,0.0
2024-04-11 00:00:00+08:00,58.48647177106694,59.171096777483505,55.943583153983816,56.62820816040039,423000,0.0,0.0
2024-04-12 00:00:00+08:00,56.62820899357543,57.41063598488936,55.45456664115143,57.0194206237793,264000,0.0,0.0
2024-04-15 00:00:00+08:00,57.0194217954868,57.0194217954868,54.86774472697845,55.84577941894531,183000,0.0,0.0
2024-04-16 00:00:00+08:00,55.55236831732922,56.53040298394032,51.93363930468691,56.041385650634766,332000,0.0,0.0
2024-04-17 00:00:00+08:00,56.628210298564895,56.72601227564315,55.55236989617272,56.33479690551758,141000,0.0,0.0
2024-04-18 00:00:00+08:00,55.74797834313434,57.01942271705965,55.74797834313434,56.236995697021484,62000,0.0,0.0
2024-04-19 00:00:00+08:00,55.74797599683267,56.33479530443687,52.12924698419037,56.041385650634766,208000,0.0,0.0
2024-04-22 00:00:00+08:00,56.139192880133976,56.139192880133976,53.30289077758789,53.30289077758789,107000,0.0,0.0
2024-04-23 00:00:00+08:00,53.69410499091923,55.16115699907652,53.69410499091923,54.476531982421875,131000,0.0,0.0
2024-04-24 00:00:00+08:00,56.0413878759019,56.23699556317246,55.06335317045542,55.74797821044922,60000,0.0,0.0
2024-04-25 00:00:00+08:00,55.25895966753403,55.25895966753403,54.18312300707728,54.378726959228516,60000,0.0,0.0
2024-04-26 00:00:00+08:00,55.45456534922749,56.139190349767304,54.476530700143776,55.161155700683594,149000,0.0,0.0
2024-04-29 00:00:00+08:00,56.43260131302039,57.117226329509904,55.2589589605964,57.0194206237793,197000,0.0,0.0
2024-04-30 00:00:00+08:00,57.606243152547314,62.692020416259766,56.53040278452649,62.692020416259766,771000,0.0,0.0
2024-05-02 00:00:00+08:00,64.5502903715093,68.95144653320312,63.865669064415314,68.95144653320312,1019000,0.0,0.0
2024-05-03 00:00:00+08:00,71.39652927465761,75.79768518884883,64.55028674147125,73.54820251464844,1271000,0.0,0.0
2024-05-06 00:00:00+08:00,73.05918497043969,73.05918497043969,67.5821924527764,70.51629638671875,777000,0.0,0.0
2024-05-07 00:00:00+08:00,70.51629724123507,77.55815124511719,68.95144328319869,77.55815124511719,688000,0.0,0.0
2024-05-08 00:00:00+08:00,81.66589343286485,85.18681668730855,73.93941819056668,83.71976470947266,1038000,0.0,0.0
2024-05-09 00:00:00+08:00,92.0330581665039,92.0330581665039,92.0330581665039,92.0330581665039,699000,0.0,0.0
2024-05-10 00:00:00+08:00,92.91329666487181,97.80347017354927,86.1648557305344,88.2187271118164,753000,0.0,0.0
2024-05-13 00:00:00+08:00,95.35837832138242,97.02103424072266,89.78358380424186,97.02103424072266,617000,0.0,0.0
2024-05-14 00:00:00+08:00,102.69364278250877,106.60578155517578,97.80346931667503,106.60578155517578,452000,0.0,0.0
2024-05-15 00:00:00+08:00,111.49595418634775,116.8751449584961,111.49595418634775,116.8751449584961,261000,0.0,0.0
2024-05-16 00:00:00+08:00,128.12254333496094,128.12254333496094,128.12254333496094,128.12254333496094,224000,0.0,0.0
2024-05-17 00:00:00+08:00,129.1005841998443,137.41387939453125,121.76532373394406,137.41387939453125,275000,0.0,0.0
2024-05-20 00:00:00+08:00,130.56763119167752,135.45780464454933,130.07861384639034,132.03468322753906,165000,0.0,0.0
2024-05-21 00:00:00+08:00,130.07861797626202,136.92486102764423,130.07861797626202,133.50173950195312,96000,0.0,0.0
2024-05-22 00:00:00+08:00,135.94681378264926,135.94681378264926,129.1005713619403,131.056640625,122000,0.0,0.0
2024-05-23 00:00:00+08:00,129.58959704768048,138.8809266473255,129.58959704768048,133.99075317382812,103000,0.0,0.0
2024-05-24 00:00:00+08:00,129.100575577289,134.96878355807485,129.100575577289,132.52369689941406,47000,0.0,0.0
2024-05-27 00:00:00+08:00,131.54566030612784,133.01271227980212,124.6994177623145,126.65548706054688,153000,0.0,0.0
2024-05-28 00:00:00+08:00,124.69942077877015,128.1225421334815,123.23236876960814,124.21040344238281,156000,0.0,0.0
2024-05-29 00:00:00+08:00,125.18843871124031,128.61156008225078,125.18843871124031,126.16647338867188,65000,0.0,0.0
2024-05-30 00:00:00+08:00,125.1884354046935,130.07860866268933,125.1884354046935,127.6335220336914,92000,0.0,0.0
2024-05-31 00:00:00+08:00,131.5456645580119,140.3479766845703,131.5456645580119,140.3479766845703,202000,0.0,0.0
2024-06-03 00:00:00+08:00,140.8369982489224,144.26011973413927,136.92485940867456,141.81503295898438,126000,0.0,0.0
2024-06-04 00:00:00+08:00,141.81502448187933,141.81502448187933,127.6335220336914,127.6335220336914,154000,0.0,0.0
2024-06-05 00:00:00+08:00,140.3479766845703,140.3479766845703,140.3479766845703,140.3479766845703,150000,0.0,0.0
2024-06-06 00:00:00+08:00,154.04046630859375,154.04046630859375,154.04046630859375,154.04046630859375,148000,0.0,0.0
2024-06-07 00:00:00+08:00,169.1999969482422,169.1999969482422,147.1942169983263,169.1999969482422,1082000,0.0,0.0
2024-06-11 00:00:00+08:00,164.30982681467563,164.30982681467563,152.57341061362737,154.52947998046875,769000,0.0,0.0
2024-06-12 00:00:00+08:00,158.44161191193953,166.26588904339334,152.5734040633492,157.4635772705078,823000,0.0,0.0
2024-06-13 00:00:00+08:00,157.46357856519296,169.19999435887192,141.81502417362097,161.37571716308594,1446000,0.0,0.0
2024-06-14 00:00:00+08:00,151.59537043336962,156.48554367315575,146.7051971935835,149.15028381347656,683000,0.0,0.0
2024-06-17 00:00:00+08:00,147.68322983048475,150.61733373440168,139.858952753373,143.28207397460938,638000,0.0,0.0
2024-06-18 00:00:00+08:00,144.74913761891474,145.2381549757354,130.07861691429503,143.77110290527344,820000,0.0,0.0
2024-06-19 00:00:00+08:00,140.34797420712854,140.34797420712854,132.0346795676819,132.52369689941406,566000,0.0,0.0
2024-06-20 00:00:00+08:00,130.56762463113537,138.39190176258916,129.10057266898778,134.96878051757812,594000,0.0,0.0
2024-06-21 00:00:00+08:00,134.96879158439216,135.9468263060182,132.03468741951409,133.50173950195312,214000,0.0,0.0
2024-06-24 00:00:00+08:00,133.5017384655071,137.90289467865566,129.1005822523585,129.589599609375,341000,0.0,0.0
2024-06-25 00:00:00+08:00,129.5895957291331,142.30404663085938,128.12254370201083,142.30404663085938,683000,0.0,0.0
2024-06-26 00:00:00+08:00,142.3040429729305,143.77109496234215,136.92485234508777,142.79306030273438,490000,0.0,0.0
2024-06-27 00:00:00+08:00,141.32600820019897,141.32600820019897,129.5895922943001,130.567626953125,761000,0.0,0.0
2024-06-28 00:00:00+08:00,131.0566479675752,134.47976936971335,129.5895959380874,130.07861328125,256000,0.0,0.0
2024-07-01 00:00:00+08:00,131.05665168042452,133.9907558225236,129.1005822523585,129.589599609375,302000,0.0,0.0
2024-07-02 00:00:00+08:00,129.58959535788034,132.03468206274601,127.14450865301468,128.12254333496094,314000,0.0,0.0
2024-07-03 00:00:00+08:00,129.58959535788034,132.03468206274601,128.12254333496094,128.12254333496094,194000,0.0,0.0
2024-07-04 00:00:00+08:00,130.0786174788351,133.01272163249303,128.12254804306315,131.54566955566406,249000,0.0,0.0
2024-07-05 00:00:00+08:00,133.01271187918525,140.8369890485491,128.12253864833286,136.9248504638672,541000,0.0,0.0
2024-07-08 00:00:00+08:00,136.92485156621316,136.92485156621316,128.61155700683594,128.61155700683594,434000,0.0,0.0
2024-07-09 00:00:00+08:00,129.1005780169072,130.07861269885348,127.63352599398782,128.12254333496094,192000,0.0,0.0
2024-07-10 00:00:00+08:00,128.12254390859962,130.07861328125,128.12254390859962,130.07861328125,105000,0.0,0.0
2024-07-11 00:00:00+08:00,140.34797365371494,142.79306030273438,139.85895632391106,142.79306030273438,956000,0.0,0.0
2024-07-12 00:00:00+08:00,139.85895991898894,142.79306397323344,133.9907518104999,142.30404663085938,804000,0.0,0.0
2024-07-15 00:00:00+08:00,141.32601512121775,155.9965357220362,136.4358415876116,154.04046630859375,1057000,0.0,0.0
2024-07-16 00:00:00+08:00,150.61734234845196,159.90867190890842,150.12832500316478,158.44161987304688,949000,0.0,0.0
2024-07-17 00:00:00+08:00,156.9745666890205,158.4416187141515,154.52947998046875,154.52947998046875,467000,0.0,0.0
2024-07-18 00:00:00+08:00,151.59537298830946,169.1999969482422,147.68323433054664,169.1999969482422,1196000,0.0,0.0
2024-07-19 00:00:00+08:00,173.0,173.0,161.0,161.0,820000,3.8,0.0
2024-07-22 00:00:00+08:00,158.0,168.5,149.0,162.5,664000,0.0,0.0
2024-07-23 00:00:00+08:00,165.0,177.5,155.0,158.5,1401000,0.0,0.0
2024-07-26 00:00:00+08:00,148.0,158.0,146.0,151.0,610000,0.0,0.0
2024-07-29 00:00:00+08:00,154.0,154.0,140.5,142.5,550000,0.0,0.0
2024-07-30 00:00:00+08:00,140.5,148.5,138.0,146.0,228000,0.0,0.0
2024-07-31 00:00:00+08:00,142.0,144.0,136.5,139.5,463000,0.0,0.0
2024-08-01 00:00:00+08:00,142.5,150.5,142.0,147.5,320000,0.0,0.0
2024-08-02 00:00:00+08:00,143.5,144.0,138.0,138.0,389000,0.0,0.0
2024-08-05 00:00:00+08:00,131.0,140.0,124.5,128.0,577000,0.0,0.0
2024-08-06 00:00:00+08:00,132.0,132.0,119.0,120.0,373000,0.0,0.0
2024-08-07 00:00:00+08:00,121.5,132.0,121.0,132.0,242000,0.0,0.0
2024-08-08 00:00:00+08:00,130.0,132.0,127.0,130.0,99000,0.0,0.0
2024-08-09 00:00:00+08:00,135.0,139.5,132.5,133.5,176000,0.0,0.0
2024-08-12 00:00:00+08:00,136.5,143.5,134.0,139.0,240000,0.0,0.0
2024-08-13 00:00:00+08:00,135.0,135.0,125.5,131.0,615000,0.0,0.0
2024-08-14 00:00:00+08:00,134.0,138.0,132.5,137.0,298000,0.0,0.0
2024-08-15 00:00:00+08:00,124.0,137.0,123.5,136.5,1645000,0.0,0.0
2024-08-16 00:00:00+08:00,130.0,134.5,127.0,129.5,833000,0.0,0.0
2024-08-19 00:00:00+08:00,129.5,129.5,123.5,123.5,410000,0.0,0.0
2024-08-20 00:00:00+08:00,126.5,126.5,123.5,124.5,165000,0.0,0.0
2024-08-21 00:00:00+08:00,124.5,124.5,120.5,120.5,211000,0.0,0.0
2024-08-22 00:00:00+08:00,121.5,122.5,116.0,116.0,293000,0.0,0.0
2024-08-23 00:00:00+08:00,115.0,119.5,113.5,117.5,200000,0.0,0.0
2024-08-26 00:00:00+08:00,120.0,120.0,113.0,113.5,226000,0.0,0.0
2024-08-27 00:00:00+08:00,113.5,116.0,112.5,113.0,157000,0.0,0.0
2024-08-28 00:00:00+08:00,113.5,116.0,112.5,113.0,127000,0.0,0.0
2024-08-29 00:00:00+08:00,112.5,116.5,112.0,114.0,178000,0.0,0.0
2024-08-30 00:00:00+08:00,114.5,116.0,113.0,113.5,182000,0.0,0.0
2024-09-02 00:00:00+08:00,115.5,115.5,110.5,111.0,158000,0.0,0.0
2024-09-03 00:00:00+08:00,113.5,113.5,110.5,111.0,84000,0.0,0.0
2024-09-04 00:00:00+08:00,110.5,110.5,101.5,102.0,245000,0.0,0.0
2024-09-05 00:00:00+08:00,104.5,107.0,101.5,102.0,100000,0.0,0.0
2024-09-06 00:00:00+08:00,102.0,102.0,99.80000305175781,102.0,158000,0.0,0.0
2024-09-09 00:00:00+08:00,102.0,102.0,98.30000305175781,100.5,149000,0.0,0.0
2024-09-10 00:00:00+08:00,101.0,107.0,99.5,101.0,251000,0.0,0.0
2024-09-11 00:00:00+08:00,105.0,107.0,102.0,102.5,187000,0.0,0.0
2024-09-12 00:00:00+08:00,104.5,105.5,103.0,103.5,116000,0.0,0.0
2024-09-13 00:00:00+08:00,104.0,105.5,101.0,102.0,81000,0.0,0.0
2024-09-16 00:00:00+08:00,103.0,112.0,103.0,112.0,316000,0.0,0.0
2024-09-18 00:00:00+08:00,116.0,119.0,112.0,115.5,524000,0.0,0.0
2024-09-19 00:00:00+08:00,115.0,115.0,112.0,112.5,170000,0.0,0.0
2024-09-20 00:00:00+08:00,114.0,116.0,111.0,111.0,190000,0.0,0.0
