Date,Open,High,Low,Close,Volume,Dividends,Stock Splits
2005-03-29 00:00:00-05:00,2.0497366391755683,2.0528113145064544,2.0497366391755683,2.051786422729492,951200,0.0,0.0
2005-03-30 00:00:00-05:00,2.049738443885311,2.0579373898417206,2.049738443885311,2.053838014602661,371000,0.0,0.0
2005-03-31 00:00:00-05:00,2.0569120457272856,2.0589618306360897,2.052812671387925,2.0548622608184814,236900,0.0,0.0
2005-04-01 00:00:00-05:00,2.0528131219233234,2.058962282521058,2.0528131219233234,2.053838014602661,134500,0.0,0.0
2005-04-04 00:00:00-04:00,2.0548609025822593,2.0579355779131454,2.05076153095253,2.051786422729492,127000,0.0,0.0
2005-04-05 00:00:00-04:00,2.0507633365646485,2.054862711803708,2.049738443885311,2.053838014602661,125300,0.0,0.0
2005-04-06 00:00:00-04:00,2.0507639823826556,2.0548633589126735,2.049739089380563,2.052813768386841,113100,0.0,0.0
2005-04-07 00:00:00-04:00,2.0507639823826556,2.0538386613889332,2.0507639823826556,2.052813768386841,124400,0.0,0.0
2005-04-08 00:00:00-04:00,2.0528139988642216,2.0579382689716534,2.0507642126298986,2.056913375854492,120800,0.0,0.0
2005-04-11 00:00:00-04:00,2.0569131449168587,2.0569131449168587,2.049739089380563,2.052813768386841,87000,0.0,0.0
2005-04-12 00:00:00-04:00,2.050762345644807,2.053837022197149,2.0497374534606934,2.0497374534606934,380700,0.0,0.0
2005-04-13 00:00:00-04:00,2.0497374534606934,2.051787237828921,2.0497374534606934,2.0497374534606934,372200,0.0,0.0
2005-04-14 00:00:00-04:00,2.0497374534606934,2.051787237828921,2.0497374534606934,2.0497374534606934,405600,0.0,0.0
2005-04-15 00:00:00-04:00,2.0497374534606934,2.050762345644807,2.0497374534606934,2.0497374534606934,216400,0.0,0.0
2005-04-18 00:00:00-04:00,2.0497374534606934,2.050762345644807,2.0497374534606934,2.0497374534606934,361600,0.0,0.0
2005-04-19 00:00:00-04:00,2.049737999312363,2.050762891769409,2.049737999312363,2.050762891769409,261300,0.0,0.0
2005-04-20 00:00:00-04:00,2.0497374534606934,2.050762345644807,2.0497374534606934,2.0497374534606934,192900,0.0,0.0
2005-04-21 00:00:00-04:00,2.049737999312363,2.050762891769409,2.049737999312363,2.050762891769409,254200,0.0,0.0
2005-04-22 00:00:00-04:00,2.0497374534606934,2.050762345644807,2.0497374534606934,2.0497374534606934,223500,0.0,0.0
2005-04-25 00:00:00-04:00,2.0497374534606934,2.050762345644807,2.0497374534606934,2.0497374534606934,415300,0.0,0.0
2005-04-26 00:00:00-04:00,2.050762345644807,2.050762345644807,2.0497374534606934,2.0497374534606934,244500,0.0,0.0
2005-04-27 00:00:00-04:00,2.0497374534606934,2.050762345644807,2.0497374534606934,2.0497374534606934,295000,0.0,0.0
2005-04-28 00:00:00-04:00,2.049737999312363,2.050762891769409,2.049737999312363,2.050762891769409,219700,0.0,0.0
2005-04-29 00:00:00-04:00,2.049737999312363,2.050762891769409,2.049737999312363,2.050762891769409,200100,0.0,0.0
2005-05-02 00:00:00-04:00,2.0497374534606934,2.050762345644807,2.0497374534606934,2.0497374534606934,359400,0.0,0.0
2005-05-03 00:00:00-04:00,2.050762345644807,2.050762345644807,2.0497374534606934,2.0497374534606934,304100,0.0,0.0
2005-05-04 00:00:00-04:00,2.0497374534606934,2.050762345644807,2.0497374534606934,2.0497374534606934,225900,0.0,0.0
2005-05-05 00:00:00-04:00,2.0497374534606934,2.050762345644807,2.0497374534606934,2.0497374534606934,219800,0.0,0.0
2005-05-06 00:00:00-04:00,2.0497374534606934,2.050762345644807,2.0497374534606934,2.0497374534606934,186400,0.0,0.0
2005-05-09 00:00:00-04:00,2.049737999312363,2.052812676683501,2.049737999312363,2.050762891769409,200700,0.0,0.0
2005-05-10 00:00:00-04:00,2.0497374534606934,2.050762345644807,2.0497374534606934,2.0497374534606934,301900,0.0,0.0
2005-05-11 00:00:00-04:00,2.0497374534606934,2.050762345644807,2.0497374534606934,2.0497374534606934,215700,0.0,0.0
2005-05-12 00:00:00-04:00,2.050762891769409,2.052812676683501,2.049737999312363,2.050762891769409,254800,0.0,0.0
2005-05-13 00:00:00-04:00,2.0446119901645488,2.045636686270139,2.0189902870069885,2.034363269805908,350600,0.0,0.0
2005-05-16 00:00:00-04:00,2.0343636365460185,2.0364134200828827,2.009766820537997,2.0292391777038574,200500,0.0,0.0
2005-05-17 00:00:00-04:00,2.026164332614612,2.0394875322461874,2.02513944103094,2.034363269805908,170700,0.0,0.0
2005-05-18 00:00:00-04:00,2.0353892160968785,2.058961148301706,2.0312896476378564,2.047687530517578,191100,0.0,0.0
2005-05-19 00:00:00-04:00,2.047688214398271,2.0599867284045748,2.0446137325053817,2.050762891769409,153100,0.0,0.0
2005-05-20 00:00:00-04:00,2.054862605045817,2.070235798958894,2.049738337393645,2.0599870681762695,193100,0.0,0.0
2005-05-23 00:00:00-04:00,2.0651109584077947,2.0651109584077947,2.0497379627825745,2.057936906814575,173800,0.0,0.0
2005-05-24 00:00:00-04:00,2.0507625821651523,2.065110683441162,2.0343646962845074,2.065110683441162,187800,0.0,0.0
2005-05-25 00:00:00-04:00,2.055886921829504,2.0692103267585886,2.041538820039621,2.0620362758636475,208700,0.0,0.0
2005-05-26 00:00:00-04:00,2.069210559701863,2.069210559701863,2.048713101570317,2.0548622608184814,282000,0.0,0.0
2005-05-27 00:00:00-04:00,2.0589615988465755,2.0702352190976128,2.0517875479516343,2.0620362758636475,199400,0.0,0.0
2005-05-31 00:00:00-04:00,2.051788122645826,2.0671611210806224,2.0323155537066677,2.0599870681762695,277000,0.0,0.0
2005-06-01 00:00:00-04:00,2.0657708644866943,2.0760997582105802,2.0554419707628084,2.0657708644866943,185300,0.156,0.0
2005-06-02 00:00:00-04:00,2.070935054450637,2.070935054450637,2.057507631541658,2.0616390705108643,198500,0.0,0.0
2005-06-03 00:00:00-04:00,2.064736564728546,2.064736564728546,2.050276241459086,2.059572219848633,170100,0.0,0.0
2005-06-06 00:00:00-04:00,2.060606401462461,2.0647378405177577,2.0513104173289807,2.0554418563842773,138800,0.0,0.0
2005-06-07 00:00:00-04:00,2.0606056456471764,2.0626712659135444,2.0451122131027546,2.050276756286621,162000,0.0,0.0
2005-06-08 00:00:00-04:00,2.0502766769744722,2.055441022951385,2.039947788013476,2.051309585571289,122100,0.0,0.0
2005-06-09 00:00:00-04:00,2.0595734924468245,2.0637049315021208,2.039948615164227,2.0554418563842773,165000,0.0,0.0
2005-06-10 00:00:00-04:00,2.0554419707628084,2.0657708644866943,2.048211804258267,2.0657708644866943,161500,0.0,0.0
2005-06-13 00:00:00-04:00,2.0699023855959413,2.0709350976043277,2.04511296323516,2.0554418563842773,148200,0.0,0.0
2005-06-14 00:00:00-04:00,2.065768799626076,2.0678346157073975,2.054407008185872,2.0678346157073975,168000,0.0,0.0
2005-06-15 00:00:00-04:00,2.0699016656138576,2.0699016656138576,2.0554411414320546,2.058539867401123,193800,0.0,0.0
2005-06-16 00:00:00-04:00,2.062670667539246,2.0657693925506355,2.05027616150793,2.0575063228607178,172700,0.0,0.0
2005-06-17 00:00:00-04:00,2.055439992525197,2.065768876308152,2.055439992525197,2.0637030601501465,135100,0.0,0.0
2005-06-20 00:00:00-04:00,2.065771342988383,2.065771342988383,2.0585411748090925,2.0626726150512695,190700,0.0,0.0
2005-06-21 00:00:00-04:00,2.0657708644866943,2.0657708644866943,2.057507788909038,2.0657708644866943,189700,0.0,0.0
2005-06-22 00:00:00-04:00,2.0657708644866943,2.0657708644866943,2.057507788909038,2.0657708644866943,212300,0.0,0.0
2005-06-23 00:00:00-04:00,2.062670152071144,2.065768876308152,2.055439992525197,2.0637030601501465,182800,0.0,0.0
2005-06-24 00:00:00-04:00,2.065770467239355,2.065770467239355,2.0554415755017135,2.064737558364868,164400,0.0,0.0
2005-06-27 00:00:00-04:00,2.0647379554135794,2.0657708644866943,2.053376152616579,2.0657708644866943,244400,0.0,0.0
2005-06-28 00:00:00-04:00,2.0585403021251727,2.065770467239355,2.0564744843761997,2.064737558364868,211800,0.0,0.0
2005-06-29 00:00:00-04:00,2.069901465766935,2.069901465766935,2.0606054857644303,2.066802740097046,154000,0.0,0.0
2005-06-30 00:00:00-04:00,2.067837634884818,2.0750678047188966,2.06473890623849,2.0688705444335938,173000,0.0,0.0
2005-07-01 00:00:00-04:00,2.078860361288545,2.092393364629672,2.072614466659861,2.080942392349243,119700,0.156,0.0
2005-07-05 00:00:00-04:00,2.0819843274104453,2.084066359390695,2.0705333500725684,2.0757384300231934,201600,0.0,0.0
2005-07-06 00:00:00-04:00,2.0757390130082043,2.0892718275736133,2.071574947878199,2.086148977279663,165700,0.0,0.0
2005-07-07 00:00:00-04:00,2.081985311700964,2.08614937763009,2.071575345431741,2.0840673446655273,210900,0.0,0.0
2005-07-08 00:00:00-04:00,2.0861504954675185,2.088232330994015,2.079904393226934,2.081986427307129,151800,0.0,0.0
2005-07-11 00:00:00-04:00,2.0871902231533217,2.092395305633545,2.0799033062346033,2.092395305633545,196400,0.0,0.0
2005-07-12 00:00:00-04:00,2.096558962616783,2.1028050609660833,2.0851081794168813,2.1007230281829834,218500,0.0,0.0
2005-07-13 00:00:00-04:00,2.1048879839470307,2.108011034737076,2.0851092579377752,2.0934371948242188,234300,0.0,0.0
2005-07-14 00:00:00-04:00,2.0965601066613706,2.108011094663387,2.0923962373766174,2.103847026824951,218200,0.0,0.0
2005-07-15 00:00:00-04:00,2.09864126089073,2.11737916120194,2.0944773933513496,2.10905122756958,146900,0.0,0.0
2005-07-18 00:00:00-04:00,2.1236258639486616,2.143404788254244,2.102806121280284,2.10801100730896,241400,0.0,0.0
2005-07-19 00:00:00-04:00,2.1080111702701383,2.1152980906950742,2.0996832328482555,2.105929136276245,241800,0.0,0.0
2005-07-20 00:00:00-04:00,2.106968586612055,2.127788513962706,2.104886554166282,2.1194605827331543,232100,0.0,0.0
2005-07-21 00:00:00-04:00,2.1225848470321917,2.134035834559688,2.1048879565595495,2.10801100730896,291600,0.0,0.0
2005-07-22 00:00:00-04:00,2.1184195739305176,2.1225834402831074,2.108009610218729,2.1132144927978516,194800,0.0,0.0
2005-07-25 00:00:00-04:00,2.1132159356439693,2.131953843408212,2.1069700325737815,2.1277899742126465,251500,0.0,0.0
2005-07-26 00:00:00-04:00,2.117379685274099,2.129871489537683,2.111133783142307,2.128830671310425,322000,0.0,0.0
2005-07-27 00:00:00-04:00,2.12882884703306,2.129869664368401,2.1173778708095274,2.124664783477783,193100,0.0,0.0
2005-07-28 00:00:00-04:00,2.118420022458051,2.191289386761926,2.1121741223299666,2.1340348720550537,787100,0.0,0.0
2005-07-29 00:00:00-04:00,2.1381999653503962,2.159019708633423,2.1371589484031928,2.159019708633423,326900,0.0,0.0
2005-08-01 00:00:00-04:00,2.1627959385872404,2.1701380845380838,2.1407693006762374,2.1470625400543213,277000,0.156,0.0
2005-08-02 00:00:00-04:00,2.153356265528127,2.154405172240216,2.1397206783294678,2.1397206783294678,250600,0.0,0.0
2005-08-03 00:00:00-04:00,2.155454557375157,2.164894520696916,2.1397213518584124,2.144965887069702,238800,0.0,0.0
2005-08-04 00:00:00-04:00,2.1418162171921966,2.1428651227903712,2.114545271814518,2.127131938934326,276100,0.0,0.0
2005-08-05 00:00:00-04:00,2.139719506152528,2.1481105551939734,2.1176930774406295,2.1208395957946777,262700,0.0,0.0
2005-08-08 00:00:00-04:00,2.128181192209024,2.1428654728658345,2.1134967114938936,2.1166434288024902,247900,0.0,0.0
2005-08-09 00:00:00-04:00,2.118742627235204,2.137622343270171,2.117693720779075,2.1239869594573975,252500,0.0,0.0
2005-08-10 00:00:00-04:00,2.12923059781423,2.1397194588989983,2.123986267301038,2.135524034500122,242400,0.0,0.0
2005-08-11 00:00:00-04:00,2.1313294331496317,2.1491604455356828,2.125036193501167,2.132378339767456,259500,0.0,0.0
2005-08-12 00:00:00-04:00,2.133427381515503,2.1344762881997643,2.118743088052829,2.133427381515503,192100,0.0,0.0
2005-08-15 00:00:00-04:00,2.135525059620929,2.1386715794159206,2.126085100118991,2.132378339767456,195900,0.0,0.0
2005-08-16 00:00:00-04:00,2.132378531403343,2.141818491753646,2.129231811267076,2.1397206783294678,266200,0.0,0.0
2005-08-17 00:00:00-04:00,2.1313284100428604,2.1397194588989983,2.1187419367878464,2.135524034500122,219400,0.0,0.0
2005-08-18 00:00:00-04:00,2.1365741582516997,2.141818491753646,2.1229385710530404,2.1397206783294678,211400,0.0,0.0
2005-08-19 00:00:00-04:00,2.141818420059472,2.146013846708893,2.1302806466712005,2.14286732673645,218400,0.0,0.0
2005-08-22 00:00:00-04:00,2.14286732673645,2.1533561934477428,2.135525180056093,2.14286732673645,230600,0.0,0.0
2005-08-23 00:00:00-04:00,2.1449652118899136,2.1491606386797706,2.1281831046134863,2.1397206783294678,243200,0.0,0.0
2005-08-24 00:00:00-04:00,2.132376597158421,2.1439143604671806,2.1292298798764913,2.1376209259033203,305800,0.0,0.0
2005-08-25 00:00:00-04:00,2.1355239317657344,2.1502082165429575,2.130279401446458,2.13657283782959,211100,0.0,0.0
2005-08-26 00:00:00-04:00,2.132376597158421,2.139718737424607,2.1302787856371346,2.1376209259033203,234200,0.0,0.0
2005-08-29 00:00:00-04:00,2.1481116600628503,2.1481116600628503,2.1344762733791147,2.14286732673645,263200,0.0,0.0
2005-08-30 00:00:00-04:00,2.137620241332243,2.149158000946045,2.1334248196915677,2.149158000946045,343700,0.0,0.0
2005-08-31 00:00:00-04:00,2.155451501886246,2.160696029663086,2.132376179842988,2.160696029663086,315100,0.0,0.0
2005-09-01 00:00:00-04:00,2.1666158032582605,2.1666158032582605,2.141250569263969,2.152876377105713,208200,0.156,0.0
2005-09-02 00:00:00-04:00,2.146535394710726,2.152876855808073,2.1401941351983838,2.1497061252593994,196400,0.0,0.0
2005-09-06 00:00:00-04:00,2.1507625572099482,2.1592176352080457,2.1423074792118513,2.152876377105713,253300,0.0,0.0
2005-09-07 00:00:00-04:00,2.1518190290850665,2.1528759388177807,2.137022494411992,2.1423070430755615,248700,0.0,0.0
2005-09-08 00:00:00-04:00,2.144421382284444,2.1454780906883526,2.126454315643469,2.128567934036255,256300,0.0,0.0
2005-09-09 00:00:00-04:00,2.1285690823104946,2.1401948968748172,2.1275121717514582,2.135967254638672,182600,0.0,0.0
2005-09-12 00:00:00-04:00,2.138081879425424,2.139138790381735,2.1211717072947502,2.125399351119995,197600,0.0,0.0
2005-09-13 00:00:00-04:00,2.128568213821565,2.128568213821565,2.1074306160205385,2.1201131343841553,299200,0.0,0.0
2005-09-14 00:00:00-04:00,2.1243393413844975,2.1349082339455863,2.110599720579624,2.1190547943115234,231500,0.0,0.0
2005-09-15 00:00:00-04:00,2.140193580876439,2.140193580876439,2.1053163602144433,2.1158852577209473,220200,0.0,0.0
2005-09-16 00:00:00-04:00,2.1158856932003958,2.124340772628784,2.11377187294705,2.124340772628784,177200,0.0,0.0
2005-09-19 00:00:00-04:00,2.122228195463405,2.1370245427337458,2.108488758938818,2.110602378845215,218800,0.0,0.0
2005-09-20 00:00:00-04:00,2.119055585965703,2.1222263153940344,2.105316161612802,2.1074299812316895,224700,0.0,0.0
2005-09-21 00:00:00-04:00,2.113771678891154,2.113771678891154,2.103202780179703,2.109544038772583,213200,0.0,0.0
2005-09-22 00:00:00-04:00,2.110600789412433,2.1243404171752136,2.091577015070443,2.094747543334961,252800,0.0,0.0
2005-09-23 00:00:00-04:00,2.0915774495496664,2.110601227843428,2.087349808872162,2.103203058242798,240300,0.0,0.0
2005-09-26 00:00:00-04:00,2.1127124465386617,2.1137693554065353,2.07677835136997,2.0968592166900635,306800,0.0,0.0
2005-09-27 00:00:00-04:00,2.1127129948733314,2.1127129948733314,2.077835799520468,2.0810065269470215,251900,0.0,0.0
2005-09-28 00:00:00-04:00,2.0778369899833122,2.0905197053710753,2.0767800802355882,2.0799508094787598,192500,0.0,0.0
2005-09-29 00:00:00-04:00,2.082066162899932,2.112715761824787,2.082066162899932,2.1084883213043213,164300,0.0,0.0
2005-09-30 00:00:00-04:00,2.11165928959097,2.114830021828234,2.097919853066383,2.110602378845215,186000,0.0,0.0
2005-10-03 00:00:00-04:00,2.121892350496914,2.121892350496914,2.10378382338394,2.1155011653900146,161200,0.156,0.0
2005-10-04 00:00:00-04:00,2.1155009499115276,2.1304137813660207,2.1112400248261918,2.1165661811828613,153200,0.0,0.0
2005-10-05 00:00:00-04:00,2.1197626084738013,2.122958303699869,2.098458583149891,2.102719306945801,207600,0.0,0.0
2005-10-06 00:00:00-04:00,2.1069799699279925,2.1197623428863848,2.1005885802766415,2.114436388015747,139300,0.0,0.0
2005-10-07 00:00:00-04:00,2.114436104105371,2.1250882155885167,2.1048492240877525,2.1123056411743164,166400,0.0,0.0
2005-10-10 00:00:00-04:00,2.1250868587993104,2.126151886412729,2.111239061760888,2.1176302433013916,147900,0.0,0.0
2005-10-11 00:00:00-04:00,2.12934664384369,2.1304118741613993,2.109107674151022,2.118694543838501,175700,0.0,0.0
2005-10-12 00:00:00-04:00,2.1240207178051635,2.1250859481340965,2.1005860569124652,2.105912208557129,159800,0.0,0.0
2005-10-13 00:00:00-04:00,2.100587563947542,2.1218917794667647,2.100587563947542,2.1112396717071533,163000,0.0,0.0
2005-10-14 00:00:00-04:00,2.1091092361910357,2.126152527553108,2.1091092361910357,2.1250874996185303,144600,0.0,0.0
2005-10-17 00:00:00-04:00,2.128282347983563,2.12934757876898,2.0963262371090465,2.1176302433013916,187300,0.0,0.0
2005-10-18 00:00:00-04:00,2.115500842720158,2.116566073937517,2.082479284498265,2.0846097469329834,181900,0.0,0.0
2005-10-19 00:00:00-04:00,2.095261957232203,2.095261957232203,2.055849212972784,2.0622406005859375,207500,0.0,0.0
2005-10-20 00:00:00-04:00,2.057979890652435,2.061175584793091,2.0302844842830865,2.061175584793091,203200,0.0,0.0
2005-10-21 00:00:00-04:00,2.061175210856192,2.084609687453201,2.046262177410755,2.067566394805908,152700,0.0,0.0
2005-10-24 00:00:00-04:00,2.0878060091084163,2.1016536123607183,2.0771538972062644,2.0888712406158447,146100,0.0,0.0
2005-10-25 00:00:00-04:00,2.097393255235016,2.109110397515632,2.077154259408977,2.083545446395874,203400,0.0,0.0
2005-10-26 00:00:00-04:00,2.083544173704897,2.0846094047474,2.062240162370977,2.0782182216644287,165100,0.0,0.0
2005-10-27 00:00:00-04:00,2.082479807198761,2.0984580762975984,2.068632204241517,2.073958158493042,113900,0.0,0.0
2005-10-28 00:00:00-04:00,2.079283682000286,2.0920660495758057,2.071827267052554,2.0920660495758057,138700,0.0,0.0
2005-10-31 00:00:00-05:00,2.113367698561121,2.122954564180173,2.0888680211665775,2.1091067790985107,215000,0.0,0.0
2005-11-01 00:00:00-05:00,2.115122275176638,2.1172694517155173,2.0850595509912253,2.0861332416534424,160500,0.156,0.0
2005-11-02 00:00:00-05:00,2.088279710667848,2.099016203028441,2.0786167037149426,2.0936479568481445,142700,0.0,0.0
2005-11-03 00:00:00-05:00,2.0936488946645944,2.109753845204903,2.082912192709203,2.0990171432495117,153100,0.0,0.0
2005-11-04 00:00:00-05:00,2.104385868302345,2.108680426767607,2.0743231399031745,2.0775442123413086,147600,0.0,0.0
2005-11-07 00:00:00-05:00,2.0721762358208995,2.085060323757055,2.0635869121253396,2.066807985305786,169000,0.0,0.0
2005-11-08 00:00:00-05:00,2.074323138287141,2.077544210722766,2.0249345896543915,2.0453341007232666,311500,0.0,0.0
2005-11-09 00:00:00-05:00,2.039964295820223,2.0592903061252406,1.9766180197250764,1.9916492700576782,344800,0.0,0.0
2005-11-10 00:00:00-05:00,1.9916501280362235,1.9948711994031336,1.965882171457488,1.9819871187210083,278400,0.0,0.0
2005-11-11 00:00:00-05:00,1.9884288656040676,2.013123126811103,1.9809132386963153,2.012049436569214,158400,0.0,0.0
2005-11-14 00:00:00-05:00,2.012049569485121,2.0217125775149904,1.964808219648593,2.018491506576538,212500,0.0,0.0
2005-11-15 00:00:00-05:00,2.028155178389297,2.028155178389297,1.966956244027681,1.9830611944198608,262200,0.0,0.0
2005-11-16 00:00:00-05:00,1.9809138950288894,1.9809138950288894,1.8810629220899426,1.9164938926696777,733800,0.0,0.0
2005-11-17 00:00:00-05:00,1.8681801105242912,1.9111267397161533,1.8306017331867814,1.9100532531738281,955800,0.0,0.0
2005-11-18 00:00:00-05:00,1.8832107886591984,1.9057576826640539,1.8638847624918398,1.8789160251617432,539200,0.0,0.0
2005-11-21 00:00:00-05:00,1.8789148951255985,1.9003882901269369,1.8692518878535436,1.891798973083496,647500,0.0,0.0
2005-11-22 00:00:00-05:00,1.8842840480026757,1.9100522163154054,1.8724738593770425,1.8960944414138794,556600,0.0,0.0
2005-11-23 00:00:00-05:00,1.9089783779558278,1.9164940078052297,1.862810703411725,1.895020604133606,458400,0.0,0.0
2005-11-25 00:00:00-05:00,1.8960931584174903,1.9401134252548218,1.8960931584174903,1.9401134252548218,183800,0.0,0.0
2005-11-28 00:00:00-05:00,1.929375763752658,1.939038764296463,1.9132708311080933,1.9132708311080933,383300,0.0,0.0
2005-11-29 00:00:00-05:00,1.9304519076961353,1.9465568608172543,1.9079050142836864,1.9379675388336182,482300,0.0,0.0
2005-11-30 00:00:00-05:00,1.932599964110619,1.9465575404123938,1.9218632566862055,1.9411892890930176,404300,0.0,0.0
2005-12-01 00:00:00-05:00,1.9407554620405707,1.9472534693369679,1.9223442692275057,1.925593376159668,311300,0.156,0.0
2005-12-02 00:00:00-05:00,1.9093473842276434,1.9223436008698593,1.8855212280460787,1.906098484992981,445800,0.0,0.0
2005-12-05 00:00:00-05:00,1.9060993998837508,1.9223445235579737,1.8876882046348435,1.908265471458435,339900,0.0,0.0
2005-12-06 00:00:00-05:00,1.9093481200246967,1.9180121989357266,1.9050161838531494,1.9050161838531494,440900,0.0,0.0
2005-12-07 00:00:00-05:00,1.901765967159268,1.9201771499236722,1.8952679634094238,1.8952679634094238,410400,0.0,0.0
2005-12-08 00:00:00-05:00,1.8963506759520055,1.9104297161102295,1.884437498963507,1.9104297161102295,512800,0.0,0.0
2005-12-09 00:00:00-05:00,1.8909345732815404,1.9060968474325997,1.8714405749176268,1.8811876773834229,454400,0.0,0.0
2005-12-12 00:00:00-05:00,1.8736095649127784,1.8801077817835121,1.842202342976324,1.8562813997268677,508900,0.0,0.0
2005-12-13 00:00:00-05:00,1.8432830574536354,1.8541131986959623,1.8237888445309998,1.8259549140930176,856700,0.0,0.0
2005-12-14 00:00:00-05:00,1.8237883382001505,1.876855788330115,1.8237883382001505,1.8681917190551758,737200,0.0,0.0
2005-12-15 00:00:00-05:00,1.8779398215889382,1.8931018992420754,1.867109677593348,1.8898530006408691,648100,0.0,0.0
2005-12-16 00:00:00-05:00,1.8844375365689598,1.9440032161323533,1.8833545016785944,1.9375050067901611,617900,0.0,0.0
2005-12-19 00:00:00-05:00,1.933174035929432,1.9494191542344754,1.897434693031182,1.9201778173446655,656000,0.0,0.0
2005-12-20 00:00:00-05:00,1.9039326990396221,1.9342570713588199,1.8855215098758034,1.9201778173446655,528500,0.0,0.0
2005-12-21 00:00:00-05:00,1.9093459964692097,1.9158442033511929,1.8595276497802369,1.8681917190551758,419800,0.0,0.0
2005-12-22 00:00:00-05:00,1.8627796165976014,1.8736095649127784,1.8497833894241569,1.8562813997268677,597900,0.0,0.0
2005-12-23 00:00:00-05:00,1.8562813997268677,1.8638624461747006,1.8302891519480018,1.8562813997268677,569000,0.0,0.0
2005-12-27 00:00:00-05:00,1.8616957331910011,1.8822727908795953,1.8422015045867086,1.851948618888855,588400,0.0,0.0
2005-12-28 00:00:00-05:00,1.8515116318422247,1.8853940166687921,1.8471396036221361,1.860255479812622,687400,0.156,0.0
2005-12-29 00:00:00-05:00,1.8580689793212932,1.862441006396929,1.8416742947271092,1.8471391201019287,898300,0.0,0.0
2005-12-30 00:00:00-05:00,1.8504177608591041,1.8777422990679633,1.8427669235157726,1.8711844682693481,817100,0.0,0.0
2006-01-03 00:00:00-05:00,1.8843015756900603,1.9334858655929565,1.8700928966458028,1.9334858655929565,265600,0.0,0.0
2006-01-04 00:00:00-05:00,1.923647593760317,1.9826684897944788,1.923647593760317,1.9673668146133423,383100,0.0,0.0
2006-01-05 00:00:00-05:00,1.982668493386288,1.9914123375727333,1.9728316426178256,1.9870405197143555,356100,0.0,0.0
2006-01-06 00:00:00-05:00,1.9935993244292949,2.0220168840320665,1.9804836559786565,2.007808208465576,289300,0.0,0.0
2006-01-09 00:00:00-05:00,2.020922516791683,2.040596214696608,2.005620844407697,2.025294542312622,283200,0.0,0.0
2006-01-10 00:00:00-05:00,2.022014507213126,2.0580828657597676,2.0023408191932224,2.0548038482666016,360100,0.0,0.0
2006-01-11 00:00:00-05:00,2.059175707334947,2.059175707334947,2.0231073516653977,2.0460598468780518,325400,0.0,0.0
2006-01-12 00:00:00-05:00,2.039503862263624,2.050433721100875,2.0154583395974455,2.036224842071533,235500,0.0,0.0
2006-01-13 00:00:00-05:00,2.038410600024828,2.044968431117289,2.016551093560061,2.034038782119751,223400,0.0,0.0
2006-01-17 00:00:00-05:00,2.0121808293892975,2.0482492446899414,2.001250962350038,2.0482492446899414,292400,0.0,0.0
2006-01-18 00:00:00-05:00,2.0373188899092463,2.0537137907780743,2.0099943330876315,2.027482032775879,310600,0.0,0.0
2006-01-19 00:00:00-05:00,2.0176434814618873,2.0460610217110244,2.0176434814618873,2.043875217437744,250500,0.0,0.0
2006-01-20 00:00:00-05:00,2.052621274893595,2.0548070815255475,2.0384123852015956,2.0482492446899414,213600,0.0,0.0
2006-01-23 00:00:00-05:00,2.037317991256714,2.0482478508582087,2.016551487330579,2.037317991256714,294300,0.0,0.0
2006-01-24 00:00:00-05:00,2.0438742068951408,2.0548038482666016,2.0296653395609674,2.0548038482666016,270000,0.0,0.0
2006-01-25 00:00:00-05:00,2.043875568533389,2.062456263100772,2.0329457114108664,2.044968366622925,308000,0.0,0.0
2006-01-26 00:00:00-05:00,2.0558989628558453,2.0657358169555664,2.04278329636939,2.0657358169555664,287300,0.0,0.0
2006-01-27 00:00:00-05:00,2.0712001935512805,2.086501869079653,2.0602703359725743,2.0810370445251465,245300,0.0,0.0
2006-01-30 00:00:00-05:00,2.0843151882131914,2.0930590297813523,2.0668275050768687,2.0722923278808594,259600,0.0,0.0
2006-01-31 00:00:00-05:00,2.072291976295371,2.0766640005725066,2.052618492457036,2.0711991786956787,216200,0.0,0.0
2006-02-01 00:00:00-05:00,2.057535247613094,2.0762701778563906,2.0531269298145953,2.0685558319091797,226300,0.156,0.0
2006-02-02 00:00:00-05:00,2.0575358867645264,2.064148155316143,2.0498215384209355,2.0575358867645264,218500,0.0,0.0
2006-02-03 00:00:00-05:00,2.052024400972067,2.0608408235349938,2.0432079784091406,2.0586366653442383,206500,0.0,0.0
2006-02-06 00:00:00-05:00,2.050924043005567,2.0597404729672135,2.0432096930641603,2.048719882965088,167600,0.0,0.0
2006-02-07 00:00:00-05:00,2.049820501382595,2.061942952560904,2.0421061569418195,2.0608410835266113,229800,0.0,0.0
2006-02-08 00:00:00-05:00,2.0619433534988585,2.0619433534988585,2.0376982362277376,2.049820899963379,277400,0.0,0.0
2006-02-09 00:00:00-05:00,2.049820899963379,2.052025058860798,2.038800315676447,2.049820899963379,190600,0.0,0.0
2006-02-10 00:00:00-05:00,2.0498196695206405,2.066350430928058,2.039901170636183,2.0432074069976807,188200,0.0,0.0
2006-02-13 00:00:00-05:00,2.0597389773770063,2.0663512424969634,2.0399019718170166,2.0399019718170166,227400,0.0,0.0
2006-02-14 00:00:00-05:00,2.0597389616337907,2.065249147491619,2.049820458929606,2.0564327239990234,222900,0.0,0.0
2006-02-15 00:00:00-05:00,2.070759691141561,2.070759691141561,2.0388000223279255,2.041004180908203,308700,0.0,0.0
2006-02-16 00:00:00-05:00,2.042107241962367,2.0674544472210985,2.042107241962367,2.066352367401123,221600,0.0,0.0
2006-02-17 00:00:00-05:00,2.0696561906996704,2.0817786341669295,2.056431458499039,2.080676555633545,184400,0.0,0.0
2006-02-21 00:00:00-05:00,2.081777786140389,2.082879864224835,2.05202251865996,2.0630428791046143,349400,0.0,0.0
2006-02-22 00:00:00-05:00,2.0817794864042867,2.08288156538884,2.0663508010206892,2.079575538635254,205300,0.0,0.0
2006-02-23 00:00:00-05:00,2.080678668242015,2.080678668242015,2.061943734552009,2.074066400527954,294300,0.0,0.0
2006-02-24 00:00:00-05:00,2.07406555538433,2.0773717929942297,2.067453290364646,2.0729634761810303,211300,0.0,0.0
2006-02-27 00:00:00-05:00,2.087290483117997,2.0928006694293426,2.0740657416905806,2.0828821659088135,225800,0.0,0.0
2006-02-28 00:00:00-05:00,2.087290042005766,2.093902306222021,2.082881725728203,2.089493989944458,288400,0.0,0.0
2006-03-01 00:00:00-05:00,2.0946057311924298,2.1034952959297537,2.0890496207666387,2.095716953277588,257000,0.156,0.0
2006-03-02 00:00:00-05:00,2.0979391083406256,2.102383996517773,2.0857160897413376,2.100161552429199,197500,0.0,0.0
2006-03-03 00:00:00-05:00,2.0968278571895835,2.1112733182167993,2.0890493037737956,2.105717420578003,281100,0.0,0.0
2006-03-06 00:00:00-05:00,2.1057177401000704,2.1057177401000704,2.0890496207666387,2.095716953277588,207900,0.0,0.0
2006-03-07 00:00:00-05:00,2.0890500393069376,2.093494928538102,2.0734933508858298,2.082382917404175,223700,0.0,0.0
2006-03-08 00:00:00-05:00,2.0834950352747117,2.0834950352747117,2.0501591994879464,2.0746054649353027,248400,0.0,0.0
2006-03-09 00:00:00-05:00,2.089049064165134,2.096827616688741,2.0690477077932266,2.0757148265838623,198600,0.0,0.0
2006-03-10 00:00:00-05:00,2.086827426732486,2.0934945474215123,2.067937074826956,2.0790488719940186,188400,0.0,0.0
2006-03-13 00:00:00-05:00,2.083494139711966,2.0946061508458933,2.0723821285780386,2.082382917404175,178300,0.0,0.0
2006-03-14 00:00:00-05:00,2.0912719412399237,2.1034951715097283,2.0801599329895493,2.099050283432007,180700,0.0,0.0
2006-03-15 00:00:00-05:00,2.1101623989120766,2.1201631856512186,2.0934944916614855,2.1134960651397705,220900,0.0,0.0
2006-03-16 00:00:00-05:00,2.1334986885705507,2.1479441587783525,2.1079409921351413,2.1346096992492676,256000,0.0,0.0
2006-03-17 00:00:00-05:00,2.137942220206844,2.1446093404227518,2.1268302118843776,2.1357197761535645,216600,0.0,0.0
2006-03-20 00:00:00-05:00,2.1446092726049124,2.1512766045539133,2.133497476577759,2.133497476577759,216100,0.0,0.0
2006-03-21 00:00:00-05:00,2.1379417717786615,2.1512762213575383,2.1279409875804753,2.1301634311676025,233500,0.0,0.0
2006-03-22 00:00:00-05:00,2.132386415714555,2.14460943465681,2.1201631848283604,2.137942314147949,250000,0.0,0.0
2006-03-23 00:00:00-05:00,2.142387040565836,2.143498262557336,2.1290525886117586,2.133497476577759,173700,0.0,0.0
2006-03-24 00:00:00-05:00,2.1434983303400426,2.1446093404227518,2.1334975440442157,2.1357197761535645,209800,0.0,0.0
2006-03-27 00:00:00-05:00,2.140165812363071,2.1446104909100705,2.131276243325029,2.1346096992492676,224300,0.0,0.0
2006-03-28 00:00:00-05:00,2.1368318391667898,2.13905428409475,2.127942271398962,2.132387161254883,237800,0.0,0.0
2006-03-29 00:00:00-05:00,2.1434980881044905,2.1534986613262275,2.124607739674264,2.141275644302368,224100,0.0,0.0
2006-03-30 00:00:00-05:00,2.1523885312602524,2.1523885312602524,2.1401652972956584,2.145721197128296,209800,0.0,0.0
2006-03-31 00:00:00-05:00,2.1479433985886525,2.1534992977920955,2.135720166008315,2.1512770652770996,192000,0.0,0.0
2006-04-03 00:00:00-04:00,2.1620294625418635,2.172111482708716,2.144105918615347,2.150827407836914,229400,0.156,0.0
2006-04-04 00:00:00-04:00,2.155308021130523,2.156428269247912,2.1396249748180374,2.145226001739502,203900,0.0,0.0
2006-04-05 00:00:00-04:00,2.14074647175045,2.1564295272117233,2.139626222979558,2.153068780899048,179500,0.0,0.0
2006-04-06 00:00:00-04:00,2.151947519514846,2.156428512489852,2.137384719677087,2.1485869884490967,247000,0.0,0.0
2006-04-07 00:00:00-04:00,2.149707037590544,2.158668809045026,2.1172204825271184,2.1183407306671143,180800,0.0,0.0
2006-04-10 00:00:00-04:00,2.1116215292091467,2.117222561744131,2.0735339097073053,2.0858564376831055,228300,0.0,0.0
2006-04-11 00:00:00-04:00,2.097058502753075,2.1004192504734824,2.078014693002154,2.0858564376831055,171700,0.0,0.0
2006-04-12 00:00:00-04:00,2.0858554797808146,2.106019315846194,2.0735329574639745,2.079133987426758,223900,0.0,0.0
2006-04-13 00:00:00-04:00,2.0724129676818848,2.0836152426727494,2.06121069269102,2.0724129676818848,194400,0.0,0.0
2006-04-17 00:00:00-04:00,2.0623310819024314,2.0679321129462136,1.99847838787451,2.0432872772216797,264800,0.0,0.0
2006-04-18 00:00:00-04:00,2.039927252253845,2.0768948394206195,2.0276049368639675,2.0746543407440186,234300,0.0,0.0
2006-04-19 00:00:00-04:00,2.073532439259638,2.0959367671772196,2.064570665359497,2.064570665359497,241900,0.0,0.0
2006-04-20 00:00:00-04:00,2.0533686893930585,2.0836147607733806,2.052248440786501,2.069051742553711,223600,0.0,0.0
2006-04-21 00:00:00-04:00,2.0802542178203884,2.0892159938812256,2.06681166056193,2.0892159938812256,230400,0.0,0.0
2006-04-24 00:00:00-04:00,2.094817159291047,2.1004181889954667,2.082494637542619,2.091456413269043,245000,0.0,0.0
2006-04-25 00:00:00-04:00,2.094816487427368,2.106018543243408,2.0735321967789573,2.106018543243408,249800,0.0,0.0
2006-04-26 00:00:00-04:00,2.1071395710638936,2.120582342147827,2.0992980436255984,2.120582342147827,178400,0.0,0.0
2006-04-27 00:00:00-04:00,2.121702194213867,2.1228224427335585,2.1004178996708465,2.121702194213867,212700,0.0,0.0
2006-04-28 00:00:00-04:00,2.1228220462799072,2.1284230741667702,2.117220804727526,2.1228220462799072,187000,0.0,0.0
2006-05-01 00:00:00-04:00,2.134794987781678,2.1370540818477632,2.107686505305865,2.1212408542633057,183500,0.156,0.0
2006-05-02 00:00:00-04:00,2.1189820963682866,2.124629616990395,2.106557292472725,2.1122050285339355,151900,0.0,0.0
2006-05-03 00:00:00-04:00,2.1122055045066594,2.1155939314678456,2.100910245278022,2.1088168621063232,178700,0.0,0.0
2006-05-04 00:00:00-04:00,2.1088163868972094,2.1189820963682866,2.1009097718506164,2.1122050285339355,143200,0.0,0.0
2006-05-05 00:00:00-04:00,2.1167233001770946,2.1235003689662926,2.1076871366451195,2.1201119422912598,156800,0.0,0.0
2006-05-08 00:00:00-04:00,2.124629616990395,2.132536232036988,2.1110754813216936,2.1122050285339355,198000,0.0,0.0
2006-05-09 00:00:00-04:00,2.1167242530756867,2.1280195164352955,2.1065585375959617,2.113335609436035,196300,0.0,0.0
2006-05-10 00:00:00-04:00,2.118982454896955,2.1314072608947754,2.1122053859159347,2.1314072608947754,198900,0.0,0.0
2006-05-11 00:00:00-04:00,2.1291481443201534,2.1314072391037766,2.095262368883213,2.0963919162750244,230500,0.0,0.0
2006-05-12 00:00:00-04:00,2.096393106698152,2.129149353343702,2.095263558664934,2.103170394897461,189200,0.0,0.0
2006-05-15 00:00:00-04:00,2.117853047811827,2.1201121427682232,2.0952625291261735,2.1020398139953613,183500,0.0,0.0
2006-05-16 00:00:00-04:00,2.102039972174173,2.111076137240577,2.0896151644181797,2.0975217819213867,232600,0.0,0.0
2006-05-17 00:00:00-04:00,2.0975209601678153,2.1133341889790223,2.0613763140627226,2.0681533813476562,259400,0.0,0.0
2006-05-18 00:00:00-04:00,2.083966869212604,2.1009096454990703,2.0726716132085965,2.086225748062134,173400,0.0,0.0
2006-05-19 00:00:00-04:00,2.0783224217441556,2.099783420562744,2.070415794663473,2.099783420562744,194900,0.0,0.0
2006-05-22 00:00:00-04:00,2.104298553525508,2.104298553525508,2.0805787043787562,2.0896148681640625,192500,0.0,0.0
2006-05-23 00:00:00-04:00,2.100910845772788,2.10655836928174,2.0850973921571403,2.0930042266845703,259500,0.0,0.0
2006-05-24 00:00:00-04:00,2.105428845036479,2.105428845036479,2.0353986048098127,2.082838535308838,287800,0.0,0.0
2006-05-25 00:00:00-04:00,2.0738024711608887,2.085097518865175,2.0658958515921984,2.0738024711608887,233300,0.0,0.0
2006-05-26 00:00:00-04:00,2.0692833871827303,2.0839672875674484,2.068153839811665,2.0817081928253174,177100,0.0,0.0
2006-05-30 00:00:00-04:00,2.0839673664436007,2.0873557932459135,2.0681539180892936,2.07944917678833,200800,0.0,0.0
2006-05-31 00:00:00-04:00,2.0884854385826057,2.1460910667534217,2.0794492742875255,2.1088168621063232,405800,0.0,0.0
2006-06-01 00:00:00-04:00,2.1186125422345716,2.1322808883061715,2.1106393041503977,2.130002975463867,175800,0.156,0.0
2006-06-02 00:00:00-04:00,2.1345583399701553,2.1436706402065147,2.1231679103611123,2.1334192752838135,213500,0.0,0.0
2006-06-05 00:00:00-04:00,2.1379767334515134,2.13911579877688,2.118613057429273,2.12772536277771,139800,0.0,0.0
2006-06-06 00:00:00-04:00,2.1288620181158198,2.131139928933338,2.1015251330173457,2.116332530975342,223700,0.0,0.0
2006-06-07 00:00:00-04:00,2.124307880015522,2.1413934230804443,2.1083614021221906,2.1413934230804443,231400,0.0,0.0
2006-06-08 00:00:00-04:00,2.1413927332561427,2.1413927332561427,2.112916764902979,2.1220290660858154,196700,0.0,0.0
2006-06-09 00:00:00-04:00,2.1254464901429477,2.153922461572788,2.1243074252152234,2.1470882892608643,229900,0.0,0.0
2006-06-12 00:00:00-04:00,2.151643515257322,2.152782579752818,2.1368361113245493,2.1459484100341797,207400,0.0,0.0
2006-06-13 00:00:00-04:00,2.1413929795516755,2.1413929795516755,2.1083609654350655,2.1106390953063965,238600,0.0,0.0
2006-06-14 00:00:00-04:00,2.1060828208804794,2.1607566338847124,2.102665626097307,2.1470882892608643,346300,0.0,0.0
2006-06-15 00:00:00-04:00,2.1630352811212084,2.164174346321388,2.144810672427281,2.150505781173706,260200,0.0,0.0
2006-06-16 00:00:00-04:00,2.158478721283685,2.159617568956988,2.135697857238044,2.1470882892608643,192300,0.0,0.0
2006-06-19 00:00:00-04:00,2.1470899514149884,2.151645997398494,2.1288653329717877,2.135699510574341,161800,0.0,0.0
2006-06-20 00:00:00-04:00,2.1311415975271477,2.15164433171734,2.130002749853844,2.1470882892608643,203000,0.0,0.0
2006-06-21 00:00:00-04:00,2.1425327386277817,2.1744259153959398,2.1425327386277817,2.1527841091156006,253600,0.0,0.0
2006-06-22 00:00:00-04:00,2.153924135345254,2.169870622216254,2.152785069532384,2.164175510406494,218100,0.0,0.0
2006-06-23 00:00:00-04:00,2.1562011071746037,2.164174346321388,2.1413934768267424,2.150505781173706,196300,0.0,0.0
2006-06-26 00:00:00-04:00,2.152783857541882,2.156201053056653,2.131142053790598,2.1413934230804443,163600,0.0,0.0
2006-06-27 00:00:00-04:00,2.13114114591113,2.1505048110701903,2.124306975047454,2.1334192752838135,245400,0.0,0.0
2006-06-28 00:00:00-04:00,2.144810159405416,2.150505266789616,2.1254464901429477,2.1470882892608643,147200,0.0,0.0
2006-06-29 00:00:00-04:00,2.1562003688385905,2.164173605255143,2.1436708731814957,2.1584784984588623,195200,0.0,0.0
2006-06-30 00:00:00-04:00,2.1596173460145995,2.1607564108247352,2.136836701575079,2.1584784984588623,136000,0.0,0.0
2006-07-03 00:00:00-04:00,2.1522776954365392,2.1718021018879132,2.1419412320765265,2.1706535816192627,50800,0.156,0.0
2006-07-05 00:00:00-04:00,2.1603174692958134,2.1821389198303223,2.159168948840536,2.1821389198303223,130800,0.0,0.0
2006-07-06 00:00:00-04:00,2.1821361271563036,2.1936210979528563,2.1695026373743356,2.185581684112549,164500,0.0,0.0
2006-07-07 00:00:00-04:00,2.1763961829625154,2.1821385652479255,2.1649111993338526,2.1706535816192627,137100,0.0,0.0
2006-07-10 00:00:00-04:00,2.170652449937381,2.184434466918013,2.151128053665161,2.151128053665161,161600,0.0,0.0
2006-07-11 00:00:00-04:00,2.1534242083541466,2.171800077407491,2.1465333122235517,2.1637606620788574,206300,0.0,0.0
2006-07-12 00:00:00-04:00,2.1821382725458385,2.1821382725458385,2.1603168284841923,2.162613868713379,240500,0.0,0.0
2006-07-13 00:00:00-04:00,2.1649091812768964,2.169503039011413,2.154572727552185,2.1637606620788574,154700,0.0,0.0
2006-07-14 00:00:00-04:00,2.1706535816192627,2.180990044979275,2.1591685979906,2.1706535816192627,193800,0.0,0.0
2006-07-17 00:00:00-04:00,2.1786916255950928,2.1821371842204247,2.16605834875095,2.1786916255950928,199000,0.0,0.0
2006-07-18 00:00:00-04:00,2.18098878962478,2.192473766642809,2.161464394411445,2.1718008518218994,255700,0.0,0.0
2006-07-19 00:00:00-04:00,2.171802153280889,2.1924750804901123,2.17065363298506,2.1924750804901123,199300,0.0,0.0
2006-07-20 00:00:00-04:00,2.192473648925183,2.2108495235443115,2.179840152977893,2.2108495235443115,249600,0.0,0.0
2006-07-21 00:00:00-04:00,2.2039597665749366,2.2108506683609113,2.1855838824404583,2.1936233043670654,188300,0.0,0.0
2006-07-24 00:00:00-04:00,2.193622946845731,2.206256228218049,2.192474426892287,2.2051079273223877,198400,0.0,0.0
2006-07-25 00:00:00-04:00,2.2051058430251222,2.2131452560424805,2.197066210950189,2.2131452560424805,224800,0.0,0.0
2006-07-26 00:00:00-04:00,2.2154441344602764,2.2223350343350297,2.2062559758835953,2.2188894748687744,213300,0.0,0.0
2006-07-27 00:00:00-04:00,2.220039065079554,2.234969391849782,2.211999641506519,2.2165935039520264,242900,0.0,0.0
2006-07-28 00:00:00-04:00,2.216592204059169,2.2349680811806207,2.216592204059169,2.2326712608337402,234200,0.0,0.0
2006-07-31 00:00:00-04:00,2.2349701557733757,2.239564238847026,2.2303762917576635,2.2384157180786133,263600,0.0,0.0
2006-08-01 00:00:00-04:00,2.23447910368524,2.235636891423678,2.204377505787578,2.2286903858184814,214800,0.156,0.0
2006-08-02 00:00:00-04:00,2.2310059151991846,2.251845652409623,2.2263747643411196,2.249530076980591,145700,0.0,0.0
2006-08-03 00:00:00-04:00,2.2506858919840895,2.2518436786838136,2.2356348857129107,2.242581605911255,181800,0.0,0.0
2006-08-04 00:00:00-04:00,2.254158830798573,2.2576321905888634,2.2391080466910744,2.250685691833496,220700,0.0,0.0
2006-08-07 00:00:00-04:00,2.24721495280719,2.262265975292819,2.2425840218446305,2.2599503993988037,197700,0.0,0.0
2006-08-08 00:00:00-04:00,2.253001875521767,2.2599485976655727,2.2437398001553217,2.255317449569702,243100,0.0,0.0
2006-08-09 00:00:00-04:00,2.2564744822432337,2.2692099144240645,2.2425814842507106,2.2472124099731445,256200,0.0,0.0
2006-08-10 00:00:00-04:00,2.24721435832406,2.2738428115844727,2.2448987830426117,2.2738428115844727,239200,0.0,0.0
2006-08-11 00:00:00-04:00,2.2738432611721042,2.281947555434152,2.2634233911707695,2.275001049041748,249900,0.0,0.0
2006-08-14 00:00:00-04:00,2.2807882524384295,2.2819458186015704,2.2634216684372723,2.268052816390991,240400,0.0,0.0
2006-08-15 00:00:00-04:00,2.2807889251778297,2.2807889251778297,2.268053485373958,2.2796311378479004,270800,0.0,0.0
2006-08-16 00:00:00-04:00,2.2749998986385527,2.2923662662506104,2.2738421113543694,2.2923662662506104,260400,0.0,0.0
2006-08-17 00:00:00-04:00,2.2877351084272455,2.3039436871290304,2.2854195340911843,2.3016281127929688,316100,0.0,0.0
2006-08-18 00:00:00-04:00,2.295838632129306,2.303942918777466,2.291207705826893,2.303942918777466,282600,0.0,0.0
2006-08-21 00:00:00-04:00,2.3027865290286047,2.30741767896585,2.2900513083519467,2.29584002494812,264100,0.0,0.0
2006-08-22 00:00:00-04:00,2.2819475935176152,2.3120494161543466,2.2807900264541097,2.310891628265381,363900,0.0,0.0
2006-08-23 00:00:00-04:00,2.3062596788597713,2.3132061822998344,2.2935242385318526,2.294682025909424,313100,0.0,0.0
2006-08-24 00:00:00-04:00,2.298155560894694,2.315521931213721,2.27731582818171,2.2784736156463623,467200,0.0,0.0
2006-08-25 00:00:00-04:00,2.2854194111400745,2.300470422689436,2.278472909330921,2.2877349853515625,274500,0.0,0.0
2006-08-28 00:00:00-04:00,2.287735337939223,2.29583962810316,2.2807888350594685,2.2923662662506104,294600,0.0,0.0
2006-08-29 00:00:00-04:00,2.2958386435736,2.3143627905260904,2.2923652832105392,2.3132050037384033,274200,0.0,0.0
2006-08-30 00:00:00-04:00,2.3132059041762205,2.315521478652954,2.3074171888097226,2.315521478652954,245400,0.0,0.0
2006-08-31 00:00:00-04:00,2.3155219882042792,2.3236262798309326,2.310890838231686,2.3236262798309326,376800,0.0,0.0
2006-09-01 00:00:00-04:00,2.334826064153045,2.344160692082212,2.3243245799133474,2.3324923515319824,277400,0.156,0.0
2006-09-05 00:00:00-04:00,2.3336600157930003,2.3348268725075165,2.304489265595588,2.3079898357391357,332700,0.0,0.0
2006-09-06 00:00:00-04:00,2.31615718125076,2.3266586671814458,2.3056556953200746,2.320824384689331,291900,0.0,0.0
2006-09-07 00:00:00-04:00,2.323158668479328,2.332493300205082,2.3091568321682856,2.3254923820495605,292500,0.0,0.0
2006-09-08 00:00:00-04:00,2.332493672707432,2.338327957564756,2.3254927534338545,2.335994243621826,227500,0.0,0.0
2006-09-11 00:00:00-04:00,2.3243256388146336,2.338327698364894,2.3243256388146336,2.3289928436279297,254200,0.0,0.0
2006-09-12 00:00:00-04:00,2.337160727345547,2.337160727345547,2.3254923820495605,2.3254923820495605,277500,0.0,0.0
2006-09-13 00:00:00-04:00,2.327824875327451,2.3336589336395264,2.3196568821134633,2.3336589336395264,313700,0.0,0.0
2006-09-14 00:00:00-04:00,2.330158233642578,2.334825658072931,2.3243241756596835,2.330158233642578,250200,0.0,0.0
2006-09-15 00:00:00-04:00,2.3336592436627432,2.3348260999911856,2.327825184575622,2.3313255310058594,247200,0.0,0.0
2006-09-18 00:00:00-04:00,2.3336592436627432,2.3383266689765114,2.327825184575622,2.3313255310058594,244200,0.0,0.0
2006-09-19 00:00:00-04:00,2.3266585374505477,2.3394935131073,2.3231579681504653,2.3394935131073,315800,0.0,0.0
2006-09-20 00:00:00-04:00,2.339493302749865,2.345327584392075,2.3313255310058594,2.3313255310058594,331200,0.0,0.0
2006-09-21 00:00:00-04:00,2.3324920774660995,2.342993560471882,2.328991508945819,2.3336589336395264,323600,0.0,0.0
2006-09-22 00:00:00-04:00,2.3383267359575544,2.349994854466029,2.3336593105100887,2.344160795211792,318100,0.0,0.0
2006-09-25 00:00:00-04:00,2.3488282438192427,2.3569962392067763,2.3406604709868275,2.3511619567871094,334100,0.0,0.0
2006-09-26 00:00:00-04:00,2.3511638260078698,2.3569981130659077,2.339495474447089,2.345329761505127,402900,0.0,0.0
2006-09-27 00:00:00-04:00,2.351162165331665,2.3674979350005723,2.3476618181245077,2.35932993888855,310100,0.0,0.0
2006-09-28 00:00:00-04:00,2.3791657500613486,2.380332606498849,2.3651639179215636,2.368664264678955,258500,0.0,0.0
2006-09-29 00:00:00-04:00,2.388499895349788,2.390833607752226,2.36983064124041,2.3838326930999756,387700,0.0,0.0
2006-10-02 00:00:00-04:00,2.377483742827988,2.3974724881985887,2.377483742827988,2.3810112476348877,258700,0.156,0.0
2006-10-03 00:00:00-04:00,2.3810116599915765,2.3810116599915765,2.364550416577027,2.3727810382843018,270500,0.0,0.0
2006-10-04 00:00:00-04:00,2.371604649931396,2.371604649931396,2.344561120839353,2.3516159057617188,399100,0.0,0.0
2006-10-05 00:00:00-04:00,2.346914276514757,2.3586724094653135,2.34573866506066,2.3527934551239014,259000,0.0,0.0
2006-10-06 00:00:00-04:00,2.3516172825990527,2.3821883341849643,2.3469139403853583,2.3763091564178467,202900,0.0,0.0
2006-10-09 00:00:00-04:00,2.3763084298206567,2.3821876057901155,2.3563199043273926,2.3563199043273926,254200,0.0,0.0
2006-10-10 00:00:00-04:00,2.356319794869752,2.379835824852306,2.356319794869752,2.3727810382843018,282300,0.0,0.0
2006-10-11 00:00:00-04:00,2.3786614841200433,2.386892110998254,2.3645519021196137,2.36807918548584,393800,0.0,0.0
2006-10-12 00:00:00-04:00,2.3645500070711862,2.385714587377421,2.3610225022642863,2.3810112476348877,234500,0.0,0.0
2006-10-13 00:00:00-04:00,2.3821877798259257,2.386890896677457,2.365726534444094,2.3739571571350098,212600,0.0,0.0
2006-10-16 00:00:00-04:00,2.3892430671222358,2.395122244751271,2.372781818296328,2.393946409225464,264900,0.0,0.0
2006-10-17 00:00:00-04:00,2.3892411305058756,2.424515494885114,2.3774830090461294,2.4186363220214844,412000,0.0,0.0
2006-10-18 00:00:00-04:00,2.4186365260744713,2.4209881954183263,2.3810107136429193,2.3986477851867676,354300,0.0,0.0
2006-10-19 00:00:00-04:00,2.416286611412712,2.419814117990133,2.3892430671222358,2.393946409225464,326900,0.0,0.0
2006-10-20 00:00:00-04:00,2.389242932469538,2.401001062797249,2.3833639794395234,2.390418767929077,223300,0.0,0.0
2006-10-23 00:00:00-04:00,2.3927711546486155,2.4186388696937935,2.3880678114034466,2.403353452682495,293700,0.0,0.0
2006-10-24 00:00:00-04:00,2.4033503237691995,2.417459886600016,2.3962953180863336,2.4151084423065186,297200,0.0,0.0
2006-10-25 00:00:00-04:00,2.411582140389393,2.4162852555859122,2.406878800925304,2.4092304706573486,282200,0.0,0.0
2006-10-26 00:00:00-04:00,2.4198127352413237,2.433922529220581,2.4151096200932827,2.433922529220581,285200,0.0,0.0
2006-10-27 00:00:00-04:00,2.433922591379385,2.4550869464874268,2.4221644668076463,2.4550869464874268,264100,0.0,0.0
2006-10-30 00:00:00-05:00,2.432746694366679,2.4456804292244674,2.428043354951071,2.433922529220581,318000,0.0,0.0
2006-10-31 00:00:00-05:00,2.4398018291913366,2.4503841201268273,2.429219538255846,2.443329334259033,349300,0.0,0.0
2006-11-01 00:00:00-05:00,2.4286384362817093,2.433377351449327,2.4049443123714447,2.4096832275390625,356700,0.156,0.0
2006-11-02 00:00:00-05:00,2.4084981724312713,2.4084981724312713,2.310167955664615,2.3634796142578125,730400,0.0,0.0
2006-11-03 00:00:00-05:00,2.374143083892449,2.3812512331238183,2.3694041670955426,2.3753275871276855,220000,0.0,0.0
2006-11-06 00:00:00-05:00,2.3788827376190937,2.3990226902299576,2.375328548582795,2.3942837715148926,267900,0.0,0.0
2006-11-07 00:00:00-05:00,2.3966517276612698,2.410868248925597,2.395466998725581,2.4073140621185303,236300,0.0,0.0
2006-11-08 00:00:00-05:00,2.408499978569326,2.420347047803493,2.395468179815337,2.3978376388549805,198500,0.0,0.0
2006-11-09 00:00:00-05:00,2.409685317506498,2.4167934704590532,2.390730092323612,2.4120547771453857,230700,0.0,0.0
2006-11-10 00:00:00-05:00,2.422717570256672,2.422717570256672,2.407316305702898,2.4132399559020996,191800,0.0,0.0
2006-11-13 00:00:00-05:00,2.413236447200671,2.4250832784461904,2.4084975339314063,2.420344591140747,247000,0.0,0.0
2006-11-14 00:00:00-05:00,2.4239007265487165,2.425085455929801,2.4167925762262343,2.4191620349884033,201500,0.0,0.0
2006-11-15 00:00:00-05:00,2.422715120773165,2.4274538101773295,2.417976205405079,2.425084352493286,212100,0.0,0.0
2006-11-16 00:00:00-05:00,2.433377824074696,2.433377824074696,2.419161301774536,2.429823637008667,233900,0.0,0.0
2006-11-17 00:00:00-05:00,2.422715488840565,2.433377824074696,2.4203460307965456,2.429823637008667,205500,0.0,0.0
2006-11-20 00:00:00-05:00,2.4333782393823764,2.4333782393823764,2.4203464438800735,2.422715902328491,231700,0.0,0.0
2006-11-21 00:00:00-05:00,2.4274532921021756,2.441669809208376,2.422714603709358,2.4369308948516846,239400,0.0,0.0
2006-11-22 00:00:00-05:00,2.429823574568387,2.45588693449097,2.429823574568387,2.4523329734802246,252200,0.0,0.0
2006-11-24 00:00:00-05:00,2.4724731632886585,2.4724731632886585,2.45233322033266,2.461810827255249,94800,0.0,0.0
2006-11-27 00:00:00-05:00,2.461812336270383,2.4629970661074063,2.423901659377976,2.439302921295166,314400,0.0,0.0
2006-11-28 00:00:00-05:00,2.4582569325828523,2.4629958495903104,2.4215312296310527,2.459441661834717,194400,0.0,0.0
2006-11-29 00:00:00-05:00,2.460626242257075,2.473657811311378,2.4535178671758335,2.465364933013916,213800,0.0,0.0
2006-11-30 00:00:00-05:00,2.4724722562808887,2.4855038197914348,2.464179155547408,2.4795804023742676,311800,0.0,0.0
2006-12-01 00:00:00-05:00,2.4779113189894777,2.479104945196876,2.4588137549929474,2.465975284576416,243900,0.156,0.0
2006-12-04 00:00:00-05:00,2.470750605732331,2.4946224547846994,2.4623952195199568,2.483880043029785,211800,0.0,0.0
2006-12-05 00:00:00-05:00,2.4826855659484863,2.4910409492986045,2.477911288837908,2.4826855659484863,219700,0.0,0.0
2006-12-06 00:00:00-05:00,2.4826853240983406,2.501782886002105,2.4791046735294446,2.4910407066345215,226700,0.0,0.0
2006-12-07 00:00:00-05:00,2.4934273435122454,2.504169748870769,2.49104031939102,2.498201847076416,172000,0.0,0.0
2006-12-08 00:00:00-05:00,2.5029754638671875,2.5077499661740807,2.4922330613374775,2.5029754638671875,215000,0.0,0.0
2006-12-11 00:00:00-05:00,2.506554401084376,2.513715921342499,2.5005865054793768,2.508941650390625,184100,0.0,0.0
2006-12-12 00:00:00-05:00,2.5125233382115395,2.5244593620300293,2.505361814984733,2.5244593620300293,255300,0.0,0.0
2006-12-13 00:00:00-05:00,2.526847894875973,2.559075107245219,2.519686368014196,2.539977550506592,316900,0.0,0.0
2006-12-14 00:00:00-05:00,2.5101372193800677,2.554300227450942,2.5065563426469692,2.538783550262451,238600,0.0,0.0
2006-12-15 00:00:00-05:00,2.5423638430516107,2.5531062440846806,2.518492017825387,2.5208792686462402,234200,0.0,0.0
2006-12-18 00:00:00-05:00,2.530427948818962,2.5542997731447197,2.5256534473573544,2.549525499343872,229100,0.0,0.0
2006-12-19 00:00:00-05:00,2.534008765954338,2.5519126923057884,2.5256536155010467,2.5447511672973633,238600,0.0,0.0
2006-12-20 00:00:00-05:00,2.5268478830470396,2.559075095265421,2.5268478830470396,2.548332691192627,219100,0.0,0.0
2006-12-21 00:00:00-05:00,2.5578818393172047,2.588915430274016,2.5495266855328453,2.576979398727417,245300,0.0,0.0
2006-12-22 00:00:00-05:00,2.5865266935303537,2.60084996869558,2.574590668836121,2.599656343460083,254300,0.0,0.0
2006-12-26 00:00:00-05:00,2.600852033561733,2.635466282229112,2.5853351208418363,2.6306920051574707,289200,0.0,0.0
2006-12-27 00:00:00-05:00,2.8778436777417418,2.8778436777417418,2.6205926724979953,2.6374223232269287,308300,0.156,0.0
2006-12-28 00:00:00-05:00,2.6446335389735784,2.6518461116986574,2.603761911392212,2.603761911392212,229600,0.0,0.0
2006-12-29 00:00:00-05:00,2.6133805763925855,2.6145827109001485,2.5893385740924675,2.5977532863616943,193300,0.0,0.0
2007-01-03 00:00:00-05:00,2.602563602595188,2.6109783213551068,2.550872925316955,2.5556814670562744,454600,0.0,0.0
2007-01-04 00:00:00-05:00,2.5304339369202813,2.549667621408063,2.430659112658562,2.478743553161621,801600,0.0,0.0
2007-01-05 00:00:00-05:00,2.478745937968127,2.4979796409606934,2.4583100998780467,2.4979796409606934,359100,0.0,0.0
2007-01-08 00:00:00-05:00,2.497981279894277,2.5520760190711687,2.482353742657148,2.54606556892395,341200,0.0,0.0
2007-01-09 00:00:00-05:00,2.552074007721933,2.5652972627650277,2.5124044718764447,2.5208191871643066,290200,0.0,0.0
2007-01-10 00:00:00-05:00,2.522020157362838,2.549668560335225,2.513605445961128,2.519615888595581,270700,0.0,0.0
2007-01-11 00:00:00-05:00,2.5220213882584486,2.525627793169473,2.5039898222709294,2.5184152126312256,276100,0.0,0.0
2007-01-12 00:00:00-05:00,2.5232229444301524,2.5328397927030872,2.501584978495112,2.5027871131896973,295900,0.0,0.0
2007-01-16 00:00:00-05:00,2.5160103126172944,2.554477704899798,2.5039891952080757,2.514808177947998,288700,0.0,0.0
2007-01-17 00:00:00-05:00,2.5075973443037065,2.5388521796050494,2.50639520879782,2.5304372310638428,239400,0.0,0.0
2007-01-18 00:00:00-05:00,2.53043627604357,2.5340426812001247,2.5075963979035074,2.511202573776245,273300,0.0,0.0
2007-01-19 00:00:00-05:00,2.5075960201733882,2.528031854414559,2.5003832109467754,2.526829719543457,283600,0.0,0.0
2007-01-22 00:00:00-05:00,2.514807189035234,2.5280304359138914,2.506392478942871,2.506392478942871,212700,0.0,0.0
2007-01-23 00:00:00-05:00,2.506393468255997,2.5268292990967893,2.505191333584922,2.5244250297546387,325400,0.0,0.0
2007-01-24 00:00:00-05:00,2.525626760889338,2.535243607437648,2.4955740867654055,2.501584529876709,415900,0.0,0.0
2007-01-25 00:00:00-05:00,2.5039885820159835,2.512403293356667,2.483552756209886,2.490765333175659,312900,0.0,0.0
2007-01-26 00:00:00-05:00,2.4907666789364176,2.522021501719994,2.4883626381713824,2.5039899349212646,307000,0.0,0.0
2007-01-29 00:00:00-05:00,2.51120048208558,2.537646972637555,2.507594309216584,2.5292322635650635,207500,0.0,0.0
2007-01-30 00:00:00-05:00,2.5376498059225523,2.573712950578754,2.5376498059225523,2.5689046382904053,316900,0.0,0.0
2007-01-31 00:00:00-05:00,2.565296545958874,2.5929449539744396,2.555679698419385,2.589338779449463,199800,0.0,0.0
2007-02-01 00:00:00-05:00,2.590065510554065,2.5912764151199164,2.557372011101792,2.5658481121063232,255700,0.156,0.0
2007-02-02 00:00:00-05:00,2.5731111338898125,2.5731111338898125,2.529519530186154,2.5525262355804443,283200,0.0,0.0
2007-02-05 00:00:00-05:00,2.5779560155587817,2.579166688740257,2.524677388276261,2.530731678009033,298500,0.0,0.0
2007-02-06 00:00:00-05:00,2.530730710505936,2.5355743252055096,2.5040915225270615,2.517411231994629,309400,0.0,0.0
2007-02-07 00:00:00-05:00,2.51499030587836,2.523466403616314,2.5028814958428507,2.513779401779175,265600,0.0,0.0
2007-02-08 00:00:00-05:00,2.5222575037861663,2.533155418382333,2.5174141144970505,2.531944513320923,172900,0.0,0.0
2007-02-09 00:00:00-05:00,2.5404186248779297,2.542840433100882,2.5270991415643818,2.5404186248779297,168500,0.0,0.0
2007-02-12 00:00:00-05:00,2.548895773280558,2.561004588429866,2.5392087673524,2.5452632904052734,201500,0.0,0.0
2007-02-13 00:00:00-05:00,2.537996009173408,2.5501048154793207,2.5246765300975476,2.5476832389831543,183800,0.0,0.0
2007-02-14 00:00:00-05:00,2.5476858771086026,2.5646380849171075,2.539209542247841,2.548896551132202,203400,0.0,0.0
2007-02-15 00:00:00-05:00,2.5610032081604004,2.5682684009517858,2.5549489193269648,2.5610032081604004,230800,0.0,0.0
2007-02-16 00:00:00-05:00,2.547683453266543,2.561002933462693,2.544050741782344,2.5464725494384766,190500,0.0,0.0
2007-02-20 00:00:00-05:00,2.5549492432592977,2.5585817246373814,2.5355752393883697,2.5404186248779297,208200,0.0,0.0
2007-02-21 00:00:00-05:00,2.5367870096427168,2.5488955929790587,2.5210454817751953,2.535576105117798,258400,0.0,0.0
2007-02-22 00:00:00-05:00,2.5404186801552777,2.653030224453092,2.519833771724964,2.530731678009033,275000,0.0,0.0
2007-02-23 00:00:00-05:00,2.524680070742825,2.579169429101635,2.524680070742825,2.5743260383605957,232100,0.0,0.0
2007-02-26 00:00:00-05:00,2.5779567853609517,2.5840110769015925,2.5452630567460894,2.5585825443267822,233800,0.0,0.0
2007-02-27 00:00:00-05:00,2.5440514888444827,2.5440514888444827,2.263128185015922,2.40964412689209,634300,0.0,0.0
2007-02-28 00:00:00-05:00,2.421752991753014,2.4883511066436768,2.421752991753014,2.4883511066436768,319800,0.0,0.0
2007-03-01 00:00:00-05:00,2.4451579944781288,2.489082828132569,2.4451579944781288,2.4597995281219482,310400,0.156,0.0
2007-03-02 00:00:00-05:00,2.4573604173137213,2.470782023766064,2.417095830679791,2.4256367683410645,281600,0.0,0.0
2007-03-05 00:00:00-05:00,2.368290176651009,2.41221526247205,2.3109437178359373,2.378051280975342,472800,0.0,0.0
2007-03-06 00:00:00-05:00,2.3829312077680584,2.4378373152307438,2.3829312077680584,2.4170949459075928,384200,0.0,0.0
2007-03-07 00:00:00-05:00,2.440278699087476,2.4659015137208007,2.413435717177834,2.448819637298584,281000,0.0,0.0
2007-03-08 00:00:00-05:00,2.456141053716495,2.4890848806654846,2.452480783648723,2.4573612213134766,245100,0.0,0.0
2007-03-09 00:00:00-05:00,2.463460201341671,2.4793219026930964,2.4573593679580474,2.4732213020324707,182900,0.0,0.0
2007-03-12 00:00:00-04:00,2.450039243551584,2.48664332256685,2.450039243551584,2.476882219314575,141800,0.0,0.0
2007-03-13 00:00:00-04:00,2.467120304611732,2.4817620710359094,2.432956570826955,2.435396671295166,238600,0.0,0.0
2007-03-14 00:00:00-04:00,2.4231955894526367,2.447598224390656,2.4134344889328303,2.4378371238708496,238600,0.0,0.0
2007-03-15 00:00:00-04:00,2.439057988315374,2.470781632261299,2.439057988315374,2.462240695953369,133900,0.0,0.0
2007-03-16 00:00:00-04:00,2.4744414630478775,2.4890829976890796,2.4622400290315443,2.4781017303466797,135900,0.0,0.0
2007-03-19 00:00:00-04:00,2.497625395684055,2.529349049632362,2.4964052282949125,2.5134873390197754,201600,0.0,0.0
2007-03-20 00:00:00-04:00,2.514706456479049,2.5622918011723064,2.5012848535253465,2.5610716342926025,262800,0.0,0.0
2007-03-21 00:00:00-04:00,2.568392050200072,2.5769332171852692,2.5281274795904425,2.5488698482513428,283100,0.0,0.0
2007-03-22 00:00:00-04:00,2.574495714725536,2.574495714725536,2.535451267894059,2.54765248298645,236700,0.0,0.0
2007-03-23 00:00:00-04:00,2.539107857028525,2.5622905509855745,2.5269064269078183,2.550089120864868,295500,0.0,0.0
2007-03-26 00:00:00-04:00,2.551312987148124,2.559853930802102,2.524469988132299,2.54765248298645,236300,0.0,0.0
2007-03-27 00:00:00-04:00,2.5415487786647013,2.557410478591919,2.5378882789632002,2.557410478591919,184600,0.0,0.0
2007-03-28 00:00:00-04:00,2.5464295691894363,2.558630770010525,2.5403287360559035,2.5549705028533936,125500,0.0,0.0
2007-03-29 00:00:00-04:00,2.5549710993565995,2.559851534279861,2.5464301636986093,2.5525307655334473,151400,0.0,0.0
2007-03-30 00:00:00-04:00,2.5561909020959623,2.5622915030616675,2.551310235144991,2.5598511695861816,155800,0.0,0.0
2007-04-02 00:00:00-04:00,2.556901844881338,2.5679653816425105,2.5507555397769135,2.561819076538086,155100,0.156,0.0
2007-04-03 00:00:00-04:00,2.563048384452273,2.5716533053850714,2.5556727714336613,2.561819076538086,166500,0.0,0.0
2007-04-04 00:00:00-04:00,2.555671452047458,2.5716519777487914,2.555671452047458,2.5691933631896973,145400,0.0,0.0
2007-04-05 00:00:00-04:00,2.5667378225697517,2.572884366328621,2.55690358702223,2.5704257488250732,178500,0.0,0.0
2007-04-09 00:00:00-04:00,2.5728843212127686,2.5753429386732045,2.56427939456791,2.5728843212127686,180700,0.0,0.0
2007-04-10 00:00:00-04:00,2.5655087032981276,2.5753429386732045,2.5655087032981276,2.5728843212127686,122400,0.0,0.0
2007-04-11 00:00:00-04:00,2.5765678759751727,2.593777936098922,2.5741094969285996,2.5913193225860596,171300,0.0,0.0
2007-04-12 00:00:00-04:00,2.5839462933929322,2.601156136213166,2.5777997534810466,2.580258369445801,169300,0.0,0.0
2007-04-13 00:00:00-04:00,2.5790263377061664,2.5937777834488953,2.5790263377061664,2.586402177810669,137300,0.0,0.0
2007-04-16 00:00:00-04:00,2.5937808437593177,2.59992714996527,2.58148799688086,2.5888636112213135,148500,0.0,0.0
2007-04-17 00:00:00-04:00,2.5986985821790736,2.609762124074944,2.587635040283203,2.587635040283203,144000,0.0,0.0
2007-04-18 00:00:00-04:00,2.581486917729247,2.6011553707260586,2.581486917729247,2.596238374710083,152500,0.0,0.0
2007-04-19 00:00:00-04:00,2.596237656943863,2.597466729758222,2.5691933657001798,2.5827155113220215,199400,0.0,0.0
2007-04-20 00:00:00-04:00,2.587632505978625,2.5999253443197183,2.581486204041273,2.5827155113220215,129000,0.0,0.0
2007-04-23 00:00:00-04:00,2.5876336605173593,2.5950095074927715,2.5569016681859584,2.571653127670288,340300,0.0,0.0
2007-04-24 00:00:00-04:00,2.5790276527404785,2.582715574673184,2.5605885120097414,2.5790276527404785,228300,0.0,0.0
2007-04-25 00:00:00-04:00,2.5728830744059055,2.5925515356248168,2.5728830744059055,2.5888636112213135,196400,0.0,0.0
2007-04-26 00:00:00-04:00,2.597468786815484,2.6036153280869594,2.5913224800105836,2.601156711578369,211000,0.0,0.0
2007-04-27 00:00:00-04:00,2.602386508454641,2.6220549752831483,2.598698582999314,2.613450050354004,137900,0.0,0.0
2007-04-30 00:00:00-04:00,2.7240852348810094,2.7240852348810094,2.6073035079284583,2.613450050354004,211800,0.0,0.0
2007-05-01 00:00:00-04:00,2.6030470411642592,2.615430756265651,2.5906633260628675,2.599331855773926,161100,0.156,0.0
2007-05-02 00:00:00-04:00,2.609237715218617,2.619144636014621,2.5980923997981598,2.6141912937164307,199400,0.0,0.0
2007-05-03 00:00:00-04:00,2.6191460594296943,2.622861245322129,2.6055241835569363,2.620384454727173,223000,0.0,0.0
2007-05-04 00:00:00-04:00,2.6265754429553,2.6352442075555467,2.60676159626839,2.609238386154175,181500,0.0,0.0
2007-05-07 00:00:00-04:00,2.615429957755087,2.63276701188407,2.581994008049494,2.5832324028015137,250700,0.0,0.0
2007-05-08 00:00:00-04:00,2.5832325977840758,2.591901125502868,2.5758022287111118,2.5782790184020996,207500,0.0,0.0
2007-05-09 00:00:00-04:00,2.584470596653783,2.5993308601235867,2.5795170180307623,2.5943775177001953,169600,0.0,0.0
2007-05-10 00:00:00-04:00,2.605522300669807,2.605522300669807,2.5807548850179782,2.601807117462158,221800,0.0,0.0
2007-05-11 00:00:00-04:00,2.5943775003040623,2.61542973691148,2.590662316361708,2.612952947616577,160100,0.0,0.0
2007-05-14 00:00:00-04:00,2.607997276358324,2.615427638280877,2.601805544288968,2.605520725250244,209600,0.0,0.0
2007-05-15 00:00:00-04:00,2.616665795735198,2.616665795735198,2.5782765372664254,2.605520725250244,247200,0.0,0.0
2007-05-16 00:00:00-04:00,2.605525033182625,2.6228621006011963,2.6018098460787193,2.6228621006011963,174900,0.0,0.0
2007-05-17 00:00:00-04:00,2.6228604943263067,2.629052232841085,2.5968546729249353,2.609238386154175,223400,0.0,0.0
2007-05-18 00:00:00-04:00,2.6079987032670298,2.629050934500316,2.6067603089357108,2.6117138862609863,154200,0.0,0.0
2007-05-21 00:00:00-04:00,2.6117169306157555,2.625339047939353,2.5819961406186867,2.589426279067993,238100,0.0,0.0
2007-05-22 00:00:00-04:00,2.600571026727668,2.600571026727668,2.5844723576329756,2.591902494430542,187400,0.0,0.0
2007-05-23 00:00:00-04:00,2.6042848870191166,2.6129534149018774,2.570848934157323,2.577040672302246,306700,0.0,0.0
2007-05-24 00:00:00-04:00,2.584470625349021,2.585708783818894,2.557226415019174,2.563418388366699,275800,0.0,0.0
2007-05-25 00:00:00-04:00,2.575801591398366,2.600569009780884,2.5720866439807133,2.600569009780884,185500,0.0,0.0
2007-05-29 00:00:00-04:00,2.6042856489647184,2.6216227098026086,2.6042856489647184,2.6179075241088867,207100,0.0,0.0
2007-05-30 00:00:00-04:00,2.6166680714867288,2.6278133878643524,2.6055229913087485,2.626574993133545,165000,0.0,0.0
2007-05-31 00:00:00-04:00,2.627813376222412,2.643912271451943,2.6265749814970913,2.638958692550659,211200,0.0,0.0
2007-06-01 00:00:00-04:00,2.6434497788037072,2.645944595336914,2.632222271609058,2.645944595336914,151900,0.156,0.0
2007-06-04 00:00:00-04:00,2.6446980403762286,2.6459453300184133,2.6297279473128894,2.635965347290039,167600,0.0,0.0
2007-06-05 00:00:00-04:00,2.629727671039086,2.6372125978136265,2.584817634508781,2.5923027992248535,275700,0.0,0.0
2007-06-06 00:00:00-04:00,2.576086019548849,2.5835709487619165,2.5137110542428642,2.532423496246338,421200,0.0,0.0
2007-06-07 00:00:00-04:00,2.533669511152392,2.5523819419819422,2.507472155579316,2.5087196826934814,260300,0.0,0.0
2007-06-08 00:00:00-04:00,2.513710727301568,2.523690710934832,2.4987408708224605,2.5187008380889893,194500,0.0,0.0
2007-06-11 00:00:00-04:00,2.5249367679543435,2.5473917775354145,2.522441714013904,2.543649196624756,222100,0.0,0.0
2007-06-12 00:00:00-04:00,2.541155752728793,2.5424030424310495,2.507473220170224,2.512463092803955,198100,0.0,0.0
2007-06-13 00:00:00-04:00,2.51246185215084,2.5448968410491943,2.5099670360366986,2.5448968410491943,173900,0.0,0.0
2007-06-14 00:00:00-04:00,2.5424017869936013,2.547391895104787,2.523689357459557,2.5448968410491943,179400,0.0,0.0
2007-06-15 00:00:00-04:00,2.563611025245579,2.566106081008911,2.5461461107854784,2.566106081008911,139100,0.0,0.0
2007-06-18 00:00:00-04:00,2.5860671671816142,2.5985422134399414,2.5723448304449996,2.5985422134399414,191400,0.0,0.0
2007-06-19 00:00:00-04:00,2.598539454227446,2.611014487239383,2.588559475406189,2.609766960144043,137600,0.0,0.0
2007-06-20 00:00:00-04:00,2.6160050975060676,2.6160050975060676,2.588560207471347,2.59729266166687,157700,0.0,0.0
2007-06-21 00:00:00-04:00,2.583571289060216,2.597293859376333,2.579828942931559,2.5947988033294678,164800,0.0,0.0
2007-06-22 00:00:00-04:00,2.5785795469256034,2.594796923598703,2.5636094594307304,2.577332019805908,166300,0.0,0.0
2007-06-25 00:00:00-04:00,2.5860653350913294,2.5860653350913294,2.557372915583438,2.563610315322876,220800,0.0,0.0
2007-06-26 00:00:00-04:00,2.5536288472796613,2.571093984683699,2.5074715450023137,2.519946575164795,236700,0.0,0.0
2007-06-27 00:00:00-04:00,2.5074736982202794,2.568601136772244,2.5024835866936144,2.566106081008911,159800,0.0,0.0
2007-06-28 00:00:00-04:00,2.578579417966025,2.588559396483,2.5623620421039868,2.583569288253784,148700,0.0,0.0
2007-06-29 00:00:00-04:00,2.588562224021623,2.606027146018251,2.5748396493432915,2.5985422134399414,193000,0.0,0.0
2007-07-02 00:00:00-04:00,2.6055786571375785,2.6282031126996106,2.5917527874228545,2.603064775466919,149400,0.156,0.0
2007-07-03 00:00:00-04:00,2.5942635569247923,2.6131174088423426,2.590492978330631,2.595520496368408,94400,0.0,0.0
2007-07-05 00:00:00-04:00,2.600549952519941,2.6131191154281295,2.5804393877615768,2.608091354370117,130000,0.0,0.0
2007-07-06 00:00:00-04:00,2.6080923060185497,2.6181475920667343,2.5879817339221804,2.60683536529541,102000,0.0,0.0
2007-07-09 00:00:00-04:00,2.606837505768836,2.633232803154072,2.6018099784851074,2.6018099784851074,192700,0.0,0.0
2007-07-10 00:00:00-04:00,2.5904960022948407,2.6018082307558026,2.5515315532684326,2.5515315532684326,172400,0.0,0.0
2007-07-11 00:00:00-04:00,2.6030635124887653,2.6030635124887653,2.5590718032812823,2.5703840255737305,186900,0.0,0.0
2007-07-12 00:00:00-04:00,2.5892408006700967,2.6055805640136223,2.5816993898759404,2.6018099784851074,181200,0.0,0.0
2007-07-13 00:00:00-04:00,2.613122214544905,2.613122214544905,2.5867269171596687,2.6018099784851074,199700,0.0,0.0
2007-07-16 00:00:00-04:00,2.595522614422401,2.6005503762997257,2.5640998218997644,2.5816967487335205,193600,0.0,0.0
2007-07-17 00:00:00-04:00,2.566615831148738,2.5842125328372942,2.5603313633277054,2.5766711235046387,218000,0.0,0.0
2007-07-18 00:00:00-04:00,2.5678710854970155,2.569128026182793,2.5452466326268692,2.5628433227539062,164900,0.0,0.0
2007-07-19 00:00:00-04:00,2.5842096555068026,2.5842096555068026,2.5578146323629167,2.572897434234619,160300,0.0,0.0
2007-07-20 00:00:00-04:00,2.572897648545005,2.5804392898458532,2.545245682985729,2.5615854263305664,193200,0.0,0.0
2007-07-23 00:00:00-04:00,2.5615865843630194,2.580440456401694,2.5389623694431047,2.541476011276245,192900,0.0,0.0
2007-07-24 00:00:00-04:00,2.526393502210969,2.533934908082419,2.4195559201280505,2.430868148803711,409300,0.0,0.0
2007-07-25 00:00:00-04:00,2.433381356284842,2.46606109232021,2.4245830119170324,2.4534919261932373,269100,0.0,0.0
2007-07-26 00:00:00-04:00,2.4434360225898746,2.4434360225898746,2.3554521217144537,2.3843610286712646,402000,0.0,0.0
2007-07-27 00:00:00-04:00,2.3831051273696753,2.45097849301933,2.3692792578660753,2.4358954429626465,233400,0.0,0.0
2007-07-30 00:00:00-04:00,2.4358959972082963,2.4937140892213097,2.4346392958431675,2.489943265914917,185600,0.0,0.0
2007-07-31 00:00:00-04:00,2.5138254088657384,2.5540465770496588,2.5075409412384033,2.5075409412384033,249300,0.0,0.0
2007-08-01 00:00:00-04:00,2.4778950559226582,2.5133660342476785,2.4512920033985965,2.472827911376953,176700,0.156,0.0
2007-08-02 00:00:00-04:00,2.493096755814766,2.493096755814766,2.4588926270098455,2.486762523651123,129000,0.0,0.0
2007-08-03 00:00:00-04:00,2.4753631530670663,2.479163453447271,2.418356231099769,2.4272239208221436,143800,0.0,0.0
2007-08-06 00:00:00-04:00,2.4145556310737204,2.415822478378822,2.248602500128113,2.357548952102661,523200,0.0,0.0
2007-08-07 00:00:00-04:00,2.361349117015488,2.382885036714724,2.329678661082871,2.375284194946289,203200,0.0,0.0
2007-08-08 00:00:00-04:00,2.3816144349912762,2.4677579779874157,2.3816144349912762,2.4221527576446533,155300,0.0,0.0
2007-08-09 00:00:00-04:00,2.3702165880556456,2.4044207353078586,2.3537480588007176,2.3727502822875977,147800,0.0,0.0
2007-08-10 00:00:00-04:00,2.3575469046236863,2.3575469046236863,2.313208253957974,2.325876474380493,317600,0.0,0.0
2007-08-13 00:00:00-04:00,2.3436132013999957,2.377817343951292,2.3423463544581313,2.352480888366699,158600,0.0,0.0
2007-08-14 00:00:00-04:00,2.3436138692972723,2.3588157953056346,2.291674338010527,2.296741485595703,338600,0.0,0.0
2007-08-15 00:00:00-04:00,2.284072946835616,2.2866063992060726,2.18146051460182,2.2270660400390625,549100,0.0,0.0
2007-08-16 00:00:00-04:00,2.2232652310215664,2.2232652310215664,2.029442254532029,2.182727098464966,900000,0.0,0.0
2007-08-17 00:00:00-04:00,2.2422664423189613,2.374015299695669,2.2232639918513235,2.343611717224121,420000,0.0,0.0
2007-08-20 00:00:00-04:00,2.375283553256727,2.4132879934582996,2.35501448626571,2.381617546081543,263700,0.0,0.0
2007-08-21 00:00:00-04:00,2.4006204880331197,2.428490400314331,2.391752558027547,2.428490400314331,228400,0.0,0.0
2007-08-22 00:00:00-04:00,2.442425712105815,2.4766296217675903,2.432291175608546,2.47536301612854,247300,0.0,0.0
2007-08-23 00:00:00-04:00,2.5006998389262662,2.5159017681472093,2.4791639134787027,2.490565299987793,226000,0.0,0.0
2007-08-24 00:00:00-04:00,2.4918304963302806,2.5057655687464373,2.461426899662008,2.4715614318847656,134600,0.0,0.0
2007-08-27 00:00:00-04:00,2.4538257336348233,2.4918301639949365,2.4525588870726494,2.484229326248169,151800,0.0,0.0
2007-08-28 00:00:00-04:00,2.4702946256353457,2.4702946256353457,2.381617286013296,2.417088270187378,188000,0.0,0.0
2007-08-29 00:00:00-04:00,2.4386249680251724,2.4728291164761185,2.4348244265440484,2.439891815185547,139400,0.0,0.0
2007-08-30 00:00:00-04:00,2.436091253675863,2.470295401845597,2.425956718102578,2.442425489425659,129600,0.0,0.0
2007-08-31 00:00:00-04:00,2.4576271029766112,2.4956317915292727,2.4538268032598114,2.4829635620117188,132900,0.0,0.0
2007-09-04 00:00:00-04:00,2.4875605433211847,2.493945598602295,2.4735139088326514,2.493945598602295,155200,0.156,0.0
2007-09-05 00:00:00-04:00,2.477344028471322,2.5003297341372286,2.4518045449485615,2.4926679134368896,150100,0.0,0.0
2007-09-06 00:00:00-04:00,2.492668858814845,2.513100550808001,2.4773449680374875,2.5079925060272217,152300,0.0,0.0
2007-09-07 00:00:00-04:00,2.4479745977285416,2.502884864807129,2.421157848045164,2.502884864807129,165200,0.0,0.0
2007-09-10 00:00:00-04:00,2.500329467071777,2.5220381597080612,2.4275415692809603,2.4479732513427734,171500,0.0,0.0
2007-09-11 00:00:00-04:00,2.4518040439507085,2.4747895013549135,2.4403111934661865,2.4403111934661865,178900,0.0,0.0
2007-09-12 00:00:00-04:00,2.4479737826152803,2.4556356041600544,2.414772231168038,2.4160492420196533,153000,0.0,0.0
2007-09-13 00:00:00-04:00,2.4211572089495212,2.4415891404204886,2.4032795429229736,2.4032795429229736,124000,0.0,0.0
2007-09-14 00:00:00-04:00,2.3943388495442592,2.408385715402303,2.381568993633741,2.402000665664673,149800,0.0,0.0
2007-09-17 00:00:00-04:00,2.4045575971994553,2.405834608693294,2.372633040548605,2.3930647373199463,206500,0.0,0.0
2007-09-18 00:00:00-04:00,2.3866787099648508,2.4645744229644477,2.3866787099648508,2.4466967582702637,279500,0.0,0.0
2007-09-19 00:00:00-04:00,2.449251719499805,2.482453283500163,2.449251719499805,2.462021589279175,253600,0.0,0.0
2007-09-20 00:00:00-04:00,2.4735122103275327,2.4735122103275327,2.4364796458213847,2.4415876865386963,140900,0.0,0.0
2007-09-21 00:00:00-04:00,2.460744923729548,2.474791563252187,2.4518060866974025,2.4735147953033447,104900,0.0,0.0
2007-09-24 00:00:00-04:00,2.4722360809435506,2.495221785231105,2.4620202394340676,2.467128038406372,163000,0.0,0.0
2007-09-25 00:00:00-04:00,2.460742593228573,2.4811742709703566,2.4518037646621442,2.4798972606658936,185400,0.0,0.0
2007-09-26 00:00:00-04:00,2.4837286878305833,2.506714146283556,2.477343635289605,2.4824516773223877,150700,0.0,0.0
2007-09-27 00:00:00-04:00,2.486283292012777,2.5016071796417236,2.485006281079954,2.5016071796417236,139100,0.0,0.0
2007-09-28 00:00:00-04:00,2.4901152124941444,2.5016080714216264,2.464575471863069,2.4811763763427734,170800,0.0,0.0
2007-10-01 00:00:00-04:00,2.4652144787830537,2.533442436616493,2.4510541445432668,2.4948227405548096,254100,0.156,0.0
2007-10-02 00:00:00-04:00,2.487097655804737,2.487097655804737,2.4613514501753024,2.478086471557617,170500,0.0,0.0
2007-10-03 00:00:00-04:00,2.4716484059406136,2.4716484059406136,2.448476663769889,2.452338457107544,110500,0.0,0.0
2007-10-04 00:00:00-04:00,2.45233965368583,2.4600637352023744,2.448477858463877,2.449765205383301,168400,0.0,0.0
2007-10-05 00:00:00-04:00,2.461352079088876,2.478087104747249,2.4574900367662895,2.469075918197632,171200,0.0,0.0
2007-10-08 00:00:00-04:00,2.4652119035126945,2.4742230828526637,2.44847689124364,2.454913377761841,135200,0.0,0.0
2007-10-09 00:00:00-04:00,2.463924873879073,2.478085440683149,2.456201039956965,2.4664995670318604,141700,0.0,0.0
2007-10-10 00:00:00-04:00,2.4716484859567482,2.48452145821394,2.46134996082927,2.4639244079589844,171600,0.0,0.0
2007-10-11 00:00:00-04:00,2.469074448707564,2.503832072315303,2.447190046310425,2.447190046310425,191100,0.0,0.0
2007-10-12 00:00:00-04:00,2.461350690591153,2.4716492187720247,2.453626610303289,2.4587759971618652,126400,0.0,0.0
2007-10-15 00:00:00-04:00,2.4819475323256213,2.4819475323256213,2.4394660765610885,2.451051950454712,140700,0.0,0.0
2007-10-16 00:00:00-04:00,2.4459026996357376,2.458775920846338,2.436891518449199,2.447190046310425,159400,0.0,0.0
2007-10-17 00:00:00-04:00,2.4587770341850845,2.476799404718724,2.4433291126302623,2.4677882194519043,154800,0.0,0.0
2007-10-18 00:00:00-04:00,2.4510535450983966,2.4729377149838,2.4497661976575342,2.469075918197632,144500,0.0,0.0
2007-10-19 00:00:00-04:00,2.4536280120762437,2.4626391986906184,2.426594452233119,2.4368929862976074,148300,0.0,0.0
2007-10-22 00:00:00-04:00,2.4137212484097015,2.436893011680262,2.407284756628511,2.431743621826172,154100,0.0,0.0
2007-10-23 00:00:00-04:00,2.4330289503781968,2.452338655235123,2.426592463937961,2.427879810333252,140900,0.0,0.0
2007-10-24 00:00:00-04:00,2.424018284449323,2.4446153400631037,2.391835354360757,2.417581796646118,178800,0.0,0.0
2007-10-25 00:00:00-04:00,2.4085699342996,2.442040205001831,2.4085699342996,2.442040205001831,167400,0.0,0.0
2007-10-26 00:00:00-04:00,2.4484772572480713,2.4677869652253572,2.445902564041431,2.451051950454712,201100,0.0,0.0
2007-10-29 00:00:00-04:00,2.454914992412283,2.4755120574611236,2.442041765372662,2.4677882194519043,143400,0.0,0.0
2007-10-30 00:00:00-04:00,2.451053196175865,2.481948793749126,2.451053196175865,2.4677882194519043,141500,0.0,0.0
2007-10-31 00:00:00-04:00,2.4729350432562933,2.5012561652846474,2.469073250642356,2.48452091217041,182600,0.0,0.0
2007-11-01 00:00:00-04:00,2.4723217048652217,2.473619541290857,2.445067882537842,2.445067882537842,152800,0.156,0.0
2007-11-02 00:00:00-04:00,2.447662477043434,2.464533848069843,2.4268975984554477,2.446364641189575,181100,0.0,0.0
2007-11-05 00:00:00-05:00,2.400942573942273,2.4294942343569144,2.3100959991566836,2.3983469009399414,270900,0.0,0.0
2007-11-06 00:00:00-05:00,2.3892609084778313,2.3892609084778313,2.329561949239621,2.380176305770874,270600,0.0,0.0
2007-11-07 00:00:00-05:00,2.355520020792921,2.3607113684157888,2.311394556146863,2.3152880668640137,301700,0.0,0.0
2007-11-08 00:00:00-05:00,2.3049048737751656,2.3334565338564155,2.2607794233987795,2.2880332469940186,271000,0.0,0.0
2007-11-09 00:00:00-05:00,2.233527689102429,2.2659728925876164,2.2218476435820387,2.225740909576416,338800,0.0,0.0
2007-11-12 00:00:00-05:00,2.2075712138685044,2.2452075133330234,2.20627337629563,2.223144769668579,322300,0.0,0.0
2007-11-13 00:00:00-05:00,2.2296312124637754,2.2880323461177716,2.2296312124637754,2.2672674655914307,255800,0.0,0.0
2007-11-14 00:00:00-05:00,2.307502026892727,2.3360537052884314,2.271163324585975,2.2776522636413574,330000,0.0,0.0
2007-11-15 00:00:00-05:00,2.276354485420513,2.298416975397316,2.2374201116997807,2.2620785236358643,239300,0.0,0.0
2007-11-16 00:00:00-05:00,2.2581829593156324,2.2776500047118966,2.206270755746624,2.2283334732055664,342000,0.0,0.0
2007-11-19 00:00:00-05:00,2.2101670759204706,2.2374209246439687,2.158254558764275,2.173828363418579,349500,0.0,0.0
2007-11-20 00:00:00-05:00,2.27116467749071,2.27116467749071,2.153064134064177,2.1816158294677734,322800,0.0,0.0
2007-11-21 00:00:00-05:00,2.180315192021984,2.180315192021984,2.1219140381056913,2.1608481407165527,371600,0.0,0.0
2007-11-23 00:00:00-05:00,2.159551232778619,2.2465043303624124,2.159551232778619,2.238717555999756,117000,0.0,0.0
2007-11-26 00:00:00-05:00,2.2387167450535412,2.2633751437297094,2.1712307315908723,2.191995620727539,299100,0.0,0.0
2007-11-27 00:00:00-05:00,2.194591015989523,2.2192494115447348,2.1764218021788264,2.2049734592437744,328800,0.0,0.0
2007-11-28 00:00:00-05:00,2.2023791342917107,2.3049060407636266,2.089470025749129,2.29582142829895,315100,0.0,0.0
2007-11-29 00:00:00-05:00,2.2815454672618167,2.299714692191169,2.2685673433677973,2.29582142829895,237500,0.0,0.0
2007-11-30 00:00:00-05:00,2.3568182160737554,2.3568182160737554,2.298416784121435,2.3165862560272217,283700,0.0,0.0
2007-12-03 00:00:00-05:00,2.3514119665430213,2.3514119665430213,2.2519092249559796,2.2702386379241943,319000,0.156,0.0
2007-12-04 00:00:00-05:00,2.305587995447892,2.305587995447892,2.2348884165030247,2.2414348125457764,246700,0.0,0.0
2007-12-05 00:00:00-05:00,2.2689299721503935,2.275476121489733,2.241435845261658,2.2610745429992676,370700,0.0,0.0
2007-12-06 00:00:00-05:00,2.2650023253338043,2.2885688645109012,2.250600745618609,2.282022714614868,311700,0.0,0.0
2007-12-07 00:00:00-05:00,2.2833302003347655,2.314752144640179,2.2689283822166706,2.288567066192627,300000,0.0,0.0
2007-12-10 00:00:00-05:00,2.2820209214404463,2.2938041817699033,2.271546940005309,2.288567066192627,398100,0.0,0.0
2007-12-11 00:00:00-05:00,2.272857514092474,2.2938054888999986,2.225724445915764,2.2335798740386963,297700,0.0,0.0
2007-12-12 00:00:00-05:00,2.278093434098483,2.278093434098483,2.196920127958258,2.2204864025115967,468000,0.0,0.0
2007-12-13 00:00:00-05:00,2.2008487931710308,2.217869180021847,2.1772822573588697,2.2087044715881348,445200,0.0,0.0
2007-12-14 00:00:00-05:00,2.1812082492067724,2.217867301613043,2.1720435485350458,2.1877543926239014,442500,0.0,0.0
2007-12-17 00:00:00-05:00,2.189063980762029,2.189063980762029,2.130147932519658,2.1353847980499268,508500,0.0,0.0
2007-12-18 00:00:00-05:00,2.1537152931198986,2.1668075869201795,2.1209840591802007,2.131458044052124,651300,0.0,0.0
2007-12-19 00:00:00-05:00,2.1222927266545333,2.153714925628182,2.10920043508821,2.1380038261413574,604400,0.0,0.0
2007-12-20 00:00:00-05:00,2.1641883235364605,2.1641883235364605,2.1105091435266328,2.120983123779297,629200,0.0,0.0
2007-12-21 00:00:00-05:00,2.122294086139311,2.1943029844783344,2.122294086139311,2.166808605194092,777600,0.0,0.0
2007-12-24 00:00:00-05:00,2.1799003233643064,2.2257241048792538,2.1654987489655375,2.224414825439453,336600,0.0,0.0
2007-12-26 00:00:00-05:00,2.224414855784135,2.2780940649506403,2.212631590384705,2.2702386379241943,459300,0.0,0.0
2007-12-27 00:00:00-05:00,2.2719755738035072,2.2719755738035072,2.2185173759898893,2.2479193210601807,541300,0.353,0.0
2007-12-28 00:00:00-05:00,2.250591837560201,2.2639564480263172,2.2185169253867683,2.241236686706543,546700,0.0,0.0
2007-12-31 00:00:00-05:00,2.237228305751672,2.2412377672972523,2.1944617355676144,2.214508533477783,700100,0.0,0.0
2008-01-02 00:00:00-05:00,2.210499867025102,2.238565339975978,2.206490404499722,2.211836099624634,222500,0.0,0.0
2008-01-03 00:00:00-05:00,2.2252011978935085,2.270640763308305,2.221191989415662,2.2693042755126953,263700,0.0,0.0
2008-01-04 00:00:00-05:00,2.2452464569375716,2.2612840445181686,2.2158445104334183,2.2425737380981445,246900,0.0,0.0
2008-01-07 00:00:00-05:00,2.251929256337531,2.2586114368824655,2.2051532277964427,2.2158448696136475,246400,0.0,0.0
2008-01-08 00:00:00-05:00,2.235892650867106,2.249257272751739,2.217182333173996,2.219855308532715,208000,0.0,0.0
2008-01-09 00:00:00-05:00,2.2332202681777678,2.2826693058013916,2.2158464335532138,2.2826693058013916,263800,0.0,0.0
2008-01-10 00:00:00-05:00,2.282667250781039,2.3107329644112053,2.2599474844742566,2.2946953773498535,268500,0.0,0.0
2008-01-11 00:00:00-05:00,2.2880142750831927,2.3053881022445317,2.2759861428526817,2.300042152404785,203800,0.0,0.0
2008-01-14 00:00:00-05:00,2.3240959644317627,2.3267689365310606,2.2987034942143816,2.3240959644317627,199000,0.0,0.0
2008-01-15 00:00:00-05:00,2.322761295408072,2.322761295408072,2.2666301119563355,2.301378011703491,255800,0.0,0.0
2008-01-16 00:00:00-05:00,2.2866772974431977,2.3147427633589004,2.265294012485844,2.3107335567474365,248500,0.0,0.0
2008-01-17 00:00:00-05:00,2.326771447012106,2.333453629561473,2.2465839818750712,2.2652945518493652,363400,0.0,0.0
2008-01-18 00:00:00-05:00,2.2920222457494606,2.305386858228192,2.234554590527063,2.274648427963257,336900,0.0,0.0
2008-01-22 00:00:00-05:00,2.2145088159744057,2.253266184465882,2.138330821252702,2.243911027908325,502600,0.0,0.0
2008-01-23 00:00:00-05:00,2.2105001982103527,2.2773230541914304,2.1784250030195453,2.259948968887329,278300,0.0,0.0
2008-01-24 00:00:00-05:00,2.2786597458408715,2.3388004302978516,2.27197756086077,2.3388004302978516,269400,0.0,0.0
2008-01-25 00:00:00-05:00,2.3387976871476193,2.3387976871476193,2.305386291616939,2.3227601051330566,239800,0.0,0.0
2008-01-28 00:00:00-05:00,2.310733707046203,2.333453225745898,2.301378296223594,2.330780506134033,308400,0.0,0.0
2008-01-29 00:00:00-05:00,2.352164031574727,2.3548370063671746,2.322761818675615,2.3414723873138428,249000,0.0,0.0
2008-01-30 00:00:00-05:00,2.333454616421727,2.376221469514901,2.3267724310463422,2.3588473796844482,289300,0.0,0.0
2008-01-31 00:00:00-05:00,2.3454821176042135,2.4029498139118215,2.329444775091231,2.3922581672668457,329000,0.0,0.0
2008-02-01 00:00:00-05:00,2.3795844072033607,2.4052004025560825,2.3782361698532193,2.3998074531555176,246000,0.156,0.0
2008-02-04 00:00:00-05:00,2.4092448992839786,2.4092448992839786,2.366102079385224,2.3728432655334473,160000,0.0,0.0
2008-02-05 00:00:00-05:00,2.3620582711367257,2.3620582711367257,2.3256566274262216,2.3391387462615967,212100,0.0,0.0
2008-02-06 00:00:00-05:00,2.356663896515639,2.356663896515639,2.3135213480352412,2.325655221939087,204300,0.0,0.0
2008-02-07 00:00:00-05:00,2.325653864356558,2.36475193681239,2.3094752895455906,2.3431804180145264,155100,0.0,0.0
2008-02-08 00:00:00-05:00,2.3431824447746994,2.360709270742402,2.316218472966615,2.351271867752075,139800,0.0,0.0
2008-02-11 00:00:00-05:00,2.3607089507056074,2.3607089507056074,2.3364411993633025,2.3458786010742188,135600,0.0,0.0
2008-02-12 00:00:00-05:00,2.375539622384313,2.386325262537536,2.3472271562633873,2.351271867752075,232000,0.0,0.0
2008-02-13 00:00:00-05:00,2.367450258277404,2.370146732670248,2.3391380486023947,2.3539681434631348,150800,0.0,0.0
2008-02-14 00:00:00-05:00,2.35127213932655,2.35127213932655,2.2703797002592423,2.2798171043395996,254500,0.0,0.0
2008-02-15 00:00:00-05:00,2.2852087516900816,2.2852087516900816,2.238021501021735,2.2595927715301514,269900,0.0,0.0
2008-02-19 00:00:00-05:00,2.2717287190490487,2.3013891788118914,2.2717287190490487,2.2986927032470703,191700,0.0,0.0
2008-02-20 00:00:00-05:00,2.277119508140339,2.316217599673166,2.274423291981058,2.3121728897094727,192700,0.0,0.0
2008-02-21 00:00:00-05:00,2.3243062288987835,2.3445292597752942,2.3054314343673457,2.322957992553711,203600,0.0,0.0
2008-02-22 00:00:00-05:00,2.3202631844494985,2.3391382496719344,2.300040139064721,2.337790012359619,214300,0.0,0.0
2008-02-25 00:00:00-05:00,2.3445317668919285,2.3593621253967285,2.3297016655371925,2.3593621253967285,205000,0.0,0.0
2008-02-26 00:00:00-05:00,2.3485753728997047,2.3782358187743484,2.341834444294086,2.3647539615631104,288500,0.0,0.0
2008-02-27 00:00:00-05:00,2.364754550689717,2.3930667664666143,2.3485759579957706,2.3863258361816406,189100,0.0,0.0
2008-02-28 00:00:00-05:00,2.3849762854228205,2.3863245221674187,2.3741906486158997,2.378235101699829,140100,0.0,0.0
2008-02-29 00:00:00-05:00,2.375539885654517,2.375539885654517,2.317566966974842,2.337790012359619,265200,0.0,0.0
2008-03-03 00:00:00-05:00,2.3358846564247466,2.3358846564247466,2.285548064730559,2.311396598815918,170100,0.156,0.0
2008-03-04 00:00:00-05:00,2.2284089873357966,2.304594100711815,2.2284089873357966,2.2977917194366455,169800,0.0,0.0
2008-03-05 00:00:00-05:00,2.2991511448522193,2.3059535230183252,2.2501753194772314,2.2542564868927,177100,0.0,0.0
2008-03-06 00:00:00-05:00,2.2569785566309855,2.2610599855532483,2.210723400115967,2.210723400115967,184500,0.0,0.0
2008-03-07 00:00:00-05:00,2.2052820907783435,2.231130628635261,2.201200920237626,2.208003044128418,204100,0.0,0.0
2008-03-10 00:00:00-04:00,2.2243292084529847,2.2243292084529847,2.194399231102043,2.202562093734741,213200,0.0,0.0
2008-03-11 00:00:00-04:00,2.2583417860932355,2.2583417860932355,2.202563486911014,2.231132745742798,182200,0.0,0.0
2008-03-12 00:00:00-04:00,2.250177087455101,2.2787463197471807,2.246095657348633,2.246095657348633,148700,0.0,0.0
2008-03-13 00:00:00-04:00,2.2202455865884003,2.250175534409728,2.1998389691092712,2.243373155593872,154800,0.0,0.0
2008-03-14 00:00:00-04:00,2.2528979028401275,2.2583398099421523,2.1875965745223063,2.1984801292419434,163800,0.0,0.0
2008-03-17 00:00:00-04:00,2.1712705067263944,2.1739913296132727,2.086922921358564,2.108690023422241,325000,0.0,0.0
2008-03-18 00:00:00-04:00,2.138619484603307,2.180793334881032,2.1250149832899403,2.1712701320648193,235400,0.0,0.0
2008-03-19 00:00:00-04:00,2.1767149245265616,2.231132745742798,2.159029100195705,2.231132745742798,265500,0.0,0.0
2008-03-20 00:00:00-04:00,2.2175248867278508,2.247454837945914,2.1903161468291787,2.2256877422332764,206000,0.0,0.0
2008-03-24 00:00:00-04:00,2.2433743819798533,2.2773855161993493,2.2433743819798533,2.265141487121582,172600,0.0,0.0
2008-03-25 00:00:00-04:00,2.2760229382669683,2.2909879065415613,2.2583372789749125,2.2869064807891846,154300,0.0,0.0
2008-03-26 00:00:00-04:00,2.2869087585875754,2.305955171585083,2.282827588254408,2.305955171585083,161600,0.0,0.0
2008-03-27 00:00:00-04:00,2.305955755901546,2.318199788972378,2.2882698150283676,2.292351245880127,143300,0.0,0.0
2008-03-28 00:00:00-04:00,2.288269204711985,2.3113967877345827,2.2787461280822754,2.2787461280822754,144500,0.0,0.0
2008-03-31 00:00:00-04:00,2.2692244565455475,2.278747539071904,2.2528989868685523,2.2569804191589355,168500,0.0,0.0
2008-04-01 00:00:00-04:00,2.271537586776588,2.3072447165934347,2.2701641953301506,2.3044981956481934,167200,0.156,0.0
2008-04-02 00:00:00-04:00,2.316857637787757,2.329217632541589,2.300377208203411,2.312737464904785,140700,0.0,0.0
2008-04-03 00:00:00-04:00,2.2976323571539954,2.315486192703247,2.286645482180518,2.315486192703247,162100,0.0,0.0
2008-04-04 00:00:00-04:00,2.3264704697143226,2.344324023378804,2.2880163192749023,2.2880163192749023,229300,0.0,0.0
2008-04-07 00:00:00-04:00,2.3031236720448316,2.3154839270391516,2.290763417050512,2.2935101985931396,152800,0.0,0.0
2008-04-08 00:00:00-04:00,2.2866448051892205,2.307245156922015,2.2825248920112724,2.3017518520355225,120200,0.0,0.0
2008-04-09 00:00:00-04:00,2.308616022117759,2.3099894123232865,2.2921358635462217,2.3072426319122314,96700,0.0,0.0
2008-04-10 00:00:00-04:00,2.3209765244523233,2.3223499148072224,2.2811492519499477,2.286642551422119,123900,0.0,0.0
2008-04-11 00:00:00-04:00,2.267416497786023,2.279776753870336,2.2468161582946777,2.2468161582946777,143200,0.0,0.0
2008-04-14 00:00:00-04:00,2.24681690998124,2.272910559824557,2.2413233445736265,2.2564303874969482,132500,0.0,0.0
2008-04-15 00:00:00-04:00,2.2784025403983796,2.2784025403983796,2.239948395136247,2.2550554275512695,147900,0.0,0.0
2008-04-16 00:00:00-04:00,2.2797782083853777,2.3058721280945402,2.2756580330793956,2.3003785610198975,161900,0.0,0.0
2008-04-17 00:00:00-04:00,2.2866449797112027,2.359433174133301,2.2866449797112027,2.359433174133301,159300,0.0,0.0
2008-04-18 00:00:00-04:00,2.3965113162994385,2.4006312252345037,2.375910723834454,2.3965113162994385,196000,0.0,0.0
2008-04-21 00:00:00-04:00,2.3855250093230524,2.3882715286011362,2.3662978026916153,2.3786580562591553,140800,0.0,0.0
2008-04-22 00:00:00-04:00,2.3690442380237005,2.375910928137548,2.3388304347963595,2.3429503440856934,147300,0.0,0.0
2008-04-23 00:00:00-04:00,2.349819693387453,2.3717934385058776,2.349819693387453,2.359433174133301,138800,0.0,0.0
2008-04-24 00:00:00-04:00,2.367672444638715,2.3745394013318553,2.3470720984545217,2.3608057498931885,152300,0.0,0.0
2008-04-25 00:00:00-04:00,2.367671805765669,2.3868987554231924,2.3621785038410374,2.3800320625305176,176200,0.0,0.0
2008-04-28 00:00:00-04:00,2.3965126701914428,2.3978857993139275,2.3786588482283944,2.391019105911255,127900,0.0,0.0
2008-04-29 00:00:00-04:00,2.385525626402692,2.395139101231454,2.375911889626387,2.3800320625305176,140000,0.0,0.0
2008-04-30 00:00:00-04:00,2.385526003939496,2.396512871475099,2.3800324391979024,2.381405830383301,132400,0.0,0.0
2008-05-01 00:00:00-04:00,2.3794637062269928,2.390550305767683,2.3711488226528212,2.389164447784424,133900,0.156,0.0
2008-05-02 00:00:00-04:00,2.390552377185737,2.401638986332994,2.3420483630443822,2.3600642681121826,170800,0.0,0.0
2008-05-05 00:00:00-04:00,2.3614501272962913,2.3669932997071137,2.343434222228491,2.3600642681121826,169600,0.0,0.0
2008-05-06 00:00:00-04:00,2.3462042753410683,2.372535052499223,2.3448184171405946,2.3503615856170654,175200,0.0,0.0
2008-05-07 00:00:00-04:00,2.358678041287627,2.371150507674945,2.3434338569641113,2.3434338569641113,157400,0.0,0.0
2008-05-08 00:00:00-04:00,2.3517495323882933,2.3822379112243652,2.3489780778514624,2.3822379112243652,148300,0.0,0.0
2008-05-09 00:00:00-04:00,2.3697658554680836,2.408568869032312,2.3642224167727908,2.404411554336548,177100,0.0,0.0
2008-05-12 00:00:00-04:00,2.4141105963031655,2.4141105963031655,2.3988664150238037,2.3988664150238037,182700,0.0,0.0
2008-05-13 00:00:00-04:00,2.404410522901978,2.404410522901978,2.364221402578392,2.365607261657715,132300,0.0,0.0
2008-05-14 00:00:00-04:00,2.372538011783294,2.3933253820677924,2.358679676818377,2.375309467315674,215200,0.0,0.0
2008-05-15 00:00:00-04:00,2.390551465748238,2.400252212012816,2.3822365781393873,2.3933231830596924,139100,0.0,0.0
2008-05-16 00:00:00-04:00,2.397481093692046,2.4182687143960533,2.397481093692046,2.4141111373901367,167200,0.0,0.0
2008-05-19 00:00:00-04:00,2.4113396917848697,2.4224263007274778,2.4016389420007886,2.4099538326263428,139200,0.0,0.0
2008-05-20 00:00:00-04:00,2.400252405636094,2.415496587753296,2.386394082286414,2.415496587753296,177900,0.0,0.0
2008-05-21 00:00:00-04:00,2.411339146278888,2.422425752713425,2.398866680999341,2.408567428588867,169600,0.0,0.0
2008-05-22 00:00:00-04:00,2.4154982466150448,2.4265848600434983,2.4085689480186896,2.4196555614471436,178000,0.0,0.0
2008-05-23 00:00:00-04:00,2.414110926278135,2.4307409685219423,2.405796037319009,2.423811674118042,134600,0.0,0.0
2008-05-27 00:00:00-04:00,2.419654768260818,2.4445997063790745,2.419654768260818,2.4321272373199463,170600,0.0,0.0
2008-05-28 00:00:00-04:00,2.4487566600580437,2.4529142367933185,2.4362841941777797,2.4432132244110107,150100,0.0,0.0
2008-05-29 00:00:00-04:00,2.4376689324705394,2.4598421362143235,2.4376689324705394,2.4445979595184326,139000,0.0,0.0
2008-05-30 00:00:00-04:00,2.4612283404809463,2.482015688872286,2.4445983031725893,2.4515275955200195,212800,0.0,0.0
2008-06-02 00:00:00-04:00,2.4509695964662592,2.4509695964662592,2.4258027249283374,2.442580461502075,181900,0.156,0.0
2008-06-03 00:00:00-04:00,2.439786355204478,2.4467770400765403,2.423008338162981,2.4244065284729004,140100,0.0,0.0
2008-06-04 00:00:00-04:00,2.417413344475151,2.4230058332557705,2.3936446671336875,2.3992371559143066,186900,0.0,0.0
2008-06-05 00:00:00-04:00,2.4104224948567805,2.4202095506153354,2.4048300058564354,2.4146170616149902,138800,0.0,0.0
2008-06-06 00:00:00-04:00,2.4048286514983577,2.409022949217143,2.379661798477173,2.379661798477173,126600,0.0,0.0
2008-06-09 00:00:00-04:00,2.382459745293778,2.3964411024759373,2.3684781214343245,2.37127423286438,150300,0.0,0.0
2008-06-10 00:00:00-04:00,2.365682611928704,2.376867861787668,2.355895551636785,2.358691930770874,155500,0.0,0.0
2008-06-11 00:00:00-04:00,2.3698756508785084,2.3698756508785084,2.3265326023101807,2.3265326023101807,166000,0.0,0.0
2008-06-12 00:00:00-04:00,2.3167461060990497,2.344709352767156,2.3083572387695312,2.3083572387695312,119500,0.0,0.0
2008-06-13 00:00:00-04:00,2.308356739693474,2.355894088745117,2.308356739693474,2.355894088745117,200400,0.0,0.0
2008-06-16 00:00:00-04:00,2.355895892872039,2.3810627753693048,2.351701323563351,2.3572940826416016,149100,0.0,0.0
2008-06-17 00:00:00-04:00,2.369876299274949,2.382459734021189,2.336320295500113,2.347505807876587,148600,0.0,0.0
2008-06-18 00:00:00-04:00,2.3433107025220865,2.35309775692631,2.3237365937136385,2.325134515762329,246200,0.0,0.0
2008-06-19 00:00:00-04:00,2.334922330293167,2.334922330293167,2.3111536502838135,2.3111536502838135,142900,0.0,0.0
2008-06-20 00:00:00-04:00,2.3013674462942633,2.305562015398315,2.2789969444274902,2.2789969444274902,304700,0.0,0.0
2008-06-23 00:00:00-04:00,2.2789964764900574,2.2915799145410864,2.1923108662244837,2.2048943042755127,249500,0.0,0.0
2008-06-24 00:00:00-04:00,2.1853190459022165,2.2076895328715724,2.1461706937058436,2.192309856414795,322100,0.0,0.0
2008-06-25 00:00:00-04:00,2.1923085990696385,2.270605258557244,2.1923085990696385,2.2510311603546143,209900,0.0,0.0
2008-06-26 00:00:00-04:00,2.2230690972262477,2.2342543401468906,2.192309745863787,2.209087610244751,186600,0.0,0.0
2008-06-27 00:00:00-04:00,2.221671526008085,2.227264148687141,2.1811249782502657,2.2006990909576416,248300,0.0,0.0
2008-06-30 00:00:00-04:00,2.196503770208423,2.2174760634504054,2.196503770208423,2.2132816314697266,164600,0.0,0.0
2008-07-01 00:00:00-04:00,2.2127167306540065,2.2127167306540065,2.1760028280618138,2.19435977935791,209600,0.156,0.0
2008-07-02 00:00:00-04:00,2.1915363195919886,2.207069066733774,2.1435258388519287,2.1435258388519287,204500,0.0,0.0
2008-07-03 00:00:00-04:00,2.143526448628822,2.143526448628822,2.0828072781062446,2.108224630355835,233400,0.0,0.0
2008-07-07 00:00:00-04:00,2.1181098772303675,2.1308185580402776,2.0150285945114064,2.0277371406555176,450900,0.0,0.0
2008-07-08 00:00:00-04:00,2.005143872959779,2.015028476715088,1.9670179674246457,2.015028476715088,427900,0.0,0.0
2008-07-09 00:00:00-04:00,2.0150274993337174,2.0588016709254795,2.0122032897261324,2.033384323120117,199500,0.0,0.0
2008-07-10 00:00:00-04:00,2.046094109084743,2.0588027898946533,2.0192647765594436,2.0277371406555176,226100,0.0,0.0
2008-07-11 00:00:00-04:00,2.0122027156793574,2.017850998617444,1.9656043477737222,1.9797251224517822,211100,0.0,0.0
2008-07-14 00:00:00-04:00,1.9867860773224388,1.9994947520912303,1.8385185641284991,1.839930534362793,554600,0.0,0.0
2008-07-15 00:00:00-04:00,1.8201616818883213,1.824397862102958,1.7594425152603175,1.7905081510543823,786800,0.0,0.0
2008-07-16 00:00:00-04:00,1.7834480738643934,1.913358790345346,1.7777997876985157,1.9062983989715576,715500,0.0,0.0
2008-07-17 00:00:00-04:00,1.9359517961038621,1.9698415106675335,1.920419043928618,1.9641932249069214,296900,0.0,0.0
2008-07-18 00:00:00-04:00,1.972666254713769,2.016440447538025,1.9557213928463997,2.015028476715088,337500,0.0,0.0
2008-07-21 00:00:00-04:00,2.0263238545754825,2.0390323924711855,1.9980823001431331,2.0051426887512207,254800,0.0,0.0
2008-07-22 00:00:00-04:00,1.9811383619233083,2.0305609703063965,1.9698417888070208,2.0305609703063965,167000,0.0,0.0
2008-07-23 00:00:00-04:00,2.0347965273364093,2.081394910812378,2.019263777732997,2.081394910812378,253200,0.0,0.0
2008-07-24 00:00:00-04:00,2.0842207873077534,2.0842207873077534,2.0206774985400693,2.0319740772247314,232500,0.0,0.0
2008-07-25 00:00:00-04:00,2.020676882130722,2.0319734573693538,2.012204383368849,2.0277371406555176,142800,0.0,0.0
2008-07-28 00:00:00-04:00,2.010790805209493,2.0220873721751653,1.9571320447896987,1.968428611755371,237300,0.0,0.0
2008-07-29 00:00:00-04:00,1.9613689768894251,2.0178518295288086,1.9415999111327693,2.0178518295288086,343700,0.0,0.0
2008-07-30 00:00:00-04:00,1.9896118398243285,2.033386048560934,1.9896118398243285,2.0319740772247314,338800,0.0,0.0
2008-07-31 00:00:00-04:00,2.01644006478143,2.03338492343236,1.998083100909814,2.010791778564453,213400,0.0,0.0
2008-08-01 00:00:00-04:00,2.0202144864281157,2.0202144864281157,1.9873771422850683,2.004509687423706,166700,0.156,0.0
2008-08-04 00:00:00-04:00,2.0045077966806666,2.0059355414681805,1.96595964051845,1.9702427387237549,152800,0.0,0.0
2008-08-05 00:00:00-04:00,1.988804762647498,2.028780698776245,1.988804762647498,2.028780698776245,144400,0.0,0.0
2008-08-06 00:00:00-04:00,2.027352137535638,2.0416293199194535,2.014502700621664,2.0359184741973877,179300,0.0,0.0
2008-08-07 00:00:00-04:00,2.027352692517399,2.027352692517399,1.9788104225128855,1.9845212697982788,195700,0.0,0.0
2008-08-08 00:00:00-04:00,1.9773824683435437,2.008792054862893,1.971671622052997,1.9973703622817993,222800,0.0,0.0
2008-08-11 00:00:00-04:00,2.0116472347894456,2.02021343482101,1.9945146985690225,2.00022554397583,167400,0.0,0.0
2008-08-12 00:00:00-04:00,2.0087908948859714,2.0116463844609993,1.9702427387237547,1.9702427387237549,186100,0.0,0.0
2008-08-13 00:00:00-04:00,1.973100197489168,1.973100197489168,1.928841151108615,1.9488290548324585,236700,0.0,0.0
2008-08-14 00:00:00-04:00,1.9331237046127376,1.9916599251557903,1.9331237046127376,1.9759551286697388,197400,0.0,0.0
2008-08-15 00:00:00-04:00,1.9930870810387034,1.9930870810387034,1.9559665154344443,1.9645328521728516,161000,0.0,0.0
2008-08-18 00:00:00-04:00,1.954538983924826,1.9759547600366827,1.9345510896092082,1.9388341903686523,263400,0.0,0.0
2008-08-19 00:00:00-04:00,1.9331225231750984,1.9388333671486642,1.913134501188987,1.9217008352279663,282900,0.0,0.0
2008-08-20 00:00:00-04:00,1.9259846872764232,1.9388341252807095,1.9117076398384603,1.9359787702560425,194200,0.0,0.0
2008-08-21 00:00:00-04:00,1.9259847280525915,1.941689657571357,1.9259847280525915,1.9374064207077026,169600,0.0,0.0
2008-08-22 00:00:00-04:00,1.9559671234644065,1.9616779710128451,1.9388345808190905,1.9531117677688599,216800,0.0,0.0
2008-08-25 00:00:00-04:00,1.9388332434623914,1.9531104205641359,1.9174176139670265,1.9274115562438965,165300,0.0,0.0
2008-08-26 00:00:00-04:00,1.9345510246650521,1.9474004626693384,1.9259846872764232,1.9359787702560425,169100,0.0,0.0
2008-08-27 00:00:00-04:00,1.9202738817250358,1.9459727582776944,1.8945751413296936,1.9374064207077026,161000,0.0,0.0
2008-08-28 00:00:00-04:00,1.9374072761199812,1.9688170128683558,1.9374072761199812,1.957395315170288,171100,0.0,0.0
2008-08-29 00:00:00-04:00,1.9631060361862185,1.9659615285034804,1.953112085390537,1.9631060361862183,185600,0.0,0.0
2008-09-02 00:00:00-04:00,1.9813023341929346,1.982746327408919,1.9350911082837747,1.9365352392196655,215200,0.156,0.0
2008-09-03 00:00:00-04:00,1.9394224714295594,1.9538633599619128,1.9264255753465582,1.9480869770050049,239900,0.0,0.0
2008-09-04 00:00:00-04:00,1.9451988856214295,1.9451988856214295,1.8946554306470103,1.903320074081421,225900,0.0,0.0
2008-09-05 00:00:00-04:00,1.8917674476595983,1.8989878237149114,1.8643295228579646,1.881658673286438,259300,0.0,0.0
2008-09-08 00:00:00-04:00,1.9495306059999284,1.950974735797865,1.8859904098084936,1.9134281873703003,196400,0.0,0.0
2008-09-09 00:00:00-04:00,1.9062082114053593,1.9206492380004858,1.8628852693398166,1.8672176599502563,194900,0.0,0.0
2008-09-10 00:00:00-04:00,1.85710818652557,1.8903224800919638,1.8397790437725847,1.8455554246902466,269300,0.0,0.0
2008-09-11 00:00:00-04:00,1.8397800418470585,1.8397800418470585,1.8080099984246694,1.8354477882385254,262300,0.0,0.0
2008-09-12 00:00:00-04:00,1.8137869724217126,1.8354483852297496,1.8080105864915759,1.8152309656143188,233500,0.0,0.0
2008-09-15 00:00:00-04:00,1.7459140133702034,1.7690195528415242,1.6621563639267256,1.6679327487945557,428000,0.0,0.0
2008-09-16 00:00:00-04:00,1.5870629906113962,1.6563797365986797,1.5827307370246466,1.6477150917053223,614300,0.0,0.0
2008-09-17 00:00:00-04:00,1.5928387183009558,1.6419380311188303,1.5177457569534665,1.523522138595581,587900,0.0,0.0
2008-09-18 00:00:00-04:00,1.5177452349546354,1.5885059201637333,1.4585373090564204,1.5856176614761353,964800,0.0,0.0
2008-09-19 00:00:00-04:00,1.724250819442541,1.8282257854436217,1.704033560581044,1.730027198791504,402300,0.0,0.0
2008-09-22 00:00:00-04:00,1.7329180651436449,1.7329180651436449,1.6751541847268385,1.6838186979293823,262300,0.0,0.0
2008-09-23 00:00:00-04:00,1.6794858891475108,1.688150399501341,1.6361629242186333,1.6607125997543335,247100,0.0,0.0
2008-09-24 00:00:00-04:00,1.6751534529432868,1.6809298384615783,1.6419391329231896,1.657824158668518,241400,0.0,0.0
2008-09-25 00:00:00-04:00,1.708366635691349,1.708366635691349,1.66504370079213,1.6794847249984741,353200,0.0,0.0
2008-09-26 00:00:00-04:00,1.62172113918781,1.6809292418867512,1.6116125025484067,1.6780409812927246,316700,0.0,0.0
2008-09-29 00:00:00-04:00,1.6534915729356041,1.6549357034560397,1.5004173184859475,1.5379637479782104,483000,0.0,0.0
2008-09-30 00:00:00-04:00,1.5610687887019445,1.6029475927352905,1.5610687887019445,1.6029475927352905,352000,0.0,0.0
2008-10-01 00:00:00-04:00,1.5745335979041646,1.671202615054117,1.559886717864414,1.640444278717041,260000,0.156,0.0
2008-10-02 00:00:00-04:00,1.6521607703541106,1.6521607703541106,1.5642799600433661,1.5803914070129395,194300,0.0,0.0
2008-10-03 00:00:00-04:00,1.5906434361844752,1.6653421969735414,1.5569558419165777,1.595037579536438,244900,0.0,0.0
2008-10-06 00:00:00-04:00,1.5247333443562747,1.5247333443562747,1.3182132853362014,1.4558932781219482,908000,0.0,0.0
2008-10-07 00:00:00-04:00,1.4705411739989016,1.504228942979166,1.318214204808366,1.3460431098937988,714000,0.0,0.0
2008-10-08 00:00:00-04:00,1.2435150746316228,1.3167491799411362,1.135128632297456,1.2757381200790405,1026600,0.0,0.0
2008-10-09 00:00:00-04:00,1.325536970694234,1.3270016859228424,1.0941172026840784,1.1292695999145508,581800,0.0,0.0
2008-10-10 00:00:00-04:00,1.0326010954558005,1.1204820234040287,0.8436570759225855,1.1131585836410522,1108100,0.0,0.0
2008-10-13 00:00:00-04:00,1.243514907958354,1.5012989576199283,1.2376561859061797,1.4939755201339722,951200,0.0,0.0
2008-10-14 00:00:00-04:00,1.6038269351958185,1.6038269351958185,1.4573587193846391,1.4705408811569214,627900,0.0,0.0
2008-10-15 00:00:00-04:00,1.4705391565026629,1.4705391565026629,1.319677110259998,1.3299298286437988,313600,0.0,0.0
2008-10-16 00:00:00-04:00,1.348971912632286,1.4309941530227661,1.2889199825506727,1.4309941530227661,437100,0.0,0.0
2008-10-17 00:00:00-04:00,1.3929115536338716,1.5496323634587743,1.366547253034223,1.520338773727417,383100,0.0,0.0
2008-10-20 00:00:00-04:00,1.5393804033860141,1.5803914492949092,1.5349862579907259,1.5716032981872559,425200,0.0,0.0
2008-10-21 00:00:00-04:00,1.5613517743273515,1.5701399322044514,1.4925116466196657,1.4954410791397095,363600,0.0,0.0
2008-10-22 00:00:00-04:00,1.4558935956858639,1.4558935956858639,1.3943770907936153,1.4280647039413452,331300,0.0,0.0
2008-10-23 00:00:00-04:00,1.4397825162762319,1.4720055621055914,1.3753365643004851,1.4295297861099243,329800,0.0,0.0
2008-10-24 00:00:00-04:00,1.3460422504662806,1.376800567860411,1.3240720836202933,1.3694772720336914,342800,0.0,0.0
2008-10-27 00:00:00-04:00,1.3914475278467702,1.3914475278467702,1.3357896099709485,1.3401836156845093,216300,0.0,0.0
2008-10-28 00:00:00-04:00,1.3914478417905567,1.4734700918197632,1.3475073556921586,1.4734700918197632,362200,0.0,0.0
2008-10-29 00:00:00-04:00,1.4793287464615197,1.5130163624667063,1.4676113026611983,1.4910461902618408,434700,0.0,0.0
2008-10-30 00:00:00-04:00,1.508622930984019,1.5261991033837763,1.4910467585842617,1.513016939163208,215200,0.0,0.0
2008-10-31 00:00:00-04:00,1.5203395348154323,1.5803914587476602,1.4939752210177033,1.5730680227279663,343900,0.0,0.0
2008-11-03 00:00:00-05:00,1.588822911570646,1.588822911570646,1.551666153527217,1.568015217781067,238500,0.156,0.0
2008-11-04 00:00:00-05:00,1.5828770901272433,1.6334102799345693,1.5754458554134618,1.6096299886703491,242000,0.0,0.0
2008-11-05 00:00:00-05:00,1.6334105685689453,1.6334105685689453,1.5635559860719643,1.5724735260009766,218200,0.0,0.0
2008-11-06 00:00:00-05:00,1.527885820808817,1.5799053377364418,1.446140926383313,1.4714075326919556,353200,0.0,0.0
2008-11-07 00:00:00-05:00,1.501132970703479,1.5501798763564376,1.4743800615321296,1.4981603622436523,252600,0.0,0.0
2008-11-10 00:00:00-05:00,1.572473707377249,1.572473707377249,1.4714072982460413,1.481811285018921,168200,0.0,0.0
2008-11-11 00:00:00-05:00,1.449113333570019,1.4550584082431999,1.3926350533039198,1.431278109550476,236000,0.0,0.0
2008-11-12 00:00:00-05:00,1.4149284122242136,1.417900877056749,1.3391286454818414,1.3495324850082397,279500,0.0,0.0
2008-11-13 00:00:00-05:00,1.3510197035123193,1.4030390781253126,1.3138629466137044,1.4015529155731201,364800,0.0,0.0
2008-11-14 00:00:00-05:00,1.4000662208719556,1.4134426723041302,1.3525056306613252,1.3807446956634521,299800,0.0,0.0
2008-11-17 00:00:00-05:00,1.3539917898160176,1.3629094713317333,1.3094038074626568,1.3183213472366333,308800,0.0,0.0
2008-11-18 00:00:00-05:00,1.2871101028844387,1.3227805573346723,1.2841376358844792,1.3034591674804688,284000,0.0,0.0
2008-11-19 00:00:00-05:00,1.3034581741470195,1.3034581741470195,1.226172106660874,1.230630874633789,304700,0.0,0.0
2008-11-20 00:00:00-05:00,1.189015951577974,1.189015951577974,1.0671417910277172,1.0820045471191406,764900,0.0,0.0
2008-11-21 00:00:00-05:00,1.096867125799441,1.1325375668640405,1.0626829176770995,1.1132160425186157,744000,0.0,0.0
2008-11-24 00:00:00-05:00,1.1652359231851377,1.2558983593148492,1.151859467975129,1.254412055015564,346300,0.0,0.0
2008-11-25 00:00:00-05:00,1.2930546495584856,1.301972330393169,1.241035293538305,1.267788052558899,285100,0.0,0.0
2008-11-26 00:00:00-05:00,1.263329354898452,1.3064311742782593,1.2380627564611442,1.3064311742782593,258000,0.0,0.0
2008-11-28 00:00:00-05:00,1.2856232039253723,1.3584505252565726,1.2856232039253723,1.3480465412139893,145000,0.0,0.0
2008-12-01 00:00:00-05:00,1.311147322603674,1.311147322603674,1.2113368237295927,1.214361310005188,247100,0.156,0.0
2008-12-02 00:00:00-05:00,1.2022633734131758,1.323245882987976,1.2022633734131758,1.323245882987976,305800,0.0,0.0
2008-12-03 00:00:00-05:00,1.2733402136226788,1.329294575742535,1.2642664670146138,1.3187086582183838,313100,0.0,0.0
2008-12-04 00:00:00-05:00,1.280901762219371,1.3232455804102485,1.2642665826204984,1.283926248550415,282000,0.0,0.0
2008-12-05 00:00:00-05:00,1.2294848366082107,1.2975374730387232,1.2037760404109774,1.2960251569747925,502000,0.0,0.0
2008-12-08 00:00:00-05:00,1.3308073378649932,1.3610529296800788,1.3066108644129246,1.3398809432983398,399500,0.0,0.0
2008-12-09 00:00:00-05:00,1.3081223409692508,1.3444171760900876,1.2809013949064751,1.2929996252059937,295600,0.0,0.0
2008-12-10 00:00:00-05:00,1.3202200257229166,1.3383675078955108,1.2884622924764315,1.3081218004226685,332900,0.0,0.0
2008-12-11 00:00:00-05:00,1.2899760369414668,1.330807705333213,1.2824146008442103,1.2960251569747925,359100,0.0,0.0
2008-12-12 00:00:00-05:00,1.2672910972914053,1.3217331442728657,1.2567051797672544,1.3187086582183838,258000,0.0,0.0
2008-12-15 00:00:00-05:00,1.358027842260506,1.3610524725372977,1.3081225964719232,1.3187086582183838,330900,0.0,0.0
2008-12-16 00:00:00-05:00,1.3444171407675842,1.3731504009184476,1.3292942811793755,1.368613600730896,514000,0.0,0.0
2008-12-17 00:00:00-05:00,1.3640788340208492,1.4079350191377893,1.348955951888459,1.4003735780715942,608500,0.0,0.0
2008-12-18 00:00:00-05:00,1.4215441534250381,1.4291055876477765,1.3837371265337088,1.388274073600769,514900,0.0,0.0
2008-12-19 00:00:00-05:00,1.3912985115763226,1.4366669710866895,1.3912985115763226,1.4185196161270142,361200,0.0,0.0
2008-12-22 00:00:00-05:00,1.4381792481639126,1.4381792481639126,1.3837370405221536,1.4124704599380493,428800,0.0,0.0
2008-12-23 00:00:00-05:00,1.4306176900863647,1.4472527275188507,1.4094457062631036,1.4306176900863647,378500,0.0,0.0
2008-12-24 00:00:00-05:00,1.444227581008073,1.463887240386083,1.41549417721626,1.4623749256134033,303800,0.0,0.0
2008-12-26 00:00:00-05:00,1.4669121106400638,1.4790103435516357,1.4563261928980167,1.4790103435516357,251300,0.0,0.0
2008-12-29 00:00:00-05:00,1.4937639672997103,1.4937639672997103,1.4369026008625136,1.441512942314148,292400,0.156,0.0
2008-12-30 00:00:00-05:00,1.4384391402395453,1.483006160656024,1.4384391402395453,1.4783958196640015,628200,0.0,0.0
2008-12-31 00:00:00-05:00,1.4661019766237027,1.5337208714971842,1.4630284637731636,1.4953010082244873,658000,0.0,0.0
2009-01-02 00:00:00-05:00,1.5137423113067572,1.5659931898117065,1.5137423113067572,1.5659931898117065,393100,0.0,0.0
2009-01-05 00:00:00-05:00,1.5736762607657995,1.5875074235351907,1.5414035964905621,1.584433913230896,424600,0.0,0.0
2009-01-06 00:00:00-05:00,1.598264552702596,1.624390043651003,1.5828967116835275,1.6197797060012817,468900,0.0,0.0
2009-01-07 00:00:00-05:00,1.6059502039624671,1.6059502039624671,1.5475519960743593,1.579824686050415,408000,0.0,0.0
2009-01-08 00:00:00-05:00,1.562918754860729,1.593654590703806,1.5414035964905621,1.584433913230896,239100,0.0,0.0
2009-01-09 00:00:00-05:00,1.6013379191677923,1.6013379191677923,1.55369728353867,1.5583077669143677,260800,0.0,0.0
2009-01-12 00:00:00-05:00,1.552161226040245,1.5552347362991639,1.506057399676273,1.529109239578247,339100,0.0,0.0
2009-01-13 00:00:00-05:00,1.5045225072854274,1.5291112072375967,1.5029856768983638,1.5260376930236816,264100,0.0,0.0
2009-01-14 00:00:00-05:00,1.5168165873720827,1.5168165873720827,1.4522711882021908,1.47532320022583,306800,0.0,0.0
2009-01-15 00:00:00-05:00,1.4891536743189087,1.4891536743189087,1.4123139561142974,1.4768593311309814,447800,0.0,0.0
2009-01-16 00:00:00-05:00,1.4937640868953879,1.513742430198818,1.4799329148730036,1.5122056007385254,324900,0.0,0.0
2009-01-20 00:00:00-05:00,1.5122055316467569,1.5122055316467569,1.4215346494739358,1.4292186498641968,372600,0.0,0.0
2009-01-21 00:00:00-05:00,1.4430500254164988,1.5075954033303447,1.427682022461721,1.5060585737228394,328300,0.0,0.0
2009-01-22 00:00:00-05:00,1.4922272635502416,1.5060584356293059,1.4599545775524663,1.481469750404358,567400,0.0,0.0
2009-01-23 00:00:00-05:00,1.4599542315891139,1.4891532517344566,1.4230712124918106,1.473785400390625,426500,0.0,0.0
2009-01-26 00:00:00-05:00,1.4937647219086296,1.510669413477816,1.473786370112217,1.47532320022583,259500,0.0,0.0
2009-01-27 00:00:00-05:00,1.4983750421026658,1.4983750421026658,1.450734335251895,1.4968382120132446,387500,0.0,0.0
2009-01-28 00:00:00-05:00,1.53679297195914,1.5782864525508362,1.5106674797110347,1.550624132156372,279500,0.0,0.0
2009-01-29 00:00:00-05:00,1.5429416049421405,1.5429416049421405,1.4983745722454505,1.5060585737228394,290700,0.0,0.0
2009-01-30 00:00:00-05:00,1.5229636436720166,1.5367948205062003,1.4845437731593616,1.4906909465789795,434400,0.0,0.0
2009-02-02 00:00:00-05:00,1.5088081141244805,1.5088081141244805,1.4588269398289668,1.4822555780410767,281300,0.156,0.0
2009-02-03 00:00:00-05:00,1.4994371451851476,1.511932442315383,1.4806940505341033,1.5103704929351807,358600,0.0,0.0
2009-02-04 00:00:00-05:00,1.5259896888258204,1.5291134386305336,1.4994371451851476,1.5103704929351807,445700,0.0,0.0
2009-02-05 00:00:00-05:00,1.4994367473543417,1.5056843942618325,1.4760079597345117,1.5025604963302612,448000,0.0,0.0
2009-02-06 00:00:00-05:00,1.5041226595134338,1.5369228476880823,1.5025607103251952,1.521303653717041,347300,0.0,0.0
2009-02-09 00:00:00-05:00,1.5369236732265257,1.5509809255599973,1.5228664208930538,1.5509809255599976,345600,0.0,0.0
2009-02-10 00:00:00-05:00,1.5494174832891368,1.552541231379342,1.4916267285420464,1.504122018814087,518700,0.0,0.0
2009-02-11 00:00:00-05:00,1.5587901111372717,1.5587901111372717,1.4994375098133332,1.513494610786438,367500,0.0,0.0
2009-02-12 00:00:00-05:00,1.5103696639501072,1.5103696639501072,1.4838171348831184,1.504122018814087,369700,0.0,0.0
2009-02-13 00:00:00-05:00,1.500998030371177,1.5150552683101675,1.486940941387787,1.4885027408599854,408200,0.0,0.0
2009-02-17 00:00:00-05:00,1.474446341886574,1.4791321898362366,1.4010365114767518,1.4041602611541748,580100,0.0,0.0
2009-02-18 00:00:00-05:00,1.4291508543963003,1.4353985027068317,1.391664964533112,1.4041602611541748,622100,0.0,0.0
2009-02-19 00:00:00-05:00,1.4150933600739146,1.4244647554304988,1.3854169272148964,1.3901026248931885,496500,0.0,0.0
2009-02-20 00:00:00-05:00,1.344807325142058,1.3635502672501814,1.2901404478989478,1.3401216268539429,686600,0.0,0.0
2009-02-23 00:00:00-05:00,1.3448073872142208,1.3510550348719672,1.2417211263835677,1.2510926723480225,532000,0.0,0.0
2009-02-24 00:00:00-05:00,1.2339119481549967,1.2901408672332764,1.2120451752548318,1.2901408672332764,1025500,0.0,0.0
2009-02-25 00:00:00-05:00,1.2823312302404526,1.3432459218023958,1.2526549337086588,1.315131425857544,419700,0.0,0.0
2009-02-26 00:00:00-05:00,1.3198155725025829,1.3510537818190194,1.3026345946174256,1.308882236480713,393200,0.0,0.0
2009-02-27 00:00:00-05:00,1.2792065588872508,1.3135686833022837,1.265149468356917,1.2713971138000488,445600,0.0,0.0
2009-03-02 00:00:00-05:00,1.2070630030717908,1.2341343493355355,1.1274414321469177,1.149735450744629,809600,0.156,0.0
2009-03-03 00:00:00-05:00,1.1497356293596073,1.1704372592400678,1.124256747004,1.1449583768844604,716500,0.0,0.0
2009-03-04 00:00:00-05:00,1.1545132392672062,1.2341348419752893,1.1545132392672062,1.2086559534072876,485900,0.0,0.0
2009-03-05 00:00:00-05:00,1.1672525374977165,1.1959163594832103,1.132219070100307,1.1401811838150024,472200,0.0,0.0
2009-03-06 00:00:00-05:00,1.1449583768844604,1.1720297273538227,1.129034075412206,1.1449583768844604,691800,0.0,0.0
2009-03-09 00:00:00-04:00,1.1210723855694342,1.1513286097967996,1.1003707464770642,1.1051480770111084,616900,0.0,0.0
2009-03-10 00:00:00-04:00,1.1178869874485386,1.20706314851778,1.1162945953233492,1.1959161758422852,558500,0.0,0.0
2009-03-11 00:00:00-04:00,1.2564286985361832,1.2612060274592707,1.2102481813229633,1.2341346740722656,512300,0.0,0.0
2009-03-12 00:00:00-04:00,1.2341348164223185,1.320126139491937,1.224580233407147,1.3121639490127563,525700,0.0,0.0
2009-03-13 00:00:00-04:00,1.3376436548725548,1.3519755761242152,1.3169421595826505,1.3456058502197266,323200,0.0,0.0
2009-03-16 00:00:00-04:00,1.3838232727761108,1.401340121104584,1.3201260566711426,1.3201260566711426,424400,0.0,0.0
2009-03-17 00:00:00-04:00,1.3328649634578085,1.367898494148768,1.3169407417736134,1.3583438396453857,336800,0.0,0.0
2009-03-18 00:00:00-04:00,1.364713468360251,1.4204486202309605,1.3519740311097013,1.4124864339828491,362600,0.0,0.0
2009-03-19 00:00:00-04:00,1.4252257065015954,1.4379651422796838,1.409301487712012,1.4347803592681885,316500,0.0,0.0
2009-03-20 00:00:00-04:00,1.4347807973491788,1.437965581333083,1.3854153547368178,1.3933775424957275,265200,0.0,0.0
2009-03-23 00:00:00-04:00,1.4108939613220557,1.4921079874038696,1.4108939613220557,1.4921079874038696,324200,0.0,0.0
2009-03-24 00:00:00-04:00,1.482554040235684,1.493701013995024,1.4650371936240043,1.4841463565826416,270200,0.0,0.0
2009-03-25 00:00:00-04:00,1.4921083349142739,1.5175872152583985,1.458667266496084,1.4984780550003052,354700,0.0,0.0
2009-03-26 00:00:00-04:00,1.5207722083475426,1.5303267129023586,1.5048478316013667,1.5271419286727905,330900,0.0,0.0
2009-03-27 00:00:00-04:00,1.5128108775488216,1.5255503254209895,1.4857395128539153,1.4968864917755127,316500,0.0,0.0
2009-03-30 00:00:00-04:00,1.4634448768818134,1.4634448768818134,1.4045249136944251,1.4284114837646484,327500,0.0,0.0
2009-03-31 00:00:00-04:00,1.4284107669467283,1.4841457654088583,1.4284107669467283,1.4682215452194214,293600,0.0,0.0
2009-04-01 00:00:00-04:00,1.4659541142613357,1.4983508586883545,1.452995416490528,1.4983508586883545,193600,0.156,0.0
2009-04-02 00:00:00-04:00,1.5194085338007548,1.5534251485306163,1.5161687826456072,1.53236722946167,283500,0.0,0.0
2009-04-03 00:00:00-04:00,1.5356063258164891,1.5404659509658816,1.5064493473190712,1.5404659509658813,220700,0.0,0.0
2009-04-06 00:00:00-04:00,1.5113099117341215,1.5356074371462216,1.4789131596913552,1.4870123863220215,267100,0.0,0.0
2009-04-07 00:00:00-04:00,1.4708138164608147,1.501590844321495,1.4594749927647148,1.4837725162506104,352600,0.0,0.0
2009-04-08 00:00:00-04:00,1.4967314303926844,1.514549761015396,1.4837727287470264,1.5064505338668823,1357400,0.0,0.0
2009-04-09 00:00:00-04:00,1.5372264507560605,1.5761025313921269,1.535606575442938,1.5550447702407837,1032500,0.0,0.0
2009-04-13 00:00:00-04:00,1.5323689259031126,1.5437077585393484,1.5177903385250902,1.5388482809066772,296800,0.0,0.0
2009-04-14 00:00:00-04:00,1.5226486105842827,1.5647644620017769,1.514549539102361,1.5437065362930298,935500,0.0,0.0
2009-04-15 00:00:00-04:00,1.561524069485933,1.5728628873730506,1.5420860297595282,1.5680034160614014,809100,0.0,0.0
2009-04-16 00:00:00-04:00,1.5874426127485817,1.6214592456817627,1.5777235085619927,1.6214592456817627,1008200,0.0,0.0
2009-04-17 00:00:00-04:00,1.6068804342563396,1.6408970622700687,1.6068804342563396,1.6360375881195068,501500,0.0,0.0
2009-04-20 00:00:00-04:00,1.6101191405842255,1.613358891210502,1.577722406720523,1.5890613794326782,317800,0.0,0.0
2009-04-21 00:00:00-04:00,1.55828501570935,1.6133595634660427,1.556665139721241,1.6020207405090332,375600,0.0,0.0
2009-04-22 00:00:00-04:00,1.5890625757729802,1.6311782842630835,1.576103717991492,1.6149799823760986,318100,0.0,0.0
2009-04-23 00:00:00-04:00,1.6165993801932776,1.6246986067523015,1.6036406794907987,1.618219256401062,279700,0.0,0.0
2009-04-24 00:00:00-04:00,1.6198384712965046,1.6716732529444458,1.6198384712965046,1.6538550853729248,353500,0.0,0.0
2009-04-27 00:00:00-04:00,1.6425169117825784,1.6684343128041748,1.6246985827203093,1.6408970355987549,410400,0.0,0.0
2009-04-28 00:00:00-04:00,1.629557653582858,1.6554750457346592,1.6004005101721601,1.6473758220672607,249300,0.0,0.0
2009-04-29 00:00:00-04:00,1.6716736032033979,1.6975909994577347,1.6603347809620923,1.6846323013305664,316200,0.0,0.0
2009-04-30 00:00:00-04:00,1.6975905036540988,1.7445659637451172,1.694350907308407,1.7445659637451172,407700,0.0,0.0
2009-05-01 00:00:00-04:00,1.7422658614338138,1.7422658614338138,1.6863818390358791,1.6946001052856445,498500,0.156,0.0
2009-05-04 00:00:00-04:00,1.738979727602782,1.738979727602782,1.7061067960012224,1.7258305549621582,383800,0.0,0.0
2009-05-05 00:00:00-04:00,1.7192539091573456,1.7373339606925866,1.7126793307126837,1.7307593822479248,246800,0.0,0.0
2009-05-06 00:00:00-04:00,1.7504847412634936,1.7570593258064844,1.7208991891952654,1.7554157972335815,286500,0.0,0.0
2009-05-07 00:00:00-04:00,1.761988747422804,1.7669196420687217,1.7208975929560895,1.7307593822479248,279100,0.0,0.0
2009-05-08 00:00:00-04:00,1.753771645848765,1.7619899135311294,1.7291169995520899,1.75705885887146,326900,0.0,0.0
2009-05-11 00:00:00-04:00,1.7455523276198528,1.7652760641367053,1.71103574952778,1.7439086437225342,321700,0.0,0.0
2009-05-12 00:00:00-04:00,1.7554157972335818,1.7702086516429258,1.7422666281476002,1.7554157972335815,288200,0.0,0.0
2009-05-13 00:00:00-04:00,1.743909389283454,1.757058552582922,1.691312736085582,1.6946001052856445,425900,0.0,0.0
2009-05-14 00:00:00-04:00,1.68145121292588,1.7619900545587865,1.6798076846581957,1.732404351234436,360000,0.0,0.0
2009-05-15 00:00:00-04:00,1.750484169352721,1.758702436534037,1.717611257377866,1.742266058921814,233300,0.0,0.0
2009-05-18 00:00:00-04:00,1.753770881218264,1.7800692009356323,1.748839985458845,1.750483512878418,465600,0.0,0.0
2009-05-19 00:00:00-04:00,1.7537714084849738,1.8080117483968474,1.7521277238208812,1.7997934818267822,297400,0.0,0.0
2009-05-20 00:00:00-04:00,1.8178743637133479,1.8441727009442068,1.7603466334580031,1.7636338472366333,444900,0.0,0.0
2009-05-21 00:00:00-04:00,1.7537717070908232,1.8030811581564878,1.7455534391214753,1.7817137241363525,427000,0.0,0.0
2009-05-22 00:00:00-04:00,1.7981497652878142,1.8392409406593404,1.7932188681333414,1.8112990856170654,248200,0.0,0.0
2009-05-26 00:00:00-04:00,1.8080121951106896,1.8737580304145403,1.7965067131201247,1.8671834468841553,338800,0.0,0.0
2009-05-27 00:00:00-04:00,1.8671837039921333,1.903343996763679,1.8573219057138208,1.8754019737243652,462500,0.0,0.0
2009-05-28 00:00:00-04:00,1.8951238774869432,1.949364185333252,1.8951238774869432,1.949364185333252,503800,0.0,0.0
2009-05-29 00:00:00-04:00,1.9707312104055303,2.0036040939516493,1.9542948470076076,1.9986732006072998,511300,0.0,0.0
2009-06-01 00:00:00-04:00,2.0179897506574527,2.031309802440997,1.9896846009205356,1.9930146932601929,378200,0.156,0.0
2009-06-02 00:00:00-04:00,1.9746971518520653,1.9863523023764609,1.8964419804928474,1.9114269018173218,493600,0.0,0.0
2009-06-03 00:00:00-04:00,1.9014386128232328,1.9230837297775243,1.8731334720974278,1.8914484977722168,340500,0.0,0.0
2009-06-04 00:00:00-04:00,1.9014380983738375,1.9364032534110516,1.8981080079953176,1.9330731630325317,262500,0.0,0.0
2009-06-05 00:00:00-04:00,1.9713668120094001,1.9730318558502855,1.9247466959758497,1.9280766248703003,313400,0.0,0.0
2009-06-08 00:00:00-04:00,1.9147579303515283,1.9247480415937452,1.9031029328918014,1.9214179515838623,225200,0.0,0.0
2009-06-09 00:00:00-04:00,1.9314095495251224,1.968039615105172,1.9230844768796371,1.9580496549606323,297600,0.0,0.0
2009-06-10 00:00:00-04:00,1.9713678845981883,1.9913479451976746,1.939732669558447,1.9697028398513794,330600,0.0,0.0
2009-06-11 00:00:00-04:00,1.9563833976910545,1.996343531109372,1.9563833976910545,1.9896835088729858,215600,0.0,0.0
2009-06-12 00:00:00-04:00,1.996345010581659,2.029645146442004,1.979695022045273,2.026315212249756,303400,0.0,0.0
2009-06-15 00:00:00-04:00,2.026314163190057,2.026314163190057,1.9413987416177563,1.961378812789917,342500,0.0,0.0
2009-06-16 00:00:00-04:00,1.978028485252293,1.998008551714948,1.943063329245783,1.9447283744812012,349800,0.0,0.0
2009-06-17 00:00:00-04:00,1.9413987466445968,1.956383839759391,1.9031036498290046,1.9064335823059082,372500,0.0,0.0
2009-06-18 00:00:00-04:00,1.913092752261408,1.9713680530809572,1.913092752261408,1.9314079284667969,249900,0.0,0.0
2009-06-19 00:00:00-04:00,1.961377557693413,1.9763626411803672,1.9380675689691633,1.9430625438690186,274800,0.0,0.0
2009-06-22 00:00:00-04:00,1.9314066404506445,1.9314066404506445,1.854816373289632,1.8681364059448242,432500,0.0,0.0
2009-06-23 00:00:00-04:00,1.8964429794377489,1.9130929537199335,1.866472803427405,1.8731328248977661,326000,0.0,0.0
2009-06-24 00:00:00-04:00,1.8964416549497707,1.954716762418834,1.8914465232450566,1.9463917016983032,317000,0.0,0.0
2009-06-25 00:00:00-04:00,1.934738521288061,2.0263139572786373,1.926413452782104,2.0096638202667236,312200,0.0,0.0
2009-06-26 00:00:00-04:00,1.998007871577713,2.031307971013195,1.9946777822404653,2.0246479511260986,230200,0.0,0.0
2009-06-29 00:00:00-04:00,2.0263123181555756,2.0363022652516833,2.0196523004957214,2.0329723358154297,402900,0.0,0.0
2009-06-30 00:00:00-04:00,2.047477544696294,2.0542237573294613,1.9800152575222225,1.9817018508911133,300600,0.156,0.0
2009-07-01 00:00:00-04:00,1.9850748012433697,2.0221788858861856,1.9817016149072715,2.0019402503967285,244500,0.0,0.0
2009-07-02 00:00:00-04:00,1.973270574077008,1.9985690116882324,1.9429126741230682,1.9985690116882324,221200,0.0,0.0
2009-07-06 00:00:00-04:00,1.9715817831331222,1.9749549687273587,1.9260449035073235,1.9327911138534546,221100,0.0,0.0
2009-07-07 00:00:00-04:00,1.937852381371804,1.9395389756049597,1.9024347066879272,1.9024347066879272,156500,0.0,0.0
2009-07-08 00:00:00-04:00,1.9108680664595958,1.9125546611777127,1.838346102005821,1.840032696723938,284400,0.0,0.0
2009-07-09 00:00:00-04:00,1.8670166223233944,1.8821956454060957,1.83497214313737,1.8383451700210571,285800,0.0,0.0
2009-07-10 00:00:00-04:00,1.8467782650956692,1.8670169120659612,1.8315992396573333,1.8636438846588135,245900,0.0,0.0
2009-07-13 00:00:00-04:00,1.8754498423273505,1.9311061652816597,1.863644004380218,1.9024347066879272,301000,0.0,0.0
2009-07-14 00:00:00-04:00,1.9058072068398069,1.9749559370001737,1.9058072068398069,1.9732693433761597,216800,0.0,0.0
2009-07-15 00:00:00-04:00,2.0204923531658308,2.0238655396028458,2.0002537170708883,2.010373115539551,276700,0.0,0.0
2009-07-16 00:00:00-04:00,1.9951950370955536,2.0322993011501946,1.9951950370955536,2.0306127071380615,236700,0.0,0.0
2009-07-17 00:00:00-04:00,2.023865600865296,2.0407312118761283,2.013746202090319,2.0390446186065674,216200,0.0,0.0
2009-07-20 00:00:00-04:00,2.044104181114042,2.0744622157580865,2.0390445622874953,2.071089029312134,276900,0.0,0.0
2009-07-21 00:00:00-04:00,2.0812090473225497,2.0845820739301715,2.0609704051495306,2.0660300254821777,283400,0.0,0.0
2009-07-22 00:00:00-04:00,2.0525373808898513,2.0660298075821784,2.0356717671032354,2.064343214035034,215100,0.0,0.0
2009-07-23 00:00:00-04:00,2.067716712644446,2.104820811217116,2.067716712644446,2.0913283824920654,281500,0.0,0.0
2009-07-24 00:00:00-04:00,2.0879549179303307,2.1065069633266793,2.082895298429946,2.101447343826294,323200,0.0,0.0
2009-07-27 00:00:00-04:00,2.1014466148376023,2.1452970642090285,2.0997600219750825,2.1233718395233154,350400,0.0,0.0
2009-07-28 00:00:00-04:00,2.119999032085545,2.145297447010483,2.1048200152990573,2.1385512351989746,345200,0.0,0.0
2009-07-29 00:00:00-04:00,2.1385512178589896,2.153730234522401,2.1301184129523856,2.1469838619232178,313500,0.0,0.0
2009-07-30 00:00:00-04:00,2.16216385377602,2.1891487129740907,2.1520446119979675,2.1587908267974854,243200,0.0,0.0
2009-07-31 00:00:00-04:00,2.1655376588970774,2.1925225257873535,2.1604780365657743,2.1925225257873535,329900,0.0,0.0
2009-08-03 00:00:00-04:00,2.2191512740086017,2.2345146550298622,2.1747682094573975,2.1747682094573975,314900,0.156,0.0
2009-08-04 00:00:00-04:00,2.1679408508056035,2.183304237443742,2.1491634686901158,2.1713550090789795,315400,0.0,0.0
2009-08-05 00:00:00-04:00,2.1645261525234405,2.1764753770083827,2.130385232059079,2.1474556922912598,242700,0.0,0.0
2009-08-06 00:00:00-04:00,2.1491619747352004,2.1696464217479465,2.1116070738138752,2.113314151763916,250200,0.0,0.0
2009-08-07 00:00:00-04:00,2.1303859437385495,2.1628197964553926,2.1303859437385495,2.14574933052063,209100,0.0,0.0
2009-08-10 00:00:00-04:00,2.147454503802228,2.176474172458681,2.126970060538123,2.1696460247039795,211000,0.0,0.0
2009-08-11 00:00:00-04:00,2.161112411920514,2.161112411920514,2.0928308834222373,2.1150224208831787,328100,0.0,0.0
2009-08-12 00:00:00-04:00,2.116728535137804,2.166232665244861,2.1133145414041845,2.16111159324646,291800,0.0,0.0
2009-08-13 00:00:00-04:00,2.164524640561344,2.1781809340895153,2.154282339017285,2.1730597019195557,187000,0.0,0.0
2009-08-14 00:00:00-04:00,2.1884246738969124,2.202080977416083,2.144041768857596,2.1645262241363525,216000,0.0,0.0
2009-08-17 00:00:00-04:00,2.147456146965358,2.147456146965358,2.0347915414075715,2.048447847366333,365900,0.0,0.0
2009-08-18 00:00:00-04:00,2.0450323436949,2.111606913529839,2.0416183508498755,2.1081929206848145,344700,0.0,0.0
2009-08-19 00:00:00-04:00,2.1013665779539052,2.133800270434248,2.0928313443129603,2.1320931911468506,267200,0.0,0.0
2009-08-20 00:00:00-04:00,2.142334849623942,2.1798897684940104,2.142334849623942,2.1662333011627197,301500,0.0,0.0
2009-08-21 00:00:00-04:00,2.176475287969975,2.1969597417329996,2.167940058203056,2.1747682094573975,224400,0.0,0.0
2009-08-24 00:00:00-04:00,2.20037373473249,2.2140300362231713,2.176475125725819,2.1884243488311768,365800,0.0,0.0
2009-08-25 00:00:00-04:00,2.2054946467601693,2.2123227970091257,2.178182045764344,2.183303117752075,345800,0.0,0.0
2009-08-26 00:00:00-04:00,2.1679406839914344,2.198667454903412,2.1611125307661077,2.185011148452759,334200,0.0,0.0
2009-08-27 00:00:00-04:00,2.214030201266837,2.215737116983447,2.1628189854612914,2.1747682094573975,329000,0.0,0.0
2009-08-28 00:00:00-04:00,2.1798891240255687,2.188424189739807,2.1679397389929376,2.183303117752075,246700,0.0,0.0
2009-08-31 00:00:00-04:00,2.198666575162649,2.205494725655864,2.1730608887161296,2.1952524185180664,394500,0.0,0.0
2009-09-01 00:00:00-04:00,2.194562290197734,2.1980183729578946,2.1271703243255615,2.1271703243255615,302900,0.156,0.0
2009-09-02 00:00:00-04:00,2.1064336349310024,2.1271697967589285,2.0995216359200453,2.121985673904419,278200,0.0,0.0
2009-09-03 00:00:00-04:00,2.1288985831394958,2.1755547200078738,2.1254426645539453,2.1720986366271973,221100,0.0,0.0
2009-09-04 00:00:00-04:00,2.1306256951745635,2.1807377287631238,2.1306256951745635,2.1651856899261475,258500,0.0,0.0
2009-09-08 00:00:00-04:00,2.17728155143152,2.194561464344289,2.1755535107017328,2.192833423614502,250900,0.0,0.0
2009-09-09 00:00:00-04:00,2.1893770272868927,2.2032010205064707,2.187648986935696,2.199744939804077,233400,0.0,0.0
2009-09-10 00:00:00-04:00,2.2118410677953397,2.220481104796669,2.1945609937926815,2.215296983718872,252200,0.0,0.0
2009-09-11 00:00:00-04:00,2.179009216032676,2.2204813655501754,2.179009216032676,2.210113286972046,244200,0.0,0.0
2009-09-14 00:00:00-04:00,2.1461784667018082,2.211842561544606,2.1461784667018082,2.2066586017608643,244200,0.0,0.0
2009-09-15 00:00:00-04:00,2.2135686232906653,2.2429444789886475,2.208384503348407,2.2429444789886475,260100,0.0,0.0
2009-09-16 00:00:00-04:00,2.246402274622052,2.289602318364784,2.242946192020991,2.270594358444214,399700,0.0,0.0
2009-09-17 00:00:00-04:00,2.2723233321178347,2.327619526868396,2.2705954547781046,2.3086113929748535,321100,0.0,0.0
2009-09-18 00:00:00-04:00,2.313794580630265,2.331074500582958,2.3086104563288656,2.32589054107666,316300,0.0,0.0
2009-09-21 00:00:00-04:00,2.3241617626158835,2.3241617626158835,2.2654096908586783,2.2861456871032715,581600,0.0,0.0
2009-09-22 00:00:00-04:00,2.294786193446847,2.3414423180823087,2.289602234530157,2.3155221939086914,461600,0.0,0.0
2009-09-23 00:00:00-04:00,2.310338256518551,2.324162256955252,2.2878742146101407,2.294786214828491,525300,0.0,0.0
2009-09-24 00:00:00-04:00,2.2930576596460153,2.322433528282702,2.2377615094712837,2.24640154838562,533400,0.0,0.0
2009-09-25 00:00:00-04:00,2.239489081210314,2.2878730582847804,2.239489081210314,2.2688651084899902,466900,0.0,0.0
2009-09-28 00:00:00-04:00,2.263682765630968,2.3137948188038004,2.263682765630968,2.3103387355804443,249400,0.0,0.0
2009-09-29 00:00:00-04:00,2.3155233967192776,2.325891484733498,2.2999715118906994,2.3086113929748535,427000,0.0,0.0
2009-09-30 00:00:00-04:00,2.312065874470229,2.3310738303918743,2.2913298776116013,2.293057918548584,478500,0.0,0.0
2009-10-01 00:00:00-04:00,2.2661285131399382,2.273122730255127,2.1769521198548136,2.185694932937622,902200,0.156,0.0
2009-10-02 00:00:00-04:00,2.1017653942108154,2.1594677563841556,2.030074423952526,2.1017653942108154,1373000,0.0,0.0
2009-10-05 00:00:00-04:00,2.101766357362938,2.162965774536133,2.101766357362938,2.162965774536133,463000,0.0,0.0
2009-10-06 00:00:00-04:00,2.1682109022653346,2.206679208083693,2.1559710549957987,2.180450916290283,421100,0.0,0.0
2009-10-07 00:00:00-04:00,2.176953696566517,2.185696515981525,2.1542224327896595,2.1734566688537598,324600,0.0,0.0
2009-10-08 00:00:00-04:00,2.175204284383122,2.229409611043594,2.175204284383122,2.2084269523620605,347600,0.0,0.0
2009-10-09 00:00:00-04:00,2.199685335995633,2.224165201187134,2.199685335995633,2.224165201187134,223300,0.0,0.0
2009-10-12 00:00:00-04:00,2.2294087341870044,2.2713740350445506,2.220665921486195,2.246894359588623,307200,0.0,0.0
2009-10-13 00:00:00-04:00,2.2381527773792955,2.2451469980341687,2.213672921709552,2.2364041805267334,308300,0.0,0.0
2009-10-14 00:00:00-04:00,2.2486443519592285,2.288861251639218,2.2399016999358987,2.2486443519592285,421800,0.0,0.0
2009-10-15 00:00:00-04:00,2.274872885767924,2.2766214829342992,2.2573872476149814,2.269627094268799,323500,0.0,0.0
2009-10-16 00:00:00-04:00,2.2626332059047525,2.2818674440594853,2.2573875803877477,2.2766218185424805,233100,0.0,0.0
2009-10-19 00:00:00-04:00,2.2818676824555224,2.3238330244867105,2.278370487241867,2.322084426879883,310000,0.0,0.0
2009-10-20 00:00:00-04:00,2.3395680229268376,2.341316619004101,2.3010997430035474,2.3028483390808105,332000,0.0,0.0
2009-10-21 00:00:00-04:00,2.299351146926284,2.322082395664806,2.294105525449795,2.3028483390808105,255800,0.0,0.0
2009-10-22 00:00:00-04:00,2.2993526358772294,2.3168382744621256,2.2906099833401896,2.3080954551696777,311800,0.0,0.0
2009-10-23 00:00:00-04:00,2.3168402086241837,2.3360742937203876,2.311594579371682,2.315091609954834,321400,0.0,0.0
2009-10-26 00:00:00-04:00,2.315090203208018,2.3413186670440953,2.309844577142981,2.322084426879883,312500,0.0,0.0
2009-10-27 00:00:00-04:00,2.3168385587652334,2.330827004647533,2.274873221118336,2.2766218185424805,420400,0.0,0.0
2009-10-28 00:00:00-04:00,2.2748717866464063,2.2818660051771933,2.185695375312384,2.187443971633911,573900,0.0,0.0
2009-10-29 00:00:00-04:00,2.2136717452625345,2.2556370468894817,2.161215034851208,2.2276601791381836,452800,0.0,0.0
2009-10-30 00:00:00-04:00,2.2311589140254804,2.232907511158065,2.1891935833758516,2.19269061088562,417400,0.0,0.0
2009-11-02 00:00:00-05:00,2.1848986960690673,2.2397866555945436,2.179586996179223,2.2132279872894287,313500,0.156,0.0
2009-11-03 00:00:00-05:00,2.2061473108115,2.2185413427554233,2.1813590780676333,2.216770887374878,244700,0.0,0.0
2009-11-04 00:00:00-05:00,2.227394796785939,2.2486417858423957,2.22208309173584,2.22208309173584,266800,0.0,0.0
2009-11-05 00:00:00-05:00,2.225621921169693,2.2787394245161345,2.225621921169693,2.273427724838257,213600,0.0,0.0
2009-11-06 00:00:00-05:00,2.245099115182141,2.2716577904766924,2.230934465844255,2.2681167125701904,230000,0.0,0.0
2009-11-09 00:00:00-05:00,2.2769712597701237,2.298218250274658,2.2769712597701237,2.298218250274658,300500,0.0,0.0
2009-11-10 00:00:00-05:00,2.280511546223789,2.3017585277557373,2.2663468918691567,2.3017585277557373,316500,0.0,0.0
2009-11-11 00:00:00-05:00,2.319463517883724,2.3424809455152644,2.3106105701799367,2.324775218963623,338800,0.0,0.0
2009-11-12 00:00:00-05:00,2.333629791458547,2.342482576470158,2.3017592250773853,2.30530047416687,263300,0.0,0.0
2009-11-13 00:00:00-05:00,2.303527634789088,2.3353980016709626,2.303527634789088,2.317692279815674,249900,0.0,0.0
2009-11-16 00:00:00-05:00,2.3389397936354785,2.3495633643145903,2.3159221978773425,2.3371691703796387,368100,0.0,0.0
2009-11-17 00:00:00-05:00,2.229165685220727,2.2645773378387686,2.1370952195577395,2.1548011302948,1418000,0.0,0.0
2009-11-18 00:00:00-05:00,2.153030033545415,2.153030033545415,2.0414832256055275,2.0786654949188232,1943900,0.0,0.0
2009-11-19 00:00:00-05:00,2.0609584343347365,2.1282406008128874,2.050334863267267,2.124699354171753,721700,0.0,0.0
2009-11-20 00:00:00-05:00,2.114077084516286,2.1477182728926234,2.1069947557301156,2.135324239730835,491800,0.0,0.0
2009-11-23 00:00:00-05:00,2.138863851865518,2.1671931475687556,2.138863851865518,2.161881446838379,489800,0.0,0.0
2009-11-24 00:00:00-05:00,2.160112540827487,2.1937537328601366,2.156571460477556,2.1813595294952393,526000,0.0,0.0
2009-11-25 00:00:00-05:00,2.1866720599024263,2.2291660499977217,2.1831308096330986,2.2256247997283936,319600,0.0,0.0
2009-11-27 00:00:00-05:00,2.170736019668494,2.218541699756385,2.149489031978759,2.1972947120666504,306700,0.0,0.0
2009-11-30 00:00:00-05:00,2.1955240875451603,2.220312324277875,2.186671302649807,2.1972947120666504,395900,0.0,0.0
2009-12-01 00:00:00-05:00,2.235750610004051,2.235750610004051,2.1981899929330133,2.2089216709136963,357400,0.125,0.0
2009-12-02 00:00:00-05:00,2.2053431486062443,2.207131789026805,2.1874570855489153,2.199977397918701,330000,0.0,0.0
2009-12-03 00:00:00-05:00,2.189245552475081,2.1999772235738373,2.1749367713928223,2.1749367713928223,296900,0.0,0.0
2009-12-04 00:00:00-05:00,2.185668966333534,2.1981891101376974,2.158839867443542,2.16420578956604,309900,0.0,0.0
2009-12-07 00:00:00-05:00,2.1606297829830114,2.1695728212229843,2.1373779517887876,2.1391665935516357,407500,0.0,0.0
2009-12-08 00:00:00-05:00,2.1320090503246485,2.1552608472002612,2.1069686143261386,2.1516835689544678,381800,0.0,0.0
2009-12-09 00:00:00-05:00,2.1445293390833466,2.169569776903921,2.1445293390833466,2.165992498397827,296600,0.0,0.0
2009-12-10 00:00:00-05:00,2.1731473317222236,2.192822026403591,2.1159122284471095,2.1892447471618652,312500,0.0,0.0
2009-12-11 00:00:00-05:00,2.191033386782728,2.192822026403591,2.1731473317222236,2.1892447471618652,260700,0.0,0.0
2009-12-14 00:00:00-05:00,2.1999775877354613,2.1999775877354613,2.1785144125592804,2.1910345554351807,392100,0.0,0.0
2009-12-15 00:00:00-05:00,2.1874570855489153,2.199977397918701,2.1785142245943896,2.199977397918701,289300,0.0,0.0
2009-12-16 00:00:00-05:00,2.1999770942768704,2.221440264638826,2.1999770942768704,2.2124972343444824,276700,0.0,0.0
2009-12-17 00:00:00-05:00,2.2124972343444824,2.2268060145857858,2.201765734450562,2.2124972343444824,303600,0.0,0.0
2009-12-18 00:00:00-05:00,2.2196518890717467,2.2250176396583625,2.203554466737764,2.223229169845581,304400,0.0,0.0
2009-12-21 00:00:00-05:00,2.2232282927419464,2.233959789681409,2.214285264909682,2.2303826808929443,302800,0.0,0.0
2009-12-22 00:00:00-05:00,2.2357489178677175,2.2500576972961426,2.2268058880814254,2.2500576972961426,312300,0.0,0.0
2009-12-23 00:00:00-05:00,2.251846337368222,2.2590007270824346,2.2339602777956378,2.2500576972961426,281800,0.0,0.0
2009-12-24 00:00:00-05:00,2.260790515096816,2.260790515096816,2.244693087422658,2.253636121749878,160100,0.0,0.0
2009-12-28 00:00:00-05:00,2.257211430544653,2.260788709648431,2.2357482676441562,2.237536907196045,375800,0.0,0.0
2009-12-29 00:00:00-05:00,2.243860788435923,2.2673472745465735,2.2149543970061014,2.2185676097869873,264000,0.125,0.0
2009-12-30 00:00:00-05:00,2.209534579627415,2.2185678710870844,2.2059213664209696,2.216761350631714,264400,0.0,0.0
2009-12-31 00:00:00-05:00,2.2221797483881693,2.225792959142316,2.1968865839267933,2.19869327545166,214300,0.0,0.0
2010-01-04 00:00:00-05:00,2.1950814700388817,2.218567959855472,2.193274949511229,2.207728147506714,441100,0.0,0.0
2010-01-05 00:00:00-05:00,2.213148028472218,2.231214611908642,2.2041147367540055,2.2221813201904297,277200,0.0,0.0
2010-01-06 00:00:00-05:00,2.2203746273876455,2.231214611908642,2.2167614140777863,2.2221813201904297,371300,0.0,0.0
2010-01-07 00:00:00-05:00,2.218568060655698,2.2330212593078613,2.2113414613296163,2.2330212593078613,285200,0.0,0.0
2010-01-08 00:00:00-05:00,2.222181426480491,2.231214718630778,2.218568040702089,2.229408025741577,183300,0.0,0.0
2010-01-11 00:00:00-05:00,2.2203746273876455,2.2366345180212854,2.2167614140777863,2.2221813201904297,262000,0.0,0.0
2010-01-12 00:00:00-05:00,2.229408025741577,2.2366346250026634,2.22037473359129,2.229408025741577,238300,0.0,0.0
2010-01-13 00:00:00-05:00,2.23121473869813,2.2384413380242116,2.222181446466598,2.2330212593078613,247100,0.0,0.0
2010-01-14 00:00:00-05:00,2.238441588005863,2.261928081512451,2.2348282017914323,2.261928081512451,259500,0.0,0.0
2010-01-15 00:00:00-05:00,2.269154681645575,2.269154681645575,2.2348282017914323,2.261928081512451,264300,0.0,0.0
2010-01-19 00:00:00-05:00,2.2583131612514693,2.2745730435797795,2.2583131612514693,2.272766351699829,264700,0.0,0.0
2010-01-20 00:00:00-05:00,2.242054836266037,2.285414437728919,2.240248143131148,2.281801223754883,276500,0.0,0.0
2010-01-21 00:00:00-05:00,2.281801188804608,2.285414402723301,2.243861495031772,2.261928081512451,337600,0.0,0.0
2010-01-22 00:00:00-05:00,2.2619261306273613,2.2619261306273613,2.2095331094809127,2.2149531841278076,334600,0.0,0.0
2010-01-25 00:00:00-05:00,2.2167626215069323,2.270962056746206,2.2167626215069323,2.2257957458496094,334800,0.0,0.0
2010-01-26 00:00:00-05:00,2.218567609426595,2.2547005987080024,2.213147704108305,2.2312142848968506,353300,0.0,0.0
2010-01-27 00:00:00-05:00,2.2257935342029933,2.240246725544911,2.209533650869427,2.2203736305236816,329300,0.0,0.0
2010-01-28 00:00:00-05:00,2.2366345434976838,2.238441236321047,2.207728147506714,2.207728147506714,247200,0.0,0.0
2010-01-29 00:00:00-05:00,2.236635485633459,2.236635485633459,2.2059223838818762,2.209535598754883,414200,0.0,0.0
2010-02-01 00:00:00-05:00,2.2250487665946426,2.2286994635109902,2.1940187131797364,2.201319932937622,287600,0.125,0.0
2010-02-02 00:00:00-05:00,2.2013213115559127,2.2305262088775635,2.197670612353247,2.2305262088775635,381400,0.0,0.0
2010-02-03 00:00:00-05:00,2.217747560637963,2.2268741289108176,2.2013199466365974,2.225048780441284,248100,0.0,0.0
2010-02-04 00:00:00-05:00,2.214098487396923,2.214098487396923,2.137435542231578,2.1447367668151855,504900,0.0,0.0
2010-02-05 00:00:00-05:00,2.1319586098427687,2.139259830804908,2.0151389003736995,2.06807279586792,1046500,0.0,0.0
2010-02-08 00:00:00-05:00,2.0772005457126133,2.086327120619093,2.047995645271828,2.069899320602417,253100,0.0,0.0
2010-02-09 00:00:00-05:00,2.095453561094125,2.1228332863315558,2.082676460428288,2.119182586669922,257300,0.0,0.0
2010-02-10 00:00:00-05:00,2.139261245727539,2.150212997376895,2.1082309925961065,2.139261245727539,302700,0.0,0.0
2010-02-11 00:00:00-05:00,2.137434099250139,2.179416068745132,2.135608750817798,2.172114849090576,235200,0.0,0.0
2010-02-12 00:00:00-05:00,2.1611625325828907,2.1611625325828907,2.0972767470192175,2.1502106189727783,354100,0.0,0.0
2010-02-16 00:00:00-05:00,2.214097519919677,2.214097519919677,2.1666394938261333,2.1994950771331787,291900,0.0,0.0
2010-02-17 00:00:00-05:00,2.212272530134162,2.223224451039104,2.2049713075558266,2.2177484035491943,231300,0.0,0.0
2010-02-18 00:00:00-05:00,2.2067962587764387,2.230525271395791,2.2067962587764387,2.2286999225616455,236000,0.0,0.0
2010-02-19 00:00:00-05:00,2.228700982069684,2.2378275565042713,2.2177490579331938,2.236002206802368,227300,0.0,0.0
2010-02-22 00:00:00-05:00,2.2451279491035696,2.2451279491035696,2.230525505050446,2.2414772510528564,215300,0.0,0.0
2010-02-23 00:00:00-05:00,2.2469543359028417,2.2542555613015334,2.221399959969949,2.2396531105041504,357800,0.0,0.0
2010-02-24 00:00:00-05:00,2.25608010046907,2.2652066731608125,2.246953701852222,2.2615561485290527,277300,0.0,0.0
2010-02-25 00:00:00-05:00,2.245128142641507,2.2706823348999023,2.226874998964185,2.2706823348999023,288600,0.0,0.0
2010-02-26 00:00:00-05:00,2.268857857384299,2.2779842579541207,2.2615566324834817,2.272508382797241,350600,0.0,0.0
2010-03-01 00:00:00-05:00,2.2752731523420713,2.2844922844477673,2.271585429163665,2.2771170139312744,219200,0.125,0.0
2010-03-02 00:00:00-05:00,2.280805421842682,2.3010873794555664,2.275274010828329,2.3010873794555664,290600,0.0,0.0
2010-03-03 00:00:00-05:00,2.295555353164673,2.304774486277852,2.286336220051494,2.295555353164673,271700,0.0,0.0
2010-03-04 00:00:00-05:00,2.2937111802834402,2.3029303121462505,2.2347090177059568,2.29186749458313,223500,0.0,0.0
2010-03-05 00:00:00-05:00,2.2918675022849953,2.310305590232263,2.2918675022849953,2.308461904525757,336600,0.0,0.0
2010-03-08 00:00:00-05:00,2.3103058647138077,2.3103058647138077,2.2863361892783,2.3029305934906006,314700,0.0,0.0
2010-03-09 00:00:00-05:00,2.2918685198638538,2.312150478363037,2.2881807951328788,2.312150478363037,248200,0.0,0.0
2010-03-10 00:00:00-05:00,2.306617611445019,2.3305872795483817,2.306617611445019,2.3195242881774902,333700,0.0,0.0
2010-03-11 00:00:00-05:00,2.3121495923205937,2.3195248631158614,2.291867641593688,2.313993453979492,348600,0.0,0.0
2010-03-12 00:00:00-05:00,2.3176811359370153,2.3250564071602224,2.293711460501507,2.3029305934906006,360000,0.0,0.0
2010-03-15 00:00:00-04:00,2.3103058647138077,2.3103058647138077,2.2826486415868645,2.3029305934906006,234900,0.0,0.0
2010-03-16 00:00:00-04:00,2.306618145991961,2.323212548973825,2.2973990136864453,2.304774284362793,277400,0.0,0.0
2010-03-17 00:00:00-04:00,2.312151056872924,2.326901607806688,2.3103071940460946,2.3250577449798584,233000,0.0,0.0
2010-03-18 00:00:00-04:00,2.326900755296928,2.3361198902130127,2.3195254825321348,2.3361198902130127,267900,0.0,0.0
2010-03-19 00:00:00-04:00,2.3066184520721436,2.3324318149445427,2.301086866450618,2.3066184520721436,288700,0.0,0.0
2010-03-22 00:00:00-04:00,2.2992431851267683,2.33243181972217,2.2992431851267683,2.3232128620147705,233600,0.0,0.0
2010-03-23 00:00:00-04:00,2.330589021860136,2.3379642963409424,2.32321374737933,2.3379642963409424,288300,0.0,0.0
2010-03-24 00:00:00-04:00,2.334275993251121,2.334275993251121,2.3139940374104935,2.3269007205963135,320200,0.0,0.0
2010-03-25 00:00:00-04:00,2.3305878755241913,2.350869826410311,2.3305878755241913,2.3490259647369385,340300,0.0,0.0
2010-03-26 00:00:00-04:00,2.352713828888269,2.3693082332611084,2.3490261053208217,2.3693082332611084,369600,0.0,0.0
2010-03-29 00:00:00-04:00,2.367463946967081,2.3969650268554688,2.361932538448085,2.3969650268554688,375200,0.0,0.0
2010-03-30 00:00:00-04:00,2.391434335502245,2.4190915622316402,2.391434335502245,2.413560152053833,377000,0.0,0.0
2010-03-31 00:00:00-04:00,2.4006527497616705,2.415403289705864,2.3969650268554688,2.3969650268554688,444000,0.0,0.0
2010-04-01 00:00:00-04:00,2.405340947891411,2.409064293544629,2.3643830804218595,2.3681066036224365,409900,0.125,0.0
2010-04-05 00:00:00-04:00,2.3457666776458987,2.3718306374225224,2.3457666776458987,2.3532135486602783,428400,0.0,0.0
2010-04-06 00:00:00-04:00,2.3643830804218595,2.3718299492756545,2.351351104314558,2.3681066036224365,199300,0.0,0.0
2010-04-07 00:00:00-04:00,2.3643830804218595,2.381138579729738,2.3643830804218595,2.3681066036224365,251700,0.0,0.0
2010-04-08 00:00:00-04:00,2.3625245679804334,2.3792800903320312,2.3625245679804334,2.3792800903320312,213800,0.0,0.0
2010-04-09 00:00:00-04:00,2.384863996662051,2.3923108714291317,2.3736935957376795,2.3811404705047607,277300,0.0,0.0
2010-04-12 00:00:00-04:00,2.383001125167964,2.39044799647125,2.383001125167964,2.3867244720458984,246200,0.0,0.0
2010-04-13 00:00:00-04:00,2.3867244720458984,2.3941713433491847,2.375554253864678,2.3867244720458984,310600,0.0,0.0
2010-04-14 00:00:00-04:00,2.396033419088849,2.407203816279161,2.3941716566325573,2.403480291366577,211800,0.0,0.0
2010-04-15 00:00:00-04:00,2.410928931760797,2.4183758094998837,2.4034820540217106,2.407205581665039,233800,0.0,0.0
2010-04-16 00:00:00-04:00,2.3904512313516038,2.405344994113174,2.368110587209248,2.3774192333221436,295400,0.0,0.0
2010-04-19 00:00:00-04:00,2.3457686106896007,2.3904498735957223,2.3457686106896007,2.383002996444702,191700,0.0,0.0
2010-04-20 00:00:00-04:00,2.394172049046818,2.40348068530656,2.3904487010714024,2.397895574569702,218700,0.0,0.0
2010-04-21 00:00:00-04:00,2.4034821659853116,2.418375922157294,2.4034821659853116,2.4165141582489014,264800,0.0,0.0
2010-04-22 00:00:00-04:00,2.41465157075786,2.427683557618304,2.403481169486405,2.4239602088928223,323800,0.0,0.0
2010-04-23 00:00:00-04:00,2.427685214495635,2.4369938589836786,2.4202383344147256,2.425823450088501,218500,0.0,0.0
2010-04-26 00:00:00-04:00,2.4295453207547975,2.4295453207547975,2.4183749194833424,2.4239602088928223,257500,0.0,0.0
2010-04-27 00:00:00-04:00,2.418375264770299,2.423960554977227,2.388587760523472,2.3904495239257812,411500,0.0,0.0
2010-04-28 00:00:00-04:00,2.4016197492445763,2.4034815126468856,2.3736940084000584,2.3904495239257812,290800,0.0,0.0
2010-04-29 00:00:00-04:00,2.3904493387366994,2.418375077417799,2.3904493387366994,2.4090664386749268,219800,0.0,0.0
2010-04-30 00:00:00-04:00,2.418375506079858,2.418375506079858,2.3643856048583984,2.3643856048583984,592100,0.0,0.0
2010-05-03 00:00:00-04:00,2.380367502296046,2.384128042601378,2.3521641672557814,2.3540444374084473,341300,0.125,0.0
2010-05-04 00:00:00-04:00,2.3465246983381403,2.348404969565783,2.301399264749915,2.3051598072052,439300,0.0,0.0
2010-05-05 00:00:00-04:00,2.2807143578464104,2.2863549861294636,2.1246556006206627,2.2243075370788574,938300,0.0,0.0
2010-05-06 00:00:00-04:00,2.186702618305876,2.2167862022974334,1.8764652549402596,2.0663681030273438,1388000,0.0,0.0
2010-05-07 00:00:00-04:00,2.068250066162773,2.081411600112915,1.9272330161971292,2.081411600112915,705800,0.0,0.0
2010-05-10 00:00:00-04:00,2.207385406134199,2.2186668416713324,2.181062355401446,2.1942238807678223,524600,0.0,0.0
2010-05-11 00:00:00-04:00,2.1754233380793404,2.209267493227933,2.166022343260271,2.19610595703125,424200,0.0,0.0
2010-05-12 00:00:00-04:00,2.216787181048756,2.246870778322761,2.2036256520694746,2.243110418319702,318500,0.0,0.0
2010-05-13 00:00:00-04:00,2.2374692016783397,2.250630907571934,2.216786777148907,2.2261879444122314,210400,0.0,0.0
2010-05-14 00:00:00-04:00,2.226187721797745,2.226187721797745,2.126535789121151,2.1867029666900635,357100,0.0,0.0
2010-05-17 00:00:00-04:00,2.1509801220318217,2.199866078724297,2.1227767820313352,2.126537322998047,360100,0.0,0.0
2010-05-18 00:00:00-04:00,2.147219724689863,2.169782432177743,2.111495303349708,2.122776746749878,452800,0.0,0.0
2010-05-19 00:00:00-04:00,2.1077351019621804,2.1190165462198274,2.0362864331636774,2.0701305866241455,324200,0.0,0.0
2010-05-20 00:00:00-04:00,1.985520410035314,2.015604022726194,1.9084309283743393,1.946035623550415,830500,0.0,0.0
2010-05-21 00:00:00-04:00,1.934753538526056,2.0287648867135464,1.8990293051122729,2.002441644668579,491400,0.0,0.0
2010-05-24 00:00:00-04:00,2.00432144078207,2.028764407049214,1.9798784745149258,1.9968005418777466,296400,0.0,0.0
2010-05-25 00:00:00-04:00,1.9309935806421108,1.9779992645411402,1.9009097923242706,1.9648375511169434,499700,0.0,0.0
2010-05-26 00:00:00-04:00,2.0137240982809557,2.064490158595808,2.0043229228707955,2.021245002746582,406000,0.0,0.0
2010-05-27 00:00:00-04:00,2.0644896522345437,2.126537322998047,2.0588490200969387,2.126537322998047,339800,0.0,0.0
2010-05-28 00:00:00-04:00,2.1340572536369247,2.1434582431469846,2.1077340167965666,2.1190154552459717,431800,0.0,0.0
2010-06-01 00:00:00-04:00,2.1009530701431616,2.1256701864182017,2.0914464590645268,2.0952491760253906,298600,0.125,0.0
2010-06-02 00:00:00-04:00,2.110460399508351,2.127572087685557,2.0990524260666277,2.125670909881592,202200,0.0,0.0
2010-06-03 00:00:00-04:00,2.127570546532687,2.1465837613883876,2.1256693701058813,2.1408798694610596,242600,0.0,0.0
2010-06-04 00:00:00-04:00,2.1028546948959703,2.123769096858417,2.064828245766362,2.0705323219299316,316500,0.0,0.0
2010-06-07 00:00:00-04:00,2.0743356477038994,2.0971514170730106,2.0134935960529363,2.0249013900756836,267600,0.0,0.0
2010-06-08 00:00:00-04:00,2.0306036167749366,2.0382088662963485,2.0020837950770534,2.0287022590637207,242400,0.0,0.0
2010-06-09 00:00:00-04:00,2.038209398619733,2.0743342979503914,2.0077883925889677,2.0096895694732666,213800,0.0,0.0
2010-06-10 00:00:00-04:00,2.047718002060887,2.080040216445923,2.047718002060887,2.080040216445923,278200,0.0,0.0
2010-06-11 00:00:00-04:00,2.070530615465937,2.0971488903304896,2.0629253681727224,2.093346357345581,180200,0.0,0.0
2010-06-14 00:00:00-04:00,2.112361370780078,2.137078493050819,2.1066574752786975,2.1313745975494385,150700,0.0,0.0
2010-06-15 00:00:00-04:00,2.1560903583528597,2.1693994998931885,2.138978501330463,2.1693994998931885,243800,0.0,0.0
2010-06-16 00:00:00-04:00,2.0971513795015273,2.108559354643512,2.0420132258497645,2.045815944671631,925100,0.0,0.0
2010-06-17 00:00:00-04:00,2.0420128682118657,2.061026096343994,2.0420128682118657,2.061026096343994,257600,0.0,0.0
2010-06-18 00:00:00-04:00,2.0610246316026233,2.0819390226255345,2.0553207397460938,2.0553207397460938,276500,0.0,0.0
2010-06-21 00:00:00-04:00,2.0914464853211077,2.0914464853211077,2.0705320857443663,2.0743346214294434,258800,0.0,0.0
2010-06-22 00:00:00-04:00,2.0895447264574454,2.0895447264574454,2.047715935318411,2.053419828414917,377600,0.0,0.0
2010-06-23 00:00:00-04:00,2.0534211426247597,2.0610263987287043,2.0363092710599817,2.03821063041687,293100,0.0,0.0
2010-06-24 00:00:00-04:00,2.0382103647897876,2.0401115425752994,2.0020852670113,2.005887985229492,356700,0.0,0.0
2010-06-25 00:00:00-04:00,2.002085266199467,2.042012900856372,1.9982827293064016,2.040111541748047,284200,0.0,0.0
2010-06-28 00:00:00-04:00,2.0439126836387085,2.0667284313716756,2.034406076752444,2.049616575241089,287200,0.0,0.0
2010-06-29 00:00:00-04:00,2.0229996740068783,2.0249008516227054,1.9963811928260464,1.998282551765442,320500,0.0,0.0
2010-06-30 00:00:00-04:00,1.9868742810015791,2.0210980114756323,1.977367669056171,1.979269027709961,424600,0.0,0.0
2010-07-01 00:00:00-04:00,1.9754293075994436,1.9792689082387276,1.9024785431931674,1.9274353981018066,546400,0.1,0.0
2010-07-02 00:00:00-04:00,1.9255154452767345,1.9754291511407285,1.913997010435641,1.9178364276885986,249800,0.0,0.0
2010-07-06 00:00:00-04:00,1.948552827572512,1.9562318464592925,1.9178367520253898,1.9255157709121704,312200,0.0,0.0
2010-07-07 00:00:00-04:00,1.9293548570348045,1.9677499412227095,1.9255152570749126,1.9639103412628174,249300,0.0,0.0
2010-07-08 00:00:00-04:00,1.9715895411826014,1.9773487580402365,1.9466326906899125,1.9639103412628174,449100,0.0,0.0
2010-07-09 00:00:00-04:00,1.9639104840084471,1.9792687018821147,1.958151266732207,1.9715896844863892,233800,0.0,0.0
2010-07-12 00:00:00-04:00,1.9696710658431915,1.9811895073048285,1.9562326400281806,1.9677512645721436,237700,0.0,0.0
2010-07-13 00:00:00-04:00,1.9869466577860817,2.00998369766612,1.9850268586922155,2.0042243003845215,375100,0.0,0.0
2010-07-14 00:00:00-04:00,2.006145715713501,2.013824735193387,2.002306297514691,2.006145715713501,216400,0.0,0.0
2010-07-15 00:00:00-04:00,2.021502926213787,2.021502926213787,1.9946264605899262,2.0099844932556152,303200,0.0,0.0
2010-07-16 00:00:00-04:00,2.013823485284338,2.013823485284338,2.0023050547547245,2.0080642700195312,350300,0.0,0.0
2010-07-19 00:00:00-04:00,2.0157441231290245,2.0253429412841797,2.006145304973869,2.0253429412841797,215400,0.0,0.0
2010-07-20 00:00:00-04:00,2.0138239018995354,2.025342517894246,2.004225085750975,2.0234227180480957,287900,0.0,0.0
2010-07-21 00:00:00-04:00,2.044540185660197,2.044540185660197,1.9965462828692797,2.0176637172698975,332700,0.0,0.0
2010-07-22 00:00:00-04:00,2.036861591849406,2.054139429738071,2.0330221740309513,2.0522196292877197,366700,0.0,0.0
2010-07-23 00:00:00-04:00,2.052219381810612,2.071417017834585,2.0483799644551524,2.067577600479126,238800,0.0,0.0
2010-07-26 00:00:00-04:00,2.0752568994156593,2.084855535645786,2.0637382796243564,2.0790963172912598,266800,0.0,0.0
2010-07-27 00:00:00-04:00,2.0963743275377755,2.0963743275377755,2.082936089246593,2.094454526901245,256600,0.0,0.0
2010-07-28 00:00:00-04:00,2.1021335463651014,2.1021335463651014,2.088695308073919,2.094454526901245,266400,0.0,0.0
2010-07-29 00:00:00-04:00,2.1059746024978296,2.1078942213782152,2.0790979242661205,2.100215196609497,278300,0.0,0.0
2010-07-30 00:00:00-04:00,2.0886965642698763,2.121332462389904,2.079097738396508,2.119412660598755,353100,0.0,0.0
2010-08-02 00:00:00-04:00,2.132972478866577,2.1523454146482215,2.1310351298616816,2.132972478866577,282900,0.1,0.0
2010-08-03 00:00:00-04:00,2.132971961190337,2.138783822038704,2.1116614968201164,2.1310346126556396,366300,0.0,0.0
2010-08-04 00:00:00-04:00,2.1290974617004395,2.13878402051711,2.123285600312734,2.1290974617004395,259000,0.0,0.0
2010-08-05 00:00:00-04:00,2.1116622962945493,2.1252235564159925,2.1116622962945493,2.1213488578796387,246000,0.0,0.0
2010-08-06 00:00:00-04:00,2.1039105250419032,2.123283624649048,2.1039105250419032,2.123283624649048,221300,0.0,0.0
2010-08-09 00:00:00-04:00,2.1310346126556396,2.1349093097250345,2.121348054737878,2.1310346126556396,258700,0.0,0.0
2010-08-10 00:00:00-04:00,2.1135987641973646,2.127159833908081,2.10778690357216,2.127159833908081,267000,0.0,0.0
2010-08-11 00:00:00-04:00,2.113598731634705,2.1194105921703703,2.078727198909282,2.090351104736328,326200,0.0,0.0
2010-08-12 00:00:00-04:00,2.0806628493401087,2.0942240925304754,2.069039137754725,2.072913646697998,259200,0.0,0.0
2010-08-13 00:00:00-04:00,2.07485294342041,2.082602153344953,2.069041082165938,2.07485294342041,192400,0.0,0.0
2010-08-16 00:00:00-04:00,2.0787277804371866,2.0981009006500244,2.067104056114098,2.0981009006500244,255300,0.0,0.0
2010-08-17 00:00:00-04:00,2.101975033246222,2.11747345134572,2.094225824196473,2.1077868938446045,331400,0.0,0.0
2010-08-18 00:00:00-04:00,2.11166140599162,2.115536102894353,2.0981003363434887,2.1077868938446045,309200,0.0,0.0
2010-08-19 00:00:00-04:00,2.1174734983659,2.1174734983659,2.0864766614785952,2.096163034439087,422800,0.0,0.0
2010-08-20 00:00:00-04:00,2.098100267366497,2.107786824549158,2.0903510585715104,2.1019749641418457,325900,0.0,0.0
2010-08-23 00:00:00-04:00,2.0981022032958805,2.1174753355368883,2.0864784717559814,2.0864784717559814,299600,0.0,0.0
2010-08-24 00:00:00-04:00,2.082602550994145,2.086477249074115,2.065166779145829,2.0709786415100098,257400,0.0,0.0
2010-08-25 00:00:00-04:00,2.0554798868779978,2.0709783071843626,2.0496680254520467,2.0612919330596924,297600,0.0,0.0
2010-08-26 00:00:00-04:00,2.0709790120613287,2.078728224852028,2.0554805864799306,2.06322979927063,231100,0.0,0.0
2010-08-27 00:00:00-04:00,2.078727198909282,2.0922884531667885,2.061291617302286,2.090351104736328,244900,0.0,0.0
2010-08-30 00:00:00-04:00,2.0787285564580067,2.0942271692676035,2.0787285564580067,2.084540605545044,216900,0.0,0.0
2010-08-31 00:00:00-04:00,2.086477437764484,2.09228930065426,2.0729161780139527,2.0826027393341064,298600,0.0,0.0
2010-09-01 00:00:00-04:00,2.100203032237047,2.119758070306262,2.094336595412548,2.111936092376709,356100,0.1,0.0
2010-09-02 00:00:00-04:00,2.109979106766612,2.1334450244903564,2.109979106766612,2.1334450244903564,172300,0.0,0.0
2010-09-03 00:00:00-04:00,2.151045803305449,2.151045803305449,2.133446307803537,2.139312744140625,200300,0.0,0.0
2010-09-07 00:00:00-04:00,2.133445406724008,2.133445406724008,2.1041130509367,2.1158459186553955,266100,0.0,0.0
2010-09-08 00:00:00-04:00,2.1256221454941877,2.1275776844265737,2.1041117767093143,2.121711254119873,282600,0.0,0.0
2010-09-09 00:00:00-04:00,2.1334450244903564,2.145178076597497,2.127578591682054,2.1334450244903564,173000,0.0,0.0
2010-09-10 00:00:00-04:00,2.1432238260257828,2.145179366968361,2.133446307803537,2.139312744140625,281600,0.0,0.0
2010-09-13 00:00:00-04:00,2.1432240595420353,2.154957119985242,2.1393129772307433,2.15104603767395,234800,0.0,0.0
2010-09-14 00:00:00-04:00,2.152998894723452,2.1569097856684354,2.1432213876253385,2.154954433441162,274200,0.0,0.0
2010-09-15 00:00:00-04:00,2.1569094767690524,2.168642520904541,2.1490875095088633,2.168642520904541,274000,0.0,0.0
2010-09-16 00:00:00-04:00,2.170600954834221,2.170600954834221,2.1608234360935756,2.166689872741699,210800,0.0,0.0
2010-09-17 00:00:00-04:00,2.17646578414966,2.1862432956695557,2.1666882726297643,2.1862432956695557,288200,0.0,0.0
2010-09-20 00:00:00-04:00,2.1921089371996763,2.1999309062957764,2.1862425070002147,2.1999309062957764,251100,0.0,0.0
2010-09-21 00:00:00-04:00,2.2077540100730917,2.209709549974785,2.19602095715348,2.203843116760254,360400,0.0,0.0
2010-09-22 00:00:00-04:00,2.2116661705205365,2.2175326066014716,2.1940666757870897,2.2077550888061523,251900,0.0,0.0
2010-09-23 00:00:00-04:00,2.201888652725217,2.2116661705205365,2.196022030153641,2.2077550888061523,335800,0.0,0.0
2010-09-24 00:00:00-04:00,2.2155757930859097,2.233175277709961,2.2155757930859097,2.233175277709961,296400,0.0,0.0
2010-09-27 00:00:00-04:00,2.2390431128340658,2.246865090178395,2.2331766764484815,2.2351322174072266,278400,0.0,0.0
2010-09-28 00:00:00-04:00,2.24490898551662,2.2488200664520264,2.237087010136411,2.2488200664520264,339500,0.0,0.0
2010-09-29 00:00:00-04:00,2.254686355150826,2.2664194107055664,2.2390424054048994,2.2664194107055664,308700,0.0,0.0
2010-09-30 00:00:00-04:00,2.27424138557853,2.285974254642679,2.260552976173492,2.2664194107055664,369100,0.0,0.0
2010-10-01 00:00:00-04:00,2.2821997947477812,2.2821997947477812,2.2664196897972624,2.2802274227142334,261200,0.1,0.0
2010-10-04 00:00:00-04:00,2.2782535783712006,2.2802261374065544,2.22105068314102,2.2249956130981445,376900,0.0,0.0
2010-10-05 00:00:00-04:00,2.246694333907108,2.256556757016644,2.2388042825512815,2.2427492141723633,259300,0.0,0.0
2010-10-06 00:00:00-04:00,2.2486658058512954,2.2486658058512954,2.23091333848963,2.2388033866882324,276000,0.0,0.0
2010-10-07 00:00:00-04:00,2.246693979097865,2.2506389100959434,2.232886250320508,2.240776300430298,223400,0.0,0.0
2010-10-08 00:00:00-04:00,2.2368309559373585,2.2526110532398698,2.228940907286103,2.2328858375549316,317100,0.0,0.0
2010-10-11 00:00:00-04:00,2.2348583308024503,2.240775820087886,2.2249957232509963,2.2309134006500244,246800,0.0,0.0
2010-10-12 00:00:00-04:00,2.2348588030232888,2.246693972208498,2.2289413124875006,2.2447214126586914,264000,0.0,0.0
2010-10-13 00:00:00-04:00,2.252609731092764,2.282197349140412,2.250637173059324,2.270362377166748,263300,0.0,0.0
2010-10-14 00:00:00-04:00,2.2782540321350098,2.2821989628778527,2.2723365419639343,2.2782540321350098,238300,0.0,0.0
2010-10-15 00:00:00-04:00,2.2940352723802735,2.2960078327896514,2.2762826049233,2.2822000980377197,319400,0.0,0.0
2010-10-18 00:00:00-04:00,2.2762819991409793,2.2900895421046226,2.2762819991409793,2.2881171703338623,275800,0.0,0.0
2010-10-19 00:00:00-04:00,2.288117550340481,2.288117550340481,2.2624748319252554,2.268392324447632,376700,0.0,0.0
2010-10-20 00:00:00-04:00,2.2782540321350098,2.2960066907618564,2.2723365419639343,2.2782540321350098,355700,0.0,0.0
2010-10-21 00:00:00-04:00,2.2960066907618564,2.3019241809329314,2.2683914231074707,2.2782540321350098,389000,0.0,0.0
2010-10-22 00:00:00-04:00,2.2821988427988638,2.2960065699563668,2.2743087936146953,2.2900888919830322,280500,0.0,0.0
2010-10-25 00:00:00-04:00,2.2960049530153905,2.3078399244001653,2.294032395080102,2.3038949966430664,250200,0.0,0.0
2010-10-26 00:00:00-04:00,2.2960075747573447,2.305869999468437,2.280227469483166,2.299952507019043,275800,0.0,0.0
2010-10-27 00:00:00-04:00,2.2999498807724894,2.3038949966430664,2.2841697935171377,2.3038949966430664,254200,0.0,0.0
2010-10-28 00:00:00-04:00,2.3098133223210673,2.3157308101654053,2.2940332293271344,2.3157308101654053,265300,0.0,0.0
2010-10-29 00:00:00-04:00,2.3157311706387596,2.3236212183639133,2.311786240832971,2.313758611679077,285500,0.0,0.0
2010-11-01 00:00:00-04:00,2.3256958693712924,2.3436011722480936,2.2978433446572413,2.307790756225586,285300,0.1,0.0
2010-11-02 00:00:00-04:00,2.3177390916839724,2.3256969868160176,2.311770717767735,2.3197286128997803,296600,0.0,0.0
2010-11-03 00:00:00-04:00,2.3157507563550785,2.3237086549103356,2.299834959244564,2.3137612342834473,208800,0.0,0.0
2010-11-04 00:00:00-04:00,2.317738349360716,2.3455910682678223,2.317738349360716,2.3455910682678223,319900,0.0,0.0
2010-11-05 00:00:00-04:00,2.341610943366732,2.343600273132324,2.3316635356146826,2.343600273132324,274200,0.0,0.0
2010-11-08 00:00:00-05:00,2.3356447645338756,2.3376342860575012,2.3276868681705882,2.329676389694214,257200,0.0,0.0
2010-11-09 00:00:00-05:00,2.3396220099973064,2.3416115299923392,2.3237062294991806,2.333653450012207,315500,0.0,0.0
2010-11-10 00:00:00-05:00,2.3336537271028317,2.3376327675653568,2.3217169851774413,2.3276853561401367,238500,0.0,0.0
2010-11-11 00:00:00-05:00,2.327686351037495,2.3296758721191164,2.3077917094147997,2.3217179775238037,262600,0.0,0.0
2010-11-12 00:00:00-05:00,2.3157493973014747,2.319728249378384,2.2779492590494783,2.281928300857544,256900,0.0,0.0
2010-11-15 00:00:00-05:00,2.295852577269373,2.3057999834341962,2.291873728642039,2.29386305809021,234300,0.0,0.0
2010-11-16 00:00:00-05:00,2.2739692645150757,2.2918745641933143,2.2083166255155753,2.244127035140991,444900,0.0,0.0
2010-11-17 00:00:00-05:00,2.2699915547086578,2.2699915547086578,2.2441283499901252,2.254075765609741,233900,0.0,0.0
2010-11-18 00:00:00-05:00,2.2779481410980225,2.2878955510051266,2.271979771046185,2.2779481410980225,217300,0.0,0.0
2010-11-19 00:00:00-05:00,2.28789675637618,2.2998336924998544,2.2779493412283114,2.297844171524048,244100,0.0,0.0
2010-11-22 00:00:00-05:00,2.301821562685387,2.317737340927124,2.283916264730673,2.317737340927124,222700,0.0,0.0
2010-11-23 00:00:00-05:00,2.2998327663410545,2.3058011371338054,2.2779484238824903,2.2859063148498535,279000,0.0,0.0
2010-11-24 00:00:00-05:00,2.295854766139497,2.30779170286417,2.2859073504907985,2.2878968715667725,213900,0.0,0.0
2010-11-26 00:00:00-05:00,2.2839173847531185,2.2839173847531185,2.268001598706354,2.2759594917297363,129600,0.0,0.0
2010-11-29 00:00:00-05:00,2.2680010127405144,2.287895835024466,2.2481063801876493,2.2859063148498535,251000,0.0,0.0
2010-11-30 00:00:00-05:00,2.2819286959005542,2.2938654439289046,2.2680022368925603,2.2799391746520996,362800,0.0,0.0
2010-12-01 00:00:00-05:00,2.2959945088939735,2.306029488577692,2.2759247409278536,2.2859597206115723,260400,0.1,0.0
2010-12-02 00:00:00-05:00,2.2739182635619444,2.298002105859878,2.2739182635619444,2.2939882278442383,254300,0.0,0.0
2010-12-03 00:00:00-05:00,2.277931050944977,2.2980008125305176,2.277931050944977,2.2980008125305176,237500,0.0,0.0
2010-12-06 00:00:00-05:00,2.285959183104181,2.2919800929381626,2.2678962622009626,2.2759242057800293,345000,0.0,0.0
2010-12-07 00:00:00-05:00,2.291980158644437,2.291980158644437,2.253847281999726,2.2598683834075928,347600,0.0,0.0
2010-12-08 00:00:00-05:00,2.267896687755724,2.273917598719487,2.229763805048837,2.2397987842559814,334900,0.0,0.0
2010-12-09 00:00:00-05:00,2.2558552657272646,2.2578623003750353,2.2277575462639114,2.2458202838897705,275700,0.0,0.0
2010-12-10 00:00:00-05:00,2.2478255074528395,2.257860481205103,2.2377905337005757,2.241804599761963,322900,0.0,0.0
2010-12-13 00:00:00-05:00,2.245819677470233,2.255854656598067,2.2117010546776874,2.215714931488037,382000,0.0,0.0
2010-12-14 00:00:00-05:00,2.2217358424042146,2.229763787426221,2.209694020571859,2.215714931488037,278800,0.0,0.0
2010-12-15 00:00:00-05:00,2.227756912008441,2.227756912008441,2.193638098315603,2.2036728858947754,334800,0.0,0.0
2010-12-16 00:00:00-05:00,2.203673490834472,2.2076875600891035,2.1896246312459757,2.197652578353882,262200,0.0,0.0
2010-12-17 00:00:00-05:00,2.1936368548636955,2.2076857026320624,2.1815948486328125,2.1815948486328125,377100,0.0,0.0
2010-12-20 00:00:00-05:00,2.1916308929427353,2.2016658711388843,2.1775820383089,2.1876168251037598,308500,0.0,0.0
2010-12-21 00:00:00-05:00,2.197650729339859,2.197650729339859,2.177580974156649,2.1815948486328125,340300,0.0,0.0
2010-12-22 00:00:00-05:00,2.183602246376739,2.205679038186906,2.183602246376739,2.201665163040161,289800,0.0,0.0
2010-12-23 00:00:00-05:00,2.201666201628259,2.233777983555164,2.199659167407498,2.2096941471099854,319500,0.0,0.0
2010-12-27 00:00:00-05:00,2.2137074557076875,2.233777409959038,2.211700613403567,2.2277565002441406,268700,0.0,0.0
2010-12-28 00:00:00-05:00,2.2277569447216994,2.231770821532049,2.2117010546776874,2.215714931488037,323200,0.0,0.0
2010-12-29 00:00:00-05:00,2.215714388870735,2.22786647279964,2.2015371185793637,2.2035624980926514,333300,0.1,0.0
2010-12-30 00:00:00-05:00,2.199512481689453,2.2035632420836904,2.1772338789738077,2.199512481689453,384400,0.0,0.0
2010-12-31 00:00:00-05:00,2.195460783032314,2.2015367273415922,2.1934354038789587,2.197486162185669,313100,0.0,0.0
2011-01-03 00:00:00-05:00,2.213689268228289,2.2217905933711304,2.205587943085447,2.215714454650879,351500,0.0,0.0
2011-01-04 00:00:00-05:00,2.2076130639684055,2.2116638229949808,2.18938522780128,2.2035624980926514,292400,0.0,0.0
2011-01-05 00:00:00-05:00,2.205587877605939,2.2217905274105982,2.1974865527036096,2.2035624980926514,305600,0.0,0.0
2011-01-06 00:00:00-05:00,2.2116646734091003,2.2136900537011734,2.185335309064838,2.191411256790161,343500,0.0,0.0
2011-01-07 00:00:00-05:00,2.19343638420105,2.2015377112844448,2.1853350571176553,2.19343638420105,231800,0.0,0.0
2011-01-10 00:00:00-05:00,2.18938503658185,2.191410222767438,2.1772329537143,2.181283712387085,278400,0.0,0.0
2011-01-11 00:00:00-05:00,2.1974851017864285,2.199510286811741,2.1792570845037593,2.183307647705078,202400,0.0,0.0
2011-01-12 00:00:00-05:00,2.1954625704452093,2.2015385197011583,2.185335859584665,2.187361240386963,284000,0.0,0.0
2011-01-13 00:00:00-05:00,2.1995131388988605,2.203563900503456,2.1833104787823676,2.187361240386963,269700,0.0,0.0
2011-01-14 00:00:00-05:00,2.197485459606266,2.199510644961342,2.189384138733784,2.195460081100464,338900,0.0,0.0
2011-01-18 00:00:00-05:00,2.2035621064949473,2.20761267165087,2.1873594595696804,2.197486162185669,368900,0.0,0.0
2011-01-19 00:00:00-05:00,2.2076131295080375,2.2217905933711304,2.201537183938613,2.215714454650879,386800,0.0,0.0
2011-01-20 00:00:00-05:00,2.215714454650879,2.217739834224296,2.201537183938613,2.215714454650879,272200,0.0,0.0
2011-01-21 00:00:00-05:00,2.2157143794880203,2.2420437335968018,2.2157143794880203,2.2420437335968018,253000,0.0,0.0
2011-01-24 00:00:00-05:00,2.2440691859169095,2.2582464566082683,2.235967860786015,2.2379932403564453,311800,0.0,0.0
2011-01-25 00:00:00-05:00,2.2481198721109346,2.2481198721109346,2.2379931677382006,2.2420437335968018,254900,0.0,0.0
2011-01-26 00:00:00-05:00,2.2521702251224665,2.262296928538151,2.2460942803333768,2.2602715492248535,348200,0.0,0.0
2011-01-27 00:00:00-05:00,2.2602716879431397,2.2703983919803243,2.252170363343555,2.2683730125427246,290400,0.0,0.0
2011-01-28 00:00:00-05:00,2.270398467210294,2.270398467210294,2.2379931677382006,2.2420437335968018,411000,0.0,0.0
2011-01-31 00:00:00-05:00,2.2501454073546867,2.2744493857271406,2.2481202206867867,2.2541961669921875,383100,0.0,0.0
2011-02-01 00:00:00-05:00,2.2725895806482397,2.2807643556004917,2.256240030743735,2.262371063232422,352900,0.1,0.0
2011-02-02 00:00:00-05:00,2.266459208213623,2.274633985546591,2.2501096535476868,2.2521533966064453,258400,0.0,0.0
2011-02-03 00:00:00-05:00,2.2521520987161665,2.260326871338104,2.2337588115913194,2.241933584213257,247200,0.0,0.0
2011-02-04 00:00:00-05:00,2.2419332208514526,2.2439767674992637,2.229670966454978,2.2337584495544434,256600,0.0,0.0
2011-02-07 00:00:00-05:00,2.2358016967773438,2.250107690807652,2.2337581504032102,2.2358016967773438,270400,0.0,0.0
2011-02-08 00:00:00-05:00,2.241934102674579,2.2562399093457883,2.2398903603209783,2.2541961669921875,253300,0.0,0.0
2011-02-09 00:00:00-05:00,2.2521533966064453,2.2562406878218964,2.2439784243714116,2.2521533966064453,281400,0.0,0.0
2011-02-10 00:00:00-05:00,2.252152001560469,2.2541955484513316,2.239889745705568,2.2480645179748535,353400,0.0,0.0
2011-02-11 00:00:00-05:00,2.2460205491460465,2.264413833618164,2.2419332608755345,2.264413833618164,247200,0.0,0.0
2011-02-14 00:00:00-05:00,2.2664593658289105,2.2664593658289105,2.250109810025985,2.2562408447265625,315500,0.0,0.0
2011-02-15 00:00:00-05:00,2.262371059044774,2.264414801504556,2.241934219152976,2.2460215091705322,332500,0.0,0.0
2011-02-16 00:00:00-05:00,2.2480659104889287,2.2644154651548645,2.2480659104889287,2.2521533966064453,378400,0.0,0.0
2011-02-17 00:00:00-05:00,2.2562391685789165,2.276676195601058,2.2541954268963154,2.274632453918457,267700,0.0,0.0
2011-02-18 00:00:00-05:00,2.2766772494436376,2.2787207971702346,2.2685024738311768,2.2685024738311768,254300,0.0,0.0
2011-02-22 00:00:00-05:00,2.2582830320369465,2.2787198652591876,2.2480645179748535,2.2480645179748535,477500,0.0,0.0
2011-02-23 00:00:00-05:00,2.2541955484513316,2.262370320720617,2.241933487498376,2.2480645179748535,330100,0.0,0.0
2011-02-24 00:00:00-05:00,2.241934219152976,2.2562400265674354,2.241934219152976,2.2460215091705322,314400,0.0,0.0
2011-02-25 00:00:00-05:00,2.2501095345766626,2.2664590883781415,2.2501095345766626,2.2603280544281006,200200,0.0,0.0
2011-02-28 00:00:00-05:00,2.2685009653838777,2.2787192819282316,2.266457224114249,2.2725882530212402,340400,0.0,0.0
2011-03-01 00:00:00-05:00,2.2890880120804478,2.2890880120804478,2.24578093520312,2.247843027114868,460000,0.1,0.0
2011-03-02 00:00:00-05:00,2.2499043941497803,2.266402302710301,2.2478421064120693,2.2499043941497803,265300,0.0,0.0
2011-03-03 00:00:00-05:00,2.2622778084912643,2.2787757162101143,2.2602155208587646,2.2602155208587646,291900,0.0,0.0
2011-03-04 00:00:00-05:00,2.262277118270123,2.2684637826094964,2.2602148312668278,2.2643392086029053,266700,0.0,0.0
2011-03-07 00:00:00-05:00,2.27259045635139,2.280839415315595,2.256092341752286,2.2581546306610107,342900,0.0,0.0
2011-03-08 00:00:00-05:00,2.258153233226265,2.2622778084912643,2.24990427936684,2.2602155208587646,335200,0.0,0.0
2011-03-09 00:00:00-05:00,2.25609121634659,2.2643401711959696,2.2499045493772045,2.2622780799865723,195800,0.0,0.0
2011-03-10 00:00:00-05:00,2.2499053253360475,2.2602165716216165,2.2416563676417254,2.2457809448242188,430100,0.0,0.0
2011-03-11 00:00:00-05:00,2.235467372887165,2.2457786084455185,2.2272184237745742,2.229280710220337,365600,0.0,0.0
2011-03-14 00:00:00-04:00,2.2292831280799774,2.2292831280799774,2.2086606345963067,2.2107229232788086,342000,0.0,0.0
2011-03-15 00:00:00-04:00,2.194222927093506,2.196285017150526,2.157102552680324,2.194222927093506,485900,0.0,0.0
2011-03-16 00:00:00-04:00,2.1962850844278687,2.2004096580092285,2.1509159550558694,2.1591649055480957,458900,0.0,0.0
2011-03-17 00:00:00-04:00,2.1736004531594073,2.194222927093506,2.1736004531594073,2.194222927093506,436500,0.0,0.0
2011-03-18 00:00:00-04:00,2.2127842009188536,2.2251577317893556,2.2004108667189524,2.2045352458953857,301100,0.0,0.0
2011-03-21 00:00:00-04:00,2.223096304679952,2.2457810872813053,2.223096304679952,2.2395942211151123,289900,0.0,0.0
2011-03-22 00:00:00-04:00,2.2457809448242188,2.2499053253360475,2.2375319871298966,2.2457809448242188,274300,0.0,0.0
2011-03-23 00:00:00-04:00,2.245779900772414,2.2622778084912643,2.241655325507415,2.2602155208587646,294500,0.0,0.0
2011-03-24 00:00:00-04:00,2.268465995788574,2.274652666163836,2.2664037067732514,2.268465995788574,243500,0.0,0.0
2011-03-25 00:00:00-04:00,2.2664037067732514,2.276714955179159,2.264341417757929,2.268465995788574,249300,0.0,0.0
2011-03-28 00:00:00-04:00,2.2746500968933105,2.287023620338356,2.2725880068778723,2.2746500968933105,287800,0.0,0.0
2011-03-29 00:00:00-04:00,2.2787740504763105,2.284960712180922,2.2767117643512966,2.282898426055908,286200,0.0,0.0
2011-03-30 00:00:00-04:00,2.2829003990083856,2.2911493539670107,2.2829003990083856,2.287024974822998,337700,0.0,0.0
2011-03-31 00:00:00-04:00,2.287024046678346,2.293210711218926,2.280837382137766,2.2911484241485596,347100,0.0,0.0
2011-04-01 00:00:00-04:00,2.297390624373885,2.297390624373885,2.280742882045264,2.284904718399048,270300,0.1,0.0
2011-04-04 00:00:00-04:00,2.284907074480142,2.286988094031248,2.2724213540874016,2.276583194732666,250500,0.0,0.0
2011-04-05 00:00:00-04:00,2.282823362192851,2.295309066772461,2.2703374591565444,2.295309066772461,279600,0.0,0.0
2011-04-06 00:00:00-04:00,2.2994711006034616,2.3036329359777663,2.2869851975671556,2.295309066772461,271000,0.0,0.0
2011-04-07 00:00:00-04:00,2.297390083687961,2.301552117518962,2.2869851975671556,2.295309066772461,259900,0.0,0.0
2011-04-08 00:00:00-04:00,2.299473387301608,2.3036352268146305,2.2932305288036283,2.2973923683166504,169600,0.0,0.0
2011-04-11 00:00:00-04:00,2.2994724358403875,2.3036342736313506,2.284905507429988,2.293229579925537,280300,0.0,0.0
2011-04-12 00:00:00-04:00,2.2890662144826557,2.301552117518962,2.2807423452773503,2.295309066772461,330400,0.0,0.0
2011-04-13 00:00:00-04:00,2.2973915187565517,2.305715393161376,2.2849056079209054,2.2911486625671387,228200,0.0,0.0
2011-04-14 00:00:00-04:00,2.2953096069686216,2.2953096069686216,2.280742882045264,2.284904718399048,225300,0.0,0.0
2011-04-15 00:00:00-04:00,2.2953099577706095,2.3015530109405518,2.2911481207807545,2.3015530109405518,251900,0.0,0.0
2011-04-18 00:00:00-04:00,2.293229579925537,2.295310399592613,2.282824687762912,2.293229579925537,372600,0.0,0.0
2011-04-19 00:00:00-04:00,2.295311888283152,2.3119596471580097,2.295311888283152,2.3098788261413574,306900,0.0,0.0
2011-04-20 00:00:00-04:00,2.3098786841923973,2.32860726293298,2.3057166455009828,2.3119595050811768,390500,0.0,0.0
2011-04-21 00:00:00-04:00,2.324445588204208,2.328607428735027,2.3161217086856274,2.322364568710327,273200,0.0,0.0
2011-04-25 00:00:00-04:00,2.3265275955200195,2.3306894378179184,2.318203712467196,2.3265275955200195,275800,0.0,0.0
2011-04-26 00:00:00-04:00,2.3286080097846975,2.334851069824149,2.320284128189087,2.320284128189087,308700,0.0,0.0
2011-04-27 00:00:00-04:00,2.320284534387632,2.334851478572843,2.320284534387632,2.3265275955200195,278100,0.0,0.0
2011-04-28 00:00:00-04:00,2.3327675870300175,2.3410914598378363,2.328605551397717,2.330686569213867,273700,0.0,0.0
2011-04-29 00:00:00-04:00,2.3327694845852736,2.35357928276062,2.3327694845852736,2.35357928276062,374000,0.0,0.0
2011-05-02 00:00:00-04:00,2.3640773895044953,2.3640773895044953,2.3409823672595755,2.3430819511413574,386600,0.1,0.0
2011-05-03 00:00:00-04:00,2.3409800593192993,2.347278804754797,2.3241838052789228,2.328382968902588,320400,0.0,0.0
2011-05-04 00:00:00-04:00,2.328383043549321,2.338880752717893,2.3136863708496094,2.3136863708496094,215000,0.0,0.0
2011-05-05 00:00:00-04:00,2.311586788970465,2.317885334380749,2.3052880433330327,2.3136863708496094,283800,0.0,0.0
2011-05-06 00:00:00-04:00,2.319985462947585,2.3346821391104617,2.3094877513053036,2.311587333679199,263400,0.0,0.0
2011-05-09 00:00:00-04:00,2.319986036080199,2.328384167423271,2.311587904737127,2.3220856189727783,266000,0.0,0.0
2011-05-10 00:00:00-04:00,2.3325840729538463,2.334683656692505,2.326285521965196,2.334683656692505,265600,0.0,0.0
2011-05-11 00:00:00-04:00,2.334682305337316,2.336781887860699,2.3136870807851113,2.3199856281280518,320600,0.0,0.0
2011-05-12 00:00:00-04:00,2.3241838052789228,2.3304825507144202,2.3136862966740437,2.328382968902588,195000,0.0,0.0
2011-05-13 00:00:00-04:00,2.3346815141109434,2.343079641131132,2.317885260070567,2.328382968902588,255200,0.0,0.0
2011-05-16 00:00:00-04:00,2.3283851057038545,2.336783240431164,2.326285521965196,2.334683656692505,207300,0.0,0.0
2011-05-17 00:00:00-04:00,2.3304825507144202,2.338880677734609,2.3241838052789228,2.328382968902588,282200,0.0,0.0
2011-05-18 00:00:00-04:00,2.336782379840167,2.361976774743494,2.3346827968747434,2.3451805114746094,485000,0.0,0.0
2011-05-19 00:00:00-04:00,2.3556774635115123,2.3661751747131348,2.3535778812257506,2.3661751747131348,333800,0.0,0.0
2011-05-20 00:00:00-04:00,2.3619776649993005,2.3619776649993005,2.3430818116429335,2.347280979156494,302900,0.0,0.0
2011-05-23 00:00:00-04:00,2.334683517480711,2.3388826847076416,2.328384966867629,2.3388826847076416,265500,0.0,0.0
2011-05-24 00:00:00-04:00,2.3346838158415704,2.3535796703229264,2.3346838158415704,2.3430819511413574,220200,0.0,0.0
2011-05-25 00:00:00-04:00,2.3409805544232793,2.361975976527733,2.3367815901386995,2.3598763942718506,309400,0.0,0.0
2011-05-26 00:00:00-04:00,2.357776845570087,2.3661751747131348,2.3514782989399885,2.3661751747131348,282300,0.0,0.0
2011-05-27 00:00:00-04:00,2.3682758035069686,2.378773520234921,2.3598776701700657,2.376673936843872,296300,0.0,0.0
2011-05-31 00:00:00-04:00,2.3913689307450596,2.397667475713938,2.3808712223121735,2.3955678939819336,408600,0.0,0.0
2011-06-01 00:00:00-04:00,2.380743520152965,2.3955703523338356,2.376507426671064,2.391334056854248,421800,0.1,0.0
2011-06-02 00:00:00-04:00,2.384978843649353,2.3913330822814176,2.372270164387619,2.3807425498962402,235100,0.0,0.0
2011-06-03 00:00:00-04:00,2.3701526383190483,2.384979468340892,2.3659165454539908,2.3743889331817627,221800,0.0,0.0
2011-06-06 00:00:00-04:00,2.376506859464872,2.376506859464872,2.35744393835189,2.361680030822754,224800,0.0,0.0
2011-06-07 00:00:00-04:00,2.3595618110828616,2.3765065829902965,2.3574436640950287,2.363797903060913,267600,0.0,0.0
2011-06-08 00:00:00-04:00,2.35532551282075,2.3637978987590484,2.340498887928131,2.3426170349121094,266100,0.0,0.0
2011-06-09 00:00:00-04:00,2.3468526353166856,2.3595613125610133,2.344734488776369,2.3532068729400635,197300,0.0,0.0
2011-06-10 00:00:00-04:00,2.35320690035674,2.359561340051724,2.3150812721747074,2.3299078941345215,405200,0.0,0.0
2011-06-13 00:00:00-04:00,2.319319574171604,2.319319574171604,2.287548153401243,2.2939023971557617,488200,0.0,0.0
2011-06-14 00:00:00-04:00,2.2917824616248854,2.3362625372200823,2.2917824616248854,2.3341445922851562,214800,0.0,0.0
2011-06-15 00:00:00-04:00,2.3256714243015786,2.3256714243015786,2.291781889826865,2.304490566253662,315900,0.0,0.0
2011-06-16 00:00:00-04:00,2.293900781260647,2.3129637010934565,2.268483622149443,2.2811923027038574,331200,0.0,0.0
2011-06-17 00:00:00-04:00,2.3044914449272014,2.30872753735293,2.2790742843799237,2.285428524017334,250600,0.0,0.0
2011-06-20 00:00:00-04:00,2.2896639454203647,2.3171990406829,2.279073415397627,2.304490566253662,285800,0.0,0.0
2011-06-21 00:00:00-04:00,2.3256723340432295,2.34049916267395,2.3150820018753926,2.34049916267395,280200,0.0,0.0
2011-06-22 00:00:00-04:00,2.3362627590319214,2.3659162129099776,2.329908519628634,2.3447351455688477,281800,0.0,0.0
2011-06-23 00:00:00-04:00,2.329908298420085,2.3341445922851562,2.3044911412224884,2.3341445922851562,357300,0.0,0.0
2011-06-24 00:00:00-04:00,2.344734120029474,2.344734120029474,2.3087264424971616,2.3150808811187744,237000,0.0,0.0
2011-06-27 00:00:00-04:00,2.321435105589196,2.329907488376117,2.3108445766061605,2.3256711959838867,182900,0.0,0.0
2011-06-28 00:00:00-04:00,2.3404990532991987,2.348971439836125,2.3362627590319214,2.3447351455688477,177700,0.0,0.0
2011-06-29 00:00:00-04:00,2.3532075152723038,2.361679901748624,2.3489714230329577,2.3574438095092773,314700,0.0,0.0
2011-06-30 00:00:00-04:00,2.368035316467285,2.3722714104478464,2.3616808724998783,2.368035316467285,336100,0.0,0.0
2011-07-01 00:00:00-04:00,2.378720089775339,2.3851316770864552,2.3658967113324216,2.3829944133758545,274000,0.1,0.0
2011-07-05 00:00:00-04:00,2.385132628771181,2.391544218640566,2.378721038901795,2.389407157897949,231800,0.0,0.0
2011-07-06 00:00:00-04:00,2.3894065583576722,2.3894065583576722,2.3723088537822203,2.3808577060699463,225900,0.0,0.0
2011-07-07 00:00:00-04:00,2.391543423675631,2.3936806875285748,2.3808575120523123,2.3851318359375,254500,0.0,0.0
2011-07-08 00:00:00-04:00,2.3744457475676666,2.3744457475676666,2.350936456379326,2.3616225719451904,271900,0.0,0.0
2011-07-11 00:00:00-04:00,2.3594856202972245,2.3594856202972245,2.333839061837777,2.3423879146575928,297200,0.0,0.0
2011-07-12 00:00:00-04:00,2.3381133863373202,2.3509367674774087,2.3317017976776406,2.3423879146575928,319400,0.0,0.0
2011-07-13 00:00:00-04:00,2.3381132280804735,2.35521113638355,2.3381132280804735,2.3402504920959473,258900,0.0,0.0
2011-07-14 00:00:00-04:00,2.346662152506342,2.3552112088312116,2.325290123156331,2.327427387237549,276500,0.0,0.0
2011-07-15 00:00:00-04:00,2.342387756111421,2.346662080321654,2.3295643758392925,2.3402504920959473,184200,0.0,0.0
2011-07-18 00:00:00-04:00,2.333838612426794,2.333838612426794,2.288957092810098,2.318878173828125,512100,0.0,0.0
2011-07-19 00:00:00-04:00,2.32315187393853,2.3381123085216116,2.32315187393853,2.3338379859924316,239300,0.0,0.0
2011-07-20 00:00:00-04:00,2.3402496510181185,2.3530730266815696,2.3317008018493652,2.3317008018493652,251800,0.0,0.0
2011-07-21 00:00:00-04:00,2.344525501412452,2.363760473858854,2.3423882369582394,2.357348680496216,251000,0.0,0.0
2011-07-22 00:00:00-04:00,2.357349195681586,2.370172581388585,2.3466630748958877,2.368035316467285,292900,0.0,0.0
2011-07-25 00:00:00-04:00,2.350936969849486,2.355211498537716,2.3317019983939438,2.348799705505371,420200,0.0,0.0
2011-07-26 00:00:00-04:00,2.355211418190844,2.355211418190844,2.3381135078419573,2.3509368896484375,281400,0.0,0.0
2011-07-27 00:00:00-04:00,2.3445246016991437,2.3445246016991437,2.308191935203244,2.3103291988372803,406100,0.0,0.0
2011-07-28 00:00:00-04:00,2.3124660994287254,2.335975590143049,2.3060545127887573,2.3081917762756348,335200,0.0,0.0
2011-07-29 00:00:00-04:00,2.293229982106526,2.3103278775799923,2.280406815277129,2.30177903175354,450200,0.0,0.0
2011-08-01 00:00:00-04:00,2.3298240953290543,2.331981389199076,2.290993628592129,2.321195125579834,308700,0.1,0.0
2011-08-02 00:00:00-04:00,2.301780320676976,2.329824529014957,2.282365083694458,2.282365083694458,370400,0.0,0.0
2011-08-03 00:00:00-04:00,2.2866797445686724,2.2888368331775912,2.1852891736366713,2.241377592086792,789800,0.0,0.0
2011-08-04 00:00:00-04:00,2.213333322319039,2.2219622937114156,2.1141000484412587,2.1292006969451904,868000,0.0,0.0
2011-08-05 00:00:00-04:00,2.1335161997927505,2.1701893953588165,1.982508827117893,2.0968430042266846,1018500,0.0,0.0
2011-08-08 00:00:00-04:00,1.9868226688325537,1.9889799632249154,1.8573878855236843,1.8746458292007446,1118700,0.0,0.0
2011-08-09 00:00:00-04:00,1.883275096939521,2.0062382221221924,1.8444448204305794,2.0062382221221924,732300,0.0,0.0
2011-08-10 00:00:00-04:00,1.9846666115081375,2.0148681346334447,1.9566223841198616,1.9674086570739746,632400,0.0,0.0
2011-08-11 00:00:00-04:00,1.9717219430800756,2.064483335314052,1.9717219430800756,2.0493826866149902,393400,0.0,0.0
2011-08-12 00:00:00-04:00,2.05801041105802,2.0817400168818976,2.053696030785853,2.079582929611206,272000,0.0,0.0
2011-08-15 00:00:00-04:00,2.1162570315975566,2.178817116427652,2.107628061473781,2.1766598224639893,523200,0.0,0.0
2011-08-16 00:00:00-04:00,2.1507744320897015,2.1788186562441294,2.1378308648911113,2.1572461128234863,386200,0.0,0.0
2011-08-17 00:00:00-04:00,2.1788171588446206,2.1917605114168266,2.1529300422384487,2.1701881885528564,201000,0.0,0.0
2011-08-18 00:00:00-04:00,2.0752704636357064,2.105471979316877,2.0558552182500254,2.0968430042266846,488500,0.0,0.0
2011-08-19 00:00:00-04:00,2.0580121820846733,2.105471640304548,2.0429115295410156,2.0429115295410156,270200,0.0,0.0
2011-08-22 00:00:00-04:00,2.083900248876134,2.09900090972185,2.0278117861190808,2.03859806060791,330900,0.0,0.0
2011-08-23 00:00:00-04:00,2.058012701755172,2.1033148765563965,2.0493837258754635,2.1033148765563965,317400,0.0,0.0
2011-08-24 00:00:00-04:00,2.0882140080655835,2.1292015878976676,2.0882140080655835,2.114100933074951,216800,0.0,0.0
2011-08-25 00:00:00-04:00,2.1270441370704063,2.142144996519129,2.094685534609244,2.111943483352661,239600,0.0,0.0
2011-08-26 00:00:00-04:00,2.10547125859216,2.1486161192741875,2.0882133143193493,2.1421444416046143,280200,0.0,0.0
2011-08-29 00:00:00-04:00,2.1615604433452007,2.189604458389475,2.1615604433452007,2.174503803253174,340800,0.0,0.0
2011-08-30 00:00:00-04:00,2.170187867300339,2.191760186970962,2.1615588982859197,2.183131217956543,327900,0.0,0.0
2011-08-31 00:00:00-04:00,2.2003891468048096,2.2198043784389596,2.1917601778263927,2.2003891468048096,343300,0.0,0.0
2011-09-01 00:00:00-04:00,2.1960336365917525,2.2003909459497577,2.1677117490685562,2.1698904037475586,339200,0.1,0.0
2011-09-02 00:00:00-04:00,2.124140238298755,2.1481048226010304,2.108890067176216,2.1154258251190186,246300,0.0,0.0
2011-09-06 00:00:00-04:00,2.0478882199829926,2.104531988868937,2.0304593999823823,2.10235333442688,511500,0.0,0.0
2011-09-07 00:00:00-04:00,2.108888979711831,2.1437466144561768,2.093638608685261,2.1437466144561768,390400,0.0,0.0
2011-09-08 00:00:00-04:00,2.124139265898857,2.1350323293288422,2.1067104475180427,2.113246202468872,184600,0.0,0.0
2011-09-09 00:00:00-04:00,2.102352557736824,2.102352557736824,2.060959177469666,2.080566644668579,310200,0.0,0.0
2011-09-12 00:00:00-04:00,2.069672839075335,2.0805658955713913,2.0369938773549383,2.0718514919281006,245400,0.0,0.0
2011-09-13 00:00:00-04:00,2.069673791337855,2.080566852845838,2.0587807298298717,2.076209545135498,203000,0.0,0.0
2011-09-14 00:00:00-04:00,2.091460170436472,2.0958172709124376,2.063138290155074,2.074031352996826,261200,0.0,0.0
2011-09-15 00:00:00-04:00,2.1001747351123274,2.128496617496869,2.093638772261189,2.1241393089294434,323900,0.0,0.0
2011-09-16 00:00:00-04:00,2.143745610907854,2.15246001551448,2.126316801694603,2.128495454788208,253000,0.0,0.0
2011-09-19 00:00:00-04:00,2.1067104475180427,2.117603510948028,2.084924320658072,2.113246202468872,198400,0.0,0.0
2011-09-20 00:00:00-04:00,2.1219596206946836,2.1284955803610948,2.091459306655992,2.1001737117767334,195000,0.0,0.0
2011-09-21 00:00:00-04:00,2.108889889650312,2.108889889650312,2.058781862258911,2.058781862258911,249200,0.0,0.0
2011-09-22 00:00:00-04:00,2.010851187265349,2.015208494549699,1.9629220537445846,1.9825295209884644,529100,0.0,0.0
2011-09-23 00:00:00-04:00,1.9825294637920592,2.010851129251858,1.9759935030540985,2.0043153762817383,248100,0.0,0.0
2011-09-26 00:00:00-04:00,2.028279988620169,2.03481574106989,1.993422157430065,2.0239226818084717,271300,0.0,0.0
2011-09-27 00:00:00-04:00,2.054424759919822,2.0871037546509235,2.052246104866287,2.058781862258911,333500,0.0,0.0
2011-09-28 00:00:00-04:00,2.0674955132672204,2.0805672310062673,2.0413522855570316,2.0478880405426025,215200,0.0,0.0
2011-09-29 00:00:00-04:00,2.087104247751577,2.097997317824875,2.041353519658149,2.0653181076049805,185300,0.0,0.0
2011-09-30 00:00:00-04:00,2.0478886818063313,2.0631390585719496,2.0152096888776656,2.017388343811035,273100,0.0,0.0
2011-10-03 00:00:00-04:00,2.0261981212373765,2.0261981212373765,1.9491146214834931,1.9601263999938965,387000,0.1,0.0
2011-10-04 00:00:00-04:00,1.9447093205719261,1.9557213067319046,1.8720305059667004,1.9535188674926758,583600,0.0,0.0
2011-10-05 00:00:00-04:00,1.9535168366663602,1.99536229856557,1.9535168366663602,1.9887549877166748,260200,0.0,0.0
2011-10-06 00:00:00-04:00,1.9887559224542108,2.019589424133301,1.9799463805510489,2.019589424133301,315800,0.0,0.0
2011-10-07 00:00:00-04:00,2.023993892601262,2.030601205911043,1.9931606039663865,1.9975652694702148,160100,0.0,0.0
2011-10-10 00:00:00-04:00,2.0195897323030505,2.048220800366161,2.0195897323030505,2.046018362045288,171400,0.0,0.0
2011-10-11 00:00:00-04:00,2.0350063082766905,2.0548278323891376,2.026196765341833,2.043815851211548,211700,0.0,0.0
2011-10-12 00:00:00-04:00,2.0966734404901617,2.0966734404901617,2.059232828335974,2.0636374950408936,259600,0.0,0.0
2011-10-13 00:00:00-04:00,2.0504232848900528,2.0636374950408936,2.0283993212572073,2.0636374950408936,216600,0.0,0.0
2011-10-14 00:00:00-04:00,2.0812553621896015,2.087862463392856,2.068041159783093,2.0790529251098633,212100,0.0,0.0
2011-10-17 00:00:00-04:00,2.079054936319881,2.081257375530187,2.050424066730555,2.065840721130371,318000,0.0,0.0
2011-10-18 00:00:00-04:00,2.0614352400820737,2.1142927154965645,2.0526256958523423,2.1098878383636475,282800,0.0,0.0
2011-10-19 00:00:00-04:00,2.1142911792478194,2.1164934061780327,2.0878623557257656,2.09887433052063,253100,0.0,0.0
2011-10-20 00:00:00-04:00,2.0966734371686098,2.098875665499539,2.0724470352036426,2.0878636837005615,213800,0.0,0.0
2011-10-21 00:00:00-04:00,2.114292903719881,2.134114222474278,2.1098880261948234,2.116495132446289,201600,0.0,0.0
2011-10-24 00:00:00-04:00,2.118696463571273,2.160541938038358,2.1120893607739473,2.158339500427246,308600,0.0,0.0
2011-10-25 00:00:00-04:00,2.140720819826411,2.1539350278915093,2.1164944216469816,2.131911277770996,399600,0.0,0.0
2011-10-26 00:00:00-04:00,2.1539347171783447,2.1693515710784204,2.13191097023484,2.1539347171783447,275700,0.0,0.0
2011-10-27 00:00:00-04:00,2.1979833590656384,2.222209764088661,2.193578691811704,2.2089953422546387,509500,0.0,0.0
2011-10-28 00:00:00-04:00,2.2133994353229047,2.2222089767456055,2.2045898939002044,2.2222089767456055,333200,0.0,0.0
2011-10-31 00:00:00-04:00,2.2111968003884774,2.2111968003884774,2.1935777191133514,2.2001848220825195,410700,0.0,0.0
2011-11-01 00:00:00-04:00,2.1534659057797247,2.1690384214270995,2.126770073744391,2.140117883682251,317900,0.1,0.0
2011-11-02 00:00:00-04:00,2.1467932471561846,2.164590480604296,2.1312207209290266,2.137894630432129,270000,0.0,0.0
2011-11-03 00:00:00-04:00,2.164590094451013,2.166814801275088,2.126771139240329,2.1312203407287598,268100,0.0,0.0
2011-11-04 00:00:00-04:00,2.128995369364049,2.1334447824593332,2.1022995272714233,2.115647554397583,223400,0.0,0.0
2011-11-07 00:00:00-05:00,2.1245477540723114,2.12899695832854,2.0867285631750354,2.1045258045196533,329000,0.0,0.0
2011-11-08 00:00:00-05:00,2.1178719286077947,2.122321128845215,2.0956252909417126,2.122321128845215,284700,0.0,0.0
2011-11-09 00:00:00-05:00,2.071155141735394,2.108974104252546,2.064481019973755,2.064481019973755,331600,0.0,0.0
2011-11-10 00:00:00-05:00,2.097850246773737,2.106748860467128,2.073378899997149,2.0845022201538086,288900,0.0,0.0
2011-11-11 00:00:00-05:00,2.108975309565228,2.108975309565228,2.080054947375391,2.0822794437408447,310800,0.0,0.0
2011-11-14 00:00:00-05:00,2.0845034932079414,2.0867282010298904,2.0622570514678955,2.0622570514678955,252700,0.0,0.0
2011-11-15 00:00:00-05:00,2.066706557991257,2.088953215153125,2.066706557991257,2.073380470275879,298800,0.0,0.0
2011-11-16 00:00:00-05:00,2.0644815471300295,2.08895290885184,2.057807635823997,2.0622570514678955,288200,0.0,0.0
2011-11-17 00:00:00-05:00,2.0689304386365794,2.0711551458949273,2.017763232493389,2.028886556625366,324000,0.0,0.0
2011-11-18 00:00:00-05:00,2.0444589398862574,2.0444589398862574,2.0155385961928465,2.022212505340576,248100,0.0,0.0
2011-11-21 00:00:00-05:00,1.9932928001116137,2.01331474825878,1.9777202680681896,2.011090040206909,290600,0.0,0.0
2011-11-22 00:00:00-05:00,2.004415629298626,2.0400101006295137,2.004415629298626,2.0133142471313477,221500,0.0,0.0
2011-11-23 00:00:00-05:00,1.997741273071152,1.9999659803089906,1.9821687467257996,1.986618161201477,339600,0.0,0.0
2011-11-25 00:00:00-05:00,1.9866183936331818,2.02221286496407,1.9866183936331818,2.0133142471313477,308700,0.0,0.0
2011-11-28 00:00:00-05:00,2.044459397867608,2.0533580161112184,2.017763543136778,2.024437665939331,350700,0.0,0.0
2011-11-29 00:00:00-05:00,2.0355608224426835,2.0511335638164243,2.0199882932287414,2.037785530090332,275400,0.0,0.0
2011-11-30 00:00:00-05:00,2.095626568842551,2.106749894458531,2.080054040276053,2.097851276397705,530100,0.0,0.0
2011-12-01 00:00:00-05:00,2.1068455635034815,2.1113426687566386,2.068621026586768,2.0776150226593018,376400,0.1,0.0
2011-12-02 00:00:00-05:00,2.0888573284020624,2.095602771063451,2.0596267909577057,2.061875343322754,362200,0.0,0.0
2011-12-05 00:00:00-05:00,2.082113192340261,2.0888586392346555,2.0618766372231874,2.0708706378936768,436600,0.0,0.0
2011-12-06 00:00:00-05:00,2.07536734811395,2.0821130088477533,2.057379348358218,2.066373348236084,356800,0.0,0.0
2011-12-07 00:00:00-05:00,2.055130033983307,2.070869472692192,2.0483843764505534,2.0686209201812744,322800,0.0,0.0
2011-12-08 00:00:00-05:00,2.0573774473507647,2.0573774473507647,2.00791060094658,2.016904592514038,568500,0.0,0.0
2011-12-09 00:00:00-05:00,2.0214015160892758,2.0416380510749494,2.0169046274445024,2.0303955078125,458400,0.0,0.0
2011-12-12 00:00:00-05:00,2.0191548205066914,2.021403374112731,1.9899244813636738,2.001166820526123,395100,0.0,0.0
2011-12-13 00:00:00-05:00,2.005662915604663,2.0214023540364736,1.9786809292499439,1.9899234771728516,334300,0.0,0.0
2011-12-14 00:00:00-05:00,1.978681542740165,1.978681542740165,1.958444993091342,1.9629418849945068,417600,0.0,0.0
2011-12-15 00:00:00-05:00,1.9809287374601388,1.98992272953255,1.9674376421346795,1.9741830825805664,302300,0.0,0.0
2011-12-16 00:00:00-05:00,1.9741844364031675,1.9764329895716664,1.9516995480196786,1.9629418849945068,461900,0.0,0.0
2011-12-19 00:00:00-05:00,1.9606927979449236,1.9651896881318125,1.931462261212019,1.9337108135223389,408300,0.0,0.0
2011-12-20 00:00:00-05:00,1.947202332868883,1.9719359874725344,1.947202332868883,1.9719359874725342,464500,0.0,0.0
2011-12-21 00:00:00-05:00,1.9674376421346795,1.9741830825805664,1.9494496579898573,1.9741830825805664,411600,0.0,0.0
2011-12-22 00:00:00-05:00,1.9741839951231548,1.9786811004549354,1.9674385515592685,1.9696871042251587,525100,0.0,0.0
2011-12-23 00:00:00-05:00,1.9741834195309285,1.9921714067459106,1.9719350819543473,1.9921714067459106,403100,0.0,0.0
2011-12-27 00:00:00-05:00,1.9786799287509893,1.983176816986088,1.9674373865127563,1.9674373865127563,529700,0.0,0.0
2011-12-28 00:00:00-05:00,1.9658463348367086,1.9726644553552708,1.936302012871953,1.9499378204345703,433400,0.093,0.0
2011-12-29 00:00:00-05:00,1.9590292039425286,1.9590292039425286,1.9317573613206007,1.938575267791748,779900,0.0,0.0
2011-12-30 00:00:00-05:00,1.9385758843754854,1.9635752439498901,1.9363033926538733,1.9635752439498901,648700,0.0,0.0
2012-01-03 00:00:00-05:00,1.9863008612350443,1.9999368896423846,1.9863008612350443,1.9908462762832642,447300,0.0,0.0
2012-01-04 00:00:00-05:00,1.984027930054417,1.999936664192499,1.9749373177200678,1.9953912496566772,300400,0.0,0.0
2012-01-05 00:00:00-05:00,1.9863017824467373,2.01130114333157,1.977211164871549,2.009028434753418,326100,0.0,0.0
2012-01-06 00:00:00-05:00,2.018118710071608,2.018118710071608,2.004482677652679,2.011300802230835,275100,0.0,0.0
2012-01-09 00:00:00-05:00,2.013573169708252,2.0203912938666084,2.006755262287265,2.013573169708252,284100,0.0,0.0
2012-01-10 00:00:00-05:00,2.031755106023307,2.040845724653084,2.029482613918946,2.0340278148651123,381500,0.0,0.0
2012-01-11 00:00:00-05:00,2.036298954219272,2.036298954219272,2.018117730972988,2.0317535400390625,289000,0.0,0.0
2012-01-12 00:00:00-05:00,2.024937733248238,2.0363010637333714,2.0158471122076316,2.022665023803711,458500,0.0,0.0
2012-01-13 00:00:00-05:00,2.0181190523286063,2.0181190523286063,1.9999378171782296,2.009028434753418,281000,0.0,0.0
2012-01-17 00:00:00-05:00,2.0226635804082918,2.036299610607128,2.01357296585485,2.018118381500244,373700,0.0,0.0
2012-01-18 00:00:00-05:00,2.0226623065571707,2.04538893699646,2.0226623065571707,2.04538893699646,416500,0.0,0.0
2012-01-19 00:00:00-05:00,2.0499358764838838,2.0658443995970486,2.0476631683998967,2.0635716915130615,291800,0.0,0.0
2012-01-20 00:00:00-05:00,2.068117673594902,2.0817534923553467,2.068117673594902,2.0817534923553467,381900,0.0,0.0
2012-01-23 00:00:00-05:00,2.0840263798066827,2.1067530353399144,2.0840263798066827,2.0931169986724854,352600,0.0,0.0
2012-01-24 00:00:00-05:00,2.0794809620050563,2.102207617538288,2.0794809620050563,2.0931169986724854,383400,0.0,0.0
2012-01-25 00:00:00-05:00,2.090843476992571,2.122660739023197,2.0862982776952617,2.1203880310058594,263200,0.0,0.0
2012-01-26 00:00:00-05:00,2.1272049459310876,2.1431136778932984,2.120387041797148,2.1362955570220947,451800,0.0,0.0
2012-01-27 00:00:00-05:00,2.1317509587862236,2.145386770885247,2.129478251190611,2.134023666381836,357900,0.0,0.0
2012-01-30 00:00:00-05:00,2.129477688991934,2.140841007232666,2.11584188049287,2.140841007232666,445100,0.0,0.0
2012-01-31 00:00:00-05:00,2.1567508723659325,2.159023580783735,2.1385696384983253,2.147660255432129,525300,0.0,0.0
2012-02-01 00:00:00-05:00,2.157529455758446,2.1758913918072507,2.1529390811920166,2.1529390811920166,413600,0.093,0.0
2012-02-02 00:00:00-05:00,2.15293930726401,2.1621202762524714,2.136872666257095,2.141463041305542,287100,0.0,0.0
2012-02-03 00:00:00-05:00,2.1575288225514644,2.1575288225514644,2.1345765186724366,2.136871814727783,358200,0.0,0.0
2012-02-06 00:00:00-05:00,2.134577751159668,2.134577751159668,2.1276920779093778,2.134577751159668,247100,0.0,0.0
2012-02-07 00:00:00-05:00,2.1437574840023434,2.1437574840023434,2.127690849397876,2.136871814727783,225300,0.0,0.0
2012-02-08 00:00:00-05:00,2.136872666257095,2.15293930726401,2.136872666257095,2.141463041305542,323900,0.0,0.0
2012-02-09 00:00:00-05:00,2.1437581131676144,2.155234377921003,2.1437581131676144,2.1529390811920166,311900,0.0,0.0
2012-02-10 00:00:00-05:00,2.143757947893066,2.150643618657626,2.123100716707859,2.1253960132598877,355500,0.0,0.0
2012-02-13 00:00:00-05:00,2.139168127029326,2.141463424409958,2.1276920779093778,2.134577751159668,264700,0.0,0.0
2012-02-14 00:00:00-05:00,2.1345778347787405,2.1345778347787405,2.1185109713765256,2.1299872398376465,231400,0.0,0.0
2012-02-15 00:00:00-05:00,2.1391682108282204,2.148349181818794,2.1299872398376465,2.1299872398376465,261300,0.0,0.0
2012-02-16 00:00:00-05:00,2.136871814727783,2.14605278005769,2.127690849397876,2.136871814727783,373500,0.0,0.0
2012-02-17 00:00:00-05:00,2.148348808288574,2.1552346995029756,2.1345774636429242,2.148348808288574,313000,0.0,0.0
2012-02-21 00:00:00-05:00,2.152937314366102,2.1712992353460434,2.152937314366102,2.1575276851654053,417400,0.0,0.0
2012-02-22 00:00:00-05:00,2.152939372985914,2.1713013115233637,2.152939372985914,2.1621203422546387,348300,0.0,0.0
2012-02-23 00:00:00-05:00,2.169005409180859,2.1850722650860437,2.159824442474258,2.1804816722869873,365100,0.0,0.0
2012-02-24 00:00:00-05:00,2.1873679282334813,2.1988441944122314,2.185072850110988,2.1988441944122314,272200,0.0,0.0
2012-02-27 00:00:00-05:00,2.182775796721939,2.196547129942051,2.1804805015547886,2.1919567584991455,403400,0.0,0.0
2012-02-28 00:00:00-05:00,2.1988421466030648,2.2057278123409803,2.1919564808651497,2.194251775741577,336400,0.0,0.0
2012-02-29 00:00:00-05:00,2.1988421466030648,2.2080231072174077,2.1896611859887223,2.194251775741577,424300,0.0,0.0
2012-03-01 00:00:00-05:00,2.1995842456817627,2.206537779854221,2.185677619420524,2.1995842456817627,327400,0.093,0.0
2012-03-02 00:00:00-05:00,2.199582829205164,2.199582829205164,2.1740872167835397,2.1810405254364014,312300,0.0,0.0
2012-03-05 00:00:00-05:00,2.1787235954922193,2.1833592838984677,2.1601812839508057,2.1601812839508057,408700,0.0,0.0
2012-03-06 00:00:00-05:00,2.1462769126761643,2.1485947593111585,2.127734581680251,2.134687900543213,371100,0.0,0.0
2012-03-07 00:00:00-05:00,2.13468562151184,2.146274621272152,2.120778777591108,2.1393210887908936,282000,0.0,0.0
2012-03-08 00:00:00-05:00,2.146275121771142,2.1694529056549072,2.146275121771142,2.1694529056549072,190900,0.0,0.0
2012-03-09 00:00:00-05:00,2.171769751200547,2.1764054384696845,2.1648164413385755,2.1671342849731445,273000,0.0,0.0
2012-03-12 00:00:00-04:00,2.1764063476967923,2.1764063476967923,2.155546188354492,2.155546188354492,210500,0.0,0.0
2012-03-13 00:00:00-04:00,2.171770681657526,2.1856775283813477,2.167135213444139,2.1856775283813477,303000,0.0,0.0
2012-03-14 00:00:00-04:00,2.190313367577311,2.190313367577311,2.1671355805009958,2.1717710494995117,266200,0.0,0.0
2012-03-15 00:00:00-04:00,2.1833583686679208,2.18567621189944,2.17176937355202,2.1810405254364014,312700,0.0,0.0
2012-03-16 00:00:00-04:00,2.183358775429544,2.192629929041149,2.183358775429544,2.1879942417144775,332600,0.0,0.0
2012-03-19 00:00:00-04:00,2.1879942417144775,2.1903120853778133,2.183358775429544,2.1879942417144775,279400,0.0,0.0
2012-03-20 00:00:00-04:00,2.1833585452669473,2.1833585452669473,2.171769549213681,2.178722858428955,289900,0.0,0.0
2012-03-21 00:00:00-04:00,2.181040701847951,2.192629697901218,2.174087392632677,2.178722858428955,299300,0.0,0.0
2012-03-22 00:00:00-04:00,2.1740880625440426,2.1810413739018712,2.169452374277635,2.176405906677246,275500,0.0,0.0
2012-03-23 00:00:00-04:00,2.1740886899081318,2.1926310062408447,2.171770845106081,2.1926310062408447,303900,0.0,0.0
2012-03-26 00:00:00-04:00,2.1972651577972755,2.2065365314483643,2.1972651577972755,2.2065365314483643,301400,0.0,0.0
2012-03-27 00:00:00-04:00,2.201901364454806,2.2134903632129213,2.201901364454806,2.2088546752929688,375600,0.0,0.0
2012-03-28 00:00:00-04:00,2.211171997232195,2.215807684057739,2.20190084462282,2.2065365314483643,469500,0.0,0.0
2012-03-29 00:00:00-04:00,2.20190150770165,2.204219351812416,2.190312508189601,2.194948196411133,361600,0.0,0.0
2012-03-30 00:00:00-04:00,2.206537637907451,2.222762107849121,2.1949486360740473,2.222762107849121,861300,0.0,0.0
2012-04-02 00:00:00-04:00,2.2141011317969994,2.2258036136627197,2.1906961680655592,2.2258036136627197,408000,0.093,0.0
2012-04-03 00:00:00-04:00,2.2141012865185106,2.228144310379957,2.204739345012977,2.2094202041625977,207700,0.0,0.0
2012-04-04 00:00:00-04:00,2.183674602606636,2.1953770835847752,2.1813340617697565,2.1883556842803955,344100,0.0,0.0
2012-04-05 00:00:00-04:00,2.186015340290037,2.2000581401633235,2.1719723172104706,2.1789939403533936,304700,0.0,0.0
2012-04-09 00:00:00-04:00,2.1626107555389726,2.169632379913459,2.155589354370805,2.1602702140808105,246200,0.0,0.0
2012-04-10 00:00:00-04:00,2.1579302326362195,2.1719730371643386,2.118141914462625,2.1251633167266846,411200,0.0,0.0
2012-04-11 00:00:00-04:00,2.1672927361180063,2.169633278545589,2.139206896606251,2.143887758255005,490700,0.0,0.0
2012-04-12 00:00:00-04:00,2.155589843348096,2.169632872076291,2.155589843348096,2.162611246109009,270500,0.0,0.0
2012-04-13 00:00:00-04:00,2.1579301087229927,2.1626109688947954,2.146227623483974,2.1532490253448486,212600,0.0,0.0
2012-04-16 00:00:00-04:00,2.1813372312075976,2.1813372312075976,2.1415488719940186,2.1415488719940186,373300,0.0,0.0
2012-04-17 00:00:00-04:00,2.1602716900488903,2.1813361311516246,2.1579313701980642,2.1719741821289062,359600,0.0,0.0
2012-04-18 00:00:00-04:00,2.1649527882449835,2.1813361433245504,2.1649527882449835,2.1743147373199463,289800,0.0,0.0
2012-04-19 00:00:00-04:00,2.1766543013551516,2.181335162183997,2.1555898696094173,2.167292356491089,357300,0.0,0.0
2012-04-20 00:00:00-04:00,2.1766550759019783,2.186017024097422,2.1743145330515046,2.1836764812469482,279600,0.0,0.0
2012-04-23 00:00:00-04:00,2.16261108428267,2.1836755141955453,2.146227737997701,2.181334972381592,385800,0.0,0.0
2012-04-24 00:00:00-04:00,2.1766532033022568,2.1906960019110158,2.1766532033022568,2.1883556842803955,291000,0.0,0.0
2012-04-25 00:00:00-04:00,2.1953776006656054,2.202399001623747,2.1930370592774544,2.2000584602355957,353700,0.0,0.0
2012-04-26 00:00:00-04:00,2.17899620907048,2.2211248757599478,2.17899620907048,2.2187843322753906,394900,0.0,0.0
2012-04-27 00:00:00-04:00,2.223463773727417,2.2281448572322056,2.218782690222629,2.223463773727417,257600,0.0,0.0
2012-04-30 00:00:00-04:00,2.232825505544956,2.232825505544956,2.2211230211003725,2.228144645690918,313600,0.0,0.0
2012-05-01 00:00:00-04:00,2.231216920219545,2.2406712206074464,2.2193992137908936,2.2193992137908936,350100,0.093,0.0
2012-05-02 00:00:00-04:00,2.2099455794473397,2.224126921599085,2.200491276210053,2.2052183151245117,306200,0.0,0.0
2012-05-03 00:00:00-04:00,2.2123084200857677,2.217035683198921,2.1933998184497763,2.200490713119507,260800,0.0,0.0
2012-05-04 00:00:00-04:00,2.1957640683625717,2.1957640683625717,2.1744918291794595,2.183946132659912,300600,0.0,0.0
2012-05-07 00:00:00-04:00,2.169764737571339,2.200491279490418,2.169764737571339,2.1934003829956055,638000,0.0,0.0
2012-05-08 00:00:00-04:00,2.186310052871704,2.186310052871704,2.1650378108865267,2.186310052871704,309600,0.0,0.0
2012-05-09 00:00:00-04:00,2.1721291542053223,2.1768564207330225,2.1626748465583967,2.1721291542053223,352400,0.0,0.0
2012-05-10 00:00:00-04:00,2.1934014027630235,2.1957650360268737,2.1674021130860965,2.1721291542053223,254600,0.0,0.0
2012-05-11 00:00:00-04:00,2.1673998322535675,2.1792177607279135,2.162672570700534,2.165036201477051,304400,0.0,0.0
2012-05-14 00:00:00-04:00,2.1508558329020215,2.1532192393309573,2.127219965345953,2.1295835971832275,513300,0.0,0.0
2012-05-15 00:00:00-04:00,2.1366725407612344,2.139036170688592,2.117763952158687,2.127218246459961,464000,0.0,0.0
2012-05-16 00:00:00-04:00,2.1390384276691514,2.162674075657126,2.129584123392283,2.1319477558135986,522400,0.0,0.0
2012-05-17 00:00:00-04:00,2.139037711884626,2.139037711884626,2.084675311427584,2.0964932441711426,424900,0.0,0.0
2012-05-18 00:00:00-04:00,2.110675105623978,2.110675105623978,2.056312697515392,2.063403367996216,438700,0.0,0.0
2012-05-21 00:00:00-04:00,2.056312695258114,2.0799485640460493,2.0539490632976505,2.075221300125122,581500,0.0,0.0
2012-05-22 00:00:00-04:00,2.0870394706726074,2.10594807767917,2.0775851671693264,2.0870394706726074,357600,0.0,0.0
2012-05-23 00:00:00-04:00,2.0775848951790934,2.094129867791731,2.0704942248320126,2.0728578567504883,577000,0.0,0.0
2012-05-24 00:00:00-04:00,2.089403401466433,2.089403401466433,2.063403894060921,2.065767526626587,354700,0.0,0.0
2012-05-25 00:00:00-04:00,2.075222778785184,2.0846770879551744,2.07285937054907,2.0775864124298096,183600,0.0,0.0
2012-05-29 00:00:00-04:00,2.105948693658709,2.1130393670080627,2.0917673469600016,2.094130754470825,257600,0.0,0.0
2012-05-30 00:00:00-04:00,2.079949135039352,2.096494112487869,2.0775855024300176,2.0917670726776123,501600,0.0,0.0
2012-05-31 00:00:00-04:00,2.096492676150554,2.1035833437122267,2.068129780495605,2.0799477100372314,406100,0.0,0.0
2012-06-01 00:00:00-04:00,2.0591659214704086,2.0639436780350877,2.037666472561298,2.0424442291259766,377000,0.093,0.0
2012-06-04 00:00:00-04:00,2.04005509520418,2.0496103793201925,1.9875009186581398,1.9994450807571411,710700,0.0,0.0
2012-06-05 00:00:00-04:00,2.006611663702484,2.040055274963379,2.0018341351314786,2.040055274963379,251300,0.0,0.0
2012-06-06 00:00:00-04:00,2.054387873727159,2.063943156626619,2.0448325908276987,2.056776523590088,343000,0.0,0.0
2012-06-07 00:00:00-04:00,2.071109581622497,2.0782759869115393,2.049610137939453,2.049610137939453,265200,0.0,0.0
2012-06-08 00:00:00-04:00,2.054387893342759,2.054387893342759,2.0304995719580625,2.049610137939453,226900,0.0,0.0
2012-06-11 00:00:00-04:00,2.059165353966264,2.0639431092141978,2.006611185318538,2.009000062942505,524700,0.0,0.0
2012-06-12 00:00:00-04:00,2.018556645827098,2.0305008138245713,2.0090013569923304,2.0281119346618652,440200,0.0,0.0
2012-06-13 00:00:00-04:00,2.0137780369441853,2.030499726496588,2.0137780369441853,2.0161666870117188,223600,0.0,0.0
2012-06-14 00:00:00-04:00,2.0257222546578566,2.0352777675310403,2.0113894409800133,2.032888889312744,266700,0.0,0.0
2012-06-15 00:00:00-04:00,2.0519995144393626,2.0519995144393626,2.0257223089655723,2.0424442291259766,294200,0.0,0.0
2012-06-18 00:00:00-04:00,2.0400550068037426,2.0543880462646484,2.0328886009812566,2.0543880462646484,326600,0.0,0.0
2012-06-19 00:00:00-04:00,2.0591656856544702,2.0758873760839323,2.0591656856544702,2.0734987258911133,241400,0.0,0.0
2012-06-20 00:00:00-04:00,2.075888708348724,2.085443998700236,2.0639447662714034,2.078277587890625,246400,0.0,0.0
2012-06-21 00:00:00-04:00,2.078276305823268,2.0806651838914942,2.0496104524524035,2.05199933052063,279400,0.0,0.0
2012-06-22 00:00:00-04:00,2.063944078562499,2.071110486984253,2.054388791394821,2.071110486984253,228900,0.0,0.0
2012-06-25 00:00:00-04:00,2.0448325908276987,2.061554278947775,2.042443713148855,2.056776523590088,246100,0.0,0.0
2012-06-26 00:00:00-04:00,2.0711113662560727,2.078277777720263,2.0615560750317816,2.0687224864959717,211600,0.0,0.0
2012-06-27 00:00:00-04:00,2.0782772610462437,2.0902214290612333,2.0782772610462437,2.083055019378662,185000,0.0,0.0
2012-06-28 00:00:00-04:00,2.078277087619548,2.0854434967041016,2.0711106785349944,2.0854434967041016,211600,0.0,0.0
2012-06-29 00:00:00-04:00,2.102165037258465,2.121275609866779,2.102165037258465,2.111720323562622,646200,0.0,0.0
2012-07-02 00:00:00-04:00,2.1245150566101074,2.1245150566101074,2.102787025345802,2.1245150566101074,364400,0.093,0.0
2012-07-03 00:00:00-04:00,2.1221004336759797,2.1341715857695878,2.1196861572096433,2.129343032836914,174400,0.0,0.0
2012-07-05 00:00:00-04:00,2.1293428835416695,2.143828311085993,2.1196860085914735,2.1365857124328613,268900,0.0,0.0
2012-07-06 00:00:00-04:00,2.112445040691379,2.1172735970130274,2.0883027195596107,2.1052024364471436,548000,0.0,0.0
2012-07-09 00:00:00-04:00,2.1027861464290734,2.1148572954457903,2.1027861464290734,2.1100287437438965,222900,0.0,0.0
2012-07-10 00:00:00-04:00,2.119686546088134,2.124515099906656,2.0955444677098796,2.100372791290283,217700,0.0,0.0
2012-07-11 00:00:00-04:00,2.100373880125495,2.1172735970130274,2.100373880125495,2.1052024364471436,217400,0.0,0.0
2012-07-12 00:00:00-04:00,2.085886929257975,2.1052006779349712,2.0834726531138394,2.0979578495025635,241100,0.0,0.0
2012-07-13 00:00:00-04:00,2.0955458137895495,2.1148595809936523,2.0955458137895495,2.1148595809936523,290400,0.0,0.0
2012-07-16 00:00:00-04:00,2.117273457986074,2.1221017837524414,2.1100306239791884,2.1221017837524414,372300,0.0,0.0
2012-07-17 00:00:00-04:00,2.1293459379426647,2.1293459379426647,2.1124464400981644,2.1172749996185303,523000,0.0,0.0
2012-07-18 00:00:00-04:00,2.122100779750048,2.1341719338122305,2.1172724562680436,2.1245150566101074,378700,0.0,0.0
2012-07-19 00:00:00-04:00,2.134173252568032,2.1510727405548096,2.126930647750592,2.1510727405548096,364500,0.0,0.0
2012-07-20 00:00:00-04:00,2.1365869811678144,2.1462438618524,2.1341727034371187,2.143829584121704,302700,0.0,0.0
2012-07-23 00:00:00-04:00,2.1124464400981644,2.1317602177028476,2.10037527153564,2.1172749996185303,411100,0.0,0.0
2012-07-24 00:00:00-04:00,2.1245164645957035,2.1245164645957035,2.1052026973916007,2.1148595809936523,290200,0.0,0.0
2012-07-25 00:00:00-04:00,2.1221012586623456,2.160728776188232,2.1172729340906926,2.1462435722351074,644300,0.0,0.0
2012-07-26 00:00:00-04:00,2.1728011221497563,2.1800437280902005,2.1679725646972656,2.1679725646972656,354900,0.0,0.0
2012-07-27 00:00:00-04:00,2.1679708036785237,2.199355710911224,2.1655567571514736,2.1945273876190186,358700,0.0,0.0
2012-07-30 00:00:00-04:00,2.199357219305491,2.2066000545683395,2.1897003358599556,2.2017714977264404,366200,0.0,0.0
2012-07-31 00:00:00-04:00,2.209014102751026,2.211428381171976,2.199357219305491,2.2017714977264404,306200,0.0,0.0
2012-08-01 00:00:00-04:00,2.224454600531579,2.2293329021591464,2.2000637902244153,2.207381010055542,495500,0.093,0.0
2012-08-02 00:00:00-04:00,2.2025013731059766,2.207379671775952,2.1756714282513596,2.1829886436462402,269000,0.0,0.0
2012-08-03 00:00:00-04:00,2.207378933874356,2.219574443862392,2.1829879138982835,2.1878662109375,229600,0.0,0.0
2012-08-06 00:00:00-04:00,2.202501282789453,2.2073795812593877,2.1707930405650995,2.175671339035034,448100,0.0,0.0
2012-08-07 00:00:00-04:00,2.182990119584326,2.200063943862915,2.182990119584326,2.200063943862915,267500,0.0,0.0
2012-08-08 00:00:00-04:00,2.187868421552563,2.202502862236793,2.187868421552563,2.200063943862915,223800,0.0,0.0
2012-08-09 00:00:00-04:00,2.2049420132209114,2.2049420132209114,2.1951856418946782,2.200063943862915,211100,0.0,0.0
2012-08-10 00:00:00-04:00,2.2025018844157813,2.2122582514105855,2.1951846673222124,2.2049410343170166,223700,0.0,0.0
2012-08-13 00:00:00-04:00,2.204941878343459,2.212259098237976,2.200063809283857,2.202502727508545,252800,0.0,0.0
2012-08-14 00:00:00-04:00,2.2073811196034963,2.212259188862928,2.204941968668662,2.20982027053833,283500,0.0,0.0
2012-08-15 00:00:00-04:00,2.2171365983076883,2.2220146656036377,2.2122582984015966,2.2220146656036377,354500,0.0,0.0
2012-08-16 00:00:00-04:00,2.22445581169836,2.2342121876554004,2.2195777400250156,2.2293341159820557,426900,0.0,0.0
2012-08-17 00:00:00-04:00,2.2293319474150226,2.2415272310406826,2.2293319474150226,2.2342100143432617,374900,0.0,0.0
2012-08-20 00:00:00-04:00,2.234210363094705,2.243966731084239,2.2293322954050185,2.236649513244629,355200,0.0,0.0
2012-08-21 00:00:00-04:00,2.241528228496118,2.256162901013354,2.236650159397192,2.251284599304199,296100,0.0,0.0
2012-08-22 00:00:00-04:00,2.2439682483673096,2.2537246229537202,2.2366510255800813,2.2439682483673096,348600,0.0,0.0
2012-08-23 00:00:00-04:00,2.246407400166492,2.251285471154538,2.231772721981717,2.2439682483673096,327500,0.0,0.0
2012-08-24 00:00:00-04:00,2.241528228496118,2.251284599304199,2.236650159397192,2.251284599304199,323800,0.0,0.0
2012-08-27 00:00:00-04:00,2.251285471154538,2.2586029265520846,2.2439682483673096,2.2439682483673096,317100,0.0,0.0
2012-08-28 00:00:00-04:00,2.2390899190349987,2.253724362920946,2.2390899190349987,2.2488462924957275,310800,0.0,0.0
2012-08-29 00:00:00-04:00,2.2512857208118127,2.265920400619507,2.2512857208118127,2.265920400619507,362600,0.0,0.0
2012-08-30 00:00:00-04:00,2.263480101742553,2.2732364724677705,2.253723731017335,2.2561628818511963,316700,0.0,0.0
2012-08-31 00:00:00-04:00,2.2561625150595055,2.275675253337692,2.2561625150595055,2.258601665496826,510700,0.0,0.0
2012-09-04 00:00:00-04:00,2.259340125353005,2.269195470835582,2.2445569896441544,2.256876230239868,415400,0.093,0.0
2012-09-05 00:00:00-04:00,2.249485731124878,2.25934108077505,2.239630381474706,2.249485731124878,303900,0.0,0.0
2012-09-06 00:00:00-04:00,2.251948998091971,2.291370385678438,2.251948998091971,2.2765872478485107,505500,0.0,0.0
2012-09-07 00:00:00-04:00,2.266731900951894,2.2864425947451275,2.266731900951894,2.2765872478485107,381900,0.0,0.0
2012-09-10 00:00:00-04:00,2.266733010213051,2.2741244652601362,2.2593415551659657,2.2642691135406494,293400,0.0,0.0
2012-09-11 00:00:00-04:00,2.264268324154638,2.28151535987854,2.264268324154638,2.28151535987854,346600,0.0,0.0
2012-09-12 00:00:00-04:00,2.2913709445927366,2.2962985017579793,2.2691963499239907,2.2741239070892334,572700,0.0,0.0
2012-09-13 00:00:00-04:00,2.286443712581466,2.296299064296339,2.2741244641953458,2.279052257537842,637100,0.0,0.0
2012-09-14 00:00:00-04:00,2.296297631187129,2.2987615263206704,2.2839786254593646,2.2938339710235596,574100,0.0,0.0
2012-09-17 00:00:00-04:00,2.306154416011211,2.306154416011211,2.2741244641953458,2.279052257537842,541400,0.0,0.0
2012-09-18 00:00:00-04:00,2.28397846509686,2.2962974699596828,2.2790506751757658,2.291369915008545,324900,0.0,0.0
2012-09-19 00:00:00-04:00,2.2913711858320602,2.2938350821591156,2.283979731820981,2.288907289505005,331400,0.0,0.0
2012-09-20 00:00:00-04:00,2.286442995071411,2.2889068909694625,2.279051542347303,2.286442995071411,323800,0.0,0.0
2012-09-21 00:00:00-04:00,2.2962983436935707,2.3036900313877244,2.2815154382453544,2.286442995071411,406600,0.0,0.0
2012-09-24 00:00:00-04:00,2.279052257537842,2.28151615420909,2.2741244641953458,2.279052257537842,413400,0.0,0.0
2012-09-25 00:00:00-04:00,2.2864440379472817,2.2962993910645917,2.249486522499908,2.2544140815734863,746500,0.0,0.0
2012-09-26 00:00:00-04:00,2.2568768672834256,2.2618046589006564,2.2470215190190017,2.259340763092041,309700,0.0,0.0
2012-09-27 00:00:00-04:00,2.2691963499239907,2.2741239070892334,2.266732453856339,2.2741239070892334,299000,0.0,0.0
2012-09-28 00:00:00-04:00,2.2691969058229695,2.279052257537842,2.261805450779345,2.279052257537842,487200,0.0,0.0
2012-10-01 00:00:00-04:00,2.2850180301342515,2.2924774548384397,2.2626404673915794,2.2651267051696777,477300,0.084,0.0
2012-10-02 00:00:00-04:00,2.262640259743496,2.2700994466398385,2.2502081235007405,2.255180835723877,338500,0.0,0.0
2012-10-03 00:00:00-04:00,2.2601549897460362,2.2626414657445486,2.2452363708783643,2.2526957988739014,507200,0.0,0.0
2012-10-04 00:00:00-04:00,2.252695771757327,2.2651276773534366,2.252695771757327,2.260154962539673,325500,0.0,0.0
2012-10-05 00:00:00-04:00,2.267614153322018,2.275073344104364,2.257668486571091,2.260154962539673,221800,0.0,0.0
2012-10-08 00:00:00-04:00,2.2502093401686225,2.2601550071157037,2.247722864151001,2.247722864151001,262300,0.0,0.0
2012-10-09 00:00:00-04:00,2.250209128076308,2.252695603859568,2.232804034716871,2.2402634620666504,364100,0.0,0.0
2012-10-10 00:00:00-04:00,2.240263292103841,2.240263292103841,2.212912534809775,2.220371961593628,415300,0.0,0.0
2012-10-11 00:00:00-04:00,2.2253458404561988,2.250210135170185,2.222859363560102,2.227832317352295,339500,0.0,0.0
2012-10-12 00:00:00-04:00,2.2253458404561988,2.2377779878131916,2.2253458404561988,2.227832317352295,262300,0.0,0.0
2012-10-15 00:00:00-04:00,2.2427499294281006,2.2427499294281006,2.222858360360099,2.2427499294281006,364000,0.0,0.0
2012-10-16 00:00:00-04:00,2.2477216488275342,2.262640259743496,2.245235174154328,2.255180835723877,415600,0.0,0.0
2012-10-17 00:00:00-04:00,2.2551820106025096,2.267614153322018,2.2551820106025096,2.260154962539673,229500,0.0,0.0
2012-10-18 00:00:00-04:00,2.2551830216737594,2.2601559758404584,2.245237350463867,2.245237350463867,282700,0.0,0.0
2012-10-19 00:00:00-04:00,2.2402637542570725,2.2452364693487854,2.2253451347351074,2.2253451347351074,316900,0.0,0.0
2012-10-22 00:00:00-04:00,2.2328040599823,2.2402634874164873,2.227831345482893,2.2328040599823,281600,0.0,0.0
2012-10-23 00:00:00-04:00,2.220371961593628,2.2228582000648816,2.207939820743904,2.220371961593628,350400,0.0,0.0
2012-10-24 00:00:00-04:00,2.23031812347416,2.23031812347416,2.212913027559604,2.2153995037078857,227400,0.0,0.0
2012-10-25 00:00:00-04:00,2.2228584472696453,2.227831399011924,2.210426542160729,2.217885732650757,325800,0.0,0.0
2012-10-26 00:00:00-04:00,2.2178847628362917,2.227830424848519,2.215398288052413,2.2228574752807617,224600,0.0,0.0
2012-10-31 00:00:00-04:00,2.2228586586275445,2.2377772781495096,2.220372419643394,2.2253451347351074,488600,0.0,0.0
2012-11-01 00:00:00-04:00,2.2388973236083984,2.2439171482492246,2.2238373709462658,2.2388973236083984,315100,0.084,0.0
2012-11-02 00:00:00-04:00,2.241408876928746,2.2439186712677226,2.2238388803359745,2.2288589477539062,319300,0.0,0.0
2012-11-05 00:00:00-05:00,2.226348449505449,2.228858482690683,2.211288729133924,2.2137985229492188,369200,0.0,0.0
2012-11-06 00:00:00-05:00,2.2163095474243164,2.2288594795937615,2.2112897181785667,2.2163095474243164,365600,0.0,0.0
2012-11-07 00:00:00-05:00,2.203757532087,2.203757532087,2.1535580902317943,2.173637866973877,710500,0.0,0.0
2012-11-08 00:00:00-05:00,2.171129037404243,2.1786591373800386,2.1510492495420266,2.1585793495178223,373300,0.0,0.0
2012-11-09 00:00:00-05:00,2.1485397815704346,2.1535596096126373,2.141009680452146,2.1485397815704346,412100,0.0,0.0
2012-11-12 00:00:00-05:00,2.1485397815704346,2.1560696433187334,2.141009680452146,2.1485397815704346,292100,0.0,0.0
2012-11-13 00:00:00-05:00,2.13850008673354,2.1585798795260605,2.133480018850404,2.1460299491882324,464000,0.0,0.0
2012-11-14 00:00:00-05:00,2.151049993041855,2.151049993041855,2.058180882236866,2.0632009506225586,747600,0.0,0.0
2012-11-15 00:00:00-05:00,2.0456306723559763,2.0581806022428846,1.9753514001072932,1.9879013299942017,1285600,0.0,0.0
2012-11-16 00:00:00-05:00,2.0305700600256613,2.053159876069639,1.9828805148689024,2.048139810562134,683200,0.0,0.0
2012-11-19 00:00:00-05:00,2.0707307262030703,2.1083802800223888,2.0707307262030703,2.105870485305786,453900,0.0,0.0
2012-11-20 00:00:00-05:00,2.100849418861995,2.130969095479346,2.0983393859680715,2.1184191703796387,463500,0.0,0.0
2012-11-21 00:00:00-05:00,2.118419796826619,2.1284596920013428,2.113399968924248,2.1284596920013428,289600,0.0,0.0
2012-11-23 00:00:00-05:00,2.141009755155042,2.1585797523407675,2.141009755155042,2.153559684753418,157000,0.0,0.0
2012-11-26 00:00:00-05:00,2.1535607327522395,2.161090598427565,2.1359909663864416,2.1435208320617676,643100,0.0,0.0
2012-11-27 00:00:00-05:00,2.148539631539204,2.153559459230875,2.1309696361934227,2.1384997367858887,401600,0.0,0.0
2012-11-28 00:00:00-05:00,2.133479870636492,2.1435197663352756,2.123439974937708,2.1359899044036865,410400,0.0,0.0
2012-11-29 00:00:00-05:00,2.141009680452146,2.1585796770248296,2.1334798187038473,2.1485397815704346,591600,0.0,0.0
2012-11-30 00:00:00-05:00,2.13850008673354,2.1585798795260605,2.13850008673354,2.1460299491882324,537200,0.0,0.0
2012-12-03 00:00:00-05:00,2.1546477036706984,2.162252274936241,2.1419732570648193,2.1419732570648193,434200,0.084,0.0
2012-12-04 00:00:00-05:00,2.1419731577591405,2.149577728672122,2.1343685868461595,2.1369035243988037,337800,0.0,0.0
2012-12-05 00:00:00-05:00,2.1343685868461595,2.149577728672122,2.1267640159331784,2.1369035243988037,502600,0.0,0.0
2012-12-06 00:00:00-05:00,2.134369373321533,2.1394390085499366,2.1318344348348113,2.134369373321533,416000,0.0,0.0
2012-12-07 00:00:00-05:00,2.136904384133563,2.1394390809610337,2.1318345069885254,2.1318345069885254,410900,0.0,0.0
2012-12-10 00:00:00-05:00,2.1216952075809123,2.134369659971685,2.1216952075809123,2.124230146408081,491700,0.0,0.0
2012-12-11 00:00:00-05:00,2.1369036234694447,2.1470431324051558,2.1318337481291088,2.1419732570648193,536500,0.0,0.0
2012-12-12 00:00:00-05:00,2.141972518971104,2.1825305407382207,2.141972518971104,2.1774609088897705,1025400,0.0,0.0
2012-12-13 00:00:00-05:00,2.1825305407382207,2.19267004618,2.174925972093106,2.1774609088897705,605500,0.0,0.0
2012-12-14 00:00:00-05:00,2.1698592447705685,2.185068402419442,2.1673243045806885,2.1673243045806885,447200,0.0,0.0
2012-12-17 00:00:00-05:00,2.1850666092589637,2.205345630645752,2.1799969747847685,2.205345630645752,672600,0.0,0.0
2012-12-18 00:00:00-05:00,2.2104152237343753,2.2281593047387367,2.202810410379672,2.215484857559204,571700,0.0,0.0
2012-12-19 00:00:00-05:00,2.2230907941164335,2.235765005954558,2.2129510378537818,2.2180209159851074,449000,0.0,0.0
2012-12-20 00:00:00-05:00,2.2104153456597064,2.2357639996720167,2.2002758357057854,2.2281594276428223,381000,0.0,0.0
2012-12-21 00:00:00-05:00,2.205345348164573,2.2205547331290063,2.1876012671602116,2.215484857559204,438300,0.0,0.0
2012-12-24 00:00:00-05:00,2.2104163405332136,2.2256254914370013,2.1901373114981,2.2180209159851074,206000,0.0,0.0
2012-12-26 00:00:00-05:00,2.225624099009744,2.2382985446633925,2.205345082661883,2.2078800201416016,445700,0.0,0.0
2012-12-27 00:00:00-05:00,2.2140233859240004,2.221702255838011,2.193546887684867,2.201225757598877,380000,0.084,0.0
2012-12-28 00:00:00-05:00,2.1935460465527066,2.198665291199033,2.1781888008117676,2.1781888008117676,491000,0.0,0.0
2012-12-31 00:00:00-05:00,2.1884283976851155,2.2242621559459903,2.1781901461678417,2.2191431522369385,597900,0.0,0.0
2013-01-02 00:00:00-05:00,2.2447395288985414,2.265216037641808,2.2396202796631055,2.260096788406372,493800,0.0,0.0
2013-01-03 00:00:00-05:00,2.2652150433494156,2.2652150433494156,2.2524171699775564,2.2575361728668213,374900,0.0,0.0
2013-01-04 00:00:00-05:00,2.2600961121867114,2.280572614803418,2.2524174847302376,2.278012990951538,302700,0.0,0.0
2013-01-07 00:00:00-05:00,2.280571622910819,2.2933694925048544,2.267773753316783,2.2908098697662354,485600,0.0,0.0
2013-01-08 00:00:00-05:00,2.2908109806625983,2.306168480442655,2.288251356682726,2.30104923248291,411200,0.0,0.0
2013-01-09 00:00:00-05:00,2.313846027455132,2.316405650239371,2.301048157633001,2.3087270259857178,420800,0.0,0.0
2013-01-10 00:00:00-05:00,2.31640637053577,2.326644620757289,2.31640637053577,2.324084997177124,449200,0.0,0.0
2013-01-11 00:00:00-05:00,2.324084320951216,2.334322568193769,2.316405696544068,2.326643943786621,278600,0.0,0.0
2013-01-14 00:00:00-05:00,2.329203604460458,2.3343226061153595,2.3087271096427058,2.3138461112976074,410800,0.0,0.0
2013-01-15 00:00:00-05:00,2.3138475043618705,2.3164071287798933,2.298490001952954,2.3112878799438477,575100,0.0,0.0
2013-01-16 00:00:00-05:00,2.3087276620068526,2.321525291255482,2.301048791538718,2.3189659118652344,472900,0.0,0.0
2013-01-17 00:00:00-05:00,2.3266441435176204,2.3471206397605338,2.3164058953961635,2.339442014694214,723300,0.0,0.0
2013-01-18 00:00:00-05:00,2.3420020293240964,2.354799903974331,2.3420020293240964,2.3496809005737305,408100,0.0,0.0
2013-01-22 00:00:00-05:00,2.354799232120058,2.3675971031188965,2.352239609100473,2.3675971031188965,820400,0.0,0.0
2013-01-23 00:00:00-05:00,2.3675977002369284,2.3803955744634444,2.362478452906663,2.3752763271331787,600300,0.0,0.0
2013-01-24 00:00:00-05:00,2.377834194114715,2.390632058886493,2.3624767075687885,2.3701555728912354,648200,0.0,0.0
2013-01-25 00:00:00-05:00,2.377836421564335,2.390634298324585,2.3727174173197527,2.390634298324585,648800,0.0,0.0
2013-01-28 00:00:00-05:00,2.4034318971972586,2.4034318971972586,2.382955394388054,2.3880743980407715,583600,0.0,0.0
2013-01-29 00:00:00-05:00,2.3931936031379846,2.4008722305297856,2.3880743554773414,2.400872230529785,402400,0.0,0.0
2013-01-30 00:00:00-05:00,2.400872431127313,2.4059914351164955,2.395753183038947,2.39831280708313,607200,0.0,0.0
2013-01-31 00:00:00-05:00,2.3983128070831303,2.4034320551714963,2.393193803093948,2.39831280708313,559600,0.0,0.0
2013-02-01 00:00:00-05:00,2.4174245370354215,2.4174245370354215,2.389014720916748,2.389014720916748,631600,0.084,0.0
2013-02-04 00:00:00-05:00,2.389015270514284,2.389015270514284,2.3451090242164647,2.3528571128845215,673300,0.0,0.0
2013-02-05 00:00:00-05:00,2.3657699262699614,2.381266344463993,2.3554390629096775,2.378683567047119,438800,0.0,0.0
2013-02-06 00:00:00-05:00,2.373517732450161,2.378683286675052,2.368352424532452,2.3709352016448975,353300,0.0,0.0
2013-02-07 00:00:00-05:00,2.373516526377619,2.3760993021776593,2.3528548125914086,2.3683512210845947,442000,0.0,0.0
2013-02-08 00:00:00-05:00,2.373518228530884,2.3786837838354096,2.3631873642290664,2.373518228530884,305200,0.0,0.0
2013-02-11 00:00:00-05:00,2.3760999958687377,2.3760999958687377,2.358021052604507,2.3631863594055176,317900,0.0,0.0
2013-02-12 00:00:00-05:00,2.3606043395022978,2.373517732450161,2.3606043395022978,2.3709352016448975,316600,0.0,0.0
2013-02-13 00:00:00-05:00,2.3761005095626064,2.378683286675052,2.3606043395022978,2.3709352016448975,382600,0.0,0.0
2013-02-14 00:00:00-05:00,2.3657701418813293,2.3812665614876725,2.3657701418813293,2.373518228530884,341200,0.0,0.0
2013-02-15 00:00:00-05:00,2.3812660637874976,2.386431371705206,2.3606043395022978,2.3709352016448975,562000,0.0,0.0
2013-02-19 00:00:00-05:00,2.3786820779777,2.383847383270724,2.365768445284554,2.3683512210845947,621200,0.0,0.0
2013-02-20 00:00:00-05:00,2.3761004444034204,2.3786832214450393,2.355438720684822,2.3580214977264404,530500,0.0,0.0
2013-02-21 00:00:00-05:00,2.3528570151101618,2.3528570151101618,2.3270299718541305,2.332195281982422,505300,0.0,0.0
2013-02-22 00:00:00-05:00,2.334778139311168,2.358022651444308,2.329612829007857,2.3502745628356934,370200,0.0,0.0
2013-02-25 00:00:00-05:00,2.365769188757533,2.3709347419809546,2.329611301422119,2.329611301422119,502000,0.0,0.0
2013-02-26 00:00:00-05:00,2.3425255040980573,2.347691059112549,2.3321946403762936,2.347691059112549,548300,0.0,0.0
2013-02-27 00:00:00-05:00,2.350273928512326,2.365770101547241,2.3451083732958686,2.365770101547241,499500,0.0,0.0
2013-02-28 00:00:00-05:00,2.3683512210845947,2.3786820779777,2.3631856694845137,2.3683512210845947,609900,0.0,0.0
2013-03-01 00:00:00-05:00,2.366788864135742,2.3746085815938764,2.3459361185244934,2.366788864135742,366500,0.084,0.0
2013-03-04 00:00:00-05:00,2.353755337435923,2.3693950176239014,2.353755337435923,2.3693950176239014,319400,0.0,0.0
2013-03-05 00:00:00-05:00,2.3746094862167757,2.379822798897801,2.364183109439155,2.3720030784606934,462000,0.0,0.0
2013-03-06 00:00:00-05:00,2.3720030784606934,2.379822798897801,2.3615767016830733,2.3720030784606934,492600,0.0,0.0
2013-03-07 00:00:00-05:00,2.366788864135742,2.3746085815938764,2.364182208788252,2.366788864135742,354100,0.0,0.0
2013-03-08 00:00:00-05:00,2.3746094862167757,2.379822798897801,2.3693964221201806,2.3720030784606934,301900,0.0,0.0
2013-03-11 00:00:00-04:00,2.377214621486641,2.3850343369202713,2.374607966814007,2.382427930831909,330300,0.0,0.0
2013-03-12 00:00:00-04:00,2.3824279308319087,2.3876409915929053,2.377214621486641,2.382427930831909,245300,0.0,0.0
2013-03-13 00:00:00-04:00,2.385033345800231,2.3876399993896484,2.374606980026728,2.3876399993896484,223600,0.0,0.0
2013-03-14 00:00:00-04:00,2.3928541996433106,2.400673914745915,2.3876408905187336,2.395460605621338,380200,0.0,0.0
2013-03-15 00:00:00-04:00,2.40588697528623,2.40588697528623,2.3876408905187336,2.395460605621338,323300,0.0,0.0
2013-03-18 00:00:00-04:00,2.382428631139877,2.395461411165451,2.3772153202621715,2.3850350379943848,349600,0.0,0.0
2013-03-19 00:00:00-04:00,2.3902483488720905,2.395461411165451,2.374608664823319,2.3850350379943848,373300,0.0,0.0
2013-03-20 00:00:00-04:00,2.3928541996433106,2.3980672601836264,2.3876408905187336,2.395460605621338,349300,0.0,0.0
2013-03-21 00:00:00-04:00,2.392853306568484,2.3980663651631513,2.385033345800231,2.3876399993896484,280400,0.0,0.0
2013-03-22 00:00:00-04:00,2.3980674255318317,2.40588714117361,2.3928543646320724,2.403280735015869,513000,0.0,0.0
2013-03-25 00:00:00-04:00,2.4084936055061696,2.418919975065684,2.3980672359466553,2.3980672359466553,589900,0.0,0.0
2013-03-26 00:00:00-04:00,2.41110083957324,2.4189205564763547,2.4058875292482846,2.4137074947357178,468400,0.0,0.0
2013-03-27 00:00:00-04:00,2.4111006259918213,2.413707280923395,2.4032809097813965,2.4111006259918213,352800,0.0,0.0
2013-03-28 00:00:00-04:00,2.4163141498981955,2.4241338668013106,2.41110083957324,2.4137074947357178,747000,0.0,0.0
2013-04-01 00:00:00-04:00,2.4358038223941407,2.4358038223941407,2.396346807479859,2.3963468074798584,497400,0.084,0.0
2013-04-02 00:00:00-04:00,2.401607944504151,2.4147602833639983,2.401607944504151,2.40423846244812,300700,0.0,0.0
2013-04-03 00:00:00-04:00,2.406868272906085,2.4121293077959107,2.377933333591896,2.3884551525115967,418400,0.0,0.0
2013-04-04 00:00:00-04:00,2.3884555048409974,2.401607843145758,2.3884555048409974,2.3963468074798584,263500,0.0,0.0
2013-04-05 00:00:00-04:00,2.380565103257273,2.4042392709946294,2.3726737976315153,2.3989782333374023,360600,0.0,0.0
2013-04-08 00:00:00-04:00,2.406868775393072,2.4094992933871637,2.388455651154438,2.4016079902648926,362700,0.0,0.0
2013-04-09 00:00:00-04:00,2.4042376250999604,2.414759442351299,2.4042376250999604,2.4121289253234863,331400,0.0,0.0
2013-04-10 00:00:00-04:00,2.4121285217284,2.4305416361223995,2.4094980051407235,2.4226503372192383,469000,0.0,0.0
2013-04-11 00:00:00-04:00,2.4226517097688003,2.4410648345947266,2.4226517097688003,2.4410648345947266,320900,0.0,0.0
2013-04-12 00:00:00-04:00,2.4358040492987527,2.4436953526727194,2.425282227846793,2.4410648345947266,329900,0.0,0.0
2013-04-15 00:00:00-04:00,2.4410622146880114,2.4410622146880114,2.3989749740509367,2.409496784210205,428600,0.0,0.0
2013-04-16 00:00:00-04:00,2.4252821607114683,2.4305429458618164,2.420021124701116,2.4305429458618164,329300,0.0,0.0
2013-04-17 00:00:00-04:00,2.4200202255470122,2.4305420427983506,2.4016071080721484,2.4121289253234863,259600,0.0,0.0
2013-04-18 00:00:00-04:00,2.417390550447969,2.417390550447969,2.398977426560182,2.40423846244812,296200,0.0,0.0
2013-04-19 00:00:00-04:00,2.40949880658058,2.420020625571152,2.40423802251527,2.4173901081085205,206500,0.0,0.0
2013-04-22 00:00:00-04:00,2.42528113724479,2.427911403279992,2.41738958655949,2.42002010345459,326600,0.0,0.0
2013-04-23 00:00:00-04:00,2.4226505586285745,2.443694191533457,2.4226505586285745,2.4384334087371826,561000,0.0,0.0
2013-04-24 00:00:00-04:00,2.441064980908437,2.4463260173797607,2.4358041952971394,2.4463260173797607,339500,0.0,0.0
2013-04-25 00:00:00-04:00,2.4647376572295316,2.4647376572295316,2.4489550590515137,2.4489550590515137,323500,0.0,0.0
2013-04-26 00:00:00-04:00,2.4831509811080763,2.4831509811080763,2.4436942314813814,2.451585531234741,411600,0.0,0.0
2013-04-29 00:00:00-04:00,2.4621076392510703,2.480521008668004,2.456846855746179,2.4778904914855957,602900,0.0,0.0
2013-04-30 00:00:00-04:00,2.480521476331728,2.49367356300354,2.4778909586533757,2.49367356300354,588100,0.0,0.0
2013-05-01 00:00:00-04:00,2.494733863860827,2.494733863860827,2.47350210568263,2.4841179847717285,365500,0.084,0.0
2013-05-02 00:00:00-04:00,2.4947357177734375,2.497389752793635,2.4867738658155543,2.4947357177734375,272500,0.0,0.0
2013-05-03 00:00:00-04:00,2.510659156820452,2.513313191293099,2.478811502456665,2.478811502456665,627800,0.0,0.0
2013-05-06 00:00:00-04:00,2.4920812236046443,2.4920812236046443,2.4788113053989855,2.4814653396606445,491400,0.0,0.0
2013-05-07 00:00:00-04:00,2.4947348471562623,2.5000429153442383,2.4841189638829317,2.5000429153442383,369800,0.0,0.0
2013-05-08 00:00:00-04:00,2.5026969494382265,2.513312832711557,2.4947348471562623,2.5000429153442383,400100,0.0,0.0
2013-05-09 00:00:00-04:00,2.5053497429499254,2.5080037759978304,2.4841179847717285,2.4841179847717285,365900,0.0,0.0
2013-05-10 00:00:00-04:00,2.497389752793635,2.502697822834031,2.489427900835752,2.4947357177734375,339500,0.0,0.0
2013-05-13 00:00:00-04:00,2.5000427749648813,2.5133126915870836,2.4920809262326027,2.5053505897521973,453800,0.0,0.0
2013-05-14 00:00:00-04:00,2.508006032897204,2.523929992411733,2.508006032897204,2.5186219215393066,464200,0.0,0.0
2013-05-15 00:00:00-04:00,2.523928839292622,2.5265828735162743,2.5133129555006475,2.5212748050689697,468800,0.0,0.0
2013-05-16 00:00:00-04:00,2.5212754188486683,2.5345453400947267,2.518621383978917,2.5292372703552246,436000,0.0,0.0
2013-05-17 00:00:00-04:00,2.5371980135187306,2.5610835552215576,2.534543980073119,2.5610835552215576,460500,0.0,0.0
2013-05-20 00:00:00-04:00,2.555775446459701,2.569045359053662,2.550467380181104,2.558429479598999,377400,0.0,0.0
2013-05-21 00:00:00-04:00,2.5637384287144784,2.5743543128728192,2.5584306131866295,2.5690464973449707,377500,0.0,0.0
2013-05-22 00:00:00-04:00,2.574353032887012,2.598238823642763,2.547813462238136,2.563737154006958,582000,0.0,0.0
2013-05-23 00:00:00-04:00,2.534543980073119,2.5663916221127816,2.529235913181895,2.5610835552215576,466300,0.0,0.0
2013-05-24 00:00:00-04:00,2.5610838629121915,2.5796618461608887,2.553122014721373,2.5796618461608887,348100,0.0,0.0
2013-05-28 00:00:00-04:00,2.590278543442893,2.6168181301335274,2.5823164396432996,2.584970474243164,657000,0.0,0.0
2013-05-29 00:00:00-04:00,2.5770077420879867,2.5770077420879867,2.547814130783081,2.547814130783081,416500,0.0,0.0
2013-05-30 00:00:00-04:00,2.5584306131866295,2.5743543128728192,2.5451606947130423,2.5690464973449707,350700,0.0,0.0
2013-05-31 00:00:00-04:00,2.566391480163993,2.579661393555525,2.5451597199785603,2.553121566772461,502300,0.0,0.0
2013-06-03 00:00:00-04:00,2.5756123523573846,2.5756123523573846,2.463163558452762,2.4792277812957764,1189800,0.084,0.0
2013-06-04 00:00:00-04:00,2.4792267463067925,2.5327737078759562,2.4792267463067925,2.511354923248291,588900,0.0,0.0
2013-06-05 00:00:00-04:00,2.5167105423758778,2.5220653684342693,2.4685183845111536,2.4792277812957764,398800,0.0,0.0
2013-06-06 00:00:00-04:00,2.468515910741184,2.497966658552426,2.468515910741184,2.4899346828460693,263000,0.0,0.0
2013-06-07 00:00:00-04:00,2.508678899278912,2.5274202823638916,2.503324327825572,2.5274202823638916,357400,0.0,0.0
2013-06-10 00:00:00-04:00,2.532774108136519,2.5381286774736047,2.516709889461075,2.5247421264648438,269200,0.0,0.0
2013-06-11 00:00:00-04:00,2.516710643312978,2.5327748668002763,2.481905293866143,2.487259864807129,521800,0.0,0.0
2013-06-12 00:00:00-04:00,2.508677140589441,2.5193865313205754,2.4819037914276123,2.4819037914276123,322900,0.0,0.0
2013-06-13 00:00:00-04:00,2.4926136525453564,2.519387006759644,2.4819042597932284,2.5193870067596436,277100,0.0,0.0
2013-06-14 00:00:00-04:00,2.5220648679492577,2.538128832272338,2.511355473289834,2.516710042953491,221100,0.0,0.0
2013-06-17 00:00:00-04:00,2.538128990413447,2.5461612284075548,2.524742437754185,2.530097007751465,309300,0.0,0.0
2013-06-18 00:00:00-04:00,2.5381299582206527,2.5649035844124035,2.532775386181636,2.5515167713165283,394900,0.0,0.0
2013-06-19 00:00:00-04:00,2.559547421079171,2.559547421079171,2.519387006759644,2.5193870067596436,316100,0.0,0.0
2013-06-20 00:00:00-04:00,2.5006445609554935,2.5006445609554935,2.4524521865706355,2.471193552017212,485900,0.0,0.0
2013-06-21 00:00:00-04:00,2.492615620242014,2.503325021448254,2.468519403694907,2.4845833778381348,384900,0.0,0.0
2013-06-24 00:00:00-04:00,2.463163610086029,2.4711955940098242,2.3935524018606964,2.4230034351348877,696700,0.0,0.0
2013-06-25 00:00:00-04:00,2.465840844250066,2.4685182571411133,2.436390068444987,2.4685182571411133,317200,0.0,0.0
2013-06-26 00:00:00-04:00,2.4899346601836903,2.5113534320936313,2.4792252742287197,2.5059986114501953,321300,0.0,0.0
2013-06-27 00:00:00-04:00,2.516710042953491,2.5300968501107977,2.514032885787717,2.516710042953491,370100,0.0,0.0
2013-06-28 00:00:00-04:00,2.51670970209727,2.5515152938594503,2.5086777210235596,2.5086777210235596,609600,0.0,0.0
2013-07-01 00:00:00-04:00,2.5394761213243253,2.550282392824529,2.5259684751804476,2.5340731143951416,267600,0.084,0.0
2013-07-02 00:00:00-04:00,2.5421753409170016,2.5421753409170016,2.5259660778712787,2.528667449951172,149000,0.0,0.0
2013-07-03 00:00:00-04:00,2.4881475427945268,2.509760095755278,2.474639632783569,2.4989538192749023,339100,0.0,0.0
2013-07-05 00:00:00-04:00,2.501655101776123,2.5124613767401747,2.4800425518480202,2.501655101776123,188600,0.0,0.0
2013-07-08 00:00:00-04:00,2.50435667010934,2.531372227999287,2.50435667010934,2.515162944793701,195300,0.0,0.0
2013-07-09 00:00:00-04:00,2.5286697737750745,2.5421776771545415,2.5205651348041256,2.542177677154541,228800,0.0,0.0
2013-07-10 00:00:00-04:00,2.5394761213243253,2.542177753609835,2.523266842894938,2.5340731143951416,203300,0.0,0.0
2013-07-11 00:00:00-04:00,2.5583890616774725,2.571896974819063,2.5421795143791615,2.555687427520752,301600,0.0,0.0
2013-07-12 00:00:00-04:00,2.5610876816830985,2.563789312932043,2.5502814143290586,2.552983045578003,179600,0.0,0.0
2013-07-15 00:00:00-04:00,2.5691933984423527,2.5881043079593873,2.5610885020992074,2.574596405029297,299200,0.0,0.0
2013-07-16 00:00:00-04:00,2.5800016196472115,2.5800016196472115,2.547582782692603,2.555687427520752,318300,0.0,0.0
2013-07-17 00:00:00-04:00,2.5610876816830985,2.569192575429931,2.5529830455780025,2.552983045578003,275700,0.0,0.0
2013-07-18 00:00:00-04:00,2.561087498201808,2.56919239136799,2.555684493732738,2.563789129257202,164200,0.0,0.0
2013-07-19 00:00:00-04:00,2.5637920723489005,2.5637920723489005,2.555687427520752,2.555687427520752,143000,0.0,0.0
2013-07-22 00:00:00-04:00,2.563789312932043,2.5664909441809867,2.5475800407218507,2.552983045578003,158500,0.0,0.0
2013-07-23 00:00:00-04:00,2.5664911270141606,2.5691927584555647,2.5610878641313515,2.56649112701416,230400,0.0,0.0
2013-07-24 00:00:00-04:00,2.5718950305567345,2.5745964050292973,2.563790134213589,2.574596405029297,205700,0.0,0.0
2013-07-25 00:00:00-04:00,2.5610877350225154,2.590805164096348,2.555684730053836,2.5881035327911377,272800,0.0,0.0
2013-07-26 00:00:00-04:00,2.5610888805772554,2.5827016830444336,2.5610888805772554,2.5827016830444336,312300,0.0,0.0
2013-07-29 00:00:00-04:00,2.585404634475708,2.5935095369589023,2.582703257956658,2.585404634475708,249100,0.0,0.0
2013-07-30 00:00:00-04:00,2.59350740090263,2.601612039068694,2.582701130800611,2.590805768966675,196700,0.0,0.0
2013-07-31 00:00:00-04:00,2.590805164096348,2.590805164096348,2.569192628938147,2.5881035327911377,315900,0.0,0.0
2013-08-01 00:00:00-04:00,2.594645906463082,2.6028222384594955,2.5864693145457602,2.5919203758239746,273400,0.084,0.0
2013-08-02 00:00:00-04:00,2.5919204845320727,2.594646015285492,2.5673912275931388,2.5701167583465576,288200,0.0,0.0
2013-08-05 00:00:00-04:00,2.5646632619508343,2.5701143182824446,2.5455850846315418,2.5510358810424805,307700,0.0,0.0
2013-08-06 00:00:00-04:00,2.5428595564657366,2.5510358810424805,2.523781379146444,2.5510358810424805,395000,0.0,0.0
2013-08-07 00:00:00-04:00,2.537411304720657,2.548313168396238,2.5346857738215283,2.5401365756988525,154700,0.0,0.0
2013-08-08 00:00:00-04:00,2.542862143108504,2.561940339834464,2.542862143108504,2.5592150688171387,193500,0.0,0.0
2013-08-09 00:00:00-04:00,2.5592165462882472,2.5810202865400695,2.5537654812647483,2.5782947540283203,265000,0.0,0.0
2013-08-12 00:00:00-04:00,2.5755657935296092,2.6000950336456303,2.5755657935296092,2.60009503364563,302600,0.0,0.0
2013-08-13 00:00:00-04:00,2.5946450233459473,2.6028213525594537,2.583742904500179,2.5946450233459473,210000,0.0,0.0
2013-08-14 00:00:00-04:00,2.5837438106536865,2.5946459333229743,2.5782930092399527,2.5837438106536865,242400,0.0,0.0
2013-08-15 00:00:00-04:00,2.5810184135025844,2.5810184135025844,2.548312826859199,2.5537636280059814,396400,0.0,0.0
2013-08-16 00:00:00-04:00,2.5483133593752045,2.5782934217496245,2.5483133593752045,2.5728423595428467,241900,0.0,0.0
2013-08-19 00:00:00-04:00,2.5728421667255965,2.5728421667255965,2.5401365756988525,2.5401365756988525,241000,0.0,0.0
2013-08-20 00:00:00-04:00,2.5537638337469617,2.5701167583465576,2.5428619706542044,2.5701167583465576,211700,0.0,0.0
2013-08-21 00:00:00-04:00,2.5646654852862865,2.5646654852862865,2.5455872914279074,2.5619399547576904,224700,0.0,0.0
2013-08-22 00:00:00-04:00,2.5592148952538,2.5810186214393154,2.5592148952538,2.5701167583465576,209200,0.0,0.0
2013-08-23 00:00:00-04:00,2.5701184164141586,2.586471091642482,2.567392883902409,2.5782947540283203,179600,0.0,0.0
2013-08-26 00:00:00-04:00,2.578293090685896,2.594646015285492,2.5701167583465576,2.5701167583465576,344900,0.0,0.0
2013-08-27 00:00:00-04:00,2.5537639702735624,2.561940303050015,2.5346857738215283,2.5401365756988525,304300,0.0,0.0
2013-08-28 00:00:00-04:00,2.5428595564657366,2.5646632619508343,2.534683231888993,2.5510358810424805,287100,0.0,0.0
2013-08-29 00:00:00-04:00,2.551038097472141,2.564665490220443,2.548312826859199,2.5537636280059814,150500,0.0,0.0
2013-08-30 00:00:00-04:00,2.548312187194824,2.553762986973374,2.5428611274954416,2.548312187194824,209800,0.0,0.0
2013-09-03 00:00:00-04:00,2.563163257898061,2.571413972516022,2.554912805557251,2.554912805557251,267700,0.084,0.0
2013-09-04 00:00:00-04:00,2.5659130415607088,2.576913730158769,2.560412828400231,2.571413516998291,164500,0.0,0.0
2013-09-05 00:00:00-04:00,2.560412828400231,2.5741634924399777,2.560412828400231,2.571413516998291,237100,0.0,0.0
2013-09-06 00:00:00-04:00,2.571413516998291,2.57966396787756,2.5631628038419176,2.571413516998291,359700,0.0,0.0
2013-09-09 00:00:00-04:00,2.5659136972415055,2.5906653184813226,2.5659136972415055,2.5824148654937744,175300,0.0,0.0
2013-09-10 00:00:00-04:00,2.5879147841008394,2.607165926295912,2.5824145701638797,2.5934152603149414,442100,0.0,0.0
2013-09-11 00:00:00-04:00,2.6016657123589524,2.6016657123589524,2.5851645459937886,2.5934152603149414,240000,0.0,0.0
2013-09-12 00:00:00-04:00,2.5961651337841096,2.5961651337841096,2.5796642303466797,2.5796642303466797,283700,0.0,0.0
2013-09-13 00:00:00-04:00,2.579664627072201,2.585164841638176,2.5714141740846523,2.5824148654937744,180500,0.0,0.0
2013-09-16 00:00:00-04:00,2.5989173486072437,2.5989173486072437,2.552164316177368,2.552164316177368,764600,0.0,0.0
2013-09-17 00:00:00-04:00,2.538411594546875,2.560413237535803,2.5274109041909836,2.530161142349243,534800,0.0,0.0
2013-09-18 00:00:00-04:00,2.538412133201845,2.5631637573242188,2.530161679253454,2.5631637573242188,340200,0.0,0.0
2013-09-19 00:00:00-04:00,2.5549113442885956,2.5714125018096126,2.538410186767578,2.538410186767578,365000,0.0,0.0
2013-09-20 00:00:00-04:00,2.5301614391745106,2.5521628224673796,2.519160747528076,2.519160747528076,292000,0.0,0.0
2013-09-23 00:00:00-04:00,2.5136606693267822,2.524661361570517,2.505409953436087,2.5136606693267822,389100,0.0,0.0
2013-09-24 00:00:00-04:00,2.5109091316747425,2.5301602675723833,2.5109091316747425,2.5274100303649902,190900,0.0,0.0
2013-09-25 00:00:00-04:00,2.52741003036499,2.5356607419871695,2.5246600554346528,2.5274100303649902,207500,0.0,0.0
2013-09-26 00:00:00-04:00,2.5329100816031853,2.541160529569896,2.5219093968885673,2.5246596336364746,298000,0.0,0.0
2013-09-27 00:00:00-04:00,2.521910848033181,2.532911539077759,2.5164103713723107,2.532911539077759,242600,0.0,0.0
2013-09-30 00:00:00-04:00,2.524662211260413,2.524662211260413,2.4834094047546387,2.4834094047546387,819200,0.0,0.0
2013-10-01 00:00:00-04:00,2.498939963738675,2.512807607650757,2.4961663820555975,2.512807607650757,310400,0.076,0.0
2013-10-02 00:00:00-04:00,2.482297897338867,2.4878450588260868,2.460109780396425,2.482297897338867,822800,0.0,0.0
2013-10-03 00:00:00-04:00,2.4822995387533116,2.4822995387533116,2.4684318903685325,2.471205472946167,346500,0.0,0.0
2013-10-04 00:00:00-04:00,2.4684312646873976,2.4878460733063124,2.4684312646873976,2.479525327682495,218400,0.0,0.0
2013-10-07 00:00:00-04:00,2.468430964263286,2.4767517088744144,2.457336902618408,2.457336902618408,295000,0.0,0.0
2013-10-08 00:00:00-04:00,2.4601102125278307,2.468430691716978,2.446242570877075,2.446242570877075,262000,0.0,0.0
2013-10-09 00:00:00-04:00,2.4490163587940237,2.4490163587940237,2.4351487159729004,2.4351487159729004,441000,0.0,0.0
2013-10-10 00:00:00-04:00,2.4462431386972034,2.4850724914317066,2.4462431386972034,2.479525327682495,199100,0.0,0.0
2013-10-11 00:00:00-04:00,2.4795250625306133,2.4933927059173584,2.473978163877894,2.4933927059173584,210600,0.0,0.0
2013-10-14 00:00:00-04:00,2.485073268606868,2.496167335071494,2.476752784884251,2.487846851348877,262800,0.0,0.0
2013-10-15 00:00:00-04:00,2.4961661065654654,2.4961661065654654,2.471204403179286,2.4767515659332275,345100,0.0,0.0
2013-10-16 00:00:00-04:00,2.4795250625306133,2.4961662874953667,2.4795250625306133,2.4933927059173584,319600,0.0,0.0
2013-10-17 00:00:00-04:00,2.4933915665944033,2.53222089743407,2.482297509854952,2.529447317123413,303800,0.0,0.0
2013-10-18 00:00:00-04:00,2.5239018784903475,2.543316422869967,2.5072606515197244,2.5405428409576416,379600,0.0,0.0
2013-10-21 00:00:00-04:00,2.540543469513531,2.540543469513531,2.5239025029290953,2.5322229862213135,410400,0.0,0.0
2013-10-22 00:00:00-04:00,2.5433155913577514,2.5488624888655687,2.537768429346691,2.5460891723632812,356800,0.0,0.0
2013-10-23 00:00:00-04:00,2.5322223597239946,2.543316422869967,2.526675195899344,2.5405428409576416,243000,0.0,0.0
2013-10-24 00:00:00-04:00,2.5460905419565996,2.5516374424482064,2.5377697944641113,2.5377697944641113,239900,0.0,0.0
2013-10-25 00:00:00-04:00,2.546088534484178,2.546088534484178,2.5266737368127563,2.529447317123413,302100,0.0,0.0
2013-10-28 00:00:00-04:00,2.5405431092455357,2.5405431092455357,2.523902145020913,2.5266754627227783,278400,0.0,0.0
2013-10-29 00:00:00-04:00,2.5294493114750085,2.5433169594591036,2.5294493114750085,2.5377697944641113,375400,0.0,0.0
2013-10-30 00:00:00-04:00,2.540542010352221,2.551636069871099,2.5349951128444035,2.5460891723632812,401500,0.0,0.0
2013-10-31 00:00:00-04:00,2.54886385995071,2.54886385995071,2.5349964764700004,2.5377697944641113,365000,0.0,0.0
2013-11-01 00:00:00-04:00,2.5338534741742897,2.550633810618594,2.5338534741742897,2.5394468307495117,268500,0.076,0.0
2013-11-04 00:00:00-05:00,2.5534300030310515,2.5562268139997246,2.542243025874932,2.550633192062378,203900,0.0,0.0
2013-11-05 00:00:00-05:00,2.5506324523436597,2.5506324523436597,2.5310553146777353,2.5422422885894775,166400,0.0,0.0
2013-11-06 00:00:00-05:00,2.5534327050156174,2.5562295189438156,2.536652088165283,2.536652088165283,229700,0.0,0.0
2013-11-07 00:00:00-05:00,2.539445478431918,2.5450390987470373,2.522665150923553,2.5422422885894775,359100,0.0,0.0
2013-11-08 00:00:00-05:00,2.533854007720947,2.5394473654739467,2.5282603832492523,2.5338540077209473,252300,0.0,0.0
2013-11-11 00:00:00-05:00,2.5338544424997393,2.550634785356738,2.5338544424997393,2.547837972640991,184500,0.0,0.0
2013-11-12 00:00:00-05:00,2.547837868590929,2.5506346811924576,2.54504132270813,2.54504132270813,178000,0.0,0.0
2013-11-13 00:00:00-05:00,2.5422422885894775,2.5450390987470373,2.533852124835295,2.5422422885894775,200000,0.0,0.0
2013-11-14 00:00:00-05:00,2.550634936462435,2.553431749343872,2.545041577418319,2.553431749343872,280500,0.0,0.0
2013-11-15 00:00:00-05:00,2.561821921269425,2.561821921269425,2.547838123580999,2.553431749343872,266200,0.0,0.0
2013-11-18 00:00:00-05:00,2.5534306222655245,2.564617602134607,2.536650019102581,2.5394468307495117,438900,0.0,0.0
2013-11-19 00:00:00-05:00,2.5450401167010215,2.5478366612586343,2.5254627044861127,2.528259515762329,249600,0.0,0.0
2013-11-20 00:00:00-05:00,2.528261913099544,2.54224571602168,2.525465099171346,2.536652088165283,359500,0.0,0.0
2013-11-21 00:00:00-05:00,2.5450398368436056,2.5562268139997246,2.539446214906259,2.550633192062378,347300,0.0,0.0
2013-11-22 00:00:00-05:00,2.5478390771592205,2.5506358910874187,2.533855540955941,2.536652088165283,251500,0.0,0.0
2013-11-25 00:00:00-05:00,2.53665200020269,2.539448814033904,2.5226684644843127,2.5254650115966797,543600,0.0,0.0
2013-11-26 00:00:00-05:00,2.5226659774780273,2.525462521833381,2.5114787331822748,2.5226659774780273,540800,0.0,0.0
2013-11-27 00:00:00-05:00,2.5226684644843127,2.53665200020269,2.5226684644843127,2.5254650115966797,367900,0.0,0.0
2013-11-29 00:00:00-05:00,2.5254650115966797,2.5338554530903226,2.5226684644843127,2.5254650115966797,229300,0.0,0.0
2013-12-02 00:00:00-05:00,2.515873788680187,2.5215146213813813,2.51023268699646,2.51023268699646,409100,0.076,0.0
2013-12-03 00:00:00-05:00,2.4961302530857714,2.504591635890983,2.4735663862835335,2.482027769088745,803600,0.0,0.0
2013-12-04 00:00:00-05:00,2.470745540150772,2.4876683037369887,2.4679249898922433,2.4848480224609375,375700,0.0,0.0
2013-12-05 00:00:00-05:00,2.470746397656151,2.484848884860772,2.4651052951812744,2.4651052951812744,538800,0.0,0.0
2013-12-06 00:00:00-05:00,2.479206894134932,2.48766827583313,2.4735660626636244,2.48766827583313,381500,0.0,0.0
2013-12-09 00:00:00-05:00,2.4820278869669274,2.4876687194441307,2.4679254023001365,2.476386785507202,465600,0.0,0.0
2013-12-10 00:00:00-05:00,2.4763866678969313,2.4820277690887456,2.4679252850917193,2.482027769088745,407300,0.0,0.0
2013-12-11 00:00:00-05:00,2.490491280775882,2.4961323867897365,2.467927394685944,2.470747947692871,449600,0.0,0.0
2013-12-12 00:00:00-05:00,2.4707457395933896,2.4735662900795976,2.4566432561448486,2.4622840881347656,288000,0.0,0.0
2013-12-13 00:00:00-05:00,2.467926892007214,2.467926892007214,2.4510038463953547,2.459465503692627,386100,0.0,0.0
2013-12-16 00:00:00-05:00,2.4735669488935894,2.4735669488935894,2.4594644616889685,2.4651052951812744,529600,0.0,0.0
2013-12-17 00:00:00-05:00,2.4622861118747097,2.4679272174835205,2.456645275248619,2.4679272174835205,419800,0.0,0.0
2013-12-18 00:00:00-05:00,2.4763876486311114,2.493310689926148,2.4566443246057497,2.4933106899261475,545800,0.0,0.0
2013-12-19 00:00:00-05:00,2.4763863716853516,2.4989502357886253,2.4763863716853516,2.4848480224609375,488900,0.0,0.0
2013-12-20 00:00:00-05:00,2.4876698524038954,2.5074134475222394,2.4876698524038954,2.5045928955078125,404600,0.0,0.0
2013-12-23 00:00:00-05:00,2.504592714892443,2.5299771432264317,2.504592714892443,2.5271565914154053,558800,0.0,0.0
2013-12-24 00:00:00-05:00,2.5327975749969482,2.541259230927619,2.527156740025809,2.5327975749969482,259100,0.0,0.0
2013-12-26 00:00:00-05:00,2.5384388245879603,2.5525413162988695,2.535618272449247,2.5497207641601562,471600,0.0,0.0
2013-12-27 00:00:00-05:00,2.5485832691192627,2.55427192997817,2.545738803058202,2.5485832691192627,373900,0.076,0.0
2013-12-30 00:00:00-05:00,2.5428930689043963,2.545737533546976,2.517293700910414,2.522982358932495,690100,0.0,0.0
2013-12-31 00:00:00-05:00,2.5258279779801014,2.545738697052002,2.5258279779801014,2.545738697052002,595800,0.0,0.0
2014-01-02 00:00:00-05:00,2.5372040755739125,2.5372040755739125,2.505915782429727,2.5087599754333496,427700,0.0,0.0
2014-01-03 00:00:00-05:00,2.5087611601856152,2.5172945570154717,2.4973835690089774,2.503072500228882,437700,0.0,0.0
2014-01-06 00:00:00-05:00,2.5030722868292545,2.508760946301001,2.488850231255167,2.4973833560943604,446500,0.0,0.0
2014-01-07 00:00:00-05:00,2.49738246092935,2.5286710262298584,2.49738246092935,2.5286710262298584,377000,0.0,0.0
2014-01-08 00:00:00-05:00,2.522982000009235,2.534359585697883,2.5172933427964312,2.531515121459961,382800,0.0,0.0
2014-01-09 00:00:00-05:00,2.528671381035184,2.5372045040130615,2.522982451541206,2.5372045040130615,343100,0.0,0.0
2014-01-10 00:00:00-05:00,2.525826916288195,2.5428931622439506,2.525826916288195,2.5372045040130615,433900,0.0,0.0
2014-01-13 00:00:00-05:00,2.531515121459961,2.540048514173727,2.525826464247157,2.531515121459961,564900,0.0,0.0
2014-01-14 00:00:00-05:00,2.5343593354465512,2.5428924560546875,2.5286706787954647,2.5428924560546875,302300,0.0,0.0
2014-01-15 00:00:00-05:00,2.5542733373873086,2.559962272644043,2.5457402057655703,2.559962272644043,360800,0.0,0.0
2014-01-16 00:00:00-05:00,2.5514291410223047,2.559962272644043,2.5514291410223047,2.559962272644043,359800,0.0,0.0
2014-01-17 00:00:00-05:00,2.559958674819912,2.565647602081299,2.557114211189219,2.565647602081299,464100,0.0,0.0
2014-01-21 00:00:00-05:00,2.574181570700585,2.574181570700585,2.5372043450950676,2.5628039836883545,511900,0.0,0.0
2014-01-22 00:00:00-05:00,2.5628067402724106,2.5684954042657817,2.5485846733939375,2.559962272644043,304700,0.0,0.0
2014-01-23 00:00:00-05:00,2.559962272644043,2.559962272644043,2.537207074143832,2.559962272644043,354700,0.0,0.0
2014-01-24 00:00:00-05:00,2.542893657113915,2.542893657113915,2.5229829425363666,2.525827407836914,460400,0.0,0.0
2014-01-27 00:00:00-05:00,2.5258275673568837,2.531516227054107,2.4916947953840665,2.494539260864258,491400,0.0,0.0
2014-01-28 00:00:00-05:00,2.4945390059639787,2.5059165954589844,2.491694540774444,2.5059165954589844,490100,0.0,0.0
2014-01-29 00:00:00-05:00,2.488851414170511,2.4945403476092736,2.4831624807317487,2.4916958808898926,438500,0.0,0.0
2014-01-30 00:00:00-05:00,2.49738274823078,2.508760335668113,2.494538554818758,2.500227212905884,259600,0.0,0.0
2014-01-31 00:00:00-05:00,2.4803171064159737,2.5002278214618077,2.471783710313632,2.4973833560943604,336900,0.0,0.0
2014-02-03 00:00:00-05:00,2.496235913312002,2.5019745181449804,2.453197471591623,2.4618051052093506,496200,0.076,0.0
2014-02-04 00:00:00-05:00,2.4761512931925282,2.4847589266348207,2.453197421591927,2.479020595550537,272400,0.0,0.0
2014-02-05 00:00:00-05:00,2.4675440788269043,2.4761517137310785,2.461805473136268,2.4675440788269043,245400,0.0,0.0
2014-02-06 00:00:00-05:00,2.47328199083452,2.487628228992829,2.47328199083452,2.479020595550537,292000,0.0,0.0
2014-02-07 00:00:00-05:00,2.490497106262368,2.501974040103738,2.490497106262368,2.4991047382354736,251100,0.0,0.0
2014-02-10 00:00:00-05:00,2.5077123641967773,2.5077123641967773,2.490497100291837,2.5077123641967773,271900,0.0,0.0
2014-02-11 00:00:00-05:00,2.5048440165379655,2.5364058017730713,2.5048440165379655,2.5364058017730713,281200,0.0,0.0
2014-02-12 00:00:00-05:00,2.5335354804992676,2.5450124140721875,2.5306661786981173,2.5335354804992676,211300,0.0,0.0
2014-02-13 00:00:00-05:00,2.5249282166522615,2.5421434827043567,2.5249282166522615,2.5392744541168213,197900,0.0,0.0
2014-02-14 00:00:00-05:00,2.539274676895562,2.5564899444580083,2.539274676895562,2.556489944458008,338100,0.0,0.0
2014-02-18 00:00:00-05:00,2.565094844415531,2.5708334432414324,2.556487219808132,2.562225818634033,293700,0.0,0.0
2014-02-19 00:00:00-05:00,2.553620641987019,2.570836183181209,2.547882310676785,2.556489944458008,445400,0.0,0.0
2014-02-20 00:00:00-05:00,2.5593565192210828,2.567964143828482,2.556487219808132,2.562225818634033,324600,0.0,0.0
2014-02-21 00:00:00-05:00,2.567966454789376,2.59092032348669,2.556489520440719,2.5765740871429443,517800,0.0,0.0
2014-02-24 00:00:00-05:00,2.5765738680390675,2.602397036535548,2.5765738680390675,2.596658706665039,536300,0.0,0.0
2014-02-25 00:00:00-05:00,2.6023983955383305,2.6023983955383305,2.593790759421721,2.60239839553833,238600,0.0,0.0
2014-02-26 00:00:00-05:00,2.599526880246959,2.6081345081329346,2.5966575797411147,2.6081345081329346,303800,0.0,0.0
2014-02-27 00:00:00-05:00,2.6052656173706055,2.611004219284833,2.59378868717375,2.6052656173706055,331400,0.0,0.0
2014-02-28 00:00:00-05:00,2.5995272890879777,2.613873246610347,2.5995272890879777,2.6052656173706055,360700,0.0,0.0
2014-03-03 00:00:00-05:00,2.5925344821446297,2.595428002021317,2.5809606785791233,2.5838541984558105,334600,0.076,0.0
2014-03-04 00:00:00-05:00,2.6041089760755822,2.6185763033531546,2.598321934788027,2.6070024967193604,307400,0.0,0.0
2014-03-05 00:00:00-05:00,2.6012149926951125,2.604108512824155,2.595428228378296,2.595428228378296,177600,0.0,0.0
2014-03-06 00:00:00-05:00,2.601215440402226,2.6185762882232666,2.601215440402226,2.6185762882232666,305700,0.0,0.0
2014-03-07 00:00:00-05:00,2.6127895909312024,2.618576632947159,2.5925354957580566,2.5925354957580566,359000,0.0,0.0
2014-03-10 00:00:00-04:00,2.595429146298986,2.601215912662398,2.5867485828418206,2.5983223915100098,245200,0.0,0.0
2014-03-11 00:00:00-04:00,2.604108512824155,2.609895553082239,2.5867476679911694,2.595428228378296,289700,0.0,0.0
2014-03-12 00:00:00-04:00,2.5925356251465974,2.601215912662398,2.5838553376307973,2.5983223915100098,236900,0.0,0.0
2014-03-13 00:00:00-04:00,2.604108285710136,2.61857560915233,2.578067158702436,2.5838541984558105,298300,0.0,0.0
2014-03-14 00:00:00-04:00,2.578067158702436,2.5925344821446297,2.578067158702436,2.5838541984558105,178400,0.0,0.0
2014-03-17 00:00:00-04:00,2.586747169494629,2.6070015305534033,2.580960406292989,2.586747169494629,369300,0.0,0.0
2014-03-18 00:00:00-04:00,2.5954286750894227,2.6185762882232666,2.5954286750894227,2.6185762882232666,349200,0.0,0.0
2014-03-19 00:00:00-04:00,2.6214708375466294,2.630151126892741,2.6041099829129832,2.6156837940216064,298300,0.0,0.0
2014-03-20 00:00:00-04:00,2.6041107465114655,2.627258375516247,2.6012172239004916,2.6243648529052734,237400,0.0,0.0
2014-03-21 00:00:00-04:00,2.6243620365675513,2.6388293581552897,2.6098949909210205,2.6098949909210205,334600,0.0,0.0
2014-03-24 00:00:00-04:00,2.618577095754618,2.6272573843713567,2.6012162425797416,2.604109764099121,368600,0.0,0.0
2014-03-25 00:00:00-04:00,2.612789246969148,2.6185762882232666,2.6070024816563446,2.6185762882232666,278800,0.0,0.0
2014-03-26 00:00:00-04:00,2.6243636431490867,2.635937452316284,2.62147039781332,2.635937452316284,307400,0.0,0.0
2014-03-27 00:00:00-04:00,2.6330442982957263,2.644618107864309,2.6330442982957263,2.6417245864868164,342100,0.0,0.0
2014-03-28 00:00:00-04:00,2.6417233098193624,2.6619773977908285,2.6417233098193624,2.6561906337738037,287900,0.0,0.0
2014-03-31 00:00:00-04:00,2.659084247562847,2.6677648087073136,2.659084247562847,2.661977767944336,435500,0.0,0.0
2014-04-01 00:00:00-04:00,2.669563343249386,2.67831621064612,2.6666459990236007,2.675398588180542,236600,0.076,0.0
2014-04-02 00:00:00-04:00,2.672480583190918,2.6783158272868492,2.6637279952867736,2.672480583190918,527300,0.0,0.0
2014-04-03 00:00:00-04:00,2.6812337993199753,2.6812337993199753,2.6666462421417236,2.6666462421417236,294300,0.0,0.0
2014-04-04 00:00:00-04:00,2.6958203784887043,2.6958203784887043,2.649139549495951,2.65205717086792,368600,0.0,0.0
2014-04-07 00:00:00-04:00,2.652059935629754,2.663730155044099,2.6433073406289895,2.654977560043335,448700,0.0,0.0
2014-04-08 00:00:00-04:00,2.652058589180039,2.6695637702941895,2.6491409662477343,2.6695637702941895,300800,0.0,0.0
2014-04-09 00:00:00-04:00,2.678317907034078,2.6987407207489014,2.678317907034078,2.6987407207489014,734400,0.0,0.0
2014-04-10 00:00:00-04:00,2.6841514056126066,2.6958216182276247,2.6783164384250053,2.692903995513916,555400,0.0,0.0
2014-04-11 00:00:00-04:00,2.6870681727992896,2.6870681727992896,2.6695627203303585,2.6812329292297363,356300,0.0,0.0
2014-04-14 00:00:00-04:00,2.6870697498093516,2.6958223420607483,2.6753995340608596,2.684152126312256,419000,0.0,0.0
2014-04-15 00:00:00-04:00,2.6899857945840657,2.6899857945840657,2.6666453767853096,2.6812329292297363,316300,0.0,0.0
2014-04-16 00:00:00-04:00,2.6870703962466944,2.7133284575577625,2.6870703962466944,2.7104108333587646,370600,0.0,0.0
2014-04-17 00:00:00-04:00,2.710407879109756,2.7220780849456783,2.710407879109756,2.7220780849456787,149200,0.0,0.0
2014-04-21 00:00:00-04:00,2.7191620366154643,2.7279149047345657,2.7162446921489125,2.7249972820281982,302300,0.0,0.0
2014-04-22 00:00:00-04:00,2.7279156130533315,2.7366682052052775,2.7220803661254425,2.733750581741333,321500,0.0,0.0
2014-04-23 00:00:00-04:00,2.733750581741333,2.742503173893279,2.724997989589387,2.733750581741333,407800,0.0,0.0
2014-04-24 00:00:00-04:00,2.7395844891896415,2.7395844891896415,2.7279142792797284,2.7308316230773926,298300,0.0,0.0
2014-04-25 00:00:00-04:00,2.7337486728099374,2.7425012588500977,2.7279137081963953,2.7425012588500977,340000,0.0,0.0
2014-04-28 00:00:00-04:00,2.7483387861820567,2.7570913794975622,2.733750945162931,2.754173755645752,417900,0.0,0.0
2014-04-29 00:00:00-04:00,2.7600077638872667,2.768760353272166,2.7570901413457,2.762925386428833,250300,0.0,0.0
2014-04-30 00:00:00-04:00,2.7658427307305993,2.768760353272166,2.7541725188041335,2.762925386428833,341900,0.0,0.0
2014-05-01 00:00:00-04:00,2.761749974123882,2.7735146056013567,2.7588087461317783,2.770573377609253,200600,0.076,0.0
2014-05-02 00:00:00-04:00,2.770573092968361,2.773514320658291,2.7588084626995513,2.764690637588501,252700,0.0,0.0
2014-05-05 00:00:00-04:00,2.761747266652617,2.7735118865966797,2.749982646708555,2.7735118865966797,426500,0.0,0.0
2014-05-06 00:00:00-04:00,2.764690637588501,2.773514320658291,2.7588084626995513,2.764690637588501,289200,0.0,0.0
2014-05-07 00:00:00-04:00,2.7705732272003316,2.7764554023742676,2.758808596361535,2.7764554023742676,420600,0.0,0.0
2014-05-08 00:00:00-04:00,2.776453639071529,2.782336091000493,2.773512693597793,2.7793948650360107,314500,0.0,0.0
2014-05-09 00:00:00-04:00,2.7823368551216814,2.7911602549475765,2.7764544015772024,2.785278081893921,281200,0.0,0.0
2014-05-12 00:00:00-04:00,2.785277316964975,2.794100714367674,2.773512693597793,2.7793948650360107,499400,0.0,0.0
2014-05-13 00:00:00-04:00,2.7764528312146965,2.7793940563233783,2.761747266652617,2.7735118865966797,319600,0.0,0.0
2014-05-14 00:00:00-04:00,2.7646906679454784,2.7911611564636805,2.7646906679454784,2.788219928741455,407700,0.0,0.0
2014-05-15 00:00:00-04:00,2.7852789815101433,2.7882199287414546,2.770573123389929,2.788219928741455,344200,0.0,0.0
2014-05-16 00:00:00-04:00,2.7882191182102996,2.7941015719447297,2.7793957180994857,2.7911603450775146,531100,0.0,0.0
2014-05-19 00:00:00-04:00,2.794101524636652,2.81468955137691,2.7911602978192356,2.7999839782714844,516700,0.0,0.0
2014-05-20 00:00:00-04:00,2.799984774200545,2.817631579139701,2.79704354654705,2.814690351486206,373100,0.0,0.0
2014-05-21 00:00:00-04:00,2.823512645429925,2.838218215481235,2.817630193016786,2.829394817352295,679100,0.0,0.0
2014-05-22 00:00:00-04:00,2.8352776478498827,2.8441010471554233,2.829395194652318,2.8411598205566406,353200,0.0,0.0
2014-05-23 00:00:00-04:00,2.841159199665129,2.844100425621152,2.8293945763317834,2.8382179737091064,299500,0.0,0.0
2014-05-27 00:00:00-04:00,2.838219458050707,2.847043140533415,2.820572654067076,2.8352785110473633,538800,0.0,0.0
2014-05-28 00:00:00-04:00,2.826455618712276,2.8529261125785537,2.8235146708867775,2.849984884262085,449100,0.0,0.0
2014-05-29 00:00:00-04:00,2.8499825474205367,2.8646883964538574,2.8441003761016526,2.8646883964538574,351500,0.0,0.0
2014-05-30 00:00:00-04:00,2.861746982502821,2.876452830569816,2.8529235858589126,2.870570659637451,417100,0.0,0.0
2014-06-02 00:00:00-04:00,2.8693848978501677,2.878277540206909,2.860491972801423,2.878277540206909,279500,0.076,0.0
2014-06-03 00:00:00-04:00,2.8664207145824196,2.8753133573272085,2.8515994548797607,2.8515994548797607,379900,0.0,0.0
2014-06-04 00:00:00-04:00,2.8604920976245496,2.8604920976245496,2.8456711206139067,2.8515994548797607,391200,0.0,0.0
2014-06-05 00:00:00-04:00,2.8604950996067844,2.8604950996067844,2.851602447529491,2.8575310707092285,345600,0.0,0.0
2014-06-06 00:00:00-04:00,2.8545667591193595,2.8604950996067844,2.851602447529491,2.8575310707092285,244800,0.0,0.0
2014-06-09 00:00:00-04:00,2.8604929560553285,2.8604929560553285,2.8189937556644384,2.821958065032959,437400,0.0,0.0
2014-06-10 00:00:00-04:00,2.8249235870374276,2.836780548095703,2.821959558792047,2.836780548095703,352800,0.0,0.0
2014-06-11 00:00:00-04:00,2.830851502866276,2.836779840570694,2.827887192667977,2.833815813064575,208700,0.0,0.0
2014-06-12 00:00:00-04:00,2.842708460967292,2.845672771165591,2.824922882469678,2.833815813064575,236500,0.0,0.0
2014-06-13 00:00:00-04:00,2.8308522701263428,2.84270923144101,2.8249236481228808,2.8308522701263428,267900,0.0,0.0
2014-06-16 00:00:00-04:00,2.833814513310981,2.8427071571350098,2.833814513310981,2.8427071571350098,263700,0.0,0.0
2014-06-17 00:00:00-04:00,2.8367785394576237,2.8427071571350098,2.833814513310981,2.8427071571350098,318800,0.0,0.0
2014-06-18 00:00:00-04:00,2.8367785394576237,2.8427071571350098,2.8249215867949022,2.8427071571350098,291500,0.0,0.0
2014-06-19 00:00:00-04:00,2.8456711206139067,2.8545637633586955,2.836778195177102,2.8515994548797607,427400,0.0,0.0
2014-06-20 00:00:00-04:00,2.8664223771693234,2.8723507148737415,2.824922882469678,2.833815813064575,314100,0.0,0.0
2014-06-23 00:00:00-04:00,2.824920415878296,2.830849031098298,2.813063468130225,2.824920415878296,380700,0.0,0.0
2014-06-24 00:00:00-04:00,2.8367771610312675,2.8397414684295654,2.8308488289265843,2.8397414684295654,236100,0.0,0.0
2014-06-25 00:00:00-04:00,2.8367804017450102,2.8634586334228516,2.8308520628678435,2.8634586334228516,371500,0.0,0.0
2014-06-26 00:00:00-04:00,2.860493002890052,2.8634573123071076,2.8516003573309914,2.854564666748047,291100,0.0,0.0
2014-06-27 00:00:00-04:00,2.854565983760983,2.8634586334228516,2.8486373621915804,2.8634586334228516,354600,0.0,0.0
2014-06-30 00:00:00-04:00,2.8634572808414323,2.875314235687256,2.8604929714569507,2.875314235687256,332300,0.0,0.0
2014-07-01 00:00:00-04:00,2.8741201360803936,2.886070728302002,2.8681449824318865,2.886070728302002,360600,0.076,0.0
2014-07-02 00:00:00-04:00,2.880095297242733,2.8830827313169403,2.832292648036058,2.8532063961029053,506100,0.0,0.0
2014-07-03 00:00:00-04:00,2.8651561735885624,2.8651561735885624,2.850217867761118,2.8561933040618896,201800,0.0,0.0
2014-07-07 00:00:00-04:00,2.8502167208544,2.85320443780255,2.83826613798617,2.84722900390625,425800,0.0,0.0
2014-07-08 00:00:00-04:00,2.8472273980771625,2.862165689468384,2.829301676347064,2.862165689468384,417500,0.0,0.0
2014-07-09 00:00:00-04:00,2.8532048737561055,2.8771060431445292,2.8412542890618937,2.8651554584503174,355100,0.0,0.0
2014-07-10 00:00:00-04:00,2.865156317039382,2.877106905314775,2.850218010464016,2.8681440353393555,388900,0.0,0.0
2014-07-11 00:00:00-04:00,2.877108715367261,2.886071590981424,2.868145839753099,2.880096435546875,570500,0.0,0.0
2014-07-14 00:00:00-04:00,2.8860700607034095,2.895032931565198,2.8800949084370595,2.892045497894287,380900,0.0,0.0
2014-07-15 00:00:00-04:00,2.8980183015923497,2.8980183015923497,2.868141994623451,2.883080005645752,386600,0.0,0.0
2014-07-16 00:00:00-04:00,2.883081106262976,2.898019407912275,2.8741182392431583,2.895031690597534,263700,0.0,0.0
2014-07-17 00:00:00-04:00,2.8920450673295157,2.898020218706291,2.8741190433502197,2.8741190433502197,270600,0.0,0.0
2014-07-18 00:00:00-04:00,2.8830817242168476,2.898020029067993,2.8800942911861918,2.898020029067993,174600,0.0,0.0
2014-07-21 00:00:00-04:00,2.8950336012370594,2.8950336012370594,2.8830830090154516,2.886070728302002,213200,0.0,0.0
2014-07-22 00:00:00-04:00,2.8950323111128706,2.9010077470231153,2.8890571601270922,2.898020029067993,287400,0.0,0.0
2014-07-23 00:00:00-04:00,2.89802031565038,2.915946340229335,2.8950325973998052,2.9129586219787598,340500,0.0,0.0
2014-07-24 00:00:00-04:00,2.9159449594794675,2.9189326763153076,2.9099695258077882,2.9189326763153076,202800,0.0,0.0
2014-07-25 00:00:00-04:00,2.9159447631032442,2.921919911448164,2.9069816131993544,2.9099693298339844,254700,0.0,0.0
2014-07-28 00:00:00-04:00,2.915946051874261,2.915946051874261,2.8950323111128706,2.898020029067993,273800,0.0,0.0
2014-07-29 00:00:00-04:00,2.903995420063713,2.921921157668266,2.903995420063713,2.9159460067749023,352700,0.0,0.0
2014-07-30 00:00:00-04:00,2.921921157668266,2.921921157668266,2.906982853048164,2.9159460067749023,321000,0.0,0.0
2014-07-31 00:00:00-04:00,2.906983913457995,2.9099716324567684,2.8532063961029053,2.8532063961029053,516800,0.0,0.0
2014-08-01 00:00:00-04:00,2.8520015505052037,2.8670596938505497,2.8158621788024902,2.8158621788024902,391200,0.076,0.0
2014-08-04 00:00:00-04:00,2.830920034937641,2.8339317210487494,2.797792349346036,2.8158621788024902,343900,0.0,0.0
2014-08-05 00:00:00-04:00,2.812851760897513,2.815863448366475,2.7887588355664685,2.7947819232940674,383600,0.0,0.0
2014-08-06 00:00:00-04:00,2.791768973918015,2.791768973918015,2.683350582877989,2.758641004562378,819100,0.0,0.0
2014-08-07 00:00:00-04:00,2.7646638182850483,2.7797216698153164,2.755628762714758,2.776710271835327,215600,0.0,0.0
2014-08-08 00:00:00-04:00,2.767676740519705,2.7857465744018555,2.767676740519705,2.7857465744018555,153200,0.0,0.0
2014-08-11 00:00:00-04:00,2.800802935197558,2.8218841552734375,2.794779565341545,2.8218841552734375,273200,0.0,0.0
2014-08-12 00:00:00-04:00,2.824895840201444,2.8369422927033874,2.794779565341545,2.8218841552734375,633000,0.0,0.0
2014-08-13 00:00:00-04:00,2.8309193423150085,2.870070390549998,2.815861489863965,2.8670589923858643,391000,0.0,0.0
2014-08-14 00:00:00-04:00,2.8700691388525366,2.882115587885737,2.8489879248469356,2.858022689819336,338300,0.0,0.0
2014-08-15 00:00:00-04:00,2.858023194098012,2.864046563282395,2.8309186071883916,2.839953660964966,297900,0.0,0.0
2014-08-18 00:00:00-04:00,2.8459782945544054,2.8610364385149465,2.8459782945544054,2.852001667022705,347700,0.0,0.0
2014-08-19 00:00:00-04:00,2.8640472931117116,2.8881402015686035,2.858023922392427,2.8881402015686035,324500,0.0,0.0
2014-08-20 00:00:00-04:00,2.9001873549602175,2.9092221260070796,2.891152583913355,2.90922212600708,463100,0.0,0.0
2014-08-21 00:00:00-04:00,2.9062101840972896,2.915245241559019,2.900187099666305,2.90621018409729,448000,0.0,0.0
2014-08-22 00:00:00-04:00,2.9062101840972896,2.9122335557384424,2.894163728025152,2.90621018409729,303600,0.0,0.0
2014-08-25 00:00:00-04:00,2.906209390174711,2.92427921295166,2.906209390174711,2.92427921295166,219600,0.0,0.0
2014-08-26 00:00:00-04:00,2.9242809972961714,2.9363274574279785,2.918257623625136,2.9363274574279785,336200,0.0,0.0
2014-08-27 00:00:00-04:00,2.9363280312582853,2.9453628063201904,2.9242815687723054,2.9453628063201904,252800,0.0,0.0
2014-08-28 00:00:00-04:00,2.9303040837569427,2.939339144263496,2.9242809972961714,2.9363274574279785,371800,0.0,0.0
2014-08-29 00:00:00-04:00,2.9303021988756925,2.939337253570557,2.9122326639061233,2.9393372535705566,290900,0.0,0.0
2014-09-02 00:00:00-04:00,2.9350881533396302,2.9381234742383047,2.9047355232811487,2.913841485977173,317000,0.076,0.0
2014-09-03 00:00:00-04:00,2.913841485977173,2.922947159209064,2.9047355232811487,2.913841485977173,310300,0.0,0.0
2014-09-04 00:00:00-04:00,2.910807153768368,2.922948152022767,2.904736509909053,2.916877508163452,335900,0.0,0.0
2014-09-05 00:00:00-04:00,2.916876080661056,2.919911401105245,2.8986647369241,2.9047350883483887,274500,0.0,0.0
2014-09-08 00:00:00-04:00,2.898665898141983,2.898665898141983,2.8834895793054285,2.8895602226257324,216100,0.0,0.0
2014-09-09 00:00:00-04:00,2.8895602226257324,2.895630576481831,2.8834895793054285,2.8895602226257324,182800,0.0,0.0
2014-09-10 00:00:00-04:00,2.9017014742812863,2.9077718286697545,2.8834898321874203,2.8865251541137695,323900,0.0,0.0
2014-09-11 00:00:00-04:00,2.874382282471982,2.8956289431802933,2.874382282471982,2.8804526329040527,398600,0.0,0.0
2014-09-12 00:00:00-04:00,2.8804540704995287,2.8865247134254175,2.862242720650237,2.8683130741119385,279700,0.0,0.0
2014-09-15 00:00:00-04:00,2.877418045344086,2.8804533660647214,2.859206699948504,2.865277051925659,328800,0.0,0.0
2014-09-16 00:00:00-04:00,2.8622415270467783,2.8956291808233847,2.8622415270467783,2.8925938606262207,248700,0.0,0.0
2014-09-17 00:00:00-04:00,2.8956315517425537,2.901702197107476,2.883490550477012,2.8956315517425537,202200,0.0,0.0
2014-09-18 00:00:00-04:00,2.901700491846607,2.9168765174117146,2.895629850049257,2.913841485977173,274800,0.0,0.0
2014-09-19 00:00:00-04:00,2.9108057127655673,2.9229467050095326,2.8956294000945886,2.9199113845825195,312900,0.0,0.0
2014-09-22 00:00:00-04:00,2.919912817907832,2.9259834617418137,2.8956308215003674,2.8986661434173584,218100,0.0,0.0
2014-09-23 00:00:00-04:00,2.8865251541137695,2.910807150596104,2.8865251541137695,2.8865251541137695,302200,0.0,0.0
2014-09-24 00:00:00-04:00,2.8865237446114334,2.907770408792578,2.8865237446114334,2.9047350883483887,231100,0.0,0.0
2014-09-25 00:00:00-04:00,2.901701489371805,2.9047365218497077,2.874384170821055,2.8834898471832275,230300,0.0,0.0
2014-09-26 00:00:00-04:00,2.8834898232966353,2.901701465334349,2.874384147009893,2.8986661434173584,234800,0.0,0.0
2014-09-29 00:00:00-04:00,2.8834898232966353,2.8986661434173584,2.877419179462654,2.8986661434173584,227100,0.0,0.0
2014-09-30 00:00:00-04:00,2.898665238255849,2.901700559225005,2.8440306186676025,2.8440306186676025,635300,0.0,0.0
2014-10-01 00:00:00-04:00,2.8458662455212895,2.8458662455212895,2.8122052758905443,2.815265417098999,296600,0.076,0.0
2014-10-02 00:00:00-04:00,2.8091465507053126,2.8122064013071606,2.769365574568841,2.7938461303710938,381800,0.0,0.0
2014-10-03 00:00:00-04:00,2.8030251440963085,2.824445548893235,2.7999650028878538,2.815265417098999,287100,0.0,0.0
2014-10-06 00:00:00-04:00,2.824447332923449,2.8336277623475277,2.799966771455198,2.8030269145965576,251800,0.0,0.0
2014-10-07 00:00:00-04:00,2.806087057737917,2.815267195330683,2.796906920145151,2.8030269145965576,217300,0.0,0.0
2014-10-08 00:00:00-04:00,2.803024232154361,2.818324641387638,2.781603834326393,2.812204360961914,374700,0.0,0.0
2014-10-09 00:00:00-04:00,2.8122061070368,2.8152662491496785,2.772425426894239,2.7754852771759033,309100,0.0,0.0
2014-10-10 00:00:00-04:00,2.772424910162876,2.7785449014167596,2.6806227067053476,2.7204036712646484,573800,0.0,0.0
2014-10-13 00:00:00-04:00,2.7204045806629944,2.729584716528208,2.6194222106518756,2.6224820613861084,571500,0.0,0.0
2014-10-14 00:00:00-04:00,2.622481068767345,2.643901766786706,2.6102407949696302,2.6255412101745605,593200,0.0,0.0
2014-10-15 00:00:00-04:00,2.610241801329678,2.610241801329678,2.5061992880206825,2.564340829849243,1002200,0.0,0.0
2014-10-16 00:00:00-04:00,2.549040081821906,2.6408423048400738,2.530679812317006,2.6286020278930664,602900,0.0,0.0
2014-10-17 00:00:00-04:00,2.6500222578419197,2.717343922348846,2.646962115857241,2.677562952041626,473800,0.0,0.0
2014-10-20 00:00:00-04:00,2.6653222972317243,2.695923129068189,2.6653222972317243,2.6928629875183105,348500,0.0,0.0
2014-10-21 00:00:00-04:00,2.7142853619898966,2.769366782485489,2.705105222517755,2.7663066387176514,296700,0.0,0.0
2014-10-22 00:00:00-04:00,2.772424081869751,2.775483930666948,2.754063529931204,2.760183811187744,226600,0.0,0.0
2014-10-23 00:00:00-04:00,2.772425426894239,2.796905980134837,2.769365284781361,2.7754852771759033,247200,0.0,0.0
2014-10-24 00:00:00-04:00,2.7632458288585786,2.7846665382385254,2.7510055485691667,2.7846665382385254,211300,0.0,0.0
2014-10-27 00:00:00-04:00,2.7785463531283066,2.806087057737917,2.7693662155355403,2.8030269145965576,203000,0.0,0.0
2014-10-28 00:00:00-04:00,2.8122070718974155,2.827507495880127,2.8122070718974155,2.827507495880127,178200,0.0,0.0
2014-10-29 00:00:00-04:00,2.8336271972445517,2.839747190475464,2.809146640658395,2.839747190475464,282000,0.0,0.0
2014-10-30 00:00:00-04:00,2.8366863147007564,2.8397461642948674,2.815265616555087,2.8183257579803467,248200,0.0,0.0
2014-10-31 00:00:00-04:00,2.8275069121823853,2.84586747553763,2.815266633889307,2.839747190475464,247500,0.0,0.0
2014-11-03 00:00:00-05:00,2.8354276363082467,2.8601106296717513,2.8323425195986687,2.8508543968200684,211000,0.076,0.0
2014-11-04 00:00:00-05:00,2.8508541308127864,2.8508541308127864,2.8138300855836413,2.8230860233306885,259200,0.0,0.0
2014-11-05 00:00:00-05:00,2.8292575422019266,2.8292575422019266,2.816916190749484,2.8200016021728516,221200,0.0,0.0
2014-11-06 00:00:00-05:00,2.8138296918894987,2.8477683217074867,2.8076591656684617,2.84159779548645,326400,0.0,0.0
2014-11-07 00:00:00-05:00,2.826173124297945,2.8292585368059657,2.8076612377320846,2.8169171810150146,301400,0.0,0.0
2014-11-10 00:00:00-05:00,2.8138305547865596,2.8200013771408723,2.78297732573801,2.7891478538513184,355500,0.0,0.0
2014-11-11 00:00:00-05:00,2.7829773843911636,2.813830614089966,2.7829773843911636,2.813830614089966,293200,0.0,0.0
2014-11-12 00:00:00-05:00,2.7953187351188866,2.8200014365743327,2.792233323876703,2.813830614089966,355500,0.0,0.0
2014-11-13 00:00:00-05:00,2.8076591172168808,2.813829643331433,2.7798910140991215,2.779891014099121,448700,0.0,0.0
2014-11-14 00:00:00-05:00,2.7768056746911802,2.7922324317320926,2.767549738163,2.7737202644348145,484700,0.0,0.0
2014-11-17 00:00:00-05:00,2.7737206421190037,2.776806052795495,2.7521233558654785,2.7521233558654785,554200,0.0,0.0
2014-11-18 00:00:00-05:00,2.7582944195222963,2.7829774154946185,2.7582944195222963,2.776806592941284,364500,0.0,0.0
2014-11-19 00:00:00-05:00,2.7768048549844178,2.786060788780267,2.767548921188569,2.782975673675537,351900,0.0,0.0
2014-11-20 00:00:00-05:00,2.7675493118744208,2.7953174114227295,2.7675493118744208,2.7953174114227295,317600,0.0,0.0
2014-11-21 00:00:00-05:00,2.8169160253321492,2.8200014365743327,2.8076600858466096,2.813830614089966,238600,0.0,0.0
2014-11-24 00:00:00-05:00,2.8138320647803283,2.8200028904461067,2.8045761205228237,2.807661533355713,280800,0.0,0.0
2014-11-25 00:00:00-05:00,2.8076600858466096,2.8169160253321492,2.804574674604426,2.813830614089966,247600,0.0,0.0
2014-11-26 00:00:00-05:00,2.8138309627876774,2.8292577266693115,2.810745551163141,2.8292577266693115,226900,0.0,0.0
2014-11-28 00:00:00-05:00,2.8169163744122137,2.8292577266693115,2.8076604337796525,2.8292577266693115,124300,0.0,0.0
2014-12-01 00:00:00-05:00,2.809345296547748,2.818678883525943,2.7782342300536116,2.7813451290130615,309800,0.076,0.0
2014-12-02 00:00:00-05:00,2.7782341690598598,2.803123140388732,2.7782341690598598,2.796900749206543,182900,0.0,0.0
2014-12-03 00:00:00-05:00,2.7969017958660913,2.8124574829428877,2.7875685023000347,2.803124189376831,236100,0.0,0.0
2014-12-04 00:00:00-05:00,2.809345296547748,2.809345296547748,2.7720118387348154,2.7813451290130615,470300,0.0,0.0
2014-12-05 00:00:00-05:00,2.740901247880939,2.7782347121725066,2.740901247880939,2.7657902240753174,489400,0.0,0.0
2014-12-08 00:00:00-05:00,2.756456065186574,2.7595672607421875,2.7471227752196725,2.7595672607421875,288100,0.0,0.0
2014-12-09 00:00:00-05:00,2.728455531039861,2.7377888187345616,2.716010751847105,2.7315664291381836,367200,0.0,0.0
2014-12-10 00:00:00-05:00,2.7066788600963196,2.7284569382156136,2.6849010786770453,2.6942343711853027,327500,0.0,0.0
2014-12-11 00:00:00-05:00,2.6973439941632953,2.716010568291155,2.69423279957537,2.7004551887512207,298500,0.0,0.0
2014-12-12 00:00:00-05:00,2.6911224902540076,2.6973448814767647,2.6351224527489157,2.6413445472717285,488900,0.0,0.0
2014-12-15 00:00:00-05:00,2.6537888309159423,2.660011221664828,2.6008996963500977,2.6008996963500977,413500,0.0,0.0
2014-12-16 00:00:00-05:00,2.5822326028750906,2.5977882799472023,2.5573436382396566,2.563565731048584,518300,0.0,0.0
2014-12-17 00:00:00-05:00,2.5635672738458064,2.6071231365203857,2.5635672738458064,2.6071231365203857,456600,0.0,0.0
2014-12-18 00:00:00-05:00,2.6288998469729177,2.6662333011627197,2.6288998469729177,2.6662333011627197,317500,0.0,0.0
2014-12-19 00:00:00-05:00,2.6724569012315182,2.681790194827539,2.663123607635498,2.663123607635498,313200,0.0,0.0
2014-12-22 00:00:00-05:00,2.6631239924064185,2.672457287350923,2.6537904007618174,2.6569015979766846,355500,0.0,0.0
2014-12-23 00:00:00-05:00,2.6631210547754085,2.6724543394245694,2.647565382560294,2.6600098609924316,423000,0.0,0.0
2014-12-24 00:00:00-05:00,2.653788816432786,2.6724556918776465,2.653788816432786,2.6662333011627197,276200,0.0,0.0
2014-12-26 00:00:00-05:00,2.6693444965201834,2.6724556918776465,2.6600112071477127,2.6662333011627197,387400,0.0,0.0
2014-12-29 00:00:00-05:00,2.6555612227997565,2.6681170557940117,2.643005389805501,2.6524221897125244,576700,0.076,0.0
2014-12-30 00:00:00-05:00,2.6398656500600635,2.6430046823070166,2.6241707881798897,2.6367266178131104,696800,0.0,0.0
2014-12-31 00:00:00-05:00,2.621032996346964,2.6524224320228282,2.6116158962249756,2.6116158962249756,815000,0.0,0.0
2015-01-02 00:00:00-05:00,2.611615881880672,2.636727550025317,2.5990600478083494,2.6147549152374268,473200,0.0,0.0
2015-01-05 00:00:00-05:00,2.5896434906550962,2.6084773932123033,2.567670853800626,2.573948621749878,635000,0.0,0.0
2015-01-06 00:00:00-05:00,2.567670387514876,2.5739481543240936,2.5362806554047754,2.558253288269043,681600,0.0,0.0
2015-01-07 00:00:00-05:00,2.5802271823308733,2.5896439857323794,2.564532310425175,2.570810079574585,782900,0.0,0.0
2015-01-08 00:00:00-05:00,2.592782294690397,2.617893962972968,2.589643261316401,2.6116158962249756,331200,0.0,0.0
2015-01-09 00:00:00-05:00,2.624171203805288,2.624171203805288,2.592781774427964,2.6084766387939453,234300,0.0,0.0
2015-01-12 00:00:00-05:00,2.5990593499090293,2.6147542131237227,2.5708086559935044,2.583364486694336,252800,0.0,0.0
2015-01-13 00:00:00-05:00,2.586504425113835,2.5990602602122626,2.56139275491698,2.5676708221435547,247800,0.0,0.0
2015-01-14 00:00:00-05:00,2.5519740709269976,2.5613908654656874,2.5268624192541576,2.533140182495117,426500,0.0,0.0
2015-01-15 00:00:00-05:00,2.5488376628707177,2.5613935016294973,2.530004054409953,2.5362818241119385,468500,0.0,0.0
2015-01-16 00:00:00-05:00,2.526864283234985,2.57080955640212,2.526864283234985,2.5676708221435547,264900,0.0,0.0
2015-01-20 00:00:00-05:00,2.5739476885073667,2.6021983824228916,2.5582528252926733,2.583364486694336,356300,0.0,0.0
2015-01-21 00:00:00-05:00,2.5833646838898487,2.5927817821502686,2.5739478849840687,2.5927817821502686,192600,0.0,0.0
2015-01-22 00:00:00-05:00,2.599059323457266,2.6210322514760556,2.5896425253661355,2.6178932189941406,243600,0.0,0.0
2015-01-23 00:00:00-05:00,2.6084766447745262,2.6273102425731736,2.605337612023205,2.621032476425171,286400,0.0,0.0
2015-01-26 00:00:00-05:00,2.6147546720923827,2.6241714719322857,2.5990598061227645,2.602198839187622,332900,0.0,0.0
2015-01-27 00:00:00-05:00,2.592782526690853,2.5959215603457277,2.5739486241163303,2.5865044593811035,244600,0.0,0.0
2015-01-28 00:00:00-05:00,2.589643020379144,2.5959210865430324,2.5582532882690434,2.558253288269043,310100,0.0,0.0
2015-01-29 00:00:00-05:00,2.558253752844659,2.573948621749878,2.5488369512434184,2.573948621749878,269000,0.0,0.0
2015-01-30 00:00:00-05:00,2.5582546736136047,2.5770885829495267,2.551976903404853,2.5551159381866455,274500,0.0,0.0
2015-02-02 00:00:00-05:00,2.5696891726559077,2.579195022583008,2.5570150082623564,2.579195022583008,396700,0.076,0.0
2015-02-03 00:00:00-05:00,2.588700458889673,2.6077115535736084,2.5791949115477055,2.6077115535736084,334200,0.0,0.0
2015-02-04 00:00:00-05:00,2.59187077717672,2.6172191215158875,2.585533540003878,2.598207712173462,383500,0.0,0.0
2015-02-05 00:00:00-05:00,2.6077121316608363,2.623554915526803,2.5950379650032565,2.6203866004943848,279100,0.0,0.0
2015-02-06 00:00:00-05:00,2.614049230370917,2.626723396370526,2.6045436814151985,2.6108806133270264,326200,0.0,0.0
2015-02-09 00:00:00-05:00,2.601376613810476,2.604545232741668,2.5823652023994565,2.588702440261841,349300,0.0,0.0
2015-02-10 00:00:00-05:00,2.6013750643713083,2.6108806133270264,2.5950378302835273,2.6108806133270264,222300,0.0,0.0
2015-02-11 00:00:00-05:00,2.6013750643713083,2.614049230370917,2.5982064473274176,2.6108806133270264,255000,0.0,0.0
2015-02-12 00:00:00-05:00,2.6172178718353094,2.642566204071045,2.610880637688398,2.642566204071045,347800,0.0,0.0
2015-02-13 00:00:00-05:00,2.6425672826688977,2.65841007232666,2.6362300459353616,2.65841007232666,218300,0.0,0.0
2015-02-17 00:00:00-05:00,2.6615779873367815,2.677420774606555,2.620387163481818,2.645735502243042,479300,0.0,0.0
2015-02-18 00:00:00-05:00,2.6425647401113537,2.6552388992078386,2.6362275094752166,2.6520702838897705,330100,0.0,0.0
2015-02-19 00:00:00-05:00,2.655240058898926,2.6647456068289443,2.6489028254949663,2.655240058898926,204900,0.0,0.0
2015-02-20 00:00:00-05:00,2.658409282790562,2.671083450317383,2.648903430513454,2.671083450317383,213700,0.0,0.0
2015-02-23 00:00:00-05:00,2.6647464475193803,2.6774206161499023,2.6615778298177455,2.6774206161499023,240700,0.0,0.0
2015-02-24 00:00:00-05:00,2.674250264406948,2.6900930404663086,2.6679133352886963,2.6900930404663086,249900,0.0,0.0
2015-02-25 00:00:00-05:00,2.68375723268384,2.699600015362681,2.6805886157128826,2.6964313983917236,311100,0.0,0.0
2015-02-26 00:00:00-05:00,2.6932616561133442,2.6964302717603803,2.677418880053984,2.6900930404663086,249200,0.0,0.0
2015-02-27 00:00:00-05:00,2.690093685517076,2.702767848968506,2.6837567548793073,2.702767848968506,305000,0.0,0.0
2015-03-02 00:00:00-05:00,2.701490343616962,2.7078845500946045,2.682308333969128,2.7078845500946045,325200,0.076,0.0
2015-03-03 00:00:00-05:00,2.6982923363682683,2.6982923363682683,2.6759132309792926,2.6950955390930176,255200,0.0,0.0
2015-03-04 00:00:00-05:00,2.6855059559308083,2.6919001643694846,2.6727178439460957,2.6887030601501465,164900,0.0,0.0
2015-03-05 00:00:00-05:00,2.6887010165076375,2.7014891187722996,2.6887010165076375,2.6982920169830322,219100,0.0,0.0
2015-03-06 00:00:00-05:00,2.688703025676216,2.6950972340329074,2.6663239062130684,2.672717809677124,315700,0.0,0.0
2015-03-09 00:00:00-04:00,2.669518482808391,2.675912380218506,2.66632138165716,2.675912380218506,166800,0.0,0.0
2015-03-10 00:00:00-04:00,2.6567315630200206,2.663125463269834,2.6343521499144664,2.6407463550567627,313500,0.0,0.0
2015-03-11 00:00:00-04:00,2.643943275819164,2.6471400732780044,2.631154866413957,2.634351968765259,273800,0.0,0.0
2015-03-12 00:00:00-04:00,2.643944419343946,2.6695206394313344,2.6311560044076585,2.647141218185425,175900,0.0,0.0
2015-03-13 00:00:00-04:00,2.650337705403417,2.650337705403417,2.618367285284778,2.6215643882751465,267600,0.0,0.0
2015-03-16 00:00:00-04:00,2.6407472192026806,2.6471411215448053,2.6343530119679737,2.637550115585327,372900,0.0,0.0
2015-03-17 00:00:00-04:00,2.631154866413957,2.6375490711165606,2.6215638642525136,2.634351968765259,296500,0.0,0.0
2015-03-18 00:00:00-04:00,2.6279586248943323,2.67271684771122,2.6215644188390477,2.666322946548462,325400,0.0,0.0
2015-03-19 00:00:00-04:00,2.656731942358061,2.666322946548462,2.6535348393304186,2.666322946548462,180900,0.0,0.0
2015-03-20 00:00:00-04:00,2.6823091222121604,2.6823091222121604,2.6631268020347227,2.672717809677124,245600,0.0,0.0
2015-03-23 00:00:00-04:00,2.6727176540495168,2.6791118620338845,2.6663237509577673,2.669520854949951,279100,0.0,0.0
2015-03-24 00:00:00-04:00,2.6695195247338175,2.6855044269442567,2.6631253199356686,2.679110527038574,258000,0.0,0.0
2015-03-25 00:00:00-04:00,2.6823089660260684,2.6855057651256344,2.6663237509577673,2.669520854949951,297000,0.0,0.0
2015-03-26 00:00:00-04:00,2.66632138165716,2.6791094813697365,2.6535332819445836,2.675912380218506,426400,0.0,0.0
2015-03-27 00:00:00-04:00,2.6631268020347227,2.6759149138554696,2.6567328985706675,2.672717809677124,214300,0.0,0.0
2015-03-30 00:00:00-04:00,2.672715279067275,2.6887004799310823,2.672715279067275,2.675912380218506,229500,0.0,0.0
2015-03-31 00:00:00-04:00,2.6663227658789728,2.6887018757710126,2.659928560256958,2.659928560256958,699900,0.0,0.0
2015-04-01 00:00:00-04:00,2.671544237825698,2.671544237825698,2.6489588166435536,2.6586382389068604,273600,0.076,0.0
2015-04-02 00:00:00-04:00,2.661864699653791,2.6715441214956157,2.6586381231387586,2.6650912761688232,182600,0.0,0.0
2015-04-06 00:00:00-04:00,2.6457332006984764,2.684451211514154,2.6392803527475626,2.674771785736084,340800,0.0,0.0
2015-04-07 00:00:00-04:00,2.674769764870643,2.6909023341144054,2.671543189481258,2.681222915649414,210700,0.0,0.0
2015-04-08 00:00:00-04:00,2.6812217682780415,2.700580596923828,2.6779951942693994,2.700580596923828,195700,0.0,0.0
2015-04-09 00:00:00-04:00,2.7038085460662846,2.7070351217159354,2.68767597552122,2.703808546066284,175500,0.0,0.0
2015-04-10 00:00:00-04:00,2.7102600112467212,2.7102600112467212,2.694127756609577,2.700580596923828,229100,0.0,0.0
2015-04-13 00:00:00-04:00,2.7005817525793963,2.707034903358167,2.671543189481258,2.681222915649414,260100,0.0,0.0
2015-04-14 00:00:00-04:00,2.681223233208978,2.694129228591919,2.671543505894371,2.694129228591919,232800,0.0,0.0
2015-04-15 00:00:00-04:00,2.694130919516226,2.7134897708892822,2.694130919516226,2.7134897708892822,303300,0.0,0.0
2015-04-16 00:00:00-04:00,2.7070351563851123,2.7231674194335938,2.703808580694138,2.7231674194335938,192600,0.0,0.0
2015-04-17 00:00:00-04:00,2.707035553286016,2.716714974074924,2.697355824793869,2.710261821746826,275200,0.0,0.0
2015-04-20 00:00:00-04:00,2.7231674194335938,2.7328471465065154,2.7199411514458136,2.7231674194335938,204800,0.0,0.0
2015-04-21 00:00:00-04:00,2.72639446083936,2.7360738818624983,2.7199416160583496,2.7199416160583496,239700,0.0,0.0
2015-04-22 00:00:00-04:00,2.7328468743949625,2.7425262928009033,2.723167148285858,2.7425262928009033,327900,0.0,0.0
2015-04-23 00:00:00-04:00,2.7392991851093496,2.7457523345947266,2.7328463433270764,2.7457523345947266,349900,0.0,0.0
2015-04-24 00:00:00-04:00,2.7457536039773576,2.761886177445907,2.7457536039773576,2.758659601211548,268200,0.0,0.0
2015-04-27 00:00:00-04:00,2.7586595436754657,2.7715655406404816,2.7586595436754657,2.7618861198425293,347500,0.0,0.0
2015-04-28 00:00:00-04:00,2.7618859597310443,2.774791955947876,2.752206231791004,2.774791955947876,374600,0.0,0.0
2015-04-29 00:00:00-04:00,2.7586603426320284,2.781245766936132,2.7586603426320284,2.7780191898345947,307300,0.0,0.0
2015-04-30 00:00:00-04:00,2.7715655406404816,2.77801838527137,2.7586595436754657,2.7618861198425293,440800,0.0,0.0
2015-05-01 00:00:00-04:00,2.773605571994267,2.7801162214072974,2.7638391321852396,2.767094612121582,388100,0.076,0.0
2015-05-04 00:00:00-04:00,2.7768612079384,2.7768612079384,2.7605841159820557,2.7605841159820557,289600,0.0,0.0
2015-05-05 00:00:00-04:00,2.7638396257560323,2.767095106273744,2.7410518830514734,2.7508180141448975,265400,0.0,0.0
2015-05-06 00:00:00-04:00,2.750817976285739,2.757328937231552,2.718264102935791,2.718264102935791,299700,0.0,0.0
2015-05-07 00:00:00-04:00,2.724774962468859,2.731285923914198,2.7150088307605795,2.7280304431915283,214900,0.0,0.0
2015-05-08 00:00:00-04:00,2.7345407974294,2.754073369186046,2.7345407974294,2.7475624084472656,402200,0.0,0.0
2015-05-11 00:00:00-04:00,2.7345397870846764,2.747561393291381,2.7312846183776855,2.7312846183776855,315700,0.0,0.0
2015-05-12 00:00:00-04:00,2.728030413426962,2.741052025715837,2.7215194520526613,2.7377965450286865,227700,0.0,0.0
2015-05-13 00:00:00-04:00,2.7345392862370645,2.747560890058783,2.7345392862370645,2.7410502433776855,301400,0.0,0.0
2015-05-14 00:00:00-04:00,2.750818204192938,2.7768614292144775,2.750818204192938,2.7768614292144775,423900,0.0,0.0
2015-05-15 00:00:00-04:00,2.78337170134364,2.78337170134364,2.757328482772209,2.767094612121582,421800,0.0,0.0
2015-05-18 00:00:00-04:00,2.7670947099104737,2.7833717997077625,2.7670947099104737,2.780116319656372,318500,0.0,0.0
2015-05-19 00:00:00-04:00,2.780116319656372,2.7833717997077625,2.7670947099104737,2.780116319656372,264500,0.0,0.0
2015-05-20 00:00:00-04:00,2.7736054052908394,2.789882183074951,2.767094445809486,2.789882183074951,331700,0.0,0.0
2015-05-21 00:00:00-04:00,2.7833724967191853,2.796394109725952,2.7833724967191853,2.796394109725952,331200,0.0,0.0
2015-05-22 00:00:00-04:00,2.7963929438643804,2.7963929438643804,2.7768603772678024,2.7866268157958984,277700,0.0,0.0
2015-05-26 00:00:00-04:00,2.7801144161464713,2.786625371791282,2.7475602588413217,2.7638373374938965,261900,0.0,0.0
2015-05-27 00:00:00-04:00,2.7638392298590833,2.780116319656372,2.7605837498076924,2.780116319656372,217800,0.0,0.0
2015-05-28 00:00:00-04:00,2.7768606285489073,2.7801161083528645,2.7670944995966775,2.7703499794006348,339700,0.0,0.0
2015-05-29 00:00:00-04:00,2.7736057131578886,2.7768608828002495,2.754073143005371,2.754073143005371,267900,0.0,0.0
2015-06-01 00:00:00-04:00,2.7560431957244873,2.7626128613869207,2.7461882273200797,2.7560431957244873,272500,0.076,0.0
2015-06-02 00:00:00-04:00,2.7593274116516113,2.7593274116516113,2.742903093598253,2.7593274116516113,223500,0.0,0.0
2015-06-03 00:00:00-04:00,2.765897850855057,2.765897850855057,2.749473216788216,2.7560431957244873,199500,0.0,0.0
2015-06-04 00:00:00-04:00,2.756044552572096,2.7626142214688887,2.736334919333731,2.7429049015045166,328300,0.0,0.0
2015-06-05 00:00:00-04:00,2.736334919333731,2.7429049015045166,2.7330499282483385,2.7429049015045166,243400,0.0,0.0
2015-06-08 00:00:00-04:00,2.7330477061466576,2.736332694561194,2.723193054176787,2.7297630310058594,254700,0.0,0.0
2015-06-09 00:00:00-04:00,2.7297652366590226,2.733049914453844,2.719910263452585,2.72648024559021,217100,0.0,0.0
2015-06-10 00:00:00-04:00,2.7231948102493115,2.7494741079645277,2.7231948102493115,2.7461891174316406,236000,0.0,0.0
2015-06-11 00:00:00-04:00,2.7527582062563516,2.759327871918785,2.749473216788216,2.7560431957244873,129700,0.0,0.0
2015-06-12 00:00:00-04:00,2.746189400371784,2.749474391243124,2.739619731903076,2.739619731903076,160600,0.0,0.0
2015-06-15 00:00:00-04:00,2.7363347410317362,2.739619731903076,2.716625422351641,2.739619731903076,234200,0.0,0.0
2015-06-16 00:00:00-04:00,2.7330503575558636,2.7494750022888184,2.7297656792285063,2.7494750022888184,293300,0.0,0.0
2015-06-17 00:00:00-04:00,2.7429044401726936,2.752759098497415,2.7363344591069194,2.7461891174316406,195100,0.0,0.0
2015-06-18 00:00:00-04:00,2.7461904261121775,2.7593300812314094,2.7297660921687044,2.752760410308838,315400,0.0,0.0
2015-06-19 00:00:00-04:00,2.7461895793159172,2.7527595614867026,2.739619910419124,2.7429049015045166,171200,0.0,0.0
2015-06-22 00:00:00-04:00,2.752760410308838,2.7691850575264003,2.752760410308838,2.752760410308838,151100,0.0,0.0
2015-06-23 00:00:00-04:00,2.7527595900984916,2.769184232422179,2.7527595900984916,2.7626142501831055,183700,0.0,0.0
2015-06-24 00:00:00-04:00,2.759327871918785,2.7691828403231926,2.749473216788216,2.7560431957244873,171000,0.0,0.0
2015-06-25 00:00:00-04:00,2.7527595614867026,2.765899212554282,2.7429049015045166,2.7429049015045166,132000,0.0,0.0
2015-06-26 00:00:00-04:00,2.7429049015045166,2.7527595614867026,2.739619910419124,2.7429049015045166,188000,0.0,0.0
2015-06-29 00:00:00-04:00,2.726481003082539,2.726481003082539,2.6903467178344727,2.6903467178344727,376300,0.0,0.0
2015-06-30 00:00:00-04:00,2.7067687665354083,2.7067687665354083,2.683774471282959,2.683774471282959,456600,0.0,0.0
2015-07-01 00:00:00-04:00,2.7089752038739143,2.7156065576269017,2.695712180152511,2.6990280151367188,219500,0.076,0.0
2015-07-02 00:00:00-04:00,2.699028770689807,2.7023442903867165,2.66587104399657,2.6857657432556152,430500,0.0,0.0
2015-07-06 00:00:00-04:00,2.6559242777996297,2.6725031438012192,2.6492926049127665,2.669187307357788,280700,0.0,0.0
2015-07-07 00:00:00-04:00,2.6559241889775804,2.6658713817596436,2.6327138089731363,2.6658713817596436,398300,0.0,0.0
2015-07-08 00:00:00-04:00,2.6293975313581766,2.63934488057859,2.612818826801157,2.6227660179138184,375400,0.0,0.0
2015-07-09 00:00:00-04:00,2.6492919315536776,2.6526077671543375,2.622765879179373,2.629397392272949,277800,0.0,0.0
2015-07-10 00:00:00-04:00,2.6625561714172363,2.669187845641481,2.6492931391843793,2.6625561714172363,350800,0.0,0.0
2015-07-13 00:00:00-04:00,2.6691870279064682,2.6890814120530733,2.6691870279064682,2.68245005607605,365000,0.0,0.0
2015-07-14 00:00:00-04:00,2.6824504897362904,2.7023448770991356,2.6824504897362904,2.695713520050049,200200,0.0,0.0
2015-07-15 00:00:00-04:00,2.7023421555109297,2.715605172467212,2.692394971847534,2.692394971847534,369000,0.0,0.0
2015-07-16 00:00:00-04:00,2.6990291358451297,2.712292165073694,2.6990291358451297,2.7023446559906006,291600,0.0,0.0
2015-07-17 00:00:00-04:00,2.7023446559906006,2.712292165073694,2.692397463123067,2.7023446559906006,210200,0.0,0.0
2015-07-20 00:00:00-04:00,2.7023421555109297,2.705657988803817,2.689079138554647,2.692394971847534,180000,0.0,0.0
2015-07-21 00:00:00-04:00,2.6923970988649524,2.6923970988649524,2.6824499073431882,2.6857657432556152,188200,0.0,0.0
2015-07-22 00:00:00-04:00,2.6791344108742465,2.6857660835393267,2.6625555454271033,2.6658713817596436,243400,0.0,0.0
2015-07-23 00:00:00-04:00,2.6791344108742465,2.6824502472067864,2.6559241889775804,2.6658713817596436,347800,0.0,0.0
2015-07-24 00:00:00-04:00,2.66587079334149,2.6691866289421498,2.626081714780033,2.629397392272949,238000,0.0,0.0
2015-07-27 00:00:00-04:00,2.619451434390084,2.6260829506044256,2.6095040810146624,2.616135597229004,286500,0.0,0.0
2015-07-28 00:00:00-04:00,2.61945030074365,2.642660518395013,2.6161344650175984,2.636029005050659,192400,0.0,0.0
2015-07-29 00:00:00-04:00,2.636029575354608,2.669187307357788,2.636029575354608,2.669187307357788,280600,0.0,0.0
2015-07-30 00:00:00-04:00,2.6592401142430613,2.6758186640290833,2.6559242777996297,2.669187307357788,262500,0.0,0.0
2015-07-31 00:00:00-04:00,2.679133892059326,2.6890810829151133,2.6725025368939668,2.679133892059326,237200,0.0,0.0
2015-08-03 00:00:00-04:00,2.6777949465816415,2.6878365882502733,2.6577115036353613,2.6610586643218994,206700,0.076,0.0
2015-08-04 00:00:00-04:00,2.6644059122076182,2.671100393007778,2.64432246980714,2.6510169506073,237100,0.0,0.0
2015-08-05 00:00:00-04:00,2.667754888534546,2.681144018856807,2.6577132403042514,2.667754888534546,228600,0.0,0.0
2015-08-06 00:00:00-04:00,2.6677520346675583,2.67109935356956,2.644321440789346,2.6476686000823975,565600,0.0,0.0
2015-08-07 00:00:00-04:00,2.6443238473626325,2.654365493989542,2.6275875568389893,2.6275875568389893,372800,0.0,0.0
2015-08-10 00:00:00-04:00,2.634280668802395,2.6610585920030325,2.634280668802395,2.6510169506073,353700,0.0,0.0
2015-08-11 00:00:00-04:00,2.637629270553589,2.6443237546064013,2.627587464669825,2.637629270553589,195100,0.0,0.0
2015-08-12 00:00:00-04:00,2.63428051805705,2.6443223184871583,2.6141970768058367,2.640974998474121,302000,0.0,0.0
2015-08-13 00:00:00-04:00,2.637628408462197,2.640975569590061,2.624239444732666,2.624239444732666,205200,0.0,0.0
2015-08-14 00:00:00-04:00,2.624238877235945,2.640974998474121,2.6141970768058367,2.640974998474121,276400,0.0,0.0
2015-08-17 00:00:00-04:00,2.640975164630975,2.640975164630975,2.624239042339846,2.6309335231781006,350700,0.0,0.0
2015-08-18 00:00:00-04:00,2.6208913326263428,2.6309331321959215,2.6175441725091426,2.6208913326263428,231800,0.0,0.0
2015-08-19 00:00:00-04:00,2.61084874793282,2.614195906838854,2.587417997154855,2.5974597930908203,288800,0.0,0.0
2015-08-20 00:00:00-04:00,2.5874202666323254,2.5874202666323254,2.547253366875145,2.550600528717041,368200,0.0,0.0
2015-08-21 00:00:00-04:00,2.5405586318046818,2.543905793314863,2.47026648439126,2.4870026111602783,704600,0.0,0.0
2015-08-24 00:00:00-04:00,2.363155058935266,2.4066692842317425,1.854373802048482,2.3531134128570557,1076600,0.0,0.0
2015-08-25 00:00:00-04:00,2.3932778084443327,2.4200557160707943,2.366499900817871,2.366499900817871,508000,0.0,0.0
2015-08-26 00:00:00-04:00,2.3865849775100902,2.4167100645619746,2.3731960144628017,2.41001558303833,381500,0.0,0.0
2015-08-27 00:00:00-04:00,2.423403410114715,2.4702649184229113,2.4200562507263896,2.453528642654419,298900,0.0,0.0
2015-08-28 00:00:00-04:00,2.426751450106403,2.4468348912300657,2.420056969731849,2.433445930480957,427700,0.0,0.0
2015-08-31 00:00:00-04:00,2.423403992664075,2.4267513124659996,2.3999733924865723,2.3999733924865723,394300,0.0,0.0
2015-09-01 00:00:00-04:00,2.364789695635506,2.4121532693287455,2.364789695635506,2.395237684249878,461800,0.076,0.0
2015-09-02 00:00:00-04:00,2.405386706350787,2.4256853086058587,2.4020035253154663,2.4155359268188477,355200,0.0,0.0
2015-09-03 00:00:00-04:00,2.4256854272946096,2.4459840305428915,2.412153025129088,2.42230224609375,193900,0.0,0.0
2015-09-04 00:00:00-04:00,2.391854664025489,2.4053870675609934,2.3850884622577375,2.395237684249878,208100,0.0,0.0
2015-09-08 00:00:00-04:00,2.4290687817578216,2.439218165439424,2.412153357380459,2.4324519634246826,302900,0.0,0.0
2015-09-09 00:00:00-04:00,2.456134978785966,2.4629011841826602,2.422303790483433,2.429069995880127,302700,0.0,0.0
2015-09-10 00:00:00-04:00,2.4290687817578216,2.445984367454165,2.4223025797430804,2.4324519634246826,321000,0.0,0.0
2015-09-11 00:00:00-04:00,2.4189189669550544,2.4290681868319353,2.412152766597487,2.425685167312622,140800,0.0,0.0
2015-09-14 00:00:00-04:00,2.4256854272946096,2.4290684471765105,2.415536045010989,2.42230224609375,235000,0.0,0.0
2015-09-15 00:00:00-04:00,2.4324513882584493,2.4358344078063965,2.418918987428776,2.4358344078063965,390500,0.0,0.0
2015-09-16 00:00:00-04:00,2.445984098657429,2.4764320850372314,2.4392178973862464,2.4764320850372314,560600,0.0,0.0
2015-09-17 00:00:00-04:00,2.4696650730846117,2.500112888150785,2.4696650730846117,2.479814291000366,229700,0.0,0.0
2015-09-18 00:00:00-04:00,2.442600467707921,2.4628992291036647,2.442600467707921,2.4595160484313965,231600,0.0,0.0
2015-09-21 00:00:00-04:00,2.4595160695313116,2.466282269614962,2.4426004886627197,2.4426004886627197,212500,0.0,0.0
2015-09-22 00:00:00-04:00,2.4087704170137125,2.432452207097136,2.3986211936343866,2.418919801712036,248900,0.0,0.0
2015-09-23 00:00:00-04:00,2.418918629040808,2.4324510278655156,2.402003049850464,2.402003049850464,208700,0.0,0.0
2015-09-24 00:00:00-04:00,2.4020033859831176,2.4121527671813965,2.381704784905501,2.4121527671813965,557900,0.0,0.0
2015-09-25 00:00:00-04:00,2.4189184872603087,2.429067705124502,2.3952367100456753,2.3986198902130127,151700,0.0,0.0
2015-09-28 00:00:00-04:00,2.388471370514782,2.3918545518995478,2.3478741618113954,2.3614065647125244,288300,0.0,0.0
2015-09-29 00:00:00-04:00,2.3546402715386643,2.37493887509964,2.3140430644167123,2.3241922855377197,388800,0.0,0.0
2015-09-30 00:00:00-04:00,2.3411083394774117,2.3614069471162398,2.337725157544777,2.351257562637329,335300,0.0,0.0
2015-10-01 00:00:00-04:00,2.3464690970663584,2.366992130421726,2.3396280859479024,2.3533101081848145,280600,0.076,0.0
2015-10-02 00:00:00-04:00,2.3259467342937263,2.3806748390197754,2.3259467342937263,2.3806748390197754,204100,0.0,0.0
2015-10-05 00:00:00-04:00,2.3875143828632406,2.438822031021118,2.3840937968715408,2.438822031021118,235600,0.0,0.0
2015-10-06 00:00:00-04:00,2.4319806420795147,2.479867696762085,2.4319806420795147,2.479867696762085,277600,0.0,0.0
2015-10-07 00:00:00-04:00,2.4901295112622077,2.510652536520927,2.4867089255011683,2.5072319507598877,213700,0.0,0.0
2015-10-08 00:00:00-04:00,2.5003916346721744,2.5380172729492188,2.496971211066562,2.5380172729492188,170500,0.0,0.0
2015-10-09 00:00:00-04:00,2.5345962047576904,2.5482782227861445,2.527755195743463,2.5345962047576904,300800,0.0,0.0
2015-10-12 00:00:00-04:00,2.527756489844709,2.5517001152038574,2.524336065137747,2.5517001152038574,269300,0.0,0.0
2015-10-13 00:00:00-04:00,2.51407259956322,2.538016207158054,2.5106521773939483,2.524334192276001,225900,0.0,0.0
2015-10-14 00:00:00-04:00,2.5311754329987344,2.541436863554761,2.514072831268693,2.52091383934021,335800,0.0,0.0
2015-10-15 00:00:00-04:00,2.5414365525085305,2.56195957421127,2.534595545274284,2.5585391521453857,346300,0.0,0.0
2015-10-16 00:00:00-04:00,2.5516986657492304,2.5859037089022,2.5482780798826776,2.5790627002716064,309700,0.0,0.0
2015-10-19 00:00:00-04:00,2.5756423918222233,2.6030064275590963,2.568801382888005,2.596165418624878,312300,0.0,0.0
2015-10-20 00:00:00-04:00,2.5995851190476933,2.603005704115391,2.585903104981848,2.5927441120147705,252400,0.0,0.0
2015-10-21 00:00:00-04:00,2.599585011695046,2.603005596621487,2.572220984693382,2.5824825763702393,284200,0.0,0.0
2015-10-22 00:00:00-04:00,2.592743993597042,2.6132670137584673,2.5824825650675622,2.609846591949463,235600,0.0,0.0
2015-10-23 00:00:00-04:00,2.6166876495316322,2.640631091967461,2.6166876495316322,2.6303696632385254,197700,0.0,0.0
2015-10-26 00:00:00-04:00,2.6337894839238416,2.6337894839238416,2.609846046953354,2.6132664680480957,178000,0.0,0.0
2015-10-27 00:00:00-04:00,2.5995862730981827,2.5995862730981827,2.5722222328186035,2.5722222328186035,215600,0.0,0.0
2015-10-28 00:00:00-04:00,2.585903104981848,2.6064261260806156,2.5722210909160026,2.5927441120147705,191100,0.0,0.0
2015-10-29 00:00:00-04:00,2.5961661618722216,2.5961661618722216,2.5688021183013916,2.5688021183013916,273500,0.0,0.0
2015-10-30 00:00:00-04:00,2.568802393135171,2.589325428009033,2.565381805771569,2.589325428009033,375100,0.0,0.0
2015-11-02 00:00:00-05:00,2.598306067764039,2.605216449669402,2.587940412527744,2.6017613410949707,279500,0.076,0.0
2015-11-03 00:00:00-05:00,2.6017621747236186,2.6155829429626465,2.5775757479270425,2.6155829429626465,386600,0.0,0.0
2015-11-04 00:00:00-05:00,2.6294052600860596,2.6294052600860596,2.6086740955155627,2.6294052600860596,237500,0.0,0.0
2015-11-05 00:00:00-05:00,2.6224933270821604,2.629403711201675,2.5983069002855848,2.6155829429626465,216100,0.0,0.0
2015-11-06 00:00:00-05:00,2.612128558547434,2.612128558547434,2.591397399125225,2.6052181720733643,203200,0.0,0.0
2015-11-09 00:00:00-05:00,2.598308830712311,2.598308830712311,2.553391218185425,2.553391218185425,358600,0.0,0.0
2015-11-10 00:00:00-05:00,2.553391218185425,2.5603016074390474,2.539570439678179,2.553391218185425,212900,0.0,0.0
2015-11-11 00:00:00-05:00,2.5533922742482673,2.5741234505833863,2.546481882136561,2.5672130584716797,287400,0.0,0.0
2015-11-12 00:00:00-05:00,2.560300840960496,2.560300840960496,2.5292041810069543,2.5326592922210693,181200,0.0,0.0
2015-11-13 00:00:00-05:00,2.532660029457161,2.532660029457161,2.498108083475096,2.505018472671509,194900,0.0,0.0
2015-11-16 00:00:00-05:00,2.515383784524276,2.522294172747283,2.4911973433654264,2.5084733963012695,354600,0.0,0.0
2015-11-17 00:00:00-05:00,2.5015617702872532,2.5361138613379652,2.5015617702872532,2.5222930908203125,315400,0.0,0.0
2015-11-18 00:00:00-05:00,2.518839401167411,2.5430258471745164,2.518839401167411,2.5395705699920654,219400,0.0,0.0
2015-11-19 00:00:00-05:00,2.5395709802014705,2.5533917616503365,2.5395709802014705,2.5464813709259033,140100,0.0,0.0
2015-11-20 00:00:00-05:00,2.556846270916782,2.5603013828621903,2.5326598282722785,2.543025493621826,193300,0.0,0.0
2015-11-23 00:00:00-05:00,2.543024841143851,2.5464799522027626,2.525748791579437,2.536114454269409,335800,0.0,0.0
2015-11-24 00:00:00-05:00,2.529204067394968,2.536114454269409,2.5153832936460843,2.536114454269409,203500,0.0,0.0
2015-11-25 00:00:00-05:00,2.5326585863302618,2.5361138613379652,2.5222930908203125,2.5222930908203125,154300,0.0,0.0
2015-11-27 00:00:00-05:00,2.5153818073856278,2.525747299194336,2.5153818073856278,2.525747299194336,143400,0.0,0.0
2015-11-30 00:00:00-05:00,2.52229350506278,2.529203891456516,2.511927843093872,2.511927843093872,497600,0.0,0.0
2015-12-01 00:00:00-05:00,2.51402387756872,2.548941009991051,2.51402387756872,2.5419576168060303,287500,0.076,0.0
2015-12-02 00:00:00-05:00,2.534973265268879,2.545448267837699,2.517514705657959,2.517514705657959,347400,0.0,0.0
2015-12-03 00:00:00-05:00,2.5175145586868926,2.5244979488241412,2.489580998137898,2.4965643882751465,331000,0.0,0.0
2015-12-04 00:00:00-05:00,2.4930731018582613,2.524498446924892,2.4895814893492947,2.5105316638946533,370500,0.0,0.0
2015-12-07 00:00:00-05:00,2.5070400938399824,2.510531873137161,2.4721231333542,2.482598304748535,454600,0.0,0.0
2015-12-08 00:00:00-05:00,2.4511723417637308,2.4721225127962394,2.4476807298402257,2.4616475105285645,401800,0.0,0.0
2015-12-09 00:00:00-05:00,2.4616484783949173,2.4860902709609096,2.444189912421588,2.4511733055114746,330400,0.0,0.0
2015-12-10 00:00:00-05:00,2.4581572749731753,2.472124064427786,2.4441904855185648,2.4546656608581543,276300,0.0,0.0
2015-12-11 00:00:00-05:00,2.4302233438587217,2.4337149574677133,2.3987979888916016,2.3987979888916016,422500,0.0,0.0
2015-12-14 00:00:00-05:00,2.3987966395391975,2.4057800293261775,2.3568963008173154,2.3883216381073,681800,0.0,0.0
2015-12-15 00:00:00-05:00,2.419746507661502,2.419746507661502,2.3987963409086857,2.4127631187438965,435900,0.0,0.0
2015-12-16 00:00:00-05:00,2.430223696063954,2.4616490555854598,2.419748520724364,2.4546656608581543,457900,0.0,0.0
2015-12-17 00:00:00-05:00,2.454664580236367,2.4686313635423534,2.444189409508282,2.447681188583374,344200,0.0,0.0
2015-12-18 00:00:00-05:00,2.4337134074209295,2.4441885745706853,2.423238406768307,2.4302217960357666,318100,0.0,0.0
2015-12-21 00:00:00-05:00,2.4372051853032257,2.451171963838145,2.423238406768307,2.4302217960357666,426600,0.0,0.0
2015-12-22 00:00:00-05:00,2.4267319154516693,2.4616490555854598,2.4267319154516693,2.4546656608581543,485700,0.0,0.0
2015-12-23 00:00:00-05:00,2.4651406101267783,2.5070409774780273,2.4651406101267783,2.5070409774780273,292400,0.0,0.0
2015-12-24 00:00:00-05:00,2.5140230655670166,2.5244982352097973,2.5070396746375536,2.5140230655670166,206500,0.0,0.0
2015-12-28 00:00:00-05:00,2.510531307743878,2.510531307743878,2.482597745646131,2.493072748184204,401700,0.0,0.0
2015-12-29 00:00:00-05:00,2.5057786467918817,2.523425042842844,2.5057786467918817,2.5128371715545654,400800,0.076,0.0
2015-12-30 00:00:00-05:00,2.5128369790929272,2.5163663253482045,2.4987199306488037,2.4987199306488037,268200,0.0,0.0
2015-12-31 00:00:00-05:00,2.488132080908794,2.491661258666292,2.4704856872558594,2.4704856872558594,367400,0.0,0.0
2016-01-04 00:00:00-05:00,2.449311205011312,2.463428258895874,2.421077097242188,2.463428258895874,424200,0.0,0.0
2016-01-05 00:00:00-05:00,2.4563697319535933,2.470486785838155,2.438723330453612,2.463428258895874,427100,0.0,0.0
2016-01-06 00:00:00-05:00,2.4246061282323446,2.445781707763672,2.421076949121397,2.445781707763672,348600,0.0,0.0
2016-01-07 00:00:00-05:00,2.4140178442652633,2.417547022530697,2.368137348795074,2.378725051879883,652100,0.0,0.0
2016-01-08 00:00:00-05:00,2.368137733832803,2.3822547857668575,2.3328451039976676,2.336374282836914,698500,0.0,0.0
2016-01-11 00:00:00-05:00,2.339902322150395,2.3540193661941746,2.279904800820112,2.2940218448638916,684000,0.0,0.0
2016-01-12 00:00:00-05:00,2.3187279982314957,2.322257176988808,2.2693181493208825,2.2904937267303467,683100,0.0,0.0
2016-01-13 00:00:00-05:00,2.30813989655415,2.311669243250094,2.2446131706237793,2.2446131706237793,500600,0.0,0.0
2016-01-14 00:00:00-05:00,2.244613300113566,2.2869644531770144,2.2375547746029913,2.283435106277466,612000,0.0,0.0
2016-01-15 00:00:00-05:00,2.2552004765083953,2.2552004765083953,2.2093201555701167,2.226966381072998,577400,0.0,0.0
2016-01-19 00:00:00-05:00,2.2410818892482722,2.2551989272680752,2.1952014315397297,2.2093186378479004,555600,0.0,0.0
2016-01-20 00:00:00-05:00,2.1704982236011783,2.1704982236011783,2.092854291670591,2.1422641277313232,856800,0.0,0.0
2016-01-21 00:00:00-05:00,2.1599103947277762,2.1846153132296378,2.1493226927187568,2.174027442932129,583600,0.0,0.0
2016-01-22 00:00:00-05:00,2.191673761778752,2.2340249049318475,2.191673761778752,2.226966381072998,344600,0.0,0.0
2016-01-25 00:00:00-05:00,2.2163781839193715,2.226965883196341,2.1987317940731614,2.202260971069336,391900,0.0,0.0
2016-01-26 00:00:00-05:00,2.205791198410963,2.2516716957271536,2.205791198410963,2.2446131706237793,430900,0.0,0.0
2016-01-27 00:00:00-05:00,2.24814234903121,2.265788745933903,2.2269667737210863,2.2446131706237793,450000,0.0,0.0
2016-01-28 00:00:00-05:00,2.2728476524353027,2.276376831434952,2.2446135472839455,2.2728476524353027,366300,0.0,0.0
2016-01-29 00:00:00-05:00,2.2869641906564357,2.3222568141580697,2.2869641906564357,2.311669111251831,491700,0.0,0.0
2016-02-01 00:00:00-05:00,2.2995282597552293,2.328093800703335,2.2959574820046886,2.3209524154663086,297700,0.076,0.0
2016-02-02 00:00:00-05:00,2.2995279307409255,2.2995279307409255,2.267391616640313,2.281674385070801,260500,0.0,0.0
2016-02-03 00:00:00-05:00,2.2888157692860447,2.2923865465256816,2.249538241234218,2.281674385070801,344500,0.0,0.0
2016-02-04 00:00:00-05:00,2.2709623472551623,2.3066692675982883,2.2709623472551623,2.299527883529663,351800,0.0,0.0
2016-02-05 00:00:00-05:00,2.2745326191678625,2.292386161841997,2.249537863740876,2.2602498531341553,258800,0.0,0.0
2016-02-08 00:00:00-05:00,2.2245450632552024,2.231686453094538,2.1816967242191865,2.2066915035247803,530500,0.0,0.0
2016-02-09 00:00:00-05:00,2.185267187592384,2.203120746126605,2.170984408870668,2.195979356765747,453300,0.0,0.0
2016-02-10 00:00:00-05:00,2.195978712642653,2.210261487174955,2.1781251593452247,2.1816959381103516,327600,0.0,0.0
2016-02-11 00:00:00-05:00,2.149559225127927,2.156700611114502,2.1245642890428784,2.156700611114502,619100,0.0,0.0
2016-02-12 00:00:00-05:00,2.156700475760288,2.1852660179138184,2.1424177046835227,2.1852660179138184,339300,0.0,0.0
2016-02-16 00:00:00-05:00,2.2245436049300578,2.2316849900877767,2.1888366791414637,2.217402219772339,428400,0.0,0.0
2016-02-17 00:00:00-05:00,2.235255923427512,2.299528394321927,2.231685145468012,2.292387008666992,444900,0.0,0.0
2016-02-18 00:00:00-05:00,2.2995288562110536,2.310240851713062,2.2852460820323097,2.2888166904449463,318100,0.0,0.0
2016-02-19 00:00:00-05:00,2.2709626643886263,2.2959574269872487,2.2602505016577523,2.274533271789551,263000,0.0,0.0
2016-02-22 00:00:00-05:00,2.2923868745182028,2.3209524154663086,2.288816096767662,2.3209524154663086,620400,0.0,0.0
2016-02-23 00:00:00-05:00,2.317382238802434,2.317382238802434,2.2888166904449463,2.2888166904449463,231500,0.0,0.0
2016-02-24 00:00:00-05:00,2.267391397764737,2.2923863252372985,2.2531086307129917,2.285244941711426,218100,0.0,0.0
2016-02-25 00:00:00-05:00,2.2888156582564476,2.3138105869293213,2.2888156582564476,2.3138105869293213,171400,0.0,0.0
2016-02-26 00:00:00-05:00,2.335235152300289,2.335235152300289,2.313810996897834,2.3280937671661377,199200,0.0,0.0
2016-02-29 00:00:00-05:00,2.3280938180385857,2.34237658861899,2.320952432748384,2.3245232105255127,385200,0.0,0.0
2016-03-01 00:00:00-05:00,2.344755290444878,2.3844969551758006,2.337529548882462,2.3808841705322266,254900,0.076,0.0
2016-03-02 00:00:00-05:00,2.373658875851981,2.3881103616975543,2.362820175330151,2.3844974040985107,209300,0.0,0.0
2016-03-03 00:00:00-05:00,2.3953347337011155,2.417011950062979,2.3881089949138277,2.4025604724884033,389000,0.0,0.0
2016-03-04 00:00:00-05:00,2.409786475082333,2.4278507378905014,2.409786475082333,2.4170122146606445,314000,0.0,0.0
2016-03-07 00:00:00-05:00,2.4170122632734055,2.4459152221679688,2.4133993072739726,2.4459152221679688,270400,0.0,0.0
2016-03-08 00:00:00-05:00,2.4459152221679688,2.4459152221679688,2.4170122632734055,2.4459152221679688,241900,0.0,0.0
2016-03-09 00:00:00-05:00,2.4459154993254204,2.453141239867842,2.4350768023741667,2.449528455734253,206800,0.0,0.0
2016-03-10 00:00:00-05:00,2.456754207611084,2.4675927323370987,2.4350768136085663,2.456754207611084,230900,0.0,0.0
2016-03-11 00:00:00-05:00,2.4675932029771186,2.4856576439995366,2.4675932029771186,2.4748189449310303,331300,0.0,0.0
2016-03-14 00:00:00-04:00,2.478431902045625,2.4856576439995366,2.471206160091713,2.4748189449310303,208100,0.0,0.0
2016-03-15 00:00:00-04:00,2.474818506766653,2.478431463241577,2.463979981892375,2.478431463241577,235800,0.0,0.0
2016-03-16 00:00:00-04:00,2.4712064345901603,2.5073351483728508,2.4712064345901603,2.5037221908569336,271400,0.0,0.0
2016-03-17 00:00:00-04:00,2.500108702528908,2.5253987089270185,2.492882961804413,2.5109472274780273,194100,0.0,0.0
2016-03-18 00:00:00-04:00,2.525399018123405,2.5434634582839815,2.5181732765142284,2.5362377166748047,246200,0.0,0.0
2016-03-21 00:00:00-04:00,2.5326244831085205,2.5362372671351205,2.5181728301764057,2.5326244831085205,178400,0.0,0.0
2016-03-22 00:00:00-04:00,2.5290131132958966,2.5290131132958966,2.500110133850856,2.518174409866333,227400,0.0,0.0
2016-03-23 00:00:00-04:00,2.521784938836475,2.521784938836475,2.4820432942507136,2.496494770050049,340100,0.0,0.0
2016-03-24 00:00:00-04:00,2.489269660509814,2.489269660509814,2.4459152221679688,2.4459152221679688,260500,0.0,0.0
2016-03-28 00:00:00-04:00,2.460366701615251,2.4639796576146833,2.438689482444328,2.4459152221679688,317700,0.0,0.0
2016-03-29 00:00:00-04:00,2.456754028334292,2.49288272857666,2.456754028334292,2.49288272857666,224800,0.0,0.0
2016-03-30 00:00:00-04:00,2.503721981610886,2.5253992080688477,2.492883454519546,2.5253992080688477,255400,0.0,0.0
2016-03-31 00:00:00-04:00,2.5290113370217706,2.572365775738947,2.5217855972355747,2.5615272521972656,651200,0.0,0.0
2016-04-01 00:00:00-04:00,2.541807268090317,2.549111304958428,2.5016349782447187,2.530851125717163,306700,0.076,0.0
2016-04-04 00:00:00-04:00,2.541806471031347,2.549110505609061,2.494330159205246,2.4979822635650635,239600,0.0,0.0
2016-04-05 00:00:00-04:00,2.47241934715521,2.479723385548823,2.461463202493784,2.4651153087615967,201100,0.0,0.0
2016-04-06 00:00:00-04:00,2.454157968649994,2.468766212463379,2.450506038303093,2.468766212463379,187400,0.0,0.0
2016-04-07 00:00:00-04:00,2.461461058068394,2.468765264240593,2.4358970330331378,2.4432010650634766,413000,0.0,0.0
2016-04-08 00:00:00-04:00,2.457810245675616,2.472418316372552,2.446854105581945,2.4505062103271484,101800,0.0,0.0
2016-04-11 00:00:00-04:00,2.4687674150294088,2.4979835686038614,2.454159164100171,2.4651153087615967,254000,0.0,0.0
2016-04-12 00:00:00-04:00,2.4760703150125254,2.5089383856011898,2.4760703150125254,2.505286455154419,214500,0.0,0.0
2016-04-13 00:00:00-04:00,2.5052850299329146,2.5308490509430928,2.5052850299329146,2.5271971225738525,193100,0.0,0.0
2016-04-14 00:00:00-04:00,2.527198398849711,2.538154363632202,2.523546294494267,2.538154363632202,129800,0.0,0.0
2016-04-15 00:00:00-04:00,2.5271975205512516,2.5381534815261246,2.5198934885207165,2.534501552581787,182500,0.0,0.0
2016-04-18 00:00:00-04:00,2.519894421863421,2.5600666999816895,2.5016342479527744,2.5600666999816895,331100,0.0,0.0
2016-04-19 00:00:00-04:00,2.567370734717563,2.5746747694534373,2.5527624911038913,2.5600666999816895,243000,0.0,0.0
2016-04-20 00:00:00-04:00,2.556413888713095,2.581978090291302,2.552761785283976,2.5783259868621826,186000,0.0,0.0
2016-04-21 00:00:00-04:00,2.585631767827512,2.589283873725966,2.5600677231063096,2.5746757984161377,249800,0.0,0.0
2016-04-22 00:00:00-04:00,2.5746740575749394,2.5783259868621826,2.5637179214294576,2.5783259868621826,229500,0.0,0.0
2016-04-25 00:00:00-04:00,2.571024083205828,2.5819802284240723,2.567372150894427,2.5819802284240723,160700,0.0,0.0
2016-04-26 00:00:00-04:00,2.5783261437393534,2.6111943800337762,2.5746742142299106,2.6075422763824463,421400,0.0,0.0
2016-04-27 00:00:00-04:00,2.6075421957445433,2.636758327484131,2.5965862334131384,2.636758327484131,431400,0.0,0.0
2016-04-28 00:00:00-04:00,2.6148476600646973,2.633107839468626,2.607543623131521,2.6148476600646973,232900,0.0,0.0
2016-04-29 00:00:00-04:00,2.603891691735922,2.6148476600646973,2.585631512331993,2.6148476600646973,377200,0.0,0.0
2016-05-02 00:00:00-04:00,2.617063149872105,2.617063149872105,2.594915951583899,2.598607063293457,285500,0.076,0.0
2016-05-03 00:00:00-04:00,2.5764590210382825,2.5801501315387485,2.5321646389713184,2.572767734527588,260600,0.0,0.0
2016-05-04 00:00:00-04:00,2.550619602203369,2.550619602203369,2.539546098778352,2.550619602203369,202300,0.0,0.0
2016-05-05 00:00:00-04:00,2.550620818921485,2.561694503639126,2.502635321172367,2.5137088298797607,557600,0.0,0.0
2016-05-06 00:00:00-04:00,2.5137082601597105,2.5247819423675537,2.4952523578269146,2.5247819423675537,168900,0.0,0.0
2016-05-09 00:00:00-04:00,2.498944276889924,2.5174003612078435,2.498944276889924,2.506326675415039,301900,0.0,0.0
2016-05-10 00:00:00-04:00,2.5137066049582533,2.554309844970703,2.5026331060521887,2.554309844970703,261500,0.0,0.0
2016-05-11 00:00:00-04:00,2.5469284930650846,2.558001996490102,2.5432372079166363,2.550619602203369,306600,0.0,0.0
2016-05-12 00:00:00-04:00,2.55431160713144,2.55431160713144,2.5358555282087867,2.5432379245758057,174200,0.0,0.0
2016-05-13 00:00:00-04:00,2.5395463424698423,2.54692873746498,2.521090266976908,2.528472661972046,217600,0.0,0.0
2016-05-16 00:00:00-04:00,2.5358542519421814,2.5469279289245605,2.5247807509699274,2.5469279289245605,268100,0.0,0.0
2016-05-17 00:00:00-04:00,2.5616940034984585,2.5653851136768617,2.5358555282087867,2.5432379245758057,381100,0.0,0.0
2016-05-18 00:00:00-04:00,2.5432378381871787,2.554311520366663,2.521090649838418,2.5395467281341553,393700,0.0,0.0
2016-05-19 00:00:00-04:00,2.539547448717563,2.5469298469285335,2.5210913651850073,2.532165050506592,288600,0.0,0.0
2016-05-20 00:00:00-04:00,2.5432385598179197,2.5506209580288903,2.528473763395978,2.532165050506592,305100,0.0,0.0
2016-05-23 00:00:00-04:00,2.5432378381871787,2.558002630419686,2.535855442070925,2.5395467281341553,335500,0.0,0.0
2016-05-24 00:00:00-04:00,2.543236644593726,2.558001429896815,2.543236644593726,2.5469279289245605,342800,0.0,0.0
2016-05-25 00:00:00-04:00,2.5580033245028244,2.5764594078063965,2.554312213448263,2.5764594078063965,218600,0.0,0.0
2016-05-26 00:00:00-04:00,2.5838408445261574,2.598605635271206,2.576458449153633,2.5912232398986816,187200,0.0,0.0
2016-05-27 00:00:00-04:00,2.5875330877470333,2.5875330877470333,2.5801505136323613,2.5838418006896973,342800,0.0,0.0
2016-05-31 00:00:00-04:00,2.5949151015712983,2.5949151015712983,2.572767734527588,2.572767734527588,369200,0.0,0.0
2016-06-01 00:00:00-04:00,2.571274195377189,2.582469952536972,2.571274195377189,2.57873797416687,254900,0.076,0.0
2016-06-02 00:00:00-04:00,2.571274195377189,2.57873797416687,2.5638104165875077,2.57873797416687,423000,0.0,0.0
2016-06-03 00:00:00-04:00,2.5750059926289928,2.5973973274230957,2.571274014521387,2.5973973274230957,281400,0.0,0.0
2016-06-06 00:00:00-04:00,2.59366534931549,2.5973973274230957,2.586201571050789,2.5973973274230957,336100,0.0,0.0
2016-06-07 00:00:00-04:00,2.5973990555481317,2.6123266220092773,2.5973990555481317,2.6123266220092773,233300,0.0,0.0
2016-06-08 00:00:00-04:00,2.6085931277917025,2.6235208635417107,2.6085931277917025,2.619788885116577,243700,0.0,0.0
2016-06-09 00:00:00-04:00,2.6197898250454763,2.642181169778273,2.6160580232319717,2.6235218048095703,289700,0.0,0.0
2016-06-10 00:00:00-04:00,2.616055825956713,2.619787624635809,2.5787367714631158,2.5824687480926514,349800,0.0,0.0
2016-06-13 00:00:00-04:00,2.5750071377527552,2.582470919336652,2.5563475948177175,2.560079574584961,199000,0.0,0.0
2016-06-14 00:00:00-04:00,2.5600785119232756,2.5600785119232756,2.5003681060866714,2.5041000843048096,407900,0.0,0.0
2016-06-15 00:00:00-04:00,2.533955198247854,2.5376871764659925,2.4966363058190484,2.5041000843048096,568500,0.0,0.0
2016-06-16 00:00:00-04:00,2.500368356704712,2.5152959151724597,2.492904577470838,2.500368356704712,467500,0.0,0.0
2016-06-17 00:00:00-04:00,2.5115645445990045,2.530224084854126,2.5115645445990045,2.530224084854126,267500,0.0,0.0
2016-06-20 00:00:00-04:00,2.582470919336652,2.5862027211533056,2.5563475948177175,2.560079574584961,365100,0.0,0.0
2016-06-21 00:00:00-04:00,2.556346939883171,2.593665838241577,2.556346939883171,2.593665838241577,266300,0.0,0.0
2016-06-22 00:00:00-04:00,2.601129617913258,2.604861596724371,2.5824702577093275,2.593665838241577,230600,0.0,0.0
2016-06-23 00:00:00-04:00,2.6085946414186765,2.616058602599878,2.5973990555481317,2.6123266220092773,321500,0.0,0.0
2016-06-24 00:00:00-04:00,2.504101123730438,2.578738939569409,2.492905362379297,2.560079574584961,946900,0.0,0.0
2016-06-27 00:00:00-04:00,2.519028521233536,2.526492302326575,2.4257311685952567,2.4294631481170654,976400,0.0,0.0
2016-06-28 00:00:00-04:00,2.4593174133902433,2.5115638627905708,2.4593174133902433,2.5041000843048096,428300,0.0,0.0
2016-06-29 00:00:00-04:00,2.545150838233424,2.5563464164733887,2.5227595038029875,2.5563464164733887,439300,0.0,0.0
2016-06-30 00:00:00-04:00,2.567542783798003,2.5862021446228027,2.5563470249426827,2.5862021446228027,668400,0.0,0.0
2016-07-01 00:00:00-04:00,2.5960136650625802,2.5960136650625802,2.5582809449153516,2.573374032974243,337400,0.076,0.0
2016-07-05 00:00:00-04:00,2.573372982633503,2.573372982633503,2.5431866389126916,2.554506540298462,161200,0.0,0.0
2016-07-06 00:00:00-04:00,2.5431879451510517,2.5507346699002182,2.528094855500361,2.5469613075256348,219100,0.0,0.0
2016-07-07 00:00:00-04:00,2.5620537062807007,2.5620537062807007,2.531867535119466,2.5356407165527344,234500,0.0,0.0
2016-07-08 00:00:00-04:00,2.56205382766857,2.56205382766857,2.539414198224998,2.543187379837036,279800,0.0,0.0
2016-07-11 00:00:00-04:00,2.546959967476321,2.569599590040819,2.546959967476321,2.5507333278656006,570900,0.0,0.0
2016-07-12 00:00:00-04:00,2.5809196523575593,2.5922393743843974,2.5695997504069834,2.577146291732788,1111900,0.0,0.0
2016-07-13 00:00:00-04:00,2.596012271191284,2.6224250711506754,2.5884657312137858,2.6073319911956787,687300,0.0,0.0
2016-07-14 00:00:00-04:00,2.6412925433862453,2.6563856292402646,2.622426096106833,2.6526124477386475,794900,0.0,0.0
2016-07-15 00:00:00-04:00,2.6639330439986373,2.6639330439986373,2.6262003170147143,2.633746862411499,308400,0.0,0.0
2016-07-18 00:00:00-04:00,2.6450648307800293,2.6526113706427576,2.637518110993598,2.6450648307800293,335000,0.0,0.0
2016-07-19 00:00:00-04:00,2.6526113706427576,2.6526113706427576,2.637518110993598,2.6450648307800293,344100,0.0,0.0
2016-07-20 00:00:00-04:00,2.65638482912753,2.663931369781494,2.6488382884735655,2.663931369781494,288700,0.0,0.0
2016-07-21 00:00:00-04:00,2.648839086313255,2.6526124477386475,2.645065904811638,2.6526124477386475,317400,0.0,0.0
2016-07-22 00:00:00-04:00,2.6601587588123063,2.682798385620117,2.656385397715791,2.682798385620117,295000,0.0,0.0
2016-07-25 00:00:00-04:00,2.671478630499215,2.679025173187256,2.6563855451231335,2.679025173187256,305700,0.0,0.0
2016-07-26 00:00:00-04:00,2.6827980363568407,2.7092108408988245,2.679024675751565,2.705437660217285,485500,0.0,0.0
2016-07-27 00:00:00-04:00,2.712984207065026,2.7205307483673096,2.7016643051497327,2.7205307483673096,384300,0.0,0.0
2016-07-28 00:00:00-04:00,2.7167573932615126,2.735623836517334,2.712984212564591,2.735623836517334,325900,0.0,0.0
2016-07-29 00:00:00-04:00,2.7356252328408166,2.762038230895996,2.73185187029415,2.762038230895996,523400,0.0,0.0
2016-08-01 00:00:00-04:00,2.768136822545181,2.768136822545181,2.7261953059520048,2.7414467334747314,285900,0.076,0.0
2016-08-02 00:00:00-04:00,2.7300096100812903,2.7300096100812903,2.691881019791893,2.6956939697265625,358700,0.0,0.0
2016-08-03 00:00:00-04:00,2.6918820361684537,2.6918820361684537,2.6385019896085407,2.6842563152313232,277900,0.0,0.0
2016-08-04 00:00:00-04:00,2.691880499635988,2.703319165418227,2.6690033498829338,2.676629066467285,258000,0.0,0.0
2016-08-05 00:00:00-04:00,2.6804424337003594,2.703319587021278,2.6804424337003594,2.688068151473999,405600,0.0,0.0
2016-08-08 00:00:00-04:00,2.703318411891908,2.703318411891908,2.6842540348393453,2.6918797492980957,428600,0.0,0.0
2016-08-09 00:00:00-04:00,2.7033188572699514,2.7223830556520108,2.6995059085066972,2.7071316242218018,230600,0.0,0.0
2016-08-10 00:00:00-04:00,2.7071326171324186,2.7261970043182373,2.7033198487821375,2.7261970043182373,307900,0.0,0.0
2016-08-11 00:00:00-04:00,2.7147579193115234,2.726196586231085,2.7071322019689634,2.7147579193115234,324700,0.0,0.0
2016-08-12 00:00:00-04:00,2.7223827924249737,2.7261957408195543,2.7033185958862305,2.7033185958862305,328100,0.0,0.0
2016-08-15 00:00:00-04:00,2.710945151545965,2.7223836366540834,2.710945151545965,2.7147579193115234,322400,0.0,0.0
2016-08-16 00:00:00-04:00,2.7071317715355234,2.7338218688964844,2.703319004376194,2.7338218688964844,230400,0.0,0.0
2016-08-17 00:00:00-04:00,2.730009772668519,2.730009772668519,2.710945567294171,2.7261970043182373,203000,0.0,0.0
2016-08-18 00:00:00-04:00,2.726196152766412,2.7376346360558137,2.726196152766412,2.7338218688964844,194800,0.0,0.0
2016-08-19 00:00:00-04:00,2.7338211236248675,2.7528853178472192,2.7300081756935786,2.749072551727295,215600,0.0,0.0
2016-08-22 00:00:00-04:00,2.74907347028969,2.768137852693489,2.741447753690456,2.764324903488159,325500,0.0,0.0
2016-08-23 00:00:00-04:00,2.7795759044607067,2.791014568486551,2.768137422246259,2.78338885307312,423700,0.0,0.0
2016-08-24 00:00:00-04:00,2.783389844922536,2.783389844922536,2.7605125087186035,2.7681384086608887,275600,0.0,0.0
2016-08-25 00:00:00-04:00,2.7681367119504476,2.7681367119504476,2.7490723374030357,2.752885103225708,227100,0.0,0.0
2016-08-26 00:00:00-04:00,2.752885183815634,2.76813679298686,2.7490724178813437,2.7566981315612793,309900,0.0,0.0
2016-08-29 00:00:00-04:00,2.752885865080132,2.7795759604706576,2.752885865080132,2.7719502449035645,327300,0.0,0.0
2016-08-30 00:00:00-04:00,2.764324608654581,2.783388989025037,2.760511659855928,2.7757632732391357,349300,0.0,0.0
2016-08-31 00:00:00-04:00,2.775763193592811,2.7833889091599042,2.7681374780257184,2.7719502449035645,423100,0.0,0.0
2016-09-01 00:00:00-04:00,2.7819694229041194,2.7858226544525615,2.758850584810047,2.7742631435394287,280000,0.076,0.0
2016-09-02 00:00:00-04:00,2.785820722579956,2.797380225476964,2.778114448559306,2.785820722579956,197600,0.0,0.0
2016-09-06 00:00:00-04:00,2.7858222784990208,2.7935285568237305,2.7858222784990208,2.7935285568237305,288900,0.0,0.0
2016-09-07 00:00:00-04:00,2.793528408656525,2.801234686572498,2.7896751778324593,2.797381639480591,309500,0.0,0.0
2016-09-08 00:00:00-04:00,2.793527383600386,2.8089399337768555,2.793527383600386,2.8089399337768555,290600,0.0,0.0
2016-09-09 00:00:00-04:00,2.8012352131819434,2.8012352131819434,2.7665568641747376,2.7742631435394287,349900,0.0,0.0
2016-09-12 00:00:00-04:00,2.774261494089615,2.7935272729128826,2.7627021737813218,2.7896740436553955,291700,0.0,0.0
2016-09-13 00:00:00-04:00,2.7704093525992834,2.774262399382006,2.731877966111339,2.7434372901916504,318000,0.0,0.0
2016-09-14 00:00:00-04:00,2.739583841551099,2.7511431639358235,2.7203180592670706,2.731877565383911,182100,0.0,0.0
2016-09-15 00:00:00-04:00,2.7318773449207727,2.7472898960113525,2.724171069375483,2.7472898960113525,243900,0.0,0.0
2016-09-16 00:00:00-04:00,2.7472898960113525,2.7511429419179465,2.7395836204660626,2.7472898960113525,232300,0.0,0.0
2016-09-19 00:00:00-04:00,2.7472911120155366,2.754997390971775,2.735731601715088,2.735731601715088,314300,0.0,0.0
2016-09-20 00:00:00-04:00,2.7549960426484685,2.758849088374776,2.7395834922790527,2.7395834922790527,192100,0.0,0.0
2016-09-21 00:00:00-04:00,2.754996316886062,2.770408868789673,2.7472900409342564,2.770408868789673,314800,0.0,0.0
2016-09-22 00:00:00-04:00,2.7896745916317625,2.8050873279571533,2.7896745916317625,2.8050873279571533,287300,0.0,0.0
2016-09-23 00:00:00-04:00,2.793528444123638,2.805087953010438,2.7858221661098246,2.801234722137451,267200,0.0,0.0
2016-09-26 00:00:00-04:00,2.7935278251344897,2.797381055153679,2.7704089962157137,2.7781152725219727,294100,0.0,0.0
2016-09-27 00:00:00-04:00,2.774261494089615,2.7896740436553955,2.754995898998432,2.7896740436553955,172700,0.0,0.0
2016-09-28 00:00:00-04:00,2.801234722137451,2.801234722137451,2.7781158880960115,2.801234722137451,205100,0.0,0.0
2016-09-29 00:00:00-04:00,2.7896745951153004,2.7935278251344897,2.7704089962157137,2.7781152725219727,302200,0.0,0.0
2016-09-30 00:00:00-04:00,2.785822130740552,2.8127941953125366,2.778115852824579,2.797381639480591,362400,0.0,0.0
2016-10-03 00:00:00-04:00,2.8075048464048566,2.811398653919384,2.7841414442902472,2.791929244995117,213000,0.076,0.0
2016-10-04 00:00:00-04:00,2.795823530786267,2.795823530786267,2.7724601246749208,2.780247926712036,277300,0.0,0.0
2016-10-05 00:00:00-04:00,2.7958236279883852,2.8036114302962583,2.7802480233726388,2.784142017364502,228200,0.0,0.0
2016-10-06 00:00:00-04:00,2.788034918545447,2.7997167110443115,2.784141111496354,2.7997167110443115,281500,0.0,0.0
2016-10-07 00:00:00-04:00,2.799718144917233,2.799718144917233,2.7685669298672537,2.788036346435547,313500,0.0,0.0
2016-10-10 00:00:00-04:00,2.7958241501980416,2.8036119539605364,2.780248542673052,2.788036346435547,171600,0.0,0.0
2016-10-11 00:00:00-04:00,2.7802476438440404,2.7958232463335784,2.7724598425992717,2.7763538360595703,348500,0.0,0.0
2016-10-12 00:00:00-04:00,2.7763535962166555,2.7763535962166555,2.756884001948754,2.764671802520752,335700,0.0,0.0
2016-10-13 00:00:00-04:00,2.7490974036868736,2.7490974036868736,2.7296279865798883,2.7374157905578613,198600,0.0,0.0
2016-10-14 00:00:00-04:00,2.7529903415388586,2.764671950182869,2.733520746231079,2.733520746231079,204500,0.0,0.0
2016-10-17 00:00:00-04:00,2.737413386310776,2.741307192041919,2.6595352292548844,2.6867926120758057,880800,0.0,0.0
2016-10-18 00:00:00-04:00,2.7062631599027185,2.749096155166626,2.702369352520077,2.749096155166626,434000,0.0,0.0
2016-10-19 00:00:00-04:00,2.7529901945006605,2.7724596030927504,2.745202393928662,2.764671802520752,361500,0.0,0.0
2016-10-20 00:00:00-04:00,2.7568832429792383,2.760777235031128,2.7490954445512195,2.760777235031128,145700,0.0,0.0
2016-10-21 00:00:00-04:00,2.7568840980529785,2.7568840980529785,2.7490962972094994,2.7568840980529785,169300,0.0,0.0
2016-10-24 00:00:00-04:00,2.7685650334591463,2.7841406303151834,2.760777235031128,2.760777235031128,160600,0.0,0.0
2016-10-25 00:00:00-04:00,2.772460460662842,2.772460460662842,2.760778849029425,2.772460460662842,289800,0.0,0.0
2016-10-26 00:00:00-04:00,2.768566652010326,2.772460460662842,2.760778849029425,2.772460460662842,227100,0.0,0.0
2016-10-27 00:00:00-04:00,2.7724599395123777,2.776353933108793,2.7607783300748006,2.768566131591797,416900,0.0,0.0
2016-10-28 00:00:00-04:00,2.7724598948788084,2.7724598948788084,2.752990484237671,2.752990484237671,210600,0.0,0.0
2016-10-31 00:00:00-04:00,2.760777948666168,2.764671756048809,2.749096155166626,2.749096155166626,337400,0.0,0.0
2016-11-01 00:00:00-04:00,2.7553939185664245,2.7553939185664245,2.7120948187196983,2.7199673652648926,299000,0.076,0.0
2016-11-02 00:00:00-04:00,2.7042229467216825,2.7278405922485014,2.676669120788574,2.676669120788574,425800,0.0,0.0
2016-11-03 00:00:00-04:00,2.6766696126581304,2.692414712569357,2.649115593965285,2.6569881439208984,285100,0.0,0.0
2016-11-04 00:00:00-04:00,2.6412431882793035,2.6569882890505574,2.6333706378936768,2.6333706378936768,275700,0.0,0.0
2016-11-07 00:00:00-05:00,2.6687966495273865,2.6766691982641952,2.6569877325739895,2.6727328300476074,318000,0.0,0.0
2016-11-08 00:00:00-05:00,2.668795566847922,2.70422192794358,2.668795566847922,2.6963493824005127,234800,0.0,0.0
2016-11-09 00:00:00-05:00,2.660923021304855,2.7002857490201917,2.649114109142108,2.6963493824005127,500000,0.0,0.0
2016-11-10 00:00:00-05:00,2.7042219596507002,2.7357121421921935,2.7042219596507002,2.7239034175872803,298500,0.0,0.0
2016-11-11 00:00:00-05:00,2.7120949877554685,2.716031355121564,2.696349893683741,2.7042224407196045,276800,0.0,0.0
2016-11-14 00:00:00-05:00,2.7081592927865605,2.7120954731608187,2.6373061690863118,2.6491150856018066,529300,0.0,0.0
2016-11-15 00:00:00-05:00,2.6648595394485324,2.7199673652648926,2.6530506257825834,2.7199673652648926,313500,0.0,0.0
2016-11-16 00:00:00-05:00,2.716031185840453,2.727839911810087,2.7081586392952586,2.7199673652648926,329700,0.0,0.0
2016-11-17 00:00:00-05:00,2.719967941905266,2.7435855865478516,2.719967941905266,2.7435855865478516,308900,0.0,0.0
2016-11-18 00:00:00-05:00,2.7475210544934003,2.7475210544934003,2.716030871951907,2.7239034175872803,345000,0.0,0.0
2016-11-21 00:00:00-05:00,2.7199690642143253,2.72784161567688,2.7160328823312647,2.72784161567688,436100,0.0,0.0
2016-11-22 00:00:00-05:00,2.743587125485152,2.7593324184417725,2.7317783903882615,2.7593324184417725,324700,0.0,0.0
2016-11-23 00:00:00-05:00,2.7357145728550716,2.7593324184417725,2.7357145728550716,2.7593324184417725,205400,0.0,0.0
2016-11-25 00:00:00-05:00,2.7711405754089355,2.77507694475098,2.7632680244212677,2.7711405754089355,207500,0.0,0.0
2016-11-28 00:00:00-05:00,2.775077552635868,2.775077552635868,2.75145970680292,2.767204999923706,435600,0.0,0.0
2016-11-29 00:00:00-05:00,2.7553951740264893,2.763267724158709,2.7435862549799594,2.7553951740264893,395300,0.0,0.0
2016-11-30 00:00:00-05:00,2.7396484767355287,2.7514572012019842,2.6963493824005127,2.6963493824005127,1955000,0.0,0.0
2016-12-01 00:00:00-05:00,2.6947581202945052,2.7266016128553914,2.6907777786254883,2.6907777786254883,417800,0.076,0.0
2016-12-02 00:00:00-05:00,2.682816695557443,2.7066995046011337,2.682816695557443,2.70271897315979,298500,0.0,0.0
2016-12-05 00:00:00-05:00,2.706699666057982,2.72262141316873,2.706699666057982,2.7106800079345703,387500,0.0,0.0
2016-12-06 00:00:00-05:00,2.7027190650225354,2.7465039633545922,2.7027190650225354,2.742523431777954,479300,0.0,0.0
2016-12-07 00:00:00-05:00,2.7345635319721957,2.782328789083841,2.7345635319721957,2.778348445892334,407500,0.0,0.0
2016-12-08 00:00:00-05:00,2.7863086608638516,2.790289192913006,2.770386912271664,2.7823281288146973,345200,0.0,0.0
2016-12-09 00:00:00-05:00,2.7902889814037772,2.794269323348999,2.7743670442162878,2.794269323348999,343200,0.0,0.0
2016-12-12 00:00:00-05:00,2.7942689227068542,2.7942689227068542,2.7823275189789456,2.7863080501556396,386000,0.0,0.0
2016-12-13 00:00:00-05:00,2.7942706942723956,2.818153327067612,2.7902903503743395,2.8141729831695557,402400,0.0,0.0
2016-12-14 00:00:00-05:00,2.7942697445532696,2.810191494338581,2.7902894020080566,2.7902894020080566,356500,0.0,0.0
2016-12-15 00:00:00-05:00,2.8022301970416437,2.810191070734288,2.7902889814037772,2.794269323348999,557200,0.0,0.0
2016-12-16 00:00:00-05:00,2.77834757596371,2.806210728789066,2.7743670442162878,2.794269323348999,908600,0.0,0.0
2016-12-19 00:00:00-05:00,2.798249202412018,2.798249202412018,2.762425184249878,2.762425184249878,716500,0.0,0.0
2016-12-20 00:00:00-05:00,2.758445978164673,2.7823286051415934,2.7504851025056993,2.758445978164673,726900,0.0,0.0
2016-12-21 00:00:00-05:00,2.7544638945497453,2.782326846847005,2.7544638945497453,2.7664051055908203,404800,0.0,0.0
2016-12-22 00:00:00-05:00,2.7664055252666957,2.7743663971024874,2.758444653430904,2.762425184249878,461400,0.0,0.0
2016-12-23 00:00:00-05:00,2.7624257100567595,2.7664060518312055,2.742523431777954,2.742523431777954,585000,0.0,0.0
2016-12-27 00:00:00-05:00,2.7425223462806043,2.7584440866809063,2.7425223462806043,2.7465028762817383,343700,0.0,0.0
2016-12-28 00:00:00-05:00,2.75895460253868,2.762970640087382,2.722811222076416,2.722811222076416,657500,0.061,0.0
2016-12-29 00:00:00-05:00,2.718794107437134,2.734857868277623,2.718794107437134,2.718794107437134,526200,0.0,0.0
2016-12-30 00:00:00-05:00,2.7187951845277145,2.7348589517321007,2.7107633009255214,2.722811222076416,632500,0.0,0.0
2017-01-03 00:00:00-05:00,2.7308413982391357,2.762968912560405,2.7187934846211146,2.7308413982391357,1980300,0.0,0.0
2017-01-04 00:00:00-05:00,2.734858402191918,2.7669859301450117,2.734858402191918,2.7589540481567383,1961700,0.0,0.0
2017-01-05 00:00:00-05:00,2.7669862177435816,2.7870660205489313,2.754938489256525,2.77903413772583,1983500,0.0,0.0
2017-01-06 00:00:00-05:00,2.783048246518053,2.7991120021390317,2.771000525549855,2.7950961589813232,476600,0.0,0.0
2017-01-09 00:00:00-05:00,2.795097980587292,2.795097980587292,2.7790342144973232,2.783050060272217,575000,0.0,0.0
2017-01-10 00:00:00-05:00,2.7950961917933266,2.7991120349981777,2.7830482791886246,2.78706431388855,701400,0.0,0.0
2017-01-11 00:00:00-05:00,2.7870650723950026,2.7991127967834473,2.7790331923043303,2.7991127967834473,430600,0.0,0.0
2017-01-12 00:00:00-05:00,2.791080157093401,2.7991120349981777,2.7830482791886246,2.78706431388855,667900,0.0,0.0
2017-01-13 00:00:00-05:00,2.7991120349981777,2.8071439129029545,2.78706431388855,2.78706431388855,569500,0.0,0.0
2017-01-17 00:00:00-05:00,2.7870642811708337,2.7991120021390317,2.7870642811708337,2.7950961589813232,581200,0.0,0.0
2017-01-18 00:00:00-05:00,2.8071442324919023,2.811160267649047,2.787064631191467,2.7910804748535156,335500,0.0,0.0
2017-01-19 00:00:00-05:00,2.803129420301305,2.803129420301305,2.7710018932025204,2.775017738342285,361200,0.0,0.0
2017-01-20 00:00:00-05:00,2.7790323386727454,2.8151758837261696,2.775016304113446,2.81115984916687,1271500,0.0,0.0
2017-01-23 00:00:00-05:00,2.8111611551383944,2.823209072918285,2.807145118713379,2.807145118713379,307900,0.0,0.0
2017-01-24 00:00:00-05:00,2.819193124771118,2.819193124771118,2.8111612431647397,2.819193124771118,280200,0.0,0.0
2017-01-25 00:00:00-05:00,2.831239667705116,2.847303423115196,2.8272236331050613,2.8392715454101562,542900,0.0,0.0
2017-01-26 00:00:00-05:00,2.8473037414241418,2.8553356200270907,2.8352558277721736,2.843287706375122,420400,0.0,0.0
2017-01-27 00:00:00-05:00,2.847303423115196,2.847303423115196,2.8352555108101014,2.8392715454101562,276100,0.0,0.0
2017-01-30 00:00:00-05:00,2.843287706375122,2.843287706375122,2.8151762270123473,2.843287706375122,394600,0.0,0.0
2017-01-31 00:00:00-05:00,2.827223744841297,2.8352556228637695,2.8232079015775997,2.8352556228637695,434400,0.0,0.0
2017-02-01 00:00:00-05:00,2.8518642109016725,2.8599660901818007,2.835660452341416,2.847813367843628,564900,0.061,0.0
2017-02-02 00:00:00-05:00,2.847813784992652,2.851864628644066,2.8356608677102755,2.839711904525757,365700,0.0,0.0
2017-02-03 00:00:00-05:00,2.8478146850823007,2.859967413041641,2.8478146850823007,2.851865530014038,315500,0.0,0.0
2017-02-06 00:00:00-05:00,2.8478146850823007,2.8559165681099037,2.843763646986435,2.851865530014038,214700,0.0,0.0
2017-02-07 00:00:00-05:00,2.851865530014038,2.8559165681099037,2.8478146850823007,2.851865530014038,268500,0.0,0.0
2017-02-08 00:00:00-05:00,2.855916557249788,2.8680692851629157,2.8397127912561997,2.864018440246582,446800,0.0,0.0
2017-02-09 00:00:00-05:00,2.8680693422405303,2.8761712253985605,2.855916614085551,2.8721203804016113,233100,0.0,0.0
2017-02-10 00:00:00-05:00,2.8721219861960936,2.8923766088334,2.868070945770089,2.88427472114563,368800,0.0,0.0
2017-02-13 00:00:00-05:00,2.8923749923706055,2.9004768755304733,2.8842731092107377,2.8923749923706055,437000,0.0,0.0
2017-02-14 00:00:00-05:00,2.8964254317794196,2.9126291947494902,2.884272512969821,2.9085781574249268,290200,0.0,0.0
2017-02-15 00:00:00-05:00,2.9166815133707464,2.932885284532258,2.9085796277899907,2.9288344383239746,417300,0.0,0.0
2017-02-16 00:00:00-05:00,2.932885284532258,2.9369363239047304,2.9166815133707464,2.9288344383239746,395100,0.0,0.0
2017-02-17 00:00:00-05:00,2.9247817993164062,2.9247817993164062,2.900476155867493,2.9247817993164062,456100,0.0,0.0
2017-02-21 00:00:00-05:00,2.9207310762345253,2.9207310762345253,2.9045273132644547,2.9085781574249268,523500,0.0,0.0
2017-02-22 00:00:00-05:00,2.912630667162463,2.9288344383239746,2.9085796277899907,2.9288344383239746,248500,0.0,0.0
2017-02-23 00:00:00-05:00,2.9288344383239746,2.940987363277203,2.920732552743219,2.9288344383239746,310000,0.0,0.0
2017-02-24 00:00:00-05:00,2.928833133486441,2.936935015457691,2.9166802139475143,2.9328839778900146,398500,0.0,0.0
2017-02-27 00:00:00-05:00,2.9369363092043232,2.9409873485565186,2.9288344236641204,2.9409873485565186,343500,0.0,0.0
2017-02-28 00:00:00-05:00,2.9409872888888313,2.9531400203704834,2.9369362496188245,2.9531400203704834,483100,0.0,0.0
2017-03-01 00:00:00-05:00,2.9658033043187033,2.9739735533060507,2.9617180824279785,2.9617180824279785,350900,0.061,0.0
2017-03-02 00:00:00-05:00,2.9576333563641044,2.961718578939688,2.9126970767974854,2.9126970767974854,462600,0.0,0.0
2017-03-03 00:00:00-05:00,2.9331227145128964,2.9412929651741635,2.9167822131903622,2.9372079372406006,443200,0.0,0.0
2017-03-06 00:00:00-05:00,2.9290364166323877,2.937206663751268,2.9208661695135074,2.9331214427948,316500,0.0,0.0
2017-03-07 00:00:00-05:00,2.9208673271545194,2.9249523549359693,2.9086118542219017,2.9126970767974854,290800,0.0,0.0
2017-03-08 00:00:00-05:00,2.920864208097293,2.9249492315165333,2.8922682649869067,2.8963534832000732,400500,0.0,0.0
2017-03-09 00:00:00-05:00,2.912696485613417,2.9167815125657373,2.884100517770797,2.888185739517212,437900,0.0,0.0
2017-03-10 00:00:00-05:00,2.9126961219219254,2.9331216437212997,2.9086109006856087,2.9290366172790527,477600,0.0,0.0
2017-03-13 00:00:00-04:00,2.9372079372406006,2.9412929651741635,2.9290376865793335,2.9372079372406006,136600,0.0,0.0
2017-03-14 00:00:00-04:00,2.929036296709629,2.9331213227047885,2.9086105823516846,2.9086105823516846,298400,0.0,0.0
2017-03-15 00:00:00-04:00,2.924953448028519,2.941293954849243,2.9208684187204415,2.941293954849243,278900,0.0,0.0
2017-03-16 00:00:00-04:00,2.941292008320117,2.9576325043268,2.941292008320117,2.953547477722168,390900,0.0,0.0
2017-03-17 00:00:00-04:00,2.9617180018546594,2.9617180018546594,2.9453775043245063,2.9576327800750732,267100,0.0,0.0
2017-03-20 00:00:00-04:00,2.9576344616699677,2.9576344616699677,2.941293954849243,2.941293954849243,266100,0.0,0.0
2017-03-21 00:00:00-04:00,2.9576344616699677,2.9576344616699677,2.9290386721308037,2.941293954849243,463000,0.0,0.0
2017-03-22 00:00:00-04:00,2.941293954849243,2.945379178951528,2.9290386721308037,2.941293954849243,281300,0.0,0.0
2017-03-23 00:00:00-04:00,2.9412922825449197,2.9617180018546594,2.9372072555594295,2.9576327800750732,278600,0.0,0.0
2017-03-24 00:00:00-04:00,2.957632860537254,2.9698883314153264,2.953547833440631,2.9617180824279785,319900,0.0,0.0
2017-03-27 00:00:00-04:00,2.953547833440631,2.9658033043187033,2.9453775844532837,2.9617180824279785,353800,0.0,0.0
2017-03-28 00:00:00-04:00,2.9658029063177547,2.9821434020996094,2.957632463632752,2.9821434020996094,413300,0.0,0.0
2017-03-29 00:00:00-04:00,2.986228821773238,2.994399070739746,2.9780585728067295,2.994399070739746,428000,0.0,0.0
2017-03-30 00:00:00-04:00,2.994399070739746,2.998484292620051,2.982143794687034,2.994399070739746,395100,0.0,0.0
2017-03-31 00:00:00-04:00,2.994399389196459,2.9984846115112305,2.978058889525618,2.9984846115112305,330300,0.0,0.0
2017-04-03 00:00:00-04:00,3.0071349148911306,3.0071349148911306,2.9659411298551093,2.9700605869293213,428300,0.061,0.0
2017-04-04 00:00:00-04:00,2.974179922171224,2.986538097277286,2.9700606614202236,2.978299379348755,397600,0.0,0.0
2017-04-05 00:00:00-04:00,2.9906574512105273,2.9988961688546394,2.978299276531098,2.9824185371398926,266700,0.0,0.0
2017-04-06 00:00:00-04:00,2.990657064695567,3.0030150413513184,2.982418151689736,3.0030150413513184,251600,0.0,0.0
2017-04-07 00:00:00-04:00,2.990657465141061,3.003015443451531,2.990657465141061,2.994776725769043,247000,0.0,0.0
2017-04-10 00:00:00-04:00,2.9906572418449184,3.0112539363000335,2.98653778509799,3.0071346759796143,305000,0.0,0.0
2017-04-11 00:00:00-04:00,3.0153729915618896,3.0153729915618896,2.99477610342266,3.0153729915618896,223600,0.0,0.0
2017-04-12 00:00:00-04:00,3.011253860637434,3.0153733172808543,2.9988958835601807,2.9988958835601807,489700,0.0,0.0
2017-04-13 00:00:00-04:00,3.0071346759796143,3.0194926533673816,2.9988959589122666,3.0071346759796143,475500,0.0,0.0
2017-04-17 00:00:00-04:00,3.0071346004205175,3.0071346004205175,2.9947764269167605,2.9988958835601807,274000,0.0,0.0
2017-04-18 00:00:00-04:00,2.9988958835601807,2.9988958835601807,2.982418253413003,2.9988958835601807,277200,0.0,0.0
2017-04-19 00:00:00-04:00,2.9988960468683112,3.0030153073095462,2.986537872691576,2.990657329559326,325600,0.0,0.0
2017-04-20 00:00:00-04:00,3.0071346759796143,3.015373393046962,2.9824183283510615,3.0071346759796143,432500,0.0,0.0
2017-04-21 00:00:00-04:00,3.007134497854234,3.0153732144335677,2.9988957812749004,3.0030150413513184,415500,0.0,0.0
2017-04-24 00:00:00-04:00,3.0194916912684198,3.04008857558727,3.0153724322605178,3.0318498611450195,476800,0.0,0.0
2017-04-25 00:00:00-04:00,3.0442079846412287,3.0730435848236084,3.0400887254302917,3.0730435848236084,519500,0.0,0.0
2017-04-26 00:00:00-04:00,3.0689238127718252,3.073043267984491,3.06068509877293,3.0648045539855957,483700,0.0,0.0
2017-04-27 00:00:00-04:00,3.068924129186216,3.077162844034545,3.0606854143378865,3.0730435848236084,328900,0.0,0.0
2017-04-28 00:00:00-04:00,3.0771625236263844,3.0895206928253174,3.073043264844364,3.0895206928253174,328000,0.0,0.0
2017-05-01 00:00:00-04:00,3.1065497344857733,3.1065497344857733,3.085783948542518,3.094090223312378,416400,0.061,0.0
2017-05-02 00:00:00-04:00,3.1065529128424236,3.1065529128424236,3.065021496501766,3.0733277797698975,525800,0.0,0.0
2017-05-03 00:00:00-04:00,3.0733277797698975,3.0857871056533877,3.0691745391171246,3.0733277797698975,294600,0.0,0.0
2017-05-04 00:00:00-04:00,3.081630725577048,3.085783763694592,3.056711902760182,3.0650181770324707,317100,0.0,0.0
2017-05-05 00:00:00-04:00,3.0774781703948975,3.081631407468654,3.065018855248115,3.0774781703948975,327500,0.0,0.0
2017-05-08 00:00:00-04:00,3.0733239328911464,3.0857832431793213,3.0650176600199743,3.0857832431793213,322800,0.0,0.0
2017-05-09 00:00:00-04:00,3.0857832431793213,3.0940895160504933,3.0733239328911464,3.0857832431793213,263500,0.0,0.0
2017-05-10 00:00:00-04:00,3.0899364786334904,3.0899364786334904,3.0774769703081493,3.0857832431793213,257700,0.0,0.0
2017-05-11 00:00:00-04:00,3.0857871056533877,3.0899403463061605,3.060868255848993,3.0733277797698975,387500,0.0,0.0
2017-05-12 00:00:00-04:00,3.073324221036457,3.073324221036457,3.035945890593124,3.0567116737365723,392100,0.0,0.0
2017-05-15 00:00:00-04:00,3.0733277797698975,3.0774808223852563,3.0567152132336344,3.0733277797698975,449500,0.0,0.0
2017-05-16 00:00:00-04:00,3.085783973645685,3.09824348492044,3.0774776988082526,3.089937210083008,331800,0.0,0.0
2017-05-17 00:00:00-04:00,3.0816319356440642,3.0816319356440642,3.0442535877227783,3.0442535877227783,439700,0.0,0.0
2017-05-18 00:00:00-04:00,3.0317926243922644,3.060864480958396,3.0317926243922644,3.048405170440674,315700,0.0,0.0
2017-05-19 00:00:00-04:00,3.0857851244124888,3.110703958217645,3.0608662906073327,3.1023976802825928,538500,0.0,0.0
2017-05-22 00:00:00-04:00,3.1148560100636065,3.1273155212402344,3.1107027736589936,3.1273155212402344,503200,0.0,0.0
2017-05-23 00:00:00-04:00,3.1356210546365033,3.1397740920219745,3.127314781828396,3.131467819213867,390600,0.0,0.0
2017-05-24 00:00:00-04:00,3.1314692523178222,3.1439287662506104,3.123162975708382,3.1439287662506104,552600,0.0,0.0
2017-05-25 00:00:00-04:00,3.1522352328482643,3.181307103714867,3.1397757181645294,3.177154064178467,628500,0.0,0.0
2017-05-26 00:00:00-04:00,3.1771533442579587,3.1771533442579587,3.152234518574186,3.164693832397461,560500,0.0,0.0
2017-05-30 00:00:00-04:00,3.1646943587555834,3.1730006353650237,3.1397755289272626,3.1439287662506104,510000,0.0,0.0
2017-05-31 00:00:00-04:00,3.1480817794799805,3.173000609102048,3.1273161871468846,3.1480817794799805,548500,0.0,0.0
2017-06-01 00:00:00-04:00,3.152686265181949,3.1610599256619034,3.1150046932002473,3.1317520141601562,692400,0.061,0.0
2017-06-02 00:00:00-04:00,3.13175271677291,3.13175271677291,3.1066317296971206,3.119192123413086,570900,0.0,0.0
2017-06-05 00:00:00-04:00,3.1150048543304307,3.13175217615663,3.1108179240519687,3.1233785152435303,313300,0.0,0.0
2017-06-06 00:00:00-04:00,3.131752022076483,3.131752022076483,3.0731363985686357,3.10663104057312,455500,0.0,0.0
2017-06-07 00:00:00-04:00,3.1066327816443478,3.115006446838379,3.1024458492253695,3.115006446838379,229400,0.0,0.0
2017-06-08 00:00:00-04:00,3.127566844807462,3.127566844807462,3.1066327816443478,3.115006446838379,237100,0.0,0.0
2017-06-09 00:00:00-04:00,3.127566844807462,3.1359405100014928,3.1108195144194,3.115006446838379,205500,0.0,0.0
2017-06-12 00:00:00-04:00,3.127566844807462,3.1317537772264403,3.115006446838379,3.115006446838379,281900,0.0,0.0
2017-06-13 00:00:00-04:00,3.1317520141601562,3.1401256746401107,3.1150046932002473,3.1317520141601562,304700,0.0,0.0
2017-06-14 00:00:00-04:00,3.1443135738372803,3.1443135738372803,3.1317529794240357,3.1443135738372803,297700,0.0,0.0
2017-06-15 00:00:00-04:00,3.1359394481302787,3.1359394481302787,3.11081846105449,3.119192123413086,427400,0.0,0.0
2017-06-16 00:00:00-04:00,3.127566048071662,3.1526872368981516,3.127566048071662,3.1443135738372803,435300,0.0,0.0
2017-06-19 00:00:00-04:00,3.1610592802634008,3.16524600982666,3.1568723510563688,3.16524600982666,206400,0.0,0.0
2017-06-20 00:00:00-04:00,3.1694344608858196,3.1694344608858196,3.1401265412952712,3.1485002040863037,247000,0.0,0.0
2017-06-21 00:00:00-04:00,3.156872995600019,3.156872995600019,3.1191914236183176,3.1317520141601562,325200,0.0,0.0
2017-06-22 00:00:00-04:00,3.1359387525051363,3.140125682577604,3.1024441105006524,3.10663104057312,329800,0.0,0.0
2017-06-23 00:00:00-04:00,3.1526876026290873,3.1526876026290873,3.102445418791585,3.1359400749206543,533100,0.0,0.0
2017-06-26 00:00:00-04:00,3.144314031423052,3.1736217565792595,3.140127099461363,3.1694350242614746,474600,0.0,0.0
2017-06-27 00:00:00-04:00,3.173619668596951,3.173619668596951,3.148498692286078,3.16524600982666,331000,0.0,0.0
2017-06-28 00:00:00-04:00,3.1652472771318134,3.1819946013777076,3.1652472771318134,3.1736209392547607,350400,0.0,0.0
2017-06-29 00:00:00-04:00,3.1819943108492277,3.1819943108492277,3.1359390735561146,3.152686595916748,322200,0.0,0.0
2017-06-30 00:00:00-04:00,3.173619668596951,3.177806597803983,3.1401250335157864,3.16524600982666,517900,0.0,0.0
2017-07-03 00:00:00-04:00,3.178330335923226,3.1909928935215293,3.1572258049024216,3.186772108078003,227400,0.061,0.0
2017-07-05 00:00:00-04:00,3.190994441937035,3.190994441937035,3.165669113183704,3.1741108894348145,354700,0.0,0.0
2017-07-06 00:00:00-04:00,3.1909967246968773,3.1909967246968773,3.1614503860473633,3.1614503860473633,273100,0.0,0.0
2017-07-07 00:00:00-04:00,3.186773325970875,3.186773325970875,3.169889775208915,3.1825523376464844,300500,0.0,0.0
2017-07-10 00:00:00-04:00,3.169891264704449,3.1867748233997992,3.169891264704449,3.178333044052124,279500,0.0,0.0
2017-07-11 00:00:00-04:00,3.1698899269104004,3.1825524899539626,3.165668938384006,3.1698899269104004,293400,0.0,0.0
2017-07-12 00:00:00-04:00,3.190994887152371,3.207878442010226,3.1867740990718323,3.199436664581299,356200,0.0,0.0
2017-07-13 00:00:00-04:00,3.2036572988241736,3.212099075317383,3.1952155223309644,3.212099075317383,231500,0.0,0.0
2017-07-14 00:00:00-04:00,3.2163198629300735,3.2163198629300735,3.1952155223309644,3.212099075317383,411900,0.0,0.0
2017-07-17 00:00:00-04:00,3.2205422345024655,3.2247630239272893,3.1825541233394805,3.1952168941497803,516800,0.0,0.0
2017-07-18 00:00:00-04:00,3.19521587650076,3.2036576539296875,3.1867740990718323,3.199436664581299,413900,0.0,0.0
2017-07-19 00:00:00-04:00,3.2078779969272344,3.2289825382052895,3.2078779969272344,3.220540761947632,337600,0.0,0.0
2017-07-20 00:00:00-04:00,3.2289820858324334,3.2374238609074184,3.2036567606074797,3.2163193225860596,455700,0.0,0.0
2017-07-21 00:00:00-04:00,3.212098985689974,3.2289825382052895,3.2036572094323166,3.220540761947632,277800,0.0,0.0
2017-07-24 00:00:00-04:00,3.228982448577881,3.228982448577881,3.207877907885628,3.228982448577881,373400,0.0,0.0
2017-07-25 00:00:00-04:00,3.2374238075630064,3.2754118954083884,3.2374238075630064,3.266969919204712,759400,0.0,0.0
2017-07-26 00:00:00-04:00,3.2838557987413055,3.2880765883110143,3.237425905866985,3.271193027496338,499600,0.0,0.0
2017-07-27 00:00:00-04:00,3.2880741534432976,3.2880741534432976,3.2289817343507434,3.2500860691070557,349400,0.0,0.0
2017-07-28 00:00:00-04:00,3.2500863693329403,3.266969919204712,3.2374238075630064,3.266969919204712,344500,0.0,0.0
2017-07-31 00:00:00-04:00,3.279633943556791,3.2880757217393,3.245866830826754,3.2627503871917725,439500,0.0,0.0
2017-08-01 00:00:00-04:00,3.3014642822609708,3.3014642822609708,3.2461561995473738,3.27593731880188,484900,0.061,0.0
2017-08-02 00:00:00-04:00,3.280191880334615,3.280191880334615,3.2504105582114486,3.27593731880188,427200,0.0,0.0
2017-08-03 00:00:00-04:00,3.2759397202822518,3.280194284933864,3.241904014544588,3.250412940979004,362000,0.0,0.0
2017-08-04 00:00:00-04:00,3.254664898968637,3.2801916578274968,3.250410337724504,3.263173818588257,289300,0.0,0.0
2017-08-07 00:00:00-04:00,3.2716829601378046,3.280191880334615,3.2631740399409943,3.27593731880188,313300,0.0,0.0
2017-08-08 00:00:00-04:00,3.2759385246805914,3.2972109344373584,3.2716841644504786,3.2887020111083984,428100,0.0,0.0
2017-08-09 00:00:00-04:00,3.2801916578274968,3.2887005774471167,3.254664898968637,3.263173818588257,520900,0.0,0.0
2017-08-10 00:00:00-04:00,3.246155931111821,3.254664850605,3.1568121749991183,3.1695754528045654,671600,0.0,0.0
2017-08-11 00:00:00-04:00,3.1440498893459488,3.1993579885079724,3.1057598385073106,3.1908490657806396,630300,0.0,0.0
2017-08-14 00:00:00-04:00,3.220629913111258,3.224884272401677,3.1993575080530916,3.2163753509521484,300600,0.0,0.0
2017-08-15 00:00:00-04:00,3.207865733335134,3.2248835725409983,3.207865733335134,3.212120294570923,251900,0.0,0.0
2017-08-16 00:00:00-04:00,3.2248842873481247,3.25041105181502,3.2248842873481247,3.246156692504883,373500,0.0,0.0
2017-08-17 00:00:00-04:00,3.2376482401329256,3.2419026000594955,3.186594500933045,3.1993579864501953,341600,0.0,0.0
2017-08-18 00:00:00-04:00,3.17808654090177,3.20786788088386,3.17808654090177,3.203613519668579,222700,0.0,0.0
2017-08-21 00:00:00-04:00,3.207866909172055,3.2121214719673454,3.190849063728335,3.1993579864501953,212400,0.0,0.0
2017-08-22 00:00:00-04:00,3.203612779975091,3.2333939102121283,3.203612779975091,3.2248849868774414,181400,0.0,0.0
2017-08-23 00:00:00-04:00,3.2206292204901574,3.271682738207877,3.2206292204901574,3.263173818588257,455300,0.0,0.0
2017-08-24 00:00:00-04:00,3.2801923751831055,3.284446734488992,3.2674288915280663,3.2801923751831055,486700,0.0,0.0
2017-08-25 00:00:00-04:00,3.288702236556139,3.3312468561174655,3.2801933126438736,3.3227379322052,685300,0.0,0.0
2017-08-28 00:00:00-04:00,3.3184847831726074,3.3312480722661633,3.314230218228874,3.3184847831726074,424700,0.0,0.0
2017-08-29 00:00:00-04:00,3.309974431991577,3.3142287922359905,3.292956382407717,3.309974431991577,238300,0.0,0.0
2017-08-30 00:00:00-04:00,3.3099746413435884,3.3397557735443115,3.301465717447847,3.3397557735443115,343500,0.0,0.0
2017-08-31 00:00:00-04:00,3.339756031679726,3.3567738807865486,3.31848382173058,3.3355016708374023,393500,0.0,0.0
2017-09-01 00:00:00-04:00,3.3445069756830677,3.36594599976305,3.3402190481912895,3.34879469871521,277300,0.061,0.0
2017-09-05 00:00:00-04:00,3.340217767478862,3.3487934147146916,3.3144908257713723,3.323066473007202,248600,0.0,0.0
2017-09-06 00:00:00-04:00,3.3273563640718637,3.344507668673498,3.323068435691616,3.3359320163726807,212400,0.0,0.0
2017-09-07 00:00:00-04:00,3.3402176228151874,3.353081195341594,3.331641975950766,3.344505548477173,203900,0.0,0.0
2017-09-08 00:00:00-04:00,3.344507163675723,3.344507163675723,3.3273558616638184,3.3273558616638184,277900,0.0,0.0
2017-09-11 00:00:00-04:00,3.344505548477173,3.353081195341594,3.3359299016127513,3.344505548477173,417600,0.0,0.0
2017-09-12 00:00:00-04:00,3.361658626063893,3.3873855803091177,3.353082974648818,3.378809928894043,374500,0.0,0.0
2017-09-13 00:00:00-04:00,3.374521258300679,3.3959604843499056,3.3702335357666016,3.3702335357666016,361600,0.0,0.0
2017-09-14 00:00:00-04:00,3.3788087931695916,3.421687035832233,3.374520866673533,3.400247812271118,619100,0.0,0.0
2017-09-15 00:00:00-04:00,3.40453502402098,3.40453502402098,3.3873837305566563,3.3959593772888184,385300,0.0,0.0
2017-09-18 00:00:00-04:00,3.4002470984251265,3.41739839188945,3.3916714516929645,3.3959593772888184,480000,0.0,0.0
2017-09-19 00:00:00-04:00,3.3959603854677445,3.4259750557111714,3.3959603854677445,3.4173994064331055,296800,0.0,0.0
2017-09-20 00:00:00-04:00,3.425973243217257,3.451700381900247,3.417397598476093,3.443124532699585,334000,0.0,0.0
2017-09-21 00:00:00-04:00,3.4388380339781324,3.4645647713502368,3.4388380339781324,3.4517014026641846,360900,0.0,0.0
2017-09-22 00:00:00-04:00,3.4645647713502368,3.4731406230870165,3.4474134767957945,3.4517014026641846,345400,0.0,0.0
2017-09-25 00:00:00-04:00,3.447415120903352,3.473142279464119,3.4388396739959717,3.4388396739959717,391700,0.0,0.0
2017-09-26 00:00:00-04:00,3.4431264711789265,3.4688536243462975,3.4388389530837205,3.4474143981933594,483300,0.0,0.0
2017-09-27 00:00:00-04:00,3.455989151960173,3.4688525199890137,3.4431253750122357,3.4688525199890137,291600,0.0,0.0
2017-09-28 00:00:00-04:00,3.4688526972186264,3.477428140036289,3.4474134767957945,3.4517014026641846,353800,0.0,0.0
2017-09-29 00:00:00-04:00,3.4688527549004586,3.490291975679793,3.460276903021075,3.4774281978607178,477700,0.0,0.0
2017-10-02 00:00:00-04:00,3.4817161238004095,3.49457949270036,3.443125608181433,3.4774281978607178,662400,0.0,0.0
2017-10-03 00:00:00-04:00,3.47786041154194,3.490821266347561,3.46057913446173,3.4821808338165283,264500,0.061,0.0
2017-10-04 00:00:00-04:00,3.486501401387291,3.486501401387291,3.4692201215446827,3.4735405445098877,234300,0.0,0.0
2017-10-05 00:00:00-04:00,3.47354082316837,3.4908221043973375,3.4692203998565674,3.4692203998565674,247900,0.0,0.0
2017-10-06 00:00:00-04:00,3.4778611528952976,3.4821815760908432,3.4519390257402565,3.4605798721313477,263600,0.0,0.0
2017-10-09 00:00:00-04:00,3.4692203998565674,3.4692203998565674,3.456259541939403,3.4692203998565674,183800,0.0,0.0
2017-10-10 00:00:00-04:00,3.477860993536233,3.477860993536233,3.4476186505804973,3.4519388675689697,543000,0.0,0.0
2017-10-11 00:00:00-04:00,3.4562592905665492,3.4605797135641287,3.4432982275829174,3.4519388675689697,464400,0.0,0.0
2017-10-12 00:00:00-04:00,3.4476189013249194,3.47354082316837,3.4476189013249194,3.4692203998565674,227800,0.0,0.0
2017-10-13 00:00:00-04:00,3.473539989267351,3.4821808338165283,3.4648995567363188,3.4821808338165283,161400,0.0,0.0
2017-10-16 00:00:00-04:00,3.4951430183994567,3.4951430183994567,3.4735413108259783,3.486502170562744,270200,0.0,0.0
2017-10-17 00:00:00-04:00,3.4865011223839653,3.4908215450034334,3.469219843924272,3.477860689163208,287000,0.0,0.0
2017-10-18 00:00:00-04:00,3.4735413108259783,3.486502170562744,3.4605804510892124,3.486502170562744,339100,0.0,0.0
2017-10-19 00:00:00-04:00,3.4778617347443346,3.4951430183994567,3.469220886907622,3.486502170562744,194900,0.0,0.0
2017-10-20 00:00:00-04:00,3.499462738145257,3.5124235952740004,3.490821892047282,3.5037827491760254,335900,0.0,0.0
2017-10-23 00:00:00-04:00,3.512423276901245,3.521063710197815,3.4994624209472986,3.512423276901245,312000,0.0,0.0
2017-10-24 00:00:00-04:00,3.525384132855191,3.525384132855191,3.503782431586493,3.512423276901245,325800,0.0,0.0
2017-10-25 00:00:00-04:00,3.5167447259729347,3.521064737872989,3.469220886907622,3.486502170562744,417300,0.0,0.0
2017-10-26 00:00:00-04:00,3.508103104195104,3.508103104195104,3.4649001105976893,3.4735405445098877,224200,0.0,0.0
2017-10-27 00:00:00-04:00,3.4908215450034334,3.4908215450034334,3.460579410703515,3.477860689163208,267000,0.0,0.0
2017-10-30 00:00:00-04:00,3.47786041154194,3.4994621108967383,3.473539989267351,3.4821808338165283,307300,0.0,0.0
2017-10-31 00:00:00-04:00,3.486501177272842,3.5037824560045983,3.4821811666035414,3.490821599960327,206600,0.0,0.0
2017-11-01 00:00:00-04:00,3.5130220160301646,3.5130220160301646,3.4825498377981643,3.4956092834472656,283400,0.061,0.0
2017-11-02 00:00:00-04:00,3.4999638367531247,3.4999638367531247,3.473844728428247,3.482551097869873,280200,0.0,0.0
2017-11-03 00:00:00-04:00,3.473844728428247,3.482551097869873,3.473844728428247,3.482551097869873,195400,0.0,0.0
2017-11-06 00:00:00-05:00,3.4825504557808418,3.4825504557808418,3.4520780645653337,3.4651377201080322,422800,0.0,0.0
2017-11-07 00:00:00-05:00,3.4651377201080322,3.4825504557808418,3.4564313522716272,3.4651377201080322,260100,0.0,0.0
2017-11-08 00:00:00-05:00,3.4607844324017383,3.4694908002381433,3.4477249844352227,3.4651377201080322,208000,0.0,0.0
2017-11-09 00:00:00-05:00,3.4477248218485372,3.452077901773367,3.421605719571039,3.443371534347534,401700,0.0,0.0
2017-11-10 00:00:00-05:00,3.4433706485393496,3.452077013725467,3.4259579181671143,3.4259579181671143,225600,0.0,0.0
2017-11-13 00:00:00-05:00,3.421605695338981,3.425958775232982,3.3693672835777675,3.39548659324646,642300,0.0,0.0
2017-11-14 00:00:00-05:00,3.382427885153502,3.382427885153502,3.3301896663469854,3.3388960361480713,691900,0.0,0.0
2017-11-15 00:00:00-05:00,3.3171286582946777,3.330188311471146,3.286656480176494,3.3171286582946777,899400,0.0,0.0
2017-11-16 00:00:00-05:00,3.3388961234307764,3.369368314743042,3.3345428346283184,3.369368314743042,340700,0.0,0.0
2017-11-17 00:00:00-05:00,3.378073217292636,3.378073217292636,3.356307199225739,3.3737199306488037,284800,0.0,0.0
2017-11-20 00:00:00-05:00,3.386780667539646,3.3998401165008545,3.3780742990401076,3.3998401165008545,260900,0.0,0.0
2017-11-21 00:00:00-05:00,3.417253255844116,3.4216065443945367,3.4041938053453005,3.417253255844116,220400,0.0,0.0
2017-11-22 00:00:00-05:00,3.4303112045482327,3.4346642833532317,3.417251552980997,3.4259579181671143,198500,0.0,0.0
2017-11-24 00:00:00-05:00,3.456431499719252,3.4607845800350607,3.430312395095825,3.430312395095825,195300,0.0,0.0
2017-11-27 00:00:00-05:00,3.430312395095825,3.439018763303634,3.421606026888016,3.430312395095825,308700,0.0,0.0
2017-11-28 00:00:00-05:00,3.4433732437725517,3.4433732437725517,3.42596050027652,3.434666872024536,221200,0.0,0.0
2017-11-29 00:00:00-05:00,3.4390182495117188,3.44772461641879,3.4303118826046473,3.4390182495117188,317600,0.0,0.0
2017-11-30 00:00:00-05:00,3.4390184544227047,3.4477248218485372,3.421605719571039,3.443371534347534,674700,0.0,0.0
2017-12-01 00:00:00-05:00,3.4306485652923584,3.4350354750432905,3.399939360278453,3.4306485652923584,247000,0.061,0.0
2017-12-04 00:00:00-05:00,3.4438095037345,3.4613575611169183,3.4262614463520813,3.4306485652923584,206500,0.0,0.0
2017-12-05 00:00:00-05:00,3.430649976143843,3.4394240084433645,3.4087147908003237,3.4131019115448,264400,0.0,0.0
2017-12-06 00:00:00-05:00,3.4131016626564104,3.4131016626564104,3.391166478912437,3.404327630996704,361500,0.0,0.0
2017-12-07 00:00:00-05:00,3.408714011812643,3.4174880421070504,3.373617890635014,3.3867788314819336,537700,0.0,0.0
2017-12-08 00:00:00-05:00,3.399939729639517,3.4043268490564,3.364843611061924,3.378004550933838,330700,0.0,0.0
2017-12-11 00:00:00-05:00,3.3911664996641373,3.426262626517728,3.38677937921273,3.4218757152557373,342900,0.0,0.0
2017-12-12 00:00:00-05:00,3.4218769219924834,3.4481990264152573,3.3999417303787594,3.439424991607666,228300,0.0,0.0
2017-12-13 00:00:00-05:00,3.4438095305769196,3.4481966495513916,3.4306485920321967,3.4481966495513916,183600,0.0,0.0
2017-12-14 00:00:00-05:00,3.452583125366244,3.4832923267595346,3.4306481608190245,3.474518299102783,516800,0.0,0.0
2017-12-15 00:00:00-05:00,3.474519927516725,3.4832939592856293,3.4218757369033,3.452584743499756,604800,0.0,0.0
2017-12-18 00:00:00-05:00,3.4569730612228486,3.4701340088394903,3.435037869609125,3.439424991607666,471100,0.0,0.0
2017-12-19 00:00:00-05:00,3.4350366799619474,3.452584743499756,3.4306497686722044,3.452584743499756,320600,0.0,0.0
2017-12-20 00:00:00-05:00,3.4525835593365173,3.4569706783109893,3.439422620791794,3.4481966495513916,259300,0.0,0.0
2017-12-21 00:00:00-05:00,3.4525835593365173,3.4569706783109893,3.439422620791794,3.4481966495513916,330100,0.0,0.0
2017-12-22 00:00:00-05:00,3.452584764116196,3.474519948264147,3.452584764116196,3.470132827758789,278800,0.0,0.0
2017-12-26 00:00:00-05:00,3.456969683655891,3.4701306184138896,3.4262604872384164,3.4350345134735107,321300,0.0,0.0
2017-12-27 00:00:00-05:00,3.4306509568000747,3.4525859392243077,3.4306509568000747,3.439424991607666,297100,0.0,0.0
2017-12-28 00:00:00-05:00,3.4310218527665985,3.4487075150320163,3.4310218527665985,3.435443162918091,435800,0.061,0.0
2017-12-29 00:00:00-05:00,3.444288275987674,3.4575526368896075,3.4221810780944053,3.426602602005005,587600,0.0,0.0
2018-01-02 00:00:00-05:00,3.4442872500657056,3.4487087726593018,3.43102310394452,3.4487087726593018,323100,0.0,0.0
2018-01-03 00:00:00-05:00,3.439865385961645,3.4619723628904975,3.439865385961645,3.453129529953003,303800,0.0,0.0
2018-01-04 00:00:00-05:00,3.461974227757348,3.4885027408599854,3.453131390056469,3.4885027408599854,338700,0.0,0.0
2018-01-05 00:00:00-05:00,3.4885007842752964,3.492922306060791,3.4708151187928427,3.492922306060791,299500,0.0,0.0
2018-01-08 00:00:00-05:00,3.4973442554473877,3.4973442554473877,3.4796585867364627,3.4973442554473877,270500,0.0,0.0
2018-01-09 00:00:00-05:00,3.5017651742899885,3.510608007120831,3.4840795086283025,3.5061864852905273,342800,0.0,0.0
2018-01-10 00:00:00-05:00,3.5061873885449177,3.5106089115142822,3.488501718327098,3.5106089115142822,283800,0.0,0.0
2018-01-11 00:00:00-05:00,3.515029653239346,3.532715320587158,3.5106083418172855,3.532715320587158,282800,0.0,0.0
2018-01-12 00:00:00-05:00,3.5371387004852295,3.5459817496331425,3.5150314992752385,3.5371387004852295,429700,0.0,0.0
2018-01-16 00:00:00-05:00,3.5459817496331425,3.5592459016952205,3.5238743375932557,3.5371387004852295,361700,0.0,0.0
2018-01-17 00:00:00-05:00,3.545979887342695,3.545979887342695,3.501765508143379,3.532715320587158,677800,0.0,0.0
2018-01-18 00:00:00-05:00,3.5238736976129243,3.528295221383876,3.510609547959785,3.515030860900879,246600,0.0,0.0
2018-01-19 00:00:00-05:00,3.5150314992752385,3.5459817496331425,3.5061886609572213,3.5371387004852295,306500,0.0,0.0
2018-01-22 00:00:00-05:00,3.537137439392814,3.5592446327209473,3.5327159163952593,3.5592446327209473,324300,0.0,0.0
2018-01-23 00:00:00-05:00,3.5592446142612686,3.581351807474745,3.5459804669970385,3.576930284500122,289700,0.0,0.0
2018-01-24 00:00:00-05:00,3.5813506502047416,3.590193271636963,3.5725076071130175,3.590193271636963,300200,0.0,0.0
2018-01-25 00:00:00-05:00,3.590194381214664,3.5990374270394008,3.5769302341371922,3.5813517570495605,264600,0.0,0.0
2018-01-26 00:00:00-05:00,3.5901942428402984,3.5990372883242037,3.563665949707816,3.5725085735321045,376400,0.0,0.0
2018-01-29 00:00:00-05:00,3.5548229042239106,3.5813516190160097,3.545980280399622,3.5725085735321045,366300,0.0,0.0
2018-01-30 00:00:00-05:00,3.550400485652114,3.550400485652114,3.4796578262689826,3.501765012741089,788900,0.0,0.0
2018-01-31 00:00:00-05:00,3.5106086123954823,3.5106086123954823,3.4840801093290947,3.4973442554473877,417900,0.0,0.0
2018-02-01 00:00:00-05:00,3.488876446829864,3.497788000223409,3.4755092229736424,3.4844207763671875,379100,0.061,0.0
2018-02-02 00:00:00-05:00,3.471054985233498,3.471054985233498,3.4042181968688965,3.4042181968688965,551000,0.0,0.0
2018-02-05 00:00:00-05:00,3.3863942431002836,3.3953057985110116,3.1190473683102002,3.248265027999878,822300,0.0,0.0
2018-02-06 00:00:00-05:00,3.199252626366303,3.346293667227177,3.145783272854162,3.324014663696289,700700,0.0,0.0
2018-02-07 00:00:00-05:00,3.3151008965292945,3.3819376501324694,3.3151008965292945,3.3507471084594727,396400,0.0,0.0
2018-02-08 00:00:00-05:00,3.3552043703243974,3.3552043703243974,3.2571770347545916,3.2616329193115234,505400,0.0,0.0
2018-02-09 00:00:00-05:00,3.288367722889907,3.288367722889907,3.1814288263284345,3.2660887241363525,567400,0.0,0.0
2018-02-12 00:00:00-05:00,3.283911336188076,3.324013442827337,3.2794556645994057,3.301734447479248,300000,0.0,0.0
2018-02-13 00:00:00-05:00,3.2972796993452373,3.324014373769459,3.28836814120383,3.3151028156280518,206000,0.0,0.0
2018-02-14 00:00:00-05:00,3.306190390795895,3.373027165569888,3.2972788349905793,3.3685712814331055,263500,0.0,0.0
2018-02-15 00:00:00-05:00,3.3953066392515026,3.4042181968688965,3.3685719663993208,3.4042181968688965,378100,0.0,0.0
2018-02-16 00:00:00-05:00,3.404217456335284,3.4175848960876465,3.390850229051168,3.4175848960876465,250700,0.0,0.0
2018-02-20 00:00:00-05:00,3.4131309434626886,3.4131309434626886,3.35966157913208,3.35966157913208,288500,0.0,0.0
2018-02-21 00:00:00-05:00,3.3596597256277896,3.408673388791151,3.3552040539592567,3.3685712814331055,338300,0.0,0.0
2018-02-22 00:00:00-05:00,3.3863962612973846,3.3863962612973846,3.35966157913208,3.35966157913208,235000,0.0,0.0
2018-02-23 00:00:00-05:00,3.3685727307359383,3.395307409654278,3.3641170571503856,3.3908517360687256,222400,0.0,0.0
2018-02-26 00:00:00-05:00,3.40421716432809,3.4264961578482294,3.3953056094136795,3.408673048019409,360000,0.0,0.0
2018-02-27 00:00:00-05:00,3.408674508389106,3.4264976258538384,3.390851390924373,3.3953070640563965,224500,0.0,0.0
2018-02-28 00:00:00-05:00,3.4042175046543686,3.408673388791151,3.3641156097645726,3.3685712814331055,366700,0.0,0.0
2018-03-01 00:00:00-05:00,3.342069909500854,3.3645299280513914,3.297149658203125,3.297149658203125,737100,0.061,0.0
2018-03-02 00:00:00-05:00,3.283672929994545,3.315117207775488,3.2746888812280783,3.3106250762939453,254400,0.0,0.0
2018-03-05 00:00:00-05:00,3.2971496620794625,3.3375777811966216,3.2836734795759734,3.3285937309265137,393600,0.0,0.0
2018-03-06 00:00:00-05:00,3.3465625873793576,3.3555466396787597,3.328594482780554,3.337578535079956,206500,0.0,0.0
2018-03-07 00:00:00-05:00,3.324101812889787,3.3375777811966216,3.3151177626196784,3.3285937309265137,217500,0.0,0.0
2018-03-08 00:00:00-05:00,3.342068604080906,3.3600366975816174,3.342068604080906,3.3555445671081543,207300,0.0,0.0
2018-03-09 00:00:00-05:00,3.378004268979339,3.3824963987585006,3.3600361782557684,3.3690202236175537,464000,0.0,0.0
2018-03-12 00:00:00-04:00,3.3780038356781006,3.38698787988749,3.3735119206716604,3.3780038356781006,236400,0.0,0.0
2018-03-13 00:00:00-04:00,3.3959728845830406,3.3959728845830406,3.346560520357799,3.3555445671081543,397200,0.0,0.0
2018-03-14 00:00:00-04:00,3.360037645195402,3.364529562739127,3.324101448059082,3.324101448059082,272500,0.0,0.0
2018-03-15 00:00:00-04:00,3.3330866160286066,3.35105472062741,3.3241025637292045,3.337578535079956,254800,0.0,0.0
2018-03-16 00:00:00-04:00,3.3375774148868866,3.346561464170967,3.324101448059082,3.324101448059082,733200,0.0,0.0
2018-03-19 00:00:00-04:00,3.328591889501642,3.328591889501642,3.2926557083016217,3.3151159286499023,322100,0.0,0.0
2018-03-20 00:00:00-04:00,3.315117207775488,3.3241012565419545,3.3106250762939453,3.3106250762939453,277900,0.0,0.0
2018-03-21 00:00:00-04:00,3.3061333575661465,3.3196093244268665,3.297149308260123,3.3016412258148193,277800,0.0,0.0
2018-03-22 00:00:00-04:00,3.2836722487735877,3.297148426225869,3.2657041549682617,3.2657041549682617,225700,0.0,0.0
2018-03-23 00:00:00-04:00,3.27468863261528,3.27468863261528,3.1983241167995615,3.2028162479400635,393600,0.0,0.0
2018-03-26 00:00:00-04:00,3.2252761452354064,3.247736371738182,3.207308049711824,3.2297682762145996,447700,0.0,0.0
2018-03-27 00:00:00-04:00,3.247737532326594,3.270197766855599,3.2073091958530524,3.22078537940979,413300,0.0,0.0
2018-03-28 00:00:00-04:00,3.2297688322303157,3.2612131119081225,3.2252767004777874,3.247736930847168,377100,0.0,0.0
2018-03-29 00:00:00-04:00,3.2567200642619705,3.292656251389272,3.2567200642619705,3.2791802883148193,491200,0.0,0.0
2018-04-02 00:00:00-04:00,3.2977532784980204,3.3068130313509734,3.2026257655412427,3.2252750396728516,460900,0.061,0.0
2018-04-03 00:00:00-04:00,3.2298050241001013,3.247924529806007,3.207155533966946,3.2252750396728516,448900,0.0,0.0
2018-04-04 00:00:00-04:00,3.2071558053980382,3.252454573496571,3.189036298158625,3.2479248046875,433900,0.0,0.0
2018-04-05 00:00:00-04:00,3.2569850452416733,3.2751045551900377,3.2479252902674913,3.2705745697021484,355300,0.0,0.0
2018-04-06 00:00:00-04:00,3.2705738039376158,3.279633556790569,3.207155533966946,3.2252750396728516,532700,0.0,0.0
2018-04-09 00:00:00-04:00,3.234335716069247,3.3022839898693523,3.2252759606293404,3.2298059463500977,595900,0.0,0.0
2018-04-10 00:00:00-04:00,3.247924548732105,3.2932233132608313,3.247924548732105,3.275103807449341,429300,0.0,0.0
2018-04-11 00:00:00-04:00,3.2705738229956944,3.2932233132608313,3.2660440545435954,3.275103807449341,334800,0.0,0.0
2018-04-12 00:00:00-04:00,3.288693428039551,3.302282948914882,3.27510369116268,3.288693428039551,246100,0.0,0.0
2018-04-13 00:00:00-04:00,3.302282948914882,3.3068129332076857,3.279633459453944,3.288693428039551,200600,0.0,0.0
2018-04-16 00:00:00-04:00,3.3022836768915202,3.320403186054036,3.2932239223102626,3.3113434314727783,446700,0.0,0.0
2018-04-17 00:00:00-04:00,3.3339928063192263,3.343052560575464,3.3158732978067507,3.3249330520629883,545700,0.0,0.0
2018-04-18 00:00:00-04:00,3.3339928063192263,3.3339928063192263,3.32040306693408,3.3249330520629883,245200,0.0,0.0
2018-04-19 00:00:00-04:00,3.324932606745095,3.3294623752657393,3.3022831161372226,3.3204026222229004,301500,0.0,0.0
2018-04-20 00:00:00-04:00,3.32493187191138,3.32493187191138,3.297752618789673,3.297752618789673,198800,0.0,0.0
2018-04-23 00:00:00-04:00,3.320402074891481,3.320402074891481,3.2977528040186406,3.3022825717926025,279500,0.0,0.0
2018-04-24 00:00:00-04:00,3.315871798117103,3.3249315482758326,3.2841625645608103,3.306812047958374,193900,0.0,0.0
2018-04-25 00:00:00-04:00,3.3022829324110177,3.3158726692199707,3.279633443063275,3.3158726692199707,366600,0.0,0.0
2018-04-26 00:00:00-04:00,3.320402689363972,3.33852219581604,3.315872920751733,3.33852219581604,241100,0.0,0.0
2018-04-27 00:00:00-04:00,3.3475819490420737,3.3475819490420737,3.320402689363972,3.33852219581604,225300,0.0,0.0
2018-04-30 00:00:00-04:00,3.3385214499614757,3.3475812011634827,3.3294616987594683,3.3430514335632324,353300,0.0,0.0
2018-05-01 00:00:00-04:00,3.329805285241339,3.3389405448493377,3.3069670273204563,3.3161025047302246,440000,0.061,0.0
2018-05-02 00:00:00-04:00,3.316102736501641,3.3298055179704793,3.302399737231018,3.306967258453369,150800,0.0,0.0
2018-05-03 00:00:00-04:00,3.311535762023984,3.311535762023984,3.261291710167382,3.27956223487854,379500,0.0,0.0
2018-05-04 00:00:00-04:00,3.2749950376212733,3.3069683501380025,3.2749950376212733,3.302400827407837,245100,0.0,0.0
2018-05-07 00:00:00-04:00,3.3069683501380025,3.3115360906700246,3.2886978236136266,3.302400827407837,336200,0.0,0.0
2018-05-08 00:00:00-04:00,3.3115357297329178,3.3115357297329178,3.288697465165751,3.297832727432251,257200,0.0,0.0
2018-05-09 00:00:00-04:00,3.297831998206882,3.311534997477505,3.297831998206882,3.306967258453369,194400,0.0,0.0
2018-05-10 00:00:00-04:00,3.3206724719324763,3.3389430046081543,3.3206724719324763,3.3389430046081543,212800,0.0,0.0
2018-05-11 00:00:00-04:00,3.3435089588165283,3.357211742095086,3.3389412191891332,3.3435089588165283,199100,0.0,0.0
2018-05-14 00:00:00-04:00,3.3435092980844843,3.3709150852242957,3.3435092980844843,3.348076820373535,195000,0.0,0.0
2018-05-15 00:00:00-04:00,3.3435090446016784,3.3617795679764018,3.3343737829143167,3.3572118282318115,280600,0.0,0.0
2018-05-16 00:00:00-04:00,3.3526442202695046,3.3663470035480625,3.3389412191891332,3.3435089588165283,241900,0.0,0.0
2018-05-17 00:00:00-04:00,3.3343739668727537,3.3480767512588736,3.3206709646848025,3.3252387046813965,255000,0.0,0.0
2018-05-18 00:00:00-04:00,3.338940647647155,3.338940647647155,3.306967129133887,3.3206701278686523,337200,0.0,0.0
2018-05-21 00:00:00-04:00,3.3435107466780387,3.3435107466780387,3.3252402140023607,3.3389430046081543,209400,0.0,0.0
2018-05-22 00:00:00-04:00,3.3435092980844843,3.357212082753472,3.338941557993598,3.348076820373535,255300,0.0,0.0
2018-05-23 00:00:00-04:00,3.3435089588165283,3.3480764806421095,3.3206706962831807,3.3435089588165283,239800,0.0,0.0
2018-05-24 00:00:00-04:00,3.3435086915064174,3.366346734412073,3.329805691521587,3.36177921295166,1052300,0.0,0.0
2018-05-25 00:00:00-04:00,3.3617812793537167,3.3617812793537167,3.3252402140023607,3.3389430046081543,303700,0.0,0.0
2018-05-29 00:00:00-04:00,3.3343744939717306,3.3343744939717306,3.2749951714402927,3.2886979579925537,340200,0.0,0.0
2018-05-30 00:00:00-04:00,3.3161034424900397,3.3298062268761597,3.293265178110732,3.3252387046813965,267800,0.0,0.0
2018-05-31 00:00:00-04:00,3.325237996748128,3.325237996748128,3.302399737231018,3.306967258453369,287900,0.0,0.0
2018-06-01 00:00:00-04:00,3.3166415882737095,3.335067357791147,3.3166415882737095,3.330461025238037,186900,0.061,0.0
2018-06-04 00:00:00-04:00,3.3396739770201633,3.3396739770201633,3.312035322189331,3.312035322189331,304400,0.0,0.0
2018-06-05 00:00:00-04:00,3.3166415882737095,3.330461025238037,3.307428703514991,3.330461025238037,320700,0.0,0.0
2018-06-06 00:00:00-04:00,3.3258544070208425,3.348886728286743,3.3166415224449812,3.348886728286743,301500,0.0,0.0
2018-06-07 00:00:00-04:00,3.3488866616310746,3.3580995460235643,3.339673777238585,3.3534932136535645,216900,0.0,0.0
2018-06-08 00:00:00-04:00,3.348886728286743,3.3580996128626044,3.339673843710882,3.348886728286743,180600,0.0,0.0
2018-06-11 00:00:00-04:00,3.3488868142081523,3.3719191360649865,3.3442804816282856,3.3580996990203857,250900,0.0,0.0
2018-06-12 00:00:00-04:00,3.3719190038167937,3.394951105117798,3.367312451765098,3.394951105117798,305500,0.0,0.0
2018-06-13 00:00:00-04:00,3.3949502124517164,3.4133759765086578,3.3719181172067567,3.3765244483947754,482000,0.0,0.0
2018-06-14 00:00:00-04:00,3.3627062512527526,3.38113202087722,3.3580996990203857,3.3580996990203857,365500,0.0,0.0
2018-06-15 00:00:00-04:00,3.362705794722225,3.3811315618451574,3.358099243115257,3.3719186782836914,308500,0.0,0.0
2018-06-18 00:00:00-04:00,3.353492911160759,3.3765250102381894,3.353492911160759,3.3719186782836914,318500,0.0,0.0
2018-06-19 00:00:00-04:00,3.3488868142081523,3.3627062512527526,3.3488868142081523,3.3580996990203857,187500,0.0,0.0
2018-06-20 00:00:00-04:00,3.3673110844044487,3.3811305152954017,3.3580982036946136,3.3627047538757324,190400,0.0,0.0
2018-06-21 00:00:00-04:00,3.367312126676723,3.3765250102381894,3.353492911160759,3.3719186782836914,206400,0.0,0.0
2018-06-22 00:00:00-04:00,3.3903437313465945,3.3903437313465945,3.3627050864833317,3.385737180709839,156300,0.0,0.0
2018-06-25 00:00:00-04:00,3.3857378937996554,3.390344445406624,3.367312126676723,3.3719186782836914,401400,0.0,0.0
2018-06-26 00:00:00-04:00,3.3811315618451574,3.390344445406624,3.367312126676723,3.3719186782836914,273000,0.0,0.0
2018-06-27 00:00:00-04:00,3.371917634585567,3.3995562767150713,3.3627047538757324,3.3627047538757324,271000,0.0,0.0
2018-06-28 00:00:00-04:00,3.3811315618451574,3.3811315618451574,3.353492911160759,3.3719186782836914,574700,0.0,0.0
2018-06-29 00:00:00-04:00,3.3995566129676824,3.3995566129676824,3.385737180709839,3.385737180709839,268000,0.0,0.0
2018-07-02 00:00:00-04:00,3.381556510925293,3.3908464922125616,3.372266529638024,3.381556510925293,176500,0.061,0.0
2018-07-03 00:00:00-04:00,3.395492558308923,3.4047825428416005,3.386202573776245,3.386202573776245,148100,0.0,0.0
2018-07-05 00:00:00-04:00,3.4047818308367632,3.418716915467039,3.3908469676971436,3.3908469676971436,451300,0.0,0.0
2018-07-06 00:00:00-04:00,3.381556743370388,3.418716671073803,3.381556743370388,3.409426689147949,258400,0.0,0.0
2018-07-09 00:00:00-04:00,3.418716671073803,3.4372966349255107,3.409426689147949,3.409426689147949,211200,0.0,0.0
2018-07-10 00:00:00-04:00,3.4140722816610003,3.4326522493891423,3.4140722816610003,3.418717384338379,174000,0.0,0.0
2018-07-11 00:00:00-04:00,3.4140732288360596,3.4326532017188907,3.4001383599193105,3.4140732288360596,185400,0.0,0.0
2018-07-12 00:00:00-04:00,3.423363215277475,3.4372983056849726,3.4140732288360596,3.4140732288360596,162000,0.0,0.0
2018-07-13 00:00:00-04:00,3.4187183328021415,3.4187183328021415,3.404783242394644,3.4140732288360596,282300,0.0,0.0
2018-07-16 00:00:00-04:00,3.4326532017188907,3.4326532017188907,3.4140732288360596,3.4140732288360596,206100,0.0,0.0
2018-07-17 00:00:00-04:00,3.423361780192413,3.446586847305298,3.418716899664229,3.446586847305298,270800,0.0,0.0
2018-07-18 00:00:00-04:00,3.4372980478437896,3.469812887204342,3.4372980478437896,3.4558780193328857,313700,0.0,0.0
2018-07-19 00:00:00-04:00,3.4558765868622787,3.4791014308515202,3.451231485170047,3.4651665687561035,217600,0.0,0.0
2018-07-20 00:00:00-04:00,3.4651677447173066,3.479102611541748,3.4651677447173066,3.479102611541748,138400,0.0,0.0
2018-07-23 00:00:00-04:00,3.474455596202209,3.4930355548858643,3.4651656168603813,3.4930355548858643,252000,0.0,0.0
2018-07-24 00:00:00-04:00,3.497682556262948,3.5255525094355145,3.497682556262948,3.511617422103882,159900,0.0,0.0
2018-07-25 00:00:00-04:00,3.506972536215277,3.5301973864176723,3.4930374489012808,3.520907402038574,215300,0.0,0.0
2018-07-26 00:00:00-04:00,3.511617419444999,3.5348424911499023,3.511617419444999,3.5348424911499023,189900,0.0,0.0
2018-07-27 00:00:00-04:00,3.5301966641737637,3.5580666116091373,3.516261801201404,3.5394866466522217,252100,0.0,0.0
2018-07-30 00:00:00-04:00,3.5580666014869333,3.576646566390991,3.544131738554216,3.576646566390991,327600,0.0,0.0
2018-07-31 00:00:00-04:00,3.5720016859103034,3.5952265312950495,3.5673565839389623,3.576646566390991,245600,0.0,0.0
2018-08-01 00:00:00-04:00,3.5771149664819584,3.581797161380728,3.558386633405561,3.5724329948425293,307700,0.061,0.0
2018-08-02 00:00:00-04:00,3.5490216845250506,3.563068042865656,3.54433971391771,3.5583858489990234,142800,0.0,0.0
2018-08-03 00:00:00-04:00,3.5490222411690047,3.563068601712702,3.4834730795701825,3.506883382797241,532800,0.0,0.0
2018-08-06 00:00:00-04:00,3.4975192168545526,3.5115655773982493,3.4881550509118635,3.506883382797241,242100,0.0,0.0
2018-08-07 00:00:00-04:00,3.5162467214134483,3.5162467214134483,3.4975181718644683,3.5022003650665283,223600,0.0,0.0
2018-08-08 00:00:00-04:00,3.5162479877471924,3.5162479877471924,3.506883597970602,3.5162479877471924,159100,0.0,0.0
2018-08-09 00:00:00-04:00,3.5209302510420044,3.530294418334961,3.5162482790252056,3.530294418334961,200300,0.0,0.0
2018-08-10 00:00:00-04:00,3.5256119760756985,3.5256119760756985,3.488155088640475,3.4975192546844482,157300,0.0,0.0
2018-08-13 00:00:00-04:00,3.497519570657344,3.506883737547295,3.4694270699874905,3.4787912368774414,196400,0.0,0.0
2018-08-14 00:00:00-04:00,3.4787903195109275,3.4787903195109275,3.460061990669737,3.469426155090332,200600,0.0,0.0
2018-08-15 00:00:00-04:00,3.4834732699994335,3.4834732699994335,3.4413344093240865,3.4600627422332764,267600,0.0,0.0
2018-08-16 00:00:00-04:00,3.4647441845096796,3.5022008421920616,3.460061990669737,3.469426155090332,270800,0.0,0.0
2018-08-17 00:00:00-04:00,3.488153466909165,3.525610336929737,3.474107336003273,3.520928144454956,270100,0.0,0.0
2018-08-20 00:00:00-04:00,3.5256104469299316,3.5302924162915663,3.5209282543090645,3.5256104469299316,142500,0.0,0.0
2018-08-21 00:00:00-04:00,3.5256104469299316,3.5302924162915663,3.5209282543090645,3.5256104469299316,135400,0.0,0.0
2018-08-22 00:00:00-04:00,3.5302935729806477,3.544339932186259,3.5302935729806477,3.53497576713562,191300,0.0,0.0
2018-08-23 00:00:00-04:00,3.525610336929737,3.5396564678356293,3.5162461752394005,3.520928144454956,177700,0.0,0.0
2018-08-24 00:00:00-04:00,3.53497576713562,3.5490219030819263,3.520929407930008,3.53497576713562,158400,0.0,0.0
2018-08-27 00:00:00-04:00,3.5490224351815987,3.5490224351815987,3.427288271271863,3.4600627422332764,1736300,0.0,0.0
2018-08-28 00:00:00-04:00,3.4647441845096796,3.4834725133508706,3.4319694974079504,3.469426155090332,608400,0.0,0.0
2018-08-29 00:00:00-04:00,3.460064193857573,3.4881567050072007,3.455382220295685,3.4834747314453125,270400,0.0,0.0
2018-08-30 00:00:00-04:00,3.4694270699874905,3.4928375988420433,3.4694270699874905,3.4787912368774414,298500,0.0,0.0
2018-08-31 00:00:00-04:00,3.4694269778707114,3.483473339462368,3.464745006179722,3.474109172821045,246200,0.0,0.0
2018-09-04 00:00:00-04:00,3.469860039201818,3.4745810453283736,3.44153467777237,3.446255683898926,300500,0.061,0.0
2018-09-05 00:00:00-04:00,3.4415361881256104,3.455698987610804,3.4368154050372532,3.4415361881256104,210400,0.0,0.0
2018-09-06 00:00:00-04:00,3.441535233972083,3.441535233972083,3.3801634950681096,3.3896052837371826,841100,0.0,0.0
2018-09-07 00:00:00-04:00,3.3848845019576452,3.403768079295791,3.3848845019576452,3.3896052837371826,350800,0.0,0.0
2018-09-10 00:00:00-04:00,3.3990474061286586,3.3990474061286586,3.3754430446934722,3.384884834289551,278500,0.0,0.0
2018-09-11 00:00:00-04:00,3.3754432502711365,3.413210410955619,3.3754432502711365,3.399047613143921,261000,0.0,0.0
2018-09-12 00:00:00-04:00,3.408488780134266,3.4179305685791257,3.3943262100219727,3.3943262100219727,248100,0.0,0.0
2018-09-13 00:00:00-04:00,3.422650972813452,3.436813765542439,3.403767399248105,3.4273719787597656,240600,0.0,0.0
2018-09-14 00:00:00-04:00,3.436813138656161,3.436813138656161,3.408487558364868,3.408487558364868,169700,0.0,0.0
2018-09-17 00:00:00-04:00,3.4273733669193143,3.432094149667692,3.40376877784729,3.40376877784729,294700,0.0,0.0
2018-09-18 00:00:00-04:00,3.422650972813452,3.4462555523251126,3.422650972813452,3.4273719787597656,300600,0.0,0.0
2018-09-19 00:00:00-04:00,3.436813765542439,3.441534546378799,3.422650972813452,3.4273719787597656,217300,0.0,0.0
2018-09-20 00:00:00-04:00,3.441535424583994,3.4745817993110464,3.441535424583994,3.469860792160034,206000,0.0,0.0
2018-09-21 00:00:00-04:00,3.479300636274258,3.4981842041015625,3.460417068446953,3.4981842041015625,254300,0.0,0.0
2018-09-24 00:00:00-04:00,3.4981855696427773,3.4981855696427773,3.465139425600143,3.488743782043457,255100,0.0,0.0
2018-09-25 00:00:00-04:00,3.488744654467343,3.517070024348577,3.479302864506932,3.4934656620025635,324400,0.0,0.0
2018-09-26 00:00:00-04:00,3.4934647666713996,3.498185547886713,3.450976610183716,3.450976610183716,391600,0.0,0.0
2018-09-27 00:00:00-04:00,3.4556982209270197,3.4793025813520475,3.4556982209270197,3.469860792160034,223500,0.0,0.0
2018-09-28 00:00:00-04:00,3.4698608230834744,3.4745818302765605,3.455698251724243,3.455698251724243,365100,0.0,0.0
2018-10-01 00:00:00-04:00,3.4656952666962373,3.4847375296724517,3.45617413520813,3.45617413520813,196100,0.061,0.0
2018-10-02 00:00:00-04:00,3.4656948407997503,3.4704552924579555,3.4514130318218297,3.4609341621398926,224700,0.0,0.0
2018-10-03 00:00:00-04:00,3.4752159783288237,3.4752159783288237,3.44189190864563,3.44189190864563,161200,0.0,0.0
2018-10-04 00:00:00-04:00,3.441892351471449,3.4561741623164686,3.3800048828125,3.3800048828125,418300,0.0,0.0
2018-10-05 00:00:00-04:00,3.3704823933162524,3.389524648769891,3.327637205044771,3.3466796875,527900,0.0,0.0
2018-10-08 00:00:00-04:00,3.3514411449432373,3.360962275531078,3.3276382049728053,3.3514411449432373,276300,0.0,0.0
2018-10-09 00:00:00-04:00,3.341919010135795,3.3704823933162524,3.341919010135795,3.3466796875,186200,0.0,0.0
2018-10-10 00:00:00-04:00,3.3466814036331454,3.3562025362422734,3.246709397736451,3.251469850540161,595500,0.0,0.0
2018-10-11 00:00:00-04:00,3.2324261080189585,3.2657501704217946,3.1895809173583984,3.1895809173583984,458200,0.0,0.0
2018-10-12 00:00:00-04:00,3.2181461365022908,3.232427722521306,3.199103643474075,3.2229065895080566,260100,0.0,0.0
2018-10-15 00:00:00-04:00,3.2419485533768997,3.2609908176286115,3.2276669686889634,3.2371881008148193,245500,0.0,0.0
2018-10-16 00:00:00-04:00,3.2419477032533806,3.294314029714616,3.2419477032533806,3.284792900085449,355900,0.0,0.0
2018-10-17 00:00:00-04:00,3.284793978978313,3.284793978978313,3.2562305807091447,3.275272846221924,181100,0.0,0.0
2018-10-18 00:00:00-04:00,3.270511220557041,3.2800323505600537,3.2324267005449907,3.2562296390533447,347100,0.0,0.0
2018-10-19 00:00:00-04:00,3.265751413176234,3.2705118656158447,3.251469601854022,3.2705118656158447,159400,0.0,0.0
2018-10-22 00:00:00-04:00,3.2800332483675443,3.2847939281729617,3.251469850540161,3.251469850540161,283400,0.0,0.0
2018-10-23 00:00:00-04:00,3.2371867289024228,3.2371867289024228,3.189580861446705,3.2038626670837402,267000,0.0,0.0
2018-10-24 00:00:00-04:00,3.2086250076565603,3.222906821706243,3.1324559380628743,3.141977071762085,402300,0.0,0.0
2018-10-25 00:00:00-04:00,3.1276945982737394,3.1610184432755815,3.1229339192725223,3.1467368602752686,722900,0.0,0.0
2018-10-26 00:00:00-04:00,3.127694730646891,3.127694730646891,3.0705677152228517,3.118173599243164,379800,0.0,0.0
2018-10-29 00:00:00-04:00,3.1419765018408725,3.156258313299986,3.084849710007802,3.0943708419799805,299700,0.0,0.0
2018-10-30 00:00:00-04:00,3.1086531946343814,3.1229347815781296,3.075329113429416,3.0991320610046387,258400,0.0,0.0
2018-10-31 00:00:00-04:00,3.1134138572364525,3.14673794068151,3.1134138572364525,3.137216806411743,266700,0.0,0.0
2018-11-01 00:00:00-04:00,3.1425012947840885,3.171331554565658,3.132891208190232,3.1617214679718018,311400,0.061,0.0
2018-11-02 00:00:00-04:00,3.171331855150263,3.180941942654981,3.1376966634450287,3.1425015926361084,207900,0.0,0.0
2018-11-05 00:00:00-05:00,3.147306203842163,3.156916289676325,3.1280860321738384,3.147306203842163,283200,0.0,0.0
2018-11-06 00:00:00-05:00,3.156914917642396,3.1905500888824463,3.147304835984893,3.1905500888824463,243600,0.0,0.0
2018-11-07 00:00:00-05:00,3.2193815142084268,3.2386016845703125,3.209771429027484,3.2386016845703125,317700,0.0,0.0
2018-11-08 00:00:00-05:00,3.243407068986469,3.243407068986469,3.219381739789413,3.224186897277832,190400,0.0,0.0
2018-11-09 00:00:00-05:00,3.224187045907312,3.233797132204639,3.2001617156027296,3.2145769596099854,314300,0.0,0.0
2018-11-12 00:00:00-05:00,3.2145770587992817,3.2145770587992817,3.1617214679718018,3.1617214679718018,157700,0.0,0.0
2018-11-13 00:00:00-05:00,3.1761367124238555,3.180941641159515,3.147306452642286,3.1617214679718018,298500,0.0,0.0
2018-11-14 00:00:00-05:00,3.171331303866309,3.1905514755346336,3.1280860321738384,3.147306203842163,265900,0.0,0.0
2018-11-15 00:00:00-05:00,3.132890394308695,3.137695550918579,3.1136702261141154,3.137695550918579,359500,0.0,0.0
2018-11-16 00:00:00-05:00,3.1280855352827994,3.1569157882056498,3.1280855352827994,3.132890462875366,275900,0.0,0.0
2018-11-19 00:00:00-05:00,3.1280879856215136,3.1425030088134798,3.1040626414713532,3.1136727333068848,231900,0.0,0.0
2018-11-20 00:00:00-05:00,3.1040628669519927,3.1088677986574598,3.080037521056619,3.0848426818847656,400000,0.0,0.0
2018-11-21 00:00:00-05:00,3.09925516312976,3.104060320015189,3.0896450784813916,3.0944502353668213,279900,0.0,0.0
2018-11-23 00:00:00-05:00,3.094451990284882,3.1088670108711995,3.0896468306743623,3.104062080383301,164200,0.0,0.0
2018-11-26 00:00:00-05:00,3.113671330121954,3.1425015926361084,3.113671330121954,3.1425015926361084,267500,0.0,0.0
2018-11-27 00:00:00-05:00,3.1328909605296595,3.1521111321979842,3.1232808746954976,3.147306203842163,320700,0.0,0.0
2018-11-28 00:00:00-05:00,3.147306744495478,3.224187444375562,3.1376966570104674,3.2193822860717773,505100,0.0,0.0
2018-11-29 00:00:00-05:00,3.204967269405541,3.2193822860717773,3.1809419361317355,3.2193822860717773,283500,0.0,0.0
2018-11-30 00:00:00-05:00,3.204967737197876,3.2241879149732457,3.2001625781927374,3.204967737197876,189200,0.0,0.0
2018-12-03 00:00:00-05:00,3.239397130252663,3.253945423075646,3.22484906866695,3.2345478534698486,337800,0.061,0.0
2018-12-04 00:00:00-05:00,3.220000506002127,3.2248500154459716,3.1618077801000175,3.176356077194214,714700,0.0,0.0
2018-12-06 00:00:00-05:00,3.1181631113637955,3.1181631113637955,3.0696691732472003,3.1036150455474854,480300,0.0,0.0
2018-12-07 00:00:00-05:00,3.0987654507652103,3.1230125347743183,3.069669088696679,3.0793678760528564,351000,0.0,0.0
2018-12-10 00:00:00-05:00,3.0648196450130127,3.0648196450130127,3.016325479615443,3.0308737754821777,557400,0.0,0.0
2018-12-11 00:00:00-05:00,3.0696685153151986,3.0696685153151986,3.011475802047917,3.0260238647460938,443700,0.0,0.0
2018-12-12 00:00:00-05:00,3.035722963594504,3.0502710266859676,3.021174669265747,3.021174669265747,520400,0.0,0.0
2018-12-13 00:00:00-05:00,3.01632516074373,3.0454217494012443,3.0114758834590067,3.021174669265747,365200,0.0,0.0
2018-12-14 00:00:00-05:00,2.982379836872044,3.0260242619324913,2.982379836872044,3.001777410507202,641400,0.0,0.0
2018-12-17 00:00:00-05:00,3.0017772280499644,3.0066265055453414,2.895090348304033,2.9096386432647705,902800,0.0,0.0
2018-12-18 00:00:00-05:00,2.9144881519974506,2.953283296909679,2.90478913453209,2.9096386432647705,835100,0.0,0.0
2018-12-19 00:00:00-05:00,2.909639439105095,2.9484345946285178,2.8853923512842723,2.890241861343384,551800,0.0,0.0
2018-12-20 00:00:00-05:00,2.8853920286488504,2.8950908164452183,2.7496089994997006,2.7932536602020264,1083900,0.0,0.0
2018-12-21 00:00:00-05:00,2.783553428315167,2.802951226693212,2.7447582940335566,2.749607801437378,663100,0.0,0.0
2018-12-24 00:00:00-05:00,2.7302099685314043,2.744758026852245,2.696264113720746,2.705962896347046,764500,0.0,0.0
2018-12-26 00:00:00-05:00,2.7059624355082583,2.836896094283265,2.701113160639573,2.827197313308716,1275700,0.0,0.0
2018-12-27 00:00:00-05:00,2.817498532334166,2.83204681941458,2.788402189410518,2.827197313308716,839100,0.0,0.0
2018-12-28 00:00:00-05:00,2.8521908768988764,2.8864954275989754,2.8227868761492663,2.8570914268493652,1108100,0.061,0.0
2018-12-31 00:00:00-05:00,2.866893915016152,2.8864965900771398,2.8521920255615707,2.8717947006225586,850800,0.0,0.0
2019-01-02 00:00:00-05:00,2.8668943478019613,2.915901042852472,2.847291669781757,2.9110004901885986,225200,0.0,0.0
2019-01-03 00:00:00-05:00,2.8962965403104755,2.910998656405209,2.871793325062196,2.881594657897949,364700,0.0,0.0
2019-01-04 00:00:00-05:00,2.8913979560598477,2.945305440139312,2.8913979560598477,2.9404046535491943,525400,0.0,0.0
2019-01-07 00:00:00-05:00,2.9600063401799686,2.989410348815656,2.955105788915165,2.9796090126037598,501600,0.0,0.0
2019-01-08 00:00:00-05:00,2.9992120768904424,3.028616089367919,2.9796094019054578,3.0090134143829346,515600,0.0,0.0
2019-01-09 00:00:00-05:00,3.0482192524389267,3.0482192524389267,3.00901389619133,3.033517360687256,298800,0.0,0.0
2019-01-10 00:00:00-05:00,3.0237160216253565,3.0433186997491553,2.9992125571294306,3.033517360687256,212000,0.0,0.0
2019-01-11 00:00:00-05:00,3.0335170255950894,3.0531197015535123,3.023715687615878,3.0384175777435303,409100,0.0,0.0
2019-01-14 00:00:00-05:00,3.0335159671757723,3.03841651761437,3.0139132980568863,3.0188138484954834,395200,0.0,0.0
2019-01-15 00:00:00-05:00,3.028616434477855,3.062921236451759,3.0237158820143515,3.0531198978424072,334400,0.0,0.0
2019-01-16 00:00:00-05:00,3.053120988544916,3.0923263569881203,3.053120988544916,3.0825250148773193,312500,0.0,0.0
2019-01-17 00:00:00-05:00,3.0678215584199,3.10702690692533,3.0678215584199,3.102126121520996,232700,0.0,0.0
2019-01-18 00:00:00-05:00,3.1119275231756287,3.170735547153204,3.1119275231756287,3.1609342098236084,739000,0.0,0.0
2019-01-22 00:00:00-05:00,3.160933755860583,3.160933755860583,3.092324404406864,3.0972251892089844,322400,0.0,0.0
2019-01-23 00:00:00-05:00,3.1168286326189416,3.1364313093154736,3.1119278466036393,3.131530523300171,452200,0.0,0.0
2019-01-24 00:00:00-05:00,3.14133272452237,3.14133272452237,3.1070281477216897,3.111928701400757,227000,0.0,0.0
2019-01-25 00:00:00-05:00,3.116828107169342,3.1364307805611626,3.116828107169342,3.1217286586761475,314900,0.0,0.0
2019-01-28 00:00:00-05:00,3.107027294270676,3.1364313093154736,3.107027294270676,3.131530523300171,685900,0.0,0.0
2019-01-29 00:00:00-05:00,3.141331104890046,3.156033225711819,3.136430553737644,3.1462318897247314,668700,0.0,0.0
2019-01-30 00:00:00-05:00,3.1609345470653065,3.1854380098447406,3.151133208690001,3.180537223815918,378700,0.0,0.0
2019-01-31 00:00:00-05:00,3.205040216445923,3.219742338693387,3.175636205633299,3.205040216445923,374700,0.0,0.0
2019-02-01 00:00:00-05:00,3.180801796999654,3.2104826571719864,3.156067864797298,3.1610145568847656,313000,0.061,0.0
2019-02-04 00:00:00-05:00,3.1659605503082275,3.185747784582206,3.1659605503082275,3.1659605503082275,384600,0.0,0.0
2019-02-05 00:00:00-05:00,3.16596056833199,3.185747802718617,3.16596056833199,3.1709072589874268,345300,0.0,0.0
2019-02-06 00:00:00-05:00,3.17090817694221,3.1857487249696304,3.1610145568847656,3.1610145568847656,288100,0.0,0.0
2019-02-07 00:00:00-05:00,3.1560660967515304,3.180800015097808,3.1362788677215576,3.1362788677215576,298600,0.0,0.0
2019-02-08 00:00:00-05:00,3.1263852532065712,3.151119171552849,3.1263852532065712,3.1362788677215576,148800,0.0,0.0
2019-02-11 00:00:00-05:00,3.1461749232093084,3.161015238554519,3.131334371981538,3.1511216163635254,190200,0.0,0.0
2019-02-12 00:00:00-05:00,3.1659594202045582,3.1906933362769276,3.161012495460672,3.180799722671509,215300,0.0,0.0
2019-02-13 00:00:00-05:00,3.180799722671509,3.200586949882346,3.175853033809977,3.180799722671509,239300,0.0,0.0
2019-02-14 00:00:00-05:00,3.1659594202045582,3.1906933362769276,3.161012495460672,3.180799722671509,166600,0.0,0.0
2019-02-15 00:00:00-05:00,3.205536809232049,3.210483502622181,3.1857495639063784,3.195643186569214,322800,0.0,0.0
2019-02-19 00:00:00-05:00,3.190693698960982,3.215427853727221,3.190693698960982,3.2104809284210205,292100,0.0,0.0
2019-02-20 00:00:00-05:00,3.2154286499382265,3.230269193649292,3.2055350327583296,3.230269193649292,240000,0.0,0.0
2019-02-21 00:00:00-05:00,3.2253220081329346,3.2253220081329346,3.210481465613527,3.2253220081329346,198800,0.0,0.0
2019-02-22 00:00:00-05:00,3.2302689342668773,3.235215624518399,3.2154283917474697,3.2253220081329346,297100,0.0,0.0
2019-02-25 00:00:00-05:00,3.245109501477917,3.245109501477917,3.2253222671181234,3.230269193649292,345100,0.0,0.0
2019-02-26 00:00:00-05:00,3.2302701828908553,3.245110495264195,3.2302701828908553,3.240163803100586,312000,0.0,0.0
2019-02-27 00:00:00-05:00,3.235217859778912,3.2550051062211462,3.2253242365577948,3.25005841255188,260400,0.0,0.0
2019-02-28 00:00:00-05:00,3.2451095581054688,3.259950102075503,3.235215940752927,3.2451095581054688,203400,0.0,0.0
2019-03-01 00:00:00-05:00,3.2555951248239077,3.26058848318128,3.2356221675872803,3.2356221675872803,198800,0.061,0.0
2019-03-04 00:00:00-05:00,3.2456086462055938,3.2555951248239077,3.220642330611594,3.2356221675872803,299200,0.0,0.0
2019-03-05 00:00:00-05:00,3.2256356889689664,3.2406152878482213,3.21065585199328,3.2356221675872803,252000,0.0,0.0
2019-03-06 00:00:00-05:00,3.235623044282845,3.235623044282845,3.2056636003103596,3.2156500816345215,224600,0.0,0.0
2019-03-07 00:00:00-05:00,3.2006712799466888,3.2056646412785,3.1856916721444004,3.1906847953796387,264000,0.0,0.0
2019-03-08 00:00:00-05:00,3.1757056120633878,3.1757056120633878,3.1357596684557456,3.1407527923583984,364800,0.0,0.0
2019-03-11 00:00:00-04:00,3.1607247143497124,3.1956775224453717,3.1557315921054903,3.1806976795196533,290300,0.0,0.0
2019-03-12 00:00:00-04:00,3.1956759269092276,3.2006690466604866,3.175702971711378,3.1856894493103027,398400,0.0,0.0
2019-03-13 00:00:00-04:00,3.205662965774536,3.205662965774536,3.1806966483577703,3.205662965774536,298000,0.0,0.0
2019-03-14 00:00:00-04:00,3.2156492103506524,3.2456086462055938,3.200669373374966,3.2356221675872803,429600,0.0,0.0
2019-03-15 00:00:00-04:00,3.245609998703003,3.2506033591411883,3.220643672705137,3.245609998703003,327800,0.0,0.0
2019-03-18 00:00:00-04:00,3.2406174293651113,3.27057712311493,3.2356243058045338,3.2506041526794434,308600,0.0,0.0
2019-03-19 00:00:00-04:00,3.2605895184245823,3.2755691220598897,3.2506030366355416,3.270576000213623,269700,0.0,0.0
2019-03-20 00:00:00-04:00,3.2506033591411883,3.260589841921029,3.2356235159231628,3.245609998703003,309900,0.0,0.0
2019-03-21 00:00:00-04:00,3.2406166382648176,3.260589841921029,3.2406166382648176,3.245609998703003,260100,0.0,0.0
2019-03-22 00:00:00-04:00,3.2406164849701007,3.245609845172079,3.2056639159423272,3.2206435203552246,378300,0.0,0.0
2019-03-25 00:00:00-04:00,3.2056636003103596,3.2206432032483545,3.2006702406000307,3.2156500816345215,254900,0.0,0.0
2019-03-26 00:00:00-04:00,3.2206435203552246,3.2356233628646414,3.2106570380477866,3.2206435203552246,385500,0.0,0.0
2019-03-27 00:00:00-04:00,3.220642406511744,3.225635764986794,3.1956763284258054,3.210655927658081,270500,0.0,0.0
2019-03-28 00:00:00-04:00,3.210656482960544,3.235622803460996,3.210656482960544,3.2306294441223145,187400,0.0,0.0
2019-03-29 00:00:00-04:00,3.2356235159231628,3.260589841921029,3.2356235159231628,3.245609998703003,224700,0.0,0.0
2019-04-01 00:00:00-04:00,3.266277353752188,3.271317780226035,3.2309934070263653,3.2561962604522705,344100,0.061,0.0
2019-04-02 00:00:00-04:00,3.2612352904593505,3.266275955126999,3.2461137771606445,3.2461137771606445,232400,0.0,0.0
2019-04-03 00:00:00-04:00,3.251153279717672,3.261234365842686,3.236031770706177,3.2360317707061768,304300,0.0,0.0
2019-04-04 00:00:00-04:00,3.2360315169771092,3.251153024802965,3.230990854133802,3.241071939468384,224300,0.0,0.0
2019-04-05 00:00:00-04:00,3.2410719394683833,3.2713151954721282,3.2410719394683833,3.241071939468384,222100,0.0,0.0
2019-04-08 00:00:00-04:00,3.2461139981014138,3.2612355124293377,3.236032908432086,3.2511544227600098,224300,0.0,0.0
2019-04-09 00:00:00-04:00,3.2511555936262,3.2763584470521057,3.2511555936262,3.2561962604522705,292600,0.0,0.0
2019-04-10 00:00:00-04:00,3.256193353117926,3.2813961840411583,3.2511526907924764,3.271314859390259,370300,0.0,0.0
2019-04-11 00:00:00-04:00,3.2813958673185533,3.311639117296127,3.2763552054796317,3.2965173721313477,642400,0.0,0.0
2019-04-12 00:00:00-04:00,3.3015583526389403,3.3065987746123815,3.271314859390259,3.271314859390259,310000,0.0,0.0
2019-04-15 00:00:00-04:00,3.2864370346069336,3.2914776975897486,3.271315286010528,3.2864370346069336,233500,0.0,0.0
2019-04-16 00:00:00-04:00,3.2914785815362144,3.311640758178069,3.2914785815362144,3.3066000938415527,256100,0.0,0.0
2019-04-17 00:00:00-04:00,3.316681824384624,3.3267629146575923,3.3116413994242153,3.3267629146575928,232900,0.0,0.0
2019-04-18 00:00:00-04:00,3.32676199569135,3.32676199569135,3.28643764573845,3.316680908203125,476300,0.0,0.0
2019-04-22 00:00:00-04:00,3.311640941759873,3.326762454903477,3.3015598528800973,3.3217220306396484,327000,0.0,0.0
2019-04-23 00:00:00-04:00,3.311641362214575,3.3570061477571387,3.306600696958652,3.336843967437744,370900,0.0,0.0
2019-04-24 00:00:00-04:00,3.3519657605160895,3.3519657605160895,3.3267629146575923,3.3267629146575928,272600,0.0,0.0
2019-04-25 00:00:00-04:00,3.326762180800591,3.3570054449480757,3.326762180800591,3.3318028450012207,487300,0.0,0.0
2019-04-26 00:00:00-04:00,3.341885309548986,3.3519664017504773,3.3166824588691597,3.346925735473633,347300,0.0,0.0
2019-04-29 00:00:00-04:00,3.3519642198429076,3.3570046424865723,3.3267613855684637,3.3570046424865723,438800,0.0,0.0
2019-04-30 00:00:00-04:00,3.357005085135238,3.3721268357642393,3.3318024878896653,3.367086172103882,380300,0.0,0.0
2019-05-01 00:00:00-04:00,3.3625084032616317,3.3981172621599507,3.3472472904715245,3.3879432678222656,314300,0.061,0.0
2019-05-02 00:00:00-04:00,3.377770085288448,3.377770085288448,3.3421612178319924,3.352335214614868,306600,0.0,0.0
2019-05-03 00:00:00-04:00,3.3574204885896255,3.367594480514527,3.3472464966647246,3.3675944805145264,196800,0.0,0.0
2019-05-06 00:00:00-04:00,3.337072996307867,3.3930300814211396,3.337072996307867,3.3726820945739746,529600,0.0,0.0
2019-05-07 00:00:00-04:00,3.3523332414934597,3.357420115607249,3.321811269109503,3.3370721340179443,303700,0.0,0.0
2019-05-08 00:00:00-04:00,3.331985235214233,3.35233321665276,3.331985235214233,3.3319852352142334,174100,0.0,0.0
2019-05-09 00:00:00-04:00,3.3319865459609117,3.3319865459609117,3.286203448430401,3.301464319229126,369300,0.0,0.0
2019-05-10 00:00:00-04:00,3.291290580317956,3.306551694869995,3.2760297083331036,3.306551694869995,253200,0.0,0.0
2019-05-13 00:00:00-04:00,3.2811168832563085,3.2912908796940332,3.245508017007877,3.2607688903808594,270800,0.0,0.0
2019-05-14 00:00:00-04:00,3.265855458987322,3.311638556517833,3.265855458987322,3.301464319229126,161600,0.0,0.0
2019-05-15 00:00:00-04:00,3.2912914920693384,3.296378612518311,3.2709434954079555,3.2963786125183105,425600,0.0,0.0
2019-05-16 00:00:00-04:00,3.2963761464132753,3.362507207372023,3.291289029770107,3.3319852352142334,444300,0.0,0.0
2019-05-17 00:00:00-04:00,3.3116377079408346,3.3268985748291016,3.3014634732591825,3.3268985748291016,327300,0.0,0.0
2019-05-20 00:00:00-04:00,3.316727141301596,3.3269011412645617,3.30655314133863,3.3116402626037598,211700,0.0,0.0
2019-05-21 00:00:00-04:00,3.321811269109503,3.3726812230827647,3.321811269109503,3.3370721340179443,276400,0.0,0.0
2019-05-22 00:00:00-04:00,3.3319856480564254,3.3421596400362743,3.2963765548434028,3.3167245388031006,537300,0.0,0.0
2019-05-23 00:00:00-04:00,3.296377078002454,3.30655107159699,3.2302459983544005,3.270941972732544,463100,0.0,0.0
2019-05-24 00:00:00-04:00,3.2760286768347875,3.3167246460703446,3.2760286768347875,3.2862026691436768,261800,0.0,0.0
2019-05-28 00:00:00-04:00,3.291290697739879,3.3167258087116522,3.2760298252105713,3.2760298252105713,246900,0.0,0.0
2019-05-29 00:00:00-04:00,3.2556814962119707,3.2658554910333417,3.2455075013905996,3.2505943775177,254600,0.0,0.0
2019-05-30 00:00:00-04:00,3.2505943775176998,3.2760294858547128,3.2455075013905996,3.2505943775177,263900,0.0,0.0
2019-05-31 00:00:00-04:00,3.2200712464500487,3.245506345730127,3.1539401823755124,3.204810380935669,431800,0.0,0.0
2019-06-03 00:00:00-04:00,3.205325740348462,3.210462598076035,3.1693687160108794,3.189915657043457,356400,0.061,0.0
2019-06-04 00:00:00-04:00,3.220735537677462,3.231009006500244,3.2001886000318973,3.231009006500244,404700,0.0,0.0
2019-06-05 00:00:00-04:00,3.24128163974995,3.24128163974995,3.205324385670258,3.2258715629577637,405600,0.0,0.0
2019-06-06 00:00:00-04:00,3.225872394558262,3.236145863381044,3.2104620688546794,3.231009006500244,444600,0.0,0.0
2019-06-07 00:00:00-04:00,3.241281136502758,3.2721015302406546,3.241281136502758,3.2566914558410645,315300,0.0,0.0
2019-06-10 00:00:00-04:00,3.272102127419235,3.2772389831157502,3.2515551945106966,3.261828660964966,363800,0.0,0.0
2019-06-11 00:00:00-04:00,3.2772389732194553,3.2926490503849446,3.2669655067962093,3.272102117538452,242800,0.0,0.0
2019-06-12 00:00:00-04:00,3.272102117538452,3.287512439642702,3.256692040372963,3.272102117538452,236000,0.0,0.0
2019-06-13 00:00:00-04:00,3.282375933952299,3.2926494014709764,3.261828998914944,3.2772393226623535,273800,0.0,0.0
2019-06-14 00:00:00-04:00,3.266965516661481,3.272102127419235,3.2464185837529427,3.261828660964966,278600,0.0,0.0
2019-06-17 00:00:00-04:00,3.2823767526970635,3.3029236928595767,3.272103282615807,3.2926502227783203,372500,0.0,0.0
2019-06-18 00:00:00-04:00,3.3131973602243705,3.338881159426271,3.3029238895313826,3.3234708309173584,412400,0.0,0.0
2019-06-19 00:00:00-04:00,3.3337433562288403,3.3337433562288403,3.2823760173306287,3.3131964206695557,467900,0.0,0.0
2019-06-20 00:00:00-04:00,3.3337425089842787,3.3337425089842787,3.2977855033631185,3.3183324337005615,336800,0.0,0.0
2019-06-21 00:00:00-04:00,3.323469043815557,3.328605898869283,3.2977855033631185,3.3183324337005615,249700,0.0,0.0
2019-06-24 00:00:00-04:00,3.3337433562288403,3.3388802125880575,3.297786341469488,3.3131964206695557,393900,0.0,0.0
2019-06-25 00:00:00-04:00,3.318334020450885,3.318334020450885,3.277240140125859,3.2926502227783203,355300,0.0,0.0
2019-06-26 00:00:00-04:00,3.297786341469488,3.3337433562288403,3.297786341469488,3.3131964206695557,241000,0.0,0.0
2019-06-27 00:00:00-04:00,3.323469043815557,3.3337425089842787,3.30805896853184,3.3183324337005615,402800,0.0,0.0
2019-06-28 00:00:00-04:00,3.3337422459956665,3.349152565002442,3.323468781637387,3.3491525650024414,234700,0.0,0.0
2019-07-01 00:00:00-04:00,3.3600430496262406,3.3807840362642,3.32374619938378,3.3393020629882812,382800,0.061,0.0
2019-07-02 00:00:00-04:00,3.334117893523148,3.3444883905771796,3.313376899415084,3.323747396469116,338800,0.0,0.0
2019-07-03 00:00:00-04:00,3.3652288939793427,3.3704142653763225,3.3289322832089527,3.3548583984375,192800,0.0,0.0
2019-07-05 00:00:00-04:00,3.339301829157627,3.349672321750425,3.3237459666424063,3.344486951828003,149700,0.0,0.0
2019-07-08 00:00:00-04:00,3.3289320468902592,3.3289320468902592,3.3081910572789632,3.328932046890259,236800,0.0,0.0
2019-07-09 00:00:00-04:00,3.3289306215186607,3.349671602249145,3.323745252710043,3.3496716022491455,401700,0.0,0.0
2019-07-10 00:00:00-04:00,3.3496737399198957,3.3704147338867188,3.3496737399198957,3.3704147338867188,245700,0.0,0.0
2019-07-11 00:00:00-04:00,3.3704147338867188,3.3756001060045002,3.3496737399198957,3.3704147338867188,229600,0.0,0.0
2019-07-12 00:00:00-04:00,3.370412113692089,3.370412113692089,3.3496711358495252,3.3652267456054688,197000,0.0,0.0
2019-07-15 00:00:00-04:00,3.411895270880192,3.4170806407928467,3.3807837931604023,3.4170806407928467,1212000,0.0,0.0
2019-07-16 00:00:00-04:00,3.4222655268342606,3.4378213882446294,3.4222655268342606,3.437821388244629,882200,0.0,0.0
2019-07-17 00:00:00-04:00,3.443006514435699,3.443006514435699,3.4118950388318496,3.432636022567749,378200,0.0,0.0
2019-07-18 00:00:00-04:00,3.4326360246893914,3.4533770084381104,3.422265532815032,3.4533770084381104,378100,0.0,0.0
2019-07-19 00:00:00-04:00,3.463748687802152,3.4689340591430664,3.432637201513008,3.4689340591430664,340300,0.0,0.0
2019-07-22 00:00:00-04:00,3.463747494259205,3.463747494259205,3.4378213882446294,3.437821388244629,318300,0.0,0.0
2019-07-23 00:00:00-04:00,3.4585621356964116,3.4637472576443096,3.443006275348692,3.458562135696411,428900,0.0,0.0
2019-07-24 00:00:00-04:00,3.458562378001305,3.4689328698756645,3.4481918861269456,3.4533770084381104,351300,0.0,0.0
2019-07-25 00:00:00-04:00,3.453376050827267,3.463746539825921,3.432635072829959,3.4430055618286133,300500,0.0,0.0
2019-07-26 00:00:00-04:00,3.4533770024029686,3.4533770024029686,3.4326360186904967,3.437821388244629,333400,0.0,0.0
2019-07-29 00:00:00-04:00,3.4481909377916162,3.4637465476989746,3.4430055696545225,3.4637465476989746,453700,0.0,0.0
2019-07-30 00:00:00-04:00,3.4481909377916162,3.4689319158360683,3.4326350806322967,3.4637465476989746,708400,0.0,0.0
2019-07-31 00:00:00-04:00,3.4741170367212004,3.4741170367212004,3.4378204487693904,3.4637465476989746,450700,0.0,0.0
2019-08-01 00:00:00-04:00,3.453804076281095,3.459037232610626,3.432871950024229,3.4381051063537598,476700,0.061,0.0
2019-08-02 00:00:00-04:00,3.4276387691497803,3.4328716755302575,3.391007426364009,3.4276387691497803,506600,0.0,0.0
2019-08-05 00:00:00-04:00,3.3910092380427836,3.3910092380427836,3.3177467628606787,3.3596110343933105,755900,0.0,0.0
2019-08-06 00:00:00-04:00,3.3700764508482832,3.396241490733164,3.3282121874079196,3.380542516708374,409800,0.0,0.0
2019-08-07 00:00:00-04:00,3.354378223419189,3.354378223419189,3.3229800165148093,3.3543782234191895,399600,0.0,0.0
2019-08-08 00:00:00-04:00,3.3648437989819913,3.3910090923309326,3.3648437989819913,3.3910090923309326,258500,0.0,0.0
2019-08-09 00:00:00-04:00,3.3857752608176237,3.3857752608176237,3.359610222200552,3.3648431301116943,293300,0.0,0.0
2019-08-12 00:00:00-04:00,3.354375456824846,3.364841517160861,3.3334433361528157,3.349142551422119,299400,0.0,0.0
2019-08-13 00:00:00-04:00,3.3439110325272012,3.4014745173040146,3.3439110325272012,3.3753092288970947,275200,0.0,0.0
2019-08-14 00:00:00-04:00,3.35437658078617,3.3596097374729483,3.3229783892574356,3.328211545944214,335300,0.0,0.0
2019-08-15 00:00:00-04:00,3.333444897085982,3.338678054469771,3.312512766612183,3.3177459239959717,295800,0.0,0.0
2019-08-16 00:00:00-04:00,3.333444453100347,3.3439105169432586,3.3125123254145246,3.328211545944214,303900,0.0,0.0
2019-08-19 00:00:00-04:00,3.3491449665101523,3.3648439435695185,3.3125136041537293,3.3596110343933105,344600,0.0,0.0
2019-08-20 00:00:00-04:00,3.3543770647587294,3.375309195464659,3.3439109994057645,3.3648431301116943,297100,0.0,0.0
2019-08-21 00:00:00-04:00,3.3857736378328913,3.3910067927661793,3.3334433361528157,3.349142551422119,332000,0.0,0.0
2019-08-22 00:00:00-04:00,3.359610222200552,3.380542352906482,3.3543770647587294,3.3648431301116943,239500,0.0,0.0
2019-08-23 00:00:00-04:00,3.3648426446290816,3.375308708471993,3.3177454821013024,3.328211545944214,280600,0.0,0.0
2019-08-26 00:00:00-04:00,3.338677923012044,3.364842960308726,3.2968136637128165,3.3125126361846924,596300,0.0,0.0
2019-08-27 00:00:00-04:00,3.322978873133256,3.3282120305820606,3.2863477691143475,3.2915806770324707,373100,0.0,0.0
2019-08-28 00:00:00-04:00,3.2863471860778866,3.3020461565777572,3.2758811225677604,3.2968132495880127,299900,0.0,0.0
2019-08-29 00:00:00-04:00,3.3072797285376234,3.3439108306591128,3.3072797285376234,3.3125126361846924,306200,0.0,0.0
2019-08-30 00:00:00-04:00,3.328211545944214,3.3386776097871254,3.3229783892574356,3.328211545944214,308000,0.0,0.0
2019-09-03 00:00:00-04:00,3.3076059818267827,3.3287408234019478,3.297038309092015,3.3076059818267822,321000,0.061,0.0
2019-09-04 00:00:00-04:00,3.323457959117143,3.3498766447869284,3.312890535238681,3.3340253829956055,361000,0.0,0.0
2019-09-05 00:00:00-04:00,3.3445913760632537,3.360442631073435,3.3340239567055163,3.3498752117156982,227100,0.0,0.0
2019-09-06 00:00:00-04:00,3.3445928068740676,3.3445928068740676,3.318174373151541,3.3340253829956055,376500,0.0,0.0
2019-09-09 00:00:00-04:00,3.3340239567055163,3.355158795420991,3.3234565373477793,3.3498752117156982,367200,0.0,0.0
2019-09-10 00:00:00-04:00,3.339307562716588,3.365725983320583,3.3340237274275086,3.3604423999786377,180100,0.0,0.0
2019-09-11 00:00:00-04:00,3.3710110187530518,3.376294603976053,3.3551597591896005,3.3710110187530518,277800,0.0,0.0
2019-09-12 00:00:00-04:00,3.381576050373839,3.3868596318613506,3.3445899721730727,3.365724802017212,632900,0.0,0.0
2019-09-13 00:00:00-04:00,3.355158567428589,3.3710098213616333,3.344591148788937,3.355158567428589,230600,0.0,0.0
2019-09-16 00:00:00-04:00,3.3710098213616333,3.3762934047078925,3.34987498408233,3.355158567428589,280200,0.0,0.0
2019-09-17 00:00:00-04:00,3.360442402721982,3.3710098213616333,3.34987498408233,3.355158567428589,308800,0.0,0.0
2019-09-18 00:00:00-04:00,3.3604412205296996,3.371008635451769,3.34987380560763,3.365724802017212,247100,0.0,0.0
2019-09-19 00:00:00-04:00,3.386859642753283,3.386859642753283,3.365724812841176,3.3815760612487793,237100,0.0,0.0
2019-09-20 00:00:00-04:00,3.3815760612487793,3.397427057709337,3.360441231336672,3.3815760612487793,275500,0.0,0.0
2019-09-23 00:00:00-04:00,3.381577237240687,3.381577237240687,3.3551585646895585,3.3604423999786377,365400,0.0,0.0
2019-09-24 00:00:00-04:00,3.159660586135232,3.207214086799296,3.117390919743657,3.1755118370056152,2344300,0.0,0.0
2019-09-25 00:00:00-04:00,3.170228937223907,3.170228937223907,3.106824418946747,3.138526678085327,1657500,0.0,0.0
2019-09-26 00:00:00-04:00,3.143809809836436,3.175512316362832,3.1279588085203613,3.1702284812927246,833200,0.0,0.0
2019-09-27 00:00:00-04:00,3.164944398902733,3.191363068294574,3.1543769815354175,3.159660816192627,457300,0.0,0.0
2019-09-30 00:00:00-04:00,3.159661063099634,3.1860797345559226,3.154377228029527,3.1702284812927246,450300,0.0,0.0
2019-10-01 00:00:00-04:00,3.1808673464052273,3.1808673464052273,3.1383139778065887,3.154271364212036,815900,0.04,0.0
2019-10-02 00:00:00-04:00,3.1436327546204663,3.1489520520618033,3.1063986870833564,3.1329944133758545,649000,0.0,0.0
2019-10-03 00:00:00-04:00,3.1223563377630574,3.154271364212036,3.101079653463738,3.154271364212036,1244800,0.0,0.0
2019-10-04 00:00:00-04:00,3.1595918761854267,3.175549268722534,3.143634230010138,3.175549268722534,456800,0.0,0.0
2019-10-07 00:00:00-04:00,3.17554678362407,3.191504417311339,3.1595894035747834,3.186185121536255,705100,0.0,0.0
2019-10-08 00:00:00-04:00,3.1808659401145607,3.2181002479957748,3.154269969679698,3.2127809524536133,1434700,0.0,0.0
2019-10-09 00:00:00-04:00,3.218100385739844,3.2287387236415466,3.207462047838141,3.223419427871704,595700,0.0,0.0
2019-10-10 00:00:00-04:00,3.2287387236415466,3.2340577657734064,3.207462047838141,3.223419427871704,867000,0.0,0.0
2019-10-11 00:00:00-04:00,3.2393791675567627,3.2606558571927553,3.2234215235106944,3.2393791675567627,759100,0.0,0.0
2019-10-14 00:00:00-04:00,3.2393789540304643,3.2393789540304643,3.1861869798085265,3.2021446228027344,497600,0.0,0.0
2019-10-15 00:00:00-04:00,3.202142538538723,3.2340575501156312,3.202142538538723,3.2074618339538574,507500,0.0,0.0
2019-10-16 00:00:00-04:00,3.20746392168018,3.228740609913703,3.1861869798085265,3.2021446228027344,591800,0.0,0.0
2019-10-17 00:00:00-04:00,3.202142400082948,3.218100032000401,3.1968233585357666,3.1968233585357666,487400,0.0,0.0
2019-10-18 00:00:00-04:00,3.1968249399361115,3.2021439841145094,3.1702289581298824,3.170228958129883,632700,0.0,0.0
2019-10-21 00:00:00-04:00,3.1755486356917655,3.2181022657969414,3.1755486356917655,3.2021446228027344,421400,0.0,0.0
2019-10-22 00:00:00-04:00,3.212780875731026,3.2446958873079343,3.2074618339538574,3.2074618339538574,939600,0.0,0.0
2019-10-23 00:00:00-04:00,3.1968257882847766,3.2393791675567627,3.1968257882847766,3.2393791675567627,594000,0.0,0.0
2019-10-24 00:00:00-04:00,3.2393770615432493,3.244696103675109,3.2127810899700013,3.223419427871704,611400,0.0,0.0
2019-10-25 00:00:00-04:00,3.2234194278717037,3.2340577657734064,3.218100385739844,3.223419427871704,525500,0.0,0.0
2019-10-28 00:00:00-04:00,3.2234194278717037,3.2393770615432493,3.2234194278717037,3.223419427871704,380700,0.0,0.0
2019-10-29 00:00:00-04:00,3.2234194642458083,3.250015436119174,3.2181004220539267,3.2446961402893066,626400,0.0,0.0
2019-10-30 00:00:00-04:00,3.239377295287065,3.2606539726257324,3.2287389566177316,3.2606539726257324,491600,0.0,0.0
2019-10-31 00:00:00-04:00,3.2553344783110556,3.2553344783110556,3.2340578022675572,3.2446961402893066,509800,0.0,0.0
2019-11-01 00:00:00-04:00,3.260761499404907,3.27147006527683,3.255407088812771,3.2607614994049072,450100,0.04,0.0
2019-11-04 00:00:00-05:00,3.26611328125,3.2768218393401773,3.255404723159823,3.26611328125,868600,0.0,0.0
2019-11-05 00:00:00-05:00,3.2661139728750954,3.2714683807101035,3.250051259994507,3.250051259994507,655900,0.0,0.0
2019-11-06 00:00:00-05:00,3.250051259994507,3.2661139728750954,3.2339882918017,3.250051259994507,607000,0.0,0.0
2019-11-07 00:00:00-05:00,3.2607591298609937,3.282176246041348,3.255404723159823,3.26611328125,429100,0.0,0.0
2019-11-08 00:00:00-05:00,3.2607598338826165,3.266113986427623,3.2446968656231574,3.2554054260253906,442600,0.0,0.0
2019-11-11 00:00:00-05:00,3.2500529242856677,3.25540707955022,3.233989947867312,3.239344358444214,449100,0.0,0.0
2019-11-12 00:00:00-05:00,3.2393426996367083,3.260759820352305,3.2393426996367083,3.250051259994507,717200,0.0,0.0
2019-11-13 00:00:00-05:00,3.2446968656231574,3.266113986427623,3.239342713078151,3.2554054260253906,487300,0.0,0.0
2019-11-14 00:00:00-05:00,3.255407088812771,3.2661156546846937,3.250052933532984,3.2607614994049072,532300,0.0,0.0
2019-11-15 00:00:00-05:00,3.2714676879511706,3.2875303974303547,3.2607591298609937,3.26611328125,698400,0.0,0.0
2019-11-18 00:00:00-05:00,3.260761499404907,3.2768242205566165,3.250052933532984,3.2607614994049072,861200,0.0,0.0
2019-11-19 00:00:00-05:00,3.255404723159823,3.2714676879511706,3.255404723159823,3.26611328125,402500,0.0,0.0
2019-11-20 00:00:00-05:00,3.2446961650696458,3.26611328125,3.2446961650696458,3.26611328125,514700,0.0,0.0
2019-11-21 00:00:00-05:00,3.2554051954150505,3.2714681625366215,3.2500510432493277,3.271468162536621,430400,0.0,0.0
2019-11-22 00:00:00-05:00,3.2768232822418217,3.2821776913007286,3.266114719436284,3.2768232822418213,396700,0.0,0.0
2019-11-25 00:00:00-05:00,3.2821767330169673,3.2875308852003684,3.2714681733379645,3.2821767330169678,554400,0.0,0.0
2019-11-26 00:00:00-05:00,3.2768242205566165,3.2875327864285397,3.260761499404907,3.2607614994049072,845300,0.0,0.0
2019-11-27 00:00:00-05:00,3.2661137550586976,3.287530874345991,3.2554051954150505,3.271468162536621,998500,0.0,0.0
2019-11-29 00:00:00-05:00,3.276822325521365,3.2875308852003684,3.260759613658961,3.2821767330169678,299000,0.0,0.0
2019-12-02 00:00:00-05:00,3.287566755062243,3.2929563321981328,3.2552300632144524,3.260619640350342,697300,0.04,0.0
2019-12-03 00:00:00-05:00,3.2498404904541407,3.2606193868988824,3.2228931208477056,3.2390615940093994,631300,0.0,0.0
2019-12-04 00:00:00-05:00,3.239061747029267,3.2821773348451018,3.239061747029267,3.276787757873535,555700,0.0,0.0
2019-12-05 00:00:00-05:00,3.2875666548274936,3.2875666548274936,3.2552299639656175,3.276787757873535,1003100,0.0,0.0
2019-12-06 00:00:00-05:00,3.276787884276086,3.3091245763853543,3.276787884276086,3.3037352561950684,816600,0.0,0.0
2019-12-09 00:00:00-05:00,3.303736445577063,3.303736445577063,3.2821786430765014,3.2929575443267822,500300,0.0,0.0
2019-12-10 00:00:00-05:00,3.2875670072514063,3.2929565848007303,3.2767881091419606,3.282177686691284,621000,0.0,0.0
2019-12-11 00:00:00-05:00,3.2875663152232595,3.325292579159595,3.276787419382756,3.314513683319092,1152700,0.0,0.0
2019-12-12 00:00:00-05:00,3.3199038559060967,3.341461653127107,3.309124957295592,3.3306827545166016,642000,0.0,0.0
2019-12-13 00:00:00-05:00,3.3360723323164616,3.3468512309269665,3.3252934337059563,3.3306827545166016,988400,0.0,0.0
2019-12-16 00:00:00-05:00,3.3360719745851255,3.3630190897272065,3.3360719745851255,3.346850872039795,879200,0.0,0.0
2019-12-17 00:00:00-05:00,3.3522397306747735,3.368408203125,3.346850411184132,3.368408203125,433800,0.0,0.0
2019-12-18 00:00:00-05:00,3.368408203125,3.3737977796047924,3.357629307154566,3.368408203125,498200,0.0,0.0
2019-12-19 00:00:00-05:00,3.368408211090259,3.3791871070861816,3.352239738601799,3.3791871070861816,514200,0.0,0.0
2019-12-20 00:00:00-05:00,3.379186744733584,3.3953552154882876,3.379186744733584,3.3845763206481934,454400,0.0,0.0
2019-12-23 00:00:00-05:00,3.3899656486802874,3.3953552246093746,3.3737974348712747,3.395355224609375,619600,0.0,0.0
2019-12-24 00:00:00-05:00,3.389967682602394,3.4115254852748036,3.389967682602394,3.4007465839385986,393800,0.0,0.0
2019-12-26 00:00:00-05:00,3.411524534225464,3.416914111885724,3.4061352135544114,3.411524534225464,294400,0.0,0.0
2019-12-27 00:00:00-05:00,3.4223026910698726,3.4223026910698726,3.3737977875827965,3.3791871070861816,348500,0.0,0.0
2019-12-30 00:00:00-05:00,3.368339716375994,3.373763639364576,3.324947297910476,3.3357954025268555,928200,0.04,0.0
2019-12-31 00:00:00-05:00,3.324946472202188,3.3683388798917515,3.324946472202188,3.3574907779693604,1053600,0.0,0.0
2020-01-02 00:00:00-05:00,3.3574914345304694,3.379187642617968,3.3574914345304694,3.3683395385742188,785800,0.0,0.0
2020-01-03 00:00:00-05:00,3.3574910739174215,3.3629149960371363,3.3412187902799295,3.3466429710388184,630900,0.0,0.0
2020-01-06 00:00:00-05:00,3.3412198410973506,3.3520679473876953,3.3357959172718057,3.3520679473876953,583900,0.0,0.0
2020-01-07 00:00:00-05:00,3.3574915929414764,3.3900359066082095,3.3574915929414764,3.362915515899658,817400,0.0,0.0
2020-01-08 00:00:00-05:00,3.379186756964718,3.4008829593658447,3.3629144758443053,3.4008829593658447,497900,0.0,0.0
2020-01-09 00:00:00-05:00,3.4117321564924037,3.4117321564924037,3.3954601287841797,3.3954601287841797,359500,0.0,0.0
2020-01-10 00:00:00-05:00,3.400884191816527,3.400884191816527,3.3629156945355363,3.3737637996673584,425300,0.0,0.0
2020-01-13 00:00:00-05:00,3.3737631071765466,3.3900353908538823,3.3683391850435513,3.390035390853882,459300,0.0,0.0
2020-01-14 00:00:00-05:00,3.3900360068631348,3.4280045032501216,3.3900360068631348,3.428004503250122,727000,0.0,0.0
2020-01-15 00:00:00-05:00,3.4280036504810654,3.444275674428126,3.411731367894847,3.433427572250366,334900,0.0,0.0
2020-01-16 00:00:00-05:00,3.4442760944366455,3.4497002755065496,3.4388521720059297,3.4442760944366455,292400,0.0,0.0
2020-01-17 00:00:00-05:00,3.444275277650818,3.4551233785788864,3.4334271767227493,3.4388513565063477,258500,0.0,0.0
2020-01-21 00:00:00-05:00,3.428003845439981,3.438851948234699,3.4117315619283186,3.4171557426452637,382700,0.0,0.0
2020-01-22 00:00:00-05:00,3.422579075794681,3.449699457434416,3.422579075794681,3.4388513565063477,283000,0.0,0.0
2020-01-23 00:00:00-05:00,3.444275277650818,3.444275277650818,3.4171551546502106,3.4388513565063477,325900,0.0,0.0
2020-01-24 00:00:00-05:00,3.433427344787107,3.4442754462461838,3.400883040409876,3.4063072204589844,382400,0.0,0.0
2020-01-27 00:00:00-05:00,3.362915515899658,3.379187802052632,3.3195230976773473,3.362915515899658,595200,0.0,0.0
2020-01-28 00:00:00-05:00,3.3574905545635905,3.4063071392856936,3.3574905545635905,3.4008829593658447,333400,0.0,0.0
2020-01-29 00:00:00-05:00,3.400883040409876,3.411731141868953,3.400883040409876,3.4063072204589844,296000,0.0,0.0
2020-01-30 00:00:00-05:00,3.39003594712196,3.4008840518071817,3.368339737751517,3.3954601287841797,416500,0.0,0.0
2020-01-31 00:00:00-05:00,3.384612266258731,3.390036448723531,3.3520679473876953,3.3520679473876953,970800,0.0,0.0
2020-02-03 00:00:00-05:00,3.3629865144709434,3.3902835877383986,3.357527256011963,3.357527256011963,920100,0.04,0.0
2020-02-04 00:00:00-05:00,3.384822927565851,3.4012012180682705,3.384822927565851,3.3957417011260986,419600,0.0,0.0
2020-02-05 00:00:00-05:00,3.4066615671672578,3.417580604553223,3.4066615671672578,3.4175806045532227,436500,0.0,0.0
2020-02-06 00:00:00-05:00,3.428498476755264,3.428498476755264,3.4066606680710145,3.423038959503174,740300,0.0,0.0
2020-02-07 00:00:00-05:00,3.412120551468307,3.42303932682004,3.390283000764841,3.406661033630371,444200,0.0,0.0
2020-02-10 00:00:00-05:00,3.3957429175321985,3.433958768844604,3.3957429175321985,3.4339587688446045,504400,0.0,0.0
2020-02-11 00:00:00-05:00,3.444876507863313,3.4557952820433826,3.417579702575195,3.423038959503174,287200,0.0,0.0
2020-02-12 00:00:00-05:00,3.4394164085388184,3.450335180044616,3.4339568926238964,3.4394164085388184,479700,0.0,0.0
2020-02-13 00:00:00-05:00,3.4339577336832434,3.450336025115403,3.423038959503174,3.423038959503174,806400,0.0,0.0
2020-02-14 00:00:00-05:00,3.43395824111787,3.4503365349702437,3.417580207589646,3.4284989833831787,218400,0.0,0.0
2020-02-18 00:00:00-05:00,3.428498844657976,3.4394176200097086,3.406661033630371,3.406661033630371,430800,0.0,0.0
2020-02-19 00:00:00-05:00,3.417580604553223,3.4339586399838113,3.4066615671672578,3.4175806045532227,1052800,0.0,0.0
2020-02-20 00:00:00-05:00,3.412120551468307,3.4175800693062426,3.390283000764841,3.406661033630371,444400,0.0,0.0
2020-02-21 00:00:00-05:00,3.4012021226403153,3.4066613807103163,3.384823827781981,3.3902833461761475,548500,0.0,0.0
2020-02-24 00:00:00-05:00,3.3356890647309307,3.3356890647309307,3.2756356712014796,3.3029327392578125,661800,0.0,0.0
2020-02-25 00:00:00-05:00,3.308392256350043,3.319311032364763,3.210123272217562,3.237420082092285,1072100,0.0,0.0
2020-02-26 00:00:00-05:00,3.242879470804828,3.286554573120183,3.2374199528533367,3.253798246383667,748600,0.0,0.0
2020-02-27 00:00:00-05:00,3.2046635585935914,3.2046635585935914,3.100935062618142,3.111853837966919,1523900,0.0,0.0
2020-02-28 00:00:00-05:00,3.0245047473722475,3.0518018259441635,2.964451330708574,3.002667188644409,2150600,0.0,0.0
2020-03-02 00:00:00-05:00,3.0136656956449497,3.1071553665210287,2.9861686410703334,3.096156597137451,1795800,0.04,0.0
2020-03-03 00:00:00-05:00,3.112654620097144,3.1676487292463764,3.057660773179258,3.096156597137451,1324800,0.0,0.0
2020-03-04 00:00:00-05:00,3.1291526478813814,3.189646005630493,3.1126543640475055,3.189646005630493,752100,0.0,0.0
2020-03-05 00:00:00-05:00,3.1456497107901877,3.1676475032749054,3.107154163962235,3.134650945663452,637000,0.0,0.0
2020-03-06 00:00:00-05:00,3.068659629392151,3.079658399086944,3.0246645506129792,3.0741591453552246,607700,0.0,0.0
2020-03-09 00:00:00-04:00,2.9531725193504132,2.9531725193504132,2.8376853024165882,2.848684072494507,947200,0.0,0.0
2020-03-10 00:00:00-04:00,2.9201737497909823,2.942171271420843,2.793687869303713,2.8871774673461914,822500,0.0,0.0
2020-03-11 00:00:00-04:00,2.8431838763860173,2.8596818949200364,2.694700398423463,2.716697931289673,1086500,0.0,0.0
2020-03-12 00:00:00-04:00,2.5297182215074625,2.5352177349305274,2.2162532988672745,2.414231061935425,1796800,0.0,0.0
2020-03-13 00:00:00-04:00,2.4747238018309927,2.551715135574341,2.381234194027057,2.551715135574341,1054600,0.0,0.0
2020-03-16 00:00:00-04:00,2.205255547486837,2.4417292264737713,2.205255547486837,2.3152432441711426,974400,0.0,0.0
2020-03-17 00:00:00-04:00,2.28774543736344,2.496722254646403,2.28774543736344,2.458226442337036,1663800,0.0,0.0
2020-03-18 00:00:00-04:00,2.2657482782010723,2.3702367040416332,2.1887569031406153,2.227252721786499,1606100,0.0,0.0
2020-03-19 00:00:00-04:00,2.2162534314461446,2.2657477440583733,2.1832570045119515,2.210753917694092,785300,0.0,0.0
2020-03-20 00:00:00-04:00,2.2492502575180584,2.364737451224399,2.2162539539207198,2.227252721786499,611000,0.0,0.0
2020-03-23 00:00:00-04:00,2.199755141016852,2.2217526714485207,2.0842679751349675,2.1172642707824707,1253200,0.0,0.0
2020-03-24 00:00:00-04:00,2.1777577456825217,2.2987441705621,2.166758979784378,2.271247386932373,622300,0.0,0.0
2020-03-25 00:00:00-04:00,2.298743912242405,2.469224895621583,2.2932446610269395,2.441728115081787,615000,0.0,0.0
2020-03-26 00:00:00-04:00,2.4417275159409866,2.5572146476715933,2.4417275159409866,2.551715135574341,541900,0.0,0.0
2020-03-27 00:00:00-04:00,2.474724696673401,2.5737135901370816,2.4417283988521743,2.524219274520874,269000,0.0,0.0
2020-03-30 00:00:00-04:00,2.5242193853703627,2.5627149367366693,2.474724805349367,2.5297186374664307,313400,0.0,0.0
2020-03-31 00:00:00-04:00,2.5517157675973254,2.5902115751194374,2.507720708847046,2.507720708847046,841500,0.0,0.0
2020-04-01 00:00:00-04:00,2.4466930348814726,2.4577891382202015,2.3912125181878285,2.3967607021331787,1080800,0.04,0.0
2020-04-02 00:00:00-04:00,2.3412809292205985,2.4411461668306704,2.3412809292205985,2.4023096561431885,607800,0.0,0.0
2020-04-03 00:00:00-04:00,2.3967606269257864,2.41895283290688,2.3246358252112502,2.330183744430542,527300,0.0,0.0
2020-04-06 00:00:00-04:00,2.4023080159232193,2.513269285889998,2.4023080159232193,2.5021731853485107,494500,0.0,0.0
2020-04-07 00:00:00-04:00,2.585392951965332,2.629777339450293,2.5687489389343803,2.585392951965332,577400,0.0,0.0
2020-04-08 00:00:00-04:00,2.596490226457492,2.6908072249157917,2.5909423077815585,2.663067102432251,462100,0.0,0.0
2020-04-09 00:00:00-04:00,2.685259347625323,2.7795763475372453,2.685259347625323,2.762932062149048,980200,0.0,0.0
2020-04-13 00:00:00-04:00,2.7573819499200223,2.7740262236647837,2.6464210067941334,2.6686131954193115,381500,0.0,0.0
2020-04-14 00:00:00-04:00,2.7074502936150173,2.7407385843703063,2.7074502936150173,2.7185463905334473,225700,0.0,0.0
2020-04-15 00:00:00-04:00,2.6908064870446324,2.696354668751084,2.651970273306929,2.6797103881835938,374100,0.0,0.0
2020-04-16 00:00:00-04:00,2.696354668751084,2.707450767612123,2.657518190461516,2.6797103881835938,324000,0.0,0.0
2020-04-17 00:00:00-04:00,2.7462871074676514,2.7462871074676514,2.6963547925758657,2.7462871074676514,272000,0.0,0.0
2020-04-20 00:00:00-04:00,2.6852585698900455,2.718546866473162,2.6741624710290064,2.6797103881835938,188600,0.0,0.0
2020-04-21 00:00:00-04:00,2.640875182153603,2.657519204520271,2.5909425859496675,2.646423101425171,253800,0.0,0.0
2020-04-22 00:00:00-04:00,2.6630658522082604,2.6797098649741673,2.640873658819176,2.657517671585083,294400,0.0,0.0
2020-04-23 00:00:00-04:00,2.679710118830637,2.679710118830637,2.640873908996582,2.640873908996582,262700,0.0,0.0
2020-04-24 00:00:00-04:00,2.6519708814669447,2.6908071041107178,2.6353265970825235,2.6908071041107178,262900,0.0,0.0
2020-04-27 00:00:00-04:00,2.701902389526367,2.7185466688841204,2.6852583747204593,2.701902389526367,264300,0.0,0.0
2020-04-28 00:00:00-04:00,2.7296433448791504,2.757383463612957,2.712999061997345,2.7296433448791504,238700,0.0,0.0
2020-04-29 00:00:00-04:00,2.7573834976529557,2.8017681643683994,2.7573834976529557,2.7906720638275146,206500,0.0,0.0
2020-04-30 00:00:00-04:00,2.762931051003379,2.762931051003379,2.718546658947396,2.757382869720459,685300,0.0,0.0
2020-05-01 00:00:00-04:00,2.69026671764577,2.707046045489827,2.6678944583192727,2.68467378616333,411900,0.04,0.0
2020-05-04 00:00:00-04:00,2.634335406879851,2.6623008573547553,2.617556083255248,2.6511144638061523,343400,0.0,0.0
2020-05-05 00:00:00-04:00,2.6846724883203312,2.7070447368314805,2.6678931685878493,2.690265417098999,276800,0.0,0.0
2020-05-06 00:00:00-04:00,2.690266972248859,2.7014531029707474,2.6567085800831944,2.662301778793335,187700,0.0,0.0
2020-05-07 00:00:00-04:00,2.673488030869146,2.6902670943644105,2.667894831905121,2.6790809631347656,350100,0.0,0.0
2020-05-08 00:00:00-04:00,2.6958594274778385,2.7126384855840393,2.6846732998409313,2.707045555114746,147200,0.0,0.0
2020-05-11 00:00:00-04:00,2.701452357947132,2.7126384855840393,2.6846732998409313,2.707045555114746,180900,0.0,0.0
2020-05-12 00:00:00-04:00,2.701453225594055,2.7126393568236997,2.6790809631347656,2.6790809631347656,331600,0.0,0.0
2020-05-13 00:00:00-04:00,2.673487000436601,2.679079930546558,2.5895909152008314,2.606369972229004,360200,0.0,0.0
2020-05-14 00:00:00-04:00,2.5784047882826155,2.6063699722290035,2.5560325344461843,2.606369972229004,572000,0.0,0.0
2020-05-15 00:00:00-04:00,2.6007785586189094,2.628743758871654,2.58959242517812,2.6231508255004883,417800,0.0,0.0
2020-05-18 00:00:00-04:00,2.667893869367898,2.71263837814331,2.667893869367898,2.7126383781433105,219600,0.0,0.0
2020-05-19 00:00:00-04:00,2.690267824023349,2.7070471587679386,2.667895555496216,2.667895555496216,454500,0.0,0.0
2020-05-20 00:00:00-04:00,2.7070455551147456,2.7238246132209465,2.6846732998409313,2.707045555114746,475300,0.0,0.0
2020-05-21 00:00:00-04:00,2.701453225594055,2.7070464245580803,2.667894831905121,2.6790809631347656,207700,0.0,0.0
2020-05-22 00:00:00-04:00,2.6902659971190825,2.69585919380188,2.6678937437844854,2.69585919380188,198800,0.0,0.0
2020-05-26 00:00:00-04:00,2.7238255300045426,2.7685700556122574,2.7182325976527832,2.762977123260498,432000,0.0,0.0
2020-05-27 00:00:00-04:00,2.7741631451183717,2.785349276078591,2.735011553408405,2.7685699462890625,341900,0.0,0.0
2020-05-28 00:00:00-04:00,2.7685700386994765,2.7965355003826664,2.7461977760322878,2.7853493690490723,417400,0.0,0.0
2020-05-29 00:00:00-04:00,2.7685692258781414,2.7853485513015124,2.757383097828671,2.7797553539276123,335900,0.0,0.0
2020-06-01 00:00:00-04:00,2.768478374499583,2.807947614311866,2.7628400653048,2.802309036254883,280700,0.04,0.0
2020-06-02 00:00:00-04:00,2.791032221538133,2.8135859966278076,2.785393912196818,2.8135859966278076,387900,0.0,0.0
2020-06-03 00:00:00-04:00,2.81922523312615,2.864332793838205,2.81922523312615,2.8474175930023193,637100,0.0,0.0
2020-06-04 00:00:00-04:00,2.819223956070949,2.83613941810672,2.8135853791049765,2.830500841140747,348200,0.0,0.0
2020-06-05 00:00:00-04:00,2.875610302455796,2.8868871950590607,2.8530565172492666,2.869971990585327,592000,0.0,0.0
2020-06-08 00:00:00-04:00,2.869970633177135,2.8868858296504984,2.8643320551112135,2.8812475204467773,232200,0.0,0.0
2020-06-09 00:00:00-04:00,2.8699698980358166,2.881246782416891,2.8417775526520646,2.875608205795288,256700,0.0,0.0
2020-06-10 00:00:00-04:00,2.8756087735200637,2.881247351254878,2.836139804825102,2.853055000305176,412000,0.0,0.0
2020-06-11 00:00:00-04:00,2.8135855868246282,2.8135855868246282,2.7177321910858154,2.7177321910858154,489100,0.0,0.0
2020-06-12 00:00:00-04:00,2.7853939740084277,2.7853939740084277,2.7120940689092605,2.751563310623169,339100,0.0,0.0
2020-06-15 00:00:00-04:00,2.7064556154867794,2.757201473434395,2.6839018410962394,2.7290093898773193,526400,0.0,0.0
2020-06-16 00:00:00-04:00,2.8023091090829704,2.8192245748313294,2.7797553339932963,2.8135859966278076,656100,0.0,0.0
2020-06-17 00:00:00-04:00,2.813586811175382,2.813586811175382,2.7910330295562744,2.7910330295562744,280200,0.0,0.0
2020-06-18 00:00:00-04:00,2.7741180154253136,2.7853949069976807,2.7684794352079787,2.7853949069976807,259400,0.0,0.0
2020-06-19 00:00:00-04:00,2.8135866697818113,2.81922524933437,2.762840798120137,2.768479108810425,197300,0.0,0.0
2020-06-22 00:00:00-04:00,2.7797563267803453,2.7853949069976807,2.7402873407082127,2.7853949069976807,227400,0.0,0.0
2020-06-23 00:00:00-04:00,2.796671488853197,2.8135866899073254,2.7684791286132855,2.7741177082061768,321500,0.0,0.0
2020-06-24 00:00:00-04:00,2.768478360629665,2.768478360629665,2.717732502682049,2.7290093898773193,371600,0.0,0.0
2020-06-25 00:00:00-04:00,2.7233708845745226,2.740286350250244,2.7064556877610073,2.740286350250244,163800,0.0,0.0
2020-06-26 00:00:00-04:00,2.723369998681025,2.7346468825091446,2.683901039713665,2.7120931148529053,220000,0.0,0.0
2020-06-29 00:00:00-04:00,2.723370811848585,2.7290093898773193,2.700817037458045,2.7290093898773193,204600,0.0,0.0
2020-06-30 00:00:00-04:00,2.7290096073782735,2.73464791699418,2.70081725271208,2.7233710289001465,1190000,0.0,0.0
2020-07-01 00:00:00-04:00,2.7290560418339136,2.751798152923584,2.7233703785078216,2.751798152923584,459000,0.04,0.0
2020-07-02 00:00:00-04:00,2.757483545142327,2.774540264013254,2.740427097378749,2.751798152923584,1111300,0.0,0.0
2020-07-06 00:00:00-04:00,2.7915979835283036,2.79728364944458,2.768855862078142,2.79728364944458,338600,0.0,0.0
2020-07-07 00:00:00-04:00,2.768855495253773,2.7802265544723896,2.74611337681654,2.7574844360351562,166000,0.0,0.0
2020-07-08 00:00:00-04:00,2.7574846523018555,2.7915978326331667,2.7574846523018555,2.7745413780212402,323900,0.0,0.0
2020-07-09 00:00:00-04:00,2.768854600687162,2.774540264013254,2.740427097378749,2.751798152923584,223000,0.0,0.0
2020-07-10 00:00:00-04:00,2.7631697654724117,2.768855158837225,2.7290565919613208,2.763169765472412,236400,0.0,0.0
2020-07-13 00:00:00-04:00,2.768854600687162,2.7915967117768323,2.746112489597492,2.751798152923584,455700,0.0,0.0
2020-07-14 00:00:00-04:00,2.7574846523018555,2.7745413780212402,2.7347425320809813,2.7745413780212402,316100,0.0,0.0
2020-07-15 00:00:00-04:00,2.802968502044678,2.820025225386568,2.791597443519225,2.8029685020446777,508200,0.0,0.0
2020-07-16 00:00:00-04:00,2.791598532000871,2.808655261993408,2.780227469041688,2.808655261993408,203000,0.0,0.0
2020-07-17 00:00:00-04:00,2.8029685789190313,2.8200253027287197,2.797283185054087,2.8143396377563477,164600,0.0,0.0
2020-07-20 00:00:00-04:00,2.7972828664979192,2.842767096667415,2.7972828664979192,2.8370814323425293,263000,0.0,0.0
2020-07-21 00:00:00-04:00,2.83708175543098,2.8598241442130403,2.8086542438914033,2.8143396377563477,430400,0.0,0.0
2020-07-22 00:00:00-04:00,2.7972835617124483,2.831396742817787,2.7915978959744927,2.820025682449341,268900,0.0,0.0
2020-07-23 00:00:00-04:00,2.8143401049784647,2.831396831619822,2.7915979835283036,2.79728364944458,157300,0.0,0.0
2020-07-24 00:00:00-04:00,2.80296906751598,2.808654733479443,2.7745415510210867,2.780226945877075,147500,0.0,0.0
2020-07-27 00:00:00-04:00,2.7802264612443985,2.8200253027287197,2.774541067379454,2.8143396377563477,449100,0.0,0.0
2020-07-28 00:00:00-04:00,2.797283185054087,2.83708175543098,2.791597520081715,2.8143396377563477,391000,0.0,0.0
2020-07-29 00:00:00-04:00,2.82002449236372,2.854137659072876,2.814338829025186,2.854137659072876,308000,0.0,0.0
2020-07-30 00:00:00-04:00,2.8200256173872758,2.831396677493375,2.8029688916743973,2.8257110118865967,332000,0.0,0.0
2020-07-31 00:00:00-04:00,2.83139705657959,2.8370824518401094,2.814340328583044,2.83139705657959,400800,0.0,0.0
2020-08-03 00:00:00-04:00,2.8313965267478243,2.86005422201676,2.8256648237124513,2.8485910892486572,398500,0.04,0.0
2020-08-04 00:00:00-04:00,2.8313971168317873,2.860054818073198,2.825665412601885,2.854323387145996,149200,0.0,0.0
2020-08-05 00:00:00-04:00,2.8657849200343133,2.8772480487823486,2.854321791286278,2.8772480487823486,279600,0.0,0.0
2020-08-06 00:00:00-04:00,2.8600538963721194,2.8715173011376467,2.8371276334462894,2.865785598754883,333000,0.0,0.0
2020-08-07 00:00:00-04:00,2.842859454850334,2.8715174213587438,2.842859454850334,2.8600540161132812,201000,0.0,0.0
2020-08-10 00:00:00-04:00,2.8657866689661446,2.87151837348938,2.842860397478633,2.87151837348938,379700,0.0,0.0
2020-08-11 00:00:00-04:00,2.877248730217798,2.8944435640634767,2.8600538963721194,2.865785598754883,277500,0.0,0.0
2020-08-12 00:00:00-04:00,2.8829811240771863,2.9173705267141536,2.8829811240771863,2.905907392501831,433300,0.0,0.0
2020-08-13 00:00:00-04:00,2.900175094604492,2.911638226468438,2.8944436653238306,2.900175094604492,279800,0.0,0.0
2020-08-14 00:00:00-04:00,2.905907392501831,2.9116388229566534,2.894444258289509,2.905907392501831,152200,0.0,0.0
2020-08-17 00:00:00-04:00,2.923101933173039,2.9345650672912598,2.8887125308183768,2.9345650672912598,336300,0.0,0.0
2020-08-18 00:00:00-04:00,2.905906389600868,2.946027208845959,2.905906389600868,2.9231009483337402,620800,0.0,0.0
2020-08-19 00:00:00-04:00,2.928832650113087,2.93456407858985,2.9116378180776312,2.9231009483337402,511800,0.0,0.0
2020-08-20 00:00:00-04:00,2.8944439355563394,2.9231016312404465,2.8944439355563394,2.9116384983062744,398400,0.0,0.0
2020-08-21 00:00:00-04:00,2.9116388229566534,2.9173705267141536,2.894444258289509,2.905907392501831,162900,0.0,0.0
2020-08-24 00:00:00-04:00,2.9288333343588566,2.940296467293029,2.9059070684905115,2.9116384983062744,382300,0.0,0.0
2020-08-25 00:00:00-04:00,2.911638173677033,2.9288330078125,2.9059067445002884,2.9288330078125,631700,0.0,0.0
2020-08-26 00:00:00-04:00,2.9231013053331387,2.957490700301456,2.9231013053331387,2.9288330078125,896600,0.0,0.0
2020-08-27 00:00:00-04:00,2.923101933173039,2.9460282014094803,2.9173705027652663,2.9345650672912598,330400,0.0,0.0
2020-08-28 00:00:00-04:00,2.9288333343588566,2.9288333343588566,2.9059070684905115,2.9116384983062744,250400,0.0,0.0
2020-08-31 00:00:00-04:00,2.9001756887443313,2.9173705267141536,2.8887125545320087,2.905907392501831,284500,0.0,0.0
2020-09-01 00:00:00-04:00,2.8943523114265357,2.9059066005240557,2.882797746853034,2.9001293182373047,265400,0.04,0.0
2020-09-02 00:00:00-04:00,2.9001299829277754,2.9174615582843275,2.888575691182089,2.911684274673462,374700,0.0,0.0
2020-09-03 00:00:00-04:00,2.9001302688921777,2.9059075530727063,2.8250272274017334,2.8250272274017334,316500,0.0,0.0
2020-09-04 00:00:00-04:00,2.8365806396471442,2.848134928945007,2.7788091931578314,2.830803632736206,368700,0.0,0.0
2020-09-08 00:00:00-04:00,2.7903621989539618,2.8076937626666325,2.778807914970801,2.7961394786834717,340400,0.0,0.0
2020-09-09 00:00:00-04:00,2.8134720782138762,2.8770208074777672,2.8134720782138762,2.859689235687256,278500,0.0,0.0
2020-09-10 00:00:00-04:00,2.8539122113319313,2.8885750792255194,2.830803632736206,2.830803632736206,243000,0.0,0.0
2020-09-11 00:00:00-04:00,2.8423579393727323,2.865466518109422,2.8423579393727323,2.859689235687256,152800,0.0,0.0
2020-09-14 00:00:00-04:00,2.871243457755514,2.9116836073348247,2.871243457755514,2.9001293182373047,229400,0.0,0.0
2020-09-15 00:00:00-04:00,2.9174612060152354,2.9347925038030738,2.9059069156646724,2.905906915664673,286500,0.0,0.0
2020-09-16 00:00:00-04:00,2.911684274673462,2.929015850030014,2.905907266538641,2.911684274673462,363800,0.0,0.0
2020-09-17 00:00:00-04:00,2.882797746853034,2.9059066005240557,2.877020740042265,2.9001293182373047,226800,0.0,0.0
2020-09-18 00:00:00-04:00,2.8943524078380536,2.9059066973204497,2.8654665463940687,2.877020835876465,235200,0.0,0.0
2020-09-21 00:00:00-04:00,2.8250265394900373,2.842358112335205,2.807695242120874,2.842358112335205,330100,0.0,0.0
2020-09-22 00:00:00-04:00,2.830803632736206,2.8596892182428695,2.813472061051419,2.830803632736206,492600,0.0,0.0
2020-09-23 00:00:00-04:00,2.83658161739476,2.8423589017730695,2.7730331420898438,2.7730331420898438,212200,0.0,0.0
2020-09-24 00:00:00-04:00,2.7614788488093063,2.7845874353703812,2.744147271150459,2.7730331420898438,288600,0.0,0.0
2020-09-25 00:00:00-04:00,2.7557013878217793,2.7903642654418945,2.7557013878217793,2.7903642654418945,309600,0.0,0.0
2020-09-28 00:00:00-04:00,2.8134722494185933,2.8481351196329245,2.8019179593471497,2.842358112335205,360200,0.0,0.0
2020-09-29 00:00:00-04:00,2.8308038222637615,2.853912402406649,2.819249532192318,2.842358112335205,481600,0.0,0.0
2020-09-30 00:00:00-04:00,2.8481349463189107,2.8943523792682786,2.8481349463189107,2.859689235687256,682600,0.0,0.0
2020-10-01 00:00:00-04:00,2.8538656170038674,2.8888108762667435,2.8538656170038674,2.877162456512451,407700,0.04,0.0
2020-10-02 00:00:00-04:00,2.8480412682666048,2.877162456512451,2.8247444287580206,2.877162456512451,172000,0.0,0.0
2020-10-05 00:00:00-04:00,2.8829865275294804,2.8946349472837727,2.8596896880208966,2.877162456512451,258800,0.0,0.0
2020-10-06 00:00:00-04:00,2.8829860510396577,2.900458816643375,2.865513563156128,2.865513563156128,230500,0.0,0.0
2020-10-07 00:00:00-04:00,2.8713376080730564,2.91793155670166,2.8713376080730564,2.91793155670166,332600,0.0,0.0
2020-10-08 00:00:00-04:00,2.9295795340561015,2.9295795340561015,2.8888099392796036,2.8946340084075928,319100,0.0,0.0
2020-10-09 00:00:00-04:00,2.9004590466648077,2.9295802324070683,2.8946346984282716,2.9237558841705322,154300,0.0,0.0
2020-10-12 00:00:00-04:00,2.923755863444157,2.9295802116394043,2.8888106074332955,2.9295802116394043,208100,0.0,0.0
2020-10-13 00:00:00-04:00,2.917931836747759,2.9237559073101793,2.888810650775023,2.906283140182495,206500,0.0,0.0
2020-10-14 00:00:00-04:00,2.9062824243837144,2.91793111807998,2.882985592431471,2.8946340084075928,217500,0.0,0.0
2020-10-15 00:00:00-04:00,2.8713381077751885,2.877162456512451,2.8538656170038674,2.877162456512451,559300,0.0,0.0
2020-10-16 00:00:00-04:00,2.871337652206421,2.900458835831877,2.871337652206421,2.871337652206421,274800,0.0,0.0
2020-10-19 00:00:00-04:00,2.86551428691592,2.888811128458305,2.842217445373535,2.842217445373535,338400,0.0,0.0
2020-10-20 00:00:00-04:00,2.8422167274979633,2.89463446886874,2.8422167274979633,2.865513563156128,250500,0.0,0.0
2020-10-21 00:00:00-04:00,2.859689215381493,2.8829860510396577,2.8422167274979633,2.865513563156128,280800,0.0,0.0
2020-10-22 00:00:00-04:00,2.865513564471392,2.8713376345285124,2.8480407988596546,2.853865146636963,312600,0.0,0.0
2020-10-23 00:00:00-04:00,2.8596892166940835,2.8713376345285124,2.8480407988596546,2.853865146636963,188300,0.0,0.0
2020-10-26 00:00:00-04:00,2.836392886266433,2.8422172350812214,2.7956235554438633,2.813096046447754,338300,0.0,0.0
2020-10-27 00:00:00-04:00,2.8130967515171985,2.824745174346077,2.795624256134033,2.795624256134033,242800,0.0,0.0
2020-10-28 00:00:00-04:00,2.7665024236126463,2.778150843761153,2.6849634825730995,2.6907875537872314,941900,0.0,0.0
2020-10-29 00:00:00-04:00,2.7024354858417863,2.7665019239474873,2.696611415679555,2.7606775760650635,473500,0.0,0.0
2020-10-30 00:00:00-04:00,2.731556196047819,2.7490286812242486,2.7082593639991503,2.714083433151245,212700,0.0,0.0
2020-11-02 00:00:00-05:00,2.743458501476034,2.761082274734543,2.743458501476034,2.7552077770233154,330700,0.04,0.0
2020-11-03 00:00:00-05:00,2.766957114150359,2.819828995352223,2.766957114150359,2.808079719543457,262000,0.0,0.0
2020-11-04 00:00:00-05:00,2.813953253288056,2.8609503404213013,2.8022039815047446,2.8315773010253906,232600,0.0,0.0
2020-11-05 00:00:00-05:00,2.8492005800174307,2.9020724340374984,2.8492005800174307,2.8785738945007324,348300,0.0,0.0
2020-11-06 00:00:00-05:00,2.878573894500732,2.88444838932258,2.8492005800174307,2.8785738945007324,210100,0.0,0.0
2020-11-09 00:00:00-05:00,2.960818675364002,2.966693450097208,2.919696092605591,2.919696092605591,447600,0.0,0.0
2020-11-10 00:00:00-05:00,2.907947294529203,2.9431953883914326,2.907947294529203,2.931445837020874,273300,0.0,0.0
2020-11-11 00:00:00-05:00,2.9431945292865054,2.954943797102784,2.9373197553160457,2.949069023132324,206300,0.0,0.0
2020-11-12 00:00:00-05:00,2.9373199939727783,2.9608185315145876,2.9255707252018737,2.9373199939727783,222900,0.0,0.0
2020-11-13 00:00:00-05:00,2.937320701185262,2.966694020247007,2.9314459253230205,2.9608192443847656,219300,0.0,0.0
2020-11-16 00:00:00-05:00,2.9960673918834115,3.013691441302474,2.9666943496846576,2.9784436225891113,379600,0.0,0.0
2020-11-17 00:00:00-05:00,2.966694952625031,3.0078172760857913,2.966694952625031,2.996068000793457,367900,0.0,0.0
2020-11-18 00:00:00-05:00,2.996067295433912,3.007816567960133,2.9725687503814697,2.9725687503814697,377800,0.0,0.0
2020-11-19 00:00:00-05:00,2.960818290239768,2.9960660936801653,2.960818290239768,2.984316825866699,281800,0.0,0.0
2020-11-20 00:00:00-05:00,2.978442332022287,3.0019408676492185,2.9725675580532336,2.984316825866699,310000,0.0,0.0
2020-11-23 00:00:00-05:00,3.0019421524813286,3.019565921682185,2.984318103155711,3.0136914253234863,301300,0.0,0.0
2020-11-24 00:00:00-05:00,3.0195661421638933,3.0548139632640807,3.0136916453762526,3.0489394664764404,406600,0.0,0.0
2020-11-25 00:00:00-05:00,3.031315565109253,3.043064839387785,3.013691793753852,3.031315565109253,332700,0.0,0.0
2020-11-27 00:00:00-05:00,3.031314605473155,3.066562417150202,3.0195653349141387,3.0548131465911865,187500,0.0,0.0
2020-11-30 00:00:00-05:00,3.0489393709972488,3.0548138676009264,3.037190097665121,3.043064594268799,375900,0.0,0.0
2020-12-01 00:00:00-05:00,3.0430646224988895,3.078586744671476,3.0430646224988895,3.060825824737549,476400,0.04,0.0
2020-12-02 00:00:00-05:00,3.0430647068621752,3.060825909593231,3.0430647068621752,3.054905414581299,320300,0.0,0.0
2020-12-03 00:00:00-05:00,3.0489850767776154,3.0785867037085324,3.0489850767776154,3.0667459964752197,389600,0.0,0.0
2020-12-04 00:00:00-05:00,3.0726664912442403,3.0726664912442403,3.0549052892419075,3.0667459964752197,403400,0.0,0.0
2020-12-07 00:00:00-05:00,3.048985201874107,3.0667461223004224,3.0430647068621752,3.054905414581299,433800,0.0,0.0
2020-12-08 00:00:00-05:00,3.0430637959296627,3.054904500104305,3.0312230917550202,3.0489842891693115,235900,0.0,0.0
2020-12-09 00:00:00-05:00,3.0549053298897517,3.066746037280614,3.0489851173466866,3.060825824737549,347400,0.0,0.0
2020-12-10 00:00:00-05:00,3.0489855762619613,3.090427917215268,3.0489855762619613,3.084507703781128,393400,0.0,0.0
2020-12-11 00:00:00-05:00,3.0667453966147313,3.0904268064492335,3.0608251853084427,3.0785861015319824,233100,0.0,0.0
2020-12-14 00:00:00-05:00,3.084507703781128,3.102268626388324,3.0726669946080722,3.084507703781128,515200,0.0,0.0
2020-12-15 00:00:00-05:00,3.0963473000601955,3.102267511366484,3.072665890225694,3.0785861015319824,535700,0.0,0.0
2020-12-16 00:00:00-05:00,3.078586929000401,3.108188840402323,3.0726667161028662,3.0904276371002197,723200,0.0,0.0
2020-12-17 00:00:00-05:00,3.1022693455711443,3.125951051712036,3.0963491307645516,3.125951051712036,472300,0.0,0.0
2020-12-18 00:00:00-05:00,3.1081891221272393,3.1141096178661547,3.078587208042213,3.084507703781128,434700,0.0,0.0
2020-12-21 00:00:00-05:00,3.037143775473941,3.0845065951429445,3.037143775473941,3.0785861015319824,247100,0.0,0.0
2020-12-22 00:00:00-05:00,3.0667464988691573,3.090427917215268,3.0608262854350166,3.084507703781128,198200,0.0,0.0
2020-12-23 00:00:00-05:00,3.0845065951429445,3.0904268064492335,3.0667453966147313,3.0785861015319824,398200,0.0,0.0
2020-12-24 00:00:00-05:00,3.078587208042213,3.102268626388324,3.078587208042213,3.084507703781128,609000,0.0,0.0
2020-12-28 00:00:00-05:00,3.090427816266475,3.1200297293845556,3.090427816266475,3.114109516143799,471600,0.0,0.0
2020-12-29 00:00:00-05:00,3.120030554600603,3.125951051712036,3.1141103397940104,3.125951051712036,352700,0.0,0.0
2020-12-30 00:00:00-05:00,3.1199842362428045,3.1438464255308776,3.114018546690919,3.131915330886841,673000,0.04,0.0
2020-12-31 00:00:00-05:00,3.1199841295945463,3.143846318066955,3.1140184402465816,3.114018440246582,535300,0.0,0.0
2021-01-04 00:00:00-05:00,3.1140184388366454,3.119984128181909,3.0841908454895024,3.084190845489502,397300,0.0,0.0
2021-01-05 00:00:00-05:00,3.0841901599407873,3.119983434677124,3.0841901599407873,3.119983434677124,279300,0.0,0.0
2021-01-06 00:00:00-05:00,3.114019359053427,3.1677094411877333,3.108053952405064,3.149812936782837,440900,0.0,0.0
2021-01-07 00:00:00-05:00,3.161744363603898,3.2094687595970406,3.1438475728765507,3.197537660598755,647600,0.0,0.0
2021-01-08 00:00:00-05:00,3.1975376605987553,3.2094687595970406,3.191571968869693,3.197537660598755,494000,0.0,0.0
2021-01-11 00:00:00-05:00,3.167708483715362,3.185605267170581,3.143846295414886,3.1796395778656006,345300,0.0,0.0
2021-01-12 00:00:00-05:00,3.161744363603898,3.203503067867979,3.161744363603898,3.197537660598755,389100,0.0,0.0
2021-01-13 00:00:00-05:00,3.185606487921135,3.2213997840881348,3.185606487921135,3.2213997840881348,546200,0.0,0.0
2021-01-14 00:00:00-05:00,3.233329275050449,3.2392946792154262,3.2094670894711586,3.2273635864257812,501200,0.0,0.0
2021-01-15 00:00:00-05:00,3.2273635864257812,3.2392946792154262,3.215432493636136,3.2273635864257812,171300,0.0,0.0
2021-01-19 00:00:00-05:00,3.2333296010319352,3.2691228830095187,3.227363911805812,3.23929500579834,410000,0.0,0.0
2021-01-20 00:00:00-05:00,3.245260715484619,3.263157214356382,3.2273639321531356,3.245260715484619,252600,0.0,0.0
2021-01-21 00:00:00-05:00,3.25122682232115,3.2571925128730475,3.2035024357450994,3.209468126296997,260800,0.0,0.0
2021-01-22 00:00:00-05:00,3.197537029652984,3.2213992229410096,3.197537029652984,3.209468126296997,137200,0.0,0.0
2021-01-25 00:00:00-05:00,3.2094672358005414,3.2154326402374998,3.173673955799681,3.185605049133301,242100,0.0,0.0
2021-01-26 00:00:00-05:00,3.1856059330089717,3.215433532389112,3.1796402424570744,3.209468126296997,200100,0.0,0.0
2021-01-27 00:00:00-05:00,3.203500886213691,3.203500886213691,3.143845431848934,3.1617422103881836,670400,0.0,0.0
2021-01-28 00:00:00-05:00,3.1677091458130615,3.209468126296997,3.1617437397209462,3.209468126296997,330900,0.0,0.0
2021-01-29 00:00:00-05:00,3.209468352729522,3.209468352729522,3.1617439627864483,3.173675060272217,429300,0.0,0.0
2021-02-01 00:00:00-05:00,3.185695995719067,3.1917065936248186,3.149631261825561,3.1496312618255615,383300,0.04,0.0
2021-02-02 00:00:00-05:00,3.161651786585597,3.1917053375161553,3.161651786585597,3.1676623821258545,201500,0.0,0.0
2021-02-03 00:00:00-05:00,3.1736741025741146,3.2037276614430112,3.1736741025741146,3.1917061805725098,314700,0.0,0.0
2021-02-04 00:00:00-05:00,3.2097376495511796,3.2097376495511796,3.1736732170029747,3.185694694519043,386100,0.0,0.0
2021-02-05 00:00:00-05:00,3.191705289969761,3.203726767485829,3.1796838124536926,3.185694694519043,281700,0.0,0.0
2021-02-08 00:00:00-05:00,3.2037276614430112,3.2037276614430112,3.1796846997020087,3.1917061805725098,414100,0.0,0.0
2021-02-09 00:00:00-05:00,3.1856964781465518,3.2157500454559838,3.1856964781465518,3.2097394466400146,192700,0.0,0.0
2021-02-10 00:00:00-05:00,3.2157500454559838,3.2337824151334775,3.2037285612092523,3.2097394466400146,277100,0.0,0.0
2021-02-11 00:00:00-05:00,3.2217596700045856,3.233781149546538,3.197716710920682,3.2157487869262695,380700,0.0,0.0
2021-02-12 00:00:00-05:00,3.2037280250413205,3.2458033561706543,3.2037280250413205,3.2458033561706543,448300,0.0,0.0
2021-02-16 00:00:00-05:00,3.257824118407852,3.2698455979858827,3.245802638829821,3.2638347148895264,281100,0.0,0.0
2021-02-17 00:00:00-05:00,3.2458035288385854,3.2818679774616544,3.2277711612196707,3.251814126968384,519000,0.0,0.0
2021-02-18 00:00:00-05:00,3.2518144890403917,3.2578253744542294,3.21575003640174,3.227771520614624,282700,0.0,0.0
2021-02-19 00:00:00-05:00,3.239793004827508,3.2518144890403917,3.2217609218155783,3.227771520614624,191000,0.0,0.0
2021-02-22 00:00:00-05:00,3.2458027612774,3.287877798080444,3.2397918779542842,3.2878777980804443,462100,0.0,0.0
2021-02-23 00:00:00-05:00,3.269845310343612,3.2818667888641353,3.245802353302565,3.2818667888641357,260300,0.0,0.0
2021-02-24 00:00:00-05:00,3.281867336139867,3.329953258240646,3.275856452569918,3.3239426612854004,632100,0.0,0.0
2021-02-25 00:00:00-05:00,3.311921044758216,3.31793164146664,3.2698457213404803,3.2878777980804443,258300,0.0,0.0
2021-02-26 00:00:00-05:00,3.28186720137202,3.3059101614351,3.25782424130894,3.2878777980804443,325600,0.0,0.0
2021-03-01 00:00:00-05:00,3.287877716513481,3.324207823528843,3.287877716513481,3.3120977878570557,343500,0.04,0.0
2021-03-02 00:00:00-05:00,3.312098307377219,3.312098307377219,3.293933395383288,3.299988269805908,242200,0.0,0.0
2021-03-03 00:00:00-05:00,3.306043274346846,3.306043274346846,3.2697131633758545,3.2697131633758545,324200,0.0,0.0
2021-03-04 00:00:00-05:00,3.2757683631401426,3.293933564794403,3.239438248557707,3.2454934120178223,482800,0.0,0.0
2021-03-05 00:00:00-05:00,3.269712731944482,3.2818227673369202,3.22127259037473,3.263657569885254,431700,0.0,0.0
2021-03-08 00:00:00-05:00,3.275767762108227,3.2999878340526623,3.269712888485134,3.2878777980804443,419800,0.0,0.0
2021-03-09 00:00:00-05:00,3.312097701998999,3.336318061440745,3.312097701998999,3.3302628993988037,293500,0.0,0.0
2021-03-10 00:00:00-05:00,3.3302630966306186,3.3484282951062405,3.3302630966306186,3.3423731327056885,248400,0.0,0.0
2021-03-11 00:00:00-05:00,3.348428491982051,3.366593402799671,3.342373329225476,3.3544833660125732,454700,0.0,0.0
2021-03-12 00:00:00-05:00,3.342373524331453,3.3787036368134604,3.342373524331453,3.366593599319458,413100,0.0,0.0
2021-03-15 00:00:00-04:00,3.384758949279785,3.3908138239309307,3.3726489112514138,3.384758949279785,270900,0.0,0.0
2021-03-16 00:00:00-04:00,3.384759143862119,3.415034096310447,3.384759143862119,3.39686918258667,415100,0.0,0.0
2021-03-17 00:00:00-04:00,3.3968686679012072,3.421088741680541,3.38475863101154,3.4150335788726807,245400,0.0,0.0
2021-03-18 00:00:00-04:00,3.402924057585896,3.408979221311221,3.390814018861345,3.39686918258667,344900,0.0,0.0
2021-03-19 00:00:00-04:00,3.4029235419830135,3.4150335788726807,3.3787034682036796,3.4150335788726807,214000,0.0,0.0
2021-03-22 00:00:00-04:00,3.4150335788726807,3.421088741680541,3.408978704790874,3.4150335788726807,195000,0.0,0.0
2021-03-23 00:00:00-04:00,3.415033813554295,3.421088976778267,3.402923775832424,3.4089789390563965,128700,0.0,0.0
2021-03-24 00:00:00-04:00,3.4150333817564698,3.4453086165961735,3.402923345565796,3.402923345565796,310100,0.0,0.0
2021-03-25 00:00:00-04:00,3.4089785080241515,3.4210885442148253,3.3787032731844477,3.402923345565796,294300,0.0,0.0
2021-03-26 00:00:00-04:00,3.421088223758675,3.4331982588149916,3.415033061867511,3.427143096923828,482300,0.0,0.0
2021-03-29 00:00:00-04:00,3.4271437234529833,3.451363797993381,3.4210888491809155,3.4453089237213135,234400,0.0,0.0
2021-03-30 00:00:00-04:00,3.445308923721313,3.451363797993381,3.439253760723182,3.4453089237213135,290000,0.0,0.0
2021-03-31 00:00:00-04:00,3.4513645172119145,3.475584596799455,3.4513645172119145,3.451364517211914,316300,0.0,0.0
2021-04-01 00:00:00-04:00,3.4574615628731697,3.494048422334104,3.4391679877594465,3.4696571826934814,437300,0.04,0.0
2021-04-05 00:00:00-04:00,3.49404777194139,3.506243389491572,3.48794981778307,3.500145435333252,299000,0.0,0.0
2021-04-06 00:00:00-04:00,3.5001464990921005,3.5062444551037015,3.4879508778354453,3.494048833847046,250900,0.0,0.0
2021-04-07 00:00:00-04:00,3.500146431249775,3.5245379640568584,3.500146431249775,3.518440008163452,322500,0.0,0.0
2021-04-08 00:00:00-04:00,3.530635020741808,3.530635020741808,3.5123417377471924,3.5123417377471924,261700,0.0,0.0
2021-04-09 00:00:00-04:00,3.481853145102639,3.5245379640568584,3.481853145102639,3.518440008163452,252100,0.0,0.0
2021-04-12 00:00:00-04:00,3.518439401823234,3.530635020741808,3.5123417377471924,3.5123417377471924,199700,0.0,0.0
2021-04-13 00:00:00-04:00,3.5245399907063963,3.5611268748050735,3.5184420313065963,3.5550289154052734,314900,0.0,0.0
2021-04-14 00:00:00-04:00,3.5550265970625796,3.5672222171423313,3.530635356903076,3.530635356903076,298900,0.0,0.0
2021-04-15 00:00:00-04:00,3.5611237398567845,3.5794170204187266,3.5550257858251695,3.5672214031219482,252800,0.0,0.0
2021-04-16 00:00:00-04:00,3.5733189011181863,3.597710132598877,3.567220947864806,3.597710132598877,417300,0.0,0.0
2021-04-19 00:00:00-04:00,3.597710400507763,3.597710400507763,3.5794168301517795,3.585514783859253,190800,0.0,0.0
2021-04-20 00:00:00-04:00,3.5794184207916255,3.5916140428596877,3.555027176655502,3.579418420791626,396600,0.0,0.0
2021-04-21 00:00:00-04:00,3.5733195343876583,3.609906388092676,3.5672215800535887,3.5916128158569336,211100,0.0,0.0
2021-04-22 00:00:00-04:00,3.5916124468002897,3.6038080634488,3.5794168301517795,3.585514783859253,276600,0.0,0.0
2021-04-23 00:00:00-04:00,3.5916121793454967,3.6038077950858423,3.5855145168585314,3.597710132598877,285300,0.0,0.0
2021-04-26 00:00:00-04:00,3.609905879653178,3.616003542361952,3.597710263469205,3.6038079261779785,189600,0.0,0.0
2021-04-27 00:00:00-04:00,3.609907621345063,3.609907621345063,3.5733207551408777,3.579418420791626,514800,0.0,0.0
2021-04-28 00:00:00-04:00,3.5916137085849837,3.603809329517988,3.561124801635742,3.561124801635742,531000,0.0,0.0
2021-04-29 00:00:00-04:00,3.5733195343876583,3.597710770191003,3.5611239164859856,3.5916128158569336,425800,0.0,0.0
2021-04-30 00:00:00-04:00,3.5855147838592525,3.597710400507763,3.5855147838592525,3.585514783859253,433100,0.0,0.0
2021-05-03 00:00:00-04:00,3.591655849493375,3.6100747265533317,3.57937669570611,3.6039350032806396,298400,0.04,0.0
2021-05-04 00:00:00-04:00,3.5977953674572802,3.5977953674572802,3.5732370612841744,3.5855162143707275,678100,0.0,0.0
2021-05-05 00:00:00-04:00,3.591655849493375,3.6162141570679047,3.591655849493375,3.6039350032806396,743600,0.0,0.0
2021-05-06 00:00:00-04:00,3.6100734165618813,3.616212844848633,3.603933695517117,3.616212844848633,234700,0.0,0.0
2021-05-07 00:00:00-04:00,3.6284916400909424,3.640770788224188,3.616212491957697,3.6284916400909424,348100,0.0,0.0
2021-05-10 00:00:00-04:00,3.62235223781901,3.6346313860384103,3.6100730895996094,3.6100730895996094,256800,0.0,0.0
2021-05-11 00:00:00-04:00,3.5548181852752934,3.603934797621506,3.5548181852752934,3.5855162143707275,480200,0.0,0.0
2021-05-12 00:00:00-04:00,3.5732372707610445,3.597795578373853,3.5179809322531663,3.5302600860595703,322100,0.0,0.0
2021-05-13 00:00:00-04:00,3.517980458504273,3.5609576374182246,3.517980458504273,3.5548179149627686,354400,0.0,0.0
2021-05-14 00:00:00-04:00,3.591654777526856,3.61007364908951,3.573236198722233,3.5916547775268555,451000,0.0,0.0
2021-05-17 00:00:00-04:00,3.597795572766067,3.6100747265533317,3.585516418978802,3.6039350032806396,217100,0.0,0.0
2021-05-18 00:00:00-04:00,3.616212844848633,3.6346317152249137,3.6100734165618813,3.616212844848633,303900,0.0,0.0
2021-05-19 00:00:00-04:00,3.579376135436136,3.597795009613037,3.573236705882551,3.597795009613037,324900,0.0,0.0
2021-05-20 00:00:00-04:00,3.616213831429451,3.6469118595123295,3.6039346787479185,3.646911859512329,230200,0.0,0.0
2021-05-21 00:00:00-04:00,3.640771143511665,3.640771143511665,3.616212844848633,3.616212844848633,356200,0.0,0.0
2021-05-24 00:00:00-04:00,3.6469119462350594,3.6530513763427734,3.6346327932615314,3.6530513763427734,192500,0.0,0.0
2021-05-25 00:00:00-04:00,3.6407719045961233,3.745144842111637,3.6407719045961233,3.7205865383148193,693500,0.0,0.0
2021-05-26 00:00:00-04:00,3.720586207966797,3.720586207966797,3.6898884773254395,3.6898884773254395,148900,0.0,0.0
2021-05-27 00:00:00-04:00,3.6898884438037385,3.702167594500338,3.683748722076416,3.683748722076416,245400,0.0,0.0
2021-05-28 00:00:00-04:00,3.683748722076416,3.6960278727730156,3.665329849652494,3.683748722076416,249600,0.0,0.0
2021-06-01 00:00:00-04:00,3.6528456553717907,3.689930348428217,3.6219418918529067,3.6713881492614746,1461600,0.04,0.0
2021-06-02 00:00:00-04:00,3.6590261092618843,3.6652067432730457,3.6343029837714314,3.6404836177825928,1003700,0.0,0.0
2021-06-03 00:00:00-04:00,3.6343029837714314,3.652845180527819,3.6219414210262046,3.6404836177825928,715500,0.0,0.0
2021-06-04 00:00:00-04:00,3.6404834170595533,3.6652065411868633,3.6404834170595533,3.6590259075164795,341200,0.0,0.0
2021-06-07 00:00:00-04:00,3.6528456553717907,3.6775687840760747,3.6528456553717907,3.6713881492614746,602900,0.0,0.0
2021-06-08 00:00:00-04:00,3.6837475445800774,3.7146515846252437,3.677566618681937,3.714651584625244,381700,0.0,0.0
2021-06-09 00:00:00-04:00,3.714651257717534,3.770278112291519,3.7022894070091565,3.7517359256744385,429600,0.0,0.0
2021-06-10 00:00:00-04:00,3.764097481660073,3.764097481660073,3.7455550003202496,3.7517359256744385,285500,0.0,0.0
2021-06-11 00:00:00-04:00,3.770280435401787,3.770280435401787,3.7393766737572927,3.7455573081970215,206200,0.0,0.0
2021-06-14 00:00:00-04:00,3.7579188717994043,3.7579188717994043,3.72701511015491,3.7455573081970215,274600,0.0,0.0
2021-06-15 00:00:00-04:00,3.7517377619297996,3.7888224480374806,3.7084721474427287,3.776460886001587,1429600,0.0,0.0
2021-06-16 00:00:00-04:00,3.7764605737881904,3.782641206933719,3.75791808490588,3.7702796459198,408500,0.0,0.0
2021-06-17 00:00:00-04:00,3.751736357834852,3.764097915244408,3.7331938743591304,3.733193874359131,336300,0.0,0.0
2021-06-18 00:00:00-04:00,3.7331959710221847,3.7331959710221847,3.659026584909333,3.6713881492614746,397300,0.0,0.0
2021-06-21 00:00:00-04:00,3.6775670164117473,3.7084710597991943,3.6713863845679384,3.7084710597991943,176900,0.0,0.0
2021-06-22 00:00:00-04:00,3.7208324232902656,3.739374907295928,3.708470865527419,3.727013349533081,178200,0.0,0.0
2021-06-23 00:00:00-04:00,3.7146515846252437,3.7517362558457825,3.7146515846252437,3.714651584625244,634900,0.0,0.0
2021-06-24 00:00:00-04:00,3.74555573503045,3.7517366615970595,3.7084710597991943,3.7084710597991943,246900,0.0,0.0
2021-06-25 00:00:00-04:00,3.7270154233190937,3.7270154233190937,3.708472928996016,3.720834493637085,325700,0.0,0.0
2021-06-28 00:00:00-04:00,3.739374907295928,3.739374907295928,3.7146517917702346,3.727013349533081,271400,0.0,0.0
2021-06-29 00:00:00-04:00,3.739374907295928,3.739374907295928,3.7208324232902656,3.727013349533081,153300,0.0,0.0
2021-06-30 00:00:00-04:00,3.733195449413423,3.733195449413423,3.6775682702396426,3.683749198913574,663800,0.0,0.0
2021-07-01 00:00:00-04:00,3.708639835740705,3.7335300120841213,3.6961947475689967,3.7273073196411133,290600,0.04,0.0
2021-07-02 00:00:00-04:00,3.7335287759353344,3.7521965503692627,3.721083691884118,3.7521965503692627,234400,0.0,0.0
2021-07-06 00:00:00-04:00,3.7521984262971197,3.7521984262971197,3.721085552256959,3.7459757328033447,241700,0.0,0.0
2021-07-07 00:00:00-04:00,3.745975100255829,3.745975100255829,3.7024171432976973,3.7273073196411133,271100,0.0,0.0
2021-07-08 00:00:00-04:00,3.696193236466019,3.721083402633667,3.6837481533821945,3.721083402633667,390900,0.0,0.0
2021-07-09 00:00:00-04:00,3.7273054833668406,3.739750862121582,3.7024153192856786,3.739750862121582,298300,0.0,0.0
2021-07-12 00:00:00-04:00,3.7397520206049344,3.7459744151956893,3.7273066379949187,3.7335293292999268,200300,0.0,0.0
2021-07-13 00:00:00-04:00,3.733528757884042,3.7708640098571773,3.733528757884042,3.7708640098571777,231000,0.0,0.0
2021-07-14 00:00:00-04:00,3.7646416162187584,3.789531784200849,3.745973841875087,3.7708640098571777,188100,0.0,0.0
2021-07-15 00:00:00-04:00,3.7770867002098036,3.7833090938482226,3.7584189258661325,3.7708640098571777,332400,0.0,0.0
2021-07-16 00:00:00-04:00,3.777087969042253,3.777087969042253,3.7273073196411137,3.7273073196411133,237300,0.0,0.0
2021-07-19 00:00:00-04:00,3.70241620122693,3.7335290620967623,3.677526031216757,3.683748722076416,237900,0.0,0.0
2021-07-20 00:00:00-04:00,3.683750157282852,3.714862733560059,3.683750157282852,3.7086403369903564,314200,0.0,0.0
2021-07-21 00:00:00-04:00,3.721083402633667,3.7335284857174913,3.702415629650838,3.721083402633667,163500,0.0,0.0
2021-07-22 00:00:00-04:00,3.7335284857174913,3.7335284857174913,3.7086383195498427,3.721083402633667,151700,0.0,0.0
2021-07-23 00:00:00-04:00,3.745973254784792,3.745973254784792,3.7335281727442116,3.739750862121582,188100,0.0,0.0
2021-07-26 00:00:00-04:00,3.7397527045271284,3.745975100255829,3.7273073196411137,3.7273073196411133,133700,0.0,0.0
2021-07-27 00:00:00-04:00,3.733529042268931,3.7397517330955425,3.702416181564331,3.702416181564331,177300,0.0,0.0
2021-07-28 00:00:00-04:00,3.721085552256959,3.7459757328033447,3.714862858763184,3.7459757328033447,111500,0.0,0.0
2021-07-29 00:00:00-04:00,3.7459744277648714,3.7708645996399133,3.7397520331532377,3.7584195137023926,130600,0.0,0.0
2021-07-30 00:00:00-04:00,3.7521984262971197,3.7584208230765377,3.739753336023927,3.7459757328033447,99900,0.0,0.0
2021-08-02 00:00:00-04:00,3.7710303346045753,3.7835586626783884,3.7585020065307617,3.7585020065307617,253400,0.04,0.0
2021-08-03 00:00:00-04:00,3.777294647990933,3.7835586626783884,3.7585020065307617,3.7585020065307617,111600,0.0,0.0
2021-08-04 00:00:00-04:00,3.7459736784569486,3.7710303346045753,3.7459736784569486,3.7585020065307617,228300,0.0,0.0
2021-08-05 00:00:00-04:00,3.77103088788708,3.7960875477109983,3.764766872280574,3.789823532104492,217100,0.0,0.0
2021-08-06 00:00:00-04:00,3.8023518620164514,3.8086158776229575,3.783559217799039,3.789823532104492,194900,0.0,0.0
2021-08-09 00:00:00-04:00,3.7835603618259985,3.802353011725703,3.7772963443254546,3.796088695526123,193900,0.0,0.0
2021-08-10 00:00:00-04:00,3.7960880681354845,3.821144731394545,3.7960880681354845,3.8086163997650146,256700,0.0,0.0
2021-08-11 00:00:00-04:00,3.821144237814707,3.8274085521698,3.8148802221585627,3.8274085521698,221300,0.0,0.0
2021-08-12 00:00:00-04:00,3.8274087015941003,3.8336727174947955,3.808616056494094,3.81488037109375,212400,0.0,0.0
2021-08-13 00:00:00-04:00,3.808617029226247,3.8211453629263716,3.7960886955261226,3.796088695526123,177200,0.0,0.0
2021-08-16 00:00:00-04:00,3.7960871610945057,3.8086154897305042,3.789823146125965,3.802351474761963,284600,0.0,0.0
2021-08-17 00:00:00-04:00,3.8023518620164514,3.8086158776229575,3.783559217799039,3.789823532104492,252400,0.0,0.0
2021-08-18 00:00:00-04:00,3.802351474761963,3.8086154897305042,3.7960871610945057,3.802351474761963,245600,0.0,0.0
2021-08-19 00:00:00-04:00,3.7898229638059933,3.7960869784731868,3.77103032240661,3.777294635772705,136700,0.0,0.0
2021-08-20 00:00:00-04:00,3.783559217799039,3.7960875477109983,3.777295202192533,3.789823532104492,135900,0.0,0.0
2021-08-23 00:00:00-04:00,3.8023520405933993,3.8274087015941003,3.8023520405933993,3.81488037109375,177300,0.0,0.0
2021-08-24 00:00:00-04:00,3.827409373377385,3.8399377060766966,3.814881040678073,3.8211450576782227,214800,0.0,0.0
2021-08-25 00:00:00-04:00,3.8399369716644287,3.8399369716644287,3.808615996556978,3.8399369716644287,225700,0.0,0.0
2021-08-26 00:00:00-04:00,3.839937378188334,3.839937378188334,3.8086163997650146,3.8086163997650146,244900,0.0,0.0
2021-08-27 00:00:00-04:00,3.8274086413612394,3.8399369716644287,3.8274086413612394,3.8399369716644287,173200,0.0,0.0
2021-08-30 00:00:00-04:00,3.8399375774697972,3.87125825881958,3.8274092451900836,3.87125825881958,248900,0.0,0.0
2021-08-31 00:00:00-04:00,3.871256300159598,3.9151055903025735,3.864992286538517,3.896312952041626,407000,0.0,0.0
2021-09-01 00:00:00-04:00,3.9215327994711866,3.9215327994711866,3.8710951249775003,3.8900094032287598,233300,0.04,0.0
2021-09-02 00:00:00-04:00,3.9026188218521813,3.915228240475603,3.8773999846053377,3.8900094032287598,130300,0.0,0.0
2021-09-03 00:00:00-04:00,3.890010476322439,3.915229320526123,3.890010476322439,3.915229320526123,220400,0.0,0.0
2021-09-07 00:00:00-04:00,3.8963143825531006,3.9089238025368083,3.8900098228773903,3.8963143825531006,222900,0.0,0.0
2021-09-08 00:00:00-04:00,3.8963139622243435,3.9026188218521813,3.883704543600922,3.8900094032287598,241100,0.0,0.0
2021-09-09 00:00:00-04:00,3.8837056159973145,3.8963150381025393,3.8837056159973145,3.8837056159973145,170100,0.0,0.0
2021-09-10 00:00:00-04:00,3.902619718130171,3.902619718130171,3.871096014015737,3.8774008750915527,150400,0.0,0.0
2021-09-13 00:00:00-04:00,3.9026188218521813,3.908923380847765,3.883704543600922,3.8900094032287598,249000,0.0,0.0
2021-09-14 00:00:00-04:00,3.908922714679216,3.9152275732325634,3.864789907334592,3.8710944652557373,293800,0.0,0.0
2021-09-15 00:00:00-04:00,3.8710961938920896,3.9026198994713206,3.8647916331556456,3.8837056159973145,216000,0.0,0.0
2021-09-16 00:00:00-04:00,3.8900104773660953,3.908924460207764,3.8774010552608704,3.8837056159973145,219400,0.0,0.0
2021-09-17 00:00:00-04:00,3.8900104773660953,3.8963150381025393,3.8774010552608704,3.8837056159973145,97300,0.0,0.0
2021-09-20 00:00:00-04:00,3.8458798252266324,3.8521846906537767,3.7639183784689383,3.7954421043395996,412900,0.0,0.0
2021-09-21 00:00:00-04:00,3.8143526869138182,3.839571522808105,3.789133851019532,3.801743268966675,326400,0.0,0.0
2021-09-22 00:00:00-04:00,3.8269617557525635,3.8395711725494333,3.8143523389556937,3.8269617557525635,242800,0.0,0.0
2021-09-23 00:00:00-04:00,3.8269645610038525,3.845878549747432,3.8017457089241264,3.8143551349639893,338500,0.0,0.0
2021-09-24 00:00:00-04:00,3.8206569500069625,3.826961808808912,3.8017429748655434,3.8080475330352783,312500,0.0,0.0
2021-09-27 00:00:00-04:00,3.820660964783116,3.82696583021026,3.776527808690697,3.7954421043395996,279700,0.0,0.0
2021-09-28 00:00:00-04:00,3.789134194787055,3.789134194787055,3.719782239469723,3.7450010776519775,429300,0.0,0.0
2021-09-29 00:00:00-04:00,3.7513052699385008,3.757610129183472,3.7197818756103516,3.7197818756103516,296500,0.0,0.0
2021-09-30 00:00:00-04:00,3.745000711325765,3.7513052699385008,3.7071724577526446,3.7197818756103516,557500,0.0,0.0
2021-10-01 00:00:00-04:00,3.713434156512868,3.7261296460022453,3.7007386670234905,3.7070865631103516,313800,0.04,0.0
2021-10-04 00:00:00-04:00,3.7197830743538676,3.7197830743538676,3.649957711640411,3.6690011024475098,214700,0.0,0.0
2021-10-05 00:00:00-04:00,3.6880438302372096,3.7007393219734115,3.6753483385010077,3.6943917274475098,216700,0.0,0.0
2021-10-06 00:00:00-04:00,3.681696235711308,3.7007393219734115,3.6563052522389046,3.6943917274475098,241700,0.0,0.0
2021-10-07 00:00:00-04:00,3.7070878727523793,3.751521950320723,3.7070878727523793,3.726130962371826,253200,0.0,0.0
2021-10-08 00:00:00-04:00,3.738825798034668,3.7515212897737653,3.726130306295571,3.738825798034668,177700,0.0,0.0
2021-10-11 00:00:00-04:00,3.745173695246416,3.757869186985513,3.738825798034668,3.738825798034668,149000,0.0,0.0
2021-10-12 00:00:00-04:00,3.7388264563462745,3.745174354675725,3.719783366726828,3.726130962371826,314600,0.0,0.0
2021-10-13 00:00:00-04:00,3.732478438583152,3.751521526048954,3.7197829460444782,3.745173931121826,295300,0.0,0.0
2021-10-14 00:00:00-04:00,3.7705646745091768,3.8086511496838877,3.7451736910593696,3.7959556579589844,450700,0.0,0.0
2021-10-15 00:00:00-04:00,3.8086501300181306,3.8276935138493213,3.783259153366089,3.783259153366089,221200,0.0,0.0
2021-10-18 00:00:00-04:00,3.7896072864532475,3.8213461631353196,3.7832596927274493,3.789607286453247,286500,0.0,0.0
2021-10-19 00:00:00-04:00,3.8086507924249426,3.834041773493026,3.8023028958157368,3.8213462829589844,186700,0.0,0.0
2021-10-20 00:00:00-04:00,3.827694538613443,3.827694538613443,3.789607760754333,3.7959556579589844,378100,0.0,0.0
2021-10-21 00:00:00-04:00,3.8023022345129616,3.8023022345129616,3.7769112578609194,3.783259153366089,215000,0.0,0.0
2021-10-22 00:00:00-04:00,3.7959538165060773,3.8149971961975093,3.7832583309398733,3.8149971961975098,335500,0.0,0.0
2021-10-25 00:00:00-04:00,3.8086515021911973,3.8340424879910513,3.7959560092912703,3.827694892883301,241900,0.0,0.0
2021-10-26 00:00:00-04:00,3.827694892883301,3.8403903857832278,3.7959560092912703,3.827694892883301,339600,0.0,0.0
2021-10-27 00:00:00-04:00,3.840389969400067,3.840389969400067,3.821346580772688,3.8340420722961426,296800,0.0,0.0
2021-10-28 00:00:00-04:00,3.8340420722961426,3.840389969400067,3.821346580772688,3.8340420722961426,285100,0.0,0.0
2021-10-29 00:00:00-04:00,3.8340420722961426,3.8467375638195977,3.821346580772688,3.8340420722961426,163200,0.0,0.0
2021-11-01 00:00:00-04:00,3.8468223784900126,3.8468223784900126,3.814871904527048,3.8212621212005615,239600,0.04,0.0
2021-11-02 00:00:00-04:00,3.840432410700334,3.846822322578672,3.814871849080089,3.8276519775390625,235200,0.0,0.0
2021-11-03 00:00:00-04:00,3.834041236812398,3.840431451797485,3.8212611115444455,3.8404314517974854,161100,0.0,0.0
2021-11-04 00:00:00-04:00,3.8404313334099243,3.8468212434958104,3.821260993747842,3.834041118621826,155900,0.0,0.0
2021-11-05 00:00:00-04:00,3.840431451797485,3.859601487348303,3.8212611115444455,3.8404314517974854,294100,0.0,0.0
2021-11-08 00:00:00-05:00,3.840432173751335,3.8659924290922527,3.8340419575649665,3.859602212905884,292800,0.0,0.0
2021-11-09 00:00:00-05:00,3.859601487348303,3.859601487348303,3.8276510218273114,3.8404314517974854,244800,0.0,0.0
2021-11-10 00:00:00-05:00,3.8468228543591083,3.859602984584793,3.8340427241334236,3.85321307182312,147700,0.0,0.0
2021-11-11 00:00:00-05:00,3.8468220233917236,3.8596021508567215,3.8340418959267253,3.8468220233917236,297200,0.0,0.0
2021-11-12 00:00:00-05:00,3.8596025121772004,3.872382640838623,3.846822383515778,3.872382640838623,121500,0.0,0.0
2021-11-15 00:00:00-05:00,3.8787731525522204,3.8787731525522204,3.8596028057507783,3.865993022918701,217200,0.0,0.0
2021-11-16 00:00:00-05:00,3.859602212905884,3.8851624682468016,3.859602212905884,3.859602212905884,288800,0.0,0.0
2021-11-17 00:00:00-05:00,3.8659923669403575,3.8787724944053554,3.8468220233917236,3.8468220233917236,184500,0.0,0.0
2021-11-18 00:00:00-05:00,3.8596024510376457,3.8596024510376457,3.8276519775390625,3.8276519775390625,245500,0.0,0.0
2021-11-19 00:00:00-05:00,3.8276510218273114,3.859601487348303,3.8212611115444455,3.8404314517974854,179500,0.0,0.0
2021-11-22 00:00:00-05:00,3.853212301421794,3.8659924290922527,3.840432173751335,3.859602212905884,185700,0.0,0.0
2021-11-23 00:00:00-05:00,3.8596028057507783,3.872382935384298,3.8404327636516618,3.865993022918701,296000,0.0,0.0
2021-11-24 00:00:00-05:00,3.865992256487272,3.9043326377868652,3.853212129387408,3.9043326377868652,192200,0.0,0.0
2021-11-26 00:00:00-05:00,3.8787718276013425,3.8787718276013425,3.834041236812398,3.8404314517974854,108300,0.0,0.0
2021-11-29 00:00:00-05:00,3.8532128932851815,3.8659930229187007,3.8404327636516618,3.865993022918701,129900,0.0,0.0
2021-11-30 00:00:00-05:00,3.865991583157893,3.872381493243779,3.827650903833728,3.834041118621826,244200,0.0,0.0
2021-12-01 00:00:00-05:00,3.859773511985109,3.87907251451382,3.8083099142381993,3.8211758136749268,323100,0.04,0.0
2021-12-02 00:00:00-05:00,3.827608610019671,3.8404745094563983,3.801876811146216,3.8211758136749268,340700,0.0,0.0
2021-12-03 00:00:00-05:00,3.8276094281771003,3.840475330363934,3.7375481128692627,3.7375481128692627,341700,0.0,0.0
2021-12-06 00:00:00-05:00,3.743980302165543,3.84047439160633,3.743980302165543,3.8340415954589844,411000,0.0,0.0
2021-12-07 00:00:00-05:00,3.8662079543675123,3.924104368515023,3.8597748490470414,3.8790738582611084,405400,0.0,0.0
2021-12-08 00:00:00-05:00,3.8983715769162277,3.911237477562924,3.8662069786731204,3.8855056762695312,363000,0.0,0.0
2021-12-09 00:00:00-05:00,3.8983718170187553,3.9112377184578686,3.8340423098231895,3.859774112701416,277900,0.0,0.0
2021-12-10 00:00:00-05:00,3.885505915579642,3.885505915579642,3.8340423098231895,3.859774112701416,255100,0.0,0.0
2021-12-13 00:00:00-05:00,3.859773393542825,3.8662064964374,3.82760849256441,3.8340415954589844,211600,0.0,0.0
2021-12-14 00:00:00-05:00,3.821176501591389,3.872640108603158,3.821176501591389,3.8533411026000977,302200,0.0,0.0
2021-12-15 00:00:00-05:00,3.8662070043767884,3.911237503565968,3.8533407968972857,3.9048047065734863,189200,0.0,0.0
2021-12-16 00:00:00-05:00,3.911238801584448,3.917671907459147,3.872641086578369,3.872641086578369,239000,0.0,0.0
2021-12-17 00:00:00-05:00,3.8726398013692696,3.9048047065734863,3.8533407968972857,3.9048047065734863,158900,0.0,0.0
2021-12-20 00:00:00-05:00,3.885505915579642,3.8919390196728423,3.8469082112623028,3.859774112701416,298700,0.0,0.0
2021-12-21 00:00:00-05:00,3.891939851425807,3.9048057556145137,3.8790739472371,3.8983726501464844,162800,0.0,0.0
2021-12-22 00:00:00-05:00,3.904804209047032,3.9434019063258456,3.8855052070340097,3.9369688034057617,245500,0.0,0.0
2021-12-23 00:00:00-05:00,3.9755659559282472,4.097792133936595,3.9755659559282472,4.046328544616699,1607900,0.0,0.0
2021-12-27 00:00:00-05:00,4.084926236606621,4.091359338645202,4.01416364791817,4.046328544616699,560400,0.0,0.0
2021-12-28 00:00:00-05:00,4.072060339276647,4.072060339276647,4.027029851995332,4.046328544616699,410800,0.0,0.0
2021-12-29 00:00:00-05:00,4.046330833226654,4.052763938903809,4.033464928619708,4.052763938903809,536700,0.0,0.0
2021-12-30 00:00:00-05:00,4.059235788923184,4.0786581056217015,4.013917255764809,4.020391464233398,390000,0.04,0.0
2021-12-31 00:00:00-05:00,4.020391464233398,4.046287680693255,4.00096914753488,4.020391464233398,231500,0.0,0.0
2022-01-03 00:00:00-05:00,4.046288278736627,4.052762488162108,4.0009697388801495,4.0268659591674805,309000,0.0,0.0
2022-01-04 00:00:00-05:00,4.026865460955295,4.05276198674595,3.9880211353302,3.9880211353302,374400,0.0,0.0
2022-01-05 00:00:00-05:00,3.9944967692615845,4.000970671488807,3.9427043166143303,3.9491782188415527,422000,0.0,0.0
2022-01-06 00:00:00-05:00,3.9685993926730743,3.981547502081988,3.9491770742060637,3.95565128326416,269100,0.0,0.0
2022-01-07 00:00:00-05:00,3.9880228822800143,3.9880228822800143,3.955652751099691,3.9750747680664062,268900,0.0,0.0
2022-01-10 00:00:00-05:00,3.96859860420227,3.9815467110386877,3.936228182757617,3.9685986042022705,318200,0.0,0.0
2022-01-11 00:00:00-05:00,3.9880206364657678,4.0268649572317985,3.9685986304363623,4.007442951202393,284100,0.0,0.0
2022-01-12 00:00:00-05:00,4.033341061382415,4.0786596112702584,4.033341061382415,4.065711498260498,314000,0.0,0.0
2022-01-13 00:00:00-05:00,4.078658783592,4.078658783592,4.013917922973633,4.013917922973633,265500,0.0,0.0
2022-01-14 00:00:00-05:00,4.020393497603559,4.052763938903809,3.9880230563033097,4.052763938903809,306000,0.0,0.0
2022-01-18 00:00:00-05:00,4.0268649572317985,4.046287271968423,3.9815467373583724,4.007442951202393,332900,0.0,0.0
2022-01-19 00:00:00-05:00,4.0268659591674805,4.052762488162108,4.013917849023815,4.0268659591674805,524800,0.0,0.0
2022-01-20 00:00:00-05:00,4.0462888694966495,4.052763079867368,3.968600197292076,3.981548309326172,265800,0.0,0.0
2022-01-21 00:00:00-05:00,3.962126014567419,3.968600224983312,3.8132225707826626,3.8261706829071045,481600,0.0,0.0
2022-01-24 00:00:00-05:00,3.780850138334776,3.8391164529959934,3.593102472711304,3.8326425552368164,652700,0.0,0.0
2022-01-25 00:00:00-05:00,3.8132215481228036,3.8585400827581404,3.7549552135428117,3.8391177654266357,199300,0.0,0.0
2022-01-26 00:00:00-05:00,3.8844349721388562,3.910331180589876,3.8196944510113062,3.8326425552368164,244300,0.0,0.0
2022-01-27 00:00:00-05:00,3.8650149015111834,3.8973853351896146,3.7873262311317495,3.8196966648101807,273900,0.0,0.0
2022-01-28 00:00:00-05:00,3.819697433056143,3.903860330581665,3.8002751072012546,3.903860330581665,363800,0.0,0.0
2022-01-31 00:00:00-05:00,3.9038594314679296,3.9685999882279024,3.89738522143827,3.962125778198242,344200,0.0,0.0
2022-02-01 00:00:00-05:00,3.968641858361806,4.046841621398926,3.9490917622334076,4.046841621398926,302700,0.04,0.0
2022-02-02 00:00:00-05:00,4.040325547776971,4.040325547776971,4.001225659206802,4.027292251586914,172500,0.0,0.0
2022-02-03 00:00:00-05:00,4.001225718441504,4.020775818385157,3.936059236526489,3.9360592365264893,164200,0.0,0.0
2022-02-04 00:00:00-05:00,3.9295440613073884,3.962127157821085,3.9165107605542295,3.942577362060547,146800,0.0,0.0
2022-02-07 00:00:00-05:00,3.9751597738330786,3.9751597738330786,3.8839266842763234,3.9034764766693115,255100,0.0,0.0
2022-02-08 00:00:00-05:00,3.890441539428345,3.9360582203612258,3.890441539428345,3.916508436203003,181000,0.0,0.0
2022-02-09 00:00:00-05:00,3.9425760252602498,3.9621258143920848,3.9360592217241077,3.9556093215942383,291300,0.0,0.0
2022-02-10 00:00:00-05:00,3.923024927343005,3.9360582203612258,3.903474832446566,3.916508436203003,496100,0.0,0.0
2022-02-11 00:00:00-05:00,3.916508696881427,3.929541990767129,3.85134191671468,3.877408504486084,435800,0.0,0.0
2022-02-14 00:00:00-05:00,3.8708929241976358,3.8774094173054805,3.818759736381637,3.8383095264434814,348400,0.0,0.0
2022-02-15 00:00:00-05:00,3.8708933857682157,3.916510085915767,3.8708933857682157,3.9034764766693115,178700,0.0,0.0
2022-02-16 00:00:00-05:00,3.896958589553833,3.9034750811089536,3.84482541415992,3.896958589553833,277000,0.0,0.0
2022-02-17 00:00:00-05:00,3.8513427819819452,3.864376078795791,3.7861762979127165,3.7992095947265625,402900,0.0,0.0
2022-02-18 00:00:00-05:00,3.7926931424736376,3.8448263302896364,3.7926931424736376,3.8383095264434814,204900,0.0,0.0
2022-02-22 00:00:00-05:00,3.8122431631254408,3.8252764608677814,3.70145997694638,3.7144932746887207,228700,0.0,0.0
2022-02-23 00:00:00-05:00,3.7470746437208065,3.7666247351084885,3.7079747716836033,3.721008062362671,229100,0.0,0.0
2022-02-24 00:00:00-05:00,3.584159809649263,3.7535929679870605,3.584159809649263,3.7535929679870605,344300,0.0,0.0
2022-02-25 00:00:00-05:00,3.7666257412472475,3.8448255062103267,3.7210090563163294,3.844825506210327,203800,0.0,0.0
2022-02-28 00:00:00-05:00,3.812242115439922,3.85785880037084,3.7992088212794086,3.844825506210327,219600,0.0,0.0
2022-03-01 00:00:00-05:00,3.8645084924518835,3.8645084924518835,3.7529691455168193,3.7857749462127686,232200,0.04,0.0
2022-03-02 00:00:00-05:00,3.7857754278284474,3.8382644653320317,3.7857754278284474,3.8382644653320312,202600,0.0,0.0
2022-03-03 00:00:00-05:00,3.8448252623217556,3.877630750158403,3.77921397378916,3.7857749462127686,205100,0.0,0.0
2022-03-04 00:00:00-05:00,3.7726526885062492,3.785774946212768,3.7529691455168193,3.7857749462127686,150900,0.0,0.0
2022-03-07 00:00:00-05:00,3.785774806922591,3.785774806922591,3.68735772131511,3.7070412635803223,177400,0.0,0.0
2022-03-08 00:00:00-05:00,3.700481414794922,3.766092726378989,3.680798177749408,3.700481414794922,292000,0.0,0.0
2022-03-09 00:00:00-05:00,3.7464092991497315,3.7464092991497315,3.7136034885933547,3.7201647758483887,143400,0.0,0.0
2022-03-10 00:00:00-05:00,3.693920440066221,3.7136036771117356,3.680798177749408,3.700481414794922,124000,0.0,0.0
2022-03-11 00:00:00-05:00,3.70704306672778,3.746409857547364,3.674237251281738,3.6742372512817383,236900,0.0,0.0
2022-03-14 00:00:00-04:00,3.674236904437512,3.687359166805312,3.5758197802493066,3.595503330230713,320100,0.0,0.0
2022-03-15 00:00:00-04:00,3.628309485088611,3.674237251281738,3.602064645016112,3.6742372512817383,247800,0.0,0.0
2022-03-16 00:00:00-04:00,3.6807971753133875,3.7595307277718075,3.6807971753133875,3.739847183227539,241800,0.0,0.0
2022-03-17 00:00:00-04:00,3.7398472378116745,3.8251420773161953,3.7332862647740437,3.8185811042785645,219500,0.0,0.0
2022-03-18 00:00:00-04:00,3.8054588519326993,3.8251420839390025,3.7923365929753863,3.8120198249816895,150400,0.0,0.0
2022-03-21 00:00:00-04:00,3.8448259299829544,3.8841927099386266,3.7923368900420575,3.8251423835754395,220300,0.0,0.0
2022-03-22 00:00:00-04:00,3.8382623874678963,3.871068174577717,3.8317014177614355,3.8513846397399902,128800,0.0,0.0
2022-03-23 00:00:00-04:00,3.8317028214245443,3.8382637935344777,3.792336050187081,3.8054583072662354,212400,0.0,0.0
2022-03-24 00:00:00-04:00,3.8120209597630272,3.8382654854902536,3.785776434035801,3.798898696899414,199900,0.0,0.0
2022-03-25 00:00:00-04:00,3.818581110890012,3.8251420839390025,3.7792143340180737,3.8120198249816895,226900,0.0,0.0
2022-03-28 00:00:00-04:00,3.8251422059561353,3.8448257514496507,3.8054589733219624,3.8382644653320312,172300,0.0,0.0
2022-03-29 00:00:00-04:00,3.8645085152093888,3.9038752885607715,3.851386257425595,3.8907530307769775,215500,0.0,0.0
2022-03-30 00:00:00-04:00,3.8710704451853575,3.89731496512348,3.8710704451853575,3.884192705154419,175900,0.0,0.0
2022-03-31 00:00:00-04:00,3.8907532546668255,3.9104367989048403,3.844825506210327,3.844825506210327,377700,0.0,0.0
2022-04-01 00:00:00-04:00,3.864643812179566,3.884462637323155,3.831612856952969,3.8646438121795654,318500,0.04,0.0
2022-04-04 00:00:00-04:00,3.8778562175617464,3.8844625975451375,3.838218882690004,3.8712501525878906,339900,0.0,0.0
2022-04-05 00:00:00-04:00,3.897675042502385,3.897675042502385,3.8514313276472514,3.8712501525878906,250200,0.0,0.0
2022-04-06 00:00:00-04:00,3.858039438633578,3.8976767912895793,3.798583252144738,3.8250081539154053,225800,0.0,0.0
2022-04-07 00:00:00-04:00,3.8382191622803816,3.877856500039457,3.811794270440998,3.8514316082000732,198200,0.0,0.0
2022-04-08 00:00:00-04:00,3.844825062986223,3.897674840070374,3.844825062986223,3.8778560161590576,139000,0.0,0.0
2022-04-11 00:00:00-04:00,3.871251613277201,3.891070130686169,3.81840181350708,3.81840181350708,236500,0.0,0.0
2022-04-12 00:00:00-04:00,3.851431093946175,3.884462361839756,3.83161258521764,3.844825029373169,254600,0.0,0.0
2022-04-13 00:00:00-04:00,3.858037941885562,3.8844628334045406,3.858037941885562,3.884462833404541,159500,0.0,0.0
2022-04-14 00:00:00-04:00,3.884462637323155,3.884462637323155,3.8448253020455154,3.8646438121795654,161500,0.0,0.0
2022-04-18 00:00:00-04:00,3.8646437726044987,3.8778562175617464,3.838218882690004,3.8712501525878906,143100,0.0,0.0
2022-04-19 00:00:00-04:00,3.8580375072572606,3.8844623957993365,3.8580375072572606,3.8778560161590576,370600,0.0,0.0
2022-04-20 00:00:00-04:00,3.891068898779508,3.9108877249235197,3.877856453020019,3.884462833404541,249900,0.0,0.0
2022-04-21 00:00:00-04:00,3.904284005381974,3.9307089149100256,3.8514341863258705,3.8580405712127686,252000,0.0,0.0
2022-04-22 00:00:00-04:00,3.871249917684227,3.8976748059952855,3.825006205635117,3.844825029373169,228700,0.0,0.0
2022-04-25 00:00:00-04:00,3.831612856952969,3.864643812179566,3.79197520666579,3.8646438121795654,163700,0.0,0.0
2022-04-26 00:00:00-04:00,3.8316121878909453,3.8514306945643613,3.7787621017397077,3.7919745445251465,171800,0.0,0.0
2022-04-27 00:00:00-04:00,3.785370111465454,3.825007456898489,3.7787637297218053,3.785370111465454,146900,0.0,0.0
2022-04-28 00:00:00-04:00,3.818401603159112,3.851432568691002,3.798582771832269,3.8382201194763184,162400,0.0,0.0
2022-04-29 00:00:00-04:00,3.8316131110342884,3.8580380029716648,3.778763012149976,3.798581838607788,178900,0.0,0.0
2022-05-02 00:00:00-04:00,3.79858129199499,3.8052336336390766,3.7187512889685457,3.7653186321258545,206000,0.04,0.0
2022-05-03 00:00:00-04:00,3.765320718821944,3.7852783892469763,3.7520157109440593,3.778625726699829,111300,0.0,0.0
2022-05-04 00:00:00-04:00,3.7852778424726674,3.838497866296702,3.7453628246046415,3.83184552192688,209000,0.0,0.0
2022-05-05 00:00:00-04:00,3.8052336336390766,3.8251912930038046,3.732056289472953,3.7653186321258545,221300,0.0,0.0
2022-05-06 00:00:00-04:00,3.752014931719906,3.758667592885419,3.698794911261181,3.7387099266052246,230700,0.0,0.0
2022-05-09 00:00:00-04:00,3.7120988744596115,3.7120988744596115,3.6455738675585216,3.652226209640503,152900,0.0,0.0
2022-05-10 00:00:00-04:00,3.6987948866968123,3.712099891723133,3.6455748665915313,3.678837537765503,231000,0.0,0.0
2022-05-11 00:00:00-04:00,3.672184817746574,3.732057498012898,3.6455748081207275,3.6455748081207275,169500,0.0,0.0
2022-05-12 00:00:00-04:00,3.6522262096405034,3.678836529617194,3.5857012027394135,3.652226209640503,288700,0.0,0.0
2022-05-13 00:00:00-04:00,3.6721833979495795,3.7120983969557884,3.6721833979495795,3.692141056060791,143200,0.0,0.0
2022-05-16 00:00:00-04:00,3.698794718943291,3.725404727789073,3.6788373709171185,3.718752384185791,138900,0.0,0.0
2022-05-17 00:00:00-04:00,3.7520152921319427,3.8118879795074463,3.7453629475437618,3.8118879795074463,213200,0.0,0.0
2022-05-18 00:00:00-04:00,3.7919302947838753,3.8052353011186253,3.6987952504406247,3.7054479122161865,313700,0.0,0.0
2022-05-19 00:00:00-04:00,3.672184876644172,3.7320575578707844,3.6588798716178514,3.678837537765503,213100,0.0,0.0
2022-05-20 00:00:00-04:00,3.71209994865691,3.725404953887294,3.6322699172746074,3.6655325889587402,264500,0.0,0.0
2022-05-23 00:00:00-04:00,3.6854899061464996,3.7453625877707375,3.6854899061464996,3.7387099266052246,272300,0.0,0.0
2022-05-24 00:00:00-04:00,3.7387101080701033,3.771972781079441,3.698795090788714,3.7520151138305664,379400,0.0,0.0
2022-05-25 00:00:00-04:00,3.752013529314528,3.8052335298809967,3.732056187710215,3.79192852973938,263300,0.0,0.0
2022-05-26 00:00:00-04:00,3.8118867592000516,3.898369431675148,3.8118867592000516,3.8784117698669434,311800,0.0,0.0
2022-05-27 00:00:00-04:00,3.8917170745704412,3.931632084073857,3.8784120714026358,3.911674737930298,187600,0.0,0.0
2022-05-31 00:00:00-04:00,3.9116741800651926,3.924979181335499,3.8717591762542725,3.8717591762542725,360700,0.0,0.0
2022-06-01 00:00:00-04:00,3.8717603962062768,3.8985545592738675,3.7310908803956164,3.8114733695983887,283900,0.04,0.0
2022-06-02 00:00:00-04:00,3.818171061267921,3.8449652194976807,3.798075602301382,3.8449652194976807,143600,0.0,0.0
2022-06-03 00:00:00-04:00,3.838268695779161,3.838268695779161,3.7779816509024484,3.7913787364959717,212700,0.0,0.0
2022-06-06 00:00:00-04:00,3.8181713645417905,3.8248700643370825,3.7846788238000895,3.804774284362793,213200,0.0,0.0
2022-06-07 00:00:00-04:00,3.7846779161876554,3.8449646028298607,3.7846779161876554,3.8315675258636475,147300,0.0,0.0
2022-06-08 00:00:00-04:00,3.8248697605311417,3.8516639187609014,3.811472681416262,3.8449652194976807,306800,0.0,0.0
2022-06-09 00:00:00-04:00,3.8181720940408095,3.838267877854595,3.798076629638672,3.798076629638672,177600,0.0,0.0
2022-06-10 00:00:00-04:00,3.7511860985776457,3.777980259899432,3.72439193725586,3.7243919372558594,318600,0.0,0.0
2022-06-13 00:00:00-04:00,3.6775023739631556,3.690899775415373,3.623914045800809,3.644009828567505,307200,0.0,0.0
2022-06-14 00:00:00-04:00,3.650708041873803,3.6842009051397193,3.597119716177629,3.603818416595459,311600,0.0,0.0
2022-06-15 00:00:00-04:00,3.630612850189209,3.657407015035417,3.590421602919897,3.630612850189209,329600,0.0,0.0
2022-06-16 00:00:00-04:00,3.5971184001457424,3.5971184001457424,3.5167359410099883,3.523434638977051,345000,0.0,0.0
2022-06-17 00:00:00-04:00,3.52343458798057,3.5636258169667387,3.4832430395829066,3.5033388137817383,282100,0.0,0.0
2022-06-21 00:00:00-04:00,3.5368335247039795,3.570326073437312,3.5368335247039795,3.5368335247039795,140000,0.0,0.0
2022-06-22 00:00:00-04:00,3.516736445634233,3.5703247594142407,3.5100377467059594,3.5569276809692383,149600,0.0,0.0
2022-06-23 00:00:00-04:00,3.563626554889896,3.6105161720441514,3.556927855632682,3.597119092941284,183500,0.0,0.0
2022-06-24 00:00:00-04:00,3.637309364988638,3.6574051380157475,3.630610986920586,3.657405138015747,146300,0.0,0.0
2022-06-27 00:00:00-04:00,3.670804977416992,3.690900765574793,3.650709189259192,3.670804977416992,216300,0.0,0.0
2022-06-28 00:00:00-04:00,3.67750059163138,3.7176921376855985,3.650706440536219,3.657405138015747,125800,0.0,0.0
2022-06-29 00:00:00-04:00,3.677501587571566,3.690898986158903,3.6641045083957913,3.6842002868652344,173600,0.0,0.0
2022-06-30 00:00:00-04:00,3.657406128513685,3.6842002868652344,3.6440090493379103,3.6842002868652344,199100,0.0,0.0
2022-07-01 00:00:00-04:00,3.690948174829993,3.717938952131424,3.670705494043432,3.711191177368164,117800,0.04,0.0
2022-07-05 00:00:00-04:00,3.6909477585357813,3.71793853279298,3.6369668535245303,3.6707050800323486,144000,0.0,0.0
2022-07-06 00:00:00-04:00,3.6707063257917563,3.6909490111651237,3.65721109495895,3.6639585494995117,152200,0.0,0.0
2022-07-07 00:00:00-04:00,3.6774546276759716,3.704445095560614,3.6774546276759716,3.697697639465332,60600,0.0,0.0
2022-07-08 00:00:00-04:00,3.684200577156387,3.7314340333897342,3.677452802658081,3.677452802658081,160800,0.0,0.0
2022-07-11 00:00:00-04:00,3.677452947055082,3.711191177368164,3.677452947055082,3.711191177368164,208900,0.0,0.0
2022-07-12 00:00:00-04:00,3.7111910316464147,3.7381814861364426,3.677452802658081,3.677452802658081,164300,0.0,0.0
2022-07-13 00:00:00-04:00,3.663957575413067,3.6976958044014006,3.663957575413067,3.677452802658081,194800,0.0,0.0
2022-07-14 00:00:00-04:00,3.6504626274108887,3.677453083965557,3.6234721708562208,3.6504626274108887,162900,0.0,0.0
2022-07-15 00:00:00-04:00,3.6707043480478014,3.6976947951711927,3.657209124486106,3.684199571609497,132700,0.0,0.0
2022-07-18 00:00:00-04:00,3.7179406512546924,3.7449311191393346,3.636968925849008,3.697697639465332,167700,0.0,0.0
2022-07-19 00:00:00-04:00,3.7179372653206326,3.738179936923188,3.6909465002647854,3.724684715270996,122200,0.0,0.0
2022-07-20 00:00:00-04:00,3.73818158049659,3.7449293551652247,3.704443350656627,3.7179388999938965,116200,0.0,0.0
2022-07-21 00:00:00-04:00,3.731434179906335,3.7381816329179856,3.670705494043432,3.711191177368164,271400,0.0,0.0
2022-07-22 00:00:00-04:00,3.711190758790787,3.71793853279298,3.650462079777343,3.6707050800323486,307800,0.0,0.0
2022-07-25 00:00:00-04:00,3.6707053094589197,3.717938765171738,3.6707053094589197,3.7044432163238525,142300,0.0,0.0
2022-07-26 00:00:00-04:00,3.704445095560614,3.7111928734076534,3.6774546276759716,3.697697639465332,136900,0.0,0.0
2022-07-27 00:00:00-04:00,3.7044420667869886,3.812404171806863,3.7044420667869886,3.7989089488983154,286200,0.0,0.0
2022-07-28 00:00:00-04:00,3.7989098831780397,3.81915256164347,3.778666882961037,3.8124051094055176,170500,0.0,0.0
2022-07-29 00:00:00-04:00,3.8393965758085287,3.8393965758085287,3.7854156566427717,3.8056583404541016,179900,0.0,0.0
2022-08-01 00:00:00-04:00,3.792065713087606,3.8124533060186323,3.7648824718794347,3.7784740924835205,229300,0.04,0.0
2022-08-02 00:00:00-04:00,3.7784737097636008,3.798861300629577,3.7444948237199913,3.7580864429473877,223600,0.0,0.0
2022-08-03 00:00:00-04:00,3.7580874452135182,3.8056579631713814,3.751291471762481,3.7852706909179688,134000,0.0,0.0
2022-08-04 00:00:00-04:00,3.792066340319156,3.8056579631713814,3.7580874452135182,3.7852706909179688,122100,0.0,0.0
2022-08-05 00:00:00-04:00,3.7648820905362044,3.7784737097636008,3.7376988520814116,3.7580864429473877,165000,0.0,0.0
2022-08-08 00:00:00-04:00,3.758086534567297,3.7716781541260493,3.7309029714000217,3.744494915008545,235200,0.0,0.0
2022-08-09 00:00:00-04:00,3.751290471308808,3.7648820905362044,3.7444948237199913,3.7580864429473877,93200,0.0,0.0
2022-08-10 00:00:00-04:00,3.7920659143639104,3.8396367510280855,3.785270265726065,3.812453508377075,129300,0.0,0.0
2022-08-11 00:00:00-04:00,3.839637517929077,3.86682076600947,3.826045893888881,3.839637517929077,107800,0.0,0.0
2022-08-12 00:00:00-04:00,3.8464323542074395,3.873615596537189,3.839636705649907,3.8600239753723145,91400,0.0,0.0
2022-08-15 00:00:00-04:00,3.8532270482606314,3.900797544528238,3.8396354316056436,3.8736143112182617,199600,0.0,0.0
2022-08-16 00:00:00-04:00,3.873614935567158,3.9007981732585253,3.8600233167214744,3.887206554412842,223100,0.0,0.0
2022-08-17 00:00:00-04:00,3.873616266882673,3.880412240666087,3.8124541230812774,3.832841396331787,267700,0.0,0.0
2022-08-18 00:00:00-04:00,3.832841396331787,3.853228993632163,3.8260457465982394,3.832841396331787,122200,0.0,0.0
2022-08-19 00:00:00-04:00,3.819249157014921,3.8396367510280855,3.8056575356894156,3.812453508377075,149800,0.0,0.0
2022-08-22 00:00:00-04:00,3.798862889641455,3.819250164985384,3.758088014903699,3.771679639816284,213300,0.0,0.0
2022-08-23 00:00:00-04:00,3.7716784442063758,3.785270064810461,3.7580868236022904,3.7784740924835205,247800,0.0,0.0
2022-08-24 00:00:00-04:00,3.771677671686734,3.7852692895069677,3.7512900829315186,3.7512900829315186,214100,0.0,0.0
2022-08-25 00:00:00-04:00,3.7716799145595954,3.8124547922675465,3.7648839395833087,3.8056588172912598,228800,0.0,0.0
2022-08-26 00:00:00-04:00,3.8124538327612383,3.8124538327612383,3.7376997470855713,3.7376997470855713,182400,0.0,0.0
2022-08-29 00:00:00-04:00,3.7309024941763034,3.7512900829315186,3.7241068472910515,3.7512900829315186,81300,0.0,0.0
2022-08-30 00:00:00-04:00,3.7580873887921507,3.792066283387652,3.690128951501457,3.696924924850464,161400,0.0,0.0
2022-08-31 00:00:00-04:00,3.7105160652391653,3.751290927884125,3.696924444357512,3.7037200927734375,181100,0.0,0.0
2022-09-01 00:00:00-04:00,3.696873904829971,3.72425812937758,3.6694896802823624,3.676335573196411,155400,0.04,0.0
2022-09-02 00:00:00-04:00,3.6968743575536114,3.7174123652565734,3.6626439094543453,3.6626439094543457,82100,0.0,0.0
2022-09-06 00:00:00-04:00,3.6694895355800305,3.676335428224119,3.628413200378418,3.628413200378418,146300,0.0,0.0
2022-09-07 00:00:00-04:00,3.6284139675350056,3.6626440908841205,3.621567746997725,3.6557981967926025,258900,0.0,0.0
2022-09-08 00:00:00-04:00,3.6557981967926025,3.676336205512919,3.621567746997725,3.6557981967926025,265400,0.0,0.0
2022-09-09 00:00:00-04:00,3.6900275037923698,3.7242579460144043,3.6900275037923698,3.7242579460144043,78300,0.0,0.0
2022-09-12 00:00:00-04:00,3.7379503550808124,3.7447962482026025,3.7174120228240093,3.7311041355133057,268500,0.0,0.0
2022-09-13 00:00:00-04:00,3.690028320141718,3.6968745406789982,3.648951976255322,3.6557981967926025,178700,0.0,0.0
2022-09-14 00:00:00-04:00,3.6694906006615766,3.6968748320776808,3.6489522638766045,3.683182716369629,116500,0.0,0.0
2022-09-15 00:00:00-04:00,3.669489113239346,3.6968733335552946,3.6215665644636075,3.635258674621582,214900,0.0,0.0
2022-09-16 00:00:00-04:00,3.628413200378418,3.642105312112289,3.594182757820894,3.628413200378418,229600,0.0,0.0
2022-09-19 00:00:00-04:00,3.6147228283815003,3.6489529609680176,3.6010307100577235,3.6489529609680176,163800,0.0,0.0
2022-09-20 00:00:00-04:00,3.635258553413609,3.635258553413609,3.5804901146078185,3.6010284423828125,169000,0.0,0.0
2022-09-21 00:00:00-04:00,3.6078747830321447,3.6147210019577436,3.546260118484497,3.546260118484497,224200,0.0,0.0
2022-09-22 00:00:00-04:00,3.5394151522968977,3.5394151522968977,3.5188768165907454,3.53256893157959,183600,0.0,0.0
2022-09-23 00:00:00-04:00,3.491491946842272,3.5120302787850406,3.4572618288652732,3.470953941345215,532400,0.0,0.0
2022-09-26 00:00:00-04:00,3.4641079631191145,3.491492189986006,3.4230316228187774,3.450415849685669,241400,0.0,0.0
2022-09-27 00:00:00-04:00,3.4572629692760786,3.4846472032689104,3.4367246305585457,3.443570852279663,989600,0.0,0.0
2022-09-28 00:00:00-04:00,3.457262622426503,3.518876979506009,3.429878391180992,3.491492748260498,456500,0.0,0.0
2022-09-29 00:00:00-04:00,3.4778000765525605,3.4846462964921505,3.4161854028791874,3.450415849685669,314100,0.0,0.0
2022-09-30 00:00:00-04:00,3.4504153143079295,3.477799536925795,3.395646869072198,3.4230310916900635,480300,0.0,0.0
2022-10-03 00:00:00-04:00,3.4368357312184092,3.492045890904085,3.4230331912969905,3.478243350982666,193500,0.04,0.0
2022-10-04 00:00:00-04:00,3.547254780996437,3.5886623859405518,3.5196497110336935,3.5886623859405518,350800,0.0,0.0
2022-10-05 00:00:00-04:00,3.567958522352679,3.5817610564611115,3.51964948843398,3.5610570907592773,271700,0.0,0.0
2022-10-06 00:00:00-04:00,3.554154394672517,3.561055494093311,3.505845382414069,3.512746810913086,160000,0.0,0.0
2022-10-07 00:00:00-04:00,3.4989470962657867,3.5058482012353034,3.429934072099692,3.4644405841827393,221400,0.0,0.0
2022-10-10 00:00:00-04:00,3.4644391586279424,3.4920442253039936,3.4299326607437024,3.450636625289917,196000,0.0,0.0
2022-10-11 00:00:00-04:00,3.4368338625252774,3.4920439921918147,3.4161298993611604,3.4230313301086426,283300,0.0,0.0
2022-10-12 00:00:00-04:00,3.4368355061476965,3.512749635283308,3.429934072099692,3.4644405841827393,456900,0.0,0.0
2022-10-13 00:00:00-04:00,3.4092290854242107,3.5127482518249473,3.402327654094261,3.4851431846618652,351800,0.0,0.0
2022-10-14 00:00:00-04:00,3.512748498349706,3.5403535674501123,3.4575383601488934,3.4713408946990967,250200,0.0,0.0
2022-10-17 00:00:00-04:00,3.4989442829932758,3.5472529661735,3.4989442829932758,3.512746810913086,192200,0.0,0.0
2022-10-18 00:00:00-04:00,3.5610580538937544,3.588663129576771,3.5265518738292134,3.547255516052246,138800,0.0,0.0
2022-10-19 00:00:00-04:00,3.54725531230312,3.5541567453666962,3.4851440601231416,3.4920451641082764,177600,0.0,0.0
2022-10-20 00:00:00-04:00,3.485143123174157,3.5196492919800444,3.443735194081728,3.450636625289917,280100,0.0,0.0
2022-10-21 00:00:00-04:00,3.4506352707348276,3.512746810913086,3.4368327428150174,3.512746810913086,241600,0.0,0.0
2022-10-24 00:00:00-04:00,3.5196490287780766,3.5403529917760332,3.4989453948584472,3.519649028778076,225100,0.0,0.0
2022-10-25 00:00:00-04:00,3.5334520869505965,3.5817611217498784,3.5334520869505965,3.581761121749878,298500,0.0,0.0
2022-10-26 00:00:00-04:00,3.574858665466308,3.5886611958704915,3.561056135062125,3.5748586654663086,132800,0.0,0.0
2022-10-27 00:00:00-04:00,3.574859218261468,3.5955631816084233,3.5610566857229426,3.567958116531372,123600,0.0,0.0
2022-10-28 00:00:00-04:00,3.567957632836159,3.609365224838257,3.5610562029633313,3.609365224838257,231600,0.0,0.0
2022-10-31 00:00:00-04:00,3.6093651519624865,3.6162662526176867,3.5955626215738037,3.602463722229004,181700,0.0,0.0
2022-11-01 00:00:00-04:00,3.6163730347572955,3.63028214905946,3.588554806152966,3.5955095291137695,425000,0.04,0.0
2022-11-02 00:00:00-04:00,3.5885557745198744,3.630283128686439,3.5676922632463586,3.58160138130188,459300,0.0,0.0
2022-11-03 00:00:00-04:00,3.5746474071150915,3.6233294963420786,3.560738286138753,3.5885565280914307,154300,0.0,0.0
2022-11-04 00:00:00-04:00,3.6302835941314697,3.6511474396995083,3.5955109603441717,3.6302835941314697,125900,0.0,0.0
2022-11-07 00:00:00-05:00,3.644191941463541,3.644191941463541,3.602464590792528,3.637237548828125,274200,0.0,0.0
2022-11-08 00:00:00-05:00,3.6441919803619385,3.6650558217299,3.6094193535746806,3.6441919803619385,193900,0.0,0.0
2022-11-09 00:00:00-05:00,3.6233287354684447,3.630283128686439,3.58160138130188,3.58160138130188,176800,0.0,0.0
2022-11-10 00:00:00-05:00,3.6511472398094367,3.720692835196181,3.6511472398094367,3.713738441467285,233400,0.0,0.0
2022-11-11 00:00:00-05:00,3.706784250744642,3.713738977096168,3.6581024927623775,3.672011613845825,263100,0.0,0.0
2022-11-14 00:00:00-05:00,3.6650557826088,3.6650557826088,3.6372375488281246,3.637237548828125,122400,0.0,0.0
2022-11-15 00:00:00-05:00,3.678966008577747,3.706784250744642,3.6511477664108516,3.672011613845825,379700,0.0,0.0
2022-11-16 00:00:00-05:00,3.672010628442197,3.7137379804947823,3.651146786606146,3.699828863143921,480000,0.0,0.0
2022-11-17 00:00:00-05:00,3.6720099319964796,3.7415555055605423,3.6720099319964796,3.734600782394409,570100,0.0,0.0
2022-11-18 00:00:00-05:00,3.762420397528926,3.7902386372000785,3.7485112776933494,3.776329517364502,322000,0.0,0.0
2022-11-21 00:00:00-05:00,3.7693750858306885,3.7902385995671133,3.7415568464357407,3.7693750858306885,144300,0.0,0.0
2022-11-22 00:00:00-05:00,3.769375342114331,3.804147977912456,3.7624206159829487,3.790238857269287,155300,0.0,0.0
2022-11-23 00:00:00-05:00,3.797193071064593,3.8389204273640383,3.783283952298111,3.818056583404541,153500,0.0,0.0
2022-11-25 00:00:00-05:00,3.8250112704986683,3.838920389126609,3.8041474267469844,3.8111021518707275,60600,0.0,0.0
2022-11-28 00:00:00-05:00,3.8111024827632303,3.818056876871231,3.762420397528926,3.776329517364502,127200,0.0,0.0
2022-11-29 00:00:00-05:00,3.776329517364502,3.7902386372000785,3.7485112776933494,3.776329517364502,271500,0.0,0.0
2022-11-30 00:00:00-05:00,3.776328633439525,3.845874547958374,3.776328633439525,3.845874547958374,204900,0.0,0.0
2022-12-01 00:00:00-05:00,3.8598865577711092,3.873897021351361,3.838870695382831,3.866891622543335,212800,0.04,0.0
2022-12-02 00:00:00-05:00,3.8178545763557725,3.873896760945387,3.8178545763557725,3.8458755016326904,146700,0.0,0.0
2022-12-05 00:00:00-05:00,3.838869545285808,3.845874607959369,3.810848626520165,3.8178536891937256,141900,0.0,0.0
2022-12-06 00:00:00-05:00,3.8108482073725094,3.8458741849592752,3.789832353591919,3.789832353591919,310300,0.0,0.0
2022-12-07 00:00:00-05:00,3.7968380451202393,3.845874484366405,3.789832648636107,3.7968380451202393,253600,0.0,0.0
2022-12-08 00:00:00-05:00,3.8108482073725094,3.8178532692755973,3.77582189575008,3.789832353591919,350100,0.0,0.0
2022-12-09 00:00:00-05:00,3.7688170355651995,3.7898325564349387,3.726785659790039,3.726785659790039,312300,0.0,0.0
2022-12-12 00:00:00-05:00,3.7407962680510334,3.7758222489138826,3.733790871457047,3.768817186355591,133000,0.0,0.0
2022-12-13 00:00:00-05:00,3.824858452528536,3.838868909591307,3.7758216857910156,3.7758216857910156,349100,0.0,0.0
2022-12-14 00:00:00-05:00,3.7618117629158196,3.803843140072703,3.72678578230293,3.7478013038635254,262100,0.0,0.0
2022-12-15 00:00:00-05:00,3.7267858417546242,3.7478013636504706,3.70576998582308,3.719780445098877,303800,0.0,0.0
2022-12-16 00:00:00-05:00,3.71277517220772,3.754806547654685,3.7057697759487196,3.7407960891723633,284200,0.0,0.0
2022-12-19 00:00:00-05:00,3.7197805316092594,3.761811910414167,3.712775468826294,3.712775468826294,166200,0.0,0.0
2022-12-20 00:00:00-05:00,3.712773969194217,3.7337894830904106,3.6707422733306885,3.6707422733306885,514900,0.0,0.0
2022-12-21 00:00:00-05:00,3.6917595265472833,3.7337909043746738,3.6917595265472833,3.719780445098877,553900,0.0,0.0
2022-12-22 00:00:00-05:00,3.698765710525574,3.698765710525574,3.6427235274575,3.656733989715576,548300,0.0,0.0
2022-12-23 00:00:00-05:00,3.670744204185035,3.6987654608454195,3.670744204185035,3.6917600631713867,160900,0.0,0.0
2022-12-27 00:00:00-05:00,3.6917603123786513,3.7057707746367274,3.6497289256044225,3.656733989715576,242600,0.0,0.0
2022-12-28 00:00:00-05:00,3.6637393878624986,3.6847552482674977,3.6497289256044225,3.656733989715576,207200,0.0,0.0
2022-12-29 00:00:00-05:00,3.6779110676240223,3.720267008505007,3.6708515758363105,3.6920297145843506,265200,0.04,0.0
2022-12-30 00:00:00-05:00,3.6920296968870288,3.8190975189208984,3.6637924031017244,3.8190975189208984,962400,0.0,0.0
2023-01-03 00:00:00-05:00,3.8261584853939277,3.8402771377283424,3.7696838760562676,3.7979211807250977,262600,0.0,0.0
2023-01-04 00:00:00-05:00,3.8261567784854047,3.8402754245212702,3.748504056980607,3.7838008403778076,227400,0.0,0.0
2023-01-05 00:00:00-05:00,3.755564887360134,3.7696835384300322,3.7061494403078923,3.727327585220337,246100,0.0,0.0
2023-01-06 00:00:00-05:00,3.748505434696565,3.8049800395965576,3.734386783471567,3.8049800395965576,85000,0.0,0.0
2023-01-09 00:00:00-05:00,3.8332173420465536,3.8614546444965496,3.7838022310666592,3.8049800395965576,97700,0.0,0.0
2023-01-10 00:00:00-05:00,3.7979197010466645,3.804978856155997,3.7555637605453933,3.7696824073791504,257800,0.0,0.0
2023-01-11 00:00:00-05:00,3.776743033915863,3.833217643253523,3.776743033915863,3.7979211807250977,292300,0.0,0.0
2023-01-12 00:00:00-05:00,3.804979643701016,3.8332169432130145,3.7979204871305976,3.8120391368865967,165200,0.0,0.0
2023-01-13 00:00:00-05:00,3.7979211807250977,3.819098990919108,3.7908616862502784,3.7979211807250977,127100,0.0,0.0
2023-01-17 00:00:00-05:00,3.812038445851483,3.8473348955354636,3.812038445851483,3.8261570930480957,205000,0.0,0.0
2023-01-18 00:00:00-05:00,3.861454947922353,3.875573600256768,3.7838025283906824,3.7979211807250977,276700,0.0,0.0
2023-01-19 00:00:00-05:00,3.7838005185570753,3.8049783175021177,3.7626223829969883,3.7767410278320312,181300,0.0,0.0
2023-01-20 00:00:00-05:00,3.7979197986548705,3.833216248338851,3.7696825042616458,3.8261570930480957,210900,0.0,0.0
2023-01-23 00:00:00-05:00,3.8261576365307186,3.88969172624766,3.819098143622103,3.868513584136963,203900,0.0,0.0
2023-01-24 00:00:00-05:00,3.819098143622103,3.903810375449741,3.7061489500054514,3.868513584136963,404400,0.0,0.0
2023-01-25 00:00:00-05:00,3.847335993271552,3.8543954871916495,3.797920882291657,3.8049800395965576,280000,0.0,0.0
2023-01-26 00:00:00-05:00,3.8402764204699698,3.8473355770111084,3.7908609782213554,3.8473355770111084,371500,0.0,0.0
2023-01-27 00:00:00-05:00,3.847335095918506,3.9108691799198962,3.847335095918506,3.9038100242614746,243300,0.0,0.0
2023-01-30 00:00:00-05:00,3.8826319119488337,3.8896914042730897,3.861453771591187,3.8614537715911865,214300,0.0,0.0
2023-01-31 00:00:00-05:00,3.875572524620111,3.9038101580670173,3.868513368719732,3.88263201713562,200800,0.0,0.0
2023-02-01 00:00:00-05:00,3.8897431897242,3.9181876942852645,3.839966069675035,3.8968544006347656,326300,0.04,0.0
2023-02-02 00:00:00-05:00,3.911076545715332,3.939520711648584,3.903965334691417,3.911076545715332,193300,0.0,0.0
2023-02-03 00:00:00-05:00,3.8897443272485623,3.9110776271378125,3.8186338927532253,3.825745105743408,461200,0.0,0.0
2023-02-06 00:00:00-05:00,3.8186322355660463,3.825743445470149,3.7688551225619333,3.7901880741119385,401200,0.0,0.0
2023-02-07 00:00:00-05:00,3.783078845046206,3.8328559796522925,3.783078845046206,3.825745105743408,135100,0.0,0.0
2023-02-08 00:00:00-05:00,3.825743400196257,3.8399654807550068,3.8044101098175593,3.8328542709350586,139500,0.0,0.0
2023-02-09 00:00:00-05:00,3.8541888800173134,3.861299753189087,3.825744709167694,3.861299753189087,182100,0.0,0.0
2023-02-10 00:00:00-05:00,3.8328548478407805,3.8612990132395795,3.8328548478407805,3.839966058731079,173300,0.0,0.0
2023-02-13 00:00:00-05:00,3.8612996943875184,3.9110771621569507,3.854188821324033,3.903965950012207,265700,0.0,0.0
2023-02-14 00:00:00-05:00,3.9039653872468176,3.918187809486111,3.8541882657341273,3.868410348892212,182200,0.0,0.0
2023-02-15 00:00:00-05:00,3.868410410587872,3.9039654495095304,3.8399662438180595,3.8826324939727783,240100,0.0,0.0
2023-02-16 00:00:00-05:00,3.868410410587872,3.911076660742591,3.8470771159699053,3.8826324939727783,281200,0.0,0.0
2023-02-17 00:00:00-05:00,3.8684112629695475,3.889744223206892,3.861300050169573,3.8755221366882324,125500,0.0,0.0
2023-02-21 00:00:00-05:00,3.875521158665426,3.8897432415950144,3.8399661208820572,3.8541882038116455,221300,0.0,0.0
2023-02-22 00:00:00-05:00,3.861300050169573,3.896855436006866,3.8470779636509134,3.8755221366882324,284800,0.0,0.0
2023-02-23 00:00:00-05:00,3.896855436006866,3.9110775225255257,3.854189176450888,3.8755221366882324,177900,0.0,0.0
2023-02-24 00:00:00-05:00,3.8612995109978683,3.8612995109978683,3.8044111728668213,3.8044111728668213,193400,0.0,0.0
2023-02-27 00:00:00-05:00,3.839965307179672,3.8684094670114297,3.839965307179672,3.847076177597046,126200,0.0,0.0
2023-02-28 00:00:00-05:00,3.8612995109978683,3.86841072280487,3.8044111728668213,3.8044111728668213,326200,0.0,0.0
2023-03-01 00:00:00-05:00,3.8115764308090143,3.8187408702784826,3.790082429129477,3.8044116497039795,261800,0.04,0.0
2023-03-02 00:00:00-05:00,3.775752046424357,3.8044104787526454,3.775752046424357,3.790081262588501,355500,0.0,0.0
2023-03-03 00:00:00-05:00,3.7900807473640534,3.8473976042289637,3.7900807473640534,3.818739175796509,222300,0.0,0.0
2023-03-06 00:00:00-05:00,3.8259056513835175,3.8402348719580206,3.7972472102345116,3.8044116497039795,248200,0.0,0.0
2023-03-07 00:00:00-05:00,3.797244820282672,3.811574031838498,3.7685863971710205,3.7685863971710205,170500,0.0,0.0
2023-03-08 00:00:00-05:00,3.7685887690855058,3.8115764308090143,3.761423987980471,3.8044116497039795,128700,0.0,0.0
2023-03-09 00:00:00-05:00,3.7900811482609833,3.804410363992888,3.7255995066496874,3.739928722381592,202000,0.0,0.0
2023-03-10 00:00:00-05:00,3.7470925800040056,3.7470925800040056,3.696940166452424,3.7112693786621094,172500,0.0,0.0
2023-03-13 00:00:00-04:00,3.6682830341334416,3.689777030836607,3.489167647603854,3.603801727294922,616100,0.0,0.0
2023-03-14 00:00:00-04:00,3.64678913619256,3.6611183524951936,3.60380148728466,3.6396243572235107,357500,0.0,0.0
2023-03-15 00:00:00-04:00,3.582307181964233,3.5966363970266726,3.546483973490417,3.5608131885528564,864500,0.0,0.0
2023-03-16 00:00:00-04:00,3.553649296077862,3.6109661651056517,3.5249908615639667,3.603801727294922,474100,0.0,0.0
2023-03-17 00:00:00-04:00,3.5751419801080173,3.5823067576082233,3.517825126647949,3.517825126647949,213300,0.0,0.0
2023-03-20 00:00:00-04:00,3.5393206826421846,3.5751435610783258,3.5393206826421846,3.55364990234375,242900,0.0,0.0
2023-03-21 00:00:00-04:00,3.5751413110236356,3.6252937192329164,3.5751413110236356,3.589470863342285,249200,0.0,0.0
2023-03-22 00:00:00-04:00,3.6109651102333507,3.625294323304301,3.5751419067382812,3.5751419067382812,242300,0.0,0.0
2023-03-23 00:00:00-04:00,3.5894731224154373,3.610966781150013,3.55364990234375,3.55364990234375,224700,0.0,0.0
2023-03-24 00:00:00-04:00,3.5608134067398045,3.5608134067398045,3.532154974858895,3.5393197536468506,271100,0.0,0.0
2023-03-27 00:00:00-04:00,3.575142539508805,3.603801312358458,3.5536488869158753,3.5966365337371826,276500,0.0,0.0
2023-03-28 00:00:00-04:00,3.5679778855602535,3.5894718784816178,3.5679778855602535,3.5823071002960205,196700,0.0,0.0
2023-03-29 00:00:00-04:00,3.5894725281144786,3.6252954006195064,3.5894725281144786,3.625295400619507,203400,0.0,0.0
2023-03-30 00:00:00-04:00,3.632459919889927,3.64678913619256,3.6252951409208776,3.6396243572235107,181600,0.0,0.0
2023-03-31 00:00:00-04:00,3.632458950670535,3.668281811051064,3.632458950670535,3.6539525985717773,347800,0.0,0.0
2023-04-03 00:00:00-04:00,3.6467322843922467,3.675617263947597,3.6467322843922467,3.661174774169922,269500,0.04,0.0
2023-04-04 00:00:00-04:00,3.6611736234677914,3.6756161087062122,3.6322886529909493,3.64673113822937,450000,0.0,0.0
2023-04-05 00:00:00-04:00,3.6250681427192144,3.653953120403344,3.6106256538771495,3.6395106315612793,461200,0.0,0.0
2023-04-06 00:00:00-04:00,3.653952793980402,3.6972802566359726,3.6250678188766887,3.690059185028076,237400,0.0,0.0
2023-04-10 00:00:00-04:00,3.6828377690841156,3.6972802566359726,3.668395281532259,3.690059185028076,196100,0.0,0.0
2023-04-11 00:00:00-04:00,3.7045023441314697,3.7189448343014586,3.697280926878412,3.7045023441314697,135900,0.0,0.0
2023-04-12 00:00:00-04:00,3.718944549560547,3.726165621924596,3.704502060496347,3.718944549560547,108400,0.0,0.0
2023-04-13 00:00:00-04:00,3.7406085434442464,3.7406085434442464,3.7261660527103357,3.7333874702453613,127200,0.0,0.0
2023-04-14 00:00:00-04:00,3.7406083973883786,3.7406083973883786,3.690059853961481,3.7045023441314697,237500,0.0,0.0
2023-04-17 00:00:00-04:00,3.704502060496347,3.7333870386247465,3.6900595714321467,3.718944549560547,184100,0.0,0.0
2023-04-18 00:00:00-04:00,3.7333874702453613,3.747829960979272,3.7189449795114506,3.7333874702453613,194900,0.0,0.0
2023-04-19 00:00:00-04:00,3.711723417048401,3.7333873244714475,3.7045023441314697,3.7045023441314697,114400,0.0,0.0
2023-04-20 00:00:00-04:00,3.6900599980436293,3.7333874702453613,3.6900599980436293,3.7333874702453613,145300,0.0,0.0
2023-04-21 00:00:00-04:00,3.733387474348041,3.740608547554861,3.711723566055298,3.711723566055298,132200,0.0,0.0
2023-04-24 00:00:00-04:00,3.7333874702453613,3.747829960979272,3.7189449795114506,3.7333874702453613,271700,0.0,0.0
2023-04-25 00:00:00-04:00,3.7333866476836466,3.7333866476836466,3.6828377690841156,3.690059185028076,169800,0.0,0.0
2023-04-26 00:00:00-04:00,3.711723566055298,3.718944983598259,3.7045024928484773,3.711723566055298,198300,0.0,0.0
2023-04-27 00:00:00-04:00,3.711723561976425,3.747829960979272,3.711723561976425,3.7333874702453613,307100,0.0,0.0
2023-04-28 00:00:00-04:00,3.7189434681105387,3.7622709227037334,3.7189434681105387,3.7406070232391357,247400,0.0,0.0
2023-05-01 00:00:00-04:00,3.7478852110644425,3.7697173573666825,3.7333303311910466,3.755162477493286,116900,0.04,0.0
2023-05-02 00:00:00-04:00,3.7551636473834336,3.762441263095267,3.6896668410560176,3.704221725463867,155400,0.0,0.0
2023-05-03 00:00:00-04:00,3.689666158448077,3.71149830751288,3.6823885440826416,3.6823885440826416,156600,0.0,0.0
2023-05-04 00:00:00-04:00,3.6823886873656835,3.696943569647138,3.653278922802774,3.6678338050842285,163600,0.0,0.0
2023-05-05 00:00:00-04:00,3.682388894570181,3.7114986607710687,3.682388894570181,3.689666509628296,131400,0.0,0.0
2023-05-08 00:00:00-04:00,3.689666509628296,3.7042213927287397,3.6678340114697368,3.689666509628296,243900,0.0,0.0
2023-05-09 00:00:00-04:00,3.6896668410560176,3.711498994159884,3.6896668410560176,3.704221725463867,110800,0.0,0.0
2023-05-10 00:00:00-04:00,3.7114982604980473,3.7333307563020424,3.7042209932405474,3.711498260498047,172900,0.0,0.0
2023-05-11 00:00:00-04:00,3.718775874771295,3.7260531420287943,3.6969433789673,3.711498260498047,147400,0.0,0.0
2023-05-12 00:00:00-04:00,3.7333307563020424,3.7333307563020424,3.7042209932405474,3.711498260498047,86200,0.0,0.0
2023-05-15 00:00:00-04:00,3.726052717746494,3.755162477493286,3.7042205714442544,3.755162477493286,193400,0.0,0.0
2023-05-16 00:00:00-04:00,3.7551637225693115,3.7624413384268576,3.726053953170776,3.7260539531707764,149000,0.0,0.0
2023-05-17 00:00:00-04:00,3.7551637225693115,3.7551637225693115,3.689666914930519,3.7260539531707764,118800,0.0,0.0
2023-05-18 00:00:00-04:00,3.718776257971934,3.726053525979318,3.696943759918213,3.696943759918213,220700,0.0,0.0
2023-05-19 00:00:00-04:00,3.718776609871717,3.7551636473834336,3.6896668410560176,3.704221725463867,125200,0.0,0.0
2023-05-22 00:00:00-04:00,3.696943759918213,3.718776257971934,3.6605567258497236,3.696943759918213,128400,0.0,0.0
2023-05-23 00:00:00-04:00,3.6823895527454016,3.711499324149251,3.6532797813415523,3.6532797813415527,230000,0.0,0.0
2023-05-24 00:00:00-04:00,3.6605575084686275,3.675112394610982,3.6460026223262734,3.660557508468628,171100,0.0,0.0
2023-05-25 00:00:00-04:00,3.6605565858877753,3.6605565858877753,3.6314464739239156,3.6387240886688232,215000,0.0,0.0
2023-05-26 00:00:00-04:00,3.6605559806075267,3.6605559806075267,3.624168606931255,3.646001100540161,146700,0.0,0.0
2023-05-30 00:00:00-04:00,3.6532793561044983,3.6969440081277627,3.616891972577208,3.6241695880889893,115700,0.0,0.0
2023-05-31 00:00:00-04:00,3.602335847143699,3.631445605127494,3.5805037021636963,3.5805037021636963,191600,0.0,0.0
2023-06-01 00:00:00-04:00,3.587842050624697,3.6171904246692996,3.587842050624697,3.609853506088257,171900,0.04,0.0
2023-06-02 00:00:00-04:00,3.62452580740221,3.6758856101897437,3.62452580740221,3.668548345565796,186000,0.0,0.0
2023-06-05 00:00:00-04:00,3.6758869790178235,3.7786062729835033,3.66121244430542,3.66121244430542,76100,0.0,0.0
2023-06-06 00:00:00-04:00,3.675888059066174,3.69056224822998,3.661213520042102,3.6905622482299805,192100,0.0,0.0
2023-06-07 00:00:00-04:00,3.6758856101897437,3.6905597895776054,3.653874166177934,3.668548345565796,232200,0.0,0.0
2023-06-08 00:00:00-04:00,3.6612123396847176,3.7125721601300103,3.6612123396847176,3.705235242843628,199400,0.0,0.0
2023-06-09 00:00:00-04:00,3.697897429794718,3.7052346958580897,3.683223247528076,3.683223247528076,117400,0.0,0.0
2023-06-12 00:00:00-04:00,3.7125721601300103,3.7125721601300103,3.6832237912641728,3.705235242843628,159500,0.0,0.0
2023-06-13 00:00:00-04:00,3.705235245108283,3.7272463468410377,3.697897977957262,3.719909429550171,178100,0.0,0.0
2023-06-14 00:00:00-04:00,3.7272463445629294,3.734583611709466,3.6978979756970918,3.705235242843628,149300,0.0,0.0
2023-06-15 00:00:00-04:00,3.7199086587637398,3.7419197559356685,3.7052344773624264,3.741919755935669,200900,0.0,0.0
2023-06-16 00:00:00-04:00,3.7565947247306646,3.8006172781618655,3.7492578074222087,3.7786061763763428,184600,0.0,0.0
2023-06-20 00:00:00-04:00,3.763931202967679,3.771268118738295,3.7345828401650527,3.741919755935669,111100,0.0,0.0
2023-06-21 00:00:00-04:00,3.7272455745343556,3.749257021566366,3.7199086587637398,3.741919755935669,102900,0.0,0.0
2023-06-22 00:00:00-04:00,3.7272460460662846,3.7492574958829517,3.7199091293674793,3.727246046066284,78500,0.0,0.0
2023-06-23 00:00:00-04:00,3.7272460460662846,3.7492574958829517,3.7125718628085482,3.727246046066284,111700,0.0,0.0
2023-06-26 00:00:00-04:00,3.7199091293674793,3.7419202293240206,3.7199091293674793,3.727246046066284,150100,0.0,0.0
2023-06-27 00:00:00-04:00,3.7272460460662846,3.7786058623984244,3.7272460460662846,3.727246046066284,171500,0.0,0.0
2023-06-28 00:00:00-04:00,3.7419202946650567,3.74925756135211,3.7272461111510813,3.7345833778381348,158900,0.0,0.0
2023-06-29 00:00:00-04:00,3.749257980223071,3.7712690830230713,3.7199096099162903,3.7712690830230713,206500,0.0,0.0
2023-06-30 00:00:00-04:00,3.7639321653764615,3.8006174533298522,3.7639321653764615,3.7712690830230713,234700,0.0,0.0
2023-07-03 00:00:00-04:00,3.7934537742094956,3.8674001693725586,3.786058958391077,3.8674001693725586,231500,0.04,0.0
2023-07-05 00:00:00-04:00,3.830427469463803,3.845216751098633,3.7860596245593134,3.845216751098633,255000,0.0,0.0
2023-07-06 00:00:00-04:00,3.8230302333831787,3.837819504296296,3.7786624206438266,3.8230302333831787,246600,0.0,0.0
2023-07-07 00:00:00-04:00,3.823030932467903,3.8821880269379205,3.756479024887085,3.756479024887085,423700,0.0,0.0
2023-07-10 00:00:00-04:00,3.756479545451381,3.7786636352539062,3.7416902697844128,3.7786636352539062,180200,0.0,0.0
2023-07-11 00:00:00-04:00,3.7860580967853177,3.800847372452286,3.7786636352539062,3.7786636352539062,112100,0.0,0.0
2023-07-12 00:00:00-04:00,3.830426389127469,3.84521566659112,3.8156371116638184,3.8156371116638184,137600,0.0,0.0
2023-07-13 00:00:00-04:00,3.8452161854581677,3.8452161854581677,3.8156376265395844,3.8378217220306396,153500,0.0,0.0
2023-07-14 00:00:00-04:00,3.8452164759428062,3.8526112925332074,3.793454170227051,3.793454170227051,224000,0.0,0.0
2023-07-17 00:00:00-04:00,3.815637914789728,3.823032731380129,3.7786648896505115,3.793454170227051,370800,0.0,0.0
2023-07-18 00:00:00-04:00,3.786058016592695,3.8082421059253377,3.786058016592695,3.800847291946411,279100,0.0,0.0
2023-07-19 00:00:00-04:00,3.8230319266977375,3.830426389127469,3.8008478342001673,3.8156371116638184,164600,0.0,0.0
2023-07-20 00:00:00-04:00,3.815635421624604,3.837819504296296,3.8008461507114863,3.8230302333831787,239200,0.0,0.0
2023-07-21 00:00:00-04:00,3.8526107872198927,3.860005250236164,3.8304266929626465,3.8304266929626465,184500,0.0,0.0
2023-07-24 00:00:00-04:00,3.830426905998876,3.8452161854581677,3.830426905998876,3.8378217220306396,209100,0.0,0.0
2023-07-25 00:00:00-04:00,3.8378208351947563,3.852610111236572,3.8304260208717715,3.8526101112365723,95700,0.0,0.0
2023-07-26 00:00:00-04:00,3.8526115682181916,3.8526115682181916,3.830427469463803,3.845216751098633,90100,0.0,0.0
2023-07-27 00:00:00-04:00,3.84521566659112,3.860004944054771,3.808242649234087,3.8156371116638184,336800,0.0,0.0
2023-07-28 00:00:00-04:00,3.8304267954889144,3.8674001693725586,3.8082430532421085,3.8674001693725586,230700,0.0,0.0
2023-07-31 00:00:00-04:00,3.882188663320203,3.882188663320203,3.845215296913587,3.8526101112365723,233000,0.0,0.0
2023-08-01 00:00:00-04:00,3.837707200107144,3.852610902899835,3.822803497314453,3.822803497314453,189800,0.04,0.0
2023-08-02 00:00:00-04:00,3.8153504475390556,3.8228024746079274,3.7855430499279854,3.8004467487335205,345900,0.0,0.0
2023-08-03 00:00:00-04:00,3.778091378191322,3.8228024746079274,3.778091378191322,3.8004467487335205,318200,0.0,0.0
2023-08-04 00:00:00-04:00,3.8228015627412546,3.8377052579917574,3.7780904769897465,3.778090476989746,311300,0.0,0.0
2023-08-07 00:00:00-04:00,3.792994348642547,3.8078980445861816,3.7855423230046594,3.8078980445861816,317400,0.0,0.0
2023-08-08 00:00:00-04:00,3.7929947529489447,3.807898450481208,3.7706390289844602,3.7855427265167236,233200,0.0,0.0
2023-08-09 00:00:00-04:00,3.785542146948936,3.800445842199439,3.7706384516984333,3.778090476989746,244000,0.0,0.0
2023-08-10 00:00:00-04:00,3.7929960917290706,3.830255171044647,3.7855440626665735,3.822803497314453,157900,0.0,0.0
2023-08-11 00:00:00-04:00,3.8228024746079274,3.8228024746079274,3.7929950769968572,3.8004467487335205,201900,0.0,0.0
2023-08-14 00:00:00-04:00,3.8004477833432304,3.8153514862060547,3.7929961095779707,3.8153514862060547,130500,0.0,0.0
2023-08-15 00:00:00-04:00,3.8153511397384734,3.822803168159328,3.763188362121582,3.763188362121582,173100,0.0,0.0
2023-08-16 00:00:00-04:00,3.7557363337007272,3.7855437367196005,3.7557363337007272,3.763188362121582,187600,0.0,0.0
2023-08-17 00:00:00-04:00,3.778092221002404,3.778092221002404,3.748284816741943,3.7482848167419434,115900,0.0,0.0
2023-08-18 00:00:00-04:00,3.7408327880106844,3.763188518872173,3.7408327880106844,3.7482848167419434,64300,0.0,0.0
2023-08-21 00:00:00-04:00,3.7631886994733916,3.7780924023188733,3.740832967539016,3.7706403732299805,110100,0.0,0.0
2023-08-22 00:00:00-04:00,3.763188518872173,3.770640192271145,3.7408327880106844,3.7482848167419434,108000,0.0,0.0
2023-08-23 00:00:00-04:00,3.7557356523169156,3.8004467487335205,3.7557356523169156,3.8004467487335205,73200,0.0,0.0
2023-08-24 00:00:00-04:00,3.815351399528728,3.815351399528728,3.7482849158357907,3.7557365894317627,145600,0.0,0.0
2023-08-25 00:00:00-04:00,3.778091055416681,3.7929947529489447,3.7482836603521537,3.7855427265167236,95700,0.0,0.0
2023-08-28 00:00:00-04:00,3.8004466475820333,3.8004466475820333,3.7780912776348385,3.792994976043701,71800,0.0,0.0
2023-08-29 00:00:00-04:00,3.7929960917290706,3.822803497314453,3.7929960917290706,3.822803497314453,177500,0.0,0.0
2023-08-30 00:00:00-04:00,3.8153508543538814,3.8302545547485356,3.8004471539592273,3.830254554748535,208600,0.0,0.0
2023-08-31 00:00:00-04:00,3.815350121581251,3.8228021480134715,3.785542726516724,3.7855427265167236,241000,0.0,0.0
2023-09-01 00:00:00-04:00,3.8080754577097875,3.8155862681743247,3.7855423100117105,3.8005642890930176,114200,0.04,0.0
2023-09-05 00:00:00-04:00,3.80056485735281,3.80056485735281,3.778032064437866,3.778032064437866,147600,0.0,0.0
2023-09-06 00:00:00-04:00,3.763011196522254,3.7705220103321304,3.740478038787842,3.740478038787842,186100,0.0,0.0
2023-09-07 00:00:00-04:00,3.7404775941039765,3.7554995780902436,3.7254556101177094,3.732966423034668,133700,0.0,0.0
2023-09-08 00:00:00-04:00,3.7254551912412404,3.7554991558357416,3.7254551912412404,3.747987985610962,176400,0.0,0.0
2023-09-11 00:00:00-04:00,3.747988407020935,3.7630107491595517,3.7329664230346684,3.732966423034668,215700,0.0,0.0
2023-09-12 00:00:00-04:00,3.7404775941039765,3.7630107491595517,3.7104336261314423,3.732966423034668,311800,0.0,0.0
2023-09-13 00:00:00-04:00,3.7254550767780596,3.7479878704554697,3.7179439067840576,3.7179439067840576,143300,0.0,0.0
2023-09-14 00:00:00-04:00,3.7254560530156975,3.747988852597718,3.7179448810534295,3.740478038787842,299000,0.0,0.0
2023-09-15 00:00:00-04:00,3.732966813076121,3.7554999704860874,3.7104340138185408,3.7254559993743896,466900,0.0,0.0
2023-09-18 00:00:00-04:00,3.7329661777111456,3.7705213142849345,3.717944194712095,3.7630105018615723,210800,0.0,0.0
2023-09-19 00:00:00-04:00,3.7705213142849345,3.778032484860623,3.747988160710196,3.7630105018615723,177700,0.0,0.0
2023-09-20 00:00:00-04:00,3.747988248257927,3.79305455646009,3.747988248257927,3.770521402359009,194800,0.0,0.0
2023-09-21 00:00:00-04:00,3.747988852597718,3.763011196522254,3.7179448810534295,3.740478038787842,131800,0.0,0.0
2023-09-22 00:00:00-04:00,3.747988160710196,3.7705213142849345,3.740477348286834,3.7630105018615723,227700,0.0,0.0
2023-09-25 00:00:00-04:00,3.7329668668255738,3.747988852597718,3.7254560530156975,3.740478038787842,148200,0.0,0.0
2023-09-26 00:00:00-04:00,3.7179445346524522,3.74047769028745,3.687900565907361,3.7104337215423584,350000,0.0,0.0
2023-09-27 00:00:00-04:00,3.710433721542359,3.7254557059149045,3.687900565907361,3.7104337215423584,297700,0.0,0.0
2023-09-28 00:00:00-04:00,3.6878990221700834,3.7104321683728116,3.68038821220398,3.6803882122039795,492300,0.0,0.0
2023-09-29 00:00:00-04:00,3.6878990221700834,3.717942978338915,3.68038821220398,3.6803882122039795,359600,0.0,0.0
2023-10-02 00:00:00-04:00,3.6652438075961116,3.6803894282432,3.6273795754283515,3.6425251960754395,280000,0.04,0.0
2023-10-03 00:00:00-04:00,3.6198075647658285,3.6349531880033363,3.5895159571906707,3.6046619415283203,186600,0.0,0.0
2023-10-04 00:00:00-04:00,3.5970889165534934,3.6122345396528712,3.55922467825498,3.5895159244537354,520100,0.0,0.0
2023-10-05 00:00:00-04:00,3.581943293454116,3.5970889165534934,3.4834965627580923,3.5895159244537354,519000,0.0,0.0
2023-10-06 00:00:00-04:00,3.5592247107156547,3.6198075647658285,3.5592247107156547,3.6046619415283203,206300,0.0,0.0
2023-10-09 00:00:00-04:00,3.58951660248019,3.6349538414611344,3.58951660248019,3.627380847930908,120000,0.0,0.0
2023-10-10 00:00:00-04:00,3.6349524651777045,3.657670714966276,3.6349524651777045,3.6500980854034424,133500,0.0,0.0
2023-10-11 00:00:00-04:00,3.6500980057456616,3.6879618749336496,3.6500980057456616,3.665243625640869,193700,0.0,0.0
2023-10-12 00:00:00-04:00,3.6728164160135313,3.680389406843081,3.6349525451660156,3.6349525451660156,176600,0.0,0.0
2023-10-13 00:00:00-04:00,3.6425251748954874,3.6728164160135313,3.6349525451660156,3.6349525451660156,146100,0.0,0.0
2023-10-16 00:00:00-04:00,3.6652444134884927,3.695535659790039,3.6576714213630366,3.695535659790039,223000,0.0,0.0
2023-10-17 00:00:00-04:00,3.680389425438565,3.7031076758418453,3.680389425438565,3.687962055206299,313100,0.0,0.0
2023-10-18 00:00:00-04:00,3.6652453125974134,3.6879635723464426,3.6652453125974134,3.6728179454803467,160900,0.0,0.0
2023-10-19 00:00:00-04:00,3.6652438075961116,3.703107678663792,3.6349525663019358,3.6425251960754395,179400,0.0,0.0
2023-10-20 00:00:00-04:00,3.6349520083784745,3.642524636989667,3.6122334003448486,3.6122334003448486,154400,0.0,0.0
2023-10-23 00:00:00-04:00,3.5970888137817383,3.627380059115048,3.5819431911150836,3.5970888137817383,225100,0.0,0.0
2023-10-24 00:00:00-04:00,3.6122345396528712,3.619807531752629,3.574370301354358,3.5895159244537354,235200,0.0,0.0
2023-10-25 00:00:00-04:00,3.5743709466497178,3.589516572483395,3.55922532081604,3.55922532081604,223200,0.0,0.0
2023-10-26 00:00:00-04:00,3.5667972006933586,3.574369830695845,3.528932967380654,3.5440785884857178,302400,0.0,0.0
2023-10-27 00:00:00-04:00,3.5365062784546266,3.5592245316176494,3.5289332866668706,3.52893328666687,192600,0.0,0.0
2023-10-30 00:00:00-04:00,3.536507062615626,3.5667983142829804,3.536507062615626,3.55922532081604,204500,0.0,0.0
2023-10-31 00:00:00-04:00,3.5592245765650374,3.60466180566513,3.5592245765650374,3.5970888137817383,323800,0.0,0.0
2023-11-01 00:00:00-04:00,3.5970891995740613,3.665823504077652,3.5970891995740613,3.658186197280884,364300,0.04,0.0
2023-11-02 00:00:00-04:00,3.6581852086281317,3.7574679851531982,3.6581852086281317,3.7574679851531982,307600,0.0,0.0
2023-11-03 00:00:00-04:00,3.7727423888515434,3.7727423888515434,3.726919651031494,3.726919651031494,229200,0.0,0.0
2023-11-06 00:00:00-05:00,3.7421951037574925,3.7498320471068936,3.7040092945098877,3.7040092945098877,221000,0.0,0.0
2023-11-07 00:00:00-05:00,3.7040085407413565,3.7116458467034263,3.673460045226661,3.688734292984009,191400,0.0,0.0
2023-11-08 00:00:00-05:00,3.7040081373444886,3.7040081373444886,3.6199996017448988,3.6505484580993652,895000,0.0,0.0
2023-11-09 00:00:00-05:00,3.6505488965949464,3.6734600864043956,3.635274648666382,3.635274648666382,214700,0.0,0.0
2023-11-10 00:00:00-05:00,3.650548577134061,3.7116455635017,3.650548577134061,3.69637131690979,267300,0.0,0.0
2023-11-13 00:00:00-05:00,3.7040086174506177,3.719282865524292,3.6887343693769434,3.719282865524292,112700,0.0,0.0
2023-11-14 00:00:00-05:00,3.742193460464478,3.7574677046228344,3.726919216306121,3.7421934604644775,211600,0.0,0.0
2023-11-15 00:00:00-05:00,3.780379655140167,3.780379655140167,3.7116457245770884,3.7345569133758545,321700,0.0,0.0
2023-11-16 00:00:00-05:00,3.7421940163487277,3.7574682627759977,3.6199996807638084,3.6810970306396484,935200,0.0,0.0
2023-11-17 00:00:00-05:00,3.6658227842123785,3.704008218197173,3.6658227842123785,3.6810970306396484,247800,0.0,0.0
2023-11-20 00:00:00-05:00,3.6810974274235058,3.719282865524292,3.6810974274235058,3.719282865524292,294400,0.0,0.0
2023-11-21 00:00:00-05:00,3.7192825444741446,3.734556791229339,3.7116456031799316,3.7116456031799316,249200,0.0,0.0
2023-11-22 00:00:00-05:00,3.719282666121084,3.757468466341401,3.719282666121084,3.7345569133758545,401200,0.0,0.0
2023-11-24 00:00:00-05:00,3.742193585739237,3.7727420750786007,3.742193585739237,3.7651047706604004,102900,0.0,0.0
2023-11-27 00:00:00-05:00,3.7421937398544753,3.765104925719193,3.726919494555752,3.7574679851531982,217800,0.0,0.0
2023-11-28 00:00:00-05:00,3.7574679851531982,3.780379171017916,3.7574679851531982,3.7574679851531982,149600,0.0,0.0
2023-11-29 00:00:00-05:00,3.7651055244585954,3.788017078133517,3.757468582678149,3.7803797721862793,193900,0.0,0.0
2023-11-30 00:00:00-05:00,3.7803797721862793,3.803291325861201,3.7651055244585954,3.7803797721862793,208400,0.0,0.0
2023-12-01 00:00:00-05:00,3.7649801084608816,3.8188756628759664,3.7649801084608816,3.7880783081054688,249800,0.04,0.0
2023-12-04 00:00:00-05:00,3.7418831337585092,3.7880791765044766,3.7418831337585092,3.749582290649414,332200,0.0,0.0
2023-12-05 00:00:00-05:00,3.734183256967275,3.780379295349121,3.734183256967275,3.780379295349121,259300,0.0,0.0
2023-12-06 00:00:00-05:00,3.780379295349121,3.795777974809736,3.7726801391855522,3.780379295349121,333300,0.0,0.0
2023-12-07 00:00:00-05:00,3.803477320636762,3.811176476441089,3.7803791189568607,3.7957777976989746,261800,0.0,0.0
2023-12-08 00:00:00-05:00,3.795778153369256,3.795778153369256,3.757281636473518,3.7649807929992676,148200,0.0,0.0
2023-12-11 00:00:00-05:00,3.7649806158885055,3.788078818646168,3.7418827802643215,3.780379295349121,144300,0.0,0.0
2023-12-12 00:00:00-05:00,3.79577763933841,3.79577763933841,3.7649802831390535,3.7726798057556152,218300,0.0,0.0
2023-12-13 00:00:00-05:00,3.7880785286792626,3.8419737190991503,3.7880785286792626,3.8265750408172607,344800,0.0,0.0
2023-12-14 00:00:00-05:00,3.8265745960372897,3.8573723161547604,3.8188754413579775,3.849672794342041,348700,0.0,0.0
2023-12-15 00:00:00-05:00,3.8419747352600098,3.8573737847482312,3.8265760529053354,3.8419747352600098,277200,0.0,0.0
2023-12-18 00:00:00-05:00,3.8419741026414465,3.8573731495940646,3.818876266479492,3.818876266479492,234700,0.0,0.0
2023-12-19 00:00:00-05:00,3.8265748005903344,3.872771199669308,3.8265748005903344,3.857372522354126,280200,0.0,0.0
2023-12-20 00:00:00-05:00,3.8342746445067144,3.8804706803280653,3.8034772872924805,3.8034772872924805,248800,0.0,0.0
2023-12-21 00:00:00-05:00,3.8188768952947716,3.8573737847482312,3.8188768952947716,3.8419747352600098,234000,0.0,0.0
2023-12-22 00:00:00-05:00,3.8496736261177555,3.872771829413196,3.818876266479492,3.818876266479492,243900,0.0,0.0
2023-12-26 00:00:00-05:00,3.8188754413579775,3.8573723161547604,3.8188754413579775,3.849672794342041,223000,0.0,0.0
2023-12-27 00:00:00-05:00,3.834274322814639,3.895869032075368,3.834274322814639,3.857372522354126,316700,0.0,0.0
2023-12-28 00:00:00-05:00,3.857372628659663,3.8806567318898386,3.857372628659663,3.8728952407836914,351600,0.04,0.0
2023-12-29 00:00:00-05:00,3.888418115834862,3.903940727531102,3.857372522354126,3.857372522354126,233800,0.0,0.0
2024-01-02 00:00:00-05:00,3.865133654184279,3.865133654184279,3.8263269435046054,3.8496110439300537,154700,0.0,0.0
2024-01-03 00:00:00-05:00,3.834088106500618,3.841849225921339,3.8030428886413574,3.8030428886413574,138300,0.0,0.0
2024-01-04 00:00:00-05:00,3.8030440651970436,3.8418504144826264,3.8030440651970436,3.8263278007507324,402400,0.0,0.0
2024-01-05 00:00:00-05:00,3.8263272989616453,3.872895134050366,3.8185661781576528,3.857372522354126,199100,0.0,0.0
2024-01-08 00:00:00-05:00,3.8573721420775655,3.9039403426636454,3.841849531911612,3.8806562423706055,213300,0.0,0.0
2024-01-09 00:00:00-05:00,3.8651350240554994,3.9272254870783425,3.8651350240554994,3.911702871322632,396500,0.0,0.0
2024-01-10 00:00:00-05:00,3.9117022479533476,3.9427474745173985,3.8961796346713222,3.9349863529205322,227600,0.0,0.0
2024-01-11 00:00:00-05:00,3.934986101129416,3.966031325706951,3.927224609940897,3.9582698345184326,307800,0.0,0.0
2024-01-12 00:00:00-05:00,3.9582711276809057,3.981555238765083,3.9582711276809057,3.9737937450408936,195600,0.0,0.0
2024-01-16 00:00:00-05:00,3.966031579484583,3.9815541927666085,3.927224861235373,3.9349863529205322,168200,0.0,0.0
2024-01-17 00:00:00-05:00,3.93498703467405,3.9737933895583355,3.93498703467405,3.9660322666168213,420400,0.0,0.0
2024-01-18 00:00:00-05:00,3.981555700302124,3.997078319461475,3.966033081142773,3.981555700302124,219200,0.0,0.0
2024-01-19 00:00:00-05:00,3.9970766712066212,4.0048377925416645,3.9505088329315186,3.9505088329315186,119700,0.0,0.0
2024-01-22 00:00:00-05:00,3.9660322666168213,3.9737933895583355,3.93498703467405,3.9660322666168213,178000,0.0,0.0
2024-01-23 00:00:00-05:00,3.9660326214050947,3.989316362400882,3.9582711276809057,3.9737937450408936,188300,0.0,0.0
2024-01-24 00:00:00-05:00,4.004839443996934,4.004839443996934,3.981555700302124,3.981555700302124,161300,0.0,0.0
2024-01-25 00:00:00-05:00,3.9737942056782316,3.997078319461475,3.966033081142773,3.981555700302124,187100,0.0,0.0
2024-01-26 00:00:00-05:00,3.989316362400882,4.00483897976087,3.9505100040451064,3.9737937450408936,302200,0.0,0.0
2024-01-29 00:00:00-05:00,3.9737924207719173,3.9970765240966517,3.966031299722517,3.9893150329589844,188700,0.0,0.0
2024-01-30 00:00:00-05:00,3.981554882588207,3.989316005529721,3.9660322666168213,3.9660322666168213,196500,0.0,0.0
2024-01-31 00:00:00-05:00,3.9737933196465547,3.9737933196465547,3.911702856853382,3.919464349746704,420800,0.0,0.0
2024-02-01 00:00:00-05:00,3.935110383730015,3.974226563677428,3.935110383730015,3.9585800170898438,234300,0.04,0.0
2024-02-02 00:00:00-05:00,3.9507565416262036,3.958579627628781,3.935109996577989,3.9429330825805664,197900,0.0,0.0
2024-02-05 00:00:00-05:00,3.9507565416262036,3.958579627628781,3.9272865375323525,3.9429330825805664,177700,0.0,0.0
2024-02-06 00:00:00-05:00,3.9585800170898438,3.9664034769051844,3.935110383730015,3.9585800170898438,201800,0.0,0.0
2024-02-07 00:00:00-05:00,3.9742262363433842,3.9820496955143514,3.9507566049166134,3.974226236343384,189700,0.0,0.0
2024-02-08 00:00:00-05:00,3.982051041195205,3.997697591781616,3.9664044906087934,3.997697591781616,253500,0.0,0.0
2024-02-09 00:00:00-05:00,4.005520680553226,4.013344142368028,3.989874129966815,3.997697591781616,151400,0.0,0.0
2024-02-12 00:00:00-05:00,4.013343327169043,4.028989874577293,4.005519866943359,4.005519866943359,223700,0.0,0.0
2024-02-13 00:00:00-05:00,3.9820510818389026,3.9976976325850138,3.9272879677059147,3.9507579803466797,416300,0.0,0.0
2024-02-14 00:00:00-05:00,3.9820510818389026,3.9820510818389026,3.9429345184520264,3.9507579803466797,243700,0.0,0.0
2024-02-15 00:00:00-05:00,3.982050988397755,3.9898740770656396,3.9585809763077275,3.966404438018799,182800,0.0,0.0
2024-02-16 00:00:00-05:00,3.9664034769051844,3.9820500234927687,3.9507569303175996,3.9585800170898438,166900,0.0,0.0
2024-02-20 00:00:00-05:00,3.966404345676232,3.982050895690918,3.9507577956615463,3.982050895690918,218300,0.0,0.0
2024-02-21 00:00:00-05:00,3.982049846010517,3.9976963919007265,3.9664033001203083,3.989872932434082,118800,0.0,0.0
2024-02-22 00:00:00-05:00,4.028989483681144,4.028989483681144,3.989872932434082,3.989872932434082,120700,0.0,0.0
2024-02-23 00:00:00-05:00,4.005519866943359,4.021166414351611,3.9976967797607923,4.005519866943359,121200,0.0,0.0
2024-02-26 00:00:00-05:00,4.021167084206043,4.021167084206043,3.974227434161986,3.982050895690918,137900,0.0,0.0
2024-02-27 00:00:00-05:00,3.9898737036236787,4.021166801452637,3.9898737036236787,4.021166801452637,160900,0.0,0.0
2024-02-28 00:00:00-05:00,4.013342937790935,4.0211660242145,3.989872932434082,3.989872932434082,154000,0.0,0.0
2024-02-29 00:00:00-05:00,3.9976963919007265,4.0211660242145,3.989872932434082,3.989872932434082,161600,0.0,0.0
2024-03-01 00:00:00-05:00,4.005643765945456,4.037184238433838,4.005643765945456,4.037184238433838,118100,0.04,0.0
2024-03-04 00:00:00-05:00,4.029298631056192,4.03718355985693,4.005643092669925,4.021413326263428,94000,0.0,0.0
2024-03-05 00:00:00-05:00,4.029300016543002,4.052955187071143,4.0135297775268555,4.0135297775268555,263100,0.0,0.0
2024-03-06 00:00:00-05:00,4.029300212860107,4.037185144756275,4.021414904971765,4.029300212860107,137000,0.0,0.0
2024-03-07 00:00:00-05:00,4.029299032180774,4.068724432093392,4.029299032180774,4.052954196929932,209000,0.0,0.0
2024-03-08 00:00:00-05:00,4.052955187071143,4.0766107335914405,4.0056444700227045,4.0135297775268555,245700,0.0,0.0
2024-03-11 00:00:00-04:00,4.021414002189647,4.037184238433838,4.013529072063596,4.037184238433838,138100,0.0,0.0
2024-03-12 00:00:00-04:00,4.04506871935054,4.092379418431643,4.029298486323505,4.084494113922119,325800,0.0,0.0
2024-03-13 00:00:00-04:00,4.092381133387166,4.10026606520894,4.0687255859375,4.0687255859375,206400,0.0,0.0
2024-03-14 00:00:00-04:00,4.092379972834615,4.092379972834615,4.045069267344234,4.052954196929932,136500,0.0,0.0
2024-03-15 00:00:00-04:00,4.060840049109275,4.092380523681641,4.060840049109275,4.092380523681641,253600,0.0,0.0
2024-03-18 00:00:00-04:00,4.100264750011351,4.131805219165896,4.092379820718739,4.116034984588623,240200,0.0,0.0
2024-03-19 00:00:00-04:00,4.108150055296012,4.116034984588623,4.092379820718739,4.116034984588623,161000,0.0,0.0
2024-03-20 00:00:00-04:00,4.09238001955912,4.139690725589667,4.068724478547812,4.131805419921875,296800,0.0,0.0
2024-03-21 00:00:00-04:00,4.123921115111183,4.139691352844238,4.123921115111183,4.139691352844238,227800,0.0,0.0
2024-03-22 00:00:00-04:00,4.147576659706829,4.147576659706829,4.116035808248593,4.139691352844238,139100,0.0,0.0
2024-03-25 00:00:00-04:00,4.1396905244505575,4.1396905244505575,4.108150055296012,4.116034984588623,129300,0.0,0.0
2024-03-26 00:00:00-04:00,4.1160340634925,4.1554598291089135,4.1160340634925,4.1475749015808105,361700,0.0,0.0
2024-03-27 00:00:00-04:00,4.147575429134983,4.171230590720095,4.139690124611937,4.155460357666016,207200,0.0,0.0
2024-03-28 00:00:00-04:00,4.155461183642518,4.210657198299055,4.155461183642518,4.179116725921631,402500,0.0,0.0
2024-04-01 00:00:00-04:00,4.179116018175854,4.179116018175854,4.1473353210674535,4.155280590057373,188600,0.04,0.0
2024-04-02 00:00:00-04:00,4.115555633977267,4.115555633977267,4.083775310846271,4.0917205810546875,303600,0.0,0.0
2024-04-03 00:00:00-04:00,4.059940689586867,4.115556071553609,4.0361052552787084,4.107611179351807,205800,0.0,0.0
2024-04-04 00:00:00-04:00,4.107610473700992,4.123500634226185,4.083775043487549,4.083775043487549,220200,0.0,0.0
2024-04-05 00:00:00-04:00,4.07583041948919,4.115555633977267,4.067885149280773,4.0917205810546875,147500,0.0,0.0
2024-04-08 00:00:00-04:00,4.091721226012432,4.107611390082616,4.075831061942246,4.099666118621826,227100,0.0,0.0
2024-04-09 00:00:00-04:00,4.123500634226185,4.123500634226185,4.075830152650608,4.083775043487549,259500,0.0,0.0
2024-04-10 00:00:00-04:00,4.0837748732633425,4.107610302483253,4.0678847134005,4.075829982757568,296800,0.0,0.0
2024-04-11 00:00:00-04:00,4.099666516413396,4.107611788645118,4.05199601957736,4.059941291809082,297900,0.0,0.0
2024-04-12 00:00:00-04:00,4.067884596982931,4.083774756391017,3.996379069072185,4.004323959350586,134600,0.0,0.0
2024-04-15 00:00:00-04:00,4.036104869061253,4.036104869061253,3.9566540603890514,3.980489492416382,388900,0.0,0.0
2024-04-16 00:00:00-04:00,4.004324276179932,4.004324276179932,3.964598685090914,3.972543954849243,258500,0.0,0.0
2024-04-17 00:00:00-04:00,3.980489492416382,3.980489492416382,3.972544222123492,3.980489492416382,87400,0.0,0.0
2024-04-18 00:00:00-04:00,3.972544222123492,4.004324545592373,3.972544222123492,3.980489492416382,86500,0.0,0.0
2024-04-19 00:00:00-04:00,3.9884341155145875,4.012269545938261,3.972543954849243,3.972543954849243,192400,0.0,0.0
2024-04-22 00:00:00-04:00,4.004324240861587,4.083775043487549,4.004324240861587,4.083775043487549,266000,0.0,0.0
2024-04-23 00:00:00-04:00,4.099665560887734,4.139391155084476,4.0837753989793075,4.13144588470459,301200,0.0,0.0
2024-04-24 00:00:00-04:00,4.131444967952775,4.155280394952098,4.09966465118785,4.1155548095703125,257800,0.0,0.0
2024-04-25 00:00:00-04:00,4.091720462123679,4.13939094543457,4.051994869938942,4.13939094543457,714400,0.0,0.0
2024-04-26 00:00:00-04:00,4.14733549100768,4.1632256507873535,4.1235004407638165,4.1632256507873535,271700,0.0,0.0
2024-04-29 00:00:00-04:00,4.17117147890133,4.17117147890133,4.10761083126762,4.13144588470459,209800,0.0,0.0
2024-04-30 00:00:00-04:00,4.115555192989026,4.131445352851868,4.075829982757568,4.075829982757568,240500,0.0,0.0
2024-05-01 00:00:00-04:00,4.07583049724547,4.083853969384873,4.043737373848279,4.059783935546875,367500,0.05,0.0
2024-05-02 00:00:00-04:00,4.0838541984558105,4.091877288465034,4.05978416326768,4.0838541984558105,239200,0.0,0.0
2024-05-03 00:00:00-04:00,4.148038929482137,4.148038929482137,4.075829232947371,4.115945816040039,277700,0.0,0.0
2024-05-06 00:00:00-04:00,4.131992372761088,4.1400154598315675,4.09187578966842,4.115945816040039,197100,0.0,0.0
2024-05-07 00:00:00-04:00,4.131992372761088,4.131992372761088,4.09989925931899,4.115945816040039,246600,0.0,0.0
2024-05-08 00:00:00-04:00,4.115947208449824,4.131993770599365,4.115947208449824,4.131993770599365,128000,0.0,0.0
2024-05-09 00:00:00-04:00,4.115947170642923,4.156063384358182,4.115947170642923,4.148040294647217,224400,0.0,0.0
2024-05-10 00:00:00-04:00,4.156063384358182,4.156063384358182,4.1319937326450695,4.148040294647217,121400,0.0,0.0
2024-05-13 00:00:00-04:00,4.16408689489845,4.16408689489845,4.131993770599365,4.131993770599365,133300,0.0,0.0
2024-05-14 00:00:00-04:00,4.140016784621131,4.196179942406843,4.140016784621131,4.164086818695068,203500,0.0,0.0
2024-05-15 00:00:00-04:00,4.20420220981012,4.212225680458984,4.172109092374939,4.188155651092529,213700,0.0,0.0
2024-05-16 00:00:00-04:00,4.1801323890686035,4.188155476803451,4.156062360703817,4.1801323890686035,261700,0.0,0.0
2024-05-17 00:00:00-04:00,4.164086818695068,4.172109908332906,4.140016784621131,4.164086818695068,222900,0.0,0.0
2024-05-20 00:00:00-04:00,4.156062533657348,4.188155651092529,4.148039445588622,4.188155651092529,159300,0.0,0.0
2024-05-21 00:00:00-04:00,4.196179087137817,4.204202175140381,4.180132528552553,4.204202175140381,138300,0.0,0.0
2024-05-22 00:00:00-04:00,4.204202478535161,4.204202478535161,4.180132830210356,4.196179389953613,138400,0.0,0.0
2024-05-23 00:00:00-04:00,4.204203070364622,4.204203070364622,4.1319937326450695,4.148040294647217,214700,0.0,0.0
2024-05-24 00:00:00-04:00,4.156063595440426,4.172110158257562,4.131993942504841,4.140017032623291,205700,0.0,0.0
2024-05-28 00:00:00-04:00,4.164087068139112,4.172110158257562,4.131993942504841,4.140017032623291,143100,0.0,0.0
2024-05-29 00:00:00-04:00,4.131992581604303,4.140015669080293,4.099899466540123,4.107922554016113,179400,0.0,0.0
2024-05-30 00:00:00-04:00,4.107922554016113,4.107922554016113,4.083852909008033,4.107922554016113,207500,0.0,0.0
2024-05-31 00:00:00-04:00,4.131993770599365,4.1480403327489075,4.0918771739354005,4.131993770599365,248700,0.0,0.0
2024-06-03 00:00:00-04:00,4.15629883361054,4.180604457855225,4.148196701308358,4.180604457855225,126600,0.05,0.0
2024-06-04 00:00:00-04:00,4.17250299359475,4.180604740112999,4.148196981378089,4.156299114227295,257400,0.0,0.0
2024-06-05 00:00:00-04:00,4.148196983245063,4.188706874847412,4.131993103870315,4.188706874847412,259600,0.0,0.0
2024-06-06 00:00:00-04:00,4.164401054382324,4.172503187608265,4.140095427366455,4.164401054382324,257300,0.0,0.0
2024-06-07 00:00:00-04:00,4.14009523485984,4.17250299359475,4.14009523485984,4.156299114227295,150500,0.0,0.0
2024-06-10 00:00:00-04:00,4.1400957107543945,4.156299591984449,4.12389182952434,4.1400957107543945,177200,0.0,0.0
2024-06-11 00:00:00-04:00,4.1400957107543945,4.156299591984449,4.1319935769738665,4.1400957107543945,158400,0.0,0.0
2024-06-12 00:00:00-04:00,4.180604934312598,4.180604934312598,4.140095427177671,4.148197174072266,120800,0.0,0.0
2024-06-13 00:00:00-04:00,4.156299591984449,4.156299591984449,4.1319935769738665,4.1400957107543945,112300,0.0,0.0
2024-06-14 00:00:00-04:00,4.123892026148725,4.14009590815137,4.099586009979248,4.099586009979248,190800,0.0,0.0
2024-06-17 00:00:00-04:00,4.12389182952434,4.1400957107543945,4.099585814513757,4.1400957107543945,283000,0.0,0.0
2024-06-18 00:00:00-04:00,4.123891355492385,4.17250299359475,4.123891355492385,4.156299114227295,130000,0.0,0.0
2024-06-20 00:00:00-04:00,4.180604934503229,4.204910947850074,4.148197174261419,4.164401054382324,187800,0.0,0.0
2024-06-21 00:00:00-04:00,4.172502995472664,4.188706874847412,4.164400862619811,4.188706874847412,129300,0.0,0.0
2024-06-24 00:00:00-04:00,4.172502711883974,4.196808336128658,4.172502711883974,4.180604457855225,132600,0.0,0.0
2024-06-25 00:00:00-04:00,4.196808815002441,4.221114828351478,4.180604934880076,4.196808815002441,205900,0.0,0.0
2024-06-26 00:00:00-04:00,4.196808336128658,4.196808336128658,4.180604457855225,4.180604457855225,130900,0.0,0.0
2024-06-27 00:00:00-04:00,4.180604741994559,4.20491075422216,4.172502995472664,4.188706874847412,80000,0.0,0.0
2024-06-28 00:00:00-04:00,4.196808814624134,4.204910947850074,4.164401054382324,4.164401054382324,311000,0.0,0.0
2024-07-01 00:00:00-04:00,4.172582149505615,4.229853026407255,4.172582149505615,4.172582149505615,445300,0.05,0.0
2024-07-02 00:00:00-04:00,4.180764703835774,4.238035202026367,4.172582981165112,4.238035202026367,262100,0.0,0.0
2024-07-03 00:00:00-04:00,4.2380346342916,4.246216355866224,4.205308528245021,4.2216715812683105,138800,0.0,0.0
2024-07-05 00:00:00-04:00,4.246216594027134,4.246216594027134,4.188945710170444,4.2134904861450195,131300,0.0,0.0
2024-07-08 00:00:00-04:00,4.205308583095314,4.205308583095314,4.172582476621884,4.180764198303223,154600,0.0,0.0
2024-07-09 00:00:00-04:00,4.188945770263672,4.1971274924145625,4.16440138406297,4.188945770263672,176000,0.0,0.0
2024-07-10 00:00:00-04:00,4.197127106075585,4.205308437347412,4.180764053405982,4.205308437347412,153900,0.0,0.0
2024-07-11 00:00:00-04:00,4.221672146811054,4.238035202026367,4.188946036380426,4.238035202026367,205500,0.0,0.0
2024-07-12 00:00:00-04:00,4.254396767590358,4.295304586368022,4.238033718104468,4.26257848739624,192700,0.0,0.0
2024-07-15 00:00:00-04:00,4.295305053207754,4.352575927695853,4.262578950679101,4.344394207000732,706200,0.0,0.0
2024-07-16 00:00:00-04:00,4.352577121303326,4.418029344309598,4.31985100980019,4.336214065551758,733200,0.0,0.0
2024-07-17 00:00:00-04:00,4.328032133056758,4.393484352893942,4.328032133056758,4.385303020477295,448400,0.0,0.0
2024-07-18 00:00:00-04:00,4.409846782684326,4.44257288796345,4.385302398787958,4.409846782684326,495800,0.0,0.0
2024-07-19 00:00:00-04:00,4.426210225653138,4.516207218170166,4.409847171570586,4.516207218170166,2608700,0.0,0.0
2024-07-22 00:00:00-04:00,4.491662650444588,4.499844372928575,4.450755208402656,4.467118263244629,257500,0.0,0.0
2024-07-23 00:00:00-04:00,4.47529860341072,4.491661654624938,4.426209449768066,4.426209449768066,333600,0.0,0.0
2024-07-24 00:00:00-04:00,4.401664920397566,4.458935402663777,4.393483200001879,4.434391021728516,358400,0.0,0.0
2024-07-25 00:00:00-04:00,4.450754406725512,4.499843562409412,4.450754406725512,4.458935737609863,206300,0.0,0.0
2024-07-26 00:00:00-04:00,4.508025886191881,4.532570272252718,4.475299387900795,4.516207218170166,233200,0.0,0.0
2024-07-29 00:00:00-04:00,4.548933355815123,4.565296410003717,4.516207247437934,4.557115077972412,527500,0.0,0.0
2024-07-30 00:00:00-04:00,4.565296410003717,4.589841186349601,4.548933355815123,4.557115077972412,266600,0.0,0.0
2024-07-31 00:00:00-04:00,4.598021030426025,4.622565798829034,4.557113603255488,4.598021030426025,233400,0.0,0.0
2024-08-01 00:00:00-04:00,4.598023923786702,4.639298586910377,4.5154738102831224,4.556748867034912,450400,0.05,0.0
2024-08-02 00:00:00-04:00,4.515473545669746,4.540238656995171,4.4411789989496535,4.490708827972412,364100,0.0,0.0
2024-08-05 00:00:00-04:00,4.391649179493747,4.457688951667953,4.342119350363092,4.375139236450195,234900,0.0,0.0
2024-08-06 00:00:00-04:00,4.383393737067882,4.465943447123874,4.383393737067882,4.424668788909912,254500,0.0,0.0
2024-08-07 00:00:00-04:00,4.465942238366447,4.53198198853684,4.424667591323931,4.43292236328125,371300,0.0,0.0
2024-08-08 00:00:00-04:00,4.45768757610775,4.556747203801085,4.432922472370431,4.548492431640625,191900,0.0,0.0
2024-08-09 00:00:00-04:00,4.5402374267578125,4.565002531372804,4.482452445074821,4.5402374267578125,208300,0.0,0.0
2024-08-12 00:00:00-04:00,4.565002940679133,4.565002940679133,4.49896278699387,4.523727893829346,169500,0.0,0.0
2024-08-13 00:00:00-04:00,4.548492431640625,4.556747203801085,4.482452286217098,4.548492431640625,228200,0.0,0.0
2024-08-14 00:00:00-04:00,4.556748524262672,4.606278352462169,4.523728638796341,4.589768409729004,236500,0.0,0.0
2024-08-15 00:00:00-04:00,4.6392967755821575,4.655806713111248,4.606276900523976,4.631042003631592,172700,0.0,0.0
2024-08-16 00:00:00-04:00,4.63104128417195,4.6640611541003,4.622786119875913,4.639296054840088,203300,0.0,0.0
2024-08-19 00:00:00-04:00,4.647551388158023,4.647551388158023,4.5980215814642005,4.614531517028809,291200,0.0,0.0
2024-08-20 00:00:00-04:00,4.6310422665713356,4.639297038990588,4.556747346658153,4.581512451171875,188200,0.0,0.0
2024-08-21 00:00:00-04:00,4.589766818781199,4.622786692801874,4.581512047090004,4.598021984100342,175300,0.0,0.0
2024-08-22 00:00:00-04:00,4.5980215814642005,4.6227862879971555,4.58976641686794,4.614531517028809,224100,0.0,0.0
2024-08-23 00:00:00-04:00,4.631041452593416,4.655806159126371,4.614531517028809,4.614531517028809,146300,0.0,0.0
2024-08-26 00:00:00-04:00,4.647552859484111,4.6970826818581255,4.647552859484111,4.6888275146484375,198300,0.0,0.0
2024-08-27 00:00:00-04:00,4.688826805261226,4.688826805261226,4.639296990380732,4.680572032928467,206100,0.0,0.0
2024-08-28 00:00:00-04:00,4.680572390632901,4.705337103151758,4.589767526265072,4.6062774658203125,384800,0.0,0.0
2024-08-29 00:00:00-04:00,4.606277060645776,4.639296936851784,4.589767122542772,4.622786998748779,177700,0.0,0.0
2024-08-30 00:00:00-04:00,4.622787141057532,4.664062184399647,4.622787141057532,4.655807018280029,246000,0.0,0.0
2024-09-03 00:00:00-04:00,4.655807108188798,4.664135715591104,4.622491884281981,4.647478103637695,173700,0.05,0.0
2024-09-04 00:00:00-04:00,4.614162318054255,4.664135147831345,4.614162318054255,4.655806541442871,159600,0.0,0.0
2024-09-05 00:00:00-04:00,4.664135932922363,4.680793545651954,4.639149712402384,4.664135932922363,146900,0.0,0.0
2024-09-06 00:00:00-04:00,4.647478890617532,4.664136505391654,4.589177437482537,4.597506046295166,219300,0.0,0.0
2024-09-09 00:00:00-04:00,4.614163094733591,4.664135932922363,4.605834486943203,4.664135932922363,109400,0.0,0.0
2024-09-10 00:00:00-04:00,4.664136240223962,4.664136240223962,4.5975057849155805,4.614163398742676,271700,0.0,0.0
2024-09-11 00:00:00-04:00,4.614163308060731,4.62249231338501,4.580848081061283,4.62249231338501,207000,0.0,0.0
2024-09-12 00:00:00-04:00,4.614163398742676,4.630821012569771,4.580848171088485,4.614163398742676,180400,0.0,0.0
2024-09-13 00:00:00-04:00,4.630820617971101,4.672464847564697,4.630820617971101,4.672464847564697,129500,0.0,0.0
2024-09-16 00:00:00-04:00,4.689123153686523,4.697451762548102,4.655807923942477,4.689123153686523,140800,0.0,0.0
2024-09-17 00:00:00-04:00,4.697451114654541,4.705780119516212,4.672464894367151,4.697451114654541,152800,0.0,0.0
2024-09-18 00:00:00-04:00,4.672464847564697,4.722437684787728,4.672464847564697,4.672464847564697,184400,0.0,0.0
2024-09-19 00:00:00-04:00,4.705780119516212,4.714108727229071,4.672464894367151,4.697451114654541,181600,0.0,0.0
2024-09-20 00:00:00-04:00,4.6891220215460025,4.705779632396216,4.63082018499587,4.639149188995361,114100,0.0,0.0
2024-09-23 00:00:00-04:00,4.664136532804055,4.689123153686523,4.647478917932032,4.689123153686523,86100,0.0,0.0
2024-09-24 00:00:00-04:00,4.697451024594888,4.705780029296875,4.672464804786534,4.705780029296875,98800,0.0,0.0
2024-09-25 00:00:00-04:00,4.697450628396725,4.714108239246938,4.622491578145148,4.639149188995361,221700,0.0,0.0
2024-09-26 00:00:00-04:00,4.647478276930949,4.722437732090742,4.630820664356419,4.697451114654541,267800,0.0,0.0
2024-09-27 00:00:00-04:00,4.697451158381544,4.714108771111135,4.639149712402384,4.664135932922363,223800,0.0,0.0
2024-09-30 00:00:00-04:00,4.65580728179262,4.730766339803602,4.6224920566435586,4.697451114654541,343100,0.0,0.0
2024-10-01 00:00:00-04:00,4.672241012594124,4.705854225578886,4.596611083027856,4.663837909698486,512600,0.05,0.0
2024-10-02 00:00:00-04:00,4.655434406101743,4.663837909698486,4.62182119311698,4.663837909698486,233300,0.0,0.0
2024-10-03 00:00:00-04:00,4.6386273299501,4.647030832695992,4.59661061762277,4.630224227905273,309600,0.0,0.0
2024-10-04 00:00:00-04:00,4.630224902711954,4.6554346132215505,4.605014791501235,4.638628005981445,283700,0.0,0.0
2024-10-07 00:00:00-04:00,4.638627255723289,4.64703075833471,4.596610544068306,4.613417148590088,189400,0.0,0.0
2024-10-08 00:00:00-04:00,4.62182139874134,4.64703150995206,4.613417894770725,4.638628005981445,147200,0.0,0.0
2024-10-09 00:00:00-04:00,4.638627991848827,4.689047813415527,4.621821384659927,4.689047813415527,131500,0.0,0.0
2024-10-10 00:00:00-04:00,4.689047619086505,4.689047619086505,4.605014586624599,4.663837909698486,470700,0.0,0.0
2024-10-11 00:00:00-04:00,4.672241674980585,4.705854892730713,4.663838570893634,4.705854892730713,155800,0.0,0.0
2024-10-14 00:00:00-04:00,4.697451788643762,4.705854892730713,4.689048283855649,4.705854892730713,158200,0.0,0.0
2024-10-15 00:00:00-04:00,4.705853466125304,4.705853466125304,4.638627051005106,4.655433654785156,268600,0.0,0.0
2024-10-16 00:00:00-04:00,4.65543440210901,4.69745111865448,4.647031299220579,4.680644512176514,252100,0.0,0.0
2024-10-17 00:00:00-04:00,4.714257439155743,4.722660541534424,4.689047330617537,4.722660541534424,157300,0.0,0.0
2024-10-18 00:00:00-04:00,4.731064044614186,4.731064044614186,4.6974508336972995,4.722660541534424,144700,0.0,0.0
2024-10-21 00:00:00-04:00,4.722661292032555,4.7478714045770065,4.705854683903302,4.731064796447754,303800,0.0,0.0
2024-10-22 00:00:00-04:00,4.731064790816533,4.747871398925781,4.714258182707285,4.747871398925781,160500,0.0,0.0
2024-10-23 00:00:00-04:00,4.731064331610415,4.747870938088381,4.680644512176514,4.680644512176514,94100,0.0,0.0
2024-10-24 00:00:00-04:00,4.689047330617537,4.731064044614186,4.689047330617537,4.722660541534424,165500,0.0,0.0
2024-10-25 00:00:00-04:00,4.697450858108325,4.705853960530674,4.571401116164424,4.588207721710205,1026200,0.0,0.0
2024-10-28 00:00:00-04:00,4.588207448323082,4.605014052867446,4.554594239234354,4.562997341156006,346500,0.0,0.0
2024-10-29 00:00:00-04:00,4.5629976191878185,4.5798042247562405,4.55459451675415,4.55459451675415,172800,0.0,0.0
2024-10-30 00:00:00-04:00,4.537788854780071,4.5798051770875166,4.537788854780071,4.571402072906494,222000,0.0,0.0
2024-10-31 00:00:00-04:00,4.562998300429893,4.571401804819264,4.512578476197099,4.546191692352295,262100,0.0,0.0
2024-11-01 00:00:00-04:00,4.546191410947271,4.597081563508299,4.546191410947271,4.580118179321289,156500,0.05,0.0
2024-11-04 00:00:00-05:00,4.563154513072176,4.580117896210628,4.520745853006567,4.5377092361450195,345900,0.0,0.0
2024-11-05 00:00:00-05:00,4.56315479513428,4.597081563508299,4.56315479513428,4.580118179321289,169700,0.0,0.0
2024-11-06 00:00:00-05:00,4.6479719253058684,4.6479719253058684,4.6225266456604,4.6225266456604,272000,0.0,0.0
2024-11-07 00:00:00-05:00,4.631008911805937,4.690380966114897,4.622527016430786,4.681899070739746,249100,0.0,0.0
2024-11-08 00:00:00-05:00,4.68189905912186,4.690380954475963,4.664935672852684,4.673417568206787,110400,0.0,0.0
2024-11-11 00:00:00-05:00,4.67341633789459,4.724306483304902,4.656452551652229,4.707343101501465,181300,0.0,0.0
2024-11-12 00:00:00-05:00,4.715825843362285,4.724307738737436,4.673417579803627,4.681899070739746,176500,0.0,0.0
2024-11-13 00:00:00-05:00,4.690380304908225,4.707343688828153,4.6564531326293945,4.6564531326293945,152600,0.0,0.0
2024-11-14 00:00:00-05:00,4.681899070739746,4.7073443524261664,4.656453789053326,4.681899070739746,157800,0.0,0.0
2024-11-15 00:00:00-05:00,4.68189905912186,4.707344340745139,4.647972286583508,4.673417568206787,278400,0.0,0.0
2024-11-18 00:00:00-05:00,4.67341633789459,4.732787971987158,4.66493444477341,4.707343101501465,207300,0.0,0.0
2024-11-19 00:00:00-05:00,4.698862268351726,4.732789039611816,4.681898882721681,4.732789039611816,247100,0.0,0.0
2024-11-20 00:00:00-05:00,4.741270259221739,4.741270259221739,4.690380109581234,4.698861598968506,220200,0.0,0.0
2024-11-21 00:00:00-05:00,4.724307930264913,4.732789421544878,4.681899260547938,4.715826034545898,329600,0.0,0.0
2024-11-22 00:00:00-05:00,4.715826034545898,4.732789421544878,4.698862647546918,4.715826034545898,211200,0.0,0.0
2024-11-25 00:00:00-05:00,4.741270651872805,4.7667155265808105,4.724307267254471,4.7667155265808105,235300,0.0,0.0
2024-11-26 00:00:00-05:00,4.758233926370523,4.758233926370523,4.715825263586662,4.741270542144775,173300,0.0,0.0
2024-11-27 00:00:00-05:00,4.749752141962476,4.783678911199145,4.724307267254471,4.7667155265808105,176400,0.0,0.0
2024-11-29 00:00:00-05:00,4.775198552889457,4.800643433628208,4.7582351642505945,4.79216194152832,117300,0.0,0.0
2024-12-02 00:00:00-05:00,4.800719569576575,4.809276789574665,4.757932245435631,4.79216194152832,174300,0.05,0.0
2024-12-03 00:00:00-05:00,4.792160004224075,4.8263896864788896,4.792160004224075,4.8178324699401855,201300,0.0,0.0
2024-12-04 00:00:00-05:00,4.817833356768433,4.826390574882281,4.766488823935119,4.783603668212891,194700,0.0,0.0
2024-12-05 00:00:00-05:00,4.792161633670937,4.800719261169434,4.766489567275723,4.800719261169434,216000,0.0,0.0
2024-12-06 00:00:00-05:00,4.792161633670937,4.800719261169434,4.775046786724082,4.800719261169434,144900,0.0,0.0
2024-12-09 00:00:00-05:00,4.800719720920198,4.809276941188057,4.740817546844482,4.740817546844482,183300,0.0,0.0
2024-12-10 00:00:00-05:00,4.766490023748411,4.775047244016269,4.732260326576624,4.740817546844482,218100,0.0,0.0
2024-12-11 00:00:00-05:00,4.766488963083867,4.775046181447527,4.7237016471153055,4.732259273529053,143900,0.0,0.0
2024-12-12 00:00:00-05:00,4.715144670996429,4.715144670996429,4.6809145716329255,4.689472198486328,183500,0.0,0.0
2024-12-13 00:00:00-05:00,4.6894722621101375,4.740816799776841,4.68091463514063,4.7237019538879395,199000,0.0,0.0
2024-12-16 00:00:00-05:00,4.74937411830646,4.775046181447527,4.715144428751645,4.732259273529053,240400,0.0,0.0
2024-12-17 00:00:00-05:00,4.7151434356493365,4.73225827682202,4.672356128692627,4.672356128692627,204800,0.0,0.0
2024-12-18 00:00:00-05:00,4.680913301582548,4.723700608140065,4.59533909651751,4.612453937530518,154700,0.0,0.0
2024-12-19 00:00:00-05:00,4.638126707875883,4.655241550013615,4.543994872093339,4.569667339324951,239400,0.0,0.0
2024-12-20 00:00:00-05:00,4.5782250656801775,4.663799285888672,4.569667847684363,4.663799285888672,184700,0.0,0.0
2024-12-23 00:00:00-05:00,4.663799285888672,4.672356911934556,4.629569597805274,4.663799285888672,217100,0.0,0.0
2024-12-24 00:00:00-05:00,4.689470739214024,4.723700419875807,4.689470739214024,4.715143203735352,91500,0.0,0.0
2024-12-26 00:00:00-05:00,4.715144428751645,4.732259273529053,4.706586802337899,4.732259273529053,205700,0.0,0.0
2024-12-27 00:00:00-05:00,4.732258044066243,4.732258044066243,4.672355898883133,4.715143203735352,189700,0.0,0.0
2024-12-30 00:00:00-05:00,4.671964759010367,4.671964759010367,4.620150040689673,4.646057605743408,191900,0.05,0.0
2024-12-31 00:00:00-05:00,4.646057971726924,4.680601119995117,4.628786397592827,4.680601119995117,190300,0.0,0.0
2025-01-02 00:00:00-05:00,4.689235739139297,4.689235739139297,4.637421027367157,4.671964168548584,220900,0.0,0.0
2025-01-03 00:00:00-05:00,4.689235168272742,4.723778305248894,4.620148894320438,4.715142726898193,327600,0.0,0.0
2025-01-06 00:00:00-05:00,4.697872269597322,4.7324154147439605,4.646057551877364,4.663329124450684,281700,0.0,0.0
2025-01-07 00:00:00-05:00,4.671965351648212,4.671965351648212,4.611515045166016,4.611515045166016,190900,0.0,0.0
2025-01-08 00:00:00-05:00,4.620150040689673,4.646057605743408,4.594242887422714,4.646057605743408,294700,0.0,0.0
2025-01-10 00:00:00-05:00,4.646057709346801,4.646057709346801,4.576971416711973,4.602878570556641,209300,0.0,0.0
2025-01-13 00:00:00-05:00,4.542427963378526,4.585606687463514,4.5337919714894745,4.559699535369873,515000,0.0,0.0
2025-01-14 00:00:00-05:00,4.602879051790371,4.620150626754831,4.585607476825911,4.611515045166016,343900,0.0,0.0
2025-01-15 00:00:00-05:00,4.671965127034665,4.741051423571052,4.654693552900568,4.680601119995117,375800,0.0,0.0
2025-01-16 00:00:00-05:00,4.697872578676033,4.706508159637451,4.671965012218178,4.706508159637451,328500,0.0,0.0
2025-01-17 00:00:00-05:00,4.723780159426926,4.766959303489131,4.697873002419073,4.732416152954102,1696500,0.0,0.0
2025-01-21 00:00:00-05:00,4.766958718835715,4.775594711303711,4.741051153218512,4.775594711303711,252900,0.0,0.0
2025-01-22 00:00:00-05:00,4.766957432362421,4.766957432362421,4.715142726898193,4.715142726898193,192700,0.0,0.0
2025-01-23 00:00:00-05:00,4.732415616290951,4.741051197052002,4.706508050434219,4.741051197052002,127500,0.0,0.0
2025-01-24 00:00:00-05:00,4.741051153218512,4.775594711303711,4.715143999388094,4.775594711303711,202600,0.0,0.0
2025-01-27 00:00:00-05:00,4.741051197052002,4.766958762908734,4.715144042982059,4.741051197052002,322000,0.0,0.0
2025-01-28 00:00:00-05:00,4.741051197052002,4.749687189599842,4.715144042982059,4.741051197052002,301900,0.0,0.0
2025-01-29 00:00:00-05:00,4.74104987373697,4.7583218540117205,4.697871158410117,4.715142726898193,456100,0.0,0.0
2025-01-30 00:00:00-05:00,4.73241471557457,4.73241471557457,4.697871575531353,4.72377872467041,437500,0.0,0.0
2025-01-31 00:00:00-05:00,4.715144152385669,4.732415726095306,4.6806010049663955,4.706508159637451,357100,0.0,0.0
2025-02-03 00:00:00-05:00,4.689076754360082,4.715223789215088,4.6280663136990245,4.715223789215088,231100,0.05,0.0
2025-02-04 00:00:00-05:00,4.732655048370361,4.750086542604522,4.715223554136202,4.732655048370361,181900,0.0,0.0
2025-02-05 00:00:00-05:00,4.7413716316223145,4.7413716316223145,4.715224179006164,4.7413716316223145,188600,0.0,0.0
2025-02-06 00:00:00-05:00,4.75880226201117,4.767517800897121,4.715223320782663,4.750086307525635,308700,0.0,0.0
2025-02-07 00:00:00-05:00,4.758802406594918,4.758802406594918,4.706507924891628,4.723939418792725,195000,0.0,0.0
2025-02-10 00:00:00-05:00,4.732655284318301,4.750086779421513,4.706508249463295,4.715223789215088,254100,0.0,0.0
2025-02-11 00:00:00-05:00,4.732655675550378,4.7413716316223145,4.715224179006164,4.7413716316223145,186500,0.0,0.0
2025-02-12 00:00:00-05:00,4.732654814154149,4.767517800897121,4.715223320782663,4.750086307525635,185800,0.0,0.0
2025-02-13 00:00:00-05:00,4.7762346267700195,4.784950167246054,4.758803130218291,4.7762346267700195,151200,0.0,0.0
2025-02-14 00:00:00-05:00,4.793666123321748,4.793666123321748,4.758803130218291,4.7762346267700195,151300,0.0,0.0
2025-02-18 00:00:00-05:00,4.79366556045066,4.811097054955587,4.776234065945733,4.80238151550293,222000,0.0,0.0
2025-02-19 00:00:00-05:00,4.8023812810044495,4.819812774658203,4.784949371751105,4.819812774658203,176200,0.0,0.0
2025-02-20 00:00:00-05:00,4.811097709461977,4.819813665699974,4.784950256347656,4.784950256347656,170400,0.0,0.0
2025-02-21 00:00:00-05:00,4.811097054955587,4.819813010007857,4.784949605398391,4.80238151550293,160800,0.0,0.0
2025-02-24 00:00:00-05:00,4.811096820031531,4.828528313685284,4.8023812810044495,4.819812774658203,207800,0.0,0.0
2025-02-25 00:00:00-05:00,4.828528555587306,4.845960050114352,4.811097061060261,4.837244510650635,162900,0.0,0.0
2025-02-26 00:00:00-05:00,4.837244359025965,4.854675853006616,4.819812865045314,4.82852840423584,140100,0.0,0.0
2025-02-27 00:00:00-05:00,4.845959898216491,4.845959898216491,4.819812865045314,4.82852840423584,126700,0.0,0.0
2025-02-28 00:00:00-05:00,4.837246023738302,4.880824565887451,4.828530065948627,4.880824565887451,249600,0.0,0.0
2025-03-03 00:00:00-05:00,4.8984126269479376,4.916001164845582,4.854441072531916,4.880824089050293,302200,0.05,0.0
2025-03-04 00:00:00-05:00,4.872029532769547,4.88961807038683,4.836852457534979,4.8632354736328125,305300,0.0,0.0
2025-03-05 00:00:00-05:00,4.863235949580777,4.933590106935228,4.863235949580777,4.924795627593994,291000,0.0,0.0
2025-03-06 00:00:00-05:00,4.907206608004114,4.907206608004114,4.8456469360155285,4.8632354736328125,228200,0.0,0.0
2025-03-07 00:00:00-05:00,4.88082448891939,4.924795627593994,4.863235949580777,4.924795627593994,220900,0.0,0.0
2025-03-10 00:00:00-04:00,4.8984126269479376,4.916001164845582,4.863235551152648,4.880824089050293,302900,0.0,0.0
2025-03-11 00:00:00-04:00,4.889618148327204,4.907206686224849,4.87202961042956,4.880824089050293,224800,0.0,0.0
2025-03-12 00:00:00-04:00,4.8984126269479376,4.907206686224849,4.863235551152648,4.880824089050293,113600,0.0,0.0
2025-03-13 00:00:00-04:00,4.872029626417316,4.880824105066909,4.836852550506592,4.836852550506592,110700,0.0,0.0
2025-03-14 00:00:00-04:00,4.872029934044656,4.916001491381403,4.872029934044656,4.907207012176514,194800,0.0,0.0
2025-03-17 00:00:00-04:00,4.907205968966297,4.942383039619952,4.889617433639469,4.933588981628418,211900,0.0,0.0
2025-03-18 00:00:00-04:00,4.933588754912584,4.9423828125,4.916000220394012,4.9423828125,204700,0.0,0.0
2025-03-19 00:00:00-04:00,4.951176335112473,4.986353397369385,4.924793328747959,4.986353397369385,147100,0.0,0.0
2025-03-20 00:00:00-04:00,4.977558922133327,4.986353397369385,4.959970391004871,4.986353397369385,130600,0.0,0.0
2025-03-21 00:00:00-04:00,4.977560043334961,4.977560043334961,4.951177450371395,4.977560043334961,106900,0.0,0.0
2025-03-24 00:00:00-04:00,5.003942489624023,5.003942489624023,4.977559480301003,5.003942489624023,105300,0.0,0.0
2025-03-25 00:00:00-04:00,5.0215311867835695,5.039119720458984,5.0039426531081554,5.039119720458984,569400,0.0,0.0
2025-03-26 00:00:00-04:00,5.039119328629107,5.0479133851111495,5.003942264013563,5.0127363204956055,227900,0.0,0.0
2025-03-27 00:00:00-04:00,5.021531831292846,5.039120367225734,5.003943295359958,5.030325889587402,168100,0.0,0.0
2025-03-28 00:00:00-04:00,5.03032549361934,5.047914028167725,5.0039429014686325,5.047914028167725,228500,0.0,0.0
2025-03-31 00:00:00-04:00,5.03032540601687,5.074296951293945,5.003942814325613,5.074296951293945,281500,0.0,0.0
2025-04-01 00:00:00-04:00,5.047683989651082,5.065426271285681,5.029941708016483,5.038812637329102,227000,0.05,0.0
2025-04-02 00:00:00-04:00,5.029941584020364,5.056554794311523,5.012199302823141,5.056554794311523,203900,0.0,0.0
2025-04-03 00:00:00-04:00,4.994457496677793,5.012199779562588,4.95010157796111,4.958972930908203,286700,0.0,0.0
2025-04-04 00:00:00-04:00,4.896873914964393,4.923487546370477,4.657352924346924,4.657352924346924,401700,0.0,0.0
2025-04-07 00:00:00-04:00,4.524285643334534,4.612997043594167,4.444445594605526,4.515414714813232,293300,0.0,0.0
2025-04-08 00:00:00-04:00,4.604126752941253,4.683967235740905,4.471059422611628,4.524286270141602,339100,0.0,0.0
2025-04-09 00:00:00-04:00,4.444445840562952,4.843647375327937,4.444445840562952,4.7904205322265625,261900,0.0,0.0
2025-04-10 00:00:00-04:00,4.790420516674593,4.790420516674593,4.621868635896098,4.648481845855713,230300,0.0,0.0
2025-04-11 00:00:00-04:00,4.648482126391625,4.7105803250605955,4.621868914825902,4.683967113494873,235900,0.0,0.0
2025-04-14 00:00:00-04:00,4.728323057985989,4.799292192941143,4.7105807742472,4.754936695098877,259500,0.0,0.0
2025-04-15 00:00:00-04:00,4.799291564963195,4.852518409214931,4.799291564963195,4.843647480010986,288800,0.0,0.0
2025-04-16 00:00:00-04:00,4.834775419091918,4.879131327637798,4.77267765473884,4.808162212371826,236300,0.0,0.0
2025-04-17 00:00:00-04:00,4.817034594185345,4.852519162528522,4.817034594185345,4.834776878356934,104000,0.0,0.0
2025-04-21 00:00:00-04:00,4.825905370361901,4.834776299881589,4.7283226075891145,4.781549453735352,228500,0.0,0.0
2025-04-22 00:00:00-04:00,4.817033521225792,4.8613894332795144,4.8081625926206435,4.852518081665039,152400,0.0,0.0
2025-04-23 00:00:00-04:00,4.90574603209372,4.941230597500489,4.861390113830566,4.861390113830566,199400,0.0,0.0
2025-04-24 00:00:00-04:00,4.8613898642106825,4.905745780196274,4.808163018833592,4.89687442779541,156800,0.0,0.0
2025-04-25 00:00:00-04:00,4.896875106330814,4.914617390581637,4.879132822079991,4.9057464599609375,118500,0.0,0.0
2025-04-28 00:00:00-04:00,4.905745382913505,4.941229943624581,4.896874031231071,4.923487663269043,170700,0.0,0.0
2025-04-29 00:00:00-04:00,4.923487445711756,5.012198843569498,4.914616094421326,4.9855852127075195,263100,0.0,0.0
2025-04-30 00:00:00-04:00,4.967843610382934,4.994457244873047,4.90574583492162,4.994457244873047,292500,0.0,0.0
2025-05-01 00:00:00-04:00,4.994456608783079,5.01235787012353,4.940752824761724,4.976555347442627,122900,0.05,0.0
2025-05-02 00:00:00-04:00,5.003407928061313,5.030259609222412,4.9765558201004385,5.030259609222412,180300,0.0,0.0
2025-05-05 00:00:00-04:00,5.021308394901822,5.021308394901822,4.985505874497506,4.9944562911987305,160800,0.0,0.0
2025-05-06 00:00:00-04:00,4.994455997076236,5.003406840050056,4.967604321754144,4.9855055809021,187400,0.0,0.0
2025-05-07 00:00:00-04:00,4.9944571102009645,5.057111744582618,4.985506692032031,5.003407955169678,559100,0.0,0.0
2025-05-08 00:00:00-04:00,5.03921045414263,5.057111717183288,5.012358346181754,5.030259609222412,99800,0.0,0.0
2025-05-09 00:00:00-04:00,5.039210481444971,5.0481608996139045,4.9944571102009645,5.003407955169678,96700,0.0,0.0
2025-05-12 00:00:00-04:00,5.057111717183288,5.057111717183288,5.021309191101972,5.030259609222412,154700,0.0,0.0
2025-05-13 00:00:00-04:00,5.057111582081465,5.057111582081465,5.021309056956621,5.039210319519043,166300,0.0,0.0
2025-05-14 00:00:00-04:00,5.057111079742365,5.066061496734619,5.012357714381923,5.066061496734619,220400,0.0,0.0
2025-05-15 00:00:00-04:00,5.066062135303728,5.075012980223946,5.012358346181754,5.030259609222412,389600,0.0,0.0
2025-05-16 00:00:00-04:00,5.057112052841176,5.092914581298828,5.057112052841176,5.092914581298828,194300,0.0,0.0
2025-05-19 00:00:00-04:00,5.075012976051956,5.083963394165039,5.057111713026014,5.083963394165039,86500,0.0,0.0
2025-05-20 00:00:00-04:00,5.083962155079461,5.128715515136719,5.083962155079461,5.128715515136719,163900,0.0,0.0
2025-05-21 00:00:00-04:00,5.119765279087315,5.128716122879293,5.057111079742365,5.066061496734619,294200,0.0,0.0
2025-05-22 00:00:00-04:00,5.066062791463189,5.075013637542725,5.021309841465004,5.075013637542725,170800,0.0,0.0
2025-05-23 00:00:00-04:00,5.057111740112305,5.075013003234127,5.030259632029682,5.057111740112305,175200,0.0,0.0
2025-05-27 00:00:00-04:00,5.092914581298828,5.119766264242165,5.075013317070002,5.092914581298828,191200,0.0,0.0
2025-05-28 00:00:00-04:00,5.0839640568224285,5.101865322181669,5.066062791463189,5.075013637542725,126900,0.0,0.0
2025-05-29 00:00:00-04:00,5.101865000013339,5.101865000013339,5.066062471555687,5.092914581298828,161700,0.0,0.0
2025-05-30 00:00:00-04:00,5.092913603887176,5.119765281677246,5.083962760090671,5.119765281677246,141400,0.0,0.0
2025-06-02 00:00:00-04:00,5.083647043016233,5.1378244010077525,5.083647043016233,5.119765281677246,143800,0.05,0.0
2025-06-03 00:00:00-04:00,5.119766022015804,5.155884265899658,5.110736245763125,5.155884265899658,178100,0.0,0.0
2025-06-04 00:00:00-04:00,5.1468548353399015,5.155884612199073,5.128795712185018,5.1378254890441895,123400,0.0,0.0
2025-06-05 00:00:00-04:00,5.155883520338258,5.155883520338258,5.10170616234674,5.119765281677246,113200,0.0,0.0
2025-06-06 00:00:00-04:00,5.146854489646979,5.155884265899658,5.1378251439577305,5.155884265899658,135700,0.0,0.0
2025-06-09 00:00:00-04:00,5.155884265899658,5.164913611588907,5.146854489646979,5.155884265899658,81300,0.0,0.0
2025-06-10 00:00:00-04:00,5.164913177490234,5.173942952983982,5.13782471213578,5.164913177490234,208800,0.0,0.0
2025-06-11 00:00:00-04:00,5.173942224890672,5.201031116996487,5.1649124506676225,5.1920013427734375,218700,0.0,0.0
2025-06-12 00:00:00-04:00,5.201031728581753,5.210061073303223,5.1829721780120455,5.210061073303223,137500,0.0,0.0
2025-06-13 00:00:00-04:00,5.201031116996487,5.201031116996487,5.1649124506676225,5.1920013427734375,130300,0.0,0.0
2025-06-16 00:00:00-04:00,5.210061073303223,5.228120193309546,5.192001953296899,5.210061073303223,350300,0.0,0.0
2025-06-17 00:00:00-04:00,5.201032461133367,5.210061807126595,5.164913785470116,5.1829729080200195,180400,0.0,0.0
2025-06-18 00:00:00-04:00,5.1829734741842515,5.1829734741842515,5.128796100616455,5.128796100616455,164200,0.0,0.0
2025-06-20 00:00:00-04:00,5.146854877471924,5.173943777707728,5.110736630866493,5.146854877471924,293800,0.0,0.0
2025-06-23 00:00:00-04:00,5.137824745907389,5.155883866450195,5.092676729268676,5.101706504821777,325000,0.0,0.0
2025-06-24 00:00:00-04:00,5.128794570060292,5.237149715423584,5.119765225775313,5.237149715423584,415700,0.0,0.0
2025-06-25 00:00:00-04:00,5.237150706233172,5.237150706233172,5.1829729080200195,5.1829729080200195,147100,0.0,0.0
2025-06-26 00:00:00-04:00,5.210062115151906,5.219091892242432,5.201032768624851,5.219091892242432,142400,0.0,0.0
2025-06-27 00:00:00-04:00,5.237151057833061,5.246180404432481,5.210062156907851,5.228121280670166,233500,0.0,0.0
2025-06-30 00:00:00-04:00,5.246179059708563,5.255208834556906,5.219090596290263,5.237149715423584,300800,0.0,0.0
2025-07-01 00:00:00-04:00,5.255366726024529,5.3100152015686035,5.237150567509837,5.3100152015686035,185900,0.05,0.0
2025-07-02 00:00:00-04:00,5.300906202826495,5.300906202826495,5.246257739000331,5.282690048217773,176700,0.0,0.0
2025-07-03 00:00:00-04:00,5.291799094023398,5.291799094023398,5.255366776643106,5.273582935333252,85800,0.0,0.0
2025-07-07 00:00:00-04:00,5.255366123970411,5.26447441933805,5.20982551574707,5.20982551574707,157100,0.0,0.0
2025-07-08 00:00:00-04:00,5.246257781982422,5.246257781982422,5.2189333326917815,5.246257781982422,197300,0.0,0.0
2025-07-09 00:00:00-04:00,5.264475345611572,5.273583208274294,5.2462591859786265,5.264475345611572,192400,0.0,0.0
2025-07-10 00:00:00-04:00,5.282689778254227,5.291797637939453,5.255365330583826,5.291797637939453,178900,0.0,0.0
2025-07-11 00:00:00-04:00,5.282690298904699,5.282690298904699,5.246257987958383,5.25536584854126,106100,0.0,0.0
2025-07-14 00:00:00-04:00,5.237149176906013,5.30090593193204,5.2189330232282,5.291797637939453,568900,0.0,0.0
2025-07-15 00:00:00-04:00,5.328231687173133,5.328231687173133,5.237150889008401,5.264475345611572,447100,0.0,0.0
2025-07-16 00:00:00-04:00,5.273583208274294,5.29179936790724,5.237150889008401,5.264475345611572,170800,0.0,0.0
2025-07-17 00:00:00-04:00,5.264474143431541,5.264474143431541,5.246257987958383,5.25536584854126,147100,0.0,0.0
2025-07-18 00:00:00-04:00,5.273581690056743,5.337338447570801,5.23714938127939,5.337338447570801,567300,0.0,0.0
2025-07-21 00:00:00-04:00,5.319122293182124,5.337338447570801,5.300906138793447,5.337338447570801,209200,0.0,0.0
2025-07-22 00:00:00-04:00,5.328231154574182,5.328231154574182,5.300907135009766,5.300907135009766,208900,0.0,0.0
2025-07-23 00:00:00-04:00,5.310014593253964,5.337339045049454,5.20982551574707,5.20982551574707,620800,0.0,0.0
2025-07-24 00:00:00-04:00,5.218934263851596,5.246258718017453,5.218934263851596,5.228042125701904,267000,0.0,0.0
2025-07-25 00:00:00-04:00,5.255365599150999,5.282690048217773,5.255365599150999,5.282690048217773,165200,0.0,0.0
2025-07-28 00:00:00-04:00,5.2735817537597205,5.282690048217773,5.255365599150999,5.282690048217773,174100,0.0,0.0
2025-07-29 00:00:00-04:00,5.282690298904699,5.282690298904699,5.25536584854126,5.25536584854126,186000,0.0,0.0
2025-07-30 00:00:00-04:00,5.264474143431541,5.2735820040144175,5.25536584854126,5.25536584854126,123200,0.0,0.0
2025-07-31 00:00:00-04:00,5.264474143431541,5.282690298904699,5.22804139817782,5.25536584854126,202700,0.0,0.0
2025-08-01 00:00:00-04:00,5.273741708365745,5.273741708365745,5.200240148934061,5.236990928649902,152000,0.05,0.0
2025-08-04 00:00:00-04:00,5.209427597056458,5.25536584854126,5.1726768206270926,5.25536584854126,206700,0.0,0.0
2025-08-05 00:00:00-04:00,5.264553080958254,5.292116378768063,5.22780230928101,5.282928466796875,164300,0.0,0.0
2025-08-06 00:00:00-04:00,5.301304340362549,5.301304340362549,5.264553565304186,5.301304340362549,207000,0.0,0.0
2025-08-07 00:00:00-04:00,5.301304136171312,5.356430296635553,5.292116661812495,5.328867435455322,264000,0.0,0.0
2025-08-08 00:00:00-04:00,5.347243792431395,5.36561918258667,5.3380558783018275,5.36561918258667,140000,0.0,0.0
2025-08-11 00:00:00-04:00,5.36561918258667,5.40236996289722,5.347243792431395,5.36561918258667,194100,0.0,0.0
2025-08-12 00:00:00-04:00,5.374805713127553,5.393181100050404,5.356430326204701,5.383993625640869,164800,0.0,0.0
2025-08-13 00:00:00-04:00,5.393181785904575,5.402369699586325,5.347243531807343,5.356431007385254,175700,0.0,0.0
2025-08-14 00:00:00-04:00,5.365619404545163,5.38399479546057,5.347244013629757,5.374806880950928,165700,0.0,0.0
2025-08-15 00:00:00-04:00,5.393181561204268,5.402369474503214,5.347243309020996,5.347243309020996,223800,0.0,0.0
2025-08-18 00:00:00-04:00,5.365618238718017,5.383993625640869,5.356430326204701,5.383993625640869,201700,0.0,0.0
2025-08-19 00:00:00-04:00,5.393181100050404,5.393181100050404,5.356430326204701,5.383993625640869,151000,0.0,0.0
2025-08-20 00:00:00-04:00,5.383993625640869,5.393181100050404,5.3472428517951665,5.383993625640869,233000,0.0,0.0
2025-08-21 00:00:00-04:00,5.3380558783018275,5.393182048767653,5.3380558783018275,5.36561918258667,219600,0.0,0.0
2025-08-22 00:00:00-04:00,5.374806411531729,5.411557190152841,5.356431022221173,5.393181800842285,180600,0.0,0.0
2025-08-25 00:00:00-04:00,5.402369721954849,5.420745111290593,5.393181808235057,5.411557197570801,291800,0.0,0.0
2025-08-26 00:00:00-04:00,5.411556990661911,5.448307767928247,5.402369515397238,5.439120292663574,222200,0.0,0.0
2025-08-27 00:00:00-04:00,5.439120292663574,5.448307767928247,5.393181602028743,5.439120292663574,236000,0.0,0.0
2025-08-28 00:00:00-04:00,5.448307523111709,5.4666829109191895,5.439120048259871,5.4666829109191895,159500,0.0,0.0
2025-08-29 00:00:00-04:00,5.457495453760489,5.503433704376221,5.448307540775061,5.503433704376221,166000,0.0,0.0
2025-09-02 00:00:00-04:00,5.484904635948228,5.512699513031051,5.447844505310059,5.447844505310059,130000,0.05,0.0
2025-09-03 00:00:00-04:00,5.45710880285156,5.4756388664245605,5.429313928387842,5.4756388664245605,105800,0.0,0.0
2025-09-04 00:00:00-04:00,5.4756388664245605,5.4756388664245605,5.43857873927856,5.4756388664245605,111500,0.0,0.0
2025-09-05 00:00:00-04:00,5.494168929997561,5.494168929997561,5.45710880285156,5.4756388664245605,120900,0.0,0.0
2025-09-08 00:00:00-04:00,5.475638731102427,5.484903983555732,5.457108667987368,5.466373920440674,123500,0.0,0.0
2025-09-09 00:00:00-04:00,5.484904119106843,5.494168929997561,5.4663740555338425,5.4756388664245605,139000,0.0,0.0
2025-09-10 00:00:00-04:00,5.503434182679843,5.503434182679843,5.4663740555338425,5.4756388664245605,122200,0.0,0.0
2025-09-11 00:00:00-04:00,5.494168588202569,5.540493965148926,5.484903777888219,5.540493965148926,167800,0.0,0.0
2025-09-12 00:00:00-04:00,5.549759387969971,5.568289894226887,5.53122932350464,5.549759387969971,279500,0.0,0.0
2025-09-15 00:00:00-04:00,5.577554875821988,5.577554875821988,5.512699427317784,5.559024810791016,329100,0.0,0.0
2025-09-16 00:00:00-04:00,5.559024679203004,5.568289932394971,5.5126992968263435,5.5219645500183105,250000,0.0,0.0
2025-09-17 00:00:00-04:00,5.540494308349504,5.549759119237754,5.503434181213379,5.503434181213379,155600,0.0,0.0
2025-09-18 00:00:00-04:00,5.53122932350464,5.549759387969971,5.512699259039308,5.549759387969971,109900,0.0,0.0
2025-09-19 00:00:00-04:00,5.549759726225717,5.577555045513621,5.531229660630985,5.5682902336120605,161200,0.0,0.0
2025-09-22 00:00:00-04:00,5.5682902336120605,5.577555045513621,5.549759726225717,5.5682902336120605,118800,0.0,0.0
2025-09-23 00:00:00-04:00,5.577554875821988,5.596084940852961,5.540494745760043,5.559024810791016,152300,0.0,0.0
2025-09-24 00:00:00-04:00,5.568289894226887,5.568289894226887,5.5404945766330975,5.549759387969971,212200,0.0,0.0
2025-09-25 00:00:00-04:00,5.549759426011036,5.559024679203004,5.494169232233997,5.5219645500183105,311100,0.0,0.0
2025-09-26 00:00:00-04:00,5.531229669659401,5.540494923367697,5.494169538409446,5.512699604034424,167100,0.0,0.0
2025-09-29 00:00:00-04:00,5.512699299831942,5.54049461763141,5.494169235229492,5.494169235229492,264600,0.0,0.0
2025-09-30 00:00:00-04:00,5.484904423824062,5.512699299831942,5.4663743592216125,5.494169235229492,210900,0.0,0.0
2025-10-01 00:00:00-04:00,5.522201122170636,5.531545162200928,5.475482258664231,5.531545162200928,270900,0.05,0.0
2025-10-02 00:00:00-04:00,5.512856805145896,5.531544437208833,5.475481541020022,5.484825134277344,178300,0.0,0.0
2025-10-03 00:00:00-04:00,5.512857824421915,5.522201419406781,5.475482553385702,5.494170188903809,228400,0.0,0.0
2025-10-06 00:00:00-04:00,5.503513541906693,5.503513541906693,5.447450637817383,5.447450637817383,200000,0.0,0.0
2025-10-07 00:00:00-04:00,5.4848254890658446,5.522200755609354,5.438106628660617,5.456794261932373,186800,0.0,0.0
2025-10-08 00:00:00-04:00,5.4567943534144625,5.475481986999512,5.438106719829412,5.475481986999512,257900,0.0,0.0
2025-10-09 00:00:00-04:00,5.494169373290946,5.494169373290946,5.419418842315283,5.428762435913086,331800,0.0,0.0
2025-10-10 00:00:00-04:00,5.466138235853031,5.466138235853031,5.316637159284225,5.344668388366699,229800,0.0,0.0
2025-10-13 00:00:00-04:00,5.382043637996312,5.438106536865234,5.344667926535383,5.438106536865234,328200,0.0,0.0
2025-10-14 00:00:00-04:00,5.419419408546905,5.475482312636216,5.372700099031636,5.447450637817383,264600,0.0,0.0
2025-10-15 00:00:00-04:00,5.484825288639171,5.512856960296631,5.475481695118889,5.512856960296631,214100,0.0,0.0
2025-10-16 00:00:00-04:00,5.531544592885502,5.531544592885502,5.456794062530018,5.512856960296631,228600,0.0,0.0
2025-10-17 00:00:00-04:00,5.503512766340281,5.503512766340281,5.44744987015147,5.484825134277344,175100,0.0,0.0
2025-10-20 00:00:00-04:00,5.503512921228042,5.531544592885502,5.484825288639171,5.512856960296631,238600,0.0,0.0
2025-10-21 00:00:00-04:00,5.522200676474803,5.54088830947876,5.4848254104668905,5.54088830947876,226000,0.0,0.0
2025-10-22 00:00:00-04:00,5.568920277948392,5.568920277948392,5.447450434188,5.503513336181641,314700,0.0,0.0
2025-10-23 00:00:00-04:00,5.475481986999512,5.531544887754661,5.466137947432823,5.475481986999512,271000,0.0,0.0
2025-10-24 00:00:00-04:00,5.512856960296631,5.512856960296631,5.484825288639171,5.512856960296631,159500,0.0,0.0
2025-10-27 00:00:00-04:00,5.522201419406781,5.531545459940022,5.475482553385702,5.494170188903809,219600,0.0,0.0
2025-10-28 00:00:00-04:00,5.503513336181641,5.51285737595475,5.46613806818588,5.503513336181641,230200,0.0,0.0
2025-10-29 00:00:00-04:00,5.512857254169611,5.512857254169611,5.438106719829412,5.475481986999512,375800,0.0,0.0
2025-10-30 00:00:00-04:00,5.456794169821542,5.456794169821542,5.419418903908927,5.438106536865234,241400,0.0,0.0
2025-10-31 00:00:00-04:00,5.447450637817383,5.447450637817383,5.391387733728073,5.447450637817383,285900,0.0,0.0
2025-11-03 00:00:00-05:00,5.4757245356715005,5.4757245356715005,5.409751788469709,5.438025951385498,138000,0.05,0.0
2025-11-04 00:00:00-05:00,5.400327227337759,5.400327227337759,5.353203773498535,5.353203773498535,202700,0.0,0.0
2025-11-05 00:00:00-05:00,5.381478017033649,5.390902438302424,5.324930141213291,5.372053146362305,264300,0.0,0.0
2025-11-06 00:00:00-05:00,5.3909021717412795,5.409751462749368,5.3249298779142435,5.36262845993042,211100,0.0,0.0
2025-11-07 00:00:00-05:00,5.362628480170346,5.362628480170346,5.296655736691766,5.315505027770996,255900,0.0,0.0
2025-11-10 00:00:00-05:00,5.343779352372228,5.381477935682582,5.334354481843358,5.353203773498535,184700,0.0,0.0
2025-11-11 00:00:00-05:00,5.372053124164861,5.4191765785217285,5.3626287029350275,5.4191765785217285,117200,0.0,0.0
2025-11-12 00:00:00-05:00,5.4286006769991735,5.4286006769991735,5.390901649234385,5.409750938415527,141100,0.0,0.0
2025-11-13 00:00:00-05:00,5.419175935206265,5.4380252248308825,5.362628066332414,5.381477355957031,186200,0.0,0.0
2025-11-14 00:00:00-05:00,5.353203854422185,5.381478017033649,5.34377943315341,5.372053146362305,229600,0.0,0.0
2025-11-17 00:00:00-05:00,5.381477750938508,5.400327041946597,5.3249298779142435,5.36262845993042,247700,0.0,0.0
2025-11-18 00:00:00-05:00,5.35320294577547,5.372052234516132,5.324929237365723,5.324929237365723,240700,0.0,0.0
2025-11-19 00:00:00-05:00,5.353203692002987,5.353203692002987,5.306080688283711,5.334354400634766,160200,0.0,0.0
2025-11-20 00:00:00-05:00,5.372052818059957,5.372052818059957,5.277806364119044,5.296655654907227,182700,0.0,0.0
2025-11-21 00:00:00-05:00,5.315505400600538,5.353203985403178,5.2778068157978995,5.343779563903809,145800,0.0,0.0
2025-11-24 00:00:00-05:00,5.372054177342799,5.390903472900391,5.343780458707739,5.390903472900391,235800,0.0,0.0
2025-11-25 00:00:00-05:00,5.4003265185262075,5.4286006769991735,5.390901649234385,5.409750938415527,190800,0.0,0.0
2025-11-26 00:00:00-05:00,5.419176394641013,5.456874977086311,5.4003271034183635,5.428601264953613,316200,0.0,0.0
2025-11-28 00:00:00-05:00,5.466299717500743,5.475724138186834,5.438025556637385,5.456874847412109,149100,0.0,0.0
2025-12-01 00:00:00-05:00,5.447368332152731,5.456874847412109,5.4378613635761415,5.456874847412109,145500,0.05,0.0
2025-12-02 00:00:00-05:00,5.466381760615173,5.475888729095459,5.4283547933284435,5.475888729095459,139100,0.0,0.0
2025-12-03 00:00:00-05:00,5.475887888263282,5.50440788269043,5.456873954222332,5.50440788269043,164500,0.0,0.0
2025-12-04 00:00:00-05:00,5.50440912663052,5.50440912663052,5.475889125758145,5.494902610778809,107600,0.0,0.0
2025-12-05 00:00:00-05:00,5.513915538787842,5.532929021887778,5.494902055687906,5.513915538787842,91800,0.0,0.0
2025-12-08 00:00:00-05:00,5.5234224001034455,5.53292936890828,5.466381947226109,5.485395431518555,193800,0.0,0.0
2025-12-09 00:00:00-05:00,5.50440912663052,5.513916095799472,5.485395641609856,5.494902610778809,191500,0.0,0.0
2025-12-10 00:00:00-05:00,5.5139157259968,5.5234222412109375,5.4949022422513165,5.5234222412109375,242600,0.0,0.0
2025-12-11 00:00:00-05:00,5.513916095799472,5.542436096671849,5.494902610778809,5.494902610778809,219400,0.0,0.0
2025-12-12 00:00:00-05:00,5.513915884615835,5.5234224001034455,5.466381947226109,5.485395431518555,192200,0.0,0.0
2025-12-15 00:00:00-05:00,5.523421975559928,5.542435458390951,5.4949019779719865,5.532928943634033,155800,0.0,0.0
2025-12-16 00:00:00-05:00,5.523421363414241,5.523421363414241,5.475887888263282,5.50440788269043,238500,0.0,0.0
2025-12-17 00:00:00-05:00,5.513915884615835,5.513915884615835,5.475888916030944,5.485395431518555,173100,0.0,0.0
2025-12-18 00:00:00-05:00,5.52342237236334,5.551942825317383,5.513915856923473,5.551942825317383,181500,0.0,0.0
2025-12-19 00:00:00-05:00,5.551942059936846,5.580462055641953,5.532928578361055,5.561448574066162,170900,0.0,0.0
2025-12-22 00:00:00-05:00,5.589969635009766,5.589969635009766,5.570956151352611,5.589969635009766,147400,0.0,0.0
2025-12-23 00:00:00-05:00,5.589969660978736,5.589969660978736,5.5234222412109375,5.5234222412109375,289600,0.0,0.0
2025-12-24 00:00:00-05:00,5.542435777615768,5.580462745468034,5.542435777615768,5.570956230163574,87800,0.0,0.0
2025-12-26 00:00:00-05:00,5.589969714089707,5.589969714089707,5.551942746237441,5.570956230163574,196900,0.0,0.0
2025-12-29 00:00:00-05:00,5.570955541512637,5.570955541512637,5.532928578361055,5.561448574066162,277300,0.0,0.0
2025-12-30 00:00:00-05:00,5.542271864945431,5.580626649569958,5.542271864945431,5.551860332489014,211500,0.05,0.0
2025-12-31 00:00:00-05:00,5.542272902192418,5.580627693995119,5.484740257263184,5.484740257263184,405800,0.0,0.0
2026-01-02 00:00:00-05:00,5.513506057421569,5.5326834515062036,5.427207555428144,5.465562343597412,458800,0.0,0.0
2026-01-05 00:00:00-05:00,5.4751512692523,5.494328663336935,5.455973875167666,5.465562343597412,395200,0.0,0.0
2026-01-06 00:00:00-05:00,5.4559737118193805,5.494328498840332,5.4559737118193805,5.494328498840332,312400,0.0,0.0
2026-01-07 00:00:00-05:00,5.494327976863128,5.494327976863128,5.455973193485993,5.4751505851745605,322000,0.0,0.0
2026-01-08 00:00:00-05:00,5.47515135429346,5.503917217254639,5.47515135429346,5.503917217254639,203200,0.0,0.0
2026-01-09 00:00:00-05:00,5.5039166230958045,5.551860332489014,5.5039166230958045,5.551860332489014,222400,0.0,0.0
2026-01-12 00:00:00-05:00,5.503916966983007,5.52309481771861,5.475151105329856,5.494328498840332,540600,0.0,0.0
2026-01-13 00:00:00-05:00,5.503917010225806,5.513505935668945,5.47515114834665,5.513505935668945,416100,0.0,0.0
2026-01-14 00:00:00-05:00,5.494328111344478,5.5326828956604,5.494328111344478,5.5326828956604,350600,0.0,0.0
2026-01-15 00:00:00-05:00,5.523094697817712,5.561449484006019,5.503916847498441,5.542272090911865,515900,0.0,0.0
2026-01-16 00:00:00-05:00,5.52309481771861,5.542272211229085,5.484739573472531,5.494328498840332,1706700,0.0,0.0
2026-01-20 00:00:00-05:00,5.475150746926877,5.494328139182002,5.427207037676515,5.446384429931641,345900,0.0,0.0
2026-01-21 00:00:00-05:00,5.484739822872137,5.503917217254639,5.455973959910958,5.503917217254639,332800,0.0,0.0
2026-01-22 00:00:00-05:00,5.513505503502439,5.542271820351929,5.48473918665295,5.5326828956604,257700,0.0,0.0
2026-01-23 00:00:00-05:00,5.523095068862288,5.532683537440965,5.503917217254639,5.503917217254639,153600,0.0,0.0
2026-01-26 00:00:00-05:00,5.523094428193968,5.551860287818362,5.523094428193968,5.5326828956604,194300,0.0,0.0
2026-01-27 00:00:00-05:00,5.542271864945431,5.561449257257695,5.542271864945431,5.551860332489014,169300,0.0,0.0
2026-01-28 00:00:00-05:00,5.532683285861284,5.542272211229085,5.494328498840332,5.494328498840332,270000,0.0,0.0
2026-01-29 00:00:00-05:00,5.5039166230958045,5.551860332489014,5.5039166230958045,5.551860332489014,210500,0.0,0.0
2026-01-30 00:00:00-05:00,5.523094472633167,5.561449257257695,5.513505547864486,5.551860332489014,216400,0.0,0.0
2026-02-02 00:00:00-05:00,5.542188662452279,5.619566440582275,5.542188662452279,5.619566440582275,273900,0.05,0.0
2026-02-03 00:00:00-05:00,5.590550004387495,5.619566440582275,5.571205559854996,5.619566440582275,303100,0.0,0.0
2026-02-04 00:00:00-05:00,5.609894086155882,5.609894086155882,5.600221633911133,5.600221633911133,197700,0.0,0.0
2026-02-05 00:00:00-05:00,5.590549945831299,5.638910826052039,5.580877493062391,5.590549945831299,286900,0.0,0.0
2026-02-06 00:00:00-05:00,5.629238079512364,5.67759895324707,5.629238079512364,5.67759895324707,333000,0.0,0.0
2026-02-09 00:00:00-05:00,5.667926962983278,5.7066158464541905,5.667926962983278,5.67759895324707,272300,0.0,0.0
2026-02-10 00:00:00-05:00,5.687272548675537,5.706616994301999,5.677600095258324,5.687272548675537,228500,0.0,0.0
2026-02-11 00:00:00-05:00,5.706616150700837,5.706616150700837,5.658254813179888,5.667927265167236,208400,0.0,0.0
2026-02-12 00:00:00-05:00,5.677599598834066,5.677599598834066,5.609894275665283,5.609894275665283,204400,0.0,0.0
2026-02-13 00:00:00-05:00,5.6195656280407,5.67759895324707,5.6195656280407,5.67759895324707,225100,0.0,0.0
2026-02-17 00:00:00-05:00,5.69694394925963,5.706616401672363,5.658255062024529,5.706616401672363,406000,0.0,0.0
2026-02-18 00:00:00-05:00,5.706616575090616,5.735633010794764,5.706616575090616,5.7162885665893555,247700,0.0,0.0
2026-02-19 00:00:00-05:00,5.725961439928462,5.725961439928462,5.687272548675537,5.687272548675537,328000,0.0,0.0
2026-02-20 00:00:00-05:00,5.716288339384273,5.754977226257324,5.716288339384273,5.754977226257324,338500,0.0,0.0
2026-02-23 00:00:00-05:00,5.7646497927568054,5.7646497927568054,5.725960905117465,5.73563289642334,282400,0.0,0.0
2026-02-24 00:00:00-05:00,5.745305423939272,5.764649868011475,5.735632971299207,5.764649868011475,318400,0.0,0.0
2026-02-25 00:00:00-05:00,5.783993721008301,5.793665711452043,5.745304836817573,5.783993721008301,266200,0.0,0.0
2026-02-26 00:00:00-05:00,5.793666362762451,5.803338815501427,5.77432191849243,5.793666362762451,274800,0.0,0.0
2026-02-27 00:00:00-05:00,5.783993609121126,5.83235494402796,5.774321157656611,5.803338050842285,462200,0.0,0.0
2026-03-02 00:00:00-05:00,5.78383145489377,5.822845458984375,5.764324452848467,5.822845458984375,314000,0.05,0.0
2026-03-03 00:00:00-05:00,5.774077892303467,5.793584893355157,5.715556889148395,5.774077892303467,426600,0.0,0.0
2026-03-04 00:00:00-05:00,5.793585229566773,5.813092231750488,5.774078227383058,5.813092231750488,137400,0.0,0.0
2026-03-05 00:00:00-05:00,5.803337918660287,5.803337918660287,5.705802917480469,5.705802917480469,198300,0.0,0.0
2026-03-06 00:00:00-05:00,5.686296363198138,5.725310366729778,5.666789361432317,5.715557098388672,193700,0.0,0.0
2026-03-09 00:00:00-04:00,5.696050309463328,5.696050309463328,5.618022299484426,5.657036304473877,316300,0.0,0.0
2026-03-10 00:00:00-04:00,5.647282458796221,5.7155571987168585,5.608268454579747,5.686296463012695,299300,0.0,0.0
2026-03-11 00:00:00-04:00,5.666789124515947,5.715556859433428,5.637528855632331,5.647282123565674,306100,0.0,0.0
2026-03-12 00:00:00-04:00,5.60826836079468,5.637529096009527,5.579007625579834,5.579007625579834,310400,0.0,0.0
2026-03-13 00:00:00-04:00,5.598514556884766,5.647282293267726,5.559500553811838,5.598514556884766,311600,0.0,0.0
2026-03-16 00:00:00-04:00,5.637529161062367,5.705803435545496,5.618022159055242,5.69605016708374,344600,0.0,0.0
2026-03-17 00:00:00-04:00,5.715557390702701,5.774078398993135,5.715557390702701,5.76432466506958,301600,0.0,0.0
2026-03-18 00:00:00-04:00,5.7643244415668695,5.774078175112239,5.69605016708374,5.69605016708374,186600,0.0,0.0
2026-03-19 00:00:00-04:00,5.6667889170085415,5.715556650140236,5.657035649432345,5.705802917480469,204700,0.0,0.0
2026-03-20 00:00:00-04:00,5.696050101355612,5.696050101355612,5.579007625579834,5.579007625579834,236100,0.0,0.0
2026-03-23 00:00:00-04:00,5.608268737792969,5.6375294749747775,5.598515003704486,5.608268737792969,236200,0.0,0.0
2026-03-24 00:00:00-04:00,5.608268524651866,5.666789531707764,5.598514790934072,5.666789531707764,213700,0.0,0.0
2026-03-25 00:00:00-04:00,5.696049649904273,5.725309917716433,5.676542649668309,5.705802917480469,204400,0.0,0.0
2026-03-26 00:00:00-04:00,5.686296750166272,5.71555748734808,5.608268737792969,5.608268737792969,228900,0.0,0.0
2026-03-27 00:00:00-04:00,5.569254159882518,5.579007427886118,5.500979423522949,5.500979423522949,261000,0.0,0.0
2026-03-30 00:00:00-04:00,5.500979564091611,5.530240299017306,5.461965560913086,5.461965560913086,277800,0.0,0.0
2026-03-31 00:00:00-04:00,5.46196568412832,5.60826843189,5.46196568412832,5.559500694274902,304400,0.0,0.0
2026-04-01 00:00:00-04:00,5.5595011711120605,5.618540064301286,5.549661120980815,5.5595011711120605,343900,0.05,0.0
2026-04-02 00:00:00-04:00,5.500462400506408,5.559501295011378,5.490622350155867,5.52998161315918,285600,0.0,0.0
2026-04-06 00:00:00-04:00,5.529981405957843,5.5890202982507,5.529981405957843,5.579180717468262,152400,0.0,0.0
2026-04-07 00:00:00-04:00,5.5496610749716595,5.589020336771505,5.520141863221482,5.569340705871582,258200,0.0,0.0
2026-04-08 00:00:00-04:00,5.63821919064645,5.677578449249268,5.63821919064645,5.677578449249268,278000,0.0,0.0
2026-04-09 00:00:00-04:00,5.677578720194411,5.756297241156649,5.66773913967383,5.726778030395508,327900,0.0,0.0
2026-04-10 00:00:00-04:00,5.7562978067119435,5.805497121746864,5.687419328702385,5.707098960876465,528200,0.0,0.0
2026-04-13 00:00:00-04:00,5.70709870605887,5.766137599945068,5.68741907476347,5.766137599945068,291500,0.0,0.0
2026-04-14 00:00:00-04:00,5.7759773549461,5.835016250610352,5.766137773601775,5.835016250610352,196700,0.0,0.0
2026-04-15 00:00:00-04:00,5.854695758228335,5.864535808563232,5.8054969141521235,5.864535808563232,305200,0.0,0.0
2026-04-16 00:00:00-04:00,5.874375389698705,5.884215440033602,5.815336495287596,5.864535808563232,310700,0.0,0.0
2026-04-17 00:00:00-04:00,5.884215186387723,5.923574447631836,5.864535555765666,5.923574447631836,309300,0.0,0.0
2026-04-20 00:00:00-04:00,5.913734595120106,5.913734595120106,5.864535286226506,5.874374866485596,158700,0.0,0.0
2026-04-21 00:00:00-04:00,5.894054710934827,5.9038947607517915,5.805496608579142,5.825176239013672,173500,0.0,0.0
2026-04-22 00:00:00-04:00,5.864535808563232,5.874375389698705,5.835016126757965,5.864535808563232,133800,0.0,0.0
2026-04-23 00:00:00-04:00,5.854695365845895,5.884215045672749,5.815336105543019,5.844855785369873,173800,0.0,0.0
2026-04-24 00:00:00-04:00,5.864535601335175,5.9137349128723145,5.844855970560201,5.9137349128723145,206900,0.0,0.0
2026-04-27 00:00:00-04:00,5.91373478307319,5.953094043759251,5.8940546835307615,5.943253993988037,386300,0.0,0.0
2026-04-28 00:00:00-04:00,5.93341441341622,5.943253993988037,5.8940546835307615,5.943253993988037,217900,0.0,0.0
2026-04-29 00:00:00-04:00,5.943253955876602,5.953094005584717,5.913734745151049,5.953094005584717,232200,0.0,0.0
2026-04-30 00:00:00-04:00,5.962933336570318,6.051491903439973,5.953093756473343,6.01213264465332,616600,0.0,0.0
2026-05-01 00:00:00-04:00,6.031974882997471,6.051816886965067,5.903001620672752,5.9129228591918945,410600,0.05,0.0
2026-05-04 00:00:00-04:00,5.912922834802176,5.952606842573679,5.893080830916425,5.942685604095459,293100,0.0,0.0
2026-05-05 00:00:00-04:00,5.942685604095459,5.962528081051899,5.922843600209708,5.942685604095459,222000,0.0,0.0
2026-05-06 00:00:00-04:00,5.982369899749756,5.9922906648501835,5.962527896478226,5.982369899749756,166100,0.0,0.0
2026-05-07 00:00:00-04:00,5.992291042157684,5.992291042157684,5.8533970105114435,5.90300178527832,283700,0.0,0.0
2026-05-08 00:00:00-04:00,5.932764960781062,5.99229097366333,5.893080952192884,5.99229097366333,352000,0.0,0.0
2026-05-11 00:00:00-04:00,6.002211879591617,6.01213264465332,5.962527873203464,6.01213264465332,162900,0.0,0.0
2026-05-12 00:00:00-04:00,6.002211903021286,6.002211903021286,5.942685420136022,5.982369899749756,184700,0.0,0.0
2026-05-13 00:00:00-04:00,5.982370208051635,6.022054216639813,5.952606965075152,5.99229097366333,160100,0.0,0.0
2026-05-14 00:00:00-04:00,6.012132932022638,6.051816940307617,6.012132932022638,6.051816940307617,318700,0.0,0.0
2026-05-15 00:00:00-04:00,6.031974691357846,6.031974691357846,5.952606678009033,5.952606678009033,371800,0.0,0.0
2026-05-18 00:00:00-04:00,5.982370162344251,6.051816940307617,5.962528158201762,6.051816940307617,381100,0.0,0.0
2026-05-19 00:00:00-04:00,6.041896010617795,6.0716587794875485,6.002212003411001,6.061738014221191,340400,0.0,0.0
2026-05-20 00:00:00-04:00,6.07165871223458,6.151026725769043,6.041895943694494,6.151026725769043,314500,0.0,0.0
2026-05-21 00:00:00-04:00,6.141106083990162,6.210553333763382,6.091500837999192,6.200632095336914,507800,0.0,0.0
2026-05-22 00:00:00-04:00,6.200631907789851,6.260157917336153,6.170868666481364,6.240315914154053,391600,0.0,0.0
2026-05-26 00:00:00-04:00,6.289921115810186,6.3196838838453155,6.270079112763209,6.29984188079834,410100,0.0,0.0
2026-05-27 00:00:00-04:00,6.3196838838453155,6.3196838838453155,6.230395106669256,6.29984188079834,283300,0.0,0.0
2026-05-28 00:00:00-04:00,6.309763118857162,6.309763118857162,6.260157874704387,6.29984188079834,414800,0.0,0.0
2026-05-29 00:00:00-04:00,6.3196842180006065,6.359368226192864,6.28000020980835,6.28000020980835,432100,0.0,0.0
2026-06-01 00:00:00-04:00,6.28000020980835,6.28000020980835,6.210000038146973,6.21999979019165,381000,0.05,0.0
2026-06-02 00:00:00-04:00,6.21999979019165,6.25,6.190000057220459,6.199999809265137,243400,0.0,0.0
2026-06-03 00:00:00-04:00,6.230000019073486,6.230000019073486,6.170000076293945,6.190000057220459,341400,0.0,0.0
2026-06-04 00:00:00-04:00,6.199999809265137,6.239999771118164,6.179999828338623,6.199999809265137,372800,0.0,0.0
2026-06-05 00:00:00-04:00,6.190000057220459,6.190000057220459,6.079999923706055,6.110000133514404,348600,0.0,0.0
2026-06-08 00:00:00-04:00,6.139999866485596,6.159999847412109,6.099999904632568,6.139999866485596,316000,0.0,0.0
2026-06-09 00:00:00-04:00,6.159999847412109,6.199999809265137,6.110000133514404,6.179999828338623,459800,0.0,0.0
2026-06-10 00:00:00-04:00,6.179999828338623,6.21999979019165,6.179999828338623,6.199999809265137,340200,0.0,0.0
2026-06-11 00:00:00-04:00,6.21999979019165,6.25,6.170000076293945,6.21999979019165,213600,0.0,0.0
2026-06-12 00:00:00-04:00,6.239999771118164,6.25,6.159999847412109,6.239999771118164,316300,0.0,0.0
