Date,Open,High,Low,Close,Volume,Dividends,Stock Splits
2001-06-29 00:00:00-04:00,0.30000001192092896,0.30000001192092896,0.30000001192092896,0.30000001192092896,0,0.0,0.0
2001-07-02 00:00:00-04:00,0.30000001192092896,0.30000001192092896,0.30000001192092896,0.30000001192092896,0,0.0,0.0
2001-07-03 00:00:00-04:00,0.30000001192092896,0.30000001192092896,0.30000001192092896,0.30000001192092896,0,0.0,0.0
2001-07-05 00:00:00-04:00,0.30000001192092896,0.30000001192092896,0.30000001192092896,0.30000001192092896,0,0.0,0.0
2001-07-06 00:00:00-04:00,0.30000001192092896,0.30000001192092896,0.30000001192092896,0.30000001192092896,0,0.0,0.0
2001-07-09 00:00:00-04:00,0.30000001192092896,0.30000001192092896,0.30000001192092896,0.30000001192092896,0,0.0,0.0
2001-07-10 00:00:00-04:00,0.30000001192092896,0.30000001192092896,0.30000001192092896,0.30000001192092896,0,0.0,0.0
2001-07-11 00:00:00-04:00,0.30000001192092896,0.30000001192092896,0.30000001192092896,0.30000001192092896,0,0.0,0.0
2001-07-12 00:00:00-04:00,0.30000001192092896,0.30000001192092896,0.30000001192092896,0.30000001192092896,0,0.0,0.0
2001-07-13 00:00:00-04:00,0.30000001192092896,0.30000001192092896,0.30000001192092896,0.30000001192092896,0,0.0,0.0
2001-07-16 00:00:00-04:00,0.30000001192092896,0.30000001192092896,0.30000001192092896,0.30000001192092896,0,0.0,0.0
2001-07-17 00:00:00-04:00,0.30000001192092896,0.30000001192092896,0.30000001192092896,0.30000001192092896,0,0.0,0.0
2001-07-18 00:00:00-04:00,0.30000001192092896,0.30000001192092896,0.30000001192092896,0.30000001192092896,0,0.0,0.0
2001-07-19 00:00:00-04:00,0.30000001192092896,0.30000001192092896,0.30000001192092896,0.30000001192092896,0,0.0,0.0
2001-07-20 00:00:00-04:00,0.30000001192092896,0.30000001192092896,0.30000001192092896,0.30000001192092896,0,0.0,0.0
2001-07-23 00:00:00-04:00,0.30000001192092896,0.30000001192092896,0.30000001192092896,0.30000001192092896,0,0.0,0.0
2001-07-24 00:00:00-04:00,0.30000001192092896,0.30000001192092896,0.30000001192092896,0.30000001192092896,0,0.0,0.0
2001-07-25 00:00:00-04:00,0.30000001192092896,0.30000001192092896,0.30000001192092896,0.30000001192092896,0,0.0,0.0
2001-07-26 00:00:00-04:00,0.30000001192092896,0.30000001192092896,0.30000001192092896,0.30000001192092896,0,0.0,0.0
2001-07-27 00:00:00-04:00,0.30000001192092896,0.30000001192092896,0.30000001192092896,0.30000001192092896,0,0.0,0.0
2001-07-30 00:00:00-04:00,0.30000001192092896,0.30000001192092896,0.30000001192092896,0.30000001192092896,0,0.0,0.0
2001-07-31 00:00:00-04:00,0.2800000011920929,0.2800000011920929,0.2800000011920929,0.2800000011920929,0,0.0,0.0
2001-08-01 00:00:00-04:00,0.2800000011920929,0.2800000011920929,0.2800000011920929,0.2800000011920929,0,0.0,0.0
2001-08-02 00:00:00-04:00,0.2800000011920929,0.2800000011920929,0.2800000011920929,0.2800000011920929,0,0.0,0.0
2001-08-03 00:00:00-04:00,0.2800000011920929,0.2800000011920929,0.2800000011920929,0.2800000011920929,0,0.0,0.0
2001-08-06 00:00:00-04:00,0.2800000011920929,0.2800000011920929,0.2800000011920929,0.2800000011920929,0,0.0,0.0
2001-08-07 00:00:00-04:00,0.2800000011920929,0.2800000011920929,0.2800000011920929,0.2800000011920929,0,0.0,0.0
2001-08-08 00:00:00-04:00,0.2800000011920929,0.2800000011920929,0.2800000011920929,0.2800000011920929,0,0.0,0.0
2001-08-09 00:00:00-04:00,0.2800000011920929,0.2800000011920929,0.2800000011920929,0.2800000011920929,0,0.0,0.0
2001-08-10 00:00:00-04:00,0.2800000011920929,0.2800000011920929,0.2800000011920929,0.2800000011920929,0,0.0,0.0
2001-08-13 00:00:00-04:00,0.2800000011920929,0.2800000011920929,0.2800000011920929,0.2800000011920929,0,0.0,0.0
2001-08-14 00:00:00-04:00,0.2800000011920929,0.2800000011920929,0.2800000011920929,0.2800000011920929,0,0.0,0.0
2001-08-15 00:00:00-04:00,0.2800000011920929,0.2800000011920929,0.2800000011920929,0.2800000011920929,0,0.0,0.0
2001-08-16 00:00:00-04:00,0.2800000011920929,0.2800000011920929,0.2800000011920929,0.2800000011920929,0,0.0,0.0
2001-08-17 00:00:00-04:00,0.2800000011920929,0.2800000011920929,0.2800000011920929,0.2800000011920929,0,0.0,0.0
2001-08-20 00:00:00-04:00,0.2800000011920929,0.2800000011920929,0.2800000011920929,0.2800000011920929,0,0.0,0.0
2001-08-21 00:00:00-04:00,0.2800000011920929,0.2800000011920929,0.2800000011920929,0.2800000011920929,0,0.0,0.0
2001-08-22 00:00:00-04:00,0.2800000011920929,0.2800000011920929,0.2800000011920929,0.2800000011920929,0,0.0,0.0
2001-08-23 00:00:00-04:00,0.2800000011920929,0.2800000011920929,0.2800000011920929,0.2800000011920929,0,0.0,0.0
2001-08-24 00:00:00-04:00,0.2800000011920929,0.2800000011920929,0.2800000011920929,0.2800000011920929,0,0.0,0.0
2001-08-27 00:00:00-04:00,0.2800000011920929,0.2800000011920929,0.2800000011920929,0.2800000011920929,0,0.0,0.0
2001-08-28 00:00:00-04:00,0.2800000011920929,0.2800000011920929,0.2800000011920929,0.2800000011920929,0,0.0,0.0
2001-08-29 00:00:00-04:00,0.2800000011920929,0.2800000011920929,0.2800000011920929,0.2800000011920929,0,0.0,0.0
2001-08-30 00:00:00-04:00,0.2800000011920929,0.2800000011920929,0.2800000011920929,0.2800000011920929,0,0.0,0.0
2001-08-31 00:00:00-04:00,0.2800000011920929,0.2800000011920929,0.2800000011920929,0.2800000011920929,0,0.0,0.0
2001-09-04 00:00:00-04:00,0.2800000011920929,0.2800000011920929,0.2800000011920929,0.2800000011920929,0,0.0,0.0
2001-09-05 00:00:00-04:00,0.2800000011920929,0.2800000011920929,0.2800000011920929,0.2800000011920929,0,0.0,0.0
2001-09-06 00:00:00-04:00,0.2800000011920929,0.2800000011920929,0.2800000011920929,0.2800000011920929,0,0.0,0.0
2001-09-07 00:00:00-04:00,0.2800000011920929,0.2800000011920929,0.2800000011920929,0.2800000011920929,0,0.0,0.0
2001-09-10 00:00:00-04:00,0.2800000011920929,0.2800000011920929,0.2800000011920929,0.2800000011920929,0,0.0,0.0
2001-09-17 00:00:00-04:00,0.2800000011920929,0.2800000011920929,0.2800000011920929,0.2800000011920929,0,0.0,0.0
2001-09-18 00:00:00-04:00,0.2800000011920929,0.2800000011920929,0.2800000011920929,0.2800000011920929,0,0.0,0.0
2001-09-19 00:00:00-04:00,0.2800000011920929,0.2800000011920929,0.2800000011920929,0.2800000011920929,0,0.0,0.0
2001-09-20 00:00:00-04:00,0.2800000011920929,0.2800000011920929,0.2800000011920929,0.2800000011920929,0,0.0,0.0
2001-09-21 00:00:00-04:00,0.2800000011920929,0.2800000011920929,0.2800000011920929,0.2800000011920929,0,0.0,0.0
2001-09-24 00:00:00-04:00,0.2800000011920929,0.2800000011920929,0.2800000011920929,0.2800000011920929,0,0.0,0.0
2001-09-25 00:00:00-04:00,0.2800000011920929,0.2800000011920929,0.2800000011920929,0.2800000011920929,0,0.0,0.0
2001-09-26 00:00:00-04:00,0.2800000011920929,0.2800000011920929,0.2800000011920929,0.2800000011920929,0,0.0,0.0
2001-09-27 00:00:00-04:00,0.2800000011920929,0.2800000011920929,0.2800000011920929,0.2800000011920929,0,0.0,0.0
2001-09-28 00:00:00-04:00,0.2800000011920929,0.2800000011920929,0.2800000011920929,0.2800000011920929,0,0.0,0.0
2001-10-01 00:00:00-04:00,0.2800000011920929,0.2800000011920929,0.2800000011920929,0.2800000011920929,0,0.0,0.0
2001-10-02 00:00:00-04:00,0.2800000011920929,0.2800000011920929,0.2800000011920929,0.2800000011920929,0,0.0,0.0
2001-10-03 00:00:00-04:00,0.2800000011920929,0.2800000011920929,0.2800000011920929,0.2800000011920929,0,0.0,0.0
2001-10-04 00:00:00-04:00,0.2800000011920929,0.2800000011920929,0.2800000011920929,0.2800000011920929,0,0.0,0.0
2001-10-05 00:00:00-04:00,0.2800000011920929,0.2800000011920929,0.2800000011920929,0.2800000011920929,0,0.0,0.0
2001-10-08 00:00:00-04:00,0.2800000011920929,0.2800000011920929,0.2800000011920929,0.2800000011920929,0,0.0,0.0
2001-10-09 00:00:00-04:00,0.2800000011920929,0.2800000011920929,0.2800000011920929,0.2800000011920929,0,0.0,0.0
2001-10-10 00:00:00-04:00,0.2800000011920929,0.2800000011920929,0.2800000011920929,0.2800000011920929,0,0.0,0.0
2001-10-11 00:00:00-04:00,0.2800000011920929,0.2800000011920929,0.2800000011920929,0.2800000011920929,0,0.0,0.0
2001-10-12 00:00:00-04:00,0.2800000011920929,0.2800000011920929,0.2800000011920929,0.2800000011920929,0,0.0,0.0
2001-10-15 00:00:00-04:00,0.2800000011920929,0.2800000011920929,0.2800000011920929,0.2800000011920929,0,0.0,0.0
2001-10-16 00:00:00-04:00,0.2800000011920929,0.2800000011920929,0.2800000011920929,0.2800000011920929,0,0.0,0.0
2001-10-17 00:00:00-04:00,0.2800000011920929,0.2800000011920929,0.2800000011920929,0.2800000011920929,0,0.0,0.0
2001-10-18 00:00:00-04:00,0.2800000011920929,0.2800000011920929,0.2800000011920929,0.2800000011920929,0,0.0,0.0
2001-10-19 00:00:00-04:00,0.2800000011920929,0.2800000011920929,0.2800000011920929,0.2800000011920929,0,0.0,0.0
2001-10-22 00:00:00-04:00,0.2800000011920929,0.2800000011920929,0.2800000011920929,0.2800000011920929,0,0.0,0.0
2001-10-23 00:00:00-04:00,0.2800000011920929,0.2800000011920929,0.2800000011920929,0.2800000011920929,0,0.0,0.0
2001-10-24 00:00:00-04:00,0.2800000011920929,0.2800000011920929,0.2800000011920929,0.2800000011920929,0,0.0,0.0
2001-10-25 00:00:00-04:00,0.2800000011920929,0.2800000011920929,0.2800000011920929,0.2800000011920929,0,0.0,0.0
2001-10-26 00:00:00-04:00,0.2800000011920929,0.2800000011920929,0.2800000011920929,0.2800000011920929,0,0.0,0.0
2001-10-29 00:00:00-05:00,0.2800000011920929,0.2800000011920929,0.2800000011920929,0.2800000011920929,0,0.0,0.0
2001-10-30 00:00:00-05:00,0.2800000011920929,0.2800000011920929,0.2800000011920929,0.2800000011920929,0,0.0,0.0
2001-10-31 00:00:00-05:00,0.2800000011920929,0.2800000011920929,0.2800000011920929,0.2800000011920929,0,0.0,0.0
2001-11-01 00:00:00-05:00,0.2800000011920929,0.2800000011920929,0.2800000011920929,0.2800000011920929,0,0.0,0.0
2001-11-02 00:00:00-05:00,0.2800000011920929,0.2800000011920929,0.2800000011920929,0.2800000011920929,0,0.0,0.0
2001-11-05 00:00:00-05:00,0.2800000011920929,0.2800000011920929,0.2800000011920929,0.2800000011920929,0,0.0,0.0
2001-11-06 00:00:00-05:00,0.2800000011920929,0.2800000011920929,0.2800000011920929,0.2800000011920929,0,0.0,0.0
2001-11-07 00:00:00-05:00,0.2800000011920929,0.2800000011920929,0.2800000011920929,0.2800000011920929,0,0.0,0.0
2001-11-08 00:00:00-05:00,0.4000000059604645,0.4000000059604645,0.4000000059604645,0.4000000059604645,0,0.0,0.0
2001-11-09 00:00:00-05:00,0.4000000059604645,0.4000000059604645,0.4000000059604645,0.4000000059604645,0,0.0,0.0
2001-11-12 00:00:00-05:00,0.4000000059604645,0.4000000059604645,0.4000000059604645,0.4000000059604645,0,0.0,0.0
2001-11-13 00:00:00-05:00,0.4000000059604645,0.4000000059604645,0.4000000059604645,0.4000000059604645,0,0.0,0.0
2001-11-14 00:00:00-05:00,0.4000000059604645,0.4000000059604645,0.4000000059604645,0.4000000059604645,0,0.0,0.0
2001-11-15 00:00:00-05:00,0.4000000059604645,0.4000000059604645,0.4000000059604645,0.4000000059604645,0,0.0,0.0
2001-11-16 00:00:00-05:00,0.4000000059604645,0.4000000059604645,0.4000000059604645,0.4000000059604645,0,0.0,0.0
2001-11-19 00:00:00-05:00,0.4000000059604645,0.4000000059604645,0.4000000059604645,0.4000000059604645,0,0.0,0.0
2001-11-20 00:00:00-05:00,0.4000000059604645,0.4000000059604645,0.4000000059604645,0.4000000059604645,0,0.0,0.0
2001-11-21 00:00:00-05:00,0.4000000059604645,0.4000000059604645,0.4000000059604645,0.4000000059604645,0,0.0,0.0
2001-11-23 00:00:00-05:00,0.4000000059604645,0.4000000059604645,0.4000000059604645,0.4000000059604645,0,0.0,0.0
2001-11-26 00:00:00-05:00,0.4000000059604645,0.4000000059604645,0.4000000059604645,0.4000000059604645,0,0.0,0.0
2001-11-27 00:00:00-05:00,0.4000000059604645,0.4000000059604645,0.4000000059604645,0.4000000059604645,0,0.0,0.0
2001-11-28 00:00:00-05:00,0.4000000059604645,0.4000000059604645,0.4000000059604645,0.4000000059604645,0,0.0,0.0
2001-11-29 00:00:00-05:00,0.4000000059604645,0.4000000059604645,0.4000000059604645,0.4000000059604645,0,0.0,0.0
2001-11-30 00:00:00-05:00,0.4000000059604645,0.4000000059604645,0.4000000059604645,0.4000000059604645,0,0.0,0.0
2001-12-03 00:00:00-05:00,0.4000000059604645,0.4000000059604645,0.4000000059604645,0.4000000059604645,0,0.0,0.0
2001-12-04 00:00:00-05:00,0.4000000059604645,0.4000000059604645,0.4000000059604645,0.4000000059604645,0,0.0,0.0
2001-12-05 00:00:00-05:00,0.4000000059604645,0.4000000059604645,0.4000000059604645,0.4000000059604645,0,0.0,0.0
2001-12-06 00:00:00-05:00,0.4000000059604645,0.4000000059604645,0.4000000059604645,0.4000000059604645,0,0.0,0.0
2001-12-07 00:00:00-05:00,0.4000000059604645,0.4000000059604645,0.4000000059604645,0.4000000059604645,0,0.0,0.0
2001-12-10 00:00:00-05:00,0.4000000059604645,0.4000000059604645,0.4000000059604645,0.4000000059604645,0,0.0,0.0
2001-12-11 00:00:00-05:00,0.4000000059604645,0.4000000059604645,0.4000000059604645,0.4000000059604645,0,0.0,0.0
2001-12-12 00:00:00-05:00,0.4000000059604645,0.4000000059604645,0.4000000059604645,0.4000000059604645,0,0.0,0.0
2001-12-13 00:00:00-05:00,0.4000000059604645,0.4000000059604645,0.4000000059604645,0.4000000059604645,0,0.0,0.0
2001-12-14 00:00:00-05:00,0.4000000059604645,0.4000000059604645,0.4000000059604645,0.4000000059604645,0,0.0,0.0
2001-12-17 00:00:00-05:00,0.4000000059604645,0.4000000059604645,0.4000000059604645,0.4000000059604645,0,0.0,0.0
2001-12-18 00:00:00-05:00,0.4000000059604645,0.4000000059604645,0.4000000059604645,0.4000000059604645,0,0.0,0.0
2001-12-19 00:00:00-05:00,0.4000000059604645,0.4000000059604645,0.4000000059604645,0.4000000059604645,0,0.0,0.0
2001-12-20 00:00:00-05:00,0.4000000059604645,0.4000000059604645,0.4000000059604645,0.4000000059604645,0,0.0,0.0
2001-12-21 00:00:00-05:00,0.4000000059604645,0.4000000059604645,0.4000000059604645,0.4000000059604645,0,0.0,0.0
2001-12-24 00:00:00-05:00,0.4000000059604645,0.4000000059604645,0.4000000059604645,0.4000000059604645,0,0.0,0.0
2001-12-26 00:00:00-05:00,0.4000000059604645,0.4000000059604645,0.4000000059604645,0.4000000059604645,0,0.0,0.0
2001-12-27 00:00:00-05:00,0.4000000059604645,0.4000000059604645,0.4000000059604645,0.4000000059604645,0,0.0,0.0
2001-12-28 00:00:00-05:00,0.4000000059604645,0.4000000059604645,0.4000000059604645,0.4000000059604645,0,0.0,0.0
2001-12-31 00:00:00-05:00,0.4000000059604645,0.4000000059604645,0.4000000059604645,0.4000000059604645,0,0.0,0.0
2002-01-02 00:00:00-05:00,0.4000000059604645,0.4000000059604645,0.4000000059604645,0.4000000059604645,0,0.0,0.0
2002-01-03 00:00:00-05:00,0.4000000059604645,0.4000000059604645,0.4000000059604645,0.4000000059604645,0,0.0,0.0
2002-01-04 00:00:00-05:00,0.4000000059604645,0.4000000059604645,0.4000000059604645,0.4000000059604645,0,0.0,0.0
2002-01-07 00:00:00-05:00,0.4000000059604645,0.4000000059604645,0.4000000059604645,0.4000000059604645,0,0.0,0.0
2002-01-08 00:00:00-05:00,0.4000000059604645,0.4000000059604645,0.4000000059604645,0.4000000059604645,0,0.0,0.0
2002-01-09 00:00:00-05:00,0.4000000059604645,0.4000000059604645,0.4000000059604645,0.4000000059604645,0,0.0,0.0
2002-01-10 00:00:00-05:00,0.4000000059604645,0.4000000059604645,0.4000000059604645,0.4000000059604645,0,0.0,0.0
2002-01-11 00:00:00-05:00,0.3499999940395355,0.3499999940395355,0.3499999940395355,0.3499999940395355,0,0.0,0.0
2002-01-14 00:00:00-05:00,0.3499999940395355,0.3499999940395355,0.3499999940395355,0.3499999940395355,0,0.0,0.0
2002-01-15 00:00:00-05:00,0.3499999940395355,0.3499999940395355,0.3499999940395355,0.3499999940395355,0,0.0,0.0
2002-01-16 00:00:00-05:00,0.3499999940395355,0.3499999940395355,0.3499999940395355,0.3499999940395355,0,0.0,0.0
2002-01-17 00:00:00-05:00,0.3499999940395355,0.3499999940395355,0.3499999940395355,0.3499999940395355,0,0.0,0.0
2002-01-18 00:00:00-05:00,0.3499999940395355,0.3499999940395355,0.3499999940395355,0.3499999940395355,0,0.0,0.0
2002-01-22 00:00:00-05:00,0.3499999940395355,0.3499999940395355,0.3499999940395355,0.3499999940395355,0,0.0,0.0
2002-01-23 00:00:00-05:00,0.3700000047683716,0.3700000047683716,0.3700000047683716,0.3700000047683716,0,0.0,0.0
2002-01-24 00:00:00-05:00,0.38999998569488525,0.38999998569488525,0.38999998569488525,0.38999998569488525,0,0.0,0.0
2002-01-25 00:00:00-05:00,0.38999998569488525,0.38999998569488525,0.38999998569488525,0.38999998569488525,0,0.0,0.0
2002-01-28 00:00:00-05:00,0.38999998569488525,0.38999998569488525,0.38999998569488525,0.38999998569488525,0,0.0,0.0
2002-01-29 00:00:00-05:00,0.38999998569488525,0.38999998569488525,0.38999998569488525,0.38999998569488525,0,0.0,0.0
2002-01-30 00:00:00-05:00,0.38999998569488525,0.38999998569488525,0.38999998569488525,0.38999998569488525,0,0.0,0.0
2002-01-31 00:00:00-05:00,0.38999998569488525,0.38999998569488525,0.38999998569488525,0.38999998569488525,0,0.0,0.0
2002-02-01 00:00:00-05:00,0.4099999964237213,0.4099999964237213,0.4099999964237213,0.4099999964237213,0,0.0,0.0
2002-02-04 00:00:00-05:00,0.4099999964237213,0.4099999964237213,0.4099999964237213,0.4099999964237213,0,0.0,0.0
2002-02-05 00:00:00-05:00,0.4099999964237213,0.4099999964237213,0.4099999964237213,0.4099999964237213,0,0.0,0.0
2002-02-06 00:00:00-05:00,0.4099999964237213,0.4099999964237213,0.4099999964237213,0.4099999964237213,0,0.0,0.0
2002-02-07 00:00:00-05:00,0.4099999964237213,0.4099999964237213,0.4099999964237213,0.4099999964237213,0,0.0,0.0
2002-02-08 00:00:00-05:00,0.4099999964237213,0.4099999964237213,0.4099999964237213,0.4099999964237213,0,0.0,0.0
2002-02-11 00:00:00-05:00,0.4099999964237213,0.4099999964237213,0.4099999964237213,0.4099999964237213,0,0.0,0.0
2002-02-12 00:00:00-05:00,0.4099999964237213,0.4099999964237213,0.4099999964237213,0.4099999964237213,0,0.0,0.0
2002-02-13 00:00:00-05:00,0.4099999964237213,0.4099999964237213,0.4099999964237213,0.4099999964237213,0,0.0,0.0
2002-02-14 00:00:00-05:00,0.4099999964237213,0.4099999964237213,0.4099999964237213,0.4099999964237213,0,0.0,0.0
2002-02-15 00:00:00-05:00,0.5099999904632568,0.5099999904632568,0.5099999904632568,0.5099999904632568,0,0.0,0.0
2002-02-19 00:00:00-05:00,0.5400000214576721,0.5400000214576721,0.5400000214576721,0.5400000214576721,0,0.0,0.0
2002-02-20 00:00:00-05:00,0.5400000214576721,0.5400000214576721,0.5400000214576721,0.5400000214576721,0,0.0,0.0
2002-02-21 00:00:00-05:00,0.5099999904632568,0.5099999904632568,0.5099999904632568,0.5099999904632568,0,0.0,0.0
2002-02-22 00:00:00-05:00,0.47999998927116394,0.47999998927116394,0.47999998927116394,0.47999998927116394,0,0.0,0.0
2002-02-25 00:00:00-05:00,0.5099999904632568,0.5099999904632568,0.5099999904632568,0.5099999904632568,0,0.0,0.0
2002-02-26 00:00:00-05:00,0.5099999904632568,0.5099999904632568,0.5099999904632568,0.5099999904632568,0,0.0,0.0
2002-02-27 00:00:00-05:00,0.5099999904632568,0.5099999904632568,0.5099999904632568,0.5099999904632568,0,0.0,0.0
2002-02-28 00:00:00-05:00,0.5099999904632568,0.5099999904632568,0.5099999904632568,0.5099999904632568,0,0.0,0.0
2002-03-01 00:00:00-05:00,0.550000011920929,0.550000011920929,0.550000011920929,0.550000011920929,0,0.0,0.0
2002-03-04 00:00:00-05:00,0.47999998927116394,0.47999998927116394,0.47999998927116394,0.47999998927116394,0,0.0,0.0
2002-03-05 00:00:00-05:00,0.5099999904632568,0.5099999904632568,0.5099999904632568,0.5099999904632568,0,0.0,0.0
2002-03-06 00:00:00-05:00,0.5099999904632568,0.5099999904632568,0.5099999904632568,0.5099999904632568,0,0.0,0.0
2002-03-07 00:00:00-05:00,0.5099999904632568,0.5099999904632568,0.5099999904632568,0.5099999904632568,0,0.0,0.0
2002-03-08 00:00:00-05:00,0.5,0.5,0.5,0.5,0,0.0,0.0
2002-03-11 00:00:00-05:00,0.5400000214576721,0.5400000214576721,0.5400000214576721,0.5400000214576721,0,0.0,0.0
2002-03-12 00:00:00-05:00,0.5,0.5,0.5,0.5,0,0.0,0.0
2002-03-13 00:00:00-05:00,0.5199999809265137,0.5199999809265137,0.5199999809265137,0.5199999809265137,0,0.0,0.0
2002-03-14 00:00:00-05:00,0.49000000953674316,0.49000000953674316,0.49000000953674316,0.49000000953674316,0,0.0,0.0
2002-03-15 00:00:00-05:00,0.49000000953674316,0.49000000953674316,0.49000000953674316,0.49000000953674316,0,0.0,0.0
2002-03-18 00:00:00-05:00,0.4699999988079071,0.4699999988079071,0.4699999988079071,0.4699999988079071,0,0.0,0.0
2002-03-19 00:00:00-05:00,0.47999998927116394,0.47999998927116394,0.47999998927116394,0.47999998927116394,0,0.0,0.0
2002-03-20 00:00:00-05:00,0.47999998927116394,0.47999998927116394,0.47999998927116394,0.47999998927116394,0,0.0,0.0
2002-03-21 00:00:00-05:00,0.5199999809265137,0.5199999809265137,0.5199999809265137,0.5199999809265137,0,0.0,0.0
2002-03-22 00:00:00-05:00,0.5299999713897705,0.5299999713897705,0.5299999713897705,0.5299999713897705,0,0.0,0.0
2002-03-25 00:00:00-05:00,0.5299999713897705,0.5299999713897705,0.5299999713897705,0.5299999713897705,0,0.0,0.0
2002-03-26 00:00:00-05:00,0.5600000023841858,0.5600000023841858,0.5600000023841858,0.5600000023841858,0,0.0,0.0
2002-03-27 00:00:00-05:00,0.6000000238418579,0.6000000238418579,0.6000000238418579,0.6000000238418579,0,0.0,0.0
2002-03-28 00:00:00-05:00,0.7599999904632568,0.7599999904632568,0.7599999904632568,0.7599999904632568,0,0.0,0.0
2002-04-01 00:00:00-05:00,0.7599999904632568,0.7599999904632568,0.7599999904632568,0.7599999904632568,0,0.0,0.0
2002-04-02 00:00:00-05:00,0.7699999809265137,0.7699999809265137,0.7699999809265137,0.7699999809265137,0,0.0,0.0
2002-04-03 00:00:00-05:00,0.7200000286102295,0.7200000286102295,0.7200000286102295,0.7200000286102295,0,0.0,0.0
2002-04-04 00:00:00-05:00,0.7200000286102295,0.7200000286102295,0.7200000286102295,0.7200000286102295,0,0.0,0.0
2002-04-05 00:00:00-05:00,0.7200000286102295,0.7200000286102295,0.7200000286102295,0.7200000286102295,0,0.0,0.0
2002-04-08 00:00:00-04:00,0.75,0.75,0.75,0.75,0,0.0,0.0
2002-04-09 00:00:00-04:00,0.7099999785423279,0.7099999785423279,0.7099999785423279,0.7099999785423279,0,0.0,0.0
2002-04-10 00:00:00-04:00,0.7200000286102295,0.7200000286102295,0.7200000286102295,0.7200000286102295,0,0.0,0.0
2002-04-11 00:00:00-04:00,0.7200000286102295,0.7200000286102295,0.7200000286102295,0.7200000286102295,0,0.0,0.0
2002-04-12 00:00:00-04:00,0.6899999976158142,0.6899999976158142,0.6899999976158142,0.6899999976158142,0,0.0,0.0
2002-04-15 00:00:00-04:00,0.6899999976158142,0.6899999976158142,0.6899999976158142,0.6899999976158142,0,0.0,0.0
2002-04-16 00:00:00-04:00,0.6899999976158142,0.6899999976158142,0.6899999976158142,0.6899999976158142,0,0.0,0.0
2002-04-17 00:00:00-04:00,0.7400000095367432,0.7400000095367432,0.7400000095367432,0.7400000095367432,0,0.0,0.0
2002-04-18 00:00:00-04:00,0.7400000095367432,0.7400000095367432,0.7400000095367432,0.7400000095367432,0,0.0,0.0
2002-04-19 00:00:00-04:00,0.7400000095367432,0.7400000095367432,0.7400000095367432,0.7400000095367432,0,0.0,0.0
2002-04-22 00:00:00-04:00,0.75,0.75,0.75,0.75,0,0.0,0.0
2002-04-23 00:00:00-04:00,0.6899999976158142,0.6899999976158142,0.6899999976158142,0.6899999976158142,0,0.0,0.0
2002-04-24 00:00:00-04:00,0.7300000190734863,0.7300000190734863,0.7300000190734863,0.7300000190734863,0,0.0,0.0
2002-04-25 00:00:00-04:00,0.7599999904632568,0.7599999904632568,0.7599999904632568,0.7599999904632568,0,0.0,0.0
2002-04-26 00:00:00-04:00,0.7699999809265137,0.7699999809265137,0.7699999809265137,0.7699999809265137,0,0.0,0.0
2002-04-29 00:00:00-04:00,0.800000011920929,0.800000011920929,0.800000011920929,0.800000011920929,0,0.0,0.0
2002-04-30 00:00:00-04:00,0.800000011920929,0.800000011920929,0.800000011920929,0.800000011920929,0,0.0,0.0
2002-05-01 00:00:00-04:00,0.800000011920929,0.800000011920929,0.800000011920929,0.800000011920929,0,0.0,0.0
2002-05-02 00:00:00-04:00,0.800000011920929,0.800000011920929,0.800000011920929,0.800000011920929,0,0.0,0.0
2002-05-03 00:00:00-04:00,0.9100000262260437,0.9100000262260437,0.9100000262260437,0.9100000262260437,0,0.0,0.0
2002-05-06 00:00:00-04:00,0.9200000166893005,0.9200000166893005,0.9200000166893005,0.9200000166893005,0,0.0,0.0
2002-05-07 00:00:00-04:00,0.9200000166893005,0.9200000166893005,0.9200000166893005,0.9200000166893005,0,0.0,0.0
2002-05-08 00:00:00-04:00,0.9200000166893005,0.9200000166893005,0.9200000166893005,0.9200000166893005,0,0.0,0.0
2002-05-09 00:00:00-04:00,0.9200000166893005,0.9200000166893005,0.9200000166893005,0.9200000166893005,0,0.0,0.0
2002-05-10 00:00:00-04:00,0.9200000166893005,0.9200000166893005,0.9200000166893005,0.9200000166893005,0,0.0,0.0
2002-05-13 00:00:00-04:00,0.9200000166893005,0.9200000166893005,0.9200000166893005,0.9200000166893005,0,0.0,0.0
2002-05-14 00:00:00-04:00,0.800000011920929,0.800000011920929,0.800000011920929,0.800000011920929,0,0.0,0.0
2002-05-15 00:00:00-04:00,0.8100000023841858,0.8100000023841858,0.8100000023841858,0.8100000023841858,0,0.0,0.0
2002-05-16 00:00:00-04:00,0.8100000023841858,0.8100000023841858,0.8100000023841858,0.8100000023841858,0,0.0,0.0
2002-05-17 00:00:00-04:00,0.8399999737739563,0.8399999737739563,0.8399999737739563,0.8399999737739563,0,0.0,0.0
2002-05-20 00:00:00-04:00,0.8399999737739563,0.8399999737739563,0.8399999737739563,0.8399999737739563,0,0.0,0.0
2002-05-21 00:00:00-04:00,0.8100000023841858,0.8100000023841858,0.8100000023841858,0.8100000023841858,0,0.0,0.0
2002-05-22 00:00:00-04:00,0.8999999761581421,0.8999999761581421,0.8999999761581421,0.8999999761581421,0,0.0,0.0
2002-05-23 00:00:00-04:00,0.8299999833106995,0.8299999833106995,0.8299999833106995,0.8299999833106995,0,0.0,0.0
2002-05-24 00:00:00-04:00,0.8299999833106995,0.8299999833106995,0.8299999833106995,0.8299999833106995,0,0.0,0.0
2002-05-28 00:00:00-04:00,0.8199999928474426,0.8199999928474426,0.8199999928474426,0.8199999928474426,0,0.0,0.0
2002-05-29 00:00:00-04:00,0.8199999928474426,0.8199999928474426,0.8199999928474426,0.8199999928474426,0,0.0,0.0
2002-05-30 00:00:00-04:00,0.8199999928474426,0.8199999928474426,0.8199999928474426,0.8199999928474426,0,0.0,0.0
2002-05-31 00:00:00-04:00,0.7400000095367432,0.7400000095367432,0.7400000095367432,0.7400000095367432,0,0.0,0.0
2002-06-03 00:00:00-04:00,0.7400000095367432,0.7400000095367432,0.7400000095367432,0.7400000095367432,0,0.0,0.0
2002-06-04 00:00:00-04:00,0.6499999761581421,0.6499999761581421,0.6499999761581421,0.6499999761581421,0,0.0,0.0
2002-06-05 00:00:00-04:00,0.6499999761581421,0.6499999761581421,0.6499999761581421,0.6499999761581421,0,0.0,0.0
2002-06-06 00:00:00-04:00,0.6299999952316284,0.6299999952316284,0.6299999952316284,0.6299999952316284,0,0.0,0.0
2002-06-07 00:00:00-04:00,0.6299999952316284,0.6299999952316284,0.6299999952316284,0.6299999952316284,0,0.0,0.0
2002-06-10 00:00:00-04:00,0.6299999952316284,0.6299999952316284,0.6299999952316284,0.6299999952316284,0,0.0,0.0
2002-06-11 00:00:00-04:00,0.6499999761581421,0.6499999761581421,0.6499999761581421,0.6499999761581421,0,0.0,0.0
2002-06-12 00:00:00-04:00,0.6499999761581421,0.6499999761581421,0.6499999761581421,0.6499999761581421,0,0.0,0.0
2002-06-13 00:00:00-04:00,0.699999988079071,0.699999988079071,0.699999988079071,0.699999988079071,0,0.0,0.0
2002-06-14 00:00:00-04:00,0.7200000286102295,0.7200000286102295,0.7200000286102295,0.7200000286102295,0,0.0,0.0
2002-06-17 00:00:00-04:00,0.7200000286102295,0.7200000286102295,0.7200000286102295,0.7200000286102295,0,0.0,0.0
2002-06-18 00:00:00-04:00,0.7200000286102295,0.7200000286102295,0.7200000286102295,0.7200000286102295,0,0.0,0.0
2002-06-19 00:00:00-04:00,0.7200000286102295,0.7200000286102295,0.7200000286102295,0.7200000286102295,0,0.0,0.0
2002-06-20 00:00:00-04:00,0.7400000095367432,0.7400000095367432,0.7400000095367432,0.7400000095367432,0,0.0,0.0
2002-06-21 00:00:00-04:00,0.7900000214576721,0.7900000214576721,0.7900000214576721,0.7900000214576721,0,0.0,0.0
2002-06-24 00:00:00-04:00,0.7599999904632568,0.7599999904632568,0.7599999904632568,0.7599999904632568,0,0.0,0.0
2002-06-25 00:00:00-04:00,0.7599999904632568,0.7599999904632568,0.7599999904632568,0.7599999904632568,0,0.0,0.0
2002-06-26 00:00:00-04:00,0.7599999904632568,0.7599999904632568,0.7599999904632568,0.7599999904632568,0,0.0,0.0
2002-06-27 00:00:00-04:00,0.7599999904632568,0.7599999904632568,0.7599999904632568,0.7599999904632568,0,0.0,0.0
2002-06-28 00:00:00-04:00,0.7300000190734863,0.7300000190734863,0.7300000190734863,0.7300000190734863,0,0.0,0.0
2002-07-01 00:00:00-04:00,0.7300000190734863,0.7300000190734863,0.7300000190734863,0.7300000190734863,0,0.0,0.0
2002-07-02 00:00:00-04:00,0.7300000190734863,0.7300000190734863,0.7300000190734863,0.7300000190734863,0,0.0,0.0
2002-07-03 00:00:00-04:00,0.7300000190734863,0.7300000190734863,0.7300000190734863,0.7300000190734863,0,0.0,0.0
2002-07-05 00:00:00-04:00,0.7300000190734863,0.7300000190734863,0.7300000190734863,0.7300000190734863,0,0.0,0.0
2002-07-08 00:00:00-04:00,0.7300000190734863,0.7300000190734863,0.7300000190734863,0.7300000190734863,0,0.0,0.0
2002-07-09 00:00:00-04:00,0.699999988079071,0.699999988079071,0.699999988079071,0.699999988079071,0,0.0,0.0
2002-07-10 00:00:00-04:00,0.7599999904632568,0.7599999904632568,0.7599999904632568,0.7599999904632568,0,0.0,0.0
2002-07-11 00:00:00-04:00,0.6700000166893005,0.6700000166893005,0.6700000166893005,0.6700000166893005,0,0.0,0.0
2002-07-12 00:00:00-04:00,0.6700000166893005,0.6700000166893005,0.6700000166893005,0.6700000166893005,0,0.0,0.0
2002-07-15 00:00:00-04:00,0.7799999713897705,0.7799999713897705,0.7799999713897705,0.7799999713897705,0,0.0,0.0
2002-07-16 00:00:00-04:00,0.7400000095367432,0.7400000095367432,0.7400000095367432,0.7400000095367432,0,0.0,0.0
2002-07-17 00:00:00-04:00,0.75,0.75,0.75,0.75,0,0.0,0.0
2002-07-18 00:00:00-04:00,0.6700000166893005,0.6700000166893005,0.6499999761581421,0.6700000166893005,7200,0.0,0.0
2002-07-19 00:00:00-04:00,0.800000011920929,0.8199999928474426,0.800000011920929,0.8199999928474426,12400,0.0,0.0
2002-07-22 00:00:00-04:00,0.6800000071525574,0.6800000071525574,0.6600000262260437,0.6600000262260437,2600,0.0,0.0
2002-07-23 00:00:00-04:00,0.6200000047683716,0.6200000047683716,0.6000000238418579,0.6000000238418579,8000,0.0,0.0
2002-07-24 00:00:00-04:00,0.800000011920929,0.800000011920929,0.800000011920929,0.800000011920929,2000,0.0,0.0
2002-07-25 00:00:00-04:00,0.800000011920929,0.800000011920929,0.800000011920929,0.800000011920929,0,0.0,0.0
2002-07-26 00:00:00-04:00,0.6399999856948853,0.6399999856948853,0.5699999928474426,0.5799999833106995,9500,0.0,0.0
2002-07-29 00:00:00-04:00,0.5799999833106995,0.5799999833106995,0.5799999833106995,0.5799999833106995,0,0.0,0.0
2002-07-30 00:00:00-04:00,0.5799999833106995,0.5799999833106995,0.5799999833106995,0.5799999833106995,0,0.0,0.0
2002-07-31 00:00:00-04:00,0.6100000143051147,0.6100000143051147,0.6100000143051147,0.6100000143051147,3000,0.0,0.0
2002-08-01 00:00:00-04:00,0.6100000143051147,0.6100000143051147,0.6100000143051147,0.6100000143051147,2000,0.0,0.0
2002-08-02 00:00:00-04:00,0.6100000143051147,0.6100000143051147,0.6000000238418579,0.6000000238418579,15000,0.0,0.0
2002-08-05 00:00:00-04:00,0.6000000238418579,0.6000000238418579,0.6000000238418579,0.6000000238418579,0,0.0,0.0
2002-08-06 00:00:00-04:00,0.6000000238418579,0.6000000238418579,0.6000000238418579,0.6000000238418579,0,0.0,0.0
2002-08-07 00:00:00-04:00,0.6499999761581421,0.75,0.6499999761581421,0.6700000166893005,6100,0.0,0.0
2002-08-08 00:00:00-04:00,0.6600000262260437,0.6600000262260437,0.6499999761581421,0.6600000262260437,6500,0.0,0.0
2002-08-09 00:00:00-04:00,0.6499999761581421,0.6499999761581421,0.6499999761581421,0.6499999761581421,6000,0.0,0.0
2002-08-12 00:00:00-04:00,0.6499999761581421,0.8999999761581421,0.5600000023841858,0.6000000238418579,12600,0.0,0.0
2002-08-13 00:00:00-04:00,0.6499999761581421,0.6499999761581421,0.6499999761581421,0.6499999761581421,1000,0.0,0.0
2002-08-14 00:00:00-04:00,0.6499999761581421,0.6499999761581421,0.6100000143051147,0.6100000143051147,5000,0.0,0.0
2002-08-15 00:00:00-04:00,0.6100000143051147,0.6100000143051147,0.6100000143051147,0.6100000143051147,0,0.0,0.0
2002-08-16 00:00:00-04:00,0.6499999761581421,0.6499999761581421,0.6499999761581421,0.6499999761581421,2500,0.0,0.0
2002-08-19 00:00:00-04:00,0.5600000023841858,0.5600000023841858,0.5600000023841858,0.5600000023841858,1100,0.0,0.0
2002-08-20 00:00:00-04:00,0.5600000023841858,0.6000000238418579,0.5600000023841858,0.5600000023841858,16900,0.0,0.0
2002-08-21 00:00:00-04:00,0.5600000023841858,0.6000000238418579,0.5600000023841858,0.5799999833106995,12500,0.0,0.0
2002-08-22 00:00:00-04:00,0.6000000238418579,0.6000000238418579,0.6000000238418579,0.6000000238418579,400,0.0,0.0
2002-08-23 00:00:00-04:00,0.5400000214576721,0.5400000214576721,0.5299999713897705,0.5299999713897705,12000,0.0,0.0
2002-08-26 00:00:00-04:00,0.5,0.5,0.44999998807907104,0.49000000953674316,8500,0.0,0.0
2002-08-27 00:00:00-04:00,0.49000000953674316,0.49000000953674316,0.49000000953674316,0.49000000953674316,0,0.0,0.0
2002-08-28 00:00:00-04:00,0.5,0.6000000238418579,0.5,0.5,16500,0.0,0.0
2002-08-29 00:00:00-04:00,0.6000000238418579,0.6000000238418579,0.6000000238418579,0.6000000238418579,4900,0.0,0.0
2002-08-30 00:00:00-04:00,0.6000000238418579,0.6000000238418579,0.44999998807907104,0.44999998807907104,4800,0.0,0.0
2002-09-03 00:00:00-04:00,0.44999998807907104,0.44999998807907104,0.44999998807907104,0.44999998807907104,0,0.0,0.0
2002-09-04 00:00:00-04:00,0.47999998927116394,0.47999998927116394,0.47999998927116394,0.47999998927116394,2500,0.0,0.0
2002-09-05 00:00:00-04:00,0.47999998927116394,0.5,0.47999998927116394,0.47999998927116394,33000,0.0,0.0
2002-09-06 00:00:00-04:00,0.47999998927116394,0.47999998927116394,0.47999998927116394,0.47999998927116394,0,0.0,0.0
2002-09-09 00:00:00-04:00,0.49000000953674316,0.6000000238418579,0.49000000953674316,0.49000000953674316,7300,0.0,0.0
2002-09-10 00:00:00-04:00,0.5400000214576721,0.6000000238418579,0.5400000214576721,0.5400000214576721,2000,0.0,0.0
2002-09-11 00:00:00-04:00,0.6000000238418579,0.6000000238418579,0.6000000238418579,0.6000000238418579,500,0.0,0.0
2002-09-12 00:00:00-04:00,0.6000000238418579,0.6000000238418579,0.6000000238418579,0.6000000238418579,0,0.0,0.0
2002-09-13 00:00:00-04:00,0.6000000238418579,0.6000000238418579,0.5199999809265137,0.5199999809265137,8000,0.0,0.0
2002-09-16 00:00:00-04:00,0.5199999809265137,0.5400000214576721,0.5199999809265137,0.5400000214576721,12000,0.0,0.0
2002-09-17 00:00:00-04:00,0.5199999809265137,0.5199999809265137,0.5,0.5099999904632568,32000,0.0,0.0
2002-09-18 00:00:00-04:00,0.5099999904632568,0.5099999904632568,0.5099999904632568,0.5099999904632568,0,0.0,0.0
2002-09-19 00:00:00-04:00,0.5099999904632568,0.5099999904632568,0.5099999904632568,0.5099999904632568,0,0.0,0.0
2002-09-20 00:00:00-04:00,0.5099999904632568,0.5099999904632568,0.5099999904632568,0.5099999904632568,0,0.0,0.0
2002-09-23 00:00:00-04:00,0.46000000834465027,0.46000000834465027,0.44999998807907104,0.46000000834465027,11500,0.0,0.0
2002-09-24 00:00:00-04:00,0.46000000834465027,0.46000000834465027,0.46000000834465027,0.46000000834465027,0,0.0,0.0
2002-09-25 00:00:00-04:00,0.4000000059604645,0.4000000059604645,0.4000000059604645,0.4000000059604645,1000,0.0,0.0
2002-09-26 00:00:00-04:00,0.4000000059604645,0.4000000059604645,0.4000000059604645,0.4000000059604645,0,0.0,0.0
2002-09-27 00:00:00-04:00,0.4000000059604645,0.4000000059604645,0.4000000059604645,0.4000000059604645,0,0.0,0.0
2002-09-30 00:00:00-04:00,0.4000000059604645,0.4000000059604645,0.4000000059604645,0.4000000059604645,0,0.0,0.0
2002-10-01 00:00:00-04:00,0.4000000059604645,0.6000000238418579,0.3400000035762787,0.4000000059604645,26500,0.0,0.0
2002-10-02 00:00:00-04:00,0.5,0.550000011920929,0.5,0.5,6000,0.0,0.0
2002-10-03 00:00:00-04:00,0.5,0.5,0.4099999964237213,0.5,4300,0.0,0.0
2002-10-04 00:00:00-04:00,0.3499999940395355,0.3499999940395355,0.3499999940395355,0.3499999940395355,4000,0.0,0.0
2002-10-07 00:00:00-04:00,0.3499999940395355,0.3499999940395355,0.3499999940395355,0.3499999940395355,1500,0.0,0.0
2002-10-08 00:00:00-04:00,0.3499999940395355,0.3499999940395355,0.3499999940395355,0.3499999940395355,1500,0.0,0.0
2002-10-09 00:00:00-04:00,0.3499999940395355,0.44999998807907104,0.33000001311302185,0.33000001311302185,26000,0.0,0.0
2002-10-10 00:00:00-04:00,0.36000001430511475,0.36000001430511475,0.36000001430511475,0.36000001430511475,500,0.0,0.0
2002-10-11 00:00:00-04:00,0.36000001430511475,0.36000001430511475,0.36000001430511475,0.36000001430511475,0,0.0,0.0
2002-10-14 00:00:00-04:00,0.36000001430511475,0.3799999952316284,0.30000001192092896,0.3799999952316284,1600,0.0,0.0
2002-10-15 00:00:00-04:00,0.3799999952316284,0.3799999952316284,0.3700000047683716,0.3700000047683716,4500,0.0,0.0
2002-10-16 00:00:00-04:00,0.3700000047683716,0.3700000047683716,0.3700000047683716,0.3700000047683716,0,0.0,0.0
2002-10-17 00:00:00-04:00,0.3700000047683716,0.3700000047683716,0.3700000047683716,0.3700000047683716,0,0.0,0.0
2002-10-18 00:00:00-04:00,0.3700000047683716,0.3700000047683716,0.3700000047683716,0.3700000047683716,0,0.0,0.0
2002-10-21 00:00:00-04:00,0.3700000047683716,0.3700000047683716,0.3700000047683716,0.3700000047683716,0,0.0,0.0
2002-10-22 00:00:00-04:00,0.3700000047683716,0.3700000047683716,0.3700000047683716,0.3700000047683716,0,0.0,0.0
2002-10-23 00:00:00-04:00,0.33000001311302185,0.33000001311302185,0.30000001192092896,0.3100000023841858,11000,0.0,0.0
2002-10-24 00:00:00-04:00,0.3100000023841858,0.3100000023841858,0.3100000023841858,0.3100000023841858,0,0.0,0.0
2002-10-25 00:00:00-04:00,0.3100000023841858,0.3100000023841858,0.3100000023841858,0.3100000023841858,0,0.0,0.0
2002-10-28 00:00:00-05:00,0.3100000023841858,0.3100000023841858,0.3100000023841858,0.3100000023841858,0,0.0,0.0
2002-10-29 00:00:00-05:00,0.3100000023841858,0.3100000023841858,0.3100000023841858,0.3100000023841858,0,0.0,0.0
2002-10-30 00:00:00-05:00,0.30000001192092896,0.30000001192092896,0.25999999046325684,0.30000001192092896,9900,0.0,0.0
2002-10-31 00:00:00-05:00,0.30000001192092896,0.30000001192092896,0.30000001192092896,0.30000001192092896,0,0.0,0.0
2002-11-01 00:00:00-05:00,0.30000001192092896,0.30000001192092896,0.30000001192092896,0.30000001192092896,2500,0.0,0.0
2002-11-04 00:00:00-05:00,0.30000001192092896,0.30000001192092896,0.30000001192092896,0.30000001192092896,0,0.0,0.0
2002-11-05 00:00:00-05:00,0.27000001072883606,0.27000001072883606,0.25999999046325684,0.27000001072883606,7600,0.0,0.0
2002-11-06 00:00:00-05:00,0.33000001311302185,0.33000001311302185,0.33000001311302185,0.33000001311302185,5000,0.0,0.0
2002-11-07 00:00:00-05:00,0.33000001311302185,0.33000001311302185,0.33000001311302185,0.33000001311302185,4000,0.0,0.0
2002-11-08 00:00:00-05:00,0.33000001311302185,0.33000001311302185,0.33000001311302185,0.33000001311302185,0,0.0,0.0
2002-11-11 00:00:00-05:00,0.33000001311302185,0.33000001311302185,0.33000001311302185,0.33000001311302185,0,0.0,0.0
2002-11-12 00:00:00-05:00,0.33000001311302185,0.33000001311302185,0.33000001311302185,0.33000001311302185,0,0.0,0.0
2002-11-13 00:00:00-05:00,0.33000001311302185,0.33000001311302185,0.33000001311302185,0.33000001311302185,5000,0.0,0.0
2002-11-14 00:00:00-05:00,0.28999999165534973,0.28999999165534973,0.28999999165534973,0.28999999165534973,4500,0.0,0.0
2002-11-15 00:00:00-05:00,0.28999999165534973,0.28999999165534973,0.28999999165534973,0.28999999165534973,0,0.0,0.0
2002-11-18 00:00:00-05:00,0.27000001072883606,0.27000001072883606,0.27000001072883606,0.27000001072883606,4000,0.0,0.0
2002-11-19 00:00:00-05:00,0.27000001072883606,0.27000001072883606,0.27000001072883606,0.27000001072883606,0,0.0,0.0
2002-11-20 00:00:00-05:00,0.27000001072883606,0.27000001072883606,0.27000001072883606,0.27000001072883606,0,0.0,0.0
2002-11-21 00:00:00-05:00,0.27000001072883606,0.27000001072883606,0.27000001072883606,0.27000001072883606,0,0.0,0.0
2002-11-22 00:00:00-05:00,0.25999999046325684,0.25999999046325684,0.25999999046325684,0.25999999046325684,9000,0.0,0.0
2002-11-25 00:00:00-05:00,0.25999999046325684,0.25999999046325684,0.25999999046325684,0.25999999046325684,0,0.0,0.0
2002-11-26 00:00:00-05:00,0.25999999046325684,0.25999999046325684,0.25999999046325684,0.25999999046325684,0,0.0,0.0
2002-11-27 00:00:00-05:00,0.25999999046325684,0.30000001192092896,0.25,0.30000001192092896,19000,0.0,0.0
2002-11-29 00:00:00-05:00,0.30000001192092896,0.30000001192092896,0.30000001192092896,0.30000001192092896,1000,0.0,0.0
2002-12-02 00:00:00-05:00,0.30000001192092896,0.30000001192092896,0.30000001192092896,0.30000001192092896,0,0.0,0.0
2002-12-03 00:00:00-05:00,0.30000001192092896,0.30000001192092896,0.30000001192092896,0.30000001192092896,0,0.0,0.0
2002-12-04 00:00:00-05:00,0.30000001192092896,0.30000001192092896,0.30000001192092896,0.30000001192092896,0,0.0,0.0
2002-12-05 00:00:00-05:00,0.30000001192092896,0.30000001192092896,0.30000001192092896,0.30000001192092896,0,0.0,0.0
2002-12-06 00:00:00-05:00,0.30000001192092896,0.30000001192092896,0.30000001192092896,0.30000001192092896,0,0.0,0.0
2002-12-09 00:00:00-05:00,0.30000001192092896,0.30000001192092896,0.30000001192092896,0.30000001192092896,0,0.0,0.0
2002-12-10 00:00:00-05:00,0.36000001430511475,0.3799999952316284,0.36000001430511475,0.3799999952316284,20000,0.0,0.0
2002-12-11 00:00:00-05:00,0.3799999952316284,0.4699999988079071,0.3799999952316284,0.3799999952316284,1000,0.0,0.0
2002-12-12 00:00:00-05:00,0.30000001192092896,0.30000001192092896,0.30000001192092896,0.30000001192092896,300,0.0,0.0
2002-12-13 00:00:00-05:00,0.3799999952316284,0.3799999952316284,0.3799999952316284,0.3799999952316284,5000,0.0,0.0
2002-12-16 00:00:00-05:00,0.3799999952316284,0.3799999952316284,0.3799999952316284,0.3799999952316284,5000,0.0,0.0
2002-12-17 00:00:00-05:00,0.4000000059604645,0.41999998688697815,0.4000000059604645,0.41999998688697815,3000,0.0,0.0
2002-12-18 00:00:00-05:00,0.4300000071525574,0.4300000071525574,0.4300000071525574,0.4300000071525574,5000,0.0,0.0
2002-12-19 00:00:00-05:00,0.4300000071525574,0.4300000071525574,0.4300000071525574,0.4300000071525574,0,0.0,0.0
2002-12-20 00:00:00-05:00,0.4300000071525574,0.4300000071525574,0.4300000071525574,0.4300000071525574,0,0.0,0.0
2002-12-23 00:00:00-05:00,0.4300000071525574,0.4300000071525574,0.4300000071525574,0.4300000071525574,0,0.0,0.0
2002-12-24 00:00:00-05:00,0.4300000071525574,0.4300000071525574,0.4300000071525574,0.4300000071525574,0,0.0,0.0
2002-12-26 00:00:00-05:00,0.4300000071525574,0.4300000071525574,0.4300000071525574,0.4300000071525574,0,0.0,0.0
2002-12-27 00:00:00-05:00,0.4300000071525574,0.4300000071525574,0.4300000071525574,0.4300000071525574,0,0.0,0.0
2002-12-30 00:00:00-05:00,0.4300000071525574,0.4300000071525574,0.4300000071525574,0.4300000071525574,0,0.0,0.0
2002-12-31 00:00:00-05:00,0.4099999964237213,0.4099999964237213,0.3799999952316284,0.4099999964237213,30000,0.0,0.0
2003-01-02 00:00:00-05:00,0.4099999964237213,0.4699999988079071,0.4000000059604645,0.4699999988079071,10800,0.0,0.0
2003-01-03 00:00:00-05:00,0.44999998807907104,0.44999998807907104,0.44999998807907104,0.44999998807907104,10000,0.0,0.0
2003-01-06 00:00:00-05:00,0.44999998807907104,0.44999998807907104,0.44999998807907104,0.44999998807907104,17000,0.0,0.0
2003-01-07 00:00:00-05:00,0.44999998807907104,0.44999998807907104,0.44999998807907104,0.44999998807907104,0,0.0,0.0
2003-01-08 00:00:00-05:00,0.44999998807907104,0.44999998807907104,0.41999998688697815,0.44999998807907104,42500,0.0,0.0
2003-01-09 00:00:00-05:00,0.44999998807907104,0.44999998807907104,0.44999998807907104,0.44999998807907104,0,0.0,0.0
2003-01-10 00:00:00-05:00,0.44999998807907104,0.44999998807907104,0.44999998807907104,0.44999998807907104,2000,0.0,0.0
2003-01-13 00:00:00-05:00,0.44999998807907104,0.44999998807907104,0.4000000059604645,0.44999998807907104,8500,0.0,0.0
2003-01-14 00:00:00-05:00,0.44999998807907104,0.44999998807907104,0.4000000059604645,0.4000000059604645,11900,0.0,0.0
2003-01-15 00:00:00-05:00,0.4000000059604645,0.44999998807907104,0.3799999952316284,0.38999998569488525,24700,0.0,0.0
2003-01-16 00:00:00-05:00,0.38999998569488525,0.4000000059604645,0.36000001430511475,0.4000000059604645,5500,0.0,0.0
2003-01-17 00:00:00-05:00,0.4099999964237213,0.41999998688697815,0.4099999964237213,0.41999998688697815,30000,0.0,0.0
2003-01-21 00:00:00-05:00,0.41999998688697815,0.41999998688697815,0.41999998688697815,0.41999998688697815,0,0.0,0.0
2003-01-22 00:00:00-05:00,0.41999998688697815,0.41999998688697815,0.41999998688697815,0.41999998688697815,1200,0.0,0.0
2003-01-23 00:00:00-05:00,0.4399999976158142,0.4399999976158142,0.4399999976158142,0.4399999976158142,5000,0.0,0.0
2003-01-24 00:00:00-05:00,0.4699999988079071,0.4699999988079071,0.4699999988079071,0.4699999988079071,10000,0.0,0.0
2003-01-27 00:00:00-05:00,0.47999998927116394,0.6000000238418579,0.47999998927116394,0.6000000238418579,71300,0.0,0.0
2003-01-28 00:00:00-05:00,0.5400000214576721,0.5400000214576721,0.5099999904632568,0.5099999904632568,8600,0.0,0.0
2003-01-29 00:00:00-05:00,0.5099999904632568,0.5099999904632568,0.5099999904632568,0.5099999904632568,0,0.0,0.0
2003-01-30 00:00:00-05:00,0.5099999904632568,0.5099999904632568,0.5099999904632568,0.5099999904632568,15000,0.0,0.0
2003-01-31 00:00:00-05:00,0.5099999904632568,0.5099999904632568,0.5099999904632568,0.5099999904632568,0,0.0,0.0
2003-02-03 00:00:00-05:00,0.5099999904632568,0.5099999904632568,0.5099999904632568,0.5099999904632568,0,0.0,0.0
2003-02-04 00:00:00-05:00,0.5199999809265137,0.5299999713897705,0.5199999809265137,0.5199999809265137,6000,0.0,0.0
2003-02-05 00:00:00-05:00,0.5199999809265137,0.5199999809265137,0.5199999809265137,0.5199999809265137,0,0.0,0.0
2003-02-06 00:00:00-05:00,0.5199999809265137,0.5199999809265137,0.5199999809265137,0.5199999809265137,0,0.0,0.0
2003-02-07 00:00:00-05:00,0.47999998927116394,0.47999998927116394,0.47999998927116394,0.47999998927116394,4000,0.0,0.0
2003-02-10 00:00:00-05:00,0.47999998927116394,0.47999998927116394,0.47999998927116394,0.47999998927116394,0,0.0,0.0
2003-02-11 00:00:00-05:00,0.49000000953674316,0.49000000953674316,0.49000000953674316,0.49000000953674316,2000,0.0,0.0
2003-02-12 00:00:00-05:00,0.49000000953674316,0.49000000953674316,0.4300000071525574,0.49000000953674316,6500,0.0,0.0
2003-02-13 00:00:00-05:00,0.49000000953674316,0.49000000953674316,0.49000000953674316,0.49000000953674316,0,0.0,0.0
2003-02-14 00:00:00-05:00,0.41999998688697815,0.41999998688697815,0.41999998688697815,0.41999998688697815,8000,0.0,0.0
2003-02-18 00:00:00-05:00,0.41999998688697815,0.4699999988079071,0.41999998688697815,0.4699999988079071,6200,0.0,0.0
2003-02-19 00:00:00-05:00,0.4699999988079071,0.4699999988079071,0.46000000834465027,0.4699999988079071,25300,0.0,0.0
2003-02-20 00:00:00-05:00,0.4699999988079071,0.4699999988079071,0.4699999988079071,0.4699999988079071,900,0.0,0.0
2003-02-21 00:00:00-05:00,0.4699999988079071,0.4699999988079071,0.4699999988079071,0.4699999988079071,0,0.0,0.0
2003-02-24 00:00:00-05:00,0.44999998807907104,0.44999998807907104,0.4300000071525574,0.4300000071525574,10000,0.0,0.0
2003-02-25 00:00:00-05:00,0.4000000059604645,0.4000000059604645,0.4000000059604645,0.4000000059604645,2000,0.0,0.0
2003-02-26 00:00:00-05:00,0.4000000059604645,0.4000000059604645,0.4000000059604645,0.4000000059604645,0,0.0,0.0
2003-02-27 00:00:00-05:00,0.4000000059604645,0.4000000059604645,0.4000000059604645,0.4000000059604645,1000,0.0,0.0
2003-02-28 00:00:00-05:00,0.4699999988079071,0.4699999988079071,0.4699999988079071,0.4699999988079071,5000,0.0,0.0
2003-03-03 00:00:00-05:00,0.4699999988079071,0.4699999988079071,0.4699999988079071,0.4699999988079071,0,0.0,0.0
2003-03-04 00:00:00-05:00,0.4699999988079071,0.4699999988079071,0.4699999988079071,0.4699999988079071,200,0.0,0.0
2003-03-05 00:00:00-05:00,0.4699999988079071,0.4699999988079071,0.4699999988079071,0.4699999988079071,4500,0.0,0.0
2003-03-06 00:00:00-05:00,0.4099999964237213,0.4099999964237213,0.4000000059604645,0.4000000059604645,13000,0.0,0.0
2003-03-07 00:00:00-05:00,0.4000000059604645,0.4000000059604645,0.4000000059604645,0.4000000059604645,0,0.0,0.0
2003-03-10 00:00:00-05:00,0.4000000059604645,0.4399999976158142,0.4000000059604645,0.4399999976158142,12600,0.0,0.0
2003-03-11 00:00:00-05:00,0.4399999976158142,0.4399999976158142,0.4399999976158142,0.4399999976158142,0,0.0,0.0
2003-03-12 00:00:00-05:00,0.4399999976158142,0.4399999976158142,0.4399999976158142,0.4399999976158142,0,0.0,0.0
2003-03-13 00:00:00-05:00,0.4399999976158142,0.4399999976158142,0.4399999976158142,0.4399999976158142,0,0.0,0.0
2003-03-14 00:00:00-05:00,0.4399999976158142,0.4399999976158142,0.4399999976158142,0.4399999976158142,0,0.0,0.0
2003-03-17 00:00:00-05:00,0.4699999988079071,0.4699999988079071,0.4699999988079071,0.4699999988079071,1000,0.0,0.0
2003-03-18 00:00:00-05:00,0.4099999964237213,0.4099999964237213,0.4099999964237213,0.4099999964237213,200,0.0,0.0
2003-03-19 00:00:00-05:00,0.46000000834465027,0.4699999988079071,0.46000000834465027,0.46000000834465027,26000,0.0,0.0
2003-03-20 00:00:00-05:00,0.4699999988079071,0.4699999988079071,0.4699999988079071,0.4699999988079071,2500,0.0,0.0
2003-03-21 00:00:00-05:00,0.4699999988079071,0.4699999988079071,0.4699999988079071,0.4699999988079071,0,0.0,0.0
2003-03-24 00:00:00-05:00,0.36000001430511475,0.36000001430511475,0.36000001430511475,0.36000001430511475,400,0.0,0.0
2003-03-25 00:00:00-05:00,0.3799999952316284,0.3799999952316284,0.3799999952316284,0.3799999952316284,500,0.0,0.0
2003-03-26 00:00:00-05:00,0.38999998569488525,0.38999998569488525,0.38999998569488525,0.38999998569488525,500,0.0,0.0
2003-03-27 00:00:00-05:00,0.38999998569488525,0.46000000834465027,0.38999998569488525,0.38999998569488525,1500,0.0,0.0
2003-03-28 00:00:00-05:00,0.38999998569488525,0.38999998569488525,0.38999998569488525,0.38999998569488525,0,0.0,0.0
2003-03-31 00:00:00-05:00,0.41999998688697815,0.5199999809265137,0.41999998688697815,0.46000000834465027,15500,0.0,0.0
2003-04-01 00:00:00-05:00,0.46000000834465027,0.46000000834465027,0.46000000834465027,0.46000000834465027,0,0.0,0.0
2003-04-02 00:00:00-05:00,0.6200000047683716,0.6200000047683716,0.6200000047683716,0.6200000047683716,2500,0.0,0.0
2003-04-03 00:00:00-05:00,0.6200000047683716,0.6200000047683716,0.6200000047683716,0.6200000047683716,0,0.0,0.0
2003-04-04 00:00:00-05:00,0.5299999713897705,0.5299999713897705,0.5299999713897705,0.5299999713897705,10000,0.0,0.0
2003-04-07 00:00:00-04:00,0.5299999713897705,0.5299999713897705,0.5299999713897705,0.5299999713897705,0,0.0,0.0
2003-04-08 00:00:00-04:00,0.5299999713897705,0.5299999713897705,0.5299999713897705,0.5299999713897705,0,0.0,0.0
2003-04-09 00:00:00-04:00,0.5299999713897705,0.5299999713897705,0.5299999713897705,0.5299999713897705,0,0.0,0.0
2003-04-10 00:00:00-04:00,0.5299999713897705,0.5299999713897705,0.5299999713897705,0.5299999713897705,0,0.0,0.0
2003-04-11 00:00:00-04:00,0.550000011920929,0.550000011920929,0.550000011920929,0.550000011920929,4000,0.0,0.0
2003-04-14 00:00:00-04:00,0.550000011920929,0.550000011920929,0.550000011920929,0.550000011920929,0,0.0,0.0
2003-04-15 00:00:00-04:00,0.550000011920929,0.550000011920929,0.550000011920929,0.550000011920929,0,0.0,0.0
2003-04-16 00:00:00-04:00,0.550000011920929,0.550000011920929,0.550000011920929,0.550000011920929,0,0.0,0.0
2003-04-17 00:00:00-04:00,0.550000011920929,0.550000011920929,0.550000011920929,0.550000011920929,0,0.0,0.0
2003-04-21 00:00:00-04:00,0.6000000238418579,0.6000000238418579,0.6000000238418579,0.6000000238418579,2000,0.0,0.0
2003-04-22 00:00:00-04:00,0.6000000238418579,0.6000000238418579,0.6000000238418579,0.6000000238418579,0,0.0,0.0
2003-04-23 00:00:00-04:00,0.6000000238418579,0.6000000238418579,0.6000000238418579,0.6000000238418579,0,0.0,0.0
2003-04-24 00:00:00-04:00,0.6000000238418579,0.6000000238418579,0.5199999809265137,0.5400000214576721,23100,0.0,0.0
2003-04-25 00:00:00-04:00,0.5,0.5,0.5,0.5,2000,0.0,0.0
2003-04-28 00:00:00-04:00,0.5299999713897705,0.6000000238418579,0.5299999713897705,0.6000000238418579,4800,0.0,0.0
2003-04-29 00:00:00-04:00,0.6000000238418579,0.6000000238418579,0.6000000238418579,0.6000000238418579,0,0.0,0.0
2003-04-30 00:00:00-04:00,0.6000000238418579,0.6000000238418579,0.6000000238418579,0.6000000238418579,0,0.0,0.0
2003-05-01 00:00:00-04:00,0.6000000238418579,0.6000000238418579,0.6000000238418579,0.6000000238418579,0,0.0,0.0
2003-05-02 00:00:00-04:00,0.5899999737739563,0.5899999737739563,0.5099999904632568,0.5099999904632568,13000,0.0,0.0
2003-05-05 00:00:00-04:00,0.5,0.5,0.5,0.5,1000,0.0,0.0
2003-05-06 00:00:00-04:00,0.5,0.5,0.5,0.5,0,0.0,0.0
2003-05-07 00:00:00-04:00,0.5,0.5,0.5,0.5,0,0.0,0.0
2003-05-08 00:00:00-04:00,0.5,0.5,0.5,0.5,0,0.0,0.0
2003-05-09 00:00:00-04:00,0.5,0.5199999809265137,0.5,0.5199999809265137,25000,0.0,0.0
2003-05-12 00:00:00-04:00,0.5199999809265137,0.5199999809265137,0.5199999809265137,0.5199999809265137,0,0.0,0.0
2003-05-13 00:00:00-04:00,0.5199999809265137,0.5199999809265137,0.5099999904632568,0.5099999904632568,3000,0.0,0.0
2003-05-14 00:00:00-04:00,0.5099999904632568,0.5099999904632568,0.5099999904632568,0.5099999904632568,0,0.0,0.0
2003-05-15 00:00:00-04:00,0.5099999904632568,0.5099999904632568,0.5099999904632568,0.5099999904632568,0,0.0,0.0
2003-05-16 00:00:00-04:00,0.5099999904632568,0.5099999904632568,0.5099999904632568,0.5099999904632568,0,0.0,0.0
2003-05-19 00:00:00-04:00,0.5099999904632568,0.550000011920929,0.4699999988079071,0.550000011920929,27300,0.0,0.0
2003-05-20 00:00:00-04:00,0.550000011920929,0.550000011920929,0.5299999713897705,0.5299999713897705,38500,0.0,0.0
2003-05-21 00:00:00-04:00,0.5299999713897705,0.5600000023841858,0.5299999713897705,0.5299999713897705,9500,0.0,0.0
2003-05-22 00:00:00-04:00,0.5299999713897705,0.550000011920929,0.5,0.5099999904632568,31600,0.0,0.0
2003-05-23 00:00:00-04:00,0.5099999904632568,0.5099999904632568,0.5099999904632568,0.5099999904632568,8900,0.0,0.0
2003-05-27 00:00:00-04:00,0.5099999904632568,0.550000011920929,0.47999998927116394,0.47999998927116394,10000,0.0,0.0
2003-05-28 00:00:00-04:00,0.550000011920929,0.550000011920929,0.550000011920929,0.550000011920929,7000,0.0,0.0
2003-05-29 00:00:00-04:00,0.550000011920929,0.550000011920929,0.550000011920929,0.550000011920929,0,0.0,0.0
2003-05-30 00:00:00-04:00,0.550000011920929,0.550000011920929,0.550000011920929,0.550000011920929,4000,0.0,0.0
2003-06-02 00:00:00-04:00,0.550000011920929,0.550000011920929,0.5099999904632568,0.5099999904632568,11000,0.0,0.0
2003-06-03 00:00:00-04:00,0.5600000023841858,0.6000000238418579,0.5600000023841858,0.6000000238418579,12500,0.0,0.0
2003-06-04 00:00:00-04:00,0.6399999856948853,0.6399999856948853,0.6399999856948853,0.6399999856948853,14500,0.0,0.0
2003-06-05 00:00:00-04:00,0.5799999833106995,0.5799999833106995,0.5600000023841858,0.5699999928474426,86500,0.0,0.0
2003-06-06 00:00:00-04:00,0.6200000047683716,0.699999988079071,0.6200000047683716,0.6600000262260437,101500,0.0,0.0
2003-06-09 00:00:00-04:00,0.6600000262260437,0.75,0.6600000262260437,0.6600000262260437,152400,0.0,0.0
2003-06-10 00:00:00-04:00,0.6600000262260437,0.699999988079071,0.6499999761581421,0.6700000166893005,105900,0.0,0.0
2003-06-11 00:00:00-04:00,0.6700000166893005,0.6899999976158142,0.6600000262260437,0.6600000262260437,10000,0.0,0.0
2003-06-12 00:00:00-04:00,0.6800000071525574,0.7200000286102295,0.6800000071525574,0.699999988079071,28500,0.0,0.0
2003-06-13 00:00:00-04:00,0.699999988079071,0.7200000286102295,0.6800000071525574,0.7099999785423279,100400,0.0,0.0
2003-06-16 00:00:00-04:00,0.7099999785423279,0.7400000095367432,0.7099999785423279,0.7400000095367432,116600,0.0,0.0
2003-06-17 00:00:00-04:00,0.75,0.8799999952316284,0.75,0.8799999952316284,83200,0.0,0.0
2003-06-18 00:00:00-04:00,0.8799999952316284,0.8799999952316284,0.8100000023841858,0.8799999952316284,40900,0.0,0.0
2003-06-19 00:00:00-04:00,0.8799999952316284,0.8799999952316284,0.8100000023841858,0.8799999952316284,8300,0.0,0.0
2003-06-20 00:00:00-04:00,0.8799999952316284,0.9300000071525574,0.8399999737739563,0.9300000071525574,132200,0.0,0.0
2003-06-23 00:00:00-04:00,0.9300000071525574,0.9900000095367432,0.8399999737739563,0.8500000238418579,232800,0.0,0.0
2003-06-24 00:00:00-04:00,0.8500000238418579,0.8600000143051147,0.75,0.800000011920929,75000,0.0,0.0
2003-06-25 00:00:00-04:00,0.8299999833106995,0.8399999737739563,0.8299999833106995,0.8299999833106995,8500,0.0,0.0
2003-06-26 00:00:00-04:00,0.8199999928474426,0.8199999928474426,0.8199999928474426,0.8199999928474426,1900,0.0,0.0
2003-06-27 00:00:00-04:00,0.8199999928474426,0.8399999737739563,0.7799999713897705,0.8399999737739563,61800,0.0,0.0
2003-06-30 00:00:00-04:00,0.8600000143051147,0.8899999856948853,0.8600000143051147,0.8600000143051147,21200,0.0,0.0
2003-07-01 00:00:00-04:00,0.8600000143051147,0.8799999952316284,0.7799999713897705,0.8399999737739563,20600,0.0,0.0
2003-07-02 00:00:00-04:00,0.8399999737739563,0.9100000262260437,0.8399999737739563,0.8999999761581421,59600,0.0,0.0
2003-07-03 00:00:00-04:00,0.8999999761581421,0.9200000166893005,0.8399999737739563,0.9200000166893005,22100,0.0,0.0
2003-07-07 00:00:00-04:00,0.9200000166893005,0.9200000166893005,0.8999999761581421,0.9200000166893005,26500,0.0,0.0
2003-07-08 00:00:00-04:00,0.9200000166893005,0.9200000166893005,0.8799999952316284,0.8799999952316284,22000,0.0,0.0
2003-07-09 00:00:00-04:00,0.8799999952316284,0.8999999761581421,0.8700000047683716,0.8799999952316284,9800,0.0,0.0
2003-07-10 00:00:00-04:00,0.8799999952316284,0.8799999952316284,0.8500000238418579,0.8799999952316284,32300,0.0,0.0
2003-07-11 00:00:00-04:00,0.8799999952316284,0.9200000166893005,0.8500000238418579,0.9200000166893005,22100,0.0,0.0
2003-07-14 00:00:00-04:00,0.9200000166893005,0.9200000166893005,0.8500000238418579,0.8799999952316284,41900,0.0,0.0
2003-07-15 00:00:00-04:00,0.8799999952316284,0.9399999976158142,0.8600000143051147,0.9300000071525574,97800,0.0,0.0
2003-07-16 00:00:00-04:00,0.9300000071525574,1.090000033378601,0.8999999761581421,1.0700000524520874,327500,0.0,0.0
2003-07-17 00:00:00-04:00,1.0700000524520874,1.0700000524520874,0.9800000190734863,1.0199999809265137,116100,0.0,0.0
2003-07-18 00:00:00-04:00,1.0199999809265137,1.0399999618530273,1.0,1.0299999713897705,61700,0.0,0.0
2003-07-21 00:00:00-04:00,1.0299999713897705,1.0700000524520874,0.9900000095367432,1.0199999809265137,111000,0.0,0.0
2003-07-22 00:00:00-04:00,1.0199999809265137,1.0399999618530273,0.9900000095367432,1.0299999713897705,109200,0.0,0.0
2003-07-23 00:00:00-04:00,1.0299999713897705,1.0700000524520874,1.0,1.0499999523162842,159000,0.0,0.0
2003-07-24 00:00:00-04:00,1.0499999523162842,1.159999966621399,1.0499999523162842,1.149999976158142,153800,0.0,0.0
2003-07-25 00:00:00-04:00,1.149999976158142,1.159999966621399,1.100000023841858,1.149999976158142,111600,0.0,0.0
2003-07-28 00:00:00-04:00,1.149999976158142,1.1699999570846558,1.100000023841858,1.100000023841858,147100,0.0,0.0
2003-07-29 00:00:00-04:00,1.100000023841858,1.149999976158142,1.090000033378601,1.149999976158142,49900,0.0,0.0
2003-07-30 00:00:00-04:00,1.149999976158142,1.149999976158142,1.059999942779541,1.0700000524520874,84300,0.0,0.0
2003-07-31 00:00:00-04:00,1.0700000524520874,1.090000033378601,1.059999942779541,1.0800000429153442,56800,0.0,0.0
2003-08-01 00:00:00-04:00,1.0800000429153442,1.1299999952316284,1.0800000429153442,1.1299999952316284,78700,0.0,0.0
2003-08-04 00:00:00-04:00,1.1299999952316284,1.309999942779541,1.1299999952316284,1.25,344000,0.0,0.0
2003-08-05 00:00:00-04:00,1.2799999713897705,1.399999976158142,1.2799999713897705,1.3799999952316284,375900,0.0,0.0
2003-08-06 00:00:00-04:00,1.3799999952316284,1.399999976158142,1.3200000524520874,1.340000033378601,274400,0.0,0.0
2003-08-07 00:00:00-04:00,1.340000033378601,1.3700000047683716,1.2400000095367432,1.2999999523162842,208000,0.0,0.0
2003-08-08 00:00:00-04:00,1.2999999523162842,1.2999999523162842,1.2100000381469727,1.2699999809265137,276400,0.0,0.0
2003-08-11 00:00:00-04:00,1.2699999809265137,1.3799999952316284,1.25,1.3300000429153442,331900,0.0,0.0
2003-08-12 00:00:00-04:00,1.3300000429153442,1.3300000429153442,1.2599999904632568,1.2999999523162842,165600,0.0,0.0
2003-08-13 00:00:00-04:00,1.2999999523162842,1.5,1.2999999523162842,1.4800000190734863,153300,0.0,0.0
2003-08-14 00:00:00-04:00,1.5199999809265137,1.7999999523162842,1.5199999809265137,1.7000000476837158,238700,0.0,0.0
2003-08-15 00:00:00-04:00,1.7000000476837158,1.850000023841858,1.649999976158142,1.7999999523162842,257900,0.0,0.0
2003-08-18 00:00:00-04:00,1.7999999523162842,2.180000066757202,1.7200000286102295,2.059999942779541,224200,0.0,0.0
2003-08-19 00:00:00-04:00,2.059999942779541,2.200000047683716,1.809999942779541,2.049999952316284,536900,0.0,0.0
2003-08-20 00:00:00-04:00,2.049999952316284,2.25,2.0199999809265137,2.2200000286102295,449000,0.0,0.0
2003-08-21 00:00:00-04:00,2.2200000286102295,2.2699999809265137,2.0,2.049999952316284,218600,0.0,0.0
2003-08-22 00:00:00-04:00,2.049999952316284,2.059999942779541,1.850000023841858,2.0,312200,0.0,0.0
2003-08-25 00:00:00-04:00,2.0,2.0,1.8899999856948853,1.8899999856948853,187000,0.0,0.0
2003-08-26 00:00:00-04:00,1.8600000143051147,1.8600000143051147,1.600000023841858,1.7300000190734863,463400,0.0,0.0
2003-08-27 00:00:00-04:00,1.7300000190734863,1.8799999952316284,1.7300000190734863,1.8200000524520874,249900,0.0,0.0
2003-08-28 00:00:00-04:00,1.8200000524520874,1.940000057220459,1.7899999618530273,1.809999942779541,170500,0.0,0.0
2003-08-29 00:00:00-04:00,1.809999942779541,1.899999976158142,1.7899999618530273,1.8799999952316284,157200,0.0,0.0
2003-09-02 00:00:00-04:00,1.8799999952316284,2.109999895095825,1.850000023841858,2.0799999237060547,263800,0.0,0.0
2003-09-03 00:00:00-04:00,2.0799999237060547,2.0899999141693115,1.9900000095367432,2.0,108900,0.0,0.0
2003-09-04 00:00:00-04:00,2.0,2.0299999713897705,1.9299999475479126,2.0199999809265137,103200,0.0,0.0
2003-09-05 00:00:00-04:00,2.0199999809265137,2.0199999809265137,1.909999966621399,1.9800000190734863,61300,0.0,0.0
2003-09-08 00:00:00-04:00,1.9800000190734863,1.9800000190734863,1.840000033378601,1.909999966621399,107000,0.0,0.0
2003-09-09 00:00:00-04:00,1.9500000476837158,2.049999952316284,1.9500000476837158,1.9800000190734863,91700,0.0,0.0
2003-09-10 00:00:00-04:00,1.9800000190734863,2.0799999237060547,1.9800000190734863,1.9800000190734863,239900,0.0,0.0
2003-09-11 00:00:00-04:00,2.0,2.069999933242798,2.0,2.0299999713897705,60100,0.0,0.0
2003-09-12 00:00:00-04:00,2.0299999713897705,2.059999942779541,1.9700000286102295,1.9900000095367432,83000,0.0,0.0
2003-09-15 00:00:00-04:00,1.9900000095367432,2.059999942779541,1.9800000190734863,2.0,161000,0.0,0.0
2003-09-16 00:00:00-04:00,2.0,2.0199999809265137,1.850000023841858,1.899999976158142,150200,0.0,0.0
2003-09-17 00:00:00-04:00,1.899999976158142,1.899999976158142,1.8200000524520874,1.8799999952316284,102100,0.0,0.0
2003-09-18 00:00:00-04:00,1.8799999952316284,1.8799999952316284,1.6399999856948853,1.75,245600,0.0,0.0
2003-09-19 00:00:00-04:00,1.75,1.850000023841858,1.659999966621399,1.850000023841858,182800,0.0,0.0
2003-09-22 00:00:00-04:00,1.8799999952316284,2.0399999618530273,1.8799999952316284,1.9700000286102295,192100,0.0,0.0
2003-09-23 00:00:00-04:00,1.9700000286102295,2.0,1.899999976158142,1.9500000476837158,111300,0.0,0.0
2003-09-24 00:00:00-04:00,1.9500000476837158,2.0399999618530273,1.9299999475479126,2.0399999618530273,218900,0.0,0.0
2003-09-25 00:00:00-04:00,2.0399999618530273,2.130000114440918,2.0399999618530273,2.109999895095825,717800,0.0,0.0
2003-09-26 00:00:00-04:00,2.140000104904175,2.390000104904175,2.140000104904175,2.2899999618530273,1054200,0.0,0.0
2003-09-29 00:00:00-04:00,2.2899999618530273,2.4100000858306885,2.0899999141693115,2.1700000762939453,1795400,0.0,0.0
2003-09-30 00:00:00-04:00,2.1700000762939453,2.2799999713897705,2.1600000858306885,2.240000009536743,733600,0.0,0.0
2003-10-01 00:00:00-04:00,2.240000009536743,2.3399999141693115,2.2300000190734863,2.2699999809265137,805900,0.0,0.0
2003-10-02 00:00:00-04:00,2.2699999809265137,2.4000000953674316,2.2100000381469727,2.380000114440918,450300,0.0,0.0
2003-10-03 00:00:00-04:00,2.380000114440918,2.690000057220459,2.359999895095825,2.369999885559082,872500,0.0,0.0
2003-10-06 00:00:00-04:00,2.4800000190734863,2.6700000762939453,2.4800000190734863,2.6500000953674316,1257900,0.0,0.0
2003-10-07 00:00:00-04:00,2.6500000953674316,2.740000009536743,2.5799999237060547,2.640000104904175,518900,0.0,0.0
2003-10-08 00:00:00-04:00,2.640000104904175,2.819999933242798,2.630000114440918,2.799999952316284,486500,0.0,0.0
2003-10-09 00:00:00-04:00,2.8299999237060547,2.8399999141693115,2.559999942779541,2.609999895095825,342400,0.0,0.0
2003-10-10 00:00:00-04:00,2.609999895095825,2.690000057220459,2.549999952316284,2.5999999046325684,325900,0.0,0.0
2003-10-13 00:00:00-04:00,2.680000066757202,2.690000057220459,2.5799999237060547,2.680000066757202,261900,0.0,0.0
2003-10-14 00:00:00-04:00,2.690000057220459,2.7100000381469727,2.640000104904175,2.690000057220459,243300,0.0,0.0
2003-10-15 00:00:00-04:00,2.6500000953674316,2.690000057220459,2.5999999046325684,2.6500000953674316,333800,0.0,0.0
2003-10-16 00:00:00-04:00,2.6600000858306885,2.680000066757202,2.609999895095825,2.680000066757202,193300,0.0,0.0
2003-10-17 00:00:00-04:00,2.740000009536743,2.819999933242798,2.6700000762939453,2.799999952316284,150100,0.0,0.0
2003-10-20 00:00:00-04:00,2.8399999141693115,3.0199999809265137,2.7799999713897705,3.0199999809265137,356200,0.0,0.0
2003-10-21 00:00:00-04:00,3.0199999809265137,3.109999895095825,3.0,3.109999895095825,593300,0.0,0.0
2003-10-22 00:00:00-04:00,3.119999885559082,3.2799999713897705,3.0799999237060547,3.2799999713897705,416900,0.0,0.0
2003-10-23 00:00:00-04:00,3.2899999618530273,3.640000104904175,3.259999990463257,3.5799999237060547,684500,0.0,0.0
2003-10-24 00:00:00-04:00,3.640000104904175,3.9200000762939453,3.5999999046325684,3.5999999046325684,748600,0.0,0.0
2003-10-27 00:00:00-05:00,3.75,3.75,3.5999999046325684,3.6700000762939453,314600,0.0,0.0
2003-10-28 00:00:00-05:00,3.6700000762939453,3.6700000762939453,3.450000047683716,3.549999952316284,247100,0.0,0.0
2003-10-29 00:00:00-05:00,3.5199999809265137,3.75,3.5199999809265137,3.75,189300,0.0,0.0
2003-10-30 00:00:00-05:00,3.8399999141693115,3.880000114440918,3.680000066757202,3.819999933242798,194300,0.0,0.0
2003-10-31 00:00:00-05:00,3.8299999237060547,4.400000095367432,3.609999895095825,4.199999809265137,266200,0.0,0.0
2003-11-03 00:00:00-05:00,4.25,4.599999904632568,4.099999904632568,4.400000095367432,422400,0.0,0.0
2003-11-04 00:00:00-05:00,4.400000095367432,5.0,4.400000095367432,4.650000095367432,438600,0.0,0.0
2003-11-05 00:00:00-05:00,4.75,5.309999942779541,4.699999809265137,5.230000019073486,486900,0.0,0.0
2003-11-06 00:00:00-05:00,5.300000190734863,5.550000190734863,4.510000228881836,4.599999904632568,607700,0.0,0.0
2003-11-07 00:00:00-05:00,4.599999904632568,4.599999904632568,3.4100000858306885,4.199999809265137,782600,0.0,0.0
2003-11-10 00:00:00-05:00,4.349999904632568,4.630000114440918,4.150000095367432,4.570000171661377,252000,0.0,0.0
2003-11-11 00:00:00-05:00,4.570000171661377,4.96999979019165,4.570000171661377,4.699999809265137,155200,0.0,0.0
2003-11-12 00:00:00-05:00,4.75,4.909999847412109,4.650000095367432,4.699999809265137,230200,0.0,0.0
2003-11-13 00:00:00-05:00,4.869999885559082,4.949999809265137,4.610000133514404,4.650000095367432,137600,0.0,0.0
2003-11-14 00:00:00-05:00,4.679999828338623,4.800000190734863,3.9700000286102295,4.039999961853027,437000,0.0,0.0
2003-11-17 00:00:00-05:00,4.050000190734863,4.320000171661377,4.039999961853027,4.25,255400,0.0,0.0
2003-11-18 00:00:00-05:00,4.230000019073486,4.5,4.230000019073486,4.369999885559082,170800,0.0,0.0
2003-11-19 00:00:00-05:00,4.489999771118164,4.489999771118164,4.039999961853027,4.150000095367432,114300,0.0,0.0
2003-11-20 00:00:00-05:00,4.099999904632568,4.300000190734863,3.6500000953674316,3.799999952316284,356400,0.0,0.0
2003-11-21 00:00:00-05:00,3.8499999046325684,3.8499999046325684,3.450000047683716,3.690000057220459,412100,0.0,0.0
2003-11-24 00:00:00-05:00,3.6500000953674316,3.7799999713897705,3.549999952316284,3.75,256100,0.0,0.0
2003-11-25 00:00:00-05:00,3.75,4.03000020980835,3.5999999046325684,4.0,149100,0.0,0.0
2003-11-26 00:00:00-05:00,4.099999904632568,4.300000190734863,3.950000047683716,4.150000095367432,166900,0.0,0.0
2003-11-28 00:00:00-05:00,4.139999866485596,4.230000019073486,4.139999866485596,4.159999847412109,72900,0.0,0.0
2003-12-01 00:00:00-05:00,4.269999980926514,4.449999809265137,4.170000076293945,4.170000076293945,257400,0.0,0.0
2003-12-02 00:00:00-05:00,4.199999809265137,4.349999904632568,4.150000095367432,4.150000095367432,225800,0.0,0.0
2003-12-03 00:00:00-05:00,4.199999809265137,4.25,4.019999980926514,4.150000095367432,122700,0.0,0.0
2003-12-04 00:00:00-05:00,4.079999923706055,4.150000095367432,3.799999952316284,3.859999895095825,165100,0.0,0.0
2003-12-05 00:00:00-05:00,3.8499999046325684,4.119999885559082,3.700000047683716,3.950000047683716,118800,0.0,0.0
2003-12-08 00:00:00-05:00,4.099999904632568,4.269999980926514,4.099999904632568,4.239999771118164,144000,0.0,0.0
2003-12-09 00:00:00-05:00,4.25,4.289999961853027,4.0,4.0,111000,0.0,0.0
2003-12-10 00:00:00-05:00,4.039999961853027,4.139999866485596,3.700000047683716,3.8499999046325684,207800,0.0,0.0
2003-12-11 00:00:00-05:00,3.630000114440918,3.9600000381469727,3.430000066757202,3.8499999046325684,247700,0.0,0.0
2003-12-12 00:00:00-05:00,3.930000066757202,4.150000095367432,3.8499999046325684,4.059999942779541,98300,0.0,0.0
2003-12-15 00:00:00-05:00,4.0,4.400000095367432,4.0,4.269999980926514,270300,0.0,0.0
2003-12-16 00:00:00-05:00,4.300000190734863,4.400000095367432,4.25,4.309999942779541,81200,0.0,0.0
2003-12-17 00:00:00-05:00,4.400000095367432,4.400000095367432,4.199999809265137,4.199999809265137,81100,0.0,0.0
2003-12-18 00:00:00-05:00,4.199999809265137,4.300000190734863,4.099999904632568,4.199999809265137,65300,0.0,0.0
2003-12-19 00:00:00-05:00,4.119999885559082,4.199999809265137,3.950000047683716,4.0,238600,0.0,0.0
2003-12-22 00:00:00-05:00,4.0,4.050000190734863,3.9000000953674316,4.03000020980835,67800,0.0,0.0
2003-12-23 00:00:00-05:00,3.950000047683716,4.050000190734863,3.9000000953674316,3.9700000286102295,76100,0.0,0.0
2003-12-24 00:00:00-05:00,4.0,4.099999904632568,3.950000047683716,4.0,25000,0.0,0.0
2003-12-26 00:00:00-05:00,4.050000190734863,4.050000190734863,3.950000047683716,3.950000047683716,18000,0.0,0.0
2003-12-29 00:00:00-05:00,4.050000190734863,4.230000019073486,3.950000047683716,4.210000038146973,100800,0.0,0.0
2003-12-30 00:00:00-05:00,4.25,4.380000114440918,4.210000038146973,4.369999885559082,146000,0.0,0.0
2003-12-31 00:00:00-05:00,4.340000152587891,4.449999809265137,4.269999980926514,4.349999904632568,61800,0.0,0.0
2004-01-02 00:00:00-05:00,4.400000095367432,4.800000190734863,4.349999904632568,4.659999847412109,208600,0.0,0.0
2004-01-05 00:00:00-05:00,5.150000095367432,5.199999809265137,4.800000190734863,5.0,326100,0.0,0.0
2004-01-06 00:00:00-05:00,4.900000095367432,5.099999904632568,4.800000190734863,4.909999847412109,72500,0.0,0.0
2004-01-07 00:00:00-05:00,5.0,5.0,4.849999904632568,4.949999809265137,104500,0.0,0.0
2004-01-08 00:00:00-05:00,4.980000019073486,5.099999904632568,4.829999923706055,5.099999904632568,103600,0.0,0.0
2004-01-09 00:00:00-05:00,5.0,5.480000019073486,5.0,5.349999904632568,196100,0.0,0.0
2004-01-12 00:00:00-05:00,5.480000019073486,5.929999828338623,5.150000095367432,5.849999904632568,152000,0.0,0.0
2004-01-13 00:00:00-05:00,5.869999885559082,5.989999771118164,5.840000152587891,5.900000095367432,229400,0.0,0.0
2004-01-14 00:00:00-05:00,5.909999847412109,5.980000019073486,5.300000190734863,5.5,224800,0.0,0.0
2004-01-15 00:00:00-05:00,4.949999809265137,5.150000095367432,4.699999809265137,4.840000152587891,245300,0.0,0.0
2004-01-16 00:00:00-05:00,4.800000190734863,5.300000190734863,4.599999904632568,5.300000190734863,224400,0.0,0.0
2004-01-20 00:00:00-05:00,5.199999809265137,5.75,5.050000190734863,5.599999904632568,168800,0.0,0.0
2004-01-21 00:00:00-05:00,5.699999809265137,7.199999809265137,5.699999809265137,7.199999809265137,1004100,0.0,0.0
2004-01-22 00:00:00-05:00,8.5,9.0,7.110000133514404,7.5,1214700,0.0,0.0
2004-01-23 00:00:00-05:00,7.150000095367432,7.400000095367432,6.0,6.300000190734863,646700,0.0,0.0
2004-01-26 00:00:00-05:00,6.0,6.25,5.599999904632568,5.650000095367432,529200,0.0,0.0
2004-01-27 00:00:00-05:00,5.650000095367432,6.199999809265137,5.5,5.900000095367432,567300,0.0,0.0
2004-01-28 00:00:00-05:00,6.050000190734863,6.099999904632568,5.849999904632568,6.0,272400,0.0,0.0
2004-01-29 00:00:00-05:00,6.0,6.019999980926514,5.75,5.849999904632568,180300,0.0,0.0
2004-01-30 00:00:00-05:00,5.949999809265137,6.150000095367432,5.800000190734863,6.150000095367432,100000,0.0,0.0
2004-02-02 00:00:00-05:00,6.199999809265137,6.199999809265137,5.75,6.0,156600,0.0,0.0
2004-02-03 00:00:00-05:00,5.949999809265137,6.0,5.849999904632568,6.0,152500,0.0,0.0
2004-02-04 00:00:00-05:00,6.0,6.050000190734863,5.75,5.75,110500,0.0,0.0
2004-02-05 00:00:00-05:00,5.75,5.800000190734863,5.099999904632568,5.5,215400,0.0,0.0
2004-02-06 00:00:00-05:00,5.630000114440918,5.75,5.599999904632568,5.650000095367432,150200,0.0,0.0
2004-02-09 00:00:00-05:00,5.699999809265137,6.5,5.699999809265137,6.5,273000,0.0,0.0
2004-02-10 00:00:00-05:00,6.699999809265137,6.800000190734863,6.5,6.699999809265137,344800,0.0,0.0
2004-02-11 00:00:00-05:00,6.800000190734863,7.0,6.699999809265137,6.860000133514404,175900,0.0,0.0
2004-02-12 00:00:00-05:00,6.949999809265137,6.949999809265137,6.599999904632568,6.75,115700,0.0,0.0
2004-02-13 00:00:00-05:00,6.849999904632568,6.849999904632568,6.599999904632568,6.650000095367432,96300,0.0,0.0
2004-02-17 00:00:00-05:00,6.699999809265137,6.949999809265137,6.699999809265137,6.800000190734863,332900,0.0,0.0
2004-02-18 00:00:00-05:00,6.900000095367432,6.900000095367432,6.75,6.820000171661377,142400,0.0,0.0
2004-02-19 00:00:00-05:00,6.869999885559082,6.869999885559082,6.630000114440918,6.630000114440918,105500,0.0,0.0
2004-02-20 00:00:00-05:00,6.650000095367432,6.699999809265137,6.349999904632568,6.449999809265137,124000,0.0,0.0
2004-02-23 00:00:00-05:00,6.46999979019165,6.46999979019165,6.050000190734863,6.190000057220459,165000,0.0,0.0
2004-02-24 00:00:00-05:00,6.199999809265137,6.599999904632568,6.099999904632568,6.489999771118164,85900,0.0,0.0
2004-02-25 00:00:00-05:00,6.449999809265137,6.449999809265137,5.980000019073486,6.099999904632568,70800,0.0,0.0
2004-02-26 00:00:00-05:00,6.050000190734863,6.159999847412109,5.949999809265137,6.0,218400,0.0,0.0
2004-02-27 00:00:00-05:00,6.050000190734863,6.050000190734863,5.75,6.019999980926514,50400,0.0,0.0
2004-03-01 00:00:00-05:00,6.079999923706055,6.300000190734863,6.039999961853027,6.25,59100,0.0,0.0
2004-03-02 00:00:00-05:00,6.199999809265137,6.199999809265137,5.949999809265137,6.010000228881836,97900,0.0,0.0
2004-03-03 00:00:00-05:00,6.099999904632568,6.099999904632568,5.75,6.0,114300,0.0,0.0
2004-03-04 00:00:00-05:00,5.900000095367432,6.079999923706055,5.900000095367432,5.900000095367432,60000,0.0,0.0
2004-03-05 00:00:00-05:00,6.0,6.25,6.0,6.199999809265137,70200,0.0,0.0
2004-03-08 00:00:00-05:00,6.239999771118164,6.239999771118164,6.0,6.150000095367432,94200,0.0,0.0
2004-03-09 00:00:00-05:00,6.0,6.119999885559082,5.900000095367432,6.050000190734863,101000,0.0,0.0
2004-03-10 00:00:00-05:00,6.050000190734863,6.050000190734863,5.849999904632568,5.949999809265137,58500,0.0,0.0
2004-03-11 00:00:00-05:00,6.0,6.039999961853027,5.849999904632568,5.949999809265137,58000,0.0,0.0
2004-03-12 00:00:00-05:00,5.800000190734863,5.980000019073486,5.659999847412109,5.699999809265137,109100,0.0,0.0
2004-03-15 00:00:00-05:00,5.75,5.900000095367432,5.5,5.590000152587891,107500,0.0,0.0
2004-03-16 00:00:00-05:00,5.480000019073486,5.650000095367432,5.409999847412109,5.460000038146973,102300,0.0,0.0
2004-03-17 00:00:00-05:00,5.5,5.75,5.400000095367432,5.650000095367432,106600,0.0,0.0
2004-03-18 00:00:00-05:00,5.699999809265137,5.949999809265137,5.699999809265137,5.949999809265137,194900,0.0,0.0
2004-03-19 00:00:00-05:00,5.940000057220459,5.949999809265137,5.800000190734863,5.820000171661377,60100,0.0,0.0
2004-03-22 00:00:00-05:00,5.949999809265137,5.949999809265137,5.769999980926514,5.800000190734863,125100,0.0,0.0
2004-03-23 00:00:00-05:00,5.800000190734863,5.840000152587891,5.599999904632568,5.710000038146973,54300,0.0,0.0
2004-03-24 00:00:00-05:00,5.78000020980835,5.78000020980835,5.449999809265137,5.699999809265137,100300,0.0,0.0
2004-03-25 00:00:00-05:00,5.800000190734863,5.889999866485596,5.699999809265137,5.75,108200,0.0,0.0
2004-03-26 00:00:00-05:00,5.849999904632568,5.849999904632568,5.699999809265137,5.699999809265137,74900,0.0,0.0
2004-03-29 00:00:00-05:00,5.71999979019165,5.849999904632568,5.71999979019165,5.820000171661377,88700,0.0,0.0
2004-03-30 00:00:00-05:00,5.840000152587891,5.840000152587891,5.75,5.800000190734863,89900,0.0,0.0
2004-03-31 00:00:00-05:00,5.800000190734863,5.940000057220459,5.75,5.809999942779541,70700,0.0,0.0
2004-04-01 00:00:00-05:00,5.900000095367432,5.940000057220459,5.820000171661377,5.849999904632568,87900,0.0,0.0
2004-04-02 00:00:00-05:00,5.840000152587891,5.889999866485596,5.579999923706055,5.650000095367432,101000,0.0,0.0
2004-04-05 00:00:00-04:00,5.619999885559082,5.699999809265137,5.550000190734863,5.619999885559082,42200,0.0,0.0
2004-04-06 00:00:00-04:00,5.699999809265137,5.739999771118164,5.599999904632568,5.699999809265137,52100,0.0,0.0
2004-04-07 00:00:00-04:00,5.739999771118164,5.739999771118164,5.599999904632568,5.650000095367432,38100,0.0,0.0
2004-04-08 00:00:00-04:00,5.679999828338623,5.679999828338623,5.28000020980835,5.300000190734863,91100,0.0,0.0
2004-04-12 00:00:00-04:00,5.269999980926514,5.329999923706055,5.050000190734863,5.050000190734863,122400,0.0,0.0
2004-04-13 00:00:00-04:00,5.03000020980835,5.050000190734863,4.300000190734863,4.599999904632568,333400,0.0,0.0
2004-04-14 00:00:00-04:00,4.570000171661377,4.650000095367432,4.079999923706055,4.5,326600,0.0,0.0
2004-04-15 00:00:00-04:00,4.400000095367432,4.699999809265137,4.309999942779541,4.699999809265137,136400,0.0,0.0
2004-04-16 00:00:00-04:00,4.650000095367432,5.099999904632568,4.579999923706055,5.099999904632568,183200,0.0,0.0
2004-04-19 00:00:00-04:00,5.150000095367432,5.5,5.099999904632568,5.349999904632568,210600,0.0,0.0
2004-04-20 00:00:00-04:00,5.349999904632568,5.349999904632568,5.0,5.170000076293945,161700,0.0,0.0
2004-04-21 00:00:00-04:00,5.050000190734863,5.099999904632568,4.599999904632568,4.650000095367432,253100,0.0,0.0
2004-04-22 00:00:00-04:00,4.599999904632568,4.769999980926514,4.599999904632568,4.650000095367432,45400,0.0,0.0
2004-04-23 00:00:00-04:00,4.650000095367432,4.650000095367432,4.360000133514404,4.440000057220459,97500,0.0,0.0
2004-04-26 00:00:00-04:00,4.5,4.849999904632568,4.449999809265137,4.800000190734863,75900,0.0,0.0
2004-04-27 00:00:00-04:00,4.800000190734863,4.949999809265137,4.670000076293945,4.849999904632568,80600,0.0,0.0
2004-04-28 00:00:00-04:00,4.849999904632568,4.949999809265137,4.300000190734863,4.349999904632568,176600,0.0,0.0
2004-04-29 00:00:00-04:00,4.190000057220459,4.400000095367432,4.139999866485596,4.150000095367432,175200,0.0,0.0
2004-04-30 00:00:00-04:00,4.150000095367432,4.349999904632568,4.150000095367432,4.190000057220459,82800,0.0,0.0
2004-05-03 00:00:00-04:00,4.199999809265137,4.199999809265137,4.050000190734863,4.099999904632568,78000,0.0,0.0
2004-05-04 00:00:00-04:00,4.099999904632568,4.25,4.0,4.010000228881836,110700,0.0,0.0
2004-05-05 00:00:00-04:00,4.099999904632568,4.340000152587891,4.010000228881836,4.28000020980835,117400,0.0,0.0
2004-05-06 00:00:00-04:00,4.300000190734863,4.300000190734863,3.8299999237060547,3.950000047683716,177800,0.0,0.0
2004-05-07 00:00:00-04:00,3.75,4.0,3.549999952316284,3.700000047683716,142600,0.0,0.0
2004-05-10 00:00:00-04:00,3.299999952316284,3.3499999046325684,2.9000000953674316,3.259999990463257,292400,0.0,0.0
2004-05-11 00:00:00-04:00,3.069999933242798,3.180000066757202,2.9200000762939453,3.069999933242798,244900,0.0,0.0
2004-05-12 00:00:00-04:00,3.140000104904175,3.450000047683716,3.119999885559082,3.4000000953674316,202000,0.0,0.0
2004-05-13 00:00:00-04:00,3.430000066757202,3.430000066757202,3.109999895095825,3.1500000953674316,80500,0.0,0.0
2004-05-14 00:00:00-04:00,3.190000057220459,3.200000047683716,3.0999999046325684,3.0999999046325684,48900,0.0,0.0
2004-05-17 00:00:00-04:00,3.119999885559082,3.2899999618530273,3.119999885559082,3.1500000953674316,85000,0.0,0.0
2004-05-18 00:00:00-04:00,3.200000047683716,3.2200000286102295,3.1700000762939453,3.2100000381469727,52000,0.0,0.0
2004-05-19 00:00:00-04:00,3.2200000286102295,3.5799999237060547,3.200000047683716,3.380000114440918,102400,0.0,0.0
2004-05-20 00:00:00-04:00,3.4100000858306885,3.5,3.299999952316284,3.5,67100,0.0,0.0
2004-05-21 00:00:00-04:00,3.5999999046325684,3.930000066757202,3.5999999046325684,3.9200000762939453,159400,0.0,0.0
2004-05-24 00:00:00-04:00,3.9000000953674316,4.0,3.7799999713897705,4.0,92200,0.0,0.0
2004-05-25 00:00:00-04:00,4.079999923706055,4.119999885559082,4.050000190734863,4.099999904632568,68100,0.0,0.0
2004-05-26 00:00:00-04:00,4.110000133514404,4.25,4.110000133514404,4.170000076293945,69100,0.0,0.0
2004-05-27 00:00:00-04:00,4.170000076293945,4.21999979019165,4.150000095367432,4.150000095367432,86900,0.0,0.0
2004-05-28 00:00:00-04:00,4.199999809265137,4.199999809265137,3.9100000858306885,3.9700000286102295,42100,0.0,0.0
2004-06-01 00:00:00-04:00,4.019999980926514,4.019999980926514,3.819999933242798,3.9000000953674316,46100,0.0,0.0
2004-06-02 00:00:00-04:00,4.0,4.0,3.180000066757202,3.6600000858306885,102200,0.0,0.0
2004-06-03 00:00:00-04:00,3.75,3.75,3.509999990463257,3.509999990463257,42800,0.0,0.0
2004-06-04 00:00:00-04:00,3.450000047683716,3.700000047683716,3.450000047683716,3.700000047683716,32100,0.0,0.0
2004-06-07 00:00:00-04:00,3.700000047683716,3.75,3.619999885559082,3.6600000858306885,57400,0.0,0.0
2004-06-08 00:00:00-04:00,3.630000114440918,3.6500000953674316,3.5,3.5799999237060547,41200,0.0,0.0
2004-06-09 00:00:00-04:00,3.509999990463257,3.5999999046325684,3.509999990463257,3.509999990463257,29100,0.0,0.0
2004-06-10 00:00:00-04:00,3.509999990463257,3.509999990463257,3.3399999141693115,3.430000066757202,62500,0.0,0.0
2004-06-14 00:00:00-04:00,3.4200000762939453,3.4200000762939453,3.0799999237060547,3.130000114440918,134700,0.0,0.0
2004-06-15 00:00:00-04:00,3.049999952316284,3.2300000190734863,3.049999952316284,3.1500000953674316,115100,0.0,0.0
2004-06-16 00:00:00-04:00,3.1500000953674316,3.1600000858306885,3.0299999713897705,3.0299999713897705,35500,0.0,0.0
2004-06-17 00:00:00-04:00,3.049999952316284,3.240000009536743,3.049999952316284,3.1500000953674316,78500,0.0,0.0
2004-06-18 00:00:00-04:00,3.2200000286102295,3.5899999141693115,3.180000066757202,3.5799999237060547,127800,0.0,0.0
2004-06-21 00:00:00-04:00,3.6500000953674316,3.6500000953674316,3.4600000381469727,3.5,78100,0.0,0.0
2004-06-22 00:00:00-04:00,3.5,3.619999885559082,3.5,3.619999885559082,29100,0.0,0.0
2004-06-23 00:00:00-04:00,3.5999999046325684,3.9800000190734863,3.5999999046325684,3.9000000953674316,108800,0.0,0.0
2004-06-24 00:00:00-04:00,4.0,4.309999942779541,3.950000047683716,4.199999809265137,84000,0.0,0.0
2004-06-25 00:00:00-04:00,4.099999904632568,4.25,3.799999952316284,4.059999942779541,64900,0.0,0.0
2004-06-28 00:00:00-04:00,4.099999904632568,4.099999904632568,3.799999952316284,3.940000057220459,50800,0.0,0.0
2004-06-29 00:00:00-04:00,3.950000047683716,3.950000047683716,3.700000047683716,3.7899999618530273,23700,0.0,0.0
2004-06-30 00:00:00-04:00,3.7899999618530273,4.019999980926514,3.7899999618530273,3.9800000190734863,37700,0.0,0.0
2004-07-01 00:00:00-04:00,4.019999980926514,4.150000095367432,3.9700000286102295,4.0,19700,0.0,0.0
2004-07-02 00:00:00-04:00,4.150000095367432,4.150000095367432,3.9100000858306885,4.0,32800,0.0,0.0
2004-07-06 00:00:00-04:00,4.050000190734863,4.099999904632568,3.75,3.8499999046325684,43600,0.0,0.0
2004-07-07 00:00:00-04:00,3.799999952316284,4.0,3.799999952316284,3.799999952316284,39100,0.0,0.0
2004-07-08 00:00:00-04:00,4.0,4.0,3.819999933242798,3.9000000953674316,55100,0.0,0.0
2004-07-09 00:00:00-04:00,3.8499999046325684,4.119999885559082,3.7899999618530273,4.119999885559082,88400,0.0,0.0
2004-07-12 00:00:00-04:00,4.150000095367432,4.300000190734863,4.110000133514404,4.230000019073486,61900,0.0,0.0
2004-07-13 00:00:00-04:00,4.150000095367432,4.199999809265137,4.099999904632568,4.099999904632568,37400,0.0,0.0
2004-07-14 00:00:00-04:00,4.099999904632568,4.199999809265137,4.099999904632568,4.119999885559082,23700,0.0,0.0
2004-07-15 00:00:00-04:00,4.099999904632568,4.150000095367432,4.050000190734863,4.099999904632568,30100,0.0,0.0
2004-07-16 00:00:00-04:00,4.059999942779541,4.150000095367432,4.059999942779541,4.150000095367432,25400,0.0,0.0
2004-07-19 00:00:00-04:00,4.150000095367432,4.150000095367432,3.799999952316284,3.9000000953674316,31100,0.0,0.0
2004-07-20 00:00:00-04:00,3.8499999046325684,3.9000000953674316,3.809999942779541,3.819999933242798,22300,0.0,0.0
2004-07-21 00:00:00-04:00,3.8499999046325684,3.950000047683716,3.5,3.549999952316284,63400,0.0,0.0
2004-07-22 00:00:00-04:00,3.5899999141693115,3.740000009536743,3.3499999046325684,3.4100000858306885,146500,0.0,0.0
2004-07-23 00:00:00-04:00,3.549999952316284,3.549999952316284,3.3299999237060547,3.4000000953674316,73900,0.0,0.0
2004-07-26 00:00:00-04:00,3.3299999237060547,3.4000000953674316,2.9800000190734863,3.059999942779541,107200,0.0,0.0
2004-07-27 00:00:00-04:00,3.0999999046325684,3.25,2.9000000953674316,3.119999885559082,77300,0.0,0.0
2004-07-28 00:00:00-04:00,3.240000009536743,3.299999952316284,3.1500000953674316,3.299999952316284,33100,0.0,0.0
2004-07-29 00:00:00-04:00,3.25,3.450000047683716,3.25,3.369999885559082,32000,0.0,0.0
2004-07-30 00:00:00-04:00,3.450000047683716,3.6500000953674316,3.450000047683716,3.549999952316284,28700,0.0,0.0
2004-08-02 00:00:00-04:00,3.9000000953674316,3.9000000953674316,3.559999942779541,3.5999999046325684,33100,0.0,0.0
2004-08-03 00:00:00-04:00,3.549999952316284,3.799999952316284,3.5199999809265137,3.700000047683716,34000,0.0,0.0
2004-08-04 00:00:00-04:00,3.700000047683716,3.799999952316284,3.6500000953674316,3.700000047683716,42900,0.0,0.0
2004-08-05 00:00:00-04:00,3.690000057220459,3.799999952316284,3.690000057220459,3.700000047683716,25500,0.0,0.0
2004-08-06 00:00:00-04:00,3.7100000381469727,3.740000009536743,3.5,3.5,74100,0.0,0.0
2004-08-09 00:00:00-04:00,3.5,3.549999952316284,3.4000000953674316,3.5,30400,0.0,0.0
2004-08-10 00:00:00-04:00,3.4000000953674316,3.549999952316284,3.299999952316284,3.299999952316284,30600,0.0,0.0
2004-08-11 00:00:00-04:00,3.4000000953674316,3.450000047683716,3.299999952316284,3.299999952316284,12200,0.0,0.0
2004-08-12 00:00:00-04:00,3.299999952316284,3.5,3.299999952316284,3.5,8300,0.0,0.0
2004-08-13 00:00:00-04:00,3.4000000953674316,3.6500000953674316,3.4000000953674316,3.549999952316284,32000,0.0,0.0
2004-08-16 00:00:00-04:00,3.5999999046325684,3.6500000953674316,3.5,3.5299999713897705,31300,0.0,0.0
2004-08-17 00:00:00-04:00,3.5,3.5999999046325684,3.5,3.5899999141693115,25300,0.0,0.0
2004-08-18 00:00:00-04:00,3.5999999046325684,3.6500000953674316,3.5,3.6500000953674316,17400,0.0,0.0
2004-08-19 00:00:00-04:00,3.5199999809265137,3.75,3.509999990463257,3.75,19800,0.0,0.0
2004-08-20 00:00:00-04:00,3.549999952316284,3.950000047683716,3.5,3.8499999046325684,67500,0.0,0.0
2004-08-23 00:00:00-04:00,3.799999952316284,3.950000047683716,3.75,3.9100000858306885,19700,0.0,0.0
2004-08-24 00:00:00-04:00,3.9000000953674316,4.150000095367432,3.9000000953674316,4.079999923706055,57400,0.0,0.0
2004-08-25 00:00:00-04:00,4.199999809265137,4.320000171661377,4.059999942779541,4.269999980926514,59700,0.0,0.0
2004-08-26 00:00:00-04:00,4.28000020980835,4.340000152587891,4.210000038146973,4.329999923706055,53200,0.0,0.0
2004-08-27 00:00:00-04:00,4.369999885559082,4.449999809265137,4.199999809265137,4.230000019073486,75000,0.0,0.0
2004-08-30 00:00:00-04:00,4.199999809265137,4.389999866485596,4.170000076293945,4.199999809265137,25800,0.0,0.0
2004-08-31 00:00:00-04:00,4.25,4.25,3.799999952316284,4.050000190734863,43800,0.0,0.0
2004-09-01 00:00:00-04:00,4.0,4.0,3.8499999046325684,3.950000047683716,12600,0.0,0.0
2004-09-02 00:00:00-04:00,3.9000000953674316,4.099999904632568,3.890000104904175,3.930000066757202,34000,0.0,0.0
2004-09-03 00:00:00-04:00,4.070000171661377,4.070000171661377,3.9000000953674316,4.0,37700,0.0,0.0
2004-09-07 00:00:00-04:00,3.950000047683716,3.950000047683716,3.759999990463257,3.8299999237060547,55900,0.0,0.0
2004-09-08 00:00:00-04:00,3.809999942779541,4.0,3.7899999618530273,4.0,19100,0.0,0.0
2004-09-09 00:00:00-04:00,3.9000000953674316,3.950000047683716,3.8399999141693115,3.950000047683716,15000,0.0,0.0
2004-09-10 00:00:00-04:00,3.9000000953674316,3.930000066757202,3.819999933242798,3.9000000953674316,23200,0.0,0.0
2004-09-13 00:00:00-04:00,3.8399999141693115,3.9000000953674316,3.6700000762939453,3.7200000286102295,65000,0.0,0.0
2004-09-14 00:00:00-04:00,3.700000047683716,3.799999952316284,3.680000066757202,3.799999952316284,38200,0.0,0.0
2004-09-15 00:00:00-04:00,3.700000047683716,3.799999952316284,3.700000047683716,3.799999952316284,5800,0.0,0.0
2004-09-16 00:00:00-04:00,3.700000047683716,3.8499999046325684,3.700000047683716,3.799999952316284,16100,0.0,0.0
2004-09-17 00:00:00-04:00,3.7200000286102295,3.809999942779541,3.680000066757202,3.680000066757202,25700,0.0,0.0
2004-09-20 00:00:00-04:00,3.690000057220459,3.7300000190734863,3.5899999141693115,3.609999895095825,23900,0.0,0.0
2004-09-21 00:00:00-04:00,3.619999885559082,3.75,3.5999999046325684,3.75,31300,0.0,0.0
2004-09-22 00:00:00-04:00,3.7300000190734863,3.8499999046325684,3.6500000953674316,3.75,13200,0.0,0.0
2004-09-23 00:00:00-04:00,3.799999952316284,3.8499999046325684,3.6500000953674316,3.7899999618530273,42400,0.0,0.0
2004-09-24 00:00:00-04:00,3.75,3.9000000953674316,3.75,3.8499999046325684,26300,0.0,0.0
2004-09-27 00:00:00-04:00,3.9000000953674316,4.0,3.8499999046325684,3.880000114440918,52400,0.0,0.0
2004-09-28 00:00:00-04:00,3.940000057220459,4.159999847412109,3.9000000953674316,4.050000190734863,61200,0.0,0.0
2004-09-29 00:00:00-04:00,4.090000152587891,4.239999771118164,4.090000152587891,4.150000095367432,66600,0.0,0.0
2004-09-30 00:00:00-04:00,4.25,4.5,4.199999809265137,4.5,87500,0.0,0.0
2004-10-01 00:00:00-04:00,4.5,4.949999809265137,4.400000095367432,4.949999809265137,140000,0.0,0.0
2004-10-04 00:00:00-04:00,4.800000190734863,4.949999809265137,4.550000190734863,4.639999866485596,98200,0.0,0.0
2004-10-05 00:00:00-04:00,4.639999866485596,5.050000190734863,4.570000171661377,4.849999904632568,98800,0.0,0.0
2004-10-06 00:00:00-04:00,4.849999904632568,5.090000152587891,4.849999904632568,5.0,93700,0.0,0.0
2004-10-07 00:00:00-04:00,5.0,5.0,4.75,4.920000076293945,51500,0.0,0.0
2004-10-08 00:00:00-04:00,5.0,5.090000152587891,4.849999904632568,4.900000095367432,96500,0.0,0.0
2004-10-11 00:00:00-04:00,5.050000190734863,5.179999828338623,5.0,5.050000190734863,68100,0.0,0.0
2004-10-12 00:00:00-04:00,4.980000019073486,5.0,4.800000190734863,4.900000095367432,78400,0.0,0.0
2004-10-13 00:00:00-04:00,4.800000190734863,4.800000190734863,4.599999904632568,4.800000190734863,90300,0.0,0.0
2004-10-14 00:00:00-04:00,4.800000190734863,4.849999904632568,4.650000095367432,4.849999904632568,20400,0.0,0.0
2004-10-15 00:00:00-04:00,4.800000190734863,5.0,4.800000190734863,4.980000019073486,20200,0.0,0.0
2004-10-18 00:00:00-04:00,5.050000190734863,5.28000020980835,4.980000019073486,5.170000076293945,73700,0.0,0.0
2004-10-19 00:00:00-04:00,5.170000076293945,5.340000152587891,5.059999942779541,5.28000020980835,65300,0.0,0.0
2004-10-20 00:00:00-04:00,5.369999885559082,5.889999866485596,5.349999904632568,5.53000020980835,242900,0.0,0.0
2004-10-21 00:00:00-04:00,5.699999809265137,5.699999809265137,5.519999980926514,5.599999904632568,61000,0.0,0.0
2004-10-22 00:00:00-04:00,5.730000019073486,5.980000019073486,5.619999885559082,5.960000038146973,164500,0.0,0.0
2004-10-25 00:00:00-04:00,5.980000019073486,5.980000019073486,5.679999828338623,5.800000190734863,128400,0.0,0.0
2004-10-26 00:00:00-04:00,5.980000019073486,5.980000019073486,5.739999771118164,5.739999771118164,57600,0.0,0.0
2004-10-27 00:00:00-04:00,5.820000171661377,5.820000171661377,5.5,5.599999904632568,44300,0.0,0.0
2004-10-28 00:00:00-04:00,5.519999980926514,5.519999980926514,5.199999809265137,5.5,89800,0.0,0.0
2004-10-29 00:00:00-04:00,5.5,5.5,5.329999923706055,5.400000095367432,64600,0.0,0.0
2004-11-01 00:00:00-05:00,5.400000095367432,5.550000190734863,5.199999809265137,5.210000038146973,42900,0.0,0.0
2004-11-02 00:00:00-05:00,5.110000133514404,5.380000114440918,5.059999942779541,5.260000228881836,177600,0.0,0.0
2004-11-03 00:00:00-05:00,5.300000190734863,5.849999904632568,5.25,5.849999904632568,140000,0.0,0.0
2004-11-04 00:00:00-05:00,6.039999961853027,6.099999904632568,5.78000020980835,5.849999904632568,147200,0.0,0.0
2004-11-05 00:00:00-05:00,5.889999866485596,5.960000038146973,5.849999904632568,5.889999866485596,94000,0.0,0.0
2004-11-08 00:00:00-05:00,5.900000095367432,5.900000095367432,5.75,5.769999980926514,70400,0.0,0.0
2004-11-09 00:00:00-05:00,5.800000190734863,5.909999847412109,5.760000228881836,5.909999847412109,33500,0.0,0.0
2004-11-10 00:00:00-05:00,5.960000038146973,5.960000038146973,5.599999904632568,5.75,63500,0.0,0.0
2004-11-11 00:00:00-05:00,5.820000171661377,5.900000095367432,5.739999771118164,5.900000095367432,34100,0.0,0.0
2004-11-12 00:00:00-05:00,5.989999771118164,6.0,5.800000190734863,5.849999904632568,50200,0.0,0.0
2004-11-15 00:00:00-05:00,5.940000057220459,5.940000057220459,5.400000095367432,5.400000095367432,92000,0.0,0.0
2004-11-16 00:00:00-05:00,5.5,5.900000095367432,5.449999809265137,5.889999866485596,93500,0.0,0.0
2004-11-17 00:00:00-05:00,5.989999771118164,5.989999771118164,5.619999885559082,5.619999885559082,81600,0.0,0.0
2004-11-18 00:00:00-05:00,5.739999771118164,5.75,5.539999961853027,5.610000133514404,59900,0.0,0.0
2004-11-19 00:00:00-05:00,5.599999904632568,5.670000076293945,5.449999809265137,5.460000038146973,102000,0.0,0.0
2004-11-22 00:00:00-05:00,5.5,5.5,5.269999980926514,5.269999980926514,116400,0.0,0.0
2004-11-23 00:00:00-05:00,5.170000076293945,5.239999771118164,5.010000228881836,5.039999961853027,114100,0.0,0.0
2004-11-24 00:00:00-05:00,5.090000152587891,5.210000038146973,5.050000190734863,5.099999904632568,26600,0.0,0.0
2004-11-26 00:00:00-05:00,5.199999809265137,5.199999809265137,5.110000133514404,5.190000057220459,40800,0.0,0.0
2004-11-29 00:00:00-05:00,5.199999809265137,5.599999904632568,5.159999847412109,5.599999904632568,147200,0.0,0.0
2004-11-30 00:00:00-05:00,5.78000020980835,5.880000114440918,5.300000190734863,5.550000190734863,155400,0.0,0.0
2004-12-01 00:00:00-05:00,5.5,5.599999904632568,5.239999771118164,5.239999771118164,113500,0.0,0.0
2004-12-02 00:00:00-05:00,5.260000228881836,5.349999904632568,4.809999942779541,4.900000095367432,141700,0.0,0.0
2004-12-03 00:00:00-05:00,4.900000095367432,5.199999809265137,4.769999980926514,5.019999980926514,73800,0.0,0.0
2004-12-06 00:00:00-05:00,5.050000190734863,5.079999923706055,4.75,4.860000133514404,98300,0.0,0.0
2004-12-07 00:00:00-05:00,4.900000095367432,4.900000095367432,4.599999904632568,4.690000057220459,84000,0.0,0.0
2004-12-08 00:00:00-05:00,4.5,4.570000171661377,4.349999904632568,4.409999847412109,113800,0.0,0.0
2004-12-09 00:00:00-05:00,4.489999771118164,4.489999771118164,4.309999942779541,4.480000019073486,78300,0.0,0.0
2004-12-10 00:00:00-05:00,4.380000114440918,4.449999809265137,4.349999904632568,4.400000095367432,26100,0.0,0.0
2004-12-13 00:00:00-05:00,4.440000057220459,4.980000019073486,4.380000114440918,4.800000190734863,66700,0.0,0.0
2004-12-14 00:00:00-05:00,5.199999809265137,5.199999809265137,4.800000190734863,4.909999847412109,54300,0.0,0.0
2004-12-15 00:00:00-05:00,4.929999828338623,5.239999771118164,4.809999942779541,5.130000114440918,82000,0.0,0.0
2004-12-16 00:00:00-05:00,5.199999809265137,5.25,4.849999904632568,5.059999942779541,91200,0.0,0.0
2004-12-17 00:00:00-05:00,4.989999771118164,5.0,4.860000133514404,4.949999809265137,41400,0.0,0.0
2004-12-20 00:00:00-05:00,4.869999885559082,4.949999809265137,4.800000190734863,4.900000095367432,50800,0.0,0.0
2004-12-21 00:00:00-05:00,4.900000095367432,4.900000095367432,4.800000190734863,4.849999904632568,35700,0.0,0.0
2004-12-22 00:00:00-05:00,4.800000190734863,4.880000114440918,4.75,4.840000152587891,42600,0.0,0.0
2004-12-23 00:00:00-05:00,4.820000171661377,4.900000095367432,4.809999942779541,4.880000114440918,64600,0.0,0.0
2004-12-27 00:00:00-05:00,4.860000133514404,4.96999979019165,4.860000133514404,4.96999979019165,31700,0.0,0.0
2004-12-28 00:00:00-05:00,4.949999809265137,4.980000019073486,4.869999885559082,4.880000114440918,20600,0.0,0.0
2004-12-29 00:00:00-05:00,4.829999923706055,4.829999923706055,4.599999904632568,4.739999771118164,92200,0.0,0.0
2004-12-30 00:00:00-05:00,4.840000152587891,4.900000095367432,4.71999979019165,4.860000133514404,37000,0.0,0.0
2004-12-31 00:00:00-05:00,4.809999942779541,4.860000133514404,4.75,4.860000133514404,58500,0.0,0.0
2005-01-03 00:00:00-05:00,4.610000133514404,4.820000171661377,4.550000190734863,4.599999904632568,60700,0.0,0.0
2005-01-04 00:00:00-05:00,4.570000171661377,4.590000152587891,4.409999847412109,4.5,85100,0.0,0.0
2005-01-05 00:00:00-05:00,4.440000057220459,4.5,4.400000095367432,4.449999809265137,62200,0.0,0.0
2005-01-06 00:00:00-05:00,4.389999866485596,4.480000019073486,4.349999904632568,4.480000019073486,43800,0.0,0.0
2005-01-07 00:00:00-05:00,4.5,4.650000095367432,4.300000190734863,4.380000114440918,73000,0.0,0.0
2005-01-10 00:00:00-05:00,4.300000190734863,4.449999809265137,4.300000190734863,4.389999866485596,35000,0.0,0.0
2005-01-11 00:00:00-05:00,4.389999866485596,4.429999828338623,4.300000190734863,4.340000152587891,47200,0.0,0.0
2005-01-12 00:00:00-05:00,4.420000076293945,4.449999809265137,4.300000190734863,4.360000133514404,73300,0.0,0.0
2005-01-13 00:00:00-05:00,4.369999885559082,4.380000114440918,4.150000095367432,4.179999828338623,45200,0.0,0.0
2005-01-14 00:00:00-05:00,4.010000228881836,4.099999904632568,3.880000114440918,4.0,118000,0.0,0.0
2005-01-18 00:00:00-05:00,4.0,4.150000095367432,3.950000047683716,4.070000171661377,82000,0.0,0.0
2005-01-19 00:00:00-05:00,4.090000152587891,4.139999866485596,4.059999942779541,4.059999942779541,63700,0.0,0.0
2005-01-20 00:00:00-05:00,4.090000152587891,4.099999904632568,3.9100000858306885,4.010000228881836,29300,0.0,0.0
2005-01-21 00:00:00-05:00,4.0,4.070000171661377,3.9000000953674316,4.070000171661377,53500,0.0,0.0
2005-01-24 00:00:00-05:00,4.119999885559082,4.190000057220459,4.059999942779541,4.099999904632568,88200,0.0,0.0
2005-01-25 00:00:00-05:00,4.019999980926514,4.019999980926514,3.890000104904175,3.9600000381469727,39900,0.0,0.0
2005-01-26 00:00:00-05:00,4.03000020980835,4.03000020980835,3.7899999618530273,3.8399999141693115,75800,0.0,0.0
2005-01-27 00:00:00-05:00,3.8399999141693115,3.8399999141693115,3.6700000762939453,3.740000009536743,63800,0.0,0.0
2005-01-28 00:00:00-05:00,3.700000047683716,3.700000047683716,3.5199999809265137,3.5799999237060547,81100,0.0,0.0
2005-01-31 00:00:00-05:00,3.5,3.549999952316284,3.25,3.430000066757202,180700,0.0,0.0
2005-02-01 00:00:00-05:00,3.450000047683716,3.9800000190734863,3.450000047683716,3.9800000190734863,144500,0.0,0.0
2005-02-02 00:00:00-05:00,4.050000190734863,4.269999980926514,3.890000104904175,3.9100000858306885,161300,0.0,0.0
2005-02-03 00:00:00-05:00,3.880000114440918,4.099999904632568,3.75,3.9800000190734863,61200,0.0,0.0
2005-02-04 00:00:00-05:00,3.9000000953674316,3.950000047683716,3.700000047683716,3.890000104904175,78100,0.0,0.0
2005-02-07 00:00:00-05:00,3.9000000953674316,3.9000000953674316,3.6600000858306885,3.7799999713897705,52300,0.0,0.0
2005-02-08 00:00:00-05:00,3.799999952316284,3.799999952316284,3.559999942779541,3.680000066757202,85200,0.0,0.0
2005-02-09 00:00:00-05:00,3.700000047683716,3.7899999618530273,3.680000066757202,3.759999990463257,31100,0.0,0.0
2005-02-10 00:00:00-05:00,3.7899999618530273,4.110000133514404,3.75,4.019999980926514,103000,0.0,0.0
2005-02-11 00:00:00-05:00,4.119999885559082,4.199999809265137,3.930000066757202,4.019999980926514,91700,0.0,0.0
2005-02-14 00:00:00-05:00,4.119999885559082,4.28000020980835,4.03000020980835,4.260000228881836,91000,0.0,0.0
2005-02-15 00:00:00-05:00,4.289999961853027,4.289999961853027,4.199999809265137,4.199999809265137,63600,0.0,0.0
2005-02-16 00:00:00-05:00,4.199999809265137,4.210000038146973,4.059999942779541,4.110000133514404,48200,0.0,0.0
2005-02-17 00:00:00-05:00,4.190000057220459,4.190000057220459,4.059999942779541,4.099999904632568,55900,0.0,0.0
2005-02-18 00:00:00-05:00,4.119999885559082,4.130000114440918,4.090000152587891,4.119999885559082,23700,0.0,0.0
2005-02-22 00:00:00-05:00,4.170000076293945,4.199999809265137,4.0,4.050000190734863,112600,0.0,0.0
2005-02-23 00:00:00-05:00,4.079999923706055,4.079999923706055,3.930000066757202,3.9800000190734863,44900,0.0,0.0
2005-02-24 00:00:00-05:00,3.9100000858306885,3.9100000858306885,3.8399999141693115,3.880000114440918,53900,0.0,0.0
2005-02-25 00:00:00-05:00,3.890000104904175,3.9100000858306885,3.75,3.9100000858306885,72800,0.0,0.0
2005-02-28 00:00:00-05:00,4.070000171661377,4.079999923706055,4.0,4.010000228881836,44700,0.0,0.0
2005-03-01 00:00:00-05:00,4.039999961853027,4.050000190734863,3.930000066757202,4.039999961853027,103600,0.0,0.0
2005-03-02 00:00:00-05:00,4.019999980926514,4.050000190734863,3.990000009536743,4.03000020980835,92400,0.0,0.0
2005-03-03 00:00:00-05:00,4.03000020980835,4.070000171661377,4.0,4.070000171661377,119700,0.0,0.0
2005-03-04 00:00:00-05:00,4.199999809265137,5.400000095367432,4.110000133514404,5.400000095367432,456100,0.0,0.0
2005-03-07 00:00:00-05:00,6.0,6.239999771118164,5.300000190734863,5.46999979019165,858300,0.0,0.0
2005-03-08 00:00:00-05:00,5.449999809265137,5.5,4.849999904632568,5.099999904632568,354600,0.0,0.0
2005-03-09 00:00:00-05:00,5.099999904632568,5.440000057220459,5.010000228881836,5.329999923706055,262800,0.0,0.0
2005-03-10 00:00:00-05:00,5.400000095367432,5.449999809265137,5.099999904632568,5.309999942779541,154100,0.0,0.0
2005-03-11 00:00:00-05:00,5.300000190734863,5.440000057220459,5.159999847412109,5.440000057220459,147000,0.0,0.0
2005-03-14 00:00:00-05:00,5.440000057220459,5.679999828338623,5.320000171661377,5.449999809265137,272400,0.0,0.0
2005-03-15 00:00:00-05:00,5.5,5.570000171661377,5.150000095367432,5.289999961853027,131000,0.0,0.0
2005-03-16 00:00:00-05:00,5.300000190734863,5.300000190734863,4.900000095367432,5.179999828338623,188400,0.0,0.0
2005-03-17 00:00:00-05:00,5.139999866485596,5.139999866485596,4.889999866485596,5.03000020980835,132200,0.0,0.0
2005-03-18 00:00:00-05:00,5.010000228881836,5.139999866485596,4.900000095367432,5.070000171661377,207800,0.0,0.0
2005-03-21 00:00:00-05:00,5.0,5.0,4.849999904632568,4.869999885559082,167300,0.0,0.0
2005-03-22 00:00:00-05:00,4.809999942779541,5.0,4.75,4.889999866485596,173200,0.0,0.0
2005-03-23 00:00:00-05:00,4.670000076293945,4.869999885559082,4.659999847412109,4.820000171661377,114700,0.0,0.0
2005-03-24 00:00:00-05:00,4.849999904632568,4.849999904632568,4.599999904632568,4.639999866485596,92400,0.0,0.0
2005-03-28 00:00:00-05:00,4.630000114440918,4.639999866485596,4.190000057220459,4.409999847412109,125300,0.0,0.0
2005-03-29 00:00:00-05:00,4.5,4.519999980926514,4.449999809265137,4.519999980926514,119400,0.0,0.0
2005-03-30 00:00:00-05:00,4.420000076293945,4.5,4.320000171661377,4.369999885559082,67800,0.0,0.0
2005-03-31 00:00:00-05:00,4.400000095367432,4.5,4.369999885559082,4.5,65900,0.0,0.0
2005-04-01 00:00:00-05:00,4.5,4.5,4.380000114440918,4.440000057220459,15300,0.0,0.0
2005-04-04 00:00:00-04:00,4.360000133514404,4.409999847412109,4.260000228881836,4.309999942779541,67600,0.0,0.0
2005-04-05 00:00:00-04:00,4.269999980926514,4.400000095367432,4.260000228881836,4.349999904632568,50100,0.0,0.0
2005-04-06 00:00:00-04:00,4.389999866485596,4.449999809265137,4.260000228881836,4.420000076293945,23100,0.0,0.0
2005-04-07 00:00:00-04:00,4.420000076293945,4.420000076293945,4.159999847412109,4.210000038146973,56200,0.0,0.0
2005-04-08 00:00:00-04:00,4.159999847412109,4.349999904632568,4.159999847412109,4.190000057220459,28600,0.0,0.0
2005-04-11 00:00:00-04:00,4.190000057220459,4.409999847412109,4.190000057220459,4.260000228881836,23700,0.0,0.0
2005-04-12 00:00:00-04:00,4.25,4.289999961853027,4.050000190734863,4.119999885559082,53000,0.0,0.0
2005-04-13 00:00:00-04:00,4.019999980926514,4.130000114440918,3.940000057220459,3.990000009536743,73800,0.0,0.0
2005-04-14 00:00:00-04:00,3.9100000858306885,3.950000047683716,3.700000047683716,3.7799999713897705,99300,0.0,0.0
2005-04-15 00:00:00-04:00,3.75,4.099999904632568,3.75,3.9000000953674316,52800,0.0,0.0
2005-04-18 00:00:00-04:00,4.0,4.199999809265137,3.950000047683716,4.190000057220459,77400,0.0,0.0
2005-04-19 00:00:00-04:00,4.289999961853027,4.639999866485596,4.289999961853027,4.510000228881836,112900,0.0,0.0
2005-04-20 00:00:00-04:00,4.550000190734863,4.570000171661377,4.480000019073486,4.519999980926514,95900,0.0,0.0
2005-04-21 00:00:00-04:00,4.489999771118164,4.539999961853027,4.480000019073486,4.53000020980835,62700,0.0,0.0
2005-04-22 00:00:00-04:00,4.599999904632568,4.630000114440918,4.300000190734863,4.400000095367432,18000,0.0,0.0
2005-04-25 00:00:00-04:00,4.409999847412109,4.5,4.269999980926514,4.400000095367432,59800,0.0,0.0
2005-04-26 00:00:00-04:00,4.349999904632568,4.449999809265137,4.349999904632568,4.380000114440918,56000,0.0,0.0
2005-04-27 00:00:00-04:00,4.389999866485596,4.400000095367432,4.21999979019165,4.329999923706055,93900,0.0,0.0
2005-04-28 00:00:00-04:00,4.349999904632568,4.349999904632568,4.199999809265137,4.230000019073486,59200,0.0,0.0
2005-04-29 00:00:00-04:00,4.199999809265137,4.300000190734863,4.139999866485596,4.21999979019165,38200,0.0,0.0
2005-05-02 00:00:00-04:00,4.150000095367432,4.179999828338623,3.950000047683716,4.019999980926514,89700,0.0,0.0
2005-05-03 00:00:00-04:00,4.0,4.070000171661377,3.9000000953674316,4.070000171661377,40500,0.0,0.0
2005-05-04 00:00:00-04:00,4.119999885559082,4.21999979019165,4.099999904632568,4.170000076293945,75900,0.0,0.0
2005-05-05 00:00:00-04:00,4.210000038146973,4.210000038146973,4.059999942779541,4.130000114440918,60000,0.0,0.0
2005-05-06 00:00:00-04:00,4.150000095367432,4.150000095367432,3.9800000190734863,4.03000020980835,54900,0.0,0.0
2005-05-09 00:00:00-04:00,4.159999847412109,4.159999847412109,4.010000228881836,4.010000228881836,50500,0.0,0.0
2005-05-10 00:00:00-04:00,4.050000190734863,4.059999942779541,3.990000009536743,3.990000009536743,16800,0.0,0.0
2005-05-11 00:00:00-04:00,4.0,4.050000190734863,3.9800000190734863,4.010000228881836,37500,0.0,0.0
2005-05-12 00:00:00-04:00,4.010000228881836,4.010000228881836,3.9000000953674316,3.9000000953674316,85800,0.0,0.0
2005-05-13 00:00:00-04:00,3.9000000953674316,3.9000000953674316,3.7699999809265137,3.7799999713897705,84900,0.0,0.0
2005-05-16 00:00:00-04:00,3.7699999809265137,3.7699999809265137,3.549999952316284,3.690000057220459,143700,0.0,0.0
2005-05-17 00:00:00-04:00,3.7200000286102295,3.9700000286102295,3.700000047683716,3.890000104904175,66800,0.0,0.0
2005-05-18 00:00:00-04:00,3.890000104904175,3.890000104904175,3.75,3.8399999141693115,42500,0.0,0.0
2005-05-19 00:00:00-04:00,3.8399999141693115,3.8399999141693115,3.6700000762939453,3.740000009536743,47100,0.0,0.0
2005-05-20 00:00:00-04:00,3.6500000953674316,3.6500000953674316,3.5,3.640000104904175,92300,0.0,0.0
2005-05-23 00:00:00-04:00,3.700000047683716,3.75,3.6500000953674316,3.690000057220459,17400,0.0,0.0
2005-05-24 00:00:00-04:00,3.5,3.890000104904175,3.5,3.890000104904175,157200,0.0,0.0
2005-05-25 00:00:00-04:00,3.9100000858306885,3.9100000858306885,3.700000047683716,3.8399999141693115,64400,0.0,0.0
2005-05-26 00:00:00-04:00,3.880000114440918,3.9100000858306885,3.700000047683716,3.799999952316284,30200,0.0,0.0
2005-05-27 00:00:00-04:00,3.799999952316284,3.9000000953674316,3.799999952316284,3.9000000953674316,44700,0.0,0.0
2005-05-31 00:00:00-04:00,3.799999952316284,3.930000066757202,3.7699999809265137,3.9200000762939453,86600,0.0,0.0
2005-06-01 00:00:00-04:00,3.890000104904175,3.990000009536743,3.880000114440918,3.9600000381469727,140500,0.0,0.0
2005-06-02 00:00:00-04:00,3.9800000190734863,4.179999828338623,3.9600000381469727,4.090000152587891,147800,0.0,0.0
2005-06-03 00:00:00-04:00,4.150000095367432,4.170000076293945,3.9600000381469727,3.9800000190734863,150700,0.0,0.0
2005-06-06 00:00:00-04:00,4.010000228881836,4.059999942779541,3.799999952316284,3.950000047683716,46900,0.0,0.0
2005-06-07 00:00:00-04:00,3.859999895095825,3.859999895095825,3.7899999618530273,3.799999952316284,23900,0.0,0.0
2005-06-08 00:00:00-04:00,3.799999952316284,3.799999952316284,3.7300000190734863,3.799999952316284,32400,0.0,0.0
2005-06-09 00:00:00-04:00,3.549999952316284,3.7899999618530273,3.549999952316284,3.7899999618530273,56100,0.0,0.0
2005-06-10 00:00:00-04:00,3.690000057220459,3.9000000953674316,3.6500000953674316,3.7100000381469727,115200,0.0,0.0
2005-06-13 00:00:00-04:00,3.799999952316284,3.990000009536743,3.7100000381469727,3.8299999237060547,76200,0.0,0.0
2005-06-14 00:00:00-04:00,3.880000114440918,3.940000057220459,3.8299999237060547,3.880000114440918,17900,0.0,0.0
2005-06-15 00:00:00-04:00,3.8299999237060547,3.9000000953674316,3.819999933242798,3.8299999237060547,65500,0.0,0.0
2005-06-16 00:00:00-04:00,3.890000104904175,4.039999961853027,3.859999895095825,3.990000009536743,99000,0.0,0.0
2005-06-17 00:00:00-04:00,3.990000009536743,4.079999923706055,3.9200000762939453,3.9800000190734863,80900,0.0,0.0
2005-06-20 00:00:00-04:00,4.019999980926514,4.019999980926514,3.8499999046325684,3.869999885559082,46100,0.0,0.0
2005-06-21 00:00:00-04:00,3.8499999046325684,3.8499999046325684,3.7100000381469727,3.7100000381469727,42900,0.0,0.0
2005-06-22 00:00:00-04:00,3.799999952316284,3.8499999046325684,3.75,3.809999942779541,15000,0.0,0.0
2005-06-23 00:00:00-04:00,3.8299999237060547,3.990000009536743,3.819999933242798,3.890000104904175,54000,0.0,0.0
2005-06-24 00:00:00-04:00,3.950000047683716,3.990000009536743,3.880000114440918,3.880000114440918,51800,0.0,0.0
2005-06-27 00:00:00-04:00,3.890000104904175,3.9700000286102295,3.890000104904175,3.890000104904175,49400,0.0,0.0
2005-06-28 00:00:00-04:00,3.890000104904175,3.890000104904175,3.799999952316284,3.8299999237060547,83200,0.0,0.0
2005-06-29 00:00:00-04:00,3.809999942779541,3.9000000953674316,3.799999952316284,3.8299999237060547,10600,0.0,0.0
2005-06-30 00:00:00-04:00,3.859999895095825,3.940000057220459,3.8499999046325684,3.940000057220459,22500,0.0,0.0
2005-07-01 00:00:00-04:00,3.940000057220459,3.940000057220459,3.859999895095825,3.869999885559082,23900,0.0,0.0
2005-07-05 00:00:00-04:00,3.869999885559082,3.869999885559082,3.75,3.75,55000,0.0,0.0
2005-07-06 00:00:00-04:00,3.75,3.7799999713897705,3.75,3.75,19300,0.0,0.0
2005-07-07 00:00:00-04:00,3.7300000190734863,3.7899999618530273,3.6500000953674316,3.680000066757202,45000,0.0,0.0
2005-07-08 00:00:00-04:00,3.680000066757202,3.799999952316284,3.680000066757202,3.740000009536743,29900,0.0,0.0
2005-07-11 00:00:00-04:00,3.7699999809265137,3.9000000953674316,3.700000047683716,3.8499999046325684,38700,0.0,0.0
2005-07-12 00:00:00-04:00,3.869999885559082,3.880000114440918,3.7799999713897705,3.819999933242798,38900,0.0,0.0
2005-07-13 00:00:00-04:00,3.759999990463257,3.799999952316284,3.7200000286102295,3.7799999713897705,30500,0.0,0.0
2005-07-14 00:00:00-04:00,3.7300000190734863,3.75,3.559999942779541,3.6600000858306885,135600,0.0,0.0
2005-07-15 00:00:00-04:00,3.5999999046325684,3.6500000953674316,3.5299999713897705,3.549999952316284,52100,0.0,0.0
2005-07-18 00:00:00-04:00,3.549999952316284,3.6500000953674316,3.549999952316284,3.640000104904175,36800,0.0,0.0
2005-07-19 00:00:00-04:00,3.609999895095825,3.609999895095825,3.549999952316284,3.559999942779541,36600,0.0,0.0
2005-07-20 00:00:00-04:00,3.5899999141693115,3.5999999046325684,3.5199999809265137,3.5999999046325684,59000,0.0,0.0
2005-07-21 00:00:00-04:00,3.549999952316284,3.6500000953674316,3.509999990463257,3.569999933242798,54600,0.0,0.0
2005-07-22 00:00:00-04:00,3.609999895095825,3.630000114440918,3.569999933242798,3.569999933242798,76300,0.0,0.0
2005-07-25 00:00:00-04:00,3.5299999713897705,3.5999999046325684,3.4200000762939453,3.5,67200,0.0,0.0
2005-07-26 00:00:00-04:00,3.700000047683716,3.700000047683716,3.509999990463257,3.5399999618530273,45100,0.0,0.0
2005-07-27 00:00:00-04:00,3.5299999713897705,3.5799999237060547,3.450000047683716,3.5,34300,0.0,0.0
2005-07-28 00:00:00-04:00,3.5,3.549999952316284,3.4600000381469727,3.490000009536743,61800,0.0,0.0
2005-07-29 00:00:00-04:00,3.509999990463257,3.619999885559082,3.5,3.619999885559082,36700,0.0,0.0
2005-08-01 00:00:00-04:00,3.740000009536743,3.9000000953674316,3.619999885559082,3.619999885559082,49200,0.0,0.0
2005-08-02 00:00:00-04:00,3.7200000286102295,3.7200000286102295,3.5999999046325684,3.619999885559082,33900,0.0,0.0
2005-08-03 00:00:00-04:00,3.640000104904175,3.640000104904175,3.549999952316284,3.5899999141693115,110600,0.0,0.0
2005-08-04 00:00:00-04:00,3.640000104904175,3.6500000953674316,3.559999942779541,3.609999895095825,68400,0.0,0.0
2005-08-05 00:00:00-04:00,3.5999999046325684,3.619999885559082,3.5399999618530273,3.5999999046325684,61700,0.0,0.0
2005-08-08 00:00:00-04:00,3.630000114440918,3.640000104904175,3.5899999141693115,3.5899999141693115,41200,0.0,0.0
2005-08-09 00:00:00-04:00,3.690000057220459,3.690000057220459,3.5,3.5199999809265137,88300,0.0,0.0
2005-08-10 00:00:00-04:00,3.5,3.5999999046325684,3.5,3.5999999046325684,31800,0.0,0.0
2005-08-11 00:00:00-04:00,3.6600000858306885,3.759999990463257,3.630000114440918,3.7300000190734863,69600,0.0,0.0
2005-08-12 00:00:00-04:00,3.799999952316284,3.9000000953674316,3.6700000762939453,3.7300000190734863,57000,0.0,0.0
2005-08-15 00:00:00-04:00,3.700000047683716,3.799999952316284,3.6500000953674316,3.690000057220459,81900,0.0,0.0
2005-08-16 00:00:00-04:00,3.609999895095825,3.690000057220459,3.5999999046325684,3.609999895095825,68100,0.0,0.0
2005-08-17 00:00:00-04:00,3.5299999713897705,3.640000104904175,3.5299999713897705,3.5799999237060547,40700,0.0,0.0
2005-08-18 00:00:00-04:00,3.569999933242798,3.619999885559082,3.5199999809265137,3.5299999713897705,70500,0.0,0.0
2005-08-19 00:00:00-04:00,3.5299999713897705,3.5899999141693115,3.5199999809265137,3.569999933242798,26000,0.0,0.0
2005-08-22 00:00:00-04:00,3.5999999046325684,3.5999999046325684,3.5299999713897705,3.5999999046325684,33300,0.0,0.0
2005-08-23 00:00:00-04:00,3.5999999046325684,3.619999885559082,3.5399999618530273,3.619999885559082,22400,0.0,0.0
2005-08-24 00:00:00-04:00,3.619999885559082,3.640000104904175,3.559999942779541,3.5799999237060547,45300,0.0,0.0
2005-08-25 00:00:00-04:00,3.5999999046325684,3.6500000953674316,3.549999952316284,3.5999999046325684,22300,0.0,0.0
2005-08-26 00:00:00-04:00,3.549999952316284,3.569999933242798,3.509999990463257,3.549999952316284,56700,0.0,0.0
2005-08-29 00:00:00-04:00,3.509999990463257,3.690000057220459,3.5,3.549999952316284,40900,0.0,0.0
2005-08-30 00:00:00-04:00,3.490000009536743,3.5,3.390000104904175,3.450000047683716,59800,0.0,0.0
2005-08-31 00:00:00-04:00,3.430000066757202,3.440000057220459,3.380000114440918,3.4000000953674316,69400,0.0,0.0
2005-09-01 00:00:00-04:00,3.4000000953674316,3.690000057220459,3.4000000953674316,3.609999895095825,82200,0.0,0.0
2005-09-02 00:00:00-04:00,3.509999990463257,3.6600000858306885,3.490000009536743,3.619999885559082,25300,0.0,0.0
2005-09-06 00:00:00-04:00,3.6600000858306885,3.700000047683716,3.569999933242798,3.5999999046325684,84000,0.0,0.0
2005-09-07 00:00:00-04:00,3.5799999237060547,3.6600000858306885,3.559999942779541,3.559999942779541,39200,0.0,0.0
2005-09-08 00:00:00-04:00,3.559999942779541,3.75,3.559999942779541,3.5999999046325684,35900,0.0,0.0
2005-09-09 00:00:00-04:00,3.5899999141693115,3.7799999713897705,3.5899999141693115,3.700000047683716,81900,0.0,0.0
2005-09-12 00:00:00-04:00,3.6600000858306885,3.75,3.5999999046325684,3.690000057220459,40000,0.0,0.0
2005-09-13 00:00:00-04:00,3.6500000953674316,3.6500000953674316,3.549999952316284,3.5899999141693115,79900,0.0,0.0
2005-09-14 00:00:00-04:00,3.619999885559082,3.700000047683716,3.5999999046325684,3.700000047683716,87900,0.0,0.0
2005-09-15 00:00:00-04:00,3.680000066757202,3.8299999237060547,3.619999885559082,3.619999885559082,81200,0.0,0.0
2005-09-16 00:00:00-04:00,3.640000104904175,3.990000009536743,3.619999885559082,3.9800000190734863,226300,0.0,0.0
2005-09-19 00:00:00-04:00,4.079999923706055,4.28000020980835,4.079999923706055,4.139999866485596,230700,0.0,0.0
2005-09-20 00:00:00-04:00,4.239999771118164,4.320000171661377,4.099999904632568,4.139999866485596,46700,0.0,0.0
2005-09-21 00:00:00-04:00,4.150000095367432,4.53000020980835,4.099999904632568,4.53000020980835,222000,0.0,0.0
2005-09-22 00:00:00-04:00,4.639999866485596,4.849999904632568,4.550000190734863,4.599999904632568,303000,0.0,0.0
2005-09-23 00:00:00-04:00,4.599999904632568,4.639999866485596,4.25,4.510000228881836,135600,0.0,0.0
2005-09-26 00:00:00-04:00,4.460000038146973,4.579999923706055,4.349999904632568,4.510000228881836,130700,0.0,0.0
2005-09-27 00:00:00-04:00,4.5,4.730000019073486,4.400000095367432,4.699999809265137,137900,0.0,0.0
2005-09-28 00:00:00-04:00,4.730000019073486,4.730000019073486,4.599999904632568,4.710000038146973,88500,0.0,0.0
2005-09-29 00:00:00-04:00,4.71999979019165,4.960000038146973,4.71999979019165,4.880000114440918,168500,0.0,0.0
2005-09-30 00:00:00-04:00,4.920000076293945,4.989999771118164,4.900000095367432,4.96999979019165,149100,0.0,0.0
2005-10-03 00:00:00-04:00,4.920000076293945,4.96999979019165,4.849999904632568,4.900000095367432,138300,0.0,0.0
2005-10-04 00:00:00-04:00,4.960000038146973,4.96999979019165,4.510000228881836,4.599999904632568,168600,0.0,0.0
2005-10-05 00:00:00-04:00,4.510000228881836,4.599999904632568,4.449999809265137,4.519999980926514,127500,0.0,0.0
2005-10-06 00:00:00-04:00,4.570000171661377,4.739999771118164,4.5,4.579999923706055,117100,0.0,0.0
2005-10-07 00:00:00-04:00,4.510000228881836,4.789999961853027,4.510000228881836,4.789999961853027,98700,0.0,0.0
2005-10-10 00:00:00-04:00,4.800000190734863,4.800000190734863,4.610000133514404,4.659999847412109,61100,0.0,0.0
2005-10-11 00:00:00-04:00,4.630000114440918,4.800000190734863,4.630000114440918,4.670000076293945,89700,0.0,0.0
2005-10-12 00:00:00-04:00,4.670000076293945,4.71999979019165,4.369999885559082,4.440000057220459,161900,0.0,0.0
2005-10-13 00:00:00-04:00,4.340000152587891,4.369999885559082,4.130000114440918,4.320000171661377,140200,0.0,0.0
2005-10-14 00:00:00-04:00,4.260000228881836,4.489999771118164,4.150000095367432,4.489999771118164,72800,0.0,0.0
2005-10-17 00:00:00-04:00,4.519999980926514,4.539999961853027,4.150000095367432,4.340000152587891,98300,0.0,0.0
2005-10-18 00:00:00-04:00,4.400000095367432,4.400000095367432,4.210000038146973,4.25,55200,0.0,0.0
2005-10-19 00:00:00-04:00,4.25,4.260000228881836,4.010000228881836,4.150000095367432,134800,0.0,0.0
2005-10-20 00:00:00-04:00,4.150000095367432,4.25,4.03000020980835,4.139999866485596,84600,0.0,0.0
2005-10-21 00:00:00-04:00,4.239999771118164,4.309999942779541,4.170000076293945,4.269999980926514,127500,0.0,0.0
2005-10-24 00:00:00-04:00,4.489999771118164,4.489999771118164,4.300000190734863,4.420000076293945,89700,0.0,0.0
2005-10-25 00:00:00-04:00,4.420000076293945,4.659999847412109,4.420000076293945,4.53000020980835,125400,0.0,0.0
2005-10-26 00:00:00-04:00,4.579999923706055,4.659999847412109,4.550000190734863,4.579999923706055,80100,0.0,0.0
2005-10-27 00:00:00-04:00,4.610000133514404,4.699999809265137,4.539999961853027,4.550000190734863,72800,0.0,0.0
2005-10-28 00:00:00-04:00,4.480000019073486,4.599999904632568,4.480000019073486,4.539999961853027,48200,0.0,0.0
2005-10-31 00:00:00-05:00,4.53000020980835,4.579999923706055,4.519999980926514,4.53000020980835,40900,0.0,0.0
2005-11-01 00:00:00-05:00,4.579999923706055,4.639999866485596,4.519999980926514,4.579999923706055,36600,0.0,0.0
2005-11-02 00:00:00-05:00,4.53000020980835,4.650000095367432,4.53000020980835,4.619999885559082,86300,0.0,0.0
2005-11-03 00:00:00-05:00,4.630000114440918,4.630000114440918,4.519999980926514,4.559999942779541,38500,0.0,0.0
2005-11-04 00:00:00-05:00,4.53000020980835,4.650000095367432,4.519999980926514,4.590000152587891,36000,0.0,0.0
2005-11-07 00:00:00-05:00,4.570000171661377,4.639999866485596,4.570000171661377,4.619999885559082,43800,0.0,0.0
2005-11-08 00:00:00-05:00,4.650000095367432,4.789999961853027,4.570000171661377,4.650000095367432,51800,0.0,0.0
2005-11-09 00:00:00-05:00,4.650000095367432,4.710000038146973,4.610000133514404,4.690000057220459,72200,0.0,0.0
2005-11-10 00:00:00-05:00,4.699999809265137,4.789999961853027,4.650000095367432,4.699999809265137,91300,0.0,0.0
2005-11-11 00:00:00-05:00,4.619999885559082,4.679999828338623,4.599999904632568,4.610000133514404,59200,0.0,0.0
2005-11-14 00:00:00-05:00,4.690000057220459,4.690000057220459,4.53000020980835,4.550000190734863,48800,0.0,0.0
2005-11-15 00:00:00-05:00,4.510000228881836,4.539999961853027,4.349999904632568,4.349999904632568,71400,0.0,0.0
2005-11-16 00:00:00-05:00,4.389999866485596,4.510000228881836,4.360000133514404,4.5,79100,0.0,0.0
2005-11-17 00:00:00-05:00,4.489999771118164,4.639999866485596,4.489999771118164,4.610000133514404,87400,0.0,0.0
2005-11-18 00:00:00-05:00,4.679999828338623,4.679999828338623,4.449999809265137,4.5,42900,0.0,0.0
2005-11-21 00:00:00-05:00,4.639999866485596,4.639999866485596,4.5,4.579999923706055,65500,0.0,0.0
2005-11-22 00:00:00-05:00,4.579999923706055,4.650000095367432,4.539999961853027,4.639999866485596,69100,0.0,0.0
2005-11-23 00:00:00-05:00,4.650000095367432,4.650000095367432,4.46999979019165,4.559999942779541,46900,0.0,0.0
2005-11-25 00:00:00-05:00,4.639999866485596,4.650000095367432,4.489999771118164,4.489999771118164,77100,0.0,0.0
2005-11-28 00:00:00-05:00,4.400000095367432,4.550000190734863,4.309999942779541,4.449999809265137,90200,0.0,0.0
2005-11-29 00:00:00-05:00,4.440000057220459,4.449999809265137,4.28000020980835,4.309999942779541,108800,0.0,0.0
2005-11-30 00:00:00-05:00,4.25,4.489999771118164,4.150000095367432,4.489999771118164,95000,0.0,0.0
2005-12-01 00:00:00-05:00,4.5,4.5,4.28000020980835,4.400000095367432,87500,0.0,0.0
2005-12-02 00:00:00-05:00,4.349999904632568,4.400000095367432,4.289999961853027,4.320000171661377,54300,0.0,0.0
2005-12-05 00:00:00-05:00,4.309999942779541,4.349999904632568,4.260000228881836,4.349999904632568,84300,0.0,0.0
2005-12-06 00:00:00-05:00,4.440000057220459,4.449999809265137,4.289999961853027,4.309999942779541,77700,0.0,0.0
2005-12-07 00:00:00-05:00,4.320000171661377,4.769999980926514,4.320000171661377,4.760000228881836,148600,0.0,0.0
2005-12-08 00:00:00-05:00,4.78000020980835,4.960000038146973,4.75,4.809999942779541,223400,0.0,0.0
2005-12-09 00:00:00-05:00,4.909999847412109,5.070000171661377,4.809999942779541,4.920000076293945,311700,0.0,0.0
2005-12-12 00:00:00-05:00,5.079999923706055,5.150000095367432,5.0,5.039999961853027,196700,0.0,0.0
2005-12-13 00:00:00-05:00,5.010000228881836,5.019999980926514,4.25,4.820000171661377,274700,0.0,0.0
2005-12-14 00:00:00-05:00,4.739999771118164,4.789999961853027,4.610000133514404,4.610000133514404,103900,0.0,0.0
2005-12-15 00:00:00-05:00,4.579999923706055,4.800000190734863,4.579999923706055,4.800000190734863,86800,0.0,0.0
2005-12-16 00:00:00-05:00,4.800000190734863,4.800000190734863,4.639999866485596,4.739999771118164,49200,0.0,0.0
2005-12-19 00:00:00-05:00,4.78000020980835,4.789999961853027,4.599999904632568,4.630000114440918,109400,0.0,0.0
2005-12-20 00:00:00-05:00,4.570000171661377,4.639999866485596,4.409999847412109,4.510000228881836,68900,0.0,0.0
2005-12-21 00:00:00-05:00,4.429999828338623,4.550000190734863,4.400000095367432,4.550000190734863,61300,0.0,0.0
2005-12-22 00:00:00-05:00,4.599999904632568,4.739999771118164,4.480000019073486,4.71999979019165,77400,0.0,0.0
2005-12-23 00:00:00-05:00,4.699999809265137,4.880000114440918,4.699999809265137,4.880000114440918,88100,0.0,0.0
2005-12-27 00:00:00-05:00,4.849999904632568,4.900000095367432,4.460000038146973,4.599999904632568,119900,0.0,0.0
2005-12-28 00:00:00-05:00,4.650000095367432,4.849999904632568,4.630000114440918,4.710000038146973,44300,0.0,0.0
2005-12-29 00:00:00-05:00,4.710000038146973,5.159999847412109,4.710000038146973,5.130000114440918,321600,0.0,0.0
2005-12-30 00:00:00-05:00,5.130000114440918,5.360000133514404,5.050000190734863,5.320000171661377,278600,0.0,0.0
2006-01-03 00:00:00-05:00,5.289999961853027,5.320000171661377,5.150000095367432,5.239999771118164,355000,0.0,0.0
2006-01-04 00:00:00-05:00,5.25,5.46999979019165,5.21999979019165,5.449999809265137,345600,0.0,0.0
2006-01-05 00:00:00-05:00,5.340000152587891,5.46999979019165,5.179999828338623,5.449999809265137,329700,0.0,0.0
2006-01-06 00:00:00-05:00,5.539999961853027,6.0,5.539999961853027,6.0,335300,0.0,0.0
2006-01-09 00:00:00-05:00,6.019999980926514,6.079999923706055,5.800000190734863,5.880000114440918,574300,0.0,0.0
2006-01-10 00:00:00-05:00,5.769999980926514,6.0,5.5,5.900000095367432,358700,0.0,0.0
2006-01-11 00:00:00-05:00,5.800000190734863,6.059999942779541,5.800000190734863,6.0,316900,0.0,0.0
2006-01-12 00:00:00-05:00,6.039999961853027,6.050000190734863,5.760000228881836,5.889999866485596,148900,0.0,0.0
2006-01-13 00:00:00-05:00,5.829999923706055,5.96999979019165,5.639999866485596,5.710000038146973,368400,0.0,0.0
2006-01-17 00:00:00-05:00,5.710000038146973,5.960000038146973,5.710000038146973,5.889999866485596,250900,0.0,0.0
2006-01-18 00:00:00-05:00,5.639999866485596,5.75,5.480000019073486,5.570000171661377,243300,0.0,0.0
2006-01-19 00:00:00-05:00,5.639999866485596,5.989999771118164,5.519999980926514,5.96999979019165,275700,0.0,0.0
2006-01-20 00:00:00-05:00,6.0,6.190000057220459,6.0,6.130000114440918,389600,0.0,0.0
2006-01-23 00:00:00-05:00,6.21999979019165,6.449999809265137,6.130000114440918,6.349999904632568,201600,0.0,0.0
2006-01-24 00:00:00-05:00,6.309999942779541,6.550000190734863,6.210000038146973,6.550000190734863,435600,0.0,0.0
2006-01-25 00:00:00-05:00,6.639999866485596,6.639999866485596,6.449999809265137,6.5,292700,0.0,0.0
2006-01-26 00:00:00-05:00,6.489999771118164,6.559999942779541,6.349999904632568,6.510000228881836,208700,0.0,0.0
2006-01-27 00:00:00-05:00,6.599999904632568,7.050000190734863,6.449999809265137,6.940000057220459,432400,0.0,0.0
2006-01-30 00:00:00-05:00,6.920000076293945,7.199999809265137,6.920000076293945,7.170000076293945,489600,0.0,0.0
2006-01-31 00:00:00-05:00,7.21999979019165,7.300000190734863,6.909999847412109,6.96999979019165,380500,0.0,0.0
2006-02-01 00:00:00-05:00,6.909999847412109,6.980000019073486,6.659999847412109,6.949999809265137,283900,0.0,0.0
2006-02-02 00:00:00-05:00,6.949999809265137,6.949999809265137,6.610000133514404,6.659999847412109,217700,0.0,0.0
2006-02-03 00:00:00-05:00,6.71999979019165,6.849999904632568,6.409999847412109,6.739999771118164,322900,0.0,0.0
2006-02-06 00:00:00-05:00,6.739999771118164,6.889999866485596,6.539999961853027,6.769999980926514,191800,0.0,0.0
2006-02-07 00:00:00-05:00,6.769999980926514,6.769999980926514,6.269999980926514,6.380000114440918,377600,0.0,0.0
2006-02-08 00:00:00-05:00,6.260000228881836,6.309999942779541,5.949999809265137,6.150000095367432,519200,0.0,0.0
2006-02-09 00:00:00-05:00,6.21999979019165,6.400000095367432,6.050000190734863,6.070000171661377,477700,0.0,0.0
2006-02-10 00:00:00-05:00,6.039999961853027,6.059999942779541,5.659999847412109,5.840000152587891,487000,0.0,0.0
2006-02-13 00:00:00-05:00,5.829999923706055,5.840000152587891,5.53000020980835,5.539999961853027,381200,0.0,0.0
2006-02-14 00:00:00-05:00,5.610000133514404,5.75,5.610000133514404,5.699999809265137,192200,0.0,0.0
2006-02-15 00:00:00-05:00,5.730000019073486,5.730000019073486,5.5,5.53000020980835,243400,0.0,0.0
2006-02-16 00:00:00-05:00,5.5,5.710000038146973,5.5,5.650000095367432,116500,0.0,0.0
2006-02-17 00:00:00-05:00,5.71999979019165,6.119999885559082,5.650000095367432,5.980000019073486,305300,0.0,0.0
2006-02-21 00:00:00-05:00,6.179999828338623,6.25,6.119999885559082,6.179999828338623,387500,0.0,0.0
2006-02-22 00:00:00-05:00,6.159999847412109,6.25,6.059999942779541,6.110000133514404,178000,0.0,0.0
2006-02-23 00:00:00-05:00,6.03000020980835,6.090000152587891,5.800000190734863,5.920000076293945,240700,0.0,0.0
2006-02-24 00:00:00-05:00,6.03000020980835,6.139999866485596,5.929999828338623,6.079999923706055,172100,0.0,0.0
2006-02-27 00:00:00-05:00,6.050000190734863,6.150000095367432,5.840000152587891,5.989999771118164,249700,0.0,0.0
2006-02-28 00:00:00-05:00,6.019999980926514,6.03000020980835,5.920000076293945,6.0,162700,0.0,0.0
2006-03-01 00:00:00-05:00,6.0,6.179999828338623,5.989999771118164,6.0,236800,0.0,0.0
2006-03-02 00:00:00-05:00,6.0,6.380000114440918,6.0,6.199999809265137,266400,0.0,0.0
2006-03-03 00:00:00-05:00,6.289999961853027,6.320000171661377,6.119999885559082,6.119999885559082,132900,0.0,0.0
2006-03-06 00:00:00-05:00,6.0,6.119999885559082,5.75,5.840000152587891,346200,0.0,0.0
2006-03-07 00:00:00-05:00,5.840000152587891,5.840000152587891,5.610000133514404,5.659999847412109,232200,0.0,0.0
2006-03-08 00:00:00-05:00,5.559999942779541,5.659999847412109,5.320000171661377,5.590000152587891,330300,0.0,0.0
2006-03-09 00:00:00-05:00,5.619999885559082,5.699999809265137,5.449999809265137,5.489999771118164,275000,0.0,0.0
2006-03-10 00:00:00-05:00,5.349999904632568,5.639999866485596,5.320000171661377,5.5,216500,0.0,0.0
2006-03-13 00:00:00-05:00,5.610000133514404,5.699999809265137,5.610000133514404,5.670000076293945,118500,0.0,0.0
2006-03-14 00:00:00-05:00,5.670000076293945,5.739999771118164,5.599999904632568,5.630000114440918,90000,0.0,0.0
2006-03-15 00:00:00-05:00,5.789999961853027,5.789999961853027,5.679999828338623,5.730000019073486,117100,0.0,0.0
2006-03-16 00:00:00-05:00,5.789999961853027,5.789999961853027,5.599999904632568,5.659999847412109,114400,0.0,0.0
2006-03-17 00:00:00-05:00,5.650000095367432,5.75,5.650000095367432,5.690000057220459,136000,0.0,0.0
2006-03-20 00:00:00-05:00,5.789999961853027,5.789999961853027,5.670000076293945,5.699999809265137,117000,0.0,0.0
2006-03-21 00:00:00-05:00,5.699999809265137,5.71999979019165,5.519999980926514,5.639999866485596,272900,0.0,0.0
2006-03-22 00:00:00-05:00,5.599999904632568,5.710000038146973,5.570000171661377,5.630000114440918,117800,0.0,0.0
2006-03-23 00:00:00-05:00,5.599999904632568,5.840000152587891,5.599999904632568,5.730000019073486,340000,0.0,0.0
2006-03-24 00:00:00-05:00,5.789999961853027,6.070000171661377,5.75,6.059999942779541,243700,0.0,0.0
2006-03-27 00:00:00-05:00,6.079999923706055,6.349999904632568,6.079999923706055,6.199999809265137,292500,0.0,0.0
2006-03-28 00:00:00-05:00,6.349999904632568,6.349999904632568,6.0,6.019999980926514,233200,0.0,0.0
2006-03-29 00:00:00-05:00,6.019999980926514,6.309999942779541,6.0,6.269999980926514,128800,0.0,0.0
2006-03-30 00:00:00-05:00,6.510000228881836,6.650000095367432,6.409999847412109,6.449999809265137,159400,0.0,0.0
2006-03-31 00:00:00-05:00,6.510000228881836,6.510000228881836,6.409999847412109,6.449999809265137,108200,0.0,0.0
2006-04-03 00:00:00-04:00,6.690000057220459,6.690000057220459,6.5,6.519999980926514,115500,0.0,0.0
2006-04-04 00:00:00-04:00,6.519999980926514,6.519999980926514,6.300000190734863,6.510000228881836,129100,0.0,0.0
2006-04-05 00:00:00-04:00,6.53000020980835,6.619999885559082,6.420000076293945,6.480000019073486,89400,0.0,0.0
2006-04-06 00:00:00-04:00,6.550000190734863,6.699999809265137,6.539999961853027,6.579999923706055,188100,0.0,0.0
2006-04-07 00:00:00-04:00,6.559999942779541,6.699999809265137,6.380000114440918,6.449999809265137,158900,0.0,0.0
2006-04-10 00:00:00-04:00,6.429999828338623,6.429999828338623,6.289999961853027,6.349999904632568,163300,0.0,0.0
2006-04-11 00:00:00-04:00,6.289999961853027,6.46999979019165,6.289999961853027,6.449999809265137,176700,0.0,0.0
2006-04-12 00:00:00-04:00,6.440000057220459,6.590000152587891,6.429999828338623,6.460000038146973,138000,0.0,0.0
2006-04-13 00:00:00-04:00,6.599999904632568,6.599999904632568,6.420000076293945,6.5,94500,0.0,0.0
2006-04-17 00:00:00-04:00,6.579999923706055,6.590000152587891,6.340000152587891,6.46999979019165,213400,0.0,0.0
2006-04-18 00:00:00-04:00,6.599999904632568,6.599999904632568,6.300000190734863,6.480000019073486,299500,0.0,0.0
2006-04-19 00:00:00-04:00,6.400000095367432,6.579999923706055,6.389999866485596,6.570000171661377,282300,0.0,0.0
2006-04-20 00:00:00-04:00,6.579999923706055,6.599999904632568,6.349999904632568,6.360000133514404,245700,0.0,0.0
2006-04-21 00:00:00-04:00,6.360000133514404,6.849999904632568,6.360000133514404,6.840000152587891,357400,0.0,0.0
2006-04-24 00:00:00-04:00,6.900000095367432,7.150000095367432,6.860000133514404,7.150000095367432,497400,0.0,0.0
2006-04-25 00:00:00-04:00,7.269999980926514,7.679999828338623,7.269999980926514,7.650000095367432,469000,0.0,0.0
2006-04-26 00:00:00-04:00,7.78000020980835,7.800000190734863,7.269999980926514,7.349999904632568,347600,0.0,0.0
2006-04-27 00:00:00-04:00,7.400000095367432,7.400000095367432,7.110000133514404,7.139999866485596,267000,0.0,0.0
2006-04-28 00:00:00-04:00,7.239999771118164,7.699999809265137,7.239999771118164,7.659999847412109,431000,0.0,0.0
2006-05-01 00:00:00-04:00,7.849999904632568,7.949999809265137,7.710000038146973,7.829999923706055,566700,0.0,0.0
2006-05-02 00:00:00-04:00,7.860000133514404,8.0,7.699999809265137,7.829999923706055,358800,0.0,0.0
2006-05-03 00:00:00-04:00,7.829999923706055,7.96999979019165,7.400000095367432,7.630000114440918,352400,0.0,0.0
2006-05-04 00:00:00-04:00,7.5,8.0,7.489999771118164,7.940000057220459,225400,0.0,0.0
2006-05-05 00:00:00-04:00,7.949999809265137,8.4399995803833,7.900000095367432,8.229999542236328,562600,0.0,0.0
2006-05-08 00:00:00-04:00,8.260000228881836,8.5,8.260000228881836,8.5,284900,0.0,0.0
2006-05-09 00:00:00-04:00,8.510000228881836,8.800000190734863,8.460000038146973,8.539999961853027,312800,0.0,0.0
2006-05-10 00:00:00-04:00,8.649999618530273,8.649999618530273,8.319999694824219,8.399999618530273,242100,0.0,0.0
2006-05-11 00:00:00-04:00,8.34000015258789,8.8100004196167,8.34000015258789,8.539999961853027,355100,0.0,0.0
2006-05-12 00:00:00-04:00,8.539999961853027,8.539999961853027,8.100000381469727,8.15999984741211,385700,0.0,0.0
2006-05-15 00:00:00-04:00,8.020000457763672,8.100000381469727,7.099999904632568,7.420000076293945,556100,0.0,0.0
2006-05-16 00:00:00-04:00,7.570000171661377,7.730000019073486,7.449999809265137,7.590000152587891,254800,0.0,0.0
2006-05-17 00:00:00-04:00,7.699999809265137,7.869999885559082,7.099999904632568,7.420000076293945,342300,0.0,0.0
2006-05-18 00:00:00-04:00,7.400000095367432,7.400000095367432,6.869999885559082,6.980000019073486,233800,0.0,0.0
2006-05-19 00:00:00-04:00,6.900000095367432,7.349999904632568,6.53000020980835,7.130000114440918,433200,0.0,0.0
2006-05-22 00:00:00-04:00,6.929999828338623,7.110000133514404,6.789999961853027,7.019999980926514,152000,0.0,0.0
2006-05-23 00:00:00-04:00,7.449999809265137,8.079999923706055,7.380000114440918,7.690000057220459,320500,0.0,0.0
2006-05-24 00:00:00-04:00,7.590000152587891,7.760000228881836,7.289999961853027,7.550000190734863,209700,0.0,0.0
2006-05-25 00:00:00-04:00,7.679999828338623,8.020000457763672,7.599999904632568,7.929999828338623,218700,0.0,0.0
2006-05-26 00:00:00-04:00,8.119999885559082,8.279999732971191,7.980000019073486,8.279999732971191,142300,0.0,0.0
2006-05-30 00:00:00-04:00,8.350000381469727,8.5,8.0600004196167,8.109999656677246,220800,0.0,0.0
2006-05-31 00:00:00-04:00,8.1899995803833,8.399999618530273,7.71999979019165,7.949999809265137,112500,0.0,0.0
2006-06-01 00:00:00-04:00,7.679999828338623,8.270000457763672,7.349999904632568,8.149999618530273,178800,0.0,0.0
2006-06-02 00:00:00-04:00,8.3100004196167,8.350000381469727,8.069999694824219,8.329999923706055,100500,0.0,0.0
2006-06-05 00:00:00-04:00,8.539999961853027,8.539999961853027,8.0,8.020000457763672,97300,0.0,0.0
2006-06-06 00:00:00-04:00,8.0,8.050000190734863,7.710000038146973,7.900000095367432,227600,0.0,0.0
2006-06-07 00:00:00-04:00,7.659999847412109,8.180000305175781,7.53000020980835,8.149999618530273,238300,0.0,0.0
2006-06-08 00:00:00-04:00,8.149999618530273,8.199999809265137,7.559999942779541,8.0600004196167,320000,0.0,0.0
2006-06-09 00:00:00-04:00,8.029999732971191,8.449999809265137,8.029999732971191,8.449999809265137,253900,0.0,0.0
2006-06-12 00:00:00-04:00,8.449999809265137,8.529999732971191,8.149999618530273,8.1899995803833,297700,0.0,0.0
2006-06-13 00:00:00-04:00,7.829999923706055,7.900000095367432,7.309999942779541,7.789999961853027,428100,0.0,0.0
2006-06-14 00:00:00-04:00,7.789999961853027,8.050000190734863,7.699999809265137,7.889999866485596,224600,0.0,0.0
2006-06-15 00:00:00-04:00,7.989999771118164,8.699999809265137,7.989999771118164,8.640000343322754,449900,0.0,0.0
2006-06-16 00:00:00-04:00,8.75,9.239999771118164,8.699999809265137,9.180000305175781,576300,0.0,0.0
2006-06-19 00:00:00-04:00,9.170000076293945,9.229999542236328,8.899999618530273,8.979999542236328,223800,0.0,0.0
2006-06-20 00:00:00-04:00,9.079999923706055,9.1899995803833,8.760000228881836,8.9399995803833,235300,0.0,0.0
2006-06-21 00:00:00-04:00,8.8100004196167,9.0600004196167,8.8100004196167,9.0,195000,0.0,0.0
2006-06-22 00:00:00-04:00,8.920000076293945,8.960000038146973,8.770000457763672,8.850000381469727,95800,0.0,0.0
2006-06-23 00:00:00-04:00,8.850000381469727,8.9399995803833,8.760000228881836,8.859999656677246,133900,0.0,0.0
2006-06-26 00:00:00-04:00,8.979999542236328,9.029999732971191,8.40999984741211,8.869999885559082,257200,0.0,0.0
2006-06-27 00:00:00-04:00,8.90999984741211,8.9399995803833,8.5600004196167,8.75,311900,0.0,0.0
2006-06-28 00:00:00-04:00,8.779999732971191,8.850000381469727,8.399999618530273,8.640000343322754,247500,0.0,0.0
2006-06-29 00:00:00-04:00,8.630000114440918,8.930000305175781,8.5,8.920000076293945,156600,0.0,0.0
2006-06-30 00:00:00-04:00,8.920000076293945,9.010000228881836,8.680000305175781,8.789999961853027,442000,0.0,0.0
2006-07-03 00:00:00-04:00,8.850000381469727,8.989999771118164,8.850000381469727,8.890000343322754,132500,0.0,0.0
2006-07-05 00:00:00-04:00,8.979999542236328,8.979999542236328,8.800000190734863,8.869999885559082,131400,0.0,0.0
2006-07-06 00:00:00-04:00,8.600000381469727,8.819999694824219,8.600000381469727,8.800000190734863,98700,0.0,0.0
2006-07-07 00:00:00-04:00,8.850000381469727,8.930000305175781,8.680000305175781,8.75,93800,0.0,0.0
2006-07-10 00:00:00-04:00,8.609999656677246,8.6899995803833,8.260000228881836,8.270000457763672,220100,0.0,0.0
2006-07-11 00:00:00-04:00,8.220000267028809,8.319999694824219,8.050000190734863,8.260000228881836,303700,0.0,0.0
2006-07-12 00:00:00-04:00,8.210000038146973,8.489999771118164,8.050000190734863,8.289999961853027,244500,0.0,0.0
2006-07-13 00:00:00-04:00,8.300000190734863,8.369999885559082,8.170000076293945,8.369999885559082,206000,0.0,0.0
2006-07-14 00:00:00-04:00,8.520000457763672,8.520000457763672,8.220000267028809,8.449999809265137,126000,0.0,0.0
2006-07-17 00:00:00-04:00,8.449999809265137,8.449999809265137,8.260000228881836,8.260000228881836,51600,0.0,0.0
2006-07-18 00:00:00-04:00,8.109999656677246,8.239999771118164,7.940000057220459,8.100000381469727,165900,0.0,0.0
2006-07-19 00:00:00-04:00,7.900000095367432,8.390000343322754,7.849999904632568,8.300000190734863,120000,0.0,0.0
2006-07-20 00:00:00-04:00,8.300000190734863,8.390000343322754,8.0600004196167,8.0600004196167,62400,0.0,0.0
2006-07-21 00:00:00-04:00,8.149999618530273,8.149999618530273,7.550000190734863,7.550000190734863,239200,0.0,0.0
2006-07-24 00:00:00-04:00,7.440000057220459,7.760000228881836,7.170000076293945,7.639999866485596,349100,0.0,0.0
2006-07-25 00:00:00-04:00,7.75,7.889999866485596,7.5,7.849999904632568,190800,0.0,0.0
2006-07-26 00:00:00-04:00,7.849999904632568,8.100000381469727,7.849999904632568,7.929999828338623,165300,0.0,0.0
2006-07-27 00:00:00-04:00,8.039999961853027,8.130000114440918,7.75,7.869999885559082,177100,0.0,0.0
2006-07-28 00:00:00-04:00,7.849999904632568,8.119999885559082,7.800000190734863,8.0,186400,0.0,0.0
2006-07-31 00:00:00-04:00,8.020000457763672,8.0600004196167,7.920000076293945,8.050000190734863,82400,0.0,0.0
2006-08-01 00:00:00-04:00,8.09000015258789,8.260000228881836,8.029999732971191,8.25,105400,0.0,0.0
2006-08-02 00:00:00-04:00,8.380000114440918,8.489999771118164,8.329999923706055,8.489999771118164,136300,0.0,0.0
2006-08-03 00:00:00-04:00,8.430000305175781,8.489999771118164,8.300000190734863,8.420000076293945,54800,0.0,0.0
2006-08-04 00:00:00-04:00,8.449999809265137,8.479999542236328,8.270000457763672,8.289999961853027,74000,0.0,0.0
2006-08-07 00:00:00-04:00,8.25,8.470000267028809,8.220000267028809,8.279999732971191,52800,0.0,0.0
2006-08-08 00:00:00-04:00,8.279999732971191,8.319999694824219,8.079999923706055,8.09000015258789,151900,0.0,0.0
2006-08-09 00:00:00-04:00,8.149999618530273,8.359999656677246,8.039999961853027,8.239999771118164,100300,0.0,0.0
2006-08-10 00:00:00-04:00,8.149999618530273,8.270000457763672,8.0,8.020000457763672,84800,0.0,0.0
2006-08-11 00:00:00-04:00,8.079999923706055,8.15999984741211,7.96999979019165,7.96999979019165,78200,0.0,0.0
2006-08-14 00:00:00-04:00,7.900000095367432,7.949999809265137,7.699999809265137,7.71999979019165,75700,0.0,0.0
2006-08-15 00:00:00-04:00,7.670000076293945,7.789999961853027,7.489999771118164,7.630000114440918,134000,0.0,0.0
2006-08-16 00:00:00-04:00,7.610000133514404,8.079999923706055,7.559999942779541,8.029999732971191,153100,0.0,0.0
2006-08-17 00:00:00-04:00,8.109999656677246,8.260000228881836,7.960000038146973,8.020000457763672,198700,0.0,0.0
2006-08-18 00:00:00-04:00,8.0,8.020000457763672,7.849999904632568,7.949999809265137,115700,0.0,0.0
2006-08-21 00:00:00-04:00,8.0,8.239999771118164,7.989999771118164,8.199999809265137,175600,0.0,0.0
2006-08-22 00:00:00-04:00,8.199999809265137,8.34000015258789,8.029999732971191,8.34000015258789,118000,0.0,0.0
2006-08-23 00:00:00-04:00,8.390000343322754,8.390000343322754,8.15999984741211,8.15999984741211,94500,0.0,0.0
2006-08-24 00:00:00-04:00,8.15999984741211,8.229999542236328,8.079999923706055,8.130000114440918,75900,0.0,0.0
2006-08-25 00:00:00-04:00,8.140000343322754,8.149999618530273,8.050000190734863,8.0600004196167,99700,0.0,0.0
2006-08-28 00:00:00-04:00,8.100000381469727,8.1899995803833,7.880000114440918,7.960000038146973,107400,0.0,0.0
2006-08-29 00:00:00-04:00,7.960000038146973,8.079999923706055,7.960000038146973,8.029999732971191,100600,0.0,0.0
2006-08-30 00:00:00-04:00,8.09000015258789,8.100000381469727,7.900000095367432,8.0,93600,0.0,0.0
2006-08-31 00:00:00-04:00,8.079999923706055,8.34000015258789,7.960000038146973,8.289999961853027,129400,0.0,0.0
2006-09-01 00:00:00-04:00,8.59000015258789,8.619999885559082,8.3100004196167,8.5,152800,0.0,0.0
2006-09-05 00:00:00-04:00,8.4399995803833,8.609999656677246,8.4399995803833,8.539999961853027,177500,0.0,0.0
2006-09-06 00:00:00-04:00,8.520000457763672,8.619999885559082,8.390000343322754,8.390000343322754,118700,0.0,0.0
2006-09-07 00:00:00-04:00,8.329999923706055,8.350000381469727,8.0,8.09000015258789,164700,0.0,0.0
2006-09-08 00:00:00-04:00,8.020000457763672,8.029999732971191,7.800000190734863,7.809999942779541,142800,0.0,0.0
2006-09-11 00:00:00-04:00,7.570000171661377,7.599999904632568,7.099999904632568,7.139999866485596,445400,0.0,0.0
2006-09-12 00:00:00-04:00,7.139999866485596,7.300000190734863,6.710000038146973,6.989999771118164,419400,0.0,0.0
2006-09-13 00:00:00-04:00,7.070000171661377,7.199999809265137,7.039999961853027,7.050000190734863,161200,0.0,0.0
2006-09-14 00:00:00-04:00,7.039999961853027,7.170000076293945,6.800000190734863,6.800000190734863,197100,0.0,0.0
2006-09-15 00:00:00-04:00,6.949999809265137,6.949999809265137,6.550000190734863,6.889999866485596,297800,0.0,0.0
2006-09-18 00:00:00-04:00,6.769999980926514,7.139999866485596,6.769999980926514,7.070000171661377,103000,0.0,0.0
2006-09-19 00:00:00-04:00,7.159999847412109,7.159999847412109,6.889999866485596,6.889999866485596,138300,0.0,0.0
2006-09-20 00:00:00-04:00,6.960000038146973,6.960000038146973,6.519999980926514,6.539999961853027,163900,0.0,0.0
2006-09-21 00:00:00-04:00,6.519999980926514,6.639999866485596,6.369999885559082,6.5,183100,0.0,0.0
2006-09-22 00:00:00-04:00,6.559999942779541,6.579999923706055,6.320000171661377,6.369999885559082,128500,0.0,0.0
2006-09-25 00:00:00-04:00,6.369999885559082,6.5,5.760000228881836,5.960000038146973,400900,0.0,0.0
2006-09-26 00:00:00-04:00,5.920000076293945,6.28000020980835,5.920000076293945,6.25,150600,0.0,0.0
2006-09-27 00:00:00-04:00,6.380000114440918,6.599999904632568,6.309999942779541,6.550000190734863,138700,0.0,0.0
2006-09-28 00:00:00-04:00,6.670000076293945,6.670000076293945,6.5,6.559999942779541,138300,0.0,0.0
2006-09-29 00:00:00-04:00,6.550000190734863,6.630000114440918,6.5,6.610000133514404,96000,0.0,0.0
2006-10-02 00:00:00-04:00,6.539999961853027,6.849999904632568,6.25,6.349999904632568,132100,0.0,0.0
2006-10-03 00:00:00-04:00,6.239999771118164,6.260000228881836,5.800000190734863,5.800000190734863,282700,0.0,0.0
2006-10-04 00:00:00-04:00,5.96999979019165,5.989999771118164,5.559999942779541,5.690000057220459,248900,0.0,0.0
2006-10-05 00:00:00-04:00,5.730000019073486,6.300000190734863,5.730000019073486,6.239999771118164,217500,0.0,0.0
2006-10-06 00:00:00-04:00,6.150000095367432,6.239999771118164,6.010000228881836,6.139999866485596,69700,0.0,0.0
2006-10-09 00:00:00-04:00,6.340000152587891,6.349999904632568,6.099999904632568,6.099999904632568,58100,0.0,0.0
2006-10-10 00:00:00-04:00,6.0,6.119999885559082,5.900000095367432,6.03000020980835,55500,0.0,0.0
2006-10-11 00:00:00-04:00,6.090000152587891,6.179999828338623,5.980000019073486,6.130000114440918,50300,0.0,0.0
2006-10-12 00:00:00-04:00,6.199999809265137,6.269999980926514,6.070000171661377,6.260000228881836,136000,0.0,0.0
2006-10-13 00:00:00-04:00,6.420000076293945,6.5,6.25,6.349999904632568,151900,0.0,0.0
2006-10-16 00:00:00-04:00,6.449999809265137,6.480000019073486,6.360000133514404,6.380000114440918,48200,0.0,0.0
2006-10-17 00:00:00-04:00,6.400000095367432,6.400000095367432,6.190000057220459,6.28000020980835,58600,0.0,0.0
2006-10-18 00:00:00-04:00,6.300000190734863,6.420000076293945,6.260000228881836,6.309999942779541,68200,0.0,0.0
2006-10-19 00:00:00-04:00,6.340000152587891,6.599999904632568,6.239999771118164,6.550000190734863,124500,0.0,0.0
2006-10-20 00:00:00-04:00,6.599999904632568,6.610000133514404,6.460000038146973,6.46999979019165,85700,0.0,0.0
2006-10-23 00:00:00-04:00,6.349999904632568,6.53000020980835,6.320000171661377,6.480000019073486,61400,0.0,0.0
2006-10-24 00:00:00-04:00,6.489999771118164,6.53000020980835,6.340000152587891,6.369999885559082,53100,0.0,0.0
2006-10-25 00:00:00-04:00,6.369999885559082,6.460000038146973,6.340000152587891,6.420000076293945,60000,0.0,0.0
2006-10-26 00:00:00-04:00,6.480000019073486,6.489999771118164,6.409999847412109,6.449999809265137,57000,0.0,0.0
2006-10-27 00:00:00-04:00,6.449999809265137,6.489999771118164,6.409999847412109,6.409999847412109,46400,0.0,0.0
2006-10-30 00:00:00-05:00,6.409999847412109,6.539999961853027,6.340000152587891,6.380000114440918,172000,0.0,0.0
2006-10-31 00:00:00-05:00,6.400000095367432,6.400000095367432,6.210000038146973,6.340000152587891,111700,0.0,0.0
2006-11-01 00:00:00-05:00,6.340000152587891,6.5,5.940000057220459,6.150000095367432,253300,0.0,0.0
2006-11-02 00:00:00-05:00,6.150000095367432,6.5,6.099999904632568,6.449999809265137,307600,0.0,0.0
2006-11-03 00:00:00-05:00,6.409999847412109,7.090000152587891,6.409999847412109,6.769999980926514,200300,0.0,0.0
2006-11-06 00:00:00-05:00,6.900000095367432,6.949999809265137,6.789999961853027,6.809999942779541,112700,0.0,0.0
2006-11-07 00:00:00-05:00,6.800000190734863,6.980000019073486,6.449999809265137,6.550000190734863,163400,0.0,0.0
2006-11-08 00:00:00-05:00,6.460000038146973,6.730000019073486,6.449999809265137,6.659999847412109,133400,0.0,0.0
2006-11-09 00:00:00-05:00,6.869999885559082,6.989999771118164,6.75,6.769999980926514,232500,0.0,0.0
2006-11-10 00:00:00-05:00,6.800000190734863,7.239999771118164,6.730000019073486,7.139999866485596,313500,0.0,0.0
2006-11-13 00:00:00-05:00,7.210000038146973,7.239999771118164,7.010000228881836,7.099999904632568,138400,0.0,0.0
2006-11-14 00:00:00-05:00,7.110000133514404,7.139999866485596,7.019999980926514,7.099999904632568,93600,0.0,0.0
2006-11-15 00:00:00-05:00,7.119999885559082,7.369999885559082,7.059999942779541,7.369999885559082,169100,0.0,0.0
2006-11-16 00:00:00-05:00,7.269999980926514,7.800000190734863,7.210000038146973,7.53000020980835,241400,0.0,0.0
2006-11-17 00:00:00-05:00,7.409999847412109,7.510000228881836,7.28000020980835,7.320000171661377,151900,0.0,0.0
2006-11-20 00:00:00-05:00,7.340000152587891,7.489999771118164,7.300000190734863,7.360000133514404,137800,0.0,0.0
2006-11-21 00:00:00-05:00,7.5,7.510000228881836,7.409999847412109,7.420000076293945,117000,0.0,0.0
2006-11-22 00:00:00-05:00,7.400000095367432,7.699999809265137,7.360000133514404,7.449999809265137,123100,0.0,0.0
2006-11-24 00:00:00-05:00,7.510000228881836,7.699999809265137,7.340000152587891,7.610000133514404,113400,0.0,0.0
2006-11-27 00:00:00-05:00,7.679999828338623,8.0600004196167,7.599999904632568,7.909999847412109,219800,0.0,0.0
2006-11-28 00:00:00-05:00,7.840000152587891,8.0,7.789999961853027,7.889999866485596,148900,0.0,0.0
2006-11-29 00:00:00-05:00,7.75,7.949999809265137,7.75,7.869999885559082,109600,0.0,0.0
2006-11-30 00:00:00-05:00,7.849999904632568,8.579999923706055,7.849999904632568,8.579999923706055,309400,0.0,0.0
2006-12-01 00:00:00-05:00,8.489999771118164,8.579999923706055,8.300000190734863,8.449999809265137,193100,0.0,0.0
2006-12-04 00:00:00-05:00,8.399999618530273,8.5600004196167,8.350000381469727,8.420000076293945,139700,0.0,0.0
2006-12-05 00:00:00-05:00,8.430000305175781,9.199999809265137,8.380000114440918,9.0600004196167,456700,0.0,0.0
2006-12-06 00:00:00-05:00,9.039999961853027,9.039999961853027,8.710000038146973,8.720000267028809,192800,0.0,0.0
2006-12-07 00:00:00-05:00,8.760000228881836,8.760000228881836,8.529999732971191,8.600000381469727,165100,0.0,0.0
2006-12-08 00:00:00-05:00,8.699999809265137,8.760000228881836,8.40999984741211,8.479999542236328,154700,0.0,0.0
2006-12-11 00:00:00-05:00,8.539999961853027,8.670000076293945,8.289999961853027,8.449999809265137,106800,0.0,0.0
2006-12-12 00:00:00-05:00,8.399999618530273,8.699999809265137,8.319999694824219,8.470000267028809,223200,0.0,0.0
2006-12-13 00:00:00-05:00,8.5,8.5,8.399999618530273,8.449999809265137,88100,0.0,0.0
2006-12-14 00:00:00-05:00,8.420000076293945,8.600000381469727,8.399999618530273,8.470000267028809,111500,0.0,0.0
2006-12-15 00:00:00-05:00,8.539999961853027,8.630000114440918,8.420000076293945,8.420000076293945,129800,0.0,0.0
2006-12-18 00:00:00-05:00,8.4399995803833,8.449999809265137,8.34000015258789,8.4399995803833,82200,0.0,0.0
2006-12-19 00:00:00-05:00,8.430000305175781,8.430000305175781,8.079999923706055,8.180000305175781,121100,0.0,0.0
2006-12-20 00:00:00-05:00,8.199999809265137,8.319999694824219,7.940000057220459,8.289999961853027,147100,0.0,0.0
2006-12-21 00:00:00-05:00,8.199999809265137,8.289999961853027,8.199999809265137,8.220000267028809,101200,0.0,0.0
2006-12-22 00:00:00-05:00,8.260000228881836,8.260000228881836,8.15999984741211,8.199999809265137,66200,0.0,0.0
2006-12-26 00:00:00-05:00,8.15999984741211,8.210000038146973,7.809999942779541,8.010000228881836,76600,0.0,0.0
2006-12-27 00:00:00-05:00,8.069999694824219,8.25,7.980000019073486,8.25,103900,0.0,0.0
2006-12-28 00:00:00-05:00,8.210000038146973,8.380000114440918,8.199999809265137,8.199999809265137,78700,0.0,0.0
2006-12-29 00:00:00-05:00,8.220000267028809,8.25,8.100000381469727,8.100000381469727,56100,0.0,0.0
2007-01-03 00:00:00-05:00,7.769999980926514,7.889999866485596,7.320000171661377,7.429999828338623,241100,0.0,0.0
2007-01-04 00:00:00-05:00,7.25,7.389999866485596,6.699999809265137,6.789999961853027,328600,0.0,0.0
2007-01-05 00:00:00-05:00,6.699999809265137,7.539999961853027,6.699999809265137,7.480000019073486,272700,0.0,0.0
2007-01-08 00:00:00-05:00,7.610000133514404,7.809999942779541,7.519999980926514,7.559999942779541,131700,0.0,0.0
2007-01-09 00:00:00-05:00,7.349999904632568,7.599999904632568,6.880000114440918,6.920000076293945,189600,0.0,0.0
2007-01-10 00:00:00-05:00,6.900000095367432,7.179999828338623,6.860000133514404,7.099999904632568,173800,0.0,0.0
2007-01-11 00:00:00-05:00,7.090000152587891,7.349999904632568,7.090000152587891,7.269999980926514,114400,0.0,0.0
2007-01-12 00:00:00-05:00,7.300000190734863,7.599999904632568,7.269999980926514,7.460000038146973,99000,0.0,0.0
2007-01-16 00:00:00-05:00,7.46999979019165,7.550000190734863,7.190000057220459,7.190000057220459,75100,0.0,0.0
2007-01-17 00:00:00-05:00,7.130000114440918,7.349999904632568,7.130000114440918,7.260000228881836,60300,0.0,0.0
2007-01-18 00:00:00-05:00,7.150000095367432,7.289999961853027,7.150000095367432,7.199999809265137,70800,0.0,0.0
2007-01-19 00:00:00-05:00,7.139999866485596,7.440000057220459,7.139999866485596,7.409999847412109,70000,0.0,0.0
2007-01-22 00:00:00-05:00,7.400000095367432,7.730000019073486,7.400000095367432,7.679999828338623,164300,0.0,0.0
2007-01-23 00:00:00-05:00,7.789999961853027,8.109999656677246,7.789999961853027,8.0,213500,0.0,0.0
2007-01-24 00:00:00-05:00,8.039999961853027,8.039999961853027,7.78000020980835,8.010000228881836,125600,0.0,0.0
2007-01-25 00:00:00-05:00,8.010000228881836,8.270000457763672,7.820000171661377,7.880000114440918,297900,0.0,0.0
2007-01-26 00:00:00-05:00,7.869999885559082,8.119999885559082,7.800000190734863,8.069999694824219,116800,0.0,0.0
2007-01-29 00:00:00-05:00,8.199999809265137,8.649999618530273,8.029999732971191,8.390000343322754,427200,0.0,0.0
2007-01-30 00:00:00-05:00,8.529999732971191,8.710000038146973,8.420000076293945,8.670000076293945,510800,0.0,0.0
2007-01-31 00:00:00-05:00,8.680000305175781,8.930000305175781,8.670000076293945,8.869999885559082,304100,0.0,0.0
2007-02-01 00:00:00-05:00,8.920000076293945,8.989999771118164,8.630000114440918,8.699999809265137,222700,0.0,0.0
2007-02-02 00:00:00-05:00,8.779999732971191,8.779999732971191,8.489999771118164,8.5,136400,0.0,0.0
2007-02-05 00:00:00-05:00,8.5,8.640000343322754,8.1899995803833,8.520000457763672,273100,0.0,0.0
2007-02-06 00:00:00-05:00,8.600000381469727,8.739999771118164,8.5,8.6899995803833,232700,0.0,0.0
2007-02-07 00:00:00-05:00,8.729999542236328,8.949999809265137,8.699999809265137,8.720000267028809,117900,0.0,0.0
2007-02-08 00:00:00-05:00,8.760000228881836,9.109999656677246,8.729999542236328,8.930000305175781,155500,0.0,0.0
2007-02-09 00:00:00-05:00,9.0,9.100000381469727,8.869999885559082,8.979999542236328,232100,0.0,0.0
2007-02-12 00:00:00-05:00,9.0,9.170000076293945,8.899999618530273,8.989999771118164,151600,0.0,0.0
2007-02-13 00:00:00-05:00,9.050000190734863,9.199999809265137,9.0,9.1899995803833,120000,0.0,0.0
2007-02-14 00:00:00-05:00,9.25,9.430000305175781,9.199999809265137,9.260000228881836,187200,0.0,0.0
2007-02-15 00:00:00-05:00,9.260000228881836,9.260000228881836,8.899999618530273,9.0,162300,0.0,0.0
2007-02-16 00:00:00-05:00,8.949999809265137,9.039999961853027,8.710000038146973,8.960000038146973,134900,0.0,0.0
2007-02-20 00:00:00-05:00,9.149999618530273,9.460000038146973,9.050000190734863,9.359999656677246,378900,0.0,0.0
2007-02-21 00:00:00-05:00,9.449999809265137,9.800000190734863,9.449999809265137,9.649999618530273,391000,0.0,0.0
2007-02-22 00:00:00-05:00,9.600000381469727,10.75,9.600000381469727,10.699999809265137,585200,0.0,0.0
2007-02-23 00:00:00-05:00,10.800000190734863,11.25,10.119999885559082,10.350000381469727,981300,0.0,0.0
2007-02-26 00:00:00-05:00,10.720000267028809,10.890000343322754,10.010000228881836,10.25,861700,0.0,0.0
2007-02-27 00:00:00-05:00,10.399999618530273,10.550000190734863,9.550000190734863,9.850000381469727,762600,0.0,0.0
2007-02-28 00:00:00-05:00,9.829999923706055,10.25,9.65999984741211,10.029999732971191,505600,0.0,0.0
2007-03-01 00:00:00-05:00,9.729999542236328,10.1899995803833,9.399999618530273,9.970000267028809,347900,0.0,0.0
2007-03-02 00:00:00-05:00,9.899999618530273,10.25,9.770000457763672,9.960000038146973,382600,0.0,0.0
2007-03-05 00:00:00-05:00,9.6899995803833,9.979999542236328,9.520000457763672,9.729999542236328,350300,0.0,0.0
2007-03-06 00:00:00-05:00,9.869999885559082,10.149999618530273,9.869999885559082,10.0,359400,0.0,0.0
2007-03-07 00:00:00-05:00,10.0,10.220000267028809,9.949999809265137,10.180000305175781,357800,0.0,0.0
2007-03-08 00:00:00-05:00,10.359999656677246,10.84000015258789,10.34000015258789,10.470000267028809,433900,0.0,0.0
2007-03-09 00:00:00-05:00,10.640000343322754,10.800000190734863,10.5,10.609999656677246,327500,0.0,0.0
2007-03-12 00:00:00-04:00,10.649999618530273,10.770000457763672,10.539999961853027,10.619999885559082,317900,0.0,0.0
2007-03-13 00:00:00-04:00,10.619999885559082,10.640000343322754,9.90999984741211,10.069999694824219,388800,0.0,0.0
2007-03-14 00:00:00-04:00,9.899999618530273,9.899999618530273,9.399999618530273,9.850000381469727,507100,0.0,0.0
2007-03-15 00:00:00-04:00,9.9399995803833,10.149999618530273,9.859999656677246,9.869999885559082,295200,0.0,0.0
2007-03-16 00:00:00-04:00,10.220000267028809,10.220000267028809,10.0,10.020000457763672,213400,0.0,0.0
2007-03-19 00:00:00-04:00,10.029999732971191,10.029999732971191,9.899999618530273,9.949999809265137,218500,0.0,0.0
2007-03-20 00:00:00-04:00,10.0600004196167,10.399999618530273,10.029999732971191,10.34000015258789,300500,0.0,0.0
2007-03-21 00:00:00-04:00,10.479999542236328,10.720000267028809,10.380000114440918,10.630000114440918,501600,0.0,0.0
2007-03-22 00:00:00-04:00,10.739999771118164,10.960000038146973,10.630000114440918,10.960000038146973,538000,0.0,0.0
2007-03-23 00:00:00-04:00,11.09000015258789,11.3100004196167,10.960000038146973,11.210000038146973,831400,0.0,0.0
2007-03-26 00:00:00-04:00,11.220000267028809,11.279999732971191,10.600000381469727,11.25,727200,0.0,0.0
2007-03-27 00:00:00-04:00,11.5,11.680000305175781,10.979999542236328,11.239999771118164,665500,0.0,0.0
2007-03-28 00:00:00-04:00,11.449999809265137,11.5,11.100000381469727,11.25,356000,0.0,0.0
2007-03-29 00:00:00-04:00,11.1899995803833,11.300000190734863,11.100000381469727,11.170000076293945,182800,0.0,0.0
2007-03-30 00:00:00-04:00,11.239999771118164,11.300000190734863,11.170000076293945,11.279999732971191,141000,0.0,0.0
2007-04-02 00:00:00-04:00,11.199999809265137,11.350000381469727,10.920000076293945,11.130000114440918,339800,0.0,0.0
2007-04-03 00:00:00-04:00,11.130000114440918,11.279999732971191,10.9399995803833,10.960000038146973,335600,0.0,0.0
2007-04-04 00:00:00-04:00,11.0,11.289999961853027,11.0,11.09000015258789,342400,0.0,0.0
2007-04-05 00:00:00-04:00,11.09000015258789,11.229999542236328,11.029999732971191,11.079999923706055,260600,0.0,0.0
2007-04-09 00:00:00-04:00,10.989999771118164,11.029999732971191,10.600000381469727,10.720000267028809,481100,0.0,0.0
2007-04-10 00:00:00-04:00,10.880000114440918,10.9399995803833,10.65999984741211,10.6899995803833,278000,0.0,0.0
2007-04-11 00:00:00-04:00,10.800000190734863,10.84000015258789,10.25,10.510000228881836,357100,0.0,0.0
2007-04-12 00:00:00-04:00,10.479999542236328,10.829999923706055,10.470000267028809,10.829999923706055,383800,0.0,0.0
2007-04-13 00:00:00-04:00,10.899999618530273,11.430000305175781,10.899999618530273,11.420000076293945,720400,0.0,0.0
2007-04-16 00:00:00-04:00,11.489999771118164,12.25,11.489999771118164,11.979999542236328,1181900,0.0,0.0
2007-04-17 00:00:00-04:00,11.979999542236328,12.34000015258789,11.850000381469727,12.100000381469727,673500,0.0,0.0
2007-04-18 00:00:00-04:00,12.100000381469727,12.289999961853027,11.829999923706055,12.289999961853027,787600,0.0,0.0
2007-04-19 00:00:00-04:00,12.170000076293945,12.260000228881836,11.850000381469727,11.899999618530273,668200,0.0,0.0
2007-04-20 00:00:00-04:00,12.220000267028809,12.550000190734863,12.149999618530273,12.329999923706055,552200,0.0,0.0
2007-04-23 00:00:00-04:00,12.260000228881836,12.449999809265137,12.25,12.34000015258789,369400,0.0,0.0
2007-04-24 00:00:00-04:00,12.479999542236328,12.479999542236328,11.859999656677246,12.050000190734863,456100,0.0,0.0
2007-04-25 00:00:00-04:00,12.010000228881836,12.199999809265137,11.949999809265137,12.0,288700,0.0,0.0
2007-04-26 00:00:00-04:00,11.800000190734863,12.0,11.640000343322754,11.880000114440918,503700,0.0,0.0
2007-04-27 00:00:00-04:00,11.760000228881836,12.109999656677246,11.760000228881836,12.100000381469727,309600,0.0,0.0
2007-04-30 00:00:00-04:00,12.100000381469727,12.359999656677246,12.050000190734863,12.229999542236328,412900,0.0,0.0
2007-05-01 00:00:00-04:00,12.25,12.279999732971191,11.710000038146973,11.850000381469727,321700,0.0,0.0
2007-05-02 00:00:00-04:00,11.789999961853027,12.25,11.75,12.210000038146973,293000,0.0,0.0
2007-05-03 00:00:00-04:00,12.270000457763672,12.420000076293945,12.149999618530273,12.380000114440918,410900,0.0,0.0
2007-05-04 00:00:00-04:00,12.380000114440918,12.550000190734863,12.380000114440918,12.449999809265137,332900,0.0,0.0
2007-05-07 00:00:00-04:00,12.539999961853027,12.729999542236328,12.5,12.579999923706055,627900,0.0,0.0
2007-05-08 00:00:00-04:00,12.569999694824219,12.600000381469727,12.399999618530273,12.460000038146973,184200,0.0,0.0
2007-05-09 00:00:00-04:00,12.399999618530273,12.6899995803833,12.359999656677246,12.670000076293945,306200,0.0,0.0
2007-05-10 00:00:00-04:00,12.539999961853027,12.59000015258789,12.260000228881836,12.350000381469727,350600,0.0,0.0
2007-05-11 00:00:00-04:00,12.359999656677246,12.380000114440918,12.079999923706055,12.229999542236328,492600,0.0,0.0
2007-05-14 00:00:00-04:00,12.460000038146973,12.479999542236328,12.050000190734863,12.289999961853027,258800,0.0,0.0
2007-05-15 00:00:00-04:00,12.180000305175781,12.270000457763672,12.079999923706055,12.119999885559082,218000,0.0,0.0
2007-05-16 00:00:00-04:00,12.010000228881836,12.149999618530273,11.649999618530273,11.699999809265137,393200,0.0,0.0
2007-05-17 00:00:00-04:00,11.579999923706055,11.829999923706055,11.25,11.65999984741211,438400,0.0,0.0
2007-05-18 00:00:00-04:00,11.899999618530273,12.079999923706055,11.819999694824219,12.010000228881836,402100,0.0,0.0
2007-05-21 00:00:00-04:00,11.829999923706055,12.399999618530273,11.819999694824219,12.300000190734863,209900,0.0,0.0
2007-05-22 00:00:00-04:00,12.109999656677246,12.109999656677246,11.619999885559082,11.680000305175781,582600,0.0,0.0
2007-05-23 00:00:00-04:00,11.729999542236328,12.34000015258789,11.699999809265137,12.1899995803833,932100,0.0,0.0
2007-05-24 00:00:00-04:00,12.210000038146973,12.270000457763672,11.760000228881836,11.800000190734863,457200,0.0,0.0
2007-05-25 00:00:00-04:00,11.949999809265137,12.079999923706055,11.899999618530273,12.0,268500,0.0,0.0
2007-05-29 00:00:00-04:00,12.079999923706055,12.1899995803833,12.050000190734863,12.079999923706055,261800,0.0,0.0
2007-05-30 00:00:00-04:00,11.949999809265137,12.130000114440918,11.850000381469727,12.130000114440918,302700,0.0,0.0
2007-05-31 00:00:00-04:00,12.319999694824219,13.0600004196167,12.279999732971191,12.75,754700,0.0,0.0
2007-06-01 00:00:00-04:00,12.949999809265137,13.239999771118164,12.800000190734863,13.239999771118164,653100,0.0,0.0
2007-06-04 00:00:00-04:00,13.289999961853027,13.600000381469727,13.149999618530273,13.579999923706055,445300,0.0,0.0
2007-06-05 00:00:00-04:00,13.579999923706055,13.59000015258789,13.170000076293945,13.380000114440918,335200,0.0,0.0
2007-06-06 00:00:00-04:00,13.3100004196167,13.550000190734863,13.09000015258789,13.289999961853027,366700,0.0,0.0
2007-06-07 00:00:00-04:00,13.1899995803833,13.399999618530273,12.399999618530273,12.949999809265137,664100,0.0,0.0
2007-06-08 00:00:00-04:00,12.510000228881836,12.949999809265137,12.510000228881836,12.710000038146973,338100,0.0,0.0
2007-06-11 00:00:00-04:00,12.800000190734863,12.869999885559082,12.479999542236328,12.5,297300,0.0,0.0
2007-06-12 00:00:00-04:00,12.210000038146973,12.350000381469727,11.710000038146973,11.760000228881836,544700,0.0,0.0
2007-06-13 00:00:00-04:00,11.760000228881836,12.229999542236328,11.720000267028809,12.119999885559082,413100,0.0,0.0
2007-06-14 00:00:00-04:00,12.0600004196167,12.350000381469727,12.050000190734863,12.25,241900,0.0,0.0
2007-06-15 00:00:00-04:00,12.1899995803833,12.350000381469727,12.109999656677246,12.3100004196167,158400,0.0,0.0
2007-06-18 00:00:00-04:00,12.449999809265137,12.449999809265137,12.180000305175781,12.279999732971191,176600,0.0,0.0
2007-06-19 00:00:00-04:00,12.289999961853027,12.359999656677246,12.199999809265137,12.34000015258789,149600,0.0,0.0
2007-06-20 00:00:00-04:00,12.289999961853027,12.489999771118164,12.050000190734863,12.210000038146973,117700,0.0,0.0
2007-06-21 00:00:00-04:00,12.100000381469727,12.25,11.850000381469727,12.029999732971191,161500,0.0,0.0
2007-06-22 00:00:00-04:00,12.15999984741211,12.170000076293945,11.729999542236328,11.869999885559082,171100,0.0,0.0
2007-06-25 00:00:00-04:00,11.739999771118164,11.859999656677246,11.609999656677246,11.619999885559082,196100,0.0,0.0
2007-06-26 00:00:00-04:00,11.5,11.569999694824219,10.819999694824219,10.84000015258789,474400,0.0,0.0
2007-06-27 00:00:00-04:00,10.850000381469727,11.300000190734863,10.699999809265137,11.239999771118164,293600,0.0,0.0
2007-06-28 00:00:00-04:00,11.319999694824219,11.640000343322754,11.3100004196167,11.520000457763672,190300,0.0,0.0
2007-06-29 00:00:00-04:00,11.630000114440918,11.949999809265137,11.630000114440918,11.739999771118164,192900,0.0,0.0
2007-07-02 00:00:00-04:00,11.989999771118164,12.350000381469727,11.979999542236328,12.34000015258789,269900,0.0,0.0
2007-07-03 00:00:00-04:00,12.479999542236328,12.5,12.170000076293945,12.229999542236328,102700,0.0,0.0
2007-07-05 00:00:00-04:00,12.300000190734863,12.449999809265137,12.260000228881836,12.449999809265137,179200,0.0,0.0
2007-07-06 00:00:00-04:00,12.430000305175781,13.0,12.399999618530273,12.850000381469727,292100,0.0,0.0
2007-07-09 00:00:00-04:00,13.430000305175781,13.430000305175781,12.859999656677246,12.890000343322754,248100,0.0,0.0
2007-07-10 00:00:00-04:00,12.930000305175781,12.930000305175781,12.609999656677246,12.680000305175781,136500,0.0,0.0
2007-07-11 00:00:00-04:00,12.539999961853027,12.699999809265137,12.279999732971191,12.600000381469727,211400,0.0,0.0
2007-07-12 00:00:00-04:00,12.640000343322754,13.0,12.640000343322754,12.829999923706055,167000,0.0,0.0
2007-07-13 00:00:00-04:00,12.890000343322754,12.949999809265137,12.539999961853027,12.770000457763672,186900,0.0,0.0
2007-07-16 00:00:00-04:00,12.770000457763672,12.949999809265137,12.539999961853027,12.600000381469727,213900,0.0,0.0
2007-07-17 00:00:00-04:00,12.600000381469727,12.729999542236328,12.380000114440918,12.529999732971191,117100,0.0,0.0
2007-07-18 00:00:00-04:00,12.5600004196167,12.800000190734863,12.430000305175781,12.75,191800,0.0,0.0
2007-07-19 00:00:00-04:00,13.0,13.0,12.75,12.800000190734863,264400,0.0,0.0
2007-07-20 00:00:00-04:00,12.760000228881836,13.0,12.720000267028809,12.760000228881836,195000,0.0,0.0
2007-07-23 00:00:00-04:00,12.84000015258789,12.949999809265137,12.760000228881836,12.949999809265137,153400,0.0,0.0
2007-07-24 00:00:00-04:00,13.039999961853027,13.039999961853027,12.649999618530273,12.699999809265137,244300,0.0,0.0
2007-07-25 00:00:00-04:00,12.8100004196167,12.899999618530273,12.529999732971191,12.779999732971191,281800,0.0,0.0
2007-07-26 00:00:00-04:00,12.779999732971191,13.199999809265137,12.609999656677246,13.050000190734863,632900,0.0,0.0
2007-07-27 00:00:00-04:00,13.010000228881836,14.210000038146973,12.899999618530273,14.010000228881836,907400,0.0,0.0
2007-07-30 00:00:00-04:00,14.289999961853027,15.539999961853027,14.149999618530273,15.140000343322754,901400,0.0,0.0
2007-07-31 00:00:00-04:00,15.199999809265137,15.609999656677246,14.800000190734863,15.170000076293945,567900,0.0,0.0
2007-08-01 00:00:00-04:00,15.0,15.569999694824219,12.850000381469727,13.130000114440918,2359600,0.0,0.0
2007-08-02 00:00:00-04:00,13.239999771118164,14.40999984741211,13.239999771118164,13.930000305175781,762700,0.0,0.0
2007-08-03 00:00:00-04:00,14.0,14.239999771118164,13.819999694824219,14.149999618530273,478400,0.0,0.0
2007-08-06 00:00:00-04:00,14.0600004196167,14.1899995803833,13.319999694824219,13.699999809265137,425500,0.0,0.0
2007-08-07 00:00:00-04:00,13.510000228881836,13.550000190734863,13.1899995803833,13.350000381469727,274700,0.0,0.0
2007-08-08 00:00:00-04:00,13.180000305175781,13.9399995803833,13.180000305175781,13.800000190734863,514300,0.0,0.0
2007-08-09 00:00:00-04:00,13.3100004196167,13.729999542236328,13.119999885559082,13.300000190734863,336200,0.0,0.0
2007-08-10 00:00:00-04:00,13.100000381469727,13.1899995803833,12.6899995803833,12.789999961853027,674600,0.0,0.0
2007-08-13 00:00:00-04:00,12.779999732971191,12.970000267028809,12.539999961853027,12.699999809265137,467000,0.0,0.0
2007-08-14 00:00:00-04:00,12.600000381469727,12.680000305175781,11.34000015258789,12.050000190734863,757200,0.0,0.0
2007-08-15 00:00:00-04:00,11.010000228881836,11.489999771118164,10.75,11.0,455800,0.0,0.0
2007-08-16 00:00:00-04:00,10.380000114440918,10.399999618530273,8.630000114440918,9.829999923706055,1521700,0.0,0.0
2007-08-17 00:00:00-04:00,10.289999961853027,10.609999656677246,9.699999809265137,9.720000267028809,482800,0.0,0.0
2007-08-20 00:00:00-04:00,10.199999809265137,10.300000190734863,9.479999542236328,9.649999618530273,317400,0.0,0.0
2007-08-21 00:00:00-04:00,9.949999809265137,10.0,9.729999542236328,9.970000267028809,325300,0.0,0.0
2007-08-22 00:00:00-04:00,10.149999618530273,10.680000305175781,9.90999984741211,10.380000114440918,477600,0.0,0.0
2007-08-23 00:00:00-04:00,11.1899995803833,11.369999885559082,10.279999732971191,10.300000190734863,509000,0.0,0.0
2007-08-24 00:00:00-04:00,10.279999732971191,10.569999694824219,10.029999732971191,10.4399995803833,262800,0.0,0.0
2007-08-27 00:00:00-04:00,10.479999542236328,10.75,10.180000305175781,10.550000190734863,216600,0.0,0.0
2007-08-28 00:00:00-04:00,10.420000076293945,10.670000076293945,9.800000190734863,10.020000457763672,338100,0.0,0.0
2007-08-29 00:00:00-04:00,10.109999656677246,10.1899995803833,9.699999809265137,10.0,340000,0.0,0.0
2007-08-30 00:00:00-04:00,9.75,10.079999923706055,9.710000038146973,9.859999656677246,228600,0.0,0.0
2007-08-31 00:00:00-04:00,10.149999618530273,10.270000457763672,9.90999984741211,10.050000190734863,231300,0.0,0.0
2007-09-04 00:00:00-04:00,10.050000190734863,10.149999618530273,9.8100004196167,10.0600004196167,395500,0.0,0.0
2007-09-05 00:00:00-04:00,9.859999656677246,9.920000076293945,9.510000228881836,9.84000015258789,394200,0.0,0.0
2007-09-06 00:00:00-04:00,9.850000381469727,9.949999809265137,9.3100004196167,9.930000305175781,711700,0.0,0.0
2007-09-07 00:00:00-04:00,10.069999694824219,10.300000190734863,9.960000038146973,10.100000381469727,342400,0.0,0.0
2007-09-10 00:00:00-04:00,10.140000343322754,10.199999809265137,9.619999885559082,9.84000015258789,213200,0.0,0.0
2007-09-11 00:00:00-04:00,9.960000038146973,10.069999694824219,9.640000343322754,10.010000228881836,423900,0.0,0.0
2007-09-12 00:00:00-04:00,10.09000015258789,10.279999732971191,9.979999542236328,10.130000114440918,424000,0.0,0.0
2007-09-13 00:00:00-04:00,10.109999656677246,10.350000381469727,10.010000228881836,10.229999542236328,249800,0.0,0.0
2007-09-14 00:00:00-04:00,10.489999771118164,10.489999771118164,10.09000015258789,10.130000114440918,212900,0.0,0.0
2007-09-17 00:00:00-04:00,10.1899995803833,10.239999771118164,10.020000457763672,10.15999984741211,163200,0.0,0.0
2007-09-18 00:00:00-04:00,10.09000015258789,10.4399995803833,9.859999656677246,10.300000190734863,284900,0.0,0.0
2007-09-19 00:00:00-04:00,10.25,10.579999923706055,10.25,10.350000381469727,312200,0.0,0.0
2007-09-20 00:00:00-04:00,10.449999809265137,11.449999809265137,10.449999809265137,11.149999618530273,566300,0.0,0.0
2007-09-21 00:00:00-04:00,11.390000343322754,11.630000114440918,11.020000457763672,11.449999809265137,398600,0.0,0.0
2007-09-24 00:00:00-04:00,11.539999961853027,12.0600004196167,11.539999961853027,11.550000190734863,430500,0.0,0.0
2007-09-25 00:00:00-04:00,11.510000228881836,11.510000228881836,11.100000381469727,11.329999923706055,226300,0.0,0.0
2007-09-26 00:00:00-04:00,11.170000076293945,11.329999923706055,10.489999771118164,10.789999961853027,442600,0.0,0.0
2007-09-27 00:00:00-04:00,10.989999771118164,11.0,10.649999618530273,10.869999885559082,203400,0.0,0.0
2007-09-28 00:00:00-04:00,11.020000457763672,11.390000343322754,11.020000457763672,11.050000190734863,393800,0.0,0.0
2007-10-01 00:00:00-04:00,11.180000305175781,11.180000305175781,10.819999694824219,10.899999618530273,345500,0.0,0.0
2007-10-02 00:00:00-04:00,10.699999809265137,10.729999542236328,10.40999984741211,10.640000343322754,257500,0.0,0.0
2007-10-03 00:00:00-04:00,10.720000267028809,10.789999961853027,10.510000228881836,10.619999885559082,212500,0.0,0.0
2007-10-04 00:00:00-04:00,10.649999618530273,11.319999694824219,10.619999885559082,11.279999732971191,426800,0.0,0.0
2007-10-05 00:00:00-04:00,11.3100004196167,12.109999656677246,11.300000190734863,12.09000015258789,501400,0.0,0.0
2007-10-08 00:00:00-04:00,12.0,12.0,11.710000038146973,11.800000190734863,147200,0.0,0.0
2007-10-09 00:00:00-04:00,11.800000190734863,13.140000343322754,11.800000190734863,13.050000190734863,647900,0.0,0.0
2007-10-10 00:00:00-04:00,13.039999961853027,13.199999809265137,12.65999984741211,13.130000114440918,575100,0.0,0.0
2007-10-11 00:00:00-04:00,13.350000381469727,13.4399995803833,12.369999885559082,12.510000228881836,698400,0.0,0.0
2007-10-12 00:00:00-04:00,12.510000228881836,12.649999618530273,12.399999618530273,12.539999961853027,408400,0.0,0.0
2007-10-15 00:00:00-04:00,13.100000381469727,13.25,12.449999809265137,12.670000076293945,507000,0.0,0.0
2007-10-16 00:00:00-04:00,12.600000381469727,12.710000038146973,12.220000267028809,12.380000114440918,402400,0.0,0.0
2007-10-17 00:00:00-04:00,12.399999618530273,12.520000457763672,12.199999809265137,12.220000267028809,439900,0.0,0.0
2007-10-18 00:00:00-04:00,12.199999809265137,12.600000381469727,12.109999656677246,12.539999961853027,404700,0.0,0.0
2007-10-19 00:00:00-04:00,12.5,12.640000343322754,11.75,11.84000015258789,343500,0.0,0.0
2007-10-22 00:00:00-04:00,11.1899995803833,11.510000228881836,10.819999694824219,11.449999809265137,565800,0.0,0.0
2007-10-23 00:00:00-04:00,11.949999809265137,12.020000457763672,11.489999771118164,11.979999542236328,266700,0.0,0.0
2007-10-24 00:00:00-04:00,11.729999542236328,11.979999542236328,11.640000343322754,11.960000038146973,188500,0.0,0.0
2007-10-25 00:00:00-04:00,11.930000305175781,12.149999618530273,11.800000190734863,12.050000190734863,200500,0.0,0.0
2007-10-26 00:00:00-04:00,12.279999732971191,12.390000343322754,11.960000038146973,11.979999542236328,395700,0.0,0.0
2007-10-29 00:00:00-04:00,11.850000381469727,12.289999961853027,11.760000228881836,12.170000076293945,654000,0.0,0.0
2007-10-30 00:00:00-04:00,12.09000015258789,12.25,11.84000015258789,11.920000076293945,278700,0.0,0.0
2007-10-31 00:00:00-04:00,11.9399995803833,12.220000267028809,11.90999984741211,12.100000381469727,280300,0.0,0.0
2007-11-01 00:00:00-04:00,12.0,12.1899995803833,11.75,11.75,212900,0.0,0.0
2007-11-02 00:00:00-04:00,12.15999984741211,12.180000305175781,11.760000228881836,11.949999809265137,401500,0.0,0.0
2007-11-05 00:00:00-05:00,11.90999984741211,12.0,11.5600004196167,11.619999885559082,233700,0.0,0.0
2007-11-06 00:00:00-05:00,11.460000038146973,11.949999809265137,11.460000038146973,11.899999618530273,369100,0.0,0.0
2007-11-07 00:00:00-05:00,12.0,12.100000381469727,11.819999694824219,11.890000343322754,389300,0.0,0.0
2007-11-08 00:00:00-05:00,11.710000038146973,12.130000114440918,11.710000038146973,11.920000076293945,337800,0.0,0.0
2007-11-09 00:00:00-05:00,11.579999923706055,12.039999961853027,11.579999923706055,12.039999961853027,210400,0.0,0.0
2007-11-12 00:00:00-05:00,12.0,12.0,11.220000267028809,11.300000190734863,476600,0.0,0.0
2007-11-13 00:00:00-05:00,11.199999809265137,11.75,11.199999809265137,11.640000343322754,380900,0.0,0.0
2007-11-14 00:00:00-05:00,11.8100004196167,12.069999694824219,11.75,11.970000267028809,323500,0.0,0.0
2007-11-15 00:00:00-05:00,11.75,11.75,11.069999694824219,11.180000305175781,259000,0.0,0.0
2007-11-16 00:00:00-05:00,11.300000190734863,11.989999771118164,11.300000190734863,11.989999771118164,588200,0.0,0.0
2007-11-19 00:00:00-05:00,12.130000114440918,12.130000114440918,11.359999656677246,11.399999618530273,254600,0.0,0.0
2007-11-20 00:00:00-05:00,11.649999618530273,11.829999923706055,11.489999771118164,11.6899995803833,236400,0.0,0.0
2007-11-21 00:00:00-05:00,11.800000190734863,11.800000190734863,11.199999809265137,11.220000267028809,348900,0.0,0.0
2007-11-23 00:00:00-05:00,11.220000267028809,11.579999923706055,11.100000381469727,11.520000457763672,247100,0.0,0.0
2007-11-26 00:00:00-05:00,11.329999923706055,11.489999771118164,10.949999809265137,10.989999771118164,293800,0.0,0.0
2007-11-27 00:00:00-05:00,11.25,11.25,10.229999542236328,10.510000228881836,466700,0.0,0.0
2007-11-28 00:00:00-05:00,10.420000076293945,11.149999618530273,10.300000190734863,11.140000343322754,380100,0.0,0.0
2007-11-29 00:00:00-05:00,10.899999618530273,11.149999618530273,10.739999771118164,10.949999809265137,253000,0.0,0.0
2007-11-30 00:00:00-05:00,10.859999656677246,11.039999961853027,10.699999809265137,11.0,312500,0.0,0.0
2007-12-03 00:00:00-05:00,10.949999809265137,11.350000381469727,10.920000076293945,11.319999694824219,315100,0.0,0.0
2007-12-04 00:00:00-05:00,11.050000190734863,11.369999885559082,10.930000305175781,11.210000038146973,309900,0.0,0.0
2007-12-05 00:00:00-05:00,11.40999984741211,11.40999984741211,11.039999961853027,11.319999694824219,239600,0.0,0.0
2007-12-06 00:00:00-05:00,11.350000381469727,11.779999732971191,11.199999809265137,11.760000228881836,242500,0.0,0.0
2007-12-07 00:00:00-05:00,11.800000190734863,12.119999885559082,11.649999618530273,12.100000381469727,499900,0.0,0.0
2007-12-10 00:00:00-05:00,12.5,13.010000228881836,12.5,12.819999694824219,769000,0.0,0.0
2007-12-11 00:00:00-05:00,12.890000343322754,13.09000015258789,12.420000076293945,12.460000038146973,541600,0.0,0.0
2007-12-12 00:00:00-05:00,12.5600004196167,12.859999656677246,12.350000381469727,12.5,254400,0.0,0.0
2007-12-13 00:00:00-05:00,12.5,12.649999618530273,12.220000267028809,12.569999694824219,265500,0.0,0.0
2007-12-14 00:00:00-05:00,12.260000228881836,12.770000457763672,12.25,12.470000267028809,295400,0.0,0.0
2007-12-17 00:00:00-05:00,12.640000343322754,12.899999618530273,12.399999618530273,12.5600004196167,528800,0.0,0.0
2007-12-18 00:00:00-05:00,12.850000381469727,13.0,12.569999694824219,12.770000457763672,487700,0.0,0.0
2007-12-19 00:00:00-05:00,12.75,13.270000457763672,12.75,13.25,520600,0.0,0.0
2007-12-20 00:00:00-05:00,13.130000114440918,13.489999771118164,13.130000114440918,13.149999618530273,530300,0.0,0.0
2007-12-21 00:00:00-05:00,13.199999809265137,13.600000381469727,13.199999809265137,13.350000381469727,243600,0.0,0.0
2007-12-24 00:00:00-05:00,13.350000381469727,13.5600004196167,13.350000381469727,13.5,92000,0.0,0.0
2007-12-26 00:00:00-05:00,13.1899995803833,13.449999809265137,12.829999923706055,13.329999923706055,143000,0.0,0.0
2007-12-27 00:00:00-05:00,13.0600004196167,13.40999984741211,13.0600004196167,13.149999618530273,143800,0.0,0.0
2007-12-28 00:00:00-05:00,13.010000228881836,13.40999984741211,13.010000228881836,13.369999885559082,166800,0.0,0.0
2007-12-31 00:00:00-05:00,13.390000343322754,13.390000343322754,12.770000457763672,13.130000114440918,202400,0.0,0.0
2008-01-02 00:00:00-05:00,13.1899995803833,13.65999984741211,13.1899995803833,13.510000228881836,269900,0.0,0.0
2008-01-03 00:00:00-05:00,13.789999961853027,13.869999885559082,13.449999809265137,13.520000457763672,297700,0.0,0.0
2008-01-04 00:00:00-05:00,13.529999732971191,13.5600004196167,12.75,13.039999961853027,322600,0.0,0.0
2008-01-07 00:00:00-05:00,13.1899995803833,13.369999885559082,12.90999984741211,13.25,363300,0.0,0.0
2008-01-08 00:00:00-05:00,13.470000267028809,13.600000381469727,13.279999732971191,13.420000076293945,335300,0.0,0.0
2008-01-09 00:00:00-05:00,13.380000114440918,13.510000228881836,12.75,13.119999885559082,331800,0.0,0.0
2008-01-10 00:00:00-05:00,13.010000228881836,13.350000381469727,12.84000015258789,13.350000381469727,342600,0.0,0.0
2008-01-11 00:00:00-05:00,13.140000343322754,13.239999771118164,12.850000381469727,12.989999771118164,181500,0.0,0.0
2008-01-14 00:00:00-05:00,13.289999961853027,13.289999961853027,12.779999732971191,13.069999694824219,218800,0.0,0.0
2008-01-15 00:00:00-05:00,12.770000457763672,13.039999961853027,12.130000114440918,12.279999732971191,240300,0.0,0.0
2008-01-16 00:00:00-05:00,12.4399995803833,12.4399995803833,11.369999885559082,11.760000228881836,374600,0.0,0.0
2008-01-17 00:00:00-05:00,11.6899995803833,11.890000343322754,11.25,11.25,210200,0.0,0.0
2008-01-18 00:00:00-05:00,11.010000228881836,11.300000190734863,10.600000381469727,11.140000343322754,457600,0.0,0.0
2008-01-22 00:00:00-05:00,10.149999618530273,10.729999542236328,9.260000228881836,10.569999694824219,617000,0.0,0.0
2008-01-23 00:00:00-05:00,10.329999923706055,10.729999542236328,9.899999618530273,10.5600004196167,251900,0.0,0.0
2008-01-24 00:00:00-05:00,10.789999961853027,11.149999618530273,10.770000457763672,10.970000267028809,225900,0.0,0.0
2008-01-25 00:00:00-05:00,11.25,11.369999885559082,10.420000076293945,10.569999694824219,260700,0.0,0.0
2008-01-28 00:00:00-05:00,10.760000228881836,10.890000343322754,10.5,10.739999771118164,209500,0.0,0.0
2008-01-29 00:00:00-05:00,10.84000015258789,10.84000015258789,10.5,10.609999656677246,120500,0.0,0.0
2008-01-30 00:00:00-05:00,10.6899995803833,10.979999542236328,10.65999984741211,10.789999961853027,239900,0.0,0.0
2008-01-31 00:00:00-05:00,10.710000038146973,10.869999885559082,10.539999961853027,10.75,294400,0.0,0.0
2008-02-01 00:00:00-05:00,10.880000114440918,11.270000457763672,10.75,11.25,378100,0.0,0.0
2008-02-04 00:00:00-05:00,11.289999961853027,11.289999961853027,10.819999694824219,10.890000343322754,191300,0.0,0.0
2008-02-05 00:00:00-05:00,10.880000114440918,10.880000114440918,10.319999694824219,10.359999656677246,221300,0.0,0.0
2008-02-06 00:00:00-05:00,10.59000015258789,10.670000076293945,10.170000076293945,10.289999961853027,212300,0.0,0.0
2008-02-07 00:00:00-05:00,10.109999656677246,10.359999656677246,10.0600004196167,10.229999542236328,219100,0.0,0.0
2008-02-08 00:00:00-05:00,10.079999923706055,10.630000114440918,10.079999923706055,10.529999732971191,291700,0.0,0.0
2008-02-11 00:00:00-05:00,10.600000381469727,10.649999618530273,10.350000381469727,10.529999732971191,197000,0.0,0.0
2008-02-12 00:00:00-05:00,10.489999771118164,10.5600004196167,10.050000190734863,10.130000114440918,221800,0.0,0.0
2008-02-13 00:00:00-05:00,10.029999732971191,10.350000381469727,9.899999618530273,10.319999694824219,267900,0.0,0.0
2008-02-14 00:00:00-05:00,10.319999694824219,10.4399995803833,10.069999694824219,10.25,191400,0.0,0.0
2008-02-15 00:00:00-05:00,10.319999694824219,10.630000114440918,10.010000228881836,10.550000190734863,277700,0.0,0.0
2008-02-19 00:00:00-05:00,10.859999656677246,10.989999771118164,10.800000190734863,10.84000015258789,255000,0.0,0.0
2008-02-20 00:00:00-05:00,10.789999961853027,11.270000457763672,10.670000076293945,11.229999542236328,310300,0.0,0.0
2008-02-21 00:00:00-05:00,11.470000267028809,12.0,11.180000305175781,11.350000381469727,483500,0.0,0.0
2008-02-22 00:00:00-05:00,11.4399995803833,12.09000015258789,11.15999984741211,12.0600004196167,427800,0.0,0.0
2008-02-25 00:00:00-05:00,12.0600004196167,12.470000267028809,11.800000190734863,12.4399995803833,344100,0.0,0.0
2008-02-26 00:00:00-05:00,12.15999984741211,12.510000228881836,12.149999618530273,12.489999771118164,206400,0.0,0.0
2008-02-27 00:00:00-05:00,12.479999542236328,12.5,12.289999961853027,12.5,230800,0.0,0.0
2008-02-28 00:00:00-05:00,12.489999771118164,12.569999694824219,12.0600004196167,12.550000190734863,237200,0.0,0.0
2008-02-29 00:00:00-05:00,12.5600004196167,12.5600004196167,12.170000076293945,12.1899995803833,159900,0.0,0.0
2008-03-03 00:00:00-05:00,12.329999923706055,12.569999694824219,12.149999618530273,12.369999885559082,267400,0.0,0.0
2008-03-04 00:00:00-05:00,12.300000190734863,12.34000015258789,12.0,12.300000190734863,234200,0.0,0.0
2008-03-05 00:00:00-05:00,12.220000267028809,12.390000343322754,11.869999885559082,12.239999771118164,207600,0.0,0.0
2008-03-06 00:00:00-05:00,12.220000267028809,12.270000457763672,12.140000343322754,12.170000076293945,130200,0.0,0.0
2008-03-07 00:00:00-05:00,12.239999771118164,12.25,11.40999984741211,11.550000190734863,357100,0.0,0.0
2008-03-10 00:00:00-04:00,11.520000457763672,11.520000457763672,10.800000190734863,10.800000190734863,350600,0.0,0.0
2008-03-11 00:00:00-04:00,10.859999656677246,11.149999618530273,10.859999656677246,11.109999656677246,382400,0.0,0.0
2008-03-12 00:00:00-04:00,11.329999923706055,11.329999923706055,11.0,11.029999732971191,151800,0.0,0.0
2008-03-13 00:00:00-04:00,11.100000381469727,11.529999732971191,11.010000228881836,11.479999542236328,235200,0.0,0.0
2008-03-14 00:00:00-04:00,11.649999618530273,11.649999618530273,11.050000190734863,11.100000381469727,168900,0.0,0.0
2008-03-17 00:00:00-04:00,10.949999809265137,10.949999809265137,10.5,10.5,275000,0.0,0.0
2008-03-18 00:00:00-04:00,10.510000228881836,10.739999771118164,10.319999694824219,10.369999885559082,178900,0.0,0.0
2008-03-19 00:00:00-04:00,10.260000228881836,10.34000015258789,9.65999984741211,9.760000228881836,347500,0.0,0.0
2008-03-20 00:00:00-04:00,9.65999984741211,10.470000267028809,9.350000381469727,9.449999809265137,409200,0.0,0.0
2008-03-24 00:00:00-04:00,9.520000457763672,9.84000015258789,9.5,9.699999809265137,204000,0.0,0.0
2008-03-25 00:00:00-04:00,9.84000015258789,10.25,9.800000190734863,10.210000038146973,209500,0.0,0.0
2008-03-26 00:00:00-04:00,10.270000457763672,10.329999923706055,10.0600004196167,10.1899995803833,122000,0.0,0.0
2008-03-27 00:00:00-04:00,10.029999732971191,10.25,9.760000228881836,9.779999732971191,241500,0.0,0.0
2008-03-28 00:00:00-04:00,9.670000076293945,9.890000343322754,9.600000381469727,9.670000076293945,124500,0.0,0.0
2008-03-31 00:00:00-04:00,9.75,9.75,9.149999618530273,9.15999984741211,355900,0.0,0.0
2008-04-01 00:00:00-04:00,9.130000114440918,9.380000114440918,8.84000015258789,9.279999732971191,540900,0.0,0.0
2008-04-02 00:00:00-04:00,9.25,9.430000305175781,9.25,9.380000114440918,211200,0.0,0.0
2008-04-03 00:00:00-04:00,9.449999809265137,9.880000114440918,9.1899995803833,9.850000381469727,266500,0.0,0.0
2008-04-04 00:00:00-04:00,9.970000267028809,10.0600004196167,9.819999694824219,9.960000038146973,191400,0.0,0.0
2008-04-07 00:00:00-04:00,10.109999656677246,10.109999656677246,9.600000381469727,9.640000343322754,219000,0.0,0.0
2008-04-08 00:00:00-04:00,9.640000343322754,9.739999771118164,9.5,9.579999923706055,98500,0.0,0.0
2008-04-09 00:00:00-04:00,9.579999923706055,9.630000114440918,9.399999618530273,9.569999694824219,114700,0.0,0.0
2008-04-10 00:00:00-04:00,9.609999656677246,9.6899995803833,9.40999984741211,9.59000015258789,103800,0.0,0.0
2008-04-11 00:00:00-04:00,9.600000381469727,9.609999656677246,9.5,9.5600004196167,114400,0.0,0.0
2008-04-14 00:00:00-04:00,9.460000038146973,9.600000381469727,9.460000038146973,9.5,218400,0.0,0.0
2008-04-15 00:00:00-04:00,9.5,9.770000457763672,9.5,9.670000076293945,131600,0.0,0.0
2008-04-16 00:00:00-04:00,9.779999732971191,10.199999809265137,9.699999809265137,10.180000305175781,229900,0.0,0.0
2008-04-17 00:00:00-04:00,10.149999618530273,10.449999809265137,10.069999694824219,10.359999656677246,186600,0.0,0.0
2008-04-18 00:00:00-04:00,10.4399995803833,10.489999771118164,9.8100004196167,9.84000015258789,279200,0.0,0.0
2008-04-21 00:00:00-04:00,10.069999694824219,10.069999694824219,9.779999732971191,9.859999656677246,153200,0.0,0.0
2008-04-22 00:00:00-04:00,9.9399995803833,10.069999694824219,9.510000228881836,9.739999771118164,174100,0.0,0.0
2008-04-23 00:00:00-04:00,9.680000305175781,9.680000305175781,9.40999984741211,9.460000038146973,145400,0.0,0.0
2008-04-24 00:00:00-04:00,9.489999771118164,9.489999771118164,9.220000267028809,9.279999732971191,247700,0.0,0.0
2008-04-25 00:00:00-04:00,9.260000228881836,9.520000457763672,9.229999542236328,9.5,83200,0.0,0.0
2008-04-28 00:00:00-04:00,9.470000267028809,9.710000038146973,9.34000015258789,9.34000015258789,114700,0.0,0.0
2008-04-29 00:00:00-04:00,9.25,9.329999923706055,9.199999809265137,9.279999732971191,193900,0.0,0.0
2008-04-30 00:00:00-04:00,9.350000381469727,9.529999732971191,9.350000381469727,9.430000305175781,143500,0.0,0.0
2008-05-01 00:00:00-04:00,9.220000267028809,9.430000305175781,9.220000267028809,9.350000381469727,186700,0.0,0.0
2008-05-02 00:00:00-04:00,9.210000038146973,9.649999618530273,9.210000038146973,9.539999961853027,89100,0.0,0.0
2008-05-05 00:00:00-04:00,9.600000381469727,9.989999771118164,9.600000381469727,9.960000038146973,148200,0.0,0.0
2008-05-06 00:00:00-04:00,10.0,10.100000381469727,9.90999984741211,10.0600004196167,110800,0.0,0.0
2008-05-07 00:00:00-04:00,9.970000267028809,10.100000381469727,9.5600004196167,9.579999923706055,110200,0.0,0.0
2008-05-08 00:00:00-04:00,9.600000381469727,9.890000343322754,9.600000381469727,9.890000343322754,135400,0.0,0.0
2008-05-09 00:00:00-04:00,9.890000343322754,9.890000343322754,9.710000038146973,9.729999542236328,46300,0.0,0.0
2008-05-12 00:00:00-04:00,9.670000076293945,9.899999618530273,9.630000114440918,9.859999656677246,62700,0.0,0.0
2008-05-13 00:00:00-04:00,9.649999618530273,9.850000381469727,9.649999618530273,9.760000228881836,96400,0.0,0.0
2008-05-14 00:00:00-04:00,9.84000015258789,9.84000015258789,9.579999923706055,9.649999618530273,65100,0.0,0.0
2008-05-15 00:00:00-04:00,9.600000381469727,9.800000190734863,9.600000381469727,9.75,67400,0.0,0.0
2008-05-16 00:00:00-04:00,9.800000190734863,10.09000015258789,9.75,9.989999771118164,164700,0.0,0.0
2008-05-19 00:00:00-04:00,10.0,10.130000114440918,9.829999923706055,9.84000015258789,180900,0.0,0.0
2008-05-20 00:00:00-04:00,10.0600004196167,10.180000305175781,9.84000015258789,10.020000457763672,155800,0.0,0.0
2008-05-21 00:00:00-04:00,9.989999771118164,10.25,9.989999771118164,10.149999618530273,137600,0.0,0.0
2008-05-22 00:00:00-04:00,10.109999656677246,10.239999771118164,10.029999732971191,10.039999961853027,80900,0.0,0.0
2008-05-23 00:00:00-04:00,10.039999961853027,10.149999618530273,9.729999542236328,9.75,73100,0.0,0.0
2008-05-27 00:00:00-04:00,9.630000114440918,9.6899995803833,9.199999809265137,9.3100004196167,246600,0.0,0.0
2008-05-28 00:00:00-04:00,9.430000305175781,9.5,9.239999771118164,9.489999771118164,91200,0.0,0.0
2008-05-29 00:00:00-04:00,9.449999809265137,9.510000228881836,9.25,9.25,78800,0.0,0.0
2008-05-30 00:00:00-04:00,9.300000190734863,9.800000190734863,9.279999732971191,9.789999961853027,144000,0.0,0.0
2008-06-02 00:00:00-04:00,9.670000076293945,9.789999961853027,9.420000076293945,9.489999771118164,96700,0.0,0.0
2008-06-03 00:00:00-04:00,9.520000457763672,9.550000190734863,9.25,9.25,115500,0.0,0.0
2008-06-04 00:00:00-04:00,9.25,9.350000381469727,9.199999809265137,9.210000038146973,112700,0.0,0.0
2008-06-05 00:00:00-04:00,9.199999809265137,9.5,9.199999809265137,9.5,85100,0.0,0.0
2008-06-06 00:00:00-04:00,9.479999542236328,9.710000038146973,9.4399995803833,9.600000381469727,114300,0.0,0.0
2008-06-09 00:00:00-04:00,9.600000381469727,9.630000114440918,9.34000015258789,9.380000114440918,141400,0.0,0.0
2008-06-10 00:00:00-04:00,9.3100004196167,9.3100004196167,9.130000114440918,9.1899995803833,189800,0.0,0.0
2008-06-11 00:00:00-04:00,9.109999656677246,9.300000190734863,8.9399995803833,9.0600004196167,315200,0.0,0.0
2008-06-12 00:00:00-04:00,8.979999542236328,9.0,8.710000038146973,8.760000228881836,439200,0.0,0.0
2008-06-13 00:00:00-04:00,8.75,8.829999923706055,8.649999618530273,8.760000228881836,141100,0.0,0.0
2008-06-16 00:00:00-04:00,8.760000228881836,8.84000015258789,8.649999618530273,8.800000190734863,127800,0.0,0.0
2008-06-17 00:00:00-04:00,8.880000114440918,8.880000114440918,8.75,8.779999732971191,60900,0.0,0.0
2008-06-18 00:00:00-04:00,8.710000038146973,8.770000457763672,8.670000076293945,8.75,129400,0.0,0.0
2008-06-19 00:00:00-04:00,8.6899995803833,8.84000015258789,8.6899995803833,8.729999542236328,46200,0.0,0.0
2008-06-20 00:00:00-04:00,8.65999984741211,8.8100004196167,8.569999694824219,8.670000076293945,156900,0.0,0.0
2008-06-23 00:00:00-04:00,8.600000381469727,8.670000076293945,8.550000190734863,8.59000015258789,178000,0.0,0.0
2008-06-24 00:00:00-04:00,8.630000114440918,8.630000114440918,8.449999809265137,8.449999809265137,129000,0.0,0.0
2008-06-25 00:00:00-04:00,8.40999984741211,8.40999984741211,8.100000381469727,8.260000228881836,221100,0.0,0.0
2008-06-26 00:00:00-04:00,8.260000228881836,8.359999656677246,7.949999809265137,8.039999961853027,246900,0.0,0.0
2008-06-27 00:00:00-04:00,7.949999809265137,8.279999732971191,7.949999809265137,8.119999885559082,157500,0.0,0.0
2008-06-30 00:00:00-04:00,8.020000457763672,8.369999885559082,7.960000038146973,8.029999732971191,235300,0.0,0.0
2008-07-01 00:00:00-04:00,8.0600004196167,8.680000305175781,8.0,8.550000190734863,280300,0.0,0.0
2008-07-02 00:00:00-04:00,8.510000228881836,8.779999732971191,7.96999979019165,7.96999979019165,245500,0.0,0.0
2008-07-03 00:00:00-04:00,7.940000057220459,8.020000457763672,7.690000057220459,7.840000152587891,96900,0.0,0.0
2008-07-07 00:00:00-04:00,7.860000133514404,7.909999847412109,7.300000190734863,7.440000057220459,246900,0.0,0.0
2008-07-08 00:00:00-04:00,7.340000152587891,7.340000152587891,6.900000095367432,7.150000095367432,331100,0.0,0.0
2008-07-09 00:00:00-04:00,7.199999809265137,7.369999885559082,7.150000095367432,7.260000228881836,150100,0.0,0.0
2008-07-10 00:00:00-04:00,7.329999923706055,7.699999809265137,7.210000038146973,7.559999942779541,202800,0.0,0.0
2008-07-11 00:00:00-04:00,7.480000019073486,7.809999942779541,7.440000057220459,7.590000152587891,118300,0.0,0.0
2008-07-14 00:00:00-04:00,7.650000095367432,7.800000190734863,7.630000114440918,7.710000038146973,87400,0.0,0.0
2008-07-15 00:00:00-04:00,7.75,7.840000152587891,7.300000190734863,7.53000020980835,148200,0.0,0.0
2008-07-16 00:00:00-04:00,7.320000171661377,7.650000095367432,7.309999942779541,7.650000095367432,125000,0.0,0.0
2008-07-17 00:00:00-04:00,7.699999809265137,7.699999809265137,7.25,7.5,209000,0.0,0.0
2008-07-18 00:00:00-04:00,7.409999847412109,7.599999904632568,7.400000095367432,7.429999828338623,128700,0.0,0.0
2008-07-21 00:00:00-04:00,7.440000057220459,7.610000133514404,7.269999980926514,7.599999904632568,122900,0.0,0.0
2008-07-22 00:00:00-04:00,7.559999942779541,7.559999942779541,7.309999942779541,7.409999847412109,74100,0.0,0.0
2008-07-23 00:00:00-04:00,7.320000171661377,7.400000095367432,7.260000228881836,7.289999961853027,131400,0.0,0.0
2008-07-24 00:00:00-04:00,7.269999980926514,7.300000190734863,6.940000057220459,6.980000019073486,261400,0.0,0.0
2008-07-25 00:00:00-04:00,6.980000019073486,7.099999904632568,6.650000095367432,7.019999980926514,353900,0.0,0.0
2008-07-28 00:00:00-04:00,6.980000019073486,7.150000095367432,6.710000038146973,7.019999980926514,212100,0.0,0.0
2008-07-29 00:00:00-04:00,6.980000019073486,7.050000190734863,6.849999904632568,6.889999866485596,92900,0.0,0.0
2008-07-30 00:00:00-04:00,6.829999923706055,7.369999885559082,6.75,7.309999942779541,169900,0.0,0.0
2008-07-31 00:00:00-04:00,7.389999866485596,7.420000076293945,7.110000133514404,7.190000057220459,83900,0.0,0.0
2008-08-01 00:00:00-04:00,7.210000038146973,7.210000038146973,7.079999923706055,7.110000133514404,113200,0.0,0.0
2008-08-04 00:00:00-04:00,7.010000228881836,7.150000095367432,6.329999923706055,6.369999885559082,154400,0.0,0.0
2008-08-05 00:00:00-04:00,6.449999809265137,6.639999866485596,6.239999771118164,6.309999942779541,216300,0.0,0.0
2008-08-06 00:00:00-04:00,6.190000057220459,6.440000057220459,6.190000057220459,6.269999980926514,116800,0.0,0.0
2008-08-07 00:00:00-04:00,6.210000038146973,6.260000228881836,5.989999771118164,6.010000228881836,162700,0.0,0.0
2008-08-08 00:00:00-04:00,6.0,6.0,5.260000228881836,5.789999961853027,430900,0.0,0.0
2008-08-11 00:00:00-04:00,5.800000190734863,5.829999923706055,5.170000076293945,5.449999809265137,336100,0.0,0.0
2008-08-12 00:00:00-04:00,5.199999809265137,5.400000095367432,5.170000076293945,5.320000171661377,210900,0.0,0.0
2008-08-13 00:00:00-04:00,5.289999961853027,5.840000152587891,5.289999961853027,5.760000228881836,181900,0.0,0.0
2008-08-14 00:00:00-04:00,5.760000228881836,5.760000228881836,5.570000171661377,5.639999866485596,166300,0.0,0.0
2008-08-15 00:00:00-04:00,5.510000228881836,5.53000020980835,5.059999942779541,5.139999866485596,228400,0.0,0.0
2008-08-18 00:00:00-04:00,5.03000020980835,5.289999961853027,4.769999980926514,4.889999866485596,255300,0.0,0.0
2008-08-19 00:00:00-04:00,4.760000228881836,5.0,4.610000133514404,4.889999866485596,262300,0.0,0.0
2008-08-20 00:00:00-04:00,4.900000095367432,5.150000095367432,4.900000095367432,5.099999904632568,192400,0.0,0.0
2008-08-21 00:00:00-04:00,5.139999866485596,5.329999923706055,5.039999961853027,5.119999885559082,149000,0.0,0.0
2008-08-22 00:00:00-04:00,5.090000152587891,5.329999923706055,4.989999771118164,5.269999980926514,136400,0.0,0.0
2008-08-25 00:00:00-04:00,5.349999904632568,5.690000057220459,5.110000133514404,5.190000057220459,422400,0.0,0.0
2008-08-26 00:00:00-04:00,5.460000038146973,5.460000038146973,5.110000133514404,5.239999771118164,156200,0.0,0.0
2008-08-27 00:00:00-04:00,5.480000019073486,6.929999828338623,5.460000038146973,6.420000076293945,1165700,0.0,0.0
2008-08-28 00:00:00-04:00,6.800000190734863,6.800000190734863,6.260000228881836,6.400000095367432,371600,0.0,0.0
2008-08-29 00:00:00-04:00,6.460000038146973,6.650000095367432,6.400000095367432,6.480000019073486,251700,0.0,0.0
2008-09-02 00:00:00-04:00,6.46999979019165,6.46999979019165,5.820000171661377,5.920000076293945,234800,0.0,0.0
2008-09-03 00:00:00-04:00,5.920000076293945,5.920000076293945,5.539999961853027,5.699999809265137,232700,0.0,0.0
2008-09-04 00:00:00-04:00,5.71999979019165,5.769999980926514,5.079999923706055,5.130000114440918,211200,0.0,0.0
2008-09-05 00:00:00-04:00,5.199999809265137,5.289999961853027,4.760000228881836,5.269999980926514,304200,0.0,0.0
2008-09-08 00:00:00-04:00,5.309999942779541,5.46999979019165,4.800000190734863,4.940000057220459,231300,0.0,0.0
2008-09-09 00:00:00-04:00,4.900000095367432,4.900000095367432,4.429999828338623,4.5,555600,0.0,0.0
2008-09-10 00:00:00-04:00,4.5,4.659999847412109,4.400000095367432,4.610000133514404,415100,0.0,0.0
2008-09-11 00:00:00-04:00,4.590000152587891,4.610000133514404,4.059999942779541,4.059999942779541,678100,0.0,0.0
2008-09-12 00:00:00-04:00,4.130000114440918,4.75,4.070000171661377,4.699999809265137,354200,0.0,0.0
2008-09-15 00:00:00-04:00,4.599999904632568,4.690000057220459,4.360000133514404,4.440000057220459,238200,0.0,0.0
2008-09-16 00:00:00-04:00,4.059999942779541,4.619999885559082,4.050000190734863,4.590000152587891,272200,0.0,0.0
2008-09-17 00:00:00-04:00,4.389999866485596,4.989999771118164,4.349999904632568,4.650000095367432,356200,0.0,0.0
2008-09-18 00:00:00-04:00,4.789999961853027,5.070000171661377,4.699999809265137,4.789999961853027,410600,0.0,0.0
2008-09-19 00:00:00-04:00,4.989999771118164,5.119999885559082,4.849999904632568,5.099999904632568,251400,0.0,0.0
2008-09-22 00:00:00-04:00,5.110000133514404,5.760000228881836,5.110000133514404,5.539999961853027,249600,0.0,0.0
2008-09-23 00:00:00-04:00,5.829999923706055,5.829999923706055,5.170000076293945,5.179999828338623,133600,0.0,0.0
2008-09-24 00:00:00-04:00,5.230000019073486,5.389999866485596,5.0,5.03000020980835,114200,0.0,0.0
2008-09-25 00:00:00-04:00,5.159999847412109,5.159999847412109,4.929999828338623,5.0,98100,0.0,0.0
2008-09-26 00:00:00-04:00,4.949999809265137,5.079999923706055,4.820000171661377,4.829999923706055,97700,0.0,0.0
2008-09-29 00:00:00-04:00,5.070000171661377,5.070000171661377,4.190000057220459,4.230000019073486,225100,0.0,0.0
2008-09-30 00:00:00-04:00,4.400000095367432,4.400000095367432,4.099999904632568,4.300000190734863,149400,0.0,0.0
2008-10-01 00:00:00-04:00,4.360000133514404,4.5,4.090000152587891,4.159999847412109,78100,0.0,0.0
2008-10-02 00:00:00-04:00,4.199999809265137,4.199999809265137,3.4100000858306885,3.450000047683716,300100,0.0,0.0
2008-10-03 00:00:00-04:00,3.4600000381469727,3.8499999046325684,3.1500000953674316,3.4000000953674316,215700,0.0,0.0
2008-10-06 00:00:00-04:00,3.4000000953674316,3.4600000381469727,2.6500000953674316,2.7699999809265137,742400,0.0,0.0
2008-10-07 00:00:00-04:00,2.75,2.940000057220459,2.5299999713897705,2.5399999618530273,306900,0.0,0.0
2008-10-08 00:00:00-04:00,2.2899999618530273,2.640000104904175,2.1500000953674316,2.450000047683716,528700,0.0,0.0
2008-10-09 00:00:00-04:00,2.5399999618530273,2.6600000858306885,2.2100000381469727,2.2100000381469727,218400,0.0,0.0
2008-10-10 00:00:00-04:00,2.069999933242798,2.390000104904175,1.75,1.7999999523162842,494800,0.0,0.0
2008-10-13 00:00:00-04:00,1.909999966621399,2.380000114440918,1.909999966621399,2.200000047683716,1049000,0.0,0.0
2008-10-14 00:00:00-04:00,2.380000114440918,2.5,1.909999966621399,1.909999966621399,554300,0.0,0.0
2008-10-15 00:00:00-04:00,1.9700000286102295,2.0,1.690000057220459,1.7400000095367432,375400,0.0,0.0
2008-10-16 00:00:00-04:00,1.75,1.8300000429153442,1.600000023841858,1.75,683100,0.0,0.0
2008-10-17 00:00:00-04:00,1.7999999523162842,1.8300000429153442,1.6699999570846558,1.809999942779541,368900,0.0,0.0
2008-10-20 00:00:00-04:00,1.8799999952316284,2.049999952316284,1.8300000429153442,2.0,241600,0.0,0.0
2008-10-21 00:00:00-04:00,2.0999999046325684,2.2699999809265137,2.009999990463257,2.140000104904175,275800,0.0,0.0
2008-10-22 00:00:00-04:00,2.1500000953674316,2.1500000953674316,1.850000023841858,1.8799999952316284,229600,0.0,0.0
2008-10-23 00:00:00-04:00,1.8300000429153442,2.0,1.809999942779541,1.8799999952316284,271500,0.0,0.0
2008-10-24 00:00:00-04:00,1.75,1.8899999856948853,1.6799999475479126,1.8200000524520874,220600,0.0,0.0
2008-10-27 00:00:00-04:00,1.8899999856948853,1.9600000381469727,1.809999942779541,1.8799999952316284,162200,0.0,0.0
2008-10-28 00:00:00-04:00,1.7999999523162842,2.2799999713897705,1.7999999523162842,2.1700000762939453,554900,0.0,0.0
2008-10-29 00:00:00-04:00,2.359999895095825,2.8399999141693115,2.359999895095825,2.75,485800,0.0,0.0
2008-10-30 00:00:00-04:00,2.930000066757202,3.4800000190734863,2.799999952316284,3.450000047683716,486100,0.0,0.0
2008-10-31 00:00:00-04:00,3.5999999046325684,3.740000009536743,3.380000114440918,3.5,401100,0.0,0.0
2008-11-03 00:00:00-05:00,3.369999885559082,3.5,3.0799999237060547,3.0899999141693115,307600,0.0,0.0
2008-11-04 00:00:00-05:00,3.2300000190734863,3.8299999237060547,3.200000047683716,3.619999885559082,445300,0.0,0.0
2008-11-05 00:00:00-05:00,3.690000057220459,3.700000047683716,3.2699999809265137,3.299999952316284,189700,0.0,0.0
2008-11-06 00:00:00-05:00,3.200000047683716,3.450000047683716,2.8499999046325684,2.990000009536743,270900,0.0,0.0
2008-11-07 00:00:00-05:00,3.140000104904175,3.200000047683716,3.0,3.0799999237060547,116900,0.0,0.0
2008-11-10 00:00:00-05:00,3.240000009536743,3.509999990463257,3.069999933242798,3.130000114440918,332700,0.0,0.0
2008-11-11 00:00:00-05:00,3.0,3.1700000762939453,2.759999990463257,2.9000000953674316,205400,0.0,0.0
2008-11-12 00:00:00-05:00,2.7699999809265137,2.869999885559082,2.4700000286102295,2.4800000190734863,193100,0.0,0.0
2008-11-13 00:00:00-05:00,2.430000066757202,2.8299999237060547,2.359999895095825,2.8299999237060547,251600,0.0,0.0
2008-11-14 00:00:00-05:00,2.8499999046325684,2.990000009536743,2.819999933242798,2.890000104904175,131000,0.0,0.0
2008-11-17 00:00:00-05:00,2.7799999713897705,2.8299999237060547,2.5299999713897705,2.5799999237060547,107500,0.0,0.0
2008-11-18 00:00:00-05:00,2.509999990463257,2.559999942779541,2.2699999809265137,2.369999885559082,116300,0.0,0.0
2008-11-19 00:00:00-05:00,2.259999990463257,2.5399999618530273,2.25,2.2799999713897705,113100,0.0,0.0
2008-11-20 00:00:00-05:00,2.25,2.299999952316284,2.0,2.059999942779541,249600,0.0,0.0
2008-11-21 00:00:00-05:00,2.049999952316284,2.490000009536743,2.049999952316284,2.440000057220459,254500,0.0,0.0
2008-11-24 00:00:00-05:00,2.640000104904175,2.940000057220459,2.5899999141693115,2.7100000381469727,322600,0.0,0.0
2008-11-25 00:00:00-05:00,2.819999933242798,2.8499999046325684,2.559999942779541,2.630000114440918,145400,0.0,0.0
2008-11-26 00:00:00-05:00,2.5199999809265137,2.7699999809265137,2.4600000381469727,2.759999990463257,118700,0.0,0.0
2008-11-28 00:00:00-05:00,2.809999942779541,2.809999942779541,2.6500000953674316,2.799999952316284,32500,0.0,0.0
2008-12-01 00:00:00-05:00,2.5199999809265137,2.690000057220459,2.450000047683716,2.549999952316284,190700,0.0,0.0
2008-12-02 00:00:00-05:00,2.4000000953674316,2.640000104904175,2.4000000953674316,2.559999942779541,126300,0.0,0.0
2008-12-03 00:00:00-05:00,2.5,2.5899999141693115,2.4200000762939453,2.5,128400,0.0,0.0
2008-12-04 00:00:00-05:00,2.450000047683716,2.690000057220459,2.440000057220459,2.5999999046325684,139200,0.0,0.0
2008-12-05 00:00:00-05:00,2.4800000190734863,2.680000066757202,2.4200000762939453,2.6700000762939453,116200,0.0,0.0
2008-12-08 00:00:00-05:00,2.8299999237060547,2.9000000953674316,2.759999990463257,2.799999952316284,185300,0.0,0.0
2008-12-09 00:00:00-05:00,2.8499999046325684,2.990000009536743,2.799999952316284,2.990000009536743,105900,0.0,0.0
2008-12-10 00:00:00-05:00,3.140000104904175,3.4200000762939453,3.0,3.259999990463257,317500,0.0,0.0
2008-12-11 00:00:00-05:00,3.369999885559082,3.4700000286102295,3.1500000953674316,3.190000057220459,129900,0.0,0.0
2008-12-12 00:00:00-05:00,3.049999952316284,3.3299999237060547,3.009999990463257,3.309999942779541,106900,0.0,0.0
2008-12-15 00:00:00-05:00,3.2699999809265137,3.4200000762939453,3.1600000858306885,3.240000009536743,114700,0.0,0.0
2008-12-16 00:00:00-05:00,3.309999942779541,3.369999885559082,3.0999999046325684,3.309999942779541,163600,0.0,0.0
2008-12-17 00:00:00-05:00,3.240000009536743,4.0,3.240000009536743,3.9000000953674316,350900,0.0,0.0
2008-12-18 00:00:00-05:00,3.9000000953674316,4.0,3.4600000381469727,3.5299999713897705,235000,0.0,0.0
2008-12-19 00:00:00-05:00,3.4600000381469727,3.549999952316284,3.3299999237060547,3.4000000953674316,125000,0.0,0.0
2008-12-22 00:00:00-05:00,3.4200000762939453,3.450000047683716,3.1500000953674316,3.259999990463257,173200,0.0,0.0
2008-12-23 00:00:00-05:00,3.4200000762939453,3.4200000762939453,3.1500000953674316,3.2300000190734863,97000,0.0,0.0
2008-12-24 00:00:00-05:00,3.2300000190734863,3.299999952316284,3.1500000953674316,3.299999952316284,39500,0.0,0.0
2008-12-26 00:00:00-05:00,3.3299999237060547,3.390000104904175,3.200000047683716,3.359999895095825,66200,0.0,0.0
2008-12-29 00:00:00-05:00,3.4000000953674316,3.450000047683716,3.2799999713897705,3.359999895095825,146000,0.0,0.0
2008-12-30 00:00:00-05:00,3.380000114440918,3.5899999141693115,3.309999942779541,3.5299999713897705,141300,0.0,0.0
2008-12-31 00:00:00-05:00,3.5199999809265137,3.7300000190734863,3.4800000190734863,3.680000066757202,225900,0.0,0.0
2009-01-02 00:00:00-05:00,3.7300000190734863,3.880000114440918,3.690000057220459,3.809999942779541,116900,0.0,0.0
2009-01-05 00:00:00-05:00,3.5799999237060547,4.420000076293945,3.569999933242798,4.260000228881836,299300,0.0,0.0
2009-01-06 00:00:00-05:00,4.119999885559082,4.380000114440918,4.119999885559082,4.320000171661377,359000,0.0,0.0
2009-01-07 00:00:00-05:00,4.400000095367432,4.400000095367432,4.0,4.090000152587891,214700,0.0,0.0
2009-01-08 00:00:00-05:00,4.150000095367432,4.239999771118164,4.010000228881836,4.150000095367432,106700,0.0,0.0
2009-01-09 00:00:00-05:00,4.25,4.25,4.0,4.090000152587891,98300,0.0,0.0
2009-01-12 00:00:00-05:00,4.019999980926514,4.099999904632568,3.609999895095825,3.7100000381469727,137700,0.0,0.0
2009-01-13 00:00:00-05:00,3.619999885559082,3.680000066757202,3.5299999713897705,3.619999885559082,71100,0.0,0.0
2009-01-14 00:00:00-05:00,3.5,3.6500000953674316,3.4100000858306885,3.4100000858306885,85100,0.0,0.0
2009-01-15 00:00:00-05:00,3.4000000953674316,3.630000114440918,3.3499999046325684,3.5899999141693115,215700,0.0,0.0
2009-01-16 00:00:00-05:00,3.619999885559082,3.809999942779541,3.559999942779541,3.619999885559082,143900,0.0,0.0
2009-01-20 00:00:00-05:00,3.75,3.75,3.450000047683716,3.450000047683716,192700,0.0,0.0
2009-01-21 00:00:00-05:00,3.4100000858306885,3.630000114440918,3.4100000858306885,3.609999895095825,125500,0.0,0.0
2009-01-22 00:00:00-05:00,3.5799999237060547,3.8299999237060547,3.559999942779541,3.740000009536743,183700,0.0,0.0
2009-01-23 00:00:00-05:00,3.75,3.950000047683716,3.75,3.940000057220459,247800,0.0,0.0
2009-01-26 00:00:00-05:00,3.890000104904175,4.079999923706055,3.759999990463257,3.759999990463257,334800,0.0,0.0
2009-01-27 00:00:00-05:00,3.9000000953674316,3.940000057220459,3.819999933242798,3.9200000762939453,219300,0.0,0.0
2009-01-28 00:00:00-05:00,3.9200000762939453,4.03000020980835,3.9000000953674316,3.930000066757202,127800,0.0,0.0
2009-01-29 00:00:00-05:00,3.9200000762939453,4.0,3.9000000953674316,3.9700000286102295,118500,0.0,0.0
2009-01-30 00:00:00-05:00,4.050000190734863,4.059999942779541,3.859999895095825,3.9700000286102295,168900,0.0,0.0
2009-02-02 00:00:00-05:00,4.070000171661377,4.070000171661377,3.8499999046325684,3.9200000762939453,169600,0.0,0.0
2009-02-03 00:00:00-05:00,4.0,4.070000171661377,3.8499999046325684,4.059999942779541,148600,0.0,0.0
2009-02-04 00:00:00-05:00,4.190000057220459,4.829999923706055,4.190000057220459,4.78000020980835,491700,0.0,0.0
2009-02-05 00:00:00-05:00,4.869999885559082,5.429999828338623,4.869999885559082,5.309999942779541,621600,0.0,0.0
2009-02-06 00:00:00-05:00,5.199999809265137,5.199999809265137,4.760000228881836,4.949999809265137,636400,0.0,0.0
2009-02-09 00:00:00-05:00,4.920000076293945,5.199999809265137,4.869999885559082,5.150000095367432,287000,0.0,0.0
2009-02-10 00:00:00-05:00,5.269999980926514,5.269999980926514,4.820000171661377,4.869999885559082,305100,0.0,0.0
2009-02-11 00:00:00-05:00,4.940000057220459,4.960000038146973,4.75,4.900000095367432,400300,0.0,0.0
2009-02-12 00:00:00-05:00,4.900000095367432,4.989999771118164,4.820000171661377,4.989999771118164,168400,0.0,0.0
2009-02-13 00:00:00-05:00,5.159999847412109,5.159999847412109,4.800000190734863,4.860000133514404,132900,0.0,0.0
2009-02-17 00:00:00-05:00,4.960000038146973,4.960000038146973,4.699999809265137,4.75,319100,0.0,0.0
2009-02-18 00:00:00-05:00,4.730000019073486,4.75,4.349999904632568,4.5,420800,0.0,0.0
2009-02-19 00:00:00-05:00,4.5,4.639999866485596,4.480000019073486,4.489999771118164,172800,0.0,0.0
2009-02-20 00:00:00-05:00,4.510000228881836,4.849999904632568,4.510000228881836,4.849999904632568,233000,0.0,0.0
2009-02-23 00:00:00-05:00,4.849999904632568,4.860000133514404,4.5,4.550000190734863,201000,0.0,0.0
2009-02-24 00:00:00-05:00,4.610000133514404,4.610000133514404,4.300000190734863,4.420000076293945,259600,0.0,0.0
2009-02-25 00:00:00-05:00,4.380000114440918,4.429999828338623,4.320000171661377,4.349999904632568,157700,0.0,0.0
2009-02-26 00:00:00-05:00,4.480000019073486,4.679999828338623,4.380000114440918,4.519999980926514,187000,0.0,0.0
2009-02-27 00:00:00-05:00,4.519999980926514,4.639999866485596,4.300000190734863,4.300000190734863,256600,0.0,0.0
2009-03-02 00:00:00-05:00,4.25,4.300000190734863,4.03000020980835,4.179999828338623,215900,0.0,0.0
2009-03-03 00:00:00-05:00,4.199999809265137,4.239999771118164,4.099999904632568,4.110000133514404,168200,0.0,0.0
2009-03-04 00:00:00-05:00,4.650000095367432,4.869999885559082,4.5,4.78000020980835,1025300,0.0,0.0
2009-03-05 00:00:00-05:00,4.690000057220459,4.96999979019165,4.690000057220459,4.900000095367432,686100,0.0,0.0
2009-03-06 00:00:00-05:00,4.980000019073486,5.150000095367432,4.78000020980835,4.880000114440918,460400,0.0,0.0
2009-03-09 00:00:00-04:00,5.019999980926514,5.019999980926514,4.650000095367432,4.690000057220459,193900,0.0,0.0
2009-03-10 00:00:00-04:00,4.800000190734863,4.800000190734863,4.659999847412109,4.789999961853027,183800,0.0,0.0
2009-03-11 00:00:00-04:00,4.789999961853027,4.849999904632568,4.690000057220459,4.710000038146973,245500,0.0,0.0
2009-03-12 00:00:00-04:00,4.71999979019165,4.789999961853027,4.599999904632568,4.789999961853027,189900,0.0,0.0
2009-03-13 00:00:00-04:00,5.010000228881836,5.010000228881836,4.590000152587891,4.610000133514404,191900,0.0,0.0
2009-03-16 00:00:00-04:00,4.849999904632568,5.099999904632568,4.710000038146973,5.099999904632568,644500,0.0,0.0
2009-03-17 00:00:00-04:00,5.269999980926514,5.480000019073486,5.119999885559082,5.380000114440918,470000,0.0,0.0
2009-03-18 00:00:00-04:00,5.440000057220459,6.320000171661377,5.369999885559082,6.300000190734863,854000,0.0,0.0
2009-03-19 00:00:00-04:00,6.789999961853027,7.099999904632568,6.5,6.630000114440918,1140900,0.0,0.0
2009-03-20 00:00:00-04:00,6.960000038146973,6.960000038146973,5.900000095367432,6.159999847412109,803200,0.0,0.0
2009-03-23 00:00:00-04:00,6.480000019073486,7.0,6.199999809265137,6.880000114440918,906000,0.0,0.0
2009-03-24 00:00:00-04:00,6.739999771118164,6.820000171661377,6.349999904632568,6.650000095367432,593000,0.0,0.0
2009-03-25 00:00:00-04:00,6.769999980926514,7.150000095367432,6.610000133514404,7.139999866485596,841700,0.0,0.0
2009-03-26 00:00:00-04:00,7.230000019073486,7.739999771118164,6.949999809265137,7.090000152587891,807900,0.0,0.0
2009-03-27 00:00:00-04:00,6.900000095367432,7.090000152587891,6.5,6.96999979019165,422300,0.0,0.0
2009-03-30 00:00:00-04:00,6.800000190734863,6.800000190734863,6.400000095367432,6.559999942779541,622700,0.0,0.0
2009-03-31 00:00:00-04:00,6.960000038146973,7.0,6.630000114440918,6.909999847412109,424700,0.0,0.0
2009-04-01 00:00:00-04:00,6.820000171661377,7.170000076293945,6.820000171661377,7.150000095367432,491400,0.0,0.0
2009-04-02 00:00:00-04:00,7.289999961853027,7.289999961853027,6.699999809265137,6.900000095367432,528100,0.0,0.0
2009-04-03 00:00:00-04:00,6.900000095367432,6.900000095367432,6.429999828338623,6.510000228881836,418900,0.0,0.0
2009-04-06 00:00:00-04:00,6.429999828338623,6.46999979019165,6.179999828338623,6.460000038146973,360300,0.0,0.0
2009-04-07 00:00:00-04:00,6.369999885559082,6.369999885559082,6.090000152587891,6.159999847412109,516800,0.0,0.0
2009-04-08 00:00:00-04:00,6.159999847412109,6.349999904632568,6.099999904632568,6.349999904632568,272400,0.0,0.0
2009-04-09 00:00:00-04:00,6.440000057220459,6.71999979019165,6.360000133514404,6.53000020980835,228300,0.0,0.0
2009-04-13 00:00:00-04:00,6.53000020980835,6.860000133514404,6.5,6.829999923706055,269000,0.0,0.0
2009-04-14 00:00:00-04:00,6.829999923706055,6.860000133514404,6.5,6.599999904632568,300800,0.0,0.0
2009-04-15 00:00:00-04:00,6.570000171661377,6.570000171661377,6.289999961853027,6.349999904632568,176700,0.0,0.0
2009-04-16 00:00:00-04:00,6.360000133514404,6.389999866485596,6.0,6.210000038146973,408300,0.0,0.0
2009-04-17 00:00:00-04:00,6.159999847412109,6.170000076293945,5.96999979019165,6.0,279500,0.0,0.0
2009-04-20 00:00:00-04:00,5.940000057220459,5.940000057220459,5.75,5.760000228881836,440000,0.0,0.0
2009-04-21 00:00:00-04:00,5.769999980926514,5.960000038146973,5.710000038146973,5.789999961853027,272300,0.0,0.0
2009-04-22 00:00:00-04:00,5.75,5.949999809265137,5.75,5.760000228881836,341200,0.0,0.0
2009-04-23 00:00:00-04:00,5.849999904632568,6.28000020980835,5.840000152587891,6.269999980926514,467000,0.0,0.0
2009-04-24 00:00:00-04:00,6.349999904632568,6.889999866485596,6.349999904632568,6.75,630400,0.0,0.0
2009-04-27 00:00:00-04:00,6.880000114440918,7.130000114440918,6.699999809265137,6.789999961853027,568700,0.0,0.0
2009-04-28 00:00:00-04:00,6.710000038146973,6.800000190734863,6.659999847412109,6.71999979019165,257700,0.0,0.0
2009-04-29 00:00:00-04:00,6.71999979019165,6.940000057220459,6.699999809265137,6.800000190734863,215100,0.0,0.0
2009-04-30 00:00:00-04:00,6.710000038146973,6.769999980926514,6.409999847412109,6.510000228881836,262600,0.0,0.0
2009-05-01 00:00:00-04:00,6.53000020980835,6.849999904632568,6.360000133514404,6.78000020980835,238200,0.0,0.0
2009-05-04 00:00:00-04:00,6.800000190734863,7.230000019073486,6.690000057220459,7.110000133514404,348500,0.0,0.0
2009-05-05 00:00:00-04:00,7.190000057220459,7.25,6.840000152587891,6.880000114440918,226500,0.0,0.0
2009-05-06 00:00:00-04:00,7.010000228881836,7.119999885559082,6.900000095367432,6.949999809265137,208600,0.0,0.0
2009-05-07 00:00:00-04:00,7.099999904632568,7.329999923706055,6.630000114440918,6.699999809265137,397000,0.0,0.0
2009-05-08 00:00:00-04:00,6.78000020980835,6.849999904632568,6.619999885559082,6.829999923706055,202000,0.0,0.0
2009-05-11 00:00:00-04:00,6.829999923706055,6.860000133514404,6.570000171661377,6.679999828338623,173300,0.0,0.0
2009-05-12 00:00:00-04:00,6.75,6.889999866485596,6.650000095367432,6.880000114440918,244800,0.0,0.0
2009-05-13 00:00:00-04:00,6.579999923706055,6.840000152587891,6.239999771118164,6.25,371800,0.0,0.0
2009-05-14 00:00:00-04:00,6.110000133514404,6.340000152587891,6.0,6.28000020980835,416000,0.0,0.0
2009-05-15 00:00:00-04:00,6.230000019073486,6.539999961853027,6.150000095367432,6.260000228881836,248500,0.0,0.0
2009-05-18 00:00:00-04:00,6.269999980926514,6.739999771118164,6.269999980926514,6.71999979019165,189700,0.0,0.0
2009-05-19 00:00:00-04:00,6.75,7.329999923706055,6.460000038146973,7.25,1340700,0.0,0.0
2009-05-20 00:00:00-04:00,7.460000038146973,7.900000095367432,7.409999847412109,7.699999809265137,1168700,0.0,0.0
2009-05-21 00:00:00-04:00,7.849999904632568,7.880000114440918,7.679999828338623,7.75,817100,0.0,0.0
2009-05-22 00:00:00-04:00,7.880000114440918,8.199999809265137,7.820000171661377,8.0,676500,0.0,0.0
2009-05-26 00:00:00-04:00,7.949999809265137,8.149999618530273,7.769999980926514,8.119999885559082,492000,0.0,0.0
2009-05-27 00:00:00-04:00,8.119999885559082,8.170000076293945,7.670000076293945,7.71999979019165,475500,0.0,0.0
2009-05-28 00:00:00-04:00,7.820000171661377,8.079999923706055,7.329999923706055,8.029999732971191,618700,0.0,0.0
2009-05-29 00:00:00-04:00,8.34000015258789,8.449999809265137,8.109999656677246,8.109999656677246,360700,0.0,0.0
2009-06-01 00:00:00-04:00,8.199999809265137,8.489999771118164,8.140000343322754,8.220000267028809,368200,0.0,0.0
2009-06-02 00:00:00-04:00,8.3100004196167,8.890000343322754,8.3100004196167,8.699999809265137,676500,0.0,0.0
2009-06-03 00:00:00-04:00,8.699999809265137,8.699999809265137,7.960000038146973,8.09000015258789,575000,0.0,0.0
2009-06-04 00:00:00-04:00,8.020000457763672,8.640000343322754,8.020000457763672,8.489999771118164,408900,0.0,0.0
2009-06-05 00:00:00-04:00,8.380000114440918,8.479999542236328,8.180000305175781,8.1899995803833,249900,0.0,0.0
2009-06-08 00:00:00-04:00,7.989999771118164,8.079999923706055,7.71999979019165,8.050000190734863,347200,0.0,0.0
2009-06-09 00:00:00-04:00,8.010000228881836,8.260000228881836,8.010000228881836,8.1899995803833,243000,0.0,0.0
2009-06-10 00:00:00-04:00,8.4399995803833,8.649999618530273,8.020000457763672,8.119999885559082,230200,0.0,0.0
2009-06-11 00:00:00-04:00,8.130000114440918,8.319999694824219,8.039999961853027,8.229999542236328,221000,0.0,0.0
2009-06-12 00:00:00-04:00,8.130000114440918,8.130000114440918,7.78000020980835,7.860000133514404,296700,0.0,0.0
2009-06-15 00:00:00-04:00,7.829999923706055,7.829999923706055,7.320000171661377,7.489999771118164,385300,0.0,0.0
2009-06-16 00:00:00-04:00,7.679999828338623,7.739999771118164,7.25,7.300000190734863,301000,0.0,0.0
2009-06-17 00:00:00-04:00,7.210000038146973,7.260000228881836,6.820000171661377,7.050000190734863,574700,0.0,0.0
2009-06-18 00:00:00-04:00,7.300000190734863,7.380000114440918,7.059999942779541,7.300000190734863,360400,0.0,0.0
2009-06-19 00:00:00-04:00,7.550000190734863,7.699999809265137,7.320000171661377,7.519999980926514,353600,0.0,0.0
2009-06-22 00:00:00-04:00,7.460000038146973,7.5,7.010000228881836,7.039999961853027,462100,0.0,0.0
2009-06-23 00:00:00-04:00,7.019999980926514,7.329999923706055,6.960000038146973,7.150000095367432,333100,0.0,0.0
2009-06-24 00:00:00-04:00,7.199999809265137,7.389999866485596,7.079999923706055,7.159999847412109,347800,0.0,0.0
2009-06-25 00:00:00-04:00,7.159999847412109,7.159999847412109,7.0,7.139999866485596,424900,0.0,0.0
2009-06-26 00:00:00-04:00,7.199999809265137,7.199999809265137,7.090000152587891,7.119999885559082,240700,0.0,0.0
2009-06-29 00:00:00-04:00,7.170000076293945,7.170000076293945,6.989999771118164,7.010000228881836,263300,0.0,0.0
2009-06-30 00:00:00-04:00,7.130000114440918,7.130000114440918,6.769999980926514,7.050000190734863,259100,0.0,0.0
2009-07-01 00:00:00-04:00,7.159999847412109,7.349999904632568,7.059999942779541,7.199999809265137,190800,0.0,0.0
2009-07-02 00:00:00-04:00,7.190000057220459,7.190000057220459,6.900000095367432,7.050000190734863,206100,0.0,0.0
2009-07-06 00:00:00-04:00,6.949999809265137,6.989999771118164,6.550000190734863,6.650000095367432,366800,0.0,0.0
2009-07-07 00:00:00-04:00,6.71999979019165,6.78000020980835,6.400000095367432,6.440000057220459,321400,0.0,0.0
2009-07-08 00:00:00-04:00,6.21999979019165,6.320000171661377,5.630000114440918,5.920000076293945,809600,0.0,0.0
2009-07-09 00:00:00-04:00,5.949999809265137,6.300000190734863,5.880000114440918,6.159999847412109,450600,0.0,0.0
2009-07-10 00:00:00-04:00,6.059999942779541,6.289999961853027,5.960000038146973,6.199999809265137,224100,0.0,0.0
2009-07-13 00:00:00-04:00,6.119999885559082,6.539999961853027,6.03000020980835,6.539999961853027,213400,0.0,0.0
2009-07-14 00:00:00-04:00,6.599999904632568,6.71999979019165,6.449999809265137,6.599999904632568,266200,0.0,0.0
2009-07-15 00:00:00-04:00,6.75,6.940000057220459,6.75,6.880000114440918,306400,0.0,0.0
2009-07-16 00:00:00-04:00,6.929999828338623,7.050000190734863,6.800000190734863,7.0,231900,0.0,0.0
2009-07-17 00:00:00-04:00,7.010000228881836,7.179999828338623,6.78000020980835,7.179999828338623,274100,0.0,0.0
2009-07-20 00:00:00-04:00,7.360000133514404,7.460000038146973,7.190000057220459,7.190000057220459,299600,0.0,0.0
2009-07-21 00:00:00-04:00,7.349999904632568,7.349999904632568,6.849999904632568,7.130000114440918,198800,0.0,0.0
2009-07-22 00:00:00-04:00,7.019999980926514,7.050000190734863,6.789999961853027,7.0,169000,0.0,0.0
2009-07-23 00:00:00-04:00,7.010000228881836,7.360000133514404,6.989999771118164,7.239999771118164,245500,0.0,0.0
2009-07-24 00:00:00-04:00,7.239999771118164,7.409999847412109,7.210000038146973,7.409999847412109,178000,0.0,0.0
2009-07-27 00:00:00-04:00,7.329999923706055,7.599999904632568,7.329999923706055,7.449999809265137,259200,0.0,0.0
2009-07-28 00:00:00-04:00,7.5,7.5,6.809999942779541,7.090000152587891,329800,0.0,0.0
2009-07-29 00:00:00-04:00,6.900000095367432,7.070000171661377,6.699999809265137,6.78000020980835,276100,0.0,0.0
2009-07-30 00:00:00-04:00,6.849999904632568,7.050000190734863,6.75,6.929999828338623,119900,0.0,0.0
2009-07-31 00:00:00-04:00,6.989999771118164,7.309999942779541,6.929999828338623,7.260000228881836,179300,0.0,0.0
2009-08-03 00:00:00-04:00,7.309999942779541,7.699999809265137,7.309999942779541,7.480000019073486,285000,0.0,0.0
2009-08-04 00:00:00-04:00,7.460000038146973,7.460000038146973,7.150000095367432,7.199999809265137,431700,0.0,0.0
2009-08-05 00:00:00-04:00,7.110000133514404,7.159999847412109,6.71999979019165,6.920000076293945,363800,0.0,0.0
2009-08-06 00:00:00-04:00,7.0,7.019999980926514,6.78000020980835,6.849999904632568,124600,0.0,0.0
2009-08-07 00:00:00-04:00,6.849999904632568,6.929999828338623,6.610000133514404,6.650000095367432,354500,0.0,0.0
2009-08-10 00:00:00-04:00,6.599999904632568,6.619999885559082,6.210000038146973,6.300000190734863,436800,0.0,0.0
2009-08-11 00:00:00-04:00,6.260000228881836,6.300000190734863,6.070000171661377,6.289999961853027,332000,0.0,0.0
2009-08-12 00:00:00-04:00,6.199999809265137,6.659999847412109,6.199999809265137,6.550000190734863,221200,0.0,0.0
2009-08-13 00:00:00-04:00,6.630000114440918,6.739999771118164,6.559999942779541,6.579999923706055,179100,0.0,0.0
2009-08-14 00:00:00-04:00,6.579999923706055,6.679999828338623,6.199999809265137,6.28000020980835,238300,0.0,0.0
2009-08-17 00:00:00-04:00,6.230000019073486,6.230000019073486,5.579999923706055,5.96999979019165,470000,0.0,0.0
2009-08-18 00:00:00-04:00,6.25,6.25,5.989999771118164,6.190000057220459,192000,0.0,0.0
2009-08-19 00:00:00-04:00,6.179999828338623,6.269999980926514,6.0,6.21999979019165,175900,0.0,0.0
2009-08-20 00:00:00-04:00,6.210000038146973,6.340000152587891,6.199999809265137,6.329999923706055,125000,0.0,0.0
2009-08-21 00:00:00-04:00,6.360000133514404,6.599999904632568,6.349999904632568,6.5,248200,0.0,0.0
2009-08-24 00:00:00-04:00,6.579999923706055,6.730000019073486,6.539999961853027,6.550000190734863,201700,0.0,0.0
2009-08-25 00:00:00-04:00,6.599999904632568,6.679999828338623,6.429999828338623,6.460000038146973,137000,0.0,0.0
2009-08-26 00:00:00-04:00,6.460000038146973,6.510000228881836,6.329999923706055,6.349999904632568,126600,0.0,0.0
2009-08-27 00:00:00-04:00,6.309999942779541,6.5,6.21999979019165,6.5,175600,0.0,0.0
2009-08-28 00:00:00-04:00,6.619999885559082,6.860000133514404,6.599999904632568,6.730000019073486,306000,0.0,0.0
2009-08-31 00:00:00-04:00,6.599999904632568,6.679999828338623,6.309999942779541,6.380000114440918,220900,0.0,0.0
2009-09-01 00:00:00-04:00,6.340000152587891,6.480000019073486,6.139999866485596,6.179999828338623,237500,0.0,0.0
2009-09-02 00:00:00-04:00,6.199999809265137,6.800000190734863,6.179999828338623,6.760000228881836,512500,0.0,0.0
2009-09-03 00:00:00-04:00,6.869999885559082,7.050000190734863,6.849999904632568,6.940000057220459,563700,0.0,0.0
2009-09-04 00:00:00-04:00,6.800000190734863,7.0,6.800000190734863,6.960000038146973,242300,0.0,0.0
2009-09-08 00:00:00-04:00,7.150000095367432,7.199999809265137,7.010000228881836,7.010000228881836,491200,0.0,0.0
2009-09-09 00:00:00-04:00,7.150000095367432,7.25,6.940000057220459,6.980000019073486,301900,0.0,0.0
2009-09-10 00:00:00-04:00,7.019999980926514,7.329999923706055,6.900000095367432,7.329999923706055,313000,0.0,0.0
2009-09-11 00:00:00-04:00,7.380000114440918,7.659999847412109,7.079999923706055,7.369999885559082,436000,0.0,0.0
2009-09-14 00:00:00-04:00,7.25,7.300000190734863,7.059999942779541,7.28000020980835,196300,0.0,0.0
2009-09-15 00:00:00-04:00,7.130000114440918,7.610000133514404,7.130000114440918,7.559999942779541,271100,0.0,0.0
2009-09-16 00:00:00-04:00,7.71999979019165,7.75,7.440000057220459,7.449999809265137,405400,0.0,0.0
2009-09-17 00:00:00-04:00,7.400000095367432,7.400000095367432,7.010000228881836,7.159999847412109,407400,0.0,0.0
2009-09-18 00:00:00-04:00,6.960000038146973,7.21999979019165,6.949999809265137,7.150000095367432,410000,0.0,0.0
2009-09-21 00:00:00-04:00,6.909999847412109,7.519999980926514,6.829999923706055,7.5,421800,0.0,0.0
2009-09-22 00:00:00-04:00,7.730000019073486,7.730000019073486,7.5,7.599999904632568,459700,0.0,0.0
2009-09-23 00:00:00-04:00,7.510000228881836,7.619999885559082,7.239999771118164,7.28000020980835,381100,0.0,0.0
2009-09-24 00:00:00-04:00,7.409999847412109,7.480000019073486,7.0,7.099999904632568,354700,0.0,0.0
2009-09-25 00:00:00-04:00,6.960000038146973,7.230000019073486,6.960000038146973,7.110000133514404,188000,0.0,0.0
2009-09-28 00:00:00-04:00,7.239999771118164,7.349999904632568,7.150000095367432,7.230000019073486,247000,0.0,0.0
2009-09-29 00:00:00-04:00,7.25,7.349999904632568,7.170000076293945,7.269999980926514,164100,0.0,0.0
2009-09-30 00:00:00-04:00,7.340000152587891,7.449999809265137,7.199999809265137,7.380000114440918,205700,0.0,0.0
2009-10-01 00:00:00-04:00,7.349999904632568,7.480000019073486,6.900000095367432,6.920000076293945,316800,0.0,0.0
2009-10-02 00:00:00-04:00,6.809999942779541,7.139999866485596,6.5,6.900000095367432,394600,0.0,0.0
2009-10-05 00:00:00-04:00,6.849999904632568,7.25,6.849999904632568,7.239999771118164,263700,0.0,0.0
2009-10-06 00:00:00-04:00,7.309999942779541,7.659999847412109,7.309999942779541,7.360000133514404,466800,0.0,0.0
2009-10-07 00:00:00-04:00,7.519999980926514,7.539999961853027,7.300000190734863,7.400000095367432,221900,0.0,0.0
2009-10-08 00:00:00-04:00,7.46999979019165,7.739999771118164,7.440000057220459,7.670000076293945,449700,0.0,0.0
2009-10-09 00:00:00-04:00,7.559999942779541,7.71999979019165,7.489999771118164,7.599999904632568,195600,0.0,0.0
2009-10-12 00:00:00-04:00,7.699999809265137,7.949999809265137,7.659999847412109,7.789999961853027,164500,0.0,0.0
2009-10-13 00:00:00-04:00,7.75,7.829999923706055,7.550000190734863,7.559999942779541,274000,0.0,0.0
2009-10-14 00:00:00-04:00,7.599999904632568,7.739999771118164,7.570000171661377,7.639999866485596,177500,0.0,0.0
2009-10-15 00:00:00-04:00,7.449999809265137,7.53000020980835,7.340000152587891,7.440000057220459,211300,0.0,0.0
2009-10-16 00:00:00-04:00,7.420000076293945,7.53000020980835,7.28000020980835,7.480000019073486,198200,0.0,0.0
2009-10-19 00:00:00-04:00,7.590000152587891,7.599999904632568,7.380000114440918,7.440000057220459,192600,0.0,0.0
2009-10-20 00:00:00-04:00,7.449999809265137,7.46999979019165,7.150000095367432,7.349999904632568,287600,0.0,0.0
2009-10-21 00:00:00-04:00,7.400000095367432,7.690000057220459,7.28000020980835,7.349999904632568,280300,0.0,0.0
2009-10-22 00:00:00-04:00,7.420000076293945,7.420000076293945,7.260000228881836,7.269999980926514,224600,0.0,0.0
2009-10-23 00:00:00-04:00,7.300000190734863,7.489999771118164,7.25,7.269999980926514,235600,0.0,0.0
2009-10-26 00:00:00-04:00,7.21999979019165,7.400000095367432,6.860000133514404,6.860000133514404,448200,0.0,0.0
2009-10-27 00:00:00-04:00,6.840000152587891,7.019999980926514,6.78000020980835,6.78000020980835,256800,0.0,0.0
2009-10-28 00:00:00-04:00,6.769999980926514,6.869999885559082,6.340000152587891,6.349999904632568,451000,0.0,0.0
2009-10-29 00:00:00-04:00,6.349999904632568,6.960000038146973,6.349999904632568,6.75,309700,0.0,0.0
2009-10-30 00:00:00-04:00,6.639999866485596,6.730000019073486,6.389999866485596,6.480000019073486,298900,0.0,0.0
2009-11-02 00:00:00-05:00,6.519999980926514,6.829999923706055,6.449999809265137,6.599999904632568,202600,0.0,0.0
2009-11-03 00:00:00-05:00,6.449999809265137,6.989999771118164,6.449999809265137,6.989999771118164,227600,0.0,0.0
2009-11-04 00:00:00-05:00,7.130000114440918,7.340000152587891,6.900000095367432,6.900000095367432,346000,0.0,0.0
2009-11-05 00:00:00-05:00,6.869999885559082,7.099999904632568,6.869999885559082,6.96999979019165,202300,0.0,0.0
2009-11-06 00:00:00-05:00,7.0,7.159999847412109,6.860000133514404,7.059999942779541,150000,0.0,0.0
2009-11-09 00:00:00-05:00,7.369999885559082,7.400000095367432,7.239999771118164,7.340000152587891,285500,0.0,0.0
2009-11-10 00:00:00-05:00,7.289999961853027,7.349999904632568,7.130000114440918,7.309999942779541,141100,0.0,0.0
2009-11-11 00:00:00-05:00,7.380000114440918,7.5,7.21999979019165,7.21999979019165,273200,0.0,0.0
2009-11-12 00:00:00-05:00,7.070000171661377,7.269999980926514,6.989999771118164,7.019999980926514,194200,0.0,0.0
2009-11-13 00:00:00-05:00,7.019999980926514,7.199999809265137,6.989999771118164,7.110000133514404,148400,0.0,0.0
2009-11-16 00:00:00-05:00,7.099999904632568,7.360000133514404,7.099999904632568,7.230000019073486,279300,0.0,0.0
2009-11-17 00:00:00-05:00,7.21999979019165,7.309999942779541,7.139999866485596,7.300000190734863,187500,0.0,0.0
2009-11-18 00:00:00-05:00,7.300000190734863,7.429999828338623,7.28000020980835,7.340000152587891,206700,0.0,0.0
2009-11-19 00:00:00-05:00,7.300000190734863,7.340000152587891,7.0,7.340000152587891,255100,0.0,0.0
2009-11-20 00:00:00-05:00,7.179999828338623,7.320000171661377,7.130000114440918,7.320000171661377,223700,0.0,0.0
2009-11-23 00:00:00-05:00,7.400000095367432,7.559999942779541,7.369999885559082,7.380000114440918,390500,0.0,0.0
2009-11-24 00:00:00-05:00,7.429999828338623,7.429999828338623,7.25,7.420000076293945,154300,0.0,0.0
2009-11-25 00:00:00-05:00,7.53000020980835,7.929999828338623,7.519999980926514,7.920000076293945,1015400,0.0,0.0
2009-11-27 00:00:00-05:00,7.409999847412109,7.730000019073486,7.25,7.409999847412109,347200,0.0,0.0
2009-11-30 00:00:00-05:00,7.5,7.53000020980835,7.349999904632568,7.429999828338623,306200,0.0,0.0
2009-12-01 00:00:00-05:00,7.670000076293945,7.820000171661377,7.539999961853027,7.820000171661377,557400,0.0,0.0
2009-12-02 00:00:00-05:00,7.909999847412109,8.609999656677246,7.849999904632568,8.600000381469727,1492900,0.0,0.0
2009-12-03 00:00:00-05:00,8.739999771118164,8.739999771118164,8.289999961853027,8.3100004196167,645400,0.0,0.0
2009-12-04 00:00:00-05:00,8.199999809265137,8.229999542236328,7.829999923706055,8.029999732971191,468300,0.0,0.0
2009-12-07 00:00:00-05:00,7.860000133514404,8.0600004196167,7.579999923706055,7.900000095367432,416500,0.0,0.0
2009-12-08 00:00:00-05:00,7.900000095367432,8.100000381469727,7.75,7.75,338700,0.0,0.0
2009-12-09 00:00:00-05:00,7.900000095367432,8.350000381469727,7.800000190734863,8.300000190734863,514600,0.0,0.0
2009-12-10 00:00:00-05:00,8.390000343322754,8.520000457763672,8.199999809265137,8.270000457763672,394800,0.0,0.0
2009-12-11 00:00:00-05:00,8.350000381469727,8.460000038146973,8.119999885559082,8.239999771118164,258300,0.0,0.0
2009-12-14 00:00:00-05:00,8.329999923706055,8.350000381469727,8.15999984741211,8.300000190734863,176300,0.0,0.0
2009-12-15 00:00:00-05:00,8.140000343322754,8.25,8.069999694824219,8.149999618530273,179900,0.0,0.0
2009-12-16 00:00:00-05:00,8.079999923706055,8.270000457763672,7.940000057220459,8.0,261300,0.0,0.0
2009-12-17 00:00:00-05:00,7.900000095367432,7.900000095367432,7.599999904632568,7.880000114440918,289700,0.0,0.0
2009-12-18 00:00:00-05:00,7.860000133514404,8.100000381469727,7.710000038146973,8.100000381469727,207200,0.0,0.0
2009-12-21 00:00:00-05:00,8.100000381469727,8.25,8.0600004196167,8.199999809265137,198700,0.0,0.0
2009-12-22 00:00:00-05:00,8.149999618530273,8.3100004196167,8.079999923706055,8.220000267028809,231400,0.0,0.0
2009-12-23 00:00:00-05:00,8.15999984741211,8.390000343322754,8.039999961853027,8.350000381469727,278200,0.0,0.0
2009-12-24 00:00:00-05:00,8.40999984741211,8.5,8.350000381469727,8.5,139800,0.0,0.0
2009-12-28 00:00:00-05:00,8.520000457763672,8.600000381469727,8.40999984741211,8.4399995803833,132500,0.0,0.0
2009-12-29 00:00:00-05:00,8.600000381469727,8.609999656677246,8.25,8.289999961853027,152200,0.0,0.0
2009-12-30 00:00:00-05:00,8.119999885559082,8.300000190734863,8.100000381469727,8.289999961853027,147900,0.0,0.0
2009-12-31 00:00:00-05:00,8.25,8.359999656677246,8.220000267028809,8.260000228881836,129700,0.0,0.0
2010-01-04 00:00:00-05:00,8.399999618530273,8.59000015258789,8.3100004196167,8.529999732971191,219700,0.0,0.0
2010-01-05 00:00:00-05:00,8.600000381469727,8.850000381469727,8.550000190734863,8.819999694824219,475500,0.0,0.0
2010-01-06 00:00:00-05:00,8.850000381469727,9.25,8.739999771118164,9.199999809265137,843500,0.0,0.0
2010-01-07 00:00:00-05:00,9.239999771118164,9.25,8.930000305175781,9.100000381469727,317200,0.0,0.0
2010-01-08 00:00:00-05:00,9.229999542236328,9.449999809265137,9.010000228881836,9.390000343322754,263900,0.0,0.0
2010-01-11 00:00:00-05:00,9.40999984741211,9.600000381469727,9.40999984741211,9.4399995803833,454600,0.0,0.0
2010-01-12 00:00:00-05:00,9.3100004196167,9.359999656677246,9.010000228881836,9.100000381469727,307400,0.0,0.0
2010-01-13 00:00:00-05:00,9.100000381469727,9.4399995803833,8.960000038146973,9.390000343322754,338500,0.0,0.0
2010-01-14 00:00:00-05:00,9.289999961853027,9.390000343322754,9.239999771118164,9.289999961853027,123000,0.0,0.0
2010-01-15 00:00:00-05:00,9.350000381469727,9.350000381469727,9.069999694824219,9.180000305175781,307600,0.0,0.0
2010-01-19 00:00:00-05:00,9.039999961853027,9.300000190734863,9.0,9.199999809265137,174400,0.0,0.0
2010-01-20 00:00:00-05:00,9.0,9.0600004196167,8.579999923706055,8.890000343322754,569000,0.0,0.0
2010-01-21 00:00:00-05:00,8.869999885559082,8.869999885559082,8.449999809265137,8.600000381469727,499300,0.0,0.0
2010-01-22 00:00:00-05:00,8.5,8.75,8.3100004196167,8.390000343322754,466500,0.0,0.0
2010-01-25 00:00:00-05:00,8.430000305175781,8.430000305175781,8.0600004196167,8.350000381469727,296000,0.0,0.0
2010-01-26 00:00:00-05:00,8.1899995803833,8.3100004196167,8.069999694824219,8.279999732971191,315600,0.0,0.0
2010-01-27 00:00:00-05:00,8.15999984741211,8.329999923706055,8.15999984741211,8.289999961853027,219800,0.0,0.0
2010-01-28 00:00:00-05:00,8.420000076293945,8.420000076293945,8.0,8.0,281800,0.0,0.0
2010-01-29 00:00:00-05:00,7.929999828338623,8.050000190734863,7.53000020980835,7.670000076293945,585700,0.0,0.0
2010-02-01 00:00:00-05:00,7.699999809265137,8.359999656677246,7.699999809265137,8.34000015258789,392900,0.0,0.0
2010-02-02 00:00:00-05:00,8.460000038146973,8.550000190734863,8.289999961853027,8.510000228881836,217800,0.0,0.0
2010-02-03 00:00:00-05:00,8.34000015258789,8.619999885559082,8.34000015258789,8.489999771118164,280200,0.0,0.0
2010-02-04 00:00:00-05:00,8.210000038146973,8.300000190734863,8.010000228881836,8.149999618530273,413000,0.0,0.0
2010-02-05 00:00:00-05:00,8.050000190734863,8.4399995803833,7.800000190734863,8.369999885559082,425900,0.0,0.0
2010-02-08 00:00:00-05:00,8.350000381469727,8.5,8.210000038146973,8.229999542236328,215400,0.0,0.0
2010-02-09 00:00:00-05:00,8.40999984741211,8.670000076293945,8.329999923706055,8.619999885559082,402700,0.0,0.0
2010-02-10 00:00:00-05:00,8.5,8.65999984741211,8.40999984741211,8.529999732971191,167200,0.0,0.0
2010-02-11 00:00:00-05:00,8.609999656677246,8.890000343322754,8.510000228881836,8.869999885559082,299800,0.0,0.0
2010-02-12 00:00:00-05:00,8.529999732971191,8.8100004196167,8.520000457763672,8.729999542236328,183500,0.0,0.0
2010-02-16 00:00:00-05:00,9.0,9.149999618530273,8.8100004196167,9.109999656677246,461100,0.0,0.0
2010-02-17 00:00:00-05:00,9.149999618530273,9.25,9.050000190734863,9.199999809265137,314800,0.0,0.0
2010-02-18 00:00:00-05:00,9.180000305175781,9.489999771118164,9.180000305175781,9.430000305175781,340600,0.0,0.0
2010-02-19 00:00:00-05:00,9.220000267028809,9.5600004196167,9.220000267028809,9.460000038146973,180500,0.0,0.0
2010-02-22 00:00:00-05:00,9.460000038146973,9.579999923706055,9.239999771118164,9.25,178400,0.0,0.0
2010-02-23 00:00:00-05:00,9.15999984741211,9.199999809265137,8.819999694824219,8.90999984741211,233500,0.0,0.0
2010-02-24 00:00:00-05:00,8.850000381469727,9.1899995803833,8.829999923706055,8.90999984741211,111500,0.0,0.0
2010-02-25 00:00:00-05:00,8.829999923706055,9.15999984741211,8.75,9.069999694824219,280200,0.0,0.0
2010-02-26 00:00:00-05:00,9.199999809265137,9.5,9.130000114440918,9.449999809265137,289500,0.0,0.0
2010-03-01 00:00:00-05:00,9.380000114440918,9.800000190734863,9.380000114440918,9.6899995803833,399000,0.0,0.0
2010-03-02 00:00:00-05:00,9.75,9.949999809265137,9.699999809265137,9.800000190734863,320500,0.0,0.0
2010-03-03 00:00:00-05:00,9.899999618530273,9.949999809265137,9.789999961853027,9.800000190734863,414400,0.0,0.0
2010-03-04 00:00:00-05:00,9.850000381469727,9.90999984741211,9.350000381469727,9.5600004196167,689000,0.0,0.0
2010-03-05 00:00:00-05:00,9.670000076293945,9.9399995803833,9.489999771118164,9.899999618530273,314000,0.0,0.0
2010-03-08 00:00:00-05:00,10.0,10.0,9.670000076293945,9.779999732971191,266200,0.0,0.0
2010-03-09 00:00:00-05:00,9.729999542236328,9.75,9.649999618530273,9.670000076293945,187000,0.0,0.0
2010-03-10 00:00:00-05:00,9.739999771118164,9.850000381469727,9.579999923706055,9.640000343322754,262400,0.0,0.0
2010-03-11 00:00:00-05:00,9.579999923706055,9.600000381469727,9.520000457763672,9.569999694824219,200000,0.0,0.0
2010-03-12 00:00:00-05:00,9.569999694824219,9.649999618530273,9.369999885559082,9.399999618530273,191900,0.0,0.0
2010-03-15 00:00:00-04:00,9.449999809265137,9.449999809265137,9.1899995803833,9.270000457763672,257300,0.0,0.0
2010-03-16 00:00:00-04:00,9.430000305175781,9.430000305175781,9.289999961853027,9.350000381469727,357000,0.0,0.0
2010-03-17 00:00:00-04:00,9.289999961853027,9.550000190734863,9.289999961853027,9.420000076293945,170400,0.0,0.0
2010-03-18 00:00:00-04:00,9.470000267028809,9.470000267028809,9.270000457763672,9.300000190734863,227900,0.0,0.0
2010-03-19 00:00:00-04:00,8.979999542236328,9.279999732971191,8.9399995803833,8.979999542236328,296500,0.0,0.0
2010-03-22 00:00:00-04:00,8.84000015258789,8.949999809265137,8.600000381469727,8.9399995803833,306800,0.0,0.0
2010-03-23 00:00:00-04:00,8.899999618530273,9.210000038146973,8.829999923706055,9.170000076293945,215800,0.0,0.0
2010-03-24 00:00:00-04:00,9.0600004196167,9.149999618530273,8.899999618530273,8.920000076293945,99500,0.0,0.0
2010-03-25 00:00:00-04:00,9.15999984741211,9.170000076293945,8.75,8.770000457763672,241700,0.0,0.0
2010-03-26 00:00:00-04:00,8.800000190734863,9.09000015258789,8.770000457763672,9.039999961853027,177500,0.0,0.0
2010-03-29 00:00:00-04:00,9.170000076293945,9.369999885559082,9.09000015258789,9.260000228881836,241500,0.0,0.0
2010-03-30 00:00:00-04:00,9.3100004196167,9.380000114440918,9.180000305175781,9.260000228881836,166200,0.0,0.0
2010-03-31 00:00:00-04:00,9.300000190734863,9.649999618530273,9.279999732971191,9.59000015258789,270000,0.0,0.0
2010-04-01 00:00:00-04:00,9.739999771118164,9.90999984741211,9.630000114440918,9.760000228881836,219100,0.0,0.0
2010-04-05 00:00:00-04:00,9.890000343322754,9.979999542236328,9.819999694824219,9.920000076293945,259100,0.0,0.0
2010-04-06 00:00:00-04:00,9.9399995803833,10.100000381469727,9.850000381469727,10.039999961853027,343900,0.0,0.0
2010-04-07 00:00:00-04:00,10.100000381469727,10.100000381469727,9.800000190734863,10.029999732971191,377500,0.0,0.0
2010-04-08 00:00:00-04:00,9.949999809265137,10.010000228881836,9.729999542236328,9.779999732971191,180100,0.0,0.0
2010-04-09 00:00:00-04:00,9.789999961853027,9.979999542236328,9.770000457763672,9.880000114440918,162300,0.0,0.0
2010-04-12 00:00:00-04:00,9.899999618530273,9.970000267028809,9.850000381469727,9.859999656677246,129300,0.0,0.0
2010-04-13 00:00:00-04:00,9.789999961853027,9.90999984741211,9.579999923706055,9.729999542236328,147800,0.0,0.0
2010-04-14 00:00:00-04:00,9.8100004196167,9.979999542236328,9.800000190734863,9.970000267028809,187800,0.0,0.0
2010-04-15 00:00:00-04:00,9.979999542236328,10.100000381469727,9.899999618530273,10.050000190734863,272000,0.0,0.0
2010-04-16 00:00:00-04:00,9.949999809265137,10.0600004196167,9.539999961853027,9.899999618530273,356000,0.0,0.0
2010-04-19 00:00:00-04:00,9.699999809265137,9.75,9.510000228881836,9.680000305175781,297700,0.0,0.0
2010-04-20 00:00:00-04:00,9.880000114440918,10.100000381469727,9.8100004196167,9.960000038146973,311200,0.0,0.0
2010-04-21 00:00:00-04:00,10.100000381469727,10.100000381469727,9.819999694824219,9.890000343322754,131400,0.0,0.0
2010-04-22 00:00:00-04:00,9.84000015258789,9.859999656677246,9.579999923706055,9.800000190734863,61900,0.0,0.0
2010-04-23 00:00:00-04:00,9.75,10.170000076293945,9.699999809265137,10.140000343322754,256200,0.0,0.0
2010-04-26 00:00:00-04:00,10.0,10.380000114440918,9.989999771118164,10.199999809265137,378300,0.0,0.0
2010-04-27 00:00:00-04:00,9.960000038146973,10.09000015258789,9.680000305175781,9.880000114440918,316100,0.0,0.0
2010-04-28 00:00:00-04:00,9.800000190734863,9.979999542236328,9.729999542236328,9.84000015258789,160800,0.0,0.0
2010-04-29 00:00:00-04:00,9.979999542236328,9.979999542236328,9.640000343322754,9.720000267028809,183600,0.0,0.0
2010-04-30 00:00:00-04:00,9.729999542236328,9.8100004196167,9.300000190734863,9.449999809265137,348300,0.0,0.0
2010-05-03 00:00:00-04:00,9.40999984741211,9.569999694824219,9.079999923706055,9.220000267028809,298500,0.0,0.0
2010-05-04 00:00:00-04:00,9.210000038146973,9.210000038146973,8.5600004196167,8.829999923706055,629600,0.0,0.0
2010-05-05 00:00:00-04:00,8.59000015258789,8.65999984741211,8.0,8.399999618530273,557200,0.0,0.0
2010-05-06 00:00:00-04:00,8.399999618530273,8.699999809265137,7.96999979019165,8.289999961853027,446400,0.0,0.0
2010-05-07 00:00:00-04:00,8.300000190734863,8.420000076293945,8.0,8.119999885559082,374900,0.0,0.0
2010-05-10 00:00:00-04:00,8.279999732971191,8.539999961853027,8.119999885559082,8.520000457763672,297200,0.0,0.0
2010-05-11 00:00:00-04:00,8.59000015258789,8.960000038146973,8.5,8.84000015258789,498500,0.0,0.0
2010-05-12 00:00:00-04:00,9.050000190734863,9.260000228881836,8.949999809265137,9.039999961853027,496900,0.0,0.0
2010-05-13 00:00:00-04:00,9.1899995803833,9.1899995803833,8.670000076293945,8.779999732971191,291700,0.0,0.0
2010-05-14 00:00:00-04:00,8.59000015258789,8.850000381469727,8.350000381469727,8.579999923706055,259700,0.0,0.0
2010-05-17 00:00:00-04:00,8.59000015258789,8.59000015258789,8.050000190734863,8.260000228881836,277600,0.0,0.0
2010-05-18 00:00:00-04:00,8.140000343322754,8.380000114440918,7.949999809265137,8.020000457763672,337100,0.0,0.0
2010-05-19 00:00:00-04:00,7.699999809265137,7.960000038146973,7.300000190734863,7.599999904632568,783700,0.0,0.0
2010-05-20 00:00:00-04:00,7.260000228881836,7.300000190734863,6.800000190734863,6.849999904632568,886700,0.0,0.0
2010-05-21 00:00:00-04:00,6.659999847412109,7.050000190734863,6.289999961853027,6.849999904632568,879700,0.0,0.0
2010-05-24 00:00:00-04:00,6.880000114440918,7.119999885559082,6.679999828338623,6.909999847412109,311200,0.0,0.0
2010-05-25 00:00:00-04:00,6.679999828338623,7.099999904632568,6.539999961853027,7.070000171661377,570700,0.0,0.0
2010-05-26 00:00:00-04:00,7.340000152587891,7.489999771118164,7.119999885559082,7.130000114440918,517800,0.0,0.0
2010-05-27 00:00:00-04:00,7.260000228881836,7.489999771118164,7.260000228881836,7.449999809265137,321700,0.0,0.0
2010-05-28 00:00:00-04:00,7.400000095367432,7.519999980926514,7.28000020980835,7.389999866485596,235400,0.0,0.0
2010-06-01 00:00:00-04:00,7.389999866485596,7.440000057220459,6.880000114440918,6.880000114440918,231000,0.0,0.0
2010-06-02 00:00:00-04:00,6.809999942779541,7.099999904632568,6.590000152587891,7.070000171661377,314000,0.0,0.0
2010-06-03 00:00:00-04:00,7.010000228881836,7.179999828338623,6.849999904632568,7.0,235200,0.0,0.0
2010-06-04 00:00:00-04:00,6.869999885559082,6.920000076293945,6.599999904632568,6.610000133514404,269000,0.0,0.0
2010-06-07 00:00:00-04:00,6.489999771118164,6.800000190734863,6.449999809265137,6.5,318700,0.0,0.0
2010-06-08 00:00:00-04:00,6.519999980926514,6.75,6.519999980926514,6.71999979019165,207200,0.0,0.0
2010-06-09 00:00:00-04:00,6.739999771118164,7.039999961853027,6.739999771118164,6.869999885559082,256100,0.0,0.0
2010-06-10 00:00:00-04:00,6.960000038146973,7.099999904632568,6.949999809265137,7.059999942779541,162800,0.0,0.0
2010-06-11 00:00:00-04:00,7.079999923706055,7.260000228881836,7.019999980926514,7.25,195200,0.0,0.0
2010-06-14 00:00:00-04:00,7.449999809265137,7.449999809265137,7.110000133514404,7.119999885559082,159500,0.0,0.0
2010-06-15 00:00:00-04:00,7.130000114440918,7.679999828338623,7.130000114440918,7.639999866485596,327300,0.0,0.0
2010-06-16 00:00:00-04:00,7.670000076293945,7.679999828338623,7.409999847412109,7.409999847412109,206100,0.0,0.0
2010-06-17 00:00:00-04:00,7.53000020980835,7.53000020980835,7.150000095367432,7.25,241800,0.0,0.0
2010-06-18 00:00:00-04:00,7.199999809265137,7.449999809265137,7.199999809265137,7.449999809265137,231500,0.0,0.0
2010-06-21 00:00:00-04:00,7.5,7.679999828338623,7.239999771118164,7.360000133514404,263700,0.0,0.0
2010-06-22 00:00:00-04:00,7.28000020980835,7.5,7.070000171661377,7.099999904632568,148000,0.0,0.0
2010-06-23 00:00:00-04:00,7.239999771118164,7.239999771118164,6.860000133514404,7.110000133514404,165000,0.0,0.0
2010-06-24 00:00:00-04:00,7.03000020980835,7.119999885559082,6.900000095367432,6.960000038146973,107800,0.0,0.0
2010-06-25 00:00:00-04:00,6.920000076293945,7.320000171661377,6.920000076293945,7.239999771118164,132400,0.0,0.0
2010-06-28 00:00:00-04:00,7.21999979019165,7.239999771118164,6.920000076293945,7.0,172700,0.0,0.0
2010-06-29 00:00:00-04:00,6.849999904632568,6.849999904632568,6.510000228881836,6.559999942779541,297800,0.0,0.0
2010-06-30 00:00:00-04:00,6.590000152587891,6.769999980926514,6.440000057220459,6.46999979019165,197500,0.0,0.0
2010-07-01 00:00:00-04:00,6.46999979019165,6.5,6.0,6.21999979019165,332800,0.0,0.0
2010-07-02 00:00:00-04:00,6.239999771118164,6.440000057220459,6.110000133514404,6.329999923706055,118300,0.0,0.0
2010-07-06 00:00:00-04:00,6.369999885559082,6.710000038146973,6.25,6.329999923706055,199500,0.0,0.0
2010-07-07 00:00:00-04:00,6.320000171661377,6.639999866485596,6.300000190734863,6.639999866485596,123100,0.0,0.0
2010-07-08 00:00:00-04:00,6.739999771118164,6.769999980926514,6.429999828338623,6.659999847412109,213700,0.0,0.0
2010-07-09 00:00:00-04:00,6.710000038146973,7.150000095367432,6.690000057220459,7.119999885559082,198300,0.0,0.0
2010-07-12 00:00:00-04:00,7.070000171661377,7.159999847412109,6.769999980926514,6.829999923706055,102400,0.0,0.0
2010-07-13 00:00:00-04:00,6.900000095367432,6.989999771118164,6.800000190734863,6.960000038146973,126000,0.0,0.0
2010-07-14 00:00:00-04:00,6.989999771118164,6.989999771118164,6.579999923706055,6.599999904632568,155400,0.0,0.0
2010-07-15 00:00:00-04:00,6.639999866485596,6.639999866485596,6.340000152587891,6.550000190734863,195300,0.0,0.0
2010-07-16 00:00:00-04:00,6.460000038146973,6.460000038146973,6.309999942779541,6.369999885559082,108400,0.0,0.0
2010-07-19 00:00:00-04:00,6.349999904632568,6.53000020980835,6.159999847412109,6.380000114440918,181500,0.0,0.0
2010-07-20 00:00:00-04:00,6.340000152587891,6.71999979019165,6.21999979019165,6.679999828338623,109500,0.0,0.0
2010-07-21 00:00:00-04:00,6.710000038146973,6.71999979019165,6.03000020980835,6.46999979019165,122100,0.0,0.0
2010-07-22 00:00:00-04:00,6.489999771118164,6.880000114440918,6.489999771118164,6.840000152587891,116900,0.0,0.0
2010-07-23 00:00:00-04:00,6.880000114440918,6.989999771118164,6.5,6.96999979019165,108500,0.0,0.0
2010-07-26 00:00:00-04:00,7.039999961853027,7.039999961853027,6.849999904632568,6.860000133514404,91900,0.0,0.0
2010-07-27 00:00:00-04:00,6.900000095367432,7.019999980926514,6.659999847412109,6.699999809265137,106200,0.0,0.0
2010-07-28 00:00:00-04:00,6.599999904632568,6.849999904632568,6.599999904632568,6.690000057220459,93700,0.0,0.0
2010-07-29 00:00:00-04:00,6.639999866485596,6.820000171661377,6.639999866485596,6.769999980926514,71100,0.0,0.0
2010-07-30 00:00:00-04:00,6.679999828338623,6.909999847412109,6.650000095367432,6.880000114440918,61300,0.0,0.0
2010-08-02 00:00:00-04:00,6.96999979019165,7.119999885559082,6.889999866485596,6.989999771118164,107900,0.0,0.0
2010-08-03 00:00:00-04:00,7.010000228881836,7.119999885559082,6.880000114440918,7.010000228881836,95100,0.0,0.0
2010-08-04 00:00:00-04:00,7.090000152587891,7.349999904632568,7.090000152587891,7.340000152587891,139200,0.0,0.0
2010-08-05 00:00:00-04:00,7.349999904632568,7.400000095367432,7.050000190734863,7.139999866485596,125400,0.0,0.0
2010-08-06 00:00:00-04:00,7.0,7.119999885559082,6.840000152587891,6.900000095367432,168300,0.0,0.0
2010-08-09 00:00:00-04:00,6.869999885559082,6.900000095367432,6.75,6.900000095367432,55400,0.0,0.0
2010-08-10 00:00:00-04:00,6.849999904632568,6.909999847412109,6.690000057220459,6.860000133514404,123900,0.0,0.0
2010-08-11 00:00:00-04:00,6.710000038146973,6.800000190734863,6.670000076293945,6.690000057220459,104900,0.0,0.0
2010-08-12 00:00:00-04:00,6.659999847412109,6.78000020980835,6.550000190734863,6.699999809265137,87100,0.0,0.0
2010-08-13 00:00:00-04:00,6.710000038146973,6.789999961853027,6.699999809265137,6.71999979019165,72400,0.0,0.0
2010-08-16 00:00:00-04:00,6.650000095367432,6.809999942779541,6.650000095367432,6.800000190734863,106100,0.0,0.0
2010-08-17 00:00:00-04:00,6.840000152587891,6.96999979019165,6.840000152587891,6.949999809265137,145500,0.0,0.0
2010-08-18 00:00:00-04:00,6.929999828338623,7.010000228881836,6.869999885559082,6.96999979019165,112800,0.0,0.0
2010-08-19 00:00:00-04:00,6.989999771118164,7.050000190734863,6.730000019073486,6.78000020980835,160900,0.0,0.0
2010-08-20 00:00:00-04:00,6.710000038146973,6.789999961853027,6.659999847412109,6.760000228881836,107300,0.0,0.0
2010-08-23 00:00:00-04:00,6.730000019073486,6.800000190734863,6.619999885559082,6.619999885559082,131400,0.0,0.0
2010-08-24 00:00:00-04:00,6.53000020980835,6.630000114440918,6.400000095367432,6.519999980926514,150300,0.0,0.0
2010-08-25 00:00:00-04:00,6.480000019073486,6.710000038146973,6.420000076293945,6.679999828338623,95000,0.0,0.0
2010-08-26 00:00:00-04:00,6.699999809265137,6.78000020980835,6.559999942779541,6.599999904632568,126200,0.0,0.0
2010-08-27 00:00:00-04:00,6.599999904632568,6.739999771118164,6.489999771118164,6.710000038146973,76400,0.0,0.0
2010-08-30 00:00:00-04:00,6.739999771118164,6.789999961853027,6.610000133514404,6.71999979019165,101900,0.0,0.0
2010-08-31 00:00:00-04:00,6.659999847412109,6.940000057220459,6.659999847412109,6.809999942779541,113800,0.0,0.0
2010-09-01 00:00:00-04:00,6.769999980926514,7.0,6.769999980926514,6.949999809265137,159500,0.0,0.0
2010-09-02 00:00:00-04:00,6.960000038146973,7.130000114440918,6.920000076293945,7.110000133514404,115100,0.0,0.0
2010-09-03 00:00:00-04:00,7.210000038146973,7.230000019073486,6.96999979019165,7.170000076293945,90600,0.0,0.0
2010-09-07 00:00:00-04:00,7.150000095367432,7.340000152587891,7.130000114440918,7.300000190734863,187000,0.0,0.0
2010-09-08 00:00:00-04:00,7.380000114440918,7.590000152587891,7.309999942779541,7.320000171661377,200900,0.0,0.0
2010-09-09 00:00:00-04:00,7.369999885559082,7.400000095367432,7.059999942779541,7.099999904632568,119000,0.0,0.0
2010-09-10 00:00:00-04:00,7.070000171661377,7.300000190734863,7.070000171661377,7.260000228881836,115200,0.0,0.0
2010-09-13 00:00:00-04:00,7.289999961853027,7.349999904632568,7.239999771118164,7.309999942779541,124700,0.0,0.0
2010-09-14 00:00:00-04:00,7.409999847412109,7.730000019073486,7.400000095367432,7.670000076293945,422200,0.0,0.0
2010-09-15 00:00:00-04:00,7.579999923706055,7.849999904632568,7.579999923706055,7.789999961853027,215200,0.0,0.0
2010-09-16 00:00:00-04:00,7.900000095367432,7.989999771118164,7.650000095367432,7.75,207100,0.0,0.0
2010-09-17 00:00:00-04:00,7.800000190734863,7.809999942779541,7.610000133514404,7.610000133514404,181500,0.0,0.0
2010-09-20 00:00:00-04:00,7.320000171661377,7.789999961853027,7.320000171661377,7.760000228881836,186600,0.0,0.0
2010-09-21 00:00:00-04:00,7.829999923706055,8.180000305175781,7.78000020980835,8.170000076293945,474400,0.0,0.0
2010-09-22 00:00:00-04:00,8.15999984741211,8.399999618530273,8.15999984741211,8.390000343322754,388200,0.0,0.0
2010-09-23 00:00:00-04:00,8.300000190734863,8.5600004196167,8.220000267028809,8.390000343322754,298200,0.0,0.0
2010-09-24 00:00:00-04:00,8.460000038146973,8.75,8.460000038146973,8.65999984741211,416400,0.0,0.0
2010-09-27 00:00:00-04:00,8.739999771118164,8.800000190734863,8.4399995803833,8.460000038146973,306900,0.0,0.0
2010-09-28 00:00:00-04:00,8.430000305175781,8.529999732971191,8.15999984741211,8.5,283700,0.0,0.0
2010-09-29 00:00:00-04:00,8.420000076293945,8.710000038146973,8.100000381469727,8.520000457763672,202200,0.0,0.0
2010-09-30 00:00:00-04:00,8.609999656677246,8.630000114440918,8.229999542236328,8.510000228881836,272800,0.0,0.0
2010-10-01 00:00:00-04:00,8.5,8.649999618530273,8.479999542236328,8.630000114440918,166300,0.0,0.0
2010-10-04 00:00:00-04:00,8.529999732971191,8.600000381469727,8.289999961853027,8.319999694824219,222500,0.0,0.0
2010-10-05 00:00:00-04:00,8.420000076293945,8.729999542236328,8.399999618530273,8.649999618530273,231600,0.0,0.0
2010-10-06 00:00:00-04:00,8.65999984741211,8.859999656677246,8.640000343322754,8.84000015258789,284500,0.0,0.0
2010-10-07 00:00:00-04:00,8.850000381469727,8.920000076293945,8.5,8.75,310800,0.0,0.0
2010-10-08 00:00:00-04:00,8.710000038146973,9.239999771118164,8.710000038146973,9.1899995803833,409000,0.0,0.0
2010-10-11 00:00:00-04:00,9.1899995803833,9.350000381469727,9.069999694824219,9.170000076293945,201000,0.0,0.0
2010-10-12 00:00:00-04:00,9.149999618530273,9.180000305175781,8.899999618530273,9.09000015258789,228500,0.0,0.0
2010-10-13 00:00:00-04:00,9.149999618530273,9.1899995803833,9.0,9.050000190734863,297200,0.0,0.0
2010-10-14 00:00:00-04:00,9.010000228881836,9.09000015258789,8.850000381469727,9.09000015258789,437300,0.0,0.0
2010-10-15 00:00:00-04:00,9.100000381469727,9.109999656677246,8.720000267028809,8.9399995803833,250300,0.0,0.0
2010-10-18 00:00:00-04:00,8.899999618530273,9.119999885559082,8.710000038146973,9.079999923706055,188900,0.0,0.0
2010-10-19 00:00:00-04:00,8.789999961853027,8.829999923706055,8.420000076293945,8.640000343322754,452700,0.0,0.0
2010-10-20 00:00:00-04:00,8.640000343322754,8.979999542236328,8.640000343322754,8.9399995803833,208300,0.0,0.0
2010-10-21 00:00:00-04:00,8.859999656677246,9.050000190734863,8.699999809265137,8.8100004196167,271600,0.0,0.0
2010-10-22 00:00:00-04:00,8.800000190734863,8.960000038146973,8.710000038146973,8.9399995803833,144100,0.0,0.0
2010-10-25 00:00:00-04:00,9.020000457763672,9.199999809265137,8.779999732971191,9.100000381469727,250000,0.0,0.0
2010-10-26 00:00:00-04:00,8.869999885559082,9.109999656677246,8.789999961853027,8.979999542236328,141400,0.0,0.0
2010-10-27 00:00:00-04:00,8.800000190734863,8.890000343322754,8.640000343322754,8.859999656677246,139800,0.0,0.0
2010-10-28 00:00:00-04:00,8.829999923706055,8.960000038146973,8.829999923706055,8.899999618530273,123600,0.0,0.0
2010-10-29 00:00:00-04:00,8.84000015258789,9.140000343322754,8.84000015258789,9.020000457763672,210100,0.0,0.0
2010-11-01 00:00:00-04:00,9.09000015258789,9.180000305175781,8.920000076293945,9.029999732971191,305500,0.0,0.0
2010-11-02 00:00:00-04:00,9.149999618530273,9.149999618530273,9.020000457763672,9.109999656677246,107300,0.0,0.0
2010-11-03 00:00:00-04:00,9.0600004196167,9.079999923706055,8.75,9.039999961853027,182700,0.0,0.0
2010-11-04 00:00:00-04:00,9.100000381469727,9.5,9.079999923706055,9.5,489400,0.0,0.0
2010-11-05 00:00:00-04:00,9.359999656677246,9.510000228881836,9.300000190734863,9.449999809265137,246900,0.0,0.0
2010-11-08 00:00:00-05:00,9.449999809265137,9.859999656677246,9.359999656677246,9.819999694824219,290900,0.0,0.0
2010-11-09 00:00:00-05:00,9.899999618530273,10.0600004196167,9.5,9.539999961853027,430700,0.0,0.0
2010-11-10 00:00:00-05:00,9.529999732971191,9.739999771118164,9.229999542236328,9.680000305175781,283000,0.0,0.0
2010-11-11 00:00:00-05:00,9.6899995803833,9.720000267028809,9.399999618530273,9.630000114440918,180000,0.0,0.0
2010-11-12 00:00:00-05:00,9.510000228881836,9.640000343322754,9.069999694824219,9.100000381469727,389900,0.0,0.0
2010-11-15 00:00:00-05:00,9.140000343322754,9.239999771118164,8.859999656677246,8.890000343322754,299900,0.0,0.0
2010-11-16 00:00:00-05:00,8.850000381469727,8.859999656677246,8.460000038146973,8.5,357700,0.0,0.0
2010-11-17 00:00:00-05:00,8.489999771118164,8.819999694824219,8.420000076293945,8.779999732971191,217100,0.0,0.0
2010-11-18 00:00:00-05:00,9.020000457763672,9.199999809265137,8.960000038146973,9.130000114440918,334900,0.0,0.0
2010-11-19 00:00:00-05:00,9.140000343322754,9.270000457763672,8.960000038146973,9.220000267028809,198100,0.0,0.0
2010-11-22 00:00:00-05:00,9.149999618530273,9.199999809265137,9.0,9.1899995803833,134500,0.0,0.0
2010-11-23 00:00:00-05:00,9.140000343322754,9.149999618530273,8.989999771118164,9.0,174000,0.0,0.0
2010-11-24 00:00:00-05:00,9.010000228881836,9.180000305175781,9.010000228881836,9.180000305175781,147200,0.0,0.0
2010-11-26 00:00:00-05:00,8.970000267028809,9.09000015258789,8.829999923706055,9.079999923706055,67100,0.0,0.0
2010-11-29 00:00:00-05:00,9.039999961853027,9.050000190734863,8.710000038146973,8.850000381469727,386500,0.0,0.0
2010-11-30 00:00:00-05:00,8.789999961853027,9.170000076293945,8.779999732971191,9.069999694824219,181000,0.0,0.0
2010-12-01 00:00:00-05:00,9.25,9.600000381469727,9.1899995803833,9.600000381469727,558700,0.0,0.0
2010-12-02 00:00:00-05:00,9.59000015258789,9.9399995803833,9.59000015258789,9.899999618530273,514400,0.0,0.0
2010-12-03 00:00:00-05:00,9.960000038146973,10.119999885559082,9.619999885559082,10.029999732971191,853800,0.0,0.0
2010-12-06 00:00:00-05:00,10.0,10.130000114440918,9.75,9.899999618530273,501500,0.0,0.0
2010-12-07 00:00:00-05:00,10.069999694824219,10.199999809265137,10.0,10.119999885559082,559200,0.0,0.0
2010-12-08 00:00:00-05:00,10.020000457763672,10.1899995803833,9.90999984741211,10.130000114440918,392200,0.0,0.0
2010-12-09 00:00:00-05:00,10.239999771118164,11.239999771118164,10.239999771118164,11.1899995803833,1242100,0.0,0.0
2010-12-10 00:00:00-05:00,11.149999618530273,13.5600004196167,11.100000381469727,13.40999984741211,2594300,0.0,0.0
2010-12-13 00:00:00-05:00,13.369999885559082,13.899999618530273,13.0600004196167,13.350000381469727,1643200,0.0,0.0
2010-12-14 00:00:00-05:00,13.220000267028809,13.470000267028809,13.020000457763672,13.350000381469727,664200,0.0,0.0
2010-12-15 00:00:00-05:00,13.029999732971191,13.09000015258789,12.5,12.90999984741211,599500,0.0,0.0
2010-12-16 00:00:00-05:00,13.010000228881836,13.010000228881836,12.760000228881836,12.899999618530273,439600,0.0,0.0
2010-12-17 00:00:00-05:00,12.739999771118164,13.609999656677246,12.739999771118164,13.390000343322754,847100,0.0,0.0
2010-12-20 00:00:00-05:00,13.399999618530273,13.430000305175781,13.029999732971191,13.050000190734863,357100,0.0,0.0
2010-12-21 00:00:00-05:00,12.859999656677246,13.319999694824219,12.850000381469727,13.25,322900,0.0,0.0
2010-12-22 00:00:00-05:00,13.180000305175781,13.279999732971191,13.0600004196167,13.1899995803833,198200,0.0,0.0
2010-12-23 00:00:00-05:00,13.15999984741211,13.369999885559082,13.0,13.220000267028809,239900,0.0,0.0
2010-12-27 00:00:00-05:00,13.220000267028809,13.739999771118164,13.079999923706055,13.34000015258789,484700,0.0,0.0
2010-12-28 00:00:00-05:00,13.600000381469727,13.699999809265137,13.390000343322754,13.619999885559082,743900,0.0,0.0
2010-12-29 00:00:00-05:00,13.680000305175781,14.199999809265137,13.649999618530273,14.1899995803833,775000,0.0,0.0
2010-12-30 00:00:00-05:00,14.25,14.449999809265137,13.75,13.930000305175781,459700,0.0,0.0
2010-12-31 00:00:00-05:00,14.029999732971191,14.40999984741211,13.949999809265137,14.289999961853027,289900,0.0,0.0
2011-01-03 00:00:00-05:00,14.34000015258789,14.75,14.289999961853027,14.710000038146973,437300,0.0,0.0
2011-01-04 00:00:00-05:00,14.550000190734863,14.619999885559082,14.100000381469727,14.420000076293945,886600,0.0,0.0
2011-01-05 00:00:00-05:00,14.199999809265137,14.59000015258789,14.0,14.520000457763672,484400,0.0,0.0
2011-01-06 00:00:00-05:00,14.390000343322754,14.449999809265137,14.09000015258789,14.199999809265137,415400,0.0,0.0
2011-01-07 00:00:00-05:00,14.0,14.350000381469727,14.0,14.270000457763672,368700,0.0,0.0
2011-01-10 00:00:00-05:00,14.279999732971191,14.399999618530273,14.020000457763672,14.350000381469727,314800,0.0,0.0
2011-01-11 00:00:00-05:00,14.670000076293945,15.449999809265137,14.460000038146973,15.289999961853027,757700,0.0,0.0
2011-01-12 00:00:00-05:00,15.420000076293945,17.059999465942383,15.229999542236328,17.0,1385800,0.0,0.0
2011-01-13 00:00:00-05:00,16.940000534057617,17.299999237060547,16.170000076293945,16.5,1249300,0.0,0.0
2011-01-14 00:00:00-05:00,15.989999771118164,16.90999984741211,15.8100004196167,16.829999923706055,803800,0.0,0.0
2011-01-18 00:00:00-05:00,17.18000030517578,19.790000915527344,17.18000030517578,18.75,2828200,0.0,0.0
2011-01-19 00:00:00-05:00,18.809999465942383,18.950000762939453,17.8799991607666,18.360000610351562,1284500,0.0,0.0
2011-01-20 00:00:00-05:00,17.940000534057617,18.350000381469727,17.5,17.90999984741211,1023400,0.0,0.0
2011-01-21 00:00:00-05:00,18.09000015258789,18.209999084472656,17.68000030517578,17.889999389648438,561600,0.0,0.0
2011-01-24 00:00:00-05:00,17.790000915527344,18.31999969482422,17.790000915527344,18.209999084472656,836300,0.0,0.0
2011-01-25 00:00:00-05:00,18.18000030517578,18.25,17.719999313354492,18.100000381469727,816000,0.0,0.0
2011-01-26 00:00:00-05:00,18.09000015258789,18.709999084472656,17.90999984741211,18.65999984741211,1221900,0.0,0.0
2011-01-27 00:00:00-05:00,18.639999389648438,18.799999237060547,18.110000610351562,18.59000015258789,814100,0.0,0.0
2011-01-28 00:00:00-05:00,18.59000015258789,18.690000534057617,18.190000534057617,18.299999237060547,395100,0.0,0.0
2011-01-31 00:00:00-05:00,18.459999084472656,18.459999084472656,18.149999618530273,18.3700008392334,310300,0.0,0.0
2011-02-01 00:00:00-05:00,18.610000610351562,20.290000915527344,18.459999084472656,19.56999969482422,1180200,0.0,0.0
2011-02-02 00:00:00-05:00,19.59000015258789,20.09000015258789,19.59000015258789,19.940000534057617,564300,0.0,0.0
2011-02-03 00:00:00-05:00,20.149999618530273,21.100000381469727,19.809999465942383,20.940000534057617,940300,0.0,0.0
2011-02-04 00:00:00-05:00,21.09000015258789,21.469999313354492,20.68000030517578,21.020000457763672,566300,0.0,0.0
2011-02-07 00:00:00-05:00,21.239999771118164,21.760000228881836,20.68000030517578,21.079999923706055,825300,0.0,0.0
2011-02-08 00:00:00-05:00,21.200000762939453,21.200000762939453,20.3700008392334,20.600000381469727,675300,0.0,0.0
2011-02-09 00:00:00-05:00,20.489999771118164,20.549999237060547,17.5,17.639999389648438,3023400,0.0,0.0
2011-02-10 00:00:00-05:00,17.420000076293945,18.700000762939453,16.899999618530273,18.190000534057617,1693500,0.0,0.0
2011-02-11 00:00:00-05:00,18.420000076293945,18.829999923706055,18.09000015258789,18.170000076293945,540600,0.0,0.0
2011-02-14 00:00:00-05:00,17.969999313354492,18.06999969482422,17.459999084472656,17.920000076293945,949300,0.0,0.0
2011-02-15 00:00:00-05:00,17.950000762939453,18.610000610351562,17.850000381469727,18.510000228881836,534300,0.0,0.0
2011-02-16 00:00:00-05:00,18.489999771118164,19.149999618530273,18.350000381469727,19.059999465942383,480500,0.0,0.0
2011-02-17 00:00:00-05:00,19.219999313354492,19.75,19.049999237060547,19.719999313354492,464700,0.0,0.0
2011-02-18 00:00:00-05:00,19.780000686645508,19.989999771118164,19.559999465942383,19.6299991607666,714300,0.0,0.0
2011-02-22 00:00:00-05:00,19.5,19.5,18.0,18.079999923706055,1102000,0.0,0.0
2011-02-23 00:00:00-05:00,18.010000228881836,18.010000228881836,17.059999465942383,17.600000381469727,1411300,0.0,0.0
2011-02-24 00:00:00-05:00,19.1200008392334,21.0,18.1299991607666,19.3700008392334,3132400,0.0,0.0
2011-02-25 00:00:00-05:00,17.34000015258789,18.020000457763672,17.09000015258789,17.81999969482422,5732900,0.0,0.0
2011-02-28 00:00:00-05:00,18.1299991607666,18.25,17.6299991607666,17.690000534057617,932500,0.0,0.0
2011-03-01 00:00:00-05:00,17.8700008392334,18.43000030517578,17.799999237060547,18.100000381469727,1226600,0.0,0.0
2011-03-02 00:00:00-05:00,18.239999771118164,18.25,17.6200008392334,17.959999084472656,650700,0.0,0.0
2011-03-03 00:00:00-05:00,17.8700008392334,18.010000228881836,17.43000030517578,18.0,777000,0.0,0.0
2011-03-04 00:00:00-05:00,17.8700008392334,18.649999618530273,17.829999923706055,18.209999084472656,790200,0.0,0.0
2011-03-07 00:00:00-05:00,18.489999771118164,18.549999237060547,17.459999084472656,17.760000228881836,799000,0.0,0.0
2011-03-08 00:00:00-05:00,17.690000534057617,17.90999984741211,17.350000381469727,17.68000030517578,712000,0.0,0.0
2011-03-09 00:00:00-05:00,17.799999237060547,17.809999465942383,16.3700008392334,16.3799991607666,1673900,0.0,0.0
2011-03-10 00:00:00-05:00,15.0,15.600000381469727,14.359999656677246,14.479999542236328,3009200,0.0,0.0
2011-03-11 00:00:00-05:00,14.229999542236328,15.489999771118164,14.0,15.40999984741211,1702000,0.0,0.0
2011-03-14 00:00:00-04:00,15.420000076293945,15.529999732971191,14.760000228881836,14.880000114440918,683400,0.0,0.0
2011-03-15 00:00:00-04:00,13.880000114440918,14.09000015258789,13.130000114440918,14.050000190734863,1808100,0.0,0.0
2011-03-16 00:00:00-04:00,14.260000228881836,14.350000381469727,13.329999923706055,13.460000038146973,1291500,0.0,0.0
2011-03-17 00:00:00-04:00,13.890000343322754,14.489999771118164,13.640000343322754,14.369999885559082,1001400,0.0,0.0
2011-03-18 00:00:00-04:00,14.989999771118164,15.0,13.850000381469727,13.850000381469727,1619100,0.0,0.0
2011-03-21 00:00:00-04:00,14.399999618530273,14.720000267028809,14.199999809265137,14.359999656677246,765900,0.0,0.0
2011-03-22 00:00:00-04:00,14.369999885559082,14.5,14.010000228881836,14.119999885559082,645300,0.0,0.0
2011-03-23 00:00:00-04:00,14.130000114440918,14.789999961853027,14.0,14.59000015258789,1507900,0.0,0.0
2011-03-24 00:00:00-04:00,14.859999656677246,14.899999618530273,14.380000114440918,14.600000381469727,843000,0.0,0.0
2011-03-25 00:00:00-04:00,14.550000190734863,15.109999656677246,14.550000190734863,14.75,619900,0.0,0.0
2011-03-28 00:00:00-04:00,14.699999809265137,15.050000190734863,14.520000457763672,14.699999809265137,540800,0.0,0.0
2011-03-29 00:00:00-04:00,14.84000015258789,15.279999732971191,14.59000015258789,14.90999984741211,492200,0.0,0.0
2011-03-30 00:00:00-04:00,15.170000076293945,15.1899995803833,14.84000015258789,14.949999809265137,368600,0.0,0.0
2011-03-31 00:00:00-04:00,15.0,15.199999809265137,14.859999656677246,15.039999961853027,405000,0.0,0.0
2011-04-01 00:00:00-04:00,15.319999694824219,15.34000015258789,15.0,15.149999618530273,444000,0.0,0.0
2011-04-04 00:00:00-04:00,15.149999618530273,15.5,15.130000114440918,15.350000381469727,353600,0.0,0.0
2011-04-05 00:00:00-04:00,15.1899995803833,15.899999618530273,15.1899995803833,15.739999771118164,378000,0.0,0.0
2011-04-06 00:00:00-04:00,16.030000686645508,16.489999771118164,15.819999694824219,15.890000343322754,548100,0.0,0.0
2011-04-07 00:00:00-04:00,15.989999771118164,16.1200008392334,15.460000038146973,15.619999885559082,417000,0.0,0.0
2011-04-08 00:00:00-04:00,15.84000015258789,15.949999809265137,15.670000076293945,15.75,339200,0.0,0.0
2011-04-11 00:00:00-04:00,15.789999961853027,15.819999694824219,15.0,15.5600004196167,636500,0.0,0.0
2011-04-12 00:00:00-04:00,15.170000076293945,15.25,14.300000190734863,14.609999656677246,727200,0.0,0.0
2011-04-13 00:00:00-04:00,14.609999656677246,14.850000381469727,14.380000114440918,14.5600004196167,311300,0.0,0.0
2011-04-14 00:00:00-04:00,14.460000038146973,14.619999885559082,14.15999984741211,14.550000190734863,385100,0.0,0.0
2011-04-15 00:00:00-04:00,14.510000228881836,14.930000305175781,14.399999618530273,14.579999923706055,487400,0.0,0.0
2011-04-18 00:00:00-04:00,14.380000114440918,14.449999809265137,13.779999732971191,14.270000457763672,374000,0.0,0.0
2011-04-19 00:00:00-04:00,14.270000457763672,14.399999618530273,13.699999809265137,14.079999923706055,488400,0.0,0.0
2011-04-20 00:00:00-04:00,14.369999885559082,14.5600004196167,14.09000015258789,14.329999923706055,349500,0.0,0.0
2011-04-21 00:00:00-04:00,14.34000015258789,14.470000267028809,13.729999542236328,14.170000076293945,419000,0.0,0.0
2011-04-25 00:00:00-04:00,14.170000076293945,14.329999923706055,13.75,13.880000114440918,393700,0.0,0.0
2011-04-26 00:00:00-04:00,13.920000076293945,13.920000076293945,13.390000343322754,13.390000343322754,474300,0.0,0.0
2011-04-27 00:00:00-04:00,13.390000343322754,14.119999885559082,12.770000457763672,13.920000076293945,978400,0.0,0.0
2011-04-28 00:00:00-04:00,13.920000076293945,14.069999694824219,13.5,13.609999656677246,390200,0.0,0.0
2011-04-29 00:00:00-04:00,13.550000190734863,13.710000038146973,13.319999694824219,13.59000015258789,400000,0.0,0.0
2011-05-02 00:00:00-04:00,13.59000015258789,14.4399995803833,13.420000076293945,13.789999961853027,716100,0.0,0.0
2011-05-03 00:00:00-04:00,13.680000305175781,13.75,12.819999694824219,13.119999885559082,555700,0.0,0.0
2011-05-04 00:00:00-04:00,13.069999694824219,13.069999694824219,12.1899995803833,12.569999694824219,723100,0.0,0.0
2011-05-05 00:00:00-04:00,12.25,12.420000076293945,11.449999809265137,11.710000038146973,1100000,0.0,0.0
2011-05-06 00:00:00-04:00,11.949999809265137,12.4399995803833,11.760000228881836,11.90999984741211,507000,0.0,0.0
2011-05-09 00:00:00-04:00,12.149999618530273,12.350000381469727,11.989999771118164,12.229999542236328,235400,0.0,0.0
2011-05-10 00:00:00-04:00,12.359999656677246,12.4399995803833,12.180000305175781,12.300000190734863,264300,0.0,0.0
2011-05-11 00:00:00-04:00,12.239999771118164,12.239999771118164,11.640000343322754,11.829999923706055,445900,0.0,0.0
2011-05-12 00:00:00-04:00,11.850000381469727,12.119999885559082,11.470000267028809,11.890000343322754,550000,0.0,0.0
2011-05-13 00:00:00-04:00,11.899999618530273,12.390000343322754,11.819999694824219,12.020000457763672,370300,0.0,0.0
2011-05-16 00:00:00-04:00,11.819999694824219,12.329999923706055,11.760000228881836,11.850000381469727,300800,0.0,0.0
2011-05-17 00:00:00-04:00,11.65999984741211,11.770000457763672,11.0600004196167,11.100000381469727,963500,0.0,0.0
2011-05-18 00:00:00-04:00,11.140000343322754,11.40999984741211,10.899999618530273,11.130000114440918,711300,0.0,0.0
2011-05-19 00:00:00-04:00,11.210000038146973,11.260000228881836,10.960000038146973,11.170000076293945,237400,0.0,0.0
2011-05-20 00:00:00-04:00,11.140000343322754,11.520000457763672,10.90999984741211,11.34000015258789,331500,0.0,0.0
2011-05-23 00:00:00-04:00,11.069999694824219,11.380000114440918,10.979999542236328,11.199999809265137,258400,0.0,0.0
2011-05-24 00:00:00-04:00,11.289999961853027,11.75,11.289999961853027,11.630000114440918,398700,0.0,0.0
2011-05-25 00:00:00-04:00,11.569999694824219,12.600000381469727,11.569999694824219,12.449999809265137,781900,0.0,0.0
2011-05-26 00:00:00-04:00,12.6899995803833,12.819999694824219,12.109999656677246,12.279999732971191,430800,0.0,0.0
2011-05-27 00:00:00-04:00,12.369999885559082,12.800000190734863,12.359999656677246,12.569999694824219,353700,0.0,0.0
2011-05-31 00:00:00-04:00,12.9399995803833,12.979999542236328,12.510000228881836,12.59000015258789,314200,0.0,0.0
2011-06-01 00:00:00-04:00,12.550000190734863,12.609999656677246,11.760000228881836,11.760000228881836,498000,0.0,0.0
2011-06-02 00:00:00-04:00,11.770000457763672,12.1899995803833,11.720000267028809,11.800000190734863,501700,0.0,0.0
2011-06-03 00:00:00-04:00,11.619999885559082,11.949999809265137,11.390000343322754,11.539999961853027,297600,0.0,0.0
2011-06-06 00:00:00-04:00,11.5,11.600000381469727,10.84000015258789,10.899999618530273,586500,0.0,0.0
2011-06-07 00:00:00-04:00,11.0,11.0,10.149999618530273,10.180000305175781,808300,0.0,0.0
2011-06-08 00:00:00-04:00,10.130000114440918,10.180000305175781,9.609999656677246,9.75,732400,0.0,0.0
2011-06-09 00:00:00-04:00,9.970000267028809,10.079999923706055,9.84000015258789,9.949999809265137,864500,0.0,0.0
2011-06-10 00:00:00-04:00,9.84000015258789,9.859999656677246,9.319999694824219,9.5,944000,0.0,0.0
2011-06-13 00:00:00-04:00,9.420000076293945,9.739999771118164,9.069999694824219,9.170000076293945,414400,0.0,0.0
2011-06-14 00:00:00-04:00,9.369999885559082,9.550000190734863,9.260000228881836,9.260000228881836,437400,0.0,0.0
2011-06-15 00:00:00-04:00,9.220000267028809,9.3100004196167,8.600000381469727,8.600000381469727,1337200,0.0,0.0
2011-06-16 00:00:00-04:00,8.600000381469727,9.069999694824219,8.390000343322754,8.40999984741211,800500,0.0,0.0
2011-06-17 00:00:00-04:00,8.59000015258789,8.850000381469727,8.420000076293945,8.59000015258789,830400,0.0,0.0
2011-06-20 00:00:00-04:00,8.619999885559082,9.3100004196167,8.539999961853027,9.239999771118164,1036100,0.0,0.0
2011-06-21 00:00:00-04:00,9.470000267028809,10.15999984741211,9.470000267028809,9.979999542236328,937000,0.0,0.0
2011-06-22 00:00:00-04:00,9.949999809265137,10.220000267028809,9.710000038146973,9.75,416000,0.0,0.0
2011-06-23 00:00:00-04:00,9.489999771118164,9.710000038146973,9.270000457763672,9.710000038146973,531600,0.0,0.0
2011-06-24 00:00:00-04:00,9.779999732971191,9.8100004196167,9.350000381469727,9.40999984741211,402500,0.0,0.0
2011-06-27 00:00:00-04:00,9.380000114440918,9.380000114440918,9.050000190734863,9.15999984741211,395500,0.0,0.0
2011-06-28 00:00:00-04:00,9.149999618530273,9.430000305175781,9.0,9.430000305175781,522100,0.0,0.0
2011-06-29 00:00:00-04:00,9.539999961853027,10.279999732971191,9.5,10.140000343322754,1061300,0.0,0.0
2011-06-30 00:00:00-04:00,10.100000381469727,10.350000381469727,9.850000381469727,10.100000381469727,503800,0.0,0.0
2011-07-01 00:00:00-04:00,10.050000190734863,10.220000267028809,9.920000076293945,10.15999984741211,253500,0.0,0.0
2011-07-05 00:00:00-04:00,10.279999732971191,10.550000190734863,10.170000076293945,10.1899995803833,445100,0.0,0.0
2011-07-06 00:00:00-04:00,10.149999618530273,10.220000267028809,9.930000305175781,10.029999732971191,515400,0.0,0.0
2011-07-07 00:00:00-04:00,10.119999885559082,10.569999694824219,10.010000228881836,10.350000381469727,684500,0.0,0.0
2011-07-08 00:00:00-04:00,10.3100004196167,10.380000114440918,10.079999923706055,10.239999771118164,270000,0.0,0.0
2011-07-11 00:00:00-04:00,10.079999923706055,10.25,9.819999694824219,9.9399995803833,329300,0.0,0.0
2011-07-12 00:00:00-04:00,9.84000015258789,10.470000267028809,9.779999732971191,10.3100004196167,424000,0.0,0.0
2011-07-13 00:00:00-04:00,10.569999694824219,10.9399995803833,10.479999542236328,10.529999732971191,503600,0.0,0.0
2011-07-14 00:00:00-04:00,10.729999542236328,10.890000343322754,10.1899995803833,10.25,645200,0.0,0.0
2011-07-15 00:00:00-04:00,10.329999923706055,10.630000114440918,10.25,10.449999809265137,360100,0.0,0.0
2011-07-18 00:00:00-04:00,10.539999961853027,10.8100004196167,10.3100004196167,10.369999885559082,407100,0.0,0.0
2011-07-19 00:00:00-04:00,10.489999771118164,10.630000114440918,10.390000343322754,10.420000076293945,267100,0.0,0.0
2011-07-20 00:00:00-04:00,10.4399995803833,10.880000114440918,10.270000457763672,10.609999656677246,767400,0.0,0.0
2011-07-21 00:00:00-04:00,10.699999809265137,10.699999809265137,10.479999542236328,10.529999732971191,294000,0.0,0.0
2011-07-22 00:00:00-04:00,10.609999656677246,10.75,10.489999771118164,10.739999771118164,196600,0.0,0.0
2011-07-25 00:00:00-04:00,10.859999656677246,11.859999656677246,10.789999961853027,11.569999694824219,1010000,0.0,0.0
2011-07-26 00:00:00-04:00,11.720000267028809,11.880000114440918,11.25,11.329999923706055,504300,0.0,0.0
2011-07-27 00:00:00-04:00,11.300000190734863,11.40999984741211,10.8100004196167,10.979999542236328,515600,0.0,0.0
2011-07-28 00:00:00-04:00,10.859999656677246,11.079999923706055,10.739999771118164,10.75,251100,0.0,0.0
2011-07-29 00:00:00-04:00,10.8100004196167,10.8100004196167,10.380000114440918,10.579999923706055,332700,0.0,0.0
2011-08-01 00:00:00-04:00,10.779999732971191,10.920000076293945,10.359999656677246,10.510000228881836,234700,0.0,0.0
2011-08-02 00:00:00-04:00,10.739999771118164,11.069999694824219,10.59000015258789,10.729999542236328,539400,0.0,0.0
2011-08-03 00:00:00-04:00,10.829999923706055,11.020000457763672,10.359999656677246,10.640000343322754,496000,0.0,0.0
2011-08-04 00:00:00-04:00,10.609999656677246,10.609999656677246,9.140000343322754,9.279999732971191,1271600,0.0,0.0
2011-08-05 00:00:00-04:00,9.479999542236328,9.510000228881836,8.229999542236328,8.520000457763672,1732800,0.0,0.0
2011-08-08 00:00:00-04:00,8.420000076293945,8.579999923706055,7.900000095367432,7.96999979019165,1399000,0.0,0.0
2011-08-09 00:00:00-04:00,8.130000114440918,8.930000305175781,8.039999961853027,8.899999618530273,797700,0.0,0.0
2011-08-10 00:00:00-04:00,8.869999885559082,9.359999656677246,8.579999923706055,9.100000381469727,814000,0.0,0.0
2011-08-11 00:00:00-04:00,9.140000343322754,9.800000190734863,8.960000038146973,9.59000015258789,703600,0.0,0.0
2011-08-12 00:00:00-04:00,9.779999732971191,10.039999961853027,9.5600004196167,10.020000457763672,539500,0.0,0.0
2011-08-15 00:00:00-04:00,10.09000015258789,10.5,10.029999732971191,10.5,324300,0.0,0.0
2011-08-16 00:00:00-04:00,10.319999694824219,10.359999656677246,9.65999984741211,9.949999809265137,679400,0.0,0.0
2011-08-17 00:00:00-04:00,10.09000015258789,10.399999618530273,10.029999732971191,10.260000228881836,440300,0.0,0.0
2011-08-18 00:00:00-04:00,9.960000038146973,10.069999694824219,9.579999923706055,9.760000228881836,567500,0.0,0.0
2011-08-19 00:00:00-04:00,9.739999771118164,10.199999809265137,9.329999923706055,9.539999961853027,477100,0.0,0.0
2011-08-22 00:00:00-04:00,9.789999961853027,9.819999694824219,9.210000038146973,9.40999984741211,673100,0.0,0.0
2011-08-23 00:00:00-04:00,9.420000076293945,9.729999542236328,9.229999542236328,9.640000343322754,414900,0.0,0.0
2011-08-24 00:00:00-04:00,9.470000267028809,9.630000114440918,9.25,9.399999618530273,320200,0.0,0.0
2011-08-25 00:00:00-04:00,9.489999771118164,9.529999732971191,9.180000305175781,9.34000015258789,268800,0.0,0.0
2011-08-26 00:00:00-04:00,9.329999923706055,9.739999771118164,9.109999656677246,9.739999771118164,176600,0.0,0.0
2011-08-29 00:00:00-04:00,9.600000381469727,10.170000076293945,9.600000381469727,10.029999732971191,306900,0.0,0.0
2011-08-30 00:00:00-04:00,9.930000305175781,10.300000190734863,9.850000381469727,10.180000305175781,374300,0.0,0.0
2011-08-31 00:00:00-04:00,10.180000305175781,10.680000305175781,10.109999656677246,10.489999771118164,553700,0.0,0.0
2011-09-01 00:00:00-04:00,10.5,10.520000457763672,10.0600004196167,10.109999656677246,220300,0.0,0.0
2011-09-02 00:00:00-04:00,9.930000305175781,10.100000381469727,9.729999542236328,9.90999984741211,311000,0.0,0.0
2011-09-06 00:00:00-04:00,9.529999732971191,9.710000038146973,9.149999618530273,9.609999656677246,509300,0.0,0.0
2011-09-07 00:00:00-04:00,9.649999618530273,10.100000381469727,9.529999732971191,10.029999732971191,259800,0.0,0.0
2011-09-08 00:00:00-04:00,9.979999542236328,10.100000381469727,9.630000114440918,9.710000038146973,272600,0.0,0.0
2011-09-09 00:00:00-04:00,9.470000267028809,9.640000343322754,9.300000190734863,9.550000190734863,289800,0.0,0.0
2011-09-12 00:00:00-04:00,9.4399995803833,9.520000457763672,8.720000267028809,9.119999885559082,542800,0.0,0.0
2011-09-13 00:00:00-04:00,9.15999984741211,9.199999809265137,8.789999961853027,8.869999885559082,425000,0.0,0.0
2011-09-14 00:00:00-04:00,8.800000190734863,9.029999732971191,8.75,8.880000114440918,390700,0.0,0.0
2011-09-15 00:00:00-04:00,9.0,9.0,8.600000381469727,8.850000381469727,263300,0.0,0.0
2011-09-16 00:00:00-04:00,8.84000015258789,9.0,8.6899995803833,8.6899995803833,286200,0.0,0.0
2011-09-19 00:00:00-04:00,8.550000190734863,8.670000076293945,8.149999618530273,8.270000457763672,365600,0.0,0.0
2011-09-20 00:00:00-04:00,8.260000228881836,8.430000305175781,7.900000095367432,7.900000095367432,458400,0.0,0.0
2011-09-21 00:00:00-04:00,7.849999904632568,7.849999904632568,7.289999961853027,7.340000152587891,808900,0.0,0.0
2011-09-22 00:00:00-04:00,6.760000228881836,6.789999961853027,6.150000095367432,6.21999979019165,1171300,0.0,0.0
2011-09-23 00:00:00-04:00,6.079999923706055,6.340000152587891,5.789999961853027,5.960000038146973,841500,0.0,0.0
2011-09-26 00:00:00-04:00,6.03000020980835,6.070000171661377,5.639999866485596,6.019999980926514,911600,0.0,0.0
2011-09-27 00:00:00-04:00,6.329999923706055,6.559999942779541,6.050000190734863,6.139999866485596,634600,0.0,0.0
2011-09-28 00:00:00-04:00,6.179999828338623,6.21999979019165,5.639999866485596,5.690000057220459,1109300,0.0,0.0
2011-09-29 00:00:00-04:00,5.889999866485596,5.929999828338623,5.360000133514404,5.5,559900,0.0,0.0
2011-09-30 00:00:00-04:00,5.380000114440918,5.639999866485596,5.360000133514404,5.360000133514404,412800,0.0,0.0
2011-10-03 00:00:00-04:00,5.380000114440918,5.900000095367432,5.159999847412109,5.179999828338623,905700,0.0,0.0
2011-10-04 00:00:00-04:00,5.139999866485596,5.880000114440918,4.869999885559082,5.809999942779541,1185500,0.0,0.0
2011-10-05 00:00:00-04:00,5.860000133514404,6.639999866485596,5.699999809265137,6.449999809265137,826600,0.0,0.0
2011-10-06 00:00:00-04:00,6.519999980926514,7.199999809265137,6.519999980926514,6.840000152587891,824100,0.0,0.0
2011-10-07 00:00:00-04:00,6.980000019073486,7.130000114440918,6.429999828338623,6.599999904632568,306300,0.0,0.0
2011-10-10 00:00:00-04:00,6.869999885559082,7.199999809265137,6.869999885559082,7.019999980926514,172200,0.0,0.0
2011-10-11 00:00:00-04:00,7.119999885559082,7.269999980926514,6.900000095367432,7.199999809265137,366300,0.0,0.0
2011-10-12 00:00:00-04:00,7.309999942779541,7.670000076293945,7.269999980926514,7.440000057220459,376100,0.0,0.0
2011-10-13 00:00:00-04:00,7.239999771118164,7.400000095367432,6.900000095367432,7.360000133514404,606400,0.0,0.0
2011-10-14 00:00:00-04:00,7.510000228881836,7.650000095367432,7.369999885559082,7.519999980926514,149500,0.0,0.0
2011-10-17 00:00:00-04:00,7.5,7.5,7.170000076293945,7.269999980926514,208800,0.0,0.0
2011-10-18 00:00:00-04:00,7.159999847412109,7.989999771118164,6.710000038146973,7.789999961853027,778900,0.0,0.0
2011-10-19 00:00:00-04:00,7.860000133514404,7.860000133514404,7.079999923706055,7.190000057220459,378000,0.0,0.0
2011-10-20 00:00:00-04:00,6.980000019073486,7.369999885559082,6.889999866485596,7.179999828338623,264800,0.0,0.0
2011-10-21 00:00:00-04:00,7.369999885559082,7.429999828338623,7.179999828338623,7.239999771118164,169300,0.0,0.0
2011-10-24 00:00:00-04:00,7.300000190734863,7.809999942779541,7.300000190734863,7.760000228881836,307800,0.0,0.0
2011-10-25 00:00:00-04:00,7.71999979019165,7.980000019073486,7.400000095367432,7.869999885559082,508800,0.0,0.0
2011-10-26 00:00:00-04:00,7.940000057220459,8.0,7.639999866485596,7.949999809265137,204800,0.0,0.0
2011-10-27 00:00:00-04:00,8.119999885559082,8.819999694824219,8.0600004196167,8.649999618530273,600100,0.0,0.0
2011-10-28 00:00:00-04:00,8.510000228881836,8.779999732971191,8.319999694824219,8.680000305175781,261900,0.0,0.0
2011-10-31 00:00:00-04:00,8.420000076293945,8.479999542236328,8.170000076293945,8.210000038146973,246600,0.0,0.0
2011-11-01 00:00:00-04:00,7.820000171661377,8.119999885559082,7.380000114440918,7.929999828338623,525400,0.0,0.0
2011-11-02 00:00:00-04:00,8.149999618530273,8.550000190734863,8.140000343322754,8.319999694824219,220500,0.0,0.0
2011-11-03 00:00:00-04:00,8.520000457763672,8.539999961853027,8.140000343322754,8.15999984741211,160900,0.0,0.0
2011-11-04 00:00:00-04:00,8.1899995803833,8.229999542236328,7.829999923706055,8.229999542236328,111100,0.0,0.0
2011-11-07 00:00:00-05:00,8.5,8.5,8.020000457763672,8.300000190734863,276700,0.0,0.0
2011-11-08 00:00:00-05:00,8.289999961853027,8.420000076293945,8.069999694824219,8.300000190734863,194800,0.0,0.0
2011-11-09 00:00:00-05:00,7.980000019073486,8.210000038146973,7.829999923706055,7.949999809265137,211200,0.0,0.0
2011-11-10 00:00:00-05:00,8.050000190734863,8.050000190734863,7.670000076293945,7.829999923706055,129900,0.0,0.0
2011-11-11 00:00:00-05:00,7.929999828338623,8.199999809265137,7.909999847412109,8.079999923706055,91900,0.0,0.0
2011-11-14 00:00:00-05:00,7.949999809265137,8.220000267028809,7.949999809265137,8.0,224600,0.0,0.0
2011-11-15 00:00:00-05:00,7.989999771118164,8.029999732971191,7.71999979019165,7.869999885559082,138800,0.0,0.0
2011-11-16 00:00:00-05:00,7.789999961853027,7.829999923706055,7.550000190734863,7.570000171661377,164700,0.0,0.0
2011-11-17 00:00:00-05:00,7.579999923706055,7.710000038146973,7.159999847412109,7.210000038146973,279500,0.0,0.0
2011-11-18 00:00:00-05:00,7.360000133514404,7.409999847412109,6.929999828338623,6.960000038146973,278500,0.0,0.0
2011-11-21 00:00:00-05:00,6.860000133514404,6.860000133514404,6.369999885559082,6.5,371200,0.0,0.0
2011-11-22 00:00:00-05:00,6.539999961853027,6.539999961853027,6.25,6.349999904632568,155800,0.0,0.0
2011-11-23 00:00:00-05:00,6.320000171661377,6.420000076293945,6.059999942779541,6.159999847412109,189300,0.0,0.0
2011-11-25 00:00:00-05:00,6.139999866485596,6.409999847412109,6.119999885559082,6.309999942779541,74900,0.0,0.0
2011-11-28 00:00:00-05:00,6.630000114440918,6.820000171661377,6.519999980926514,6.670000076293945,208600,0.0,0.0
2011-11-29 00:00:00-05:00,6.579999923706055,6.900000095367432,6.579999923706055,6.820000171661377,159600,0.0,0.0
2011-11-30 00:00:00-05:00,7.309999942779541,7.389999866485596,6.920000076293945,7.110000133514404,331100,0.0,0.0
2011-12-01 00:00:00-05:00,7.070000171661377,7.230000019073486,6.909999847412109,6.949999809265137,147200,0.0,0.0
2011-12-02 00:00:00-05:00,7.099999904632568,7.099999904632568,6.789999961853027,6.909999847412109,194700,0.0,0.0
2011-12-05 00:00:00-05:00,6.929999828338623,7.170000076293945,6.820000171661377,6.869999885559082,139300,0.0,0.0
2011-12-06 00:00:00-05:00,6.809999942779541,7.039999961853027,6.809999942779541,7.0,154000,0.0,0.0
2011-12-07 00:00:00-05:00,7.0,7.46999979019165,6.840000152587891,7.340000152587891,222800,0.0,0.0
2011-12-08 00:00:00-05:00,7.28000020980835,7.329999923706055,7.010000228881836,7.090000152587891,136200,0.0,0.0
2011-12-09 00:00:00-05:00,7.010000228881836,7.289999961853027,7.0,7.230000019073486,125300,0.0,0.0
2011-12-12 00:00:00-05:00,7.03000020980835,7.03000020980835,6.570000171661377,6.699999809265137,183800,0.0,0.0
2011-12-13 00:00:00-05:00,6.739999771118164,6.849999904632568,6.150000095367432,6.260000228881836,215900,0.0,0.0
2011-12-14 00:00:00-05:00,6.090000152587891,6.119999885559082,5.699999809265137,6.0,421900,0.0,0.0
2011-12-15 00:00:00-05:00,6.139999866485596,6.190000057220459,5.889999866485596,6.050000190734863,175900,0.0,0.0
2011-12-16 00:00:00-05:00,6.130000114440918,6.400000095367432,6.099999904632568,6.320000171661377,284000,0.0,0.0
2011-12-19 00:00:00-05:00,6.25,6.360000133514404,5.909999847412109,5.909999847412109,235600,0.0,0.0
2011-12-20 00:00:00-05:00,6.059999942779541,6.239999771118164,6.019999980926514,6.139999866485596,218900,0.0,0.0
2011-12-21 00:00:00-05:00,6.170000076293945,6.349999904632568,6.050000190734863,6.170000076293945,227800,0.0,0.0
2011-12-22 00:00:00-05:00,6.190000057220459,6.260000228881836,6.019999980926514,6.170000076293945,258000,0.0,0.0
2011-12-23 00:00:00-05:00,6.190000057220459,6.28000020980835,5.96999979019165,6.059999942779541,231200,0.0,0.0
2011-12-27 00:00:00-05:00,6.0,6.0,5.71999979019165,5.809999942779541,326100,0.0,0.0
2011-12-28 00:00:00-05:00,5.880000114440918,6.090000152587891,5.550000190734863,5.639999866485596,265000,0.0,0.0
2011-12-29 00:00:00-05:00,5.610000133514404,5.789999961853027,5.480000019073486,5.769999980926514,302200,0.0,0.0
2011-12-30 00:00:00-05:00,5.769999980926514,6.079999923706055,5.75,6.039999961853027,245400,0.0,0.0
2012-01-03 00:00:00-05:00,6.230000019073486,6.420000076293945,6.110000133514404,6.400000095367432,289800,0.0,0.0
2012-01-04 00:00:00-05:00,6.260000228881836,6.599999904632568,6.260000228881836,6.449999809265137,213300,0.0,0.0
2012-01-05 00:00:00-05:00,6.449999809265137,6.630000114440918,6.230000019073486,6.46999979019165,81200,0.0,0.0
2012-01-06 00:00:00-05:00,6.46999979019165,6.590000152587891,6.360000133514404,6.369999885559082,74900,0.0,0.0
2012-01-09 00:00:00-05:00,6.409999847412109,6.440000057220459,6.230000019073486,6.309999942779541,149300,0.0,0.0
2012-01-10 00:00:00-05:00,6.460000038146973,6.53000020980835,6.28000020980835,6.309999942779541,164000,0.0,0.0
2012-01-11 00:00:00-05:00,6.309999942779541,6.320000171661377,6.170000076293945,6.210000038146973,184000,0.0,0.0
2012-01-12 00:00:00-05:00,6.349999904632568,6.5,6.230000019073486,6.409999847412109,239700,0.0,0.0
2012-01-13 00:00:00-05:00,6.300000190734863,6.380000114440918,6.190000057220459,6.369999885559082,92600,0.0,0.0
2012-01-17 00:00:00-05:00,6.570000171661377,6.71999979019165,6.46999979019165,6.539999961853027,205900,0.0,0.0
2012-01-18 00:00:00-05:00,6.539999961853027,7.119999885559082,6.539999961853027,7.019999980926514,412400,0.0,0.0
2012-01-19 00:00:00-05:00,7.190000057220459,7.340000152587891,7.03000020980835,7.199999809265137,296700,0.0,0.0
2012-01-20 00:00:00-05:00,7.139999866485596,7.320000171661377,7.059999942779541,7.119999885559082,137400,0.0,0.0
2012-01-23 00:00:00-05:00,7.150000095367432,7.300000190734863,6.900000095367432,7.03000020980835,222200,0.0,0.0
2012-01-24 00:00:00-05:00,6.929999828338623,7.050000190734863,6.869999885559082,7.019999980926514,127800,0.0,0.0
2012-01-25 00:00:00-05:00,6.989999771118164,7.440000057220459,6.929999828338623,7.409999847412109,183600,0.0,0.0
2012-01-26 00:00:00-05:00,7.5,7.980000019073486,7.380000114440918,7.789999961853027,508200,0.0,0.0
2012-01-27 00:00:00-05:00,7.800000190734863,8.0,7.769999980926514,7.829999923706055,147100,0.0,0.0
2012-01-30 00:00:00-05:00,7.730000019073486,7.75,7.369999885559082,7.460000038146973,181100,0.0,0.0
2012-01-31 00:00:00-05:00,7.550000190734863,7.710000038146973,7.010000228881836,7.440000057220459,331000,0.0,0.0
2012-02-01 00:00:00-05:00,7.559999942779541,7.889999866485596,7.409999847412109,7.670000076293945,295300,0.0,0.0
2012-02-02 00:00:00-05:00,7.619999885559082,8.100000381469727,7.599999904632568,8.0,307000,0.0,0.0
2012-02-03 00:00:00-05:00,8.069999694824219,8.1899995803833,7.690000057220459,7.760000228881836,361200,0.0,0.0
2012-02-06 00:00:00-05:00,7.670000076293945,7.730000019073486,7.519999980926514,7.650000095367432,138800,0.0,0.0
2012-02-07 00:00:00-05:00,7.610000133514404,7.670000076293945,7.320000171661377,7.389999866485596,167800,0.0,0.0
2012-02-08 00:00:00-05:00,7.429999828338623,7.610000133514404,7.300000190734863,7.510000228881836,238300,0.0,0.0
2012-02-09 00:00:00-05:00,7.5,7.690000057220459,7.460000038146973,7.539999961853027,141800,0.0,0.0
2012-02-10 00:00:00-05:00,7.420000076293945,7.429999828338623,7.300000190734863,7.409999847412109,130200,0.0,0.0
2012-02-13 00:00:00-05:00,7.429999828338623,7.550000190734863,7.380000114440918,7.429999828338623,86500,0.0,0.0
2012-02-14 00:00:00-05:00,7.380000114440918,7.480000019073486,7.099999904632568,7.329999923706055,150000,0.0,0.0
2012-02-15 00:00:00-05:00,7.400000095367432,7.610000133514404,7.340000152587891,7.440000057220459,117200,0.0,0.0
2012-02-16 00:00:00-05:00,7.360000133514404,7.670000076293945,7.239999771118164,7.440000057220459,118400,0.0,0.0
2012-02-17 00:00:00-05:00,7.519999980926514,7.610000133514404,7.150000095367432,7.309999942779541,196500,0.0,0.0
2012-02-21 00:00:00-05:00,7.400000095367432,7.489999771118164,7.210000038146973,7.440000057220459,256800,0.0,0.0
2012-02-22 00:00:00-05:00,7.400000095367432,7.420000076293945,7.059999942779541,7.28000020980835,307100,0.0,0.0
2012-02-23 00:00:00-05:00,7.300000190734863,7.5,7.190000057220459,7.210000038146973,161700,0.0,0.0
2012-02-24 00:00:00-05:00,7.179999828338623,7.369999885559082,7.170000076293945,7.21999979019165,119500,0.0,0.0
2012-02-27 00:00:00-05:00,7.150000095367432,7.179999828338623,6.800000190734863,6.940000057220459,235700,0.0,0.0
2012-02-28 00:00:00-05:00,6.989999771118164,7.090000152587891,6.820000171661377,6.940000057220459,202900,0.0,0.0
2012-02-29 00:00:00-05:00,6.960000038146973,7.269999980926514,6.829999923706055,6.909999847412109,202100,0.0,0.0
2012-03-01 00:00:00-05:00,6.909999847412109,7.130000114440918,6.860000133514404,6.909999847412109,92500,0.0,0.0
2012-03-02 00:00:00-05:00,6.929999828338623,6.929999828338623,6.659999847412109,6.75,172300,0.0,0.0
2012-03-05 00:00:00-05:00,6.710000038146973,6.78000020980835,6.400000095367432,6.409999847412109,156300,0.0,0.0
2012-03-06 00:00:00-05:00,6.170000076293945,6.21999979019165,5.960000038146973,6.03000020980835,377600,0.0,0.0
2012-03-07 00:00:00-05:00,6.079999923706055,6.159999847412109,6.0,6.090000152587891,139800,0.0,0.0
2012-03-08 00:00:00-05:00,6.300000190734863,6.300000190734863,6.050000190734863,6.079999923706055,156700,0.0,0.0
2012-03-09 00:00:00-05:00,6.019999980926514,6.239999771118164,6.0,6.190000057220459,164500,0.0,0.0
2012-03-12 00:00:00-04:00,6.170000076293945,6.230000019073486,5.980000019073486,6.059999942779541,96500,0.0,0.0
2012-03-13 00:00:00-04:00,6.079999923706055,6.150000095367432,6.0,6.0,122000,0.0,0.0
2012-03-14 00:00:00-04:00,6.0,6.070000171661377,5.730000019073486,5.869999885559082,228300,0.0,0.0
2012-03-15 00:00:00-04:00,5.940000057220459,6.010000228881836,5.699999809265137,5.889999866485596,200900,0.0,0.0
2012-03-16 00:00:00-04:00,5.829999923706055,6.0,5.75,6.0,176000,0.0,0.0
2012-03-19 00:00:00-04:00,5.960000038146973,6.130000114440918,5.949999809265137,6.050000190734863,139300,0.0,0.0
2012-03-20 00:00:00-04:00,5.989999771118164,6.0,5.849999904632568,6.0,117400,0.0,0.0
2012-03-21 00:00:00-04:00,6.03000020980835,6.110000133514404,5.940000057220459,6.039999961853027,98700,0.0,0.0
2012-03-22 00:00:00-04:00,5.889999866485596,5.909999847412109,5.78000020980835,5.800000190734863,131300,0.0,0.0
2012-03-23 00:00:00-04:00,5.829999923706055,6.039999961853027,5.769999980926514,5.989999771118164,103200,0.0,0.0
2012-03-26 00:00:00-04:00,6.090000152587891,6.199999809265137,6.010000228881836,6.03000020980835,101300,0.0,0.0
2012-03-27 00:00:00-04:00,6.110000133514404,6.190000057220459,6.070000171661377,6.159999847412109,135700,0.0,0.0
2012-03-28 00:00:00-04:00,6.170000076293945,6.170000076293945,5.929999828338623,5.989999771118164,147400,0.0,0.0
2012-03-29 00:00:00-04:00,5.949999809265137,6.0,5.800000190734863,5.960000038146973,90800,0.0,0.0
2012-03-30 00:00:00-04:00,6.0,6.170000076293945,5.860000133514404,6.079999923706055,238000,0.0,0.0
2012-04-02 00:00:00-04:00,6.099999904632568,6.170000076293945,5.960000038146973,5.989999771118164,112300,0.0,0.0
2012-04-03 00:00:00-04:00,5.980000019073486,6.03000020980835,5.920000076293945,5.96999979019165,120300,0.0,0.0
2012-04-04 00:00:00-04:00,5.889999866485596,5.940000057220459,5.769999980926514,5.920000076293945,136400,0.0,0.0
2012-04-05 00:00:00-04:00,5.940000057220459,6.139999866485596,5.900000095367432,6.039999961853027,159500,0.0,0.0
2012-04-09 00:00:00-04:00,5.880000114440918,6.039999961853027,5.789999961853027,5.820000171661377,66700,0.0,0.0
2012-04-10 00:00:00-04:00,5.849999904632568,5.909999847412109,5.760000228881836,5.889999866485596,73700,0.0,0.0
2012-04-11 00:00:00-04:00,5.929999828338623,5.96999979019165,5.820000171661377,5.860000133514404,101100,0.0,0.0
2012-04-12 00:00:00-04:00,5.889999866485596,6.059999942779541,5.889999866485596,6.0,95100,0.0,0.0
2012-04-13 00:00:00-04:00,5.960000038146973,6.019999980926514,5.829999923706055,6.019999980926514,74000,0.0,0.0
2012-04-16 00:00:00-04:00,5.880000114440918,6.03000020980835,5.769999980926514,5.769999980926514,94900,0.0,0.0
2012-04-17 00:00:00-04:00,5.789999961853027,5.809999942779541,5.570000171661377,5.78000020980835,142500,0.0,0.0
2012-04-18 00:00:00-04:00,5.75,5.800000190734863,5.369999885559082,5.559999942779541,240400,0.0,0.0
2012-04-19 00:00:00-04:00,5.599999904632568,5.71999979019165,5.53000020980835,5.659999847412109,91800,0.0,0.0
2012-04-20 00:00:00-04:00,5.659999847412109,5.869999885559082,5.610000133514404,5.800000190734863,127400,0.0,0.0
2012-04-23 00:00:00-04:00,5.650000095367432,5.75,5.610000133514404,5.679999828338623,62100,0.0,0.0
2012-04-24 00:00:00-04:00,5.699999809265137,5.699999809265137,5.420000076293945,5.46999979019165,268200,0.0,0.0
2012-04-25 00:00:00-04:00,5.480000019073486,5.590000152587891,5.360000133514404,5.460000038146973,188000,0.0,0.0
2012-04-26 00:00:00-04:00,5.480000019073486,5.559999942779541,5.380000114440918,5.550000190734863,76900,0.0,0.0
2012-04-27 00:00:00-04:00,5.610000133514404,5.710000038146973,5.389999866485596,5.449999809265137,249600,0.0,0.0
2012-04-30 00:00:00-04:00,5.460000038146973,5.639999866485596,5.309999942779541,5.639999866485596,226100,0.0,0.0
2012-05-01 00:00:00-04:00,5.650000095367432,5.869999885559082,5.639999866485596,5.670000076293945,134000,0.0,0.0
2012-05-02 00:00:00-04:00,5.679999828338623,5.679999828338623,5.409999847412109,5.429999828338623,137800,0.0,0.0
2012-05-03 00:00:00-04:00,5.400000095367432,5.429999828338623,5.110000133514404,5.159999847412109,154700,0.0,0.0
2012-05-04 00:00:00-04:00,5.099999904632568,5.150000095367432,5.0,5.090000152587891,144200,0.0,0.0
2012-05-07 00:00:00-04:00,5.039999961853027,5.050000190734863,4.849999904632568,4.909999847412109,180700,0.0,0.0
2012-05-08 00:00:00-04:00,4.849999904632568,4.849999904632568,4.510000228881836,4.650000095367432,303500,0.0,0.0
2012-05-09 00:00:00-04:00,4.519999980926514,4.71999979019165,4.400000095367432,4.519999980926514,225500,0.0,0.0
2012-05-10 00:00:00-04:00,4.559999942779541,4.679999828338623,4.320000171661377,4.360000133514404,248500,0.0,0.0
2012-05-11 00:00:00-04:00,4.28000020980835,4.349999904632568,4.190000057220459,4.260000228881836,137000,0.0,0.0
2012-05-14 00:00:00-04:00,4.130000114440918,4.25,4.010000228881836,4.119999885559082,227200,0.0,0.0
2012-05-15 00:00:00-04:00,4.170000076293945,4.190000057220459,3.8399999141693115,3.9000000953674316,437500,0.0,0.0
2012-05-16 00:00:00-04:00,3.859999895095825,3.950000047683716,3.75,3.7899999618530273,306200,0.0,0.0
2012-05-17 00:00:00-04:00,3.890000104904175,4.170000076293945,3.759999990463257,4.130000114440918,427900,0.0,0.0
2012-05-18 00:00:00-04:00,4.230000019073486,4.309999942779541,3.799999952316284,3.859999895095825,362800,0.0,0.0
2012-05-21 00:00:00-04:00,3.880000114440918,3.940000057220459,3.7300000190734863,3.819999933242798,195400,0.0,0.0
2012-05-22 00:00:00-04:00,3.819999933242798,3.819999933242798,2.5299999713897705,2.559999942779541,1807200,0.0,0.0
2012-05-23 00:00:00-04:00,2.490000009536743,2.619999885559082,2.25,2.4700000286102295,828000,0.0,0.0
2012-05-24 00:00:00-04:00,2.619999885559082,2.6700000762939453,2.359999895095825,2.4600000381469727,586800,0.0,0.0
2012-05-25 00:00:00-04:00,2.4700000286102295,2.5,2.3299999237060547,2.4800000190734863,478400,0.0,0.0
2012-05-29 00:00:00-04:00,2.5399999618530273,2.799999952316284,2.5199999809265137,2.690000057220459,420400,0.0,0.0
2012-05-30 00:00:00-04:00,2.700000047683716,2.759999990463257,2.559999942779541,2.700000047683716,748200,0.0,0.0
2012-05-31 00:00:00-04:00,2.75,2.8299999237060547,2.619999885559082,2.630000114440918,365800,0.0,0.0
2012-06-01 00:00:00-04:00,2.690000057220459,2.7200000286102295,2.5999999046325684,2.5999999046325684,269500,0.0,0.0
2012-06-04 00:00:00-04:00,2.619999885559082,2.6500000953674316,2.299999952316284,2.4000000953674316,436800,0.0,0.0
2012-06-05 00:00:00-04:00,2.450000047683716,2.5399999618530273,2.4000000953674316,2.490000009536743,819500,0.0,0.0
2012-06-06 00:00:00-04:00,2.619999885559082,2.700000047683716,2.549999952316284,2.609999895095825,399200,0.0,0.0
2012-06-07 00:00:00-04:00,2.7300000190734863,2.759999990463257,2.490000009536743,2.5199999809265137,251400,0.0,0.0
2012-06-08 00:00:00-04:00,2.490000009536743,2.490000009536743,2.4000000953674316,2.450000047683716,153900,0.0,0.0
2012-06-11 00:00:00-04:00,2.450000047683716,2.4700000286102295,2.2899999618530273,2.309999942779541,304600,0.0,0.0
2012-06-12 00:00:00-04:00,2.3399999141693115,2.380000114440918,2.299999952316284,2.319999933242798,190500,0.0,0.0
2012-06-13 00:00:00-04:00,2.299999952316284,2.380000114440918,2.299999952316284,2.309999942779541,310400,0.0,0.0
2012-06-14 00:00:00-04:00,2.299999952316284,2.390000104904175,2.2300000190734863,2.2699999809265137,321300,0.0,0.0
2012-06-15 00:00:00-04:00,2.3499999046325684,2.4100000858306885,2.2799999713897705,2.4100000858306885,1056700,0.0,0.0
2012-06-18 00:00:00-04:00,2.2799999713897705,2.450000047683716,2.2799999713897705,2.4000000953674316,189900,0.0,0.0
2012-06-19 00:00:00-04:00,2.430000066757202,2.5399999618530273,2.4000000953674316,2.4700000286102295,301400,0.0,0.0
2012-06-20 00:00:00-04:00,2.4800000190734863,2.5899999141693115,2.4100000858306885,2.4200000762939453,270600,0.0,0.0
2012-06-21 00:00:00-04:00,2.4800000190734863,2.4800000190734863,2.380000114440918,2.4100000858306885,143800,0.0,0.0
2012-06-22 00:00:00-04:00,2.450000047683716,2.450000047683716,2.369999885559082,2.4200000762939453,73200,0.0,0.0
2012-06-25 00:00:00-04:00,2.369999885559082,2.4200000762939453,2.3399999141693115,2.4100000858306885,114600,0.0,0.0
2012-06-26 00:00:00-04:00,2.430000066757202,2.4800000190734863,2.299999952316284,2.3399999141693115,124500,0.0,0.0
2012-06-27 00:00:00-04:00,2.2799999713897705,2.4000000953674316,2.2799999713897705,2.369999885559082,69000,0.0,0.0
2012-06-28 00:00:00-04:00,2.3399999141693115,2.369999885559082,2.200000047683716,2.3299999237060547,306000,0.0,0.0
2012-06-29 00:00:00-04:00,2.4200000762939453,2.430000066757202,2.25,2.3399999141693115,218700,0.0,0.0
2012-07-02 00:00:00-04:00,2.309999942779541,2.450000047683716,2.309999942779541,2.450000047683716,81000,0.0,0.0
2012-07-03 00:00:00-04:00,2.440000057220459,2.559999942779541,2.440000057220459,2.5199999809265137,121900,0.0,0.0
2012-07-05 00:00:00-04:00,2.5299999713897705,2.799999952316284,2.490000009536743,2.799999952316284,370400,0.0,0.0
2012-07-06 00:00:00-04:00,2.7899999618530273,2.8299999237060547,2.6700000762939453,2.8299999237060547,238300,0.0,0.0
2012-07-09 00:00:00-04:00,2.809999942779541,2.890000104904175,2.690000057220459,2.869999885559082,214700,0.0,0.0
2012-07-10 00:00:00-04:00,2.9100000858306885,2.940000057220459,2.680000066757202,2.690000057220459,210600,0.0,0.0
2012-07-11 00:00:00-04:00,2.7200000286102295,2.740000009536743,2.549999952316284,2.549999952316284,139500,0.0,0.0
2012-07-12 00:00:00-04:00,2.549999952316284,2.5999999046325684,2.5,2.5899999141693115,105300,0.0,0.0
2012-07-13 00:00:00-04:00,2.5899999141693115,2.6700000762939453,2.569999933242798,2.5799999237060547,109800,0.0,0.0
2012-07-16 00:00:00-04:00,2.5899999141693115,2.640000104904175,2.559999942779541,2.619999885559082,123200,0.0,0.0
2012-07-17 00:00:00-04:00,2.5999999046325684,2.630000114440918,2.569999933242798,2.619999885559082,95100,0.0,0.0
2012-07-18 00:00:00-04:00,2.619999885559082,2.700000047683716,2.5999999046325684,2.680000066757202,71600,0.0,0.0
2012-07-19 00:00:00-04:00,2.6700000762939453,2.7200000286102295,2.609999895095825,2.6500000953674316,109800,0.0,0.0
2012-07-20 00:00:00-04:00,2.640000104904175,2.640000104904175,2.569999933242798,2.569999933242798,80900,0.0,0.0
2012-07-23 00:00:00-04:00,2.5199999809265137,2.5799999237060547,2.4600000381469727,2.4600000381469727,217400,0.0,0.0
2012-07-24 00:00:00-04:00,2.4800000190734863,2.5,2.3499999046325684,2.390000104904175,127100,0.0,0.0
2012-07-25 00:00:00-04:00,2.4000000953674316,2.450000047683716,2.299999952316284,2.369999885559082,243800,0.0,0.0
2012-07-26 00:00:00-04:00,2.380000114440918,2.4100000858306885,2.2899999618530273,2.2899999618530273,230900,0.0,0.0
2012-07-27 00:00:00-04:00,2.2799999713897705,2.440000057220459,2.2699999809265137,2.4100000858306885,230900,0.0,0.0
2012-07-30 00:00:00-04:00,2.390000104904175,2.490000009536743,2.359999895095825,2.4800000190734863,91300,0.0,0.0
2012-07-31 00:00:00-04:00,2.4800000190734863,2.5399999618530273,2.3499999046325684,2.369999885559082,195100,0.0,0.0
2012-08-01 00:00:00-04:00,2.3499999046325684,2.569999933242798,2.3299999237060547,2.509999990463257,211900,0.0,0.0
2012-08-02 00:00:00-04:00,2.5,2.640000104904175,2.430000066757202,2.5199999809265137,188700,0.0,0.0
2012-08-03 00:00:00-04:00,2.5799999237060547,2.6500000953674316,2.5299999713897705,2.5299999713897705,219400,0.0,0.0
2012-08-06 00:00:00-04:00,2.5899999141693115,2.640000104904175,2.5199999809265137,2.5399999618530273,74500,0.0,0.0
2012-08-07 00:00:00-04:00,2.569999933242798,2.5999999046325684,2.5,2.5399999618530273,122200,0.0,0.0
2012-08-08 00:00:00-04:00,2.5399999618530273,2.5899999141693115,2.4800000190734863,2.4800000190734863,78800,0.0,0.0
2012-08-09 00:00:00-04:00,2.509999990463257,2.5399999618530273,2.4800000190734863,2.5199999809265137,101000,0.0,0.0
2012-08-10 00:00:00-04:00,2.5,2.5299999713897705,2.4200000762939453,2.509999990463257,91100,0.0,0.0
2012-08-13 00:00:00-04:00,2.509999990463257,2.5199999809265137,2.200000047683716,2.299999952316284,1398300,0.0,0.0
2012-08-14 00:00:00-04:00,2.309999942779541,2.3399999141693115,2.25,2.309999942779541,488300,0.0,0.0
2012-08-15 00:00:00-04:00,2.2699999809265137,2.319999933242798,2.2699999809265137,2.319999933242798,160500,0.0,0.0
2012-08-16 00:00:00-04:00,2.319999933242798,2.4000000953674316,2.299999952316284,2.390000104904175,154100,0.0,0.0
2012-08-17 00:00:00-04:00,2.4000000953674316,2.5,2.380000114440918,2.4200000762939453,438900,0.0,0.0
2012-08-20 00:00:00-04:00,2.430000066757202,2.430000066757202,2.3399999141693115,2.4200000762939453,95000,0.0,0.0
2012-08-21 00:00:00-04:00,2.4200000762939453,2.4600000381469727,2.369999885559082,2.4000000953674316,122500,0.0,0.0
2012-08-22 00:00:00-04:00,2.4000000953674316,2.4000000953674316,2.259999990463257,2.299999952316284,354500,0.0,0.0
2012-08-23 00:00:00-04:00,2.3299999237060547,2.4100000858306885,2.259999990463257,2.380000114440918,167400,0.0,0.0
2012-08-24 00:00:00-04:00,2.359999895095825,2.4100000858306885,2.309999942779541,2.390000104904175,226700,0.0,0.0
2012-08-27 00:00:00-04:00,2.4100000858306885,2.5999999046325684,2.380000114440918,2.569999933242798,433300,0.0,0.0
2012-08-28 00:00:00-04:00,2.5999999046325684,2.9600000381469727,2.549999952316284,2.930000066757202,798400,0.0,0.0
2012-08-29 00:00:00-04:00,2.9800000190734863,2.9800000190734863,2.700000047683716,2.880000114440918,459000,0.0,0.0
2012-08-30 00:00:00-04:00,2.8399999141693115,2.9200000762939453,2.7200000286102295,2.799999952316284,276000,0.0,0.0
2012-08-31 00:00:00-04:00,2.809999942779541,2.880000114440918,2.7200000286102295,2.8299999237060547,337000,0.0,0.0
2012-09-04 00:00:00-04:00,2.869999885559082,3.740000009536743,2.8399999141693115,3.5199999809265137,1660700,0.0,0.0
2012-09-05 00:00:00-04:00,3.5199999809265137,3.619999885559082,3.2300000190734863,3.390000104904175,1081500,0.0,0.0
2012-09-06 00:00:00-04:00,3.4700000286102295,3.619999885559082,3.299999952316284,3.5799999237060547,550400,0.0,0.0
2012-09-07 00:00:00-04:00,3.630000114440918,3.890000104904175,3.630000114440918,3.890000104904175,805300,0.0,0.0
2012-09-10 00:00:00-04:00,3.9100000858306885,3.9700000286102295,3.680000066757202,3.700000047683716,455900,0.0,0.0
2012-09-11 00:00:00-04:00,3.759999990463257,3.9000000953674316,3.619999885559082,3.690000057220459,294200,0.0,0.0
2012-09-12 00:00:00-04:00,3.740000009536743,3.7899999618530273,3.5,3.549999952316284,395800,0.0,0.0
2012-09-13 00:00:00-04:00,3.5299999713897705,3.890000104904175,3.490000009536743,3.8299999237060547,521600,0.0,0.0
2012-09-14 00:00:00-04:00,3.930000066757202,4.130000114440918,3.819999933242798,4.019999980926514,465800,0.0,0.0
2012-09-17 00:00:00-04:00,4.010000228881836,4.289999961853027,3.890000104904175,3.940000057220459,564200,0.0,0.0
2012-09-18 00:00:00-04:00,3.940000057220459,4.400000095367432,3.9200000762939453,4.400000095367432,896800,0.0,0.0
2012-09-19 00:00:00-04:00,4.480000019073486,5.150000095367432,4.460000038146973,5.019999980926514,1332600,0.0,0.0
2012-09-20 00:00:00-04:00,5.079999923706055,5.400000095367432,4.809999942779541,4.889999866485596,1512200,0.0,0.0
2012-09-21 00:00:00-04:00,5.039999961853027,5.25,4.659999847412109,4.659999847412109,1040600,0.0,0.0
2012-09-24 00:00:00-04:00,4.630000114440918,4.889999866485596,4.429999828338623,4.769999980926514,613600,0.0,0.0
2012-09-25 00:00:00-04:00,4.820000171661377,4.920000076293945,4.599999904632568,4.699999809265137,529300,0.0,0.0
2012-09-26 00:00:00-04:00,4.659999847412109,4.849999904632568,4.400000095367432,4.639999866485596,510300,0.0,0.0
2012-09-27 00:00:00-04:00,4.710000038146973,4.849999904632568,4.579999923706055,4.710000038146973,399600,0.0,0.0
2012-09-28 00:00:00-04:00,4.71999979019165,4.860000133514404,4.519999980926514,4.579999923706055,626000,0.0,0.0
2012-10-01 00:00:00-04:00,4.690000057220459,4.800000190734863,4.53000020980835,4.610000133514404,318500,0.0,0.0
2012-10-02 00:00:00-04:00,4.630000114440918,4.659999847412109,4.46999979019165,4.480000019073486,240600,0.0,0.0
2012-10-03 00:00:00-04:00,4.440000057220459,4.5,4.159999847412109,4.46999979019165,397800,0.0,0.0
2012-10-04 00:00:00-04:00,4.5,4.579999923706055,4.460000038146973,4.550000190734863,223300,0.0,0.0
2012-10-05 00:00:00-04:00,4.539999961853027,4.619999885559082,4.389999866485596,4.429999828338623,210900,0.0,0.0
2012-10-08 00:00:00-04:00,4.349999904632568,4.46999979019165,4.230000019073486,4.309999942779541,138500,0.0,0.0
2012-10-09 00:00:00-04:00,4.289999961853027,4.389999866485596,4.139999866485596,4.159999847412109,253100,0.0,0.0
2012-10-10 00:00:00-04:00,4.110000133514404,4.119999885559082,3.759999990463257,3.9700000286102295,716300,0.0,0.0
2012-10-11 00:00:00-04:00,3.930000066757202,4.159999847412109,3.819999933242798,4.099999904632568,352300,0.0,0.0
2012-10-12 00:00:00-04:00,4.179999828338623,4.179999828338623,3.869999885559082,3.9600000381469727,142200,0.0,0.0
2012-10-15 00:00:00-04:00,3.930000066757202,3.930000066757202,3.6600000858306885,3.690000057220459,413800,0.0,0.0
2012-10-16 00:00:00-04:00,3.690000057220459,3.8499999046325684,3.6700000762939453,3.8399999141693115,274000,0.0,0.0
2012-10-17 00:00:00-04:00,3.8399999141693115,4.0,3.7799999713897705,3.940000057220459,158900,0.0,0.0
2012-10-18 00:00:00-04:00,3.9100000858306885,3.9800000190734863,3.7899999618530273,3.799999952316284,185300,0.0,0.0
2012-10-19 00:00:00-04:00,3.8299999237060547,3.8299999237060547,3.5799999237060547,3.690000057220459,268600,0.0,0.0
2012-10-22 00:00:00-04:00,3.609999895095825,3.950000047683716,3.569999933242798,3.819999933242798,306300,0.0,0.0
2012-10-23 00:00:00-04:00,3.7100000381469727,3.7200000286102295,3.5899999141693115,3.630000114440918,213500,0.0,0.0
2012-10-24 00:00:00-04:00,3.6600000858306885,3.740000009536743,3.619999885559082,3.640000104904175,91100,0.0,0.0
2012-10-25 00:00:00-04:00,3.75,3.799999952316284,3.630000114440918,3.6600000858306885,194700,0.0,0.0
2012-10-26 00:00:00-04:00,3.6700000762939453,3.7200000286102295,3.5799999237060547,3.6600000858306885,78000,0.0,0.0
2012-10-31 00:00:00-04:00,3.569999933242798,3.700000047683716,3.509999990463257,3.5399999618530273,307900,0.0,0.0
2012-11-01 00:00:00-04:00,3.619999885559082,3.630000114440918,3.5,3.5899999141693115,127200,0.0,0.0
2012-11-02 00:00:00-04:00,3.5999999046325684,3.6600000858306885,3.509999990463257,3.549999952316284,147300,0.0,0.0
2012-11-05 00:00:00-05:00,3.5799999237060547,3.8399999141693115,3.5199999809265137,3.799999952316284,137600,0.0,0.0
2012-11-06 00:00:00-05:00,3.880000114440918,4.179999828338623,3.859999895095825,4.079999923706055,432900,0.0,0.0
2012-11-07 00:00:00-05:00,4.059999942779541,4.070000171661377,3.6600000858306885,3.759999990463257,428200,0.0,0.0
2012-11-08 00:00:00-05:00,3.7799999713897705,4.199999809265137,3.7100000381469727,4.190000057220459,283600,0.0,0.0
2012-11-09 00:00:00-05:00,4.210000038146973,4.230000019073486,3.880000114440918,3.9600000381469727,259600,0.0,0.0
2012-11-12 00:00:00-05:00,4.070000171661377,4.130000114440918,3.9100000858306885,3.9600000381469727,103200,0.0,0.0
2012-11-13 00:00:00-05:00,3.869999885559082,3.9600000381469727,3.819999933242798,3.869999885559082,202100,0.0,0.0
2012-11-14 00:00:00-05:00,3.9200000762939453,3.9200000762939453,3.549999952316284,3.609999895095825,241200,0.0,0.0
2012-11-15 00:00:00-05:00,3.569999933242798,3.700000047683716,3.390000104904175,3.430000066757202,346800,0.0,0.0
2012-11-16 00:00:00-05:00,3.3499999046325684,3.6500000953674316,3.200000047683716,3.5999999046325684,270500,0.0,0.0
2012-11-19 00:00:00-05:00,3.7799999713897705,3.7799999713897705,3.6600000858306885,3.6600000858306885,75100,0.0,0.0
2012-11-20 00:00:00-05:00,3.6500000953674316,3.6500000953674316,3.380000114440918,3.4000000953674316,144500,0.0,0.0
2012-11-21 00:00:00-05:00,3.4000000953674316,3.5899999141693115,3.309999942779541,3.5199999809265137,143400,0.0,0.0
2012-11-23 00:00:00-05:00,3.5399999618530273,3.759999990463257,3.4700000286102295,3.740000009536743,122000,0.0,0.0
2012-11-26 00:00:00-05:00,3.7300000190734863,3.7300000190734863,3.569999933242798,3.690000057220459,109200,0.0,0.0
2012-11-27 00:00:00-05:00,3.700000047683716,3.7300000190734863,3.5999999046325684,3.700000047683716,175000,0.0,0.0
2012-11-28 00:00:00-05:00,3.5799999237060547,3.680000066757202,3.5299999713897705,3.6500000953674316,122500,0.0,0.0
2012-11-29 00:00:00-05:00,3.680000066757202,3.7100000381469727,3.509999990463257,3.609999895095825,202800,0.0,0.0
2012-11-30 00:00:00-05:00,3.5999999046325684,3.5999999046325684,3.450000047683716,3.490000009536743,177600,0.0,0.0
2012-12-03 00:00:00-05:00,3.450000047683716,3.5,3.319999933242798,3.380000114440918,159500,0.0,0.0
2012-12-04 00:00:00-05:00,3.359999895095825,3.5299999713897705,3.299999952316284,3.5299999713897705,174400,0.0,0.0
2012-12-05 00:00:00-05:00,3.490000009536743,3.509999990463257,3.359999895095825,3.4100000858306885,184200,0.0,0.0
2012-12-06 00:00:00-05:00,3.4000000953674316,3.430000066757202,3.3499999046325684,3.380000114440918,86900,0.0,0.0
2012-12-07 00:00:00-05:00,3.4200000762939453,3.430000066757202,3.359999895095825,3.390000104904175,75300,0.0,0.0
2012-12-10 00:00:00-05:00,3.390000104904175,3.549999952316284,3.359999895095825,3.5299999713897705,109200,0.0,0.0
2012-12-11 00:00:00-05:00,3.509999990463257,3.6500000953674316,3.4000000953674316,3.5,229000,0.0,0.0
2012-12-12 00:00:00-05:00,3.509999990463257,3.5399999618530273,3.4000000953674316,3.430000066757202,189600,0.0,0.0
2012-12-13 00:00:00-05:00,3.4100000858306885,3.4700000286102295,3.3499999046325684,3.4700000286102295,161200,0.0,0.0
2012-12-14 00:00:00-05:00,3.4600000381469727,3.490000009536743,3.380000114440918,3.440000057220459,92900,0.0,0.0
2012-12-17 00:00:00-05:00,3.4700000286102295,3.4800000190734863,3.380000114440918,3.450000047683716,209800,0.0,0.0
2012-12-18 00:00:00-05:00,3.450000047683716,3.5299999713897705,3.359999895095825,3.5299999713897705,186400,0.0,0.0
2012-12-19 00:00:00-05:00,3.4800000190734863,3.5299999713897705,3.4000000953674316,3.5299999713897705,226000,0.0,0.0
2012-12-20 00:00:00-05:00,3.4800000190734863,3.5299999713897705,3.4600000381469727,3.4800000190734863,102000,0.0,0.0
2012-12-21 00:00:00-05:00,3.440000057220459,3.440000057220459,3.359999895095825,3.4100000858306885,199800,0.0,0.0
2012-12-24 00:00:00-05:00,3.380000114440918,3.4100000858306885,3.3299999237060547,3.359999895095825,87000,0.0,0.0
2012-12-26 00:00:00-05:00,3.3499999046325684,3.4700000286102295,3.3399999141693115,3.380000114440918,110500,0.0,0.0
2012-12-27 00:00:00-05:00,3.3499999046325684,3.380000114440918,3.240000009536743,3.299999952316284,268700,0.0,0.0
2012-12-28 00:00:00-05:00,3.259999990463257,3.299999952316284,3.1500000953674316,3.200000047683716,217400,0.0,0.0
2012-12-31 00:00:00-05:00,3.109999895095825,3.200000047683716,3.0799999237060547,3.1600000858306885,336500,0.0,0.0
2013-01-02 00:00:00-05:00,3.259999990463257,3.4100000858306885,3.259999990463257,3.3299999237060547,255800,0.0,0.0
2013-01-03 00:00:00-05:00,3.299999952316284,3.380000114440918,3.2699999809265137,3.309999942779541,128700,0.0,0.0
2013-01-04 00:00:00-05:00,3.319999933242798,3.5399999618530273,3.2799999713897705,3.5399999618530273,146300,0.0,0.0
2013-01-07 00:00:00-05:00,3.5399999618530273,3.990000009536743,3.4800000190734863,3.9800000190734863,364200,0.0,0.0
2013-01-08 00:00:00-05:00,3.990000009536743,4.0,3.8299999237060547,3.9000000953674316,126600,0.0,0.0
2013-01-09 00:00:00-05:00,3.930000066757202,3.930000066757202,3.6700000762939453,3.9000000953674316,179200,0.0,0.0
2013-01-10 00:00:00-05:00,3.950000047683716,4.25,3.9000000953674316,4.099999904632568,608100,0.0,0.0
2013-01-11 00:00:00-05:00,4.139999866485596,4.260000228881836,3.9000000953674316,3.950000047683716,280200,0.0,0.0
2013-01-14 00:00:00-05:00,3.9800000190734863,4.130000114440918,3.930000066757202,3.990000009536743,171700,0.0,0.0
2013-01-15 00:00:00-05:00,3.9600000381469727,4.119999885559082,3.9100000858306885,4.019999980926514,150300,0.0,0.0
2013-01-16 00:00:00-05:00,4.039999961853027,4.050000190734863,3.869999885559082,3.930000066757202,171000,0.0,0.0
2013-01-17 00:00:00-05:00,3.930000066757202,4.039999961853027,3.9200000762939453,3.9700000286102295,216100,0.0,0.0
2013-01-18 00:00:00-05:00,4.059999942779541,4.139999866485596,3.9800000190734863,4.03000020980835,232700,0.0,0.0
2013-01-22 00:00:00-05:00,4.019999980926514,4.03000020980835,3.8299999237060547,3.880000114440918,207100,0.0,0.0
2013-01-23 00:00:00-05:00,3.869999885559082,3.869999885559082,3.6700000762939453,3.7300000190734863,115000,0.0,0.0
2013-01-24 00:00:00-05:00,3.7699999809265137,3.940000057220459,3.7100000381469727,3.859999895095825,484300,0.0,0.0
2013-01-25 00:00:00-05:00,3.8299999237060547,3.880000114440918,3.7100000381469727,3.7799999713897705,168800,0.0,0.0
2013-01-28 00:00:00-05:00,3.75,3.8499999046325684,3.6500000953674316,3.7200000286102295,204400,0.0,0.0
2013-01-29 00:00:00-05:00,3.700000047683716,3.799999952316284,3.559999942779541,3.640000104904175,216300,0.0,0.0
2013-01-30 00:00:00-05:00,3.740000009536743,3.759999990463257,3.5999999046325684,3.640000104904175,173700,0.0,0.0
2013-01-31 00:00:00-05:00,3.5999999046325684,3.630000114440918,3.490000009536743,3.5299999713897705,196500,0.0,0.0
2013-02-01 00:00:00-05:00,3.609999895095825,3.640000104904175,3.549999952316284,3.609999895095825,119900,0.0,0.0
2013-02-04 00:00:00-05:00,3.5999999046325684,3.5999999046325684,3.5,3.509999990463257,158100,0.0,0.0
2013-02-05 00:00:00-05:00,3.549999952316284,3.5899999141693115,3.509999990463257,3.549999952316284,109100,0.0,0.0
2013-02-06 00:00:00-05:00,3.5399999618530273,3.569999933242798,3.5,3.5399999618530273,133800,0.0,0.0
2013-02-07 00:00:00-05:00,3.5799999237060547,3.619999885559082,3.549999952316284,3.5999999046325684,269800,0.0,0.0
2013-02-08 00:00:00-05:00,3.609999895095825,3.7200000286102295,3.609999895095825,3.7200000286102295,268600,0.0,0.0
2013-02-11 00:00:00-05:00,3.740000009536743,3.7799999713897705,3.700000047683716,3.7200000286102295,242000,0.0,0.0
2013-02-12 00:00:00-05:00,3.75,3.75,3.619999885559082,3.640000104904175,265500,0.0,0.0
2013-02-13 00:00:00-05:00,3.6700000762939453,3.6700000762939453,3.5,3.5,225700,0.0,0.0
2013-02-14 00:00:00-05:00,3.5399999618530273,3.549999952316284,3.5,3.549999952316284,199100,0.0,0.0
2013-02-15 00:00:00-05:00,3.559999942779541,3.569999933242798,3.5,3.5,255200,0.0,0.0
2013-02-19 00:00:00-05:00,3.5,3.509999990463257,3.4200000762939453,3.440000057220459,271000,0.0,0.0
2013-02-20 00:00:00-05:00,3.4100000858306885,3.4600000381469727,3.259999990463257,3.319999933242798,596200,0.0,0.0
2013-02-21 00:00:00-05:00,3.25,3.3499999046325684,3.200000047683716,3.25,361500,0.0,0.0
2013-02-22 00:00:00-05:00,3.25,3.25,3.200000047683716,3.2100000381469727,139800,0.0,0.0
2013-02-25 00:00:00-05:00,3.2699999809265137,3.3299999237060547,3.1600000858306885,3.190000057220459,195800,0.0,0.0
2013-02-26 00:00:00-05:00,3.25,3.2699999809265137,3.190000057220459,3.25,175500,0.0,0.0
2013-02-27 00:00:00-05:00,3.259999990463257,3.3499999046325684,3.2200000286102295,3.2699999809265137,156400,0.0,0.0
2013-02-28 00:00:00-05:00,3.2699999809265137,3.2699999809265137,3.140000104904175,3.1700000762939453,233100,0.0,0.0
2013-03-01 00:00:00-05:00,3.1700000762939453,3.1700000762939453,3.0299999713897705,3.0999999046325684,244400,0.0,0.0
2013-03-04 00:00:00-05:00,3.119999885559082,3.119999885559082,2.680000066757202,2.680000066757202,595100,0.0,0.0
2013-03-05 00:00:00-05:00,2.799999952316284,2.880000114440918,2.6700000762939453,2.8499999046325684,393900,0.0,0.0
2013-03-06 00:00:00-05:00,2.8499999046325684,2.890000104904175,2.680000066757202,2.7899999618530273,182600,0.0,0.0
2013-03-07 00:00:00-05:00,2.8499999046325684,2.9100000858306885,2.8299999237060547,2.869999885559082,255100,0.0,0.0
2013-03-08 00:00:00-05:00,2.869999885559082,2.9800000190734863,2.8299999237060547,2.940000057220459,316800,0.0,0.0
2013-03-11 00:00:00-04:00,2.9800000190734863,3.119999885559082,2.950000047683716,3.0799999237060547,346700,0.0,0.0
2013-03-12 00:00:00-04:00,3.140000104904175,3.490000009536743,3.109999895095825,3.4000000953674316,832700,0.0,0.0
2013-03-13 00:00:00-04:00,3.4200000762939453,3.450000047683716,3.130000114440918,3.1500000953674316,167700,0.0,0.0
2013-03-14 00:00:00-04:00,3.180000066757202,3.2100000381469727,3.109999895095825,3.180000066757202,140400,0.0,0.0
2013-03-15 00:00:00-04:00,3.200000047683716,3.4200000762939453,3.180000066757202,3.4100000858306885,238500,0.0,0.0
2013-03-18 00:00:00-04:00,3.4800000190734863,3.630000114440918,3.299999952316284,3.369999885559082,268900,0.0,0.0
2013-03-19 00:00:00-04:00,3.359999895095825,3.380000114440918,3.2100000381469727,3.240000009536743,171100,0.0,0.0
2013-03-20 00:00:00-04:00,3.25,3.2899999618530273,3.190000057220459,3.25,559800,0.0,0.0
2013-03-21 00:00:00-04:00,3.259999990463257,3.2799999713897705,3.2300000190734863,3.2799999713897705,278700,0.0,0.0
2013-03-22 00:00:00-04:00,3.2899999618530273,3.309999942779541,3.2100000381469727,3.259999990463257,430100,0.0,0.0
2013-03-25 00:00:00-04:00,3.259999990463257,3.299999952316284,3.1700000762939453,3.299999952316284,421700,0.0,0.0
2013-03-26 00:00:00-04:00,3.259999990463257,3.299999952316284,3.1500000953674316,3.2699999809265137,289700,0.0,0.0
2013-03-27 00:00:00-04:00,3.25,3.380000114440918,3.2200000286102295,3.3299999237060547,314700,0.0,0.0
2013-03-28 00:00:00-04:00,3.3499999046325684,3.359999895095825,3.0799999237060547,3.1700000762939453,258400,0.0,0.0
2013-04-01 00:00:00-04:00,3.140000104904175,3.1700000762939453,3.059999942779541,3.0999999046325684,709800,0.0,0.0
2013-04-02 00:00:00-04:00,3.0999999046325684,3.119999885559082,2.930000066757202,3.059999942779541,782300,0.0,0.0
2013-04-03 00:00:00-04:00,3.009999990463257,3.069999933242798,2.9600000381469727,2.990000009536743,355000,0.0,0.0
2013-04-04 00:00:00-04:00,3.009999990463257,3.0399999618530273,2.9100000858306885,2.9100000858306885,306700,0.0,0.0
2013-04-05 00:00:00-04:00,2.890000104904175,2.940000057220459,2.809999942779541,2.890000104904175,152900,0.0,0.0
2013-04-08 00:00:00-04:00,2.859999895095825,3.0,2.819999933242798,2.9100000858306885,124000,0.0,0.0
2013-04-09 00:00:00-04:00,2.9200000762939453,2.930000066757202,2.8299999237060547,2.8299999237060547,161300,0.0,0.0
2013-04-10 00:00:00-04:00,2.8399999141693115,2.9000000953674316,2.759999990463257,2.819999933242798,177200,0.0,0.0
2013-04-11 00:00:00-04:00,2.869999885559082,2.9100000858306885,2.809999942779541,2.8399999141693115,188100,0.0,0.0
2013-04-12 00:00:00-04:00,2.809999942779541,2.8399999141693115,2.680000066757202,2.700000047683716,339000,0.0,0.0
2013-04-15 00:00:00-04:00,2.640000104904175,2.6500000953674316,2.4000000953674316,2.5399999618530273,884700,0.0,0.0
2013-04-16 00:00:00-04:00,2.5899999141693115,2.640000104904175,2.450000047683716,2.5,331200,0.0,0.0
2013-04-17 00:00:00-04:00,2.4700000286102295,2.5799999237060547,2.3299999237060547,2.3499999046325684,523300,0.0,0.0
2013-04-18 00:00:00-04:00,2.3499999046325684,2.5199999809265137,2.2699999809265137,2.299999952316284,558600,0.0,0.0
2013-04-19 00:00:00-04:00,2.440000057220459,2.490000009536743,2.319999933242798,2.4000000953674316,186300,0.0,0.0
2013-04-22 00:00:00-04:00,2.440000057220459,2.450000047683716,2.319999933242798,2.369999885559082,256100,0.0,0.0
2013-04-23 00:00:00-04:00,2.359999895095825,2.450000047683716,2.3399999141693115,2.390000104904175,218500,0.0,0.0
2013-04-24 00:00:00-04:00,2.380000114440918,2.5799999237060547,2.380000114440918,2.559999942779541,365100,0.0,0.0
2013-04-25 00:00:00-04:00,2.640000104904175,2.9000000953674316,2.5999999046325684,2.7100000381469727,765300,0.0,0.0
2013-04-26 00:00:00-04:00,2.7100000381469727,2.7200000286102295,2.640000104904175,2.6600000858306885,222300,0.0,0.0
2013-04-29 00:00:00-04:00,2.619999885559082,2.6700000762939453,2.559999942779541,2.5999999046325684,369800,0.0,0.0
2013-04-30 00:00:00-04:00,2.5999999046325684,2.640000104904175,2.450000047683716,2.619999885559082,472700,0.0,0.0
2013-05-01 00:00:00-04:00,2.5999999046325684,2.5999999046325684,2.4600000381469727,2.4600000381469727,211100,0.0,0.0
2013-05-02 00:00:00-04:00,2.450000047683716,2.5799999237060547,2.4200000762939453,2.5,186600,0.0,0.0
2013-05-03 00:00:00-04:00,2.509999990463257,2.609999895095825,2.490000009536743,2.559999942779541,130300,0.0,0.0
2013-05-06 00:00:00-04:00,2.549999952316284,2.619999885559082,2.490000009536743,2.5299999713897705,94600,0.0,0.0
2013-05-07 00:00:00-04:00,2.5399999618530273,2.549999952316284,2.4000000953674316,2.4200000762939453,154400,0.0,0.0
2013-05-08 00:00:00-04:00,2.4800000190734863,2.549999952316284,2.390000104904175,2.4200000762939453,255100,0.0,0.0
2013-05-09 00:00:00-04:00,2.440000057220459,2.440000057220459,2.3299999237060547,2.4000000953674316,704200,0.0,0.0
2013-05-10 00:00:00-04:00,2.369999885559082,2.4000000953674316,2.3299999237060547,2.390000104904175,204400,0.0,0.0
2013-05-13 00:00:00-04:00,2.3499999046325684,2.390000104904175,2.3299999237060547,2.359999895095825,154800,0.0,0.0
2013-05-14 00:00:00-04:00,2.3299999237060547,2.359999895095825,2.25,2.299999952316284,247500,0.0,0.0
2013-05-15 00:00:00-04:00,2.2799999713897705,2.299999952316284,2.240000009536743,2.259999990463257,222800,0.0,0.0
2013-05-16 00:00:00-04:00,2.25,2.4000000953674316,2.0899999141693115,2.3299999237060547,174100,0.0,0.0
2013-05-17 00:00:00-04:00,2.369999885559082,2.369999885559082,2.240000009536743,2.25,143700,0.0,0.0
2013-05-20 00:00:00-04:00,2.25,2.4800000190734863,2.25,2.4000000953674316,116400,0.0,0.0
2013-05-21 00:00:00-04:00,2.4200000762939453,2.4200000762939453,2.309999942779541,2.309999942779541,181800,0.0,0.0
2013-05-22 00:00:00-04:00,2.359999895095825,2.380000114440918,2.299999952316284,2.309999942779541,132400,0.0,0.0
2013-05-23 00:00:00-04:00,2.2699999809265137,2.319999933242798,2.200000047683716,2.2200000286102295,164000,0.0,0.0
2013-05-24 00:00:00-04:00,2.240000009536743,2.299999952316284,2.1700000762939453,2.299999952316284,181100,0.0,0.0
2013-05-28 00:00:00-04:00,2.319999933242798,2.3299999237060547,2.25,2.2799999713897705,127700,0.0,0.0
2013-05-29 00:00:00-04:00,2.240000009536743,2.490000009536743,2.2100000381469727,2.4700000286102295,181400,0.0,0.0
2013-05-30 00:00:00-04:00,2.490000009536743,2.799999952316284,2.440000057220459,2.799999952316284,365500,0.0,0.0
2013-05-31 00:00:00-04:00,2.7699999809265137,2.819999933242798,2.619999885559082,2.619999885559082,317600,0.0,0.0
2013-06-03 00:00:00-04:00,2.5199999809265137,2.630000114440918,2.5,2.5299999713897705,182800,0.0,0.0
2013-06-04 00:00:00-04:00,2.5299999713897705,2.5899999141693115,2.450000047683716,2.5199999809265137,131000,0.0,0.0
2013-06-05 00:00:00-04:00,2.5299999713897705,2.6600000858306885,2.5299999713897705,2.609999895095825,152400,0.0,0.0
2013-06-06 00:00:00-04:00,2.6700000762939453,2.6700000762939453,2.569999933242798,2.5899999141693115,106500,0.0,0.0
2013-06-07 00:00:00-04:00,2.569999933242798,2.640000104904175,2.5199999809265137,2.5199999809265137,93300,0.0,0.0
2013-06-10 00:00:00-04:00,2.5899999141693115,2.5899999141693115,2.5199999809265137,2.5199999809265137,71700,0.0,0.0
2013-06-11 00:00:00-04:00,2.5199999809265137,2.5399999618530273,2.380000114440918,2.4200000762939453,99700,0.0,0.0
2013-06-12 00:00:00-04:00,2.440000057220459,2.4600000381469727,2.390000104904175,2.430000066757202,60800,0.0,0.0
2013-06-13 00:00:00-04:00,2.450000047683716,2.490000009536743,2.359999895095825,2.430000066757202,60800,0.0,0.0
2013-06-14 00:00:00-04:00,2.4200000762939453,2.5199999809265137,2.4000000953674316,2.430000066757202,77000,0.0,0.0
2013-06-17 00:00:00-04:00,2.430000066757202,2.4800000190734863,2.309999942779541,2.380000114440918,130900,0.0,0.0
2013-06-18 00:00:00-04:00,2.3499999046325684,2.369999885559082,2.299999952316284,2.3399999141693115,62300,0.0,0.0
2013-06-19 00:00:00-04:00,2.3299999237060547,2.4700000286102295,2.3299999237060547,2.369999885559082,49400,0.0,0.0
2013-06-20 00:00:00-04:00,2.2699999809265137,2.3499999046325684,2.200000047683716,2.200000047683716,176300,0.0,0.0
2013-06-21 00:00:00-04:00,2.2200000286102295,2.299999952316284,2.200000047683716,2.2100000381469727,167000,0.0,0.0
2013-06-24 00:00:00-04:00,2.190000057220459,2.2100000381469727,2.0299999713897705,2.059999942779541,274700,0.0,0.0
2013-06-25 00:00:00-04:00,2.0999999046325684,2.130000114440918,1.940000057220459,1.9700000286102295,221400,0.0,0.0
2013-06-26 00:00:00-04:00,1.9600000381469727,1.9600000381469727,1.850000023841858,1.940000057220459,277600,0.0,0.0
2013-06-27 00:00:00-04:00,1.9500000476837158,2.0899999141693115,1.9500000476837158,2.069999933242798,393400,0.0,0.0
2013-06-28 00:00:00-04:00,2.069999933242798,2.0999999046325684,1.9600000381469727,2.0899999141693115,175500,0.0,0.0
2013-07-01 00:00:00-04:00,2.069999933242798,2.130000114440918,2.059999942779541,2.0999999046325684,79100,0.0,0.0
2013-07-02 00:00:00-04:00,2.069999933242798,2.0899999141693115,2.0,2.0399999618530273,161600,0.0,0.0
2013-07-03 00:00:00-04:00,2.0299999713897705,2.0999999046325684,2.009999990463257,2.0199999809265137,29500,0.0,0.0
2013-07-05 00:00:00-04:00,2.0399999618530273,2.0399999618530273,1.940000057220459,2.0,131400,0.0,0.0
2013-07-08 00:00:00-04:00,2.009999990463257,2.069999933242798,2.0,2.0299999713897705,81000,0.0,0.0
2013-07-09 00:00:00-04:00,2.049999952316284,2.0799999237060547,2.0299999713897705,2.049999952316284,54300,0.0,0.0
2013-07-10 00:00:00-04:00,2.069999933242798,2.109999895095825,2.0399999618530273,2.069999933242798,46200,0.0,0.0
2013-07-11 00:00:00-04:00,2.119999885559082,2.2799999713897705,2.119999885559082,2.25,363000,0.0,0.0
2013-07-12 00:00:00-04:00,2.2200000286102295,2.2799999713897705,2.190000057220459,2.2799999713897705,116400,0.0,0.0
2013-07-15 00:00:00-04:00,2.2799999713897705,2.4000000953674316,2.2799999713897705,2.359999895095825,92300,0.0,0.0
2013-07-16 00:00:00-04:00,2.359999895095825,2.430000066757202,2.299999952316284,2.3499999046325684,113500,0.0,0.0
2013-07-17 00:00:00-04:00,2.4100000858306885,2.450000047683716,2.2899999618530273,2.3499999046325684,143200,0.0,0.0
2013-07-18 00:00:00-04:00,2.309999942779541,2.3499999046325684,2.2100000381469727,2.299999952316284,155400,0.0,0.0
2013-07-19 00:00:00-04:00,2.2899999618530273,2.450000047683716,2.25,2.450000047683716,110900,0.0,0.0
2013-07-22 00:00:00-04:00,2.450000047683716,2.609999895095825,2.430000066757202,2.5899999141693115,182300,0.0,0.0
2013-07-23 00:00:00-04:00,2.569999933242798,2.6500000953674316,2.490000009536743,2.6500000953674316,219000,0.0,0.0
2013-07-24 00:00:00-04:00,2.640000104904175,2.7300000190734863,2.5,2.549999952316284,182700,0.0,0.0
2013-07-25 00:00:00-04:00,2.569999933242798,2.5799999237060547,2.5,2.509999990463257,44700,0.0,0.0
2013-07-26 00:00:00-04:00,2.4600000381469727,2.6600000858306885,2.2699999809265137,2.4700000286102295,64300,0.0,0.0
2013-07-29 00:00:00-04:00,2.4600000381469727,2.5399999618530273,2.4200000762939453,2.5199999809265137,67500,0.0,0.0
2013-07-30 00:00:00-04:00,2.5299999713897705,2.5299999713897705,2.3499999046325684,2.4200000762939453,104700,0.0,0.0
2013-07-31 00:00:00-04:00,2.4000000953674316,2.4100000858306885,2.25,2.319999933242798,235600,0.0,0.0
2013-08-01 00:00:00-04:00,2.3399999141693115,2.380000114440918,2.25,2.299999952316284,73600,0.0,0.0
2013-08-02 00:00:00-04:00,2.299999952316284,2.299999952316284,2.119999885559082,2.1600000858306885,183200,0.0,0.0
2013-08-05 00:00:00-04:00,2.180000066757202,2.2799999713897705,2.180000066757202,2.2699999809265137,70100,0.0,0.0
2013-08-06 00:00:00-04:00,2.2200000286102295,2.2200000286102295,2.059999942779541,2.109999895095825,130000,0.0,0.0
2013-08-07 00:00:00-04:00,2.069999933242798,2.069999933242798,1.9800000190734863,2.0,232600,0.0,0.0
2013-08-08 00:00:00-04:00,2.0,2.119999885559082,2.0,2.0799999237060547,182100,0.0,0.0
2013-08-09 00:00:00-04:00,2.0899999141693115,2.0999999046325684,2.0399999618530273,2.0399999618530273,107300,0.0,0.0
2013-08-12 00:00:00-04:00,2.0799999237060547,2.180000066757202,2.0399999618530273,2.1600000858306885,264300,0.0,0.0
2013-08-13 00:00:00-04:00,2.180000066757202,2.180000066757202,2.049999952316284,2.0999999046325684,249700,0.0,0.0
2013-08-14 00:00:00-04:00,2.0799999237060547,2.200000047683716,2.0799999237060547,2.190000057220459,263500,0.0,0.0
2013-08-15 00:00:00-04:00,2.190000057220459,2.240000009536743,2.0799999237060547,2.1700000762939453,194200,0.0,0.0
2013-08-16 00:00:00-04:00,2.2300000190734863,2.2300000190734863,2.0999999046325684,2.0999999046325684,117300,0.0,0.0
2013-08-19 00:00:00-04:00,2.0999999046325684,2.2200000286102295,2.059999942779541,2.180000066757202,184400,0.0,0.0
2013-08-20 00:00:00-04:00,2.180000066757202,2.2100000381469727,2.1600000858306885,2.1600000858306885,69700,0.0,0.0
2013-08-21 00:00:00-04:00,2.1600000858306885,2.180000066757202,2.0399999618530273,2.0399999618530273,173800,0.0,0.0
2013-08-22 00:00:00-04:00,2.059999942779541,2.130000114440918,2.0199999809265137,2.059999942779541,138800,0.0,0.0
2013-08-23 00:00:00-04:00,2.0799999237060547,2.1500000953674316,2.069999933242798,2.119999885559082,100300,0.0,0.0
2013-08-26 00:00:00-04:00,2.180000066757202,2.190000057220459,1.909999966621399,2.1500000953674316,381900,0.0,0.0
2013-08-27 00:00:00-04:00,2.1700000762939453,2.190000057220459,2.049999952316284,2.0899999141693115,171800,0.0,0.0
2013-08-28 00:00:00-04:00,2.069999933242798,2.119999885559082,2.0399999618530273,2.0799999237060547,123000,0.0,0.0
2013-08-29 00:00:00-04:00,2.0299999713897705,2.0899999141693115,2.009999990463257,2.049999952316284,118300,0.0,0.0
2013-08-30 00:00:00-04:00,2.0399999618530273,2.049999952316284,1.9500000476837158,2.009999990463257,370600,0.0,0.0
2013-09-03 00:00:00-04:00,2.0199999809265137,2.0999999046325684,2.009999990463257,2.0899999141693115,123200,0.0,0.0
2013-09-04 00:00:00-04:00,2.069999933242798,2.2200000286102295,2.059999942779541,2.2100000381469727,368300,0.0,0.0
2013-09-05 00:00:00-04:00,2.200000047683716,2.240000009536743,2.0999999046325684,2.109999895095825,97800,0.0,0.0
2013-09-06 00:00:00-04:00,2.140000104904175,2.2200000286102295,2.140000104904175,2.180000066757202,152900,0.0,0.0
2013-09-09 00:00:00-04:00,2.2100000381469727,2.359999895095825,2.1500000953674316,2.3299999237060547,166900,0.0,0.0
2013-09-10 00:00:00-04:00,2.299999952316284,2.3499999046325684,2.2300000190734863,2.2799999713897705,228700,0.0,0.0
2013-09-11 00:00:00-04:00,2.259999990463257,2.2899999618530273,2.190000057220459,2.2799999713897705,97400,0.0,0.0
2013-09-12 00:00:00-04:00,2.2100000381469727,2.25,2.200000047683716,2.2200000286102295,67300,0.0,0.0
2013-09-13 00:00:00-04:00,2.2100000381469727,2.309999942779541,2.1700000762939453,2.2200000286102295,80200,0.0,0.0
2013-09-16 00:00:00-04:00,1.659999966621399,1.659999966621399,1.3300000429153442,1.4900000095367432,4131200,0.0,0.0
2013-09-17 00:00:00-04:00,1.4900000095367432,1.5,1.4500000476837158,1.5,569900,0.0,0.0
2013-09-18 00:00:00-04:00,1.4800000190734863,1.5499999523162842,1.4500000476837158,1.5299999713897705,511300,0.0,0.0
2013-09-19 00:00:00-04:00,1.5099999904632568,1.5199999809265137,1.4500000476837158,1.5,588000,0.0,0.0
2013-09-20 00:00:00-04:00,1.5,1.5,1.3600000143051147,1.3799999952316284,676600,0.0,0.0
2013-09-23 00:00:00-04:00,1.440000057220459,1.440000057220459,1.3200000524520874,1.340000033378601,378400,0.0,0.0
2013-09-24 00:00:00-04:00,1.3200000524520874,1.409999966621399,1.309999942779541,1.350000023841858,273200,0.0,0.0
2013-09-25 00:00:00-04:00,1.3600000143051147,1.4199999570846558,1.350000023841858,1.3899999856948853,209300,0.0,0.0
2013-09-26 00:00:00-04:00,1.4199999570846558,1.4900000095367432,1.4199999570846558,1.440000057220459,169200,0.0,0.0
2013-09-27 00:00:00-04:00,1.4800000190734863,1.4900000095367432,1.4500000476837158,1.4500000476837158,116600,0.0,0.0
2013-09-30 00:00:00-04:00,1.4700000286102295,1.4800000190734863,1.4500000476837158,1.4600000381469727,211100,0.0,0.0
2013-10-01 00:00:00-04:00,1.4800000190734863,1.690000057220459,1.4800000190734863,1.6399999856948853,682400,0.0,0.0
2013-10-02 00:00:00-04:00,1.6200000047683716,1.9299999475479126,1.6200000047683716,1.7699999809265137,784200,0.0,0.0
2013-10-03 00:00:00-04:00,1.809999942779541,1.809999942779541,1.649999976158142,1.659999966621399,320100,0.0,0.0
2013-10-04 00:00:00-04:00,1.6699999570846558,1.7200000286102295,1.5,1.6100000143051147,391300,0.0,0.0
2013-10-07 00:00:00-04:00,1.590000033378601,1.6100000143051147,1.5299999713897705,1.5499999523162842,191400,0.0,0.0
2013-10-08 00:00:00-04:00,1.5299999713897705,1.559999942779541,1.4600000381469727,1.4700000286102295,230000,0.0,0.0
2013-10-09 00:00:00-04:00,1.4600000381469727,1.5,1.440000057220459,1.4700000286102295,167200,0.0,0.0
2013-10-10 00:00:00-04:00,1.4800000190734863,1.5499999523162842,1.4700000286102295,1.4700000286102295,190100,0.0,0.0
2013-10-11 00:00:00-04:00,1.4600000381469727,1.5099999904632568,1.4299999475479126,1.4299999475479126,106500,0.0,0.0
2013-10-14 00:00:00-04:00,1.4299999475479126,1.5099999904632568,1.4299999475479126,1.4299999475479126,118700,0.0,0.0
2013-10-15 00:00:00-04:00,1.440000057220459,1.5,1.4199999570846558,1.440000057220459,245400,0.0,0.0
2013-10-16 00:00:00-04:00,1.4299999475479126,1.5,1.409999966621399,1.4299999475479126,127500,0.0,0.0
2013-10-17 00:00:00-04:00,1.4500000476837158,1.5199999809265137,1.4500000476837158,1.4800000190734863,124100,0.0,0.0
2013-10-18 00:00:00-04:00,1.4900000095367432,1.5,1.4299999475479126,1.4700000286102295,131200,0.0,0.0
2013-10-21 00:00:00-04:00,1.4800000190734863,1.4800000190734863,1.4299999475479126,1.4299999475479126,75200,0.0,0.0
2013-10-22 00:00:00-04:00,1.4700000286102295,1.4900000095367432,1.4299999475479126,1.4900000095367432,103100,0.0,0.0
2013-10-23 00:00:00-04:00,1.4800000190734863,1.4900000095367432,1.4299999475479126,1.4900000095367432,123600,0.0,0.0
2013-10-24 00:00:00-04:00,1.4900000095367432,1.6100000143051147,1.4900000095367432,1.5700000524520874,204300,0.0,0.0
2013-10-25 00:00:00-04:00,1.559999942779541,1.559999942779541,1.4800000190734863,1.5,149300,0.0,0.0
2013-10-28 00:00:00-04:00,1.4800000190734863,1.4800000190734863,1.4299999475479126,1.440000057220459,266800,0.0,0.0
2013-10-29 00:00:00-04:00,1.4500000476837158,1.4700000286102295,1.399999976158142,1.4299999475479126,267000,0.0,0.0
2013-10-30 00:00:00-04:00,1.440000057220459,1.440000057220459,1.3600000143051147,1.3899999856948853,258600,0.0,0.0
2013-10-31 00:00:00-04:00,1.3700000047683716,1.399999976158142,1.350000023841858,1.350000023841858,179100,0.0,0.0
2013-11-01 00:00:00-04:00,1.350000023841858,1.350000023841858,1.3300000429153442,1.350000023841858,165200,0.0,0.0
2013-11-04 00:00:00-05:00,1.350000023841858,1.350000023841858,1.2599999904632568,1.340000033378601,284600,0.0,0.0
2013-11-05 00:00:00-05:00,1.3300000429153442,1.3799999952316284,1.2899999618530273,1.3600000143051147,258500,0.0,0.0
2013-11-06 00:00:00-05:00,1.3600000143051147,1.409999966621399,1.350000023841858,1.3899999856948853,325400,0.0,0.0
2013-11-07 00:00:00-05:00,1.3799999952316284,1.3899999856948853,1.340000033378601,1.350000023841858,161100,0.0,0.0
2013-11-08 00:00:00-05:00,1.350000023841858,1.3700000047683716,1.309999942779541,1.340000033378601,111000,0.0,0.0
2013-11-11 00:00:00-05:00,1.3300000429153442,1.399999976158142,1.3200000524520874,1.350000023841858,65400,0.0,0.0
2013-11-12 00:00:00-05:00,1.3700000047683716,1.3899999856948853,1.2999999523162842,1.340000033378601,192200,0.0,0.0
2013-11-13 00:00:00-05:00,1.3600000143051147,1.3899999856948853,1.3200000524520874,1.3200000524520874,119600,0.0,0.0
2013-11-14 00:00:00-05:00,1.340000033378601,1.3600000143051147,1.2999999523162842,1.2999999523162842,210700,0.0,0.0
2013-11-15 00:00:00-05:00,1.2999999523162842,1.3200000524520874,1.2300000190734863,1.2300000190734863,438200,0.0,0.0
2013-11-18 00:00:00-05:00,1.2300000190734863,1.2999999523162842,1.2300000190734863,1.2599999904632568,310100,0.0,0.0
2013-11-19 00:00:00-05:00,1.2400000095367432,1.2799999713897705,1.2000000476837158,1.2100000381469727,158100,0.0,0.0
2013-11-20 00:00:00-05:00,1.190000057220459,1.2000000476837158,1.059999942779541,1.100000023841858,519300,0.0,0.0
2013-11-21 00:00:00-05:00,1.090000033378601,1.1299999952316284,1.0700000524520874,1.1299999952316284,442500,0.0,0.0
2013-11-22 00:00:00-05:00,1.1200000047683716,1.159999966621399,1.100000023841858,1.100000023841858,453400,0.0,0.0
2013-11-25 00:00:00-05:00,1.100000023841858,1.149999976158142,1.100000023841858,1.1100000143051147,235400,0.0,0.0
2013-11-26 00:00:00-05:00,1.1200000047683716,1.2100000381469727,1.090000033378601,1.149999976158142,1157100,0.0,0.0
2013-11-27 00:00:00-05:00,1.1799999475479126,1.2100000381469727,1.149999976158142,1.149999976158142,136300,0.0,0.0
2013-11-29 00:00:00-05:00,1.1799999475479126,1.190000057220459,1.159999966621399,1.1799999475479126,134700,0.0,0.0
2013-12-02 00:00:00-05:00,1.149999976158142,1.190000057220459,1.1299999952316284,1.1299999952316284,185700,0.0,0.0
2013-12-03 00:00:00-05:00,1.1299999952316284,1.159999966621399,1.100000023841858,1.1200000047683716,266100,0.0,0.0
2013-12-04 00:00:00-05:00,1.1299999952316284,1.1699999570846558,1.100000023841858,1.1100000143051147,190600,0.0,0.0
2013-12-05 00:00:00-05:00,1.1299999952316284,1.1399999856948853,1.100000023841858,1.1399999856948853,260800,0.0,0.0
2013-12-06 00:00:00-05:00,1.159999966621399,1.159999966621399,1.1299999952316284,1.1299999952316284,122100,0.0,0.0
2013-12-09 00:00:00-05:00,1.1200000047683716,1.149999976158142,1.1200000047683716,1.1200000047683716,99900,0.0,0.0
2013-12-10 00:00:00-05:00,1.159999966621399,1.1799999475479126,1.100000023841858,1.1299999952316284,258600,0.0,0.0
2013-12-11 00:00:00-05:00,1.1100000143051147,1.1299999952316284,1.0499999523162842,1.090000033378601,515500,0.0,0.0
2013-12-12 00:00:00-05:00,1.090000033378601,1.1200000047683716,1.0,1.0299999713897705,628000,0.0,0.0
2013-12-13 00:00:00-05:00,1.059999942779541,1.159999966621399,1.059999942779541,1.1399999856948853,489400,0.0,0.0
2013-12-16 00:00:00-05:00,1.1799999475479126,1.2899999618530273,1.1699999570846558,1.2300000190734863,462600,0.0,0.0
2013-12-17 00:00:00-05:00,1.2400000095367432,1.2699999809265137,1.2100000381469727,1.2699999809265137,168100,0.0,0.0
2013-12-18 00:00:00-05:00,1.2699999809265137,1.3300000429153442,1.2000000476837158,1.2999999523162842,235100,0.0,0.0
2013-12-19 00:00:00-05:00,1.2999999523162842,1.3899999856948853,1.2799999713897705,1.3600000143051147,464400,0.0,0.0
2013-12-20 00:00:00-05:00,1.3600000143051147,1.6799999475479126,1.3600000143051147,1.6299999952316284,1121000,0.0,0.0
2013-12-23 00:00:00-05:00,1.5,1.649999976158142,1.2699999809265137,1.340000033378601,1856000,0.0,0.0
2013-12-24 00:00:00-05:00,1.309999942779541,1.3600000143051147,1.2999999523162842,1.3300000429153442,338500,0.0,0.0
2013-12-26 00:00:00-05:00,1.3300000429153442,1.350000023841858,1.2000000476837158,1.2000000476837158,446000,0.0,0.0
2013-12-27 00:00:00-05:00,1.2999999523162842,1.2999999523162842,1.2200000286102295,1.2200000286102295,413700,0.0,0.0
2013-12-30 00:00:00-05:00,1.2200000286102295,1.2999999523162842,1.2200000286102295,1.2599999904632568,440500,0.0,0.0
2013-12-31 00:00:00-05:00,1.2999999523162842,1.3300000429153442,1.2799999713897705,1.2799999713897705,299100,0.0,0.0
2014-01-02 00:00:00-05:00,1.2999999523162842,1.3799999952316284,1.2999999523162842,1.350000023841858,277900,0.0,0.0
2014-01-03 00:00:00-05:00,1.350000023841858,1.4800000190734863,1.350000023841858,1.4299999475479126,340500,0.0,0.0
2014-01-06 00:00:00-05:00,1.4299999475479126,1.4600000381469727,1.3799999952316284,1.3799999952316284,201900,0.0,0.0
2014-01-07 00:00:00-05:00,1.3799999952316284,1.399999976158142,1.3300000429153442,1.3300000429153442,162400,0.0,0.0
2014-01-08 00:00:00-05:00,1.350000023841858,1.3600000143051147,1.2799999713897705,1.3300000429153442,213000,0.0,0.0
2014-01-09 00:00:00-05:00,1.309999942779541,1.3300000429153442,1.2899999618530273,1.309999942779541,98900,0.0,0.0
2014-01-10 00:00:00-05:00,1.2799999713897705,1.340000033378601,1.2699999809265137,1.340000033378601,226800,0.0,0.0
2014-01-13 00:00:00-05:00,1.3300000429153442,1.399999976158142,1.3200000524520874,1.399999976158142,292000,0.0,0.0
2014-01-14 00:00:00-05:00,1.399999976158142,1.4299999475479126,1.3799999952316284,1.399999976158142,218000,0.0,0.0
2014-01-15 00:00:00-05:00,1.3899999856948853,1.399999976158142,1.3600000143051147,1.3799999952316284,204200,0.0,0.0
2014-01-16 00:00:00-05:00,1.3799999952316284,1.399999976158142,1.340000033378601,1.3899999856948853,243000,0.0,0.0
2014-01-17 00:00:00-05:00,1.399999976158142,1.409999966621399,1.3799999952316284,1.3899999856948853,472400,0.0,0.0
2014-01-21 00:00:00-05:00,1.3899999856948853,1.399999976158142,1.340000033378601,1.3799999952316284,408200,0.0,0.0
2014-01-22 00:00:00-05:00,1.399999976158142,1.399999976158142,1.3300000429153442,1.3799999952316284,142600,0.0,0.0
2014-01-23 00:00:00-05:00,1.3300000429153442,1.440000057220459,1.309999942779541,1.3700000047683716,713600,0.0,0.0
2014-01-24 00:00:00-05:00,1.350000023841858,1.399999976158142,1.2999999523162842,1.3799999952316284,315200,0.0,0.0
2014-01-27 00:00:00-05:00,1.3799999952316284,1.3899999856948853,1.340000033378601,1.3700000047683716,145300,0.0,0.0
2014-01-28 00:00:00-05:00,1.3600000143051147,1.399999976158142,1.340000033378601,1.3899999856948853,157200,0.0,0.0
2014-01-29 00:00:00-05:00,1.399999976158142,1.4199999570846558,1.3600000143051147,1.409999966621399,89600,0.0,0.0
2014-01-30 00:00:00-05:00,1.399999976158142,1.399999976158142,1.3700000047683716,1.3799999952316284,133900,0.0,0.0
2014-01-31 00:00:00-05:00,1.3600000143051147,1.3799999952316284,1.340000033378601,1.350000023841858,185500,0.0,0.0
2014-02-03 00:00:00-05:00,1.340000033378601,1.3799999952316284,1.2599999904632568,1.2999999523162842,407400,0.0,0.0
2014-02-04 00:00:00-05:00,1.3200000524520874,1.3300000429153442,1.2799999713897705,1.2999999523162842,218800,0.0,0.0
2014-02-05 00:00:00-05:00,1.3200000524520874,1.3200000524520874,1.2599999904632568,1.2899999618530273,197700,0.0,0.0
2014-02-06 00:00:00-05:00,1.25,1.2999999523162842,1.25,1.2799999713897705,654900,0.0,0.0
2014-02-07 00:00:00-05:00,1.2699999809265137,1.309999942779541,1.2599999904632568,1.2699999809265137,238100,0.0,0.0
2014-02-10 00:00:00-05:00,1.2699999809265137,1.3899999856948853,1.2699999809265137,1.350000023841858,399400,0.0,0.0
2014-02-11 00:00:00-05:00,1.340000033378601,1.409999966621399,1.309999942779541,1.3899999856948853,218100,0.0,0.0
2014-02-12 00:00:00-05:00,1.399999976158142,1.409999966621399,1.3700000047683716,1.3899999856948853,213300,0.0,0.0
2014-02-13 00:00:00-05:00,1.3700000047683716,1.409999966621399,1.3600000143051147,1.399999976158142,240100,0.0,0.0
2014-02-14 00:00:00-05:00,1.409999966621399,1.4600000381469727,1.3899999856948853,1.4500000476837158,400600,0.0,0.0
2014-02-18 00:00:00-05:00,1.4800000190734863,1.6799999475479126,1.4600000381469727,1.6399999856948853,712000,0.0,0.0
2014-02-19 00:00:00-05:00,1.659999966621399,1.7000000476837158,1.600000023841858,1.6200000047683716,610900,0.0,0.0
2014-02-20 00:00:00-05:00,1.600000023841858,1.6299999952316284,1.5700000524520874,1.6100000143051147,148100,0.0,0.0
2014-02-21 00:00:00-05:00,1.600000023841858,1.6100000143051147,1.5099999904632568,1.5099999904632568,325500,0.0,0.0
2014-02-24 00:00:00-05:00,1.559999942779541,1.6200000047683716,1.5199999809265137,1.5399999618530273,211900,0.0,0.0
2014-02-25 00:00:00-05:00,1.5199999809265137,1.5299999713897705,1.4800000190734863,1.5,270700,0.0,0.0
2014-02-26 00:00:00-05:00,1.4800000190734863,1.5,1.4700000286102295,1.4900000095367432,91800,0.0,0.0
2014-02-27 00:00:00-05:00,1.5,1.5099999904632568,1.4700000286102295,1.4900000095367432,84000,0.0,0.0
2014-02-28 00:00:00-05:00,1.4700000286102295,1.4800000190734863,0.9599999785423279,1.0,1925100,0.0,0.0
2014-03-03 00:00:00-05:00,1.0,1.0199999809265137,0.8100000023841858,0.8399999737739563,3078700,0.0,0.0
2014-03-04 00:00:00-05:00,0.8700000047683716,1.0099999904632568,0.800000011920929,0.9800000190734863,1258600,0.0,0.0
2014-03-05 00:00:00-05:00,0.9900000095367432,1.0,0.9300000071525574,0.9900000095367432,510200,0.0,0.0
2014-03-06 00:00:00-05:00,0.9599999785423279,1.0199999809265137,0.9599999785423279,0.9700000286102295,354600,0.0,0.0
2014-03-07 00:00:00-05:00,0.9700000286102295,0.9800000190734863,0.9300000071525574,0.949999988079071,201100,0.0,0.0
2014-03-10 00:00:00-04:00,0.9599999785423279,0.9800000190734863,0.9200000166893005,0.949999988079071,236200,0.0,0.0
2014-03-11 00:00:00-04:00,0.9399999976158142,0.9599999785423279,0.9100000262260437,0.9100000262260437,273400,0.0,0.0
2014-03-12 00:00:00-04:00,0.9200000166893005,0.9599999785423279,0.9100000262260437,0.9399999976158142,363000,0.0,0.0
2014-03-13 00:00:00-04:00,0.9399999976158142,0.9800000190734863,0.8999999761581421,0.9800000190734863,253900,0.0,0.0
2014-03-14 00:00:00-04:00,0.9900000095367432,1.0,0.9399999976158142,0.9800000190734863,142400,0.0,0.0
2014-03-17 00:00:00-04:00,0.9599999785423279,1.0399999618530273,0.9599999785423279,0.9700000286102295,476100,0.0,0.0
2014-03-18 00:00:00-04:00,0.9599999785423279,0.9900000095367432,0.949999988079071,0.949999988079071,109600,0.0,0.0
2014-03-19 00:00:00-04:00,0.949999988079071,0.9700000286102295,0.9100000262260437,0.9200000166893005,141600,0.0,0.0
2014-03-20 00:00:00-04:00,0.9300000071525574,0.949999988079071,0.9100000262260437,0.9300000071525574,105000,0.0,0.0
2014-03-21 00:00:00-04:00,0.9300000071525574,1.100000023841858,0.9300000071525574,1.100000023841858,539700,0.0,0.0
2014-03-24 00:00:00-04:00,1.0800000429153442,1.0800000429153442,0.949999988079071,0.9700000286102295,408700,0.0,0.0
2014-03-25 00:00:00-04:00,0.9700000286102295,1.0199999809265137,0.949999988079071,1.0,148600,0.0,0.0
2014-03-26 00:00:00-04:00,1.0,1.0,0.9599999785423279,0.9599999785423279,86100,0.0,0.0
2014-03-27 00:00:00-04:00,0.9599999785423279,0.9900000095367432,0.9599999785423279,0.9700000286102295,101800,0.0,0.0
2014-03-28 00:00:00-04:00,0.9700000286102295,1.0099999904632568,0.949999988079071,0.9700000286102295,39400,0.0,0.0
2014-03-31 00:00:00-04:00,1.0,1.0099999904632568,0.9700000286102295,0.9800000190734863,281900,0.0,0.0
2014-04-01 00:00:00-04:00,1.0,1.0,0.9700000286102295,1.0,59500,0.0,0.0
2014-04-02 00:00:00-04:00,1.0,1.0099999904632568,0.9800000190734863,0.9900000095367432,154400,0.0,0.0
2014-04-03 00:00:00-04:00,0.9900000095367432,0.9900000095367432,0.949999988079071,0.949999988079071,76000,0.0,0.0
2014-04-04 00:00:00-04:00,0.9700000286102295,0.9700000286102295,0.949999988079071,0.949999988079071,57500,0.0,0.0
2014-04-07 00:00:00-04:00,0.9399999976158142,0.9399999976158142,0.8700000047683716,0.8799999952316284,672500,0.0,0.0
2014-04-08 00:00:00-04:00,0.8799999952316284,0.9200000166893005,0.8600000143051147,0.8999999761581421,163900,0.0,0.0
2014-04-09 00:00:00-04:00,0.8700000047683716,0.9100000262260437,0.8500000238418579,0.8700000047683716,133700,0.0,0.0
2014-04-10 00:00:00-04:00,0.8600000143051147,0.8600000143051147,0.8199999928474426,0.8299999833106995,259000,0.0,0.0
2014-04-11 00:00:00-04:00,0.8299999833106995,0.8500000238418579,0.8100000023841858,0.8299999833106995,194000,0.0,0.0
2014-04-14 00:00:00-04:00,0.8199999928474426,0.8399999737739563,0.7599999904632568,0.7699999809265137,295000,0.0,0.0
2014-04-15 00:00:00-04:00,0.7599999904632568,0.800000011920929,0.75,0.7699999809265137,247700,0.0,0.0
2014-04-16 00:00:00-04:00,0.7799999713897705,0.800000011920929,0.7599999904632568,0.7799999713897705,115600,0.0,0.0
2014-04-17 00:00:00-04:00,0.7900000214576721,0.8500000238418579,0.7699999809265137,0.8500000238418579,121300,0.0,0.0
2014-04-21 00:00:00-04:00,0.8500000238418579,0.8600000143051147,0.8100000023841858,0.8299999833106995,66100,0.0,0.0
2014-04-22 00:00:00-04:00,0.8199999928474426,0.8399999737739563,0.8100000023841858,0.8399999737739563,87500,0.0,0.0
2014-04-23 00:00:00-04:00,0.8299999833106995,0.8500000238418579,0.8100000023841858,0.8500000238418579,48800,0.0,0.0
2014-04-24 00:00:00-04:00,0.8399999737739563,0.8500000238418579,0.8100000023841858,0.8199999928474426,46500,0.0,0.0
2014-04-25 00:00:00-04:00,0.8199999928474426,0.8199999928474426,0.7900000214576721,0.800000011920929,60300,0.0,0.0
2014-04-28 00:00:00-04:00,0.800000011920929,0.8299999833106995,0.7900000214576721,0.7900000214576721,38900,0.0,0.0
2014-04-29 00:00:00-04:00,0.7900000214576721,0.8100000023841858,0.7699999809265137,0.7799999713897705,99800,0.0,0.0
2014-04-30 00:00:00-04:00,0.7699999809265137,0.800000011920929,0.7599999904632568,0.7699999809265137,100500,0.0,0.0
2014-05-01 00:00:00-04:00,0.7799999713897705,0.7900000214576721,0.75,0.75,332900,0.0,0.0
2014-05-02 00:00:00-04:00,0.75,0.7699999809265137,0.6700000166893005,0.6899999976158142,761600,0.0,0.0
2014-05-05 00:00:00-04:00,0.699999988079071,0.7099999785423279,0.6600000262260437,0.6800000071525574,137500,0.0,0.0
2014-05-06 00:00:00-04:00,0.6600000262260437,0.6800000071525574,0.6399999856948853,0.6700000166893005,435800,0.0,0.0
2014-05-07 00:00:00-04:00,0.6499999761581421,0.6700000166893005,0.6399999856948853,0.6499999761581421,205000,0.0,0.0
2014-05-08 00:00:00-04:00,0.6600000262260437,0.6600000262260437,0.6399999856948853,0.6499999761581421,113400,0.0,0.0
2014-05-09 00:00:00-04:00,0.6299999952316284,0.6700000166893005,0.6100000143051147,0.6100000143051147,146400,0.0,0.0
2014-05-12 00:00:00-04:00,0.6499999761581421,0.6499999761581421,0.6200000047683716,0.6200000047683716,116100,0.0,0.0
2014-05-13 00:00:00-04:00,0.6200000047683716,0.6899999976158142,0.6100000143051147,0.6499999761581421,348900,0.0,0.0
2014-05-14 00:00:00-04:00,0.6899999976158142,0.6899999976158142,0.6700000166893005,0.6700000166893005,188600,0.0,0.0
2014-05-15 00:00:00-04:00,0.6700000166893005,0.699999988079071,0.6700000166893005,0.699999988079071,230700,0.0,0.0
2014-05-16 00:00:00-04:00,0.699999988079071,0.7300000190734863,0.6700000166893005,0.7300000190734863,85300,0.0,0.0
2014-05-19 00:00:00-04:00,0.7300000190734863,0.8500000238418579,0.7300000190734863,0.7900000214576721,231900,0.0,0.0
2014-05-20 00:00:00-04:00,0.7900000214576721,0.8299999833106995,0.7599999904632568,0.7799999713897705,52500,0.0,0.0
2014-05-21 00:00:00-04:00,0.8100000023841858,0.8100000023841858,0.7699999809265137,0.7900000214576721,60100,0.0,0.0
2014-05-22 00:00:00-04:00,0.8199999928474426,0.8399999737739563,0.7900000214576721,0.8299999833106995,122800,0.0,0.0
2014-05-23 00:00:00-04:00,0.7799999713897705,0.8100000023841858,0.7699999809265137,0.8100000023841858,113700,0.0,0.0
2014-05-27 00:00:00-04:00,0.7900000214576721,0.800000011920929,0.7799999713897705,0.7799999713897705,133300,0.0,0.0
2014-05-28 00:00:00-04:00,0.7799999713897705,0.800000011920929,0.7699999809265137,0.7799999713897705,66500,0.0,0.0
2014-05-29 00:00:00-04:00,0.7699999809265137,0.7799999713897705,0.7400000095367432,0.7400000095367432,133200,0.0,0.0
2014-05-30 00:00:00-04:00,0.7400000095367432,0.75,0.7099999785423279,0.7300000190734863,84800,0.0,0.0
2014-06-02 00:00:00-04:00,0.7200000286102295,0.75,0.7200000286102295,0.7300000190734863,33800,0.0,0.0
2014-06-03 00:00:00-04:00,0.7300000190734863,0.7400000095367432,0.7300000190734863,0.7300000190734863,72200,0.0,0.0
2014-06-04 00:00:00-04:00,0.7400000095367432,0.7599999904632568,0.7300000190734863,0.7599999904632568,60000,0.0,0.0
2014-06-05 00:00:00-04:00,0.7300000190734863,0.7699999809265137,0.7200000286102295,0.7200000286102295,112200,0.0,0.0
2014-06-06 00:00:00-04:00,0.7200000286102295,0.75,0.7200000286102295,0.7200000286102295,60900,0.0,0.0
2014-06-09 00:00:00-04:00,0.7400000095367432,0.8100000023841858,0.7200000286102295,0.800000011920929,84800,0.0,0.0
2014-06-10 00:00:00-04:00,0.8199999928474426,0.8299999833106995,0.7200000286102295,0.7799999713897705,318700,0.0,0.0
2014-06-11 00:00:00-04:00,0.7699999809265137,0.7799999713897705,0.7300000190734863,0.7400000095367432,55900,0.0,0.0
2014-06-12 00:00:00-04:00,0.75,0.7599999904632568,0.7200000286102295,0.75,220000,0.0,0.0
2014-06-13 00:00:00-04:00,0.7400000095367432,0.800000011920929,0.7400000095367432,0.7799999713897705,139100,0.0,0.0
2014-06-16 00:00:00-04:00,0.7900000214576721,0.8100000023841858,0.7400000095367432,0.7799999713897705,192800,0.0,0.0
2014-06-17 00:00:00-04:00,0.75,0.800000011920929,0.75,0.7900000214576721,45100,0.0,0.0
2014-06-18 00:00:00-04:00,0.8199999928474426,0.8399999737739563,0.7799999713897705,0.8100000023841858,97500,0.0,0.0
2014-06-19 00:00:00-04:00,0.8399999737739563,0.8600000143051147,0.8100000023841858,0.8299999833106995,115200,0.0,0.0
2014-06-20 00:00:00-04:00,0.8199999928474426,0.9100000262260437,0.8199999928474426,0.9100000262260437,553900,0.0,0.0
2014-06-23 00:00:00-04:00,0.8999999761581421,0.9100000262260437,0.8799999952316284,0.8799999952316284,474800,0.0,0.0
2014-06-24 00:00:00-04:00,0.8899999856948853,0.8899999856948853,0.7900000214576721,0.8100000023841858,62700,0.0,0.0
2014-06-25 00:00:00-04:00,0.7900000214576721,0.8700000047683716,0.7900000214576721,0.8299999833106995,529800,0.0,0.0
2014-06-26 00:00:00-04:00,0.8600000143051147,0.8600000143051147,0.8199999928474426,0.8299999833106995,100700,0.0,0.0
2014-06-27 00:00:00-04:00,0.8399999737739563,0.8700000047683716,0.800000011920929,0.8100000023841858,142800,0.0,0.0
2014-06-30 00:00:00-04:00,0.8399999737739563,0.8600000143051147,0.8299999833106995,0.8399999737739563,78700,0.0,0.0
2014-07-01 00:00:00-04:00,0.8500000238418579,0.8799999952316284,0.8299999833106995,0.8500000238418579,57000,0.0,0.0
2014-07-02 00:00:00-04:00,0.8500000238418579,0.8899999856948853,0.8500000238418579,0.8500000238418579,128100,0.0,0.0
2014-07-03 00:00:00-04:00,0.8700000047683716,0.8899999856948853,0.8100000023841858,0.8600000143051147,43000,0.0,0.0
2014-07-07 00:00:00-04:00,0.8500000238418579,0.8700000047683716,0.8299999833106995,0.8500000238418579,174500,0.0,0.0
2014-07-08 00:00:00-04:00,0.8500000238418579,0.8700000047683716,0.8399999737739563,0.8600000143051147,32900,0.0,0.0
2014-07-09 00:00:00-04:00,0.8799999952316284,0.8799999952316284,0.8399999737739563,0.8700000047683716,142800,0.0,0.0
2014-07-10 00:00:00-04:00,0.8399999737739563,0.8799999952316284,0.8299999833106995,0.8299999833106995,75800,0.0,0.0
2014-07-11 00:00:00-04:00,0.8399999737739563,0.8700000047683716,0.8399999737739563,0.8500000238418579,91500,0.0,0.0
2014-07-14 00:00:00-04:00,0.8399999737739563,0.8600000143051147,0.8299999833106995,0.8399999737739563,73600,0.0,0.0
2014-07-15 00:00:00-04:00,0.8399999737739563,0.8600000143051147,0.8299999833106995,0.8299999833106995,59000,0.0,0.0
2014-07-16 00:00:00-04:00,0.8299999833106995,0.8600000143051147,0.8199999928474426,0.8399999737739563,40300,0.0,0.0
2014-07-17 00:00:00-04:00,0.8299999833106995,0.8500000238418579,0.8199999928474426,0.8399999737739563,41100,0.0,0.0
2014-07-18 00:00:00-04:00,0.8500000238418579,0.8500000238418579,0.7799999713897705,0.7799999713897705,177000,0.0,0.0
2014-07-21 00:00:00-04:00,0.7799999713897705,0.8299999833106995,0.7799999713897705,0.7799999713897705,46900,0.0,0.0
2014-07-22 00:00:00-04:00,0.800000011920929,0.800000011920929,0.7799999713897705,0.800000011920929,37600,0.0,0.0
2014-07-23 00:00:00-04:00,0.800000011920929,0.800000011920929,0.7900000214576721,0.7900000214576721,67600,0.0,0.0
2014-07-24 00:00:00-04:00,0.7799999713897705,0.8500000238418579,0.7699999809265137,0.8299999833106995,610700,0.0,0.0
2014-07-25 00:00:00-04:00,0.8399999737739563,0.8500000238418579,0.8199999928474426,0.8399999737739563,40600,0.0,0.0
2014-07-28 00:00:00-04:00,0.8500000238418579,0.8500000238418579,0.8100000023841858,0.8299999833106995,48300,0.0,0.0
2014-07-29 00:00:00-04:00,0.8199999928474426,0.8500000238418579,0.8199999928474426,0.8199999928474426,60600,0.0,0.0
2014-07-30 00:00:00-04:00,0.8199999928474426,0.8500000238418579,0.8100000023841858,0.8299999833106995,32600,0.0,0.0
2014-07-31 00:00:00-04:00,0.8500000238418579,0.8700000047683716,0.8299999833106995,0.8700000047683716,194200,0.0,0.0
2014-08-01 00:00:00-04:00,0.8899999856948853,0.8899999856948853,0.8100000023841858,0.8500000238418579,83000,0.0,0.0
2014-08-04 00:00:00-04:00,0.8600000143051147,0.8600000143051147,0.8100000023841858,0.8199999928474426,80000,0.0,0.0
2014-08-05 00:00:00-04:00,0.8199999928474426,0.8299999833106995,0.7799999713897705,0.7900000214576721,205100,0.0,0.0
2014-08-06 00:00:00-04:00,0.7799999713897705,0.7900000214576721,0.7699999809265137,0.7799999713897705,44900,0.0,0.0
2014-08-07 00:00:00-04:00,0.7900000214576721,0.7900000214576721,0.7699999809265137,0.7699999809265137,75200,0.0,0.0
2014-08-08 00:00:00-04:00,0.7599999904632568,0.800000011920929,0.7599999904632568,0.7799999713897705,128800,0.0,0.0
2014-08-11 00:00:00-04:00,0.7900000214576721,0.800000011920929,0.75,0.7599999904632568,184800,0.0,0.0
2014-08-12 00:00:00-04:00,0.75,0.7799999713897705,0.75,0.75,59700,0.0,0.0
2014-08-13 00:00:00-04:00,0.75,0.7599999904632568,0.75,0.7599999904632568,55800,0.0,0.0
2014-08-14 00:00:00-04:00,0.7599999904632568,0.7599999904632568,0.7400000095367432,0.7599999904632568,115400,0.0,0.0
2014-08-15 00:00:00-04:00,0.7599999904632568,0.7599999904632568,0.7300000190734863,0.7300000190734863,80400,0.0,0.0
2014-08-18 00:00:00-04:00,0.7200000286102295,0.7400000095367432,0.7200000286102295,0.7400000095367432,38000,0.0,0.0
2014-08-19 00:00:00-04:00,0.7400000095367432,0.75,0.7300000190734863,0.75,12700,0.0,0.0
2014-08-20 00:00:00-04:00,0.7300000190734863,0.7400000095367432,0.7300000190734863,0.7400000095367432,19000,0.0,0.0
2014-08-21 00:00:00-04:00,0.7300000190734863,0.7400000095367432,0.699999988079071,0.7099999785423279,99800,0.0,0.0
2014-08-22 00:00:00-04:00,0.699999988079071,0.7300000190734863,0.6700000166893005,0.699999988079071,149800,0.0,0.0
2014-08-25 00:00:00-04:00,0.6800000071525574,0.699999988079071,0.6600000262260437,0.6800000071525574,96900,0.0,0.0
2014-08-26 00:00:00-04:00,0.6700000166893005,0.699999988079071,0.6499999761581421,0.6700000166893005,84400,0.0,0.0
2014-08-27 00:00:00-04:00,0.6499999761581421,0.6899999976158142,0.6499999761581421,0.6700000166893005,55100,0.0,0.0
2014-08-28 00:00:00-04:00,0.6600000262260437,0.6899999976158142,0.6600000262260437,0.6700000166893005,127600,0.0,0.0
2014-08-29 00:00:00-04:00,0.6899999976158142,0.6899999976158142,0.6700000166893005,0.6700000166893005,27100,0.0,0.0
2014-09-02 00:00:00-04:00,0.6899999976158142,0.6899999976158142,0.6700000166893005,0.6899999976158142,225000,0.0,0.0
2014-09-03 00:00:00-04:00,0.6899999976158142,0.7099999785423279,0.6800000071525574,0.6800000071525574,158700,0.0,0.0
2014-09-04 00:00:00-04:00,0.6899999976158142,0.6899999976158142,0.6700000166893005,0.6800000071525574,64800,0.0,0.0
2014-09-05 00:00:00-04:00,0.6700000166893005,0.6899999976158142,0.6700000166893005,0.6800000071525574,44200,0.0,0.0
2014-09-08 00:00:00-04:00,0.6800000071525574,0.6899999976158142,0.6499999761581421,0.6700000166893005,194300,0.0,0.0
2014-09-09 00:00:00-04:00,0.6700000166893005,0.6800000071525574,0.6700000166893005,0.6700000166893005,75400,0.0,0.0
2014-09-10 00:00:00-04:00,0.6899999976158142,0.6899999976158142,0.6100000143051147,0.6299999952316284,383900,0.0,0.0
2014-09-11 00:00:00-04:00,0.6100000143051147,0.6700000166893005,0.6100000143051147,0.6700000166893005,44000,0.0,0.0
2014-09-12 00:00:00-04:00,0.6800000071525574,0.6800000071525574,0.6299999952316284,0.6600000262260437,68200,0.0,0.0
2014-09-15 00:00:00-04:00,0.6800000071525574,0.6800000071525574,0.6299999952316284,0.6299999952316284,80800,0.0,0.0
2014-09-16 00:00:00-04:00,0.6000000238418579,0.6499999761581421,0.6000000238418579,0.6100000143051147,99200,0.0,0.0
2014-09-17 00:00:00-04:00,0.6000000238418579,0.6200000047683716,0.6000000238418579,0.6200000047683716,90900,0.0,0.0
2014-09-18 00:00:00-04:00,0.6100000143051147,0.6399999856948853,0.6000000238418579,0.6200000047683716,111200,0.0,0.0
2014-09-19 00:00:00-04:00,0.6100000143051147,0.6399999856948853,0.5199999809265137,0.5199999809265137,888100,0.0,0.0
2014-09-22 00:00:00-04:00,0.5199999809265137,0.6000000238418579,0.5199999809265137,0.5400000214576721,271400,0.0,0.0
2014-09-23 00:00:00-04:00,0.5400000214576721,0.5799999833106995,0.5299999713897705,0.5600000023841858,195500,0.0,0.0
2014-09-24 00:00:00-04:00,0.550000011920929,0.6100000143051147,0.550000011920929,0.6000000238418579,138900,0.0,0.0
2014-09-25 00:00:00-04:00,0.6299999952316284,0.6299999952316284,0.6000000238418579,0.6000000238418579,116500,0.0,0.0
2014-09-26 00:00:00-04:00,0.6200000047683716,0.6299999952316284,0.5699999928474426,0.5899999737739563,169600,0.0,0.0
2014-09-29 00:00:00-04:00,0.5400000214576721,0.5799999833106995,0.5400000214576721,0.5400000214576721,87400,0.0,0.0
2014-09-30 00:00:00-04:00,0.5600000023841858,0.5600000023841858,0.5299999713897705,0.550000011920929,181600,0.0,0.0
2014-10-01 00:00:00-04:00,0.550000011920929,0.5899999737739563,0.5199999809265137,0.5199999809265137,110900,0.0,0.0
2014-10-02 00:00:00-04:00,0.5400000214576721,0.550000011920929,0.4699999988079071,0.47999998927116394,186200,0.0,0.0
2014-10-03 00:00:00-04:00,0.5,0.5,0.46000000834465027,0.47999998927116394,91300,0.0,0.0
2014-10-06 00:00:00-04:00,0.49000000953674316,0.49000000953674316,0.4699999988079071,0.49000000953674316,33100,0.0,0.0
2014-10-07 00:00:00-04:00,0.49000000953674316,0.49000000953674316,0.41999998688697815,0.4399999976158142,133600,0.0,0.0
2014-10-08 00:00:00-04:00,0.41999998688697815,0.4399999976158142,0.4000000059604645,0.4099999964237213,219700,0.0,0.0
2014-10-09 00:00:00-04:00,0.4000000059604645,0.4099999964237213,0.38999998569488525,0.4000000059604645,120900,0.0,0.0
2014-10-10 00:00:00-04:00,0.4099999964237213,0.41999998688697815,0.33000001311302185,0.3400000035762787,205200,0.0,0.0
2014-10-13 00:00:00-04:00,0.3199999928474426,0.41999998688697815,0.3199999928474426,0.4000000059604645,86000,0.0,0.0
2014-10-14 00:00:00-04:00,0.3700000047683716,0.4000000059604645,0.36000001430511475,0.3700000047683716,115500,0.0,0.0
2014-10-15 00:00:00-04:00,0.3700000047683716,0.4399999976158142,0.3700000047683716,0.4000000059604645,141300,0.0,0.0
2014-10-16 00:00:00-04:00,0.4000000059604645,0.4399999976158142,0.4000000059604645,0.41999998688697815,141000,0.0,0.0
2014-10-17 00:00:00-04:00,0.4300000071525574,0.44999998807907104,0.4000000059604645,0.4300000071525574,94000,0.0,0.0
2014-10-20 00:00:00-04:00,0.4399999976158142,0.44999998807907104,0.4300000071525574,0.4399999976158142,81100,0.0,0.0
2014-10-21 00:00:00-04:00,0.4300000071525574,0.46000000834465027,0.4300000071525574,0.4300000071525574,122300,0.0,0.0
2014-10-22 00:00:00-04:00,0.4399999976158142,0.44999998807907104,0.41999998688697815,0.4300000071525574,31900,0.0,0.0
2014-10-23 00:00:00-04:00,0.4399999976158142,0.4399999976158142,0.4099999964237213,0.41999998688697815,58400,0.0,0.0
2014-10-24 00:00:00-04:00,0.4099999964237213,0.4399999976158142,0.38999998569488525,0.38999998569488525,102900,0.0,0.0
2014-10-27 00:00:00-04:00,0.4399999976158142,0.4399999976158142,0.4000000059604645,0.4099999964237213,47500,0.0,0.0
2014-10-28 00:00:00-04:00,0.41999998688697815,0.41999998688697815,0.38999998569488525,0.4000000059604645,47500,0.0,0.0
2014-10-29 00:00:00-04:00,0.41999998688697815,0.41999998688697815,0.3799999952316284,0.3799999952316284,82300,0.0,0.0
2014-10-30 00:00:00-04:00,0.38999998569488525,0.4099999964237213,0.3799999952316284,0.38999998569488525,59700,0.0,0.0
2014-10-31 00:00:00-04:00,0.3700000047683716,0.38999998569488525,0.3499999940395355,0.3799999952316284,443900,0.0,0.0
2014-11-03 00:00:00-05:00,0.3700000047683716,0.4000000059604645,0.3700000047683716,0.3799999952316284,99300,0.0,0.0
2014-11-04 00:00:00-05:00,0.3700000047683716,0.4000000059604645,0.3700000047683716,0.3700000047683716,92700,0.0,0.0
2014-11-05 00:00:00-05:00,0.36000001430511475,0.3799999952316284,0.3499999940395355,0.3799999952316284,345900,0.0,0.0
2014-11-06 00:00:00-05:00,0.3799999952316284,0.4300000071525574,0.3700000047683716,0.3700000047683716,143800,0.0,0.0
2014-11-07 00:00:00-05:00,0.4000000059604645,0.41999998688697815,0.38999998569488525,0.4000000059604645,197200,0.0,0.0
2014-11-10 00:00:00-05:00,0.4099999964237213,0.41999998688697815,0.38999998569488525,0.4000000059604645,141000,0.0,0.0
2014-11-11 00:00:00-05:00,0.38999998569488525,0.4399999976158142,0.38999998569488525,0.4399999976158142,100500,0.0,0.0
2014-11-12 00:00:00-05:00,0.4300000071525574,0.4699999988079071,0.41999998688697815,0.44999998807907104,333700,0.0,0.0
2014-11-13 00:00:00-05:00,0.4699999988079071,0.4699999988079071,0.44999998807907104,0.46000000834465027,181700,0.0,0.0
2014-11-14 00:00:00-05:00,0.4399999976158142,0.46000000834465027,0.4300000071525574,0.44999998807907104,98000,0.0,0.0
2014-11-17 00:00:00-05:00,0.4300000071525574,0.44999998807907104,0.4300000071525574,0.44999998807907104,90700,0.0,0.0
2014-11-18 00:00:00-05:00,0.41999998688697815,0.44999998807907104,0.4099999964237213,0.41999998688697815,118100,0.0,0.0
2014-11-19 00:00:00-05:00,0.41999998688697815,0.4399999976158142,0.4000000059604645,0.4099999964237213,55700,0.0,0.0
2014-11-20 00:00:00-05:00,0.4099999964237213,0.4300000071525574,0.4000000059604645,0.4000000059604645,133600,0.0,0.0
2014-11-21 00:00:00-05:00,0.4399999976158142,0.4399999976158142,0.38999998569488525,0.4000000059604645,59200,0.0,0.0
2014-11-24 00:00:00-05:00,0.4000000059604645,0.41999998688697815,0.3700000047683716,0.38999998569488525,125900,0.0,0.0
2014-11-25 00:00:00-05:00,0.4000000059604645,0.41999998688697815,0.3700000047683716,0.38999998569488525,209900,0.0,0.0
2014-11-26 00:00:00-05:00,0.4099999964237213,0.41999998688697815,0.3799999952316284,0.41999998688697815,336500,0.0,0.0
2014-11-28 00:00:00-05:00,0.4300000071525574,0.4300000071525574,0.38999998569488525,0.4099999964237213,156400,0.0,0.0
2014-12-01 00:00:00-05:00,0.38999998569488525,0.4099999964237213,0.38999998569488525,0.38999998569488525,115300,0.0,0.0
2014-12-02 00:00:00-05:00,0.38999998569488525,0.38999998569488525,0.3700000047683716,0.3799999952316284,70500,0.0,0.0
2014-12-03 00:00:00-05:00,0.3700000047683716,0.3799999952316284,0.33000001311302185,0.3700000047683716,554900,0.0,0.0
2014-12-04 00:00:00-05:00,0.36000001430511475,0.4099999964237213,0.36000001430511475,0.4099999964237213,296700,0.0,0.0
2014-12-05 00:00:00-05:00,0.4099999964237213,0.4099999964237213,0.38999998569488525,0.4000000059604645,166200,0.0,0.0
2014-12-08 00:00:00-05:00,0.38999998569488525,0.4000000059604645,0.3700000047683716,0.38999998569488525,101800,0.0,0.0
2014-12-09 00:00:00-05:00,0.38999998569488525,0.4000000059604645,0.38999998569488525,0.38999998569488525,78000,0.0,0.0
2014-12-10 00:00:00-05:00,0.38999998569488525,0.4000000059604645,0.38999998569488525,0.4000000059604645,102200,0.0,0.0
2014-12-11 00:00:00-05:00,0.4000000059604645,0.4000000059604645,0.3799999952316284,0.38999998569488525,174400,0.0,0.0
2014-12-12 00:00:00-05:00,0.3799999952316284,0.38999998569488525,0.3700000047683716,0.3799999952316284,87800,0.0,0.0
2014-12-15 00:00:00-05:00,0.3799999952316284,0.3799999952316284,0.36000001430511475,0.3700000047683716,166500,0.0,0.0
2014-12-16 00:00:00-05:00,0.36000001430511475,0.3700000047683716,0.3499999940395355,0.3700000047683716,184900,0.0,0.0
2014-12-17 00:00:00-05:00,0.3499999940395355,0.3700000047683716,0.3499999940395355,0.36000001430511475,240700,0.0,0.0
2014-12-18 00:00:00-05:00,0.33000001311302185,0.3799999952316284,0.33000001311302185,0.3799999952316284,373200,0.0,0.0
2014-12-19 00:00:00-05:00,0.36000001430511475,0.5,0.36000001430511475,0.47999998927116394,687200,0.0,0.0
2014-12-22 00:00:00-05:00,0.4699999988079071,0.5,0.44999998807907104,0.44999998807907104,837700,0.0,0.0
2014-12-23 00:00:00-05:00,0.4699999988079071,0.49000000953674316,0.4000000059604645,0.44999998807907104,169900,0.0,0.0
2014-12-24 00:00:00-05:00,0.4099999964237213,0.46000000834465027,0.4099999964237213,0.44999998807907104,116000,0.0,0.0
2014-12-26 00:00:00-05:00,0.44999998807907104,0.4699999988079071,0.4300000071525574,0.4300000071525574,61200,0.0,0.0
2014-12-29 00:00:00-05:00,0.4300000071525574,0.44999998807907104,0.38999998569488525,0.4300000071525574,145800,0.0,0.0
2014-12-30 00:00:00-05:00,0.4000000059604645,0.4300000071525574,0.3700000047683716,0.4099999964237213,231000,0.0,0.0
2014-12-31 00:00:00-05:00,0.38999998569488525,0.4099999964237213,0.3700000047683716,0.4099999964237213,350800,0.0,0.0
2015-01-02 00:00:00-05:00,0.41999998688697815,0.4300000071525574,0.4000000059604645,0.4000000059604645,46100,0.0,0.0
2015-01-05 00:00:00-05:00,0.4099999964237213,0.4399999976158142,0.38999998569488525,0.4399999976158142,97100,0.0,0.0
2015-01-06 00:00:00-05:00,0.4300000071525574,0.4399999976158142,0.4000000059604645,0.4399999976158142,164200,0.0,0.0
2015-01-07 00:00:00-05:00,0.41999998688697815,0.4399999976158142,0.41999998688697815,0.41999998688697815,46800,0.0,0.0
2015-01-08 00:00:00-05:00,0.4399999976158142,0.44999998807907104,0.4000000059604645,0.4300000071525574,63000,0.0,0.0
2015-01-09 00:00:00-05:00,0.4300000071525574,0.4399999976158142,0.3799999952316284,0.41999998688697815,179700,0.0,0.0
2015-01-12 00:00:00-05:00,0.4000000059604645,0.4300000071525574,0.4000000059604645,0.41999998688697815,22600,0.0,0.0
2015-01-13 00:00:00-05:00,0.38999998569488525,0.41999998688697815,0.38999998569488525,0.4099999964237213,174000,0.0,0.0
2015-01-14 00:00:00-05:00,0.4099999964237213,0.4099999964237213,0.3799999952316284,0.4000000059604645,61400,0.0,0.0
2015-01-15 00:00:00-05:00,0.4099999964237213,0.4300000071525574,0.4000000059604645,0.4099999964237213,65400,0.0,0.0
2015-01-16 00:00:00-05:00,0.4300000071525574,0.4300000071525574,0.4000000059604645,0.4000000059604645,36200,0.0,0.0
2015-01-20 00:00:00-05:00,0.4000000059604645,0.4300000071525574,0.4000000059604645,0.4099999964237213,86700,0.0,0.0
2015-01-21 00:00:00-05:00,0.41999998688697815,0.4399999976158142,0.4099999964237213,0.41999998688697815,60300,0.0,0.0
2015-01-22 00:00:00-05:00,0.4300000071525574,0.4300000071525574,0.4099999964237213,0.4099999964237213,95200,0.0,0.0
2015-01-23 00:00:00-05:00,0.41999998688697815,0.41999998688697815,0.4000000059604645,0.4099999964237213,80500,0.0,0.0
2015-01-26 00:00:00-05:00,0.4300000071525574,0.4300000071525574,0.4099999964237213,0.4300000071525574,183300,0.0,0.0
2015-01-27 00:00:00-05:00,0.41999998688697815,0.4399999976158142,0.41999998688697815,0.4399999976158142,62500,0.0,0.0
2015-01-28 00:00:00-05:00,0.4399999976158142,0.4399999976158142,0.4099999964237213,0.4399999976158142,70500,0.0,0.0
2015-01-29 00:00:00-05:00,0.41999998688697815,0.44999998807907104,0.41999998688697815,0.44999998807907104,91200,0.0,0.0
2015-01-30 00:00:00-05:00,0.44999998807907104,0.44999998807907104,0.4099999964237213,0.4399999976158142,86400,0.0,0.0
2015-02-02 00:00:00-05:00,0.44999998807907104,0.44999998807907104,0.4300000071525574,0.44999998807907104,124800,0.0,0.0
2015-02-03 00:00:00-05:00,0.46000000834465027,0.46000000834465027,0.4399999976158142,0.4399999976158142,69500,0.0,0.0
2015-02-04 00:00:00-05:00,0.4399999976158142,0.44999998807907104,0.4399999976158142,0.44999998807907104,71000,0.0,0.0
2015-02-05 00:00:00-05:00,0.44999998807907104,0.7200000286102295,0.44999998807907104,0.6399999856948853,518000,0.0,0.0
2015-02-06 00:00:00-05:00,0.6399999856948853,0.6399999856948853,0.5299999713897705,0.5899999737739563,304500,0.0,0.0
2015-02-09 00:00:00-05:00,0.6299999952316284,0.6299999952316284,0.550000011920929,0.5899999737739563,102300,0.0,0.0
2015-02-10 00:00:00-05:00,0.5699999928474426,0.5699999928474426,0.5099999904632568,0.5699999928474426,95300,0.0,0.0
2015-02-11 00:00:00-05:00,0.5600000023841858,0.5600000023841858,0.5400000214576721,0.550000011920929,48500,0.0,0.0
2015-02-12 00:00:00-05:00,0.550000011920929,0.5699999928474426,0.5400000214576721,0.5600000023841858,67300,0.0,0.0
2015-02-13 00:00:00-05:00,0.550000011920929,0.5600000023841858,0.5199999809265137,0.550000011920929,97300,0.0,0.0
2015-02-17 00:00:00-05:00,0.550000011920929,0.5699999928474426,0.5199999809265137,0.5199999809265137,59900,0.0,0.0
2015-02-18 00:00:00-05:00,0.5299999713897705,0.5899999737739563,0.5299999713897705,0.5799999833106995,56600,0.0,0.0
2015-02-19 00:00:00-05:00,0.5799999833106995,0.5899999737739563,0.5299999713897705,0.550000011920929,48100,0.0,0.0
2015-02-20 00:00:00-05:00,0.550000011920929,0.5699999928474426,0.5299999713897705,0.550000011920929,108800,0.0,0.0
2015-02-23 00:00:00-05:00,0.5699999928474426,0.5899999737739563,0.5400000214576721,0.5600000023841858,63700,0.0,0.0
2015-02-24 00:00:00-05:00,0.5400000214576721,0.5600000023841858,0.5199999809265137,0.5199999809265137,60900,0.0,0.0
2015-02-25 00:00:00-05:00,0.5,0.5400000214576721,0.5,0.5299999713897705,100300,0.0,0.0
2015-02-26 00:00:00-05:00,0.5600000023841858,0.5600000023841858,0.5099999904632568,0.5199999809265137,72900,0.0,0.0
2015-02-27 00:00:00-05:00,0.5099999904632568,0.550000011920929,0.5,0.5,39900,0.0,0.0
2015-03-02 00:00:00-05:00,0.5,0.5099999904632568,0.44999998807907104,0.46000000834465027,198900,0.0,0.0
2015-03-03 00:00:00-05:00,0.46000000834465027,0.47999998927116394,0.44999998807907104,0.4699999988079071,51000,0.0,0.0
2015-03-04 00:00:00-05:00,0.4699999988079071,0.49000000953674316,0.44999998807907104,0.44999998807907104,88200,0.0,0.0
2015-03-05 00:00:00-05:00,0.46000000834465027,0.4699999988079071,0.44999998807907104,0.44999998807907104,57100,0.0,0.0
2015-03-06 00:00:00-05:00,0.4300000071525574,0.46000000834465027,0.4300000071525574,0.4399999976158142,42600,0.0,0.0
2015-03-09 00:00:00-04:00,0.41999998688697815,0.4300000071525574,0.4000000059604645,0.41999998688697815,187600,0.0,0.0
2015-03-10 00:00:00-04:00,0.4000000059604645,0.41999998688697815,0.38999998569488525,0.41999998688697815,35700,0.0,0.0
2015-03-11 00:00:00-04:00,0.4000000059604645,0.4399999976158142,0.36000001430511475,0.4000000059604645,333300,0.0,0.0
2015-03-12 00:00:00-04:00,0.4300000071525574,0.4399999976158142,0.4099999964237213,0.4300000071525574,33800,0.0,0.0
2015-03-13 00:00:00-04:00,0.41999998688697815,0.4300000071525574,0.4000000059604645,0.4300000071525574,29100,0.0,0.0
2015-03-16 00:00:00-04:00,0.4099999964237213,0.4399999976158142,0.4099999964237213,0.4300000071525574,61900,0.0,0.0
2015-03-17 00:00:00-04:00,0.4399999976158142,0.4399999976158142,0.4000000059604645,0.4099999964237213,53200,0.0,0.0
2015-03-18 00:00:00-04:00,0.41999998688697815,0.4300000071525574,0.36000001430511475,0.3799999952316284,74200,0.0,0.0
2015-03-19 00:00:00-04:00,0.4099999964237213,0.41999998688697815,0.36000001430511475,0.3799999952316284,108400,0.0,0.0
2015-03-20 00:00:00-04:00,0.38999998569488525,0.4099999964237213,0.36000001430511475,0.3799999952316284,533700,0.0,0.0
2015-03-23 00:00:00-04:00,0.38999998569488525,0.4099999964237213,0.3799999952316284,0.3799999952316284,52500,0.0,0.0
2015-03-24 00:00:00-04:00,0.3799999952316284,0.4000000059604645,0.36000001430511475,0.3700000047683716,181600,0.0,0.0
2015-03-25 00:00:00-04:00,0.4000000059604645,0.4000000059604645,0.3700000047683716,0.38999998569488525,33600,0.0,0.0
2015-03-26 00:00:00-04:00,0.3799999952316284,0.4000000059604645,0.3799999952316284,0.4000000059604645,42100,0.0,0.0
2015-03-27 00:00:00-04:00,0.38999998569488525,0.38999998569488525,0.3700000047683716,0.3700000047683716,27900,0.0,0.0
2015-03-30 00:00:00-04:00,0.3799999952316284,0.38999998569488525,0.36000001430511475,0.3700000047683716,112800,0.0,0.0
2015-03-31 00:00:00-04:00,0.36000001430511475,0.4000000059604645,0.36000001430511475,0.38999998569488525,39300,0.0,0.0
2015-04-01 00:00:00-04:00,0.4000000059604645,0.4099999964237213,0.3700000047683716,0.4000000059604645,33600,0.0,0.0
2015-04-02 00:00:00-04:00,0.4000000059604645,0.4000000059604645,0.3700000047683716,0.3799999952316284,31100,0.0,0.0
2015-04-06 00:00:00-04:00,0.3799999952316284,0.4300000071525574,0.3799999952316284,0.4300000071525574,103800,0.0,0.0
2015-04-07 00:00:00-04:00,0.41999998688697815,0.41999998688697815,0.38999998569488525,0.4000000059604645,84500,0.0,0.0
2015-04-08 00:00:00-04:00,0.4000000059604645,0.4000000059604645,0.38999998569488525,0.4000000059604645,14000,0.0,0.0
2015-04-09 00:00:00-04:00,0.4000000059604645,0.4099999964237213,0.3799999952316284,0.3799999952316284,64600,0.0,0.0
2015-04-10 00:00:00-04:00,0.3799999952316284,0.4099999964237213,0.3799999952316284,0.38999998569488525,99800,0.0,0.0
2015-04-13 00:00:00-04:00,0.4000000059604645,0.4000000059604645,0.3700000047683716,0.3799999952316284,230900,0.0,0.0
2015-04-14 00:00:00-04:00,0.3700000047683716,0.3799999952316284,0.3700000047683716,0.3799999952316284,22800,0.0,0.0
2015-04-15 00:00:00-04:00,0.38999998569488525,0.38999998569488525,0.3700000047683716,0.38999998569488525,32900,0.0,0.0
2015-04-16 00:00:00-04:00,0.3799999952316284,0.38999998569488525,0.3799999952316284,0.3799999952316284,51800,0.0,0.0
2015-04-17 00:00:00-04:00,0.3799999952316284,0.3799999952316284,0.3700000047683716,0.3700000047683716,76600,0.0,0.0
2015-04-20 00:00:00-04:00,0.36000001430511475,0.3700000047683716,0.36000001430511475,0.3700000047683716,20600,0.0,0.0
2015-04-21 00:00:00-04:00,0.3700000047683716,0.3799999952316284,0.36000001430511475,0.3700000047683716,99500,0.0,0.0
2015-04-22 00:00:00-04:00,0.36000001430511475,0.3799999952316284,0.36000001430511475,0.3700000047683716,76500,0.0,0.0
2015-04-23 00:00:00-04:00,0.36000001430511475,0.4000000059604645,0.36000001430511475,0.38999998569488525,27400,0.0,0.0
2015-04-24 00:00:00-04:00,0.3799999952316284,0.4099999964237213,0.3799999952316284,0.38999998569488525,18400,0.0,0.0
2015-04-27 00:00:00-04:00,0.4099999964237213,0.4099999964237213,0.38999998569488525,0.38999998569488525,49300,0.0,0.0
2015-04-28 00:00:00-04:00,0.3799999952316284,0.38999998569488525,0.3799999952316284,0.3799999952316284,40100,0.0,0.0
2015-04-29 00:00:00-04:00,0.38999998569488525,0.38999998569488525,0.3799999952316284,0.38999998569488525,23600,0.0,0.0
2015-04-30 00:00:00-04:00,0.38999998569488525,0.4099999964237213,0.3799999952316284,0.4099999964237213,127900,0.0,0.0
2015-05-01 00:00:00-04:00,0.4000000059604645,0.4099999964237213,0.38999998569488525,0.4000000059604645,62500,0.0,0.0
2015-05-04 00:00:00-04:00,0.4000000059604645,0.4099999964237213,0.4000000059604645,0.4000000059604645,60400,0.0,0.0
2015-05-05 00:00:00-04:00,0.38999998569488525,0.41999998688697815,0.38999998569488525,0.4099999964237213,45500,0.0,0.0
2015-05-06 00:00:00-04:00,0.38999998569488525,0.4399999976158142,0.38999998569488525,0.4000000059604645,501600,0.0,0.0
2015-05-07 00:00:00-04:00,0.4099999964237213,0.41999998688697815,0.4000000059604645,0.4000000059604645,34600,0.0,0.0
2015-05-08 00:00:00-04:00,0.38999998569488525,0.41999998688697815,0.38999998569488525,0.4099999964237213,55300,0.0,0.0
2015-05-11 00:00:00-04:00,0.4000000059604645,0.41999998688697815,0.4000000059604645,0.4099999964237213,171700,0.0,0.0
2015-05-12 00:00:00-04:00,0.41999998688697815,0.41999998688697815,0.38999998569488525,0.4000000059604645,33400,0.0,0.0
2015-05-13 00:00:00-04:00,0.4000000059604645,0.4099999964237213,0.38999998569488525,0.4000000059604645,35000,0.0,0.0
2015-05-14 00:00:00-04:00,0.4000000059604645,0.4300000071525574,0.4000000059604645,0.41999998688697815,112700,0.0,0.0
2015-05-15 00:00:00-04:00,0.4399999976158142,0.4399999976158142,0.4000000059604645,0.4300000071525574,45300,0.0,0.0
2015-05-18 00:00:00-04:00,0.4099999964237213,0.44999998807907104,0.3799999952316284,0.4099999964237213,107800,0.0,0.0
2015-05-19 00:00:00-04:00,0.38999998569488525,0.4099999964237213,0.38999998569488525,0.4000000059604645,27300,0.0,0.0
2015-05-20 00:00:00-04:00,0.38999998569488525,0.4099999964237213,0.38999998569488525,0.4000000059604645,67700,0.0,0.0
2015-05-21 00:00:00-04:00,0.4000000059604645,0.4000000059604645,0.38999998569488525,0.38999998569488525,62400,0.0,0.0
2015-05-22 00:00:00-04:00,0.3799999952316284,0.38999998569488525,0.3700000047683716,0.38999998569488525,83500,0.0,0.0
2015-05-26 00:00:00-04:00,0.3799999952316284,0.38999998569488525,0.3199999928474426,0.3199999928474426,213500,0.0,0.0
2015-05-27 00:00:00-04:00,0.3400000035762787,0.36000001430511475,0.33000001311302185,0.3499999940395355,72000,0.0,0.0
2015-05-28 00:00:00-04:00,0.3400000035762787,0.3499999940395355,0.3199999928474426,0.3499999940395355,292000,0.0,0.0
2015-05-29 00:00:00-04:00,0.3400000035762787,0.3799999952316284,0.33000001311302185,0.3700000047683716,94500,0.0,0.0
2015-06-01 00:00:00-04:00,0.3499999940395355,0.3799999952316284,0.3499999940395355,0.3799999952316284,27200,0.0,0.0
2015-06-02 00:00:00-04:00,0.3799999952316284,0.3799999952316284,0.3499999940395355,0.36000001430511475,31900,0.0,0.0
2015-06-03 00:00:00-04:00,0.3400000035762787,0.3700000047683716,0.3400000035762787,0.3700000047683716,2700,0.0,0.0
2015-06-04 00:00:00-04:00,0.36000001430511475,0.4000000059604645,0.36000001430511475,0.3700000047683716,92400,0.0,0.0
2015-06-05 00:00:00-04:00,0.4399999976158142,0.4399999976158142,0.3499999940395355,0.3799999952316284,145100,0.0,0.0
2015-06-08 00:00:00-04:00,0.4000000059604645,0.4000000059604645,0.36000001430511475,0.3799999952316284,72300,0.0,0.0
2015-06-09 00:00:00-04:00,0.38999998569488525,0.4000000059604645,0.3799999952316284,0.38999998569488525,53700,0.0,0.0
2015-06-10 00:00:00-04:00,0.3799999952316284,0.4000000059604645,0.3799999952316284,0.38999998569488525,59000,0.0,0.0
2015-06-11 00:00:00-04:00,0.36000001430511475,0.4099999964237213,0.36000001430511475,0.3799999952316284,81400,0.0,0.0
2015-06-12 00:00:00-04:00,0.3799999952316284,0.38999998569488525,0.3700000047683716,0.38999998569488525,35300,0.0,0.0
2015-06-15 00:00:00-04:00,0.3799999952316284,0.4099999964237213,0.3700000047683716,0.4099999964237213,34300,0.0,0.0
2015-06-16 00:00:00-04:00,0.4000000059604645,0.41999998688697815,0.38999998569488525,0.41999998688697815,75900,0.0,0.0
2015-06-17 00:00:00-04:00,0.4099999964237213,0.4099999964237213,0.3799999952316284,0.3799999952316284,22200,0.0,0.0
2015-06-18 00:00:00-04:00,0.3799999952316284,0.4000000059604645,0.3499999940395355,0.3499999940395355,233300,0.0,0.0
2015-06-19 00:00:00-04:00,0.3700000047683716,0.3700000047683716,0.30000001192092896,0.30000001192092896,1224300,0.0,0.0
2015-06-22 00:00:00-04:00,0.3199999928474426,0.3499999940395355,0.3199999928474426,0.3400000035762787,431500,0.0,0.0
2015-06-23 00:00:00-04:00,0.3499999940395355,0.3799999952316284,0.3199999928474426,0.3199999928474426,320500,0.0,0.0
2015-06-24 00:00:00-04:00,0.33000001311302185,0.3499999940395355,0.3199999928474426,0.3499999940395355,34100,0.0,0.0
2015-06-25 00:00:00-04:00,0.3499999940395355,0.36000001430511475,0.33000001311302185,0.3400000035762787,90100,0.0,0.0
2015-06-26 00:00:00-04:00,0.3499999940395355,0.36000001430511475,0.3400000035762787,0.36000001430511475,91700,0.0,0.0
2015-06-29 00:00:00-04:00,0.3199999928474426,0.36000001430511475,0.3199999928474426,0.3499999940395355,135300,0.0,0.0
2015-06-30 00:00:00-04:00,0.36000001430511475,0.3700000047683716,0.3400000035762787,0.3400000035762787,113300,0.0,0.0
2015-07-01 00:00:00-04:00,0.36000001430511475,0.3700000047683716,0.36000001430511475,0.36000001430511475,38900,0.0,0.0
2015-07-02 00:00:00-04:00,0.36000001430511475,0.36000001430511475,0.3199999928474426,0.33000001311302185,69300,0.0,0.0
2015-07-06 00:00:00-04:00,0.3199999928474426,0.3400000035762787,0.3199999928474426,0.3199999928474426,52300,0.0,0.0
2015-07-07 00:00:00-04:00,0.33000001311302185,0.3499999940395355,0.3199999928474426,0.3400000035762787,47600,0.0,0.0
2015-07-08 00:00:00-04:00,0.33000001311302185,0.36000001430511475,0.33000001311302185,0.3499999940395355,71100,0.0,0.0
2015-07-09 00:00:00-04:00,0.36000001430511475,0.36000001430511475,0.3400000035762787,0.36000001430511475,98400,0.0,0.0
2015-07-10 00:00:00-04:00,0.3499999940395355,0.36000001430511475,0.33000001311302185,0.36000001430511475,37000,0.0,0.0
2015-07-13 00:00:00-04:00,0.3499999940395355,0.3700000047683716,0.3400000035762787,0.3499999940395355,35600,0.0,0.0
2015-07-14 00:00:00-04:00,0.3499999940395355,0.3700000047683716,0.3400000035762787,0.3400000035762787,50700,0.0,0.0
2015-07-15 00:00:00-04:00,0.3400000035762787,0.36000001430511475,0.3199999928474426,0.33000001311302185,60200,0.0,0.0
2015-07-16 00:00:00-04:00,0.33000001311302185,0.36000001430511475,0.3199999928474426,0.3199999928474426,132700,0.0,0.0
2015-07-17 00:00:00-04:00,0.33000001311302185,0.3499999940395355,0.3100000023841858,0.3499999940395355,92900,0.0,0.0
2015-07-20 00:00:00-04:00,0.3499999940395355,0.3499999940395355,0.3199999928474426,0.33000001311302185,143400,0.0,0.0
2015-07-21 00:00:00-04:00,0.3199999928474426,0.3400000035762787,0.3100000023841858,0.3400000035762787,32800,0.0,0.0
2015-07-22 00:00:00-04:00,0.3100000023841858,0.33000001311302185,0.30000001192092896,0.3199999928474426,79800,0.0,0.0
2015-07-23 00:00:00-04:00,0.3100000023841858,0.3100000023841858,0.2800000011920929,0.3100000023841858,260300,0.0,0.0
2015-07-24 00:00:00-04:00,0.3100000023841858,0.33000001311302185,0.3100000023841858,0.33000001311302185,38000,0.0,0.0
2015-07-27 00:00:00-04:00,0.3400000035762787,0.3400000035762787,0.3100000023841858,0.3199999928474426,64300,0.0,0.0
2015-07-28 00:00:00-04:00,0.3199999928474426,0.33000001311302185,0.28999999165534973,0.28999999165534973,22500,0.0,0.0
2015-07-29 00:00:00-04:00,0.30000001192092896,0.3400000035762787,0.30000001192092896,0.33000001311302185,27100,0.0,0.0
2015-07-30 00:00:00-04:00,0.33000001311302185,0.3400000035762787,0.33000001311302185,0.3400000035762787,10400,0.0,0.0
2015-07-31 00:00:00-04:00,0.33000001311302185,0.3499999940395355,0.3100000023841858,0.3199999928474426,41500,0.0,0.0
2015-08-03 00:00:00-04:00,0.33000001311302185,0.3400000035762787,0.3100000023841858,0.33000001311302185,22200,0.0,0.0
2015-08-04 00:00:00-04:00,0.3199999928474426,0.3400000035762787,0.3199999928474426,0.3400000035762787,29600,0.0,0.0
2015-08-05 00:00:00-04:00,0.3400000035762787,0.3400000035762787,0.3100000023841858,0.3100000023841858,29400,0.0,0.0
2015-08-06 00:00:00-04:00,0.3100000023841858,0.3199999928474426,0.3100000023841858,0.3100000023841858,49300,0.0,0.0
2015-08-07 00:00:00-04:00,0.3100000023841858,0.33000001311302185,0.3100000023841858,0.33000001311302185,51000,0.0,0.0
2015-08-10 00:00:00-04:00,0.33000001311302185,0.3499999940395355,0.3100000023841858,0.3499999940395355,85800,0.0,0.0
2015-08-11 00:00:00-04:00,0.3499999940395355,0.3499999940395355,0.28999999165534973,0.3499999940395355,445500,0.0,0.0
2015-08-12 00:00:00-04:00,0.3199999928474426,0.33000001311302185,0.30000001192092896,0.33000001311302185,122000,0.0,0.0
2015-08-13 00:00:00-04:00,0.33000001311302185,0.33000001311302185,0.30000001192092896,0.30000001192092896,98300,0.0,0.0
2015-08-14 00:00:00-04:00,0.3100000023841858,0.33000001311302185,0.30000001192092896,0.3100000023841858,79100,0.0,0.0
2015-08-17 00:00:00-04:00,0.3199999928474426,0.3499999940395355,0.3100000023841858,0.3100000023841858,181600,0.0,0.0
2015-08-18 00:00:00-04:00,0.3100000023841858,0.33000001311302185,0.3100000023841858,0.3199999928474426,52900,0.0,0.0
2015-08-19 00:00:00-04:00,0.3199999928474426,0.3400000035762787,0.30000001192092896,0.3100000023841858,40300,0.0,0.0
2015-08-20 00:00:00-04:00,0.30000001192092896,0.33000001311302185,0.30000001192092896,0.33000001311302185,91300,0.0,0.0
2015-08-21 00:00:00-04:00,0.33000001311302185,0.33000001311302185,0.30000001192092896,0.3100000023841858,65800,0.0,0.0
2015-08-24 00:00:00-04:00,0.3199999928474426,0.3199999928474426,0.28999999165534973,0.30000001192092896,79400,0.0,0.0
2015-08-25 00:00:00-04:00,0.30000001192092896,0.3100000023841858,0.30000001192092896,0.3100000023841858,29700,0.0,0.0
2015-08-26 00:00:00-04:00,0.30000001192092896,0.3199999928474426,0.28999999165534973,0.30000001192092896,111000,0.0,0.0
2015-08-27 00:00:00-04:00,0.3100000023841858,0.33000001311302185,0.30000001192092896,0.33000001311302185,135100,0.0,0.0
2015-08-28 00:00:00-04:00,0.33000001311302185,0.3499999940395355,0.3199999928474426,0.3499999940395355,220800,0.0,0.0
2015-08-31 00:00:00-04:00,0.33000001311302185,0.5299999713897705,0.3199999928474426,0.5,286000,0.0,0.0
2015-09-01 00:00:00-04:00,0.4300000071525574,0.5,0.4000000059604645,0.4000000059604645,346400,0.0,0.0
2015-09-02 00:00:00-04:00,0.4300000071525574,0.4300000071525574,0.3700000047683716,0.3799999952316284,105600,0.0,0.0
2015-09-03 00:00:00-04:00,0.3700000047683716,0.4099999964237213,0.3700000047683716,0.38999998569488525,36600,0.0,0.0
2015-09-04 00:00:00-04:00,0.38999998569488525,0.4099999964237213,0.3700000047683716,0.4000000059604645,100100,0.0,0.0
2015-09-08 00:00:00-04:00,0.38999998569488525,0.4099999964237213,0.3799999952316284,0.4000000059604645,33400,0.0,0.0
2015-09-09 00:00:00-04:00,0.4099999964237213,0.4099999964237213,0.38999998569488525,0.4099999964237213,109600,0.0,0.0
2015-09-10 00:00:00-04:00,0.4099999964237213,0.41999998688697815,0.38999998569488525,0.41999998688697815,56600,0.0,0.0
2015-09-11 00:00:00-04:00,0.41999998688697815,0.4300000071525574,0.38999998569488525,0.4300000071525574,75600,0.0,0.0
2015-09-14 00:00:00-04:00,0.47999998927116394,0.47999998927116394,0.4000000059604645,0.4099999964237213,115900,0.0,0.0
2015-09-15 00:00:00-04:00,0.4099999964237213,0.4300000071525574,0.3799999952316284,0.4099999964237213,161900,0.0,0.0
2015-09-16 00:00:00-04:00,0.38999998569488525,0.4099999964237213,0.38999998569488525,0.4099999964237213,48400,0.0,0.0
2015-09-17 00:00:00-04:00,0.4099999964237213,0.4099999964237213,0.38999998569488525,0.38999998569488525,14800,0.0,0.0
2015-09-18 00:00:00-04:00,0.4000000059604645,0.4399999976158142,0.4000000059604645,0.4000000059604645,81000,0.0,0.0
2015-09-21 00:00:00-04:00,0.4000000059604645,0.4000000059604645,0.38999998569488525,0.38999998569488525,28600,0.0,0.0
2015-09-22 00:00:00-04:00,0.3799999952316284,0.4000000059604645,0.3799999952316284,0.3799999952316284,134400,0.0,0.0
2015-09-23 00:00:00-04:00,0.38999998569488525,0.4099999964237213,0.3799999952316284,0.3799999952316284,86700,0.0,0.0
2015-09-24 00:00:00-04:00,0.3799999952316284,0.38999998569488525,0.36000001430511475,0.3700000047683716,35200,0.0,0.0
2015-09-25 00:00:00-04:00,0.38999998569488525,0.38999998569488525,0.36000001430511475,0.36000001430511475,80900,0.0,0.0
2015-09-28 00:00:00-04:00,0.3700000047683716,0.3700000047683716,0.3499999940395355,0.36000001430511475,50300,0.0,0.0
2015-09-29 00:00:00-04:00,0.36000001430511475,0.38999998569488525,0.33000001311302185,0.33000001311302185,135500,0.0,0.0
2015-09-30 00:00:00-04:00,0.3400000035762787,0.36000001430511475,0.30000001192092896,0.3100000023841858,361800,0.0,0.0
2015-10-01 00:00:00-04:00,0.3100000023841858,0.3199999928474426,0.30000001192092896,0.3100000023841858,80000,0.0,0.0
2015-10-02 00:00:00-04:00,0.3100000023841858,0.33000001311302185,0.3100000023841858,0.33000001311302185,44300,0.0,0.0
2015-10-05 00:00:00-04:00,0.3199999928474426,0.33000001311302185,0.3199999928474426,0.33000001311302185,18900,0.0,0.0
2015-10-06 00:00:00-04:00,0.3199999928474426,0.3700000047683716,0.3199999928474426,0.3700000047683716,113500,0.0,0.0
2015-10-07 00:00:00-04:00,0.38999998569488525,0.41999998688697815,0.38999998569488525,0.41999998688697815,45300,0.0,0.0
2015-10-08 00:00:00-04:00,0.4099999964237213,0.4300000071525574,0.4000000059604645,0.41999998688697815,170400,0.0,0.0
2015-10-09 00:00:00-04:00,0.4300000071525574,0.4399999976158142,0.41999998688697815,0.4300000071525574,103800,0.0,0.0
2015-10-12 00:00:00-04:00,0.4300000071525574,0.4300000071525574,0.3199999928474426,0.4000000059604645,144400,0.0,0.0
2015-10-13 00:00:00-04:00,0.41999998688697815,0.4300000071525574,0.3799999952316284,0.38999998569488525,144600,0.0,0.0
2015-10-14 00:00:00-04:00,0.4000000059604645,0.4300000071525574,0.38999998569488525,0.38999998569488525,55900,0.0,0.0
2015-10-15 00:00:00-04:00,0.4000000059604645,0.4300000071525574,0.3799999952316284,0.4099999964237213,118300,0.0,0.0
2015-10-16 00:00:00-04:00,0.4099999964237213,0.4099999964237213,0.36000001430511475,0.36000001430511475,148500,0.0,0.0
2015-10-19 00:00:00-04:00,0.3700000047683716,0.3700000047683716,0.36000001430511475,0.36000001430511475,114800,0.0,0.0
2015-10-20 00:00:00-04:00,0.3799999952316284,0.3799999952316284,0.36000001430511475,0.36000001430511475,181200,0.0,0.0
2015-10-21 00:00:00-04:00,0.36000001430511475,0.36000001430511475,0.3400000035762787,0.3400000035762787,37200,0.0,0.0
2015-10-22 00:00:00-04:00,0.3499999940395355,0.36000001430511475,0.3400000035762787,0.3400000035762787,47700,0.0,0.0
2015-10-23 00:00:00-04:00,0.3499999940395355,0.4099999964237213,0.3400000035762787,0.4099999964237213,58000,0.0,0.0
2015-10-26 00:00:00-04:00,0.4099999964237213,0.41999998688697815,0.3799999952316284,0.41999998688697815,228700,0.0,0.0
2015-10-27 00:00:00-04:00,0.41999998688697815,0.4300000071525574,0.4099999964237213,0.4300000071525574,133500,0.0,0.0
2015-10-28 00:00:00-04:00,0.4099999964237213,0.4399999976158142,0.4099999964237213,0.4399999976158142,63900,0.0,0.0
2015-10-29 00:00:00-04:00,0.4300000071525574,0.4399999976158142,0.4099999964237213,0.4300000071525574,73800,0.0,0.0
2015-10-30 00:00:00-04:00,0.4399999976158142,0.4399999976158142,0.41999998688697815,0.4399999976158142,40700,0.0,0.0
2015-11-02 00:00:00-05:00,0.4399999976158142,0.4399999976158142,0.4000000059604645,0.4300000071525574,167600,0.0,0.0
2015-11-03 00:00:00-05:00,0.41999998688697815,0.4300000071525574,0.4099999964237213,0.4099999964237213,118700,0.0,0.0
2015-11-04 00:00:00-05:00,0.4300000071525574,0.4399999976158142,0.4000000059604645,0.4000000059604645,32700,0.0,0.0
2015-11-05 00:00:00-05:00,0.4000000059604645,0.4099999964237213,0.3799999952316284,0.3799999952316284,145600,0.0,0.0
2015-11-06 00:00:00-05:00,0.38999998569488525,0.4000000059604645,0.36000001430511475,0.3700000047683716,147700,0.0,0.0
2015-11-09 00:00:00-05:00,0.3700000047683716,0.3700000047683716,0.3499999940395355,0.3499999940395355,87500,0.0,0.0
2015-11-10 00:00:00-05:00,0.36000001430511475,0.3799999952316284,0.3499999940395355,0.3499999940395355,301900,0.0,0.0
2015-11-11 00:00:00-05:00,0.36000001430511475,0.3700000047683716,0.3400000035762787,0.3400000035762787,63400,0.0,0.0
2015-11-12 00:00:00-05:00,0.3400000035762787,0.36000001430511475,0.33000001311302185,0.33000001311302185,121500,0.0,0.0
2015-11-13 00:00:00-05:00,0.3499999940395355,0.3499999940395355,0.33000001311302185,0.33000001311302185,83100,0.0,0.0
2015-11-16 00:00:00-05:00,0.3400000035762787,0.3499999940395355,0.3100000023841858,0.3100000023841858,182100,0.0,0.0
2015-11-17 00:00:00-05:00,0.3400000035762787,0.3400000035762787,0.30000001192092896,0.30000001192092896,282800,0.0,0.0
2015-11-18 00:00:00-05:00,0.3199999928474426,0.33000001311302185,0.28999999165534973,0.30000001192092896,118200,0.0,0.0
2015-11-19 00:00:00-05:00,0.30000001192092896,0.33000001311302185,0.30000001192092896,0.3100000023841858,145600,0.0,0.0
2015-11-20 00:00:00-05:00,0.3199999928474426,0.3199999928474426,0.28999999165534973,0.28999999165534973,162200,0.0,0.0
2015-11-23 00:00:00-05:00,0.3100000023841858,0.3100000023841858,0.2800000011920929,0.30000001192092896,174600,0.0,0.0
2015-11-24 00:00:00-05:00,0.3100000023841858,0.3100000023841858,0.28999999165534973,0.30000001192092896,88200,0.0,0.0
2015-11-25 00:00:00-05:00,0.30000001192092896,0.3100000023841858,0.30000001192092896,0.3100000023841858,14300,0.0,0.0
2015-11-27 00:00:00-05:00,0.3100000023841858,0.3100000023841858,0.28999999165534973,0.3100000023841858,114300,0.0,0.0
2015-11-30 00:00:00-05:00,0.3100000023841858,0.3199999928474426,0.30000001192092896,0.3199999928474426,166700,0.0,0.0
2015-12-01 00:00:00-05:00,0.3100000023841858,0.3100000023841858,0.28999999165534973,0.28999999165534973,60100,0.0,0.0
2015-12-02 00:00:00-05:00,0.28999999165534973,0.3100000023841858,0.28999999165534973,0.30000001192092896,33800,0.0,0.0
2015-12-03 00:00:00-05:00,0.3100000023841858,0.3100000023841858,0.30000001192092896,0.30000001192092896,32900,0.0,0.0
2015-12-04 00:00:00-05:00,0.3100000023841858,0.3199999928474426,0.30000001192092896,0.3199999928474426,92100,0.0,0.0
2015-12-07 00:00:00-05:00,0.3199999928474426,0.3199999928474426,0.28999999165534973,0.30000001192092896,90500,0.0,0.0
2015-12-08 00:00:00-05:00,0.28999999165534973,0.30000001192092896,0.28999999165534973,0.30000001192092896,53000,0.0,0.0
2015-12-09 00:00:00-05:00,0.30000001192092896,0.3100000023841858,0.28999999165534973,0.30000001192092896,108300,0.0,0.0
2015-12-10 00:00:00-05:00,0.30000001192092896,0.3100000023841858,0.2800000011920929,0.28999999165534973,60000,0.0,0.0
2015-12-11 00:00:00-05:00,0.28999999165534973,0.30000001192092896,0.28999999165534973,0.28999999165534973,59200,0.0,0.0
2015-12-14 00:00:00-05:00,0.28999999165534973,0.30000001192092896,0.2800000011920929,0.2800000011920929,254000,0.0,0.0
2015-12-15 00:00:00-05:00,0.2800000011920929,0.30000001192092896,0.2800000011920929,0.28999999165534973,61000,0.0,0.0
2015-12-16 00:00:00-05:00,0.30000001192092896,0.30000001192092896,0.2800000011920929,0.30000001192092896,277400,0.0,0.0
2015-12-17 00:00:00-05:00,0.28999999165534973,0.30000001192092896,0.2800000011920929,0.2800000011920929,77200,0.0,0.0
2015-12-18 00:00:00-05:00,0.2800000011920929,0.28999999165534973,0.2800000011920929,0.28999999165534973,45800,0.0,0.0
2015-12-21 00:00:00-05:00,0.28999999165534973,0.30000001192092896,0.28999999165534973,0.28999999165534973,82200,0.0,0.0
2015-12-22 00:00:00-05:00,0.28999999165534973,0.30000001192092896,0.28999999165534973,0.28999999165534973,77500,0.0,0.0
2015-12-23 00:00:00-05:00,0.28999999165534973,0.28999999165534973,0.2800000011920929,0.28999999165534973,132400,0.0,0.0
2015-12-24 00:00:00-05:00,0.30000001192092896,0.30000001192092896,0.28999999165534973,0.28999999165534973,41300,0.0,0.0
2015-12-28 00:00:00-05:00,0.2800000011920929,0.30000001192092896,0.2800000011920929,0.2800000011920929,135500,0.0,0.0
2015-12-29 00:00:00-05:00,0.28999999165534973,0.30000001192092896,0.28999999165534973,0.30000001192092896,81400,0.0,0.0
2015-12-30 00:00:00-05:00,0.30000001192092896,0.30000001192092896,0.2800000011920929,0.28999999165534973,123400,0.0,0.0
2015-12-31 00:00:00-05:00,0.28999999165534973,0.3100000023841858,0.28999999165534973,0.3100000023841858,85100,0.0,0.0
2016-01-04 00:00:00-05:00,0.3199999928474426,0.3199999928474426,0.2800000011920929,0.3199999928474426,79700,0.0,0.0
2016-01-05 00:00:00-05:00,0.3100000023841858,0.3199999928474426,0.30000001192092896,0.30000001192092896,33600,0.0,0.0
2016-01-06 00:00:00-05:00,0.30000001192092896,0.30000001192092896,0.28999999165534973,0.28999999165534973,85700,0.0,0.0
2016-01-07 00:00:00-05:00,0.30000001192092896,0.30000001192092896,0.2800000011920929,0.2800000011920929,50300,0.0,0.0
2016-01-08 00:00:00-05:00,0.28999999165534973,0.28999999165534973,0.2800000011920929,0.2800000011920929,99100,0.0,0.0
2016-01-11 00:00:00-05:00,0.28999999165534973,0.28999999165534973,0.2800000011920929,0.2800000011920929,115600,0.0,0.0
2016-01-12 00:00:00-05:00,0.30000001192092896,0.30000001192092896,0.2800000011920929,0.28999999165534973,83200,0.0,0.0
2016-01-13 00:00:00-05:00,0.2800000011920929,0.28999999165534973,0.2800000011920929,0.28999999165534973,89600,0.0,0.0
2016-01-14 00:00:00-05:00,0.2800000011920929,0.2800000011920929,0.25,0.25,549900,0.0,0.0
2016-01-15 00:00:00-05:00,0.25,0.25999999046325684,0.20999999344348907,0.23999999463558197,405100,0.0,0.0
2016-01-19 00:00:00-05:00,0.2199999988079071,0.23000000417232513,0.20999999344348907,0.2199999988079071,210400,0.0,0.0
2016-01-20 00:00:00-05:00,0.23000000417232513,0.23000000417232513,0.20000000298023224,0.20999999344348907,170500,0.0,0.0
2016-01-21 00:00:00-05:00,0.20999999344348907,0.23000000417232513,0.20999999344348907,0.23000000417232513,242700,0.0,0.0
2016-01-22 00:00:00-05:00,0.27000001072883606,0.27000001072883606,0.2199999988079071,0.2199999988079071,160500,0.0,0.0
2016-01-25 00:00:00-05:00,0.2199999988079071,0.27000001072883606,0.2199999988079071,0.25,148200,0.0,0.0
2016-01-26 00:00:00-05:00,0.27000001072883606,0.27000001072883606,0.25,0.27000001072883606,65300,0.0,0.0
2016-01-27 00:00:00-05:00,0.27000001072883606,0.2800000011920929,0.25999999046325684,0.27000001072883606,86100,0.0,0.0
2016-01-28 00:00:00-05:00,0.27000001072883606,0.27000001072883606,0.25,0.27000001072883606,30100,0.0,0.0
2016-01-29 00:00:00-05:00,0.27000001072883606,0.2800000011920929,0.25,0.2800000011920929,56500,0.0,0.0
2016-02-01 00:00:00-05:00,0.2800000011920929,0.2800000011920929,0.27000001072883606,0.2800000011920929,58400,0.0,0.0
2016-02-02 00:00:00-05:00,0.2800000011920929,0.2800000011920929,0.25999999046325684,0.25999999046325684,32000,0.0,0.0
2016-02-03 00:00:00-05:00,0.25999999046325684,0.2800000011920929,0.25999999046325684,0.2800000011920929,100500,0.0,0.0
2016-02-04 00:00:00-05:00,0.2800000011920929,0.28999999165534973,0.2800000011920929,0.2800000011920929,133400,0.0,0.0
2016-02-05 00:00:00-05:00,0.2800000011920929,0.28999999165534973,0.27000001072883606,0.2800000011920929,18400,0.0,0.0
2016-02-08 00:00:00-05:00,0.28999999165534973,0.3100000023841858,0.27000001072883606,0.28999999165534973,240100,0.0,0.0
2016-02-09 00:00:00-05:00,0.30000001192092896,0.3499999940395355,0.28999999165534973,0.28999999165534973,152900,0.0,0.0
2016-02-10 00:00:00-05:00,0.30000001192092896,0.3199999928474426,0.28999999165534973,0.28999999165534973,38800,0.0,0.0
2016-02-11 00:00:00-05:00,0.3100000023841858,0.3700000047683716,0.30000001192092896,0.3400000035762787,517300,0.0,0.0
2016-02-12 00:00:00-05:00,0.3400000035762787,0.3499999940395355,0.3199999928474426,0.33000001311302185,128300,0.0,0.0
2016-02-16 00:00:00-05:00,0.3199999928474426,0.3700000047683716,0.3199999928474426,0.3499999940395355,168900,0.0,0.0
2016-02-17 00:00:00-05:00,0.3499999940395355,0.3700000047683716,0.3499999940395355,0.3499999940395355,116900,0.0,0.0
2016-02-18 00:00:00-05:00,0.3700000047683716,0.3700000047683716,0.33000001311302185,0.3700000047683716,194600,0.0,0.0
2016-02-19 00:00:00-05:00,0.36000001430511475,0.3700000047683716,0.3499999940395355,0.36000001430511475,89100,0.0,0.0
2016-02-22 00:00:00-05:00,0.36000001430511475,0.3799999952316284,0.3499999940395355,0.36000001430511475,116500,0.0,0.0
2016-02-23 00:00:00-05:00,0.3700000047683716,0.3700000047683716,0.3499999940395355,0.36000001430511475,51700,0.0,0.0
2016-02-24 00:00:00-05:00,0.3700000047683716,0.3700000047683716,0.36000001430511475,0.3700000047683716,169200,0.0,0.0
2016-02-25 00:00:00-05:00,0.36000001430511475,0.3700000047683716,0.3499999940395355,0.36000001430511475,49800,0.0,0.0
2016-02-26 00:00:00-05:00,0.36000001430511475,0.3700000047683716,0.3199999928474426,0.3499999940395355,107100,0.0,0.0
2016-02-29 00:00:00-05:00,0.3499999940395355,0.3700000047683716,0.3400000035762787,0.3499999940395355,103200,0.0,0.0
2016-03-01 00:00:00-05:00,0.36000001430511475,0.36000001430511475,0.3400000035762787,0.3499999940395355,111200,0.0,0.0
2016-03-02 00:00:00-05:00,0.33000001311302185,0.3400000035762787,0.3100000023841858,0.33000001311302185,86400,0.0,0.0
2016-03-03 00:00:00-05:00,0.3199999928474426,0.3499999940395355,0.3100000023841858,0.3400000035762787,137600,0.0,0.0
2016-03-04 00:00:00-05:00,0.3499999940395355,0.3499999940395355,0.3199999928474426,0.3400000035762787,225300,0.0,0.0
2016-03-07 00:00:00-05:00,0.3499999940395355,0.36000001430511475,0.33000001311302185,0.3400000035762787,91000,0.0,0.0
2016-03-08 00:00:00-05:00,0.36000001430511475,0.36000001430511475,0.3400000035762787,0.3400000035762787,120500,0.0,0.0
2016-03-09 00:00:00-05:00,0.3400000035762787,0.36000001430511475,0.3400000035762787,0.3499999940395355,49500,0.0,0.0
2016-03-10 00:00:00-05:00,0.33000001311302185,0.3799999952316284,0.33000001311302185,0.3799999952316284,771300,0.0,0.0
2016-03-11 00:00:00-05:00,0.3799999952316284,0.38999998569488525,0.36000001430511475,0.3799999952316284,761900,0.0,0.0
2016-03-14 00:00:00-04:00,0.3799999952316284,0.38999998569488525,0.3499999940395355,0.3799999952316284,357800,0.0,0.0
2016-03-15 00:00:00-04:00,0.3700000047683716,0.3700000047683716,0.3199999928474426,0.3199999928474426,274000,0.0,0.0
2016-03-16 00:00:00-04:00,0.3400000035762787,0.3499999940395355,0.33000001311302185,0.3400000035762787,120800,0.0,0.0
2016-03-17 00:00:00-04:00,0.3400000035762787,0.36000001430511475,0.3400000035762787,0.3499999940395355,153800,0.0,0.0
2016-03-18 00:00:00-04:00,0.36000001430511475,0.36000001430511475,0.3499999940395355,0.36000001430511475,127300,0.0,0.0
2016-03-21 00:00:00-04:00,0.3499999940395355,0.36000001430511475,0.3400000035762787,0.3499999940395355,252500,0.0,0.0
2016-03-22 00:00:00-04:00,0.36000001430511475,0.36000001430511475,0.33000001311302185,0.3499999940395355,93500,0.0,0.0
2016-03-23 00:00:00-04:00,0.3400000035762787,0.3400000035762787,0.30000001192092896,0.3100000023841858,104600,0.0,0.0
2016-03-24 00:00:00-04:00,0.3100000023841858,0.3499999940395355,0.3100000023841858,0.3499999940395355,69300,0.0,0.0
2016-03-28 00:00:00-04:00,0.3400000035762787,0.3400000035762787,0.3199999928474426,0.33000001311302185,60300,0.0,0.0
2016-03-29 00:00:00-04:00,0.3199999928474426,0.3400000035762787,0.3199999928474426,0.3199999928474426,94100,0.0,0.0
2016-03-30 00:00:00-04:00,0.33000001311302185,0.3499999940395355,0.3100000023841858,0.33000001311302185,138300,0.0,0.0
2016-03-31 00:00:00-04:00,0.33000001311302185,0.3499999940395355,0.3199999928474426,0.3199999928474426,183600,0.0,0.0
2016-04-01 00:00:00-04:00,0.33000001311302185,0.3400000035762787,0.3100000023841858,0.3400000035762787,36500,0.0,0.0
2016-04-04 00:00:00-04:00,0.3400000035762787,0.3400000035762787,0.3100000023841858,0.3100000023841858,158500,0.0,0.0
2016-04-05 00:00:00-04:00,0.33000001311302185,0.33000001311302185,0.3100000023841858,0.3100000023841858,64000,0.0,0.0
2016-04-06 00:00:00-04:00,0.3100000023841858,0.3199999928474426,0.3100000023841858,0.3199999928474426,36500,0.0,0.0
2016-04-07 00:00:00-04:00,0.33000001311302185,0.33000001311302185,0.30000001192092896,0.30000001192092896,129300,0.0,0.0
2016-04-08 00:00:00-04:00,0.30000001192092896,0.3400000035762787,0.28999999165534973,0.3400000035762787,197300,0.0,0.0
2016-04-11 00:00:00-04:00,0.3400000035762787,0.3400000035762787,0.3100000023841858,0.3100000023841858,309500,0.0,0.0
2016-04-12 00:00:00-04:00,0.3199999928474426,0.3400000035762787,0.3100000023841858,0.33000001311302185,218300,0.0,0.0
2016-04-13 00:00:00-04:00,0.3400000035762787,0.3499999940395355,0.33000001311302185,0.3499999940395355,400700,0.0,0.0
2016-04-14 00:00:00-04:00,0.3499999940395355,0.3499999940395355,0.3199999928474426,0.3499999940395355,43100,0.0,0.0
2016-04-15 00:00:00-04:00,0.3400000035762787,0.3700000047683716,0.33000001311302185,0.36000001430511475,160300,0.0,0.0
2016-04-18 00:00:00-04:00,0.3799999952316284,0.38999998569488525,0.3700000047683716,0.38999998569488525,588500,0.0,0.0
2016-04-19 00:00:00-04:00,0.38999998569488525,0.4099999964237213,0.3799999952316284,0.38999998569488525,561900,0.0,0.0
2016-04-20 00:00:00-04:00,0.4000000059604645,0.4399999976158142,0.38999998569488525,0.4000000059604645,354000,0.0,0.0
2016-04-21 00:00:00-04:00,0.41999998688697815,0.4399999976158142,0.4000000059604645,0.4300000071525574,208300,0.0,0.0
2016-04-22 00:00:00-04:00,0.4300000071525574,0.4699999988079071,0.41999998688697815,0.4399999976158142,453300,0.0,0.0
2016-04-25 00:00:00-04:00,0.4300000071525574,0.44999998807907104,0.41999998688697815,0.4399999976158142,1190000,0.0,0.0
2016-04-26 00:00:00-04:00,0.44999998807907104,0.47999998927116394,0.41999998688697815,0.4399999976158142,526400,0.0,0.0
2016-04-27 00:00:00-04:00,0.44999998807907104,0.44999998807907104,0.4000000059604645,0.41999998688697815,586100,0.0,0.0
2016-04-28 00:00:00-04:00,0.4000000059604645,0.41999998688697815,0.38999998569488525,0.4000000059604645,560800,0.0,0.0
2016-04-29 00:00:00-04:00,0.4099999964237213,0.4300000071525574,0.4099999964237213,0.4300000071525574,320500,0.0,0.0
2016-05-02 00:00:00-04:00,0.44999998807907104,0.44999998807907104,0.41999998688697815,0.44999998807907104,207300,0.0,0.0
2016-05-03 00:00:00-04:00,0.4399999976158142,0.4399999976158142,0.4099999964237213,0.41999998688697815,100800,0.0,0.0
2016-05-04 00:00:00-04:00,0.41999998688697815,0.41999998688697815,0.3799999952316284,0.38999998569488525,207000,0.0,0.0
2016-05-05 00:00:00-04:00,0.38999998569488525,0.38999998569488525,0.3700000047683716,0.3700000047683716,96000,0.0,0.0
2016-05-06 00:00:00-04:00,0.38999998569488525,0.38999998569488525,0.3700000047683716,0.3799999952316284,275500,0.0,0.0
2016-05-09 00:00:00-04:00,0.36000001430511475,0.3700000047683716,0.3400000035762787,0.3499999940395355,169900,0.0,0.0
2016-05-10 00:00:00-04:00,0.3499999940395355,0.3499999940395355,0.33000001311302185,0.3400000035762787,149800,0.0,0.0
2016-05-11 00:00:00-04:00,0.3400000035762787,0.3499999940395355,0.33000001311302185,0.3499999940395355,136400,0.0,0.0
2016-05-12 00:00:00-04:00,0.3499999940395355,0.36000001430511475,0.3499999940395355,0.36000001430511475,143000,0.0,0.0
2016-05-13 00:00:00-04:00,0.36000001430511475,0.36000001430511475,0.3400000035762787,0.36000001430511475,97800,0.0,0.0
2016-05-16 00:00:00-04:00,0.3499999940395355,0.36000001430511475,0.3400000035762787,0.3400000035762787,175300,0.0,0.0
2016-05-17 00:00:00-04:00,0.3400000035762787,0.36000001430511475,0.3400000035762787,0.3499999940395355,156800,0.0,0.0
2016-05-18 00:00:00-04:00,0.3400000035762787,0.36000001430511475,0.33000001311302185,0.33000001311302185,429600,0.0,0.0
2016-05-19 00:00:00-04:00,0.33000001311302185,0.3499999940395355,0.3199999928474426,0.3499999940395355,129100,0.0,0.0
2016-05-20 00:00:00-04:00,0.3499999940395355,0.36000001430511475,0.33000001311302185,0.3499999940395355,117400,0.0,0.0
2016-05-23 00:00:00-04:00,0.3400000035762787,0.3799999952316284,0.3400000035762787,0.3799999952316284,137800,0.0,0.0
2016-05-24 00:00:00-04:00,0.36000001430511475,0.36000001430511475,0.3400000035762787,0.3400000035762787,273400,0.0,0.0
2016-05-25 00:00:00-04:00,0.3400000035762787,0.3499999940395355,0.3400000035762787,0.3499999940395355,364200,0.0,0.0
2016-05-26 00:00:00-04:00,0.3499999940395355,0.3499999940395355,0.3400000035762787,0.3400000035762787,141200,0.0,0.0
2016-05-27 00:00:00-04:00,0.33000001311302185,0.3400000035762787,0.3100000023841858,0.3199999928474426,469500,0.0,0.0
2016-05-31 00:00:00-04:00,0.33000001311302185,0.3400000035762787,0.30000001192092896,0.3199999928474426,434500,0.0,0.0
2016-06-01 00:00:00-04:00,0.3400000035762787,0.3400000035762787,0.3100000023841858,0.3199999928474426,106400,0.0,0.0
2016-06-02 00:00:00-04:00,0.3100000023841858,0.3199999928474426,0.30000001192092896,0.3100000023841858,105400,0.0,0.0
2016-06-03 00:00:00-04:00,0.3499999940395355,0.36000001430511475,0.33000001311302185,0.36000001430511475,338800,0.0,0.0
2016-06-06 00:00:00-04:00,0.3499999940395355,0.3799999952316284,0.3400000035762787,0.36000001430511475,200100,0.0,0.0
2016-06-07 00:00:00-04:00,0.3499999940395355,0.36000001430511475,0.3400000035762787,0.3499999940395355,145300,0.0,0.0
2016-06-08 00:00:00-04:00,0.36000001430511475,0.3700000047683716,0.3400000035762787,0.3499999940395355,261300,0.0,0.0
2016-06-09 00:00:00-04:00,0.3499999940395355,0.3700000047683716,0.3400000035762787,0.36000001430511475,85900,0.0,0.0
2016-06-10 00:00:00-04:00,0.36000001430511475,0.3700000047683716,0.3199999928474426,0.33000001311302185,394100,0.0,0.0
2016-06-13 00:00:00-04:00,0.3400000035762787,0.3499999940395355,0.33000001311302185,0.33000001311302185,235200,0.0,0.0
2016-06-14 00:00:00-04:00,0.3400000035762787,0.3400000035762787,0.33000001311302185,0.33000001311302185,267200,0.0,0.0
2016-06-15 00:00:00-04:00,0.33000001311302185,0.3499999940395355,0.3199999928474426,0.3400000035762787,133200,0.0,0.0
2016-06-16 00:00:00-04:00,0.3499999940395355,0.3499999940395355,0.3100000023841858,0.3499999940395355,695400,0.0,0.0
2016-06-17 00:00:00-04:00,0.3400000035762787,0.3400000035762787,0.33000001311302185,0.33000001311302185,160400,0.0,0.0
2016-06-20 00:00:00-04:00,0.3100000023841858,0.3400000035762787,0.3100000023841858,0.33000001311302185,119900,0.0,0.0
2016-06-21 00:00:00-04:00,0.33000001311302185,0.3499999940395355,0.3100000023841858,0.3100000023841858,85800,0.0,0.0
2016-06-22 00:00:00-04:00,0.3199999928474426,0.3199999928474426,0.3100000023841858,0.3100000023841858,207300,0.0,0.0
2016-06-23 00:00:00-04:00,0.3100000023841858,0.3199999928474426,0.3100000023841858,0.3100000023841858,125000,0.0,0.0
2016-06-24 00:00:00-04:00,0.3400000035762787,0.3400000035762787,0.2800000011920929,0.30000001192092896,884000,0.0,0.0
2016-06-27 00:00:00-04:00,0.30000001192092896,0.3100000023841858,0.30000001192092896,0.30000001192092896,166200,0.0,0.0
2016-06-28 00:00:00-04:00,0.30000001192092896,0.3100000023841858,0.28999999165534973,0.3100000023841858,33600,0.0,0.0
2016-06-29 00:00:00-04:00,0.3199999928474426,0.3199999928474426,0.30000001192092896,0.3100000023841858,185000,0.0,0.0
2016-06-30 00:00:00-04:00,0.3199999928474426,0.3199999928474426,0.30000001192092896,0.3100000023841858,72200,0.0,0.0
2016-07-01 00:00:00-04:00,0.3199999928474426,0.3400000035762787,0.3199999928474426,0.3400000035762787,209900,0.0,0.0
2016-07-05 00:00:00-04:00,0.33000001311302185,0.36000001430511475,0.30000001192092896,0.3499999940395355,818300,0.0,0.0
2016-07-06 00:00:00-04:00,0.3700000047683716,0.3700000047683716,0.33000001311302185,0.3400000035762787,799100,0.0,0.0
2016-07-07 00:00:00-04:00,0.36000001430511475,0.36000001430511475,0.33000001311302185,0.3400000035762787,983000,0.0,0.0
2016-07-08 00:00:00-04:00,0.3499999940395355,0.44999998807907104,0.3400000035762787,0.41999998688697815,2526900,0.0,0.0
2016-07-11 00:00:00-04:00,0.44999998807907104,0.5799999833106995,0.44999998807907104,0.5400000214576721,5857600,0.0,0.0
2016-07-12 00:00:00-04:00,0.5299999713897705,0.5299999713897705,0.4699999988079071,0.4699999988079071,2071100,0.0,0.0
2016-07-13 00:00:00-04:00,0.4699999988079071,0.49000000953674316,0.4399999976158142,0.44999998807907104,802500,0.0,0.0
2016-07-14 00:00:00-04:00,0.46000000834465027,0.5299999713897705,0.44999998807907104,0.5299999713897705,2334900,0.0,0.0
2016-07-15 00:00:00-04:00,0.5099999904632568,0.5400000214576721,0.49000000953674316,0.5,1417100,0.0,0.0
2016-07-18 00:00:00-04:00,0.550000011920929,0.550000011920929,0.49000000953674316,0.49000000953674316,813900,0.0,0.0
2016-07-19 00:00:00-04:00,0.49000000953674316,0.49000000953674316,0.46000000834465027,0.4699999988079071,597000,0.0,0.0
2016-07-20 00:00:00-04:00,0.44999998807907104,0.46000000834465027,0.4399999976158142,0.4399999976158142,896400,0.0,0.0
2016-07-21 00:00:00-04:00,0.4399999976158142,0.4699999988079071,0.4399999976158142,0.46000000834465027,717500,0.0,0.0
2016-07-22 00:00:00-04:00,0.46000000834465027,0.46000000834465027,0.4399999976158142,0.4399999976158142,263800,0.0,0.0
2016-07-25 00:00:00-04:00,0.4399999976158142,0.44999998807907104,0.41999998688697815,0.4399999976158142,720100,0.0,0.0
2016-07-26 00:00:00-04:00,0.4399999976158142,0.46000000834465027,0.4300000071525574,0.44999998807907104,440600,0.0,0.0
2016-07-27 00:00:00-04:00,0.46000000834465027,0.47999998927116394,0.4399999976158142,0.4699999988079071,678600,0.0,0.0
2016-07-28 00:00:00-04:00,0.4399999976158142,0.5199999809265137,0.4399999976158142,0.5199999809265137,2529800,0.0,0.0
2016-07-29 00:00:00-04:00,0.5199999809265137,0.550000011920929,0.5199999809265137,0.5400000214576721,1505300,0.0,0.0
2016-08-01 00:00:00-04:00,0.550000011920929,0.6899999976158142,0.550000011920929,0.6399999856948853,2659200,0.0,0.0
2016-08-02 00:00:00-04:00,0.5899999737739563,0.6100000143051147,0.5600000023841858,0.6000000238418579,2430400,0.0,0.0
2016-08-03 00:00:00-04:00,0.6100000143051147,0.6899999976158142,0.6100000143051147,0.6499999761581421,2091100,0.0,0.0
2016-08-04 00:00:00-04:00,0.6700000166893005,0.699999988079071,0.6600000262260437,0.6800000071525574,2346400,0.0,0.0
2016-08-05 00:00:00-04:00,0.6800000071525574,0.699999988079071,0.6600000262260437,0.699999988079071,1984300,0.0,0.0
2016-08-08 00:00:00-04:00,0.7400000095367432,0.7900000214576721,0.7300000190734863,0.7699999809265137,2502200,0.0,0.0
2016-08-09 00:00:00-04:00,0.7799999713897705,0.800000011920929,0.699999988079071,0.7099999785423279,2440700,0.0,0.0
2016-08-10 00:00:00-04:00,0.7200000286102295,0.7599999904632568,0.699999988079071,0.7400000095367432,1873500,0.0,0.0
2016-08-11 00:00:00-04:00,0.75,0.75,0.699999988079071,0.7200000286102295,1589100,0.0,0.0
2016-08-12 00:00:00-04:00,0.8399999737739563,0.8899999856948853,0.8100000023841858,0.8500000238418579,8233900,0.0,0.0
2016-08-15 00:00:00-04:00,0.8899999856948853,0.9900000095367432,0.8700000047683716,0.9399999976158142,6363500,0.0,0.0
2016-08-16 00:00:00-04:00,1.0,1.159999966621399,0.9900000095367432,1.0399999618530273,10306900,0.0,0.0
2016-08-17 00:00:00-04:00,1.0199999809265137,1.0499999523162842,0.8500000238418579,0.9599999785423279,7325400,0.0,0.0
2016-08-18 00:00:00-04:00,1.0,1.0499999523162842,0.8899999856948853,0.949999988079071,3495700,0.0,0.0
2016-08-19 00:00:00-04:00,0.8799999952316284,0.9200000166893005,0.8500000238418579,0.8899999856948853,2322000,0.0,0.0
2016-08-22 00:00:00-04:00,0.8600000143051147,0.8899999856948853,0.75,0.7900000214576721,4626600,0.0,0.0
2016-08-23 00:00:00-04:00,0.7599999904632568,0.8500000238418579,0.75,0.8500000238418579,2606100,0.0,0.0
2016-08-24 00:00:00-04:00,0.8299999833106995,0.8399999737739563,0.75,0.7799999713897705,2138700,0.0,0.0
2016-08-25 00:00:00-04:00,0.7599999904632568,0.8100000023841858,0.75,0.800000011920929,1554000,0.0,0.0
2016-08-26 00:00:00-04:00,0.800000011920929,0.8399999737739563,0.7699999809265137,0.7799999713897705,1262300,0.0,0.0
2016-08-29 00:00:00-04:00,0.7900000214576721,0.7900000214576721,0.7599999904632568,0.7599999904632568,989300,0.0,0.0
2016-08-30 00:00:00-04:00,0.75,0.7799999713897705,0.7300000190734863,0.7400000095367432,1835500,0.0,0.0
2016-08-31 00:00:00-04:00,0.7300000190734863,0.7300000190734863,0.6800000071525574,0.6899999976158142,1330000,0.0,0.0
2016-09-01 00:00:00-04:00,0.7099999785423279,0.75,0.6700000166893005,0.7400000095367432,1730700,0.0,0.0
2016-09-02 00:00:00-04:00,0.7599999904632568,0.7900000214576721,0.7200000286102295,0.7900000214576721,1752900,0.0,0.0
2016-09-06 00:00:00-04:00,0.8100000023841858,0.8700000047683716,0.8100000023841858,0.8500000238418579,1503800,0.0,0.0
2016-09-07 00:00:00-04:00,0.8700000047683716,0.8799999952316284,0.800000011920929,0.8299999833106995,1602400,0.0,0.0
2016-09-08 00:00:00-04:00,0.8399999737739563,0.8500000238418579,0.8100000023841858,0.8399999737739563,719400,0.0,0.0
2016-09-09 00:00:00-04:00,0.8500000238418579,0.8500000238418579,0.7799999713897705,0.7900000214576721,1455900,0.0,0.0
2016-09-12 00:00:00-04:00,0.7900000214576721,0.800000011920929,0.75,0.800000011920929,654400,0.0,0.0
2016-09-13 00:00:00-04:00,0.7799999713897705,0.7900000214576721,0.75,0.7799999713897705,514400,0.0,0.0
2016-09-14 00:00:00-04:00,0.7699999809265137,0.7900000214576721,0.7699999809265137,0.7799999713897705,503300,0.0,0.0
2016-09-15 00:00:00-04:00,0.7599999904632568,0.7699999809265137,0.7400000095367432,0.75,543800,0.0,0.0
2016-09-16 00:00:00-04:00,0.7400000095367432,0.75,0.7400000095367432,0.7400000095367432,339700,0.0,0.0
2016-09-19 00:00:00-04:00,0.75,0.7699999809265137,0.7300000190734863,0.7400000095367432,451800,0.0,0.0
2016-09-20 00:00:00-04:00,0.7400000095367432,0.7599999904632568,0.7300000190734863,0.75,343400,0.0,0.0
2016-09-21 00:00:00-04:00,0.75,0.8399999737739563,0.75,0.8299999833106995,1184300,0.0,0.0
2016-09-22 00:00:00-04:00,0.8500000238418579,0.8999999761581421,0.7900000214576721,0.8100000023841858,1180600,0.0,0.0
2016-09-23 00:00:00-04:00,0.800000011920929,0.8500000238418579,0.7799999713897705,0.7900000214576721,565600,0.0,0.0
2016-09-26 00:00:00-04:00,0.800000011920929,0.8199999928474426,0.7400000095367432,0.7599999904632568,548000,0.0,0.0
2016-09-27 00:00:00-04:00,0.7200000286102295,0.7599999904632568,0.7200000286102295,0.7300000190734863,733100,0.0,0.0
2016-09-28 00:00:00-04:00,0.7200000286102295,0.75,0.6800000071525574,0.75,954300,0.0,0.0
2016-09-29 00:00:00-04:00,0.75,0.75,0.699999988079071,0.7099999785423279,679400,0.0,0.0
2016-09-30 00:00:00-04:00,0.7400000095367432,0.7400000095367432,0.6899999976158142,0.7099999785423279,510100,0.0,0.0
2016-10-03 00:00:00-04:00,0.7200000286102295,0.7200000286102295,0.6800000071525574,0.699999988079071,607300,0.0,0.0
2016-10-04 00:00:00-04:00,0.6800000071525574,0.6800000071525574,0.6000000238418579,0.6399999856948853,1897500,0.0,0.0
2016-10-05 00:00:00-04:00,0.6399999856948853,0.6499999761581421,0.6200000047683716,0.6399999856948853,750700,0.0,0.0
2016-10-06 00:00:00-04:00,0.6000000238418579,0.6299999952316284,0.5699999928474426,0.5799999833106995,1355000,0.0,0.0
2016-10-07 00:00:00-04:00,0.6000000238418579,0.6399999856948853,0.6000000238418579,0.6200000047683716,495000,0.0,0.0
2016-10-10 00:00:00-04:00,0.6399999856948853,0.6700000166893005,0.6200000047683716,0.6600000262260437,722100,0.0,0.0
2016-10-11 00:00:00-04:00,0.6200000047683716,0.6499999761581421,0.6000000238418579,0.6000000238418579,599800,0.0,0.0
2016-10-12 00:00:00-04:00,0.6000000238418579,0.6000000238418579,0.5699999928474426,0.5799999833106995,674000,0.0,0.0
2016-10-13 00:00:00-04:00,0.5699999928474426,0.6100000143051147,0.5400000214576721,0.6100000143051147,1029000,0.0,0.0
2016-10-14 00:00:00-04:00,0.6100000143051147,0.6299999952316284,0.5899999737739563,0.6200000047683716,459300,0.0,0.0
2016-10-17 00:00:00-04:00,0.6299999952316284,0.6399999856948853,0.6000000238418579,0.6000000238418579,543200,0.0,0.0
2016-10-18 00:00:00-04:00,0.6100000143051147,0.6899999976158142,0.6100000143051147,0.6800000071525574,1450500,0.0,0.0
2016-10-19 00:00:00-04:00,0.6899999976158142,0.7400000095367432,0.6899999976158142,0.6899999976158142,1549600,0.0,0.0
2016-10-20 00:00:00-04:00,0.7200000286102295,0.7200000286102295,0.6700000166893005,0.699999988079071,579100,0.0,0.0
2016-10-21 00:00:00-04:00,0.7099999785423279,0.7099999785423279,0.6800000071525574,0.6899999976158142,551100,0.0,0.0
2016-10-24 00:00:00-04:00,0.7099999785423279,0.7900000214576721,0.699999988079071,0.7400000095367432,1727200,0.0,0.0
2016-10-25 00:00:00-04:00,0.7699999809265137,0.7699999809265137,0.7400000095367432,0.75,987200,0.0,0.0
2016-10-26 00:00:00-04:00,0.75,0.75,0.7300000190734863,0.7300000190734863,406800,0.0,0.0
2016-10-27 00:00:00-04:00,0.7300000190734863,0.75,0.699999988079071,0.7300000190734863,811200,0.0,0.0
2016-10-28 00:00:00-04:00,0.7699999809265137,1.0399999618530273,0.7699999809265137,0.8500000238418579,7081400,0.0,0.0
2016-10-31 00:00:00-04:00,0.8199999928474426,0.9100000262260437,0.8100000023841858,0.8399999737739563,2822300,0.0,0.0
2016-11-01 00:00:00-04:00,0.8700000047683716,0.9200000166893005,0.8399999737739563,0.8500000238418579,1807300,0.0,0.0
2016-11-02 00:00:00-04:00,0.8600000143051147,0.8799999952316284,0.8299999833106995,0.8399999737739563,2202700,0.0,0.0
2016-11-03 00:00:00-04:00,0.8600000143051147,0.8600000143051147,0.7599999904632568,0.7699999809265137,1397100,0.0,0.0
2016-11-04 00:00:00-04:00,0.7900000214576721,0.7900000214576721,0.7099999785423279,0.7300000190734863,2033600,0.0,0.0
2016-11-07 00:00:00-05:00,0.75,0.75,0.699999988079071,0.75,1738500,0.0,0.0
2016-11-08 00:00:00-05:00,0.75,0.7799999713897705,0.7400000095367432,0.75,1095800,0.0,0.0
2016-11-09 00:00:00-05:00,0.9399999976158142,0.9399999976158142,0.8500000238418579,0.9300000071525574,5738000,0.0,0.0
2016-11-10 00:00:00-05:00,0.9200000166893005,0.9300000071525574,0.8799999952316284,0.8899999856948853,1478400,0.0,0.0
2016-11-11 00:00:00-05:00,0.8799999952316284,0.8999999761581421,0.8199999928474426,0.8899999856948853,1584500,0.0,0.0
2016-11-14 00:00:00-05:00,0.8799999952316284,0.9100000262260437,0.8600000143051147,0.8899999856948853,2668100,0.0,0.0
2016-11-15 00:00:00-05:00,0.9200000166893005,1.2400000095367432,0.9100000262260437,1.2400000095367432,8815200,0.0,0.0
2016-11-16 00:00:00-05:00,1.2799999713897705,1.5499999523162842,1.159999966621399,1.3200000524520874,13851900,0.0,0.0
2016-11-17 00:00:00-05:00,1.3200000524520874,1.3300000429153442,1.159999966621399,1.2200000286102295,3801500,0.0,0.0
2016-11-18 00:00:00-05:00,1.1799999475479126,1.399999976158142,1.1299999952316284,1.3600000143051147,3369500,0.0,0.0
2016-11-21 00:00:00-05:00,1.3899999856948853,1.4199999570846558,1.2400000095367432,1.309999942779541,3011200,0.0,0.0
2016-11-22 00:00:00-05:00,1.340000033378601,1.340000033378601,1.25,1.2899999618530273,1411800,0.0,0.0
2016-11-23 00:00:00-05:00,1.190000057220459,1.2999999523162842,1.1699999570846558,1.2899999618530273,2573800,0.0,0.0
2016-11-25 00:00:00-05:00,1.25,1.2799999713897705,1.2100000381469727,1.2599999904632568,740900,0.0,0.0
2016-11-28 00:00:00-05:00,1.2799999713897705,1.2999999523162842,1.2000000476837158,1.2300000190734863,1489900,0.0,0.0
2016-11-29 00:00:00-05:00,1.2000000476837158,1.25,1.190000057220459,1.2300000190734863,795500,0.0,0.0
2016-11-30 00:00:00-05:00,1.2300000190734863,1.2400000095367432,1.190000057220459,1.2000000476837158,1140500,0.0,0.0
2016-12-01 00:00:00-05:00,1.1699999570846558,1.2000000476837158,1.1399999856948853,1.190000057220459,1585400,0.0,0.0
2016-12-02 00:00:00-05:00,1.190000057220459,1.5,1.1799999475479126,1.4500000476837158,7812900,0.0,0.0
2016-12-05 00:00:00-05:00,1.4700000286102295,1.5,1.3799999952316284,1.4800000190734863,3178500,0.0,0.0
2016-12-06 00:00:00-05:00,1.4700000286102295,1.5199999809265137,1.399999976158142,1.4199999570846558,3331700,0.0,0.0
2016-12-07 00:00:00-05:00,1.4600000381469727,1.6299999952316284,1.4500000476837158,1.5199999809265137,5312700,0.0,0.0
2016-12-08 00:00:00-05:00,1.6200000047683716,1.940000057220459,1.5399999618530273,1.909999966621399,7446300,0.0,0.0
2016-12-09 00:00:00-05:00,2.0199999809265137,2.049999952316284,1.6299999952316284,1.75,8664300,0.0,0.0
2016-12-12 00:00:00-05:00,1.75,1.75,1.649999976158142,1.6699999570846558,2044900,0.0,0.0
2016-12-13 00:00:00-05:00,1.659999966621399,1.690000057220459,1.5199999809265137,1.6699999570846558,3098200,0.0,0.0
2016-12-14 00:00:00-05:00,1.7000000476837158,1.7999999523162842,1.6299999952316284,1.649999976158142,2806900,0.0,0.0
2016-12-15 00:00:00-05:00,1.5800000429153442,1.690000057220459,1.5299999713897705,1.6200000047683716,2410500,0.0,0.0
2016-12-16 00:00:00-05:00,1.6100000143051147,1.649999976158142,1.5499999523162842,1.590000033378601,1572500,0.0,0.0
2016-12-19 00:00:00-05:00,1.6100000143051147,1.7699999809265137,1.5700000524520874,1.75,2057000,0.0,0.0
2016-12-20 00:00:00-05:00,1.7300000190734863,1.7899999618530273,1.659999966621399,1.7799999713897705,1903500,0.0,0.0
2016-12-21 00:00:00-05:00,1.7999999523162842,1.850000023841858,1.659999966621399,1.7200000286102295,2175300,0.0,0.0
2016-12-22 00:00:00-05:00,1.7400000095367432,1.7799999713897705,1.6799999475479126,1.7200000286102295,1834800,0.0,0.0
2016-12-23 00:00:00-05:00,1.75,1.9500000476837158,1.7200000286102295,1.8899999856948853,4068600,0.0,0.0
2016-12-27 00:00:00-05:00,2.0,2.5,1.9700000286102295,2.4600000381469727,11016200,0.0,0.0
2016-12-28 00:00:00-05:00,2.25,2.299999952316284,2.049999952316284,2.1700000762939453,9343200,0.0,0.0
2016-12-29 00:00:00-05:00,2.2300000190734863,2.25,2.109999895095825,2.2200000286102295,3758900,0.0,0.0
2016-12-30 00:00:00-05:00,2.2300000190734863,2.2300000190734863,2.009999990463257,2.069999933242798,5067400,0.0,0.0
2017-01-03 00:00:00-05:00,2.049999952316284,2.069999933242798,1.899999976158142,1.940000057220459,5362000,0.0,0.0
2017-01-04 00:00:00-05:00,1.940000057220459,1.940000057220459,1.7200000286102295,1.8799999952316284,5446000,0.0,0.0
2017-01-05 00:00:00-05:00,1.8899999856948853,2.069999933242798,1.8799999952316284,2.049999952316284,4207500,0.0,0.0
2017-01-06 00:00:00-05:00,2.0199999809265137,2.049999952316284,1.909999966621399,1.9199999570846558,2576700,0.0,0.0
2017-01-09 00:00:00-05:00,2.0299999713897705,2.0799999237060547,1.9500000476837158,2.0399999618530273,5635500,0.0,0.0
2017-01-10 00:00:00-05:00,2.059999942779541,2.190000057220459,2.049999952316284,2.0799999237060547,4210500,0.0,0.0
2017-01-11 00:00:00-05:00,2.0999999046325684,2.130000114440918,2.069999933242798,2.109999895095825,3024800,0.0,0.0
2017-01-12 00:00:00-05:00,2.0199999809265137,2.140000104904175,1.9299999475479126,2.0899999141693115,5778500,0.0,0.0
2017-01-13 00:00:00-05:00,2.049999952316284,2.3499999046325684,2.049999952316284,2.2799999713897705,6311500,0.0,0.0
2017-01-17 00:00:00-05:00,2.490000009536743,2.5899999141693115,2.430000066757202,2.5,10750000,0.0,0.0
2017-01-18 00:00:00-05:00,2.5999999046325684,2.609999895095825,2.5,2.5299999713897705,7656800,0.0,0.0
2017-01-19 00:00:00-05:00,2.5,2.5199999809265137,2.2799999713897705,2.4600000381469727,7500800,0.0,0.0
2017-01-20 00:00:00-05:00,2.5,2.75,2.4800000190734863,2.630000114440918,9078700,0.0,0.0
2017-01-23 00:00:00-05:00,2.7799999713897705,2.9600000381469727,2.700000047683716,2.9600000381469727,14975000,0.0,0.0
2017-01-24 00:00:00-05:00,3.1600000858306885,3.450000047683716,3.059999942779541,3.319999933242798,30999400,0.0,0.0
2017-01-25 00:00:00-05:00,3.1700000762939453,3.200000047683716,2.75,3.109999895095825,15085000,0.0,0.0
2017-01-26 00:00:00-05:00,2.940000057220459,3.0,2.75,2.950000047683716,11337300,0.0,0.0
2017-01-27 00:00:00-05:00,2.890000104904175,3.059999942779541,2.859999895095825,3.0,6132400,0.0,0.0
2017-01-30 00:00:00-05:00,3.0,3.190000057220459,2.9000000953674316,2.990000009536743,10771400,0.0,0.0
2017-01-31 00:00:00-05:00,3.059999942779541,3.059999942779541,2.8399999141693115,2.9000000953674316,7207100,0.0,0.0
2017-02-01 00:00:00-05:00,2.9000000953674316,3.0399999618530273,2.799999952316284,3.0399999618530273,7818500,0.0,0.0
2017-02-02 00:00:00-05:00,3.069999933242798,3.0799999237060547,2.9600000381469727,2.9700000286102295,5479600,0.0,0.0
2017-02-03 00:00:00-05:00,3.0,3.0,2.9000000953674316,2.930000066757202,4127600,0.0,0.0
2017-02-06 00:00:00-05:00,2.950000047683716,3.049999952316284,2.950000047683716,3.009999990463257,5061200,0.0,0.0
2017-02-07 00:00:00-05:00,3.009999990463257,3.049999952316284,2.930000066757202,2.9600000381469727,4995300,0.0,0.0
2017-02-08 00:00:00-05:00,3.0299999713897705,3.049999952316284,2.859999895095825,3.049999952316284,8239600,0.0,0.0
2017-02-09 00:00:00-05:00,3.069999933242798,3.069999933242798,2.9200000762939453,3.0399999618530273,7468900,0.0,0.0
2017-02-10 00:00:00-05:00,3.009999990463257,3.4100000858306885,2.9600000381469727,3.359999895095825,12718700,0.0,0.0
2017-02-13 00:00:00-05:00,3.3499999046325684,3.4000000953674316,3.1700000762939453,3.180000066757202,8753000,0.0,0.0
2017-02-14 00:00:00-05:00,3.009999990463257,3.0199999809265137,1.9199999570846558,2.5,65228300,0.0,0.0
2017-02-15 00:00:00-05:00,2.4600000381469727,2.680000066757202,2.009999990463257,2.5399999618530273,19038000,0.0,0.0
2017-02-16 00:00:00-05:00,2.5399999618530273,2.6600000858306885,2.240000009536743,2.259999990463257,14445700,0.0,0.0
2017-02-17 00:00:00-05:00,2.3399999141693115,2.4700000286102295,2.180000066757202,2.259999990463257,13197100,0.0,0.0
2017-02-21 00:00:00-05:00,2.299999952316284,2.319999933242798,1.590000033378601,1.659999966621399,33628200,0.0,0.0
2017-02-22 00:00:00-05:00,1.5,1.659999966621399,1.3700000047683716,1.3899999856948853,27581900,0.0,0.0
2017-02-23 00:00:00-05:00,1.6699999570846558,1.8700000047683716,1.5800000429153442,1.649999976158142,30089100,0.0,0.0
2017-02-24 00:00:00-05:00,1.7000000476837158,1.7599999904632568,1.4700000286102295,1.5499999523162842,17212200,0.0,0.0
2017-02-27 00:00:00-05:00,1.5700000524520874,1.75,1.5499999523162842,1.5800000429153442,10744600,0.0,0.0
2017-02-28 00:00:00-05:00,1.6299999952316284,1.690000057220459,1.4500000476837158,1.5399999618530273,10905800,0.0,0.0
2017-03-01 00:00:00-05:00,1.5399999618530273,1.6699999570846558,1.5099999904632568,1.600000023841858,11830700,0.0,0.0
2017-03-02 00:00:00-05:00,1.600000023841858,1.600000023841858,1.4500000476837158,1.4800000190734863,6749700,0.0,0.0
2017-03-03 00:00:00-05:00,1.4600000381469727,1.4900000095367432,1.2899999618530273,1.440000057220459,8218900,0.0,0.0
2017-03-06 00:00:00-05:00,1.399999976158142,1.4299999475479126,1.350000023841858,1.399999976158142,3222200,0.0,0.0
2017-03-07 00:00:00-05:00,1.3600000143051147,1.3700000047683716,1.1799999475479126,1.190000057220459,13523300,0.0,0.0
2017-03-08 00:00:00-05:00,1.1799999475479126,1.340000033378601,1.0800000429153442,1.3200000524520874,11235500,0.0,0.0
2017-03-09 00:00:00-05:00,1.2999999523162842,1.3300000429153442,1.2100000381469727,1.2300000190734863,4754500,0.0,0.0
2017-03-10 00:00:00-05:00,1.2300000190734863,1.2699999809265137,1.1699999570846558,1.190000057220459,4334800,0.0,0.0
2017-03-13 00:00:00-04:00,1.2400000095367432,1.2699999809265137,1.159999966621399,1.2000000476837158,4184900,0.0,0.0
2017-03-14 00:00:00-04:00,1.190000057220459,1.2100000381469727,1.059999942779541,1.0800000429153442,6270800,0.0,0.0
2017-03-15 00:00:00-04:00,1.100000023841858,1.2699999809265137,1.0700000524520874,1.2599999904632568,6603500,0.0,0.0
2017-03-16 00:00:00-04:00,1.340000033378601,1.3600000143051147,1.2100000381469727,1.2300000190734863,4855400,0.0,0.0
2017-03-17 00:00:00-04:00,1.2200000286102295,1.350000023841858,1.2100000381469727,1.350000023841858,4027300,0.0,0.0
2017-03-20 00:00:00-04:00,1.3700000047683716,1.5800000429153442,1.3600000143051147,1.5700000524520874,8785100,0.0,0.0
2017-03-21 00:00:00-04:00,1.590000033378601,1.600000023841858,1.3799999952316284,1.4199999570846558,6872400,0.0,0.0
2017-03-22 00:00:00-04:00,1.4199999570846558,1.4299999475479126,1.309999942779541,1.399999976158142,3584900,0.0,0.0
2017-03-23 00:00:00-04:00,1.3899999856948853,1.3899999856948853,1.3300000429153442,1.350000023841858,1987700,0.0,0.0
2017-03-24 00:00:00-04:00,1.3799999952316284,1.399999976158142,1.309999942779541,1.340000033378601,2261800,0.0,0.0
2017-03-27 00:00:00-04:00,1.350000023841858,1.440000057220459,1.3300000429153442,1.4299999475479126,3287900,0.0,0.0
2017-03-28 00:00:00-04:00,1.4500000476837158,1.4600000381469727,1.3600000143051147,1.3799999952316284,2439700,0.0,0.0
2017-03-29 00:00:00-04:00,1.399999976158142,1.4500000476837158,1.3799999952316284,1.440000057220459,2118500,0.0,0.0
2017-03-30 00:00:00-04:00,1.4500000476837158,1.5,1.3899999856948853,1.4199999570846558,2649300,0.0,0.0
2017-03-31 00:00:00-04:00,1.409999966621399,1.4500000476837158,1.3799999952316284,1.4299999475479126,3316400,0.0,0.0
2017-04-03 00:00:00-04:00,1.440000057220459,1.440000057220459,1.399999976158142,1.409999966621399,2107900,0.0,0.0
2017-04-04 00:00:00-04:00,1.409999966621399,1.4299999475479126,1.3300000429153442,1.340000033378601,3179500,0.0,0.0
2017-04-05 00:00:00-04:00,1.350000023841858,1.350000023841858,1.2100000381469727,1.2300000190734863,5150300,0.0,0.0
2017-04-06 00:00:00-04:00,1.2300000190734863,1.25,1.2200000286102295,1.2400000095367432,1284600,0.0,0.0
2017-04-07 00:00:00-04:00,1.2599999904632568,1.2999999523162842,1.25,1.2699999809265137,1516300,0.0,0.0
2017-04-10 00:00:00-04:00,1.2999999523162842,1.399999976158142,1.2799999713897705,1.3899999856948853,3068700,0.0,0.0
2017-04-11 00:00:00-04:00,1.3899999856948853,1.4199999570846558,1.340000033378601,1.3799999952316284,2943400,0.0,0.0
2017-04-12 00:00:00-04:00,1.5499999523162842,1.850000023841858,1.4700000286102295,1.8200000524520874,23967300,0.0,0.0
2017-04-13 00:00:00-04:00,1.7999999523162842,1.809999942779541,1.6100000143051147,1.6399999856948853,9108700,0.0,0.0
2017-04-17 00:00:00-04:00,1.600000023841858,1.7000000476837158,1.4900000095367432,1.5399999618530273,4750900,0.0,0.0
2017-04-18 00:00:00-04:00,1.5299999713897705,1.5499999523162842,1.4600000381469727,1.5199999809265137,3309200,0.0,0.0
2017-04-19 00:00:00-04:00,1.5,1.5199999809265137,1.4299999475479126,1.440000057220459,3276800,0.0,0.0
2017-04-20 00:00:00-04:00,1.4199999570846558,1.5299999713897705,1.4199999570846558,1.4900000095367432,2656900,0.0,0.0
2017-04-21 00:00:00-04:00,1.5,1.5199999809265137,1.4600000381469727,1.5099999904632568,1304500,0.0,0.0
2017-04-24 00:00:00-04:00,1.4800000190734863,1.5299999713897705,1.4600000381469727,1.4900000095367432,1999800,0.0,0.0
2017-04-25 00:00:00-04:00,1.5,1.5199999809265137,1.4600000381469727,1.5,2098700,0.0,0.0
2017-04-26 00:00:00-04:00,1.5,1.7300000190734863,1.5,1.649999976158142,6997200,0.0,0.0
2017-04-27 00:00:00-04:00,1.7000000476837158,1.7100000381469727,1.4700000286102295,1.5299999713897705,4842600,0.0,0.0
2017-04-28 00:00:00-04:00,1.5499999523162842,1.600000023841858,1.5299999713897705,1.600000023841858,1767800,0.0,0.0
2017-05-01 00:00:00-04:00,1.600000023841858,1.649999976158142,1.5499999523162842,1.5700000524520874,1825100,0.0,0.0
2017-05-02 00:00:00-04:00,1.5800000429153442,1.6299999952316284,1.559999942779541,1.6100000143051147,2784600,0.0,0.0
2017-05-03 00:00:00-04:00,1.6100000143051147,1.6299999952316284,1.4700000286102295,1.5099999904632568,4470300,0.0,0.0
2017-05-04 00:00:00-04:00,1.4800000190734863,1.4800000190734863,1.3700000047683716,1.4700000286102295,3846600,0.0,0.0
2017-05-05 00:00:00-04:00,1.7200000286102295,1.7200000286102295,1.5700000524520874,1.600000023841858,12231800,0.0,0.0
2017-05-08 00:00:00-04:00,1.6399999856948853,1.8899999856948853,1.6200000047683716,1.8300000429153442,15270100,0.0,0.0
2017-05-09 00:00:00-04:00,1.8799999952316284,2.0899999141693115,1.8700000047683716,2.0799999237060547,15677300,0.0,0.0
2017-05-10 00:00:00-04:00,2.180000066757202,2.309999942779541,1.6399999856948853,2.0399999618530273,26577100,0.0,0.0
2017-05-11 00:00:00-04:00,2.0299999713897705,2.200000047683716,1.9199999570846558,2.1700000762939453,9517900,0.0,0.0
2017-05-12 00:00:00-04:00,2.4200000762939453,2.4200000762939453,1.649999976158142,1.8600000143051147,35549400,0.0,0.0
2017-05-15 00:00:00-04:00,1.8799999952316284,1.9500000476837158,1.659999966621399,1.8300000429153442,11652500,0.0,0.0
2017-05-16 00:00:00-04:00,1.7999999523162842,1.8300000429153442,1.7400000095367432,1.809999942779541,3714000,0.0,0.0
2017-05-17 00:00:00-04:00,1.7899999618530273,1.899999976158142,1.75,1.7899999618530273,4847300,0.0,0.0
2017-05-18 00:00:00-04:00,1.7799999713897705,1.7899999618530273,1.7000000476837158,1.7300000190734863,4240300,0.0,0.0
2017-05-19 00:00:00-04:00,1.7400000095367432,1.7999999523162842,1.7100000381469727,1.7699999809265137,2649300,0.0,0.0
2017-05-22 00:00:00-04:00,1.7699999809265137,1.8300000429153442,1.75,1.7999999523162842,2401800,0.0,0.0
2017-05-23 00:00:00-04:00,1.7899999618530273,1.8300000429153442,1.7200000286102295,1.7400000095367432,2562600,0.0,0.0
2017-05-24 00:00:00-04:00,1.7400000095367432,1.7400000095367432,1.6100000143051147,1.659999966621399,3911300,0.0,0.0
2017-05-25 00:00:00-04:00,1.6299999952316284,1.659999966621399,1.600000023841858,1.659999966621399,2859500,0.0,0.0
2017-05-26 00:00:00-04:00,1.6799999475479126,1.75,1.649999976158142,1.7300000190734863,3379300,0.0,0.0
2017-05-30 00:00:00-04:00,1.7200000286102295,1.7400000095367432,1.6399999856948853,1.649999976158142,2347200,0.0,0.0
2017-05-31 00:00:00-04:00,1.649999976158142,1.6699999570846558,1.5499999523162842,1.5499999523162842,3729200,0.0,0.0
2017-06-01 00:00:00-04:00,1.5499999523162842,1.590000033378601,1.4700000286102295,1.5099999904632568,4303600,0.0,0.0
2017-06-02 00:00:00-04:00,1.4800000190734863,1.5299999713897705,1.4800000190734863,1.5299999713897705,2123000,0.0,0.0
2017-06-05 00:00:00-04:00,1.559999942779541,1.7999999523162842,1.559999942779541,1.7899999618530273,7865500,0.0,0.0
2017-06-06 00:00:00-04:00,1.809999942779541,1.9700000286102295,1.659999966621399,1.6799999475479126,10719900,0.0,0.0
2017-06-07 00:00:00-04:00,1.6399999856948853,1.7799999713897705,1.6399999856948853,1.6799999475479126,4304200,0.0,0.0
2017-06-08 00:00:00-04:00,1.690000057220459,1.7699999809265137,1.6699999570846558,1.7300000190734863,3268900,0.0,0.0
2017-06-09 00:00:00-04:00,1.7300000190734863,1.7400000095367432,1.6200000047683716,1.649999976158142,3712600,0.0,0.0
2017-06-12 00:00:00-04:00,1.649999976158142,1.7000000476837158,1.600000023841858,1.690000057220459,2246700,0.0,0.0
2017-06-13 00:00:00-04:00,1.690000057220459,1.7300000190734863,1.6399999856948853,1.7000000476837158,1971500,0.0,0.0
2017-06-14 00:00:00-04:00,1.7200000286102295,1.7400000095367432,1.5700000524520874,1.6100000143051147,3464100,0.0,0.0
2017-06-15 00:00:00-04:00,1.5700000524520874,1.6100000143051147,1.5199999809265137,1.5199999809265137,2590700,0.0,0.0
2017-06-16 00:00:00-04:00,1.5499999523162842,1.6399999856948853,1.5299999713897705,1.6299999952316284,2717000,0.0,0.0
2017-06-19 00:00:00-04:00,1.6200000047683716,1.659999966621399,1.5800000429153442,1.6100000143051147,1952100,0.0,0.0
2017-06-20 00:00:00-04:00,1.559999942779541,1.5800000429153442,1.5199999809265137,1.5499999523162842,2781000,0.0,0.0
2017-06-21 00:00:00-04:00,1.5199999809265137,1.6100000143051147,1.5199999809265137,1.559999942779541,1826500,0.0,0.0
2017-06-22 00:00:00-04:00,1.559999942779541,1.5800000429153442,1.5299999713897705,1.5399999618530273,2106000,0.0,0.0
2017-06-23 00:00:00-04:00,1.5299999713897705,1.5399999618530273,1.4600000381469727,1.4800000190734863,5301800,0.0,0.0
2017-06-26 00:00:00-04:00,1.4800000190734863,1.5,1.3899999856948853,1.4299999475479126,4126200,0.0,0.0
2017-06-27 00:00:00-04:00,1.4199999570846558,1.440000057220459,1.350000023841858,1.3600000143051147,3863800,0.0,0.0
2017-06-28 00:00:00-04:00,1.350000023841858,1.4900000095367432,1.340000033378601,1.4600000381469727,3708600,0.0,0.0
2017-06-29 00:00:00-04:00,1.4199999570846558,1.4500000476837158,1.350000023841858,1.399999976158142,2777400,0.0,0.0
2017-06-30 00:00:00-04:00,1.3799999952316284,1.399999976158142,1.3600000143051147,1.3899999856948853,1194600,0.0,0.0
2017-07-03 00:00:00-04:00,1.3600000143051147,1.3899999856948853,1.3600000143051147,1.3799999952316284,504000,0.0,0.0
2017-07-05 00:00:00-04:00,1.3799999952316284,1.409999966621399,1.350000023841858,1.350000023841858,1643300,0.0,0.0
2017-07-06 00:00:00-04:00,1.350000023841858,1.3600000143051147,1.2200000286102295,1.25,5925000,0.0,0.0
2017-07-07 00:00:00-04:00,1.25,1.2799999713897705,1.2100000381469727,1.2599999904632568,2428400,0.0,0.0
2017-07-10 00:00:00-04:00,1.2799999713897705,1.3600000143051147,1.2400000095367432,1.350000023841858,2486400,0.0,0.0
2017-07-11 00:00:00-04:00,1.350000023841858,1.4800000190734863,1.3300000429153442,1.4600000381469727,4658900,0.0,0.0
2017-07-12 00:00:00-04:00,1.5499999523162842,1.6399999856948853,1.409999966621399,1.440000057220459,10169900,0.0,0.0
2017-07-13 00:00:00-04:00,1.4500000476837158,1.4600000381469727,1.340000033378601,1.399999976158142,2852600,0.0,0.0
2017-07-14 00:00:00-04:00,1.399999976158142,1.4900000095367432,1.399999976158142,1.4900000095367432,2489300,0.0,0.0
2017-07-17 00:00:00-04:00,1.4700000286102295,1.5199999809265137,1.440000057220459,1.4600000381469727,2111300,0.0,0.0
2017-07-18 00:00:00-04:00,1.4299999475479126,1.4500000476837158,1.3799999952316284,1.399999976158142,2174600,0.0,0.0
2017-07-19 00:00:00-04:00,1.399999976158142,1.4299999475479126,1.3700000047683716,1.4299999475479126,2259700,0.0,0.0
2017-07-20 00:00:00-04:00,1.4199999570846558,1.440000057220459,1.3600000143051147,1.3899999856948853,2263700,0.0,0.0
2017-07-21 00:00:00-04:00,1.3700000047683716,1.3899999856948853,1.340000033378601,1.3600000143051147,1437000,0.0,0.0
2017-07-24 00:00:00-04:00,1.3600000143051147,1.399999976158142,1.350000023841858,1.3899999856948853,1711700,0.0,0.0
2017-07-25 00:00:00-04:00,1.399999976158142,1.440000057220459,1.3799999952316284,1.4299999475479126,2338100,0.0,0.0
2017-07-26 00:00:00-04:00,1.440000057220459,1.440000057220459,1.3799999952316284,1.4299999475479126,2047200,0.0,0.0
2017-07-27 00:00:00-04:00,1.409999966621399,1.4199999570846558,1.3799999952316284,1.3899999856948853,1262200,0.0,0.0
2017-07-28 00:00:00-04:00,1.399999976158142,1.4600000381469727,1.3899999856948853,1.440000057220459,1695900,0.0,0.0
2017-07-31 00:00:00-04:00,1.440000057220459,1.4500000476837158,1.3899999856948853,1.409999966621399,1033100,0.0,0.0
2017-08-01 00:00:00-04:00,1.409999966621399,1.4299999475479126,1.3899999856948853,1.4299999475479126,852400,0.0,0.0
2017-08-02 00:00:00-04:00,1.4299999475479126,1.4800000190734863,1.399999976158142,1.4199999570846558,1442500,0.0,0.0
2017-08-03 00:00:00-04:00,1.399999976158142,1.4299999475479126,1.399999976158142,1.4199999570846558,1124200,0.0,0.0
2017-08-04 00:00:00-04:00,1.409999966621399,1.4299999475479126,1.399999976158142,1.409999966621399,968600,0.0,0.0
2017-08-07 00:00:00-04:00,1.3899999856948853,1.409999966621399,1.340000033378601,1.3899999856948853,1611700,0.0,0.0
2017-08-08 00:00:00-04:00,1.3899999856948853,1.4600000381469727,1.3899999856948853,1.4199999570846558,2237900,0.0,0.0
2017-08-09 00:00:00-04:00,1.4500000476837158,1.4500000476837158,1.3799999952316284,1.3899999856948853,1372300,0.0,0.0
2017-08-10 00:00:00-04:00,1.409999966621399,1.4199999570846558,1.3600000143051147,1.3799999952316284,1520200,0.0,0.0
2017-08-11 00:00:00-04:00,1.350000023841858,1.4199999570846558,1.350000023841858,1.399999976158142,1081500,0.0,0.0
2017-08-14 00:00:00-04:00,1.3600000143051147,1.4199999570846558,1.3600000143051147,1.4199999570846558,1107700,0.0,0.0
2017-08-15 00:00:00-04:00,1.3899999856948853,1.409999966621399,1.3799999952316284,1.3899999856948853,1081800,0.0,0.0
2017-08-16 00:00:00-04:00,1.3899999856948853,1.5199999809265137,1.3799999952316284,1.4900000095367432,4041900,0.0,0.0
2017-08-17 00:00:00-04:00,1.4900000095367432,1.600000023841858,1.4500000476837158,1.559999942779541,4050800,0.0,0.0
2017-08-18 00:00:00-04:00,1.590000033378601,1.600000023841858,1.4500000476837158,1.4600000381469727,3013600,0.0,0.0
2017-08-21 00:00:00-04:00,1.4500000476837158,1.5199999809265137,1.4500000476837158,1.4700000286102295,868500,0.0,0.0
2017-08-22 00:00:00-04:00,1.5800000429153442,1.649999976158142,1.5099999904632568,1.6299999952316284,7081100,0.0,0.0
2017-08-23 00:00:00-04:00,1.6399999856948853,1.649999976158142,1.559999942779541,1.6200000047683716,2514100,0.0,0.0
2017-08-24 00:00:00-04:00,1.6399999856948853,1.75,1.600000023841858,1.75,4737600,0.0,0.0
2017-08-25 00:00:00-04:00,1.75,1.850000023841858,1.7200000286102295,1.7799999713897705,5718100,0.0,0.0
2017-08-28 00:00:00-04:00,1.7999999523162842,1.850000023841858,1.7400000095367432,1.7599999904632568,5183400,0.0,0.0
2017-08-29 00:00:00-04:00,1.7799999713897705,1.7799999713897705,1.6200000047683716,1.6799999475479126,5044100,0.0,0.0
2017-08-30 00:00:00-04:00,1.659999966621399,1.7100000381469727,1.6100000143051147,1.7000000476837158,2281200,0.0,0.0
2017-08-31 00:00:00-04:00,1.7200000286102295,1.7999999523162842,1.7100000381469727,1.7899999618530273,2986600,0.0,0.0
2017-09-01 00:00:00-04:00,1.75,1.840000033378601,1.7200000286102295,1.809999942779541,2484300,0.0,0.0
2017-09-05 00:00:00-04:00,1.850000023841858,1.899999976158142,1.7799999713897705,1.7899999618530273,5063200,0.0,0.0
2017-09-06 00:00:00-04:00,1.7899999618530273,1.840000033378601,1.7200000286102295,1.7999999523162842,2776700,0.0,0.0
2017-09-07 00:00:00-04:00,1.7999999523162842,1.850000023841858,1.7699999809265137,1.8200000524520874,2187300,0.0,0.0
2017-09-08 00:00:00-04:00,1.8200000524520874,1.8300000429153442,1.75,1.8200000524520874,2066100,0.0,0.0
2017-09-11 00:00:00-04:00,1.7999999523162842,1.850000023841858,1.7699999809265137,1.7999999523162842,2001100,0.0,0.0
2017-09-12 00:00:00-04:00,1.7999999523162842,1.840000033378601,1.7799999713897705,1.809999942779541,2314900,0.0,0.0
2017-09-13 00:00:00-04:00,1.7999999523162842,1.850000023841858,1.7799999713897705,1.7999999523162842,2179500,0.0,0.0
2017-09-14 00:00:00-04:00,1.7999999523162842,1.840000033378601,1.7699999809265137,1.840000033378601,1724800,0.0,0.0
2017-09-15 00:00:00-04:00,1.7999999523162842,1.850000023841858,1.7899999618530273,1.8200000524520874,1263200,0.0,0.0
2017-09-18 00:00:00-04:00,1.7999999523162842,1.850000023841858,1.7999999523162842,1.8300000429153442,1639100,0.0,0.0
2017-09-19 00:00:00-04:00,1.850000023841858,1.9800000190734863,1.850000023841858,1.899999976158142,6297200,0.0,0.0
2017-09-20 00:00:00-04:00,1.9700000286102295,1.9900000095367432,1.8899999856948853,1.9500000476837158,3407000,0.0,0.0
2017-09-21 00:00:00-04:00,1.9600000381469727,1.9600000381469727,1.8799999952316284,1.8799999952316284,2239100,0.0,0.0
2017-09-22 00:00:00-04:00,1.8799999952316284,1.9299999475479126,1.8200000524520874,1.8799999952316284,2399200,0.0,0.0
2017-09-25 00:00:00-04:00,1.7799999713897705,1.8300000429153442,1.6799999475479126,1.7400000095367432,4941200,0.0,0.0
2017-09-26 00:00:00-04:00,1.75,1.8799999952316284,1.690000057220459,1.8799999952316284,4350500,0.0,0.0
2017-09-27 00:00:00-04:00,1.8899999856948853,1.8899999856948853,1.7599999904632568,1.850000023841858,2822500,0.0,0.0
2017-09-28 00:00:00-04:00,1.840000033378601,1.8600000143051147,1.7899999618530273,1.8200000524520874,1717600,0.0,0.0
2017-09-29 00:00:00-04:00,1.840000033378601,1.840000033378601,1.7699999809265137,1.7999999523162842,1618000,0.0,0.0
2017-10-02 00:00:00-04:00,1.7899999618530273,1.7999999523162842,1.7100000381469727,1.7400000095367432,2219900,0.0,0.0
2017-10-03 00:00:00-04:00,1.75,1.7599999904632568,1.7100000381469727,1.7200000286102295,1523600,0.0,0.0
2017-10-04 00:00:00-04:00,1.7000000476837158,1.75,1.690000057220459,1.7400000095367432,1737900,0.0,0.0
2017-10-05 00:00:00-04:00,1.7699999809265137,1.8200000524520874,1.7300000190734863,1.7699999809265137,2116700,0.0,0.0
2017-10-06 00:00:00-04:00,1.7799999713897705,1.9500000476837158,1.7200000286102295,1.9299999475479126,6002700,0.0,0.0
2017-10-09 00:00:00-04:00,1.9600000381469727,2.0799999237060547,1.8899999856948853,1.940000057220459,4116100,0.0,0.0
2017-10-10 00:00:00-04:00,1.9199999570846558,1.940000057220459,1.850000023841858,1.8799999952316284,2161300,0.0,0.0
2017-10-11 00:00:00-04:00,1.940000057220459,2.0399999618530273,1.899999976158142,2.0299999713897705,5928800,0.0,0.0
2017-10-12 00:00:00-04:00,2.069999933242798,2.190000057220459,2.0199999809265137,2.1700000762939453,8553900,0.0,0.0
2017-10-13 00:00:00-04:00,2.2200000286102295,2.25,2.069999933242798,2.119999885559082,6709000,0.0,0.0
2017-10-16 00:00:00-04:00,2.1600000858306885,2.180000066757202,2.0,2.049999952316284,5570200,0.0,0.0
2017-10-17 00:00:00-04:00,2.049999952316284,2.069999933242798,1.9500000476837158,1.9900000095367432,4417100,0.0,0.0
2017-10-18 00:00:00-04:00,1.9600000381469727,2.119999885559082,1.9299999475479126,2.0899999141693115,4576700,0.0,0.0
2017-10-19 00:00:00-04:00,2.119999885559082,2.119999885559082,1.9900000095367432,2.0299999713897705,2437800,0.0,0.0
2017-10-20 00:00:00-04:00,2.0,2.0799999237060547,2.0,2.049999952316284,2624900,0.0,0.0
2017-10-23 00:00:00-04:00,2.0,2.0799999237060547,1.9700000286102295,1.9700000286102295,2833700,0.0,0.0
2017-10-24 00:00:00-04:00,1.9700000286102295,1.9800000190734863,1.8799999952316284,1.909999966621399,3249600,0.0,0.0
2017-10-25 00:00:00-04:00,1.909999966621399,1.9800000190734863,1.850000023841858,1.8899999856948853,2957500,0.0,0.0
2017-10-26 00:00:00-04:00,1.899999976158142,1.9199999570846558,1.850000023841858,1.8799999952316284,2182800,0.0,0.0
2017-10-27 00:00:00-04:00,1.9199999570846558,2.0299999713897705,1.8600000143051147,1.9900000095367432,2839000,0.0,0.0
2017-10-30 00:00:00-04:00,1.9199999570846558,2.069999933242798,1.9199999570846558,2.0199999809265137,2367600,0.0,0.0
2017-10-31 00:00:00-04:00,2.0199999809265137,2.0399999618530273,1.909999966621399,1.9800000190734863,1926600,0.0,0.0
2017-11-01 00:00:00-04:00,1.9500000476837158,2.0299999713897705,1.9500000476837158,1.9600000381469727,1701400,0.0,0.0
2017-11-02 00:00:00-04:00,1.9700000286102295,2.009999990463257,1.9199999570846558,1.9199999570846558,2725000,0.0,0.0
2017-11-03 00:00:00-04:00,1.9299999475479126,1.9500000476837158,1.7799999713897705,1.9299999475479126,6002500,0.0,0.0
2017-11-06 00:00:00-05:00,1.9500000476837158,2.049999952316284,1.909999966621399,2.049999952316284,3855700,0.0,0.0
2017-11-07 00:00:00-05:00,2.059999942779541,2.059999942779541,2.0,2.009999990463257,1777200,0.0,0.0
2017-11-08 00:00:00-05:00,2.0299999713897705,2.200000047683716,1.9900000095367432,2.180000066757202,7273600,0.0,0.0
2017-11-09 00:00:00-05:00,2.200000047683716,2.240000009536743,2.109999895095825,2.140000104904175,4217400,0.0,0.0
2017-11-10 00:00:00-05:00,2.180000066757202,2.200000047683716,2.0999999046325684,2.130000114440918,2600100,0.0,0.0
2017-11-13 00:00:00-05:00,2.190000057220459,2.319999933242798,2.130000114440918,2.2899999618530273,6721700,0.0,0.0
2017-11-14 00:00:00-05:00,2.299999952316284,2.3399999141693115,2.1600000858306885,2.1700000762939453,5314200,0.0,0.0
2017-11-15 00:00:00-05:00,2.200000047683716,2.2100000381469727,2.140000104904175,2.190000057220459,1964000,0.0,0.0
2017-11-16 00:00:00-05:00,2.2300000190734863,2.25,2.1700000762939453,2.2200000286102295,3786900,0.0,0.0
2017-11-17 00:00:00-05:00,2.180000066757202,2.2100000381469727,2.109999895095825,2.119999885559082,4562000,0.0,0.0
2017-11-20 00:00:00-05:00,2.180000066757202,2.190000057220459,2.069999933242798,2.109999895095825,3877400,0.0,0.0
2017-11-21 00:00:00-05:00,2.140000104904175,2.180000066757202,2.0799999237060547,2.0999999046325684,2638700,0.0,0.0
2017-11-22 00:00:00-05:00,2.049999952316284,2.0999999046325684,2.049999952316284,2.059999942779541,2174300,0.0,0.0
2017-11-24 00:00:00-05:00,2.0899999141693115,2.109999895095825,2.0299999713897705,2.069999933242798,1411700,0.0,0.0
2017-11-27 00:00:00-05:00,2.0199999809265137,2.049999952316284,1.9600000381469727,1.9800000190734863,4081100,0.0,0.0
2017-11-28 00:00:00-05:00,1.9800000190734863,2.0,1.899999976158142,1.9700000286102295,3265100,0.0,0.0
2017-11-29 00:00:00-05:00,1.9800000190734863,1.9800000190734863,1.850000023841858,1.909999966621399,3913300,0.0,0.0
2017-11-30 00:00:00-05:00,1.899999976158142,2.009999990463257,1.8799999952316284,1.9700000286102295,2978600,0.0,0.0
2017-12-01 00:00:00-05:00,2.009999990463257,2.069999933242798,1.9500000476837158,2.0399999618530273,3142400,0.0,0.0
2017-12-04 00:00:00-05:00,2.0899999141693115,2.0899999141693115,1.9600000381469727,1.9800000190734863,2071100,0.0,0.0
2017-12-05 00:00:00-05:00,1.9600000381469727,2.0,1.899999976158142,1.940000057220459,2110600,0.0,0.0
2017-12-06 00:00:00-05:00,1.9299999475479126,1.9299999475479126,1.840000033378601,1.909999966621399,2459700,0.0,0.0
2017-12-07 00:00:00-05:00,1.8899999856948853,1.940000057220459,1.8600000143051147,1.8799999952316284,1777500,0.0,0.0
2017-12-08 00:00:00-05:00,1.8899999856948853,1.9600000381469727,1.8899999856948853,1.9299999475479126,1542900,0.0,0.0
2017-12-11 00:00:00-05:00,1.9299999475479126,2.0399999618530273,1.909999966621399,2.009999990463257,2724300,0.0,0.0
2017-12-12 00:00:00-05:00,2.0,2.0399999618530273,1.9700000286102295,1.9800000190734863,1727300,0.0,0.0
2017-12-13 00:00:00-05:00,1.9800000190734863,2.0199999809265137,1.940000057220459,2.009999990463257,2551200,0.0,0.0
2017-12-14 00:00:00-05:00,2.009999990463257,2.180000066757202,2.0,2.130000114440918,5048600,0.0,0.0
2017-12-15 00:00:00-05:00,2.1500000953674316,2.180000066757202,2.069999933242798,2.1600000858306885,2842100,0.0,0.0
2017-12-18 00:00:00-05:00,2.25,2.299999952316284,1.7999999523162842,1.909999966621399,21116300,0.0,0.0
2017-12-19 00:00:00-05:00,1.8600000143051147,1.9900000095367432,1.7999999523162842,1.7999999523162842,6382300,0.0,0.0
2017-12-20 00:00:00-05:00,1.809999942779541,1.8200000524520874,1.6299999952316284,1.7200000286102295,6575500,0.0,0.0
2017-12-21 00:00:00-05:00,1.7799999713897705,1.9299999475479126,1.75,1.8300000429153442,6288900,0.0,0.0
2017-12-22 00:00:00-05:00,1.8600000143051147,1.8600000143051147,1.7799999713897705,1.840000033378601,3065400,0.0,0.0
2017-12-26 00:00:00-05:00,1.8799999952316284,1.8899999856948853,1.809999942779541,1.8300000429153442,1988200,0.0,0.0
2017-12-27 00:00:00-05:00,1.8200000524520874,1.840000033378601,1.7999999523162842,1.8300000429153442,1704600,0.0,0.0
2017-12-28 00:00:00-05:00,1.7999999523162842,1.840000033378601,1.7699999809265137,1.8200000524520874,2414500,0.0,0.0
2017-12-29 00:00:00-05:00,1.7799999713897705,1.8300000429153442,1.7599999904632568,1.7699999809265137,3147500,0.0,0.0
2018-01-02 00:00:00-05:00,1.7699999809265137,1.8600000143051147,1.75,1.850000023841858,3029400,0.0,0.0
2018-01-03 00:00:00-05:00,1.840000033378601,1.840000033378601,1.75,1.7699999809265137,2903900,0.0,0.0
2018-01-04 00:00:00-05:00,1.7400000095367432,1.7799999713897705,1.7400000095367432,1.7599999904632568,2445000,0.0,0.0
2018-01-05 00:00:00-05:00,1.75,1.7899999618530273,1.7200000286102295,1.7599999904632568,2078500,0.0,0.0
2018-01-08 00:00:00-05:00,1.7799999713897705,1.8300000429153442,1.7599999904632568,1.7799999713897705,3842900,0.0,0.0
2018-01-09 00:00:00-05:00,1.7799999713897705,1.7899999618530273,1.7400000095367432,1.7400000095367432,1613600,0.0,0.0
2018-01-10 00:00:00-05:00,1.7400000095367432,1.7799999713897705,1.659999966621399,1.6799999475479126,3386500,0.0,0.0
2018-01-11 00:00:00-05:00,1.6799999475479126,1.7100000381469727,1.649999976158142,1.659999966621399,2237200,0.0,0.0
2018-01-12 00:00:00-05:00,1.6699999570846558,1.6799999475479126,1.6299999952316284,1.6799999475479126,2922900,0.0,0.0
2018-01-16 00:00:00-05:00,1.7000000476837158,1.7200000286102295,1.6799999475479126,1.690000057220459,1984600,0.0,0.0
2018-01-17 00:00:00-05:00,1.6799999475479126,1.7100000381469727,1.6699999570846558,1.690000057220459,1487200,0.0,0.0
2018-01-18 00:00:00-05:00,1.6799999475479126,1.7300000190734863,1.6799999475479126,1.7100000381469727,1523300,0.0,0.0
2018-01-19 00:00:00-05:00,1.7000000476837158,1.7400000095367432,1.7000000476837158,1.7100000381469727,1369700,0.0,0.0
2018-01-22 00:00:00-05:00,1.690000057220459,1.7100000381469727,1.6299999952316284,1.6299999952316284,2067900,0.0,0.0
2018-01-23 00:00:00-05:00,1.6299999952316284,1.6399999856948853,1.5299999713897705,1.559999942779541,3854800,0.0,0.0
2018-01-24 00:00:00-05:00,1.5700000524520874,1.6399999856948853,1.5199999809265137,1.600000023841858,4360200,0.0,0.0
2018-01-25 00:00:00-05:00,1.6100000143051147,1.6100000143051147,1.5,1.5099999904632568,3216500,0.0,0.0
2018-01-26 00:00:00-05:00,1.5199999809265137,1.6100000143051147,1.5099999904632568,1.5299999713897705,2389600,0.0,0.0
2018-01-29 00:00:00-05:00,1.2000000476837158,1.2699999809265137,1.1200000047683716,1.2000000476837158,15810700,0.0,0.0
2018-01-30 00:00:00-05:00,1.190000057220459,1.2200000286102295,1.1399999856948853,1.159999966621399,5910800,0.0,0.0
2018-01-31 00:00:00-05:00,1.159999966621399,1.1799999475479126,0.9599999785423279,0.9900000095367432,12182700,0.0,0.0
2018-02-01 00:00:00-05:00,0.9599999785423279,0.9800000190734863,0.8999999761581421,0.9399999976158142,6173200,0.0,0.0
2018-02-02 00:00:00-05:00,0.9300000071525574,0.9599999785423279,0.8100000023841858,0.8600000143051147,6569900,0.0,0.0
2018-02-05 00:00:00-05:00,0.8399999737739563,1.0499999523162842,0.8199999928474426,1.0299999713897705,6270300,0.0,0.0
2018-02-06 00:00:00-05:00,1.100000023841858,1.1399999856948853,1.0,1.0399999618530273,4848200,0.0,0.0
2018-02-07 00:00:00-05:00,1.100000023841858,1.190000057220459,1.059999942779541,1.1799999475479126,4093700,0.0,0.0
2018-02-08 00:00:00-05:00,1.2000000476837158,1.2999999523162842,1.0800000429153442,1.1100000143051147,6654400,0.0,0.0
2018-02-09 00:00:00-05:00,1.1100000143051147,1.1699999570846558,0.9800000190734863,1.0499999523162842,4518700,0.0,0.0
2018-02-12 00:00:00-05:00,1.159999966621399,1.159999966621399,1.0399999618530273,1.1200000047683716,1906600,0.0,0.0
2018-02-13 00:00:00-05:00,1.100000023841858,1.1399999856948853,1.0700000524520874,1.090000033378601,1028100,0.0,0.0
2018-02-14 00:00:00-05:00,1.0800000429153442,1.1100000143051147,1.0499999523162842,1.100000023841858,1817500,0.0,0.0
2018-02-15 00:00:00-05:00,1.100000023841858,1.1200000047683716,1.0800000429153442,1.1100000143051147,767100,0.0,0.0
2018-02-16 00:00:00-05:00,1.1100000143051147,1.1299999952316284,1.0499999523162842,1.0700000524520874,1228700,0.0,0.0
2018-02-20 00:00:00-05:00,1.100000023841858,1.100000023841858,1.059999942779541,1.0800000429153442,1008200,0.0,0.0
2018-02-21 00:00:00-05:00,1.0700000524520874,1.0800000429153442,1.0499999523162842,1.0700000524520874,961800,0.0,0.0
2018-02-22 00:00:00-05:00,1.0800000429153442,1.0800000429153442,1.0299999713897705,1.059999942779541,1096300,0.0,0.0
2018-02-23 00:00:00-05:00,1.0399999618530273,1.100000023841858,1.0299999713897705,1.090000033378601,1608800,0.0,0.0
2018-02-26 00:00:00-05:00,1.100000023841858,1.1299999952316284,1.0800000429153442,1.100000023841858,1232700,0.0,0.0
2018-02-27 00:00:00-05:00,1.100000023841858,1.1299999952316284,1.059999942779541,1.059999942779541,1648400,0.0,0.0
2018-02-28 00:00:00-05:00,1.0800000429153442,1.0800000429153442,1.0099999904632568,1.0700000524520874,917400,0.0,0.0
2018-03-01 00:00:00-05:00,1.0499999523162842,1.059999942779541,1.0,1.0399999618530273,1539000,0.0,0.0
2018-03-02 00:00:00-05:00,1.0399999618530273,1.0399999618530273,0.9300000071525574,0.949999988079071,3066500,0.0,0.0
2018-03-05 00:00:00-05:00,0.949999988079071,0.9599999785423279,0.8999999761581421,0.9200000166893005,1802600,0.0,0.0
2018-03-06 00:00:00-05:00,0.8999999761581421,0.9700000286102295,0.8999999761581421,0.9599999785423279,1560400,0.0,0.0
2018-03-07 00:00:00-05:00,0.9800000190734863,0.9800000190734863,0.9200000166893005,0.9300000071525574,1028700,0.0,0.0
2018-03-08 00:00:00-05:00,0.949999988079071,0.949999988079071,0.9200000166893005,0.9200000166893005,1060400,0.0,0.0
2018-03-09 00:00:00-05:00,0.9200000166893005,0.949999988079071,0.9200000166893005,0.9399999976158142,902200,0.0,0.0
2018-03-12 00:00:00-04:00,0.9200000166893005,0.9399999976158142,0.9200000166893005,0.9300000071525574,578600,0.0,0.0
2018-03-13 00:00:00-04:00,0.9399999976158142,0.949999988079071,0.9200000166893005,0.9200000166893005,927100,0.0,0.0
2018-03-14 00:00:00-04:00,0.9200000166893005,0.9399999976158142,0.9200000166893005,0.9200000166893005,508100,0.0,0.0
2018-03-15 00:00:00-04:00,0.9399999976158142,0.9399999976158142,0.8999999761581421,0.9100000262260437,520300,0.0,0.0
2018-03-16 00:00:00-04:00,0.9100000262260437,0.9200000166893005,0.8600000143051147,0.8799999952316284,1300100,0.0,0.0
2018-03-19 00:00:00-04:00,0.8700000047683716,0.8999999761581421,0.8600000143051147,0.8899999856948853,1119900,0.0,0.0
2018-03-20 00:00:00-04:00,0.8799999952316284,0.8999999761581421,0.8399999737739563,0.8399999737739563,1021500,0.0,0.0
2018-03-21 00:00:00-04:00,0.8299999833106995,0.8999999761581421,0.8299999833106995,0.8899999856948853,1254800,0.0,0.0
2018-03-22 00:00:00-04:00,0.8799999952316284,0.9399999976158142,0.8700000047683716,0.9300000071525574,1493300,0.0,0.0
2018-03-23 00:00:00-04:00,0.949999988079071,0.949999988079071,0.8999999761581421,0.9100000262260437,886300,0.0,0.0
2018-03-26 00:00:00-04:00,0.9100000262260437,0.9200000166893005,0.8700000047683716,0.8899999856948853,643000,0.0,0.0
2018-03-27 00:00:00-04:00,0.8999999761581421,0.9300000071525574,0.8899999856948853,0.8999999761581421,1184100,0.0,0.0
2018-03-28 00:00:00-04:00,0.8999999761581421,0.9100000262260437,0.8899999856948853,0.8999999761581421,900400,0.0,0.0
2018-03-29 00:00:00-04:00,0.8999999761581421,0.9200000166893005,0.8899999856948853,0.9100000262260437,497400,0.0,0.0
2018-04-02 00:00:00-04:00,0.9100000262260437,0.9100000262260437,0.8700000047683716,0.8799999952316284,755000,0.0,0.0
2018-04-03 00:00:00-04:00,0.8899999856948853,0.8999999761581421,0.8700000047683716,0.8899999856948853,483700,0.0,0.0
2018-04-04 00:00:00-04:00,0.8999999761581421,0.9100000262260437,0.8799999952316284,0.8999999761581421,642700,0.0,0.0
2018-04-05 00:00:00-04:00,0.9100000262260437,0.9100000262260437,0.8700000047683716,0.8999999761581421,807300,0.0,0.0
2018-04-06 00:00:00-04:00,0.8999999761581421,0.8999999761581421,0.8700000047683716,0.8700000047683716,612100,0.0,0.0
2018-04-09 00:00:00-04:00,0.8700000047683716,0.8799999952316284,0.8199999928474426,0.8399999737739563,1194800,0.0,0.0
2018-04-10 00:00:00-04:00,0.8399999737739563,0.8799999952316284,0.8299999833106995,0.8600000143051147,857900,0.0,0.0
2018-04-11 00:00:00-04:00,0.8799999952316284,0.8799999952316284,0.8399999737739563,0.8600000143051147,1074300,0.0,0.0
2018-04-12 00:00:00-04:00,0.8600000143051147,0.8899999856948853,0.8500000238418579,0.8799999952316284,828600,0.0,0.0
2018-04-13 00:00:00-04:00,0.8700000047683716,0.8999999761581421,0.8700000047683716,0.8899999856948853,866500,0.0,0.0
2018-04-16 00:00:00-04:00,0.8999999761581421,0.8999999761581421,0.8700000047683716,0.8700000047683716,721700,0.0,0.0
2018-04-17 00:00:00-04:00,0.8899999856948853,0.9100000262260437,0.8700000047683716,0.9100000262260437,671500,0.0,0.0
2018-04-18 00:00:00-04:00,0.9100000262260437,1.0,0.8999999761581421,0.9700000286102295,1957400,0.0,0.0
2018-04-19 00:00:00-04:00,0.9599999785423279,0.9800000190734863,0.9399999976158142,0.9700000286102295,692800,0.0,0.0
2018-04-20 00:00:00-04:00,1.0,1.0,0.9399999976158142,0.9800000190734863,673600,0.0,0.0
2018-04-23 00:00:00-04:00,0.9800000190734863,0.9900000095367432,0.9300000071525574,0.9300000071525574,545400,0.0,0.0
2018-04-24 00:00:00-04:00,0.9399999976158142,0.949999988079071,0.9300000071525574,0.9399999976158142,391900,0.0,0.0
2018-04-25 00:00:00-04:00,0.949999988079071,0.949999988079071,0.8799999952316284,0.8799999952316284,814000,0.0,0.0
2018-04-26 00:00:00-04:00,0.8899999856948853,0.9100000262260437,0.8600000143051147,0.8700000047683716,639200,0.0,0.0
2018-04-27 00:00:00-04:00,0.8700000047683716,0.8999999761581421,0.8199999928474426,0.8500000238418579,908800,0.0,0.0
2018-04-30 00:00:00-04:00,0.8600000143051147,0.8799999952316284,0.8100000023841858,0.8799999952316284,1479100,0.0,0.0
2018-05-01 00:00:00-04:00,0.8299999833106995,0.8500000238418579,0.8199999928474426,0.8399999737739563,1087400,0.0,0.0
2018-05-02 00:00:00-04:00,0.8500000238418579,0.8600000143051147,0.8299999833106995,0.8600000143051147,721500,0.0,0.0
2018-05-03 00:00:00-04:00,0.8600000143051147,0.8600000143051147,0.8299999833106995,0.8500000238418579,371400,0.0,0.0
2018-05-04 00:00:00-04:00,0.8600000143051147,0.9100000262260437,0.8399999737739563,0.8899999856948853,941300,0.0,0.0
2018-05-07 00:00:00-04:00,0.8700000047683716,0.8899999856948853,0.8600000143051147,0.8799999952316284,813000,0.0,0.0
2018-05-08 00:00:00-04:00,0.8799999952316284,0.8799999952316284,0.8299999833106995,0.8299999833106995,1165000,0.0,0.0
2018-05-09 00:00:00-04:00,0.8399999737739563,0.8600000143051147,0.8299999833106995,0.8500000238418579,862200,0.0,0.0
2018-05-10 00:00:00-04:00,0.8399999737739563,0.8500000238418579,0.8299999833106995,0.8399999737739563,702800,0.0,0.0
2018-05-11 00:00:00-04:00,0.8399999737739563,0.8500000238418579,0.8199999928474426,0.8199999928474426,668200,0.0,0.0
2018-05-14 00:00:00-04:00,0.8199999928474426,0.8399999737739563,0.7799999713897705,0.7799999713897705,1580900,0.0,0.0
2018-05-15 00:00:00-04:00,0.7699999809265137,0.7900000214576721,0.7400000095367432,0.7699999809265137,1347900,0.0,0.0
2018-05-16 00:00:00-04:00,0.7699999809265137,0.7699999809265137,0.699999988079071,0.7099999785423279,2531200,0.0,0.0
2018-05-17 00:00:00-04:00,0.7200000286102295,0.7200000286102295,0.6600000262260437,0.6800000071525574,2143600,0.0,0.0
2018-05-18 00:00:00-04:00,0.6899999976158142,0.699999988079071,0.6700000166893005,0.6700000166893005,1075000,0.0,0.0
2018-05-21 00:00:00-04:00,0.6800000071525574,0.7400000095367432,0.6800000071525574,0.7099999785423279,1075200,0.0,0.0
2018-05-22 00:00:00-04:00,0.7099999785423279,0.7400000095367432,0.699999988079071,0.7300000190734863,645000,0.0,0.0
2018-05-23 00:00:00-04:00,0.7400000095367432,0.75,0.7099999785423279,0.7099999785423279,621800,0.0,0.0
2018-05-24 00:00:00-04:00,0.7200000286102295,0.7300000190734863,0.699999988079071,0.699999988079071,590100,0.0,0.0
2018-05-25 00:00:00-04:00,0.44999998807907104,0.5400000214576721,0.4399999976158142,0.4699999988079071,12619300,0.0,0.0
2018-05-29 00:00:00-04:00,0.4399999976158142,0.46000000834465027,0.4300000071525574,0.46000000834465027,3069900,0.0,0.0
2018-05-30 00:00:00-04:00,0.4699999988079071,0.49000000953674316,0.46000000834465027,0.47999998927116394,1794600,0.0,0.0
2018-05-31 00:00:00-04:00,0.49000000953674316,0.5,0.46000000834465027,0.47999998927116394,2032600,0.0,0.0
2018-06-01 00:00:00-04:00,0.47999998927116394,0.49000000953674316,0.46000000834465027,0.49000000953674316,1262000,0.0,0.0
2018-06-04 00:00:00-04:00,0.49000000953674316,0.49000000953674316,0.4699999988079071,0.47999998927116394,1116000,0.0,0.0
2018-06-05 00:00:00-04:00,0.47999998927116394,0.6899999976158142,0.47999998927116394,0.6499999761581421,5944600,0.0,0.0
2018-06-06 00:00:00-04:00,0.6000000238418579,0.6399999856948853,0.5699999928474426,0.6200000047683716,3746300,0.0,0.0
2018-06-07 00:00:00-04:00,0.6200000047683716,0.6200000047683716,0.550000011920929,0.5600000023841858,1442200,0.0,0.0
2018-06-08 00:00:00-04:00,0.5600000023841858,0.6000000238418579,0.5600000023841858,0.5899999737739563,1064900,0.0,0.0
2018-06-11 00:00:00-04:00,0.6000000238418579,0.6000000238418579,0.5699999928474426,0.5799999833106995,1286900,0.0,0.0
2018-06-12 00:00:00-04:00,0.5899999737739563,0.5899999737739563,0.550000011920929,0.5600000023841858,1298500,0.0,0.0
2018-06-13 00:00:00-04:00,0.5600000023841858,0.5699999928474426,0.5400000214576721,0.5400000214576721,1111600,0.0,0.0
2018-06-14 00:00:00-04:00,0.5400000214576721,0.550000011920929,0.5199999809265137,0.5299999713897705,627900,0.0,0.0
2018-06-15 00:00:00-04:00,0.5299999713897705,0.550000011920929,0.5099999904632568,0.5199999809265137,928200,0.0,0.0
2018-06-18 00:00:00-04:00,0.5199999809265137,0.5299999713897705,0.49000000953674316,0.5099999904632568,973300,0.0,0.0
2018-06-19 00:00:00-04:00,0.5099999904632568,0.5099999904632568,0.4699999988079071,0.49000000953674316,886700,0.0,0.0
2018-06-20 00:00:00-04:00,0.5,0.5199999809265137,0.49000000953674316,0.5099999904632568,729300,0.0,0.0
2018-06-21 00:00:00-04:00,0.5199999809265137,0.5199999809265137,0.5,0.5099999904632568,588500,0.0,0.0
2018-06-22 00:00:00-04:00,0.5099999904632568,0.550000011920929,0.5,0.550000011920929,835600,0.0,0.0
2018-06-25 00:00:00-04:00,0.550000011920929,0.550000011920929,0.5099999904632568,0.5199999809265137,600400,0.0,0.0
2018-06-26 00:00:00-04:00,0.550000011920929,0.5600000023841858,0.5,0.5199999809265137,903600,0.0,0.0
2018-06-27 00:00:00-04:00,0.5199999809265137,0.5600000023841858,0.5199999809265137,0.5400000214576721,1478400,0.0,0.0
2018-06-28 00:00:00-04:00,0.5400000214576721,0.550000011920929,0.5299999713897705,0.550000011920929,624700,0.0,0.0
2018-06-29 00:00:00-04:00,0.550000011920929,0.5699999928474426,0.5400000214576721,0.5400000214576721,748600,0.0,0.0
2018-07-02 00:00:00-04:00,0.5400000214576721,0.5600000023841858,0.5199999809265137,0.5299999713897705,583600,0.0,0.0
2018-07-03 00:00:00-04:00,0.550000011920929,0.550000011920929,0.5099999904632568,0.5299999713897705,388300,0.0,0.0
2018-07-05 00:00:00-04:00,0.5299999713897705,0.5600000023841858,0.5099999904632568,0.550000011920929,1017300,0.0,0.0
2018-07-06 00:00:00-04:00,0.5299999713897705,0.550000011920929,0.5199999809265137,0.5199999809265137,674000,0.0,0.0
2018-07-09 00:00:00-04:00,0.5299999713897705,0.550000011920929,0.5099999904632568,0.5199999809265137,1113400,0.0,0.0
2018-07-10 00:00:00-04:00,0.5199999809265137,0.5299999713897705,0.5099999904632568,0.5099999904632568,606300,0.0,0.0
2018-07-11 00:00:00-04:00,0.5199999809265137,0.5299999713897705,0.5,0.5099999904632568,614600,0.0,0.0
2018-07-12 00:00:00-04:00,0.5099999904632568,0.5199999809265137,0.5,0.5099999904632568,957700,0.0,0.0
2018-07-13 00:00:00-04:00,0.5099999904632568,0.5199999809265137,0.5,0.5099999904632568,873600,0.0,0.0
2018-07-16 00:00:00-04:00,0.5099999904632568,0.5099999904632568,0.49000000953674316,0.5,679500,0.0,0.0
2018-07-17 00:00:00-04:00,0.5,0.5099999904632568,0.47999998927116394,0.5,1112500,0.0,0.0
2018-07-18 00:00:00-04:00,0.5,0.5099999904632568,0.5,0.5,589400,0.0,0.0
2018-07-19 00:00:00-04:00,0.5,0.5,0.47999998927116394,0.49000000953674316,588600,0.0,0.0
2018-07-20 00:00:00-04:00,0.49000000953674316,0.5199999809265137,0.49000000953674316,0.5099999904632568,458000,0.0,0.0
2018-07-23 00:00:00-04:00,0.49000000953674316,0.5099999904632568,0.49000000953674316,0.5,529000,0.0,0.0
2018-07-24 00:00:00-04:00,0.5,0.5,0.49000000953674316,0.5,474000,0.0,0.0
2018-07-25 00:00:00-04:00,0.49000000953674316,0.5,0.49000000953674316,0.5,809200,0.0,0.0
2018-07-26 00:00:00-04:00,0.5199999809265137,0.5400000214576721,0.5,0.5400000214576721,1317200,0.0,0.0
2018-07-27 00:00:00-04:00,0.550000011920929,0.5699999928474426,0.5400000214576721,0.5600000023841858,1281600,0.0,0.0
2018-07-30 00:00:00-04:00,0.5699999928474426,0.6800000071525574,0.5699999928474426,0.6200000047683716,3861200,0.0,0.0
2018-07-31 00:00:00-04:00,0.6600000262260437,0.6600000262260437,0.5799999833106995,0.6100000143051147,1264200,0.0,0.0
2018-08-01 00:00:00-04:00,0.6200000047683716,0.6200000047683716,0.5799999833106995,0.5799999833106995,706900,0.0,0.0
2018-08-02 00:00:00-04:00,0.6000000238418579,0.6000000238418579,0.5799999833106995,0.5799999833106995,861200,0.0,0.0
2018-08-03 00:00:00-04:00,0.5799999833106995,0.5899999737739563,0.550000011920929,0.5699999928474426,791400,0.0,0.0
2018-08-06 00:00:00-04:00,0.5600000023841858,0.6000000238418579,0.5600000023841858,0.5899999737739563,472700,0.0,0.0
2018-08-07 00:00:00-04:00,0.6000000238418579,0.6100000143051147,0.5899999737739563,0.6000000238418579,1071400,0.0,0.0
2018-08-08 00:00:00-04:00,0.6000000238418579,0.6000000238418579,0.5699999928474426,0.5699999928474426,595300,0.0,0.0
2018-08-09 00:00:00-04:00,0.5699999928474426,0.6000000238418579,0.5699999928474426,0.5799999833106995,303100,0.0,0.0
2018-08-10 00:00:00-04:00,0.6000000238418579,0.6000000238418579,0.5600000023841858,0.5600000023841858,517500,0.0,0.0
2018-08-13 00:00:00-04:00,0.5600000023841858,0.5799999833106995,0.5400000214576721,0.550000011920929,672600,0.0,0.0
2018-08-14 00:00:00-04:00,0.550000011920929,0.550000011920929,0.5199999809265137,0.5299999713897705,665900,0.0,0.0
2018-08-15 00:00:00-04:00,0.5199999809265137,0.5199999809265137,0.5,0.5099999904632568,1321800,0.0,0.0
2018-08-16 00:00:00-04:00,0.5,0.5299999713897705,0.5,0.5,1438400,0.0,0.0
2018-08-17 00:00:00-04:00,0.5,0.5099999904632568,0.49000000953674316,0.5,686500,0.0,0.0
2018-08-20 00:00:00-04:00,0.5,0.5099999904632568,0.5,0.5099999904632568,406600,0.0,0.0
2018-08-21 00:00:00-04:00,0.5099999904632568,0.5199999809265137,0.5,0.5199999809265137,601300,0.0,0.0
2018-08-22 00:00:00-04:00,0.5199999809265137,0.5699999928474426,0.5199999809265137,0.550000011920929,1007900,0.0,0.0
2018-08-23 00:00:00-04:00,0.550000011920929,0.550000011920929,0.5299999713897705,0.5299999713897705,336000,0.0,0.0
2018-08-24 00:00:00-04:00,0.5400000214576721,0.5600000023841858,0.5299999713897705,0.5400000214576721,524600,0.0,0.0
2018-08-27 00:00:00-04:00,0.5400000214576721,0.550000011920929,0.5400000214576721,0.550000011920929,489500,0.0,0.0
2018-08-28 00:00:00-04:00,0.5400000214576721,0.5699999928474426,0.5400000214576721,0.5699999928474426,774100,0.0,0.0
2018-08-29 00:00:00-04:00,0.5699999928474426,0.5899999737739563,0.5699999928474426,0.5799999833106995,833100,0.0,0.0
2018-08-30 00:00:00-04:00,0.5600000023841858,0.5899999737739563,0.5600000023841858,0.5899999737739563,500700,0.0,0.0
2018-08-31 00:00:00-04:00,0.5899999737739563,0.5899999737739563,0.5699999928474426,0.5799999833106995,468400,0.0,0.0
2018-09-04 00:00:00-04:00,0.5799999833106995,0.5899999737739563,0.5699999928474426,0.5899999737739563,507700,0.0,0.0
2018-09-05 00:00:00-04:00,0.5799999833106995,0.5899999737739563,0.5699999928474426,0.5899999737739563,378300,0.0,0.0
2018-09-06 00:00:00-04:00,0.5699999928474426,0.5899999737739563,0.550000011920929,0.550000011920929,893600,0.0,0.0
2018-09-07 00:00:00-04:00,0.550000011920929,0.5699999928474426,0.5400000214576721,0.550000011920929,464500,0.0,0.0
2018-09-10 00:00:00-04:00,0.5600000023841858,0.5799999833106995,0.5400000214576721,0.5400000214576721,452100,0.0,0.0
2018-09-11 00:00:00-04:00,0.550000011920929,0.550000011920929,0.5299999713897705,0.5299999713897705,326700,0.0,0.0
2018-09-12 00:00:00-04:00,0.5400000214576721,0.550000011920929,0.5199999809265137,0.5199999809265137,753800,0.0,0.0
2018-09-13 00:00:00-04:00,0.5199999809265137,0.5400000214576721,0.5199999809265137,0.5299999713897705,313800,0.0,0.0
2018-09-14 00:00:00-04:00,0.5400000214576721,0.5400000214576721,0.5199999809265137,0.5299999713897705,452800,0.0,0.0
2018-09-17 00:00:00-04:00,0.5199999809265137,0.5400000214576721,0.5199999809265137,0.5400000214576721,467000,0.0,0.0
2018-09-18 00:00:00-04:00,0.5400000214576721,0.550000011920929,0.5199999809265137,0.5299999713897705,527800,0.0,0.0
2018-09-19 00:00:00-04:00,0.5299999713897705,0.550000011920929,0.5199999809265137,0.5299999713897705,545400,0.0,0.0
2018-09-20 00:00:00-04:00,0.5299999713897705,0.550000011920929,0.5299999713897705,0.5299999713897705,464400,0.0,0.0
2018-09-21 00:00:00-04:00,0.5299999713897705,0.5899999737739563,0.5299999713897705,0.5400000214576721,1151600,0.0,0.0
2018-09-24 00:00:00-04:00,0.550000011920929,0.5600000023841858,0.5299999713897705,0.550000011920929,449300,0.0,0.0
2018-09-25 00:00:00-04:00,0.5400000214576721,0.5600000023841858,0.5299999713897705,0.550000011920929,542200,0.0,0.0
2018-09-26 00:00:00-04:00,0.5400000214576721,0.5600000023841858,0.5400000214576721,0.5600000023841858,307700,0.0,0.0
2018-09-27 00:00:00-04:00,0.5600000023841858,0.5600000023841858,0.5400000214576721,0.5400000214576721,416500,0.0,0.0
2018-09-28 00:00:00-04:00,0.550000011920929,0.5600000023841858,0.550000011920929,0.5600000023841858,536900,0.0,0.0
2018-10-01 00:00:00-04:00,0.5600000023841858,0.5600000023841858,0.5400000214576721,0.5600000023841858,834800,0.0,0.0
2018-10-02 00:00:00-04:00,0.5400000214576721,0.5600000023841858,0.5400000214576721,0.5600000023841858,607700,0.0,0.0
2018-10-03 00:00:00-04:00,0.550000011920929,0.5699999928474426,0.5400000214576721,0.5600000023841858,491300,0.0,0.0
2018-10-04 00:00:00-04:00,0.5600000023841858,0.5699999928474426,0.550000011920929,0.5600000023841858,559100,0.0,0.0
2018-10-05 00:00:00-04:00,0.5699999928474426,0.6000000238418579,0.550000011920929,0.550000011920929,2209000,0.0,0.0
2018-10-08 00:00:00-04:00,0.550000011920929,0.5699999928474426,0.5400000214576721,0.550000011920929,305500,0.0,0.0
2018-10-09 00:00:00-04:00,0.550000011920929,0.550000011920929,0.5400000214576721,0.550000011920929,265000,0.0,0.0
2018-10-10 00:00:00-04:00,0.5400000214576721,0.550000011920929,0.5099999904632568,0.5099999904632568,1256600,0.0,0.0
2018-10-11 00:00:00-04:00,0.5199999809265137,0.5400000214576721,0.5099999904632568,0.5099999904632568,1357800,0.0,0.0
2018-10-12 00:00:00-04:00,0.5099999904632568,0.5299999713897705,0.5099999904632568,0.5299999713897705,580300,0.0,0.0
2018-10-15 00:00:00-04:00,0.5299999713897705,0.550000011920929,0.5299999713897705,0.550000011920929,494800,0.0,0.0
2018-10-16 00:00:00-04:00,0.5400000214576721,0.5600000023841858,0.5299999713897705,0.5400000214576721,623000,0.0,0.0
2018-10-17 00:00:00-04:00,0.5400000214576721,0.550000011920929,0.5199999809265137,0.5299999713897705,284600,0.0,0.0
2018-10-18 00:00:00-04:00,0.5299999713897705,0.5400000214576721,0.5199999809265137,0.5299999713897705,325300,0.0,0.0
2018-10-19 00:00:00-04:00,0.5400000214576721,0.5400000214576721,0.5099999904632568,0.5199999809265137,482900,0.0,0.0
2018-10-22 00:00:00-04:00,0.5400000214576721,0.5400000214576721,0.5099999904632568,0.5199999809265137,388300,0.0,0.0
2018-10-23 00:00:00-04:00,0.5199999809265137,0.5299999713897705,0.5,0.5099999904632568,685500,0.0,0.0
2018-10-24 00:00:00-04:00,0.5099999904632568,0.5099999904632568,0.5,0.5,518100,0.0,0.0
2018-10-25 00:00:00-04:00,0.5099999904632568,0.5199999809265137,0.4699999988079071,0.5,1264100,0.0,0.0
2018-10-26 00:00:00-04:00,0.5,0.5199999809265137,0.4699999988079071,0.4699999988079071,685300,0.0,0.0
2018-10-29 00:00:00-04:00,0.5,0.5,0.4699999988079071,0.4699999988079071,368800,0.0,0.0
2018-10-30 00:00:00-04:00,0.4699999988079071,0.49000000953674316,0.4300000071525574,0.46000000834465027,725300,0.0,0.0
2018-10-31 00:00:00-04:00,0.46000000834465027,0.49000000953674316,0.44999998807907104,0.49000000953674316,1080100,0.0,0.0
2018-11-01 00:00:00-04:00,0.49000000953674316,0.49000000953674316,0.4699999988079071,0.49000000953674316,780200,0.0,0.0
2018-11-02 00:00:00-04:00,0.47999998927116394,0.49000000953674316,0.46000000834465027,0.49000000953674316,517700,0.0,0.0
2018-11-05 00:00:00-05:00,0.47999998927116394,0.5299999713897705,0.47999998927116394,0.5099999904632568,809600,0.0,0.0
2018-11-06 00:00:00-05:00,0.5099999904632568,0.5600000023841858,0.5099999904632568,0.5600000023841858,1304300,0.0,0.0
2018-11-07 00:00:00-05:00,0.6100000143051147,0.8399999737739563,0.6100000143051147,0.7099999785423279,11934300,0.0,0.0
2018-11-08 00:00:00-05:00,0.7300000190734863,0.7300000190734863,0.6399999856948853,0.6600000262260437,2388200,0.0,0.0
2018-11-09 00:00:00-05:00,0.6499999761581421,0.6899999976158142,0.6000000238418579,0.6600000262260437,1241900,0.0,0.0
2018-11-12 00:00:00-05:00,0.6700000166893005,0.7200000286102295,0.6399999856948853,0.6800000071525574,1645500,0.0,0.0
2018-11-13 00:00:00-05:00,0.6800000071525574,0.7200000286102295,0.6700000166893005,0.6800000071525574,1150300,0.0,0.0
2018-11-14 00:00:00-05:00,0.6899999976158142,0.699999988079071,0.6499999761581421,0.6600000262260437,679900,0.0,0.0
2018-11-15 00:00:00-05:00,0.6700000166893005,0.699999988079071,0.6499999761581421,0.6700000166893005,641800,0.0,0.0
2018-11-16 00:00:00-05:00,0.6700000166893005,0.7099999785423279,0.6700000166893005,0.6800000071525574,1373200,0.0,0.0
2018-11-19 00:00:00-05:00,0.699999988079071,0.7200000286102295,0.6700000166893005,0.6899999976158142,1296100,0.0,0.0
2018-11-20 00:00:00-05:00,0.7300000190734863,0.800000011920929,0.7099999785423279,0.7599999904632568,3955000,0.0,0.0
2018-11-21 00:00:00-05:00,0.7699999809265137,0.800000011920929,0.7400000095367432,0.7799999713897705,2119500,0.0,0.0
2018-11-23 00:00:00-05:00,0.800000011920929,0.800000011920929,0.7200000286102295,0.7300000190734863,1116300,0.0,0.0
2018-11-26 00:00:00-05:00,0.800000011920929,0.800000011920929,0.7400000095367432,0.7599999904632568,1082400,0.0,0.0
2018-11-27 00:00:00-05:00,0.7699999809265137,0.7799999713897705,0.7400000095367432,0.75,545700,0.0,0.0
2018-11-28 00:00:00-05:00,0.75,0.7599999904632568,0.7400000095367432,0.75,464700,0.0,0.0
2018-11-29 00:00:00-05:00,0.7699999809265137,0.7699999809265137,0.75,0.7599999904632568,490100,0.0,0.0
2018-11-30 00:00:00-05:00,0.7599999904632568,0.7699999809265137,0.75,0.7599999904632568,666800,0.0,0.0
2018-12-03 00:00:00-05:00,0.7799999713897705,0.7799999713897705,0.699999988079071,0.7200000286102295,1051000,0.0,0.0
2018-12-04 00:00:00-05:00,0.699999988079071,0.7300000190734863,0.6600000262260437,0.699999988079071,575100,0.0,0.0
2018-12-06 00:00:00-05:00,0.699999988079071,0.699999988079071,0.6600000262260437,0.6800000071525574,888400,0.0,0.0
2018-12-07 00:00:00-05:00,0.6700000166893005,0.7200000286102295,0.6700000166893005,0.6800000071525574,625800,0.0,0.0
2018-12-10 00:00:00-05:00,0.6899999976158142,0.699999988079071,0.6600000262260437,0.6700000166893005,696800,0.0,0.0
2018-12-11 00:00:00-05:00,0.6700000166893005,0.6800000071525574,0.6200000047683716,0.6399999856948853,1539500,0.0,0.0
2018-12-12 00:00:00-05:00,0.6399999856948853,0.6499999761581421,0.6200000047683716,0.6299999952316284,709300,0.0,0.0
2018-12-13 00:00:00-05:00,0.6100000143051147,0.6299999952316284,0.6000000238418579,0.6000000238418579,953200,0.0,0.0
2018-12-14 00:00:00-05:00,0.6000000238418579,0.6100000143051147,0.5899999737739563,0.6100000143051147,299000,0.0,0.0
2018-12-17 00:00:00-05:00,0.6000000238418579,0.6100000143051147,0.5699999928474426,0.5799999833106995,985500,0.0,0.0
2018-12-18 00:00:00-05:00,0.5799999833106995,0.6100000143051147,0.5799999833106995,0.5799999833106995,693300,0.0,0.0
2018-12-19 00:00:00-05:00,0.5799999833106995,0.6000000238418579,0.5799999833106995,0.5799999833106995,480900,0.0,0.0
2018-12-20 00:00:00-05:00,0.5899999737739563,0.5899999737739563,0.5600000023841858,0.5699999928474426,788300,0.0,0.0
2018-12-21 00:00:00-05:00,0.5699999928474426,0.5899999737739563,0.5199999809265137,0.5299999713897705,946200,0.0,0.0
2018-12-24 00:00:00-05:00,0.5299999713897705,0.5600000023841858,0.5099999904632568,0.5199999809265137,629400,0.0,0.0
2018-12-26 00:00:00-05:00,0.5199999809265137,0.6000000238418579,0.5199999809265137,0.5799999833106995,895500,0.0,0.0
2018-12-27 00:00:00-05:00,0.5799999833106995,0.5899999737739563,0.5600000023841858,0.5600000023841858,722300,0.0,0.0
2018-12-28 00:00:00-05:00,0.5600000023841858,0.5799999833106995,0.550000011920929,0.5799999833106995,534500,0.0,0.0
2018-12-31 00:00:00-05:00,0.5600000023841858,0.5799999833106995,0.5400000214576721,0.5699999928474426,945500,0.0,0.0
2019-01-02 00:00:00-05:00,0.5899999737739563,0.6000000238418579,0.5699999928474426,0.5899999737739563,875400,0.0,0.0
2019-01-03 00:00:00-05:00,0.6100000143051147,0.6200000047683716,0.5899999737739563,0.5899999737739563,770800,0.0,0.0
2019-01-04 00:00:00-05:00,0.6000000238418579,0.699999988079071,0.5899999737739563,0.6600000262260437,1598200,0.0,0.0
2019-01-07 00:00:00-05:00,0.6899999976158142,0.699999988079071,0.6499999761581421,0.6800000071525574,1055700,0.0,0.0
2019-01-08 00:00:00-05:00,0.6700000166893005,0.6700000166893005,0.6600000262260437,0.6700000166893005,760300,0.0,0.0
2019-01-09 00:00:00-05:00,0.6700000166893005,0.6800000071525574,0.6499999761581421,0.6499999761581421,746700,0.0,0.0
2019-01-10 00:00:00-05:00,0.6499999761581421,0.6600000262260437,0.6399999856948853,0.6499999761581421,344800,0.0,0.0
2019-01-11 00:00:00-05:00,0.6399999856948853,0.6499999761581421,0.6299999952316284,0.6499999761581421,358700,0.0,0.0
2019-01-14 00:00:00-05:00,0.6600000262260437,0.6800000071525574,0.6399999856948853,0.6600000262260437,449200,0.0,0.0
2019-01-15 00:00:00-05:00,0.6499999761581421,0.699999988079071,0.6399999856948853,0.699999988079071,874400,0.0,0.0
2019-01-16 00:00:00-05:00,0.6899999976158142,0.7300000190734863,0.6800000071525574,0.6899999976158142,1336600,0.0,0.0
2019-01-17 00:00:00-05:00,0.7099999785423279,0.7300000190734863,0.6899999976158142,0.7300000190734863,805200,0.0,0.0
2019-01-18 00:00:00-05:00,0.7400000095367432,0.7400000095367432,0.7099999785423279,0.7200000286102295,848400,0.0,0.0
2019-01-22 00:00:00-05:00,0.699999988079071,0.7099999785423279,0.699999988079071,0.7099999785423279,454200,0.0,0.0
2019-01-23 00:00:00-05:00,0.7200000286102295,0.7200000286102295,0.699999988079071,0.7200000286102295,545500,0.0,0.0
2019-01-24 00:00:00-05:00,0.7099999785423279,0.7200000286102295,0.699999988079071,0.7099999785423279,366600,0.0,0.0
2019-01-25 00:00:00-05:00,0.7099999785423279,0.7200000286102295,0.699999988079071,0.7099999785423279,448900,0.0,0.0
2019-01-28 00:00:00-05:00,0.7099999785423279,0.75,0.7099999785423279,0.75,829000,0.0,0.0
2019-01-29 00:00:00-05:00,0.75,0.7900000214576721,0.75,0.75,897200,0.0,0.0
2019-01-30 00:00:00-05:00,0.7699999809265137,0.7799999713897705,0.7400000095367432,0.7699999809265137,1082200,0.0,0.0
2019-01-31 00:00:00-05:00,0.7900000214576721,0.7900000214576721,0.7699999809265137,0.7799999713897705,624900,0.0,0.0
2019-02-01 00:00:00-05:00,0.7799999713897705,0.800000011920929,0.7599999904632568,0.7900000214576721,763700,0.0,0.0
2019-02-04 00:00:00-05:00,0.800000011920929,0.8500000238418579,0.7900000214576721,0.8399999737739563,1592300,0.0,0.0
2019-02-05 00:00:00-05:00,0.8600000143051147,0.8999999761581421,0.8500000238418579,0.8899999856948853,2157200,0.0,0.0
2019-02-06 00:00:00-05:00,0.8999999761581421,1.0700000524520874,0.8999999761581421,1.0499999523162842,5113400,0.0,0.0
2019-02-07 00:00:00-05:00,1.1200000047683716,1.1200000047683716,0.8999999761581421,1.0199999809265137,5169800,0.0,0.0
2019-02-08 00:00:00-05:00,1.0499999523162842,1.0499999523162842,0.949999988079071,0.9599999785423279,1257500,0.0,0.0
2019-02-11 00:00:00-05:00,0.949999988079071,1.0499999523162842,0.9200000166893005,1.0199999809265137,1414800,0.0,0.0
2019-02-12 00:00:00-05:00,1.0399999618530273,1.0399999618530273,0.949999988079071,0.9599999785423279,1610400,0.0,0.0
2019-02-13 00:00:00-05:00,0.9599999785423279,0.9900000095367432,0.9200000166893005,0.9599999785423279,1076300,0.0,0.0
2019-02-14 00:00:00-05:00,0.9599999785423279,1.0,0.949999988079071,0.9700000286102295,713700,0.0,0.0
2019-02-15 00:00:00-05:00,0.9700000286102295,0.9900000095367432,0.9399999976158142,0.949999988079071,1010100,0.0,0.0
2019-02-19 00:00:00-05:00,0.9599999785423279,0.9599999785423279,0.8799999952316284,0.8799999952316284,2233800,0.0,0.0
2019-02-20 00:00:00-05:00,0.8899999856948853,1.0499999523162842,0.8700000047683716,1.0,5883300,0.0,0.0
2019-02-21 00:00:00-05:00,1.0700000524520874,1.0700000524520874,0.9300000071525574,0.9300000071525574,3823700,0.0,0.0
2019-02-22 00:00:00-05:00,0.9399999976158142,0.9700000286102295,0.9399999976158142,0.9599999785423279,849900,0.0,0.0
2019-02-25 00:00:00-05:00,0.9800000190734863,0.9800000190734863,0.9700000286102295,0.9700000286102295,1029100,0.0,0.0
2019-02-26 00:00:00-05:00,0.9900000095367432,1.0,0.9800000190734863,1.0,831100,0.0,0.0
2019-02-27 00:00:00-05:00,1.0199999809265137,1.0199999809265137,0.9800000190734863,0.9800000190734863,874000,0.0,0.0
2019-02-28 00:00:00-05:00,1.0199999809265137,1.0199999809265137,0.9200000166893005,0.9200000166893005,1273200,0.0,0.0
2019-03-01 00:00:00-05:00,0.9100000262260437,0.9399999976158142,0.8899999856948853,0.8999999761581421,809200,0.0,0.0
2019-03-04 00:00:00-05:00,0.9100000262260437,0.9100000262260437,0.8600000143051147,0.8899999856948853,1080700,0.0,0.0
2019-03-05 00:00:00-05:00,0.8999999761581421,0.9200000166893005,0.8500000238418579,0.8500000238418579,904000,0.0,0.0
2019-03-06 00:00:00-05:00,0.8600000143051147,0.8799999952316284,0.7900000214576721,0.8199999928474426,1720100,0.0,0.0
2019-03-07 00:00:00-05:00,0.800000011920929,0.800000011920929,0.75,0.7599999904632568,1910200,0.0,0.0
2019-03-08 00:00:00-05:00,0.75,0.7699999809265137,0.7200000286102295,0.7599999904632568,1033300,0.0,0.0
2019-03-11 00:00:00-04:00,0.7799999713897705,0.7799999713897705,0.75,0.75,1178600,0.0,0.0
2019-03-12 00:00:00-04:00,0.7799999713897705,0.7799999713897705,0.7200000286102295,0.7400000095367432,1743300,0.0,0.0
2019-03-13 00:00:00-04:00,0.6899999976158142,0.7300000190734863,0.6499999761581421,0.7099999785423279,4286100,0.0,0.0
2019-03-14 00:00:00-04:00,0.699999988079071,0.699999988079071,0.6600000262260437,0.6600000262260437,1938000,0.0,0.0
2019-03-15 00:00:00-04:00,0.6800000071525574,0.6800000071525574,0.6399999856948853,0.6600000262260437,2164800,0.0,0.0
2019-03-18 00:00:00-04:00,0.6700000166893005,0.6899999976158142,0.6600000262260437,0.6800000071525574,2051200,0.0,0.0
2019-03-19 00:00:00-04:00,0.6899999976158142,0.6899999976158142,0.6700000166893005,0.6800000071525574,1127000,0.0,0.0
2019-03-20 00:00:00-04:00,0.6899999976158142,0.699999988079071,0.6700000166893005,0.6800000071525574,610500,0.0,0.0
2019-03-21 00:00:00-04:00,0.6899999976158142,0.6899999976158142,0.6600000262260437,0.6700000166893005,1152600,0.0,0.0
2019-03-22 00:00:00-04:00,0.6700000166893005,0.6700000166893005,0.6399999856948853,0.6499999761581421,923400,0.0,0.0
2019-03-25 00:00:00-04:00,0.6499999761581421,0.6800000071525574,0.6399999856948853,0.6600000262260437,520200,0.0,0.0
2019-03-26 00:00:00-04:00,0.6700000166893005,0.6800000071525574,0.6499999761581421,0.6600000262260437,551300,0.0,0.0
2019-03-27 00:00:00-04:00,0.6600000262260437,0.6700000166893005,0.6200000047683716,0.6299999952316284,1527700,0.0,0.0
2019-03-28 00:00:00-04:00,0.6200000047683716,0.6299999952316284,0.6000000238418579,0.6100000143051147,961700,0.0,0.0
2019-03-29 00:00:00-04:00,0.6200000047683716,0.6499999761581421,0.6000000238418579,0.6000000238418579,830500,0.0,0.0
2019-04-01 00:00:00-04:00,0.6100000143051147,0.6100000143051147,0.5799999833106995,0.5899999737739563,1077200,0.0,0.0
2019-04-02 00:00:00-04:00,0.5899999737739563,0.6000000238418579,0.5799999833106995,0.5899999737739563,746000,0.0,0.0
2019-04-03 00:00:00-04:00,0.5899999737739563,0.6499999761581421,0.5899999737739563,0.6499999761581421,1201200,0.0,0.0
2019-04-04 00:00:00-04:00,0.6499999761581421,0.6600000262260437,0.6200000047683716,0.6299999952316284,817600,0.0,0.0
2019-04-05 00:00:00-04:00,0.6299999952316284,0.6399999856948853,0.6100000143051147,0.6299999952316284,416600,0.0,0.0
2019-04-08 00:00:00-04:00,0.6499999761581421,0.6499999761581421,0.6100000143051147,0.6100000143051147,572100,0.0,0.0
2019-04-09 00:00:00-04:00,0.6299999952316284,0.6299999952316284,0.5899999737739563,0.6000000238418579,803400,0.0,0.0
2019-04-10 00:00:00-04:00,0.6100000143051147,0.6200000047683716,0.6000000238418579,0.6000000238418579,410200,0.0,0.0
2019-04-11 00:00:00-04:00,0.6100000143051147,0.6100000143051147,0.5899999737739563,0.6000000238418579,778100,0.0,0.0
2019-04-12 00:00:00-04:00,0.6000000238418579,0.6000000238418579,0.5899999737739563,0.5899999737739563,432500,0.0,0.0
2019-04-15 00:00:00-04:00,0.5899999737739563,0.6000000238418579,0.5299999713897705,0.5600000023841858,2115900,0.0,0.0
2019-04-16 00:00:00-04:00,0.5600000023841858,0.5899999737739563,0.5299999713897705,0.5899999737739563,1108400,0.0,0.0
2019-04-17 00:00:00-04:00,0.6000000238418579,0.6100000143051147,0.5799999833106995,0.5899999737739563,809600,0.0,0.0
2019-04-18 00:00:00-04:00,0.6100000143051147,0.6100000143051147,0.550000011920929,0.5699999928474426,889700,0.0,0.0
2019-04-22 00:00:00-04:00,0.5699999928474426,0.5799999833106995,0.550000011920929,0.5600000023841858,618700,0.0,0.0
2019-04-23 00:00:00-04:00,0.5699999928474426,0.5699999928474426,0.5299999713897705,0.5600000023841858,1291900,0.0,0.0
2019-04-24 00:00:00-04:00,0.5600000023841858,0.6100000143051147,0.5299999713897705,0.550000011920929,894600,0.0,0.0
2019-04-25 00:00:00-04:00,0.550000011920929,0.550000011920929,0.5299999713897705,0.5400000214576721,797100,0.0,0.0
2019-04-26 00:00:00-04:00,0.550000011920929,0.550000011920929,0.5299999713897705,0.5400000214576721,767000,0.0,0.0
2019-04-29 00:00:00-04:00,0.5299999713897705,0.5299999713897705,0.5199999809265137,0.5299999713897705,979700,0.0,0.0
2019-04-30 00:00:00-04:00,0.5299999713897705,0.5400000214576721,0.5199999809265137,0.5400000214576721,564200,0.0,0.0
2019-05-01 00:00:00-04:00,0.5400000214576721,0.5400000214576721,0.5199999809265137,0.5199999809265137,1189900,0.0,0.0
2019-05-02 00:00:00-04:00,0.5199999809265137,0.5299999713897705,0.5,0.5099999904632568,1138300,0.0,0.0
2019-05-03 00:00:00-04:00,0.5,0.5099999904632568,0.47999998927116394,0.49000000953674316,1541100,0.0,0.0
2019-05-06 00:00:00-04:00,0.5,0.5,0.46000000834465027,0.49000000953674316,1055700,0.0,0.0
2019-05-07 00:00:00-04:00,0.5,0.5,0.4699999988079071,0.4699999988079071,1009800,0.0,0.0
2019-05-08 00:00:00-04:00,0.4699999988079071,0.49000000953674316,0.44999998807907104,0.44999998807907104,2134400,0.0,0.0
2019-05-09 00:00:00-04:00,0.46000000834465027,0.46000000834465027,0.41999998688697815,0.41999998688697815,1615900,0.0,0.0
2019-05-10 00:00:00-04:00,0.4399999976158142,0.5,0.4300000071525574,0.49000000953674316,1558000,0.0,0.0
2019-05-13 00:00:00-04:00,0.5,0.5,0.46000000834465027,0.46000000834465027,1108800,0.0,0.0
2019-05-14 00:00:00-04:00,0.47999998927116394,0.47999998927116394,0.46000000834465027,0.46000000834465027,801700,0.0,0.0
2019-05-15 00:00:00-04:00,0.4699999988079071,0.49000000953674316,0.46000000834465027,0.46000000834465027,1289000,0.0,0.0
2019-05-16 00:00:00-04:00,0.4699999988079071,0.47999998927116394,0.46000000834465027,0.4699999988079071,822800,0.0,0.0
2019-05-17 00:00:00-04:00,0.49000000953674316,0.550000011920929,0.4699999988079071,0.550000011920929,2703000,0.0,0.0
2019-05-20 00:00:00-04:00,0.5699999928474426,0.5699999928474426,0.5099999904632568,0.550000011920929,981300,0.0,0.0
2019-05-21 00:00:00-04:00,0.5400000214576721,0.5600000023841858,0.5,0.5199999809265137,1069300,0.0,0.0
2019-05-22 00:00:00-04:00,0.5199999809265137,0.5299999713897705,0.5,0.5199999809265137,668900,0.0,0.0
2019-05-23 00:00:00-04:00,0.5299999713897705,0.5299999713897705,0.47999998927116394,0.5,900000,0.0,0.0
2019-05-24 00:00:00-04:00,0.5,0.5099999904632568,0.47999998927116394,0.49000000953674316,615700,0.0,0.0
2019-05-28 00:00:00-04:00,0.47999998927116394,0.5,0.4699999988079071,0.4699999988079071,674600,0.0,0.0
2019-05-29 00:00:00-04:00,0.4699999988079071,0.47999998927116394,0.44999998807907104,0.4699999988079071,912000,0.0,0.0
2019-05-30 00:00:00-04:00,0.46000000834465027,0.4699999988079071,0.44999998807907104,0.44999998807907104,872700,0.0,0.0
2019-05-31 00:00:00-04:00,0.44999998807907104,0.4699999988079071,0.4399999976158142,0.4399999976158142,1463200,0.0,0.0
2019-06-03 00:00:00-04:00,0.47999998927116394,0.47999998927116394,0.4399999976158142,0.46000000834465027,1030500,0.0,0.0
2019-06-04 00:00:00-04:00,0.47999998927116394,0.49000000953674316,0.44999998807907104,0.4699999988079071,976900,0.0,0.0
2019-06-05 00:00:00-04:00,0.47999998927116394,0.49000000953674316,0.4699999988079071,0.47999998927116394,610200,0.0,0.0
2019-06-06 00:00:00-04:00,0.49000000953674316,0.49000000953674316,0.4699999988079071,0.47999998927116394,479300,0.0,0.0
2019-06-07 00:00:00-04:00,0.49000000953674316,0.49000000953674316,0.46000000834465027,0.4699999988079071,822400,0.0,0.0
2019-06-10 00:00:00-04:00,0.47999998927116394,0.49000000953674316,0.4699999988079071,0.47999998927116394,367000,0.0,0.0
2019-06-11 00:00:00-04:00,0.49000000953674316,0.49000000953674316,0.4699999988079071,0.4699999988079071,422900,0.0,0.0
2019-06-12 00:00:00-04:00,0.47999998927116394,0.5,0.46000000834465027,0.5,749800,0.0,0.0
2019-06-13 00:00:00-04:00,0.5,0.5299999713897705,0.49000000953674316,0.49000000953674316,1598800,0.0,0.0
2019-06-14 00:00:00-04:00,0.5,0.5199999809265137,0.5,0.5,673400,0.0,0.0
2019-06-17 00:00:00-04:00,0.5099999904632568,0.5299999713897705,0.5,0.5199999809265137,389900,0.0,0.0
2019-06-18 00:00:00-04:00,0.5099999904632568,0.5199999809265137,0.47999998927116394,0.5,1530100,0.0,0.0
2019-06-19 00:00:00-04:00,0.46000000834465027,0.46000000834465027,0.4099999964237213,0.44999998807907104,5047300,0.0,0.0
2019-06-20 00:00:00-04:00,0.4699999988079071,0.47999998927116394,0.4399999976158142,0.44999998807907104,3631800,0.0,0.0
2019-06-21 00:00:00-04:00,0.46000000834465027,0.47999998927116394,0.4399999976158142,0.46000000834465027,1895800,0.0,0.0
2019-06-24 00:00:00-04:00,0.47999998927116394,0.47999998927116394,0.44999998807907104,0.4699999988079071,1929800,0.0,0.0
2019-06-25 00:00:00-04:00,0.49000000953674316,0.49000000953674316,0.4699999988079071,0.4699999988079071,1603400,0.0,0.0
2019-06-26 00:00:00-04:00,0.47999998927116394,0.6299999952316284,0.4699999988079071,0.6000000238418579,11312200,0.0,0.0
2019-06-27 00:00:00-04:00,0.6499999761581421,0.6499999761581421,0.550000011920929,0.5699999928474426,3505000,0.0,0.0
2019-06-28 00:00:00-04:00,0.5899999737739563,0.6399999856948853,0.5699999928474426,0.6000000238418579,3127400,0.0,0.0
2019-07-01 00:00:00-04:00,0.6299999952316284,0.6600000262260437,0.6000000238418579,0.6299999952316284,2151300,0.0,0.0
2019-07-02 00:00:00-04:00,0.6299999952316284,0.6299999952316284,0.5199999809265137,0.5699999928474426,3468400,0.0,0.0
2019-07-03 00:00:00-04:00,0.5699999928474426,0.6000000238418579,0.550000011920929,0.5799999833106995,822700,0.0,0.0
2019-07-05 00:00:00-04:00,0.5699999928474426,0.5899999737739563,0.5600000023841858,0.5600000023841858,759800,0.0,0.0
2019-07-08 00:00:00-04:00,0.5799999833106995,0.5799999833106995,0.5299999713897705,0.5400000214576721,1044000,0.0,0.0
2019-07-09 00:00:00-04:00,0.550000011920929,0.550000011920929,0.5,0.5099999904632568,1707800,0.0,0.0
2019-07-10 00:00:00-04:00,0.5199999809265137,0.5299999713897705,0.5,0.5,1023600,0.0,0.0
2019-07-11 00:00:00-04:00,0.5099999904632568,0.5199999809265137,0.49000000953674316,0.5,2326400,0.0,0.0
2019-07-12 00:00:00-04:00,0.49000000953674316,0.5,0.46000000834465027,0.4699999988079071,2631200,0.0,0.0
2019-07-15 00:00:00-04:00,0.5,0.5,0.4699999988079071,0.47999998927116394,1502900,0.0,0.0
2019-07-16 00:00:00-04:00,0.49000000953674316,0.49000000953674316,0.4699999988079071,0.4699999988079071,1053000,0.0,0.0
2019-07-17 00:00:00-04:00,0.47999998927116394,0.47999998927116394,0.46000000834465027,0.46000000834465027,2035900,0.0,0.0
2019-07-18 00:00:00-04:00,0.46000000834465027,0.5199999809265137,0.46000000834465027,0.5099999904632568,2020800,0.0,0.0
2019-07-19 00:00:00-04:00,0.5099999904632568,0.5199999809265137,0.49000000953674316,0.5099999904632568,1864200,0.0,0.0
2019-07-22 00:00:00-04:00,0.5199999809265137,0.6000000238418579,0.5099999904632568,0.6000000238418579,4888300,0.0,0.0
2019-07-23 00:00:00-04:00,0.6000000238418579,0.6100000143051147,0.550000011920929,0.6000000238418579,1852200,0.0,0.0
2019-07-24 00:00:00-04:00,0.6000000238418579,0.6299999952316284,0.5899999737739563,0.6100000143051147,1850300,0.0,0.0
2019-07-25 00:00:00-04:00,0.6100000143051147,0.6200000047683716,0.5600000023841858,0.5699999928474426,1287100,0.0,0.0
2019-07-26 00:00:00-04:00,0.5799999833106995,0.6000000238418579,0.5600000023841858,0.5799999833106995,1413700,0.0,0.0
2019-07-29 00:00:00-04:00,0.6000000238418579,0.6000000238418579,0.5400000214576721,0.550000011920929,1232100,0.0,0.0
2019-07-30 00:00:00-04:00,0.550000011920929,0.9200000166893005,0.5099999904632568,0.9100000262260437,16193800,0.0,0.0
2019-07-31 00:00:00-04:00,0.8999999761581421,0.8999999761581421,0.75,0.800000011920929,14807800,0.0,0.0
2019-08-01 00:00:00-04:00,0.800000011920929,0.8500000238418579,0.75,0.8199999928474426,4337300,0.0,0.0
2019-08-02 00:00:00-04:00,0.8199999928474426,0.8500000238418579,0.75,0.800000011920929,3253200,0.0,0.0
2019-08-05 00:00:00-04:00,0.8500000238418579,0.8700000047683716,0.800000011920929,0.8299999833106995,2547400,0.0,0.0
2019-08-06 00:00:00-04:00,0.8299999833106995,0.8399999737739563,0.8100000023841858,0.8299999833106995,1955400,0.0,0.0
2019-08-07 00:00:00-04:00,0.8500000238418579,0.949999988079071,0.8399999737739563,0.9200000166893005,5630900,0.0,0.0
2019-08-08 00:00:00-04:00,0.949999988079071,0.949999988079071,0.8399999737739563,0.8600000143051147,4468600,0.0,0.0
2019-08-09 00:00:00-04:00,0.7799999713897705,0.8299999833106995,0.7599999904632568,0.800000011920929,6019600,0.0,0.0
2019-08-12 00:00:00-04:00,0.8299999833106995,0.8299999833106995,0.75,0.75,3288500,0.0,0.0
2019-08-13 00:00:00-04:00,0.7699999809265137,0.800000011920929,0.6899999976158142,0.6899999976158142,4071200,0.0,0.0
2019-08-14 00:00:00-04:00,0.7099999785423279,0.7300000190734863,0.6700000166893005,0.6700000166893005,4128800,0.0,0.0
2019-08-15 00:00:00-04:00,0.7400000095367432,0.7400000095367432,0.6499999761581421,0.6700000166893005,2621800,0.0,0.0
2019-08-16 00:00:00-04:00,0.6899999976158142,0.7099999785423279,0.6499999761581421,0.6899999976158142,1717000,0.0,0.0
2019-08-19 00:00:00-04:00,0.699999988079071,0.7300000190734863,0.6700000166893005,0.7099999785423279,2123300,0.0,0.0
2019-08-20 00:00:00-04:00,0.7200000286102295,0.75,0.6899999976158142,0.7300000190734863,2971500,0.0,0.0
2019-08-21 00:00:00-04:00,0.7300000190734863,0.7300000190734863,0.6899999976158142,0.6899999976158142,2007200,0.0,0.0
2019-08-22 00:00:00-04:00,0.7099999785423279,0.7200000286102295,0.6600000262260437,0.6600000262260437,1643600,0.0,0.0
2019-08-23 00:00:00-04:00,0.6600000262260437,0.6800000071525574,0.6299999952316284,0.6299999952316284,4283900,0.0,0.0
2019-08-26 00:00:00-04:00,0.6499999761581421,0.6499999761581421,0.6000000238418579,0.6200000047683716,2225500,0.0,0.0
2019-08-27 00:00:00-04:00,0.6200000047683716,0.6299999952316284,0.5799999833106995,0.6000000238418579,2804200,0.0,0.0
2019-08-28 00:00:00-04:00,0.5600000023841858,0.6800000071525574,0.5600000023841858,0.6600000262260437,3457200,0.0,0.0
2019-08-29 00:00:00-04:00,0.6899999976158142,0.6899999976158142,0.6200000047683716,0.6499999761581421,1872800,0.0,0.0
2019-08-30 00:00:00-04:00,0.6499999761581421,0.6600000262260437,0.6200000047683716,0.6499999761581421,947900,0.0,0.0
2019-09-03 00:00:00-04:00,0.6600000262260437,0.6700000166893005,0.6299999952316284,0.6499999761581421,1602100,0.0,0.0
2019-09-04 00:00:00-04:00,0.6499999761581421,0.7200000286102295,0.6399999856948853,0.699999988079071,5309800,0.0,0.0
2019-09-05 00:00:00-04:00,0.6899999976158142,0.6899999976158142,0.6299999952316284,0.6399999856948853,2438700,0.0,0.0
2019-09-06 00:00:00-04:00,0.6499999761581421,0.6700000166893005,0.6299999952316284,0.6499999761581421,1175600,0.0,0.0
2019-09-09 00:00:00-04:00,0.6499999761581421,0.6499999761581421,0.6000000238418579,0.6200000047683716,2162500,0.0,0.0
2019-09-10 00:00:00-04:00,0.6200000047683716,0.6399999856948853,0.6100000143051147,0.6299999952316284,1263400,0.0,0.0
2019-09-11 00:00:00-04:00,0.6399999856948853,0.6399999856948853,0.6200000047683716,0.6299999952316284,874300,0.0,0.0
2019-09-12 00:00:00-04:00,0.6299999952316284,0.6399999856948853,0.6100000143051147,0.6200000047683716,1130200,0.0,0.0
2019-09-13 00:00:00-04:00,0.6200000047683716,0.6399999856948853,0.6100000143051147,0.6200000047683716,1190000,0.0,0.0
2019-09-16 00:00:00-04:00,0.6399999856948853,0.6399999856948853,0.6200000047683716,0.6299999952316284,933900,0.0,0.0
2019-09-17 00:00:00-04:00,0.6499999761581421,0.6499999761581421,0.6200000047683716,0.6299999952316284,980200,0.0,0.0
2019-09-18 00:00:00-04:00,0.6200000047683716,0.6299999952316284,0.6200000047683716,0.6200000047683716,1076600,0.0,0.0
2019-09-19 00:00:00-04:00,0.6200000047683716,0.6600000262260437,0.6200000047683716,0.6399999856948853,930000,0.0,0.0
2019-09-20 00:00:00-04:00,0.6399999856948853,0.6499999761581421,0.6200000047683716,0.6499999761581421,806300,0.0,0.0
2019-09-23 00:00:00-04:00,0.6600000262260437,0.6700000166893005,0.6499999761581421,0.6700000166893005,1208400,0.0,0.0
2019-09-24 00:00:00-04:00,0.6600000262260437,0.6700000166893005,0.6299999952316284,0.6299999952316284,636900,0.0,0.0
2019-09-25 00:00:00-04:00,0.6299999952316284,0.6600000262260437,0.6299999952316284,0.6299999952316284,550400,0.0,0.0
2019-09-26 00:00:00-04:00,0.6299999952316284,0.6399999856948853,0.6200000047683716,0.6200000047683716,725900,0.0,0.0
2019-09-27 00:00:00-04:00,0.6200000047683716,0.6299999952316284,0.6000000238418579,0.6100000143051147,1378000,0.0,0.0
2019-09-30 00:00:00-04:00,0.6000000238418579,0.6100000143051147,0.5699999928474426,0.5899999737739563,2210200,0.0,0.0
2019-10-01 00:00:00-04:00,0.5899999737739563,0.6000000238418579,0.5600000023841858,0.5699999928474426,952100,0.0,0.0
2019-10-02 00:00:00-04:00,0.5799999833106995,0.5899999737739563,0.5600000023841858,0.5600000023841858,936500,0.0,0.0
2019-10-03 00:00:00-04:00,0.5899999737739563,0.5899999737739563,0.550000011920929,0.5600000023841858,951300,0.0,0.0
2019-10-04 00:00:00-04:00,0.5600000023841858,0.5899999737739563,0.5600000023841858,0.5899999737739563,665000,0.0,0.0
2019-10-07 00:00:00-04:00,0.5899999737739563,0.6000000238418579,0.5600000023841858,0.5600000023841858,845500,0.0,0.0
2019-10-08 00:00:00-04:00,0.5799999833106995,0.5799999833106995,0.5099999904632568,0.5400000214576721,2062400,0.0,0.0
2019-10-09 00:00:00-04:00,0.5400000214576721,0.5400000214576721,0.5099999904632568,0.5299999713897705,794700,0.0,0.0
2019-10-10 00:00:00-04:00,0.5199999809265137,0.5299999713897705,0.5099999904632568,0.5199999809265137,812800,0.0,0.0
2019-10-11 00:00:00-04:00,0.5099999904632568,0.5299999713897705,0.5,0.5299999713897705,898200,0.0,0.0
2019-10-14 00:00:00-04:00,0.5099999904632568,0.5299999713897705,0.5099999904632568,0.5199999809265137,540900,0.0,0.0
2019-10-15 00:00:00-04:00,0.5299999713897705,0.5299999713897705,0.5,0.5099999904632568,771100,0.0,0.0
2019-10-16 00:00:00-04:00,0.5199999809265137,0.5299999713897705,0.5099999904632568,0.5199999809265137,918700,0.0,0.0
2019-10-17 00:00:00-04:00,0.5199999809265137,0.5699999928474426,0.5099999904632568,0.5600000023841858,1395100,0.0,0.0
2019-10-18 00:00:00-04:00,0.5699999928474426,0.5799999833106995,0.550000011920929,0.5699999928474426,899100,0.0,0.0
2019-10-21 00:00:00-04:00,0.5699999928474426,0.5699999928474426,0.5400000214576721,0.550000011920929,500000,0.0,0.0
2019-10-22 00:00:00-04:00,0.550000011920929,0.5600000023841858,0.5400000214576721,0.5600000023841858,1757800,0.0,0.0
2019-10-23 00:00:00-04:00,0.5600000023841858,0.5600000023841858,0.550000011920929,0.5600000023841858,642200,0.0,0.0
2019-10-24 00:00:00-04:00,0.5699999928474426,0.5699999928474426,0.5299999713897705,0.550000011920929,737800,0.0,0.0
2019-10-25 00:00:00-04:00,0.550000011920929,0.5799999833106995,0.5400000214576721,0.5699999928474426,1456400,0.0,0.0
2019-10-28 00:00:00-04:00,0.5899999737739563,0.5899999737739563,0.550000011920929,0.5699999928474426,1099500,0.0,0.0
2019-10-29 00:00:00-04:00,0.5699999928474426,0.5699999928474426,0.550000011920929,0.5699999928474426,698000,0.0,0.0
2019-10-30 00:00:00-04:00,0.5600000023841858,0.6000000238418579,0.550000011920929,0.5899999737739563,2361700,0.0,0.0
2019-10-31 00:00:00-04:00,0.6000000238418579,0.6000000238418579,0.5600000023841858,0.5699999928474426,1504400,0.0,0.0
2019-11-01 00:00:00-04:00,0.5699999928474426,0.5899999737739563,0.5699999928474426,0.5799999833106995,1515200,0.0,0.0
2019-11-04 00:00:00-05:00,0.5799999833106995,0.6399999856948853,0.5799999833106995,0.6299999952316284,2303000,0.0,0.0
2019-11-05 00:00:00-05:00,0.6299999952316284,0.6600000262260437,0.6000000238418579,0.6299999952316284,1316900,0.0,0.0
2019-11-06 00:00:00-05:00,0.6499999761581421,0.6499999761581421,0.6100000143051147,0.6299999952316284,986800,0.0,0.0
2019-11-07 00:00:00-05:00,0.6299999952316284,0.6399999856948853,0.5199999809265137,0.5699999928474426,2472900,0.0,0.0
2019-11-08 00:00:00-05:00,0.5699999928474426,0.5899999737739563,0.5600000023841858,0.5799999833106995,1023000,0.0,0.0
2019-11-11 00:00:00-05:00,0.5699999928474426,0.5899999737739563,0.5600000023841858,0.5799999833106995,693900,0.0,0.0
2019-11-12 00:00:00-05:00,0.5699999928474426,0.5799999833106995,0.5600000023841858,0.5699999928474426,553100,0.0,0.0
2019-11-13 00:00:00-05:00,0.5899999737739563,0.5899999737739563,0.5600000023841858,0.5699999928474426,407600,0.0,0.0
2019-11-14 00:00:00-05:00,0.5799999833106995,0.5799999833106995,0.550000011920929,0.5600000023841858,513000,0.0,0.0
2019-11-15 00:00:00-05:00,0.5600000023841858,0.5699999928474426,0.550000011920929,0.5600000023841858,691800,0.0,0.0
2019-11-18 00:00:00-05:00,0.550000011920929,0.5600000023841858,0.5400000214576721,0.550000011920929,671900,0.0,0.0
2019-11-19 00:00:00-05:00,0.5400000214576721,0.550000011920929,0.5299999713897705,0.5299999713897705,1092600,0.0,0.0
2019-11-20 00:00:00-05:00,0.5400000214576721,0.5400000214576721,0.5099999904632568,0.5299999713897705,1136500,0.0,0.0
2019-11-21 00:00:00-05:00,0.5400000214576721,0.5400000214576721,0.5199999809265137,0.5199999809265137,586500,0.0,0.0
2019-11-22 00:00:00-05:00,0.5299999713897705,0.5400000214576721,0.5199999809265137,0.5299999713897705,671000,0.0,0.0
2019-11-25 00:00:00-05:00,0.5199999809265137,0.5299999713897705,0.5199999809265137,0.5199999809265137,1116400,0.0,0.0
2019-11-26 00:00:00-05:00,0.5199999809265137,0.5299999713897705,0.5199999809265137,0.5199999809265137,797700,0.0,0.0
2019-11-27 00:00:00-05:00,0.5299999713897705,0.5299999713897705,0.5199999809265137,0.5299999713897705,486400,0.0,0.0
2019-11-29 00:00:00-05:00,0.5299999713897705,0.550000011920929,0.5299999713897705,0.550000011920929,899200,0.0,0.0
2019-12-02 00:00:00-05:00,0.5600000023841858,0.5600000023841858,0.5199999809265137,0.5299999713897705,1044600,0.0,0.0
2019-12-03 00:00:00-05:00,0.5299999713897705,0.5299999713897705,0.5199999809265137,0.5299999713897705,723600,0.0,0.0
2019-12-04 00:00:00-05:00,0.5199999809265137,0.5400000214576721,0.5199999809265137,0.5299999713897705,781400,0.0,0.0
2019-12-05 00:00:00-05:00,0.5400000214576721,0.5400000214576721,0.5199999809265137,0.5299999713897705,598600,0.0,0.0
2019-12-06 00:00:00-05:00,0.5299999713897705,0.5299999713897705,0.5099999904632568,0.5199999809265137,790600,0.0,0.0
2019-12-09 00:00:00-05:00,0.5199999809265137,0.5299999713897705,0.5,0.5,1332300,0.0,0.0
2019-12-10 00:00:00-05:00,0.5199999809265137,0.5199999809265137,0.49000000953674316,0.5099999904632568,1194400,0.0,0.0
2019-12-11 00:00:00-05:00,0.5099999904632568,0.5099999904632568,0.5,0.5099999904632568,829100,0.0,0.0
2019-12-12 00:00:00-05:00,0.5099999904632568,0.5199999809265137,0.5,0.5099999904632568,795200,0.0,0.0
2019-12-13 00:00:00-05:00,0.41999998688697815,0.4300000071525574,0.3799999952316284,0.3799999952316284,14738800,0.0,0.0
2019-12-16 00:00:00-05:00,0.41999998688697815,0.41999998688697815,0.38999998569488525,0.4000000059604645,5644200,0.0,0.0
2019-12-17 00:00:00-05:00,0.4099999964237213,0.41999998688697815,0.38999998569488525,0.4099999964237213,3376800,0.0,0.0
2019-12-18 00:00:00-05:00,0.4000000059604645,0.4099999964237213,0.38999998569488525,0.4000000059604645,3894000,0.0,0.0
2019-12-19 00:00:00-05:00,0.4000000059604645,0.4000000059604645,0.38999998569488525,0.38999998569488525,1903600,0.0,0.0
2019-12-20 00:00:00-05:00,0.38999998569488525,0.4000000059604645,0.38999998569488525,0.4000000059604645,1988400,0.0,0.0
2019-12-23 00:00:00-05:00,0.4000000059604645,0.4000000059604645,0.3799999952316284,0.38999998569488525,3251100,0.0,0.0
2019-12-24 00:00:00-05:00,0.3799999952316284,0.4099999964237213,0.3799999952316284,0.4000000059604645,1816700,0.0,0.0
2019-12-26 00:00:00-05:00,0.4000000059604645,0.4300000071525574,0.4000000059604645,0.41999998688697815,2733200,0.0,0.0
2019-12-27 00:00:00-05:00,0.4099999964237213,0.4300000071525574,0.4099999964237213,0.4099999964237213,2141400,0.0,0.0
2019-12-30 00:00:00-05:00,0.4099999964237213,0.4099999964237213,0.4000000059604645,0.4099999964237213,2575100,0.0,0.0
2019-12-31 00:00:00-05:00,0.41999998688697815,0.4300000071525574,0.4099999964237213,0.4300000071525574,3057600,0.0,0.0
2020-01-02 00:00:00-05:00,0.4300000071525574,0.47999998927116394,0.4300000071525574,0.4699999988079071,3596900,0.0,0.0
2020-01-03 00:00:00-05:00,0.49000000953674316,0.49000000953674316,0.4399999976158142,0.46000000834465027,1930700,0.0,0.0
2020-01-06 00:00:00-05:00,0.46000000834465027,0.4699999988079071,0.44999998807907104,0.46000000834465027,2002900,0.0,0.0
2020-01-07 00:00:00-05:00,0.46000000834465027,0.46000000834465027,0.4300000071525574,0.4300000071525574,1960100,0.0,0.0
2020-01-08 00:00:00-05:00,0.41999998688697815,0.4300000071525574,0.4099999964237213,0.41999998688697815,2773100,0.0,0.0
2020-01-09 00:00:00-05:00,0.41999998688697815,0.41999998688697815,0.4000000059604645,0.4000000059604645,2477700,0.0,0.0
2020-01-10 00:00:00-05:00,0.4000000059604645,0.41999998688697815,0.4000000059604645,0.41999998688697815,1338500,0.0,0.0
2020-01-13 00:00:00-05:00,0.4099999964237213,0.41999998688697815,0.4000000059604645,0.4099999964237213,1474600,0.0,0.0
2020-01-14 00:00:00-05:00,0.4099999964237213,0.4099999964237213,0.4000000059604645,0.4099999964237213,1115900,0.0,0.0
2020-01-15 00:00:00-05:00,0.4099999964237213,0.4099999964237213,0.4000000059604645,0.4099999964237213,1087900,0.0,0.0
2020-01-16 00:00:00-05:00,0.4300000071525574,0.4300000071525574,0.4099999964237213,0.4099999964237213,1048300,0.0,0.0
2020-01-17 00:00:00-05:00,0.4099999964237213,0.41999998688697815,0.4099999964237213,0.41999998688697815,1008700,0.0,0.0
2020-01-21 00:00:00-05:00,0.41999998688697815,0.41999998688697815,0.4099999964237213,0.4099999964237213,1178100,0.0,0.0
2020-01-22 00:00:00-05:00,0.41999998688697815,0.41999998688697815,0.4099999964237213,0.4099999964237213,812100,0.0,0.0
2020-01-23 00:00:00-05:00,0.41999998688697815,0.46000000834465027,0.4099999964237213,0.44999998807907104,4033200,0.0,0.0
2020-01-24 00:00:00-05:00,0.46000000834465027,0.46000000834465027,0.4300000071525574,0.44999998807907104,1665600,0.0,0.0
2020-01-27 00:00:00-05:00,0.46000000834465027,0.46000000834465027,0.4399999976158142,0.44999998807907104,1478600,0.0,0.0
2020-01-28 00:00:00-05:00,0.46000000834465027,0.46000000834465027,0.4300000071525574,0.4399999976158142,928200,0.0,0.0
2020-01-29 00:00:00-05:00,0.4399999976158142,0.44999998807907104,0.4399999976158142,0.44999998807907104,585700,0.0,0.0
2020-01-30 00:00:00-05:00,0.44999998807907104,0.44999998807907104,0.4399999976158142,0.4399999976158142,902900,0.0,0.0
2020-01-31 00:00:00-05:00,0.44999998807907104,0.44999998807907104,0.4300000071525574,0.4300000071525574,1057700,0.0,0.0
2020-02-03 00:00:00-05:00,0.4300000071525574,0.4300000071525574,0.41999998688697815,0.4300000071525574,756500,0.0,0.0
2020-02-04 00:00:00-05:00,0.4300000071525574,0.4300000071525574,0.41999998688697815,0.4300000071525574,590200,0.0,0.0
2020-02-05 00:00:00-05:00,0.4300000071525574,0.4399999976158142,0.4300000071525574,0.4300000071525574,464100,0.0,0.0
2020-02-06 00:00:00-05:00,0.4399999976158142,0.4399999976158142,0.41999998688697815,0.4300000071525574,540500,0.0,0.0
2020-02-07 00:00:00-05:00,0.4300000071525574,0.4399999976158142,0.4300000071525574,0.4399999976158142,701200,0.0,0.0
2020-02-10 00:00:00-05:00,0.4300000071525574,0.47999998927116394,0.4300000071525574,0.4699999988079071,5669200,0.0,0.0
2020-02-11 00:00:00-05:00,0.47999998927116394,0.47999998927116394,0.44999998807907104,0.4699999988079071,1486400,0.0,0.0
2020-02-12 00:00:00-05:00,0.5,0.5299999713897705,0.47999998927116394,0.5199999809265137,5882300,0.0,0.0
2020-02-13 00:00:00-05:00,0.550000011920929,0.6600000262260437,0.5299999713897705,0.6499999761581421,11919600,0.0,0.0
2020-02-14 00:00:00-05:00,0.6800000071525574,0.7099999785423279,0.550000011920929,0.5799999833106995,10129700,0.0,0.0
2020-02-18 00:00:00-05:00,0.6200000047683716,0.6600000262260437,0.6000000238418579,0.6399999856948853,4331600,0.0,0.0
2020-02-19 00:00:00-05:00,0.6399999856948853,0.6700000166893005,0.6200000047683716,0.6499999761581421,2907400,0.0,0.0
2020-02-20 00:00:00-05:00,0.6399999856948853,0.6499999761581421,0.6000000238418579,0.6100000143051147,2445300,0.0,0.0
2020-02-21 00:00:00-05:00,0.6200000047683716,0.6499999761581421,0.6200000047683716,0.6499999761581421,2577100,0.0,0.0
2020-02-24 00:00:00-05:00,0.6600000262260437,0.7099999785423279,0.6299999952316284,0.6399999856948853,5591600,0.0,0.0
2020-02-25 00:00:00-05:00,0.6399999856948853,0.6499999761581421,0.5699999928474426,0.5899999737739563,3624700,0.0,0.0
2020-02-26 00:00:00-05:00,0.6000000238418579,0.6200000047683716,0.5699999928474426,0.5799999833106995,1761400,0.0,0.0
2020-02-27 00:00:00-05:00,0.5600000023841858,0.5699999928474426,0.5299999713897705,0.5600000023841858,4734200,0.0,0.0
2020-02-28 00:00:00-05:00,0.5099999904632568,0.5400000214576721,0.44999998807907104,0.5400000214576721,5202700,0.0,0.0
2020-03-02 00:00:00-05:00,0.5400000214576721,0.6200000047683716,0.5299999713897705,0.5799999833106995,5184900,0.0,0.0
2020-03-03 00:00:00-05:00,0.6000000238418579,0.6200000047683716,0.5600000023841858,0.5899999737739563,4629800,0.0,0.0
2020-03-04 00:00:00-05:00,0.6000000238418579,0.6000000238418579,0.5600000023841858,0.5899999737739563,2035400,0.0,0.0
2020-03-05 00:00:00-05:00,0.5899999737739563,0.5899999737739563,0.5699999928474426,0.5799999833106995,1541300,0.0,0.0
2020-03-06 00:00:00-05:00,0.5699999928474426,0.5699999928474426,0.5299999713897705,0.550000011920929,2731300,0.0,0.0
2020-03-09 00:00:00-04:00,0.5299999713897705,0.5299999713897705,0.46000000834465027,0.47999998927116394,3708500,0.0,0.0
2020-03-10 00:00:00-04:00,0.5,0.5099999904632568,0.46000000834465027,0.49000000953674316,2434800,0.0,0.0
2020-03-11 00:00:00-04:00,0.47999998927116394,0.47999998927116394,0.41999998688697815,0.4300000071525574,4358400,0.0,0.0
2020-03-12 00:00:00-04:00,0.4000000059604645,0.4399999976158142,0.36000001430511475,0.4099999964237213,5060900,0.0,0.0
2020-03-13 00:00:00-04:00,0.4099999964237213,0.4300000071525574,0.38999998569488525,0.4300000071525574,2718000,0.0,0.0
2020-03-16 00:00:00-04:00,0.3799999952316284,0.41999998688697815,0.36000001430511475,0.4000000059604645,2672900,0.0,0.0
2020-03-17 00:00:00-04:00,0.4399999976158142,0.4399999976158142,0.38999998569488525,0.4000000059604645,2307300,0.0,0.0
2020-03-18 00:00:00-04:00,0.4000000059604645,0.4000000059604645,0.3499999940395355,0.36000001430511475,4047700,0.0,0.0
2020-03-19 00:00:00-04:00,0.3799999952316284,0.3799999952316284,0.36000001430511475,0.3700000047683716,2520100,0.0,0.0
2020-03-20 00:00:00-04:00,0.3799999952316284,0.38999998569488525,0.3499999940395355,0.36000001430511475,3341100,0.0,0.0
2020-03-23 00:00:00-04:00,0.36000001430511475,0.3799999952316284,0.3499999940395355,0.36000001430511475,2181500,0.0,0.0
2020-03-24 00:00:00-04:00,0.4000000059604645,0.41999998688697815,0.3799999952316284,0.4099999964237213,2576200,0.0,0.0
2020-03-25 00:00:00-04:00,0.38999998569488525,0.4300000071525574,0.3799999952316284,0.4099999964237213,2768000,0.0,0.0
2020-03-26 00:00:00-04:00,0.41999998688697815,0.4300000071525574,0.4000000059604645,0.4300000071525574,2340500,0.0,0.0
2020-03-27 00:00:00-04:00,0.41999998688697815,0.4300000071525574,0.38999998569488525,0.4099999964237213,1518900,0.0,0.0
2020-03-30 00:00:00-04:00,0.4000000059604645,0.4099999964237213,0.38999998569488525,0.4000000059604645,1329300,0.0,0.0
2020-03-31 00:00:00-04:00,0.4000000059604645,0.4000000059604645,0.38999998569488525,0.38999998569488525,1166300,0.0,0.0
2020-04-01 00:00:00-04:00,0.4000000059604645,0.4000000059604645,0.3799999952316284,0.38999998569488525,1083300,0.0,0.0
2020-04-02 00:00:00-04:00,0.4000000059604645,0.4000000059604645,0.38999998569488525,0.4000000059604645,1154000,0.0,0.0
2020-04-03 00:00:00-04:00,0.4099999964237213,0.4099999964237213,0.3799999952316284,0.38999998569488525,971800,0.0,0.0
2020-04-06 00:00:00-04:00,0.4099999964237213,0.4099999964237213,0.38999998569488525,0.4000000059604645,1734100,0.0,0.0
2020-04-07 00:00:00-04:00,0.4000000059604645,0.41999998688697815,0.4000000059604645,0.4000000059604645,1303900,0.0,0.0
2020-04-08 00:00:00-04:00,0.4000000059604645,0.4699999988079071,0.4000000059604645,0.4699999988079071,2440600,0.0,0.0
2020-04-09 00:00:00-04:00,0.49000000953674316,0.5199999809265137,0.4699999988079071,0.5,4272200,0.0,0.0
2020-04-13 00:00:00-04:00,0.5199999809265137,0.5799999833106995,0.47999998927116394,0.5699999928474426,3491400,0.0,0.0
2020-04-14 00:00:00-04:00,0.5799999833106995,0.6299999952316284,0.5099999904632568,0.5299999713897705,5643400,0.0,0.0
2020-04-15 00:00:00-04:00,0.5199999809265137,0.5400000214576721,0.49000000953674316,0.5199999809265137,1789600,0.0,0.0
2020-04-16 00:00:00-04:00,0.550000011920929,0.550000011920929,0.5,0.5299999713897705,1005800,0.0,0.0
2020-04-17 00:00:00-04:00,0.5199999809265137,0.5400000214576721,0.5099999904632568,0.5199999809265137,954400,0.0,0.0
2020-04-20 00:00:00-04:00,0.5699999928474426,0.6000000238418579,0.5299999713897705,0.5600000023841858,4472000,0.0,0.0
2020-04-21 00:00:00-04:00,0.5799999833106995,0.5799999833106995,0.5199999809265137,0.5400000214576721,2399700,0.0,0.0
2020-04-22 00:00:00-04:00,0.5699999928474426,0.6200000047683716,0.550000011920929,0.5799999833106995,3665300,0.0,0.0
2020-04-23 00:00:00-04:00,0.6100000143051147,0.6299999952316284,0.5699999928474426,0.5799999833106995,3699000,0.0,0.0
2020-04-24 00:00:00-04:00,0.6200000047683716,0.6200000047683716,0.5699999928474426,0.6000000238418579,2628900,0.0,0.0
2020-04-27 00:00:00-04:00,0.6299999952316284,0.6299999952316284,0.6000000238418579,0.6100000143051147,2716200,0.0,0.0
2020-04-28 00:00:00-04:00,0.6100000143051147,0.6100000143051147,0.5899999737739563,0.6000000238418579,2223500,0.0,0.0
2020-04-29 00:00:00-04:00,0.550000011920929,0.6100000143051147,0.550000011920929,0.5899999737739563,6353400,0.0,0.0
2020-04-30 00:00:00-04:00,0.5899999737739563,0.6100000143051147,0.5600000023841858,0.5799999833106995,2866100,0.0,0.0
2020-05-01 00:00:00-04:00,0.5600000023841858,0.5799999833106995,0.5600000023841858,0.5699999928474426,1451800,0.0,0.0
2020-05-04 00:00:00-04:00,0.5699999928474426,0.6000000238418579,0.5699999928474426,0.6000000238418579,1563300,0.0,0.0
2020-05-05 00:00:00-04:00,0.6000000238418579,0.6700000166893005,0.5899999737739563,0.6600000262260437,5555100,0.0,0.0
2020-05-06 00:00:00-04:00,0.6600000262260437,0.75,0.6399999856948853,0.7099999785423279,5237300,0.0,0.0
2020-05-07 00:00:00-04:00,0.7300000190734863,0.8999999761581421,0.7300000190734863,0.8399999737739563,13776800,0.0,0.0
2020-05-08 00:00:00-04:00,0.8799999952316284,0.949999988079071,0.800000011920929,0.8299999833106995,12158600,0.0,0.0
2020-05-11 00:00:00-04:00,0.8199999928474426,0.8700000047683716,0.7799999713897705,0.8100000023841858,4552800,0.0,0.0
2020-05-12 00:00:00-04:00,0.8100000023841858,0.8100000023841858,0.7400000095367432,0.7799999713897705,5094200,0.0,0.0
2020-05-13 00:00:00-04:00,0.7799999713897705,0.7900000214576721,0.7200000286102295,0.75,3783600,0.0,0.0
2020-05-14 00:00:00-04:00,0.800000011920929,0.8199999928474426,0.7300000190734863,0.7799999713897705,4172300,0.0,0.0
2020-05-15 00:00:00-04:00,0.7799999713897705,0.8899999856948853,0.7799999713897705,0.8799999952316284,5714400,0.0,0.0
2020-05-18 00:00:00-04:00,0.949999988079071,0.9900000095367432,0.8999999761581421,0.9399999976158142,6431300,0.0,0.0
2020-05-19 00:00:00-04:00,0.9700000286102295,0.9900000095367432,0.8799999952316284,0.9200000166893005,5154800,0.0,0.0
2020-05-20 00:00:00-04:00,0.9200000166893005,0.9399999976158142,0.8799999952316284,0.9100000262260437,3811300,0.0,0.0
2020-05-21 00:00:00-04:00,0.9100000262260437,0.9100000262260437,0.8799999952316284,0.8999999761581421,2020500,0.0,0.0
2020-05-22 00:00:00-04:00,0.9100000262260437,0.9399999976158142,0.8799999952316284,0.9200000166893005,3005900,0.0,0.0
2020-05-26 00:00:00-04:00,0.949999988079071,0.949999988079071,0.8999999761581421,0.949999988079071,4323500,0.0,0.0
2020-05-27 00:00:00-04:00,0.9599999785423279,0.9599999785423279,0.8999999761581421,0.9300000071525574,2744700,0.0,0.0
2020-05-28 00:00:00-04:00,0.9399999976158142,1.1799999475479126,0.9200000166893005,1.149999976158142,11857000,0.0,0.0
2020-05-29 00:00:00-04:00,1.3799999952316284,1.5,1.2000000476837158,1.2999999523162842,22226300,0.0,0.0
2020-06-01 00:00:00-04:00,1.340000033378601,1.3700000047683716,1.2000000476837158,1.2999999523162842,7810800,0.0,0.0
2020-06-02 00:00:00-04:00,1.2599999904632568,1.2599999904632568,1.1799999475479126,1.2000000476837158,7000500,0.0,0.0
2020-06-03 00:00:00-04:00,1.1799999475479126,1.2100000381469727,1.1100000143051147,1.159999966621399,6360100,0.0,0.0
2020-06-04 00:00:00-04:00,1.149999976158142,1.2999999523162842,1.1299999952316284,1.2999999523162842,6260600,0.0,0.0
2020-06-05 00:00:00-04:00,1.2699999809265137,1.2799999713897705,1.1799999475479126,1.2400000095367432,4852300,0.0,0.0
2020-06-08 00:00:00-04:00,1.2300000190734863,1.2999999523162842,1.2000000476837158,1.2599999904632568,3755700,0.0,0.0
2020-06-09 00:00:00-04:00,1.2799999713897705,1.440000057220459,1.2400000095367432,1.3700000047683716,8302200,0.0,0.0
2020-06-10 00:00:00-04:00,1.440000057220459,1.4800000190734863,1.2999999523162842,1.3899999856948853,6134800,0.0,0.0
2020-06-11 00:00:00-04:00,1.399999976158142,1.4199999570846558,1.2999999523162842,1.3300000429153442,5685100,0.0,0.0
2020-06-12 00:00:00-04:00,1.3600000143051147,1.3899999856948853,1.2999999523162842,1.340000033378601,3886400,0.0,0.0
2020-06-15 00:00:00-04:00,1.309999942779541,1.4800000190734863,1.2599999904632568,1.4700000286102295,6995800,0.0,0.0
2020-06-16 00:00:00-04:00,1.4900000095367432,1.4900000095367432,1.3899999856948853,1.409999966621399,5411700,0.0,0.0
2020-06-17 00:00:00-04:00,1.4199999570846558,1.4700000286102295,1.399999976158142,1.4600000381469727,3279400,0.0,0.0
2020-06-18 00:00:00-04:00,1.4700000286102295,1.4700000286102295,1.409999966621399,1.4299999475479126,2700100,0.0,0.0
2020-06-19 00:00:00-04:00,1.4199999570846558,1.4800000190734863,1.4199999570846558,1.4700000286102295,3534900,0.0,0.0
2020-06-22 00:00:00-04:00,1.4800000190734863,1.5299999713897705,1.4500000476837158,1.4900000095367432,5272200,0.0,0.0
2020-06-23 00:00:00-04:00,1.4900000095367432,1.4900000095367432,1.4199999570846558,1.4700000286102295,3528200,0.0,0.0
2020-06-24 00:00:00-04:00,1.4600000381469727,1.4900000095367432,1.4199999570846558,1.4800000190734863,2710400,0.0,0.0
2020-06-25 00:00:00-04:00,1.4800000190734863,1.4900000095367432,1.4199999570846558,1.4500000476837158,2653900,0.0,0.0
2020-06-26 00:00:00-04:00,1.440000057220459,1.4800000190734863,1.340000033378601,1.4600000381469727,5020400,0.0,0.0
2020-06-29 00:00:00-04:00,1.4600000381469727,1.4700000286102295,1.409999966621399,1.4299999475479126,2228800,0.0,0.0
2020-06-30 00:00:00-04:00,1.4299999475479126,1.4600000381469727,1.399999976158142,1.4299999475479126,3109400,0.0,0.0
2020-07-01 00:00:00-04:00,1.4700000286102295,1.4800000190734863,1.409999966621399,1.4600000381469727,2625800,0.0,0.0
2020-07-02 00:00:00-04:00,1.4500000476837158,1.4600000381469727,1.4299999475479126,1.4500000476837158,2292800,0.0,0.0
2020-07-06 00:00:00-04:00,1.4500000476837158,1.7300000190734863,1.4500000476837158,1.6699999570846558,10330200,0.0,0.0
2020-07-07 00:00:00-04:00,1.7300000190734863,1.909999966621399,1.690000057220459,1.7599999904632568,13274600,0.0,0.0
2020-07-08 00:00:00-04:00,1.7799999713897705,1.850000023841858,1.7100000381469727,1.7699999809265137,5205400,0.0,0.0
2020-07-09 00:00:00-04:00,1.7899999618530273,1.7999999523162842,1.7100000381469727,1.7400000095367432,5268200,0.0,0.0
2020-07-10 00:00:00-04:00,1.5399999618530273,1.590000033378601,1.350000023841858,1.5,15958300,0.0,0.0
2020-07-13 00:00:00-04:00,1.5399999618530273,1.590000033378601,1.4900000095367432,1.5,6904500,0.0,0.0
2020-07-14 00:00:00-04:00,1.5499999523162842,1.5499999523162842,1.3700000047683716,1.4199999570846558,9588400,0.0,0.0
2020-07-15 00:00:00-04:00,1.4500000476837158,1.4900000095367432,1.409999966621399,1.4199999570846558,10511600,0.0,0.0
2020-07-16 00:00:00-04:00,1.5,1.5399999618530273,1.4500000476837158,1.5,5758400,0.0,0.0
2020-07-17 00:00:00-04:00,1.5399999618530273,1.7000000476837158,1.5299999713897705,1.690000057220459,13524600,0.0,0.0
2020-07-20 00:00:00-04:00,1.8799999952316284,1.9600000381469727,1.7899999618530273,1.9600000381469727,19524900,0.0,0.0
2020-07-21 00:00:00-04:00,2.119999885559082,2.4200000762939453,2.0299999713897705,2.200000047683716,46338600,0.0,0.0
2020-07-22 00:00:00-04:00,2.4700000286102295,2.490000009536743,2.2300000190734863,2.3399999141693115,32101500,0.0,0.0
2020-07-23 00:00:00-04:00,2.259999990463257,2.3399999141693115,2.0999999046325684,2.2300000190734863,30703500,0.0,0.0
2020-07-24 00:00:00-04:00,2.3399999141693115,2.380000114440918,1.8600000143051147,1.940000057220459,58038600,0.0,0.0
2020-07-27 00:00:00-04:00,1.850000023841858,1.940000057220459,1.5800000429153442,1.7200000286102295,36550800,0.0,0.0
2020-07-28 00:00:00-04:00,1.5299999713897705,1.7000000476837158,1.5,1.5099999904632568,27693800,0.0,0.0
2020-07-29 00:00:00-04:00,1.6100000143051147,1.809999942779541,1.5299999713897705,1.7599999904632568,19494400,0.0,0.0
2020-07-30 00:00:00-04:00,1.6799999475479126,1.7400000095367432,1.559999942779541,1.590000033378601,12520700,0.0,0.0
2020-07-31 00:00:00-04:00,1.6299999952316284,1.690000057220459,1.5800000429153442,1.6200000047683716,6371200,0.0,0.0
2020-08-03 00:00:00-04:00,1.559999942779541,1.600000023841858,1.5199999809265137,1.5700000524520874,6459000,0.0,0.0
2020-08-04 00:00:00-04:00,1.600000023841858,1.6799999475479126,1.5499999523162842,1.649999976158142,7885900,0.0,0.0
2020-08-05 00:00:00-04:00,1.559999942779541,1.6399999856948853,1.399999976158142,1.4299999475479126,23477400,0.0,0.0
2020-08-06 00:00:00-04:00,1.4900000095367432,1.5800000429153442,1.4500000476837158,1.5399999618530273,11477700,0.0,0.0
2020-08-07 00:00:00-04:00,1.5700000524520874,1.5800000429153442,1.4800000190734863,1.5700000524520874,8165800,0.0,0.0
2020-08-10 00:00:00-04:00,1.5199999809265137,1.559999942779541,1.4800000190734863,1.5299999713897705,11528100,0.0,0.0
2020-08-11 00:00:00-04:00,1.4700000286102295,1.5199999809265137,1.440000057220459,1.4800000190734863,10206500,0.0,0.0
2020-08-12 00:00:00-04:00,1.440000057220459,1.5299999713897705,1.4199999570846558,1.5,8819800,0.0,0.0
2020-08-13 00:00:00-04:00,1.4900000095367432,1.5399999618530273,1.4700000286102295,1.5199999809265137,4813400,0.0,0.0
2020-08-14 00:00:00-04:00,1.5,1.5199999809265137,1.4700000286102295,1.5099999904632568,6265000,0.0,0.0
2020-08-17 00:00:00-04:00,1.5,1.75,1.4900000095367432,1.75,15530700,0.0,0.0
2020-08-18 00:00:00-04:00,1.75,1.7599999904632568,1.5199999809265137,1.5399999618530273,10290900,0.0,0.0
2020-08-19 00:00:00-04:00,1.6200000047683716,1.6399999856948853,1.5299999713897705,1.5399999618530273,5591700,0.0,0.0
2020-08-20 00:00:00-04:00,1.5299999713897705,1.600000023841858,1.5199999809265137,1.5499999523162842,4977100,0.0,0.0
2020-08-21 00:00:00-04:00,1.5199999809265137,1.5499999523162842,1.4500000476837158,1.4500000476837158,8261000,0.0,0.0
2020-08-24 00:00:00-04:00,0.6600000262260437,1.0,0.6399999856948853,0.8999999761581421,60582600,0.0,0.0
2020-08-25 00:00:00-04:00,0.7799999713897705,0.8500000238418579,0.5799999833106995,0.6100000143051147,54522400,0.0,0.0
2020-08-26 00:00:00-04:00,0.6200000047683716,0.9700000286102295,0.6000000238418579,0.8799999952316284,151830200,0.0,0.0
2020-08-27 00:00:00-04:00,1.0499999523162842,1.100000023841858,0.8999999761581421,0.9399999976158142,61079900,0.0,0.0
2020-08-28 00:00:00-04:00,0.949999988079071,0.949999988079071,0.8700000047683716,0.9100000262260437,16931400,0.0,0.0
2020-08-31 00:00:00-04:00,0.9599999785423279,1.090000033378601,0.9200000166893005,1.0499999523162842,30538600,0.0,0.0
2020-09-01 00:00:00-04:00,1.0299999713897705,1.2200000286102295,1.0299999713897705,1.1399999856948853,34258700,0.0,0.0
2020-09-02 00:00:00-04:00,1.149999976158142,1.1799999475479126,1.0299999713897705,1.0700000524520874,16639500,0.0,0.0
2020-09-03 00:00:00-04:00,1.0399999618530273,1.059999942779541,0.9599999785423279,0.9800000190734863,13489400,0.0,0.0
2020-09-04 00:00:00-04:00,1.0,1.0299999713897705,0.8999999761581421,1.0299999713897705,10912700,0.0,0.0
2020-09-08 00:00:00-04:00,0.9700000286102295,1.0099999904632568,0.9300000071525574,0.9900000095367432,10914400,0.0,0.0
2020-09-09 00:00:00-04:00,1.0099999904632568,1.1699999570846558,1.0,1.059999942779541,22056000,0.0,0.0
2020-09-10 00:00:00-04:00,1.090000033378601,1.1299999952316284,1.0199999809265137,1.0399999618530273,13453000,0.0,0.0
2020-09-11 00:00:00-04:00,1.0499999523162842,1.0700000524520874,1.0,1.0099999904632568,5888800,0.0,0.0
2020-09-14 00:00:00-04:00,0.9900000095367432,1.0499999523162842,0.9800000190734863,1.0199999809265137,6417100,0.0,0.0
2020-09-15 00:00:00-04:00,1.0199999809265137,1.0399999618530273,0.9800000190734863,1.0,6786900,0.0,0.0
2020-09-16 00:00:00-04:00,0.9900000095367432,1.0,0.9599999785423279,0.9599999785423279,6003100,0.0,0.0
2020-09-17 00:00:00-04:00,1.2100000381469727,1.2200000286102295,1.0800000429153442,1.1399999856948853,46094800,0.0,0.0
2020-09-18 00:00:00-04:00,1.1299999952316284,1.159999966621399,1.0499999523162842,1.1100000143051147,12749600,0.0,0.0
2020-09-21 00:00:00-04:00,1.0700000524520874,1.149999976158142,1.0199999809265137,1.1100000143051147,8334100,0.0,0.0
2020-09-22 00:00:00-04:00,1.0800000429153442,1.1399999856948853,1.0700000524520874,1.1100000143051147,5044200,0.0,0.0
2020-09-23 00:00:00-04:00,1.0700000524520874,1.090000033378601,0.9900000095367432,1.0099999904632568,13993000,0.0,0.0
2020-09-24 00:00:00-04:00,0.9300000071525574,1.0399999618530273,0.9100000262260437,1.0199999809265137,10254800,0.0,0.0
2020-09-25 00:00:00-04:00,0.9800000190734863,1.0199999809265137,0.9599999785423279,1.0099999904632568,5975600,0.0,0.0
2020-09-28 00:00:00-04:00,1.0,1.0299999713897705,0.9700000286102295,1.0099999904632568,7093800,0.0,0.0
2020-09-29 00:00:00-04:00,0.9800000190734863,1.0099999904632568,0.9700000286102295,1.0,4205500,0.0,0.0
2020-09-30 00:00:00-04:00,0.9900000095367432,1.0,0.9700000286102295,0.9800000190734863,4096400,0.0,0.0
2020-10-01 00:00:00-04:00,1.1100000143051147,1.1100000143051147,1.0199999809265137,1.0499999523162842,18538400,0.0,0.0
2020-10-02 00:00:00-04:00,1.0,1.0700000524520874,1.0,1.0499999523162842,7764100,0.0,0.0
2020-10-05 00:00:00-04:00,1.0499999523162842,1.2599999904632568,1.0499999523162842,1.190000057220459,25455200,0.0,0.0
2020-10-06 00:00:00-04:00,1.2300000190734863,1.2400000095367432,1.100000023841858,1.1200000047683716,15800100,0.0,0.0
2020-10-07 00:00:00-04:00,1.149999976158142,1.1699999570846558,1.1200000047683716,1.149999976158142,9508400,0.0,0.0
2020-10-08 00:00:00-04:00,1.1699999570846558,1.2000000476837158,1.1399999856948853,1.149999976158142,5549100,0.0,0.0
2020-10-09 00:00:00-04:00,1.1699999570846558,1.190000057220459,1.149999976158142,1.1799999475479126,5707100,0.0,0.0
2020-10-12 00:00:00-04:00,1.190000057220459,1.2400000095367432,1.1699999570846558,1.190000057220459,8413600,0.0,0.0
2020-10-13 00:00:00-04:00,1.2100000381469727,1.2200000286102295,1.1200000047683716,1.190000057220459,5490500,0.0,0.0
2020-10-14 00:00:00-04:00,1.1699999570846558,1.1799999475479126,1.1399999856948853,1.1399999856948853,4655200,0.0,0.0
2020-10-15 00:00:00-04:00,1.1200000047683716,1.1299999952316284,1.0399999618530273,1.090000033378601,7115100,0.0,0.0
2020-10-16 00:00:00-04:00,1.100000023841858,1.100000023841858,1.0299999713897705,1.0499999523162842,8008900,0.0,0.0
2020-10-19 00:00:00-04:00,1.0099999904632568,1.0800000429153442,1.0,1.0099999904632568,8685800,0.0,0.0
2020-10-20 00:00:00-04:00,1.0099999904632568,1.0299999713897705,1.0,1.0199999809265137,4675500,0.0,0.0
2020-10-21 00:00:00-04:00,1.0099999904632568,1.059999942779541,1.0,1.0099999904632568,4700800,0.0,0.0
2020-10-22 00:00:00-04:00,1.0,1.0199999809265137,1.0,1.0099999904632568,4389000,0.0,0.0
2020-10-23 00:00:00-04:00,1.0199999809265137,1.0399999618530273,1.0,1.0299999713897705,5077400,0.0,0.0
2020-10-26 00:00:00-04:00,1.0299999713897705,1.0299999713897705,0.9800000190734863,1.0099999904632568,5714300,0.0,0.0
2020-10-27 00:00:00-04:00,1.0099999904632568,1.0099999904632568,0.9599999785423279,0.9800000190734863,4462700,0.0,0.0
2020-10-28 00:00:00-04:00,0.9100000262260437,0.9300000071525574,0.8199999928474426,0.8999999761581421,9929000,0.0,0.0
2020-10-29 00:00:00-04:00,0.8899999856948853,0.9599999785423279,0.8700000047683716,0.949999988079071,4514400,0.0,0.0
2020-10-30 00:00:00-04:00,0.9300000071525574,0.9399999976158142,0.8700000047683716,0.8899999856948853,4383100,0.0,0.0
2020-11-02 00:00:00-05:00,0.8999999761581421,0.9100000262260437,0.8700000047683716,0.8899999856948853,4353500,0.0,0.0
2020-11-03 00:00:00-05:00,0.9100000262260437,0.9599999785423279,0.8999999761581421,0.9200000166893005,5544400,0.0,0.0
2020-11-04 00:00:00-05:00,0.8899999856948853,0.8899999856948853,0.7099999785423279,0.7699999809265137,24138000,0.0,0.0
2020-11-05 00:00:00-05:00,0.7599999904632568,0.8199999928474426,0.7599999904632568,0.8100000023841858,9593300,0.0,0.0
2020-11-06 00:00:00-05:00,0.8100000023841858,0.8100000023841858,0.75,0.7699999809265137,8553900,0.0,0.0
2020-11-09 00:00:00-05:00,0.7300000190734863,0.7900000214576721,0.7300000190734863,0.7699999809265137,9934600,0.0,0.0
2020-11-10 00:00:00-05:00,0.7699999809265137,0.8100000023841858,0.7599999904632568,0.800000011920929,5667700,0.0,0.0
2020-11-11 00:00:00-05:00,0.7900000214576721,0.8199999928474426,0.7900000214576721,0.8199999928474426,3172600,0.0,0.0
2020-11-12 00:00:00-05:00,0.8199999928474426,0.949999988079071,0.800000011920929,0.9300000071525574,11089600,0.0,0.0
2020-11-13 00:00:00-05:00,0.8999999761581421,0.9700000286102295,0.8399999737739563,0.8700000047683716,9391000,0.0,0.0
2020-11-16 00:00:00-05:00,0.8700000047683716,0.9399999976158142,0.8500000238418579,0.8999999761581421,7774000,0.0,0.0
2020-11-17 00:00:00-05:00,0.8899999856948853,0.8999999761581421,0.8700000047683716,0.8899999856948853,5143500,0.0,0.0
2020-11-18 00:00:00-05:00,0.8999999761581421,0.9100000262260437,0.8399999737739563,0.8399999737739563,7877500,0.0,0.0
2020-11-19 00:00:00-05:00,0.8600000143051147,0.8700000047683716,0.8399999737739563,0.8700000047683716,4592200,0.0,0.0
2020-11-20 00:00:00-05:00,0.8700000047683716,0.9200000166893005,0.8600000143051147,0.8799999952316284,4830700,0.0,0.0
2020-11-23 00:00:00-05:00,0.8799999952316284,0.9100000262260437,0.8399999737739563,0.8500000238418579,7205900,0.0,0.0
2020-11-24 00:00:00-05:00,0.8399999737739563,0.8399999737739563,0.800000011920929,0.800000011920929,9571100,0.0,0.0
2020-11-25 00:00:00-05:00,0.8100000023841858,0.8700000047683716,0.3499999940395355,0.4000000059604645,203849600,0.0,0.0
2020-11-27 00:00:00-05:00,0.3700000047683716,0.4000000059604645,0.3499999940395355,0.3799999952316284,58026600,0.0,0.0
2020-11-30 00:00:00-05:00,0.3700000047683716,0.38999998569488525,0.36000001430511475,0.3700000047683716,43036100,0.0,0.0
2020-12-01 00:00:00-05:00,0.3700000047683716,0.3700000047683716,0.3499999940395355,0.36000001430511475,26781600,0.0,0.0
2020-12-02 00:00:00-05:00,0.36000001430511475,0.36000001430511475,0.3199999928474426,0.3400000035762787,24476000,0.0,0.0
2020-12-03 00:00:00-05:00,0.36000001430511475,0.3799999952316284,0.3499999940395355,0.36000001430511475,37243300,0.0,0.0
2020-12-04 00:00:00-05:00,0.3700000047683716,0.4000000059604645,0.3700000047683716,0.3799999952316284,33280200,0.0,0.0
2020-12-07 00:00:00-05:00,0.3700000047683716,0.38999998569488525,0.3700000047683716,0.3700000047683716,12450300,0.0,0.0
2020-12-08 00:00:00-05:00,0.3700000047683716,0.3700000047683716,0.3499999940395355,0.3499999940395355,19842200,0.0,0.0
2020-12-09 00:00:00-05:00,0.3499999940395355,0.3499999940395355,0.33000001311302185,0.33000001311302185,16811000,0.0,0.0
2020-12-10 00:00:00-05:00,0.33000001311302185,0.3400000035762787,0.33000001311302185,0.3400000035762787,8792900,0.0,0.0
2020-12-11 00:00:00-05:00,0.3400000035762787,0.3499999940395355,0.33000001311302185,0.3400000035762787,9904100,0.0,0.0
2020-12-14 00:00:00-05:00,0.3400000035762787,0.3400000035762787,0.3199999928474426,0.33000001311302185,9188400,0.0,0.0
2020-12-15 00:00:00-05:00,0.33000001311302185,0.33000001311302185,0.3100000023841858,0.3100000023841858,12990200,0.0,0.0
2020-12-16 00:00:00-05:00,0.3199999928474426,0.3199999928474426,0.3100000023841858,0.3100000023841858,8990700,0.0,0.0
2020-12-17 00:00:00-05:00,0.3199999928474426,0.3499999940395355,0.3199999928474426,0.3400000035762787,19271900,0.0,0.0
2020-12-18 00:00:00-05:00,0.3400000035762787,0.36000001430511475,0.33000001311302185,0.33000001311302185,11597700,0.0,0.0
2020-12-21 00:00:00-05:00,0.33000001311302185,0.33000001311302185,0.3199999928474426,0.33000001311302185,8761600,0.0,0.0
2020-12-22 00:00:00-05:00,0.33000001311302185,0.33000001311302185,0.3199999928474426,0.33000001311302185,7012400,0.0,0.0
2020-12-23 00:00:00-05:00,0.33000001311302185,0.3400000035762787,0.3199999928474426,0.3400000035762787,13056800,0.0,0.0
2020-12-24 00:00:00-05:00,0.3400000035762787,0.3400000035762787,0.33000001311302185,0.3400000035762787,4991100,0.0,0.0
2020-12-28 00:00:00-05:00,0.3400000035762787,0.3499999940395355,0.33000001311302185,0.33000001311302185,9747100,0.0,0.0
2020-12-29 00:00:00-05:00,0.33000001311302185,0.33000001311302185,0.3199999928474426,0.3199999928474426,7484900,0.0,0.0
2020-12-30 00:00:00-05:00,0.3199999928474426,0.33000001311302185,0.3199999928474426,0.33000001311302185,7541900,0.0,0.0
2020-12-31 00:00:00-05:00,0.33000001311302185,0.33000001311302185,0.3199999928474426,0.3199999928474426,10442500,0.0,0.0
2021-01-04 00:00:00-05:00,0.33000001311302185,0.36000001430511475,0.3199999928474426,0.3499999940395355,22430900,0.0,0.0
2021-01-05 00:00:00-05:00,0.38999998569488525,0.49000000953674316,0.3700000047683716,0.4099999964237213,85826800,0.0,0.0
2021-01-06 00:00:00-05:00,0.4000000059604645,0.4099999964237213,0.3700000047683716,0.3700000047683716,25627400,0.0,0.0
2021-01-07 00:00:00-05:00,0.3799999952316284,0.38999998569488525,0.3700000047683716,0.3799999952316284,16126400,0.0,0.0
2021-01-08 00:00:00-05:00,0.3799999952316284,0.3799999952316284,0.36000001430511475,0.3700000047683716,12221800,0.0,0.0
2021-01-11 00:00:00-05:00,0.4000000059604645,0.4399999976158142,0.38999998569488525,0.4399999976158142,33074500,0.0,0.0
2021-01-12 00:00:00-05:00,0.41999998688697815,0.5,0.4099999964237213,0.47999998927116394,87392200,0.0,0.0
2021-01-13 00:00:00-05:00,0.6700000166893005,0.6899999976158142,0.550000011920929,0.6000000238418579,130814100,0.0,0.0
2021-01-14 00:00:00-05:00,0.5400000214576721,0.5699999928474426,0.5199999809265137,0.5600000023841858,37301100,0.0,0.0
2021-01-15 00:00:00-05:00,0.5600000023841858,0.5699999928474426,0.5099999904632568,0.5199999809265137,19012700,0.0,0.0
2021-01-19 00:00:00-05:00,0.5299999713897705,0.5299999713897705,0.49000000953674316,0.5099999904632568,22201600,0.0,0.0
2021-01-20 00:00:00-05:00,0.5099999904632568,0.5299999713897705,0.49000000953674316,0.5,15169900,0.0,0.0
2021-01-21 00:00:00-05:00,0.5400000214576721,0.5400000214576721,0.5,0.5199999809265137,28780400,0.0,0.0
2021-01-22 00:00:00-05:00,0.5400000214576721,0.5600000023841858,0.5099999904632568,0.5299999713897705,26178700,0.0,0.0
2021-01-25 00:00:00-05:00,0.5299999713897705,0.5299999713897705,0.46000000834465027,0.5,23949400,0.0,0.0
2021-01-26 00:00:00-05:00,0.49000000953674316,0.49000000953674316,0.47999998927116394,0.47999998927116394,13496100,0.0,0.0
2021-01-27 00:00:00-05:00,0.4399999976158142,0.5699999928474426,0.41999998688697815,0.5299999713897705,70661500,0.0,0.0
2021-01-28 00:00:00-05:00,0.6200000047683716,0.7300000190734863,0.5400000214576721,0.6000000238418579,123418300,0.0,0.0
2021-01-29 00:00:00-05:00,0.6299999952316284,0.6899999976158142,0.5600000023841858,0.5699999928474426,79220400,0.0,0.0
2021-02-01 00:00:00-05:00,0.6299999952316284,0.8399999737739563,0.5799999833106995,0.75,270920100,0.0,0.0
2021-02-02 00:00:00-05:00,0.6399999856948853,0.6899999976158142,0.6000000238418579,0.6200000047683716,61700200,0.0,0.0
2021-02-03 00:00:00-05:00,0.6299999952316284,0.6499999761581421,0.6000000238418579,0.6200000047683716,34557000,0.0,0.0
2021-02-04 00:00:00-05:00,0.6299999952316284,0.6299999952316284,0.6000000238418579,0.6100000143051147,25280900,0.0,0.0
2021-02-05 00:00:00-05:00,0.6200000047683716,0.6700000166893005,0.6200000047683716,0.6399999856948853,40619000,0.0,0.0
2021-02-08 00:00:00-05:00,0.6399999856948853,0.6800000071525574,0.6299999952316284,0.6700000166893005,43931300,0.0,0.0
2021-02-09 00:00:00-05:00,0.7200000286102295,0.7699999809265137,0.699999988079071,0.7599999904632568,75457600,0.0,0.0
2021-02-10 00:00:00-05:00,0.9100000262260437,0.9800000190734863,0.7799999713897705,0.9399999976158142,194872300,0.0,0.0
2021-02-11 00:00:00-05:00,1.100000023841858,1.149999976158142,0.9200000166893005,1.0,150136700,0.0,0.0
2021-02-12 00:00:00-05:00,0.8799999952316284,0.9300000071525574,0.8500000238418579,0.8999999761581421,67319500,0.0,0.0
2021-02-16 00:00:00-05:00,0.9399999976158142,0.9900000095367432,0.8999999761581421,0.9200000166893005,58645400,0.0,0.0
2021-02-17 00:00:00-05:00,0.8999999761581421,0.9100000262260437,0.8500000238418579,0.8600000143051147,36610800,0.0,0.0
2021-02-18 00:00:00-05:00,0.8500000238418579,0.8500000238418579,0.7300000190734863,0.7799999713897705,48649500,0.0,0.0
2021-02-19 00:00:00-05:00,0.8500000238418579,0.8899999856948853,0.8100000023841858,0.8100000023841858,49918000,0.0,0.0
2021-02-22 00:00:00-05:00,0.8100000023841858,0.8899999856948853,0.8100000023841858,0.8199999928474426,32834300,0.0,0.0
2021-02-23 00:00:00-05:00,0.7599999904632568,0.7799999713897705,0.6499999761581421,0.7200000286102295,36944400,0.0,0.0
2021-02-24 00:00:00-05:00,0.75,0.7900000214576721,0.7400000095367432,0.7599999904632568,25127300,0.0,0.0
2021-02-25 00:00:00-05:00,0.7599999904632568,0.7599999904632568,0.6899999976158142,0.699999988079071,23188800,0.0,0.0
2021-02-26 00:00:00-05:00,0.8799999952316284,0.9300000071525574,0.7400000095367432,0.7900000214576721,153424400,0.0,0.0
2021-03-01 00:00:00-05:00,0.8199999928474426,0.8500000238418579,0.7900000214576721,0.7900000214576721,32268800,0.0,0.0
2021-03-02 00:00:00-05:00,0.7900000214576721,0.800000011920929,0.7400000095367432,0.7400000095367432,22978900,0.0,0.0
2021-03-03 00:00:00-05:00,0.7300000190734863,0.75,0.699999988079071,0.7200000286102295,17771000,0.0,0.0
2021-03-04 00:00:00-05:00,0.6800000071525574,0.7099999785423279,0.6000000238418579,0.6299999952316284,29068400,0.0,0.0
2021-03-05 00:00:00-05:00,0.6499999761581421,0.6700000166893005,0.5799999833106995,0.6600000262260437,26635500,0.0,0.0
2021-03-08 00:00:00-05:00,0.6800000071525574,0.6899999976158142,0.6299999952316284,0.6499999761581421,16030200,0.0,0.0
2021-03-09 00:00:00-05:00,0.6600000262260437,0.7300000190734863,0.6499999761581421,0.7200000286102295,23039800,0.0,0.0
2021-03-10 00:00:00-05:00,0.7200000286102295,0.7400000095367432,0.6700000166893005,0.6899999976158142,18214600,0.0,0.0
2021-03-11 00:00:00-05:00,0.7099999785423279,0.7200000286102295,0.6899999976158142,0.7200000286102295,12192800,0.0,0.0
2021-03-12 00:00:00-05:00,0.7099999785423279,0.7699999809265137,0.699999988079071,0.7400000095367432,18805300,0.0,0.0
2021-03-15 00:00:00-04:00,0.7599999904632568,0.7900000214576721,0.75,0.7699999809265137,18663900,0.0,0.0
2021-03-16 00:00:00-04:00,0.7799999713897705,0.7799999713897705,0.7099999785423279,0.7300000190734863,16249800,0.0,0.0
2021-03-17 00:00:00-04:00,0.7099999785423279,0.7599999904632568,0.7099999785423279,0.75,9626200,0.0,0.0
2021-03-18 00:00:00-04:00,0.7400000095367432,0.7400000095367432,0.7099999785423279,0.7300000190734863,8271600,0.0,0.0
2021-03-19 00:00:00-04:00,0.7200000286102295,0.7300000190734863,0.699999988079071,0.7300000190734863,9578500,0.0,0.0
2021-03-22 00:00:00-04:00,0.7400000095367432,0.7400000095367432,0.699999988079071,0.699999988079071,9202400,0.0,0.0
2021-03-23 00:00:00-04:00,0.699999988079071,0.699999988079071,0.6499999761581421,0.6600000262260437,10424300,0.0,0.0
2021-03-24 00:00:00-04:00,0.6700000166893005,0.6700000166893005,0.6200000047683716,0.6299999952316284,10889300,0.0,0.0
2021-03-25 00:00:00-04:00,0.6000000238418579,0.6299999952316284,0.5799999833106995,0.6299999952316284,14834700,0.0,0.0
2021-03-26 00:00:00-04:00,0.6299999952316284,0.6600000262260437,0.6000000238418579,0.6200000047683716,9930100,0.0,0.0
2021-03-29 00:00:00-04:00,0.6200000047683716,0.6200000047683716,0.5899999737739563,0.6000000238418579,8554500,0.0,0.0
2021-03-30 00:00:00-04:00,0.6000000238418579,0.6499999761581421,0.5799999833106995,0.6499999761581421,12188700,0.0,0.0
2021-03-31 00:00:00-04:00,0.6399999856948853,0.6399999856948853,0.6200000047683716,0.6299999952316284,6707400,0.0,0.0
2021-04-01 00:00:00-04:00,0.6399999856948853,0.6600000262260437,0.6200000047683716,0.6499999761581421,9383200,0.0,0.0
2021-04-05 00:00:00-04:00,0.6499999761581421,0.6499999761581421,0.6200000047683716,0.6299999952316284,6733600,0.0,0.0
2021-04-06 00:00:00-04:00,0.6200000047683716,0.699999988079071,0.6200000047683716,0.6700000166893005,15722600,0.0,0.0
2021-04-07 00:00:00-04:00,0.6700000166893005,0.6700000166893005,0.6200000047683716,0.6299999952316284,8752400,0.0,0.0
2021-04-08 00:00:00-04:00,0.6299999952316284,0.6299999952316284,0.6100000143051147,0.6299999952316284,5232700,0.0,0.0
2021-04-09 00:00:00-04:00,0.6299999952316284,0.6299999952316284,0.6100000143051147,0.6299999952316284,4405200,0.0,0.0
2021-04-12 00:00:00-04:00,0.6299999952316284,0.6399999856948853,0.6000000238418579,0.6000000238418579,8732400,0.0,0.0
2021-04-13 00:00:00-04:00,0.6000000238418579,0.6200000047683716,0.5899999737739563,0.6000000238418579,6821400,0.0,0.0
2021-04-14 00:00:00-04:00,0.6000000238418579,0.6200000047683716,0.6000000238418579,0.6100000143051147,6153800,0.0,0.0
2021-04-15 00:00:00-04:00,0.6100000143051147,0.6100000143051147,0.5799999833106995,0.5799999833106995,7707500,0.0,0.0
2021-04-16 00:00:00-04:00,0.550000011920929,0.5600000023841858,0.5199999809265137,0.5400000214576721,14823900,0.0,0.0
2021-04-19 00:00:00-04:00,0.550000011920929,0.6000000238418579,0.5400000214576721,0.6000000238418579,10617100,0.0,0.0
2021-04-20 00:00:00-04:00,0.5799999833106995,0.5899999737739563,0.5400000214576721,0.5400000214576721,6914500,0.0,0.0
2021-04-21 00:00:00-04:00,0.5400000214576721,0.5699999928474426,0.5299999713897705,0.5699999928474426,5190000,0.0,0.0
2021-04-22 00:00:00-04:00,0.5699999928474426,0.5799999833106995,0.550000011920929,0.5600000023841858,4562200,0.0,0.0
2021-04-23 00:00:00-04:00,0.5699999928474426,0.5699999928474426,0.550000011920929,0.5699999928474426,4596700,0.0,0.0
2021-04-26 00:00:00-04:00,0.5899999737739563,0.6100000143051147,0.5799999833106995,0.6000000238418579,7742000,0.0,0.0
2021-04-27 00:00:00-04:00,0.6100000143051147,0.6100000143051147,0.5899999737739563,0.6000000238418579,5695800,0.0,0.0
2021-04-28 00:00:00-04:00,0.6000000238418579,0.6200000047683716,0.6000000238418579,0.6100000143051147,5350700,0.0,0.0
2021-04-29 00:00:00-04:00,0.6100000143051147,0.6299999952316284,0.5799999833106995,0.5899999737739563,7419600,0.0,0.0
2021-04-30 00:00:00-04:00,0.5899999737739563,0.6100000143051147,0.5799999833106995,0.5899999737739563,9179500,0.0,0.0
2021-05-03 00:00:00-04:00,0.5899999737739563,0.6100000143051147,0.5699999928474426,0.5899999737739563,7779600,0.0,0.0
2021-05-04 00:00:00-04:00,0.5699999928474426,0.5799999833106995,0.550000011920929,0.5699999928474426,6500900,0.0,0.0
2021-05-05 00:00:00-04:00,0.5699999928474426,0.5899999737739563,0.5600000023841858,0.5799999833106995,4233100,0.0,0.0
2021-05-06 00:00:00-04:00,0.5799999833106995,0.5899999737739563,0.550000011920929,0.5600000023841858,5044100,0.0,0.0
2021-05-07 00:00:00-04:00,0.550000011920929,0.5699999928474426,0.550000011920929,0.5699999928474426,5424400,0.0,0.0
2021-05-10 00:00:00-04:00,0.5699999928474426,0.5799999833106995,0.550000011920929,0.5600000023841858,5068300,0.0,0.0
2021-05-11 00:00:00-04:00,0.5400000214576721,0.5600000023841858,0.5299999713897705,0.5400000214576721,4946200,0.0,0.0
2021-05-12 00:00:00-04:00,0.5099999904632568,0.5299999713897705,0.5099999904632568,0.5199999809265137,6437700,0.0,0.0
2021-05-13 00:00:00-04:00,0.5199999809265137,0.5299999713897705,0.49000000953674316,0.5,6102000,0.0,0.0
2021-05-14 00:00:00-04:00,0.5,0.5400000214576721,0.5,0.5299999713897705,4984900,0.0,0.0
2021-05-17 00:00:00-04:00,0.5299999713897705,0.5799999833106995,0.5199999809265137,0.5600000023841858,6279900,0.0,0.0
2021-05-18 00:00:00-04:00,0.5699999928474426,0.6100000143051147,0.5600000023841858,0.6000000238418579,7122600,0.0,0.0
2021-05-19 00:00:00-04:00,0.5899999737739563,0.5899999737739563,0.5699999928474426,0.5799999833106995,5927000,0.0,0.0
2021-05-20 00:00:00-04:00,0.5799999833106995,0.5899999737739563,0.5699999928474426,0.5699999928474426,2784100,0.0,0.0
2021-05-21 00:00:00-04:00,0.5699999928474426,0.5699999928474426,0.5600000023841858,0.5699999928474426,3947300,0.0,0.0
2021-05-24 00:00:00-04:00,0.5600000023841858,0.5600000023841858,0.5400000214576721,0.550000011920929,3842900,0.0,0.0
2021-05-25 00:00:00-04:00,0.550000011920929,0.5600000023841858,0.5400000214576721,0.550000011920929,2627100,0.0,0.0
2021-05-26 00:00:00-04:00,0.550000011920929,0.5600000023841858,0.5400000214576721,0.550000011920929,4799800,0.0,0.0
2021-05-27 00:00:00-04:00,0.5600000023841858,0.5799999833106995,0.550000011920929,0.5699999928474426,5138900,0.0,0.0
2021-05-28 00:00:00-04:00,0.5699999928474426,0.5699999928474426,0.550000011920929,0.5600000023841858,5524700,0.0,0.0
2021-06-01 00:00:00-04:00,0.5699999928474426,0.5899999737739563,0.5600000023841858,0.5699999928474426,5964400,0.0,0.0
2021-06-02 00:00:00-04:00,0.5600000023841858,0.5699999928474426,0.550000011920929,0.5600000023841858,9455100,0.0,0.0
2021-06-03 00:00:00-04:00,0.5600000023841858,0.6000000238418579,0.550000011920929,0.5699999928474426,16488000,0.0,0.0
2021-06-04 00:00:00-04:00,0.5799999833106995,0.5899999737739563,0.5600000023841858,0.5799999833106995,6395200,0.0,0.0
2021-06-07 00:00:00-04:00,0.5799999833106995,0.5799999833106995,0.5600000023841858,0.5699999928474426,5949200,0.0,0.0
2021-06-08 00:00:00-04:00,0.5799999833106995,0.5799999833106995,0.5600000023841858,0.5600000023841858,5883300,0.0,0.0
2021-06-09 00:00:00-04:00,0.5600000023841858,0.5899999737739563,0.5600000023841858,0.5699999928474426,8763300,0.0,0.0
2021-06-10 00:00:00-04:00,0.5699999928474426,0.5699999928474426,0.5600000023841858,0.5699999928474426,4294400,0.0,0.0
2021-06-11 00:00:00-04:00,0.5600000023841858,0.5699999928474426,0.550000011920929,0.5600000023841858,4205300,0.0,0.0
2021-06-14 00:00:00-04:00,0.5600000023841858,0.5600000023841858,0.550000011920929,0.550000011920929,4558800,0.0,0.0
2021-06-15 00:00:00-04:00,0.550000011920929,0.550000011920929,0.5299999713897705,0.5400000214576721,4687200,0.0,0.0
2021-06-16 00:00:00-04:00,0.5400000214576721,0.5400000214576721,0.5199999809265137,0.5299999713897705,4356900,0.0,0.0
2021-06-17 00:00:00-04:00,0.5299999713897705,0.5299999713897705,0.5099999904632568,0.5199999809265137,5331100,0.0,0.0
2021-06-18 00:00:00-04:00,0.5099999904632568,0.5299999713897705,0.5099999904632568,0.5099999904632568,3895800,0.0,0.0
2021-06-21 00:00:00-04:00,0.5099999904632568,0.5199999809265137,0.5,0.5,7518200,0.0,0.0
2021-06-22 00:00:00-04:00,0.5099999904632568,0.5099999904632568,0.4699999988079071,0.49000000953674316,9322700,0.0,0.0
2021-06-23 00:00:00-04:00,0.5,0.5099999904632568,0.5,0.5,4357800,0.0,0.0
2021-06-24 00:00:00-04:00,0.5099999904632568,0.5099999904632568,0.5,0.5099999904632568,4878000,0.0,0.0
2021-06-25 00:00:00-04:00,0.5099999904632568,0.5299999713897705,0.5099999904632568,0.5199999809265137,5231200,0.0,0.0
2021-06-28 00:00:00-04:00,0.5299999713897705,0.5299999713897705,0.5099999904632568,0.5099999904632568,5160300,0.0,0.0
2021-06-29 00:00:00-04:00,0.5099999904632568,0.5199999809265137,0.5,0.5,3461500,0.0,0.0
2021-06-30 00:00:00-04:00,0.5099999904632568,0.5099999904632568,0.47999998927116394,0.49000000953674316,6275500,0.0,0.0
2021-07-01 00:00:00-04:00,0.5,0.5099999904632568,0.49000000953674316,0.5,5248700,0.0,0.0
2021-07-02 00:00:00-04:00,0.5,0.5099999904632568,0.49000000953674316,0.5,3975000,0.0,0.0
2021-07-06 00:00:00-04:00,0.5,0.5,0.47999998927116394,0.49000000953674316,5860600,0.0,0.0
2021-07-07 00:00:00-04:00,0.49000000953674316,0.49000000953674316,0.46000000834465027,0.4699999988079071,6123400,0.0,0.0
2021-07-08 00:00:00-04:00,0.46000000834465027,0.46000000834465027,0.44999998807907104,0.46000000834465027,4267900,0.0,0.0
2021-07-09 00:00:00-04:00,0.4699999988079071,0.4699999988079071,0.46000000834465027,0.4699999988079071,3435200,0.0,0.0
2021-07-12 00:00:00-04:00,0.4699999988079071,0.4699999988079071,0.44999998807907104,0.44999998807907104,3429800,0.0,0.0
2021-07-13 00:00:00-04:00,0.44999998807907104,0.44999998807907104,0.4300000071525574,0.4399999976158142,4928800,0.0,0.0
2021-07-14 00:00:00-04:00,0.4399999976158142,0.4399999976158142,0.41999998688697815,0.41999998688697815,4589900,0.0,0.0
2021-07-15 00:00:00-04:00,0.41999998688697815,0.4300000071525574,0.4099999964237213,0.41999998688697815,4323100,0.0,0.0
2021-07-16 00:00:00-04:00,0.41999998688697815,0.4300000071525574,0.4099999964237213,0.4300000071525574,3405400,0.0,0.0
2021-07-19 00:00:00-04:00,0.4099999964237213,0.4099999964237213,0.38999998569488525,0.4000000059604645,7082600,0.0,0.0
2021-07-20 00:00:00-04:00,0.4000000059604645,0.4399999976158142,0.38999998569488525,0.4300000071525574,7199100,0.0,0.0
2021-07-21 00:00:00-04:00,0.4300000071525574,0.4399999976158142,0.41999998688697815,0.4399999976158142,4090100,0.0,0.0
2021-07-22 00:00:00-04:00,0.44999998807907104,0.4699999988079071,0.4300000071525574,0.44999998807907104,5156100,0.0,0.0
2021-07-23 00:00:00-04:00,0.44999998807907104,0.44999998807907104,0.4099999964237213,0.41999998688697815,3539500,0.0,0.0
2021-07-26 00:00:00-04:00,0.4300000071525574,0.4300000071525574,0.41999998688697815,0.41999998688697815,3285700,0.0,0.0
2021-07-27 00:00:00-04:00,0.41999998688697815,0.4300000071525574,0.4099999964237213,0.41999998688697815,2104000,0.0,0.0
2021-07-28 00:00:00-04:00,0.41999998688697815,0.4300000071525574,0.41999998688697815,0.4300000071525574,1984800,0.0,0.0
2021-07-29 00:00:00-04:00,0.4399999976158142,0.4399999976158142,0.4300000071525574,0.4399999976158142,3069500,0.0,0.0
2021-07-30 00:00:00-04:00,0.4399999976158142,0.4399999976158142,0.4300000071525574,0.4300000071525574,1533400,0.0,0.0
2021-08-02 00:00:00-04:00,0.4399999976158142,0.4399999976158142,0.4300000071525574,0.4399999976158142,1966500,0.0,0.0
2021-08-03 00:00:00-04:00,0.4399999976158142,0.4399999976158142,0.4099999964237213,0.4300000071525574,3360400,0.0,0.0
2021-08-04 00:00:00-04:00,0.4300000071525574,0.4399999976158142,0.4099999964237213,0.41999998688697815,2555400,0.0,0.0
2021-08-05 00:00:00-04:00,0.41999998688697815,0.4300000071525574,0.41999998688697815,0.4300000071525574,2482000,0.0,0.0
2021-08-06 00:00:00-04:00,0.4300000071525574,0.4300000071525574,0.4000000059604645,0.4099999964237213,3011300,0.0,0.0
2021-08-09 00:00:00-04:00,0.4099999964237213,0.41999998688697815,0.4000000059604645,0.4099999964237213,3560200,0.0,0.0
2021-08-10 00:00:00-04:00,0.41999998688697815,0.41999998688697815,0.4099999964237213,0.4099999964237213,2303300,0.0,0.0
2021-08-11 00:00:00-04:00,0.4099999964237213,0.4099999964237213,0.4000000059604645,0.4099999964237213,2403400,0.0,0.0
2021-08-12 00:00:00-04:00,0.4099999964237213,0.4099999964237213,0.4000000059604645,0.4099999964237213,2755300,0.0,0.0
2021-08-13 00:00:00-04:00,0.4099999964237213,0.4099999964237213,0.4000000059604645,0.4000000059604645,2120600,0.0,0.0
2021-08-16 00:00:00-04:00,0.4000000059604645,0.4099999964237213,0.3799999952316284,0.38999998569488525,4537500,0.0,0.0
2021-08-17 00:00:00-04:00,0.38999998569488525,0.38999998569488525,0.3700000047683716,0.3799999952316284,3035700,0.0,0.0
2021-08-18 00:00:00-04:00,0.38999998569488525,0.38999998569488525,0.3799999952316284,0.38999998569488525,3441800,0.0,0.0
2021-08-19 00:00:00-04:00,0.38999998569488525,0.38999998569488525,0.3700000047683716,0.3700000047683716,4036500,0.0,0.0
2021-08-20 00:00:00-04:00,0.3799999952316284,0.38999998569488525,0.3700000047683716,0.38999998569488525,2773500,0.0,0.0
2021-08-23 00:00:00-04:00,0.38999998569488525,0.4000000059604645,0.3799999952316284,0.38999998569488525,5186400,0.0,0.0
2021-08-24 00:00:00-04:00,0.3799999952316284,0.4099999964237213,0.3799999952316284,0.4000000059604645,3914900,0.0,0.0
2021-08-25 00:00:00-04:00,0.4099999964237213,0.41999998688697815,0.4000000059604645,0.4099999964237213,3651800,0.0,0.0
2021-08-26 00:00:00-04:00,0.4099999964237213,0.41999998688697815,0.4099999964237213,0.4099999964237213,3010900,0.0,0.0
2021-08-27 00:00:00-04:00,0.4099999964237213,0.41999998688697815,0.4000000059604645,0.4099999964237213,2291100,0.0,0.0
2021-08-30 00:00:00-04:00,0.4099999964237213,0.4099999964237213,0.38999998569488525,0.4099999964237213,3013200,0.0,0.0
2021-08-31 00:00:00-04:00,0.4099999964237213,0.4099999964237213,0.4000000059604645,0.4099999964237213,3051000,0.0,0.0
2021-09-01 00:00:00-04:00,0.4099999964237213,0.4099999964237213,0.4000000059604645,0.4099999964237213,3324800,0.0,0.0
2021-09-02 00:00:00-04:00,0.4099999964237213,0.4099999964237213,0.4000000059604645,0.4000000059604645,3337200,0.0,0.0
2021-09-03 00:00:00-04:00,0.4000000059604645,0.4399999976158142,0.4000000059604645,0.4099999964237213,14627700,0.0,0.0
2021-09-07 00:00:00-04:00,0.4300000071525574,0.5199999809265137,0.41999998688697815,0.49000000953674316,28820600,0.0,0.0
2021-09-08 00:00:00-04:00,0.49000000953674316,0.49000000953674316,0.44999998807907104,0.46000000834465027,11817300,0.0,0.0
2021-09-09 00:00:00-04:00,0.46000000834465027,0.49000000953674316,0.44999998807907104,0.47999998927116394,8087500,0.0,0.0
2021-09-10 00:00:00-04:00,0.4699999988079071,0.5199999809265137,0.4399999976158142,0.5099999904632568,25406200,0.0,0.0
2021-09-13 00:00:00-04:00,0.4699999988079071,0.4699999988079071,0.44999998807907104,0.44999998807907104,9712300,0.0,0.0
2021-09-14 00:00:00-04:00,0.4699999988079071,0.4699999988079071,0.41999998688697815,0.4300000071525574,5345600,0.0,0.0
2021-09-15 00:00:00-04:00,0.4300000071525574,0.46000000834465027,0.4099999964237213,0.44999998807907104,15038400,0.0,0.0
2021-09-16 00:00:00-04:00,0.4399999976158142,0.5099999904632568,0.41999998688697815,0.47999998927116394,30764000,0.0,0.0
2021-09-17 00:00:00-04:00,0.49000000953674316,0.5099999904632568,0.44999998807907104,0.49000000953674316,24711700,0.0,0.0
2021-09-20 00:00:00-04:00,0.4699999988079071,0.5,0.4399999976158142,0.46000000834465027,12316200,0.0,0.0
2021-09-21 00:00:00-04:00,0.46000000834465027,0.49000000953674316,0.44999998807907104,0.4699999988079071,10566400,0.0,0.0
2021-09-22 00:00:00-04:00,0.4699999988079071,0.49000000953674316,0.46000000834465027,0.4699999988079071,10439400,0.0,0.0
2021-09-23 00:00:00-04:00,0.5,0.6200000047683716,0.49000000953674316,0.6000000238418579,59057800,0.0,0.0
2021-09-24 00:00:00-04:00,0.5699999928474426,0.6200000047683716,0.5299999713897705,0.5400000214576721,32393000,0.0,0.0
2021-09-27 00:00:00-04:00,0.5299999713897705,0.5400000214576721,0.49000000953674316,0.5099999904632568,22903200,0.0,0.0
2021-09-28 00:00:00-04:00,0.5,0.5099999904632568,0.46000000834465027,0.4699999988079071,17502900,0.0,0.0
2021-09-29 00:00:00-04:00,0.49000000953674316,0.49000000953674316,0.4399999976158142,0.44999998807907104,17925500,0.0,0.0
2021-09-30 00:00:00-04:00,0.44999998807907104,0.49000000953674316,0.44999998807907104,0.46000000834465027,10951500,0.0,0.0
2021-10-01 00:00:00-04:00,0.4699999988079071,0.4699999988079071,0.4300000071525574,0.44999998807907104,9149200,0.0,0.0
2021-10-04 00:00:00-04:00,0.44999998807907104,0.4699999988079071,0.4399999976158142,0.4399999976158142,8343900,0.0,0.0
2021-10-05 00:00:00-04:00,0.44999998807907104,0.44999998807907104,0.41999998688697815,0.4300000071525574,6758500,0.0,0.0
2021-10-06 00:00:00-04:00,0.4300000071525574,0.4300000071525574,0.4099999964237213,0.41999998688697815,6583200,0.0,0.0
2021-10-07 00:00:00-04:00,0.41999998688697815,0.4300000071525574,0.41999998688697815,0.41999998688697815,4606900,0.0,0.0
2021-10-08 00:00:00-04:00,0.4300000071525574,0.46000000834465027,0.41999998688697815,0.4399999976158142,6409500,0.0,0.0
2021-10-11 00:00:00-04:00,0.4399999976158142,0.4399999976158142,0.4300000071525574,0.4300000071525574,3121700,0.0,0.0
2021-10-12 00:00:00-04:00,0.4300000071525574,0.4399999976158142,0.4300000071525574,0.4399999976158142,3564600,0.0,0.0
2021-10-13 00:00:00-04:00,0.4399999976158142,0.4699999988079071,0.4300000071525574,0.4399999976158142,8115100,0.0,0.0
2021-10-14 00:00:00-04:00,0.44999998807907104,0.44999998807907104,0.4399999976158142,0.44999998807907104,3384200,0.0,0.0
2021-10-15 00:00:00-04:00,0.4399999976158142,0.46000000834465027,0.4399999976158142,0.44999998807907104,3778500,0.0,0.0
2021-10-18 00:00:00-04:00,0.4399999976158142,0.44999998807907104,0.4300000071525574,0.4300000071525574,5031000,0.0,0.0
2021-10-19 00:00:00-04:00,0.4399999976158142,0.4399999976158142,0.41999998688697815,0.4300000071525574,5069200,0.0,0.0
2021-10-20 00:00:00-04:00,0.41999998688697815,0.4300000071525574,0.41999998688697815,0.41999998688697815,5333500,0.0,0.0
2021-10-21 00:00:00-04:00,0.41999998688697815,0.4300000071525574,0.41999998688697815,0.41999998688697815,4898900,0.0,0.0
2021-10-22 00:00:00-04:00,0.4099999964237213,0.41999998688697815,0.4099999964237213,0.4099999964237213,5710100,0.0,0.0
2021-10-25 00:00:00-04:00,0.46000000834465027,0.5400000214576721,0.4399999976158142,0.44999998807907104,54851800,0.0,0.0
2021-10-26 00:00:00-04:00,0.4399999976158142,0.44999998807907104,0.4300000071525574,0.44999998807907104,7718300,0.0,0.0
2021-10-27 00:00:00-04:00,0.4300000071525574,0.4399999976158142,0.4300000071525574,0.4300000071525574,4897000,0.0,0.0
2021-10-28 00:00:00-04:00,0.4399999976158142,0.44999998807907104,0.4300000071525574,0.4399999976158142,6218200,0.0,0.0
2021-10-29 00:00:00-04:00,0.46000000834465027,0.46000000834465027,0.4300000071525574,0.4300000071525574,4536300,0.0,0.0
2021-11-01 00:00:00-04:00,0.4399999976158142,0.4399999976158142,0.4300000071525574,0.4300000071525574,3819100,0.0,0.0
2021-11-02 00:00:00-04:00,0.4300000071525574,0.4300000071525574,0.41999998688697815,0.4300000071525574,4462600,0.0,0.0
2021-11-03 00:00:00-04:00,0.4300000071525574,0.4300000071525574,0.41999998688697815,0.41999998688697815,5225800,0.0,0.0
2021-11-04 00:00:00-04:00,0.41999998688697815,0.4300000071525574,0.41999998688697815,0.41999998688697815,10183800,0.0,0.0
2021-11-05 00:00:00-04:00,0.41999998688697815,0.4300000071525574,0.41999998688697815,0.41999998688697815,3972800,0.0,0.0
2021-11-08 00:00:00-05:00,0.41999998688697815,0.4300000071525574,0.41999998688697815,0.41999998688697815,4847200,0.0,0.0
2021-11-09 00:00:00-05:00,0.4300000071525574,0.4300000071525574,0.41999998688697815,0.41999998688697815,3994900,0.0,0.0
2021-11-10 00:00:00-05:00,0.41999998688697815,0.4300000071525574,0.4099999964237213,0.4099999964237213,5541300,0.0,0.0
2021-11-11 00:00:00-05:00,0.4099999964237213,0.41999998688697815,0.4000000059604645,0.4099999964237213,3478200,0.0,0.0
2021-11-12 00:00:00-05:00,0.41999998688697815,0.41999998688697815,0.4099999964237213,0.41999998688697815,3646100,0.0,0.0
2021-11-15 00:00:00-05:00,0.41999998688697815,0.41999998688697815,0.4099999964237213,0.4099999964237213,3439400,0.0,0.0
2021-11-16 00:00:00-05:00,0.4099999964237213,0.4099999964237213,0.4000000059604645,0.4000000059604645,5298300,0.0,0.0
2021-11-17 00:00:00-05:00,0.4000000059604645,0.4099999964237213,0.38999998569488525,0.4000000059604645,4592300,0.0,0.0
2021-11-18 00:00:00-05:00,0.38999998569488525,0.4000000059604645,0.3799999952316284,0.38999998569488525,5324900,0.0,0.0
2021-11-19 00:00:00-05:00,0.38999998569488525,0.4000000059604645,0.38999998569488525,0.4000000059604645,3628300,0.0,0.0
2021-11-22 00:00:00-05:00,0.38999998569488525,0.38999998569488525,0.38999998569488525,0.38999998569488525,3959900,0.0,0.0
2021-11-23 00:00:00-05:00,0.38999998569488525,0.38999998569488525,0.3799999952316284,0.38999998569488525,3554300,0.0,0.0
2021-11-24 00:00:00-05:00,0.38999998569488525,0.4000000059604645,0.38999998569488525,0.4000000059604645,2738100,0.0,0.0
2021-11-26 00:00:00-05:00,0.38999998569488525,0.38999998569488525,0.3799999952316284,0.3799999952316284,2684900,0.0,0.0
2021-11-29 00:00:00-05:00,0.38999998569488525,0.4300000071525574,0.3799999952316284,0.4300000071525574,3964400,0.0,0.0
2021-11-30 00:00:00-05:00,0.4000000059604645,0.4099999964237213,0.38999998569488525,0.38999998569488525,3516200,0.0,0.0
2021-12-01 00:00:00-05:00,0.4000000059604645,0.41999998688697815,0.38999998569488525,0.41999998688697815,4081000,0.0,0.0
2021-12-02 00:00:00-05:00,0.38999998569488525,0.38999998569488525,0.3700000047683716,0.3799999952316284,4013500,0.0,0.0
2021-12-03 00:00:00-05:00,0.3799999952316284,0.3799999952316284,0.36000001430511475,0.3700000047683716,4902500,0.0,0.0
2021-12-06 00:00:00-05:00,0.3700000047683716,0.3700000047683716,0.3499999940395355,0.3700000047683716,3388200,0.0,0.0
2021-12-07 00:00:00-05:00,0.3700000047683716,0.3799999952316284,0.3700000047683716,0.3700000047683716,4195700,0.0,0.0
2021-12-08 00:00:00-05:00,0.3700000047683716,0.38999998569488525,0.36000001430511475,0.38999998569488525,2512900,0.0,0.0
2021-12-09 00:00:00-05:00,0.3700000047683716,0.3799999952316284,0.36000001430511475,0.3799999952316284,3548400,0.0,0.0
2021-12-10 00:00:00-05:00,0.3700000047683716,0.3799999952316284,0.36000001430511475,0.3700000047683716,2332200,0.0,0.0
2021-12-13 00:00:00-05:00,0.3700000047683716,0.3799999952316284,0.36000001430511475,0.3799999952316284,3738500,0.0,0.0
2021-12-14 00:00:00-05:00,0.36000001430511475,0.3700000047683716,0.36000001430511475,0.36000001430511475,3069500,0.0,0.0
2021-12-15 00:00:00-05:00,0.36000001430511475,0.36000001430511475,0.33000001311302185,0.3400000035762787,4617800,0.0,0.0
2021-12-16 00:00:00-05:00,0.3499999940395355,0.3499999940395355,0.3400000035762787,0.3400000035762787,1768800,0.0,0.0
2021-12-17 00:00:00-05:00,0.3400000035762787,0.36000001430511475,0.3400000035762787,0.3499999940395355,3265600,0.0,0.0
2021-12-20 00:00:00-05:00,0.3400000035762787,0.3499999940395355,0.3400000035762787,0.3400000035762787,2583000,0.0,0.0
2021-12-21 00:00:00-05:00,0.3400000035762787,0.3499999940395355,0.3400000035762787,0.3400000035762787,2189500,0.0,0.0
2021-12-22 00:00:00-05:00,0.3400000035762787,0.3499999940395355,0.3400000035762787,0.3400000035762787,2329800,0.0,0.0
2021-12-23 00:00:00-05:00,0.3400000035762787,0.3499999940395355,0.3400000035762787,0.3499999940395355,2296100,0.0,0.0
2021-12-27 00:00:00-05:00,0.3499999940395355,0.3700000047683716,0.3400000035762787,0.3700000047683716,7382900,0.0,0.0
2021-12-28 00:00:00-05:00,0.36000001430511475,0.3700000047683716,0.3400000035762787,0.3400000035762787,3071800,0.0,0.0
2021-12-29 00:00:00-05:00,0.3400000035762787,0.3400000035762787,0.33000001311302185,0.33000001311302185,4790500,0.0,0.0
2021-12-30 00:00:00-05:00,0.33000001311302185,0.3400000035762787,0.3199999928474426,0.33000001311302185,4529900,0.0,0.0
2021-12-31 00:00:00-05:00,0.33000001311302185,0.3400000035762787,0.33000001311302185,0.33000001311302185,5901900,0.0,0.0
2022-01-03 00:00:00-05:00,0.33000001311302185,0.3400000035762787,0.33000001311302185,0.3400000035762787,4021400,0.0,0.0
2022-01-04 00:00:00-05:00,0.3400000035762787,0.3499999940395355,0.3400000035762787,0.3499999940395355,3580500,0.0,0.0
2022-01-05 00:00:00-05:00,0.3499999940395355,0.36000001430511475,0.33000001311302185,0.33000001311302185,2512100,0.0,0.0
2022-01-06 00:00:00-05:00,0.33000001311302185,0.3400000035762787,0.3199999928474426,0.3400000035762787,2981700,0.0,0.0
2022-01-07 00:00:00-05:00,0.33000001311302185,0.3499999940395355,0.33000001311302185,0.3499999940395355,1232700,0.0,0.0
2022-01-10 00:00:00-05:00,0.3400000035762787,0.3499999940395355,0.33000001311302185,0.33000001311302185,2812600,0.0,0.0
2022-01-11 00:00:00-05:00,0.33000001311302185,0.3400000035762787,0.33000001311302185,0.33000001311302185,1900900,0.0,0.0
2022-01-12 00:00:00-05:00,0.3400000035762787,0.3499999940395355,0.3400000035762787,0.3499999940395355,1452900,0.0,0.0
2022-01-13 00:00:00-05:00,0.3499999940395355,0.3499999940395355,0.3400000035762787,0.3400000035762787,1972000,0.0,0.0
2022-01-14 00:00:00-05:00,0.3400000035762787,0.3400000035762787,0.33000001311302185,0.33000001311302185,1337100,0.0,0.0
2022-01-18 00:00:00-05:00,0.33000001311302185,0.3400000035762787,0.33000001311302185,0.33000001311302185,1994800,0.0,0.0
2022-01-19 00:00:00-05:00,0.33000001311302185,0.3499999940395355,0.33000001311302185,0.3400000035762787,3007000,0.0,0.0
2022-01-20 00:00:00-05:00,0.3400000035762787,0.3400000035762787,0.3199999928474426,0.33000001311302185,2485800,0.0,0.0
2022-01-21 00:00:00-05:00,0.33000001311302185,0.33000001311302185,0.3199999928474426,0.3199999928474426,3470900,0.0,0.0
2022-01-24 00:00:00-05:00,0.3100000023841858,0.3100000023841858,0.28999999165534973,0.30000001192092896,5060900,0.0,0.0
2022-01-25 00:00:00-05:00,0.30000001192092896,0.3199999928474426,0.30000001192092896,0.3100000023841858,2240600,0.0,0.0
2022-01-26 00:00:00-05:00,0.3199999928474426,0.3199999928474426,0.3100000023841858,0.3100000023841858,2001800,0.0,0.0
2022-01-27 00:00:00-05:00,0.3100000023841858,0.3100000023841858,0.28999999165534973,0.30000001192092896,2240500,0.0,0.0
2022-01-28 00:00:00-05:00,0.3100000023841858,0.3199999928474426,0.30000001192092896,0.3100000023841858,3544000,0.0,0.0
2022-01-31 00:00:00-05:00,0.3199999928474426,0.3199999928474426,0.30000001192092896,0.3100000023841858,2971100,0.0,0.0
2022-02-01 00:00:00-05:00,0.3100000023841858,0.3199999928474426,0.30000001192092896,0.3100000023841858,2703000,0.0,0.0
2022-02-02 00:00:00-05:00,0.3199999928474426,0.3199999928474426,0.30000001192092896,0.3100000023841858,1596100,0.0,0.0
2022-02-03 00:00:00-05:00,0.3100000023841858,0.3100000023841858,0.30000001192092896,0.3100000023841858,1606500,0.0,0.0
2022-02-04 00:00:00-05:00,0.30000001192092896,0.3100000023841858,0.28999999165534973,0.30000001192092896,3802100,0.0,0.0
2022-02-07 00:00:00-05:00,0.3100000023841858,0.3100000023841858,0.28999999165534973,0.3100000023841858,2218700,0.0,0.0
2022-02-08 00:00:00-05:00,0.30000001192092896,0.3100000023841858,0.30000001192092896,0.3100000023841858,1882400,0.0,0.0
2022-02-09 00:00:00-05:00,0.3100000023841858,0.33000001311302185,0.3100000023841858,0.33000001311302185,2223100,0.0,0.0
2022-02-10 00:00:00-05:00,0.3400000035762787,0.3499999940395355,0.3199999928474426,0.3199999928474426,2999100,0.0,0.0
2022-02-11 00:00:00-05:00,0.33000001311302185,0.33000001311302185,0.3199999928474426,0.3199999928474426,1818400,0.0,0.0
2022-02-14 00:00:00-05:00,0.3199999928474426,0.33000001311302185,0.3100000023841858,0.33000001311302185,1291200,0.0,0.0
2022-02-15 00:00:00-05:00,0.33000001311302185,0.33000001311302185,0.3199999928474426,0.33000001311302185,1297000,0.0,0.0
2022-02-16 00:00:00-05:00,0.33000001311302185,0.33000001311302185,0.3100000023841858,0.33000001311302185,1036400,0.0,0.0
2022-02-17 00:00:00-05:00,0.33000001311302185,0.36000001430511475,0.33000001311302185,0.3400000035762787,4522400,0.0,0.0
2022-02-18 00:00:00-05:00,0.36000001430511475,0.36000001430511475,0.33000001311302185,0.33000001311302185,2843800,0.0,0.0
2022-02-22 00:00:00-05:00,0.3199999928474426,0.33000001311302185,0.3100000023841858,0.3100000023841858,2602800,0.0,0.0
2022-02-23 00:00:00-05:00,0.3100000023841858,0.3400000035762787,0.3100000023841858,0.3199999928474426,3707300,0.0,0.0
2022-02-24 00:00:00-05:00,0.3100000023841858,0.33000001311302185,0.3100000023841858,0.3199999928474426,4119600,0.0,0.0
2022-02-25 00:00:00-05:00,0.3199999928474426,0.33000001311302185,0.3199999928474426,0.33000001311302185,2359600,0.0,0.0
2022-02-28 00:00:00-05:00,0.3400000035762787,0.3499999940395355,0.33000001311302185,0.3499999940395355,3599800,0.0,0.0
2022-03-01 00:00:00-05:00,0.3400000035762787,0.3700000047683716,0.3400000035762787,0.3700000047683716,6113300,0.0,0.0
2022-03-02 00:00:00-05:00,0.3700000047683716,0.3700000047683716,0.3499999940395355,0.36000001430511475,3537200,0.0,0.0
2022-03-03 00:00:00-05:00,0.3499999940395355,0.3700000047683716,0.3400000035762787,0.3499999940395355,3199600,0.0,0.0
2022-03-04 00:00:00-05:00,0.3400000035762787,0.3700000047683716,0.3400000035762787,0.36000001430511475,3168200,0.0,0.0
2022-03-07 00:00:00-05:00,0.36000001430511475,0.4099999964237213,0.3499999940395355,0.4000000059604645,15982200,0.0,0.0
2022-03-08 00:00:00-05:00,0.47999998927116394,0.5099999904632568,0.41999998688697815,0.44999998807907104,56778100,0.0,0.0
2022-03-09 00:00:00-05:00,0.4300000071525574,0.44999998807907104,0.4000000059604645,0.41999998688697815,10359300,0.0,0.0
2022-03-10 00:00:00-05:00,0.4099999964237213,0.4300000071525574,0.38999998569488525,0.4300000071525574,19780200,0.0,0.0
2022-03-11 00:00:00-05:00,0.4300000071525574,0.5099999904632568,0.41999998688697815,0.4699999988079071,34465800,0.0,0.0
2022-03-14 00:00:00-04:00,0.44999998807907104,0.44999998807907104,0.3799999952316284,0.38999998569488525,11288500,0.0,0.0
2022-03-15 00:00:00-04:00,0.4099999964237213,0.4099999964237213,0.3799999952316284,0.4000000059604645,6570300,0.0,0.0
2022-03-16 00:00:00-04:00,0.38999998569488525,0.4000000059604645,0.36000001430511475,0.38999998569488525,7262000,0.0,0.0
2022-03-17 00:00:00-04:00,0.4000000059604645,0.4099999964237213,0.38999998569488525,0.4000000059604645,3581100,0.0,0.0
2022-03-18 00:00:00-04:00,0.4300000071525574,0.4300000071525574,0.38999998569488525,0.38999998569488525,4311700,0.0,0.0
2022-03-21 00:00:00-04:00,0.4000000059604645,0.4300000071525574,0.4000000059604645,0.41999998688697815,4790700,0.0,0.0
2022-03-22 00:00:00-04:00,0.41999998688697815,0.41999998688697815,0.4000000059604645,0.41999998688697815,4384900,0.0,0.0
2022-03-23 00:00:00-04:00,0.4099999964237213,0.4300000071525574,0.4099999964237213,0.41999998688697815,3346300,0.0,0.0
2022-03-24 00:00:00-04:00,0.4099999964237213,0.4300000071525574,0.4099999964237213,0.4300000071525574,3424200,0.0,0.0
2022-03-25 00:00:00-04:00,0.41999998688697815,0.41999998688697815,0.38999998569488525,0.4099999964237213,4160300,0.0,0.0
2022-03-28 00:00:00-04:00,0.4000000059604645,0.4099999964237213,0.38999998569488525,0.4000000059604645,7142400,0.0,0.0
2022-03-29 00:00:00-04:00,0.38999998569488525,0.4099999964237213,0.38999998569488525,0.4000000059604645,3980400,0.0,0.0
2022-03-30 00:00:00-04:00,0.4000000059604645,0.4300000071525574,0.38999998569488525,0.4099999964237213,8939500,0.0,0.0
2022-03-31 00:00:00-04:00,0.41999998688697815,0.41999998688697815,0.4000000059604645,0.41999998688697815,5497200,0.0,0.0
2022-04-01 00:00:00-04:00,0.41999998688697815,0.46000000834465027,0.4099999964237213,0.44999998807907104,7618000,0.0,0.0
2022-04-04 00:00:00-04:00,0.44999998807907104,0.46000000834465027,0.41999998688697815,0.44999998807907104,4431000,0.0,0.0
2022-04-05 00:00:00-04:00,0.44999998807907104,0.44999998807907104,0.4099999964237213,0.4399999976158142,3175600,0.0,0.0
2022-04-06 00:00:00-04:00,0.4099999964237213,0.41999998688697815,0.4000000059604645,0.4099999964237213,2949200,0.0,0.0
2022-04-07 00:00:00-04:00,0.4099999964237213,0.4099999964237213,0.4000000059604645,0.4099999964237213,1853500,0.0,0.0
2022-04-08 00:00:00-04:00,0.4099999964237213,0.4099999964237213,0.4000000059604645,0.4099999964237213,2739200,0.0,0.0
2022-04-11 00:00:00-04:00,0.4000000059604645,0.4099999964237213,0.3799999952316284,0.38999998569488525,3519700,0.0,0.0
2022-04-12 00:00:00-04:00,0.3799999952316284,0.4000000059604645,0.3799999952316284,0.4000000059604645,3066200,0.0,0.0
2022-04-13 00:00:00-04:00,0.4000000059604645,0.4099999964237213,0.38999998569488525,0.4099999964237213,2776000,0.0,0.0
2022-04-14 00:00:00-04:00,0.4099999964237213,0.4099999964237213,0.38999998569488525,0.4000000059604645,2542600,0.0,0.0
2022-04-18 00:00:00-04:00,0.4000000059604645,0.4000000059604645,0.3799999952316284,0.38999998569488525,2602400,0.0,0.0
2022-04-19 00:00:00-04:00,0.38999998569488525,0.4000000059604645,0.3799999952316284,0.38999998569488525,1830300,0.0,0.0
2022-04-20 00:00:00-04:00,0.38999998569488525,0.38999998569488525,0.3799999952316284,0.3799999952316284,1621800,0.0,0.0
2022-04-21 00:00:00-04:00,0.3799999952316284,0.38999998569488525,0.36000001430511475,0.36000001430511475,3894500,0.0,0.0
2022-04-22 00:00:00-04:00,0.36000001430511475,0.3700000047683716,0.36000001430511475,0.36000001430511475,2739300,0.0,0.0
2022-04-25 00:00:00-04:00,0.36000001430511475,0.36000001430511475,0.33000001311302185,0.36000001430511475,3932000,0.0,0.0
2022-04-26 00:00:00-04:00,0.36000001430511475,0.36000001430511475,0.3400000035762787,0.3400000035762787,2813600,0.0,0.0
2022-04-27 00:00:00-04:00,0.3400000035762787,0.3499999940395355,0.3400000035762787,0.3400000035762787,1171900,0.0,0.0
2022-04-28 00:00:00-04:00,0.3499999940395355,0.3700000047683716,0.3400000035762787,0.3700000047683716,2631600,0.0,0.0
2022-04-29 00:00:00-04:00,0.36000001430511475,0.36000001430511475,0.3499999940395355,0.36000001430511475,1101500,0.0,0.0
2022-05-02 00:00:00-04:00,0.3499999940395355,0.36000001430511475,0.3400000035762787,0.3400000035762787,1387100,0.0,0.0
2022-05-03 00:00:00-04:00,0.3400000035762787,0.36000001430511475,0.3400000035762787,0.3499999940395355,921100,0.0,0.0
2022-05-04 00:00:00-04:00,0.36000001430511475,0.36000001430511475,0.3400000035762787,0.3499999940395355,2016500,0.0,0.0
2022-05-05 00:00:00-04:00,0.36000001430511475,0.36000001430511475,0.3199999928474426,0.33000001311302185,2521800,0.0,0.0
2022-05-06 00:00:00-04:00,0.33000001311302185,0.3499999940395355,0.3199999928474426,0.3199999928474426,2740100,0.0,0.0
2022-05-09 00:00:00-04:00,0.3199999928474426,0.3199999928474426,0.2800000011920929,0.2800000011920929,5134100,0.0,0.0
2022-05-10 00:00:00-04:00,0.30000001192092896,0.3100000023841858,0.28999999165534973,0.30000001192092896,2328000,0.0,0.0
2022-05-11 00:00:00-04:00,0.3100000023841858,0.3199999928474426,0.28999999165534973,0.28999999165534973,2924200,0.0,0.0
2022-05-12 00:00:00-04:00,0.28999999165534973,0.30000001192092896,0.2800000011920929,0.2800000011920929,2313900,0.0,0.0
2022-05-13 00:00:00-04:00,0.30000001192092896,0.3100000023841858,0.30000001192092896,0.30000001192092896,1459000,0.0,0.0
2022-05-16 00:00:00-04:00,0.3100000023841858,0.3100000023841858,0.30000001192092896,0.30000001192092896,1413800,0.0,0.0
2022-05-17 00:00:00-04:00,0.3199999928474426,0.3199999928474426,0.30000001192092896,0.3100000023841858,787400,0.0,0.0
2022-05-18 00:00:00-04:00,0.3100000023841858,0.3199999928474426,0.30000001192092896,0.3199999928474426,1127800,0.0,0.0
2022-05-19 00:00:00-04:00,0.3100000023841858,0.3199999928474426,0.30000001192092896,0.3100000023841858,957900,0.0,0.0
2022-05-20 00:00:00-04:00,0.3100000023841858,0.3100000023841858,0.3100000023841858,0.3100000023841858,1093500,0.0,0.0
2022-05-23 00:00:00-04:00,0.3100000023841858,0.3100000023841858,0.3100000023841858,0.3100000023841858,1400400,0.0,0.0
2022-05-24 00:00:00-04:00,0.3100000023841858,0.3100000023841858,0.30000001192092896,0.30000001192092896,2076600,0.0,0.0
2022-05-25 00:00:00-04:00,0.30000001192092896,0.3100000023841858,0.28999999165534973,0.30000001192092896,2574900,0.0,0.0
2022-05-26 00:00:00-04:00,0.28999999165534973,0.30000001192092896,0.28999999165534973,0.30000001192092896,2871700,0.0,0.0
2022-05-27 00:00:00-04:00,0.30000001192092896,0.30000001192092896,0.28999999165534973,0.30000001192092896,2006500,0.0,0.0
2022-05-31 00:00:00-04:00,0.30000001192092896,0.33000001311302185,0.30000001192092896,0.3199999928474426,5104800,0.0,0.0
2022-06-01 00:00:00-04:00,0.3100000023841858,0.3199999928474426,0.28999999165534973,0.28999999165534973,2564200,0.0,0.0
2022-06-02 00:00:00-04:00,0.30000001192092896,0.3199999928474426,0.30000001192092896,0.3199999928474426,2609100,0.0,0.0
2022-06-03 00:00:00-04:00,0.3100000023841858,0.3100000023841858,0.3100000023841858,0.3100000023841858,928600,0.0,0.0
2022-06-06 00:00:00-04:00,0.3100000023841858,0.3100000023841858,0.30000001192092896,0.3100000023841858,1534000,0.0,0.0
2022-06-07 00:00:00-04:00,0.30000001192092896,0.3100000023841858,0.30000001192092896,0.3100000023841858,885100,0.0,0.0
2022-06-08 00:00:00-04:00,0.3100000023841858,0.3100000023841858,0.3100000023841858,0.3100000023841858,891100,0.0,0.0
2022-06-09 00:00:00-04:00,0.3100000023841858,0.3100000023841858,0.30000001192092896,0.30000001192092896,1711100,0.0,0.0
2022-06-10 00:00:00-04:00,0.30000001192092896,0.30000001192092896,0.28999999165534973,0.30000001192092896,2067100,0.0,0.0
2022-06-13 00:00:00-04:00,0.28999999165534973,0.30000001192092896,0.27000001072883606,0.2800000011920929,2664600,0.0,0.0
2022-06-14 00:00:00-04:00,0.2800000011920929,0.28999999165534973,0.27000001072883606,0.27000001072883606,1546200,0.0,0.0
2022-06-15 00:00:00-04:00,0.2800000011920929,0.28999999165534973,0.27000001072883606,0.2800000011920929,1829600,0.0,0.0
2022-06-16 00:00:00-04:00,0.2800000011920929,0.2800000011920929,0.27000001072883606,0.2800000011920929,1408100,0.0,0.0
2022-06-17 00:00:00-04:00,0.2800000011920929,0.2800000011920929,0.27000001072883606,0.27000001072883606,1069400,0.0,0.0
2022-06-21 00:00:00-04:00,0.2800000011920929,0.2800000011920929,0.25999999046325684,0.2800000011920929,1796400,0.0,0.0
2022-06-22 00:00:00-04:00,0.27000001072883606,0.2800000011920929,0.25999999046325684,0.25999999046325684,1943300,0.0,0.0
2022-06-23 00:00:00-04:00,0.25999999046325684,0.25999999046325684,0.25999999046325684,0.25999999046325684,2438900,0.0,0.0
2022-06-24 00:00:00-04:00,0.25999999046325684,0.2800000011920929,0.25999999046325684,0.2800000011920929,2989500,0.0,0.0
2022-06-27 00:00:00-04:00,0.27000001072883606,0.2800000011920929,0.27000001072883606,0.2800000011920929,1022700,0.0,0.0
2022-06-28 00:00:00-04:00,0.28999999165534973,0.28999999165534973,0.27000001072883606,0.27000001072883606,1143900,0.0,0.0
2022-06-29 00:00:00-04:00,0.27000001072883606,0.27000001072883606,0.25999999046325684,0.25999999046325684,1953400,0.0,0.0
2022-06-30 00:00:00-04:00,0.25999999046325684,0.25999999046325684,0.25,0.25999999046325684,1213600,0.0,0.0
2022-07-01 00:00:00-04:00,0.25999999046325684,0.27000001072883606,0.25999999046325684,0.25999999046325684,1008800,0.0,0.0
2022-07-05 00:00:00-04:00,0.25999999046325684,0.25999999046325684,0.25,0.25,2315600,0.0,0.0
2022-07-06 00:00:00-04:00,0.25,0.27000001072883606,0.25,0.25999999046325684,2572400,0.0,0.0
2022-07-07 00:00:00-04:00,0.27000001072883606,0.2800000011920929,0.25999999046325684,0.2800000011920929,1382200,0.0,0.0
2022-07-08 00:00:00-04:00,0.2800000011920929,0.2800000011920929,0.27000001072883606,0.2800000011920929,1436500,0.0,0.0
2022-07-11 00:00:00-04:00,0.2800000011920929,0.2800000011920929,0.27000001072883606,0.27000001072883606,523400,0.0,0.0
2022-07-12 00:00:00-04:00,0.27000001072883606,0.27000001072883606,0.27000001072883606,0.27000001072883606,728500,0.0,0.0
2022-07-13 00:00:00-04:00,0.27000001072883606,0.2800000011920929,0.25999999046325684,0.2800000011920929,967900,0.0,0.0
2022-07-14 00:00:00-04:00,0.27000001072883606,0.2800000011920929,0.25999999046325684,0.27000001072883606,1280600,0.0,0.0
2022-07-15 00:00:00-04:00,0.27000001072883606,0.27000001072883606,0.25999999046325684,0.27000001072883606,506000,0.0,0.0
2022-07-18 00:00:00-04:00,0.27000001072883606,0.2800000011920929,0.25999999046325684,0.27000001072883606,1196600,0.0,0.0
2022-07-19 00:00:00-04:00,0.27000001072883606,0.2800000011920929,0.27000001072883606,0.2800000011920929,1844500,0.0,0.0
2022-07-20 00:00:00-04:00,0.2800000011920929,0.28999999165534973,0.2800000011920929,0.28999999165534973,1137100,0.0,0.0
2022-07-21 00:00:00-04:00,0.2800000011920929,0.28999999165534973,0.27000001072883606,0.2800000011920929,1068000,0.0,0.0
2022-07-22 00:00:00-04:00,0.2800000011920929,0.28999999165534973,0.27000001072883606,0.27000001072883606,1072000,0.0,0.0
2022-07-25 00:00:00-04:00,0.2800000011920929,0.2800000011920929,0.27000001072883606,0.27000001072883606,1123900,0.0,0.0
2022-07-26 00:00:00-04:00,0.2800000011920929,0.2800000011920929,0.25999999046325684,0.27000001072883606,1803800,0.0,0.0
2022-07-27 00:00:00-04:00,0.2800000011920929,0.36000001430511475,0.27000001072883606,0.3199999928474426,15341400,0.0,0.0
2022-07-28 00:00:00-04:00,0.33000001311302185,0.3400000035762787,0.3100000023841858,0.3100000023841858,3501200,0.0,0.0
2022-07-29 00:00:00-04:00,0.3199999928474426,0.3199999928474426,0.30000001192092896,0.3199999928474426,1488000,0.0,0.0
2022-08-01 00:00:00-04:00,0.3199999928474426,0.33000001311302185,0.30000001192092896,0.3100000023841858,977100,0.0,0.0
2022-08-02 00:00:00-04:00,0.3100000023841858,0.3199999928474426,0.28999999165534973,0.30000001192092896,1726700,0.0,0.0
2022-08-03 00:00:00-04:00,0.30000001192092896,0.3100000023841858,0.30000001192092896,0.3100000023841858,794700,0.0,0.0
2022-08-04 00:00:00-04:00,0.30000001192092896,0.3199999928474426,0.30000001192092896,0.3199999928474426,831900,0.0,0.0
2022-08-05 00:00:00-04:00,0.3100000023841858,0.3199999928474426,0.3100000023841858,0.3100000023841858,1020800,0.0,0.0
2022-08-08 00:00:00-04:00,0.3199999928474426,0.3400000035762787,0.3100000023841858,0.33000001311302185,3299400,0.0,0.0
2022-08-09 00:00:00-04:00,0.3400000035762787,0.3400000035762787,0.3199999928474426,0.3199999928474426,1206700,0.0,0.0
2022-08-10 00:00:00-04:00,0.3199999928474426,0.33000001311302185,0.3199999928474426,0.3199999928474426,1042900,0.0,0.0
2022-08-11 00:00:00-04:00,0.3199999928474426,0.33000001311302185,0.3199999928474426,0.33000001311302185,1543600,0.0,0.0
2022-08-12 00:00:00-04:00,0.33000001311302185,0.33000001311302185,0.3199999928474426,0.33000001311302185,1518500,0.0,0.0
2022-08-15 00:00:00-04:00,0.33000001311302185,0.33000001311302185,0.3199999928474426,0.33000001311302185,1222900,0.0,0.0
2022-08-16 00:00:00-04:00,0.33000001311302185,0.33000001311302185,0.3199999928474426,0.33000001311302185,1270200,0.0,0.0
2022-08-17 00:00:00-04:00,0.3199999928474426,0.3199999928474426,0.3100000023841858,0.3100000023841858,1602400,0.0,0.0
2022-08-18 00:00:00-04:00,0.3199999928474426,0.3199999928474426,0.3100000023841858,0.3100000023841858,927200,0.0,0.0
2022-08-19 00:00:00-04:00,0.3100000023841858,0.3100000023841858,0.30000001192092896,0.30000001192092896,902100,0.0,0.0
2022-08-22 00:00:00-04:00,0.3199999928474426,0.3199999928474426,0.28999999165534973,0.30000001192092896,1243400,0.0,0.0
2022-08-23 00:00:00-04:00,0.30000001192092896,0.30000001192092896,0.30000001192092896,0.30000001192092896,597600,0.0,0.0
2022-08-24 00:00:00-04:00,0.30000001192092896,0.3100000023841858,0.28999999165534973,0.3100000023841858,723300,0.0,0.0
2022-08-25 00:00:00-04:00,0.3100000023841858,0.3100000023841858,0.30000001192092896,0.3100000023841858,593300,0.0,0.0
2022-08-26 00:00:00-04:00,0.3100000023841858,0.3100000023841858,0.30000001192092896,0.30000001192092896,662600,0.0,0.0
2022-08-29 00:00:00-04:00,0.30000001192092896,0.3100000023841858,0.28999999165534973,0.30000001192092896,1264000,0.0,0.0
2022-08-30 00:00:00-04:00,0.30000001192092896,0.30000001192092896,0.2800000011920929,0.28999999165534973,1254100,0.0,0.0
2022-08-31 00:00:00-04:00,0.28999999165534973,0.30000001192092896,0.28999999165534973,0.30000001192092896,899800,0.0,0.0
2022-09-01 00:00:00-04:00,0.28999999165534973,0.30000001192092896,0.28999999165534973,0.28999999165534973,762200,0.0,0.0
2022-09-02 00:00:00-04:00,0.30000001192092896,0.30000001192092896,0.2800000011920929,0.28999999165534973,1011700,0.0,0.0
2022-09-06 00:00:00-04:00,0.28999999165534973,0.28999999165534973,0.25999999046325684,0.2800000011920929,2577500,0.0,0.0
2022-09-07 00:00:00-04:00,0.2800000011920929,0.2800000011920929,0.27000001072883606,0.27000001072883606,771100,0.0,0.0
2022-09-08 00:00:00-04:00,0.27000001072883606,0.2800000011920929,0.27000001072883606,0.2800000011920929,759500,0.0,0.0
2022-09-09 00:00:00-04:00,0.2800000011920929,0.2800000011920929,0.27000001072883606,0.2800000011920929,1133800,0.0,0.0
2022-09-12 00:00:00-04:00,0.2800000011920929,0.28999999165534973,0.2800000011920929,0.2800000011920929,894200,0.0,0.0
2022-09-13 00:00:00-04:00,0.2800000011920929,0.2800000011920929,0.27000001072883606,0.2800000011920929,992300,0.0,0.0
2022-09-14 00:00:00-04:00,0.27000001072883606,0.2800000011920929,0.27000001072883606,0.2800000011920929,762200,0.0,0.0
2022-09-15 00:00:00-04:00,0.27000001072883606,0.2800000011920929,0.27000001072883606,0.27000001072883606,983400,0.0,0.0
2022-09-16 00:00:00-04:00,0.27000001072883606,0.27000001072883606,0.25999999046325684,0.25999999046325684,2035700,0.0,0.0
2022-09-19 00:00:00-04:00,0.25999999046325684,0.25999999046325684,0.25,0.25999999046325684,2431200,0.0,0.0
2022-09-20 00:00:00-04:00,0.25,0.25,0.23999999463558197,0.23999999463558197,2285600,0.0,0.0
2022-09-21 00:00:00-04:00,0.23999999463558197,0.25999999046325684,0.23999999463558197,0.25,1290500,0.0,0.0
2022-09-22 00:00:00-04:00,0.25,0.25999999046325684,0.23999999463558197,0.25,1474000,0.0,0.0
2022-09-23 00:00:00-04:00,0.23999999463558197,0.23999999463558197,0.23000000417232513,0.23000000417232513,2179100,0.0,0.0
2022-09-26 00:00:00-04:00,0.23000000417232513,0.23999999463558197,0.23000000417232513,0.23000000417232513,1941600,0.0,0.0
2022-09-27 00:00:00-04:00,0.23000000417232513,0.23000000417232513,0.23000000417232513,0.23000000417232513,1273100,0.0,0.0
2022-09-28 00:00:00-04:00,0.23000000417232513,0.25,0.23000000417232513,0.25,1979400,0.0,0.0
2022-09-29 00:00:00-04:00,0.25,0.25,0.23999999463558197,0.25,1075000,0.0,0.0
2022-09-30 00:00:00-04:00,0.25,0.25,0.23999999463558197,0.23999999463558197,1649600,0.0,0.0
2022-10-03 00:00:00-04:00,0.23999999463558197,0.23999999463558197,0.23999999463558197,0.23999999463558197,1088700,0.0,0.0
2022-10-04 00:00:00-04:00,0.23999999463558197,0.23999999463558197,0.23999999463558197,0.23999999463558197,1997600,0.0,0.0
2022-10-05 00:00:00-04:00,0.23999999463558197,0.23999999463558197,0.23999999463558197,0.23999999463558197,1147700,0.0,0.0
2022-10-06 00:00:00-04:00,0.23999999463558197,0.23999999463558197,0.23999999463558197,0.23999999463558197,759700,0.0,0.0
2022-10-07 00:00:00-04:00,0.23999999463558197,0.23999999463558197,0.23999999463558197,0.23999999463558197,516200,0.0,0.0
2022-10-10 00:00:00-04:00,0.23999999463558197,0.25,0.23000000417232513,0.23999999463558197,924500,0.0,0.0
2022-10-11 00:00:00-04:00,0.23999999463558197,0.23999999463558197,0.23999999463558197,0.23999999463558197,719000,0.0,0.0
2022-10-12 00:00:00-04:00,0.23999999463558197,0.23999999463558197,0.23000000417232513,0.23999999463558197,1475200,0.0,0.0
2022-10-13 00:00:00-04:00,0.23000000417232513,0.23999999463558197,0.23000000417232513,0.23000000417232513,924200,0.0,0.0
2022-10-14 00:00:00-04:00,0.25,0.25,0.23000000417232513,0.23000000417232513,1272200,0.0,0.0
2022-10-17 00:00:00-04:00,0.23000000417232513,0.23999999463558197,0.23000000417232513,0.23999999463558197,4107100,0.0,0.0
2022-10-18 00:00:00-04:00,0.23999999463558197,0.23999999463558197,0.23000000417232513,0.23999999463558197,1119000,0.0,0.0
2022-10-19 00:00:00-04:00,0.23999999463558197,0.23999999463558197,0.23000000417232513,0.23999999463558197,816200,0.0,0.0
2022-10-20 00:00:00-04:00,0.23000000417232513,0.23999999463558197,0.23000000417232513,0.23000000417232513,727900,0.0,0.0
2022-10-21 00:00:00-04:00,0.23999999463558197,0.23999999463558197,0.23000000417232513,0.23000000417232513,1553600,0.0,0.0
2022-10-24 00:00:00-04:00,0.23000000417232513,0.23999999463558197,0.23000000417232513,0.23000000417232513,940000,0.0,0.0
2022-10-25 00:00:00-04:00,0.23000000417232513,0.23999999463558197,0.23000000417232513,0.23999999463558197,1031000,0.0,0.0
2022-10-26 00:00:00-04:00,0.23999999463558197,0.25,0.23999999463558197,0.23999999463558197,892300,0.0,0.0
2022-10-27 00:00:00-04:00,0.25,0.25,0.23999999463558197,0.25,1308300,0.0,0.0
2022-10-28 00:00:00-04:00,0.23999999463558197,0.25,0.23999999463558197,0.25,577300,0.0,0.0
2022-10-31 00:00:00-04:00,0.23999999463558197,0.25,0.23999999463558197,0.25,2500000,0.0,0.0
2022-11-01 00:00:00-04:00,0.25,0.25999999046325684,0.25,0.25,1704900,0.0,0.0
2022-11-02 00:00:00-04:00,0.25,0.25999999046325684,0.25,0.25999999046325684,1228100,0.0,0.0
2022-11-03 00:00:00-04:00,0.25999999046325684,0.25999999046325684,0.25,0.25,828700,0.0,0.0
2022-11-04 00:00:00-04:00,0.25999999046325684,0.25999999046325684,0.25,0.25,1501600,0.0,0.0
2022-11-07 00:00:00-05:00,0.25999999046325684,0.25999999046325684,0.25,0.25,1126100,0.0,0.0
2022-11-08 00:00:00-05:00,0.25,0.25999999046325684,0.25,0.25999999046325684,1328600,0.0,0.0
2022-11-09 00:00:00-05:00,0.25999999046325684,0.25999999046325684,0.25,0.25999999046325684,1467300,0.0,0.0
2022-11-10 00:00:00-05:00,0.25,0.25999999046325684,0.25,0.25999999046325684,1670900,0.0,0.0
2022-11-11 00:00:00-05:00,0.25999999046325684,0.2800000011920929,0.25999999046325684,0.2800000011920929,2035500,0.0,0.0
2022-11-14 00:00:00-05:00,0.2800000011920929,0.2800000011920929,0.27000001072883606,0.27000001072883606,1336400,0.0,0.0
2022-11-15 00:00:00-05:00,0.27000001072883606,0.27000001072883606,0.25999999046325684,0.25999999046325684,996700,0.0,0.0
2022-11-16 00:00:00-05:00,0.25999999046325684,0.27000001072883606,0.25,0.25999999046325684,904300,0.0,0.0
2022-11-17 00:00:00-05:00,0.25999999046325684,0.25999999046325684,0.25,0.25,625700,0.0,0.0
2022-11-18 00:00:00-05:00,0.25,0.25,0.23999999463558197,0.25,835600,0.0,0.0
2022-11-21 00:00:00-05:00,0.25,0.25,0.23000000417232513,0.25,1885000,0.0,0.0
2022-11-22 00:00:00-05:00,0.23999999463558197,0.25,0.23999999463558197,0.25,576400,0.0,0.0
2022-11-23 00:00:00-05:00,0.25,0.25999999046325684,0.23999999463558197,0.25,940100,0.0,0.0
2022-11-25 00:00:00-05:00,0.25,0.25,0.25,0.25,282800,0.0,0.0
2022-11-28 00:00:00-05:00,0.25999999046325684,0.25999999046325684,0.23999999463558197,0.23999999463558197,931100,0.0,0.0
2022-11-29 00:00:00-05:00,0.25,0.25,0.23999999463558197,0.23999999463558197,594000,0.0,0.0
2022-11-30 00:00:00-05:00,0.23999999463558197,0.25,0.23999999463558197,0.23999999463558197,1340500,0.0,0.0
2022-12-01 00:00:00-05:00,0.23999999463558197,0.25,0.23999999463558197,0.25,943300,0.0,0.0
2022-12-02 00:00:00-05:00,0.25,0.25,0.25,0.25,857100,0.0,0.0
2022-12-05 00:00:00-05:00,0.25,0.25999999046325684,0.25,0.25999999046325684,1075000,0.0,0.0
2022-12-06 00:00:00-05:00,0.25999999046325684,0.25999999046325684,0.25,0.25,635400,0.0,0.0
2022-12-07 00:00:00-05:00,0.25,0.25999999046325684,0.23999999463558197,0.25,742300,0.0,0.0
2022-12-08 00:00:00-05:00,0.25,0.25,0.23000000417232513,0.23999999463558197,1002200,0.0,0.0
2022-12-09 00:00:00-05:00,0.23999999463558197,0.25,0.23000000417232513,0.23999999463558197,1212200,0.0,0.0
2022-12-12 00:00:00-05:00,0.25,0.25,0.23000000417232513,0.23000000417232513,883700,0.0,0.0
2022-12-13 00:00:00-05:00,0.23000000417232513,0.23999999463558197,0.23000000417232513,0.23000000417232513,846700,0.0,0.0
2022-12-14 00:00:00-05:00,0.23000000417232513,0.23999999463558197,0.23000000417232513,0.23000000417232513,582800,0.0,0.0
2022-12-15 00:00:00-05:00,0.23000000417232513,0.23999999463558197,0.2199999988079071,0.2199999988079071,1173700,0.0,0.0
2022-12-16 00:00:00-05:00,0.2199999988079071,0.23000000417232513,0.20999999344348907,0.23000000417232513,2929300,0.0,0.0
2022-12-19 00:00:00-05:00,0.23000000417232513,0.23000000417232513,0.2199999988079071,0.2199999988079071,798300,0.0,0.0
2022-12-20 00:00:00-05:00,0.2199999988079071,0.23999999463558197,0.2199999988079071,0.23000000417232513,1316300,0.0,0.0
2022-12-21 00:00:00-05:00,0.2199999988079071,0.23000000417232513,0.2199999988079071,0.23000000417232513,625000,0.0,0.0
2022-12-22 00:00:00-05:00,0.23000000417232513,0.23000000417232513,0.2199999988079071,0.2199999988079071,1933600,0.0,0.0
2022-12-23 00:00:00-05:00,0.2199999988079071,0.23000000417232513,0.2199999988079071,0.2199999988079071,858800,0.0,0.0
2022-12-27 00:00:00-05:00,0.2199999988079071,0.23000000417232513,0.20999999344348907,0.20999999344348907,1696500,0.0,0.0
2022-12-28 00:00:00-05:00,0.20999999344348907,0.2199999988079071,0.20999999344348907,0.20999999344348907,2457400,0.0,0.0
2022-12-29 00:00:00-05:00,0.20999999344348907,0.2199999988079071,0.20999999344348907,0.20999999344348907,1577000,0.0,0.0
2022-12-30 00:00:00-05:00,0.20999999344348907,0.2199999988079071,0.20999999344348907,0.2199999988079071,1075200,0.0,0.0
2023-01-03 00:00:00-05:00,0.2199999988079071,0.2199999988079071,0.20999999344348907,0.2199999988079071,1595400,0.0,0.0
2023-01-04 00:00:00-05:00,0.2199999988079071,0.23000000417232513,0.20999999344348907,0.23000000417232513,1261100,0.0,0.0
2023-01-05 00:00:00-05:00,0.2199999988079071,0.23000000417232513,0.2199999988079071,0.23000000417232513,1062400,0.0,0.0
2023-01-06 00:00:00-05:00,0.23000000417232513,0.23999999463558197,0.23000000417232513,0.23999999463558197,957400,0.0,0.0
2023-01-09 00:00:00-05:00,0.23999999463558197,0.25,0.23000000417232513,0.25,668000,0.0,0.0
2023-01-10 00:00:00-05:00,0.23999999463558197,0.25,0.23000000417232513,0.25,1574400,0.0,0.0
2023-01-11 00:00:00-05:00,0.25,0.25999999046325684,0.23999999463558197,0.25999999046325684,1149300,0.0,0.0
2023-01-12 00:00:00-05:00,0.25999999046325684,0.27000001072883606,0.25,0.27000001072883606,1343700,0.0,0.0
2023-01-13 00:00:00-05:00,0.27000001072883606,0.27000001072883606,0.25999999046325684,0.27000001072883606,1421900,0.0,0.0
2023-01-17 00:00:00-05:00,0.27000001072883606,0.27000001072883606,0.25999999046325684,0.25999999046325684,1304700,0.0,0.0
2023-01-18 00:00:00-05:00,0.25999999046325684,0.27000001072883606,0.25,0.25,1261100,0.0,0.0
2023-01-19 00:00:00-05:00,0.25999999046325684,0.25999999046325684,0.25,0.25,703700,0.0,0.0
2023-01-20 00:00:00-05:00,0.25999999046325684,0.25999999046325684,0.25,0.25999999046325684,457300,0.0,0.0
2023-01-23 00:00:00-05:00,0.25999999046325684,0.25999999046325684,0.25,0.25999999046325684,1134900,0.0,0.0
2023-01-24 00:00:00-05:00,0.25,0.25999999046325684,0.25,0.25,729500,0.0,0.0
2023-01-25 00:00:00-05:00,0.25,0.25,0.23999999463558197,0.23999999463558197,738700,0.0,0.0
2023-01-26 00:00:00-05:00,0.23999999463558197,0.25,0.23999999463558197,0.23999999463558197,554300,0.0,0.0
2023-01-27 00:00:00-05:00,0.23999999463558197,0.25,0.23999999463558197,0.25,855300,0.0,0.0
2023-01-30 00:00:00-05:00,0.25,0.25,0.20999999344348907,0.25,2022200,0.0,0.0
2023-01-31 00:00:00-05:00,0.2199999988079071,0.23999999463558197,0.2199999988079071,0.2199999988079071,5328000,0.0,0.0
2023-02-01 00:00:00-05:00,0.2199999988079071,0.23000000417232513,0.2199999988079071,0.2199999988079071,2053100,0.0,0.0
2023-02-02 00:00:00-05:00,0.23000000417232513,0.23000000417232513,0.2199999988079071,0.23000000417232513,2468700,0.0,0.0
2023-02-03 00:00:00-05:00,0.23000000417232513,0.23000000417232513,0.2199999988079071,0.23000000417232513,1497100,0.0,0.0
2023-02-06 00:00:00-05:00,0.23000000417232513,0.23000000417232513,0.2199999988079071,0.2199999988079071,1011000,0.0,0.0
2023-02-07 00:00:00-05:00,0.2199999988079071,0.23000000417232513,0.2199999988079071,0.2199999988079071,1314200,0.0,0.0
2023-02-08 00:00:00-05:00,0.2199999988079071,0.2199999988079071,0.2199999988079071,0.2199999988079071,1098000,0.0,0.0
2023-02-09 00:00:00-05:00,0.2199999988079071,0.2199999988079071,0.20999999344348907,0.2199999988079071,1195500,0.0,0.0
2023-02-10 00:00:00-05:00,0.23000000417232513,0.23000000417232513,0.20999999344348907,0.2199999988079071,1366900,0.0,0.0
2023-02-13 00:00:00-05:00,0.2199999988079071,0.23000000417232513,0.2199999988079071,0.2199999988079071,954000,0.0,0.0
2023-02-14 00:00:00-05:00,0.2199999988079071,0.23000000417232513,0.2199999988079071,0.2199999988079071,574700,0.0,0.0
2023-02-15 00:00:00-05:00,0.2199999988079071,0.2199999988079071,0.2199999988079071,0.2199999988079071,889800,0.0,0.0
2023-02-16 00:00:00-05:00,0.23000000417232513,0.23000000417232513,0.2199999988079071,0.23000000417232513,2435200,0.0,0.0
2023-02-17 00:00:00-05:00,0.2199999988079071,0.23000000417232513,0.2199999988079071,0.23000000417232513,585500,0.0,0.0
2023-02-21 00:00:00-05:00,0.2199999988079071,0.23000000417232513,0.2199999988079071,0.2199999988079071,1245100,0.0,0.0
2023-02-22 00:00:00-05:00,0.23000000417232513,0.23000000417232513,0.2199999988079071,0.23000000417232513,699200,0.0,0.0
2023-02-23 00:00:00-05:00,0.23000000417232513,0.23000000417232513,0.2199999988079071,0.23000000417232513,571900,0.0,0.0
2023-02-24 00:00:00-05:00,0.2199999988079071,0.23000000417232513,0.2199999988079071,0.2199999988079071,998100,0.0,0.0
2023-02-27 00:00:00-05:00,0.2199999988079071,0.2199999988079071,0.2199999988079071,0.2199999988079071,605700,0.0,0.0
2023-02-28 00:00:00-05:00,0.2199999988079071,0.2199999988079071,0.20999999344348907,0.2199999988079071,729000,0.0,0.0
2023-03-01 00:00:00-05:00,0.2199999988079071,0.2199999988079071,0.2199999988079071,0.2199999988079071,618600,0.0,0.0
2023-03-02 00:00:00-05:00,0.2199999988079071,0.2199999988079071,0.20999999344348907,0.20999999344348907,1294100,0.0,0.0
2023-03-03 00:00:00-05:00,0.2199999988079071,0.2199999988079071,0.20999999344348907,0.2199999988079071,510100,0.0,0.0
2023-03-06 00:00:00-05:00,0.20999999344348907,0.2199999988079071,0.20999999344348907,0.2199999988079071,1317700,0.0,0.0
2023-03-07 00:00:00-05:00,0.20999999344348907,0.2199999988079071,0.20999999344348907,0.20999999344348907,499800,0.0,0.0
2023-03-08 00:00:00-05:00,0.20999999344348907,0.20999999344348907,0.20999999344348907,0.20999999344348907,365800,0.0,0.0
2023-03-09 00:00:00-05:00,0.20999999344348907,0.2199999988079071,0.20999999344348907,0.20999999344348907,969000,0.0,0.0
2023-03-10 00:00:00-05:00,0.2199999988079071,0.2199999988079071,0.20999999344348907,0.20999999344348907,1183300,0.0,0.0
2023-03-13 00:00:00-04:00,0.20999999344348907,0.2199999988079071,0.20999999344348907,0.20999999344348907,1511900,0.0,0.0
2023-03-14 00:00:00-04:00,0.20999999344348907,0.2199999988079071,0.20999999344348907,0.2199999988079071,902100,0.0,0.0
2023-03-15 00:00:00-04:00,0.2199999988079071,0.2199999988079071,0.20999999344348907,0.2199999988079071,749400,0.0,0.0
2023-03-16 00:00:00-04:00,0.2199999988079071,0.2199999988079071,0.20999999344348907,0.2199999988079071,354600,0.0,0.0
2023-03-17 00:00:00-04:00,0.2199999988079071,0.2199999988079071,0.20999999344348907,0.2199999988079071,1046900,0.0,0.0
2023-03-20 00:00:00-04:00,0.20999999344348907,0.2199999988079071,0.20999999344348907,0.2199999988079071,1274100,0.0,0.0
2023-03-21 00:00:00-04:00,0.2199999988079071,0.23000000417232513,0.2199999988079071,0.23000000417232513,1432600,0.0,0.0
2023-03-22 00:00:00-04:00,0.23000000417232513,0.23000000417232513,0.2199999988079071,0.2199999988079071,866600,0.0,0.0
2023-03-23 00:00:00-04:00,0.2199999988079071,0.23000000417232513,0.2199999988079071,0.23000000417232513,745000,0.0,0.0
2023-03-24 00:00:00-04:00,0.23000000417232513,0.23000000417232513,0.2199999988079071,0.2199999988079071,592800,0.0,0.0
2023-03-27 00:00:00-04:00,0.23000000417232513,0.23000000417232513,0.2199999988079071,0.23000000417232513,509500,0.0,0.0
2023-03-28 00:00:00-04:00,0.2199999988079071,0.23000000417232513,0.2199999988079071,0.23000000417232513,932200,0.0,0.0
2023-03-29 00:00:00-04:00,0.23000000417232513,0.25,0.23000000417232513,0.23999999463558197,1354200,0.0,0.0
2023-03-30 00:00:00-04:00,0.23999999463558197,0.25,0.23000000417232513,0.23999999463558197,1594100,0.0,0.0
2023-03-31 00:00:00-04:00,0.23999999463558197,0.25,0.23999999463558197,0.23999999463558197,1156200,0.0,0.0
2023-04-03 00:00:00-04:00,0.25,0.25,0.23999999463558197,0.23999999463558197,1313400,0.0,0.0
2023-04-04 00:00:00-04:00,0.23999999463558197,0.25,0.23999999463558197,0.23999999463558197,612100,0.0,0.0
2023-04-05 00:00:00-04:00,0.23999999463558197,0.25,0.23999999463558197,0.25,1037200,0.0,0.0
2023-04-06 00:00:00-04:00,0.23999999463558197,0.25,0.23999999463558197,0.25,742300,0.0,0.0
2023-04-10 00:00:00-04:00,0.25,0.25,0.23999999463558197,0.23999999463558197,594700,0.0,0.0
2023-04-11 00:00:00-04:00,0.25,0.25999999046325684,0.23999999463558197,0.25999999046325684,1903200,0.0,0.0
2023-04-12 00:00:00-04:00,0.25999999046325684,0.27000001072883606,0.25999999046325684,0.27000001072883606,1139500,0.0,0.0
2023-04-13 00:00:00-04:00,0.27000001072883606,0.28999999165534973,0.27000001072883606,0.2800000011920929,3196500,0.0,0.0
2023-04-14 00:00:00-04:00,0.2800000011920929,0.28999999165534973,0.27000001072883606,0.27000001072883606,1558000,0.0,0.0
2023-04-17 00:00:00-04:00,0.27000001072883606,0.27000001072883606,0.23999999463558197,0.25,2725100,0.0,0.0
2023-04-18 00:00:00-04:00,0.25,0.25999999046325684,0.25,0.25999999046325684,845800,0.0,0.0
2023-04-19 00:00:00-04:00,0.25,0.25999999046325684,0.23000000417232513,0.23000000417232513,2545600,0.0,0.0
2023-04-20 00:00:00-04:00,0.23000000417232513,0.23999999463558197,0.23000000417232513,0.23000000417232513,509800,0.0,0.0
2023-04-21 00:00:00-04:00,0.23000000417232513,0.23999999463558197,0.23000000417232513,0.23000000417232513,986600,0.0,0.0
2023-04-24 00:00:00-04:00,0.2199999988079071,0.23000000417232513,0.2199999988079071,0.2199999988079071,1809700,0.0,0.0
2023-04-25 00:00:00-04:00,0.2199999988079071,0.23000000417232513,0.2199999988079071,0.2199999988079071,1438700,0.0,0.0
2023-04-26 00:00:00-04:00,0.2199999988079071,0.23000000417232513,0.2199999988079071,0.23000000417232513,1763900,0.0,0.0
2023-04-27 00:00:00-04:00,0.23000000417232513,0.23000000417232513,0.2199999988079071,0.2199999988079071,1956200,0.0,0.0
2023-04-28 00:00:00-04:00,0.2199999988079071,0.23000000417232513,0.20999999344348907,0.20999999344348907,15633100,0.0,0.0
2023-05-01 00:00:00-04:00,0.2199999988079071,0.2199999988079071,0.20999999344348907,0.2199999988079071,1950300,0.0,0.0
2023-05-02 00:00:00-04:00,0.2199999988079071,0.23000000417232513,0.2199999988079071,0.2199999988079071,1669400,0.0,0.0
2023-05-03 00:00:00-04:00,0.2199999988079071,0.23000000417232513,0.2199999988079071,0.2199999988079071,2001200,0.0,0.0
2023-05-04 00:00:00-04:00,0.2199999988079071,0.2199999988079071,0.20999999344348907,0.2199999988079071,1834600,0.0,0.0
2023-05-05 00:00:00-04:00,0.2199999988079071,0.2199999988079071,0.2199999988079071,0.2199999988079071,1107300,0.0,0.0
2023-05-08 00:00:00-04:00,0.2199999988079071,0.23000000417232513,0.2199999988079071,0.23000000417232513,1630500,0.0,0.0
2023-05-09 00:00:00-04:00,0.23000000417232513,0.23000000417232513,0.2199999988079071,0.23000000417232513,675500,0.0,0.0
2023-05-10 00:00:00-04:00,0.23000000417232513,0.23999999463558197,0.2199999988079071,0.23000000417232513,977300,0.0,0.0
2023-05-11 00:00:00-04:00,0.23000000417232513,0.23000000417232513,0.2199999988079071,0.23000000417232513,553200,0.0,0.0
2023-05-12 00:00:00-04:00,0.23000000417232513,0.23000000417232513,0.23000000417232513,0.23000000417232513,468800,0.0,0.0
2023-05-15 00:00:00-04:00,0.2199999988079071,0.2199999988079071,0.20999999344348907,0.2199999988079071,1761300,0.0,0.0
2023-05-16 00:00:00-04:00,0.20999999344348907,0.2199999988079071,0.20999999344348907,0.2199999988079071,1155200,0.0,0.0
2023-05-17 00:00:00-04:00,0.2199999988079071,0.2199999988079071,0.20999999344348907,0.20999999344348907,1355800,0.0,0.0
2023-05-18 00:00:00-04:00,0.20999999344348907,0.2199999988079071,0.20999999344348907,0.20999999344348907,2046900,0.0,0.0
2023-05-19 00:00:00-04:00,0.20999999344348907,0.2199999988079071,0.20999999344348907,0.20999999344348907,990100,0.0,0.0
2023-05-22 00:00:00-04:00,0.20999999344348907,0.23000000417232513,0.20999999344348907,0.2199999988079071,1434100,0.0,0.0
2023-05-23 00:00:00-04:00,0.2199999988079071,0.2199999988079071,0.20999999344348907,0.2199999988079071,695100,0.0,0.0
2023-05-24 00:00:00-04:00,0.2199999988079071,0.2199999988079071,0.2199999988079071,0.2199999988079071,1099900,0.0,0.0
2023-05-25 00:00:00-04:00,0.2199999988079071,0.2199999988079071,0.2199999988079071,0.2199999988079071,1050100,0.0,0.0
2023-05-26 00:00:00-04:00,0.2199999988079071,0.2199999988079071,0.2199999988079071,0.2199999988079071,710500,0.0,0.0
2023-05-30 00:00:00-04:00,0.2199999988079071,0.2199999988079071,0.2199999988079071,0.2199999988079071,788000,0.0,0.0
2023-05-31 00:00:00-04:00,0.2199999988079071,0.23000000417232513,0.2199999988079071,0.2199999988079071,932400,0.0,0.0
2023-06-01 00:00:00-04:00,0.2199999988079071,0.23000000417232513,0.2199999988079071,0.2199999988079071,548400,0.0,0.0
2023-06-02 00:00:00-04:00,0.2199999988079071,0.2199999988079071,0.2199999988079071,0.2199999988079071,464400,0.0,0.0
2023-06-05 00:00:00-04:00,0.20999999344348907,0.2199999988079071,0.20999999344348907,0.2199999988079071,626800,0.0,0.0
2023-06-06 00:00:00-04:00,0.2199999988079071,0.2199999988079071,0.20999999344348907,0.2199999988079071,550900,0.0,0.0
2023-06-07 00:00:00-04:00,0.2199999988079071,0.2199999988079071,0.2199999988079071,0.2199999988079071,369800,0.0,0.0
2023-06-08 00:00:00-04:00,0.2199999988079071,0.2199999988079071,0.2199999988079071,0.2199999988079071,478000,0.0,0.0
2023-06-09 00:00:00-04:00,0.2199999988079071,0.2199999988079071,0.20999999344348907,0.20999999344348907,842900,0.0,0.0
2023-06-12 00:00:00-04:00,0.20999999344348907,0.2199999988079071,0.20999999344348907,0.2199999988079071,922900,0.0,0.0
2023-06-13 00:00:00-04:00,0.2199999988079071,0.2199999988079071,0.2199999988079071,0.2199999988079071,703900,0.0,0.0
2023-06-14 00:00:00-04:00,0.2199999988079071,0.2199999988079071,0.2199999988079071,0.2199999988079071,740100,0.0,0.0
2023-06-15 00:00:00-04:00,0.2199999988079071,0.2199999988079071,0.2199999988079071,0.2199999988079071,608300,0.0,0.0
2023-06-16 00:00:00-04:00,0.2199999988079071,0.23000000417232513,0.2199999988079071,0.23000000417232513,1153400,0.0,0.0
2023-06-20 00:00:00-04:00,0.23000000417232513,0.23000000417232513,0.2199999988079071,0.2199999988079071,592800,0.0,0.0
2023-06-21 00:00:00-04:00,0.2199999988079071,0.23000000417232513,0.2199999988079071,0.23000000417232513,792300,0.0,0.0
2023-06-22 00:00:00-04:00,0.23000000417232513,0.23000000417232513,0.2199999988079071,0.23000000417232513,946400,0.0,0.0
2023-06-23 00:00:00-04:00,0.23000000417232513,0.23000000417232513,0.2199999988079071,0.2199999988079071,805900,0.0,0.0
2023-06-26 00:00:00-04:00,0.2199999988079071,0.23000000417232513,0.2199999988079071,0.23000000417232513,809700,0.0,0.0
2023-06-27 00:00:00-04:00,0.23000000417232513,0.23999999463558197,0.23000000417232513,0.23000000417232513,935000,0.0,0.0
2023-06-28 00:00:00-04:00,0.23999999463558197,0.23999999463558197,0.23000000417232513,0.23000000417232513,895600,0.0,0.0
2023-06-29 00:00:00-04:00,0.23000000417232513,0.23000000417232513,0.2199999988079071,0.2199999988079071,978200,0.0,0.0
2023-06-30 00:00:00-04:00,0.23000000417232513,0.23999999463558197,0.23000000417232513,0.23999999463558197,1387000,0.0,0.0
2023-07-03 00:00:00-04:00,0.23999999463558197,0.23999999463558197,0.23000000417232513,0.23999999463558197,569300,0.0,0.0
2023-07-05 00:00:00-04:00,0.23000000417232513,0.23999999463558197,0.23000000417232513,0.23000000417232513,671200,0.0,0.0
2023-07-06 00:00:00-04:00,0.23000000417232513,0.23999999463558197,0.23000000417232513,0.23000000417232513,649100,0.0,0.0
2023-07-07 00:00:00-04:00,0.23000000417232513,0.23000000417232513,0.23000000417232513,0.23000000417232513,674400,0.0,0.0
2023-07-10 00:00:00-04:00,0.23000000417232513,0.23000000417232513,0.23000000417232513,0.23000000417232513,546500,0.0,0.0
2023-07-11 00:00:00-04:00,0.23000000417232513,0.23000000417232513,0.23000000417232513,0.23000000417232513,418300,0.0,0.0
2023-07-12 00:00:00-04:00,0.23000000417232513,0.23999999463558197,0.23000000417232513,0.23999999463558197,1330400,0.0,0.0
2023-07-13 00:00:00-04:00,0.23999999463558197,0.25999999046325684,0.23999999463558197,0.25,1956400,0.0,0.0
2023-07-14 00:00:00-04:00,0.25999999046325684,0.25999999046325684,0.25999999046325684,0.25999999046325684,992500,0.0,0.0
2023-07-17 00:00:00-04:00,0.27000001072883606,0.27000001072883606,0.25,0.25,1562700,0.0,0.0
2023-07-18 00:00:00-04:00,0.25,0.25,0.23999999463558197,0.25,837200,0.0,0.0
2023-07-19 00:00:00-04:00,0.25,0.25999999046325684,0.25,0.25999999046325684,867900,0.0,0.0
2023-07-20 00:00:00-04:00,0.25999999046325684,0.25999999046325684,0.25,0.25,440700,0.0,0.0
2023-07-21 00:00:00-04:00,0.25,0.25999999046325684,0.25,0.25,500100,0.0,0.0
2023-07-24 00:00:00-04:00,0.25999999046325684,0.25999999046325684,0.25,0.25999999046325684,852300,0.0,0.0
2023-07-25 00:00:00-04:00,0.25999999046325684,0.25999999046325684,0.25,0.25,577700,0.0,0.0
2023-07-26 00:00:00-04:00,0.25999999046325684,0.25999999046325684,0.25999999046325684,0.25999999046325684,572100,0.0,0.0
2023-07-27 00:00:00-04:00,0.27000001072883606,0.3199999928474426,0.27000001072883606,0.3199999928474426,12338500,0.0,0.0
2023-07-28 00:00:00-04:00,0.3199999928474426,0.3199999928474426,0.2800000011920929,0.3100000023841858,4024300,0.0,0.0
2023-07-31 00:00:00-04:00,0.28999999165534973,0.30000001192092896,0.28999999165534973,0.28999999165534973,2034100,0.0,0.0
2023-08-01 00:00:00-04:00,0.28999999165534973,0.30000001192092896,0.2800000011920929,0.30000001192092896,2014900,0.0,0.0
2023-08-02 00:00:00-04:00,0.30000001192092896,0.30000001192092896,0.2800000011920929,0.2800000011920929,1292300,0.0,0.0
2023-08-03 00:00:00-04:00,0.2800000011920929,0.28999999165534973,0.27000001072883606,0.27000001072883606,1084300,0.0,0.0
2023-08-04 00:00:00-04:00,0.2800000011920929,0.2800000011920929,0.27000001072883606,0.2800000011920929,770300,0.0,0.0
2023-08-07 00:00:00-04:00,0.2800000011920929,0.2800000011920929,0.27000001072883606,0.2800000011920929,502200,0.0,0.0
2023-08-08 00:00:00-04:00,0.2800000011920929,0.2800000011920929,0.27000001072883606,0.27000001072883606,668900,0.0,0.0
2023-08-09 00:00:00-04:00,0.27000001072883606,0.2800000011920929,0.25999999046325684,0.27000001072883606,749200,0.0,0.0
2023-08-10 00:00:00-04:00,0.25999999046325684,0.27000001072883606,0.25999999046325684,0.25999999046325684,670600,0.0,0.0
2023-08-11 00:00:00-04:00,0.25999999046325684,0.27000001072883606,0.25,0.25999999046325684,651800,0.0,0.0
2023-08-14 00:00:00-04:00,0.25999999046325684,0.25999999046325684,0.25999999046325684,0.25999999046325684,581400,0.0,0.0
2023-08-15 00:00:00-04:00,0.27000001072883606,0.27000001072883606,0.25999999046325684,0.25999999046325684,630900,0.0,0.0
2023-08-16 00:00:00-04:00,0.25,0.25999999046325684,0.25,0.25999999046325684,824000,0.0,0.0
2023-08-17 00:00:00-04:00,0.25999999046325684,0.25999999046325684,0.25,0.25999999046325684,554500,0.0,0.0
2023-08-18 00:00:00-04:00,0.25,0.25999999046325684,0.25,0.25999999046325684,730100,0.0,0.0
2023-08-21 00:00:00-04:00,0.25999999046325684,0.25999999046325684,0.25999999046325684,0.25999999046325684,381100,0.0,0.0
2023-08-22 00:00:00-04:00,0.25999999046325684,0.25999999046325684,0.25,0.25999999046325684,682500,0.0,0.0
2023-08-23 00:00:00-04:00,0.25999999046325684,0.27000001072883606,0.25999999046325684,0.25999999046325684,1097000,0.0,0.0
2023-08-24 00:00:00-04:00,0.25999999046325684,0.25999999046325684,0.25,0.25,1342800,0.0,0.0
2023-08-25 00:00:00-04:00,0.25,0.25,0.25,0.25,734900,0.0,0.0
2023-08-28 00:00:00-04:00,0.25,0.25999999046325684,0.25,0.25,1483000,0.0,0.0
2023-08-29 00:00:00-04:00,0.25,0.25,0.25,0.25,611300,0.0,0.0
2023-08-30 00:00:00-04:00,0.25,0.27000001072883606,0.25,0.27000001072883606,1370000,0.0,0.0
2023-08-31 00:00:00-04:00,0.27000001072883606,0.27000001072883606,0.25,0.27000001072883606,1145200,0.0,0.0
2023-09-01 00:00:00-04:00,0.27000001072883606,0.27000001072883606,0.27000001072883606,0.27000001072883606,646100,0.0,0.0
2023-09-05 00:00:00-04:00,0.27000001072883606,0.27000001072883606,0.25999999046325684,0.27000001072883606,1092600,0.0,0.0
2023-09-06 00:00:00-04:00,0.2800000011920929,0.3100000023841858,0.2800000011920929,0.3100000023841858,3756400,0.0,0.0
2023-09-07 00:00:00-04:00,0.3100000023841858,0.3100000023841858,0.30000001192092896,0.30000001192092896,1240500,0.0,0.0
2023-09-08 00:00:00-04:00,0.30000001192092896,0.3100000023841858,0.28999999165534973,0.28999999165534973,865600,0.0,0.0
2023-09-11 00:00:00-04:00,0.28999999165534973,0.33000001311302185,0.28999999165534973,0.3199999928474426,2362500,0.0,0.0
2023-09-12 00:00:00-04:00,0.33000001311302185,0.3799999952316284,0.3199999928474426,0.36000001430511475,5891700,0.0,0.0
2023-09-13 00:00:00-04:00,0.3700000047683716,0.3700000047683716,0.33000001311302185,0.3400000035762787,2401900,0.0,0.0
2023-09-14 00:00:00-04:00,0.3400000035762787,0.3499999940395355,0.33000001311302185,0.33000001311302185,1220100,0.0,0.0
2023-09-15 00:00:00-04:00,0.3400000035762787,0.38999998569488525,0.33000001311302185,0.3799999952316284,3374700,0.0,0.0
2023-09-18 00:00:00-04:00,0.38999998569488525,0.4300000071525574,0.3799999952316284,0.4000000059604645,6239400,0.0,0.0
2023-09-19 00:00:00-04:00,0.4000000059604645,0.4099999964237213,0.36000001430511475,0.3799999952316284,2558500,0.0,0.0
2023-09-20 00:00:00-04:00,0.3799999952316284,0.4000000059604645,0.36000001430511475,0.3700000047683716,1847900,0.0,0.0
2023-09-21 00:00:00-04:00,0.3700000047683716,0.3700000047683716,0.33000001311302185,0.3400000035762787,2135200,0.0,0.0
2023-09-22 00:00:00-04:00,0.3499999940395355,0.3799999952316284,0.3400000035762787,0.3499999940395355,1709200,0.0,0.0
2023-09-25 00:00:00-04:00,0.36000001430511475,0.36000001430511475,0.33000001311302185,0.33000001311302185,1966000,0.0,0.0
2023-09-26 00:00:00-04:00,0.3400000035762787,0.3499999940395355,0.33000001311302185,0.3400000035762787,1382300,0.0,0.0
2023-09-27 00:00:00-04:00,0.3400000035762787,0.3400000035762787,0.3100000023841858,0.3100000023841858,2128700,0.0,0.0
2023-09-28 00:00:00-04:00,0.30000001192092896,0.33000001311302185,0.30000001192092896,0.33000001311302185,2311000,0.0,0.0
2023-09-29 00:00:00-04:00,0.33000001311302185,0.3400000035762787,0.3199999928474426,0.33000001311302185,602600,0.0,0.0
2023-10-02 00:00:00-04:00,0.33000001311302185,0.33000001311302185,0.3100000023841858,0.3100000023841858,709500,0.0,0.0
2023-10-03 00:00:00-04:00,0.3100000023841858,0.3100000023841858,0.3100000023841858,0.3100000023841858,503900,0.0,0.0
2023-10-04 00:00:00-04:00,0.3100000023841858,0.3100000023841858,0.30000001192092896,0.30000001192092896,744400,0.0,0.0
2023-10-05 00:00:00-04:00,0.30000001192092896,0.3199999928474426,0.30000001192092896,0.3100000023841858,926400,0.0,0.0
2023-10-06 00:00:00-04:00,0.3100000023841858,0.3199999928474426,0.3100000023841858,0.3100000023841858,941200,0.0,0.0
2023-10-09 00:00:00-04:00,0.3100000023841858,0.33000001311302185,0.30000001192092896,0.33000001311302185,1480300,0.0,0.0
2023-10-10 00:00:00-04:00,0.3199999928474426,0.3199999928474426,0.3100000023841858,0.3199999928474426,738400,0.0,0.0
2023-10-11 00:00:00-04:00,0.3199999928474426,0.33000001311302185,0.3100000023841858,0.33000001311302185,833000,0.0,0.0
2023-10-12 00:00:00-04:00,0.33000001311302185,0.33000001311302185,0.3100000023841858,0.3199999928474426,686100,0.0,0.0
2023-10-13 00:00:00-04:00,0.3199999928474426,0.3199999928474426,0.3199999928474426,0.3199999928474426,294700,0.0,0.0
2023-10-16 00:00:00-04:00,0.3199999928474426,0.3499999940395355,0.3100000023841858,0.33000001311302185,1165300,0.0,0.0
2023-10-17 00:00:00-04:00,0.3199999928474426,0.3400000035762787,0.3199999928474426,0.33000001311302185,499100,0.0,0.0
2023-10-18 00:00:00-04:00,0.3199999928474426,0.3400000035762787,0.3199999928474426,0.3199999928474426,456000,0.0,0.0
2023-10-19 00:00:00-04:00,0.33000001311302185,0.33000001311302185,0.3199999928474426,0.3199999928474426,785800,0.0,0.0
2023-10-20 00:00:00-04:00,0.3199999928474426,0.33000001311302185,0.3199999928474426,0.33000001311302185,902400,0.0,0.0
2023-10-23 00:00:00-04:00,0.33000001311302185,0.3400000035762787,0.33000001311302185,0.33000001311302185,721000,0.0,0.0
2023-10-24 00:00:00-04:00,0.33000001311302185,0.3499999940395355,0.33000001311302185,0.3400000035762787,1103400,0.0,0.0
2023-10-25 00:00:00-04:00,0.3499999940395355,0.3499999940395355,0.3400000035762787,0.3400000035762787,681800,0.0,0.0
2023-10-26 00:00:00-04:00,0.3400000035762787,0.3400000035762787,0.33000001311302185,0.3400000035762787,999000,0.0,0.0
2023-10-27 00:00:00-04:00,0.33000001311302185,0.3400000035762787,0.33000001311302185,0.33000001311302185,347400,0.0,0.0
2023-10-30 00:00:00-04:00,0.33000001311302185,0.33000001311302185,0.33000001311302185,0.33000001311302185,962600,0.0,0.0
2023-10-31 00:00:00-04:00,0.33000001311302185,0.33000001311302185,0.3199999928474426,0.3199999928474426,1063900,0.0,0.0
2023-11-01 00:00:00-04:00,0.3199999928474426,0.3199999928474426,0.3199999928474426,0.3199999928474426,572500,0.0,0.0
2023-11-02 00:00:00-04:00,0.3199999928474426,0.33000001311302185,0.3199999928474426,0.3199999928474426,889400,0.0,0.0
2023-11-03 00:00:00-04:00,0.3199999928474426,0.33000001311302185,0.3199999928474426,0.3199999928474426,836100,0.0,0.0
2023-11-06 00:00:00-05:00,0.3199999928474426,0.33000001311302185,0.3199999928474426,0.33000001311302185,574900,0.0,0.0
2023-11-07 00:00:00-05:00,0.33000001311302185,0.33000001311302185,0.3199999928474426,0.33000001311302185,791500,0.0,0.0
2023-11-08 00:00:00-05:00,0.3199999928474426,0.33000001311302185,0.3199999928474426,0.33000001311302185,614100,0.0,0.0
2023-11-09 00:00:00-05:00,0.33000001311302185,0.3400000035762787,0.33000001311302185,0.33000001311302185,596800,0.0,0.0
2023-11-10 00:00:00-05:00,0.3400000035762787,0.3400000035762787,0.33000001311302185,0.33000001311302185,662000,0.0,0.0
2023-11-13 00:00:00-05:00,0.33000001311302185,0.33000001311302185,0.33000001311302185,0.33000001311302185,496600,0.0,0.0
2023-11-14 00:00:00-05:00,0.33000001311302185,0.3400000035762787,0.33000001311302185,0.3400000035762787,806600,0.0,0.0
2023-11-15 00:00:00-05:00,0.3400000035762787,0.3499999940395355,0.33000001311302185,0.3499999940395355,934500,0.0,0.0
2023-11-16 00:00:00-05:00,0.3499999940395355,0.36000001430511475,0.3499999940395355,0.36000001430511475,850200,0.0,0.0
2023-11-17 00:00:00-05:00,0.36000001430511475,0.4099999964237213,0.36000001430511475,0.38999998569488525,4209500,0.0,0.0
2023-11-20 00:00:00-05:00,0.4000000059604645,0.4099999964237213,0.38999998569488525,0.4000000059604645,1720900,0.0,0.0
2023-11-21 00:00:00-05:00,0.4000000059604645,0.4000000059604645,0.38999998569488525,0.4000000059604645,776300,0.0,0.0
2023-11-22 00:00:00-05:00,0.38999998569488525,0.4000000059604645,0.3499999940395355,0.36000001430511475,1630900,0.0,0.0
2023-11-24 00:00:00-05:00,0.36000001430511475,0.3700000047683716,0.3499999940395355,0.36000001430511475,424600,0.0,0.0
2023-11-27 00:00:00-05:00,0.36000001430511475,0.4000000059604645,0.36000001430511475,0.3799999952316284,1706600,0.0,0.0
2023-11-28 00:00:00-05:00,0.3799999952316284,0.3799999952316284,0.3499999940395355,0.36000001430511475,1321600,0.0,0.0
2023-11-29 00:00:00-05:00,0.3700000047683716,0.3700000047683716,0.3499999940395355,0.3499999940395355,629000,0.0,0.0
2023-11-30 00:00:00-05:00,0.36000001430511475,0.36000001430511475,0.33000001311302185,0.33000001311302185,2097200,0.0,0.0
2023-12-01 00:00:00-05:00,0.3400000035762787,0.3400000035762787,0.33000001311302185,0.33000001311302185,844300,0.0,0.0
2023-12-04 00:00:00-05:00,0.33000001311302185,0.3400000035762787,0.33000001311302185,0.3400000035762787,1020400,0.0,0.0
2023-12-05 00:00:00-05:00,0.3400000035762787,0.3400000035762787,0.33000001311302185,0.33000001311302185,962500,0.0,0.0
2023-12-06 00:00:00-05:00,0.3199999928474426,0.33000001311302185,0.3100000023841858,0.3199999928474426,1900300,0.0,0.0
2023-12-07 00:00:00-05:00,0.3100000023841858,0.3199999928474426,0.3100000023841858,0.3199999928474426,501000,0.0,0.0
2023-12-08 00:00:00-05:00,0.3199999928474426,0.33000001311302185,0.3100000023841858,0.3100000023841858,1039800,0.0,0.0
2023-12-11 00:00:00-05:00,0.3100000023841858,0.3199999928474426,0.3100000023841858,0.3100000023841858,688800,0.0,0.0
2023-12-12 00:00:00-05:00,0.3100000023841858,0.3100000023841858,0.28999999165534973,0.30000001192092896,1825300,0.0,0.0
2023-12-13 00:00:00-05:00,0.30000001192092896,0.3100000023841858,0.28999999165534973,0.30000001192092896,965500,0.0,0.0
2023-12-14 00:00:00-05:00,0.30000001192092896,0.3100000023841858,0.30000001192092896,0.3100000023841858,790700,0.0,0.0
2023-12-15 00:00:00-05:00,0.3100000023841858,0.3199999928474426,0.3100000023841858,0.3199999928474426,1423300,0.0,0.0
2023-12-18 00:00:00-05:00,0.3199999928474426,0.3400000035762787,0.3199999928474426,0.3400000035762787,1929200,0.0,0.0
2023-12-19 00:00:00-05:00,0.3400000035762787,0.36000001430511475,0.3400000035762787,0.3499999940395355,1489800,0.0,0.0
2023-12-20 00:00:00-05:00,0.3499999940395355,0.3499999940395355,0.33000001311302185,0.33000001311302185,727000,0.0,0.0
2023-12-21 00:00:00-05:00,0.3400000035762787,0.3499999940395355,0.33000001311302185,0.3499999940395355,1173400,0.0,0.0
2023-12-22 00:00:00-05:00,0.3499999940395355,0.3499999940395355,0.3400000035762787,0.3499999940395355,777800,0.0,0.0
2023-12-26 00:00:00-05:00,0.3400000035762787,0.3499999940395355,0.3400000035762787,0.3400000035762787,981600,0.0,0.0
2023-12-27 00:00:00-05:00,0.3400000035762787,0.3400000035762787,0.3199999928474426,0.33000001311302185,1087000,0.0,0.0
2023-12-28 00:00:00-05:00,0.3400000035762787,0.3400000035762787,0.3199999928474426,0.33000001311302185,605900,0.0,0.0
2023-12-29 00:00:00-05:00,0.33000001311302185,0.33000001311302185,0.3199999928474426,0.3199999928474426,1412400,0.0,0.0
2024-01-02 00:00:00-05:00,0.3199999928474426,0.33000001311302185,0.3199999928474426,0.33000001311302185,674200,0.0,0.0
2024-01-03 00:00:00-05:00,0.33000001311302185,0.3700000047683716,0.3199999928474426,0.36000001430511475,2653600,0.0,0.0
2024-01-04 00:00:00-05:00,0.36000001430511475,0.38999998569488525,0.36000001430511475,0.38999998569488525,2613600,0.0,0.0
2024-01-05 00:00:00-05:00,0.3799999952316284,0.41999998688697815,0.3799999952316284,0.3799999952316284,4057400,0.0,0.0
2024-01-08 00:00:00-05:00,0.3799999952316284,0.4000000059604645,0.23000000417232513,0.25,17682200,0.0,0.0
2024-01-09 00:00:00-05:00,0.25999999046325684,0.30000001192092896,0.25999999046325684,0.2800000011920929,6537500,0.0,0.0
2024-01-10 00:00:00-05:00,0.28999999165534973,0.30000001192092896,0.28999999165534973,0.30000001192092896,2467200,0.0,0.0
2024-01-11 00:00:00-05:00,0.30000001192092896,0.3100000023841858,0.2800000011920929,0.2800000011920929,2162000,0.0,0.0
2024-01-12 00:00:00-05:00,0.2800000011920929,0.28999999165534973,0.27000001072883606,0.27000001072883606,1968100,0.0,0.0
2024-01-16 00:00:00-05:00,0.2800000011920929,0.2800000011920929,0.25999999046325684,0.27000001072883606,1848600,0.0,0.0
2024-01-17 00:00:00-05:00,0.27000001072883606,0.2800000011920929,0.27000001072883606,0.2800000011920929,1041700,0.0,0.0
2024-01-18 00:00:00-05:00,0.2800000011920929,0.2800000011920929,0.27000001072883606,0.2800000011920929,1556400,0.0,0.0
2024-01-19 00:00:00-05:00,0.27000001072883606,0.2800000011920929,0.25999999046325684,0.27000001072883606,1772000,0.0,0.0
2024-01-22 00:00:00-05:00,0.27000001072883606,0.27000001072883606,0.25,0.25,2652800,0.0,0.0
2024-01-23 00:00:00-05:00,0.25999999046325684,0.25999999046325684,0.25,0.25,1651500,0.0,0.0
2024-01-24 00:00:00-05:00,0.25999999046325684,0.27000001072883606,0.25,0.27000001072883606,2299300,0.0,0.0
2024-01-25 00:00:00-05:00,0.25999999046325684,0.27000001072883606,0.25,0.25999999046325684,2412700,0.0,0.0
2024-01-26 00:00:00-05:00,0.25999999046325684,0.25999999046325684,0.25,0.25999999046325684,1370400,0.0,0.0
2024-01-29 00:00:00-05:00,0.25999999046325684,0.25999999046325684,0.25,0.25,2592800,0.0,0.0
2024-01-30 00:00:00-05:00,0.25,0.25999999046325684,0.25,0.25999999046325684,1738900,0.0,0.0
2024-01-31 00:00:00-05:00,0.25,0.25999999046325684,0.23999999463558197,0.23999999463558197,2361700,0.0,0.0
2024-02-01 00:00:00-05:00,0.25,0.25,0.25,0.25,1641000,0.0,0.0
2024-02-02 00:00:00-05:00,0.25,0.25999999046325684,0.25,0.25999999046325684,1269400,0.0,0.0
2024-02-05 00:00:00-05:00,0.25999999046325684,0.25999999046325684,0.23999999463558197,0.23999999463558197,2289600,0.0,0.0
2024-02-06 00:00:00-05:00,0.23999999463558197,0.25,0.23999999463558197,0.25,1096100,0.0,0.0
2024-02-07 00:00:00-05:00,0.25,0.25,0.23999999463558197,0.25,1212000,0.0,0.0
2024-02-08 00:00:00-05:00,0.25,0.25,0.25,0.25,1264600,0.0,0.0
2024-02-09 00:00:00-05:00,0.25,0.25,0.25,0.25,1556500,0.0,0.0
2024-02-12 00:00:00-05:00,0.25,0.25999999046325684,0.25,0.25,1134300,0.0,0.0
2024-02-13 00:00:00-05:00,0.25999999046325684,0.25999999046325684,0.23999999463558197,0.23999999463558197,1870400,0.0,0.0
2024-02-14 00:00:00-05:00,0.25,0.25,0.23999999463558197,0.25,1183700,0.0,0.0
2024-02-15 00:00:00-05:00,0.25,0.25,0.25,0.25,818400,0.0,0.0
2024-02-16 00:00:00-05:00,0.25,0.25,0.23999999463558197,0.25,1424000,0.0,0.0
2024-02-20 00:00:00-05:00,0.25,0.25,0.23999999463558197,0.23999999463558197,1601000,0.0,0.0
2024-02-21 00:00:00-05:00,0.23999999463558197,0.23999999463558197,0.23999999463558197,0.23999999463558197,1034700,0.0,0.0
2024-02-22 00:00:00-05:00,0.23999999463558197,0.23999999463558197,0.23999999463558197,0.23999999463558197,1229800,0.0,0.0
2024-02-23 00:00:00-05:00,0.23999999463558197,0.25,0.23999999463558197,0.23999999463558197,1976400,0.0,0.0
2024-02-26 00:00:00-05:00,0.23999999463558197,0.23999999463558197,0.23000000417232513,0.23999999463558197,1511600,0.0,0.0
2024-02-27 00:00:00-05:00,0.23999999463558197,0.23999999463558197,0.23000000417232513,0.23000000417232513,898100,0.0,0.0
2024-02-28 00:00:00-05:00,0.23000000417232513,0.23999999463558197,0.23000000417232513,0.23000000417232513,639500,0.0,0.0
2024-02-29 00:00:00-05:00,0.23999999463558197,0.23999999463558197,0.23000000417232513,0.23000000417232513,948000,0.0,0.0
2024-03-01 00:00:00-05:00,0.23999999463558197,0.23999999463558197,0.23999999463558197,0.23999999463558197,1189600,0.0,0.0
2024-03-04 00:00:00-05:00,0.23999999463558197,0.28999999165534973,0.23999999463558197,0.2800000011920929,4541100,0.0,0.0
2024-03-05 00:00:00-05:00,0.2800000011920929,0.2800000011920929,0.25999999046325684,0.25999999046325684,903100,0.0,0.0
2024-03-06 00:00:00-05:00,0.25999999046325684,0.2800000011920929,0.25999999046325684,0.2800000011920929,1642900,0.0,0.0
2024-03-07 00:00:00-05:00,0.2800000011920929,0.28999999165534973,0.2800000011920929,0.28999999165534973,1114800,0.0,0.0
2024-03-08 00:00:00-05:00,0.2800000011920929,0.2800000011920929,0.27000001072883606,0.27000001072883606,1046600,0.0,0.0
2024-03-11 00:00:00-04:00,0.27000001072883606,0.28999999165534973,0.27000001072883606,0.28999999165534973,1451400,0.0,0.0
2024-03-12 00:00:00-04:00,0.28999999165534973,0.3100000023841858,0.28999999165534973,0.30000001192092896,3416500,0.0,0.0
2024-03-13 00:00:00-04:00,0.30000001192092896,0.3499999940395355,0.30000001192092896,0.3199999928474426,5235500,0.0,0.0
2024-03-14 00:00:00-04:00,0.33000001311302185,0.3400000035762787,0.30000001192092896,0.3199999928474426,2496700,0.0,0.0
2024-03-15 00:00:00-04:00,0.3199999928474426,0.33000001311302185,0.3100000023841858,0.33000001311302185,1347800,0.0,0.0
2024-03-18 00:00:00-04:00,0.3199999928474426,0.33000001311302185,0.30000001192092896,0.3100000023841858,2371200,0.0,0.0
2024-03-19 00:00:00-04:00,0.3100000023841858,0.3199999928474426,0.28999999165534973,0.28999999165534973,1211600,0.0,0.0
2024-03-20 00:00:00-04:00,0.28999999165534973,0.3100000023841858,0.28999999165534973,0.30000001192092896,1335300,0.0,0.0
2024-03-21 00:00:00-04:00,0.30000001192092896,0.30000001192092896,0.28999999165534973,0.28999999165534973,2314900,0.0,0.0
2024-03-22 00:00:00-04:00,0.28999999165534973,0.3400000035762787,0.28999999165534973,0.3199999928474426,2322500,0.0,0.0
2024-03-25 00:00:00-04:00,0.3199999928474426,0.3199999928474426,0.3100000023841858,0.3100000023841858,1955100,0.0,0.0
2024-03-26 00:00:00-04:00,0.3100000023841858,0.3199999928474426,0.3100000023841858,0.3100000023841858,1415600,0.0,0.0
2024-03-27 00:00:00-04:00,0.3100000023841858,0.3199999928474426,0.3100000023841858,0.3100000023841858,1195300,0.0,0.0
2024-03-28 00:00:00-04:00,0.3100000023841858,0.3199999928474426,0.3100000023841858,0.3199999928474426,638100,0.0,0.0
2024-04-01 00:00:00-04:00,0.3199999928474426,0.33000001311302185,0.3100000023841858,0.3199999928474426,894400,0.0,0.0
2024-04-02 00:00:00-04:00,0.3199999928474426,0.3199999928474426,0.30000001192092896,0.3100000023841858,1641800,0.0,0.0
2024-04-03 00:00:00-04:00,0.3199999928474426,0.3199999928474426,0.30000001192092896,0.3100000023841858,939000,0.0,0.0
2024-04-04 00:00:00-04:00,0.3100000023841858,0.3199999928474426,0.30000001192092896,0.3100000023841858,1881500,0.0,0.0
2024-04-05 00:00:00-04:00,0.3100000023841858,0.3199999928474426,0.3100000023841858,0.3199999928474426,1209300,0.0,0.0
2024-04-08 00:00:00-04:00,0.3199999928474426,0.3199999928474426,0.3100000023841858,0.3100000023841858,1141100,0.0,0.0
2024-04-09 00:00:00-04:00,0.3100000023841858,0.3199999928474426,0.3100000023841858,0.3100000023841858,983300,0.0,0.0
2024-04-10 00:00:00-04:00,0.3100000023841858,0.33000001311302185,0.3100000023841858,0.33000001311302185,1703600,0.0,0.0
2024-04-11 00:00:00-04:00,0.33000001311302185,0.3499999940395355,0.33000001311302185,0.3499999940395355,2973700,0.0,0.0
2024-04-12 00:00:00-04:00,0.36000001430511475,0.3700000047683716,0.3400000035762787,0.3499999940395355,2501900,0.0,0.0
2024-04-15 00:00:00-04:00,0.3400000035762787,0.3499999940395355,0.3199999928474426,0.33000001311302185,2315600,0.0,0.0
2024-04-16 00:00:00-04:00,0.33000001311302185,0.3400000035762787,0.3199999928474426,0.3400000035762787,879200,0.0,0.0
2024-04-17 00:00:00-04:00,0.33000001311302185,0.33000001311302185,0.28999999165534973,0.30000001192092896,3787400,0.0,0.0
2024-04-18 00:00:00-04:00,0.30000001192092896,0.3100000023841858,0.2800000011920929,0.2800000011920929,2308300,0.0,0.0
2024-04-19 00:00:00-04:00,0.28999999165534973,0.3100000023841858,0.28999999165534973,0.28999999165534973,1958300,0.0,0.0
2024-04-22 00:00:00-04:00,0.30000001192092896,0.30000001192092896,0.28999999165534973,0.28999999165534973,845200,0.0,0.0
2024-04-23 00:00:00-04:00,0.28999999165534973,0.30000001192092896,0.28999999165534973,0.30000001192092896,240100,0.0,0.0
2024-04-24 00:00:00-04:00,0.30000001192092896,0.3100000023841858,0.28999999165534973,0.30000001192092896,537000,0.0,0.0
2024-04-25 00:00:00-04:00,0.28999999165534973,0.30000001192092896,0.28999999165534973,0.28999999165534973,260100,0.0,0.0
2024-04-26 00:00:00-04:00,0.30000001192092896,0.30000001192092896,0.28999999165534973,0.30000001192092896,352400,0.0,0.0
2024-04-29 00:00:00-04:00,0.30000001192092896,0.30000001192092896,0.28999999165534973,0.30000001192092896,518300,0.0,0.0
2024-04-30 00:00:00-04:00,0.30000001192092896,0.30000001192092896,0.30000001192092896,0.30000001192092896,553700,0.0,0.0
2024-05-01 00:00:00-04:00,0.30000001192092896,0.30000001192092896,0.30000001192092896,0.30000001192092896,733600,0.0,0.0
2024-05-02 00:00:00-04:00,0.3100000023841858,0.3100000023841858,0.28999999165534973,0.30000001192092896,503200,0.0,0.0
2024-05-03 00:00:00-04:00,0.30000001192092896,0.3100000023841858,0.28999999165534973,0.30000001192092896,786400,0.0,0.0
2024-05-06 00:00:00-04:00,0.28999999165534973,0.30000001192092896,0.2800000011920929,0.28999999165534973,1071100,0.0,0.0
2024-05-07 00:00:00-04:00,0.28999999165534973,0.28999999165534973,0.2800000011920929,0.28999999165534973,391900,0.0,0.0
2024-05-08 00:00:00-04:00,0.28999999165534973,0.28999999165534973,0.2800000011920929,0.2800000011920929,511600,0.0,0.0
2024-05-09 00:00:00-04:00,0.2800000011920929,0.28999999165534973,0.27000001072883606,0.2800000011920929,1024200,0.0,0.0
2024-05-10 00:00:00-04:00,0.2800000011920929,0.2800000011920929,0.27000001072883606,0.2800000011920929,579900,0.0,0.0
2024-05-13 00:00:00-04:00,0.2800000011920929,0.2800000011920929,0.2800000011920929,0.2800000011920929,650100,0.0,0.0
2024-05-14 00:00:00-04:00,0.2800000011920929,0.30000001192092896,0.2800000011920929,0.30000001192092896,1222700,0.0,0.0
2024-05-15 00:00:00-04:00,0.28999999165534973,0.30000001192092896,0.28999999165534973,0.30000001192092896,873100,0.0,0.0
2024-05-16 00:00:00-04:00,0.28999999165534973,0.3100000023841858,0.28999999165534973,0.30000001192092896,929300,0.0,0.0
2024-05-17 00:00:00-04:00,0.3100000023841858,0.3100000023841858,0.28999999165534973,0.30000001192092896,600900,0.0,0.0
2024-05-20 00:00:00-04:00,0.30000001192092896,0.3400000035762787,0.30000001192092896,0.33000001311302185,2949900,0.0,0.0
2024-05-21 00:00:00-04:00,0.3199999928474426,0.33000001311302185,0.3100000023841858,0.33000001311302185,1041100,0.0,0.0
2024-05-22 00:00:00-04:00,0.33000001311302185,0.33000001311302185,0.3199999928474426,0.33000001311302185,563300,0.0,0.0
2024-05-23 00:00:00-04:00,0.3199999928474426,0.3199999928474426,0.30000001192092896,0.30000001192092896,852000,0.0,0.0
2024-05-24 00:00:00-04:00,0.30000001192092896,0.33000001311302185,0.30000001192092896,0.33000001311302185,838200,0.0,0.0
2024-05-28 00:00:00-04:00,0.3199999928474426,0.33000001311302185,0.3199999928474426,0.3199999928474426,782500,0.0,0.0
2024-05-29 00:00:00-04:00,0.3199999928474426,0.33000001311302185,0.3100000023841858,0.3100000023841858,819900,0.0,0.0
2024-05-30 00:00:00-04:00,0.3100000023841858,0.3100000023841858,0.3100000023841858,0.3100000023841858,522500,0.0,0.0
2024-05-31 00:00:00-04:00,0.3100000023841858,0.3199999928474426,0.30000001192092896,0.30000001192092896,636700,0.0,0.0
2024-06-03 00:00:00-04:00,0.30000001192092896,0.30000001192092896,0.30000001192092896,0.30000001192092896,448500,0.0,0.0
2024-06-04 00:00:00-04:00,0.30000001192092896,0.30000001192092896,0.28999999165534973,0.28999999165534973,614600,0.0,0.0
2024-06-05 00:00:00-04:00,0.30000001192092896,0.30000001192092896,0.28999999165534973,0.30000001192092896,439600,0.0,0.0
2024-06-06 00:00:00-04:00,0.28999999165534973,0.30000001192092896,0.28999999165534973,0.30000001192092896,554900,0.0,0.0
2024-06-07 00:00:00-04:00,0.30000001192092896,0.30000001192092896,0.28999999165534973,0.28999999165534973,716000,0.0,0.0
2024-06-10 00:00:00-04:00,0.2800000011920929,0.30000001192092896,0.2800000011920929,0.28999999165534973,777400,0.0,0.0
2024-06-11 00:00:00-04:00,0.28999999165534973,0.28999999165534973,0.28999999165534973,0.28999999165534973,307900,0.0,0.0
2024-06-12 00:00:00-04:00,0.28999999165534973,0.30000001192092896,0.2800000011920929,0.2800000011920929,939200,0.0,0.0
2024-06-13 00:00:00-04:00,0.28999999165534973,0.28999999165534973,0.27000001072883606,0.2800000011920929,1391700,0.0,0.0
2024-06-14 00:00:00-04:00,0.2800000011920929,0.2800000011920929,0.2800000011920929,0.2800000011920929,393500,0.0,0.0
2024-06-17 00:00:00-04:00,0.2800000011920929,0.2800000011920929,0.27000001072883606,0.2800000011920929,517700,0.0,0.0
2024-06-18 00:00:00-04:00,0.2800000011920929,0.2800000011920929,0.27000001072883606,0.27000001072883606,583900,0.0,0.0
2024-06-20 00:00:00-04:00,0.27000001072883606,0.2800000011920929,0.27000001072883606,0.27000001072883606,684500,0.0,0.0
2024-06-21 00:00:00-04:00,0.2800000011920929,0.30000001192092896,0.2800000011920929,0.30000001192092896,1014600,0.0,0.0
2024-06-24 00:00:00-04:00,0.30000001192092896,0.30000001192092896,0.2800000011920929,0.2800000011920929,732900,0.0,0.0
2024-06-25 00:00:00-04:00,0.2800000011920929,0.2800000011920929,0.27000001072883606,0.2800000011920929,542500,0.0,0.0
2024-06-26 00:00:00-04:00,0.2800000011920929,0.2800000011920929,0.2800000011920929,0.2800000011920929,749300,0.0,0.0
2024-06-27 00:00:00-04:00,0.2800000011920929,0.2800000011920929,0.2800000011920929,0.2800000011920929,727400,0.0,0.0
2024-06-28 00:00:00-04:00,0.2800000011920929,0.3199999928474426,0.2800000011920929,0.3100000023841858,3790000,0.0,0.0
2024-07-01 00:00:00-04:00,0.3199999928474426,0.3199999928474426,0.30000001192092896,0.3100000023841858,1770400,0.0,0.0
2024-07-02 00:00:00-04:00,0.30000001192092896,0.3199999928474426,0.28999999165534973,0.3100000023841858,2365900,0.0,0.0
2024-07-03 00:00:00-04:00,0.3100000023841858,0.3199999928474426,0.3100000023841858,0.3199999928474426,566800,0.0,0.0
2024-07-05 00:00:00-04:00,0.3199999928474426,0.33000001311302185,0.3199999928474426,0.3199999928474426,1199200,0.0,0.0
2024-07-08 00:00:00-04:00,0.3199999928474426,0.33000001311302185,0.3199999928474426,0.3199999928474426,613700,0.0,0.0
2024-07-09 00:00:00-04:00,0.3199999928474426,0.3199999928474426,0.3199999928474426,0.3199999928474426,508800,0.0,0.0
2024-07-10 00:00:00-04:00,0.3199999928474426,0.3400000035762787,0.3100000023841858,0.3400000035762787,2336100,0.0,0.0
2024-07-11 00:00:00-04:00,0.3400000035762787,0.3700000047683716,0.3400000035762787,0.36000001430511475,2383100,0.0,0.0
2024-07-12 00:00:00-04:00,0.36000001430511475,0.36000001430511475,0.3400000035762787,0.3400000035762787,785100,0.0,0.0
2024-07-15 00:00:00-04:00,0.36000001430511475,0.3799999952316284,0.3499999940395355,0.3799999952316284,3488200,0.0,0.0
2024-07-16 00:00:00-04:00,0.3799999952316284,0.41999998688697815,0.3799999952316284,0.4099999964237213,5015300,0.0,0.0
2024-07-17 00:00:00-04:00,0.41999998688697815,0.41999998688697815,0.3700000047683716,0.38999998569488525,3752800,0.0,0.0
2024-07-18 00:00:00-04:00,0.4000000059604645,0.4099999964237213,0.36000001430511475,0.36000001430511475,5380200,0.0,0.0
2024-07-19 00:00:00-04:00,0.36000001430511475,0.3700000047683716,0.3400000035762787,0.36000001430511475,1521300,0.0,0.0
2024-07-22 00:00:00-04:00,0.3499999940395355,0.4099999964237213,0.3499999940395355,0.38999998569488525,2488800,0.0,0.0
2024-07-23 00:00:00-04:00,0.38999998569488525,0.38999998569488525,0.3799999952316284,0.3799999952316284,919700,0.0,0.0
2024-07-24 00:00:00-04:00,0.3799999952316284,0.3799999952316284,0.3700000047683716,0.3799999952316284,1091700,0.0,0.0
2024-07-25 00:00:00-04:00,0.3700000047683716,0.38999998569488525,0.3499999940395355,0.38999998569488525,2036400,0.0,0.0
2024-07-26 00:00:00-04:00,0.4000000059604645,0.4000000059604645,0.38999998569488525,0.38999998569488525,772200,0.0,0.0
2024-07-29 00:00:00-04:00,0.38999998569488525,0.38999998569488525,0.3700000047683716,0.3799999952316284,656100,0.0,0.0
2024-07-30 00:00:00-04:00,0.3799999952316284,0.3799999952316284,0.3799999952316284,0.3799999952316284,630100,0.0,0.0
2024-07-31 00:00:00-04:00,0.38999998569488525,0.38999998569488525,0.3799999952316284,0.38999998569488525,593700,0.0,0.0
2024-08-01 00:00:00-04:00,0.38999998569488525,0.38999998569488525,0.3499999940395355,0.36000001430511475,1381400,0.0,0.0
2024-08-02 00:00:00-04:00,0.3499999940395355,0.36000001430511475,0.3499999940395355,0.36000001430511475,1477500,0.0,0.0
2024-08-05 00:00:00-04:00,0.3199999928474426,0.3400000035762787,0.3199999928474426,0.3400000035762787,1615200,0.0,0.0
2024-08-06 00:00:00-04:00,0.3400000035762787,0.3499999940395355,0.3400000035762787,0.3400000035762787,424900,0.0,0.0
2024-08-07 00:00:00-04:00,0.3499999940395355,0.3499999940395355,0.3400000035762787,0.3400000035762787,430800,0.0,0.0
2024-08-08 00:00:00-04:00,0.3400000035762787,0.3499999940395355,0.3400000035762787,0.3400000035762787,593400,0.0,0.0
2024-08-09 00:00:00-04:00,0.3400000035762787,0.3499999940395355,0.3400000035762787,0.3499999940395355,518100,0.0,0.0
2024-08-12 00:00:00-04:00,0.3499999940395355,0.3499999940395355,0.3400000035762787,0.3400000035762787,873500,0.0,0.0
2024-08-13 00:00:00-04:00,0.3400000035762787,0.3400000035762787,0.3400000035762787,0.3400000035762787,563300,0.0,0.0
2024-08-14 00:00:00-04:00,0.3400000035762787,0.3400000035762787,0.33000001311302185,0.33000001311302185,596600,0.0,0.0
2024-08-15 00:00:00-04:00,0.33000001311302185,0.3400000035762787,0.33000001311302185,0.3400000035762787,896900,0.0,0.0
2024-08-16 00:00:00-04:00,0.3499999940395355,0.3499999940395355,0.3400000035762787,0.3499999940395355,616300,0.0,0.0
2024-08-19 00:00:00-04:00,0.3400000035762787,0.36000001430511475,0.3400000035762787,0.3499999940395355,1274200,0.0,0.0
2024-08-20 00:00:00-04:00,0.3499999940395355,0.3499999940395355,0.3400000035762787,0.3499999940395355,422000,0.0,0.0
2024-08-21 00:00:00-04:00,0.3499999940395355,0.3499999940395355,0.3400000035762787,0.3499999940395355,373700,0.0,0.0
2024-08-22 00:00:00-04:00,0.3499999940395355,0.36000001430511475,0.3499999940395355,0.3499999940395355,663100,0.0,0.0
2024-08-23 00:00:00-04:00,0.3499999940395355,0.36000001430511475,0.3499999940395355,0.36000001430511475,1395200,0.0,0.0
2024-08-26 00:00:00-04:00,0.36000001430511475,0.3700000047683716,0.3499999940395355,0.3700000047683716,1016700,0.0,0.0
2024-08-27 00:00:00-04:00,0.36000001430511475,0.3700000047683716,0.36000001430511475,0.36000001430511475,765200,0.0,0.0
2024-08-28 00:00:00-04:00,0.3700000047683716,0.3700000047683716,0.36000001430511475,0.36000001430511475,600400,0.0,0.0
2024-08-29 00:00:00-04:00,0.3700000047683716,0.3700000047683716,0.3499999940395355,0.36000001430511475,633300,0.0,0.0
2024-08-30 00:00:00-04:00,0.36000001430511475,0.36000001430511475,0.3400000035762787,0.3499999940395355,617000,0.0,0.0
2024-09-03 00:00:00-04:00,0.3499999940395355,0.3499999940395355,0.3400000035762787,0.3400000035762787,621700,0.0,0.0
2024-09-04 00:00:00-04:00,0.3400000035762787,0.3400000035762787,0.3100000023841858,0.3199999928474426,1760200,0.0,0.0
2024-09-05 00:00:00-04:00,0.33000001311302185,0.33000001311302185,0.3199999928474426,0.33000001311302185,927900,0.0,0.0
2024-09-06 00:00:00-04:00,0.33000001311302185,0.33000001311302185,0.3199999928474426,0.33000001311302185,502500,0.0,0.0
2024-09-09 00:00:00-04:00,0.33000001311302185,0.3499999940395355,0.33000001311302185,0.3499999940395355,1420800,0.0,0.0
2024-09-10 00:00:00-04:00,0.3499999940395355,0.3499999940395355,0.33000001311302185,0.3499999940395355,678600,0.0,0.0
2024-09-11 00:00:00-04:00,0.3400000035762787,0.3499999940395355,0.3400000035762787,0.3400000035762787,418000,0.0,0.0
2024-09-12 00:00:00-04:00,0.3499999940395355,0.3499999940395355,0.3400000035762787,0.3499999940395355,523500,0.0,0.0
2024-09-13 00:00:00-04:00,0.36000001430511475,0.36000001430511475,0.3499999940395355,0.3499999940395355,846200,0.0,0.0
2024-09-16 00:00:00-04:00,0.3499999940395355,0.3700000047683716,0.3499999940395355,0.3700000047683716,1149400,0.0,0.0
2024-09-17 00:00:00-04:00,0.3700000047683716,0.3700000047683716,0.36000001430511475,0.36000001430511475,532800,0.0,0.0
2024-09-18 00:00:00-04:00,0.36000001430511475,0.36000001430511475,0.3499999940395355,0.36000001430511475,242100,0.0,0.0
2024-09-19 00:00:00-04:00,0.36000001430511475,0.36000001430511475,0.3400000035762787,0.3499999940395355,1338100,0.0,0.0
2024-09-20 00:00:00-04:00,0.3499999940395355,0.3499999940395355,0.3400000035762787,0.3400000035762787,634100,0.0,0.0
2024-09-23 00:00:00-04:00,0.3400000035762787,0.3400000035762787,0.3400000035762787,0.3400000035762787,456300,0.0,0.0
2024-09-24 00:00:00-04:00,0.3400000035762787,0.3499999940395355,0.3400000035762787,0.3400000035762787,640000,0.0,0.0
2024-09-25 00:00:00-04:00,0.3499999940395355,0.3499999940395355,0.33000001311302185,0.33000001311302185,787800,0.0,0.0
2024-09-26 00:00:00-04:00,0.33000001311302185,0.3400000035762787,0.33000001311302185,0.3400000035762787,907000,0.0,0.0
2024-09-27 00:00:00-04:00,0.3400000035762787,0.3400000035762787,0.33000001311302185,0.33000001311302185,679400,0.0,0.0
2024-09-30 00:00:00-04:00,0.33000001311302185,0.3400000035762787,0.33000001311302185,0.33000001311302185,1101000,0.0,0.0
2024-10-01 00:00:00-04:00,0.33000001311302185,0.3400000035762787,0.33000001311302185,0.3400000035762787,605400,0.0,0.0
2024-10-02 00:00:00-04:00,0.3400000035762787,0.3400000035762787,0.33000001311302185,0.3400000035762787,275600,0.0,0.0
2024-10-03 00:00:00-04:00,0.3400000035762787,0.3400000035762787,0.33000001311302185,0.33000001311302185,656900,0.0,0.0
2024-10-04 00:00:00-04:00,0.33000001311302185,0.3400000035762787,0.3199999928474426,0.3199999928474426,1223400,0.0,0.0
2024-10-07 00:00:00-04:00,0.3400000035762787,0.3400000035762787,0.3100000023841858,0.3100000023841858,1145300,0.0,0.0
2024-10-08 00:00:00-04:00,0.3100000023841858,0.33000001311302185,0.30000001192092896,0.33000001311302185,1644200,0.0,0.0
2024-10-09 00:00:00-04:00,0.3199999928474426,0.33000001311302185,0.3199999928474426,0.3199999928474426,796800,0.0,0.0
2024-10-10 00:00:00-04:00,0.3100000023841858,0.3400000035762787,0.3100000023841858,0.33000001311302185,1825900,0.0,0.0
2024-10-11 00:00:00-04:00,0.3400000035762787,0.3700000047683716,0.33000001311302185,0.3700000047683716,2514200,0.0,0.0
2024-10-14 00:00:00-04:00,0.3700000047683716,0.3799999952316284,0.3499999940395355,0.3799999952316284,1818900,0.0,0.0
2024-10-15 00:00:00-04:00,0.36000001430511475,0.3700000047683716,0.3499999940395355,0.3700000047683716,1531200,0.0,0.0
2024-10-16 00:00:00-04:00,0.3700000047683716,0.3799999952316284,0.36000001430511475,0.3700000047683716,1464900,0.0,0.0
2024-10-17 00:00:00-04:00,0.36000001430511475,0.4000000059604645,0.36000001430511475,0.4000000059604645,4815500,0.0,0.0
2024-10-18 00:00:00-04:00,0.38999998569488525,0.4099999964237213,0.3799999952316284,0.4000000059604645,3424400,0.0,0.0
2024-10-21 00:00:00-04:00,0.4000000059604645,0.46000000834465027,0.4000000059604645,0.4399999976158142,6211400,0.0,0.0
2024-10-22 00:00:00-04:00,0.44999998807907104,0.44999998807907104,0.4300000071525574,0.4399999976158142,3188800,0.0,0.0
2024-10-23 00:00:00-04:00,0.4399999976158142,0.4399999976158142,0.4000000059604645,0.4099999964237213,2179800,0.0,0.0
2024-10-24 00:00:00-04:00,0.4099999964237213,0.41999998688697815,0.4000000059604645,0.4099999964237213,1185100,0.0,0.0
2024-10-25 00:00:00-04:00,0.4000000059604645,0.4099999964237213,0.38999998569488525,0.4000000059604645,1186900,0.0,0.0
2024-10-28 00:00:00-04:00,0.4000000059604645,0.4300000071525574,0.38999998569488525,0.4300000071525574,2135000,0.0,0.0
2024-10-29 00:00:00-04:00,0.4300000071525574,0.44999998807907104,0.41999998688697815,0.4300000071525574,2051600,0.0,0.0
2024-10-30 00:00:00-04:00,0.4300000071525574,0.4399999976158142,0.4099999964237213,0.41999998688697815,1911800,0.0,0.0
2024-10-31 00:00:00-04:00,0.41999998688697815,0.41999998688697815,0.38999998569488525,0.4099999964237213,1289900,0.0,0.0
2024-11-01 00:00:00-04:00,0.41999998688697815,0.41999998688697815,0.38999998569488525,0.38999998569488525,1106000,0.0,0.0
2024-11-04 00:00:00-05:00,0.4000000059604645,0.41999998688697815,0.38999998569488525,0.41999998688697815,2525300,0.0,0.0
2024-11-05 00:00:00-05:00,0.41999998688697815,0.4399999976158142,0.4099999964237213,0.41999998688697815,2899000,0.0,0.0
2024-11-06 00:00:00-05:00,0.5,0.5600000023841858,0.47999998927116394,0.5199999809265137,21731900,0.0,0.0
2024-11-07 00:00:00-05:00,0.5299999713897705,0.5400000214576721,0.47999998927116394,0.5099999904632568,5726900,0.0,0.0
2024-11-08 00:00:00-05:00,0.5099999904632568,0.5099999904632568,0.47999998927116394,0.47999998927116394,3260200,0.0,0.0
2024-11-11 00:00:00-05:00,0.47999998927116394,0.5199999809265137,0.44999998807907104,0.4699999988079071,3635300,0.0,0.0
2024-11-12 00:00:00-05:00,0.4699999988079071,0.47999998927116394,0.4300000071525574,0.44999998807907104,2446400,0.0,0.0
2024-11-13 00:00:00-05:00,0.44999998807907104,0.46000000834465027,0.4300000071525574,0.4399999976158142,1626500,0.0,0.0
2024-11-14 00:00:00-05:00,0.4300000071525574,0.4699999988079071,0.4300000071525574,0.46000000834465027,1784600,0.0,0.0
2024-11-15 00:00:00-05:00,0.44999998807907104,0.46000000834465027,0.4399999976158142,0.44999998807907104,1680300,0.0,0.0
2024-11-18 00:00:00-05:00,0.46000000834465027,0.5099999904632568,0.46000000834465027,0.49000000953674316,3849700,0.0,0.0
2024-11-19 00:00:00-05:00,0.47999998927116394,0.49000000953674316,0.4699999988079071,0.4699999988079071,1837500,0.0,0.0
2024-11-20 00:00:00-05:00,0.4699999988079071,0.4699999988079071,0.46000000834465027,0.46000000834465027,1015100,0.0,0.0
2024-11-21 00:00:00-05:00,0.46000000834465027,0.49000000953674316,0.46000000834465027,0.4699999988079071,2960200,0.0,0.0
2024-11-22 00:00:00-05:00,0.46000000834465027,0.47999998927116394,0.46000000834465027,0.4699999988079071,1627100,0.0,0.0
2024-11-25 00:00:00-05:00,0.4699999988079071,0.4699999988079071,0.46000000834465027,0.46000000834465027,1617400,0.0,0.0
2024-11-26 00:00:00-05:00,0.46000000834465027,0.4699999988079071,0.46000000834465027,0.46000000834465027,736100,0.0,0.0
2024-11-27 00:00:00-05:00,0.46000000834465027,0.4699999988079071,0.4399999976158142,0.4399999976158142,2595600,0.0,0.0
2024-11-29 00:00:00-05:00,0.4399999976158142,0.44999998807907104,0.4399999976158142,0.4399999976158142,474500,0.0,0.0
2024-12-02 00:00:00-05:00,0.4399999976158142,0.44999998807907104,0.4399999976158142,0.4399999976158142,1717900,0.0,0.0
2024-12-03 00:00:00-05:00,0.4399999976158142,0.46000000834465027,0.4399999976158142,0.46000000834465027,1198500,0.0,0.0
2024-12-04 00:00:00-05:00,0.46000000834465027,0.47999998927116394,0.44999998807907104,0.4699999988079071,1812700,0.0,0.0
2024-12-05 00:00:00-05:00,0.4699999988079071,0.5,0.4699999988079071,0.49000000953674316,2429900,0.0,0.0
2024-12-06 00:00:00-05:00,0.49000000953674316,0.5099999904632568,0.47999998927116394,0.49000000953674316,1821900,0.0,0.0
2024-12-09 00:00:00-05:00,0.5,0.5099999904632568,0.47999998927116394,0.49000000953674316,1490000,0.0,0.0
2024-12-10 00:00:00-05:00,0.49000000953674316,0.5,0.47999998927116394,0.49000000953674316,1031500,0.0,0.0
2024-12-11 00:00:00-05:00,0.5099999904632568,0.5600000023841858,0.49000000953674316,0.5400000214576721,6743500,0.0,0.0
2024-12-12 00:00:00-05:00,0.550000011920929,0.5799999833106995,0.5099999904632568,0.5199999809265137,3872700,0.0,0.0
2024-12-13 00:00:00-05:00,0.5299999713897705,0.5400000214576721,0.5,0.5,2540500,0.0,0.0
2024-12-16 00:00:00-05:00,0.5099999904632568,0.5400000214576721,0.5099999904632568,0.5199999809265137,2246800,0.0,0.0
2024-12-17 00:00:00-05:00,0.5299999713897705,0.5299999713897705,0.5,0.5099999904632568,1172200,0.0,0.0
2024-12-18 00:00:00-05:00,0.5099999904632568,0.5099999904632568,0.44999998807907104,0.46000000834465027,4384600,0.0,0.0
2024-12-19 00:00:00-05:00,0.46000000834465027,0.47999998927116394,0.44999998807907104,0.47999998927116394,2426300,0.0,0.0
2024-12-20 00:00:00-05:00,0.47999998927116394,0.5199999809265137,0.47999998927116394,0.5199999809265137,3813400,0.0,0.0
2024-12-23 00:00:00-05:00,0.5299999713897705,0.5299999713897705,0.5,0.5,1662200,0.0,0.0
2024-12-24 00:00:00-05:00,0.5,0.5299999713897705,0.5,0.5199999809265137,1132000,0.0,0.0
2024-12-26 00:00:00-05:00,0.5099999904632568,0.5799999833106995,0.5099999904632568,0.5799999833106995,3744000,0.0,0.0
2024-12-27 00:00:00-05:00,0.5699999928474426,0.5699999928474426,0.5299999713897705,0.5699999928474426,2802100,0.0,0.0
2024-12-30 00:00:00-05:00,0.5699999928474426,0.5799999833106995,0.5600000023841858,0.5699999928474426,3110200,0.0,0.0
2024-12-31 00:00:00-05:00,0.5600000023841858,0.5799999833106995,0.5600000023841858,0.5799999833106995,2278800,0.0,0.0
2025-01-02 00:00:00-05:00,0.6000000238418579,0.6899999976158142,0.6000000238418579,0.6800000071525574,9519700,0.0,0.0
2025-01-03 00:00:00-05:00,0.6899999976158142,0.75,0.6700000166893005,0.6899999976158142,9556400,0.0,0.0
2025-01-06 00:00:00-05:00,0.7400000095367432,0.7400000095367432,0.6600000262260437,0.6700000166893005,8073600,0.0,0.0
2025-01-07 00:00:00-05:00,0.6899999976158142,0.699999988079071,0.6100000143051147,0.6200000047683716,6466400,0.0,0.0
2025-01-08 00:00:00-05:00,0.6200000047683716,0.6499999761581421,0.5600000023841858,0.6499999761581421,3826800,0.0,0.0
2025-01-10 00:00:00-05:00,0.6499999761581421,0.6700000166893005,0.6000000238418579,0.6100000143051147,3297100,0.0,0.0
2025-01-13 00:00:00-05:00,0.6399999856948853,0.6800000071525574,0.6000000238418579,0.6700000166893005,5976000,0.0,0.0
2025-01-14 00:00:00-05:00,0.6700000166893005,0.6700000166893005,0.6299999952316284,0.6399999856948853,2287400,0.0,0.0
2025-01-15 00:00:00-05:00,0.6600000262260437,0.6700000166893005,0.6299999952316284,0.6600000262260437,2035100,0.0,0.0
2025-01-16 00:00:00-05:00,0.6800000071525574,0.6800000071525574,0.6299999952316284,0.6399999856948853,3489300,0.0,0.0
2025-01-17 00:00:00-05:00,0.6499999761581421,0.6499999761581421,0.6299999952316284,0.6299999952316284,3403400,0.0,0.0
2025-01-21 00:00:00-05:00,0.7300000190734863,0.7300000190734863,0.6499999761581421,0.6700000166893005,9646500,0.0,0.0
2025-01-22 00:00:00-05:00,0.6800000071525574,0.6899999976158142,0.6600000262260437,0.6800000071525574,3813000,0.0,0.0
2025-01-23 00:00:00-05:00,0.6899999976158142,0.7400000095367432,0.6700000166893005,0.7300000190734863,8334000,0.0,0.0
2025-01-24 00:00:00-05:00,0.75,0.7799999713897705,0.7099999785423279,0.7200000286102295,6993400,0.0,0.0
2025-01-27 00:00:00-05:00,0.7200000286102295,0.7200000286102295,0.6600000262260437,0.6800000071525574,3934800,0.0,0.0
2025-01-28 00:00:00-05:00,0.6899999976158142,0.6899999976158142,0.6299999952316284,0.6399999856948853,4471000,0.0,0.0
2025-01-29 00:00:00-05:00,0.6299999952316284,0.6399999856948853,0.5600000023841858,0.6299999952316284,3324200,0.0,0.0
2025-01-30 00:00:00-05:00,0.6399999856948853,0.6700000166893005,0.6299999952316284,0.6700000166893005,2244200,0.0,0.0
2025-01-31 00:00:00-05:00,0.6700000166893005,0.6800000071525574,0.6299999952316284,0.6499999761581421,3000400,0.0,0.0
2025-02-03 00:00:00-05:00,0.6200000047683716,0.6800000071525574,0.6100000143051147,0.6600000262260437,4357000,0.0,0.0
2025-02-04 00:00:00-05:00,0.6499999761581421,0.7200000286102295,0.6499999761581421,0.699999988079071,4436400,0.0,0.0
2025-02-05 00:00:00-05:00,0.7200000286102295,0.7400000095367432,0.699999988079071,0.7099999785423279,3992100,0.0,0.0
2025-02-06 00:00:00-05:00,0.7300000190734863,0.7400000095367432,0.7200000286102295,0.7400000095367432,4045400,0.0,0.0
2025-02-07 00:00:00-05:00,0.7400000095367432,0.7599999904632568,0.7099999785423279,0.7400000095367432,3509500,0.0,0.0
2025-02-10 00:00:00-05:00,0.75,0.7699999809265137,0.75,0.7599999904632568,4352700,0.0,0.0
2025-02-11 00:00:00-05:00,0.7799999713897705,0.7799999713897705,0.7099999785423279,0.7099999785423279,3396700,0.0,0.0
2025-02-12 00:00:00-05:00,0.7300000190734863,0.7300000190734863,0.6899999976158142,0.7099999785423279,4093200,0.0,0.0
2025-02-13 00:00:00-05:00,0.7099999785423279,0.7099999785423279,0.6700000166893005,0.7099999785423279,1749000,0.0,0.0
2025-02-14 00:00:00-05:00,0.7099999785423279,0.7200000286102295,0.6899999976158142,0.6899999976158142,2098900,0.0,0.0
2025-02-18 00:00:00-05:00,0.7099999785423279,0.7400000095367432,0.6899999976158142,0.7099999785423279,4496800,0.0,0.0
2025-02-19 00:00:00-05:00,0.7200000286102295,0.7200000286102295,0.6899999976158142,0.699999988079071,2138300,0.0,0.0
2025-02-20 00:00:00-05:00,0.699999988079071,0.7099999785423279,0.6700000166893005,0.6899999976158142,2864000,0.0,0.0
2025-02-21 00:00:00-05:00,0.699999988079071,0.699999988079071,0.6499999761581421,0.6499999761581421,3813600,0.0,0.0
2025-02-24 00:00:00-05:00,0.6600000262260437,0.6700000166893005,0.6100000143051147,0.6100000143051147,3994000,0.0,0.0
2025-02-25 00:00:00-05:00,0.6000000238418579,0.6100000143051147,0.550000011920929,0.5799999833106995,5261000,0.0,0.0
2025-02-26 00:00:00-05:00,0.5699999928474426,0.6399999856948853,0.5699999928474426,0.6299999952316284,3639000,0.0,0.0
2025-02-27 00:00:00-05:00,0.6399999856948853,0.6399999856948853,0.6000000238418579,0.6100000143051147,2263100,0.0,0.0
2025-02-28 00:00:00-05:00,0.6000000238418579,0.6200000047683716,0.5799999833106995,0.5899999737739563,2727200,0.0,0.0
2025-03-03 00:00:00-05:00,0.6200000047683716,0.6399999856948853,0.5899999737739563,0.6000000238418579,3535500,0.0,0.0
2025-03-04 00:00:00-05:00,0.6000000238418579,0.6499999761581421,0.6000000238418579,0.6299999952316284,3357400,0.0,0.0
2025-03-05 00:00:00-05:00,0.7099999785423279,0.7400000095367432,0.6700000166893005,0.7300000190734863,12189500,0.0,0.0
2025-03-06 00:00:00-05:00,0.7400000095367432,0.7699999809265137,0.7099999785423279,0.7300000190734863,7022500,0.0,0.0
2025-03-07 00:00:00-05:00,0.7400000095367432,0.7400000095367432,0.7099999785423279,0.7300000190734863,4368200,0.0,0.0
2025-03-10 00:00:00-04:00,0.7099999785423279,0.7099999785423279,0.6399999856948853,0.6600000262260437,4665600,0.0,0.0
2025-03-11 00:00:00-04:00,0.6700000166893005,0.7099999785423279,0.6600000262260437,0.6899999976158142,2183700,0.0,0.0
2025-03-12 00:00:00-04:00,0.7099999785423279,0.7400000095367432,0.6899999976158142,0.7200000286102295,3208200,0.0,0.0
2025-03-13 00:00:00-04:00,0.7200000286102295,0.7400000095367432,0.699999988079071,0.7099999785423279,2071400,0.0,0.0
2025-03-14 00:00:00-04:00,0.7200000286102295,0.75,0.7099999785423279,0.7200000286102295,4173500,0.0,0.0
2025-03-17 00:00:00-04:00,0.7400000095367432,0.7400000095367432,0.6899999976158142,0.7200000286102295,3799600,0.0,0.0
2025-03-18 00:00:00-04:00,0.7200000286102295,0.7200000286102295,0.6899999976158142,0.7099999785423279,2401100,0.0,0.0
2025-03-19 00:00:00-04:00,0.7099999785423279,0.7200000286102295,0.6899999976158142,0.7099999785423279,1778800,0.0,0.0
2025-03-20 00:00:00-04:00,0.699999988079071,0.7099999785423279,0.6899999976158142,0.7099999785423279,1416800,0.0,0.0
2025-03-21 00:00:00-04:00,0.75,0.9100000262260437,0.7400000095367432,0.8899999856948853,37547300,0.0,0.0
2025-03-24 00:00:00-04:00,0.9700000286102295,1.2799999713897705,0.9599999785423279,1.159999966621399,40649200,0.0,0.0
2025-03-25 00:00:00-04:00,1.2100000381469727,1.2899999618530273,1.090000033378601,1.190000057220459,20574600,0.0,0.0
2025-03-26 00:00:00-04:00,1.2000000476837158,1.2599999904632568,1.059999942779541,1.100000023841858,12114900,0.0,0.0
2025-03-27 00:00:00-04:00,1.059999942779541,1.1799999475479126,1.0399999618530273,1.159999966621399,7282400,0.0,0.0
2025-03-28 00:00:00-04:00,1.1699999570846558,1.2300000190734863,1.100000023841858,1.1200000047683716,10580700,0.0,0.0
2025-03-31 00:00:00-04:00,1.1299999952316284,1.190000057220459,1.059999942779541,1.149999976158142,8894600,0.0,0.0
2025-04-01 00:00:00-04:00,1.149999976158142,1.1799999475479126,1.0700000524520874,1.1100000143051147,6650300,0.0,0.0
2025-04-02 00:00:00-04:00,1.0700000524520874,1.0800000429153442,0.9100000262260437,0.9100000262260437,14268400,0.0,0.0
2025-04-03 00:00:00-04:00,0.8899999856948853,1.1100000143051147,0.8700000047683716,1.0499999523162842,11894800,0.0,0.0
2025-04-04 00:00:00-04:00,1.0499999523162842,1.059999942779541,0.8700000047683716,0.8799999952316284,12626000,0.0,0.0
2025-04-07 00:00:00-04:00,0.8199999928474426,0.9599999785423279,0.7900000214576721,0.8600000143051147,9135200,0.0,0.0
2025-04-08 00:00:00-04:00,0.9200000166893005,0.949999988079071,0.7900000214576721,0.800000011920929,6697500,0.0,0.0
2025-04-09 00:00:00-04:00,0.8299999833106995,0.9399999976158142,0.8199999928474426,0.9100000262260437,6956000,0.0,0.0
2025-04-10 00:00:00-04:00,0.9599999785423279,0.9800000190734863,0.8799999952316284,0.9200000166893005,4832300,0.0,0.0
2025-04-11 00:00:00-04:00,0.9599999785423279,1.0499999523162842,0.9399999976158142,0.9700000286102295,4557700,0.0,0.0
2025-04-14 00:00:00-04:00,1.0299999713897705,1.0299999713897705,0.9700000286102295,0.9700000286102295,4816200,0.0,0.0
2025-04-15 00:00:00-04:00,0.9800000190734863,1.100000023841858,0.9700000286102295,1.0800000429153442,7157700,0.0,0.0
2025-04-16 00:00:00-04:00,1.1100000143051147,1.1799999475479126,1.059999942779541,1.0700000524520874,8956400,0.0,0.0
2025-04-17 00:00:00-04:00,1.100000023841858,1.1399999856948853,1.0199999809265137,1.1100000143051147,4879400,0.0,0.0
2025-04-21 00:00:00-04:00,1.1100000143051147,1.1200000047683716,0.949999988079071,0.9800000190734863,8640000,0.0,0.0
2025-04-22 00:00:00-04:00,0.8999999761581421,1.0399999618530273,0.8899999856948853,0.9900000095367432,6736900,0.0,0.0
2025-04-23 00:00:00-04:00,1.0499999523162842,1.0499999523162842,1.0099999904632568,1.0499999523162842,5158300,0.0,0.0
2025-04-24 00:00:00-04:00,1.0499999523162842,1.159999966621399,1.0399999618530273,1.159999966621399,8841300,0.0,0.0
2025-04-25 00:00:00-04:00,1.1299999952316284,1.2200000286102295,1.1200000047683716,1.1200000047683716,8971900,0.0,0.0
2025-04-28 00:00:00-04:00,1.149999976158142,1.1799999475479126,1.090000033378601,1.149999976158142,5851900,0.0,0.0
2025-04-29 00:00:00-04:00,1.149999976158142,1.2200000286102295,1.1399999856948853,1.2200000286102295,7394300,0.0,0.0
2025-04-30 00:00:00-04:00,1.2000000476837158,1.2100000381469727,1.1200000047683716,1.149999976158142,8107800,0.0,0.0
2025-05-01 00:00:00-04:00,1.149999976158142,1.159999966621399,1.0399999618530273,1.0700000524520874,8211100,0.0,0.0
2025-05-02 00:00:00-04:00,1.100000023841858,1.1100000143051147,1.0399999618530273,1.059999942779541,3899700,0.0,0.0
2025-05-05 00:00:00-04:00,1.0800000429153442,1.0800000429153442,1.0199999809265137,1.0700000524520874,3634900,0.0,0.0
2025-05-06 00:00:00-04:00,1.0399999618530273,1.1299999952316284,1.0399999618530273,1.0800000429153442,3268400,0.0,0.0
2025-05-07 00:00:00-04:00,1.1100000143051147,1.159999966621399,1.0399999618530273,1.0700000524520874,2780100,0.0,0.0
2025-05-08 00:00:00-04:00,1.0800000429153442,1.090000033378601,1.0299999713897705,1.0399999618530273,2943800,0.0,0.0
2025-05-09 00:00:00-04:00,1.0700000524520874,1.0800000429153442,1.0199999809265137,1.0499999523162842,2734700,0.0,0.0
2025-05-12 00:00:00-04:00,1.0299999713897705,1.0399999618530273,0.9900000095367432,1.0099999904632568,4380300,0.0,0.0
2025-05-13 00:00:00-04:00,1.0099999904632568,1.0399999618530273,0.9900000095367432,1.0099999904632568,3535800,0.0,0.0
2025-05-14 00:00:00-04:00,0.9700000286102295,1.0099999904632568,0.8999999761581421,0.9399999976158142,8743300,0.0,0.0
2025-05-15 00:00:00-04:00,0.9399999976158142,0.9399999976158142,0.8999999761581421,0.9300000071525574,3432800,0.0,0.0
2025-05-16 00:00:00-04:00,0.9399999976158142,0.949999988079071,0.8899999856948853,0.9300000071525574,2702400,0.0,0.0
2025-05-19 00:00:00-04:00,0.9300000071525574,0.9399999976158142,0.9100000262260437,0.9300000071525574,2405100,0.0,0.0
2025-05-20 00:00:00-04:00,0.9300000071525574,0.9800000190734863,0.9200000166893005,0.9599999785423279,3956700,0.0,0.0
2025-05-21 00:00:00-04:00,0.9700000286102295,1.0299999713897705,0.9599999785423279,0.9900000095367432,3921900,0.0,0.0
2025-05-22 00:00:00-04:00,0.9900000095367432,1.0299999713897705,0.9700000286102295,0.9800000190734863,2035200,0.0,0.0
2025-05-23 00:00:00-04:00,0.9800000190734863,1.0399999618530273,0.9599999785423279,1.0099999904632568,3026600,0.0,0.0
2025-05-27 00:00:00-04:00,1.0099999904632568,1.0800000429153442,1.0099999904632568,1.0700000524520874,4692700,0.0,0.0
2025-05-28 00:00:00-04:00,1.0700000524520874,1.1299999952316284,1.059999942779541,1.090000033378601,4500100,0.0,0.0
2025-05-29 00:00:00-04:00,1.0800000429153442,1.100000023841858,1.0399999618530273,1.0800000429153442,3429100,0.0,0.0
2025-05-30 00:00:00-04:00,1.059999942779541,1.0800000429153442,1.0299999713897705,1.059999942779541,2137300,0.0,0.0
2025-06-02 00:00:00-04:00,1.0700000524520874,1.159999966621399,1.0700000524520874,1.159999966621399,25234100,0.0,0.0
2025-06-03 00:00:00-04:00,1.25,1.350000023841858,1.2100000381469727,1.2699999809265137,30012000,0.0,0.0
2025-06-04 00:00:00-04:00,1.2699999809265137,1.2699999809265137,1.1799999475479126,1.2000000476837158,9317400,0.0,0.0
2025-06-05 00:00:00-04:00,1.2300000190734863,1.2599999904632568,1.1799999475479126,1.190000057220459,5249100,0.0,0.0
2025-06-06 00:00:00-04:00,1.1799999475479126,1.2999999523162842,1.149999976158142,1.2899999618530273,7134200,0.0,0.0
2025-06-09 00:00:00-04:00,1.2999999523162842,1.2999999523162842,1.2400000095367432,1.2799999713897705,3851100,0.0,0.0
2025-06-10 00:00:00-04:00,1.2999999523162842,1.3300000429153442,1.2300000190734863,1.3200000524520874,6080400,0.0,0.0
2025-06-11 00:00:00-04:00,1.350000023841858,1.3600000143051147,1.2300000190734863,1.2599999904632568,8429300,0.0,0.0
2025-06-12 00:00:00-04:00,1.2300000190734863,1.2599999904632568,1.1799999475479126,1.2300000190734863,6612400,0.0,0.0
2025-06-13 00:00:00-04:00,1.190000057220459,1.2400000095367432,1.1799999475479126,1.2200000286102295,4598500,0.0,0.0
2025-06-16 00:00:00-04:00,1.2300000190734863,1.309999942779541,1.2200000286102295,1.2899999618530273,5363300,0.0,0.0
2025-06-17 00:00:00-04:00,1.2999999523162842,1.3600000143051147,1.2599999904632568,1.2999999523162842,5383700,0.0,0.0
2025-06-18 00:00:00-04:00,1.2999999523162842,1.4299999475479126,1.2999999523162842,1.399999976158142,7630200,0.0,0.0
2025-06-20 00:00:00-04:00,1.409999966621399,1.4199999570846558,1.3300000429153442,1.3300000429153442,8841900,0.0,0.0
2025-06-23 00:00:00-04:00,1.340000033378601,1.3600000143051147,1.2699999809265137,1.2799999713897705,7370100,0.0,0.0
2025-06-24 00:00:00-04:00,1.3200000524520874,1.350000023841858,1.25,1.340000033378601,4080400,0.0,0.0
2025-06-25 00:00:00-04:00,1.350000023841858,1.559999942779541,1.340000033378601,1.5499999523162842,16239200,0.0,0.0
2025-06-26 00:00:00-04:00,1.5499999523162842,1.590000033378601,1.5199999809265137,1.5399999618530273,9389900,0.0,0.0
2025-06-27 00:00:00-04:00,1.5499999523162842,1.5800000429153442,1.4800000190734863,1.5399999618530273,10023700,0.0,0.0
2025-06-30 00:00:00-04:00,1.5499999523162842,1.5700000524520874,1.25,1.340000033378601,30417800,0.0,0.0
2025-07-01 00:00:00-04:00,1.340000033378601,1.4800000190734863,1.309999942779541,1.4800000190734863,7299900,0.0,0.0
2025-07-02 00:00:00-04:00,1.4199999570846558,1.4700000286102295,1.3600000143051147,1.4199999570846558,7856300,0.0,0.0
2025-07-03 00:00:00-04:00,1.4199999570846558,1.440000057220459,1.3799999952316284,1.399999976158142,3757900,0.0,0.0
2025-07-07 00:00:00-04:00,1.7000000476837158,1.809999942779541,1.649999976158142,1.7899999618530273,33693700,0.0,0.0
2025-07-08 00:00:00-04:00,1.7999999523162842,1.8300000429153442,1.6699999570846558,1.7999999523162842,18737700,0.0,0.0
2025-07-09 00:00:00-04:00,1.7999999523162842,2.140000104904175,1.7999999523162842,2.0899999141693115,30103200,0.0,0.0
2025-07-10 00:00:00-04:00,2.259999990463257,2.4000000953674316,2.109999895095825,2.180000066757202,41629000,0.0,0.0
2025-07-11 00:00:00-04:00,2.200000047683716,2.2100000381469727,2.0399999618530273,2.1600000858306885,16708200,0.0,0.0
2025-07-14 00:00:00-04:00,2.200000047683716,2.240000009536743,2.0999999046325684,2.1700000762939453,13369000,0.0,0.0
2025-07-15 00:00:00-04:00,2.2200000286102295,2.240000009536743,2.130000114440918,2.1600000858306885,11494800,0.0,0.0
2025-07-16 00:00:00-04:00,2.1600000858306885,2.3399999141693115,2.140000104904175,2.299999952316284,18570800,0.0,0.0
2025-07-17 00:00:00-04:00,2.3499999046325684,2.390000104904175,1.0,1.6299999952316284,109040600,0.0,0.0
2025-07-18 00:00:00-04:00,0.8799999952316284,1.090000033378601,0.8100000023841858,1.0399999618530273,128241200,0.0,0.0
2025-07-21 00:00:00-04:00,0.9599999785423279,1.0099999904632568,0.8799999952316284,0.9100000262260437,33188000,0.0,0.0
2025-07-22 00:00:00-04:00,0.8199999928474426,0.9300000071525574,0.7900000214576721,0.8700000047683716,23943300,0.0,0.0
2025-07-23 00:00:00-04:00,0.8999999761581421,1.0,0.8899999856948853,0.9300000071525574,10179600,0.0,0.0
2025-07-24 00:00:00-04:00,0.9399999976158142,0.949999988079071,0.8700000047683716,0.8799999952316284,12898000,0.0,0.0
2025-07-25 00:00:00-04:00,0.8899999856948853,0.9300000071525574,0.8799999952316284,0.8899999856948853,7356200,0.0,0.0
2025-07-28 00:00:00-04:00,0.8999999761581421,0.9100000262260437,0.800000011920929,0.8399999737739563,13768700,0.0,0.0
2025-07-29 00:00:00-04:00,0.800000011920929,0.8299999833106995,0.7300000190734863,0.7400000095367432,16581700,0.0,0.0
2025-07-30 00:00:00-04:00,0.7400000095367432,0.8299999833106995,0.7400000095367432,0.8199999928474426,14201500,0.0,0.0
2025-07-31 00:00:00-04:00,0.8199999928474426,0.8299999833106995,0.75,0.7900000214576721,8065700,0.0,0.0
2025-08-01 00:00:00-04:00,0.7799999713897705,0.800000011920929,0.75,0.75,4391200,0.0,0.0
2025-08-04 00:00:00-04:00,0.7599999904632568,0.800000011920929,0.7599999904632568,0.7799999713897705,4560800,0.0,0.0
2025-08-05 00:00:00-04:00,0.7900000214576721,0.800000011920929,0.7699999809265137,0.7900000214576721,3382100,0.0,0.0
2025-08-06 00:00:00-04:00,0.8100000023841858,0.8299999833106995,0.7699999809265137,0.800000011920929,4848000,0.0,0.0
2025-08-07 00:00:00-04:00,0.8199999928474426,0.8700000047683716,0.8100000023841858,0.8500000238418579,7971700,0.0,0.0
2025-08-08 00:00:00-04:00,0.9200000166893005,0.949999988079071,0.8600000143051147,0.8999999761581421,11216500,0.0,0.0
2025-08-11 00:00:00-04:00,0.8999999761581421,0.9200000166893005,0.8600000143051147,0.8700000047683716,5404000,0.0,0.0
2025-08-12 00:00:00-04:00,0.8799999952316284,0.9100000262260437,0.8700000047683716,0.8799999952316284,5014800,0.0,0.0
2025-08-13 00:00:00-04:00,0.8899999856948853,0.8899999856948853,0.8500000238418579,0.8700000047683716,3985700,0.0,0.0
2025-08-14 00:00:00-04:00,0.8700000047683716,0.9200000166893005,0.8500000238418579,0.8999999761581421,7403700,0.0,0.0
2025-08-15 00:00:00-04:00,0.9100000262260437,0.9200000166893005,0.8799999952316284,0.9100000262260437,3853100,0.0,0.0
2025-08-18 00:00:00-04:00,0.9100000262260437,0.9100000262260437,0.8700000047683716,0.8899999856948853,3692300,0.0,0.0
2025-08-19 00:00:00-04:00,0.9100000262260437,0.9399999976158142,0.8399999737739563,0.8500000238418579,6258400,0.0,0.0
2025-08-20 00:00:00-04:00,0.8500000238418579,0.8700000047683716,0.8100000023841858,0.8500000238418579,5224600,0.0,0.0
2025-08-21 00:00:00-04:00,0.8399999737739563,0.8799999952316284,0.8399999737739563,0.8700000047683716,4327200,0.0,0.0
2025-08-22 00:00:00-04:00,0.8700000047683716,0.9100000262260437,0.8700000047683716,0.8999999761581421,5054000,0.0,0.0
2025-08-25 00:00:00-04:00,0.8899999856948853,0.9100000262260437,0.8700000047683716,0.8799999952316284,4500000,0.0,0.0
2025-08-26 00:00:00-04:00,0.8799999952316284,0.9200000166893005,0.8799999952316284,0.8999999761581421,3901100,0.0,0.0
2025-08-27 00:00:00-04:00,0.8899999856948853,0.9200000166893005,0.8899999856948853,0.8899999856948853,3155800,0.0,0.0
2025-08-28 00:00:00-04:00,0.8899999856948853,0.9300000071525574,0.8899999856948853,0.9100000262260437,3052300,0.0,0.0
2025-08-29 00:00:00-04:00,0.8999999761581421,0.9300000071525574,0.8899999856948853,0.8999999761581421,4347000,0.0,0.0
2025-09-02 00:00:00-04:00,0.8999999761581421,0.9100000262260437,0.8600000143051147,0.8600000143051147,5871100,0.0,0.0
2025-09-03 00:00:00-04:00,0.8700000047683716,0.8899999856948853,0.8500000238418579,0.8799999952316284,4233000,0.0,0.0
2025-09-04 00:00:00-04:00,0.8700000047683716,0.8799999952316284,0.8500000238418579,0.8500000238418579,3579000,0.0,0.0
2025-09-05 00:00:00-04:00,0.8700000047683716,0.8700000047683716,0.8399999737739563,0.8500000238418579,2489500,0.0,0.0
2025-09-08 00:00:00-04:00,0.8399999737739563,0.8399999737739563,0.8199999928474426,0.8199999928474426,4253800,0.0,0.0
2025-09-09 00:00:00-04:00,0.8199999928474426,0.8399999737739563,0.8100000023841858,0.8100000023841858,2188200,0.0,0.0
2025-09-10 00:00:00-04:00,0.8199999928474426,0.8299999833106995,0.8100000023841858,0.8199999928474426,1968400,0.0,0.0
2025-09-11 00:00:00-04:00,0.8100000023841858,0.8299999833106995,0.800000011920929,0.8199999928474426,1820400,0.0,0.0
2025-09-12 00:00:00-04:00,0.8100000023841858,0.8299999833106995,0.7900000214576721,0.8199999928474426,3368600,0.0,0.0
2025-09-15 00:00:00-04:00,0.8299999833106995,0.8700000047683716,0.8199999928474426,0.8700000047683716,3577400,0.0,0.0
2025-09-16 00:00:00-04:00,0.8700000047683716,0.8700000047683716,0.8299999833106995,0.8299999833106995,2596300,0.0,0.0
2025-09-17 00:00:00-04:00,0.8299999833106995,0.8500000238418579,0.8100000023841858,0.8199999928474426,3000900,0.0,0.0
2025-09-18 00:00:00-04:00,0.8199999928474426,0.8299999833106995,0.8100000023841858,0.8199999928474426,2397400,0.0,0.0
2025-09-19 00:00:00-04:00,0.8199999928474426,0.8799999952316284,0.8199999928474426,0.8700000047683716,4781300,0.0,0.0
2025-09-22 00:00:00-04:00,0.8700000047683716,0.9399999976158142,0.8600000143051147,0.9300000071525574,6541900,0.0,0.0
2025-09-23 00:00:00-04:00,0.949999988079071,1.0499999523162842,0.9200000166893005,0.9300000071525574,5893500,0.0,0.0
2025-09-24 00:00:00-04:00,0.9700000286102295,1.149999976158142,0.9700000286102295,1.090000033378601,20141200,0.0,0.0
2025-09-25 00:00:00-04:00,1.0700000524520874,1.1100000143051147,1.0,1.059999942779541,11779200,0.0,0.0
2025-09-26 00:00:00-04:00,1.190000057220459,1.2100000381469727,1.100000023841858,1.1399999856948853,15000500,0.0,0.0
2025-09-29 00:00:00-04:00,1.2000000476837158,1.25,1.149999976158142,1.25,15942600,0.0,0.0
2025-09-30 00:00:00-04:00,1.2599999904632568,1.2699999809265137,1.159999966621399,1.2000000476837158,7963000,0.0,0.0
2025-10-01 00:00:00-04:00,1.190000057220459,1.2100000381469727,1.1299999952316284,1.1799999475479126,7357600,0.0,0.0
2025-10-02 00:00:00-04:00,1.1799999475479126,1.2300000190734863,1.1699999570846558,1.2200000286102295,6467900,0.0,0.0
2025-10-03 00:00:00-04:00,1.2400000095367432,1.3899999856948853,1.2200000286102295,1.3200000524520874,13837000,0.0,0.0
2025-10-06 00:00:00-04:00,1.4700000286102295,1.659999966621399,1.4199999570846558,1.5099999904632568,46023400,0.0,0.0
2025-10-07 00:00:00-04:00,1.9900000095367432,2.009999990463257,1.7300000190734863,1.8799999952316284,55886800,0.0,0.0
2025-10-08 00:00:00-04:00,1.8200000524520874,2.0399999618530273,1.7699999809265137,1.9500000476837158,33346300,0.0,0.0
2025-10-09 00:00:00-04:00,1.9900000095367432,2.0199999809265137,1.909999966621399,1.9600000381469727,20515000,0.0,0.0
2025-10-10 00:00:00-04:00,1.9800000190734863,2.1700000762939453,1.9299999475479126,2.0299999713897705,42013700,0.0,0.0
2025-10-13 00:00:00-04:00,2.200000047683716,2.7699999809265137,2.059999942779541,2.6600000858306885,54251400,0.0,0.0
2025-10-14 00:00:00-04:00,2.8399999141693115,2.9800000190734863,2.450000047683716,2.759999990463257,77934200,0.0,0.0
2025-10-15 00:00:00-04:00,2.809999942779541,2.9200000762939453,2.5,2.640000104904175,50456200,0.0,0.0
2025-10-16 00:00:00-04:00,2.6500000953674316,2.8499999046325684,2.0799999237060547,2.240000009536743,52232000,0.0,0.0
2025-10-17 00:00:00-04:00,1.9600000381469727,2.1600000858306885,1.8200000524520874,2.049999952316284,31814200,0.0,0.0
2025-10-20 00:00:00-04:00,2.1600000858306885,2.2300000190734863,1.909999966621399,2.049999952316284,23645900,0.0,0.0
2025-10-21 00:00:00-04:00,2.069999933242798,2.069999933242798,1.8799999952316284,1.940000057220459,16994200,0.0,0.0
2025-10-22 00:00:00-04:00,1.7999999523162842,1.9800000190734863,1.7400000095367432,1.8600000143051147,20216600,0.0,0.0
2025-10-23 00:00:00-04:00,1.8300000429153442,1.9500000476837158,1.809999942779541,1.8899999856948853,8657400,0.0,0.0
2025-10-24 00:00:00-04:00,1.9199999570846558,2.0399999618530273,1.8700000047683716,2.0399999618530273,11505700,0.0,0.0
2025-10-27 00:00:00-04:00,1.9600000381469727,1.9600000381469727,1.7899999618530273,1.899999976158142,13323500,0.0,0.0
2025-10-28 00:00:00-04:00,1.8300000429153442,2.119999885559082,1.7999999523162842,1.9800000190734863,13439900,0.0,0.0
2025-10-29 00:00:00-04:00,2.009999990463257,2.069999933242798,1.9299999475479126,2.0199999809265137,9482500,0.0,0.0
2025-10-30 00:00:00-04:00,2.0,2.069999933242798,1.9500000476837158,2.0199999809265137,7901600,0.0,0.0
2025-10-31 00:00:00-04:00,2.009999990463257,2.0399999618530273,1.9199999570846558,2.009999990463257,7808200,0.0,0.0
2025-11-03 00:00:00-05:00,1.9900000095367432,2.0399999618530273,1.8300000429153442,1.8600000143051147,11801800,0.0,0.0
2025-11-04 00:00:00-05:00,1.7899999618530273,1.8700000047683716,1.75,1.7899999618530273,11972200,0.0,0.0
2025-11-05 00:00:00-05:00,1.75,1.840000033378601,1.75,1.809999942779541,7619600,0.0,0.0
2025-11-06 00:00:00-05:00,1.7799999713897705,1.7999999523162842,1.7100000381469727,1.7200000286102295,8345900,0.0,0.0
2025-11-07 00:00:00-05:00,1.7000000476837158,1.7699999809265137,1.6399999856948853,1.7599999904632568,11013900,0.0,0.0
2025-11-10 00:00:00-05:00,1.809999942779541,1.840000033378601,1.7599999904632568,1.809999942779541,8405400,0.0,0.0
2025-11-11 00:00:00-05:00,1.7999999523162842,1.809999942779541,1.75,1.809999942779541,5876700,0.0,0.0
2025-11-12 00:00:00-05:00,1.7899999618530273,1.8899999856948853,1.7899999618530273,1.8300000429153442,5547600,0.0,0.0
2025-11-13 00:00:00-05:00,1.8300000429153442,1.909999966621399,1.7000000476837158,1.7300000190734863,7392000,0.0,0.0
2025-11-14 00:00:00-05:00,1.649999976158142,1.809999942779541,1.6399999856948853,1.7000000476837158,5902900,0.0,0.0
2025-11-17 00:00:00-05:00,1.7100000381469727,1.7999999523162842,1.649999976158142,1.6699999570846558,5843800,0.0,0.0
2025-11-18 00:00:00-05:00,1.649999976158142,1.7100000381469727,1.559999942779541,1.5800000429153442,8333800,0.0,0.0
2025-11-19 00:00:00-05:00,1.590000033378601,1.690000057220459,1.590000033378601,1.6299999952316284,5700500,0.0,0.0
2025-11-20 00:00:00-05:00,1.7000000476837158,1.7000000476837158,1.4900000095367432,1.5,9363100,0.0,0.0
2025-11-21 00:00:00-05:00,1.5,1.5199999809265137,1.4299999475479126,1.5,5662600,0.0,0.0
2025-11-24 00:00:00-05:00,1.4900000095367432,1.5800000429153442,1.4600000381469727,1.559999942779541,5608600,0.0,0.0
2025-11-25 00:00:00-05:00,1.5800000429153442,1.7400000095367432,1.559999942779541,1.7000000476837158,7819800,0.0,0.0
2025-11-26 00:00:00-05:00,1.7400000095367432,1.840000033378601,1.7100000381469727,1.7999999523162842,6939700,0.0,0.0
2025-11-28 00:00:00-05:00,1.850000023841858,1.9199999570846558,1.7999999523162842,1.9199999570846558,5277500,0.0,0.0
2025-12-01 00:00:00-05:00,1.909999966621399,1.9199999570846558,1.809999942779541,1.850000023841858,5009000,0.0,0.0
2025-12-02 00:00:00-05:00,1.8300000429153442,1.8600000143051147,1.7799999713897705,1.8300000429153442,3889500,0.0,0.0
2025-12-03 00:00:00-05:00,1.8300000429153442,1.9500000476837158,1.7899999618530273,1.9299999475479126,6232200,0.0,0.0
2025-12-04 00:00:00-05:00,1.909999966621399,2.119999885559082,1.8799999952316284,2.0899999141693115,14407800,0.0,0.0
2025-12-05 00:00:00-05:00,2.0999999046325684,2.130000114440918,2.009999990463257,2.069999933242798,10441900,0.0,0.0
2025-12-08 00:00:00-05:00,2.069999933242798,2.0799999237060547,1.9600000381469727,2.009999990463257,5245600,0.0,0.0
2025-12-09 00:00:00-05:00,2.0,2.0899999141693115,1.9900000095367432,2.0399999618530273,4566300,0.0,0.0
2025-12-10 00:00:00-05:00,2.0399999618530273,2.049999952316284,1.909999966621399,1.9900000095367432,5430500,0.0,0.0
2025-12-11 00:00:00-05:00,1.9700000286102295,2.2300000190734863,1.9700000286102295,2.1500000953674316,9243200,0.0,0.0
2025-12-12 00:00:00-05:00,2.2300000190734863,2.2300000190734863,2.0799999237060547,2.1500000953674316,7428300,0.0,0.0
2025-12-15 00:00:00-05:00,2.140000104904175,2.2300000190734863,2.0399999618530273,2.0399999618530273,5821600,0.0,0.0
2025-12-16 00:00:00-05:00,2.049999952316284,2.1500000953674316,2.009999990463257,2.0799999237060547,3789800,0.0,0.0
2025-12-17 00:00:00-05:00,2.0899999141693115,2.2100000381469727,2.049999952316284,2.0799999237060547,8406200,0.0,0.0
2025-12-18 00:00:00-05:00,2.0799999237060547,2.2200000286102295,2.0799999237060547,2.1600000858306885,6473900,0.0,0.0
2025-12-19 00:00:00-05:00,2.200000047683716,2.2699999809265137,2.1700000762939453,2.2100000381469727,5907400,0.0,0.0
2025-12-22 00:00:00-05:00,2.2699999809265137,2.440000057220459,2.240000009536743,2.319999933242798,8481700,0.0,0.0
2025-12-23 00:00:00-05:00,2.3499999046325684,2.390000104904175,2.2699999809265137,2.319999933242798,5911600,0.0,0.0
2025-12-24 00:00:00-05:00,2.299999952316284,2.319999933242798,2.2200000286102295,2.240000009536743,3951100,0.0,0.0
2025-12-26 00:00:00-05:00,2.259999990463257,2.2699999809265137,2.1600000858306885,2.180000066757202,3909200,0.0,0.0
2025-12-29 00:00:00-05:00,2.1500000953674316,2.200000047683716,2.009999990463257,2.009999990463257,7406600,0.0,0.0
2025-12-30 00:00:00-05:00,2.009999990463257,2.109999895095825,1.9800000190734863,2.0,6627100,0.0,0.0
2025-12-31 00:00:00-05:00,1.9700000286102295,2.009999990463257,1.940000057220459,1.9700000286102295,4459600,0.0,0.0
2026-01-02 00:00:00-05:00,2.0399999618530273,2.0399999618530273,1.8799999952316284,1.9500000476837158,8863600,0.0,0.0
2026-01-05 00:00:00-05:00,1.9800000190734863,2.119999885559082,1.9800000190734863,2.069999933242798,5756300,0.0,0.0
2026-01-06 00:00:00-05:00,2.0899999141693115,2.2100000381469727,2.069999933242798,2.200000047683716,8553900,0.0,0.0
2026-01-07 00:00:00-05:00,2.130000114440918,2.309999942779541,2.0799999237060547,2.2200000286102295,8951300,0.0,0.0
2026-01-08 00:00:00-05:00,2.190000057220459,2.190000057220459,2.0899999141693115,2.130000114440918,7647500,0.0,0.0
2026-01-09 00:00:00-05:00,2.1600000858306885,2.25,2.0999999046325684,2.200000047683716,6890200,0.0,0.0
2026-01-12 00:00:00-05:00,2.200000047683716,2.2200000286102295,2.059999942779541,2.069999933242798,9384700,0.0,0.0
2026-01-13 00:00:00-05:00,2.109999895095825,2.1600000858306885,2.0,2.130000114440918,11639600,0.0,0.0
2026-01-14 00:00:00-05:00,2.109999895095825,2.1500000953674316,2.059999942779541,2.119999885559082,8366300,0.0,0.0
2026-01-15 00:00:00-05:00,2.109999895095825,2.140000104904175,2.0199999809265137,2.0199999809265137,8336100,0.0,0.0
2026-01-16 00:00:00-05:00,2.059999942779541,2.0799999237060547,1.899999976158142,1.909999966621399,11555000,0.0,0.0
2026-01-20 00:00:00-05:00,1.8899999856948853,2.0899999141693115,1.8899999856948853,2.059999942779541,9920800,0.0,0.0
2026-01-21 00:00:00-05:00,2.0799999237060547,2.1500000953674316,1.9600000381469727,2.0399999618530273,9615900,0.0,0.0
2026-01-22 00:00:00-05:00,2.059999942779541,2.2300000190734863,2.049999952316284,2.1500000953674316,11168600,0.0,0.0
2026-01-23 00:00:00-05:00,2.1500000953674316,2.200000047683716,2.109999895095825,2.130000114440918,6952800,0.0,0.0
2026-01-26 00:00:00-05:00,2.369999885559082,2.6600000858306885,2.319999933242798,2.4000000953674316,46986100,0.0,0.0
2026-01-27 00:00:00-05:00,2.4200000762939453,2.5199999809265137,2.2200000286102295,2.509999990463257,16198900,0.0,0.0
2026-01-28 00:00:00-05:00,2.549999952316284,2.609999895095825,2.369999885559082,2.4600000381469727,17248900,0.0,0.0
2026-01-29 00:00:00-05:00,2.5299999713897705,2.559999942779541,2.180000066757202,2.259999990463257,21382500,0.0,0.0
2026-01-30 00:00:00-05:00,2.130000114440918,2.2200000286102295,1.9800000190734863,2.0399999618530273,14183700,0.0,0.0
2026-02-02 00:00:00-05:00,2.009999990463257,2.140000104904175,1.9800000190734863,2.009999990463257,8442500,0.0,0.0
2026-02-03 00:00:00-05:00,2.1500000953674316,2.2899999618530273,2.0899999141693115,2.25,11602600,0.0,0.0
2026-02-04 00:00:00-05:00,2.240000009536743,2.259999990463257,1.9600000381469727,2.059999942779541,10131000,0.0,0.0
2026-02-05 00:00:00-05:00,1.9800000190734863,2.009999990463257,1.809999942779541,1.840000033378601,10155000,0.0,0.0
2026-02-06 00:00:00-05:00,1.909999966621399,1.9900000095367432,1.8700000047683716,1.9500000476837158,8510100,0.0,0.0
2026-02-09 00:00:00-05:00,1.9900000095367432,2.130000114440918,1.940000057220459,2.0899999141693115,7287400,0.0,0.0
2026-02-10 00:00:00-05:00,2.069999933242798,2.0899999141693115,2.0,2.059999942779541,6023700,0.0,0.0
2026-02-11 00:00:00-05:00,2.0899999141693115,2.2300000190734863,2.049999952316284,2.200000047683716,10781800,0.0,0.0
2026-02-12 00:00:00-05:00,2.1600000858306885,2.3399999141693115,2.0799999237060547,2.2300000190734863,17760600,0.0,0.0
2026-02-13 00:00:00-05:00,2.240000009536743,2.259999990463257,2.1500000953674316,2.1600000858306885,7140200,0.0,0.0
2026-02-17 00:00:00-05:00,2.0299999713897705,2.0999999046325684,1.899999976158142,2.0299999713897705,8706000,0.0,0.0
2026-02-18 00:00:00-05:00,1.1200000047683716,1.3700000047683716,1.100000023841858,1.2300000190734863,56561700,0.0,0.0
2026-02-19 00:00:00-05:00,1.2699999809265137,1.3799999952316284,1.2400000095367432,1.3200000524520874,15572600,0.0,0.0
2026-02-20 00:00:00-05:00,1.2999999523162842,1.309999942779541,1.2400000095367432,1.309999942779541,20678500,0.0,0.0
2026-02-23 00:00:00-05:00,1.2699999809265137,1.3899999856948853,1.2599999904632568,1.3799999952316284,15696500,0.0,0.0
2026-02-24 00:00:00-05:00,1.350000023841858,1.5399999618530273,1.350000023841858,1.5199999809265137,13801100,0.0,0.0
2026-02-25 00:00:00-05:00,1.5499999523162842,1.590000033378601,1.4700000286102295,1.4800000190734863,9777200,0.0,0.0
2026-02-26 00:00:00-05:00,1.4500000476837158,1.5199999809265137,1.4299999475479126,1.5,6321000,0.0,0.0
2026-02-27 00:00:00-05:00,1.5,1.5800000429153442,1.4800000190734863,1.5499999523162842,8165400,0.0,0.0
2026-03-02 00:00:00-05:00,1.5499999523162842,1.5499999523162842,1.4199999570846558,1.4800000190734863,10619900,0.0,0.0
2026-03-03 00:00:00-05:00,1.4199999570846558,1.4199999570846558,1.309999942779541,1.3700000047683716,6807800,0.0,0.0
2026-03-04 00:00:00-05:00,1.3600000143051147,1.3899999856948853,1.340000033378601,1.3600000143051147,3772100,0.0,0.0
2026-03-05 00:00:00-05:00,1.350000023841858,1.3799999952316284,1.2899999618530273,1.3200000524520874,6873600,0.0,0.0
2026-03-06 00:00:00-05:00,1.2999999523162842,1.350000023841858,1.2899999618530273,1.2999999523162842,5781500,0.0,0.0
2026-03-09 00:00:00-04:00,1.25,1.350000023841858,1.25,1.350000023841858,4894000,0.0,0.0
2026-03-10 00:00:00-04:00,1.3600000143051147,1.4299999475479126,1.340000033378601,1.4199999570846558,5703900,0.0,0.0
2026-03-11 00:00:00-04:00,1.409999966621399,1.4299999475479126,1.350000023841858,1.350000023841858,5825000,0.0,0.0
2026-03-12 00:00:00-04:00,1.3200000524520874,1.3700000047683716,1.2899999618530273,1.3300000429153442,6839300,0.0,0.0
2026-03-13 00:00:00-04:00,1.3200000524520874,1.3600000143051147,1.2999999523162842,1.309999942779541,6068300,0.0,0.0
2026-03-16 00:00:00-04:00,1.350000023841858,1.399999976158142,1.309999942779541,1.350000023841858,6123900,0.0,0.0
2026-03-17 00:00:00-04:00,1.340000033378601,1.3600000143051147,1.2899999618530273,1.2899999618530273,7994400,0.0,0.0
2026-03-18 00:00:00-04:00,1.2899999618530273,1.2999999523162842,1.25,1.2899999618530273,7306400,0.0,0.0
2026-03-19 00:00:00-04:00,1.25,1.2699999809265137,1.190000057220459,1.2699999809265137,10928300,0.0,0.0
2026-03-20 00:00:00-04:00,1.2599999904632568,1.2799999713897705,1.090000033378601,1.1399999856948853,11464900,0.0,0.0
2026-03-23 00:00:00-04:00,1.1299999952316284,1.1799999475479126,1.0800000429153442,1.1299999952316284,7013000,0.0,0.0
2026-03-24 00:00:00-04:00,1.1299999952316284,1.2799999713897705,1.1200000047683716,1.2699999809265137,11821300,0.0,0.0
2026-03-25 00:00:00-04:00,1.3200000524520874,1.3700000047683716,1.2999999523162842,1.3300000429153442,7369800,0.0,0.0
2026-03-26 00:00:00-04:00,1.309999942779541,1.340000033378601,1.2200000286102295,1.2400000095367432,5772500,0.0,0.0
2026-03-27 00:00:00-04:00,1.2599999904632568,1.309999942779541,1.2300000190734863,1.2799999713897705,4583400,0.0,0.0
2026-03-30 00:00:00-04:00,1.3300000429153442,1.350000023841858,1.2400000095367432,1.2699999809265137,7132300,0.0,0.0
2026-03-31 00:00:00-04:00,1.2899999618530273,1.399999976158142,1.2899999618530273,1.399999976158142,6877700,0.0,0.0
2026-04-01 00:00:00-04:00,1.4500000476837158,1.5199999809265137,1.4199999570846558,1.4800000190734863,7162100,0.0,0.0
2026-04-02 00:00:00-04:00,1.4199999570846558,1.5299999713897705,1.3899999856948853,1.4900000095367432,5817300,0.0,0.0
2026-04-06 00:00:00-04:00,1.5700000524520874,1.6799999475479126,1.5499999523162842,1.6200000047683716,13792400,0.0,0.0
2026-04-07 00:00:00-04:00,1.649999976158142,1.6799999475479126,1.5,1.5099999904632568,9378000,0.0,0.0
2026-04-08 00:00:00-04:00,1.5800000429153442,1.6699999570846558,1.5700000524520874,1.6399999856948853,9181600,0.0,0.0
2026-04-09 00:00:00-04:00,1.649999976158142,1.7699999809265137,1.6399999856948853,1.7200000286102295,8372900,0.0,0.0
2026-04-10 00:00:00-04:00,1.8300000429153442,1.850000023841858,1.7400000095367432,1.7599999904632568,9057800,0.0,0.0
2026-04-13 00:00:00-04:00,1.7699999809265137,1.9800000190734863,1.7300000190734863,1.9199999570846558,16461000,0.0,0.0
2026-04-14 00:00:00-04:00,1.9299999475479126,1.9500000476837158,1.8600000143051147,1.899999976158142,12080500,0.0,0.0
2026-04-15 00:00:00-04:00,1.9299999475479126,1.9800000190734863,1.8799999952316284,1.909999966621399,12350600,0.0,0.0
2026-04-16 00:00:00-04:00,1.909999966621399,2.0299999713897705,1.909999966621399,2.0,14803700,0.0,0.0
2026-04-17 00:00:00-04:00,1.9800000190734863,2.180000066757202,1.9600000381469727,2.109999895095825,13031700,0.0,0.0
2026-04-20 00:00:00-04:00,2.0799999237060547,2.2200000286102295,2.0399999618530273,2.119999885559082,12759500,0.0,0.0
2026-04-21 00:00:00-04:00,2.140000104904175,2.1600000858306885,1.9500000476837158,1.9500000476837158,11444300,0.0,0.0
2026-04-22 00:00:00-04:00,2.0,2.049999952316284,1.9600000381469727,2.0399999618530273,8054100,0.0,0.0
2026-04-23 00:00:00-04:00,2.0,2.069999933242798,1.940000057220459,2.0199999809265137,11196400,0.0,0.0
2026-04-24 00:00:00-04:00,2.0399999618530273,2.049999952316284,1.9600000381469727,1.9700000286102295,4951700,0.0,0.0
2026-04-27 00:00:00-04:00,1.9700000286102295,2.049999952316284,1.9500000476837158,2.049999952316284,4873100,0.0,0.0
2026-04-28 00:00:00-04:00,2.0,2.0299999713897705,1.9299999475479126,1.9900000095367432,6915000,0.0,0.0
2026-04-29 00:00:00-04:00,1.9900000095367432,2.009999990463257,1.9500000476837158,1.9700000286102295,4652000,0.0,0.0
2026-04-30 00:00:00-04:00,1.9900000095367432,2.130000114440918,1.9900000095367432,2.0999999046325684,7950900,0.0,0.0
2026-05-01 00:00:00-04:00,2.0199999809265137,2.0799999237060547,2.009999990463257,2.049999952316284,4364400,0.0,0.0
2026-05-04 00:00:00-04:00,2.049999952316284,2.1700000762939453,1.9900000095367432,2.069999933242798,10434200,0.0,0.0
2026-05-05 00:00:00-04:00,2.0899999141693115,2.140000104904175,2.0399999618530273,2.0899999141693115,5062400,0.0,0.0
2026-05-06 00:00:00-04:00,2.130000114440918,2.2200000286102295,2.0999999046325684,2.1500000953674316,9111900,0.0,0.0
2026-05-07 00:00:00-04:00,2.180000066757202,2.2200000286102295,2.049999952316284,2.059999942779541,6291400,0.0,0.0
2026-05-08 00:00:00-04:00,2.0999999046325684,2.1500000953674316,2.069999933242798,2.1500000953674316,5154400,0.0,0.0
2026-05-11 00:00:00-04:00,2.1500000953674316,2.2699999809265137,2.1500000953674316,2.180000066757202,9203400,0.0,0.0
2026-05-12 00:00:00-04:00,2.200000047683716,2.2100000381469727,2.0299999713897705,2.180000066757202,8436500,0.0,0.0
2026-05-13 00:00:00-04:00,2.2100000381469727,2.309999942779541,2.119999885559082,2.25,7792300,0.0,0.0
2026-05-14 00:00:00-04:00,2.25,2.259999990463257,2.109999895095825,2.180000066757202,5447700,0.0,0.0
2026-05-15 00:00:00-04:00,2.109999895095825,2.119999885559082,2.0299999713897705,2.0399999618530273,7239200,0.0,0.0
2026-05-18 00:00:00-04:00,2.0799999237060547,2.0999999046325684,1.909999966621399,1.9500000476837158,5694800,0.0,0.0
2026-05-19 00:00:00-04:00,1.9500000476837158,1.9600000381469727,1.850000023841858,1.8700000047683716,6421700,0.0,0.0
2026-05-20 00:00:00-04:00,1.899999976158142,2.0,1.840000033378601,1.9800000190734863,5923900,0.0,0.0
2026-05-21 00:00:00-04:00,2.0,2.180000066757202,1.9600000381469727,2.140000104904175,8979000,0.0,0.0
2026-05-22 00:00:00-04:00,2.180000066757202,2.180000066757202,2.059999942779541,2.069999933242798,6363900,0.0,0.0
2026-05-26 00:00:00-04:00,2.0999999046325684,2.2200000286102295,2.0899999141693115,2.180000066757202,7394900,0.0,0.0
2026-05-27 00:00:00-04:00,2.1500000953674316,2.2200000286102295,2.109999895095825,2.1700000762939453,4913400,0.0,0.0
2026-05-28 00:00:00-04:00,2.1500000953674316,2.2200000286102295,2.109999895095825,2.190000057220459,5379100,0.0,0.0
2026-05-29 00:00:00-04:00,2.190000057220459,2.3499999046325684,2.140000104904175,2.3499999046325684,8781900,0.0,0.0
2026-06-01 00:00:00-04:00,2.3299999237060547,2.430000066757202,2.2799999713897705,2.2899999618530273,11441400,0.0,0.0
2026-06-02 00:00:00-04:00,2.309999942779541,2.4000000953674316,2.2899999618530273,2.380000114440918,7835500,0.0,0.0
2026-06-03 00:00:00-04:00,2.359999895095825,2.369999885559082,2.2100000381469727,2.25,6588100,0.0,0.0
2026-06-04 00:00:00-04:00,2.25,2.359999895095825,2.190000057220459,2.2300000190734863,6756500,0.0,0.0
2026-06-05 00:00:00-04:00,2.2300000190734863,2.240000009536743,1.8899999856948853,1.909999966621399,11685200,0.0,0.0
2026-06-08 00:00:00-04:00,2.049999952316284,2.0899999141693115,1.9500000476837158,1.9700000286102295,7538500,0.0,0.0
2026-06-09 00:00:00-04:00,2.009999990463257,2.059999942779541,1.8600000143051147,1.940000057220459,5072100,0.0,0.0
2026-06-10 00:00:00-04:00,1.899999976158142,1.9500000476837158,1.850000023841858,1.850000023841858,6192200,0.0,0.0
2026-06-11 00:00:00-04:00,1.8600000143051147,1.9800000190734863,1.840000033378601,1.9500000476837158,6091100,0.0,0.0
2026-06-12 00:00:00-04:00,1.9600000381469727,2.0899999141693115,1.940000057220459,2.0399999618530273,4173800,0.0,0.0
